 SPECTRUM OF (Z= 37 A= 97) IN PARTICLE-ROTOR MODEL WITH WOODS-SAXON POTENTIAL


 PARITY=+   BETA= 0.310   GAMMA=  0.0   BETA4=0.050   LEVELS:   8   9  10  11  12  13  14  15  16  17  18  19  20  21  22

 PAIRING FACTORS: GN0= 17.90  GN1=  7.40  IPAIR= 15 ***  E2PLUS(INPUT)=   0.100  E2PLUR(INPUT)=   0.000

 CORIOLIS ATTENUATION PARAMETERS:  CHSI=0.100  ETA=  1.00

   ********  CORE INERTIAS CORRESPOND TO GAMMA=  -0.1  ********

 MOMENT OF INERTIA PARAMETERS:   A1=  0.017 MEV   A2=  0.017 MEV   A3=  1.25259 MEV


 DELTA=0.948 MEV  LAMBDA= -11.1562 MEV   HW0= 8.2180 MEV   LAMBDA/HW0=-1.3575

 E2ENERGY=0.100 MEV  HBAR**2/B=  416./A**(7/3)=  90.6/A**2 MEV

 (FOR CORE NUCLEUS DELTA=1.029 MEV  LAMBDA= -11.4935 MEV   HW0= 8.2080 MEV   LAMBDA/HW0=-1.4003)

 IREC=0  =>  RECOIL TERMS j+j-, j+j+, jzjz, ETC TREATED AS ONE-BODY OPERATORS WITH UU+VV PAIRING FACTORS



 S. P. LEVEL   EQP       U     V        (UU + VV)**1.00

      8       1.601    0.312 0.950      1.000 0.920 0.559 0.464 0.436 0.400 0.394 0.390 0.372 0.364 0.364 0.359 0.353 0.351 0.312
      9       0.956    0.659 0.752      0.920 1.000 0.839 0.774 0.754 0.727 0.723 0.720 0.706 0.700 0.700 0.696 0.691 0.690 0.659
     10       1.808    0.962 0.272      0.559 0.839 1.000 0.994 0.990 0.984 0.982 0.982 0.978 0.976 0.976 0.975 0.973 0.973 0.962
     11       2.907    0.986 0.165      0.464 0.774 0.994 1.000 0.999 0.997 0.997 0.997 0.995 0.994 0.994 0.993 0.993 0.992 0.986
     12       3.580    0.991 0.134      0.436 0.754 0.990 0.999 1.000 0.999 0.999 0.999 0.998 0.997 0.997 0.996 0.996 0.996 0.991
     13       5.051    0.996 0.094      0.400 0.727 0.984 0.997 0.999 1.000 1.000 1.000 1.000 0.999 0.999 0.999 0.999 0.999 0.996
     14       5.390    0.996 0.088      0.394 0.723 0.982 0.997 0.999 1.000 1.000 1.000 1.000 0.999 0.999 0.999 0.999 0.999 0.996
     15       5.680    0.996 0.084      0.390 0.720 0.982 0.997 0.999 1.000 1.000 1.000 1.000 1.000 1.000 0.999 0.999 0.999 0.996
     16       7.336    0.998 0.065      0.372 0.706 0.978 0.995 0.998 1.000 1.000 1.000 1.000 1.000 1.000 1.000 1.000 1.000 0.998
     17       8.533    0.998 0.056      0.364 0.700 0.976 0.994 0.997 0.999 0.999 1.000 1.000 1.000 1.000 1.000 1.000 1.000 0.998
     18       8.569    0.998 0.055      0.364 0.700 0.976 0.994 0.997 0.999 0.999 1.000 1.000 1.000 1.000 1.000 1.000 1.000 0.998
     19       9.480    0.999 0.050      0.359 0.696 0.975 0.993 0.996 0.999 0.999 0.999 1.000 1.000 1.000 1.000 1.000 1.000 0.999
     20      10.832    0.999 0.044      0.353 0.691 0.973 0.993 0.996 0.999 0.999 0.999 1.000 1.000 1.000 1.000 1.000 1.000 0.999
     21      11.476    0.999 0.041      0.351 0.690 0.973 0.992 0.996 0.999 0.999 0.999 1.000 1.000 1.000 1.000 1.000 1.000 0.999
     22       2.451    1.000 0.000      0.312 0.659 0.962 0.986 0.991 0.996 0.996 0.996 0.998 0.998 0.998 0.999 0.999 0.999 1.000

          AXIAL SYMMETRY => K RESTRICTED TO OMEGA

                     K
     S.P. ORB#:  8  0.50
     S.P. ORB#:  9 -1.50
     S.P. ORB#: 10  2.50
     S.P. ORB#: 11  0.50
     S.P. ORB#: 12 -3.50
     S.P. ORB#: 13  0.50
     S.P. ORB#: 14  4.50
     S.P. ORB#: 15 -1.50
     S.P. ORB#: 16 -1.50
     S.P. ORB#: 17  0.50
     S.P. ORB#: 18  2.50
     S.P. ORB#: 19  2.50
     S.P. ORB#: 20  0.50
     S.P. ORB#: 21 -1.50
     S.P. ORB#: 22 -3.50
 

             ENERGY    K= OMEGA
 
 I=  1/2+ (1)  1.857   8: 1.000
 
 I=  1/2+ (2)  3.112  11:-1.000

             ENERGY    K= OMEGA
 
 I=  3/2+ (1)  1.316   9:-1.000
 
 I=  3/2+ (2)  2.108   8: 1.000

             ENERGY    K= OMEGA
 
 I=  5/2+ (1)  1.399   9:-0.999
 
 I=  5/2+ (2)  1.858   8: 0.999

             ENERGY    K= OMEGA
 
 I=  7/2+ (1)  1.516   9:-0.999
 
 I=  7/2+ (2)  2.271  10:-1.000
 
 I=  7/2+ (3)  2.442   8: 1.000

             ENERGY    K= OMEGA
 
 I=  9/2+ (1)  1.663   8:-0.096
                       9:-0.995
 
 I=  9/2+ (2)  1.994   8: 0.995
                       9:-0.096
 
 I=  9/2+ (3)  2.421  10: 0.999

             ENERGY    K= OMEGA
 
 I= 11/2+ (1)  1.848   9:-0.998
 
 I= 11/2+ (2)  2.605  10: 0.999
 
 I= 11/2+ (3)  2.908  22:-1.000

             ENERGY    K= OMEGA
 
 I= 13/2+ (1)  2.056   8:-0.216
                       9:-0.975
                      10:-0.051
 
 I= 13/2+ (2)  2.268   8: 0.976
                       9:-0.216
 
 I= 13/2+ (3)  2.823   9:-0.053
                      10: 0.998

             ENERGY    K= OMEGA
 
 I= 15/2+ (1)  2.313   9:-0.997
                      10: 0.061
 
 I= 15/2+ (2)  3.073   9: 0.061
                      10: 0.998
 
 I= 15/2+ (3)  3.375  22: 1.000

             ENERGY    K= OMEGA
 
 I= 17/2+ (1)  2.564   8:-0.519
                       9:-0.853
                      10:-0.056
 
 I= 17/2+ (2)  2.694   8: 0.855
                       9:-0.517
 
 I= 17/2+ (3)  3.358   9:-0.069
                      10: 0.997

             ENERGY    K= OMEGA
 
 I= 19/2+ (1)  2.912   9:-0.996
                      10: 0.077
 
 I= 19/2+ (2)  3.675   9: 0.076
                      10: 0.996
 
 I= 19/2+ (3)  3.976  22:-1.000

             ENERGY     K=-7/2
  30 LEVELS    TIME=  0.0000 SEC



 ******************* EXCITATION ENERGIES, DOMINANT CONFIGURATION AND EXPECTATION VALUES (WITH S.P. UU+VV FACTORS) *******************

  NR  Eex(keV)  I   Kdom  NY    <Jz>  <Jx**2> <Jy**2> <Jz**2> <I.j>/|I|  <Rx**2> <Ry**2> <Rz**2> <R.j>/|R|  <HROTx> <HROTy> <HROTz>

   1    0.0   3/2+  -3/2   9   -1.50   10.03   10.03    2.25    1.21      10.68   10.68    0.00   -4.32      0.180   0.180   0.000
   2   82.7   5/2+  -3/2   9   -1.50   10.03   10.03    2.25    0.96      12.68   12.68    0.00   -3.86      0.220   0.221   0.000
   3  199.3   7/2+  -3/2   9   -1.50   10.03   10.03    2.25    0.76      16.03   16.03    0.00   -3.41      0.279   0.280   0.000
   4  346.8   9/2+  -3/2   9   -1.48   10.03   10.03    2.24    0.96      18.76   18.76    0.00   -2.86      0.349   0.351   0.000
   5  531.7  11/2+  -3/2   9   -1.49   10.03   10.03    2.26    0.67      25.03   25.03    0.00   -2.59      0.444   0.446   0.000
    
   6  540.9   1/2+   1/2   8    0.50    9.42    9.42    0.25    2.59       7.67    7.67   -0.00   -4.30      0.128   0.128  -0.000
   7  541.6   5/2+   1/2   8    0.50    9.42    9.42    0.25    1.96       8.12    8.12   -0.00   -3.30      0.129   0.129  -0.000
   8  677.6   9/2+   1/2   8    0.48    9.43    9.43    0.27    1.68      13.57   13.57   -0.00   -2.07      0.199   0.200  -0.000
   9  739.6  13/2+  -3/2   9   -1.40   10.01   10.01    2.17    1.40      25.72   25.72    0.00   -1.73      0.533   0.535   0.000
  10  791.4   3/2+   1/2   8    0.50    9.40    9.40    0.25   -1.98      15.23   15.23   -0.00   -4.15      0.253   0.254  -0.000
    
  11  837.5   5/2+   5/2  10    2.50    9.09    9.09    6.25    2.07      10.47   10.47    0.00   -4.00      0.173   0.173   0.000
  12  951.7  13/2+   1/2   8    0.41    9.46    9.46    0.34    1.16      25.89   25.89   -0.00   -1.55      0.348   0.349  -0.000
  13  954.5   7/2+   5/2  10    2.50    9.09    9.09    6.25    1.52      14.05   14.05    0.00   -3.47      0.231   0.232   0.000
  14  997.1  15/2+  -3/2   9   -1.48   10.03   10.03    2.26    0.66      37.74   37.74    0.00   -1.96      0.675   0.678   0.000
  15 1105.0   9/2+   5/2  10    2.49    9.09    9.09    6.25    1.19      18.67   18.67    0.00   -3.03      0.306   0.307   0.000
    
  16 1125.9   7/2+   1/2   8    0.50    9.39    9.39    0.25   -2.04      25.50   25.50   -0.00   -3.80      0.420   0.422  -0.000
  17 1247.3  17/2+  -3/2   9   -0.95    9.88    9.88    1.72    2.62      27.59   27.59    0.00    0.27      0.714   0.717   0.000
  18 1288.9  11/2+   5/2  10    2.49    9.09    9.09    6.24    0.97      24.28   24.28    0.00   -2.67      0.398   0.400   0.000
  19 1377.7  17/2+   1/2   8   -0.03    9.58    9.58    0.79   -0.08      51.06   51.06    0.00   -2.05      0.631   0.634   0.000
  20 1506.3  13/2+   5/2  10    2.48    9.09    9.09    6.24    0.81      30.95   30.95    0.00   -2.39      0.507   0.509   0.000
    
  21 1591.5  11/2+  -7/2  22   -3.50    1.94    1.94   12.25    2.06      13.64   13.64    0.00   -0.73      0.228   0.229   0.000
  22 1595.7  19/2+  -3/2   9   -1.47   10.03   10.03    2.27    0.69      54.19   54.19    0.00   -1.49      0.973   0.977   0.000
  23 1757.1  15/2+   5/2  10    2.48    9.09    9.09    6.24    0.69      38.59   38.59    0.00   -2.15      0.632   0.635   0.000
  24 1796.2   1/2+   1/2  11    0.50    5.64    5.64    0.25   -0.01       6.15    6.15    0.00   -3.29      0.103   0.103   0.000
  25 1819.3   3/2+   1/2  11    0.50    5.66    5.66    0.25    0.42       6.84    6.84    0.00   -2.91      0.114   0.115   0.000
    
  26 2041.4  17/2+   5/2  10    2.47    9.09    9.09    6.24    0.58      47.34   47.34    0.00   -1.97      0.774   0.777   0.000
  27 2059.0  15/2+  -7/2  22   -3.50    1.94    1.94   12.25    1.55      27.59   27.59    0.00   -0.51      0.461   0.463   0.000
  28 2359.0  19/2+   5/2  10    2.47    9.09    9.09    6.24    0.51      56.98   56.98    0.00   -1.81      0.933   0.937   0.000
  29 2660.2  19/2+  -7/2  22   -3.50    1.94    1.94   12.25    1.24      45.52   45.52    0.00   -0.39      0.761   0.764   0.000
  30 3954.6   1/2+   1/2  13    0.50    6.41    6.41    0.25    0.38       6.57    6.57    0.00   -3.51      0.110   0.110   0.000
    
