1SPECTRUM OF (Z= 82 A=207) IN PARTICLE-ROTOR  MODEL WITH MODIFIED OSCILLATOR POTENTIAL


 PARITY=-   EPS= 0.243   GAMMA=  0.0   EPS4=0.000   EPS6=0.000   LEVELS:  24  25  26  27  28  29  30  31  32  33  34  35  36  37  38

 PAIRING FACTORS: GN0= 19.20  GN1=  7.40  IPAIR= 15 ***  E2PLUS(INPUT)=   0.730  E2PLUR(INPUT)=   0.000

 CORIOLIS ATTENUATION PARAMETERS:  CHSI=1.000  ETA=  1.00

 MOMENT OF INERTIA PARAMETERS:   A1=  0.122 MEV   A2=  0.122 MEV   A3=121.91924 MEV


 DELTA=0.937 MEV  LAMBDA=53.4273 MEV   HW0= 7.4629 MEV   LAMBDA/HW0= 7.1591

 E2ENERGY=0.730 MEV  HBAR**2/B=10949./A**(7/3)=1850.9/A**2 MEV

 IREC=0  =>  RECOIL TERMS j+j-, j+j+, jzjz, ETC TREATED AS ONE-BODY OPERATORS WITH UU+VV PAIRING FACTORS



 S. P. LEVEL   EQP       U     V        (UU + VV)**1.00

     24       5.166    0.091 0.996      1.000 1.000 1.000 0.999 0.989 0.986 0.981 0.973 0.677 0.525 0.487 0.421 0.363 0.321 0.265
     25       4.137    0.114 0.993      1.000 1.000 1.000 1.000 0.992 0.990 0.986 0.978 0.693 0.545 0.507 0.442 0.384 0.342 0.287
     26       3.926    0.120 0.993      1.000 1.000 1.000 1.000 0.993 0.991 0.987 0.979 0.698 0.550 0.512 0.447 0.390 0.348 0.293
     27       3.382    0.140 0.990      0.999 1.000 1.000 1.000 0.995 0.993 0.990 0.983 0.712 0.567 0.529 0.465 0.408 0.367 0.312
     28       2.051    0.235 0.972      0.989 0.992 0.993 0.995 1.000 1.000 0.999 0.996 0.777 0.644 0.609 0.549 0.495 0.455 0.403
     29       1.902    0.255 0.967      0.986 0.990 0.991 0.993 1.000 1.000 1.000 0.998 0.789 0.659 0.625 0.566 0.512 0.473 0.421
     30       1.740    0.281 0.960      0.981 0.986 0.987 0.990 0.999 1.000 1.000 0.999 0.805 0.679 0.645 0.587 0.535 0.497 0.445
     31       1.553    0.318 0.948      0.973 0.978 0.979 0.983 0.996 0.998 0.999 1.000 0.828 0.707 0.675 0.619 0.568 0.530 0.480
     32       0.972    0.795 0.607      0.677 0.693 0.698 0.712 0.777 0.789 0.805 0.828 1.000 0.982 0.973 0.953 0.932 0.914 0.889
     33       1.175    0.895 0.446      0.525 0.545 0.550 0.567 0.644 0.659 0.679 0.707 0.982 1.000 0.999 0.993 0.984 0.974 0.960
     34       1.266    0.914 0.405      0.487 0.507 0.512 0.529 0.609 0.625 0.645 0.675 0.973 0.999 1.000 0.997 0.991 0.984 0.971
     35       1.479    0.942 0.337      0.421 0.442 0.447 0.465 0.549 0.566 0.587 0.619 0.953 0.993 0.997 1.000 0.998 0.994 0.986
     36       1.763    0.961 0.277      0.363 0.384 0.390 0.408 0.495 0.512 0.535 0.568 0.932 0.984 0.991 0.998 1.000 0.999 0.995
     37       2.069    0.972 0.233      0.321 0.342 0.348 0.367 0.455 0.473 0.497 0.530 0.914 0.974 0.984 0.994 0.999 1.000 0.998
     38       2.704    0.984 0.176      0.265 0.287 0.293 0.312 0.403 0.421 0.445 0.480 0.889 0.960 0.971 0.986 0.995 0.998 1.000

  R CORE   ENERGY   A0R/A00=1.000    R3= 0     2  
   2( 1)    0.732                    1.000 0.000
   2( 2)  487.921                    0.000 1.000

  R CORE   ENERGY   A0R/A00=1.000    R3= 0     2  
   3( 1)  488.652                    0.000 1.000

  R CORE   ENERGY   A0R/A00=1.000    R3= 0     2     4  
   4( 1)    2.438                    1.000 0.000 0.000

  R CORE   ENERGY   A0R/A00=1.000    R3= 0     2     4  
   5( 1)  490.847                    0.000 1.000 0.000

  R CORE   ENERGY   A0R/A00=1.000    R3= 0     2     4     6  
   6( 1)    5.121                    1.000 0.000 0.000 0.000

  R CORE   ENERGY   A0R/A00=1.000    R3= 0     2     4     6  
   7( 1)  494.017                    0.000 1.000 0.000 0.000

          AXIAL SYMMETRY => K RESTRICTED TO OMEGA

                     K
     S.P. ORB#: 24  2.50
     S.P. ORB#: 25  0.50
     S.P. ORB#: 26  2.50
     S.P. ORB#: 27 -3.50
     S.P. ORB#: 28 -3.50
     S.P. ORB#: 29  0.50
     S.P. ORB#: 30 -1.50
     S.P. ORB#: 31  4.50
     S.P. ORB#: 32  0.50
     S.P. ORB#: 33 -1.50
     S.P. ORB#: 34 -1.50
     S.P. ORB#: 35  2.50
     S.P. ORB#: 36  2.50
     S.P. ORB#: 37  0.50
     S.P. ORB#: 38 -3.50
 

             ENERGY    K= OMEGA
 
 I=  1/2- (1)  2.358  25:-0.054
                      37:-0.998
 
 I=  1/2- (2)  3.023  29: 0.999
 
 I=  1/2- (3)  5.489  25: 0.998
                      37:-0.056
 
 I=  1/2- (4)  8.468  32: 1.000
 
 I=  1/2- (5)147.478  33: 1.000

             ENERGY    K= OMEGA
 
 I=  3/2- (1)  1.779  25: 0.050
                      29: 0.202
                      30: 0.107
                      34: 0.970
                      37:-0.068
 
 I=  3/2- (2)  2.819  25: 0.121
                      30: 0.842
                      34:-0.143
                      37:-0.505

             ENERGY    K= OMEGA
 
 I=  5/2- (1)  1.950  25: 0.072
                      29:-0.173
                      30:-0.222
                      34: 0.481
                      35: 0.826
                      37:-0.050
 
 I=  5/2- (2)  2.443  29: 0.185
                      30:-0.227
                      34:-0.834
                      35: 0.458
                      37:-0.082
 
 I=  5/2- (3)  2.854  24: 0.054
                      25:-0.183
                      29: 0.375
                      30: 0.535
                      35: 0.271
                      37: 0.680
 
 I=  5/2- (4)  3.344  24: 0.057
                      25:-0.279
                      29: 0.275
                      30: 0.545
                      34: 0.058
                      35: 0.149
                      37:-0.721
 
 I=  5/2- (5)  4.312  24: 0.063
                      25: 0.076
                      29:-0.816
                      30: 0.494
                      34:-0.259
                      35: 0.108

             ENERGY    K= OMEGA
 
 I=  7/2- (1)  2.596  27: 0.050
                      28:-0.059
                      29:-0.215
                      30: 0.242
                      34:-0.545
                      35: 0.769
 
 I=  7/2- (2)  2.775  26:-0.233
                      27: 0.097
                      28:-0.942
                      29: 0.075
                      30: 0.072
                      34: 0.176
 
 I=  7/2- (3)  3.103  25:-0.205
                      28:-0.216
                      29:-0.365
                      30:-0.384
                      34:-0.628
                      35:-0.448
                      37: 0.186
 
 I=  7/2- (4)  3.279  32:-0.739
                      33:-0.570
                      36:-0.333
                      38:-0.131
 
 I=  7/2- (5)  4.164  24:-0.153
                      25: 0.180
                      27: 0.109
                      29:-0.148
                      30: 0.762
                      34:-0.226
                      35:-0.441
                      37:-0.290

             ENERGY    K= OMEGA
 
 I=  9/2- (1)  2.309  24: 0.066
                      26:-0.062
                      27: 0.269
                      28: 0.163
                      31:-0.943
 
 I=  9/2- (2)  3.219  24: 0.058
                      25:-0.244
                      27: 0.057
                      28:-0.083
                      29: 0.357
                      30: 0.470
                      31: 0.061
                      34:-0.422
                      35:-0.607
                      37: 0.167
 
 I=  9/2- (3)  3.652  24: 0.078
                      26: 0.314
                      27: 0.136
                      28:-0.903
                      29:-0.057
                      31:-0.136
                      34: 0.195
 
 I=  9/2- (4)  4.249  24:-0.084
                      25: 0.224
                      28:-0.166
                      29:-0.124
                      30:-0.484
                      34:-0.645
                      35:-0.204
                      37:-0.453
 
 I=  9/2- (5)  4.451  25:-0.140
                      28:-0.121
                      29: 0.427
                      34:-0.477
                      35: 0.705
                      37: 0.237

             ENERGY    K= OMEGA
 
 I= 11/2- (1)  2.302  32:-0.696
                      33:-0.575
                      36:-0.387
                      38:-0.188
 
 I= 11/2- (2)  3.242  24: 0.113
                      26:-0.100
                      27:-0.372
                      28:-0.212
                      31:-0.888
                      35:-0.054
 
 I= 11/2- (3)  4.538  24:-0.067
                      27: 0.078
                      28:-0.174
                      29:-0.267
                      30: 0.363
                      31:-0.076
                      34:-0.511
                      35: 0.699
 
 I= 11/2- (4)  4.700  24:-0.121
                      25: 0.131
                      26:-0.339
                      27: 0.165
                      28:-0.774
                      29: 0.223
                      30: 0.168
                      31: 0.139
                      34: 0.347
                      37:-0.091
 
 I= 11/2- (5)  5.108  25:-0.310
                      26:-0.129
                      28:-0.412
                      29:-0.422
                      30:-0.447
                      31: 0.139
                      34:-0.413
                      35:-0.316
                      37: 0.218

             ENERGY    K= OMEGA
 
 I= 13/2- (1)  4.362  24: 0.161
                      25:-0.053
                      26:-0.127
                      27: 0.440
                      28: 0.230
                      29: 0.058
                      30: 0.106
                      31:-0.826
                      34:-0.055
                      35:-0.091
 
 I= 13/2- (2)  4.594  32:-0.236
                      33: 0.590
                      36:-0.650
                      38: 0.416
 
 I= 13/2- (3)  5.198  24:-0.079
                      25: 0.360
                      28: 0.129
                      29:-0.429
                      30:-0.545
                      31:-0.174
                      34: 0.318
                      35: 0.436
                      37:-0.207
 
 I= 13/2- (4)  6.064  24: 0.136
                      26: 0.396
                      27: 0.201
                      28:-0.828
                      29:-0.096
                      31:-0.177
                      34: 0.236
 
 I= 13/2- (5)  6.855  24:-0.069
                      25: 0.238
                      28:-0.169
                      29:-0.134
                      30:-0.331
                      34:-0.597
                      35:-0.487
                      37:-0.433

             ENERGY     K=-7/2
  32 LEVELS    TIME=  0.0 SEC



 ******************* EXCITATION ENERGIES, DOMINANT CONFIGURATION AND EXPECTATION VALUES (WITH S.P. UU+VV FACTORS) *******************

  NR  Eex(keV)  I   Kdom  NY    <Jz>  <Jx**2> <Jy**2> <Jz**2> <I.j>/|I|  <Rx**2> <Ry**2> <Rz**2> <R.j>/|R|  <HROTx> <HROTy> <HROTz>

   1    0.0   3/2-  -3/2  34   -1.40    1.68    1.68    2.15    1.40       1.93    1.93    0.00   -1.43      0.235   0.235   0.000
   2  171.4   5/2-   5/2  35    1.30    2.02    2.02    4.90    2.33       1.97    1.97   -0.00   -1.04      0.240   0.240  -0.000
   3  523.3  11/2-   1/2  32   -0.00   26.72   26.72    2.23    6.90       4.45    4.45   -0.00   -4.83      0.542   0.542  -0.000
   4  530.5   9/2-   9/2  31    3.68    2.71    2.71   19.29    4.49       2.40    2.40    0.00   -1.09      0.292   0.292   0.000
   5  579.3   1/2-   1/2  37    0.50    1.37    1.37    0.25    0.82       1.16    1.16    0.00   -1.50      0.142   0.142   0.000
  
   6  664.3   5/2-  -3/2  34   -0.57    1.68    1.68    3.01    1.07       4.41    4.41    0.00   -1.09      0.538   0.538   0.000
   7  816.8   7/2-   5/2  35    0.95    2.10    2.10    4.58    1.91       4.67    4.67   -0.00   -0.39      0.569   0.569  -0.000
   8  996.0   7/2-  -7/2  28   -3.04    2.28    2.28   11.43    3.35       2.57    2.57   -0.00   -1.18      0.313   0.313  -0.000
   9 1040.2   3/2-  -3/2  30   -0.96    3.70    3.70    1.71    1.27       3.98    3.98    0.00   -2.36      0.485   0.485   0.000
  10 1074.9   5/2-   1/2  37    0.08    3.21    3.21    1.28    1.58       3.56    3.56    0.00   -1.14      0.434   0.434   0.000
  
  11 1243.8   1/2-   1/2  29    0.50    4.35    4.35    0.25    0.31       4.58    4.58    0.00   -2.87      0.559   0.559   0.000
  12 1323.8   7/2-  -3/2  34   -0.37    2.25    2.25    3.11    1.45       5.95    5.95   -0.00   -0.54      0.725   0.725  -0.000
  13 1440.1   9/2-   5/2  35    0.42    3.34    3.34    3.48    2.30       6.02    6.02   -0.00    0.37      0.734   0.734  -0.000
  14 1463.2  11/2-   9/2  31    2.97    3.13    3.13   18.37    4.13       5.51    5.51    0.00    0.02      0.672   0.672   0.000
  15 1500.7   7/2-   1/2  32    0.00   26.79   26.79    1.77    6.76       8.71    8.71   -0.00   -6.83      1.062   1.062  -0.000
  
  16 1565.4   5/2-   1/2  37   -0.05    2.55    2.55    1.01    0.81       5.04    5.04    0.00   -1.17      0.615   0.615   0.000
  17 1873.3   9/2-  -7/2  28   -2.63    2.38    2.38   11.33    2.94       5.79    5.79   -0.00   -0.43      0.706   0.706  -0.000
  18 2384.9   7/2-  -3/2  30   -0.37    3.78    3.78    2.97    0.94       9.39    9.39    0.00   -1.57      1.145   1.145   0.000
  19 2470.6   9/2-  -3/2  34   -0.81    2.39    2.39    2.21    1.13      10.23   10.23   -0.00   -0.30      1.247   1.247  -0.000
  20 2533.6   5/2-   1/2  29   -0.09    4.33    4.33    0.97   -0.32      10.14   10.14    0.00   -2.35      1.236   1.236   0.000
  
  21 2583.5  13/2-   9/2  31    2.32    3.57    3.57   17.18    3.89       9.38    9.38    0.00    0.65      1.144   1.144   0.000
  22 2671.8   9/2-   5/2  35    0.98    2.42    2.42    3.90    1.02      11.68   11.68   -0.00   -0.76      1.424   1.424  -0.000
  23 2759.6  11/2-   5/2  35    0.58    2.51    2.51    4.55    1.73      12.31   12.31    0.00    0.16      1.501   1.501   0.000
  24 2815.3  13/2-   5/2  36   -0.04   26.18   26.18    5.56    5.93      11.96   11.96    0.00   -3.38      1.459   1.459   0.000
  25 2921.3  11/2-  -7/2  28   -1.97    2.52    2.52    9.24    2.51       9.99    9.99   -0.00    0.17      1.218   1.218  -0.000
  
  26 3328.9  11/2-  -3/2  30   -0.61    2.87    2.87    4.13    1.68      12.74   12.74    0.00    0.04      1.553   1.553   0.000
  27 3419.6  13/2-  -3/2  30    0.15    4.16    4.16    3.04    2.44      13.03   13.03    0.00    1.11      1.588   1.588   0.000
  28 3709.8   1/2-   1/2  25    0.50    5.68    5.68    0.25    0.70       5.58    5.58    0.00   -3.30      0.681   0.681   0.000
  29 4284.8  13/2-  -7/2  28   -2.04    2.58    2.58   10.76    2.48      15.04   15.04   -0.00    0.25      1.834   1.834  -0.000
  30 5075.9  13/2-  -3/2  34   -0.06    2.19    2.19    3.01    1.01      20.99   20.99    0.00   -0.05      2.560   2.560   0.000
  
  31 6689.6   1/2-   1/2  32    0.50   26.87   26.87    0.25   -3.90      30.74   30.74    0.00   -7.32      3.748   3.748   0.000
  32*******   1/2-  -3/2  33    0.00    0.00    0.00    0.00   -0.00       0.00    0.00    0.00   -0.00      0.000   0.000   0.000
