1SPECTRUM OF (Z= 82 A=207) IN PARTICLE-ROTOR  MODEL WITH MODIFIED OSCILLATOR POTENTIAL


 PARITY=-   EPS= 0.313   GAMMA=  0.0   EPS4=0.000   EPS6=0.000   LEVELS:  26  27  28  29  30  31  32  33  34  35  36  37  38  39  40

 PAIRING FACTORS: GN0= 19.20  GN1=  7.40  IPAIR= 15 ***  E2PLUS(INPUT)=   0.730  E2PLUR(INPUT)=   0.000

 CORIOLIS ATTENUATION PARAMETERS:  CHSI=1.000  ETA=  1.00

 MOMENT OF INERTIA PARAMETERS:   A1=  0.122 MEV   A2=  0.122 MEV   A3=121.91924 MEV


 DELTA=0.940 MEV  LAMBDA=53.2936 MEV   HW0= 7.4992 MEV   LAMBDA/HW0= 7.1065

 E2ENERGY=0.730 MEV  HBAR**2/B=18165./A**(7/3)=3070.8/A**2 MEV

 IREC=0  =>  RECOIL TERMS j+j-, j+j+, jzjz, ETC TREATED AS ONE-BODY OPERATORS WITH UU+VV PAIRING FACTORS



 S. P. LEVEL   EQP       U     V        (UU + VV)**1.00

     26       3.295    0.144 0.990      1.000 1.000 0.976 0.974 0.964 0.937 0.883 0.803 0.533 0.351 0.332 0.328 0.299 0.290 0.257
     27       2.740    0.174 0.985      1.000 1.000 0.982 0.980 0.972 0.947 0.897 0.821 0.558 0.380 0.360 0.357 0.328 0.319 0.286
     28       1.417    0.355 0.935      0.976 0.982 1.000 1.000 0.999 0.990 0.963 0.913 0.703 0.545 0.528 0.525 0.498 0.490 0.460
     29       1.380    0.366 0.931      0.974 0.980 1.000 1.000 0.999 0.992 0.967 0.918 0.712 0.555 0.538 0.535 0.508 0.501 0.470
     30       1.278    0.402 0.916      0.964 0.972 0.999 0.999 1.000 0.996 0.976 0.932 0.738 0.587 0.570 0.567 0.541 0.534 0.504
     31       1.113    0.482 0.876      0.937 0.947 0.990 0.992 0.996 1.000 0.991 0.961 0.796 0.657 0.641 0.638 0.614 0.607 0.579
     32       0.985    0.592 0.806      0.883 0.897 0.963 0.967 0.976 0.991 1.000 0.989 0.868 0.750 0.736 0.734 0.712 0.706 0.681
     33       0.940    0.706 0.709      0.803 0.821 0.913 0.918 0.932 0.961 0.989 1.000 0.932 0.840 0.829 0.827 0.809 0.803 0.782
     34       1.268    0.914 0.405      0.533 0.558 0.703 0.712 0.738 0.796 0.868 0.932 1.000 0.979 0.975 0.974 0.967 0.964 0.955
     35       2.262    0.977 0.213      0.351 0.380 0.545 0.555 0.587 0.657 0.750 0.840 0.979 1.000 1.000 1.000 0.998 0.998 0.995
     36       2.488    0.981 0.192      0.332 0.360 0.528 0.538 0.570 0.641 0.736 0.829 0.975 1.000 1.000 1.000 0.999 0.999 0.997
     37       2.534    0.982 0.189      0.328 0.357 0.525 0.535 0.567 0.638 0.734 0.827 0.974 1.000 1.000 1.000 1.000 0.999 0.997
     38       3.013    0.987 0.158      0.299 0.328 0.498 0.508 0.541 0.614 0.712 0.809 0.967 0.998 0.999 1.000 1.000 1.000 0.999
     39       3.185    0.989 0.149      0.290 0.319 0.490 0.501 0.534 0.607 0.706 0.803 0.964 0.998 0.999 0.999 1.000 1.000 0.999
     40       4.109    0.993 0.115      0.257 0.286 0.460 0.470 0.504 0.579 0.681 0.782 0.955 0.995 0.997 0.997 0.999 0.999 1.000

  R CORE   ENERGY   A0R/A00=1.000    R3= 0     2  
   2( 1)    0.732                    1.000 0.000
   2( 2)  487.921                    0.000 1.000

  R CORE   ENERGY   A0R/A00=1.000    R3= 0     2  
   3( 1)  488.652                    0.000 1.000

  R CORE   ENERGY   A0R/A00=1.000    R3= 0     2     4  
   4( 1)    2.438                    1.000 0.000 0.000

  R CORE   ENERGY   A0R/A00=1.000    R3= 0     2     4  
   5( 1)  490.847                    0.000 1.000 0.000

  R CORE   ENERGY   A0R/A00=1.000    R3= 0     2     4     6  
   6( 1)    5.121                    1.000 0.000 0.000 0.000

  R CORE   ENERGY   A0R/A00=1.000    R3= 0     2     4     6  
   7( 1)  494.017                    0.000 1.000 0.000 0.000

          AXIAL SYMMETRY => K RESTRICTED TO OMEGA

                     K
     S.P. ORB#: 26  2.50
     S.P. ORB#: 27 -3.50
     S.P. ORB#: 28  0.50
     S.P. ORB#: 29  0.50
     S.P. ORB#: 30 -1.50
     S.P. ORB#: 31 -3.50
     S.P. ORB#: 32 -1.50
     S.P. ORB#: 33  4.50
     S.P. ORB#: 34  2.50
     S.P. ORB#: 35 -1.50
     S.P. ORB#: 36 -3.50
     S.P. ORB#: 37  2.50
     S.P. ORB#: 38  0.50
     S.P. ORB#: 39  0.50
     S.P. ORB#: 40  4.50
 

             ENERGY    K= OMEGA
 
 I=  1/2- (1)  2.634  28: 0.998
                      39: 0.058
 
 I=  1/2- (2)  3.527  28: 0.058
                      39:-0.998
 
 I=  1/2- (3)  6.168  29: 0.503
                      38:-0.864
 
 I=  1/2- (4)  8.829  29:-0.864
                      38:-0.503
 
 I=  1/2- (5)147.288  32:-1.000

             ENERGY    K= OMEGA
 
 I=  3/2- (1)  2.508  28:-0.385
                      30: 0.922
 
 I=  3/2- (2)  2.618  28: 0.605
                      30: 0.250
                      35: 0.741
                      39:-0.149

             ENERGY    K= OMEGA
 
 I=  5/2- (1)  2.717  28: 0.370
                      30: 0.687
                      35:-0.248
                      37:-0.547
                      39: 0.175
 
 I=  5/2- (2)  3.204  26:-0.065
                      28: 0.354
                      30:-0.478
                      35:-0.794
                      39:-0.100
 
 I=  5/2- (3)  3.394  28: 0.518
                      30: 0.277
                      37: 0.774
                      39: 0.236
 
 I=  5/2- (4)  4.134  28: 0.578
                      30:-0.460
                      35: 0.507
                      37:-0.317
                      39: 0.308
 
 I=  5/2- (5)  4.455  26:-0.050
                      28:-0.367
                      30:-0.101
                      35:-0.212
                      39: 0.899

             ENERGY    K= OMEGA
 
 I=  7/2- (1)  1.896  26:-0.203
                      27: 0.055
                      31: 0.977
 
 I=  7/2- (2)  3.299  28: 0.441
                      30:-0.595
                      35: 0.369
                      37:-0.559
 
 I=  7/2- (3)  3.346  29: 0.729
                      32: 0.577
                      34: 0.341
                      36: 0.139
 
 I=  7/2- (4)  3.841  26:-0.059
                      28: 0.515
                      30: 0.497
                      35: 0.591
                      37: 0.268
                      39:-0.248
 
 I=  7/2- (5)  4.306  26: 0.108
                      27: 0.280
                      28: 0.469
                      30:-0.452
                      35:-0.305
                      37: 0.626

             ENERGY    K= OMEGA
 
 I=  9/2- (1)  1.802  26: 0.068
                      27:-0.208
                      31: 0.207
                      33: 0.954
 
 I=  9/2- (2)  2.830  26: 0.279
                      27: 0.091
                      31: 0.933
                      33:-0.202
 
 I=  9/2- (3)  4.063  28:-0.411
                      30:-0.625
                      35: 0.323
                      37: 0.526
                      39:-0.234
 
 I=  9/2- (4)  4.321  29: 0.209
                      32:-0.536
                      34: 0.632
                      36:-0.474
                      40: 0.212
 
 I=  9/2- (5)  5.026  26:-0.095
                      28: 0.321
                      30:-0.498
                      31: 0.061
                      35:-0.769
                      39:-0.201

             ENERGY    K= OMEGA
 
 I= 11/2- (1)  2.558  29:-0.662
                      32:-0.568
                      34:-0.406
                      36:-0.246
                      38:-0.053
                      40:-0.104
 
 I= 11/2- (2)  2.864  26: 0.116
                      27: 0.282
                      31:-0.287
                      33: 0.908
 
 I= 11/2- (3)  3.994  26:-0.327
                      27: 0.127
                      31: 0.889
                      33: 0.284
                      37: 0.057
 
 I= 11/2- (4)  5.187  28: 0.471
                      30:-0.554
                      35: 0.418
                      37:-0.539
 
 I= 11/2- (5)  5.724  29: 0.490
                      32: 0.089
                      34:-0.432
                      36:-0.622
                      40:-0.420

             ENERGY    K= OMEGA
 
 I= 13/2- (1)  4.144  26: 0.158
                      27:-0.329
                      31: 0.342
                      33: 0.866
 
 I= 13/2- (2)  4.219  29: 0.177
                      32:-0.472
                      34: 0.612
                      36:-0.534
                      40: 0.293
 
 I= 13/2- (3)  5.392  26: 0.360
                      27: 0.162
                      30: 0.066
                      31: 0.848
                      33:-0.339
                      37:-0.074
 
 I= 13/2- (4)  6.405  28:-0.431
                      30:-0.602
                      31: 0.062
                      33:-0.051
                      35: 0.342
                      37: 0.500
                      39:-0.276
 
 I= 13/2- (5)  7.813  26:-0.094
                      27: 0.063
                      28: 0.244
                      30:-0.480
                      31: 0.096
                      35:-0.759
                      39:-0.334

             ENERGY     K= 9/2
  32 LEVELS    TIME=  0.0 SEC



 ******************* EXCITATION ENERGIES, DOMINANT CONFIGURATION AND EXPECTATION VALUES (WITH S.P. UU+VV FACTORS) *******************

  NR  Eex(keV)  I   Kdom  NY    <Jz>  <Jx**2> <Jy**2> <Jz**2> <I.j>/|I|  <Rx**2> <Ry**2> <Rz**2> <R.j>/|R|  <HROTx> <HROTy> <HROTz>

   1    0.0   9/2-   9/2  33    3.80    2.55    2.55   19.50    4.33       3.14    3.14   -0.00   -1.22      0.383   0.383  -0.000
   2   93.3   7/2-  -7/2  31   -3.25    2.31    2.31   11.99    3.37       2.81    2.81   -0.00   -1.37      0.343   0.343  -0.000
   3  705.7   3/2-  -3/2  30   -1.20    4.64    4.64    1.95    1.31       4.95    4.95    0.00   -2.76      0.603   0.603   0.000
   4  755.7  11/2-   1/2  29   -0.01   24.90   24.90    2.83    6.55       5.01    5.01    0.00   -4.25      0.611   0.611   0.000
   5  815.5   3/2-  -3/2  35   -0.72    2.79    2.79    1.47    1.29       2.89    2.89    0.00   -1.89      0.353   0.353   0.000
  
   6  832.0   1/2-   1/2  28    0.50    4.65    4.65    0.25    0.21       4.97    4.97   -0.00   -2.97      0.605   0.605  -0.000
   7  915.0   5/2-  -3/2  30    0.03    3.67    3.67    3.11    1.96       3.80    3.80    0.00   -1.69      0.463   0.463   0.000
   8 1027.6   9/2-  -7/2  31   -2.69    2.42    2.42   12.08    2.92       6.30    6.30   -0.00   -0.67      0.768   0.768  -0.000
   9 1061.5  11/2-   9/2  33    3.18    2.79    2.79   18.76    3.84       7.12    7.12    0.00   -0.37      0.867   0.867   0.000
  10 1401.5   5/2-  -3/2  35   -1.21    2.45    2.45    2.00    0.90       5.16    5.16    0.00   -1.32      0.629   0.629   0.000
  
  11 1496.6   7/2-  -3/2  30    0.13    3.53    3.53    3.14    1.76       6.00    6.00    0.00   -0.93      0.732   0.732   0.000
  12 1543.3   7/2-   1/2  29   -0.01   24.48   24.48    1.85    6.23       8.56    8.56    0.00   -6.31      1.044   1.044   0.000
  13 1591.6   5/2-   5/2  37    1.55    2.79    2.79    4.00    1.41       5.00    5.00    0.00   -1.71      0.610   0.610   0.000
  14 1724.6   1/2-   1/2  39    0.50    1.53    1.53    0.25    0.70       1.43    1.43    0.00   -1.60      0.174   0.174   0.000
  15 2038.5   7/2-  -3/2  35   -0.55    2.93    2.93    1.91    0.93       8.07    8.07    0.00   -1.02      0.984   0.984   0.000
  
  16 2191.9  11/2-  -7/2  31   -2.19    2.52    2.52   12.20    2.63      10.78   10.78   -0.00   -0.33      1.314   1.314  -0.000
  17 2261.0   9/2-  -3/2  30    0.05    3.58    3.58    2.95    1.69       9.04    9.04    0.00   -0.40      1.102   1.102   0.000
  18 2332.3   5/2-   1/2  28   -0.24    3.58    3.58    1.80   -0.12       9.22    9.22    0.00   -2.17      1.124   1.124   0.000
  19 2341.7  13/2-   9/2  33    2.65    2.99    2.99   18.09    3.49      12.02   12.02   -0.00    0.07      1.465   1.465  -0.000
  20 2416.6  13/2-   5/2  34    0.01   24.39   24.39    8.09    6.14       9.91    9.91    0.00   -3.14      1.208   1.208   0.000
  
  21 2503.4   7/2-   5/2  37    0.40    3.26    3.26    4.21    0.98       9.33    9.33    0.00   -1.58      1.137   1.137   0.000
  22 2518.8   9/2-   5/2  34    0.00   24.66   24.66    6.82    5.88      11.18   11.18    0.00   -5.68      1.363   1.363   0.000
  23 2653.3   5/2-   1/2  39    0.39    1.86    1.86    0.38   -0.00       6.43    6.43    0.00   -1.15      0.785   0.785   0.000
  24 3223.4   9/2-  -3/2  35   -1.18    2.45    2.45    2.07    0.67      12.51   12.51    0.00   -0.72      1.526   1.526   0.000
  25 3384.6  11/2-  -3/2  30    0.11    3.49    3.49    3.03    1.54      13.69   13.69    0.00   -0.16      1.669   1.669   0.000
  
  26 3589.8  13/2-  -7/2  31   -1.76    2.60    2.60   12.31    2.42      16.26   16.26   -0.00   -0.11      1.982   1.982  -0.000
  27 3921.8  11/2-  -7/2  36    0.02   23.33   23.33    9.55    5.32      14.17   14.17    0.00   -4.58      1.727   1.727   0.000
  28 4366.0   1/2-   1/2  38    0.50   12.61   12.61    0.25   -1.76      14.63   14.63   -0.00   -4.99      1.784   1.784  -0.000
  29 4602.6  13/2-  -3/2  30    0.04    3.55    3.55    2.82    1.55      18.55   18.55    0.00    0.14      2.262   2.262   0.000
  30 6010.4  13/2-  -3/2  35   -1.14    2.27    2.27    2.09    0.60      23.48   23.48    0.00   -0.35      2.862   2.862   0.000
  
  31 7027.0   1/2-   1/2  29    0.50   25.26   25.26    0.25   -3.57      28.85   28.85    0.00   -7.09      3.518   3.518   0.000
  32*******   1/2-  -3/2  32    0.00    0.00    0.00    0.00   -0.00       0.00    0.00    0.00   -0.00      0.000   0.000   0.000
