1SPECTRUM OF (Z= 82 A=207) IN PARTICLE-ROTOR  MODEL WITH MODIFIED OSCILLATOR POTENTIAL


 PARITY=-   EPS= 0.189   GAMMA=  0.0   EPS4=0.000   EPS6=0.000   LEVELS:  24  25  26  27  28  29  30  31  32  33  34  35  36  37  38

 PAIRING FACTORS: GN0= 19.20  GN1=  7.40  IPAIR= 15 ***  E2PLUS(INPUT)=   0.730  E2PLUR(INPUT)=   0.000

 CORIOLIS ATTENUATION PARAMETERS:  CHSI=1.000  ETA=  1.00

 MOMENT OF INERTIA PARAMETERS:   A1=  0.122 MEV   A2=  0.122 MEV   A3=121.91924 MEV


 DELTA=0.926 MEV  LAMBDA=53.4716 MEV   HW0= 7.4418 MEV   LAMBDA/HW0= 7.1853

 E2ENERGY=0.730 MEV  HBAR**2/B= 6623./A**(7/3)=1119.7/A**2 MEV

 IREC=0  =>  RECOIL TERMS j+j-, j+j+, jzjz, ETC TREATED AS ONE-BODY OPERATORS WITH UU+VV PAIRING FACTORS



 S. P. LEVEL   EQP       U     V        (UU + VV)**1.00

     24       5.168    0.090 0.996      1.000 1.000 1.000 0.999 0.997 0.993 0.992 0.989 0.753 0.647 0.437 0.409 0.360 0.299 0.248
     25       4.291    0.109 0.994      1.000 1.000 1.000 1.000 0.998 0.995 0.994 0.992 0.765 0.661 0.454 0.426 0.378 0.317 0.266
     26       3.969    0.117 0.993      1.000 1.000 1.000 1.000 0.999 0.996 0.995 0.993 0.771 0.668 0.462 0.434 0.386 0.325 0.274
     27       3.775    0.124 0.992      0.999 1.000 1.000 1.000 0.999 0.996 0.995 0.993 0.774 0.672 0.467 0.440 0.392 0.331 0.280
     28       2.809    0.167 0.986      0.997 0.998 0.999 0.999 1.000 0.999 0.999 0.997 0.802 0.704 0.506 0.479 0.432 0.372 0.322
     29       2.274    0.208 0.978      0.993 0.995 0.996 0.996 0.999 1.000 1.000 1.000 0.826 0.733 0.541 0.515 0.469 0.411 0.362
     30       2.177    0.218 0.976      0.992 0.994 0.995 0.995 0.999 1.000 1.000 1.000 0.831 0.740 0.550 0.523 0.478 0.420 0.371
     31       2.016    0.236 0.972      0.989 0.992 0.993 0.993 0.997 1.000 1.000 1.000 0.842 0.752 0.565 0.540 0.495 0.437 0.388
     32       0.927    0.724 0.690      0.753 0.765 0.771 0.774 0.802 0.826 0.831 0.842 1.000 0.989 0.921 0.909 0.885 0.853 0.824
     33       0.984    0.818 0.575      0.647 0.661 0.668 0.672 0.704 0.733 0.740 0.752 0.989 1.000 0.969 0.961 0.945 0.921 0.899
     34       1.398    0.935 0.354      0.437 0.454 0.462 0.467 0.506 0.541 0.550 0.565 0.921 0.969 1.000 1.000 0.997 0.989 0.980
     35       1.506    0.946 0.325      0.409 0.426 0.434 0.440 0.479 0.515 0.523 0.540 0.909 0.961 1.000 1.000 0.999 0.993 0.985
     36       1.751    0.961 0.275      0.360 0.378 0.386 0.392 0.432 0.469 0.478 0.495 0.885 0.945 0.997 0.999 1.000 0.998 0.993
     37       2.237    0.977 0.212      0.299 0.317 0.325 0.331 0.372 0.411 0.420 0.437 0.853 0.921 0.989 0.993 0.998 1.000 0.999
     38       2.942    0.987 0.159      0.248 0.266 0.274 0.280 0.322 0.362 0.371 0.388 0.824 0.899 0.980 0.985 0.993 0.999 1.000

  R CORE   ENERGY   A0R/A00=1.000    R3= 0     2  
   2( 1)    0.732                    1.000 0.000
   2( 2)  487.921                    0.000 1.000

  R CORE   ENERGY   A0R/A00=1.000    R3= 0     2  
   3( 1)  488.652                    0.000 1.000

  R CORE   ENERGY   A0R/A00=1.000    R3= 0     2     4  
   4( 1)    2.438                    1.000 0.000 0.000

  R CORE   ENERGY   A0R/A00=1.000    R3= 0     2     4  
   5( 1)  490.847                    0.000 1.000 0.000

  R CORE   ENERGY   A0R/A00=1.000    R3= 0     2     4     6  
   6( 1)    5.121                    1.000 0.000 0.000 0.000

  R CORE   ENERGY   A0R/A00=1.000    R3= 0     2     4     6  
   7( 1)  494.017                    0.000 1.000 0.000 0.000

          AXIAL SYMMETRY => K RESTRICTED TO OMEGA

                     K
     S.P. ORB#: 24  2.50
     S.P. ORB#: 25  2.50
     S.P. ORB#: 26  0.50
     S.P. ORB#: 27 -3.50
     S.P. ORB#: 28 -3.50
     S.P. ORB#: 29  4.50
     S.P. ORB#: 30  0.50
     S.P. ORB#: 31 -1.50
     S.P. ORB#: 32 -1.50
     S.P. ORB#: 33  2.50
     S.P. ORB#: 34  0.50
     S.P. ORB#: 35  0.50
     S.P. ORB#: 36 -1.50
     S.P. ORB#: 37  2.50
     S.P. ORB#: 38 -3.50
 

             ENERGY    K= OMEGA
 
 I=  1/2- (1)  1.647  26:-0.061
                      34:-0.998
 
 I=  1/2- (2)  3.209  30: 0.999
 
 I=  1/2- (3)  5.136  26: 0.998
                      34:-0.061
 
 I=  1/2- (4)  9.487  35: 1.000
 
 I=  1/2- (5)147.230  32: 1.000

             ENERGY    K= OMEGA
 
 I=  3/2- (1)  1.407  30: 0.189
                      31: 0.107
                      32: 0.972
                      34:-0.079
 
 I=  3/2- (2)  2.298  30:-0.155
                      31:-0.132
                      32: 0.124
                      34: 0.971

             ENERGY    K= OMEGA
 
 I=  5/2- (1)  1.455  30: 0.134
                      31: 0.177
                      32:-0.416
                      33:-0.878
                      34: 0.061
 
 I=  5/2- (2)  2.027  30:-0.221
                      31: 0.167
                      32: 0.868
                      33:-0.408
 
 I=  5/2- (3)  2.321  30: 0.151
                      31: 0.198
                      33: 0.127
                      34: 0.960
 
 I=  5/2- (4)  3.280  24: 0.072
                      26:-0.378
                      30: 0.444
                      31: 0.742
                      32: 0.071
                      33: 0.185
                      34:-0.256
 
 I=  5/2- (5)  4.534  24: 0.064
                      26: 0.074
                      30:-0.805
                      31: 0.517
                      32:-0.257
                      33: 0.098

             ENERGY    K= OMEGA
 
 I=  7/2- (1)  2.090  30: 0.182
                      31:-0.212
                      32: 0.506
                      33:-0.814
 
 I=  7/2- (2)  2.679  25:-0.072
                      26:-0.173
                      28: 0.079
                      30:-0.344
                      31:-0.301
                      32:-0.714
                      33:-0.446
                      34: 0.196
 
 I=  7/2- (3)  3.525  24:-0.065
                      25: 0.243
                      27: 0.135
                      28:-0.951
                      30:-0.067
                      34: 0.073
 
 I=  7/2- (4)  3.887  26:-0.098
                      28: 0.061
                      30:-0.145
                      31:-0.263
                      32: 0.313
                      33: 0.220
                      34: 0.864
 
 I=  7/2- (5)  3.906  35: 0.724
                      36: 0.574
                      37: 0.352
                      38: 0.148

             ENERGY    K= OMEGA
 
 I=  9/2- (1)  2.745  26: 0.175
                      27:-0.123
                      29: 0.222
                      30:-0.294
                      31:-0.359
                      32: 0.457
                      33: 0.668
                      34:-0.172
 
 I=  9/2- (2)  3.003  24: 0.065
                      25: 0.065
                      27: 0.267
                      28: 0.174
                      29:-0.908
                      30:-0.089
                      31:-0.086
                      32: 0.133
                      33: 0.166
                      34:-0.055
 
 I=  9/2- (3)  3.839  24: 0.075
                      25:-0.142
                      26:-0.059
                      27: 0.071
                      28:-0.218
                      30:-0.163
                      31: 0.339
                      32: 0.743
                      33:-0.284
                      34: 0.380
 
 I=  9/2- (4)  3.932  26: 0.103
                      28:-0.094
                      30:-0.306
                      31:-0.115
                      32: 0.145
                      33:-0.522
                      34:-0.759
 
 I=  9/2- (5)  4.425  24: 0.105
                      25:-0.295
                      27: 0.168
                      28:-0.871
                      29:-0.134
                      30: 0.129
                      32:-0.193
                      33: 0.183
                      34:-0.087

             ENERGY    K= OMEGA
 
 I= 11/2- (1)  2.763  35: 0.686
                      36: 0.576
                      37: 0.398
                      38: 0.199
 
 I= 11/2- (2)  3.802  24: 0.117
                      25: 0.118
                      27:-0.363
                      28:-0.186
                      29:-0.721
                      30: 0.123
                      31:-0.188
                      32: 0.270
                      33:-0.403
 
 I= 11/2- (3)  4.070  27:-0.162
                      28:-0.127
                      29:-0.491
                      30:-0.250
                      31: 0.221
                      32:-0.495
                      33: 0.596
 
 I= 11/2- (4)  4.627  24: 0.086
                      25:-0.130
                      26:-0.281
                      27:-0.064
                      28: 0.193
                      29: 0.052
                      30:-0.400
                      31:-0.416
                      32:-0.539
                      33:-0.416
                      34: 0.235
 
 I= 11/2- (5)  5.504  24:-0.130
                      25: 0.356
                      26:-0.098
                      27: 0.209
                      28:-0.847
                      29: 0.170
                      30:-0.156
                      31:-0.083
                      32:-0.069
                      33:-0.087
                      34: 0.116

             ENERGY    K= OMEGA
 
 I= 13/2- (1)  4.672  24: 0.129
                      25: 0.094
                      26:-0.255
                      27: 0.273
                      28: 0.107
                      29:-0.377
                      30: 0.339
                      31: 0.415
                      32:-0.357
                      33:-0.480
                      34: 0.191
 
 I= 13/2- (2)  4.991  35:-0.232
                      36: 0.581
                      37:-0.652
                      38: 0.428
 
 I= 13/2- (3)  5.077  24: 0.111
                      25: 0.119
                      26: 0.160
                      27: 0.370
                      28: 0.234
                      29:-0.731
                      30:-0.226
                      31:-0.220
                      32: 0.217
                      33: 0.239
                      34:-0.137
 
 I= 13/2- (4)  6.384  24: 0.164
                      25:-0.275
                      26:-0.102
                      27: 0.151
                      28:-0.439
                      29:-0.064
                      30:-0.110
                      31: 0.325
                      32: 0.641
                      34: 0.369
 
 I= 13/2- (5)  6.572  25:-0.142
                      26: 0.122
                      27: 0.106
                      28:-0.303
                      30:-0.281
                      33:-0.596
                      34:-0.651

             ENERGY     K=-7/2
  32 LEVELS    TIME=  0.0 SEC



 ******************* EXCITATION ENERGIES, DOMINANT CONFIGURATION AND EXPECTATION VALUES (WITH S.P. UU+VV FACTORS) *******************

  NR  Eex(keV)  I   Kdom  NY    <Jz>  <Jx**2> <Jy**2> <Jz**2> <I.j>/|I|  <Rx**2> <Ry**2> <Rz**2> <R.j>/|R|  <HROTx> <HROTy> <HROTz>

   1    0.0   3/2-  -3/2  32   -1.41    1.55    1.55    2.16    1.45       1.69    1.69   -0.00   -1.33      0.207   0.207  -0.000
   2   48.0   5/2-   5/2  33    1.64    1.81    1.81    5.29    2.41       1.70    1.70    0.00   -0.96      0.208   0.208   0.000
   3  239.5   1/2-   1/2  34    0.50    1.20    1.20    0.25    0.83       0.98    0.98    0.00   -1.38      0.120   0.120   0.000
   4  619.6   5/2-  -3/2  32   -0.72    1.55    1.55    2.82    1.11       4.06    4.06   -0.00   -0.93      0.496   0.496  -0.000
   5  682.9   7/2-   5/2  33    1.22    1.94    1.94    4.85    2.02       4.22    4.22   -0.00   -0.24      0.514   0.514  -0.000
  
   6  890.5   3/2-   1/2  34    0.43    1.33    1.33    0.32   -0.12       3.60    3.60    0.00   -1.20      0.439   0.439   0.000
   7  913.9   5/2-   1/2  34    0.45    1.58    1.58    0.43    0.86       3.63    3.63    0.00   -0.39      0.443   0.443   0.000
   8 1271.6   7/2-  -3/2  32   -0.32    1.77    1.77    2.77    1.39       5.53    5.53   -0.00   -0.24      0.674   0.674  -0.000
   9 1338.2   9/2-   5/2  33    0.86    2.83    2.83    4.81    2.46       5.38    5.38    0.00    0.54      0.656   0.656   0.000
  10 1356.0  11/2-   1/2  35   -0.01   28.14   28.14    2.34    7.20       4.11    4.11   -0.00   -5.42      0.501   0.501  -0.000
  
  11 1595.7   9/2-   9/2  29    3.41    2.72    2.72   18.22    4.33       2.65    2.65    0.00   -0.91      0.323   0.323   0.000
  12 1802.2   1/2-   1/2  30    0.50    4.06    4.06    0.25    0.39       4.23    4.23    0.00   -2.77      0.515   0.515   0.000
  13 1872.7   5/2-  -3/2  31   -0.53    3.81    3.81    1.60    1.62       4.17    4.17    0.00   -1.52      0.509   0.509   0.000
  14 2118.2   7/2-  -7/2  28   -3.06    2.27    2.27   11.71    3.39       2.53    2.53    0.00   -1.23      0.309   0.309   0.000
  15 2395.0  11/2-   9/2  29    2.08    3.22    3.22   14.01    3.63       6.40    6.40    0.00    0.35      0.781   0.781   0.000
  
  16 2431.7   9/2-  -3/2  32   -0.83    1.61    1.61    2.86    1.06      10.15   10.15    0.00   -0.18      1.237   1.237   0.000
  17 2480.3   7/2-   1/2  34    0.25    1.76    1.76    0.94    0.01      10.08   10.08    0.00   -0.99      1.229   1.229   0.000
  18 2499.3   7/2-   1/2  35    0.00   28.27   28.27    1.91    7.08       9.01    9.01   -0.00   -7.15      1.099   1.099  -0.000
  19 2525.3   9/2-   1/2  34    0.94    2.07    2.07    2.09    1.03      10.36   10.36   -0.00   -0.24      1.263   1.263  -0.000
  20 2662.7  11/2-   5/2  33    1.42    2.32    2.32    8.33    2.33      10.44   10.44    0.00    0.21      1.273   1.273   0.000
  
  21 3018.1   9/2-  -7/2  28   -2.39    2.30    2.30   10.91    2.73       6.54    6.54    0.00   -0.53      0.797   0.797   0.000
  22 3127.4   5/2-   1/2  30   -0.14    4.13    4.13    1.00   -0.38      10.14   10.14   -0.00   -2.31      1.236   1.236  -0.000
  23 3220.0  11/2-  -3/2  32   -0.19    2.24    2.24    2.91    1.65      11.73   11.73    0.00    0.50      1.431   1.431   0.000
  24 3264.6  13/2-   5/2  33    0.64    3.82    3.82    6.26    2.92      10.91   10.91   -0.00    1.39      1.330   1.330  -0.000
  25 3584.4  13/2-   5/2  37   -0.06   27.10   27.10    5.68    6.12      11.60   11.60   -0.00   -3.56      1.414   1.414  -0.000
  
  26 3670.1  13/2-   9/2  29    1.85    3.45    3.45   13.92    3.44      10.79   10.79    0.00    0.68      1.316   1.316   0.000
  27 3728.4   1/2-   1/2  26    0.50    4.92    4.92    0.25    0.68       4.83    4.83    0.00   -3.06      0.589   0.589   0.000
  28 4096.9  11/2-  -7/2  28   -2.15    2.47    2.47   10.89    2.60      10.22   10.22    0.00   -0.06      1.246   1.246   0.000
  29 4977.3  13/2-  -3/2  32   -1.17    2.00    2.00    4.58    1.50      18.16   18.16    0.00    0.32      2.215   2.215   0.000
  30 5164.5  13/2-   1/2  34    0.84    2.15    2.15    3.76    1.13      20.50   20.50    0.00   -0.02      2.500   2.500   0.000
  
  31 8080.4   1/2-   1/2  35    0.50   28.71   28.71    0.25   -4.07      32.73   32.73    0.00   -7.56      3.991   3.991   0.000
  32*******   1/2-  -3/2  32    0.00    0.00    0.00    0.00   -0.00       0.00    0.00    0.00   -0.00      0.000   0.000   0.000
