1SPECTRUM OF (Z= 82 A=207) IN PARTICLE-ROTOR  MODEL WITH MODIFIED OSCILLATOR POTENTIAL


 PARITY=-   EPS= 0.326   GAMMA=  0.0   EPS4=0.000   EPS6=0.000   LEVELS:  25  26  27  28  29  30  31  32  33  34  35  36  37  38  39

 PAIRING FACTORS: GN0= 19.20  GN1=  7.40  IPAIR= 15 ***  E2PLUS(INPUT)=   0.730  E2PLUR(INPUT)=   0.000

 CORIOLIS ATTENUATION PARAMETERS:  CHSI=1.000  ETA=  1.00

 MOMENT OF INERTIA PARAMETERS:   A1=  0.122 MEV   A2=  0.122 MEV   A3=121.91923 MEV


 DELTA=0.926 MEV  LAMBDA=53.3137 MEV   HW0= 7.5072 MEV   LAMBDA/HW0= 7.1017

 E2ENERGY=0.730 MEV  HBAR**2/B=19706./A**(7/3)=3331.2/A**2 MEV

 IREC=0  =>  RECOIL TERMS j+j-, j+j+, jzjz, ETC TREATED AS ONE-BODY OPERATORS WITH UU+VV PAIRING FACTORS



 S. P. LEVEL   EQP       U     V        (UU + VV)**1.00

     25       4.167    0.112 0.994      1.000 0.999 0.998 0.981 0.965 0.949 0.916 0.893 0.715 0.547 0.305 0.303 0.283 0.280 0.249
     26       3.208    0.146 0.989      0.999 1.000 0.999 0.987 0.973 0.959 0.929 0.908 0.738 0.575 0.337 0.335 0.315 0.313 0.282
     27       2.651    0.177 0.984      0.998 0.999 1.000 0.992 0.980 0.968 0.941 0.920 0.759 0.601 0.367 0.365 0.346 0.343 0.312
     28       1.601    0.303 0.953      0.981 0.987 0.992 1.000 0.998 0.992 0.977 0.963 0.837 0.699 0.484 0.482 0.464 0.462 0.433
     29       1.350    0.369 0.930      0.965 0.973 0.980 0.998 1.000 0.998 0.989 0.980 0.873 0.747 0.544 0.542 0.524 0.523 0.494
     30       1.215    0.420 0.908      0.949 0.959 0.968 0.992 0.998 1.000 0.996 0.989 0.899 0.783 0.589 0.588 0.571 0.569 0.542
     31       1.067    0.501 0.865      0.916 0.929 0.941 0.977 0.989 0.996 1.000 0.998 0.935 0.837 0.661 0.660 0.644 0.642 0.617
     32       1.010    0.548 0.837      0.893 0.908 0.920 0.963 0.980 0.989 0.998 1.000 0.953 0.865 0.701 0.700 0.685 0.683 0.659
     33       0.945    0.775 0.632      0.715 0.738 0.759 0.837 0.873 0.899 0.935 0.953 1.000 0.976 0.884 0.883 0.873 0.872 0.855
     34       1.152    0.893 0.450      0.547 0.575 0.601 0.699 0.747 0.783 0.837 0.865 0.976 1.000 0.964 0.964 0.958 0.957 0.947
     35       2.405    0.981 0.196      0.305 0.337 0.367 0.484 0.544 0.589 0.661 0.701 0.884 0.964 1.000 1.000 1.000 1.000 0.998
     36       2.430    0.981 0.194      0.303 0.335 0.365 0.482 0.542 0.588 0.660 0.700 0.883 0.964 1.000 1.000 1.000 1.000 0.998
     37       2.707    0.985 0.174      0.283 0.315 0.346 0.464 0.524 0.571 0.644 0.685 0.873 0.958 1.000 1.000 1.000 1.000 0.999
     38       2.740    0.985 0.171      0.280 0.313 0.343 0.462 0.523 0.569 0.642 0.683 0.872 0.957 1.000 1.000 1.000 1.000 0.999
     39       3.362    0.990 0.139      0.249 0.282 0.312 0.433 0.494 0.542 0.617 0.659 0.855 0.947 0.998 0.998 0.999 0.999 1.000

  R CORE   ENERGY   A0R/A00=1.000    R3= 0     2  
   2( 1)    0.732                    1.000 0.000
   2( 2)  487.921                    0.000 1.000

  R CORE   ENERGY   A0R/A00=1.000    R3= 0     2  
   3( 1)  488.652                    0.000 1.000

  R CORE   ENERGY   A0R/A00=1.000    R3= 0     2     4  
   4( 1)    2.438                    1.000 0.000 0.000

  R CORE   ENERGY   A0R/A00=1.000    R3= 0     2     4  
   5( 1)  490.847                    0.000 1.000 0.000

  R CORE   ENERGY   A0R/A00=1.000    R3= 0     2     4     6  
   6( 1)    5.121                    1.000 0.000 0.000 0.000

  R CORE   ENERGY   A0R/A00=1.000    R3= 0     2     4     6  
   7( 1)  494.017                    0.000 1.000 0.000 0.000

          AXIAL SYMMETRY => K RESTRICTED TO OMEGA

                     K
     S.P. ORB#: 25  0.50
     S.P. ORB#: 26  2.50
     S.P. ORB#: 27 -3.50
     S.P. ORB#: 28  0.50
     S.P. ORB#: 29  0.50
     S.P. ORB#: 30 -1.50
     S.P. ORB#: 31 -1.50
     S.P. ORB#: 32 -3.50
     S.P. ORB#: 33  4.50
     S.P. ORB#: 34  2.50
     S.P. ORB#: 35 -3.50
     S.P. ORB#: 36 -1.50
     S.P. ORB#: 37  2.50
     S.P. ORB#: 38  0.50
     S.P. ORB#: 39  0.50
 

             ENERGY    K= OMEGA
 
 I=  1/2- (1)  2.578  29:-0.998
 
 I=  1/2- (2)  3.699  25:-0.071
                      39:-0.997
 
 I=  1/2- (3)  5.732  25: 0.997
                      39:-0.069
 
 I=  1/2- (4)  6.012  28: 0.433
                      38: 0.901
 
 I=  1/2- (5)  8.751  28:-0.901
                      38: 0.433

             ENERGY    K= OMEGA
 
 I=  3/2- (1)  2.434  25:-0.124
                      30:-0.977
                      36:-0.149
                      39: 0.082
 
 I=  3/2- (2)  2.538  25:-0.164
                      29:-0.872
                      30: 0.057
                      36:-0.442
                      39: 0.117

             ENERGY    K= OMEGA
 
 I=  5/2- (1)  2.487  25:-0.253
                      29: 0.453
                      30: 0.764
                      36:-0.143
                      37:-0.322
                      39: 0.151
 
 I=  5/2- (2)  3.290  26:-0.066
                      29: 0.506
                      30:-0.434
                      36:-0.741
 
 I=  5/2- (3)  3.436  25:-0.124
                      29: 0.404
                      30: 0.097
                      36: 0.192
                      37: 0.871
                      39: 0.127
 
 I=  5/2- (4)  4.191  29:-0.538
                      30: 0.409
                      36:-0.596
                      37: 0.369
                      39:-0.224
 
 I=  5/2- (5)  4.543  25:-0.165
                      29: 0.204
                      36: 0.175
                      39:-0.947

             ENERGY    K= OMEGA
 
 I=  7/2- (1)  1.804  26:-0.197
                      27: 0.052
                      32: 0.978
 
 I=  7/2- (2)  3.308  25:-0.180
                      29: 0.101
                      30:-0.824
                      36: 0.108
                      37:-0.505
                      39: 0.094
 
 I=  7/2- (3)  3.414  25:-0.271
                      29:-0.796
                      30:-0.141
                      36:-0.483
                      37: 0.096
                      39: 0.171
 
 I=  7/2- (4)  3.450  28:-0.720
                      31:-0.580
                      34:-0.351
                      35:-0.147
 
 I=  7/2- (5)  4.365  26: 0.158
                      27: 0.495
                      29: 0.366
                      30:-0.374
                      36:-0.349
                      37: 0.577

             ENERGY    K= OMEGA
 
 I=  9/2- (1)  1.827  26:-0.071
                      27: 0.197
                      32:-0.227
                      33:-0.951
 
 I=  9/2- (2)  2.753  26: 0.270
                      27: 0.090
                      30: 0.052
                      32: 0.929
                      33:-0.223
 
 I=  9/2- (3)  3.474  25:-0.360
                      29: 0.490
                      30: 0.682
                      32:-0.065
                      36:-0.184
                      37:-0.304
                      39: 0.184
 
 I=  9/2- (4)  4.592  28: 0.231
                      31:-0.579
                      34: 0.659
                      35:-0.420
 
 I=  9/2- (5)  5.097  25:-0.067
                      26: 0.118
                      27:-0.107
                      29:-0.339
                      30: 0.441
                      32:-0.054
                      36: 0.785
                      37: 0.139
                      39: 0.147

             ENERGY    K= OMEGA
 
 I= 11/2- (1)  2.776  28:-0.684
                      31:-0.579
                      34:-0.392
                      35:-0.200
                      38: 0.056
 
 I= 11/2- (2)  2.908  26: 0.122
                      27: 0.268
                      32:-0.314
                      33: 0.903
 
 I= 11/2- (3)  3.933  26: 0.317
                      27:-0.129
                      30:-0.062
                      32:-0.882
                      33:-0.311
                      37:-0.061
 
 I= 11/2- (4)  5.143  25:-0.364
                      29:-0.328
                      30:-0.744
                      32: 0.091
                      36:-0.103
                      37:-0.389
                      39: 0.187
 
 I= 11/2- (5)  5.252  25: 0.159
                      29: 0.713
                      30:-0.293
                      36: 0.483
                      37:-0.364
                      39:-0.105

             ENERGY    K= OMEGA
 
 I= 13/2- (1)  4.208  26:-0.166
                      27: 0.312
                      32:-0.372
                      33:-0.858
 
 I= 13/2- (2)  4.960  28: 0.222
                      31:-0.562
                      34: 0.662
                      35:-0.444
 
 I= 13/2- (3)  5.279  25:-0.303
                      26: 0.247
                      27: 0.126
                      29: 0.343
                      30: 0.477
                      32: 0.579
                      33:-0.258
                      36:-0.105
                      37:-0.229
                      39: 0.140
 
 I= 13/2- (4)  5.427  25:-0.303
                      26:-0.244
                      27:-0.108
                      29: 0.365
                      30: 0.436
                      32:-0.610
                      33: 0.269
                      36:-0.155
                      37:-0.159
                      39: 0.139
 
 I= 13/2- (5)  7.849  25:-0.136
                      26: 0.128
                      27:-0.138
                      29:-0.143
                      30: 0.331
                      32:-0.078
                      33:-0.062
                      36: 0.770
                      37: 0.391
                      39: 0.246

             ENERGY     K= 1/2
  32 LEVELS    TIME=  0.0 SEC



 ******************* EXCITATION ENERGIES, DOMINANT CONFIGURATION AND EXPECTATION VALUES (WITH S.P. UU+VV FACTORS) *******************

  NR  Eex(keV)  I   Kdom  NY    <Jz>  <Jx**2> <Jy**2> <Jz**2> <I.j>/|I|  <Rx**2> <Ry**2> <Rz**2> <R.j>/|R|  <HROTx> <HROTy> <HROTz>

   1    0.0   7/2-  -7/2  32   -3.26    2.31    2.31   12.01    3.35       2.88    2.88    0.00   -1.38      0.351   0.351   0.000
   2   23.2   9/2-   9/2  33    3.77    2.54    2.54   19.46    4.29       3.28    3.28    0.00   -1.24      0.401   0.401   0.000
   3  630.2   3/2-  -3/2  30   -1.45    4.54    4.54    2.20    1.48       4.64    4.64    0.00   -2.76      0.566   0.566   0.000
   4  683.3   5/2-  -3/2  30   -0.50    4.70    4.70    2.08    2.27       3.39    3.39    0.00   -1.82      0.414   0.414   0.000
   5  734.5   3/2-   1/2  29    0.10    3.93    3.93    0.65    1.32       3.58    3.58    0.00   -2.23      0.437   0.437   0.000
  
   6  773.6   1/2-   1/2  29    0.50    4.77    4.77    0.25    0.32       5.00    5.00    0.00   -3.01      0.609   0.609   0.000
   7  948.9   9/2-  -7/2  32   -2.64    2.42    2.42   12.16    2.90       6.42    6.42    0.00   -0.71      0.783   0.783   0.000
   8  972.0  11/2-   1/2  28   -0.02   24.57   24.57    2.32    6.34       5.69    5.69    0.00   -4.01      0.694   0.694   0.000
   9 1104.2  11/2-   9/2  33    3.11    2.76    2.76   18.68    3.78       7.39    7.39    0.00   -0.42      0.901   0.901   0.000
  10 1485.6   5/2-  -3/2  36   -0.96    2.81    2.81    1.75    0.84       5.57    5.57    0.00   -1.46      0.680   0.680   0.000
  
  11 1503.7   7/2-  -3/2  30   -0.38    4.07    4.07    3.19    1.78       6.48    6.48    0.00   -1.19      0.790   0.790   0.000
  12 1610.2   7/2-   1/2  29    0.01    3.68    3.68    0.83    1.43       6.29    6.29    0.00   -0.71      0.767   0.767   0.000
  13 1631.6   5/2-   5/2  37    1.93    2.43    2.43    4.90    1.82       3.86    3.86    0.00   -1.57      0.471   0.471   0.000
  14 1645.8   7/2-   1/2  28   -0.01   24.15   24.15    1.92    6.18       8.47    8.47   -0.00   -6.24      1.033   1.033  -0.000
  15 1669.6   9/2-  -3/2  30   -0.33    4.90    4.90    1.86    2.35       6.53    6.53    0.00    0.00      0.796   0.796   0.000
  
  16 1895.4   1/2-   1/2  39    0.50    1.51    1.51    0.25    0.72       1.38    1.38   -0.00   -1.59      0.168   0.168  -0.000
  17 2129.1  11/2-  -7/2  32   -2.09    2.51    2.51   12.35    2.61      10.96   10.96    0.00   -0.38      1.336   1.336   0.000
  18 2387.0   5/2-  -3/2  36   -0.27    3.35    3.35    2.12   -0.07       8.98    8.98    0.00   -2.13      1.095   1.095   0.000
  19 2403.7  13/2-   9/2  33    2.55    2.96    2.96   17.97    3.43      12.40   12.40   -0.00    0.01      1.512   1.512  -0.000
  20 2560.7   7/2-   5/2  37   -0.29    3.64    3.64    5.86    1.49       8.54    8.54    0.00   -1.75      1.041   1.041   0.000
  
  21 2739.1   5/2-   1/2  39    0.44    1.64    1.64    0.33    0.32       5.23    5.23   -0.00   -0.82      0.637   0.637  -0.000
  22 2787.9   9/2-   5/2  34   -0.01   24.71   24.71    5.65    5.37      13.21   13.21    0.00   -5.52      1.611   1.611   0.000
  23 3156.1  13/2-   5/2  34   -0.04   24.69   24.69    5.87    5.35      14.62   14.62    0.00   -3.31      1.783   1.783   0.000
  24 3293.2   9/2-  -3/2  36   -1.11    2.46    2.46    2.26    0.75      12.24   12.24    0.00   -0.70      1.493   1.493   0.000
  25 3339.4  11/2-  -3/2  30   -0.36    4.16    4.16    2.40    1.68      13.17   13.17    0.00   -0.13      1.606   1.606   0.000
  
  26 3448.1  11/2-   1/2  29    0.12    3.59    3.59    1.72    1.41      13.88   13.88    0.00   -0.09      1.692   1.692   0.000
  27 3475.4  13/2-  -7/2  32   -0.89    3.87    3.87    6.96    2.44      14.70   14.70    0.00    0.43      1.792   1.792   0.000
  28 3623.1  13/2-  -7/2  32   -1.00    3.83    3.83    7.25    2.34      15.48   15.48    0.00    0.26      1.887   1.887   0.000
  29 3928.4   1/2-   1/2  25    0.50    6.54    6.54    0.25    0.66       6.46    6.46    0.00   -3.55      0.788   0.788   0.000
  30 4208.5   1/2-   1/2  38    0.50   12.42   12.42    0.25   -1.58      14.29   14.29    0.00   -4.95      1.743   1.743   0.000
  
  31 6045.5  13/2-  -3/2  36   -0.65    2.15    2.15    3.05    0.82      22.31   22.31    0.00   -0.24      2.720   2.720   0.000
  32 6947.2   1/2-   1/2  28    0.50   24.86   24.86    0.25   -3.56      28.45   28.45   -0.00   -7.03      3.468   3.468  -0.000
