1SPECTRUM OF (Z= 82 A=207) IN PARTICLE-ROTOR  MODEL WITH MODIFIED OSCILLATOR POTENTIAL


 PARITY=-   EPS= 0.500   GAMMA=  1.5   EPS4=0.000   EPS6=0.000   LEVELS:  25  26  27  28  29  30  31  32  33  34  35  36  37  38  39

 PAIRING FACTORS: GN0= 19.20  GN1=  7.40  IPAIR= 15 ***  E2PLUS(INPUT)=   0.730  E2PLUR(INPUT)=   0.000

 CORIOLIS ATTENUATION PARAMETERS:  CHSI=1.000  ETA=  1.00

 MOMENT OF INERTIA PARAMETERS:   A1=  0.125 MEV   A2=  0.118 MEV   A3=126.48507 MEV


 DELTA=0.847 MEV  LAMBDA=53.4040 MEV   HW0= 7.6548 MEV   LAMBDA/HW0= 6.9766

 E2ENERGY=0.730 MEV  HBAR**2/B=46192./A**(7/3)=7808.6/A**2 MEV

 IREC=0  =>  RECOIL TERMS j+j-, j+j+, jzjz, ETC TREATED AS ONE-BODY OPERATORS WITH UU+VV PAIRING FACTORS



 S. P. LEVEL   EQP       U     V        (UU + VV)**1.00

     25       3.990    0.107 0.994      1.000 1.000 0.990 0.986 0.983 0.974 0.956 0.572 0.470 0.362 0.339 0.277 0.256 0.231 0.199
     26       3.702    0.115 0.993      1.000 1.000 0.991 0.988 0.984 0.976 0.958 0.579 0.477 0.370 0.347 0.286 0.264 0.239 0.208
     27       1.765    0.248 0.969      0.990 0.991 1.000 1.000 0.999 0.996 0.988 0.683 0.591 0.491 0.470 0.412 0.391 0.367 0.337
     28       1.635    0.269 0.963      0.986 0.988 1.000 1.000 1.000 0.998 0.991 0.699 0.609 0.510 0.489 0.432 0.412 0.388 0.358
     29       1.526    0.290 0.957      0.983 0.984 0.999 1.000 1.000 0.999 0.994 0.715 0.626 0.529 0.508 0.451 0.431 0.408 0.378
     30       1.359    0.330 0.944      0.974 0.976 0.996 0.998 0.999 1.000 0.998 0.744 0.658 0.564 0.544 0.489 0.469 0.446 0.417
     31       1.168    0.395 0.919      0.956 0.958 0.988 0.991 0.994 0.998 1.000 0.788 0.709 0.620 0.601 0.548 0.529 0.507 0.479
     32       1.004    0.877 0.481      0.572 0.579 0.683 0.699 0.715 0.744 0.788 1.000 0.993 0.972 0.966 0.947 0.939 0.930 0.918
     33       1.225    0.928 0.373      0.470 0.477 0.591 0.609 0.626 0.658 0.709 0.993 1.000 0.993 0.990 0.978 0.974 0.967 0.959
     34       1.686    0.966 0.260      0.362 0.370 0.491 0.510 0.529 0.564 0.620 0.972 0.993 1.000 1.000 0.996 0.994 0.991 0.986
     35       1.844    0.972 0.236      0.339 0.347 0.470 0.489 0.508 0.544 0.601 0.966 0.990 1.000 1.000 0.998 0.996 0.994 0.990
     36       2.483    0.985 0.173      0.277 0.286 0.412 0.432 0.451 0.489 0.548 0.947 0.978 0.996 0.998 1.000 1.000 0.999 0.997
     37       2.834    0.989 0.151      0.256 0.264 0.391 0.412 0.431 0.469 0.529 0.939 0.974 0.994 0.996 1.000 1.000 1.000 0.998
     38       3.407    0.992 0.125      0.231 0.239 0.367 0.388 0.408 0.446 0.507 0.930 0.967 0.991 0.994 0.999 1.000 1.000 0.999
     39       4.550    0.996 0.093      0.199 0.208 0.337 0.358 0.378 0.417 0.479 0.918 0.959 0.986 0.990 0.997 0.998 0.999 1.000

  R CORE   ENERGY   A0R/A00=1.000    R3= 0     2  
   2( 1)    0.730                    1.000-0.000
   2( 2)  506.184                    0.000 1.000

  R CORE   ENERGY   A0R/A00=1.000    R3= 0     2  
   3( 1)  506.914                    0.000 1.000

  R CORE   ENERGY   A0R/A00=1.000    R3= 0     2     4  
   4( 1)    2.433                    1.000-0.000 0.000

  R CORE   ENERGY   A0R/A00=1.000    R3= 0     2     4  
   5( 1)  509.104                    0.000 1.000-0.000

  R CORE   ENERGY   A0R/A00=1.000    R3= 0     2     4     6  
   6( 1)    5.110                    1.000-0.000 0.000-0.000

  R CORE   ENERGY   A0R/A00=1.000    R3= 0     2     4     6  
   7( 1)  512.267                    0.000 1.000-0.000 0.000
 

             ENERGY     K= 1/2
 
 I=  1/2- (1)  4.577  29: 0.202
                      30: 0.875
                      35:-0.437
                      36:-0.050
 
 I=  1/2- (2)  5.053  32:-0.886
                      33:-0.462
 
 I=  1/2- (3)  6.551  29:-0.113
                      30:-0.426
                      35:-0.890
                      36:-0.111
 
 I=  1/2- (4) 18.011  25: 1.000
 
 I=  1/2- (5)508.542  28: 0.890
                      32:-0.172
                      33: 0.423

             ENERGY     K= 1/2  -3/2
 
 I=  3/2- (1)  4.865  26:-0.022-0.082
                      29:-0.225 0.000
                      30:-0.944 0.001
                      35:-0.064-0.026
                      36:-0.011 0.214
 
 I=  3/2- (2)  5.043  32:-0.503 0.379
                      33:-0.262-0.729

             ENERGY     K= 5/2   1/2  -3/2
 
 I=  5/2- (1)  4.954  26: 0.000 0.018-0.110
                      29: 0.087 0.182 0.000
                      30:-0.021 0.796 0.002
                      35:-0.001-0.501-0.029
                      36:-0.000-0.059 0.239
 
 I=  5/2- (2)  5.257  28:-0.976 0.003 0.001
                      32:-0.044-0.055-0.092
                      33:-0.019-0.028 0.178
 
 I=  5/2- (3)  5.617  25:-0.001 0.052-0.000
                      28: 0.206 0.022 0.004
                      32: 0.009-0.406-0.398
                      33: 0.004-0.211 0.765
 
 I=  5/2- (4)  6.253  32:-0.002-0.785 0.213
                      33:-0.001-0.409-0.409
 
 I=  5/2- (5)  6.773  26:-0.000-0.001 0.476
                      29:-0.815-0.008-0.003
                      30: 0.194-0.021-0.011
                      35: 0.011-0.258-0.007
                      36: 0.001-0.032 0.058

             ENERGY     K= 5/2   1/2  -3/2  -7/2
 
 I=  7/2- (1)  4.386  28: 0.120-0.000 0.000-0.001
                      31: 0.000 0.000-0.000 0.991
 
 I=  7/2- (2)  5.296  26: 0.000 0.018 0.302 0.000
                      29: 0.314 0.190-0.001 0.000
                      30:-0.075 0.786-0.006 0.000
                      34:-0.000 0.007 0.018 0.135
                      35:-0.004 0.236 0.033-0.005
                      36:-0.000 0.032-0.273 0.008
 
 I=  7/2- (3)  5.822  28: 0.755-0.003 0.001 0.000
                      31: 0.001 0.000-0.008-0.107
                      32: 0.034 0.054-0.070 0.002
                      33: 0.015 0.028 0.134-0.002
                      37:-0.000-0.000-0.001 0.624
 
 I=  7/2- (4)  6.273  32: 0.000 0.610-0.316 0.000
                      33: 0.000 0.318 0.608-0.001
                      37:-0.000-0.000-0.003-0.234
 
 I=  7/2- (5)  6.526  26:-0.000 0.009-0.325-0.001
                      29:-0.647 0.089 0.002-0.000
                      30: 0.154 0.368 0.008-0.000
                      34: 0.000 0.003 0.014-0.511
                      35: 0.008 0.097 0.023 0.019
                      36: 0.001 0.013-0.188-0.032

             ENERGY     K= 9/2   5/2   1/2  -3/2  -7/2
 
 I=  9/2- (1)  5.147  28:-0.000-0.149 0.000 0.000-0.001
                      31:-0.000-0.000-0.000-0.001 0.860
                      37: 0.000 0.000 0.000-0.000 0.080
                      38: 0.478 0.000-0.000 0.000-0.000
 
 I=  9/2- (2)  5.748  26:-0.000-0.000-0.012 0.386 0.001
                      29:-0.000-0.522-0.119-0.002 0.000
                      30: 0.000 0.124-0.516-0.008 0.000
                      34:-0.000 0.000 0.008 0.013 0.378
                      35:-0.000 0.007 0.263 0.025-0.014
                      36: 0.000 0.001 0.030-0.211 0.024
                      39:-0.152 0.001-0.000-0.000-0.000
 
 I=  9/2- (3)  6.449  28: 0.000-0.094 0.000 0.000-0.001
                      31: 0.000-0.000-0.000-0.001 0.475
                      37:-0.000 0.000 0.000-0.000-0.132
                      38:-0.865 0.000-0.000-0.000 0.000
 
 I=  9/2- (4)  6.528  26: 0.000 0.000-0.012-0.164-0.001
                      29: 0.000 0.375-0.124 0.001-0.000
                      30:-0.000-0.089-0.548 0.004-0.000
                      34: 0.000-0.000 0.014 0.016-0.442
                      35: 0.000-0.005 0.464 0.027 0.017
                      36:-0.000-0.001 0.055-0.226-0.028
                      39: 0.206-0.001-0.000-0.000 0.000
 
 I=  9/2- (5)  6.750  28:-0.000 0.731-0.003-0.001-0.000
                      31:-0.000 0.001 0.000 0.009 0.138
                      32:-0.000 0.033 0.051 0.077-0.003
                      33:-0.000 0.014 0.027-0.148 0.004
                      37: 0.000-0.000-0.000 0.001-0.637
                      38: 0.090 0.000 0.000-0.000 0.000

             ENERGY     K= 9/2   5/2   1/2  -3/2  -7/2 -11/2
 
 I= 11/2- (1)  3.517  27: 0.000-0.000 0.000 0.000-0.000-1.000
 
 I= 11/2- (2)  5.822  26: 0.000 0.000 0.010 0.429 0.001 0.000
                      29: 0.000 0.547 0.109-0.002 0.000 0.000
                      30:-0.000-0.130 0.447-0.009 0.000 0.000
                      34: 0.000-0.000 0.005 0.011 0.426 0.000
                      35: 0.000-0.007 0.171 0.021-0.016-0.000
                      36:-0.000-0.001 0.023-0.175 0.027 0.000
                      39: 0.210-0.001 0.000-0.000-0.000-0.000
 
 I= 11/2- (3)  6.213  28:-0.000-0.174 0.000-0.000 0.001 0.000
                      31:-0.000-0.000-0.000 0.001-0.813-0.000
                      37: 0.000 0.000 0.000 0.000-0.116 0.000
                      38: 0.541 0.000-0.000-0.000 0.000-0.000
 
 I= 11/2- (4)  7.284  29:-0.001-0.223 0.158 0.000-0.000 0.000
                      30: 0.000 0.053 0.649 0.000-0.000 0.000
                      34:-0.000 0.000 0.008 0.018-0.505-0.000
                      35:-0.000 0.003 0.264 0.033 0.019 0.000
                      36: 0.000 0.000 0.035-0.270-0.032-0.000
                      39:-0.314 0.000 0.000-0.000 0.000 0.000
 
 I= 11/2- (5)  7.945  28: 0.000-0.703 0.004-0.001-0.000-0.000
                      31: 0.000-0.001-0.001 0.010 0.199 0.000
                      32: 0.000-0.032-0.076 0.083-0.005 0.000
                      33: 0.000-0.014-0.040-0.159 0.006 0.000
                      37:-0.000 0.000 0.000 0.001-0.648 0.000
                      38:-0.071-0.000-0.000-0.000 0.000-0.000

             ENERGY     K=13/2   9/2   5/2   1/2  -3/2  -7/2 -11/2
 
 I= 13/2- (1)  5.097  27:-0.000 0.000 0.000-0.000-0.000 0.000 0.999
 
 I= 13/2- (2)  6.501  26:-0.000-0.000-0.000-0.005 0.417 0.001 0.000
                      29: 0.000-0.001-0.588-0.058-0.002 0.000 0.000
                      30:-0.000 0.000 0.140-0.246-0.009 0.000 0.000
                      34: 0.000-0.000 0.000 0.002 0.007 0.535 0.000
                      35: 0.000-0.000 0.008 0.071 0.014-0.020-0.000
                      36: 0.000 0.000 0.001 0.008-0.119 0.034 0.000
                      39: 0.000-0.300 0.001-0.000-0.000-0.000-0.000
 
 I= 13/2- (3)  7.541  28: 0.000-0.000-0.196 0.000 0.000-0.001-0.000
                      31:-0.000-0.000-0.000-0.000-0.001 0.785 0.000
                      37:-0.000 0.000 0.000 0.000-0.000 0.143-0.000
                      38:-0.000 0.568 0.000-0.000 0.000-0.000 0.000
 
 I= 13/2- (4)  8.441  26: 0.000-0.000-0.000 0.015-0.109 0.001 0.000
                      29:-0.000-0.001-0.037 0.152 0.000 0.000-0.000
                      30: 0.000 0.000 0.009 0.666 0.001 0.000-0.000
                      34: 0.000-0.000 0.000-0.014-0.021 0.351 0.000
                      35: 0.000-0.000 0.001-0.476-0.037-0.013-0.000
                      36:-0.000 0.000 0.000-0.056 0.310 0.022 0.000
                      39: 0.000-0.261 0.000 0.000 0.000-0.000-0.000
 
 I= 13/2- (5)  9.393  28: 0.000 0.000-0.699 0.004 0.001 0.000 0.000
                      31: 0.000 0.000-0.001-0.001-0.011-0.191-0.000
                      32:-0.000 0.000-0.031-0.075-0.095 0.005 0.000
                      33:-0.000 0.000-0.014-0.039 0.182-0.006-0.000
                      37: 0.000-0.000 0.000 0.000-0.001 0.635-0.000
                      38: 0.000-0.143-0.000-0.000 0.000-0.000 0.000

             ENERGY     K=13/2   9/2   5/2   1/2  -3/2  -7/2 -11/2
  32 LEVELS    TIME=  0.0 SEC



 ******************* EXCITATION ENERGIES, DOMINANT CONFIGURATION AND EXPECTATION VALUES (WITH S.P. UU+VV FACTORS) *******************

  NR  Eex(keV)  I   Kdom  NY    <Jz>  <Jx**2> <Jy**2> <Jz**2> <I.j>/|I|  <Rx**2> <Ry**2> <Rz**2> <R.j>/|R|  <HROTx> <HROTy> <HROTz>

   1    0.0  11/2-  11/2  27   -5.50    2.77    2.73   30.23    5.06       5.51    5.47    0.00   -1.65      0.691   0.645   0.413
   2  869.2   7/2-   7/2  31   -3.41    6.49    6.23   12.14    3.11       8.08    7.82    0.01   -3.14      1.013   0.921   1.276
   3 1059.7   1/2-   1/2  30    0.50   13.16   13.03    0.25    1.02      12.79   12.64    0.00   -5.07      1.604   1.490   0.020
   4 1348.6   3/2-   1/2  30    0.39   14.23   14.09    0.36    1.34      13.65   13.60    0.00   -5.00      1.712   1.603   0.113
   5 1436.7   5/2-   1/2  30    0.38   13.70   13.60    0.44    1.54      13.75   13.64    0.00   -4.43      1.724   1.608   0.035
  
   6 1526.1   3/2-   3/2  33   -0.85    5.12    5.48    1.62    1.20       5.46    5.85    0.02   -2.94      0.685   0.689   2.531
   7 1535.7   1/2-   1/2  32    0.50    5.11    5.47    0.27    0.06       5.56    5.92    0.02   -3.18      0.697   0.698   2.604
   8 1579.9  13/2-  11/2  27   -5.49    2.77    2.73   30.23    4.33      12.00   11.96    0.00   -1.12      1.505   1.410   0.414
   9 1629.9   9/2-   7/2  31   -1.54    5.57    5.33   13.91    3.26       8.62    8.45    0.01   -2.07      1.082   0.997   1.368
  10 1740.6   5/2-   5/2  28    2.33    6.20    6.10    6.06    2.10       7.37    7.27    0.01   -3.17      0.925   0.857   1.863
  
  11 1779.6   7/2-   1/2  30    0.30   16.83   16.77    1.43    2.91      13.80   13.87    0.00   -4.46      1.730   1.635   0.216
  12 2100.5   5/2-   3/2  33   -0.90    5.18    5.53    2.02    0.95       7.72    8.12    0.02   -2.49      0.969   0.957   2.513
  13 2230.7   9/2-   5/2  29    0.21   19.25   19.09    4.56    3.89      14.53   14.44    0.00   -4.38      1.823   1.702   0.261
  14 2304.8   7/2-   5/2  28   -0.01    4.65    4.54    8.53    2.52       6.77    6.71    0.02   -2.11      0.849   0.792   2.098
  15 2305.1  11/2-   5/2  29    0.15   20.71   20.55    5.64    4.60      13.75   13.87    0.00   -3.69      1.725   1.635   0.368
  
  16 2696.2  11/2-   7/2  31   -0.98    5.29    5.06   14.38    3.03      12.19   12.07    0.01   -1.34      1.529   1.423   1.402
  17 2735.7   5/2-   1/2  32    0.08    5.12    5.48    0.71   -0.21      10.48   10.81    0.02   -2.58      1.315   1.274   2.581
  18 2756.6   7/2-   1/2  32   -0.66    4.96    5.30    1.87    0.90      10.16   10.55    0.02   -1.88      1.274   1.244   2.545
  19 2931.7   9/2-   9/2  38    2.53    3.33    3.16   18.13    3.32       8.27    8.02    0.01   -2.00      1.038   0.946   1.591
  20 2984.3  13/2-   5/2  29    0.06   21.85   21.57    8.06    4.92      15.69   15.81    0.00   -3.05      1.968   1.864   0.443
  
  21 3009.1   7/2-   5/2  29    0.05   20.98   20.77    6.33    3.48      18.09   18.09    0.00   -5.70      2.269   2.133   0.314
  22 3011.2   9/2-   1/2  30    0.02   17.19   16.99    4.50    2.66      18.43   18.48    0.00   -4.18      2.312   2.178   0.224
  23 3033.8   1/2-   1/2  35    0.50   16.89   17.16    0.25   -0.85      18.14   18.38    0.00   -5.80      2.275   2.167   0.348
  24 3233.0   9/2-   5/2  28   -0.15    4.54    4.43    8.77    2.18      10.39   10.38    0.02   -1.51      1.304   1.224   2.110
  25 3256.4   5/2-   5/2  29    1.44   22.06   22.00    4.92    3.63      18.12   18.12    0.00   -6.35      2.273   2.137   0.325
  
  26 3767.3  11/2-   1/2  30   -0.18   18.14   17.86    5.76    3.04      20.49   20.63    0.00   -3.67      2.571   2.432   0.391
  27 4024.4  13/2-   7/2  31   -0.69    5.15    4.92   14.58    2.80      17.20   17.11    0.01   -0.87      2.158   2.018   1.423
  28 4428.2  11/2-   5/2  28   -0.39    4.47    4.36    8.89    1.92      15.26   15.28    0.02   -1.13      1.915   1.802   2.119
  29 4924.5  13/2-   1/2  30    0.06   15.52   15.32    3.32    2.18      26.23   26.20    0.00   -2.61      3.290   3.089   0.191
  30 5876.1  13/2-   5/2  28   -0.28    4.47    4.37    8.95    1.73      21.17   21.24    0.02   -0.88      2.656   2.504   2.118
  
  3114494.3   1/2-   1/2  25    0.52    6.03    9.20    0.36    0.71       5.87    9.14    0.10   -3.85      0.736   1.077  12.209
  32*******   1/2-   1/2  28    1.66    6.08    5.92    5.40    0.81       6.45    6.30    4.00   -4.08      0.809   0.742 505.448
