1SPECTRUM OF (Z= 82 A=207) IN PARTICLE-ROTOR  MODEL WITH MODIFIED OSCILLATOR POTENTIAL


 PARITY=-   EPS= 0.188   GAMMA=  0.0   EPS4=0.000   EPS6=0.000   LEVELS:  25  26  27  28  29  30  31  32  33  34  35  36  37  38  39

 PAIRING FACTORS: GN0= 19.20  GN1=  7.40  IPAIR= 15 ***  E2PLUS(INPUT)=   0.730  E2PLUR(INPUT)=   0.000

 CORIOLIS ATTENUATION PARAMETERS:  CHSI=1.000  ETA=  1.00

 MOMENT OF INERTIA PARAMETERS:   A1=  0.122 MEV   A2=  0.122 MEV   A3=121.91925 MEV


 DELTA=0.924 MEV  LAMBDA=53.4701 MEV   HW0= 7.4415 MEV   LAMBDA/HW0= 7.1854

 E2ENERGY=0.730 MEV  HBAR**2/B= 6553./A**(7/3)=1107.8/A**2 MEV

 IREC=0  =>  RECOIL TERMS j+j-, j+j+, jzjz, ETC TREATED AS ONE-BODY OPERATORS WITH UU+VV PAIRING FACTORS



 S. P. LEVEL   EQP       U     V        (UU + VV)**1.00

     25       4.294    0.108 0.994      1.000 1.000 1.000 0.998 0.995 0.994 0.992 0.769 0.665 0.456 0.422 0.375 0.315 0.265 0.228
     26       3.962    0.117 0.993      1.000 1.000 1.000 0.999 0.996 0.995 0.993 0.775 0.672 0.464 0.430 0.383 0.324 0.274 0.237
     27       3.780    0.123 0.992      1.000 1.000 1.000 0.999 0.996 0.995 0.993 0.778 0.676 0.469 0.435 0.389 0.329 0.279 0.243
     28       2.820    0.166 0.986      0.998 0.999 0.999 1.000 0.999 0.999 0.997 0.805 0.707 0.507 0.474 0.428 0.370 0.321 0.285
     29       2.284    0.207 0.978      0.995 0.996 0.996 0.999 1.000 1.000 1.000 0.829 0.736 0.542 0.510 0.465 0.408 0.360 0.324
     30       2.179    0.217 0.976      0.994 0.995 0.995 0.999 1.000 1.000 1.000 0.835 0.743 0.551 0.519 0.475 0.418 0.370 0.334
     31       2.017    0.236 0.972      0.992 0.993 0.993 0.997 1.000 1.000 1.000 0.845 0.756 0.567 0.535 0.491 0.435 0.387 0.352
     32       0.925    0.719 0.695      0.769 0.775 0.778 0.805 0.829 0.835 0.845 1.000 0.989 0.920 0.904 0.881 0.849 0.820 0.798
     33       0.978    0.815 0.580      0.665 0.672 0.676 0.707 0.736 0.743 0.756 0.989 1.000 0.968 0.958 0.942 0.918 0.896 0.879
     34       1.388    0.934 0.356      0.456 0.464 0.469 0.507 0.542 0.551 0.567 0.920 0.968 1.000 0.999 0.996 0.988 0.979 0.971
     35       1.520    0.947 0.321      0.422 0.430 0.435 0.474 0.510 0.519 0.535 0.904 0.958 0.999 1.000 0.999 0.993 0.986 0.979
     36       1.764    0.962 0.272      0.375 0.383 0.389 0.428 0.465 0.475 0.491 0.881 0.942 0.996 0.999 1.000 0.998 0.993 0.988
     37       2.247    0.978 0.210      0.315 0.324 0.329 0.370 0.408 0.418 0.435 0.849 0.918 0.988 0.993 0.998 1.000 0.999 0.996
     38       2.948    0.987 0.159      0.265 0.274 0.279 0.321 0.360 0.370 0.387 0.820 0.896 0.979 0.986 0.993 0.999 1.000 0.999
     39       3.837    0.993 0.121      0.228 0.237 0.243 0.285 0.324 0.334 0.352 0.798 0.879 0.971 0.979 0.988 0.996 0.999 1.000

  R CORE   ENERGY   A0R/A00=1.000    R3= 0     2  
   2( 1)    0.732                    1.000 0.000
   2( 2)  487.921                    0.000 1.000

  R CORE   ENERGY   A0R/A00=1.000    R3= 0     2  
   3( 1)  488.652                    0.000 1.000

  R CORE   ENERGY   A0R/A00=1.000    R3= 0     2     4  
   4( 1)    2.438                    1.000 0.000 0.000

  R CORE   ENERGY   A0R/A00=1.000    R3= 0     2     4  
   5( 1)  490.847                    0.000 1.000 0.000

  R CORE   ENERGY   A0R/A00=1.000    R3= 0     2     4     6  
   6( 1)    5.121                    1.000 0.000 0.000 0.000

  R CORE   ENERGY   A0R/A00=1.000    R3= 0     2     4     6  
   7( 1)  494.017                    0.000 1.000 0.000 0.000

          AXIAL SYMMETRY => K RESTRICTED TO OMEGA

                     K
     S.P. ORB#: 25  2.50
     S.P. ORB#: 26  0.50
     S.P. ORB#: 27 -3.50
     S.P. ORB#: 28 -3.50
     S.P. ORB#: 29  4.50
     S.P. ORB#: 30  0.50
     S.P. ORB#: 31 -1.50
     S.P. ORB#: 32 -1.50
     S.P. ORB#: 33  2.50
     S.P. ORB#: 34  0.50
     S.P. ORB#: 35  0.50
     S.P. ORB#: 36 -1.50
     S.P. ORB#: 37  2.50
     S.P. ORB#: 38 -3.50
     S.P. ORB#: 39  4.50
 

             ENERGY    K= OMEGA
 
 I=  1/2- (1)  1.636  26:-0.061
                      34:-0.998
 
 I=  1/2- (2)  3.209  30: 0.999
 
 I=  1/2- (3)  5.125  26: 0.998
                      34:-0.061
 
 I=  1/2- (4)  9.509  35: 1.000
 
 I=  1/2- (5)147.228  32: 1.000

             ENERGY    K= OMEGA
 
 I=  3/2- (1)  1.404  30: 0.189
                      31: 0.108
                      32: 0.972
                      34:-0.079
 
 I=  3/2- (2)  2.287  30:-0.154
                      31:-0.130
                      32: 0.124
                      34: 0.972

             ENERGY    K= OMEGA
 
 I=  5/2- (1)  1.453  26: 0.051
                      30:-0.135
                      31:-0.182
                      32: 0.414
                      33: 0.878
                      34:-0.063
 
 I=  5/2- (2)  2.023  30:-0.221
                      31: 0.166
                      32: 0.868
                      33:-0.406
 
 I=  5/2- (3)  2.313  30: 0.148
                      31: 0.190
                      33: 0.128
                      34: 0.962
 
 I=  5/2- (4)  3.299  26: 0.382
                      30:-0.454
                      31:-0.738
                      32:-0.078
                      33:-0.190
                      34: 0.247
 
 I=  5/2- (5)  4.547  26:-0.065
                      30: 0.800
                      31:-0.528
                      32: 0.255
                      33:-0.104

             ENERGY    K= OMEGA
 
 I=  7/2- (1)  2.084  30: 0.181
                      31:-0.215
                      32: 0.504
                      33:-0.815
 
 I=  7/2- (2)  2.678  25:-0.068
                      26:-0.172
                      28: 0.070
                      30:-0.347
                      31:-0.294
                      32:-0.718
                      33:-0.446
                      34: 0.197
 
 I=  7/2- (3)  3.552  25:-0.243
                      27:-0.102
                      28: 0.955
                      30: 0.058
                      31: 0.061
                      34:-0.093
 
 I=  7/2- (4)  3.886  26: 0.090
                      28:-0.102
                      30: 0.154
                      31: 0.229
                      32:-0.310
                      33:-0.208
                      34:-0.875
 
 I=  7/2- (5)  3.922  35: 0.724
                      36: 0.574
                      37: 0.352
                      38: 0.149

             ENERGY    K= OMEGA
 
 I=  9/2- (1)  2.747  26: 0.175
                      27:-0.092
                      29: 0.168
                      30:-0.299
                      31:-0.354
                      32: 0.470
                      33: 0.681
                      34:-0.173
 
 I=  9/2- (2)  3.036  25: 0.077
                      27: 0.246
                      28: 0.195
                      29:-0.926
                      30:-0.071
                      31:-0.083
                      32: 0.087
                      33: 0.117
                      34:-0.052
 
 I=  9/2- (3)  3.859  25: 0.127
                      28: 0.176
                      30: 0.196
                      31:-0.314
                      32:-0.757
                      33: 0.349
                      34:-0.341
 
 I=  9/2- (4)  3.926  26: 0.102
                      28:-0.091
                      30:-0.288
                      31:-0.132
                      32: 0.088
                      33:-0.490
                      34:-0.794
 
 I=  9/2- (5)  4.477  25:-0.307
                      27: 0.120
                      28:-0.895
                      29:-0.184
                      30: 0.094
                      31:-0.064
                      32:-0.169
                      33: 0.125

             ENERGY    K= OMEGA
 
 I= 11/2- (1)  2.692  35:-0.660
                      36:-0.565
                      37:-0.413
                      38:-0.250
                      39:-0.113
 
 I= 11/2- (2)  3.875  25:-0.130
                      27: 0.282
                      28: 0.194
                      29: 0.632
                      30:-0.180
                      31: 0.189
                      32:-0.383
                      33: 0.501
 
 I= 11/2- (3)  4.088  25: 0.061
                      27:-0.195
                      28:-0.188
                      29:-0.628
                      30:-0.209
                      31: 0.213
                      32:-0.411
                      33: 0.520
 
 I= 11/2- (4)  4.660  25:-0.103
                      26:-0.286
                      28: 0.128
                      30:-0.417
                      31:-0.404
                      32:-0.548
                      33:-0.440
                      34: 0.242
 
 I= 11/2- (5)  5.584  25:-0.368
                      26: 0.090
                      27:-0.157
                      28: 0.854
                      29:-0.257
                      30: 0.114
                      31: 0.106
                      34:-0.111

             ENERGY    K= OMEGA
 
 I= 13/2- (1)  4.341  35:-0.185
                      36: 0.482
                      37:-0.602
                      38: 0.527
                      39:-0.307
 
 I= 13/2- (2)  4.750  25:-0.083
                      26: 0.279
                      27:-0.144
                      28:-0.084
                      29: 0.219
                      30:-0.385
                      31:-0.432
                      32: 0.420
                      33: 0.532
                      34:-0.214
 
 I= 13/2- (3)  5.173  25: 0.166
                      26: 0.108
                      27: 0.361
                      28: 0.306
                      29:-0.814
                      30:-0.137
                      31:-0.157
                      32: 0.090
                      33: 0.113
                      34:-0.098
 
 I= 13/2- (4)  6.499  25:-0.162
                      26:-0.127
                      27: 0.054
                      28:-0.195
                      29:-0.151
                      31: 0.315
                      32: 0.612
                      33: 0.104
                      34: 0.639
 
 I= 13/2- (5)  6.585  25: 0.208
                      26:-0.082
                      27:-0.119
                      28: 0.372
                      29: 0.087
                      30: 0.326
                      31:-0.093
                      32:-0.303
                      33: 0.636
                      34: 0.422

             ENERGY     K= 9/2
  32 LEVELS    TIME=  0.0 SEC



 ******************* EXCITATION ENERGIES, DOMINANT CONFIGURATION AND EXPECTATION VALUES (WITH S.P. UU+VV FACTORS) *******************

  NR  Eex(keV)  I   Kdom  NY    <Jz>  <Jx**2> <Jy**2> <Jz**2> <I.j>/|I|  <Rx**2> <Ry**2> <Rz**2> <R.j>/|R|  <HROTx> <HROTy> <HROTz>

   1    0.0   3/2-  -3/2  32   -1.41    1.54    1.54    2.16    1.45       1.69    1.69   -0.00   -1.33      0.206   0.206  -0.000
   2   49.1   5/2-   5/2  33    1.63    1.85    1.85    5.28    2.42       1.71    1.71   -0.00   -0.99      0.209   0.209  -0.000
   3  231.8   1/2-   1/2  34    0.50    1.20    1.20    0.25    0.83       0.98    0.98   -0.00   -1.38      0.119   0.119  -0.000
   4  618.8   5/2-  -3/2  32   -0.73    1.55    1.55    2.81    1.11       4.06    4.06    0.00   -0.93      0.495   0.495   0.000
   5  680.2   7/2-   5/2  33    1.22    1.96    1.96    4.86    2.03       4.20    4.20   -0.00   -0.25      0.512   0.512  -0.000
  
   6  883.4   3/2-   1/2  34    0.44    1.32    1.32    0.31   -0.12       3.60    3.60   -0.00   -1.19      0.439   0.439  -0.000
   7  908.6   5/2-   1/2  34    0.46    1.56    1.56    0.42    0.84       3.65    3.65   -0.00   -0.39      0.446   0.446  -0.000
   8 1273.8   7/2-  -3/2  32   -0.32    1.74    1.74    2.74    1.36       5.59    5.59    0.00   -0.25      0.681   0.681   0.000
   9 1288.5  11/2-   1/2  35    0.00   27.96   27.96    2.92    7.33       3.49    3.49    0.00   -5.69      0.426   0.426   0.000
  10 1342.9   9/2-   5/2  33    0.81    2.72    2.72    4.41    2.35       5.62    5.62    0.00    0.54      0.685   0.685   0.000
  
  11 1632.0   9/2-   9/2  29    3.54    2.67    2.67   18.73    4.36       2.70    2.70    0.00   -1.02      0.329   0.329   0.000
  12 1805.2   1/2-   1/2  30    0.50    4.06    4.06    0.25    0.39       4.22    4.22    0.00   -2.76      0.514   0.514   0.000
  13 1895.5   5/2-  -3/2  31   -0.53    3.82    3.82    1.57    1.58       4.29    4.29    0.00   -1.54      0.524   0.524   0.000
  14 2148.5   7/2-  -7/2  28   -3.08    2.36    2.36   11.69    3.38       2.68    2.68    0.00   -1.30      0.326   0.326   0.000
  15 2454.6   9/2-  -3/2  32   -0.69    1.54    1.54    2.85    0.95      10.63   10.63    0.00   -0.27      1.296   1.296   0.000
  
  16 2471.5  11/2-   9/2  29    1.80    2.75    2.75   11.62    3.08       8.03    8.03    0.00    0.32      0.980   0.980   0.000
  17 2482.5   7/2-   1/2  34    0.25    1.70    1.70    0.93   -0.03      10.14   10.14    0.00   -0.98      1.237   1.237   0.000
  18 2517.8   7/2-   1/2  35    0.00   28.29   28.29    1.92    7.08       9.02    9.02   -0.00   -7.16      1.100   1.100  -0.000
  19 2521.8   9/2-   1/2  34    0.89    2.04    2.04    1.87    1.01      10.32   10.32   -0.00   -0.20      1.258   1.258  -0.000
  20 2683.8  11/2-   9/2  29    1.90    2.49    2.49   11.09    2.74       9.51    9.51    0.00    0.08      1.160   1.160   0.000
  
  21 2936.8  13/2-   5/2  37    0.03   26.18   26.18    8.10    6.71       7.74    7.74    0.00   -3.46      0.943   0.943   0.000
  22 3073.4   9/2-  -7/2  28   -2.47    2.47    2.47   11.43    2.80       6.62    6.62    0.00   -0.67      0.807   0.807   0.000
  23 3143.0   5/2-   1/2  30   -0.16    4.10    4.10    1.01   -0.43      10.25   10.25    0.00   -2.31      1.249   1.249   0.000
  24 3255.7  11/2-  -3/2  32   -0.09    2.13    2.13    2.64    1.52      12.22   12.22    0.00    0.45      1.490   1.490   0.000
  25 3345.9  13/2-   5/2  33    0.43    3.49    3.49    4.01    2.51      12.31   12.31    0.00    1.33      1.501   1.501   0.000
  
  26 3720.9   1/2-   1/2  26    0.50    4.91    4.91    0.25    0.68       4.82    4.82   -0.00   -3.05      0.587   0.587  -0.000
  27 3768.6  13/2-   9/2  29    2.27    3.30    3.30   16.50    3.61      10.71   10.71    0.00    0.46      1.306   1.306   0.000
  28 4179.6  11/2-  -7/2  28   -2.00    2.63    2.63   11.44    2.60      10.67   10.67    0.00   -0.25      1.301   1.301   0.000
  29 5095.4  13/2-   1/2  34   -0.45    1.73    1.73    2.37    0.96      20.62   20.62    0.00    0.13      2.514   2.514   0.000
  30 5181.1  13/2-   5/2  33    0.61    2.18    2.18    5.12    1.27      20.23   20.23    0.00   -0.09      2.467   2.467   0.000
  
  31 8105.4   1/2-   1/2  35    0.50   28.74   28.74    0.25   -4.07      32.77   32.77    0.00   -7.57      3.995   3.995   0.000
  32*******   1/2-  -3/2  32    0.00    0.00    0.00    0.00   -0.00       0.00    0.00    0.00   -0.00      0.000   0.000   0.000
