1SPECTRUM OF (Z= 82 A=207) IN PARTICLE-ROTOR  MODEL WITH MODIFIED OSCILLATOR POTENTIAL


 PARITY=-   EPS= 0.205   GAMMA=  0.0   EPS4=0.000   EPS6=0.000   LEVELS:  24  25  26  27  28  29  30  31  32  33  34  35  36  37  38

 PAIRING FACTORS: GN0= 19.20  GN1=  7.40  IPAIR= 15 ***  E2PLUS(INPUT)=   0.730  E2PLUR(INPUT)=   0.000

 CORIOLIS ATTENUATION PARAMETERS:  CHSI=1.000  ETA=  1.00

 MOMENT OF INERTIA PARAMETERS:   A1=  0.122 MEV   A2=  0.122 MEV   A3=121.91924 MEV


 DELTA=0.944 MEV  LAMBDA=53.4865 MEV   HW0= 7.4474 MEV   LAMBDA/HW0= 7.1819

 E2ENERGY=0.730 MEV  HBAR**2/B= 7792./A**(7/3)=1317.3/A**2 MEV

 IREC=0  =>  RECOIL TERMS j+j-, j+j+, jzjz, ETC TREATED AS ONE-BODY OPERATORS WITH UU+VV PAIRING FACTORS



 S. P. LEVEL   EQP       U     V        (UU + VV)**1.00

     24       5.201    0.091 0.996      1.000 1.000 1.000 0.999 0.996 0.991 0.990 0.987 0.680 0.579 0.477 0.406 0.403 0.321 0.257
     25       4.219    0.113 0.994      1.000 1.000 1.000 1.000 0.997 0.993 0.993 0.991 0.696 0.596 0.496 0.425 0.423 0.342 0.278
     26       4.061    0.117 0.993      1.000 1.000 1.000 1.000 0.998 0.994 0.993 0.991 0.699 0.600 0.500 0.429 0.427 0.346 0.282
     27       3.693    0.129 0.992      0.999 1.000 1.000 1.000 0.998 0.995 0.994 0.993 0.707 0.609 0.510 0.440 0.437 0.357 0.294
     28       2.617    0.183 0.983      0.996 0.997 0.998 0.998 1.000 0.999 0.999 0.998 0.745 0.652 0.557 0.489 0.486 0.408 0.346
     29       2.133    0.227 0.974      0.991 0.993 0.994 0.995 0.999 1.000 1.000 1.000 0.774 0.685 0.594 0.528 0.525 0.449 0.388
     30       2.087    0.233 0.973      0.990 0.993 0.993 0.994 0.999 1.000 1.000 1.000 0.778 0.689 0.598 0.532 0.530 0.453 0.393
     31       1.970    0.247 0.969      0.987 0.991 0.991 0.993 0.998 1.000 1.000 1.000 0.787 0.700 0.610 0.545 0.542 0.467 0.407
     32       0.976    0.792 0.610      0.680 0.696 0.699 0.707 0.745 0.774 0.778 0.787 1.000 0.991 0.969 0.946 0.945 0.913 0.883
     33       1.087    0.865 0.502      0.579 0.596 0.600 0.609 0.652 0.685 0.689 0.700 0.991 1.000 0.993 0.980 0.980 0.958 0.937
     34       1.300    0.919 0.395      0.477 0.496 0.500 0.510 0.557 0.594 0.598 0.610 0.969 0.993 1.000 0.997 0.997 0.986 0.972
     35       1.553    0.947 0.321      0.406 0.425 0.429 0.440 0.489 0.528 0.532 0.545 0.946 0.980 0.997 1.000 1.000 0.996 0.988
     36       1.565    0.948 0.318      0.403 0.423 0.427 0.437 0.486 0.525 0.530 0.542 0.945 0.980 0.997 1.000 1.000 0.996 0.988
     37       2.076    0.972 0.234      0.321 0.342 0.346 0.357 0.408 0.449 0.453 0.467 0.913 0.958 0.986 0.996 0.996 1.000 0.998
     38       2.848    0.986 0.168      0.257 0.278 0.282 0.294 0.346 0.388 0.393 0.407 0.883 0.937 0.972 0.988 0.988 0.998 1.000

  R CORE   ENERGY   A0R/A00=1.000    R3= 0     2  
   2( 1)    0.732                    1.000 0.000
   2( 2)  487.921                    0.000 1.000

  R CORE   ENERGY   A0R/A00=1.000    R3= 0     2  
   3( 1)  488.652                    0.000 1.000

  R CORE   ENERGY   A0R/A00=1.000    R3= 0     2     4  
   4( 1)    2.438                    1.000 0.000 0.000

  R CORE   ENERGY   A0R/A00=1.000    R3= 0     2     4  
   5( 1)  490.847                    0.000 1.000 0.000

  R CORE   ENERGY   A0R/A00=1.000    R3= 0     2     4     6  
   6( 1)    5.121                    1.000 0.000 0.000 0.000

  R CORE   ENERGY   A0R/A00=1.000    R3= 0     2     4     6  
   7( 1)  494.017                    0.000 1.000 0.000 0.000

          AXIAL SYMMETRY => K RESTRICTED TO OMEGA

                     K
     S.P. ORB#: 24  2.50
     S.P. ORB#: 25  2.50
     S.P. ORB#: 26  0.50
     S.P. ORB#: 27 -3.50
     S.P. ORB#: 28 -3.50
     S.P. ORB#: 29  0.50
     S.P. ORB#: 30  4.50
     S.P. ORB#: 31 -1.50
     S.P. ORB#: 32 -1.50
     S.P. ORB#: 33  2.50
     S.P. ORB#: 34  0.50
     S.P. ORB#: 35 -1.50
     S.P. ORB#: 36  0.50
     S.P. ORB#: 37  2.50
     S.P. ORB#: 38 -3.50
 

             ENERGY    K= OMEGA
 
 I=  1/2- (1)  1.827  26:-0.058
                      36:-0.998
 
 I=  1/2- (2)  3.193  29: 0.999
 
 I=  1/2- (3)  5.286  26: 0.998
                      36:-0.059
 
 I=  1/2- (4)  9.147  34:-1.000
 
 I=  1/2- (5)147.279  32: 1.000

             ENERGY    K= OMEGA
 
 I=  3/2- (1)  1.469  29: 0.184
                      31: 0.101
                      32: 0.974
                      36:-0.071
 
 I=  3/2- (2)  2.464  29: 0.179
                      31: 0.168
                      32:-0.123
                      36:-0.961

             ENERGY    K= OMEGA
 
 I=  5/2- (1)  1.564  26:-0.051
                      29: 0.138
                      31: 0.176
                      32:-0.442
                      33:-0.865
                      36: 0.052
 
 I=  5/2- (2)  2.105  29: 0.207
                      31:-0.172
                      32:-0.857
                      33: 0.433
                      36:-0.057
 
 I=  5/2- (3)  2.489  29:-0.184
                      31:-0.242
                      33:-0.136
                      36:-0.942
 
 I=  5/2- (4)  3.293  24: 0.073
                      26:-0.362
                      29: 0.430
                      31: 0.735
                      32: 0.069
                      33: 0.183
                      36:-0.316
 
 I=  5/2- (5)  4.503  24: 0.064
                      26: 0.074
                      29:-0.811
                      31: 0.511
                      32:-0.250
                      33: 0.097

             ENERGY    K= OMEGA
 
 I=  7/2- (1)  2.203  29: 0.189
                      31:-0.207
                      32: 0.528
                      33:-0.800
 
 I=  7/2- (2)  2.769  25: 0.080
                      26: 0.171
                      28:-0.119
                      29: 0.335
                      31: 0.310
                      32: 0.699
                      33: 0.465
                      36:-0.186
 
 I=  7/2- (3)  3.345  24: 0.055
                      25:-0.233
                      27:-0.117
                      28: 0.953
                      29: 0.072
                      32: 0.081
                      33: 0.067
                      36:-0.051
 
 I=  7/2- (4)  3.674  34:-0.730
                      35:-0.573
                      37:-0.345
                      38:-0.142
 
 I=  7/2- (5)  4.013  24: 0.062
                      26:-0.139
                      29:-0.160
                      31:-0.358
                      32: 0.323
                      33: 0.253
                      36: 0.808

             ENERGY    K= OMEGA
 
 I=  9/2- (1)  2.780  24: 0.075
                      25: 0.073
                      26:-0.091
                      27: 0.272
                      28: 0.143
                      29: 0.147
                      30:-0.808
                      31: 0.193
                      32:-0.229
                      33:-0.342
                      36: 0.078
 
 I=  9/2- (2)  2.918  26:-0.165
                      27:-0.093
                      28:-0.097
                      29: 0.275
                      30: 0.478
                      31: 0.324
                      32:-0.422
                      33:-0.587
                      36: 0.149
 
 I=  9/2- (3)  3.904  24: 0.090
                      25:-0.194
                      26:-0.069
                      27: 0.100
                      28:-0.380
                      29:-0.141
                      31: 0.333
                      32: 0.708
                      33:-0.277
                      36: 0.292
 
 I=  9/2- (4)  4.065  25:-0.057
                      26: 0.146
                      28:-0.165
                      29:-0.316
                      31:-0.198
                      33:-0.507
                      36:-0.740
 
 I=  9/2- (5)  4.284  24: 0.073
                      25:-0.256
                      27: 0.129
                      28:-0.816
                      29: 0.160
                      30:-0.132
                      31:-0.096
                      32:-0.343
                      33: 0.273

             ENERGY    K= OMEGA
 
 I= 11/2- (1)  2.572  34:-0.690
                      35:-0.576
                      37:-0.394
                      38:-0.195
 
 I= 11/2- (2)  3.690  24: 0.124
                      25: 0.115
                      27:-0.388
                      28:-0.210
                      30:-0.844
                      31:-0.104
                      32: 0.118
                      33:-0.193
 
 I= 11/2- (3)  4.153  28: 0.067
                      29: 0.277
                      30: 0.251
                      31:-0.269
                      32: 0.559
                      33:-0.684
 
 I= 11/2- (4)  4.714  24:-0.101
                      25: 0.158
                      26: 0.276
                      27: 0.090
                      28:-0.265
                      29: 0.387
                      31: 0.421
                      32: 0.520
                      33: 0.404
                      36:-0.222
 
 I= 11/2- (5)  5.352  24:-0.103
                      25: 0.340
                      26:-0.119
                      27: 0.182
                      28:-0.837
                      29:-0.183
                      30: 0.176
                      31:-0.124
                      32:-0.121
                      33:-0.130
                      36: 0.117

             ENERGY    K= OMEGA
 
 I= 13/2- (1)  4.696  24: 0.164
                      25: 0.122
                      26:-0.187
                      27: 0.387
                      28: 0.175
                      29: 0.239
                      30:-0.623
                      31: 0.314
                      32:-0.249
                      33:-0.348
                      36: 0.127
 
 I= 13/2- (2)  4.833  34: 0.235
                      35:-0.584
                      37: 0.651
                      38:-0.423
 
 I= 13/2- (3)  5.037  25: 0.077
                      26: 0.250
                      27: 0.238
                      28: 0.182
                      29:-0.334
                      30:-0.549
                      31:-0.368
                      32: 0.322
                      33: 0.392
                      36:-0.186
 
 I= 13/2- (4)  6.373  24: 0.175
                      25:-0.342
                      26:-0.083
                      27: 0.187
                      28:-0.608
                      29:-0.102
                      30:-0.100
                      31: 0.268
                      32: 0.547
                      33:-0.053
                      36: 0.215
 
 I= 13/2- (5)  6.659  25: 0.124
                      26:-0.177
                      27:-0.099
                      28: 0.325
                      29: 0.236
                      31: 0.175
                      32: 0.212
                      33: 0.537
                      36: 0.645

             ENERGY     K=-7/2
  32 LEVELS    TIME=  0.0 SEC



 ******************* EXCITATION ENERGIES, DOMINANT CONFIGURATION AND EXPECTATION VALUES (WITH S.P. UU+VV FACTORS) *******************

  NR  Eex(keV)  I   Kdom  NY    <Jz>  <Jx**2> <Jy**2> <Jz**2> <I.j>/|I|  <Rx**2> <Ry**2> <Rz**2> <R.j>/|R|  <HROTx> <HROTy> <HROTz>

   1    0.0   3/2-  -3/2  32   -1.42    1.58    1.58    2.17    1.43       1.78    1.78   -0.00   -1.36      0.217   0.217  -0.000
   2   94.3   5/2-   5/2  33    1.55    1.84    1.84    5.20    2.37       1.80    1.80   -0.00   -0.98      0.220   0.220  -0.000
   3  357.9   1/2-   1/2  36    0.50    1.25    1.25    0.25    0.83       1.04    1.04    0.00   -1.42      0.127   0.127   0.000
   4  635.9   5/2-  -3/2  32   -0.65    1.58    1.58    2.92    1.09       4.19    4.19    0.00   -0.99      0.511   0.511   0.000
   5  733.2   7/2-   5/2  33    1.13    1.96    1.96    4.76    1.98       4.37    4.37    0.00   -0.28      0.532   0.532   0.000
  
   6  994.5   3/2-   1/2  36    0.41    1.44    1.44    0.34   -0.06       3.60    3.60    0.00   -1.24      0.438   0.438   0.000
   7 1019.1   5/2-   1/2  36    0.42    1.77    1.77    0.48    0.93       3.62    3.62    0.00   -0.47      0.442   0.442   0.000
   8 1102.6  11/2-   1/2  34   -0.00   27.75   27.75    2.30    7.13       4.14    4.14    0.00   -5.27      0.505   0.505   0.000
   9 1299.8   7/2-  -3/2  32   -0.29    1.86    1.86    2.95    1.40       5.66    5.66    0.00   -0.33      0.690   0.690   0.000
  10 1310.3   9/2-   9/2  30    2.81    2.88    2.88   15.37    4.04       2.87    2.87    0.00   -0.44      0.350   0.350   0.000
  
  11 1448.5   9/2-   5/2  33    1.47    2.70    2.70    7.67    2.71       5.42    5.42    0.00    0.13      0.661   0.661   0.000
  12 1723.5   1/2-   1/2  29    0.50    4.16    4.16    0.25    0.37       4.34    4.34    0.00   -2.80      0.529   0.529   0.000
  13 1823.3   5/2-  -3/2  31   -0.51    3.78    3.78    1.57    1.53       4.41    4.41    0.00   -1.55      0.537   0.537   0.000
  14 1875.5   7/2-  -7/2  28   -3.08    2.26    2.26   11.69    3.37       2.63    2.63    0.00   -1.25      0.320   0.320   0.000
  15 2204.2   7/2-   1/2  34    0.00   27.86   27.86    1.86    7.00       8.89    8.89    0.00   -7.07      1.084   1.084   0.000
  
  16 2220.9  11/2-   9/2  30    2.65    3.27    3.27   17.27    4.08       5.40    5.40    0.00    0.17      0.658   0.658   0.000
  17 2434.5   9/2-  -3/2  32   -1.09    1.82    1.82    4.09    1.37       9.42    9.42    0.00   -0.21      1.149   1.149   0.000
  18 2543.3   7/2-   1/2  36    0.17    2.10    2.10    1.14    0.17       9.87    9.87   -0.00   -1.05      1.204   1.204  -0.000
  19 2595.6   9/2-   1/2  36    0.82    2.29    2.29    2.25    1.15      10.07   10.07    0.00   -0.25      1.227   1.227   0.000
  20 2683.5  11/2-   5/2  33    0.89    2.24    2.24    5.16    1.82      11.82   11.82    0.00    0.26      1.441   1.441   0.000
  
  21 2814.1   9/2-  -7/2  28   -2.12    2.20    2.20    9.91    2.39       7.65    7.65    0.00   -0.62      0.933   0.933   0.001
  22 3033.2   5/2-   1/2  29   -0.12    4.20    4.20    0.98   -0.36      10.13   10.13    0.00   -2.32      1.235   1.235   0.000
  23 3226.5  13/2-   9/2  30    1.33    3.88    3.88   11.47    3.47       9.74    9.74    0.00    1.14      1.188   1.188   0.000
  24 3244.2  11/2-  -3/2  32   -0.31    2.40    2.40    3.28    1.71      11.67   11.67    0.00    0.45      1.422   1.422   0.000
  25 3363.3  13/2-   5/2  37   -0.05   26.84   26.84    5.63    6.07      11.65   11.65   -0.00   -3.51      1.420   1.420  -0.000
  
  26 3567.2  13/2-   9/2  30    1.19    3.45    3.45    8.79    2.85      12.29   12.29    0.00    0.85      1.499   1.499   0.000
  27 3817.0   1/2-   1/2  26    0.50    5.17    5.17    0.25    0.69       5.07    5.07    0.00   -3.14      0.618   0.618   0.000
  28 3882.3  11/2-  -7/2  28   -2.08    2.47    2.47   10.60    2.52      10.55   10.55    0.00   -0.10      1.287   1.287   0.000
  29 4903.6  13/2-  -7/2  28   -1.52    2.29    2.29    6.96    1.94      16.57   16.57    0.00    0.35      2.021   2.021   0.000
  30 5189.4  13/2-   1/2  36    0.50    2.21    2.21    3.63    1.15      20.35   20.35    0.00   -0.00      2.481   2.481   0.000
  
  31 7677.4   1/2-   1/2  34    0.50   28.20   28.20    0.25   -4.02      32.18   32.18    0.00   -7.49      3.923   3.923   0.000
  32*******   1/2-  -3/2  32    0.00    0.00    0.00    0.00   -0.00       0.00    0.00    0.00   -0.00      0.000   0.000   0.000
