1SPECTRUM OF (Z= 82 A=207) IN PARTICLE-ROTOR  MODEL WITH MODIFIED OSCILLATOR POTENTIAL


 PARITY=-   EPS= 0.273   GAMMA=  0.0   EPS4=0.000   EPS6=0.000   LEVELS:  24  25  26  27  28  29  30  31  32  33  34  35  36  37  38

 PAIRING FACTORS: GN0= 19.20  GN1=  7.40  IPAIR= 15 ***  E2PLUS(INPUT)=   0.730  E2PLUR(INPUT)=   0.000

 CORIOLIS ATTENUATION PARAMETERS:  CHSI=1.000  ETA=  1.00

 MOMENT OF INERTIA PARAMETERS:   A1=  0.122 MEV   A2=  0.122 MEV   A3=121.91924 MEV


 DELTA=0.947 MEV  LAMBDA=53.3279 MEV   HW0= 7.4771 MEV   LAMBDA/HW0= 7.1321

 E2ENERGY=0.730 MEV  HBAR**2/B=13819./A**(7/3)=2336.1/A**2 MEV

 IREC=0  =>  RECOIL TERMS j+j-, j+j+, jzjz, ETC TREATED AS ONE-BODY OPERATORS WITH UU+VV PAIRING FACTORS



 S. P. LEVEL   EQP       U     V        (UU + VV)**1.00

     24       5.078    0.094 0.996      1.000 1.000 0.999 0.998 0.978 0.974 0.970 0.928 0.840 0.653 0.404 0.382 0.342 0.279 0.273
     25       4.116    0.116 0.993      1.000 1.000 1.000 0.999 0.983 0.979 0.975 0.936 0.852 0.670 0.424 0.402 0.363 0.300 0.294
     26       3.628    0.132 0.991      0.999 1.000 1.000 1.000 0.986 0.982 0.979 0.942 0.860 0.682 0.439 0.417 0.377 0.315 0.310
     27       3.077    0.156 0.988      0.998 0.999 1.000 1.000 0.989 0.987 0.984 0.950 0.872 0.700 0.460 0.439 0.400 0.338 0.333
     28       1.667    0.297 0.955      0.978 0.983 0.986 0.989 1.000 1.000 0.999 0.985 0.934 0.796 0.584 0.564 0.529 0.471 0.466
     29       1.582    0.315 0.949      0.974 0.979 0.982 0.987 1.000 1.000 1.000 0.988 0.940 0.807 0.599 0.580 0.545 0.488 0.483
     30       1.513    0.332 0.943      0.970 0.975 0.979 0.984 0.999 1.000 1.000 0.991 0.946 0.817 0.613 0.594 0.559 0.503 0.498
     31       1.165    0.457 0.889      0.928 0.936 0.942 0.950 0.985 0.988 0.991 1.000 0.981 0.888 0.715 0.698 0.667 0.616 0.611
     32       0.974    0.619 0.785      0.840 0.852 0.860 0.872 0.934 0.940 0.946 0.981 1.000 0.960 0.836 0.822 0.797 0.756 0.752
     33       1.002    0.815 0.580      0.653 0.670 0.682 0.700 0.796 0.807 0.817 0.888 0.960 1.000 0.956 0.949 0.935 0.909 0.907
     34       1.577    0.949 0.316      0.404 0.424 0.439 0.460 0.584 0.599 0.613 0.715 0.836 0.956 1.000 1.000 0.998 0.991 0.990
     35       1.689    0.956 0.293      0.382 0.402 0.417 0.439 0.564 0.580 0.594 0.698 0.822 0.949 1.000 1.000 0.999 0.994 0.993
     36       1.940    0.968 0.252      0.342 0.363 0.377 0.400 0.529 0.545 0.559 0.667 0.797 0.935 0.998 0.999 1.000 0.998 0.997
     37       2.569    0.982 0.188      0.279 0.300 0.315 0.338 0.471 0.488 0.503 0.616 0.756 0.909 0.991 0.994 0.998 1.000 1.000
     38       2.650    0.983 0.182      0.273 0.294 0.310 0.333 0.466 0.483 0.498 0.611 0.752 0.907 0.990 0.993 0.997 1.000 1.000

  R CORE   ENERGY   A0R/A00=1.000    R3= 0     2  
   2( 1)    0.732                    1.000 0.000
   2( 2)  487.921                    0.000 1.000

  R CORE   ENERGY   A0R/A00=1.000    R3= 0     2  
   3( 1)  488.652                    0.000 1.000

  R CORE   ENERGY   A0R/A00=1.000    R3= 0     2     4  
   4( 1)    2.438                    1.000 0.000 0.000

  R CORE   ENERGY   A0R/A00=1.000    R3= 0     2     4  
   5( 1)  490.847                    0.000 1.000 0.000

  R CORE   ENERGY   A0R/A00=1.000    R3= 0     2     4     6  
   6( 1)    5.121                    1.000 0.000 0.000 0.000

  R CORE   ENERGY   A0R/A00=1.000    R3= 0     2     4     6  
   7( 1)  494.017                    0.000 1.000 0.000 0.000

          AXIAL SYMMETRY => K RESTRICTED TO OMEGA

                     K
     S.P. ORB#: 24  2.50
     S.P. ORB#: 25  0.50
     S.P. ORB#: 26  2.50
     S.P. ORB#: 27 -3.50
     S.P. ORB#: 28  0.50
     S.P. ORB#: 29 -3.50
     S.P. ORB#: 30 -1.50
     S.P. ORB#: 31  4.50
     S.P. ORB#: 32  0.50
     S.P. ORB#: 33 -1.50
     S.P. ORB#: 34  2.50
     S.P. ORB#: 35 -1.50
     S.P. ORB#: 36  2.50
     S.P. ORB#: 37  0.50
     S.P. ORB#: 38 -3.50
 

             ENERGY    K= OMEGA
 
 I=  1/2- (1)  2.813  28:-0.890
                      37:-0.456
 
 I=  1/2- (2)  2.894  25:-0.072
                      28: 0.454
                      37:-0.888
 
 I=  1/2- (3)  5.554  25: 0.997
                      37:-0.060
 
 I=  1/2- (4)  8.170  32:-1.000
 
 I=  1/2- (5)147.305  33: 1.000

             ENERGY    K= OMEGA
 
 I=  3/2- (1)  2.172  25: 0.084
                      28: 0.311
                      30: 0.179
                      35: 0.925
                      37:-0.092
 
 I=  3/2- (2)  2.676  25:-0.084
                      28: 0.258
                      30:-0.952
                      35: 0.113
                      37: 0.087

             ENERGY    K= OMEGA
 
 I=  5/2- (1)  2.326  25:-0.145
                      28: 0.288
                      30: 0.430
                      35:-0.413
                      36:-0.729
                      37: 0.100
 
 I=  5/2- (2)  2.809  25: 0.100
                      26:-0.056
                      28: 0.089
                      30:-0.486
                      35:-0.826
                      36: 0.173
                      37:-0.171
 
 I=  5/2- (3)  2.955  24: 0.060
                      25:-0.214
                      28: 0.483
                      30: 0.458
                      35:-0.169
                      36: 0.637
                      37: 0.270
 
 I=  5/2- (4)  3.721  25: 0.173
                      30:-0.307
                      36:-0.093
                      37: 0.930
 
 I=  5/2- (5)  4.168  24: 0.060
                      25: 0.088
                      28:-0.791
                      30: 0.457
                      35:-0.341
                      36: 0.151
                      37: 0.125

             ENERGY    K= OMEGA
 
 I=  7/2- (1)  2.330  26:-0.219
                      27: 0.083
                      29: 0.969
 
 I=  7/2- (2)  2.982  27:-0.064
                      28: 0.277
                      30:-0.382
                      35: 0.498
                      36:-0.722
 
 I=  7/2- (3)  3.206  32:-0.739
                      33:-0.571
                      34:-0.333
                      38:-0.130
 
 I=  7/2- (4)  3.292  24:-0.067
                      25: 0.273
                      27: 0.052
                      28: 0.470
                      29:-0.073
                      30: 0.500
                      35: 0.561
                      36: 0.290
                      37:-0.204
 
 I=  7/2- (5)  4.143  24:-0.154
                      27: 0.129
                      28:-0.487
                      30: 0.661
                      36:-0.531

             ENERGY    K= OMEGA
 
 I=  9/2- (1)  1.949  24: 0.061
                      26:-0.059
                      27: 0.256
                      29:-0.165
                      31:-0.948
 
 I=  9/2- (2)  3.207  24:-0.086
                      25: 0.096
                      26:-0.284
                      27:-0.137
                      28:-0.110
                      29:-0.885
                      30:-0.209
                      31: 0.120
                      36: 0.162
                      37:-0.057
 
 I=  9/2- (3)  3.402  24:-0.063
                      25: 0.302
                      26: 0.098
                      28:-0.415
                      29: 0.285
                      30:-0.561
                      31:-0.095
                      35: 0.312
                      36: 0.434
                      37:-0.177
 
 I=  9/2- (4)  4.464  32:-0.246
                      33: 0.608
                      34:-0.645
                      38: 0.392
 
 I=  9/2- (5)  4.504  24:-0.094
                      25: 0.201
                      26:-0.050
                      28:-0.072
                      29: 0.072
                      30:-0.420
                      35:-0.702
                      36:-0.423
                      37:-0.298

             ENERGY    K= OMEGA
 
 I= 11/2- (1)  2.353  32:-0.696
                      33:-0.574
                      34:-0.388
                      38:-0.189
 
 I= 11/2- (2)  2.911  24: 0.106
                      26:-0.096
                      27:-0.357
                      29: 0.216
                      31:-0.896
 
 I= 11/2- (3)  4.314  24:-0.112
                      25: 0.056
                      26:-0.344
                      27: 0.173
                      29: 0.876
                      30: 0.159
                      31: 0.156
                      36: 0.124
 
 I= 11/2- (4)  4.876  24:-0.088
                      25: 0.055
                      26: 0.078
                      27: 0.072
                      28:-0.291
                      29:-0.124
                      30: 0.491
                      31:-0.127
                      35:-0.456
                      36: 0.642
 
 I= 11/2- (5)  5.135  24: 0.092
                      25:-0.364
                      28:-0.558
                      29: 0.171
                      30:-0.460
                      31: 0.087
                      35:-0.478
                      36:-0.136
                      37: 0.225

             ENERGY    K= OMEGA
 
 I= 13/2- (1)  4.065  24: 0.151
                      26:-0.123
                      27: 0.427
                      29:-0.238
                      30: 0.075
                      31:-0.843
                      36:-0.051
 
 I= 13/2- (2)  4.600  32:-0.232
                      33: 0.587
                      34:-0.653
                      38: 0.418
 
 I= 13/2- (3)  5.233  24:-0.127
                      25: 0.386
                      26:-0.108
                      27:-0.072
                      28:-0.435
                      29:-0.250
                      30:-0.596
                      31:-0.090
                      35: 0.216
                      36: 0.345
                      37:-0.194
 
 I= 13/2- (4)  5.704  24:-0.087
                      25:-0.113
                      26:-0.374
                      27:-0.176
                      28: 0.165
                      29:-0.829
                      30: 0.115
                      31: 0.216
                      35:-0.163
                      36:-0.065
                      37: 0.055
 
 I= 13/2- (5)  7.181  24:-0.085
                      25: 0.199
                      28:-0.050
                      29: 0.097
                      30:-0.297
                      35:-0.690
                      36:-0.525
                      37:-0.315

             ENERGY     K=-7/2
  32 LEVELS    TIME=  0.0 SEC



 ******************* EXCITATION ENERGIES, DOMINANT CONFIGURATION AND EXPECTATION VALUES (WITH S.P. UU+VV FACTORS) *******************

  NR  Eex(keV)  I   Kdom  NY    <Jz>  <Jx**2> <Jy**2> <Jz**2> <I.j>/|I|  <Rx**2> <Ry**2> <Rz**2> <R.j>/|R|  <HROTx> <HROTy> <HROTz>

   1    0.0   9/2-   9/2  31    3.74    2.67    2.67   19.39    4.46       2.56    2.56    0.00   -1.13      0.312   0.312   0.000
   2  223.0   3/2-  -3/2  35   -1.28    1.88    1.88    2.03    1.48       1.92    1.92    0.00   -1.50      0.234   0.234   0.000
   3  377.0   5/2-   5/2  36    0.85    2.80    2.80    4.15    2.46       1.96    1.96    0.00   -1.24      0.239   0.239   0.000
   4  380.8   7/2-  -7/2  29   -3.18    2.28    2.28   11.91    3.41       2.60    2.60    0.00   -1.30      0.317   0.317   0.000
   5  403.6  11/2-   1/2  32   -0.00   25.85   25.85    2.24    6.66       5.00    5.00   -0.00   -4.46      0.610   0.610  -0.000
  
   6  726.5   3/2-  -3/2  30   -1.34    4.54    4.54    2.09    1.47       4.61    4.61    0.00   -2.74      0.562   0.562   0.000
   7  859.3   5/2-  -3/2  35   -1.27    2.06    2.06    2.29    1.05       4.48    4.48    0.00   -1.11      0.546   0.546   0.000
   8  863.7   1/2-   1/2  28    0.50    4.04    4.04    0.25    0.71       3.93    3.93   -0.00   -2.75      0.479   0.479  -0.000
   9  944.5   1/2-   1/2  37    0.50    1.90    1.90    0.25    0.39       2.06    2.06   -0.00   -1.83      0.252   0.252  -0.000
  10  961.4  11/2-   9/2  31    3.06    3.06    3.06   18.53    4.08       5.80    5.80    0.00   -0.07      0.708   0.708   0.000
  
  11 1005.8   5/2-   5/2  36    0.84    3.45    3.45    3.19    1.77       4.18    4.18   -0.00   -1.68      0.509   0.509  -0.000
  12 1032.7   7/2-   5/2  36    0.74    2.56    2.56    4.25    1.95       4.83    4.83   -0.00   -0.53      0.589   0.589  -0.000
  13 1256.8   7/2-   1/2  32    0.00   25.88   25.88    1.77    6.53       8.73    8.73   -0.00   -6.61      1.064   1.064  -0.000
  14 1257.1   9/2-  -7/2  29   -2.51    2.55    2.55   10.94    2.96       5.65    5.65   -0.00   -0.38      0.689   0.689  -0.000
  15 1342.1   7/2-  -3/2  35   -0.48    2.94    2.94    2.01    1.54       5.71    5.71   -0.00   -0.53      0.696   0.696  -0.000
  
  16 1452.2   9/2-  -3/2  30   -0.21    4.09    4.09    3.45    2.46       5.97    5.97    0.00    0.17      0.728   0.728   0.000
  17 1771.5   5/2-   1/2  37    0.33    1.69    1.69    0.50    0.46       4.95    4.95    0.00   -0.80      0.604   0.604   0.000
  18 2115.3  13/2-   9/2  31    2.46    3.46    3.46   17.60    3.84       9.81    9.81    0.00    0.52      1.196   1.196   0.000
  19 2193.8   7/2-  -3/2  30    0.17    3.69    3.69    3.17    0.88       9.67    9.67    0.00   -1.61      1.179   1.179   0.000
  20 2218.8   5/2-   1/2  28   -0.10    4.24    4.24    1.06   -0.35      10.17   10.17    0.00   -2.34      1.240   1.240   0.000
  
  21 2364.6  11/2-  -7/2  29   -2.35    2.54    2.54   11.24    2.71       9.83    9.83    0.00   -0.03      1.199   1.199   0.000
  22 2514.8   9/2-   5/2  34   -0.02   25.68   25.68    5.33    5.74      12.19   12.19   -0.00   -5.70      1.486   1.486  -0.000
  23 2555.0   9/2-  -3/2  35   -0.48    2.21    2.21    2.81    1.08      10.63   10.63    0.00   -0.40      1.295   1.295   0.000
  24 2651.0  13/2-   5/2  34   -0.04   25.63   25.63    5.60    5.76      12.58   12.58   -0.00   -3.32      1.533   1.533  -0.000
  25 2927.0  11/2-   5/2  36    0.44    3.07    3.07    4.27    1.74      12.66   12.66   -0.00    0.00      1.543   1.543  -0.000
  
  26 3185.7  11/2-   1/2  28   -0.42    3.33    3.33    1.81    1.58      12.69   12.69    0.00    0.19      1.547   1.547   0.000
  27 3283.5  13/2-  -3/2  30   -0.25    4.56    4.56    2.91    2.52      12.76   12.76    0.00    1.11      1.556   1.556   0.000
  28 3604.6   1/2-   1/2  25    0.50    6.03    6.03    0.25    0.69       5.94    5.94   -0.00   -3.40      0.724   0.724  -0.000
  29 3754.4  13/2-  -7/2  29   -1.96    2.74    2.74   10.79    2.46      15.34   15.34    0.00    0.16      1.870   1.870   0.000
  30 5231.5  13/2-  -3/2  35   -0.10    2.01    2.01    3.21    0.94      21.44   21.44    0.00   -0.10      2.614   2.614   0.000
  
  31 6220.2   1/2-   1/2  32    0.50   25.73   25.73    0.25   -3.79      29.51   29.51    0.00   -7.16      3.598   3.598   0.000
  32*******   1/2-  -3/2  33    0.00    0.00    0.00    0.00    0.00       0.00    0.00   -0.00   -0.00      0.000   0.000  -0.000
