1SPECTRUM OF (Z= 82 A=207) IN PARTICLE-ROTOR  MODEL WITH MODIFIED OSCILLATOR POTENTIAL


 PARITY=-   EPS= 0.352   GAMMA=  0.0   EPS4=0.000   EPS6=0.000   LEVELS:  25  26  27  28  29  30  31  32  33  34  35  36  37  38  39

 PAIRING FACTORS: GN0= 19.20  GN1=  7.40  IPAIR= 15 ***  E2PLUS(INPUT)=   0.730  E2PLUR(INPUT)=   0.000

 CORIOLIS ATTENUATION PARAMETERS:  CHSI=1.000  ETA=  1.00

 MOMENT OF INERTIA PARAMETERS:   A1=  0.122 MEV   A2=  0.122 MEV   A3=121.91922 MEV


 DELTA=0.895 MEV  LAMBDA=53.3815 MEV   HW0= 7.5243 MEV   LAMBDA/HW0= 7.0946

 E2ENERGY=0.730 MEV  HBAR**2/B=22974./A**(7/3)=3883.7/A**2 MEV

 IREC=0  =>  RECOIL TERMS j+j-, j+j+, jzjz, ETC TREATED AS ONE-BODY OPERATORS WITH UU+VV PAIRING FACTORS



 S. P. LEVEL   EQP       U     V        (UU + VV)**1.00

     25       4.235    0.106 0.994      1.000 0.999 0.997 0.994 0.969 0.955 0.934 0.790 0.655 0.575 0.313 0.309 0.268 0.253 0.227
     26       3.049    0.148 0.989      0.999 1.000 0.999 0.998 0.979 0.967 0.948 0.815 0.687 0.609 0.353 0.349 0.309 0.294 0.268
     27       2.490    0.183 0.983      0.997 0.999 1.000 0.999 0.985 0.975 0.959 0.835 0.712 0.636 0.386 0.382 0.342 0.327 0.301
     28       2.135    0.215 0.977      0.994 0.998 0.999 1.000 0.990 0.982 0.967 0.853 0.734 0.661 0.415 0.411 0.372 0.357 0.332
     29       1.370    0.348 0.937      0.969 0.979 0.985 0.990 1.000 0.999 0.993 0.917 0.821 0.759 0.538 0.534 0.498 0.484 0.460
     30       1.230    0.396 0.918      0.955 0.967 0.975 0.982 0.999 1.000 0.998 0.936 0.850 0.791 0.581 0.577 0.542 0.528 0.505
     31       1.104    0.455 0.891      0.934 0.948 0.959 0.967 0.993 0.998 1.000 0.957 0.882 0.829 0.632 0.629 0.595 0.582 0.560
     32       0.895    0.693 0.721      0.790 0.815 0.835 0.853 0.917 0.936 0.957 1.000 0.981 0.956 0.830 0.827 0.802 0.793 0.776
     33       0.954    0.821 0.571      0.655 0.687 0.712 0.734 0.821 0.850 0.882 0.981 1.000 0.995 0.923 0.921 0.903 0.897 0.884
     34       1.056    0.875 0.484      0.575 0.609 0.636 0.661 0.759 0.791 0.829 0.956 0.995 1.000 0.957 0.956 0.943 0.937 0.927
     35       2.173    0.978 0.211      0.313 0.353 0.386 0.415 0.538 0.581 0.632 0.830 0.923 0.957 1.000 1.000 0.999 0.998 0.996
     36       2.217    0.979 0.206      0.309 0.349 0.382 0.411 0.534 0.577 0.629 0.827 0.921 0.956 1.000 1.000 0.999 0.998 0.996
     37       2.759    0.986 0.164      0.268 0.309 0.342 0.372 0.498 0.542 0.595 0.802 0.903 0.943 0.999 0.999 1.000 1.000 0.999
     38       3.041    0.989 0.149      0.253 0.294 0.327 0.357 0.484 0.528 0.582 0.793 0.897 0.937 0.998 0.998 1.000 1.000 1.000
     39       3.702    0.993 0.122      0.227 0.268 0.301 0.332 0.460 0.505 0.560 0.776 0.884 0.927 0.996 0.996 0.999 1.000 1.000

  R CORE   ENERGY   A0R/A00=1.000    R3= 0     2  
   2( 1)    0.732                    1.000 0.000
   2( 2)  487.921                    0.000 1.000

  R CORE   ENERGY   A0R/A00=1.000    R3= 0     2  
   3( 1)  488.652                    0.000 1.000

  R CORE   ENERGY   A0R/A00=1.000    R3= 0     2     4  
   4( 1)    2.438                    1.000 0.000 0.000

  R CORE   ENERGY   A0R/A00=1.000    R3= 0     2     4  
   5( 1)  490.847                    0.000 1.000 0.000

  R CORE   ENERGY   A0R/A00=1.000    R3= 0     2     4     6  
   6( 1)    5.121                    1.000 0.000 0.000 0.000

  R CORE   ENERGY   A0R/A00=1.000    R3= 0     2     4     6  
   7( 1)  494.017                    0.000 1.000 0.000 0.000

          AXIAL SYMMETRY => K RESTRICTED TO OMEGA

                     K
     S.P. ORB#: 25  0.50
     S.P. ORB#: 26  2.50
     S.P. ORB#: 27 -3.50
     S.P. ORB#: 28  0.50
     S.P. ORB#: 29 -1.50
     S.P. ORB#: 30  0.50
     S.P. ORB#: 31 -1.50
     S.P. ORB#: 32 -3.50
     S.P. ORB#: 33  2.50
     S.P. ORB#: 34  4.50
     S.P. ORB#: 35  0.50
     S.P. ORB#: 36 -3.50
     S.P. ORB#: 37 -1.50
     S.P. ORB#: 38  2.50
     S.P. ORB#: 39  0.50
 

             ENERGY    K= OMEGA
 
 I=  1/2- (1)  2.486  30: 0.998
 
 I=  1/2- (2)  4.052  25:-0.075
                      39:-0.997
 
 I=  1/2- (3)  5.554  28:-0.317
                      35: 0.948
 
 I=  1/2- (4)  5.853  25: 0.996
                      39:-0.074
 
 I=  1/2- (5)  8.823  28:-0.948
                      35:-0.317

             ENERGY    K= OMEGA
 
 I=  3/2- (1)  2.359  25: 0.095
                      30:-0.178
                      31: 0.977
                      39:-0.056
 
 I=  3/2- (2)  2.510  25:-0.189
                      30:-0.921
                      31:-0.128
                      37:-0.294
                      39: 0.117

             ENERGY    K= OMEGA
 
 I=  5/2- (1)  2.458  25:-0.254
                      30: 0.464
                      31: 0.795
                      37:-0.100
                      38:-0.239
                      39: 0.142
 
 I=  5/2- (2)  3.371  26: 0.062
                      30:-0.713
                      31: 0.450
                      37: 0.513
                      38:-0.146
 
 I=  5/2- (3)  3.732  25:-0.095
                      26: 0.051
                      30: 0.222
                      31: 0.128
                      37: 0.440
                      38: 0.846
                      39: 0.116
 
 I=  5/2- (4)  4.370  26: 0.100
                      30: 0.406
                      31:-0.317
                      37: 0.703
                      38:-0.452
                      39: 0.159
 
 I=  5/2- (5)  4.834  26:-0.938
                      37: 0.067
                      39: 0.335

             ENERGY    K= OMEGA
 
 I=  7/2- (1)  1.721  26:-0.181
                      32: 0.982
 
 I=  7/2- (2)  3.307  25:-0.226
                      31:-0.885
                      38:-0.384
                      39: 0.119
 
 I=  7/2- (3)  3.422  25:-0.235
                      30:-0.867
                      37:-0.392
                      38: 0.128
                      39: 0.141
 
 I=  7/2- (4)  3.713  28:-0.686
                      29:-0.585
                      33:-0.396
                      36:-0.174
 
 I=  7/2- (5)  4.344  26: 0.208
                      27: 0.931
                      30: 0.108
                      31:-0.118
                      37:-0.114
                      38: 0.228

             ENERGY    K= OMEGA
 
 I=  9/2- (1)  1.968  26:-0.080
                      27: 0.176
                      32:-0.283
                      34:-0.939
 
 I=  9/2- (2)  2.714  26: 0.247
                      27: 0.093
                      31: 0.055
                      32: 0.919
                      34:-0.282
                      38:-0.051
 
 I=  9/2- (3)  3.470  25:-0.360
                      30: 0.498
                      31: 0.702
                      32:-0.071
                      37:-0.152
                      38:-0.262
                      39: 0.178
 
 I=  9/2- (4)  4.661  28: 0.218
                      29:-0.555
                      33: 0.675
                      36:-0.434
 
 I=  9/2- (5)  5.217  26: 0.103
                      30:-0.602
                      31: 0.481
                      32:-0.056
                      37: 0.591
                      38:-0.195

             ENERGY    K= OMEGA
 
 I= 11/2- (1)  3.080  26: 0.134
                      27: 0.239
                      32:-0.381
                      34: 0.883
 
 I= 11/2- (2)  3.093  28:-0.662
                      29:-0.580
                      33:-0.418
                      35:-0.060
                      36:-0.217
 
 I= 11/2- (3)  3.940  26: 0.288
                      27:-0.138
                      31:-0.068
                      32:-0.863
                      34:-0.380
                      38:-0.065
 
 I= 11/2- (4)  5.128  25:-0.379
                      30:-0.424
                      31:-0.719
                      32: 0.094
                      37:-0.150
                      38:-0.301
                      39: 0.194
 
 I= 11/2- (5)  5.298  25:-0.109
                      30:-0.715
                      31: 0.432
                      37:-0.399
                      38: 0.349
                      39: 0.074

             ENERGY    K= OMEGA
 
 I= 13/2- (1)  4.414  26:-0.181
                      27: 0.279
                      32:-0.441
                      34:-0.833
 
 I= 13/2- (2)  5.120  28: 0.216
                      29:-0.549
                      33: 0.671
                      36:-0.449
 
 I= 13/2- (3)  5.296  25:-0.338
                      26: 0.195
                      27: 0.120
                      30: 0.391
                      31: 0.541
                      32: 0.471
                      34:-0.275
                      37:-0.112
                      38:-0.233
                      39: 0.155
 
 I= 13/2- (4)  5.470  25: 0.260
                      26: 0.247
                      27: 0.131
                      30:-0.320
                      31:-0.377
                      32: 0.669
                      34:-0.348
                      37: 0.120
                      38: 0.109
                      39:-0.118
 
 I= 13/2- (5)  8.032  26: 0.121
                      27:-0.081
                      30:-0.513
                      31: 0.476
                      32:-0.098
                      37: 0.674
                      38:-0.114
                      39: 0.111

             ENERGY     K= 1/2
  32 LEVELS    TIME=  0.0 SEC



 ******************* EXCITATION ENERGIES, DOMINANT CONFIGURATION AND EXPECTATION VALUES (WITH S.P. UU+VV FACTORS) *******************

  NR  Eex(keV)  I   Kdom  NY    <Jz>  <Jx**2> <Jy**2> <Jz**2> <I.j>/|I|  <Rx**2> <Ry**2> <Rz**2> <R.j>/|R|  <HROTx> <HROTy> <HROTz>

   1    0.0   7/2-  -7/2  32   -3.30    2.31    2.31   12.04    3.31       3.08    3.08    0.00   -1.42      0.375   0.375   0.000
   2  246.6   9/2-   9/2  34    3.60    2.52    2.52   19.27    4.21       3.56    3.56    0.00   -1.25      0.434   0.434   0.000
   3  637.8   3/2-  -3/2  31   -1.41    4.80    4.80    2.16    1.44       4.96    4.96    0.00   -2.85      0.605   0.605   0.000
   4  737.3   5/2-  -3/2  31   -0.67    4.93    4.93    1.88    2.15       3.87    3.87    0.00   -1.93      0.472   0.472   0.000
   5  765.5   1/2-   1/2  30    0.50    4.87    4.87    0.25    0.29       5.11    5.11    0.00   -3.04      0.623   0.623   0.000
  
   6  789.3   3/2-   1/2  30    0.30    4.31    4.31    0.45    1.17       4.14    4.14    0.00   -2.36      0.505   0.505   0.000
   7  993.5   9/2-  -7/2  32   -2.48    2.40    2.40   12.46    2.86       6.78    6.78   -0.00   -0.83      0.827   0.827  -0.000
   8 1359.2  11/2-   9/2  34    2.85    2.71    2.71   18.38    3.66       7.91    7.91    0.00   -0.49      0.965   0.965   0.000
   9 1371.9  11/2-   1/2  28   -0.01   23.85   23.85    2.53    6.22       5.81    5.81    0.00   -3.83      0.709   0.709   0.000
  10 1586.0   7/2-  -3/2  31   -0.78    4.44    4.44    2.73    1.67       7.04    7.04    0.00   -1.33      0.859   0.859   0.000
  
  11 1649.8   5/2-   1/2  30   -0.38    3.81    3.81    1.33    0.62       7.03    7.03    0.00   -1.90      0.856   0.856   0.000
  12 1701.5   7/2-   1/2  30    0.22    4.09    4.09    0.67    1.33       7.02    7.02    0.00   -0.95      0.856   0.856   0.000
  13 1748.7   9/2-  -3/2  31   -0.41    5.07    5.07    1.76    2.30       6.87    6.87    0.00   -0.12      0.837   0.837   0.000
  14 1991.7   7/2-   1/2  28    0.01   23.50   23.50    2.23    6.10       8.29    8.29    0.00   -6.15      1.011   1.011   0.000
  15 2011.0   5/2-   5/2  38    1.52    2.05    2.05    4.98    1.84       3.47    3.47    0.00   -1.38      0.423   0.423   0.000
  
  16 2219.0  11/2-  -7/2  32   -1.81    2.48    2.48   12.83    2.56      11.49   11.49    0.00   -0.52      1.401   1.401   0.000
  17 2330.8   1/2-   1/2  39    0.50    1.55    1.55    0.25    0.72       1.43    1.43    0.00   -1.62      0.175   0.175   0.000
  18 2623.1   7/2-  -7/2  27   -2.83    5.86    5.86   11.27    2.99       7.51    7.51   -0.00   -2.87      0.916   0.916  -0.000
  19 2649.4   5/2-  -3/2  37   -0.26    2.83    2.83    2.73    0.20       7.98    7.98    0.00   -1.95      0.973   0.973   0.000
  20 2692.8  13/2-   9/2  34    2.25    2.89    2.89   17.59    3.28      13.17   13.17    0.00   -0.09      1.606   1.606   0.000
  
  21 2940.1   9/2-   5/2  33    0.04   24.26   24.26    5.86    5.25      13.47   13.47    0.00   -5.45      1.642   1.642   0.000
  22 3113.1   5/2-   5/2  26    2.25    5.51    5.51    5.54    1.90       7.02    7.02    0.00   -2.92      0.856   0.856   0.000
  23 3398.9  13/2-   5/2  33   -0.01   24.25   24.25    5.97    5.20      15.30   15.30    0.00   -3.28      1.865   1.865   0.000
  24 3406.6  11/2-  -3/2  31   -0.43    4.37    4.37    1.99    1.66      13.30   13.30    0.00   -0.15      1.621   1.621   0.000
  25 3495.8   9/2-   1/2  30   -0.59    3.42    3.42    1.77    0.56      13.89   13.89    0.00   -1.10      1.693   1.693   0.000
  
  26 3575.1  13/2-  -3/2  31   -0.57    4.27    4.27    5.76    2.41      14.69   14.69    0.00    0.47      1.791   1.791   0.000
  27 3577.4  11/2-   1/2  30    0.05    3.99    3.99    1.71    1.35      14.67   14.67    0.00   -0.30      1.788   1.788   0.000
  28 3749.4  13/2-  -7/2  32   -1.04    3.52    3.52    9.01    2.28      16.47   16.47    0.00   -0.02      2.008   2.008   0.000
  29 3833.3   1/2-   1/2  35    0.50   12.29   12.29    0.25   -1.26      13.88   13.88    0.00   -4.92      1.692   1.692   0.000
  30 4132.3   1/2-   1/2  25    0.50    6.74    6.74    0.25    0.65       6.68    6.68    0.00   -3.60      0.814   0.814   0.000
  
  31 6311.0  13/2-  -3/2  37   -0.87    3.07    3.07    1.98    0.52      24.82   24.82    0.00   -0.64      3.025   3.025   0.000
  32 7101.8   1/2-   1/2  28    0.50   23.87   23.87    0.25   -3.51      27.41   27.41    0.00   -6.89      3.342   3.342   0.000
