1SPECTRUM OF (Z= 82 A=207) IN PARTICLE-ROTOR  MODEL WITH MODIFIED OSCILLATOR POTENTIAL


 PARITY=-   EPS= 0.315   GAMMA=  0.0   EPS4=0.000   EPS6=0.000   LEVELS:  24  25  26  27  28  29  30  31  32  33  34  35  36  37  38

 PAIRING FACTORS: GN0= 19.20  GN1=  7.40  IPAIR= 15 ***  E2PLUS(INPUT)=   0.730  E2PLUR(INPUT)=   0.000

 CORIOLIS ATTENUATION PARAMETERS:  CHSI=1.000  ETA=  1.00

 MOMENT OF INERTIA PARAMETERS:   A1=  0.122 MEV   A2=  0.122 MEV   A3=121.91922 MEV


 DELTA=0.938 MEV  LAMBDA=53.2958 MEV   HW0= 7.5004 MEV   LAMBDA/HW0= 7.1057

 E2ENERGY=0.730 MEV  HBAR**2/B=18398./A**(7/3)=3110.2/A**2 MEV

 IREC=0  =>  RECOIL TERMS j+j-, j+j+, jzjz, ETC TREATED AS ONE-BODY OPERATORS WITH UU+VV PAIRING FACTORS



 S. P. LEVEL   EQP       U     V        (UU + VV)**1.00

     24       4.968    0.095 0.995      1.000 1.000 0.999 0.997 0.964 0.964 0.949 0.914 0.867 0.762 0.496 0.301 0.285 0.279 0.253
     25       4.144    0.114 0.993      1.000 1.000 1.000 0.998 0.969 0.969 0.955 0.921 0.876 0.774 0.513 0.320 0.304 0.297 0.271
     26       3.281    0.144 0.990      0.999 1.000 1.000 1.000 0.976 0.976 0.963 0.933 0.891 0.793 0.539 0.349 0.333 0.326 0.301
     27       2.726    0.175 0.985      0.997 0.998 1.000 1.000 0.982 0.982 0.971 0.943 0.904 0.812 0.564 0.377 0.361 0.355 0.330
     28       1.412    0.355 0.935      0.964 0.969 0.976 0.982 1.000 1.000 0.999 0.989 0.968 0.906 0.708 0.543 0.529 0.523 0.500
     29       1.407    0.357 0.934      0.964 0.969 0.976 0.982 1.000 1.000 0.999 0.989 0.969 0.907 0.710 0.545 0.530 0.525 0.502
     30       1.268    0.404 0.915      0.949 0.955 0.963 0.971 0.999 0.999 1.000 0.995 0.980 0.927 0.745 0.587 0.573 0.568 0.545
     31       1.096    0.491 0.871      0.914 0.921 0.933 0.943 0.989 0.989 0.995 1.000 0.995 0.959 0.806 0.663 0.650 0.645 0.624
     32       0.994    0.578 0.816      0.867 0.876 0.891 0.904 0.968 0.969 0.980 0.995 1.000 0.983 0.863 0.736 0.725 0.720 0.701
     33       0.938    0.717 0.697      0.762 0.774 0.793 0.812 0.906 0.907 0.927 0.959 0.983 1.000 0.940 0.847 0.838 0.834 0.819
     34       1.250    0.911 0.412      0.496 0.513 0.539 0.564 0.708 0.710 0.745 0.806 0.863 0.940 1.000 0.977 0.974 0.972 0.965
     35       2.288    0.978 0.210      0.301 0.320 0.349 0.377 0.543 0.545 0.587 0.663 0.736 0.847 0.977 1.000 1.000 1.000 0.999
     36       2.476    0.981 0.193      0.285 0.304 0.333 0.361 0.529 0.530 0.573 0.650 0.725 0.838 0.974 1.000 1.000 1.000 0.999
     37       2.561    0.982 0.186      0.279 0.297 0.326 0.355 0.523 0.525 0.568 0.645 0.720 0.834 0.972 1.000 1.000 1.000 1.000
     38       2.972    0.987 0.160      0.253 0.271 0.301 0.330 0.500 0.502 0.545 0.624 0.701 0.819 0.965 0.999 0.999 1.000 1.000

  R CORE   ENERGY   A0R/A00=1.000    R3= 0     2  
   2( 1)    0.732                    1.000 0.000
   2( 2)  487.921                    0.000 1.000

  R CORE   ENERGY   A0R/A00=1.000    R3= 0     2  
   3( 1)  488.652                    0.000 1.000

  R CORE   ENERGY   A0R/A00=1.000    R3= 0     2     4  
   4( 1)    2.438                    1.000 0.000 0.000

  R CORE   ENERGY   A0R/A00=1.000    R3= 0     2     4  
   5( 1)  490.847                    0.000 1.000 0.000

  R CORE   ENERGY   A0R/A00=1.000    R3= 0     2     4     6  
   6( 1)    5.121                    1.000 0.000 0.000 0.000

  R CORE   ENERGY   A0R/A00=1.000    R3= 0     2     4     6  
   7( 1)  494.017                    0.000 1.000 0.000 0.000

          AXIAL SYMMETRY => K RESTRICTED TO OMEGA

                     K
     S.P. ORB#: 24 -5.50
     S.P. ORB#: 25  0.50
     S.P. ORB#: 26  2.50
     S.P. ORB#: 27 -3.50
     S.P. ORB#: 28  0.50
     S.P. ORB#: 29  0.50
     S.P. ORB#: 30 -1.50
     S.P. ORB#: 31 -3.50
     S.P. ORB#: 32 -1.50
     S.P. ORB#: 33  4.50
     S.P. ORB#: 34  2.50
     S.P. ORB#: 35 -1.50
     S.P. ORB#: 36 -3.50
     S.P. ORB#: 37  2.50
     S.P. ORB#: 38  0.50
 

             ENERGY    K= OMEGA
 
 I=  1/2- (1)  2.623  29: 0.999
 
 I=  1/2- (2)  5.675  25: 0.999
 
 I=  1/2- (3)  6.148  28:-0.492
                      38: 0.870
 
 I=  1/2- (4)  8.812  28: 0.870
                      38: 0.492
 
 I=  1/2- (5)147.297  32: 1.000

             ENERGY    K= OMEGA
 
 I=  3/2- (1)  2.479  25:-0.127
                      29: 0.053
                      30:-0.969
                      35:-0.206
 
 I=  3/2- (2)  2.555  25: 0.152
                      29: 0.801
                      30:-0.098
                      35: 0.571

             ENERGY    K= OMEGA
 
 I=  5/2- (1)  2.536  25:-0.254
                      29: 0.436
                      30: 0.736
                      35:-0.198
                      37:-0.405
 
 I=  5/2- (2)  3.221  26: 0.066
                      29:-0.365
                      30: 0.465
                      35: 0.797
                      37: 0.093
 
 I=  5/2- (3)  3.347  25:-0.157
                      29: 0.474
                      30: 0.141
                      37: 0.854
 
 I=  5/2- (4)  4.167  29:-0.639
                      30: 0.415
                      35:-0.565
                      37: 0.311
 
 I=  5/2- (5)  5.064  26:-0.997
                      35: 0.072

             ENERGY    K= OMEGA
 
 I=  7/2- (1)  1.879  26: 0.203
                      27:-0.055
                      31:-0.977
 
 I=  7/2- (2)  3.296  25:-0.087
                      29: 0.316
                      30:-0.696
                      35: 0.283
                      37:-0.570
 
 I=  7/2- (3)  3.360  28: 0.728
                      32: 0.578
                      34: 0.342
                      36: 0.140
 
 I=  7/2- (4)  3.497  25:-0.325
                      29:-0.697
                      30:-0.402
                      35:-0.486
                      37:-0.087
 
 I=  7/2- (5)  4.314  26: 0.118
                      27: 0.299
                      29: 0.443
                      30:-0.458
                      35:-0.359
                      37: 0.601

             ENERGY    K= OMEGA
 
 I=  9/2- (1)  1.804  26:-0.068
                      27: 0.207
                      31:-0.209
                      33:-0.953
 
 I=  9/2- (2)  2.815  26:-0.278
                      27:-0.091
                      31:-0.931
                      33: 0.205
 
 I=  9/2- (3)  3.564  25:-0.370
                      29: 0.482
                      30: 0.670
                      31:-0.058
                      35:-0.231
                      37:-0.353
 
 I=  9/2- (4)  4.545  28: 0.235
                      32:-0.589
                      34: 0.654
                      36:-0.411
 
 I=  9/2- (5)  5.043  25:-0.120
                      26: 0.109
                      27:-0.088
                      29:-0.274
                      30: 0.476
                      31:-0.056
                      35: 0.802
                      37: 0.133

             ENERGY    K= OMEGA
 
 I= 11/2- (1)  2.653  28: 0.687
                      32: 0.579
                      34: 0.389
                      36: 0.196
                      38: 0.054
 
 I= 11/2- (2)  2.866  26:-0.116
                      27:-0.279
                      31: 0.290
                      33:-0.907
 
 I= 11/2- (3)  3.981  26:-0.326
                      27: 0.127
                      30: 0.059
                      31: 0.887
                      33: 0.286
                      37: 0.061
 
 I= 11/2- (4)  5.180  25:-0.132
                      29: 0.282
                      30:-0.692
                      31: 0.059
                      35: 0.305
                      37:-0.568
 
 I= 11/2- (5)  5.348  25: 0.396
                      29: 0.715
                      30: 0.358
                      31:-0.064
                      35: 0.442
                      37: 0.058

             ENERGY    K= OMEGA
 
 I= 13/2- (1)  4.147  26: 0.159
                      27:-0.326
                      31: 0.345
                      33: 0.865
 
 I= 13/2- (2)  4.862  28: 0.223
                      32:-0.570
                      34: 0.659
                      36:-0.436
 
 I= 13/2- (3)  5.352  25: 0.196
                      26:-0.322
                      27:-0.150
                      29:-0.205
                      30:-0.308
                      31:-0.756
                      33: 0.302
                      35: 0.061
                      37: 0.179
 
 I= 13/2- (4)  5.522  25: 0.399
                      26: 0.158
                      27: 0.058
                      29:-0.454
                      30:-0.561
                      31: 0.389
                      33:-0.165
                      35: 0.218
                      37: 0.257
 
 I= 13/2- (5)  7.820  24: 0.107
                      25:-0.216
                      26: 0.120
                      27:-0.126
                      29:-0.099
                      30: 0.384
                      31:-0.082
                      33:-0.054
                      35: 0.772
                      37: 0.385

             ENERGY     K= 1/2
  32 LEVELS    TIME=  0.0 SEC



 ******************* EXCITATION ENERGIES, DOMINANT CONFIGURATION AND EXPECTATION VALUES (WITH S.P. UU+VV FACTORS) *******************

  NR  Eex(keV)  I   Kdom  NY    <Jz>  <Jx**2> <Jy**2> <Jz**2> <I.j>/|I|  <Rx**2> <Ry**2> <Rz**2> <R.j>/|R|  <HROTx> <HROTy> <HROTz>

   1    0.0   9/2-   9/2  33    3.80    2.55    2.55   19.49    4.32       3.16    3.16    0.00   -1.23      0.386   0.386   0.000
   2   75.7   7/2-  -7/2  31   -3.25    2.31    2.31   11.99    3.37       2.82    2.82    0.00   -1.37      0.344   0.344   0.000
   3  675.6   3/2-  -3/2  30   -1.46    4.39    4.39    2.21    1.43       4.60    4.60   -0.00   -2.71      0.561   0.561  -0.000
   4  732.0   5/2-  -3/2  30   -0.33    4.45    4.45    2.40    2.28       3.29    3.29   -0.00   -1.78      0.402   0.402  -0.000
   5  751.7   3/2-   1/2  29   -0.17    3.62    3.62    0.92    1.38       3.28    3.28   -0.00   -2.14      0.400   0.400  -0.000
  
   6  819.2   1/2-   1/2  29    0.50    4.71    4.71    0.25    0.28       4.97    4.97    0.00   -2.99      0.606   0.606   0.000
   7  848.8  11/2-   1/2  28   -0.02   24.90   24.90    2.29    6.41       5.58    5.58    0.00   -4.12      0.680   0.680   0.000
   8 1011.4   9/2-  -7/2  31   -2.68    2.42    2.42   12.08    2.92       6.31    6.31    0.00   -0.68      0.769   0.769   0.000
   9 1062.3  11/2-   9/2  33    3.17    2.78    2.78   18.76    3.83       7.14    7.14    0.00   -0.38      0.870   0.870   0.000
  10 1417.4   5/2-  -3/2  35   -1.18    2.45    2.45    2.03    0.90       5.17    5.17   -0.00   -1.33      0.630   0.630  -0.000
  
  11 1492.2   7/2-  -3/2  30    0.01    3.69    3.69    3.36    1.80       6.10    6.10   -0.00   -1.03      0.744   0.744  -0.000
  12 1542.9   5/2-   5/2  37    1.92    2.68    2.68    4.67    1.74       4.23    4.23    0.00   -1.68      0.516   0.516   0.000
  13 1555.9   7/2-   1/2  28   -0.01   24.43   24.43    1.85    6.22       8.55    8.55    0.00   -6.30      1.042   1.042   0.000
  14 1692.8   7/2-   1/2  29   -0.28    3.64    3.64    1.11    1.39       6.57    6.57    0.00   -0.80      0.801   0.801   0.000
  15 1759.8   9/2-  -3/2  30   -0.27    4.76    4.76    2.05    2.29       6.78    6.78   -0.00   -0.05      0.827   0.827  -0.000
  
  16 2177.1  11/2-  -7/2  31   -2.17    2.52    2.52   12.20    2.63      10.79   10.79    0.00   -0.33      1.315   1.315   0.000
  17 2343.6  13/2-   9/2  33    2.63    2.99    2.99   18.10    3.49      12.04   12.04    0.00    0.06      1.468   1.468   0.000
  18 2362.8   5/2-   1/2  29   -0.29    3.69    3.69    1.82   -0.27       9.77    9.77   -0.00   -2.26      1.191   1.191  -0.000
  19 2510.1   7/2-   5/2  37    0.22    3.23    3.23    4.25    1.00       9.27    9.27    0.00   -1.57      1.131   1.131   0.000
  20 2741.5   9/2-   5/2  34   -0.02   24.91   24.91    5.54    5.44      12.99   12.99    0.00   -5.55      1.584   1.584   0.000
  
  21 3058.0  13/2-   5/2  34   -0.04   24.90   24.90    5.79    5.44      14.16   14.16    0.00   -3.30      1.726   1.726   0.000
  22 3239.5   9/2-  -3/2  35   -1.22    2.40    2.40    2.31    0.72      12.35   12.35   -0.00   -0.71      1.505   1.505  -0.000
  23 3260.1   5/2-   5/2  26    2.48    6.00    6.00    6.22    2.08       7.33    7.33    0.00   -3.15      0.894   0.894   0.000
  24 3376.6  11/2-  -3/2  30   -0.01    3.70    3.70    3.43    1.61      13.68   13.68   -0.00   -0.23      1.668   1.668  -0.000
  25 3544.2  11/2-   1/2  29   -0.16    3.81    3.81    0.97    1.41      13.75   13.75    0.00   -0.03      1.676   1.676   0.000
  
  26 3548.6  13/2-  -7/2  31   -1.43    3.07    3.07   10.22    2.43      15.62   15.62    0.00    0.10      1.904   1.904   0.000
  27 3718.5  13/2-  -3/2  30   -0.55    4.54    4.54    3.92    2.30      14.82   14.82   -0.00    0.56      1.807   1.807  -0.000
  28 3871.5   1/2-   1/2  25    0.50    6.39    6.39    0.25    0.68       6.30    6.30    0.00   -3.50      0.768   0.768   0.000
  29 4344.1   1/2-   1/2  38    0.50   12.57   12.57    0.25   -1.74      14.58   14.58    0.00   -4.98      1.777   1.777   0.000
  30 6016.4  13/2-  -3/2  35   -0.81    2.28    2.28    3.39    0.82      22.65   22.65   -0.00   -0.33      2.762   2.762  -0.000
  
  31 7008.0   1/2-   1/2  28    0.50   25.21   25.21    0.25   -3.57      28.80   28.80    0.00   -7.08      3.511   3.511   0.000
  32*******   1/2-  -3/2  32    0.00    0.00    0.00    0.00   -0.00       0.00    0.00   -0.00   -0.00      0.000   0.000  -0.000
