1SPECTRUM OF (Z= 82 A=207) IN PARTICLE-ROTOR  MODEL WITH MODIFIED OSCILLATOR POTENTIAL


 PARITY=-   EPS= 0.192   GAMMA=  0.0   EPS4=0.000   EPS6=0.000   LEVELS:  24  25  26  27  28  29  30  31  32  33  34  35  36  37  38

 PAIRING FACTORS: GN0= 19.20  GN1=  7.40  IPAIR= 15 ***  E2PLUS(INPUT)=   0.730  E2PLUR(INPUT)=   0.000

 CORIOLIS ATTENUATION PARAMETERS:  CHSI=1.000  ETA=  1.00

 MOMENT OF INERTIA PARAMETERS:   A1=  0.122 MEV   A2=  0.122 MEV   A3=121.91922 MEV


 DELTA=0.931 MEV  LAMBDA=53.4760 MEV   HW0= 7.4428 MEV   LAMBDA/HW0= 7.1849

 E2ENERGY=0.730 MEV  HBAR**2/B= 6835./A**(7/3)=1155.5/A**2 MEV

 IREC=0  =>  RECOIL TERMS j+j-, j+j+, jzjz, ETC TREATED AS ONE-BODY OPERATORS WITH UU+VV PAIRING FACTORS



 S. P. LEVEL   EQP       U     V        (UU + VV)**1.00

     24       5.176    0.090 0.996      1.000 1.000 1.000 0.999 0.997 0.992 0.991 0.989 0.740 0.634 0.431 0.421 0.369 0.303 0.250
     25       4.279    0.109 0.994      1.000 1.000 1.000 1.000 0.998 0.995 0.994 0.991 0.753 0.649 0.448 0.438 0.387 0.322 0.268
     26       3.988    0.118 0.993      1.000 1.000 1.000 1.000 0.999 0.995 0.995 0.992 0.758 0.655 0.455 0.446 0.394 0.329 0.276
     27       3.762    0.125 0.992      0.999 1.000 1.000 1.000 0.999 0.996 0.995 0.993 0.763 0.661 0.462 0.452 0.401 0.336 0.283
     28       2.775    0.170 0.985      0.997 0.998 0.999 0.999 1.000 0.999 0.999 0.998 0.792 0.694 0.502 0.493 0.442 0.379 0.327
     29       2.240    0.213 0.977      0.992 0.995 0.995 0.996 0.999 1.000 1.000 1.000 0.817 0.725 0.539 0.530 0.481 0.419 0.368
     30       2.171    0.220 0.976      0.991 0.994 0.995 0.995 0.999 1.000 1.000 1.000 0.821 0.730 0.545 0.536 0.487 0.425 0.374
     31       2.010    0.239 0.971      0.989 0.991 0.992 0.993 0.998 1.000 1.000 1.000 0.832 0.743 0.561 0.552 0.504 0.443 0.392
     32       0.934    0.737 0.676      0.740 0.753 0.758 0.763 0.792 0.817 0.821 0.832 1.000 0.989 0.926 0.922 0.898 0.866 0.836
     33       1.001    0.827 0.562      0.634 0.649 0.655 0.661 0.694 0.725 0.730 0.743 0.989 1.000 0.971 0.968 0.953 0.929 0.907
     34       1.428    0.938 0.348      0.431 0.448 0.455 0.462 0.502 0.539 0.545 0.561 0.926 0.971 1.000 1.000 0.998 0.991 0.981
     35       1.465    0.941 0.337      0.421 0.438 0.446 0.452 0.493 0.530 0.536 0.552 0.922 0.968 1.000 1.000 0.998 0.992 0.983
     36       1.713    0.959 0.283      0.369 0.387 0.394 0.401 0.442 0.481 0.487 0.504 0.898 0.953 0.998 0.998 1.000 0.998 0.992
     37       2.205    0.976 0.216      0.303 0.322 0.329 0.336 0.379 0.419 0.425 0.443 0.866 0.929 0.991 0.992 0.998 1.000 0.998
     38       2.923    0.987 0.161      0.250 0.268 0.276 0.283 0.327 0.368 0.374 0.392 0.836 0.907 0.981 0.983 0.992 0.998 1.000

  R CORE   ENERGY   A0R/A00=1.000    R3= 0     2  
   2( 1)    0.732                    1.000 0.000
   2( 2)  487.921                    0.000 1.000

  R CORE   ENERGY   A0R/A00=1.000    R3= 0     2  
   3( 1)  488.652                    0.000 1.000

  R CORE   ENERGY   A0R/A00=1.000    R3= 0     2     4  
   4( 1)    2.438                    1.000 0.000 0.000

  R CORE   ENERGY   A0R/A00=1.000    R3= 0     2     4  
   5( 1)  490.847                    0.000 1.000 0.000

  R CORE   ENERGY   A0R/A00=1.000    R3= 0     2     4     6  
   6( 1)    5.121                    1.000 0.000 0.000 0.000

  R CORE   ENERGY   A0R/A00=1.000    R3= 0     2     4     6  
   7( 1)  494.017                    0.000 1.000 0.000 0.000

          AXIAL SYMMETRY => K RESTRICTED TO OMEGA

                     K
     S.P. ORB#: 24  2.50
     S.P. ORB#: 25  2.50
     S.P. ORB#: 26  0.50
     S.P. ORB#: 27 -3.50
     S.P. ORB#: 28 -3.50
     S.P. ORB#: 29  4.50
     S.P. ORB#: 30  0.50
     S.P. ORB#: 31 -1.50
     S.P. ORB#: 32 -1.50
     S.P. ORB#: 33  2.50
     S.P. ORB#: 34  0.50
     S.P. ORB#: 35  0.50
     S.P. ORB#: 36 -1.50
     S.P. ORB#: 37  2.50
     S.P. ORB#: 38 -3.50
 

             ENERGY    K= OMEGA
 
 I=  1/2- (1)  1.679  26:-0.060
                      34:-0.998
 
 I=  1/2- (2)  3.209  30: 0.999
 
 I=  1/2- (3)  5.167  26: 0.998
                      34:-0.060
 
 I=  1/2- (4)  9.422  35: 1.000
 
 I=  1/2- (5)147.237  32: 1.000

             ENERGY    K= OMEGA
 
 I=  3/2- (1)  1.417  30: 0.188
                      31: 0.106
                      32: 0.972
                      34:-0.077
 
 I=  3/2- (2)  2.328  30: 0.159
                      31: 0.137
                      32:-0.123
                      34:-0.970

             ENERGY    K= OMEGA
 
 I=  5/2- (1)  1.474  26:-0.050
                      30: 0.134
                      31: 0.176
                      32:-0.420
                      33:-0.876
                      34: 0.059
 
 I=  5/2- (2)  2.040  30: 0.218
                      31:-0.167
                      32:-0.866
                      33: 0.412
                      34:-0.050
 
 I=  5/2- (3)  2.352  30: 0.157
                      31: 0.204
                      33: 0.128
                      34: 0.957
 
 I=  5/2- (4)  3.284  24: 0.073
                      26:-0.375
                      30: 0.442
                      31: 0.741
                      32: 0.071
                      33: 0.184
                      34:-0.265
 
 I=  5/2- (5)  4.531  24: 0.064
                      26: 0.074
                      30:-0.806
                      31: 0.515
                      32:-0.256
                      33: 0.098

             ENERGY    K= OMEGA
 
 I=  7/2- (1)  2.109  30: 0.183
                      31:-0.211
                      32: 0.511
                      33:-0.812
 
 I=  7/2- (2)  2.694  25:-0.073
                      26:-0.172
                      28: 0.084
                      30:-0.342
                      31:-0.302
                      32:-0.712
                      33:-0.450
                      34: 0.194
 
 I=  7/2- (3)  3.493  24: 0.063
                      25:-0.241
                      27:-0.131
                      28: 0.952
                      30: 0.066
                      34:-0.066
 
 I=  7/2- (4)  3.861  35: 0.726
                      36: 0.574
                      37: 0.350
                      38: 0.147
 
 I=  7/2- (5)  3.911  26:-0.105
                      28: 0.052
                      30:-0.149
                      31:-0.277
                      32: 0.315
                      33: 0.225
                      34: 0.857

             ENERGY    K= OMEGA
 
 I=  9/2- (1)  2.763  26: 0.173
                      27:-0.138
                      29: 0.275
                      30:-0.289
                      31:-0.354
                      32: 0.450
                      33: 0.656
                      34:-0.166
 
 I=  9/2- (2)  2.976  24:-0.062
                      25:-0.061
                      26:-0.059
                      27:-0.258
                      28:-0.171
                      29: 0.894
                      30: 0.106
                      31: 0.107
                      32:-0.159
                      33:-0.204
                      34: 0.063
 
 I=  9/2- (3)  3.852  24: 0.077
                      25:-0.149
                      26:-0.061
                      27: 0.076
                      28:-0.239
                      30:-0.162
                      31: 0.339
                      32: 0.742
                      33:-0.291
                      34: 0.359
 
 I=  9/2- (4)  3.958  26: 0.111
                      28:-0.098
                      30:-0.307
                      31:-0.131
                      32: 0.125
                      33:-0.518
                      34:-0.761
 
 I=  9/2- (5)  4.398  24:-0.099
                      25: 0.291
                      27:-0.162
                      28: 0.868
                      29: 0.135
                      30:-0.128
                      32: 0.213
                      33:-0.189
                      34: 0.082

             ENERGY    K= OMEGA
 
 I= 11/2- (1)  2.725  35: 0.686
                      36: 0.576
                      37: 0.397
                      38: 0.198
 
 I= 11/2- (2)  3.788  24: 0.121
                      25: 0.119
                      27:-0.374
                      28:-0.194
                      29:-0.760
                      30: 0.104
                      31:-0.168
                      32: 0.231
                      33:-0.351
 
 I= 11/2- (3)  4.079  27:-0.131
                      28:-0.112
                      29:-0.432
                      30:-0.259
                      31: 0.236
                      32:-0.516
                      33: 0.626
 
 I= 11/2- (4)  4.643  24: 0.088
                      25:-0.134
                      26:-0.280
                      27:-0.069
                      28: 0.202
                      30:-0.398
                      31:-0.418
                      32:-0.537
                      33:-0.415
                      34: 0.233
 
 I= 11/2- (5)  5.477  24:-0.125
                      25: 0.354
                      26:-0.101
                      27: 0.204
                      28:-0.847
                      29: 0.171
                      30:-0.160
                      31:-0.089
                      32:-0.077
                      33:-0.094
                      34: 0.115

             ENERGY    K= OMEGA
 
 I= 13/2- (1)  4.684  24: 0.136
                      25: 0.099
                      26:-0.247
                      27: 0.293
                      28: 0.118
                      29:-0.417
                      30: 0.327
                      31: 0.404
                      32:-0.344
                      33:-0.464
                      34: 0.182
 
 I= 13/2- (2)  4.960  35:-0.233
                      36: 0.582
                      37:-0.652
                      38: 0.427
 
 I= 13/2- (3)  5.064  24: 0.102
                      25: 0.113
                      26: 0.175
                      27: 0.353
                      28: 0.227
                      29:-0.710
                      30:-0.244
                      31:-0.244
                      32: 0.235
                      33: 0.265
                      34:-0.145
 
 I= 13/2- (4)  6.386  24: 0.167
                      25:-0.289
                      26:-0.100
                      27: 0.158
                      28:-0.470
                      29:-0.069
                      30:-0.110
                      31: 0.319
                      32: 0.630
                      33:-0.051
                      34: 0.338
 
 I= 13/2- (5)  6.590  25: 0.140
                      26:-0.132
                      27:-0.105
                      28: 0.309
                      30: 0.275
                      31: 0.066
                      33: 0.588
                      34: 0.655

             ENERGY     K=-7/2
  32 LEVELS    TIME=  0.0 SEC



 ******************* EXCITATION ENERGIES, DOMINANT CONFIGURATION AND EXPECTATION VALUES (WITH S.P. UU+VV FACTORS) *******************

  NR  Eex(keV)  I   Kdom  NY    <Jz>  <Jx**2> <Jy**2> <Jz**2> <I.j>/|I|  <Rx**2> <Ry**2> <Rz**2> <R.j>/|R|  <HROTx> <HROTy> <HROTz>

   1    0.0   3/2-  -3/2  32   -1.41    1.55    1.55    2.16    1.44       1.71    1.71    0.00   -1.34      0.209   0.209   0.000
   2   57.0   5/2-   5/2  33    1.62    1.81    1.81    5.27    2.40       1.72    1.72   -0.00   -0.97      0.210   0.210  -0.000
   3  262.5   1/2-   1/2  34    0.50    1.21    1.21    0.25    0.83       0.99    0.99    0.00   -1.39      0.121   0.121   0.000
   4  622.8   5/2-  -3/2  32   -0.71    1.56    1.56    2.84    1.10       4.09    4.09   -0.00   -0.94      0.498   0.498  -0.000
   5  692.6   7/2-   5/2  33    1.20    1.94    1.94    4.84    2.01       4.24    4.24   -0.00   -0.25      0.517   0.517  -0.000
  
   6  911.1   3/2-   1/2  34    0.43    1.35    1.35    0.32   -0.11       3.60    3.60    0.00   -1.20      0.439   0.439   0.000
   7  935.1   5/2-   1/2  34    0.45    1.61    1.61    0.43    0.87       3.63    3.63   -0.00   -0.40      0.443   0.443  -0.000
   8 1277.4   7/2-  -3/2  32   -0.31    1.79    1.79    2.80    1.39       5.56    5.56   -0.00   -0.26      0.678   0.678  -0.000
   9 1308.3  11/2-   1/2  35   -0.01   28.07   28.07    2.33    7.19       4.12    4.12    0.00   -5.39      0.502   0.502   0.000
  10 1346.6   9/2-   5/2  33    0.93    2.85    2.85    5.28    2.53       5.27    5.27   -0.00    0.50      0.642   0.642  -0.000
  
  11 1559.3   9/2-   9/2  29    3.34    2.70    2.70   17.76    4.25       2.81    2.81    0.00   -0.85      0.343   0.343   0.000
  12 1791.9   1/2-   1/2  30    0.50    4.08    4.08    0.25    0.39       4.25    4.25   -0.00   -2.77      0.518   0.518  -0.000
  13 1867.2   5/2-  -3/2  31   -0.53    3.81    3.81    1.60    1.61       4.22    4.22   -0.00   -1.53      0.514   0.514  -0.000
  14 2076.6   7/2-  -7/2  28   -3.07    2.27    2.27   11.72    3.39       2.54    2.54    0.00   -1.24      0.310   0.310   0.000
  15 2371.3  11/2-   9/2  29    2.24    3.26    3.26   15.01    3.78       6.04    6.04    0.00    0.31      0.736   0.736   0.000
  
  16 2435.0   9/2-  -3/2  32   -0.86    1.64    1.64    3.01    1.09      10.09   10.09    0.00   -0.19      1.230   1.230   0.000
  17 2444.1   7/2-   1/2  35    0.00   28.20   28.20    1.90    7.06       8.99    8.99    0.00   -7.14      1.096   1.096   0.000
  18 2494.5   7/2-   1/2  34    0.24    1.81    1.81    0.96    0.03      10.05   10.05    0.00   -1.00      1.225   1.225   0.000
  19 2540.7   9/2-   1/2  34    0.93    2.10    2.10    2.07    1.04      10.32   10.32   -0.00   -0.24      1.259   1.259  -0.000
  20 2661.9  11/2-   5/2  33    1.27    2.27    2.27    7.34    2.17      10.87   10.87    0.00    0.23      1.326   1.326   0.000
  
  21 2981.5   9/2-  -7/2  28   -2.38    2.29    2.29   10.85    2.70       6.65    6.65    0.00   -0.55      0.811   0.811   0.000
  22 3114.2   5/2-   1/2  30   -0.13    4.14    4.14    1.00   -0.38      10.14   10.14   -0.00   -2.31      1.236   1.236  -0.000
  23 3226.4  11/2-  -3/2  32   -0.20    2.27    2.27    2.96    1.65      11.74   11.74    0.00    0.49      1.431   1.431   0.000
  24 3266.8  13/2-   5/2  33    0.72    3.85    3.85    6.95    3.00      10.74   10.74   -0.00    1.36      1.309   1.309  -0.000
  25 3543.1  13/2-   5/2  37   -0.06   27.06   27.06    5.67    6.11      11.61   11.61    0.00   -3.55      1.415   1.415   0.000
  
  26 3647.0  13/2-   9/2  29    1.77    3.44    3.44   13.25    3.35      11.03   11.03    0.00    0.70      1.345   1.345   0.000
  27 3749.9   1/2-   1/2  26    0.50    4.97    4.97    0.25    0.68       4.88    4.88    0.00   -3.07      0.595   0.595   0.000
  28 4060.0  11/2-  -7/2  28   -2.15    2.47    2.47   10.86    2.59      10.27   10.27    0.00   -0.06      1.252   1.252   0.000
  29 4969.6  13/2-  -3/2  32   -1.23    2.05    2.05    4.98    1.58      17.88   17.88    0.00    0.33      2.180   2.180   0.000
  30 5172.7  13/2-   1/2  34    0.80    2.16    2.16    3.74    1.14      20.47   20.47   -0.00   -0.02      2.496   2.496  -0.000
  
  31 8005.4   1/2-   1/2  35    0.50   28.62   28.62    0.25   -4.06      32.63   32.63    0.00   -7.55      3.978   3.978   0.000
  32*******   1/2-  -3/2  32    0.00    0.00    0.00    0.00   -0.00       0.00    0.00    0.00   -0.00      0.000   0.000   0.000
