1SPECTRUM OF (Z= 82 A=207) IN PARTICLE-ROTOR  MODEL WITH MODIFIED OSCILLATOR POTENTIAL


 PARITY=-   EPS= 0.358   GAMMA=  0.0   EPS4=0.000   EPS6=0.000   LEVELS:  25  26  27  28  29  30  31  32  33  34  35  36  37  38  39

 PAIRING FACTORS: GN0= 19.20  GN1=  7.40  IPAIR= 15 ***  E2PLUS(INPUT)=   0.730  E2PLUR(INPUT)=   0.000

 CORIOLIS ATTENUATION PARAMETERS:  CHSI=1.000  ETA=  1.00

 MOMENT OF INERTIA PARAMETERS:   A1=  0.122 MEV   A2=  0.122 MEV   A3=121.91921 MEV


 DELTA=0.888 MEV  LAMBDA=53.3983 MEV   HW0= 7.5285 MEV   LAMBDA/HW0= 7.0929

 E2ENERGY=0.730 MEV  HBAR**2/B=23764./A**(7/3)=4017.3/A**2 MEV

 IREC=0  =>  RECOIL TERMS j+j-, j+j+, jzjz, ETC TREATED AS ONE-BODY OPERATORS WITH UU+VV PAIRING FACTORS



 S. P. LEVEL   EQP       U     V        (UU + VV)**1.00

     25       4.250    0.105 0.994      1.000 0.999 0.997 0.995 0.975 0.952 0.929 0.759 0.685 0.545 0.324 0.310 0.261 0.247 0.222
     26       3.012    0.149 0.989      0.999 1.000 0.999 0.999 0.984 0.965 0.945 0.787 0.716 0.581 0.366 0.352 0.304 0.290 0.265
     27       2.452    0.184 0.983      0.997 0.999 1.000 1.000 0.990 0.974 0.956 0.809 0.741 0.610 0.399 0.385 0.338 0.324 0.299
     28       2.268    0.200 0.980      0.995 0.999 1.000 1.000 0.992 0.977 0.961 0.818 0.751 0.622 0.413 0.400 0.353 0.339 0.314
     29       1.458    0.322 0.947      0.975 0.984 0.990 0.992 1.000 0.996 0.988 0.884 0.829 0.716 0.525 0.512 0.468 0.454 0.431
     30       1.203    0.404 0.915      0.952 0.965 0.974 0.977 0.996 1.000 0.998 0.921 0.874 0.775 0.597 0.586 0.543 0.531 0.509
     31       1.080    0.464 0.886      0.929 0.945 0.956 0.961 0.988 0.998 1.000 0.946 0.905 0.816 0.650 0.639 0.599 0.587 0.566
     32       0.890    0.727 0.686      0.759 0.787 0.809 0.818 0.884 0.921 0.946 1.000 0.994 0.959 0.862 0.855 0.827 0.818 0.803
     33       0.922    0.797 0.604      0.685 0.716 0.741 0.751 0.829 0.874 0.905 0.994 1.000 0.984 0.911 0.905 0.882 0.875 0.863
     34       1.098    0.891 0.454      0.545 0.581 0.610 0.622 0.716 0.775 0.816 0.959 0.984 1.000 0.970 0.966 0.952 0.947 0.939
     35       2.044    0.975 0.223      0.324 0.366 0.399 0.413 0.525 0.597 0.650 0.862 0.911 0.970 1.000 1.000 0.998 0.997 0.994
     36       2.174    0.978 0.209      0.310 0.352 0.385 0.400 0.512 0.586 0.639 0.855 0.905 0.966 1.000 1.000 0.999 0.998 0.996
     37       2.837    0.987 0.159      0.261 0.304 0.338 0.353 0.468 0.543 0.599 0.827 0.882 0.952 0.998 0.999 1.000 1.000 0.999
     38       3.121    0.990 0.144      0.247 0.290 0.324 0.339 0.454 0.531 0.587 0.818 0.875 0.947 0.997 0.998 1.000 1.000 1.000
     39       3.782    0.993 0.118      0.222 0.265 0.299 0.314 0.431 0.509 0.566 0.803 0.863 0.939 0.994 0.996 0.999 1.000 1.000

  R CORE   ENERGY   A0R/A00=1.000    R3= 0     2  
   2( 1)    0.732                    1.000 0.000
   2( 2)  487.921                    0.000 1.000

  R CORE   ENERGY   A0R/A00=1.000    R3= 0     2  
   3( 1)  488.652                    0.000 1.000

  R CORE   ENERGY   A0R/A00=1.000    R3= 0     2     4  
   4( 1)    2.438                    1.000 0.000 0.000

  R CORE   ENERGY   A0R/A00=1.000    R3= 0     2     4  
   5( 1)  490.847                    0.000 1.000 0.000

  R CORE   ENERGY   A0R/A00=1.000    R3= 0     2     4     6  
   6( 1)    5.121                    1.000 0.000 0.000 0.000

  R CORE   ENERGY   A0R/A00=1.000    R3= 0     2     4     6  
   7( 1)  494.017                    0.000 1.000 0.000 0.000

          AXIAL SYMMETRY => K RESTRICTED TO OMEGA

                     K
     S.P. ORB#: 25  0.50
     S.P. ORB#: 26  2.50
     S.P. ORB#: 27 -3.50
     S.P. ORB#: 28  0.50
     S.P. ORB#: 29 -1.50
     S.P. ORB#: 30  0.50
     S.P. ORB#: 31 -1.50
     S.P. ORB#: 32 -3.50
     S.P. ORB#: 33  2.50
     S.P. ORB#: 34  4.50
     S.P. ORB#: 35  0.50
     S.P. ORB#: 36 -3.50
     S.P. ORB#: 37 -1.50
     S.P. ORB#: 38  2.50
     S.P. ORB#: 39  0.50
 

             ENERGY    K= OMEGA
 
 I=  1/2- (1)  2.465  30: 0.998
 
 I=  1/2- (2)  4.135  25:-0.076
                      39:-0.997
 
 I=  1/2- (3)  5.431  28:-0.299
                      35: 0.954
 
 I=  1/2- (4)  5.879  25: 0.996
                      39:-0.075
 
 I=  1/2- (5)  8.871  28: 0.954
                      35: 0.299

             ENERGY    K= OMEGA
 
 I=  3/2- (1)  2.341  25: 0.091
                      30:-0.193
                      31: 0.975
                      39:-0.053
 
 I=  3/2- (2)  2.498  25:-0.189
                      30:-0.925
                      31:-0.148
                      37:-0.270
                      39: 0.115

             ENERGY    K= OMEGA
 
 I=  5/2- (1)  2.449  25:-0.253
                      30: 0.466
                      31: 0.799
                      37:-0.093
                      38:-0.226
                      39: 0.140
 
 I=  5/2- (2)  3.375  26: 0.061
                      30:-0.736
                      31: 0.456
                      37: 0.471
                      38:-0.150
 
 I=  5/2- (3)  3.807  25:-0.090
                      26: 0.059
                      30: 0.199
                      31: 0.126
                      37: 0.461
                      38: 0.841
                      39: 0.113
 
 I=  5/2- (4)  4.425  26:-0.128
                      30:-0.376
                      31: 0.299
                      37:-0.715
                      38: 0.467
                      39:-0.151
 
 I=  5/2- (5)  4.804  26:-0.981
                      37: 0.129
                      39: 0.141

             ENERGY    K= OMEGA
 
 I=  7/2- (1)  1.724  26: 0.177
                      32:-0.983
 
 I=  7/2- (2)  3.301  25:-0.229
                      31:-0.892
                      38:-0.365
                      39: 0.121
 
 I=  7/2- (3)  3.418  25:-0.230
                      30:-0.877
                      31: 0.064
                      37:-0.372
                      38: 0.123
                      39: 0.137
 
 I=  7/2- (4)  3.775  28: 0.675
                      29: 0.586
                      33: 0.410
                      36: 0.181
 
 I=  7/2- (5)  4.317  26: 0.205
                      27: 0.949
                      30: 0.084
                      31:-0.092
                      37:-0.087
                      38: 0.184

             ENERGY    K= OMEGA
 
 I=  9/2- (1)  2.015  26:-0.082
                      27: 0.172
                      32:-0.298
                      34:-0.935
 
 I=  9/2- (2)  2.730  26: 0.240
                      27: 0.094
                      31: 0.057
                      32: 0.916
                      34:-0.296
                      38:-0.052
 
 I=  9/2- (3)  3.466  25:-0.359
                      30: 0.499
                      31: 0.705
                      32:-0.074
                      37:-0.147
                      38:-0.255
                      39: 0.177
 
 I=  9/2- (4)  4.670  28: 0.215
                      29:-0.552
                      33: 0.679
                      36:-0.434
 
 I=  9/2- (5)  5.229  26: 0.102
                      30:-0.628
                      31: 0.486
                      32:-0.056
                      37: 0.553
                      38:-0.216

             ENERGY    K= OMEGA
 
 I= 11/2- (1)  3.133  26: 0.136
                      27: 0.233
                      32:-0.396
                      34: 0.877
 
 I= 11/2- (2)  3.163  28: 0.654
                      29: 0.581
                      33: 0.427
                      35: 0.063
                      36: 0.221
 
 I= 11/2- (3)  3.967  26:-0.280
                      27: 0.140
                      31: 0.071
                      32: 0.858
                      34: 0.395
                      38: 0.067
 
 I= 11/2- (4)  5.121  25:-0.379
                      30:-0.435
                      31:-0.716
                      32: 0.096
                      37:-0.153
                      38:-0.289
                      39: 0.194
 
 I= 11/2- (5)  5.301  25:-0.103
                      30:-0.719
                      31: 0.450
                      37:-0.383
                      38: 0.340
                      39: 0.070

             ENERGY    K= OMEGA
 
 I= 13/2- (1)  4.473  26:-0.183
                      27: 0.273
                      32:-0.455
                      34:-0.827
 
 I= 13/2- (2)  5.144  28:-0.215
                      29: 0.549
                      33:-0.672
                      36: 0.447
 
 I= 13/2- (3)  5.306  25:-0.360
                      26: 0.166
                      27: 0.109
                      30: 0.420
                      31: 0.577
                      32: 0.399
                      34:-0.251
                      37:-0.120
                      38:-0.240
                      39: 0.165
 
 I= 13/2- (4)  5.499  25: 0.226
                      26: 0.257
                      27: 0.144
                      30:-0.282
                      31:-0.325
                      32: 0.709
                      34:-0.382
                      37: 0.106
                      38: 0.083
                      39:-0.103
 
 I= 13/2- (5)  8.050  26:-0.114
                      27: 0.064
                      30: 0.555
                      31:-0.486
                      32: 0.098
                      37:-0.623
                      38: 0.182
                      39:-0.085

             ENERGY     K= 1/2
  32 LEVELS    TIME=  0.0 SEC



 ******************* EXCITATION ENERGIES, DOMINANT CONFIGURATION AND EXPECTATION VALUES (WITH S.P. UU+VV FACTORS) *******************

  NR  Eex(keV)  I   Kdom  NY    <Jz>  <Jx**2> <Jy**2> <Jz**2> <I.j>/|I|  <Rx**2> <Ry**2> <Rz**2> <R.j>/|R|  <HROTx> <HROTy> <HROTz>

   1    0.0   7/2-  -7/2  32   -3.31    2.31    2.31   12.05    3.30       3.13    3.13    0.00   -1.43      0.382   0.382   0.000
   2  290.4   9/2-   9/2  34    3.54    2.51    2.51   19.21    4.20       3.62    3.62    0.00   -1.25      0.441   0.441   0.000
   3  616.6   3/2-  -3/2  31   -1.40    4.83    4.83    2.15    1.44       5.00    5.00    0.00   -2.86      0.610   0.610   0.000
   4  724.7   5/2-  -3/2  31   -0.69    4.97    4.97    1.86    2.13       3.96    3.96    0.00   -1.95      0.483   0.483   0.000
   5  741.2   1/2-   1/2  30    0.50    4.89    4.89    0.25    0.29       5.14    5.14   -0.00   -3.05      0.627   0.627  -0.000
  
   6  774.0   3/2-   1/2  30    0.31    4.37    4.37    0.44    1.15       4.25    4.25    0.00   -2.39      0.518   0.518   0.000
   7 1005.8   9/2-  -7/2  32   -2.42    2.40    2.40   12.55    2.85       6.88    6.88   -0.00   -0.86      0.839   0.839  -0.000
   8 1408.7  11/2-   9/2  34    2.77    2.70    2.70   18.30    3.63       8.03    8.03    0.00   -0.50      0.979   0.979   0.000
   9 1438.4  11/2-   1/2  28   -0.01   23.71   23.71    2.60    6.20       5.82    5.82    0.00   -3.80      0.709   0.709   0.000
  10 1577.1   7/2-  -3/2  31   -0.83    4.50    4.50    2.67    1.65       7.14    7.14    0.00   -1.35      0.871   0.871   0.000
  
  11 1650.7   5/2-   1/2  30   -0.31    3.97    3.97    1.27    0.57       7.29    7.29    0.00   -1.97      0.889   0.889   0.000
  12 1694.0   7/2-   1/2  30    0.24    4.17    4.17    0.63    1.31       7.18    7.18   -0.00   -1.00      0.875   0.875  -0.000
  13 1742.3   9/2-  -3/2  31   -0.43    5.10    5.10    1.75    2.29       6.94    6.94    0.00   -0.14      0.846   0.846   0.000
  14 2050.6   7/2-   1/2  28    0.02   23.37   23.37    2.34    6.09       8.26    8.26    0.00   -6.13      1.007   1.007   0.000
  15 2083.3   5/2-   5/2  38    1.46    2.02    2.02    4.97    1.84       3.44    3.44    0.00   -1.36      0.419   0.419   0.000
  
  16 2243.3  11/2-  -7/2  32   -1.74    2.48    2.48   12.94    2.54      11.63   11.63    0.00   -0.56      1.418   1.418   0.000
  17 2410.4   1/2-   1/2  39    0.50    1.56    1.56    0.25    0.71       1.45    1.45   -0.00   -1.62      0.176   0.176  -0.000
  18 2592.5   7/2-  -7/2  27   -2.98    5.99    5.99   11.55    3.05       7.53    7.53    0.00   -2.94      0.918   0.918   0.000
  19 2700.3   5/2-  -3/2  37   -0.23    2.75    2.75    2.86    0.27       7.75    7.75    0.00   -1.92      0.945   0.945   0.000
  20 2749.2  13/2-   9/2  34    2.17    2.88    2.88   17.51    3.25      13.34   13.34   -0.00   -0.11      1.626   1.626  -0.000
  
  21 2945.7   9/2-   5/2  33    0.06   24.17   24.17    5.88    5.23      13.48   13.48    0.00   -5.43      1.643   1.643   0.000
  22 3080.2   5/2-   5/2  26    2.39    5.88    5.88    6.06    2.02       7.30    7.30    0.00   -3.10      0.890   0.890   0.000
  23 3396.9  11/2-  -3/2  31   -0.44    4.41    4.41    1.95    1.66      13.33   13.33    0.00   -0.16      1.626   1.626   0.000
  24 3419.7  13/2-   5/2  33    0.00   24.16   24.16    5.96    5.18      15.37   15.37    0.00   -3.27      1.874   1.874   0.000
  25 3504.4   9/2-   1/2  30   -0.49    3.57    3.57    1.74    0.54      14.11   14.11    0.00   -1.16      1.720   1.720   0.000
  
  26 3577.3  11/2-   1/2  30    0.03    4.07    4.07    1.68    1.33      14.83   14.83    0.00   -0.34      1.808   1.808   0.000
  27 3582.2  13/2-  -3/2  31   -0.46    4.52    4.52    4.77    2.40      14.50   14.50    0.00    0.55      1.768   1.768   0.000
  28 3706.4   1/2-   1/2  35    0.50   12.28   12.28    0.25   -1.19      13.81   13.81    0.00   -4.92      1.683   1.683   0.000
  29 3775.1  13/2-  -7/2  32   -1.09    3.28    3.28   10.12    2.26      16.91   16.91   -0.00   -0.15      2.061   2.061  -0.000
  30 4155.3   1/2-   1/2  25    0.50    6.78    6.78    0.25    0.65       6.72    6.72    0.00   -3.61      0.820   0.820   0.000
  
  31 6325.5  13/2-  -3/2  37   -0.71    3.27    3.27    1.94    0.50      25.15   25.15    0.00   -0.71      3.066   3.066   0.000
  32 7147.3   1/2-   1/2  28    0.50   23.63   23.63    0.25   -3.50      27.16   27.16   -0.00   -6.86      3.312   3.312  -0.000
