1SPECTRUM OF (Z= 82 A=207) IN PARTICLE-ROTOR  MODEL WITH MODIFIED OSCILLATOR POTENTIAL


 PARITY=-   EPS= 0.287   GAMMA=  0.0   EPS4=0.000   EPS6=0.000   LEVELS:  26  27  28  29  30  31  32  33  34  35  36  37  38  39  40

 PAIRING FACTORS: GN0= 19.20  GN1=  7.40  IPAIR= 15 ***  E2PLUS(INPUT)=   0.730  E2PLUR(INPUT)=   0.000

 CORIOLIS ATTENUATION PARAMETERS:  CHSI=1.000  ETA=  1.00

 MOMENT OF INERTIA PARAMETERS:   A1=  0.122 MEV   A2=  0.122 MEV   A3=121.91923 MEV


 DELTA=0.951 MEV  LAMBDA=53.2989 MEV   HW0= 7.4845 MEV   LAMBDA/HW0= 7.1213

 E2ENERGY=0.730 MEV  HBAR**2/B=15273./A**(7/3)=2581.8/A**2 MEV

 IREC=0  =>  RECOIL TERMS j+j-, j+j+, jzjz, ETC TREATED AS ONE-BODY OPERATORS WITH UU+VV PAIRING FACTORS



 S. P. LEVEL   EQP       U     V        (UU + VV)**1.00

     26       3.500    0.137 0.991      1.000 1.000 0.982 0.974 0.972 0.915 0.906 0.755 0.467 0.390 0.358 0.318 0.306 0.271 0.253
     27       2.947    0.164 0.987      1.000 1.000 0.987 0.980 0.978 0.926 0.917 0.772 0.491 0.414 0.383 0.344 0.331 0.297 0.279
     28       1.571    0.319 0.948      0.982 0.987 1.000 0.999 0.999 0.974 0.969 0.864 0.624 0.554 0.526 0.490 0.478 0.446 0.429
     29       1.422    0.358 0.934      0.974 0.980 0.999 1.000 1.000 0.983 0.979 0.884 0.656 0.588 0.560 0.525 0.514 0.483 0.466
     30       1.394    0.367 0.930      0.972 0.978 0.999 1.000 1.000 0.984 0.980 0.888 0.663 0.596 0.568 0.533 0.522 0.491 0.474
     31       1.065    0.524 0.851      0.915 0.926 0.974 0.983 0.984 1.000 1.000 0.955 0.784 0.727 0.703 0.673 0.664 0.636 0.621
     32       1.043    0.543 0.840      0.906 0.917 0.969 0.979 0.980 1.000 1.000 0.961 0.797 0.742 0.719 0.689 0.680 0.653 0.638
     33       0.960    0.753 0.657      0.755 0.772 0.864 0.884 0.888 0.955 0.961 1.000 0.933 0.898 0.883 0.862 0.856 0.836 0.826
     34       1.481    0.940 0.342      0.467 0.491 0.624 0.656 0.663 0.784 0.797 0.933 1.000 0.996 0.993 0.987 0.985 0.978 0.973
     35       1.898    0.966 0.260      0.390 0.414 0.554 0.588 0.596 0.727 0.742 0.898 0.996 1.000 0.999 0.997 0.996 0.992 0.990
     36       2.158    0.974 0.226      0.358 0.383 0.526 0.560 0.568 0.703 0.719 0.883 0.993 0.999 1.000 0.999 0.999 0.996 0.994
     37       2.610    0.983 0.185      0.318 0.344 0.490 0.525 0.533 0.673 0.689 0.862 0.987 0.997 0.999 1.000 1.000 0.999 0.998
     38       2.797    0.985 0.173      0.306 0.331 0.478 0.514 0.522 0.664 0.680 0.856 0.985 0.996 0.999 1.000 1.000 0.999 0.998
     39       3.510    0.991 0.137      0.271 0.297 0.446 0.483 0.491 0.636 0.653 0.836 0.978 0.992 0.996 0.999 0.999 1.000 1.000
     40       4.071    0.993 0.118      0.253 0.279 0.429 0.466 0.474 0.621 0.638 0.826 0.973 0.990 0.994 0.998 0.998 1.000 1.000

  R CORE   ENERGY   A0R/A00=1.000    R3= 0     2  
   2( 1)    0.732                    1.000 0.000
   2( 2)  487.921                    0.000 1.000

  R CORE   ENERGY   A0R/A00=1.000    R3= 0     2  
   3( 1)  488.652                    0.000 1.000

  R CORE   ENERGY   A0R/A00=1.000    R3= 0     2     4  
   4( 1)    2.438                    1.000 0.000 0.000

  R CORE   ENERGY   A0R/A00=1.000    R3= 0     2     4  
   5( 1)  490.847                    0.000 1.000 0.000

  R CORE   ENERGY   A0R/A00=1.000    R3= 0     2     4     6  
   6( 1)    5.121                    1.000 0.000 0.000 0.000

  R CORE   ENERGY   A0R/A00=1.000    R3= 0     2     4     6  
   7( 1)  494.017                    0.000 1.000 0.000 0.000

          AXIAL SYMMETRY => K RESTRICTED TO OMEGA

                     K
     S.P. ORB#: 26  2.50
     S.P. ORB#: 27 -3.50
     S.P. ORB#: 28  0.50
     S.P. ORB#: 29 -1.50
     S.P. ORB#: 30 -3.50
     S.P. ORB#: 31  0.50
     S.P. ORB#: 32  4.50
     S.P. ORB#: 33 -1.50
     S.P. ORB#: 34  2.50
     S.P. ORB#: 35 -1.50
     S.P. ORB#: 36  2.50
     S.P. ORB#: 37 -3.50
     S.P. ORB#: 38  0.50
     S.P. ORB#: 39  0.50
     S.P. ORB#: 40  4.50
 

             ENERGY    K= OMEGA
 
 I=  1/2- (1)  2.752  28: 0.993
                      38: 0.117
 
 I=  1/2- (2)  3.128  28: 0.117
                      38:-0.993
 
 I=  1/2- (3)  6.345  31: 0.617
                      39:-0.787
 
 I=  1/2- (4)  9.206  31:-0.787
                      39:-0.617
 
 I=  1/2- (5)147.263  33: 1.000

             ENERGY    K= OMEGA
 
 I=  3/2- (1)  2.378  28: 0.344
                      29: 0.167
                      35: 0.918
                      38:-0.107
 
 I=  3/2- (2)  2.620  28:-0.384
                      29: 0.922
                      38:-0.051
 
 I=  3/2- (3)  3.142  28: 0.794
                      29: 0.298
                      35:-0.393
                      38:-0.356
 
 I=  3/2- (4)  3.914  28:-0.323
                      29:-0.185
                      38:-0.927
 
 I=  3/2- (5)  4.733  31:-0.818
                      33:-0.371
                      39: 0.440

             ENERGY    K= OMEGA
 
 I=  5/2- (1)  2.553  28:-0.273
                      29:-0.435
                      35: 0.411
                      36: 0.744
                      38:-0.119
 
 I=  5/2- (2)  2.983  26:-0.055
                      28: 0.218
                      29:-0.454
                      35:-0.815
                      36: 0.242
                      38:-0.141
 
 I=  5/2- (3)  3.220  28: 0.491
                      29: 0.523
                      35:-0.055
                      36: 0.578
                      38: 0.385
 
 I=  5/2- (4)  4.004  28: 0.226
                      29:-0.537
                      35: 0.168
                      36:-0.201
                      38: 0.769
 
 I=  5/2- (5)  4.209  28:-0.765
                      29: 0.204
                      35:-0.364
                      36: 0.115
                      38: 0.476

             ENERGY    K= OMEGA
 
 I=  7/2- (1)  2.158  26:-0.213
                      27: 0.062
                      30: 0.974
 
 I=  7/2- (2)  3.134  28: 0.346
                      29:-0.437
                      35: 0.476
                      36:-0.677
 
 I=  7/2- (3)  3.221  31: 0.741
                      33: 0.567
                      34: 0.331
                      37: 0.130
 
 I=  7/2- (4)  3.704  26: 0.050
                      28:-0.390
                      29:-0.450
                      35:-0.665
                      36:-0.380
                      38: 0.230
 
 I=  7/2- (5)  4.214  26: 0.064
                      27: 0.124
                      28: 0.538
                      29:-0.614
                      35:-0.194
                      36: 0.525

             ENERGY    K= OMEGA
 
 I=  9/2- (1)  1.868  26: 0.065
                      27:-0.225
                      30: 0.184
                      32: 0.954
 
 I=  9/2- (2)  3.072  26: 0.292
                      27: 0.094
                      30: 0.933
                      32:-0.177
                      36:-0.051
 
 I=  9/2- (3)  3.923  28:-0.360
                      29:-0.510
                      35: 0.421
                      36: 0.621
                      38:-0.206
 
 I=  9/2- (4)  4.264  31: 0.216
                      33:-0.555
                      34: 0.628
                      37:-0.457
                      40: 0.204
 
 I=  9/2- (5)  4.818  26: 0.071
                      28:-0.165
                      29: 0.509
                      30:-0.069
                      35: 0.770
                      36:-0.094
                      38: 0.319

             ENERGY    K= OMEGA
 
 I= 11/2- (1)  2.353  31: 0.667
                      33: 0.568
                      34: 0.405
                      37: 0.237
                      40: 0.099
 
 I= 11/2- (2)  2.893  26:-0.109
                      27:-0.303
                      30: 0.255
                      32:-0.911
 
 I= 11/2- (3)  4.214  26:-0.343
                      27: 0.126
                      30: 0.893
                      32: 0.249
                      36: 0.064
 
 I= 11/2- (4)  5.035  28:-0.405
                      29: 0.464
                      35:-0.491
                      36: 0.611
 
 I= 11/2- (5)  5.755  31: 0.497
                      33: 0.061
                      34:-0.433
                      37:-0.615
                      39:-0.080
                      40:-0.421

             ENERGY    K= OMEGA
 
 I= 13/2- (1)  4.070  31:-0.184
                      33: 0.493
                      34:-0.613
                      37: 0.517
                      40:-0.281
 
 I= 13/2- (2)  4.138  26: 0.149
                      27:-0.352
                      30: 0.304
                      32: 0.872
 
 I= 13/2- (3)  5.590  26: 0.377
                      27: 0.157
                      29: 0.070
                      30: 0.855
                      32:-0.298
                      36:-0.083
 
 I= 13/2- (4)  6.274  28:-0.399
                      29:-0.527
                      30: 0.055
                      32:-0.061
                      35: 0.414
                      36: 0.561
                      38:-0.260
 
 I= 13/2- (5)  7.582  26: 0.067
                      28:-0.067
                      29: 0.464
                      30:-0.094
                      35: 0.712
                      36: 0.093
                      38: 0.499

             ENERGY     K= 9/2
  35 LEVELS    TIME=  0.0 SEC



 ******************* EXCITATION ENERGIES, DOMINANT CONFIGURATION AND EXPECTATION VALUES (WITH S.P. UU+VV FACTORS) *******************

  NR  Eex(keV)  I   Kdom  NY    <Jz>  <Jx**2> <Jy**2> <Jz**2> <I.j>/|I|  <Rx**2> <Ry**2> <Rz**2> <R.j>/|R|  <HROTx> <HROTy> <HROTz>

   1    0.0   9/2-   9/2  32    3.81    2.58    2.58   19.51    4.39       2.89    2.89    0.00   -1.19      0.353   0.353   0.001
   2  290.0   7/2-  -7/2  30   -3.22    2.31    2.31   11.96    3.39       2.71    2.71    0.00   -1.34      0.330   0.330   0.000
   3  485.3  11/2-   1/2  31   -0.00   25.65   25.65    2.75    6.73       4.65    4.65    0.00   -4.52      0.567   0.567   0.000
   4  509.8   3/2-  -3/2  35   -1.24    1.97    1.97    1.99    1.40       2.14    2.14    0.00   -1.56      0.261   0.261   0.000
   5  685.1   5/2-   5/2  36    0.89    2.63    2.63    4.29    2.24       2.51    2.51    0.00   -1.30      0.306   0.306   0.000
  
   6  752.3   3/2-  -3/2  29   -1.20    4.53    4.53    1.95    1.33       4.81    4.81    0.00   -2.72      0.586   0.586   0.000
   7  884.2   1/2-   1/2  28    0.50    4.53    4.53    0.25    0.30       4.78    4.78    0.00   -2.93      0.582   0.582   0.000
   8 1025.2  11/2-   9/2  32    3.22    2.83    2.83   18.82    3.92       6.65    6.65    0.00   -0.28      0.811   0.811   0.001
   9 1115.0   5/2-  -3/2  35   -1.12    2.09    2.09    2.36    0.97       4.76    4.76   -0.00   -1.18      0.580   0.580  -0.000
  10 1203.6   9/2-  -7/2  30   -2.72    2.43    2.43   11.95    2.95       6.12    6.12    0.00   -0.62      0.746   0.746   0.000
  
  11 1259.8   1/2-   1/2  38    0.50    1.49    1.49    0.25    0.66       1.42    1.42    0.00   -1.58      0.174   0.174   0.000
  12 1265.5   7/2-   5/2  36    0.57    2.79    2.79    3.87    1.89       5.10    5.10    0.00   -0.61      0.622   0.622   0.000
  13 1273.6   3/2-   1/2  28    0.01    3.68    3.68    0.74    0.14       5.65    5.65    0.00   -2.33      0.689   0.689   0.000
  14 1352.1   5/2-   5/2  36    0.62    3.24    3.24    2.81    1.23       5.38    5.38    0.00   -1.72      0.655   0.655   0.000
  15 1352.9   7/2-   1/2  31    0.01   25.05   25.05    1.76    6.33       8.66    8.66   -0.00   -6.42      1.056   1.056  -0.000
  
  16 1835.6   7/2-  -3/2  35   -0.51    2.40    2.40    2.45    0.97       7.64    7.64    0.00   -0.87      0.932   0.932   0.000
  17 2045.5   3/2-   1/2  38    0.43    2.06    2.06    0.32   -0.62       5.30    5.30    0.00   -1.73      0.647   0.647   0.000
  18 2054.6   9/2-   5/2  36    0.39    3.04    3.04    3.50    1.76       8.41    8.41    0.00   -0.20      1.025   1.025   0.000
  19 2136.0   5/2-   1/2  38   -0.05    2.70    2.70    1.13    0.20       7.04    7.04    0.00   -1.58      0.859   0.859   0.000
  20 2201.9  13/2-   5/2  34    0.01   24.85   24.85    7.78    6.30       9.11    9.11    0.00   -3.16      1.111   1.111   0.000
  
  21 2269.9  13/2-   9/2  32    2.72    3.05    3.05   18.19    3.60      11.36   11.36    0.00    0.18      1.385   1.385   0.001
  22 2340.7   5/2-   1/2  28    0.18    3.34    3.34    0.68   -0.48       9.49    9.49    0.00   -2.02      1.157   1.157   0.000
  23 2346.0   7/2-  -3/2  29    0.17    3.57    3.57    2.94    0.67      10.24   10.24    0.00   -1.64      1.248   1.248   0.000
  24 2346.3  11/2-  -7/2  30   -2.27    2.54    2.54   11.98    2.66      10.52   10.52    0.00   -0.25      1.282   1.282   0.000
  25 2395.7   9/2-   5/2  34    0.00   25.14   25.14    6.58    6.04      10.74   10.74    0.00   -5.78      1.309   1.309   0.000
  
  26 2865.3   3/2-   1/2  31    0.22   19.35   19.35    0.53    4.30      13.16   13.16    0.00   -6.02      1.605   1.605   0.000
  27 2949.9   9/2-  -3/2  35   -1.20    2.14    2.14    2.10    0.70      12.11   12.11   -0.00   -0.59      1.476   1.476  -0.000
  28 3166.5  11/2-   5/2  36    0.34    3.00    3.00    3.48    1.59      13.09   13.09    0.00    0.01      1.596   1.596   0.000
  29 3722.4  13/2-  -7/2  30   -1.88    2.62    2.62   12.00    2.45      15.92   15.92    0.00   -0.03      1.941   1.941   0.000
  30 3886.5  11/2-  -7/2  37    0.06   23.50   23.50    9.48    5.33      14.26   14.26    0.00   -4.61      1.739   1.739   0.000
  
  31 4405.5  13/2-   5/2  36    0.24    3.18    3.18    3.17    1.58      18.12   18.12    0.00    0.25      2.209   2.209   0.000
  32 4476.7   1/2-   1/2  39    0.50   13.14   13.14    0.25   -2.09      15.45   15.45    0.00   -5.10      1.883   1.883   0.000
  33 5714.0  13/2-  -3/2  35   -0.96    1.99    1.99    1.91    0.65      22.79   22.79   -0.00   -0.20      2.779   2.779  -0.000
  34 7337.9   1/2-   1/2  31    0.50   25.95   25.95    0.25   -3.60      29.57   29.57    0.00   -7.19      3.605   3.605   0.000
  35*******   1/2-  -3/2  33    0.00    0.00    0.00    0.00   -0.00       0.00    0.00    0.00   -0.00      0.000   0.000   0.000
  
