1SPECTRUM OF (Z= 82 A=207) IN PARTICLE-ROTOR  MODEL WITH MODIFIED OSCILLATOR POTENTIAL


 PARITY=-   EPS= 0.372   GAMMA=  0.0   EPS4=0.000   EPS6=0.000   LEVELS:  24  25  26  27  28  29  30  31  32  33  34  35  36  37  38

 PAIRING FACTORS: GN0= 19.20  GN1=  7.40  IPAIR= 15 ***  E2PLUS(INPUT)=   0.730  E2PLUR(INPUT)=   0.000

 CORIOLIS ATTENUATION PARAMETERS:  CHSI=1.000  ETA=  1.00

 MOMENT OF INERTIA PARAMETERS:   A1=  0.122 MEV   A2=  0.122 MEV   A3=121.91925 MEV


 DELTA=0.872 MEV  LAMBDA=53.4338 MEV   HW0= 7.5385 MEV   LAMBDA/HW0= 7.0881

 E2ENERGY=0.730 MEV  HBAR**2/B=25659./A**(7/3)=4337.6/A**2 MEV

 IREC=0  =>  RECOIL TERMS j+j-, j+j+, jzjz, ETC TREATED AS ONE-BODY OPERATORS WITH UU+VV PAIRING FACTORS



 S. P. LEVEL   EQP       U     V        (UU + VV)**1.00

     24       4.278    0.102 0.995      1.000 1.000 0.999 0.998 0.996 0.985 0.944 0.917 0.754 0.677 0.480 0.355 0.314 0.246 0.234
     25       4.126    0.106 0.994      1.000 1.000 0.999 0.998 0.997 0.986 0.946 0.919 0.756 0.680 0.483 0.359 0.317 0.250 0.237
     26       2.918    0.151 0.989      0.999 0.999 1.000 1.000 0.999 0.993 0.959 0.936 0.785 0.712 0.522 0.401 0.360 0.293 0.281
     27       2.586    0.171 0.985      0.998 0.998 1.000 1.000 1.000 0.995 0.965 0.943 0.798 0.726 0.539 0.419 0.379 0.313 0.300
     28       2.359    0.188 0.982      0.996 0.997 0.999 1.000 1.000 0.996 0.969 0.948 0.808 0.738 0.554 0.435 0.395 0.329 0.317
     29       1.675    0.270 0.963      0.985 0.986 0.993 0.995 0.996 1.000 0.987 0.972 0.855 0.792 0.622 0.509 0.471 0.408 0.396
     30       1.135    0.424 0.906      0.944 0.946 0.959 0.965 0.969 0.987 1.000 0.997 0.928 0.882 0.742 0.643 0.609 0.551 0.541
     31       1.020    0.490 0.871      0.917 0.919 0.936 0.943 0.948 0.972 0.997 1.000 0.953 0.914 0.790 0.699 0.666 0.612 0.602
     32       0.874    0.731 0.683      0.754 0.756 0.785 0.798 0.808 0.855 0.928 0.953 1.000 0.994 0.938 0.882 0.860 0.822 0.815
     33       0.909    0.801 0.598      0.677 0.680 0.712 0.726 0.738 0.792 0.882 0.914 0.994 1.000 0.971 0.929 0.911 0.880 0.874
     34       1.220    0.922 0.387      0.480 0.483 0.522 0.539 0.554 0.622 0.742 0.790 0.938 0.971 1.000 0.991 0.984 0.968 0.965
     35       1.750    0.966 0.258      0.355 0.359 0.401 0.419 0.435 0.509 0.643 0.699 0.882 0.929 0.991 1.000 0.999 0.993 0.992
     36       2.079    0.977 0.215      0.314 0.317 0.360 0.379 0.395 0.471 0.609 0.666 0.860 0.911 0.984 0.999 1.000 0.998 0.997
     37       3.027    0.989 0.146      0.246 0.250 0.293 0.313 0.329 0.408 0.551 0.612 0.822 0.880 0.968 0.993 0.998 1.000 1.000
     38       3.313    0.991 0.133      0.234 0.237 0.281 0.300 0.317 0.396 0.541 0.602 0.815 0.874 0.965 0.992 0.997 1.000 1.000

  R CORE   ENERGY   A0R/A00=1.000    R3= 0     2  
   2( 1)    0.732                    1.000 0.000
   2( 2)  487.921                    0.000 1.000

  R CORE   ENERGY   A0R/A00=1.000    R3= 0     2  
   3( 1)  488.652                    0.000 1.000

  R CORE   ENERGY   A0R/A00=1.000    R3= 0     2     4  
   4( 1)    2.438                    1.000 0.000 0.000

  R CORE   ENERGY   A0R/A00=1.000    R3= 0     2     4  
   5( 1)  490.847                    0.000 1.000 0.000

  R CORE   ENERGY   A0R/A00=1.000    R3= 0     2     4     6  
   6( 1)    5.121                    1.000 0.000 0.000 0.000

  R CORE   ENERGY   A0R/A00=1.000    R3= 0     2     4     6  
   7( 1)  494.017                    0.000 1.000 0.000 0.000

          AXIAL SYMMETRY => K RESTRICTED TO OMEGA

                     K
     S.P. ORB#: 24  0.50
     S.P. ORB#: 25 -5.50
     S.P. ORB#: 26  2.50
     S.P. ORB#: 27  0.50
     S.P. ORB#: 28 -3.50
     S.P. ORB#: 29 -1.50
     S.P. ORB#: 30  0.50
     S.P. ORB#: 31 -1.50
     S.P. ORB#: 32  2.50
     S.P. ORB#: 33 -3.50
     S.P. ORB#: 34  4.50
     S.P. ORB#: 35  0.50
     S.P. ORB#: 36 -3.50
     S.P. ORB#: 37 -1.50
     S.P. ORB#: 38  2.50
 

             ENERGY    K= OMEGA
 
 I=  1/2- (1)  2.414  30: 0.999
 
 I=  1/2- (2)  5.132  27:-0.268
                      35: 0.963
 
 I=  1/2- (3)  5.923  24: 0.999
 
 I=  1/2- (4)  9.014  27: 0.963
                      35: 0.268
 
 I=  1/2- (5)147.323  31: 1.000

             ENERGY    K= OMEGA
 
 I=  3/2- (1)  2.302  24: 0.071
                      30:-0.289
                      31: 0.955
 
 I=  3/2- (2)  2.494  24:-0.201
                      30:-0.916
                      31:-0.260
                      37:-0.229

             ENERGY    K= OMEGA
 
 I=  5/2- (1)  2.472  24:-0.258
                      30: 0.464
                      31: 0.815
                      37:-0.090
                      38:-0.210
 
 I=  5/2- (2)  3.368  24:-0.057
                      26:-0.060
                      30: 0.776
                      31:-0.464
                      37:-0.394
                      38: 0.143
 
 I=  5/2- (3)  4.008  24:-0.096
                      26: 0.089
                      30: 0.171
                      31: 0.139
                      37: 0.480
                      38: 0.839
 
 I=  5/2- (4)  4.572  26: 0.367
                      30: 0.321
                      31:-0.244
                      37: 0.698
                      38:-0.465
 
 I=  5/2- (5)  4.734  26:-0.924
                      30: 0.106
                      37: 0.346
                      38:-0.119

             ENERGY    K= OMEGA
 
 I=  7/2- (1)  1.765  26: 0.166
                      33:-0.985
 
 I=  7/2- (2)  3.312  24:-0.142
                      30: 0.269
                      31:-0.879
                      37: 0.100
                      38:-0.348
 
 I=  7/2- (3)  3.474  24:-0.304
                      30:-0.863
                      31:-0.239
                      37:-0.320
 
 I=  7/2- (4)  3.916  27: 0.646
                      29: 0.587
                      32: 0.446
                      36: 0.198
 
 I=  7/2- (5)  4.238  26:-0.198
                      28:-0.968
                      30:-0.050
                      31: 0.057
                      37: 0.052
                      38:-0.123

             ENERGY    K= OMEGA
 
 I=  9/2- (1)  2.144  26:-0.086
                      28: 0.165
                      33:-0.331
                      34:-0.925
 
 I=  9/2- (2)  2.801  26: 0.224
                      28: 0.096
                      31: 0.059
                      33: 0.908
                      34:-0.329
                      38:-0.054
 
 I=  9/2- (3)  3.562  24:-0.370
                      30: 0.501
                      31: 0.719
                      33:-0.076
                      37:-0.154
                      38:-0.256
 
 I=  9/2- (4)  4.697  27: 0.210
                      29:-0.549
                      32: 0.686
                      36:-0.428
 
 I=  9/2- (5)  5.239  26: 0.106
                      30:-0.669
                      31: 0.501
                      33:-0.056
                      37: 0.476
                      38:-0.238

             ENERGY    K= OMEGA
 
 I= 11/2- (1)  3.272  26:-0.138
                      28:-0.224
                      33: 0.425
                      34:-0.866
 
 I= 11/2- (2)  3.321  27:-0.634
                      29:-0.583
                      32:-0.448
                      35:-0.070
                      36:-0.228
 
 I= 11/2- (3)  4.065  26:-0.261
                      28: 0.144
                      31: 0.075
                      33: 0.849
                      34: 0.423
                      38: 0.072
 
 I= 11/2- (4)  5.231  24:-0.285
                      31:-0.861
                      33: 0.107
                      38:-0.403
 
 I= 11/2- (5)  5.344  24:-0.294
                      30:-0.867
                      37:-0.381
                      38: 0.117

             ENERGY    K= OMEGA
 
 I= 13/2- (1)  4.627  26: 0.182
                      28:-0.262
                      33: 0.478
                      34: 0.816
 
 I= 13/2- (2)  5.205  27: 0.214
                      29:-0.553
                      32: 0.676
                      36:-0.437
 
 I= 13/2- (3)  5.450  24:-0.348
                      26: 0.180
                      28: 0.127
                      30: 0.391
                      31: 0.551
                      33: 0.458
                      34:-0.302
                      37:-0.122
                      38:-0.240
 
 I= 13/2- (4)  5.639  24:-0.270
                      26:-0.224
                      28:-0.134
                      30: 0.324
                      31: 0.385
                      33:-0.664
                      34: 0.371
                      37:-0.124
                      38:-0.108
 
 I= 13/2- (5)  7.056  25:-0.999

             ENERGY     K= 5/2
  32 LEVELS    TIME=  0.0 SEC



 ******************* EXCITATION ENERGIES, DOMINANT CONFIGURATION AND EXPECTATION VALUES (WITH S.P. UU+VV FACTORS) *******************

  NR  Eex(keV)  I   Kdom  NY    <Jz>  <Jx**2> <Jy**2> <Jz**2> <I.j>/|I|  <Rx**2> <Ry**2> <Rz**2> <R.j>/|R|  <HROTx> <HROTy> <HROTz>

   1    0.0   7/2-  -7/2  33   -3.33    2.31    2.31   12.07    3.26       3.26    3.26    0.00   -1.46      0.398   0.398   0.000
   2  379.2   9/2-   9/2  34    3.39    2.50    2.50   19.05    4.15       3.75    3.75    0.00   -1.24      0.457   0.457   0.000
   3  537.0   3/2-  -3/2  31   -1.32    4.91    4.91    2.07    1.38       5.15    5.15    0.00   -2.87      0.628   0.628   0.000
   4  649.7   1/2-   1/2  30    0.50    4.93    4.93    0.25    0.25       5.22    5.22   -0.00   -3.06      0.636   0.636  -0.000
   5  707.4   5/2-  -3/2  31   -0.76    5.05    5.05    1.87    1.99       4.48    4.48    0.00   -2.03      0.546   0.546   0.000
  
   6  729.4   3/2-   1/2  30    0.26    4.55    4.55    0.49    1.02       4.68    4.68   -0.00   -2.48      0.571   0.571  -0.000
   7 1036.1   9/2-  -7/2  33   -2.30    2.39    2.39   12.76    2.82       7.11    7.11    0.00   -0.93      0.867   0.867   0.000
   8 1507.3  11/2-   9/2  34    2.61    2.68    2.68   18.14    3.57       8.27    8.27    0.00   -0.53      1.008   1.008   0.001
   9 1546.9   7/2-  -3/2  31   -0.83    4.63    4.63    2.57    1.50       7.86    7.86    0.00   -1.49      0.958   0.958   0.000
  10 1555.9  11/2-   1/2  27    0.01   23.41   23.41    2.76    6.16       5.82    5.82   -0.00   -3.73      0.710   0.710  -0.000
  
  11 1603.4   5/2-   1/2  30   -0.19    4.26    4.26    1.14    0.47       7.81    7.81   -0.00   -2.09      0.952   0.952  -0.000
  12 1709.0   7/2-   1/2  30    0.18    4.39    4.39    0.59    1.25       7.61    7.61   -0.00   -1.13      0.928   0.928  -0.000
  13 1797.0   9/2-  -3/2  31   -0.47    5.16    5.16    1.80    2.16       7.67    7.67    0.00   -0.35      0.935   0.935   0.000
  14 2151.7   7/2-   1/2  27    0.05   23.11   23.11    2.61    6.06       8.22    8.22    0.00   -6.11      1.003   1.003   0.000
  15 2243.1   5/2-   5/2  38    1.43    2.01    2.01    5.02    1.81       3.54    3.54    0.00   -1.39      0.432   0.432   0.000
  
  16 2300.6  11/2-  -7/2  33   -1.62    2.47    2.47   13.18    2.50      11.96   11.96    0.00   -0.64      1.459   1.459   0.000
  17 2473.7   7/2-  -7/2  28   -3.15    6.13    6.13   11.83    3.11       7.58    7.58    0.00   -3.02      0.925   0.925   0.001
  18 2807.1   5/2-  -3/2  37    0.11    3.02    3.02    3.45    0.57       7.43    7.43   -0.00   -2.02      0.906   0.906  -0.000
  19 2862.0  13/2-   9/2  34    2.03    2.84    2.84   17.39    3.18      13.69   13.69    0.00   -0.16      1.669   1.669   0.001
  20 2932.5   9/2-   5/2  32    0.10   23.96   23.96    5.88    5.19      13.47   13.47    0.00   -5.39      1.642   1.642   0.000
  
  21 2968.8   5/2-   5/2  26    1.99    5.48    5.48    5.69    1.78       7.45    7.45   -0.00   -2.95      0.909   0.909  -0.000
  22 3366.9   1/2-   1/2  35    0.50   12.23   12.23    0.25   -1.03      13.62   13.62    0.00   -4.90      1.661   1.661   0.000
  23 3439.9  13/2-   5/2  32    0.04   23.95   23.95    5.89    5.12      15.49   15.49    0.00   -3.24      1.889   1.889   0.000
  24 3466.6  11/2-  -3/2  31   -0.70    4.54    4.54    2.88    1.54      14.64   14.64    0.00   -0.51      1.785   1.785   0.000
  25 3474.5   9/2-   1/2  30   -0.34    3.87    3.87    1.68    0.51      14.57   14.57   -0.00   -1.28      1.776   1.776  -0.000
  
  26 3579.3  11/2-   1/2  30    0.23    4.29    4.29    0.64    1.27      14.89   14.89   -0.00   -0.30      1.815   1.815  -0.000
  27 3685.2  13/2-  -3/2  31   -0.50    4.31    4.31    5.97    2.32      15.49   15.49    0.00    0.29      1.889   1.889   0.000
  28 3874.2  13/2-  -7/2  33   -0.99    3.54    3.54    9.22    2.18      17.28   17.28    0.00   -0.18      2.106   2.106   0.000
  29 4158.2   1/2-   1/2  24    0.50    6.84    6.84    0.25    0.65       6.78    6.78    0.00   -3.63      0.826   0.826   0.000
  30 5290.8  13/2- -11/2  25   -5.48    2.75    2.75   30.21    4.32      12.04   12.04    0.00   -1.13      1.468   1.468   0.000
  
  31 7249.3   1/2-   1/2  27    0.50   23.12   23.12    0.25   -3.45      26.61   26.61    0.00   -6.78      3.244   3.244   0.000
  32*******   1/2-  -3/2  31    0.00    0.00    0.00    0.00   -0.00       0.00    0.00    0.00   -0.00      0.000   0.000   0.000
