1SPECTRUM OF (Z= 82 A=207) IN PARTICLE-ROTOR  MODEL WITH MODIFIED OSCILLATOR POTENTIAL


 PARITY=-   EPS= 0.186   GAMMA=  0.0   EPS4=0.000   EPS6=0.000   LEVELS:  25  26  27  28  29  30  31  32  33  34  35  36  37  38  39

 PAIRING FACTORS: GN0= 19.20  GN1=  7.40  IPAIR= 15 ***  E2PLUS(INPUT)=   0.730  E2PLUR(INPUT)=   0.000

 CORIOLIS ATTENUATION PARAMETERS:  CHSI=1.000  ETA=  1.00

 MOMENT OF INERTIA PARAMETERS:   A1=  0.122 MEV   A2=  0.122 MEV   A3=121.91925 MEV


 DELTA=0.921 MEV  LAMBDA=53.4667 MEV   HW0= 7.4408 MEV   LAMBDA/HW0= 7.1856

 E2ENERGY=0.730 MEV  HBAR**2/B= 6415./A**(7/3)=1084.4/A**2 MEV

 IREC=0  =>  RECOIL TERMS j+j-, j+j+, jzjz, ETC TREATED AS ONE-BODY OPERATORS WITH UU+VV PAIRING FACTORS



 S. P. LEVEL   EQP       U     V        (UU + VV)**1.00

     25       4.301    0.108 0.994      1.000 1.000 1.000 0.998 0.995 0.994 0.992 0.776 0.673 0.459 0.414 0.369 0.312 0.263 0.227
     26       3.948    0.117 0.993      1.000 1.000 1.000 0.999 0.996 0.995 0.993 0.783 0.680 0.468 0.423 0.378 0.321 0.272 0.237
     27       3.788    0.122 0.992      1.000 1.000 1.000 0.999 0.997 0.995 0.994 0.786 0.683 0.472 0.427 0.383 0.326 0.277 0.241
     28       2.842    0.164 0.986      0.998 0.999 0.999 1.000 0.999 0.999 0.997 0.811 0.714 0.509 0.465 0.421 0.365 0.317 0.282
     29       2.306    0.204 0.979      0.995 0.996 0.997 0.999 1.000 1.000 1.000 0.834 0.741 0.543 0.500 0.458 0.403 0.356 0.321
     30       2.182    0.216 0.976      0.994 0.995 0.995 0.999 1.000 1.000 1.000 0.841 0.750 0.554 0.511 0.469 0.414 0.367 0.332
     31       2.021    0.234 0.972      0.992 0.993 0.994 0.997 1.000 1.000 1.000 0.851 0.762 0.569 0.527 0.485 0.431 0.385 0.350
     32       0.921    0.710 0.704      0.776 0.783 0.786 0.811 0.834 0.841 0.851 1.000 0.989 0.916 0.895 0.872 0.841 0.812 0.790
     33       0.967    0.808 0.589      0.673 0.680 0.683 0.714 0.741 0.750 0.762 0.989 1.000 0.966 0.952 0.936 0.913 0.891 0.873
     34       1.368    0.933 0.361      0.459 0.468 0.472 0.509 0.543 0.554 0.569 0.916 0.966 1.000 0.999 0.995 0.987 0.978 0.969
     35       1.548    0.950 0.313      0.414 0.423 0.427 0.465 0.500 0.511 0.527 0.895 0.952 0.999 1.000 0.999 0.994 0.987 0.981
     36       1.790    0.964 0.267      0.369 0.378 0.383 0.421 0.458 0.469 0.485 0.872 0.936 0.995 0.999 1.000 0.998 0.994 0.989
     37       2.268    0.978 0.207      0.312 0.321 0.326 0.365 0.403 0.414 0.431 0.841 0.913 0.987 0.994 0.998 1.000 0.999 0.996
     38       2.961    0.988 0.157      0.263 0.272 0.277 0.317 0.356 0.367 0.385 0.812 0.891 0.978 0.987 0.994 0.999 1.000 0.999
     39       3.839    0.993 0.121      0.227 0.237 0.241 0.282 0.321 0.332 0.350 0.790 0.873 0.969 0.981 0.989 0.996 0.999 1.000

  R CORE   ENERGY   A0R/A00=1.000    R3= 0     2  
   2( 1)    0.732                    1.000 0.000
   2( 2)  487.921                    0.000 1.000

  R CORE   ENERGY   A0R/A00=1.000    R3= 0     2  
   3( 1)  488.652                    0.000 1.000

  R CORE   ENERGY   A0R/A00=1.000    R3= 0     2     4  
   4( 1)    2.438                    1.000 0.000 0.000

  R CORE   ENERGY   A0R/A00=1.000    R3= 0     2     4  
   5( 1)  490.847                    0.000 1.000 0.000

  R CORE   ENERGY   A0R/A00=1.000    R3= 0     2     4     6  
   6( 1)    5.121                    1.000 0.000 0.000 0.000

  R CORE   ENERGY   A0R/A00=1.000    R3= 0     2     4     6  
   7( 1)  494.017                    0.000 1.000 0.000 0.000

          AXIAL SYMMETRY => K RESTRICTED TO OMEGA

                     K
     S.P. ORB#: 25  2.50
     S.P. ORB#: 26  0.50
     S.P. ORB#: 27 -3.50
     S.P. ORB#: 28 -3.50
     S.P. ORB#: 29  4.50
     S.P. ORB#: 30  0.50
     S.P. ORB#: 31 -1.50
     S.P. ORB#: 32 -1.50
     S.P. ORB#: 33  2.50
     S.P. ORB#: 34  0.50
     S.P. ORB#: 35  0.50
     S.P. ORB#: 36 -1.50
     S.P. ORB#: 37  2.50
     S.P. ORB#: 38 -3.50
     S.P. ORB#: 39  4.50
 

             ENERGY    K= OMEGA
 
 I=  1/2- (1)  1.614  26:-0.061
                      34:-0.998
 
 I=  1/2- (2)  3.209  30: 0.999
 
 I=  1/2- (3)  5.103  26: 0.998
                      34:-0.061
 
 I=  1/2- (4)  9.553  35: 1.000
 
 I=  1/2- (5)147.224  32:-1.000

             ENERGY    K= OMEGA
 
 I=  3/2- (1)  1.398  30: 0.190
                      31: 0.108
                      32: 0.971
                      34:-0.081
 
 I=  3/2- (2)  2.267  30:-0.152
                      31:-0.127
                      32: 0.124
                      34: 0.972

             ENERGY    K= OMEGA
 
 I=  5/2- (1)  1.441  26: 0.051
                      30:-0.134
                      31:-0.183
                      32: 0.411
                      33: 0.879
                      34:-0.065
 
 I=  5/2- (2)  2.015  30:-0.223
                      31: 0.166
                      32: 0.870
                      33:-0.403
 
 I=  5/2- (3)  2.292  30:-0.145
                      31:-0.186
                      33:-0.128
                      34:-0.963
 
 I=  5/2- (4)  3.296  26: 0.384
                      30:-0.455
                      31:-0.738
                      32:-0.078
                      33:-0.191
                      34: 0.242
 
 I=  5/2- (5)  4.548  26:-0.065
                      30: 0.799
                      31:-0.529
                      32: 0.256
                      33:-0.105

             ENERGY    K= OMEGA
 
 I=  7/2- (1)  2.072  30: 0.181
                      31:-0.216
                      32: 0.501
                      33:-0.817
 
 I=  7/2- (2)  2.668  25:-0.068
                      26:-0.173
                      28: 0.068
                      30:-0.348
                      31:-0.293
                      32:-0.719
                      33:-0.443
                      34: 0.198
 
 I=  7/2- (3)  3.573  25:-0.244
                      27:-0.104
                      28: 0.954
                      30: 0.059
                      31: 0.063
                      34:-0.104
 
 I=  7/2- (4)  3.870  26: 0.086
                      28:-0.114
                      30: 0.150
                      31: 0.222
                      32:-0.310
                      33:-0.206
                      34:-0.877
 
 I=  7/2- (5)  3.953  35: 0.723
                      36: 0.574
                      37: 0.353
                      38: 0.150

             ENERGY    K= OMEGA
 
 I=  9/2- (1)  2.733  26: 0.175
                      27:-0.088
                      29: 0.151
                      30:-0.300
                      31:-0.356
                      32: 0.471
                      33: 0.684
                      34:-0.176
 
 I=  9/2- (2)  3.054  25: 0.079
                      27: 0.249
                      28: 0.197
                      29:-0.928
                      30:-0.066
                      31:-0.077
                      32: 0.078
                      33: 0.104
                      34:-0.050
 
 I=  9/2- (3)  3.849  25: 0.123
                      28: 0.165
                      30: 0.194
                      31:-0.315
                      32:-0.756
                      33: 0.339
                      34:-0.359
 
 I=  9/2- (4)  3.909  26: 0.097
                      28:-0.090
                      30:-0.289
                      31:-0.120
                      32: 0.107
                      33:-0.495
                      34:-0.790
 
 I=  9/2- (5)  4.497  25:-0.309
                      27: 0.122
                      28:-0.896
                      29:-0.185
                      30: 0.091
                      31:-0.062
                      32:-0.161
                      33: 0.118

             ENERGY    K= OMEGA
 
 I= 11/2- (1)  2.718  35:-0.659
                      36:-0.565
                      37:-0.413
                      38:-0.251
                      39:-0.113
 
 I= 11/2- (2)  3.876  25:-0.125
                      27: 0.266
                      28: 0.180
                      29: 0.582
                      30:-0.195
                      31: 0.206
                      32:-0.412
                      33: 0.540
 
 I= 11/2- (3)  4.091  25: 0.071
                      27:-0.216
                      28:-0.203
                      29:-0.674
                      30:-0.195
                      31: 0.199
                      32:-0.379
                      33: 0.481
 
 I= 11/2- (4)  4.648  25:-0.101
                      26:-0.286
                      28: 0.123
                      30:-0.418
                      31:-0.403
                      32:-0.550
                      33:-0.438
                      34: 0.243
 
 I= 11/2- (5)  5.604  25:-0.369
                      26: 0.089
                      27:-0.159
                      28: 0.853
                      29:-0.258
                      30: 0.113
                      31: 0.105
                      34:-0.114

             ENERGY    K= OMEGA
 
 I= 13/2- (1)  4.359  35: 0.184
                      36:-0.481
                      37: 0.602
                      38:-0.527
                      39: 0.308
 
 I= 13/2- (2)  4.735  25:-0.081
                      26: 0.280
                      27:-0.138
                      28:-0.079
                      29: 0.205
                      30:-0.387
                      31:-0.433
                      32: 0.422
                      33: 0.534
                      34:-0.217
 
 I= 13/2- (3)  5.187  25: 0.168
                      26: 0.104
                      27: 0.364
                      28: 0.309
                      29:-0.816
                      30:-0.131
                      31:-0.150
                      32: 0.082
                      33: 0.104
                      34:-0.096
 
 I= 13/2- (4)  6.490  25:-0.145
                      26:-0.127
                      28:-0.164
                      29:-0.144
                      31: 0.307
                      32: 0.595
                      33: 0.134
                      34: 0.669
 
 I= 13/2- (5)  6.576  25: 0.209
                      26:-0.072
                      27:-0.118
                      28: 0.363
                      29: 0.088
                      30: 0.331
                      31:-0.118
                      32:-0.348
                      33: 0.635
                      34: 0.387

             ENERGY     K= 9/2
  32 LEVELS    TIME=  0.0 SEC



 ******************* EXCITATION ENERGIES, DOMINANT CONFIGURATION AND EXPECTATION VALUES (WITH S.P. UU+VV FACTORS) *******************

  NR  Eex(keV)  I   Kdom  NY    <Jz>  <Jx**2> <Jy**2> <Jz**2> <I.j>/|I|  <Rx**2> <Ry**2> <Rz**2> <R.j>/|R|  <HROTx> <HROTy> <HROTz>

   1    0.0   3/2-  -3/2  32   -1.41    1.54    1.54    2.16    1.45       1.68    1.68    0.00   -1.32      0.205   0.205   0.000
   2   43.0   5/2-   5/2  33    1.64    1.85    1.85    5.29    2.42       1.70    1.70    0.00   -0.99      0.208   0.208   0.000
   3  216.2   1/2-   1/2  34    0.50    1.19    1.19    0.25    0.83       0.97    0.97    0.00   -1.37      0.118   0.118   0.000
   4  616.8   5/2-  -3/2  32   -0.74    1.55    1.55    2.80    1.11       4.04    4.04   -0.00   -0.92      0.493   0.493  -0.000
   5  673.6   7/2-   5/2  33    1.23    1.95    1.95    4.88    2.04       4.18    4.18    0.00   -0.24      0.510   0.510   0.000
  
   6  869.4   3/2-   1/2  34    0.44    1.31    1.31    0.31   -0.13       3.60    3.60    0.00   -1.19      0.439   0.439   0.000
   7  894.0   5/2-   1/2  34    0.46    1.54    1.54    0.42    0.84       3.65    3.65    0.00   -0.38      0.445   0.445   0.000
   8 1269.7   7/2-  -3/2  32   -0.33    1.73    1.73    2.72    1.36       5.56    5.56    0.00   -0.23      0.678   0.678   0.000
   9 1319.4  11/2-   1/2  35    0.00   28.00   28.00    2.93    7.33       3.49    3.49    0.00   -5.71      0.425   0.425   0.000
  10 1335.2   9/2-   5/2  33    0.80    2.72    2.72    4.32    2.34       5.62    5.62   -0.00    0.56      0.685   0.685  -0.000
  
  11 1656.3   9/2-   9/2  29    3.56    2.68    2.68   18.82    4.38       2.66    2.66    0.00   -1.03      0.324   0.324   0.000
  12 1810.5   1/2-   1/2  30    0.50    4.05    4.05    0.25    0.39       4.20    4.20   -0.00   -2.76      0.513   0.513  -0.000
  13 1897.5   5/2-  -3/2  31   -0.53    3.82    3.82    1.57    1.59       4.27    4.27    0.00   -1.54      0.520   0.520   0.000
  14 2175.1   7/2-  -7/2  28   -3.07    2.36    2.36   11.66    3.37       2.68    2.68    0.00   -1.30      0.327   0.327   0.000
  15 2451.1   9/2-  -3/2  32   -0.69    1.52    1.52    2.76    0.93      10.63   10.63   -0.00   -0.25      1.297   1.297  -0.000
  
  16 2472.3   7/2-   1/2  34    0.24    1.68    1.68    0.95   -0.03      10.14   10.14    0.00   -0.98      1.237   1.237   0.000
  17 2477.4  11/2-   9/2  29    1.63    2.70    2.70   10.53    2.91       8.44    8.44    0.00    0.36      1.029   1.029   0.000
  18 2510.7   9/2-   1/2  34    0.91    2.02    2.02    1.91    1.01      10.34   10.34    0.00   -0.21      1.261   1.261   0.000
  19 2554.5   7/2-   1/2  35    0.00   28.34   28.34    1.93    7.09       9.04    9.04    0.00   -7.17      1.102   1.102   0.000
  20 2692.6  11/2-   9/2  29    2.07    2.55    2.55   12.17    2.92       9.05    9.05    0.00    0.04      1.104   1.104   0.000
  
  21 2960.4  13/2-   5/2  37    0.03   26.21   26.21    8.11    6.72       7.73    7.73   -0.00   -3.46      0.942   0.942  -0.000
  22 3099.1   9/2-  -7/2  28   -2.48    2.48    2.48   11.47    2.82       6.58    6.58    0.00   -0.67      0.802   0.802   0.000
  23 3150.1   5/2-   1/2  30   -0.17    4.09    4.09    1.01   -0.43      10.24   10.24    0.00   -2.31      1.249   1.249   0.000
  24 3249.8  11/2-  -3/2  32   -0.09    2.12    2.12    2.61    1.52      12.20   12.20    0.00    0.46      1.487   1.487   0.000
  25 3336.7  13/2-   5/2  33    0.42    3.48    3.48    3.88    2.50      12.31   12.31    0.00    1.34      1.500   1.500   0.000
  
  26 3704.9   1/2-   1/2  26    0.50    4.87    4.87    0.25    0.68       4.79    4.79    0.00   -3.04      0.583   0.583   0.000
  27 3789.0  13/2-   9/2  29    2.27    3.30    3.30   16.61    3.63      10.66   10.66    0.00    0.46      1.300   1.300   0.000
  28 4205.5  11/2-  -7/2  28   -1.99    2.64    2.64   11.44    2.60      10.67   10.67    0.00   -0.25      1.301   1.301   0.000
  29 5092.3  13/2-   1/2  34   -0.35    1.70    1.70    2.15    0.92      20.75   20.75    0.00    0.13      2.529   2.529   0.000
  30 5177.7  13/2-   5/2  33    0.57    2.16    2.16    5.10    1.26      20.30   20.30    0.00   -0.10      2.474   2.474   0.000
  
  31 8155.2   1/2-   1/2  35    0.50   28.80   28.80    0.25   -4.08      32.83   32.83    0.00   -7.57      4.003   4.003   0.000
  32*******   1/2-  -3/2  32    0.00    0.00    0.00    0.00   -0.00       0.00    0.00    0.00   -0.00      0.000   0.000   0.000
