1SPECTRUM OF (Z= 82 A=207) IN PARTICLE-ROTOR  MODEL WITH MODIFIED OSCILLATOR POTENTIAL


 PARITY=-   EPS= 0.340   GAMMA=  0.0   EPS4=0.000   EPS6=0.000   LEVELS:  25  26  27  28  29  30  31  32  33  34  35  36  37  38  39

 PAIRING FACTORS: GN0= 19.20  GN1=  7.40  IPAIR= 15 ***  E2PLUS(INPUT)=   0.730  E2PLUR(INPUT)=   0.000

 CORIOLIS ATTENUATION PARAMETERS:  CHSI=1.000  ETA=  1.00

 MOMENT OF INERTIA PARAMETERS:   A1=  0.122 MEV   A2=  0.122 MEV   A3=121.91922 MEV


 DELTA=0.909 MEV  LAMBDA=53.3478 MEV   HW0= 7.5162 MEV   LAMBDA/HW0= 7.0977

 E2ENERGY=0.730 MEV  HBAR**2/B=21434./A**(7/3)=3623.4/A**2 MEV

 IREC=0  =>  RECOIL TERMS j+j-, j+j+, jzjz, ETC TREATED AS ONE-BODY OPERATORS WITH UU+VV PAIRING FACTORS



 S. P. LEVEL   EQP       U     V        (UU + VV)**1.00

     25       4.203    0.109 0.994      1.000 0.999 0.997 0.990 0.960 0.951 0.941 0.844 0.638 0.600 0.306 0.296 0.283 0.266 0.236
     26       3.121    0.147 0.989      0.999 1.000 0.999 0.994 0.970 0.962 0.954 0.864 0.667 0.631 0.343 0.332 0.320 0.303 0.274
     27       2.563    0.180 0.984      0.997 0.999 1.000 0.997 0.978 0.971 0.963 0.881 0.692 0.656 0.374 0.364 0.352 0.335 0.306
     28       1.877    0.250 0.968      0.990 0.994 0.997 1.000 0.990 0.985 0.980 0.912 0.741 0.709 0.440 0.429 0.417 0.401 0.373
     29       1.284    0.383 0.924      0.960 0.970 0.978 0.990 1.000 1.000 0.998 0.960 0.828 0.800 0.561 0.551 0.540 0.525 0.499
     30       1.211    0.412 0.911      0.951 0.962 0.971 0.985 1.000 1.000 1.000 0.969 0.845 0.819 0.586 0.577 0.566 0.552 0.526
     31       1.154    0.438 0.899      0.941 0.954 0.963 0.980 0.998 1.000 1.000 0.976 0.860 0.835 0.610 0.601 0.590 0.576 0.550
     32       0.931    0.625 0.781      0.844 0.864 0.881 0.912 0.960 0.969 0.976 1.000 0.951 0.936 0.769 0.762 0.753 0.741 0.721
     33       0.989    0.835 0.550      0.638 0.667 0.692 0.741 0.828 0.845 0.860 0.951 1.000 0.999 0.929 0.924 0.919 0.912 0.899
     34       1.036    0.860 0.510      0.600 0.631 0.656 0.709 0.800 0.819 0.835 0.936 0.999 1.000 0.945 0.941 0.937 0.931 0.919
     35       2.305    0.980 0.201      0.306 0.343 0.374 0.440 0.561 0.586 0.610 0.769 0.929 0.945 1.000 1.000 1.000 0.999 0.997
     36       2.436    0.982 0.190      0.296 0.332 0.364 0.429 0.551 0.577 0.601 0.762 0.924 0.941 1.000 1.000 1.000 1.000 0.998
     37       2.607    0.984 0.177      0.283 0.320 0.352 0.417 0.540 0.566 0.590 0.753 0.919 0.937 1.000 1.000 1.000 1.000 0.999
     38       2.887    0.987 0.159      0.266 0.303 0.335 0.401 0.525 0.552 0.576 0.741 0.912 0.931 0.999 1.000 1.000 1.000 1.000
     39       3.545    0.992 0.129      0.236 0.274 0.306 0.373 0.499 0.526 0.550 0.721 0.899 0.919 0.997 0.998 0.999 1.000 1.000

  R CORE   ENERGY   A0R/A00=1.000    R3= 0     2  
   2( 1)    0.732                    1.000 0.000
   2( 2)  487.921                    0.000 1.000

  R CORE   ENERGY   A0R/A00=1.000    R3= 0     2  
   3( 1)  488.652                    0.000 1.000

  R CORE   ENERGY   A0R/A00=1.000    R3= 0     2     4  
   4( 1)    2.438                    1.000 0.000 0.000

  R CORE   ENERGY   A0R/A00=1.000    R3= 0     2     4  
   5( 1)  490.847                    0.000 1.000 0.000

  R CORE   ENERGY   A0R/A00=1.000    R3= 0     2     4     6  
   6( 1)    5.121                    1.000 0.000 0.000 0.000

  R CORE   ENERGY   A0R/A00=1.000    R3= 0     2     4     6  
   7( 1)  494.017                    0.000 1.000 0.000 0.000

          AXIAL SYMMETRY => K RESTRICTED TO OMEGA

                     K
     S.P. ORB#: 25  0.50
     S.P. ORB#: 26  2.50
     S.P. ORB#: 27 -3.50
     S.P. ORB#: 28  0.50
     S.P. ORB#: 29  0.50
     S.P. ORB#: 30 -1.50
     S.P. ORB#: 31 -1.50
     S.P. ORB#: 32 -3.50
     S.P. ORB#: 33  4.50
     S.P. ORB#: 34  2.50
     S.P. ORB#: 35 -3.50
     S.P. ORB#: 36  0.50
     S.P. ORB#: 37 -1.50
     S.P. ORB#: 38  2.50
     S.P. ORB#: 39  0.50
 

             ENERGY    K= OMEGA
 
 I=  1/2- (1)  2.527  29: 0.998
 
 I=  1/2- (2)  3.889  25:-0.073
                      39:-0.997
 
 I=  1/2- (3)  5.786  28: 0.364
                      36:-0.932
 
 I=  1/2- (4)  5.798  25: 0.996
                      39:-0.071
 
 I=  1/2- (5)  8.757  28: 0.932
                      36: 0.364

             ENERGY    K= OMEGA
 
 I=  3/2- (1)  2.393  25: 0.104
                      29:-0.137
                      31: 0.980
                      37: 0.077
                      39:-0.065
 
 I=  3/2- (2)  2.528  25:-0.184
                      29:-0.907
                      31:-0.071
                      37:-0.353
                      39: 0.120

             ENERGY    K= OMEGA
 
 I=  5/2- (1)  2.474  25:-0.255
                      29: 0.460
                      31: 0.784
                      37:-0.116
                      38:-0.271
                      39: 0.146
 
 I=  5/2- (2)  3.348  26:-0.064
                      29: 0.647
                      31:-0.438
                      37:-0.610
                      38: 0.112
 
 I=  5/2- (3)  3.589  25:-0.107
                      29: 0.285
                      31: 0.125
                      37: 0.370
                      38: 0.859
                      39: 0.122
 
 I=  5/2- (4)  4.276  26:-0.067
                      29:-0.467
                      31: 0.358
                      37:-0.665
                      38: 0.418
                      39:-0.180
 
 I=  5/2- (5)  4.729  25:-0.162
                      26: 0.114
                      29: 0.160
                      37: 0.148
                      39:-0.954

             ENERGY    K= OMEGA
 
 I=  7/2- (1)  1.741  26:-0.189
                      32: 0.980
 
 I=  7/2- (2)  3.312  25: 0.213
                      31: 0.867
                      38: 0.432
                      39:-0.113
 
 I=  7/2- (3)  3.424  25:-0.247
                      29:-0.842
                      37:-0.434
                      38: 0.129
                      39: 0.152
 
 I=  7/2- (4)  3.587  28:-0.705
                      30:-0.583
                      34:-0.370
                      35:-0.159
 
 I=  7/2- (5)  4.382  26: 0.205
                      27: 0.826
                      29: 0.202
                      31:-0.214
                      37:-0.213
                      38: 0.379

             ENERGY    K= OMEGA
 
 I=  9/2- (1)  1.889  26:-0.076
                      27: 0.185
                      32:-0.255
                      33:-0.946
 
 I=  9/2- (2)  2.712  26:-0.259
                      27:-0.091
                      31:-0.052
                      32:-0.925
                      33: 0.252
 
 I=  9/2- (3)  3.473  25:-0.361
                      29: 0.495
                      31: 0.694
                      32:-0.067
                      37:-0.165
                      38:-0.280
                      39: 0.180
 
 I=  9/2- (4)  4.638  28: 0.224
                      30:-0.564
                      34: 0.668
                      35:-0.430
 
 I=  9/2- (5)  5.178  26:-0.110
                      27: 0.069
                      29: 0.523
                      31:-0.471
                      32: 0.057
                      37:-0.685
                      38: 0.100
                      39:-0.077

             ENERGY    K= OMEGA
 
 I= 11/2- (1)  2.948  28:-0.675
                      30:-0.579
                      34:-0.402
                      35:-0.208
                      36:-0.057
 
 I= 11/2- (2)  2.989  26: 0.129
                      27: 0.252
                      32:-0.349
                      33: 0.893
 
 I= 11/2- (3)  3.915  26: 0.302
                      27:-0.133
                      31:-0.064
                      32:-0.872
                      33:-0.348
                      38:-0.063
 
 I= 11/2- (4)  5.137  25:-0.376
                      29:-0.394
                      31:-0.727
                      32: 0.091
                      37:-0.139
                      38:-0.331
                      39: 0.193
 
 I= 11/2- (5)  5.283  25:-0.125
                      29:-0.710
                      31: 0.385
                      37:-0.434
                      38: 0.364
                      39: 0.084

             ENERGY    K= OMEGA
 
 I= 13/2- (1)  4.308  26:-0.175
                      27: 0.294
                      32:-0.410
                      33:-0.845
 
 I= 13/2- (2)  5.061  28:-0.219
                      30: 0.553
                      34:-0.666
                      35: 0.450
 
 I= 13/2- (3)  5.279  25:-0.303
                      26: 0.236
                      27: 0.132
                      29: 0.345
                      31: 0.483
                      32: 0.566
                      33:-0.290
                      37:-0.099
                      38:-0.222
                      39: 0.139
 
 I= 13/2- (4)  5.437  25:-0.303
                      26:-0.231
                      27:-0.111
                      29: 0.367
                      31: 0.441
                      32:-0.606
                      33: 0.292
                      37:-0.142
                      38:-0.148
                      39: 0.138
 
 I= 13/2- (5)  7.971  25:-0.069
                      26: 0.137
                      27:-0.127
                      29:-0.355
                      31: 0.424
                      32:-0.094
                      37: 0.770
                      38: 0.130
                      39: 0.185

             ENERGY     K= 1/2
  32 LEVELS    TIME=  0.0 SEC



 ******************* EXCITATION ENERGIES, DOMINANT CONFIGURATION AND EXPECTATION VALUES (WITH S.P. UU+VV FACTORS) *******************

  NR  Eex(keV)  I   Kdom  NY    <Jz>  <Jx**2> <Jy**2> <Jz**2> <I.j>/|I|  <Rx**2> <Ry**2> <Rz**2> <R.j>/|R|  <HROTx> <HROTy> <HROTz>

   1    0.0   7/2-  -7/2  32   -3.28    2.31    2.31   12.02    3.33       2.98    2.98    0.00   -1.40      0.363   0.363   0.000
   2  147.9   9/2-   9/2  33    3.69    2.53    2.53   19.37    4.25       3.44    3.44   -0.00   -1.25      0.419   0.419  -0.000
   3  652.1   3/2-  -3/2  31   -1.43    4.72    4.72    2.18    1.46       4.86    4.86    0.00   -2.82      0.593   0.593   0.000
   4  732.4   5/2-  -3/2  31   -0.61    4.84    4.84    1.95    2.20       3.68    3.68    0.00   -1.89      0.448   0.448   0.000
   5  786.1   1/2-   1/2  29    0.50    4.82    4.82    0.25    0.30       5.06    5.06    0.00   -3.03      0.617   0.617   0.000
  
   6  786.9   3/2-   1/2  29    0.24    4.15    4.15    0.51    1.23       3.89    3.89    0.00   -2.30      0.475   0.475   0.000
   7  970.7   9/2-  -7/2  32   -2.57    2.41    2.41   12.31    2.88       6.60    6.60    0.00   -0.77      0.805   0.805   0.000
   8 1206.2  11/2-   1/2  28   -0.02   24.16   24.16    2.41    6.27       5.78    5.78    0.00   -3.90      0.705   0.705   0.000
   9 1247.5  11/2-   9/2  33    2.99    2.74    2.74   18.53    3.71       7.68    7.68    0.00   -0.46      0.936   0.936   0.000
  10 1571.1   7/2-  -3/2  31   -0.64    4.30    4.30    2.90    1.72       6.82    6.82    0.00   -1.27      0.831   0.831   0.000
  
  11 1606.4   5/2-   1/2  29   -0.59    3.42    3.42    1.48    0.72       6.42    6.42    0.00   -1.73      0.783   0.783   0.000
  12 1682.2   7/2-   1/2  29    0.16    3.90    3.90    0.74    1.38       6.69    6.69    0.00   -0.84      0.815   0.815   0.000
  13 1731.4   9/2-  -3/2  31   -0.38    5.00    5.00    1.80    2.32       6.71    6.71    0.00   -0.07      0.818   0.818   0.000
  14 1845.9   7/2-   1/2  28   -0.01   23.79   23.79    2.06    6.13       8.37    8.37    0.00   -6.19      1.021   1.021   0.000
  15 1847.3   5/2-   5/2  38    1.67    2.16    2.16    4.99    1.84       3.58    3.58    0.00   -1.44      0.437   0.437   0.000
  
  16 2147.9   1/2-   1/2  39    0.50    1.53    1.53    0.25    0.72       1.41    1.41    0.00   -1.60      0.172   0.172   0.000
  17 2173.5  11/2-  -7/2  32   -1.95    2.50    2.50   12.59    2.58      11.22   11.22    0.00   -0.45      1.368   1.368   0.000
  18 2534.7   5/2-  -3/2  37   -0.28    3.05    3.05    2.47    0.07       8.46    8.46    0.00   -2.03      1.031   1.031   0.000
  19 2566.3  13/2-   9/2  33    2.40    2.92    2.92   17.77    3.35      12.82   12.82    0.00   -0.05      1.563   1.563   0.000
  20 2640.6   7/2-  -7/2  27   -2.04    5.19    5.19    9.74    2.59       7.64    7.64    0.00   -2.51      0.932   0.932   0.000
  
  21 2896.8   9/2-   5/2  34    0.01   24.46   24.46    5.78    5.29      13.41   13.41    0.00   -5.48      1.635   1.635   0.000
  22 2987.3   5/2-   1/2  39    0.48    1.68    1.68    0.38    0.37       5.15    5.15    0.00   -0.82      0.628   0.628   0.000
  23 3319.9  13/2-   5/2  34   -0.03   24.45   24.45    5.95    5.26      15.07   15.07    0.00   -3.30      1.837   1.837   0.000
  24 3395.5  11/2-  -3/2  31   -0.41    4.28    4.28    2.12    1.67      13.23   13.23    0.00   -0.14      1.613   1.613   0.000
  25 3436.3   9/2-  -3/2  37   -0.87    3.04    3.04    1.86    0.61      13.31   13.31    0.00   -0.95      1.623   1.623   0.000
  
  26 3537.3  13/2-  -7/2  32   -0.79    3.90    3.90    7.11    2.42      14.91   14.91    0.00    0.37      1.818   1.818   0.000
  27 3541.7  11/2-   1/2  29    0.09    3.81    3.81    1.76    1.38      14.32   14.32    0.00   -0.21      1.746   1.746   0.000
  28 3696.0  13/2-  -7/2  32   -0.96    3.85    3.85    7.39    2.31      15.77   15.77    0.00    0.19      1.923   1.923   0.000
  29 4044.2   1/2-   1/2  36    0.50   12.33   12.33    0.25   -1.40      14.04   14.04    0.00   -4.93      1.712   1.712   0.000
  30 4056.2   1/2-   1/2  25    0.50    6.65    6.65    0.25    0.66       6.58    6.58    0.00   -3.58      0.802   0.802   0.000
  
  31 6229.6  13/2-  -3/2  37   -1.06    2.54    2.54    2.35    0.64      23.61   23.61    0.00   -0.43      2.879   2.879   0.000
  32 7015.4   1/2-   1/2  28    0.50   24.34   24.34    0.25   -3.54      27.91   27.91    0.00   -6.96      3.403   3.403   0.000
