1SPECTRUM OF (Z= 82 A=207) IN PARTICLE-ROTOR  MODEL WITH MODIFIED OSCILLATOR POTENTIAL


 PARITY=-   EPS= 0.189   GAMMA=  0.0   EPS4=0.000   EPS6=0.000   LEVELS:  25  26  27  28  29  30  31  32  33  34  35  36  37  38  39

 PAIRING FACTORS: GN0= 19.20  GN1=  7.40  IPAIR= 15 ***  E2PLUS(INPUT)=   0.730  E2PLUR(INPUT)=   0.000

 CORIOLIS ATTENUATION PARAMETERS:  CHSI=1.000  ETA=  1.00

 MOMENT OF INERTIA PARAMETERS:   A1=  0.122 MEV   A2=  0.122 MEV   A3=121.91924 MEV


 DELTA=0.926 MEV  LAMBDA=53.4716 MEV   HW0= 7.4418 MEV   LAMBDA/HW0= 7.1853

 E2ENERGY=0.730 MEV  HBAR**2/B= 6623./A**(7/3)=1119.7/A**2 MEV

 IREC=0  =>  RECOIL TERMS j+j-, j+j+, jzjz, ETC TREATED AS ONE-BODY OPERATORS WITH UU+VV PAIRING FACTORS



 S. P. LEVEL   EQP       U     V        (UU + VV)**1.00

     25       4.291    0.109 0.994      1.000 1.000 1.000 0.998 0.995 0.994 0.992 0.765 0.661 0.454 0.426 0.378 0.317 0.266 0.229
     26       3.969    0.117 0.993      1.000 1.000 1.000 0.999 0.996 0.995 0.993 0.771 0.668 0.462 0.434 0.386 0.325 0.274 0.237
     27       3.775    0.124 0.992      1.000 1.000 1.000 0.999 0.996 0.995 0.993 0.774 0.672 0.467 0.440 0.392 0.331 0.280 0.243
     28       2.809    0.167 0.986      0.998 0.999 0.999 1.000 0.999 0.999 0.997 0.802 0.704 0.506 0.479 0.432 0.372 0.322 0.286
     29       2.274    0.208 0.978      0.995 0.996 0.996 0.999 1.000 1.000 1.000 0.826 0.733 0.541 0.515 0.469 0.411 0.362 0.326
     30       2.177    0.218 0.976      0.994 0.995 0.995 0.999 1.000 1.000 1.000 0.831 0.740 0.550 0.523 0.478 0.420 0.371 0.335
     31       2.016    0.236 0.972      0.992 0.993 0.993 0.997 1.000 1.000 1.000 0.842 0.752 0.565 0.540 0.495 0.437 0.388 0.353
     32       0.927    0.724 0.690      0.765 0.771 0.774 0.802 0.826 0.831 0.842 1.000 0.989 0.921 0.909 0.885 0.853 0.824 0.802
     33       0.984    0.818 0.575      0.661 0.668 0.672 0.704 0.733 0.740 0.752 0.989 1.000 0.969 0.961 0.945 0.921 0.899 0.882
     34       1.398    0.935 0.354      0.454 0.462 0.467 0.506 0.541 0.550 0.565 0.921 0.969 1.000 1.000 0.997 0.989 0.980 0.971
     35       1.506    0.946 0.325      0.426 0.434 0.440 0.479 0.515 0.523 0.540 0.909 0.961 1.000 1.000 0.999 0.993 0.985 0.978
     36       1.751    0.961 0.275      0.378 0.386 0.392 0.432 0.469 0.478 0.495 0.885 0.945 0.997 0.999 1.000 0.998 0.993 0.988
     37       2.237    0.977 0.212      0.317 0.325 0.331 0.372 0.411 0.420 0.437 0.853 0.921 0.989 0.993 0.998 1.000 0.999 0.996
     38       2.942    0.987 0.159      0.266 0.274 0.280 0.322 0.362 0.371 0.388 0.824 0.899 0.980 0.985 0.993 0.999 1.000 0.999
     39       3.836    0.993 0.122      0.229 0.237 0.243 0.286 0.326 0.335 0.353 0.802 0.882 0.971 0.978 0.988 0.996 0.999 1.000

  R CORE   ENERGY   A0R/A00=1.000    R3= 0     2  
   2( 1)    0.732                    1.000 0.000
   2( 2)  487.921                    0.000 1.000

  R CORE   ENERGY   A0R/A00=1.000    R3= 0     2  
   3( 1)  488.652                    0.000 1.000

  R CORE   ENERGY   A0R/A00=1.000    R3= 0     2     4  
   4( 1)    2.438                    1.000 0.000 0.000

  R CORE   ENERGY   A0R/A00=1.000    R3= 0     2     4  
   5( 1)  490.847                    0.000 1.000 0.000

  R CORE   ENERGY   A0R/A00=1.000    R3= 0     2     4     6  
   6( 1)    5.121                    1.000 0.000 0.000 0.000

  R CORE   ENERGY   A0R/A00=1.000    R3= 0     2     4     6  
   7( 1)  494.017                    0.000 1.000 0.000 0.000

          AXIAL SYMMETRY => K RESTRICTED TO OMEGA

                     K
     S.P. ORB#: 25  2.50
     S.P. ORB#: 26  0.50
     S.P. ORB#: 27 -3.50
     S.P. ORB#: 28 -3.50
     S.P. ORB#: 29  4.50
     S.P. ORB#: 30  0.50
     S.P. ORB#: 31 -1.50
     S.P. ORB#: 32 -1.50
     S.P. ORB#: 33  2.50
     S.P. ORB#: 34  0.50
     S.P. ORB#: 35  0.50
     S.P. ORB#: 36 -1.50
     S.P. ORB#: 37  2.50
     S.P. ORB#: 38 -3.50
     S.P. ORB#: 39  4.50
 

             ENERGY    K= OMEGA
 
 I=  1/2- (1)  1.647  26:-0.061
                      34:-0.998
 
 I=  1/2- (2)  3.209  30: 0.999
 
 I=  1/2- (3)  5.136  26: 0.998
                      34:-0.061
 
 I=  1/2- (4)  9.487  35:-1.000
 
 I=  1/2- (5)147.230  32:-1.000

             ENERGY    K= OMEGA
 
 I=  3/2- (1)  1.407  30: 0.189
                      31: 0.107
                      32: 0.972
                      34:-0.079
 
 I=  3/2- (2)  2.298  30:-0.155
                      31:-0.132
                      32: 0.123
                      34: 0.971
 
 I=  3/2- (3)  3.058  26: 0.097
                      30:-0.289
                      31: 0.947
                      34: 0.088
 
 I=  3/2- (4)  3.419  26:-0.369
                      30:-0.866
                      31:-0.200
                      32: 0.193
                      34:-0.191
 
 I=  3/2- (5)  6.154  35:-0.860
                      36:-0.510

             ENERGY    K= OMEGA
 
 I=  5/2- (1)  1.459  26: 0.051
                      30:-0.135
                      31:-0.182
                      32: 0.416
                      33: 0.877
                      34:-0.063
 
 I=  5/2- (2)  2.027  30:-0.221
                      31: 0.166
                      32: 0.868
                      33:-0.408
 
 I=  5/2- (3)  2.323  30: 0.150
                      31: 0.192
                      33: 0.129
                      34: 0.961
 
 I=  5/2- (4)  3.301  26: 0.382
                      30:-0.453
                      31:-0.738
                      32:-0.077
                      33:-0.190
                      34: 0.250
 
 I=  5/2- (5)  4.546  26:-0.065
                      30: 0.800
                      31:-0.528
                      32: 0.255
                      33:-0.104

             ENERGY    K= OMEGA
 
 I=  7/2- (1)  2.091  30: 0.182
                      31:-0.215
                      32: 0.505
                      33:-0.814
 
 I=  7/2- (2)  2.683  25:-0.068
                      26:-0.172
                      28: 0.072
                      30:-0.346
                      31:-0.294
                      32:-0.717
                      33:-0.448
                      34: 0.196
 
 I=  7/2- (3)  3.542  25:-0.243
                      27:-0.102
                      28: 0.956
                      30: 0.058
                      31: 0.060
                      34:-0.088
 
 I=  7/2- (4)  3.895  26: 0.092
                      28:-0.096
                      30: 0.156
                      31: 0.233
                      32:-0.311
                      33:-0.209
                      34:-0.873
 
 I=  7/2- (5)  3.906  35: 0.724
                      36: 0.574
                      37: 0.352
                      38: 0.148

             ENERGY    K= OMEGA
 
 I=  9/2- (1)  2.754  26: 0.175
                      27:-0.095
                      29: 0.178
                      30:-0.298
                      31:-0.354
                      32: 0.470
                      33: 0.679
                      34:-0.172
 
 I=  9/2- (2)  3.026  25: 0.076
                      27: 0.245
                      28: 0.194
                      29:-0.924
                      30:-0.074
                      31:-0.087
                      32: 0.092
                      33: 0.125
                      34:-0.053
 
 I=  9/2- (3)  3.863  25: 0.129
                      28: 0.182
                      30: 0.197
                      31:-0.313
                      32:-0.757
                      33: 0.353
                      34:-0.333
 
 I=  9/2- (4)  3.934  26: 0.104
                      28:-0.092
                      30:-0.288
                      31:-0.137
                      32: 0.080
                      33:-0.487
                      34:-0.795
 
 I=  9/2- (5)  4.467  25:-0.305
                      27: 0.119
                      28:-0.894
                      29:-0.184
                      30: 0.095
                      31:-0.065
                      32:-0.173
                      33: 0.128

             ENERGY    K= OMEGA
 
 I= 11/2- (1)  2.680  35:-0.660
                      36:-0.565
                      37:-0.412
                      38:-0.250
                      39:-0.112
 
 I= 11/2- (2)  3.874  25:-0.132
                      27: 0.289
                      28: 0.201
                      29: 0.657
                      30:-0.172
                      31: 0.180
                      32:-0.367
                      33: 0.479
 
 I= 11/2- (3)  4.087  25: 0.055
                      27:-0.183
                      28:-0.179
                      29:-0.602
                      30:-0.217
                      31: 0.220
                      32:-0.427
                      33: 0.539
 
 I= 11/2- (4)  4.666  25:-0.104
                      26:-0.285
                      28: 0.130
                      30:-0.416
                      31:-0.405
                      32:-0.547
                      33:-0.441
                      34: 0.241
 
 I= 11/2- (5)  5.573  25:-0.367
                      26: 0.090
                      27:-0.156
                      28: 0.854
                      29:-0.256
                      30: 0.115
                      31: 0.106
                      34:-0.110

             ENERGY    K= OMEGA
 
 I= 13/2- (1)  4.332  35:-0.185
                      36: 0.482
                      37:-0.602
                      38: 0.526
                      39:-0.306
 
 I= 13/2- (2)  4.757  25:-0.084
                      26: 0.278
                      27:-0.147
                      28:-0.087
                      29: 0.227
                      30:-0.384
                      31:-0.431
                      32: 0.419
                      33: 0.530
                      34:-0.213
 
 I= 13/2- (3)  5.165  25: 0.164
                      26: 0.111
                      27: 0.360
                      28: 0.305
                      29:-0.812
                      30:-0.141
                      31:-0.161
                      32: 0.094
                      33: 0.119
                      34:-0.099
 
 I= 13/2- (4)  6.504  25:-0.170
                      26:-0.127
                      27: 0.058
                      28:-0.212
                      29:-0.155
                      31: 0.318
                      32: 0.620
                      33: 0.089
                      34: 0.624
 
 I= 13/2- (5)  6.590  25: 0.207
                      26:-0.087
                      27:-0.119
                      28: 0.377
                      29: 0.086
                      30: 0.323
                      31:-0.080
                      32:-0.279
                      33: 0.636
                      34: 0.439

             ENERGY     K= 9/2
  35 LEVELS    TIME=  0.0 SEC



 ******************* EXCITATION ENERGIES, DOMINANT CONFIGURATION AND EXPECTATION VALUES (WITH S.P. UU+VV FACTORS) *******************

  NR  Eex(keV)  I   Kdom  NY    <Jz>  <Jx**2> <Jy**2> <Jz**2> <I.j>/|I|  <Rx**2> <Ry**2> <Rz**2> <R.j>/|R|  <HROTx> <HROTy> <HROTz>

   1    0.0   3/2-  -3/2  32   -1.41    1.55    1.55    2.16    1.45       1.69    1.69   -0.00   -1.33      0.207   0.207  -0.000
   2   52.0   5/2-   5/2  33    1.63    1.86    1.86    5.28    2.42       1.72    1.72    0.00   -0.99      0.210   0.210   0.000
   3  239.5   1/2-   1/2  34    0.50    1.20    1.20    0.25    0.83       0.98    0.98    0.00   -1.38      0.120   0.120   0.000
   4  619.7   5/2-  -3/2  32   -0.73    1.55    1.55    2.82    1.11       4.06    4.06   -0.00   -0.93      0.496   0.496  -0.000
   5  683.4   7/2-   5/2  33    1.22    1.96    1.96    4.86    2.03       4.21    4.21    0.00   -0.25      0.514   0.514   0.000
  
   6  890.5   3/2-   1/2  34    0.43    1.33    1.33    0.32   -0.12       3.60    3.60    0.00   -1.20      0.439   0.439   0.000
   7  915.8   5/2-   1/2  34    0.46    1.57    1.57    0.42    0.85       3.66    3.66    0.00   -0.39      0.446   0.446   0.000
   8 1272.8  11/2-   1/2  35    0.00   27.94   27.94    2.91    7.32       3.50    3.50   -0.00   -5.68      0.426   0.426  -0.000
   9 1275.7   7/2-  -3/2  32   -0.31    1.74    1.74    2.75    1.36       5.60    5.60   -0.00   -0.25      0.682   0.682  -0.000
  10 1346.4   9/2-   5/2  33    0.82    2.73    2.73    4.48    2.36       5.61    5.61   -0.00    0.54      0.684   0.684  -0.000
  
  11 1619.0   9/2-   9/2  29    3.54    2.67    2.67   18.67    4.35       2.72    2.72    0.00   -1.01      0.332   0.332   0.000
  12 1650.5   3/2-  -3/2  31   -1.30    3.98    3.98    2.05    1.40       4.17    4.17    0.00   -2.53      0.509   0.509   0.000
  13 1802.2   1/2-   1/2  30    0.50    4.06    4.06    0.25    0.39       4.23    4.23    0.00   -2.77      0.515   0.515   0.000
  14 1894.0   5/2-  -3/2  31   -0.53    3.82    3.82    1.57    1.58       4.31    4.31    0.00   -1.55      0.525   0.525   0.000
  15 2011.7   3/2-   1/2  30    0.35    3.35    3.35    0.40    0.52       4.42    4.42    0.00   -2.05      0.539   0.539   0.000
  
  16 2134.6   7/2-  -7/2  28   -3.09    2.36    2.36   11.70    3.38       2.67    2.67    0.00   -1.30      0.326   0.326   0.000
  17 2456.2   9/2-  -3/2  32   -0.69    1.55    1.55    2.90    0.96      10.62   10.62   -0.00   -0.27      1.295   1.295  -0.000
  18 2467.1  11/2-   9/2  29    1.89    2.78    2.78   12.20    3.17       7.82    7.82    0.00    0.30      0.954   0.954   0.000
  19 2487.5   7/2-   1/2  34    0.25    1.71    1.71    0.93   -0.02      10.14   10.14    0.00   -0.99      1.236   1.236   0.000
  20 2499.3   7/2-   1/2  35    0.00   28.27   28.27    1.91    7.08       9.01    9.01   -0.00   -7.15      1.099   1.099  -0.000
  
  21 2527.2   9/2-   1/2  34    0.89    2.05    2.05    1.86    1.01      10.31   10.31    0.00   -0.20      1.257   1.257   0.000
  22 2679.9  11/2-   9/2  29    1.81    2.46    2.46   10.52    2.65       9.75    9.75   -0.00    0.09      1.188   1.188  -0.000
  23 2924.9  13/2-   5/2  37    0.03   26.17   26.17    8.09    6.71       7.74    7.74    0.00   -3.45      0.944   0.944   0.000
  24 3060.2   9/2-  -7/2  28   -2.47    2.47    2.47   11.41    2.79       6.64    6.64    0.00   -0.67      0.810   0.810   0.001
  25 3139.0   5/2-   1/2  30   -0.16    4.11    4.11    1.01   -0.43      10.25   10.25    0.00   -2.32      1.249   1.249   0.000
  
  26 3258.5  11/2-  -3/2  32   -0.09    2.14    2.14    2.65    1.52      12.23   12.23   -0.00    0.44      1.491   1.491  -0.000
  27 3350.2  13/2-   5/2  33    0.44    3.49    3.49    4.08    2.52      12.31   12.31   -0.00    1.32      1.501   1.501  -0.000
  28 3728.4   1/2-   1/2  26    0.50    4.92    4.92    0.25    0.68       4.83    4.83    0.00   -3.06      0.589   0.589   0.000
  29 3757.8  13/2-   9/2  29    2.26    3.30    3.30   16.43    3.60      10.74   10.74    0.00    0.46      1.310   1.310   0.000
  30 4166.2  11/2-  -7/2  28   -2.01    2.63    2.63   11.44    2.60      10.67   10.67    0.00   -0.25      1.301   1.301   0.000
  
  31 4746.7   3/2-   1/2  35   -0.02   28.60   28.60    0.77    6.23      18.80   18.80   -0.00   -7.49      2.292   2.292  -0.000
  32 5096.5  13/2-   1/2  34   -0.49    1.75    1.75    2.50    0.98      20.54   20.54    0.00    0.13      2.505   2.505   0.000
  33 5182.5  13/2-   5/2  33    0.63    2.19    2.19    5.12    1.28      20.20   20.20    0.00   -0.09      2.463   2.463   0.000
  34 8080.3   1/2-   1/2  35    0.50   28.71   28.71    0.25   -4.07      32.73   32.73    0.00   -7.56      3.991   3.991   0.000
  35*******   1/2-  -3/2  32    0.00    0.00    0.00    0.00   -0.00       0.00    0.00    0.00   -0.00      0.000   0.000   0.000
  
