1SPECTRUM OF (Z= 82 A=207) IN PARTICLE-ROTOR  MODEL WITH MODIFIED OSCILLATOR POTENTIAL


 PARITY=-   EPS= 0.161   GAMMA=  0.0   EPS4=0.000   EPS6=0.000   LEVELS:  24  25  26  27  28  29  30  31  32  33  34  35  36  37  38

 PAIRING FACTORS: GN0= 19.20  GN1=  7.40  IPAIR= 15 ***  E2PLUS(INPUT)=   0.730  E2PLUR(INPUT)=   0.000

 CORIOLIS ATTENUATION PARAMETERS:  CHSI=1.000  ETA=  1.00

 MOMENT OF INERTIA PARAMETERS:   A1=  0.122 MEV   A2=  0.122 MEV   A3=121.91924 MEV


 DELTA=0.854 MEV  LAMBDA=53.4078 MEV   HW0= 7.4331 MEV   LAMBDA/HW0= 7.1851

 E2ENERGY=0.730 MEV  HBAR**2/B= 4806./A**(7/3)= 812.5/A**2 MEV

 IREC=0  =>  RECOIL TERMS j+j-, j+j+, jzjz, ETC TREATED AS ONE-BODY OPERATORS WITH UU+VV PAIRING FACTORS



 S. P. LEVEL   EQP       U     V        (UU + VV)**1.00

     24       5.063    0.085 0.996      1.000 1.000 1.000 1.000 0.998 0.996 0.993 0.991 0.853 0.757 0.490 0.310 0.287 0.253 0.221
     25       4.356    0.099 0.995      1.000 1.000 1.000 1.000 0.999 0.997 0.995 0.993 0.860 0.766 0.502 0.324 0.300 0.267 0.235
     26       3.866    0.111 0.994      1.000 1.000 1.000 1.000 1.000 0.998 0.996 0.994 0.866 0.774 0.513 0.336 0.312 0.279 0.247
     27       3.734    0.115 0.993      1.000 1.000 1.000 1.000 1.000 0.998 0.996 0.995 0.868 0.777 0.516 0.339 0.316 0.283 0.251
     28       3.094    0.139 0.990      0.998 0.999 1.000 1.000 1.000 1.000 0.998 0.997 0.880 0.792 0.537 0.362 0.339 0.306 0.274
     29       2.553    0.170 0.985      0.996 0.997 0.998 0.998 1.000 1.000 1.000 0.999 0.894 0.810 0.563 0.391 0.368 0.335 0.304
     30       2.188    0.199 0.980      0.993 0.995 0.996 0.996 0.998 1.000 1.000 1.000 0.907 0.827 0.587 0.418 0.396 0.363 0.332
     31       2.030    0.216 0.976      0.991 0.993 0.994 0.995 0.997 0.999 1.000 1.000 0.914 0.837 0.601 0.433 0.411 0.379 0.348
     32       0.895    0.593 0.805      0.853 0.860 0.866 0.868 0.880 0.894 0.907 0.914 1.000 0.987 0.873 0.761 0.745 0.722 0.698
     33       0.855    0.715 0.699      0.757 0.766 0.774 0.777 0.792 0.810 0.827 0.837 0.987 1.000 0.941 0.856 0.843 0.824 0.805
     34       1.133    0.910 0.414      0.490 0.502 0.513 0.516 0.537 0.563 0.587 0.601 0.873 0.941 1.000 0.981 0.976 0.967 0.959
     35       1.919    0.974 0.229      0.310 0.324 0.336 0.339 0.362 0.391 0.418 0.433 0.761 0.856 0.981 1.000 1.000 0.998 0.996
     36       2.132    0.979 0.205      0.287 0.300 0.312 0.316 0.339 0.368 0.396 0.411 0.745 0.843 0.976 1.000 1.000 0.999 0.998
     37       2.543    0.985 0.171      0.253 0.267 0.279 0.283 0.306 0.335 0.363 0.379 0.722 0.824 0.967 0.998 0.999 1.000 0.999
     38       3.133    0.990 0.138      0.221 0.235 0.247 0.251 0.274 0.304 0.332 0.348 0.698 0.805 0.959 0.996 0.998 0.999 1.000

  R CORE   ENERGY   A0R/A00=1.000    R3= 0     2  
   2( 1)    0.732                    1.000 0.000
   2( 2)  487.921                    0.000 1.000

  R CORE   ENERGY   A0R/A00=1.000    R3= 0     2  
   3( 1)  488.652                    0.000 1.000

  R CORE   ENERGY   A0R/A00=1.000    R3= 0     2     4  
   4( 1)    2.438                    1.000 0.000 0.000

  R CORE   ENERGY   A0R/A00=1.000    R3= 0     2     4  
   5( 1)  490.847                    0.000 1.000 0.000

  R CORE   ENERGY   A0R/A00=1.000    R3= 0     2     4     6  
   6( 1)    5.121                    1.000 0.000 0.000 0.000

  R CORE   ENERGY   A0R/A00=1.000    R3= 0     2     4     6  
   7( 1)  494.017                    0.000 1.000 0.000 0.000

          AXIAL SYMMETRY => K RESTRICTED TO OMEGA

                     K
     S.P. ORB#: 24  2.50
     S.P. ORB#: 25  2.50
     S.P. ORB#: 26 -3.50
     S.P. ORB#: 27  0.50
     S.P. ORB#: 28 -3.50
     S.P. ORB#: 29  4.50
     S.P. ORB#: 30  0.50
     S.P. ORB#: 31 -1.50
     S.P. ORB#: 32 -1.50
     S.P. ORB#: 33  2.50
     S.P. ORB#: 34  0.50
     S.P. ORB#: 35  0.50
     S.P. ORB#: 36 -1.50
     S.P. ORB#: 37  2.50
     S.P. ORB#: 38 -3.50
 

             ENERGY    K= OMEGA
 
 I=  1/2- (1)  1.357  27:-0.065
                      34:-0.998
 
 I=  1/2- (2)  3.169  30: 1.000
 
 I=  1/2- (3)  4.790  27: 0.997
                      34:-0.065
 
 I=  1/2- (4) 10.114  35:-1.000
 
 I=  1/2- (5)147.198  32: 1.000

             ENERGY    K= OMEGA
 
 I=  3/2- (1)  1.350  27: 0.055
                      30: 0.202
                      31: 0.123
                      32: 0.965
                      34:-0.102
 
 I=  3/2- (2)  2.027  30: 0.127
                      31: 0.099
                      32:-0.142
                      34:-0.977

             ENERGY    K= OMEGA
 
 I=  5/2- (1)  1.309  27:-0.051
                      30: 0.131
                      31: 0.189
                      32:-0.372
                      33:-0.893
                      34: 0.082
 
 I=  5/2- (2)  1.945  30: 0.248
                      31:-0.163
                      32:-0.880
                      33: 0.367
 
 I=  5/2- (3)  2.043  30:-0.112
                      31:-0.157
                      33:-0.124
                      34:-0.973
 
 I=  5/2- (4)  3.200  24: 0.069
                      27:-0.404
                      30: 0.457
                      31: 0.735
                      32: 0.078
                      33: 0.192
                      34:-0.197
 
 I=  5/2- (5)  4.521  24: 0.061
                      27: 0.073
                      30:-0.790
                      31: 0.528
                      32:-0.276
                      33: 0.105

             ENERGY    K= OMEGA
 
 I=  7/2- (1)  1.938  30: 0.171
                      31:-0.229
                      32: 0.464
                      33:-0.837
 
 I=  7/2- (2)  2.563  25:-0.064
                      27:-0.186
                      30:-0.364
                      31:-0.298
                      32:-0.727
                      33:-0.397
                      34: 0.222
 
 I=  7/2- (3)  3.654  25:-0.074
                      27: 0.055
                      28: 0.175
                      30: 0.120
                      31: 0.169
                      32:-0.296
                      33:-0.185
                      34:-0.892
 
 I=  7/2- (4)  3.800  24:-0.096
                      25: 0.243
                      26: 0.174
                      28:-0.927
                      32:-0.096
                      33:-0.074
                      34:-0.160
 
 I=  7/2- (5)  4.358  35: 0.714
                      36: 0.576
                      37: 0.365
                      38: 0.161

             ENERGY    K= OMEGA
 
 I=  9/2- (1)  2.571  26:-0.078
                      27: 0.179
                      29: 0.079
                      30:-0.305
                      31:-0.370
                      32: 0.452
                      33: 0.691
                      34:-0.205
 
 I=  9/2- (2)  3.245  24: 0.075
                      25: 0.081
                      26: 0.295
                      28: 0.190
                      29:-0.923
                      30:-0.051
                      32: 0.066
 
 I=  9/2- (3)  3.681  27:-0.061
                      30: 0.098
                      31: 0.215
                      32: 0.289
                      33: 0.252
                      34: 0.888
 
 I=  9/2- (4)  3.752  25: 0.112
                      26:-0.058
                      28: 0.139
                      30: 0.331
                      31:-0.231
                      32:-0.714
                      33: 0.527
                      34: 0.110
 
 I=  9/2- (5)  4.610  24: 0.160
                      25:-0.201
                      26: 0.146
                      27:-0.392
                      28:-0.529
                      29:-0.069
                      30: 0.347
                      31: 0.384
                      32: 0.080
                      33: 0.325
                      34:-0.308

             ENERGY    K= OMEGA
 
 I= 11/2- (1)  3.152  35: 0.677
                      36: 0.576
                      37: 0.407
                      38: 0.209
 
 I= 11/2- (2)  3.760  24:-0.061
                      25:-0.082
                      26: 0.197
                      28: 0.079
                      29: 0.281
                      30:-0.233
                      31: 0.303
                      32:-0.478
                      33: 0.701
 
 I= 11/2- (3)  4.155  24: 0.120
                      25: 0.100
                      26:-0.359
                      28:-0.221
                      29:-0.807
                      30:-0.152
                      32:-0.262
                      33: 0.222
 
 I= 11/2- (4)  4.492  24: 0.064
                      25:-0.112
                      27:-0.293
                      28: 0.146
                      29: 0.114
                      30:-0.415
                      31:-0.406
                      32:-0.551
                      33:-0.399
                      34: 0.250
 
 I= 11/2- (5)  5.728  24:-0.173
                      25: 0.364
                      26: 0.255
                      27:-0.089
                      28:-0.831
                      29: 0.158
                      30:-0.141
                      31:-0.055
                      34: 0.160

             ENERGY    K= OMEGA
 
 I= 13/2- (1)  4.507  24:-0.086
                      25:-0.070
                      26:-0.167
                      27: 0.278
                      28:-0.056
                      29: 0.179
                      30:-0.383
                      31:-0.447
                      32: 0.401
                      33: 0.536
                      34:-0.232
 
 I= 13/2- (2)  5.232  24:-0.148
                      25:-0.154
                      26:-0.438
                      27:-0.092
                      28:-0.265
                      29: 0.786
                      30: 0.142
                      31: 0.104
                      32:-0.123
                      33:-0.097
                      34: 0.104
 
 I= 13/2- (3)  5.312  35:-0.227
                      36: 0.574
                      37:-0.654
                      38: 0.437
 
 I= 13/2- (4)  6.305  24:-0.106
                      25: 0.123
                      26:-0.066
                      27: 0.093
                      28: 0.148
                      31:-0.265
                      32:-0.531
                      33:-0.204
                      34:-0.737
 
 I= 13/2- (5)  6.413  24: 0.101
                      25:-0.193
                      26: 0.120
                      28:-0.307
                      30:-0.334
                      31: 0.212
                      32: 0.458
                      33:-0.586
                      34:-0.365

             ENERGY     K=-7/2
  32 LEVELS    TIME=  0.0 SEC



 ******************* EXCITATION ENERGIES, DOMINANT CONFIGURATION AND EXPECTATION VALUES (WITH S.P. UU+VV FACTORS) *******************

  NR  Eex(keV)  I   Kdom  NY    <Jz>  <Jx**2> <Jy**2> <Jz**2> <I.j>/|I|  <Rx**2> <Ry**2> <Rz**2> <R.j>/|R|  <HROTx> <HROTy> <HROTz>

   1    0.0   5/2-   5/2  33    1.75    1.77    1.77    5.39    2.47       1.52    1.52    0.00   -0.92      0.186   0.186   0.000
   2   40.5   3/2-  -3/2  32   -1.39    1.48    1.48    2.14    1.49       1.53    1.53    0.00   -1.26      0.187   0.187   0.000
   3   48.0   1/2-   1/2  34    0.50    1.11    1.11    0.25    0.84       0.88    0.88    0.00   -1.31      0.107   0.107   0.000
   4  628.5   7/2-   5/2  33    1.36    1.91    1.91    5.01    2.10       3.97    3.97    0.00   -0.18      0.483   0.483   0.000
   5  635.5   5/2-  -3/2  32   -0.83    1.51    1.51    2.67    1.14       3.85    3.85    0.00   -0.84      0.469   0.469   0.000
  
   6  717.6   3/2-   1/2  34    0.44    1.19    1.19    0.31   -0.18       3.58    3.58    0.00   -1.14      0.436   0.436   0.000
   7  733.9   5/2-   1/2  34    0.48    1.36    1.36    0.40    0.79       3.60    3.60    0.00   -0.29      0.439   0.439   0.000
   8 1253.2   7/2-  -3/2  32   -0.42    1.65    1.65    2.50    1.41       5.19    5.19    0.00   -0.07      0.633   0.633   0.000
   9 1262.1   9/2-   5/2  33    0.78    2.74    2.74    4.01    2.38       5.27    5.27    0.00    0.73      0.642   0.642   0.000
  10 1842.2  11/2-   1/2  35   -0.01   28.76   28.76    2.43    7.31       4.12    4.12    0.00   -5.65      0.503   0.503   0.000
  
  11 1859.3   1/2-   1/2  30    0.50    3.90    3.90    0.25    0.44       4.02    4.02    0.00   -2.70      0.490   0.490   0.000
  12 1890.2   5/2-  -3/2  31   -0.51    3.70    3.70    1.59    1.71       3.81    3.81    0.00   -1.43      0.464   0.464   0.000
  13 1936.0   9/2-   9/2  29    3.43    2.82    2.82   18.86    4.50       2.25    2.25    0.00   -1.00      0.274   0.274   0.000
  14 2345.1   7/2-   1/2  34    0.22    1.50    1.50    1.10   -0.00       9.94    9.94    0.00   -0.92      1.211   1.211   0.000
  15 2371.7   9/2-   1/2  34    0.37    1.47    1.47    0.93    0.81      10.30   10.30    0.00    0.03      1.256   1.256   0.000
  
  16 2442.5   9/2-  -3/2  32   -0.13    1.73    1.73    3.41    1.07      10.49   10.49    0.00   -0.34      1.279   1.279   0.000
  17 2451.1  11/2-   5/2  33    1.00    2.60    2.60    6.01    2.27       9.89    9.89    0.00    0.53      1.206   1.206   0.000
  18 2490.2   7/2-  -7/2  28   -2.93    2.23    2.23   11.38    3.28       2.77    2.77    0.00   -1.19      0.338   0.338   0.000
  19 2845.9  11/2-   9/2  29    2.40    3.02    3.02   16.00    3.76       6.39    6.39    0.00    0.13      0.780   0.780   0.000
  20 3048.9   7/2-   1/2  35   -0.00   28.91   28.91    2.02    7.20       9.24    9.24    0.00   -7.28      1.127   1.127   0.000
  
  21 3182.9  11/2-  -3/2  32   -0.12    2.02    2.02    2.76    1.64      11.50   11.50    0.00    0.62      1.402   1.402   0.000
  22 3197.6  13/2-   5/2  33    0.38    3.61    3.61    3.78    2.64      11.42   11.42   -0.00    1.56      1.392   1.392  -0.000
  23 3211.6   5/2-   1/2  30   -0.18    3.99    3.99    1.05   -0.42      10.13   10.13    0.00   -2.28      1.235   1.235   0.000
  24 3300.3   9/2-  -7/2  28   -0.65    2.76    2.76    5.29    1.92       8.22    8.22    0.00   -0.31      1.002   1.002   0.000
  25 3480.9   1/2-   1/2  27    0.50    4.45    4.45    0.25    0.65       4.38    4.38    0.00   -2.90      0.534   0.534   0.000
  
  26 3922.4  13/2-   9/2  29    1.98    3.66    3.66   16.13    3.79       9.64    9.64    0.00    0.68      1.176   1.176   0.000
  27 4003.1  13/2-   5/2  37   -0.07   27.53   27.53    5.77    6.19      11.58   11.58    0.00   -3.66      1.412   1.412   0.000
  28 4419.1  11/2-  -7/2  28   -2.10    2.47    2.47   10.80    2.63      10.01   10.01    0.00    0.00      1.220   1.220   0.000
  29 4995.3  13/2-   1/2  34   -0.16    1.48    1.48    1.73    0.88      20.56   20.56    0.00    0.23      2.507   2.507   0.000
  30 5104.1  13/2-   5/2  33    0.34    2.05    2.05    4.42    1.24      20.01   20.01    0.00    0.02      2.440   2.440   0.000
  
  31 8804.3   1/2-   1/2  35    0.50   29.52   29.52    0.25   -4.14      33.61   33.61   -0.00   -7.67      4.097   4.097  -0.000
  32*******   1/2-  -3/2  32    0.00    0.00    0.00    0.00   -0.00       0.00    0.00   -0.00   -0.00      0.000   0.000  -0.000
