1SPECTRUM OF (Z= 82 A=207) IN PARTICLE-ROTOR  MODEL WITH MODIFIED OSCILLATOR POTENTIAL


 PARITY=-   EPS= 0.400   GAMMA=  0.0   EPS4=0.000   EPS6=0.000   LEVELS:  25  26  27  28  29  30  31  32  33  34  35  36  37  38  39

 PAIRING FACTORS: GN0= 19.20  GN1=  7.40  IPAIR= 15 ***  E2PLUS(INPUT)=   0.730  E2PLUR(INPUT)=   0.000

 CORIOLIS ATTENUATION PARAMETERS:  CHSI=1.000  ETA=  1.00

 MOMENT OF INERTIA PARAMETERS:   A1=  0.122 MEV   A2=  0.122 MEV   A3=121.91923 MEV


 DELTA=0.844 MEV  LAMBDA=53.4793 MEV   HW0= 7.5602 MEV   LAMBDA/HW0= 7.0738

 E2ENERGY=0.730 MEV  HBAR**2/B=29667./A**(7/3)=5015.2/A**2 MEV

 IREC=0  =>  RECOIL TERMS j+j-, j+j+, jzjz, ETC TREATED AS ONE-BODY OPERATORS WITH UU+VV PAIRING FACTORS



 S. P. LEVEL   EQP       U     V        (UU + VV)**1.00

     25       3.670    0.116 0.993      1.000 1.000 0.999 0.996 0.996 0.924 0.884 0.876 0.524 0.475 0.392 0.337 0.247 0.237 0.235
     26       3.228    0.132 0.991      1.000 1.000 1.000 0.998 0.997 0.930 0.891 0.884 0.538 0.489 0.407 0.352 0.263 0.253 0.251
     27       2.698    0.159 0.987      0.999 1.000 1.000 0.999 0.999 0.939 0.903 0.896 0.560 0.512 0.431 0.377 0.289 0.279 0.277
     28       2.140    0.201 0.980      0.996 0.998 0.999 1.000 1.000 0.953 0.921 0.914 0.596 0.549 0.470 0.417 0.330 0.321 0.319
     29       2.131    0.202 0.979      0.996 0.997 0.999 1.000 1.000 0.954 0.921 0.915 0.597 0.550 0.471 0.418 0.331 0.322 0.320
     30       0.992    0.488 0.873      0.924 0.930 0.939 0.953 0.954 1.000 0.996 0.994 0.810 0.776 0.715 0.672 0.600 0.592 0.590
     31       0.904    0.567 0.823      0.884 0.891 0.903 0.921 0.921 0.996 1.000 1.000 0.862 0.831 0.777 0.739 0.672 0.665 0.663
     32       0.893    0.581 0.814      0.876 0.884 0.896 0.914 0.915 0.994 1.000 1.000 0.870 0.840 0.787 0.750 0.684 0.677 0.675
     33       1.104    0.907 0.422      0.524 0.538 0.560 0.596 0.597 0.810 0.862 0.870 1.000 0.998 0.989 0.979 0.955 0.952 0.951
     34       1.230    0.929 0.369      0.475 0.489 0.512 0.549 0.550 0.776 0.831 0.840 0.998 1.000 0.996 0.989 0.970 0.968 0.967
     35       1.556    0.959 0.283      0.392 0.407 0.431 0.470 0.471 0.715 0.777 0.787 0.989 0.996 1.000 0.998 0.988 0.987 0.986
     36       1.919    0.974 0.226      0.337 0.352 0.377 0.417 0.418 0.672 0.739 0.750 0.979 0.989 0.998 1.000 0.996 0.995 0.994
     37       3.192    0.991 0.133      0.247 0.263 0.289 0.330 0.331 0.600 0.672 0.684 0.955 0.970 0.988 0.996 1.000 1.000 1.000
     38       3.450    0.992 0.123      0.237 0.253 0.279 0.321 0.322 0.592 0.665 0.677 0.952 0.968 0.987 0.995 1.000 1.000 1.000
     39       3.506    0.993 0.121      0.235 0.251 0.277 0.319 0.320 0.590 0.663 0.675 0.951 0.967 0.986 0.994 1.000 1.000 1.000

  R CORE   ENERGY   A0R/A00=1.000    R3= 0     2  
   2( 1)    0.732                    1.000 0.000
   2( 2)  487.921                    0.000 1.000

  R CORE   ENERGY   A0R/A00=1.000    R3= 0     2  
   3( 1)  488.652                    0.000 1.000

  R CORE   ENERGY   A0R/A00=1.000    R3= 0     2     4  
   4( 1)    2.438                    1.000 0.000 0.000

  R CORE   ENERGY   A0R/A00=1.000    R3= 0     2     4  
   5( 1)  490.847                    0.000 1.000 0.000

  R CORE   ENERGY   A0R/A00=1.000    R3= 0     2     4     6  
   6( 1)    5.121                    1.000 0.000 0.000 0.000

  R CORE   ENERGY   A0R/A00=1.000    R3= 0     2     4     6  
   7( 1)  494.017                    0.000 1.000 0.000 0.000

          AXIAL SYMMETRY => K RESTRICTED TO OMEGA

                     K
     S.P. ORB#: 25 -5.50
     S.P. ORB#: 26  0.50
     S.P. ORB#: 27  2.50
     S.P. ORB#: 28 -3.50
     S.P. ORB#: 29 -1.50
     S.P. ORB#: 30  0.50
     S.P. ORB#: 31 -1.50
     S.P. ORB#: 32  2.50
     S.P. ORB#: 33 -3.50
     S.P. ORB#: 34  0.50
     S.P. ORB#: 35  4.50
     S.P. ORB#: 36 -3.50
     S.P. ORB#: 37  0.50
     S.P. ORB#: 38 -1.50
     S.P. ORB#: 39 -1.50
 

             ENERGY    K= OMEGA
 
 I=  1/2- (1)  2.308  30: 1.000
 
 I=  1/2- (2)  4.149  26:-0.196
                      34: 0.915
                      37:-0.352
 
 I=  1/2- (3)  7.156  26:-0.314
                      34: 0.282
                      37: 0.907
 
 I=  1/2- (4)  9.532  26: 0.929
                      34: 0.288
                      37: 0.232
 
 I=  1/2- (5)147.207  31:-1.000

             ENERGY    K= OMEGA
 
 I=  3/2- (1)  2.219  30: 0.469
                      31:-0.883
 
 I=  3/2- (2)  2.573  30:-0.865
                      31:-0.465
                      38:-0.191
 
 I=  3/2- (3)  3.972  26:-0.256
                      29:-0.057
                      34: 0.926
                      37: 0.116
                      39:-0.244
 
 I=  3/2- (4)  4.138  30:-0.180
                      31:-0.067
                      38: 0.981
 
 I=  3/2- (5)  6.310  26: 0.718
                      29: 0.637
                      34: 0.264
                      39: 0.081

             ENERGY    K= OMEGA
 
 I=  5/2- (1)  2.777  30: 0.455
                      31: 0.887
                      38:-0.063
 
 I=  5/2- (2)  3.337  27: 0.063
                      30:-0.833
                      31: 0.447
                      38: 0.319
 
 I=  5/2- (3)  4.190  26: 0.149
                      34:-0.804
                      37: 0.492
                      39:-0.294
 
 I=  5/2- (4)  4.475  27:-0.973
                      30:-0.100
                      31: 0.087
                      38:-0.189
 
 I=  5/2- (5)  4.867  27: 0.217
                      30:-0.298
                      31: 0.075
                      38:-0.927

             ENERGY    K= OMEGA
 
 I=  7/2- (1)  1.998  27: 0.149
                      33:-0.988
 
 I=  7/2- (2)  3.406  30: 0.703
                      31:-0.689
                      38: 0.174
 
 I=  7/2- (3)  4.010  27: 0.185
                      28: 0.562
                      30:-0.511
                      31:-0.566
                      38:-0.263
 
 I=  7/2- (4)  4.061  26:-0.058
                      29: 0.109
                      32: 0.156
                      34: 0.873
                      36: 0.065
                      37: 0.236
                      39:-0.373
 
 I=  7/2- (5)  4.068  27: 0.089
                      28: 0.807
                      30: 0.357
                      31: 0.429
                      38: 0.171

             ENERGY    K= OMEGA
 
 I=  9/2- (1)  2.484  27:-0.088
                      28: 0.168
                      33:-0.370
                      35:-0.909
 
 I=  9/2- (2)  3.088  27:-0.198
                      28:-0.101
                      33:-0.902
                      35: 0.368
 
 I=  9/2- (3)  4.526  27:-0.055
                      30:-0.584
                      31:-0.789
                      38: 0.179
 
 I=  9/2- (4)  4.790  26: 0.133
                      29:-0.484
                      32: 0.646
                      34: 0.332
                      36:-0.373
                      37:-0.207
                      39: 0.194
 
 I=  9/2- (5)  4.982  26: 0.196
                      29:-0.265
                      32: 0.265
                      34:-0.671
                      36:-0.161
                      37: 0.498
                      39:-0.310

             ENERGY    K= OMEGA
 
 I= 11/2- (1)  3.573  26: 0.556
                      29: 0.572
                      32: 0.481
                      34: 0.247
                      36: 0.226
                      37: 0.074
                      39:-0.123
 
 I= 11/2- (2)  3.628  27:-0.134
                      28:-0.228
                      33: 0.449
                      35:-0.853
 
 I= 11/2- (3)  4.401  27:-0.234
                      28: 0.150
                      33: 0.850
                      35: 0.443
 
 I= 11/2- (4)  5.014  25: 0.998
 
 I= 11/2- (5)  5.014  26: 0.282
                      29: 0.136
                      32: 0.057
                      34:-0.809
                      37:-0.280
                      39: 0.405

             ENERGY    K= OMEGA
 
 I= 13/2- (1)  5.007  27: 0.172
                      28:-0.269
                      33: 0.488
                      35: 0.811
 
 I= 13/2- (2)  5.355  26: 0.197
                      29:-0.555
                      32: 0.680
                      34: 0.126
                      36:-0.400
                      39: 0.117
 
 I= 13/2- (3)  5.943  25:-0.065
                      27:-0.262
                      28:-0.187
                      33:-0.812
                      35: 0.480
 
 I= 13/2- (4)  6.601  25: 0.997
                      35: 0.062
 
 I= 13/2- (5)  6.637  26:-0.141
                      29: 0.119
                      32:-0.070
                      34: 0.707
                      36: 0.051
                      37:-0.560
                      39: 0.381

             ENERGY     K=-3/2
  35 LEVELS    TIME=  0.0 SEC



 ******************* EXCITATION ENERGIES, DOMINANT CONFIGURATION AND EXPECTATION VALUES (WITH S.P. UU+VV FACTORS) *******************

  NR  Eex(keV)  I   Kdom  NY    <Jz>  <Jx**2> <Jy**2> <Jz**2> <I.j>/|I|  <Rx**2> <Ry**2> <Rz**2> <R.j>/|R|  <HROTx> <HROTy> <HROTz>

   1    0.0   7/2-  -7/2  33   -3.37    2.31    2.31   12.12    3.21       3.52    3.52    0.00   -1.51      0.429   0.429   0.000
   2  220.6   3/2-  -3/2  31   -1.06    5.00    5.00    1.81    1.28       5.31    5.31    0.00   -2.87      0.647   0.647   0.000
   3  309.3   1/2-   1/2  30    0.50    4.97    4.97    0.25    0.09       5.40    5.40   -0.00   -3.08      0.658   0.658  -0.000
   4  485.2   9/2-   9/2  35    3.16    2.50    2.50   18.82    4.09       3.96    3.96    0.00   -1.24      0.482   0.482   0.000
   5  574.7   3/2-   1/2  30   -0.01    4.80    4.80    0.76    0.44       6.20    6.20    0.00   -2.70      0.756   0.756   0.000
  
   6  778.7   5/2-  -3/2  31   -1.08    5.02    5.02    1.84    0.94       7.55    7.55    0.00   -2.35      0.921   0.921   0.000
   7 1089.8   9/2-  -7/2  33   -2.18    2.37    2.37   13.09    2.75       7.58    7.58    0.00   -1.06      0.925   0.925   0.000
   8 1338.6   5/2-   1/2  30   -0.09    4.55    4.55    0.88    0.25       8.64    8.64    0.00   -2.23      1.053   1.053   0.000
   9 1407.4   7/2-   1/2  30   -0.51    4.98    4.98    1.27    0.94       9.76    9.76    0.00   -1.70      1.189   1.189   0.000
  10 1574.8  11/2-  -3/2  29    0.07   23.66   23.66    2.93    6.21       5.86    5.86    0.00   -3.83      0.714   0.714   0.000
  
  11 1629.4  11/2-   9/2  35    2.42    2.67    2.67   17.98    3.49       8.65    8.65    0.00   -0.58      1.055   1.055   0.000
  12 1973.4   3/2-   1/2  34    0.37   12.61   12.61    0.38    2.40      10.03   10.03    0.00   -4.68      1.223   1.223   0.000
  13 2011.9   7/2-  -3/2  31   -1.47    5.08    5.08    5.03    1.36      10.07   10.07    0.00   -2.18      1.228   1.228   0.000
  14 2062.1   7/2-   1/2  34    0.23   15.27   15.27    0.75    3.45       9.81    9.81    0.00   -3.97      1.197   1.197   0.000
  15 2069.4   7/2-  -7/2  28   -2.52    5.68    5.68    8.54    2.16       9.26    9.26    0.00   -2.64      1.130   1.130   0.000
  
  16 2139.2   3/2-  -3/2  38   -1.43    2.00    2.00    2.18    0.91       3.20    3.20    0.00   -1.75      0.390   0.390   0.000
  17 2150.8   1/2-   1/2  34    0.50   11.06   11.06    0.25    1.05      10.66   10.66    0.00   -4.65      1.299   1.299   0.000
  18 2191.8   5/2-   1/2  34    0.32   11.55   11.55    0.43    2.35       9.19    9.19    0.00   -3.87      1.120   1.120   0.000
  19 2402.2  11/2-  -7/2  33   -1.60    2.45    2.45   13.51    2.41      12.68   12.68    0.00   -0.80      1.546   1.546   0.000
  20 2476.3   5/2-   5/2  27    2.31    5.92    5.92    6.02    2.03       7.30    7.30    0.00   -3.10      0.890   0.890   0.000
  
  21 2527.9   9/2-  -3/2  31   -0.81    5.00    5.00    1.60    0.76      14.37   14.37    0.00   -1.45      1.752   1.752   0.000
  22 2791.8   9/2-   5/2  32    0.23   22.30   22.30    4.97    4.84      13.07   13.07    0.00   -4.98      1.594   1.594   0.000
  23 2868.7   5/2-  -3/2  38   -1.13    2.38    2.38    2.26    0.33       6.91    6.91    0.00   -1.63      0.842   0.842   0.000
  24 2983.7   9/2-   1/2  34    0.21   13.30   13.30    1.31    2.89      11.94   11.94    0.00   -2.77      1.456   1.456   0.000
  25 3008.4  13/2-   9/2  35    1.94    2.81    2.81   17.37    3.09      14.26   14.26    0.00   -0.26      1.739   1.739   0.000
  
  26 3015.3  11/2- -11/2  25   -5.47    2.75    2.75   30.21    5.05       5.54    5.54    0.00   -1.66      0.675   0.675   0.000
  27 3015.8  11/2-   1/2  34    0.14   13.70   13.70    0.65    3.22      12.63   12.63    0.00   -1.75      1.540   1.540   0.000
  28 3356.8  13/2-   5/2  32    0.14   23.72   23.72    5.58    5.07      15.50   15.50    0.00   -3.17      1.890   1.890   0.000
  29 3944.1  13/2-  -7/2  33   -1.25    2.54    2.54   13.73    2.15      18.77   18.77    0.00   -0.62      2.288   2.288   0.000
  30 4311.7   3/2-   1/2  26   -0.33   22.51   22.51    1.08    5.11      15.03   15.03    0.00   -6.60      1.833   1.833   0.000
  
  31 4602.9  13/2- -11/2  25   -5.46    2.75    2.75   30.16    4.32      12.08   12.08    0.00   -1.13      1.472   1.472   0.000
  32 4638.6  13/2-   1/2  34    0.18   12.08   12.08    0.63    2.68      18.09   18.09    0.00   -1.01      2.205   2.205   0.000
  33 5157.6   1/2-   1/2  37    0.50   15.88   15.88    0.25   -0.58      16.88   16.88    0.00   -5.60      2.058   2.058   0.000
  34 7533.4   1/2-   1/2  26    0.50   23.05   23.05    0.25   -3.45      26.54   26.54    0.00   -6.77      3.236   3.236   0.000
  35*******   1/2-  -3/2  31    0.00    0.00    0.00    0.00    0.00       0.00    0.00   -0.00   -0.00      0.000   0.000  -0.000
  
