1SPECTRUM OF (Z= 82 A=207) IN PARTICLE-ROTOR  MODEL WITH MODIFIED OSCILLATOR POTENTIAL


 PARITY=-   EPS= 0.370   GAMMA=  0.0   EPS4=0.000   EPS6=0.000   LEVELS:  25  26  27  28  29  30  31  32  33  34  35  36  37  38  39

 PAIRING FACTORS: GN0= 19.20  GN1=  7.40  IPAIR= 15 ***  E2PLUS(INPUT)=   0.730  E2PLUR(INPUT)=   0.000

 CORIOLIS ATTENUATION PARAMETERS:  CHSI=1.000  ETA=  1.00

 MOMENT OF INERTIA PARAMETERS:   A1=  0.122 MEV   A2=  0.122 MEV   A3=121.91924 MEV


 DELTA=0.874 MEV  LAMBDA=53.4291 MEV   HW0= 7.5371 MEV   LAMBDA/HW0= 7.0889

 E2ENERGY=0.730 MEV  HBAR**2/B=25384./A**(7/3)=4291.1/A**2 MEV

 IREC=0  =>  RECOIL TERMS j+j-, j+j+, jzjz, ETC TREATED AS ONE-BODY OPERATORS WITH UU+VV PAIRING FACTORS



 S. P. LEVEL   EQP       U     V        (UU + VV)**1.00

     25       4.156    0.106 0.994      1.000 0.999 0.998 0.997 0.985 0.947 0.920 0.746 0.691 0.491 0.353 0.316 0.251 0.238 0.222
     26       2.932    0.151 0.989      0.999 1.000 1.000 0.999 0.992 0.960 0.937 0.776 0.724 0.530 0.395 0.359 0.295 0.282 0.266
     27       2.540    0.175 0.985      0.998 1.000 1.000 1.000 0.995 0.967 0.945 0.791 0.740 0.551 0.417 0.381 0.318 0.305 0.289
     28       2.373    0.188 0.982      0.997 0.999 1.000 1.000 0.996 0.970 0.949 0.799 0.749 0.561 0.429 0.393 0.330 0.318 0.302
     29       1.643    0.277 0.961      0.985 0.992 0.995 0.996 1.000 0.988 0.974 0.850 0.806 0.635 0.510 0.476 0.415 0.403 0.388
     30       1.145    0.421 0.907      0.947 0.960 0.967 0.970 0.988 1.000 0.997 0.921 0.888 0.746 0.636 0.605 0.550 0.539 0.524
     31       1.029    0.486 0.874      0.920 0.937 0.945 0.949 0.974 0.997 1.000 0.947 0.919 0.793 0.691 0.662 0.610 0.599 0.586
     32       0.878    0.741 0.672      0.746 0.776 0.791 0.799 0.850 0.921 0.947 1.000 0.997 0.946 0.886 0.867 0.832 0.824 0.815
     33       0.904    0.791 0.611      0.691 0.724 0.740 0.749 0.806 0.888 0.919 0.997 1.000 0.969 0.920 0.904 0.873 0.866 0.858
     34       1.201    0.918 0.396      0.491 0.530 0.551 0.561 0.635 0.746 0.793 0.946 0.969 1.000 0.988 0.982 0.966 0.963 0.958
     35       1.791    0.968 0.252      0.353 0.395 0.417 0.429 0.510 0.636 0.691 0.886 0.920 0.988 1.000 0.999 0.994 0.993 0.991
     36       2.092    0.977 0.214      0.316 0.359 0.381 0.393 0.476 0.605 0.662 0.867 0.904 0.982 0.999 1.000 0.998 0.997 0.995
     37       2.999    0.989 0.147      0.251 0.295 0.318 0.330 0.415 0.550 0.610 0.832 0.873 0.966 0.994 0.998 1.000 1.000 1.000
     38       3.284    0.991 0.134      0.238 0.282 0.305 0.318 0.403 0.539 0.599 0.824 0.866 0.963 0.993 0.997 1.000 1.000 1.000
     39       3.747    0.993 0.117      0.222 0.266 0.289 0.302 0.388 0.524 0.586 0.815 0.858 0.958 0.991 0.995 1.000 1.000 1.000

  R CORE   ENERGY   A0R/A00=1.000    R3= 0     2  
   2( 1)    0.732                    1.000 0.000
   2( 2)  487.921                    0.000 1.000

  R CORE   ENERGY   A0R/A00=1.000    R3= 0     2  
   3( 1)  488.652                    0.000 1.000

  R CORE   ENERGY   A0R/A00=1.000    R3= 0     2     4  
   4( 1)    2.438                    1.000 0.000 0.000

  R CORE   ENERGY   A0R/A00=1.000    R3= 0     2     4  
   5( 1)  490.847                    0.000 1.000 0.000

  R CORE   ENERGY   A0R/A00=1.000    R3= 0     2     4     6  
   6( 1)    5.121                    1.000 0.000 0.000 0.000

  R CORE   ENERGY   A0R/A00=1.000    R3= 0     2     4     6  
   7( 1)  494.017                    0.000 1.000 0.000 0.000

          AXIAL SYMMETRY => K RESTRICTED TO OMEGA

                     K
     S.P. ORB#: 25 -5.50
     S.P. ORB#: 26  2.50
     S.P. ORB#: 27  0.50
     S.P. ORB#: 28 -3.50
     S.P. ORB#: 29 -1.50
     S.P. ORB#: 30  0.50
     S.P. ORB#: 31 -1.50
     S.P. ORB#: 32  2.50
     S.P. ORB#: 33 -3.50
     S.P. ORB#: 34  4.50
     S.P. ORB#: 35  0.50
     S.P. ORB#: 36 -3.50
     S.P. ORB#: 37 -1.50
     S.P. ORB#: 38  2.50
     S.P. ORB#: 39  0.50
 

             ENERGY    K= OMEGA
 
 I=  1/2- (1)  2.430  30: 1.000
 
 I=  1/2- (2)  4.768  27:-0.201
                      35: 0.905
                      39:-0.374
 
 I=  1/2- (3)  7.537  27:-0.436
                      35: 0.259
                      39: 0.862
 
 I=  1/2- (4)  9.207  27: 0.877
                      35: 0.336
                      39: 0.342
 
 I=  1/2- (5)147.332  31: 1.000

             ENERGY    K= OMEGA
 
 I=  3/2- (1)  2.320  30:-0.441
                      31: 0.897
 
 I=  3/2- (2)  2.683  30: 0.859
                      31: 0.429
                      37: 0.281

             ENERGY    K= OMEGA
 
 I=  5/2- (1)  2.766  30: 0.396
                      31: 0.868
                      37:-0.097
                      38:-0.280
 
 I=  5/2- (2)  3.386  26:-0.058
                      30: 0.807
                      31:-0.385
                      37:-0.434
                      38: 0.092
 
 I=  5/2- (3)  4.017  26:-0.092
                      30:-0.245
                      31:-0.202
                      37:-0.442
                      38:-0.834
 
 I=  5/2- (4)  4.555  26:-0.312
                      30:-0.346
                      31: 0.238
                      37:-0.718
                      38: 0.459
 
 I=  5/2- (5)  4.745  26: 0.943
                      30:-0.103
                      37:-0.304
                      38: 0.086

             ENERGY    K= OMEGA
 
 I=  7/2- (1)  1.756  26:-0.168
                      33: 0.984
 
 I=  7/2- (2)  3.339  30:-0.549
                      31: 0.741
                      37:-0.201
                      38: 0.328
 
 I=  7/2- (3)  3.896  27: 0.651
                      29: 0.586
                      32: 0.440
                      36: 0.195
 
 I=  7/2- (4)  4.038  26:-0.072
                      30: 0.715
                      31: 0.531
                      37: 0.387
                      38: 0.226
 
 I=  7/2- (5)  4.251  26:-0.200
                      28:-0.966
                      30:-0.051
                      31: 0.064
                      37: 0.057
                      38:-0.128

             ENERGY    K= OMEGA
 
 I=  9/2- (1)  2.123  26: 0.085
                      28:-0.166
                      33: 0.326
                      34: 0.927
 
 I=  9/2- (2)  2.789  26:-0.226
                      28:-0.096
                      33:-0.911
                      34: 0.325
 
 I=  9/2- (3)  4.287  30:-0.437
                      31:-0.766
                      33: 0.054
                      37: 0.222
                      38: 0.411
 
 I=  9/2- (4)  4.691  27: 0.212
                      29:-0.549
                      32: 0.685
                      36:-0.429
 
 I=  9/2- (5)  5.249  26: 0.130
                      28:-0.123
                      30:-0.669
                      31: 0.457
                      33:-0.055
                      37: 0.535
                      38:-0.150

             ENERGY    K= OMEGA
 
 I= 11/2- (1)  3.250  26:-0.138
                      28:-0.225
                      33: 0.420
                      34:-0.868
 
 I= 11/2- (2)  3.295  27: 0.635
                      29: 0.583
                      32: 0.445
                      35: 0.080
                      36: 0.227
 
 I= 11/2- (3)  4.050  26: 0.264
                      28:-0.143
                      31:-0.058
                      33:-0.852
                      34:-0.418
                      38:-0.067
 
 I= 11/2- (4)  5.285  30: 0.561
                      31:-0.667
                      33: 0.068
                      37: 0.287
                      38:-0.389
 
 I= 11/2- (5)  5.499  25: 0.999

             ENERGY    K= OMEGA
 
 I= 13/2- (1)  4.603  26: 0.182
                      28:-0.264
                      33: 0.474
                      34: 0.819
 
 I= 13/2- (2)  5.193  27:-0.215
                      29: 0.552
                      32:-0.675
                      36: 0.438
 
 I= 13/2- (3)  5.542  26:-0.290
                      28:-0.183
                      31:-0.080
                      33:-0.803
                      34: 0.471
                      38: 0.087
 
 I= 13/2- (4)  6.753  30:-0.447
                      31:-0.703
                      33: 0.094
                      34:-0.053
                      37: 0.292
                      38: 0.455
 
 I= 13/2- (5)  7.086  25: 0.998

             ENERGY     K= 1/2
  32 LEVELS    TIME=  0.0 SEC



 ******************* EXCITATION ENERGIES, DOMINANT CONFIGURATION AND EXPECTATION VALUES (WITH S.P. UU+VV FACTORS) *******************

  NR  Eex(keV)  I   Kdom  NY    <Jz>  <Jx**2> <Jy**2> <Jz**2> <I.j>/|I|  <Rx**2> <Ry**2> <Rz**2> <R.j>/|R|  <HROTx> <HROTy> <HROTz>

   1    0.0   7/2-  -7/2  33   -3.33    2.31    2.31   12.07    3.27       3.24    3.24    0.00   -1.46      0.395   0.395   0.000
   2  366.5   9/2-   9/2  34    3.42    2.50    2.50   19.08    4.16       3.73    3.73   -0.00   -1.24      0.455   0.455  -0.000
   3  563.8   3/2-  -3/2  31   -1.11    4.89    4.89    1.86    1.29       5.20    5.20    0.00   -2.84      0.634   0.634   0.000
   4  674.2   1/2-   1/2  30    0.50    4.87    4.87    0.25    0.11       5.27    5.27    0.00   -3.05      0.643   0.643   0.000
   5  926.5   3/2-   1/2  30   -0.03    4.54    4.54    0.78    0.52       5.79    5.79    0.00   -2.60      0.706   0.706   0.000
  
   6 1010.1   5/2-  -3/2  31   -0.87    4.68    4.68    2.25    1.33       6.24    6.24    0.00   -2.17      0.761   0.761   0.000
   7 1032.9   9/2-  -7/2  33   -2.33    2.38    2.38   12.76    2.82       7.10    7.10    0.00   -0.92      0.866   0.866   0.000
   8 1493.3  11/2-   9/2  34    2.64    2.68    2.68   18.17    3.58       8.23    8.23   -0.00   -0.52      1.004   1.004  -0.000
   9 1538.5  11/2-   1/2  27    0.01   23.53   23.53    2.74    6.18       5.81    5.81    0.00   -3.76      0.708   0.708   0.000
  10 1583.3   7/2-  -3/2  31   -0.47    4.54    4.54    2.09    1.37       8.01    8.01    0.00   -1.43      0.976   0.976   0.000
  
  11 1630.1   5/2-   1/2  30   -0.15    4.14    4.14    0.99    0.43       7.73    7.73    0.00   -2.03      0.943   0.943   0.000
  12 2139.4   7/2-   1/2  27    0.05   23.08   23.08    2.56    6.05       8.21    8.21    0.00   -6.09      1.001   1.001   0.000
  13 2260.9   5/2-   5/2  38    1.44    2.09    2.09    4.94    1.62       4.15    4.15    0.00   -1.51      0.506   0.506   0.000
  14 2282.0   7/2-   1/2  30   -0.25    4.10    4.10    1.46    0.59      10.37   10.37    0.00   -1.61      1.265   1.265   0.000
  15 2294.1  11/2-  -7/2  33   -1.65    2.46    2.46   13.18    2.51      11.94   11.94    0.00   -0.64      1.456   1.456   0.000
  
  16 2494.3   7/2-  -7/2  28   -3.14    6.12    6.12   11.81    3.10       7.58    7.58   -0.00   -3.01      0.924   0.924  -0.001
  17 2530.3   9/2-  -3/2  31   -0.45    4.33    4.33    2.59    1.35      11.30   11.30    0.00   -0.96      1.378   1.378   0.000
  18 2798.5   5/2-  -3/2  37   -0.03    2.90    2.90    3.24    0.46       7.53    7.53    0.00   -1.98      0.918   0.918   0.000
  19 2846.4  13/2-   9/2  34    2.07    2.84    2.84   17.44    3.19      13.64   13.64   -0.00   -0.16      1.663   1.663  -0.000
  20 2934.6   9/2-   5/2  32    0.10   23.97   23.97    5.87    5.19      13.46   13.46    0.00   -5.40      1.641   1.641   0.000
  
  21 2988.4   5/2-   5/2  26    2.11    5.62    5.62    5.82    1.83       7.48    7.48    0.00   -3.01      0.911   0.911   0.000
  22 3011.9   1/2-   1/2  35    0.50   11.22   11.22    0.25    0.87      10.96   10.96    0.00   -4.68      1.337   1.337   0.000
  23 3437.0  13/2-   5/2  32    0.03   23.98   23.98    5.90    5.13      15.46   15.46    0.00   -3.24      1.885   1.885   0.000
  24 3493.2   9/2-   1/2  30   -0.48    3.76    3.76    1.70    0.53      14.36   14.36    0.00   -1.23      1.751   1.751   0.000
  25 3528.8  11/2-  -3/2  31   -0.27    4.29    4.29    2.30    1.35      15.23   15.23    0.00   -0.51      1.857   1.857   0.000
  
  26 3742.9  11/2- -11/2  25   -5.49    2.75    2.75   30.23    5.05       5.52    5.52    0.00   -1.66      0.673   0.673   0.000
  27 3785.9  13/2-  -7/2  33   -1.16    2.55    2.55   13.43    2.27      17.76   17.76    0.00   -0.44      2.165   2.165   0.000
  28 4996.4  13/2-  -3/2  31   -0.27    4.11    4.11    2.84    1.31      20.76   20.76    0.00   -0.30      2.531   2.531   0.000
  29 5329.7  13/2- -11/2  25   -5.48    2.75    2.75   30.20    4.32      12.05   12.05    0.00   -1.13      1.469   1.469   0.000
  30 5780.7   1/2-   1/2  39    0.50   16.00   16.00    0.25   -0.60      17.02   17.02    0.00   -5.62      2.075   2.075   0.000
  
  31 7450.8   1/2-   1/2  27    0.50   23.69   23.69    0.25   -3.37      27.11   27.11    0.00   -6.86      3.305   3.305   0.000
  32*******   1/2-  -3/2  31    0.00    0.00    0.00    0.00    0.00       0.00    0.00    0.00   -0.00      0.000   0.000   0.000
