1SPECTRUM OF (Z= 82 A=207) IN PARTICLE-ROTOR  MODEL WITH MODIFIED OSCILLATOR POTENTIAL


 PARITY=-   EPS= 0.274   GAMMA=  0.0   EPS4=0.000   EPS6=0.000   LEVELS:  24  25  26  27  28  29  30  31  32  33  34  35  36  37  38

 PAIRING FACTORS: GN0= 19.20  GN1=  7.40  IPAIR= 15 ***  E2PLUS(INPUT)=   0.730  E2PLUR(INPUT)=   0.000

 CORIOLIS ATTENUATION PARAMETERS:  CHSI=1.000  ETA=  1.00

 MOMENT OF INERTIA PARAMETERS:   A1=  0.122 MEV   A2=  0.122 MEV   A3=121.91924 MEV


 DELTA=0.947 MEV  LAMBDA=53.3253 MEV   HW0= 7.4777 MEV   LAMBDA/HW0= 7.1313

 E2ENERGY=0.730 MEV  HBAR**2/B=13921./A**(7/3)=2353.2/A**2 MEV

 IREC=0  =>  RECOIL TERMS j+j-, j+j+, jzjz, ETC TREATED AS ONE-BODY OPERATORS WITH UU+VV PAIRING FACTORS



 S. P. LEVEL   EQP       U     V        (UU + VV)**1.00

     24       5.075    0.094 0.996      1.000 1.000 0.999 0.998 0.978 0.974 0.970 0.926 0.844 0.658 0.406 0.379 0.340 0.278 0.273
     25       4.116    0.116 0.993      1.000 1.000 1.000 0.999 0.982 0.978 0.975 0.934 0.856 0.675 0.426 0.400 0.361 0.299 0.295
     26       3.618    0.132 0.991      0.999 1.000 1.000 1.000 0.985 0.982 0.979 0.940 0.864 0.687 0.441 0.414 0.376 0.315 0.310
     27       3.067    0.156 0.988      0.998 0.999 1.000 1.000 0.989 0.986 0.983 0.948 0.877 0.705 0.462 0.437 0.399 0.338 0.333
     28       1.660    0.299 0.954      0.978 0.982 0.985 0.989 1.000 1.000 0.999 0.984 0.937 0.801 0.587 0.563 0.528 0.472 0.468
     29       1.568    0.319 0.948      0.974 0.978 0.982 0.986 1.000 1.000 1.000 0.988 0.944 0.813 0.604 0.580 0.546 0.490 0.486
     30       1.506    0.334 0.943      0.970 0.975 0.979 0.983 0.999 1.000 1.000 0.990 0.950 0.822 0.616 0.593 0.559 0.504 0.500
     31       1.154    0.463 0.886      0.926 0.934 0.940 0.948 0.984 0.988 0.990 1.000 0.984 0.894 0.721 0.701 0.670 0.620 0.616
     32       0.978    0.612 0.790      0.844 0.856 0.864 0.877 0.937 0.944 0.950 0.984 1.000 0.959 0.832 0.816 0.791 0.749 0.746
     33       0.998    0.811 0.585      0.658 0.675 0.687 0.705 0.801 0.813 0.822 0.894 0.959 1.000 0.955 0.946 0.932 0.906 0.904
     34       1.571    0.948 0.318      0.406 0.426 0.441 0.462 0.587 0.604 0.616 0.721 0.832 0.955 1.000 1.000 0.997 0.991 0.990
     35       1.704    0.957 0.291      0.379 0.400 0.414 0.437 0.563 0.580 0.593 0.701 0.816 0.946 1.000 1.000 0.999 0.994 0.994
     36       1.955    0.968 0.250      0.340 0.361 0.376 0.399 0.528 0.546 0.559 0.670 0.791 0.932 0.997 0.999 1.000 0.998 0.998
     37       2.586    0.982 0.186      0.278 0.299 0.315 0.338 0.472 0.490 0.504 0.620 0.749 0.906 0.991 0.994 0.998 1.000 1.000
     38       2.647    0.983 0.182      0.273 0.295 0.310 0.333 0.468 0.486 0.500 0.616 0.746 0.904 0.990 0.994 0.998 1.000 1.000

  R CORE   ENERGY   A0R/A00=1.000    R3= 0     2  
   2( 1)    0.732                    1.000 0.000
   2( 2)  487.921                    0.000 1.000

  R CORE   ENERGY   A0R/A00=1.000    R3= 0     2  
   3( 1)  488.652                    0.000 1.000

  R CORE   ENERGY   A0R/A00=1.000    R3= 0     2     4  
   4( 1)    2.438                    1.000 0.000 0.000

  R CORE   ENERGY   A0R/A00=1.000    R3= 0     2     4  
   5( 1)  490.847                    0.000 1.000 0.000

  R CORE   ENERGY   A0R/A00=1.000    R3= 0     2     4     6  
   6( 1)    5.121                    1.000 0.000 0.000 0.000

  R CORE   ENERGY   A0R/A00=1.000    R3= 0     2     4     6  
   7( 1)  494.017                    0.000 1.000 0.000 0.000

          AXIAL SYMMETRY => K RESTRICTED TO OMEGA

                     K
     S.P. ORB#: 24  2.50
     S.P. ORB#: 25  0.50
     S.P. ORB#: 26  2.50
     S.P. ORB#: 27 -3.50
     S.P. ORB#: 28  0.50
     S.P. ORB#: 29 -3.50
     S.P. ORB#: 30 -1.50
     S.P. ORB#: 31  4.50
     S.P. ORB#: 32  0.50
     S.P. ORB#: 33 -1.50
     S.P. ORB#: 34  2.50
     S.P. ORB#: 35 -1.50
     S.P. ORB#: 36  2.50
     S.P. ORB#: 37  0.50
     S.P. ORB#: 38 -3.50
 

             ENERGY    K= OMEGA
 
 I=  1/2- (1)  2.811  28:-0.929
                      37:-0.369
 
 I=  1/2- (2)  2.908  25:-0.071
                      28: 0.367
                      37:-0.928
 
 I=  1/2- (3)  5.556  25: 0.997
                      37:-0.060
 
 I=  1/2- (4)  8.164  32:-1.000
 
 I=  1/2- (5)147.302  33:-1.000

             ENERGY    K= OMEGA
 
 I=  3/2- (1)  2.185  25: 0.086
                      28: 0.317
                      30: 0.184
                      35: 0.922
                      37:-0.093
 
 I=  3/2- (2)  2.671  25:-0.083
                      28: 0.263
                      30:-0.951
                      35: 0.115
                      37: 0.084

             ENERGY    K= OMEGA
 
 I=  5/2- (1)  2.336  25:-0.149
                      28: 0.294
                      30: 0.441
                      35:-0.407
                      36:-0.722
                      37: 0.103
 
 I=  5/2- (2)  2.819  25: 0.105
                      26:-0.056
                      28: 0.081
                      30:-0.499
                      35:-0.823
                      36: 0.145
                      37:-0.175
 
 I=  5/2- (3)  2.961  24: 0.059
                      25:-0.210
                      28: 0.484
                      30: 0.437
                      35:-0.188
                      36: 0.651
                      37: 0.259
 
 I=  5/2- (4)  3.736  25:-0.171
                      30: 0.305
                      36: 0.094
                      37:-0.931
 
 I=  5/2- (5)  4.166  24: 0.060
                      25: 0.089
                      28:-0.789
                      30: 0.454
                      35:-0.345
                      36: 0.153
                      37: 0.132

             ENERGY    K= OMEGA
 
 I=  7/2- (1)  2.316  26:-0.219
                      27: 0.083
                      29: 0.969
 
 I=  7/2- (2)  2.993  27:-0.065
                      28: 0.279
                      30:-0.390
                      35: 0.493
                      36:-0.720
 
 I=  7/2- (3)  3.207  32:-0.739
                      33:-0.571
                      34:-0.333
                      38:-0.130
 
 I=  7/2- (4)  3.295  24:-0.068
                      25: 0.275
                      27: 0.052
                      28: 0.475
                      29:-0.072
                      30: 0.502
                      35: 0.559
                      36: 0.282
                      37:-0.204
 
 I=  7/2- (5)  4.144  24:-0.153
                      27: 0.130
                      28:-0.492
                      30: 0.654
                      36:-0.534

             ENERGY    K= OMEGA
 
 I=  9/2- (1)  1.940  24: 0.060
                      26:-0.059
                      27: 0.256
                      29:-0.166
                      31:-0.948
 
 I=  9/2- (2)  3.194  24: 0.084
                      25:-0.090
                      26: 0.286
                      27: 0.136
                      28: 0.102
                      29: 0.891
                      30: 0.198
                      31:-0.123
                      36:-0.152
                      37: 0.053
 
 I=  9/2- (3)  3.403  24:-0.066
                      25: 0.306
                      26: 0.092
                      28:-0.419
                      29: 0.268
                      30:-0.569
                      31:-0.093
                      35: 0.308
                      36: 0.433
                      37:-0.178
 
 I=  9/2- (4)  4.464  32:-0.246
                      33: 0.608
                      34:-0.645
                      38: 0.392
 
 I=  9/2- (5)  4.515  24:-0.094
                      25: 0.199
                      26:-0.051
                      28:-0.068
                      29: 0.071
                      30:-0.417
                      35:-0.705
                      36:-0.426
                      37:-0.294

             ENERGY    K= OMEGA
 
 I= 11/2- (1)  2.358  32:-0.696
                      33:-0.574
                      34:-0.388
                      38:-0.189
 
 I= 11/2- (2)  2.903  24: 0.106
                      26:-0.096
                      27:-0.357
                      29: 0.216
                      31:-0.896
 
 I= 11/2- (3)  4.302  24:-0.111
                      25: 0.055
                      26:-0.344
                      27: 0.173
                      29: 0.877
                      30: 0.156
                      31: 0.157
                      36: 0.121
 
 I= 11/2- (4)  4.884  24:-0.091
                      25: 0.061
                      26: 0.077
                      27: 0.074
                      28:-0.286
                      29:-0.124
                      30: 0.501
                      31:-0.128
                      35:-0.448
                      36: 0.641
 
 I= 11/2- (5)  5.136  24: 0.092
                      25:-0.364
                      28:-0.564
                      29: 0.166
                      30:-0.454
                      31: 0.085
                      35:-0.481
                      36:-0.125
                      37: 0.225

             ENERGY    K= OMEGA
 
 I= 13/2- (1)  4.058  24: 0.151
                      26:-0.123
                      27: 0.427
                      29:-0.239
                      30: 0.075
                      31:-0.844
 
 I= 13/2- (2)  4.603  32:-0.232
                      33: 0.587
                      34:-0.653
                      38: 0.418
 
 I= 13/2- (3)  5.232  24:-0.128
                      25: 0.386
                      26:-0.111
                      27:-0.074
                      28:-0.434
                      29:-0.257
                      30:-0.596
                      31:-0.088
                      35: 0.213
                      36: 0.342
                      37:-0.193
 
 I= 13/2- (4)  5.693  24:-0.085
                      25:-0.116
                      26:-0.373
                      27:-0.175
                      28: 0.169
                      29:-0.828
                      30: 0.121
                      31: 0.217
                      35:-0.162
                      36:-0.067
                      37: 0.057
 
 I= 13/2- (5)  7.194  24:-0.086
                      25: 0.198
                      29: 0.096
                      30:-0.296
                      35:-0.693
                      36:-0.524
                      37:-0.312

             ENERGY     K=-7/2
  32 LEVELS    TIME=  0.0 SEC



 ******************* EXCITATION ENERGIES, DOMINANT CONFIGURATION AND EXPECTATION VALUES (WITH S.P. UU+VV FACTORS) *******************

  NR  Eex(keV)  I   Kdom  NY    <Jz>  <Jx**2> <Jy**2> <Jz**2> <I.j>/|I|  <Rx**2> <Ry**2> <Rz**2> <R.j>/|R|  <HROTx> <HROTy> <HROTz>

   1    0.0   9/2-   9/2  31    3.74    2.67    2.67   19.39    4.46       2.57    2.57    0.00   -1.13      0.313   0.313   0.000
   2  244.8   3/2-  -3/2  35   -1.27    1.90    1.90    2.02    1.48       1.92    1.92    0.00   -1.51      0.234   0.234   0.000
   3  376.0   7/2-  -7/2  29   -3.18    2.28    2.28   11.91    3.41       2.60    2.60   -0.00   -1.30      0.317   0.317  -0.001
   4  396.0   5/2-   5/2  36    0.82    2.85    2.85    4.10    2.47       1.97    1.97    0.00   -1.26      0.240   0.240   0.000
   5  417.5  11/2-   1/2  32   -0.00   25.82   25.82    2.24    6.66       5.02    5.02    0.00   -4.45      0.612   0.612   0.000
  
   6  730.2   3/2-  -3/2  30   -1.33    4.55    4.55    2.08    1.47       4.62    4.62   -0.00   -2.74      0.563   0.563  -0.000
   7  870.5   1/2-   1/2  28    0.50    4.24    4.24    0.25    0.63       4.20    4.20    0.00   -2.83      0.512   0.512   0.000
   8  878.3   5/2-  -3/2  35   -1.30    2.09    2.09    2.26    1.05       4.48    4.48    0.00   -1.11      0.547   0.547   0.000
   9  962.5  11/2-   9/2  31    3.06    3.06    3.06   18.53    4.08       5.82    5.82    0.00   -0.08      0.709   0.709   0.000
  10  967.1   1/2-   1/2  37    0.50    1.71    1.71    0.25    0.47       1.80    1.80    0.00   -1.72      0.219   0.219   0.000
  
  11 1020.8   5/2-   5/2  36    0.90    3.40    3.40    3.27    1.76       4.19    4.19    0.00   -1.67      0.511   0.511   0.000
  12 1053.0   7/2-   5/2  36    0.73    2.59    2.59    4.23    1.95       4.84    4.84    0.00   -0.54      0.590   0.590   0.000
  13 1254.1   9/2-  -7/2  29   -2.54    2.53    2.53   11.04    2.97       5.67    5.67   -0.00   -0.40      0.691   0.691  -0.000
  14 1266.6   7/2-   1/2  32    0.00   25.85   25.85    1.77    6.52       8.73    8.73    0.00   -6.60      1.064   1.064   0.000
  15 1355.0   7/2-  -3/2  35   -0.49    2.96    2.96    1.98    1.54       5.71    5.71    0.00   -0.53      0.696   0.696   0.000
  
  16 1462.6   9/2-  -3/2  30   -0.19    4.13    4.13    3.33    2.45       5.96    5.96   -0.00    0.18      0.726   0.726  -0.000
  17 1795.9   5/2-   1/2  37    0.33    1.69    1.69    0.50    0.46       4.96    4.96    0.00   -0.80      0.604   0.604   0.000
  18 2117.6  13/2-   9/2  31    2.46    3.45    3.45   17.61    3.84       9.83    9.83    0.00    0.52      1.198   1.198   0.000
  19 2203.5   7/2-  -3/2  30    0.19    3.68    3.68    3.17    0.87       9.67    9.67    0.00   -1.61      1.179   1.179   0.000
  20 2225.2   5/2-   1/2  28   -0.10    4.23    4.23    1.06   -0.35      10.16   10.16   -0.00   -2.34      1.239   1.239  -0.000
  
  21 2361.4  11/2-  -7/2  29   -2.36    2.54    2.54   11.26    2.71       9.84    9.84   -0.00   -0.03      1.200   1.200  -0.000
  22 2523.2   9/2-   5/2  34   -0.02   25.66   25.66    5.33    5.73      12.20   12.20    0.00   -5.70      1.487   1.487   0.000
  23 2574.9   9/2-  -3/2  35   -0.48    2.20    2.20    2.82    1.07      10.64   10.64    0.00   -0.41      1.297   1.297   0.000
  24 2663.0  13/2-   5/2  34   -0.04   25.61   25.61    5.60    5.75      12.60   12.60    0.00   -3.31      1.537   1.537   0.000
  25 2944.1  11/2-   5/2  36    0.43    3.11    3.11    4.28    1.75      12.65   12.65    0.00   -0.01      1.543   1.543   0.000
  
  26 3195.4  11/2-   1/2  28   -0.42    3.33    3.33    1.77    1.57      12.69   12.69    0.00    0.19      1.547   1.547   0.000
  27 3291.4  13/2-  -3/2  30   -0.26    4.56    4.56    2.94    2.53      12.76   12.76   -0.00    1.11      1.556   1.556  -0.000
  28 3615.9   1/2-   1/2  25    0.50    6.04    6.04    0.25    0.69       5.95    5.95    0.00   -3.40      0.725   0.725   0.000
  29 3752.9  13/2-  -7/2  29   -1.95    2.75    2.75   10.77    2.46      15.35   15.35   -0.00    0.16      1.872   1.872  -0.000
  30 5253.5  13/2-  -3/2  35   -0.10    2.01    2.01    3.21    0.94      21.46   21.46    0.00   -0.11      2.616   2.616   0.000
  
  31 6223.5   1/2-   1/2  32    0.50   25.69   25.69    0.25   -3.78      29.47   29.47    0.00   -7.15      3.593   3.593   0.000
  32*******   1/2-  -3/2  33    0.00    0.00    0.00    0.00   -0.00       0.00    0.00    0.00   -0.00      0.000   0.000   0.000
