1SPECTRUM OF (Z= 82 A=207) IN PARTICLE-ROTOR  MODEL WITH MODIFIED OSCILLATOR POTENTIAL


 PARITY=-   EPS= 0.177   GAMMA=  0.0   EPS4=0.000   EPS6=0.000   LEVELS:  24  25  26  27  28  29  30  31  32  33  34  35  36  37  38

 PAIRING FACTORS: GN0= 19.20  GN1=  7.40  IPAIR= 15 ***  E2PLUS(INPUT)=   0.730  E2PLUR(INPUT)=   0.000

 CORIOLIS ATTENUATION PARAMETERS:  CHSI=1.000  ETA=  1.00

 MOMENT OF INERTIA PARAMETERS:   A1=  0.122 MEV   A2=  0.122 MEV   A3=121.91922 MEV


 DELTA=0.901 MEV  LAMBDA=53.4484 MEV   HW0= 7.4379 MEV   LAMBDA/HW0= 7.1860

 E2ENERGY=0.730 MEV  HBAR**2/B= 5809./A**(7/3)= 982.0/A**2 MEV

 IREC=0  =>  RECOIL TERMS j+j-, j+j+, jzjz, ETC TREATED AS ONE-BODY OPERATORS WITH UU+VV PAIRING FACTORS



 S. P. LEVEL   EQP       U     V        (UU + VV)**1.00

     24       5.129    0.088 0.996      1.000 1.000 1.000 1.000 0.998 0.995 0.992 0.990 0.799 0.695 0.460 0.363 0.328 0.280 0.237
     25       4.326    0.105 0.995      1.000 1.000 1.000 1.000 0.999 0.996 0.994 0.992 0.809 0.707 0.475 0.379 0.343 0.296 0.253
     26       3.878    0.117 0.993      1.000 1.000 1.000 1.000 0.999 0.997 0.996 0.994 0.816 0.716 0.486 0.390 0.355 0.308 0.265
     27       3.820    0.119 0.993      1.000 1.000 1.000 1.000 0.999 0.997 0.996 0.994 0.817 0.717 0.487 0.392 0.357 0.309 0.267
     28       2.937    0.155 0.988      0.998 0.999 0.999 0.999 1.000 0.999 0.998 0.997 0.838 0.742 0.519 0.425 0.391 0.344 0.302
     29       2.399    0.191 0.982      0.995 0.996 0.997 0.997 0.999 1.000 1.000 0.999 0.857 0.766 0.550 0.458 0.424 0.378 0.337
     30       2.190    0.210 0.978      0.992 0.994 0.996 0.996 0.998 1.000 1.000 1.000 0.867 0.778 0.566 0.475 0.442 0.396 0.355
     31       2.030    0.228 0.974      0.990 0.992 0.994 0.994 0.997 0.999 1.000 1.000 0.876 0.790 0.581 0.491 0.458 0.413 0.372
     32       0.906    0.669 0.743      0.799 0.809 0.816 0.817 0.838 0.857 0.867 0.876 1.000 0.988 0.901 0.850 0.830 0.801 0.773
     33       0.921    0.777 0.629      0.695 0.707 0.716 0.717 0.742 0.766 0.778 0.790 0.988 1.000 0.958 0.922 0.907 0.885 0.863
     34       1.281    0.925 0.380      0.460 0.475 0.486 0.487 0.519 0.550 0.566 0.581 0.901 0.958 1.000 0.994 0.990 0.981 0.972
     35       1.677    0.960 0.280      0.363 0.379 0.390 0.392 0.425 0.458 0.475 0.491 0.850 0.922 0.994 1.000 0.999 0.996 0.991
     36       1.910    0.970 0.243      0.328 0.343 0.355 0.357 0.391 0.424 0.442 0.458 0.830 0.907 0.990 0.999 1.000 0.999 0.996
     37       2.365    0.981 0.194      0.280 0.296 0.308 0.309 0.344 0.378 0.396 0.413 0.801 0.885 0.981 0.996 0.999 1.000 0.999
     38       3.020    0.989 0.151      0.237 0.253 0.265 0.267 0.302 0.337 0.355 0.372 0.773 0.863 0.972 0.991 0.996 0.999 1.000

  R CORE   ENERGY   A0R/A00=1.000    R3= 0     2  
   2( 1)    0.732                    1.000 0.000
   2( 2)  487.921                    0.000 1.000

  R CORE   ENERGY   A0R/A00=1.000    R3= 0     2  
   3( 1)  488.652                    0.000 1.000

  R CORE   ENERGY   A0R/A00=1.000    R3= 0     2     4  
   4( 1)    2.438                    1.000 0.000 0.000

  R CORE   ENERGY   A0R/A00=1.000    R3= 0     2     4  
   5( 1)  490.847                    0.000 1.000 0.000

  R CORE   ENERGY   A0R/A00=1.000    R3= 0     2     4     6  
   6( 1)    5.121                    1.000 0.000 0.000 0.000

  R CORE   ENERGY   A0R/A00=1.000    R3= 0     2     4     6  
   7( 1)  494.017                    0.000 1.000 0.000 0.000

          AXIAL SYMMETRY => K RESTRICTED TO OMEGA

                     K
     S.P. ORB#: 24  2.50
     S.P. ORB#: 25  2.50
     S.P. ORB#: 26  0.50
     S.P. ORB#: 27 -3.50
     S.P. ORB#: 28 -3.50
     S.P. ORB#: 29  4.50
     S.P. ORB#: 30  0.50
     S.P. ORB#: 31 -1.50
     S.P. ORB#: 32 -1.50
     S.P. ORB#: 33  2.50
     S.P. ORB#: 34  0.50
     S.P. ORB#: 35  0.50
     S.P. ORB#: 36 -1.50
     S.P. ORB#: 37  2.50
     S.P. ORB#: 38 -3.50
 

             ENERGY    K= OMEGA
 
 I=  1/2- (1)  1.520  26:-0.062
                      34:-0.998
 
 I=  1/2- (2)  3.201  30: 1.000
 
 I=  1/2- (3)  4.998  26: 0.998
                      34:-0.063
 
 I=  1/2- (4)  9.753  35: 1.000
 
 I=  1/2- (5)147.209  32:-1.000

             ENERGY    K= OMEGA
 
 I=  3/2- (1)  1.375  26: 0.050
                      30: 0.193
                      31: 0.113
                      32: 0.969
                      34:-0.087
 
 I=  3/2- (2)  2.179  30: 0.142
                      31: 0.115
                      32:-0.129
                      34:-0.975

             ENERGY    K= OMEGA
 
 I=  5/2- (1)  1.386  30: 0.132
                      31: 0.181
                      32:-0.396
                      33:-0.886
                      34: 0.069
 
 I=  5/2- (2)  1.984  30: 0.231
                      31:-0.165
                      32:-0.874
                      33: 0.389
 
 I=  5/2- (3)  2.200  30: 0.134
                      31: 0.176
                      33: 0.125
                      34: 0.967
 
 I=  5/2- (4)  3.253  24: 0.071
                      26:-0.389
                      30: 0.451
                      31: 0.741
                      32: 0.074
                      33: 0.187
                      34:-0.226
 
 I=  5/2- (5)  4.537  24: 0.063
                      26: 0.073
                      30:-0.799
                      31: 0.521
                      32:-0.265
                      33: 0.101

             ENERGY    K= OMEGA
 
 I=  7/2- (1)  2.018  30: 0.177
                      31:-0.218
                      32: 0.489
                      33:-0.824
 
 I=  7/2- (2)  2.622  25:-0.068
                      26:-0.177
                      28: 0.063
                      30:-0.352
                      31:-0.299
                      32:-0.722
                      33:-0.427
                      34: 0.206
 
 I=  7/2- (3)  3.644  24:-0.071
                      25: 0.248
                      27: 0.148
                      28:-0.936
                      30:-0.078
                      34: 0.164
 
 I=  7/2- (4)  3.793  26: 0.072
                      28:-0.162
                      30: 0.122
                      31: 0.215
                      32:-0.311
                      33:-0.209
                      34:-0.874
 
 I=  7/2- (5)  4.095  35: 0.720
                      36: 0.575
                      37: 0.357
                      38: 0.154

             ENERGY    K= OMEGA
 
 I=  9/2- (1)  2.669  26: 0.177
                      27:-0.094
                      29: 0.125
                      30:-0.301
                      31:-0.365
                      32: 0.461
                      33: 0.686
                      34:-0.187
 
 I=  9/2- (2)  3.110  24: 0.072
                      25: 0.073
                      27: 0.284
                      28: 0.182
                      29:-0.923
                      30:-0.060
                      32: 0.086
                      33: 0.091
 
 I=  9/2- (3)  3.785  24:-0.070
                      25: 0.112
                      26: 0.062
                      27:-0.052
                      28: 0.146
                      30: 0.116
                      31:-0.338
                      32:-0.694
                      33: 0.168
                      34:-0.563
 
 I=  9/2- (4)  3.835  25:-0.067
                      26: 0.068
                      28:-0.109
                      30:-0.323
                      32: 0.323
                      33:-0.566
                      34:-0.669
 
 I=  9/2- (5)  4.527  24: 0.130
                      25:-0.302
                      26:-0.103
                      27: 0.187
                      28:-0.859
                      29:-0.129
                      30: 0.157
                      31: 0.055
                      32:-0.122
                      33: 0.186
                      34:-0.124

             ENERGY    K= OMEGA
 
 I= 11/2- (1)  2.923  35: 0.682
                      36: 0.576
                      37: 0.402
                      38: 0.203
 
 I= 11/2- (2)  3.814  24: 0.092
                      25: 0.104
                      27:-0.285
                      28:-0.132
                      29:-0.498
                      30: 0.196
                      31:-0.262
                      32: 0.413
                      33:-0.597
 
 I= 11/2- (3)  4.076  24: 0.093
                      25: 0.068
                      27:-0.285
                      28:-0.187
                      29:-0.709
                      30:-0.196
                      31: 0.137
                      32:-0.371
                      33: 0.413
 
 I= 11/2- (4)  4.565  24:-0.076
                      25: 0.120
                      26: 0.286
                      28:-0.165
                      29:-0.073
                      30: 0.408
                      31: 0.411
                      32: 0.548
                      33: 0.412
                      34:-0.242
 
 I= 11/2- (5)  5.606  24:-0.148
                      25: 0.362
                      26:-0.092
                      27: 0.228
                      28:-0.844
                      29: 0.165
                      30:-0.147
                      31:-0.067
                      33:-0.064
                      34: 0.127

             ENERGY    K= OMEGA
 
 I= 13/2- (1)  4.607  24:-0.106
                      25:-0.080
                      26: 0.271
                      27:-0.213
                      28:-0.076
                      29: 0.262
                      30:-0.367
                      31:-0.437
                      32: 0.388
                      33: 0.517
                      34:-0.214
 
 I= 13/2- (2)  5.124  35:-0.230
                      36: 0.578
                      37:-0.653
                      38: 0.432
 
 I= 13/2- (3)  5.140  24: 0.134
                      25: 0.136
                      26: 0.120
                      27: 0.412
                      28: 0.250
                      29:-0.773
                      30:-0.176
                      31:-0.153
                      32: 0.163
                      33: 0.161
                      34:-0.114
 
 I= 13/2- (4)  6.363  24: 0.147
                      25:-0.220
                      26:-0.105
                      27: 0.119
                      28:-0.319
                      30:-0.095
                      31: 0.331
                      32: 0.651
                      34: 0.509
 
 I= 13/2- (5)  6.497  24: 0.060
                      25:-0.158
                      26: 0.080
                      27: 0.109
                      28:-0.295
                      30:-0.305
                      31: 0.057
                      32: 0.187
                      33:-0.615
                      34:-0.597

             ENERGY     K=-7/2
  32 LEVELS    TIME=  0.0 SEC



 ******************* EXCITATION ENERGIES, DOMINANT CONFIGURATION AND EXPECTATION VALUES (WITH S.P. UU+VV FACTORS) *******************

  NR  Eex(keV)  I   Kdom  NY    <Jz>  <Jx**2> <Jy**2> <Jz**2> <I.j>/|I|  <Rx**2> <Ry**2> <Rz**2> <R.j>/|R|  <HROTx> <HROTy> <HROTz>

   1    0.0   3/2-  -3/2  32   -1.41    1.52    1.52    2.16    1.47       1.63    1.63    0.00   -1.30      0.198   0.198   0.000
   2   11.0   5/2-   5/2  33    1.69    1.79    1.79    5.34    2.44       1.63    1.63    0.00   -0.95      0.198   0.198   0.000
   3  144.5   1/2-   1/2  34    0.50    1.16    1.16    0.25    0.84       0.94    0.94    0.00   -1.35      0.114   0.114   0.000
   4  608.5   5/2-  -3/2  32   -0.78    1.53    1.53    2.75    1.12       3.97    3.97    0.00   -0.89      0.484   0.484   0.000
   5  643.1   7/2-   5/2  33    1.28    1.92    1.92    4.92    2.05       4.11    4.11   -0.00   -0.22      0.501   0.501  -0.000
  
   6  804.1   3/2-   1/2  34    0.44    1.27    1.27    0.31   -0.15       3.59    3.59    0.00   -1.17      0.438   0.438   0.000
   7  824.9   5/2-   1/2  34    0.47    1.48    1.48    0.41    0.82       3.63    3.63    0.00   -0.35      0.442   0.442   0.000
   8 1247.2   7/2-  -3/2  32   -0.37    1.71    1.71    2.66    1.39       5.39    5.39    0.00   -0.17      0.658   0.658   0.000
   9 1293.5   9/2-   5/2  33    0.78    2.78    2.78    4.20    2.38       5.43    5.43    0.00    0.63      0.662   0.662   0.000
  10 1548.3  11/2-   1/2  35   -0.01   28.42   28.42    2.38    7.25       4.11    4.11    0.00   -5.52      0.501   0.501   0.000
  
  11 1734.6   9/2-   9/2  29    3.47    2.77    2.77   18.78    4.45       2.38    2.38   -0.00   -0.99      0.290   0.290  -0.001
  12 1825.4   1/2-   1/2  30    0.50    3.99    3.99    0.25    0.41       4.14    4.14    0.00   -2.74      0.505   0.505   0.000
  13 1878.2   5/2-  -3/2  31   -0.53    3.78    3.78    1.60    1.67       4.01    4.01    0.00   -1.49      0.489   0.489   0.000
  14 2268.5   7/2-  -7/2  28   -2.96    2.26    2.26   11.42    3.33       2.63    2.63    0.00   -1.19      0.320   0.320   0.001
  15 2410.1   9/2-  -3/2  32   -0.70    1.47    1.47    2.00    0.93      10.21   10.21    0.00   -0.07      1.244   1.244   0.000
  
  16 2417.7   7/2-   1/2  34    0.20    1.62    1.62    1.14    0.01      10.04   10.04    0.00   -0.97      1.224   1.224   0.000
  17 2438.4  11/2-   5/2  33    1.37    2.91    2.91    9.12    2.82       8.45    8.45   -0.00    0.47      1.031   1.031  -0.000
  18 2460.1   9/2-   1/2  34    0.89    1.98    1.98    2.58    1.03      10.51   10.51    0.00   -0.31      1.281   1.281   0.000
  19 2701.3  11/2-   9/2  29    2.10    2.66    2.66   13.13    3.17       8.14    8.14   -0.00    0.13      0.992   0.992  -0.000
  20 2720.0   7/2-   1/2  35   -0.00   28.56   28.56    1.96    7.13       9.11    9.11    0.00   -7.21      1.111   1.111   0.000
  
  21 3152.0   9/2-  -7/2  28   -2.28    2.36    2.36   10.74    2.77       6.32    6.32    0.00   -0.47      0.770   0.770   0.000
  22 3162.3   5/2-   1/2  30   -0.16    4.07    4.07    1.02   -0.40      10.14   10.14    0.00   -2.30      1.236   1.236   0.000
  23 3189.9  11/2-  -3/2  32   -0.15    2.14    2.14    2.79    1.63      11.67   11.67    0.00    0.55      1.423   1.423   0.000
  24 3232.2  13/2-   5/2  33    0.46    3.72    3.72    4.63    2.74      11.31   11.31   -0.00    1.48      1.379   1.379  -0.000
  25 3623.1   1/2-   1/2  26    0.50    4.73    4.73    0.25    0.67       4.64    4.64    0.00   -2.99      0.566   0.566   0.000
  
  26 3748.9  13/2-   5/2  37   -0.06   27.29   27.29    5.71    6.15      11.59   11.59    0.00   -3.61      1.413   1.413   0.000
  27 3765.2  13/2-   9/2  29    1.98    3.54    3.54   15.46    3.66      10.12   10.12   -0.00    0.66      1.234   1.234  -0.001
  28 4231.3  11/2-  -7/2  28   -2.15    2.47    2.47   10.91    2.63      10.08   10.08    0.00   -0.03      1.229   1.229   0.000
  29 4988.1  13/2-  -3/2  32   -0.88    1.76    1.76    3.17    1.22      19.22   19.22    0.00    0.29      2.343   2.343   0.000
  30 5122.3  13/2-   5/2  33    0.84    2.10    2.10    3.96    1.14      20.49   20.49    0.00   -0.03      2.498   2.498   0.000
  
  31 8377.9   1/2-   1/2  35    0.50   29.07   29.07    0.25   -4.10      33.12   33.12    0.00   -7.61      4.038   4.038   0.000
  32*******   1/2-  -3/2  32    0.00    0.00    0.00    0.00   -0.00       0.00    0.00    0.00   -0.00      0.000   0.000   0.000
