1SPECTRUM OF (Z= 82 A=207) IN PARTICLE-ROTOR  MODEL WITH MODIFIED OSCILLATOR POTENTIAL


 PARITY=-   EPS= 0.259   GAMMA=  0.0   EPS4=0.000   EPS6=0.000   LEVELS:  25  26  27  28  29  30  31  32  33  34  35  36  37  38  39

 PAIRING FACTORS: GN0= 19.20  GN1=  7.40  IPAIR= 15 ***  E2PLUS(INPUT)=   0.730  E2PLUR(INPUT)=   0.000

 CORIOLIS ATTENUATION PARAMETERS:  CHSI=1.000  ETA=  1.00

 MOMENT OF INERTIA PARAMETERS:   A1=  0.122 MEV   A2=  0.122 MEV   A3=121.91921 MEV


 DELTA=0.940 MEV  LAMBDA=53.3718 MEV   HW0= 7.4702 MEV   LAMBDA/HW0= 7.1446

 E2ENERGY=0.730 MEV  HBAR**2/B=12438./A**(7/3)=2102.6/A**2 MEV

 IREC=0  =>  RECOIL TERMS j+j-, j+j+, jzjz, ETC TREATED AS ONE-BODY OPERATORS WITH UU+VV PAIRING FACTORS



 S. P. LEVEL   EQP       U     V        (UU + VV)**1.00

     25       4.126    0.115 0.993      1.000 1.000 0.999 0.987 0.987 0.981 0.962 0.782 0.607 0.443 0.403 0.394 0.317 0.290 0.232
     26       3.766    0.126 0.992      1.000 1.000 1.000 0.989 0.988 0.983 0.965 0.789 0.616 0.453 0.414 0.404 0.327 0.301 0.243
     27       3.217    0.148 0.989      0.999 1.000 1.000 0.992 0.991 0.987 0.970 0.802 0.633 0.473 0.434 0.424 0.348 0.322 0.265
     28       1.793    0.272 0.962      0.987 0.989 0.992 1.000 1.000 0.999 0.993 0.872 0.726 0.581 0.545 0.536 0.465 0.440 0.385
     29       1.774    0.276 0.961      0.987 0.988 0.991 1.000 1.000 1.000 0.994 0.873 0.729 0.584 0.548 0.539 0.468 0.443 0.388
     30       1.615    0.306 0.952      0.981 0.983 0.987 0.999 1.000 1.000 0.997 0.888 0.750 0.609 0.574 0.565 0.495 0.471 0.417
     31       1.329    0.383 0.924      0.962 0.965 0.970 0.993 0.994 0.997 1.000 0.923 0.802 0.672 0.639 0.631 0.565 0.542 0.490
     32       0.940    0.709 0.705      0.782 0.789 0.802 0.872 0.873 0.888 0.923 1.000 0.970 0.905 0.886 0.881 0.839 0.823 0.788
     33       1.070    0.859 0.511      0.607 0.616 0.633 0.726 0.729 0.750 0.802 0.970 1.000 0.981 0.972 0.970 0.946 0.937 0.914
     34       1.480    0.941 0.337      0.443 0.453 0.473 0.581 0.584 0.609 0.672 0.905 0.981 1.000 0.999 0.999 0.991 0.986 0.975
     35       1.664    0.955 0.296      0.403 0.414 0.434 0.545 0.548 0.574 0.639 0.886 0.972 0.999 1.000 1.000 0.996 0.993 0.984
     36       1.717    0.958 0.286      0.394 0.404 0.424 0.536 0.539 0.565 0.631 0.881 0.970 0.999 1.000 1.000 0.997 0.994 0.986
     37       2.333    0.979 0.206      0.317 0.327 0.348 0.465 0.468 0.495 0.565 0.839 0.946 0.991 0.996 0.997 1.000 1.000 0.996
     38       2.676    0.984 0.179      0.290 0.301 0.322 0.440 0.443 0.471 0.542 0.823 0.937 0.986 0.993 0.994 1.000 1.000 0.998
     39       3.969    0.993 0.119      0.232 0.243 0.265 0.385 0.388 0.417 0.490 0.788 0.914 0.975 0.984 0.986 0.996 0.998 1.000

  R CORE   ENERGY   A0R/A00=1.000    R3= 0     2  
   2( 1)    0.732                    1.000 0.000
   2( 2)  487.921                    0.000 1.000

  R CORE   ENERGY   A0R/A00=1.000    R3= 0     2  
   3( 1)  488.652                    0.000 1.000

  R CORE   ENERGY   A0R/A00=1.000    R3= 0     2     4  
   4( 1)    2.438                    1.000 0.000 0.000

  R CORE   ENERGY   A0R/A00=1.000    R3= 0     2     4  
   5( 1)  490.847                    0.000 1.000 0.000

  R CORE   ENERGY   A0R/A00=1.000    R3= 0     2     4     6  
   6( 1)    5.121                    1.000 0.000 0.000 0.000

  R CORE   ENERGY   A0R/A00=1.000    R3= 0     2     4     6  
   7( 1)  494.017                    0.000 1.000 0.000 0.000

          AXIAL SYMMETRY => K RESTRICTED TO OMEGA

                     K
     S.P. ORB#: 25  0.50
     S.P. ORB#: 26  2.50
     S.P. ORB#: 27 -3.50
     S.P. ORB#: 28 -3.50
     S.P. ORB#: 29  0.50
     S.P. ORB#: 30 -1.50
     S.P. ORB#: 31  4.50
     S.P. ORB#: 32  0.50
     S.P. ORB#: 33 -1.50
     S.P. ORB#: 34 -1.50
     S.P. ORB#: 35  2.50
     S.P. ORB#: 36  2.50
     S.P. ORB#: 37  0.50
     S.P. ORB#: 38 -3.50
     S.P. ORB#: 39  4.50
 

             ENERGY    K= OMEGA
 
 I=  1/2- (1)  2.630  25:-0.053
                      29:-0.102
                      37:-0.993
 
 I=  1/2- (2)  2.920  29: 0.994
                      37:-0.100
 
 I=  1/2- (3)  5.525  25: 0.998
                      37:-0.057
 
 I=  1/2- (4)  8.279  32:-1.000
 
 I=  1/2- (5)147.373  33:-1.000

             ENERGY    K= OMEGA
 
 I=  3/2- (1)  1.986  25: 0.063
                      29: 0.243
                      30: 0.132
                      34: 0.956
                      37:-0.077
 
 I=  3/2- (2)  2.752  25:-0.099
                      29: 0.189
                      30:-0.959
                      34: 0.103
                      37: 0.157

             ENERGY    K= OMEGA
 
 I=  5/2- (1)  2.162  25: 0.101
                      29:-0.220
                      30:-0.303
                      34: 0.465
                      36: 0.793
                      37:-0.069
 
 I=  5/2- (2)  2.647  29: 0.174
                      30:-0.306
                      34:-0.834
                      36: 0.407
                      37:-0.107
 
 I=  5/2- (3)  2.927  25:-0.234
                      29: 0.451
                      30: 0.600
                      36: 0.418
                      37: 0.454
 
 I=  5/2- (4)  3.522  25:-0.219
                      29: 0.153
                      30: 0.384
                      36: 0.113
                      37:-0.876
 
 I=  5/2- (5)  4.236  25: 0.071
                      29:-0.802
                      30: 0.496
                      34:-0.289
                      36: 0.133
                      37: 0.061

             ENERGY    K= OMEGA
 
 I=  7/2- (1)  2.541  26: 0.223
                      27:-0.073
                      28:-0.968
                      36:-0.075
 
 I=  7/2- (2)  2.811  29:-0.251
                      30: 0.284
                      34:-0.545
                      36: 0.744
 
 I=  7/2- (3)  3.216  32:-0.740
                      33:-0.570
                      35:-0.332
                      38:-0.130
 
 I=  7/2- (4)  3.232  25: 0.241
                      28:-0.085
                      29: 0.421
                      30: 0.441
                      34: 0.595
                      36: 0.412
                      37:-0.197
 
 I=  7/2- (5)  4.222  25:-0.102
                      27: 0.073
                      29: 0.385
                      30:-0.776
                      34: 0.063
                      36: 0.463
                      37: 0.122

             ENERGY    K= OMEGA
 
 I=  9/2- (1)  2.124  26:-0.066
                      27: 0.237
                      28:-0.177
                      31:-0.953
 
 I=  9/2- (2)  3.351  25: 0.275
                      26:-0.060
                      27:-0.051
                      28:-0.226
                      29:-0.387
                      30:-0.514
                      34: 0.358
                      36: 0.543
                      37:-0.172
 
 I=  9/2- (3)  3.448  25:-0.066
                      26:-0.300
                      27:-0.089
                      28:-0.899
                      29: 0.115
                      30: 0.099
                      31: 0.170
                      34:-0.165
                      36:-0.090
 
 I=  9/2- (4)  4.284  32:-0.223
                      33: 0.559
                      35:-0.624
                      38: 0.454
                      39:-0.208
 
 I=  9/2- (5)  4.400  25:-0.238
                      28:-0.064
                      29: 0.148
                      30: 0.465
                      34: 0.658
                      36: 0.331
                      37: 0.392

             ENERGY    K= OMEGA
 
 I= 11/2- (1)  2.237  32: 0.676
                      33: 0.566
                      35: 0.400
                      38: 0.231
                      39: 0.096
 
 I= 11/2- (2)  3.122  26:-0.111
                      27:-0.317
                      28: 0.245
                      31:-0.909
 
 I= 11/2- (3)  4.564  26: 0.353
                      27:-0.131
                      28:-0.875
                      30:-0.112
                      31:-0.230
                      34:-0.071
                      36:-0.130
 
 I= 11/2- (4)  4.755  26: 0.056
                      29:-0.337
                      30: 0.350
                      31:-0.066
                      34:-0.560
                      36: 0.663
 
 I= 11/2- (5)  5.159  25:-0.358
                      28: 0.177
                      29:-0.490
                      30:-0.508
                      34:-0.420
                      36:-0.330
                      37: 0.232

             ENERGY    K= OMEGA
 
 I= 13/2- (1)  4.006  32:-0.192
                      33: 0.501
                      35:-0.611
                      38: 0.511
                      39:-0.279
 
 I= 13/2- (2)  4.340  26:-0.149
                      27: 0.367
                      28:-0.291
                      31:-0.869
 
 I= 13/2- (3)  5.306  25:-0.391
                      28: 0.061
                      29: 0.463
                      30: 0.572
                      34:-0.301
                      36:-0.408
                      37: 0.208
 
 I= 13/2- (4)  5.940  26:-0.392
                      27:-0.157
                      28:-0.848
                      29: 0.056
                      31: 0.289
                      34:-0.119
 
 I= 13/2- (5)  7.033  25:-0.237
                      27:-0.059
                      28:-0.081
                      29: 0.131
                      30: 0.308
                      34: 0.632
                      36: 0.521
                      37: 0.383

             ENERGY     K= 9/2
  32 LEVELS    TIME=  0.0 SEC



 ******************* EXCITATION ENERGIES, DOMINANT CONFIGURATION AND EXPECTATION VALUES (WITH S.P. UU+VV FACTORS) *******************

  NR  Eex(keV)  I   Kdom  NY    <Jz>  <Jx**2> <Jy**2> <Jz**2> <I.j>/|I|  <Rx**2> <Ry**2> <Rz**2> <R.j>/|R|  <HROTx> <HROTy> <HROTz>

   1    0.0   3/2-  -3/2  34   -1.36    1.76    1.76    2.11    1.42       1.93    1.93   -0.00   -1.46      0.235   0.235  -0.000
   2  138.1   9/2-   9/2  31    3.79    2.60    2.60   19.48    4.42       2.72    2.72   -0.00   -1.15      0.332   0.332  -0.001
   3  176.2   5/2-   5/2  36    1.14    2.30    2.30    4.64    2.38       1.95    1.95    0.00   -1.11      0.238   0.238   0.000
   4  251.3  11/2-   1/2  32    0.00   26.17   26.17    2.68    6.89       4.18    4.18   -0.00   -4.78      0.509   0.509  -0.000
   5  555.1   7/2-  -7/2  28   -3.16    2.31    2.31   11.89    3.40       2.64    2.64    0.00   -1.31      0.321   0.321   0.000
  
   6  644.0   1/2-   1/2  37    0.50    1.46    1.46    0.25    0.86       1.22    1.22    0.00   -1.56      0.149   0.149   0.000
   7  660.9   5/2-  -3/2  34   -0.74    1.76    1.76    2.83    1.05       4.46    4.46    0.00   -1.09      0.544   0.544   0.000
   8  766.4   3/2-  -3/2  30   -1.36    4.44    4.44    2.11    1.49       4.47    4.47   -0.00   -2.70      0.545   0.545  -0.000
   9  824.8   7/2-   5/2  36    0.84    2.24    2.24    4.38    1.90       4.77    4.77    0.00   -0.43      0.581   0.581   0.000
  10  934.2   1/2-   1/2  29    0.50    4.38    4.38    0.25    0.26       4.66    4.66    0.00   -2.88      0.568   0.568   0.000
  
  11  941.0   5/2-  -3/2  30    0.13    3.79    3.79    2.02    1.75       4.00    4.00    0.00   -1.56      0.488   0.488   0.000
  12 1136.1  11/2-   9/2  31    3.19    2.87    2.87   18.77    3.98       6.34    6.34   -0.00   -0.20      0.773   0.773  -0.000
  13 1230.0   7/2-   1/2  32    0.00   26.31   26.31    1.76    6.64       8.71    8.71   -0.00   -6.71      1.062   1.062  -0.000
  14 1246.0   7/2-  -3/2  34   -0.29    2.52    2.52    2.46    1.44       5.92    5.92    0.00   -0.52      0.721   0.721   0.000
  15 1365.8   9/2-   5/2  36    0.10    3.59    3.59    3.48    2.35       6.02    6.02    0.00    0.30      0.734   0.734   0.000
  
  16 1462.1   9/2-  -7/2  28   -2.53    2.54    2.54   11.29    2.91       6.07    6.07    0.00   -0.54      0.740   0.740   0.000
  17 1536.3   5/2-   1/2  37    0.23    1.88    1.88    0.63    0.51       5.05    5.05    0.00   -0.90      0.616   0.616   0.000
  18 2019.9  13/2-   5/2  35    0.01   25.26   25.26    7.68    6.44       8.50    8.50    0.00   -3.21      1.037   1.037   0.000
  19 2236.2   7/2-  -3/2  30   -0.30    3.92    3.92    2.82    0.73      10.31   10.31    0.00   -1.71      1.257   1.257   0.000
  20 2249.9   5/2-   1/2  29   -0.12    4.31    4.31    1.02   -0.37      10.30   10.30    0.00   -2.37      1.256   1.256   0.000
  
  21 2298.1   9/2-   5/2  35    0.00   25.58   25.58    6.54    6.20      10.39   10.39   -0.00   -5.89      1.267   1.267  -0.000
  22 2354.1  13/2-   9/2  31    2.69    3.10    3.10   18.14    3.67      10.92   10.92   -0.00    0.28      1.331   1.331  -0.000
  23 2414.3   9/2-  -3/2  34   -0.60    2.45    2.45    2.30    1.10      10.53   10.53    0.00   -0.38      1.284   1.284   0.000
  24 2577.9  11/2-  -7/2  28   -2.17    2.56    2.56   11.59    2.66      10.35   10.35    0.00   -0.18      1.262   1.262   0.000
  25 2769.4  11/2-   5/2  36    0.52    2.53    2.53    3.90    1.60      12.76   12.76    0.00    0.13      1.556   1.556   0.000
  
  26 3173.5  11/2-  -3/2  30   -0.27    3.11    3.11    2.20    1.53      12.92   12.92    0.00    0.14      1.576   1.576   0.000
  27 3319.8  13/2-  -3/2  30   -0.01    4.40    4.40    2.15    2.38      13.27   13.27    0.00    1.09      1.617   1.617   0.000
  28 3539.4   1/2-   1/2  25    0.50    5.88    5.88    0.25    0.69       5.78    5.78    0.00   -3.35      0.704   0.704   0.000
  29 3954.3  13/2-  -7/2  28   -1.86    2.65    2.65   11.80    2.45      15.79   15.79    0.00    0.01      1.925   1.925   0.000
  30 5047.2  13/2-  -3/2  34    0.02    2.21    2.21    3.04    0.98      21.26   21.26    0.00   -0.09      2.592   2.592   0.000
  
  31 6292.8   1/2-   1/2  32    0.50   26.27   26.27    0.25   -3.84      30.10   30.10   -0.00   -7.23      3.669   3.669  -0.000
  32*******   1/2-  -3/2  33    0.00    0.00    0.00    0.00   -0.00       0.00    0.00   -0.00   -0.00      0.000   0.000  -0.000
