1SPECTRUM OF (Z= 82 A=207) IN PARTICLE-ROTOR  MODEL WITH MODIFIED OSCILLATOR POTENTIAL


 PARITY=-   EPS= 0.257   GAMMA=  0.0   EPS4=0.000   EPS6=0.000   LEVELS:  24  25  26  27  28  29  30  31  32  33  34  35  36  37  38

 PAIRING FACTORS: GN0= 19.20  GN1=  7.40  IPAIR= 15 ***  E2PLUS(INPUT)=   0.730  E2PLUR(INPUT)=   0.000

 CORIOLIS ATTENUATION PARAMETERS:  CHSI=1.000  ETA=  1.00

 MOMENT OF INERTIA PARAMETERS:   A1=  0.122 MEV   A2=  0.122 MEV   A3=121.91924 MEV


 DELTA=0.939 MEV  LAMBDA=53.3787 MEV   HW0= 7.4693 MEV   LAMBDA/HW0= 7.1464

 E2ENERGY=0.730 MEV  HBAR**2/B=12247./A**(7/3)=2070.3/A**2 MEV

 IREC=0  =>  RECOIL TERMS j+j-, j+j+, jzjz, ETC TREATED AS ONE-BODY OPERATORS WITH UU+VV PAIRING FACTORS



 S. P. LEVEL   EQP       U     V        (UU + VV)**1.00

     24       5.124    0.092 0.996      1.000 1.000 0.999 0.998 0.984 0.983 0.977 0.958 0.757 0.580 0.430 0.380 0.378 0.298 0.268
     25       4.128    0.115 0.993      1.000 1.000 1.000 0.999 0.988 0.987 0.982 0.964 0.771 0.598 0.450 0.401 0.399 0.320 0.290
     26       3.786    0.125 0.992      0.999 1.000 1.000 1.000 0.990 0.989 0.984 0.967 0.778 0.607 0.459 0.410 0.409 0.330 0.300
     27       3.238    0.147 0.989      0.998 0.999 1.000 1.000 0.992 0.992 0.987 0.972 0.791 0.624 0.479 0.430 0.428 0.350 0.321
     28       1.825    0.267 0.964      0.984 0.988 0.990 0.992 1.000 1.000 0.999 0.994 0.861 0.715 0.583 0.538 0.536 0.463 0.435
     29       1.790    0.273 0.962      0.983 0.987 0.989 0.992 1.000 1.000 1.000 0.994 0.864 0.719 0.588 0.543 0.541 0.468 0.440
     30       1.631    0.302 0.953      0.977 0.982 0.984 0.987 0.999 1.000 1.000 0.997 0.879 0.740 0.612 0.568 0.567 0.495 0.467
     31       1.355    0.374 0.928      0.958 0.964 0.967 0.972 0.994 0.994 0.997 1.000 0.912 0.789 0.671 0.629 0.628 0.559 0.533
     32       0.940    0.721 0.693      0.757 0.771 0.778 0.791 0.861 0.864 0.879 0.912 1.000 0.971 0.916 0.892 0.891 0.850 0.833
     33       1.081    0.865 0.503      0.580 0.598 0.607 0.624 0.715 0.719 0.740 0.789 0.971 1.000 0.985 0.974 0.973 0.950 0.940
     34       1.451    0.939 0.345      0.430 0.450 0.459 0.479 0.583 0.588 0.612 0.671 0.916 0.985 1.000 0.999 0.998 0.990 0.985
     35       1.676    0.956 0.293      0.380 0.401 0.410 0.430 0.538 0.543 0.568 0.629 0.892 0.974 0.999 1.000 1.000 0.996 0.993
     36       1.686    0.957 0.291      0.378 0.399 0.409 0.428 0.536 0.541 0.567 0.628 0.891 0.973 0.998 1.000 1.000 0.996 0.993
     37       2.299    0.978 0.209      0.298 0.320 0.330 0.350 0.463 0.468 0.495 0.559 0.850 0.950 0.990 0.996 0.996 1.000 1.000
     38       2.679    0.984 0.178      0.268 0.290 0.300 0.321 0.435 0.440 0.467 0.533 0.833 0.940 0.985 0.993 0.993 1.000 1.000

  R CORE   ENERGY   A0R/A00=1.000    R3= 0     2  
   2( 1)    0.732                    1.000 0.000
   2( 2)  487.921                    0.000 1.000

  R CORE   ENERGY   A0R/A00=1.000    R3= 0     2  
   3( 1)  488.652                    0.000 1.000

  R CORE   ENERGY   A0R/A00=1.000    R3= 0     2     4  
   4( 1)    2.438                    1.000 0.000 0.000

  R CORE   ENERGY   A0R/A00=1.000    R3= 0     2     4  
   5( 1)  490.847                    0.000 1.000 0.000

  R CORE   ENERGY   A0R/A00=1.000    R3= 0     2     4     6  
   6( 1)    5.121                    1.000 0.000 0.000 0.000

  R CORE   ENERGY   A0R/A00=1.000    R3= 0     2     4     6  
   7( 1)  494.017                    0.000 1.000 0.000 0.000

          AXIAL SYMMETRY => K RESTRICTED TO OMEGA

                     K
     S.P. ORB#: 24  2.50
     S.P. ORB#: 25  0.50
     S.P. ORB#: 26  2.50
     S.P. ORB#: 27 -3.50
     S.P. ORB#: 28 -3.50
     S.P. ORB#: 29  0.50
     S.P. ORB#: 30 -1.50
     S.P. ORB#: 31  4.50
     S.P. ORB#: 32  0.50
     S.P. ORB#: 33 -1.50
     S.P. ORB#: 34 -1.50
     S.P. ORB#: 35  2.50
     S.P. ORB#: 36  2.50
     S.P. ORB#: 37  0.50
     S.P. ORB#: 38 -3.50
 

             ENERGY    K= OMEGA
 
 I=  1/2- (1)  2.595  25:-0.053
                      29:-0.087
                      37:-0.995
 
 I=  1/2- (2)  2.933  29: 0.995
                      37:-0.084
 
 I=  1/2- (3)  5.521  25: 0.998
                      37:-0.057
 
 I=  1/2- (4)  8.299  32: 1.000
 
 I=  1/2- (5)147.384  33: 1.000

             ENERGY    K= OMEGA
 
 I=  3/2- (1)  1.959  25: 0.061
                      29: 0.237
                      30: 0.127
                      34: 0.958
                      37:-0.075
 
 I=  3/2- (2)  2.763  25:-0.102
                      29: 0.175
                      30:-0.958
                      34: 0.104
                      37: 0.175

             ENERGY    K= OMEGA
 
 I=  5/2- (1)  2.136  25: 0.096
                      29:-0.212
                      30:-0.289
                      34: 0.469
                      36: 0.799
                      37:-0.065
 
 I=  5/2- (2)  2.620  29:-0.171
                      30: 0.303
                      34: 0.833
                      36:-0.412
                      37: 0.107
 
 I=  5/2- (3)  2.903  24: 0.066
                      25:-0.232
                      29: 0.442
                      30: 0.608
                      36: 0.403
                      37: 0.463
 
 I=  5/2- (4)  3.488  25:-0.218
                      29: 0.150
                      30: 0.392
                      36: 0.111
                      37:-0.872
 
 I=  5/2- (5)  4.233  24: 0.062
                      25: 0.079
                      29:-0.810
                      30: 0.483
                      34:-0.287
                      36: 0.123
                      37: 0.062

             ENERGY    K= OMEGA
 
 I=  7/2- (1)  2.562  26:-0.224
                      27: 0.094
                      28: 0.961
                      30: 0.067
                      36: 0.094
 
 I=  7/2- (2)  2.783  28:-0.069
                      29:-0.245
                      30: 0.282
                      34:-0.545
                      36: 0.745
 
 I=  7/2- (3)  3.206  24: 0.052
                      25:-0.238
                      28: 0.110
                      29:-0.408
                      30:-0.449
                      34:-0.601
                      36:-0.398
                      37: 0.196
 
 I=  7/2- (4)  3.220  32:-0.740
                      33:-0.570
                      35:-0.332
                      38:-0.130
 
 I=  7/2- (5)  4.149  24:-0.161
                      25: 0.107
                      27: 0.124
                      29:-0.346
                      30: 0.751
                      34:-0.110
                      36:-0.487
                      37:-0.119

             ENERGY    K= OMEGA
 
 I=  9/2- (1)  2.124  24: 0.063
                      26:-0.060
                      27: 0.263
                      28:-0.163
                      31:-0.946
 
 I=  9/2- (2)  3.305  24:-0.087
                      25: 0.269
                      26:-0.083
                      27:-0.095
                      28:-0.289
                      29:-0.368
                      30:-0.519
                      34: 0.331
                      36: 0.526
                      37:-0.170
 
 I=  9/2- (3)  3.462  25:-0.081
                      26:-0.297
                      27:-0.107
                      28:-0.876
                      29: 0.144
                      30: 0.120
                      31: 0.149
                      34:-0.211
                      36:-0.142
 
 I=  9/2- (4)  4.350  24:-0.093
                      25: 0.227
                      28: 0.103
                      29:-0.123
                      30:-0.467
                      34:-0.666
                      36:-0.334
                      37:-0.373
 
 I=  9/2- (5)  4.493  32:-0.249
                      33: 0.609
                      35:-0.643
                      38: 0.392

             ENERGY    K= OMEGA
 
 I= 11/2- (1)  2.299  32:-0.697
                      33:-0.574
                      35:-0.387
                      38:-0.187
 
 I= 11/2- (2)  3.069  24: 0.109
                      26:-0.097
                      27:-0.365
                      28: 0.212
                      31:-0.893
 
 I= 11/2- (3)  4.514  24:-0.128
                      25: 0.079
                      26:-0.335
                      27: 0.183
                      28: 0.838
                      30: 0.235
                      31: 0.124
                      36: 0.237
 
 I= 11/2- (4)  4.722  26:-0.116
                      28: 0.195
                      29: 0.325
                      30:-0.341
                      31: 0.129
                      34: 0.554
                      36:-0.633
 
 I= 11/2- (5)  5.122  24: 0.082
                      25:-0.347
                      26:-0.061
                      28: 0.257
                      29:-0.480
                      30:-0.493
                      31: 0.112
                      34:-0.443
                      36:-0.262
                      37: 0.227

             ENERGY    K= OMEGA
 
 I= 13/2- (1)  4.206  24: 0.156
                      26:-0.124
                      27: 0.434
                      28:-0.233
                      30: 0.087
                      31:-0.837
                      36:-0.066
 
 I= 13/2- (2)  4.577  32:-0.235
                      33: 0.590
                      35:-0.651
                      38: 0.416
 
 I= 13/2- (3)  5.234  24:-0.104
                      25: 0.380
                      26:-0.067
                      28:-0.168
                      29:-0.438
                      30:-0.577
                      31:-0.131
                      34: 0.270
                      36: 0.393
                      37:-0.203
 
 I= 13/2- (4)  5.889  24:-0.114
                      25:-0.060
                      26:-0.390
                      27:-0.191
                      28:-0.840
                      29: 0.120
                      31: 0.195
                      34:-0.187
 
 I= 13/2- (5)  6.987  24: 0.078
                      25:-0.224
                      28:-0.124
                      29: 0.099
                      30: 0.317
                      34: 0.648
                      36: 0.513
                      37: 0.366

             ENERGY     K=-7/2
  32 LEVELS    TIME=  0.0 SEC



 ******************* EXCITATION ENERGIES, DOMINANT CONFIGURATION AND EXPECTATION VALUES (WITH S.P. UU+VV FACTORS) *******************

  NR  Eex(keV)  I   Kdom  NY    <Jz>  <Jx**2> <Jy**2> <Jz**2> <I.j>/|I|  <Rx**2> <Ry**2> <Rz**2> <R.j>/|R|  <HROTx> <HROTy> <HROTz>

   1    0.0   3/2-  -3/2  34   -1.37    1.74    1.74    2.12    1.42       1.93    1.93    0.00   -1.46      0.236   0.236   0.000
   2  165.0   9/2-   9/2  31    3.71    2.69    2.69   19.35    4.48       2.47    2.47    0.00   -1.11      0.301   0.301   0.000
   3  176.9   5/2-   5/2  36    1.17    2.24    2.24    4.69    2.37       1.95    1.95    0.00   -1.09      0.238   0.238   0.000
   4  340.6  11/2-   1/2  32   -0.00   26.32   26.32    2.23    6.79       4.68    4.68    0.00   -4.65      0.571   0.571   0.000
   5  602.9   7/2-  -7/2  28   -3.12    2.28    2.28   11.83    3.41       2.55    2.55    0.00   -1.27      0.311   0.311   0.000
  
   6  636.5   1/2-   1/2  37    0.50    1.44    1.44    0.25    0.85       1.21    1.21    0.00   -1.54      0.147   0.147   0.000
   7  661.0   5/2-  -3/2  34   -0.73    1.76    1.76    2.86    1.05       4.44    4.44    0.00   -1.09      0.541   0.541   0.000
   8  804.3   3/2-  -3/2  30   -1.36    4.41    4.41    2.11    1.50       4.44    4.44    0.00   -2.69      0.542   0.542   0.000
   9  824.1   7/2-   5/2  36    0.83    2.25    2.25    4.42    1.91       4.74    4.74    0.00   -0.43      0.578   0.578   0.000
  10  943.7   5/2-  -3/2  30    0.10    3.78    3.78    1.99    1.79       3.85    3.85    0.00   -1.53      0.469   0.469   0.000
  
  11  973.7   1/2-   1/2  29    0.50    4.39    4.39    0.25    0.27       4.65    4.65    0.00   -2.88      0.567   0.567   0.000
  12 1110.4  11/2-   9/2  31    3.02    3.10    3.10   18.46    4.11       5.63    5.63    0.00   -0.02      0.686   0.686   0.000
  13 1247.7   7/2-  -3/2  34   -0.36    2.55    2.55    2.51    1.47       5.84    5.84    0.00   -0.52      0.712   0.712   0.000
  14 1261.6   7/2-   1/2  32    0.00   26.37   26.37    1.76    6.66       8.71    8.71    0.00   -6.73      1.062   1.062   0.000
  15 1346.2   9/2-   5/2  36   -0.05    3.63    3.63    3.87    2.47       5.68    5.68    0.00    0.33      0.693   0.693   0.000
  
  16 1502.8   9/2-  -7/2  28   -2.42    2.52    2.52   10.82    2.88       5.98    5.98   -0.00   -0.44      0.729   0.729  -0.000
  17 1529.3   5/2-   1/2  37    0.22    1.90    1.90    0.65    0.54       5.00    5.00    0.00   -0.90      0.610   0.610   0.000
  18 2189.9   7/2-  -3/2  30   -0.19    3.87    3.87    3.17    0.95       9.58    9.58    0.00   -1.64      1.168   1.168   0.000
  19 2246.7  13/2-   9/2  31    2.40    3.51    3.51   17.45    3.87       9.56    9.56    0.00    0.59      1.166   1.166   0.000
  20 2274.1   5/2-   1/2  29   -0.09    4.33    4.33    1.00   -0.33      10.17   10.17    0.00   -2.36      1.240   1.240   0.000
  
  21 2390.7   9/2-  -3/2  34   -0.62    2.39    2.39    2.44    1.13      10.39   10.39    0.00   -0.36      1.266   1.266   0.000
  22 2534.4   9/2-   5/2  35   -0.03   25.98   25.98    5.32    5.83      12.01   12.01    0.00   -5.77      1.465   1.465   0.000
  23 2554.8  11/2-  -7/2  28   -2.12    2.59    2.59   10.60    2.68       9.76    9.76    0.00    0.05      1.189   1.189   0.000
  24 2618.0  13/2-   5/2  35   -0.04   25.92   25.92    5.57    5.86      12.20   12.20    0.00   -3.35      1.487   1.487   0.000
  25 2763.5  11/2-   5/2  36    0.40    2.62    2.62    4.39    1.69      12.59   12.59    0.00    0.09      1.535   1.535   0.000
  
  26 3163.3  11/2-  -3/2  30   -0.44    3.16    3.16    2.65    1.61      12.75   12.75    0.00    0.13      1.555   1.555   0.000
  27 3274.7  13/2-  -3/2  30   -0.02    4.40    4.40    2.78    2.48      12.87   12.87    0.00    1.12      1.570   1.570   0.000
  28 3562.3   1/2-   1/2  25    0.50    5.85    5.85    0.25    0.69       5.75    5.75    0.00   -3.35      0.701   0.701   0.000
  29 3930.5  13/2-  -7/2  28   -2.05    2.63    2.63   10.98    2.48      15.15   15.15    0.00    0.20      1.848   1.848   0.000
  30 5028.6  13/2-  -3/2  34   -0.06    2.11    2.11    3.11    0.98      21.23   21.23   -0.00   -0.08      2.588   2.588  -0.000
  
  31 6339.8   1/2-   1/2  32    0.50   26.35   26.35    0.25   -3.85      30.18   30.18    0.00   -7.24      3.679   3.679   0.000
  32*******   1/2-  -3/2  33    0.00    0.00    0.00    0.00   -0.00       0.00    0.00    0.00   -0.00      0.000   0.000   0.000
