1SPECTRUM OF (Z= 82 A=207) IN PARTICLE-ROTOR  MODEL WITH MODIFIED OSCILLATOR POTENTIAL


 PARITY=-   EPS= 0.253   GAMMA=  0.0   EPS4=0.000   EPS6=0.000   LEVELS:  24  25  26  27  28  29  30  31  32  33  34  35  36  37  38

 PAIRING FACTORS: GN0= 19.20  GN1=  7.40  IPAIR= 15 ***  E2PLUS(INPUT)=   0.730  E2PLUR(INPUT)=   0.000

 CORIOLIS ATTENUATION PARAMETERS:  CHSI=1.000  ETA=  1.00

 MOMENT OF INERTIA PARAMETERS:   A1=  0.122 MEV   A2=  0.122 MEV   A3=121.91922 MEV


 DELTA=0.938 MEV  LAMBDA=53.3929 MEV   HW0= 7.4674 MEV   LAMBDA/HW0= 7.1501

 E2ENERGY=0.730 MEV  HBAR**2/B=11868./A**(7/3)=2006.3/A**2 MEV

 IREC=0  =>  RECOIL TERMS j+j-, j+j+, jzjz, ETC TREATED AS ONE-BODY OPERATORS WITH UU+VV PAIRING FACTORS



 S. P. LEVEL   EQP       U     V        (UU + VV)**1.00

     24       5.136    0.092 0.996      1.000 1.000 0.999 0.999 0.986 0.984 0.978 0.963 0.734 0.564 0.445 0.389 0.375 0.304 0.267
     25       4.131    0.114 0.993      1.000 1.000 1.000 1.000 0.989 0.988 0.983 0.969 0.749 0.582 0.465 0.410 0.396 0.325 0.289
     26       3.826    0.124 0.992      0.999 1.000 1.000 1.000 0.991 0.989 0.985 0.971 0.755 0.590 0.473 0.418 0.404 0.334 0.298
     27       3.279    0.145 0.989      0.999 1.000 1.000 1.000 0.993 0.992 0.988 0.976 0.769 0.607 0.492 0.438 0.424 0.354 0.318
     28       1.889    0.257 0.966      0.986 0.989 0.991 0.993 1.000 1.000 0.999 0.995 0.837 0.694 0.588 0.538 0.525 0.459 0.424
     29       1.822    0.267 0.964      0.984 0.988 0.989 0.992 1.000 1.000 1.000 0.996 0.843 0.701 0.597 0.547 0.534 0.468 0.434
     30       1.662    0.296 0.955      0.978 0.983 0.985 0.988 0.999 1.000 1.000 0.998 0.859 0.722 0.620 0.571 0.558 0.494 0.460
     31       1.410    0.356 0.934      0.963 0.969 0.971 0.976 0.995 0.996 0.998 1.000 0.890 0.765 0.669 0.623 0.610 0.549 0.516
     32       0.943    0.744 0.669      0.734 0.749 0.755 0.769 0.837 0.843 0.859 0.890 1.000 0.975 0.935 0.911 0.905 0.870 0.850
     33       1.105    0.874 0.485      0.564 0.582 0.590 0.607 0.694 0.701 0.722 0.765 0.975 1.000 0.990 0.980 0.977 0.958 0.947
     34       1.395    0.933 0.360      0.445 0.465 0.473 0.492 0.588 0.597 0.620 0.669 0.935 0.990 1.000 0.998 0.997 0.988 0.982
     35       1.624    0.953 0.303      0.389 0.410 0.418 0.438 0.538 0.547 0.571 0.623 0.911 0.980 0.998 1.000 1.000 0.996 0.992
     36       1.700    0.958 0.288      0.375 0.396 0.404 0.424 0.525 0.534 0.558 0.610 0.905 0.977 0.997 1.000 1.000 0.997 0.994
     37       2.232    0.977 0.215      0.304 0.325 0.334 0.354 0.459 0.468 0.494 0.549 0.870 0.958 0.988 0.996 0.997 1.000 0.999
     38       2.686    0.984 0.177      0.267 0.289 0.298 0.318 0.424 0.434 0.460 0.516 0.850 0.947 0.982 0.992 0.994 0.999 1.000

  R CORE   ENERGY   A0R/A00=1.000    R3= 0     2  
   2( 1)    0.732                    1.000 0.000
   2( 2)  487.921                    0.000 1.000

  R CORE   ENERGY   A0R/A00=1.000    R3= 0     2  
   3( 1)  488.652                    0.000 1.000

  R CORE   ENERGY   A0R/A00=1.000    R3= 0     2     4  
   4( 1)    2.438                    1.000 0.000 0.000

  R CORE   ENERGY   A0R/A00=1.000    R3= 0     2     4  
   5( 1)  490.847                    0.000 1.000 0.000

  R CORE   ENERGY   A0R/A00=1.000    R3= 0     2     4     6  
   6( 1)    5.121                    1.000 0.000 0.000 0.000

  R CORE   ENERGY   A0R/A00=1.000    R3= 0     2     4     6  
   7( 1)  494.017                    0.000 1.000 0.000 0.000

          AXIAL SYMMETRY => K RESTRICTED TO OMEGA

                     K
     S.P. ORB#: 24  2.50
     S.P. ORB#: 25  0.50
     S.P. ORB#: 26  2.50
     S.P. ORB#: 27 -3.50
     S.P. ORB#: 28 -3.50
     S.P. ORB#: 29  0.50
     S.P. ORB#: 30 -1.50
     S.P. ORB#: 31  4.50
     S.P. ORB#: 32  0.50
     S.P. ORB#: 33 -1.50
     S.P. ORB#: 34 -1.50
     S.P. ORB#: 35  2.50
     S.P. ORB#: 36  2.50
     S.P. ORB#: 37  0.50
     S.P. ORB#: 38 -3.50
 

             ENERGY    K= OMEGA
 
 I=  1/2- (1)  2.526  25:-0.054
                      29:-0.066
                      37:-0.996
 
 I=  1/2- (2)  2.958  29: 0.997
                      37:-0.063
 
 I=  1/2- (3)  5.513  25: 0.998
                      37:-0.056
 
 I=  1/2- (4)  8.342  32:-1.000
 
 I=  1/2- (5)147.408  33: 1.000

             ENERGY    K= OMEGA
 
 I=  3/2- (1)  1.905  25: 0.057
                      29: 0.224
                      30: 0.120
                      34: 0.963
                      37:-0.073
 
 I=  3/2- (2)  2.784  25:-0.107
                      29: 0.142
                      30:-0.952
                      34: 0.109
                      37: 0.223

             ENERGY    K= OMEGA
 
 I=  5/2- (1)  2.082  25: 0.087
                      29:-0.198
                      30:-0.265
                      34: 0.475
                      35: 0.808
                      37:-0.060
 
 I=  5/2- (2)  2.568  29:-0.177
                      30: 0.275
                      34: 0.832
                      35:-0.433
                      37: 0.098
 
 I=  5/2- (3)  2.893  24: 0.064
                      25:-0.224
                      29: 0.428
                      30: 0.602
                      35: 0.359
                      37: 0.521
 
 I=  5/2- (4)  3.438  25: 0.234
                      29:-0.184
                      30:-0.431
                      35:-0.120
                      37: 0.840
 
 I=  5/2- (5)  4.254  24: 0.063
                      25: 0.078
                      29:-0.812
                      30: 0.487
                      34:-0.277
                      35: 0.118
                      37: 0.054

             ENERGY    K= OMEGA
 
 I=  7/2- (1)  2.622  26:-0.223
                      27: 0.098
                      28: 0.953
                      30: 0.088
                      35: 0.149
 
 I=  7/2- (2)  2.730  26: 0.056
                      28:-0.127
                      29:-0.238
                      30: 0.259
                      34:-0.553
                      35: 0.741
 
 I=  7/2- (3)  3.179  25:-0.228
                      28: 0.127
                      29:-0.395
                      30:-0.431
                      34:-0.612
                      35:-0.418
                      37: 0.193
 
 I=  7/2- (4)  3.232  32: 0.740
                      33: 0.570
                      36: 0.332
                      38: 0.130
 
 I=  7/2- (5)  4.153  24:-0.161
                      25: 0.129
                      27: 0.121
                      29:-0.295
                      30: 0.764
                      34:-0.145
                      35:-0.475
                      37:-0.157

             ENERGY    K= OMEGA
 
 I=  9/2- (1)  2.174  24: 0.064
                      26:-0.061
                      27: 0.265
                      28:-0.163
                      31:-0.945
 
 I=  9/2- (2)  3.287  24: 0.077
                      25:-0.267
                      27: 0.079
                      28: 0.184
                      29: 0.373
                      30: 0.513
                      34:-0.368
                      35:-0.559
                      37: 0.172
 
 I=  9/2- (3)  3.513  24:-0.061
                      26:-0.306
                      27:-0.120
                      28:-0.901
                      29: 0.098
                      31: 0.145
                      34:-0.186
                      35:-0.079
 
 I=  9/2- (4)  4.318  24:-0.092
                      25: 0.230
                      28: 0.116
                      29:-0.128
                      30:-0.476
                      34:-0.659
                      35:-0.300
                      37:-0.395
 
 I=  9/2- (5)  4.506  32:-0.249
                      33: 0.609
                      36:-0.643
                      38: 0.392

             ENERGY    K= OMEGA
 
 I= 11/2- (1)  2.295  32:-0.697
                      33:-0.574
                      36:-0.387
                      38:-0.187
 
 I= 11/2- (2)  3.116  24: 0.110
                      26:-0.098
                      27:-0.367
                      28: 0.212
                      31:-0.891
 
 I= 11/2- (3)  4.559  24:-0.133
                      25: 0.085
                      26:-0.313
                      27: 0.184
                      28: 0.791
                      30: 0.292
                      31: 0.098
                      35: 0.343
 
 I= 11/2- (4)  4.682  26:-0.163
                      28: 0.307
                      29: 0.329
                      30:-0.276
                      31: 0.143
                      34: 0.570
                      35:-0.589
 
 I= 11/2- (5)  5.118  24: 0.074
                      25:-0.339
                      26:-0.075
                      28: 0.290
                      29:-0.464
                      30:-0.487
                      31: 0.118
                      34:-0.437
                      35:-0.284
                      37: 0.226

             ENERGY    K= OMEGA
 
 I= 13/2- (1)  4.248  24: 0.157
                      26:-0.125
                      27: 0.436
                      28:-0.232
                      30: 0.091
                      31:-0.835
                      35:-0.072
 
 I= 13/2- (2)  4.578  32:-0.235
                      33: 0.590
                      36:-0.651
                      38: 0.416
 
 I= 13/2- (3)  5.227  24:-0.097
                      25: 0.375
                      26:-0.060
                      28:-0.154
                      29:-0.436
                      30:-0.569
                      31:-0.141
                      34: 0.284
                      35: 0.406
                      37:-0.204
 
 I= 13/2- (4)  5.939  24:-0.120
                      26:-0.392
                      27:-0.194
                      28:-0.838
                      29: 0.111
                      31: 0.190
                      34:-0.198
 
 I= 13/2- (5)  6.945  24: 0.076
                      25:-0.229
                      28:-0.134
                      29: 0.110
                      30: 0.322
                      34: 0.635
                      35: 0.507
                      37: 0.383

             ENERGY     K=-7/2
  32 LEVELS    TIME=  0.0 SEC



 ******************* EXCITATION ENERGIES, DOMINANT CONFIGURATION AND EXPECTATION VALUES (WITH S.P. UU+VV FACTORS) *******************

  NR  Eex(keV)  I   Kdom  NY    <Jz>  <Jx**2> <Jy**2> <Jz**2> <I.j>/|I|  <Rx**2> <Ry**2> <Rz**2> <R.j>/|R|  <HROTx> <HROTy> <HROTz>

   1    0.0   3/2-  -3/2  34   -1.38    1.72    1.72    2.13    1.41       1.93    1.93   -0.00   -1.45      0.236   0.236  -0.000
   2  177.2   5/2-   5/2  35    1.22    2.16    2.16    4.76    2.35       1.96    1.96    0.00   -1.08      0.239   0.239   0.000
   3  268.9   9/2-   9/2  31    3.70    2.69    2.69   19.34    4.48       2.45    2.45   -0.00   -1.10      0.298   0.298  -0.000
   4  389.5  11/2-   1/2  32   -0.00   26.44   26.44    2.23    6.83       4.61    4.61    0.00   -4.70      0.562   0.562   0.000
   5  621.1   1/2-   1/2  37    0.50    1.42    1.42    0.25    0.84       1.19    1.19    0.00   -1.53      0.145   0.145   0.000
  
   6  663.2   5/2-  -3/2  34   -0.66    1.73    1.73    2.93    1.06       4.43    4.43   -0.00   -1.09      0.541   0.541  -0.000
   7  716.6   7/2-  -7/2  28   -3.04    2.27    2.27   11.72    3.39       2.56    2.56    0.00   -1.24      0.312   0.312   0.000
   8  825.2   7/2-   5/2  35    0.79    2.20    2.20    4.52    1.92       4.71    4.71    0.00   -0.42      0.574   0.574   0.000
   9  879.2   3/2-  -3/2  30   -1.34    4.34    4.34    2.09    1.49       4.37    4.37    0.00   -2.67      0.533   0.533   0.000
  10  987.8   5/2-  -3/2  30    0.04    3.69    3.69    1.77    1.76       3.75    3.75    0.00   -1.44      0.457   0.457   0.000
  
  11 1052.8   1/2-   1/2  29    0.50    4.39    4.39    0.25    0.29       4.64    4.64    0.00   -2.88      0.565   0.565   0.000
  12 1210.7  11/2-   9/2  31    3.00    3.10    3.10   18.44    4.12       5.59    5.59   -0.00   -0.01      0.682   0.682  -0.000
  13 1273.2   7/2-  -3/2  34   -0.34    2.45    2.45    2.64    1.45       5.88    5.88    0.00   -0.52      0.717   0.717   0.000
  14 1327.1   7/2-   1/2  32    0.00   26.49   26.49    1.76    6.69       8.71    8.71    0.00   -6.76      1.062   1.062   0.000
  15 1382.0   9/2-   5/2  35    0.19    3.60    3.60    3.47    2.39       5.81    5.81    0.00    0.36      0.708   0.708   0.000
  
  16 1533.1   5/2-   1/2  37    0.16    2.04    2.04    0.73    0.59       5.03    5.03    0.00   -0.96      0.613   0.613   0.000
  17 1608.0   9/2-  -7/2  28   -2.59    2.43    2.43   11.28    2.93       5.89    5.89    0.00   -0.46      0.718   0.718   0.000
  18 2248.0   7/2-  -3/2  30   -0.27    3.88    3.88    3.15    0.96       9.53    9.53    0.00   -1.63      1.161   1.161   0.000
  19 2342.7  13/2-   9/2  31    2.38    3.52    3.52   17.40    3.88       9.51    9.51   -0.00    0.61      1.159   1.159  -0.000
  20 2348.9   5/2-   1/2  29   -0.09    4.33    4.33    0.98   -0.32      10.16   10.16    0.00   -2.35      1.239   1.239   0.000
  
  21 2412.4   9/2-  -3/2  34   -0.67    2.41    2.41    2.35    1.13      10.33   10.33   -0.00   -0.34      1.259   1.259  -0.000
  22 2600.7   9/2-   5/2  36   -0.03   26.05   26.05    5.32    5.85      11.98   11.98    0.00   -5.78      1.461   1.461   0.000
  23 2654.0  11/2-  -7/2  28   -1.81    2.63    2.63    9.94    2.60       9.91    9.91    0.00    0.08      1.208   1.208   0.000
  24 2672.5  13/2-   5/2  36   -0.04   26.00   26.00    5.56    5.88      12.12   12.12    0.00   -3.36      1.478   1.478   0.000
  25 2776.6  11/2-   5/2  35    0.15    2.51    2.51    4.84    1.74      12.41   12.41    0.00    0.11      1.513   1.513   0.000
  
  26 3212.2  11/2-  -3/2  30   -0.45    3.08    3.08    2.95    1.62      12.77   12.77    0.00    0.11      1.557   1.557   0.000
  27 3322.0  13/2-  -3/2  30    0.03    4.34    4.34    2.82    2.47      12.92   12.92    0.00    1.12      1.575   1.575   0.000
  28 3607.5   1/2-   1/2  25    0.50    5.81    5.81    0.25    0.69       5.70    5.70    0.00   -3.33      0.696   0.696   0.000
  29 4034.0  13/2-  -7/2  28   -2.06    2.61    2.61   10.95    2.48      15.11   15.11    0.00    0.21      1.842   1.842   0.000
  30 5039.8  13/2-  -3/2  34   -0.06    2.13    2.13    3.08    0.99      21.16   21.16   -0.00   -0.07      2.580   2.580  -0.000
  
  31 6436.5   1/2-   1/2  32    0.50   26.50   26.50    0.25   -3.86      30.34   30.34   -0.00   -7.26      3.699   3.699  -0.000
  32*******   1/2-  -3/2  33    0.00    0.00    0.00    0.00   -0.00       0.00    0.00    0.00   -0.00      0.000   0.000   0.000
