1SPECTRUM OF (Z= 82 A=207) IN PARTICLE-ROTOR  MODEL WITH MODIFIED OSCILLATOR POTENTIAL


 PARITY=-   EPS= 0.356   GAMMA=  0.0   EPS4=0.000   EPS6=0.000   LEVELS:  26  27  28  29  30  31  32  33  34  35  36  37  38  39  40

 PAIRING FACTORS: GN0= 19.20  GN1=  7.40  IPAIR= 15 ***  E2PLUS(INPUT)=   0.730  E2PLUR(INPUT)=   0.000

 CORIOLIS ATTENUATION PARAMETERS:  CHSI=1.000  ETA=  1.00

 MOMENT OF INERTIA PARAMETERS:   A1=  0.122 MEV   A2=  0.122 MEV   A3=121.91925 MEV


 DELTA=0.890 MEV  LAMBDA=53.3928 MEV   HW0= 7.5271 MEV   LAMBDA/HW0= 7.0935

 E2ENERGY=0.730 MEV  HBAR**2/B=23499./A**(7/3)=3972.5/A**2 MEV

 IREC=0  =>  RECOIL TERMS j+j-, j+j+, jzjz, ETC TREATED AS ONE-BODY OPERATORS WITH UU+VV PAIRING FACTORS



 S. P. LEVEL   EQP       U     V        (UU + VV)**1.00

     26       3.024    0.149 0.989      1.000 0.999 0.998 0.983 0.966 0.946 0.797 0.706 0.590 0.361 0.351 0.306 0.291 0.266 0.258
     27       2.465    0.184 0.983      0.999 1.000 1.000 0.989 0.974 0.957 0.818 0.731 0.619 0.394 0.384 0.339 0.325 0.300 0.292
     28       2.224    0.205 0.979      0.998 1.000 1.000 0.991 0.979 0.963 0.830 0.745 0.635 0.414 0.404 0.359 0.345 0.320 0.312
     29       1.428    0.330 0.944      0.983 0.989 0.991 1.000 0.997 0.990 0.895 0.826 0.730 0.529 0.519 0.477 0.464 0.441 0.433
     30       1.212    0.401 0.916      0.966 0.974 0.979 0.997 1.000 0.998 0.927 0.866 0.780 0.592 0.583 0.543 0.530 0.508 0.500
     31       1.088    0.461 0.887      0.946 0.957 0.963 0.990 0.998 1.000 0.950 0.898 0.820 0.644 0.636 0.598 0.585 0.564 0.557
     32       0.891    0.716 0.698      0.797 0.818 0.830 0.895 0.927 0.950 1.000 0.991 0.958 0.851 0.846 0.819 0.810 0.794 0.789
     33       0.932    0.805 0.593      0.706 0.731 0.745 0.826 0.866 0.898 0.991 1.000 0.988 0.915 0.911 0.890 0.883 0.870 0.866
     34       1.084    0.886 0.464      0.590 0.619 0.635 0.730 0.780 0.820 0.958 0.988 1.000 0.966 0.963 0.949 0.944 0.935 0.932
     35       2.087    0.976 0.219      0.361 0.394 0.414 0.529 0.592 0.644 0.851 0.915 0.966 1.000 1.000 0.998 0.997 0.995 0.994
     36       2.189    0.978 0.208      0.351 0.384 0.404 0.519 0.583 0.636 0.846 0.911 0.963 1.000 1.000 0.999 0.998 0.996 0.995
     37       2.811    0.987 0.160      0.306 0.339 0.359 0.477 0.543 0.598 0.819 0.890 0.949 0.998 0.999 1.000 1.000 0.999 0.999
     38       3.094    0.989 0.145      0.291 0.325 0.345 0.464 0.530 0.585 0.810 0.883 0.944 0.997 0.998 1.000 1.000 1.000 0.999
     39       3.755    0.993 0.119      0.266 0.300 0.320 0.441 0.508 0.564 0.794 0.870 0.935 0.995 0.996 0.999 1.000 1.000 1.000
     40       4.030    0.994 0.111      0.258 0.292 0.312 0.433 0.500 0.557 0.789 0.866 0.932 0.994 0.995 0.999 0.999 1.000 1.000

  R CORE   ENERGY   A0R/A00=1.000    R3= 0     2  
   2( 1)    0.732                    1.000 0.000
   2( 2)  487.921                    0.000 1.000

  R CORE   ENERGY   A0R/A00=1.000    R3= 0     2  
   3( 1)  488.652                    0.000 1.000

  R CORE   ENERGY   A0R/A00=1.000    R3= 0     2     4  
   4( 1)    2.438                    1.000 0.000 0.000

  R CORE   ENERGY   A0R/A00=1.000    R3= 0     2     4  
   5( 1)  490.847                    0.000 1.000 0.000

  R CORE   ENERGY   A0R/A00=1.000    R3= 0     2     4     6  
   6( 1)    5.121                    1.000 0.000 0.000 0.000

  R CORE   ENERGY   A0R/A00=1.000    R3= 0     2     4     6  
   7( 1)  494.017                    0.000 1.000 0.000 0.000

          AXIAL SYMMETRY => K RESTRICTED TO OMEGA

                     K
     S.P. ORB#: 26  2.50
     S.P. ORB#: 27 -3.50
     S.P. ORB#: 28  0.50
     S.P. ORB#: 29 -1.50
     S.P. ORB#: 30  0.50
     S.P. ORB#: 31 -1.50
     S.P. ORB#: 32 -3.50
     S.P. ORB#: 33  2.50
     S.P. ORB#: 34  4.50
     S.P. ORB#: 35  0.50
     S.P. ORB#: 36 -3.50
     S.P. ORB#: 37 -1.50
     S.P. ORB#: 38  2.50
     S.P. ORB#: 39  0.50
     S.P. ORB#: 40  0.50
 

             ENERGY    K= OMEGA
 
 I=  1/2- (1)  2.479  30: 0.999
 
 I=  1/2- (2)  4.117  39:-0.999
 
 I=  1/2- (3)  5.074  28:-0.222
                      35: 0.899
                      40:-0.377
 
 I=  1/2- (4)  7.677  28:-0.525
                      35: 0.215
                      40: 0.824
 
 I=  1/2- (5)  9.147  28: 0.822
                      35: 0.381
                      40: 0.424

             ENERGY    K= OMEGA
 
 I=  3/2- (1)  2.364  30:-0.411
                      31: 0.911
 
 I=  3/2- (2)  2.669  30:-0.844
                      31:-0.383
                      37:-0.343
                      39: 0.150
 
 I=  3/2- (3)  3.532  30:-0.317
                      31:-0.125
                      37: 0.939
 
 I=  3/2- (4)  4.783  28: 0.480
                      29: 0.162
                      35:-0.857
                      40:-0.100
 
 I=  3/2- (5)  4.819  30:-0.131
                      31:-0.090
                      39:-0.987

             ENERGY    K= OMEGA
 
 I=  5/2- (1)  2.726  30: 0.411
                      31: 0.836
                      37:-0.104
                      38:-0.302
                      39: 0.171
 
 I=  5/2- (2)  3.384  26:-0.061
                      30: 0.750
                      31:-0.401
                      37:-0.513
                      38: 0.096
 
 I=  5/2- (3)  3.815  26: 0.059
                      30: 0.276
                      31: 0.181
                      37: 0.419
                      38: 0.829
                      39: 0.160
 
 I=  5/2- (4)  4.406  26:-0.118
                      30:-0.387
                      31: 0.304
                      37:-0.712
                      38: 0.461
                      39:-0.156
 
 I=  5/2- (5)  4.815  26: 0.980
                      37:-0.116
                      39:-0.157

             ENERGY    K= OMEGA
 
 I=  7/2- (1)  1.723  26:-0.178
                      32: 0.982
 
 I=  7/2- (2)  3.355  30: 0.524
                      31:-0.731
                      37: 0.226
                      38:-0.373
 
 I=  7/2- (3)  3.753  28:-0.680
                      29:-0.584
                      33:-0.404
                      36:-0.178
 
 I=  7/2- (4)  3.903  26: 0.063
                      30:-0.682
                      31:-0.509
                      37:-0.418
                      38:-0.201
                      39: 0.238
 
 I=  7/2- (5)  4.326  26: 0.206
                      27: 0.944
                      30: 0.092
                      31:-0.099
                      37:-0.094
                      38: 0.198

             ENERGY    K= OMEGA
 
 I=  9/2- (1)  1.999  26: 0.082
                      27:-0.173
                      32: 0.293
                      34: 0.937
 
 I=  9/2- (2)  2.725  26: 0.242
                      27: 0.093
                      32: 0.919
                      34:-0.292
 
 I=  9/2- (3)  4.142  30: 0.448
                      31: 0.734
                      32:-0.051
                      37:-0.209
                      38:-0.396
                      39: 0.237
 
 I=  9/2- (4)  4.666  28: 0.217
                      29:-0.553
                      33: 0.677
                      36:-0.434
 
 I=  9/2- (5)  5.230  26:-0.116
                      27: 0.082
                      30: 0.616
                      31:-0.462
                      32: 0.055
                      37:-0.603
                      38: 0.140

             ENERGY    K= OMEGA
 
 I= 11/2- (1)  3.115  26:-0.136
                      27:-0.235
                      32: 0.391
                      34:-0.879
 
 I= 11/2- (2)  3.137  28:-0.655
                      29:-0.581
                      33:-0.424
                      35:-0.070
                      36:-0.220
 
 I= 11/2- (3)  3.959  26:-0.282
                      27: 0.139
                      31: 0.054
                      32: 0.861
                      34: 0.390
                      38: 0.063
 
 I= 11/2- (4)  5.286  30:-0.545
                      31: 0.648
                      32:-0.058
                      37:-0.314
                      38: 0.422
 
 I= 11/2- (5)  6.091  26: 0.059
                      30:-0.612
                      31:-0.535
                      32: 0.071
                      37:-0.415
                      38:-0.269
                      39: 0.291

             ENERGY    K= OMEGA
 
 I= 13/2- (1)  4.454  26: 0.182
                      27:-0.275
                      32: 0.450
                      34: 0.830
 
 I= 13/2- (2)  5.134  28:-0.216
                      29: 0.549
                      33:-0.672
                      36: 0.448
 
 I= 13/2- (3)  5.426  26: 0.308
                      27: 0.180
                      31: 0.080
                      32: 0.810
                      34:-0.450
                      38:-0.083
 
 I= 13/2- (4)  6.510  30: 0.458
                      31: 0.681
                      32:-0.092
                      37:-0.254
                      38:-0.414
                      39: 0.279
 
 I= 13/2- (5)  8.045  26:-0.121
                      27: 0.079
                      30: 0.537
                      31:-0.477
                      32: 0.098
                      37:-0.652
                      38: 0.137
                      39:-0.094

             ENERGY     K= 1/2
  35 LEVELS    TIME=  0.0 SEC



 ******************* EXCITATION ENERGIES, DOMINANT CONFIGURATION AND EXPECTATION VALUES (WITH S.P. UU+VV FACTORS) *******************

  NR  Eex(keV)  I   Kdom  NY    <Jz>  <Jx**2> <Jy**2> <Jz**2> <I.j>/|I|  <Rx**2> <Ry**2> <Rz**2> <R.j>/|R|  <HROTx> <HROTy> <HROTz>

   1    0.0   7/2-  -7/2  32   -3.30    2.31    2.31   12.05    3.30       3.11    3.11    0.00   -1.43      0.379   0.379   0.000
   2  276.2   9/2-   9/2  34    3.56    2.51    2.51   19.23    4.20       3.60    3.60    0.00   -1.25      0.438   0.438   0.000
   3  641.8   3/2-  -3/2  31   -1.16    4.84    4.84    1.91    1.30       5.14    5.14    0.00   -2.82      0.626   0.626   0.000
   4  756.8   1/2-   1/2  30    0.50    4.82    4.82    0.25    0.16       5.18    5.18    0.00   -3.03      0.632   0.632   0.000
   5  946.2   3/2-   1/2  30   -0.03    4.24    4.24    0.78    0.75       5.04    5.04    0.00   -2.45      0.615   0.615   0.000
  
   6 1002.8   9/2-  -7/2  32   -2.45    2.39    2.39   12.55    2.85       6.87    6.87    0.00   -0.85      0.837   0.837   0.000
   7 1003.8   5/2-  -3/2  31   -0.74    4.52    4.52    2.22    1.53       5.48    5.48    0.00   -2.03      0.668   0.668   0.000
   8 1392.7  11/2-   9/2  34    2.80    2.71    2.71   18.32    3.64       7.99    7.99    0.00   -0.50      0.974   0.974   0.000
   9 1414.6  11/2-   1/2  28   -0.01   23.81   23.81    2.58    6.22       5.81    5.81    0.00   -3.83      0.708   0.708   0.000
  10 1632.6   7/2-  -3/2  31   -0.40    4.38    4.38    2.27    1.45       7.65    7.65    0.00   -1.35      0.932   0.932   0.000
  
  11 1661.4   5/2-   1/2  30   -0.32    3.84    3.84    1.17    0.56       7.16    7.16    0.00   -1.91      0.873   0.873   0.000
  12 1809.1   3/2-  -3/2  37   -1.30    2.23    2.23    2.05    0.73       3.72    3.72    0.00   -1.87      0.453   0.453   0.000
  13 2030.6   7/2-   1/2  28    0.02   23.35   23.35    2.30    6.08       8.26    8.26   -0.00   -6.12      1.007   1.007  -0.000
  14 2092.2   5/2-   5/2  38    1.46    2.09    2.09    4.81    1.66       3.95    3.95   -0.00   -1.45      0.481   0.481  -0.000
  15 2180.2   7/2-   1/2  30   -0.28    3.76    3.76    1.39    0.82       9.09    9.09    0.00   -1.33      1.108   1.108   0.000
  
  16 2236.9  11/2-  -7/2  32   -1.77    2.47    2.47   12.93    2.54      11.60   11.60    0.00   -0.55      1.415   1.415   0.000
  17 2394.4   1/2-   1/2  39    0.50    1.61    1.61    0.25    0.70       1.50    1.50    0.00   -1.65      0.183   0.183   0.000
  18 2419.4   9/2-  -3/2  31   -0.36    4.19    4.19    2.40    1.52      10.21   10.21    0.00   -0.71      1.245   1.245   0.000
  19 2603.8   7/2-  -7/2  27   -2.94    5.96    5.96   11.47    3.03       7.52    7.52    0.00   -2.92      0.917   0.917   0.001
  20 2683.5   5/2-  -3/2  37   -0.25    2.77    2.77    2.81    0.25       7.82    7.82    0.00   -1.93      0.954   0.954   0.000
  
  21 2731.2  13/2-   9/2  34    2.21    2.88    2.88   17.55    3.26      13.29   13.29    0.00   -0.11      1.620   1.620   0.000
  22 2943.1   9/2-   5/2  33    0.05   24.19   24.19    5.87    5.23      13.47   13.47   -0.00   -5.44      1.642   1.642  -0.000
  23 3060.0   3/2-   1/2  35    0.45   13.26   13.26    0.30    2.26      10.92   10.92   -0.00   -4.81      1.331   1.331  -0.000
  24 3092.5   5/2-   5/2  26    2.40    5.87    5.87    6.05    2.02       7.28    7.28    0.00   -3.09      0.888   0.888   0.000
  25 3096.8   3/2-   1/2  39    0.48    1.74    1.74    0.27   -0.46       4.63    4.63    0.00   -1.52      0.565   0.565   0.000
  
  26 3351.8   1/2-   1/2  35    0.50   11.23   11.23    0.25    0.73      11.09   11.09   -0.00   -4.69      1.353   1.353  -0.000
  27 3411.8  13/2-   5/2  33   -0.00   24.19   24.19    5.96    5.19      15.34   15.34    0.00   -3.27      1.870   1.870   0.000
  28 3507.0   9/2-   1/2  30   -0.63    3.44    3.44    1.72    0.56      13.91   13.91    0.00   -1.11      1.696   1.696   0.000
  29 3563.4  11/2-  -3/2  31   -0.20    4.13    4.13    2.43    1.39      14.90   14.90   -0.00   -0.43      1.816   1.816  -0.000
  30 3703.0  13/2-  -7/2  32   -1.25    2.56    2.56   13.18    2.32      17.32   17.32    0.00   -0.36      2.112   2.112   0.000
  
  31 4368.8  11/2-   1/2  30   -0.29    3.56    3.56    1.69    0.79      17.56   17.56    0.00   -0.69      2.141   2.141   0.000
  32 4787.0  13/2-  -3/2  31   -0.24    4.02    4.02    2.50    1.46      19.41   19.41    0.00   -0.05      2.367   2.367   0.000
  33 5954.8   1/2-   1/2  40    0.50   16.30   16.30    0.25   -0.66      17.37   17.37    0.00   -5.67      2.118   2.118   0.000
  34 6322.2  13/2-  -3/2  37   -0.80    3.18    3.18    1.96    0.51      24.98   24.98    0.00   -0.67      3.046   3.046   0.000
  35 7424.8   1/2-   1/2  28    0.50   23.84   23.84    0.25   -3.24      27.14   27.14   -0.00   -6.89      3.309   3.309  -0.000
  
