1SPECTRUM OF (Z= 82 A=207) IN PARTICLE-ROTOR  MODEL WITH MODIFIED OSCILLATOR POTENTIAL


 PARITY=-   EPS= 0.321   GAMMA=  0.0   EPS4=0.000   EPS6=0.000   LEVELS:  24  25  26  27  28  29  30  31  32  33  34  35  36  37  38

 PAIRING FACTORS: GN0= 19.20  GN1=  7.40  IPAIR= 15 ***  E2PLUS(INPUT)=   0.730  E2PLUR(INPUT)=   0.000

 CORIOLIS ATTENUATION PARAMETERS:  CHSI=1.000  ETA=  1.00

 MOMENT OF INERTIA PARAMETERS:   A1=  0.122 MEV   A2=  0.122 MEV   A3=121.91924 MEV


 DELTA=0.931 MEV  LAMBDA=53.3044 MEV   HW0= 7.5041 MEV   LAMBDA/HW0= 7.1034

 E2ENERGY=0.730 MEV  HBAR**2/B=19106./A**(7/3)=3229.8/A**2 MEV

 IREC=0  =>  RECOIL TERMS j+j-, j+j+, jzjz, ETC TREATED AS ONE-BODY OPERATORS WITH UU+VV PAIRING FACTORS



 S. P. LEVEL   EQP       U     V        (UU + VV)**1.00

     24       4.876    0.096 0.995      1.000 1.000 0.999 0.997 0.972 0.962 0.946 0.899 0.892 0.731 0.516 0.294 0.288 0.273 0.260
     25       4.156    0.113 0.994      1.000 1.000 0.999 0.998 0.976 0.967 0.952 0.907 0.899 0.742 0.530 0.310 0.304 0.289 0.276
     26       3.240    0.145 0.989      0.999 0.999 1.000 1.000 0.983 0.975 0.961 0.920 0.913 0.764 0.558 0.341 0.335 0.320 0.307
     27       2.684    0.176 0.984      0.997 0.998 1.000 1.000 0.988 0.981 0.969 0.932 0.926 0.784 0.584 0.370 0.365 0.350 0.337
     28       1.512    0.326 0.945      0.972 0.976 0.983 0.988 1.000 0.999 0.996 0.977 0.973 0.870 0.702 0.509 0.504 0.490 0.478
     29       1.375    0.363 0.932      0.962 0.967 0.975 0.981 0.999 1.000 0.999 0.984 0.981 0.889 0.730 0.543 0.538 0.525 0.513
     30       1.239    0.413 0.911      0.946 0.952 0.961 0.969 0.996 0.999 1.000 0.992 0.990 0.912 0.765 0.587 0.582 0.569 0.558
     31       1.046    0.522 0.853      0.899 0.907 0.920 0.932 0.977 0.984 0.992 1.000 1.000 0.956 0.839 0.682 0.678 0.666 0.656
     32       1.029    0.536 0.844      0.892 0.899 0.913 0.926 0.973 0.981 0.990 1.000 1.000 0.960 0.848 0.695 0.690 0.679 0.669
     33       0.939    0.750 0.662      0.731 0.742 0.764 0.784 0.870 0.889 0.912 0.956 0.960 1.000 0.962 0.867 0.864 0.856 0.849
     34       1.197    0.902 0.431      0.516 0.530 0.558 0.584 0.702 0.730 0.765 0.839 0.848 0.962 1.000 0.970 0.969 0.965 0.961
     35       2.366    0.980 0.201      0.294 0.310 0.341 0.370 0.509 0.543 0.587 0.682 0.695 0.867 0.970 1.000 1.000 1.000 0.999
     36       2.438    0.981 0.195      0.288 0.304 0.335 0.365 0.504 0.538 0.582 0.678 0.690 0.864 0.969 1.000 1.000 1.000 1.000
     37       2.641    0.984 0.179      0.273 0.289 0.320 0.350 0.490 0.525 0.569 0.666 0.679 0.856 0.965 1.000 1.000 1.000 1.000
     38       2.847    0.986 0.166      0.260 0.276 0.307 0.337 0.478 0.513 0.558 0.656 0.669 0.849 0.961 0.999 1.000 1.000 1.000

  R CORE   ENERGY   A0R/A00=1.000    R3= 0     2  
   2( 1)    0.732                    1.000 0.000
   2( 2)  487.921                    0.000 1.000

  R CORE   ENERGY   A0R/A00=1.000    R3= 0     2  
   3( 1)  488.652                    0.000 1.000

  R CORE   ENERGY   A0R/A00=1.000    R3= 0     2     4  
   4( 1)    2.438                    1.000 0.000 0.000

  R CORE   ENERGY   A0R/A00=1.000    R3= 0     2     4  
   5( 1)  490.847                    0.000 1.000 0.000

  R CORE   ENERGY   A0R/A00=1.000    R3= 0     2     4     6  
   6( 1)    5.121                    1.000 0.000 0.000 0.000

  R CORE   ENERGY   A0R/A00=1.000    R3= 0     2     4     6  
   7( 1)  494.017                    0.000 1.000 0.000 0.000

          AXIAL SYMMETRY => K RESTRICTED TO OMEGA

                     K
     S.P. ORB#: 24 -5.50
     S.P. ORB#: 25  0.50
     S.P. ORB#: 26  2.50
     S.P. ORB#: 27 -3.50
     S.P. ORB#: 28  0.50
     S.P. ORB#: 29  0.50
     S.P. ORB#: 30 -1.50
     S.P. ORB#: 31 -3.50
     S.P. ORB#: 32 -1.50
     S.P. ORB#: 33  4.50
     S.P. ORB#: 34  2.50
     S.P. ORB#: 35 -1.50
     S.P. ORB#: 36 -3.50
     S.P. ORB#: 37  2.50
     S.P. ORB#: 38  0.50
 

             ENERGY    K= OMEGA
 
 I=  1/2- (1)  2.599  29: 0.999
 
 I=  1/2- (2)  5.700  25: 0.999
 
 I=  1/2- (3)  6.079  28:-0.460
                      38: 0.888
 
 I=  1/2- (4)  8.771  28: 0.888
                      38: 0.460
 
 I=  1/2- (5)147.332  32: 1.000

             ENERGY    K= OMEGA
 
 I=  3/2- (1)  2.461  25:-0.109
                      29: 0.141
                      30:-0.976
                      35:-0.122
 
 I=  3/2- (2)  2.563  25:-0.176
                      29:-0.833
                      35:-0.524

             ENERGY    K= OMEGA
 
 I=  5/2- (1)  2.535  25:-0.258
                      29: 0.444
                      30: 0.754
                      35:-0.177
                      37:-0.369
 
 I=  5/2- (2)  3.263  26: 0.066
                      29:-0.453
                      30: 0.451
                      35: 0.765
 
 I=  5/2- (3)  3.404  25:-0.151
                      29: 0.433
                      30: 0.148
                      35: 0.133
                      37: 0.866
 
 I=  5/2- (4)  4.188  29:-0.606
                      30: 0.397
                      35:-0.599
                      37: 0.335
 
 I=  5/2- (5)  5.024  26: 0.996
                      35:-0.077

             ENERGY    K= OMEGA
 
 I=  7/2- (1)  1.836  26: 0.200
                      27:-0.053
                      31:-0.978
 
 I=  7/2- (2)  3.312  25:-0.100
                      29: 0.305
                      30:-0.735
                      35: 0.248
                      37:-0.541
 
 I=  7/2- (3)  3.406  28:-0.724
                      32:-0.579
                      34:-0.346
                      36:-0.143
 
 I=  7/2- (4)  3.501  25:-0.324
                      29:-0.729
                      30:-0.369
                      35:-0.470
                      37:-0.063
 
 I=  7/2- (5)  4.343  26:-0.139
                      27:-0.390
                      29:-0.404
                      30: 0.418
                      35: 0.366
                      37:-0.597

             ENERGY    K= OMEGA
 
 I=  9/2- (1)  1.813  26: 0.070
                      27:-0.202
                      31: 0.218
                      33: 0.952
 
 I=  9/2- (2)  2.778  26:-0.274
                      27:-0.090
                      31:-0.930
                      33: 0.214
 
 I=  9/2- (3)  3.566  25:-0.372
                      29: 0.486
                      30: 0.678
                      31:-0.058
                      35:-0.219
                      37:-0.338
 
 I=  9/2- (4)  4.571  28:-0.233
                      32: 0.584
                      34:-0.657
                      36: 0.416
 
 I=  9/2- (5)  5.088  25:-0.084
                      26: 0.109
                      27:-0.078
                      29:-0.362
                      30: 0.481
                      31:-0.058
                      35: 0.780

             ENERGY    K= OMEGA
 
 I= 11/2- (1)  2.718  28:-0.686
                      32:-0.579
                      34:-0.390
                      36:-0.198
                      38:-0.055
 
 I= 11/2- (2)  2.885  26:-0.119
                      27:-0.273
                      31: 0.302
                      33:-0.905
 
 I= 11/2- (3)  3.951  26:-0.321
                      27: 0.128
                      30: 0.059
                      31: 0.885
                      33: 0.299
                      37: 0.060
 
 I= 11/2- (4)  5.198  25:-0.157
                      29: 0.249
                      30:-0.728
                      31: 0.065
                      35: 0.268
                      37:-0.552
 
 I= 11/2- (5)  5.350  25: 0.388
                      29: 0.742
                      30: 0.311
                      31:-0.058
                      35: 0.443

             ENERGY    K= OMEGA
 
 I= 13/2- (1)  4.175  26: 0.162
                      27:-0.319
                      31: 0.359
                      33: 0.861
 
 I= 13/2- (2)  4.916  28: 0.223
                      32:-0.566
                      34: 0.660
                      36:-0.440
 
 I= 13/2- (3)  5.333  25:-0.178
                      26: 0.324
                      27: 0.154
                      29: 0.185
                      30: 0.284
                      31: 0.768
                      33:-0.323
                      35:-0.051
                      37:-0.165
 
 I= 13/2- (4)  5.523  25: 0.408
                      26: 0.141
                      27: 0.052
                      29:-0.464
                      30:-0.578
                      31: 0.355
                      33:-0.154
                      35: 0.212
                      37: 0.257
 
 I= 13/2- (5)  7.804  24: 0.992
                      27:-0.067
                      35: 0.064
                      37: 0.069

             ENERGY     K= 1/2
  32 LEVELS    TIME=  0.0 SEC



 ******************* EXCITATION ENERGIES, DOMINANT CONFIGURATION AND EXPECTATION VALUES (WITH S.P. UU+VV FACTORS) *******************

  NR  Eex(keV)  I   Kdom  NY    <Jz>  <Jx**2> <Jy**2> <Jz**2> <I.j>/|I|  <Rx**2> <Ry**2> <Rz**2> <R.j>/|R|  <HROTx> <HROTy> <HROTz>

   1    0.0   9/2-   9/2  33    3.78    2.55    2.55   19.47    4.31       3.23    3.23   -0.00   -1.23      0.394   0.394  -0.000
   2   22.3   7/2-  -7/2  31   -3.25    2.31    2.31   12.00    3.36       2.85    2.85    0.00   -1.38      0.348   0.348   0.000
   3  647.2   3/2-  -3/2  30   -1.44    4.57    4.57    2.19    1.42       4.79    4.79    0.00   -2.77      0.584   0.584   0.000
   4  721.6   5/2-  -3/2  30   -0.43    4.58    4.58    2.27    2.23       3.48    3.48    0.00   -1.83      0.424   0.424   0.000
   5  749.9   3/2-   1/2  29   -0.05    3.71    3.71    0.80    1.33       3.41    3.41    0.00   -2.16      0.415   0.415   0.000
  
   6  785.3   1/2-   1/2  29    0.50    4.74    4.74    0.25    0.28       5.00    5.00    0.00   -3.00      0.609   0.609   0.000
   7  904.4  11/2-   1/2  28   -0.02   24.72   24.72    2.31    6.37       5.64    5.64   -0.00   -4.06      0.688   0.688  -0.000
   8  965.0   9/2-  -7/2  31   -2.66    2.42    2.42   12.12    2.91       6.37    6.37    0.00   -0.69      0.777   0.777   0.000
   9 1071.4  11/2-   9/2  33    3.14    2.77    2.77   18.73    3.80       7.26    7.26    0.00   -0.40      0.885   0.885   0.000
  10 1449.4   5/2-  -3/2  35   -1.07    2.67    2.67    1.86    0.86       5.43    5.43    0.00   -1.41      0.662   0.662   0.000
  
  11 1498.2   7/2-  -3/2  30   -0.13    3.86    3.86    3.24    1.76       6.35    6.35    0.00   -1.11      0.774   0.774   0.000
  12 1590.5   5/2-   5/2  37    1.92    2.55    2.55    4.83    1.77       4.10    4.10    0.00   -1.64      0.500   0.500   0.000
  13 1592.6   7/2-   1/2  28   -0.01   24.28   24.28    1.89    6.20       8.51    8.51   -0.00   -6.27      1.037   1.037  -0.000
  14 1687.5   7/2-   1/2  29   -0.21    3.74    3.74    1.01    1.37       6.67    6.67    0.00   -0.83      0.813   0.813   0.000
  15 1752.4   9/2-  -3/2  30   -0.30    4.82    4.82    2.00    2.28       6.88    6.88    0.00   -0.09      0.838   0.838   0.000
  
  16 2138.0  11/2-  -7/2  31   -2.14    2.52    2.52   12.28    2.62      10.88   10.88    0.00   -0.36      1.326   1.326   0.000
  17 2361.7  13/2-   9/2  33    2.59    2.97    2.97   18.05    3.46      12.22   12.22    0.00    0.03      1.490   1.490   0.000
  18 2374.2   5/2-   1/2  29   -0.30    3.54    3.54    1.97   -0.22       9.54    9.54    0.00   -2.22      1.163   1.163   0.000
  19 2529.5   7/2-   5/2  37    0.03    3.36    3.36    4.95    1.21       8.91    8.91    0.00   -1.63      1.086   1.086   0.000
  20 2757.4   9/2-   5/2  34   -0.01   24.80   24.80    5.60    5.40      13.12   13.12    0.00   -5.53      1.599   1.599   0.000
  
  21 3102.7  13/2-   5/2  34   -0.04   24.78   24.78    5.83    5.39      14.42   14.42    0.00   -3.30      1.758   1.758   0.000
  22 3210.5   5/2-   5/2  26    2.47    6.00    6.00    6.22    2.08       7.34    7.34    0.00   -3.15      0.895   0.895   0.000
  23 3274.2   9/2-  -3/2  35   -1.19    2.56    2.56    2.13    0.67      12.68   12.68    0.00   -0.78      1.546   1.546   0.000
  24 3384.6  11/2-  -3/2  30   -0.11    3.83    3.83    3.38    1.60      13.82   13.82    0.00   -0.28      1.685   1.685   0.000
  25 3519.6  13/2-  -7/2  31   -1.44    2.99    2.99   10.67    2.42      15.81   15.81    0.00    0.04      1.927   1.927   0.000
  
  26 3536.4  11/2-   1/2  29   -0.10    3.85    3.85    0.89    1.39      13.83   13.83    0.00   -0.05      1.686   1.686   0.000
  27 3709.9  13/2-  -3/2  30   -0.51    4.66    4.66    3.55    2.29      14.82   14.82    0.00    0.57      1.806   1.806   0.000
  28 3886.9   1/2-   1/2  25    0.50    6.44    6.44    0.25    0.67       6.36    6.36    0.00   -3.52      0.775   0.775   0.000
  29 4265.3   1/2-   1/2  38    0.50   12.48   12.48    0.25   -1.65      14.41   14.41    0.00   -4.96      1.757   1.757   0.000
  30 5991.0  13/2- -11/2  24   -5.42    2.76    2.76   29.87    4.28      12.16   12.16    0.00   -1.11      1.483   1.483   0.000
  
  31 6957.7   1/2-   1/2  28    0.50   25.03   25.03    0.25   -3.56      28.61   28.61   -0.00   -7.06      3.489   3.489  -0.000
  32*******   1/2-  -3/2  32    0.00    0.00    0.00    0.00   -0.00       0.00    0.00    0.00   -0.00      0.000   0.000   0.000
