1SPECTRUM OF (Z= 82 A=207) IN PARTICLE-ROTOR  MODEL WITH MODIFIED OSCILLATOR POTENTIAL


 PARITY=-   EPS= 0.393   GAMMA=  0.0   EPS4=0.000   EPS6=0.000   LEVELS:  24  25  26  27  28  29  30  31  32  33  34  35  36  37  38

 PAIRING FACTORS: GN0= 19.20  GN1=  7.40  IPAIR= 15 ***  E2PLUS(INPUT)=   0.730  E2PLUR(INPUT)=   0.000

 CORIOLIS ATTENUATION PARAMETERS:  CHSI=1.000  ETA=  1.00

 MOMENT OF INERTIA PARAMETERS:   A1=  0.122 MEV   A2=  0.122 MEV   A3=121.91924 MEV


 DELTA=0.849 MEV  LAMBDA=53.4714 MEV   HW0= 7.5546 MEV   LAMBDA/HW0= 7.0780

 E2ENERGY=0.730 MEV  HBAR**2/B=28638./A**(7/3)=4841.2/A**2 MEV

 IREC=0  =>  RECOIL TERMS j+j-, j+j+, jzjz, ETC TREATED AS ONE-BODY OPERATORS WITH UU+VV PAIRING FACTORS



 S. P. LEVEL   EQP       U     V        (UU + VV)**1.00

     24       4.297    0.099 0.995      1.000 1.000 0.999 0.998 0.995 0.993 0.926 0.889 0.844 0.548 0.426 0.398 0.319 0.227 0.226
     25       3.788    0.113 0.994      1.000 1.000 1.000 0.999 0.996 0.995 0.931 0.895 0.851 0.559 0.438 0.411 0.331 0.240 0.239
     26       3.067    0.140 0.990      0.999 1.000 1.000 1.000 0.998 0.997 0.940 0.907 0.865 0.582 0.463 0.435 0.357 0.267 0.266
     27       2.757    0.156 0.988      0.998 0.999 1.000 1.000 0.999 0.998 0.946 0.913 0.873 0.595 0.477 0.450 0.372 0.282 0.281
     28       2.198    0.197 0.980      0.995 0.996 0.998 0.999 1.000 1.000 0.959 0.930 0.893 0.628 0.513 0.487 0.411 0.322 0.321
     29       2.016    0.216 0.976      0.993 0.995 0.997 0.998 1.000 1.000 0.964 0.937 0.901 0.643 0.530 0.503 0.428 0.340 0.339
     30       1.026    0.468 0.884      0.926 0.931 0.940 0.946 0.959 0.964 1.000 0.996 0.984 0.824 0.736 0.715 0.653 0.578 0.577
     31       0.930    0.544 0.839      0.889 0.895 0.907 0.913 0.930 0.937 0.996 1.000 0.996 0.870 0.793 0.774 0.718 0.648 0.647
     32       0.874    0.618 0.786      0.844 0.851 0.865 0.873 0.893 0.901 0.984 0.996 1.000 0.911 0.845 0.828 0.777 0.714 0.713
     33       1.036    0.887 0.462      0.548 0.559 0.582 0.595 0.628 0.643 0.824 0.870 0.911 1.000 0.990 0.986 0.967 0.939 0.939
     34       1.348    0.943 0.334      0.426 0.438 0.463 0.477 0.513 0.530 0.736 0.793 0.845 0.990 1.000 1.000 0.993 0.978 0.978
     35       1.461    0.952 0.305      0.398 0.411 0.435 0.450 0.487 0.503 0.715 0.774 0.828 0.986 1.000 1.000 0.996 0.984 0.984
     36       1.954    0.975 0.223      0.319 0.331 0.357 0.372 0.411 0.428 0.653 0.718 0.777 0.967 0.993 0.996 1.000 0.995 0.995
     37       3.314    0.992 0.129      0.227 0.240 0.267 0.282 0.322 0.340 0.578 0.648 0.714 0.939 0.978 0.984 0.995 1.000 1.000
     38       3.338    0.992 0.128      0.226 0.239 0.266 0.281 0.321 0.339 0.577 0.647 0.713 0.939 0.978 0.984 0.995 1.000 1.000

  R CORE   ENERGY   A0R/A00=1.000    R3= 0     2  
   2( 1)    0.732                    1.000 0.000
   2( 2)  487.921                    0.000 1.000

  R CORE   ENERGY   A0R/A00=1.000    R3= 0     2  
   3( 1)  488.652                    0.000 1.000

  R CORE   ENERGY   A0R/A00=1.000    R3= 0     2     4  
   4( 1)    2.438                    1.000 0.000 0.000

  R CORE   ENERGY   A0R/A00=1.000    R3= 0     2     4  
   5( 1)  490.847                    0.000 1.000 0.000

  R CORE   ENERGY   A0R/A00=1.000    R3= 0     2     4     6  
   6( 1)    5.121                    1.000 0.000 0.000 0.000

  R CORE   ENERGY   A0R/A00=1.000    R3= 0     2     4     6  
   7( 1)  494.017                    0.000 1.000 0.000 0.000

          AXIAL SYMMETRY => K RESTRICTED TO OMEGA

                     K
     S.P. ORB#: 24  0.50
     S.P. ORB#: 25 -5.50
     S.P. ORB#: 26  0.50
     S.P. ORB#: 27  2.50
     S.P. ORB#: 28 -3.50
     S.P. ORB#: 29 -1.50
     S.P. ORB#: 30  0.50
     S.P. ORB#: 31 -1.50
     S.P. ORB#: 32  2.50
     S.P. ORB#: 33 -3.50
     S.P. ORB#: 34  0.50
     S.P. ORB#: 35  4.50
     S.P. ORB#: 36 -3.50
     S.P. ORB#: 37  0.50
     S.P. ORB#: 38 -1.50
 

             ENERGY    K= OMEGA
 
 I=  1/2- (1)  2.327  30: 0.999
 
 I=  1/2- (2)  4.286  26: 0.192
                      34:-0.913
                      37: 0.359
 
 I=  1/2- (3)  5.977  24: 0.999
 
 I=  1/2- (4)  7.251  26: 0.334
                      34:-0.283
                      37:-0.899
 
 I=  1/2- (5)  9.435  26: 0.923
                      34: 0.293
                      37: 0.251

             ENERGY    K= OMEGA
 
 I=  3/2- (1)  2.232  24:-0.059
                      30: 0.332
                      31:-0.941
 
 I=  3/2- (2)  2.426  24:-0.195
                      30:-0.912
                      31:-0.311
                      38:-0.182

             ENERGY    K= OMEGA
 
 I=  5/2- (1)  2.493  24:-0.260
                      30: 0.506
                      31: 0.819
                      38:-0.070
 
 I=  5/2- (2)  3.343  27: 0.067
                      30:-0.782
                      31: 0.523
                      38: 0.329
 
 I=  5/2- (3)  4.520  27:-0.933
                      30:-0.143
                      31: 0.103
                      38:-0.314
 
 I=  5/2- (4)  4.691  26: 0.145
                      34:-0.803
                      37: 0.577
 
 I=  5/2- (5)  4.762  24: 0.065
                      27: 0.352
                      30:-0.273
                      31: 0.099
                      38:-0.887

             ENERGY    K= OMEGA
 
 I=  7/2- (1)  1.923  27: 0.152
                      33:-0.988
 
 I=  7/2- (2)  3.409  24:-0.181
                      30:-0.910
                      31: 0.262
                      38:-0.265
 
 I=  7/2- (3)  3.481  24:-0.279
                      27: 0.075
                      30:-0.182
                      31:-0.933
                      38:-0.108
 
 I=  7/2- (4)  4.104  27: 0.181
                      28: 0.982
 
 I=  7/2- (5)  4.132  26: 0.601
                      29: 0.589
                      32: 0.495
                      36: 0.217

             ENERGY    K= OMEGA
 
 I=  9/2- (1)  2.389  27: 0.087
                      28:-0.165
                      33: 0.364
                      35: 0.912
 
 I=  9/2- (2)  3.003  27: 0.203
                      28: 0.099
                      33: 0.903
                      35:-0.363
 
 I=  9/2- (3)  3.707  24:-0.388
                      30: 0.564
                      31: 0.716
                      38:-0.129
 
 I=  9/2- (4)  4.789  26:-0.208
                      29: 0.553
                      32:-0.693
                      36: 0.412
 
 I=  9/2- (5)  5.211  27: 0.276
                      28:-0.775
                      30:-0.357
                      31: 0.309
                      35:-0.151
                      38: 0.274

             ENERGY    K= OMEGA
 
 I= 11/2- (1)  3.531  27: 0.135
                      28: 0.223
                      33:-0.447
                      35: 0.855
 
 I= 11/2- (2)  3.560  26:-0.601
                      29:-0.589
                      32:-0.475
                      34:-0.111
                      36:-0.230
 
 I= 11/2- (3)  4.308  27: 0.240
                      28:-0.146
                      33:-0.849
                      35:-0.443
 
 I= 11/2- (4)  5.132  25:-0.999
 
 I= 11/2- (5)  5.297  24:-0.358
                      30:-0.846
                      31:-0.224
                      38:-0.321

             ENERGY    K= OMEGA
 
 I= 13/2- (1)  4.905  27:-0.175
                      28: 0.264
                      33:-0.489
                      35:-0.811
 
 I= 13/2- (2)  5.351  26: 0.216
                      29:-0.566
                      32: 0.680
                      36:-0.412
 
 I= 13/2- (3)  5.744  24:-0.435
                      27: 0.117
                      28: 0.064
                      30: 0.527
                      31: 0.628
                      33: 0.256
                      35:-0.191
                      38:-0.130
 
 I= 13/2- (4)  5.858  24: 0.161
                      27: 0.241
                      28: 0.173
                      30:-0.210
                      31:-0.209
                      33: 0.769
                      35:-0.446
                      38: 0.078
 
 I= 13/2- (5)  6.719  25:-0.998
                      35:-0.052

             ENERGY     K=-3/2
  32 LEVELS    TIME=  0.0 SEC



 ******************* EXCITATION ENERGIES, DOMINANT CONFIGURATION AND EXPECTATION VALUES (WITH S.P. UU+VV FACTORS) *******************

  NR  Eex(keV)  I   Kdom  NY    <Jz>  <Jx**2> <Jy**2> <Jz**2> <I.j>/|I|  <Rx**2> <Ry**2> <Rz**2> <R.j>/|R|  <HROTx> <HROTy> <HROTz>

   1    0.0   7/2-  -7/2  33   -3.36    2.30    2.30   12.11    3.22       3.47    3.47    0.00   -1.50      0.423   0.423   0.000
   2  309.2   3/2-  -3/2  31   -1.27    4.99    4.99    2.02    1.36       5.25    5.25    0.00   -2.89      0.640   0.640   0.000
   3  404.4   1/2-   1/2  30    0.50    5.00    5.00    0.25    0.23       5.30    5.30    0.00   -3.09      0.646   0.646   0.000
   4  466.5   9/2-   9/2  35    3.21    2.50    2.50   18.86    4.10       3.91    3.91    0.00   -1.24      0.477   0.477   0.000
   5  503.0   3/2-   1/2  30    0.24    4.71    4.71    0.51    0.97       4.95    4.95   -0.00   -2.55      0.604   0.604  -0.000
  
   6  570.7   5/2-  -3/2  31   -0.85    5.26    5.26    1.61    1.73       5.32    5.32    0.00   -2.15      0.649   0.649   0.000
   7 1080.5   9/2-  -7/2  33   -2.20    2.37    2.37   13.04    2.77       7.50    7.50    0.00   -1.04      0.914   0.914   0.000
   8 1420.8   5/2-   1/2  30   -0.26    4.53    4.53    1.04    0.30       8.52    8.52    0.00   -2.23      1.039   1.039   0.000
   9 1486.7   7/2-   1/2  30    0.22    4.69    4.69    0.53    1.04       8.70    8.70    0.00   -1.38      1.060   1.060   0.000
  10 1558.4   7/2-  -3/2  31   -1.26    4.97    4.97    2.07    1.18       9.21    9.21    0.00   -1.71      1.123   1.123   0.000
  
  11 1608.1  11/2-   9/2  35    2.45    2.66    2.66   18.00    3.51       8.58    8.58    0.00   -0.57      1.046   1.046   0.000
  12 1636.9  11/2-   1/2  26    0.05   23.19   23.19    2.93    6.13       5.87    5.87    0.00   -3.69      0.716   0.716   0.000
  13 1784.4   9/2-  -3/2  31   -0.56    5.51    5.51    1.33    1.92       9.02    9.02    0.00   -0.66      1.099   1.099   0.000
  14 2181.4   7/2-  -7/2  28   -3.30    6.24    6.24   12.03    3.12       7.75    7.75   -0.00   -3.08      0.944   0.944  -0.000
  15 2209.4   7/2-   1/2  26    0.11   22.81   22.81    2.98    6.02       8.28    8.28    0.00   -6.07      1.010   1.010   0.000
  
  16 2363.1   1/2-   1/2  34    0.50   11.13   11.13    0.25    1.02      10.75   10.75    0.00   -4.66      1.310   1.310   0.000
  17 2385.3  11/2-  -7/2  33   -1.58    2.45    2.45   13.47    2.43      12.55   12.55    0.00   -0.77      1.530   1.530   0.000
  18 2597.5   5/2-   5/2  27    2.02    5.65    5.65    5.69    1.91       7.22    7.22    0.00   -2.98      0.880   0.880   0.000
  19 2768.7   5/2-   1/2  34    0.50   11.28   11.28    0.25    1.66      10.88   10.88    0.00   -3.84      1.326   1.326   0.000
  20 2839.6   5/2-  -3/2  38   -0.85    2.72    2.72    2.59    0.50       6.93    6.93   -0.00   -1.76      0.844   0.844  -0.000
  
  21 2866.6   9/2-   5/2  32    0.17   23.63   23.63    5.78    5.11      13.48   13.48    0.00   -5.32      1.643   1.643   0.000
  22 2982.6  13/2-   9/2  35    1.95    2.81    2.81   17.35    3.11      14.15   14.15    0.00   -0.24      1.725   1.725   0.000
  23 3208.9  11/2- -11/2  25   -5.48    2.75    2.75   30.22    5.05       5.53    5.53    0.00   -1.66      0.674   0.674   0.000
  24 3288.5   9/2-  -7/2  28   -2.01    5.42    5.42    8.75    1.84      13.02   13.02   -0.00   -2.04      1.587   1.587  -0.000
  25 3374.4  11/2-   1/2  30    0.19    4.53    4.53    0.59    1.32      14.83   14.83    0.00   -0.33      1.808   1.808   0.000
  
  26 3427.9  13/2-   5/2  32    0.10   23.64   23.64    5.71    5.04      15.68   15.68    0.00   -3.18      1.912   1.912   0.000
  27 3820.9  13/2-  -3/2  31   -0.43    5.32    5.32    2.74    2.07      16.61   16.61    0.00    0.19      2.025   2.025   0.000
  28 3935.7  13/2-  -7/2  33   -1.19    2.88    2.88   12.19    2.13      18.47   18.47    0.00   -0.51      2.252   2.252   0.000
  29 4054.7   1/2-   1/2  24    0.50    6.98    6.98    0.25    0.64       6.92    6.92   -0.00   -3.67      0.844   0.844  -0.000
  30 4796.1  13/2- -11/2  25   -5.47    2.75    2.75   30.19    4.32      12.06   12.06    0.00   -1.13      1.470   1.470   0.000
  
  31 5328.1   1/2-   1/2  37    0.50   15.89   15.89    0.25   -0.59      16.90   16.90    0.00   -5.60      2.061   2.061   0.000
  32 7512.7   1/2-   1/2  26    0.50   23.18   23.18    0.25   -3.44      26.66   26.66    0.00   -6.79      3.250   3.250   0.000
