1SPECTRUM OF (Z= 82 A=207) IN PARTICLE-ROTOR  MODEL WITH MODIFIED OSCILLATOR POTENTIAL


 PARITY=-   EPS= 0.267   GAMMA=  0.0   EPS4=0.000   EPS6=0.000   LEVELS:  24  25  26  27  28  29  30  31  32  33  34  35  36  37  38

 PAIRING FACTORS: GN0= 19.20  GN1=  7.40  IPAIR= 15 ***  E2PLUS(INPUT)=   0.730  E2PLUR(INPUT)=   0.000

 CORIOLIS ATTENUATION PARAMETERS:  CHSI=1.000  ETA=  1.00

 MOMENT OF INERTIA PARAMETERS:   A1=  0.122 MEV   A2=  0.122 MEV   A3=121.91925 MEV


 DELTA=0.944 MEV  LAMBDA=53.3453 MEV   HW0= 7.4741 MEV   LAMBDA/HW0= 7.1373

 E2ENERGY=0.730 MEV  HBAR**2/B=13218./A**(7/3)=2234.5/A**2 MEV

 IREC=0  =>  RECOIL TERMS j+j-, j+j+, jzjz, ETC TREATED AS ONE-BODY OPERATORS WITH UU+VV PAIRING FACTORS



 S. P. LEVEL   EQP       U     V        (UU + VV)**1.00

     24       5.093    0.093 0.996      1.000 1.000 0.999 0.998 0.980 0.979 0.973 0.941 0.810 0.625 0.398 0.394 0.354 0.285 0.271
     25       4.120    0.115 0.993      1.000 1.000 1.000 0.999 0.984 0.983 0.978 0.949 0.823 0.642 0.418 0.415 0.375 0.307 0.293
     26       3.686    0.129 0.992      0.999 1.000 1.000 1.000 0.987 0.985 0.981 0.953 0.831 0.652 0.431 0.427 0.388 0.320 0.306
     27       3.136    0.152 0.988      0.998 0.999 1.000 1.000 0.990 0.989 0.985 0.960 0.844 0.670 0.452 0.448 0.409 0.342 0.328
     28       1.712    0.288 0.958      0.980 0.984 0.987 0.990 1.000 1.000 0.999 0.989 0.910 0.767 0.571 0.568 0.532 0.469 0.456
     29       1.670    0.296 0.955      0.979 0.983 0.985 0.989 1.000 1.000 1.000 0.991 0.914 0.772 0.578 0.575 0.539 0.476 0.463
     30       1.555    0.320 0.947      0.973 0.978 0.981 0.985 0.999 1.000 1.000 0.994 0.924 0.788 0.599 0.596 0.560 0.499 0.486
     31       1.230    0.424 0.906      0.941 0.949 0.953 0.960 0.989 0.991 0.994 1.000 0.961 0.851 0.684 0.681 0.649 0.592 0.580
     32       0.952    0.659 0.752      0.810 0.823 0.831 0.844 0.910 0.914 0.924 0.961 1.000 0.964 0.860 0.858 0.835 0.793 0.784
     33       1.028    0.836 0.549      0.625 0.642 0.652 0.670 0.767 0.772 0.788 0.851 0.964 1.000 0.965 0.964 0.952 0.927 0.921
     34       1.598    0.951 0.311      0.398 0.418 0.431 0.452 0.571 0.578 0.599 0.684 0.860 0.965 1.000 1.000 0.999 0.993 0.991
     35       1.615    0.952 0.307      0.394 0.415 0.427 0.448 0.568 0.575 0.596 0.681 0.858 0.964 1.000 1.000 0.999 0.993 0.991
     36       1.844    0.964 0.266      0.354 0.375 0.388 0.409 0.532 0.539 0.560 0.649 0.835 0.952 0.999 0.999 1.000 0.997 0.996
     37       2.468    0.981 0.195      0.285 0.307 0.320 0.342 0.469 0.476 0.499 0.592 0.793 0.927 0.993 0.993 0.997 1.000 1.000
     38       2.662    0.984 0.180      0.271 0.293 0.306 0.328 0.456 0.463 0.486 0.580 0.784 0.921 0.991 0.991 0.996 1.000 1.000

  R CORE   ENERGY   A0R/A00=1.000    R3= 0     2  
   2( 1)    0.732                    1.000 0.000
   2( 2)  487.921                    0.000 1.000

  R CORE   ENERGY   A0R/A00=1.000    R3= 0     2  
   3( 1)  488.652                    0.000 1.000

  R CORE   ENERGY   A0R/A00=1.000    R3= 0     2     4  
   4( 1)    2.438                    1.000 0.000 0.000

  R CORE   ENERGY   A0R/A00=1.000    R3= 0     2     4  
   5( 1)  490.847                    0.000 1.000 0.000

  R CORE   ENERGY   A0R/A00=1.000    R3= 0     2     4     6  
   6( 1)    5.121                    1.000 0.000 0.000 0.000

  R CORE   ENERGY   A0R/A00=1.000    R3= 0     2     4     6  
   7( 1)  494.017                    0.000 1.000 0.000 0.000

          AXIAL SYMMETRY => K RESTRICTED TO OMEGA

                     K
     S.P. ORB#: 24  2.50
     S.P. ORB#: 25  0.50
     S.P. ORB#: 26  2.50
     S.P. ORB#: 27 -3.50
     S.P. ORB#: 28  0.50
     S.P. ORB#: 29 -3.50
     S.P. ORB#: 30 -1.50
     S.P. ORB#: 31  4.50
     S.P. ORB#: 32  0.50
     S.P. ORB#: 33 -1.50
     S.P. ORB#: 34 -1.50
     S.P. ORB#: 35  2.50
     S.P. ORB#: 36  2.50
     S.P. ORB#: 37  0.50
     S.P. ORB#: 38 -3.50
 

             ENERGY    K= OMEGA
 
 I=  1/2- (1)  2.763  28: 0.292
                      37: 0.955
 
 I=  1/2- (2)  2.876  25:-0.055
                      28: 0.956
                      37:-0.289
 
 I=  1/2- (3)  5.541  25: 0.997
                      37:-0.058
 
 I=  1/2- (4)  8.210  32: 1.000
 
 I=  1/2- (5)147.332  33:-1.000

             ENERGY    K= OMEGA
 
 I=  3/2- (1)  2.094  25: 0.074
                      28: 0.278
                      30: 0.155
                      34: 0.942
                      37:-0.084
 
 I=  3/2- (2)  2.708  25:-0.090
                      28: 0.231
                      30:-0.957
                      34: 0.106
                      37: 0.109

             ENERGY    K= OMEGA
 
 I=  5/2- (1)  2.261  25: 0.124
                      28:-0.256
                      30:-0.369
                      34: 0.441
                      36: 0.763
                      37:-0.085
 
 I=  5/2- (2)  2.743  25: 0.070
                      26:-0.052
                      28: 0.134
                      30:-0.407
                      34:-0.834
                      36: 0.304
                      37:-0.143
 
 I=  5/2- (3)  2.928  24: 0.066
                      25:-0.232
                      28: 0.470
                      30: 0.552
                      34:-0.076
                      36: 0.544
                      37: 0.339
 
 I=  5/2- (4)  3.630  25: 0.187
                      28:-0.074
                      30:-0.326
                      36:-0.095
                      37: 0.917
 
 I=  5/2- (5)  4.188  24: 0.061
                      25: 0.084
                      28:-0.800
                      30: 0.469
                      34:-0.318
                      36: 0.140
                      37: 0.094

             ENERGY    K= OMEGA
 
 I=  7/2- (1)  2.414  26:-0.221
                      27: 0.087
                      29: 0.967
                      36: 0.057
 
 I=  7/2- (2)  2.911  27: 0.056
                      28:-0.266
                      30: 0.338
                      34:-0.520
                      36: 0.733
 
 I=  7/2- (3)  3.206  32: 0.740
                      33: 0.570
                      35: 0.332
                      38: 0.130
 
 I=  7/2- (4)  3.265  24:-0.062
                      25: 0.261
                      28: 0.444
                      29:-0.083
                      30: 0.487
                      34: 0.574
                      36: 0.336
                      37:-0.202
 
 I=  7/2- (5)  4.142  24:-0.157
                      25: 0.054
                      27: 0.128
                      28:-0.447
                      30: 0.698
                      36:-0.514
                      37:-0.053

             ENERGY    K= OMEGA
 
 I=  9/2- (1)  2.009  24: 0.062
                      26:-0.059
                      27: 0.259
                      29:-0.164
                      31:-0.947
 
 I=  9/2- (2)  3.274  24:-0.097
                      25: 0.154
                      26:-0.257
                      27:-0.140
                      28:-0.191
                      29:-0.802
                      30:-0.318
                      31: 0.094
                      34: 0.103
                      36: 0.268
                      37:-0.094
 
 I=  9/2- (3)  3.397  25:-0.263
                      26:-0.160
                      28: 0.372
                      29:-0.466
                      30: 0.481
                      31: 0.119
                      34:-0.326
                      36:-0.415
                      37: 0.157
 
 I=  9/2- (4)  4.442  24:-0.094
                      25: 0.213
                      28:-0.096
                      29: 0.080
                      30:-0.438
                      34:-0.688
                      36:-0.398
                      37:-0.323
 
 I=  9/2- (5)  4.471  32:-0.247
                      33: 0.609
                      35:-0.644
                      38: 0.392

             ENERGY    K= OMEGA
 
 I= 11/2- (1)  2.327  32: 0.696
                      33: 0.574
                      35: 0.387
                      38: 0.188
 
 I= 11/2- (2)  2.964  24: 0.107
                      26:-0.096
                      27:-0.360
                      29: 0.214
                      31:-0.895
 
 I= 11/2- (3)  4.388  24: 0.117
                      25:-0.063
                      26: 0.344
                      27:-0.176
                      29:-0.868
                      30:-0.176
                      31:-0.148
                      36:-0.147
 
 I= 11/2- (4)  4.824  24:-0.069
                      26: 0.084
                      27: 0.056
                      28:-0.310
                      29:-0.129
                      30: 0.434
                      31:-0.123
                      34:-0.499
                      36: 0.647
 
 I= 11/2- (5)  5.131  24: 0.092
                      25:-0.361
                      28:-0.524
                      29: 0.198
                      30:-0.485
                      31: 0.097
                      34:-0.461
                      36:-0.191
                      37: 0.227

             ENERGY    K= OMEGA
 
 I= 13/2- (1)  4.111  24: 0.153
                      26:-0.123
                      27: 0.430
                      29:-0.236
                      30: 0.079
                      31:-0.841
                      36:-0.055
 
 I= 13/2- (2)  4.587  32:-0.233
                      33: 0.589
                      35:-0.652
                      38: 0.417
 
 I= 13/2- (3)  5.237  24:-0.119
                      25: 0.386
                      26:-0.091
                      27:-0.059
                      28:-0.438
                      29:-0.215
                      30:-0.591
                      31:-0.106
                      34: 0.236
                      36: 0.362
                      37:-0.198
 
 I= 13/2- (4)  5.770  24:-0.098
                      25:-0.091
                      26:-0.381
                      27:-0.182
                      28: 0.146
                      29:-0.836
                      30: 0.081
                      31: 0.208
                      34:-0.169
                      36:-0.053
 
 I= 13/2- (5)  7.105  24:-0.083
                      25: 0.209
                      28:-0.070
                      29: 0.105
                      30:-0.303
                      34:-0.675
                      36:-0.524
                      37:-0.331

             ENERGY     K=-7/2
  32 LEVELS    TIME=  0.0 SEC



 ******************* EXCITATION ENERGIES, DOMINANT CONFIGURATION AND EXPECTATION VALUES (WITH S.P. UU+VV FACTORS) *******************

  NR  Eex(keV)  I   Kdom  NY    <Jz>  <Jx**2> <Jy**2> <Jz**2> <I.j>/|I|  <Rx**2> <Ry**2> <Rz**2> <R.j>/|R|  <HROTx> <HROTy> <HROTz>

   1    0.0   9/2-   9/2  31    3.73    2.68    2.68   19.38    4.47       2.52    2.52    0.00   -1.12      0.307   0.307   0.000
   2   84.8   3/2-  -3/2  34   -1.32    1.82    1.82    2.07    1.45       1.92    1.92    0.00   -1.48      0.234   0.234   0.000
   3  252.2   5/2-   5/2  36    1.00    2.54    2.54    4.40    2.43       1.94    1.94    0.00   -1.17      0.237   0.237   0.000
   4  318.1  11/2-   1/2  32   -0.00   26.03   26.03    2.23    6.71       4.88    4.88    0.00   -4.53      0.595   0.595   0.000
   5  405.4   7/2-  -7/2  29   -3.17    2.28    2.28   11.89    3.41       2.58    2.58    0.00   -1.29      0.314   0.314   0.000
  
   6  698.8   3/2-  -3/2  30   -1.35    4.50    4.50    2.10    1.48       4.56    4.56    0.00   -2.73      0.556   0.556   0.000
   7  734.1   5/2-  -3/2  34   -1.03    1.90    1.90    2.55    1.04       4.46    4.46    0.00   -1.09      0.544   0.544   0.000
   8  754.4   1/2-   1/2  37    0.50    1.78    1.78    0.25    0.94       1.46    1.46    0.00   -1.75      0.178   0.178   0.000
   9  866.6   1/2-   1/2  28    0.50    4.12    4.12    0.25    0.16       4.48    4.48    0.00   -2.79      0.547   0.547   0.000
  10  902.3   7/2-   5/2  36    0.79    2.42    2.42    4.31    1.93       4.79    4.79    0.00   -0.48      0.584   0.584   0.000
  
  11  919.2   5/2-  -3/2  30    0.48    3.71    3.71    2.67    1.81       4.08    4.08    0.00   -1.66      0.497   0.497   0.000
  12  955.0  11/2-   9/2  31    3.04    3.07    3.07   18.51    4.09       5.73    5.73    0.00   -0.05      0.699   0.699   0.000
  13 1196.9   7/2-   1/2  32    0.00   26.07   26.07    1.77    6.58       8.72    8.72    0.00   -6.66      1.063   1.063   0.000
  14 1255.9   7/2-  -3/2  34   -0.43    2.80    2.80    2.20    1.52       5.74    5.74    0.00   -0.52      0.700   0.700   0.000
  15 1265.3   9/2-  -7/2  29   -2.05    2.80    2.80    9.49    2.89       5.52    5.52    0.00   -0.21      0.673   0.673   0.000
  
  16 1387.5   9/2-  -3/2  30   -0.59    3.67    3.67    5.01    2.50       6.09    6.09    0.00    0.03      0.743   0.743   0.000
  17 1621.0   5/2-   1/2  37    0.31    1.72    1.72    0.53    0.48       4.95    4.95    0.00   -0.81      0.604   0.604   0.000
  18 2102.1  13/2-   9/2  31    2.44    3.47    3.47   17.56    3.86       9.71    9.71    0.00    0.55      1.184   1.184   0.000
  19 2133.2   7/2-  -3/2  30    0.04    3.78    3.78    3.17    0.90       9.66    9.66    0.00   -1.63      1.178   1.178   0.000
  20 2179.1   5/2-   1/2  28   -0.10    4.29    4.29    1.03   -0.34      10.19   10.19    0.00   -2.35      1.242   1.242   0.000
  
  21 2379.1  11/2-  -7/2  29   -2.31    2.55    2.55   11.10    2.71       9.79    9.79    0.00   -0.00      1.193   1.193   0.000
  22 2432.5   9/2-  -3/2  34   -0.52    2.28    2.28    2.69    1.10      10.54   10.54    0.00   -0.39      1.285   1.285   0.000
  23 2462.1   9/2-   5/2  35   -0.03   25.79   25.79    5.32    5.77      12.11   12.11    0.00   -5.73      1.477   1.477   0.000
  24 2577.5  13/2-   5/2  35   -0.04   25.74   25.74    5.58    5.80      12.42   12.42    0.00   -3.33      1.514   1.514   0.000
  25 2814.9  11/2-   5/2  36    0.47    2.88    2.88    4.25    1.71      12.65   12.65    0.00    0.04      1.543   1.543   0.000
  
  26 3121.9  11/2-   1/2  28   -0.43    3.29    3.29    2.10    1.59      12.70   12.70   -0.00    0.17      1.548   1.548  -0.000
  27 3228.4  13/2-  -3/2  30   -0.16    4.52    4.52    2.80    2.51      12.79   12.79    0.00    1.12      1.559   1.559   0.000
  28 3532.3   1/2-   1/2  25    0.50    5.97    5.97    0.25    0.69       5.87    5.87    0.00   -3.38      0.716   0.716   0.000
  29 3760.8  13/2-  -7/2  29   -2.01    2.68    2.68   10.92    2.47      15.27   15.27    0.00    0.17      1.862   1.862   0.000
  30 5095.9  13/2-  -3/2  34   -0.07    2.05    2.05    3.18    0.95      21.37   21.37    0.00   -0.10      2.605   2.605   0.000
  
  31 6200.6   1/2-   1/2  32    0.50   25.96   25.96    0.25   -3.81      29.76   29.76    0.00   -7.19      3.629   3.629   0.000
  32*******   1/2-  -3/2  33    0.00    0.00    0.00    0.00   -0.00       0.00    0.00    0.00   -0.00      0.000   0.000   0.000
