1SPECTRUM OF (Z= 82 A=207) IN PARTICLE-ROTOR  MODEL WITH MODIFIED OSCILLATOR POTENTIAL


 PARITY=-   EPS= 0.243   GAMMA=  0.0   EPS4=0.000   EPS6=0.000   LEVELS:  25  26  27  28  29  30  31  32  33  34  35  36  37  38  39

 PAIRING FACTORS: GN0= 19.20  GN1=  7.40  IPAIR= 15 ***  E2PLUS(INPUT)=   0.730  E2PLUR(INPUT)=   0.000

 CORIOLIS ATTENUATION PARAMETERS:  CHSI=1.000  ETA=  1.00

 MOMENT OF INERTIA PARAMETERS:   A1=  0.122 MEV   A2=  0.122 MEV   A3=121.91924 MEV


 DELTA=0.937 MEV  LAMBDA=53.4273 MEV   HW0= 7.4629 MEV   LAMBDA/HW0= 7.1591

 E2ENERGY=0.730 MEV  HBAR**2/B=10949./A**(7/3)=1850.9/A**2 MEV

 IREC=0  =>  RECOIL TERMS j+j-, j+j+, jzjz, ETC TREATED AS ONE-BODY OPERATORS WITH UU+VV PAIRING FACTORS



 S. P. LEVEL   EQP       U     V        (UU + VV)**1.00

     25       4.137    0.114 0.993      1.000 1.000 1.000 0.992 0.990 0.986 0.978 0.693 0.545 0.507 0.442 0.384 0.342 0.287 0.233
     26       3.926    0.120 0.993      1.000 1.000 1.000 0.993 0.991 0.987 0.979 0.698 0.550 0.512 0.447 0.390 0.348 0.293 0.239
     27       3.382    0.140 0.990      1.000 1.000 1.000 0.995 0.993 0.990 0.983 0.712 0.567 0.529 0.465 0.408 0.367 0.312 0.259
     28       2.051    0.235 0.972      0.992 0.993 0.995 1.000 1.000 0.999 0.996 0.777 0.644 0.609 0.549 0.495 0.455 0.403 0.351
     29       1.902    0.255 0.967      0.990 0.991 0.993 1.000 1.000 1.000 0.998 0.789 0.659 0.625 0.566 0.512 0.473 0.421 0.370
     30       1.740    0.281 0.960      0.986 0.987 0.990 0.999 1.000 1.000 0.999 0.805 0.679 0.645 0.587 0.535 0.497 0.445 0.395
     31       1.553    0.318 0.948      0.978 0.979 0.983 0.996 0.998 0.999 1.000 0.828 0.707 0.675 0.619 0.568 0.530 0.480 0.431
     32       0.972    0.795 0.607      0.693 0.698 0.712 0.777 0.789 0.805 0.828 1.000 0.982 0.973 0.953 0.932 0.914 0.889 0.862
     33       1.175    0.895 0.446      0.545 0.550 0.567 0.644 0.659 0.679 0.707 0.982 1.000 0.999 0.993 0.984 0.974 0.960 0.943
     34       1.266    0.914 0.405      0.507 0.512 0.529 0.609 0.625 0.645 0.675 0.973 0.999 1.000 0.997 0.991 0.984 0.971 0.957
     35       1.479    0.942 0.337      0.442 0.447 0.465 0.549 0.566 0.587 0.619 0.953 0.993 0.997 1.000 0.998 0.994 0.986 0.975
     36       1.763    0.961 0.277      0.384 0.390 0.408 0.495 0.512 0.535 0.568 0.932 0.984 0.991 0.998 1.000 0.999 0.995 0.987
     37       2.069    0.972 0.233      0.342 0.348 0.367 0.455 0.473 0.497 0.530 0.914 0.974 0.984 0.994 0.999 1.000 0.998 0.994
     38       2.704    0.984 0.176      0.287 0.293 0.312 0.403 0.421 0.445 0.480 0.889 0.960 0.971 0.986 0.995 0.998 1.000 0.998
     39       3.902    0.993 0.121      0.233 0.239 0.259 0.351 0.370 0.395 0.431 0.862 0.943 0.957 0.975 0.987 0.994 0.998 1.000

  R CORE   ENERGY   A0R/A00=1.000    R3= 0     2  
   2( 1)    0.732                    1.000 0.000
   2( 2)  487.921                    0.000 1.000

  R CORE   ENERGY   A0R/A00=1.000    R3= 0     2  
   3( 1)  488.652                    0.000 1.000

  R CORE   ENERGY   A0R/A00=1.000    R3= 0     2     4  
   4( 1)    2.438                    1.000 0.000 0.000

  R CORE   ENERGY   A0R/A00=1.000    R3= 0     2     4  
   5( 1)  490.847                    0.000 1.000 0.000

  R CORE   ENERGY   A0R/A00=1.000    R3= 0     2     4     6  
   6( 1)    5.121                    1.000 0.000 0.000 0.000

  R CORE   ENERGY   A0R/A00=1.000    R3= 0     2     4     6  
   7( 1)  494.017                    0.000 1.000 0.000 0.000

          AXIAL SYMMETRY => K RESTRICTED TO OMEGA

                     K
     S.P. ORB#: 25  0.50
     S.P. ORB#: 26  2.50
     S.P. ORB#: 27 -3.50
     S.P. ORB#: 28 -3.50
     S.P. ORB#: 29  0.50
     S.P. ORB#: 30 -1.50
     S.P. ORB#: 31  4.50
     S.P. ORB#: 32  0.50
     S.P. ORB#: 33 -1.50
     S.P. ORB#: 34 -1.50
     S.P. ORB#: 35  2.50
     S.P. ORB#: 36  2.50
     S.P. ORB#: 37  0.50
     S.P. ORB#: 38 -3.50
     S.P. ORB#: 39  4.50
 

             ENERGY    K= OMEGA
 
 I=  1/2- (1)  2.358  25:-0.054
                      37:-0.998
 
 I=  1/2- (2)  3.023  29: 0.999
 
 I=  1/2- (3)  5.489  25: 0.998
                      37:-0.056
 
 I=  1/2- (4)  8.468  32:-1.000
 
 I=  1/2- (5)147.478  33:-1.000

             ENERGY    K= OMEGA
 
 I=  3/2- (1)  1.779  25: 0.050
                      29: 0.202
                      30: 0.107
                      34: 0.970
                      37:-0.068
 
 I=  3/2- (2)  2.819  25: 0.121
                      30: 0.841
                      34:-0.142
                      37:-0.506

             ENERGY    K= OMEGA
 
 I=  5/2- (1)  1.951  25: 0.072
                      29:-0.174
                      30:-0.226
                      34: 0.480
                      35: 0.825
                      37:-0.051
 
 I=  5/2- (2)  2.443  29: 0.186
                      30:-0.224
                      34:-0.834
                      35: 0.459
                      37:-0.081
 
 I=  5/2- (3)  2.867  25:-0.178
                      29: 0.373
                      30: 0.518
                      35: 0.267
                      37: 0.700
 
 I=  5/2- (4)  3.358  25:-0.287
                      29: 0.295
                      30: 0.555
                      34: 0.065
                      35: 0.157
                      37:-0.703
 
 I=  5/2- (5)  4.325  25:-0.068
                      29: 0.810
                      30:-0.509
                      34: 0.256
                      35:-0.114

             ENERGY    K= OMEGA
 
 I=  7/2- (1)  2.596  29:-0.217
                      30: 0.238
                      34:-0.549
                      35: 0.768
 
 I=  7/2- (2)  2.786  26: 0.232
                      27:-0.075
                      28: 0.950
                      29:-0.068
                      30:-0.052
                      34:-0.158
                      35:-0.057
 
 I=  7/2- (3)  3.107  25: 0.204
                      28: 0.192
                      29: 0.370
                      30: 0.374
                      34: 0.633
                      35: 0.459
                      37:-0.186
 
 I=  7/2- (4)  3.280  32: 0.739
                      33: 0.570
                      36: 0.333
                      38: 0.131
 
 I=  7/2- (5)  4.233  25:-0.210
                      27: 0.051
                      29: 0.055
                      30:-0.742
                      34: 0.271
                      35: 0.425
                      37: 0.381

             ENERGY    K= OMEGA
 
 I=  9/2- (1)  2.336  26:-0.069
                      27: 0.243
                      28: 0.178
                      31:-0.950
 
 I=  9/2- (2)  3.236  25: 0.240
                      29:-0.360
                      30:-0.454
                      34: 0.442
                      35: 0.618
                      37:-0.164
 
 I=  9/2- (3)  3.682  26:-0.314
                      27:-0.103
                      28: 0.914
                      31: 0.169
                      34:-0.146
                      35: 0.052
 
 I=  9/2- (4)  4.279  25:-0.225
                      28: 0.118
                      29: 0.125
                      30: 0.482
                      34: 0.658
                      35: 0.161
                      37: 0.477
 
 I=  9/2- (5)  4.337  32: 0.223
                      33:-0.555
                      36: 0.622
                      38:-0.458
                      39: 0.214

             ENERGY    K= OMEGA
 
 I= 11/2- (1)  2.235  32:-0.676
                      33:-0.566
                      36:-0.400
                      38:-0.231
                      39:-0.097
 
 I= 11/2- (2)  3.321  26:-0.115
                      27:-0.324
                      28:-0.246
                      31:-0.905
 
 I= 11/2- (3)  4.554  29:-0.305
                      30: 0.311
                      31:-0.066
                      34:-0.572
                      35: 0.689
 
 I= 11/2- (4)  4.780  25: 0.108
                      26:-0.349
                      27: 0.130
                      28:-0.819
                      29: 0.152
                      30: 0.170
                      31: 0.220
                      34: 0.214
                      35: 0.165
                      37:-0.073
 
 I= 11/2- (5)  5.119  25:-0.320
                      26:-0.100
                      28:-0.347
                      29:-0.438
                      30:-0.456
                      31: 0.096
                      34:-0.423
                      35:-0.357
                      37: 0.226

             ENERGY    K= OMEGA
 
 I= 13/2- (1)  4.014  32: 0.193
                      33:-0.500
                      36: 0.609
                      38:-0.511
                      39: 0.283
 
 I= 13/2- (2)  4.526  26:-0.154
                      27: 0.373
                      28: 0.291
                      31:-0.863
                      35:-0.062
 
 I= 13/2- (3)  5.240  25:-0.365
                      29: 0.445
                      30: 0.536
                      31: 0.075
                      34:-0.350
                      35:-0.456
                      37: 0.210
 
 I= 13/2- (4)  6.166  26:-0.398
                      27:-0.162
                      28: 0.835
                      31: 0.287
                      34:-0.165
                      35: 0.062
 
 I= 13/2- (5)  6.876  25: 0.248
                      27: 0.055
                      28:-0.112
                      29:-0.157
                      30:-0.329
                      34:-0.589
                      35:-0.480
                      37:-0.460

             ENERGY     K= 9/2
  32 LEVELS    TIME=  0.0 SEC



 ******************* EXCITATION ENERGIES, DOMINANT CONFIGURATION AND EXPECTATION VALUES (WITH S.P. UU+VV FACTORS) *******************

  NR  Eex(keV)  I   Kdom  NY    <Jz>  <Jx**2> <Jy**2> <Jz**2> <I.j>/|I|  <Rx**2> <Ry**2> <Rz**2> <R.j>/|R|  <HROTx> <HROTy> <HROTz>

   1    0.0   3/2-  -3/2  34   -1.40    1.68    1.68    2.15    1.40       1.93    1.93    0.00   -1.43      0.235   0.235   0.000
   2  172.2   5/2-   5/2  35    1.30    2.05    2.05    4.89    2.33       1.97    1.97   -0.00   -1.05      0.240   0.240  -0.000
   3  456.4  11/2-   1/2  32    0.00   26.61   26.61    2.68    7.01       3.90    3.90   -0.00   -5.00      0.476   0.476  -0.000
   4  557.1   9/2-   9/2  31    3.76    2.62    2.62   19.44    4.43       2.66    2.66    0.00   -1.13      0.324   0.324   0.000
   5  579.3   1/2-   1/2  37    0.50    1.37    1.37    0.25    0.82       1.16    1.16    0.00   -1.50      0.142   0.142   0.000
  
   6  664.5   5/2-  -3/2  34   -0.57    1.68    1.68    3.02    1.06       4.41    4.41   -0.00   -1.09      0.538   0.538  -0.000
   7  817.2   7/2-   5/2  35    0.95    2.08    2.08    4.56    1.90       4.68    4.68    0.00   -0.38      0.570   0.570   0.000
   8 1007.7   7/2-  -7/2  28   -3.08    2.32    2.32   11.55    3.36       2.65    2.65   -0.00   -1.25      0.324   0.324  -0.000
   9 1040.2   3/2-  -3/2  30   -0.96    3.70    3.70    1.71    1.27       3.98    3.98    0.00   -2.36      0.485   0.485   0.000
  10 1088.1   5/2-   1/2  37    0.11    3.14    3.14    1.22    1.52       3.64    3.64    0.00   -1.12      0.443   0.443   0.000
  
  11 1243.8   1/2-   1/2  29    0.50    4.35    4.35    0.25    0.31       4.58    4.58    0.00   -2.87      0.559   0.559   0.000
  12 1328.7   7/2-  -3/2  34   -0.31    2.20    2.20    3.04    1.40       6.02    6.02    0.00   -0.54      0.734   0.734   0.000
  13 1456.7   9/2-   5/2  35    0.46    3.22    3.22    3.40    2.23       6.22    6.22   -0.00    0.35      0.759   0.759  -0.000
  14 1500.7   7/2-   1/2  32    0.00   26.79   26.79    1.77    6.76       8.71    8.71   -0.00   -6.83      1.062   1.062  -0.000
  15 1542.7  11/2-   9/2  31    3.14    2.90    2.90   18.69    4.00       6.21    6.21    0.00   -0.17      0.758   0.758   0.000
  
  16 1579.1   5/2-   1/2  37   -0.07    2.63    2.63    1.02    0.81       5.13    5.13    0.00   -1.22      0.626   0.626   0.000
  17 1903.0   9/2-  -7/2  28   -2.61    2.45    2.45   11.63    2.94       6.01    6.01   -0.00   -0.55      0.732   0.732  -0.000
  18 2234.9  13/2-   5/2  36    0.02   25.50   25.50    7.71    6.51       8.25    8.25   -0.00   -3.26      1.005   1.005  -0.000
  19 2454.7   7/2-  -3/2  30   -0.40    3.62    3.62    2.62    0.73       9.91    9.91    0.00   -1.56      1.209   1.209   0.000
  20 2500.2   9/2-  -3/2  34   -0.84    2.35    2.35    1.92    1.06      10.44   10.44    0.00   -0.30      1.272   1.272   0.000
  
  21 2546.4   5/2-   1/2  29   -0.12    4.31    4.31    0.98   -0.37      10.26   10.26    0.00   -2.36      1.251   1.251   0.000
  22 2558.2   9/2-   5/2  36    0.00   25.83   25.83    6.62    6.28      10.25   10.25   -0.00   -5.97      1.250   1.250  -0.000
  23 2747.7  13/2-   9/2  31    2.63    3.13    3.13   18.00    3.69      10.74   10.74    0.00    0.32      1.310   1.310   0.000
  24 2775.2  11/2-   5/2  35    0.61    2.36    2.36    4.06    1.61      12.61   12.61   -0.00    0.17      1.537   1.537  -0.000
  25 3001.0  11/2-  -7/2  28   -1.91    2.58    2.58   10.51    2.56      10.42   10.42   -0.00   -0.08      1.271   1.271  -0.000
  
  26 3339.7  11/2-  -3/2  30   -0.45    2.81    2.81    3.49    1.59      12.90   12.90   -0.00    0.08      1.572   1.572  -0.000
  27 3461.3  13/2-  -3/2  30    0.11    4.11    4.11    2.46    2.35      13.32   13.32    0.00    1.11      1.624   1.624   0.000
  28 3709.8   1/2-   1/2  25    0.50    5.68    5.68    0.25    0.70       5.58    5.58    0.00   -3.30      0.681   0.681   0.000
  29 4387.2  13/2-  -7/2  28   -1.79    2.65    2.65   11.61    2.44      15.78   15.78   -0.00    0.03      1.924   1.924  -0.000
  30 5097.6  13/2-  -3/2  34   -0.00    2.27    2.27    2.76    1.00      21.04   21.04    0.00   -0.05      2.565   2.565   0.000
  
  31 6689.7   1/2-   1/2  32    0.50   26.87   26.87    0.25   -3.90      30.74   30.74    0.00   -7.32      3.748   3.748   0.000
  32*******   1/2-  -3/2  33    0.00    0.00    0.00    0.00   -0.00       0.00    0.00    0.00   -0.00      0.000   0.000   0.000
