1SPECTRUM OF (Z= 82 A=207) IN PARTICLE-ROTOR  MODEL WITH MODIFIED OSCILLATOR POTENTIAL


 PARITY=-   EPS= 0.395   GAMMA=  0.0   EPS4=0.000   EPS6=0.000   LEVELS:  24  25  26  27  28  29  30  31  32  33  34  35  36  37  38

 PAIRING FACTORS: GN0= 19.20  GN1=  7.40  IPAIR= 15 ***  E2PLUS(INPUT)=   0.730  E2PLUR(INPUT)=   0.000

 CORIOLIS ATTENUATION PARAMETERS:  CHSI=1.000  ETA=  1.00

 MOMENT OF INERTIA PARAMETERS:   A1=  0.122 MEV   A2=  0.122 MEV   A3=121.91924 MEV


 DELTA=0.848 MEV  LAMBDA=53.4739 MEV   HW0= 7.5562 MEV   LAMBDA/HW0= 7.0769

 E2ENERGY=0.730 MEV  HBAR**2/B=28930./A**(7/3)=4890.6/A**2 MEV

 IREC=0  =>  RECOIL TERMS j+j-, j+j+, jzjz, ETC TREATED AS ONE-BODY OPERATORS WITH UU+VV PAIRING FACTORS



 S. P. LEVEL   EQP       U     V        (UU + VV)**1.00

     24       4.297    0.099 0.995      1.000 1.000 0.999 0.998 0.995 0.994 0.923 0.885 0.851 0.537 0.435 0.392 0.319 0.228 0.224
     25       3.754    0.114 0.994      1.000 1.000 1.000 0.999 0.996 0.995 0.929 0.892 0.859 0.549 0.448 0.405 0.333 0.242 0.239
     26       3.113    0.137 0.991      0.999 1.000 1.000 1.000 0.998 0.997 0.938 0.902 0.871 0.569 0.469 0.427 0.356 0.265 0.262
     27       2.740    0.157 0.988      0.998 0.999 1.000 1.000 0.999 0.998 0.944 0.911 0.880 0.585 0.486 0.444 0.374 0.284 0.281
     28       2.182    0.198 0.980      0.995 0.996 0.998 0.999 1.000 1.000 0.957 0.927 0.899 0.618 0.523 0.482 0.412 0.324 0.321
     29       2.048    0.212 0.977      0.994 0.995 0.997 0.998 1.000 1.000 0.961 0.932 0.905 0.629 0.535 0.494 0.425 0.337 0.334
     30       1.016    0.473 0.881      0.923 0.929 0.938 0.944 0.957 0.961 1.000 0.996 0.987 0.819 0.747 0.715 0.658 0.584 0.581
     31       0.922    0.551 0.835      0.885 0.892 0.902 0.911 0.927 0.932 0.996 1.000 0.998 0.868 0.804 0.775 0.723 0.655 0.652
     32       0.878    0.607 0.795      0.851 0.859 0.871 0.880 0.899 0.905 0.987 0.998 1.000 0.900 0.843 0.816 0.769 0.705 0.703
     33       1.054    0.893 0.450      0.537 0.549 0.569 0.585 0.618 0.629 0.819 0.868 0.900 1.000 0.993 0.987 0.971 0.944 0.943
     34       1.313    0.939 0.344      0.435 0.448 0.469 0.486 0.523 0.535 0.747 0.804 0.843 0.993 1.000 0.999 0.992 0.976 0.975
     35       1.487    0.954 0.299      0.392 0.405 0.427 0.444 0.482 0.494 0.715 0.775 0.816 0.987 0.999 1.000 0.997 0.985 0.985
     36       1.944    0.975 0.224      0.319 0.333 0.356 0.374 0.412 0.425 0.658 0.723 0.769 0.971 0.992 0.997 1.000 0.996 0.995
     37       3.279    0.991 0.130      0.228 0.242 0.265 0.284 0.324 0.337 0.584 0.655 0.705 0.944 0.976 0.985 0.996 1.000 1.000
     38       3.369    0.992 0.127      0.224 0.239 0.262 0.281 0.321 0.334 0.581 0.652 0.703 0.943 0.975 0.985 0.995 1.000 1.000

  R CORE   ENERGY   A0R/A00=1.000    R3= 0     2  
   2( 1)    0.732                    1.000 0.000
   2( 2)  487.921                    0.000 1.000

  R CORE   ENERGY   A0R/A00=1.000    R3= 0     2  
   3( 1)  488.652                    0.000 1.000

  R CORE   ENERGY   A0R/A00=1.000    R3= 0     2     4  
   4( 1)    2.438                    1.000 0.000 0.000

  R CORE   ENERGY   A0R/A00=1.000    R3= 0     2     4  
   5( 1)  490.847                    0.000 1.000 0.000

  R CORE   ENERGY   A0R/A00=1.000    R3= 0     2     4     6  
   6( 1)    5.121                    1.000 0.000 0.000 0.000

  R CORE   ENERGY   A0R/A00=1.000    R3= 0     2     4     6  
   7( 1)  494.017                    0.000 1.000 0.000 0.000

          AXIAL SYMMETRY => K RESTRICTED TO OMEGA

                     K
     S.P. ORB#: 24  0.50
     S.P. ORB#: 25 -5.50
     S.P. ORB#: 26  0.50
     S.P. ORB#: 27  2.50
     S.P. ORB#: 28 -3.50
     S.P. ORB#: 29 -1.50
     S.P. ORB#: 30  0.50
     S.P. ORB#: 31 -1.50
     S.P. ORB#: 32  2.50
     S.P. ORB#: 33 -3.50
     S.P. ORB#: 34  0.50
     S.P. ORB#: 35  4.50
     S.P. ORB#: 36 -3.50
     S.P. ORB#: 37  0.50
     S.P. ORB#: 38 -1.50
 

             ENERGY    K= OMEGA
 
 I=  1/2- (1)  2.319  30: 0.999
 
 I=  1/2- (2)  4.246  26:-0.193
                      34: 0.914
                      37:-0.357
 
 I=  1/2- (3)  5.981  24: 0.999
 
 I=  1/2- (4)  7.224  26:-0.328
                      34: 0.283
                      37: 0.901
 
 I=  1/2- (5)  9.462  26:-0.925
                      34:-0.291
                      37:-0.245

             ENERGY    K= OMEGA
 
 I=  3/2- (1)  2.226  24: 0.058
                      30:-0.338
                      31: 0.939
 
 I=  3/2- (2)  2.419  24:-0.194
                      30:-0.911
                      31:-0.316
                      38:-0.178

             ENERGY    K= OMEGA
 
 I=  5/2- (1)  2.490  24:-0.259
                      30: 0.507
                      31: 0.819
                      38:-0.070
 
 I=  5/2- (2)  3.338  27: 0.067
                      30:-0.784
                      31: 0.524
                      38: 0.322
 
 I=  5/2- (3)  4.509  27: 0.950
                      30: 0.126
                      31:-0.097
                      38: 0.267
 
 I=  5/2- (4)  4.651  26:-0.145
                      34: 0.805
                      37:-0.574
 
 I=  5/2- (5)  4.787  24: 0.065
                      27: 0.302
                      30:-0.275
                      31: 0.101
                      38:-0.905

             ENERGY    K= OMEGA
 
 I=  7/2- (1)  1.943  27:-0.151
                      33: 0.988
 
 I=  7/2- (2)  3.403  24: 0.176
                      30: 0.908
                      31:-0.277
                      38: 0.260
 
 I=  7/2- (3)  3.478  24:-0.281
                      27: 0.076
                      30:-0.197
                      31:-0.929
                      38:-0.112
 
 I=  7/2- (4)  4.089  27: 0.180
                      28: 0.982
 
 I=  7/2- (5)  4.154  26:-0.597
                      29:-0.589
                      32:-0.499
                      36:-0.218

             ENERGY    K= OMEGA
 
 I=  9/2- (1)  2.415  27: 0.087
                      28:-0.165
                      33: 0.366
                      35: 0.912
 
 I=  9/2- (2)  3.026  27: 0.202
                      28: 0.099
                      33: 0.903
                      35:-0.364
 
 I=  9/2- (3)  3.707  24:-0.387
                      30: 0.564
                      31: 0.716
                      38:-0.128
 
 I=  9/2- (4)  4.802  26:-0.208
                      29: 0.554
                      32:-0.694
                      36: 0.410
 
 I=  9/2- (5)  5.199  27: 0.278
                      28:-0.802
                      30:-0.331
                      31: 0.284
                      35:-0.157
                      38: 0.250

             ENERGY    K= OMEGA
 
 I= 11/2- (1)  3.558  27: 0.135
                      28: 0.224
                      33:-0.447
                      35: 0.854
 
 I= 11/2- (2)  3.584  26: 0.598
                      29: 0.589
                      32: 0.477
                      34: 0.114
                      36: 0.229
 
 I= 11/2- (3)  4.334  27: 0.238
                      28:-0.147
                      33:-0.849
                      35:-0.444
 
 I= 11/2- (4)  5.099  25:-0.999
 
 I= 11/2- (5)  5.293  24:-0.355
                      30:-0.850
                      31:-0.215
                      38:-0.320

             ENERGY    K= OMEGA
 
 I= 13/2- (1)  4.934  27:-0.174
                      28: 0.265
                      33:-0.489
                      35:-0.811
 
 I= 13/2- (2)  5.369  26: 0.216
                      29:-0.567
                      32: 0.680
                      36:-0.410
 
 I= 13/2- (3)  5.749  24:-0.443
                      27: 0.102
                      28: 0.054
                      30: 0.540
                      31: 0.640
                      33: 0.209
                      35:-0.164
                      38:-0.135
 
 I= 13/2- (4)  5.884  24: 0.134
                      25: 0.051
                      27: 0.246
                      28: 0.177
                      30:-0.178
                      31:-0.170
                      33: 0.784
                      35:-0.455
                      38: 0.070
 
 I= 13/2- (5)  6.686  25: 0.998
                      35: 0.054

             ENERGY     K=-3/2
  32 LEVELS    TIME=  0.0 SEC



 ******************* EXCITATION ENERGIES, DOMINANT CONFIGURATION AND EXPECTATION VALUES (WITH S.P. UU+VV FACTORS) *******************

  NR  Eex(keV)  I   Kdom  NY    <Jz>  <Jx**2> <Jy**2> <Jz**2> <I.j>/|I|  <Rx**2> <Ry**2> <Rz**2> <R.j>/|R|  <HROTx> <HROTy> <HROTz>

   1    0.0   7/2-  -7/2  33   -3.36    2.30    2.30   12.11    3.21       3.48    3.48    0.00   -1.50      0.425   0.425   0.000
   2  282.5   3/2-  -3/2  31   -1.27    5.00    5.00    2.02    1.36       5.26    5.26    0.00   -2.90      0.641   0.641   0.000
   3  375.4   1/2-   1/2  30    0.50    5.01    5.01    0.25    0.23       5.31    5.31    0.00   -3.09      0.647   0.647   0.000
   4  472.0   9/2-   9/2  35    3.19    2.50    2.50   18.85    4.10       3.93    3.93    0.00   -1.24      0.479   0.479   0.000
   5  475.6   3/2-   1/2  30    0.24    4.72    4.72    0.51    0.97       4.98    4.98   -0.00   -2.56      0.607   0.607  -0.000
  
   6  546.2   5/2-  -3/2  31   -0.85    5.27    5.27    1.61    1.73       5.34    5.34    0.00   -2.15      0.651   0.651   0.000
   7 1083.1   9/2-  -7/2  33   -2.19    2.37    2.37   13.05    2.76       7.52    7.52    0.00   -1.04      0.917   0.917   0.000
   8 1394.9   5/2-   1/2  30   -0.25    4.55    4.55    1.03    0.30       8.57    8.57    0.00   -2.24      1.045   1.045   0.000
   9 1459.4   7/2-   1/2  30    0.21    4.71    4.71    0.54    1.03       8.75    8.75    0.00   -1.40      1.066   1.066   0.000
  10 1534.6   7/2-  -3/2  31   -1.24    4.97    4.97    2.05    1.18       9.20    9.20    0.00   -1.71      1.122   1.122   0.000
  
  11 1614.6  11/2-   9/2  35    2.45    2.66    2.66   18.00    3.50       8.60    8.60    0.00   -0.58      1.048   1.048   0.000
  12 1640.5  11/2-   1/2  26    0.05   23.17   23.17    2.94    6.13       5.88    5.88    0.00   -3.69      0.717   0.717   0.000
  13 1763.3   9/2-  -3/2  31   -0.56    5.51    5.51    1.34    1.91       9.05    9.05    0.00   -0.67      1.104   1.104   0.000
  14 2145.3   7/2-  -7/2  28   -3.30    6.24    6.24   12.03    3.12       7.75    7.75    0.00   -3.08      0.945   0.945   0.001
  15 2210.2   7/2-   1/2  26    0.12   22.80   22.80    3.01    6.02       8.30    8.30    0.00   -6.07      1.012   1.012   0.000
  
  16 2302.8   1/2-   1/2  34    0.50   11.11   11.11    0.25    1.03      10.72   10.72    0.00   -4.66      1.307   1.307   0.000
  17 2390.3  11/2-  -7/2  33   -1.58    2.45    2.45   13.48    2.42      12.59   12.59    0.00   -0.78      1.535   1.535   0.000
  18 2565.2   5/2-   5/2  27    2.14    5.76    5.76    5.83    1.96       7.25    7.25    0.00   -3.03      0.884   0.884   0.000
  19 2708.1   5/2-   1/2  34    0.50   11.27   11.27    0.25    1.65      10.88   10.88    0.00   -3.84      1.326   1.326   0.000
  20 2843.8   5/2-  -3/2  38   -0.98    2.59    2.59    2.45    0.45       6.86    6.86   -0.00   -1.70      0.837   0.837  -0.000
  
  21 2858.7   9/2-   5/2  32    0.18   23.60   23.60    5.77    5.10      13.48   13.48    0.00   -5.31      1.644   1.644   0.000
  22 2990.4  13/2-   9/2  35    1.94    2.81    2.81   17.35    3.10      14.18   14.18    0.00   -0.24      1.729   1.729   0.000
  23 3155.3  11/2- -11/2  25   -5.48    2.75    2.75   30.22    5.05       5.53    5.53    0.00   -1.66      0.675   0.675   0.000
  24 3256.2   9/2-  -7/2  28   -2.12    5.52    5.52    9.24    1.93      12.91   12.91    0.00   -2.10      1.574   1.574   0.000
  25 3349.9  11/2-   1/2  30    0.20    4.55    4.55    0.58    1.31      14.86   14.86    0.00   -0.33      1.812   1.812   0.000
  
  26 3425.5  13/2-   5/2  32    0.11   23.61   23.61    5.69    5.03      15.71   15.71    0.00   -3.17      1.915   1.915   0.000
  27 3805.5  13/2-  -3/2  31   -0.41    5.44    5.44    2.27    2.06      16.60   16.60    0.00    0.21      2.024   2.024   0.000
  28 3940.4  13/2-  -7/2  33   -1.22    2.77    2.77   12.66    2.13      18.58   18.58    0.00   -0.54      2.266   2.266   0.000
  29 4037.6   1/2-   1/2  24    0.50    6.99    6.99    0.25    0.64       6.94    6.94    0.00   -3.67      0.846   0.846   0.000
  30 4742.6  13/2- -11/2  25   -5.47    2.75    2.75   30.18    4.32      12.06   12.06    0.00   -1.13      1.471   1.471   0.000
  
  31 5280.6   1/2-   1/2  37    0.50   15.89   15.89    0.25   -0.59      16.90   16.90    0.00   -5.60      2.060   2.060   0.000
  32 7518.3   1/2-   1/2  26    0.50   23.14   23.14    0.25   -3.44      26.62   26.62    0.00   -6.79      3.246   3.246   0.000
