1SPECTRUM OF (Z= 82 A=207) IN PARTICLE-ROTOR  MODEL WITH MODIFIED OSCILLATOR POTENTIAL


 PARITY=-   EPS= 0.239   GAMMA=  0.0   EPS4=0.000   EPS6=0.000   LEVELS:  24  25  26  27  28  29  30  31  32  33  34  35  36  37  38

 PAIRING FACTORS: GN0= 19.20  GN1=  7.40  IPAIR= 15 ***  E2PLUS(INPUT)=   0.730  E2PLUR(INPUT)=   0.000

 CORIOLIS ATTENUATION PARAMETERS:  CHSI=1.000  ETA=  1.00

 MOMENT OF INERTIA PARAMETERS:   A1=  0.122 MEV   A2=  0.122 MEV   A3=121.91924 MEV


 DELTA=0.938 MEV  LAMBDA=53.4398 MEV   HW0= 7.4611 MEV   LAMBDA/HW0= 7.1625

 E2ENERGY=0.730 MEV  HBAR**2/B=10591./A**(7/3)=1790.4/A**2 MEV

 IREC=0  =>  RECOIL TERMS j+j-, j+j+, jzjz, ETC TREATED AS ONE-BODY OPERATORS WITH UU+VV PAIRING FACTORS



 S. P. LEVEL   EQP       U     V        (UU + VV)**1.00

     24       5.177    0.091 0.996      1.000 1.000 1.000 0.999 0.990 0.987 0.982 0.976 0.654 0.511 0.505 0.435 0.359 0.328 0.264
     25       4.137    0.114 0.993      1.000 1.000 1.000 1.000 0.993 0.990 0.986 0.981 0.671 0.531 0.525 0.456 0.380 0.350 0.287
     26       3.964    0.119 0.993      1.000 1.000 1.000 1.000 0.994 0.991 0.987 0.982 0.675 0.535 0.530 0.461 0.385 0.355 0.292
     27       3.422    0.138 0.990      0.999 1.000 1.000 1.000 0.996 0.993 0.990 0.985 0.689 0.552 0.546 0.478 0.403 0.373 0.310
     28       2.116    0.228 0.974      0.990 0.993 0.994 0.996 1.000 1.000 0.999 0.997 0.752 0.625 0.620 0.555 0.484 0.455 0.395
     29       1.933    0.251 0.968      0.987 0.990 0.991 0.993 1.000 1.000 1.000 0.998 0.767 0.643 0.638 0.575 0.505 0.476 0.417
     30       1.770    0.276 0.961      0.982 0.986 0.987 0.990 0.999 1.000 1.000 1.000 0.784 0.663 0.658 0.596 0.527 0.499 0.440
     31       1.613    0.305 0.952      0.976 0.981 0.982 0.985 0.997 0.998 1.000 1.000 0.803 0.686 0.681 0.621 0.553 0.526 0.468
     32       0.991    0.813 0.582      0.654 0.671 0.675 0.689 0.752 0.767 0.784 0.803 1.000 0.985 0.983 0.966 0.941 0.929 0.903
     33       1.206    0.902 0.431      0.511 0.531 0.535 0.552 0.625 0.643 0.663 0.686 0.985 1.000 1.000 0.996 0.986 0.980 0.964
     34       1.220    0.905 0.425      0.505 0.525 0.530 0.546 0.620 0.638 0.658 0.681 0.983 1.000 1.000 0.997 0.987 0.981 0.966
     35       1.425    0.936 0.352      0.435 0.456 0.461 0.478 0.555 0.575 0.596 0.621 0.966 0.996 0.997 1.000 0.997 0.993 0.983
     36       1.790    0.962 0.272      0.359 0.380 0.385 0.403 0.484 0.505 0.527 0.553 0.941 0.986 0.987 0.997 1.000 0.999 0.995
     37       2.007    0.971 0.241      0.328 0.350 0.355 0.373 0.455 0.476 0.499 0.526 0.929 0.980 0.981 0.993 0.999 1.000 0.998
     38       2.713    0.984 0.176      0.264 0.287 0.292 0.310 0.395 0.417 0.440 0.468 0.903 0.964 0.966 0.983 0.995 0.998 1.000

  R CORE   ENERGY   A0R/A00=1.000    R3= 0     2  
   2( 1)    0.732                    1.000 0.000
   2( 2)  487.921                    0.000 1.000

  R CORE   ENERGY   A0R/A00=1.000    R3= 0     2  
   3( 1)  488.652                    0.000 1.000

  R CORE   ENERGY   A0R/A00=1.000    R3= 0     2     4  
   4( 1)    2.438                    1.000 0.000 0.000

  R CORE   ENERGY   A0R/A00=1.000    R3= 0     2     4  
   5( 1)  490.847                    0.000 1.000 0.000

  R CORE   ENERGY   A0R/A00=1.000    R3= 0     2     4     6  
   6( 1)    5.121                    1.000 0.000 0.000 0.000

  R CORE   ENERGY   A0R/A00=1.000    R3= 0     2     4     6  
   7( 1)  494.017                    0.000 1.000 0.000 0.000

          AXIAL SYMMETRY => K RESTRICTED TO OMEGA

                     K
     S.P. ORB#: 24  2.50
     S.P. ORB#: 25  0.50
     S.P. ORB#: 26  2.50
     S.P. ORB#: 27 -3.50
     S.P. ORB#: 28 -3.50
     S.P. ORB#: 29  0.50
     S.P. ORB#: 30 -1.50
     S.P. ORB#: 31  4.50
     S.P. ORB#: 32  0.50
     S.P. ORB#: 33 -1.50
     S.P. ORB#: 34 -1.50
     S.P. ORB#: 35  2.50
     S.P. ORB#: 36  2.50
     S.P. ORB#: 37  0.50
     S.P. ORB#: 38 -3.50
 

             ENERGY    K= OMEGA
 
 I=  1/2- (1)  2.294  25:-0.054
                      37:-0.998
 
 I=  1/2- (2)  3.047  29: 0.999
 
 I=  1/2- (3)  5.477  25: 0.998
                      37:-0.056
 
 I=  1/2- (4)  8.526  32:-1.000
 
 I=  1/2- (5)147.509  33: 1.000

             ENERGY    K= OMEGA
 
 I=  3/2- (1)  1.733  29: 0.196
                      30: 0.104
                      34: 0.971
                      37:-0.067
 
 I=  3/2- (2)  2.811  25: 0.114
                      29: 0.144
                      30: 0.692
                      34:-0.156
                      37:-0.680

             ENERGY    K= OMEGA
 
 I=  5/2- (1)  1.899  25: 0.067
                      29:-0.166
                      30:-0.210
                      34: 0.481
                      35: 0.831
 
 I=  5/2- (2)  2.396  29: 0.187
                      30:-0.215
                      34:-0.836
                      35: 0.461
                      37:-0.078
 
 I=  5/2- (3)  2.828  25:-0.162
                      29: 0.348
                      30: 0.494
                      35: 0.242
                      37: 0.740
 
 I=  5/2- (4)  3.321  24:-0.061
                      25: 0.296
                      29:-0.308
                      30:-0.589
                      34:-0.061
                      35:-0.160
                      37: 0.661
 
 I=  5/2- (5)  4.337  24: 0.063
                      25: 0.076
                      29:-0.817
                      30: 0.496
                      34:-0.255
                      35: 0.105

             ENERGY    K= OMEGA
 
 I=  7/2- (1)  2.545  29:-0.211
                      30: 0.232
                      34:-0.549
                      35: 0.772
 
 I=  7/2- (2)  2.831  24:-0.053
                      25: 0.054
                      26:-0.233
                      27: 0.102
                      28:-0.920
                      29: 0.098
                      30: 0.108
                      34: 0.219
                      35: 0.111
 
 I=  7/2- (3)  3.074  25:-0.194
                      28:-0.298
                      29:-0.351
                      30:-0.361
                      34:-0.621
                      35:-0.448
                      37: 0.181
 
 I=  7/2- (4)  3.306  32:-0.739
                      33:-0.570
                      36:-0.334
                      38:-0.132
 
 I=  7/2- (5)  4.165  24:-0.147
                      25: 0.194
                      27: 0.101
                      29:-0.085
                      30: 0.741
                      34:-0.255
                      35:-0.424
                      37:-0.358

             ENERGY    K= OMEGA
 
 I=  9/2- (1)  2.365  24: 0.067
                      26:-0.063
                      27: 0.271
                      28: 0.163
                      31:-0.942
 
 I=  9/2- (2)  3.186  24: 0.052
                      25:-0.235
                      27: 0.051
                      28:-0.067
                      29: 0.349
                      30: 0.453
                      31: 0.070
                      34:-0.436
                      35:-0.621
                      37: 0.164
 
 I=  9/2- (3)  3.707  24: 0.084
                      26: 0.315
                      27: 0.141
                      28:-0.895
                      29:-0.052
                      30: 0.070
                      31:-0.132
                      34: 0.216
 
 I=  9/2- (4)  4.226  24:-0.078
                      25: 0.217
                      28:-0.196
                      29:-0.116
                      30:-0.480
                      34:-0.639
                      35:-0.166
                      37:-0.476
 
 I=  9/2- (5)  4.408  25:-0.142
                      28:-0.136
                      29: 0.424
                      34:-0.465
                      35: 0.701
                      37: 0.269

             ENERGY    K= OMEGA
 
 I= 11/2- (1)  2.313  32:-0.696
                      33:-0.575
                      36:-0.387
                      38:-0.188
 
 I= 11/2- (2)  3.294  24: 0.114
                      26:-0.101
                      27:-0.374
                      28:-0.212
                      31:-0.886
                      35:-0.060
 
 I= 11/2- (3)  4.493  24:-0.052
                      27: 0.058
                      28:-0.107
                      29:-0.278
                      30: 0.340
                      31:-0.094
                      34:-0.539
                      35: 0.700
 
 I= 11/2- (4)  4.735  24:-0.131
                      25: 0.157
                      26:-0.329
                      27: 0.170
                      28:-0.744
                      29: 0.232
                      30: 0.235
                      31: 0.118
                      34: 0.343
                      35: 0.120
                      37:-0.108
 
 I= 11/2- (5)  5.108  25:-0.292
                      26:-0.159
                      28:-0.482
                      29:-0.400
                      30:-0.418
                      31: 0.149
                      34:-0.392
                      35:-0.316
                      37: 0.211

             ENERGY    K= OMEGA
 
 I= 13/2- (1)  4.409  24: 0.163
                      25:-0.059
                      26:-0.128
                      27: 0.441
                      28: 0.229
                      29: 0.065
                      30: 0.115
                      31:-0.821
                      34:-0.062
                      35:-0.102
 
 I= 13/2- (2)  4.606  32:-0.237
                      33: 0.590
                      36:-0.650
                      38: 0.416
 
 I= 13/2- (3)  5.182  24:-0.071
                      25: 0.353
                      28: 0.123
                      29:-0.425
                      30:-0.534
                      31:-0.191
                      34: 0.330
                      35: 0.446
                      37:-0.208
 
 I= 13/2- (4)  6.112  24: 0.142
                      26: 0.397
                      27: 0.204
                      28:-0.820
                      29:-0.091
                      30: 0.064
                      31:-0.172
                      34: 0.257
 
 I= 13/2- (5)  6.825  24:-0.064
                      25: 0.239
                      28:-0.186
                      29:-0.142
                      30:-0.331
                      34:-0.577
                      35:-0.479
                      37:-0.456

             ENERGY     K=-7/2
  32 LEVELS    TIME=  0.0 SEC



 ******************* EXCITATION ENERGIES, DOMINANT CONFIGURATION AND EXPECTATION VALUES (WITH S.P. UU+VV FACTORS) *******************

  NR  Eex(keV)  I   Kdom  NY    <Jz>  <Jx**2> <Jy**2> <Jz**2> <I.j>/|I|  <Rx**2> <Ry**2> <Rz**2> <R.j>/|R|  <HROTx> <HROTy> <HROTz>

   1    0.0   3/2-  -3/2  34   -1.41    1.67    1.67    2.16    1.40       1.92    1.92    0.00   -1.43      0.234   0.234   0.000
   2  166.9   5/2-   5/2  35    1.33    1.99    1.99    4.94    2.32       1.96    1.96    0.00   -1.03      0.239   0.239   0.000
   3  561.0   1/2-   1/2  37    0.50    1.36    1.36    0.25    0.82       1.15    1.15    0.00   -1.49      0.140   0.140   0.000
   4  580.6  11/2-   1/2  32   -0.00   26.83   26.83    2.23    6.93       4.39    4.39   -0.00   -4.88      0.535   0.535  -0.000
   5  632.6   9/2-   9/2  31    3.67    2.72    2.72   19.27    4.49       2.38    2.38    0.00   -1.08      0.290   0.290   0.001
  
   6  663.3   5/2-  -3/2  34   -0.56    1.67    1.67    3.03    1.07       4.40    4.40    0.00   -1.08      0.536   0.536   0.000
   7  812.4   7/2-   5/2  35    0.97    2.07    2.07    4.58    1.91       4.65    4.65   -0.00   -0.37      0.567   0.567  -0.000
   8 1078.6   3/2-  -3/2  30   -0.51    3.03    3.03    1.26    0.93       3.73    3.73    0.00   -2.02      0.455   0.455   0.000
   9 1095.9   5/2-   1/2  37    0.13    2.97    2.97    1.11    1.48       3.52    3.52    0.00   -1.00      0.429   0.429   0.000
  10 1098.3   7/2-  -7/2  28   -2.90    2.27    2.27   11.06    3.28       2.64    2.64    0.00   -1.11      0.322   0.322   0.000
  
  11 1314.9   1/2-   1/2  29    0.50    4.34    4.34    0.25    0.32       4.56    4.56   -0.00   -2.86      0.556   0.556  -0.000
  12 1341.4   7/2-  -3/2  34   -0.49    2.19    2.19    3.56    1.50       5.88    5.88    0.00   -0.58      0.717   0.717   0.000
  13 1453.4   9/2-   5/2  35    0.47    3.25    3.25    3.55    2.27       6.08    6.08    0.00    0.36      0.741   0.741   0.000
  14 1561.7  11/2-   9/2  31    2.95    3.14    3.14   18.33    4.13       5.48    5.48    0.00    0.03      0.668   0.668   0.001
  15 1573.0   7/2-   1/2  32    0.00   26.91   26.91    1.78    6.79       8.72    8.72   -0.00   -6.86      1.063   1.063  -0.000
  
  16 1588.2   5/2-   1/2  37   -0.14    2.79    2.79    1.13    0.92       5.01    5.01    0.00   -1.26      0.611   0.611   0.000
  17 1974.6   9/2-  -7/2  28   -2.60    2.37    2.37   11.19    2.92       5.79    5.79    0.00   -0.41      0.706   0.706   0.000
  18 2432.3   7/2-  -3/2  30   -0.37    3.67    3.67    2.81    0.91       9.36    9.36    0.00   -1.52      1.141   1.141   0.000
  19 2493.3   9/2-  -3/2  34   -0.86    2.35    2.35    2.23    1.13      10.21   10.21    0.00   -0.29      1.244   1.244   0.000
  20 2604.0   5/2-   1/2  29   -0.09    4.32    4.32    0.96   -0.32      10.13   10.13    0.00   -2.34      1.235   1.235   0.000
  
  21 2675.3   9/2-   5/2  35    0.98    2.42    2.42    3.89    1.04      11.58   11.58    0.00   -0.74      1.412   1.412   0.000
  22 2676.6  13/2-   9/2  31    2.28    3.59    3.59   17.05    3.89       9.34    9.34    0.00    0.68      1.138   1.138   0.000
  23 2760.6  11/2-   5/2  35    0.65    2.45    2.45    4.37    1.69      12.39   12.39    0.00    0.17      1.511   1.511   0.000
  24 2873.9  13/2-   5/2  36   -0.04   26.25   26.25    5.56    5.94      11.91   11.91    0.00   -3.40      1.452   1.452   0.000
  25 3002.7  11/2-  -7/2  28   -1.84    2.56    2.56    8.71    2.48       9.97    9.97   -0.00    0.22      1.216   1.216  -0.000
  
  26 3375.6  11/2-  -7/2  28   -0.75    2.78    2.78    4.91    1.75      12.63   12.63    0.00    0.00      1.540   1.540   0.000
  27 3449.2  13/2-  -3/2  30    0.21    4.08    4.08    3.18    2.43      13.06   13.06    0.00    1.10      1.593   1.593   0.000
  28 3744.1   1/2-   1/2  25    0.50    5.63    5.63    0.25    0.70       5.53    5.53   -0.00   -3.28      0.674   0.674  -0.000
  29 4379.0  13/2-  -7/2  28   -2.02    2.57    2.57   10.61    2.47      15.03   15.03    0.00    0.27      1.833   1.833   0.000
  30 5092.4  13/2-  -3/2  34   -0.05    2.21    2.21    3.00    1.03      20.92   20.92    0.00   -0.04      2.551   2.551   0.000
  
  31 6793.8   1/2-   1/2  32    0.50   27.02   27.02    0.25   -3.91      30.90   30.90    0.00   -7.34      3.768   3.768   0.000
  32*******   1/2-  -3/2  33    0.00    0.00    0.00    0.00   -0.00       0.00    0.00    0.00   -0.00      0.000   0.000   0.000
