1SPECTRUM OF (Z= 82 A=207) IN PARTICLE-ROTOR  MODEL WITH MODIFIED OSCILLATOR POTENTIAL


 PARITY=-   EPS= 0.326   GAMMA=  0.0   EPS4=0.000   EPS6=0.000   LEVELS:  24  25  26  27  28  29  30  31  32  33  34  35  36  37  38

 PAIRING FACTORS: GN0= 19.20  GN1=  7.40  IPAIR= 15 ***  E2PLUS(INPUT)=   0.730  E2PLUR(INPUT)=   0.000

 CORIOLIS ATTENUATION PARAMETERS:  CHSI=1.000  ETA=  1.00

 MOMENT OF INERTIA PARAMETERS:   A1=  0.122 MEV   A2=  0.122 MEV   A3=121.91923 MEV


 DELTA=0.926 MEV  LAMBDA=53.3137 MEV   HW0= 7.5072 MEV   LAMBDA/HW0= 7.1017

 E2ENERGY=0.730 MEV  HBAR**2/B=19706./A**(7/3)=3331.2/A**2 MEV

 IREC=0  =>  RECOIL TERMS j+j-, j+j+, jzjz, ETC TREATED AS ONE-BODY OPERATORS WITH UU+VV PAIRING FACTORS



 S. P. LEVEL   EQP       U     V        (UU + VV)**1.00

     24       4.801    0.097 0.995      1.000 1.000 0.999 0.997 0.978 0.961 0.944 0.910 0.886 0.704 0.534 0.290 0.288 0.268 0.266
     25       4.167    0.112 0.994      1.000 1.000 0.999 0.998 0.981 0.965 0.949 0.916 0.893 0.715 0.547 0.305 0.303 0.283 0.280
     26       3.208    0.146 0.989      0.999 0.999 1.000 0.999 0.987 0.973 0.959 0.929 0.908 0.738 0.575 0.337 0.335 0.315 0.313
     27       2.651    0.177 0.984      0.997 0.998 0.999 1.000 0.992 0.980 0.968 0.941 0.920 0.759 0.601 0.367 0.365 0.346 0.343
     28       1.601    0.303 0.953      0.978 0.981 0.987 0.992 1.000 0.998 0.992 0.977 0.963 0.837 0.699 0.484 0.482 0.464 0.462
     29       1.350    0.369 0.930      0.961 0.965 0.973 0.980 0.998 1.000 0.998 0.989 0.980 0.873 0.747 0.544 0.542 0.524 0.523
     30       1.215    0.420 0.908      0.944 0.949 0.959 0.968 0.992 0.998 1.000 0.996 0.989 0.899 0.783 0.589 0.588 0.571 0.569
     31       1.067    0.501 0.865      0.910 0.916 0.929 0.941 0.977 0.989 0.996 1.000 0.998 0.935 0.837 0.661 0.660 0.644 0.642
     32       1.010    0.548 0.837      0.886 0.893 0.908 0.920 0.963 0.980 0.989 0.998 1.000 0.953 0.865 0.701 0.700 0.685 0.683
     33       0.945    0.775 0.632      0.704 0.715 0.738 0.759 0.837 0.873 0.899 0.935 0.953 1.000 0.976 0.884 0.883 0.873 0.872
     34       1.152    0.893 0.450      0.534 0.547 0.575 0.601 0.699 0.747 0.783 0.837 0.865 0.976 1.000 0.964 0.964 0.958 0.957
     35       2.405    0.981 0.196      0.290 0.305 0.337 0.367 0.484 0.544 0.589 0.661 0.701 0.884 0.964 1.000 1.000 1.000 1.000
     36       2.430    0.981 0.194      0.288 0.303 0.335 0.365 0.482 0.542 0.588 0.660 0.700 0.883 0.964 1.000 1.000 1.000 1.000
     37       2.707    0.985 0.174      0.268 0.283 0.315 0.346 0.464 0.524 0.571 0.644 0.685 0.873 0.958 1.000 1.000 1.000 1.000
     38       2.740    0.985 0.171      0.266 0.280 0.313 0.343 0.462 0.523 0.569 0.642 0.683 0.872 0.957 1.000 1.000 1.000 1.000

  R CORE   ENERGY   A0R/A00=1.000    R3= 0     2  
   2( 1)    0.732                    1.000 0.000
   2( 2)  487.921                    0.000 1.000

  R CORE   ENERGY   A0R/A00=1.000    R3= 0     2  
   3( 1)  488.652                    0.000 1.000

  R CORE   ENERGY   A0R/A00=1.000    R3= 0     2     4  
   4( 1)    2.438                    1.000 0.000 0.000

  R CORE   ENERGY   A0R/A00=1.000    R3= 0     2     4  
   5( 1)  490.847                    0.000 1.000 0.000

  R CORE   ENERGY   A0R/A00=1.000    R3= 0     2     4     6  
   6( 1)    5.121                    1.000 0.000 0.000 0.000

  R CORE   ENERGY   A0R/A00=1.000    R3= 0     2     4     6  
   7( 1)  494.017                    0.000 1.000 0.000 0.000

          AXIAL SYMMETRY => K RESTRICTED TO OMEGA

                     K
     S.P. ORB#: 24 -5.50
     S.P. ORB#: 25  0.50
     S.P. ORB#: 26  2.50
     S.P. ORB#: 27 -3.50
     S.P. ORB#: 28  0.50
     S.P. ORB#: 29  0.50
     S.P. ORB#: 30 -1.50
     S.P. ORB#: 31 -1.50
     S.P. ORB#: 32 -3.50
     S.P. ORB#: 33  4.50
     S.P. ORB#: 34  2.50
     S.P. ORB#: 35 -3.50
     S.P. ORB#: 36 -1.50
     S.P. ORB#: 37  2.50
     S.P. ORB#: 38  0.50
 

             ENERGY    K= OMEGA
 
 I=  1/2- (1)  2.580  29: 0.999
 
 I=  1/2- (2)  5.723  25: 0.999
 
 I=  1/2- (3)  6.012  28:-0.433
                      38:-0.901
 
 I=  1/2- (4)  8.751  28:-0.901
                      38: 0.433
 
 I=  1/2- (5)147.370  31: 1.000

             ENERGY    K= OMEGA
 
 I=  3/2- (1)  2.445  25:-0.101
                      29: 0.176
                      30:-0.975
                      36:-0.088
 
 I=  3/2- (2)  2.566  25:-0.187
                      29:-0.854
                      30:-0.092
                      36:-0.478

             ENERGY    K= OMEGA
 
 I=  5/2- (1)  2.533  25:-0.261
                      29: 0.448
                      30: 0.766
                      36:-0.162
                      37:-0.343
 
 I=  5/2- (2)  3.292  26: 0.066
                      29:-0.518
                      30: 0.443
                      36: 0.728
 
 I=  5/2- (3)  3.454  25:-0.145
                      29: 0.392
                      30: 0.155
                      36: 0.213
                      37: 0.869
 
 I=  5/2- (4)  4.210  26:-0.052
                      29:-0.577
                      30: 0.381
                      36:-0.626
                      37: 0.355
 
 I=  5/2- (5)  4.993  26: 0.996
                      36:-0.082

             ENERGY    K= OMEGA
 
 I=  7/2- (1)  1.804  26: 0.197
                      27:-0.052
                      32:-0.978
 
 I=  7/2- (2)  3.321  25: 0.111
                      29:-0.295
                      30: 0.763
                      36:-0.221
                      37: 0.517
 
 I=  7/2- (3)  3.450  28:-0.720
                      31:-0.580
                      34:-0.351
                      35:-0.147
 
 I=  7/2- (4)  3.504  25:-0.322
                      29:-0.753
                      30:-0.343
                      36:-0.456
 
 I=  7/2- (5)  4.365  26: 0.159
                      27: 0.496
                      29: 0.362
                      30:-0.377
                      36:-0.354
                      37: 0.574

             ENERGY    K= OMEGA
 
 I=  9/2- (1)  1.827  26:-0.071
                      27: 0.197
                      32:-0.227
                      33:-0.951
 
 I=  9/2- (2)  2.753  26:-0.270
                      27:-0.090
                      32:-0.929
                      33: 0.223
 
 I=  9/2- (3)  3.567  25:-0.373
                      29: 0.489
                      30: 0.684
                      32:-0.058
                      36:-0.209
                      37:-0.327
 
 I=  9/2- (4)  4.592  28:-0.231
                      31: 0.579
                      34:-0.659
                      35: 0.420
 
 I=  9/2- (5)  5.119  25:-0.056
                      26: 0.107
                      27:-0.067
                      29:-0.427
                      30: 0.482
                      32:-0.059
                      36: 0.749

             ENERGY    K= OMEGA
 
 I= 11/2- (1)  2.776  28:-0.684
                      31:-0.579
                      34:-0.392
                      35:-0.200
                      38: 0.056
 
 I= 11/2- (2)  2.906  26:-0.121
                      27:-0.267
                      32: 0.313
                      33:-0.903
 
 I= 11/2- (3)  3.933  26:-0.317
                      27: 0.129
                      30: 0.059
                      32: 0.882
                      33: 0.310
                      37: 0.060
 
 I= 11/2- (4)  5.210  25:-0.177
                      29: 0.217
                      30:-0.754
                      32: 0.069
                      36: 0.236
                      37:-0.537
 
 I= 11/2- (5)  5.352  25: 0.379
                      29: 0.763
                      30: 0.269
                      32:-0.053
                      36: 0.444

             ENERGY    K= OMEGA
 
 I= 13/2- (1)  4.204  26: 0.166
                      27:-0.312
                      32: 0.371
                      33: 0.858
 
 I= 13/2- (2)  4.960  28:-0.222
                      31: 0.562
                      34:-0.662
                      35: 0.444
 
 I= 13/2- (3)  5.323  25: 0.171
                      26:-0.322
                      27:-0.157
                      29:-0.177
                      30:-0.274
                      32:-0.770
                      33: 0.339
                      37: 0.158
 
 I= 13/2- (4)  5.526  25:-0.412
                      26:-0.132
                      29: 0.468
                      30: 0.587
                      32:-0.340
                      33: 0.151
                      36:-0.207
                      37:-0.255
 
 I= 13/2- (5)  7.730  24: 0.997
                      27:-0.056

             ENERGY     K= 1/2
  32 LEVELS    TIME=  0.0 SEC



 ******************* EXCITATION ENERGIES, DOMINANT CONFIGURATION AND EXPECTATION VALUES (WITH S.P. UU+VV FACTORS) *******************

  NR  Eex(keV)  I   Kdom  NY    <Jz>  <Jx**2> <Jy**2> <Jz**2> <I.j>/|I|  <Rx**2> <Ry**2> <Rz**2> <R.j>/|R|  <HROTx> <HROTy> <HROTz>

   1    0.0   7/2-  -7/2  32   -3.26    2.31    2.31   12.01    3.35       2.88    2.88    0.00   -1.38      0.351   0.351   0.000
   2   23.2   9/2-   9/2  33    3.77    2.54    2.54   19.46    4.29       3.29    3.29    0.00   -1.24      0.401   0.401   0.000
   3  640.5   3/2-  -3/2  30   -1.42    4.64    4.64    2.17    1.42       4.86    4.86    0.00   -2.79      0.593   0.593   0.000
   4  728.8   5/2-  -3/2  30   -0.49    4.66    4.66    2.18    2.20       3.62    3.62    0.00   -1.86      0.441   0.441   0.000
   5  762.3   3/2-   1/2  29    0.03    3.84    3.84    0.72    1.29       3.58    3.58    0.00   -2.21      0.436   0.436   0.000
  
   6  775.7   1/2-   1/2  29    0.50    4.76    4.76    0.25    0.28       5.02    5.02    0.00   -3.01      0.612   0.612   0.000
   7  949.2   9/2-  -7/2  32   -2.64    2.42    2.42   12.17    2.90       6.43    6.43    0.00   -0.71      0.784   0.784   0.000
   8  972.0  11/2-   1/2  28   -0.02   24.57   24.57    2.32    6.34       5.69    5.69   -0.00   -4.01      0.694   0.694  -0.000
   9 1102.0  11/2-   9/2  33    3.11    2.76    2.76   18.69    3.78       7.37    7.37    0.00   -0.42      0.898   0.898   0.000
  10 1488.0   5/2-  -3/2  36   -0.94    2.88    2.88    1.73    0.82       5.69    5.69    0.00   -1.50      0.694   0.694   0.000
  
  11 1517.2   7/2-  -3/2  30   -0.24    3.98    3.98    3.15    1.73       6.55    6.55    0.00   -1.17      0.799   0.799   0.000
  12 1645.7   7/2-   1/2  28   -0.01   24.15   24.15    1.92    6.18       8.47    8.47   -0.00   -6.24      1.033   1.033  -0.000
  13 1650.3   5/2-   5/2  37    1.87    2.44    2.44    4.92    1.79       3.99    3.99    0.00   -1.60      0.487   0.487   0.000
  14 1699.6   7/2-   1/2  29   -0.15    3.81    3.81    0.93    1.36       6.75    6.75   -0.00   -0.86      0.823   0.823  -0.000
  15 1763.5   9/2-  -3/2  30   -0.32    4.87    4.87    1.96    2.27       6.96    6.96    0.00   -0.12      0.848   0.848   0.000
  
  16 2129.1  11/2-  -7/2  32   -2.10    2.51    2.51   12.36    2.61      10.96   10.96    0.00   -0.38      1.336   1.336   0.000
  17 2399.7  13/2-   9/2  33    2.55    2.96    2.96   17.99    3.43      12.37   12.37    0.00    0.01      1.508   1.508   0.000
  18 2405.8   5/2-  -3/2  36   -0.32    3.41    3.41    2.09   -0.17       9.33    9.33    0.00   -2.18      1.138   1.138   0.000
  19 2561.0   7/2-   5/2  37   -0.31    3.64    3.64    5.87    1.49       8.54    8.54    0.00   -1.75      1.042   1.042   0.000
  20 2787.8   9/2-   5/2  34   -0.01   24.71   24.71    5.65    5.37      13.21   13.21    0.00   -5.52      1.611   1.611   0.000
  
  21 3156.1  13/2-   5/2  34   -0.04   24.69   24.69    5.87    5.35      14.62   14.62    0.00   -3.31      1.783   1.783   0.000
  22 3188.6   5/2-   5/2  26    2.47    5.99    5.99    6.22    2.07       7.34    7.34    0.00   -3.15      0.895   0.895   0.000
  23 3315.2   9/2-  -3/2  36   -1.09    2.73    2.73    2.02    0.64      12.95   12.95   -0.00   -0.85      1.579   1.579  -0.000
  24 3406.0  11/2-  -3/2  30   -0.19    3.93    3.93    3.33    1.60      13.93   13.93    0.00   -0.31      1.698   1.698   0.000
  25 3518.5  13/2-  -7/2  32   -1.41    2.96    2.96   10.91    2.41      15.94   15.94    0.00    0.00      1.943   1.943   0.001
  
  26 3547.8  11/2-   1/2  29   -0.05    3.88    3.88    0.83    1.38      13.91   13.91    0.00   -0.06      1.696   1.696   0.000
  27 3721.9  13/2-  -3/2  30   -0.49    4.72    4.72    3.40    2.28      14.86   14.86    0.00    0.57      1.811   1.811   0.000
  28 3918.6   1/2-   1/2  25    0.50    6.48    6.48    0.25    0.67       6.40    6.40    0.00   -3.53      0.781   0.781   0.000
  29 4208.4   1/2-   1/2  38    0.50   12.42   12.42    0.25   -1.58      14.29   14.29   -0.00   -4.95      1.743   1.743  -0.000
  30 5926.5  13/2- -11/2  24   -5.48    2.76    2.76   30.14    4.32      12.06   12.06    0.00   -1.12      1.471   1.471   0.001
  
  31 6947.1   1/2-   1/2  28    0.50   24.86   24.86    0.25   -3.56      28.45   28.45   -0.00   -7.03      3.468   3.468  -0.000
  32*******   1/2-  -3/2  31    0.00    0.00    0.00    0.00   -0.00       0.00    0.00    0.00   -0.00      0.000   0.000   0.000
