1SPECTRUM OF (Z= 82 A=207) IN PARTICLE-ROTOR  MODEL WITH MODIFIED OSCILLATOR POTENTIAL


 PARITY=-   EPS= 0.253   GAMMA=  0.0   EPS4=0.000   EPS6=0.000   LEVELS:  26  27  28  29  30  31  32  33  34  35  36  37  38  39  40

 PAIRING FACTORS: GN0= 19.20  GN1=  7.40  IPAIR= 15 ***  E2PLUS(INPUT)=   0.730  E2PLUR(INPUT)=   0.000

 CORIOLIS ATTENUATION PARAMETERS:  CHSI=1.000  ETA=  1.00

 MOMENT OF INERTIA PARAMETERS:   A1=  0.122 MEV   A2=  0.122 MEV   A3=121.91922 MEV


 DELTA=0.938 MEV  LAMBDA=53.3929 MEV   HW0= 7.4674 MEV   LAMBDA/HW0= 7.1501

 E2ENERGY=0.730 MEV  HBAR**2/B=11868./A**(7/3)=2006.3/A**2 MEV

 IREC=0  =>  RECOIL TERMS j+j-, j+j+, jzjz, ETC TREATED AS ONE-BODY OPERATORS WITH UU+VV PAIRING FACTORS



 S. P. LEVEL   EQP       U     V        (UU + VV)**1.00

     26       3.826    0.124 0.992      1.000 1.000 0.991 0.989 0.985 0.971 0.755 0.590 0.473 0.418 0.404 0.334 0.298 0.242 0.238
     27       3.279    0.145 0.989      1.000 1.000 0.993 0.992 0.988 0.976 0.769 0.607 0.492 0.438 0.424 0.354 0.318 0.262 0.259
     28       1.889    0.257 0.966      0.991 0.993 1.000 1.000 0.999 0.995 0.837 0.694 0.588 0.538 0.525 0.459 0.424 0.371 0.368
     29       1.822    0.267 0.964      0.989 0.992 1.000 1.000 1.000 0.996 0.843 0.701 0.597 0.547 0.534 0.468 0.434 0.381 0.377
     30       1.662    0.296 0.955      0.985 0.988 0.999 1.000 1.000 0.998 0.859 0.722 0.620 0.571 0.558 0.494 0.460 0.408 0.405
     31       1.410    0.356 0.934      0.971 0.976 0.995 0.996 0.998 1.000 0.890 0.765 0.669 0.623 0.610 0.549 0.516 0.466 0.462
     32       0.943    0.744 0.669      0.755 0.769 0.837 0.843 0.859 0.890 1.000 0.975 0.935 0.911 0.905 0.870 0.850 0.818 0.816
     33       1.105    0.874 0.485      0.590 0.607 0.694 0.701 0.722 0.765 0.975 1.000 0.990 0.980 0.977 0.958 0.947 0.926 0.925
     34       1.395    0.933 0.360      0.473 0.492 0.588 0.597 0.620 0.669 0.935 0.990 1.000 0.998 0.997 0.988 0.982 0.969 0.968
     35       1.624    0.953 0.303      0.418 0.438 0.538 0.547 0.571 0.623 0.911 0.980 0.998 1.000 1.000 0.996 0.992 0.982 0.982
     36       1.700    0.958 0.288      0.404 0.424 0.525 0.534 0.558 0.610 0.905 0.977 0.997 1.000 1.000 0.997 0.994 0.985 0.985
     37       2.232    0.977 0.215      0.334 0.354 0.459 0.468 0.494 0.549 0.870 0.958 0.988 0.996 0.997 1.000 0.999 0.995 0.995
     38       2.686    0.984 0.177      0.298 0.318 0.424 0.434 0.460 0.516 0.850 0.947 0.982 0.992 0.994 0.999 1.000 0.998 0.998
     39       3.943    0.993 0.120      0.242 0.262 0.371 0.381 0.408 0.466 0.818 0.926 0.969 0.982 0.985 0.995 0.998 1.000 1.000
     40       4.062    0.993 0.116      0.238 0.259 0.368 0.377 0.405 0.462 0.816 0.925 0.968 0.982 0.985 0.995 0.998 1.000 1.000

  R CORE   ENERGY   A0R/A00=1.000    R3= 0     2  
   2( 1)    0.732                    1.000 0.000
   2( 2)  487.921                    0.000 1.000

  R CORE   ENERGY   A0R/A00=1.000    R3= 0     2  
   3( 1)  488.652                    0.000 1.000

  R CORE   ENERGY   A0R/A00=1.000    R3= 0     2     4  
   4( 1)    2.438                    1.000 0.000 0.000

  R CORE   ENERGY   A0R/A00=1.000    R3= 0     2     4  
   5( 1)  490.847                    0.000 1.000 0.000

  R CORE   ENERGY   A0R/A00=1.000    R3= 0     2     4     6  
   6( 1)    5.121                    1.000 0.000 0.000 0.000

  R CORE   ENERGY   A0R/A00=1.000    R3= 0     2     4     6  
   7( 1)  494.017                    0.000 1.000 0.000 0.000

          AXIAL SYMMETRY => K RESTRICTED TO OMEGA

                     K
     S.P. ORB#: 26  2.50
     S.P. ORB#: 27 -3.50
     S.P. ORB#: 28 -3.50
     S.P. ORB#: 29  0.50
     S.P. ORB#: 30 -1.50
     S.P. ORB#: 31  4.50
     S.P. ORB#: 32  0.50
     S.P. ORB#: 33 -1.50
     S.P. ORB#: 34 -1.50
     S.P. ORB#: 35  2.50
     S.P. ORB#: 36  2.50
     S.P. ORB#: 37  0.50
     S.P. ORB#: 38 -3.50
     S.P. ORB#: 39  4.50
     S.P. ORB#: 40  0.50
 

             ENERGY    K= OMEGA
 
 I=  1/2- (1)  2.535  29:-0.079
                      37:-0.997
 
 I=  1/2- (2)  2.963  29: 0.997
                      37:-0.079
 
 I=  1/2- (3)  6.582  32:-0.684
                      40: 0.729
 
 I=  1/2- (4)  9.893  32:-0.729
                      40:-0.684
 
 I=  1/2- (5)147.408  33: 1.000

             ENERGY    K= OMEGA
 
 I=  3/2- (1)  1.917  29:-0.197
                      30:-0.096
                      34:-0.973
                      37: 0.073
 
 I=  3/2- (2)  2.809  29:-0.316
                      30: 0.932
                      37:-0.172

             ENERGY    K= OMEGA
 
 I=  5/2- (1)  2.108  29: 0.162
                      30: 0.210
                      34:-0.491
                      35:-0.828
                      37: 0.054
 
 I=  5/2- (2)  2.571  29: 0.199
                      30:-0.242
                      34:-0.824
                      35: 0.462
                      37:-0.086
 
 I=  5/2- (3)  3.040  29: 0.346
                      30: 0.481
                      35: 0.241
                      37: 0.768
 
 I=  5/2- (4)  3.697  29: 0.279
                      30: 0.707
                      35: 0.178
                      37:-0.624
 
 I=  5/2- (5)  4.286  29:-0.858
                      30: 0.408
                      34:-0.277
                      35: 0.107
                      37: 0.097

             ENERGY    K= OMEGA
 
 I=  7/2- (1)  2.633  26:-0.222
                      27: 0.077
                      28: 0.961
                      30: 0.055
                      35: 0.134
 
 I=  7/2- (2)  2.731  26:-0.053
                      28: 0.113
                      29: 0.234
                      30:-0.262
                      34: 0.550
                      35:-0.746
 
 I=  7/2- (3)  3.205  32:-0.749
                      33:-0.558
                      36:-0.323
                      38:-0.126
                      40: 0.084
 
 I=  7/2- (4)  3.373  28:-0.093
                      29: 0.292
                      30: 0.312
                      34: 0.719
                      35: 0.505
                      37:-0.189
 
 I=  7/2- (5)  4.260  27:-0.063
                      29:-0.508
                      30: 0.770
                      34: 0.093
                      35:-0.353
                      37:-0.101

             ENERGY    K= OMEGA
 
 I=  9/2- (1)  2.200  26:-0.067
                      27: 0.239
                      28:-0.177
                      31:-0.952
 
 I=  9/2- (2)  3.526  26: 0.281
                      27: 0.109
                      28: 0.874
                      29: 0.074
                      30: 0.150
                      31:-0.146
                      34:-0.093
                      35:-0.290
                      37: 0.059
 
 I=  9/2- (3)  3.573  26:-0.130
                      28:-0.302
                      29: 0.268
                      30: 0.318
                      31: 0.091
                      34:-0.520
                      35:-0.649
                      37: 0.140
 
 I=  9/2- (4)  4.300  32:-0.223
                      33: 0.558
                      36:-0.623
                      38: 0.455
                      39:-0.210
 
 I=  9/2- (5)  4.481  28:-0.118
                      29:-0.145
                      30: 0.420
                      34: 0.746
                      35:-0.324
                      37: 0.355

             ENERGY    K= OMEGA
 
 I= 11/2- (1)  2.226  32: 0.674
                      33: 0.568
                      36: 0.401
                      38: 0.231
                      39: 0.097
 
 I= 11/2- (2)  3.193  26: 0.112
                      27: 0.320
                      28:-0.245
                      31: 0.907
 
 I= 11/2- (3)  4.655  26:-0.325
                      27: 0.136
                      28: 0.832
                      29:-0.082
                      30: 0.168
                      31: 0.201
                      34:-0.104
                      35: 0.311
 
 I= 11/2- (4)  4.684  26: 0.156
                      28:-0.294
                      29:-0.306
                      30: 0.303
                      31:-0.135
                      34:-0.558
                      35: 0.611
 
 I= 11/2- (5)  5.697  28: 0.143
                      29:-0.352
                      30:-0.388
                      34:-0.626
                      35:-0.489
                      37: 0.269

             ENERGY    K= OMEGA
 
 I= 13/2- (1)  4.002  32: 0.191
                      33:-0.502
                      36: 0.611
                      38:-0.510
                      39: 0.280
 
 I= 13/2- (2)  4.407  26: 0.151
                      27:-0.369
                      28: 0.291
                      31: 0.868
 
 I= 13/2- (3)  5.951  26: 0.079
                      27: 0.067
                      28: 0.244
                      29: 0.323
                      30: 0.415
                      34:-0.454
                      35:-0.632
                      37: 0.220
 
 I= 13/2- (4)  6.028  26: 0.387
                      27: 0.147
                      28: 0.811
                      29:-0.116
                      30:-0.059
                      31:-0.292
                      34: 0.237
                      35: 0.098
 
 I= 13/2- (5)  7.224  28: 0.113
                      30:-0.412
                      34:-0.590
                      35:-0.060
                      37:-0.681

             ENERGY     K= 1/2
  32 LEVELS    TIME=  0.0 SEC



 ******************* EXCITATION ENERGIES, DOMINANT CONFIGURATION AND EXPECTATION VALUES (WITH S.P. UU+VV FACTORS) *******************

  NR  Eex(keV)  I   Kdom  NY    <Jz>  <Jx**2> <Jy**2> <Jz**2> <I.j>/|I|  <Rx**2> <Ry**2> <Rz**2> <R.j>/|R|  <HROTx> <HROTy> <HROTz>

   1    0.0   3/2-  -3/2  34   -1.41    1.71    1.71    2.16    1.35       2.05    2.05   -0.00   -1.46      0.249   0.249  -0.000
   2  191.2   5/2-   5/2  35    1.30    1.97    1.97    4.93    2.24       2.18    2.18    0.00   -1.07      0.265   0.265   0.000
   3  282.6   9/2-   9/2  31    3.78    2.61    2.61   19.47    4.43       2.70    2.70    0.00   -1.15      0.329   0.329   0.000
   4  308.8  11/2-   1/2  32    0.00   26.50   26.50    2.68    6.97       4.05    4.05    0.00   -4.93      0.493   0.493   0.000
   5  617.8   1/2-   1/2  37    0.50    1.49    1.49    0.25    0.85       1.25    1.25    0.00   -1.58      0.153   0.153   0.000
  
   6  653.7   5/2-  -3/2  34   -0.55    1.73    1.73    3.02    1.07       4.44    4.44   -0.00   -1.11      0.542   0.542  -0.000
   7  715.7   7/2-  -7/2  28   -3.09    2.30    2.30   11.81    3.39       2.65    2.65    0.00   -1.29      0.323   0.323   0.000
   8  813.7   7/2-   5/2  35    0.82    2.19    2.19    4.52    1.91       4.72    4.72    0.00   -0.42      0.576   0.576   0.000
   9  891.4   3/2-  -3/2  30   -1.24    4.30    4.30    1.99    1.34       4.57    4.57    0.00   -2.64      0.557   0.557   0.000
  10 1045.5   1/2-   1/2  29    0.50    4.30    4.30    0.25    0.15       4.67    4.67    0.00   -2.85      0.569   0.569   0.000
  
  11 1122.7   5/2-   1/2  37    0.15    2.60    2.60    1.06    1.12       4.20    4.20    0.00   -1.02      0.512   0.512   0.000
  12 1275.9  11/2-   9/2  31    3.17    2.88    2.88   18.75    3.99       6.29    6.29   -0.00   -0.19      0.767   0.767  -0.000
  13 1287.9   7/2-   1/2  32    0.02   25.63   25.63    1.69    6.50       8.54    8.54    0.00   -6.57      1.041   1.041   0.000
  14 1456.1   7/2-  -3/2  34   -0.25    1.91    1.91    3.12    0.98       7.47    7.47    0.00   -0.79      0.910   0.910   0.000
  15 1609.2   9/2-  -7/2  28   -2.25    2.40    2.40   11.02    2.83       6.19    6.19    0.00   -0.49      0.754   0.754   0.000
  
  16 1655.7   9/2-   5/2  35    0.30    2.47    2.47    4.88    1.89       7.88    7.88    0.00   -0.10      0.961   0.961   0.000
  17 1779.9   5/2-  -3/2  30   -0.44    3.01    3.01    1.44    0.24       7.39    7.39    0.00   -1.76      0.901   0.901   0.000
  18 2084.5  13/2-   5/2  36    0.01   25.38   25.38    7.69    6.48       8.39    8.39    0.00   -3.23      1.023   1.023   0.000
  19 2342.9   7/2-  -3/2  30   -0.47    3.91    3.91    2.26    0.62      10.45   10.45    0.00   -1.67      1.274   1.274   0.000
  20 2368.4   5/2-   1/2  29    0.04    4.16    4.16    0.81   -0.47      10.34   10.34    0.00   -2.32      1.261   1.261   0.000
  
  21 2382.4   9/2-   5/2  36    0.00   25.69   25.69    6.57    6.23      10.33   10.33    0.00   -5.92      1.260   1.260   0.000
  22 2489.4  13/2-   9/2  31    2.67    3.11    3.11   18.11    3.68      10.85   10.85    0.00    0.29      1.323   1.323   0.000
  23 2563.6   9/2-  -3/2  34   -0.81    1.84    1.84    2.52    0.73      11.86   11.86   -0.00   -0.53      1.445   1.445  -0.000
  24 2737.4  11/2-  -7/2  28   -1.86    2.50    2.50   10.89    2.54      10.63   10.63    0.00   -0.15      1.296   1.296   0.000
  25 2767.2  11/2-   5/2  35    0.22    2.51    2.51    4.85    1.73      12.45   12.45    0.00    0.10      1.518   1.518   0.000
  
  26 3780.0  11/2-  -3/2  34   -0.18    2.11    2.11    3.06    0.80      16.75   16.75    0.00   -0.43      2.042   2.042   0.000
  27 4034.1  13/2-   5/2  35    0.30    2.66    2.66    4.21    1.66      17.56   17.56    0.00    0.35      2.140   2.140   0.000
  28 4110.7  13/2-  -7/2  28   -1.68    2.67    2.67   11.19    2.39      15.95   15.95    0.00    0.03      1.945   1.945   0.000
  29 4664.5   1/2-   1/2  40    0.50   13.76   13.76    0.25   -2.38      16.32   16.32    0.00   -5.22      1.990   1.990   0.000
  30 5306.5  13/2-   1/2  37   -0.58    1.79    1.79    1.48    0.69      22.08   22.08    0.00   -0.04      2.692   2.692   0.000
  
  31 7975.8   1/2-   1/2  32    0.50   26.98   26.98    0.25   -3.73      30.71   30.71    0.00   -7.33      3.744   3.744   0.000
  32*******   1/2-  -3/2  33    0.00    0.00    0.00    0.00   -0.00       0.00    0.00    0.00   -0.00      0.000   0.000   0.000
