1SPECTRUM OF (Z= 82 A=207) IN PARTICLE-ROTOR  MODEL WITH MODIFIED OSCILLATOR POTENTIAL


 PARITY=-   EPS= 0.436   GAMMA=  0.0   EPS4=0.000   EPS6=0.000   LEVELS:  25  26  27  28  29  30  31  32  33  34  35  36  37  38  39

 PAIRING FACTORS: GN0= 19.20  GN1=  7.40  IPAIR= 15 ***  E2PLUS(INPUT)=   0.730  E2PLUR(INPUT)=   0.000

 CORIOLIS ATTENUATION PARAMETERS:  CHSI=1.000  ETA=  1.00

 MOMENT OF INERTIA PARAMETERS:   A1=  0.122 MEV   A2=  0.122 MEV   A3=121.91923 MEV


 DELTA=0.852 MEV  LAMBDA=53.4826 MEV   HW0= 7.5910 MEV   LAMBDA/HW0= 7.0455

 E2ENERGY=0.730 MEV  HBAR**2/B=35247./A**(7/3)=5958.5/A**2 MEV

 IREC=0  =>  RECOIL TERMS j+j-, j+j+, jzjz, ETC TREATED AS ONE-BODY OPERATORS WITH UU+VV PAIRING FACTORS



 S. P. LEVEL   EQP       U     V        (UU + VV)**1.00

     25       4.048    0.106 0.994      1.000 0.999 0.999 0.997 0.990 0.942 0.837 0.768 0.721 0.374 0.346 0.305 0.267 0.243 0.209
     26       3.021    0.142 0.990      0.999 1.000 1.000 0.999 0.995 0.954 0.856 0.791 0.746 0.408 0.380 0.340 0.303 0.278 0.245
     27       2.718    0.159 0.987      0.999 1.000 1.000 1.000 0.996 0.958 0.865 0.801 0.757 0.423 0.395 0.356 0.318 0.294 0.261
     28       2.356    0.184 0.983      0.997 0.999 1.000 1.000 0.998 0.965 0.877 0.816 0.773 0.446 0.419 0.379 0.342 0.319 0.286
     29       1.812    0.242 0.970      0.990 0.995 0.996 0.998 1.000 0.979 0.904 0.849 0.810 0.499 0.472 0.434 0.398 0.375 0.343
     30       1.089    0.434 0.901      0.942 0.954 0.958 0.965 0.979 1.000 0.972 0.939 0.912 0.664 0.641 0.608 0.576 0.555 0.526
     31       0.869    0.633 0.774      0.837 0.856 0.865 0.877 0.904 0.972 1.000 0.993 0.983 0.821 0.803 0.777 0.751 0.734 0.711
     32       0.852    0.718 0.696      0.768 0.791 0.801 0.816 0.849 0.939 0.993 1.000 0.997 0.881 0.866 0.844 0.822 0.807 0.787
     33       0.865    0.765 0.643      0.721 0.746 0.757 0.773 0.810 0.912 0.983 0.997 1.000 0.912 0.900 0.880 0.860 0.847 0.829
     34       1.616    0.962 0.274      0.374 0.408 0.423 0.446 0.499 0.664 0.821 0.881 0.912 1.000 1.000 0.997 0.994 0.990 0.985
     35       1.797    0.970 0.244      0.346 0.380 0.395 0.419 0.472 0.641 0.803 0.866 0.900 1.000 1.000 0.999 0.997 0.994 0.990
     36       2.146    0.979 0.203      0.305 0.340 0.356 0.379 0.434 0.608 0.777 0.844 0.880 0.997 0.999 1.000 0.999 0.998 0.995
     37       2.638    0.987 0.164      0.267 0.303 0.318 0.342 0.398 0.576 0.751 0.822 0.860 0.994 0.997 0.999 1.000 1.000 0.998
     38       3.099    0.990 0.139      0.243 0.278 0.294 0.319 0.375 0.555 0.734 0.807 0.847 0.990 0.994 0.998 1.000 1.000 0.999
     39       4.090    0.995 0.105      0.209 0.245 0.261 0.286 0.343 0.526 0.711 0.787 0.829 0.985 0.990 0.995 0.998 0.999 1.000

  R CORE   ENERGY   A0R/A00=1.000    R3= 0     2  
   2( 1)    0.732                    1.000 0.000
   2( 2)  487.921                    0.000 1.000

  R CORE   ENERGY   A0R/A00=1.000    R3= 0     2  
   3( 1)  488.652                    0.000 1.000

  R CORE   ENERGY   A0R/A00=1.000    R3= 0     2     4  
   4( 1)    2.438                    1.000 0.000 0.000

  R CORE   ENERGY   A0R/A00=1.000    R3= 0     2     4  
   5( 1)  490.847                    0.000 1.000 0.000

  R CORE   ENERGY   A0R/A00=1.000    R3= 0     2     4     6  
   6( 1)    5.121                    1.000 0.000 0.000 0.000

  R CORE   ENERGY   A0R/A00=1.000    R3= 0     2     4     6  
   7( 1)  494.017                    0.000 1.000 0.000 0.000

          AXIAL SYMMETRY => K RESTRICTED TO OMEGA

                     K
     S.P. ORB#: 25  0.50
     S.P. ORB#: 26 -5.50
     S.P. ORB#: 27 -1.50
     S.P. ORB#: 28  2.50
     S.P. ORB#: 29 -3.50
     S.P. ORB#: 30  2.50
     S.P. ORB#: 31  0.50
     S.P. ORB#: 32 -1.50
     S.P. ORB#: 33  0.50
     S.P. ORB#: 34 -3.50
     S.P. ORB#: 35 -3.50
     S.P. ORB#: 36  4.50
     S.P. ORB#: 37  0.50
     S.P. ORB#: 38 -1.50
     S.P. ORB#: 39 -1.50
 

             ENERGY    K= OMEGA
 
 I=  1/2- (1)  2.219  31:-1.000
 
 I=  1/2- (2)  3.624  25:-0.251
                      33: 0.922
                      37:-0.296
 
 I=  1/2- (3)  6.649  25:-0.251
                      33: 0.233
                      37: 0.939
 
 I=  1/2- (4) 10.198  25: 0.935
                      33: 0.310
                      37: 0.173
 
 I=  1/2- (5)147.155  32: 1.000

             ENERGY    K= OMEGA
 
 I=  3/2- (1)  2.181  31:-0.558
                      32: 0.829
 
 I=  3/2- (2)  2.489  31:-0.817
                      32:-0.557
                      39:-0.149

             ENERGY    K= OMEGA
 
 I=  5/2- (1)  2.749  28:-0.053
                      31:-0.488
                      32:-0.869
                      39: 0.068
 
 I=  5/2- (2)  3.272  28: 0.081
                      31:-0.835
                      32: 0.483
                      39: 0.252
 
 I=  5/2- (3)  3.797  25:-0.204
                      33: 0.832
                      37:-0.442
                      38:-0.266
 
 I=  5/2- (4)  4.155  28: 0.993
                      31: 0.059
                      32:-0.089
                      39: 0.051
 
 I=  5/2- (5)  5.494  28: 0.070
                      31:-0.249
                      32: 0.060
                      39:-0.964

             ENERGY    K= OMEGA
 
 I=  7/2- (1)  2.524  28:-0.159
                      34: 0.986
 
 I=  7/2- (2)  3.338  31:-0.756
                      32: 0.628
                      39:-0.177
 
 I=  7/2- (3)  3.731  28: 0.185
                      29: 0.976
                      31:-0.084
                      32:-0.068
 
 I=  7/2- (4)  3.965  28: 0.100
                      29:-0.131
                      31:-0.578
                      32:-0.762
                      39:-0.239
 
 I=  7/2- (5)  4.043  25: 0.060
                      27:-0.152
                      30:-0.165
                      33:-0.872
                      35:-0.061
                      37:-0.252
                      38:-0.344

             ENERGY    K= OMEGA
 
 I=  9/2- (1)  3.050  28: 0.101
                      29:-0.233
                      34: 0.371
                      36: 0.893
 
 I=  9/2- (2)  3.624  28:-0.206
                      29:-0.140
                      34:-0.898
                      36: 0.360
 
 I=  9/2- (3)  4.492  28:-0.063
                      31:-0.611
                      32:-0.766
                      39: 0.178
 
 I=  9/2- (4)  4.682  25:-0.143
                      27:-0.070
                      30: 0.136
                      33: 0.773
                      35:-0.068
                      37:-0.487
                      38:-0.342
 
 I=  9/2- (5)  4.904  28: 0.264
                      29:-0.914
                      31:-0.136
                      36:-0.259
                      39: 0.080

             ENERGY    K= OMEGA
 
 I= 11/2- (1)  3.940  25:-0.476
                      27:-0.557
                      30:-0.480
                      33:-0.383
                      35:-0.208
                      37:-0.122
                      38:-0.167
 
 I= 11/2- (2)  4.172  26: 0.234
                      28: 0.141
                      29: 0.295
                      34:-0.412
                      36: 0.818
 
 I= 11/2- (3)  4.372  26:-0.971
                      29: 0.072
                      34:-0.133
                      36: 0.177
 
 I= 11/2- (4)  4.943  28:-0.242
                      29: 0.199
                      32: 0.050
                      34: 0.853
                      36: 0.412
 
 I= 11/2- (5)  5.405  31:-0.803
                      32: 0.529
                      39:-0.271

             ENERGY    K= OMEGA
 
 I= 13/2- (1)  5.547  26: 0.160
                      28:-0.179
                      29: 0.343
                      34:-0.445
                      36:-0.791
 
 I= 13/2- (2)  5.744  25:-0.168
                      27: 0.558
                      30:-0.673
                      33:-0.208
                      35: 0.367
                      37: 0.094
                      38: 0.143
 
 I= 13/2- (3)  5.955  26: 0.985
                      29:-0.055
                      34: 0.125
                      36: 0.093
 
 I= 13/2- (4)  6.493  26:-0.064
                      28: 0.272
                      29: 0.240
                      32: 0.064
                      34: 0.820
                      36:-0.433
 
 I= 13/2- (5)  6.530  25: 0.207
                      27:-0.155
                      30: 0.140
                      33:-0.719
                      35:-0.088
                      37: 0.515
                      38: 0.352

             ENERGY     K=-3/2
  32 LEVELS    TIME=  0.0 SEC



 ******************* EXCITATION ENERGIES, DOMINANT CONFIGURATION AND EXPECTATION VALUES (WITH S.P. UU+VV FACTORS) *******************

  NR  Eex(keV)  I   Kdom  NY    <Jz>  <Jx**2> <Jy**2> <Jz**2> <I.j>/|I|  <Rx**2> <Ry**2> <Rz**2> <R.j>/|R|  <HROTx> <HROTy> <HROTz>

   1    0.0   3/2-  -3/2  32   -0.88    5.13    5.13    1.63    1.25       5.40    5.40    0.00   -2.88      0.659   0.659   0.000
   2   38.2   1/2-   1/2  31    0.50    5.09    5.09    0.25    0.06       5.54    5.54   -0.00   -3.12      0.675   0.675  -0.000
   3  308.0   3/2-   1/2  31   -0.16    4.96    4.96    0.91    0.48       6.37    6.37    0.00   -2.78      0.777   0.777   0.000
   4  343.5   7/2-  -7/2  34   -3.35    2.33    2.33   12.09    3.18       3.65    3.65    0.00   -1.54      0.445   0.445   0.000
   5  568.0   5/2-  -3/2  32   -1.01    5.15    5.15    1.79    0.92       7.68    7.68    0.00   -2.38      0.937   0.937   0.000
  
   6  868.7   9/2-   9/2  36    2.94    2.63    2.63   18.57    4.06       4.07    4.07    0.00   -1.27      0.496   0.496   0.000
   7 1091.4   5/2-   1/2  31   -0.08    4.80    4.80    0.88    0.21       8.99    8.99   -0.00   -2.32      1.097   1.097  -0.000
   8 1157.0   7/2-   1/2  31   -0.35    5.09    5.09    1.12    0.96       9.73    9.73    0.00   -1.70      1.186   1.186   0.000
   9 1443.1   1/2-   1/2  33    0.50   10.25   10.25    0.25    1.03       9.86    9.86    0.00   -4.47      1.202   1.202   0.000
  10 1443.5   9/2-  -7/2  34   -2.20    2.42    2.42   13.02    2.71       7.81    7.81    0.00   -1.11      0.952   0.952   0.000
  
  11 1550.0   7/2-  -7/2  29   -3.25    6.26    6.26   11.90    3.09       7.82    7.82    0.00   -3.07      0.954   0.954   0.000
  12 1616.3   5/2-   1/2  33    0.36   10.94   10.94    0.39    2.06       9.41    9.41    0.00   -3.73      1.147   1.147   0.000
  13 1759.1  11/2-  -3/2  27    0.11   23.60   23.60    2.83    6.08       6.56    6.56    0.00   -3.78      0.799   0.799   0.000
  14 1784.2   7/2-  -3/2  32   -0.83    4.80    4.80    1.81    0.44      11.85   11.85    0.00   -1.99      1.445   1.445   0.000
  15 1861.6   7/2-   1/2  33    0.26   15.14   15.14    0.74    3.06      11.23   11.23    0.00   -3.98      1.369   1.369   0.000
  
  16 1974.4   5/2-   5/2  28    2.45    6.10    6.10    6.19    2.07       7.43    7.43    0.00   -3.18      0.906   0.906   0.000
  17 1990.6  11/2-   9/2  36    1.86    2.84    2.84   18.46    3.57       8.58    8.58    0.00   -0.67      1.046   1.046   0.000
  18 2191.4  11/2- -11/2  26   -5.12    2.76    2.76   29.47    4.95       5.79    5.79    0.00   -1.59      0.706   0.706   0.000
  19 2311.3   9/2-  -3/2  32   -0.74    5.12    5.12    1.56    0.77      14.44   14.44    0.00   -1.48      1.761   1.761   0.000
  20 2501.0   9/2-   1/2  33    0.27   12.09   12.09    0.66    2.47      12.52   12.52    0.00   -2.51      1.526   1.526   0.000
  
  21 2723.1   9/2-  -7/2  29   -2.45    5.94    5.94   12.07    2.39      12.45   12.45    0.00   -2.41      1.518   1.518   0.001
  22 2762.4  11/2-  -7/2  34   -1.79    2.55    2.55   13.25    2.34      13.06   13.06    0.00   -0.85      1.593   1.593   0.000
  23 3224.0  11/2-   1/2  31   -0.21    4.98    4.98    0.97    0.95      17.65   17.65   -0.00   -0.88      2.151   2.151  -0.000
  24 3313.4   5/2-  -3/2  39   -1.36    2.15    2.15    2.14    0.31       6.66    6.66   -0.00   -1.51      0.812   0.812  -0.000
  25 3366.1  13/2-   9/2  36    1.65    3.02    3.02   17.52    3.11      14.42   14.42    0.00   -0.34      1.758   1.758   0.000
  
  26 3563.3  13/2-   5/2  30    0.20   23.09   23.09    5.25    4.87      16.09   16.09    0.00   -3.07      1.962   1.962   0.000
  27 3774.0  13/2- -11/2  26   -5.36    2.76    2.76   29.77    4.27      12.17   12.17    0.00   -1.10      1.484   1.484   0.000
  28 4311.6  13/2-  -7/2  34   -1.56    2.67    2.67   13.34    2.06      19.30   19.30    0.00   -0.69      2.354   2.354   0.000
  29 4349.1  13/2-   1/2  33    0.21   11.83   11.83    0.76    2.46      19.38   19.38    0.00   -1.16      2.363   2.363   0.000
  30 4467.7   1/2-   1/2  37    0.50   15.67   15.67    0.25   -0.35      16.48   16.48    0.00   -5.56      2.009   2.009   0.000
  
  31 8016.8   1/2-   1/2  25    0.50   23.10   23.10    0.25   -3.52      26.65   26.65   -0.00   -6.78      3.249   3.249  -0.000
  32*******   1/2-  -3/2  32    0.00    0.00    0.00    0.00    0.00       0.00    0.00   -0.00   -0.00      0.000   0.000  -0.000
