1SPECTRUM OF (Z= 82 A=207) IN PARTICLE-ROTOR  MODEL WITH MODIFIED OSCILLATOR POTENTIAL


 PARITY=-   EPS= 0.445   GAMMA=  0.0   EPS4=0.000   EPS6=0.000   LEVELS:  25  26  27  28  29  30  31  32  33  34  35  36  37  38  39

 PAIRING FACTORS: GN0= 19.20  GN1=  7.40  IPAIR= 15 ***  E2PLUS(INPUT)=   0.730  E2PLUR(INPUT)=   0.000

 CORIOLIS ATTENUATION PARAMETERS:  CHSI=1.000  ETA=  1.00

 MOMENT OF INERTIA PARAMETERS:   A1=  0.122 MEV   A2=  0.122 MEV   A3=121.91925 MEV


 DELTA=0.853 MEV  LAMBDA=53.4756 MEV   HW0= 7.5993 MEV   LAMBDA/HW0= 7.0369

 E2ENERGY=0.730 MEV  HBAR**2/B=36718./A**(7/3)=6207.0/A**2 MEV

 IREC=0  =>  RECOIL TERMS j+j-, j+j+, jzjz, ETC TREATED AS ONE-BODY OPERATORS WITH UU+VV PAIRING FACTORS



 S. P. LEVEL   EQP       U     V        (UU + VV)**1.00

     25       4.227    0.101 0.995      1.000 0.999 0.999 0.996 0.988 0.950 0.802 0.786 0.727 0.346 0.345 0.287 0.271 0.243 0.201
     26       2.859    0.151 0.989      0.999 1.000 1.000 0.999 0.994 0.964 0.830 0.816 0.760 0.392 0.391 0.334 0.319 0.291 0.250
     27       2.848    0.152 0.988      0.999 1.000 1.000 0.999 0.994 0.964 0.831 0.816 0.761 0.393 0.392 0.335 0.320 0.292 0.250
     28       2.260    0.192 0.981      0.996 0.999 0.999 1.000 0.998 0.975 0.853 0.839 0.787 0.430 0.430 0.373 0.358 0.331 0.290
     29       1.722    0.256 0.967      0.988 0.994 0.994 0.998 1.000 0.987 0.885 0.873 0.826 0.489 0.488 0.433 0.419 0.392 0.353
     30       1.147    0.407 0.913      0.950 0.964 0.964 0.975 0.987 1.000 0.948 0.940 0.905 0.622 0.621 0.572 0.558 0.534 0.497
     31       0.856    0.676 0.737      0.802 0.830 0.831 0.853 0.885 0.948 1.000 1.000 0.993 0.838 0.838 0.803 0.793 0.775 0.747
     32       0.854    0.695 0.719      0.786 0.816 0.816 0.839 0.873 0.940 1.000 1.000 0.996 0.852 0.851 0.818 0.808 0.791 0.764
     33       0.862    0.757 0.654      0.727 0.760 0.761 0.787 0.826 0.905 0.993 0.996 1.000 0.896 0.895 0.866 0.858 0.843 0.819
     34       1.771    0.969 0.249      0.346 0.392 0.393 0.430 0.489 0.622 0.838 0.852 0.896 1.000 1.000 0.998 0.997 0.994 0.989
     35       1.776    0.969 0.248      0.345 0.391 0.392 0.430 0.488 0.621 0.838 0.851 0.895 1.000 1.000 0.998 0.997 0.994 0.989
     36       2.312    0.982 0.188      0.287 0.334 0.335 0.373 0.433 0.572 0.803 0.818 0.866 0.998 0.998 1.000 1.000 0.999 0.996
     37       2.515    0.985 0.172      0.271 0.319 0.320 0.358 0.419 0.558 0.793 0.808 0.858 0.997 0.997 1.000 1.000 1.000 0.997
     38       3.006    0.990 0.143      0.243 0.291 0.292 0.331 0.392 0.534 0.775 0.791 0.843 0.994 0.994 0.999 1.000 1.000 0.999
     39       4.252    0.995 0.101      0.201 0.250 0.250 0.290 0.353 0.497 0.747 0.764 0.819 0.989 0.989 0.996 0.997 0.999 1.000

  R CORE   ENERGY   A0R/A00=1.000    R3= 0     2  
   2( 1)    0.732                    1.000 0.000
   2( 2)  487.921                    0.000 1.000

  R CORE   ENERGY   A0R/A00=1.000    R3= 0     2  
   3( 1)  488.652                    0.000 1.000

  R CORE   ENERGY   A0R/A00=1.000    R3= 0     2     4  
   4( 1)    2.438                    1.000 0.000 0.000

  R CORE   ENERGY   A0R/A00=1.000    R3= 0     2     4  
   5( 1)  490.847                    0.000 1.000 0.000

  R CORE   ENERGY   A0R/A00=1.000    R3= 0     2     4     6  
   6( 1)    5.121                    1.000 0.000 0.000 0.000

  R CORE   ENERGY   A0R/A00=1.000    R3= 0     2     4     6  
   7( 1)  494.017                    0.000 1.000 0.000 0.000

          AXIAL SYMMETRY => K RESTRICTED TO OMEGA

                     K
     S.P. ORB#: 25  0.50
     S.P. ORB#: 26 -1.50
     S.P. ORB#: 27 -5.50
     S.P. ORB#: 28  2.50
     S.P. ORB#: 29 -3.50
     S.P. ORB#: 30  2.50
     S.P. ORB#: 31  0.50
     S.P. ORB#: 32  0.50
     S.P. ORB#: 33 -1.50
     S.P. ORB#: 34 -3.50
     S.P. ORB#: 35 -3.50
     S.P. ORB#: 36  4.50
     S.P. ORB#: 37  0.50
     S.P. ORB#: 38 -1.50
     S.P. ORB#: 39  4.50
 

             ENERGY    K= OMEGA
 
 I=  1/2- (1)  2.206  31: 0.999
 
 I=  1/2- (2)  4.016  32: 0.928
                      37:-0.373
 
 I=  1/2- (3)  5.984  25: 0.999
 
 I=  1/2- (4)  6.781  32:-0.373
                      37:-0.928
 
 I=  1/2- (5)147.166  33: 1.000

             ENERGY    K= OMEGA
 
 I=  3/2- (1)  2.195  31:-0.526
                      33: 0.850
 
 I=  3/2- (2)  2.406  25:-0.174
                      31:-0.839
                      33:-0.516

             ENERGY    K= OMEGA
 
 I=  5/2- (1)  2.549  25: 0.228
                      28:-0.050
                      31:-0.506
                      33:-0.831
 
 I=  5/2- (2)  3.395  25: 0.063
                      28: 0.073
                      31:-0.845
                      33: 0.527
 
 I=  5/2- (3)  4.066  28:-0.996
                      33: 0.080
 
 I=  5/2- (4)  4.160  26: 0.091
                      30:-0.078
                      32:-0.824
                      37: 0.486
                      38: 0.267
 
 I=  5/2- (5)  6.170  26: 0.505
                      30:-0.848
                      37:-0.156

             ENERGY    K= OMEGA
 
 I=  7/2- (1)  2.677  28: 0.170
                      34:-0.984
 
 I=  7/2- (2)  3.421  28:-0.068
                      29:-0.065
                      31:-0.712
                      33: 0.694
 
 I=  7/2- (3)  3.630  25:-0.224
                      28: 0.161
                      29: 0.661
                      31:-0.521
                      33:-0.463
 
 I=  7/2- (4)  3.664  25:-0.207
                      28:-0.079
                      29:-0.727
                      31:-0.410
                      33:-0.503
 
 I=  7/2- (5)  4.147  26:-0.215
                      30:-0.213
                      32:-0.857
                      35:-0.079
                      37:-0.248
                      38:-0.326

             ENERGY    K= OMEGA
 
 I=  9/2- (1)  3.198  28: 0.109
                      29:-0.268
                      34: 0.362
                      36: 0.886
 
 I=  9/2- (2)  3.768  25:-0.061
                      28: 0.221
                      29: 0.156
                      31: 0.089
                      33: 0.144
                      34: 0.881
                      36:-0.344
 
 I=  9/2- (3)  3.938  25: 0.348
                      31:-0.541
                      33:-0.740
                      34: 0.184
 
 I=  9/2- (4)  4.805  26: 0.321
                      30:-0.444
                      32:-0.612
                      35: 0.306
                      37: 0.365
                      38: 0.279
                      39:-0.145
 
 I=  9/2- (5)  4.844  28:-0.254
                      29: 0.917
                      31: 0.053
                      36: 0.303

             ENERGY    K= OMEGA
 
 I= 11/2- (1)  4.174  27: 0.955
                      29: 0.097
                      34:-0.104
                      36: 0.258
 
 I= 11/2- (2)  4.334  27:-0.296
                      28: 0.151
                      29: 0.327
                      34:-0.403
                      36: 0.787
 
 I= 11/2- (3)  4.687  26:-0.368
                      30:-0.469
                      32:-0.607
                      35:-0.342
                      37:-0.219
                      38:-0.276
                      39:-0.187
 
 I= 11/2- (4)  5.083  28:-0.255
                      29: 0.220
                      33: 0.084
                      34: 0.853
                      36: 0.387
 
 I= 11/2- (5)  5.600  25:-0.157
                      31:-0.892
                      33: 0.418
                      34:-0.059

             ENERGY    K= OMEGA
 
 I= 13/2- (1)  5.468  26:-0.391
                      30: 0.587
                      32: 0.262
                      35:-0.535
                      37:-0.116
                      38:-0.152
                      39: 0.333
 
 I= 13/2- (2)  5.652  27: 0.468
                      28:-0.164
                      29: 0.337
                      34:-0.373
                      36:-0.705
 
 I= 13/2- (3)  5.805  27:-0.883
                      28:-0.104
                      29: 0.183
                      34:-0.233
                      36:-0.346
 
 I= 13/2- (4)  6.167  25: 0.433
                      28:-0.075
                      31:-0.546
                      33:-0.700
                      36: 0.117
 
 I= 13/2- (5)  6.639  25: 0.055
                      28: 0.270
                      29: 0.260
                      31:-0.080
                      33:-0.065
                      34: 0.831
                      36:-0.393

             ENERGY     K= 9/2
  32 LEVELS    TIME=  0.0 SEC



 ******************* EXCITATION ENERGIES, DOMINANT CONFIGURATION AND EXPECTATION VALUES (WITH S.P. UU+VV FACTORS) *******************

  NR  Eex(keV)  I   Kdom  NY    <Jz>  <Jx**2> <Jy**2> <Jz**2> <I.j>/|I|  <Rx**2> <Ry**2> <Rz**2> <R.j>/|R|  <HROTx> <HROTy> <HROTz>

   1    0.0   3/2-  -3/2  33   -0.95    5.14    5.14    1.70    1.24       5.47    5.47    0.00   -2.90      0.667   0.667   0.000
   2   10.3   1/2-   1/2  31    0.50    5.16    5.16    0.25    0.18       5.50    5.50    0.00   -3.14      0.671   0.671   0.000
   3  210.9   3/2-   1/2  31   -0.03    5.10    5.10    0.78    0.74       5.93    5.93    0.00   -2.77      0.723   0.723   0.000
   4  353.4   5/2-  -3/2  33   -0.88    5.33    5.33    1.65    1.47       6.19    6.19    0.00   -2.27      0.755   0.755   0.000
   5  481.8   7/2-  -7/2  34   -3.33    2.35    2.35   12.07    3.17       3.66    3.66   -0.00   -1.54      0.447   0.447  -0.000
  
   6 1002.7   9/2-   9/2  36    2.85    2.72    2.72   18.45    4.06       4.11    4.11   -0.00   -1.28      0.500   0.500  -0.000
   7 1199.8   5/2-   1/2  31   -0.04    5.18    5.18    0.84   -0.12      10.32   10.32    0.00   -2.54      1.258   1.258   0.000
   8 1225.3   7/2-   1/2  31   -0.48    5.13    5.13    1.30    0.81      10.45   10.45    0.00   -1.83      1.274   1.274   0.000
   9 1434.2   7/2-  -7/2  29   -1.63    5.69    5.69    6.09    1.93       8.97    8.97    0.00   -2.32      1.094   1.094   0.000
  10 1468.0   7/2-  -7/2  29   -2.11    5.80    5.80    7.15    2.08       9.00    9.00    0.00   -2.48      1.097   1.097   0.000
  
  11 1572.2   9/2-  -7/2  34   -2.17    2.57    2.57   12.56    2.68       7.90    7.90   -0.00   -1.10      0.964   0.964  -0.000
  12 1742.8   9/2-  -3/2  33   -0.73    5.42    5.42    1.80    1.59      10.80   10.80    0.00   -1.02      1.317   1.317   0.000
  13 1820.3   1/2-   1/2  32    0.50   12.46   12.46    0.25    1.08      12.02   12.02    0.00   -4.94      1.466   1.466   0.000
  14 1870.4   5/2-   5/2  28    2.47    6.12    6.12    6.22    2.08       7.45    7.45   -0.00   -3.19      0.908   0.908  -0.000
  15 1951.0   7/2-   1/2  32    0.26   16.17   16.17    0.90    3.23      11.69   11.69    0.00   -4.23      1.425   1.425   0.000
  
  16 1964.1   5/2-   1/2  32    0.35   12.90   12.90    0.45    2.12      11.24   11.24    0.00   -4.22      1.371   1.371   0.000
  17 1978.7  11/2- -11/2  27   -4.78    2.76    2.76   29.19    4.94       5.68    5.68    0.00   -1.53      0.693   0.693   0.000
  18 2138.7  11/2-   9/2  36    1.42    2.95    2.95   18.64    3.58       8.73    8.73    0.00   -0.75      1.064   1.064   0.000
  19 2491.7  11/2-   1/2  32    0.19   19.62   19.62    4.10    4.54      12.41   12.41    0.00   -3.25      1.513   1.513   0.000
  20 2609.2   9/2-   1/2  32    0.24   17.44   17.44    3.34    3.74      12.88   12.88    0.00   -3.86      1.570   1.570   0.000
  
  21 2648.6   9/2-  -7/2  29   -2.37    5.91    5.91   12.56    2.44      12.45   12.45    0.00   -2.46      1.517   1.517   0.000
  22 2887.6  11/2-  -7/2  34   -1.89    2.62    2.62   12.99    2.31      13.15   13.15   -0.00   -0.86      1.603   1.603  -0.000
  23 3272.9  13/2-   5/2  30    0.14   21.95   21.95    8.32    5.18      14.33   14.33   -0.00   -3.00      1.747   1.747  -0.000
  24 3405.0  11/2-   1/2  31    0.14    5.08    5.08    0.66    0.70      19.09   19.09    0.00   -1.07      2.327   2.327   0.000
  25 3456.9  13/2-   9/2  36    0.21    3.06    3.06   19.97    3.38      13.82   13.82    0.00   -0.47      1.685   1.685   0.000
  
  26 3609.9  13/2- -11/2  27   -4.03    2.86    2.86   27.13    4.01      12.83   12.83    0.00   -0.96      1.564   1.564   0.000
  27 3788.3   1/2-   1/2  25    0.50    7.29    7.29    0.25    0.64       7.24    7.24    0.00   -3.75      0.882   0.882   0.000
  28 3971.3  13/2-  -3/2  33   -0.43    5.67    5.67    1.60    1.69      19.04   19.04    0.00   -0.18      2.321   2.321   0.000
  29 3974.2   5/2-   5/2  30    1.43   22.96   22.96    5.07    3.79      18.66   18.66   -0.00   -6.51      2.276   2.276  -0.000
  30 4443.7  13/2-  -7/2  34   -1.78    2.73    2.73   12.92    2.02      19.49   19.49    0.00   -0.69      2.377   2.377   0.000
  
  31 4585.3   1/2-   1/2  37    0.50   17.19   17.19    0.25   -0.86      18.44   18.44    0.00   -5.83      2.248   2.248   0.000
  32*******   1/2-  -3/2  33    0.00    0.00    0.00    0.00   -0.00       0.00    0.00    0.00   -0.00      0.000   0.000   0.000
