1SPECTRUM OF (Z= 82 A=207) IN PARTICLE-ROTOR  MODEL WITH MODIFIED OSCILLATOR POTENTIAL


 PARITY=-   EPS= 0.201   GAMMA=  0.0   EPS4=0.000   EPS6=0.000   LEVELS:  24  25  26  27  28  29  30  31  32  33  34  35  36  37  38

 PAIRING FACTORS: GN0= 19.20  GN1=  7.40  IPAIR= 15 ***  E2PLUS(INPUT)=   0.730  E2PLUR(INPUT)=   0.000

 CORIOLIS ATTENUATION PARAMETERS:  CHSI=1.000  ETA=  1.00

 MOMENT OF INERTIA PARAMETERS:   A1=  0.122 MEV   A2=  0.122 MEV   A3=121.91924 MEV


 DELTA=0.941 MEV  LAMBDA=53.4847 MEV   HW0= 7.4460 MEV   LAMBDA/HW0= 7.1830

 E2ENERGY=0.730 MEV  HBAR**2/B= 7491./A**(7/3)=1266.4/A**2 MEV

 IREC=0  =>  RECOIL TERMS j+j-, j+j+, jzjz, ETC TREATED AS ONE-BODY OPERATORS WITH UU+VV PAIRING FACTORS



 S. P. LEVEL   EQP       U     V        (UU + VV)**1.00

     24       5.195    0.091 0.996      1.000 1.000 1.000 0.999 0.996 0.991 0.991 0.988 0.699 0.596 0.459 0.412 0.394 0.316 0.255
     25       4.240    0.112 0.994      1.000 1.000 1.000 1.000 0.998 0.993 0.993 0.991 0.714 0.613 0.478 0.431 0.413 0.336 0.275
     26       4.041    0.117 0.993      1.000 1.000 1.000 1.000 0.998 0.994 0.994 0.992 0.718 0.617 0.483 0.436 0.418 0.341 0.281
     27       3.716    0.128 0.992      0.999 1.000 1.000 1.000 0.999 0.995 0.995 0.993 0.725 0.625 0.492 0.445 0.428 0.351 0.291
     28       2.667    0.179 0.984      0.996 0.998 0.998 0.999 1.000 0.999 0.999 0.998 0.760 0.665 0.537 0.491 0.475 0.399 0.340
     29       2.147    0.225 0.974      0.991 0.993 0.994 0.995 0.999 1.000 1.000 1.000 0.790 0.699 0.575 0.531 0.515 0.442 0.384
     30       2.136    0.226 0.974      0.991 0.993 0.994 0.995 0.999 1.000 1.000 1.000 0.790 0.700 0.576 0.533 0.516 0.443 0.385
     31       1.985    0.245 0.970      0.988 0.991 0.992 0.993 0.998 1.000 1.000 1.000 0.802 0.714 0.592 0.548 0.532 0.460 0.402
     32       0.961    0.776 0.631      0.699 0.714 0.718 0.725 0.760 0.790 0.790 0.802 1.000 0.991 0.956 0.939 0.933 0.899 0.870
     33       1.059    0.854 0.521      0.596 0.613 0.617 0.625 0.665 0.699 0.700 0.714 0.991 1.000 0.987 0.977 0.973 0.950 0.929
     34       1.349    0.926 0.377      0.459 0.478 0.483 0.492 0.537 0.575 0.576 0.592 0.956 0.987 1.000 0.999 0.997 0.988 0.976
     35       1.522    0.945 0.327      0.412 0.431 0.436 0.445 0.491 0.531 0.533 0.548 0.939 0.977 0.999 1.000 1.000 0.995 0.986
     36       1.601    0.951 0.309      0.394 0.413 0.418 0.428 0.475 0.515 0.516 0.532 0.933 0.973 0.997 1.000 1.000 0.997 0.989
     37       2.115    0.974 0.229      0.316 0.336 0.341 0.351 0.399 0.442 0.443 0.460 0.899 0.950 0.988 0.995 0.997 1.000 0.998
     38       2.870    0.986 0.166      0.255 0.275 0.281 0.291 0.340 0.384 0.385 0.402 0.870 0.929 0.976 0.986 0.989 0.998 1.000

  R CORE   ENERGY   A0R/A00=1.000    R3= 0     2  
   2( 1)    0.732                    1.000 0.000
   2( 2)  487.921                    0.000 1.000

  R CORE   ENERGY   A0R/A00=1.000    R3= 0     2  
   3( 1)  488.652                    0.000 1.000

  R CORE   ENERGY   A0R/A00=1.000    R3= 0     2     4  
   4( 1)    2.438                    1.000 0.000 0.000

  R CORE   ENERGY   A0R/A00=1.000    R3= 0     2     4  
   5( 1)  490.847                    0.000 1.000 0.000

  R CORE   ENERGY   A0R/A00=1.000    R3= 0     2     4     6  
   6( 1)    5.121                    1.000 0.000 0.000 0.000

  R CORE   ENERGY   A0R/A00=1.000    R3= 0     2     4     6  
   7( 1)  494.017                    0.000 1.000 0.000 0.000

          AXIAL SYMMETRY => K RESTRICTED TO OMEGA

                     K
     S.P. ORB#: 24  2.50
     S.P. ORB#: 25  2.50
     S.P. ORB#: 26  0.50
     S.P. ORB#: 27 -3.50
     S.P. ORB#: 28 -3.50
     S.P. ORB#: 29  0.50
     S.P. ORB#: 30  4.50
     S.P. ORB#: 31 -1.50
     S.P. ORB#: 32 -1.50
     S.P. ORB#: 33  2.50
     S.P. ORB#: 34  0.50
     S.P. ORB#: 35  0.50
     S.P. ORB#: 36 -1.50
     S.P. ORB#: 37  2.50
     S.P. ORB#: 38 -3.50
 

             ENERGY    K= OMEGA
 
 I=  1/2- (1)  1.781  26:-0.059
                      35:-0.998
 
 I=  1/2- (2)  3.200  29: 0.999
 
 I=  1/2- (3)  5.252  26: 0.998
                      35:-0.059
 
 I=  1/2- (4)  9.230  34:-1.000
 
 I=  1/2- (5)147.264  32: 1.000

             ENERGY    K= OMEGA
 
 I=  3/2- (1)  1.451  29: 0.185
                      31: 0.103
                      32: 0.974
                      35:-0.073
 
 I=  3/2- (2)  2.421  29:-0.172
                      31:-0.157
                      32: 0.122
                      35: 0.965

             ENERGY    K= OMEGA
 
 I=  5/2- (1)  1.535  26:-0.051
                      29: 0.137
                      31: 0.175
                      32:-0.435
                      33:-0.869
                      35: 0.054
 
 I=  5/2- (2)  2.083  29: 0.210
                      31:-0.170
                      32:-0.860
                      33: 0.427
                      35:-0.055
 
 I=  5/2- (3)  2.446  29:-0.174
                      31:-0.228
                      33:-0.133
                      35:-0.948
 
 I=  5/2- (4)  3.292  24: 0.073
                      26:-0.366
                      29: 0.434
                      31: 0.738
                      32: 0.069
                      33: 0.183
                      35:-0.298
 
 I=  5/2- (5)  4.514  24: 0.064
                      26: 0.074
                      29:-0.809
                      31: 0.512
                      32:-0.252
                      33: 0.097

             ENERGY    K= OMEGA
 
 I=  7/2- (1)  2.172  29: 0.187
                      31:-0.208
                      32: 0.523
                      33:-0.804
 
 I=  7/2- (2)  2.745  25:-0.077
                      26:-0.171
                      28: 0.105
                      29:-0.337
                      31:-0.307
                      32:-0.703
                      33:-0.461
                      35: 0.188
 
 I=  7/2- (3)  3.393  24: 0.058
                      25:-0.236
                      27:-0.121
                      28: 0.953
                      29: 0.069
                      32: 0.070
                      33: 0.059
                      35:-0.053
 
 I=  7/2- (4)  3.729  34: 0.729
                      36: 0.573
                      37: 0.346
                      38: 0.143
 
 I=  7/2- (5)  3.982  24: 0.056
                      26:-0.128
                      29:-0.158
                      31:-0.329
                      32: 0.320
                      33: 0.242
                      35: 0.827

             ENERGY    K= OMEGA
 
 I=  9/2- (1)  2.795  24: 0.068
                      25: 0.067
                      26:-0.134
                      27: 0.234
                      28: 0.110
                      29: 0.219
                      30:-0.633
                      31: 0.277
                      32:-0.341
                      33:-0.500
                      35: 0.119
 
 I=  9/2- (2)  2.916  26:-0.129
                      27:-0.170
                      28:-0.135
                      29: 0.220
                      30: 0.691
                      31: 0.252
                      32:-0.337
                      33:-0.464
                      35: 0.122
 
 I=  9/2- (3)  3.890  24: 0.085
                      25:-0.177
                      26:-0.067
                      27: 0.091
                      28:-0.324
                      29:-0.150
                      31: 0.337
                      32: 0.725
                      33:-0.288
                      35: 0.313
 
 I=  9/2- (4)  4.033  26:-0.134
                      28: 0.132
                      29: 0.314
                      31: 0.175
                      32:-0.075
                      33: 0.513
                      35: 0.749
 
 I=  9/2- (5)  4.317  24:-0.082
                      25: 0.272
                      27:-0.142
                      28: 0.843
                      29:-0.142
                      30: 0.134
                      31: 0.077
                      32: 0.292
                      33:-0.234
                      35: 0.063

             ENERGY    K= OMEGA
 
 I= 11/2- (1)  2.617  34: 0.689
                      36: 0.576
                      37: 0.395
                      38: 0.196
 
 I= 11/2- (2)  3.725  24: 0.124
                      25: 0.117
                      27:-0.388
                      28:-0.208
                      29: 0.062
                      30:-0.828
                      31:-0.119
                      32: 0.144
                      33:-0.230
 
 I= 11/2- (3)  4.125  27: 0.061
                      28: 0.077
                      29: 0.274
                      30: 0.293
                      31:-0.262
                      32: 0.552
                      33:-0.675
 
 I= 11/2- (4)  4.692  24:-0.097
                      25: 0.149
                      26: 0.277
                      27: 0.083
                      28:-0.241
                      29: 0.391
                      31: 0.420
                      32: 0.526
                      33: 0.410
                      35:-0.226
 
 I= 11/2- (5)  5.391  24:-0.110
                      25: 0.346
                      26:-0.112
                      27: 0.189
                      28:-0.842
                      29:-0.174
                      30: 0.175
                      31:-0.111
                      32:-0.105
                      33:-0.117
                      35: 0.115

             ENERGY    K= OMEGA
 
 I= 13/2- (1)  4.701  24: 0.157
                      25: 0.115
                      26:-0.210
                      27: 0.360
                      28: 0.158
                      29: 0.271
                      30:-0.560
                      31: 0.349
                      32:-0.284
                      33:-0.391
                      35: 0.146
 
 I= 13/2- (2)  4.870  34:-0.234
                      36: 0.584
                      37:-0.651
                      38: 0.425
 
 I= 13/2- (3)  5.038  24: 0.066
                      25: 0.089
                      26: 0.226
                      27: 0.279
                      28: 0.199
                      29:-0.306
                      30:-0.610
                      31:-0.329
                      32: 0.297
                      33: 0.355
                      35:-0.174
 
 I= 13/2- (4)  6.382  24: 0.174
                      25:-0.327
                      26:-0.090
                      27: 0.179
                      28:-0.566
                      29:-0.106
                      30:-0.090
                      31: 0.288
                      32: 0.578
                      33:-0.056
                      35: 0.252
 
 I= 13/2- (5)  6.639  25:-0.131
                      26: 0.164
                      27: 0.102
                      28:-0.323
                      29:-0.250
                      31:-0.141
                      32:-0.150
                      33:-0.556
                      35:-0.653

             ENERGY     K=-7/2
  32 LEVELS    TIME=  0.0 SEC



 ******************* EXCITATION ENERGIES, DOMINANT CONFIGURATION AND EXPECTATION VALUES (WITH S.P. UU+VV FACTORS) *******************

  NR  Eex(keV)  I   Kdom  NY    <Jz>  <Jx**2> <Jy**2> <Jz**2> <I.j>/|I|  <Rx**2> <Ry**2> <Rz**2> <R.j>/|R|  <HROTx> <HROTy> <HROTz>

   1    0.0   3/2-  -3/2  32   -1.42    1.57    1.57    2.17    1.43       1.76    1.76   -0.00   -1.36      0.215   0.215  -0.000
   2   83.2   5/2-   5/2  33    1.57    1.83    1.83    5.22    2.38       1.78    1.78    0.00   -0.98      0.217   0.217   0.000
   3  329.3   1/2-   1/2  35    0.50    1.24    1.24    0.25    0.83       1.02    1.02    0.00   -1.41      0.125   0.125   0.000
   4  631.7   5/2-  -3/2  32   -0.67    1.58    1.58    2.89    1.10       4.16    4.16   -0.00   -0.97      0.507   0.507  -0.000
   5  721.0   7/2-   5/2  33    1.15    1.95    1.95    4.78    1.99       4.33    4.33    0.00   -0.27      0.528   0.528   0.000
  
   6  969.8   3/2-   1/2  35    0.42    1.41    1.41    0.33   -0.08       3.60    3.60    0.00   -1.23      0.439   0.439   0.000
   7  994.8   5/2-   1/2  35    0.43    1.71    1.71    0.46    0.91       3.63    3.63    0.00   -0.44      0.442   0.442   0.000
   8 1165.6  11/2-   1/2  34   -0.01   27.85   27.85    2.31    7.15       4.13    4.13    0.00   -5.31      0.503   0.503   0.000
   9 1293.5   7/2-  -3/2  32   -0.29    1.84    1.84    2.90    1.39       5.64    5.64   -0.00   -0.31      0.687   0.687  -0.000
  10 1343.7   9/2-   9/2  30    1.97    2.92    2.92   11.02    3.41       3.83    3.83   -0.00    0.04      0.467   0.467  -0.001
  
  11 1464.8   9/2-   9/2  30    2.30    2.65    2.65   12.03    3.35       4.40    4.40   -0.00   -0.23      0.536   0.536  -0.000
  12 1748.9   1/2-   1/2  29    0.50    4.13    4.13    0.25    0.37       4.31    4.31    0.00   -2.79      0.526   0.526   0.000
  13 1840.4   5/2-  -3/2  31   -0.52    3.79    3.79    1.58    1.56       4.35    4.35    0.00   -1.55      0.530   0.530   0.000
  14 1941.4   7/2-  -7/2  28   -3.08    2.27    2.27   11.71    3.38       2.59    2.59    0.00   -1.25      0.316   0.316   0.000
  15 2274.0  11/2-   9/2  30    2.56    3.28    3.28   16.84    4.03       5.48    5.48   -0.00    0.21      0.669   0.669  -0.000
  
  16 2278.0   7/2-   1/2  34    0.00   27.97   27.97    1.87    7.02       8.92    8.92    0.00   -7.09      1.087   1.087   0.000
  17 2438.3   9/2-  -3/2  32   -0.99    1.76    1.76    3.63    1.25       9.73    9.73   -0.00   -0.21      1.186   1.186  -0.000
  18 2531.0   7/2-   1/2  35    0.20    1.99    1.99    1.07    0.12       9.94    9.94    0.00   -1.03      1.211   1.211   0.000
  19 2581.3   9/2-   1/2  35    0.88    2.23    2.23    2.15    1.11      10.18   10.18    0.00   -0.25      1.241   1.241   0.000
  20 2673.9  11/2-   5/2  33    0.97    2.23    2.23    5.56    1.88      11.64   11.64   -0.00    0.25      1.419   1.419  -0.000
  
  21 2866.1   9/2-  -7/2  28   -2.26    2.23    2.23   10.37    2.53       7.21    7.21   -0.00   -0.59      0.879   0.879  -0.000
  22 3062.5   5/2-   1/2  29   -0.12    4.18    4.18    0.98   -0.37      10.14   10.14   -0.00   -2.32      1.236   1.236  -0.000
  23 3241.0  11/2-  -3/2  32   -0.26    2.35    2.35    3.15    1.69      11.71   11.71   -0.00    0.46      1.428   1.428  -0.000
  24 3249.3  13/2-   9/2  30    1.11    3.89    3.89    9.92    3.32      10.05   10.05   -0.00    1.22      1.225   1.225  -0.000
  25 3418.9  13/2-   5/2  37   -0.05   26.91   26.91    5.64    6.08      11.63   11.63    0.00   -3.52      1.418   1.418   0.000
  
  26 3586.8  13/2-   9/2  30    1.40    3.43    3.43   10.33    3.02      11.91   11.91   -0.00    0.79      1.452   1.452  -0.000
  27 3801.1   1/2-   1/2  26    0.50    5.11    5.11    0.25    0.69       5.01    5.01    0.00   -3.12      0.611   0.611   0.000
  28 3940.1  11/2-  -7/2  28   -2.11    2.47    2.47   10.72    2.55      10.45   10.45    0.00   -0.09      1.274   1.274   0.000
  29 4930.3  13/2-  -3/2  32   -1.43    2.22    2.22    6.31    1.83      16.98   16.98   -0.00    0.35      2.070   2.070  -0.000
  30 5188.0  13/2-   1/2  35    0.61    2.20    2.20    3.68    1.15      20.37   20.37   -0.00   -0.01      2.483   2.483  -0.000
  
  31 7778.9   1/2-   1/2  34    0.50   28.33   28.33    0.25   -4.03      32.32   32.32   -0.00   -7.51      3.941   3.941  -0.000
  32*******   1/2-  -3/2  32    0.00    0.00    0.00    0.00   -0.00       0.00    0.00   -0.00   -0.00      0.000   0.000  -0.000
