1SPECTRUM OF (Z= 82 A=207) IN PARTICLE-ROTOR  MODEL WITH MODIFIED OSCILLATOR POTENTIAL


 PARITY=-   EPS= 0.435   GAMMA=  0.0   EPS4=0.000   EPS6=0.000   LEVELS:  25  26  27  28  29  30  31  32  33  34  35  36  37  38  39

 PAIRING FACTORS: GN0= 19.20  GN1=  7.40  IPAIR= 15 ***  E2PLUS(INPUT)=   0.730  E2PLUR(INPUT)=   0.000

 CORIOLIS ATTENUATION PARAMETERS:  CHSI=1.000  ETA=  1.00

 MOMENT OF INERTIA PARAMETERS:   A1=  0.122 MEV   A2=  0.122 MEV   A3=121.91924 MEV


 DELTA=0.852 MEV  LAMBDA=53.4833 MEV   HW0= 7.5901 MEV   LAMBDA/HW0= 7.0465

 E2ENERGY=0.730 MEV  HBAR**2/B=35086./A**(7/3)=5931.2/A**2 MEV

 IREC=0  =>  RECOIL TERMS j+j-, j+j+, jzjz, ETC TREATED AS ONE-BODY OPERATORS WITH UU+VV PAIRING FACTORS



 S. P. LEVEL   EQP       U     V        (UU + VV)**1.00

     25       4.025    0.106 0.994      1.000 0.999 0.999 0.997 0.991 0.941 0.840 0.773 0.713 0.378 0.346 0.307 0.267 0.243 0.210
     26       3.040    0.142 0.990      0.999 1.000 1.000 0.999 0.995 0.952 0.859 0.795 0.738 0.410 0.379 0.341 0.301 0.277 0.245
     27       2.702    0.160 0.987      0.999 1.000 1.000 1.000 0.997 0.958 0.868 0.806 0.750 0.427 0.396 0.358 0.318 0.295 0.263
     28       2.366    0.183 0.983      0.997 0.999 1.000 1.000 0.998 0.964 0.880 0.820 0.765 0.448 0.417 0.380 0.341 0.317 0.285
     29       1.822    0.241 0.971      0.991 0.995 0.997 0.998 1.000 0.978 0.906 0.852 0.802 0.500 0.470 0.434 0.395 0.373 0.341
     30       1.083    0.437 0.899      0.941 0.952 0.958 0.964 0.978 1.000 0.974 0.942 0.909 0.669 0.643 0.612 0.578 0.557 0.529
     31       0.871    0.628 0.778      0.840 0.859 0.868 0.880 0.906 0.974 1.000 0.993 0.979 0.819 0.799 0.774 0.746 0.730 0.707
     32       0.852    0.713 0.701      0.773 0.795 0.806 0.820 0.852 0.942 0.993 1.000 0.996 0.880 0.863 0.842 0.818 0.803 0.783
     33       0.868    0.773 0.635      0.713 0.738 0.750 0.765 0.802 0.909 0.979 0.996 1.000 0.918 0.904 0.886 0.866 0.853 0.835
     34       1.600    0.961 0.277      0.378 0.410 0.427 0.448 0.500 0.669 0.819 0.880 0.918 1.000 0.999 0.997 0.993 0.990 0.985
     35       1.800    0.970 0.244      0.346 0.379 0.396 0.417 0.470 0.643 0.799 0.863 0.904 0.999 1.000 0.999 0.997 0.994 0.990
     36       2.128    0.979 0.204      0.307 0.341 0.358 0.380 0.434 0.612 0.774 0.842 0.886 0.997 0.999 1.000 0.999 0.998 0.995
     37       2.652    0.987 0.163      0.267 0.301 0.318 0.341 0.395 0.578 0.746 0.818 0.866 0.993 0.997 0.999 1.000 1.000 0.998
     38       3.110    0.990 0.138      0.243 0.277 0.295 0.317 0.373 0.557 0.730 0.803 0.853 0.990 0.994 0.998 1.000 1.000 0.999
     39       4.071    0.994 0.105      0.210 0.245 0.263 0.285 0.341 0.529 0.707 0.783 0.835 0.985 0.990 0.995 0.998 0.999 1.000

  R CORE   ENERGY   A0R/A00=1.000    R3= 0     2  
   2( 1)    0.732                    1.000 0.000
   2( 2)  487.921                    0.000 1.000

  R CORE   ENERGY   A0R/A00=1.000    R3= 0     2  
   3( 1)  488.652                    0.000 1.000

  R CORE   ENERGY   A0R/A00=1.000    R3= 0     2     4  
   4( 1)    2.438                    1.000 0.000 0.000

  R CORE   ENERGY   A0R/A00=1.000    R3= 0     2     4  
   5( 1)  490.847                    0.000 1.000 0.000

  R CORE   ENERGY   A0R/A00=1.000    R3= 0     2     4     6  
   6( 1)    5.121                    1.000 0.000 0.000 0.000

  R CORE   ENERGY   A0R/A00=1.000    R3= 0     2     4     6  
   7( 1)  494.017                    0.000 1.000 0.000 0.000

          AXIAL SYMMETRY => K RESTRICTED TO OMEGA

                     K
     S.P. ORB#: 25  0.50
     S.P. ORB#: 26 -5.50
     S.P. ORB#: 27 -1.50
     S.P. ORB#: 28  2.50
     S.P. ORB#: 29 -3.50
     S.P. ORB#: 30  2.50
     S.P. ORB#: 31  0.50
     S.P. ORB#: 32 -1.50
     S.P. ORB#: 33  0.50
     S.P. ORB#: 34 -3.50
     S.P. ORB#: 35 -3.50
     S.P. ORB#: 36  4.50
     S.P. ORB#: 37  0.50
     S.P. ORB#: 38 -1.50
     S.P. ORB#: 39 -1.50
 

             ENERGY    K= OMEGA
 
 I=  1/2- (1)  2.220  31:-1.000
 
 I=  1/2- (2)  3.633  25:-0.249
                      33: 0.922
                      37:-0.298
 
 I=  1/2- (3)  6.663  25:-0.252
                      33: 0.235
                      37: 0.939
 
 I=  1/2- (4) 10.177  25: 0.935
                      33: 0.309
                      37: 0.174
 
 I=  1/2- (5)147.155  32: 1.000

             ENERGY    K= OMEGA
 
 I=  3/2- (1)  2.180  31: 0.554
                      32:-0.832
 
 I=  3/2- (2)  2.490  31: 0.819
                      32: 0.553
                      39: 0.150
 
 I=  3/2- (3)  3.691  25: 0.265
                      33:-0.931
                      37:-0.126
                      38:-0.216
 
 I=  3/2- (4)  4.764  31:-0.147
                      39: 0.988
 
 I=  3/2- (5)  6.823  25: 0.632
                      27: 0.663
                      33: 0.273
                      37:-0.144
                      38:-0.254

             ENERGY    K= OMEGA
 
 I=  5/2- (1)  2.748  28: 0.052
                      31: 0.486
                      32: 0.870
                      39:-0.068
 
 I=  5/2- (2)  3.273  28:-0.080
                      31: 0.835
                      32:-0.482
                      39:-0.253
 
 I=  5/2- (3)  3.799  25: 0.202
                      33:-0.831
                      37: 0.444
                      38: 0.267
 
 I=  5/2- (4)  4.165  28:-0.993
                      31:-0.059
                      32: 0.089
                      39:-0.052
 
 I=  5/2- (5)  5.475  28:-0.071
                      31: 0.250
                      32:-0.060
                      39: 0.964

             ENERGY    K= OMEGA
 
 I=  7/2- (1)  2.508  28: 0.158
                      34:-0.987
 
 I=  7/2- (2)  3.339  31: 0.754
                      32:-0.631
                      39: 0.176
 
 I=  7/2- (3)  3.741  28:-0.185
                      29:-0.975
                      31: 0.086
                      32: 0.071
 
 I=  7/2- (4)  3.966  28: 0.098
                      29:-0.136
                      31:-0.580
                      32:-0.759
                      39:-0.240
 
 I=  7/2- (5)  4.034  25:-0.061
                      27: 0.149
                      30: 0.163
                      33: 0.873
                      35: 0.060
                      37: 0.252
                      38: 0.345

             ENERGY    K= OMEGA
 
 I=  9/2- (1)  3.033  28: 0.100
                      29:-0.230
                      34: 0.371
                      36: 0.894
 
 I=  9/2- (2)  3.608  28:-0.205
                      29:-0.138
                      34:-0.898
                      36: 0.361
 
 I=  9/2- (3)  4.492  28:-0.063
                      31:-0.610
                      32:-0.767
                      39: 0.177
 
 I=  9/2- (4)  4.677  25: 0.141
                      27: 0.070
                      30:-0.137
                      33:-0.772
                      35: 0.068
                      37: 0.488
                      38: 0.343
 
 I=  9/2- (5)  4.911  28:-0.265
                      29: 0.915
                      31: 0.137
                      36: 0.255
                      39:-0.081

             ENERGY    K= OMEGA
 
 I= 11/2- (1)  3.929  25:-0.477
                      27:-0.557
                      30:-0.480
                      33:-0.382
                      35:-0.208
                      37:-0.122
                      38:-0.167
 
 I= 11/2- (2)  4.157  26: 0.201
                      28: 0.142
                      29: 0.294
                      34:-0.417
                      36: 0.824
 
 I= 11/2- (3)  4.390  26:-0.979
                      29: 0.061
                      34:-0.122
                      36: 0.148
 
 I= 11/2- (4)  4.928  28: 0.241
                      29:-0.197
                      34:-0.853
                      36:-0.414
 
 I= 11/2- (5)  5.407  31: 0.802
                      32:-0.532
                      39: 0.271

             ENERGY    K= OMEGA
 
 I= 13/2- (1)  5.533  26: 0.148
                      28:-0.178
                      29: 0.340
                      34:-0.447
                      36:-0.793
 
 I= 13/2- (2)  5.733  25: 0.168
                      27:-0.558
                      30: 0.673
                      33: 0.207
                      35:-0.367
                      37:-0.094
                      38:-0.143
 
 I= 13/2- (3)  5.973  26:-0.986
                      34:-0.124
                      36:-0.082
 
 I= 13/2- (4)  6.477  26: 0.069
                      28:-0.270
                      29:-0.238
                      32:-0.063
                      34:-0.819
                      36: 0.436
 
 I= 13/2- (5)  6.518  25:-0.205
                      27: 0.156
                      30:-0.140
                      33: 0.718
                      35: 0.088
                      37:-0.516
                      38:-0.353

             ENERGY     K=-3/2
  35 LEVELS    TIME=  0.0 SEC



 ******************* EXCITATION ENERGIES, DOMINANT CONFIGURATION AND EXPECTATION VALUES (WITH S.P. UU+VV FACTORS) *******************

  NR  Eex(keV)  I   Kdom  NY    <Jz>  <Jx**2> <Jy**2> <Jz**2> <I.j>/|I|  <Rx**2> <Ry**2> <Rz**2> <R.j>/|R|  <HROTx> <HROTy> <HROTz>

   1    0.0   3/2-  -3/2  32   -0.89    5.13    5.13    1.64    1.25       5.40    5.40   -0.00   -2.88      0.659   0.659  -0.000
   2   39.8   1/2-   1/2  31    0.50    5.09    5.09    0.25    0.06       5.53    5.53    0.00   -3.12      0.675   0.675   0.000
   3  309.5   3/2-   1/2  31   -0.16    4.95    4.95    0.91    0.47       6.37    6.37   -0.00   -2.77      0.776   0.776  -0.000
   4  327.4   7/2-  -7/2  34   -3.35    2.33    2.33   12.10    3.18       3.64    3.64   -0.00   -1.54      0.444   0.444  -0.000
   5  567.7   5/2-  -3/2  32   -1.02    5.14    5.14    1.79    0.92       7.68    7.68   -0.00   -2.38      0.936   0.936  -0.000
  
   6  852.3   9/2-   9/2  36    2.95    2.62    2.62   18.58    4.06       4.07    4.07    0.00   -1.26      0.496   0.496   0.000
   7 1092.7   5/2-   1/2  31   -0.08    4.79    4.79    0.88    0.21       8.99    8.99    0.00   -2.32      1.096   1.096   0.000
   8 1158.2   7/2-   1/2  31   -0.36    5.09    5.09    1.12    0.96       9.73    9.73    0.00   -1.70      1.186   1.186   0.000
   9 1427.8   9/2-  -7/2  34   -2.20    2.42    2.42   13.03    2.71       7.81    7.81   -0.00   -1.11      0.952   0.952  -0.000
  10 1452.2   1/2-   1/2  33    0.50   10.28   10.28    0.25    1.03       9.89    9.89   -0.00   -4.48      1.205   1.205  -0.000
  
  11 1510.4   3/2-   1/2  33    0.41   11.54   11.54    0.34    1.79      10.12   10.12   -0.00   -4.44      1.234   1.234  -0.000
  12 1560.5   7/2-  -7/2  29   -3.25    6.26    6.26   11.89    3.09       7.82    7.82    0.00   -3.07      0.954   0.954   0.001
  13 1619.1   5/2-   1/2  33    0.36   10.97   10.97    0.39    2.08       9.39    9.39   -0.00   -3.73      1.145   1.145  -0.000
  14 1748.9  11/2-  -3/2  27    0.11   23.60   23.60    2.83    6.08       6.54    6.54    0.00   -3.78      0.797   0.797   0.000
  15 1785.3   7/2-  -3/2  32   -0.83    4.80    4.80    1.81    0.44      11.84   11.84    0.00   -1.99      1.444   1.444   0.000
  
  16 1853.6   7/2-   1/2  33    0.26   15.13   15.13    0.73    3.07      11.17   11.17   -0.00   -3.98      1.362   1.362  -0.000
  17 1976.9  11/2-   9/2  36    1.97    2.83    2.83   18.29    3.55       8.64    8.64   -0.00   -0.66      1.053   1.053  -0.000
  18 1984.9   5/2-   5/2  28    2.45    6.10    6.10    6.19    2.07       7.43    7.43    0.00   -3.18      0.906   0.906   0.000
  19 2209.3  11/2- -11/2  26   -5.23    2.76    2.76   29.65    4.97       5.73    5.73    0.00   -1.61      0.698   0.698   0.000
  20 2311.4   9/2-  -3/2  32   -0.75    5.12    5.12    1.56    0.77      14.44   14.44    0.00   -1.48      1.761   1.761   0.000
  
  21 2496.5   9/2-   1/2  33    0.27   12.12   12.12    0.66    2.48      12.46   12.46   -0.00   -2.51      1.520   1.520  -0.000
  22 2583.5   3/2-  -3/2  39   -1.46    1.98    1.98    2.21    0.93       3.16    3.16    0.00   -1.74      0.385   0.385   0.000
  23 2731.1   9/2-  -7/2  29   -2.47    5.94    5.94   12.04    2.39      12.45   12.45    0.00   -2.41      1.518   1.518   0.000
  24 2747.3  11/2-  -7/2  34   -1.78    2.54    2.54   13.27    2.34      13.05   13.05   -0.00   -0.85      1.592   1.592  -0.000
  25 3226.4  11/2-   1/2  31   -0.22    4.98    4.98    0.98    0.95      17.66   17.66    0.00   -0.88      2.153   2.153   0.000
  
  26 3294.8   5/2-  -3/2  39   -1.35    2.15    2.15    2.14    0.31       6.66    6.66    0.00   -1.51      0.812   0.812   0.000
  27 3352.4  13/2-   9/2  36    1.69    3.01    3.01   17.48    3.11      14.43   14.43    0.00   -0.34      1.759   1.759   0.000
  28 3552.3  13/2-   5/2  30    0.20   23.10   23.10    5.25    4.87      16.07   16.07    0.00   -3.07      1.960   1.960   0.000
  29 3792.6  13/2- -11/2  26   -5.38    2.76    2.76   29.80    4.28      12.16   12.16    0.00   -1.10      1.483   1.483   0.000
  30 4297.1  13/2-  -7/2  34   -1.54    2.66    2.66   13.37    2.07      19.29   19.29   -0.00   -0.69      2.352   2.352  -0.000
  
  31 4337.9  13/2-   1/2  33    0.21   11.85   11.85    0.76    2.48      19.30   19.30    0.00   -1.15      2.353   2.353   0.000
  32 4482.3   1/2-   1/2  37    0.50   15.68   15.68    0.25   -0.36      16.49   16.49   -0.00   -5.56      2.011   2.011  -0.000
  33 4643.1   3/2-  -3/2  27   -0.51   21.10   21.10    1.26    4.35      15.19   15.19    0.00   -6.36      1.852   1.852   0.000
  34 7996.8   1/2-   1/2  25    0.50   23.09   23.09    0.25   -3.51      26.63   26.63    0.00   -6.78      3.247   3.247   0.000
  35*******   1/2-  -3/2  32    0.00    0.00    0.00    0.00    0.00       0.00    0.00    0.00   -0.00      0.000   0.000   0.000
  
