1SPECTRUM OF (Z= 82 A=207) IN PARTICLE-ROTOR  MODEL WITH MODIFIED OSCILLATOR POTENTIAL


 PARITY=-   EPS= 0.385   GAMMA=  0.0   EPS4=0.000   EPS6=0.000   LEVELS:  25  26  27  28  29  30  31  32  33  34  35  36  37  38  39

 PAIRING FACTORS: GN0= 19.20  GN1=  7.40  IPAIR= 15 ***  E2PLUS(INPUT)=   0.730  E2PLUR(INPUT)=   0.000

 CORIOLIS ATTENUATION PARAMETERS:  CHSI=1.000  ETA=  1.00

 MOMENT OF INERTIA PARAMETERS:   A1=  0.122 MEV   A2=  0.122 MEV   A3=121.91924 MEV


 DELTA=0.857 MEV  LAMBDA=53.4595 MEV   HW0= 7.5483 MEV   LAMBDA/HW0= 7.0823

 E2ENERGY=0.730 MEV  HBAR**2/B=27484./A**(7/3)=4646.1/A**2 MEV

 IREC=0  =>  RECOIL TERMS j+j-, j+j+, jzjz, ETC TREATED AS ONE-BODY OPERATORS WITH UU+VV PAIRING FACTORS



 S. P. LEVEL   EQP       U     V        (UU + VV)**1.00

     25       3.920    0.110 0.994      1.000 0.999 0.999 0.996 0.992 0.938 0.906 0.818 0.604 0.435 0.404 0.326 0.243 0.233 0.232
     26       2.884    0.150 0.989      0.999 1.000 1.000 0.999 0.996 0.951 0.922 0.841 0.636 0.472 0.441 0.364 0.282 0.272 0.271
     27       2.821    0.154 0.988      0.999 1.000 1.000 0.999 0.997 0.952 0.923 0.843 0.638 0.475 0.444 0.367 0.285 0.276 0.274
     28       2.262    0.193 0.981      0.996 0.999 0.999 1.000 0.999 0.963 0.938 0.864 0.669 0.509 0.479 0.404 0.323 0.314 0.312
     29       1.885    0.234 0.972      0.992 0.996 0.997 0.999 1.000 0.974 0.952 0.884 0.699 0.545 0.515 0.442 0.362 0.353 0.352
     30       1.068    0.449 0.894      0.938 0.951 0.952 0.963 0.974 1.000 0.997 0.967 0.843 0.721 0.697 0.634 0.565 0.557 0.556
     31       0.963    0.521 0.853      0.906 0.922 0.923 0.938 0.952 0.997 1.000 0.985 0.885 0.776 0.754 0.696 0.631 0.624 0.622
     32       0.864    0.661 0.750      0.818 0.841 0.843 0.864 0.884 0.967 0.985 1.000 0.952 0.874 0.856 0.810 0.756 0.750 0.749
     33       0.973    0.859 0.512      0.604 0.636 0.638 0.669 0.699 0.843 0.885 0.952 1.000 0.981 0.973 0.950 0.920 0.916 0.915
     34       1.361    0.943 0.334      0.435 0.472 0.475 0.509 0.545 0.721 0.776 0.874 0.981 1.000 0.999 0.993 0.979 0.977 0.977
     35       1.494    0.954 0.301      0.404 0.441 0.444 0.479 0.515 0.697 0.754 0.856 0.973 0.999 1.000 0.996 0.985 0.984 0.984
     36       1.998    0.976 0.220      0.326 0.364 0.367 0.404 0.442 0.634 0.696 0.810 0.950 0.993 0.996 1.000 0.996 0.995 0.995
     37       3.215    0.991 0.134      0.243 0.282 0.285 0.323 0.362 0.565 0.631 0.756 0.920 0.979 0.985 0.996 1.000 1.000 1.000
     38       3.459    0.992 0.125      0.233 0.272 0.276 0.314 0.353 0.557 0.624 0.750 0.916 0.977 0.984 0.995 1.000 1.000 1.000
     39       3.503    0.992 0.123      0.232 0.271 0.274 0.312 0.352 0.556 0.622 0.749 0.915 0.977 0.984 0.995 1.000 1.000 1.000

  R CORE   ENERGY   A0R/A00=1.000    R3= 0     2  
   2( 1)    0.732                    1.000 0.000
   2( 2)  487.921                    0.000 1.000

  R CORE   ENERGY   A0R/A00=1.000    R3= 0     2  
   3( 1)  488.652                    0.000 1.000

  R CORE   ENERGY   A0R/A00=1.000    R3= 0     2     4  
   4( 1)    2.438                    1.000 0.000 0.000

  R CORE   ENERGY   A0R/A00=1.000    R3= 0     2     4  
   5( 1)  490.847                    0.000 1.000 0.000

  R CORE   ENERGY   A0R/A00=1.000    R3= 0     2     4     6  
   6( 1)    5.121                    1.000 0.000 0.000 0.000

  R CORE   ENERGY   A0R/A00=1.000    R3= 0     2     4     6  
   7( 1)  494.017                    0.000 1.000 0.000 0.000

          AXIAL SYMMETRY => K RESTRICTED TO OMEGA

                     K
     S.P. ORB#: 25 -5.50
     S.P. ORB#: 26  0.50
     S.P. ORB#: 27  2.50
     S.P. ORB#: 28 -3.50
     S.P. ORB#: 29 -1.50
     S.P. ORB#: 30  0.50
     S.P. ORB#: 31 -1.50
     S.P. ORB#: 32  2.50
     S.P. ORB#: 33 -3.50
     S.P. ORB#: 34  4.50
     S.P. ORB#: 35  0.50
     S.P. ORB#: 36 -3.50
     S.P. ORB#: 37 -1.50
     S.P. ORB#: 38  0.50
     S.P. ORB#: 39  2.50
 

             ENERGY    K= OMEGA
 
 I=  1/2- (1)  2.369  30: 1.000
 
 I=  1/2- (2)  4.449  26:-0.192
                      35: 0.911
                      38:-0.366
 
 I=  1/2- (3)  7.355  26:-0.363
                      35: 0.280
                      38: 0.889
 
 I=  1/2- (4)  9.340  26: 0.912
                      35: 0.303
                      38: 0.277
 
 I=  1/2- (5)147.266  31: 1.000

             ENERGY    K= OMEGA
 
 I=  3/2- (1)  2.267  30: 0.451
                      31:-0.892
 
 I=  3/2- (2)  2.630  30: 0.867
                      31: 0.445
                      37: 0.226

             ENERGY    K= OMEGA
 
 I=  5/2- (1)  2.729  30: 0.398
                      31: 0.880
                      37:-0.080
                      39:-0.243
 
 I=  5/2- (2)  3.363  27:-0.056
                      30: 0.843
                      31:-0.385
                      37:-0.360
                      39: 0.092
 
 I=  5/2- (3)  4.221  27: 0.169
                      30: 0.202
                      31: 0.171
                      37: 0.475
                      39: 0.822
 
 I=  5/2- (4)  4.602  27:-0.921
                      30:-0.104
                      31: 0.150
                      37:-0.185
                      39: 0.291
 
 I=  5/2- (5)  4.780  27: 0.345
                      30:-0.283
                      31: 0.157
                      37:-0.777
                      39: 0.415

             ENERGY    K= OMEGA
 
 I=  7/2- (1)  1.847  27: 0.156
                      33:-0.986
 
 I=  7/2- (2)  3.307  30:-0.564
                      31: 0.751
                      37:-0.178
                      39: 0.290
 
 I=  7/2- (3)  4.002  27: 0.075
                      30:-0.734
                      31:-0.546
                      37:-0.335
                      39:-0.210
 
 I=  7/2- (4)  4.047  26: 0.619
                      29: 0.588
                      32: 0.477
                      36: 0.210
 
 I=  7/2- (5)  4.152  27:-0.192
                      28:-0.975
                      39:-0.092

             ENERGY    K= OMEGA
 
 I=  9/2- (1)  2.287  27: 0.087
                      28:-0.163
                      33: 0.355
                      34: 0.917
 
 I=  9/2- (2)  2.910  27:-0.209
                      28:-0.100
                      33:-0.904
                      34: 0.353
                      39: 0.052
 
 I=  9/2- (3)  4.271  30: 0.440
                      31: 0.789
                      33:-0.062
                      37:-0.193
                      39:-0.376
 
 I=  9/2- (4)  4.745  26: 0.209
                      29:-0.551
                      32: 0.691
                      36:-0.418
 
 I=  9/2- (5)  5.241  27:-0.196
                      28: 0.371
                      30: 0.645
                      31:-0.430
                      33: 0.056
                      34: 0.069
                      37:-0.452
                      39: 0.104

             ENERGY    K= OMEGA
 
 I= 11/2- (1)  3.425  27:-0.137
                      28:-0.221
                      33: 0.442
                      34:-0.858
 
 I= 11/2- (2)  3.464  26:-0.613
                      29:-0.587
                      32:-0.466
                      35:-0.097
                      36:-0.230
 
 I= 11/2- (3)  4.197  27:-0.245
                      28: 0.148
                      31: 0.069
                      33: 0.845
                      34: 0.438
                      39: 0.074
 
 I= 11/2- (4)  5.262  25: 0.785
                      30: 0.357
                      31:-0.420
                      37: 0.162
                      39:-0.223
 
 I= 11/2- (5)  5.266  25:-0.618
                      30: 0.455
                      31:-0.533
                      33: 0.070
                      37: 0.206
                      39:-0.279

             ENERGY    K= OMEGA
 
 I= 13/2- (1)  4.793  27: 0.178
                      28:-0.260
                      33: 0.489
                      34: 0.812
 
 I= 13/2- (2)  5.285  26: 0.215
                      29:-0.561
                      32: 0.679
                      36:-0.422
 
 I= 13/2- (3)  5.712  27:-0.271
                      28:-0.189
                      31:-0.099
                      33:-0.798
                      34: 0.482
                      39: 0.099
 
 I= 13/2- (4)  6.751  25: 0.057
                      30:-0.450
                      31:-0.724
                      33: 0.117
                      34:-0.057
                      37: 0.263
                      39: 0.426
 
 I= 13/2- (5)  6.851  25: 0.997

             ENERGY     K= 5/2
  32 LEVELS    TIME=  0.0 SEC



 ******************* EXCITATION ENERGIES, DOMINANT CONFIGURATION AND EXPECTATION VALUES (WITH S.P. UU+VV FACTORS) *******************

  NR  Eex(keV)  I   Kdom  NY    <Jz>  <Jx**2> <Jy**2> <Jz**2> <I.j>/|I|  <Rx**2> <Ry**2> <Rz**2> <R.j>/|R|  <HROTx> <HROTy> <HROTz>

   1    0.0   7/2-  -7/2  33   -3.35    2.30    2.30   12.09    3.24       3.38    3.38    0.00   -1.48      0.412   0.412   0.000
   2  419.9   3/2-  -3/2  31   -1.09    4.95    4.95    1.84    1.29       5.26    5.26   -0.00   -2.85      0.641   0.641  -0.000
   3  440.1   9/2-   9/2  34    3.27    2.50    2.50   18.92    4.12       3.86    3.86   -0.00   -1.24      0.470   0.470  -0.000
   4  521.5   1/2-   1/2  30    0.50    4.92    4.92    0.25    0.10       5.34    5.34    0.00   -3.06      0.651   0.651   0.000
   5  783.0   3/2-   1/2  30    0.00    4.69    4.69    0.75    0.46       6.04    6.04   -0.00   -2.66      0.737   0.737  -0.000
  
   6  881.7   5/2-  -3/2  31   -0.94    4.79    4.79    2.17    1.27       6.49    6.49   -0.00   -2.22      0.792   0.792  -0.000
   7 1062.8   9/2-  -7/2  33   -2.22    2.37    2.37   12.95    2.79       7.33    7.33    0.00   -0.99      0.894   0.894   0.000
   8 1459.6   7/2-  -3/2  31   -0.53    4.67    4.67    1.97    1.32       8.30    8.30   -0.00   -1.49      1.012   1.012  -0.000
   9 1515.9   5/2-   1/2  30   -0.03    4.39    4.39    0.88    0.33       8.23    8.23    0.00   -2.14      1.003   1.003   0.000
  10 1577.4  11/2-   9/2  34    2.50    2.66    2.66   18.03    3.53       8.47    8.47   -0.00   -0.55      1.033   1.033  -0.000
  
  11 1617.0  11/2-   1/2  26    0.03   23.29   23.29    2.88    6.15       5.84    5.84   -0.00   -3.71      0.712   0.712  -0.000
  12 2155.0   7/2-   1/2  30   -0.22    4.31    4.31    1.38    0.55      10.69   10.69    0.00   -1.69      1.303   1.303   0.000
  13 2200.1   7/2-   1/2  26    0.09   22.87   22.87    2.84    6.03       8.24    8.24   -0.00   -6.07      1.004   1.004  -0.000
  14 2304.2   7/2-  -7/2  28   -3.22    6.19    6.19   11.93    3.12       7.63    7.63   -0.00   -3.05      0.931   0.931  -0.000
  15 2349.6  11/2-  -7/2  33   -1.56    2.46    2.46   13.36    2.46      12.28   12.28    0.00   -0.71      1.497   1.497   0.000
  
  16 2373.5   5/2-   5/2  39    1.40    2.10    2.10    4.98    1.68       4.00    4.00    0.00   -1.49      0.488   0.488   0.000
  17 2423.3   9/2-  -3/2  31   -0.55    4.49    4.49    2.48    1.30      11.66   11.66   -0.00   -1.04      1.421   1.421  -0.000
  18 2601.3   1/2-   1/2  35    0.50   11.18   11.18    0.25    0.98      10.83   10.83    0.00   -4.68      1.321   1.321   0.000
  19 2754.3   5/2-   5/2  27    2.25    5.55    5.55    5.96    1.91       7.26    7.26    0.00   -3.00      0.885   0.885   0.000
  20 2897.2   9/2-   5/2  32    0.15   23.75   23.75    5.82    5.14      13.46   13.46   -0.00   -5.35      1.641   1.641  -0.000
  
  21 2932.7   5/2-  -3/2  37   -0.17    2.74    2.74    3.26    0.47       7.34    7.34    0.00   -1.91      0.895   0.895   0.000
  22 2945.5  13/2-   9/2  34    1.97    2.81    2.81   17.35    3.13      14.00   14.00   -0.00   -0.21      1.707   1.707  -0.000
  23 3393.4   9/2-   1/2  30   -0.73    4.29    4.29    3.11    0.78      14.33   14.33   -0.00   -1.46      1.747   1.747  -0.000
  24 3414.4  11/2- -11/2  25   -3.52    3.40    3.40   19.49    3.63       9.33    9.33    0.00   -1.06      1.137   1.137   0.000
  25 3419.0  11/2- -11/2  25   -2.30    3.79    3.79   12.92    2.74      11.73   11.73    0.00   -0.85      1.430   1.430   0.000
  
  26 3437.2  13/2-   5/2  32    0.08   23.75   23.75    5.78    5.07      15.60   15.60   -0.00   -3.20      1.902   1.902  -0.000
  27 3864.2  13/2-  -7/2  33   -1.12    2.55    2.55   13.54    2.22      18.20   18.20    0.00   -0.52      2.219   2.219   0.000
  28 4903.2  13/2-  -3/2  31   -0.39    4.25    4.25    2.87    1.29      21.06   21.06   -0.00   -0.37      2.568   2.568  -0.000
  29 5003.4  13/2- -11/2  25   -5.46    2.76    2.76   30.12    4.31      12.08   12.08    0.00   -1.12      1.473   1.473   0.000
  30 5508.1   1/2-   1/2  38    0.50   15.91   15.91    0.25   -0.59      16.92   16.92    0.00   -5.60      2.063   2.063   0.000
  
  31 7492.8   1/2-   1/2  26    0.50   23.35   23.35    0.25   -3.43      26.82   26.82    0.00   -6.82      3.270   3.270   0.000
  32*******   1/2-  -3/2  31    0.00    0.00    0.00    0.00    0.00       0.00    0.00    0.00   -0.00      0.000   0.000   0.000
