1SPECTRUM OF (Z= 82 A=207) IN PARTICLE-ROTOR  MODEL WITH MODIFIED OSCILLATOR POTENTIAL


 PARITY=-   EPS= 0.390   GAMMA=  0.0   EPS4=0.000   EPS6=0.000   LEVELS:  25  26  27  28  29  30  31  32  33  34  35  36  37  38  39

 PAIRING FACTORS: GN0= 19.20  GN1=  7.40  IPAIR= 15 ***  E2PLUS(INPUT)=   0.730  E2PLUR(INPUT)=   0.000

 CORIOLIS ATTENUATION PARAMETERS:  CHSI=1.000  ETA=  1.00

 MOMENT OF INERTIA PARAMETERS:   A1=  0.122 MEV   A2=  0.122 MEV   A3=121.91924 MEV


 DELTA=0.852 MEV  LAMBDA=53.4673 MEV   HW0= 7.5522 MEV   LAMBDA/HW0= 7.0797

 E2ENERGY=0.730 MEV  HBAR**2/B=28202./A**(7/3)=4767.5/A**2 MEV

 IREC=0  =>  RECOIL TERMS j+j-, j+j+, jzjz, ETC TREATED AS ONE-BODY OPERATORS WITH UU+VV PAIRING FACTORS



 S. P. LEVEL   EQP       U     V        (UU + VV)**1.00

     25       3.838    0.112 0.994      1.000 0.999 0.999 0.996 0.994 0.934 0.899 0.839 0.576 0.425 0.419 0.329 0.240 0.237 0.230
     26       2.998    0.144 0.990      0.999 1.000 1.000 0.999 0.997 0.945 0.913 0.856 0.602 0.453 0.448 0.359 0.271 0.268 0.261
     27       2.782    0.155 0.988      0.999 1.000 1.000 0.999 0.998 0.948 0.917 0.862 0.611 0.464 0.459 0.370 0.283 0.280 0.272
     28       2.223    0.195 0.981      0.996 0.999 0.999 1.000 1.000 0.961 0.933 0.882 0.643 0.500 0.495 0.408 0.322 0.319 0.311
     29       1.966    0.222 0.975      0.994 0.997 0.998 1.000 1.000 0.968 0.942 0.895 0.663 0.523 0.518 0.433 0.347 0.345 0.337
     30       1.042    0.460 0.888      0.934 0.945 0.948 0.961 0.968 1.000 0.996 0.978 0.830 0.721 0.717 0.646 0.572 0.570 0.564
     31       0.942    0.535 0.845      0.899 0.913 0.917 0.933 0.942 0.996 1.000 0.993 0.875 0.778 0.774 0.709 0.641 0.639 0.633
     32       0.869    0.634 0.773      0.839 0.856 0.862 0.882 0.895 0.978 0.993 1.000 0.928 0.849 0.846 0.790 0.729 0.727 0.722
     33       1.010    0.877 0.481      0.576 0.602 0.611 0.643 0.663 0.830 0.875 0.928 1.000 0.985 0.984 0.962 0.932 0.931 0.928
     34       1.401    0.947 0.321      0.425 0.453 0.464 0.500 0.523 0.721 0.778 0.849 0.985 1.000 1.000 0.995 0.981 0.980 0.979
     35       1.422    0.949 0.315      0.419 0.448 0.459 0.495 0.518 0.717 0.774 0.846 0.984 1.000 1.000 0.995 0.982 0.981 0.980
     36       1.970    0.975 0.222      0.329 0.359 0.370 0.408 0.433 0.646 0.709 0.790 0.962 0.995 0.995 1.000 0.996 0.995 0.995
     37       3.291    0.991 0.131      0.240 0.271 0.283 0.322 0.347 0.572 0.641 0.729 0.932 0.981 0.982 0.996 1.000 1.000 1.000
     38       3.368    0.992 0.127      0.237 0.268 0.280 0.319 0.345 0.570 0.639 0.727 0.931 0.980 0.981 0.995 1.000 1.000 1.000
     39       3.579    0.993 0.120      0.230 0.261 0.272 0.311 0.337 0.564 0.633 0.722 0.928 0.979 0.980 0.995 1.000 1.000 1.000

  R CORE   ENERGY   A0R/A00=1.000    R3= 0     2  
   2( 1)    0.732                    1.000 0.000
   2( 2)  487.921                    0.000 1.000

  R CORE   ENERGY   A0R/A00=1.000    R3= 0     2  
   3( 1)  488.652                    0.000 1.000

  R CORE   ENERGY   A0R/A00=1.000    R3= 0     2     4  
   4( 1)    2.438                    1.000 0.000 0.000

  R CORE   ENERGY   A0R/A00=1.000    R3= 0     2     4  
   5( 1)  490.847                    0.000 1.000 0.000

  R CORE   ENERGY   A0R/A00=1.000    R3= 0     2     4     6  
   6( 1)    5.121                    1.000 0.000 0.000 0.000

  R CORE   ENERGY   A0R/A00=1.000    R3= 0     2     4     6  
   7( 1)  494.017                    0.000 1.000 0.000 0.000

          AXIAL SYMMETRY => K RESTRICTED TO OMEGA

                     K
     S.P. ORB#: 25 -5.50
     S.P. ORB#: 26  0.50
     S.P. ORB#: 27  2.50
     S.P. ORB#: 28 -3.50
     S.P. ORB#: 29 -1.50
     S.P. ORB#: 30  0.50
     S.P. ORB#: 31 -1.50
     S.P. ORB#: 32  2.50
     S.P. ORB#: 33 -3.50
     S.P. ORB#: 34  0.50
     S.P. ORB#: 35  4.50
     S.P. ORB#: 36 -3.50
     S.P. ORB#: 37 -1.50
     S.P. ORB#: 38  0.50
     S.P. ORB#: 39  2.50
 

             ENERGY    K= OMEGA
 
 I=  1/2- (1)  2.348  30: 1.000
 
 I=  1/2- (2)  4.346  26:-0.192
                      34: 0.912
                      38:-0.362
 
 I=  1/2- (3)  7.290  26:-0.344
                      34: 0.283
                      38: 0.895
 
 I=  1/2- (4)  9.398  26: 0.919
                      34: 0.296
                      38: 0.260
 
 I=  1/2- (5)147.245  31:-1.000

             ENERGY    K= OMEGA
 
 I=  3/2- (1)  2.250  30:-0.456
                      31: 0.889
 
 I=  3/2- (2)  2.611  30: 0.867
                      31: 0.451
                      37: 0.212

             ENERGY    K= OMEGA
 
 I=  5/2- (1)  2.716  30:-0.399
                      31:-0.883
                      37: 0.076
                      39: 0.233
 
 I=  5/2- (2)  3.352  27: 0.056
                      30:-0.850
                      31: 0.386
                      37: 0.341
                      39:-0.091
 
 I=  5/2- (3)  4.291  27:-0.235
                      30:-0.192
                      31:-0.157
                      37:-0.481
                      39:-0.808
 
 I=  5/2- (4)  4.576  27:-0.944
                      30:-0.053
                      31: 0.138
                      37:-0.053
                      39: 0.292
 
 I=  5/2- (5)  4.753  26:-0.144
                      34: 0.800
                      38:-0.581

             ENERGY    K= OMEGA
 
 I=  7/2- (1)  1.890  27:-0.153
                      33: 0.987
 
 I=  7/2- (2)  3.294  30: 0.569
                      31:-0.752
                      37: 0.172
                      39:-0.280
 
 I=  7/2- (3)  3.987  27: 0.077
                      30:-0.738
                      31:-0.551
                      37:-0.321
                      39:-0.205
 
 I=  7/2- (4)  4.100  26: 0.608
                      29: 0.588
                      32: 0.489
                      36: 0.214
 
 I=  7/2- (5)  4.117  27:-0.190
                      28:-0.976
                      39:-0.085

             ENERGY    K= OMEGA
 
 I=  9/2- (1)  2.350  27:-0.087
                      28: 0.163
                      33:-0.362
                      35:-0.913
 
 I=  9/2- (2)  2.962  27:-0.204
                      28:-0.101
                      33:-0.902
                      35: 0.360
                      39: 0.054
 
 I=  9/2- (3)  4.262  30:-0.441
                      31:-0.795
                      33: 0.065
                      37: 0.185
                      39: 0.365
 
 I=  9/2- (4)  4.771  26: 0.208
                      29:-0.552
                      32: 0.692
                      36:-0.414
 
 I=  9/2- (5)  5.227  27:-0.249
                      28: 0.615
                      30: 0.519
                      31:-0.369
                      33: 0.054
                      35: 0.118
                      37:-0.369

             ENERGY    K= OMEGA
 
 I= 11/2- (1)  3.490  27:-0.136
                      28:-0.221
                      33: 0.447
                      35:-0.855
 
 I= 11/2- (2)  3.523  26:-0.605
                      29:-0.588
                      32:-0.472
                      34:-0.105
                      36:-0.230
 
 I= 11/2- (3)  4.255  27:-0.240
                      28: 0.151
                      31: 0.074
                      33: 0.844
                      35: 0.442
                      39: 0.077
 
 I= 11/2- (4)  5.181  25: 0.998
 
 I= 11/2- (5)  5.254  30: 0.583
                      31:-0.681
                      33: 0.089
                      37: 0.255
                      39:-0.347

             ENERGY    K= OMEGA
 
 I= 13/2- (1)  4.862  27: 0.176
                      28:-0.261
                      33: 0.491
                      35: 0.811
 
 I= 13/2- (2)  5.325  26: 0.216
                      29:-0.564
                      32: 0.679
                      36:-0.416
 
 I= 13/2- (3)  5.776  27:-0.265
                      28:-0.191
                      31:-0.107
                      33:-0.797
                      35: 0.482
                      39: 0.104
 
 I= 13/2- (4)  6.745  25: 0.241
                      30:-0.438
                      31:-0.710
                      33: 0.121
                      35:-0.050
                      37: 0.248
                      39: 0.407
 
 I= 13/2- (5)  6.770  25: 0.968
                      30: 0.109
                      31: 0.174
                      35: 0.062
                      37:-0.061
                      39:-0.095

             ENERGY     K= 5/2
  32 LEVELS    TIME=  0.0 SEC



 ******************* EXCITATION ENERGIES, DOMINANT CONFIGURATION AND EXPECTATION VALUES (WITH S.P. UU+VV FACTORS) *******************

  NR  Eex(keV)  I   Kdom  NY    <Jz>  <Jx**2> <Jy**2> <Jz**2> <I.j>/|I|  <Rx**2> <Ry**2> <Rz**2> <R.j>/|R|  <HROTx> <HROTy> <HROTz>

   1    0.0   7/2-  -7/2  33   -3.35    2.30    2.30   12.10    3.23       3.42    3.42    0.00   -1.49      0.417   0.417   0.000
   2  359.7   3/2-  -3/2  31   -1.08    4.97    4.97    1.83    1.28       5.27    5.27   -0.00   -2.86      0.643   0.643  -0.000
   3  457.5   1/2-   1/2  30    0.50    4.94    4.94    0.25    0.09       5.36    5.36    0.00   -3.07      0.653   0.653   0.000
   4  459.3   9/2-   9/2  35    3.22    2.50    2.50   18.88    4.10       3.89    3.89    0.00   -1.24      0.475   0.475   0.000
   5  720.7   3/2-   1/2  30    0.00    4.73    4.73    0.75    0.45       6.10    6.10   -0.00   -2.67      0.744   0.744  -0.000
  
   6  825.3   5/2-  -3/2  31   -0.96    4.82    4.82    2.16    1.26       6.56    6.56   -0.00   -2.23      0.799   0.799  -0.000
   7 1071.1   9/2-  -7/2  33   -2.19    2.37    2.37   13.00    2.78       7.40    7.40    0.00   -1.01      0.902   0.902   0.000
   8 1403.5   7/2-  -3/2  31   -0.54    4.71    4.71    1.93    1.31       8.37    8.37    0.00   -1.51      1.021   1.021   0.000
   9 1461.1   5/2-   1/2  30   -0.01    4.46    4.46    0.85    0.31       8.35    8.35    0.00   -2.17      1.019   1.019   0.000
  10 1599.3  11/2-   9/2  35    2.46    2.66    2.66   18.00    3.51       8.54    8.54    0.00   -0.56      1.041   1.041   0.000
  
  11 1633.0  11/2-   1/2  26    0.04   23.22   23.22    2.91    6.14       5.86    5.86    0.00   -3.70      0.714   0.714   0.000
  12 2096.3   7/2-   1/2  30   -0.22    4.36    4.36    1.36    0.54      10.77   10.77   -0.00   -1.71      1.313   1.313  -0.000
  13 2209.4   7/2-   1/2  26    0.10   22.83   22.83    2.93    6.02       8.26    8.26    0.00   -6.07      1.007   1.007   0.000
  14 2226.1   7/2-  -7/2  28   -3.23    6.20    6.20   11.96    3.13       7.65    7.65    0.00   -3.06      0.933   0.933   0.000
  15 2364.7  11/2-  -7/2  33   -1.55    2.46    2.46   13.39    2.45      12.38   12.38    0.00   -0.73      1.509   1.509   0.000
  
  16 2371.8   9/2-  -3/2  31   -0.58    4.53    4.53    2.46    1.28      11.75   11.75    0.00   -1.06      1.433   1.433   0.000
  17 2401.0   5/2-   5/2  39    1.40    2.19    2.19    5.01    1.71       4.02    4.02    0.00   -1.53      0.491   0.491   0.000
  18 2455.6   1/2-   1/2  34    0.50   11.15   11.15    0.25    1.01      10.78   10.78   -0.00   -4.67      1.314   1.314  -0.000
  19 2685.4   5/2-   5/2  27    2.41    5.69    5.69    6.15    1.99       7.24    7.24    0.00   -3.06      0.882   0.882   0.000
  20 2862.2   5/2-   1/2  34    0.50   11.30   11.30    0.26    1.66      10.88   10.88   -0.00   -3.84      1.327   1.327  -0.000
  
  21 2880.8   9/2-   5/2  32    0.16   23.67   23.67    5.80    5.12      13.47   13.47    0.00   -5.33      1.642   1.642   0.000
  22 2971.6  13/2-   9/2  35    1.94    2.81    2.81   17.34    3.12      14.10   14.10    0.00   -0.23      1.719   1.719   0.000
  23 3290.7  11/2- -11/2  25   -5.48    2.75    2.75   30.20    5.05       5.54    5.54    0.00   -1.66      0.675   0.675   0.000
  24 3336.1   9/2-  -7/2  28   -1.38    4.89    4.89    6.03    1.33      13.64   13.64    0.00   -1.76      1.663   1.663   0.000
  25 3363.8  11/2-  -3/2  31   -0.35    4.48    4.48    2.19    1.31      15.59   15.59    0.00   -0.59      1.901   1.901   0.000
  
  26 3434.1  13/2-   5/2  32    0.09   23.68   23.68    5.73    5.05      15.65   15.65    0.00   -3.19      1.908   1.908   0.000
  27 3885.1  13/2-  -7/2  33   -1.13    2.56    2.56   13.54    2.20      18.32   18.32    0.00   -0.54      2.234   2.234   0.000
  28 4854.1  13/2-  -3/2  31   -0.70    4.21    4.21    4.36    1.45      20.63   20.63   -0.00   -0.41      2.515   2.515  -0.000
  29 4879.3  13/2- -11/2  25   -5.18    2.84    2.84   28.63    4.14      12.61   12.61    0.00   -1.07      1.537   1.537   0.000
  30 5400.0   1/2-   1/2  38    0.50   15.90   15.90    0.25   -0.59      16.91   16.91    0.00   -5.60      2.062   2.062   0.000
  
  31 7507.3   1/2-   1/2  26    0.50   23.24   23.24    0.25   -3.44      26.72   26.72   -0.00   -6.80      3.257   3.257  -0.000
  32*******   1/2-  -3/2  31    0.00    0.00    0.00    0.00    0.00       0.00    0.00    0.00   -0.00      0.000   0.000   0.000
