1SPECTRUM OF (Z= 82 A=207) IN PARTICLE-ROTOR  MODEL WITH MODIFIED OSCILLATOR POTENTIAL


 PARITY=-   EPS= 0.218   GAMMA=  0.0   EPS4=0.000   EPS6=0.000   LEVELS:  24  25  26  27  28  29  30  31  32  33  34  35  36  37  38

 PAIRING FACTORS: GN0= 19.20  GN1=  7.40  IPAIR= 15 ***  E2PLUS(INPUT)=   0.730  E2PLUR(INPUT)=   0.000

 CORIOLIS ATTENUATION PARAMETERS:  CHSI=1.000  ETA=  1.00

 MOMENT OF INERTIA PARAMETERS:   A1=  0.122 MEV   A2=  0.122 MEV   A3=121.91923 MEV


 DELTA=0.945 MEV  LAMBDA=53.4822 MEV   HW0= 7.4524 MEV   LAMBDA/HW0= 7.1765

 E2ENERGY=0.730 MEV  HBAR**2/B= 8812./A**(7/3)=1489.6/A**2 MEV

 IREC=0  =>  RECOIL TERMS j+j-, j+j+, jzjz, ETC TREATED AS ONE-BODY OPERATORS WITH UU+VV PAIRING FACTORS



 S. P. LEVEL   EQP       U     V        (UU + VV)**1.00

     24       5.207    0.091 0.996      1.000 1.000 1.000 0.999 0.994 0.989 0.986 0.986 0.614 0.540 0.522 0.444 0.373 0.337 0.261
     25       4.139    0.115 0.993      1.000 1.000 1.000 1.000 0.996 0.993 0.990 0.990 0.632 0.560 0.542 0.465 0.396 0.359 0.284
     26       4.109    0.116 0.993      1.000 1.000 1.000 1.000 0.997 0.993 0.990 0.990 0.633 0.560 0.543 0.466 0.396 0.360 0.285
     27       3.605    0.132 0.991      0.999 1.000 1.000 1.000 0.998 0.995 0.992 0.992 0.646 0.574 0.557 0.481 0.412 0.375 0.301
     28       2.439    0.198 0.980      0.994 0.996 0.997 0.998 1.000 0.999 0.998 0.998 0.695 0.627 0.610 0.538 0.471 0.436 0.364
     29       2.073    0.235 0.972      0.989 0.993 0.993 0.995 0.999 1.000 1.000 1.000 0.722 0.656 0.640 0.569 0.504 0.470 0.399
     30       1.916    0.255 0.967      0.986 0.990 0.990 0.992 0.998 1.000 1.000 1.000 0.736 0.672 0.656 0.586 0.522 0.488 0.418
     31       1.910    0.256 0.967      0.986 0.990 0.990 0.992 0.998 1.000 1.000 1.000 0.737 0.673 0.657 0.587 0.523 0.489 0.419
     32       1.041    0.842 0.539      0.614 0.632 0.633 0.646 0.695 0.722 0.736 0.737 1.000 0.996 0.994 0.980 0.962 0.950 0.923
     33       1.156    0.888 0.461      0.540 0.560 0.560 0.574 0.627 0.656 0.672 0.673 0.996 1.000 1.000 0.994 0.983 0.974 0.954
     34       1.193    0.897 0.442      0.522 0.542 0.543 0.557 0.610 0.640 0.656 0.657 0.994 1.000 1.000 0.996 0.986 0.979 0.960
     35       1.406    0.933 0.360      0.444 0.465 0.466 0.481 0.538 0.569 0.586 0.587 0.980 0.994 0.996 1.000 0.997 0.993 0.981
     36       1.717    0.958 0.287      0.373 0.396 0.396 0.412 0.471 0.504 0.522 0.523 0.962 0.983 0.986 0.997 1.000 0.999 0.993
     37       1.956    0.968 0.250      0.337 0.359 0.360 0.375 0.436 0.470 0.488 0.489 0.950 0.974 0.979 0.993 0.999 1.000 0.997
     38       2.784    0.985 0.172      0.261 0.284 0.285 0.301 0.364 0.399 0.418 0.419 0.923 0.954 0.960 0.981 0.993 0.997 1.000

  R CORE   ENERGY   A0R/A00=1.000    R3= 0     2  
   2( 1)    0.732                    1.000 0.000
   2( 2)  487.921                    0.000 1.000

  R CORE   ENERGY   A0R/A00=1.000    R3= 0     2  
   3( 1)  488.652                    0.000 1.000

  R CORE   ENERGY   A0R/A00=1.000    R3= 0     2     4  
   4( 1)    2.438                    1.000 0.000 0.000

  R CORE   ENERGY   A0R/A00=1.000    R3= 0     2     4  
   5( 1)  490.847                    0.000 1.000 0.000

  R CORE   ENERGY   A0R/A00=1.000    R3= 0     2     4     6  
   6( 1)    5.121                    1.000 0.000 0.000 0.000

  R CORE   ENERGY   A0R/A00=1.000    R3= 0     2     4     6  
   7( 1)  494.017                    0.000 1.000 0.000 0.000

          AXIAL SYMMETRY => K RESTRICTED TO OMEGA

                     K
     S.P. ORB#: 24  2.50
     S.P. ORB#: 25  2.50
     S.P. ORB#: 26  0.50
     S.P. ORB#: 27 -3.50
     S.P. ORB#: 28 -3.50
     S.P. ORB#: 29  0.50
     S.P. ORB#: 30  4.50
     S.P. ORB#: 31 -1.50
     S.P. ORB#: 32 -1.50
     S.P. ORB#: 33  0.50
     S.P. ORB#: 34  2.50
     S.P. ORB#: 35 -1.50
     S.P. ORB#: 36  0.50
     S.P. ORB#: 37  2.50
     S.P. ORB#: 38 -3.50
 

             ENERGY    K= OMEGA
 
 I=  1/2- (1)  1.989  26:-0.056
                      36:-0.998
 
 I=  1/2- (2)  3.154  29: 0.999
 
 I=  1/2- (3)  5.380  26: 0.998
                      36:-0.057
 
 I=  1/2- (4)  8.888  33: 1.000
 
 I=  1/2- (5)147.344  32: 1.000

             ENERGY    K= OMEGA
 
 I=  3/2- (1)  1.544  29: 0.184
                      31: 0.099
                      32: 0.975
                      36:-0.068
 
 I=  3/2- (2)  2.607  29: 0.208
                      31: 0.231
                      32:-0.130
                      36:-0.941

             ENERGY    K= OMEGA
 
 I=  5/2- (1)  1.672  26:-0.054
                      29: 0.144
                      31: 0.180
                      32:-0.461
                      34:-0.853
 
 I=  5/2- (2)  2.193  29: 0.198
                      31:-0.180
                      32:-0.848
                      34: 0.451
                      36:-0.063
 
 I=  5/2- (3)  2.629  26: 0.068
                      29:-0.225
                      31:-0.304
                      34:-0.155
                      36:-0.910
 
 I=  5/2- (4)  3.290  24:-0.072
                      26: 0.347
                      29:-0.408
                      31:-0.714
                      32:-0.067
                      34:-0.181
                      36: 0.399
 
 I=  5/2- (5)  4.453  24: 0.064
                      26: 0.074
                      29:-0.815
                      31: 0.506
                      32:-0.247
                      34: 0.097

             ENERGY    K= OMEGA
 
 I=  7/2- (1)  2.314  29: 0.195
                      31:-0.209
                      32: 0.542
                      34:-0.789
 
 I=  7/2- (2)  2.855  25:-0.101
                      26: 0.172
                      27: 0.055
                      28:-0.215
                      29: 0.328
                      31: 0.319
                      32: 0.674
                      34: 0.464
                      36:-0.177
 
 I=  7/2- (3)  3.182  25: 0.220
                      27:-0.100
                      28: 0.939
                      29: 0.100
                      31: 0.073
                      32: 0.150
                      34: 0.119
                      36:-0.059
 
 I=  7/2- (4)  3.507  33:-0.734
                      35:-0.572
                      37:-0.340
                      38:-0.137
 
 I=  7/2- (5)  4.102  24:-0.088
                      26: 0.182
                      29: 0.141
                      31: 0.487
                      32:-0.329
                      34:-0.306
                      36:-0.705

             ENERGY    K= OMEGA
 
 I=  9/2- (1)  2.645  24: 0.072
                      25:-0.069
                      27: 0.282
                      28: 0.164
                      30:-0.927
                      31: 0.069
                      32:-0.068
                      34:-0.110
 
 I=  9/2- (2)  3.003  26:-0.197
                      29: 0.317
                      30: 0.164
                      31: 0.388
                      32:-0.471
                      34:-0.657
                      36: 0.161
 
 I=  9/2- (3)  3.912  24: 0.104
                      25: 0.276
                      26:-0.061
                      27: 0.138
                      28:-0.667
                      29:-0.096
                      30:-0.085
                      31: 0.260
                      32: 0.541
                      34:-0.189
                      36: 0.179
 
 I=  9/2- (4)  4.143  25: 0.110
                      26: 0.177
                      27: 0.061
                      28:-0.415
                      29:-0.203
                      30:-0.065
                      31:-0.348
                      32:-0.316
                      34:-0.279
                      36:-0.659
 
 I=  9/2- (5)  4.235  25:-0.126
                      26: 0.078
                      28: 0.480
                      29:-0.334
                      30: 0.089
                      31: 0.061
                      32: 0.490
                      34:-0.570
                      36:-0.237

             ENERGY    K= OMEGA
 
 I= 11/2- (1)  2.443  33: 0.693
                      35: 0.575
                      37: 0.390
                      38: 0.191
 
 I= 11/2- (2)  3.555  24: 0.120
                      25:-0.109
                      27:-0.385
                      28:-0.213
                      30:-0.870
                      31:-0.072
                      32: 0.066
                      34:-0.116
 
 I= 11/2- (3)  4.264  28:-0.051
                      29:-0.282
                      30:-0.163
                      31: 0.286
                      32:-0.569
                      34: 0.696
 
 I= 11/2- (4)  4.774  24:-0.119
                      25:-0.205
                      26: 0.263
                      27: 0.120
                      28:-0.391
                      29: 0.363
                      31: 0.409
                      32: 0.486
                      34: 0.363
                      36:-0.201
 
 I= 11/2- (5)  5.224  24:-0.071
                      25:-0.310
                      26:-0.161
                      27: 0.150
                      28:-0.793
                      29:-0.236
                      30: 0.180
                      31:-0.198
                      32:-0.197
                      34:-0.192
                      36: 0.138

             ENERGY    K= OMEGA
 
 I= 13/2- (1)  4.625  24: 0.171
                      25:-0.131
                      26:-0.115
                      27: 0.435
                      28: 0.213
                      29: 0.139
                      30:-0.758
                      31: 0.204
                      32:-0.144
                      34:-0.212
                      36: 0.070
 
 I= 13/2- (2)  4.724  33:-0.236
                      35: 0.587
                      37:-0.651
                      38: 0.420
 
 I= 13/2- (3)  5.074  26:-0.305
                      27:-0.111
                      28:-0.134
                      29: 0.392
                      30: 0.352
                      31: 0.459
                      32:-0.362
                      34:-0.460
                      36: 0.206
 
 I= 13/2- (4)  6.312  24: 0.170
                      25: 0.380
                      26:-0.052
                      27: 0.205
                      28:-0.726
                      29:-0.090
                      30:-0.133
                      31: 0.190
                      32: 0.424
                      36: 0.111
 
 I= 13/2- (5)  6.715  25: 0.088
                      26: 0.216
                      27: 0.076
                      28:-0.294
                      29:-0.192
                      31:-0.271
                      32:-0.401
                      34:-0.484
                      36:-0.588

             ENERGY     K=-7/2
  32 LEVELS    TIME=  0.0 SEC



 ******************* EXCITATION ENERGIES, DOMINANT CONFIGURATION AND EXPECTATION VALUES (WITH S.P. UU+VV FACTORS) *******************

  NR  Eex(keV)  I   Kdom  NY    <Jz>  <Jx**2> <Jy**2> <Jz**2> <I.j>/|I|  <Rx**2> <Ry**2> <Rz**2> <R.j>/|R|  <HROTx> <HROTy> <HROTz>

   1    0.0   3/2-  -3/2  32   -1.42    1.62    1.62    2.17    1.41       1.85    1.85    0.00   -1.39      0.225   0.225   0.000
   2  127.8   5/2-   5/2  34    1.47    1.88    1.88    5.11    2.34       1.88    1.88    0.00   -1.00      0.229   0.229   0.000
   3  444.9   1/2-   1/2  36    0.50    1.30    1.30    0.25    0.82       1.08    1.08    0.00   -1.45      0.132   0.132   0.000
   4  648.8   5/2-  -3/2  32   -0.59    1.61    1.61    2.98    1.08       4.28    4.28   -0.00   -1.03      0.522   0.522  -0.000
   5  770.0   7/2-   5/2  34    1.06    1.99    1.99    4.68    1.94       4.49    4.49    0.00   -0.31      0.548   0.548   0.000
  
   6  899.1  11/2-   1/2  33   -0.00   27.41   27.41    2.27    7.06       4.19    4.19    0.00   -5.13      0.511   0.511   0.000
   7 1062.9   3/2-   1/2  36    0.36    1.60    1.60    0.39    0.05       3.58    3.58    0.00   -1.31      0.436   0.436   0.000
   8 1084.5   5/2-   1/2  36    0.37    2.02    2.02    0.58    1.05       3.58    3.58    0.00   -0.57      0.437   0.437   0.000
   9 1101.0   9/2-   9/2  30    3.54    2.77    2.77   18.86    4.48       2.31    2.31   -0.00   -0.99      0.282   0.282  -0.000
  10 1310.9   7/2-  -3/2  32   -0.36    1.96    1.96    3.31    1.49       5.58    5.58    0.00   -0.40      0.680   0.680   0.000
  
  11 1459.2   9/2-   5/2  34    0.72    2.88    2.88    4.16    2.25       6.13    6.13    0.00    0.37      0.748   0.748   0.000
  12 1610.3   1/2-   1/2  29    0.50    4.23    4.23    0.25    0.35       4.43    4.43    0.00   -2.82      0.540   0.540   0.000
  13 1638.0   7/2-  -7/2  28   -2.99    2.25    2.25   11.39    3.27       2.86    2.86   -0.00   -1.23      0.349   0.349  -0.000
  14 1746.2   5/2-  -3/2  31   -0.45    3.63    3.63    1.51    1.40       4.63    4.63   -0.00   -1.52      0.564   0.564  -0.000
  15 1962.7   7/2-   1/2  33    0.00   27.51   27.51    1.82    6.93       8.80    8.80    0.00   -7.00      1.073   1.073   0.000
  
  16 2010.8  11/2-   9/2  30    2.81    3.22    3.22   17.96    4.14       5.35    5.35   -0.00    0.10      0.652   0.652  -0.000
  17 2367.8   9/2-  -7/2  28   -1.80    2.14    2.14    7.42    2.17       7.41    7.41   -0.00   -0.23      0.903   0.903  -0.000
  18 2557.5   7/2-   1/2  36    0.00    2.58    2.58    1.58    0.41       9.61    9.61    0.00   -1.16      1.171   1.171   0.000
  19 2599.4   9/2-   1/2  36   -0.45    2.34    2.34    3.44    1.44       9.26    9.26   -0.00   -0.22      1.129   1.129  -0.000
  20 2690.6   9/2-   5/2  34   -0.20    2.17    2.17    5.74    1.38      10.57   10.57   -0.00   -0.71      1.289   1.289  -0.000
  
  21 2720.2  11/2-   5/2  34    0.76    2.28    2.28    4.54    1.72      12.17   12.17    0.00    0.23      1.483   1.483   0.000
  22 2908.5   5/2-   1/2  29   -0.11    4.25    4.25    0.96   -0.34      10.12   10.12    0.00   -2.33      1.234   1.234   0.000
  23 3081.4  13/2-   9/2  30    1.92    3.76    3.76   15.23    3.80       9.24    9.24    0.00    0.88      1.126   1.126   0.000
  24 3180.0  13/2-   5/2  37   -0.05   26.62   26.62    5.60    6.03      11.71   11.71    0.00   -3.46      1.428   1.428   0.000
  25 3229.5  11/2-  -3/2  32   -0.60    2.53    2.53    4.19    1.88      11.29   11.29    0.00    0.41      1.376   1.376   0.000
  
  26 3529.9  13/2-   5/2  34    0.62    3.66    3.66    5.06    2.51      13.01   13.01    0.00    1.02      1.586   1.586   0.000
  27 3679.6  11/2-  -7/2  28   -1.85    2.49    2.49    9.69    2.36      11.11   11.11   -0.00   -0.12      1.355   1.355  -0.000
  28 3836.0   1/2-   1/2  26    0.50    5.36    5.36    0.25    0.70       5.26    5.26    0.00   -3.20      0.641   0.641   0.000
  29 4767.8  13/2-  -7/2  28   -1.79    2.46    2.46    8.91    2.26      15.53   15.53    0.00    0.35      1.894   1.894   0.000
  30 5170.7  13/2-   1/2  36    0.16    2.23    2.23    3.32    1.11      20.49   20.49    0.00    0.00      2.498   2.498   0.000
  
  31 7343.6   1/2-   1/2  33    0.50   27.76   27.76    0.25   -3.98      31.71   31.71    0.00   -7.44      3.866   3.866   0.000
  32*******   1/2-  -3/2  32    0.00    0.00    0.00    0.00   -0.00       0.00    0.00    0.00   -0.00      0.000   0.000   0.000
