1SPECTRUM OF (Z= 82 A=207) IN PARTICLE-ROTOR  MODEL WITH MODIFIED OSCILLATOR POTENTIAL


 PARITY=-   EPS= 0.161   GAMMA=  0.0   EPS4=0.000   EPS6=0.000   LEVELS:  25  26  27  28  29  30  31  32  33  34  35  36  37  38  39

 PAIRING FACTORS: GN0= 19.20  GN1=  7.40  IPAIR= 15 ***  E2PLUS(INPUT)=   0.730  E2PLUR(INPUT)=   0.000

 CORIOLIS ATTENUATION PARAMETERS:  CHSI=1.000  ETA=  1.00

 MOMENT OF INERTIA PARAMETERS:   A1=  0.122 MEV   A2=  0.122 MEV   A3=121.91924 MEV


 DELTA=0.854 MEV  LAMBDA=53.4078 MEV   HW0= 7.4331 MEV   LAMBDA/HW0= 7.1851

 E2ENERGY=0.730 MEV  HBAR**2/B= 4806./A**(7/3)= 812.5/A**2 MEV

 IREC=0  =>  RECOIL TERMS j+j-, j+j+, jzjz, ETC TREATED AS ONE-BODY OPERATORS WITH UU+VV PAIRING FACTORS



 S. P. LEVEL   EQP       U     V        (UU + VV)**1.00

     25       4.356    0.099 0.995      1.000 1.000 1.000 0.999 0.997 0.995 0.993 0.860 0.766 0.502 0.324 0.300 0.267 0.235 0.208
     26       3.866    0.111 0.994      1.000 1.000 1.000 1.000 0.998 0.996 0.994 0.866 0.774 0.513 0.336 0.312 0.279 0.247 0.221
     27       3.734    0.115 0.993      1.000 1.000 1.000 1.000 0.998 0.996 0.995 0.868 0.777 0.516 0.339 0.316 0.283 0.251 0.224
     28       3.094    0.139 0.990      0.999 1.000 1.000 1.000 1.000 0.998 0.997 0.880 0.792 0.537 0.362 0.339 0.306 0.274 0.248
     29       2.553    0.170 0.985      0.997 0.998 0.998 1.000 1.000 1.000 0.999 0.894 0.810 0.563 0.391 0.368 0.335 0.304 0.278
     30       2.188    0.199 0.980      0.995 0.996 0.996 0.998 1.000 1.000 1.000 0.907 0.827 0.587 0.418 0.396 0.363 0.332 0.307
     31       2.030    0.216 0.976      0.993 0.994 0.995 0.997 0.999 1.000 1.000 0.914 0.837 0.601 0.433 0.411 0.379 0.348 0.322
     32       0.895    0.593 0.805      0.860 0.866 0.868 0.880 0.894 0.907 0.914 1.000 0.987 0.873 0.761 0.745 0.722 0.698 0.679
     33       0.855    0.715 0.699      0.766 0.774 0.777 0.792 0.810 0.827 0.837 0.987 1.000 0.941 0.856 0.843 0.824 0.805 0.788
     34       1.133    0.910 0.414      0.502 0.513 0.516 0.537 0.563 0.587 0.601 0.873 0.941 1.000 0.981 0.976 0.967 0.959 0.950
     35       1.919    0.974 0.229      0.324 0.336 0.339 0.362 0.391 0.418 0.433 0.761 0.856 0.981 1.000 1.000 0.998 0.996 0.993
     36       2.132    0.979 0.205      0.300 0.312 0.316 0.339 0.368 0.396 0.411 0.745 0.843 0.976 1.000 1.000 0.999 0.998 0.995
     37       2.543    0.985 0.171      0.267 0.279 0.283 0.306 0.335 0.363 0.379 0.722 0.824 0.967 0.998 0.999 1.000 0.999 0.998
     38       3.133    0.990 0.138      0.235 0.247 0.251 0.274 0.304 0.332 0.348 0.698 0.805 0.959 0.996 0.998 0.999 1.000 1.000
     39       3.881    0.994 0.111      0.208 0.221 0.224 0.248 0.278 0.307 0.322 0.679 0.788 0.950 0.993 0.995 0.998 1.000 1.000

  R CORE   ENERGY   A0R/A00=1.000    R3= 0     2  
   2( 1)    0.732                    1.000 0.000
   2( 2)  487.921                    0.000 1.000

  R CORE   ENERGY   A0R/A00=1.000    R3= 0     2  
   3( 1)  488.652                    0.000 1.000

  R CORE   ENERGY   A0R/A00=1.000    R3= 0     2     4  
   4( 1)    2.438                    1.000 0.000 0.000

  R CORE   ENERGY   A0R/A00=1.000    R3= 0     2     4  
   5( 1)  490.847                    0.000 1.000 0.000

  R CORE   ENERGY   A0R/A00=1.000    R3= 0     2     4     6  
   6( 1)    5.121                    1.000 0.000 0.000 0.000

  R CORE   ENERGY   A0R/A00=1.000    R3= 0     2     4     6  
   7( 1)  494.017                    0.000 1.000 0.000 0.000

          AXIAL SYMMETRY => K RESTRICTED TO OMEGA

                     K
     S.P. ORB#: 25  2.50
     S.P. ORB#: 26 -3.50
     S.P. ORB#: 27  0.50
     S.P. ORB#: 28 -3.50
     S.P. ORB#: 29  4.50
     S.P. ORB#: 30  0.50
     S.P. ORB#: 31 -1.50
     S.P. ORB#: 32 -1.50
     S.P. ORB#: 33  2.50
     S.P. ORB#: 34  0.50
     S.P. ORB#: 35  0.50
     S.P. ORB#: 36 -1.50
     S.P. ORB#: 37  2.50
     S.P. ORB#: 38 -3.50
     S.P. ORB#: 39  4.50
 

             ENERGY    K= OMEGA
 
 I=  1/2- (1)  1.357  27:-0.065
                      34:-0.998
 
 I=  1/2- (2)  3.169  30: 1.000
 
 I=  1/2- (3)  4.790  27: 0.997
                      34:-0.065
 
 I=  1/2- (4) 10.114  35:-1.000
 
 I=  1/2- (5)147.198  32: 1.000

             ENERGY    K= OMEGA
 
 I=  3/2- (1)  1.350  27: 0.055
                      30: 0.202
                      31: 0.123
                      32: 0.965
                      34:-0.102
 
 I=  3/2- (2)  2.027  30: 0.127
                      31: 0.099
                      32:-0.142
                      34:-0.977

             ENERGY    K= OMEGA
 
 I=  5/2- (1)  1.314  27:-0.052
                      30: 0.132
                      31: 0.194
                      32:-0.372
                      33:-0.893
                      34: 0.085
 
 I=  5/2- (2)  1.945  30:-0.248
                      31: 0.162
                      32: 0.880
                      33:-0.367
 
 I=  5/2- (3)  2.044  30:-0.110
                      31:-0.153
                      33:-0.126
                      34:-0.973
 
 I=  5/2- (4)  3.219  27:-0.408
                      30: 0.464
                      31: 0.731
                      32: 0.084
                      33: 0.198
                      34:-0.193
 
 I=  5/2- (5)  4.531  27:-0.065
                      30: 0.787
                      31:-0.537
                      32: 0.273
                      33:-0.110

             ENERGY    K= OMEGA
 
 I=  7/2- (1)  1.939  30: 0.171
                      31:-0.232
                      32: 0.463
                      33:-0.837
 
 I=  7/2- (2)  2.566  25:-0.061
                      27:-0.186
                      30:-0.367
                      31:-0.292
                      32:-0.730
                      33:-0.397
                      34: 0.222
 
 I=  7/2- (3)  3.655  25:-0.077
                      27: 0.055
                      28: 0.186
                      30: 0.121
                      31: 0.167
                      32:-0.294
                      33:-0.183
                      34:-0.891
 
 I=  7/2- (4)  3.831  25: 0.243
                      26: 0.122
                      28:-0.938
                      32:-0.089
                      33:-0.054
                      34:-0.187
 
 I=  7/2- (5)  4.358  35: 0.714
                      36: 0.576
                      37: 0.365
                      38: 0.161

             ENERGY    K= OMEGA
 
 I=  9/2- (1)  2.574  26:-0.067
                      27: 0.178
                      29: 0.069
                      30:-0.305
                      31:-0.365
                      32: 0.456
                      33: 0.694
                      34:-0.204
 
 I=  9/2- (2)  3.273  25:-0.094
                      26:-0.263
                      28:-0.214
                      29: 0.930
                      31: 0.053
                      34: 0.067
 
 I=  9/2- (3)  3.689  27:-0.056
                      29:-0.066
                      30: 0.134
                      31: 0.174
                      32: 0.197
                      33: 0.306
                      34: 0.901
 
 I=  9/2- (4)  3.762  25: 0.103
                      28: 0.113
                      30: 0.323
                      31:-0.244
                      32:-0.745
                      33: 0.505
 
 I=  9/2- (5)  4.686  27:-0.514
                      30: 0.394
                      31: 0.534
                      32: 0.237
                      33: 0.325
                      34:-0.359

             ENERGY    K= OMEGA
 
 I= 11/2- (1)  3.054  35:-0.648
                      36:-0.563
                      37:-0.422
                      38:-0.265
                      39:-0.124
 
 I= 11/2- (2)  3.778  25: 0.081
                      26:-0.146
                      28:-0.075
                      29:-0.219
                      30: 0.250
                      31:-0.291
                      32: 0.510
                      33:-0.715
 
 I= 11/2- (3)  4.229  25: 0.137
                      26:-0.317
                      28:-0.282
                      29:-0.851
                      30:-0.085
                      31: 0.094
                      32:-0.147
                      33: 0.198
 
 I= 11/2- (4)  4.518  25:-0.081
                      27:-0.298
                      28: 0.079
                      30:-0.435
                      31:-0.394
                      32:-0.569
                      33:-0.404
                      34: 0.256
 
 I= 11/2- (5)  5.836  25: 0.377
                      26: 0.180
                      27:-0.093
                      28:-0.824
                      29: 0.269
                      30:-0.097
                      31:-0.113
                      32: 0.055
                      33: 0.061
                      34: 0.192

             ENERGY    K= OMEGA
 
 I= 13/2- (1)  4.547  25:-0.067
                      26:-0.100
                      27: 0.282
                      28:-0.052
                      29: 0.116
                      30:-0.397
                      31:-0.441
                      32: 0.425
                      33: 0.548
                      34:-0.238
 
 I= 13/2- (2)  4.597  35:-0.178
                      36: 0.469
                      37:-0.598
                      38: 0.537
                      39:-0.321
 
 I= 13/2- (3)  5.353  25: 0.194
                      26: 0.381
                      27: 0.079
                      28: 0.334
                      29:-0.817
                      30:-0.096
                      31:-0.107
                      34:-0.097
 
 I= 13/2- (4)  6.338  27: 0.084
                      29: 0.103
                      30:-0.100
                      31:-0.161
                      32:-0.329
                      33:-0.375
                      34:-0.835
 
 I= 13/2- (5)  6.477  25: 0.173
                      26:-0.093
                      28: 0.224
                      29: 0.081
                      30: 0.349
                      31:-0.281
                      32:-0.638
                      33: 0.545

             ENERGY     K= 9/2
  32 LEVELS    TIME=  0.0 SEC



 ******************* EXCITATION ENERGIES, DOMINANT CONFIGURATION AND EXPECTATION VALUES (WITH S.P. UU+VV FACTORS) *******************

  NR  Eex(keV)  I   Kdom  NY    <Jz>  <Jx**2> <Jy**2> <Jz**2> <I.j>/|I|  <Rx**2> <Ry**2> <Rz**2> <R.j>/|R|  <HROTx> <HROTy> <HROTz>

   1    0.0   5/2-   5/2  33    1.74    1.82    1.82    5.38    2.48       1.55    1.55   -0.00   -0.96      0.189   0.189  -0.000
   2   35.4   3/2-  -3/2  32   -1.39    1.48    1.48    2.14    1.49       1.53    1.53    0.00   -1.26      0.187   0.187   0.000
   3   43.0   1/2-   1/2  34    0.50    1.11    1.11    0.25    0.84       0.88    0.88    0.00   -1.31      0.107   0.107   0.000
   4  624.5   7/2-   5/2  33    1.36    1.93    1.93    5.01    2.10       3.96    3.96   -0.00   -0.19      0.483   0.483  -0.000
   5  630.6   5/2-  -3/2  32   -0.83    1.51    1.51    2.67    1.14       3.85    3.85    0.00   -0.84      0.469   0.469   0.000
  
   6  712.6   3/2-   1/2  34    0.44    1.19    1.19    0.31   -0.18       3.58    3.58    0.00   -1.14      0.436   0.436   0.000
   7  730.1   5/2-   1/2  34    0.48    1.36    1.36    0.39    0.78       3.62    3.62    0.00   -0.30      0.441   0.441   0.000
   8 1252.1   7/2-  -3/2  32   -0.42    1.63    1.63    2.48    1.38       5.25    5.25    0.00   -0.07      0.640   0.640   0.000
   9 1259.9   9/2-   5/2  33    0.78    2.69    2.69    3.98    2.36       5.33    5.33    0.00    0.72      0.650   0.650   0.000
  10 1739.9  11/2-   1/2  35    0.00   28.49   28.49    3.10    7.44       3.45    3.45    0.00   -5.95      0.421   0.421   0.000
  
  11 1854.2   1/2-   1/2  30    0.50    3.90    3.90    0.25    0.44       4.02    4.02    0.00   -2.70      0.490   0.490   0.000
  12 1904.1   5/2-  -3/2  31   -0.51    3.72    3.72    1.57    1.67       3.93    3.93    0.00   -1.45      0.479   0.479   0.000
  13 1958.5   9/2-   9/2  29    3.51    2.73    2.73   18.98    4.45       2.46    2.46    0.00   -1.04      0.300   0.300   0.000
  14 2340.2   7/2-   1/2  34    0.21    1.50    1.50    1.14    0.01       9.90    9.90    0.00   -0.92      1.207   1.207   0.000
  15 2375.0   9/2-   1/2  34    0.57    1.52    1.52    1.04    0.81      10.38   10.38   -0.00   -0.01      1.265   1.265  -0.000
  
  16 2447.3   9/2-  -3/2  32   -0.25    1.63    1.63    3.26    1.00      10.68   10.68    0.00   -0.34      1.302   1.302   0.000
  17 2463.4  11/2-   5/2  33    0.93    2.36    2.36    5.33    2.08      10.45   10.45   -0.00    0.52      1.274   1.274  -0.000
  18 2516.3   7/2-  -7/2  28   -2.97    2.34    2.34   11.37    3.24       3.05    3.05    0.00   -1.30      0.372   0.372   0.000
  19 2914.3  11/2-   9/2  29    2.73    2.96    2.96   17.31    3.85       6.46    6.46    0.00   -0.06      0.788   0.788   0.000
  20 3043.8   7/2-   1/2  35   -0.00   28.91   28.91    2.02    7.20       9.24    9.24    0.00   -7.28      1.127   1.127   0.000
  
  21 3203.6  11/2-  -3/2  32   -0.15    1.94    1.94    2.33    1.52      11.89   11.89    0.00    0.59      1.450   1.450   0.000
  22 3216.6   5/2-   1/2  30   -0.20    3.97    3.97    1.06   -0.45      10.22   10.22    0.00   -2.29      1.246   1.246   0.000
  23 3232.3  13/2-   5/2  33    0.36    3.41    3.41    3.25    2.49      12.00   12.00    0.00    1.50      1.463   1.463   0.000
  24 3283.0  13/2-   5/2  37    0.04   26.45   26.45    8.35    6.79       7.61    7.61    0.00   -3.55      0.928   0.928   0.000
  25 3371.5   9/2-  -3/2  31    0.01    2.98    2.98    1.62    1.21      10.16   10.16    0.00   -0.35      1.239   1.239   0.000
  
  26 3475.9   1/2-   1/2  27    0.50    4.45    4.45    0.25    0.65       4.38    4.38    0.00   -2.90      0.534   0.534   0.000
  27 4039.0  13/2-   9/2  29    2.20    3.39    3.39   16.94    3.72      10.26   10.26    0.00    0.50      1.251   1.251   0.000
  28 4521.9  11/2-  -7/2  28   -1.80    2.66    2.66   11.14    2.53      10.99   10.99    0.00   -0.29      1.340   1.340   0.000
  29 5023.2  13/2-   1/2  34    0.55    1.53    1.53    1.59    0.77      21.32   21.32    0.00    0.11      2.600   2.600   0.000
  30 5162.9  13/2-  -3/2  32   -0.03    1.81    1.81    4.02    1.04      20.90   20.90    0.00   -0.05      2.548   2.548   0.000
  
  31 8799.2   1/2-   1/2  35    0.50   29.52   29.52    0.25   -4.14      33.61   33.61   -0.00   -7.67      4.097   4.097  -0.000
  32*******   1/2-  -3/2  32    0.00    0.00    0.00    0.00   -0.00       0.00    0.00   -0.00   -0.00      0.000   0.000  -0.000
