1SPECTRUM OF (Z= 82 A=207) IN PARTICLE-ROTOR  MODEL WITH MODIFIED OSCILLATOR POTENTIAL


 PARITY=-   EPS= 0.271   GAMMA=  0.0   EPS4=0.000   EPS6=0.000   LEVELS:  25  26  27  28  29  30  31  32  33  34  35  36  37  38  39

 PAIRING FACTORS: GN0= 19.20  GN1=  7.40  IPAIR= 15 ***  E2PLUS(INPUT)=   0.730  E2PLUR(INPUT)=   0.000

 CORIOLIS ATTENUATION PARAMETERS:  CHSI=1.000  ETA=  1.00

 MOMENT OF INERTIA PARAMETERS:   A1=  0.122 MEV   A2=  0.122 MEV   A3=121.91924 MEV


 DELTA=0.946 MEV  LAMBDA=53.3335 MEV   HW0= 7.4761 MEV   LAMBDA/HW0= 7.1338

 E2ENERGY=0.730 MEV  HBAR**2/B=13617./A**(7/3)=2302.0/A**2 MEV

 IREC=0  =>  RECOIL TERMS j+j-, j+j+, jzjz, ETC TREATED AS ONE-BODY OPERATORS WITH UU+VV PAIRING FACTORS



 S. P. LEVEL   EQP       U     V        (UU + VV)**1.00

     25       4.117    0.116 0.993      1.000 1.000 0.999 0.983 0.980 0.976 0.941 0.842 0.661 0.421 0.407 0.367 0.302 0.294 0.240
     26       3.647    0.131 0.991      1.000 1.000 1.000 0.986 0.983 0.979 0.946 0.851 0.672 0.435 0.421 0.381 0.317 0.308 0.255
     27       3.096    0.155 0.988      0.999 1.000 1.000 0.990 0.987 0.984 0.953 0.863 0.690 0.456 0.443 0.403 0.340 0.331 0.278
     28       1.682    0.294 0.956      0.983 0.986 0.990 1.000 1.000 0.999 0.987 0.926 0.786 0.579 0.566 0.530 0.471 0.463 0.412
     29       1.611    0.309 0.951      0.980 0.983 0.987 1.000 1.000 1.000 0.989 0.932 0.795 0.591 0.579 0.542 0.484 0.476 0.426
     30       1.527    0.328 0.945      0.976 0.979 0.984 0.999 1.000 1.000 0.992 0.939 0.807 0.607 0.595 0.559 0.501 0.494 0.444
     31       1.186    0.446 0.895      0.941 0.946 0.953 0.987 0.989 0.992 1.000 0.975 0.876 0.704 0.693 0.660 0.608 0.600 0.555
     32       0.965    0.633 0.775      0.842 0.851 0.863 0.926 0.932 0.939 0.975 1.000 0.961 0.843 0.835 0.810 0.768 0.762 0.725
     33       1.011    0.822 0.569      0.661 0.672 0.690 0.786 0.795 0.807 0.876 0.961 1.000 0.959 0.955 0.941 0.915 0.912 0.887
     34       1.590    0.950 0.313      0.421 0.435 0.456 0.579 0.591 0.607 0.704 0.843 0.959 1.000 1.000 0.998 0.992 0.991 0.982
     35       1.658    0.954 0.299      0.407 0.421 0.443 0.566 0.579 0.595 0.693 0.835 0.955 1.000 1.000 0.999 0.994 0.993 0.984
     36       1.908    0.967 0.257      0.367 0.381 0.403 0.530 0.542 0.559 0.660 0.810 0.941 0.998 0.999 1.000 0.998 0.997 0.991
     37       2.536    0.982 0.190      0.302 0.317 0.340 0.471 0.484 0.501 0.608 0.768 0.915 0.992 0.994 0.998 1.000 1.000 0.998
     38       2.654    0.983 0.181      0.294 0.308 0.331 0.463 0.476 0.494 0.600 0.762 0.912 0.991 0.993 0.997 1.000 1.000 0.998
     39       3.781    0.992 0.126      0.240 0.255 0.278 0.412 0.426 0.444 0.555 0.725 0.887 0.982 0.984 0.991 0.998 0.998 1.000

  R CORE   ENERGY   A0R/A00=1.000    R3= 0     2  
   2( 1)    0.732                    1.000 0.000
   2( 2)  487.921                    0.000 1.000

  R CORE   ENERGY   A0R/A00=1.000    R3= 0     2  
   3( 1)  488.652                    0.000 1.000

  R CORE   ENERGY   A0R/A00=1.000    R3= 0     2     4  
   4( 1)    2.438                    1.000 0.000 0.000

  R CORE   ENERGY   A0R/A00=1.000    R3= 0     2     4  
   5( 1)  490.847                    0.000 1.000 0.000

  R CORE   ENERGY   A0R/A00=1.000    R3= 0     2     4     6  
   6( 1)    5.121                    1.000 0.000 0.000 0.000

  R CORE   ENERGY   A0R/A00=1.000    R3= 0     2     4     6  
   7( 1)  494.017                    0.000 1.000 0.000 0.000

          AXIAL SYMMETRY => K RESTRICTED TO OMEGA

                     K
     S.P. ORB#: 25  0.50
     S.P. ORB#: 26  2.50
     S.P. ORB#: 27 -3.50
     S.P. ORB#: 28  0.50
     S.P. ORB#: 29 -3.50
     S.P. ORB#: 30 -1.50
     S.P. ORB#: 31  4.50
     S.P. ORB#: 32  0.50
     S.P. ORB#: 33 -1.50
     S.P. ORB#: 34  2.50
     S.P. ORB#: 35 -1.50
     S.P. ORB#: 36  2.50
     S.P. ORB#: 37  0.50
     S.P. ORB#: 38 -3.50
     S.P. ORB#: 39  0.50
 

             ENERGY    K= OMEGA
 
 I=  1/2- (1)  2.810  28: 0.711
                      37: 0.703
 
 I=  1/2- (2)  2.874  25:-0.071
                      28: 0.702
                      37:-0.709
 
 I=  1/2- (3)  5.550  25: 0.997
                      37:-0.059
 
 I=  1/2- (4)  6.430  32: 0.659
                      39:-0.752
 
 I=  1/2- (5)  9.524  32:-0.752
                      39:-0.659

             ENERGY    K= OMEGA
 
 I=  3/2- (1)  2.147  25: 0.080
                      28: 0.299
                      30: 0.170
                      35: 0.931
                      37:-0.089
 
 I=  3/2- (2)  2.686  25:-0.086
                      28: 0.249
                      30:-0.954
                      35: 0.111
                      37: 0.094
 
 I=  3/2- (3)  2.982  25:-0.218
                      28:-0.841
                      30:-0.128
                      35: 0.344
                      37: 0.332
 
 I=  3/2- (4)  3.600  25:-0.172
                      28:-0.283
                      30:-0.145
                      37:-0.931
 
 I=  3/2- (5)  4.717  32:-0.824
                      33:-0.362
                      39: 0.436

             ENERGY    K= OMEGA
 
 I=  5/2- (1)  2.306  25: 0.137
                      28:-0.276
                      30:-0.405
                      35: 0.425
                      36: 0.743
                      37:-0.094
 
 I=  5/2- (2)  2.793  25: 0.077
                      28: 0.131
                      30:-0.427
                      35:-0.838
                      36: 0.262
                      37:-0.148
 
 I=  5/2- (3)  2.963  25:-0.228
                      28: 0.481
                      30: 0.516
                      35:-0.081
                      36: 0.588
                      37: 0.314
 
 I=  5/2- (4)  3.696  25:-0.184
                      28: 0.062
                      30: 0.315
                      36: 0.097
                      37:-0.923
 
 I=  5/2- (5)  4.186  25: 0.077
                      28:-0.789
                      30: 0.479
                      35:-0.329
                      36: 0.155
                      37: 0.103

             ENERGY    K= OMEGA
 
 I=  7/2- (1)  2.366  26: 0.219
                      27:-0.068
                      29:-0.971
 
 I=  7/2- (2)  2.964  28: 0.282
                      30:-0.346
                      35: 0.519
                      36:-0.726
 
 I=  7/2- (3)  3.189  32: 0.747
                      33: 0.562
                      34: 0.326
                      38: 0.127
                      39:-0.066
 
 I=  7/2- (4)  3.301  25: 0.269
                      28: 0.467
                      29:-0.061
                      30: 0.485
                      35: 0.555
                      36: 0.348
                      37:-0.204
 
 I=  7/2- (5)  4.207  27: 0.089
                      28: 0.502
                      30:-0.709
                      35:-0.067
                      36: 0.477

             ENERGY    K= OMEGA
 
 I=  9/2- (1)  1.993  26: 0.065
                      27:-0.233
                      29: 0.178
                      31: 0.954
 
 I=  9/2- (2)  3.267  25:-0.058
                      26: 0.293
                      27: 0.099
                      28: 0.064
                      29: 0.915
                      30: 0.125
                      31:-0.165
                      36:-0.125
 
 I=  9/2- (3)  3.420  25:-0.306
                      26:-0.064
                      28: 0.428
                      29:-0.172
                      30: 0.560
                      31: 0.051
                      35:-0.339
                      36:-0.475
                      37: 0.181
 
 I=  9/2- (4)  4.465  32: 0.245
                      33:-0.609
                      34: 0.645
                      38:-0.392
 
 I=  9/2- (5)  4.514  25: 0.223
                      26:-0.062
                      27: 0.059
                      28:-0.122
                      30:-0.430
                      35:-0.677
                      36:-0.412
                      37:-0.334

             ENERGY    K= OMEGA
 
 I= 11/2- (1)  2.337  32:-0.693
                      33:-0.576
                      34:-0.389
                      38:-0.189
 
 I= 11/2- (2)  3.001  26:-0.109
                      27:-0.312
                      29: 0.247
                      31:-0.910
 
 I= 11/2- (3)  4.402  26: 0.350
                      27:-0.128
                      29:-0.885
                      30:-0.083
                      31:-0.237
                      35:-0.057
                      36:-0.090
 
 I= 11/2- (4)  4.890  28:-0.353
                      30: 0.408
                      31:-0.054
                      35:-0.526
                      36: 0.651
 
 I= 11/2- (5)  5.177  25:-0.374
                      28:-0.523
                      29: 0.131
                      30:-0.519
                      35:-0.407
                      36:-0.282
                      37: 0.231

             ENERGY    K= OMEGA
 
 I= 13/2- (1)  4.229  26:-0.148
                      27: 0.362
                      29:-0.294
                      31:-0.871
 
 I= 13/2- (2)  4.590  32: 0.229
                      33:-0.589
                      34: 0.653
                      38:-0.417
 
 I= 13/2- (3)  5.327  25:-0.405
                      28: 0.472
                      29: 0.091
                      30: 0.592
                      35:-0.264
                      36:-0.374
                      37: 0.206
 
 I= 13/2- (4)  5.782  26: 0.386
                      27: 0.154
                      28:-0.073
                      29: 0.850
                      31:-0.292
                      35: 0.105
 
 I= 13/2- (5)  7.177  25: 0.223
                      26:-0.059
                      27: 0.067
                      28:-0.104
                      29: 0.069
                      30:-0.289
                      35:-0.657
                      36:-0.540
                      37:-0.344

             ENERGY     K= 1/2
  35 LEVELS    TIME=  0.0 SEC



 ******************* EXCITATION ENERGIES, DOMINANT CONFIGURATION AND EXPECTATION VALUES (WITH S.P. UU+VV FACTORS) *******************

  NR  Eex(keV)  I   Kdom  NY    <Jz>  <Jx**2> <Jy**2> <Jz**2> <I.j>/|I|  <Rx**2> <Ry**2> <Rz**2> <R.j>/|R|  <HROTx> <HROTy> <HROTz>

   1    0.0   9/2-   9/2  31    3.80    2.59    2.59   19.50    4.41       2.78    2.78    0.00   -1.17      0.339   0.339   0.001
   2  154.1   3/2-  -3/2  35   -1.29    1.86    1.86    2.04    1.47       1.92    1.92   -0.00   -1.49      0.234   0.234  -0.000
   3  313.6   5/2-   5/2  36    0.92    2.69    2.69    4.25    2.45       1.95    1.95    0.00   -1.21      0.238   0.238   0.000
   4  344.7  11/2-   1/2  32   -0.01   26.16   26.16    2.25    6.73       4.92    4.92   -0.00   -4.57      0.599   0.599  -0.000
   5  373.1   7/2-  -7/2  29   -3.20    2.31    2.31   11.93    3.40       2.66    2.66    0.00   -1.33      0.325   0.325   0.000
  
   6  693.8   3/2-  -3/2  30   -1.34    4.53    4.53    2.09    1.48       4.59    4.59    0.00   -2.74      0.560   0.560   0.000
   7  800.8   5/2-  -3/2  35   -1.13    1.93    1.93    2.44    1.01       4.52    4.52   -0.00   -1.10      0.551   0.551  -0.000
   8  817.4   1/2-   1/2  28    0.50    3.18    3.18    0.25    0.91       2.90    2.90    0.00   -2.42      0.353   0.353   0.000
   9  881.9   1/2-   1/2  37    0.50    2.75    2.75    0.25    0.19       3.08    3.08    0.00   -2.25      0.376   0.376   0.000
  10  970.2   5/2-   5/2  36    0.65    3.64    3.64    2.87    1.76       4.24    4.24    0.00   -1.70      0.517   0.517   0.000
  
  11  971.0   7/2-   5/2  36    0.77    2.43    2.43    4.23    1.91       4.85    4.85    0.00   -0.49      0.591   0.591   0.000
  12  989.9   3/2-   1/2  28    0.23    3.57    3.57    0.52    0.62       4.50    4.50    0.00   -2.15      0.548   0.548   0.000
  13 1008.2  11/2-   9/2  31    3.21    2.86    2.86   18.80    3.96       6.45    6.45    0.00   -0.23      0.786   0.786   0.000
  14 1196.6   7/2-   1/2  32    0.02   25.32   25.32    1.71    6.41       8.63    8.63   -0.00   -6.48      1.052   1.052  -0.000
  15 1274.5   9/2-  -7/2  29   -2.61    2.48    2.48   11.60    2.94       6.01    6.01    0.00   -0.55      0.732   0.732   0.000
  
  16 1308.4   7/2-  -3/2  35   -0.36    2.81    2.81    2.12    1.49       5.83    5.83    0.00   -0.54      0.711   0.711   0.000
  17 1427.0   9/2-  -3/2  30   -0.01    4.00    4.00    2.89    2.36       6.06    6.06    0.00    0.25      0.738   0.738   0.000
  18 1607.0   3/2-   1/2  37    0.45    1.75    1.75    0.30   -0.40       4.55    4.55    0.00   -1.52      0.554   0.554   0.000
  19 1703.2   5/2-   1/2  37    0.32    1.70    1.70    0.51    0.45       4.99    4.99    0.00   -0.81      0.608   0.608   0.000
  20 2193.8   5/2-   1/2  28   -0.13    4.26    4.26    1.07   -0.39      10.31   10.31    0.00   -2.36      1.257   1.257   0.000
  
  21 2214.8   7/2-  -3/2  30   -0.09    3.81    3.81    2.74    0.67      10.38   10.38    0.00   -1.69      1.266   1.266   0.000
  22 2236.3  13/2-   9/2  31    2.71    3.08    3.08   18.18    3.65      11.08   11.08    0.00    0.24      1.351   1.351   0.000
  23 2409.0  11/2-  -7/2  29   -2.24    2.55    2.55   11.78    2.66      10.40   10.40    0.00   -0.21      1.268   1.268   0.000
  24 2472.8   9/2-   5/2  34   -0.03   25.74   25.74    5.33    5.75      12.16   12.16   -0.00   -5.72      1.482   1.482  -0.000
  25 2521.1   9/2-  -3/2  35   -0.46    2.35    2.35    2.66    1.08      10.68   10.68    0.00   -0.43      1.302   1.302   0.000
  
  26 2597.3  13/2-   5/2  34   -0.04   25.72   25.72    5.59    5.78      12.50   12.50    0.00   -3.33      1.524   1.524   0.000
  27 2724.3   3/2-   1/2  32    0.24   19.50   19.50    0.51    4.37      13.17   13.17   -0.00   -6.05      1.606   1.606  -0.000
  28 2897.2  11/2-   5/2  36    0.47    2.72    2.72    3.78    1.61      12.87   12.87    0.00    0.08      1.570   1.570   0.000
  29 3184.2  11/2-   1/2  28   -0.28    3.32    3.32    1.82    1.55      12.87   12.87   -0.00    0.15      1.569   1.569  -0.000
  30 3334.1  13/2-  -3/2  30   -0.09    4.59    4.59    2.05    2.40      13.25   13.25    0.00    1.07      1.616   1.616   0.000
  
  31 3557.2   1/2-   1/2  25    0.50    6.01    6.01    0.25    0.69       5.91    5.91   -0.00   -3.39      0.721   0.721  -0.000
  32 3789.3  13/2-  -7/2  29   -1.87    2.66    2.66   11.83    2.45      15.85   15.85    0.00   -0.01      1.932   1.932   0.000
  33 4437.0   1/2-   1/2  39    0.50   13.43   13.43    0.25   -2.24      15.87   15.87    0.00   -5.16      1.935   1.935   0.000
  34 5184.3  13/2-  -3/2  35    0.03    2.15    2.15    3.20    0.96      21.40   21.40    0.00   -0.12      2.609   2.609   0.000
  35 7531.7   1/2-   1/2  32    0.50   26.43   26.43    0.25   -3.65      30.09   30.09    0.00   -7.25      3.669   3.669   0.000
  
