1SPECTRUM OF (Z= 82 A=207) IN PARTICLE-ROTOR  MODEL WITH MODIFIED OSCILLATOR POTENTIAL


 PARITY=-   EPS= 0.398   GAMMA=  1.9   EPS4=0.000   EPS6=0.000   LEVELS:  25  26  27  28  29  30  31  32  33  34  35  36  37  38  39

 PAIRING FACTORS: GN0= 19.20  GN1=  7.40  IPAIR= 15 ***  E2PLUS(INPUT)=   0.730  E2PLUR(INPUT)=   0.000

 CORIOLIS ATTENUATION PARAMETERS:  CHSI=1.000  ETA=  1.00

 MOMENT OF INERTIA PARAMETERS:   A1=  0.126 MEV   A2=  0.117 MEV   A3= 79.85226 MEV


 DELTA=0.846 MEV  LAMBDA=53.4800 MEV   HW0= 7.5585 MEV   LAMBDA/HW0= 7.0755

 E2ENERGY=0.730 MEV  HBAR**2/B=29243./A**(7/3)=4943.5/A**2 MEV

 IREC=0  =>  RECOIL TERMS j+j-, j+j+, jzjz, ETC TREATED AS ONE-BODY OPERATORS WITH UU+VV PAIRING FACTORS



 S. P. LEVEL   EQP       U     V        (UU + VV)**1.00

     25       3.714    0.115 0.993      1.000 1.000 0.999 0.996 0.996 0.936 0.870 0.868 0.537 0.462 0.399 0.336 0.246 0.239 0.233
     26       3.183    0.134 0.991      1.000 1.000 1.000 0.998 0.997 0.942 0.879 0.877 0.554 0.480 0.417 0.354 0.265 0.258 0.252
     27       2.725    0.157 0.988      0.999 1.000 1.000 0.999 0.999 0.950 0.890 0.888 0.573 0.500 0.438 0.376 0.287 0.280 0.275
     28       2.168    0.199 0.980      0.996 0.998 0.999 1.000 1.000 0.962 0.909 0.907 0.607 0.536 0.476 0.415 0.328 0.321 0.315
     29       2.095    0.206 0.978      0.996 0.997 0.999 1.000 1.000 0.964 0.912 0.910 0.613 0.543 0.483 0.422 0.335 0.328 0.322
     30       1.039    0.458 0.889      0.936 0.942 0.950 0.962 0.964 1.000 0.988 0.987 0.801 0.746 0.697 0.647 0.572 0.566 0.561
     31       0.888    0.590 0.807      0.870 0.879 0.890 0.909 0.912 0.988 1.000 1.000 0.884 0.840 0.800 0.757 0.692 0.687 0.683
     32       0.886    0.593 0.805      0.868 0.877 0.888 0.907 0.910 0.987 1.000 1.000 0.885 0.842 0.802 0.759 0.695 0.690 0.685
     33       1.076    0.899 0.437      0.537 0.554 0.573 0.607 0.613 0.801 0.884 0.885 1.000 0.996 0.988 0.975 0.950 0.947 0.945
     34       1.267    0.934 0.358      0.462 0.480 0.500 0.536 0.543 0.746 0.840 0.842 0.996 1.000 0.998 0.990 0.973 0.971 0.970
     35       1.518    0.957 0.291      0.399 0.417 0.438 0.476 0.483 0.697 0.800 0.802 0.988 0.998 1.000 0.998 0.987 0.986 0.985
     36       1.924    0.974 0.226      0.336 0.354 0.376 0.415 0.422 0.647 0.757 0.759 0.975 0.990 0.998 1.000 0.996 0.995 0.994
     37       3.212    0.991 0.133      0.246 0.265 0.287 0.328 0.335 0.572 0.692 0.695 0.950 0.973 0.987 0.996 1.000 1.000 1.000
     38       3.390    0.992 0.126      0.239 0.258 0.280 0.321 0.328 0.566 0.687 0.690 0.947 0.971 0.986 0.995 1.000 1.000 1.000
     39       3.552    0.993 0.120      0.233 0.252 0.275 0.315 0.322 0.561 0.683 0.685 0.945 0.970 0.985 0.994 1.000 1.000 1.000

  R CORE   ENERGY   A0R/A00=1.000    R3= 0     2  
   2( 1)    0.730                    1.000-0.000
   2( 2)  319.652                    0.000 1.000

  R CORE   ENERGY   A0R/A00=1.000    R3= 0     2  
   3( 1)  320.382                    0.000 1.000

  R CORE   ENERGY   A0R/A00=1.000    R3= 0     2     4  
   4( 1)    2.433                    1.000-0.000 0.000

  R CORE   ENERGY   A0R/A00=1.000    R3= 0     2     4  
   5( 1)  322.572                    0.000 1.000-0.000

  R CORE   ENERGY   A0R/A00=1.000    R3= 0     2     4     6  
   6( 1)    5.110                    1.000-0.000 0.000-0.000

  R CORE   ENERGY   A0R/A00=1.000    R3= 0     2     4     6  
   7( 1)  325.736                    0.000 1.000-0.000 0.000
 

             ENERGY     K= 1/2
 
 I=  1/2- (1)  3.842  27:-0.063
                      30: 0.888
                      32:-0.456
 
 I=  1/2- (2)  4.352  26:-0.207
                      34:-0.896
                      37: 0.383
                      39: 0.075
 
 I=  1/2- (3)  7.298  26: 0.374
                      34: 0.295
                      37: 0.854
                      39: 0.205
 
 I=  1/2- (4)  9.635  26: 0.903
                      34:-0.329
                      37:-0.266
                      39:-0.069
 
 I=  1/2- (5)312.783  33:-0.058
                      38:-0.998

             ENERGY     K= 1/2  -3/2
 
 I=  3/2- (1)  3.800  28:-0.004 0.055
                      30: 0.454-0.391
                      32:-0.233-0.763
 
 I=  3/2- (2)  4.176  27:-0.054-0.003
                      30: 0.763 0.233
                      32:-0.392 0.454

             ENERGY     K= 5/2   1/2  -3/2
 
 I=  5/2- (1)  4.349  26:-0.000 0.156-0.003
                      29:-0.000-0.016-0.064
                      34:-0.000 0.787-0.005
                      37: 0.000-0.504-0.067
                      39: 0.000-0.106 0.284
 
 I=  5/2- (2)  4.356  27: 0.133-0.028-0.004
                      28:-0.000-0.003-0.057
                      30: 0.008 0.397 0.403
                      32:-0.003-0.204 0.785
 
 I=  5/2- (3)  4.952  27: 0.860 0.031-0.001
                      30: 0.050-0.438 0.055
                      32:-0.022 0.225 0.106
 
 I=  5/2- (4)  5.054  27: 0.489-0.047 0.002
                      30: 0.029 0.662-0.205
                      32:-0.012-0.340-0.400
 
 I=  5/2- (5)  5.931  26: 0.010 0.234-0.030
                      29:-0.000-0.011-0.632
                      31:-0.732 0.002-0.000
                      34: 0.029-0.061-0.007
                      37: 0.009 0.062-0.003

             ENERGY     K= 5/2   1/2  -3/2  -7/2
 
 I=  7/2- (1)  2.455  27:-0.151 0.000-0.000-0.000
                      33: 0.000 0.000 0.000-0.987
                      38:-0.000-0.000-0.001 0.050
 
 I=  7/2- (2)  4.274  26: 0.005 0.585 0.021 0.000
                      29:-0.000-0.034 0.454 0.001
                      31:-0.320 0.030 0.000-0.000
                      34: 0.012 0.504 0.009-0.000
                      36: 0.000-0.000 0.012-0.136
                      37: 0.004 0.136 0.053 0.002
                      39: 0.001 0.039-0.224-0.005
 
 I=  7/2- (3)  4.311  27:-0.153 0.000-0.000 0.001
                      28: 0.000 0.000-0.002 0.986
                      32: 0.004 0.003 0.021 0.053
 
 I=  7/2- (4)  4.412  26: 0.005 0.239 0.018 0.000
                      29:-0.000-0.004 0.378 0.001
                      31:-0.376-0.026 0.000-0.000
                      34: 0.015-0.708-0.001-0.000
                      36: 0.000 0.001-0.011-0.166
                      37: 0.005-0.171-0.071 0.002
                      39: 0.001-0.052 0.304-0.007
 
 I=  7/2- (5)  5.017  27: 0.105-0.041 0.004 0.000
                      30: 0.006 0.578-0.341 0.001
                      32:-0.003-0.297-0.666 0.002

             ENERGY     K= 9/2   5/2   1/2  -3/2  -7/2
 
 I=  9/2- (1)  3.251  27: 0.000 0.169-0.000-0.000 0.000
                      28:-0.000-0.000-0.000-0.001 0.161
                      33:-0.000-0.000-0.000 0.000-0.714
                      35:-0.658 0.000 0.000-0.000 0.000
 
 I=  9/2- (2)  3.690  27: 0.000 0.139-0.000-0.000-0.000
                      28: 0.000-0.000-0.000-0.001-0.202
                      33: 0.000-0.000-0.000 0.000-0.662
                      35: 0.707-0.000 0.000-0.000 0.000
 
 I=  9/2- (3)  5.003  26:-0.000-0.009-0.129 0.023 0.000
                      29: 0.000 0.000 0.003 0.476 0.002
                      31: 0.000 0.626 0.009 0.000-0.000
                      34:-0.000-0.024 0.358 0.002-0.000
                      36: 0.000-0.000-0.001-0.006-0.368
                      37:-0.000-0.008-0.238-0.047 0.004
                      39: 0.000-0.002-0.050 0.198-0.015
 
 I=  9/2- (4)  5.115  26:-0.000-0.004-0.207 0.014 0.000
                      29: 0.000 0.000 0.017 0.295 0.001
                      31: 0.000 0.289-0.022 0.000-0.000
                      34:-0.000-0.011-0.644 0.008-0.000
                      36:-0.000-0.000 0.002 0.014-0.174
                      37:-0.000-0.004 0.489 0.069 0.002
                      39:-0.000-0.001 0.104-0.291-0.007
 
 I=  9/2- (5)  5.494  27: 0.000 0.225-0.001-0.000 0.001
                      28: 0.000-0.000-0.000-0.003 0.936
                      32: 0.000-0.006-0.008 0.047 0.050
                      35: 0.254-0.000 0.000-0.000-0.000

             ENERGY     K= 9/2   5/2   1/2  -3/2  -7/2 -11/2
 
 I= 11/2- (1)  3.727  26:-0.000-0.007-0.589-0.028-0.000-0.000
                      29:-0.000 0.000 0.026-0.581-0.001 0.000
                      31: 0.000 0.470-0.001-0.000 0.000 0.000
                      34:-0.000-0.018 0.181-0.005 0.000 0.000
                      36: 0.000-0.000-0.000 0.001 0.222-0.000
                      39: 0.000-0.001 0.014-0.090 0.009-0.000
 
 I= 11/2- (2)  4.349  27:-0.000-0.204 0.000-0.000 0.000-0.000
                      28: 0.000 0.000 0.000-0.001 0.231-0.000
                      33: 0.000 0.000 0.000 0.000-0.675-0.001
                      35: 0.667-0.000-0.000-0.000 0.000 0.000
 
 I= 11/2- (3)  5.001  25:-0.000-0.000 0.000-0.000-0.013-0.149
                      27: 0.000 0.177-0.000 0.000 0.000-0.000
                      28: 0.000-0.000-0.000 0.001 0.255-0.001
                      33: 0.000-0.000-0.000-0.000 0.679-0.003
                      35: 0.646-0.000 0.000 0.000-0.000 0.000
 
 I= 11/2- (4)  5.251  26: 0.000 0.000-0.260-0.004 0.000-0.000
                      29:-0.000-0.000 0.021-0.089 0.000 0.000
                      34:-0.000 0.000-0.816-0.008-0.000 0.000
                      37:-0.000 0.000-0.266-0.097 0.000-0.000
                      39:-0.000 0.000-0.075 0.412-0.000 0.000
 
 I= 11/2- (5)  5.268  25:-0.000-0.000 0.000-0.000-0.002 0.988
                      28:-0.000-0.000-0.000 0.000 0.060 0.009
                      33: 0.000-0.000-0.000-0.000 0.073 0.016
                      35: 0.123-0.000 0.000 0.000-0.000-0.000

             ENERGY     K=13/2   9/2   5/2   1/2  -3/2  -7/2 -11/2
 
 I= 13/2- (1)  5.554  26: 0.000-0.000-0.010-0.203 0.027 0.000-0.000
                      29: 0.000 0.000 0.000 0.009 0.560 0.002-0.000
                      31: 0.000 0.000 0.675 0.001 0.000-0.000 0.000
                      34:-0.000-0.000-0.026 0.114 0.004-0.000 0.000
                      36: 0.000 0.000-0.000-0.000-0.002-0.402 0.000
                      39: 0.000 0.000-0.002-0.009 0.106-0.016 0.000
 
 I= 13/2- (2)  5.693  25: 0.000-0.000-0.000 0.000 0.000 0.008-0.051
                      27: 0.000 0.000 0.234-0.000-0.000 0.000-0.000
                      28:-0.000-0.000-0.000-0.000-0.001 0.277-0.000
                      33: 0.000-0.000-0.000-0.000 0.000-0.653-0.001
                      35: 0.000-0.661 0.000 0.000-0.000 0.000 0.000
 
 I= 13/2- (3)  6.536  25: 0.000 0.000 0.000-0.000-0.000-0.014-0.178
                      27: 0.000 0.000-0.208 0.000 0.000 0.000-0.000
                      28: 0.000-0.000 0.000 0.000 0.001 0.289-0.002
                      33:-0.000-0.000 0.000 0.000-0.000 0.680-0.003
                      35: 0.000-0.613 0.000-0.000 0.000-0.000 0.000
 
 I= 13/2- (4)  6.762  26: 0.000-0.000-0.001-0.140 0.005 0.000 0.000
                      29: 0.000-0.000 0.000 0.014 0.114 0.000-0.000
                      31:-0.000 0.000 0.056-0.022 0.000-0.000 0.000
                      34:-0.000-0.000-0.002-0.700 0.007-0.000 0.000
                      37:-0.000 0.000-0.001 0.560 0.087 0.000-0.000
                      39:-0.000 0.000-0.000 0.120-0.369-0.002 0.000
 
 I= 13/2- (5)  6.855  25: 0.000 0.000-0.000-0.000-0.000-0.002 0.982
                      28: 0.000 0.000 0.000 0.000 0.000 0.085 0.009
                      33:-0.000-0.000 0.000 0.000-0.000 0.090 0.016
                      35: 0.000-0.138 0.000-0.000 0.000-0.000-0.000

             ENERGY     K=13/2   9/2   5/2   1/2  -3/2  -7/2 -11/2
  32 LEVELS    TIME=  0.0 SEC



 ******************* EXCITATION ENERGIES, DOMINANT CONFIGURATION AND EXPECTATION VALUES (WITH S.P. UU+VV FACTORS) *******************

  NR  Eex(keV)  I   Kdom  NY    <Jz>  <Jx**2> <Jy**2> <Jz**2> <I.j>/|I|  <Rx**2> <Ry**2> <Rz**2> <R.j>/|R|  <HROTx> <HROTy> <HROTz>

   1    0.0   7/2-   7/2  33   -3.36    2.31    2.34   12.12    3.21       3.48    3.52    0.01   -1.51      0.440   0.412   0.483
   2  795.4   9/2-   7/2  33    0.13    2.62    2.57   15.53    3.56       5.03    4.99    0.01   -0.95      0.636   0.583   0.686
   3 1234.1   9/2-   9/2  35    0.61    2.42    2.38   16.11    3.29       6.46    6.47    0.01   -1.27      0.817   0.756   0.741
   4 1271.7  11/2-   1/2  26    0.05   23.80   23.22    2.86    6.22       5.58    5.71    0.00   -3.78      0.705   0.667   0.169
   5 1344.4   3/2-   3/2  32   -0.97    4.92    5.05    1.73    1.25       5.24    5.37    0.02   -2.85      0.662   0.627   1.564
  
   6 1386.1   1/2-   1/2  30    0.49    4.95    4.98    0.26    0.09       5.37    5.41    0.02   -3.08      0.678   0.632   1.517
   7 1720.8   3/2-   1/2  30   -0.03    4.93    5.00    0.78    0.23       6.75    6.80    0.02   -2.79      0.854   0.795   1.537
   8 1818.1   7/2-   1/2  26    0.11   16.67   16.67    1.61    4.38       7.93    7.99    0.00   -4.40      1.002   0.935   0.108
   9 1855.5   7/2-   7/2  28   -3.36    6.24    6.22   12.10    3.12       7.77    7.76    0.00   -3.09      0.982   0.907   0.246
  10 1893.0   5/2-   1/2  34    0.32   11.56   11.56    0.43    2.40       8.99    9.10    0.00   -3.87      1.137   1.064   0.117
  
  11 1893.2  11/2-   7/2  33    0.30    2.82    2.77   15.57    3.21       9.30    9.27    0.01   -0.46      1.176   1.084   0.681
  12 1897.0   1/2-   1/2  34    0.50   10.93   11.10    0.25    1.21      10.36   10.58    0.00   -4.64      1.309   1.238   0.158
  13 1900.5   5/2-   3/2  32   -1.03    4.94    5.07    1.92    0.94       7.47    7.62    0.02   -2.35      0.944   0.891   1.548
  14 1956.6   7/2-   1/2  34    0.19   20.27   20.18    1.91    4.88       9.63    9.76    0.00   -5.22      1.217   1.142   0.310
  15 2496.1   5/2-   5/2  27    1.95    5.71    5.86    4.74    1.55       7.86    8.02    0.01   -2.94      0.994   0.938   0.742
  
  16 2545.8  11/2-   7/2  33   -0.02    2.53    2.50   15.79    2.76      11.75   11.81    0.01   -0.89      1.486   1.380   0.689
  17 2547.5   9/2-   5/2  31    0.21   22.18   21.63    4.77    4.77      12.95   12.91    0.00   -4.89      1.637   1.510   0.219
  18 2561.2   7/2-   3/2  32   -0.61    4.95    5.05    1.47    0.85      10.18   10.29    0.02   -1.79      1.287   1.204   1.542
  19 2598.5   5/2-   1/2  30    0.57    5.18    5.28    2.11    0.31       9.67    9.79    0.02   -2.64      1.222   1.144   1.282
  20 2659.3   9/2-   1/2  34    0.19   13.80   13.63    1.47    2.99      11.91   11.95    0.00   -2.87      1.506   1.397   0.108
  
  21 2796.0  11/2-   1/2  34    0.13   13.55   14.01    0.63    3.25      12.39   12.67    0.00   -1.75      1.567   1.481   0.244
  22 2813.0  11/2-  11/2  25   -5.33    2.75    2.75   29.92    5.00       5.69    5.69    0.00   -1.64      0.720   0.665   0.225
  23 3038.9   9/2-   7/2  28   -2.67    5.96    5.94   12.42    2.42      12.52   12.49    0.00   -2.46      1.583   1.460   0.307
  24 3098.1  13/2-   5/2  31    0.11   24.09   23.43    5.58    5.08      15.35   15.54    0.00   -3.17      1.940   1.816   0.225
  25 3237.5  13/2-   9/2  35    0.32    2.99    2.94   15.44    2.92      14.68   14.67    0.01   -0.18      1.856   1.716   0.668
  
  26 3475.8   5/2-   5/2  31    0.77   23.93   23.20    4.27    4.33      17.48   17.03    0.00   -6.57      2.210   1.991   0.220
  27 4081.0  13/2-   7/2  33   -0.29    2.63    2.60   15.55    2.40      17.96   18.05    0.01   -0.67      2.270   2.111   0.663
  28 4306.5  13/2-   1/2  34    0.19   12.12   12.03    0.60    2.68      17.97   18.06    0.00   -1.00      2.272   2.112   0.095
  29 4399.4  13/2-  11/2  25   -5.27    2.76    2.75   29.76    4.26      12.28   12.29    0.00   -1.12      1.553   1.436   0.230
  30 4842.7   1/2-   1/2  37    0.50   15.71   15.91    0.25   -0.76      16.84   17.10    0.00   -5.58      2.129   1.999   0.120
  
  31 7179.2   1/2-   1/2  26    0.50   23.35   23.13    0.25   -3.44      26.83   26.61    0.00   -6.80      3.391   3.112   0.154
  32*******   1/2-   1/2  38   -1.40    2.18    1.46    2.22   -0.72       2.41    1.58    3.87   -2.31      0.304   0.184 308.912
