1SPECTRUM OF (Z= 82 A=207) IN PARTICLE-ROTOR  MODEL WITH MODIFIED OSCILLATOR POTENTIAL


 PARITY=-   EPS= 0.361   GAMMA=  0.0   EPS4=0.000   EPS6=0.000   LEVELS:  25  26  27  28  29  30  31  32  33  34  35  36  37  38  39

 PAIRING FACTORS: GN0= 19.20  GN1=  7.40  IPAIR= 15 ***  E2PLUS(INPUT)=   0.730  E2PLUR(INPUT)=   0.000

 CORIOLIS ATTENUATION PARAMETERS:  CHSI=1.000  ETA=  1.00

 MOMENT OF INERTIA PARAMETERS:   A1=  0.122 MEV   A2=  0.122 MEV   A3=121.91924 MEV


 DELTA=0.885 MEV  LAMBDA=53.4064 MEV   HW0= 7.5306 MEV   LAMBDA/HW0= 7.0919

 E2ENERGY=0.730 MEV  HBAR**2/B=24164./A**(7/3)=4084.9/A**2 MEV

 IREC=0  =>  RECOIL TERMS j+j-, j+j+, jzjz, ETC TREATED AS ONE-BODY OPERATORS WITH UU+VV PAIRING FACTORS



 S. P. LEVEL   EQP       U     V        (UU + VV)**1.00

     25       4.257    0.104 0.995      1.000 0.999 0.997 0.996 0.978 0.951 0.927 0.742 0.700 0.530 0.330 0.311 0.258 0.244 0.220
     26       2.992    0.149 0.989      0.999 1.000 0.999 0.999 0.986 0.964 0.943 0.772 0.731 0.568 0.372 0.354 0.302 0.288 0.264
     27       2.433    0.185 0.983      0.997 0.999 1.000 1.000 0.992 0.973 0.955 0.794 0.755 0.597 0.406 0.387 0.336 0.322 0.298
     28       2.336    0.193 0.981      0.996 0.999 1.000 1.000 0.993 0.975 0.957 0.799 0.761 0.604 0.413 0.395 0.343 0.330 0.306
     29       1.503    0.309 0.951      0.978 0.986 0.992 0.993 1.000 0.994 0.985 0.866 0.833 0.695 0.519 0.502 0.454 0.441 0.418
     30       1.189    0.408 0.913      0.951 0.964 0.973 0.975 0.994 1.000 0.998 0.913 0.887 0.767 0.606 0.590 0.545 0.533 0.511
     31       1.067    0.470 0.883      0.927 0.943 0.955 0.957 0.985 0.998 1.000 0.939 0.916 0.809 0.660 0.645 0.601 0.590 0.569
     32       0.890    0.744 0.668      0.742 0.772 0.794 0.799 0.866 0.913 0.939 1.000 0.998 0.962 0.877 0.868 0.839 0.831 0.817
     33       0.909    0.784 0.621      0.700 0.731 0.755 0.761 0.833 0.887 0.916 0.998 1.000 0.977 0.905 0.897 0.871 0.864 0.851
     34       1.122    0.899 0.439      0.530 0.568 0.597 0.604 0.695 0.767 0.809 0.962 0.977 1.000 0.975 0.971 0.956 0.952 0.944
     35       1.980    0.973 0.230      0.330 0.372 0.406 0.413 0.519 0.606 0.660 0.877 0.905 0.975 1.000 1.000 0.997 0.996 0.993
     36       2.153    0.978 0.210      0.311 0.354 0.387 0.395 0.502 0.590 0.645 0.868 0.897 0.971 1.000 1.000 0.998 0.998 0.995
     37       2.877    0.988 0.156      0.258 0.302 0.336 0.343 0.454 0.545 0.601 0.839 0.871 0.956 0.997 0.998 1.000 1.000 0.999
     38       3.161    0.990 0.141      0.244 0.288 0.322 0.330 0.441 0.533 0.590 0.831 0.864 0.952 0.996 0.998 1.000 1.000 1.000
     39       3.822    0.993 0.117      0.220 0.264 0.298 0.306 0.418 0.511 0.569 0.817 0.851 0.944 0.993 0.995 0.999 1.000 1.000

  R CORE   ENERGY   A0R/A00=1.000    R3= 0     2  
   2( 1)    0.732                    1.000 0.000
   2( 2)  487.921                    0.000 1.000

  R CORE   ENERGY   A0R/A00=1.000    R3= 0     2  
   3( 1)  488.652                    0.000 1.000

  R CORE   ENERGY   A0R/A00=1.000    R3= 0     2     4  
   4( 1)    2.438                    1.000 0.000 0.000

  R CORE   ENERGY   A0R/A00=1.000    R3= 0     2     4  
   5( 1)  490.847                    0.000 1.000 0.000

  R CORE   ENERGY   A0R/A00=1.000    R3= 0     2     4     6  
   6( 1)    5.121                    1.000 0.000 0.000 0.000

  R CORE   ENERGY   A0R/A00=1.000    R3= 0     2     4     6  
   7( 1)  494.017                    0.000 1.000 0.000 0.000

          AXIAL SYMMETRY => K RESTRICTED TO OMEGA

                     K
     S.P. ORB#: 25  0.50
     S.P. ORB#: 26  2.50
     S.P. ORB#: 27 -3.50
     S.P. ORB#: 28  0.50
     S.P. ORB#: 29 -1.50
     S.P. ORB#: 30  0.50
     S.P. ORB#: 31 -1.50
     S.P. ORB#: 32 -3.50
     S.P. ORB#: 33  2.50
     S.P. ORB#: 34  4.50
     S.P. ORB#: 35  0.50
     S.P. ORB#: 36 -3.50
     S.P. ORB#: 37 -1.50
     S.P. ORB#: 38  2.50
     S.P. ORB#: 39  0.50
 

             ENERGY    K= OMEGA
 
 I=  1/2- (1)  2.454  30: 0.998
 
 I=  1/2- (2)  4.176  25:-0.077
                      39:-0.997
 
 I=  1/2- (3)  5.367  28: 0.291
                      35:-0.957
 
 I=  1/2- (4)  5.892  25: 0.996
                      39:-0.076
 
 I=  1/2- (5)  8.899  28: 0.957
                      35: 0.291

             ENERGY    K= OMEGA
 
 I=  3/2- (1)  2.332  25: 0.089
                      30:-0.200
                      31: 0.974
                      39:-0.052
 
 I=  3/2- (2)  2.491  25:-0.190
                      30:-0.927
                      31:-0.157
                      37:-0.259
                      39: 0.114

             ENERGY    K= OMEGA
 
 I=  5/2- (1)  2.444  25:-0.252
                      30: 0.466
                      31: 0.801
                      37:-0.090
                      38:-0.220
                      39: 0.139
 
 I=  5/2- (2)  3.375  26: 0.061
                      30:-0.746
                      31: 0.459
                      37: 0.452
                      38:-0.151
 
 I=  5/2- (3)  3.846  25:-0.088
                      26: 0.064
                      30: 0.189
                      31: 0.124
                      37: 0.470
                      38: 0.839
                      39: 0.112
 
 I=  5/2- (4)  4.453  26:-0.148
                      30:-0.362
                      31: 0.290
                      37:-0.719
                      38: 0.473
                      39:-0.147
 
 I=  5/2- (5)  4.788  26:-0.981
                      37: 0.151
                      39: 0.116

             ENERGY    K= OMEGA
 
 I=  7/2- (1)  1.729  26:-0.175
                      32: 0.983
 
 I=  7/2- (2)  3.298  25:-0.230
                      31:-0.895
                      38:-0.356
                      39: 0.121
 
 I=  7/2- (3)  3.415  25:-0.228
                      30:-0.882
                      31: 0.072
                      37:-0.363
                      38: 0.119
                      39: 0.135
 
 I=  7/2- (4)  3.805  28:-0.669
                      29:-0.586
                      33:-0.418
                      36:-0.185
 
 I=  7/2- (5)  4.301  26: 0.203
                      27: 0.955
                      30: 0.075
                      31:-0.082
                      37:-0.077
                      38: 0.168

             ENERGY    K= OMEGA
 
 I=  9/2- (1)  2.040  26:-0.083
                      27: 0.170
                      32:-0.305
                      34:-0.933
 
 I=  9/2- (2)  2.741  26: 0.237
                      27: 0.094
                      31: 0.058
                      32: 0.914
                      34:-0.304
                      38:-0.053
 
 I=  9/2- (3)  3.464  25:-0.359
                      30: 0.500
                      31: 0.707
                      32:-0.076
                      37:-0.144
                      38:-0.251
                      39: 0.177
 
 I=  9/2- (4)  4.674  28: 0.214
                      29:-0.551
                      33: 0.680
                      36:-0.433
 
 I=  9/2- (5)  5.233  26: 0.103
                      30:-0.638
                      31: 0.489
                      32:-0.056
                      37: 0.535
                      38:-0.223

             ENERGY    K= OMEGA
 
 I= 11/2- (1)  3.161  26: 0.137
                      27: 0.231
                      32:-0.403
                      34: 0.875
 
 I= 11/2- (2)  3.197  28: 0.650
                      29: 0.581
                      33: 0.431
                      35: 0.064
                      36: 0.223
 
 I= 11/2- (3)  3.985  26: 0.276
                      27:-0.141
                      31:-0.072
                      32:-0.855
                      34:-0.402
                      38:-0.068
 
 I= 11/2- (4)  5.117  25:-0.379
                      30:-0.440
                      31:-0.715
                      32: 0.097
                      37:-0.154
                      38:-0.283
                      39: 0.194
 
 I= 11/2- (5)  5.302  25:-0.100
                      30:-0.720
                      31: 0.458
                      37:-0.375
                      38: 0.335
                      39: 0.068

             ENERGY    K= OMEGA
 
 I= 13/2- (1)  4.505  26:-0.184
                      27: 0.270
                      32:-0.461
                      34:-0.824
 
 I= 13/2- (2)  5.156  28:-0.215
                      29: 0.549
                      33:-0.673
                      36: 0.445
 
 I= 13/2- (3)  5.311  25:-0.370
                      26: 0.152
                      27: 0.103
                      30: 0.434
                      31: 0.593
                      32: 0.362
                      34:-0.237
                      37:-0.124
                      38:-0.243
                      39: 0.170
 
 I= 13/2- (4)  5.518  25: 0.208
                      26: 0.261
                      27: 0.150
                      30:-0.262
                      31:-0.297
                      32: 0.726
                      34:-0.398
                      37: 0.098
                      38: 0.069
                      39:-0.095
 
 I= 13/2- (5)  8.056  26: 0.112
                      27:-0.058
                      30:-0.571
                      31: 0.489
                      32:-0.098
                      37: 0.601
                      38:-0.206
                      39: 0.075

             ENERGY     K= 1/2
  32 LEVELS    TIME=  0.0 SEC



 ******************* EXCITATION ENERGIES, DOMINANT CONFIGURATION AND EXPECTATION VALUES (WITH S.P. UU+VV FACTORS) *******************

  NR  Eex(keV)  I   Kdom  NY    <Jz>  <Jx**2> <Jy**2> <Jz**2> <I.j>/|I|  <Rx**2> <Ry**2> <Rz**2> <R.j>/|R|  <HROTx> <HROTy> <HROTz>

   1    0.0   7/2-  -7/2  32   -3.31    2.31    2.31   12.06    3.29       3.16    3.16    0.00   -1.44      0.385   0.385   0.000
   2  311.4   9/2-   9/2  34    3.51    2.51    2.51   19.17    4.19       3.64    3.64    0.00   -1.25      0.444   0.444   0.001
   3  602.6   3/2-  -3/2  31   -1.40    4.85    4.85    2.15    1.43       5.02    5.02   -0.00   -2.86      0.612   0.612  -0.000
   4  714.6   5/2-  -3/2  31   -0.70    4.99    4.99    1.85    2.12       4.01    4.01   -0.00   -1.96      0.488   0.488  -0.000
   5  725.4   1/2-   1/2  30    0.50    4.90    4.90    0.25    0.29       5.15    5.15    0.00   -3.05      0.628   0.628   0.000
  
   6  762.4   3/2-   1/2  30    0.32    4.40    4.40    0.43    1.14       4.30    4.30    0.00   -2.40      0.524   0.524   0.000
   7 1012.2   9/2-  -7/2  32   -2.40    2.39    2.39   12.59    2.84       6.93    6.93    0.00   -0.87      0.845   0.845   0.000
   8 1432.3  11/2-   9/2  34    2.73    2.70    2.70   18.26    3.62       8.08    8.08    0.00   -0.51      0.986   0.986   0.001
   9 1467.8  11/2-   1/2  28   -0.00   23.64   23.64    2.64    6.19       5.82    5.82    0.00   -3.78      0.709   0.709   0.000
  10 1568.6   7/2-  -3/2  31   -0.85    4.53    4.53    2.64    1.65       7.19    7.19   -0.00   -1.36      0.877   0.877  -0.000
  
  11 1646.2   5/2-   1/2  30   -0.28    4.04    4.04    1.24    0.55       7.42    7.42    0.00   -2.00      0.904   0.904   0.000
  12 1686.0   7/2-   1/2  30    0.25    4.21    4.21    0.62    1.30       7.25    7.25    0.00   -1.02      0.884   0.884   0.000
  13 1735.4   9/2-  -3/2  31   -0.44    5.11    5.11    1.75    2.29       6.98    6.98   -0.00   -0.16      0.851   0.851  -0.000
  14 2076.4   7/2-   1/2  28    0.03   23.31   23.31    2.40    6.08       8.25    8.25   -0.00   -6.13      1.006   1.006  -0.000
  15 2117.1   5/2-   5/2  38    1.44    2.00    2.00    4.97    1.84       3.42    3.42   -0.00   -1.35      0.418   0.418  -0.000
  
  16 2255.7  11/2-  -7/2  32   -1.71    2.48    2.48   13.00    2.53      11.70   11.70    0.00   -0.58      1.426   1.426   0.000
  17 2447.4   1/2-   1/2  39    0.50    1.57    1.57    0.25    0.71       1.45    1.45    0.00   -1.63      0.177   0.177   0.000
  18 2572.4   7/2-  -7/2  27   -3.04    6.03    6.03   11.64    3.07       7.54    7.54    0.00   -2.97      0.919   0.919   0.000
  19 2724.0   5/2-  -3/2  37   -0.21    2.72    2.72    2.93    0.31       7.64    7.64    0.00   -1.91      0.932   0.932   0.000
  20 2776.1  13/2-   9/2  34    2.14    2.87    2.87   17.47    3.23      13.42   13.42    0.00   -0.13      1.636   1.636   0.001
  
  21 2945.4   9/2-   5/2  33    0.07   24.12   24.12    5.89    5.22      13.48   13.48    0.00   -5.43      1.643   1.643   0.000
  22 3059.0   5/2-   5/2  26    2.38    5.89    5.89    6.08    2.02       7.33    7.33    0.00   -3.10      0.894   0.894   0.000
  23 3388.2  11/2-  -3/2  31   -0.44    4.43    4.43    1.93    1.66      13.35   13.35   -0.00   -0.17      1.628   1.628  -0.000
  24 3426.6  13/2-   5/2  33    0.01   24.12   24.12    5.95    5.17      15.40   15.40    0.00   -3.26      1.877   1.877   0.000
  25 3503.8   9/2-   1/2  30   -0.45    3.64    3.64    1.72    0.54      14.21   14.21    0.00   -1.19      1.733   1.733   0.000
  
  26 3572.9  11/2-   1/2  30    0.02    4.11    4.11    1.67    1.32      14.91   14.91   -0.00   -0.36      1.817   1.817  -0.000
  27 3581.9  13/2-  -3/2  31   -0.41    4.64    4.64    4.29    2.40      14.42   14.42    0.00    0.59      1.758   1.758   0.000
  28 3638.3   1/2-   1/2  35    0.50   12.27   12.27    0.25   -1.15      13.77   13.77    0.00   -4.91      1.679   1.679   0.000
  29 3788.5  13/2-  -7/2  32   -1.11    3.17    3.17   10.65    2.26      17.12   17.12    0.00   -0.21      2.087   2.087   0.000
  30 4162.8   1/2-   1/2  25    0.50    6.80    6.80    0.25    0.65       6.74    6.74    0.00   -3.62      0.822   0.822   0.000
  
  31 6327.1  13/2-  -3/2  37   -0.64    3.35    3.35    1.94    0.49      25.28   25.28    0.00   -0.73      3.082   3.082   0.000
  32 7169.8   1/2-   1/2  28    0.50   23.52   23.52    0.25   -3.49      27.04   27.04    0.00   -6.84      3.297   3.297   0.000
