1SPECTRUM OF (Z= 82 A=207) IN PARTICLE-ROTOR  MODEL WITH MODIFIED OSCILLATOR POTENTIAL


 PARITY=-   EPS= 0.381   GAMMA=  0.0   EPS4=0.000   EPS6=0.000   LEVELS:  24  25  26  27  28  29  30  31  32  33  34  35  36  37  38

 PAIRING FACTORS: GN0= 19.20  GN1=  7.40  IPAIR= 15 ***  E2PLUS(INPUT)=   0.730  E2PLUR(INPUT)=   0.000

 CORIOLIS ATTENUATION PARAMETERS:  CHSI=1.000  ETA=  1.00

 MOMENT OF INERTIA PARAMETERS:   A1=  0.122 MEV   A2=  0.122 MEV   A3=121.91924 MEV


 DELTA=0.861 MEV  LAMBDA=53.4524 MEV   HW0= 7.5453 MEV   LAMBDA/HW0= 7.0842

 E2ENERGY=0.730 MEV  HBAR**2/B=26916./A**(7/3)=4550.0/A**2 MEV

 IREC=0  =>  RECOIL TERMS j+j-, j+j+, jzjz, ETC TREATED AS ONE-BODY OPERATORS WITH UU+VV PAIRING FACTORS



 S. P. LEVEL   EQP       U     V        (UU + VV)**1.00

     24       4.289    0.101 0.995      1.000 1.000 0.999 0.998 0.996 0.989 0.938 0.907 0.796 0.621 0.442 0.381 0.316 0.237 0.226
     25       3.984    0.109 0.994      1.000 1.000 0.999 0.999 0.997 0.991 0.940 0.910 0.800 0.627 0.449 0.389 0.323 0.245 0.233
     26       2.852    0.153 0.988      0.999 0.999 1.000 1.000 0.999 0.996 0.955 0.928 0.826 0.661 0.488 0.429 0.365 0.287 0.276
     27       2.792    0.156 0.988      0.998 0.999 1.000 1.000 0.999 0.996 0.956 0.929 0.828 0.664 0.491 0.432 0.368 0.291 0.279
     28       2.293    0.191 0.982      0.996 0.997 0.999 0.999 1.000 0.999 0.965 0.941 0.848 0.690 0.522 0.464 0.401 0.325 0.314
     29       1.820    0.244 0.970      0.989 0.991 0.996 0.996 0.999 1.000 0.978 0.958 0.875 0.728 0.567 0.511 0.450 0.375 0.364
     30       1.089    0.441 0.898      0.938 0.940 0.955 0.956 0.965 0.978 1.000 0.997 0.957 0.855 0.726 0.679 0.626 0.560 0.550
     31       0.980    0.511 0.860      0.907 0.910 0.928 0.929 0.941 0.958 0.997 1.000 0.977 0.894 0.779 0.736 0.686 0.625 0.615
     32       0.863    0.683 0.730      0.796 0.800 0.826 0.828 0.848 0.875 0.957 0.977 1.000 0.969 0.895 0.863 0.826 0.777 0.770
     33       0.949    0.843 0.539      0.621 0.627 0.661 0.664 0.690 0.728 0.855 0.894 0.969 1.000 0.978 0.961 0.940 0.909 0.904
     34       1.315    0.937 0.349      0.442 0.449 0.488 0.491 0.522 0.567 0.726 0.779 0.895 0.978 1.000 0.998 0.991 0.976 0.974
     35       1.570    0.958 0.286      0.381 0.389 0.429 0.432 0.464 0.511 0.679 0.736 0.863 0.961 0.998 1.000 0.998 0.988 0.987
     36       2.022    0.976 0.218      0.316 0.323 0.365 0.368 0.401 0.450 0.626 0.686 0.826 0.940 0.991 0.998 1.000 0.997 0.996
     37       3.156    0.990 0.138      0.237 0.245 0.287 0.291 0.325 0.375 0.560 0.625 0.777 0.909 0.976 0.988 0.997 1.000 1.000
     38       3.443    0.992 0.126      0.226 0.233 0.276 0.279 0.314 0.364 0.550 0.615 0.770 0.904 0.974 0.987 0.996 1.000 1.000

  R CORE   ENERGY   A0R/A00=1.000    R3= 0     2  
   2( 1)    0.732                    1.000 0.000
   2( 2)  487.921                    0.000 1.000

  R CORE   ENERGY   A0R/A00=1.000    R3= 0     2  
   3( 1)  488.652                    0.000 1.000

  R CORE   ENERGY   A0R/A00=1.000    R3= 0     2     4  
   4( 1)    2.438                    1.000 0.000 0.000

  R CORE   ENERGY   A0R/A00=1.000    R3= 0     2     4  
   5( 1)  490.847                    0.000 1.000 0.000

  R CORE   ENERGY   A0R/A00=1.000    R3= 0     2     4     6  
   6( 1)    5.121                    1.000 0.000 0.000 0.000

  R CORE   ENERGY   A0R/A00=1.000    R3= 0     2     4     6  
   7( 1)  494.017                    0.000 1.000 0.000 0.000

          AXIAL SYMMETRY => K RESTRICTED TO OMEGA

                     K
     S.P. ORB#: 24  0.50
     S.P. ORB#: 25 -5.50
     S.P. ORB#: 26  2.50
     S.P. ORB#: 27  0.50
     S.P. ORB#: 28 -3.50
     S.P. ORB#: 29 -1.50
     S.P. ORB#: 30  0.50
     S.P. ORB#: 31 -1.50
     S.P. ORB#: 32  2.50
     S.P. ORB#: 33 -3.50
     S.P. ORB#: 34  4.50
     S.P. ORB#: 35  0.50
     S.P. ORB#: 36 -3.50
     S.P. ORB#: 37 -1.50
     S.P. ORB#: 38  2.50
 

             ENERGY    K= OMEGA
 
 I=  1/2- (1)  2.377  30: 0.999
 
 I=  1/2- (2)  4.937  27:-0.256
                      35: 0.967
 
 I=  1/2- (3)  5.950  24: 0.999
 
 I=  1/2- (4)  9.123  27: 0.967
                      35: 0.256
 
 I=  1/2- (5)147.283  31:-1.000

             ENERGY    K= OMEGA
 
 I=  3/2- (1)  2.271  24: 0.066
                      30:-0.305
                      31: 0.950
 
 I=  3/2- (2)  2.466  24:-0.198
                      30:-0.917
                      31:-0.280
                      37:-0.205

             ENERGY    K= OMEGA
 
 I=  5/2- (1)  2.453  24:-0.255
                      30: 0.466
                      31: 0.819
                      37:-0.084
                      38:-0.197
 
 I=  5/2- (2)  3.353  24:-0.059
                      26:-0.060
                      30: 0.793
                      31:-0.470
                      37:-0.352
                      38: 0.137
 
 I=  5/2- (3)  4.135  24:-0.091
                      26: 0.125
                      30: 0.154
                      31: 0.129
                      37: 0.493
                      38: 0.832
 
 I=  5/2- (4)  4.614  26: 0.837
                      30: 0.176
                      31:-0.174
                      37: 0.352
                      38:-0.339
 
 I=  5/2- (5)  4.740  26: 0.529
                      30:-0.248
                      31: 0.148
                      37:-0.708
                      38: 0.366

             ENERGY    K= OMEGA
 
 I=  7/2- (1)  1.817  26:-0.159
                      33: 0.986
 
 I=  7/2- (2)  3.294  24: 0.136
                      30:-0.287
                      31: 0.883
                      37:-0.095
                      38: 0.326
 
 I=  7/2- (3)  3.455  24:-0.303
                      30:-0.868
                      31:-0.252
                      37:-0.298
 
 I=  7/2- (4)  4.007  27:-0.626
                      29:-0.588
                      32:-0.469
                      36:-0.207
 
 I=  7/2- (5)  4.180  26: 0.194
                      28: 0.973
                      38: 0.100

             ENERGY    K= OMEGA
 
 I=  9/2- (1)  2.241  26:-0.087
                      28: 0.163
                      33:-0.349
                      34:-0.919
 
 I=  9/2- (2)  2.871  26: 0.214
                      28: 0.099
                      31: 0.066
                      33: 0.903
                      34:-0.347
                      38:-0.058
 
 I=  9/2- (3)  3.555  24:-0.367
                      30: 0.502
                      31: 0.723
                      33:-0.086
                      37:-0.147
                      38:-0.247
 
 I=  9/2- (4)  4.728  27: 0.208
                      29:-0.550
                      32: 0.690
                      36:-0.422
 
 I=  9/2- (5)  5.234  24: 0.052
                      26: 0.120
                      28:-0.085
                      30:-0.684
                      31: 0.507
                      33:-0.057
                      37: 0.443
                      38:-0.228

             ENERGY    K= OMEGA
 
 I= 11/2- (1)  3.376  26: 0.138
                      28: 0.221
                      33:-0.438
                      34: 0.859
 
 I= 11/2- (2)  3.423  27:-0.621
                      29:-0.585
                      32:-0.461
                      35:-0.077
                      36:-0.230
 
 I= 11/2- (3)  4.152  26:-0.250
                      28: 0.147
                      31: 0.084
                      33: 0.844
                      34: 0.435
                      38: 0.077
 
 I= 11/2- (4)  5.222  24:-0.283
                      31:-0.867
                      33: 0.117
                      38:-0.387
 
 I= 11/2- (5)  5.327  24:-0.116
                      25:-0.925
                      30:-0.331
                      37:-0.137

             ENERGY    K= OMEGA
 
 I= 13/2- (1)  4.739  26: 0.180
                      28:-0.259
                      33: 0.488
                      34: 0.812
 
 I= 13/2- (2)  5.258  27: 0.214
                      29:-0.558
                      32: 0.678
                      36:-0.427
 
 I= 13/2- (3)  5.475  24:-0.392
                      26: 0.127
                      28: 0.100
                      30: 0.448
                      31: 0.620
                      33: 0.310
                      34:-0.231
                      37:-0.140
                      38:-0.254
 
 I= 13/2- (4)  5.718  24:-0.194
                      26:-0.244
                      28:-0.158
                      30: 0.241
                      31: 0.267
                      33:-0.743
                      34: 0.428
                      37:-0.094
                      38:-0.053
 
 I= 13/2- (5)  6.914  25:-0.998

             ENERGY     K= 5/2
  32 LEVELS    TIME=  0.0 SEC



 ******************* EXCITATION ENERGIES, DOMINANT CONFIGURATION AND EXPECTATION VALUES (WITH S.P. UU+VV FACTORS) *******************

  NR  Eex(keV)  I   Kdom  NY    <Jz>  <Jx**2> <Jy**2> <Jz**2> <I.j>/|I|  <Rx**2> <Ry**2> <Rz**2> <R.j>/|R|  <HROTx> <HROTy> <HROTz>

   1    0.0   7/2-  -7/2  33   -3.34    2.31    2.31   12.09    3.25       3.34    3.34    0.00   -1.48      0.408   0.408   0.000
   2  423.9   9/2-   9/2  34    3.30    2.50    2.50   18.96    4.13       3.82    3.82    0.00   -1.24      0.466   0.466   0.001
   3  453.8   3/2-  -3/2  31   -1.30    4.95    4.95    2.05    1.37       5.19    5.19   -0.00   -2.88      0.633   0.633  -0.000
   4  560.1   1/2-   1/2  30    0.50    4.96    4.96    0.25    0.24       5.25    5.25    0.00   -3.07      0.641   0.641   0.000
   5  635.7   5/2-  -3/2  31   -0.78    5.09    5.09    1.84    1.96       4.60    4.60   -0.00   -2.06      0.561   0.561  -0.000
  
   6  648.6   3/2-   1/2  30    0.26    4.62    4.62    0.49    1.00       4.81    4.81   -0.00   -2.52      0.586   0.586  -0.000
   7 1054.0   9/2-  -7/2  33   -2.23    2.38    2.38   12.86    2.80       7.25    7.25    0.00   -0.97      0.884   0.884   0.000
   8 1476.9   7/2-  -3/2  31   -0.87    4.71    4.71    2.50    1.46       8.03    8.03   -0.00   -1.53      0.980   0.980  -0.000
   9 1535.7   5/2-   1/2  30   -0.15    4.40    4.40    1.08    0.42       8.08    8.08   -0.00   -2.15      0.985   0.985  -0.000
  10 1558.5  11/2-   9/2  34    2.52    2.67    2.67   18.06    3.54       8.41    8.41    0.00   -0.54      1.026   1.026   0.000
  
  11 1606.0  11/2-   1/2  27    0.03   23.25   23.25    2.85    6.14       5.83    5.83    0.00   -3.70      0.711   0.711   0.000
  12 1637.2   7/2-   1/2  30    0.20    4.48    4.48    0.57    1.23       7.75    7.75   -0.00   -1.18      0.945   0.945  -0.000
  13 1737.8   9/2-  -3/2  31   -0.49    5.20    5.20    1.80    2.14       7.81    7.81   -0.00   -0.39      0.952   0.952  -0.000
  14 2189.7   7/2-   1/2  27    0.08   22.98   22.98    2.77    6.05       8.23    8.23    0.00   -6.09      1.004   1.004   0.000
  15 2317.6   5/2-   5/2  38    1.40    2.02    2.02    5.02    1.82       3.53    3.53    0.00   -1.39      0.431   0.431   0.000
  
  16 2334.3  11/2-  -7/2  33   -1.56    2.47    2.47   13.29    2.48      12.17   12.17    0.00   -0.69      1.483   1.483   0.000
  17 2362.3   7/2-  -7/2  28   -3.20    6.17    6.17   11.91    3.12       7.62    7.62    0.00   -3.04      0.929   0.929   0.000
  18 2796.9   5/2-   5/2  26    1.82    5.03    5.03    5.45    1.65       7.25    7.25   -0.00   -2.79      0.884   0.884  -0.000
  19 2910.5   9/2-   5/2  32    0.13   23.82   23.82    5.85    5.16      13.47   13.47    0.00   -5.36      1.643   1.643   0.000
  20 2922.2  13/2-   9/2  34    1.97    2.82    2.82   17.33    3.14      13.91   13.91    0.00   -0.19      1.695   1.695   0.000
  
  21 2922.4   5/2-  -3/2  37    0.28    3.35    3.35    3.78    0.75       7.40    7.40   -0.00   -2.15      0.902   0.902  -0.000
  22 3119.6   1/2-   1/2  35    0.50   12.17   12.17    0.25   -0.93      13.48   13.48    0.00   -4.89      1.643   1.643   0.000
  23 3404.5  11/2-  -3/2  31   -0.76    4.60    4.60    2.87    1.53      14.77   14.77   -0.00   -0.54      1.801   1.801  -0.000
  24 3416.3   9/2-   1/2  30   -0.31    4.03    4.03    1.68    0.50      14.78   14.78    0.00   -1.34      1.802   1.802   0.000
  25 3440.2  13/2-   5/2  32    0.07   23.82   23.82    5.82    5.09      15.57   15.57    0.00   -3.21      1.898   1.898   0.000
  
  26 3510.0  11/2- -11/2  25   -4.67    2.99    2.99   25.97    4.51       6.88    6.88    0.00   -1.34      0.838   0.838   0.000
  27 3657.3  13/2-  -3/2  31   -0.36    4.82    4.82    3.90    2.29      15.19   15.19    0.00    0.44      1.852   1.852   0.000
  28 3900.2  13/2-  -7/2  33   -1.12    3.05    3.05   11.41    2.17      18.00   18.00    0.00   -0.40      2.194   2.194   0.000
  29 4132.8   1/2-   1/2  24    0.50    6.90    6.90    0.25    0.65       6.84    6.84    0.00   -3.65      0.834   0.834   0.000
  30 5097.1  13/2- -11/2  25   -5.48    2.75    2.75   30.21    4.32      12.05   12.05    0.00   -1.13      1.469   1.469   0.000
  
  31 7305.3   1/2-   1/2  27    0.50   22.82   22.82    0.25   -3.43      26.29   26.29    0.00   -6.74      3.205   3.205   0.000
  32*******   1/2-  -3/2  31    0.00    0.00    0.00    0.00   -0.00       0.00    0.00    0.00   -0.00      0.000   0.000   0.000
