1SPECTRUM OF (Z= 82 A=207) IN PARTICLE-ROTOR  MODEL WITH MODIFIED OSCILLATOR POTENTIAL


 PARITY=-   EPS= 0.336   GAMMA=  0.0   EPS4=0.000   EPS6=0.000   LEVELS:  24  25  26  27  28  29  30  31  32  33  34  35  36  37  38

 PAIRING FACTORS: GN0= 19.20  GN1=  7.40  IPAIR= 15 ***  E2PLUS(INPUT)=   0.730  E2PLUR(INPUT)=   0.000

 CORIOLIS ATTENUATION PARAMETERS:  CHSI=1.000  ETA=  1.00

 MOMENT OF INERTIA PARAMETERS:   A1=  0.122 MEV   A2=  0.122 MEV   A3=121.91924 MEV


 DELTA=0.913 MEV  LAMBDA=53.3371 MEV   HW0= 7.5136 MEV   LAMBDA/HW0= 7.0988

 E2ENERGY=0.730 MEV  HBAR**2/B=20933./A**(7/3)=3538.7/A**2 MEV

 IREC=0  =>  RECOIL TERMS j+j-, j+j+, jzjz, ETC TREATED AS ONE-BODY OPERATORS WITH UU+VV PAIRING FACTORS



 S. P. LEVEL   EQP       U     V        (UU + VV)**1.00

     24       4.655    0.099 0.995      1.000 1.000 0.999 0.997 0.986 0.958 0.940 0.939 0.854 0.651 0.575 0.295 0.280 0.278 0.260
     25       4.192    0.110 0.994      1.000 1.000 0.999 0.998 0.988 0.961 0.944 0.942 0.859 0.659 0.584 0.306 0.291 0.288 0.270
     26       3.146    0.147 0.989      0.999 0.999 1.000 0.999 0.993 0.971 0.955 0.954 0.878 0.687 0.614 0.341 0.326 0.324 0.306
     27       2.588    0.179 0.984      0.997 0.998 0.999 1.000 0.996 0.978 0.965 0.964 0.893 0.711 0.639 0.372 0.357 0.355 0.338
     28       1.795    0.264 0.965      0.986 0.988 0.993 0.996 1.000 0.993 0.984 0.983 0.929 0.769 0.704 0.451 0.437 0.435 0.418
     29       1.303    0.379 0.925      0.958 0.961 0.971 0.978 0.993 1.000 0.998 0.998 0.967 0.841 0.785 0.556 0.543 0.541 0.525
     30       1.171    0.433 0.902      0.940 0.944 0.955 0.965 0.984 0.998 1.000 1.000 0.980 0.871 0.820 0.604 0.591 0.589 0.574
     31       1.165    0.436 0.900      0.939 0.942 0.954 0.964 0.983 0.998 1.000 1.000 0.981 0.873 0.822 0.607 0.594 0.592 0.577
     32       0.950    0.602 0.798      0.854 0.859 0.878 0.893 0.929 0.967 0.980 0.981 1.000 0.951 0.917 0.750 0.739 0.737 0.725
     33       0.972    0.819 0.573      0.651 0.659 0.687 0.711 0.769 0.841 0.871 0.873 0.951 1.000 0.995 0.917 0.911 0.910 0.902
     34       1.067    0.871 0.491      0.575 0.584 0.614 0.639 0.704 0.785 0.820 0.822 0.917 0.995 1.000 0.952 0.947 0.946 0.940
     35       2.334    0.980 0.200      0.295 0.306 0.341 0.372 0.451 0.556 0.604 0.607 0.750 0.917 0.952 1.000 1.000 1.000 0.999
     36       2.523    0.983 0.184      0.280 0.291 0.326 0.357 0.437 0.543 0.591 0.594 0.739 0.911 0.947 1.000 1.000 1.000 1.000
     37       2.556    0.983 0.182      0.278 0.288 0.324 0.355 0.435 0.541 0.589 0.592 0.737 0.910 0.946 1.000 1.000 1.000 1.000
     38       2.835    0.987 0.163      0.260 0.270 0.306 0.338 0.418 0.525 0.574 0.577 0.725 0.902 0.940 0.999 1.000 1.000 1.000

  R CORE   ENERGY   A0R/A00=1.000    R3= 0     2  
   2( 1)    0.732                    1.000 0.000
   2( 2)  487.921                    0.000 1.000

  R CORE   ENERGY   A0R/A00=1.000    R3= 0     2  
   3( 1)  488.652                    0.000 1.000

  R CORE   ENERGY   A0R/A00=1.000    R3= 0     2     4  
   4( 1)    2.438                    1.000 0.000 0.000

  R CORE   ENERGY   A0R/A00=1.000    R3= 0     2     4  
   5( 1)  490.847                    0.000 1.000 0.000

  R CORE   ENERGY   A0R/A00=1.000    R3= 0     2     4     6  
   6( 1)    5.121                    1.000 0.000 0.000 0.000

  R CORE   ENERGY   A0R/A00=1.000    R3= 0     2     4     6  
   7( 1)  494.017                    0.000 1.000 0.000 0.000

          AXIAL SYMMETRY => K RESTRICTED TO OMEGA

                     K
     S.P. ORB#: 24 -5.50
     S.P. ORB#: 25  0.50
     S.P. ORB#: 26  2.50
     S.P. ORB#: 27 -3.50
     S.P. ORB#: 28  0.50
     S.P. ORB#: 29  0.50
     S.P. ORB#: 30 -1.50
     S.P. ORB#: 31 -1.50
     S.P. ORB#: 32 -3.50
     S.P. ORB#: 33  4.50
     S.P. ORB#: 34  2.50
     S.P. ORB#: 35 -3.50
     S.P. ORB#: 36  0.50
     S.P. ORB#: 37 -1.50
     S.P. ORB#: 38  2.50
 

             ENERGY    K= OMEGA
 
 I=  1/2- (1)  2.543  29: 0.999
 
 I=  1/2- (2)  5.769  25: 0.999
 
 I=  1/2- (3)  5.856  28: 0.382
                      36:-0.924
 
 I=  1/2- (4)  8.746  28:-0.924
                      36:-0.382
 
 I=  1/2- (5)147.468  31: 1.000

             ENERGY    K= OMEGA
 
 I=  3/2- (1)  2.413  25: 0.091
                      29:-0.218
                      30: 0.970
                      37: 0.052
 
 I=  3/2- (2)  2.563  25:-0.198
                      29:-0.882
                      30:-0.158
                      37:-0.396

             ENERGY    K= OMEGA
 
 I=  5/2- (1)  2.525  25:-0.263
                      29: 0.455
                      30: 0.784
                      37:-0.138
                      38:-0.301
 
 I=  5/2- (2)  3.336  26:-0.064
                      29: 0.618
                      30:-0.439
                      37:-0.641
                      38: 0.100
 
 I=  5/2- (3)  3.561  25:-0.131
                      29: 0.316
                      30: 0.162
                      37: 0.330
                      38: 0.864
 
 I=  5/2- (4)  4.265  26:-0.068
                      29:-0.520
                      30: 0.347
                      37:-0.672
                      38: 0.390
 
 I=  5/2- (5)  4.933  26: 0.995
                      37:-0.096

             ENERGY    K= OMEGA
 
 I=  7/2- (1)  1.755  26: 0.192
                      32:-0.980
 
 I=  7/2- (2)  3.332  25: 0.127
                      29:-0.276
                      30: 0.807
                      37:-0.177
                      38: 0.472
 
 I=  7/2- (3)  3.506  25:-0.317
                      29:-0.792
                      30:-0.297
                      37:-0.425
 
 I=  7/2- (4)  3.546  28:-0.710
                      31:-0.583
                      34:-0.363
                      35:-0.155
 
 I=  7/2- (5)  4.386  26:-0.198
                      27:-0.751
                      29:-0.245
                      30: 0.264
                      37: 0.264
                      38:-0.445

             ENERGY    K= OMEGA
 
 I=  9/2- (1)  1.868  26: 0.075
                      27:-0.189
                      32: 0.246
                      33: 0.948
 
 I=  9/2- (2)  2.719  26:-0.262
                      27:-0.091
                      32:-0.927
                      33: 0.243
 
 I=  9/2- (3)  3.570  25:-0.375
                      29: 0.493
                      30: 0.694
                      32:-0.060
                      37:-0.194
                      38:-0.307
 
 I=  9/2- (4)  4.627  28: 0.226
                      31:-0.568
                      34: 0.665
                      35:-0.428
 
 I=  9/2- (5)  5.169  26: 0.101
                      29:-0.522
                      30: 0.482
                      32:-0.058
                      37: 0.676
                      38:-0.150

             ENERGY    K= OMEGA
 
 I= 11/2- (1)  2.898  28:-0.678
                      31:-0.579
                      34:-0.399
                      35:-0.206
                      36:-0.057
 
 I= 11/2- (2)  2.961  26:-0.126
                      27:-0.256
                      32: 0.338
                      33:-0.896
 
 I= 11/2- (3)  3.915  26:-0.307
                      27: 0.132
                      30: 0.060
                      32: 0.876
                      33: 0.336
                      38: 0.061
 
 I= 11/2- (4)  5.227  25:-0.215
                      29: 0.150
                      30:-0.797
                      32: 0.078
                      37: 0.176
                      38:-0.506
 
 I= 11/2- (5)  5.356  25: 0.358
                      29: 0.800
                      30: 0.181
                      37: 0.439
                      38:-0.052

             ENERGY    K= OMEGA
 
 I= 13/2- (1)  4.273  26: 0.172
                      27:-0.299
                      32: 0.397
                      33: 0.849
 
 I= 13/2- (2)  5.036  28:-0.220
                      31: 0.555
                      34:-0.665
                      35: 0.448
 
 I= 13/2- (3)  5.319  25: 0.170
                      26:-0.312
                      27:-0.162
                      29:-0.177
                      30:-0.276
                      32:-0.761
                      33: 0.366
                      38: 0.155
 
 I= 13/2- (4)  5.534  25:-0.413
                      26:-0.126
                      27:-0.050
                      29: 0.471
                      30: 0.593
                      32:-0.339
                      33: 0.157
                      37:-0.196
                      38:-0.244
 
 I= 13/2- (5)  7.584  24: 0.998

             ENERGY     K= 5/2
  32 LEVELS    TIME=  0.0 SEC



 ******************* EXCITATION ENERGIES, DOMINANT CONFIGURATION AND EXPECTATION VALUES (WITH S.P. UU+VV FACTORS) *******************

  NR  Eex(keV)  I   Kdom  NY    <Jz>  <Jx**2> <Jy**2> <Jz**2> <I.j>/|I|  <Rx**2> <Ry**2> <Rz**2> <R.j>/|R|  <HROTx> <HROTy> <HROTz>

   1    0.0   7/2-  -7/2  32   -3.27    2.31    2.31   12.02    3.34       2.95    2.95   -0.00   -1.40      0.359   0.359  -0.000
   2  113.0   9/2-   9/2  33    3.72    2.53    2.53   19.40    4.26       3.39    3.39    0.00   -1.25      0.414   0.414   0.000
   3  657.9   3/2-  -3/2  30   -1.39    4.73    4.73    2.14    1.41       4.95    4.95    0.00   -2.82      0.604   0.604   0.000
   4  769.8   5/2-  -3/2  30   -0.58    4.79    4.79    2.06    2.14       3.86    3.86    0.00   -1.91      0.470   0.470   0.000
   5  788.3   1/2-   1/2  29    0.50    4.80    4.80    0.25    0.27       5.06    5.06    0.00   -3.02      0.617   0.617   0.000
  
   6  808.1   3/2-   1/2  29    0.14    4.06    4.06    0.61    1.21       3.91    3.91    0.00   -2.29      0.477   0.477   0.000
   7  964.2   9/2-  -7/2  32   -2.59    2.41    2.41   12.27    2.89       6.55    6.55    0.00   -0.75      0.799   0.799   0.000
   8 1142.9  11/2-   1/2  28   -0.02   24.27   24.27    2.38    6.28       5.76    5.76    0.00   -3.93      0.703   0.703   0.000
   9 1205.6  11/2-   9/2  33    3.02    2.74    2.74   18.59    3.74       7.58    7.58    0.00   -0.45      0.924   0.924   0.000
  10 1576.9   7/2-  -3/2  30   -0.43    4.18    4.18    2.98    1.67       6.92    6.92    0.00   -1.27      0.843   0.843   0.000
  
  11 1580.4   5/2-  -3/2  37   -0.68    3.29    3.29    1.54    0.75       6.23    6.23   -0.00   -1.67      0.759   0.759  -0.000
  12 1750.6   7/2-   1/2  29   -0.04    3.96    3.96    0.81    1.33       6.94    6.94   -0.00   -0.92      0.847   0.847  -0.000
  13 1791.2   7/2-   1/2  28   -0.01   23.89   23.89    2.01    6.14       8.40    8.40    0.00   -6.20      1.024   1.024   0.000
  14 1806.0   5/2-   5/2  38    1.73    2.25    2.25    5.01    1.80       3.81    3.81   -0.00   -1.52      0.465   0.465  -0.000
  15 1814.4   9/2-  -3/2  30   -0.36    4.96    4.96    1.90    2.25       7.11    7.11    0.00   -0.17      0.867   0.867   0.000
  
  16 2159.7  11/2-  -7/2  32   -2.00    2.50    2.50   12.52    2.59      11.14   11.14   -0.00   -0.43      1.359   1.359  -0.000
  17 2510.2   5/2-  -3/2  37   -0.33    3.17    3.17    2.33   -0.06       8.89    8.89    0.00   -2.10      1.084   1.084   0.000
  18 2517.5  13/2-   9/2  33    2.45    2.93    2.93   17.86    3.37      12.67   12.67    0.00   -0.03      1.545   1.545   0.000
  19 2630.7   7/2-  -7/2  27   -1.56    4.75    4.75    8.72    2.31       7.81    7.81    0.00   -2.29      0.952   0.952   0.000
  20 2872.1   9/2-   5/2  34    0.01   24.53   24.53    5.75    5.31      13.37   13.37    0.00   -5.49      1.629   1.629   0.000
  
  21 3177.6   5/2-   5/2  26    2.46    5.99    5.99    6.21    2.07       7.36    7.36    0.00   -3.15      0.897   0.897   0.000
  22 3281.1  13/2-   5/2  34   -0.04   24.52   24.52    5.93    5.28      14.96   14.96    0.00   -3.30      1.824   1.824   0.000
  23 3413.6   9/2-  -3/2  37   -0.84    3.05    3.05    1.89    0.60      13.41   13.41    0.00   -0.97      1.635   1.635   0.000
  24 3471.8  11/2-  -3/2  30   -0.35    4.12    4.12    3.23    1.59      14.12   14.12    0.00   -0.37      1.722   1.722   0.000
  25 3563.6  13/2-  -7/2  32   -1.30    2.96    2.96   11.10    2.40      16.15   16.15   -0.00   -0.05      1.969   1.969  -0.000
  
  26 3600.5  11/2-   1/2  29    0.05    3.96    3.96    0.75    1.36      14.10   14.10    0.00   -0.11      1.719   1.719   0.000
  27 3779.0  13/2-  -3/2  30   -0.50    4.77    4.77    3.39    2.27      15.02   15.02    0.00    0.53      1.831   1.831   0.000
  28 4013.7   1/2-   1/2  25    0.50    6.57    6.57    0.25    0.67       6.49    6.49   -0.00   -3.55      0.791   0.791  -0.000
  29 4100.8   1/2-   1/2  36    0.50   12.35   12.35    0.25   -1.45      14.10   14.10   -0.00   -4.93      1.719   1.719  -0.000
  30 5829.0  13/2- -11/2  24   -5.49    2.76    2.76   30.19    4.32      12.05   12.05    0.00   -1.13      1.469   1.469   0.000
  
  31 6991.2   1/2-   1/2  28    0.50   24.50   24.50    0.25   -3.55      28.07   28.07    0.00   -6.98      3.423   3.423   0.000
  32*******   1/2-  -3/2  31    0.00    0.00    0.00    0.00   -0.00       0.00    0.00   -0.00   -0.00      0.000   0.000  -0.000
