1SPECTRUM OF (Z= 82 A=207) IN PARTICLE-ROTOR  MODEL WITH MODIFIED OSCILLATOR POTENTIAL


 PARITY=-   EPS= 0.252   GAMMA=  0.0   EPS4=0.000   EPS6=0.000   LEVELS:  24  25  26  27  28  29  30  31  32  33  34  35  36  37  38

 PAIRING FACTORS: GN0= 19.20  GN1=  7.40  IPAIR= 15 ***  E2PLUS(INPUT)=   0.730  E2PLUR(INPUT)=   0.000

 CORIOLIS ATTENUATION PARAMETERS:  CHSI=1.000  ETA=  1.00

 MOMENT OF INERTIA PARAMETERS:   A1=  0.122 MEV   A2=  0.122 MEV   A3=121.91924 MEV


 DELTA=0.938 MEV  LAMBDA=53.3964 MEV   HW0= 7.4669 MEV   LAMBDA/HW0= 7.1510

 E2ENERGY=0.730 MEV  HBAR**2/B=11775./A**(7/3)=1990.5/A**2 MEV

 IREC=0  =>  RECOIL TERMS j+j-, j+j+, jzjz, ETC TREATED AS ONE-BODY OPERATORS WITH UU+VV PAIRING FACTORS



 S. P. LEVEL   EQP       U     V        (UU + VV)**1.00

     24       5.139    0.092 0.996      1.000 1.000 0.999 0.999 0.986 0.984 0.979 0.964 0.728 0.560 0.448 0.392 0.374 0.305 0.267
     25       4.132    0.114 0.993      1.000 1.000 1.000 1.000 0.990 0.988 0.983 0.970 0.744 0.578 0.469 0.413 0.395 0.327 0.289
     26       3.836    0.123 0.992      0.999 1.000 1.000 1.000 0.991 0.989 0.985 0.972 0.750 0.586 0.477 0.421 0.403 0.335 0.297
     27       3.290    0.144 0.990      0.999 1.000 1.000 1.000 0.994 0.992 0.988 0.977 0.764 0.603 0.495 0.440 0.422 0.355 0.317
     28       1.905    0.255 0.967      0.986 0.990 0.991 0.994 1.000 1.000 0.999 0.995 0.831 0.689 0.590 0.538 0.521 0.458 0.422
     29       1.830    0.266 0.964      0.984 0.988 0.989 0.992 1.000 1.000 1.000 0.996 0.838 0.697 0.599 0.548 0.531 0.469 0.433
     30       1.669    0.294 0.956      0.979 0.983 0.985 0.988 0.999 1.000 1.000 0.998 0.853 0.718 0.622 0.572 0.556 0.494 0.459
     31       1.424    0.352 0.936      0.964 0.970 0.972 0.977 0.995 0.996 0.998 1.000 0.884 0.759 0.669 0.622 0.606 0.547 0.512
     32       0.945    0.749 0.663      0.728 0.744 0.750 0.764 0.831 0.838 0.853 0.884 1.000 0.975 0.939 0.916 0.908 0.875 0.855
     33       1.112    0.877 0.481      0.560 0.578 0.586 0.603 0.689 0.697 0.718 0.759 0.975 1.000 0.992 0.982 0.978 0.960 0.948
     34       1.381    0.931 0.365      0.448 0.469 0.477 0.495 0.590 0.599 0.622 0.669 0.939 0.992 1.000 0.998 0.997 0.988 0.981
     35       1.609    0.952 0.306      0.392 0.413 0.421 0.440 0.538 0.548 0.572 0.622 0.916 0.982 0.998 1.000 1.000 0.996 0.991
     36       1.706    0.958 0.287      0.374 0.395 0.403 0.422 0.521 0.531 0.556 0.606 0.908 0.978 0.997 1.000 1.000 0.997 0.994
     37       2.215    0.976 0.217      0.305 0.327 0.335 0.355 0.458 0.469 0.494 0.547 0.875 0.960 0.988 0.996 0.997 1.000 0.999
     38       2.687    0.984 0.177      0.267 0.289 0.297 0.317 0.422 0.433 0.459 0.512 0.855 0.948 0.981 0.991 0.994 0.999 1.000

  R CORE   ENERGY   A0R/A00=1.000    R3= 0     2  
   2( 1)    0.732                    1.000 0.000
   2( 2)  487.921                    0.000 1.000

  R CORE   ENERGY   A0R/A00=1.000    R3= 0     2  
   3( 1)  488.652                    0.000 1.000

  R CORE   ENERGY   A0R/A00=1.000    R3= 0     2     4  
   4( 1)    2.438                    1.000 0.000 0.000

  R CORE   ENERGY   A0R/A00=1.000    R3= 0     2     4  
   5( 1)  490.847                    0.000 1.000 0.000

  R CORE   ENERGY   A0R/A00=1.000    R3= 0     2     4     6  
   6( 1)    5.121                    1.000 0.000 0.000 0.000

  R CORE   ENERGY   A0R/A00=1.000    R3= 0     2     4     6  
   7( 1)  494.017                    0.000 1.000 0.000 0.000

          AXIAL SYMMETRY => K RESTRICTED TO OMEGA

                     K
     S.P. ORB#: 24  2.50
     S.P. ORB#: 25  0.50
     S.P. ORB#: 26  2.50
     S.P. ORB#: 27 -3.50
     S.P. ORB#: 28 -3.50
     S.P. ORB#: 29  0.50
     S.P. ORB#: 30 -1.50
     S.P. ORB#: 31  4.50
     S.P. ORB#: 32  0.50
     S.P. ORB#: 33 -1.50
     S.P. ORB#: 34 -1.50
     S.P. ORB#: 35  2.50
     S.P. ORB#: 36  2.50
     S.P. ORB#: 37  0.50
     S.P. ORB#: 38 -3.50
 

             ENERGY    K= OMEGA
 
 I=  1/2- (1)  2.509  25:-0.054
                      29:-0.062
                      37:-0.997
 
 I=  1/2- (2)  2.965  29: 0.997
                      37:-0.059
 
 I=  1/2- (3)  5.511  25: 0.998
                      37:-0.056
 
 I=  1/2- (4)  8.353  32:-1.000
 
 I=  1/2- (5)147.415  33: 1.000

             ENERGY    K= OMEGA
 
 I=  3/2- (1)  1.892  25: 0.056
                      29: 0.222
                      30: 0.118
                      34: 0.964
                      37:-0.072
 
 I=  3/2- (2)  2.789  25:-0.109
                      29: 0.132
                      30:-0.950
                      34: 0.111
                      37: 0.239

             ENERGY    K= OMEGA
 
 I=  5/2- (1)  2.069  25: 0.085
                      29:-0.195
                      30:-0.260
                      34: 0.476
                      35: 0.810
                      37:-0.058
 
 I=  5/2- (2)  2.556  29:-0.178
                      30: 0.269
                      34: 0.832
                      35:-0.437
                      37: 0.096
 
 I=  5/2- (3)  2.890  24: 0.063
                      25:-0.221
                      29: 0.424
                      30: 0.599
                      35: 0.349
                      37: 0.536
 
 I=  5/2- (4)  3.427  25:-0.239
                      29: 0.193
                      30: 0.441
                      35: 0.123
                      37:-0.831
 
 I=  5/2- (5)  4.260  24: 0.063
                      25: 0.078
                      29:-0.813
                      30: 0.487
                      34:-0.275
                      35: 0.117
                      37: 0.052

             ENERGY    K= OMEGA
 
 I=  7/2- (1)  2.637  26:-0.221
                      27: 0.100
                      28: 0.946
                      30: 0.100
                      35: 0.183
 
 I=  7/2- (2)  2.718  26: 0.065
                      28:-0.166
                      29:-0.236
                      30: 0.251
                      34:-0.555
                      35: 0.735
 
 I=  7/2- (3)  3.171  25:-0.226
                      28: 0.133
                      29:-0.392
                      30:-0.426
                      34:-0.614
                      35:-0.422
                      37: 0.193
 
 I=  7/2- (4)  3.236  32:-0.740
                      33:-0.570
                      36:-0.332
                      38:-0.130
 
 I=  7/2- (5)  4.154  24:-0.160
                      25: 0.134
                      27: 0.121
                      29:-0.282
                      30: 0.766
                      34:-0.153
                      35:-0.472
                      37:-0.168

             ENERGY    K= OMEGA
 
 I=  9/2- (1)  2.188  24: 0.064
                      26:-0.061
                      27: 0.265
                      28:-0.163
                      31:-0.945
 
 I=  9/2- (2)  3.282  24: 0.074
                      25:-0.265
                      27: 0.076
                      28: 0.166
                      29: 0.372
                      30: 0.509
                      34:-0.375
                      35:-0.565
                      37: 0.172
 
 I=  9/2- (3)  3.527  24:-0.063
                      26:-0.308
                      27:-0.123
                      28:-0.903
                      29: 0.091
                      31: 0.144
                      34:-0.184
                      35:-0.068
 
 I=  9/2- (4)  4.310  24:-0.091
                      25: 0.230
                      28: 0.120
                      29:-0.129
                      30:-0.478
                      34:-0.657
                      35:-0.291
                      37:-0.401
 
 I=  9/2- (5)  4.509  32:-0.249
                      33: 0.609
                      36:-0.643
                      38: 0.392

             ENERGY    K= OMEGA
 
 I= 11/2- (1)  2.294  32: 0.697
                      33: 0.574
                      36: 0.387
                      38: 0.187
 
 I= 11/2- (2)  3.129  24: 0.111
                      26:-0.098
                      27:-0.367
                      28: 0.212
                      31:-0.891
 
 I= 11/2- (3)  4.569  24:-0.133
                      25: 0.085
                      26:-0.300
                      27: 0.182
                      28: 0.764
                      30: 0.314
                      31: 0.086
                      34:-0.084
                      35: 0.389
 
 I= 11/2- (4)  4.673  26: 0.185
                      28:-0.361
                      29:-0.329
                      30: 0.247
                      31:-0.150
                      34:-0.570
                      35: 0.561
 
 I= 11/2- (5)  5.116  24: 0.072
                      25:-0.337
                      26:-0.079
                      28: 0.299
                      29:-0.461
                      30:-0.485
                      31: 0.120
                      34:-0.435
                      35:-0.289
                      37: 0.226

             ENERGY    K= OMEGA
 
 I= 13/2- (1)  4.259  24: 0.157
                      26:-0.125
                      27: 0.436
                      28:-0.232
                      30: 0.092
                      31:-0.834
                      35:-0.073
 
 I= 13/2- (2)  4.578  32:-0.236
                      33: 0.590
                      36:-0.651
                      38: 0.416
 
 I= 13/2- (3)  5.225  24:-0.095
                      25: 0.374
                      26:-0.058
                      28:-0.151
                      29:-0.436
                      30:-0.567
                      31:-0.144
                      34: 0.288
                      35: 0.409
                      37:-0.204
 
 I= 13/2- (4)  5.952  24:-0.122
                      26:-0.393
                      27:-0.195
                      28:-0.838
                      29: 0.109
                      31: 0.189
                      34:-0.201
 
 I= 13/2- (5)  6.935  24: 0.076
                      25:-0.230
                      28:-0.137
                      29: 0.112
                      30: 0.323
                      34: 0.632
                      35: 0.505
                      37: 0.387

             ENERGY     K=-7/2
  32 LEVELS    TIME=  0.0 SEC



 ******************* EXCITATION ENERGIES, DOMINANT CONFIGURATION AND EXPECTATION VALUES (WITH S.P. UU+VV FACTORS) *******************

  NR  Eex(keV)  I   Kdom  NY    <Jz>  <Jx**2> <Jy**2> <Jz**2> <I.j>/|I|  <Rx**2> <Ry**2> <Rz**2> <R.j>/|R|  <HROTx> <HROTy> <HROTz>

   1    0.0   3/2-  -3/2  34   -1.39    1.72    1.72    2.14    1.41       1.93    1.93   -0.00   -1.45      0.236   0.236  -0.000
   2  177.2   5/2-   5/2  35    1.22    2.14    2.14    4.78    2.35       1.96    1.96    0.00   -1.07      0.239   0.239   0.000
   3  295.7   9/2-   9/2  31    3.70    2.70    2.70   19.34    4.48       2.44    2.44    0.00   -1.10      0.298   0.298   0.000
   4  402.3  11/2-   1/2  32   -0.00   26.46   26.46    2.23    6.83       4.59    4.59    0.00   -4.72      0.560   0.560   0.000
   5  617.3   1/2-   1/2  37    0.50    1.41    1.41    0.25    0.83       1.19    1.19    0.00   -1.52      0.145   0.145   0.000
  
   6  663.7   5/2-  -3/2  34   -0.64    1.72    1.72    2.94    1.06       4.43    4.43   -0.00   -1.09      0.540   0.540  -0.000
   7  744.6   7/2-  -7/2  28   -2.97    2.27    2.27   11.63    3.37       2.57    2.57    0.00   -1.23      0.314   0.314   0.000
   8  825.7   7/2-   5/2  35    0.73    2.19    2.19    4.60    1.94       4.69    4.69    0.00   -0.43      0.571   0.571   0.000
   9  897.3   3/2-  -3/2  30   -1.33    4.32    4.32    2.08    1.49       4.35    4.35   -0.00   -2.66      0.530   0.530  -0.000
  10  998.3   5/2-  -3/2  30    0.04    3.66    3.66    1.72    1.75       3.72    3.72    0.00   -1.42      0.454   0.454   0.000
  
  11 1072.6   1/2-   1/2  29    0.50    4.38    4.38    0.25    0.29       4.63    4.63   -0.00   -2.88      0.565   0.565  -0.000
  12 1236.5  11/2-   9/2  31    3.00    3.11    3.11   18.44    4.12       5.58    5.58    0.00   -0.01      0.681   0.681   0.000
  13 1279.2   7/2-  -3/2  34   -0.33    2.43    2.43    2.68    1.45       5.89    5.89    0.00   -0.52      0.718   0.718   0.000
  14 1343.9   7/2-   1/2  32    0.00   26.52   26.52    1.76    6.70       8.71    8.71    0.00   -6.77      1.062   1.062   0.000
  15 1389.8   9/2-   5/2  35    0.22    3.58    3.58    3.44    2.38       5.84    5.84    0.00    0.36      0.711   0.711   0.000
  
  16 1534.8   5/2-   1/2  37    0.14    2.08    2.08    0.75    0.61       5.03    5.03   -0.00   -0.98      0.614   0.614  -0.000
  17 1634.9   9/2-  -7/2  28   -2.61    2.42    2.42   11.33    2.93       5.87    5.87    0.00   -0.46      0.716   0.716   0.000
  18 2262.4   7/2-  -3/2  30   -0.28    3.88    3.88    3.14    0.96       9.51    9.51    0.00   -1.63      1.160   1.160   0.000
  19 2367.4  13/2-   9/2  31    2.38    3.53    3.53   17.38    3.88       9.49    9.49    0.00    0.61      1.158   1.158   0.000
  20 2367.6   5/2-   1/2  29   -0.09    4.33    4.33    0.98   -0.32      10.16   10.16   -0.00   -2.35      1.238   1.238  -0.000
  
  21 2418.1   9/2-  -3/2  34   -0.69    2.41    2.41    2.33    1.13      10.32   10.32    0.00   -0.33      1.258   1.258   0.000
  22 2617.5   9/2-   5/2  36   -0.03   26.07   26.07    5.32    5.86      11.97   11.97    0.00   -5.79      1.460   1.460   0.000
  23 2676.9  11/2-  -7/2  28   -1.63    2.64    2.64    9.57    2.56      10.03   10.03    0.00    0.09      1.222   1.222   0.000
  24 2686.5  13/2-   5/2  36   -0.04   26.02   26.02    5.56    5.88      12.11   12.11    0.00   -3.36      1.476   1.476   0.000
  25 2781.3  11/2-  -3/2  34   -0.01    2.48    2.48    5.14    1.78      12.28   12.28    0.00    0.11      1.497   1.497   0.000
  
  26 3224.3  11/2-  -3/2  30   -0.46    3.06    3.06    3.03    1.62      12.78   12.78   -0.00    0.10      1.558   1.558  -0.000
  27 3333.2  13/2-  -3/2  30    0.04    4.32    4.32    2.84    2.46      12.93   12.93    0.00    1.12      1.576   1.576   0.000
  28 3618.6   1/2-   1/2  25    0.50    5.79    5.79    0.25    0.69       5.69    5.69    0.00   -3.33      0.694   0.694   0.000
  29 4059.9  13/2-  -7/2  28   -2.06    2.61    2.61   10.94    2.48      15.10   15.10    0.00    0.22      1.841   1.841   0.000
  30 5043.1  13/2-  -3/2  34   -0.06    2.14    2.14    3.07    0.99      21.15   21.15    0.00   -0.07      2.578   2.578   0.000
  
  31 6461.3   1/2-   1/2  32    0.50   26.53   26.53    0.25   -3.87      30.38   30.38    0.00   -7.27      3.704   3.704   0.000
  32*******   1/2-  -3/2  33    0.00    0.00    0.00    0.00   -0.00       0.00    0.00    0.00   -0.00      0.000   0.000   0.000
