1SPECTRUM OF (Z= 82 A=207) IN PARTICLE-ROTOR  MODEL WITH MODIFIED OSCILLATOR POTENTIAL


 PARITY=-   EPS= 0.398   GAMMA=  0.0   EPS4=0.000   EPS6=0.000   LEVELS:  24  25  26  27  28  29  30  31  32  33  34  35  36  37  38

 PAIRING FACTORS: GN0= 19.20  GN1=  7.40  IPAIR= 15 ***  E2PLUS(INPUT)=   0.730  E2PLUR(INPUT)=   0.000

 CORIOLIS ATTENUATION PARAMETERS:  CHSI=1.000  ETA=  1.00

 MOMENT OF INERTIA PARAMETERS:   A1=  0.122 MEV   A2=  0.122 MEV   A3=121.91924 MEV


 DELTA=0.846 MEV  LAMBDA=53.4773 MEV   HW0= 7.5586 MEV   LAMBDA/HW0= 7.0751

 E2ENERGY=0.730 MEV  HBAR**2/B=29371./A**(7/3)=4965.1/A**2 MEV

 IREC=0  =>  RECOIL TERMS j+j-, j+j+, jzjz, ETC TREATED AS ONE-BODY OPERATORS WITH UU+VV PAIRING FACTORS



 S. P. LEVEL   EQP       U     V        (UU + VV)**1.00

     24       4.297    0.099 0.995      1.000 1.000 0.999 0.998 0.995 0.994 0.920 0.879 0.861 0.520 0.449 0.382 0.320 0.230 0.222
     25       3.704    0.115 0.993      1.000 1.000 1.000 0.999 0.996 0.996 0.926 0.887 0.869 0.534 0.464 0.397 0.335 0.245 0.238
     26       3.182    0.134 0.991      0.999 1.000 1.000 1.000 0.998 0.997 0.933 0.896 0.879 0.550 0.481 0.415 0.354 0.264 0.257
     27       2.715    0.158 0.987      0.998 0.999 1.000 1.000 0.999 0.999 0.941 0.906 0.890 0.570 0.501 0.436 0.376 0.287 0.280
     28       2.157    0.200 0.980      0.995 0.996 0.998 0.999 1.000 1.000 0.955 0.924 0.909 0.605 0.538 0.475 0.415 0.328 0.321
     29       2.098    0.206 0.979      0.994 0.996 0.997 0.999 1.000 1.000 0.957 0.926 0.911 0.609 0.543 0.480 0.421 0.333 0.326
     30       1.001    0.482 0.876      0.920 0.926 0.933 0.941 0.955 0.957 1.000 0.996 0.992 0.814 0.764 0.714 0.667 0.593 0.587
     31       0.911    0.561 0.828      0.879 0.887 0.896 0.906 0.924 0.926 0.996 1.000 0.999 0.864 0.820 0.776 0.732 0.665 0.659
     32       0.887    0.591 0.807      0.861 0.869 0.879 0.890 0.909 0.911 0.992 0.999 1.000 0.882 0.841 0.799 0.757 0.693 0.687
     33       1.083    0.901 0.433      0.520 0.534 0.550 0.570 0.605 0.609 0.814 0.864 0.882 1.000 0.997 0.988 0.976 0.951 0.948
     34       1.263    0.933 0.359      0.449 0.464 0.481 0.501 0.538 0.543 0.764 0.820 0.841 0.997 1.000 0.997 0.990 0.973 0.971
     35       1.528    0.957 0.289      0.382 0.397 0.415 0.436 0.475 0.480 0.714 0.776 0.799 0.988 0.997 1.000 0.998 0.987 0.986
     36       1.929    0.974 0.225      0.320 0.335 0.354 0.376 0.415 0.421 0.667 0.732 0.757 0.976 0.990 0.998 1.000 0.996 0.995
     37       3.227    0.991 0.132      0.230 0.245 0.264 0.287 0.328 0.333 0.593 0.665 0.693 0.951 0.973 0.987 0.996 1.000 1.000
     38       3.417    0.992 0.125      0.222 0.238 0.257 0.280 0.321 0.326 0.587 0.659 0.687 0.948 0.971 0.986 0.995 1.000 1.000

  R CORE   ENERGY   A0R/A00=1.000    R3= 0     2  
   2( 1)    0.732                    1.000 0.000
   2( 2)  487.921                    0.000 1.000

  R CORE   ENERGY   A0R/A00=1.000    R3= 0     2  
   3( 1)  488.652                    0.000 1.000

  R CORE   ENERGY   A0R/A00=1.000    R3= 0     2     4  
   4( 1)    2.438                    1.000 0.000 0.000

  R CORE   ENERGY   A0R/A00=1.000    R3= 0     2     4  
   5( 1)  490.847                    0.000 1.000 0.000

  R CORE   ENERGY   A0R/A00=1.000    R3= 0     2     4     6  
   6( 1)    5.121                    1.000 0.000 0.000 0.000

  R CORE   ENERGY   A0R/A00=1.000    R3= 0     2     4     6  
   7( 1)  494.017                    0.000 1.000 0.000 0.000

          AXIAL SYMMETRY => K RESTRICTED TO OMEGA

                     K
     S.P. ORB#: 24  0.50
     S.P. ORB#: 25 -5.50
     S.P. ORB#: 26  0.50
     S.P. ORB#: 27  2.50
     S.P. ORB#: 28 -3.50
     S.P. ORB#: 29 -1.50
     S.P. ORB#: 30  0.50
     S.P. ORB#: 31 -1.50
     S.P. ORB#: 32  2.50
     S.P. ORB#: 33 -3.50
     S.P. ORB#: 34  0.50
     S.P. ORB#: 35  4.50
     S.P. ORB#: 36 -3.50
     S.P. ORB#: 37  0.50
     S.P. ORB#: 38 -1.50
 

             ENERGY    K= OMEGA
 
 I=  1/2- (1)  2.307  30: 0.999
 
 I=  1/2- (2)  4.188  26:-0.195
                      34: 0.915
                      37:-0.354
 
 I=  1/2- (3)  5.986  24: 0.999
 
 I=  1/2- (4)  7.183  26:-0.319
                      34: 0.283
                      37: 0.905
 
 I=  1/2- (5)  9.503  26:-0.927
                      34:-0.289
                      37:-0.237

             ENERGY    K= OMEGA
 
 I=  3/2- (1)  2.217  24:-0.056
                      30: 0.346
                      31:-0.937
 
 I=  3/2- (2)  2.409  24:-0.193
                      30:-0.909
                      31:-0.326
                      38:-0.174

             ENERGY    K= OMEGA
 
 I=  5/2- (1)  2.484  24:-0.257
                      30: 0.508
                      31: 0.819
                      38:-0.069
 
 I=  5/2- (2)  3.331  27: 0.068
                      30:-0.787
                      31: 0.526
                      38: 0.313
 
 I=  5/2- (3)  4.489  27:-0.966
                      30:-0.108
                      31: 0.091
                      38:-0.216
 
 I=  5/2- (4)  4.593  26: 0.147
                      34:-0.808
                      37: 0.570
 
 I=  5/2- (5)  4.827  24: 0.066
                      27: 0.246
                      30:-0.273
                      31: 0.102
                      38:-0.922

             ENERGY    K= OMEGA
 
 I=  7/2- (1)  1.975  27:-0.149
                      33: 0.988
 
 I=  7/2- (2)  3.393  24:-0.169
                      30:-0.905
                      31: 0.295
                      38:-0.254
 
 I=  7/2- (3)  3.474  24: 0.283
                      27:-0.077
                      30: 0.216
                      31: 0.923
                      38: 0.115
 
 I=  7/2- (4)  4.065  27:-0.179
                      28:-0.983
 
 I=  7/2- (5)  4.186  26:-0.590
                      29:-0.589
                      32:-0.506
                      36:-0.220

             ENERGY    K= OMEGA
 
 I=  9/2- (1)  2.456  27:-0.088
                      28: 0.167
                      33:-0.369
                      35:-0.910
 
 I=  9/2- (2)  3.063  27: 0.200
                      28: 0.100
                      33: 0.902
                      35:-0.367
 
 I=  9/2- (3)  3.706  24:-0.385
                      30: 0.565
                      31: 0.716
                      38:-0.128
 
 I=  9/2- (4)  4.822  26: 0.207
                      29:-0.554
                      32: 0.695
                      36:-0.408
 
 I=  9/2- (5)  5.180  27:-0.279
                      28: 0.834
                      30: 0.295
                      31:-0.249
                      35: 0.165
                      38:-0.219

             ENERGY    K= OMEGA
 
 I= 11/2- (1)  3.599  27:-0.135
                      28:-0.226
                      33: 0.448
                      35:-0.853
 
 I= 11/2- (2)  3.621  26:-0.594
                      29:-0.590
                      32:-0.480
                      34:-0.121
                      36:-0.229
 
 I= 11/2- (3)  4.373  27: 0.236
                      28:-0.148
                      33:-0.849
                      35:-0.444
 
 I= 11/2- (4)  5.048  25:-0.999
 
 I= 11/2- (5)  5.287  24:-0.350
                      30:-0.856
                      31:-0.201
                      38:-0.318

             ENERGY    K= OMEGA
 
 I= 13/2- (1)  4.977  27:-0.174
                      28: 0.267
                      33:-0.488
                      35:-0.811
 
 I= 13/2- (2)  5.397  26:-0.216
                      29: 0.569
                      32:-0.681
                      36: 0.407
 
 I= 13/2- (3)  5.756  24:-0.449
                      27: 0.086
                      30: 0.551
                      31: 0.649
                      33: 0.159
                      35:-0.137
                      38:-0.139
 
 I= 13/2- (4)  5.923  24: 0.106
                      25: 0.058
                      27: 0.249
                      28: 0.181
                      30:-0.145
                      31:-0.130
                      33: 0.797
                      35:-0.463
                      38: 0.061
 
 I= 13/2- (5)  6.635  25: 0.997
                      35: 0.059

             ENERGY     K=-3/2
  32 LEVELS    TIME=  0.0 SEC



 ******************* EXCITATION ENERGIES, DOMINANT CONFIGURATION AND EXPECTATION VALUES (WITH S.P. UU+VV FACTORS) *******************

  NR  Eex(keV)  I   Kdom  NY    <Jz>  <Jx**2> <Jy**2> <Jz**2> <I.j>/|I|  <Rx**2> <Ry**2> <Rz**2> <R.j>/|R|  <HROTx> <HROTy> <HROTz>

   1    0.0   7/2-  -7/2  33   -3.37    2.31    2.31   12.11    3.21       3.50    3.50    0.00   -1.51      0.427   0.427   0.000
   2  241.7   3/2-  -3/2  31   -1.25    5.01    5.01    2.00    1.35       5.27    5.27    0.00   -2.90      0.642   0.642   0.000
   3  331.3   1/2-   1/2  30    0.50    5.02    5.02    0.25    0.23       5.32    5.32   -0.00   -3.09      0.649   0.649  -0.000
   4  433.8   3/2-   1/2  30    0.23    4.74    4.74    0.52    0.96       5.01    5.01    0.00   -2.57      0.611   0.611   0.000
   5  480.3   9/2-   9/2  35    3.17    2.50    2.50   18.83    4.09       3.94    3.94    0.00   -1.24      0.481   0.481   0.000
  
   6  508.5   5/2-  -3/2  31   -0.85    5.28    5.28    1.61    1.72       5.38    5.38    0.00   -2.16      0.656   0.656   0.000
   7 1087.1   9/2-  -7/2  33   -2.18    2.37    2.37   13.07    2.76       7.56    7.56    0.00   -1.05      0.922   0.922   0.000
   8 1355.3   5/2-   1/2  30   -0.24    4.58    4.58    1.03    0.29       8.63    8.63    0.00   -2.25      1.052   1.052   0.000
   9 1417.1   7/2-   1/2  30    0.20    4.73    4.73    0.55    1.03       8.81    8.81    0.00   -1.42      1.074   1.074   0.000
  10 1498.3   7/2-  -3/2  31   -1.23    4.97    4.97    2.04    1.18       9.19    9.19    0.00   -1.71      1.121   1.121   0.000
  
  11 1623.9  11/2-   9/2  35    2.43    2.67    2.67   17.98    3.50       8.63    8.63   -0.00   -0.58      1.052   1.052  -0.000
  12 1645.2  11/2-   1/2  26    0.05   23.14   23.14    2.96    6.12       5.90    5.90    0.00   -3.68      0.720   0.720   0.000
  13 1731.0   9/2-  -3/2  31   -0.56    5.51    5.51    1.34    1.90       9.11    9.11    0.00   -0.68      1.111   1.111   0.000
  14 2089.5   7/2-  -7/2  28   -3.30    6.25    6.25   12.03    3.12       7.76    7.76    0.00   -3.08      0.946   0.946   0.000
  15 2210.9   7/2-   1/2  26    0.12   22.79   22.79    3.06    6.01       8.33    8.33    0.00   -6.07      1.015   1.015   0.000
  
  16 2212.1   1/2-   1/2  34    0.50   11.09   11.09    0.25    1.04      10.69   10.69    0.00   -4.66      1.303   1.303   0.000
  17 2397.3  11/2-  -7/2  33   -1.59    2.45    2.45   13.49    2.41      12.64   12.64    0.00   -0.79      1.541   1.541   0.000
  18 2513.4   5/2-   5/2  27    2.26    5.87    5.87    5.96    2.01       7.28    7.28    0.00   -3.08      0.888   0.888   0.000
  19 2617.3   5/2-   1/2  34    0.50   11.24   11.24    0.25    1.65      10.87   10.87    0.00   -3.83      1.325   1.325   0.000
  20 2846.8   9/2-   5/2  32    0.19   23.55   23.55    5.76    5.09      13.49   13.49    0.00   -5.30      1.645   1.645   0.000
  
  21 2852.0   5/2-  -3/2  38   -1.10    2.47    2.47    2.33    0.41       6.79    6.79    0.00   -1.64      0.828   0.828   0.000
  22 3001.5  13/2-   9/2  35    1.94    2.82    2.82   17.35    3.10      14.23   14.23    0.00   -0.25      1.735   1.735   0.000
  23 3072.2  11/2- -11/2  25   -5.48    2.75    2.75   30.21    5.05       5.54    5.54    0.00   -1.66      0.675   0.675   0.000
  24 3205.1   9/2-  -7/2  28   -2.25    5.65    5.65    9.86    2.04      12.78   12.78    0.00   -2.17      1.558   1.558   0.000
  25 3312.0  11/2-   1/2  30    0.21    4.56    4.56    0.57    1.30      14.92   14.92    0.00   -0.35      1.819   1.819   0.000
  
  26 3421.7  13/2-   5/2  32    0.12   23.57   23.57    5.66    5.02      15.74   15.74    0.00   -3.17      1.919   1.919   0.000
  27 3780.9  13/2-  -3/2  31   -0.40    5.53    5.53    1.88    2.04      16.62   16.62    0.00    0.22      2.027   2.027   0.000
  28 3947.9  13/2-  -7/2  33   -1.25    2.68    2.68   13.06    2.13      18.70   18.70    0.00   -0.58      2.280   2.280   0.000
  29 4010.4   1/2-   1/2  24    0.50    7.01    7.01    0.25    0.64       6.96    6.96   -0.00   -3.68      0.848   0.848  -0.000
  30 4659.6  13/2- -11/2  25   -5.46    2.75    2.75   30.17    4.32      12.07   12.07    0.00   -1.13      1.472   1.472   0.000
  
  31 5207.9   1/2-   1/2  37    0.50   15.88   15.88    0.25   -0.58      16.89   16.89    0.00   -5.60      2.059   2.059   0.000
  32 7527.6   1/2-   1/2  26    0.50   23.09   23.09    0.25   -3.45      26.57   26.57    0.00   -6.78      3.239   3.239   0.000
