1SPECTRUM OF (Z= 82 A=207) IN PARTICLE-ROTOR  MODEL WITH MODIFIED OSCILLATOR POTENTIAL


 PARITY=-   EPS= 0.351   GAMMA=  0.0   EPS4=0.000   EPS6=0.000   LEVELS:  25  26  27  28  29  30  31  32  33  34  35  36  37  38  39

 PAIRING FACTORS: GN0= 19.20  GN1=  7.40  IPAIR= 15 ***  E2PLUS(INPUT)=   0.730  E2PLUR(INPUT)=   0.000

 CORIOLIS ATTENUATION PARAMETERS:  CHSI=1.000  ETA=  1.00

 MOMENT OF INERTIA PARAMETERS:   A1=  0.122 MEV   A2=  0.122 MEV   A3=121.91923 MEV


 DELTA=0.896 MEV  LAMBDA=53.3787 MEV   HW0= 7.5236 MEV   LAMBDA/HW0= 7.0948

 E2ENERGY=0.730 MEV  HBAR**2/B=22844./A**(7/3)=3861.7/A**2 MEV

 IREC=0  =>  RECOIL TERMS j+j-, j+j+, jzjz, ETC TREATED AS ONE-BODY OPERATORS WITH UU+VV PAIRING FACTORS



 S. P. LEVEL   EQP       U     V        (UU + VV)**1.00

     25       4.233    0.106 0.994      1.000 0.999 0.997 0.994 0.968 0.956 0.934 0.795 0.650 0.580 0.312 0.309 0.269 0.254 0.227
     26       3.055    0.148 0.989      0.999 1.000 0.999 0.998 0.978 0.967 0.949 0.820 0.682 0.614 0.351 0.349 0.310 0.295 0.268
     27       2.496    0.183 0.983      0.997 0.999 1.000 0.999 0.984 0.975 0.959 0.839 0.707 0.641 0.384 0.381 0.343 0.328 0.301
     28       2.113    0.217 0.976      0.994 0.998 0.999 1.000 0.990 0.983 0.969 0.858 0.731 0.667 0.416 0.413 0.376 0.361 0.335
     29       1.356    0.353 0.936      0.968 0.978 0.984 0.990 1.000 0.999 0.994 0.922 0.821 0.766 0.541 0.538 0.503 0.489 0.465
     30       1.235    0.395 0.919      0.956 0.967 0.975 0.983 0.999 1.000 0.998 0.939 0.846 0.794 0.578 0.575 0.541 0.528 0.504
     31       1.108    0.453 0.891      0.934 0.949 0.959 0.969 0.994 0.998 1.000 0.959 0.878 0.832 0.629 0.627 0.595 0.582 0.559
     32       0.897    0.688 0.726      0.795 0.820 0.839 0.858 0.922 0.939 0.959 1.000 0.978 0.955 0.824 0.822 0.798 0.789 0.771
     33       0.960    0.824 0.566      0.650 0.682 0.707 0.731 0.821 0.846 0.878 0.978 1.000 0.996 0.924 0.923 0.907 0.900 0.888
     34       1.049    0.872 0.490      0.580 0.614 0.641 0.667 0.766 0.794 0.832 0.955 0.996 1.000 0.955 0.954 0.941 0.935 0.925
     35       2.195    0.978 0.209      0.312 0.351 0.384 0.416 0.541 0.578 0.629 0.824 0.924 0.955 1.000 1.000 0.999 0.998 0.996
     36       2.225    0.979 0.206      0.309 0.349 0.381 0.413 0.538 0.575 0.627 0.822 0.923 0.954 1.000 1.000 0.999 0.998 0.996
     37       2.746    0.986 0.165      0.269 0.310 0.343 0.376 0.503 0.541 0.595 0.798 0.907 0.941 0.999 0.999 1.000 1.000 0.999
     38       3.028    0.989 0.150      0.254 0.295 0.328 0.361 0.489 0.528 0.582 0.789 0.900 0.935 0.998 0.998 1.000 1.000 1.000
     39       3.689    0.992 0.122      0.227 0.268 0.301 0.335 0.465 0.504 0.559 0.771 0.888 0.925 0.996 0.996 0.999 1.000 1.000

  R CORE   ENERGY   A0R/A00=1.000    R3= 0     2  
   2( 1)    0.732                    1.000 0.000
   2( 2)  487.921                    0.000 1.000

  R CORE   ENERGY   A0R/A00=1.000    R3= 0     2  
   3( 1)  488.652                    0.000 1.000

  R CORE   ENERGY   A0R/A00=1.000    R3= 0     2     4  
   4( 1)    2.438                    1.000 0.000 0.000

  R CORE   ENERGY   A0R/A00=1.000    R3= 0     2     4  
   5( 1)  490.847                    0.000 1.000 0.000

  R CORE   ENERGY   A0R/A00=1.000    R3= 0     2     4     6  
   6( 1)    5.121                    1.000 0.000 0.000 0.000

  R CORE   ENERGY   A0R/A00=1.000    R3= 0     2     4     6  
   7( 1)  494.017                    0.000 1.000 0.000 0.000

          AXIAL SYMMETRY => K RESTRICTED TO OMEGA

                     K
     S.P. ORB#: 25  0.50
     S.P. ORB#: 26  2.50
     S.P. ORB#: 27 -3.50
     S.P. ORB#: 28  0.50
     S.P. ORB#: 29 -1.50
     S.P. ORB#: 30  0.50
     S.P. ORB#: 31 -1.50
     S.P. ORB#: 32 -3.50
     S.P. ORB#: 33  2.50
     S.P. ORB#: 34  4.50
     S.P. ORB#: 35  0.50
     S.P. ORB#: 36 -3.50
     S.P. ORB#: 37 -1.50
     S.P. ORB#: 38  2.50
     S.P. ORB#: 39  0.50
 

             ENERGY    K= OMEGA
 
 I=  1/2- (1)  2.490  30: 0.998
 
 I=  1/2- (2)  4.038  25:-0.075
                      39:-0.997
 
 I=  1/2- (3)  5.574  28:-0.320
                      35: 0.947
 
 I=  1/2- (4)  5.849  25: 0.996
                      39:-0.073
 
 I=  1/2- (5)  8.815  28:-0.947
                      35:-0.320

             ENERGY    K= OMEGA
 
 I=  3/2- (1)  2.362  25: 0.095
                      30:-0.175
                      31: 0.977
                      37: 0.052
                      39:-0.057
 
 I=  3/2- (2)  2.512  25:-0.188
                      30:-0.920
                      31:-0.124
                      37:-0.298
                      39: 0.117

             ENERGY    K= OMEGA
 
 I=  5/2- (1)  2.460  25:-0.254
                      30: 0.464
                      31: 0.794
                      37:-0.101
                      38:-0.241
                      39: 0.142
 
 I=  5/2- (2)  3.370  26: 0.062
                      30:-0.708
                      31: 0.449
                      37: 0.520
                      38:-0.145
 
 I=  5/2- (3)  3.720  25:-0.096
                      30: 0.226
                      31: 0.128
                      37: 0.436
                      38: 0.847
                      39: 0.116
 
 I=  5/2- (4)  4.362  26: 0.096
                      30: 0.411
                      31:-0.320
                      37: 0.701
                      38:-0.450
                      39: 0.161
 
 I=  5/2- (5)  4.837  25: 0.055
                      26:-0.896
                      39: 0.436

             ENERGY    K= OMEGA
 
 I=  7/2- (1)  1.722  26:-0.182
                      32: 0.982
 
 I=  7/2- (2)  3.308  25:-0.225
                      31:-0.884
                      38:-0.388
                      39: 0.119
 
 I=  7/2- (3)  3.423  25:-0.235
                      30:-0.866
                      37:-0.395
                      38: 0.128
                      39: 0.141
 
 I=  7/2- (4)  3.702  28: 0.688
                      29: 0.585
                      33: 0.393
                      36: 0.172
 
 I=  7/2- (5)  4.349  26:-0.208
                      27:-0.926
                      30:-0.114
                      31: 0.124
                      37: 0.120
                      38:-0.237

             ENERGY    K= OMEGA
 
 I=  9/2- (1)  1.961  26:-0.080
                      27: 0.177
                      32:-0.281
                      34:-0.940
 
 I=  9/2- (2)  2.713  26: 0.248
                      27: 0.093
                      31: 0.055
                      32: 0.920
                      34:-0.279
                      38:-0.051
 
 I=  9/2- (3)  3.470  25:-0.360
                      30: 0.498
                      31: 0.701
                      32:-0.070
                      37:-0.153
                      38:-0.264
                      39: 0.178
 
 I=  9/2- (4)  4.660  28: 0.218
                      29:-0.556
                      33: 0.675
                      36:-0.434
 
 I=  9/2- (5)  5.214  26: 0.103
                      30:-0.597
                      31: 0.481
                      32:-0.057
                      37: 0.598
                      38:-0.190

             ENERGY    K= OMEGA
 
 I= 11/2- (1)  3.072  26: 0.134
                      27: 0.240
                      32:-0.378
                      34: 0.884
 
 I= 11/2- (2)  3.081  28:-0.663
                      29:-0.580
                      33:-0.416
                      35:-0.060
                      36:-0.216
 
 I= 11/2- (3)  3.937  26: 0.289
                      27:-0.137
                      31:-0.067
                      32:-0.863
                      34:-0.377
                      38:-0.065
 
 I= 11/2- (4)  5.128  25:-0.379
                      30:-0.422
                      31:-0.719
                      32: 0.093
                      37:-0.149
                      38:-0.303
                      39: 0.194
 
 I= 11/2- (5)  5.297  25:-0.110
                      30:-0.715
                      31: 0.429
                      37:-0.402
                      38: 0.351
                      39: 0.075

             ENERGY    K= OMEGA
 
 I= 13/2- (1)  4.405  26:-0.181
                      27: 0.280
                      32:-0.439
                      34:-0.834
 
 I= 13/2- (2)  5.116  28: 0.216
                      29:-0.549
                      33: 0.670
                      36:-0.450
 
 I= 13/2- (3)  5.294  25:-0.335
                      26: 0.199
                      27: 0.122
                      30: 0.387
                      31: 0.536
                      32: 0.480
                      34:-0.277
                      37:-0.110
                      38:-0.232
                      39: 0.153
 
 I= 13/2- (4)  5.467  25: 0.264
                      26: 0.245
                      27: 0.129
                      30:-0.325
                      31:-0.384
                      32: 0.663
                      34:-0.343
                      37: 0.122
                      38: 0.113
                      39:-0.120
 
 I= 13/2- (5)  8.028  26: 0.122
                      27:-0.085
                      30:-0.504
                      31: 0.473
                      32:-0.098
                      37: 0.683
                      38:-0.099
                      39: 0.116

             ENERGY     K= 1/2
  32 LEVELS    TIME=  0.0 SEC



 ******************* EXCITATION ENERGIES, DOMINANT CONFIGURATION AND EXPECTATION VALUES (WITH S.P. UU+VV FACTORS) *******************

  NR  Eex(keV)  I   Kdom  NY    <Jz>  <Jx**2> <Jy**2> <Jz**2> <I.j>/|I|  <Rx**2> <Ry**2> <Rz**2> <R.j>/|R|  <HROTx> <HROTy> <HROTz>

   1    0.0   7/2-  -7/2  32   -3.30    2.31    2.31   12.04    3.31       3.07    3.07    0.00   -1.42      0.374   0.374   0.000
   2  238.7   9/2-   9/2  34    3.61    2.52    2.52   19.28    4.22       3.55    3.55    0.00   -1.25      0.433   0.433   0.000
   3  639.6   3/2-  -3/2  31   -1.41    4.79    4.79    2.16    1.44       4.95    4.95    0.00   -2.84      0.604   0.604   0.000
   4  737.7   5/2-  -3/2  31   -0.66    4.93    4.93    1.89    2.16       3.86    3.86    0.00   -1.93      0.471   0.471   0.000
   5  767.9   1/2-   1/2  30    0.50    4.86    4.86    0.25    0.29       5.11    5.11    0.00   -3.04      0.623   0.623   0.000
  
   6  790.1   3/2-   1/2  30    0.29    4.29    4.29    0.46    1.18       4.12    4.12    0.00   -2.36      0.502   0.502   0.000
   7  991.4   9/2-  -7/2  32   -2.48    2.40    2.40   12.45    2.86       6.77    6.77    0.00   -0.82      0.825   0.825   0.000
   8 1350.3  11/2-   9/2  34    2.86    2.72    2.72   18.39    3.66       7.89    7.89    0.00   -0.49      0.963   0.963   0.001
   9 1359.0  11/2-   1/2  28   -0.01   23.87   23.87    2.52    6.22       5.81    5.81    0.00   -3.83      0.709   0.709   0.000
  10 1585.7   7/2-  -3/2  31   -0.77    4.43    4.43    2.75    1.68       7.03    7.03    0.00   -1.32      0.857   0.857   0.000
  
  11 1647.7   5/2-   1/2  30   -0.39    3.78    3.78    1.34    0.63       6.98    6.98    0.00   -1.89      0.851   0.851   0.000
  12 1701.0   7/2-   1/2  30    0.22    4.07    4.07    0.67    1.33       7.00    7.00    0.00   -0.94      0.853   0.853   0.000
  13 1748.0   9/2-  -3/2  31   -0.41    5.06    5.06    1.76    2.31       6.85    6.85    0.00   -0.11      0.836   0.836   0.000
  14 1980.3   7/2-   1/2  28    0.01   23.52   23.52    2.22    6.10       8.30    8.30    0.00   -6.15      1.012   1.012   0.000
  15 1997.7   5/2-   5/2  38    1.53    2.05    2.05    4.98    1.84       3.48    3.48    0.00   -1.38      0.424   0.424   0.000
  
  16 2214.9  11/2-  -7/2  32   -1.82    2.49    2.49   12.81    2.56      11.46   11.46    0.00   -0.52      1.398   1.398   0.000
  17 2316.1   1/2-   1/2  39    0.50    1.55    1.55    0.25    0.72       1.43    1.43    0.00   -1.62      0.175   0.175   0.000
  18 2626.6   7/2-  -7/2  27   -2.79    5.83    5.83   11.20    2.97       7.51    7.51   -0.00   -2.86      0.916   0.916  -0.000
  19 2639.9   5/2-  -3/2  37   -0.26    2.84    2.84    2.71    0.19       8.02    8.02    0.00   -1.96      0.977   0.977   0.000
  20 2682.7  13/2-   9/2  34    2.26    2.90    2.90   17.61    3.28      13.14   13.14    0.00   -0.09      1.602   1.602   0.000
  
  21 2937.6   9/2-   5/2  33    0.04   24.28   24.28    5.86    5.25      13.47   13.47    0.00   -5.45      1.642   1.642   0.000
  22 3114.9   5/2-   5/2  26    2.10    5.16    5.16    5.07    1.78       6.82    6.82   -0.00   -2.74      0.831   0.831  -0.000
  23 3393.8  13/2-   5/2  33   -0.01   24.27   24.27    5.97    5.21      15.28   15.28    0.00   -3.29      1.863   1.863   0.000
  24 3406.5  11/2-  -3/2  31   -0.43    4.36    4.36    2.00    1.66      13.29   13.29    0.00   -0.15      1.621   1.621   0.000
  25 3492.3   9/2-  -3/2  37   -0.61    3.40    3.40    1.77    0.57      13.85   13.85    0.00   -1.09      1.688   1.688   0.000
  
  26 3572.5  13/2-  -3/2  31   -0.59    4.23    4.23    5.89    2.41      14.72   14.72    0.00    0.46      1.794   1.794   0.000
  27 3575.5  11/2-   1/2  30    0.05    3.97    3.97    1.72    1.35      14.64   14.64    0.00   -0.30      1.785   1.785   0.000
  28 3744.8  13/2-  -7/2  32   -1.03    3.55    3.55    8.85    2.28      16.40   16.40    0.00   -0.00      2.000   2.000   0.000
  29 3852.4   1/2-   1/2  35    0.50   12.29   12.29    0.25   -1.27      13.89   13.89   -0.00   -4.92      1.694   1.694  -0.000
  30 4126.8   1/2-   1/2  25    0.50    6.73    6.73    0.25    0.65       6.67    6.67   -0.00   -3.60      0.813   0.813  -0.000
  
  31 6306.3  13/2-  -3/2  37   -0.90    3.03    3.03    1.99    0.52      24.74   24.74    0.00   -0.63      3.017   3.017   0.000
  32 7093.5   1/2-   1/2  28    0.50   23.91   23.91    0.25   -3.52      27.45   27.45    0.00   -6.90      3.347   3.347   0.000
