1SPECTRUM OF (Z= 82 A=207) IN PARTICLE-ROTOR  MODEL WITH MODIFIED OSCILLATOR POTENTIAL


 PARITY=-   EPS= 0.318   GAMMA=  0.0   EPS4=0.000   EPS6=0.000   LEVELS:  26  27  28  29  30  31  32  33  34  35  36  37  38  39  40

 PAIRING FACTORS: GN0= 19.20  GN1=  7.40  IPAIR= 15 ***  E2PLUS(INPUT)=   0.730  E2PLUR(INPUT)=   0.000

 CORIOLIS ATTENUATION PARAMETERS:  CHSI=1.000  ETA=  1.00

 MOMENT OF INERTIA PARAMETERS:   A1=  0.122 MEV   A2=  0.122 MEV   A3=121.91923 MEV


 DELTA=0.935 MEV  LAMBDA=53.2997 MEV   HW0= 7.5022 MEV   LAMBDA/HW0= 7.1045

 E2ENERGY=0.730 MEV  HBAR**2/B=18750./A**(7/3)=3169.7/A**2 MEV

 IREC=0  =>  RECOIL TERMS j+j-, j+j+, jzjz, ETC TREATED AS ONE-BODY OPERATORS WITH UU+VV PAIRING FACTORS



 S. P. LEVEL   EQP       U     V        (UU + VV)**1.00

     26       3.261    0.145 0.989      1.000 1.000 0.980 0.975 0.962 0.927 0.902 0.779 0.548 0.345 0.334 0.323 0.304 0.287 0.257
     27       2.705    0.176 0.984      1.000 1.000 0.985 0.982 0.970 0.938 0.915 0.798 0.574 0.374 0.363 0.352 0.333 0.317 0.287
     28       1.461    0.340 0.940      0.980 0.985 1.000 1.000 0.997 0.983 0.970 0.889 0.705 0.526 0.516 0.506 0.489 0.473 0.446
     29       1.391    0.360 0.933      0.975 0.982 1.000 1.000 0.999 0.987 0.975 0.898 0.720 0.544 0.534 0.525 0.507 0.492 0.465
     30       1.253    0.409 0.913      0.962 0.970 0.997 0.999 1.000 0.994 0.986 0.920 0.755 0.587 0.578 0.569 0.552 0.537 0.510
     31       1.070    0.506 0.862      0.927 0.938 0.983 0.987 0.994 1.000 0.998 0.957 0.822 0.673 0.664 0.655 0.640 0.626 0.602
     32       1.010    0.557 0.830      0.902 0.915 0.970 0.975 0.986 0.998 1.000 0.973 0.855 0.716 0.707 0.699 0.685 0.672 0.648
     33       0.937    0.734 0.679      0.779 0.798 0.889 0.898 0.920 0.957 0.973 1.000 0.952 0.857 0.851 0.845 0.835 0.825 0.807
     34       1.223    0.907 0.421      0.548 0.574 0.705 0.720 0.755 0.822 0.855 0.952 1.000 0.974 0.971 0.969 0.963 0.959 0.949
     35       2.327    0.979 0.205      0.345 0.374 0.526 0.544 0.587 0.673 0.716 0.857 0.974 1.000 1.000 1.000 0.999 0.998 0.996
     36       2.458    0.981 0.194      0.334 0.363 0.516 0.534 0.578 0.664 0.707 0.851 0.971 1.000 1.000 1.000 1.000 0.999 0.997
     37       2.601    0.983 0.183      0.323 0.352 0.506 0.525 0.569 0.655 0.699 0.845 0.969 1.000 1.000 1.000 1.000 0.999 0.998
     38       2.910    0.987 0.163      0.304 0.333 0.489 0.507 0.552 0.640 0.685 0.835 0.963 0.999 1.000 1.000 1.000 1.000 0.999
     39       3.254    0.989 0.145      0.287 0.317 0.473 0.492 0.537 0.626 0.672 0.825 0.959 0.998 0.999 0.999 1.000 1.000 1.000
     40       4.109    0.993 0.114      0.257 0.287 0.446 0.465 0.510 0.602 0.648 0.807 0.949 0.996 0.997 0.998 0.999 1.000 1.000

  R CORE   ENERGY   A0R/A00=1.000    R3= 0     2  
   2( 1)    0.732                    1.000 0.000
   2( 2)  487.921                    0.000 1.000

  R CORE   ENERGY   A0R/A00=1.000    R3= 0     2  
   3( 1)  488.652                    0.000 1.000

  R CORE   ENERGY   A0R/A00=1.000    R3= 0     2     4  
   4( 1)    2.438                    1.000 0.000 0.000

  R CORE   ENERGY   A0R/A00=1.000    R3= 0     2     4  
   5( 1)  490.847                    0.000 1.000 0.000

  R CORE   ENERGY   A0R/A00=1.000    R3= 0     2     4     6  
   6( 1)    5.121                    1.000 0.000 0.000 0.000

  R CORE   ENERGY   A0R/A00=1.000    R3= 0     2     4     6  
   7( 1)  494.017                    0.000 1.000 0.000 0.000

          AXIAL SYMMETRY => K RESTRICTED TO OMEGA

                     K
     S.P. ORB#: 26  2.50
     S.P. ORB#: 27 -3.50
     S.P. ORB#: 28  0.50
     S.P. ORB#: 29  0.50
     S.P. ORB#: 30 -1.50
     S.P. ORB#: 31 -3.50
     S.P. ORB#: 32 -1.50
     S.P. ORB#: 33  4.50
     S.P. ORB#: 34  2.50
     S.P. ORB#: 35 -1.50
     S.P. ORB#: 36 -3.50
     S.P. ORB#: 37  2.50
     S.P. ORB#: 38  0.50
     S.P. ORB#: 39  0.50
     S.P. ORB#: 40  4.50
 

             ENERGY    K= OMEGA
 
 I=  1/2- (1)  2.614  29: 0.999
                      39: 0.054
 
 I=  1/2- (2)  3.598  29: 0.054
                      39:-0.999
 
 I=  1/2- (3)  6.115  28: 0.476
                      38:-0.879
 
 I=  1/2- (4)  8.789  28: 0.879
                      38: 0.476
 
 I=  1/2- (5)147.313  32:-1.000

             ENERGY    K= OMEGA
 
 I=  3/2- (1)  2.489  29: 0.391
                      30:-0.920
 
 I=  3/2- (2)  2.643  29:-0.653
                      30:-0.278
                      35:-0.688
                      39: 0.155

             ENERGY    K= OMEGA
 
 I=  5/2- (1)  2.729  29:-0.381
                      30:-0.720
                      35: 0.220
                      37: 0.506
                      39:-0.179
 
 I=  5/2- (2)  3.239  26:-0.066
                      29: 0.411
                      30:-0.461
                      35:-0.779
                      39:-0.079
 
 I=  5/2- (3)  3.434  29: 0.504
                      30: 0.252
                      35: 0.056
                      37: 0.793
                      39: 0.223
 
 I=  5/2- (4)  4.154  29: 0.569
                      30:-0.439
                      35: 0.545
                      37:-0.337
                      39: 0.271
 
 I=  5/2- (5)  4.519  26:-0.057
                      29:-0.329
                      30:-0.112
                      35:-0.196
                      39: 0.915

             ENERGY    K= OMEGA
 
 I=  7/2- (1)  1.857  26:-0.201
                      27: 0.054
                      31: 0.977
 
 I=  7/2- (2)  3.316  29:-0.455
                      30: 0.620
                      35:-0.348
                      37: 0.534
 
 I=  7/2- (3)  3.382  28:-0.726
                      32:-0.578
                      34:-0.344
                      36:-0.141
 
 I=  7/2- (4)  3.857  26: 0.060
                      29:-0.541
                      30:-0.499
                      35:-0.572
                      37:-0.254
                      39: 0.248
 
 I=  7/2- (5)  4.330  26:-0.124
                      27:-0.345
                      29:-0.441
                      30: 0.420
                      35: 0.319
                      37:-0.626

             ENERGY    K= OMEGA
 
 I=  9/2- (1)  1.808  26:-0.069
                      27: 0.204
                      31:-0.214
                      33:-0.953
 
 I=  9/2- (2)  2.796  26: 0.276
                      27: 0.090
                      31: 0.932
                      33:-0.210
 
 I=  9/2- (3)  4.080  29: 0.418
                      30: 0.643
                      35:-0.307
                      37:-0.509
                      39: 0.236
 
 I=  9/2- (4)  4.337  28: 0.206
                      32:-0.530
                      34: 0.633
                      36:-0.479
                      40: 0.215
 
 I=  9/2- (5)  5.059  26:-0.099
                      27: 0.054
                      29: 0.360
                      30:-0.493
                      31: 0.060
                      35:-0.760
                      37: 0.051
                      39:-0.175

             ENERGY    K= OMEGA
 
 I= 11/2- (1)  2.609  28: 0.660
                      32: 0.568
                      34: 0.407
                      36: 0.249
                      38: 0.054
                      40: 0.106
 
 I= 11/2- (2)  2.877  26:-0.118
                      27:-0.277
                      31: 0.297
                      33:-0.906
 
 I= 11/2- (3)  3.967  26:-0.324
                      27: 0.128
                      31: 0.887
                      33: 0.294
                      37: 0.057
 
 I= 11/2- (4)  5.206  29:-0.482
                      30: 0.569
                      35:-0.405
                      37: 0.524
 
 I= 11/2- (5)  5.719  28: 0.489
                      32: 0.096
                      34:-0.431
                      36:-0.623
                      40:-0.420

             ENERGY    K= OMEGA
 
 I= 13/2- (1)  4.165  26:-0.161
                      27: 0.323
                      31:-0.353
                      33:-0.863
 
 I= 13/2- (2)  4.253  28:-0.175
                      32: 0.466
                      34:-0.611
                      36: 0.538
                      40:-0.297
 
 I= 13/2- (3)  5.370  26: 0.355
                      27: 0.163
                      30: 0.067
                      31: 0.845
                      33:-0.351
                      37:-0.073
 
 I= 13/2- (4)  6.423  29:-0.436
                      30:-0.613
                      31: 0.064
                      33:-0.050
                      35: 0.330
                      37: 0.489
                      39:-0.278
 
 I= 13/2- (5)  7.850  26:-0.098
                      27: 0.065
                      29: 0.284
                      30:-0.481
                      31: 0.097
                      35:-0.757
                      39:-0.301

             ENERGY     K= 9/2
  32 LEVELS    TIME=  0.0 SEC



 ******************* EXCITATION ENERGIES, DOMINANT CONFIGURATION AND EXPECTATION VALUES (WITH S.P. UU+VV FACTORS) *******************

  NR  Eex(keV)  I   Kdom  NY    <Jz>  <Jx**2> <Jy**2> <Jz**2> <I.j>/|I|  <Rx**2> <Ry**2> <Rz**2> <R.j>/|R|  <HROTx> <HROTy> <HROTz>

   1    0.0   9/2-   9/2  33    3.79    2.55    2.55   19.48    4.32       3.20    3.20   -0.00   -1.23      0.390   0.390  -0.000
   2   48.5   7/2-  -7/2  31   -3.25    2.31    2.31   12.00    3.36       2.84    2.84    0.00   -1.37      0.346   0.346   0.000
   3  680.8   3/2-  -3/2  30   -1.19    4.67    4.67    1.94    1.31       4.97    4.97    0.00   -2.77      0.606   0.606   0.000
   4  800.7  11/2-   1/2  28   -0.02   24.75   24.75    2.86    6.52       5.07    5.07    0.00   -4.20      0.618   0.618   0.000
   5  805.9   1/2-   1/2  29    0.50    4.67    4.67    0.25    0.21       4.99    4.99   -0.00   -2.98      0.609   0.609  -0.000
  
   6  835.0   3/2-  -3/2  35   -0.60    3.01    3.01    1.35    1.23       3.18    3.18    0.00   -1.98      0.388   0.388   0.000
   7  920.9   5/2-  -3/2  30   -0.12    3.84    3.84    2.92    1.89       4.08    4.08    0.00   -1.75      0.497   0.497   0.000
   8  988.4   9/2-  -7/2  31   -2.68    2.42    2.42   12.12    2.92       6.35    6.35    0.00   -0.69      0.774   0.774   0.000
   9 1069.1  11/2-   9/2  33    3.15    2.78    2.78   18.74    3.81       7.22    7.22    0.00   -0.39      0.880   0.880   0.000
  10 1431.3   5/2-  -3/2  35   -1.13    2.56    2.56    1.92    0.89       5.28    5.28    0.00   -1.36      0.644   0.644   0.000
  
  11 1508.0   7/2-  -3/2  30    0.05    3.66    3.66    3.00    1.72       6.22    6.22    0.00   -1.00      0.759   0.759   0.000
  12 1574.1   7/2-   1/2  28   -0.01   24.36   24.36    1.87    6.21       8.53    8.53    0.00   -6.28      1.040   1.040   0.000
  13 1625.8   5/2-   5/2  37    1.63    2.70    2.70    4.16    1.44       4.90    4.90    0.00   -1.70      0.597   0.597   0.000
  14 1790.2   1/2-   1/2  39    0.50    1.54    1.54    0.25    0.70       1.43    1.43    0.00   -1.61      0.175   0.175   0.000
  15 2049.1   7/2-  -3/2  35   -0.52    3.04    3.04    1.83    0.92       8.18    8.18    0.00   -1.05      0.997   0.997   0.000
  
  16 2158.5  11/2-  -7/2  31   -2.16    2.51    2.51   12.26    2.62      10.85   10.85    0.00   -0.35      1.323   1.323   0.000
  17 2272.1   9/2-  -3/2  30   -0.01    3.67    3.67    2.86    1.67       9.18    9.18    0.00   -0.45      1.120   1.120   0.000
  18 2345.8   5/2-   1/2  29   -0.25    3.50    3.50    1.92   -0.11       9.17    9.17    0.00   -2.16      1.118   1.118   0.000
  19 2356.7  13/2-   9/2  33    2.62    2.98    2.98   18.05    3.47      12.16   12.16    0.00    0.04      1.483   1.483   0.000
  20 2444.5  13/2-   5/2  34    0.00   24.31   24.31    8.17    6.11      10.07   10.07    0.00   -3.14      1.228   1.228   0.000
  
  21 2521.8   7/2-   5/2  37    0.28    3.31    3.31    4.68    1.13       9.05    9.05    0.00   -1.61      1.104   1.104   0.000
  22 2529.4   9/2-   5/2  34    0.01   24.57   24.57    6.89    5.86      11.26   11.26    0.00   -5.67      1.373   1.373   0.000
  23 2710.5   5/2-   1/2  39    0.40    1.81    1.81    0.37    0.04       6.26    6.26    0.00   -1.10      0.763   0.763   0.000
  24 3251.3   9/2-  -3/2  35   -1.14    2.54    2.54    2.05    0.66      12.63   12.63    0.00   -0.76      1.540   1.540   0.000
  25 3398.4  11/2-  -3/2  30    0.07    3.58    3.58    2.94    1.52      13.83   13.83    0.00   -0.19      1.686   1.686   0.000
  
  26 3562.4  13/2-  -7/2  31   -1.72    2.60    2.60   12.39    2.41      16.35   16.35    0.00   -0.13      1.993   1.993   0.000
  27 3911.0  11/2-  -7/2  36    0.01   23.28   23.28    9.56    5.32      14.15   14.15    0.00   -4.58      1.725   1.725   0.000
  28 4306.8   1/2-   1/2  38    0.50   12.53   12.53    0.25   -1.69      14.49   14.49    0.00   -4.97      1.767   1.767   0.000
  29 4615.3  13/2-  -3/2  30    0.00    3.62    3.62    2.77    1.54      18.65   18.65    0.00    0.12      2.274   2.274   0.000
  30 6041.7  13/2-  -3/2  35   -1.14    2.36    2.36    2.09    0.59      23.64   23.64    0.00   -0.39      2.882   2.882   0.000
  
  31 6981.2   1/2-   1/2  28    0.50   25.12   25.12    0.25   -3.56      28.71   28.71    0.00   -7.07      3.500   3.500   0.000
  32*******   1/2-  -3/2  32    0.00    0.00    0.00    0.00   -0.00       0.00    0.00    0.00   -0.00      0.000   0.000   0.000
