1SPECTRUM OF (Z= 82 A=207) IN PARTICLE-ROTOR  MODEL WITH MODIFIED OSCILLATOR POTENTIAL


 PARITY=-   EPS= 0.329   GAMMA=  0.0   EPS4=0.000   EPS6=0.000   LEVELS:  24  25  26  27  28  29  30  31  32  33  34  35  36  37  38

 PAIRING FACTORS: GN0= 19.20  GN1=  7.40  IPAIR= 15 ***  E2PLUS(INPUT)=   0.730  E2PLUR(INPUT)=   0.000

 CORIOLIS ATTENUATION PARAMETERS:  CHSI=1.000  ETA=  1.00

 MOMENT OF INERTIA PARAMETERS:   A1=  0.122 MEV   A2=  0.122 MEV   A3=121.91924 MEV


 DELTA=0.922 MEV  LAMBDA=53.3202 MEV   HW0= 7.5091 MEV   LAMBDA/HW0= 7.1008

 E2ENERGY=0.730 MEV  HBAR**2/B=20070./A**(7/3)=3392.8/A**2 MEV

 IREC=0  =>  RECOIL TERMS j+j-, j+j+, jzjz, ETC TREATED AS ONE-BODY OPERATORS WITH UU+VV PAIRING FACTORS



 S. P. LEVEL   EQP       U     V        (UU + VV)**1.00

     24       4.757    0.097 0.995      1.000 1.000 0.999 0.997 0.981 0.960 0.943 0.919 0.877 0.688 0.545 0.292 0.285 0.270 0.266
     25       4.174    0.111 0.994      1.000 1.000 0.999 0.998 0.983 0.964 0.947 0.925 0.883 0.698 0.557 0.305 0.298 0.283 0.279
     26       3.189    0.146 0.989      0.999 0.999 1.000 0.999 0.989 0.973 0.958 0.938 0.899 0.723 0.586 0.338 0.332 0.317 0.313
     27       2.632    0.178 0.984      0.997 0.998 0.999 1.000 0.993 0.980 0.967 0.948 0.913 0.745 0.612 0.369 0.362 0.347 0.343
     28       1.657    0.291 0.957      0.981 0.983 0.989 0.993 1.000 0.996 0.990 0.979 0.954 0.817 0.699 0.474 0.467 0.454 0.449
     29       1.336    0.372 0.928      0.960 0.964 0.973 0.980 0.996 1.000 0.998 0.993 0.976 0.864 0.758 0.548 0.542 0.528 0.524
     30       1.202    0.423 0.906      0.943 0.947 0.958 0.967 0.990 0.998 1.000 0.998 0.987 0.891 0.794 0.594 0.588 0.575 0.572
     31       1.093    0.481 0.877      0.919 0.925 0.938 0.948 0.979 0.993 0.998 1.000 0.995 0.918 0.831 0.644 0.639 0.627 0.623
     32       0.990    0.564 0.826      0.877 0.883 0.899 0.913 0.954 0.976 0.987 0.995 1.000 0.952 0.881 0.716 0.711 0.700 0.696
     33       0.951    0.789 0.614      0.688 0.698 0.723 0.745 0.817 0.864 0.891 0.918 0.952 1.000 0.983 0.895 0.892 0.884 0.882
     34       1.126    0.887 0.461      0.545 0.557 0.586 0.612 0.699 0.758 0.794 0.831 0.881 0.983 1.000 0.961 0.959 0.954 0.953
     35       2.384    0.980 0.197      0.292 0.305 0.338 0.369 0.474 0.548 0.594 0.644 0.716 0.895 0.961 1.000 1.000 1.000 1.000
     36       2.468    0.982 0.190      0.285 0.298 0.332 0.362 0.467 0.542 0.588 0.639 0.711 0.892 0.959 1.000 1.000 1.000 1.000
     37       2.676    0.985 0.175      0.270 0.283 0.317 0.347 0.454 0.528 0.575 0.627 0.700 0.884 0.954 1.000 1.000 1.000 1.000
     38       2.746    0.985 0.170      0.266 0.279 0.313 0.343 0.449 0.524 0.572 0.623 0.696 0.882 0.953 1.000 1.000 1.000 1.000

  R CORE   ENERGY   A0R/A00=1.000    R3= 0     2  
   2( 1)    0.732                    1.000 0.000
   2( 2)  487.921                    0.000 1.000

  R CORE   ENERGY   A0R/A00=1.000    R3= 0     2  
   3( 1)  488.652                    0.000 1.000

  R CORE   ENERGY   A0R/A00=1.000    R3= 0     2     4  
   4( 1)    2.438                    1.000 0.000 0.000

  R CORE   ENERGY   A0R/A00=1.000    R3= 0     2     4  
   5( 1)  490.847                    0.000 1.000 0.000

  R CORE   ENERGY   A0R/A00=1.000    R3= 0     2     4     6  
   6( 1)    5.121                    1.000 0.000 0.000 0.000

  R CORE   ENERGY   A0R/A00=1.000    R3= 0     2     4     6  
   7( 1)  494.017                    0.000 1.000 0.000 0.000

          AXIAL SYMMETRY => K RESTRICTED TO OMEGA

                     K
     S.P. ORB#: 24 -5.50
     S.P. ORB#: 25  0.50
     S.P. ORB#: 26  2.50
     S.P. ORB#: 27 -3.50
     S.P. ORB#: 28  0.50
     S.P. ORB#: 29  0.50
     S.P. ORB#: 30 -1.50
     S.P. ORB#: 31 -1.50
     S.P. ORB#: 32 -3.50
     S.P. ORB#: 33  4.50
     S.P. ORB#: 34  2.50
     S.P. ORB#: 35 -3.50
     S.P. ORB#: 36 -1.50
     S.P. ORB#: 37  0.50
     S.P. ORB#: 38  2.50
 

             ENERGY    K= OMEGA
 
 I=  1/2- (1)  2.569  29: 0.999
 
 I=  1/2- (2)  5.736  25: 0.999
 
 I=  1/2- (3)  5.969  28:-0.417
                      37: 0.909
 
 I=  1/2- (4)  8.745  28: 0.909
                      37: 0.417
 
 I=  1/2- (5)147.396  31: 1.000

             ENERGY    K= OMEGA
 
 I=  3/2- (1)  2.435  25:-0.097
                      29: 0.192
                      30:-0.974
                      36:-0.075
 
 I=  3/2- (2)  2.566  25:-0.191
                      29:-0.864
                      30:-0.117
                      36:-0.451

             ENERGY    K= OMEGA
 
 I=  5/2- (1)  2.531  25:-0.262
                      29: 0.451
                      30: 0.772
                      36:-0.154
                      38:-0.329
 
 I=  5/2- (2)  3.307  26:-0.066
                      29: 0.552
                      30:-0.440
                      36:-0.703
                      38: 0.053
 
 I=  5/2- (3)  3.485  25:-0.141
                      29: 0.368
                      30: 0.158
                      36: 0.254
                      38: 0.869
 
 I=  5/2- (4)  4.225  26:-0.056
                      29:-0.560
                      30: 0.371
                      36:-0.640
                      38: 0.366
 
 I=  5/2- (5)  4.974  26: 0.996
                      36:-0.086

             ENERGY    K= OMEGA
 
 I=  7/2- (1)  1.787  26: 0.196
                      27:-0.051
                      32:-0.979
 
 I=  7/2- (2)  3.325  25: 0.116
                      29:-0.289
                      30: 0.778
                      36:-0.207
                      38: 0.503
 
 I=  7/2- (3)  3.477  28:-0.717
                      31:-0.581
                      34:-0.354
                      35:-0.149
 
 I=  7/2- (4)  3.505  25:-0.320
                      29:-0.766
                      30:-0.328
                      36:-0.447
 
 I=  7/2- (5)  4.375  26: 0.173
                      27: 0.572
                      29: 0.330
                      30:-0.348
                      36:-0.336
                      38: 0.547

             ENERGY    K= OMEGA
 
 I=  9/2- (1)  1.838  26:-0.072
                      27: 0.195
                      32:-0.232
                      33:-0.950
 
 I=  9/2- (2)  2.741  26:-0.268
                      27:-0.090
                      32:-0.929
                      33: 0.229
 
 I=  9/2- (3)  3.568  25:-0.374
                      29: 0.490
                      30: 0.687
                      32:-0.058
                      36:-0.204
                      38:-0.320
 
 I=  9/2- (4)  4.603  28: 0.230
                      31:-0.576
                      34: 0.661
                      35:-0.423
 
 I=  9/2- (5)  5.136  26:-0.105
                      27: 0.061
                      29: 0.460
                      30:-0.482
                      32: 0.059
                      36:-0.728
                      38: 0.080

             ENERGY    K= OMEGA
 
 I= 11/2- (1)  2.812  28:-0.683
                      31:-0.579
                      34:-0.394
                      35:-0.202
                      37:-0.056
 
 I= 11/2- (2)  2.921  26:-0.123
                      27:-0.264
                      32: 0.320
                      33:-0.901
 
 I= 11/2- (3)  3.925  26:-0.314
                      27: 0.130
                      30: 0.059
                      32: 0.881
                      33: 0.318
                      38: 0.060
 
 I= 11/2- (4)  5.216  25:-0.189
                      29: 0.198
                      30:-0.769
                      32: 0.072
                      36: 0.217
                      38:-0.528
 
 I= 11/2- (5)  5.353  25: 0.373
                      29: 0.775
                      30: 0.243
                      36: 0.443

             ENERGY    K= OMEGA
 
 I= 13/2- (1)  4.223  26: 0.168
                      27:-0.308
                      32: 0.379
                      33: 0.856
 
 I= 13/2- (2)  4.985  28: 0.221
                      31:-0.560
                      34: 0.663
                      35:-0.445
 
 I= 13/2- (3)  5.319  25: 0.168
                      26:-0.320
                      27:-0.159
                      29:-0.174
                      30:-0.272
                      32:-0.770
                      33: 0.348
                      38: 0.156
 
 I= 13/2- (4)  5.528  25: 0.413
                      26: 0.128
                      29:-0.470
                      30:-0.590
                      32: 0.336
                      33:-0.151
                      36: 0.204
                      38: 0.252
 
 I= 13/2- (5)  7.686  24: 0.998
                      27:-0.053

             ENERGY     K= 5/2
  32 LEVELS    TIME=  0.0 SEC



 ******************* EXCITATION ENERGIES, DOMINANT CONFIGURATION AND EXPECTATION VALUES (WITH S.P. UU+VV FACTORS) *******************

  NR  Eex(keV)  I   Kdom  NY    <Jz>  <Jx**2> <Jy**2> <Jz**2> <I.j>/|I|  <Rx**2> <Ry**2> <Rz**2> <R.j>/|R|  <HROTx> <HROTy> <HROTz>

   1    0.0   7/2-  -7/2  32   -3.26    2.31    2.31   12.01    3.35       2.90    2.90    0.00   -1.39      0.354   0.354   0.000
   2   50.4   9/2-   9/2  33    3.75    2.54    2.54   19.44    4.28       3.32    3.32   -0.00   -1.24      0.405   0.405  -0.000
   3  647.7   3/2-  -3/2  30   -1.41    4.68    4.68    2.16    1.41       4.89    4.89   -0.00   -2.80      0.597   0.597  -0.000
   4  743.6   5/2-  -3/2  30   -0.52    4.70    4.70    2.14    2.18       3.69    3.69    0.00   -1.87      0.450   0.450   0.000
   5  779.2   3/2-   1/2  29    0.07    3.91    3.91    0.68    1.26       3.68    3.68   -0.00   -2.23      0.449   0.449  -0.000
  
   6  781.3   1/2-   1/2  29    0.50    4.77    4.77    0.25    0.28       5.03    5.03   -0.00   -3.01      0.614   0.614  -0.000
   7  953.4   9/2-  -7/2  32   -2.63    2.42    2.42   12.20    2.90       6.46    6.46    0.00   -0.72      0.788   0.788   0.000
   8 1024.7  11/2-   1/2  28   -0.02   24.48   24.48    2.34    6.32       5.71    5.71    0.00   -3.99      0.697   0.697   0.000
   9 1133.5  11/2-   9/2  33    3.08    2.76    2.76   18.66    3.77       7.43    7.43   -0.00   -0.43      0.906   0.906  -0.000
  10 1519.9   5/2-  -3/2  36   -0.86    3.00    3.00    1.67    0.80       5.85    5.85   -0.00   -1.55      0.713   0.713  -0.000
  
  11 1538.2   7/2-  -3/2  30   -0.30    4.04    4.04    3.09    1.71       6.67    6.67   -0.00   -1.20      0.813   0.813  -0.000
  12 1690.2   7/2-   1/2  28   -0.01   24.07   24.07    1.94    6.16       8.45    8.45   -0.00   -6.23      1.030   1.030  -0.000
  13 1698.2   5/2-   5/2  38    1.83    2.38    2.38    4.96    1.79       3.93    3.93   -0.00   -1.57      0.479   0.479  -0.000
  14 1717.4   7/2-   1/2  29   -0.11    3.86    3.86    0.89    1.35       6.81    6.81   -0.00   -0.88      0.830   0.830  -0.000
  15 1781.0   9/2-  -3/2  30   -0.33    4.90    4.90    1.94    2.26       7.00    7.00    0.00   -0.13      0.854   0.854   0.000
  
  16 2137.7  11/2-  -7/2  32   -2.07    2.51    2.51   12.40    2.60      11.01   11.01    0.00   -0.39      1.343   1.343   0.000
  17 2435.6  13/2-   9/2  33    2.52    2.95    2.95   17.95    3.41      12.46   12.46   -0.00   -0.00      1.519   1.519  -0.000
  18 2437.6   5/2-  -3/2  36   -0.32    3.34    3.34    2.17   -0.14       9.20    9.20   -0.00   -2.16      1.122   1.122  -0.000
  19 2587.9   7/2-  -7/2  27   -0.62    3.91    3.91    6.62    1.71       8.31    8.31    0.00   -1.88      1.013   1.013   0.000
  20 2816.2   9/2-   5/2  34   -0.00   24.65   24.65    5.68    5.35      13.27   13.27   -0.00   -5.51      1.617   1.617  -0.000
  
  21 3186.7   5/2-   5/2  26    2.47    5.99    5.99    6.22    2.07       7.35    7.35    0.00   -3.15      0.896   0.896   0.000
  22 3197.5  13/2-   5/2  34   -0.04   24.64   24.64    5.89    5.33      14.73   14.73    0.00   -3.31      1.796   1.796   0.000
  23 3348.5   9/2-  -3/2  36   -1.02    2.83    2.83    1.97    0.62      13.10   13.10   -0.00   -0.89      1.597   1.597  -0.000
  24 3428.7  11/2-  -3/2  30   -0.24    3.99    3.99    3.31    1.59      13.99   13.99    0.00   -0.33      1.706   1.706   0.000
  25 3531.6  13/2-  -7/2  32   -1.39    2.95    2.95   11.00    2.41      16.01   16.01    0.00   -0.02      1.952   1.952   0.000
  
  26 3565.7  11/2-   1/2  29   -0.02    3.91    3.91    0.80    1.37      13.96   13.96   -0.00   -0.07      1.703   1.703  -0.000
  27 3740.7  13/2-  -3/2  30   -0.49    4.74    4.74    3.36    2.28      14.89   14.89    0.00    0.56      1.816   1.816   0.000
  28 3948.9   1/2-   1/2  25    0.50    6.51    6.51    0.25    0.67       6.43    6.43    0.00   -3.54      0.784   0.784   0.000
  29 4181.4   1/2-   1/2  37    0.50   12.39   12.39    0.25   -1.54      14.23   14.23    0.00   -4.94      1.735   1.735   0.000
  30 5898.7  13/2- -11/2  24   -5.48    2.76    2.76   30.16    4.32      12.05   12.05    0.00   -1.12      1.470   1.470   0.000
  
  31 6957.6   1/2-   1/2  28    0.50   24.76   24.76    0.25   -3.56      28.34   28.34   -0.00   -7.02      3.455   3.455  -0.000
  32*******   1/2-  -3/2  31    0.00    0.00    0.00    0.00   -0.00       0.00    0.00    0.00   -0.00      0.000   0.000   0.000
