1SPECTRUM OF (Z= 82 A=207) IN PARTICLE-ROTOR  MODEL WITH MODIFIED OSCILLATOR POTENTIAL


 PARITY=-   EPS= 0.233   GAMMA=  0.0   EPS4=0.000   EPS6=0.000   LEVELS:  24  25  26  27  28  29  30  31  32  33  34  35  36  37  38

 PAIRING FACTORS: GN0= 19.20  GN1=  7.40  IPAIR= 15 ***  E2PLUS(INPUT)=   0.730  E2PLUR(INPUT)=   0.000

 CORIOLIS ATTENUATION PARAMETERS:  CHSI=1.000  ETA=  1.00

 MOMENT OF INERTIA PARAMETERS:   A1=  0.122 MEV   A2=  0.122 MEV   A3=121.91924 MEV


 DELTA=0.940 MEV  LAMBDA=53.4563 MEV   HW0= 7.4585 MEV   LAMBDA/HW0= 7.1672

 E2ENERGY=0.730 MEV  HBAR**2/B=10066./A**(7/3)=1701.7/A**2 MEV

 IREC=0  =>  RECOIL TERMS j+j-, j+j+, jzjz, ETC TREATED AS ONE-BODY OPERATORS WITH UU+VV PAIRING FACTORS



 S. P. LEVEL   EQP       U     V        (UU + VV)**1.00

     24       5.190    0.091 0.996      1.000 1.000 1.000 0.999 0.992 0.988 0.984 0.980 0.620 0.535 0.491 0.458 0.352 0.340 0.264
     25       4.135    0.114 0.993      1.000 1.000 1.000 1.000 0.995 0.991 0.988 0.984 0.638 0.555 0.511 0.479 0.374 0.362 0.286
     26       4.019    0.118 0.993      1.000 1.000 1.000 1.000 0.995 0.992 0.988 0.985 0.641 0.558 0.514 0.482 0.378 0.365 0.290
     27       3.479    0.136 0.991      0.999 1.000 1.000 1.000 0.997 0.994 0.991 0.988 0.655 0.573 0.530 0.499 0.395 0.383 0.308
     28       2.212    0.218 0.976      0.992 0.995 0.995 0.997 1.000 1.000 0.999 0.997 0.715 0.639 0.598 0.568 0.469 0.458 0.385
     29       1.977    0.245 0.969      0.988 0.991 0.992 0.994 1.000 1.000 1.000 0.999 0.735 0.660 0.621 0.592 0.494 0.483 0.411
     30       1.814    0.269 0.963      0.984 0.988 0.988 0.991 0.999 1.000 1.000 1.000 0.751 0.679 0.640 0.611 0.515 0.504 0.433
     31       1.701    0.289 0.957      0.980 0.984 0.985 0.988 0.997 0.999 1.000 1.000 0.764 0.693 0.655 0.627 0.533 0.522 0.452
     32       1.028    0.838 0.546      0.620 0.638 0.641 0.655 0.715 0.735 0.751 0.764 1.000 0.995 0.988 0.982 0.953 0.949 0.920
     33       1.158    0.890 0.456      0.535 0.555 0.558 0.573 0.639 0.660 0.679 0.693 0.995 1.000 0.999 0.996 0.979 0.976 0.956
     34       1.258    0.912 0.410      0.491 0.511 0.514 0.530 0.598 0.621 0.640 0.655 0.988 0.999 1.000 0.999 0.988 0.986 0.970
     35       1.350    0.927 0.376      0.458 0.479 0.482 0.499 0.568 0.592 0.611 0.627 0.982 0.996 0.999 1.000 0.993 0.992 0.978
     36       1.834    0.964 0.266      0.352 0.374 0.378 0.395 0.469 0.494 0.515 0.533 0.953 0.979 0.988 0.993 1.000 1.000 0.996
     37       1.918    0.967 0.253      0.340 0.362 0.365 0.383 0.458 0.483 0.504 0.522 0.949 0.976 0.986 0.992 1.000 1.000 0.997
     38       2.729    0.985 0.175      0.264 0.286 0.290 0.308 0.385 0.411 0.433 0.452 0.920 0.956 0.970 0.978 0.996 0.997 1.000

  R CORE   ENERGY   A0R/A00=1.000    R3= 0     2  
   2( 1)    0.732                    1.000 0.000
   2( 2)  487.921                    0.000 1.000

  R CORE   ENERGY   A0R/A00=1.000    R3= 0     2  
   3( 1)  488.652                    0.000 1.000

  R CORE   ENERGY   A0R/A00=1.000    R3= 0     2     4  
   4( 1)    2.438                    1.000 0.000 0.000

  R CORE   ENERGY   A0R/A00=1.000    R3= 0     2     4  
   5( 1)  490.847                    0.000 1.000 0.000

  R CORE   ENERGY   A0R/A00=1.000    R3= 0     2     4     6  
   6( 1)    5.121                    1.000 0.000 0.000 0.000

  R CORE   ENERGY   A0R/A00=1.000    R3= 0     2     4     6  
   7( 1)  494.017                    0.000 1.000 0.000 0.000

          AXIAL SYMMETRY => K RESTRICTED TO OMEGA

                     K
     S.P. ORB#: 24  2.50
     S.P. ORB#: 25  0.50
     S.P. ORB#: 26  2.50
     S.P. ORB#: 27 -3.50
     S.P. ORB#: 28 -3.50
     S.P. ORB#: 29  0.50
     S.P. ORB#: 30 -1.50
     S.P. ORB#: 31  4.50
     S.P. ORB#: 32  0.50
     S.P. ORB#: 33 -1.50
     S.P. ORB#: 34 -1.50
     S.P. ORB#: 35  2.50
     S.P. ORB#: 36  2.50
     S.P. ORB#: 37  0.50
     S.P. ORB#: 38 -3.50
 

             ENERGY    K= OMEGA
 
 I=  1/2- (1)  2.200  25:-0.055
                      37:-0.998
 
 I=  1/2- (2)  3.083  29: 0.999
 
 I=  1/2- (3)  5.455  25: 0.998
                      37:-0.056
 
 I=  1/2- (4)  8.620  32: 1.000
 
 I=  1/2- (5)147.461  33: 1.000

             ENERGY    K= OMEGA
 
 I=  3/2- (1)  1.669  29: 0.190
                      30: 0.101
                      33: 0.973
                      37:-0.066
 
 I=  3/2- (2)  2.769  25: 0.087
                      29: 0.224
                      30: 0.460
                      33:-0.153
                      37:-0.841

             ENERGY    K= OMEGA
 
 I=  5/2- (1)  1.827  25:-0.062
                      29: 0.157
                      30: 0.197
                      33:-0.477
                      35:-0.838
 
 I=  5/2- (2)  2.330  29: 0.189
                      30:-0.200
                      33:-0.839
                      35: 0.462
                      37:-0.073
 
 I=  5/2- (3)  2.780  25:-0.129
                      29: 0.307
                      30: 0.429
                      35: 0.207
                      37: 0.812
 
 I=  5/2- (4)  3.300  24:-0.066
                      25: 0.317
                      29:-0.350
                      30:-0.643
                      33:-0.064
                      35:-0.171
                      37: 0.570
 
 I=  5/2- (5)  4.373  24: 0.064
                      25: 0.075
                      29:-0.817
                      30: 0.499
                      33:-0.250
                      35: 0.101

             ENERGY    K= OMEGA
 
 I=  7/2- (1)  2.472  29: 0.205
                      30:-0.221
                      33: 0.550
                      35:-0.776
 
 I=  7/2- (2)  2.896  24:-0.058
                      25: 0.104
                      26:-0.217
                      27: 0.102
                      28:-0.789
                      29: 0.189
                      30: 0.204
                      33: 0.393
                      35: 0.254
                      37:-0.096
 
 I=  7/2- (3)  3.047  25: 0.162
                      26: 0.094
                      28: 0.557
                      29: 0.300
                      30: 0.295
                      33: 0.542
                      35: 0.397
                      37:-0.158
 
 I=  7/2- (4)  3.353  32: 0.738
                      34: 0.571
                      36: 0.335
                      38: 0.133
 
 I=  7/2- (5)  4.160  24:-0.132
                      25: 0.207
                      27: 0.086
                      30: 0.686
                      33:-0.293
                      35:-0.393
                      37:-0.470

             ENERGY    K= OMEGA
 
 I=  9/2- (1)  2.448  24: 0.068
                      26:-0.065
                      27: 0.274
                      28: 0.164
                      31:-0.940
                      35:-0.052
 
 I=  9/2- (2)  3.134  25:-0.222
                      28:-0.053
                      29: 0.338
                      30: 0.431
                      31: 0.085
                      33:-0.453
                      35:-0.637
                      37: 0.162
 
 I=  9/2- (3)  3.784  24: 0.091
                      26: 0.315
                      27: 0.146
                      28:-0.873
                      29:-0.054
                      30: 0.111
                      31:-0.126
                      33: 0.269
                      35:-0.056
 
 I=  9/2- (4)  4.194  24: 0.067
                      25:-0.203
                      28: 0.258
                      29: 0.104
                      30: 0.464
                      31: 0.053
                      33: 0.620
                      35: 0.118
                      37: 0.509
 
 I=  9/2- (5)  4.347  25: 0.141
                      28: 0.168
                      29:-0.416
                      33: 0.448
                      35:-0.689
                      37:-0.317

             ENERGY    K= OMEGA
 
 I= 11/2- (1)  2.338  32:-0.695
                      34:-0.575
                      36:-0.388
                      38:-0.189
 
 I= 11/2- (2)  3.371  24: 0.116
                      26:-0.103
                      27:-0.377
                      28:-0.212
                      30:-0.054
                      31:-0.883
                      35:-0.072
 
 I= 11/2- (3)  4.424  28:-0.069
                      29:-0.283
                      30: 0.317
                      31:-0.111
                      33:-0.557
                      35: 0.699
 
 I= 11/2- (4)  4.774  24:-0.135
                      25: 0.198
                      26:-0.300
                      27: 0.164
                      28:-0.656
                      29: 0.274
                      30: 0.312
                      31: 0.086
                      33: 0.385
                      35: 0.218
                      37:-0.140
 
 I= 11/2- (5)  5.120  25:-0.256
                      26:-0.212
                      27: 0.078
                      28:-0.598
                      29:-0.356
                      30:-0.358
                      31: 0.165
                      33:-0.344
                      35:-0.295
                      37: 0.193

             ENERGY    K= OMEGA
 
 I= 13/2- (1)  4.477  24: 0.165
                      25:-0.069
                      26:-0.129
                      27: 0.442
                      28: 0.227
                      29: 0.078
                      30: 0.131
                      31:-0.812
                      33:-0.077
                      35:-0.123
 
 I= 13/2- (2)  4.631  32:-0.237
                      34: 0.589
                      36:-0.650
                      38: 0.417
 
 I= 13/2- (3)  5.153  24: 0.058
                      25:-0.341
                      28:-0.118
                      29: 0.419
                      30: 0.516
                      31: 0.221
                      33:-0.346
                      35:-0.458
                      37: 0.209
 
 I= 13/2- (4)  6.179  24: 0.151
                      26: 0.396
                      27: 0.206
                      28:-0.804
                      29:-0.088
                      30: 0.097
                      31:-0.162
                      33: 0.295
 
 I= 13/2- (5)  6.787  24:-0.055
                      25: 0.238
                      28:-0.216
                      29:-0.155
                      30:-0.326
                      33:-0.542
                      35:-0.471
                      37:-0.494

             ENERGY     K=-7/2
  32 LEVELS    TIME=  0.0 SEC



 ******************* EXCITATION ENERGIES, DOMINANT CONFIGURATION AND EXPECTATION VALUES (WITH S.P. UU+VV FACTORS) *******************

  NR  Eex(keV)  I   Kdom  NY    <Jz>  <Jx**2> <Jy**2> <Jz**2> <I.j>/|I|  <Rx**2> <Ry**2> <Rz**2> <R.j>/|R|  <HROTx> <HROTy> <HROTz>

   1    0.0   3/2-  -3/2  33   -1.41    1.65    1.65    2.16    1.40       1.91    1.91    0.00   -1.42      0.233   0.233   0.000
   2  158.0   5/2-   5/2  35    1.37    1.94    1.94    5.00    2.32       1.95    1.95    0.00   -1.02      0.237   0.237   0.000
   3  531.0   1/2-   1/2  37    0.50    1.34    1.34    0.25    0.82       1.13    1.13   -0.00   -1.48      0.138   0.138  -0.000
   4  660.5   5/2-  -3/2  33   -0.56    1.65    1.65    3.03    1.07       4.37    4.37    0.00   -1.07      0.533   0.533   0.000
   5  669.1  11/2-   1/2  32   -0.00   27.00   27.00    2.24    6.97       4.32    4.32    0.00   -4.96      0.527   0.527   0.000
  
   6  778.5   9/2-   9/2  31    3.64    2.73    2.73   19.22    4.49       2.35    2.35    0.00   -1.07      0.287   0.287   0.000
   7  803.1   7/2-   5/2  35    0.99    2.04    2.04    4.60    1.91       4.62    4.62    0.00   -0.35      0.563   0.563   0.000
   8 1099.3   3/2-   1/2  37    0.03    2.22    2.22    0.72    0.46       3.57    3.57    0.00   -1.60      0.435   0.435   0.000
   9 1111.0   5/2-   1/2  37    0.22    2.61    2.61    0.89    1.32       3.52    3.52    0.00   -0.83      0.429   0.429   0.000
  10 1227.1   7/2-  -7/2  28   -2.20    2.22    2.22    8.93    2.84       3.29    3.29    0.00   -0.82      0.401   0.401   0.000
  
  11 1378.1   7/2-  -7/2  28   -1.17    2.15    2.15    5.75    1.93       5.24    5.24    0.00   -0.74      0.638   0.638   0.000
  12 1413.4   1/2-   1/2  29    0.50    4.31    4.31    0.25    0.33       4.52    4.52   -0.00   -2.85      0.551   0.551  -0.000
  13 1464.5   9/2-   5/2  35    0.55    3.12    3.12    3.68    2.25       6.14    6.14    0.00    0.37      0.749   0.749   0.000
  14 1630.3   5/2-  -3/2  30   -0.27    3.13    3.13    1.29    1.09       4.92    4.92    0.00   -1.38      0.600   0.600   0.000
  15 1683.3   7/2-   1/2  32    0.00   27.09   27.09    1.79    6.83       8.73    8.73    0.00   -6.90      1.065   1.065   0.000
  
  16 1702.1  11/2-   9/2  31    2.92    3.16    3.16   18.26    4.14       5.43    5.43    0.00    0.04      0.662   0.662   0.000
  17 2115.1   9/2-  -7/2  28   -2.52    2.35    2.35   10.79    2.86       5.88    5.88    0.00   -0.37      0.716   0.716   0.000
  18 2490.8   7/2-  -3/2  30   -0.30    3.41    3.41    2.49    0.80       9.35    9.35    0.00   -1.42      1.140   1.140   0.000
  19 2524.9   9/2-  -3/2  33   -0.92    2.27    2.27    2.42    1.15      10.14   10.14    0.00   -0.28      1.236   1.236   0.000
  20 2678.0   9/2-   5/2  35    0.94    2.41    2.41    3.88    1.07      11.42   11.42    0.00   -0.71      1.393   1.393   0.000
  
  21 2703.2   5/2-   1/2  29   -0.10    4.30    4.30    0.96   -0.33      10.12   10.12    0.00   -2.34      1.234   1.234   0.000
  22 2754.4  11/2-   5/2  35    0.68    2.38    2.38    4.34    1.68      12.38   12.38    0.00    0.19      1.509   1.509   0.000
  23 2807.9  13/2-   9/2  31    2.22    3.63    3.63   16.79    3.88       9.27    9.27   -0.00    0.72      1.131   1.131  -0.000
  24 2962.1  13/2-   5/2  36   -0.04   26.36   26.36    5.57    5.97      11.84   11.84    0.00   -3.41      1.443   1.443   0.000
  25 3104.4  11/2-  -7/2  28   -1.48    2.59    2.59    7.31    2.32      10.24   10.24    0.00    0.30      1.249   1.249   0.000
  
  26 3450.8  11/2-  -7/2  28   -1.08    2.65    2.65    6.45    1.92      12.30   12.30    0.00   -0.06      1.499   1.499   0.000
  27 3483.4  13/2-  -3/2  30    0.29    3.96    3.96    3.47    2.43      13.10   13.10    0.00    1.09      1.598   1.598   0.000
  28 3786.1   1/2-   1/2  25    0.50    5.56    5.56    0.25    0.70       5.45    5.45    0.00   -3.26      0.665   0.665   0.000
  29 4509.6  13/2-  -7/2  28   -1.98    2.55    2.55   10.31    2.44      15.06   15.06    0.00    0.29      1.836   1.836   0.000
  30 5117.3  13/2-  -3/2  33   -0.03    2.22    2.22    3.02    1.05      20.80   20.80    0.00   -0.03      2.536   2.536   0.000
  
  31 6951.0   1/2-   1/2  32    0.50   27.23   27.23    0.25   -3.93      31.14   31.14   -0.00   -7.36      3.796   3.796  -0.000
  32*******   1/2-  -3/2  33    0.00    0.00    0.00    0.00   -0.00       0.00    0.00    0.00   -0.00      0.000   0.000   0.000
