1SPECTRUM OF (Z= 82 A=207) IN PARTICLE-ROTOR  MODEL WITH MODIFIED OSCILLATOR POTENTIAL


 PARITY=-   EPS= 0.267   GAMMA=  0.0   EPS4=0.000   EPS6=0.000   LEVELS:  25  26  27  28  29  30  31  32  33  34  35  36  37  38  39

 PAIRING FACTORS: GN0= 19.20  GN1=  7.40  IPAIR= 15 ***  E2PLUS(INPUT)=   0.730  E2PLUR(INPUT)=   0.000

 CORIOLIS ATTENUATION PARAMETERS:  CHSI=1.000  ETA=  1.00

 MOMENT OF INERTIA PARAMETERS:   A1=  0.122 MEV   A2=  0.122 MEV   A3=121.91925 MEV


 DELTA=0.944 MEV  LAMBDA=53.3453 MEV   HW0= 7.4741 MEV   LAMBDA/HW0= 7.1373

 E2ENERGY=0.730 MEV  HBAR**2/B=13218./A**(7/3)=2234.5/A**2 MEV

 IREC=0  =>  RECOIL TERMS j+j-, j+j+, jzjz, ETC TREATED AS ONE-BODY OPERATORS WITH UU+VV PAIRING FACTORS



 S. P. LEVEL   EQP       U     V        (UU + VV)**1.00

     25       4.120    0.115 0.993      1.000 1.000 0.999 0.984 0.983 0.978 0.949 0.823 0.642 0.418 0.415 0.375 0.307 0.293 0.237
     26       3.686    0.129 0.992      1.000 1.000 1.000 0.987 0.985 0.981 0.953 0.831 0.652 0.431 0.427 0.388 0.320 0.306 0.251
     27       3.136    0.152 0.988      0.999 1.000 1.000 0.990 0.989 0.985 0.960 0.844 0.670 0.452 0.448 0.409 0.342 0.328 0.273
     28       1.712    0.288 0.958      0.984 0.987 0.990 1.000 1.000 0.999 0.989 0.910 0.767 0.571 0.568 0.532 0.469 0.456 0.404
     29       1.670    0.296 0.955      0.983 0.985 0.989 1.000 1.000 1.000 0.991 0.914 0.772 0.578 0.575 0.539 0.476 0.463 0.412
     30       1.555    0.320 0.947      0.978 0.981 0.985 0.999 1.000 1.000 0.994 0.924 0.788 0.599 0.596 0.560 0.499 0.486 0.435
     31       1.230    0.424 0.906      0.949 0.953 0.960 0.989 0.991 0.994 1.000 0.961 0.851 0.684 0.681 0.649 0.592 0.580 0.532
     32       0.952    0.659 0.752      0.823 0.831 0.844 0.910 0.914 0.924 0.961 1.000 0.964 0.860 0.858 0.835 0.793 0.784 0.747
     33       1.028    0.836 0.549      0.642 0.652 0.670 0.767 0.772 0.788 0.851 0.964 1.000 0.965 0.964 0.952 0.927 0.921 0.897
     34       1.598    0.951 0.311      0.418 0.431 0.452 0.571 0.578 0.599 0.684 0.860 0.965 1.000 1.000 0.999 0.993 0.991 0.982
     35       1.615    0.952 0.307      0.415 0.427 0.448 0.568 0.575 0.596 0.681 0.858 0.964 1.000 1.000 0.999 0.993 0.991 0.982
     36       1.844    0.964 0.266      0.375 0.388 0.409 0.532 0.539 0.560 0.649 0.835 0.952 0.999 0.999 1.000 0.997 0.996 0.990
     37       2.468    0.981 0.195      0.307 0.320 0.342 0.469 0.476 0.499 0.592 0.793 0.927 0.993 0.993 0.997 1.000 1.000 0.997
     38       2.662    0.984 0.180      0.293 0.306 0.328 0.456 0.463 0.486 0.580 0.784 0.921 0.991 0.991 0.996 1.000 1.000 0.998
     39       3.845    0.992 0.124      0.237 0.251 0.273 0.404 0.412 0.435 0.532 0.747 0.897 0.982 0.982 0.990 0.997 0.998 1.000

  R CORE   ENERGY   A0R/A00=1.000    R3= 0     2  
   2( 1)    0.732                    1.000 0.000
   2( 2)  487.921                    0.000 1.000

  R CORE   ENERGY   A0R/A00=1.000    R3= 0     2  
   3( 1)  488.652                    0.000 1.000

  R CORE   ENERGY   A0R/A00=1.000    R3= 0     2     4  
   4( 1)    2.438                    1.000 0.000 0.000

  R CORE   ENERGY   A0R/A00=1.000    R3= 0     2     4  
   5( 1)  490.847                    0.000 1.000 0.000

  R CORE   ENERGY   A0R/A00=1.000    R3= 0     2     4     6  
   6( 1)    5.121                    1.000 0.000 0.000 0.000

  R CORE   ENERGY   A0R/A00=1.000    R3= 0     2     4     6  
   7( 1)  494.017                    0.000 1.000 0.000 0.000

          AXIAL SYMMETRY => K RESTRICTED TO OMEGA

                     K
     S.P. ORB#: 25  0.50
     S.P. ORB#: 26  2.50
     S.P. ORB#: 27 -3.50
     S.P. ORB#: 28  0.50
     S.P. ORB#: 29 -3.50
     S.P. ORB#: 30 -1.50
     S.P. ORB#: 31  4.50
     S.P. ORB#: 32  0.50
     S.P. ORB#: 33 -1.50
     S.P. ORB#: 34 -1.50
     S.P. ORB#: 35  2.50
     S.P. ORB#: 36  2.50
     S.P. ORB#: 37  0.50
     S.P. ORB#: 38 -3.50
     S.P. ORB#: 39  0.50
 

             ENERGY    K= OMEGA
 
 I=  1/2- (1)  2.763  28: 0.291
                      37: 0.956
 
 I=  1/2- (2)  2.876  25:-0.055
                      28: 0.956
                      37:-0.289
 
 I=  1/2- (3)  5.541  25: 0.997
                      37:-0.058
 
 I=  1/2- (4)  6.456  32: 0.666
                      39:-0.746
 
 I=  1/2- (5)  9.607  32:-0.746
                      39:-0.666

             ENERGY    K= OMEGA
 
 I=  3/2- (1)  2.094  25: 0.074
                      28: 0.278
                      30: 0.155
                      34: 0.942
                      37:-0.084
 
 I=  3/2- (2)  2.708  25:-0.090
                      28: 0.231
                      30:-0.957
                      34: 0.106
                      37: 0.109
 
 I=  3/2- (3)  2.987  25:-0.212
                      28:-0.839
                      30:-0.104
                      34: 0.315
                      37: 0.376
 
 I=  3/2- (4)  3.543  25:-0.183
                      28:-0.323
                      30:-0.159
                      34: 0.054
                      37:-0.913
 
 I=  3/2- (5)  4.721  32: 0.825
                      33: 0.360
                      39:-0.436

             ENERGY    K= OMEGA
 
 I=  5/2- (1)  2.261  25: 0.123
                      28:-0.255
                      30:-0.367
                      34: 0.442
                      36: 0.763
                      37:-0.085
 
 I=  5/2- (2)  2.747  25: 0.061
                      28: 0.151
                      30:-0.380
                      34:-0.837
                      36: 0.328
                      37:-0.132
 
 I=  5/2- (3)  2.948  25:-0.235
                      28: 0.472
                      30: 0.562
                      36: 0.527
                      37: 0.357
 
 I=  5/2- (4)  3.636  25:-0.194
                      28: 0.091
                      30: 0.331
                      36: 0.100
                      37:-0.913
 
 I=  5/2- (5)  4.201  25: 0.074
                      28:-0.794
                      30: 0.486
                      34:-0.314
                      36: 0.147
                      37: 0.085

             ENERGY    K= OMEGA
 
 I=  7/2- (1)  2.422  26: 0.220
                      27:-0.069
                      29:-0.971
                      36:-0.052
 
 I=  7/2- (2)  2.914  28:-0.271
                      30: 0.323
                      34:-0.530
                      36: 0.733
 
 I=  7/2- (3)  3.187  32: 0.748
                      33: 0.561
                      35: 0.325
                      38: 0.127
                      39:-0.071
 
 I=  7/2- (4)  3.281  25:-0.260
                      28:-0.451
                      29: 0.067
                      30:-0.472
                      34:-0.568
                      36:-0.372
                      37: 0.202
 
 I=  7/2- (5)  4.211  25:-0.056
                      27: 0.083
                      28: 0.475
                      30:-0.733
                      36: 0.470
                      37: 0.061

             ENERGY    K= OMEGA
 
 I=  9/2- (1)  2.033  26:-0.065
                      27: 0.234
                      29:-0.178
                      31:-0.953
 
 I=  9/2- (2)  3.319  25: 0.095
                      26:-0.284
                      27:-0.100
                      28:-0.115
                      29:-0.884
                      30:-0.194
                      31: 0.155
                      34: 0.052
                      36: 0.193
                      37:-0.059
 
 I=  9/2- (3)  3.407  25:-0.288
                      26:-0.104
                      28: 0.408
                      29:-0.288
                      30: 0.524
                      31: 0.073
                      34:-0.353
                      36:-0.473
                      37: 0.173
 
 I=  9/2- (4)  4.471  32: 0.246
                      33:-0.609
                      35: 0.644
                      38:-0.392
 
 I=  9/2- (5)  4.474  25: 0.229
                      26:-0.058
                      27: 0.055
                      28:-0.134
                      29: 0.053
                      30:-0.442
                      34:-0.670
                      36:-0.390
                      37:-0.352

             ENERGY    K= OMEGA
 
 I= 11/2- (1)  2.322  32:-0.693
                      33:-0.576
                      35:-0.388
                      38:-0.189
 
 I= 11/2- (2)  3.038  26: 0.110
                      27: 0.314
                      29:-0.246
                      31: 0.910
 
 I= 11/2- (3)  4.454  26: 0.351
                      27:-0.129
                      29:-0.883
                      30:-0.089
                      31:-0.235
                      34:-0.062
                      36:-0.098
 
 I= 11/2- (4)  4.847  28:-0.348
                      30: 0.387
                      31:-0.056
                      34:-0.539
                      36: 0.656
 
 I= 11/2- (5)  5.173  25:-0.370
                      28:-0.511
                      29: 0.143
                      30:-0.518
                      34:-0.410
                      36:-0.300
                      37: 0.231

             ENERGY    K= OMEGA
 
 I= 13/2- (1)  4.262  26:-0.148
                      27: 0.364
                      29:-0.293
                      31:-0.871
 
 I= 13/2- (2)  4.582  32: 0.230
                      33:-0.589
                      35: 0.652
                      38:-0.417
 
 I= 13/2- (3)  5.322  25:-0.401
                      28: 0.470
                      29: 0.078
                      30: 0.586
                      34:-0.276
                      36:-0.385
                      37: 0.207
 
 I= 13/2- (4)  5.833  26:-0.388
                      27:-0.155
                      28: 0.065
                      29:-0.850
                      31: 0.291
                      34:-0.108
 
 I= 13/2- (5)  7.127  25: 0.228
                      26:-0.055
                      27: 0.064
                      28:-0.113
                      29: 0.072
                      30:-0.295
                      34:-0.649
                      36:-0.535
                      37:-0.356

             ENERGY     K= 1/2
  35 LEVELS    TIME=  0.0 SEC



 ******************* EXCITATION ENERGIES, DOMINANT CONFIGURATION AND EXPECTATION VALUES (WITH S.P. UU+VV FACTORS) *******************

  NR  Eex(keV)  I   Kdom  NY    <Jz>  <Jx**2> <Jy**2> <Jz**2> <I.j>/|I|  <Rx**2> <Ry**2> <Rz**2> <R.j>/|R|  <HROTx> <HROTy> <HROTz>

   1    0.0   9/2-   9/2  31    3.80    2.60    2.60   19.49    4.41       2.76    2.76    0.00   -1.16      0.337   0.337   0.000
   2   60.5   3/2-  -3/2  34   -1.32    1.82    1.82    2.07    1.45       1.92    1.92    0.00   -1.48      0.234   0.234   0.000
   3  228.1   5/2-   5/2  36    1.01    2.53    2.53    4.41    2.42       1.94    1.94    0.00   -1.17      0.237   0.237   0.000
   4  288.5  11/2-   1/2  32   -0.00   26.26   26.26    2.25    6.76       4.84    4.84    0.00   -4.61      0.590   0.590   0.000
   5  389.2   7/2-  -7/2  29   -3.19    2.31    2.31   11.92    3.40       2.65    2.65    0.00   -1.32      0.323   0.323   0.000
  
   6  674.6   3/2-  -3/2  30   -1.35    4.50    4.50    2.10    1.48       4.56    4.56    0.00   -2.73      0.556   0.556   0.000
   7  713.4   5/2-  -3/2  34   -0.97    1.85    1.85    2.60    1.02       4.50    4.50    0.00   -1.09      0.548   0.548   0.000
   8  730.2   1/2-   1/2  37    0.50    1.78    1.78    0.25    0.94       1.46    1.46    0.00   -1.75      0.178   0.178   0.000
   9  842.4   1/2-   1/2  28    0.50    4.12    4.12    0.25    0.16       4.48    4.48    0.00   -2.79      0.547   0.547   0.000
  10  881.1   7/2-   5/2  36    0.80    2.36    2.36    4.28    1.90       4.82    4.82    0.00   -0.46      0.587   0.587   0.000
  
  11  914.6   5/2-  -3/2  30    0.42    3.76    3.76    2.55    1.77       4.18    4.18    0.00   -1.67      0.509   0.509   0.000
  12  954.0   3/2-   1/2  28    0.28    3.50    3.50    0.47    0.62       4.40    4.40    0.00   -2.11      0.536   0.536   0.000
  13 1004.6  11/2-   9/2  31    3.20    2.86    2.86   18.79    3.97       6.41    6.41    0.00   -0.22      0.781   0.781   0.000
  14 1154.0   7/2-   1/2  32    0.02   25.38   25.38    1.71    6.43       8.61    8.61    0.00   -6.50      1.049   1.049   0.000
  15 1247.6   7/2-  -3/2  34   -0.33    2.71    2.71    2.23    1.47       5.85    5.85    0.00   -0.53      0.714   0.714   0.000
  
  16 1285.6   9/2-  -7/2  29   -2.42    2.56    2.56   11.02    2.91       5.97    5.97    0.00   -0.48      0.727   0.727   0.000
  17 1373.7   9/2-  -3/2  30   -0.14    3.81    3.81    3.55    2.39       6.09    6.09    0.00    0.20      0.743   0.743   0.000
  18 1509.4   3/2-   1/2  37    0.44    1.83    1.83    0.31   -0.39       4.61    4.61    0.00   -1.55      0.562   0.562   0.000
  19 1602.5   5/2-   1/2  37    0.30    1.74    1.74    0.53    0.47       5.00    5.00    0.00   -0.83      0.609   0.609   0.000
  20 2167.3   5/2-   1/2  28   -0.13    4.28    4.28    1.05   -0.38      10.31   10.31    0.00   -2.37      1.257   1.257   0.000
  
  21 2177.7   7/2-  -3/2  30   -0.16    3.86    3.86    2.75    0.69      10.38   10.38    0.00   -1.70      1.265   1.265   0.000
  22 2229.2  13/2-   9/2  31    2.71    3.08    3.08   18.17    3.66      11.02   11.02    0.00    0.25      1.344   1.344   0.000
  23 2421.0  11/2-  -7/2  29   -2.22    2.56    2.56   11.74    2.66      10.38   10.38    0.00   -0.20      1.265   1.265   0.000
  24 2437.5   9/2-   5/2  35   -0.03   25.81   25.81    5.32    5.78      12.11   12.11    0.00   -5.73      1.476   1.476   0.000
  25 2440.3   9/2-  -3/2  34   -0.50    2.39    2.39    2.55    1.09      10.63   10.63    0.00   -0.42      1.296   1.296   0.000
  
  26 2548.7  13/2-   5/2  35   -0.04   25.79   25.79    5.58    5.81      12.40   12.40    0.00   -3.33      1.512   1.512   0.000
  27 2688.1   3/2-   1/2  32    0.24   19.53   19.53    0.51    4.39      13.17   13.17    0.00   -6.06      1.605   1.605   0.000
  28 2813.9  11/2-   5/2  36    0.49    2.65    2.65    3.82    1.61      12.84   12.84    0.00    0.09      1.565   1.565   0.000
  29 3139.3  11/2-  -3/2  30   -0.27    3.26    3.26    1.93    1.54      12.88   12.88    0.00    0.15      1.571   1.571   0.000
  30 3288.5  13/2-  -3/2  30   -0.07    4.53    4.53    2.07    2.39      13.25   13.25    0.00    1.08      1.616   1.616   0.000
  
  31 3508.0   1/2-   1/2  25    0.50    5.97    5.97    0.25    0.69       5.87    5.87    0.00   -3.38      0.716   0.716   0.000
  32 3799.4  13/2-  -7/2  29   -1.87    2.66    2.66   11.84    2.45      15.83   15.83    0.00   -0.00      1.929   1.929   0.000
  33 4422.8   1/2-   1/2  39    0.50   13.50   13.50    0.25   -2.27      15.97   15.97    0.00   -5.17      1.947   1.947   0.000
  34 5093.9  13/2-  -3/2  34    0.03    2.17    2.17    3.15    0.97      21.36   21.36    0.00   -0.11      2.604   2.604   0.000
  35 7573.5   1/2-   1/2  32    0.50   26.56   26.56    0.25   -3.67      30.23   30.23    0.00   -7.27      3.686   3.686   0.000
  
