1SPECTRUM OF (Z= 82 A=207) IN PARTICLE-ROTOR  MODEL WITH MODIFIED OSCILLATOR POTENTIAL


 PARITY=-   EPS= 0.228   GAMMA=  0.0   EPS4=0.000   EPS6=0.000   LEVELS:  26  27  28  29  30  31  32  33  34  35  36  37  38  39  40

 PAIRING FACTORS: GN0= 19.20  GN1=  7.40  IPAIR= 15 ***  E2PLUS(INPUT)=   0.730  E2PLUR(INPUT)=   0.000

 CORIOLIS ATTENUATION PARAMETERS:  CHSI=1.000  ETA=  1.00

 MOMENT OF INERTIA PARAMETERS:   A1=  0.122 MEV   A2=  0.122 MEV   A3=121.91925 MEV


 DELTA=0.942 MEV  LAMBDA=53.4675 MEV   HW0= 7.4564 MEV   LAMBDA/HW0= 7.1707

 E2ENERGY=0.730 MEV  HBAR**2/B= 9639./A**(7/3)=1629.4/A**2 MEV

 IREC=0  =>  RECOIL TERMS j+j-, j+j+, jzjz, ETC TREATED AS ONE-BODY OPERATORS WITH UU+VV PAIRING FACTORS



 S. P. LEVEL   EQP       U     V        (UU + VV)**1.00

     26       4.062    0.117 0.993      1.000 1.000 0.996 0.992 0.989 0.987 0.613 0.582 0.501 0.497 0.375 0.371 0.288 0.238 0.222
     27       3.524    0.135 0.991      1.000 1.000 0.997 0.994 0.991 0.990 0.627 0.597 0.517 0.513 0.392 0.388 0.305 0.256 0.239
     28       2.290    0.210 0.978      0.996 0.997 1.000 0.999 0.998 0.998 0.685 0.657 0.581 0.577 0.461 0.458 0.377 0.329 0.313
     29       2.012    0.241 0.970      0.992 0.994 0.999 1.000 1.000 0.999 0.708 0.680 0.607 0.603 0.489 0.486 0.407 0.359 0.343
     30       1.849    0.264 0.964      0.989 0.991 0.998 1.000 1.000 1.000 0.724 0.697 0.625 0.622 0.510 0.506 0.428 0.381 0.365
     31       1.775    0.276 0.961      0.987 0.990 0.998 0.999 1.000 1.000 0.733 0.706 0.635 0.631 0.520 0.517 0.439 0.392 0.377
     32       1.065    0.856 0.516      0.613 0.627 0.685 0.708 0.724 0.733 1.000 0.999 0.991 0.990 0.962 0.961 0.933 0.913 0.906
     33       1.113    0.875 0.483      0.582 0.597 0.657 0.680 0.697 0.706 0.999 1.000 0.995 0.995 0.972 0.971 0.946 0.928 0.922
     34       1.292    0.918 0.397      0.501 0.517 0.581 0.607 0.625 0.635 0.991 0.995 1.000 1.000 0.990 0.990 0.973 0.960 0.955
     35       1.304    0.920 0.393      0.497 0.513 0.577 0.603 0.622 0.631 0.990 0.995 1.000 1.000 0.991 0.990 0.974 0.961 0.956
     36       1.847    0.964 0.264      0.375 0.392 0.461 0.489 0.510 0.520 0.962 0.972 0.990 0.991 1.000 1.000 0.996 0.990 0.987
     37       1.872    0.965 0.261      0.371 0.388 0.458 0.486 0.506 0.517 0.961 0.971 0.990 0.990 1.000 1.000 0.996 0.990 0.988
     38       2.745    0.985 0.174      0.288 0.305 0.377 0.407 0.428 0.439 0.933 0.946 0.973 0.974 0.996 0.996 1.000 0.999 0.998
     39       3.855    0.992 0.123      0.238 0.256 0.329 0.359 0.381 0.392 0.913 0.928 0.960 0.961 0.990 0.990 0.999 1.000 1.000
     40       4.457    0.994 0.106      0.222 0.239 0.313 0.343 0.365 0.377 0.906 0.922 0.955 0.956 0.987 0.988 0.998 1.000 1.000

  R CORE   ENERGY   A0R/A00=1.000    R3= 0     2  
   2( 1)    0.732                    1.000 0.000
   2( 2)  487.921                    0.000 1.000

  R CORE   ENERGY   A0R/A00=1.000    R3= 0     2  
   3( 1)  488.652                    0.000 1.000

  R CORE   ENERGY   A0R/A00=1.000    R3= 0     2     4  
   4( 1)    2.438                    1.000 0.000 0.000

  R CORE   ENERGY   A0R/A00=1.000    R3= 0     2     4  
   5( 1)  490.847                    0.000 1.000 0.000

  R CORE   ENERGY   A0R/A00=1.000    R3= 0     2     4     6  
   6( 1)    5.121                    1.000 0.000 0.000 0.000

  R CORE   ENERGY   A0R/A00=1.000    R3= 0     2     4     6  
   7( 1)  494.017                    0.000 1.000 0.000 0.000

          AXIAL SYMMETRY => K RESTRICTED TO OMEGA

                     K
     S.P. ORB#: 26  2.50
     S.P. ORB#: 27 -3.50
     S.P. ORB#: 28 -3.50
     S.P. ORB#: 29  0.50
     S.P. ORB#: 30 -1.50
     S.P. ORB#: 31  4.50
     S.P. ORB#: 32  0.50
     S.P. ORB#: 33 -1.50
     S.P. ORB#: 34  2.50
     S.P. ORB#: 35 -1.50
     S.P. ORB#: 36  0.50
     S.P. ORB#: 37  2.50
     S.P. ORB#: 38 -3.50
     S.P. ORB#: 39  4.50
     S.P. ORB#: 40  0.50
 

             ENERGY    K= OMEGA
 
 I=  1/2- (1)  2.136  36:-1.000
 
 I=  1/2- (2)  3.113  29: 1.000
 
 I=  1/2- (3)  6.972  32: 0.701
                      40:-0.713
 
 I=  1/2- (4) 10.380  32:-0.713
                      40:-0.701
 
 I=  1/2- (5)147.416  33: 1.000

             ENERGY    K= OMEGA
 
 I=  3/2- (1)  1.630  29:-0.169
                      30:-0.086
                      33:-0.979
                      36: 0.068
 
 I=  3/2- (2)  2.728  29:-0.191
                      30:-0.294
                      33: 0.123
                      36: 0.928
 
 I=  3/2- (3)  2.977  29: 0.451
                      30:-0.874
                      36:-0.182
 
 I=  3/2- (4)  3.691  29: 0.855
                      30: 0.378
                      33:-0.159
                      36: 0.317
 
 I=  3/2- (5)  5.027  32:-0.826
                      35:-0.364
                      40: 0.431

             ENERGY    K= OMEGA
 
 I=  5/2- (1)  1.786  29: 0.133
                      30: 0.164
                      33:-0.479
                      34:-0.851
 
 I=  5/2- (2)  2.280  29: 0.195
                      30:-0.186
                      33:-0.840
                      34: 0.464
                      36:-0.068
 
 I=  5/2- (3)  2.762  29:-0.220
                      30:-0.288
                      34:-0.145
                      36:-0.921
 
 I=  5/2- (4)  3.697  29:-0.397
                      30:-0.817
                      34:-0.177
                      36: 0.377
 
 I=  5/2- (5)  4.429  29:-0.859
                      30: 0.435
                      33:-0.248
                      34: 0.092
                      36: 0.053

             ENERGY    K= OMEGA
 
 I=  7/2- (1)  2.416  29:-0.197
                      30: 0.219
                      33:-0.545
                      34: 0.783
 
 I=  7/2- (2)  2.985  26:-0.220
                      27: 0.079
                      28:-0.800
                      29: 0.144
                      30: 0.136
                      33: 0.422
                      34: 0.282
                      36:-0.090
 
 I=  7/2- (3)  3.136  26: 0.088
                      28: 0.547
                      29: 0.230
                      30: 0.217
                      33: 0.614
                      34: 0.437
                      36:-0.156
 
 I=  7/2- (4)  3.360  32: 0.747
                      35: 0.557
                      37: 0.326
                      38: 0.129
                      40:-0.097
 
 I=  7/2- (5)  4.292  30: 0.523
                      33:-0.182
                      34:-0.258
                      36:-0.790

             ENERGY    K= OMEGA
 
 I=  9/2- (1)  2.545  26: 0.073
                      27:-0.249
                      28:-0.181
                      31: 0.947
 
 I=  9/2- (2)  3.257  29:-0.249
                      30:-0.294
                      31:-0.070
                      33: 0.538
                      34: 0.731
                      36:-0.143
 
 I=  9/2- (3)  3.884  26: 0.314
                      27: 0.109
                      28:-0.860
                      29:-0.078
                      30: 0.100
                      31:-0.160
                      33: 0.276
                      34:-0.173
 
 I=  9/2- (4)  4.238  26: 0.053
                      28:-0.335
                      29: 0.158
                      30:-0.334
                      31:-0.061
                      33:-0.696
                      34: 0.367
                      36:-0.354
 
 I=  9/2- (5)  4.393  28: 0.087
                      29:-0.321
                      30:-0.159
                      33: 0.141
                      34:-0.433
                      36:-0.809

             ENERGY    K= OMEGA
 
 I= 11/2- (1)  2.297  32:-0.672
                      35:-0.567
                      37:-0.402
                      38:-0.234
                      39:-0.100
 
 I= 11/2- (2)  3.518  26: 0.121
                      27: 0.330
                      28: 0.249
                      31: 0.898
                      33:-0.053
                      34: 0.071
 
 I= 11/2- (3)  4.372  29: 0.281
                      30:-0.297
                      31: 0.104
                      33: 0.572
                      34:-0.702
 
 I= 11/2- (4)  4.998  26:-0.359
                      27: 0.139
                      28:-0.820
                      29: 0.098
                      30: 0.119
                      31: 0.223
                      33: 0.246
                      34: 0.203
                      36:-0.068
 
 I= 11/2- (5)  5.470  26:-0.084
                      28:-0.339
                      29:-0.318
                      30:-0.321
                      31: 0.099
                      33:-0.602
                      34:-0.487
                      36: 0.253

             ENERGY    K= OMEGA
 
 I= 13/2- (1)  4.060  32:-0.191
                      35: 0.497
                      37:-0.608
                      38: 0.514
                      39:-0.288
 
 I= 13/2- (2)  4.712  26: 0.162
                      27:-0.378
                      28:-0.295
                      31: 0.855
                      33: 0.067
                      34: 0.085
 
 I= 13/2- (3)  5.643  29:-0.319
                      30:-0.366
                      31:-0.119
                      33: 0.524
                      34: 0.652
                      36:-0.219
 
 I= 13/2- (4)  6.364  26:-0.397
                      27:-0.168
                      28: 0.804
                      29: 0.066
                      30:-0.101
                      31: 0.280
                      33:-0.226
                      34: 0.146
                      36:-0.050
 
 I= 13/2- (5)  6.961  28:-0.171
                      29:-0.069
                      30:-0.329
                      33:-0.466
                      34:-0.101
                      36:-0.793

             ENERGY     K= 1/2
  35 LEVELS    TIME=  0.0 SEC



 ******************* EXCITATION ENERGIES, DOMINANT CONFIGURATION AND EXPECTATION VALUES (WITH S.P. UU+VV FACTORS) *******************

  NR  Eex(keV)  I   Kdom  NY    <Jz>  <Jx**2> <Jy**2> <Jz**2> <I.j>/|I|  <Rx**2> <Ry**2> <Rz**2> <R.j>/|R|  <HROTx> <HROTy> <HROTz>

   1    0.0   3/2-  -3/2  33   -1.43    1.64    1.64    2.18    1.36       1.98    1.98    0.00   -1.42      0.241   0.241   0.000
   2  156.1   5/2-   5/2  34    1.43    1.86    1.86    5.10    2.27       2.07    2.07    0.00   -1.03      0.253   0.253   0.000
   3  506.1   1/2-   1/2  36    0.50    1.40    1.40    0.25    0.83       1.18    1.18    0.00   -1.52      0.144   0.144   0.000
   4  649.2   5/2-  -3/2  33   -0.54    1.64    1.64    3.03    1.08       4.34    4.34    0.00   -1.06      0.530   0.530   0.000
   5  666.6  11/2-   1/2  32    0.00   27.07   27.07    2.72    7.12       3.71    3.71    0.00   -5.24      0.452   0.452   0.000
  
   6  785.4   7/2-   5/2  34    1.03    2.02    2.02    4.65    1.92       4.58    4.58    0.00   -0.35      0.558   0.558   0.000
   7  914.6   9/2-   9/2  31    3.72    2.63    2.63   19.36    4.44       2.60    2.60    0.00   -1.11      0.317   0.317   0.001
   8 1098.0   3/2-   1/2  36    0.30    1.68    1.68    0.45    0.08       3.63    3.63    0.00   -1.36      0.443   0.443   0.000
   9 1132.0   5/2-   1/2  36    0.38    1.87    1.87    0.54    0.93       3.77    3.77    0.00   -0.56      0.459   0.459   0.000
  10 1346.6   3/2-  -3/2  30   -1.03    4.03    4.03    1.78    1.19       4.49    4.49    0.00   -2.51      0.548   0.548   0.000
  
  11 1354.5   7/2-  -7/2  28   -2.22    2.16    2.16    9.17    2.74       3.72    3.72    0.00   -0.95      0.454   0.454   0.000
  12 1482.2   1/2-   1/2  29    0.50    4.21    4.21    0.25    0.22       4.51    4.51    0.00   -2.82      0.550   0.550   0.000
  13 1505.2   7/2-  -3/2  33   -1.15    1.92    1.92    5.89    1.65       6.20    6.20    0.00   -0.90      0.756   0.756   0.000
  14 1626.9   9/2-   5/2  34    0.83    2.24    2.24    4.33    1.80       7.81    7.81    0.00    0.04      0.953   0.953   0.000
  15 1730.1   7/2-   1/2  32    0.02   26.19   26.19    1.71    6.65       8.51    8.51    0.00   -6.71      1.038   1.038   0.000
  
  16 1888.0  11/2-   9/2  31    3.07    2.93    2.93   18.55    4.01       6.12    6.12    0.00   -0.13      0.746   0.746   0.000
  17 2061.0   3/2-   1/2  29    0.16    4.09    4.09    0.59   -0.46       7.14    7.14    0.00   -2.55      0.871   0.871   0.000
  18 2066.4   5/2-  -3/2  30   -0.77    3.58    3.58    1.78    0.44       7.55    7.55    0.00   -1.97      0.920   0.920   0.000
  19 2253.9   9/2-  -7/2  28   -2.32    2.39    2.39   10.73    2.77       6.33    6.33    0.00   -0.48      0.772   0.772   0.000
  20 2429.8  13/2-   5/2  37    0.02   25.73   25.73    7.78    6.58       8.05    8.05   -0.00   -3.31      0.982   0.982  -0.000
  
  21 2607.2   9/2-  -3/2  33   -0.85    1.73    1.73    3.70    0.93      11.32   11.32    0.00   -0.53      1.380   1.380   0.000
  22 2661.8   7/2-   1/2  36    0.01    2.30    2.30    1.28    0.14      10.27   10.27    0.00   -1.18      1.252   1.252   0.000
  23 2742.1  11/2-   5/2  34    0.69    2.29    2.29    4.27    1.66      12.40   12.40    0.00    0.21      1.512   1.512   0.000
  24 2762.4   9/2-   1/2  36    0.76    1.99    1.99    1.59    0.87      10.83   10.83    0.00   -0.27      1.321   1.321   0.000
  25 2798.5   5/2-   1/2  29    0.02    4.13    4.13    0.80   -0.47      10.29   10.29    0.00   -2.30      1.255   1.255   0.000
  
  26 3081.8  13/2-   9/2  31    2.56    3.17    3.17   17.83    3.70      10.62   10.62    0.00    0.36      1.294   1.294   0.000
  27 3367.9  11/2-  -7/2  28   -1.88    2.50    2.50   10.71    2.52      10.68   10.68    0.00   -0.14      1.302   1.302   0.000
  28 3396.4   3/2-   1/2  32    0.24   20.44   20.44    0.51    4.66      13.54   13.54    0.00   -6.22      1.651   1.651   0.000
  29 3839.6  11/2-  -3/2  33   -0.36    1.98    1.98    4.23    0.97      16.14   16.14    0.00   -0.42      1.968   1.968   0.000
  30 4012.2  13/2-   5/2  34    0.58    2.52    2.52    3.93    1.66      17.29   17.29    0.00    0.44      2.108   2.108   0.000
  
  31 4733.7  13/2-  -7/2  28   -1.65    2.61    2.61   11.11    2.38      15.94   15.94    0.00    0.05      1.944   1.944   0.000
  32 5330.2  13/2-   1/2  36   -0.25    1.62    1.62    1.34    0.73      21.57   21.57    0.00    0.08      2.630   2.630   0.000
  33 5341.8   1/2-   1/2  40    0.50   14.44   14.44    0.25   -2.56      17.15   17.15    0.00   -5.35      2.091   2.091   0.000
  34 8749.4   1/2-   1/2  32    0.50   27.55   27.55    0.25   -3.82      31.36   31.36    0.00   -7.41      3.824   3.824   0.000
  35*******   1/2-  -3/2  33    0.00    0.00    0.00    0.00   -0.00       0.00    0.00    0.00   -0.00      0.000   0.000   0.000
  
