1SPECTRUM OF (Z= 82 A=207) IN PARTICLE-ROTOR  MODEL WITH MODIFIED OSCILLATOR POTENTIAL


 PARITY=-   EPS= 0.318   GAMMA=  0.0   EPS4=0.000   EPS6=0.000   LEVELS:  24  25  26  27  28  29  30  31  32  33  34  35  36  37  38

 PAIRING FACTORS: GN0= 19.20  GN1=  7.40  IPAIR= 15 ***  E2PLUS(INPUT)=   0.730  E2PLUR(INPUT)=   0.000

 CORIOLIS ATTENUATION PARAMETERS:  CHSI=1.000  ETA=  1.00

 MOMENT OF INERTIA PARAMETERS:   A1=  0.122 MEV   A2=  0.122 MEV   A3=121.91923 MEV


 DELTA=0.935 MEV  LAMBDA=53.2997 MEV   HW0= 7.5022 MEV   LAMBDA/HW0= 7.1045

 E2ENERGY=0.730 MEV  HBAR**2/B=18750./A**(7/3)=3169.7/A**2 MEV

 IREC=0  =>  RECOIL TERMS j+j-, j+j+, jzjz, ETC TREATED AS ONE-BODY OPERATORS WITH UU+VV PAIRING FACTORS



 S. P. LEVEL   EQP       U     V        (UU + VV)**1.00

     24       4.922    0.095 0.995      1.000 1.000 0.999 0.997 0.969 0.963 0.948 0.907 0.880 0.746 0.506 0.298 0.287 0.276 0.256
     25       4.149    0.113 0.994      1.000 1.000 0.999 0.998 0.973 0.968 0.953 0.914 0.888 0.758 0.521 0.315 0.304 0.293 0.274
     26       3.261    0.145 0.989      0.999 0.999 1.000 1.000 0.980 0.975 0.962 0.927 0.902 0.779 0.548 0.345 0.334 0.323 0.304
     27       2.705    0.176 0.984      0.997 0.998 1.000 1.000 0.985 0.982 0.970 0.938 0.915 0.798 0.574 0.374 0.363 0.352 0.333
     28       1.461    0.340 0.940      0.969 0.973 0.980 0.985 1.000 1.000 0.997 0.983 0.970 0.889 0.705 0.526 0.516 0.506 0.489
     29       1.391    0.360 0.933      0.963 0.968 0.975 0.982 1.000 1.000 0.999 0.987 0.975 0.898 0.720 0.544 0.534 0.525 0.507
     30       1.253    0.409 0.913      0.948 0.953 0.962 0.970 0.997 0.999 1.000 0.994 0.986 0.920 0.755 0.587 0.578 0.569 0.552
     31       1.070    0.506 0.862      0.907 0.914 0.927 0.938 0.983 0.987 0.994 1.000 0.998 0.957 0.822 0.673 0.664 0.655 0.640
     32       1.010    0.557 0.830      0.880 0.888 0.902 0.915 0.970 0.975 0.986 0.998 1.000 0.973 0.855 0.716 0.707 0.699 0.685
     33       0.937    0.734 0.679      0.746 0.758 0.779 0.798 0.889 0.898 0.920 0.957 0.973 1.000 0.952 0.857 0.851 0.845 0.835
     34       1.223    0.907 0.421      0.506 0.521 0.548 0.574 0.705 0.720 0.755 0.822 0.855 0.952 1.000 0.974 0.971 0.969 0.963
     35       2.327    0.979 0.205      0.298 0.315 0.345 0.374 0.526 0.544 0.587 0.673 0.716 0.857 0.974 1.000 1.000 1.000 0.999
     36       2.458    0.981 0.194      0.287 0.304 0.334 0.363 0.516 0.534 0.578 0.664 0.707 0.851 0.971 1.000 1.000 1.000 1.000
     37       2.601    0.983 0.183      0.276 0.293 0.323 0.352 0.506 0.525 0.569 0.655 0.699 0.845 0.969 1.000 1.000 1.000 1.000
     38       2.910    0.987 0.163      0.256 0.274 0.304 0.333 0.489 0.507 0.552 0.640 0.685 0.835 0.963 0.999 1.000 1.000 1.000

  R CORE   ENERGY   A0R/A00=1.000    R3= 0     2  
   2( 1)    0.732                    1.000 0.000
   2( 2)  487.921                    0.000 1.000

  R CORE   ENERGY   A0R/A00=1.000    R3= 0     2  
   3( 1)  488.652                    0.000 1.000

  R CORE   ENERGY   A0R/A00=1.000    R3= 0     2     4  
   4( 1)    2.438                    1.000 0.000 0.000

  R CORE   ENERGY   A0R/A00=1.000    R3= 0     2     4  
   5( 1)  490.847                    0.000 1.000 0.000

  R CORE   ENERGY   A0R/A00=1.000    R3= 0     2     4     6  
   6( 1)    5.121                    1.000 0.000 0.000 0.000

  R CORE   ENERGY   A0R/A00=1.000    R3= 0     2     4     6  
   7( 1)  494.017                    0.000 1.000 0.000 0.000

          AXIAL SYMMETRY => K RESTRICTED TO OMEGA

                     K
     S.P. ORB#: 24 -5.50
     S.P. ORB#: 25  0.50
     S.P. ORB#: 26  2.50
     S.P. ORB#: 27 -3.50
     S.P. ORB#: 28  0.50
     S.P. ORB#: 29  0.50
     S.P. ORB#: 30 -1.50
     S.P. ORB#: 31 -3.50
     S.P. ORB#: 32 -1.50
     S.P. ORB#: 33  4.50
     S.P. ORB#: 34  2.50
     S.P. ORB#: 35 -1.50
     S.P. ORB#: 36 -3.50
     S.P. ORB#: 37  2.50
     S.P. ORB#: 38  0.50
 

             ENERGY    K= OMEGA
 
 I=  1/2- (1)  2.611  29: 0.999
 
 I=  1/2- (2)  5.688  25: 0.999
 
 I=  1/2- (3)  6.115  28:-0.476
                      38: 0.879
 
 I=  1/2- (4)  8.789  28: 0.879
                      38: 0.476
 
 I=  1/2- (5)147.313  32: 1.000

             ENERGY    K= OMEGA
 
 I=  3/2- (1)  2.470  25:-0.117
                      29: 0.104
                      30:-0.975
                      35:-0.156
 
 I=  3/2- (2)  2.560  25:-0.166
                      29:-0.818
                      35:-0.550

             ENERGY    K= OMEGA
 
 I=  5/2- (1)  2.536  25:-0.256
                      29: 0.440
                      30: 0.746
                      35:-0.187
                      37:-0.386
 
 I=  5/2- (2)  3.243  26:-0.066
                      29: 0.410
                      30:-0.457
                      35:-0.783
                      37:-0.061
 
 I=  5/2- (3)  3.375  25:-0.154
                      29: 0.455
                      30: 0.144
                      35: 0.080
                      37: 0.861
 
 I=  5/2- (4)  4.176  29:-0.623
                      30: 0.406
                      35:-0.582
                      37: 0.323
 
 I=  5/2- (5)  5.044  26:-0.997
                      35: 0.074

             ENERGY    K= OMEGA
 
 I=  7/2- (1)  1.856  26: 0.201
                      27:-0.054
                      31:-0.977
 
 I=  7/2- (2)  3.304  25: 0.094
                      29:-0.310
                      30: 0.716
                      35:-0.265
                      37: 0.556
 
 I=  7/2- (3)  3.382  28:-0.726
                      32:-0.578
                      34:-0.344
                      36:-0.141
 
 I=  7/2- (4)  3.499  25:-0.324
                      29:-0.713
                      30:-0.385
                      35:-0.479
                      37:-0.074
 
 I=  7/2- (5)  4.329  26:-0.128
                      27:-0.340
                      29:-0.425
                      30: 0.439
                      35: 0.365
                      37:-0.601

             ENERGY    K= OMEGA
 
 I=  9/2- (1)  1.808  26:-0.069
                      27: 0.204
                      31:-0.214
                      33:-0.953
 
 I=  9/2- (2)  2.796  26:-0.276
                      27:-0.090
                      31:-0.931
                      33: 0.209
 
 I=  9/2- (3)  3.565  25:-0.371
                      29: 0.484
                      30: 0.674
                      31:-0.058
                      35:-0.225
                      37:-0.345
 
 I=  9/2- (4)  4.558  28:-0.234
                      32: 0.587
                      34:-0.656
                      36: 0.414
 
 I=  9/2- (5)  5.066  25:-0.102
                      26: 0.110
                      27:-0.083
                      29:-0.319
                      30: 0.479
                      31:-0.057
                      35: 0.793
                      37: 0.084

             ENERGY    K= OMEGA
 
 I= 11/2- (1)  2.685  28:-0.686
                      32:-0.579
                      34:-0.390
                      36:-0.197
                      38:-0.055
 
 I= 11/2- (2)  2.875  26:-0.118
                      27:-0.276
                      31: 0.296
                      33:-0.906
 
 I= 11/2- (3)  3.965  26:-0.324
                      27: 0.127
                      30: 0.059
                      31: 0.886
                      33: 0.293
                      37: 0.060
 
 I= 11/2- (4)  5.190  25:-0.144
                      29: 0.266
                      30:-0.711
                      31: 0.062
                      35: 0.287
                      37:-0.560
 
 I= 11/2- (5)  5.349  25: 0.393
                      29: 0.728
                      30: 0.336
                      31:-0.061
                      35: 0.443

             ENERGY    K= OMEGA
 
 I= 13/2- (1)  4.161  26: 0.161
                      27:-0.322
                      31: 0.352
                      33: 0.863
 
 I= 13/2- (2)  4.889  28:-0.223
                      32: 0.568
                      34:-0.659
                      36: 0.438
 
 I= 13/2- (3)  5.342  25:-0.186
                      26: 0.324
                      27: 0.152
                      29: 0.193
                      30: 0.294
                      31: 0.763
                      33:-0.314
                      35:-0.055
                      37:-0.171
 
 I= 13/2- (4)  5.522  25: 0.405
                      26: 0.148
                      27: 0.054
                      29:-0.460
                      30:-0.571
                      31: 0.369
                      33:-0.159
                      35: 0.215
                      37: 0.258
 
 I= 13/2- (5)  7.843  24: 0.728
                      25:-0.147
                      26: 0.090
                      27:-0.126
                      29:-0.067
                      30: 0.261
                      31:-0.061
                      35: 0.522
                      37: 0.272

             ENERGY     K= 1/2
  32 LEVELS    TIME=  0.0 SEC



 ******************* EXCITATION ENERGIES, DOMINANT CONFIGURATION AND EXPECTATION VALUES (WITH S.P. UU+VV FACTORS) *******************

  NR  Eex(keV)  I   Kdom  NY    <Jz>  <Jx**2> <Jy**2> <Jz**2> <I.j>/|I|  <Rx**2> <Ry**2> <Rz**2> <R.j>/|R|  <HROTx> <HROTy> <HROTz>

   1    0.0   9/2-   9/2  33    3.79    2.55    2.55   19.48    4.32       3.20    3.20    0.00   -1.23      0.390   0.390   0.000
   2   48.5   7/2-  -7/2  31   -3.25    2.31    2.31   12.00    3.36       2.84    2.84    0.00   -1.37      0.346   0.346   0.000
   3  662.2   3/2-  -3/2  30   -1.45    4.50    4.50    2.20    1.43       4.72    4.72    0.00   -2.75      0.575   0.575   0.000
   4  727.8   5/2-  -3/2  30   -0.38    4.52    4.52    2.33    2.25       3.39    3.39    0.00   -1.80      0.413   0.413   0.000
   5  752.0   3/2-   1/2  29   -0.11    3.65    3.65    0.86    1.36       3.32    3.32    0.00   -2.14      0.405   0.405   0.000
  
   6  802.7   1/2-   1/2  29    0.50    4.73    4.73    0.25    0.28       4.98    4.98   -0.00   -3.00      0.607   0.607  -0.000
   7  876.6  11/2-   1/2  28   -0.02   24.81   24.81    2.30    6.39       5.61    5.61    0.00   -4.09      0.684   0.684   0.000
   8  987.6   9/2-  -7/2  31   -2.67    2.42    2.42   12.10    2.92       6.34    6.34    0.00   -0.68      0.773   0.773   0.000
   9 1066.8  11/2-   9/2  33    3.15    2.78    2.78   18.75    3.82       7.20    7.20    0.00   -0.39      0.878   0.878   0.000
  10 1434.6   5/2-  -3/2  35   -1.13    2.55    2.55    1.94    0.88       5.29    5.29    0.00   -1.37      0.645   0.645   0.000
  
  11 1496.4   7/2-  -3/2  30   -0.06    3.78    3.78    3.30    1.78       6.23    6.23    0.00   -1.07      0.759   0.759   0.000
  12 1566.9   5/2-   5/2  37    1.93    2.62    2.62    4.76    1.76       4.17    4.17    0.00   -1.66      0.508   0.508   0.000
  13 1574.2   7/2-   1/2  28   -0.01   24.36   24.36    1.87    6.21       8.53    8.53    0.00   -6.28      1.040   1.040   0.000
  14 1690.9   7/2-   1/2  29   -0.24    3.69    3.69    1.06    1.38       6.62    6.62    0.00   -0.81      0.807   0.807   0.000
  15 1756.7   9/2-  -3/2  30   -0.28    4.79    4.79    2.02    2.28       6.83    6.83    0.00   -0.07      0.833   0.833   0.000
  
  16 2156.9  11/2-  -7/2  31   -2.16    2.52    2.52   12.24    2.62      10.83   10.83    0.00   -0.34      1.321   1.321   0.000
  17 2352.6  13/2-   9/2  33    2.61    2.98    2.98   18.07    3.47      12.13   12.13    0.00    0.05      1.479   1.479   0.000
  18 2368.3   5/2-   1/2  29   -0.30    3.61    3.61    1.90   -0.24       9.66    9.66    0.00   -2.24      1.177   1.177   0.000
  19 2520.5   7/2-   5/2  37    0.14    3.28    3.28    4.56    1.09       9.10    9.10    0.00   -1.59      1.109   1.109   0.000
  20 2750.2   9/2-   5/2  34   -0.01   24.86   24.86    5.57    5.42      13.05   13.05    0.00   -5.54      1.592   1.592   0.000
  
  21 3081.2  13/2-   5/2  34   -0.04   24.84   24.84    5.81    5.42      14.29   14.29    0.00   -3.30      1.742   1.742   0.000
  22 3235.7   5/2-   5/2  26    2.47    6.00    6.00    6.22    2.08       7.34    7.34    0.00   -3.15      0.895   0.895   0.000
  23 3258.3   9/2-  -3/2  35   -1.22    2.48    2.48    2.21    0.69      12.51   12.51    0.00   -0.74      1.525   1.525   0.000
  24 3381.6  11/2-  -3/2  30   -0.06    3.77    3.77    3.41    1.60      13.75   13.75    0.00   -0.26      1.677   1.677   0.000
  25 3533.7  13/2-  -7/2  31   -1.44    3.03    3.03   10.48    2.42      15.72   15.72    0.00    0.07      1.916   1.916   0.000
  
  26 3540.8  11/2-   1/2  29   -0.13    3.83    3.83    0.93    1.40      13.79   13.79    0.00   -0.04      1.681   1.681   0.000
  27 3714.4  13/2-  -3/2  30   -0.52    4.61    4.61    3.70    2.29      14.81   14.81    0.00    0.57      1.805   1.805   0.000
  28 3879.6   1/2-   1/2  25    0.50    6.41    6.41    0.25    0.67       6.33    6.33    0.00   -3.51      0.772   0.772   0.000
  29 4306.9   1/2-   1/2  38    0.50   12.53   12.53    0.25   -1.69      14.49   14.49    0.00   -4.97      1.767   1.767   0.000
  30 6034.6  13/2- -11/2  24   -3.28    2.56    2.56   17.59    2.68      17.01   17.01   -0.00   -0.68      2.074   2.074  -0.000
  
  31 6981.2   1/2-   1/2  28    0.50   25.12   25.12    0.25   -3.56      28.71   28.71    0.00   -7.07      3.500   3.500   0.000
  32*******   1/2-  -3/2  32    0.00    0.00    0.00    0.00   -0.00       0.00    0.00    0.00   -0.00      0.000   0.000   0.000
