1SPECTRUM OF (Z= 82 A=207) IN PARTICLE-ROTOR  MODEL WITH MODIFIED OSCILLATOR POTENTIAL


 PARITY=-   EPS= 0.446   GAMMA=  0.0   EPS4=0.000   EPS6=0.000   LEVELS:  24  25  26  27  28  29  30  31  32  33  34  35  36  37  38

 PAIRING FACTORS: GN0= 19.20  GN1=  7.40  IPAIR= 15 ***  E2PLUS(INPUT)=   0.730  E2PLUR(INPUT)=   0.000

 CORIOLIS ATTENUATION PARAMETERS:  CHSI=1.000  ETA=  1.00

 MOMENT OF INERTIA PARAMETERS:   A1=  0.122 MEV   A2=  0.122 MEV   A3=121.91924 MEV


 DELTA=0.853 MEV  LAMBDA=53.4748 MEV   HW0= 7.6002 MEV   LAMBDA/HW0= 7.0360

 E2ENERGY=0.730 MEV  HBAR**2/B=36883./A**(7/3)=6235.0/A**2 MEV

 IREC=0  =>  RECOIL TERMS j+j-, j+j+, jzjz, ETC TREATED AS ONE-BODY OPERATORS WITH UU+VV PAIRING FACTORS



 S. P. LEVEL   EQP       U     V        (UU + VV)**1.00

     24       4.271    0.100 0.995      1.000 1.000 0.999 0.999 0.996 0.987 0.951 0.797 0.792 0.722 0.344 0.342 0.284 0.271 0.243
     25       4.224    0.102 0.995      1.000 1.000 0.999 0.999 0.996 0.987 0.951 0.798 0.793 0.723 0.345 0.343 0.285 0.272 0.244
     26       2.875    0.150 0.989      0.999 0.999 1.000 1.000 0.999 0.994 0.965 0.826 0.822 0.756 0.391 0.389 0.332 0.319 0.291
     27       2.829    0.153 0.988      0.999 0.999 1.000 1.000 0.999 0.994 0.966 0.828 0.823 0.757 0.393 0.391 0.334 0.321 0.293
     28       2.249    0.193 0.981      0.996 0.996 0.999 0.999 1.000 0.998 0.976 0.850 0.846 0.784 0.431 0.429 0.373 0.360 0.333
     29       1.712    0.258 0.966      0.987 0.987 0.994 0.994 0.998 1.000 0.988 0.883 0.880 0.823 0.490 0.488 0.433 0.421 0.394
     30       1.154    0.404 0.915      0.951 0.951 0.965 0.966 0.976 0.988 1.000 0.945 0.943 0.901 0.619 0.617 0.568 0.557 0.532
     31       0.856    0.681 0.732      0.797 0.798 0.826 0.828 0.850 0.883 0.945 1.000 1.000 0.993 0.841 0.840 0.806 0.798 0.779
     32       0.855    0.687 0.727      0.792 0.793 0.822 0.823 0.846 0.880 0.943 1.000 1.000 0.994 0.846 0.844 0.810 0.802 0.784
     33       0.864    0.761 0.649      0.722 0.723 0.756 0.757 0.784 0.823 0.901 0.993 0.994 1.000 0.898 0.897 0.869 0.862 0.846
     34       1.774    0.969 0.248      0.344 0.345 0.391 0.393 0.431 0.490 0.619 0.841 0.846 0.898 1.000 1.000 0.998 0.997 0.994
     35       1.789    0.969 0.246      0.342 0.343 0.389 0.391 0.429 0.488 0.617 0.840 0.844 0.897 1.000 1.000 0.998 0.997 0.995
     36       2.330    0.982 0.186      0.284 0.285 0.332 0.334 0.373 0.433 0.568 0.806 0.810 0.869 0.998 0.998 1.000 1.000 0.999
     37       2.502    0.985 0.173      0.271 0.272 0.319 0.321 0.360 0.421 0.557 0.798 0.802 0.862 0.997 0.997 1.000 1.000 1.000
     38       2.995    0.990 0.144      0.243 0.244 0.291 0.293 0.333 0.394 0.532 0.779 0.784 0.846 0.994 0.995 0.999 1.000 1.000

  R CORE   ENERGY   A0R/A00=1.000    R3= 0     2  
   2( 1)    0.732                    1.000 0.000
   2( 2)  487.921                    0.000 1.000

  R CORE   ENERGY   A0R/A00=1.000    R3= 0     2  
   3( 1)  488.652                    0.000 1.000

  R CORE   ENERGY   A0R/A00=1.000    R3= 0     2     4  
   4( 1)    2.438                    1.000 0.000 0.000

  R CORE   ENERGY   A0R/A00=1.000    R3= 0     2     4  
   5( 1)  490.847                    0.000 1.000 0.000

  R CORE   ENERGY   A0R/A00=1.000    R3= 0     2     4     6  
   6( 1)    5.121                    1.000 0.000 0.000 0.000

  R CORE   ENERGY   A0R/A00=1.000    R3= 0     2     4     6  
   7( 1)  494.017                    0.000 1.000 0.000 0.000

          AXIAL SYMMETRY => K RESTRICTED TO OMEGA

                     K
     S.P. ORB#: 24  0.50
     S.P. ORB#: 25  0.50
     S.P. ORB#: 26 -1.50
     S.P. ORB#: 27 -5.50
     S.P. ORB#: 28  2.50
     S.P. ORB#: 29 -3.50
     S.P. ORB#: 30  2.50
     S.P. ORB#: 31  0.50
     S.P. ORB#: 32  0.50
     S.P. ORB#: 33 -1.50
     S.P. ORB#: 34 -3.50
     S.P. ORB#: 35 -3.50
     S.P. ORB#: 36  4.50
     S.P. ORB#: 37  0.50
     S.P. ORB#: 38 -1.50
 

             ENERGY    K= OMEGA
 
 I=  1/2- (1)  2.206  31: 0.999
 
 I=  1/2- (2)  3.565  24: 0.269
                      32:-0.923
                      37: 0.276
 
 I=  1/2- (3)  5.982  25: 0.999
 
 I=  1/2- (4)  6.511  24: 0.236
                      32:-0.214
                      37:-0.948
 
 I=  1/2- (5) 10.403  24: 0.934
                      32: 0.320
                      37: 0.160

             ENERGY    K= OMEGA
 
 I=  3/2- (1)  2.197  31:-0.531
                      33: 0.847
 
 I=  3/2- (2)  2.408  25: 0.173
                      31: 0.836
                      33: 0.522
 
 I=  3/2- (3)  3.699  24: 0.275
                      32:-0.931
                      37:-0.128
                      38:-0.204
 
 I=  3/2- (4)  6.767  25:-0.985
                      31: 0.140
                      33: 0.102
 
 I=  3/2- (5)  6.934  24: 0.531
                      26: 0.611
                      32: 0.295
                      37:-0.332
                      38:-0.384

             ENERGY    K= OMEGA
 
 I=  5/2- (1)  2.553  25: 0.227
                      28:-0.051
                      31:-0.506
                      33:-0.830
 
 I=  5/2- (2)  3.396  25:-0.062
                      28:-0.074
                      31: 0.844
                      33:-0.527
 
 I=  5/2- (3)  3.806  24:-0.225
                      32: 0.839
                      37:-0.424
                      38:-0.255
 
 I=  5/2- (4)  4.055  28:-0.996
                      33: 0.081
 
 I=  5/2- (5)  5.970  24:-0.182
                      26: 0.568
                      30:-0.802

             ENERGY    K= OMEGA
 
 I=  7/2- (1)  2.695  28: 0.171
                      35:-0.984
 
 I=  7/2- (2)  3.422  28: 0.068
                      29: 0.069
                      31: 0.716
                      33:-0.690
 
 I=  7/2- (3)  3.626  25:-0.177
                      28: 0.174
                      29: 0.795
                      31:-0.426
                      33:-0.352
 
 I=  7/2- (4)  3.662  25:-0.248
                      29:-0.577
                      31:-0.504
                      33:-0.591
 
 I=  7/2- (5)  4.157  26: 0.185
                      30: 0.190
                      32: 0.867
                      34: 0.070
                      37: 0.252
                      38: 0.329

             ENERGY    K= OMEGA
 
 I=  9/2- (1)  3.215  28:-0.110
                      29: 0.273
                      35:-0.361
                      36:-0.885
 
 I=  9/2- (2)  3.784  25:-0.065
                      28: 0.222
                      29: 0.158
                      31: 0.094
                      33: 0.152
                      35: 0.879
                      36:-0.342
 
 I=  9/2- (3)  3.946  25: 0.347
                      31:-0.541
                      33:-0.739
                      35: 0.193
 
 I=  9/2- (4)  4.769  24: 0.164
                      26: 0.073
                      30:-0.136
                      32:-0.782
                      34: 0.067
                      37: 0.472
                      38: 0.333
 
 I=  9/2- (5)  4.837  28:-0.254
                      29: 0.915
                      31: 0.053
                      36: 0.308

             ENERGY    K= OMEGA
 
 I= 11/2- (1)  4.055  24:-0.466
                      26:-0.560
                      30:-0.483
                      32:-0.390
                      34:-0.206
                      37:-0.123
                      38:-0.161
 
 I= 11/2- (2)  4.158  27: 0.969
                      29: 0.081
                      35:-0.083
                      36: 0.217
 
 I= 11/2- (3)  4.347  27:-0.247
                      28: 0.153
                      29: 0.337
                      35:-0.405
                      36: 0.798
 
 I= 11/2- (4)  5.099  28: 0.257
                      29:-0.223
                      33:-0.086
                      35:-0.854
                      36:-0.384
 
 I= 11/2- (5)  5.602  25:-0.153
                      31:-0.889
                      33: 0.424
                      35:-0.062

             ENERGY    K= OMEGA
 
 I= 13/2- (1)  5.658  27:-0.552
                      28: 0.154
                      29:-0.321
                      35: 0.348
                      36: 0.667
 
 I= 13/2- (2)  5.795  27: 0.833
                      28: 0.119
                      29:-0.218
                      35: 0.266
                      36: 0.413
 
 I= 13/2- (3)  5.864  24: 0.164
                      26:-0.563
                      30: 0.676
                      32: 0.202
                      34:-0.365
                      37:-0.083
                      38:-0.135
 
 I= 13/2- (4)  6.179  25: 0.432
                      28:-0.075
                      31:-0.547
                      33:-0.700
                      36: 0.117
 
 I= 13/2- (5)  6.654  25: 0.055
                      28: 0.272
                      29: 0.262
                      31:-0.080
                      33:-0.064
                      35: 0.831
                      36:-0.390

             ENERGY     K=-3/2
  35 LEVELS    TIME=  0.0 SEC



 ******************* EXCITATION ENERGIES, DOMINANT CONFIGURATION AND EXPECTATION VALUES (WITH S.P. UU+VV FACTORS) *******************

  NR  Eex(keV)  I   Kdom  NY    <Jz>  <Jx**2> <Jy**2> <Jz**2> <I.j>/|I|  <Rx**2> <Ry**2> <Rz**2> <R.j>/|R|  <HROTx> <HROTy> <HROTz>

   1    0.0   3/2-  -3/2  33   -0.94    5.15    5.15    1.69    1.23       5.47    5.47    0.00   -2.90      0.667   0.667   0.000
   2    8.6   1/2-   1/2  31    0.50    5.16    5.16    0.25    0.18       5.51    5.51   -0.00   -3.14      0.671   0.671  -0.000
   3  210.7   3/2-   1/2  31   -0.04    5.10    5.10    0.79    0.74       5.94    5.94    0.00   -2.77      0.725   0.725   0.000
   4  355.7   5/2-  -3/2  33   -0.87    5.33    5.33    1.64    1.46       6.21    6.21    0.00   -2.27      0.757   0.757   0.000
   5  497.5   7/2-  -7/2  35   -3.32    2.35    2.35   12.07    3.17       3.66    3.66    0.00   -1.54      0.447   0.447   0.000
  
   6 1017.3   9/2-   9/2  36    2.84    2.73    2.73   18.44    4.06       4.11    4.11    0.00   -1.28      0.501   0.501   0.000
   7 1198.6   5/2-   1/2  31   -0.04    5.18    5.18    0.84   -0.12      10.32   10.32    0.00   -2.54      1.259   1.259   0.000
   8 1224.6   7/2-   1/2  31   -0.47    5.13    5.13    1.30    0.81      10.45   10.45    0.00   -1.83      1.274   1.274   0.000
   9 1367.4   1/2-   1/2  32    0.50    9.94    9.94    0.25    0.99       9.59    9.59    0.00   -4.40      1.169   1.169   0.000
  10 1428.9   7/2-  -7/2  29   -2.22    5.92    5.92    8.27    2.37       8.53    8.53    0.00   -2.59      1.040   1.040   0.000
  
  11 1465.1   7/2-  -3/2  33   -1.53    5.59    5.59    4.97    1.63       9.47    9.47    0.00   -2.22      1.154   1.154   0.000
  12 1502.1   3/2-   1/2  32    0.42   11.08   11.08    0.33    1.54      10.13   10.13    0.00   -4.33      1.235   1.235   0.000
  13 1586.7   9/2-  -7/2  35   -2.17    2.59    2.59   12.50    2.67       7.92    7.92    0.00   -1.10      0.965   0.965   0.000
  14 1609.0   5/2-   1/2  32    0.37   10.69   10.69    0.38    1.91       9.61    9.61    0.00   -3.68      1.172   1.172   0.000
  15 1749.1   9/2-  -3/2  33   -0.74    5.41    5.41    1.85    1.58      10.83   10.83    0.00   -1.03      1.321   1.321   0.000
  
  16 1857.6  11/2-  -3/2  26    0.12   23.62   23.62    2.84    6.05       6.71    6.71   -0.00   -3.79      0.818   0.818  -0.000
  17 1858.2   5/2-   5/2  28    2.47    6.12    6.12    6.21    2.08       7.45    7.45    0.00   -3.19      0.908   0.908   0.000
  18 1959.5   7/2-   1/2  32    0.27   15.41   15.41    0.81    3.00      11.79   11.79    0.00   -4.06      1.438   1.438   0.000
  19 1961.1  11/2- -11/2  27   -4.99    2.76    2.76   29.51    4.98       5.61    5.61    0.00   -1.57      0.684   0.684   0.001
  20 2149.4  11/2-   9/2  36    1.62    2.97    2.97   18.30    3.54       8.81    8.81    0.00   -0.73      1.074   1.074   0.000
  
  21 2572.1   9/2-   1/2  32    0.29   11.91   11.91    0.65    2.31      13.12   13.12    0.00   -2.53      1.599   1.599   0.000
  22 2640.1   9/2-  -7/2  29   -2.34    5.90    5.90   12.58    2.44      12.44   12.44    0.00   -2.46      1.517   1.517   0.000
  23 2901.4  11/2-  -7/2  35   -1.91    2.62    2.62   12.96    2.31      13.16   13.16    0.00   -0.86      1.605   1.605   0.000
  24 3404.5  11/2-   1/2  31    0.12    5.08    5.08    0.68    0.70      19.11   19.11    0.00   -1.08      2.329   2.329   0.000
  25 3460.9  13/2-   9/2  36   -0.40    3.03    3.03   21.11    3.49      13.57   13.57    0.00   -0.53      1.655   1.655   0.000
  
  26 3598.2  13/2- -11/2  27   -3.43    2.91    2.91   25.98    3.89      13.09   13.09    0.00   -0.90      1.595   1.595   0.000
  27 3667.0  13/2-   5/2  30    0.21   23.03   23.03    5.26    4.83      16.28   16.28   -0.00   -3.08      1.984   1.984  -0.000
  28 3772.9   5/2-   5/2  30    1.14   23.07   23.07    4.75    4.31      17.06   17.06   -0.00   -6.53      2.079   2.079  -0.000
  29 3785.0   1/2-   1/2  25    0.50    7.30    7.30    0.25    0.64       7.24    7.24   -0.00   -3.75      0.883   0.883  -0.000
  30 3981.3  13/2-  -3/2  33   -0.43    5.67    5.67    1.60    1.68      19.10   19.10    0.00   -0.19      2.328   2.328   0.000
  
  31 4313.6   1/2-   1/2  37    0.50   15.63   15.63    0.25   -0.26      16.35   16.35    0.00   -5.55      1.993   1.993   0.000
  32 4456.9  13/2-  -7/2  35   -1.80    2.74    2.74   12.89    2.01      19.50   19.50    0.00   -0.69      2.378   2.378   0.000
  33 4569.3   3/2-   1/2  25    0.48    7.36    7.36    0.27   -0.76      10.84   10.84   -0.00   -3.53      1.322   1.322  -0.000
  34 4736.7   3/2-  -3/2  26   -0.54   19.31   19.31    1.29    3.09      15.84   15.84   -0.00   -6.03      1.932   1.932  -0.000
  35 8205.7   1/2-   1/2  24    0.50   23.20   23.20    0.25   -3.54      26.76   26.76    0.00   -6.80      3.263   3.263   0.000
  
