1SPECTRUM OF (Z= 82 A=207) IN PARTICLE-ROTOR  MODEL WITH MODIFIED OSCILLATOR POTENTIAL


 PARITY=-   EPS= 0.425   GAMMA=  0.0   EPS4=0.000   EPS6=0.000   LEVELS:  25  26  27  28  29  30  31  32  33  34  35  36  37  38  39

 PAIRING FACTORS: GN0= 19.20  GN1=  7.40  IPAIR= 15 ***  E2PLUS(INPUT)=   0.730  E2PLUR(INPUT)=   0.000

 CORIOLIS ATTENUATION PARAMETERS:  CHSI=1.000  ETA=  1.00

 MOMENT OF INERTIA PARAMETERS:   A1=  0.122 MEV   A2=  0.122 MEV   A3=121.91924 MEV


 DELTA=0.847 MEV  LAMBDA=53.4883 MEV   HW0= 7.5812 MEV   LAMBDA/HW0= 7.0554

 E2ENERGY=0.730 MEV  HBAR**2/B=33491./A**(7/3)=5661.6/A**2 MEV

 IREC=0  =>  RECOIL TERMS j+j-, j+j+, jzjz, ETC TREATED AS ONE-BODY OPERATORS WITH UU+VV PAIRING FACTORS



 S. P. LEVEL   EQP       U     V        (UU + VV)**1.00

     25       3.800    0.112 0.994      1.000 1.000 0.998 0.998 0.993 0.930 0.873 0.814 0.638 0.415 0.346 0.331 0.263 0.243 0.221
     26       3.227    0.132 0.991      1.000 1.000 0.999 0.999 0.995 0.937 0.883 0.826 0.654 0.433 0.365 0.350 0.283 0.263 0.240
     27       2.542    0.169 0.986      0.998 0.999 1.000 1.000 0.998 0.949 0.900 0.846 0.681 0.466 0.400 0.384 0.318 0.299 0.276
     28       2.468    0.174 0.985      0.998 0.999 1.000 1.000 0.999 0.951 0.902 0.849 0.685 0.471 0.405 0.389 0.323 0.304 0.281
     29       1.918    0.227 0.974      0.993 0.995 0.998 0.999 1.000 0.966 0.924 0.876 0.723 0.517 0.453 0.438 0.373 0.354 0.332
     30       1.020    0.471 0.882      0.930 0.937 0.949 0.951 0.966 1.000 0.991 0.971 0.877 0.721 0.668 0.655 0.600 0.584 0.565
     31       0.895    0.582 0.813      0.873 0.883 0.900 0.902 0.924 0.991 1.000 0.994 0.932 0.805 0.760 0.748 0.700 0.685 0.668
     32       0.852    0.669 0.744      0.814 0.826 0.846 0.849 0.876 0.971 0.994 1.000 0.967 0.866 0.827 0.817 0.775 0.762 0.746
     33       0.924    0.837 0.548      0.638 0.654 0.681 0.685 0.723 0.877 0.932 0.967 1.000 0.965 0.943 0.938 0.911 0.902 0.892
     34       1.438    0.951 0.310      0.415 0.433 0.466 0.471 0.517 0.721 0.805 0.866 0.965 1.000 0.997 0.996 0.987 0.984 0.979
     35       1.825    0.971 0.239      0.346 0.365 0.400 0.405 0.453 0.668 0.760 0.827 0.943 0.997 1.000 1.000 0.996 0.994 0.991
     36       1.951    0.975 0.223      0.331 0.350 0.384 0.389 0.438 0.655 0.748 0.817 0.938 0.996 1.000 1.000 0.998 0.996 0.993
     37       2.795    0.988 0.153      0.263 0.283 0.318 0.323 0.373 0.600 0.700 0.775 0.911 0.987 0.996 0.998 1.000 1.000 0.999
     38       3.216    0.991 0.133      0.243 0.263 0.299 0.304 0.354 0.584 0.685 0.762 0.902 0.984 0.994 0.996 1.000 1.000 1.000
     39       3.884    0.994 0.110      0.221 0.240 0.276 0.281 0.332 0.565 0.668 0.746 0.892 0.979 0.991 0.993 0.999 1.000 1.000

  R CORE   ENERGY   A0R/A00=1.000    R3= 0     2  
   2( 1)    0.732                    1.000 0.000
   2( 2)  487.921                    0.000 1.000

  R CORE   ENERGY   A0R/A00=1.000    R3= 0     2  
   3( 1)  488.652                    0.000 1.000

  R CORE   ENERGY   A0R/A00=1.000    R3= 0     2     4  
   4( 1)    2.438                    1.000 0.000 0.000

  R CORE   ENERGY   A0R/A00=1.000    R3= 0     2     4  
   5( 1)  490.847                    0.000 1.000 0.000

  R CORE   ENERGY   A0R/A00=1.000    R3= 0     2     4     6  
   6( 1)    5.121                    1.000 0.000 0.000 0.000

  R CORE   ENERGY   A0R/A00=1.000    R3= 0     2     4     6  
   7( 1)  494.017                    0.000 1.000 0.000 0.000

          AXIAL SYMMETRY => K RESTRICTED TO OMEGA

                     K
     S.P. ORB#: 25  0.50
     S.P. ORB#: 26 -5.50
     S.P. ORB#: 27 -1.50
     S.P. ORB#: 28  2.50
     S.P. ORB#: 29 -3.50
     S.P. ORB#: 30  2.50
     S.P. ORB#: 31  0.50
     S.P. ORB#: 32 -1.50
     S.P. ORB#: 33  0.50
     S.P. ORB#: 34 -3.50
     S.P. ORB#: 35 -3.50
     S.P. ORB#: 36  4.50
     S.P. ORB#: 37  0.50
     S.P. ORB#: 38 -1.50
     S.P. ORB#: 39 -1.50
 

             ENERGY    K= OMEGA
 
 I=  1/2- (1)  2.235  31:-1.000
 
 I=  1/2- (2)  3.741  25:-0.230
                      33: 0.920
                      37:-0.317
 
 I=  1/2- (3)  6.804  25:-0.267
                      33: 0.254
                      37: 0.930
 
 I=  1/2- (4)  9.973  25: 0.936
                      33: 0.298
                      37: 0.187
 
 I=  1/2- (5)147.155  32:-1.000

             ENERGY    K= OMEGA
 
 I=  3/2- (1)  2.179  31: 0.522
                      32:-0.852
 
 I=  3/2- (2)  2.503  31:-0.839
                      32:-0.521
                      39:-0.158
 
 I=  3/2- (3)  3.730  25: 0.257
                      33:-0.931
                      37:-0.124
                      38:-0.226
 
 I=  3/2- (4)  4.574  31: 0.153
                      32: 0.053
                      39:-0.987
 
 I=  3/2- (5)  6.686  25: 0.677
                      27: 0.661
                      33: 0.260
                      37:-0.092
                      38:-0.169

             ENERGY    K= OMEGA
 
 I=  5/2- (1)  2.743  28:-0.050
                      31:-0.473
                      32:-0.877
                      39: 0.065
 
 I=  5/2- (2)  3.284  28: 0.072
                      31:-0.840
                      32: 0.468
                      39: 0.266
 
 I=  5/2- (3)  3.852  25:-0.182
                      33: 0.823
                      37:-0.461
                      38:-0.276
 
 I=  5/2- (4)  4.262  28: 0.992
                      31: 0.060
                      32:-0.084
                      39: 0.069
 
 I=  5/2- (5)  5.285  28: 0.088
                      31:-0.260
                      32: 0.064
                      39:-0.959

             ENERGY    K= OMEGA
 
 I=  7/2- (1)  2.345  28: 0.151
                      34:-0.988
 
 I=  7/2- (2)  3.348  31:-0.737
                      32: 0.652
                      39:-0.173
 
 I=  7/2- (3)  3.831  28: 0.192
                      29: 0.964
                      31:-0.126
                      32:-0.120
                      39:-0.061
 
 I=  7/2- (4)  3.977  28:-0.073
                      29: 0.190
                      31: 0.563
                      32: 0.702
                      33:-0.262
                      37:-0.075
                      38:-0.107
                      39: 0.240
 
 I=  7/2- (5)  3.979  25: 0.068
                      27:-0.125
                      30:-0.148
                      33:-0.875
                      35:-0.056
                      37:-0.250
                      38:-0.356

             ENERGY    K= OMEGA
 
 I=  9/2- (1)  2.867  28: 0.094
                      29:-0.202
                      34: 0.376
                      36: 0.899
 
 I=  9/2- (2)  3.448  28:-0.197
                      29:-0.122
                      34:-0.899
                      36: 0.370
 
 I=  9/2- (3)  4.491  28: 0.062
                      31: 0.598
                      32: 0.778
                      39:-0.174
 
 I=  9/2- (4)  4.667  25: 0.114
                      27: 0.084
                      30:-0.160
                      33:-0.759
                      35: 0.082
                      37: 0.498
                      38: 0.350
 
 I=  9/2- (5)  4.986  28: 0.267
                      29:-0.916
                      31:-0.158
                      32: 0.069
                      36:-0.223
                      39: 0.097

             ENERGY    K= OMEGA
 
 I= 11/2- (1)  3.827  25:-0.495
                      27:-0.559
                      30:-0.480
                      33:-0.357
                      35:-0.212
                      37:-0.113
                      38:-0.163
 
 I= 11/2- (2)  4.006  26: 0.083
                      28: 0.139
                      29: 0.268
                      34:-0.438
                      36: 0.842
 
 I= 11/2- (3)  4.569  26:-0.990
                      34:-0.136
 
 I= 11/2- (4)  4.773  26: 0.117
                      28: 0.231
                      29:-0.180
                      34:-0.844
                      36:-0.432
 
 I= 11/2- (5)  5.204  25: 0.337
                      27: 0.198
                      30: 0.153
                      33:-0.770
                      35: 0.086
                      37:-0.287
                      38:-0.377

             ENERGY    K= OMEGA
 
 I= 13/2- (1)  5.385  26: 0.086
                      28:-0.174
                      29: 0.312
                      34:-0.467
                      36:-0.804
 
 I= 13/2- (2)  5.620  25: 0.177
                      27:-0.557
                      30: 0.674
                      33: 0.192
                      35:-0.373
                      37:-0.089
                      38:-0.140
 
 I= 13/2- (3)  6.150  26: 0.974
                      28: 0.073
                      34: 0.212
 
 I= 13/2- (4)  6.330  26:-0.211
                      28: 0.254
                      29: 0.221
                      32: 0.053
                      34: 0.795
                      36:-0.456
 
 I= 13/2- (5)  6.449  25:-0.186
                      27: 0.151
                      30:-0.129
                      33: 0.714
                      35: 0.082
                      37:-0.529
                      38:-0.361

             ENERGY     K=-3/2
  35 LEVELS    TIME=  0.0 SEC



 ******************* EXCITATION ENERGIES, DOMINANT CONFIGURATION AND EXPECTATION VALUES (WITH S.P. UU+VV FACTORS) *******************

  NR  Eex(keV)  I   Kdom  NY    <Jz>  <Jx**2> <Jy**2> <Jz**2> <I.j>/|I|  <Rx**2> <Ry**2> <Rz**2> <R.j>/|R|  <HROTx> <HROTy> <HROTz>

   1    0.0   3/2-  -3/2  32   -0.95    5.09    5.09    1.70    1.26       5.38    5.38    0.00   -2.88      0.656   0.656   0.000
   2   56.0   1/2-   1/2  31    0.50    5.06    5.06    0.25    0.07       5.50    5.50   -0.00   -3.11      0.670   0.670  -0.000
   3  166.1   7/2-  -7/2  34   -3.36    2.32    2.32   12.11    3.18       3.62    3.62    0.00   -1.53      0.442   0.442   0.000
   4  323.7   3/2-   1/2  31   -0.09    4.92    4.92    0.84    0.45       6.33    6.33    0.00   -2.75      0.772   0.772   0.000
   5  564.4   5/2-  -3/2  32   -1.04    5.11    5.11    1.81    0.93       7.65    7.65    0.00   -2.38      0.933   0.933   0.000
  
   6  688.4   9/2-   9/2  36    3.02    2.57    2.57   18.66    4.07       4.04    4.04   -0.00   -1.25      0.493   0.493  -0.000
   7 1104.8   5/2-   1/2  31   -0.07    4.74    4.74    0.86    0.21       8.94    8.94    0.00   -2.30      1.089   1.089   0.000
   8 1169.3   7/2-   1/2  31   -0.41    5.06    5.06    1.18    0.95       9.76    9.76    0.00   -1.71      1.190   1.190   0.000
   9 1268.9   9/2-  -7/2  34   -2.17    2.39    2.39   13.10    2.73       7.76    7.76    0.00   -1.10      0.946   0.946   0.000
  10 1550.7   3/2-   1/2  33    0.40   11.95   11.95    0.35    2.00      10.13   10.13    0.00   -4.53      1.235   1.235   0.000
  
  11 1562.0   1/2-   1/2  33    0.50   10.58   10.58    0.25    1.06      10.16   10.16    0.00   -4.54      1.238   1.238   0.000
  12 1648.0  11/2-  -3/2  27    0.10   23.59   23.59    2.85    6.11       6.33    6.33   -0.00   -3.79      0.772   0.772  -0.000
  13 1652.3   7/2-  -7/2  29   -3.18    6.21    6.21   11.66    3.04       7.86    7.86    0.00   -3.03      0.958   0.958   0.001
  14 1673.0   5/2-   1/2  33    0.35   11.20   11.20    0.40    2.20       9.27    9.27    0.00   -3.78      1.130   1.130   0.000
  15 1797.9   7/2-  -3/2  32   -0.76    5.69    5.69    1.87    0.72      11.65   11.65    0.00   -2.16      1.421   1.421   0.000
  
  16 1799.9   7/2-   1/2  33    0.25   15.04   15.04    0.70    3.17      10.68   10.68    0.00   -3.94      1.302   1.302   0.000
  17 1826.7  11/2-   9/2  36    2.28    2.76    2.76   17.93    3.48       8.76    8.76    0.00   -0.62      1.069   1.069   0.000
  18 2083.4   5/2-   5/2  28    2.45    6.08    6.08    6.18    2.08       7.40    7.40    0.00   -3.17      0.902   0.902   0.000
  19 2312.0   9/2-  -3/2  32   -0.78    5.09    5.09    1.58    0.76      14.45   14.45    0.00   -1.48      1.762   1.762   0.000
  20 2389.9  11/2- -11/2  26   -5.45    2.75    2.75   29.87    5.00       5.65    5.65    0.00   -1.62      0.688   0.688   0.000
  
  21 2394.8   3/2-  -3/2  39   -1.45    1.98    1.98    2.20    0.93       3.15    3.15    0.00   -1.74      0.384   0.384   0.000
  22 2488.0   9/2-   1/2  33    0.26   12.47   12.47    0.74    2.64      12.06   12.06    0.00   -2.55      1.470   1.470   0.000
  23 2593.9  11/2-  -7/2  34   -1.71    2.50    2.50   13.65    2.39      12.90   12.90   -0.00   -0.86      1.573   1.573  -0.000
  24 2807.2   9/2-  -7/2  29   -2.54    5.96    5.96   11.78    2.36      12.46   12.46    0.00   -2.39      1.519   1.519   0.001
  25 3024.7  11/2-   1/2  33    0.16   13.12   13.12    0.84    2.92      13.95   13.95    0.00   -1.82      1.701   1.701   0.000
  
  26 3106.5   5/2-  -3/2  39   -1.33    2.17    2.17    2.15    0.32       6.68    6.68    0.00   -1.52      0.814   0.814   0.000
  27 3206.3  13/2-   9/2  36    1.84    2.92    2.92   17.36    3.08      14.46   14.46    0.00   -0.31      1.762   1.762   0.000
  28 3441.0  13/2-   5/2  30    0.19   23.24   23.24    5.31    4.92      15.89   15.89    0.00   -3.09      1.937   1.937   0.000
  29 3971.1  13/2- -11/2  26   -5.35    2.74    2.74   29.29    4.21      12.34   12.34    0.00   -1.08      1.505   1.505   0.000
  30 4150.8  13/2-  -7/2  34   -1.54    2.61    2.61   14.29    2.18      18.94   18.94    0.00   -0.70      2.309   2.309   0.000
  
  31 4270.3  13/2-   1/2  33    0.20   11.98   11.98    0.74    2.58      18.70   18.70    0.00   -1.09      2.280   2.280   0.000
  32 4506.9   3/2-   1/2  25   -0.43   21.75   21.75    1.18    4.76      14.99   14.99    0.00   -6.48      1.828   1.828   0.000
  33 4625.1   1/2-   1/2  37    0.50   15.75   15.75    0.25   -0.46      16.64   16.64    0.00   -5.57      2.029   2.029   0.000
  34 7793.9   1/2-   1/2  25    0.50   22.99   22.99    0.25   -3.49      26.51   26.51   -0.00   -6.76      3.232   3.232  -0.000
  35*******   1/2-  -3/2  32    0.00    0.00    0.00    0.00    0.00       0.00    0.00   -0.00   -0.00      0.000   0.000  -0.000
  
