1SPECTRUM OF (Z= 82 A=207) IN PARTICLE-ROTOR  MODEL WITH MODIFIED OSCILLATOR POTENTIAL


 PARITY=-   EPS= 0.275   GAMMA=  0.0   EPS4=0.000   EPS6=0.000   LEVELS:  24  25  26  27  28  29  30  31  32  33  34  35  36  37  38

 PAIRING FACTORS: GN0= 19.20  GN1=  7.40  IPAIR= 15 ***  E2PLUS(INPUT)=   0.730  E2PLUR(INPUT)=   0.000

 CORIOLIS ATTENUATION PARAMETERS:  CHSI=1.000  ETA=  1.00

 MOMENT OF INERTIA PARAMETERS:   A1=  0.122 MEV   A2=  0.122 MEV   A3=121.91925 MEV


 DELTA=0.948 MEV  LAMBDA=53.3228 MEV   HW0= 7.4782 MEV   LAMBDA/HW0= 7.1305

 E2ENERGY=0.730 MEV  HBAR**2/B=14022./A**(7/3)=2370.4/A**2 MEV

 IREC=0  =>  RECOIL TERMS j+j-, j+j+, jzjz, ETC TREATED AS ONE-BODY OPERATORS WITH UU+VV PAIRING FACTORS



 S. P. LEVEL   EQP       U     V        (UU + VV)**1.00

     24       5.073    0.094 0.996      1.000 1.000 0.999 0.998 0.978 0.973 0.969 0.923 0.849 0.663 0.407 0.377 0.338 0.277 0.274
     25       4.115    0.116 0.993      1.000 1.000 1.000 0.999 0.982 0.978 0.975 0.932 0.861 0.680 0.428 0.397 0.359 0.298 0.295
     26       3.609    0.132 0.991      0.999 1.000 1.000 1.000 0.985 0.981 0.978 0.938 0.869 0.692 0.443 0.412 0.374 0.314 0.311
     27       3.058    0.157 0.988      0.998 0.999 1.000 1.000 0.989 0.986 0.983 0.946 0.881 0.710 0.465 0.435 0.397 0.337 0.334
     28       1.653    0.301 0.954      0.978 0.982 0.985 0.989 1.000 1.000 0.999 0.983 0.941 0.806 0.590 0.563 0.528 0.472 0.469
     29       1.554    0.322 0.947      0.973 0.978 0.981 0.986 1.000 1.000 1.000 0.987 0.948 0.819 0.608 0.581 0.547 0.492 0.489
     30       1.499    0.336 0.942      0.969 0.975 0.978 0.983 0.999 1.000 1.000 0.989 0.953 0.827 0.619 0.593 0.559 0.504 0.502
     31       1.145    0.469 0.883      0.923 0.932 0.938 0.946 0.983 0.987 0.989 1.000 0.987 0.900 0.727 0.703 0.673 0.624 0.622
     32       0.983    0.606 0.796      0.849 0.861 0.869 0.881 0.941 0.948 0.953 0.987 1.000 0.959 0.828 0.809 0.784 0.743 0.741
     33       0.995    0.807 0.590      0.663 0.680 0.692 0.710 0.806 0.819 0.827 0.900 0.959 1.000 0.954 0.943 0.928 0.903 0.901
     34       1.564    0.947 0.320      0.407 0.428 0.443 0.465 0.590 0.608 0.619 0.727 0.828 0.954 1.000 0.999 0.997 0.990 0.990
     35       1.719    0.958 0.288      0.377 0.397 0.412 0.435 0.563 0.581 0.593 0.703 0.809 0.943 0.999 1.000 0.999 0.994 0.994
     36       1.971    0.969 0.248      0.338 0.359 0.374 0.397 0.528 0.547 0.559 0.673 0.784 0.928 0.997 0.999 1.000 0.998 0.998
     37       2.602    0.983 0.185      0.277 0.298 0.314 0.337 0.472 0.492 0.504 0.624 0.743 0.903 0.990 0.994 0.998 1.000 1.000
     38       2.645    0.983 0.182      0.274 0.295 0.311 0.334 0.469 0.489 0.502 0.622 0.741 0.901 0.990 0.994 0.998 1.000 1.000

  R CORE   ENERGY   A0R/A00=1.000    R3= 0     2  
   2( 1)    0.732                    1.000 0.000
   2( 2)  487.921                    0.000 1.000

  R CORE   ENERGY   A0R/A00=1.000    R3= 0     2  
   3( 1)  488.652                    0.000 1.000

  R CORE   ENERGY   A0R/A00=1.000    R3= 0     2     4  
   4( 1)    2.438                    1.000 0.000 0.000

  R CORE   ENERGY   A0R/A00=1.000    R3= 0     2     4  
   5( 1)  490.847                    0.000 1.000 0.000

  R CORE   ENERGY   A0R/A00=1.000    R3= 0     2     4     6  
   6( 1)    5.121                    1.000 0.000 0.000 0.000

  R CORE   ENERGY   A0R/A00=1.000    R3= 0     2     4     6  
   7( 1)  494.017                    0.000 1.000 0.000 0.000

          AXIAL SYMMETRY => K RESTRICTED TO OMEGA

                     K
     S.P. ORB#: 24  2.50
     S.P. ORB#: 25  0.50
     S.P. ORB#: 26  2.50
     S.P. ORB#: 27 -3.50
     S.P. ORB#: 28  0.50
     S.P. ORB#: 29 -3.50
     S.P. ORB#: 30 -1.50
     S.P. ORB#: 31  4.50
     S.P. ORB#: 32  0.50
     S.P. ORB#: 33 -1.50
     S.P. ORB#: 34  2.50
     S.P. ORB#: 35 -1.50
     S.P. ORB#: 36  2.50
     S.P. ORB#: 37  0.50
     S.P. ORB#: 38 -3.50
 

             ENERGY    K= OMEGA
 
 I=  1/2- (1)  2.808  28:-0.952
                      37:-0.306
 
 I=  1/2- (2)  2.922  25:-0.070
                      28: 0.304
                      37:-0.950
 
 I=  1/2- (3)  5.559  25: 0.997
                      37:-0.060
 
 I=  1/2- (4)  8.159  32: 1.000
 
 I=  1/2- (5)147.298  33: 1.000

             ENERGY    K= OMEGA
 
 I=  3/2- (1)  2.198  25: 0.088
                      28: 0.323
                      30: 0.189
                      35: 0.918
                      37:-0.094
 
 I=  3/2- (2)  2.665  25:-0.081
                      28: 0.267
                      30:-0.950
                      35: 0.117
                      37: 0.081

             ENERGY    K= OMEGA
 
 I=  5/2- (1)  2.346  25:-0.153
                      28: 0.299
                      30: 0.452
                      35:-0.401
                      36:-0.714
                      37: 0.106
 
 I=  5/2- (2)  2.829  25: 0.110
                      26:-0.057
                      28: 0.072
                      30:-0.510
                      35:-0.819
                      36: 0.117
                      37:-0.179
 
 I=  5/2- (3)  2.967  24: 0.058
                      25:-0.206
                      28: 0.486
                      30: 0.416
                      35:-0.206
                      36: 0.664
                      37: 0.248
 
 I=  5/2- (4)  3.752  25: 0.169
                      30:-0.304
                      36:-0.094
                      37: 0.932
 
 I=  5/2- (5)  4.163  24: 0.060
                      25: 0.090
                      28:-0.787
                      30: 0.452
                      35:-0.349
                      36: 0.155
                      37: 0.139

             ENERGY    K= OMEGA
 
 I=  7/2- (1)  2.303  26:-0.219
                      27: 0.083
                      29: 0.969
 
 I=  7/2- (2)  3.004  27:-0.066
                      28: 0.280
                      30:-0.398
                      35: 0.489
                      36:-0.718
 
 I=  7/2- (3)  3.208  32:-0.739
                      33:-0.571
                      34:-0.333
                      38:-0.130
 
 I=  7/2- (4)  3.299  24:-0.069
                      25: 0.277
                      27: 0.053
                      28: 0.480
                      29:-0.070
                      30: 0.503
                      35: 0.557
                      36: 0.273
                      37:-0.204
 
 I=  7/2- (5)  4.145  24:-0.152
                      27: 0.130
                      28:-0.497
                      30: 0.648
                      35: 0.053
                      36:-0.537

             ENERGY    K= OMEGA
 
 I=  9/2- (1)  1.932  24: 0.060
                      26:-0.059
                      27: 0.255
                      29:-0.166
                      31:-0.948
 
 I=  9/2- (2)  3.183  24: 0.083
                      25:-0.085
                      26: 0.287
                      27: 0.135
                      28: 0.096
                      29: 0.895
                      30: 0.189
                      31:-0.125
                      36:-0.144
 
 I=  9/2- (3)  3.404  24:-0.068
                      25: 0.309
                      26: 0.087
                      28:-0.422
                      29: 0.254
                      30:-0.575
                      31:-0.091
                      35: 0.304
                      36: 0.431
                      37:-0.179
 
 I=  9/2- (4)  4.463  32:-0.246
                      33: 0.608
                      34:-0.645
                      38: 0.392
 
 I=  9/2- (5)  4.526  24:-0.094
                      25: 0.196
                      26:-0.052
                      28:-0.063
                      29: 0.069
                      30:-0.414
                      35:-0.707
                      36:-0.429
                      37:-0.290

             ENERGY    K= OMEGA
 
 I= 11/2- (1)  2.363  32:-0.696
                      33:-0.574
                      34:-0.388
                      38:-0.189
 
 I= 11/2- (2)  2.895  24: 0.105
                      26:-0.096
                      27:-0.356
                      29: 0.217
                      31:-0.896
 
 I= 11/2- (3)  4.290  24:-0.111
                      25: 0.054
                      26:-0.344
                      27: 0.172
                      29: 0.878
                      30: 0.154
                      31: 0.158
                      36: 0.119
 
 I= 11/2- (4)  4.892  24:-0.094
                      25: 0.066
                      26: 0.076
                      27: 0.077
                      28:-0.281
                      29:-0.124
                      30: 0.511
                      31:-0.129
                      35:-0.440
                      36: 0.640
 
 I= 11/2- (5)  5.137  24: 0.091
                      25:-0.364
                      28:-0.570
                      29: 0.162
                      30:-0.448
                      31: 0.082
                      35:-0.485
                      36:-0.115
                      37: 0.224

             ENERGY    K= OMEGA
 
 I= 13/2- (1)  4.051  24: 0.151
                      26:-0.123
                      27: 0.426
                      29:-0.239
                      30: 0.074
                      31:-0.844
 
 I= 13/2- (2)  4.607  32:-0.232
                      33: 0.587
                      34:-0.653
                      38: 0.419
 
 I= 13/2- (3)  5.231  24:-0.130
                      25: 0.386
                      26:-0.114
                      27:-0.076
                      28:-0.433
                      29:-0.263
                      30:-0.596
                      31:-0.085
                      35: 0.210
                      36: 0.339
                      37:-0.193
 
 I= 13/2- (4)  5.683  24:-0.084
                      25:-0.120
                      26:-0.372
                      27:-0.174
                      28: 0.173
                      29:-0.826
                      30: 0.127
                      31: 0.218
                      35:-0.162
                      36:-0.069
                      37: 0.059
 
 I= 13/2- (5)  7.207  24:-0.087
                      25: 0.196
                      29: 0.095
                      30:-0.296
                      35:-0.695
                      36:-0.524
                      37:-0.310

             ENERGY     K=-7/2
  32 LEVELS    TIME=  0.0 SEC



 ******************* EXCITATION ENERGIES, DOMINANT CONFIGURATION AND EXPECTATION VALUES (WITH S.P. UU+VV FACTORS) *******************

  NR  Eex(keV)  I   Kdom  NY    <Jz>  <Jx**2> <Jy**2> <Jz**2> <I.j>/|I|  <Rx**2> <Ry**2> <Rz**2> <R.j>/|R|  <HROTx> <HROTy> <HROTz>

   1    0.0   9/2-   9/2  31    3.74    2.67    2.67   19.39    4.46       2.57    2.57    0.00   -1.13      0.314   0.314   0.000
   2  266.1   3/2-  -3/2  35   -1.26    1.91    1.91    2.01    1.48       1.92    1.92   -0.00   -1.51      0.234   0.234  -0.000
   3  371.8   7/2-  -7/2  29   -3.19    2.28    2.28   11.92    3.40       2.60    2.60   -0.00   -1.30      0.317   0.317  -0.000
   4  414.3   5/2-   5/2  36    0.79    2.90    2.90    4.04    2.47       1.98    1.98    0.00   -1.27      0.241   0.241   0.000
   5  431.3  11/2-   1/2  32   -0.00   25.79   25.79    2.24    6.65       5.04    5.04    0.00   -4.43      0.614   0.614   0.000
  
   6  733.9   3/2-  -3/2  30   -1.33    4.56    4.56    2.08    1.47       4.62    4.62    0.00   -2.74      0.564   0.564   0.000
   7  876.0   1/2-   1/2  28    0.50    4.36    4.36    0.25    0.57       4.37    4.37    0.00   -2.87      0.532   0.532   0.000
   8  896.9   5/2-  -3/2  35   -1.33    2.12    2.12    2.23    1.06       4.49    4.49   -0.00   -1.12      0.547   0.547  -0.000
   9  963.7  11/2-   9/2  31    3.06    3.06    3.06   18.54    4.08       5.83    5.83   -0.00   -0.08      0.711   0.711  -0.000
  10  990.7   1/2-   1/2  37    0.50    1.60    1.60    0.25    0.53       1.64    1.64    0.00   -1.65      0.200   0.200   0.000
  
  11 1035.8   5/2-   5/2  36    0.96    3.34    3.34    3.35    1.75       4.20    4.20    0.00   -1.67      0.512   0.512   0.000
  12 1072.8   7/2-   5/2  36    0.72    2.62    2.62    4.22    1.95       4.85    4.85    0.00   -0.55      0.591   0.591   0.000
  13 1251.3   9/2-  -7/2  29   -2.57    2.51    2.51   11.13    2.97       5.68    5.68    0.00   -0.41      0.693   0.693   0.000
  14 1276.1   7/2-   1/2  32    0.00   25.82   25.82    1.77    6.51       8.73    8.73    0.00   -6.60      1.064   1.064   0.000
  15 1367.6   7/2-  -3/2  35   -0.50    2.98    2.98    1.95    1.54       5.70    5.70    0.00   -0.53      0.696   0.696   0.000
  
  16 1472.8   9/2-  -3/2  30   -0.18    4.17    4.17    3.23    2.45       5.95    5.95    0.00    0.19      0.725   0.725   0.000
  17 1819.9   5/2-   1/2  37    0.34    1.69    1.69    0.50    0.46       4.96    4.96    0.00   -0.80      0.605   0.605   0.000
  18 2119.9  13/2-   9/2  31    2.46    3.45    3.45   17.62    3.84       9.85    9.85    0.00    0.51      1.201   1.201   0.000
  19 2213.1   7/2-  -3/2  30    0.21    3.66    3.66    3.18    0.87       9.67    9.67    0.00   -1.60      1.179   1.179   0.000
  20 2231.5   5/2-   1/2  28   -0.10    4.21    4.21    1.07   -0.35      10.15   10.15    0.00   -2.34      1.238   1.238   0.000
  
  21 2358.7  11/2-  -7/2  29   -2.36    2.54    2.54   11.27    2.71       9.85    9.85   -0.00   -0.03      1.201   1.201  -0.000
  22 2531.4   9/2-   5/2  34   -0.02   25.64   25.64    5.33    5.72      12.21   12.21    0.00   -5.69      1.489   1.489   0.000
  23 2594.7   9/2-  -3/2  35   -0.47    2.18    2.18    2.84    1.07      10.65   10.65    0.00   -0.41      1.299   1.299   0.000
  24 2674.9  13/2-   5/2  34   -0.04   25.59   25.59    5.60    5.75      12.63   12.63    0.00   -3.31      1.540   1.540   0.000
  25 2960.5  11/2-   5/2  36    0.42    3.14    3.14    4.29    1.76      12.65   12.65    0.00   -0.01      1.543   1.543   0.000
  
  26 3205.0  11/2-   1/2  28   -0.41    3.34    3.34    1.72    1.57      12.69   12.69   -0.00    0.20      1.548   1.548  -0.000
  27 3299.0  13/2-  -3/2  30   -0.28    4.56    4.56    2.96    2.53      12.76   12.76    0.00    1.10      1.555   1.555   0.000
  28 3627.0   1/2-   1/2  25    0.50    6.05    6.05    0.25    0.69       5.96    5.96    0.00   -3.41      0.727   0.727   0.000
  29 3751.7  13/2-  -7/2  29   -1.94    2.76    2.76   10.74    2.45      15.36   15.36    0.00    0.16      1.873   1.873   0.000
  30 5275.2  13/2-  -3/2  35   -0.11    2.00    2.00    3.21    0.93      21.47   21.47   -0.00   -0.11      2.617   2.617  -0.000
  
  31 6226.9   1/2-   1/2  32    0.50   25.65   25.65    0.25   -3.78      29.43   29.43   -0.00   -7.15      3.588   3.588  -0.000
  32*******   1/2-  -3/2  33    0.00    0.00    0.00    0.00   -0.00       0.00    0.00   -0.00   -0.00      0.000   0.000  -0.000
