1SPECTRUM OF (Z= 82 A=207) IN PARTICLE-ROTOR  MODEL WITH MODIFIED OSCILLATOR POTENTIAL


 PARITY=-   EPS= 0.392   GAMMA=  0.0   EPS4=0.000   EPS6=0.000   LEVELS:  24  25  26  27  28  29  30  31  32  33  34  35  36  37  38

 PAIRING FACTORS: GN0= 19.20  GN1=  7.40  IPAIR= 15 ***  E2PLUS(INPUT)=   0.730  E2PLUR(INPUT)=   0.000

 CORIOLIS ATTENUATION PARAMETERS:  CHSI=1.000  ETA=  1.00

 MOMENT OF INERTIA PARAMETERS:   A1=  0.122 MEV   A2=  0.122 MEV   A3=121.91924 MEV


 DELTA=0.850 MEV  LAMBDA=53.4701 MEV   HW0= 7.5538 MEV   LAMBDA/HW0= 7.0786

 E2ENERGY=0.730 MEV  HBAR**2/B=28492./A**(7/3)=4816.6/A**2 MEV

 IREC=0  =>  RECOIL TERMS j+j-, j+j+, jzjz, ETC TREATED AS ONE-BODY OPERATORS WITH UU+VV PAIRING FACTORS



 S. P. LEVEL   EQP       U     V        (UU + VV)**1.00

     24       4.296    0.099 0.995      1.000 1.000 0.999 0.998 0.995 0.993 0.927 0.890 0.840 0.554 0.422 0.402 0.318 0.227 0.227
     25       3.805    0.112 0.994      1.000 1.000 1.000 0.999 0.996 0.994 0.932 0.896 0.847 0.565 0.434 0.414 0.331 0.240 0.239
     26       3.044    0.141 0.990      0.999 1.000 1.000 1.000 0.998 0.997 0.942 0.909 0.862 0.588 0.459 0.440 0.358 0.268 0.267
     27       2.765    0.156 0.988      0.998 0.999 1.000 1.000 0.999 0.998 0.947 0.915 0.870 0.600 0.473 0.453 0.371 0.282 0.281
     28       2.207    0.196 0.981      0.995 0.996 0.998 0.999 1.000 1.000 0.959 0.931 0.889 0.633 0.509 0.489 0.410 0.321 0.321
     29       1.999    0.218 0.976      0.993 0.994 0.997 0.998 1.000 1.000 0.965 0.939 0.899 0.650 0.527 0.508 0.429 0.342 0.342
     30       1.032    0.465 0.885      0.927 0.932 0.942 0.947 0.959 0.965 1.000 0.996 0.982 0.826 0.731 0.716 0.651 0.576 0.575
     31       0.934    0.541 0.841      0.890 0.896 0.909 0.915 0.931 0.939 0.996 1.000 0.995 0.872 0.788 0.774 0.715 0.645 0.645
     32       0.872    0.623 0.782      0.840 0.847 0.862 0.870 0.889 0.899 0.982 0.995 1.000 0.917 0.846 0.834 0.781 0.719 0.718
     33       1.027    0.884 0.468      0.554 0.565 0.588 0.600 0.633 0.650 0.826 0.872 0.917 1.000 0.989 0.985 0.966 0.937 0.936
     34       1.365    0.944 0.330      0.422 0.434 0.459 0.473 0.509 0.527 0.731 0.788 0.846 0.989 1.000 1.000 0.994 0.979 0.979
     35       1.448    0.951 0.309      0.402 0.414 0.440 0.453 0.489 0.508 0.716 0.774 0.834 0.985 1.000 1.000 0.996 0.983 0.983
     36       1.959    0.975 0.222      0.318 0.331 0.358 0.371 0.410 0.429 0.651 0.715 0.781 0.966 0.994 0.996 1.000 0.995 0.995
     37       3.322    0.992 0.129      0.227 0.240 0.268 0.282 0.321 0.342 0.576 0.645 0.719 0.937 0.979 0.983 0.995 1.000 1.000
     38       3.332    0.992 0.129      0.227 0.239 0.267 0.281 0.321 0.342 0.575 0.645 0.718 0.936 0.979 0.983 0.995 1.000 1.000

  R CORE   ENERGY   A0R/A00=1.000    R3= 0     2  
   2( 1)    0.732                    1.000 0.000
   2( 2)  487.921                    0.000 1.000

  R CORE   ENERGY   A0R/A00=1.000    R3= 0     2  
   3( 1)  488.652                    0.000 1.000

  R CORE   ENERGY   A0R/A00=1.000    R3= 0     2     4  
   4( 1)    2.438                    1.000 0.000 0.000

  R CORE   ENERGY   A0R/A00=1.000    R3= 0     2     4  
   5( 1)  490.847                    0.000 1.000 0.000

  R CORE   ENERGY   A0R/A00=1.000    R3= 0     2     4     6  
   6( 1)    5.121                    1.000 0.000 0.000 0.000

  R CORE   ENERGY   A0R/A00=1.000    R3= 0     2     4     6  
   7( 1)  494.017                    0.000 1.000 0.000 0.000

          AXIAL SYMMETRY => K RESTRICTED TO OMEGA

                     K
     S.P. ORB#: 24  0.50
     S.P. ORB#: 25 -5.50
     S.P. ORB#: 26  0.50
     S.P. ORB#: 27  2.50
     S.P. ORB#: 28 -3.50
     S.P. ORB#: 29 -1.50
     S.P. ORB#: 30  0.50
     S.P. ORB#: 31 -1.50
     S.P. ORB#: 32  2.50
     S.P. ORB#: 33 -3.50
     S.P. ORB#: 34  0.50
     S.P. ORB#: 35  4.50
     S.P. ORB#: 36 -3.50
     S.P. ORB#: 37 -1.50
     S.P. ORB#: 38  0.50
 

             ENERGY    K= OMEGA
 
 I=  1/2- (1)  2.331  30: 0.999
 
 I=  1/2- (2)  4.306  26: 0.192
                      34:-0.913
                      38: 0.360
 
 I=  1/2- (3)  5.975  24: 0.999
 
 I=  1/2- (4)  7.264  26:-0.337
                      34: 0.283
                      38: 0.898
 
 I=  1/2- (5)  9.423  26: 0.922
                      34: 0.294
                      38: 0.253

             ENERGY    K= OMEGA
 
 I=  3/2- (1)  2.235  24: 0.060
                      30:-0.330
                      31: 0.942
 
 I=  3/2- (2)  2.429  24:-0.195
                      30:-0.913
                      31:-0.307
                      37:-0.183

             ENERGY    K= OMEGA
 
 I=  5/2- (1)  2.495  24:-0.260
                      30: 0.506
                      31: 0.818
                      37:-0.071
 
 I=  5/2- (2)  3.346  27:-0.067
                      30: 0.781
                      31:-0.523
                      37:-0.333
 
 I=  5/2- (3)  4.525  27:-0.921
                      30:-0.153
                      31: 0.106
                      37:-0.341
 
 I=  5/2- (4)  4.712  26: 0.144
                      34:-0.802
                      38: 0.578
 
 I=  5/2- (5)  4.751  24:-0.065
                      27:-0.381
                      30: 0.272
                      31:-0.097
                      37: 0.876

             ENERGY    K= OMEGA
 
 I=  7/2- (1)  1.913  27: 0.152
                      33:-0.988
 
 I=  7/2- (2)  3.413  24:-0.184
                      30:-0.911
                      31: 0.254
                      37:-0.267
 
 I=  7/2- (3)  3.483  24:-0.278
                      27: 0.075
                      30:-0.174
                      31:-0.935
                      37:-0.107
 
 I=  7/2- (4)  4.111  27: 0.181
                      28: 0.982
 
 I=  7/2- (5)  4.121  26:-0.603
                      29:-0.588
                      32:-0.493
                      36:-0.216

             ENERGY    K= OMEGA
 
 I=  9/2- (1)  2.376  27: 0.087
                      28:-0.164
                      33: 0.363
                      35: 0.913
 
 I=  9/2- (2)  2.992  27: 0.204
                      28: 0.098
                      33: 0.904
                      35:-0.361
 
 I=  9/2- (3)  3.708  24:-0.388
                      30: 0.563
                      31: 0.716
                      37:-0.129
 
 I=  9/2- (4)  4.783  26:-0.208
                      29: 0.553
                      32:-0.693
                      36: 0.413
 
 I=  9/2- (5)  5.217  27: 0.274
                      28:-0.760
                      30:-0.370
                      31: 0.322
                      35:-0.147
                      37: 0.287

             ENERGY    K= OMEGA
 
 I= 11/2- (1)  3.517  27: 0.135
                      28: 0.223
                      33:-0.446
                      35: 0.855
 
 I= 11/2- (2)  3.547  26:-0.603
                      29:-0.589
                      32:-0.474
                      34:-0.109
                      36:-0.230
 
 I= 11/2- (3)  4.295  27: 0.240
                      28:-0.146
                      33:-0.849
                      35:-0.443
 
 I= 11/2- (4)  5.148  25:-0.999
 
 I= 11/2- (5)  5.299  24:-0.359
                      30:-0.844
                      31:-0.228
                      37:-0.322

             ENERGY    K= OMEGA
 
 I= 13/2- (1)  4.891  27:-0.175
                      28: 0.263
                      33:-0.489
                      35:-0.812
 
 I= 13/2- (2)  5.342  26: 0.216
                      29:-0.565
                      32: 0.680
                      36:-0.414
 
 I= 13/2- (3)  5.741  24:-0.429
                      27: 0.127
                      28: 0.070
                      30: 0.519
                      31: 0.620
                      33: 0.286
                      35:-0.208
                      37:-0.127
 
 I= 13/2- (4)  5.846  24: 0.178
                      27: 0.237
                      28: 0.170
                      30:-0.230
                      31:-0.233
                      33: 0.758
                      35:-0.438
                      37: 0.083
 
 I= 13/2- (5)  6.735  25:-0.998
                      35:-0.051

             ENERGY     K= 1/2
  32 LEVELS    TIME=  0.0 SEC



 ******************* EXCITATION ENERGIES, DOMINANT CONFIGURATION AND EXPECTATION VALUES (WITH S.P. UU+VV FACTORS) *******************

  NR  Eex(keV)  I   Kdom  NY    <Jz>  <Jx**2> <Jy**2> <Jz**2> <I.j>/|I|  <Rx**2> <Ry**2> <Rz**2> <R.j>/|R|  <HROTx> <HROTy> <HROTz>

   1    0.0   7/2-  -7/2  33   -3.36    2.30    2.30   12.11    3.22       3.46    3.46    0.00   -1.50      0.422   0.422   0.000
   2  321.9   3/2-  -3/2  31   -1.28    4.99    4.99    2.03    1.36       5.24    5.24    0.00   -2.89      0.639   0.639   0.000
   3  418.0   1/2-   1/2  30    0.50    5.00    5.00    0.25    0.23       5.30    5.30   -0.00   -3.09      0.646   0.646  -0.000
   4  462.7   9/2-   9/2  35    3.22    2.50    2.50   18.87    4.10       3.91    3.91    0.00   -1.24      0.476   0.476   0.000
   5  516.0   3/2-   1/2  30    0.24    4.70    4.70    0.51    0.97       4.94    4.94    0.00   -2.55      0.603   0.603   0.000
  
   6  582.4   5/2-  -3/2  31   -0.85    5.26    5.26    1.61    1.73       5.31    5.31    0.00   -2.15      0.647   0.647   0.000
   7 1079.0   9/2-  -7/2  33   -2.20    2.37    2.37   13.03    2.77       7.49    7.49    0.00   -1.03      0.913   0.913   0.000
   8 1432.8   5/2-   1/2  30   -0.26    4.52    4.52    1.04    0.31       8.50    8.50    0.00   -2.22      1.037   1.037   0.000
   9 1499.7   7/2-   1/2  30    0.23    4.68    4.68    0.52    1.04       8.67    8.67    0.00   -1.38      1.057   1.057   0.000
  10 1569.9   7/2-  -3/2  31   -1.27    4.97    4.97    2.07    1.17       9.22    9.22    0.00   -1.71      1.124   1.124   0.000
  
  11 1603.9  11/2-   9/2  35    2.46    2.66    2.66   18.01    3.51       8.56    8.56    0.00   -0.57      1.044   1.044   0.000
  12 1634.5  11/2-   1/2  26    0.05   23.20   23.20    2.93    6.13       5.87    5.87    0.00   -3.69      0.715   0.715   0.000
  13 1794.5   9/2-  -3/2  31   -0.56    5.50    5.50    1.33    1.92       9.00    9.00    0.00   -0.66      1.097   1.097   0.000
  14 2198.4   7/2-  -7/2  28   -3.30    6.24    6.24   12.03    3.12       7.74    7.74   -0.00   -3.08      0.944   0.944  -0.001
  15 2208.2   7/2-   1/2  26    0.11   22.81   22.81    2.96    6.02       8.27    8.27    0.00   -6.07      1.009   1.009   0.000
  
  16 2382.4  11/2-  -7/2  33   -1.58    2.45    2.45   13.46    2.43      12.53   12.53    0.00   -0.77      1.528   1.528   0.000
  17 2392.7   1/2-   1/2  34    0.50   11.14   11.14    0.25    1.02      10.76   10.76    0.00   -4.67      1.312   1.312   0.000
  18 2612.3   5/2-   5/2  27    1.94    5.57    5.57    5.60    1.87       7.20    7.20    0.00   -2.95      0.878   0.878   0.000
  19 2798.5   5/2-   1/2  34    0.50   11.29   11.29    0.25    1.66      10.88   10.88    0.00   -3.84      1.326   1.326   0.000
  20 2837.7   5/2-  -3/2  37   -0.76    2.81    2.81    2.68    0.53       6.96    6.96    0.00   -1.80      0.849   0.849   0.000
  
  21 2870.1   9/2-   5/2  32    0.17   23.64   23.64    5.79    5.11      13.48   13.48    0.00   -5.32      1.643   1.643   0.000
  22 2977.7  13/2-   9/2  35    1.95    2.81    2.81   17.35    3.11      14.13   14.13    0.00   -0.23      1.723   1.723   0.000
  23 3235.2  11/2- -11/2  25   -5.48    2.75    2.75   30.22    5.05       5.53    5.53    0.00   -1.66      0.674   0.674   0.000
  24 3303.7   9/2-  -7/2  28   -1.96    5.36    5.36    8.47    1.79      13.08   13.08   -0.00   -2.01      1.594   1.594  -0.000
  25 3386.0  11/2-   1/2  30    0.18    4.53    4.53    0.60    1.32      14.81   14.81    0.00   -0.32      1.805   1.805   0.000
  
  26 3428.7  13/2-   5/2  32    0.10   23.65   23.65    5.72    5.04      15.67   15.67    0.00   -3.18      1.911   1.911   0.000
  27 3827.6  13/2-  -3/2  31   -0.44    5.24    5.24    3.07    2.08      16.63   16.63    0.00    0.17      2.028   2.028   0.000
  28 3933.3  13/2-  -7/2  33   -1.17    2.96    2.96   11.86    2.13      18.40   18.40    0.00   -0.48      2.244   2.244   0.000
  29 4062.5   1/2-   1/2  24    0.50    6.97    6.97    0.25    0.64       6.92    6.92    0.00   -3.67      0.843   0.843   0.000
  30 4822.4  13/2- -11/2  25   -5.47    2.75    2.75   30.19    4.32      12.06   12.06    0.00   -1.13      1.470   1.470   0.000
  
  31 5351.0   1/2-   1/2  38    0.50   15.90   15.90    0.25   -0.59      16.91   16.91    0.00   -5.60      2.061   2.061   0.000
  32 7509.6   1/2-   1/2  26    0.50   23.20   23.20    0.25   -3.44      26.68   26.68   -0.00   -6.79      3.252   3.252  -0.000
