1SPECTRUM OF (Z= 82 A=207) IN PARTICLE-ROTOR  MODEL WITH MODIFIED OSCILLATOR POTENTIAL


 PARITY=-   EPS= 0.483   GAMMA=  0.0   EPS4=0.000   EPS6=0.000   LEVELS:  25  26  27  28  29  30  31  32  33  34  35  36  37  38  39

 PAIRING FACTORS: GN0= 19.20  GN1=  7.40  IPAIR= 15 ***  E2PLUS(INPUT)=   0.730  E2PLUR(INPUT)=   0.000

 CORIOLIS ATTENUATION PARAMETERS:  CHSI=1.000  ETA=  1.00

 MOMENT OF INERTIA PARAMETERS:   A1=  0.122 MEV   A2=  0.122 MEV   A3=121.91923 MEV


 DELTA=0.848 MEV  LAMBDA=53.4419 MEV   HW0= 7.6367 MEV   LAMBDA/HW0= 6.9980

 E2ENERGY=0.730 MEV  HBAR**2/B=43256./A**(7/3)=7312.4/A**2 MEV

 IREC=0  =>  RECOIL TERMS j+j-, j+j+, jzjz, ETC TREATED AS ONE-BODY OPERATORS WITH UU+VV PAIRING FACTORS



 S. P. LEVEL   EQP       U     V        (UU + VV)**1.00

     25       4.101    0.104 0.995      1.000 1.000 0.995 0.991 0.976 0.971 0.952 0.631 0.559 0.358 0.315 0.275 0.266 0.243 0.199
     26       3.458    0.124 0.992      1.000 1.000 0.997 0.993 0.980 0.976 0.958 0.646 0.576 0.376 0.333 0.294 0.285 0.262 0.218
     27       2.107    0.206 0.979      0.995 0.997 1.000 0.999 0.993 0.991 0.978 0.708 0.642 0.452 0.411 0.373 0.364 0.341 0.299
     28       1.838    0.238 0.971      0.991 0.993 0.999 1.000 0.997 0.995 0.984 0.730 0.666 0.481 0.440 0.403 0.394 0.372 0.330
     29       1.410    0.317 0.948      0.976 0.980 0.993 0.997 1.000 1.000 0.996 0.785 0.726 0.552 0.513 0.477 0.469 0.448 0.407
     30       1.338    0.337 0.942      0.971 0.976 0.991 0.995 1.000 1.000 0.997 0.797 0.740 0.569 0.531 0.495 0.487 0.466 0.426
     31       1.147    0.404 0.915      0.952 0.958 0.978 0.984 0.996 0.997 1.000 0.839 0.787 0.627 0.591 0.557 0.549 0.529 0.490
     32       0.926    0.837 0.547      0.631 0.646 0.708 0.730 0.785 0.797 0.839 1.000 0.996 0.950 0.935 0.919 0.916 0.906 0.886
     33       1.022    0.883 0.470      0.559 0.576 0.642 0.666 0.726 0.740 0.787 0.996 1.000 0.974 0.963 0.951 0.948 0.940 0.924
     34       1.698    0.966 0.259      0.358 0.376 0.452 0.481 0.552 0.569 0.627 0.950 0.974 1.000 0.999 0.996 0.995 0.993 0.986
     35       2.028    0.977 0.214      0.315 0.333 0.411 0.440 0.513 0.531 0.591 0.935 0.963 0.999 1.000 0.999 0.999 0.997 0.993
     36       2.480    0.985 0.174      0.275 0.294 0.373 0.403 0.477 0.495 0.557 0.919 0.951 0.996 0.999 1.000 1.000 0.999 0.997
     37       2.616    0.986 0.164      0.266 0.285 0.364 0.394 0.469 0.487 0.549 0.916 0.948 0.995 0.999 1.000 1.000 1.000 0.998
     38       3.047    0.990 0.141      0.243 0.262 0.341 0.372 0.448 0.466 0.529 0.906 0.940 0.993 0.997 0.999 1.000 1.000 0.999
     39       4.439    0.995 0.096      0.199 0.218 0.299 0.330 0.407 0.426 0.490 0.886 0.924 0.986 0.993 0.997 0.998 0.999 1.000

  R CORE   ENERGY   A0R/A00=1.000    R3= 0     2  
   2( 1)    0.732                    1.000 0.000
   2( 2)  487.921                    0.000 1.000

  R CORE   ENERGY   A0R/A00=1.000    R3= 0     2  
   3( 1)  488.652                    0.000 1.000

  R CORE   ENERGY   A0R/A00=1.000    R3= 0     2     4  
   4( 1)    2.438                    1.000 0.000 0.000

  R CORE   ENERGY   A0R/A00=1.000    R3= 0     2     4  
   5( 1)  490.847                    0.000 1.000 0.000

  R CORE   ENERGY   A0R/A00=1.000    R3= 0     2     4     6  
   6( 1)    5.121                    1.000 0.000 0.000 0.000

  R CORE   ENERGY   A0R/A00=1.000    R3= 0     2     4     6  
   7( 1)  494.017                    0.000 1.000 0.000 0.000

          AXIAL SYMMETRY => K RESTRICTED TO OMEGA

                     K
     S.P. ORB#: 25  0.50
     S.P. ORB#: 26 -1.50
     S.P. ORB#: 27 -5.50
     S.P. ORB#: 28  2.50
     S.P. ORB#: 29  2.50
     S.P. ORB#: 30 -3.50
     S.P. ORB#: 31  0.50
     S.P. ORB#: 32  0.50
     S.P. ORB#: 33 -1.50
     S.P. ORB#: 34 -3.50
     S.P. ORB#: 35  0.50
     S.P. ORB#: 36 -3.50
     S.P. ORB#: 37 -1.50
     S.P. ORB#: 38  4.50
     S.P. ORB#: 39  4.50
 

             ENERGY    K= OMEGA
 
 I=  1/2- (1)  2.310  32: 0.999
 
 I=  1/2- (2)  4.366  31:-0.921
                      35: 0.390
 
 I=  1/2- (3)  5.905  25: 0.999
 
 I=  1/2- (4)  6.325  31: 0.390
                      35: 0.921
 
 I=  1/2- (5)147.325  33:-1.000

             ENERGY    K= OMEGA
 
 I=  3/2- (1)  2.351  32: 0.688
                      33:-0.725
 
 I=  3/2- (2)  2.574  25:-0.143
                      32:-0.716
                      33:-0.683

             ENERGY    K= OMEGA
 
 I=  5/2- (1)  2.796  25: 0.197
                      28:-0.082
                      32:-0.525
                      33:-0.824
 
 I=  5/2- (2)  3.511  25: 0.056
                      28: 0.308
                      32:-0.809
                      33: 0.498
 
 I=  5/2- (3)  3.668  28:-0.948
                      32:-0.219
                      33: 0.232
 
 I=  5/2- (4)  4.710  26: 0.125
                      29:-0.106
                      31:-0.824
                      35: 0.484
                      37: 0.246
 
 I=  5/2- (5)  6.380  26: 0.477
                      29:-0.841
                      35:-0.252

             ENERGY    K= OMEGA
 
 I=  7/2- (1)  3.272  28:-0.134
                      30:-0.983
                      36:-0.120
 
 I=  7/2- (2)  3.341  28:-0.319
                      30:-0.066
                      32:-0.057
                      33: 0.109
                      36: 0.937
 
 I=  7/2- (3)  3.565  30: 0.054
                      32:-0.785
                      33: 0.602
                      36:-0.122
 
 I=  7/2- (4)  3.932  25:-0.257
                      28: 0.102
                      32:-0.585
                      33:-0.757
                      36: 0.086
 
 I=  7/2- (5)  4.669  28:-0.932
                      30: 0.158
                      33:-0.140
                      36:-0.291

             ENERGY    K= OMEGA
 
 I=  9/2- (1)  3.702  28:-0.170
                      30: 0.591
                      36:-0.240
                      38:-0.750
 
 I=  9/2- (2)  4.290  25: 0.265
                      28:-0.234
                      30:-0.148
                      32:-0.466
                      33:-0.659
                      36:-0.434
                      38: 0.117
 
 I=  9/2- (3)  4.382  25:-0.165
                      28:-0.220
                      30:-0.297
                      32: 0.303
                      33: 0.381
                      36:-0.773
 
 I=  9/2- (4)  4.746  28: 0.301
                      30:-0.696
                      32:-0.078
                      33:-0.051
                      36: 0.085
                      38:-0.639
 
 I=  9/2- (5)  5.283  26:-0.395
                      29: 0.571
                      31: 0.436
                      34:-0.450
                      35:-0.199
                      37:-0.183
                      39: 0.226

             ENERGY    K= OMEGA
 
 I= 11/2- (1)  3.447  27:-0.999
 
 I= 11/2- (2)  4.749  28:-0.208
                      30:-0.605
                      36: 0.282
                      38:-0.714
 
 I= 11/2- (3)  5.242  26: 0.413
                      29: 0.548
                      31: 0.446
                      34: 0.451
                      35: 0.168
                      37: 0.176
                      39: 0.260
 
 I= 11/2- (4)  5.604  28: 0.376
                      30:-0.302
                      32: 0.186
                      33:-0.236
                      36:-0.802
                      38:-0.183
 
 I= 11/2- (5)  5.756  25: 0.098
                      30: 0.112
                      32: 0.822
                      33:-0.477
                      36: 0.271

             ENERGY    K= OMEGA
 
 I= 13/2- (1)  5.029  27:-0.998
                      38: 0.055
 
 I= 13/2- (2)  5.875  26:-0.392
                      29: 0.582
                      31: 0.215
                      34:-0.562
                      35:-0.058
                      37:-0.109
                      39: 0.360
 
 I= 13/2- (3)  6.071  27:-0.058
                      28:-0.237
                      30: 0.605
                      33:-0.057
                      36:-0.308
                      38:-0.689
 
 I= 13/2- (4)  6.705  25: 0.391
                      28:-0.120
                      30:-0.078
                      32:-0.548
                      33:-0.712
                      36:-0.089
                      38: 0.105
 
 I= 13/2- (5)  7.141  25:-0.075
                      28:-0.385
                      30:-0.324
                      32: 0.122
                      33: 0.097
                      36:-0.823
                      38: 0.199

             ENERGY     K= 9/2
  32 LEVELS    TIME=  0.0 SEC



 ******************* EXCITATION ENERGIES, DOMINANT CONFIGURATION AND EXPECTATION VALUES (WITH S.P. UU+VV FACTORS) *******************

  NR  Eex(keV)  I   Kdom  NY    <Jz>  <Jx**2> <Jy**2> <Jz**2> <I.j>/|I|  <Rx**2> <Ry**2> <Rz**2> <R.j>/|R|  <HROTx> <HROTy> <HROTz>

   1    0.0   1/2-   1/2  32    0.50    5.25    5.25    0.25    0.12       5.65    5.65   -0.00   -3.17      0.689   0.689  -0.000
   2   41.9   3/2-  -3/2  33   -0.55    5.24    5.24    1.30    1.10       5.63    5.63   -0.00   -2.88      0.687   0.687  -0.000
   3  264.8   3/2-   1/2  32   -0.43    5.25    5.25    1.18    0.73       6.31    6.31   -0.00   -2.89      0.769   0.769  -0.000
   4  486.9   5/2-  -3/2  33   -0.85    5.39    5.39    1.65    1.25       6.87    6.87   -0.00   -2.35      0.838   0.838  -0.000
   5  962.9   7/2-  -7/2  30   -3.39    6.20    6.20   12.12    3.10       7.83    7.83    0.00   -3.09      0.955   0.955   0.000
  
   6 1031.1   7/2-  -7/2  36   -2.85    2.76    2.76   11.48    3.14       3.91    3.91   -0.00   -1.62      0.476   0.476  -0.000
   7 1137.5  11/2- -11/2  27   -5.49    2.75    2.75   30.24    5.06       5.49    5.49    0.00   -1.65      0.669   0.669   0.001
   8 1201.6   5/2-   1/2  32    0.19    5.35    5.35    1.32    0.10      10.11   10.11   -0.00   -2.61      1.232   1.232  -0.000
   9 1255.3   7/2-   1/2  32   -0.30    5.20    5.20    1.19    0.79      10.55   10.55   -0.00   -1.84      1.286   1.286  -0.000
  10 1358.1   5/2-   5/2  28    2.19    6.07    6.07    5.75    1.85       7.86    7.86    0.00   -3.14      0.958   0.958   0.000
  
  11 1392.1   9/2-   9/2  38    1.18    3.93    3.93   16.57    3.85       5.42    5.42    0.00   -1.60      0.660   0.660   0.000
  12 1622.8   7/2-  -3/2  33   -0.66    5.33    5.33    1.57    0.71      11.15   11.15   -0.00   -1.99      1.360   1.360  -0.000
  13 1980.1   9/2-  -3/2  33   -1.04    4.89    4.89    4.24    1.66      11.15   11.15   -0.00   -1.23      1.359   1.359  -0.000
  14 2056.7   1/2-   1/2  31    0.50   12.95   12.95    0.25    0.92      12.65   12.65   -0.00   -5.04      1.542   1.542  -0.000
  15 2072.9   9/2-  -7/2  36   -2.43    3.55    3.55    9.09    2.18       9.61    9.61   -0.00   -1.22      1.172   1.172  -0.000
  
  16 2359.1   7/2-   5/2  28    1.76    5.85    5.85    6.82    1.42      11.49   11.49    0.00   -2.69      1.401   1.401   0.000
  17 2400.3   5/2-   1/2  31    0.37   13.57   13.57    0.47    1.67      13.24   13.24    0.00   -4.41      1.614   1.614   0.000
  18 2436.9   9/2-  -7/2  30    0.34    4.69    4.69   14.86    2.73      10.90   10.90    0.00   -2.28      1.328   1.328   0.000
  19 2439.6  11/2-   9/2  38    0.84    4.07    4.07   16.08    3.35       9.95    9.95    0.00   -0.94      1.214   1.214   0.000
  20 2719.6  13/2- -11/2  27   -5.47    2.75    2.75   30.21    4.33      11.97   11.97    0.00   -1.11      1.459   1.459   0.001
  
  21 2932.7  11/2-   5/2  29    0.16   20.82   20.82    6.25    4.79      13.19   13.19    0.00   -3.75      1.608   1.608   0.000
  22 2973.1   9/2-   5/2  29    0.17   20.36   20.36    6.04    4.45      13.63   13.63    0.00   -4.72      1.662   1.662   0.000
  23 3295.0  11/2-  -7/2  36   -2.13    3.32    3.32   10.70    2.08      14.09   14.09   -0.00   -0.92      1.718   1.718  -0.000
  24 3446.8  11/2-   1/2  32   -0.29    5.01    5.01    1.74    0.78      19.10   19.10   -0.00   -1.15      2.329   2.329  -0.000
  25 3565.2  13/2-   5/2  29    0.10   21.93   21.93    9.00    5.13      15.02   15.02    0.00   -3.11      1.831   1.831   0.000
  
  26 3595.1   1/2-   1/2  25    0.50    7.49    7.49    0.25    0.65       7.42    7.42    0.00   -3.80      0.905   0.905   0.000
  27 3761.0  13/2-   9/2  38    0.64    4.14    4.14   15.72    2.99      15.51   15.51    0.00   -0.56      1.891   1.891   0.000
  28 4015.9   1/2-   1/2  35    0.50   17.03   17.03    0.25   -0.74      18.17   18.17    0.00   -5.80      2.216   2.216   0.000
  29 4070.4   5/2-   5/2  29    1.45   22.27   22.27    4.95    3.66      18.30   18.30    0.00   -6.39      2.231   2.231   0.000
  30 4395.6  13/2-  -3/2  33   -0.50    5.64    5.64    1.74    1.37      21.30   21.30   -0.00   -0.53      2.597   2.597  -0.000
  
  31 4831.9  13/2-  -7/2  36   -2.19    3.22    3.22   11.34    1.90      20.02   20.02    0.00   -0.72      2.441   2.441   0.000
  32*******   1/2-  -3/2  33    0.00    0.00    0.00    0.00    0.00       0.00    0.00    0.00   -0.00      0.000   0.000   0.000
