1SPECTRUM OF (Z= 82 A=207) IN PARTICLE-ROTOR  MODEL WITH MODIFIED OSCILLATOR POTENTIAL


 PARITY=-   EPS= 0.240   GAMMA=  0.0   EPS4=0.000   EPS6=0.000   LEVELS:  24  25  26  27  28  29  30  31  32  33  34  35  36  37  38

 PAIRING FACTORS: GN0= 19.20  GN1=  7.40  IPAIR= 15 ***  E2PLUS(INPUT)=   0.730  E2PLUR(INPUT)=   0.000

 CORIOLIS ATTENUATION PARAMETERS:  CHSI=1.000  ETA=  1.00

 MOMENT OF INERTIA PARAMETERS:   A1=  0.122 MEV   A2=  0.122 MEV   A3=121.91923 MEV


 DELTA=0.938 MEV  LAMBDA=53.4368 MEV   HW0= 7.4615 MEV   LAMBDA/HW0= 7.1616

 E2ENERGY=0.730 MEV  HBAR**2/B=10680./A**(7/3)=1805.5/A**2 MEV

 IREC=0  =>  RECOIL TERMS j+j-, j+j+, jzjz, ETC TREATED AS ONE-BODY OPERATORS WITH UU+VV PAIRING FACTORS



 S. P. LEVEL   EQP       U     V        (UU + VV)**1.00

     24       5.174    0.091 0.996      1.000 1.000 1.000 0.999 0.990 0.987 0.982 0.975 0.659 0.515 0.501 0.432 0.360 0.326 0.265
     25       4.137    0.114 0.993      1.000 1.000 1.000 1.000 0.993 0.990 0.986 0.980 0.677 0.534 0.521 0.453 0.381 0.348 0.287
     26       3.955    0.119 0.993      1.000 1.000 1.000 1.000 0.994 0.991 0.987 0.981 0.681 0.539 0.525 0.457 0.386 0.353 0.292
     27       3.412    0.139 0.990      0.999 1.000 1.000 1.000 0.996 0.993 0.990 0.985 0.695 0.555 0.542 0.475 0.404 0.371 0.311
     28       2.100    0.229 0.973      0.990 0.993 0.994 0.996 1.000 1.000 0.999 0.997 0.758 0.630 0.617 0.554 0.487 0.455 0.397
     29       1.925    0.252 0.968      0.987 0.990 0.991 0.993 1.000 1.000 1.000 0.998 0.773 0.647 0.635 0.573 0.507 0.476 0.418
     30       1.763    0.277 0.961      0.982 0.986 0.987 0.990 0.999 1.000 1.000 0.999 0.789 0.667 0.655 0.594 0.529 0.498 0.441
     31       1.598    0.309 0.951      0.975 0.980 0.981 0.985 0.997 0.998 0.999 1.000 0.809 0.691 0.679 0.620 0.557 0.527 0.471
     32       0.986    0.809 0.588      0.659 0.677 0.681 0.695 0.758 0.773 0.789 0.809 1.000 0.984 0.981 0.963 0.939 0.926 0.899
     33       1.198    0.901 0.435      0.515 0.534 0.539 0.555 0.630 0.647 0.667 0.691 0.984 1.000 1.000 0.996 0.985 0.978 0.963
     34       1.231    0.908 0.420      0.501 0.521 0.525 0.542 0.617 0.635 0.655 0.679 0.981 1.000 1.000 0.997 0.988 0.982 0.967
     35       1.438    0.938 0.348      0.432 0.453 0.457 0.475 0.554 0.573 0.594 0.620 0.963 0.996 0.997 1.000 0.997 0.993 0.984
     36       1.784    0.962 0.273      0.360 0.381 0.386 0.404 0.487 0.507 0.529 0.557 0.939 0.985 0.988 0.997 1.000 0.999 0.995
     37       2.022    0.971 0.239      0.326 0.348 0.353 0.371 0.455 0.476 0.498 0.527 0.926 0.978 0.982 0.993 0.999 1.000 0.998
     38       2.710    0.984 0.176      0.265 0.287 0.292 0.311 0.397 0.418 0.441 0.471 0.899 0.963 0.967 0.984 0.995 0.998 1.000

  R CORE   ENERGY   A0R/A00=1.000    R3= 0     2  
   2( 1)    0.732                    1.000 0.000
   2( 2)  487.921                    0.000 1.000

  R CORE   ENERGY   A0R/A00=1.000    R3= 0     2  
   3( 1)  488.652                    0.000 1.000

  R CORE   ENERGY   A0R/A00=1.000    R3= 0     2     4  
   4( 1)    2.438                    1.000 0.000 0.000

  R CORE   ENERGY   A0R/A00=1.000    R3= 0     2     4  
   5( 1)  490.847                    0.000 1.000 0.000

  R CORE   ENERGY   A0R/A00=1.000    R3= 0     2     4     6  
   6( 1)    5.121                    1.000 0.000 0.000 0.000

  R CORE   ENERGY   A0R/A00=1.000    R3= 0     2     4     6  
   7( 1)  494.017                    0.000 1.000 0.000 0.000

          AXIAL SYMMETRY => K RESTRICTED TO OMEGA

                     K
     S.P. ORB#: 24  2.50
     S.P. ORB#: 25  0.50
     S.P. ORB#: 26  2.50
     S.P. ORB#: 27 -3.50
     S.P. ORB#: 28 -3.50
     S.P. ORB#: 29  0.50
     S.P. ORB#: 30 -1.50
     S.P. ORB#: 31  4.50
     S.P. ORB#: 32  0.50
     S.P. ORB#: 33 -1.50
     S.P. ORB#: 34 -1.50
     S.P. ORB#: 35  2.50
     S.P. ORB#: 36  2.50
     S.P. ORB#: 37  0.50
     S.P. ORB#: 38 -3.50
 

             ENERGY    K= OMEGA
 
 I=  1/2- (1)  2.309  25:-0.054
                      37:-0.998
 
 I=  1/2- (2)  3.041  29: 0.999
 
 I=  1/2- (3)  5.480  25: 0.998
                      37:-0.056
 
 I=  1/2- (4)  8.512  32: 1.000
 
 I=  1/2- (5)147.501  33:-1.000

             ENERGY    K= OMEGA
 
 I=  3/2- (1)  1.744  29: 0.198
                      30: 0.105
                      34: 0.971
                      37:-0.067
 
 I=  3/2- (2)  2.815  25: 0.117
                      29: 0.119
                      30: 0.735
                      34:-0.154
                      37:-0.639

             ENERGY    K= OMEGA
 
 I=  5/2- (1)  1.912  25: 0.068
                      29:-0.168
                      30:-0.213
                      34: 0.481
                      35: 0.830
 
 I=  5/2- (2)  2.407  29: 0.186
                      30:-0.218
                      34:-0.835
                      35: 0.461
                      37:-0.079
 
 I=  5/2- (3)  2.835  24: 0.051
                      25:-0.167
                      29: 0.355
                      30: 0.505
                      35: 0.249
                      37: 0.725
 
 I=  5/2- (4)  3.326  24:-0.060
                      25: 0.292
                      29:-0.300
                      30:-0.578
                      34:-0.060
                      35:-0.157
                      37: 0.676
 
 I=  5/2- (5)  4.331  24: 0.063
                      25: 0.076
                      29:-0.816
                      30: 0.496
                      34:-0.256
                      35: 0.105

             ENERGY    K= OMEGA
 
 I=  7/2- (1)  2.557  29:-0.212
                      30: 0.234
                      34:-0.549
                      35: 0.771
 
 I=  7/2- (2)  2.817  24:-0.052
                      26:-0.233
                      27: 0.101
                      28:-0.927
                      29: 0.090
                      30: 0.098
                      34: 0.204
                      35: 0.095
 
 I=  7/2- (3)  3.081  25:-0.197
                      28:-0.273
                      29:-0.355
                      30:-0.367
                      34:-0.625
                      35:-0.449
                      37: 0.182
 
 I=  7/2- (4)  3.299  32:-0.739
                      33:-0.570
                      36:-0.334
                      38:-0.132
 
 I=  7/2- (5)  4.165  24:-0.149
                      25: 0.191
                      27: 0.103
                      29:-0.101
                      30: 0.748
                      34:-0.248
                      35:-0.429
                      37:-0.340

             ENERGY    K= OMEGA
 
 I=  9/2- (1)  2.351  24: 0.067
                      26:-0.063
                      27: 0.271
                      28: 0.163
                      31:-0.942
 
 I=  9/2- (2)  3.194  24: 0.053
                      25:-0.237
                      27: 0.053
                      28:-0.070
                      29: 0.351
                      30: 0.458
                      31: 0.068
                      34:-0.433
                      35:-0.617
                      37: 0.165
 
 I=  9/2- (3)  3.694  24: 0.082
                      26: 0.315
                      27: 0.140
                      28:-0.897
                      29:-0.053
                      30: 0.063
                      31:-0.133
                      34: 0.210
 
 I=  9/2- (4)  4.232  24:-0.080
                      25: 0.219
                      28:-0.188
                      29:-0.118
                      30:-0.482
                      34:-0.641
                      35:-0.175
                      37:-0.470
 
 I=  9/2- (5)  4.418  25:-0.141
                      28:-0.132
                      29: 0.425
                      34:-0.468
                      35: 0.702
                      37: 0.261

             ENERGY    K= OMEGA
 
 I= 11/2- (1)  2.310  32:-0.696
                      33:-0.575
                      36:-0.387
                      38:-0.188
 
 I= 11/2- (2)  3.281  24: 0.114
                      26:-0.101
                      27:-0.373
                      28:-0.212
                      31:-0.886
                      35:-0.059
 
 I= 11/2- (3)  4.505  24:-0.055
                      27: 0.062
                      28:-0.118
                      29:-0.277
                      30: 0.345
                      31:-0.090
                      34:-0.534
                      35: 0.700
 
 I= 11/2- (4)  4.727  24:-0.129
                      25: 0.150
                      26:-0.333
                      27: 0.170
                      28:-0.754
                      29: 0.228
                      30: 0.220
                      31: 0.124
                      34: 0.340
                      35: 0.100
                      37:-0.104
 
 I= 11/2- (5)  5.108  25:-0.297
                      26:-0.151
                      28:-0.463
                      29:-0.406
                      30:-0.426
                      31: 0.147
                      34:-0.398
                      35:-0.317
                      37: 0.213

             ENERGY    K= OMEGA
 
 I= 13/2- (1)  4.397  24: 0.162
                      25:-0.057
                      26:-0.128
                      27: 0.441
                      28: 0.229
                      29: 0.063
                      30: 0.113
                      31:-0.823
                      34:-0.060
                      35:-0.099
 
 I= 13/2- (2)  4.603  32:-0.237
                      33: 0.590
                      36:-0.650
                      38: 0.416
 
 I= 13/2- (3)  5.186  24:-0.073
                      25: 0.355
                      28: 0.124
                      29:-0.426
                      30:-0.537
                      31:-0.186
                      34: 0.328
                      35: 0.444
                      37:-0.207
 
 I= 13/2- (4)  6.100  24: 0.141
                      26: 0.397
                      27: 0.203
                      28:-0.822
                      29:-0.092
                      30: 0.059
                      31:-0.173
                      34: 0.252
 
 I= 13/2- (5)  6.832  24:-0.065
                      25: 0.239
                      28:-0.182
                      29:-0.140
                      30:-0.331
                      34:-0.583
                      35:-0.481
                      37:-0.450

             ENERGY     K=-7/2
  32 LEVELS    TIME=  0.0 SEC



 ******************* EXCITATION ENERGIES, DOMINANT CONFIGURATION AND EXPECTATION VALUES (WITH S.P. UU+VV FACTORS) *******************

  NR  Eex(keV)  I   Kdom  NY    <Jz>  <Jx**2> <Jy**2> <Jz**2> <I.j>/|I|  <Rx**2> <Ry**2> <Rz**2> <R.j>/|R|  <HROTx> <HROTy> <HROTz>

   1    0.0   3/2-  -3/2  34   -1.41    1.67    1.67    2.16    1.40       1.92    1.92   -0.00   -1.43      0.235   0.235  -0.000
   2  168.2   5/2-   5/2  35    1.32    2.00    2.00    4.93    2.32       1.96    1.96    0.00   -1.03      0.239   0.239   0.000
   3  565.7   1/2-   1/2  37    0.50    1.36    1.36    0.25    0.82       1.15    1.15    0.00   -1.49      0.140   0.140   0.000
   4  566.3  11/2-   1/2  32   -0.00   26.81   26.81    2.23    6.92       4.40    4.40    0.00   -4.87      0.537   0.537   0.000
   5  607.1   9/2-   9/2  31    3.67    2.71    2.71   19.28    4.49       2.38    2.38    0.00   -1.08      0.291   0.291   0.000
  
   6  663.6   5/2-  -3/2  34   -0.56    1.67    1.67    3.02    1.07       4.40    4.40   -0.00   -1.08      0.536   0.536  -0.000
   7  813.7   7/2-   5/2  35    0.96    2.08    2.08    4.57    1.91       4.66    4.66    0.00   -0.38      0.568   0.568   0.000
   8 1071.1   3/2-  -3/2  30   -0.63    3.21    3.21    1.38    1.03       3.79    3.79   -0.00   -2.11      0.462   0.462  -0.000
   9 1073.6   7/2-  -7/2  28   -2.95    2.27    2.27   11.19    3.31       2.61    2.61    0.00   -1.14      0.318   0.318   0.000
  10 1091.6   5/2-   1/2  37    0.12    3.03    3.03    1.15    1.50       3.53    3.53    0.00   -1.04      0.430   0.430   0.000
  
  11 1297.6   1/2-   1/2  29    0.50    4.34    4.34    0.25    0.32       4.56    4.56    0.00   -2.86      0.556   0.556   0.000
  12 1336.9   7/2-  -3/2  34   -0.44    2.20    2.20    3.41    1.48       5.91    5.91    0.00   -0.57      0.721   0.721   0.000
  13 1450.6   9/2-   5/2  35    0.46    3.27    3.27    3.53    2.28       6.07    6.07   -0.00    0.37      0.740   0.740  -0.000
  14 1537.1  11/2-   9/2  31    2.95    3.14    3.14   18.34    4.13       5.49    5.49    0.00    0.02      0.669   0.669   0.000
  15 1555.0   7/2-   1/2  32    0.00   26.88   26.88    1.78    6.79       8.72    8.72    0.00   -6.85      1.063   1.063   0.000
  
  16 1582.0   5/2-   1/2  37   -0.12    2.73    2.73    1.10    0.89       5.02    5.02    0.00   -1.24      0.612   0.612   0.000
  17 1949.8   9/2-  -7/2  28   -2.61    2.37    2.37   11.24    2.93       5.79    5.79    0.00   -0.41      0.706   0.706   0.000
  18 2421.1   7/2-  -3/2  30   -0.37    3.70    3.70    2.86    0.92       9.36    9.36    0.00   -1.53      1.142   1.142   0.000
  19 2487.8   9/2-  -3/2  34   -0.85    2.36    2.36    2.22    1.13      10.21   10.21    0.00   -0.29      1.245   1.245   0.000
  20 2586.7   5/2-   1/2  29   -0.09    4.32    4.32    0.96   -0.32      10.13   10.13    0.00   -2.35      1.235   1.235   0.000
  
  21 2653.4  13/2-   9/2  31    2.29    3.58    3.58   17.09    3.89       9.35    9.35   -0.00    0.67      1.140   1.140  -0.000
  22 2674.6   9/2-   5/2  35    0.98    2.42    2.42    3.89    1.03      11.61   11.61    0.00   -0.75      1.415   1.415   0.000
  23 2760.9  11/2-   5/2  35    0.64    2.46    2.46    4.39    1.70      12.39   12.39    0.00    0.17      1.510   1.510   0.000
  24 2859.4  13/2-   5/2  36   -0.04   26.23   26.23    5.56    5.94      11.92   11.92    0.00   -3.39      1.454   1.454   0.000
  25 2983.1  11/2-  -7/2  28   -1.89    2.55    2.55    8.88    2.49       9.96    9.96    0.00    0.21      1.214   1.214   0.000
  
  26 3363.8  11/2-  -7/2  28   -0.71    2.80    2.80    4.70    1.73      12.67   12.67    0.00    0.01      1.544   1.544   0.000
  27 3442.4  13/2-  -3/2  30    0.19    4.10    4.10    3.14    2.43      13.05   13.05   -0.00    1.11      1.592   1.592  -0.000
  28 3736.1   1/2-   1/2  25    0.50    5.65    5.65    0.25    0.70       5.54    5.54    0.00   -3.29      0.676   0.676   0.000
  29 4355.9  13/2-  -7/2  28   -2.03    2.57    2.57   10.65    2.47      15.03   15.03    0.00    0.26      1.833   1.833   0.000
  30 5088.2  13/2-  -3/2  34   -0.06    2.20    2.20    3.00    1.02      20.94   20.94    0.00   -0.04      2.553   2.553   0.000
  
  31 6767.7   1/2-   1/2  32    0.50   26.98   26.98    0.25   -3.91      30.86   30.86    0.00   -7.33      3.763   3.763   0.000
  32*******   1/2-  -3/2  33    0.00    0.00    0.00    0.00   -0.00       0.00    0.00    0.00   -0.00      0.000   0.000   0.000
