1SPECTRUM OF (Z= 82 A=207) IN PARTICLE-ROTOR  MODEL WITH MODIFIED OSCILLATOR POTENTIAL


 PARITY=-   EPS= 0.361   GAMMA=  0.0   EPS4=0.000   EPS6=0.000   LEVELS:  24  25  26  27  28  29  30  31  32  33  34  35  36  37  38

 PAIRING FACTORS: GN0= 19.20  GN1=  7.40  IPAIR= 15 ***  E2PLUS(INPUT)=   0.730  E2PLUR(INPUT)=   0.000

 CORIOLIS ATTENUATION PARAMETERS:  CHSI=1.000  ETA=  1.00

 MOMENT OF INERTIA PARAMETERS:   A1=  0.122 MEV   A2=  0.122 MEV   A3=121.91924 MEV


 DELTA=0.885 MEV  LAMBDA=53.4064 MEV   HW0= 7.5306 MEV   LAMBDA/HW0= 7.0919

 E2ENERGY=0.730 MEV  HBAR**2/B=24164./A**(7/3)=4084.9/A**2 MEV

 IREC=0  =>  RECOIL TERMS j+j-, j+j+, jzjz, ETC TREATED AS ONE-BODY OPERATORS WITH UU+VV PAIRING FACTORS



 S. P. LEVEL   EQP       U     V        (UU + VV)**1.00

     24       4.292    0.104 0.995      1.000 1.000 0.999 0.997 0.996 0.978 0.951 0.927 0.742 0.699 0.529 0.329 0.310 0.257 0.243
     25       4.257    0.104 0.995      1.000 1.000 0.999 0.997 0.996 0.978 0.951 0.927 0.742 0.700 0.530 0.330 0.311 0.258 0.244
     26       2.992    0.149 0.989      0.999 0.999 1.000 0.999 0.999 0.986 0.964 0.943 0.772 0.731 0.568 0.372 0.354 0.302 0.288
     27       2.433    0.185 0.983      0.997 0.997 0.999 1.000 1.000 0.992 0.973 0.955 0.794 0.755 0.597 0.406 0.387 0.336 0.322
     28       2.336    0.193 0.981      0.996 0.996 0.999 1.000 1.000 0.993 0.975 0.957 0.799 0.761 0.604 0.413 0.395 0.343 0.330
     29       1.503    0.309 0.951      0.978 0.978 0.986 0.992 0.993 1.000 0.994 0.985 0.866 0.833 0.695 0.519 0.502 0.454 0.441
     30       1.189    0.408 0.913      0.951 0.951 0.964 0.973 0.975 0.994 1.000 0.998 0.913 0.887 0.767 0.606 0.590 0.545 0.533
     31       1.067    0.470 0.883      0.927 0.927 0.943 0.955 0.957 0.985 0.998 1.000 0.939 0.916 0.809 0.660 0.645 0.601 0.590
     32       0.890    0.744 0.668      0.742 0.742 0.772 0.794 0.799 0.866 0.913 0.939 1.000 0.998 0.962 0.877 0.868 0.839 0.831
     33       0.909    0.784 0.621      0.699 0.700 0.731 0.755 0.761 0.833 0.887 0.916 0.998 1.000 0.977 0.905 0.897 0.871 0.864
     34       1.122    0.899 0.439      0.529 0.530 0.568 0.597 0.604 0.695 0.767 0.809 0.962 0.977 1.000 0.975 0.971 0.956 0.952
     35       1.980    0.973 0.230      0.329 0.330 0.372 0.406 0.413 0.519 0.606 0.660 0.877 0.905 0.975 1.000 1.000 0.997 0.996
     36       2.153    0.978 0.210      0.310 0.311 0.354 0.387 0.395 0.502 0.590 0.645 0.868 0.897 0.971 1.000 1.000 0.998 0.998
     37       2.877    0.988 0.156      0.257 0.258 0.302 0.336 0.343 0.454 0.545 0.601 0.839 0.871 0.956 0.997 0.998 1.000 1.000
     38       3.161    0.990 0.141      0.243 0.244 0.288 0.322 0.330 0.441 0.533 0.590 0.831 0.864 0.952 0.996 0.998 1.000 1.000

  R CORE   ENERGY   A0R/A00=1.000    R3= 0     2  
   2( 1)    0.732                    1.000 0.000
   2( 2)  487.921                    0.000 1.000

  R CORE   ENERGY   A0R/A00=1.000    R3= 0     2  
   3( 1)  488.652                    0.000 1.000

  R CORE   ENERGY   A0R/A00=1.000    R3= 0     2     4  
   4( 1)    2.438                    1.000 0.000 0.000

  R CORE   ENERGY   A0R/A00=1.000    R3= 0     2     4  
   5( 1)  490.847                    0.000 1.000 0.000

  R CORE   ENERGY   A0R/A00=1.000    R3= 0     2     4     6  
   6( 1)    5.121                    1.000 0.000 0.000 0.000

  R CORE   ENERGY   A0R/A00=1.000    R3= 0     2     4     6  
   7( 1)  494.017                    0.000 1.000 0.000 0.000

          AXIAL SYMMETRY => K RESTRICTED TO OMEGA

                     K
     S.P. ORB#: 24 -5.50
     S.P. ORB#: 25  0.50
     S.P. ORB#: 26  2.50
     S.P. ORB#: 27 -3.50
     S.P. ORB#: 28  0.50
     S.P. ORB#: 29 -1.50
     S.P. ORB#: 30  0.50
     S.P. ORB#: 31 -1.50
     S.P. ORB#: 32 -3.50
     S.P. ORB#: 33  2.50
     S.P. ORB#: 34  4.50
     S.P. ORB#: 35  0.50
     S.P. ORB#: 36 -3.50
     S.P. ORB#: 37 -1.50
     S.P. ORB#: 38  2.50
 

             ENERGY    K= OMEGA
 
 I=  1/2- (1)  2.457  30: 0.999
 
 I=  1/2- (2)  5.367  28:-0.291
                      35: 0.957
 
 I=  1/2- (3)  5.882  25: 0.999
 
 I=  1/2- (4)  8.899  28: 0.957
                      35: 0.291
 
 I=  1/2- (5)147.370  31:-1.000

             ENERGY    K= OMEGA
 
 I=  3/2- (1)  2.337  25: 0.076
                      30:-0.270
                      31: 0.960
 
 I=  3/2- (2)  2.523  25:-0.203
                      30:-0.913
                      31:-0.236
                      37:-0.265

             ENERGY    K= OMEGA
 
 I=  5/2- (1)  2.493  25:-0.260
                      30: 0.462
                      31: 0.809
                      37:-0.101
                      38:-0.231
 
 I=  5/2- (2)  3.375  25:-0.051
                      26:-0.061
                      30: 0.747
                      31:-0.456
                      37:-0.455
                      38: 0.148
 
 I=  5/2- (3)  3.861  25:-0.104
                      26: 0.066
                      30: 0.200
                      31: 0.149
                      37: 0.456
                      38: 0.846
 
 I=  5/2- (4)  4.466  26: 0.165
                      30: 0.384
                      31:-0.272
                      37: 0.737
                      38:-0.456
 
 I=  5/2- (5)  4.791  26: 0.982
                      37:-0.180

             ENERGY    K= OMEGA
 
 I=  7/2- (1)  1.729  26:-0.175
                      32: 0.983
 
 I=  7/2- (2)  3.327  25: 0.144
                      30:-0.258
                      31: 0.868
                      37:-0.112
                      38: 0.380
 
 I=  7/2- (3)  3.491  25:-0.307
                      30:-0.851
                      31:-0.238
                      37:-0.350
 
 I=  7/2- (4)  3.806  28:-0.669
                      29:-0.586
                      33:-0.418
                      36:-0.185
 
 I=  7/2- (5)  4.301  26:-0.204
                      27:-0.955
                      30:-0.073
                      31: 0.084
                      37: 0.078
                      38:-0.167

             ENERGY    K= OMEGA
 
 I=  9/2- (1)  2.040  26: 0.083
                      27:-0.170
                      32: 0.305
                      34: 0.933
 
 I=  9/2- (2)  2.742  26: 0.237
                      27: 0.094
                      31: 0.053
                      32: 0.915
                      34:-0.304
                      38:-0.051
 
 I=  9/2- (3)  3.568  25:-0.373
                      30: 0.499
                      31: 0.713
                      32:-0.069
                      37:-0.164
                      38:-0.269
 
 I=  9/2- (4)  4.674  28:-0.214
                      29: 0.551
                      33:-0.680
                      36: 0.433
 
 I=  9/2- (5)  5.234  26: 0.099
                      30:-0.640
                      31: 0.493
                      32:-0.056
                      37: 0.525
                      38:-0.238

             ENERGY    K= OMEGA
 
 I= 11/2- (1)  3.160  26:-0.137
                      27:-0.231
                      32: 0.402
                      34:-0.875
 
 I= 11/2- (2)  3.197  28:-0.650
                      29:-0.581
                      33:-0.431
                      35:-0.064
                      36:-0.223
 
 I= 11/2- (3)  3.985  26:-0.276
                      27: 0.140
                      31: 0.068
                      32: 0.856
                      34: 0.401
                      38: 0.067
 
 I= 11/2- (4)  5.238  25: 0.276
                      31: 0.850
                      32:-0.097
                      37:-0.072
                      38: 0.429
 
 I= 11/2- (5)  5.355  25: 0.307
                      30: 0.853
                      37: 0.402
                      38:-0.115

             ENERGY    K= OMEGA
 
 I= 13/2- (1)  4.502  26: 0.183
                      27:-0.270
                      32: 0.459
                      34: 0.825
 
 I= 13/2- (2)  5.156  28: 0.215
                      29:-0.549
                      33: 0.673
                      36:-0.445
 
 I= 13/2- (3)  5.402  25: 0.265
                      26:-0.245
                      27:-0.154
                      30:-0.290
                      31:-0.424
                      32:-0.628
                      34: 0.372
                      37: 0.086
                      38: 0.204
 
 I= 13/2- (4)  5.582  25: 0.355
                      26: 0.177
                      27: 0.094
                      30:-0.415
                      31:-0.515
                      32: 0.515
                      34:-0.271
                      37: 0.159
                      38: 0.176
 
 I= 13/2- (5)  7.222  24: 0.999

             ENERGY     K= 5/2
  32 LEVELS    TIME=  0.0 SEC



 ******************* EXCITATION ENERGIES, DOMINANT CONFIGURATION AND EXPECTATION VALUES (WITH S.P. UU+VV FACTORS) *******************

  NR  Eex(keV)  I   Kdom  NY    <Jz>  <Jx**2> <Jy**2> <Jz**2> <I.j>/|I|  <Rx**2> <Ry**2> <Rz**2> <R.j>/|R|  <HROTx> <HROTy> <HROTz>

   1    0.0   7/2-  -7/2  32   -3.31    2.31    2.31   12.06    3.29       3.16    3.16    0.00   -1.44      0.385   0.385   0.000
   2  311.4   9/2-   9/2  34    3.51    2.51    2.51   19.17    4.19       3.64    3.64    0.00   -1.25      0.444   0.444   0.001
   3  608.2   3/2-  -3/2  31   -1.34    4.87    4.87    2.09    1.39       5.10    5.10   -0.00   -2.86      0.621   0.621  -0.000
   4  727.5   1/2-   1/2  30    0.50    4.89    4.89    0.25    0.25       5.17    5.17    0.00   -3.05      0.631   0.631   0.000
   5  763.5   5/2-  -3/2  31   -0.72    4.99    4.99    1.90    2.03       4.31    4.31   -0.00   -2.00      0.526   0.526  -0.000
  
   6  794.3   3/2-   1/2  30    0.25    4.44    4.44    0.50    1.06       4.50    4.50    0.00   -2.44      0.549   0.549   0.000
   7 1012.6   9/2-  -7/2  32   -2.40    2.39    2.39   12.60    2.84       6.93    6.93    0.00   -0.87      0.845   0.845   0.000
   8 1430.5  11/2-   9/2  34    2.73    2.70    2.70   18.27    3.62       8.07    8.07    0.00   -0.50      0.984   0.984   0.001
   9 1467.7  11/2-   1/2  28   -0.00   23.64   23.64    2.64    6.19       5.82    5.82    0.00   -3.78      0.709   0.709   0.000
  10 1597.6   7/2-  -3/2  31   -0.75    4.53    4.53    2.67    1.54       7.62    7.62   -0.00   -1.44      0.929   0.929  -0.000
  
  11 1646.3   5/2-   1/2  30   -0.28    4.04    4.04    1.23    0.55       7.41    7.41   -0.00   -2.00      0.903   0.903  -0.000
  12 1762.1   7/2-   1/2  30    0.14    4.28    4.28    0.62    1.27       7.43    7.43    0.00   -1.07      0.906   0.906   0.000
  13 1838.5   9/2-  -3/2  31   -0.44    5.11    5.11    1.82    2.19       7.50    7.50   -0.00   -0.29      0.914   0.914  -0.000
  14 2076.5   7/2-   1/2  28    0.03   23.31   23.31    2.40    6.08       8.25    8.25    0.00   -6.13      1.006   1.006   0.000
  15 2132.0   5/2-   5/2  38    1.48    2.04    2.04    5.03    1.81       3.58    3.58    0.00   -1.40      0.437   0.437   0.000
  
  16 2255.6  11/2-  -7/2  32   -1.72    2.47    2.47   13.00    2.53      11.70   11.70    0.00   -0.58      1.427   1.427   0.000
  17 2572.4   7/2-  -7/2  27   -3.04    6.03    6.03   11.64    3.07       7.54    7.54    0.00   -2.97      0.919   0.919   0.001
  18 2737.0   5/2-  -3/2  37   -0.26    2.76    2.76    2.89    0.25       7.83    7.83    0.00   -1.94      0.955   0.955   0.000
  19 2773.2  13/2-   9/2  34    2.14    2.87    2.87   17.50    3.24      13.40   13.40    0.00   -0.12      1.633   1.633   0.000
  20 2945.4   9/2-   5/2  33    0.07   24.12   24.12    5.88    5.22      13.48   13.48    0.00   -5.42      1.643   1.643   0.000
  
  21 3062.4   5/2-   5/2  26    2.37    5.90    5.90    6.11    2.00       7.40    7.40    0.00   -3.11      0.902   0.902   0.000
  22 3426.6  13/2-   5/2  33    0.01   24.12   24.12    5.95    5.17      15.40   15.40    0.00   -3.26      1.877   1.877   0.000
  23 3504.7   9/2-   1/2  30   -0.42    3.66    3.66    1.73    0.53      14.26   14.26   -0.00   -1.20      1.738   1.738  -0.000
  24 3508.9  11/2-  -3/2  31   -0.62    4.45    4.45    2.96    1.56      14.49   14.49   -0.00   -0.47      1.767   1.767  -0.000
  25 3626.0  11/2-   1/2  30    0.20    4.18    4.18    0.67    1.29      14.66   14.66    0.00   -0.24      1.787   1.787   0.000
  
  26 3638.3   1/2-   1/2  35    0.50   12.27   12.27    0.25   -1.15      13.77   13.77    0.00   -4.91      1.679   1.679   0.000
  27 3673.1  13/2-  -7/2  32   -0.79    3.55    3.55    9.03    2.35      16.05   16.05    0.00    0.05      1.957   1.957   0.000
  28 3852.9  13/2-  -7/2  32   -0.76    4.26    4.26    5.98    2.21      16.20   16.20    0.00    0.16      1.975   1.975   0.000
  29 4153.0   1/2-   1/2  25    0.50    6.76    6.76    0.25    0.65       6.69    6.69    0.00   -3.61      0.816   0.816   0.000
  30 5492.7  13/2- -11/2  24   -5.49    2.75    2.75   30.21    4.32      12.04   12.04    0.00   -1.13      1.468   1.468   0.000
  
  31 7169.8   1/2-   1/2  28    0.50   23.52   23.52    0.25   -3.49      27.04   27.04    0.00   -6.84      3.297   3.297   0.000
  32*******   1/2-  -3/2  31    0.00    0.00    0.00    0.00   -0.00       0.00    0.00    0.00   -0.00      0.000   0.000   0.000
