1SPECTRUM OF (Z= 82 A=207) IN PARTICLE-ROTOR  MODEL WITH MODIFIED OSCILLATOR POTENTIAL


 PARITY=-   EPS= 0.176   GAMMA=  0.0   EPS4=0.000   EPS6=0.000   LEVELS:  25  26  27  28  29  30  31  32  33  34  35  36  37  38  39

 PAIRING FACTORS: GN0= 19.20  GN1=  7.40  IPAIR= 15 ***  E2PLUS(INPUT)=   0.730  E2PLUR(INPUT)=   0.000

 CORIOLIS ATTENUATION PARAMETERS:  CHSI=1.000  ETA=  1.00

 MOMENT OF INERTIA PARAMETERS:   A1=  0.122 MEV   A2=  0.122 MEV   A3=121.91922 MEV


 DELTA=0.898 MEV  LAMBDA=53.4461 MEV   HW0= 7.4376 MEV   LAMBDA/HW0= 7.1860

 E2ENERGY=0.730 MEV  HBAR**2/B= 5744./A**(7/3)= 970.9/A**2 MEV

 IREC=0  =>  RECOIL TERMS j+j-, j+j+, jzjz, ETC TREATED AS ONE-BODY OPERATORS WITH UU+VV PAIRING FACTORS



 S. P. LEVEL   EQP       U     V        (UU + VV)**1.00

     25       4.328    0.104 0.995      1.000 1.000 1.000 0.999 0.996 0.994 0.992 0.813 0.711 0.477 0.375 0.340 0.294 0.252 0.220
     26       3.870    0.117 0.993      1.000 1.000 1.000 0.999 0.997 0.996 0.994 0.820 0.719 0.488 0.387 0.352 0.306 0.265 0.233
     27       3.823    0.118 0.993      1.000 1.000 1.000 0.999 0.997 0.996 0.994 0.821 0.720 0.489 0.388 0.354 0.307 0.266 0.234
     28       2.947    0.154 0.988      0.999 0.999 0.999 1.000 0.999 0.998 0.997 0.841 0.745 0.520 0.421 0.387 0.342 0.301 0.269
     29       2.409    0.190 0.982      0.996 0.997 0.997 0.999 1.000 1.000 0.999 0.860 0.769 0.551 0.454 0.420 0.375 0.335 0.304
     30       2.190    0.210 0.978      0.994 0.996 0.996 0.998 1.000 1.000 1.000 0.870 0.781 0.567 0.472 0.439 0.394 0.354 0.323
     31       2.030    0.227 0.974      0.992 0.994 0.994 0.997 0.999 1.000 1.000 0.879 0.793 0.582 0.487 0.455 0.410 0.371 0.340
     32       0.904    0.664 0.747      0.813 0.820 0.821 0.841 0.860 0.870 0.879 1.000 0.987 0.900 0.845 0.825 0.796 0.769 0.748
     33       0.916    0.774 0.633      0.711 0.719 0.720 0.745 0.769 0.781 0.793 0.987 1.000 0.957 0.919 0.904 0.881 0.860 0.843
     34       1.271    0.924 0.382      0.477 0.488 0.489 0.520 0.551 0.567 0.582 0.900 0.957 1.000 0.994 0.989 0.980 0.971 0.963
     35       1.692    0.961 0.276      0.375 0.387 0.388 0.421 0.454 0.472 0.487 0.845 0.919 0.994 1.000 0.999 0.996 0.992 0.987
     36       1.924    0.971 0.241      0.340 0.352 0.354 0.387 0.420 0.439 0.455 0.825 0.904 0.989 0.999 1.000 0.999 0.996 0.992
     37       2.376    0.981 0.193      0.294 0.306 0.307 0.342 0.375 0.394 0.410 0.796 0.881 0.980 0.996 0.999 1.000 0.999 0.997
     38       3.027    0.989 0.150      0.252 0.265 0.266 0.301 0.335 0.354 0.371 0.769 0.860 0.971 0.992 0.996 0.999 1.000 0.999
     39       3.853    0.993 0.117      0.220 0.233 0.234 0.269 0.304 0.323 0.340 0.748 0.843 0.963 0.987 0.992 0.997 0.999 1.000

  R CORE   ENERGY   A0R/A00=1.000    R3= 0     2  
   2( 1)    0.732                    1.000 0.000
   2( 2)  487.921                    0.000 1.000

  R CORE   ENERGY   A0R/A00=1.000    R3= 0     2  
   3( 1)  488.652                    0.000 1.000

  R CORE   ENERGY   A0R/A00=1.000    R3= 0     2     4  
   4( 1)    2.438                    1.000 0.000 0.000

  R CORE   ENERGY   A0R/A00=1.000    R3= 0     2     4  
   5( 1)  490.847                    0.000 1.000 0.000

  R CORE   ENERGY   A0R/A00=1.000    R3= 0     2     4     6  
   6( 1)    5.121                    1.000 0.000 0.000 0.000

  R CORE   ENERGY   A0R/A00=1.000    R3= 0     2     4     6  
   7( 1)  494.017                    0.000 1.000 0.000 0.000

          AXIAL SYMMETRY => K RESTRICTED TO OMEGA

                     K
     S.P. ORB#: 25  2.50
     S.P. ORB#: 26  0.50
     S.P. ORB#: 27 -3.50
     S.P. ORB#: 28 -3.50
     S.P. ORB#: 29  4.50
     S.P. ORB#: 30  0.50
     S.P. ORB#: 31 -1.50
     S.P. ORB#: 32 -1.50
     S.P. ORB#: 33  2.50
     S.P. ORB#: 34  0.50
     S.P. ORB#: 35  0.50
     S.P. ORB#: 36 -1.50
     S.P. ORB#: 37  2.50
     S.P. ORB#: 38 -3.50
     S.P. ORB#: 39  4.50
 

             ENERGY    K= OMEGA
 
 I=  1/2- (1)  1.509  26:-0.063
                      34:-0.998
 
 I=  1/2- (2)  3.199  30: 1.000
 
 I=  1/2- (3)  4.986  26: 0.998
                      34:-0.063
 
 I=  1/2- (4)  9.775  35: 1.000
 
 I=  1/2- (5)147.207  32: 1.000

             ENERGY    K= OMEGA
 
 I=  3/2- (1)  1.373  26: 0.050
                      30: 0.194
                      31: 0.113
                      32: 0.969
                      34:-0.087
 
 I=  3/2- (2)  2.170  30:-0.141
                      31:-0.114
                      32: 0.129
                      34: 0.975
 
 I=  3/2- (3)  3.047  26: 0.104
                      30:-0.279
                      31: 0.950
                      32:-0.054
                      34: 0.077
 
 I=  3/2- (4)  3.403  26:-0.388
                      30:-0.864
                      31:-0.186
                      32: 0.199
                      34:-0.171
 
 I=  3/2- (5)  6.084  26: 0.915
                      30:-0.344
                      31:-0.192
                      34:-0.082

             ENERGY    K= OMEGA
 
 I=  5/2- (1)  1.385  26: 0.051
                      30:-0.133
                      31:-0.186
                      32: 0.395
                      33: 0.886
                      34:-0.072
 
 I=  5/2- (2)  1.981  30:-0.232
                      31: 0.164
                      32: 0.875
                      33:-0.387
 
 I=  5/2- (3)  2.192  30:-0.131
                      31:-0.170
                      33:-0.127
                      34:-0.968
 
 I=  5/2- (4)  3.271  26: 0.393
                      30:-0.459
                      31:-0.737
                      32:-0.080
                      33:-0.193
                      34: 0.219
 
 I=  5/2- (5)  4.548  26:-0.065
                      30: 0.795
                      31:-0.532
                      32: 0.263
                      33:-0.106

             ENERGY    K= OMEGA
 
 I=  7/2- (1)  2.014  30: 0.177
                      31:-0.222
                      32: 0.486
                      33:-0.825
 
 I=  7/2- (2)  2.622  25:-0.065
                      26:-0.177
                      28: 0.057
                      30:-0.355
                      31:-0.291
                      32:-0.725
                      33:-0.426
                      34: 0.207
 
 I=  7/2- (3)  3.669  25:-0.244
                      27:-0.110
                      28: 0.918
                      30: 0.077
                      31: 0.095
                      34:-0.254
 
 I=  7/2- (4)  3.794  26: 0.061
                      28:-0.277
                      30: 0.123
                      31: 0.178
                      32:-0.303
                      33:-0.196
                      34:-0.860
 
 I=  7/2- (5)  4.111  35:-0.720
                      36:-0.575
                      37:-0.358
                      38:-0.154

             ENERGY    K= OMEGA
 
 I=  9/2- (1)  2.667  26: 0.176
                      27:-0.075
                      29: 0.101
                      30:-0.302
                      31:-0.360
                      32: 0.467
                      33: 0.691
                      34:-0.187
 
 I=  9/2- (2)  3.145  25: 0.085
                      27: 0.256
                      28: 0.204
                      29:-0.932
                      30:-0.052
                      31:-0.060
                      32: 0.051
                      33: 0.065
 
 I=  9/2- (3)  3.802  25: 0.091
                      26: 0.056
                      28: 0.096
                      30: 0.102
                      31:-0.319
                      32:-0.668
                      33: 0.145
                      34:-0.630
 
 I=  9/2- (4)  3.828  25:-0.074
                      26: 0.063
                      28:-0.115
                      30:-0.332
                      32: 0.378
                      33:-0.579
                      34:-0.622
 
 I=  9/2- (5)  4.595  25:-0.318
                      27: 0.131
                      28:-0.900
                      29:-0.191
                      30: 0.080
                      31:-0.056
                      32:-0.130
                      33: 0.093

             ENERGY    K= OMEGA
 
 I= 11/2- (1)  2.848  35: 0.655
                      36: 0.564
                      37: 0.417
                      38: 0.257
                      39: 0.118
 
 I= 11/2- (2)  3.848  25:-0.101
                      27: 0.197
                      28: 0.118
                      29: 0.368
                      30:-0.238
                      31: 0.259
                      32:-0.492
                      33: 0.660
 
 I= 11/2- (3)  4.134  25: 0.110
                      27:-0.284
                      28:-0.252
                      29:-0.806
                      30:-0.131
                      31: 0.137
                      32:-0.243
                      33: 0.313
 
 I= 11/2- (4)  4.592  25:-0.092
                      26:-0.290
                      28: 0.102
                      30:-0.424
                      31:-0.399
                      32:-0.558
                      33:-0.427
                      34: 0.248
 
 I= 11/2- (5)  5.701  25:-0.374
                      26: 0.089
                      27:-0.167
                      28: 0.846
                      29:-0.263
                      30: 0.105
                      31: 0.105
                      34:-0.133

             ENERGY    K= OMEGA
 
 I= 13/2- (1)  4.451  35:-0.182
                      36: 0.476
                      37:-0.600
                      38: 0.531
                      39:-0.313
 
 I= 13/2- (2)  4.659  25:-0.073
                      26: 0.281
                      27:-0.117
                      28:-0.064
                      29: 0.156
                      30:-0.392
                      31:-0.438
                      32: 0.426
                      33: 0.543
                      34:-0.226
 
 I= 13/2- (3)  5.258  25: 0.179
                      26: 0.089
                      27: 0.373
                      28: 0.320
                      29:-0.821
                      30:-0.110
                      31:-0.126
                      32: 0.055
                      33: 0.069
                      34:-0.092
 
 I= 13/2- (4)  6.436  25: 0.076
                      26: 0.116
                      28: 0.050
                      29: 0.117
                      30:-0.053
                      31:-0.249
                      32:-0.480
                      33:-0.267
                      34:-0.773
 
 I= 13/2- (5)  6.532  25: 0.201
                      27:-0.109
                      28: 0.306
                      29: 0.089
                      30: 0.343
                      31:-0.215
                      32:-0.522
                      33: 0.603
                      34: 0.212

             ENERGY     K= 9/2
  35 LEVELS    TIME=  0.0 SEC



 ******************* EXCITATION ENERGIES, DOMINANT CONFIGURATION AND EXPECTATION VALUES (WITH S.P. UU+VV FACTORS) *******************

  NR  Eex(keV)  I   Kdom  NY    <Jz>  <Jx**2> <Jy**2> <Jz**2> <I.j>/|I|  <Rx**2> <Ry**2> <Rz**2> <R.j>/|R|  <HROTx> <HROTy> <HROTz>

   1    0.0   3/2-  -3/2  32   -1.40    1.51    1.51    2.15    1.47       1.62    1.62    0.00   -1.30      0.198   0.198   0.000
   2   12.2   5/2-   5/2  33    1.69    1.84    1.84    5.34    2.45       1.64    1.64    0.00   -0.98      0.200   0.200   0.000
   3  136.3   1/2-   1/2  34    0.50    1.16    1.16    0.25    0.84       0.93    0.93    0.00   -1.35      0.114   0.114   0.000
   4  607.6   5/2-  -3/2  32   -0.78    1.53    1.53    2.75    1.12       3.96    3.96    0.00   -0.89      0.483   0.483   0.000
   5  640.5   7/2-   5/2  33    1.29    1.95    1.95    4.93    2.06       4.09    4.09    0.00   -0.22      0.499   0.499   0.000
  
   6  796.6   3/2-   1/2  34    0.44    1.26    1.26    0.31   -0.16       3.59    3.59    0.00   -1.17      0.438   0.438   0.000
   7  818.5   5/2-   1/2  34    0.47    1.47    1.47    0.41    0.81       3.64    3.64    0.00   -0.35      0.444   0.444   0.000
   8 1249.0   7/2-  -3/2  32   -0.37    1.69    1.69    2.63    1.37       5.44    5.44    0.00   -0.17      0.664   0.664   0.000
   9 1293.8   9/2-   5/2  33    0.78    2.70    2.70    4.10    2.33       5.54    5.54    0.00    0.63      0.675   0.675   0.000
  10 1474.9  11/2-   1/2  35    0.00   28.21   28.21    3.00    7.38       3.47    3.47    0.00   -5.81      0.423   0.423   0.000
  
  11 1674.3   3/2-  -3/2  31   -1.31    3.91    3.91    2.06    1.42       4.07    4.07    0.00   -2.50      0.496   0.496   0.000
  12 1772.4   9/2-   9/2  29    3.56    2.70    2.70   19.00    4.43       2.55    2.55    0.00   -1.05      0.311   0.311   0.000
  13 1826.2   1/2-   1/2  30    0.50    3.99    3.99    0.25    0.41       4.13    4.13    0.00   -2.74      0.504   0.504   0.000
  14 1897.9   5/2-  -3/2  31   -0.52    3.79    3.79    1.57    1.63       4.13    4.13    0.00   -1.51      0.504   0.504   0.000
  15 2029.9   3/2-   1/2  30    0.35    3.23    3.23    0.40    0.53       4.28    4.28    0.00   -2.00      0.522   0.522   0.000
  
  16 2296.4   7/2-  -7/2  28   -2.82    2.34    2.34   10.90    3.17       3.09    3.09   -0.00   -1.21      0.377   0.377  -0.000
  17 2420.8   7/2-   1/2  34    0.02    1.61    1.61    1.67    0.13       9.79    9.79    0.00   -0.98      1.193   1.193   0.000
  18 2428.9   9/2-  -3/2  32   -0.57    1.40    1.40    1.68    0.83      10.51   10.51    0.00   -0.08      1.281   1.281   0.000
  19 2454.9   9/2-   1/2  34    0.83    1.97    1.97    2.77    1.04      10.55   10.55   -0.00   -0.33      1.286   1.286  -0.000
  20 2475.4  11/2-   5/2  33    1.10    2.48    2.48    6.88    2.33       9.89    9.89    0.00    0.47      1.205   1.205   0.000
  
  21 2738.3   7/2-   1/2  35   -0.00   28.58   28.58    1.96    7.14       9.12    9.12    0.00   -7.21      1.112   1.112   0.000
  22 2760.6  11/2-   9/2  29    2.59    2.79    2.79   15.80    3.54       7.38    7.38    0.00   -0.05      0.900   0.900   0.000
  23 3077.8  13/2-   5/2  37    0.03   26.31   26.31    8.21    6.75       7.68    7.68   -0.00   -3.50      0.936   0.936  -0.000
  24 3174.9   5/2-   1/2  30   -0.18    4.04    4.04    1.03   -0.44      10.24   10.24    0.00   -2.30      1.248   1.248   0.000
  25 3219.0  11/2-  -3/2  32   -0.11    2.04    2.04    2.49    1.52      12.09   12.09    0.00    0.51      1.473   1.473   0.000
  
  26 3221.9   9/2-  -7/2  28   -2.48    2.51    2.51   11.61    2.86       6.45    6.45    0.00   -0.66      0.786   0.786   0.000
  27 3285.6  13/2-   5/2  33    0.38    3.45    3.45    3.50    2.48      12.22   12.22    0.00    1.41      1.490   1.490   0.000
  28 3613.0   1/2-   1/2  26    0.50    4.71    4.71    0.25    0.67       4.63    4.63   -0.00   -2.99      0.564   0.564  -0.000
  29 3884.6  13/2-   9/2  29    2.27    3.33    3.33   16.89    3.68      10.47   10.47    0.00    0.46      1.277   1.277   0.000
  30 4327.6  11/2-  -7/2  28   -1.94    2.65    2.65   11.41    2.59      10.72   10.72   -0.00   -0.26      1.307   1.307  -0.000
  
  31 4710.7   3/2-   1/2  26    0.42    5.33    5.33    0.33   -1.49      10.26   10.26   -0.00   -3.06      1.251   1.251  -0.000
  32 5063.3  13/2-   1/2  34    0.11    1.62    1.62    1.61    0.81      21.13   21.13    0.00    0.13      2.576   2.576   0.000
  33 5158.6  13/2-   5/2  33    0.28    2.01    2.01    4.74    1.17      20.60   20.60    0.00   -0.09      2.512   2.512   0.000
  34 8402.4   1/2-   1/2  35    0.50   29.10   29.10    0.25   -4.10      33.15   33.15    0.00   -7.61      4.042   4.042   0.000
  35*******   1/2-  -3/2  32    0.00    0.00    0.00    0.00   -0.00       0.00    0.00    0.00   -0.00      0.000   0.000   0.000
  
