1SPECTRUM OF (Z= 82 A=207) IN PARTICLE-ROTOR  MODEL WITH MODIFIED OSCILLATOR POTENTIAL


 PARITY=-   EPS= 0.215   GAMMA=  0.0   EPS4=0.000   EPS6=0.000   LEVELS:  24  25  26  27  28  29  30  31  32  33  34  35  36  37  38

 PAIRING FACTORS: GN0= 19.20  GN1=  7.40  IPAIR= 15 ***  E2PLUS(INPUT)=   0.730  E2PLUR(INPUT)=   0.000

 CORIOLIS ATTENUATION PARAMETERS:  CHSI=1.000  ETA=  1.00

 MOMENT OF INERTIA PARAMETERS:   A1=  0.122 MEV   A2=  0.122 MEV   A3=121.91924 MEV


 DELTA=0.946 MEV  LAMBDA=53.4846 MEV   HW0= 7.4512 MEV   LAMBDA/HW0= 7.1780

 E2ENERGY=0.730 MEV  HBAR**2/B= 8571./A**(7/3)=1448.9/A**2 MEV

 IREC=0  =>  RECOIL TERMS j+j-, j+j+, jzjz, ETC TREATED AS ONE-BODY OPERATORS WITH UU+VV PAIRING FACTORS



 S. P. LEVEL   EQP       U     V        (UU + VV)**1.00

     24       5.207    0.091 0.996      1.000 1.000 1.000 0.999 0.995 0.990 0.987 0.986 0.629 0.535 0.525 0.435 0.380 0.333 0.261
     25       4.159    0.114 0.993      1.000 1.000 1.000 1.000 0.997 0.993 0.991 0.990 0.647 0.555 0.544 0.456 0.402 0.355 0.283
     26       4.100    0.116 0.993      1.000 1.000 1.000 1.000 0.997 0.993 0.991 0.990 0.649 0.556 0.546 0.457 0.403 0.357 0.285
     27       3.627    0.132 0.991      0.999 1.000 1.000 1.000 0.998 0.995 0.993 0.992 0.660 0.569 0.559 0.471 0.418 0.371 0.300
     28       2.482    0.194 0.981      0.995 0.997 0.997 0.998 1.000 0.999 0.998 0.998 0.707 0.620 0.610 0.526 0.474 0.430 0.360
     29       2.089    0.233 0.973      0.990 0.993 0.993 0.995 0.999 1.000 1.000 1.000 0.734 0.650 0.641 0.559 0.509 0.465 0.396
     30       1.957    0.250 0.968      0.987 0.991 0.991 0.993 0.998 1.000 1.000 1.000 0.746 0.663 0.654 0.574 0.524 0.480 0.412
     31       1.926    0.254 0.967      0.986 0.990 0.990 0.992 0.998 1.000 1.000 1.000 0.749 0.667 0.658 0.577 0.527 0.484 0.416
     32       1.023    0.831 0.556      0.629 0.647 0.649 0.660 0.707 0.734 0.746 0.749 1.000 0.993 0.992 0.973 0.958 0.942 0.914
     33       1.166    0.890 0.456      0.535 0.555 0.556 0.569 0.620 0.650 0.663 0.667 0.993 1.000 1.000 0.993 0.985 0.975 0.955
     34       1.187    0.896 0.445      0.525 0.544 0.546 0.559 0.610 0.641 0.654 0.658 0.992 1.000 1.000 0.995 0.987 0.978 0.959
     35       1.439    0.936 0.351      0.435 0.456 0.457 0.471 0.526 0.559 0.574 0.577 0.973 0.993 0.995 1.000 0.998 0.994 0.983
     36       1.681    0.956 0.294      0.380 0.402 0.403 0.418 0.474 0.509 0.524 0.527 0.958 0.985 0.987 0.998 1.000 0.999 0.992
     37       1.983    0.969 0.246      0.333 0.355 0.357 0.371 0.430 0.465 0.480 0.484 0.942 0.975 0.978 0.994 0.999 1.000 0.997
     38       2.798    0.985 0.172      0.261 0.283 0.285 0.300 0.360 0.396 0.412 0.416 0.914 0.955 0.959 0.983 0.992 0.997 1.000

  R CORE   ENERGY   A0R/A00=1.000    R3= 0     2  
   2( 1)    0.732                    1.000 0.000
   2( 2)  487.921                    0.000 1.000

  R CORE   ENERGY   A0R/A00=1.000    R3= 0     2  
   3( 1)  488.652                    0.000 1.000

  R CORE   ENERGY   A0R/A00=1.000    R3= 0     2     4  
   4( 1)    2.438                    1.000 0.000 0.000

  R CORE   ENERGY   A0R/A00=1.000    R3= 0     2     4  
   5( 1)  490.847                    0.000 1.000 0.000

  R CORE   ENERGY   A0R/A00=1.000    R3= 0     2     4     6  
   6( 1)    5.121                    1.000 0.000 0.000 0.000

  R CORE   ENERGY   A0R/A00=1.000    R3= 0     2     4     6  
   7( 1)  494.017                    0.000 1.000 0.000 0.000

          AXIAL SYMMETRY => K RESTRICTED TO OMEGA

                     K
     S.P. ORB#: 24  2.50
     S.P. ORB#: 25  2.50
     S.P. ORB#: 26  0.50
     S.P. ORB#: 27 -3.50
     S.P. ORB#: 28 -3.50
     S.P. ORB#: 29  0.50
     S.P. ORB#: 30  4.50
     S.P. ORB#: 31 -1.50
     S.P. ORB#: 32 -1.50
     S.P. ORB#: 33  2.50
     S.P. ORB#: 34  0.50
     S.P. ORB#: 35 -1.50
     S.P. ORB#: 36  0.50
     S.P. ORB#: 37  2.50
     S.P. ORB#: 38 -3.50
 

             ENERGY    K= OMEGA
 
 I=  1/2- (1)  1.950  26:-0.057
                      36:-0.998
 
 I=  1/2- (2)  3.165  29: 0.999
 
 I=  1/2- (3)  5.361  26: 0.998
                      36:-0.057
 
 I=  1/2- (4)  8.946  34: 1.000
 
 I=  1/2- (5)147.326  32:-1.000

             ENERGY    K= OMEGA
 
 I=  3/2- (1)  1.524  29: 0.183
                      31: 0.099
                      32: 0.975
                      36:-0.068
 
 I=  3/2- (2)  2.573  29: 0.201
                      31: 0.211
                      32:-0.127
                      36:-0.948

             ENERGY    K= OMEGA
 
 I=  5/2- (1)  1.645  26:-0.053
                      29: 0.143
                      31: 0.178
                      32:-0.457
                      33:-0.856
 
 I=  5/2- (2)  2.170  29:-0.200
                      31: 0.178
                      32: 0.850
                      33:-0.447
                      36: 0.062
 
 I=  5/2- (3)  2.596  26: 0.060
                      29:-0.214
                      31:-0.286
                      33:-0.149
                      36:-0.920
 
 I=  5/2- (4)  3.291  24:-0.072
                      26: 0.351
                      29:-0.415
                      31:-0.721
                      32:-0.067
                      33:-0.182
                      36: 0.376
 
 I=  5/2- (5)  4.466  24: 0.064
                      26: 0.074
                      29:-0.814
                      31: 0.507
                      32:-0.247
                      33: 0.097

             ENERGY    K= OMEGA
 
 I=  7/2- (1)  2.286  29: 0.193
                      31:-0.208
                      32: 0.539
                      33:-0.791
 
 I=  7/2- (2)  2.835  25:-0.093
                      26: 0.172
                      27: 0.051
                      28:-0.181
                      29: 0.330
                      31: 0.317
                      32: 0.682
                      33: 0.467
                      36:-0.179
 
 I=  7/2- (3)  3.220  25: 0.224
                      27:-0.105
                      28: 0.945
                      29: 0.089
                      31: 0.060
                      32: 0.126
                      33: 0.101
                      36:-0.055
 
 I=  7/2- (4)  3.543  34:-0.733
                      35:-0.572
                      37:-0.341
                      38:-0.138
 
 I=  7/2- (5)  4.083  24:-0.081
                      26: 0.172
                      29: 0.150
                      31: 0.452
                      32:-0.329
                      33:-0.291
                      36:-0.736

             ENERGY    K= OMEGA
 
 I=  9/2- (1)  2.682  24: 0.073
                      25:-0.070
                      27: 0.283
                      28: 0.163
                      29: 0.054
                      30:-0.919
                      31: 0.082
                      32:-0.085
                      33:-0.135
 
 I=  9/2- (2)  2.979  26:-0.193
                      28:-0.051
                      29: 0.313
                      30: 0.198
                      31: 0.381
                      32:-0.470
                      33:-0.656
                      36: 0.161
 
 I=  9/2- (3)  3.919  24: 0.102
                      25: 0.256
                      26:-0.067
                      27: 0.129
                      28:-0.593
                      29:-0.108
                      30:-0.072
                      31: 0.288
                      32: 0.599
                      33:-0.217
                      36: 0.213
 
 I=  9/2- (4)  4.132  25: 0.102
                      26: 0.175
                      27: 0.061
                      28:-0.358
                      29:-0.257
                      30:-0.052
                      31:-0.304
                      32:-0.183
                      33:-0.379
                      36:-0.699
 
 I=  9/2- (5)  4.231  25:-0.169
                      26: 0.050
                      27:-0.072
                      28: 0.605
                      29:-0.282
                      30: 0.107
                      31: 0.098
                      32: 0.487
                      33:-0.489
                      36:-0.136

             ENERGY    K= OMEGA
 
 I= 11/2- (1)  2.470  34:-0.692
                      35:-0.575
                      37:-0.391
                      38:-0.192
 
 I= 11/2- (2)  3.589  24: 0.121
                      25:-0.110
                      27:-0.386
                      28:-0.213
                      30:-0.866
                      31:-0.078
                      32: 0.075
                      33:-0.130
 
 I= 11/2- (3)  4.236  28: 0.053
                      29: 0.281
                      30: 0.178
                      31:-0.282
                      32: 0.568
                      33:-0.695
 
 I= 11/2- (4)  4.762  24:-0.115
                      25:-0.191
                      26: 0.268
                      27: 0.112
                      28:-0.353
                      29: 0.371
                      31: 0.415
                      32: 0.497
                      33: 0.377
                      36:-0.208
 
 I= 11/2- (5)  5.252  24:-0.080
                      25:-0.320
                      26:-0.148
                      27: 0.159
                      28:-0.809
                      29:-0.220
                      30: 0.179
                      31:-0.175
                      32:-0.175
                      33:-0.174
                      36: 0.131

             ENERGY    K= OMEGA
 
 I= 13/2- (1)  4.648  24: 0.171
                      25:-0.130
                      26:-0.129
                      27: 0.429
                      28: 0.208
                      29: 0.159
                      30:-0.737
                      31: 0.226
                      32:-0.164
                      33:-0.239
                      36: 0.081
 
 I= 13/2- (2)  4.747  34:-0.236
                      35: 0.586
                      37:-0.651
                      38: 0.421
 
 I= 13/2- (3)  5.061  25: 0.050
                      26:-0.296
                      27:-0.136
                      28:-0.143
                      29: 0.383
                      30: 0.391
                      31: 0.443
                      32:-0.359
                      33:-0.452
                      36: 0.204
 
 I= 13/2- (4)  6.331  24: 0.172
                      25: 0.373
                      26:-0.060
                      27: 0.202
                      28:-0.703
                      29:-0.093
                      30:-0.126
                      31: 0.210
                      32: 0.453
                      36: 0.132
 
 I= 13/2- (5)  6.702  25: 0.098
                      26: 0.208
                      27: 0.082
                      28:-0.306
                      29:-0.201
                      31:-0.253
                      32:-0.362
                      33:-0.494
                      36:-0.605

             ENERGY     K=-7/2
  32 LEVELS    TIME=  0.0 SEC



 ******************* EXCITATION ENERGIES, DOMINANT CONFIGURATION AND EXPECTATION VALUES (WITH S.P. UU+VV FACTORS) *******************

  NR  Eex(keV)  I   Kdom  NY    <Jz>  <Jx**2> <Jy**2> <Jz**2> <I.j>/|I|  <Rx**2> <Ry**2> <Rz**2> <R.j>/|R|  <HROTx> <HROTy> <HROTz>

   1    0.0   3/2-  -3/2  32   -1.42    1.61    1.61    2.17    1.41       1.83    1.83   -0.00   -1.38      0.224   0.224  -0.000
   2  120.5   5/2-   5/2  33    1.49    1.87    1.87    5.13    2.35       1.86    1.86    0.00   -1.00      0.227   0.227   0.000
   3  425.8   1/2-   1/2  36    0.50    1.29    1.29    0.25    0.82       1.07    1.07    0.00   -1.44      0.131   0.131   0.000
   4  645.7   5/2-  -3/2  32   -0.60    1.61    1.61    2.97    1.08       4.26    4.26    0.00   -1.02      0.519   0.519   0.000
   5  762.0   7/2-   5/2  33    1.08    1.98    1.98    4.70    1.95       4.46    4.46    0.00   -0.31      0.544   0.544   0.000
  
   6  945.9  11/2-   1/2  34   -0.00   27.49   27.49    2.27    7.08       4.18    4.18    0.00   -5.16      0.509   0.509   0.000
   7 1049.1   3/2-   1/2  36    0.38    1.56    1.56    0.37    0.02       3.58    3.58   -0.00   -1.29      0.437   0.437  -0.000
   8 1071.9   5/2-   1/2  36    0.38    1.95    1.95    0.55    1.01       3.60    3.60    0.00   -0.54      0.438   0.438   0.000
   9 1157.2   9/2-   9/2  30    3.48    2.79    2.79   18.64    4.46       2.32    2.32    0.00   -0.95      0.283   0.283   0.000
  10 1310.2   7/2-  -3/2  32   -0.32    1.93    1.93    3.17    1.45       5.63    5.63    0.00   -0.38      0.687   0.687   0.000
  
  11 1454.9   9/2-   5/2  33    0.78    2.84    2.84    4.39    2.28       6.09    6.09    0.00    0.36      0.743   0.743   0.000
  12 1641.0   1/2-   1/2  29    0.50    4.21    4.21    0.25    0.35       4.41    4.41    0.00   -2.82      0.537   0.537   0.000
  13 1695.8   7/2-  -7/2  28   -3.03    2.26    2.26   11.52    3.31       2.77    2.77    0.00   -1.24      0.338   0.338   0.000
  14 1766.8   5/2-  -3/2  31   -0.47    3.68    3.68    1.53    1.44       4.57    4.57   -0.00   -1.54      0.558   0.558  -0.000
  15 2018.8   7/2-   1/2  34    0.00   27.59   27.59    1.83    6.95       8.82    8.82    0.00   -7.01      1.075   1.075   0.000
  
  16 2064.5  11/2-   9/2  30    2.78    3.23    3.23   17.85    4.13       5.34    5.34    0.00    0.11      0.651   0.651   0.000
  17 2394.2   9/2-  -3/2  32   -1.59    2.06    2.06    6.40    1.94       7.98    7.98    0.00   -0.22      0.973   0.973   0.000
  18 2558.8   7/2-   1/2  36    0.05    2.44    2.44    1.45    0.34       9.67    9.67    0.00   -1.13      1.179   1.179   0.000
  19 2607.9   9/2-   1/2  36    0.04    2.39    2.39    3.07    1.39       9.37    9.37    0.00   -0.21      1.143   1.143   0.000
  20 2706.6   9/2-  -7/2  28   -0.89    2.13    2.13    7.05    1.64       9.85    9.85    0.00   -0.70      1.201   1.201   0.000
  
  21 2711.6  11/2-   5/2  33    0.78    2.27    2.27    4.63    1.73      12.10   12.10   -0.00    0.24      1.476   1.476  -0.000
  22 2941.7   5/2-   1/2  29   -0.11    4.24    4.24    0.97   -0.35      10.13   10.13   -0.00   -2.33      1.235   1.235  -0.000
  23 3124.1  13/2-   9/2  30    1.82    3.79    3.79   14.62    3.75       9.28    9.28    0.00    0.93      1.132   1.132   0.000
  24 3222.8  13/2-   5/2  37   -0.05   26.67   26.67    5.60    6.04      11.69   11.69    0.00   -3.47      1.426   1.426   0.000
  25 3237.8  11/2-  -3/2  32   -0.50    2.50    2.50    3.88    1.82      11.42   11.42   -0.00    0.42      1.392   1.392  -0.000
  
  26 3536.5  13/2-   5/2  33    0.72    3.60    3.60    5.67    2.56      12.92   12.92    0.00    0.99      1.575   1.575   0.000
  27 3727.9  11/2-  -7/2  28   -1.93    2.48    2.48   10.01    2.41      10.94   10.94   -0.00   -0.12      1.334   1.334  -0.000
  28 3836.5   1/2-   1/2  26    0.50    5.32    5.32    0.25    0.69       5.21    5.21    0.00   -3.18      0.636   0.636   0.000
  29 4806.3  13/2-  -7/2  28   -1.73    2.43    2.43    8.50    2.20      15.72   15.72    0.00    0.35      1.917   1.917   0.000
  30 5178.0  13/2-   1/2  36    0.22    2.23    2.23    3.40    1.13      20.43   20.43    0.00    0.00      2.491   2.491   0.000
  
  31 7421.4   1/2-   1/2  34    0.50   27.86   27.86    0.25   -3.99      31.82   31.82    0.00   -7.45      3.879   3.879   0.000
  32*******   1/2-  -3/2  32    0.00    0.00    0.00    0.00   -0.00       0.00    0.00    0.00   -0.00      0.000   0.000   0.000
