1SPECTRUM OF (Z= 82 A=207) IN PARTICLE-ROTOR  MODEL WITH MODIFIED OSCILLATOR POTENTIAL


 PARITY=-   EPS= 0.419   GAMMA=  0.0   EPS4=0.000   EPS6=0.000   LEVELS:  25  26  27  28  29  30  31  32  33  34  35  36  37  38  39

 PAIRING FACTORS: GN0= 19.20  GN1=  7.40  IPAIR= 15 ***  E2PLUS(INPUT)=   0.730  E2PLUR(INPUT)=   0.000

 CORIOLIS ATTENUATION PARAMETERS:  CHSI=1.000  ETA=  1.00

 MOMENT OF INERTIA PARAMETERS:   A1=  0.122 MEV   A2=  0.122 MEV   A3=121.91921 MEV


 DELTA=0.844 MEV  LAMBDA=53.4891 MEV   HW0= 7.5760 MEV   LAMBDA/HW0= 7.0603

 E2ENERGY=0.730 MEV  HBAR**2/B=32552./A**(7/3)=5502.9/A**2 MEV

 IREC=0  =>  RECOIL TERMS j+j-, j+j+, jzjz, ETC TREATED AS ONE-BODY OPERATORS WITH UU+VV PAIRING FACTORS



 S. P. LEVEL   EQP       U     V        (UU + VV)**1.00

     25       3.664    0.116 0.993      1.000 1.000 0.999 0.998 0.995 0.921 0.890 0.836 0.595 0.440 0.347 0.346 0.262 0.244 0.227
     26       3.336    0.128 0.992      1.000 1.000 0.999 0.999 0.996 0.926 0.895 0.842 0.605 0.450 0.358 0.357 0.273 0.255 0.238
     27       2.526    0.170 0.986      0.999 0.999 1.000 1.000 0.999 0.941 0.913 0.864 0.638 0.488 0.397 0.396 0.314 0.296 0.279
     28       2.444    0.175 0.984      0.998 0.999 1.000 1.000 0.999 0.943 0.916 0.867 0.643 0.493 0.403 0.402 0.319 0.302 0.285
     29       1.974    0.219 0.976      0.995 0.996 0.999 0.999 1.000 0.957 0.933 0.889 0.676 0.531 0.443 0.442 0.361 0.344 0.328
     30       0.984    0.493 0.870      0.921 0.926 0.941 0.943 0.957 1.000 0.997 0.984 0.861 0.755 0.685 0.684 0.617 0.602 0.588
     31       0.913    0.556 0.831      0.890 0.895 0.913 0.916 0.933 0.997 1.000 0.994 0.896 0.801 0.736 0.736 0.673 0.659 0.646
     32       0.858    0.642 0.766      0.836 0.842 0.864 0.867 0.889 0.984 0.994 1.000 0.939 0.861 0.805 0.804 0.749 0.736 0.725
     33       0.978    0.867 0.498      0.595 0.605 0.638 0.643 0.676 0.861 0.896 0.939 1.000 0.983 0.960 0.960 0.931 0.924 0.918
     34       1.347    0.943 0.332      0.440 0.450 0.488 0.493 0.531 0.755 0.801 0.861 0.983 1.000 0.995 0.995 0.982 0.978 0.975
     35       1.844    0.972 0.236      0.347 0.358 0.397 0.403 0.443 0.685 0.736 0.805 0.960 0.995 1.000 1.000 0.996 0.994 0.992
     36       1.849    0.972 0.235      0.346 0.357 0.396 0.402 0.442 0.684 0.736 0.804 0.960 0.995 1.000 1.000 0.996 0.994 0.992
     37       2.885    0.989 0.148      0.262 0.273 0.314 0.319 0.361 0.617 0.673 0.749 0.931 0.982 0.996 0.996 1.000 1.000 0.999
     38       3.282    0.992 0.130      0.244 0.255 0.296 0.302 0.344 0.602 0.659 0.736 0.924 0.978 0.994 0.994 1.000 1.000 1.000
     39       3.775    0.994 0.113      0.227 0.238 0.279 0.285 0.328 0.588 0.646 0.725 0.918 0.975 0.992 0.992 0.999 1.000 1.000

  R CORE   ENERGY   A0R/A00=1.000    R3= 0     2  
   2( 1)    0.732                    1.000 0.000
   2( 2)  487.921                    0.000 1.000

  R CORE   ENERGY   A0R/A00=1.000    R3= 0     2  
   3( 1)  488.652                    0.000 1.000

  R CORE   ENERGY   A0R/A00=1.000    R3= 0     2     4  
   4( 1)    2.438                    1.000 0.000 0.000

  R CORE   ENERGY   A0R/A00=1.000    R3= 0     2     4  
   5( 1)  490.847                    0.000 1.000 0.000

  R CORE   ENERGY   A0R/A00=1.000    R3= 0     2     4     6  
   6( 1)    5.121                    1.000 0.000 0.000 0.000

  R CORE   ENERGY   A0R/A00=1.000    R3= 0     2     4     6  
   7( 1)  494.017                    0.000 1.000 0.000 0.000

          AXIAL SYMMETRY => K RESTRICTED TO OMEGA

                     K
     S.P. ORB#: 25  0.50
     S.P. ORB#: 26 -5.50
     S.P. ORB#: 27  2.50
     S.P. ORB#: 28 -1.50
     S.P. ORB#: 29 -3.50
     S.P. ORB#: 30  2.50
     S.P. ORB#: 31  0.50
     S.P. ORB#: 32 -1.50
     S.P. ORB#: 33  0.50
     S.P. ORB#: 34 -3.50
     S.P. ORB#: 35 -3.50
     S.P. ORB#: 36  4.50
     S.P. ORB#: 37  0.50
     S.P. ORB#: 38 -1.50
     S.P. ORB#: 39 -1.50
 

             ENERGY    K= OMEGA
 
 I=  1/2- (1)  2.248  31:-1.000
 
 I=  1/2- (2)  3.824  25:-0.219
                      33: 0.919
                      37:-0.327
 
 I=  1/2- (3)  6.889  25:-0.276
                      33: 0.263
                      37: 0.924
 
 I=  1/2- (4)  9.855  25: 0.936
                      33: 0.293
                      37: 0.196
 
 I=  1/2- (5)147.161  32:-1.000

             ENERGY    K= OMEGA
 
 I=  3/2- (1)  2.183  31: 0.506
                      32:-0.862
 
 I=  3/2- (2)  2.515  31: 0.848
                      32: 0.504
                      39: 0.164

             ENERGY    K= OMEGA
 
 I=  5/2- (1)  2.746  31: 0.466
                      32: 0.881
                      39:-0.063
 
 I=  5/2- (2)  3.294  27:-0.069
                      31: 0.841
                      32:-0.461
                      39:-0.275
 
 I=  5/2- (3)  3.909  25:-0.172
                      33: 0.818
                      37:-0.470
                      38: 0.281
 
 I=  5/2- (4)  4.317  27:-0.991
                      31:-0.063
                      32: 0.083
                      39:-0.083
 
 I=  5/2- (5)  5.177  27:-0.103
                      31: 0.268
                      32:-0.067
                      39: 0.956

             ENERGY    K= OMEGA
 
 I=  7/2- (1)  2.252  27:-0.148
                      34: 0.988
 
 I=  7/2- (2)  3.358  31:-0.727
                      32: 0.664
                      39:-0.171
 
 I=  7/2- (3)  3.882  27:-0.197
                      29:-0.946
                      31: 0.171
                      32: 0.172
                      39: 0.083
 
 I=  7/2- (4)  3.972  25: 0.069
                      28:-0.115
                      30:-0.144
                      33:-0.875
                      35:-0.055
                      37:-0.248
                      38: 0.362
 
 I=  7/2- (5)  3.989  27:-0.058
                      29: 0.269
                      31: 0.589
                      32: 0.715
                      39: 0.257

             ENERGY    K= OMEGA
 
 I=  9/2- (1)  2.771  27:-0.092
                      29: 0.190
                      34:-0.378
                      36:-0.901
 
 I=  9/2- (2)  3.355  27: 0.195
                      29: 0.115
                      34: 0.899
                      36:-0.373
 
 I=  9/2- (3)  4.495  27: 0.061
                      31: 0.592
                      32: 0.783
                      39:-0.173
 
 I=  9/2- (4)  4.694  25: 0.092
                      28: 0.109
                      30:-0.195
                      33:-0.747
                      35: 0.103
                      37: 0.499
                      38:-0.353
 
 I=  9/2- (5)  5.000  25:-0.228
                      28: 0.544
                      30:-0.675
                      33: 0.163
                      35: 0.383
                      37:-0.145

             ENERGY    K= OMEGA
 
 I= 11/2- (1)  3.768  25:-0.509
                      28:-0.562
                      30:-0.481
                      33:-0.334
                      35:-0.215
                      37:-0.105
                      38: 0.156
 
 I= 11/2- (2)  3.913  26: 0.062
                      27: 0.137
                      29: 0.255
                      34:-0.444
                      36: 0.846
 
 I= 11/2- (3)  4.654  26:-0.687
                      27: 0.174
                      29:-0.105
                      34:-0.637
                      36:-0.281
 
 I= 11/2- (4)  4.703  26:-0.724
                      27:-0.152
                      29: 0.134
                      34: 0.567
                      36: 0.336
 
 I= 11/2- (5)  5.117  25: 0.325
                      28: 0.186
                      30: 0.133
                      33:-0.779
                      35: 0.075
                      37:-0.286
                      38: 0.384

             ENERGY    K= OMEGA
 
 I= 13/2- (1)  5.295  26:-0.069
                      27: 0.173
                      29:-0.298
                      34: 0.475
                      36: 0.806
 
 I= 13/2- (2)  5.555  25: 0.183
                      28:-0.558
                      30: 0.676
                      33: 0.176
                      35:-0.379
                      37:-0.081
                      38: 0.135
 
 I= 13/2- (3)  6.205  26:-0.531
                      27:-0.228
                      29:-0.158
                      34:-0.711
                      36: 0.366
 
 I= 13/2- (4)  6.291  26:-0.844
                      27: 0.126
                      29: 0.141
                      34: 0.409
                      36:-0.289
 
 I= 13/2- (5)  6.451  25:-0.173
                      28: 0.143
                      30:-0.116
                      33: 0.713
                      35: 0.076
                      37:-0.537
                      38: 0.366

             ENERGY     K=-3/2
  32 LEVELS    TIME=  0.0 SEC



 ******************* EXCITATION ENERGIES, DOMINANT CONFIGURATION AND EXPECTATION VALUES (WITH S.P. UU+VV FACTORS) *******************

  NR  Eex(keV)  I   Kdom  NY    <Jz>  <Jx**2> <Jy**2> <Jz**2> <I.j>/|I|  <Rx**2> <Ry**2> <Rz**2> <R.j>/|R|  <HROTx> <HROTy> <HROTz>

   1    0.0   3/2-  -3/2  32   -0.99    5.07    5.07    1.74    1.27       5.36    5.36    0.00   -2.88      0.654   0.654   0.000
   2   65.0   1/2-   1/2  31    0.50    5.04    5.04    0.25    0.07       5.47    5.47   -0.00   -3.10      0.667   0.667  -0.000
   3   69.7   7/2-  -7/2  34   -3.37    2.31    2.31   12.12    3.19       3.61    3.61   -0.00   -1.53      0.440   0.440  -0.000
   4  332.2   3/2-   1/2  31   -0.06    4.89    4.89    0.81    0.45       6.31    6.31    0.00   -2.74      0.769   0.769   0.000
   5  562.8   5/2-  -3/2  32   -1.06    5.09    5.09    1.82    0.93       7.63    7.63    0.00   -2.37      0.930   0.930   0.000
  
   6  588.2   9/2-   9/2  36    3.05    2.54    2.54   18.70    4.07       4.03    4.03    0.00   -1.25      0.491   0.491   0.000
   7 1110.9   5/2-   1/2  31   -0.07    4.70    4.70    0.86    0.21       8.89    8.89    0.00   -2.29      1.084   1.084   0.000
   8 1172.1   9/2-  -7/2  34   -2.16    2.38    2.38   13.12    2.73       7.73    7.73   -0.00   -1.09      0.943   0.943  -0.000
   9 1175.0   7/2-   1/2  31   -0.44    5.05    5.05    1.20    0.95       9.77    9.77    0.00   -1.71      1.191   1.191   0.000
  10 1584.9  11/2-  -3/2  28    0.10   23.59   23.59    2.87    6.14       6.20    6.20    0.00   -3.79      0.756   0.756   0.000
  
  11 1640.9   1/2-   1/2  33    0.50   10.73   10.73    0.25    1.07      10.31   10.31    0.00   -4.58      1.256   1.256   0.000
  12 1699.5   7/2-  -7/2  29   -3.08    6.15    6.15   11.30    2.95       7.95    7.95   -0.00   -2.98      0.969   0.969  -0.000
  13 1726.4   5/2-   1/2  33    0.34   11.31   11.31    0.41    2.25       9.22    9.22    0.00   -3.81      1.124   1.124   0.000
  14 1730.3  11/2-   9/2  36    2.33    2.72    2.72   17.93    3.48       8.76    8.76    0.00   -0.61      1.068   1.068   0.000
  15 1789.6   7/2-   1/2  33    0.24   15.04   15.04    0.70    3.24      10.42   10.42    0.00   -3.93      1.271   1.271   0.000
  
  16 1806.2   7/2-  -3/2  32   -0.94    4.79    4.79    2.30    0.55      11.61   11.61   -0.00   -2.01      1.416   1.416  -0.000
  17 2134.7   5/2-   5/2  27    2.44    6.06    6.06    6.17    2.08       7.38    7.38   -0.00   -3.16      0.900   0.900  -0.000
  18 2311.9   9/2-  -3/2  32   -0.79    5.07    5.07    1.59    0.76      14.44   14.44    0.00   -1.48      1.761   1.761   0.000
  19 2471.7  11/2- -11/2  26   -3.63    2.61    2.61   21.20    3.63       9.37    9.37    0.00   -1.09      1.143   1.143   0.000
  20 2510.8   9/2-   1/2  33    0.26   12.89   12.89    0.88    2.77      11.92   11.92    0.00   -2.64      1.453   1.453   0.000
  
  21 2520.5  11/2- -11/2  26   -3.51    2.63    2.63   22.43    3.78       9.10    9.10   -0.00   -1.19      1.110   1.110  -0.000
  22 2817.6   9/2-   5/2  30    0.23   22.26   22.26    5.34    4.80      13.43   13.43    0.00   -5.01      1.638   1.638   0.000
  23 2934.7  11/2-   1/2  33    0.15   13.30   13.30    0.79    3.01      13.55   13.55    0.00   -1.80      1.652   1.652   0.000
  24 2993.8   5/2-  -3/2  39   -1.31    2.19    2.19    2.15    0.32       6.70    6.70   -0.00   -1.53      0.817   0.817  -0.000
  25 3111.8  13/2-   9/2  36    1.87    2.88    2.88   17.35    3.08      14.44   14.44    0.00   -0.30      1.760   1.760   0.000
  
  26 3371.8  13/2-   5/2  30    0.18   23.36   23.36    5.37    4.96      15.79   15.79    0.00   -3.11      1.925   1.925   0.000
  27 4022.7  13/2-  -7/2  34   -2.68    2.62    2.62   18.07    2.72      17.03   17.03    0.00   -0.74      2.076   2.076   0.000
  28 4107.8  13/2- -11/2  26   -4.16    2.71    2.71   25.64    3.69      14.16   14.16   -0.00   -1.00      1.727   1.727  -0.000
  29 4268.1  13/2-   1/2  33    0.19   12.02   12.02    0.71    2.62      18.45   18.45    0.00   -1.06      2.250   2.250   0.000
  30 4706.6   1/2-   1/2  37    0.50   15.79   15.79    0.25   -0.50      16.72   16.72    0.00   -5.58      2.039   2.039   0.000
  
  31 7672.4   1/2-   1/2  25    0.50   22.95   22.95    0.25   -3.48      26.46   26.46    0.00   -6.76      3.226   3.226   0.000
  32*******   1/2-  -3/2  32    0.00    0.00    0.00    0.00    0.00       0.00    0.00   -0.00   -0.00      0.000   0.000  -0.000
