1SPECTRUM OF (Z= 82 A=207) IN PARTICLE-ROTOR  MODEL WITH MODIFIED OSCILLATOR POTENTIAL


 PARITY=-   EPS= 0.474   GAMMA=  1.6   EPS4=0.000   EPS6=0.000   LEVELS:  25  26  27  28  29  30  31  32  33  34  35  36  37  38  39

 PAIRING FACTORS: GN0= 19.20  GN1=  7.40  IPAIR= 15 ***  E2PLUS(INPUT)=   0.730  E2PLUR(INPUT)=   0.000

 CORIOLIS ATTENUATION PARAMETERS:  CHSI=1.000  ETA=  1.00

 MOMENT OF INERTIA PARAMETERS:   A1=  0.126 MEV   A2=  0.118 MEV   A3=113.70970 MEV


 DELTA=0.844 MEV  LAMBDA=53.4517 MEV   HW0= 7.6274 MEV   LAMBDA/HW0= 7.0079

 E2ENERGY=0.730 MEV  HBAR**2/B=41506./A**(7/3)=7016.6/A**2 MEV

 IREC=0  =>  RECOIL TERMS j+j-, j+j+, jzjz, ETC TREATED AS ONE-BODY OPERATORS WITH UU+VV PAIRING FACTORS



 S. P. LEVEL   EQP       U     V        (UU + VV)**1.00

     25       4.112    0.103 0.995      1.000 1.000 0.996 0.993 0.978 0.972 0.930 0.699 0.568 0.354 0.302 0.288 0.258 0.251 0.199
     26       3.312    0.128 0.992      1.000 1.000 0.998 0.995 0.983 0.978 0.939 0.717 0.589 0.378 0.327 0.312 0.283 0.275 0.224
     27       2.289    0.188 0.982      0.996 0.998 1.000 0.999 0.992 0.989 0.958 0.758 0.636 0.433 0.383 0.368 0.340 0.332 0.282
     28       1.945    0.222 0.975      0.993 0.995 0.999 1.000 0.996 0.993 0.967 0.780 0.663 0.464 0.415 0.401 0.373 0.366 0.316
     29       1.433    0.310 0.951      0.978 0.983 0.992 0.996 1.000 1.000 0.986 0.834 0.728 0.543 0.496 0.482 0.455 0.448 0.400
     30       1.345    0.333 0.943      0.972 0.978 0.989 0.993 1.000 1.000 0.990 0.847 0.745 0.563 0.517 0.503 0.477 0.470 0.422
     31       1.029    0.463 0.887      0.930 0.939 0.958 0.967 0.986 0.990 1.000 0.914 0.831 0.674 0.633 0.621 0.596 0.590 0.546
     32       0.867    0.783 0.622      0.699 0.717 0.758 0.780 0.834 0.847 0.914 1.000 0.986 0.916 0.893 0.886 0.871 0.867 0.840
     33       1.002    0.877 0.480      0.568 0.589 0.636 0.663 0.728 0.745 0.831 0.986 1.000 0.971 0.956 0.952 0.942 0.939 0.920
     34       1.707    0.967 0.256      0.354 0.378 0.433 0.464 0.543 0.563 0.674 0.916 0.971 1.000 0.999 0.998 0.995 0.994 0.987
     35       2.129    0.979 0.202      0.302 0.327 0.383 0.415 0.496 0.517 0.633 0.893 0.956 0.999 1.000 1.000 0.999 0.999 0.994
     36       2.293    0.982 0.187      0.288 0.312 0.368 0.401 0.482 0.503 0.621 0.886 0.952 0.998 1.000 1.000 1.000 0.999 0.996
     37       2.720    0.988 0.157      0.258 0.283 0.340 0.373 0.455 0.477 0.596 0.871 0.942 0.995 0.999 1.000 1.000 1.000 0.998
     38       2.855    0.989 0.149      0.251 0.275 0.332 0.366 0.448 0.470 0.590 0.867 0.939 0.994 0.999 0.999 1.000 1.000 0.999
     39       4.384    0.995 0.097      0.199 0.224 0.282 0.316 0.400 0.422 0.546 0.840 0.920 0.987 0.994 0.996 0.998 0.999 1.000

  R CORE   ENERGY   A0R/A00=1.000    R3= 0     2  
   2( 1)    0.730                    1.000-0.000
   2( 2)  455.082                    0.000 1.000

  R CORE   ENERGY   A0R/A00=1.000    R3= 0     2  
   3( 1)  455.812                    0.000 1.000

  R CORE   ENERGY   A0R/A00=1.000    R3= 0     2     4  
   4( 1)    2.433                    1.000-0.000 0.000

  R CORE   ENERGY   A0R/A00=1.000    R3= 0     2     4  
   5( 1)  458.002                    0.000 1.000-0.000

  R CORE   ENERGY   A0R/A00=1.000    R3= 0     2     4     6  
   6( 1)    5.110                    1.000-0.000 0.000-0.000

  R CORE   ENERGY   A0R/A00=1.000    R3= 0     2     4     6  
   7( 1)  461.165                    0.000 1.000-0.000 0.000
 

             ENERGY     K= 1/2
 
 I=  1/2- (1)  4.300  30: 0.091
                      31: 0.906
                      35:-0.409
                      37:-0.050
 
 I=  1/2- (2)  5.431  28: 0.053
                      32:-0.887
                      33: 0.458
 
 I=  1/2- (3)  6.731  30:-0.055
                      31:-0.409
                      35:-0.903
                      37:-0.123
 
 I=  1/2- (4) 16.422  25: 1.000
 
 I=  1/2- (5)456.843  28: 0.619
                      32:-0.330
                      33:-0.711

             ENERGY     K= 1/2  -3/2
 
 I=  3/2- (1)  4.519  26:-0.020-0.075
                      30:-0.104 0.000
                      31:-0.968 0.000
                      35:-0.052-0.028
                      37:-0.012 0.206
 
 I=  3/2- (2)  5.497  32: 0.639-0.317
                      33:-0.330-0.615

             ENERGY     K= 5/2   1/2  -3/2
 
 I=  5/2- (1)  4.612  26: 0.000 0.017-0.102
                      30: 0.078 0.081 0.000
                      31:-0.008 0.819 0.001
                      35:-0.001-0.494-0.032
                      37:-0.000-0.062 0.238
 
 I=  5/2- (2)  5.096  28:-0.995 0.001 0.000
                      33: 0.021 0.007-0.070
 
 I=  5/2- (3)  6.048  25: 0.000-0.077 0.000
                      28:-0.075-0.030-0.005
                      32:-0.004 0.490 0.379
                      33: 0.002-0.253 0.734
 
 I=  5/2- (4)  6.663  32: 0.001 0.737-0.254
                      33:-0.001-0.381-0.492
 
 I=  5/2- (5)  6.670  26:-0.000 0.000 0.484
                      30:-0.844-0.002-0.001
                      31: 0.090 0.002-0.010
                      35: 0.010-0.205-0.007

             ENERGY     K= 5/2   1/2  -3/2  -7/2
 
 I=  7/2- (1)  4.379  28: 0.142-0.000 0.000-0.001
                      29: 0.000 0.000-0.000 0.987
 
 I=  7/2- (2)  4.903  26: 0.000 0.018 0.259 0.000
                      30: 0.259 0.092-0.000 0.000
                      31:-0.028 0.842-0.004 0.000
                      34: 0.000-0.002-0.015-0.102
                      35:-0.003 0.216 0.039-0.002
                      37:-0.000 0.033-0.294 0.005
 
 I=  7/2- (3)  5.277  28:-0.450 0.000-0.000-0.000
                      29:-0.001-0.000 0.002 0.101
                      36: 0.000 0.000 0.000-0.886
 
 I=  7/2- (4)  6.150  28:-0.867 0.003-0.001-0.000
                      29:-0.001-0.000 0.008 0.107
                      32:-0.043-0.046 0.065-0.004
                      33: 0.018 0.024 0.127-0.007
                      36: 0.000 0.000 0.001 0.459
 
 I=  7/2- (5)  6.312  26:-0.000 0.007-0.363-0.002
                      30:-0.693 0.034 0.001-0.000
                      31: 0.074 0.312 0.008-0.000
                      34:-0.000-0.001-0.009 0.505
                      35: 0.008 0.070 0.020 0.008
                      37: 0.001 0.011-0.151-0.027

             ENERGY     K= 9/2   5/2   1/2  -3/2  -7/2
 
 I=  9/2- (1)  4.931  28:-0.000-0.137 0.000 0.000-0.001
                      29:-0.000-0.000-0.000-0.000 0.677
                      36: 0.000 0.000 0.000-0.000 0.133
                      38: 0.710 0.000-0.000 0.000-0.000
 
 I=  9/2- (2)  5.435  26:-0.000-0.000-0.012 0.345 0.001
                      30:-0.000-0.462-0.060-0.001 0.000
                      31: 0.000 0.049-0.603-0.006 0.000
                      34: 0.000-0.000-0.003-0.012-0.317
                      35:-0.000 0.006 0.341 0.033-0.005
                      37:-0.000 0.001 0.042-0.245 0.017
                      39:-0.132 0.001-0.000-0.000-0.000
 
 I=  9/2- (3)  5.908  28: 0.000-0.149 0.000 0.000-0.001
                      29: 0.000-0.000-0.000-0.001 0.705
                      36:-0.000 0.000 0.000-0.000-0.101
                      38:-0.685 0.000-0.000-0.000 0.000
 
 I=  9/2- (4)  6.196  26: 0.000 0.000-0.010-0.227-0.002
                      30: 0.001 0.465-0.046 0.001-0.000
                      31:-0.000-0.050-0.479 0.006-0.000
                      34:-0.000 0.000-0.004-0.011 0.486
                      35: 0.000-0.006 0.410 0.025 0.008
                      37: 0.000-0.001 0.052-0.188-0.026
                      39: 0.234-0.001-0.000-0.000 0.000
 
 I=  9/2- (5)  6.243  28: 0.000 0.525-0.001-0.000-0.000
                      29: 0.000 0.001 0.000 0.003 0.126
                      36: 0.000-0.000-0.000 0.000-0.828
                      38: 0.137 0.000 0.000-0.000 0.000

             ENERGY     K= 9/2   5/2   1/2  -3/2  -7/2 -11/2
 
 I= 11/2- (1)  3.999  27: 0.000 0.000-0.000 0.000-0.000 1.000
 
 I= 11/2- (2)  5.493  26: 0.000 0.000 0.011 0.409 0.001 0.000
                      30: 0.001 0.524 0.058-0.001 0.000 0.000
                      31:-0.000-0.056 0.527-0.007 0.000 0.000
                      34:-0.000 0.000-0.001-0.011-0.393-0.000
                      35: 0.000-0.006 0.179 0.029-0.006-0.000
                      37: 0.000-0.001 0.027-0.214 0.021 0.000
                      39: 0.199-0.001 0.000-0.000-0.000 0.000
 
 I= 11/2- (3)  5.993  28:-0.000-0.169 0.000-0.000 0.001 0.000
                      29:-0.000-0.000-0.000 0.001-0.675-0.000
                      36: 0.000 0.000 0.000 0.000-0.174 0.000
                      38: 0.696-0.000-0.000-0.000 0.000-0.000
 
 I= 11/2- (4)  6.825  26: 0.000 0.000-0.014 0.051 0.002 0.000
                      30: 0.001 0.301-0.071-0.000 0.000 0.000
                      31:-0.000-0.032-0.642-0.002 0.000 0.000
                      34:-0.000 0.000 0.002 0.015-0.508-0.000
                      35: 0.000-0.004-0.229-0.036-0.008-0.000
                      37: 0.000-0.000-0.034 0.270 0.027 0.000
                      39: 0.319-0.001-0.000 0.000-0.000 0.000
 
 I= 11/2- (5)  7.439  29: 0.000-0.000-0.000 0.000-0.704 0.000
                      36:-0.000 0.000 0.000-0.000 0.400-0.000
                      38:-0.586 0.000-0.000 0.000-0.000 0.000

             ENERGY     K=13/2   9/2   5/2   1/2  -3/2  -7/2 -11/2
 
 I= 13/2- (1)  5.579  27:-0.000-0.000-0.000 0.000 0.000 0.000-0.999
 
 I= 13/2- (2)  6.207  26: 0.000-0.000-0.000-0.005 0.408 0.002 0.000
                      30: 0.000-0.001-0.592-0.027-0.001 0.000-0.000
                      31:-0.000 0.000 0.063-0.269-0.008 0.000-0.000
                      34:-0.000 0.000-0.000-0.001-0.006-0.531-0.000
                      35:-0.000-0.000 0.007 0.101 0.018-0.009-0.000
                      37:-0.000-0.000 0.001 0.012-0.135 0.028 0.000
                      39: 0.000-0.306 0.001-0.000-0.000-0.000-0.000
 
 I= 13/2- (3)  7.327  28: 0.000-0.000-0.195 0.000 0.000-0.001-0.000
                      29: 0.000-0.000-0.000-0.000-0.001 0.670 0.000
                      36:-0.000 0.000 0.000 0.000-0.000 0.203-0.000
                      38:-0.000 0.685-0.000-0.000 0.000-0.000 0.000
 
 I= 13/2- (4)  7.935  26:-0.000 0.000 0.000-0.014 0.060-0.001-0.000
                      30:-0.000 0.001 0.086-0.066 0.000-0.000 0.000
                      31:-0.000-0.000-0.009-0.680 0.001-0.000 0.000
                      34:-0.000-0.000 0.000-0.005-0.017 0.331 0.000
                      35: 0.000 0.000-0.001 0.498 0.042 0.005 0.000
                      37: 0.000-0.000-0.000 0.063-0.312-0.017-0.000
                      39:-0.000 0.246-0.000-0.000-0.000 0.000-0.000
 
 I= 13/2- (5)  8.935  28:-0.000 0.000-0.560 0.002 0.000 0.000 0.000
                      29: 0.000 0.000-0.001-0.000-0.004-0.222-0.000
                      33: 0.000-0.000 0.012 0.012-0.072 0.007 0.000
                      36: 0.000-0.000 0.000 0.000-0.000 0.774-0.000
                      38: 0.000-0.173 0.000-0.000 0.000-0.000 0.000

             ENERGY     K=13/2   9/2   5/2   1/2  -3/2  -7/2 -11/2
  32 LEVELS    TIME=  0.0 SEC



 ******************* EXCITATION ENERGIES, DOMINANT CONFIGURATION AND EXPECTATION VALUES (WITH S.P. UU+VV FACTORS) *******************

  NR  Eex(keV)  I   Kdom  NY    <Jz>  <Jx**2> <Jy**2> <Jz**2> <I.j>/|I|  <Rx**2> <Ry**2> <Rz**2> <R.j>/|R|  <HROTx> <HROTy> <HROTz>

   1    0.0  11/2-  11/2  27   -5.49    2.77    2.73   30.23    5.06       5.51    5.47    0.00   -1.65      0.692   0.644   0.375
   2  300.6   1/2-   1/2  31    0.50   12.93   12.75    0.25    1.03      12.54   12.35    0.00   -5.02      1.576   1.453   0.050
   3  379.8   7/2-   7/2  29   -3.38    6.45    6.23   12.11    3.12       8.00    7.78    0.01   -3.12      1.005   0.915   1.015
   4  520.1   3/2-   1/2  31    0.40   14.11   14.02    0.35    1.50      13.21   13.20    0.00   -4.98      1.660   1.554   0.183
   5  613.1   5/2-   1/2  31    0.38   13.41   13.25    0.42    1.70      12.98   12.80    0.00   -4.34      1.631   1.506   0.046
  
   6  903.7   7/2-   1/2  31    0.28   16.26   16.26    1.09    2.88      13.21   13.30    0.00   -4.31      1.659   1.565   0.263
   7  931.7   9/2-   9/2  38    0.64    4.39    4.20   16.13    3.73       6.23    6.11    0.01   -1.75      0.783   0.719   1.256
   8 1096.6   5/2-   5/2  28    2.47    6.17    6.13    6.22    2.12       7.37    7.34    0.01   -3.19      0.926   0.863   1.370
   9 1277.9   7/2-   7/2  36   -2.28    3.10    2.99   11.00    3.06       4.31    4.25    0.02   -1.69      0.542   0.500   2.024
  10 1432.1   1/2-   1/2  32    0.49    5.10    5.34    0.27    0.08       5.52    5.77    0.03   -3.16      0.694   0.679   3.159
  
  11 1435.2   9/2-   1/2  31    0.24   17.91   17.78    3.46    3.54      14.41   14.27    0.00   -4.02      1.811   1.680   0.214
  12 1494.1  11/2-   1/2  31    0.16   20.25   20.19    4.99    4.54      13.40   13.52    0.00   -3.53      1.684   1.591   0.366
  13 1497.3   3/2-   1/2  32   -0.46    5.07    5.37    1.23    1.06       5.48    5.79    0.03   -2.86      0.689   0.682   3.191
  14 1579.8  13/2-  11/2  27   -5.49    2.77    2.73   30.22    4.33      12.00   11.96    0.00   -1.12      1.507   1.408   0.376
  15 1908.8   9/2-   7/2  29    0.38    4.46    4.28   15.83    2.86      10.54   10.29    0.01   -2.26      1.325   1.211   1.253
  
  16 1993.3  11/2-   9/2  38    0.54    4.43    4.24   15.92    3.28      10.61   10.52    0.01   -1.09      1.333   1.238   1.261
  17 2048.9   5/2-   3/2  33   -0.85    5.10    5.43    1.67    0.97       7.39    7.78    0.03   -2.39      0.928   0.915   3.230
  18 2151.0   7/2-   5/2  28    1.08    5.37    5.32    7.48    1.58      10.71   10.61    0.01   -2.57      1.346   1.249   1.567
  19 2196.3   9/2-   7/2  34    0.04   18.44   18.22    5.67    3.33      16.98   17.00    0.00   -4.42      2.133   2.001   0.251
  20 2208.2  13/2-   5/2  30    0.08   21.86   21.66    8.01    4.99      15.25   15.37    0.00   -3.02      1.916   1.809   0.413
  
  21 2243.3   9/2-   7/2  36   -1.68    3.40    3.30   10.70    2.49       8.67    8.65    0.02   -1.20      1.089   1.018   1.946
  22 2312.8   7/2-   5/2  30    0.14   21.64   21.52    6.54    3.81      17.56   17.62    0.00   -5.83      2.206   2.074   0.331
  23 2663.7   5/2-   1/2  32   -0.12    5.09    5.36    0.89   -0.17      10.40   10.66    0.03   -2.58      1.307   1.254   3.178
  24 2671.1   5/2-   5/2  30    1.47   22.49   22.49    5.05    3.72      18.36   18.43    0.00   -6.44      2.307   2.169   0.355
  25 2731.5   1/2-   1/2  35    0.50   16.92   17.21    0.25   -0.84      18.15   18.44    0.00   -5.81      2.280   2.170   0.329
  
  26 2825.6  11/2-   1/2  31   -0.10   18.42   18.20    6.08    3.34      19.16   19.33    0.00   -3.66      2.407   2.275   0.376
  27 3327.6  13/2-   9/2  38    0.48    4.45    4.26   15.76    2.94      16.08   16.01    0.01   -0.69      2.020   1.885   1.268
  28 3439.3  11/2-   7/2  29   -0.75    4.22    4.06   14.97    2.19      16.52   16.25    0.01   -1.77      2.075   1.913   1.392
  29 3936.0  13/2-   1/2  31    0.11   15.10   14.88    3.03    2.31      24.81   24.71    0.00   -2.40      3.117   2.908   0.144
  30 4935.4  13/2-   7/2  36   -1.35    3.66    3.56   10.51    1.87      20.14   20.20    0.02   -0.73      2.530   2.377   1.880
  
  3112423.1   1/2-   1/2  25    0.52    5.96    9.03    0.36    0.71       5.81    8.97    0.09   -3.82      0.729   1.056  10.527
  32*******   1/2-   1/2  33    0.02    5.57    5.59    3.77   -0.16       5.98    5.99    3.99   -3.77      0.751   0.705 454.037
