1SPECTRUM OF (Z= 82 A=207) IN PARTICLE-ROTOR  MODEL WITH MODIFIED OSCILLATOR POTENTIAL


 PARITY=-   EPS= 0.201   GAMMA=  0.0   EPS4=0.000   EPS6=0.000   LEVELS:  25  26  27  28  29  30  31  32  33  34  35  36  37  38  39

 PAIRING FACTORS: GN0= 19.20  GN1=  7.40  IPAIR= 15 ***  E2PLUS(INPUT)=   0.730  E2PLUR(INPUT)=   0.000

 CORIOLIS ATTENUATION PARAMETERS:  CHSI=1.000  ETA=  1.00

 MOMENT OF INERTIA PARAMETERS:   A1=  0.122 MEV   A2=  0.122 MEV   A3=121.91924 MEV


 DELTA=0.941 MEV  LAMBDA=53.4847 MEV   HW0= 7.4460 MEV   LAMBDA/HW0= 7.1830

 E2ENERGY=0.730 MEV  HBAR**2/B= 7491./A**(7/3)=1266.4/A**2 MEV

 IREC=0  =>  RECOIL TERMS j+j-, j+j+, jzjz, ETC TREATED AS ONE-BODY OPERATORS WITH UU+VV PAIRING FACTORS



 S. P. LEVEL   EQP       U     V        (UU + VV)**1.00

     25       4.240    0.112 0.994      1.000 1.000 1.000 0.998 0.993 0.993 0.991 0.714 0.613 0.478 0.431 0.413 0.336 0.275 0.234
     26       4.041    0.117 0.993      1.000 1.000 1.000 0.998 0.994 0.994 0.992 0.718 0.617 0.483 0.436 0.418 0.341 0.281 0.239
     27       3.716    0.128 0.992      1.000 1.000 1.000 0.999 0.995 0.995 0.993 0.725 0.625 0.492 0.445 0.428 0.351 0.291 0.250
     28       2.667    0.179 0.984      0.998 0.998 0.999 1.000 0.999 0.999 0.998 0.760 0.665 0.537 0.491 0.475 0.399 0.340 0.300
     29       2.147    0.225 0.974      0.993 0.994 0.995 0.999 1.000 1.000 1.000 0.790 0.699 0.575 0.531 0.515 0.442 0.384 0.344
     30       2.136    0.226 0.974      0.993 0.994 0.995 0.999 1.000 1.000 1.000 0.790 0.700 0.576 0.533 0.516 0.443 0.385 0.345
     31       1.985    0.245 0.970      0.991 0.992 0.993 0.998 1.000 1.000 1.000 0.802 0.714 0.592 0.548 0.532 0.460 0.402 0.363
     32       0.961    0.776 0.631      0.714 0.718 0.725 0.760 0.790 0.790 0.802 1.000 0.991 0.956 0.939 0.933 0.899 0.870 0.848
     33       1.059    0.854 0.521      0.613 0.617 0.625 0.665 0.699 0.700 0.714 0.991 1.000 0.987 0.977 0.973 0.950 0.929 0.912
     34       1.349    0.926 0.377      0.478 0.483 0.492 0.537 0.575 0.576 0.592 0.956 0.987 1.000 0.999 0.997 0.988 0.976 0.966
     35       1.522    0.945 0.327      0.431 0.436 0.445 0.491 0.531 0.533 0.548 0.939 0.977 0.999 1.000 1.000 0.995 0.986 0.978
     36       1.601    0.951 0.309      0.413 0.418 0.428 0.475 0.515 0.516 0.532 0.933 0.973 0.997 1.000 1.000 0.997 0.989 0.982
     37       2.115    0.974 0.229      0.336 0.341 0.351 0.399 0.442 0.443 0.460 0.899 0.950 0.988 0.995 0.997 1.000 0.998 0.994
     38       2.870    0.986 0.166      0.275 0.281 0.291 0.340 0.384 0.385 0.402 0.870 0.929 0.976 0.986 0.989 0.998 1.000 0.999
     39       3.829    0.992 0.124      0.234 0.239 0.250 0.300 0.344 0.345 0.363 0.848 0.912 0.966 0.978 0.982 0.994 0.999 1.000

  R CORE   ENERGY   A0R/A00=1.000    R3= 0     2  
   2( 1)    0.732                    1.000 0.000
   2( 2)  487.921                    0.000 1.000

  R CORE   ENERGY   A0R/A00=1.000    R3= 0     2  
   3( 1)  488.652                    0.000 1.000

  R CORE   ENERGY   A0R/A00=1.000    R3= 0     2     4  
   4( 1)    2.438                    1.000 0.000 0.000

  R CORE   ENERGY   A0R/A00=1.000    R3= 0     2     4  
   5( 1)  490.847                    0.000 1.000 0.000

  R CORE   ENERGY   A0R/A00=1.000    R3= 0     2     4     6  
   6( 1)    5.121                    1.000 0.000 0.000 0.000

  R CORE   ENERGY   A0R/A00=1.000    R3= 0     2     4     6  
   7( 1)  494.017                    0.000 1.000 0.000 0.000

          AXIAL SYMMETRY => K RESTRICTED TO OMEGA

                     K
     S.P. ORB#: 25  2.50
     S.P. ORB#: 26  0.50
     S.P. ORB#: 27 -3.50
     S.P. ORB#: 28 -3.50
     S.P. ORB#: 29  0.50
     S.P. ORB#: 30  4.50
     S.P. ORB#: 31 -1.50
     S.P. ORB#: 32 -1.50
     S.P. ORB#: 33  2.50
     S.P. ORB#: 34  0.50
     S.P. ORB#: 35  0.50
     S.P. ORB#: 36 -1.50
     S.P. ORB#: 37  2.50
     S.P. ORB#: 38 -3.50
     S.P. ORB#: 39  4.50
 

             ENERGY    K= OMEGA
 
 I=  1/2- (1)  1.781  26:-0.059
                      35:-0.998
 
 I=  1/2- (2)  3.200  29: 0.999
 
 I=  1/2- (3)  5.252  26: 0.998
                      35:-0.059
 
 I=  1/2- (4)  9.230  34:-1.000
 
 I=  1/2- (5)147.264  32: 1.000

             ENERGY    K= OMEGA
 
 I=  3/2- (1)  1.451  29: 0.185
                      31: 0.103
                      32: 0.974
                      35:-0.073
 
 I=  3/2- (2)  2.421  29:-0.172
                      31:-0.157
                      32: 0.122
                      35: 0.965
 
 I=  3/2- (3)  3.049  26: 0.091
                      29:-0.302
                      31: 0.942
                      35: 0.105
 
 I=  3/2- (4)  3.416  26:-0.354
                      29:-0.865
                      31:-0.211
                      32: 0.187
                      35:-0.217
 
 I=  3/2- (5)  5.934  34:-0.862
                      36:-0.506

             ENERGY    K= OMEGA
 
 I=  5/2- (1)  1.538  26:-0.052
                      29: 0.138
                      31: 0.180
                      32:-0.435
                      33:-0.868
                      35: 0.056
 
 I=  5/2- (2)  2.083  29:-0.211
                      31: 0.170
                      32: 0.860
                      33:-0.427
                      35: 0.055
 
 I=  5/2- (3)  2.448  29:-0.172
                      31:-0.221
                      33:-0.134
                      35:-0.950
 
 I=  5/2- (4)  3.314  26: 0.370
                      29:-0.445
                      31:-0.735
                      32:-0.075
                      33:-0.189
                      35: 0.290
 
 I=  5/2- (5)  4.526  26:-0.065
                      29: 0.805
                      31:-0.524
                      32: 0.249
                      33:-0.103

             ENERGY    K= OMEGA
 
 I=  7/2- (1)  2.173  29: 0.187
                      31:-0.210
                      32: 0.522
                      33:-0.804
 
 I=  7/2- (2)  2.750  25:-0.073
                      26:-0.170
                      28: 0.096
                      29:-0.340
                      31:-0.299
                      32:-0.707
                      33:-0.464
                      35: 0.188
 
 I=  7/2- (3)  3.406  25:-0.236
                      27:-0.093
                      28: 0.959
                      29: 0.059
                      31: 0.056
                      32: 0.055
                      35:-0.058
 
 I=  7/2- (4)  3.729  34: 0.729
                      36: 0.573
                      37: 0.346
                      38: 0.143
 
 I=  7/2- (5)  3.992  26:-0.122
                      28: 0.059
                      29:-0.178
                      31:-0.288
                      32: 0.319
                      33: 0.226
                      35: 0.845

             ENERGY    K= OMEGA
 
 I=  9/2- (1)  2.819  25: 0.071
                      26:-0.144
                      27: 0.186
                      28: 0.109
                      29: 0.243
                      30:-0.551
                      31: 0.289
                      32:-0.392
                      33:-0.558
                      35: 0.129
 
 I=  9/2- (2)  2.924  26:-0.116
                      27:-0.180
                      28:-0.158
                      29: 0.192
                      30: 0.767
                      31: 0.228
                      32:-0.285
                      33:-0.396
                      35: 0.110
 
 I=  9/2- (3)  3.921  25:-0.161
                      27: 0.054
                      28:-0.278
                      29:-0.185
                      30:-0.059
                      31: 0.310
                      32: 0.741
                      33:-0.362
                      35: 0.277
 
 I=  9/2- (4)  4.036  26: 0.135
                      28:-0.134
                      29:-0.296
                      31:-0.195
                      33:-0.474
                      35:-0.780
 
 I=  9/2- (5)  4.346  25:-0.284
                      27: 0.104
                      28:-0.867
                      29: 0.129
                      30:-0.174
                      31:-0.084
                      32:-0.252
                      33: 0.198

             ENERGY    K= OMEGA
 
 I= 11/2- (1)  2.539  34: 0.665
                      36: 0.566
                      37: 0.409
                      38: 0.244
                      39: 0.108
 
 I= 11/2- (2)  3.812  25:-0.137
                      27: 0.333
                      28: 0.247
                      29:-0.082
                      30: 0.838
                      31: 0.084
                      32:-0.187
                      33: 0.243
 
 I= 11/2- (3)  4.126  27: 0.063
                      28: 0.089
                      29: 0.269
                      30: 0.318
                      31:-0.266
                      32: 0.542
                      33:-0.671
 
 I= 11/2- (4)  4.739  25:-0.120
                      26:-0.283
                      27:-0.053
                      28: 0.171
                      29:-0.409
                      31:-0.410
                      32:-0.532
                      33:-0.446
                      35: 0.234
 
 I= 11/2- (5)  5.445  25:-0.359
                      26: 0.098
                      27:-0.146
                      28: 0.855
                      29: 0.132
                      30:-0.249
                      31: 0.118
                      32: 0.063
                      35:-0.102

             ENERGY    K= OMEGA
 
 I= 13/2- (1)  4.232  34:-0.188
                      36: 0.488
                      37:-0.604
                      38: 0.522
                      39:-0.300
 
 I= 13/2- (2)  4.837  25:-0.112
                      26: 0.256
                      27:-0.218
                      28:-0.145
                      29:-0.349
                      30: 0.399
                      31:-0.395
                      32: 0.384
                      33: 0.484
                      35:-0.184
 
 I= 13/2- (3)  5.079  25: 0.137
                      26: 0.169
                      27: 0.318
                      28: 0.274
                      29:-0.218
                      30:-0.750
                      31:-0.251
                      32: 0.182
                      33: 0.229
                      35:-0.132
 
 I= 13/2- (4)  6.533  25:-0.285
                      26:-0.105
                      27: 0.112
                      28:-0.453
                      29:-0.086
                      30:-0.213
                      31: 0.306
                      32: 0.621
                      33:-0.079
                      35: 0.390
 
 I= 13/2- (5)  6.643  25:-0.169
                      26: 0.152
                      27: 0.111
                      28:-0.381
                      29:-0.268
                      30:-0.065
                      31:-0.099
                      32:-0.059
                      33:-0.586
                      35:-0.599

             ENERGY     K= 9/2
  35 LEVELS    TIME=  0.0 SEC



 ******************* EXCITATION ENERGIES, DOMINANT CONFIGURATION AND EXPECTATION VALUES (WITH S.P. UU+VV FACTORS) *******************

  NR  Eex(keV)  I   Kdom  NY    <Jz>  <Jx**2> <Jy**2> <Jz**2> <I.j>/|I|  <Rx**2> <Ry**2> <Rz**2> <R.j>/|R|  <HROTx> <HROTy> <HROTz>

   1    0.0   3/2-  -3/2  32   -1.42    1.57    1.57    2.17    1.43       1.76    1.76   -0.00   -1.36      0.215   0.215  -0.000
   2   86.6   5/2-   5/2  33    1.56    1.87    1.87    5.21    2.39       1.79    1.79    0.00   -1.00      0.219   0.219   0.000
   3  329.3   1/2-   1/2  35    0.50    1.24    1.24    0.25    0.83       1.02    1.02    0.00   -1.41      0.125   0.125   0.000
   4  631.8   5/2-  -3/2  32   -0.67    1.58    1.58    2.89    1.10       4.16    4.16   -0.00   -0.97      0.507   0.507  -0.000
   5  721.3   7/2-   5/2  33    1.15    1.97    1.97    4.78    1.99       4.33    4.33   -0.00   -0.28      0.527   0.527  -0.000
  
   6  970.1   3/2-   1/2  35    0.42    1.41    1.41    0.33   -0.08       3.60    3.60    0.00   -1.23      0.439   0.439   0.000
   7  997.2   5/2-   1/2  35    0.44    1.70    1.70    0.46    0.89       3.66    3.66    0.00   -0.45      0.446   0.446   0.000
   8 1087.4  11/2-   1/2  34    0.00   27.67   27.67    2.84    7.26       3.53    3.53    0.00   -5.55      0.431   0.431   0.000
   9 1298.3   7/2-  -3/2  32   -0.28    1.81    1.81    2.87    1.36       5.72    5.72    0.00   -0.32      0.697   0.697   0.000
  10 1368.2   9/2-   5/2  33    1.69    2.75    2.75    9.25    3.05       4.56    4.56   -0.00    0.15      0.556   0.556  -0.000
  
  11 1472.4   9/2-   9/2  30    2.67    2.66    2.66   13.92    3.62       3.99    3.99   -0.00   -0.44      0.487   0.487  -0.000
  12 1598.0   3/2-  -3/2  31   -1.28    4.04    4.04    2.03    1.38       4.26    4.26   -0.00   -2.55      0.520   0.520  -0.000
  13 1749.0   1/2-   1/2  29    0.50    4.13    4.13    0.25    0.37       4.31    4.31    0.00   -2.79      0.526   0.526   0.000
  14 1862.4   5/2-  -3/2  31   -0.52    3.82    3.82    1.55    1.52       4.48    4.48   -0.00   -1.57      0.546   0.546  -0.000
  15 1954.9   7/2-  -7/2  28   -3.11    2.35    2.35   11.75    3.38       2.69    2.69    0.00   -1.31      0.328   0.328   0.000
  
  16 1964.7   3/2-   1/2  29    0.34    3.43    3.43    0.41    0.50       4.55    4.55   -0.00   -2.09      0.555   0.555  -0.000
  17 2278.1   7/2-   1/2  34    0.00   27.97   27.97    1.87    7.02       8.92    8.92    0.00   -7.09      1.087   1.087   0.000
  18 2361.1  11/2-   9/2  30    2.69    2.95    2.95   16.89    3.84       6.30    6.30   -0.00    0.05      0.768   0.768  -0.000
  19 2469.3   9/2-  -3/2  32   -0.78    1.68    1.68    3.52    1.09      10.37   10.37    0.00   -0.31      1.264   1.264   0.000
  20 2541.2   7/2-   1/2  35    0.22    1.90    1.90    0.97    0.05      10.05   10.05    0.00   -1.02      1.226   1.226   0.000
  
  21 2584.5   9/2-   1/2  35    0.80    2.21    2.21    1.93    1.09      10.12   10.12    0.00   -0.20      1.234   1.234   0.000
  22 2674.9  11/2-   5/2  33    1.03    2.26    2.26    5.84    1.92      11.56   11.56    0.00    0.24      1.409   1.409   0.000
  23 2781.1  13/2-   5/2  37    0.02   26.04   26.04    7.98    6.67       7.82    7.82    0.00   -3.41      0.953   0.953   0.000
  24 2894.4   9/2-  -7/2  28   -2.33    2.40    2.40   10.87    2.63       7.14    7.14    0.00   -0.69      0.871   0.871   0.000
  25 3074.5   5/2-   1/2  29   -0.15    4.16    4.16    0.99   -0.41      10.25   10.25   -0.00   -2.33      1.249   1.249  -0.000
  
  26 3288.1  11/2-  -3/2  32   -0.10    2.24    2.24    2.85    1.54      12.32   12.32   -0.00    0.38      1.502   1.502  -0.000
  27 3385.7  13/2-   5/2  33    0.75    3.50    3.50    6.35    2.72      12.02   12.02   -0.00    1.16      1.466   1.466  -0.000
  28 3628.1  13/2-   9/2  30    2.00    3.32    3.32   14.24    3.36      11.34   11.34   -0.00    0.54      1.383   1.383  -0.001
  29 3801.1   1/2-   1/2  26    0.50    5.11    5.11    0.25    0.69       5.01    5.01    0.00   -3.12      0.611   0.611   0.000
  30 3993.5  11/2-  -7/2  28   -2.04    2.62    2.62   11.34    2.58      10.72   10.72   -0.00   -0.24      1.306   1.306  -0.000
  
  31 4483.1   3/2-   1/2  34   -0.01   28.25   28.25    0.76    6.18      18.54   18.54    0.00   -7.44      2.260   2.260   0.000
  32 5081.6  13/2-  -3/2  32   -0.97    2.06    2.06    5.25    1.44      19.04   19.04   -0.00    0.10      2.322   2.322  -0.000
  33 5191.6  13/2-   1/2  35    0.60    2.25    2.25    4.48    1.26      20.10   20.10    0.00   -0.03      2.450   2.450   0.000
  34 7779.0   1/2-   1/2  34    0.50   28.33   28.33    0.25   -4.03      32.32   32.32   -0.00   -7.51      3.941   3.941  -0.000
  35*******   1/2-  -3/2  32    0.00    0.00    0.00    0.00   -0.00       0.00    0.00   -0.00   -0.00      0.000   0.000  -0.000
  
