1SPECTRUM OF (Z= 82 A=207) IN PARTICLE-ROTOR  MODEL WITH MODIFIED OSCILLATOR POTENTIAL


 PARITY=-   EPS= 0.204   GAMMA=  0.0   EPS4=0.000   EPS6=0.000   LEVELS:  24  25  26  27  28  29  30  31  32  33  34  35  36  37  38

 PAIRING FACTORS: GN0= 19.20  GN1=  7.40  IPAIR= 15 ***  E2PLUS(INPUT)=   0.730  E2PLUR(INPUT)=   0.000

 CORIOLIS ATTENUATION PARAMETERS:  CHSI=1.000  ETA=  1.00

 MOMENT OF INERTIA PARAMETERS:   A1=  0.122 MEV   A2=  0.122 MEV   A3=121.91924 MEV


 DELTA=0.943 MEV  LAMBDA=53.4862 MEV   HW0= 7.4471 MEV   LAMBDA/HW0= 7.1822

 E2ENERGY=0.730 MEV  HBAR**2/B= 7716./A**(7/3)=1304.4/A**2 MEV

 IREC=0  =>  RECOIL TERMS j+j-, j+j+, jzjz, ETC TREATED AS ONE-BODY OPERATORS WITH UU+VV PAIRING FACTORS



 S. P. LEVEL   EQP       U     V        (UU + VV)**1.00

     24       5.199    0.091 0.996      1.000 1.000 1.000 0.999 0.996 0.991 0.990 0.988 0.685 0.583 0.473 0.405 0.403 0.320 0.257
     25       4.225    0.112 0.994      1.000 1.000 1.000 1.000 0.997 0.993 0.993 0.991 0.700 0.600 0.491 0.425 0.422 0.340 0.277
     26       4.056    0.117 0.993      1.000 1.000 1.000 1.000 0.998 0.994 0.993 0.991 0.704 0.604 0.496 0.429 0.427 0.345 0.282
     27       3.699    0.129 0.992      0.999 1.000 1.000 1.000 0.999 0.995 0.995 0.993 0.712 0.613 0.506 0.439 0.437 0.356 0.293
     28       2.630    0.182 0.983      0.996 0.997 0.998 0.999 1.000 0.999 0.999 0.998 0.749 0.655 0.552 0.488 0.485 0.406 0.345
     29       2.137    0.227 0.974      0.991 0.993 0.994 0.995 0.999 1.000 1.000 1.000 0.778 0.689 0.589 0.527 0.524 0.447 0.387
     30       2.099    0.231 0.973      0.990 0.993 0.993 0.995 0.999 1.000 1.000 1.000 0.781 0.692 0.593 0.530 0.528 0.451 0.391
     31       1.974    0.247 0.969      0.988 0.991 0.991 0.993 0.998 1.000 1.000 1.000 0.791 0.704 0.605 0.544 0.542 0.465 0.405
     32       0.972    0.788 0.616      0.685 0.700 0.704 0.712 0.749 0.778 0.781 0.791 1.000 0.991 0.966 0.944 0.943 0.910 0.880
     33       1.080    0.862 0.507      0.583 0.600 0.604 0.613 0.655 0.689 0.692 0.704 0.991 1.000 0.992 0.979 0.978 0.956 0.935
     34       1.312    0.921 0.390      0.473 0.491 0.496 0.506 0.552 0.589 0.593 0.605 0.966 0.992 1.000 0.997 0.997 0.986 0.973
     35       1.554    0.947 0.320      0.405 0.425 0.429 0.439 0.488 0.527 0.530 0.544 0.944 0.979 0.997 1.000 1.000 0.996 0.988
     36       1.565    0.948 0.318      0.403 0.422 0.427 0.437 0.485 0.524 0.528 0.542 0.943 0.978 0.997 1.000 1.000 0.996 0.988
     37       2.086    0.973 0.233      0.320 0.340 0.345 0.356 0.406 0.447 0.451 0.465 0.910 0.956 0.986 0.996 0.996 1.000 0.998
     38       2.854    0.986 0.168      0.257 0.277 0.282 0.293 0.345 0.387 0.391 0.405 0.880 0.935 0.973 0.988 0.988 0.998 1.000

  R CORE   ENERGY   A0R/A00=1.000    R3= 0     2  
   2( 1)    0.732                    1.000 0.000
   2( 2)  487.921                    0.000 1.000

  R CORE   ENERGY   A0R/A00=1.000    R3= 0     2  
   3( 1)  488.652                    0.000 1.000

  R CORE   ENERGY   A0R/A00=1.000    R3= 0     2     4  
   4( 1)    2.438                    1.000 0.000 0.000

  R CORE   ENERGY   A0R/A00=1.000    R3= 0     2     4  
   5( 1)  490.847                    0.000 1.000 0.000

  R CORE   ENERGY   A0R/A00=1.000    R3= 0     2     4     6  
   6( 1)    5.121                    1.000 0.000 0.000 0.000

  R CORE   ENERGY   A0R/A00=1.000    R3= 0     2     4     6  
   7( 1)  494.017                    0.000 1.000 0.000 0.000

          AXIAL SYMMETRY => K RESTRICTED TO OMEGA

                     K
     S.P. ORB#: 24  2.50
     S.P. ORB#: 25  2.50
     S.P. ORB#: 26  0.50
     S.P. ORB#: 27 -3.50
     S.P. ORB#: 28 -3.50
     S.P. ORB#: 29  0.50
     S.P. ORB#: 30  4.50
     S.P. ORB#: 31 -1.50
     S.P. ORB#: 32 -1.50
     S.P. ORB#: 33  2.50
     S.P. ORB#: 34  0.50
     S.P. ORB#: 35  0.50
     S.P. ORB#: 36 -1.50
     S.P. ORB#: 37  2.50
     S.P. ORB#: 38 -3.50
 

             ENERGY    K= OMEGA
 
 I=  1/2- (1)  1.816  26:-0.058
                      35:-0.998
 
 I=  1/2- (2)  3.195  29: 0.999
 
 I=  1/2- (3)  5.278  26: 0.998
                      35:-0.059
 
 I=  1/2- (4)  9.168  34:-1.000
 
 I=  1/2- (5)147.275  32:-1.000

             ENERGY    K= OMEGA
 
 I=  3/2- (1)  1.465  29: 0.184
                      31: 0.102
                      32: 0.974
                      35:-0.072
 
 I=  3/2- (2)  2.453  29:-0.177
                      31:-0.165
                      32: 0.122
                      35: 0.962

             ENERGY    K= OMEGA
 
 I=  5/2- (1)  1.556  26:-0.051
                      29: 0.138
                      31: 0.175
                      32:-0.440
                      33:-0.866
                      35: 0.053
 
 I=  5/2- (2)  2.100  29: 0.208
                      31:-0.171
                      32:-0.858
                      33: 0.432
                      35:-0.056
 
 I=  5/2- (3)  2.478  29:-0.181
                      31:-0.238
                      33:-0.135
                      35:-0.944
 
 I=  5/2- (4)  3.293  24: 0.073
                      26:-0.363
                      29: 0.431
                      31: 0.736
                      32: 0.069
                      33: 0.183
                      35:-0.311
 
 I=  5/2- (5)  4.506  24: 0.064
                      26: 0.074
                      29:-0.811
                      31: 0.511
                      32:-0.250
                      33: 0.097

             ENERGY    K= OMEGA
 
 I=  7/2- (1)  2.195  29: 0.188
                      31:-0.207
                      32: 0.527
                      33:-0.801
 
 I=  7/2- (2)  2.763  25:-0.079
                      26:-0.171
                      28: 0.115
                      29:-0.336
                      31:-0.309
                      32:-0.700
                      33:-0.464
                      35: 0.186
 
 I=  7/2- (3)  3.357  24: 0.056
                      25:-0.234
                      27:-0.118
                      28: 0.953
                      29: 0.071
                      32: 0.078
                      33: 0.065
                      35:-0.052
 
 I=  7/2- (4)  3.687  34: 0.730
                      36: 0.573
                      37: 0.345
                      38: 0.142
 
 I=  7/2- (5)  4.005  24: 0.060
                      26:-0.136
                      29:-0.160
                      31:-0.350
                      32: 0.322
                      33: 0.250
                      35: 0.813

             ENERGY    K= OMEGA
 
 I=  9/2- (1)  2.786  24: 0.074
                      25: 0.072
                      26:-0.102
                      27: 0.265
                      28: 0.137
                      29: 0.164
                      30:-0.773
                      31: 0.214
                      32:-0.257
                      33:-0.381
                      35: 0.088
 
 I=  9/2- (2)  2.916  26:-0.158
                      27:-0.112
                      28:-0.107
                      29: 0.264
                      30: 0.531
                      31: 0.310
                      32:-0.406
                      33:-0.564
                      35: 0.144
 
 I=  9/2- (3)  3.901  24: 0.089
                      25:-0.190
                      26:-0.069
                      27: 0.098
                      28:-0.365
                      29:-0.143
                      31: 0.334
                      32: 0.713
                      33:-0.280
                      35: 0.298
 
 I=  9/2- (4)  4.057  25:-0.055
                      26: 0.143
                      28:-0.155
                      29:-0.316
                      31:-0.192
                      32: 0.053
                      33:-0.509
                      35:-0.743
 
 I=  9/2- (5)  4.291  24:-0.075
                      25: 0.260
                      27:-0.133
                      28: 0.824
                      29:-0.155
                      30: 0.133
                      31: 0.092
                      32: 0.329
                      33:-0.262
                      35: 0.051

             ENERGY    K= OMEGA
 
 I= 11/2- (1)  2.583  34: 0.690
                      36: 0.576
                      37: 0.394
                      38: 0.195
 
 I= 11/2- (2)  3.700  24: 0.124
                      25: 0.115
                      27:-0.388
                      28:-0.210
                      29: 0.052
                      30:-0.840
                      31:-0.108
                      32: 0.124
                      33:-0.202
 
 I= 11/2- (3)  4.146  28: 0.069
                      29: 0.276
                      30: 0.261
                      31:-0.267
                      32: 0.558
                      33:-0.682
 
 I= 11/2- (4)  4.708  24:-0.100
                      25: 0.155
                      26: 0.276
                      27: 0.088
                      28:-0.259
                      29: 0.388
                      31: 0.421
                      32: 0.522
                      33: 0.406
                      35:-0.223
 
 I= 11/2- (5)  5.362  24:-0.105
                      25: 0.342
                      26:-0.117
                      27: 0.184
                      28:-0.838
                      29:-0.181
                      30: 0.176
                      31:-0.121
                      32:-0.117
                      33:-0.127
                      35: 0.116

             ENERGY    K= OMEGA
 
 I= 13/2- (1)  4.698  24: 0.163
                      25: 0.120
                      26:-0.193
                      27: 0.380
                      28: 0.171
                      29: 0.247
                      30:-0.608
                      31: 0.324
                      32:-0.259
                      33:-0.359
                      35: 0.132
 
 I= 13/2- (2)  4.842  34: 0.234
                      36:-0.584
                      37: 0.651
                      38:-0.424
 
 I= 13/2- (3)  5.037  24: 0.051
                      25: 0.080
                      26: 0.244
                      27: 0.248
                      28: 0.187
                      29:-0.327
                      30:-0.565
                      31:-0.358
                      32: 0.316
                      33: 0.383
                      35:-0.183
 
 I= 13/2- (4)  6.376  24: 0.175
                      25:-0.338
                      26:-0.085
                      27: 0.185
                      28:-0.598
                      29:-0.103
                      30:-0.097
                      31: 0.273
                      32: 0.555
                      33:-0.054
                      35: 0.224
 
 I= 13/2- (5)  6.654  25:-0.126
                      26: 0.174
                      27: 0.100
                      28:-0.325
                      29:-0.240
                      31:-0.167
                      32:-0.197
                      33:-0.542
                      35:-0.648

             ENERGY     K=-7/2
  32 LEVELS    TIME=  0.0 SEC



 ******************* EXCITATION ENERGIES, DOMINANT CONFIGURATION AND EXPECTATION VALUES (WITH S.P. UU+VV FACTORS) *******************

  NR  Eex(keV)  I   Kdom  NY    <Jz>  <Jx**2> <Jy**2> <Jz**2> <I.j>/|I|  <Rx**2> <Ry**2> <Rz**2> <R.j>/|R|  <HROTx> <HROTy> <HROTz>

   1    0.0   3/2-  -3/2  32   -1.42    1.58    1.58    2.17    1.43       1.78    1.78    0.00   -1.36      0.217   0.217   0.000
   2   91.7   5/2-   5/2  33    1.55    1.84    1.84    5.20    2.37       1.80    1.80    0.00   -0.98      0.219   0.219   0.000
   3  350.8   1/2-   1/2  35    0.50    1.25    1.25    0.25    0.83       1.04    1.04    0.00   -1.42      0.126   0.126   0.000
   4  635.0   5/2-  -3/2  32   -0.65    1.58    1.58    2.91    1.09       4.18    4.18    0.00   -0.98      0.510   0.510   0.000
   5  730.2   7/2-   5/2  33    1.14    1.96    1.96    4.76    1.98       4.36    4.36    0.00   -0.28      0.531   0.531   0.000
  
   6  988.5   3/2-   1/2  35    0.42    1.43    1.43    0.33   -0.06       3.60    3.60    0.00   -1.24      0.438   0.438   0.000
   7 1013.3   5/2-   1/2  35    0.42    1.75    1.75    0.48    0.93       3.63    3.63    0.00   -0.46      0.442   0.442   0.000
   8 1118.4  11/2-   1/2  34   -0.00   27.77   27.77    2.30    7.13       4.14    4.14    0.00   -5.28      0.504   0.504   0.000
   9 1298.4   7/2-  -3/2  32   -0.29    1.85    1.85    2.94    1.40       5.65    5.65    0.00   -0.33      0.689   0.689   0.000
  10 1321.3   9/2-   9/2  30    2.62    2.90    2.90   14.44    3.91       3.06    3.06    0.00   -0.33      0.373   0.373   0.000
  
  11 1451.0   9/2-   5/2  33    1.65    2.68    2.68    8.61    2.84       5.21    5.21    0.00    0.06      0.635   0.635   0.000
  12 1730.4   1/2-   1/2  29    0.50    4.15    4.15    0.25    0.37       4.33    4.33    0.00   -2.80      0.528   0.528   0.000
  13 1828.0   5/2-  -3/2  31   -0.51    3.78    3.78    1.58    1.54       4.39    4.39    0.00   -1.55      0.535   0.535   0.000
  14 1892.0   7/2-  -7/2  28   -3.08    2.26    2.26   11.70    3.37       2.62    2.62   -0.00   -1.25      0.319   0.319  -0.000
  15 2222.7   7/2-   1/2  34    0.00   27.89   27.89    1.86    7.01       8.90    8.90    0.00   -7.07      1.084   1.084   0.000
  
  16 2235.1  11/2-   9/2  30    2.63    3.28    3.28   17.17    4.07       5.41    5.41    0.00    0.18      0.660   0.660   0.000
  17 2435.9   9/2-  -3/2  32   -1.06    1.80    1.80    3.96    1.34       9.51    9.51   -0.00   -0.21      1.160   1.160  -0.000
  18 2540.6   7/2-   1/2  35    0.17    2.07    2.07    1.12    0.15       9.89    9.89    0.00   -1.04      1.206   1.206   0.000
  19 2592.4   9/2-   1/2  35    0.84    2.28    2.28    2.22    1.14      10.10   10.10    0.00   -0.25      1.231   1.231   0.000
  20 2681.1  11/2-   5/2  33    0.91    2.23    2.23    5.25    1.83      11.78   11.78    0.00    0.26      1.436   1.436   0.000
  
  21 2826.8   9/2-  -7/2  28   -2.17    2.21    2.21   10.05    2.43       7.53    7.53   -0.00   -0.61      0.918   0.918  -0.000
  22 3041.1   5/2-   1/2  29   -0.12    4.20    4.20    0.98   -0.36      10.13   10.13    0.00   -2.32      1.236   1.236   0.000
  23 3233.4  13/2-   9/2  30    1.28    3.88    3.88   11.08    3.43       9.81    9.81    0.00    1.16      1.197   1.197   0.000
  24 3243.7  11/2-  -3/2  32   -0.30    2.38    2.38    3.25    1.71      11.68   11.68    0.00    0.45      1.424   1.424   0.000
  25 3377.3  13/2-   5/2  37   -0.05   26.86   26.86    5.63    6.07      11.64   11.64    0.00   -3.51      1.419   1.419   0.000
  
  26 3571.9  13/2-   9/2  30    1.25    3.44    3.44    9.18    2.89      12.20   12.20    0.00    0.84      1.487   1.487   0.000
  27 3813.5   1/2-   1/2  26    0.50    5.16    5.16    0.25    0.69       5.06    5.06    0.00   -3.13      0.617   0.617   0.000
  28 3896.8  11/2-  -7/2  28   -2.09    2.47    2.47   10.63    2.53      10.52   10.52   -0.00   -0.09      1.283   1.283  -0.000
  29 4910.8  13/2-  -7/2  28   -1.50    2.27    2.27    6.80    1.92      16.67   16.67   -0.00    0.35      2.033   2.033  -0.000
  30 5189.4  13/2-   1/2  35    0.53    2.21    2.21    3.64    1.15      20.35   20.35    0.00   -0.00      2.481   2.481   0.000
  
  31 7702.9   1/2-   1/2  34    0.50   28.23   28.23    0.25   -4.03      32.22   32.22    0.00   -7.50      3.928   3.928   0.000
  32*******   1/2-  -3/2  32    0.00    0.00    0.00    0.00   -0.00       0.00    0.00    0.00   -0.00      0.000   0.000   0.000
