1SPECTRUM OF (Z= 82 A=207) IN PARTICLE-ROTOR  MODEL WITH MODIFIED OSCILLATOR POTENTIAL


 PARITY=-   EPS= 0.289   GAMMA=  0.0   EPS4=0.000   EPS6=0.000   LEVELS:  26  27  28  29  30  31  32  33  34  35  36  37  38  39  40

 PAIRING FACTORS: GN0= 19.20  GN1=  7.40  IPAIR= 15 ***  E2PLUS(INPUT)=   0.730  E2PLUR(INPUT)=   0.000

 CORIOLIS ATTENUATION PARAMETERS:  CHSI=1.000  ETA=  1.00

 MOMENT OF INERTIA PARAMETERS:   A1=  0.122 MEV   A2=  0.122 MEV   A3=121.91924 MEV


 DELTA=0.951 MEV  LAMBDA=53.2962 MEV   HW0= 7.4856 MEV   LAMBDA/HW0= 7.1199

 E2ENERGY=0.730 MEV  HBAR**2/B=15486./A**(7/3)=2617.9/A**2 MEV

 IREC=0  =>  RECOIL TERMS j+j-, j+j+, jzjz, ETC TREATED AS ONE-BODY OPERATORS WITH UU+VV PAIRING FACTORS



 S. P. LEVEL   EQP       U     V        (UU + VV)**1.00

     26       3.483    0.138 0.990      1.000 1.000 0.982 0.973 0.970 0.922 0.900 0.765 0.472 0.386 0.355 0.320 0.305 0.273 0.253
     27       2.930    0.165 0.986      1.000 1.000 0.987 0.979 0.976 0.932 0.912 0.782 0.496 0.411 0.380 0.345 0.330 0.299 0.279
     28       1.558    0.323 0.947      0.982 0.987 1.000 0.999 0.998 0.978 0.966 0.873 0.630 0.553 0.525 0.493 0.479 0.450 0.432
     29       1.410    0.362 0.932      0.973 0.979 0.999 1.000 1.000 0.986 0.976 0.893 0.662 0.588 0.561 0.529 0.516 0.487 0.469
     30       1.369    0.375 0.927      0.970 0.976 0.998 1.000 1.000 0.988 0.979 0.899 0.672 0.599 0.572 0.541 0.527 0.499 0.481
     31       1.083    0.511 0.860      0.922 0.932 0.978 0.986 0.988 1.000 0.999 0.955 0.777 0.714 0.690 0.662 0.650 0.625 0.609
     32       1.030    0.556 0.831      0.900 0.912 0.966 0.976 0.979 0.999 1.000 0.969 0.809 0.749 0.727 0.701 0.689 0.665 0.650
     33       0.957    0.743 0.669      0.765 0.782 0.873 0.893 0.899 0.955 0.969 1.000 0.929 0.889 0.874 0.855 0.846 0.829 0.817
     34       1.466    0.938 0.346      0.472 0.496 0.630 0.662 0.672 0.777 0.809 0.929 1.000 0.995 0.992 0.986 0.984 0.977 0.972
     35       1.927    0.967 0.255      0.386 0.411 0.553 0.588 0.599 0.714 0.749 0.889 0.995 1.000 0.999 0.997 0.996 0.993 0.990
     36       2.189    0.975 0.223      0.355 0.380 0.525 0.561 0.572 0.690 0.727 0.874 0.992 0.999 1.000 0.999 0.999 0.996 0.994
     37       2.603    0.983 0.186      0.320 0.345 0.493 0.529 0.541 0.662 0.701 0.855 0.986 0.997 0.999 1.000 1.000 0.999 0.998
     38       2.829    0.985 0.171      0.305 0.330 0.479 0.516 0.527 0.650 0.689 0.846 0.984 0.996 0.999 1.000 1.000 0.999 0.999
     39       3.474    0.990 0.138      0.273 0.299 0.450 0.487 0.499 0.625 0.665 0.829 0.977 0.993 0.996 0.999 0.999 1.000 1.000
     40       4.076    0.993 0.118      0.253 0.279 0.432 0.469 0.481 0.609 0.650 0.817 0.972 0.990 0.994 0.998 0.999 1.000 1.000

  R CORE   ENERGY   A0R/A00=1.000    R3= 0     2  
   2( 1)    0.732                    1.000 0.000
   2( 2)  487.921                    0.000 1.000

  R CORE   ENERGY   A0R/A00=1.000    R3= 0     2  
   3( 1)  488.652                    0.000 1.000

  R CORE   ENERGY   A0R/A00=1.000    R3= 0     2     4  
   4( 1)    2.438                    1.000 0.000 0.000

  R CORE   ENERGY   A0R/A00=1.000    R3= 0     2     4  
   5( 1)  490.847                    0.000 1.000 0.000

  R CORE   ENERGY   A0R/A00=1.000    R3= 0     2     4     6  
   6( 1)    5.121                    1.000 0.000 0.000 0.000

  R CORE   ENERGY   A0R/A00=1.000    R3= 0     2     4     6  
   7( 1)  494.017                    0.000 1.000 0.000 0.000

          AXIAL SYMMETRY => K RESTRICTED TO OMEGA

                     K
     S.P. ORB#: 26  2.50
     S.P. ORB#: 27 -3.50
     S.P. ORB#: 28  0.50
     S.P. ORB#: 29 -1.50
     S.P. ORB#: 30 -3.50
     S.P. ORB#: 31  0.50
     S.P. ORB#: 32  4.50
     S.P. ORB#: 33 -1.50
     S.P. ORB#: 34  2.50
     S.P. ORB#: 35 -1.50
     S.P. ORB#: 36  2.50
     S.P. ORB#: 37 -3.50
     S.P. ORB#: 38  0.50
     S.P. ORB#: 39  0.50
     S.P. ORB#: 40  4.50
 

             ENERGY    K= OMEGA
 
 I=  1/2- (1)  2.742  28: 0.994
                      38: 0.107
 
 I=  1/2- (2)  3.160  28: 0.107
                      38:-0.994
 
 I=  1/2- (3)  6.335  31: 0.611
                      39:-0.792
 
 I=  1/2- (4)  9.169  31:-0.792
                      39:-0.611
 
 I=  1/2- (5)147.260  33: 1.000

             ENERGY    K= OMEGA
 
 I=  3/2- (1)  2.402  28: 0.359
                      29: 0.175
                      35: 0.910
                      38:-0.110
 
 I=  3/2- (2)  2.611  28:-0.386
                      29: 0.921

             ENERGY    K= OMEGA
 
 I=  5/2- (1)  2.573  28:-0.282
                      29:-0.456
                      35: 0.400
                      36: 0.733
                      38:-0.124
 
 I=  5/2- (2)  3.002  26:-0.056
                      28: 0.219
                      29:-0.467
                      35:-0.815
                      36: 0.215
                      38:-0.143
 
 I=  5/2- (3)  3.230  28: 0.497
                      29: 0.504
                      35:-0.062
                      36: 0.601
                      38: 0.367
 
 I=  5/2- (4)  4.022  28:-0.281
                      29: 0.539
                      35:-0.200
                      36: 0.211
                      38:-0.738
 
 I=  5/2- (5)  4.216  28:-0.739
                      29: 0.169
                      35:-0.359
                      36: 0.107
                      38: 0.533

             ENERGY    K= OMEGA
 
 I=  7/2- (1)  2.134  26:-0.213
                      27: 0.062
                      30: 0.974
 
 I=  7/2- (2)  3.151  28: 0.354
                      29:-0.450
                      35: 0.469
                      36:-0.670
 
 I=  7/2- (3)  3.227  31: 0.740
                      33: 0.568
                      34: 0.332
                      37: 0.131
 
 I=  7/2- (4)  3.718  26: 0.051
                      28:-0.398
                      29:-0.457
                      35:-0.661
                      36:-0.370
                      38: 0.232
 
 I=  7/2- (5)  4.218  26: 0.066
                      27: 0.131
                      28: 0.537
                      29:-0.602
                      35:-0.202
                      36: 0.536

             ENERGY    K= OMEGA
 
 I=  9/2- (1)  1.856  26: 0.065
                      27:-0.224
                      30: 0.185
                      32: 0.955
 
 I=  9/2- (2)  3.049  26: 0.292
                      27: 0.093
                      30: 0.933
                      32:-0.178
                      36:-0.050
 
 I=  9/2- (3)  3.937  28:-0.365
                      29:-0.520
                      35: 0.413
                      36: 0.614
                      38:-0.209
 
 I=  9/2- (4)  4.265  31: 0.216
                      33:-0.554
                      34: 0.628
                      37:-0.458
                      40: 0.205
 
 I=  9/2- (5)  4.835  26: 0.073
                      28:-0.172
                      29: 0.510
                      30:-0.068
                      35: 0.772
                      36:-0.084
                      38: 0.311

             ENERGY    K= OMEGA
 
 I= 11/2- (1)  2.366  31:-0.667
                      33:-0.568
                      34:-0.405
                      37:-0.238
                      40:-0.099
 
 I= 11/2- (2)  2.884  26:-0.109
                      27:-0.302
                      30: 0.257
                      32:-0.911
 
 I= 11/2- (3)  4.193  26:-0.342
                      27: 0.126
                      30: 0.893
                      32: 0.250
                      36: 0.063
 
 I= 11/2- (4)  5.050  28: 0.410
                      29:-0.471
                      35: 0.485
                      36:-0.606
 
 I= 11/2- (5)  5.752  31: 0.496
                      33: 0.063
                      34:-0.433
                      37:-0.616
                      39:-0.078
                      40:-0.421

             ENERGY    K= OMEGA
 
 I= 13/2- (1)  4.078  31: 0.183
                      33:-0.492
                      34: 0.613
                      37:-0.518
                      40: 0.282
 
 I= 13/2- (2)  4.131  26: 0.149
                      27:-0.351
                      30: 0.306
                      32: 0.872
 
 I= 13/2- (3)  5.570  26: 0.376
                      27: 0.157
                      29: 0.069
                      30: 0.855
                      32:-0.300
                      36:-0.082
 
 I= 13/2- (4)  6.286  28:-0.402
                      29:-0.533
                      30: 0.055
                      32:-0.060
                      35: 0.408
                      36: 0.556
                      38:-0.262
 
 I= 13/2- (5)  7.602  26: 0.069
                      28:-0.078
                      29: 0.466
                      30:-0.094
                      35: 0.718
                      36: 0.092
                      38: 0.487

             ENERGY     K= 9/2
  32 LEVELS    TIME=  0.0 SEC



 ******************* EXCITATION ENERGIES, DOMINANT CONFIGURATION AND EXPECTATION VALUES (WITH S.P. UU+VV FACTORS) *******************

  NR  Eex(keV)  I   Kdom  NY    <Jz>  <Jx**2> <Jy**2> <Jz**2> <I.j>/|I|  <Rx**2> <Ry**2> <Rz**2> <R.j>/|R|  <HROTx> <HROTy> <HROTz>

   1    0.0   9/2-   9/2  32    3.82    2.58    2.58   19.51    4.38       2.91    2.91    0.00   -1.19      0.355   0.355   0.000
   2  278.1   7/2-  -7/2  30   -3.22    2.31    2.31   11.97    3.39       2.72    2.72   -0.00   -1.35      0.331   0.331  -0.000
   3  509.6  11/2-   1/2  31   -0.01   25.59   25.59    2.75    6.72       4.68    4.68   -0.00   -4.50      0.571   0.571  -0.000
   4  545.5   3/2-  -3/2  35   -1.22    2.01    2.01    1.97    1.40       2.16    2.16   -0.00   -1.58      0.264   0.264  -0.000
   5  716.5   5/2-   5/2  36    0.84    2.70    2.70    4.21    2.23       2.57    2.57    0.00   -1.32      0.314   0.314   0.000
  
   6  754.6   3/2-  -3/2  29   -1.20    4.54    4.54    1.95    1.33       4.82    4.82    0.00   -2.73      0.587   0.587   0.000
   7  886.2   1/2-   1/2  28    0.50    4.54    4.54    0.25    0.28       4.80    4.80    0.00   -2.93      0.585   0.585   0.000
   8 1027.7  11/2-   9/2  32    3.22    2.83    2.83   18.82    3.92       6.68    6.68   -0.00   -0.29      0.815   0.815  -0.000
   9 1146.2   5/2-  -3/2  35   -1.17    2.12    2.12    2.31    0.96       4.80    4.80   -0.00   -1.19      0.585   0.585  -0.000
  10 1192.9   9/2-  -7/2  30   -2.72    2.43    2.43   11.96    2.95       6.13    6.13   -0.00   -0.62      0.747   0.747  -0.000
  
  11 1295.0   7/2-   5/2  36    0.54    2.84    2.84    3.82    1.89       5.15    5.15    0.00   -0.63      0.628   0.628   0.000
  12 1304.0   1/2-   1/2  38    0.50    1.49    1.49    0.25    0.67       1.42    1.42    0.00   -1.58      0.173   0.173   0.000
  13 1371.0   7/2-   1/2  31    0.01   25.01   25.01    1.76    6.33       8.66    8.66   -0.00   -6.41      1.056   1.056  -0.000
  14 1374.3   5/2-   5/2  36    0.71    3.20    3.20    2.93    1.24       5.37    5.37    0.00   -1.73      0.655   0.655   0.000
  15 1861.4   7/2-  -3/2  35   -0.52    2.44    2.44    2.41    0.97       7.67    7.67    0.00   -0.88      0.935   0.935   0.000
  
  16 2081.0   9/2-   5/2  36    0.36    3.09    3.09    3.45    1.76       8.45    8.45    0.00   -0.21      1.030   1.030   0.000
  17 2165.7   5/2-   1/2  38   -0.07    2.83    2.83    1.18    0.18       7.26    7.26    0.00   -1.65      0.885   0.885   0.000
  18 2222.3  13/2-   5/2  34    0.01   24.81   24.81    7.80    6.29       9.17    9.17    0.00   -3.15      1.118   1.118   0.000
  19 2274.8  13/2-   9/2  32    2.72    3.04    3.04   18.19    3.60      11.40   11.40   -0.00    0.17      1.390   1.390  -0.000
  20 2336.8  11/2-  -7/2  30   -2.26    2.53    2.53   11.99    2.65      10.53   10.53   -0.00   -0.26      1.284   1.284  -0.000
  
  21 2360.1   5/2-   1/2  28    0.21    3.16    3.16    0.64   -0.46       9.21    9.21   -0.00   -1.94      1.123   1.123  -0.000
  22 2361.6   7/2-  -3/2  29    0.21    3.53    3.53    3.01    0.69      10.19   10.19    0.00   -1.63      1.243   1.243   0.000
  23 2409.3   9/2-   5/2  34    0.00   25.10   25.10    6.59    6.03      10.77   10.77   -0.00   -5.77      1.313   1.313  -0.000
  24 2979.2   9/2-  -3/2  35   -1.21    2.16    2.16    2.10    0.69      12.13   12.13    0.00   -0.60      1.479   1.479   0.000
  25 3193.5  11/2-   5/2  36    0.32    3.04    3.04    3.45    1.59      13.13   13.13    0.00   -0.00      1.601   1.601   0.000
  
  26 3714.1  13/2-  -7/2  30   -1.88    2.62    2.62   12.02    2.44      15.94   15.94   -0.00   -0.04      1.944   1.944  -0.000
  27 3896.1  11/2-  -7/2  37    0.06   23.49   23.49    9.48    5.33      14.26   14.26    0.00   -4.61      1.738   1.738   0.000
  28 4430.0  13/2-   5/2  36    0.22    3.22    3.22    3.14    1.58      18.14   18.14    0.00    0.24      2.212   2.212   0.000
  29 4478.7   1/2-   1/2  39    0.50   13.10   13.10    0.25   -2.07      15.39   15.39    0.00   -5.09      1.876   1.876   0.000
  30 5745.4  13/2-  -3/2  35   -0.98    2.01    2.01    1.94    0.65      22.84   22.84   -0.00   -0.21      2.784   2.784  -0.000
  
  31 7312.9   1/2-   1/2  31    0.50   25.89   25.89    0.25   -3.59      29.51   29.51    0.00   -7.18      3.597   3.597   0.000
  32*******   1/2-  -3/2  33    0.00    0.00    0.00    0.00   -0.00       0.00    0.00    0.00   -0.00      0.000   0.000   0.000
