1SPECTRUM OF (Z= 82 A=207) IN PARTICLE-ROTOR  MODEL WITH MODIFIED OSCILLATOR POTENTIAL


 PARITY=-   EPS= 0.167   GAMMA=  0.0   EPS4=0.000   EPS6=0.000   LEVELS:  24  25  26  27  28  29  30  31  32  33  34  35  36  37  38

 PAIRING FACTORS: GN0= 19.20  GN1=  7.40  IPAIR= 15 ***  E2PLUS(INPUT)=   0.730  E2PLUR(INPUT)=   0.000

 CORIOLIS ATTENUATION PARAMETERS:  CHSI=1.000  ETA=  1.00

 MOMENT OF INERTIA PARAMETERS:   A1=  0.122 MEV   A2=  0.122 MEV   A3=121.91924 MEV


 DELTA=0.873 MEV  LAMBDA=53.4237 MEV   HW0= 7.4349 MEV   LAMBDA/HW0= 7.1856

 E2ENERGY=0.730 MEV  HBAR**2/B= 5171./A**(7/3)= 874.2/A**2 MEV

 IREC=0  =>  RECOIL TERMS j+j-, j+j+, jzjz, ETC TREATED AS ONE-BODY OPERATORS WITH UU+VV PAIRING FACTORS



 S. P. LEVEL   EQP       U     V        (UU + VV)**1.00

     24       5.089    0.086 0.996      1.000 1.000 1.000 1.000 0.998 0.996 0.993 0.991 0.834 0.734 0.479 0.329 0.302 0.263 0.227
     25       4.346    0.101 0.995      1.000 1.000 1.000 1.000 0.999 0.997 0.995 0.993 0.842 0.744 0.492 0.343 0.316 0.278 0.242
     26       3.850    0.114 0.993      1.000 1.000 1.000 1.000 1.000 0.998 0.996 0.994 0.849 0.753 0.503 0.356 0.328 0.290 0.255
     27       3.791    0.116 0.993      1.000 1.000 1.000 1.000 1.000 0.998 0.996 0.994 0.850 0.754 0.505 0.357 0.330 0.292 0.257
     28       3.036    0.145 0.989      0.998 0.999 1.000 1.000 1.000 0.999 0.998 0.997 0.865 0.773 0.530 0.385 0.358 0.320 0.285
     29       2.496    0.178 0.984      0.996 0.997 0.998 0.998 0.999 1.000 1.000 0.999 0.881 0.793 0.558 0.415 0.388 0.351 0.316
     30       2.191    0.204 0.979      0.993 0.995 0.996 0.996 0.998 1.000 1.000 1.000 0.893 0.809 0.579 0.439 0.413 0.376 0.341
     31       2.032    0.220 0.975      0.991 0.993 0.994 0.994 0.997 0.999 1.000 1.000 0.901 0.819 0.593 0.454 0.428 0.392 0.357
     32       0.896    0.622 0.783      0.834 0.842 0.849 0.850 0.865 0.881 0.893 0.901 1.000 0.987 0.884 0.796 0.778 0.752 0.727
     33       0.877    0.740 0.673      0.734 0.744 0.753 0.754 0.773 0.793 0.809 0.819 0.987 1.000 0.948 0.883 0.869 0.849 0.828
     34       1.188    0.916 0.401      0.479 0.492 0.503 0.505 0.530 0.558 0.579 0.593 0.884 0.948 1.000 0.987 0.981 0.973 0.964
     35       1.827    0.969 0.247      0.329 0.343 0.356 0.357 0.385 0.415 0.439 0.454 0.796 0.883 0.987 1.000 1.000 0.998 0.994
     36       2.048    0.976 0.218      0.302 0.316 0.328 0.330 0.358 0.388 0.413 0.428 0.778 0.869 0.981 1.000 1.000 0.999 0.997
     37       2.475    0.984 0.179      0.263 0.278 0.290 0.292 0.320 0.351 0.376 0.392 0.752 0.849 0.973 0.998 0.999 1.000 0.999
     38       3.090    0.990 0.143      0.227 0.242 0.255 0.257 0.285 0.316 0.341 0.357 0.727 0.828 0.964 0.994 0.997 0.999 1.000

  R CORE   ENERGY   A0R/A00=1.000    R3= 0     2  
   2( 1)    0.732                    1.000 0.000
   2( 2)  487.921                    0.000 1.000

  R CORE   ENERGY   A0R/A00=1.000    R3= 0     2  
   3( 1)  488.652                    0.000 1.000

  R CORE   ENERGY   A0R/A00=1.000    R3= 0     2     4  
   4( 1)    2.438                    1.000 0.000 0.000

  R CORE   ENERGY   A0R/A00=1.000    R3= 0     2     4  
   5( 1)  490.847                    0.000 1.000 0.000

  R CORE   ENERGY   A0R/A00=1.000    R3= 0     2     4     6  
   6( 1)    5.121                    1.000 0.000 0.000 0.000

  R CORE   ENERGY   A0R/A00=1.000    R3= 0     2     4     6  
   7( 1)  494.017                    0.000 1.000 0.000 0.000

          AXIAL SYMMETRY => K RESTRICTED TO OMEGA

                     K
     S.P. ORB#: 24  2.50
     S.P. ORB#: 25  2.50
     S.P. ORB#: 26 -3.50
     S.P. ORB#: 27  0.50
     S.P. ORB#: 28 -3.50
     S.P. ORB#: 29  4.50
     S.P. ORB#: 30  0.50
     S.P. ORB#: 31 -1.50
     S.P. ORB#: 32 -1.50
     S.P. ORB#: 33  2.50
     S.P. ORB#: 34  0.50
     S.P. ORB#: 35  0.50
     S.P. ORB#: 36 -1.50
     S.P. ORB#: 37  2.50
     S.P. ORB#: 38 -3.50
 

             ENERGY    K= OMEGA
 
 I=  1/2- (1)  1.418  27:-0.064
                      34:-0.998
 
 I=  1/2- (2)  3.183  30: 1.000
 
 I=  1/2- (3)  4.871  27: 0.998
                      34:-0.064
 
 I=  1/2- (4)  9.978  35:-1.000
 
 I=  1/2- (5)147.199  32: 1.000

             ENERGY    K= OMEGA
 
 I=  3/2- (1)  1.357  27: 0.053
                      30: 0.199
                      31: 0.119
                      32: 0.967
                      34:-0.095
 
 I=  3/2- (2)  2.083  30:-0.133
                      31:-0.104
                      32: 0.136
                      34: 0.976

             ENERGY    K= OMEGA
 
 I=  5/2- (1)  1.336  27:-0.050
                      30: 0.131
                      31: 0.186
                      32:-0.381
                      33:-0.891
                      34: 0.077
 
 I=  5/2- (2)  1.957  30:-0.241
                      31: 0.164
                      32: 0.878
                      33:-0.375
 
 I=  5/2- (3)  2.102  30: 0.121
                      31: 0.163
                      33: 0.125
                      34: 0.971
 
 I=  5/2- (4)  3.222  24: 0.070
                      27:-0.398
                      30: 0.455
                      31: 0.738
                      32: 0.076
                      33: 0.190
                      34:-0.207
 
 I=  5/2- (5)  4.529  24: 0.062
                      27: 0.073
                      30:-0.794
                      31: 0.526
                      32:-0.271
                      33: 0.103

             ENERGY    K= OMEGA
 
 I=  7/2- (1)  1.966  30: 0.174
                      31:-0.225
                      32: 0.474
                      33:-0.832
 
 I=  7/2- (2)  2.583  25:-0.065
                      27:-0.182
                      28: 0.054
                      30:-0.359
                      31:-0.298
                      32:-0.726
                      33:-0.409
                      34: 0.215
 
 I=  7/2- (3)  3.693  25:-0.145
                      26:-0.076
                      27: 0.064
                      28: 0.456
                      30: 0.132
                      31: 0.166
                      32:-0.248
                      33:-0.154
                      34:-0.794
 
 I=  7/2- (4)  3.755  24:-0.089
                      25: 0.206
                      26: 0.148
                      28:-0.829
                      31: 0.091
                      32:-0.186
                      33:-0.131
                      34:-0.425
 
 I=  7/2- (5)  4.259  35: 0.716
                      36: 0.576
                      37: 0.362
                      38: 0.158

             ENERGY    K= OMEGA
 
 I=  9/2- (1)  2.607  26:-0.083
                      27: 0.178
                      29: 0.091
                      30:-0.303
                      31:-0.368
                      32: 0.456
                      33: 0.690
                      34:-0.198
 
 I=  9/2- (2)  3.196  24: 0.074
                      25: 0.078
                      26: 0.291
                      28: 0.187
                      29:-0.924
                      30:-0.053
                      32: 0.071
                      33: 0.061
 
 I=  9/2- (3)  3.727  24:-0.055
                      25: 0.056
                      27: 0.069
                      28: 0.057
                      31:-0.270
                      32:-0.429
                      33:-0.141
                      34:-0.841
 
 I=  9/2- (4)  3.774  25: 0.107
                      26:-0.059
                      28: 0.143
                      30: 0.341
                      31:-0.177
                      32:-0.638
                      33: 0.569
                      34: 0.288
 
 I=  9/2- (5)  4.594  24: 0.157
                      25:-0.275
                      26: 0.186
                      27:-0.245
                      28:-0.754
                      29:-0.108
                      30: 0.253
                      31: 0.217
                      33: 0.255
                      34:-0.219

             ENERGY    K= OMEGA
 
 I= 11/2- (1)  3.065  35: 0.679
                      36: 0.576
                      37: 0.405
                      38: 0.207
 
 I= 11/2- (2)  3.784  24:-0.070
                      25:-0.089
                      26: 0.222
                      28: 0.094
                      29: 0.341
                      30:-0.226
                      31: 0.293
                      32:-0.467
                      33: 0.677
 
 I= 11/2- (3)  4.122  24: 0.113
                      25: 0.092
                      26:-0.341
                      28:-0.213
                      29:-0.789
                      30:-0.161
                      31: 0.075
                      32:-0.289
                      33: 0.278
 
 I= 11/2- (4)  4.518  24: 0.069
                      25:-0.114
                      27:-0.290
                      28: 0.151
                      29: 0.096
                      30:-0.413
                      31:-0.408
                      32:-0.551
                      33:-0.405
                      34: 0.247
 
 I= 11/2- (5)  5.684  24:-0.163
                      25: 0.364
                      26: 0.245
                      27:-0.090
                      28:-0.837
                      29: 0.161
                      30:-0.143
                      31:-0.059
                      34: 0.144

             ENERGY    K= OMEGA
 
 I= 13/2- (1)  4.545  24:-0.092
                      25:-0.073
                      26:-0.182
                      27: 0.276
                      28:-0.062
                      29: 0.203
                      30:-0.378
                      31:-0.444
                      32: 0.398
                      33: 0.531
                      34:-0.226
 
 I= 13/2- (2)  5.198  24:-0.144
                      25:-0.148
                      26:-0.430
                      27:-0.100
                      28:-0.260
                      29: 0.784
                      30: 0.152
                      31: 0.119
                      32:-0.135
                      33:-0.117
                      34: 0.106
 
 I= 13/2- (3)  5.241  35:-0.228
                      36: 0.576
                      37:-0.654
                      38: 0.435
 
 I= 13/2- (4)  6.331  24:-0.124
                      25: 0.162
                      26:-0.087
                      27: 0.100
                      28: 0.214
                      30: 0.051
                      31:-0.302
                      32:-0.598
                      33:-0.120
                      34:-0.653
 
 I= 13/2- (5)  6.441  24: 0.086
                      25:-0.181
                      26: 0.116
                      28:-0.304
                      30:-0.326
                      31: 0.154
                      32: 0.354
                      33:-0.608
                      34:-0.477

             ENERGY     K=-7/2
  32 LEVELS    TIME=  0.0 SEC



 ******************* EXCITATION ENERGIES, DOMINANT CONFIGURATION AND EXPECTATION VALUES (WITH S.P. UU+VV FACTORS) *******************

  NR  Eex(keV)  I   Kdom  NY    <Jz>  <Jx**2> <Jy**2> <Jz**2> <I.j>/|I|  <Rx**2> <Ry**2> <Rz**2> <R.j>/|R|  <HROTx> <HROTy> <HROTz>

   1    0.0   5/2-   5/2  33    1.73    1.77    1.77    5.38    2.46       1.56    1.56   -0.00   -0.93      0.190   0.190  -0.000
   2   21.0   3/2-  -3/2  32   -1.40    1.49    1.49    2.15    1.48       1.57    1.57    0.00   -1.27      0.191   0.191   0.000
   3   81.7   1/2-   1/2  34    0.50    1.13    1.13    0.25    0.84       0.90    0.90    0.00   -1.32      0.110   0.110   0.000
   4  620.8   5/2-  -3/2  32   -0.81    1.52    1.52    2.70    1.13       3.89    3.89    0.00   -0.86      0.475   0.475   0.000
   5  630.0   7/2-   5/2  33    1.33    1.91    1.91    4.98    2.08       4.02    4.02   -0.00   -0.19      0.490   0.490  -0.000
  
   6  747.6   3/2-   1/2  34    0.44    1.22    1.22    0.31   -0.17       3.58    3.58    0.00   -1.15      0.437   0.437   0.000
   7  765.8   5/2-   1/2  34    0.48    1.41    1.41    0.40    0.80       3.61    3.61    0.00   -0.31      0.440   0.440   0.000
   8 1247.0   7/2-  -3/2  32   -0.40    1.67    1.67    2.56    1.40       5.27    5.27    0.00   -0.11      0.642   0.642   0.000
   9 1270.8   9/2-   5/2  33    0.78    2.75    2.75    4.06    2.38       5.34    5.34    0.00    0.69      0.651   0.651   0.000
  10 1728.9  11/2-   1/2  35   -0.01   28.64   28.64    2.41    7.29       4.12    4.12   -0.00   -5.60      0.502   0.502  -0.000
  
  11 1846.8   1/2-   1/2  30    0.50    3.93    3.93    0.25    0.43       4.06    4.06    0.00   -2.72      0.495   0.495   0.000
  12 1860.1   9/2-   9/2  29    3.45    2.80    2.80   18.86    4.49       2.28    2.28    0.00   -1.00      0.279   0.279   0.000
  13 1885.8   5/2-  -3/2  31   -0.52    3.74    3.74    1.60    1.70       3.88    3.88    0.00   -1.45      0.474   0.474   0.000
  14 2357.4   7/2-   1/2  34   -0.44    1.72    1.72    3.26    0.75       8.25    8.25    0.00   -0.92      1.006   1.006   0.000
  15 2390.9   9/2-   1/2  34    0.02    1.45    1.45    0.97    0.82      10.23   10.23   -0.00    0.05      1.247   1.247  -0.000
  
  16 2419.2   7/2-  -7/2  28   -2.28    2.06    2.06    9.24    2.55       4.44    4.44    0.00   -1.09      0.542   0.542   0.000
  17 2438.2   9/2-  -3/2  32    0.20    1.84    1.84    3.44    1.08      10.55   10.55    0.00   -0.38      1.286   1.286   0.000
  18 2448.3  11/2-   5/2  33    1.07    2.68    2.68    6.71    2.40       9.58    9.58    0.00    0.52      1.168   1.168   0.000
  19 2785.7  11/2-   9/2  29    2.36    2.92    2.92   15.42    3.63       6.82    6.82    0.00    0.12      0.831   0.831   0.000
  20 2922.9   7/2-   1/2  35   -0.00   28.78   28.78    2.00    7.17       9.19    9.19   -0.00   -7.25      1.121   1.121  -0.000
  
  21 3182.0  11/2-  -3/2  32   -0.13    2.06    2.06    2.75    1.63      11.58   11.58    0.00    0.59      1.411   1.411   0.000
  22 3193.4   5/2-   1/2  30   -0.17    4.02    4.02    1.04   -0.41      10.13   10.13    0.00   -2.29      1.236   1.236   0.000
  23 3209.3  13/2-   5/2  33    0.40    3.65    3.65    4.01    2.67      11.41   11.41    0.00    1.53      1.392   1.392   0.000
  24 3258.4   9/2-  -7/2  28   -1.63    2.53    2.53    8.81    2.50       6.86    6.86    0.00   -0.38      0.836   0.836   0.000
  25 3535.1   1/2-   1/2  27    0.50    4.55    4.55    0.25    0.66       4.48    4.48    0.00   -2.93      0.546   0.546   0.000
  
  26 3861.8  13/2-   9/2  29    1.99    3.62    3.62   15.97    3.75       9.79    9.79    0.00    0.67      1.193   1.193   0.000
  27 3904.9  13/2-   5/2  37   -0.06   27.44   27.44    5.75    6.17      11.58   11.58   -0.00   -3.64      1.412   1.412  -0.000
  28 4348.1  11/2-  -7/2  28   -2.12    2.47    2.47   10.86    2.64      10.02   10.02    0.00   -0.01      1.221   1.221   0.000
  29 4995.4  13/2-   1/2  34   -0.49    1.57    1.57    2.17    1.00      20.08   20.08    0.00    0.26      2.448   2.448   0.000
  30 5104.8  13/2-   5/2  33    0.60    2.08    2.08    4.29    1.20      20.23   20.23    0.00   -0.01      2.467   2.467   0.000
  
  31 8642.4   1/2-   1/2  35    0.50   29.36   29.36    0.25   -4.13      33.43   33.43    0.00   -7.65      4.076   4.076   0.000
  32*******   1/2-  -3/2  32    0.00    0.00    0.00    0.00   -0.00       0.00    0.00    0.00   -0.00      0.000   0.000   0.000
