1SPECTRUM OF (Z= 82 A=207) IN PARTICLE-ROTOR  MODEL WITH MODIFIED OSCILLATOR POTENTIAL


 PARITY=-   EPS= 0.290   GAMMA=  0.0   EPS4=0.000   EPS6=0.000   LEVELS:  25  26  27  28  29  30  31  32  33  34  35  36  37  38  39

 PAIRING FACTORS: GN0= 19.20  GN1=  7.40  IPAIR= 15 ***  E2PLUS(INPUT)=   0.730  E2PLUR(INPUT)=   0.000

 CORIOLIS ATTENUATION PARAMETERS:  CHSI=1.000  ETA=  1.00

 MOMENT OF INERTIA PARAMETERS:   A1=  0.122 MEV   A2=  0.122 MEV   A3=121.91925 MEV


 DELTA=0.951 MEV  LAMBDA=53.2950 MEV   HW0= 7.4861 MEV   LAMBDA/HW0= 7.1192

 E2ENERGY=0.730 MEV  HBAR**2/B=15594./A**(7/3)=2636.1/A**2 MEV

 IREC=0  =>  RECOIL TERMS j+j-, j+j+, jzjz, ETC TREATED AS ONE-BODY OPERATORS WITH UU+VV PAIRING FACTORS



 S. P. LEVEL   EQP       U     V        (UU + VV)**1.00

     25       4.115    0.116 0.993      1.000 1.000 0.999 0.977 0.968 0.963 0.916 0.887 0.756 0.455 0.364 0.333 0.299 0.283 0.253
     26       3.474    0.138 0.990      1.000 1.000 1.000 0.982 0.973 0.969 0.925 0.897 0.771 0.474 0.385 0.354 0.320 0.304 0.275
     27       2.921    0.165 0.986      0.999 1.000 1.000 0.987 0.979 0.975 0.935 0.909 0.788 0.498 0.409 0.379 0.346 0.330 0.301
     28       1.552    0.324 0.946      0.977 0.982 0.987 1.000 0.999 0.998 0.980 0.965 0.878 0.633 0.553 0.525 0.495 0.480 0.452
     29       1.404    0.364 0.932      0.968 0.973 0.979 0.999 1.000 1.000 0.988 0.975 0.897 0.665 0.588 0.561 0.531 0.516 0.490
     30       1.357    0.379 0.926      0.963 0.969 0.975 0.998 1.000 1.000 0.990 0.978 0.904 0.677 0.601 0.574 0.544 0.530 0.504
     31       1.092    0.504 0.863      0.916 0.925 0.935 0.980 0.988 0.990 1.000 0.998 0.955 0.773 0.707 0.683 0.656 0.644 0.620
     32       1.023    0.562 0.827      0.887 0.897 0.909 0.965 0.975 0.978 0.998 1.000 0.973 0.815 0.753 0.731 0.706 0.694 0.672
     33       0.955    0.738 0.675      0.756 0.771 0.788 0.878 0.897 0.904 0.955 0.973 1.000 0.927 0.885 0.869 0.851 0.842 0.824
     34       1.458    0.938 0.348      0.455 0.474 0.498 0.633 0.665 0.677 0.773 0.815 0.927 1.000 0.995 0.991 0.986 0.983 0.977
     35       1.942    0.967 0.253      0.364 0.385 0.409 0.553 0.588 0.601 0.707 0.753 0.885 0.995 1.000 0.999 0.998 0.996 0.993
     36       2.204    0.975 0.221      0.333 0.354 0.379 0.525 0.561 0.574 0.683 0.731 0.869 0.991 0.999 1.000 0.999 0.999 0.996
     37       2.599    0.982 0.186      0.299 0.320 0.346 0.495 0.531 0.544 0.656 0.706 0.851 0.986 0.998 0.999 1.000 1.000 0.999
     38       2.845    0.986 0.170      0.283 0.304 0.330 0.480 0.516 0.530 0.644 0.694 0.842 0.983 0.996 0.999 1.000 1.000 1.000
     39       3.456    0.990 0.139      0.253 0.275 0.301 0.452 0.490 0.504 0.620 0.672 0.824 0.977 0.993 0.996 0.999 1.000 1.000

  R CORE   ENERGY   A0R/A00=1.000    R3= 0     2  
   2( 1)    0.732                    1.000 0.000
   2( 2)  487.921                    0.000 1.000

  R CORE   ENERGY   A0R/A00=1.000    R3= 0     2  
   3( 1)  488.652                    0.000 1.000

  R CORE   ENERGY   A0R/A00=1.000    R3= 0     2     4  
   4( 1)    2.438                    1.000 0.000 0.000

  R CORE   ENERGY   A0R/A00=1.000    R3= 0     2     4  
   5( 1)  490.847                    0.000 1.000 0.000

  R CORE   ENERGY   A0R/A00=1.000    R3= 0     2     4     6  
   6( 1)    5.121                    1.000 0.000 0.000 0.000

  R CORE   ENERGY   A0R/A00=1.000    R3= 0     2     4     6  
   7( 1)  494.017                    0.000 1.000 0.000 0.000

          AXIAL SYMMETRY => K RESTRICTED TO OMEGA

                     K
     S.P. ORB#: 25  0.50
     S.P. ORB#: 26  2.50
     S.P. ORB#: 27 -3.50
     S.P. ORB#: 28  0.50
     S.P. ORB#: 29 -1.50
     S.P. ORB#: 30 -3.50
     S.P. ORB#: 31  0.50
     S.P. ORB#: 32  4.50
     S.P. ORB#: 33 -1.50
     S.P. ORB#: 34  2.50
     S.P. ORB#: 35 -1.50
     S.P. ORB#: 36  2.50
     S.P. ORB#: 37 -3.50
     S.P. ORB#: 38  0.50
     S.P. ORB#: 39  0.50
 

             ENERGY    K= OMEGA
 
 I=  1/2- (1)  2.734  28:-0.995
                      38:-0.089
 
 I=  1/2- (2)  3.165  25:-0.067
                      28: 0.086
                      38:-0.994
 
 I=  1/2- (3)  5.598  25: 0.997
                      38:-0.063
 
 I=  1/2- (4)  6.330  31:-0.607
                      39: 0.795
 
 I=  1/2- (5)  9.151  31:-0.795
                      39:-0.607

             ENERGY    K= OMEGA
 
 I=  3/2- (1)  2.363  25: 0.128
                      28: 0.430
                      29: 0.311
                      35: 0.829
                      38:-0.119
 
 I=  3/2- (2)  2.595  25:-0.057
                      28: 0.358
                      29:-0.915
                      35: 0.172

             ENERGY    K= OMEGA
 
 I=  5/2- (1)  2.451  25:-0.204
                      28: 0.377
                      29: 0.601
                      35:-0.306
                      36:-0.585
                      38: 0.139
 
 I=  5/2- (2)  2.978  25: 0.125
                      26:-0.055
                      29:-0.533
                      35:-0.793
                      36:-0.187
                      38:-0.177
 
 I=  5/2- (3)  3.102  25: 0.154
                      28:-0.505
                      29:-0.170
                      35: 0.317
                      36:-0.754
                      38:-0.147
 
 I=  5/2- (4)  3.975  25:-0.139
                      28:-0.171
                      29: 0.350
                      35:-0.101
                      36: 0.139
                      38:-0.894
 
 I=  5/2- (5)  4.163  25:-0.112
                      28: 0.723
                      29:-0.385
                      35: 0.404
                      36:-0.183
                      38:-0.345

             ENERGY    K= OMEGA
 
 I=  7/2- (1)  2.122  26: 0.212
                      27:-0.062
                      30:-0.974
 
 I=  7/2- (2)  3.158  28:-0.316
                      29: 0.495
                      35:-0.434
                      36: 0.680
 
 I=  7/2- (3)  3.231  31:-0.740
                      33:-0.569
                      34:-0.332
                      37:-0.131
 
 I=  7/2- (4)  3.363  25:-0.300
                      28:-0.558
                      29:-0.494
                      35:-0.513
                      36:-0.212
                      38: 0.207
 
 I=  7/2- (5)  4.220  26:-0.068
                      27:-0.133
                      28:-0.537
                      29: 0.598
                      35: 0.223
                      36:-0.531

             ENERGY    K= OMEGA
 
 I=  9/2- (1)  1.852  26:-0.065
                      27: 0.224
                      30:-0.186
                      32:-0.955
 
 I=  9/2- (2)  3.036  26:-0.291
                      27:-0.094
                      29:-0.065
                      30:-0.930
                      32: 0.178
                      36: 0.063
 
 I=  9/2- (3)  3.460  25:-0.341
                      28: 0.464
                      29: 0.627
                      30:-0.079
                      35:-0.265
                      36:-0.402
                      38: 0.189
 
 I=  9/2- (4)  4.468  31: 0.240
                      33:-0.605
                      34: 0.648
                      37:-0.396
 
 I=  9/2- (5)  4.725  25:-0.186
                      26: 0.081
                      27:-0.082
                      29: 0.385
                      35: 0.719
                      36: 0.458
                      38: 0.269

             ENERGY    K= OMEGA
 
 I= 11/2- (1)  2.442  31:-0.689
                      33:-0.578
                      34:-0.390
                      37:-0.192
 
 I= 11/2- (2)  2.881  26: 0.110
                      27: 0.301
                      30:-0.258
                      32: 0.911
 
 I= 11/2- (3)  4.180  26: 0.342
                      27:-0.126
                      29:-0.068
                      30:-0.890
                      32:-0.251
                      36:-0.069
 
 I= 11/2- (4)  5.054  25: 0.063
                      28:-0.329
                      29: 0.547
                      35:-0.430
                      36: 0.630
 
 I= 11/2- (5)  5.184  25:-0.384
                      28:-0.608
                      29:-0.465
                      30: 0.094
                      35:-0.427
                      36:-0.155
                      38: 0.226

             ENERGY    K= OMEGA
 
 I= 13/2- (1)  4.129  26:-0.149
                      27: 0.350
                      30:-0.307
                      32:-0.872
 
 I= 13/2- (2)  4.666  31:-0.226
                      33: 0.584
                      34:-0.655
                      37: 0.423
 
 I= 13/2- (3)  5.330  25:-0.409
                      26: 0.089
                      28: 0.470
                      29: 0.606
                      30: 0.199
                      32:-0.051
                      35:-0.212
                      36:-0.329
                      38: 0.198
 
 I= 13/2- (4)  5.578  25:-0.100
                      26:-0.367
                      27:-0.149
                      28: 0.136
                      29: 0.119
                      30:-0.833
                      32: 0.301
                      35:-0.110
 
 I= 13/2- (5)  7.422  25: 0.198
                      26:-0.080
                      27: 0.085
                      28:-0.055
                      29:-0.271
                      30: 0.063
                      32: 0.053
                      35:-0.690
                      36:-0.543
                      38:-0.304

             ENERGY     K= 1/2
  32 LEVELS    TIME=  0.0 SEC



 ******************* EXCITATION ENERGIES, DOMINANT CONFIGURATION AND EXPECTATION VALUES (WITH S.P. UU+VV FACTORS) *******************

  NR  Eex(keV)  I   Kdom  NY    <Jz>  <Jx**2> <Jy**2> <Jz**2> <I.j>/|I|  <Rx**2> <Ry**2> <Rz**2> <R.j>/|R|  <HROTx> <HROTy> <HROTz>

   1    0.0   9/2-   9/2  32    3.81    2.58    2.58   19.51    4.38       2.92    2.92    0.00   -1.19      0.356   0.356   0.000
   2  270.4   7/2-  -7/2  30   -3.22    2.31    2.31   11.96    3.39       2.72    2.72   -0.00   -1.35      0.331   0.331  -0.000
   3  511.4   3/2-  -3/2  35   -1.07    2.26    2.26    1.82    1.55       2.04    2.04    0.00   -1.65      0.248   0.248   0.000
   4  589.7  11/2-   1/2  31   -0.01   25.65   25.65    2.27    6.59       5.25    5.25    0.00   -4.37      0.640   0.640   0.000
   5  599.5   5/2-  -3/2  29    0.28    3.66    3.66    3.21    2.48       2.30    2.30    0.00   -1.49      0.281   0.281   0.000
  
   6  743.4   3/2-  -3/2  29   -1.23    4.62    4.62    1.98    1.44       4.70    4.70   -0.00   -2.75      0.573   0.573  -0.000
   7  881.8   1/2-   1/2  28    0.50    4.61    4.61    0.25    0.37       4.79    4.79    0.00   -2.96      0.584   0.584   0.000
   8 1028.8  11/2-   9/2  32    3.22    2.83    2.83   18.82    3.92       6.70    6.70    0.00   -0.29      0.816   0.816   0.000
   9 1126.1   5/2-  -3/2  35   -1.25    2.24    2.24    2.30    1.08       4.57    4.57    0.00   -1.19      0.557   0.557   0.000
  10 1184.5   9/2-  -7/2  30   -2.70    2.44    2.44   11.91    2.95       6.12    6.12   -0.00   -0.61      0.746   0.746  -0.000
  
  11 1250.0   5/2-   5/2  36    1.38    2.85    2.85    3.93    1.65       4.32    4.32    0.00   -1.62      0.527   0.527   0.000
  12 1306.2   7/2-   5/2  36    0.55    2.92    2.92    3.93    1.91       5.17    5.17    0.00   -0.68      0.631   0.631   0.000
  13 1313.4   1/2-   1/2  38    0.50    1.44    1.44    0.25    0.71       1.33    1.33    0.00   -1.55      0.162   0.162   0.000
  14 1378.7   7/2-   1/2  31    0.01   24.99   24.99    1.77    6.32       8.66    8.66    0.00   -6.41      1.056   1.056   0.000
  15 1510.6   7/2-   1/2  28   -0.43    3.22    3.22    1.57    1.52       5.85    5.85    0.00   -0.58      0.714   0.714   0.000
  
  16 1607.6   9/2-  -3/2  29   -0.13    4.47    4.47    2.24    2.38       6.11    6.11    0.00    0.19      0.745   0.745   0.000
  17 2123.4   5/2-   1/2  38    0.27    1.97    1.97    0.63    0.39       5.50    5.50   -0.00   -1.03      0.671   0.671  -0.000
  18 2277.1  13/2-   9/2  32    2.72    3.04    3.04   18.19    3.59      11.42   11.42    0.00    0.17      1.393   1.393   0.000
  19 2311.1   5/2-   1/2  28   -0.06    3.75    3.75    1.08   -0.34       9.68    9.68   -0.00   -2.18      1.180   1.180  -0.000
  20 2328.2  11/2-  -7/2  30   -2.25    2.54    2.54   11.95    2.65      10.52   10.52   -0.00   -0.25      1.282   1.282  -0.000
  
  21 2367.7   7/2-  -3/2  29    0.19    3.51    3.51    3.00    0.68      10.19   10.19    0.00   -1.62      1.242   1.242   0.000
  22 2616.5   9/2-   5/2  34   -0.02   25.39   25.39    5.38    5.63      12.45   12.45    0.00   -5.64      1.518   1.518   0.000
  23 2814.4  13/2-   5/2  34   -0.04   25.36   25.36    5.65    5.65      13.09   13.09    0.00   -3.30      1.596   1.596   0.000
  24 2872.9   9/2-  -3/2  35   -0.43    2.17    2.17    3.00    1.04      10.88   10.88    0.00   -0.47      1.326   1.326   0.000
  25 3202.1  11/2-   5/2  36    0.32    3.15    3.15    3.69    1.63      13.13   13.13    0.00   -0.05      1.601   1.601   0.000
  
  26 3331.6  11/2-   1/2  28   -0.28    3.53    3.53    1.31    1.54      12.85   12.85    0.00    0.17      1.567   1.567   0.000
  27 3478.1  13/2-  -3/2  29   -0.25    4.71    4.71    2.33    2.42      13.35   13.35    0.00    1.00      1.628   1.628   0.000
  28 3726.2  13/2-  -7/2  30   -1.79    2.75    2.75   11.52    2.43      15.95   15.95   -0.00   -0.02      1.944   1.944  -0.000
  29 3745.6   1/2-   1/2  25    0.50    6.21    6.21    0.25    0.68       6.12    6.12   -0.00   -3.45      0.746   0.746  -0.000
  30 4477.9   1/2-   1/2  39    0.50   13.08   13.08    0.25   -2.06      15.36   15.36    0.00   -5.09      1.873   1.873   0.000
  
  31 5570.4  13/2-  -3/2  35   -0.03    2.08    2.08    3.35    0.94      21.58   21.58    0.00   -0.15      2.631   2.631   0.000
  32 7299.2   1/2-   1/2  31    0.50   25.87   25.87    0.25   -3.59      29.48   29.48    0.00   -7.18      3.594   3.594   0.000
