1SPECTRUM OF (Z= 82 A=207) IN PARTICLE-ROTOR  MODEL WITH MODIFIED OSCILLATOR POTENTIAL


 PARITY=-   EPS= 0.383   GAMMA=  0.0   EPS4=0.000   EPS6=0.000   LEVELS:  24  25  26  27  28  29  30  31  32  33  34  35  36  37  38

 PAIRING FACTORS: GN0= 19.20  GN1=  7.40  IPAIR= 15 ***  E2PLUS(INPUT)=   0.730  E2PLUR(INPUT)=   0.000

 CORIOLIS ATTENUATION PARAMETERS:  CHSI=1.000  ETA=  1.00

 MOMENT OF INERTIA PARAMETERS:   A1=  0.122 MEV   A2=  0.122 MEV   A3=121.91924 MEV


 DELTA=0.859 MEV  LAMBDA=53.4561 MEV   HW0= 7.5468 MEV   LAMBDA/HW0= 7.0833

 E2ENERGY=0.730 MEV  HBAR**2/B=27199./A**(7/3)=4597.9/A**2 MEV

 IREC=0  =>  RECOIL TERMS j+j-, j+j+, jzjz, ETC TREATED AS ONE-BODY OPERATORS WITH UU+VV PAIRING FACTORS



 S. P. LEVEL   EQP       U     V        (UU + VV)**1.00

     24       4.291    0.101 0.995      1.000 1.000 0.999 0.999 0.996 0.990 0.936 0.904 0.804 0.608 0.434 0.388 0.316 0.235 0.224
     25       3.952    0.109 0.994      1.000 1.000 0.999 0.999 0.996 0.991 0.939 0.908 0.809 0.615 0.442 0.396 0.324 0.244 0.232
     26       2.838    0.153 0.988      0.999 0.999 1.000 1.000 0.999 0.996 0.953 0.926 0.835 0.650 0.481 0.436 0.366 0.286 0.275
     27       2.837    0.153 0.988      0.999 0.999 1.000 1.000 0.999 0.996 0.953 0.926 0.835 0.650 0.481 0.436 0.366 0.286 0.275
     28       2.278    0.192 0.981      0.996 0.996 0.999 0.999 1.000 0.999 0.964 0.940 0.856 0.679 0.516 0.471 0.402 0.324 0.313
     29       1.852    0.239 0.971      0.990 0.991 0.996 0.996 0.999 1.000 0.976 0.955 0.879 0.713 0.556 0.513 0.446 0.369 0.358
     30       1.078    0.445 0.896      0.936 0.939 0.953 0.953 0.964 0.976 1.000 0.997 0.962 0.849 0.724 0.688 0.630 0.562 0.553
     31       0.972    0.516 0.857      0.904 0.908 0.926 0.926 0.940 0.955 0.997 1.000 0.981 0.889 0.778 0.745 0.691 0.628 0.619
     32       0.863    0.672 0.740      0.804 0.809 0.835 0.835 0.856 0.879 0.962 0.981 1.000 0.961 0.885 0.860 0.818 0.767 0.759
     33       0.961    0.851 0.526      0.608 0.615 0.650 0.650 0.679 0.713 0.849 0.889 0.961 1.000 0.979 0.967 0.945 0.914 0.910
     34       1.338    0.940 0.342      0.434 0.442 0.481 0.481 0.516 0.556 0.724 0.778 0.885 0.979 1.000 0.999 0.992 0.978 0.975
     35       1.532    0.956 0.293      0.388 0.396 0.436 0.436 0.471 0.513 0.688 0.745 0.860 0.967 0.999 1.000 0.997 0.987 0.985
     36       2.010    0.976 0.219      0.316 0.324 0.366 0.366 0.402 0.446 0.630 0.691 0.818 0.945 0.992 0.997 1.000 0.996 0.995
     37       3.185    0.991 0.136      0.235 0.244 0.286 0.286 0.324 0.369 0.562 0.628 0.767 0.914 0.978 0.987 0.996 1.000 1.000
     38       3.473    0.992 0.125      0.224 0.232 0.275 0.275 0.313 0.358 0.553 0.619 0.759 0.910 0.975 0.985 0.995 1.000 1.000

  R CORE   ENERGY   A0R/A00=1.000    R3= 0     2  
   2( 1)    0.732                    1.000 0.000
   2( 2)  487.921                    0.000 1.000

  R CORE   ENERGY   A0R/A00=1.000    R3= 0     2  
   3( 1)  488.652                    0.000 1.000

  R CORE   ENERGY   A0R/A00=1.000    R3= 0     2     4  
   4( 1)    2.438                    1.000 0.000 0.000

  R CORE   ENERGY   A0R/A00=1.000    R3= 0     2     4  
   5( 1)  490.847                    0.000 1.000 0.000

  R CORE   ENERGY   A0R/A00=1.000    R3= 0     2     4     6  
   6( 1)    5.121                    1.000 0.000 0.000 0.000

  R CORE   ENERGY   A0R/A00=1.000    R3= 0     2     4     6  
   7( 1)  494.017                    0.000 1.000 0.000 0.000

          AXIAL SYMMETRY => K RESTRICTED TO OMEGA

                     K
     S.P. ORB#: 24  0.50
     S.P. ORB#: 25 -5.50
     S.P. ORB#: 26  0.50
     S.P. ORB#: 27  2.50
     S.P. ORB#: 28 -3.50
     S.P. ORB#: 29 -1.50
     S.P. ORB#: 30  0.50
     S.P. ORB#: 31 -1.50
     S.P. ORB#: 32  2.50
     S.P. ORB#: 33 -3.50
     S.P. ORB#: 34  4.50
     S.P. ORB#: 35  0.50
     S.P. ORB#: 36 -3.50
     S.P. ORB#: 37 -1.50
     S.P. ORB#: 38  2.50
 

             ENERGY    K= OMEGA
 
 I=  1/2- (1)  2.369  30: 0.999
 
 I=  1/2- (2)  4.894  26:-0.254
                      35: 0.967
 
 I=  1/2- (3)  5.955  24: 0.999
 
 I=  1/2- (4)  9.148  26:-0.967
                      35:-0.254
 
 I=  1/2- (5)147.275  31: 1.000

             ENERGY    K= OMEGA
 
 I=  3/2- (1)  2.264  24:-0.066
                      30: 0.308
                      31:-0.949
 
 I=  3/2- (2)  2.459  24: 0.198
                      30: 0.916
                      31: 0.285
                      37: 0.201

             ENERGY    K= OMEGA
 
 I=  5/2- (1)  2.449  24:-0.254
                      30: 0.466
                      31: 0.820
                      37:-0.082
                      38:-0.194
 
 I=  5/2- (2)  3.349  24: 0.060
                      27: 0.060
                      30:-0.796
                      31: 0.471
                      37: 0.344
                      38:-0.136
 
 I=  5/2- (3)  4.164  24: 0.090
                      27:-0.138
                      30:-0.151
                      31:-0.127
                      37:-0.495
                      38:-0.830
 
 I=  5/2- (4)  4.609  27: 0.894
                      30: 0.140
                      31:-0.154
                      37: 0.257
                      38:-0.302
 
 I=  5/2- (5)  4.757  27:-0.421
                      30: 0.262
                      31:-0.164
                      37: 0.750
                      38:-0.404

             ENERGY    K= OMEGA
 
 I=  7/2- (1)  1.832  27:-0.158
                      33: 0.986
 
 I=  7/2- (2)  3.290  24: 0.135
                      30:-0.292
                      31: 0.884
                      37:-0.094
                      38: 0.322
 
 I=  7/2- (3)  3.450  24:-0.303
                      30:-0.868
                      31:-0.255
                      37:-0.294
 
 I=  7/2- (4)  4.027  26: 0.622
                      29: 0.588
                      32: 0.473
                      36: 0.209
 
 I=  7/2- (5)  4.167  27: 0.193
                      28: 0.974
                      38: 0.096

             ENERGY    K= OMEGA
 
 I=  9/2- (1)  2.264  27: 0.087
                      28:-0.163
                      33: 0.352
                      34: 0.918
 
 I=  9/2- (2)  2.890  27: 0.212
                      28: 0.099
                      31: 0.068
                      33: 0.902
                      34:-0.350
                      38:-0.059
 
 I=  9/2- (3)  3.553  24:-0.366
                      30: 0.503
                      31: 0.724
                      33:-0.088
                      37:-0.145
                      38:-0.245
 
 I=  9/2- (4)  4.736  26: 0.207
                      29:-0.551
                      32: 0.690
                      36:-0.420
 
 I=  9/2- (5)  5.231  24: 0.052
                      27: 0.125
                      28:-0.102
                      30:-0.685
                      31: 0.508
                      33:-0.057
                      37: 0.436
                      38:-0.224

             ENERGY    K= OMEGA
 
 I= 11/2- (1)  3.400  27: 0.137
                      28: 0.221
                      33:-0.441
                      34: 0.858
 
 I= 11/2- (2)  3.447  26:-0.618
                      29:-0.586
                      32:-0.464
                      35:-0.079
                      36:-0.230
 
 I= 11/2- (3)  4.173  27:-0.248
                      28: 0.148
                      31: 0.086
                      33: 0.843
                      34: 0.437
                      38: 0.078
 
 I= 11/2- (4)  5.219  24:-0.282
                      31:-0.869
                      33: 0.119
                      38:-0.384
 
 I= 11/2- (5)  5.296  25:-0.998

             ENERGY    K= OMEGA
 
 I= 13/2- (1)  4.766  27: 0.180
                      28:-0.259
                      33: 0.489
                      34: 0.811
 
 I= 13/2- (2)  5.271  26:-0.214
                      29: 0.559
                      32:-0.678
                      36: 0.425
 
 I= 13/2- (3)  5.479  24:-0.397
                      27: 0.117
                      28: 0.095
                      30: 0.456
                      31: 0.630
                      33: 0.283
                      34:-0.218
                      37:-0.143
                      38:-0.256
 
 I= 13/2- (4)  5.739  24:-0.180
                      27:-0.246
                      28:-0.162
                      30: 0.226
                      31: 0.246
                      33:-0.754
                      34: 0.435
                      37:-0.089
 
 I= 13/2- (5)  6.883  25:-0.998

             ENERGY     K= 5/2
  32 LEVELS    TIME=  0.0 SEC



 ******************* EXCITATION ENERGIES, DOMINANT CONFIGURATION AND EXPECTATION VALUES (WITH S.P. UU+VV FACTORS) *******************

  NR  Eex(keV)  I   Kdom  NY    <Jz>  <Jx**2> <Jy**2> <Jz**2> <I.j>/|I|  <Rx**2> <Ry**2> <Rz**2> <R.j>/|R|  <HROTx> <HROTy> <HROTz>

   1    0.0   7/2-  -7/2  33   -3.34    2.31    2.31   12.09    3.24       3.36    3.36    0.00   -1.48      0.410   0.410   0.000
   2  431.8   9/2-   9/2  34    3.28    2.50    2.50   18.94    4.12       3.84    3.84    0.00   -1.24      0.468   0.468   0.000
   3  431.9   3/2-  -3/2  31   -1.30    4.96    4.96    2.05    1.37       5.20    5.20    0.00   -2.89      0.634   0.634   0.000
   4  536.6   1/2-   1/2  30    0.50    4.97    4.97    0.25    0.24       5.26    5.26   -0.00   -3.08      0.642   0.642  -0.000
   5  616.3   5/2-  -3/2  31   -0.78    5.10    5.10    1.84    1.95       4.63    4.63    0.00   -2.06      0.564   0.564   0.000
  
   6  627.0   3/2-   1/2  30    0.26    4.64    4.64    0.49    0.99       4.83    4.83    0.00   -2.52      0.589   0.589   0.000
   7 1057.4   9/2-  -7/2  33   -2.22    2.38    2.38   12.88    2.80       7.28    7.28    0.00   -0.98      0.887   0.887   0.000
   8 1457.9   7/2-  -3/2  31   -0.88    4.72    4.72    2.48    1.45       8.07    8.07   -0.00   -1.53      0.984   0.984  -0.000
   9 1516.4   5/2-   1/2  30   -0.14    4.43    4.43    1.06    0.41       8.13    8.13    0.00   -2.16      0.991   0.991   0.000
  10 1567.8  11/2-   9/2  34    2.51    2.67    2.67   18.04    3.53       8.44    8.44    0.00   -0.55      1.029   1.029   0.000
  
  11 1614.3  11/2-   1/2  26    0.03   23.22   23.22    2.86    6.14       5.84    5.84    0.00   -3.69      0.712   0.712   0.000
  12 1617.5   7/2-   1/2  30    0.20    4.50    4.50    0.57    1.23       7.77    7.77    0.00   -1.19      0.948   0.948   0.000
  13 1721.0   9/2-  -3/2  31   -0.50    5.20    5.20    1.80    2.14       7.84    7.84    0.00   -0.40      0.956   0.956   0.000
  14 2195.0   7/2-   1/2  26    0.08   22.95   22.95    2.81    6.05       8.24    8.24   -0.00   -6.09      1.005   1.005  -0.000
  15 2331.5   5/2-   5/2  38    1.39    2.03    2.03    5.02    1.82       3.53    3.53   -0.00   -1.39      0.431   0.431  -0.000
  
  16 2334.3   7/2-  -7/2  28   -3.21    6.18    6.18   11.92    3.12       7.63    7.63    0.00   -3.04      0.930   0.930   0.001
  17 2340.8  11/2-  -7/2  33   -1.55    2.47    2.47   13.30    2.47      12.21   12.21   -0.00   -0.70      1.489   1.489  -0.000
  18 2776.8   5/2-   5/2  27    2.10    5.38    5.38    5.77    1.82       7.26    7.26    0.00   -2.93      0.885   0.885   0.000
  19 2904.2   9/2-   5/2  32    0.14   23.80   23.80    5.84    5.15      13.47   13.47   -0.00   -5.36      1.643   1.643  -0.000
  20 2924.4   5/2-  -3/2  37    0.00    2.97    2.97    3.47    0.59       7.34    7.34    0.00   -2.00      0.895   0.895   0.000
  
  21 2933.3  13/2-   9/2  34    1.96    2.82    2.82   17.32    3.14      13.95   13.95    0.00   -0.20      1.701   1.701   0.000
  22 3061.4   1/2-   1/2  35    0.50   12.15   12.15    0.25   -0.91      13.44   13.44    0.00   -4.89      1.639   1.639   0.000
  23 3387.1  11/2-  -3/2  31   -0.78    4.61    4.61    2.88    1.53      14.80   14.80   -0.00   -0.55      1.804   1.804  -0.000
  24 3398.7   9/2-   1/2  30   -0.32    4.07    4.07    1.71    0.50      14.81   14.81    0.00   -1.35      1.806   1.806   0.000
  25 3439.0  13/2-   5/2  32    0.07   23.79   23.79    5.80    5.08      15.59   15.59   -0.00   -3.21      1.900   1.900  -0.000
  
  26 3463.6  11/2- -11/2  25   -5.48    2.75    2.75   30.19    5.05       5.54    5.54    0.00   -1.66      0.675   0.675   0.000
  27 3646.2  13/2-  -3/2  31   -0.34    4.90    4.90    3.59    2.28      15.16   15.16    0.00    0.46      1.849   1.849   0.000
  28 3906.4  13/2-  -7/2  33   -1.14    2.97    2.97   11.73    2.16      18.11   18.11    0.00   -0.43      2.209   2.209   0.000
  29 4123.0   1/2-   1/2  24    0.50    6.91    6.91    0.25    0.64       6.86    6.86    0.00   -3.65      0.836   0.836   0.000
  30 5050.5  13/2- -11/2  25   -5.48    2.75    2.75   30.20    4.32      12.05   12.05    0.00   -1.13      1.469   1.469   0.000
  
  31 7316.1   1/2-   1/2  26    0.50   22.76   22.76    0.25   -3.42      26.23   26.23    0.00   -6.73      3.198   3.198   0.000
  32*******   1/2-  -3/2  31    0.00    0.00    0.00    0.00   -0.00       0.00    0.00    0.00   -0.00      0.000   0.000   0.000
