1SPECTRUM OF (Z= 82 A=207) IN PARTICLE-ROTOR  MODEL WITH MODIFIED OSCILLATOR POTENTIAL


 PARITY=-   EPS= 0.245   GAMMA=  0.0   EPS4=0.000   EPS6=0.000   LEVELS:  25  26  27  28  29  30  31  32  33  34  35  36  37  38  39

 PAIRING FACTORS: GN0= 19.20  GN1=  7.40  IPAIR= 15 ***  E2PLUS(INPUT)=   0.730  E2PLUR(INPUT)=   0.000

 CORIOLIS ATTENUATION PARAMETERS:  CHSI=1.000  ETA=  1.00

 MOMENT OF INERTIA PARAMETERS:   A1=  0.122 MEV   A2=  0.122 MEV   A3=121.91923 MEV


 DELTA=0.937 MEV  LAMBDA=53.4207 MEV   HW0= 7.4638 MEV   LAMBDA/HW0= 7.1574

 E2ENERGY=0.730 MEV  HBAR**2/B=11130./A**(7/3)=1881.5/A**2 MEV

 IREC=0  =>  RECOIL TERMS j+j-, j+j+, jzjz, ETC TREATED AS ONE-BODY OPERATORS WITH UU+VV PAIRING FACTORS



 S. P. LEVEL   EQP       U     V        (UU + VV)**1.00

     25       4.136    0.114 0.993      1.000 1.000 1.000 0.992 0.989 0.985 0.977 0.705 0.552 0.498 0.435 0.387 0.339 0.287 0.233
     26       3.906    0.121 0.993      1.000 1.000 1.000 0.993 0.990 0.986 0.978 0.709 0.558 0.504 0.441 0.393 0.345 0.294 0.240
     27       3.362    0.141 0.990      1.000 1.000 1.000 0.995 0.993 0.989 0.982 0.724 0.574 0.521 0.459 0.411 0.364 0.313 0.259
     28       2.019    0.239 0.971      0.992 0.993 0.995 1.000 1.000 0.999 0.996 0.789 0.653 0.604 0.546 0.500 0.455 0.407 0.355
     29       1.886    0.257 0.966      0.989 0.990 0.993 1.000 1.000 1.000 0.997 0.800 0.667 0.618 0.561 0.516 0.472 0.424 0.372
     30       1.724    0.283 0.959      0.985 0.986 0.989 0.999 1.000 1.000 0.999 0.816 0.687 0.640 0.583 0.540 0.496 0.448 0.397
     31       1.524    0.325 0.946      0.977 0.978 0.982 0.996 0.997 0.999 1.000 0.841 0.719 0.673 0.619 0.576 0.533 0.487 0.437
     32       0.964    0.785 0.619      0.705 0.709 0.724 0.789 0.800 0.816 0.841 1.000 0.981 0.966 0.945 0.927 0.906 0.882 0.854
     33       1.160    0.891 0.453      0.552 0.558 0.574 0.653 0.667 0.687 0.719 0.981 1.000 0.998 0.991 0.982 0.972 0.957 0.940
     34       1.290    0.918 0.395      0.498 0.504 0.521 0.604 0.618 0.640 0.673 0.966 0.998 1.000 0.997 0.992 0.985 0.974 0.960
     35       1.507    0.944 0.329      0.435 0.441 0.459 0.546 0.561 0.583 0.619 0.945 0.991 0.997 1.000 0.999 0.995 0.987 0.977
     36       1.750    0.960 0.279      0.387 0.393 0.411 0.500 0.516 0.540 0.576 0.927 0.982 0.992 0.999 1.000 0.999 0.994 0.987
     37       2.101    0.973 0.229      0.339 0.345 0.364 0.455 0.472 0.496 0.533 0.906 0.972 0.985 0.995 0.999 1.000 0.999 0.994
     38       2.700    0.984 0.176      0.287 0.294 0.313 0.407 0.424 0.448 0.487 0.882 0.957 0.974 0.987 0.994 0.999 1.000 0.998
     39       3.910    0.993 0.121      0.233 0.240 0.259 0.355 0.372 0.397 0.437 0.854 0.940 0.960 0.977 0.987 0.994 0.998 1.000

  R CORE   ENERGY   A0R/A00=1.000    R3= 0     2  
   2( 1)    0.732                    1.000 0.000
   2( 2)  487.921                    0.000 1.000

  R CORE   ENERGY   A0R/A00=1.000    R3= 0     2  
   3( 1)  488.652                    0.000 1.000

  R CORE   ENERGY   A0R/A00=1.000    R3= 0     2     4  
   4( 1)    2.438                    1.000 0.000 0.000

  R CORE   ENERGY   A0R/A00=1.000    R3= 0     2     4  
   5( 1)  490.847                    0.000 1.000 0.000

  R CORE   ENERGY   A0R/A00=1.000    R3= 0     2     4     6  
   6( 1)    5.121                    1.000 0.000 0.000 0.000

  R CORE   ENERGY   A0R/A00=1.000    R3= 0     2     4     6  
   7( 1)  494.017                    0.000 1.000 0.000 0.000

          AXIAL SYMMETRY => K RESTRICTED TO OMEGA

                     K
     S.P. ORB#: 25  0.50
     S.P. ORB#: 26  2.50
     S.P. ORB#: 27 -3.50
     S.P. ORB#: 28 -3.50
     S.P. ORB#: 29  0.50
     S.P. ORB#: 30 -1.50
     S.P. ORB#: 31  4.50
     S.P. ORB#: 32  0.50
     S.P. ORB#: 33 -1.50
     S.P. ORB#: 34 -1.50
     S.P. ORB#: 35  2.50
     S.P. ORB#: 36  2.50
     S.P. ORB#: 37  0.50
     S.P. ORB#: 38 -3.50
     S.P. ORB#: 39  4.50
 

             ENERGY    K= OMEGA
 
 I=  1/2- (1)  2.391  25:-0.054
                      37:-0.998
 
 I=  1/2- (2)  3.010  29: 0.998
 
 I=  1/2- (3)  5.494  25: 0.998
                      37:-0.056
 
 I=  1/2- (4)  8.441  32: 1.000
 
 I=  1/2- (5)147.463  33: 1.000

             ENERGY    K= OMEGA
 
 I=  3/2- (1)  1.803  25: 0.051
                      29: 0.206
                      30: 0.109
                      34: 0.969
                      37:-0.069
 
 I=  3/2- (2)  2.816  25: 0.119
                      30: 0.888
                      34:-0.133
                      37:-0.422

             ENERGY    K= OMEGA
 
 I=  5/2- (1)  1.977  25: 0.075
                      29:-0.178
                      30:-0.232
                      34: 0.480
                      35: 0.822
                      37:-0.052
 
 I=  5/2- (2)  2.468  29: 0.186
                      30:-0.231
                      34:-0.834
                      35: 0.456
                      37:-0.083
 
 I=  5/2- (3)  2.878  25:-0.188
                      29: 0.386
                      30: 0.537
                      35: 0.283
                      37: 0.668
 
 I=  5/2- (4)  3.372  25:-0.279
                      29: 0.277
                      30: 0.532
                      34: 0.064
                      35: 0.152
                      37:-0.732
 
 I=  5/2- (5)  4.313  25:-0.068
                      29: 0.810
                      30:-0.508
                      34: 0.259
                      35:-0.116

             ENERGY    K= OMEGA
 
 I=  7/2- (1)  2.622  28: 0.070
                      29:-0.218
                      30: 0.243
                      34:-0.546
                      35: 0.767
 
 I=  7/2- (2)  2.757  26: 0.232
                      27:-0.073
                      28:-0.954
                      29:-0.065
                      34:-0.152
 
 I=  7/2- (3)  3.124  25: 0.208
                      28:-0.166
                      29: 0.376
                      30: 0.382
                      34: 0.631
                      35: 0.456
                      37:-0.187
 
 I=  7/2- (4)  3.268  32: 0.740
                      33: 0.570
                      36: 0.333
                      38: 0.131
 
 I=  7/2- (5)  4.235  25: 0.200
                      27:-0.054
                      29:-0.101
                      30: 0.762
                      34:-0.248
                      35:-0.435
                      37:-0.340

             ENERGY    K= OMEGA
 
 I=  9/2- (1)  2.309  26:-0.069
                      27: 0.242
                      28:-0.178
                      31:-0.951
 
 I=  9/2- (2)  3.253  25: 0.245
                      29:-0.364
                      30:-0.462
                      34: 0.435
                      35: 0.611
                      37:-0.165
 
 I=  9/2- (3)  3.652  26:-0.313
                      27:-0.102
                      28:-0.916
                      31: 0.169
                      34:-0.138
 
 I=  9/2- (4)  4.293  25:-0.229
                      28:-0.107
                      29: 0.132
                      30: 0.483
                      34: 0.656
                      35: 0.185
                      37: 0.467
 
 I=  9/2- (5)  4.328  32:-0.223
                      33: 0.556
                      36:-0.622
                      38: 0.457
                      39:-0.213

             ENERGY    K= OMEGA
 
 I= 11/2- (1)  2.232  32:-0.676
                      33:-0.566
                      36:-0.400
                      38:-0.231
                      39:-0.097
 
 I= 11/2- (2)  3.296  26:-0.114
                      27:-0.323
                      28: 0.246
                      31:-0.905
 
 I= 11/2- (3)  4.579  29:-0.307
                      30: 0.317
                      31:-0.061
                      34:-0.569
                      35: 0.688
 
 I= 11/2- (4)  4.755  25: 0.096
                      26:-0.352
                      27: 0.131
                      28: 0.833
                      29: 0.138
                      30: 0.149
                      31: 0.225
                      34: 0.200
                      35: 0.140
                      37:-0.064
 
 I= 11/2- (5)  5.123  25:-0.327
                      26:-0.085
                      28: 0.312
                      29:-0.447
                      30:-0.466
                      31: 0.086
                      34:-0.427
                      35:-0.359
                      37: 0.228

             ENERGY    K= OMEGA
 
 I= 13/2- (1)  4.011  32:-0.193
                      33: 0.501
                      36:-0.610
                      38: 0.511
                      39:-0.282
 
 I= 13/2- (2)  4.502  26:-0.154
                      27: 0.372
                      28:-0.291
                      31:-0.864
                      35:-0.058
 
 I= 13/2- (3)  5.251  25:-0.368
                      29: 0.447
                      30: 0.540
                      31: 0.068
                      34:-0.344
                      35:-0.450
                      37: 0.210
 
 I= 13/2- (4)  6.138  26: 0.398
                      27: 0.162
                      28: 0.837
                      31:-0.288
                      34: 0.157
                      35:-0.058
 
 I= 13/2- (5)  6.893  25:-0.248
                      27:-0.055
                      28:-0.106
                      29: 0.154
                      30: 0.327
                      34: 0.595
                      35: 0.486
                      37: 0.449

             ENERGY     K= 9/2
  32 LEVELS    TIME=  0.0 SEC



 ******************* EXCITATION ENERGIES, DOMINANT CONFIGURATION AND EXPECTATION VALUES (WITH S.P. UU+VV FACTORS) *******************

  NR  Eex(keV)  I   Kdom  NY    <Jz>  <Jx**2> <Jy**2> <Jz**2> <I.j>/|I|  <Rx**2> <Ry**2> <Rz**2> <R.j>/|R|  <HROTx> <HROTy> <HROTz>

   1    0.0   3/2-  -3/2  34   -1.40    1.69    1.69    2.15    1.40       1.93    1.93   -0.00   -1.44      0.236   0.236  -0.000
   2  173.8   5/2-   5/2  35    1.28    2.07    2.07    4.87    2.34       1.97    1.97   -0.00   -1.06      0.240   0.240  -0.000
   3  428.7  11/2-   1/2  32    0.00   26.56   26.56    2.68    7.00       3.93    3.93    0.00   -4.97      0.480   0.480   0.000
   4  505.6   9/2-   9/2  31    3.76    2.61    2.61   19.44    4.43       2.66    2.66    0.00   -1.14      0.325   0.325   0.000
   5  588.1   1/2-   1/2  37    0.50    1.38    1.38    0.25    0.82       1.17    1.17    0.00   -1.50      0.142   0.142   0.000
  
   6  664.7   5/2-  -3/2  34   -0.58    1.69    1.69    3.01    1.06       4.42    4.42   -0.00   -1.09      0.539   0.539  -0.000
   7  818.9   7/2-   5/2  35    0.93    2.09    2.09    4.58    1.91       4.68    4.68   -0.00   -0.39      0.571   0.571  -0.000
   8  953.7   7/2-  -7/2  28   -3.10    2.32    2.32   11.61    3.37       2.65    2.65    0.00   -1.26      0.323   0.323   0.000
   9 1013.4   3/2-  -3/2  30   -1.11    3.94    3.94    1.86    1.37       4.09    4.09    0.00   -2.48      0.499   0.499   0.000
  10 1075.4   5/2-   1/2  37    0.08    3.27    3.27    1.31    1.56       3.67    3.67    0.00   -1.19      0.447   0.447   0.000
  
  11 1206.9   1/2-   1/2  29    0.50    4.36    4.36    0.25    0.31       4.59    4.59    0.00   -2.87      0.560   0.560   0.000
  12 1320.7   7/2-  -3/2  34   -0.28    2.23    2.23    2.92    1.40       6.02    6.02   -0.00   -0.53      0.734   0.734  -0.000
  13 1449.8   9/2-   5/2  35    0.43    3.27    3.27    3.35    2.24       6.20    6.20   -0.00    0.35      0.756   0.756  -0.000
  14 1465.0   7/2-   1/2  32    0.00   26.73   26.73    1.77    6.75       8.71    8.71    0.00   -6.82      1.062   1.062   0.000
  15 1492.7  11/2-   9/2  31    3.15    2.89    2.89   18.71    4.00       6.23    6.23    0.00   -0.17      0.759   0.759   0.000
  
  16 1568.8   5/2-   1/2  37   -0.03    2.51    2.51    0.96    0.75       5.14    5.14    0.00   -1.17      0.626   0.626   0.000
  17 1849.3   9/2-  -7/2  28   -2.63    2.46    2.46   11.66    2.95       6.00    6.00    0.00   -0.55      0.732   0.732   0.000
  18 2207.6  13/2-   5/2  36    0.02   25.47   25.47    7.70    6.51       8.28    8.28    0.00   -3.25      1.009   1.009   0.000
  19 2431.7   7/2-  -3/2  30   -0.42    3.70    3.70    2.71    0.75       9.97    9.97    0.00   -1.60      1.216   1.216   0.000
  20 2489.8   9/2-  -3/2  34   -0.81    2.38    2.38    1.94    1.07      10.43   10.43   -0.00   -0.31      1.272   1.272  -0.000
  
  21 2510.1   5/2-   1/2  29   -0.12    4.31    4.31    0.98   -0.37      10.26   10.26    0.00   -2.36      1.251   1.251   0.000
  22 2525.4   9/2-   5/2  36    0.00   25.80   25.80    6.60    6.27      10.27   10.27    0.00   -5.96      1.252   1.252   0.000
  23 2699.3  13/2-   9/2  31    2.64    3.13    3.13   18.02    3.69      10.76   10.76    0.00    0.32      1.312   1.312   0.000
  24 2776.3  11/2-   5/2  35    0.60    2.37    2.37    4.05    1.61      12.63   12.63    0.00    0.17      1.540   1.540   0.000
  25 2952.3  11/2-  -7/2  28   -1.98    2.58    2.58   10.78    2.59      10.39   10.39    0.00   -0.10      1.266   1.266   0.000
  
  26 3320.3  11/2-  -3/2  30   -0.39    2.85    2.85    3.19    1.57      12.93   12.93    0.00    0.10      1.576   1.576   0.000
  27 3447.9  13/2-  -3/2  30    0.09    4.14    4.14    2.41    2.35      13.31   13.31   -0.00    1.11      1.623   1.623  -0.000
  28 3691.1   1/2-   1/2  25    0.50    5.71    5.71    0.25    0.70       5.61    5.61    0.00   -3.30      0.684   0.684   0.000
  29 4334.9  13/2-  -7/2  28   -1.81    2.65    2.65   11.65    2.44      15.78   15.78    0.00    0.02      1.923   1.923   0.000
  30 5090.3  13/2-  -3/2  34   -0.00    2.27    2.27    2.79    1.00      21.07   21.07   -0.00   -0.05      2.568   2.568  -0.000
  
  31 6638.1   1/2-   1/2  32    0.50   26.79   26.79    0.25   -3.89      30.66   30.66    0.00   -7.31      3.739   3.739   0.000
  32*******   1/2-  -3/2  33    0.00    0.00    0.00    0.00   -0.00       0.00    0.00    0.00   -0.00      0.000   0.000   0.000
