1SPECTRUM OF (Z= 82 A=207) IN PARTICLE-ROTOR  MODEL WITH MODIFIED OSCILLATOR POTENTIAL


 PARITY=-   EPS= 0.290   GAMMA=  0.0   EPS4=0.000   EPS6=0.000   LEVELS:  26  27  28  29  30  31  32  33  34  35  36  37  38  39  40

 PAIRING FACTORS: GN0= 19.20  GN1=  7.40  IPAIR= 15 ***  E2PLUS(INPUT)=   0.730  E2PLUR(INPUT)=   0.000

 CORIOLIS ATTENUATION PARAMETERS:  CHSI=1.000  ETA=  1.00

 MOMENT OF INERTIA PARAMETERS:   A1=  0.122 MEV   A2=  0.122 MEV   A3=121.91925 MEV


 DELTA=0.951 MEV  LAMBDA=53.2950 MEV   HW0= 7.4861 MEV   LAMBDA/HW0= 7.1192

 E2ENERGY=0.730 MEV  HBAR**2/B=15594./A**(7/3)=2636.1/A**2 MEV

 IREC=0  =>  RECOIL TERMS j+j-, j+j+, jzjz, ETC TREATED AS ONE-BODY OPERATORS WITH UU+VV PAIRING FACTORS



 S. P. LEVEL   EQP       U     V        (UU + VV)**1.00

     26       3.474    0.138 0.990      1.000 1.000 0.982 0.973 0.969 0.925 0.897 0.771 0.474 0.385 0.354 0.320 0.304 0.275 0.254
     27       2.921    0.165 0.986      1.000 1.000 0.987 0.979 0.975 0.935 0.909 0.788 0.498 0.409 0.379 0.346 0.330 0.301 0.280
     28       1.552    0.324 0.946      0.982 0.987 1.000 0.999 0.998 0.980 0.965 0.878 0.633 0.553 0.525 0.495 0.480 0.452 0.433
     29       1.404    0.364 0.932      0.973 0.979 0.999 1.000 1.000 0.988 0.975 0.897 0.665 0.588 0.561 0.531 0.516 0.490 0.471
     30       1.357    0.379 0.926      0.969 0.975 0.998 1.000 1.000 0.990 0.978 0.904 0.677 0.601 0.574 0.544 0.530 0.504 0.485
     31       1.092    0.504 0.863      0.925 0.935 0.980 0.988 0.990 1.000 0.998 0.955 0.773 0.707 0.683 0.656 0.644 0.620 0.602
     32       1.023    0.562 0.827      0.897 0.909 0.965 0.975 0.978 0.998 1.000 0.973 0.815 0.753 0.731 0.706 0.694 0.672 0.655
     33       0.955    0.738 0.675      0.771 0.788 0.878 0.897 0.904 0.955 0.973 1.000 0.927 0.885 0.869 0.851 0.842 0.824 0.812
     34       1.458    0.938 0.348      0.474 0.498 0.633 0.665 0.677 0.773 0.815 0.927 1.000 0.995 0.991 0.986 0.983 0.977 0.972
     35       1.942    0.967 0.253      0.385 0.409 0.553 0.588 0.601 0.707 0.753 0.885 0.995 1.000 0.999 0.998 0.996 0.993 0.990
     36       2.204    0.975 0.221      0.354 0.379 0.525 0.561 0.574 0.683 0.731 0.869 0.991 0.999 1.000 0.999 0.999 0.996 0.994
     37       2.599    0.982 0.186      0.320 0.346 0.495 0.531 0.544 0.656 0.706 0.851 0.986 0.998 0.999 1.000 1.000 0.999 0.998
     38       2.845    0.986 0.170      0.304 0.330 0.480 0.516 0.530 0.644 0.694 0.842 0.983 0.996 0.999 1.000 1.000 1.000 0.999
     39       3.456    0.990 0.139      0.275 0.301 0.452 0.490 0.504 0.620 0.672 0.824 0.977 0.993 0.996 0.999 1.000 1.000 1.000
     40       4.078    0.993 0.117      0.254 0.280 0.433 0.471 0.485 0.602 0.655 0.812 0.972 0.990 0.994 0.998 0.999 1.000 1.000

  R CORE   ENERGY   A0R/A00=1.000    R3= 0     2  
   2( 1)    0.732                    1.000 0.000
   2( 2)  487.921                    0.000 1.000

  R CORE   ENERGY   A0R/A00=1.000    R3= 0     2  
   3( 1)  488.652                    0.000 1.000

  R CORE   ENERGY   A0R/A00=1.000    R3= 0     2     4  
   4( 1)    2.438                    1.000 0.000 0.000

  R CORE   ENERGY   A0R/A00=1.000    R3= 0     2     4  
   5( 1)  490.847                    0.000 1.000 0.000

  R CORE   ENERGY   A0R/A00=1.000    R3= 0     2     4     6  
   6( 1)    5.121                    1.000 0.000 0.000 0.000

  R CORE   ENERGY   A0R/A00=1.000    R3= 0     2     4     6  
   7( 1)  494.017                    0.000 1.000 0.000 0.000

          AXIAL SYMMETRY => K RESTRICTED TO OMEGA

                     K
     S.P. ORB#: 26  2.50
     S.P. ORB#: 27 -3.50
     S.P. ORB#: 28  0.50
     S.P. ORB#: 29 -1.50
     S.P. ORB#: 30 -3.50
     S.P. ORB#: 31  0.50
     S.P. ORB#: 32  4.50
     S.P. ORB#: 33 -1.50
     S.P. ORB#: 34  2.50
     S.P. ORB#: 35 -1.50
     S.P. ORB#: 36  2.50
     S.P. ORB#: 37 -3.50
     S.P. ORB#: 38  0.50
     S.P. ORB#: 39  0.50
     S.P. ORB#: 40  4.50
 

             ENERGY    K= OMEGA
 
 I=  1/2- (1)  2.738  28: 0.995
                      38: 0.102
 
 I=  1/2- (2)  3.176  28: 0.102
                      38:-0.995
 
 I=  1/2- (3)  6.330  31: 0.607
                      39:-0.795
 
 I=  1/2- (4)  9.151  31:-0.795
                      39:-0.607
 
 I=  1/2- (5)147.258  33: 1.000

             ENERGY    K= OMEGA
 
 I=  3/2- (1)  2.413  28: 0.366
                      29: 0.179
                      35: 0.906
                      38:-0.112
 
 I=  3/2- (2)  2.606  28:-0.387
                      29: 0.920

             ENERGY    K= OMEGA
 
 I=  5/2- (1)  2.582  28: 0.286
                      29: 0.467
                      35:-0.394
                      36:-0.727
                      38: 0.127
 
 I=  5/2- (2)  3.012  26:-0.057
                      28: 0.220
                      29:-0.473
                      35:-0.815
                      36: 0.200
                      38:-0.144
 
 I=  5/2- (3)  3.236  28:-0.499
                      29:-0.494
                      35: 0.065
                      36:-0.611
                      38:-0.359
 
 I=  5/2- (4)  4.030  28: 0.309
                      29:-0.540
                      35: 0.217
                      36:-0.216
                      38: 0.720
 
 I=  5/2- (5)  4.221  28:-0.724
                      29: 0.151
                      35:-0.355
                      36: 0.102
                      38: 0.562

             ENERGY    K= OMEGA
 
 I=  7/2- (1)  2.122  26:-0.212
                      27: 0.062
                      30: 0.974
 
 I=  7/2- (2)  3.160  28: 0.358
                      29:-0.457
                      35: 0.465
                      36:-0.666
 
 I=  7/2- (3)  3.230  31:-0.740
                      33:-0.569
                      34:-0.332
                      37:-0.131
 
 I=  7/2- (4)  3.724  26: 0.052
                      28:-0.402
                      29:-0.460
                      35:-0.659
                      36:-0.365
                      38: 0.233
 
 I=  7/2- (5)  4.220  26: 0.067
                      27: 0.135
                      28: 0.536
                      29:-0.596
                      35:-0.206
                      36: 0.541

             ENERGY    K= OMEGA
 
 I=  9/2- (1)  1.852  26: 0.065
                      27:-0.224
                      30: 0.186
                      32: 0.955
 
 I=  9/2- (2)  3.038  26: 0.291
                      27: 0.093
                      30: 0.933
                      32:-0.179
 
 I=  9/2- (3)  3.944  28:-0.367
                      29:-0.526
                      35: 0.409
                      36: 0.610
                      38:-0.211
 
 I=  9/2- (4)  4.267  31:-0.215
                      33: 0.554
                      34:-0.628
                      37: 0.458
                      40:-0.205
 
 I=  9/2- (5)  4.844  26: 0.074
                      28:-0.177
                      29: 0.510
                      30:-0.068
                      35: 0.772
                      36:-0.080
                      38: 0.307

             ENERGY    K= OMEGA
 
 I= 11/2- (1)  2.372  31:-0.667
                      33:-0.568
                      34:-0.405
                      37:-0.238
                      40:-0.099
 
 I= 11/2- (2)  2.881  26:-0.110
                      27:-0.301
                      30: 0.258
                      32:-0.911
 
 I= 11/2- (3)  4.183  26:-0.342
                      27: 0.126
                      30: 0.893
                      32: 0.251
                      36: 0.063
 
 I= 11/2- (4)  5.057  28:-0.413
                      29: 0.475
                      35:-0.483
                      36: 0.604
 
 I= 11/2- (5)  5.751  31: 0.496
                      33: 0.063
                      34:-0.433
                      37:-0.616
                      39:-0.077
                      40:-0.421

             ENERGY    K= OMEGA
 
 I= 13/2- (1)  4.083  31:-0.183
                      33: 0.492
                      34:-0.613
                      37: 0.519
                      40:-0.282
 
 I= 13/2- (2)  4.129  26: 0.149
                      27:-0.350
                      30: 0.307
                      32: 0.872
 
 I= 13/2- (3)  5.561  26: 0.376
                      27: 0.157
                      29: 0.069
                      30: 0.855
                      32:-0.301
                      36:-0.081
 
 I= 13/2- (4)  6.292  28:-0.403
                      29:-0.537
                      30: 0.055
                      32:-0.059
                      35: 0.405
                      36: 0.554
                      38:-0.263
 
 I= 13/2- (5)  7.611  26: 0.070
                      27:-0.050
                      28:-0.084
                      29: 0.466
                      30:-0.094
                      35: 0.721
                      36: 0.091
                      38: 0.481

             ENERGY     K= 9/2
  32 LEVELS    TIME=  0.0 SEC



 ******************* EXCITATION ENERGIES, DOMINANT CONFIGURATION AND EXPECTATION VALUES (WITH S.P. UU+VV FACTORS) *******************

  NR  Eex(keV)  I   Kdom  NY    <Jz>  <Jx**2> <Jy**2> <Jz**2> <I.j>/|I|  <Rx**2> <Ry**2> <Rz**2> <R.j>/|R|  <HROTx> <HROTy> <HROTz>

   1    0.0   9/2-   9/2  32    3.81    2.58    2.58   19.51    4.38       2.92    2.92    0.00   -1.19      0.356   0.356   0.000
   2  270.5   7/2-  -7/2  30   -3.22    2.31    2.31   11.97    3.39       2.72    2.72   -0.00   -1.35      0.332   0.332  -0.000
   3  520.4  11/2-   1/2  31   -0.01   25.57   25.57    2.76    6.71       4.70    4.70    0.00   -4.49      0.572   0.572   0.000
   4  561.4   3/2-  -3/2  35   -1.21    2.02    2.02    1.96    1.40       2.17    2.17    0.00   -1.58      0.265   0.265   0.000
   5  730.1   5/2-   5/2  36    0.81    2.74    2.74    4.17    2.23       2.61    2.61    0.00   -1.34      0.318   0.318   0.000
  
   6  754.1   3/2-  -3/2  29   -1.20    4.55    4.55    1.95    1.33       4.82    4.82   -0.00   -2.73      0.588   0.588  -0.000
   7  885.6   1/2-   1/2  28    0.50    4.55    4.55    0.25    0.28       4.81    4.81    0.00   -2.94      0.586   0.586   0.000
   8 1028.8  11/2-   9/2  32    3.22    2.83    2.83   18.82    3.92       6.70    6.70    0.00   -0.29      0.816   0.816   0.000
   9 1160.0   5/2-  -3/2  35   -1.19    2.14    2.14    2.28    0.96       4.82    4.82    0.00   -1.20      0.588   0.588   0.000
  10 1186.0   9/2-  -7/2  30   -2.72    2.43    2.43   11.96    2.95       6.14    6.14   -0.00   -0.62      0.748   0.748  -0.000
  
  11 1307.9   7/2-   5/2  36    0.53    2.87    2.87    3.79    1.88       5.17    5.17    0.00   -0.64      0.631   0.631   0.000
  12 1324.3   1/2-   1/2  38    0.50    1.50    1.50    0.25    0.67       1.41    1.41    0.00   -1.58      0.172   0.172   0.000
  13 1378.5   7/2-   1/2  31    0.01   24.99   24.99    1.77    6.32       8.66    8.66    0.00   -6.41      1.056   1.056   0.000
  14 1383.9   5/2-   5/2  36    0.75    3.19    3.19    2.99    1.25       5.36    5.36    0.00   -1.73      0.654   0.654   0.000
  15 1872.5   7/2-  -3/2  35   -0.53    2.46    2.46    2.38    0.97       7.68    7.68    0.00   -0.88      0.936   0.936   0.000
  
  16 2092.3   9/2-   5/2  36    0.35    3.11    3.11    3.43    1.76       8.47    8.47    0.00   -0.22      1.032   1.032   0.000
  17 2178.1   5/2-   1/2  38   -0.08    2.90    2.90    1.21    0.17       7.39    7.39    0.00   -1.70      0.901   0.901   0.000
  18 2231.2  13/2-   5/2  34    0.01   24.80   24.80    7.81    6.28       9.20    9.20    0.00   -3.15      1.121   1.121   0.000
  19 2277.1  13/2-   9/2  32    2.72    3.04    3.04   18.19    3.59      11.42   11.42    0.00    0.17      1.393   1.393   0.000
  20 2330.6  11/2-  -7/2  30   -2.26    2.53    2.53   12.00    2.65      10.54   10.54   -0.00   -0.26      1.285   1.285  -0.000
  
  21 2367.9   7/2-  -3/2  29    0.23    3.52    3.52    3.05    0.69      10.17   10.17    0.00   -1.63      1.240   1.240   0.000
  22 2369.1   5/2-   1/2  28    0.23    3.07    3.07    0.62   -0.44       9.05    9.05    0.00   -1.89      1.103   1.103   0.000
  23 2414.8   9/2-   5/2  34    0.00   25.08   25.08    6.59    6.02      10.78   10.78    0.00   -5.77      1.315   1.315   0.000
  24 2992.2   9/2-  -3/2  35   -1.21    2.17    2.17    2.10    0.69      12.14   12.14    0.00   -0.61      1.481   1.481   0.000
  25 3205.1  11/2-   5/2  36    0.31    3.06    3.06    3.43    1.59      13.15   13.15    0.00   -0.01      1.603   1.603   0.000
  
  26 3708.6  13/2-  -7/2  30   -1.88    2.62    2.62   12.03    2.44      15.95   15.95   -0.00   -0.04      1.945   1.945  -0.000
  27 3899.3  11/2-  -7/2  37    0.06   23.48   23.48    9.48    5.32      14.26   14.26    0.00   -4.61      1.738   1.738   0.000
  28 4440.5  13/2-   5/2  36    0.21    3.23    3.23    3.12    1.58      18.16   18.16   -0.00    0.24      2.214   2.214  -0.000
  29 4477.9   1/2-   1/2  39    0.50   13.08   13.08    0.25   -2.06      15.36   15.36    0.00   -5.09      1.873   1.873   0.000
  30 5759.3  13/2-  -3/2  35   -0.99    2.01    2.01    1.95    0.64      22.86   22.86    0.00   -0.22      2.787   2.787   0.000
  
  31 7299.1   1/2-   1/2  31    0.50   25.87   25.87    0.25   -3.59      29.48   29.48    0.00   -7.18      3.594   3.594   0.000
  32*******   1/2-  -3/2  33    0.00    0.00    0.00    0.00   -0.00       0.00    0.00   -0.00   -0.00      0.000   0.000  -0.000
