1SPECTRUM OF (Z= 82 A=207) IN PARTICLE-ROTOR  MODEL WITH MODIFIED OSCILLATOR POTENTIAL


 PARITY=-   EPS= 0.258   GAMMA=  0.0   EPS4=0.000   EPS6=0.000   LEVELS:  26  27  28  29  30  31  32  33  34  35  36  37  38  39  40

 PAIRING FACTORS: GN0= 19.20  GN1=  7.40  IPAIR= 15 ***  E2PLUS(INPUT)=   0.730  E2PLUR(INPUT)=   0.000

 CORIOLIS ATTENUATION PARAMETERS:  CHSI=1.000  ETA=  1.00

 MOMENT OF INERTIA PARAMETERS:   A1=  0.122 MEV   A2=  0.122 MEV   A3=121.91922 MEV


 DELTA=0.940 MEV  LAMBDA=53.3752 MEV   HW0= 7.4698 MEV   LAMBDA/HW0= 7.1455

 E2ENERGY=0.730 MEV  HBAR**2/B=12342./A**(7/3)=2086.4/A**2 MEV

 IREC=0  =>  RECOIL TERMS j+j-, j+j+, jzjz, ETC TREATED AS ONE-BODY OPERATORS WITH UU+VV PAIRING FACTORS



 S. P. LEVEL   EQP       U     V        (UU + VV)**1.00

     26       3.776    0.125 0.992      1.000 1.000 0.989 0.988 0.983 0.966 0.783 0.611 0.456 0.412 0.406 0.328 0.300 0.243 0.242
     27       3.228    0.147 0.989      1.000 1.000 0.992 0.992 0.987 0.971 0.797 0.628 0.476 0.432 0.426 0.349 0.321 0.264 0.264
     28       1.809    0.270 0.963      0.989 0.992 1.000 1.000 0.999 0.993 0.866 0.721 0.582 0.541 0.536 0.464 0.437 0.383 0.382
     29       1.782    0.274 0.962      0.988 0.992 1.000 1.000 1.000 0.994 0.869 0.724 0.586 0.545 0.540 0.468 0.441 0.387 0.387
     30       1.623    0.304 0.953      0.983 0.987 0.999 1.000 1.000 0.997 0.884 0.745 0.611 0.571 0.566 0.495 0.469 0.415 0.415
     31       1.342    0.378 0.926      0.966 0.971 0.993 0.994 0.997 1.000 0.918 0.795 0.671 0.634 0.629 0.562 0.537 0.486 0.486
     32       0.940    0.715 0.699      0.783 0.797 0.866 0.869 0.884 0.918 1.000 0.971 0.910 0.889 0.886 0.844 0.828 0.793 0.793
     33       1.075    0.862 0.507      0.611 0.628 0.721 0.724 0.745 0.795 0.971 1.000 0.983 0.973 0.972 0.948 0.939 0.916 0.916
     34       1.466    0.940 0.341      0.456 0.476 0.582 0.586 0.611 0.671 0.910 0.983 1.000 0.999 0.998 0.990 0.986 0.974 0.974
     35       1.670    0.956 0.294      0.412 0.432 0.541 0.545 0.571 0.634 0.889 0.973 0.999 1.000 1.000 0.996 0.993 0.984 0.984
     36       1.702    0.958 0.288      0.406 0.426 0.536 0.540 0.566 0.629 0.886 0.972 0.998 1.000 1.000 0.997 0.994 0.985 0.985
     37       2.316    0.978 0.207      0.328 0.349 0.464 0.468 0.495 0.562 0.844 0.948 0.990 0.996 0.997 1.000 1.000 0.996 0.996
     38       2.677    0.984 0.178      0.300 0.321 0.437 0.441 0.469 0.537 0.828 0.939 0.986 0.993 0.994 1.000 1.000 0.998 0.998
     39       3.964    0.993 0.119      0.243 0.264 0.383 0.387 0.415 0.486 0.793 0.916 0.974 0.984 0.985 0.996 0.998 1.000 1.000
     40       3.985    0.993 0.119      0.242 0.264 0.382 0.387 0.415 0.486 0.793 0.916 0.974 0.984 0.985 0.996 0.998 1.000 1.000

  R CORE   ENERGY   A0R/A00=1.000    R3= 0     2  
   2( 1)    0.732                    1.000 0.000
   2( 2)  487.921                    0.000 1.000

  R CORE   ENERGY   A0R/A00=1.000    R3= 0     2  
   3( 1)  488.652                    0.000 1.000

  R CORE   ENERGY   A0R/A00=1.000    R3= 0     2     4  
   4( 1)    2.438                    1.000 0.000 0.000

  R CORE   ENERGY   A0R/A00=1.000    R3= 0     2     4  
   5( 1)  490.847                    0.000 1.000 0.000

  R CORE   ENERGY   A0R/A00=1.000    R3= 0     2     4     6  
   6( 1)    5.121                    1.000 0.000 0.000 0.000

  R CORE   ENERGY   A0R/A00=1.000    R3= 0     2     4     6  
   7( 1)  494.017                    0.000 1.000 0.000 0.000

          AXIAL SYMMETRY => K RESTRICTED TO OMEGA

                     K
     S.P. ORB#: 26  2.50
     S.P. ORB#: 27 -3.50
     S.P. ORB#: 28 -3.50
     S.P. ORB#: 29  0.50
     S.P. ORB#: 30 -1.50
     S.P. ORB#: 31  4.50
     S.P. ORB#: 32  0.50
     S.P. ORB#: 33 -1.50
     S.P. ORB#: 34 -1.50
     S.P. ORB#: 35  2.50
     S.P. ORB#: 36  2.50
     S.P. ORB#: 37  0.50
     S.P. ORB#: 38 -3.50
     S.P. ORB#: 39  4.50
     S.P. ORB#: 40  0.50
 

             ENERGY    K= OMEGA
 
 I=  1/2- (1)  2.621  29:-0.113
                      37:-0.994
 
 I=  1/2- (2)  2.931  29: 0.994
                      37:-0.113
 
 I=  1/2- (3)  6.530  32: 0.679
                      40:-0.734
 
 I=  1/2- (4)  9.792  32:-0.734
                      40:-0.679
 
 I=  1/2- (5)147.378  33: 1.000

             ENERGY    K= OMEGA
 
 I=  3/2- (1)  1.986  29:-0.209
                      30:-0.102
                      34:-0.970
                      37: 0.075
 
 I=  3/2- (2)  2.779  29:-0.339
                      30: 0.932
                      37:-0.126
 
 I=  3/2- (3)  3.083  29: 0.628
                      30: 0.120
                      34:-0.205
                      37:-0.741
 
 I=  3/2- (4)  3.628  29: 0.669
                      30: 0.327
                      34:-0.128
                      37: 0.655
 
 I=  3/2- (5)  4.748  32:-0.826
                      33:-0.358
                      40: 0.436

             ENERGY    K= OMEGA
 
 I=  5/2- (1)  2.180  29: 0.172
                      30: 0.229
                      34:-0.489
                      36:-0.822
                      37: 0.059
 
 I=  5/2- (2)  2.637  29: 0.203
                      30:-0.262
                      34:-0.822
                      36: 0.452
                      37:-0.092
 
 I=  5/2- (3)  3.079  29: 0.376
                      30: 0.525
                      36: 0.277
                      37: 0.711
 
 I=  5/2- (4)  3.722  29: 0.235
                      30: 0.667
                      36: 0.175
                      37:-0.685
 
 I=  5/2- (5)  4.261  29:-0.856
                      30: 0.398
                      34:-0.288
                      36: 0.112
                      37: 0.115

             ENERGY    K= OMEGA
 
 I=  7/2- (1)  2.557  26:-0.223
                      27: 0.073
                      28: 0.968
                      36: 0.076
 
 I=  7/2- (2)  2.797  29:-0.246
                      30: 0.283
                      34:-0.544
                      36: 0.747
 
 I=  7/2- (3)  3.194  32: 0.749
                      33: 0.559
                      35: 0.324
                      38: 0.126
                      40:-0.079
 
 I=  7/2- (4)  3.430  28:-0.080
                      29: 0.302
                      30: 0.330
                      34: 0.713
                      36: 0.495
                      37:-0.195
 
 I=  7/2- (5)  4.241  27:-0.068
                      29:-0.520
                      30: 0.754
                      34: 0.107
                      36:-0.371
                      37:-0.076

             ENERGY    K= OMEGA
 
 I=  9/2- (1)  2.137  26:-0.066
                      27: 0.238
                      28:-0.177
                      31:-0.953
 
 I=  9/2- (2)  3.455  26: 0.302
                      27: 0.103
                      28: 0.923
                      30: 0.066
                      31:-0.165
                      36:-0.116
 
 I=  9/2- (3)  3.632  26: 0.057
                      28: 0.083
                      29:-0.288
                      30:-0.365
                      34: 0.516
                      36: 0.693
                      37:-0.156
 
 I=  9/2- (4)  4.286  32:-0.222
                      33: 0.559
                      35:-0.624
                      38: 0.454
                      39:-0.208
 
 I=  9/2- (5)  4.535  28:-0.104
                      29:-0.139
                      30: 0.439
                      34: 0.749
                      36:-0.292
                      37: 0.360

             ENERGY    K= OMEGA
 
 I= 11/2- (1)  2.231  32: 0.673
                      33: 0.568
                      35: 0.401
                      38: 0.231
                      39: 0.096
 
 I= 11/2- (2)  3.134  26: 0.111
                      27: 0.318
                      28:-0.245
                      31: 0.908
 
 I= 11/2- (3)  4.585  26:-0.354
                      27: 0.133
                      28: 0.884
                      30: 0.075
                      31: 0.232
                      36: 0.121
 
 I= 11/2- (4)  4.743  26:-0.061
                      28: 0.056
                      29: 0.327
                      30:-0.353
                      31: 0.070
                      34: 0.557
                      36:-0.667
 
 I= 11/2- (5)  5.744  28: 0.129
                      29:-0.360
                      30:-0.403
                      34:-0.622
                      36:-0.478
                      37: 0.272

             ENERGY    K= OMEGA
 
 I= 13/2- (1)  4.002  32: 0.190
                      33:-0.501
                      35: 0.611
                      38:-0.510
                      39: 0.279
 
 I= 13/2- (2)  4.351  26:-0.150
                      27: 0.367
                      28:-0.291
                      31:-0.869
 
 I= 13/2- (3)  5.944  26: 0.364
                      27: 0.159
                      28: 0.812
                      29: 0.088
                      30: 0.182
                      31:-0.252
                      34:-0.062
                      36:-0.259
                      37: 0.084
 
 I= 13/2- (4)  6.022  26: 0.148
                      28: 0.251
                      29:-0.339
                      30:-0.394
                      31:-0.148
                      34: 0.496
                      36: 0.575
                      37:-0.213
 
 I= 13/2- (5)  7.278  28:-0.107
                      30: 0.424
                      34: 0.609
                      36: 0.066
                      37: 0.657

             ENERGY     K= 1/2
  35 LEVELS    TIME=  0.0 SEC



 ******************* EXCITATION ENERGIES, DOMINANT CONFIGURATION AND EXPECTATION VALUES (WITH S.P. UU+VV FACTORS) *******************

  NR  Eex(keV)  I   Kdom  NY    <Jz>  <Jx**2> <Jy**2> <Jz**2> <I.j>/|I|  <Rx**2> <Ry**2> <Rz**2> <R.j>/|R|  <HROTx> <HROTy> <HROTz>

   1    0.0   3/2-  -3/2  34   -1.40    1.73    1.73    2.15    1.36       2.05    2.05    0.00   -1.47      0.250   0.250   0.000
   2  150.6   9/2-   9/2  31    3.79    2.60    2.60   19.48    4.42       2.72    2.72    0.00   -1.15      0.331   0.331   0.000
   3  194.2   5/2-   5/2  36    1.27    2.02    2.02    4.89    2.25       2.19    2.19    0.00   -1.09      0.267   0.267   0.000
   4  245.5  11/2-   1/2  32    0.00   26.39   26.39    2.69    6.94       4.13    4.13   -0.00   -4.87      0.504   0.504  -0.000
   5  570.7   7/2-  -7/2  28   -3.16    2.31    2.31   11.90    3.40       2.64    2.64    0.00   -1.32      0.322   0.322   0.000
  
   6  634.7   1/2-   1/2  37    0.50    1.54    1.54    0.25    0.88       1.28    1.28   -0.00   -1.61      0.156   0.156  -0.000
   7  650.7   5/2-  -3/2  34   -0.58    1.76    1.76    2.98    1.07       4.46    4.46    0.00   -1.12      0.544   0.544   0.000
   8  793.1   3/2-  -3/2  30   -1.24    4.36    4.36    1.99    1.34       4.62    4.62   -0.00   -2.66      0.564   0.564  -0.000
   9  811.4   7/2-   5/2  36    0.85    2.23    2.23    4.41    1.90       4.76    4.76    0.00   -0.43      0.581   0.581   0.000
  10  945.4   1/2-   1/2  29    0.50    4.29    4.29    0.25    0.12       4.69    4.69    0.00   -2.85      0.571   0.571   0.000
  
  11 1093.3   5/2-   1/2  37    0.10    2.81    2.81    1.26    1.15       4.42    4.42   -0.00   -1.17      0.539   0.539  -0.000
  12 1097.1   3/2-   1/2  37    0.39    2.46    2.46    0.36    0.16       4.20    4.20    0.00   -1.71      0.512   0.512   0.000
  13 1147.7  11/2-   9/2  31    3.18    2.87    2.87   18.77    3.98       6.33    6.33    0.00   -0.20      0.771   0.771   0.000
  14 1207.7   7/2-   1/2  32    0.02   25.54   25.54    1.69    6.47       8.56    8.56   -0.00   -6.54      1.044   1.044  -0.000
  15 1444.1   7/2-  -3/2  34   -0.27    1.96    1.96    3.04    0.98       7.48    7.48    0.00   -0.80      0.912   0.912   0.000
  
  16 1469.5   9/2-  -7/2  28   -2.64    2.44    2.44   11.78    2.95       6.01    6.01    0.00   -0.57      0.733   0.733   0.000
  17 1642.1   3/2-   1/2  29    0.25    3.32    3.32    0.50   -0.66       6.72    6.72   -0.00   -2.30      0.820   0.820  -0.000
  18 1645.8   9/2-   5/2  36    0.65    2.50    2.50    4.09    1.77       8.09    8.09    0.00   -0.07      0.987   0.987   0.000
  19 1736.3   5/2-   1/2  37   -0.33    2.82    2.82    1.32    0.21       7.23    7.23   -0.00   -1.67      0.881   0.881  -0.000
  20 2016.1  13/2-   5/2  35    0.01   25.31   25.31    7.68    6.45       8.47    8.47    0.00   -3.22      1.033   1.033   0.000
  
  21 2255.5   7/2-  -3/2  30   -0.40    3.89    3.89    2.30    0.62      10.46   10.46   -0.00   -1.67      1.276   1.276  -0.000
  22 2274.6   5/2-   1/2  29    0.04    4.15    4.15    0.81   -0.48      10.35   10.35    0.00   -2.31      1.262   1.262   0.000
  23 2299.9   9/2-   5/2  35    0.00   25.61   25.61    6.55    6.21      10.38   10.38    0.00   -5.90      1.265   1.265   0.000
  24 2365.0  13/2-   9/2  31    2.69    3.10    3.10   18.14    3.67      10.91   10.91    0.00    0.28      1.330   1.330   0.000
  25 2548.8   9/2-  -3/2  34   -0.88    1.88    1.88    2.41    0.72      11.88   11.88    0.00   -0.53      1.448   1.448   0.000
  
  26 2598.9  11/2-  -7/2  28   -2.22    2.54    2.54   11.77    2.66      10.39   10.39    0.00   -0.21      1.266   1.266   0.000
  27 2757.4  11/2-   5/2  36    0.53    2.53    2.53    3.96    1.61      12.75   12.75    0.00    0.12      1.554   1.554   0.000
  28 2762.0   3/2-   1/2  32    0.24   19.64   19.64    0.51    4.44      13.18   13.18    0.00   -6.08      1.606   1.606   0.000
  29 3757.9  11/2-  -3/2  34   -0.20    2.17    2.17    2.95    0.79      16.77   16.77    0.00   -0.44      2.044   2.044   0.000
  30 3957.8  13/2-  -7/2  28   -1.66    2.62    2.62   11.01    2.38      15.91   15.91   -0.00    0.06      1.939   1.939  -0.000
  
  31 4036.5  13/2-   5/2  36    0.24    2.77    2.77    4.37    1.67      17.67   17.67    0.00    0.29      2.154   2.154   0.000
  32 4544.1   1/2-   1/2  40    0.50   13.66   13.66    0.25   -2.34      16.19   16.19    0.00   -5.20      1.974   1.974   0.000
  33 5292.3  13/2-   1/2  37   -0.64    1.83    1.83    1.53    0.69      22.18   22.18    0.00   -0.06      2.704   2.704   0.000
  34 7805.7   1/2-   1/2  32    0.50   26.83   26.83    0.25   -3.71      30.55   30.55   -0.00   -7.31      3.724   3.724  -0.000
  35*******   1/2-  -3/2  33    0.00    0.00    0.00    0.00   -0.00       0.00    0.00    0.00   -0.00      0.000   0.000   0.000
  
