1SPECTRUM OF (Z= 82 A=207) IN PARTICLE-ROTOR  MODEL WITH MODIFIED OSCILLATOR POTENTIAL


 PARITY=-   EPS= 0.449   GAMMA=  5.1   EPS4=0.000   EPS6=0.000   LEVELS:  25  26  27  28  29  30  31  32  33  34  35  36  37  38  39

 PAIRING FACTORS: GN0= 19.20  GN1=  7.40  IPAIR= 15 ***  E2PLUS(INPUT)=   0.730  E2PLUR(INPUT)=   0.000

 CORIOLIS ATTENUATION PARAMETERS:  CHSI=1.000  ETA=  1.00

 MOMENT OF INERTIA PARAMETERS:   A1=  0.134 MEV   A2=  0.109 MEV   A3= 11.17414 MEV


 DELTA=0.821 MEV  LAMBDA=53.4824 MEV   HW0= 7.6023 MEV   LAMBDA/HW0= 7.0350

 E2ENERGY=0.730 MEV  HBAR**2/B=36707./A**(7/3)=6205.2/A**2 MEV

 IREC=0  =>  RECOIL TERMS j+j-, j+j+, jzjz, ETC TREATED AS ONE-BODY OPERATORS WITH UU+VV PAIRING FACTORS



 S. P. LEVEL   EQP       U     V        (UU + VV)**1.00

     25       4.048    0.102 0.995      1.000 0.999 0.999 0.997 0.990 0.959 0.869 0.790 0.560 0.344 0.340 0.283 0.273 0.235 0.202
     26       2.885    0.144 0.990      0.999 1.000 1.000 0.999 0.995 0.970 0.890 0.815 0.594 0.383 0.380 0.323 0.314 0.275 0.243
     27       2.832    0.147 0.989      0.999 1.000 1.000 0.999 0.995 0.971 0.891 0.816 0.597 0.386 0.382 0.325 0.316 0.278 0.246
     28       2.279    0.183 0.983      0.997 0.999 0.999 1.000 0.998 0.979 0.907 0.837 0.626 0.420 0.416 0.360 0.352 0.314 0.282
     29       1.749    0.242 0.970      0.990 0.995 0.995 0.998 1.000 0.989 0.931 0.868 0.672 0.474 0.470 0.416 0.407 0.370 0.339
     30       1.168    0.380 0.925      0.959 0.970 0.971 0.979 0.989 1.000 0.974 0.931 0.772 0.596 0.593 0.543 0.535 0.501 0.472
     31       0.869    0.580 0.815      0.869 0.890 0.891 0.907 0.931 0.974 1.000 0.990 0.896 0.763 0.760 0.720 0.713 0.684 0.660
     32       0.822    0.691 0.723      0.790 0.815 0.816 0.837 0.868 0.931 0.990 1.000 0.951 0.848 0.846 0.812 0.806 0.782 0.761
     33       0.986    0.881 0.473      0.560 0.594 0.597 0.626 0.672 0.772 0.896 0.951 1.000 0.971 0.970 0.953 0.950 0.937 0.925
     34       1.718    0.969 0.247      0.344 0.383 0.386 0.420 0.474 0.596 0.763 0.848 0.971 1.000 1.000 0.998 0.997 0.993 0.989
     35       1.743    0.970 0.243      0.340 0.380 0.382 0.416 0.470 0.593 0.760 0.846 0.970 1.000 1.000 0.998 0.998 0.994 0.990
     36       2.278    0.983 0.183      0.283 0.323 0.325 0.360 0.416 0.543 0.720 0.812 0.953 0.998 0.998 1.000 1.000 0.999 0.997
     37       2.396    0.985 0.174      0.273 0.314 0.316 0.352 0.407 0.535 0.713 0.806 0.950 0.997 0.998 1.000 1.000 0.999 0.997
     38       3.087    0.991 0.134      0.235 0.275 0.278 0.314 0.370 0.501 0.684 0.782 0.937 0.993 0.994 0.999 0.999 1.000 0.999
     39       4.068    0.995 0.101      0.202 0.243 0.246 0.282 0.339 0.472 0.660 0.761 0.925 0.989 0.990 0.997 0.997 0.999 1.000

  R CORE   ENERGY   A0R/A00=1.000    R3= 0     2  
   2( 1)    0.730                    1.000-0.001
   2( 2)   44.940                    0.001 1.000

  R CORE   ENERGY   A0R/A00=1.000    R3= 0     2  
   3( 1)   45.670                    0.000 1.000

  R CORE   ENERGY   A0R/A00=1.000    R3= 0     2     4  
   4( 1)    2.433                    1.000-0.004 0.000

  R CORE   ENERGY   A0R/A00=1.000    R3= 0     2     4  
   5( 1)   47.860                    0.000 1.000-0.001

  R CORE   ENERGY   A0R/A00=1.000    R3= 0     2     4     6  
   6( 1)    5.107                    1.000-0.008 0.000-0.000

  R CORE   ENERGY   A0R/A00=1.000    R3= 0     2     4     6  
   7( 1)   51.023                    0.000 1.000-0.002 0.000
 

             ENERGY     K= 1/2
 
 I=  1/2- (1)  4.150  30:-0.149
                      32: 0.889
                      37: 0.408
                      38: 0.133
 
 I=  1/2- (2)  5.106  28: 0.169
                      29:-0.063
                      31:-0.774
                      33: 0.607
 
 I=  1/2- (3)  7.061  30:-0.110
                      32: 0.416
                      37:-0.837
                      38:-0.335
 
 I=  1/2- (4) 11.712  25: 0.999
 
 I=  1/2- (5) 38.610  35:-0.152
                      36:-0.084
                      39: 0.985

             ENERGY     K= 1/2  -3/2
 
 I=  3/2- (1)  4.340  26: 0.049 0.056
                      30: 0.178 0.001
                      32:-0.950-0.003
                      37: 0.046 0.085
                      38: 0.042-0.219
 
 I=  3/2- (2)  5.156  28:-0.113 0.038
                      29: 0.042-0.127
                      31: 0.515-0.448
                      33:-0.405-0.581

             ENERGY     K= 5/2   1/2  -3/2
 
 I=  5/2- (1)  4.268  26: 0.000 0.039-0.073
                      30: 0.058 0.128-0.001
                      32: 0.011-0.798 0.003
                      37:-0.001-0.491-0.093
                      38:-0.001-0.166 0.239
 
 I=  5/2- (2)  4.945  28:-0.978 0.006 0.006
                      31:-0.152-0.021-0.065
                      33: 0.076 0.017-0.083
 
 I=  5/2- (3)  5.646  25: 0.001-0.125 0.001
                      28:-0.103-0.094-0.042
                      29:-0.004 0.035 0.139
                      31:-0.016 0.427 0.491
                      33: 0.008-0.336 0.637
 
 I=  5/2- (4)  6.322  28:-0.036 0.140-0.029
                      29:-0.001-0.053 0.096
                      31:-0.005-0.641 0.337
                      33: 0.002 0.501 0.435
 
 I=  5/2- (5)  6.610  26: 0.003-0.004-0.503
                      30: 0.835 0.007 0.006
                      32: 0.161 0.004-0.027
                      37:-0.028 0.134 0.014
                      38:-0.010 0.052-0.033

             ENERGY     K= 5/2   1/2  -3/2  -7/2
 
 I=  7/2- (1)  3.997  28:-0.213 0.001-0.001 0.002
                      29:-0.009-0.000 0.002-0.086
                      35: 0.000-0.000 0.001-0.969
                      39: 0.000 0.000 0.000-0.067
 
 I=  7/2- (2)  4.291  28: 0.114-0.000 0.000-0.023
                      29: 0.005 0.000-0.002 0.970
                      31: 0.018 0.001-0.004-0.146
                      33:-0.009-0.000-0.005-0.098
                      35:-0.000 0.000 0.000-0.115
 
 I=  7/2- (3)  4.551  26:-0.001-0.042-0.198-0.001
                      30:-0.194-0.166-0.000-0.000
                      32:-0.038 0.848-0.002 0.000
                      34: 0.000-0.005-0.046-0.074
                      37: 0.007-0.201-0.123 0.007
                      38: 0.002-0.098 0.318-0.010
 
 I=  7/2- (4)  5.890  28:-0.934 0.014-0.010-0.003
                      29:-0.037-0.004 0.032 0.133
                      31:-0.145-0.053 0.116-0.022
                      33: 0.073 0.041 0.149-0.017
                      35: 0.000 0.000 0.001 0.200
 
 I=  7/2- (5)  6.124  26:-0.003 0.017-0.403-0.006
                      30:-0.701 0.043 0.005-0.000
                      32:-0.136-0.232-0.024 0.001
                      34: 0.001 0.001 0.020-0.496
                      38: 0.009 0.024-0.113-0.061

             ENERGY     K= 9/2   5/2   1/2  -3/2  -7/2
 
 I=  9/2- (1)  4.333  28: 0.000 0.115-0.001-0.000 0.009
                      29: 0.000 0.005 0.000 0.002-0.389
                      31: 0.000 0.018 0.001 0.004 0.061
                      35:-0.003-0.000 0.000 0.001-0.288
                      36:-0.863 0.001 0.000-0.000 0.002
 
 I=  9/2- (2)  5.068  26:-0.000-0.001-0.032 0.223 0.002
                      30:-0.000-0.270-0.114 0.000 0.000
                      32:-0.000-0.053 0.711 0.003-0.000
                      34: 0.000 0.000 0.024 0.041 0.134
                      37: 0.000 0.007 0.459 0.114-0.012
                      38: 0.000 0.003 0.156-0.293 0.017
 
 I=  9/2- (3)  5.070  28: 0.001 0.256-0.001-0.001-0.004
                      29: 0.000 0.010 0.000 0.003 0.156
                      35: 0.001-0.000 0.000 0.002-0.911
                      36: 0.269-0.000 0.000-0.000 0.006
                      39: 0.007-0.001-0.000 0.001-0.063
 
 I=  9/2- (4)  5.551  28: 0.000 0.204-0.001-0.001 0.020
                      29: 0.000 0.008 0.000 0.005-0.867
                      31:-0.000 0.032 0.003 0.011 0.131
                      33: 0.000-0.016-0.002 0.014 0.089
                      36: 0.422-0.003 0.000-0.000-0.000
 
 I=  9/2- (5)  6.146  26:-0.000-0.002 0.016 0.419 0.007
                      30:-0.001-0.669 0.031-0.005 0.000
                      32:-0.000-0.130-0.243 0.024-0.001
                      34: 0.000 0.001-0.013-0.015 0.453
                      37: 0.000 0.023-0.266-0.035-0.041
                      38: 0.000 0.008-0.096 0.084 0.055

             ENERGY     K= 9/2   5/2   1/2  -3/2  -7/2 -11/2
 
 I= 11/2- (1)  4.492  27: 0.000 0.000-0.000-0.000 0.002-0.998
 
 I= 11/2- (2)  5.286  26:-0.000 0.001 0.031 0.348 0.004-0.000
                      30: 0.000 0.395 0.139-0.002 0.000-0.000
                      32: 0.000 0.078-0.697 0.011-0.000 0.000
                      34: 0.000-0.001 0.006 0.042 0.199-0.000
                      37: 0.000-0.014 0.223 0.117-0.019 0.000
                      38: 0.000-0.005 0.102-0.305 0.026-0.000
 
 I= 11/2- (3)  5.429  28:-0.000-0.160 0.001-0.001 0.011 0.000
                      29:-0.000-0.006-0.000 0.003-0.453-0.002
                      31:-0.000-0.025-0.001 0.006 0.071 0.000
                      33: 0.000 0.012 0.001 0.008 0.052 0.000
                      35: 0.002 0.000-0.000 0.001-0.338 0.002
                      36: 0.802-0.001-0.000-0.000 0.002-0.000
 
 I= 11/2- (4)  6.360  28:-0.001-0.294 0.002-0.001-0.006-0.000
                      29:-0.000-0.012-0.000 0.003 0.229 0.000
                      35:-0.001 0.000-0.000 0.003-0.874 0.002
                      36:-0.297 0.001-0.000-0.000 0.006-0.000
                      39:-0.007 0.001 0.000 0.001-0.060 0.000
 
 I= 11/2- (5)  6.871  26: 0.000 0.002-0.032 0.345 0.008-0.000
                      30: 0.001 0.601-0.091-0.005 0.000-0.000
                      32: 0.000 0.117 0.465 0.024-0.001 0.000
                      34:-0.000-0.001-0.004-0.034 0.437-0.001
                      37:-0.000-0.019-0.155-0.085-0.039 0.000
                      38:-0.000-0.007-0.070 0.214 0.053-0.000

             ENERGY     K=13/2   9/2   5/2   1/2  -3/2  -7/2 -11/2
 
 I= 13/2- (1)  6.069  27:-0.000-0.000-0.000 0.000-0.000 0.003-0.995
                      36: 0.000-0.077 0.000 0.000-0.000 0.000 0.000
 
 I= 13/2- (2)  6.408  26:-0.000-0.000 0.002 0.019-0.416-0.006 0.000
                      30:-0.000 0.000 0.537 0.084 0.002-0.000 0.000
                      32:-0.000 0.000 0.106-0.508-0.013 0.000-0.000
                      34: 0.000 0.000-0.001-0.015-0.034-0.301 0.001
                      37: 0.000 0.000-0.015-0.293-0.096 0.028-0.000
                      38: 0.000 0.000-0.006-0.098 0.252-0.039 0.000
 
 I= 13/2- (3)  6.781  27:-0.000-0.000 0.000-0.000-0.000 0.005-0.083
                      28: 0.000-0.000-0.193 0.002 0.001-0.011-0.000
                      29: 0.000-0.000-0.008-0.000-0.005 0.483 0.003
                      31: 0.000-0.000-0.030-0.002-0.009-0.076-0.000
                      33:-0.000 0.000 0.015 0.002-0.011-0.056 0.000
                      35:-0.000 0.002 0.000-0.000-0.002 0.364-0.004
                      36:-0.002 0.760-0.002-0.000 0.000-0.002 0.000
 
 I= 13/2- (4)  7.592  26:-0.000-0.000 0.002-0.029-0.290-0.006 0.000
                      30:-0.000 0.001 0.471-0.075 0.005-0.000 0.000
                      32:-0.000 0.000 0.090 0.519-0.023 0.001-0.000
                      34:-0.000 0.000-0.001 0.022 0.034-0.335 0.001
                      37: 0.000 0.000-0.018 0.456 0.090 0.030-0.000
                      38: 0.000 0.000-0.007 0.162-0.226-0.040 0.000
 
 I= 13/2- (5)  7.884  28:-0.000 0.000 0.325-0.004-0.002-0.007-0.000
                      29:-0.000 0.000 0.013 0.001 0.004 0.266 0.000
                      31:-0.000 0.000 0.051 0.008 0.023-0.034-0.000
                      35:-0.000 0.001-0.000 0.000 0.005-0.844 0.003
                      36:-0.001 0.316-0.001 0.000-0.000 0.006-0.000
                      39:-0.000 0.008-0.001-0.001 0.001-0.058 0.000

             ENERGY     K=13/2   9/2   5/2   1/2  -3/2  -7/2 -11/2
  32 LEVELS    TIME=  0.0 SEC



 ******************* EXCITATION ENERGIES, DOMINANT CONFIGURATION AND EXPECTATION VALUES (WITH S.P. UU+VV FACTORS) *******************

  NR  Eex(keV)  I   Kdom  NY    <Jz>  <Jx**2> <Jy**2> <Jz**2> <I.j>/|I|  <Rx**2> <Ry**2> <Rz**2> <R.j>/|R|  <HROTx> <HROTy> <HROTz>

   1    0.0   7/2-   7/2  35   -3.20    2.62    2.41   11.92    3.17       3.78    3.64    0.12   -1.59      0.508   0.397   1.314
   2  153.1   1/2-   1/2  32    0.50   12.55   12.33    0.26    1.31      11.91   11.71    0.01   -4.94      1.599   1.277   0.137
   3  271.3   5/2-   1/2  32    0.36   13.04   12.68    0.42    2.10      11.37   11.08    0.01   -4.20      1.527   1.209   0.103
   4  294.4   7/2-   7/2  29   -3.39    6.37    5.95   12.03    3.09       7.97    7.57    0.06   -3.06      1.070   0.826   0.663
   5  336.8   9/2-   9/2  36    2.52    3.26    2.85   17.84    4.01       4.50    4.21    0.10   -1.35      0.605   0.459   1.123
  
   6  343.4   3/2-   1/2  32    0.39   13.83   14.37    0.40    1.88      12.24   12.81    0.03   -4.99      1.643   1.397   0.326
   7  495.3  11/2-  11/2  27   -5.47    2.78    2.70   30.10    5.05       5.51    5.46    0.03   -1.63      0.740   0.595   0.329
   8  554.8   7/2-   1/2  32    0.25   15.59   16.30    0.90    3.10      11.59   12.29    0.03   -4.19      1.557   1.340   0.380
   9  948.6   5/2-   5/2  28    2.44    6.04    6.19    6.24    2.12       7.21    7.38    0.08   -3.18      0.968   0.805   0.949
  10 1071.7   9/2-   1/2  32    0.28   14.80   14.50    1.23    2.80      13.83   13.56    0.01   -3.17      1.858   1.479   0.154
  
  11 1073.1   9/2-   7/2  35   -2.49    2.62    2.45   12.35    2.63       7.95    7.96    0.12   -1.08      1.067   0.868   1.309
  12 1109.6   1/2-   1/2  31    0.42    4.99    5.32    0.42    0.08       5.35    5.74    0.25   -3.17      0.719   0.626   2.802
  13 1159.5   3/2-   3/2  33   -0.61    4.85    5.46    1.46    1.09       5.21    5.85    0.26   -2.87      0.699   0.638   2.855
  14 1289.4  11/2-   1/2  32    0.21   17.96   18.66    2.19    3.91      13.50   14.21    0.04   -2.92      1.813   1.550   0.414
  15 1432.7  11/2-   9/2  36    1.78    3.56    3.15   17.01    3.42       9.30    9.13    0.10   -0.75      1.249   0.996   1.085
  
  16 1554.1   9/2-   7/2  29   -1.80    5.76    5.34   13.24    2.50      12.31   11.85    0.07   -2.42      1.653   1.292   0.760
  17 1649.8   5/2-   3/2  33   -0.79    4.88    5.62    1.74    1.08       6.68    7.65    0.26   -2.37      0.897   0.834   2.888
  18 1893.1   7/2-   5/2  28    1.99    5.88    6.02    6.46    1.47      11.10   11.25    0.09   -2.64      1.490   1.227   1.017
  19 2072.9  13/2-  11/2  27   -5.42    2.79    2.71   30.03    4.32      11.95   11.98    0.03   -1.10      1.605   1.306   0.333
  20 2127.9   7/2-   5/2  30    0.16   22.36   22.10    6.66    4.15      16.74   17.20    0.04   -5.95      2.247   1.876   0.402
  
  21 2149.8   9/2-   5/2  30    0.22   21.53   21.25    5.89    3.98      16.57   17.19    0.03   -4.96      2.226   1.874   0.361
  22 2325.9   5/2-   1/2  31   -0.15    4.93    5.40    1.01   -0.16      10.09   10.71    0.25   -2.58      1.355   1.168   2.834
  23 2363.3  11/2-   7/2  35   -2.24    2.78    2.62   12.34    2.24      13.20   13.38    0.11   -0.84      1.772   1.459   1.284
  24 2411.7  13/2-   5/2  30    0.23   19.19   19.10    3.64    3.90      18.03   18.23    0.03   -2.45      2.422   1.988   0.315
  25 2613.6   5/2-   5/2  30    1.43   22.94   22.88    5.07    3.78      18.52   18.72    0.04   -6.50      2.487   2.042   0.458
  
  26 2784.1  13/2-   9/2  36    1.33    3.73    3.33   16.53    3.03      14.97   14.97    0.10   -0.44      2.010   1.633   1.062
  27 2874.1  11/2-   5/2  30    0.12   20.39   20.30    5.18    3.42      19.71   20.99    0.03   -3.98      2.647   2.290   0.390
  28 3064.8   1/2-   1/2  37    0.51   16.71   17.84    0.29   -1.07      18.10   19.30    0.03   -5.85      2.431   2.105   0.338
  29 3595.0  13/2-   1/2  32    0.21   17.23   16.85    3.28    2.81      23.05   23.76    0.02   -2.59      3.095   2.591   0.207
  30 3887.6  13/2-   7/2  35   -2.03    2.91    2.76   12.30    1.97      19.36   19.80    0.11   -0.68      2.600   2.159   1.267
  
  31 7715.8   1/2-   1/2  25    0.58    4.07   11.01    0.86    0.73       3.87   11.03    0.53   -3.90      0.520   1.203   5.945
  3234613.1   1/2-   1/2  39   -0.39    2.93    0.73    2.42    0.13       3.00    0.56    3.06   -2.32      0.403   0.061  34.144
