1SPECTRUM OF (Z= 82 A=207) IN PARTICLE-ROTOR  MODEL WITH MODIFIED OSCILLATOR POTENTIAL


 PARITY=-   EPS= 0.289   GAMMA=  0.0   EPS4=0.000   EPS6=0.000   LEVELS:  24  25  26  27  28  29  30  31  32  33  34  35  36  37  38

 PAIRING FACTORS: GN0= 19.20  GN1=  7.40  IPAIR= 15 ***  E2PLUS(INPUT)=   0.730  E2PLUR(INPUT)=   0.000

 CORIOLIS ATTENUATION PARAMETERS:  CHSI=1.000  ETA=  1.00

 MOMENT OF INERTIA PARAMETERS:   A1=  0.122 MEV   A2=  0.122 MEV   A3=121.91924 MEV


 DELTA=0.951 MEV  LAMBDA=53.2962 MEV   HW0= 7.4856 MEV   LAMBDA/HW0= 7.1199

 E2ENERGY=0.730 MEV  HBAR**2/B=15486./A**(7/3)=2617.9/A**2 MEV

 IREC=0  =>  RECOIL TERMS j+j-, j+j+, jzjz, ETC TREATED AS ONE-BODY OPERATORS WITH UU+VV PAIRING FACTORS



 S. P. LEVEL   EQP       U     V        (UU + VV)**1.00

     24       5.046    0.095 0.996      1.000 1.000 0.999 0.998 0.973 0.962 0.958 0.904 0.880 0.736 0.433 0.346 0.314 0.278 0.263
     25       4.115    0.116 0.993      1.000 1.000 1.000 0.999 0.978 0.968 0.964 0.913 0.890 0.751 0.453 0.366 0.335 0.299 0.284
     26       3.483    0.138 0.990      0.999 1.000 1.000 1.000 0.982 0.973 0.970 0.922 0.900 0.765 0.472 0.386 0.355 0.320 0.305
     27       2.930    0.165 0.986      0.998 0.999 1.000 1.000 0.987 0.979 0.976 0.932 0.912 0.782 0.496 0.411 0.380 0.345 0.330
     28       1.558    0.323 0.947      0.973 0.978 0.982 0.987 1.000 0.999 0.998 0.978 0.966 0.873 0.630 0.553 0.525 0.493 0.479
     29       1.410    0.362 0.932      0.962 0.968 0.973 0.979 0.999 1.000 1.000 0.986 0.976 0.893 0.662 0.588 0.561 0.529 0.516
     30       1.369    0.375 0.927      0.958 0.964 0.970 0.976 0.998 1.000 1.000 0.988 0.979 0.899 0.672 0.599 0.572 0.541 0.527
     31       1.083    0.511 0.860      0.904 0.913 0.922 0.932 0.978 0.986 0.988 1.000 0.999 0.955 0.777 0.714 0.690 0.662 0.650
     32       1.030    0.556 0.831      0.880 0.890 0.900 0.912 0.966 0.976 0.979 0.999 1.000 0.969 0.809 0.749 0.727 0.701 0.689
     33       0.957    0.743 0.669      0.736 0.751 0.765 0.782 0.873 0.893 0.899 0.955 0.969 1.000 0.929 0.889 0.874 0.855 0.846
     34       1.466    0.938 0.346      0.433 0.453 0.472 0.496 0.630 0.662 0.672 0.777 0.809 0.929 1.000 0.995 0.992 0.986 0.984
     35       1.927    0.967 0.255      0.346 0.366 0.386 0.411 0.553 0.588 0.599 0.714 0.749 0.889 0.995 1.000 0.999 0.997 0.996
     36       2.189    0.975 0.223      0.314 0.335 0.355 0.380 0.525 0.561 0.572 0.690 0.727 0.874 0.992 0.999 1.000 0.999 0.999
     37       2.603    0.983 0.186      0.278 0.299 0.320 0.345 0.493 0.529 0.541 0.662 0.701 0.855 0.986 0.997 0.999 1.000 1.000
     38       2.829    0.985 0.171      0.263 0.284 0.305 0.330 0.479 0.516 0.527 0.650 0.689 0.846 0.984 0.996 0.999 1.000 1.000

  R CORE   ENERGY   A0R/A00=1.000    R3= 0     2  
   2( 1)    0.732                    1.000 0.000
   2( 2)  487.921                    0.000 1.000

  R CORE   ENERGY   A0R/A00=1.000    R3= 0     2  
   3( 1)  488.652                    0.000 1.000

  R CORE   ENERGY   A0R/A00=1.000    R3= 0     2     4  
   4( 1)    2.438                    1.000 0.000 0.000

  R CORE   ENERGY   A0R/A00=1.000    R3= 0     2     4  
   5( 1)  490.847                    0.000 1.000 0.000

  R CORE   ENERGY   A0R/A00=1.000    R3= 0     2     4     6  
   6( 1)    5.121                    1.000 0.000 0.000 0.000

  R CORE   ENERGY   A0R/A00=1.000    R3= 0     2     4     6  
   7( 1)  494.017                    0.000 1.000 0.000 0.000

          AXIAL SYMMETRY => K RESTRICTED TO OMEGA

                     K
     S.P. ORB#: 24  2.50
     S.P. ORB#: 25  0.50
     S.P. ORB#: 26  2.50
     S.P. ORB#: 27 -3.50
     S.P. ORB#: 28  0.50
     S.P. ORB#: 29 -1.50
     S.P. ORB#: 30 -3.50
     S.P. ORB#: 31  0.50
     S.P. ORB#: 32  4.50
     S.P. ORB#: 33 -1.50
     S.P. ORB#: 34  2.50
     S.P. ORB#: 35 -1.50
     S.P. ORB#: 36  2.50
     S.P. ORB#: 37 -3.50
     S.P. ORB#: 38  0.50
 

             ENERGY    K= OMEGA
 
 I=  1/2- (1)  2.739  28:-0.995
                      38:-0.092
 
 I=  1/2- (2)  3.149  25:-0.067
                      28: 0.090
                      38:-0.994
 
 I=  1/2- (3)  5.595  25: 0.997
                      38:-0.063
 
 I=  1/2- (4)  8.112  31:-1.000
 
 I=  1/2- (5)147.260  33: 1.000

             ENERGY    K= OMEGA
 
 I=  3/2- (1)  2.354  25: 0.125
                      28: 0.423
                      29: 0.299
                      35: 0.838
                      38:-0.117
 
 I=  3/2- (2)  2.600  25: 0.059
                      28:-0.350
                      29: 0.919
                      35:-0.166

             ENERGY    K= OMEGA
 
 I=  5/2- (1)  2.442  25: 0.204
                      28:-0.373
                      29:-0.603
                      35: 0.304
                      36: 0.585
                      38:-0.139
 
 I=  5/2- (2)  2.953  24:-0.060
                      25: 0.132
                      26:-0.061
                      29:-0.543
                      35:-0.769
                      36:-0.237
                      38:-0.181
 
 I=  5/2- (3)  3.087  25:-0.145
                      28: 0.498
                      29: 0.143
                      35:-0.372
                      36: 0.743
                      38: 0.133
 
 I=  5/2- (4)  3.955  25: 0.133
                      28: 0.181
                      29:-0.346
                      35: 0.108
                      36:-0.134
                      38: 0.893
 
 I=  5/2- (5)  4.153  24: 0.050
                      25: 0.119
                      28:-0.728
                      29: 0.371
                      35:-0.403
                      36: 0.172
                      38: 0.350

             ENERGY    K= OMEGA
 
 I=  7/2- (1)  2.128  26:-0.214
                      27: 0.076
                      30: 0.972
 
 I=  7/2- (2)  3.134  24: 0.064
                      25:-0.055
                      27:-0.089
                      28: 0.277
                      29:-0.538
                      35: 0.395
                      36:-0.679
 
 I=  7/2- (3)  3.234  31: 0.735
                      33: 0.574
                      34: 0.336
                      37: 0.133
 
 I=  7/2- (4)  3.340  24:-0.070
                      25: 0.294
                      27: 0.051
                      28: 0.564
                      29: 0.469
                      30:-0.053
                      35: 0.551
                      36: 0.134
                      38:-0.204
 
 I=  7/2- (5)  4.171  24:-0.146
                      27: 0.137
                      28:-0.524
                      29: 0.557
                      35: 0.178
                      36:-0.584

             ENERGY    K= OMEGA
 
 I=  9/2- (1)  1.834  24: 0.058
                      26:-0.059
                      27: 0.248
                      30:-0.172
                      32:-0.949
 
 I=  9/2- (2)  3.022  24:-0.071
                      25: 0.052
                      26:-0.289
                      27:-0.127
                      28:-0.053
                      29:-0.124
                      30:-0.920
                      32: 0.143
                      36: 0.086
 
 I=  9/2- (3)  3.417  24: 0.089
                      25:-0.335
                      27: 0.056
                      28: 0.447
                      29: 0.631
                      30:-0.158
                      32: 0.076
                      35:-0.252
                      36:-0.385
                      38: 0.185
 
 I=  9/2- (4)  4.469  31: 0.243
                      33:-0.604
                      34: 0.647
                      37:-0.396
 
 I=  9/2- (5)  4.688  24: 0.098
                      25:-0.163
                      26: 0.064
                      29: 0.386
                      30:-0.060
                      35: 0.746
                      36: 0.436
                      38: 0.244

             ENERGY    K= OMEGA
 
 I= 11/2- (1)  2.447  31: 0.694
                      33: 0.575
                      34: 0.389
                      37: 0.192
 
 I= 11/2- (2)  2.816  24: 0.102
                      26:-0.097
                      27:-0.348
                      30: 0.225
                      32:-0.898
 
 I= 11/2- (3)  4.137  24: 0.103
                      26: 0.340
                      27:-0.168
                      29:-0.133
                      30:-0.886
                      32:-0.174
                      36:-0.094
 
 I= 11/2- (4)  4.970  24:-0.139
                      25: 0.158
                      26: 0.067
                      27: 0.112
                      28:-0.159
                      29: 0.656
                      30:-0.139
                      32:-0.146
                      35:-0.284
                      36: 0.597
                      38:-0.069
 
 I= 11/2- (5)  5.154  24: 0.064
                      25:-0.345
                      28:-0.664
                      29:-0.293
                      30: 0.104
                      35:-0.539
                      36: 0.056
                      38: 0.210

             ENERGY    K= OMEGA
 
 I= 13/2- (1)  3.990  24: 0.147
                      26:-0.124
                      27: 0.419
                      29: 0.070
                      30:-0.248
                      32:-0.847
 
 I= 13/2- (2)  4.668  31: 0.229
                      33:-0.583
                      34: 0.655
                      37:-0.423
 
 I= 13/2- (3)  5.204  24: 0.145
                      25:-0.372
                      26: 0.163
                      27: 0.107
                      28: 0.411
                      29: 0.586
                      30: 0.371
                      35:-0.167
                      36:-0.300
                      38: 0.179
 
 I= 13/2- (4)  5.560  24: 0.055
                      25: 0.178
                      26: 0.346
                      27: 0.156
                      28:-0.231
                      29:-0.222
                      30: 0.787
                      32:-0.238
                      35: 0.159
                      36: 0.101
                      38:-0.085
 
 I= 13/2- (5)  7.390  24:-0.103
                      25: 0.169
                      26:-0.051
                      29:-0.295
                      30: 0.088
                      35:-0.731
                      36:-0.499
                      38:-0.279

             ENERGY     K= 1/2
  32 LEVELS    TIME=  0.0 SEC



 ******************* EXCITATION ENERGIES, DOMINANT CONFIGURATION AND EXPECTATION VALUES (WITH S.P. UU+VV FACTORS) *******************

  NR  Eex(keV)  I   Kdom  NY    <Jz>  <Jx**2> <Jy**2> <Jz**2> <I.j>/|I|  <Rx**2> <Ry**2> <Rz**2> <R.j>/|R|  <HROTx> <HROTy> <HROTz>

   1    0.0   9/2-   9/2  32    3.76    2.65    2.65   19.42    4.43       2.69    2.69   -0.00   -1.15      0.328   0.328  -0.000
   2  293.8   7/2-  -7/2  30   -3.21    2.29    2.29   11.94    3.40       2.65    2.65   -0.00   -1.32      0.324   0.324  -0.000
   3  519.8   3/2-  -3/2  35   -1.08    2.23    2.23    1.83    1.55       2.02    2.02   -0.00   -1.64      0.246   0.246  -0.000
   4  608.0   5/2-  -3/2  29    0.27    3.68    3.68    3.22    2.50       2.27    2.27    0.00   -1.50      0.277   0.277   0.000
   5  612.3  11/2-   1/2  31   -0.00   25.38   25.38    2.26    6.54       5.30    5.30   -0.00   -4.28      0.646   0.646  -0.000
  
   6  765.4   3/2-  -3/2  29   -1.24    4.62    4.62    1.99    1.44       4.70    4.70    0.00   -2.75      0.573   0.573   0.000
   7  904.5   1/2-   1/2  28    0.50    4.61    4.61    0.25    0.38       4.78    4.78    0.00   -2.96      0.583   0.583   0.000
   8  981.5  11/2-   9/2  32    3.08    3.03    3.03   18.57    4.04       6.04    6.04   -0.00   -0.14      0.737   0.737  -0.000
   9 1119.1   5/2-  -3/2  35   -1.14    2.28    2.28    2.40    1.16       4.43    4.43   -0.00   -1.19      0.540   0.540  -0.000
  10 1188.2   9/2-  -7/2  30   -2.70    2.44    2.44   11.61    2.97       5.84    5.84   -0.00   -0.50      0.712   0.712  -0.000
  
  11 1252.6   5/2-   5/2  36    1.29    2.76    2.76    3.89    1.61       4.31    4.31    0.00   -1.58      0.526   0.526   0.000
  12 1299.7   7/2-   5/2  36    0.50    3.10    3.10    4.05    2.00       5.07    5.07    0.00   -0.73      0.619   0.619   0.000
  13 1315.0   1/2-   1/2  38    0.50    1.44    1.44    0.25    0.70       1.33    1.33    0.00   -1.55      0.162   0.162   0.000
  14 1400.2   7/2-   1/2  31   -0.00   25.38   25.38    1.80    6.41       8.71    8.71    0.00   -6.50      1.062   1.062   0.000
  15 1505.7   7/2-   1/2  28   -0.52    3.20    3.20    1.51    1.54       5.72    5.72    0.00   -0.53      0.697   0.697   0.000
  
  16 1583.0   9/2-  -3/2  29   -0.20    4.54    4.54    2.58    2.47       5.92    5.92    0.00    0.18      0.721   0.721   0.000
  17 2120.8   5/2-   1/2  38    0.28    1.98    1.98    0.63    0.41       5.46    5.46    0.00   -1.02      0.666   0.666   0.000
  18 2156.0  13/2-   9/2  32    2.49    3.42    3.42   17.67    3.79      10.15   10.15   -0.00    0.44      1.237   1.237  -0.000
  19 2302.4  11/2-  -7/2  30   -2.40    2.53    2.53   11.46    2.70       9.99    9.99   -0.00   -0.08      1.217   1.217  -0.000
  20 2318.9   5/2-   1/2  28   -0.04    3.75    3.75    1.04   -0.32       9.58    9.58    0.00   -2.16      1.168   1.168   0.000
  
  21 2336.7   7/2-   5/2  36    0.46    3.39    3.39    3.35    0.85       9.56    9.56    0.00   -1.54      1.165   1.165   0.000
  22 2634.4   9/2-   5/2  34   -0.02   25.37   25.37    5.38    5.63      12.44   12.44   -0.00   -5.64      1.517   1.517  -0.000
  23 2833.8  13/2-   5/2  34   -0.04   25.33   25.33    5.65    5.65      13.09   13.09    0.00   -3.30      1.596   1.596   0.000
  24 2853.3   9/2-  -3/2  35   -0.52    2.06    2.06    2.94    1.02      10.83   10.83    0.00   -0.43      1.321   1.321   0.000
  25 3136.1  11/2-  -3/2  29    0.20    3.71    3.71    4.37    1.87      12.60   12.60    0.00   -0.12      1.536   1.536   0.000
  
  26 3319.9  11/2-   1/2  28   -0.27    3.29    3.29    1.22    1.50      12.83   12.83    0.00    0.23      1.564   1.564   0.000
  27 3369.5  13/2-  -3/2  29   -0.56    4.50    4.50    3.65    2.56      12.80   12.80    0.00    1.04      1.561   1.561   0.000
  28 3725.6  13/2-  -7/2  30   -1.73    2.98    2.98   10.06    2.42      15.49   15.49   -0.00    0.16      1.888   1.888  -0.000
  29 3760.4   1/2-   1/2  25    0.50    6.20    6.20    0.25    0.68       6.11    6.11    0.00   -3.45      0.745   0.745   0.000
  30 5555.6  13/2-  -3/2  35   -0.25    1.96    1.96    3.19    0.90      21.65   21.65   -0.00   -0.13      2.639   2.639  -0.000
  
  31 6278.0   1/2-   1/2  31    0.50   25.10   25.10    0.25   -3.72      28.83   28.83    0.00   -7.07      3.515   3.515   0.000
  32*******   1/2-  -3/2  33    0.00    0.00    0.00    0.00   -0.00       0.00    0.00    0.00   -0.00      0.000   0.000   0.000
