1SPECTRUM OF (Z= 82 A=207) IN PARTICLE-ROTOR  MODEL WITH MODIFIED OSCILLATOR POTENTIAL


 PARITY=-   EPS= 0.328   GAMMA=  0.0   EPS4=0.000   EPS6=0.000   LEVELS:  25  26  27  28  29  30  31  32  33  34  35  36  37  38  39

 PAIRING FACTORS: GN0= 19.20  GN1=  7.40  IPAIR= 15 ***  E2PLUS(INPUT)=   0.730  E2PLUR(INPUT)=   0.000

 CORIOLIS ATTENUATION PARAMETERS:  CHSI=1.000  ETA=  1.00

 MOMENT OF INERTIA PARAMETERS:   A1=  0.122 MEV   A2=  0.122 MEV   A3=121.91924 MEV


 DELTA=0.923 MEV  LAMBDA=53.3180 MEV   HW0= 7.5084 MEV   LAMBDA/HW0= 7.1011

 E2ENERGY=0.730 MEV  HBAR**2/B=19948./A**(7/3)=3372.2/A**2 MEV

 IREC=0  =>  RECOIL TERMS j+j-, j+j+, jzjz, ETC TREATED AS ONE-BODY OPERATORS WITH UU+VV PAIRING FACTORS



 S. P. LEVEL   EQP       U     V        (UU + VV)**1.00

     25       4.172    0.111 0.994      1.000 0.999 0.998 0.982 0.964 0.948 0.922 0.886 0.704 0.553 0.305 0.300 0.282 0.280 0.247
     26       3.195    0.146 0.989      0.999 1.000 0.999 0.988 0.973 0.958 0.935 0.902 0.728 0.582 0.338 0.333 0.316 0.313 0.281
     27       2.638    0.178 0.984      0.998 0.999 1.000 0.993 0.980 0.967 0.946 0.916 0.750 0.608 0.368 0.363 0.346 0.344 0.311
     28       1.638    0.295 0.956      0.982 0.988 0.993 1.000 0.997 0.991 0.978 0.957 0.824 0.699 0.477 0.472 0.456 0.454 0.423
     29       1.341    0.371 0.929      0.964 0.973 0.980 0.997 1.000 0.998 0.992 0.977 0.867 0.754 0.546 0.542 0.526 0.524 0.495
     30       1.206    0.422 0.907      0.948 0.958 0.967 0.991 0.998 1.000 0.997 0.988 0.893 0.790 0.592 0.588 0.573 0.571 0.543
     31       1.084    0.488 0.873      0.922 0.935 0.946 0.978 0.992 0.997 1.000 0.997 0.924 0.833 0.650 0.646 0.632 0.630 0.603
     32       0.996    0.559 0.829      0.886 0.902 0.916 0.957 0.977 0.988 0.997 1.000 0.953 0.876 0.711 0.707 0.694 0.692 0.667
     33       0.949    0.784 0.620      0.704 0.728 0.750 0.824 0.867 0.893 0.924 0.953 1.000 0.981 0.891 0.889 0.880 0.879 0.862
     34       1.135    0.889 0.457      0.553 0.582 0.608 0.699 0.754 0.790 0.833 0.876 0.981 1.000 0.962 0.960 0.955 0.955 0.944
     35       2.391    0.980 0.197      0.305 0.338 0.368 0.477 0.546 0.592 0.650 0.711 0.891 0.962 1.000 1.000 1.000 1.000 0.998
     36       2.456    0.981 0.192      0.300 0.333 0.363 0.472 0.542 0.588 0.646 0.707 0.889 0.960 1.000 1.000 1.000 1.000 0.999
     37       2.697    0.985 0.174      0.282 0.316 0.346 0.456 0.526 0.573 0.632 0.694 0.880 0.955 1.000 1.000 1.000 1.000 0.999
     38       2.733    0.985 0.171      0.280 0.313 0.344 0.454 0.524 0.571 0.630 0.692 0.879 0.955 1.000 1.000 1.000 1.000 0.999
     39       3.388    0.990 0.138      0.247 0.281 0.311 0.423 0.495 0.543 0.603 0.667 0.862 0.944 0.998 0.999 0.999 0.999 1.000

  R CORE   ENERGY   A0R/A00=1.000    R3= 0     2  
   2( 1)    0.732                    1.000 0.000
   2( 2)  487.921                    0.000 1.000

  R CORE   ENERGY   A0R/A00=1.000    R3= 0     2  
   3( 1)  488.652                    0.000 1.000

  R CORE   ENERGY   A0R/A00=1.000    R3= 0     2     4  
   4( 1)    2.438                    1.000 0.000 0.000

  R CORE   ENERGY   A0R/A00=1.000    R3= 0     2     4  
   5( 1)  490.847                    0.000 1.000 0.000

  R CORE   ENERGY   A0R/A00=1.000    R3= 0     2     4     6  
   6( 1)    5.121                    1.000 0.000 0.000 0.000

  R CORE   ENERGY   A0R/A00=1.000    R3= 0     2     4     6  
   7( 1)  494.017                    0.000 1.000 0.000 0.000

          AXIAL SYMMETRY => K RESTRICTED TO OMEGA

                     K
     S.P. ORB#: 25  0.50
     S.P. ORB#: 26  2.50
     S.P. ORB#: 27 -3.50
     S.P. ORB#: 28  0.50
     S.P. ORB#: 29  0.50
     S.P. ORB#: 30 -1.50
     S.P. ORB#: 31 -1.50
     S.P. ORB#: 32 -3.50
     S.P. ORB#: 33  4.50
     S.P. ORB#: 34  2.50
     S.P. ORB#: 35 -3.50
     S.P. ORB#: 36 -1.50
     S.P. ORB#: 37  0.50
     S.P. ORB#: 38  2.50
     S.P. ORB#: 39  0.50
 

             ENERGY    K= OMEGA
 
 I=  1/2- (1)  2.570  29:-0.998
 
 I=  1/2- (2)  3.727  25:-0.072
                      39:-0.997
 
 I=  1/2- (3)  5.741  25: 0.996
                      39:-0.070
 
 I=  1/2- (4)  5.984  28:-0.422
                      37: 0.906
 
 I=  1/2- (5)  8.746  28: 0.906
                      37: 0.422

             ENERGY    K= OMEGA
 
 I=  3/2- (1)  2.428  25:-0.120
                      29: 0.064
                      30:-0.979
                      36:-0.134
                      39: 0.079
 
 I=  3/2- (2)  2.538  25:-0.168
                      29:-0.879
                      36:-0.429
                      39: 0.118

             ENERGY    K= OMEGA
 
 I=  5/2- (1)  2.486  25:-0.253
                      29: 0.454
                      30: 0.768
                      36:-0.138
                      38:-0.313
                      39: 0.150
 
 I=  5/2- (2)  3.300  26:-0.066
                      29: 0.533
                      30:-0.433
                      36:-0.723
 
 I=  5/2- (3)  3.456  25:-0.121
                      29: 0.384
                      30: 0.104
                      36: 0.227
                      38: 0.871
                      39: 0.127
 
 I=  5/2- (4)  4.201  29:-0.528
                      30: 0.402
                      36:-0.608
                      38: 0.377
                      39:-0.215
 
 I=  5/2- (5)  4.570  25:-0.165
                      26: 0.053
                      29: 0.196
                      36: 0.171
                      39:-0.949

             ENERGY    K= OMEGA
 
 I=  7/2- (1)  1.792  26:-0.196
                      27: 0.051
                      32: 0.979
 
 I=  7/2- (2)  3.309  25:-0.186
                      29: 0.086
                      30:-0.832
                      36: 0.095
                      38:-0.494
                      39: 0.098
 
 I=  7/2- (3)  3.416  25:-0.267
                      29:-0.804
                      30:-0.119
                      36:-0.476
                      38: 0.104
                      39: 0.168
 
 I=  7/2- (4)  3.468  28:-0.718
                      31:-0.581
                      34:-0.353
                      35:-0.148
 
 I=  7/2- (5)  4.372  26: 0.167
                      27: 0.545
                      29: 0.346
                      30:-0.355
                      36:-0.338
                      38: 0.561

             ENERGY    K= OMEGA
 
 I=  9/2- (1)  1.834  26:-0.072
                      27: 0.196
                      32:-0.231
                      33:-0.950
 
 I=  9/2- (2)  2.744  26:-0.269
                      27:-0.090
                      30:-0.052
                      32:-0.929
                      33: 0.227
 
 I=  9/2- (3)  3.474  25:-0.361
                      29: 0.491
                      30: 0.684
                      32:-0.065
                      36:-0.181
                      38:-0.300
                      39: 0.183
 
 I=  9/2- (4)  4.600  28: 0.230
                      31:-0.577
                      34: 0.661
                      35:-0.422
 
 I=  9/2- (5)  5.112  25: 0.056
                      26:-0.118
                      27: 0.103
                      29: 0.371
                      30:-0.448
                      32: 0.055
                      36:-0.776
                      38:-0.099
                      39:-0.136

             ENERGY    K= OMEGA
 
 I= 11/2- (1)  2.800  28:-0.683
                      31:-0.579
                      34:-0.393
                      35:-0.201
                      37:-0.056
 
 I= 11/2- (2)  2.918  26: 0.123
                      27: 0.265
                      32:-0.319
                      33: 0.901
 
 I= 11/2- (3)  3.927  26: 0.315
                      27:-0.130
                      30:-0.062
                      32:-0.880
                      33:-0.316
                      38:-0.061
 
 I= 11/2- (4)  5.143  25:-0.367
                      29:-0.341
                      30:-0.741
                      32: 0.090
                      36:-0.111
                      38:-0.378
                      39: 0.189
 
 I= 11/2- (5)  5.257  25: 0.152
                      29: 0.712
                      30:-0.311
                      36: 0.476
                      38:-0.366
                      39:-0.101

             ENERGY    K= OMEGA
 
 I= 13/2- (1)  4.220  26:-0.168
                      27: 0.310
                      32:-0.378
                      33:-0.856
 
 I= 13/2- (2)  4.977  28:-0.221
                      31: 0.560
                      34:-0.662
                      35: 0.445
 
 I= 13/2- (3)  5.277  25:-0.300
                      26: 0.249
                      27: 0.128
                      29: 0.339
                      30: 0.473
                      32: 0.585
                      33:-0.266
                      36:-0.102
                      38:-0.226
                      39: 0.139
 
 I= 13/2- (4)  5.427  25:-0.307
                      26:-0.240
                      27:-0.107
                      29: 0.369
                      30: 0.442
                      32:-0.603
                      33: 0.269
                      36:-0.154
                      38:-0.160
                      39: 0.141
 
 I= 13/2- (5)  7.869  25:-0.129
                      26: 0.131
                      27:-0.139
                      29:-0.167
                      30: 0.342
                      32:-0.080
                      33:-0.062
                      36: 0.775
                      38: 0.366
                      39: 0.241

             ENERGY     K= 1/2
  32 LEVELS    TIME=  0.0 SEC



 ******************* EXCITATION ENERGIES, DOMINANT CONFIGURATION AND EXPECTATION VALUES (WITH S.P. UU+VV FACTORS) *******************

  NR  Eex(keV)  I   Kdom  NY    <Jz>  <Jx**2> <Jy**2> <Jz**2> <I.j>/|I|  <Rx**2> <Ry**2> <Rz**2> <R.j>/|R|  <HROTx> <HROTy> <HROTz>

   1    0.0   7/2-  -7/2  32   -3.26    2.31    2.31   12.01    3.35       2.89    2.89    0.00   -1.39      0.353   0.353   0.000
   2   42.2   9/2-   9/2  33    3.76    2.54    2.54   19.45    4.29       3.31    3.31    0.00   -1.24      0.403   0.403   0.000
   3  636.2   3/2-  -3/2  30   -1.45    4.58    4.58    2.20    1.48       4.69    4.69    0.00   -2.77      0.572   0.572   0.000
   4  693.5   5/2-  -3/2  30   -0.52    4.72    4.72    2.06    2.26       3.44    3.44    0.00   -1.84      0.419   0.419   0.000
   5  745.7   3/2-   1/2  29    0.13    3.96    3.96    0.62    1.30       3.62    3.62    0.00   -2.24      0.442   0.442   0.000
  
   6  777.9   1/2-   1/2  29    0.50    4.78    4.78    0.25    0.31       5.01    5.01    0.00   -3.01      0.610   0.610   0.000
   7  951.8   9/2-  -7/2  32   -2.63    2.42    2.42   12.18    2.90       6.45    6.45    0.00   -0.72      0.786   0.786   0.000
   8 1007.8  11/2-   1/2  28   -0.02   24.51   24.51    2.33    6.33       5.71    5.71    0.00   -4.00      0.696   0.696   0.000
   9 1125.9  11/2-   9/2  33    3.09    2.76    2.76   18.66    3.77       7.43    7.43    0.00   -0.43      0.906   0.906   0.000
  10 1508.3   5/2-  -3/2  36   -0.91    2.91    2.91    1.70    0.82       5.70    5.70    0.00   -1.50      0.695   0.695   0.000
  
  11 1517.1   7/2-  -3/2  30   -0.42    4.11    4.11    3.15    1.77       6.53    6.53    0.00   -1.20      0.796   0.796   0.000
  12 1624.0   7/2-   1/2  29    0.04    3.71    3.71    0.81    1.42       6.35    6.35    0.00   -0.73      0.774   0.774   0.000
  13 1664.0   5/2-   5/2  38    1.89    2.38    2.38    4.93    1.83       3.81    3.81   -0.00   -1.55      0.464   0.464  -0.000
  14 1675.9   7/2-   1/2  28   -0.01   24.10   24.10    1.93    6.17       8.46    8.46    0.00   -6.24      1.031   1.031   0.000
  15 1681.3   9/2-  -3/2  30   -0.34    4.92    4.92    1.85    2.34       6.55    6.55    0.00   -0.01      0.799   0.799   0.000
  
  16 1934.6   1/2-   1/2  39    0.50    1.51    1.51    0.25    0.72       1.39    1.39    0.00   -1.59      0.169   0.169   0.000
  17 2134.9  11/2-  -7/2  32   -2.07    2.51    2.51   12.38    2.61      10.99   10.99    0.00   -0.39      1.340   1.340   0.000
  18 2409.3   5/2-  -3/2  36   -0.27    3.31    3.31    2.18   -0.05       8.92    8.92    0.00   -2.12      1.087   1.087   0.000
  19 2428.2  13/2-   9/2  33    2.53    2.96    2.96   17.94    3.41      12.46   12.46    0.00   -0.00      1.519   1.519   0.000
  20 2579.4   7/2-   5/2  38   -0.48    3.81    3.81    6.35    1.63       8.38    8.38    0.00   -1.83      1.022   1.022   0.000
  
  21 2777.6   5/2-   1/2  39    0.45    1.64    1.64    0.33    0.33       5.21    5.21    0.00   -0.82      0.635   0.635   0.000
  22 2807.6   9/2-   5/2  34   -0.00   24.67   24.67    5.67    5.35      13.25   13.25    0.00   -5.51      1.615   1.615   0.000
  23 3184.6  13/2-   5/2  34   -0.04   24.66   24.66    5.88    5.34      14.70   14.70    0.00   -3.31      1.792   1.792   0.000
  24 3319.4   9/2-  -3/2  36   -1.11    2.54    2.54    2.17    0.72      12.42   12.42    0.00   -0.74      1.514   1.514   0.000
  25 3350.5  11/2-  -3/2  30   -0.37    4.18    4.18    2.35    1.68      13.17   13.17   -0.00   -0.13      1.606   1.606  -0.000
  
  26 3465.1  11/2-   1/2  29    0.12    3.62    3.62    1.74    1.41      13.95   13.95    0.00   -0.11      1.700   1.700   0.000
  27 3485.2  13/2-  -7/2  32   -0.89    3.84    3.84    7.11    2.44      14.76   14.76    0.00    0.41      1.800   1.800   0.000
  28 3634.5  13/2-  -7/2  32   -0.98    3.87    3.87    7.14    2.34      15.49   15.49   -0.00    0.26      1.888   1.888  -0.000
  29 3949.3   1/2-   1/2  25    0.50    6.55    6.55    0.25    0.66       6.48    6.48    0.00   -3.55      0.790   0.790   0.000
  30 4191.3   1/2-   1/2  37    0.50   12.40   12.40    0.25   -1.56      14.25   14.25    0.00   -4.95      1.738   1.738   0.000
  
  31 6077.2  13/2-  -3/2  36   -0.72    2.18    2.18    2.98    0.80      22.43   22.43    0.00   -0.26      2.735   2.735   0.000
  32 6954.3   1/2-   1/2  28    0.50   24.79   24.79    0.25   -3.56      28.38   28.38    0.00   -7.02      3.460   3.460   0.000
