1SPECTRUM OF (Z= 82 A=207) IN PARTICLE-ROTOR  MODEL WITH MODIFIED OSCILLATOR POTENTIAL


 PARITY=-   EPS= 0.296   GAMMA=  0.0   EPS4=0.000   EPS6=0.000   LEVELS:  26  27  28  29  30  31  32  33  34  35  36  37  38  39  40

 PAIRING FACTORS: GN0= 19.20  GN1=  7.40  IPAIR= 15 ***  E2PLUS(INPUT)=   0.730  E2PLUR(INPUT)=   0.000

 CORIOLIS ATTENUATION PARAMETERS:  CHSI=1.000  ETA=  1.00

 MOMENT OF INERTIA PARAMETERS:   A1=  0.122 MEV   A2=  0.122 MEV   A3=121.91924 MEV


 DELTA=0.950 MEV  LAMBDA=53.2898 MEV   HW0= 7.4894 MEV   LAMBDA/HW0= 7.1153

 E2ENERGY=0.730 MEV  HBAR**2/B=16246./A**(7/3)=2746.3/A**2 MEV

 IREC=0  =>  RECOIL TERMS j+j-, j+j+, jzjz, ETC TREATED AS ONE-BODY OPERATORS WITH UU+VV PAIRING FACTORS



 S. P. LEVEL   EQP       U     V        (UU + VV)**1.00

     26       3.424    0.140 0.990      1.000 1.000 0.980 0.971 0.962 0.942 0.876 0.802 0.488 0.375 0.347 0.324 0.301 0.281 0.255
     27       2.871    0.168 0.986      1.000 1.000 0.986 0.977 0.970 0.951 0.889 0.818 0.512 0.401 0.373 0.350 0.327 0.308 0.282
     28       1.515    0.333 0.943      0.980 0.986 1.000 0.999 0.997 0.990 0.954 0.904 0.651 0.551 0.525 0.504 0.483 0.465 0.441
     29       1.369    0.374 0.927      0.971 0.977 0.999 1.000 0.999 0.995 0.966 0.922 0.684 0.587 0.562 0.542 0.521 0.504 0.480
     30       1.287    0.404 0.915      0.962 0.970 0.997 0.999 1.000 0.998 0.974 0.934 0.707 0.613 0.589 0.568 0.548 0.531 0.508
     31       1.154    0.465 0.885      0.942 0.951 0.990 0.995 0.998 1.000 0.987 0.956 0.754 0.665 0.642 0.623 0.604 0.588 0.566
     32       0.990    0.601 0.800      0.876 0.889 0.954 0.966 0.974 0.987 1.000 0.991 0.849 0.776 0.757 0.740 0.724 0.709 0.690
     33       0.951    0.704 0.710      0.802 0.818 0.904 0.922 0.934 0.956 0.991 1.000 0.913 0.855 0.839 0.825 0.811 0.799 0.782
     34       1.412    0.933 0.361      0.488 0.512 0.651 0.684 0.707 0.754 0.849 0.913 1.000 0.992 0.988 0.984 0.979 0.975 0.968
     35       2.028    0.970 0.241      0.375 0.401 0.551 0.587 0.613 0.665 0.776 0.855 0.992 1.000 1.000 0.998 0.997 0.995 0.992
     36       2.293    0.977 0.212      0.347 0.373 0.525 0.562 0.589 0.642 0.757 0.839 0.988 1.000 1.000 1.000 0.999 0.998 0.995
     37       2.575    0.982 0.188      0.324 0.350 0.504 0.542 0.568 0.623 0.740 0.825 0.984 0.998 1.000 1.000 1.000 0.999 0.997
     38       2.937    0.986 0.164      0.301 0.327 0.483 0.521 0.548 0.604 0.724 0.811 0.979 0.997 0.999 1.000 1.000 1.000 0.999
     39       3.346    0.990 0.144      0.281 0.308 0.465 0.504 0.531 0.588 0.709 0.799 0.975 0.995 0.998 0.999 1.000 1.000 1.000
     40       4.091    0.993 0.117      0.255 0.282 0.441 0.480 0.508 0.566 0.690 0.782 0.968 0.992 0.995 0.997 0.999 1.000 1.000

  R CORE   ENERGY   A0R/A00=1.000    R3= 0     2  
   2( 1)    0.732                    1.000 0.000
   2( 2)  487.921                    0.000 1.000

  R CORE   ENERGY   A0R/A00=1.000    R3= 0     2  
   3( 1)  488.652                    0.000 1.000

  R CORE   ENERGY   A0R/A00=1.000    R3= 0     2     4  
   4( 1)    2.438                    1.000 0.000 0.000

  R CORE   ENERGY   A0R/A00=1.000    R3= 0     2     4  
   5( 1)  490.847                    0.000 1.000 0.000

  R CORE   ENERGY   A0R/A00=1.000    R3= 0     2     4     6  
   6( 1)    5.121                    1.000 0.000 0.000 0.000

  R CORE   ENERGY   A0R/A00=1.000    R3= 0     2     4     6  
   7( 1)  494.017                    0.000 1.000 0.000 0.000

          AXIAL SYMMETRY => K RESTRICTED TO OMEGA

                     K
     S.P. ORB#: 26  2.50
     S.P. ORB#: 27 -3.50
     S.P. ORB#: 28  0.50
     S.P. ORB#: 29 -1.50
     S.P. ORB#: 30 -3.50
     S.P. ORB#: 31  0.50
     S.P. ORB#: 32  4.50
     S.P. ORB#: 33 -1.50
     S.P. ORB#: 34  2.50
     S.P. ORB#: 35 -1.50
     S.P. ORB#: 36  2.50
     S.P. ORB#: 37 -3.50
     S.P. ORB#: 38  0.50
     S.P. ORB#: 39  0.50
     S.P. ORB#: 40  4.50
 

             ENERGY    K= OMEGA
 
 I=  1/2- (1)  2.709  28: 0.997
                      38: 0.083
 
 I=  1/2- (2)  3.271  28: 0.083
                      38:-0.997
 
 I=  1/2- (3)  6.297  31: 0.584
                      39:-0.812
 
 I=  1/2- (4)  9.048  31:-0.812
                      39:-0.584
 
 I=  1/2- (5)147.254  33:-1.000

             ENERGY    K= OMEGA
 
 I=  3/2- (1)  2.479  28: 0.414
                      29: 0.211
                      35: 0.877
                      38:-0.122
 
 I=  3/2- (2)  2.579  28:-0.396
                      29: 0.916
 
 I=  3/2- (3)  3.143  28: 0.774
                      29: 0.301
                      35:-0.478
                      38:-0.286
 
 I=  3/2- (4)  4.035  28:-0.268
                      29:-0.159
                      38:-0.950
 
 I=  3/2- (5)  4.760  31:-0.810
                      33:-0.378
                      39: 0.448

             ENERGY    K= OMEGA
 
 I=  5/2- (1)  2.632  28: 0.313
                      29: 0.530
                      35:-0.358
                      36:-0.687
                      38: 0.144
 
 I=  5/2- (2)  3.067  26:-0.060
                      28: 0.233
                      29:-0.498
                      35:-0.813
                      36: 0.115
                      38:-0.144
 
 I=  5/2- (3)  3.271  28: 0.512
                      29: 0.429
                      35:-0.077
                      36: 0.670
                      38: 0.315
 
 I=  5/2- (4)  4.070  28: 0.459
                      29:-0.534
                      35: 0.320
                      36:-0.247
                      38: 0.584
 
 I=  5/2- (5)  4.263  28:-0.612
                      35:-0.316
                      36: 0.068
                      38: 0.720

             ENERGY    K= OMEGA
 
 I=  7/2- (1)  2.056  26:-0.210
                      27: 0.060
                      30: 0.975
 
 I=  7/2- (2)  3.207  28: 0.382
                      29:-0.495
                      35: 0.442
                      36:-0.641
 
 I=  7/2- (3)  3.253  31: 0.737
                      33: 0.571
                      34: 0.334
                      37: 0.133
 
 I=  7/2- (4)  3.762  26: 0.054
                      28:-0.429
                      29:-0.476
                      35:-0.644
                      36:-0.335
                      38: 0.239
 
 I=  7/2- (5)  4.236  26: 0.075
                      27: 0.159
                      28: 0.527
                      29:-0.558
                      35:-0.232
                      36: 0.572

             ENERGY    K= OMEGA
 
 I=  9/2- (1)  1.826  26: 0.065
                      27:-0.220
                      30: 0.190
                      32: 0.955
 
 I=  9/2- (2)  2.975  26: 0.288
                      27: 0.092
                      30: 0.933
                      32:-0.184
 
 I=  9/2- (3)  3.983  28:-0.381
                      29:-0.554
                      35: 0.386
                      36: 0.589
                      38:-0.219
 
 I=  9/2- (4)  4.276  31:-0.214
                      33: 0.550
                      34:-0.629
                      37: 0.462
                      40:-0.206
 
 I=  9/2- (5)  4.895  26: 0.080
                      28:-0.206
                      29: 0.510
                      30:-0.065
                      35: 0.776
                      36:-0.058
                      38: 0.283

             ENERGY    K= OMEGA
 
 I= 11/2- (1)  2.414  31:-0.666
                      33:-0.569
                      34:-0.405
                      37:-0.240
                      40:-0.100
 
 I= 11/2- (2)  2.863  26:-0.111
                      27:-0.297
                      30: 0.263
                      32:-0.911
 
 I= 11/2- (3)  4.124  26:-0.339
                      27: 0.126
                      30: 0.892
                      32: 0.258
                      36: 0.061
 
 I= 11/2- (4)  5.098  28:-0.430
                      29: 0.498
                      35:-0.466
                      36: 0.587
 
 I= 11/2- (5)  5.744  31: 0.495
                      33: 0.069
                      34:-0.433
                      37:-0.617
                      39:-0.070
                      40:-0.420

             ENERGY    K= OMEGA
 
 I= 13/2- (1)  4.113  31: 0.181
                      33:-0.488
                      34: 0.613
                      37:-0.522
                      40: 0.284
 
 I= 13/2- (2)  4.119  26: 0.151
                      27:-0.346
                      30: 0.314
                      32: 0.871
 
 I= 13/2- (3)  5.506  26: 0.372
                      27: 0.158
                      29: 0.067
                      30: 0.854
                      32:-0.309
                      36:-0.078
 
 I= 13/2- (4)  6.327  28:-0.412
                      29:-0.555
                      30: 0.056
                      32:-0.056
                      35: 0.388
                      36: 0.540
                      38:-0.268
 
 I= 13/2- (5)  7.668  26: 0.077
                      27:-0.054
                      28:-0.121
                      29: 0.471
                      30:-0.094
                      35: 0.736
                      36: 0.082
                      38: 0.444

             ENERGY     K= 9/2
  35 LEVELS    TIME=  0.0 SEC



 ******************* EXCITATION ENERGIES, DOMINANT CONFIGURATION AND EXPECTATION VALUES (WITH S.P. UU+VV FACTORS) *******************

  NR  Eex(keV)  I   Kdom  NY    <Jz>  <Jx**2> <Jy**2> <Jz**2> <I.j>/|I|  <Rx**2> <Ry**2> <Rz**2> <R.j>/|R|  <HROTx> <HROTy> <HROTz>

   1    0.0   9/2-   9/2  32    3.82    2.57    2.57   19.51    4.37       2.97    2.97    0.00   -1.20      0.362   0.362   0.000
   2  229.8   7/2-  -7/2  30   -3.23    2.31    2.31   11.97    3.39       2.74    2.74    0.00   -1.35      0.334   0.334   0.000
   3  587.3  11/2-   1/2  31   -0.01   25.40   25.40    2.77    6.67       4.79    4.79    0.00   -4.43      0.583   0.583   0.000
   4  652.9   3/2-  -3/2  35   -1.13    2.15    2.15    1.88    1.39       2.28    2.28    0.00   -1.64      0.277   0.277   0.000
   5  752.6   3/2-  -3/2  29   -1.18    4.58    4.58    1.93    1.33       4.85    4.85    0.00   -2.74      0.591   0.591   0.000
  
   6  806.0   5/2-   5/2  36    0.63    2.98    2.98    3.90    2.18       2.85    2.85    0.00   -1.43      0.348   0.348   0.000
   7  882.8   1/2-   1/2  28    0.50    4.58    4.58    0.25    0.25       4.86    4.86    0.00   -2.95      0.592   0.592   0.000
   8 1036.7  11/2-   9/2  32    3.21    2.82    2.82   18.81    3.90       6.79    6.79    0.00   -0.31      0.828   0.828   0.000
   9 1149.3   9/2-  -7/2  30   -2.71    2.43    2.43   11.99    2.94       6.17    6.17    0.00   -0.63      0.752   0.752   0.000
  10 1240.4   5/2-  -3/2  35   -1.28    2.22    2.22    2.17    0.93       4.93    4.93    0.00   -1.23      0.601   0.601   0.000
  
  11 1316.6   3/2-   1/2  28   -0.14    3.70    3.70    0.89    0.12       5.78    5.78    0.00   -2.37      0.704   0.704   0.000
  12 1380.3   7/2-   5/2  36    0.43    3.04    3.04    3.63    1.86       5.35    5.35    0.00   -0.71      0.652   0.652   0.000
  13 1426.8   7/2-   1/2  31    0.00   24.87   24.87    1.78    6.30       8.65    8.65    0.00   -6.38      1.054   1.054   0.000
  14 1445.1   1/2-   1/2  38    0.50    1.50    1.50    0.25    0.69       1.41    1.41   -0.00   -1.59      0.172   0.172  -0.000
  15 1445.3   5/2-   5/2  36    1.02    3.07    3.07    3.32    1.29       5.29    5.29   -0.00   -1.74      0.645   0.645  -0.000
  
  16 1935.7   7/2-  -3/2  35   -0.56    2.58    2.58    2.25    0.96       7.76    7.76    0.00   -0.91      0.947   0.947   0.000
  17 2156.6   9/2-   5/2  36    0.27    3.24    3.24    3.30    1.74       8.59    8.59    0.00   -0.27      1.048   1.048   0.000
  18 2209.3   3/2-   1/2  38    0.45    1.93    1.93    0.30   -0.59       5.09    5.09   -0.00   -1.66      0.621   0.621  -0.000
  19 2243.4   5/2-   1/2  38   -0.15    3.32    3.32    1.39    0.05       8.25    8.25    0.00   -1.94      1.006   1.006   0.000
  20 2286.8  13/2-   5/2  34    0.01   24.69   24.69    7.86    6.25       9.37    9.37    0.00   -3.15      1.142   1.142   0.000
  
  21 2292.6  13/2-   9/2  32    2.71    3.03    3.03   18.18    3.57      11.56   11.56    0.00    0.14      1.410   1.410   0.000
  22 2298.1  11/2-  -7/2  30   -2.25    2.53    2.53   12.04    2.65      10.59   10.59    0.00   -0.28      1.291   1.291   0.000
  23 2409.7   7/2-   5/2  36    0.33    3.42    3.42    3.28    0.74      10.01   10.01    0.00   -1.61      1.220   1.220   0.000
  24 2436.7   5/2-   1/2  38    0.31    2.51    2.51    0.49   -0.30       8.01    8.01    0.00   -1.60      0.977   0.977   0.000
  25 2449.4   9/2-   5/2  34    0.00   24.98   24.98    6.63    5.99      10.88   10.88    0.00   -5.74      1.327   1.327   0.000
  
  26 2934.2   3/2-   1/2  31    0.21   19.19   19.19    0.54    4.25      13.10   13.10    0.00   -6.00      1.598   1.598   0.000
  27 3068.8   9/2-  -3/2  35   -1.23    2.22    2.22    2.10    0.69      12.22   12.22    0.00   -0.63      1.490   1.490   0.000
  28 3271.7  11/2-   5/2  36    0.26    3.17    3.17    3.32    1.58      13.27   13.27    0.00   -0.04      1.618   1.618   0.000
  29 3680.2  13/2-  -7/2  30   -1.86    2.62    2.62   12.09    2.44      16.01   16.01    0.00   -0.05      1.952   1.952   0.000
  30 3918.3  11/2-  -7/2  37    0.05   23.45   23.45    9.49    5.32      14.24   14.24    0.00   -4.60      1.736   1.736   0.000
  
  31 4471.2   1/2-   1/2  39    0.50   12.95   12.95    0.25   -1.99      15.17   15.17    0.00   -5.06      1.850   1.850   0.000
  32 4500.7  13/2-  -3/2  29    0.17    3.32    3.32    3.04    1.57      18.25   18.25    0.00    0.21      2.225   2.225   0.000
  33 5841.8  13/2-  -3/2  35   -1.05    2.06    2.06    2.00    0.64      23.00   23.00    0.00   -0.25      2.804   2.804   0.000
  34 7222.2   1/2-   1/2  31    0.50   25.71   25.71    0.25   -3.58      29.31   29.31    0.00   -7.15      3.573   3.573   0.000
  35*******   1/2-  -3/2  33    0.00    0.00    0.00    0.00   -0.00       0.00    0.00    0.00   -0.00      0.000   0.000   0.000
  
