1SPECTRUM OF (Z= 82 A=207) IN PARTICLE-ROTOR  MODEL WITH MODIFIED OSCILLATOR POTENTIAL


 PARITY=-   EPS= 0.257   GAMMA=  0.0   EPS4=0.000   EPS6=0.000   LEVELS:  26  27  28  29  30  31  32  33  34  35  36  37  38  39  40

 PAIRING FACTORS: GN0= 19.20  GN1=  7.40  IPAIR= 15 ***  E2PLUS(INPUT)=   0.730  E2PLUR(INPUT)=   0.000

 CORIOLIS ATTENUATION PARAMETERS:  CHSI=1.000  ETA=  1.00

 MOMENT OF INERTIA PARAMETERS:   A1=  0.122 MEV   A2=  0.122 MEV   A3=121.91924 MEV


 DELTA=0.939 MEV  LAMBDA=53.3787 MEV   HW0= 7.4693 MEV   LAMBDA/HW0= 7.1464

 E2ENERGY=0.730 MEV  HBAR**2/B=12247./A**(7/3)=2070.3/A**2 MEV

 IREC=0  =>  RECOIL TERMS j+j-, j+j+, jzjz, ETC TREATED AS ONE-BODY OPERATORS WITH UU+VV PAIRING FACTORS



 S. P. LEVEL   EQP       U     V        (UU + VV)**1.00

     26       3.786    0.125 0.992      1.000 1.000 0.990 0.989 0.984 0.967 0.778 0.607 0.459 0.410 0.409 0.330 0.300 0.243 0.241
     27       3.238    0.147 0.989      1.000 1.000 0.992 0.992 0.987 0.972 0.791 0.624 0.479 0.430 0.428 0.350 0.321 0.264 0.263
     28       1.825    0.267 0.964      0.990 0.992 1.000 1.000 0.999 0.994 0.861 0.715 0.583 0.538 0.536 0.463 0.435 0.380 0.379
     29       1.790    0.273 0.962      0.989 0.992 1.000 1.000 1.000 0.994 0.864 0.719 0.588 0.543 0.541 0.468 0.440 0.386 0.385
     30       1.631    0.302 0.953      0.984 0.987 0.999 1.000 1.000 0.997 0.879 0.740 0.612 0.568 0.567 0.495 0.467 0.414 0.413
     31       1.355    0.374 0.928      0.967 0.972 0.994 0.994 0.997 1.000 0.912 0.789 0.671 0.629 0.628 0.559 0.533 0.482 0.481
     32       0.940    0.721 0.693      0.778 0.791 0.861 0.864 0.879 0.912 1.000 0.971 0.916 0.892 0.891 0.850 0.833 0.798 0.798
     33       1.081    0.865 0.503      0.607 0.624 0.715 0.719 0.740 0.789 0.971 1.000 0.985 0.974 0.973 0.950 0.940 0.918 0.918
     34       1.451    0.939 0.345      0.459 0.479 0.583 0.588 0.612 0.671 0.916 0.985 1.000 0.999 0.998 0.990 0.985 0.973 0.973
     35       1.676    0.956 0.293      0.410 0.430 0.538 0.543 0.568 0.629 0.892 0.974 0.999 1.000 1.000 0.996 0.993 0.984 0.984
     36       1.686    0.957 0.291      0.409 0.428 0.536 0.541 0.567 0.628 0.891 0.973 0.998 1.000 1.000 0.996 0.993 0.985 0.984
     37       2.299    0.978 0.209      0.330 0.350 0.463 0.468 0.495 0.559 0.850 0.950 0.990 0.996 0.996 1.000 1.000 0.996 0.996
     38       2.679    0.984 0.178      0.300 0.321 0.435 0.440 0.467 0.533 0.833 0.940 0.985 0.993 0.993 1.000 1.000 0.998 0.998
     39       3.960    0.993 0.119      0.243 0.264 0.380 0.386 0.414 0.482 0.798 0.918 0.973 0.984 0.985 0.996 0.998 1.000 1.000
     40       4.001    0.993 0.118      0.241 0.263 0.379 0.385 0.413 0.481 0.798 0.918 0.973 0.984 0.984 0.996 0.998 1.000 1.000

  R CORE   ENERGY   A0R/A00=1.000    R3= 0     2  
   2( 1)    0.732                    1.000 0.000
   2( 2)  487.921                    0.000 1.000

  R CORE   ENERGY   A0R/A00=1.000    R3= 0     2  
   3( 1)  488.652                    0.000 1.000

  R CORE   ENERGY   A0R/A00=1.000    R3= 0     2     4  
   4( 1)    2.438                    1.000 0.000 0.000

  R CORE   ENERGY   A0R/A00=1.000    R3= 0     2     4  
   5( 1)  490.847                    0.000 1.000 0.000

  R CORE   ENERGY   A0R/A00=1.000    R3= 0     2     4     6  
   6( 1)    5.121                    1.000 0.000 0.000 0.000

  R CORE   ENERGY   A0R/A00=1.000    R3= 0     2     4     6  
   7( 1)  494.017                    0.000 1.000 0.000 0.000

          AXIAL SYMMETRY => K RESTRICTED TO OMEGA

                     K
     S.P. ORB#: 26  2.50
     S.P. ORB#: 27 -3.50
     S.P. ORB#: 28 -3.50
     S.P. ORB#: 29  0.50
     S.P. ORB#: 30 -1.50
     S.P. ORB#: 31  4.50
     S.P. ORB#: 32  0.50
     S.P. ORB#: 33 -1.50
     S.P. ORB#: 34 -1.50
     S.P. ORB#: 35  2.50
     S.P. ORB#: 36  2.50
     S.P. ORB#: 37  0.50
     S.P. ORB#: 38 -3.50
     S.P. ORB#: 39  4.50
     S.P. ORB#: 40  0.50
 

             ENERGY    K= OMEGA
 
 I=  1/2- (1)  2.603  29:-0.105
                      37:-0.995
 
 I=  1/2- (2)  2.938  29: 0.995
                      37:-0.105
 
 I=  1/2- (3)  6.540  32: 0.680
                      40:-0.733
 
 I=  1/2- (4)  9.812  32:-0.733
                      40:-0.680
 
 I=  1/2- (5)147.384  33: 1.000

             ENERGY    K= OMEGA
 
 I=  3/2- (1)  1.972  29:-0.206
                      30:-0.101
                      34:-0.970
                      37: 0.075
 
 I=  3/2- (2)  2.785  29:-0.335
                      30: 0.932
                      37:-0.133

             ENERGY    K= OMEGA
 
 I=  5/2- (1)  2.166  29: 0.170
                      30: 0.225
                      34:-0.489
                      36:-0.823
                      37: 0.058
 
 I=  5/2- (2)  2.623  29: 0.202
                      30:-0.258
                      34:-0.822
                      36: 0.454
                      37:-0.090
 
 I=  5/2- (3)  3.072  29: 0.370
                      30: 0.517
                      36: 0.269
                      37: 0.723
 
 I=  5/2- (4)  3.716  29: 0.245
                      30: 0.675
                      36: 0.176
                      37:-0.673
 
 I=  5/2- (5)  4.265  29:-0.856
                      30: 0.401
                      34:-0.286
                      36: 0.111
                      37: 0.110

             ENERGY    K= OMEGA
 
 I=  7/2- (1)  2.572  26:-0.223
                      27: 0.074
                      28: 0.968
                      36: 0.082
 
 I=  7/2- (2)  2.784  28:-0.055
                      29:-0.243
                      30: 0.279
                      34:-0.545
                      36: 0.748
 
 I=  7/2- (3)  3.195  32:-0.749
                      33:-0.559
                      35:-0.324
                      38:-0.126
                      40: 0.080
 
 I=  7/2- (4)  3.419  28:-0.082
                      29: 0.300
                      30: 0.326
                      34: 0.715
                      36: 0.497
                      37:-0.193
 
 I=  7/2- (5)  4.245  27: 0.067
                      29: 0.518
                      30:-0.757
                      34:-0.105
                      36: 0.367
                      37: 0.080

             ENERGY    K= OMEGA
 
 I=  9/2- (1)  2.149  26:-0.066
                      27: 0.238
                      28:-0.177
                      31:-0.952
 
 I=  9/2- (2)  3.470  26: 0.302
                      27: 0.104
                      28: 0.921
                      30: 0.072
                      31:-0.164
                      36:-0.127
 
 I=  9/2- (3)  3.620  26: 0.062
                      28: 0.096
                      29:-0.286
                      30:-0.360
                      31:-0.052
                      34: 0.519
                      36: 0.693
                      37:-0.154
 
 I=  9/2- (4)  4.289  32:-0.223
                      33: 0.558
                      35:-0.624
                      38: 0.454
                      39:-0.208
 
 I=  9/2- (5)  4.524  28:-0.107
                      29:-0.140
                      30: 0.435
                      34: 0.748
                      36:-0.299
                      37: 0.359

             ENERGY    K= OMEGA
 
 I= 11/2- (1)  2.230  32: 0.674
                      33: 0.568
                      35: 0.401
                      38: 0.231
                      39: 0.096
 
 I= 11/2- (2)  3.145  26: 0.111
                      27: 0.318
                      28:-0.245
                      31: 0.908
 
 I= 11/2- (3)  4.599  26:-0.353
                      27: 0.133
                      28: 0.883
                      30: 0.079
                      31: 0.231
                      36: 0.131
 
 I= 11/2- (4)  4.731  26:-0.065
                      28: 0.066
                      29: 0.325
                      30:-0.349
                      31: 0.074
                      34: 0.559
                      36:-0.667
 
 I= 11/2- (5)  5.735  28: 0.131
                      29:-0.358
                      30:-0.400
                      34:-0.623
                      36:-0.481
                      37: 0.272

             ENERGY    K= OMEGA
 
 I= 13/2- (1)  4.002  32: 0.190
                      33:-0.502
                      35: 0.611
                      38:-0.510
                      39: 0.280
 
 I= 13/2- (2)  4.362  26:-0.150
                      27: 0.368
                      28:-0.291
                      31:-0.869
 
 I= 13/2- (3)  5.955  26: 0.345
                      27: 0.156
                      28: 0.776
                      29: 0.126
                      30: 0.226
                      31:-0.232
                      34:-0.119
                      36:-0.327
                      37: 0.109
 
 I= 13/2- (4)  6.014  26: 0.191
                      28: 0.345
                      29:-0.325
                      30:-0.367
                      31:-0.177
                      34: 0.488
                      36: 0.542
                      37:-0.200
 
 I= 13/2- (5)  7.267  28:-0.108
                      30: 0.422
                      34: 0.605
                      36: 0.065
                      37: 0.661

             ENERGY     K= 1/2
  32 LEVELS    TIME=  0.0 SEC



 ******************* EXCITATION ENERGIES, DOMINANT CONFIGURATION AND EXPECTATION VALUES (WITH S.P. UU+VV FACTORS) *******************

  NR  Eex(keV)  I   Kdom  NY    <Jz>  <Jx**2> <Jy**2> <Jz**2> <I.j>/|I|  <Rx**2> <Ry**2> <Rz**2> <R.j>/|R|  <HROTx> <HROTy> <HROTz>

   1    0.0   3/2-  -3/2  34   -1.40    1.72    1.72    2.15    1.35       2.05    2.05   -0.00   -1.47      0.250   0.250  -0.000
   2  176.9   9/2-   9/2  31    3.79    2.60    2.60   19.48    4.42       2.71    2.71    0.00   -1.15      0.331   0.331   0.000
   3  193.6   5/2-   5/2  36    1.28    2.01    2.01    4.90    2.25       2.19    2.19    0.00   -1.08      0.267   0.267   0.000
   4  257.9  11/2-   1/2  32    0.00   26.41   26.41    2.69    6.94       4.12    4.12    0.00   -4.88      0.502   0.502   0.000
   5  599.6   7/2-  -7/2  28   -3.16    2.31    2.31   11.89    3.40       2.64    2.64    0.00   -1.31      0.321   0.321   0.000
  
   6  631.4   1/2-   1/2  37    0.50    1.53    1.53    0.25    0.87       1.27    1.27    0.00   -1.60      0.155   0.155   0.000
   7  651.4   5/2-  -3/2  34   -0.57    1.75    1.75    2.99    1.07       4.46    4.46    0.00   -1.11      0.543   0.543   0.000
   8  812.0   7/2-   5/2  36    0.85    2.22    2.22    4.42    1.90       4.76    4.76    0.00   -0.43      0.580   0.580   0.000
   9  813.1   3/2-  -3/2  30   -1.24    4.35    4.35    1.99    1.34       4.61    4.61    0.00   -2.66      0.563   0.563   0.000
  10  965.5   1/2-   1/2  29    0.50    4.30    4.30    0.25    0.13       4.69    4.69    0.00   -2.85      0.571   0.571   0.000
  
  11 1099.9   5/2-   1/2  37    0.11    2.77    2.77    1.22    1.14       4.37    4.37    0.00   -1.14      0.533   0.533   0.000
  12 1173.2  11/2-   9/2  31    3.18    2.88    2.88   18.76    3.98       6.32    6.32    0.00   -0.20      0.770   0.770   0.000
  13 1223.4   7/2-   1/2  32    0.02   25.55   25.55    1.69    6.48       8.56    8.56    0.00   -6.55      1.044   1.044   0.000
  14 1446.7   7/2-  -3/2  34   -0.27    1.95    1.95    3.06    0.98       7.47    7.47   -0.00   -0.80      0.911   0.911  -0.000
  15 1497.8   9/2-  -7/2  28   -2.63    2.43    2.43   11.76    2.95       6.02    6.02    0.00   -0.56      0.733   0.733   0.000
  
  16 1647.5   9/2-   5/2  36    0.64    2.49    2.49    4.12    1.78       8.08    8.08    0.00   -0.06      0.986   0.986   0.000
  17 1744.3   5/2-  -3/2  30   -0.35    2.86    2.86    1.35    0.22       7.26    7.26    0.00   -1.68      0.886   0.886   0.000
  18 2029.9  13/2-   5/2  35    0.01   25.32   25.32    7.68    6.46       8.46    8.46    0.00   -3.22      1.031   1.031   0.000
  19 2273.0   7/2-  -3/2  30   -0.41    3.90    3.90    2.29    0.62      10.46   10.46    0.00   -1.67      1.276   1.276   0.000
  20 2293.2   5/2-   1/2  29    0.04    4.15    4.15    0.81   -0.48      10.35   10.35    0.00   -2.31      1.262   1.262   0.000
  
  21 2316.5   9/2-   5/2  35    0.00   25.63   25.63    6.55    6.21      10.37   10.37    0.00   -5.91      1.264   1.264   0.000
  22 2389.8  13/2-   9/2  31    2.69    3.10    3.10   18.13    3.67      10.90   10.90    0.00    0.28      1.328   1.328   0.000
  23 2552.0   9/2-  -3/2  34   -0.86    1.87    1.87    2.43    0.72      11.87   11.87   -0.00   -0.53      1.447   1.447  -0.000
  24 2626.9  11/2-  -7/2  28   -2.21    2.54    2.54   11.74    2.66      10.39   10.39    0.00   -0.20      1.267   1.267   0.000
  25 2759.2  11/2-   5/2  36    0.53    2.52    2.52    3.98    1.61      12.74   12.74    0.00    0.12      1.553   1.553   0.000
  
  26 3762.6  11/2-  -3/2  34   -0.20    2.16    2.16    2.97    0.79      16.76   16.76    0.00   -0.44      2.044   2.044   0.000
  27 3982.8  13/2-  -7/2  28   -1.47    2.62    2.62   10.34    2.31      16.05   16.05    0.00    0.09      1.957   1.957   0.000
  28 4041.9  13/2-   5/2  36    0.06    2.76    2.76    5.05    1.74      17.51   17.51    0.00    0.27      2.135   2.135   0.000
  29 4567.7   1/2-   1/2  40    0.50   13.68   13.68    0.25   -2.35      16.22   16.22    0.00   -5.21      1.977   1.977   0.000
  30 5295.3  13/2-   1/2  37   -0.63    1.82    1.82    1.52    0.69      22.16   22.16    0.00   -0.06      2.702   2.702   0.000
  
  31 7840.0   1/2-   1/2  32    0.50   26.87   26.87    0.25   -3.71      30.58   30.58    0.00   -7.31      3.728   3.728   0.000
  32*******   1/2-  -3/2  33    0.00    0.00    0.00    0.00   -0.00       0.00    0.00    0.00   -0.00      0.000   0.000   0.000
