1SPECTRUM OF (Z= 82 A=207) IN PARTICLE-ROTOR  MODEL WITH MODIFIED OSCILLATOR POTENTIAL


 PARITY=-   EPS= 0.368   GAMMA=  0.0   EPS4=0.000   EPS6=0.000   LEVELS:  25  26  27  28  29  30  31  32  33  34  35  36  37  38  39

 PAIRING FACTORS: GN0= 19.20  GN1=  7.40  IPAIR= 15 ***  E2PLUS(INPUT)=   0.730  E2PLUR(INPUT)=   0.000

 CORIOLIS ATTENUATION PARAMETERS:  CHSI=1.000  ETA=  1.00

 MOMENT OF INERTIA PARAMETERS:   A1=  0.122 MEV   A2=  0.122 MEV   A3=121.91923 MEV


 DELTA=0.877 MEV  LAMBDA=53.4243 MEV   HW0= 7.5356 MEV   LAMBDA/HW0= 7.0896

 E2ENERGY=0.730 MEV  HBAR**2/B=25110./A**(7/3)=4244.8/A**2 MEV

 IREC=0  =>  RECOIL TERMS j+j-, j+j+, jzjz, ETC TREATED AS ONE-BODY OPERATORS WITH UU+VV PAIRING FACTORS



 S. P. LEVEL   EQP       U     V        (UU + VV)**1.00

     25       4.187    0.105 0.994      1.000 0.999 0.997 0.997 0.983 0.948 0.922 0.736 0.703 0.499 0.347 0.315 0.252 0.239 0.220
     26       2.946    0.150 0.989      0.999 1.000 1.000 0.999 0.991 0.961 0.939 0.766 0.735 0.538 0.390 0.358 0.296 0.283 0.265
     27       2.495    0.179 0.984      0.997 1.000 1.000 1.000 0.994 0.969 0.948 0.784 0.754 0.562 0.416 0.384 0.323 0.311 0.292
     28       2.386    0.187 0.982      0.997 0.999 1.000 1.000 0.995 0.971 0.951 0.789 0.759 0.569 0.424 0.392 0.331 0.319 0.300
     29       1.612    0.284 0.959      0.983 0.991 0.994 0.995 1.000 0.990 0.977 0.846 0.820 0.648 0.511 0.481 0.423 0.411 0.393
     30       1.155    0.418 0.909      0.948 0.961 0.969 0.971 0.990 1.000 0.997 0.914 0.893 0.750 0.629 0.602 0.549 0.537 0.521
     31       1.037    0.482 0.876      0.922 0.939 0.948 0.951 0.977 0.997 1.000 0.941 0.924 0.796 0.684 0.658 0.608 0.597 0.581
     32       0.884    0.751 0.661      0.736 0.766 0.784 0.789 0.846 0.914 0.941 1.000 0.999 0.954 0.891 0.874 0.841 0.834 0.823
     33       0.899    0.781 0.624      0.703 0.735 0.754 0.759 0.820 0.893 0.924 0.999 1.000 0.967 0.911 0.896 0.866 0.859 0.849
     34       1.182    0.914 0.405      0.499 0.538 0.562 0.569 0.648 0.750 0.796 0.954 0.967 1.000 0.986 0.980 0.964 0.961 0.955
     35       1.832    0.969 0.247      0.347 0.390 0.416 0.424 0.511 0.629 0.684 0.891 0.911 0.986 1.000 0.999 0.995 0.994 0.991
     36       2.105    0.977 0.213      0.315 0.358 0.384 0.392 0.481 0.602 0.658 0.874 0.896 0.980 0.999 1.000 0.998 0.997 0.995
     37       2.971    0.989 0.149      0.252 0.296 0.323 0.331 0.423 0.549 0.608 0.841 0.866 0.964 0.995 0.998 1.000 1.000 0.999
     38       3.256    0.991 0.136      0.239 0.283 0.311 0.319 0.411 0.537 0.597 0.834 0.859 0.961 0.994 0.997 1.000 1.000 1.000
     39       3.786    0.993 0.117      0.220 0.265 0.292 0.300 0.393 0.521 0.581 0.823 0.849 0.955 0.991 0.995 0.999 1.000 1.000

  R CORE   ENERGY   A0R/A00=1.000    R3= 0     2  
   2( 1)    0.732                    1.000 0.000
   2( 2)  487.921                    0.000 1.000

  R CORE   ENERGY   A0R/A00=1.000    R3= 0     2  
   3( 1)  488.652                    0.000 1.000

  R CORE   ENERGY   A0R/A00=1.000    R3= 0     2     4  
   4( 1)    2.438                    1.000 0.000 0.000

  R CORE   ENERGY   A0R/A00=1.000    R3= 0     2     4  
   5( 1)  490.847                    0.000 1.000 0.000

  R CORE   ENERGY   A0R/A00=1.000    R3= 0     2     4     6  
   6( 1)    5.121                    1.000 0.000 0.000 0.000

  R CORE   ENERGY   A0R/A00=1.000    R3= 0     2     4     6  
   7( 1)  494.017                    0.000 1.000 0.000 0.000

          AXIAL SYMMETRY => K RESTRICTED TO OMEGA

                     K
     S.P. ORB#: 25 -5.50
     S.P. ORB#: 26  2.50
     S.P. ORB#: 27  0.50
     S.P. ORB#: 28 -3.50
     S.P. ORB#: 29 -1.50
     S.P. ORB#: 30  0.50
     S.P. ORB#: 31 -1.50
     S.P. ORB#: 32  2.50
     S.P. ORB#: 33 -3.50
     S.P. ORB#: 34  4.50
     S.P. ORB#: 35  0.50
     S.P. ORB#: 36 -3.50
     S.P. ORB#: 37 -1.50
     S.P. ORB#: 38  2.50
     S.P. ORB#: 39  0.50
 

             ENERGY    K= OMEGA
 
 I=  1/2- (1)  2.438  30: 1.000
 
 I=  1/2- (2)  4.812  27:-0.203
                      35: 0.905
                      39:-0.375
 
 I=  1/2- (3)  7.559  27:-0.447
                      35: 0.254
                      39: 0.857
 
 I=  1/2- (4)  9.194  27: 0.871
                      35: 0.342
                      39: 0.353
 
 I=  1/2- (5)147.340  31: 1.000

             ENERGY    K= OMEGA
 
 I=  3/2- (1)  2.327  30: 0.439
                      31:-0.898
 
 I=  3/2- (2)  2.689  30:-0.857
                      31:-0.427
                      37:-0.290

             ENERGY    K= OMEGA
 
 I=  5/2- (1)  2.770  30: 0.396
                      31: 0.866
                      37:-0.099
                      38:-0.286
 
 I=  5/2- (2)  3.388  26:-0.058
                      30: 0.801
                      31:-0.385
                      37:-0.445
                      38: 0.091
 
 I=  5/2- (3)  3.991  26:-0.086
                      30:-0.252
                      31:-0.207
                      37:-0.436
                      38:-0.835
 
 I=  5/2- (4)  4.535  26:-0.266
                      30:-0.360
                      31: 0.242
                      37:-0.729
                      38: 0.457
 
 I=  5/2- (5)  4.755  26: 0.958
                      30:-0.088
                      37:-0.266
                      38: 0.068

             ENERGY    K= OMEGA
 
 I=  7/2- (1)  1.748  26:-0.169
                      33: 0.984
 
 I=  7/2- (2)  3.343  30:-0.546
                      31: 0.739
                      37:-0.205
                      38: 0.333
 
 I=  7/2- (3)  3.876  27:-0.656
                      29:-0.586
                      32:-0.435
                      36:-0.193
 
 I=  7/2- (4)  4.041  26: 0.072
                      30:-0.711
                      31:-0.529
                      37:-0.395
                      38:-0.229
 
 I=  7/2- (5)  4.263  26:-0.201
                      28:-0.964
                      30:-0.054
                      31: 0.068
                      37: 0.062
                      38:-0.135

             ENERGY    K= OMEGA
 
 I=  9/2- (1)  2.104  26:-0.085
                      28: 0.167
                      33:-0.322
                      34:-0.928
 
 I=  9/2- (2)  2.777  26:-0.228
                      28:-0.095
                      33:-0.912
                      34: 0.320
 
 I=  9/2- (3)  4.287  30: 0.436
                      31: 0.762
                      33:-0.053
                      37:-0.226
                      38:-0.416
 
 I=  9/2- (4)  4.686  27:-0.213
                      29: 0.550
                      32:-0.684
                      36: 0.430
 
 I=  9/2- (5)  5.248  26:-0.126
                      28: 0.111
                      30: 0.663
                      31:-0.459
                      33: 0.055
                      37:-0.543
                      38: 0.152

             ENERGY    K= OMEGA
 
 I= 11/2- (1)  3.229  26:-0.138
                      28:-0.226
                      33: 0.417
                      34:-0.869
 
 I= 11/2- (2)  3.272  27: 0.638
                      29: 0.583
                      32: 0.442
                      35: 0.078
                      36: 0.226
 
 I= 11/2- (3)  4.035  26: 0.266
                      28:-0.142
                      31:-0.057
                      33:-0.853
                      34:-0.415
                      38:-0.066
 
 I= 11/2- (4)  5.286  30: 0.559
                      31:-0.664
                      33: 0.066
                      37: 0.290
                      38:-0.394
 
 I= 11/2- (5)  5.530  25: 0.999

             ENERGY    K= OMEGA
 
 I= 13/2- (1)  4.580  26: 0.182
                      28:-0.265
                      33: 0.471
                      34: 0.820
 
 I= 13/2- (2)  5.184  27:-0.215
                      29: 0.551
                      32:-0.675
                      36: 0.440
 
 I= 13/2- (3)  5.523  26:-0.292
                      28:-0.183
                      31:-0.079
                      33:-0.804
                      34: 0.469
                      38: 0.086
 
 I= 13/2- (4)  6.751  30:-0.446
                      31:-0.700
                      33: 0.091
                      34:-0.052
                      37: 0.295
                      38: 0.459
 
 I= 13/2- (5)  7.117  25: 0.999

             ENERGY     K= 1/2
  32 LEVELS    TIME=  0.0 SEC



 ******************* EXCITATION ENERGIES, DOMINANT CONFIGURATION AND EXPECTATION VALUES (WITH S.P. UU+VV FACTORS) *******************

  NR  Eex(keV)  I   Kdom  NY    <Jz>  <Jx**2> <Jy**2> <Jz**2> <I.j>/|I|  <Rx**2> <Ry**2> <Rz**2> <R.j>/|R|  <HROTx> <HROTy> <HROTz>

   1    0.0   7/2-  -7/2  33   -3.32    2.31    2.31   12.07    3.27       3.22    3.22    0.00   -1.45      0.393   0.393   0.000
   2  355.6   9/2-   9/2  34    3.44    2.51    2.51   19.10    4.16       3.71    3.71    0.00   -1.24      0.452   0.452   0.000
   3  578.5   3/2-  -3/2  31   -1.11    4.88    4.88    1.86    1.29       5.19    5.19   -0.00   -2.83      0.633   0.633  -0.000
   4  689.8   1/2-   1/2  30    0.50    4.86    4.86    0.25    0.11       5.26    5.26    0.00   -3.04      0.642   0.642   0.000
   5  940.3   3/2-   1/2  30   -0.03    4.51    4.51    0.78    0.53       5.75    5.75    0.00   -2.59      0.701   0.701   0.000
  
   6 1022.1   5/2-  -3/2  31   -0.85    4.66    4.66    2.27    1.34       6.20    6.20   -0.00   -2.16      0.756   0.756  -0.000
   7 1028.7   9/2-  -7/2  33   -2.35    2.38    2.38   12.73    2.82       7.07    7.07    0.00   -0.91      0.862   0.862   0.000
   8 1480.7  11/2-   9/2  34    2.66    2.68    2.68   18.19    3.59       8.20    8.20    0.00   -0.52      0.999   0.999   0.000
   9 1524.1  11/2-   1/2  27    0.01   23.56   23.56    2.72    6.19       5.81    5.81   -0.00   -3.77      0.708   0.708  -0.000
  10 1594.2   7/2-  -3/2  31   -0.46    4.52    4.52    2.11    1.38       7.96    7.96    0.00   -1.42      0.971   0.971   0.000
  
  11 1639.2   5/2-   1/2  30   -0.17    4.10    4.10    1.01    0.45       7.66    7.66    0.00   -2.02      0.933   0.933   0.000
  12 2127.3   7/2-   1/2  27    0.04   23.12   23.12    2.52    6.06       8.22    8.22    0.00   -6.10      1.002   1.002   0.000
  13 2243.1   5/2-   5/2  38    1.44    2.10    2.10    4.94    1.61       4.18    4.18    0.00   -1.51      0.510   0.510   0.000
  14 2286.1  11/2-  -7/2  33   -1.66    2.46    2.46   13.15    2.51      11.89   11.89    0.00   -0.63      1.450   1.450   0.000
  15 2293.0   7/2-   1/2  30   -0.26    4.07    4.07    1.48    0.60      10.32   10.32    0.00   -1.60      1.259   1.259   0.000
  
  16 2514.2   7/2-  -7/2  28   -3.12    6.10    6.10   11.78    3.10       7.57    7.57    0.00   -3.00      0.923   0.923   0.000
  17 2538.8   9/2-  -3/2  31   -0.43    4.31    4.31    2.61    1.36      11.25   11.25    0.00   -0.95      1.371   1.371   0.000
  18 2787.0   5/2-  -3/2  37   -0.12    2.82    2.82    3.11    0.39       7.61    7.61    0.00   -1.95      0.928   0.928   0.000
  19 2831.5  13/2-   9/2  34    2.08    2.85    2.85   17.45    3.20      13.59   13.59    0.00   -0.15      1.657   1.657   0.000
  20 2937.8   9/2-   5/2  32    0.09   24.00   24.00    5.88    5.20      13.46   13.46   -0.00   -5.40      1.641   1.641  -0.000
  
  21 3006.2   5/2-   5/2  26    2.20    5.72    5.72    5.92    1.89       7.46    7.46    0.00   -3.05      0.910   0.910   0.000
  22 3063.2   1/2-   1/2  35    0.50   11.22   11.22    0.25    0.86      10.98   10.98    0.00   -4.68      1.339   1.339   0.000
  23 3435.4  13/2-   5/2  32    0.03   24.01   24.01    5.91    5.14      15.45   15.45   -0.00   -3.25      1.883   1.883  -0.000
  24 3499.7   9/2-   1/2  30   -0.49    3.72    3.72    1.69    0.53      14.31   14.31    0.00   -1.22      1.745   1.745   0.000
  25 3537.8  11/2-  -3/2  31   -0.26    4.27    4.27    2.32    1.36      15.19   15.19    0.00   -0.50      1.852   1.852   0.000
  
  26 3774.5  13/2-  -7/2  33   -1.17    2.55    2.55   13.40    2.28      17.70   17.70    0.00   -0.43      2.158   2.158   0.000
  27 3781.7  11/2- -11/2  25   -5.49    2.75    2.75   30.23    5.05       5.52    5.52    0.00   -1.66      0.673   0.673   0.000
  28 5002.8  13/2-  -3/2  31   -0.26    4.09    4.09    2.85    1.31      20.71   20.71   -0.00   -0.29      2.525   2.525  -0.000
  29 5368.5  13/2- -11/2  25   -5.48    2.75    2.75   30.20    4.32      12.05   12.05    0.00   -1.13      1.469   1.469   0.000
  30 5810.7   1/2-   1/2  39    0.50   16.02   16.02    0.25   -0.61      17.05   17.05    0.00   -5.62      2.079   2.079   0.000
  
  31 7445.9   1/2-   1/2  27    0.50   23.72   23.72    0.25   -3.36      27.13   27.13    0.00   -6.87      3.308   3.308   0.000
  32*******   1/2-  -3/2  31    0.00    0.00    0.00    0.00    0.00       0.00    0.00    0.00   -0.00      0.000   0.000   0.000
