1SPECTRUM OF (Z= 82 A=207) IN PARTICLE-ROTOR  MODEL WITH MODIFIED OSCILLATOR POTENTIAL


 PARITY=-   EPS= 0.265   GAMMA=  0.0   EPS4=0.000   EPS6=0.000   LEVELS:  25  26  27  28  29  30  31  32  33  34  35  36  37  38  39

 PAIRING FACTORS: GN0= 19.20  GN1=  7.40  IPAIR= 15 ***  E2PLUS(INPUT)=   0.730  E2PLUR(INPUT)=   0.000

 CORIOLIS ATTENUATION PARAMETERS:  CHSI=1.000  ETA=  1.00

 MOMENT OF INERTIA PARAMETERS:   A1=  0.122 MEV   A2=  0.122 MEV   A3=121.91924 MEV


 DELTA=0.943 MEV  LAMBDA=53.3516 MEV   HW0= 7.4732 MEV   LAMBDA/HW0= 7.1391

 E2ENERGY=0.730 MEV  HBAR**2/B=13021./A**(7/3)=2201.2/A**2 MEV

 IREC=0  =>  RECOIL TERMS j+j-, j+j+, jzjz, ETC TREATED AS ONE-BODY OPERATORS WITH UU+VV PAIRING FACTORS



 S. P. LEVEL   EQP       U     V        (UU + VV)**1.00

     25       4.121    0.115 0.993      1.000 1.000 0.999 0.985 0.984 0.979 0.952 0.813 0.633 0.424 0.412 0.379 0.309 0.292 0.236
     26       3.706    0.128 0.992      1.000 1.000 1.000 0.987 0.986 0.981 0.956 0.821 0.643 0.436 0.424 0.392 0.322 0.305 0.249
     27       3.156    0.151 0.989      0.999 1.000 1.000 0.991 0.990 0.986 0.963 0.834 0.660 0.457 0.445 0.413 0.343 0.326 0.271
     28       1.727    0.285 0.959      0.985 0.987 0.991 1.000 1.000 0.999 0.991 0.901 0.757 0.574 0.563 0.533 0.469 0.453 0.400
     29       1.700    0.290 0.957      0.984 0.986 0.990 1.000 1.000 1.000 0.991 0.904 0.760 0.578 0.567 0.538 0.473 0.457 0.405
     30       1.570    0.317 0.949      0.979 0.981 0.986 0.999 1.000 1.000 0.995 0.915 0.778 0.601 0.590 0.561 0.498 0.482 0.430
     31       1.254    0.413 0.911      0.952 0.956 0.963 0.991 0.991 0.995 1.000 0.952 0.839 0.680 0.670 0.644 0.585 0.570 0.521
     32       0.948    0.672 0.741      0.813 0.821 0.834 0.901 0.904 0.915 0.952 1.000 0.965 0.872 0.865 0.847 0.805 0.794 0.757
     33       1.038    0.842 0.539      0.633 0.643 0.660 0.757 0.760 0.778 0.839 0.965 1.000 0.970 0.966 0.956 0.932 0.925 0.902
     34       1.568    0.948 0.317      0.424 0.436 0.457 0.574 0.578 0.601 0.680 0.872 0.970 1.000 1.000 0.999 0.992 0.990 0.980
     35       1.627    0.953 0.304      0.412 0.424 0.445 0.563 0.567 0.590 0.670 0.865 0.966 1.000 1.000 0.999 0.994 0.992 0.983
     36       1.812    0.963 0.270      0.379 0.392 0.413 0.533 0.538 0.561 0.644 0.847 0.956 0.999 0.999 1.000 0.997 0.996 0.989
     37       2.434    0.980 0.198      0.309 0.322 0.343 0.469 0.473 0.498 0.585 0.805 0.932 0.992 0.994 0.997 1.000 1.000 0.997
     38       2.666    0.984 0.180      0.292 0.305 0.326 0.453 0.457 0.482 0.570 0.794 0.925 0.990 0.992 0.996 1.000 1.000 0.998
     39       3.876    0.992 0.123      0.236 0.249 0.271 0.400 0.405 0.430 0.521 0.757 0.902 0.980 0.983 0.989 0.997 0.998 1.000

  R CORE   ENERGY   A0R/A00=1.000    R3= 0     2  
   2( 1)    0.732                    1.000 0.000
   2( 2)  487.921                    0.000 1.000

  R CORE   ENERGY   A0R/A00=1.000    R3= 0     2  
   3( 1)  488.652                    0.000 1.000

  R CORE   ENERGY   A0R/A00=1.000    R3= 0     2     4  
   4( 1)    2.438                    1.000 0.000 0.000

  R CORE   ENERGY   A0R/A00=1.000    R3= 0     2     4  
   5( 1)  490.847                    0.000 1.000 0.000

  R CORE   ENERGY   A0R/A00=1.000    R3= 0     2     4     6  
   6( 1)    5.121                    1.000 0.000 0.000 0.000

  R CORE   ENERGY   A0R/A00=1.000    R3= 0     2     4     6  
   7( 1)  494.017                    0.000 1.000 0.000 0.000

          AXIAL SYMMETRY => K RESTRICTED TO OMEGA

                     K
     S.P. ORB#: 25  0.50
     S.P. ORB#: 26  2.50
     S.P. ORB#: 27 -3.50
     S.P. ORB#: 28  0.50
     S.P. ORB#: 29 -3.50
     S.P. ORB#: 30 -1.50
     S.P. ORB#: 31  4.50
     S.P. ORB#: 32  0.50
     S.P. ORB#: 33 -1.50
     S.P. ORB#: 34 -1.50
     S.P. ORB#: 35  2.50
     S.P. ORB#: 36  2.50
     S.P. ORB#: 37  0.50
     S.P. ORB#: 38 -3.50
     S.P. ORB#: 39  0.50
 

             ENERGY    K= OMEGA
 
 I=  1/2- (1)  2.731  28:-0.205
                      37:-0.977
 
 I=  1/2- (2)  2.885  25:-0.051
                      28: 0.978
                      37:-0.203
 
 I=  1/2- (3)  5.537  25: 0.998
                      37:-0.058
 
 I=  1/2- (4)  6.471  32:-0.669
                      39: 0.743
 
 I=  1/2- (5)  9.648  32:-0.743
                      39:-0.669

             ENERGY    K= OMEGA
 
 I=  3/2- (1)  2.067  25: 0.070
                      28: 0.268
                      30: 0.148
                      34: 0.946
                      37:-0.082
 
 I=  3/2- (2)  2.719  25:-0.093
                      28: 0.221
                      30:-0.958
                      34: 0.104
                      37: 0.119
 
 I=  3/2- (3)  2.989  25: 0.208
                      28: 0.835
                      30: 0.090
                      34:-0.301
                      37:-0.402
 
 I=  3/2- (4)  3.515  25:-0.190
                      28:-0.347
                      30:-0.167
                      34: 0.060
                      37:-0.901
 
 I=  3/2- (5)  4.725  32:-0.825
                      33:-0.359
                      39: 0.436

             ENERGY    K= OMEGA
 
 I=  5/2- (1)  2.237  25: 0.117
                      28:-0.246
                      30:-0.349
                      34: 0.448
                      36: 0.772
                      37:-0.080
 
 I=  5/2- (2)  2.722  25: 0.054
                      28: 0.159
                      30:-0.359
                      34:-0.837
                      36: 0.353
                      37:-0.125
 
 I=  5/2- (3)  2.942  25:-0.237
                      28: 0.467
                      30: 0.577
                      36: 0.497
                      37: 0.380
 
 I=  5/2- (4)  3.606  25:-0.199
                      28: 0.106
                      30: 0.342
                      36: 0.102
                      37:-0.906
 
 I=  5/2- (5)  4.208  25: 0.073
                      28:-0.797
                      30: 0.489
                      34:-0.307
                      36: 0.143
                      37: 0.078

             ENERGY    K= OMEGA
 
 I=  7/2- (1)  2.452  26: 0.221
                      27:-0.070
                      29:-0.970
                      36:-0.056
 
 I=  7/2- (2)  2.889  28:-0.266
                      30: 0.312
                      34:-0.534
                      36: 0.736
 
 I=  7/2- (3)  3.187  32: 0.748
                      33: 0.560
                      35: 0.325
                      38: 0.126
                      39:-0.073
 
 I=  7/2- (4)  3.270  25: 0.255
                      28: 0.443
                      29:-0.071
                      30: 0.465
                      34: 0.575
                      36: 0.383
                      37:-0.201
 
 I=  7/2- (5)  4.213  25:-0.066
                      27: 0.081
                      28: 0.457
                      30:-0.745
                      36: 0.468
                      37: 0.073

             ENERGY    K= OMEGA
 
 I=  9/2- (1)  2.054  26:-0.065
                      27: 0.235
                      29:-0.177
                      31:-0.953
 
 I=  9/2- (2)  3.342  25: 0.141
                      26:-0.262
                      27:-0.099
                      28:-0.181
                      29:-0.821
                      30:-0.278
                      31: 0.139
                      34: 0.114
                      36: 0.278
                      37:-0.087
 
 I=  9/2- (3)  3.403  25:-0.263
                      26:-0.153
                      28: 0.377
                      29:-0.435
                      30: 0.475
                      31: 0.100
                      34:-0.348
                      36:-0.440
                      37: 0.159
 
 I=  9/2- (4)  4.454  25: 0.232
                      26:-0.056
                      27: 0.053
                      28:-0.138
                      29: 0.055
                      30:-0.448
                      34:-0.667
                      36:-0.377
                      37:-0.361
 
 I=  9/2- (5)  4.474  32: 0.246
                      33:-0.609
                      35: 0.644
                      38:-0.392

             ENERGY    K= OMEGA
 
 I= 11/2- (1)  2.315  32: 0.693
                      33: 0.576
                      35: 0.388
                      38: 0.189
 
 I= 11/2- (2)  3.057  26: 0.110
                      27: 0.315
                      29:-0.246
                      31: 0.910
 
 I= 11/2- (3)  4.481  26: 0.352
                      27:-0.130
                      29:-0.882
                      30:-0.093
                      31:-0.234
                      34:-0.065
                      36:-0.104
 
 I= 11/2- (4)  4.825  28:-0.345
                      30: 0.378
                      31:-0.058
                      34:-0.544
                      36: 0.659
 
 I= 11/2- (5)  5.170  25:-0.367
                      28:-0.506
                      29: 0.150
                      30:-0.516
                      34:-0.413
                      36:-0.308
                      37: 0.231

             ENERGY    K= OMEGA
 
 I= 13/2- (1)  4.280  26:-0.148
                      27: 0.365
                      29:-0.292
                      31:-0.870
 
 I= 13/2- (2)  4.579  32: 0.231
                      33:-0.590
                      35: 0.652
                      38:-0.417
 
 I= 13/2- (3)  5.319  25:-0.399
                      28: 0.468
                      29: 0.073
                      30: 0.583
                      34:-0.282
                      36:-0.391
                      37: 0.207
 
 I= 13/2- (4)  5.859  26:-0.389
                      27:-0.156
                      28: 0.062
                      29:-0.850
                      31: 0.290
                      34:-0.110
 
 I= 13/2- (5)  7.103  25: 0.230
                      26:-0.053
                      27: 0.063
                      28:-0.118
                      29: 0.074
                      30:-0.298
                      34:-0.645
                      36:-0.532
                      37:-0.362

             ENERGY     K= 1/2
  35 LEVELS    TIME=  0.0 SEC



 ******************* EXCITATION ENERGIES, DOMINANT CONFIGURATION AND EXPECTATION VALUES (WITH S.P. UU+VV FACTORS) *******************

  NR  Eex(keV)  I   Kdom  NY    <Jz>  <Jx**2> <Jy**2> <Jz**2> <I.j>/|I|  <Rx**2> <Ry**2> <Rz**2> <R.j>/|R|  <HROTx> <HROTy> <HROTz>

   1    0.0   9/2-   9/2  31    3.80    2.60    2.60   19.49    4.42       2.75    2.75    0.00   -1.16      0.335   0.335   0.000
   2   12.8   3/2-  -3/2  34   -1.33    1.80    1.80    2.08    1.44       1.92    1.92   -0.00   -1.47      0.234   0.234  -0.000
   3  183.3   5/2-   5/2  36    1.05    2.46    2.46    4.48    2.41       1.94    1.94   -0.00   -1.15      0.237   0.237  -0.000
   4  260.9  11/2-   1/2  32   -0.00   26.31   26.31    2.24    6.77       4.80    4.80    0.00   -4.63      0.586   0.586   0.000
   5  397.4   7/2-  -7/2  29   -3.18    2.31    2.31   11.92    3.40       2.65    2.65    0.00   -1.32      0.323   0.323   0.000
  
   6  664.8   3/2-  -3/2  30   -1.36    4.49    4.49    2.11    1.49       4.54    4.54    0.00   -2.72      0.553   0.553   0.000
   7  668.2   5/2-  -3/2  34   -0.90    1.82    1.82    2.67    1.03       4.49    4.49   -0.00   -1.09      0.547   0.547  -0.000
   8  677.4   1/2-   1/2  37    0.50    1.61    1.61    0.25    0.91       1.32    1.32    0.00   -1.65      0.161   0.161   0.000
   9  831.0   1/2-   1/2  28    0.50    4.28    4.28    0.25    0.20       4.60    4.60    0.00   -2.84      0.561   0.561   0.000
  10  834.9   7/2-   5/2  36    0.81    2.32    2.32    4.31    1.90       4.80    4.80   -0.00   -0.45      0.586   0.586  -0.000
  
  11  887.6   5/2-  -3/2  30    0.33    3.79    3.79    2.40    1.77       4.14    4.14    0.00   -1.65      0.505   0.505   0.000
  12  935.3   3/2-   1/2  28    0.30    3.45    3.45    0.45    0.62       4.35    4.35   -0.00   -2.08      0.530   0.530  -0.000
  13 1002.9  11/2-   9/2  31    3.20    2.86    2.86   18.79    3.97       6.39    6.39    0.00   -0.22      0.779   0.779   0.000
  14 1133.2   7/2-   1/2  32    0.02   25.41   25.41    1.70    6.44       8.60    8.60   -0.00   -6.51      1.048   1.048  -0.000
  15 1215.5   7/2-  -3/2  34   -0.32    2.66    2.66    2.29    1.47       5.87    5.87    0.00   -0.52      0.715   0.715   0.000
  
  16 1288.0   9/2-  -7/2  29   -2.05    2.72    2.72    9.90    2.84       5.93    5.93    0.00   -0.36      0.724   0.724   0.000
  17 1348.6   9/2-  -3/2  30   -0.48    3.59    3.59    4.72    2.45       6.13    6.13   -0.00    0.09      0.747   0.747  -0.000
  18 1461.3   3/2-   1/2  37    0.44    1.88    1.88    0.31   -0.38       4.64    4.64    0.00   -1.58      0.566   0.566   0.000
  19 1552.1   5/2-   1/2  37    0.28    1.76    1.76    0.55    0.47       5.01    5.01    0.00   -0.84      0.611   0.611   0.000
  20 2154.4   5/2-   1/2  28   -0.13    4.29    4.29    1.04   -0.38      10.31   10.31   -0.00   -2.37      1.257   1.257  -0.000
  
  21 2159.2   7/2-  -3/2  30   -0.19    3.88    3.88    2.76    0.70      10.37   10.37    0.00   -1.70      1.264   1.264   0.000
  22 2225.9  13/2-   9/2  31    2.70    3.09    3.09   18.16    3.66      10.99   10.99    0.00    0.26      1.340   1.340   0.000
  23 2400.1   9/2-  -3/2  34   -0.52    2.41    2.41    2.49    1.09      10.60   10.60    0.00   -0.41      1.293   1.293   0.000
  24 2420.0   9/2-   5/2  35   -0.03   25.85   25.85    5.32    5.79      12.09   12.09    0.00   -5.74      1.474   1.474   0.000
  25 2427.0  11/2-  -7/2  29   -2.21    2.56    2.56   11.71    2.66      10.37   10.37    0.00   -0.20      1.264   1.264   0.000
  
  26 2524.7  13/2-   5/2  35   -0.04   25.82   25.82    5.58    5.82      12.35   12.35    0.00   -3.34      1.506   1.506   0.000
  27 2671.2   3/2-   1/2  32    0.24   19.55   19.55    0.51    4.40      13.17   13.17    0.00   -6.06      1.605   1.605   0.000
  28 2770.8  11/2-   5/2  36    0.50    2.62    2.62    3.84    1.60      12.82   12.82   -0.00    0.10      1.563   1.563  -0.000
  29 3115.7  11/2-  -3/2  30   -0.27    3.22    3.22    1.99    1.54      12.89   12.89    0.00    0.15      1.572   1.572   0.000
  30 3264.5  13/2-  -3/2  30   -0.05    4.50    4.50    2.08    2.39      13.25   13.25   -0.00    1.08      1.616   1.616  -0.000
  
  31 3483.1   1/2-   1/2  25    0.50    5.94    5.94    0.25    0.69       5.85    5.85    0.00   -3.37      0.713   0.713   0.000
  32 3804.6  13/2-  -7/2  29   -1.87    2.65    2.65   11.83    2.45      15.82   15.82    0.00   -0.00      1.928   1.928   0.000
  33 4416.6   1/2-   1/2  39    0.50   13.54   13.54    0.25   -2.29      16.02   16.02    0.00   -5.18      1.953   1.953   0.000
  34 5048.7  13/2-  -3/2  34    0.03    2.18    2.18    3.13    0.97      21.33   21.33   -0.00   -0.11      2.601   2.601  -0.000
  35 7593.9   1/2-   1/2  32    0.50   26.62   26.62    0.25   -3.68      30.30   30.30    0.00   -7.28      3.695   3.695   0.000
  
