1SPECTRUM OF (Z= 82 A=207) IN PARTICLE-ROTOR  MODEL WITH MODIFIED OSCILLATOR POTENTIAL


 PARITY=-   EPS= 0.234   GAMMA=  0.0   EPS4=0.000   EPS6=0.000   LEVELS:  24  25  26  27  28  29  30  31  32  33  34  35  36  37  38

 PAIRING FACTORS: GN0= 19.20  GN1=  7.40  IPAIR= 15 ***  E2PLUS(INPUT)=   0.730  E2PLUR(INPUT)=   0.000

 CORIOLIS ATTENUATION PARAMETERS:  CHSI=1.000  ETA=  1.00

 MOMENT OF INERTIA PARAMETERS:   A1=  0.122 MEV   A2=  0.122 MEV   A3=121.91924 MEV


 DELTA=0.940 MEV  LAMBDA=53.4537 MEV   HW0= 7.4589 MEV   LAMBDA/HW0= 7.1664

 E2ENERGY=0.730 MEV  HBAR**2/B=10153./A**(7/3)=1716.3/A**2 MEV

 IREC=0  =>  RECOIL TERMS j+j-, j+j+, jzjz, ETC TREATED AS ONE-BODY OPERATORS WITH UU+VV PAIRING FACTORS



 S. P. LEVEL   EQP       U     V        (UU + VV)**1.00

     24       5.188    0.091 0.996      1.000 1.000 1.000 0.999 0.992 0.988 0.983 0.979 0.625 0.530 0.494 0.455 0.353 0.338 0.264
     25       4.136    0.114 0.993      1.000 1.000 1.000 1.000 0.994 0.991 0.987 0.984 0.644 0.550 0.515 0.475 0.375 0.360 0.286
     26       4.010    0.118 0.993      1.000 1.000 1.000 1.000 0.995 0.992 0.988 0.984 0.646 0.553 0.518 0.479 0.379 0.364 0.290
     27       3.470    0.137 0.991      0.999 1.000 1.000 1.000 0.996 0.994 0.991 0.987 0.661 0.569 0.534 0.495 0.396 0.381 0.308
     28       2.197    0.219 0.976      0.992 0.994 0.995 0.996 1.000 1.000 0.999 0.997 0.721 0.635 0.603 0.566 0.472 0.457 0.387
     29       1.970    0.246 0.969      0.988 0.991 0.992 0.994 1.000 1.000 1.000 0.999 0.740 0.657 0.625 0.589 0.496 0.482 0.412
     30       1.807    0.270 0.963      0.983 0.987 0.988 0.991 0.999 1.000 1.000 1.000 0.756 0.675 0.644 0.608 0.517 0.503 0.434
     31       1.687    0.291 0.957      0.979 0.984 0.984 0.987 0.997 0.999 1.000 1.000 0.771 0.691 0.660 0.626 0.536 0.522 0.454
     32       1.021    0.834 0.552      0.625 0.644 0.646 0.661 0.721 0.740 0.756 0.771 1.000 0.993 0.987 0.979 0.951 0.946 0.918
     33       1.168    0.893 0.451      0.530 0.550 0.553 0.569 0.635 0.657 0.675 0.691 0.993 1.000 0.999 0.996 0.981 0.977 0.958
     34       1.249    0.911 0.413      0.494 0.515 0.518 0.534 0.603 0.625 0.644 0.660 0.987 0.999 1.000 0.999 0.988 0.985 0.969
     35       1.362    0.928 0.372      0.455 0.475 0.479 0.495 0.566 0.589 0.608 0.626 0.979 0.996 0.999 1.000 0.994 0.992 0.979
     36       1.826    0.964 0.267      0.353 0.375 0.379 0.396 0.472 0.496 0.517 0.536 0.951 0.981 0.988 0.994 1.000 1.000 0.996
     37       1.932    0.968 0.251      0.338 0.360 0.364 0.381 0.457 0.482 0.503 0.522 0.946 0.977 0.985 0.992 1.000 1.000 0.997
     38       2.726    0.985 0.175      0.264 0.286 0.290 0.308 0.387 0.412 0.434 0.454 0.918 0.958 0.969 0.979 0.996 0.997 1.000

  R CORE   ENERGY   A0R/A00=1.000    R3= 0     2  
   2( 1)    0.732                    1.000 0.000
   2( 2)  487.921                    0.000 1.000

  R CORE   ENERGY   A0R/A00=1.000    R3= 0     2  
   3( 1)  488.652                    0.000 1.000

  R CORE   ENERGY   A0R/A00=1.000    R3= 0     2     4  
   4( 1)    2.438                    1.000 0.000 0.000

  R CORE   ENERGY   A0R/A00=1.000    R3= 0     2     4  
   5( 1)  490.847                    0.000 1.000 0.000

  R CORE   ENERGY   A0R/A00=1.000    R3= 0     2     4     6  
   6( 1)    5.121                    1.000 0.000 0.000 0.000

  R CORE   ENERGY   A0R/A00=1.000    R3= 0     2     4     6  
   7( 1)  494.017                    0.000 1.000 0.000 0.000

          AXIAL SYMMETRY => K RESTRICTED TO OMEGA

                     K
     S.P. ORB#: 24  2.50
     S.P. ORB#: 25  0.50
     S.P. ORB#: 26  2.50
     S.P. ORB#: 27 -3.50
     S.P. ORB#: 28 -3.50
     S.P. ORB#: 29  0.50
     S.P. ORB#: 30 -1.50
     S.P. ORB#: 31  4.50
     S.P. ORB#: 32  0.50
     S.P. ORB#: 33 -1.50
     S.P. ORB#: 34 -1.50
     S.P. ORB#: 35  2.50
     S.P. ORB#: 36  2.50
     S.P. ORB#: 37  0.50
     S.P. ORB#: 38 -3.50
 

             ENERGY    K= OMEGA
 
 I=  1/2- (1)  2.216  25:-0.055
                      37:-0.998
 
 I=  1/2- (2)  3.077  29: 0.999
 
 I=  1/2- (3)  5.459  25: 0.998
                      37:-0.056
 
 I=  1/2- (4)  8.604  32: 1.000
 
 I=  1/2- (5)147.471  33:-1.000

             ENERGY    K= OMEGA
 
 I=  3/2- (1)  1.679  29: 0.191
                      30: 0.101
                      33: 0.973
                      37:-0.067
 
 I=  3/2- (2)  2.778  25: 0.091
                      29: 0.218
                      30: 0.491
                      33:-0.155
                      37:-0.824

             ENERGY    K= OMEGA
 
 I=  5/2- (1)  1.839  25:-0.063
                      29: 0.159
                      30: 0.199
                      33:-0.478
                      35:-0.837
 
 I=  5/2- (2)  2.340  29: 0.189
                      30:-0.203
                      33:-0.838
                      35: 0.462
                      37:-0.074
 
 I=  5/2- (3)  2.789  25: 0.134
                      29:-0.313
                      30:-0.440
                      35:-0.213
                      37:-0.802
 
 I=  5/2- (4)  3.302  24: 0.065
                      25:-0.314
                      29: 0.344
                      30: 0.635
                      33: 0.063
                      35: 0.169
                      37:-0.585
 
 I=  5/2- (5)  4.367  24: 0.064
                      25: 0.075
                      29:-0.817
                      30: 0.499
                      33:-0.251
                      35: 0.102

             ENERGY    K= OMEGA
 
 I=  7/2- (1)  2.484  29:-0.206
                      30: 0.223
                      33:-0.550
                      35: 0.776
 
 I=  7/2- (2)  2.888  24:-0.057
                      25: 0.092
                      26:-0.223
                      27: 0.103
                      28:-0.828
                      29: 0.168
                      30: 0.183
                      33: 0.353
                      35: 0.223
                      37:-0.085
 
 I=  7/2- (3)  3.049  25:-0.170
                      26:-0.078
                      28:-0.498
                      29:-0.314
                      30:-0.312
                      33:-0.567
                      35:-0.414
                      37: 0.165
 
 I=  7/2- (4)  3.344  32: 0.738
                      34: 0.571
                      36: 0.335
                      38: 0.133
 
 I=  7/2- (5)  4.162  24:-0.135
                      25: 0.206
                      27: 0.089
                      30: 0.697
                      33:-0.287
                      35:-0.399
                      37:-0.451

             ENERGY    K= OMEGA
 
 I=  9/2- (1)  2.434  24: 0.068
                      26:-0.064
                      27: 0.274
                      28: 0.164
                      31:-0.940
 
 I=  9/2- (2)  3.143  25:-0.224
                      28:-0.054
                      29: 0.340
                      30: 0.434
                      31: 0.082
                      33:-0.450
                      35:-0.635
                      37: 0.162
 
 I=  9/2- (3)  3.772  24: 0.090
                      26: 0.316
                      27: 0.145
                      28:-0.878
                      29:-0.053
                      30: 0.103
                      31:-0.127
                      33: 0.258
 
 I=  9/2- (4)  4.199  24: 0.069
                      25:-0.205
                      28: 0.246
                      29: 0.105
                      30: 0.468
                      31: 0.051
                      33: 0.625
                      35: 0.124
                      37: 0.503
 
 I=  9/2- (5)  4.357  25: 0.141
                      28: 0.161
                      29:-0.417
                      33: 0.450
                      35:-0.691
                      37:-0.310

             ENERGY    K= OMEGA
 
 I= 11/2- (1)  2.333  32:-0.696
                      34:-0.575
                      36:-0.388
                      38:-0.188
 
 I= 11/2- (2)  3.358  24: 0.116
                      26:-0.103
                      27:-0.376
                      28:-0.212
                      30:-0.053
                      31:-0.883
                      35:-0.070
 
 I= 11/2- (3)  4.435  28:-0.073
                      29:-0.282
                      30: 0.320
                      31:-0.108
                      33:-0.555
                      35: 0.699
 
 I= 11/2- (4)  4.769  24:-0.135
                      25: 0.191
                      26:-0.306
                      27: 0.165
                      28:-0.674
                      29: 0.266
                      30: 0.300
                      31: 0.092
                      33: 0.376
                      35: 0.203
                      37:-0.135
 
 I= 11/2- (5)  5.117  25: 0.263
                      26: 0.203
                      27:-0.072
                      28: 0.578
                      29: 0.364
                      30: 0.370
                      31:-0.162
                      33: 0.354
                      35: 0.301
                      37:-0.197

             ENERGY    K= OMEGA
 
 I= 13/2- (1)  4.466  24: 0.165
                      25:-0.067
                      26:-0.129
                      27: 0.442
                      28: 0.227
                      29: 0.075
                      30: 0.128
                      31:-0.814
                      33:-0.074
                      35:-0.119
 
 I= 13/2- (2)  4.627  32:-0.237
                      34: 0.589
                      36:-0.650
                      38: 0.417
 
 I= 13/2- (3)  5.158  24: 0.060
                      25:-0.343
                      28:-0.119
                      29: 0.420
                      30: 0.519
                      31: 0.216
                      33:-0.344
                      35:-0.457
                      37: 0.208
 
 I= 13/2- (4)  6.168  24: 0.150
                      26: 0.396
                      27: 0.206
                      28:-0.807
                      29:-0.088
                      30: 0.092
                      31:-0.164
                      33: 0.288
 
 I= 13/2- (5)  6.792  24:-0.057
                      25: 0.238
                      28:-0.210
                      29:-0.153
                      30:-0.327
                      33:-0.548
                      35:-0.472
                      37:-0.487

             ENERGY     K=-7/2
  32 LEVELS    TIME=  0.0 SEC



 ******************* EXCITATION ENERGIES, DOMINANT CONFIGURATION AND EXPECTATION VALUES (WITH S.P. UU+VV FACTORS) *******************

  NR  Eex(keV)  I   Kdom  NY    <Jz>  <Jx**2> <Jy**2> <Jz**2> <I.j>/|I|  <Rx**2> <Ry**2> <Rz**2> <R.j>/|R|  <HROTx> <HROTy> <HROTz>

   1    0.0   3/2-  -3/2  33   -1.41    1.66    1.66    2.16    1.40       1.91    1.91    0.00   -1.42      0.233   0.233   0.000
   2  159.6   5/2-   5/2  35    1.37    1.95    1.95    4.99    2.32       1.95    1.95    0.00   -1.02      0.238   0.238   0.000
   3  536.3   1/2-   1/2  37    0.50    1.34    1.34    0.25    0.82       1.13    1.13    0.00   -1.48      0.138   0.138   0.000
   4  654.2  11/2-   1/2  32   -0.00   26.97   26.97    2.24    6.96       4.33    4.33    0.00   -4.94      0.528   0.528   0.000
   5  661.3   5/2-  -3/2  33   -0.56    1.65    1.65    3.03    1.07       4.37    4.37    0.00   -1.07      0.533   0.533   0.000
  
   6  754.3   9/2-   9/2  31    3.65    2.73    2.73   19.23    4.49       2.36    2.36    0.00   -1.07      0.287   0.287   0.000
   7  804.9   7/2-   5/2  35    0.99    2.04    2.04    4.60    1.91       4.62    4.62    0.00   -0.36      0.564   0.564   0.000
   8 1098.3   3/2-   1/2  37   -0.03    2.32    2.32    0.78    0.52       3.58    3.58    0.00   -1.65      0.437   0.437   0.000
   9 1109.8   5/2-   1/2  37    0.21    2.67    2.67    0.92    1.35       3.51    3.51    0.00   -0.85      0.428   0.428   0.000
  10 1208.6   7/2-  -7/2  28   -2.39    2.23    2.23    9.53    2.97       3.09    3.09   -0.00   -0.89      0.376   0.376  -0.000
  
  11 1369.8   7/2-  -3/2  33   -0.98    2.15    2.15    5.14    1.80       5.44    5.44   -0.00   -0.69      0.663   0.663  -0.000
  12 1397.8   1/2-   1/2  29    0.50    4.31    4.31    0.25    0.33       4.53    4.53    0.00   -2.85      0.552   0.552   0.000
  13 1463.4   9/2-   5/2  35    0.53    3.14    3.14    3.66    2.25       6.13    6.13    0.00    0.37      0.748   0.748   0.000
  14 1622.9   5/2-  -3/2  30   -0.25    3.08    3.08    1.27    1.07       4.94    4.94    0.00   -1.36      0.602   0.602   0.000
  15 1664.9   7/2-   1/2  32    0.00   27.06   27.06    1.79    6.83       8.73    8.73   -0.00   -6.89      1.064   1.064  -0.000
  
  16 1679.0  11/2-   9/2  31    2.92    3.16    3.16   18.27    4.14       5.44    5.44    0.00    0.04      0.663   0.663   0.000
  17 2092.3   9/2-  -7/2  28   -2.53    2.36    2.36   10.88    2.88       5.85    5.85   -0.00   -0.37      0.713   0.713  -0.000
  18 2482.3   7/2-  -3/2  30   -0.31    3.46    3.46    2.55    0.82       9.35    9.35    0.00   -1.43      1.139   1.139   0.000
  19 2519.8   9/2-  -3/2  33   -0.91    2.28    2.28    2.37    1.14      10.16   10.16    0.00   -0.28      1.238   1.238   0.000
  20 2677.8   9/2-   5/2  35    0.95    2.41    2.41    3.88    1.06      11.45   11.45    0.00   -0.72      1.396   1.396   0.000
  
  21 2687.3   5/2-   1/2  29   -0.09    4.31    4.31    0.96   -0.33      10.12   10.12    0.00   -2.34      1.234   1.234   0.000
  22 2756.0  11/2-   5/2  35    0.68    2.39    2.39    4.34    1.68      12.39   12.39    0.00    0.19      1.510   1.510   0.000
  23 2786.5  13/2-   9/2  31    2.23    3.62    3.62   16.84    3.89       9.28    9.28    0.00    0.71      1.132   1.132   0.000
  24 2947.5  13/2-   5/2  36   -0.04   26.34   26.34    5.57    5.97      11.85   11.85   -0.00   -3.41      1.445   1.445  -0.000
  25 3089.3  11/2-  -7/2  28   -1.55    2.59    2.59    7.58    2.35      10.18   10.18   -0.00    0.29      1.241   1.241  -0.000
  
  26 3437.5  11/2-  -7/2  28   -1.01    2.67    2.67    6.17    1.88      12.37   12.37   -0.00   -0.05      1.508   1.508  -0.000
  27 3478.5  13/2-  -3/2  30    0.28    3.98    3.98    3.41    2.43      13.10   13.10    0.00    1.09      1.597   1.597   0.000
  28 3780.0   1/2-   1/2  25    0.50    5.57    5.57    0.25    0.70       5.47    5.47    0.00   -3.26      0.667   0.667   0.000
  29 4488.4  13/2-  -7/2  28   -1.99    2.55    2.55   10.37    2.44      15.05   15.05   -0.00    0.29      1.835   1.835  -0.000
  30 5113.2  13/2-  -3/2  33   -0.04    2.22    2.22    3.01    1.04      20.82   20.82    0.00   -0.03      2.539   2.539   0.000
  
  31 6924.8   1/2-   1/2  32    0.50   27.20   27.20    0.25   -3.93      31.10   31.10    0.00   -7.36      3.792   3.792   0.000
  32*******   1/2-  -3/2  33    0.00    0.00    0.00    0.00   -0.00       0.00    0.00    0.00   -0.00      0.000   0.000   0.000
