1SPECTRUM OF (Z= 82 A=207) IN PARTICLE-ROTOR  MODEL WITH MODIFIED OSCILLATOR POTENTIAL


 PARITY=-   EPS= 0.249   GAMMA=  0.0   EPS4=0.000   EPS6=0.000   LEVELS:  26  27  28  29  30  31  32  33  34  35  36  37  38  39  40

 PAIRING FACTORS: GN0= 19.20  GN1=  7.40  IPAIR= 15 ***  E2PLUS(INPUT)=   0.730  E2PLUR(INPUT)=   0.000

 CORIOLIS ATTENUATION PARAMETERS:  CHSI=1.000  ETA=  1.00

 MOMENT OF INERTIA PARAMETERS:   A1=  0.122 MEV   A2=  0.122 MEV   A3=121.91924 MEV


 DELTA=0.937 MEV  LAMBDA=53.4070 MEV   HW0= 7.4656 MEV   LAMBDA/HW0= 7.1538

 E2ENERGY=0.730 MEV  HBAR**2/B=11496./A**(7/3)=1943.4/A**2 MEV

 IREC=0  =>  RECOIL TERMS j+j-, j+j+, jzjz, ETC TREATED AS ONE-BODY OPERATORS WITH UU+VV PAIRING FACTORS



 S. P. LEVEL   EQP       U     V        (UU + VV)**1.00

     26       3.867    0.122 0.993      1.000 1.000 0.992 0.990 0.985 0.975 0.733 0.573 0.488 0.429 0.398 0.339 0.296 0.241 0.235
     27       3.321    0.143 0.990      1.000 1.000 0.994 0.993 0.989 0.979 0.746 0.590 0.506 0.448 0.417 0.359 0.315 0.261 0.255
     28       1.954    0.248 0.969      0.992 0.994 1.000 1.000 0.999 0.995 0.813 0.673 0.595 0.541 0.512 0.456 0.415 0.362 0.357
     29       1.854    0.262 0.965      0.990 0.993 1.000 1.000 1.000 0.997 0.822 0.684 0.607 0.553 0.525 0.470 0.429 0.376 0.371
     30       1.693    0.289 0.957      0.985 0.989 0.999 1.000 1.000 0.999 0.838 0.704 0.629 0.577 0.549 0.494 0.454 0.402 0.397
     31       1.466    0.340 0.940      0.975 0.979 0.995 0.997 0.999 1.000 0.866 0.741 0.670 0.619 0.592 0.540 0.501 0.451 0.445
     32       0.951    0.765 0.644      0.733 0.746 0.813 0.822 0.838 0.866 1.000 0.978 0.952 0.929 0.916 0.889 0.867 0.837 0.834
     33       1.131    0.883 0.469      0.573 0.590 0.673 0.684 0.704 0.741 0.978 1.000 0.995 0.986 0.980 0.965 0.952 0.933 0.931
     34       1.341    0.926 0.377      0.488 0.506 0.595 0.607 0.629 0.670 0.952 0.995 1.000 0.998 0.995 0.987 0.978 0.965 0.963
     35       1.564    0.949 0.316      0.429 0.448 0.541 0.553 0.577 0.619 0.929 0.986 0.998 1.000 0.999 0.995 0.990 0.980 0.979
     36       1.725    0.959 0.283      0.398 0.417 0.512 0.525 0.549 0.592 0.916 0.980 0.995 0.999 1.000 0.998 0.994 0.986 0.985
     37       2.166    0.975 0.222      0.339 0.359 0.456 0.470 0.494 0.540 0.889 0.965 0.987 0.995 0.998 1.000 0.999 0.995 0.994
     38       2.692    0.984 0.177      0.296 0.315 0.415 0.429 0.454 0.501 0.867 0.952 0.978 0.990 0.994 0.999 1.000 0.998 0.998
     39       3.926    0.993 0.120      0.241 0.261 0.362 0.376 0.402 0.451 0.837 0.933 0.965 0.980 0.986 0.995 0.998 1.000 1.000
     40       4.123    0.993 0.114      0.235 0.255 0.357 0.371 0.397 0.445 0.834 0.931 0.963 0.979 0.985 0.994 0.998 1.000 1.000

  R CORE   ENERGY   A0R/A00=1.000    R3= 0     2  
   2( 1)    0.732                    1.000 0.000
   2( 2)  487.921                    0.000 1.000

  R CORE   ENERGY   A0R/A00=1.000    R3= 0     2  
   3( 1)  488.652                    0.000 1.000

  R CORE   ENERGY   A0R/A00=1.000    R3= 0     2     4  
   4( 1)    2.438                    1.000 0.000 0.000

  R CORE   ENERGY   A0R/A00=1.000    R3= 0     2     4  
   5( 1)  490.847                    0.000 1.000 0.000

  R CORE   ENERGY   A0R/A00=1.000    R3= 0     2     4     6  
   6( 1)    5.121                    1.000 0.000 0.000 0.000

  R CORE   ENERGY   A0R/A00=1.000    R3= 0     2     4     6  
   7( 1)  494.017                    0.000 1.000 0.000 0.000

          AXIAL SYMMETRY => K RESTRICTED TO OMEGA

                     K
     S.P. ORB#: 26  2.50
     S.P. ORB#: 27 -3.50
     S.P. ORB#: 28 -3.50
     S.P. ORB#: 29  0.50
     S.P. ORB#: 30 -1.50
     S.P. ORB#: 31  4.50
     S.P. ORB#: 32  0.50
     S.P. ORB#: 33 -1.50
     S.P. ORB#: 34 -1.50
     S.P. ORB#: 35  2.50
     S.P. ORB#: 36  2.50
     S.P. ORB#: 37  0.50
     S.P. ORB#: 38 -3.50
     S.P. ORB#: 39  4.50
     S.P. ORB#: 40  0.50
 

             ENERGY    K= OMEGA
 
 I=  1/2- (1)  2.467  29:-0.063
                      37:-0.998
 
 I=  1/2- (2)  2.988  29: 0.998
                      37:-0.063
 
 I=  1/2- (3)  6.629  32: 0.688
                      40:-0.726
 
 I=  1/2- (4)  9.973  32:-0.726
                      40:-0.688
 
 I=  1/2- (5)147.435  33: 1.000

             ENERGY    K= OMEGA
 
 I=  3/2- (1)  1.864  29:-0.189
                      30:-0.093
                      34:-0.975
                      37: 0.071
 
 I=  3/2- (2)  2.830  29:-0.282
                      30: 0.927
                      34:-0.051
                      37:-0.240

             ENERGY    K= OMEGA
 
 I=  5/2- (1)  2.052  29: 0.155
                      30: 0.198
                      34:-0.492
                      35:-0.832
                      37: 0.051
 
 I=  5/2- (2)  2.519  29: 0.197
                      30:-0.228
                      34:-0.826
                      35: 0.467
                      37:-0.082
 
 I=  5/2- (3)  3.003  29: 0.321
                      30: 0.443
                      35: 0.217
                      37: 0.808
 
 I=  5/2- (4)  3.685  29: 0.309
                      30: 0.735
                      35: 0.180
                      37:-0.575
 
 I=  5/2- (5)  4.307  29:-0.859
                      30: 0.414
                      34:-0.269
                      35: 0.103
                      37: 0.086

             ENERGY    K= OMEGA
 
 I=  7/2- (1)  2.671  26:-0.065
                      27: 0.068
                      28: 0.381
                      29:-0.198
                      30: 0.245
                      34:-0.475
                      35: 0.721
 
 I=  7/2- (2)  2.701  26:-0.220
                      27: 0.052
                      28: 0.887
                      29: 0.108
                      30:-0.075
                      34: 0.285
                      35:-0.250
 
 I=  7/2- (3)  3.219  32: 0.749
                      33: 0.558
                      36: 0.323
                      38: 0.126
                      40:-0.087
 
 I=  7/2- (4)  3.328  28:-0.109
                      29: 0.286
                      30: 0.299
                      34: 0.722
                      35: 0.510
                      37:-0.186
 
 I=  7/2- (5)  4.277  27:-0.060
                      29:-0.495
                      30: 0.781
                      34: 0.080
                      35:-0.342
                      37:-0.131

             ENERGY    K= OMEGA
 
 I=  9/2- (1)  2.253  26:-0.068
                      27: 0.241
                      28:-0.177
                      31:-0.951
 
 I=  9/2- (2)  3.515  27:-0.057
                      28:-0.161
                      29:-0.263
                      30:-0.339
                      34: 0.504
                      35: 0.715
                      37:-0.147
 
 I=  9/2- (3)  3.594  26: 0.311
                      27: 0.095
                      28: 0.907
                      29:-0.068
                      31:-0.172
                      34: 0.184
                      35: 0.054
 
 I=  9/2- (4)  4.313  32: 0.223
                      33:-0.557
                      36: 0.622
                      38:-0.456
                      39: 0.211
 
 I=  9/2- (5)  4.437  28:-0.133
                      29:-0.150
                      30: 0.404
                      34: 0.744
                      35:-0.345
                      37: 0.351

             ENERGY    K= OMEGA
 
 I= 11/2- (1)  2.226  32: 0.674
                      33: 0.567
                      36: 0.401
                      38: 0.231
                      39: 0.097
 
 I= 11/2- (2)  3.244  26: 0.113
                      27: 0.321
                      28:-0.245
                      31: 0.906
 
 I= 11/2- (3)  4.630  28: 0.095
                      29:-0.303
                      30: 0.336
                      34:-0.552
                      35: 0.691
 
 I= 11/2- (4)  4.717  26:-0.362
                      27: 0.130
                      28: 0.874
                      29: 0.061
                      31: 0.240
                      34: 0.158
 
 I= 11/2- (5)  5.658  28: 0.158
                      29:-0.346
                      30:-0.377
                      34:-0.628
                      35:-0.496
                      37: 0.266

             ENERGY    K= OMEGA
 
 I= 13/2- (1)  4.004  32: 0.191
                      33:-0.501
                      36: 0.610
                      38:-0.511
                      39: 0.281
 
 I= 13/2- (2)  4.454  26: 0.152
                      27:-0.371
                      28: 0.291
                      31: 0.866
 
 I= 13/2- (3)  5.907  28:-0.102
                      29:-0.332
                      30:-0.408
                      34: 0.494
                      35: 0.645
                      37:-0.221
 
 I= 13/2- (4)  6.082  26: 0.396
                      27: 0.158
                      28: 0.837
                      29:-0.061
                      31:-0.290
                      34: 0.167
 
 I= 13/2- (5)  7.180  28: 0.119
                      30:-0.402
                      34:-0.574
                      35:-0.057
                      37:-0.699

             ENERGY     K= 1/2
  32 LEVELS    TIME=  0.0 SEC



 ******************* EXCITATION ENERGIES, DOMINANT CONFIGURATION AND EXPECTATION VALUES (WITH S.P. UU+VV FACTORS) *******************

  NR  Eex(keV)  I   Kdom  NY    <Jz>  <Jx**2> <Jy**2> <Jz**2> <I.j>/|I|  <Rx**2> <Ry**2> <Rz**2> <R.j>/|R|  <HROTx> <HROTy> <HROTz>

   1    0.0   3/2-  -3/2  34   -1.42    1.69    1.69    2.17    1.35       2.04    2.04    0.00   -1.46      0.249   0.249   0.000
   2  187.8   5/2-   5/2  35    1.32    1.94    1.94    4.96    2.24       2.16    2.16   -0.00   -1.06      0.264   0.264  -0.000
   3  361.8  11/2-   1/2  32    0.00   26.60   26.60    2.68    7.00       3.98    3.98    0.00   -4.98      0.485   0.485   0.000
   4  389.4   9/2-   9/2  31    3.77    2.61    2.61   19.46    4.43       2.68    2.68    0.00   -1.14      0.327   0.327   0.000
   5  603.0   1/2-   1/2  37    0.50    1.47    1.47    0.25    0.84       1.24    1.24    0.00   -1.56      0.151   0.151   0.000
  
   6  655.1   5/2-  -3/2  34   -0.53    1.71    1.71    3.04    1.07       4.43    4.43    0.00   -1.10      0.540   0.540   0.000
   7  807.2   7/2-   5/2  35    0.38    2.11    2.11    5.77    2.14       4.36    4.36    0.00   -0.50      0.532   0.532   0.000
   8  836.9   7/2-  -7/2  28   -2.61    2.33    2.33   10.57    3.15       2.98    2.98    0.00   -1.12      0.364   0.364   0.000
   9  966.3   3/2-  -3/2  30   -1.23    4.21    4.21    1.98    1.33       4.50    4.50    0.00   -2.61      0.549   0.549   0.000
  10 1124.3   1/2-   1/2  29    0.50    4.29    4.29    0.25    0.17       4.65    4.65   -0.00   -2.85      0.567   0.567  -0.000
  
  11 1139.1   5/2-   1/2  37    0.20    2.43    2.43    0.93    1.08       4.06    4.06   -0.00   -0.91      0.495   0.495  -0.000
  12 1354.6   7/2-   1/2  32    0.02   25.71   25.71    1.69    6.53       8.53    8.53    0.00   -6.59      1.040   1.040   0.000
  13 1379.6  11/2-   9/2  31    3.16    2.89    2.89   18.73    3.99       6.26    6.26    0.00   -0.18      0.763   0.763   0.000
  14 1463.5   7/2-  -3/2  34   -0.25    1.88    1.88    3.18    0.98       7.45    7.45    0.00   -0.79      0.909   0.909   0.000
  15 1650.5   9/2-   5/2  35    0.67    2.36    2.36    4.41    1.80       7.96    7.96   -0.00   -0.04      0.971   0.971  -0.000
  
  16 1729.9   9/2-  -7/2  28   -2.58    2.47    2.47   11.49    2.92       6.07    6.07    0.00   -0.55      0.740   0.740   0.000
  17 1820.6   5/2-  -3/2  30   -0.52    3.16    3.16    1.53    0.28       7.48    7.48    0.00   -1.82      0.912   0.912   0.000
  18 2139.7  13/2-   5/2  36    0.01   25.44   25.44    7.69    6.49       8.33    8.33    0.00   -3.24      1.015   1.015   0.000
  19 2412.5   7/2-  -3/2  30   -0.51    3.91    3.91    2.23    0.62      10.44   10.44    0.00   -1.66      1.272   1.272   0.000
  20 2443.4   5/2-   1/2  29    0.03    4.17    4.17    0.80   -0.47      10.33   10.33    0.00   -2.32      1.259   1.259   0.000
  
  21 2448.6   9/2-   5/2  36    0.00   25.75   25.75    6.58    6.25      10.30   10.30    0.00   -5.94      1.255   1.255   0.000
  22 2573.3   9/2-  -3/2  34   -0.76    1.81    1.81    2.62    0.73      11.84   11.84    0.00   -0.53      1.443   1.443   0.000
  23 2590.0  13/2-   9/2  31    2.66    3.12    3.12   18.09    3.68      10.81   10.81    0.00    0.30      1.318   1.318   0.000
  24 2765.7  11/2-   5/2  35    0.58    2.41    2.41    4.12    1.62      12.65   12.65    0.00    0.15      1.542   1.542   0.000
  25 2853.3  11/2-  -7/2  28   -2.18    2.56    2.56   11.61    2.65      10.39   10.39    0.00   -0.19      1.267   1.267   0.000
  
  26 3794.5  11/2-  -3/2  34   -0.17    2.07    2.07    3.15    0.80      16.72   16.72    0.00   -0.43      2.039   2.039   0.000
  27 4042.5  13/2-   5/2  35    0.47    2.64    2.64    3.75    1.61      17.66   17.66    0.00    0.37      2.153   2.153   0.000
  28 4217.6  13/2-  -7/2  28   -1.81    2.65    2.65   11.65    2.44      15.80   15.80    0.00    0.02      1.926   1.926   0.000
  29 4765.0   1/2-   1/2  40    0.50   13.85   13.85    0.25   -2.41      16.44   16.44    0.00   -5.24      2.004   2.004   0.000
  30 5316.0  13/2-   1/2  37   -0.53    1.76    1.76    1.43    0.69      22.01   22.01    0.00   -0.02      2.683   2.683   0.000
  
  31 8108.9   1/2-   1/2  32    0.50   27.09   27.09    0.25   -3.75      30.84   30.84   -0.00   -7.34      3.760   3.760  -0.000
  32*******   1/2-  -3/2  33    0.00    0.00    0.00    0.00   -0.00       0.00    0.00   -0.00   -0.00      0.000   0.000  -0.000
