1SPECTRUM OF (Z= 82 A=207) IN PARTICLE-ROTOR  MODEL WITH MODIFIED OSCILLATOR POTENTIAL


 PARITY=-   EPS= 0.325   GAMMA=  0.0   EPS4=0.000   EPS6=0.000   LEVELS:  25  26  27  28  29  30  31  32  33  34  35  36  37  38  39

 PAIRING FACTORS: GN0= 19.20  GN1=  7.40  IPAIR= 15 ***  E2PLUS(INPUT)=   0.730  E2PLUR(INPUT)=   0.000

 CORIOLIS ATTENUATION PARAMETERS:  CHSI=1.000  ETA=  1.00

 MOMENT OF INERTIA PARAMETERS:   A1=  0.122 MEV   A2=  0.122 MEV   A3=121.91923 MEV


 DELTA=0.927 MEV  LAMBDA=53.3117 MEV   HW0= 7.5066 MEV   LAMBDA/HW0= 7.1020

 E2ENERGY=0.730 MEV  HBAR**2/B=19585./A**(7/3)=3310.8/A**2 MEV

 IREC=0  =>  RECOIL TERMS j+j-, j+j+, jzjz, ETC TREATED AS ONE-BODY OPERATORS WITH UU+VV PAIRING FACTORS



 S. P. LEVEL   EQP       U     V        (UU + VV)**1.00

     25       4.165    0.112 0.994      1.000 0.999 0.998 0.980 0.965 0.949 0.913 0.895 0.720 0.543 0.304 0.304 0.284 0.280 0.250
     26       3.214    0.146 0.989      0.999 1.000 0.999 0.986 0.974 0.960 0.926 0.910 0.743 0.571 0.337 0.336 0.316 0.312 0.283
     27       2.657    0.177 0.984      0.998 0.999 1.000 0.991 0.980 0.968 0.938 0.923 0.764 0.597 0.367 0.366 0.346 0.342 0.313
     28       1.583    0.308 0.952      0.980 0.986 0.991 1.000 0.998 0.993 0.976 0.966 0.844 0.700 0.488 0.488 0.469 0.465 0.438
     29       1.355    0.368 0.930      0.965 0.974 0.980 0.998 1.000 0.998 0.988 0.981 0.876 0.744 0.543 0.542 0.524 0.521 0.494
     30       1.220    0.418 0.908      0.949 0.960 0.968 0.993 0.998 1.000 0.995 0.990 0.902 0.779 0.588 0.588 0.570 0.567 0.541
     31       1.059    0.508 0.861      0.913 0.926 0.938 0.976 0.988 0.995 1.000 0.999 0.941 0.839 0.667 0.667 0.651 0.647 0.623
     32       1.017    0.543 0.840      0.895 0.910 0.923 0.966 0.981 0.990 0.999 1.000 0.954 0.860 0.697 0.696 0.681 0.678 0.655
     33       0.943    0.770 0.638      0.720 0.743 0.764 0.844 0.876 0.902 0.941 0.954 1.000 0.974 0.880 0.880 0.870 0.867 0.852
     34       1.161    0.895 0.446      0.543 0.571 0.597 0.700 0.744 0.779 0.839 0.860 0.974 1.000 0.965 0.965 0.959 0.958 0.949
     35       2.412    0.981 0.196      0.304 0.337 0.367 0.488 0.543 0.588 0.667 0.697 0.880 0.965 1.000 1.000 1.000 1.000 0.998
     36       2.418    0.981 0.195      0.304 0.336 0.366 0.488 0.542 0.588 0.667 0.696 0.880 0.965 1.000 1.000 1.000 1.000 0.998
     37       2.694    0.985 0.175      0.284 0.316 0.346 0.469 0.524 0.570 0.651 0.681 0.870 0.959 1.000 1.000 1.000 1.000 0.999
     38       2.762    0.985 0.170      0.280 0.312 0.342 0.465 0.521 0.567 0.647 0.678 0.867 0.958 1.000 1.000 1.000 1.000 1.000
     39       3.348    0.990 0.140      0.250 0.283 0.313 0.438 0.494 0.541 0.623 0.655 0.852 0.949 0.998 0.998 0.999 1.000 1.000

  R CORE   ENERGY   A0R/A00=1.000    R3= 0     2  
   2( 1)    0.732                    1.000 0.000
   2( 2)  487.921                    0.000 1.000

  R CORE   ENERGY   A0R/A00=1.000    R3= 0     2  
   3( 1)  488.652                    0.000 1.000

  R CORE   ENERGY   A0R/A00=1.000    R3= 0     2     4  
   4( 1)    2.438                    1.000 0.000 0.000

  R CORE   ENERGY   A0R/A00=1.000    R3= 0     2     4  
   5( 1)  490.847                    0.000 1.000 0.000

  R CORE   ENERGY   A0R/A00=1.000    R3= 0     2     4     6  
   6( 1)    5.121                    1.000 0.000 0.000 0.000

  R CORE   ENERGY   A0R/A00=1.000    R3= 0     2     4     6  
   7( 1)  494.017                    0.000 1.000 0.000 0.000

          AXIAL SYMMETRY => K RESTRICTED TO OMEGA

                     K
     S.P. ORB#: 25  0.50
     S.P. ORB#: 26  2.50
     S.P. ORB#: 27 -3.50
     S.P. ORB#: 28  0.50
     S.P. ORB#: 29  0.50
     S.P. ORB#: 30 -1.50
     S.P. ORB#: 31 -1.50
     S.P. ORB#: 32 -3.50
     S.P. ORB#: 33  4.50
     S.P. ORB#: 34  2.50
     S.P. ORB#: 35 -3.50
     S.P. ORB#: 36 -1.50
     S.P. ORB#: 37  2.50
     S.P. ORB#: 38  0.50
     S.P. ORB#: 39  0.50
 

             ENERGY    K= OMEGA
 
 I=  1/2- (1)  2.581  29:-0.998
 
 I=  1/2- (2)  3.686  25:-0.071
                      39:-0.997
 
 I=  1/2- (3)  5.728  25: 0.997
                      39:-0.069
 
 I=  1/2- (4)  6.026  28: 0.438
                      38: 0.899
 
 I=  1/2- (5)  8.754  28:-0.899
                      38: 0.438

             ENERGY    K= OMEGA
 
 I=  3/2- (1)  2.437  25:-0.126
                      30:-0.975
                      36:-0.158
                      39: 0.084
 
 I=  3/2- (2)  2.539  25: 0.161
                      29: 0.868
                      30:-0.073
                      36: 0.449
                      39:-0.116

             ENERGY    K= OMEGA
 
 I=  5/2- (1)  2.488  25:-0.252
                      29: 0.452
                      30: 0.762
                      36:-0.145
                      37:-0.326
                      39: 0.151
 
 I=  5/2- (2)  3.284  26: 0.066
                      29:-0.492
                      30: 0.434
                      36: 0.749
 
 I=  5/2- (3)  3.425  25:-0.125
                      29: 0.414
                      30: 0.093
                      36: 0.173
                      37: 0.871
                      39: 0.127
 
 I=  5/2- (4)  4.186  29:-0.542
                      30: 0.413
                      36:-0.591
                      37: 0.365
                      39:-0.228
 
 I=  5/2- (5)  4.530  25:-0.166
                      29: 0.208
                      36: 0.177
                      39:-0.946

             ENERGY    K= OMEGA
 
 I=  7/2- (1)  1.809  26:-0.198
                      27: 0.052
                      32: 0.978
 
 I=  7/2- (2)  3.307  25:-0.177
                      29: 0.109
                      30:-0.819
                      36: 0.116
                      37:-0.511
                      39: 0.092
 
 I=  7/2- (3)  3.413  25:-0.273
                      29:-0.792
                      30:-0.153
                      36:-0.485
                      37: 0.091
                      39: 0.172
 
 I=  7/2- (4)  3.441  28: 0.721
                      31: 0.580
                      34: 0.350
                      35: 0.146
 
 I=  7/2- (5)  4.360  26: 0.154
                      27: 0.472
                      29: 0.375
                      30:-0.383
                      36:-0.353
                      37: 0.584

             ENERGY    K= OMEGA
 
 I=  9/2- (1)  1.824  26:-0.071
                      27: 0.198
                      32:-0.225
                      33:-0.951
 
 I=  9/2- (2)  2.757  26: 0.271
                      27: 0.090
                      30: 0.052
                      32: 0.929
                      33:-0.221
 
 I=  9/2- (3)  3.473  25:-0.360
                      29: 0.490
                      30: 0.681
                      32:-0.065
                      36:-0.186
                      37:-0.306
                      39: 0.184
 
 I=  9/2- (4)  4.588  28: 0.231
                      31:-0.580
                      34: 0.659
                      35:-0.419
 
 I=  9/2- (5)  5.090  25:-0.072
                      26: 0.118
                      27:-0.109
                      29:-0.322
                      30: 0.438
                      32:-0.053
                      36: 0.788
                      37: 0.159
                      39: 0.152

             ENERGY    K= OMEGA
 
 I= 11/2- (1)  2.764  28:-0.684
                      31:-0.579
                      34:-0.392
                      35:-0.200
                      38: 0.056
 
 I= 11/2- (2)  2.904  26: 0.121
                      27: 0.269
                      32:-0.312
                      33: 0.903
 
 I= 11/2- (3)  3.936  26: 0.318
                      27:-0.129
                      30:-0.062
                      32:-0.882
                      33:-0.309
                      37:-0.061
 
 I= 11/2- (4)  5.144  25:-0.362
                      29:-0.321
                      30:-0.746
                      32: 0.091
                      36:-0.098
                      37:-0.395
                      39: 0.187
 
 I= 11/2- (5)  5.249  25: 0.163
                      29: 0.714
                      30:-0.283
                      36: 0.487
                      37:-0.362
                      39:-0.107

             ENERGY    K= OMEGA
 
 I= 13/2- (1)  4.202  26:-0.166
                      27: 0.314
                      32:-0.370
                      33:-0.858
 
 I= 13/2- (2)  4.952  28: 0.222
                      31:-0.563
                      34: 0.661
                      35:-0.443
 
 I= 13/2- (3)  5.280  25:-0.305
                      26: 0.247
                      27: 0.125
                      29: 0.345
                      30: 0.479
                      32: 0.577
                      33:-0.255
                      36:-0.106
                      37:-0.231
                      39: 0.141
 
 I= 13/2- (4)  5.427  25:-0.301
                      26:-0.247
                      27:-0.108
                      29: 0.363
                      30: 0.433
                      32:-0.614
                      33: 0.269
                      36:-0.155
                      37:-0.159
                      39: 0.139
 
 I= 13/2- (5)  7.839  25:-0.139
                      26: 0.127
                      27:-0.136
                      29:-0.132
                      30: 0.326
                      32:-0.076
                      33:-0.062
                      36: 0.767
                      37: 0.403
                      39: 0.249

             ENERGY     K= 1/2
  32 LEVELS    TIME=  0.0 SEC



 ******************* EXCITATION ENERGIES, DOMINANT CONFIGURATION AND EXPECTATION VALUES (WITH S.P. UU+VV FACTORS) *******************

  NR  Eex(keV)  I   Kdom  NY    <Jz>  <Jx**2> <Jy**2> <Jz**2> <I.j>/|I|  <Rx**2> <Ry**2> <Rz**2> <R.j>/|R|  <HROTx> <HROTy> <HROTz>

   1    0.0   7/2-  -7/2  32   -3.26    2.31    2.31   12.01    3.36       2.88    2.88    0.00   -1.38      0.351   0.351   0.000
   2   14.5   9/2-   9/2  33    3.77    2.54    2.54   19.46    4.30       3.27    3.27    0.00   -1.24      0.399   0.399   0.000
   3  627.5   3/2-  -3/2  30   -1.45    4.52    4.52    2.20    1.49       4.62    4.62   -0.00   -2.75      0.563   0.563  -0.000
   4  678.5   5/2-  -3/2  30   -0.49    4.68    4.68    2.09    2.28       3.37    3.37   -0.00   -1.82      0.411   0.411  -0.000
   5  729.2   3/2-   1/2  29    0.09    3.92    3.92    0.66    1.32       3.57    3.57    0.00   -2.23      0.435   0.435   0.000
  
   6  771.8   1/2-   1/2  29    0.50    4.76    4.76    0.25    0.32       4.99    4.99    0.00   -3.01      0.608   0.608   0.000
   7  947.6   9/2-  -7/2  32   -2.64    2.42    2.42   12.15    2.91       6.41    6.41    0.00   -0.71      0.782   0.782   0.000
   8  954.7  11/2-   1/2  28   -0.02   24.60   24.60    2.32    6.35       5.68    5.68    0.00   -4.02      0.692   0.692   0.000
   9 1094.0  11/2-   9/2  33    3.11    2.77    2.77   18.69    3.78       7.37    7.37    0.00   -0.42      0.898   0.898   0.000
  10 1474.3   5/2-  -3/2  36   -0.99    2.76    2.76    1.78    0.85       5.51    5.51   -0.00   -1.44      0.672   0.672  -0.000
  
  11 1497.2   7/2-  -3/2  30   -0.35    4.05    4.05    3.22    1.78       6.45    6.45    0.00   -1.18      0.786   0.786   0.000
  12 1603.7   7/2-   1/2  29   -0.00    3.66    3.66    0.83    1.43       6.27    6.27    0.00   -0.70      0.764   0.764   0.000
  13 1615.7   5/2-   5/2  37    1.94    2.46    2.46    4.88    1.82       3.89    3.89    0.00   -1.58      0.474   0.474   0.000
  14 1631.2   7/2-   1/2  28   -0.01   24.17   24.17    1.91    6.18       8.48    8.48    0.00   -6.25      1.034   1.034   0.000
  15 1664.0   9/2-  -3/2  30   -0.33    4.90    4.90    1.87    2.35       6.51    6.51   -0.00    0.01      0.794   0.794  -0.000
  
  16 1876.1   1/2-   1/2  39    0.50    1.51    1.51    0.25    0.72       1.38    1.38    0.00   -1.59      0.168   0.168   0.000
  17 2126.3  11/2-  -7/2  32   -2.10    2.51    2.51   12.33    2.61      10.94   10.94    0.00   -0.37      1.334   1.334   0.000
  18 2376.4   5/2-  -3/2  36   -0.27    3.37    3.37    2.10   -0.07       9.01    9.01    0.00   -2.13      1.099   1.099   0.000
  19 2392.0  13/2-   9/2  33    2.56    2.96    2.96   17.98    3.43      12.37   12.37    0.00    0.01      1.508   1.508   0.000
  20 2551.0   7/2-   5/2  37   -0.20    3.57    3.57    5.65    1.42       8.62    8.62    0.00   -1.72      1.051   1.051   0.000
  
  21 2720.4   5/2-   1/2  39    0.44    1.65    1.65    0.33    0.32       5.24    5.24    0.00   -0.83      0.639   0.639   0.000
  22 2778.3   9/2-   5/2  34   -0.01   24.73   24.73    5.64    5.37      13.20   13.20    0.00   -5.52      1.609   1.609   0.000
  23 3142.1  13/2-   5/2  34   -0.04   24.71   24.71    5.86    5.36      14.58   14.58    0.00   -3.31      1.778   1.778   0.000
  24 3280.1   9/2-  -3/2  36   -1.10    2.43    2.43    2.30    0.76      12.16   12.16    0.00   -0.68      1.482   1.482   0.000
  25 3334.2  11/2-  -3/2  30   -0.35    4.16    4.16    2.44    1.69      13.17   13.17    0.00   -0.13      1.605   1.605   0.000
  
  26 3439.9  11/2-   1/2  29    0.13    3.57    3.57    1.71    1.41      13.85   13.85    0.00   -0.08      1.688   1.688   0.000
  27 3470.8  13/2-  -7/2  32   -0.89    3.88    3.88    6.89    2.44      14.67   14.67    0.00    0.44      1.789   1.789   0.000
  28 3617.7  13/2-  -7/2  32   -1.01    3.82    3.82    7.30    2.34      15.48   15.48    0.00    0.26      1.887   1.887   0.000
  29 3918.4   1/2-   1/2  25    0.50    6.53    6.53    0.25    0.66       6.45    6.45    0.00   -3.54      0.787   0.787   0.000
  30 4216.9   1/2-   1/2  38    0.50   12.43   12.43    0.25   -1.60      14.32   14.32   -0.00   -4.95      1.746   1.746  -0.000
  
  31 6029.7  13/2-  -3/2  36   -0.61    2.14    2.14    3.08    0.83      22.26   22.26   -0.00   -0.23      2.714   2.714  -0.000
  32 6944.7   1/2-   1/2  28    0.50   24.90   24.90    0.25   -3.56      28.48   28.48   -0.00   -7.04      3.472   3.472  -0.000
