1SPECTRUM OF (Z= 82 A=207) IN PARTICLE-ROTOR  MODEL WITH MODIFIED OSCILLATOR POTENTIAL


 PARITY=-   EPS= 0.289   GAMMA=  0.0   EPS4=0.000   EPS6=0.000   LEVELS:  25  26  27  28  29  30  31  32  33  34  35  36  37  38  39

 PAIRING FACTORS: GN0= 19.20  GN1=  7.40  IPAIR= 15 ***  E2PLUS(INPUT)=   0.730  E2PLUR(INPUT)=   0.000

 CORIOLIS ATTENUATION PARAMETERS:  CHSI=1.000  ETA=  1.00

 MOMENT OF INERTIA PARAMETERS:   A1=  0.122 MEV   A2=  0.122 MEV   A3=121.91924 MEV


 DELTA=0.951 MEV  LAMBDA=53.2962 MEV   HW0= 7.4856 MEV   LAMBDA/HW0= 7.1199

 E2ENERGY=0.730 MEV  HBAR**2/B=15486./A**(7/3)=2617.9/A**2 MEV

 IREC=0  =>  RECOIL TERMS j+j-, j+j+, jzjz, ETC TREATED AS ONE-BODY OPERATORS WITH UU+VV PAIRING FACTORS



 S. P. LEVEL   EQP       U     V        (UU + VV)**1.00

     25       4.115    0.116 0.993      1.000 1.000 0.999 0.978 0.968 0.964 0.913 0.890 0.751 0.453 0.366 0.335 0.299 0.284 0.253
     26       3.483    0.138 0.990      1.000 1.000 1.000 0.982 0.973 0.970 0.922 0.900 0.765 0.472 0.386 0.355 0.320 0.305 0.273
     27       2.930    0.165 0.986      0.999 1.000 1.000 0.987 0.979 0.976 0.932 0.912 0.782 0.496 0.411 0.380 0.345 0.330 0.299
     28       1.558    0.323 0.947      0.978 0.982 0.987 1.000 0.999 0.998 0.978 0.966 0.873 0.630 0.553 0.525 0.493 0.479 0.450
     29       1.410    0.362 0.932      0.968 0.973 0.979 0.999 1.000 1.000 0.986 0.976 0.893 0.662 0.588 0.561 0.529 0.516 0.487
     30       1.369    0.375 0.927      0.964 0.970 0.976 0.998 1.000 1.000 0.988 0.979 0.899 0.672 0.599 0.572 0.541 0.527 0.499
     31       1.083    0.511 0.860      0.913 0.922 0.932 0.978 0.986 0.988 1.000 0.999 0.955 0.777 0.714 0.690 0.662 0.650 0.625
     32       1.030    0.556 0.831      0.890 0.900 0.912 0.966 0.976 0.979 0.999 1.000 0.969 0.809 0.749 0.727 0.701 0.689 0.665
     33       0.957    0.743 0.669      0.751 0.765 0.782 0.873 0.893 0.899 0.955 0.969 1.000 0.929 0.889 0.874 0.855 0.846 0.829
     34       1.466    0.938 0.346      0.453 0.472 0.496 0.630 0.662 0.672 0.777 0.809 0.929 1.000 0.995 0.992 0.986 0.984 0.977
     35       1.927    0.967 0.255      0.366 0.386 0.411 0.553 0.588 0.599 0.714 0.749 0.889 0.995 1.000 0.999 0.997 0.996 0.993
     36       2.189    0.975 0.223      0.335 0.355 0.380 0.525 0.561 0.572 0.690 0.727 0.874 0.992 0.999 1.000 0.999 0.999 0.996
     37       2.603    0.983 0.186      0.299 0.320 0.345 0.493 0.529 0.541 0.662 0.701 0.855 0.986 0.997 0.999 1.000 1.000 0.999
     38       2.829    0.985 0.171      0.284 0.305 0.330 0.479 0.516 0.527 0.650 0.689 0.846 0.984 0.996 0.999 1.000 1.000 0.999
     39       3.474    0.990 0.138      0.253 0.273 0.299 0.450 0.487 0.499 0.625 0.665 0.829 0.977 0.993 0.996 0.999 0.999 1.000

  R CORE   ENERGY   A0R/A00=1.000    R3= 0     2  
   2( 1)    0.732                    1.000 0.000
   2( 2)  487.921                    0.000 1.000

  R CORE   ENERGY   A0R/A00=1.000    R3= 0     2  
   3( 1)  488.652                    0.000 1.000

  R CORE   ENERGY   A0R/A00=1.000    R3= 0     2     4  
   4( 1)    2.438                    1.000 0.000 0.000

  R CORE   ENERGY   A0R/A00=1.000    R3= 0     2     4  
   5( 1)  490.847                    0.000 1.000 0.000

  R CORE   ENERGY   A0R/A00=1.000    R3= 0     2     4     6  
   6( 1)    5.121                    1.000 0.000 0.000 0.000

  R CORE   ENERGY   A0R/A00=1.000    R3= 0     2     4     6  
   7( 1)  494.017                    0.000 1.000 0.000 0.000

          AXIAL SYMMETRY => K RESTRICTED TO OMEGA

                     K
     S.P. ORB#: 25  0.50
     S.P. ORB#: 26  2.50
     S.P. ORB#: 27 -3.50
     S.P. ORB#: 28  0.50
     S.P. ORB#: 29 -1.50
     S.P. ORB#: 30 -3.50
     S.P. ORB#: 31  0.50
     S.P. ORB#: 32  4.50
     S.P. ORB#: 33 -1.50
     S.P. ORB#: 34  2.50
     S.P. ORB#: 35 -1.50
     S.P. ORB#: 36  2.50
     S.P. ORB#: 37 -3.50
     S.P. ORB#: 38  0.50
     S.P. ORB#: 39  0.50
 

             ENERGY    K= OMEGA
 
 I=  1/2- (1)  2.739  28:-0.995
                      38:-0.092
 
 I=  1/2- (2)  3.149  25:-0.067
                      28: 0.090
                      38:-0.994
 
 I=  1/2- (3)  5.595  25: 0.997
                      38:-0.063
 
 I=  1/2- (4)  6.335  31:-0.611
                      39: 0.792
 
 I=  1/2- (5)  9.169  31:-0.792
                      39:-0.611

             ENERGY    K= OMEGA
 
 I=  3/2- (1)  2.354  25: 0.125
                      28: 0.423
                      29: 0.299
                      35: 0.838
                      38:-0.117
 
 I=  3/2- (2)  2.600  25:-0.059
                      28: 0.350
                      29:-0.919
                      35: 0.166

             ENERGY    K= OMEGA
 
 I=  5/2- (1)  2.447  25:-0.201
                      28: 0.373
                      29: 0.592
                      35:-0.313
                      36:-0.595
                      38: 0.137
 
 I=  5/2- (2)  2.969  25: 0.126
                      26:-0.055
                      29:-0.535
                      35:-0.795
                      36:-0.169
                      38:-0.179
 
 I=  5/2- (3)  3.093  25: 0.158
                      28:-0.504
                      29:-0.184
                      35: 0.313
                      36:-0.752
                      38:-0.152
 
 I=  5/2- (4)  3.962  25:-0.143
                      28:-0.149
                      29: 0.342
                      35:-0.087
                      36: 0.133
                      38:-0.903
 
 I=  5/2- (5)  4.162  25:-0.108
                      28: 0.731
                      29:-0.396
                      35: 0.402
                      36:-0.183
                      38:-0.319

             ENERGY    K= OMEGA
 
 I=  7/2- (1)  2.134  26: 0.213
                      27:-0.062
                      30:-0.974
 
 I=  7/2- (2)  3.150  28:-0.316
                      29: 0.485
                      35:-0.441
                      36: 0.683
 
 I=  7/2- (3)  3.227  31:-0.740
                      33:-0.568
                      34:-0.332
                      37:-0.131
 
 I=  7/2- (4)  3.360  25:-0.298
                      28:-0.552
                      29:-0.497
                      35:-0.514
                      36:-0.221
                      38: 0.207
 
 I=  7/2- (5)  4.218  26:-0.067
                      27:-0.130
                      28:-0.538
                      29: 0.604
                      35: 0.216
                      36:-0.527

             ENERGY    K= OMEGA
 
 I=  9/2- (1)  1.856  26:-0.065
                      27: 0.224
                      30:-0.185
                      32:-0.955
 
 I=  9/2- (2)  3.048  26:-0.291
                      27:-0.094
                      29:-0.066
                      30:-0.930
                      32: 0.177
                      36: 0.064
 
 I=  9/2- (3)  3.458  25:-0.340
                      28: 0.462
                      29: 0.625
                      30:-0.081
                      35:-0.269
                      36:-0.405
                      38: 0.189
 
 I=  9/2- (4)  4.467  31:-0.240
                      33: 0.605
                      34:-0.647
                      37: 0.396
 
 I=  9/2- (5)  4.713  25: 0.188
                      26:-0.080
                      27: 0.081
                      29:-0.386
                      35:-0.717
                      36:-0.458
                      38:-0.272

             ENERGY    K= OMEGA
 
 I= 11/2- (1)  2.435  31:-0.690
                      33:-0.578
                      34:-0.390
                      37:-0.192
 
 I= 11/2- (2)  2.884  26: 0.109
                      27: 0.302
                      30:-0.257
                      32: 0.911
 
 I= 11/2- (3)  4.191  26: 0.342
                      27:-0.126
                      29:-0.068
                      30:-0.890
                      32:-0.250
                      36:-0.070
 
 I= 11/2- (4)  5.047  25: 0.057
                      28:-0.335
                      29: 0.537
                      35:-0.438
                      36: 0.630
 
 I= 11/2- (5)  5.183  25:-0.384
                      28:-0.601
                      29:-0.473
                      30: 0.096
                      35:-0.423
                      36:-0.166
                      38: 0.226

             ENERGY    K= OMEGA
 
 I= 13/2- (1)  4.131  26:-0.149
                      27: 0.351
                      30:-0.306
                      32:-0.872
 
 I= 13/2- (2)  4.661  31: 0.226
                      33:-0.584
                      34: 0.655
                      37:-0.423
 
 I= 13/2- (3)  5.330  25:-0.409
                      26: 0.085
                      28: 0.471
                      29: 0.606
                      30: 0.190
                      35:-0.215
                      36:-0.331
                      38: 0.199
 
 I= 13/2- (4)  5.587  25:-0.096
                      26:-0.368
                      27:-0.149
                      28: 0.131
                      29: 0.112
                      30:-0.836
                      32: 0.300
                      35:-0.109
 
 I= 13/2- (5)  7.409  25: 0.200
                      26:-0.078
                      27: 0.084
                      28:-0.058
                      29:-0.272
                      30: 0.063
                      32: 0.053
                      35:-0.688
                      36:-0.544
                      38:-0.306

             ENERGY     K= 1/2
  32 LEVELS    TIME=  0.0 SEC



 ******************* EXCITATION ENERGIES, DOMINANT CONFIGURATION AND EXPECTATION VALUES (WITH S.P. UU+VV FACTORS) *******************

  NR  Eex(keV)  I   Kdom  NY    <Jz>  <Jx**2> <Jy**2> <Jz**2> <I.j>/|I|  <Rx**2> <Ry**2> <Rz**2> <R.j>/|R|  <HROTx> <HROTy> <HROTz>

   1    0.0   9/2-   9/2  32    3.82    2.58    2.58   19.51    4.38       2.91    2.91   -0.00   -1.19      0.355   0.355  -0.000
   2  277.9   7/2-  -7/2  30   -3.22    2.31    2.31   11.96    3.39       2.71    2.71   -0.00   -1.34      0.331   0.331  -0.000
   3  497.8   3/2-  -3/2  35   -1.08    2.23    2.23    1.83    1.55       2.02    2.02   -0.00   -1.64      0.246   0.246  -0.000
   4  578.8  11/2-   1/2  31   -0.01   25.67   25.67    2.27    6.60       5.23    5.23    0.00   -4.38      0.638   0.638   0.000
   5  590.7   5/2-   5/2  36    0.31    3.61    3.61    3.27    2.48       2.27    2.27    0.00   -1.47      0.277   0.277   0.000
  
   6  743.5   3/2-  -3/2  29   -1.24    4.62    4.62    1.99    1.44       4.70    4.70    0.00   -2.75      0.573   0.573   0.000
   7  882.5   1/2-   1/2  28    0.50    4.61    4.61    0.25    0.38       4.78    4.78    0.00   -2.96      0.583   0.583   0.000
   8 1027.7  11/2-   9/2  32    3.22    2.83    2.83   18.82    3.92       6.68    6.68   -0.00   -0.29      0.815   0.815  -0.000
   9 1112.7   5/2-  -3/2  35   -1.27    2.24    2.24    2.28    1.08       4.57    4.57    0.00   -1.18      0.558   0.558   0.000
  10 1191.3   9/2-  -7/2  30   -2.70    2.44    2.44   11.90    2.95       6.11    6.11   -0.00   -0.61      0.745   0.745  -0.000
  
  11 1236.5   5/2-   5/2  36    1.37    2.88    2.88    3.91    1.65       4.32    4.32    0.00   -1.62      0.527   0.527   0.000
  12 1293.0   1/2-   1/2  38    0.50    1.44    1.44    0.25    0.70       1.33    1.33    0.00   -1.55      0.162   0.162   0.000
  13 1293.6   7/2-   5/2  36    0.56    2.89    2.89    3.94    1.91       5.15    5.15    0.00   -0.66      0.627   0.627   0.000
  14 1371.0   7/2-   1/2  31    0.01   25.01   25.01    1.76    6.33       8.66    8.66    0.00   -6.41      1.056   1.056   0.000
  15 1504.2   7/2-   1/2  28   -0.43    3.21    3.21    1.59    1.52       5.85    5.85    0.00   -0.58      0.713   0.713   0.000
  
  16 1602.2   9/2-  -3/2  29   -0.12    4.45    4.45    2.26    2.38       6.10    6.10    0.00    0.20      0.744   0.744   0.000
  17 2105.9   5/2-   1/2  38    0.29    1.92    1.92    0.61    0.40       5.41    5.41    0.00   -0.99      0.660   0.660   0.000
  18 2274.8  13/2-   9/2  32    2.72    3.04    3.04   18.19    3.60      11.40   11.40    0.00    0.17      1.390   1.390   0.000
  19 2305.5   5/2-   1/2  28   -0.07    3.81    3.81    1.09   -0.36       9.78    9.78    0.00   -2.21      1.193   1.193   0.000
  20 2334.3  11/2-  -7/2  30   -2.25    2.54    2.54   11.94    2.66      10.51   10.51   -0.00   -0.25      1.281   1.281  -0.000
  
  21 2361.4   7/2-  -3/2  29    0.18    3.53    3.53    2.97    0.68      10.21   10.21    0.00   -1.63      1.244   1.244   0.000
  22 2610.8   9/2-   5/2  34   -0.02   25.41   25.41    5.38    5.64      12.43   12.43    0.00   -5.65      1.515   1.515   0.000
  23 2804.4  13/2-   5/2  34   -0.04   25.38   25.38    5.65    5.66      13.06   13.06    0.00   -3.30      1.592   1.592   0.000
  24 2857.1   9/2-  -3/2  35   -0.42    2.18    2.18    2.99    1.04      10.87   10.87    0.00   -0.46      1.325   1.325   0.000
  25 3190.9  11/2-   5/2  36    0.33    3.12    3.12    3.69    1.63      13.12   13.12    0.00   -0.04      1.599   1.599   0.000
  
  26 3327.3  11/2-   1/2  28   -0.29    3.53    3.53    1.34    1.54      12.85   12.85    0.00    0.16      1.567   1.567   0.000
  27 3474.3  13/2-  -3/2  29   -0.24    4.72    4.72    2.28    2.42      13.34   13.34    0.00    1.00      1.627   1.627   0.000
  28 3730.9  13/2-  -7/2  30   -1.80    2.74    2.74   11.56    2.43      15.94   15.94   -0.00   -0.02      1.944   1.944  -0.000
  29 3738.5   1/2-   1/2  25    0.50    6.20    6.20    0.25    0.68       6.11    6.11    0.00   -3.45      0.745   0.745   0.000
  30 4478.7   1/2-   1/2  39    0.50   13.10   13.10    0.25   -2.07      15.39   15.39    0.00   -5.09      1.876   1.876   0.000
  
  31 5553.2  13/2-  -3/2  35   -0.02    2.08    2.08    3.34    0.94      21.57   21.57   -0.00   -0.15      2.630   2.630  -0.000
  32 7312.9   1/2-   1/2  31    0.50   25.89   25.89    0.25   -3.59      29.51   29.51    0.00   -7.18      3.597   3.597   0.000
