1SPECTRUM OF (Z= 82 A=207) IN PARTICLE-ROTOR  MODEL WITH MODIFIED OSCILLATOR POTENTIAL


 PARITY=-   EPS= 0.244   GAMMA=  0.0   EPS4=0.000   EPS6=0.000   LEVELS:  26  27  28  29  30  31  32  33  34  35  36  37  38  39  40

 PAIRING FACTORS: GN0= 19.20  GN1=  7.40  IPAIR= 15 ***  E2PLUS(INPUT)=   0.730  E2PLUR(INPUT)=   0.000

 CORIOLIS ATTENUATION PARAMETERS:  CHSI=1.000  ETA=  1.00

 MOMENT OF INERTIA PARAMETERS:   A1=  0.122 MEV   A2=  0.122 MEV   A3=121.91924 MEV


 DELTA=0.937 MEV  LAMBDA=53.4241 MEV   HW0= 7.4633 MEV   LAMBDA/HW0= 7.1582

 E2ENERGY=0.730 MEV  HBAR**2/B=11039./A**(7/3)=1866.1/A**2 MEV

 IREC=0  =>  RECOIL TERMS j+j-, j+j+, jzjz, ETC TREATED AS ONE-BODY OPERATORS WITH UU+VV PAIRING FACTORS



 S. P. LEVEL   EQP       U     V        (UU + VV)**1.00

     26       3.916    0.121 0.993      1.000 1.000 0.993 0.990 0.986 0.979 0.704 0.554 0.508 0.444 0.391 0.347 0.294 0.240 0.231
     27       3.372    0.140 0.990      1.000 1.000 0.995 0.993 0.989 0.983 0.718 0.570 0.525 0.462 0.410 0.365 0.313 0.259 0.251
     28       2.035    0.237 0.972      0.993 0.995 1.000 1.000 0.999 0.996 0.783 0.648 0.606 0.547 0.497 0.455 0.405 0.353 0.345
     29       1.894    0.256 0.967      0.990 0.993 1.000 1.000 1.000 0.998 0.795 0.663 0.621 0.563 0.514 0.472 0.422 0.371 0.363
     30       1.732    0.282 0.959      0.986 0.989 0.999 1.000 1.000 0.999 0.811 0.683 0.642 0.585 0.537 0.496 0.447 0.396 0.388
     31       1.539    0.322 0.947      0.979 0.983 0.996 0.998 0.999 1.000 0.834 0.713 0.674 0.619 0.572 0.532 0.483 0.434 0.426
     32       0.968    0.790 0.613      0.704 0.718 0.783 0.795 0.811 0.834 1.000 0.981 0.969 0.949 0.929 0.910 0.886 0.858 0.854
     33       1.167    0.893 0.450      0.554 0.570 0.648 0.663 0.683 0.713 0.981 1.000 0.999 0.992 0.983 0.973 0.959 0.941 0.938
     34       1.278    0.916 0.400      0.508 0.525 0.606 0.621 0.642 0.674 0.969 0.999 1.000 0.997 0.992 0.984 0.973 0.958 0.956
     35       1.493    0.943 0.333      0.444 0.462 0.547 0.563 0.585 0.619 0.949 0.992 0.997 1.000 0.998 0.994 0.987 0.976 0.974
     36       1.757    0.961 0.278      0.391 0.410 0.497 0.514 0.537 0.572 0.929 0.983 0.992 0.998 1.000 0.999 0.995 0.987 0.986
     37       2.085    0.973 0.231      0.347 0.365 0.455 0.472 0.496 0.532 0.910 0.973 0.984 0.994 0.999 1.000 0.998 0.994 0.993
     38       2.702    0.984 0.176      0.294 0.313 0.405 0.422 0.447 0.483 0.886 0.959 0.973 0.987 0.995 0.998 1.000 0.998 0.998
     39       3.906    0.993 0.121      0.240 0.259 0.353 0.371 0.396 0.434 0.858 0.941 0.958 0.976 0.987 0.994 0.998 1.000 1.000
     40       4.201    0.994 0.112      0.231 0.251 0.345 0.363 0.388 0.426 0.854 0.938 0.956 0.974 0.986 0.993 0.998 1.000 1.000

  R CORE   ENERGY   A0R/A00=1.000    R3= 0     2  
   2( 1)    0.732                    1.000 0.000
   2( 2)  487.921                    0.000 1.000

  R CORE   ENERGY   A0R/A00=1.000    R3= 0     2  
   3( 1)  488.652                    0.000 1.000

  R CORE   ENERGY   A0R/A00=1.000    R3= 0     2     4  
   4( 1)    2.438                    1.000 0.000 0.000

  R CORE   ENERGY   A0R/A00=1.000    R3= 0     2     4  
   5( 1)  490.847                    0.000 1.000 0.000

  R CORE   ENERGY   A0R/A00=1.000    R3= 0     2     4     6  
   6( 1)    5.121                    1.000 0.000 0.000 0.000

  R CORE   ENERGY   A0R/A00=1.000    R3= 0     2     4     6  
   7( 1)  494.017                    0.000 1.000 0.000 0.000

          AXIAL SYMMETRY => K RESTRICTED TO OMEGA

                     K
     S.P. ORB#: 26  2.50
     S.P. ORB#: 27 -3.50
     S.P. ORB#: 28 -3.50
     S.P. ORB#: 29  0.50
     S.P. ORB#: 30 -1.50
     S.P. ORB#: 31  4.50
     S.P. ORB#: 32  0.50
     S.P. ORB#: 33 -1.50
     S.P. ORB#: 34 -1.50
     S.P. ORB#: 35  2.50
     S.P. ORB#: 36  2.50
     S.P. ORB#: 37  0.50
     S.P. ORB#: 38 -3.50
     S.P. ORB#: 39  4.50
     S.P. ORB#: 40  0.50
 

             ENERGY    K= OMEGA
 
 I=  1/2- (1)  2.384  37:-0.999
 
 I=  1/2- (2)  3.020  29: 0.999
 
 I=  1/2- (3)  6.696  32: 0.692
                      40:-0.722
 
 I=  1/2- (4) 10.072  32:-0.722
                      40:-0.692
 
 I=  1/2- (5)147.470  33: 1.000

             ENERGY    K= OMEGA
 
 I=  3/2- (1)  1.801  29:-0.182
                      30:-0.090
                      34:-0.977
                      37: 0.069
 
 I=  3/2- (2)  2.850  29:-0.181
                      30: 0.883
                      34:-0.078
                      37:-0.426
 
 I=  3/2- (3)  2.962  29: 0.542
                      30:-0.277
                      34:-0.131
                      37:-0.782
 
 I=  3/2- (4)  3.627  29: 0.800
                      30: 0.368
                      34:-0.151
                      37: 0.450
 
 I=  3/2- (5)  4.840  32: 0.826
                      33: 0.358
                      40:-0.435

             ENERGY    K= OMEGA
 
 I=  5/2- (1)  1.983  29: 0.148
                      30: 0.186
                      34:-0.492
                      35:-0.836
 
 I=  5/2- (2)  2.456  29: 0.195
                      30:-0.214
                      34:-0.829
                      35: 0.470
                      37:-0.078
 
 I=  5/2- (3)  2.951  29:-0.292
                      30:-0.398
                      35:-0.192
                      37:-0.848
 
 I=  5/2- (4)  3.678  29:-0.340
                      30:-0.764
                      35:-0.181
                      37: 0.516
 
 I=  5/2- (5)  4.336  29:-0.860
                      30: 0.420
                      34:-0.261
                      35: 0.100
                      37: 0.075

             ENERGY    K= OMEGA
 
 I=  7/2- (1)  2.609  28:-0.059
                      29:-0.214
                      30: 0.244
                      34:-0.545
                      35: 0.769
 
 I=  7/2- (2)  2.774  26:-0.232
                      27: 0.074
                      28:-0.960
                      34: 0.131
 
 I=  7/2- (3)  3.242  32:-0.749
                      33:-0.557
                      36:-0.323
                      38:-0.126
                      40: 0.090
 
 I=  7/2- (4)  3.271  28: 0.138
                      29: 0.279
                      30: 0.284
                      34: 0.724
                      35: 0.514
                      37:-0.182
 
 I=  7/2- (5)  4.298  27:-0.057
                      29:-0.467
                      30: 0.793
                      34: 0.056
                      35:-0.332
                      37:-0.190

             ENERGY    K= OMEGA
 
 I=  9/2- (1)  2.322  26: 0.069
                      27:-0.243
                      28:-0.178
                      31: 0.951
 
 I=  9/2- (2)  3.452  28: 0.057
                      29:-0.262
                      30:-0.324
                      34: 0.527
                      35: 0.722
                      37:-0.144
 
 I=  9/2- (3)  3.667  26: 0.313
                      27: 0.102
                      28:-0.915
                      31:-0.169
                      34: 0.145
 
 I=  9/2- (4)  4.333  32:-0.223
                      33: 0.556
                      36:-0.622
                      38: 0.457
                      39:-0.214
 
 I=  9/2- (5)  4.384  28:-0.157
                      29: 0.156
                      30:-0.386
                      34:-0.740
                      35: 0.365
                      37:-0.346

             ENERGY    K= OMEGA
 
 I= 11/2- (1)  2.232  32: 0.674
                      33: 0.567
                      36: 0.401
                      38: 0.231
                      39: 0.097
 
 I= 11/2- (2)  3.308  26: 0.115
                      27: 0.323
                      28: 0.246
                      31: 0.905
 
 I= 11/2- (3)  4.567  29: 0.298
                      30:-0.322
                      31: 0.062
                      34: 0.565
                      35:-0.693
 
 I= 11/2- (4)  4.789  26:-0.363
                      27: 0.134
                      28:-0.872
                      30: 0.057
                      31: 0.236
                      34: 0.141
                      35: 0.087
 
 I= 11/2- (5)  5.610  28: 0.183
                      29: 0.339
                      30: 0.364
                      31:-0.054
                      34: 0.628
                      35: 0.502
                      37:-0.263

             ENERGY    K= OMEGA
 
 I= 13/2- (1)  4.010  32: 0.191
                      33:-0.501
                      36: 0.610
                      38:-0.511
                      39: 0.282
 
 I= 13/2- (2)  4.515  26: 0.154
                      27:-0.373
                      28:-0.292
                      31: 0.865
                      35: 0.053
 
 I= 13/2- (3)  5.845  28: 0.061
                      29:-0.329
                      30:-0.395
                      31:-0.068
                      34: 0.509
                      35: 0.648
                      37:-0.219
 
 I= 13/2- (4)  6.152  26: 0.398
                      27: 0.162
                      28:-0.836
                      31:-0.287
                      34: 0.157
                      35:-0.064
 
 I= 13/2- (5)  7.126  28:-0.128
                      30:-0.387
                      34:-0.553
                      35:-0.056
                      37:-0.722

             ENERGY     K= 1/2
  35 LEVELS    TIME=  0.0 SEC



 ******************* EXCITATION ENERGIES, DOMINANT CONFIGURATION AND EXPECTATION VALUES (WITH S.P. UU+VV FACTORS) *******************

  NR  Eex(keV)  I   Kdom  NY    <Jz>  <Jx**2> <Jy**2> <Jz**2> <I.j>/|I|  <Rx**2> <Ry**2> <Rz**2> <R.j>/|R|  <HROTx> <HROTy> <HROTz>

   1    0.0   3/2-  -3/2  34   -1.42    1.68    1.68    2.17    1.35       2.03    2.03    0.00   -1.45      0.247   0.247   0.000
   2  182.5   5/2-   5/2  35    1.35    1.91    1.91    5.00    2.25       2.15    2.15    0.00   -1.06      0.262   0.262   0.000
   3  431.3  11/2-   1/2  32    0.00   26.71   26.71    2.69    7.03       3.90    3.90    0.00   -5.04      0.476   0.476   0.000
   4  521.0   9/2-   9/2  31    3.76    2.62    2.62   19.44    4.43       2.66    2.66    0.00   -1.14      0.324   0.324   0.000
   5  583.0   1/2-   1/2  37    0.50    1.45    1.45    0.25    0.84       1.23    1.23    0.00   -1.55      0.150   0.150   0.000
  
   6  655.6   5/2-  -3/2  34   -0.52    1.69    1.69    3.05    1.07       4.42    4.42    0.00   -1.10      0.538   0.538   0.000
   7  808.6   7/2-   5/2  35    0.95    2.09    2.09    4.58    1.91       4.68    4.68    0.00   -0.39      0.571   0.571   0.000
   8  973.4   7/2-  -7/2  28   -3.13    2.32    2.32   11.72    3.38       2.64    2.64    0.00   -1.28      0.322   0.322   0.000
   9 1049.6   3/2-  -3/2  30   -1.07    3.85    3.85    1.82    1.20       4.31    4.31    0.00   -2.45      0.526   0.526   0.000
  10 1150.7   5/2-   1/2  37    0.26    2.25    2.25    0.79    1.04       3.94    3.94    0.00   -0.79      0.480   0.480   0.000
  
  11 1161.8   3/2-   1/2  37    0.31    2.24    2.24    0.44    0.18       4.00    4.00    0.00   -1.62      0.487   0.487   0.000
  12 1219.6   1/2-   1/2  29    0.50    4.28    4.28    0.25    0.19       4.62    4.62    0.00   -2.85      0.563   0.563   0.000
  13 1441.0   7/2-   1/2  32    0.02   25.81   25.81    1.69    6.56       8.51    8.51    0.00   -6.61      1.038   1.038   0.000
  14 1470.8   7/2-  -3/2  34   -0.26    1.84    1.84    3.28    0.99       7.42    7.42    0.00   -0.79      0.905   0.905   0.000
  15 1507.4  11/2-   9/2  31    3.14    2.90    2.90   18.70    4.00       6.22    6.22    0.00   -0.17      0.759   0.759   0.000
  
  16 1651.7   9/2-   5/2  35    0.76    2.32    2.32    4.23    1.77       7.99    7.99    0.00   -0.01      0.974   0.974   0.000
  17 1826.8   3/2-   1/2  29    0.18    3.90    3.90    0.57   -0.54       7.10    7.10    0.00   -2.50      0.865   0.865   0.000
  18 1866.4   9/2-  -7/2  28   -2.62    2.46    2.46   11.64    2.94       6.01    6.01    0.00   -0.55      0.732   0.732   0.000
  19 1877.3   5/2-  -3/2  30   -0.61    3.31    3.31    1.62    0.32       7.55    7.55    0.00   -1.88      0.920   0.920   0.000
  20 2209.8  13/2-   5/2  36    0.02   25.51   25.51    7.71    6.52       8.25    8.25    0.00   -3.26      1.006   1.006   0.000
  
  21 2497.0   7/2-  -3/2  30   -0.55    3.88    3.88    2.22    0.62      10.41   10.41    0.00   -1.65      1.269   1.269   0.000
  22 2532.1   9/2-   5/2  36    0.00   25.82   25.82    6.61    6.28      10.26   10.26    0.00   -5.96      1.251   1.251   0.000
  23 2535.6   5/2-   1/2  29    0.03    4.17    4.17    0.80   -0.46      10.32   10.32    0.00   -2.31      1.258   1.258   0.000
  24 2583.2   9/2-  -3/2  34   -0.72    1.77    1.77    2.75    0.75      11.80   11.80    0.00   -0.53      1.439   1.439   0.000
  25 2714.0  13/2-   9/2  31    2.64    3.13    3.13   18.05    3.69      10.76   10.76    0.00    0.32      1.312   1.312   0.000
  
  26 2766.4  11/2-   5/2  35    0.62    2.37    2.37    4.09    1.62      12.62   12.62    0.00    0.17      1.539   1.539   0.000
  27 2988.5  11/2-  -7/2  28   -2.16    2.55    2.55   11.59    2.65      10.38   10.38   -0.00   -0.19      1.265   1.265  -0.000
  28 3039.8   3/2-   1/2  32    0.24   19.91   19.91    0.51    4.53      13.27   13.27    0.00   -6.13      1.618   1.618   0.000
  29 3809.0  11/2-  -3/2  34   -0.17    2.03    2.03    3.28    0.82      16.67   16.67    0.00   -0.43      2.032   2.032   0.000
  30 4044.4  13/2-   5/2  35    0.51    2.60    2.60    3.75    1.61      17.61   17.61    0.00    0.39      2.147   2.147   0.000
  
  31 4351.3  13/2-  -7/2  28   -1.80    2.65    2.65   11.63    2.44      15.78   15.78    0.00    0.02      1.923   1.923   0.000
  32 4895.6   1/2-   1/2  40    0.50   13.97   13.97    0.25   -2.44      16.59   16.59    0.00   -5.26      2.022   2.022   0.000
  33 5325.2  13/2-   1/2  37   -0.48    1.73    1.73    1.39    0.70      21.91   21.91    0.00    0.01      2.671   2.671   0.000
  34 8271.1   1/2-   1/2  32    0.50   27.22   27.22    0.25   -3.77      30.98   30.98   -0.00   -7.36      3.778   3.778  -0.000
  35*******   1/2-  -3/2  33    0.00    0.00    0.00    0.00   -0.00       0.00    0.00   -0.00   -0.00      0.000   0.000  -0.000
  
