1SPECTRUM OF (Z= 82 A=207) IN PARTICLE-ROTOR  MODEL WITH MODIFIED OSCILLATOR POTENTIAL


 PARITY=-   EPS= 0.180   GAMMA=  0.0   EPS4=0.000   EPS6=0.000   LEVELS:  24  25  26  27  28  29  30  31  32  33  34  35  36  37  38

 PAIRING FACTORS: GN0= 19.20  GN1=  7.40  IPAIR= 15 ***  E2PLUS(INPUT)=   0.730  E2PLUR(INPUT)=   0.000

 CORIOLIS ATTENUATION PARAMETERS:  CHSI=1.000  ETA=  1.00

 MOMENT OF INERTIA PARAMETERS:   A1=  0.122 MEV   A2=  0.122 MEV   A3=121.91924 MEV


 DELTA=0.908 MEV  LAMBDA=53.4550 MEV   HW0= 7.4388 MEV   LAMBDA/HW0= 7.1859

 E2ENERGY=0.730 MEV  HBAR**2/B= 6008./A**(7/3)=1015.6/A**2 MEV

 IREC=0  =>  RECOIL TERMS j+j-, j+j+, jzjz, ETC TREATED AS ONE-BODY OPERATORS WITH UU+VV PAIRING FACTORS



 S. P. LEVEL   EQP       U     V        (UU + VV)**1.00

     24       5.139    0.089 0.996      1.000 1.000 1.000 1.000 0.998 0.994 0.992 0.990 0.788 0.683 0.455 0.374 0.336 0.285 0.240
     25       4.318    0.106 0.994      1.000 1.000 1.000 1.000 0.999 0.996 0.994 0.992 0.799 0.696 0.470 0.390 0.352 0.301 0.257
     26       3.902    0.117 0.993      1.000 1.000 1.000 1.000 0.999 0.997 0.995 0.993 0.806 0.704 0.480 0.401 0.363 0.312 0.268
     27       3.810    0.120 0.993      1.000 1.000 1.000 1.000 0.999 0.997 0.996 0.994 0.807 0.706 0.482 0.403 0.365 0.315 0.271
     28       2.906    0.158 0.987      0.998 0.999 0.999 0.999 1.000 0.999 0.998 0.997 0.829 0.733 0.516 0.438 0.401 0.351 0.308
     29       2.368    0.195 0.981      0.994 0.996 0.997 0.997 0.999 1.000 1.000 0.999 0.850 0.758 0.548 0.472 0.435 0.386 0.343
     30       2.188    0.212 0.977      0.992 0.994 0.995 0.996 0.998 1.000 1.000 1.000 0.859 0.769 0.562 0.487 0.451 0.402 0.359
     31       2.028    0.230 0.973      0.990 0.992 0.993 0.994 0.997 0.999 1.000 1.000 0.868 0.780 0.577 0.503 0.467 0.419 0.376
     32       0.910    0.683 0.731      0.788 0.799 0.806 0.807 0.829 0.850 0.859 0.868 1.000 0.988 0.906 0.866 0.844 0.814 0.787
     33       0.936    0.788 0.616      0.683 0.696 0.704 0.706 0.733 0.758 0.769 0.780 0.988 1.000 0.961 0.933 0.917 0.895 0.873
     34       1.310    0.928 0.374      0.455 0.470 0.480 0.482 0.516 0.548 0.562 0.577 0.906 0.961 1.000 0.996 0.992 0.983 0.974
     35       1.633    0.957 0.291      0.374 0.390 0.401 0.403 0.438 0.472 0.487 0.503 0.866 0.933 0.996 1.000 0.999 0.996 0.990
     36       1.870    0.968 0.251      0.336 0.352 0.363 0.365 0.401 0.435 0.451 0.467 0.844 0.917 0.992 0.999 1.000 0.999 0.995
     37       2.332    0.980 0.199      0.285 0.301 0.312 0.315 0.351 0.386 0.402 0.419 0.814 0.895 0.983 0.996 0.999 1.000 0.999
     38       3.000    0.988 0.153      0.240 0.257 0.268 0.271 0.308 0.343 0.359 0.376 0.787 0.873 0.974 0.990 0.995 0.999 1.000

  R CORE   ENERGY   A0R/A00=1.000    R3= 0     2  
   2( 1)    0.732                    1.000 0.000
   2( 2)  487.921                    0.000 1.000

  R CORE   ENERGY   A0R/A00=1.000    R3= 0     2  
   3( 1)  488.652                    0.000 1.000

  R CORE   ENERGY   A0R/A00=1.000    R3= 0     2     4  
   4( 1)    2.438                    1.000 0.000 0.000

  R CORE   ENERGY   A0R/A00=1.000    R3= 0     2     4  
   5( 1)  490.847                    0.000 1.000 0.000

  R CORE   ENERGY   A0R/A00=1.000    R3= 0     2     4     6  
   6( 1)    5.121                    1.000 0.000 0.000 0.000

  R CORE   ENERGY   A0R/A00=1.000    R3= 0     2     4     6  
   7( 1)  494.017                    0.000 1.000 0.000 0.000

          AXIAL SYMMETRY => K RESTRICTED TO OMEGA

                     K
     S.P. ORB#: 24  2.50
     S.P. ORB#: 25  2.50
     S.P. ORB#: 26  0.50
     S.P. ORB#: 27 -3.50
     S.P. ORB#: 28 -3.50
     S.P. ORB#: 29  4.50
     S.P. ORB#: 30  0.50
     S.P. ORB#: 31 -1.50
     S.P. ORB#: 32 -1.50
     S.P. ORB#: 33  2.50
     S.P. ORB#: 34  0.50
     S.P. ORB#: 35  0.50
     S.P. ORB#: 36 -1.50
     S.P. ORB#: 37  2.50
     S.P. ORB#: 38 -3.50
 

             ENERGY    K= OMEGA
 
 I=  1/2- (1)  1.551  26:-0.062
                      34:-0.998
 
 I=  1/2- (2)  3.204  30: 1.000
 
 I=  1/2- (3)  5.034  26: 0.998
                      34:-0.062
 
 I=  1/2- (4)  9.686  35:-1.000
 
 I=  1/2- (5)147.213  32:-1.000

             ENERGY    K= OMEGA
 
 I=  3/2- (1)  1.382  30: 0.192
                      31: 0.111
                      32: 0.970
                      34:-0.084
 
 I=  3/2- (2)  2.208  30:-0.145
                      31:-0.119
                      32: 0.127
                      34: 0.974

             ENERGY    K= OMEGA
 
 I=  5/2- (1)  1.402  30: 0.132
                      31: 0.180
                      32:-0.401
                      33:-0.884
                      34: 0.067
 
 I=  5/2- (2)  1.993  30: 0.229
                      31:-0.165
                      32:-0.873
                      33: 0.394
 
 I=  5/2- (3)  2.230  30: 0.138
                      31: 0.181
                      33: 0.125
                      34: 0.965
 
 I=  5/2- (4)  3.261  24: 0.072
                      26:-0.386
                      30: 0.449
                      31: 0.741
                      32: 0.073
                      33: 0.187
                      34:-0.233
 
 I=  5/2- (5)  4.538  24: 0.063
                      26: 0.073
                      30:-0.800
                      31: 0.520
                      32:-0.263
                      33: 0.100

             ENERGY    K= OMEGA
 
 I=  7/2- (1)  2.035  30: 0.179
                      31:-0.217
                      32: 0.493
                      33:-0.822
 
 I=  7/2- (2)  2.636  25:-0.069
                      26:-0.176
                      28: 0.067
                      30:-0.349
                      31:-0.299
                      32:-0.720
                      33:-0.432
                      34: 0.203
 
 I=  7/2- (3)  3.615  24:-0.070
                      25: 0.247
                      27: 0.145
                      28:-0.943
                      30:-0.073
                      34: 0.124
 
 I=  7/2- (4)  3.816  26: 0.078
                      28:-0.118
                      30: 0.129
                      31: 0.226
                      32:-0.311
                      33:-0.211
                      34:-0.876
 
 I=  7/2- (5)  4.047  35: 0.721
                      36: 0.575
                      37: 0.356
                      38: 0.152

             ENERGY    K= OMEGA
 
 I=  9/2- (1)  2.688  26: 0.177
                      27:-0.098
                      29: 0.140
                      30:-0.300
                      31:-0.364
                      32: 0.461
                      33: 0.684
                      34:-0.183
 
 I=  9/2- (2)  3.083  24: 0.070
                      25: 0.071
                      27: 0.281
                      28: 0.180
                      29:-0.922
                      30:-0.064
                      31:-0.053
                      32: 0.093
                      33: 0.103
 
 I=  9/2- (3)  3.799  24: 0.071
                      25:-0.122
                      26:-0.059
                      27: 0.058
                      28:-0.165
                      30:-0.140
                      31: 0.340
                      32: 0.721
                      33:-0.219
                      34: 0.493
 
 I=  9/2- (4)  3.858  25:-0.057
                      26: 0.079
                      28:-0.100
                      30:-0.314
                      32: 0.254
                      33:-0.549
                      34:-0.715
 
 I=  9/2- (5)  4.503  24: 0.123
                      25:-0.301
                      26:-0.083
                      27: 0.183
                      28:-0.866
                      29:-0.131
                      30: 0.145
                      32:-0.140
                      33: 0.180
                      34:-0.110

             ENERGY    K= OMEGA
 
 I= 11/2- (1)  2.882  35: 0.683
                      36: 0.576
                      37: 0.401
                      38: 0.202
 
 I= 11/2- (2)  3.817  24: 0.099
                      25: 0.109
                      27:-0.307
                      28:-0.147
                      29:-0.557
                      30: 0.181
                      31:-0.247
                      32: 0.384
                      33:-0.558
 
 I= 11/2- (3)  4.069  24: 0.083
                      25: 0.059
                      27:-0.259
                      28:-0.175
                      29:-0.666
                      30:-0.210
                      31: 0.160
                      32:-0.404
                      33: 0.462
 
 I= 11/2- (4)  4.580  24: 0.079
                      25:-0.122
                      26:-0.284
                      27:-0.052
                      28: 0.170
                      29: 0.068
                      30:-0.406
                      31:-0.413
                      32:-0.546
                      33:-0.414
                      34: 0.240
 
 I= 11/2- (5)  5.582  24:-0.143
                      25: 0.360
                      26:-0.093
                      27: 0.223
                      28:-0.845
                      29: 0.167
                      30:-0.149
                      31:-0.071
                      33:-0.069
                      34: 0.123

             ENERGY    K= OMEGA
 
 I= 13/2- (1)  4.625  24: 0.111
                      25: 0.083
                      26:-0.268
                      27: 0.226
                      28: 0.082
                      29:-0.285
                      30: 0.362
                      31: 0.434
                      32:-0.383
                      33:-0.511
                      34: 0.209
 
 I= 13/2- (2)  5.090  35:-0.231
                      36: 0.579
                      37:-0.653
                      38: 0.431
 
 I= 13/2- (3)  5.124  24: 0.129
                      25: 0.133
                      26: 0.128
                      27: 0.404
                      28: 0.247
                      29:-0.766
                      30:-0.185
                      31:-0.166
                      32: 0.174
                      33: 0.177
                      34:-0.118
 
 I= 13/2- (4)  6.370  24: 0.152
                      25:-0.234
                      26:-0.105
                      27: 0.127
                      28:-0.349
                      29:-0.051
                      30:-0.102
                      31: 0.333
                      32: 0.654
                      34: 0.470
 
 I= 13/2- (5)  6.516  24: 0.054
                      25:-0.153
                      26: 0.090
                      27: 0.108
                      28:-0.295
                      30:-0.299
                      32: 0.143
                      33:-0.612
                      34:-0.617

             ENERGY     K=-7/2
  32 LEVELS    TIME=  0.0 SEC



 ******************* EXCITATION ENERGIES, DOMINANT CONFIGURATION AND EXPECTATION VALUES (WITH S.P. UU+VV FACTORS) *******************

  NR  Eex(keV)  I   Kdom  NY    <Jz>  <Jx**2> <Jy**2> <Jz**2> <I.j>/|I|  <Rx**2> <Ry**2> <Rz**2> <R.j>/|R|  <HROTx> <HROTy> <HROTz>

   1    0.0   3/2-  -3/2  32   -1.41    1.52    1.52    2.16    1.46       1.64    1.64   -0.00   -1.31      0.200   0.200  -0.000
   2   20.3   5/2-   5/2  33    1.68    1.79    1.79    5.33    2.43       1.65    1.65   -0.00   -0.95      0.201   0.201  -0.000
   3  168.8   1/2-   1/2  34    0.50    1.17    1.17    0.25    0.84       0.95    0.95    0.00   -1.36      0.116   0.116   0.000
   4  611.0   5/2-  -3/2  32   -0.76    1.54    1.54    2.77    1.12       3.99    3.99   -0.00   -0.90      0.487   0.487  -0.000
   5  653.1   7/2-   5/2  33    1.27    1.93    1.93    4.91    2.05       4.13    4.13   -0.00   -0.22      0.504   0.504  -0.000
  
   6  826.2   3/2-   1/2  34    0.44    1.28    1.28    0.31   -0.15       3.59    3.59   -0.00   -1.18      0.438   0.438  -0.000
   7  847.9   5/2-   1/2  34    0.47    1.50    1.50    0.41    0.83       3.63    3.63   -0.00   -0.36      0.442   0.442  -0.000
   8 1253.4   7/2-  -3/2  32   -0.35    1.73    1.73    2.69    1.39       5.43    5.43   -0.00   -0.19      0.662   0.662  -0.000
   9 1305.7   9/2-   5/2  33    0.79    2.79    2.79    4.27    2.38       5.45    5.45   -0.00    0.61      0.664   0.664  -0.000
  10 1500.1  11/2-   1/2  35   -0.01   28.35   28.35    2.37    7.24       4.11    4.11   -0.00   -5.50      0.501   0.501  -0.000
  
  11 1701.3   9/2-   9/2  29    3.47    2.76    2.76   18.72    4.44       2.42    2.42   -0.00   -0.98      0.295   0.295  -0.000
  12 1822.1   1/2-   1/2  30    0.50    4.01    4.01    0.25    0.40       4.16    4.16   -0.00   -2.75      0.507   0.507  -0.000
  13 1879.1   5/2-  -3/2  31   -0.53    3.79    3.79    1.60    1.66       4.05    4.05    0.00   -1.50      0.494   0.494   0.000
  14 2233.3   7/2-  -7/2  28   -3.01    2.27    2.27   11.58    3.37       2.55    2.55   -0.00   -1.21      0.311   0.311  -0.000
  15 2417.0   9/2-  -3/2  32   -0.76    1.51    1.51    2.30    0.97      10.21   10.21    0.00   -0.11      1.245   1.245   0.000
  
  16 2433.8   7/2-   1/2  34    0.24    1.65    1.65    1.00   -0.02      10.10   10.10   -0.00   -0.97      1.231   1.231  -0.000
  17 2434.9  11/2-   5/2  33    1.52    3.00    3.00   10.25    3.02       7.95    7.95   -0.00    0.45      0.969   0.969  -0.000
  18 2476.4   9/2-   1/2  34    0.93    1.99    1.99    2.36    1.02      10.47   10.47   -0.00   -0.28      1.276   1.276  -0.000
  19 2664.9   7/2-   1/2  35   -0.00   28.49   28.49    1.95    7.12       9.09    9.09   -0.00   -7.19      1.108   1.108  -0.000
  20 2686.5  11/2-   9/2  29    1.96    2.56    2.56   12.02    2.97       8.70    8.70   -0.00    0.14      1.061   1.061  -0.000
  
  21 3120.6   9/2-  -7/2  28   -2.33    2.34    2.34   10.87    2.78       6.33    6.33   -0.00   -0.49      0.772   0.772  -0.000
  22 3156.2   5/2-   1/2  30   -0.15    4.08    4.08    1.01   -0.40      10.14   10.14   -0.00   -2.30      1.236   1.236  -0.000
  23 3198.0  11/2-  -3/2  32   -0.16    2.16    2.16    2.81    1.63      11.69   11.69   -0.00    0.54      1.425   1.425  -0.000
  24 3243.0  13/2-   5/2  33    0.49    3.75    3.75    4.91    2.77      11.25   11.25   -0.00    1.46      1.371   1.371  -0.000
  25 3652.2   1/2-   1/2  26    0.50    4.78    4.78    0.25    0.68       4.69    4.69    0.00   -3.01      0.572   0.572   0.000
  
  26 3707.7  13/2-   5/2  37   -0.06   27.24   27.24    5.70    6.14      11.59   11.59   -0.00   -3.60      1.413   1.413  -0.000
  27 3741.7  13/2-   9/2  29    1.97    3.52    3.52   15.20    3.62      10.25   10.25   -0.00    0.66      1.250   1.250  -0.000
  28 4199.5  11/2-  -7/2  28   -2.15    2.47    2.47   10.92    2.62      10.11   10.11   -0.00   -0.04      1.233   1.233  -0.000
  29 4988.2  13/2-  -3/2  32   -0.96    1.82    1.82    3.50    1.29      18.96   18.96    0.00    0.30      2.312   2.312   0.000
  30 5133.8  13/2-   1/2  34    0.87    2.11    2.11    3.88    1.13      20.52   20.52   -0.00   -0.03      2.502   2.502  -0.000
  
  31 8303.9   1/2-   1/2  35    0.50   28.98   28.98    0.25   -4.09      33.03   33.03    0.00   -7.60      4.026   4.026   0.000
  32*******   1/2-  -3/2  32    0.00    0.00    0.00    0.00   -0.00       0.00    0.00    0.00   -0.00      0.000   0.000   0.000
