1SPECTRUM OF (Z= 82 A=207) IN PARTICLE-ROTOR  MODEL WITH MODIFIED OSCILLATOR POTENTIAL


 PARITY=-   EPS= 0.387   GAMMA=  0.0   EPS4=0.000   EPS6=0.000   LEVELS:  25  26  27  28  29  30  31  32  33  34  35  36  37  38  39

 PAIRING FACTORS: GN0= 19.20  GN1=  7.40  IPAIR= 15 ***  E2PLUS(INPUT)=   0.730  E2PLUR(INPUT)=   0.000

 CORIOLIS ATTENUATION PARAMETERS:  CHSI=1.000  ETA=  1.00

 MOMENT OF INERTIA PARAMETERS:   A1=  0.122 MEV   A2=  0.122 MEV   A3=121.91924 MEV


 DELTA=0.855 MEV  LAMBDA=53.4628 MEV   HW0= 7.5499 MEV   LAMBDA/HW0= 7.0813

 E2ENERGY=0.730 MEV  HBAR**2/B=27770./A**(7/3)=4694.5/A**2 MEV

 IREC=0  =>  RECOIL TERMS j+j-, j+j+, jzjz, ETC TREATED AS ONE-BODY OPERATORS WITH UU+VV PAIRING FACTORS



 S. P. LEVEL   EQP       U     V        (UU + VV)**1.00

     25       3.887    0.111 0.994      1.000 0.999 0.999 0.996 0.993 0.936 0.903 0.827 0.592 0.429 0.412 0.327 0.242 0.235 0.231
     26       2.930    0.147 0.989      0.999 1.000 1.000 0.999 0.997 0.948 0.918 0.847 0.622 0.462 0.445 0.362 0.278 0.271 0.267
     27       2.806    0.154 0.988      0.999 1.000 1.000 0.999 0.997 0.951 0.921 0.851 0.627 0.468 0.451 0.368 0.284 0.277 0.273
     28       2.247    0.194 0.981      0.996 0.999 0.999 1.000 0.999 0.962 0.936 0.871 0.658 0.503 0.487 0.405 0.322 0.316 0.312
     29       1.917    0.229 0.973      0.993 0.997 0.997 0.999 1.000 0.971 0.948 0.888 0.685 0.534 0.518 0.438 0.356 0.350 0.346
     30       1.057    0.453 0.891      0.936 0.948 0.951 0.962 0.971 1.000 0.996 0.972 0.838 0.719 0.706 0.639 0.568 0.562 0.559
     31       0.954    0.527 0.850      0.903 0.918 0.921 0.936 0.948 0.996 1.000 0.988 0.881 0.775 0.763 0.701 0.635 0.630 0.626
     32       0.865    0.650 0.760      0.827 0.847 0.851 0.871 0.888 0.972 0.988 1.000 0.943 0.863 0.853 0.802 0.745 0.741 0.738
     33       0.987    0.866 0.500      0.592 0.622 0.627 0.658 0.685 0.838 0.881 0.943 1.000 0.982 0.978 0.955 0.925 0.922 0.921
     34       1.385    0.945 0.326      0.429 0.462 0.468 0.503 0.534 0.719 0.775 0.863 0.982 1.000 1.000 0.994 0.980 0.979 0.978
     35       1.456    0.951 0.308      0.412 0.445 0.451 0.487 0.518 0.706 0.763 0.853 0.978 1.000 1.000 0.996 0.984 0.982 0.982
     36       1.987    0.975 0.221      0.327 0.362 0.368 0.405 0.438 0.639 0.701 0.802 0.955 0.994 0.996 1.000 0.996 0.995 0.995
     37       3.245    0.991 0.133      0.242 0.278 0.284 0.322 0.356 0.568 0.635 0.745 0.925 0.980 0.984 0.996 1.000 1.000 1.000
     38       3.423    0.992 0.126      0.235 0.271 0.277 0.316 0.350 0.562 0.630 0.741 0.922 0.979 0.982 0.995 1.000 1.000 1.000
     39       3.533    0.993 0.122      0.231 0.267 0.273 0.312 0.346 0.559 0.626 0.738 0.921 0.978 0.982 0.995 1.000 1.000 1.000

  R CORE   ENERGY   A0R/A00=1.000    R3= 0     2  
   2( 1)    0.732                    1.000 0.000
   2( 2)  487.921                    0.000 1.000

  R CORE   ENERGY   A0R/A00=1.000    R3= 0     2  
   3( 1)  488.652                    0.000 1.000

  R CORE   ENERGY   A0R/A00=1.000    R3= 0     2     4  
   4( 1)    2.438                    1.000 0.000 0.000

  R CORE   ENERGY   A0R/A00=1.000    R3= 0     2     4  
   5( 1)  490.847                    0.000 1.000 0.000

  R CORE   ENERGY   A0R/A00=1.000    R3= 0     2     4     6  
   6( 1)    5.121                    1.000 0.000 0.000 0.000

  R CORE   ENERGY   A0R/A00=1.000    R3= 0     2     4     6  
   7( 1)  494.017                    0.000 1.000 0.000 0.000

          AXIAL SYMMETRY => K RESTRICTED TO OMEGA

                     K
     S.P. ORB#: 25 -5.50
     S.P. ORB#: 26  0.50
     S.P. ORB#: 27  2.50
     S.P. ORB#: 28 -3.50
     S.P. ORB#: 29 -1.50
     S.P. ORB#: 30  0.50
     S.P. ORB#: 31 -1.50
     S.P. ORB#: 32  2.50
     S.P. ORB#: 33 -3.50
     S.P. ORB#: 34  4.50
     S.P. ORB#: 35  0.50
     S.P. ORB#: 36 -3.50
     S.P. ORB#: 37 -1.50
     S.P. ORB#: 38  0.50
     S.P. ORB#: 39  2.50
 

             ENERGY    K= OMEGA
 
 I=  1/2- (1)  2.360  30: 1.000
 
 I=  1/2- (2)  4.407  26:-0.192
                      35: 0.911
                      38:-0.364
 
 I=  1/2- (3)  7.330  26:-0.355
                      35: 0.281
                      38: 0.892
 
 I=  1/2- (4)  9.362  26: 0.915
                      35: 0.300
                      38: 0.269
 
 I=  1/2- (5)147.257  31: 1.000

             ENERGY    K= OMEGA
 
 I=  3/2- (1)  2.260  30: 0.454
                      31:-0.891
 
 I=  3/2- (2)  2.623  30: 0.867
                      31: 0.447
                      37: 0.220
 
 I=  3/2- (3)  3.937  30: 0.207
                      31: 0.079
                      37:-0.975
 
 I=  3/2- (4)  4.383  26: 0.298
                      35:-0.946
                      38:-0.118
 
 I=  3/2- (5)  6.133  26: 0.739
                      29: 0.618
                      35: 0.266

             ENERGY    K= OMEGA
 
 I=  5/2- (1)  2.724  30:-0.398
                      31:-0.881
                      37: 0.078
                      39: 0.239
 
 I=  5/2- (2)  3.359  27:-0.056
                      30: 0.846
                      31:-0.386
                      37:-0.352
                      39: 0.092
 
 I=  5/2- (3)  4.249  27:-0.190
                      30:-0.198
                      31:-0.166
                      37:-0.478
                      39:-0.818
 
 I=  5/2- (4)  4.592  27: 0.937
                      30: 0.081
                      31:-0.143
                      37: 0.126
                      39:-0.282
 
 I=  5/2- (5)  4.803  27: 0.286
                      30:-0.283
                      31: 0.162
                      37:-0.791
                      39: 0.431

             ENERGY    K= OMEGA
 
 I=  7/2- (1)  1.864  27: 0.155
                      33:-0.986
 
 I=  7/2- (2)  3.302  30:-0.566
                      31: 0.752
                      37:-0.175
                      39: 0.286
 
 I=  7/2- (3)  3.996  27:-0.076
                      30: 0.736
                      31: 0.548
                      37: 0.329
                      39: 0.208
 
 I=  7/2- (4)  4.068  26: 0.614
                      29: 0.588
                      32: 0.482
                      36: 0.212
 
 I=  7/2- (5)  4.138  27: 0.191
                      28: 0.976
                      39: 0.089

             ENERGY    K= OMEGA
 
 I=  9/2- (1)  2.312  27:-0.087
                      28: 0.163
                      33:-0.358
                      34:-0.915
 
 I=  9/2- (2)  2.930  27:-0.207
                      28:-0.100
                      33:-0.903
                      34: 0.356
                      39: 0.053
 
 I=  9/2- (3)  4.268  30:-0.441
                      31:-0.791
                      33: 0.063
                      37: 0.190
                      39: 0.371
 
 I=  9/2- (4)  4.755  26: 0.209
                      29:-0.552
                      32: 0.691
                      36:-0.417
 
 I=  9/2- (5)  5.236  27: 0.215
                      28:-0.455
                      30:-0.611
                      31: 0.414
                      33:-0.056
                      34:-0.086
                      37: 0.428
                      39:-0.087

             ENERGY    K= OMEGA
 
 I= 11/2- (1)  3.451  27:-0.137
                      28:-0.221
                      33: 0.445
                      34:-0.856
 
 I= 11/2- (2)  3.488  26: 0.610
                      29: 0.587
                      32: 0.468
                      35: 0.100
                      36: 0.230
 
 I= 11/2- (3)  4.220  27:-0.243
                      28: 0.149
                      31: 0.071
                      33: 0.845
                      34: 0.440
                      39: 0.075
 
 I= 11/2- (4)  5.231  25: 0.996
                      31:-0.052
 
 I= 11/2- (5)  5.261  25:-0.075
                      30: 0.579
                      31:-0.678
                      33: 0.085
                      37: 0.259
                      39:-0.352

             ENERGY    K= OMEGA
 
 I= 13/2- (1)  4.820  27: 0.177
                      28:-0.260
                      33: 0.490
                      34: 0.811
 
 I= 13/2- (2)  5.300  26: 0.215
                      29:-0.562
                      32: 0.679
                      36:-0.420
 
 I= 13/2- (3)  5.737  27:-0.269
                      28:-0.190
                      31:-0.102
                      33:-0.798
                      34: 0.482
                      39: 0.101
 
 I= 13/2- (4)  6.749  25: 0.083
                      30:-0.449
                      31:-0.726
                      33: 0.121
                      34:-0.057
                      37: 0.260
                      39: 0.422
 
 I= 13/2- (5)  6.818  25: 0.995
                      31: 0.058
                      34: 0.050

             ENERGY     K= 5/2
  35 LEVELS    TIME=  0.0 SEC



 ******************* EXCITATION ENERGIES, DOMINANT CONFIGURATION AND EXPECTATION VALUES (WITH S.P. UU+VV FACTORS) *******************

  NR  Eex(keV)  I   Kdom  NY    <Jz>  <Jx**2> <Jy**2> <Jz**2> <I.j>/|I|  <Rx**2> <Ry**2> <Rz**2> <R.j>/|R|  <HROTx> <HROTy> <HROTz>

   1    0.0   7/2-  -7/2  33   -3.35    2.30    2.30   12.09    3.23       3.40    3.40    0.00   -1.49      0.414   0.414   0.000
   2  396.6   3/2-  -3/2  31   -1.09    4.96    4.96    1.84    1.28       5.26    5.26    0.00   -2.86      0.642   0.642   0.000
   3  448.3   9/2-   9/2  34    3.25    2.50    2.50   18.90    4.11       3.87    3.87   -0.00   -1.24      0.472   0.472  -0.000
   4  496.6   1/2-   1/2  30    0.50    4.93    4.93    0.25    0.10       5.34    5.34    0.00   -3.07      0.652   0.652   0.000
   5  759.0   3/2-   1/2  30    0.00    4.71    4.71    0.75    0.46       6.07    6.07    0.00   -2.66      0.740   0.740   0.000
  
   6  859.9   5/2-  -3/2  31   -0.95    4.80    4.80    2.17    1.26       6.52    6.52    0.00   -2.22      0.795   0.795   0.000
   7 1066.3   9/2-  -7/2  33   -2.21    2.37    2.37   12.97    2.79       7.36    7.36    0.00   -1.00      0.897   0.897   0.000
   8 1438.0   7/2-  -3/2  31   -0.53    4.69    4.69    1.95    1.31       8.33    8.33    0.00   -1.50      1.016   1.016   0.000
   9 1495.0   5/2-   1/2  30   -0.02    4.42    4.42    0.87    0.32       8.28    8.28    0.00   -2.15      1.010   1.010   0.000
  10 1586.7  11/2-   9/2  34    2.48    2.66    2.66   18.02    3.52       8.50    8.50   -0.00   -0.56      1.036   1.036  -0.000
  
  11 1624.1  11/2-   1/2  26    0.04   23.26   23.26    2.89    6.14       5.84    5.84    0.00   -3.71      0.713   0.713   0.000
  12 2072.9   3/2-  -3/2  37   -1.41    2.03    2.03    2.16    0.88       3.28    3.28    0.00   -1.76      0.400   0.400   0.000
  13 2132.5   7/2-   1/2  30   -0.22    4.33    4.33    1.37    0.55      10.72   10.72    0.00   -1.70      1.307   1.307   0.000
  14 2204.5   7/2-   1/2  26    0.09   22.85   22.85    2.87    6.03       8.24    8.24    0.00   -6.07      1.005   1.005   0.000
  15 2274.1   7/2-  -7/2  28   -3.22    6.19    6.19   11.94    3.12       7.64    7.64    0.00   -3.05      0.931   0.931   0.001
  
  16 2356.0  11/2-  -7/2  33   -1.55    2.46    2.46   13.37    2.46      12.32   12.32    0.00   -0.72      1.502   1.502   0.000
  17 2385.2   5/2-   5/2  39    1.40    2.13    2.13    4.99    1.69       4.00    4.00    0.00   -1.50      0.488   0.488   0.000
  18 2403.6   9/2-  -3/2  31   -0.57    4.51    4.51    2.47    1.29      11.70   11.70    0.00   -1.05      1.426   1.426   0.000
  19 2518.9   3/2-   1/2  35    0.50   12.55   12.55    0.25    1.65      11.35   11.35    0.00   -4.65      1.384   1.384   0.000
  20 2543.4   1/2-   1/2  35    0.50   11.17   11.17    0.25    0.99      10.81   10.81    0.00   -4.67      1.318   1.318   0.000
  
  21 2728.1   5/2-   5/2  27    2.34    5.65    5.65    6.07    1.96       7.26    7.26    0.00   -3.04      0.885   0.885   0.000
  22 2891.0   9/2-   5/2  32    0.15   23.72   23.72    5.81    5.13      13.47   13.47    0.00   -5.34      1.642   1.642   0.000
  23 2939.2   5/2-  -3/2  37   -0.27    2.59    2.59    3.16    0.43       7.28    7.28    0.00   -1.86      0.888   0.888   0.000
  24 2956.6  13/2-   9/2  34    1.96    2.81    2.81   17.35    3.13      14.04   14.04   -0.00   -0.22      1.712   1.712  -0.000
  25 3367.0  11/2- -11/2  25   -5.46    2.76    2.76   30.06    5.03       5.58    5.58    0.00   -1.65      0.680   0.680   0.001
  
  26 3372.5   9/2-   1/2  30   -0.91    4.47    4.47    3.96    0.94      14.14   14.14    0.00   -1.54      1.724   1.724   0.000
  27 3397.0  11/2-  -3/2  31   -0.36    4.45    4.45    2.34    1.34      15.51   15.51    0.00   -0.58      1.890   1.890   0.000
  28 3436.3  13/2-   5/2  32    0.09   23.73   23.73    5.76    5.06      15.62   15.62    0.00   -3.19      1.904   1.904   0.000
  29 3873.1  13/2-  -7/2  33   -1.12    2.56    2.56   13.54    2.21      18.25   18.25    0.00   -0.53      2.225   2.225   0.000
  30 4269.4   3/2-   1/2  26   -0.26   23.03   23.03    1.01    5.30      15.15   15.15    0.00   -6.69      1.847   1.847   0.000
  
  31 4884.8  13/2-  -3/2  31   -0.42    4.26    4.26    2.97    1.30      21.06   21.06    0.00   -0.37      2.568   2.568   0.000
  32 4954.6  13/2- -11/2  25   -5.44    2.76    2.76   30.02    4.30      12.12   12.12    0.00   -1.12      1.478   1.478   0.001
  33 5465.8   1/2-   1/2  38    0.50   15.91   15.91    0.25   -0.59      16.92   16.92    0.00   -5.60      2.062   2.062   0.000
  34 7498.6   1/2-   1/2  26    0.50   23.31   23.31    0.25   -3.43      26.78   26.78   -0.00   -6.81      3.265   3.265  -0.000
  35*******   1/2-  -3/2  31    0.00    0.00    0.00    0.00    0.00       0.00    0.00    0.00   -0.00      0.000   0.000   0.000
  
