1SPECTRUM OF (Z= 82 A=207) IN PARTICLE-ROTOR  MODEL WITH MODIFIED OSCILLATOR POTENTIAL


 PARITY=-   EPS= 0.496   GAMMA=  0.0   EPS4=0.000   EPS6=0.000   LEVELS:  25  26  27  28  29  30  31  32  33  34  35  36  37  38  39

 PAIRING FACTORS: GN0= 19.20  GN1=  7.40  IPAIR= 15 ***  E2PLUS(INPUT)=   0.730  E2PLUR(INPUT)=   0.000

 CORIOLIS ATTENUATION PARAMETERS:  CHSI=1.000  ETA=  1.00

 MOMENT OF INERTIA PARAMETERS:   A1=  0.122 MEV   A2=  0.122 MEV   A3=121.91924 MEV


 DELTA=0.850 MEV  LAMBDA=53.4158 MEV   HW0= 7.6505 MEV   LAMBDA/HW0= 6.9820

 E2ENERGY=0.730 MEV  HBAR**2/B=45616./A**(7/3)=7711.3/A**2 MEV

 IREC=0  =>  RECOIL TERMS j+j-, j+j+, jzjz, ETC TREATED AS ONE-BODY OPERATORS WITH UU+VV PAIRING FACTORS



 S. P. LEVEL   EQP       U     V        (UU + VV)**1.00

     25       4.037    0.106 0.994      1.000 1.000 0.991 0.987 0.981 0.970 0.960 0.569 0.507 0.361 0.333 0.276 0.260 0.233 0.199
     26       3.651    0.117 0.993      1.000 1.000 0.993 0.989 0.983 0.973 0.963 0.579 0.517 0.372 0.344 0.287 0.271 0.244 0.210
     27       1.844    0.237 0.971      0.991 0.993 1.000 1.000 0.998 0.994 0.988 0.674 0.617 0.482 0.455 0.401 0.386 0.360 0.328
     28       1.681    0.262 0.965      0.987 0.989 1.000 1.000 0.999 0.996 0.992 0.692 0.637 0.504 0.478 0.424 0.409 0.384 0.352
     29       1.496    0.298 0.955      0.981 0.983 0.998 0.999 1.000 0.999 0.996 0.719 0.665 0.536 0.510 0.458 0.443 0.418 0.386
     30       1.320    0.343 0.939      0.970 0.973 0.994 0.996 0.999 1.000 0.999 0.751 0.700 0.575 0.551 0.500 0.485 0.461 0.430
     31       1.205    0.382 0.924      0.960 0.963 0.988 0.992 0.996 0.999 1.000 0.778 0.729 0.609 0.585 0.535 0.521 0.497 0.467
     32       1.010    0.878 0.479      0.569 0.579 0.674 0.692 0.719 0.751 0.778 1.000 0.997 0.972 0.965 0.947 0.942 0.932 0.919
     33       1.130    0.911 0.413      0.507 0.517 0.617 0.637 0.665 0.700 0.729 0.997 1.000 0.987 0.982 0.968 0.964 0.956 0.946
     34       1.690    0.966 0.260      0.361 0.372 0.482 0.504 0.536 0.575 0.609 0.972 0.987 1.000 1.000 0.996 0.994 0.991 0.986
     35       1.889    0.973 0.231      0.333 0.344 0.455 0.478 0.510 0.551 0.585 0.965 0.982 1.000 1.000 0.998 0.997 0.995 0.990
     36       2.500    0.985 0.173      0.276 0.287 0.401 0.424 0.458 0.500 0.535 0.947 0.968 0.996 0.998 1.000 1.000 0.999 0.997
     37       2.754    0.988 0.156      0.260 0.271 0.386 0.409 0.443 0.485 0.521 0.942 0.964 0.994 0.997 1.000 1.000 1.000 0.998
     38       3.327    0.992 0.129      0.233 0.244 0.360 0.384 0.418 0.461 0.497 0.932 0.956 0.991 0.995 0.999 1.000 1.000 0.999
     39       4.526    0.996 0.094      0.199 0.210 0.328 0.352 0.386 0.430 0.467 0.919 0.946 0.986 0.990 0.997 0.998 0.999 1.000

  R CORE   ENERGY   A0R/A00=1.000    R3= 0     2  
   2( 1)    0.732                    1.000 0.000
   2( 2)  487.921                    0.000 1.000

  R CORE   ENERGY   A0R/A00=1.000    R3= 0     2  
   3( 1)  488.652                    0.000 1.000

  R CORE   ENERGY   A0R/A00=1.000    R3= 0     2     4  
   4( 1)    2.438                    1.000 0.000 0.000

  R CORE   ENERGY   A0R/A00=1.000    R3= 0     2     4  
   5( 1)  490.847                    0.000 1.000 0.000

  R CORE   ENERGY   A0R/A00=1.000    R3= 0     2     4     6  
   6( 1)    5.121                    1.000 0.000 0.000 0.000

  R CORE   ENERGY   A0R/A00=1.000    R3= 0     2     4     6  
   7( 1)  494.017                    0.000 1.000 0.000 0.000

          AXIAL SYMMETRY => K RESTRICTED TO OMEGA

                     K
     S.P. ORB#: 25  0.50
     S.P. ORB#: 26 -1.50
     S.P. ORB#: 27 -5.50
     S.P. ORB#: 28  2.50
     S.P. ORB#: 29  2.50
     S.P. ORB#: 30  0.50
     S.P. ORB#: 31 -3.50
     S.P. ORB#: 32  0.50
     S.P. ORB#: 33 -1.50
     S.P. ORB#: 34 -3.50
     S.P. ORB#: 35  0.50
     S.P. ORB#: 36 -1.50
     S.P. ORB#: 37 -3.50
     S.P. ORB#: 38  4.50
     S.P. ORB#: 39  4.50
 

             ENERGY    K= OMEGA
 
 I=  1/2- (1)  2.405  32: 0.999
 
 I=  1/2- (2)  4.522  30:-0.905
                      35: 0.424
 
 I=  1/2- (3)  5.855  25: 0.999
 
 I=  1/2- (4)  6.231  30: 0.424
                      35: 0.905
 
 I=  1/2- (5)147.433  33: 1.000

             ENERGY    K= OMEGA
 
 I=  3/2- (1)  2.457  32: 0.722
                      33:-0.691
 
 I=  3/2- (2)  2.688  25:-0.134
                      32:-0.683
                      33:-0.718

             ENERGY    K= OMEGA
 
 I=  5/2- (1)  2.929  25: 0.187
                      28:-0.120
                      32:-0.525
                      33:-0.821
 
 I=  5/2- (2)  3.487  28:-0.945
                      32: 0.316
                      33:-0.074
 
 I=  5/2- (3)  3.642  28:-0.304
                      32:-0.777
                      33: 0.550
 
 I=  5/2- (4)  4.881  26: 0.126
                      29:-0.111
                      30:-0.813
                      35: 0.499
                      36: 0.247
 
 I=  5/2- (5)  6.443  26: 0.470
                      29:-0.835
                      35:-0.285

             ENERGY    K= OMEGA
 
 I=  7/2- (1)  3.145  28:-0.163
                      31:-0.986
 
 I=  7/2- (2)  3.549  28: 0.421
                      31:-0.058
                      32: 0.165
                      33:-0.217
                      37:-0.863
 
 I=  7/2- (3)  3.675  32: 0.779
                      33:-0.562
                      37: 0.268
 
 I=  7/2- (4)  4.076  25:-0.242
                      28: 0.126
                      32:-0.574
                      33:-0.757
                      37: 0.146
 
 I=  7/2- (5)  4.577  28:-0.882
                      31: 0.149
                      33:-0.186
                      37:-0.402

             ENERGY    K= OMEGA
 
 I=  9/2- (1)  3.754  28:-0.192
                      31: 0.737
                      37:-0.167
                      38:-0.625
 
 I=  9/2- (2)  4.450  25: 0.241
                      28:-0.317
                      31:-0.174
                      32:-0.436
                      33:-0.633
                      37:-0.466
                      38: 0.060
 
 I=  9/2- (3)  4.562  25:-0.178
                      28:-0.271
                      31:-0.286
                      32: 0.341
                      33: 0.426
                      37:-0.712
                      38:-0.094
 
 I=  9/2- (4)  4.855  28: 0.340
                      31:-0.538
                      32:-0.098
                      33:-0.072
                      37: 0.085
                      38:-0.755
 
 I=  9/2- (5)  5.407  26:-0.397
                      29: 0.586
                      30: 0.394
                      34:-0.480
                      35:-0.166
                      36:-0.165
                      39: 0.243

             ENERGY    K= OMEGA
 
 I= 11/2- (1)  3.183  27: 1.000
 
 I= 11/2- (2)  4.788  28: 0.224
                      31: 0.706
                      37:-0.218
                      38: 0.635
 
 I= 11/2- (3)  5.392  26:-0.412
                      29:-0.559
                      30:-0.402
                      34:-0.478
                      35:-0.160
                      36:-0.156
                      39:-0.279
 
 I= 11/2- (4)  5.734  28: 0.457
                      31:-0.278
                      32: 0.281
                      33:-0.312
                      37:-0.723
                      38:-0.119
 
 I= 11/2- (5)  5.875  25: 0.090
                      28:-0.131
                      31: 0.138
                      32: 0.790
                      33:-0.445
                      37: 0.366

             ENERGY    K= OMEGA
 
 I= 13/2- (1)  4.766  27:-0.999
 
 I= 13/2- (2)  5.997  26: 0.388
                      29:-0.579
                      30:-0.204
                      34: 0.571
                      36: 0.102
                      39:-0.367
 
 I= 13/2- (3)  6.098  28:-0.249
                      31: 0.686
                      37:-0.250
                      38:-0.632
 
 I= 13/2- (4)  6.918  25: 0.371
                      28:-0.179
                      31:-0.101
                      32:-0.534
                      33:-0.708
                      37:-0.152
                      38: 0.101
 
 I= 13/2- (5)  7.274  25:-0.109
                      28:-0.461
                      31:-0.305
                      32: 0.176
                      33: 0.157
                      37:-0.780
                      38: 0.139

             ENERGY     K= 9/2
  32 LEVELS    TIME=  0.0 SEC



 ******************* EXCITATION ENERGIES, DOMINANT CONFIGURATION AND EXPECTATION VALUES (WITH S.P. UU+VV FACTORS) *******************

  NR  Eex(keV)  I   Kdom  NY    <Jz>  <Jx**2> <Jy**2> <Jz**2> <I.j>/|I|  <Rx**2> <Ry**2> <Rz**2> <R.j>/|R|  <HROTx> <HROTy> <HROTz>

   1    0.0   1/2-   1/2  32    0.50    5.29    5.29    0.25    0.10       5.70    5.70    0.00   -3.18      0.694   0.694   0.000
   2   52.5   3/2-   1/2  32   -0.46    5.28    5.28    1.21    1.06       5.69    5.69    0.00   -2.87      0.694   0.694   0.000
   3  283.8   3/2-  -3/2  33   -0.53    5.29    5.29    1.28    0.72       6.41    6.41    0.00   -2.92      0.781   0.781   0.000
   4  524.0   5/2-  -3/2  33   -0.82    5.41    5.41    1.69    1.21       7.06    7.06    0.00   -2.38      0.861   0.861   0.000
   5  740.1   7/2-  -7/2  31   -3.34    6.33    6.33   12.08    3.11       7.90    7.90    0.00   -3.12      0.963   0.963   0.000
  
   6  778.7  11/2- -11/2  27   -5.49    2.75    2.75   30.24    5.06       5.49    5.49    0.00   -1.66      0.669   0.669   0.000
   7 1082.3   5/2-   5/2  28    2.28    6.09    6.09    5.62    1.89       7.68    7.68    0.00   -3.11      0.936   0.936   0.000
   8 1144.3   7/2-  -7/2  37   -2.23    3.17    3.17   10.39    2.94       4.57    4.57    0.00   -1.67      0.557   0.557   0.000
   9 1237.6   5/2-   1/2  32    0.08    5.38    5.38    1.41    0.03      10.37   10.37    0.00   -2.65      1.264   1.264   0.000
  10 1270.3   7/2-   1/2  32   -0.42    5.06    5.06    1.76    0.91      10.22   10.22    0.00   -1.83      1.246   1.246   0.000
  
  11 1349.2   9/2-  -7/2  31   -0.15    4.74    4.74   15.14    3.59       6.80    6.80    0.00   -1.83      0.829   0.829   0.000
  12 1671.0   7/2-  -3/2  33   -0.71    5.33    5.33    1.77    0.69      11.37   11.37    0.00   -2.03      1.386   1.386   0.000
  13 2045.0   9/2-  -3/2  33   -1.07    4.86    4.86    4.69    1.66      11.30   11.30    0.00   -1.29      1.378   1.378   0.000
  14 2117.6   1/2-   1/2  30    0.50   13.06   13.06    0.25    0.98      12.71   12.71   -0.00   -5.06      1.550   1.550  -0.000
  15 2157.2   9/2-  -7/2  37   -2.03    3.86    3.86    8.29    2.06      10.11   10.11    0.00   -1.28      1.233   1.233   0.000
  
  16 2172.3   7/2-   5/2  28    1.25    5.56    5.56    7.19    1.45      11.27   11.27    0.00   -2.64      1.374   1.374   0.000
  17 2361.2  13/2- -11/2  27   -5.48    2.75    2.75   30.22    4.33      11.97   11.97    0.00   -1.12      1.460   1.460   0.000
  18 2383.3  11/2-  -7/2  31    0.02    4.62    4.62   15.17    3.23      10.79   10.79   -0.00   -1.10      1.315   1.315  -0.000
  19 2450.8   9/2-   9/2  38    1.82    4.03    4.03   15.93    2.94       9.72    9.72   -0.00   -2.12      1.186   1.186  -0.000
  20 2476.1   5/2-   1/2  30    0.37   13.72   13.72    0.48    1.61      13.56   13.56    0.00   -4.44      1.654   1.654   0.000
  
  21 2987.3  11/2-   5/2  29    0.13   21.01   21.01    6.81    4.85      13.30   13.30    0.00   -3.85      1.622   1.622   0.000
  22 3002.1   9/2-   5/2  29    0.13   20.73   20.73    6.63    4.57      13.68   13.68    0.00   -4.85      1.668   1.668   0.000
  23 3329.2  11/2-  -7/2  37   -1.62    3.82    3.82    9.18    1.92      14.81   14.81    0.00   -0.98      1.806   1.806   0.000
  24 3450.8   1/2-   1/2  25    0.50    7.55    7.55    0.25    0.66       7.48    7.48    0.00   -3.82      0.912   0.912   0.000
  25 3470.1  11/2-   1/2  32   -0.47    4.87    4.87    2.59    0.89      18.73   18.73    0.00   -1.15      2.284   2.284   0.000
  
  26 3592.3  13/2-   5/2  29    0.08   21.86   21.86    9.19    5.11      15.18   15.18   -0.00   -3.13      1.851   1.851  -0.000
  27 3693.7  13/2-  -7/2  31    0.07    4.58    4.58   15.08    2.93      16.07   16.07    0.00   -0.67      1.959   1.959   0.000
  28 3826.7   1/2-   1/2  35    0.50   17.03   17.03    0.25   -0.81      18.23   18.23   -0.00   -5.80      2.223   2.223  -0.000
  29 4038.5   5/2-   5/2  29    1.45   22.05   22.05    4.88    3.60      18.20   18.20    0.00   -6.35      2.220   2.220   0.000
  30 4513.4  13/2-  -3/2  33   -0.53    5.60    5.60    2.05    1.30      21.92   21.92    0.00   -0.63      2.672   2.672   0.000
  
  31 4869.9  13/2-  -7/2  37   -1.85    3.57    3.57   10.37    1.83      20.34   20.34    0.00   -0.74      2.480   2.480   0.000
  32*******   1/2-  -3/2  33    0.00    0.00    0.00    0.00    0.00       0.00    0.00    0.00   -0.00      0.000   0.000   0.000
