1SPECTRUM OF (Z= 82 A=207) IN PARTICLE-ROTOR  MODEL WITH MODIFIED OSCILLATOR POTENTIAL


 PARITY=-   EPS= 0.246   GAMMA=  0.0   EPS4=0.000   EPS6=0.000   LEVELS:  26  27  28  29  30  31  32  33  34  35  36  37  38  39  40

 PAIRING FACTORS: GN0= 19.20  GN1=  7.40  IPAIR= 15 ***  E2PLUS(INPUT)=   0.730  E2PLUR(INPUT)=   0.000

 CORIOLIS ATTENUATION PARAMETERS:  CHSI=1.000  ETA=  1.00

 MOMENT OF INERTIA PARAMETERS:   A1=  0.122 MEV   A2=  0.122 MEV   A3=121.91924 MEV


 DELTA=0.937 MEV  LAMBDA=53.4174 MEV   HW0= 7.4642 MEV   LAMBDA/HW0= 7.1565

 E2ENERGY=0.730 MEV  HBAR**2/B=11221./A**(7/3)=1896.9/A**2 MEV

 IREC=0  =>  RECOIL TERMS j+j-, j+j+, jzjz, ETC TREATED AS ONE-BODY OPERATORS WITH UU+VV PAIRING FACTORS



 S. P. LEVEL   EQP       U     V        (UU + VV)**1.00

     26       3.897    0.121 0.993      1.000 1.000 0.993 0.990 0.986 0.977 0.715 0.562 0.500 0.438 0.394 0.344 0.294 0.240 0.233
     27       3.352    0.141 0.990      1.000 1.000 0.995 0.993 0.989 0.981 0.729 0.578 0.517 0.456 0.413 0.363 0.314 0.260 0.252
     28       2.003    0.241 0.970      0.993 0.995 1.000 1.000 0.999 0.996 0.795 0.658 0.601 0.544 0.503 0.455 0.409 0.356 0.349
     29       1.878    0.258 0.966      0.990 0.993 1.000 1.000 1.000 0.997 0.806 0.671 0.615 0.559 0.518 0.471 0.425 0.373 0.366
     30       1.716    0.285 0.959      0.986 0.989 0.999 1.000 1.000 0.999 0.822 0.692 0.637 0.582 0.542 0.495 0.450 0.398 0.391
     31       1.510    0.329 0.944      0.977 0.981 0.996 0.997 0.999 1.000 0.847 0.724 0.672 0.619 0.580 0.535 0.490 0.440 0.433
     32       0.960    0.780 0.625      0.715 0.729 0.795 0.806 0.822 0.847 1.000 0.980 0.963 0.942 0.924 0.902 0.878 0.850 0.846
     33       1.152    0.889 0.457      0.562 0.578 0.658 0.671 0.692 0.724 0.980 1.000 0.997 0.990 0.982 0.970 0.956 0.938 0.935
     34       1.303    0.920 0.391      0.500 0.517 0.601 0.615 0.637 0.672 0.963 0.997 1.000 0.998 0.993 0.985 0.975 0.961 0.959
     35       1.521    0.945 0.326      0.438 0.456 0.544 0.559 0.582 0.619 0.942 0.990 0.998 1.000 0.999 0.995 0.988 0.978 0.976
     36       1.744    0.960 0.280      0.394 0.413 0.503 0.518 0.542 0.580 0.924 0.982 0.993 0.999 1.000 0.999 0.994 0.987 0.986
     37       2.117    0.974 0.227      0.344 0.363 0.455 0.471 0.495 0.535 0.902 0.970 0.985 0.995 0.999 1.000 0.999 0.994 0.993
     38       2.698    0.984 0.176      0.294 0.314 0.409 0.425 0.450 0.490 0.878 0.956 0.975 0.988 0.994 0.999 1.000 0.998 0.998
     39       3.914    0.993 0.121      0.240 0.260 0.356 0.373 0.398 0.440 0.850 0.938 0.961 0.978 0.987 0.994 0.998 1.000 1.000
     40       4.170    0.994 0.113      0.233 0.252 0.349 0.366 0.391 0.433 0.846 0.935 0.959 0.976 0.986 0.993 0.998 1.000 1.000

  R CORE   ENERGY   A0R/A00=1.000    R3= 0     2  
   2( 1)    0.732                    1.000 0.000
   2( 2)  487.921                    0.000 1.000

  R CORE   ENERGY   A0R/A00=1.000    R3= 0     2  
   3( 1)  488.652                    0.000 1.000

  R CORE   ENERGY   A0R/A00=1.000    R3= 0     2     4  
   4( 1)    2.438                    1.000 0.000 0.000

  R CORE   ENERGY   A0R/A00=1.000    R3= 0     2     4  
   5( 1)  490.847                    0.000 1.000 0.000

  R CORE   ENERGY   A0R/A00=1.000    R3= 0     2     4     6  
   6( 1)    5.121                    1.000 0.000 0.000 0.000

  R CORE   ENERGY   A0R/A00=1.000    R3= 0     2     4     6  
   7( 1)  494.017                    0.000 1.000 0.000 0.000

          AXIAL SYMMETRY => K RESTRICTED TO OMEGA

                     K
     S.P. ORB#: 26  2.50
     S.P. ORB#: 27 -3.50
     S.P. ORB#: 28 -3.50
     S.P. ORB#: 29  0.50
     S.P. ORB#: 30 -1.50
     S.P. ORB#: 31  4.50
     S.P. ORB#: 32  0.50
     S.P. ORB#: 33 -1.50
     S.P. ORB#: 34 -1.50
     S.P. ORB#: 35  2.50
     S.P. ORB#: 36  2.50
     S.P. ORB#: 37  0.50
     S.P. ORB#: 38 -3.50
     S.P. ORB#: 39  4.50
     S.P. ORB#: 40  0.50
 

             ENERGY    K= OMEGA
 
 I=  1/2- (1)  2.417  29:-0.054
                      37:-0.999
 
 I=  1/2- (2)  3.007  29: 0.999
                      37:-0.054
 
 I=  1/2- (3)  6.668  32: 0.691
                      40:-0.723
 
 I=  1/2- (4) 10.032  32:-0.723
                      40:-0.691
 
 I=  1/2- (5)147.456  33:-1.000

             ENERGY    K= OMEGA
 
 I=  3/2- (1)  1.826  29:-0.185
                      30:-0.091
                      34:-0.976
                      37: 0.070
 
 I=  3/2- (2)  2.844  29:-0.234
                      30: 0.912
                      34:-0.064
                      37:-0.331

             ENERGY    K= OMEGA
 
 I=  5/2- (1)  2.010  29: 0.150
                      30: 0.191
                      34:-0.492
                      35:-0.835
 
 I=  5/2- (2)  2.481  29: 0.196
                      30:-0.219
                      34:-0.828
                      35: 0.469
                      37:-0.079
 
 I=  5/2- (3)  2.973  29:-0.303
                      30:-0.416
                      35:-0.201
                      37:-0.833
 
 I=  5/2- (4)  3.680  29: 0.328
                      30: 0.754
                      35: 0.181
                      37:-0.539
 
 I=  5/2- (5)  4.325  29:-0.860
                      30: 0.418
                      34:-0.264
                      35: 0.101
                      37: 0.079

             ENERGY    K= OMEGA
 
 I=  7/2- (1)  2.635  28: 0.092
                      29:-0.216
                      30: 0.249
                      34:-0.540
                      35: 0.767
 
 I=  7/2- (2)  2.744  26:-0.231
                      27: 0.072
                      28: 0.959
                      34: 0.139
 
 I=  7/2- (3)  3.232  32:-0.749
                      33:-0.557
                      36:-0.323
                      38:-0.126
                      40: 0.089
 
 I=  7/2- (4)  3.294  28:-0.125
                      29: 0.281
                      30: 0.290
                      34: 0.724
                      35: 0.513
                      37:-0.184
 
 I=  7/2- (5)  4.289  27: 0.058
                      29: 0.480
                      30:-0.789
                      34:-0.067
                      35: 0.335
                      37: 0.163

             ENERGY    K= OMEGA
 
 I=  9/2- (1)  2.294  26: 0.068
                      27:-0.242
                      28: 0.178
                      31: 0.951
 
 I=  9/2- (2)  3.477  28:-0.077
                      29:-0.263
                      30:-0.330
                      34: 0.522
                      35: 0.721
                      37:-0.145
 
 I=  9/2- (3)  3.638  26: 0.313
                      27: 0.101
                      28: 0.916
                      31:-0.170
                      34: 0.148
 
 I=  9/2- (4)  4.324  32:-0.223
                      33: 0.556
                      36:-0.622
                      38: 0.457
                      39:-0.213
 
 I=  9/2- (5)  4.405  28: 0.146
                      29: 0.154
                      30:-0.393
                      34:-0.742
                      35: 0.358
                      37:-0.348

             ENERGY    K= OMEGA
 
 I= 11/2- (1)  2.229  32:-0.674
                      33:-0.567
                      36:-0.401
                      38:-0.231
                      39:-0.097
 
 I= 11/2- (2)  3.282  26: 0.114
                      27: 0.323
                      28:-0.245
                      31: 0.906
 
 I= 11/2- (3)  4.592  28:-0.051
                      29: 0.301
                      30:-0.327
                      31: 0.056
                      34: 0.561
                      35:-0.692
 
 I= 11/2- (4)  4.761  26:-0.363
                      27: 0.133
                      28: 0.874
                      31: 0.237
                      34: 0.140
                      35: 0.071
 
 I= 11/2- (5)  5.629  28:-0.172
                      29: 0.342
                      30: 0.369
                      31:-0.051
                      34: 0.629
                      35: 0.500
                      37:-0.264

             ENERGY    K= OMEGA
 
 I= 13/2- (1)  4.007  32: 0.191
                      33:-0.501
                      36: 0.610
                      38:-0.511
                      39: 0.282
 
 I= 13/2- (2)  4.490  26: 0.153
                      27:-0.372
                      28: 0.291
                      31: 0.865
                      35: 0.050
 
 I= 13/2- (3)  5.870  28:-0.072
                      29:-0.331
                      30:-0.400
                      31:-0.060
                      34: 0.504
                      35: 0.647
                      37:-0.220
 
 I= 13/2- (4)  6.124  26: 0.397
                      27: 0.161
                      28: 0.838
                      29:-0.051
                      31:-0.288
                      34: 0.157
 
 I= 13/2- (5)  7.147  28: 0.124
                      30:-0.393
                      34:-0.562
                      35:-0.056
                      37:-0.713

             ENERGY     K= 1/2
  32 LEVELS    TIME=  0.0 SEC



 ******************* EXCITATION ENERGIES, DOMINANT CONFIGURATION AND EXPECTATION VALUES (WITH S.P. UU+VV FACTORS) *******************

  NR  Eex(keV)  I   Kdom  NY    <Jz>  <Jx**2> <Jy**2> <Jz**2> <I.j>/|I|  <Rx**2> <Ry**2> <Rz**2> <R.j>/|R|  <HROTx> <HROTy> <HROTz>

   1    0.0   3/2-  -3/2  34   -1.42    1.68    1.68    2.17    1.35       2.03    2.03    0.00   -1.45      0.248   0.248   0.000
   2  184.5   5/2-   5/2  35    1.34    1.93    1.93    4.99    2.24       2.15    2.15    0.00   -1.06      0.263   0.263   0.000
   3  403.0  11/2-   1/2  32    0.00   26.67   26.67    2.69    7.02       3.93    3.93    0.00   -5.02      0.480   0.480   0.000
   4  468.8   9/2-   9/2  31    3.77    2.61    2.61   19.45    4.43       2.67    2.67    0.00   -1.14      0.325   0.325   0.000
   5  591.1   1/2-   1/2  37    0.50    1.46    1.46    0.25    0.84       1.23    1.23   -0.00   -1.55      0.150   0.150  -0.000
  
   6  655.4   5/2-  -3/2  34   -0.52    1.70    1.70    3.05    1.07       4.42    4.42    0.00   -1.10      0.539   0.539   0.000
   7  809.3   7/2-   5/2  35    0.93    2.10    2.10    4.62    1.92       4.68    4.68   -0.00   -0.40      0.570   0.570  -0.000
   8  918.2   7/2-  -7/2  28   -3.13    2.33    2.33   11.71    3.38       2.65    2.65    0.00   -1.28      0.323   0.323   0.000
   9 1018.4   3/2-  -3/2  30   -1.17    4.06    4.06    1.92    1.28       4.41    4.41   -0.00   -2.54      0.538   0.538  -0.000
  10 1147.0   5/2-   1/2  37    0.24    2.32    2.32    0.84    1.06       3.98    3.98   -0.00   -0.83      0.485   0.485  -0.000
  
  11 1181.9   1/2-   1/2  29    0.50    4.29    4.29    0.25    0.18       4.63    4.63    0.00   -2.85      0.564   0.564   0.000
  12 1406.0   7/2-   1/2  32    0.02   25.77   25.77    1.69    6.54       8.52    8.52    0.00   -6.60      1.038   1.038   0.000
  13 1456.7  11/2-   9/2  31    3.15    2.89    2.89   18.71    4.00       6.24    6.24    0.00   -0.17      0.760   0.760   0.000
  14 1468.0   7/2-  -3/2  34   -0.25    1.86    1.86    3.24    0.99       7.44    7.44    0.00   -0.79      0.907   0.907   0.000
  15 1651.8   9/2-   5/2  35    0.75    2.34    2.34    4.24    1.78       8.00    8.00   -0.00   -0.02      0.975   0.975  -0.000
  
  16 1812.1   9/2-  -7/2  28   -2.63    2.46    2.46   11.64    2.94       6.01    6.01    0.00   -0.55      0.733   0.733   0.000
  17 1854.0   5/2-  -3/2  30   -0.57    3.25    3.25    1.59    0.30       7.53    7.53   -0.00   -1.86      0.918   0.918  -0.000
  18 2181.7  13/2-   5/2  36    0.02   25.48   25.48    7.70    6.51       8.28    8.28    0.00   -3.25      1.010   1.010   0.000
  19 2463.7   7/2-  -3/2  30   -0.54    3.90    3.90    2.22    0.62      10.42   10.42    0.00   -1.66      1.270   1.270   0.000
  20 2498.6   9/2-   5/2  36    0.00   25.79   25.79    6.60    6.27      10.27   10.27    0.00   -5.95      1.253   1.253   0.000
  
  21 2499.0   5/2-   1/2  29    0.03    4.17    4.17    0.80   -0.47      10.32   10.32   -0.00   -2.31      1.258   1.258  -0.000
  22 2579.4   9/2-  -3/2  34   -0.74    1.78    1.78    2.70    0.74      11.82   11.82    0.00   -0.53      1.441   1.441   0.000
  23 2664.8  13/2-   9/2  31    2.65    3.12    3.12   18.07    3.69      10.78   10.78    0.00    0.31      1.314   1.314   0.000
  24 2766.5  11/2-   5/2  35    0.61    2.39    2.39    4.08    1.62      12.64   12.64    0.00    0.16      1.541   1.541   0.000
  25 2935.0  11/2-  -7/2  28   -2.18    2.56    2.56   11.62    2.65      10.37   10.37    0.00   -0.19      1.265   1.265   0.000
  
  26 3803.5  11/2-  -3/2  34   -0.17    2.05    2.05    3.22    0.81      16.69   16.69    0.00   -0.43      2.035   2.035   0.000
  27 4044.3  13/2-   5/2  35    0.50    2.62    2.62    3.74    1.61      17.64   17.64   -0.00    0.38      2.151   2.151  -0.000
  28 4298.3  13/2-  -7/2  28   -1.81    2.65    2.65   11.66    2.45      15.78   15.78    0.00    0.02      1.924   1.924   0.000
  29 4842.6   1/2-   1/2  40    0.50   13.92   13.92    0.25   -2.43      16.52   16.52   -0.00   -5.25      2.015   2.015  -0.000
  30 5321.8  13/2-   1/2  37   -0.50    1.74    1.74    1.41    0.70      21.95   21.95    0.00   -0.00      2.676   2.676   0.000
  
  31 8206.8   1/2-   1/2  32    0.50   27.17   27.17    0.25   -3.76      30.93   30.93   -0.00   -7.36      3.771   3.771  -0.000
  32*******   1/2-  -3/2  33    0.00    0.00    0.00    0.00   -0.00       0.00    0.00   -0.00   -0.00      0.000   0.000  -0.000
