1SPECTRUM OF (Z= 82 A=207) IN PARTICLE-ROTOR  MODEL WITH MODIFIED OSCILLATOR POTENTIAL


 PARITY=-   EPS= 0.283   GAMMA=  0.0   EPS4=0.000   EPS6=0.000   LEVELS:  24  25  26  27  28  29  30  31  32  33  34  35  36  37  38

 PAIRING FACTORS: GN0= 19.20  GN1=  7.40  IPAIR= 15 ***  E2PLUS(INPUT)=   0.730  E2PLUR(INPUT)=   0.000

 CORIOLIS ATTENUATION PARAMETERS:  CHSI=1.000  ETA=  1.00

 MOMENT OF INERTIA PARAMETERS:   A1=  0.122 MEV   A2=  0.122 MEV   A3=121.91924 MEV


 DELTA=0.951 MEV  LAMBDA=53.3054 MEV   HW0= 7.4823 MEV   LAMBDA/HW0= 7.1242

 E2ENERGY=0.730 MEV  HBAR**2/B=14850./A**(7/3)=2510.4/A**2 MEV

 IREC=0  =>  RECOIL TERMS j+j-, j+j+, jzjz, ETC TREATED AS ONE-BODY OPERATORS WITH UU+VV PAIRING FACTORS



 S. P. LEVEL   EQP       U     V        (UU + VV)**1.00

     24       5.056    0.094 0.996      1.000 1.000 0.999 0.998 0.975 0.965 0.965 0.901 0.883 0.705 0.422 0.358 0.324 0.276 0.269
     25       4.114    0.116 0.993      1.000 1.000 1.000 0.999 0.980 0.971 0.971 0.910 0.893 0.720 0.441 0.379 0.345 0.297 0.290
     26       3.535    0.136 0.991      0.999 1.000 1.000 1.000 0.983 0.975 0.975 0.918 0.901 0.734 0.459 0.397 0.363 0.316 0.309
     27       2.983    0.161 0.987      0.998 0.999 1.000 1.000 0.988 0.981 0.981 0.928 0.912 0.751 0.482 0.420 0.387 0.341 0.333
     28       1.597    0.313 0.950      0.975 0.980 0.983 0.988 1.000 0.999 0.999 0.975 0.965 0.845 0.613 0.557 0.526 0.483 0.476
     29       1.447    0.351 0.936      0.965 0.971 0.975 0.981 0.999 1.000 1.000 0.983 0.975 0.865 0.643 0.589 0.559 0.517 0.511
     30       1.445    0.351 0.936      0.965 0.971 0.975 0.981 0.999 1.000 1.000 0.983 0.975 0.866 0.644 0.590 0.560 0.518 0.511
     31       1.073    0.518 0.856      0.901 0.910 0.918 0.928 0.975 0.983 0.983 1.000 0.999 0.943 0.774 0.728 0.703 0.666 0.661
     32       1.033    0.551 0.834      0.883 0.893 0.901 0.912 0.965 0.975 0.975 0.999 1.000 0.956 0.798 0.755 0.731 0.696 0.690
     33       0.969    0.773 0.634      0.705 0.720 0.734 0.751 0.845 0.865 0.866 0.943 0.956 1.000 0.940 0.915 0.900 0.877 0.873
     34       1.510    0.943 0.334      0.422 0.441 0.459 0.482 0.613 0.643 0.644 0.774 0.798 0.940 1.000 0.998 0.994 0.988 0.987
     35       1.839    0.963 0.268      0.358 0.379 0.397 0.420 0.557 0.589 0.590 0.728 0.755 0.915 0.998 1.000 0.999 0.996 0.996
     36       2.097    0.972 0.233      0.324 0.345 0.363 0.387 0.526 0.559 0.560 0.703 0.731 0.900 0.994 0.999 1.000 0.999 0.998
     37       2.623    0.983 0.184      0.276 0.297 0.316 0.341 0.483 0.517 0.518 0.666 0.696 0.877 0.988 0.996 0.999 1.000 1.000
     38       2.733    0.984 0.177      0.269 0.290 0.309 0.333 0.476 0.511 0.511 0.661 0.690 0.873 0.987 0.996 0.998 1.000 1.000

  R CORE   ENERGY   A0R/A00=1.000    R3= 0     2  
   2( 1)    0.732                    1.000 0.000
   2( 2)  487.921                    0.000 1.000

  R CORE   ENERGY   A0R/A00=1.000    R3= 0     2  
   3( 1)  488.652                    0.000 1.000

  R CORE   ENERGY   A0R/A00=1.000    R3= 0     2     4  
   4( 1)    2.438                    1.000 0.000 0.000

  R CORE   ENERGY   A0R/A00=1.000    R3= 0     2     4  
   5( 1)  490.847                    0.000 1.000 0.000

  R CORE   ENERGY   A0R/A00=1.000    R3= 0     2     4     6  
   6( 1)    5.121                    1.000 0.000 0.000 0.000

  R CORE   ENERGY   A0R/A00=1.000    R3= 0     2     4     6  
   7( 1)  494.017                    0.000 1.000 0.000 0.000

          AXIAL SYMMETRY => K RESTRICTED TO OMEGA

                     K
     S.P. ORB#: 24  2.50
     S.P. ORB#: 25  0.50
     S.P. ORB#: 26  2.50
     S.P. ORB#: 27 -3.50
     S.P. ORB#: 28  0.50
     S.P. ORB#: 29 -1.50
     S.P. ORB#: 30 -3.50
     S.P. ORB#: 31  4.50
     S.P. ORB#: 32  0.50
     S.P. ORB#: 33 -1.50
     S.P. ORB#: 34  2.50
     S.P. ORB#: 35 -1.50
     S.P. ORB#: 36  2.50
     S.P. ORB#: 37 -3.50
     S.P. ORB#: 38  0.50
 

             ENERGY    K= OMEGA
 
 I=  1/2- (1)  2.769  28:-0.991
                      38:-0.128
 
 I=  1/2- (2)  3.052  25:-0.067
                      28: 0.126
                      38:-0.990
 
 I=  1/2- (3)  5.578  25: 0.997
                      38:-0.062
 
 I=  1/2- (4)  8.125  32:-1.000
 
 I=  1/2- (5)147.272  33: 1.000

             ENERGY    K= OMEGA
 
 I=  3/2- (1)  2.292  25: 0.108
                      28: 0.378
                      29: 0.241
                      35: 0.881
                      38:-0.107
 
 I=  3/2- (2)  2.626  25:-0.070
                      28: 0.309
                      29:-0.936
                      35: 0.139
                      38: 0.060

             ENERGY    K= OMEGA
 
 I=  5/2- (1)  2.410  25: 0.183
                      28:-0.344
                      29:-0.542
                      35: 0.348
                      36: 0.646
                      38:-0.126
 
 I=  5/2- (2)  2.901  24:-0.057
                      25: 0.134
                      26:-0.060
                      29:-0.556
                      35:-0.785
                      36:-0.110
                      38:-0.192
 
 I=  5/2- (3)  3.031  25:-0.167
                      28: 0.492
                      29: 0.243
                      35:-0.332
                      36: 0.728
                      38: 0.170
 
 I=  5/2- (4)  3.871  25: 0.152
                      28: 0.075
                      29:-0.312
                      36:-0.107
                      38: 0.927
 
 I=  5/2- (5)  4.150  24:-0.056
                      25:-0.102
                      28: 0.764
                      29:-0.419
                      35: 0.384
                      36:-0.169
                      38:-0.226

             ENERGY    K= OMEGA
 
 I=  7/2- (1)  2.200  26:-0.216
                      27: 0.079
                      30: 0.971
 
 I=  7/2- (2)  3.084  24: 0.052
                      27:-0.078
                      28: 0.285
                      29:-0.473
                      35: 0.442
                      36:-0.698
 
 I=  7/2- (3)  3.220  32: 0.737
                      33: 0.573
                      34: 0.335
                      37: 0.132
 
 I=  7/2- (4)  3.325  24:-0.071
                      25: 0.288
                      27: 0.053
                      28: 0.524
                      29: 0.495
                      30:-0.060
                      35: 0.550
                      36: 0.198
                      38:-0.205
 
 I=  7/2- (5)  4.156  24:-0.148
                      27: 0.133
                      28:-0.521
                      29: 0.596
                      35: 0.126
                      36:-0.563

             ENERGY    K= OMEGA
 
 I=  9/2- (1)  1.870  24: 0.059
                      26:-0.059
                      27: 0.251
                      30:-0.169
                      31:-0.949
 
 I=  9/2- (2)  3.089  24: 0.075
                      25:-0.061
                      26: 0.290
                      27: 0.130
                      28: 0.064
                      29: 0.143
                      30: 0.914
                      31:-0.136
                      36:-0.102
 
 I=  9/2- (3)  3.413  24:-0.082
                      25: 0.326
                      26: 0.060
                      28:-0.439
                      29:-0.613
                      30: 0.184
                      31:-0.080
                      35: 0.273
                      36: 0.406
                      38:-0.184
 
 I=  9/2- (4)  4.463  32: 0.244
                      33:-0.606
                      34: 0.646
                      37:-0.394
 
 I=  9/2- (5)  4.617  24: 0.096
                      25:-0.178
                      26: 0.059
                      29: 0.396
                      30:-0.063
                      35: 0.729
                      36: 0.440
                      38: 0.263

             ENERGY    K= OMEGA
 
 I= 11/2- (1)  2.408  32: 0.695
                      33: 0.574
                      34: 0.389
                      37: 0.191
 
 I= 11/2- (2)  2.843  24: 0.104
                      26:-0.096
                      27:-0.351
                      30: 0.221
                      31:-0.898
 
 I= 11/2- (3)  4.199  24: 0.106
                      26: 0.342
                      27:-0.170
                      29:-0.140
                      30:-0.883
                      31:-0.167
                      36:-0.102
 
 I= 11/2- (4)  4.944  24:-0.120
                      25: 0.115
                      26: 0.071
                      27: 0.097
                      28:-0.223
                      29: 0.596
                      30:-0.131
                      31:-0.139
                      35:-0.358
                      36: 0.622
 
 I= 11/2- (5)  5.145  24: 0.080
                      25:-0.358
                      28:-0.624
                      29:-0.373
                      30: 0.129
                      31: 0.062
                      35:-0.517
                      38: 0.218

             ENERGY    K= OMEGA
 
 I= 13/2- (1)  4.010  24: 0.149
                      26:-0.123
                      27: 0.422
                      29: 0.071
                      30:-0.244
                      31:-0.846
 
 I= 13/2- (2)  4.637  32: 0.230
                      33:-0.585
                      34: 0.654
                      37:-0.421
 
 I= 13/2- (3)  5.217  24:-0.139
                      25: 0.380
                      26:-0.141
                      27:-0.094
                      28:-0.423
                      29:-0.593
                      30:-0.322
                      31:-0.063
                      35: 0.185
                      36: 0.316
                      38:-0.186
 
 I= 13/2- (4)  5.608  24:-0.068
                      25:-0.152
                      26:-0.358
                      27:-0.165
                      28: 0.204
                      29: 0.180
                      30:-0.807
                      31: 0.229
                      35:-0.159
                      36:-0.087
                      38: 0.074
 
 I= 13/2- (5)  7.312  24:-0.093
                      25: 0.182
                      29:-0.293
                      30: 0.090
                      35:-0.715
                      36:-0.515
                      38:-0.292

             ENERGY     K= 1/2
  32 LEVELS    TIME=  0.0 SEC



 ******************* EXCITATION ENERGIES, DOMINANT CONFIGURATION AND EXPECTATION VALUES (WITH S.P. UU+VV FACTORS) *******************

  NR  Eex(keV)  I   Kdom  NY    <Jz>  <Jx**2> <Jy**2> <Jz**2> <I.j>/|I|  <Rx**2> <Ry**2> <Rz**2> <R.j>/|R|  <HROTx> <HROTy> <HROTz>

   1    0.0   9/2-   9/2  31    3.75    2.66    2.66   19.41    4.44       2.64    2.64    0.00   -1.14      0.321   0.321   0.000
   2  329.9   7/2-  -7/2  30   -3.20    2.29    2.29   11.93    3.40       2.63    2.63    0.00   -1.31      0.321   0.321   0.000
   3  422.3   3/2-  -3/2  35   -1.17    2.06    2.06    1.92    1.52       1.95    1.95   -0.00   -1.57      0.237   0.237  -0.000
   4  537.8  11/2-   1/2  32   -0.00   25.56   25.56    2.25    6.58       5.19    5.19    0.00   -4.34      0.633   0.633   0.000
   5  539.5   5/2-   5/2  36    0.50    3.34    3.34    3.58    2.50       2.11    2.11   -0.00   -1.40      0.257   0.257  -0.000
  
   6  756.4   3/2-  -3/2  29   -1.29    4.60    4.60    2.04    1.46       4.67    4.67    0.00   -2.75      0.570   0.570   0.000
   7  898.9   1/2-   1/2  28    0.50    4.57    4.57    0.25    0.41       4.72    4.72    0.00   -2.94      0.575   0.575   0.000
   8  973.4  11/2-   9/2  31    3.07    3.04    3.04   18.56    4.06       5.94    5.94    0.00   -0.11      0.725   0.725   0.000
   9 1030.6   5/2-  -3/2  35   -1.31    2.30    2.30    2.21    1.12       4.47    4.47   -0.00   -1.17      0.545   0.545  -0.000
  10 1160.6   5/2-   5/2  36    1.22    2.92    2.92    3.78    1.66       4.27    4.27   -0.00   -1.61      0.521   0.521  -0.000
  
  11 1181.5   1/2-   1/2  38    0.50    1.44    1.44    0.25    0.68       1.35    1.35    0.00   -1.55      0.165   0.165   0.000
  12 1214.4   7/2-   5/2  36    0.61    2.87    2.87    4.12    1.98       4.96    4.96   -0.00   -0.64      0.604   0.604  -0.000
  13 1218.7   9/2-  -7/2  30   -2.67    2.45    2.45   11.49    2.97       5.78    5.78    0.00   -0.47      0.705   0.705   0.000
  14 1349.5   7/2-   1/2  32   -0.00   25.57   25.57    1.79    6.45       8.72    8.72    0.00   -6.54      1.063   1.063   0.000
  15 1454.5   7/2-  -3/2  35   -0.53    3.13    3.13    1.70    1.55       5.70    5.70   -0.00   -0.53      0.695   0.695  -0.000
  
  16 1543.3   9/2-  -3/2  29   -0.17    4.41    4.41    2.76    2.46       5.91    5.91    0.00    0.20      0.720   0.720   0.000
  17 2001.4   5/2-   1/2  38    0.33    1.77    1.77    0.53    0.44       5.10    5.10    0.00   -0.86      0.621   0.621   0.000
  18 2139.6  13/2-   9/2  31    2.48    3.43    3.43   17.65    3.81      10.01   10.01    0.00    0.47      1.220   1.220   0.000
  19 2280.4   5/2-   1/2  28   -0.08    4.04    4.04    1.09   -0.35       9.99    9.99   -0.00   -2.28      1.217   1.217  -0.000
  20 2285.9   7/2-  -3/2  29    0.36    3.51    3.51    3.24    0.85       9.63    9.63    0.00   -1.57      1.174   1.174   0.000
  
  21 2329.2  11/2-  -7/2  30   -2.39    2.53    2.53   11.39    2.71       9.93    9.93    0.00   -0.06      1.210   1.210   0.000
  22 2593.0   9/2-   5/2  34   -0.02   25.49   25.49    5.35    5.67      12.33   12.33    0.00   -5.66      1.504   1.504   0.000
  23 2747.3   9/2-  -3/2  35   -0.48    2.10    2.10    2.93    1.04      10.75   10.75   -0.00   -0.42      1.311   1.311  -0.000
  24 2767.3  13/2-   5/2  34   -0.04   25.44   25.44    5.63    5.69      12.88   12.88    0.00   -3.30      1.570   1.570   0.000
  25 3073.8  11/2-   5/2  36    0.32    3.46    3.46    4.36    1.82      12.63   12.63    0.00   -0.08      1.540   1.540   0.000
  
  26 3274.6  11/2-   1/2  28   -0.35    3.32    3.32    1.39    1.53      12.75   12.75   -0.00    0.22      1.554   1.554  -0.000
  27 3347.2  13/2-  -3/2  29   -0.43    4.55    4.55    3.29    2.55      12.76   12.76    0.00    1.07      1.556   1.556   0.000
  28 3708.1   1/2-   1/2  25    0.50    6.14    6.14    0.25    0.68       6.05    6.05    0.00   -3.43      0.737   0.737   0.000
  29 3737.9  13/2-  -7/2  30   -1.84    2.87    2.87   10.41    2.44      15.44   15.44    0.00    0.15      1.883   1.883   0.000
  30 5441.5  13/2-  -3/2  35   -0.17    1.97    1.97    3.21    0.91      21.57   21.57   -0.00   -0.12      2.629   2.629  -0.000
  
  31 6255.2   1/2-   1/2  32    0.50   25.34   25.34    0.25   -3.75      29.09   29.09    0.00   -7.10      3.546   3.546   0.000
  32*******   1/2-  -3/2  33    0.00    0.00    0.00    0.00   -0.00       0.00    0.00    0.00   -0.00      0.000   0.000   0.000
