1SPECTRUM OF (Z= 82 A=207) IN PARTICLE-ROTOR  MODEL WITH MODIFIED OSCILLATOR POTENTIAL


 PARITY=-   EPS= 0.216   GAMMA=  0.0   EPS4=0.000   EPS6=0.000   LEVELS:  25  26  27  28  29  30  31  32  33  34  35  36  37  38  39

 PAIRING FACTORS: GN0= 19.20  GN1=  7.40  IPAIR= 15 ***  E2PLUS(INPUT)=   0.730  E2PLUR(INPUT)=   0.000

 CORIOLIS ATTENUATION PARAMETERS:  CHSI=1.000  ETA=  1.00

 MOMENT OF INERTIA PARAMETERS:   A1=  0.122 MEV   A2=  0.122 MEV   A3=121.91924 MEV


 DELTA=0.946 MEV  LAMBDA=53.4839 MEV   HW0= 7.4516 MEV   LAMBDA/HW0= 7.1775

 E2ENERGY=0.730 MEV  HBAR**2/B= 8651./A**(7/3)=1462.4/A**2 MEV

 IREC=0  =>  RECOIL TERMS j+j-, j+j+, jzjz, ETC TREATED AS ONE-BODY OPERATORS WITH UU+VV PAIRING FACTORS



 S. P. LEVEL   EQP       U     V        (UU + VV)**1.00

     25       4.152    0.115 0.993      1.000 1.000 1.000 0.997 0.993 0.990 0.990 0.642 0.550 0.549 0.459 0.400 0.357 0.284 0.237
     26       4.103    0.116 0.993      1.000 1.000 1.000 0.997 0.993 0.991 0.990 0.644 0.552 0.551 0.460 0.401 0.358 0.285 0.239
     27       3.620    0.132 0.991      1.000 1.000 1.000 0.998 0.995 0.993 0.992 0.656 0.565 0.564 0.474 0.416 0.373 0.300 0.254
     28       2.468    0.195 0.981      0.997 0.997 0.998 1.000 0.999 0.998 0.998 0.703 0.617 0.616 0.530 0.473 0.432 0.361 0.316
     29       2.083    0.233 0.972      0.993 0.993 0.995 0.999 1.000 1.000 1.000 0.730 0.647 0.646 0.563 0.507 0.467 0.397 0.352
     30       1.943    0.251 0.968      0.990 0.991 0.993 0.998 1.000 1.000 1.000 0.743 0.661 0.660 0.578 0.523 0.483 0.414 0.370
     31       1.920    0.255 0.967      0.990 0.990 0.992 0.998 1.000 1.000 1.000 0.745 0.663 0.663 0.581 0.526 0.486 0.417 0.373
     32       1.029    0.835 0.550      0.642 0.644 0.656 0.703 0.730 0.743 0.745 1.000 0.993 0.993 0.976 0.959 0.945 0.917 0.897
     33       1.175    0.893 0.451      0.550 0.552 0.565 0.617 0.647 0.661 0.663 0.993 1.000 1.000 0.994 0.985 0.976 0.957 0.942
     34       1.176    0.893 0.450      0.549 0.551 0.564 0.616 0.646 0.660 0.663 0.993 1.000 1.000 0.995 0.986 0.977 0.957 0.942
     35       1.428    0.935 0.354      0.459 0.460 0.474 0.530 0.563 0.578 0.581 0.976 0.994 0.995 1.000 0.998 0.994 0.982 0.972
     36       1.693    0.956 0.292      0.400 0.401 0.416 0.473 0.507 0.523 0.526 0.959 0.985 0.986 0.998 1.000 0.999 0.992 0.985
     37       1.974    0.969 0.247      0.357 0.358 0.373 0.432 0.467 0.483 0.486 0.945 0.976 0.977 0.994 0.999 1.000 0.997 0.992
     38       2.793    0.985 0.172      0.284 0.285 0.300 0.361 0.397 0.414 0.417 0.917 0.957 0.957 0.982 0.992 0.997 1.000 0.999
     39       3.835    0.992 0.124      0.237 0.239 0.254 0.316 0.352 0.370 0.373 0.897 0.942 0.942 0.972 0.985 0.992 0.999 1.000

  R CORE   ENERGY   A0R/A00=1.000    R3= 0     2  
   2( 1)    0.732                    1.000 0.000
   2( 2)  487.921                    0.000 1.000

  R CORE   ENERGY   A0R/A00=1.000    R3= 0     2  
   3( 1)  488.652                    0.000 1.000

  R CORE   ENERGY   A0R/A00=1.000    R3= 0     2     4  
   4( 1)    2.438                    1.000 0.000 0.000

  R CORE   ENERGY   A0R/A00=1.000    R3= 0     2     4  
   5( 1)  490.847                    0.000 1.000 0.000

  R CORE   ENERGY   A0R/A00=1.000    R3= 0     2     4     6  
   6( 1)    5.121                    1.000 0.000 0.000 0.000

  R CORE   ENERGY   A0R/A00=1.000    R3= 0     2     4     6  
   7( 1)  494.017                    0.000 1.000 0.000 0.000

          AXIAL SYMMETRY => K RESTRICTED TO OMEGA

                     K
     S.P. ORB#: 25  2.50
     S.P. ORB#: 26  0.50
     S.P. ORB#: 27 -3.50
     S.P. ORB#: 28 -3.50
     S.P. ORB#: 29  0.50
     S.P. ORB#: 30  4.50
     S.P. ORB#: 31 -1.50
     S.P. ORB#: 32 -1.50
     S.P. ORB#: 33  2.50
     S.P. ORB#: 34  0.50
     S.P. ORB#: 35 -1.50
     S.P. ORB#: 36  0.50
     S.P. ORB#: 37  2.50
     S.P. ORB#: 38 -3.50
     S.P. ORB#: 39  4.50
 

             ENERGY    K= OMEGA
 
 I=  1/2- (1)  1.963  26:-0.057
                      36:-0.998
 
 I=  1/2- (2)  3.162  29: 0.999
 
 I=  1/2- (3)  5.367  26: 0.998
                      36:-0.057
 
 I=  1/2- (4)  8.926  34: 1.000
 
 I=  1/2- (5)147.332  32: 1.000

             ENERGY    K= OMEGA
 
 I=  3/2- (1)  1.531  29: 0.183
                      31: 0.099
                      32: 0.975
                      36:-0.068
 
 I=  3/2- (2)  2.585  29: 0.203
                      31: 0.217
                      32:-0.128
                      36:-0.946

             ENERGY    K= OMEGA
 
 I=  5/2- (1)  1.656  26:-0.055
                      29: 0.144
                      31: 0.183
                      32:-0.459
                      33:-0.854
 
 I=  5/2- (2)  2.178  29: 0.199
                      31:-0.178
                      32:-0.850
                      33: 0.448
                      36:-0.062
 
 I=  5/2- (3)  2.611  26: 0.059
                      29:-0.214
                      31:-0.281
                      33:-0.151
                      36:-0.921
 
 I=  5/2- (4)  3.312  26: 0.354
                      29:-0.425
                      31:-0.717
                      32:-0.073
                      33:-0.187
                      36: 0.372
 
 I=  5/2- (5)  4.474  26: 0.066
                      29:-0.809
                      31: 0.520
                      32:-0.244
                      33: 0.103

             ENERGY    K= OMEGA
 
 I=  7/2- (1)  2.295  29: 0.194
                      31:-0.209
                      32: 0.540
                      33:-0.790
 
 I=  7/2- (2)  2.848  25: 0.090
                      26:-0.171
                      28: 0.173
                      29:-0.334
                      31:-0.308
                      32:-0.685
                      33:-0.473
                      36: 0.178
 
 I=  7/2- (3)  3.217  25:-0.224
                      27: 0.082
                      28:-0.951
                      29:-0.081
                      31:-0.075
                      32:-0.114
                      33:-0.088
                      36: 0.055
 
 I=  7/2- (4)  3.531  34:-0.733
                      35:-0.572
                      37:-0.341
                      38:-0.138
 
 I=  7/2- (5)  4.109  26: 0.170
                      29: 0.195
                      31: 0.393
                      32:-0.337
                      33:-0.268
                      36:-0.769

             ENERGY    K= OMEGA
 
 I=  9/2- (1)  2.700  25:-0.078
                      27: 0.254
                      28: 0.182
                      30:-0.934
                      32:-0.077
                      33:-0.113
 
 I=  9/2- (2)  2.990  26:-0.193
                      29: 0.316
                      30: 0.155
                      31: 0.379
                      32:-0.478
                      33:-0.663
                      36: 0.160
 
 I=  9/2- (3)  3.964  25:-0.258
                      27:-0.088
                      28: 0.602
                      29: 0.138
                      30: 0.117
                      31:-0.248
                      32:-0.591
                      33: 0.295
                      36:-0.174
 
 I=  9/2- (4)  4.140  25:-0.100
                      26:-0.173
                      27:-0.071
                      28: 0.376
                      29: 0.215
                      31: 0.333
                      32: 0.286
                      33: 0.296
                      36: 0.697
 
 I=  9/2- (5)  4.241  25:-0.170
                      26: 0.067
                      28: 0.592
                      29:-0.303
                      30: 0.127
                      31: 0.063
                      32: 0.438
                      33:-0.502
                      36:-0.243

             ENERGY    K= OMEGA
 
 I= 11/2- (1)  2.388  34:-0.670
                      35:-0.566
                      37:-0.404
                      38:-0.238
                      39:-0.103
 
 I= 11/2- (2)  3.664  25: 0.128
                      27: 0.334
                      28: 0.252
                      30: 0.886
                      32:-0.087
                      33: 0.114
 
 I= 11/2- (3)  4.246  29:-0.285
                      30:-0.159
                      31: 0.277
                      32:-0.575
                      33: 0.695
 
 I= 11/2- (4)  4.832  25: 0.161
                      26:-0.277
                      27:-0.068
                      28: 0.280
                      29:-0.394
                      30:-0.071
                      31:-0.410
                      32:-0.501
                      33:-0.433
                      36: 0.218
 
 I= 11/2- (5)  5.272  25:-0.336
                      26:-0.129
                      27: 0.130
                      28:-0.834
                      29:-0.180
                      30: 0.236
                      31:-0.166
                      32:-0.135
                      33:-0.108
                      36: 0.113

             ENERGY    K= OMEGA
 
 I= 13/2- (1)  4.126  34:-0.191
                      35: 0.493
                      37:-0.606
                      38: 0.517
                      39:-0.293
 
 I= 13/2- (2)  4.825  25:-0.162
                      26:-0.112
                      27: 0.362
                      28: 0.273
                      29: 0.153
                      30:-0.779
                      31: 0.172
                      32:-0.188
                      33:-0.236
                      36: 0.070
 
 I= 13/2- (3)  5.065  26:-0.302
                      27:-0.121
                      28:-0.130
                      29: 0.391
                      30: 0.357
                      31: 0.452
                      32:-0.367
                      33:-0.462
                      36: 0.207
 
 I= 13/2- (4)  6.479  25:-0.380
                      26: 0.051
                      27:-0.158
                      28: 0.714
                      29: 0.087
                      30: 0.270
                      31:-0.184
                      32:-0.409
                      33: 0.137
                      36:-0.136
 
 I= 13/2- (5)  6.709  25:-0.071
                      26:-0.214
                      27:-0.077
                      28: 0.259
                      29: 0.194
                      31: 0.270
                      32: 0.402
                      33: 0.475
                      36: 0.616

             ENERGY     K= 9/2
  32 LEVELS    TIME=  0.0 SEC



 ******************* EXCITATION ENERGIES, DOMINANT CONFIGURATION AND EXPECTATION VALUES (WITH S.P. UU+VV FACTORS) *******************

  NR  Eex(keV)  I   Kdom  NY    <Jz>  <Jx**2> <Jy**2> <Jz**2> <I.j>/|I|  <Rx**2> <Ry**2> <Rz**2> <R.j>/|R|  <HROTx> <HROTy> <HROTz>

   1    0.0   3/2-  -3/2  32   -1.42    1.61    1.61    2.17    1.41       1.84    1.84   -0.00   -1.39      0.224   0.224  -0.000
   2  125.3   5/2-   5/2  33    1.47    1.91    1.91    5.12    2.35       1.88    1.88   -0.00   -1.02      0.229   0.229  -0.000
   3  432.2   1/2-   1/2  36    0.50    1.29    1.29    0.25    0.82       1.08    1.08    0.00   -1.44      0.131   0.131   0.000
   4  646.9   5/2-  -3/2  32   -0.60    1.61    1.61    2.97    1.08       4.27    4.27   -0.00   -1.02      0.520   0.520  -0.000
   5  764.7   7/2-   5/2  33    1.07    1.99    1.99    4.69    1.95       4.47    4.47   -0.00   -0.31      0.545   0.545  -0.000
  
   6  857.3  11/2-   1/2  34    0.00   27.31   27.31    2.76    7.18       3.61    3.61   -0.00   -5.37      0.441   0.441  -0.000
   7 1053.7   3/2-   1/2  36    0.37    1.57    1.57    0.38    0.03       3.58    3.58    0.00   -1.29      0.437   0.437   0.000
   8 1079.9   5/2-   1/2  36    0.39    1.94    1.94    0.55    1.00       3.63    3.63    0.00   -0.55      0.443   0.443   0.000
   9 1169.2   9/2-   9/2  30    3.62    2.66    2.66   19.01    4.41       2.59    2.59    0.00   -1.04      0.316   0.316   0.000
  10 1317.4   7/2-  -3/2  32   -0.29    1.91    1.91    3.14    1.41       5.75    5.75   -0.00   -0.40      0.701   0.701  -0.000
  
  11 1459.0   9/2-   5/2  33    0.73    2.81    2.81    4.13    2.23       6.18    6.18   -0.00    0.37      0.754   0.754  -0.000
  12 1631.0   1/2-   1/2  29    0.50    4.22    4.22    0.25    0.35       4.41    4.41    0.00   -2.82      0.538   0.538   0.000
  13 1686.2   7/2-  -7/2  28   -3.07    2.32    2.32   11.58    3.32       2.83    2.83   -0.00   -1.29      0.345   0.345  -0.001
  14 1781.6   5/2-  -3/2  31   -0.47    3.70    3.70    1.50    1.39       4.72    4.72    0.00   -1.56      0.575   0.575   0.000
  15 2000.0   7/2-   1/2  34    0.00   27.57   27.57    1.83    6.94       8.81    8.81   -0.00   -7.01      1.074   1.074  -0.000
  
  16 2132.8  11/2-   9/2  30    2.98    2.95    2.95   18.26    3.99       6.07    6.07    0.00   -0.08      0.740   0.740   0.000
  17 2432.9   9/2-  -7/2  28   -1.44    2.06    2.06    6.71    1.88       8.45    8.45   -0.00   -0.36      1.030   1.030  -0.000
  18 2578.6   7/2-   1/2  36    0.10    2.28    2.28    1.24    0.23       9.87    9.87    0.00   -1.10      1.204   1.204   0.000
  19 2595.3  13/2-   5/2  37    0.02   25.86   25.86    7.86    6.62       7.94    7.94   -0.00   -3.35      0.968   0.968  -0.000
  20 2608.8   9/2-   1/2  36   -0.27    2.30    2.30    3.02    1.37       9.38    9.38   -0.00   -0.19      1.143   1.143  -0.000
  
  21 2710.5   9/2-  -7/2  28   -0.67    2.29    2.29    6.88    1.65       9.88    9.88   -0.00   -0.73      1.204   1.204  -0.000
  22 2715.4  11/2-   5/2  33    0.75    2.25    2.25    4.49    1.71      12.16   12.16   -0.00    0.25      1.482   1.482  -0.000
  23 2943.1   5/2-   1/2  29   -0.14    4.23    4.23    0.98   -0.39      10.24   10.24    0.00   -2.34      1.249   1.249   0.000
  24 3294.2  13/2-   9/2  30    2.14    3.27    3.27   15.47    3.53      10.71   10.71   -0.00    0.57      1.306   1.306  -0.000
  25 3300.9  11/2-  -3/2  32   -0.22    2.40    2.40    3.46    1.63      12.23   12.23   -0.00    0.31      1.492   1.492  -0.000
  
  26 3534.5  13/2-   5/2  33    0.64    3.63    3.63    5.15    2.52      13.00   13.00    0.00    1.02      1.585   1.585   0.000
  27 3741.3  11/2-  -7/2  28   -1.97    2.60    2.60   10.75    2.49      10.97   10.97   -0.00   -0.23      1.338   1.338  -0.000
  28 3836.6   1/2-   1/2  26    0.50    5.33    5.33    0.25    0.69       5.23    5.23    0.00   -3.19      0.637   0.637   0.000
  29 4948.3  13/2-  -7/2  28   -1.42    2.49    2.49    9.50    2.13      16.71   16.71   -0.00    0.07      2.037   2.037  -0.000
  30 5178.0  13/2-   1/2  36    0.20    2.21    2.21    2.98    1.07      20.60   20.60   -0.00    0.01      2.511   2.511  -0.000
  
  31 7395.4   1/2-   1/2  34    0.50   27.83   27.83    0.25   -3.99      31.78   31.78   -0.00   -7.45      3.875   3.875  -0.000
  32*******   1/2-  -3/2  32    0.00    0.00    0.00    0.00   -0.00       0.00    0.00   -0.00   -0.00      0.000   0.000  -0.000
