1SPECTRUM OF (Z= 82 A=207) IN PARTICLE-ROTOR  MODEL WITH MODIFIED OSCILLATOR POTENTIAL


 PARITY=-   EPS= 0.365   GAMMA=  0.0   EPS4=0.000   EPS6=0.000   LEVELS:  26  27  28  29  30  31  32  33  34  35  36  37  38  39  40

 PAIRING FACTORS: GN0= 19.20  GN1=  7.40  IPAIR= 15 ***  E2PLUS(INPUT)=   0.730  E2PLUR(INPUT)=   0.000

 CORIOLIS ATTENUATION PARAMETERS:  CHSI=1.000  ETA=  1.00

 MOMENT OF INERTIA PARAMETERS:   A1=  0.122 MEV   A2=  0.122 MEV   A3=121.91923 MEV


 DELTA=0.880 MEV  LAMBDA=53.4169 MEV   HW0= 7.5334 MEV   LAMBDA/HW0= 7.0906

 E2ENERGY=0.730 MEV  HBAR**2/B=24702./A**(7/3)=4175.9/A**2 MEV

 IREC=0  =>  RECOIL TERMS j+j-, j+j+, jzjz, ETC TREATED AS ONE-BODY OPERATORS WITH UU+VV PAIRING FACTORS



 S. P. LEVEL   EQP       U     V        (UU + VV)**1.00

     26       2.966    0.150 0.989      1.000 0.999 0.999 0.989 0.962 0.941 0.751 0.751 0.551 0.382 0.356 0.299 0.285 0.263 0.262
     27       2.426    0.185 0.983      0.999 1.000 1.000 0.994 0.971 0.952 0.774 0.774 0.580 0.414 0.389 0.332 0.319 0.296 0.296
     28       2.407    0.186 0.983      0.999 1.000 1.000 0.994 0.972 0.952 0.775 0.775 0.581 0.416 0.390 0.333 0.320 0.298 0.297
     29       1.565    0.294 0.956      0.989 0.994 0.994 1.000 0.992 0.980 0.840 0.840 0.668 0.514 0.490 0.436 0.423 0.402 0.401
     30       1.169    0.413 0.911      0.962 0.971 0.972 0.992 1.000 0.997 0.902 0.902 0.757 0.619 0.597 0.547 0.535 0.515 0.514
     31       1.050    0.477 0.879      0.941 0.952 0.952 0.980 0.997 1.000 0.931 0.930 0.801 0.673 0.652 0.605 0.594 0.575 0.574
     32       0.893    0.765 0.644      0.751 0.774 0.775 0.840 0.902 0.931 1.000 1.000 0.965 0.897 0.884 0.854 0.847 0.834 0.834
     33       0.893    0.766 0.643      0.751 0.774 0.775 0.840 0.902 0.930 1.000 1.000 0.965 0.897 0.884 0.854 0.847 0.835 0.834
     34       1.156    0.908 0.419      0.551 0.580 0.581 0.668 0.757 0.801 0.965 0.965 1.000 0.982 0.976 0.961 0.957 0.950 0.950
     35       1.895    0.971 0.239      0.382 0.414 0.416 0.514 0.619 0.673 0.897 0.897 0.982 1.000 1.000 0.996 0.995 0.992 0.992
     36       2.125    0.977 0.212      0.356 0.389 0.390 0.490 0.597 0.652 0.884 0.884 0.976 1.000 1.000 0.998 0.997 0.995 0.995
     37       2.930    0.988 0.152      0.299 0.332 0.333 0.436 0.547 0.605 0.854 0.854 0.961 0.996 0.998 1.000 1.000 0.999 0.999
     38       3.215    0.990 0.138      0.285 0.319 0.320 0.423 0.535 0.594 0.847 0.847 0.957 0.995 0.997 1.000 1.000 1.000 1.000
     39       3.846    0.993 0.115      0.263 0.296 0.298 0.402 0.515 0.575 0.834 0.835 0.950 0.992 0.995 0.999 1.000 1.000 1.000
     40       3.877    0.993 0.114      0.262 0.296 0.297 0.401 0.514 0.574 0.834 0.834 0.950 0.992 0.995 0.999 1.000 1.000 1.000

  R CORE   ENERGY   A0R/A00=1.000    R3= 0     2  
   2( 1)    0.732                    1.000 0.000
   2( 2)  487.921                    0.000 1.000

  R CORE   ENERGY   A0R/A00=1.000    R3= 0     2  
   3( 1)  488.652                    0.000 1.000

  R CORE   ENERGY   A0R/A00=1.000    R3= 0     2     4  
   4( 1)    2.438                    1.000 0.000 0.000

  R CORE   ENERGY   A0R/A00=1.000    R3= 0     2     4  
   5( 1)  490.847                    0.000 1.000 0.000

  R CORE   ENERGY   A0R/A00=1.000    R3= 0     2     4     6  
   6( 1)    5.121                    1.000 0.000 0.000 0.000

  R CORE   ENERGY   A0R/A00=1.000    R3= 0     2     4     6  
   7( 1)  494.017                    0.000 1.000 0.000 0.000

          AXIAL SYMMETRY => K RESTRICTED TO OMEGA

                     K
     S.P. ORB#: 26  2.50
     S.P. ORB#: 27  0.50
     S.P. ORB#: 28 -3.50
     S.P. ORB#: 29 -1.50
     S.P. ORB#: 30  0.50
     S.P. ORB#: 31 -1.50
     S.P. ORB#: 32  2.50
     S.P. ORB#: 33 -3.50
     S.P. ORB#: 34  4.50
     S.P. ORB#: 35  0.50
     S.P. ORB#: 36 -3.50
     S.P. ORB#: 37 -1.50
     S.P. ORB#: 38  2.50
     S.P. ORB#: 39  0.50
     S.P. ORB#: 40  0.50
 

             ENERGY    K= OMEGA
 
 I=  1/2- (1)  2.447  30: 0.999
 
 I=  1/2- (2)  4.243  40: 0.999
 
 I=  1/2- (3)  4.877  27:-0.207
                      35: 0.903
                      39:-0.375
 
 I=  1/2- (4)  7.591  27:-0.466
                      35: 0.246
                      39: 0.850
 
 I=  1/2- (5)  9.178  27: 0.860
                      35: 0.351
                      39: 0.370

             ENERGY    K= OMEGA
 
 I=  3/2- (1)  2.335  30:-0.417
                      31: 0.909
 
 I=  3/2- (2)  2.649  30:-0.858
                      31:-0.395
                      37:-0.296
                      40: 0.144
 
 I=  3/2- (3)  3.639  30:-0.275
                      31:-0.107
                      37: 0.955
 
 I=  3/2- (4)  4.684  27: 0.404
                      29: 0.112
                      35:-0.902
                      39:-0.106
 
 I=  3/2- (5)  4.941  30:-0.123
                      31:-0.086
                      40:-0.989

             ENERGY    K= OMEGA
 
 I=  5/2- (1)  2.711  30: 0.413
                      31: 0.847
                      37:-0.092
                      38:-0.273
                      40: 0.167
 
 I=  5/2- (2)  3.387  26:-0.059
                      30: 0.786
                      31:-0.402
                      37:-0.453
                      38: 0.104
 
 I=  5/2- (3)  3.926  26:-0.075
                      30:-0.237
                      31:-0.168
                      37:-0.454
                      38:-0.826
                      40:-0.150
 
 I=  5/2- (4)  4.492  26: 0.187
                      30: 0.344
                      31:-0.279
                      37: 0.720
                      38:-0.480
                      40: 0.142
 
 I=  5/2- (5)  4.765  26: 0.975
                      37:-0.186
                      40:-0.109

             ENERGY    K= OMEGA
 
 I=  7/2- (1)  1.739  26:-0.172
                      33: 0.984
 
 I=  7/2- (2)  3.347  30:-0.534
                      31: 0.743
                      37:-0.206
                      38: 0.344
 
 I=  7/2- (3)  3.845  27:-0.662
                      29:-0.585
                      32:-0.427
                      36:-0.189
 
 I=  7/2- (4)  3.894  26: 0.064
                      30:-0.701
                      31:-0.514
                      37:-0.385
                      38:-0.194
                      40: 0.234
 
 I=  7/2- (5)  4.280  26:-0.201
                      28:-0.961
                      30:-0.066
                      31: 0.071
                      37: 0.065
                      38:-0.149

             ENERGY    K= OMEGA
 
 I=  9/2- (1)  2.075  26:-0.084
                      28: 0.168
                      33:-0.315
                      34:-0.930
 
 I=  9/2- (2)  2.761  26:-0.232
                      28:-0.095
                      33:-0.914
                      34: 0.313
 
 I=  9/2- (3)  4.140  30: 0.451
                      31: 0.748
                      33:-0.054
                      37:-0.192
                      38:-0.374
                      40: 0.235
 
 I=  9/2- (4)  4.680  27: 0.214
                      29:-0.550
                      32: 0.682
                      36:-0.431
 
 I=  9/2- (5)  5.245  26:-0.123
                      28: 0.102
                      30: 0.653
                      31:-0.459
                      33: 0.055
                      37:-0.559
                      38: 0.149

             ENERGY    K= OMEGA
 
 I= 11/2- (1)  3.200  26:-0.138
                      28:-0.228
                      33: 0.411
                      34:-0.872
 
 I= 11/2- (2)  3.239  27:-0.642
                      29:-0.582
                      32:-0.438
                      35:-0.075
                      36:-0.225
 
 I= 11/2- (3)  4.013  26:-0.270
                      28: 0.142
                      31: 0.058
                      33: 0.855
                      34: 0.410
                      38: 0.066
 
 I= 11/2- (4)  5.287  30:-0.556
                      31: 0.660
                      33:-0.064
                      37:-0.296
                      38: 0.401
 
 I= 11/2- (5)  6.082  26:-0.062
                      30: 0.627
                      31: 0.540
                      33:-0.072
                      37: 0.394
                      38: 0.261
                      40:-0.288

             ENERGY    K= OMEGA
 
 I= 13/2- (1)  4.549  26:-0.183
                      28: 0.267
                      33:-0.468
                      34:-0.822
 
 I= 13/2- (2)  5.171  27: 0.215
                      29:-0.550
                      32: 0.674
                      36:-0.442
 
 I= 13/2- (3)  5.495  26:-0.296
                      28:-0.183
                      31:-0.088
                      33:-0.803
                      34: 0.466
                      38: 0.088
 
 I= 13/2- (4)  6.513  30:-0.461
                      31:-0.693
                      33: 0.104
                      34:-0.052
                      37: 0.239
                      38: 0.398
                      40:-0.278
 
 I= 13/2- (5)  8.066  26: 0.128
                      28:-0.088
                      30:-0.578
                      31: 0.474
                      33:-0.099
                      37: 0.615
                      38:-0.158
                      40: 0.062

             ENERGY     K= 1/2
  35 LEVELS    TIME=  0.0 SEC



 ******************* EXCITATION ENERGIES, DOMINANT CONFIGURATION AND EXPECTATION VALUES (WITH S.P. UU+VV FACTORS) *******************

  NR  Eex(keV)  I   Kdom  NY    <Jz>  <Jx**2> <Jy**2> <Jz**2> <I.j>/|I|  <Rx**2> <Ry**2> <Rz**2> <R.j>/|R|  <HROTx> <HROTy> <HROTz>

   1    0.0   7/2-  -7/2  33   -3.32    2.31    2.31   12.06    3.28       3.20    3.20    0.00   -1.45      0.390   0.390   0.000
   2  336.6   9/2-   9/2  34    3.47    2.51    2.51   19.13    4.17       3.68    3.68   -0.00   -1.25      0.449   0.449  -0.000
   3  596.7   3/2-  -3/2  31   -1.15    4.87    4.87    1.90    1.30       5.18    5.18    0.00   -2.84      0.631   0.631   0.000
   4  708.2   1/2-   1/2  30    0.50    4.86    4.86    0.25    0.15       5.22    5.22    0.00   -3.04      0.637   0.637   0.000
   5  910.4   3/2-   1/2  30    0.01    4.38    4.38    0.74    0.69       5.28    5.28    0.00   -2.51      0.644   0.644   0.000
  
   6  972.5   5/2-  -3/2  31   -0.80    4.60    4.60    2.16    1.48       5.67    5.67    0.00   -2.07      0.691   0.691   0.000
   7 1022.0   9/2-  -7/2  33   -2.37    2.38    2.38   12.68    2.83       7.02    7.02    0.00   -0.90      0.855   0.855   0.000
   8 1461.0  11/2-   9/2  34    2.69    2.69    2.69   18.21    3.60       8.16    8.16    0.00   -0.51      0.995   0.995   0.000
   9 1500.3  11/2-   1/2  27    0.00   23.62   23.62    2.69    6.19       5.81    5.81    0.00   -3.78      0.708   0.708   0.000
  10 1607.7   7/2-  -3/2  31   -0.46    4.49    4.49    2.17    1.40       7.89    7.89    0.00   -1.41      0.962   0.962   0.000
  
  11 1647.8   5/2-   1/2  30   -0.21    4.06    4.06    1.07    0.48       7.56    7.56    0.00   -2.00      0.922   0.922   0.000
  12 1899.8   3/2-  -3/2  37   -1.35    2.14    2.14    2.10    0.79       3.53    3.53    0.00   -1.82      0.431   0.431   0.000
  13 2106.5   7/2-   1/2  27    0.04   23.17   23.17    2.46    6.06       8.22    8.22    0.00   -6.10      1.002   1.002   0.000
  14 2155.3   7/2-   1/2  30   -0.24    3.90    3.90    1.33    0.80       9.28    9.28    0.00   -1.39      1.132   1.132   0.000
  15 2186.9   5/2-   5/2  38    1.41    2.04    2.04    4.84    1.69       3.82    3.82    0.00   -1.41      0.466   0.466   0.000
  
  16 2274.0  11/2-  -7/2  33   -1.68    2.47    2.47   13.10    2.52      11.82   11.82    0.00   -0.61      1.441   1.441   0.000
  17 2401.2   9/2-  -3/2  31   -0.43    4.28    4.28    2.34    1.49      10.40   10.40    0.00   -0.76      1.268   1.268   0.000
  18 2504.7   1/2-   1/2  40    0.50    1.62    1.62    0.25    0.70       1.52    1.52    0.00   -1.66      0.185   0.185   0.000
  19 2541.0   7/2-  -7/2  28   -3.09    6.08    6.08   11.73    3.09       7.55    7.55   -0.00   -2.99      0.921   0.921  -0.000
  20 2753.7   5/2-  -3/2  37   -0.16    2.72    2.72    3.04    0.37       7.51    7.51    0.00   -1.90      0.915   0.915   0.000
  
  21 2809.8  13/2-   9/2  34    2.11    2.86    2.86   17.45    3.21      13.53   13.53   -0.00   -0.14      1.650   1.650  -0.000
  22 2941.5   9/2-   5/2  32    0.08   24.05   24.05    5.88    5.21      13.46   13.46    0.00   -5.41      1.642   1.642   0.000
  23 2944.7   3/2-   1/2  35    0.47   12.84   12.84    0.28    1.99      11.01   11.01    0.00   -4.71      1.342   1.342   0.000
  24 3026.6   5/2-   5/2  26    2.34    5.84    5.84    6.03    1.99       7.35    7.35   -0.00   -3.09      0.896   0.896  -0.000
  25 3138.4   1/2-   1/2  35    0.50   11.23   11.23    0.25    0.83      11.01   11.01    0.00   -4.69      1.342   1.342   0.000
  
  26 3202.3   3/2-   1/2  40    0.49    1.74    1.74    0.26   -0.45       4.62    4.62    0.00   -1.52      0.563   0.563   0.000
  27 3432.0  13/2-   5/2  32    0.02   24.05   24.05    5.93    5.15      15.42   15.42    0.00   -3.25      1.880   1.880   0.000
  28 3506.5   9/2-   1/2  30   -0.52    3.65    3.65    1.69    0.53      14.22   14.22    0.00   -1.19      1.733   1.733   0.000
  29 3548.6  11/2-  -3/2  31   -0.24    4.24    4.24    2.34    1.37      15.12   15.12    0.00   -0.48      1.843   1.843   0.000
  30 3756.5  13/2-  -7/2  33   -1.17    2.56    2.56   13.33    2.29      17.60   17.60    0.00   -0.41      2.146   2.146   0.000
  
  31 4342.8  11/2-   1/2  30   -0.27    3.67    3.67    1.64    0.79      17.66   17.66    0.00   -0.72      2.153   2.153   0.000
  32 4774.5  13/2-  -3/2  31   -0.29    4.09    4.09    2.47    1.45      19.56   19.56    0.00   -0.08      2.385   2.385   0.000
  33 5852.4   1/2-   1/2  39    0.50   16.07   16.07    0.25   -0.62      17.11   17.11    0.00   -5.63      2.086   2.086   0.000
  34 6327.5  13/2-  -3/2  37   -0.69    3.37    3.37    1.92    0.49      25.26   25.26    0.00   -0.73      3.080   3.080   0.000
  35 7438.8   1/2-   1/2  27    0.50   23.77   23.77    0.25   -3.34      27.16   27.16    0.00   -6.88      3.311   3.311   0.000
  
