1SPECTRUM OF (Z= 82 A=207) IN PARTICLE-ROTOR  MODEL WITH MODIFIED OSCILLATOR POTENTIAL


 PARITY=-   EPS= 0.415   GAMMA=  0.0   EPS4=0.000   EPS6=0.000   LEVELS:  25  26  27  28  29  30  31  32  33  34  35  36  37  38  39

 PAIRING FACTORS: GN0= 19.20  GN1=  7.40  IPAIR= 15 ***  E2PLUS(INPUT)=   0.730  E2PLUR(INPUT)=   0.000

 CORIOLIS ATTENUATION PARAMETERS:  CHSI=1.000  ETA=  1.00

 MOMENT OF INERTIA PARAMETERS:   A1=  0.122 MEV   A2=  0.122 MEV   A3=121.91923 MEV


 DELTA=0.843 MEV  LAMBDA=53.4885 MEV   HW0= 7.5726 MEV   LAMBDA/HW0= 7.0634

 E2ENERGY=0.730 MEV  HBAR**2/B=31934./A**(7/3)=5398.3/A**2 MEV

 IREC=0  =>  RECOIL TERMS j+j-, j+j+, jzjz, ETC TREATED AS ONE-BODY OPERATORS WITH UU+VV PAIRING FACTORS



 S. P. LEVEL   EQP       U     V        (UU + VV)**1.00

     25       3.572    0.119 0.993      1.000 1.000 0.999 0.998 0.995 0.915 0.900 0.849 0.569 0.458 0.357 0.347 0.261 0.245 0.232
     26       3.408    0.125 0.992      1.000 1.000 0.999 0.998 0.996 0.917 0.902 0.852 0.574 0.463 0.363 0.353 0.267 0.250 0.238
     27       2.564    0.167 0.986      0.999 0.999 1.000 1.000 0.999 0.933 0.920 0.874 0.608 0.500 0.402 0.392 0.308 0.291 0.279
     28       2.378    0.180 0.984      0.998 0.998 1.000 1.000 0.999 0.938 0.925 0.880 0.619 0.512 0.414 0.405 0.321 0.304 0.292
     29       2.010    0.215 0.977      0.995 0.996 0.999 0.999 1.000 0.950 0.938 0.896 0.646 0.542 0.446 0.437 0.354 0.338 0.325
     30       0.961    0.510 0.860      0.915 0.917 0.933 0.938 0.950 1.000 0.999 0.990 0.853 0.778 0.704 0.697 0.629 0.616 0.605
     31       0.928    0.540 0.842      0.900 0.902 0.920 0.925 0.938 0.999 1.000 0.994 0.871 0.800 0.729 0.722 0.656 0.643 0.633
     32       0.864    0.625 0.780      0.849 0.852 0.874 0.880 0.896 0.990 0.994 1.000 0.917 0.858 0.797 0.790 0.732 0.720 0.711
     33       1.021    0.884 0.467      0.569 0.574 0.608 0.619 0.646 0.853 0.871 0.917 1.000 0.992 0.971 0.969 0.942 0.937 0.932
     34       1.290    0.937 0.349      0.458 0.463 0.500 0.512 0.542 0.778 0.800 0.858 0.992 1.000 0.994 0.993 0.978 0.974 0.971
     35       1.784    0.970 0.244      0.357 0.363 0.402 0.414 0.446 0.704 0.729 0.797 0.971 0.994 1.000 1.000 0.995 0.993 0.991
     36       1.857    0.972 0.233      0.347 0.353 0.392 0.405 0.437 0.697 0.722 0.790 0.969 0.993 1.000 1.000 0.996 0.994 0.993
     37       2.947    0.989 0.145      0.261 0.267 0.308 0.321 0.354 0.629 0.656 0.732 0.942 0.978 0.995 0.996 1.000 1.000 1.000
     38       3.327    0.992 0.128      0.245 0.250 0.291 0.304 0.338 0.616 0.643 0.720 0.937 0.974 0.993 0.994 1.000 1.000 1.000
     39       3.704    0.993 0.115      0.232 0.238 0.279 0.292 0.325 0.605 0.633 0.711 0.932 0.971 0.991 0.993 1.000 1.000 1.000

  R CORE   ENERGY   A0R/A00=1.000    R3= 0     2  
   2( 1)    0.732                    1.000 0.000
   2( 2)  487.921                    0.000 1.000

  R CORE   ENERGY   A0R/A00=1.000    R3= 0     2  
   3( 1)  488.652                    0.000 1.000

  R CORE   ENERGY   A0R/A00=1.000    R3= 0     2     4  
   4( 1)    2.438                    1.000 0.000 0.000

  R CORE   ENERGY   A0R/A00=1.000    R3= 0     2     4  
   5( 1)  490.847                    0.000 1.000 0.000

  R CORE   ENERGY   A0R/A00=1.000    R3= 0     2     4     6  
   6( 1)    5.121                    1.000 0.000 0.000 0.000

  R CORE   ENERGY   A0R/A00=1.000    R3= 0     2     4     6  
   7( 1)  494.017                    0.000 1.000 0.000 0.000

          AXIAL SYMMETRY => K RESTRICTED TO OMEGA

                     K
     S.P. ORB#: 25  0.50
     S.P. ORB#: 26 -5.50
     S.P. ORB#: 27  2.50
     S.P. ORB#: 28 -1.50
     S.P. ORB#: 29 -3.50
     S.P. ORB#: 30  2.50
     S.P. ORB#: 31  0.50
     S.P. ORB#: 32 -1.50
     S.P. ORB#: 33  0.50
     S.P. ORB#: 34 -3.50
     S.P. ORB#: 35  4.50
     S.P. ORB#: 36 -3.50
     S.P. ORB#: 37  0.50
     S.P. ORB#: 38 -1.50
     S.P. ORB#: 39 -1.50
 

             ENERGY    K= OMEGA
 
 I=  1/2- (1)  2.258  31:-1.000
 
 I=  1/2- (2)  3.885  25:-0.213
                      33: 0.918
                      37:-0.333
 
 I=  1/2- (3)  6.946  25:-0.283
                      33: 0.269
                      37: 0.921
 
 I=  1/2- (4)  9.780  25: 0.935
                      33: 0.290
                      37: 0.202
 
 I=  1/2- (5)147.167  32: 1.000

             ENERGY    K= OMEGA
 
 I=  3/2- (1)  2.187  31: 0.497
                      32:-0.867
 
 I=  3/2- (2)  2.525  31: 0.853
                      32: 0.494
                      39: 0.168
 
 I=  3/2- (3)  3.807  25: 0.251
                      33:-0.931
                      37:-0.121
                      38: 0.234
 
 I=  3/2- (4)  4.392  31: 0.161
                      32: 0.057
                      39:-0.985
 
 I=  3/2- (5)  6.536  25: 0.701
                      28: 0.652
                      33: 0.255
                      37:-0.064
                      38: 0.121

             ENERGY    K= OMEGA
 
 I=  5/2- (1)  2.749  31: 0.463
                      32: 0.883
                      39:-0.063
 
 I=  5/2- (2)  3.301  27:-0.067
                      31: 0.841
                      32:-0.457
                      39:-0.283
 
 I=  5/2- (3)  3.957  25:-0.165
                      33: 0.815
                      37:-0.475
                      38: 0.284
 
 I=  5/2- (4)  4.353  27:-0.990
                      31:-0.067
                      32: 0.082
                      39:-0.095
 
 I=  5/2- (5)  5.107  27:-0.116
                      31: 0.273
                      32:-0.069
                      39: 0.952

             ENERGY    K= OMEGA
 
 I=  7/2- (1)  2.194  27:-0.147
                      34: 0.988
 
 I=  7/2- (2)  3.366  31: 0.721
                      32:-0.671
                      39: 0.171
 
 I=  7/2- (3)  3.915  27:-0.201
                      29:-0.922
                      31: 0.218
                      32: 0.227
                      39: 0.106
 
 I=  7/2- (4)  3.978  25: 0.070
                      28:-0.110
                      30:-0.143
                      33:-0.875
                      36:-0.055
                      37:-0.246
                      38: 0.365
 
 I=  7/2- (5)  4.000  29: 0.345
                      31: 0.578
                      32: 0.692
                      39: 0.257

             ENERGY    K= OMEGA
 
 I=  9/2- (1)  2.707  27:-0.090
                      29: 0.184
                      34:-0.377
                      35:-0.903
 
 I=  9/2- (2)  3.295  27:-0.194
                      29:-0.111
                      34:-0.900
                      35: 0.373
 
 I=  9/2- (3)  4.499  27:-0.060
                      31:-0.589
                      32:-0.785
                      39: 0.173
 
 I=  9/2- (4)  4.722  25: 0.071
                      28: 0.142
                      30:-0.239
                      33:-0.731
                      36: 0.129
                      37: 0.492
                      38:-0.352
 
 I=  9/2- (5)  4.970  25:-0.233
                      28: 0.536
                      30:-0.660
                      33: 0.211
                      36: 0.377
                      37:-0.179
                      38: 0.066

             ENERGY    K= OMEGA
 
 I= 11/2- (1)  3.728  25:-0.519
                      28:-0.564
                      30:-0.482
                      33:-0.317
                      36:-0.217
                      37:-0.099
                      38: 0.150
 
 I= 11/2- (2)  3.851  26: 0.053
                      27: 0.135
                      29: 0.247
                      34:-0.447
                      35: 0.847
 
 I= 11/2- (3)  4.613  26:-0.176
                      27: 0.228
                      29:-0.157
                      34:-0.843
                      35:-0.425
 
 I= 11/2- (4)  4.756  26:-0.983
                      29: 0.050
                      34: 0.126
                      35: 0.119
 
 I= 11/2- (5)  5.075  25: 0.317
                      28: 0.177
                      30: 0.118
                      33:-0.786
                      36: 0.067
                      37:-0.285
                      38: 0.389

             ENERGY    K= OMEGA
 
 I= 13/2- (1)  5.233  26: 0.061
                      27:-0.172
                      29: 0.289
                      34:-0.479
                      35:-0.808
 
 I= 13/2- (2)  5.511  25:-0.187
                      28: 0.558
                      30:-0.677
                      33:-0.165
                      36: 0.383
                      37: 0.074
                      38:-0.131
 
 I= 13/2- (3)  6.160  26: 0.215
                      27: 0.256
                      29: 0.191
                      34: 0.805
                      35:-0.449
 
 I= 13/2- (4)  6.346  26: 0.975
                      29:-0.075
                      34:-0.148
                      35: 0.144
 
 I= 13/2- (5)  6.469  25: 0.165
                      28:-0.137
                      30: 0.106
                      33:-0.712
                      36:-0.070
                      37: 0.542
                      38:-0.370

             ENERGY     K=-3/2
  35 LEVELS    TIME=  0.0 SEC



 ******************* EXCITATION ENERGIES, DOMINANT CONFIGURATION AND EXPECTATION VALUES (WITH S.P. UU+VV FACTORS) *******************

  NR  Eex(keV)  I   Kdom  NY    <Jz>  <Jx**2> <Jy**2> <Jz**2> <I.j>/|I|  <Rx**2> <Ry**2> <Rz**2> <R.j>/|R|  <HROTx> <HROTy> <HROTz>

   1    0.0   3/2-  -3/2  32   -1.01    5.06    5.06    1.76    1.27       5.35    5.35    0.00   -2.88      0.653   0.653   0.000
   2    6.2   7/2-  -7/2  34   -3.37    2.31    2.31   12.12    3.19       3.59    3.59    0.00   -1.52      0.438   0.438   0.000
   3   70.6   1/2-   1/2  31    0.50    5.02    5.02    0.25    0.08       5.46    5.46    0.00   -3.10      0.665   0.665   0.000
   4  337.4   3/2-   1/2  31   -0.05    4.87    4.87    0.80    0.44       6.29    6.29    0.00   -2.73      0.767   0.767   0.000
   5  519.9   9/2-   9/2  35    3.07    2.53    2.53   18.73    4.07       4.02    4.02    0.00   -1.25      0.490   0.490   0.000
  
   6  561.7   5/2-  -3/2  32   -1.06    5.07    5.07    1.83    0.93       7.61    7.61    0.00   -2.37      0.928   0.928   0.000
   7 1107.4   9/2-  -7/2  34   -2.16    2.38    2.38   13.13    2.74       7.71    7.71    0.00   -1.09      0.940   0.940   0.000
   8 1114.0   5/2-   1/2  31   -0.07    4.68    4.68    0.85    0.21       8.85    8.85    0.00   -2.28      1.079   1.079   0.000
   9 1178.2   7/2-   1/2  31   -0.46    5.03    5.03    1.22    0.94       9.77    9.77    0.00   -1.71      1.192   1.192   0.000
  10 1540.4  11/2-  -3/2  28    0.09   23.60   23.60    2.89    6.16       6.11    6.11    0.00   -3.80      0.745   0.745   0.000
  
  11 1619.2   3/2-   1/2  33    0.39   12.28   12.28    0.36    2.18      10.12   10.12    0.00   -4.60      1.234   1.234   0.000
  12 1663.7  11/2-   9/2  35    2.35    2.70    2.70   17.93    3.48       8.75    8.75    0.00   -0.61      1.067   1.067   0.000
  13 1697.6   1/2-   1/2  33    0.50   10.82   10.82    0.25    1.07      10.39   10.39    0.00   -4.60      1.267   1.267   0.000
  14 1727.4   7/2-  -7/2  29   -2.94    6.07    6.07   10.81    2.84       8.09    8.09   -0.00   -2.91      0.987   0.987  -0.000
  15 1769.4   5/2-   1/2  33    0.34   11.38   11.38    0.41    2.28       9.20    9.20    0.00   -3.83      1.122   1.122   0.000
  
  16 1790.9   7/2-   1/2  33    0.24   15.05   15.05    0.70    3.28      10.27   10.27    0.00   -3.93      1.252   1.252   0.000
  17 1812.2   7/2-  -3/2  32   -1.07    4.84    4.84    2.79    0.67      11.43   11.43    0.00   -2.05      1.394   1.394   0.000
  18 2165.4   5/2-   5/2  27    2.43    6.05    6.05    6.16    2.07       7.37    7.37   -0.00   -3.16      0.899   0.899  -0.000
  19 2204.2   3/2-  -3/2  39   -1.45    1.98    1.98    2.20    0.93       3.16    3.16   -0.00   -1.74      0.385   0.385  -0.000
  20 2311.4   9/2-  -3/2  32   -0.80    5.05    5.05    1.59    0.76      14.44   14.44    0.00   -1.47      1.760   1.760   0.000
  
  21 2425.1  11/2-  -7/2  34   -1.80    2.48    2.48   13.92    2.45      12.65   12.65   -0.00   -0.84      1.542   1.542  -0.000
  22 2534.7   9/2-   1/2  33    0.26   13.43   13.43    1.08    2.91      11.89   11.89    0.00   -2.77      1.449   1.449   0.000
  23 2568.5  11/2- -11/2  26   -5.31    2.74    2.74   29.75    4.97       5.78    5.78    0.00   -1.62      0.705   0.705   0.000
  24 2782.6   9/2-   5/2  30    0.22   21.82   21.82    5.15    4.71      13.36   13.36    0.00   -4.91      1.628   1.628   0.000
  25 2887.9  11/2-   1/2  33    0.15   13.40   13.40    0.75    3.07      13.32   13.32    0.00   -1.79      1.624   1.624   0.000
  
  26 2919.1   5/2-  -3/2  39   -1.30    2.21    2.21    2.15    0.32       6.72    6.72   -0.00   -1.54      0.820   0.820  -0.000
  27 3045.8  13/2-   9/2  35    1.89    2.86    2.86   17.36    3.08      14.42   14.42   -0.00   -0.29      1.758   1.758  -0.000
  28 3323.8  13/2-   5/2  30    0.17   23.44   23.44    5.41    4.98      15.72   15.72    0.00   -3.12      1.917   1.917   0.000
  29 3972.4  13/2-  -7/2  34   -1.58    2.57    2.57   14.27    2.20      18.71   18.71   -0.00   -0.66      2.282   2.282  -0.000
  30 4158.9  13/2- -11/2  26   -5.22    2.75    2.75   29.50    4.22      12.42   12.42    0.00   -1.11      1.514   1.514   0.000
  
  31 4281.5  13/2-   1/2  33    0.19   12.04   12.04    0.69    2.64      18.33   18.33    0.00   -1.05      2.234   2.234   0.000
  32 4348.2   3/2-   1/2  25   -0.38   22.10   22.10    1.13    4.96      14.94   14.94    0.00   -6.54      1.821   1.821   0.000
  33 4758.8   1/2-   1/2  37    0.50   15.81   15.81    0.25   -0.52      16.77   16.77    0.00   -5.58      2.044   2.044   0.000
  34 7592.8   1/2-   1/2  25    0.50   22.94   22.94    0.25   -3.47      26.45   26.45    0.00   -6.76      3.224   3.224   0.000
  35*******   1/2-  -3/2  32    0.00    0.00    0.00    0.00    0.00       0.00    0.00    0.00   -0.00      0.000   0.000   0.000
  
