1SPECTRUM OF (Z= 82 A=207) IN PARTICLE-ROTOR  MODEL WITH MODIFIED OSCILLATOR POTENTIAL


 PARITY=-   EPS= 0.223   GAMMA=  0.0   EPS4=0.000   EPS6=0.000   LEVELS:  25  26  27  28  29  30  31  32  33  34  35  36  37  38  39

 PAIRING FACTORS: GN0= 19.20  GN1=  7.40  IPAIR= 15 ***  E2PLUS(INPUT)=   0.730  E2PLUR(INPUT)=   0.000

 CORIOLIS ATTENUATION PARAMETERS:  CHSI=1.000  ETA=  1.00

 MOMENT OF INERTIA PARAMETERS:   A1=  0.122 MEV   A2=  0.122 MEV   A3=121.91924 MEV


 DELTA=0.944 MEV  LAMBDA=53.4761 MEV   HW0= 7.4544 MEV   LAMBDA/HW0= 7.1738

 E2ENERGY=0.730 MEV  HBAR**2/B= 9221./A**(7/3)=1558.7/A**2 MEV

 IREC=0  =>  RECOIL TERMS j+j-, j+j+, jzjz, ETC TREATED AS ONE-BODY OPERATORS WITH UU+VV PAIRING FACTORS



 S. P. LEVEL   EQP       U     V        (UU + VV)**1.00

     25       4.121    0.115 0.993      1.000 1.000 1.000 0.996 0.992 0.989 0.988 0.607 0.585 0.521 0.481 0.385 0.365 0.286 0.237
     26       4.102    0.116 0.993      1.000 1.000 1.000 0.996 0.992 0.989 0.988 0.607 0.586 0.521 0.481 0.385 0.365 0.286 0.238
     27       3.566    0.134 0.991      1.000 1.000 1.000 0.997 0.994 0.992 0.991 0.621 0.600 0.537 0.497 0.402 0.382 0.303 0.255
     28       2.366    0.204 0.979      0.996 0.996 0.997 1.000 0.999 0.998 0.998 0.676 0.656 0.595 0.557 0.466 0.447 0.370 0.323
     29       2.044    0.238 0.971      0.992 0.992 0.994 0.999 1.000 1.000 1.000 0.701 0.682 0.623 0.586 0.496 0.478 0.403 0.356
     30       1.881    0.260 0.966      0.989 0.989 0.992 0.998 1.000 1.000 1.000 0.717 0.698 0.641 0.604 0.516 0.498 0.423 0.377
     31       1.846    0.265 0.964      0.988 0.988 0.991 0.998 1.000 1.000 1.000 0.721 0.702 0.645 0.608 0.521 0.502 0.428 0.382
     32       1.074    0.859 0.511      0.607 0.607 0.621 0.676 0.701 0.717 0.721 1.000 1.000 0.995 0.989 0.967 0.961 0.935 0.916
     33       1.108    0.873 0.488      0.585 0.586 0.600 0.656 0.682 0.698 0.702 1.000 1.000 0.997 0.992 0.974 0.968 0.944 0.926
     34       1.240    0.908 0.419      0.521 0.521 0.537 0.595 0.623 0.641 0.645 0.995 0.997 1.000 0.999 0.988 0.985 0.967 0.953
     35       1.354    0.926 0.376      0.481 0.481 0.497 0.557 0.586 0.604 0.608 0.989 0.992 0.999 1.000 0.994 0.992 0.978 0.966
     36       1.781    0.961 0.276      0.385 0.385 0.402 0.466 0.496 0.516 0.521 0.967 0.974 0.988 0.994 1.000 1.000 0.994 0.988
     37       1.913    0.967 0.255      0.365 0.365 0.382 0.447 0.478 0.498 0.502 0.961 0.968 0.985 0.992 1.000 1.000 0.996 0.991
     38       2.764    0.985 0.173      0.286 0.286 0.303 0.370 0.403 0.423 0.428 0.935 0.944 0.967 0.978 0.994 0.996 1.000 0.999
     39       3.845    0.992 0.124      0.237 0.238 0.255 0.323 0.356 0.377 0.382 0.916 0.926 0.953 0.966 0.988 0.991 0.999 1.000

  R CORE   ENERGY   A0R/A00=1.000    R3= 0     2  
   2( 1)    0.732                    1.000 0.000
   2( 2)  487.921                    0.000 1.000

  R CORE   ENERGY   A0R/A00=1.000    R3= 0     2  
   3( 1)  488.652                    0.000 1.000

  R CORE   ENERGY   A0R/A00=1.000    R3= 0     2     4  
   4( 1)    2.438                    1.000 0.000 0.000

  R CORE   ENERGY   A0R/A00=1.000    R3= 0     2     4  
   5( 1)  490.847                    0.000 1.000 0.000

  R CORE   ENERGY   A0R/A00=1.000    R3= 0     2     4     6  
   6( 1)    5.121                    1.000 0.000 0.000 0.000

  R CORE   ENERGY   A0R/A00=1.000    R3= 0     2     4     6  
   7( 1)  494.017                    0.000 1.000 0.000 0.000

          AXIAL SYMMETRY => K RESTRICTED TO OMEGA

                     K
     S.P. ORB#: 25  0.50
     S.P. ORB#: 26  2.50
     S.P. ORB#: 27 -3.50
     S.P. ORB#: 28 -3.50
     S.P. ORB#: 29  0.50
     S.P. ORB#: 30 -1.50
     S.P. ORB#: 31  4.50
     S.P. ORB#: 32 -1.50
     S.P. ORB#: 33  0.50
     S.P. ORB#: 34  2.50
     S.P. ORB#: 35 -1.50
     S.P. ORB#: 36  0.50
     S.P. ORB#: 37  2.50
     S.P. ORB#: 38 -3.50
     S.P. ORB#: 39  4.50
 

             ENERGY    K= OMEGA
 
 I=  1/2- (1)  2.056  25:-0.056
                      36:-0.998
 
 I=  1/2- (2)  3.133  29: 0.999
 
 I=  1/2- (3)  5.409  25: 0.998
                      36:-0.056
 
 I=  1/2- (4)  8.794  33:-1.000
 
 I=  1/2- (5)147.377  32:-1.000

             ENERGY    K= OMEGA
 
 I=  3/2- (1)  1.581  29: 0.185
                      30: 0.099
                      32: 0.975
                      36:-0.067
 
 I=  3/2- (2)  2.663  29: 0.221
                      30: 0.275
                      32:-0.135
                      36:-0.925

             ENERGY    K= OMEGA
 
 I=  5/2- (1)  1.722  25: 0.057
                      29:-0.149
                      30:-0.188
                      32: 0.468
                      34: 0.847
 
 I=  5/2- (2)  2.234  29: 0.195
                      30:-0.184
                      32:-0.845
                      34: 0.456
                      36:-0.066
 
 I=  5/2- (3)  2.687  25:-0.080
                      29: 0.244
                      30: 0.325
                      34: 0.168
                      36: 0.895
 
 I=  5/2- (4)  3.310  25:-0.344
                      29: 0.409
                      30: 0.699
                      32: 0.072
                      34: 0.186
                      36:-0.431
 
 I=  5/2- (5)  4.441  25:-0.066
                      29: 0.810
                      30:-0.517
                      32: 0.244
                      34:-0.104

             ENERGY    K= OMEGA
 
 I=  7/2- (1)  2.363  29: 0.198
                      30:-0.212
                      32: 0.546
                      34:-0.784
 
 I=  7/2- (2)  2.896  25: 0.169
                      26:-0.114
                      28:-0.284
                      29: 0.326
                      30: 0.307
                      32: 0.659
                      34: 0.461
                      36:-0.170
 
 I=  7/2- (3)  3.126  25: 0.064
                      26: 0.210
                      27:-0.074
                      28: 0.925
                      29: 0.119
                      30: 0.112
                      32: 0.192
                      34: 0.146
                      36:-0.071
 
 I=  7/2- (4)  3.450  33:-0.735
                      35:-0.571
                      37:-0.338
                      38:-0.136
 
 I=  7/2- (5)  4.157  25:-0.195
                      29:-0.186
                      30:-0.466
                      32: 0.344
                      34: 0.299
                      36: 0.707

             ENERGY    K= OMEGA
 
 I=  9/2- (1)  2.611  26:-0.075
                      27: 0.251
                      28: 0.182
                      31:-0.943
                      34:-0.071
 
 I=  9/2- (2)  3.051  25: 0.202
                      29:-0.324
                      30:-0.392
                      31:-0.098
                      32: 0.478
                      34: 0.660
                      36:-0.158
 
 I=  9/2- (3)  3.932  26:-0.303
                      27:-0.104
                      28: 0.788
                      29: 0.096
                      30:-0.163
                      31: 0.150
                      32:-0.407
                      34: 0.208
                      36:-0.093
 
 I=  9/2- (4)  4.163  25:-0.173
                      26:-0.072
                      27:-0.057
                      28: 0.364
                      29: 0.099
                      30: 0.410
                      32: 0.547
                      34: 0.081
                      36: 0.586
 
 I=  9/2- (5)  4.268  25: 0.125
                      26:-0.081
                      28: 0.323
                      29:-0.387
                      31: 0.081
                      32: 0.407
                      34:-0.630
                      36:-0.393

             ENERGY    K= OMEGA
 
 I= 11/2- (1)  2.331  33:-0.672
                      35:-0.566
                      37:-0.403
                      38:-0.235
                      39:-0.101
 
 I= 11/2- (2)  3.581  26: 0.124
                      27: 0.331
                      28: 0.251
                      31: 0.894
                      32:-0.064
                      34: 0.085
 
 I= 11/2- (3)  4.317  29: 0.289
                      30:-0.281
                      31: 0.123
                      32: 0.580
                      34:-0.695
 
 I= 11/2- (4)  4.865  25: 0.264
                      26:-0.203
                      27: 0.083
                      28:-0.389
                      29: 0.372
                      30: 0.395
                      31: 0.102
                      32: 0.468
                      34: 0.408
                      36:-0.202
 
 I= 11/2- (5)  5.195  25: 0.165
                      26: 0.309
                      27:-0.117
                      28: 0.792
                      29: 0.230
                      30: 0.220
                      31:-0.222
                      32: 0.198
                      34: 0.165
                      36:-0.135

             ENERGY    K= OMEGA
 
 I= 13/2- (1)  4.086  33:-0.192
                      35: 0.496
                      37:-0.607
                      38: 0.515
                      39:-0.290
 
 I= 13/2- (2)  4.762  25:-0.063
                      26:-0.163
                      27: 0.375
                      28: 0.288
                      29: 0.088
                      30: 0.098
                      31:-0.831
                      32:-0.119
                      34:-0.150
 
 I= 13/2- (3)  5.107  25: 0.325
                      27: 0.058
                      28: 0.083
                      29:-0.416
                      30:-0.485
                      31:-0.219
                      32: 0.384
                      34: 0.485
                      36:-0.212
 
 I= 13/2- (4)  6.417  26: 0.394
                      27: 0.164
                      28:-0.772
                      29:-0.072
                      30: 0.134
                      31:-0.280
                      32: 0.315
                      34:-0.119
                      36: 0.080
 
 I= 13/2- (5)  6.744  25:-0.230
                      27:-0.066
                      28: 0.203
                      29: 0.178
                      30: 0.306
                      32: 0.482
                      34: 0.454
                      36: 0.580

             ENERGY     K= 9/2
  32 LEVELS    TIME=  0.0 SEC



 ******************* EXCITATION ENERGIES, DOMINANT CONFIGURATION AND EXPECTATION VALUES (WITH S.P. UU+VV FACTORS) *******************

  NR  Eex(keV)  I   Kdom  NY    <Jz>  <Jx**2> <Jy**2> <Jz**2> <I.j>/|I|  <Rx**2> <Ry**2> <Rz**2> <R.j>/|R|  <HROTx> <HROTy> <HROTz>

   1    0.0   3/2-  -3/2  32   -1.42    1.63    1.63    2.17    1.40       1.87    1.87   -0.00   -1.40      0.228   0.228  -0.000
   2  141.2   5/2-   5/2  34    1.43    1.93    1.93    5.07    2.34       1.91    1.91    0.00   -1.02      0.233   0.233   0.000
   3  475.5   1/2-   1/2  36    0.50    1.31    1.31    0.25    0.82       1.10    1.10    0.00   -1.46      0.134   0.134   0.000
   4  653.4   5/2-  -3/2  32   -0.58    1.62    1.62    3.01    1.08       4.31    4.31    0.00   -1.04      0.526   0.526   0.000
   5  750.7  11/2-   1/2  33    0.00   27.14   27.14    2.73    7.14       3.67    3.67    0.00   -5.28      0.447   0.447   0.000
  
   6  782.5   7/2-   5/2  34    1.04    2.00    2.00    4.65    1.93       4.54    4.54    0.00   -0.33      0.553   0.553   0.000
   7 1030.6   9/2-   9/2  31    3.69    2.64    2.64   19.26    4.43       2.59    2.59    0.00   -1.09      0.316   0.316   0.000
   8 1082.5   3/2-   1/2  36    0.31    1.71    1.71    0.44    0.13       3.57    3.57    0.00   -1.36      0.435   0.435   0.000
   9 1106.0   5/2-   1/2  36    0.35    2.13    2.13    0.63    1.09       3.61    3.61    0.00   -0.62      0.440   0.440   0.000
  10 1315.8   7/2-  -3/2  32   -0.44    1.98    1.98    3.65    1.55       5.54    5.54    0.00   -0.44      0.676   0.676   0.000
  
  11 1470.4   9/2-   5/2  34    0.64    2.88    2.88    3.84    2.19       6.26    6.26    0.00    0.37      0.763   0.763   0.000
  12 1545.3   7/2-  -7/2  28   -2.92    2.30    2.30   11.08    3.18       3.10    3.10    0.00   -1.23      0.377   0.377   0.000
  13 1552.8   1/2-   1/2  29    0.50    4.26    4.26    0.25    0.34       4.46    4.46    0.00   -2.83      0.544   0.544   0.000
  14 1729.8   5/2-  -3/2  30   -0.42    3.56    3.56    1.44    1.29       4.84    4.84   -0.00   -1.53      0.591   0.591  -0.000
  15 1869.5   7/2-   1/2  33    0.00   27.37   27.37    1.81    6.90       8.77    8.77    0.00   -6.96      1.070   1.070   0.000
  
  16 2000.1  11/2-   9/2  31    3.04    2.94    2.94   18.46    4.01       6.09    6.09    0.00   -0.11      0.743   0.743   0.000
  17 2351.3   9/2-  -7/2  28   -2.05    2.30    2.30    9.47    2.51       6.92    6.92    0.00   -0.43      0.844   0.844   0.000
  18 2505.2  13/2-   5/2  37    0.02   25.77   25.77    7.81    6.60       8.00    8.00    0.00   -3.33      0.976   0.976   0.000
  19 2576.5   7/2-   1/2  36    0.00    2.55    2.55    1.48    0.35       9.79    9.79   -0.00   -1.18      1.193   1.193  -0.000
  20 2582.6   9/2-   1/2  36   -0.94    2.12    2.12    2.93    1.22       9.89    9.89    0.00   -0.25      1.206   1.206   0.000
  
  21 2687.0   9/2-   5/2  34    0.58    2.41    2.41    4.38    1.22      10.93   10.93    0.00   -0.68      1.333   1.333   0.000
  22 2736.3  11/2-   5/2  34    0.70    2.26    2.26    4.30    1.67      12.30   12.30    0.00    0.23      1.500   1.500   0.000
  23 2860.0   5/2-   1/2  29   -0.13    4.25    4.25    0.97   -0.38      10.24   10.24   -0.00   -2.34      1.249   1.249  -0.000
  24 3181.3  13/2-   9/2  31    2.42    3.21    3.21   17.09    3.66      10.60   10.60    0.00    0.44      1.292   1.292   0.000
  25 3284.7  11/2-  -3/2  32   -0.43    2.48    2.48    4.35    1.77      11.96   11.96    0.00    0.26      1.458   1.458   0.000
  
  26 3526.7  13/2-   5/2  34    0.36    3.76    3.76    3.51    2.38      13.24   13.24    0.00    1.09      1.614   1.614   0.000
  27 3614.3  11/2-  -7/2  28   -1.80    2.60    2.60    9.85    2.36      11.31   11.31    0.00   -0.20      1.378   1.378   0.000
  28 3828.3   1/2-   1/2  25    0.50    5.43    5.43    0.25    0.70       5.32    5.32   -0.00   -3.22      0.649   0.649  -0.000
  29 4836.3  13/2-  -7/2  28   -1.57    2.58    2.58   10.54    2.30      16.18   16.18    0.00    0.06      1.973   1.973   0.000
  30 5163.4  13/2-   1/2  36    0.08    2.23    2.23    2.69    1.03      20.76   20.76    0.00    0.01      2.531   2.531   0.000
  
  31 7213.4   1/2-   1/2  33    0.50   27.59   27.59    0.25   -3.97      31.52   31.52    0.00   -7.41      3.843   3.843   0.000
  32*******   1/2-  -3/2  32    0.00    0.00    0.00    0.00   -0.00       0.00    0.00   -0.00   -0.00      0.000   0.000  -0.000
