1SPECTRUM OF (Z= 82 A=207) IN PARTICLE-ROTOR  MODEL WITH MODIFIED OSCILLATOR POTENTIAL


 PARITY=-   EPS= 0.328   GAMMA=  0.0   EPS4=0.000   EPS6=0.000   LEVELS:  24  25  26  27  28  29  30  31  32  33  34  35  36  37  38

 PAIRING FACTORS: GN0= 19.20  GN1=  7.40  IPAIR= 15 ***  E2PLUS(INPUT)=   0.730  E2PLUR(INPUT)=   0.000

 CORIOLIS ATTENUATION PARAMETERS:  CHSI=1.000  ETA=  1.00

 MOMENT OF INERTIA PARAMETERS:   A1=  0.122 MEV   A2=  0.122 MEV   A3=121.91924 MEV


 DELTA=0.923 MEV  LAMBDA=53.3180 MEV   HW0= 7.5084 MEV   LAMBDA/HW0= 7.1011

 E2ENERGY=0.730 MEV  HBAR**2/B=19948./A**(7/3)=3372.2/A**2 MEV

 IREC=0  =>  RECOIL TERMS j+j-, j+j+, jzjz, ETC TREATED AS ONE-BODY OPERATORS WITH UU+VV PAIRING FACTORS



 S. P. LEVEL   EQP       U     V        (UU + VV)**1.00

     24       4.772    0.097 0.995      1.000 1.000 0.999 0.997 0.980 0.960 0.943 0.916 0.880 0.693 0.542 0.291 0.286 0.269 0.266
     25       4.172    0.111 0.994      1.000 1.000 0.999 0.998 0.982 0.964 0.948 0.922 0.886 0.704 0.553 0.305 0.300 0.282 0.280
     26       3.195    0.146 0.989      0.999 0.999 1.000 0.999 0.988 0.973 0.958 0.935 0.902 0.728 0.582 0.338 0.333 0.316 0.313
     27       2.638    0.178 0.984      0.997 0.998 0.999 1.000 0.993 0.980 0.967 0.946 0.916 0.750 0.608 0.368 0.363 0.346 0.344
     28       1.638    0.295 0.956      0.980 0.982 0.988 0.993 1.000 0.997 0.991 0.978 0.957 0.824 0.699 0.477 0.472 0.456 0.454
     29       1.341    0.371 0.929      0.960 0.964 0.973 0.980 0.997 1.000 0.998 0.992 0.977 0.867 0.754 0.546 0.542 0.526 0.524
     30       1.206    0.422 0.907      0.943 0.948 0.958 0.967 0.991 0.998 1.000 0.997 0.988 0.893 0.790 0.592 0.588 0.573 0.571
     31       1.084    0.488 0.873      0.916 0.922 0.935 0.946 0.978 0.992 0.997 1.000 0.997 0.924 0.833 0.650 0.646 0.632 0.630
     32       0.996    0.559 0.829      0.880 0.886 0.902 0.916 0.957 0.977 0.988 0.997 1.000 0.953 0.876 0.711 0.707 0.694 0.692
     33       0.949    0.784 0.620      0.693 0.704 0.728 0.750 0.824 0.867 0.893 0.924 0.953 1.000 0.981 0.891 0.889 0.880 0.879
     34       1.135    0.889 0.457      0.542 0.553 0.582 0.608 0.699 0.754 0.790 0.833 0.876 0.981 1.000 0.962 0.960 0.955 0.955
     35       2.391    0.980 0.197      0.291 0.305 0.338 0.368 0.477 0.546 0.592 0.650 0.711 0.891 0.962 1.000 1.000 1.000 1.000
     36       2.456    0.981 0.192      0.286 0.300 0.333 0.363 0.472 0.542 0.588 0.646 0.707 0.889 0.960 1.000 1.000 1.000 1.000
     37       2.697    0.985 0.174      0.269 0.282 0.316 0.346 0.456 0.526 0.573 0.632 0.694 0.880 0.955 1.000 1.000 1.000 1.000
     38       2.733    0.985 0.171      0.266 0.280 0.313 0.344 0.454 0.524 0.571 0.630 0.692 0.879 0.955 1.000 1.000 1.000 1.000

  R CORE   ENERGY   A0R/A00=1.000    R3= 0     2  
   2( 1)    0.732                    1.000 0.000
   2( 2)  487.921                    0.000 1.000

  R CORE   ENERGY   A0R/A00=1.000    R3= 0     2  
   3( 1)  488.652                    0.000 1.000

  R CORE   ENERGY   A0R/A00=1.000    R3= 0     2     4  
   4( 1)    2.438                    1.000 0.000 0.000

  R CORE   ENERGY   A0R/A00=1.000    R3= 0     2     4  
   5( 1)  490.847                    0.000 1.000 0.000

  R CORE   ENERGY   A0R/A00=1.000    R3= 0     2     4     6  
   6( 1)    5.121                    1.000 0.000 0.000 0.000

  R CORE   ENERGY   A0R/A00=1.000    R3= 0     2     4     6  
   7( 1)  494.017                    0.000 1.000 0.000 0.000

          AXIAL SYMMETRY => K RESTRICTED TO OMEGA

                     K
     S.P. ORB#: 24 -5.50
     S.P. ORB#: 25  0.50
     S.P. ORB#: 26  2.50
     S.P. ORB#: 27 -3.50
     S.P. ORB#: 28  0.50
     S.P. ORB#: 29  0.50
     S.P. ORB#: 30 -1.50
     S.P. ORB#: 31 -1.50
     S.P. ORB#: 32 -3.50
     S.P. ORB#: 33  4.50
     S.P. ORB#: 34  2.50
     S.P. ORB#: 35 -3.50
     S.P. ORB#: 36 -1.50
     S.P. ORB#: 37  0.50
     S.P. ORB#: 38  2.50
 

             ENERGY    K= OMEGA
 
 I=  1/2- (1)  2.572  29: 0.999
 
 I=  1/2- (2)  5.732  25: 0.999
 
 I=  1/2- (3)  5.983  28:-0.422
                      37: 0.906
 
 I=  1/2- (4)  8.746  28: 0.906
                      37: 0.422
 
 I=  1/2- (5)147.387  31: 1.000

             ENERGY    K= OMEGA
 
 I=  3/2- (1)  2.438  25:-0.098
                      29: 0.187
                      30:-0.974
                      36:-0.079
 
 I=  3/2- (2)  2.567  25:-0.190
                      29:-0.860
                      30:-0.109
                      36:-0.460

             ENERGY    K= OMEGA
 
 I=  5/2- (1)  2.532  25:-0.261
                      29: 0.450
                      30: 0.770
                      36:-0.156
                      38:-0.334
 
 I=  5/2- (2)  3.302  26:-0.066
                      29: 0.542
                      30:-0.441
                      36:-0.711
 
 I=  5/2- (3)  3.475  25:-0.142
                      29: 0.376
                      30: 0.157
                      36: 0.241
                      38: 0.869
 
 I=  5/2- (4)  4.220  26:-0.055
                      29:-0.566
                      30: 0.374
                      36:-0.636
                      38: 0.362
 
 I=  5/2- (5)  4.980  26: 0.996
                      36:-0.085

             ENERGY    K= OMEGA
 
 I=  7/2- (1)  1.792  26: 0.196
                      27:-0.051
                      32:-0.979
 
 I=  7/2- (2)  3.324  25:-0.114
                      29: 0.291
                      30:-0.773
                      36: 0.212
                      38:-0.508
 
 I=  7/2- (3)  3.468  28:-0.718
                      31:-0.581
                      34:-0.353
                      35:-0.148
 
 I=  7/2- (4)  3.504  25:-0.321
                      29:-0.761
                      30:-0.333
                      36:-0.450
 
 I=  7/2- (5)  4.372  26: 0.168
                      27: 0.546
                      29: 0.341
                      30:-0.358
                      36:-0.343
                      38: 0.558

             ENERGY    K= OMEGA
 
 I=  9/2- (1)  1.834  26:-0.072
                      27: 0.196
                      32:-0.231
                      33:-0.950
 
 I=  9/2- (2)  2.744  26:-0.269
                      27:-0.090
                      32:-0.929
                      33: 0.227
 
 I=  9/2- (3)  3.568  25:-0.374
                      29: 0.489
                      30: 0.686
                      32:-0.058
                      36:-0.206
                      38:-0.323
 
 I=  9/2- (4)  4.600  28: 0.230
                      31:-0.577
                      34: 0.661
                      35:-0.422
 
 I=  9/2- (5)  5.130  26:-0.106
                      27: 0.063
                      29: 0.449
                      30:-0.482
                      32: 0.059
                      36:-0.735
                      38: 0.067

             ENERGY    K= OMEGA
 
 I= 11/2- (1)  2.800  28:-0.683
                      31:-0.579
                      34:-0.393
                      35:-0.201
                      37:-0.056
 
 I= 11/2- (2)  2.916  26:-0.122
                      27:-0.265
                      32: 0.318
                      33:-0.901
 
 I= 11/2- (3)  3.927  26:-0.315
                      27: 0.130
                      30: 0.059
                      32: 0.881
                      33: 0.316
                      38: 0.060
 
 I= 11/2- (4)  5.214  25:-0.185
                      29: 0.204
                      30:-0.764
                      32: 0.071
                      36: 0.224
                      38:-0.531
 
 I= 11/2- (5)  5.353  25: 0.375
                      29: 0.772
                      30: 0.251
                      32:-0.051
                      36: 0.443

             ENERGY    K= OMEGA
 
 I= 13/2- (1)  4.217  26: 0.167
                      27:-0.310
                      32: 0.376
                      33: 0.856
 
 I= 13/2- (2)  4.977  28: 0.221
                      31:-0.560
                      34: 0.662
                      35:-0.445
 
 I= 13/2- (3)  5.320  25: 0.169
                      26:-0.321
                      27:-0.159
                      29:-0.175
                      30:-0.272
                      32:-0.770
                      33: 0.345
                      38: 0.156
 
 I= 13/2- (4)  5.527  25:-0.413
                      26:-0.129
                      29: 0.470
                      30: 0.589
                      32:-0.337
                      33: 0.151
                      36:-0.205
                      38:-0.253
 
 I= 13/2- (5)  7.701  24: 0.998
                      27:-0.054

             ENERGY     K= 5/2
  32 LEVELS    TIME=  0.0 SEC



 ******************* EXCITATION ENERGIES, DOMINANT CONFIGURATION AND EXPECTATION VALUES (WITH S.P. UU+VV FACTORS) *******************

  NR  Eex(keV)  I   Kdom  NY    <Jz>  <Jx**2> <Jy**2> <Jz**2> <I.j>/|I|  <Rx**2> <Ry**2> <Rz**2> <R.j>/|R|  <HROTx> <HROTy> <HROTz>

   1    0.0   7/2-  -7/2  32   -3.26    2.31    2.31   12.01    3.35       2.89    2.89    0.00   -1.39      0.353   0.353   0.000
   2   42.1   9/2-   9/2  33    3.76    2.54    2.54   19.45    4.29       3.31    3.31    0.00   -1.24      0.403   0.403   0.000
   3  645.9   3/2-  -3/2  30   -1.41    4.67    4.67    2.16    1.41       4.88    4.88    0.00   -2.80      0.595   0.595   0.000
   4  739.3   5/2-  -3/2  30   -0.51    4.69    4.69    2.15    2.19       3.67    3.67   -0.00   -1.87      0.447   0.447  -0.000
   5  774.3   3/2-   1/2  29    0.05    3.89    3.89    0.70    1.27       3.65    3.65    0.00   -2.22      0.445   0.445   0.000
  
   6  780.0   1/2-   1/2  29    0.50    4.77    4.77    0.25    0.28       5.03    5.03    0.00   -3.01      0.613   0.613   0.000
   7  952.0   9/2-  -7/2  32   -2.63    2.42    2.42   12.19    2.90       6.45    6.45    0.00   -0.72      0.786   0.786   0.000
   8 1007.8  11/2-   1/2  28   -0.02   24.51   24.51    2.33    6.33       5.71    5.71    0.00   -4.00      0.696   0.696   0.000
   9 1123.8  11/2-   9/2  33    3.09    2.76    2.76   18.67    3.77       7.41    7.41    0.00   -0.42      0.903   0.903   0.000
  10 1510.1   5/2-  -3/2  36   -0.89    2.96    2.96    1.69    0.81       5.80    5.80    0.00   -1.53      0.707   0.707   0.000
  
  11 1531.9   7/2-  -3/2  30   -0.28    4.02    4.02    3.11    1.72       6.63    6.63   -0.00   -1.19      0.808   0.808  -0.000
  12 1676.0   7/2-   1/2  28   -0.01   24.10   24.10    1.93    6.17       8.46    8.46    0.00   -6.24      1.031   1.031   0.000
  13 1682.7   5/2-   5/2  38    1.85    2.40    2.40    4.95    1.79       3.95    3.95    0.00   -1.58      0.482   0.482   0.000
  14 1712.2   7/2-   1/2  29   -0.12    3.84    3.84    0.91    1.36       6.79    6.79    0.00   -0.87      0.828   0.828   0.000
  15 1775.8   9/2-  -3/2  30   -0.33    4.89    4.89    1.95    2.26       6.99    6.99    0.00   -0.13      0.852   0.852   0.000
  
  16 2134.9  11/2-  -7/2  32   -2.08    2.51    2.51   12.39    2.61      10.99   10.99   -0.00   -0.39      1.340   1.340  -0.000
  17 2424.4  13/2-   9/2  33    2.53    2.96    2.96   17.96    3.42      12.43   12.43    0.00    0.00      1.516   1.516   0.000
  18 2427.4   5/2-  -3/2  36   -0.32    3.36    3.36    2.14   -0.15       9.25    9.25    0.00   -2.16      1.127   1.127   0.000
  19 2579.8   7/2-   5/2  38   -0.51    3.81    3.81    6.36    1.63       8.39    8.39    0.00   -1.83      1.022   1.022   0.000
  20 2807.6   9/2-   5/2  34   -0.00   24.67   24.67    5.67    5.35      13.25   13.25    0.00   -5.51      1.615   1.615   0.000
  
  21 3184.6  13/2-   5/2  34   -0.04   24.66   24.66    5.88    5.34      14.70   14.70    0.00   -3.31      1.792   1.792   0.000
  22 3187.8   5/2-   5/2  26    2.47    5.99    5.99    6.22    2.07       7.35    7.35   -0.00   -3.15      0.896   0.896  -0.000
  23 3338.2   9/2-  -3/2  36   -1.04    2.79    2.79    1.98    0.63      13.05   13.05    0.00   -0.87      1.591   1.591   0.000
  24 3421.8  11/2-  -3/2  30   -0.22    3.97    3.97    3.32    1.59      13.97   13.97   -0.00   -0.33      1.703   1.703  -0.000
  25 3527.5  13/2-  -7/2  32   -1.40    2.95    2.95   10.98    2.41      15.99   15.99    0.00   -0.01      1.949   1.949   0.000
  
  26 3560.4  11/2-   1/2  29   -0.03    3.90    3.90    0.81    1.38      13.95   13.95    0.00   -0.07      1.700   1.700   0.000
  27 3734.9  13/2-  -3/2  30   -0.49    4.74    4.74    3.36    2.28      14.88   14.88    0.00    0.56      1.814   1.814   0.000
  28 3939.4   1/2-   1/2  25    0.50    6.50    6.50    0.25    0.67       6.42    6.42    0.00   -3.54      0.783   0.783   0.000
  29 4191.3   1/2-   1/2  37    0.50   12.40   12.40    0.25   -1.56      14.25   14.25    0.00   -4.95      1.738   1.738   0.000
  30 5908.4  13/2- -11/2  24   -5.48    2.76    2.76   30.16    4.32      12.06   12.06    0.00   -1.12      1.470   1.470   0.000
  
  31 6954.2   1/2-   1/2  28    0.50   24.79   24.79    0.25   -3.56      28.38   28.38    0.00   -7.02      3.460   3.460   0.000
  32*******   1/2-  -3/2  31    0.00    0.00    0.00    0.00   -0.00       0.00    0.00    0.00   -0.00      0.000   0.000   0.000
