1SPECTRUM OF (Z= 82 A=207) IN PARTICLE-ROTOR  MODEL WITH MODIFIED OSCILLATOR POTENTIAL


 PARITY=-   EPS= 0.324   GAMMA=  0.0   EPS4=0.000   EPS6=0.000   LEVELS:  24  25  26  27  28  29  30  31  32  33  34  35  36  37  38

 PAIRING FACTORS: GN0= 19.20  GN1=  7.40  IPAIR= 15 ***  E2PLUS(INPUT)=   0.730  E2PLUR(INPUT)=   0.000

 CORIOLIS ATTENUATION PARAMETERS:  CHSI=1.000  ETA=  1.00

 MOMENT OF INERTIA PARAMETERS:   A1=  0.122 MEV   A2=  0.122 MEV   A3=121.91922 MEV


 DELTA=0.928 MEV  LAMBDA=53.3098 MEV   HW0= 7.5059 MEV   LAMBDA/HW0= 7.1023

 E2ENERGY=0.730 MEV  HBAR**2/B=19465./A**(7/3)=3290.4/A**2 MEV

 IREC=0  =>  RECOIL TERMS j+j-, j+j+, jzjz, ETC TREATED AS ONE-BODY OPERATORS WITH UU+VV PAIRING FACTORS



 S. P. LEVEL   EQP       U     V        (UU + VV)**1.00

     24       4.831    0.096 0.995      1.000 1.000 0.999 0.997 0.976 0.961 0.945 0.903 0.891 0.715 0.527 0.290 0.289 0.270 0.263
     25       4.162    0.112 0.994      1.000 1.000 0.999 0.998 0.979 0.966 0.950 0.910 0.898 0.726 0.540 0.306 0.304 0.285 0.279
     26       3.221    0.146 0.989      0.999 0.999 1.000 0.999 0.985 0.974 0.960 0.923 0.913 0.748 0.568 0.337 0.336 0.317 0.311
     27       2.664    0.177 0.984      0.997 0.998 0.999 1.000 0.990 0.981 0.968 0.935 0.925 0.769 0.594 0.367 0.366 0.347 0.341
     28       1.565    0.312 0.950      0.976 0.979 0.985 0.990 1.000 0.998 0.994 0.975 0.969 0.851 0.700 0.493 0.492 0.474 0.468
     29       1.360    0.367 0.930      0.961 0.966 0.974 0.981 0.998 1.000 0.999 0.986 0.982 0.880 0.740 0.543 0.542 0.524 0.519
     30       1.224    0.417 0.909      0.945 0.950 0.960 0.968 0.994 0.999 1.000 0.994 0.991 0.904 0.776 0.588 0.587 0.570 0.565
     31       1.051    0.515 0.857      0.903 0.910 0.923 0.935 0.975 0.986 0.994 1.000 1.000 0.946 0.841 0.674 0.673 0.658 0.653
     32       1.024    0.537 0.843      0.891 0.898 0.913 0.925 0.969 0.982 0.991 1.000 1.000 0.954 0.855 0.693 0.692 0.677 0.672
     33       0.942    0.765 0.644      0.715 0.726 0.748 0.769 0.851 0.880 0.904 0.946 0.954 1.000 0.971 0.877 0.876 0.866 0.863
     34       1.170    0.897 0.442      0.527 0.540 0.568 0.594 0.700 0.740 0.776 0.841 0.855 0.971 1.000 0.966 0.966 0.961 0.959
     35       2.405    0.980 0.197      0.290 0.306 0.337 0.367 0.493 0.543 0.588 0.674 0.693 0.877 0.966 1.000 1.000 1.000 1.000
     36       2.418    0.981 0.196      0.289 0.304 0.336 0.366 0.492 0.542 0.587 0.673 0.692 0.876 0.966 1.000 1.000 1.000 1.000
     37       2.681    0.984 0.176      0.270 0.285 0.317 0.347 0.474 0.524 0.570 0.658 0.677 0.866 0.961 1.000 1.000 1.000 1.000
     38       2.783    0.986 0.169      0.263 0.279 0.311 0.341 0.468 0.519 0.565 0.653 0.672 0.863 0.959 1.000 1.000 1.000 1.000

  R CORE   ENERGY   A0R/A00=1.000    R3= 0     2  
   2( 1)    0.732                    1.000 0.000
   2( 2)  487.921                    0.000 1.000

  R CORE   ENERGY   A0R/A00=1.000    R3= 0     2  
   3( 1)  488.652                    0.000 1.000

  R CORE   ENERGY   A0R/A00=1.000    R3= 0     2     4  
   4( 1)    2.438                    1.000 0.000 0.000

  R CORE   ENERGY   A0R/A00=1.000    R3= 0     2     4  
   5( 1)  490.847                    0.000 1.000 0.000

  R CORE   ENERGY   A0R/A00=1.000    R3= 0     2     4     6  
   6( 1)    5.121                    1.000 0.000 0.000 0.000

  R CORE   ENERGY   A0R/A00=1.000    R3= 0     2     4     6  
   7( 1)  494.017                    0.000 1.000 0.000 0.000

          AXIAL SYMMETRY => K RESTRICTED TO OMEGA

                     K
     S.P. ORB#: 24 -5.50
     S.P. ORB#: 25  0.50
     S.P. ORB#: 26  2.50
     S.P. ORB#: 27 -3.50
     S.P. ORB#: 28  0.50
     S.P. ORB#: 29  0.50
     S.P. ORB#: 30 -1.50
     S.P. ORB#: 31 -1.50
     S.P. ORB#: 32 -3.50
     S.P. ORB#: 33  4.50
     S.P. ORB#: 34  2.50
     S.P. ORB#: 35 -1.50
     S.P. ORB#: 36 -3.50
     S.P. ORB#: 37  2.50
     S.P. ORB#: 38  0.50
 

             ENERGY    K= OMEGA
 
 I=  1/2- (1)  2.587  29: 0.999
 
 I=  1/2- (2)  5.714  25: 0.999
 
 I=  1/2- (3)  6.040  28:-0.444
                      38:-0.896
 
 I=  1/2- (4)  8.758  28: 0.896
                      38:-0.444
 
 I=  1/2- (5)147.354  31: 1.000

             ENERGY    K= OMEGA
 
 I=  3/2- (1)  2.451  25:-0.104
                      29: 0.163
                      30:-0.976
                      35:-0.100
 
 I=  3/2- (2)  2.566  25:-0.183
                      29:-0.846
                      30:-0.071
                      35:-0.496

             ENERGY    K= OMEGA
 
 I=  5/2- (1)  2.534  25:-0.260
                      29: 0.447
                      30: 0.762
                      35:-0.167
                      37:-0.353
 
 I=  5/2- (2)  3.281  26:-0.066
                      29: 0.494
                      30:-0.446
                      35:-0.744
 
 I=  5/2- (3)  3.434  25:-0.147
                      29: 0.409
                      30: 0.152
                      35: 0.183
                      37: 0.869
 
 I=  5/2- (4)  4.200  29:-0.589
                      30: 0.387
                      35:-0.615
                      37: 0.347
 
 I=  5/2- (5)  5.005  26:-0.996
                      35: 0.080

             ENERGY    K= OMEGA
 
 I=  7/2- (1)  1.816  26: 0.198
                      27:-0.052
                      32:-0.978
 
 I=  7/2- (2)  3.318  25:-0.107
                      29: 0.299
                      30:-0.752
                      35: 0.232
                      37:-0.526
 
 I=  7/2- (3)  3.432  28:-0.722
                      31:-0.580
                      34:-0.349
                      36:-0.145
 
 I=  7/2- (4)  3.503  25:-0.323
                      29:-0.743
                      30:-0.353
                      35:-0.462
                      37:-0.054
 
 I=  7/2- (5)  4.357  26: 0.151
                      27: 0.450
                      29: 0.380
                      30:-0.395
                      35:-0.361
                      37: 0.586

             ENERGY    K= OMEGA
 
 I=  9/2- (1)  1.821  26:-0.071
                      27: 0.199
                      32:-0.223
                      33:-0.952
 
 I=  9/2- (2)  2.763  26:-0.272
                      27:-0.090
                      32:-0.930
                      33: 0.219
 
 I=  9/2- (3)  3.567  25:-0.373
                      29: 0.488
                      30: 0.681
                      32:-0.058
                      35:-0.213
                      37:-0.331
 
 I=  9/2- (4)  4.584  28:-0.232
                      31: 0.581
                      34:-0.658
                      36: 0.419
 
 I=  9/2- (5)  5.107  25:-0.067
                      26: 0.108
                      27:-0.072
                      29:-0.402
                      30: 0.482
                      32:-0.059
                      35: 0.762

             ENERGY    K= OMEGA
 
 I= 11/2- (1)  2.752  28: 0.685
                      31: 0.579
                      34: 0.391
                      36: 0.199
                      38:-0.055
 
 I= 11/2- (2)  2.897  26:-0.120
                      27:-0.270
                      32: 0.309
                      33:-0.904
 
 I= 11/2- (3)  3.940  26:-0.319
                      27: 0.128
                      30: 0.059
                      32: 0.883
                      33: 0.306
                      37: 0.060
 
 I= 11/2- (4)  5.205  25:-0.169
                      29: 0.230
                      30:-0.744
                      32: 0.067
                      35: 0.249
                      37:-0.543
 
 I= 11/2- (5)  5.351  25: 0.383
                      29: 0.755
                      30: 0.286
                      32:-0.055
                      35: 0.444

             ENERGY    K= OMEGA
 
 I= 13/2- (1)  4.192  26: 0.164
                      27:-0.315
                      32: 0.366
                      33: 0.859
 
 I= 13/2- (2)  4.943  28: 0.222
                      31:-0.563
                      34: 0.661
                      36:-0.442
 
 I= 13/2- (3)  5.326  25: 0.173
                      26:-0.323
                      27:-0.156
                      29:-0.179
                      30:-0.277
                      32:-0.770
                      33: 0.333
                      37: 0.160
 
 I= 13/2- (4)  5.525  25: 0.411
                      26: 0.135
                      27: 0.050
                      29:-0.467
                      30:-0.584
                      32: 0.345
                      33:-0.152
                      35: 0.209
                      37: 0.256
 
 I= 13/2- (5)  7.760  24: 0.996
                      27:-0.059

             ENERGY     K= 1/2
  32 LEVELS    TIME=  0.0 SEC



 ******************* EXCITATION ENERGIES, DOMINANT CONFIGURATION AND EXPECTATION VALUES (WITH S.P. UU+VV FACTORS) *******************

  NR  Eex(keV)  I   Kdom  NY    <Jz>  <Jx**2> <Jy**2> <Jz**2> <I.j>/|I|  <Rx**2> <Ry**2> <Rz**2> <R.j>/|R|  <HROTx> <HROTy> <HROTz>

   1    0.0   7/2-  -7/2  32   -3.26    2.31    2.31   12.00    3.36       2.87    2.87    0.00   -1.38      0.350   0.350   0.000
   2    5.0   9/2-   9/2  33    3.77    2.54    2.54   19.46    4.30       3.26    3.26   -0.00   -1.24      0.398   0.398  -0.000
   3  634.9   3/2-  -3/2  30   -1.42    4.62    4.62    2.17    1.42       4.84    4.84    0.00   -2.79      0.590   0.590   0.000
   4  717.8   5/2-  -3/2  30   -0.47    4.63    4.63    2.22    2.21       3.56    3.56    0.00   -1.84      0.434   0.434   0.000
   5  749.5   3/2-   1/2  29   -0.00    3.79    3.79    0.75    1.31       3.51    3.51    0.00   -2.19      0.428   0.428   0.000
  
   6  771.2   1/2-   1/2  29    0.50    4.75    4.75    0.25    0.28       5.01    5.01    0.00   -3.00      0.611   0.611   0.000
   7  936.3  11/2-   1/2  28   -0.02   24.63   24.63    2.32    6.35       5.67    5.67    0.00   -4.03      0.691   0.691   0.000
   8  946.5   9/2-  -7/2  32   -2.65    2.42    2.42   12.15    2.91       6.40    6.40    0.00   -0.70      0.781   0.781   0.000
   9 1080.9  11/2-   9/2  33    3.12    2.77    2.77   18.71    3.79       7.33    7.33    0.00   -0.41      0.893   0.893   0.000
  10 1464.9   5/2-  -3/2  35   -0.99    2.79    2.79    1.78    0.84       5.58    5.58    0.00   -1.46      0.681   0.681   0.000
  
  11 1501.6   7/2-  -3/2  30   -0.20    3.93    3.93    3.18    1.74       6.47    6.47    0.00   -1.14      0.789   0.789   0.000
  12 1615.7   7/2-   1/2  28   -0.01   24.20   24.20    1.91    6.18       8.49    8.49    0.00   -6.25      1.035   1.035   0.000
  13 1617.6   5/2-   5/2  37    1.90    2.48    2.48    4.89    1.78       4.04    4.04    0.00   -1.62      0.492   0.492   0.000
  14 1686.6   7/2-   1/2  29   -0.17    3.78    3.78    0.96    1.37       6.72    6.72    0.00   -0.85      0.819   0.819   0.000
  15 1750.8   9/2-  -3/2  30   -0.31    4.85    4.85    1.98    2.27       6.92    6.92    0.00   -0.10      0.844   0.844   0.000
  
  16 2123.6  11/2-  -7/2  32   -2.11    2.51    2.51   12.33    2.61      10.93   10.93    0.00   -0.37      1.332   1.332   0.000
  17 2375.7  13/2-   9/2  33    2.57    2.97    2.97   18.01    3.44      12.31   12.31   -0.00    0.02      1.501   1.501  -0.000
  18 2384.3   5/2-  -3/2  35   -0.31    3.46    3.46    2.04   -0.19       9.42    9.42    0.00   -2.20      1.148   1.148   0.000
  19 2540.5   7/2-   5/2  37   -0.15    3.50    3.50    5.45    1.36       8.70    8.70    0.00   -1.69      1.060   1.060   0.000
  20 2767.5   9/2-   5/2  34   -0.01   24.74   24.74    5.63    5.38      13.18   13.18    0.00   -5.52      1.607   1.607   0.000
  
  21 3126.7  13/2-   5/2  34   -0.04   24.73   24.73    5.85    5.37      14.54   14.54   -0.00   -3.30      1.773   1.773  -0.000
  22 3189.0   5/2-   5/2  26    2.47    5.99    5.99    6.22    2.07       7.34    7.34    0.00   -3.15      0.895   0.895   0.000
  23 3291.0   9/2-  -3/2  35   -1.14    2.66    2.66    2.05    0.65      12.84   12.84    0.00   -0.82      1.566   1.566   0.000
  24 3389.4  11/2-  -3/2  30   -0.16    3.89    3.89    3.35    1.60      13.89   13.89   -0.00   -0.30      1.693   1.693  -0.000
  25 3510.0  13/2-  -7/2  32   -1.43    2.97    2.97   10.83    2.42      15.89   15.89    0.00    0.02      1.937   1.937   0.000
  
  26 3534.9  11/2-   1/2  29   -0.07    3.87    3.87    0.85    1.39      13.88   13.88    0.00   -0.06      1.692   1.692   0.000
  27 3708.6  13/2-  -3/2  30   -0.50    4.70    4.70    3.44    2.29      14.84   14.84    0.00    0.57      1.809   1.809   0.000
  28 3897.5   1/2-   1/2  25    0.50    6.47    6.47    0.25    0.67       6.39    6.39   -0.00   -3.53      0.778   0.778  -0.000
  29 4223.8   1/2-   1/2  38    0.50   12.44   12.44    0.25   -1.61      14.34   14.34    0.00   -4.95      1.748   1.748   0.000
  30 5943.5  13/2- -11/2  24   -5.47    2.76    2.76   30.10    4.31      12.08   12.08    0.00   -1.12      1.473   1.473   0.000
  
  31 6941.6   1/2-   1/2  28    0.50   24.93   24.93    0.25   -3.56      28.51   28.51   -0.00   -7.04      3.476   3.476  -0.000
  32*******   1/2-  -3/2  31    0.00    0.00    0.00    0.00   -0.00       0.00    0.00    0.00   -0.00      0.000   0.000   0.000
