1SPECTRUM OF (Z= 82 A=207) IN PARTICLE-ROTOR  MODEL WITH MODIFIED OSCILLATOR POTENTIAL


 PARITY=-   EPS= 0.182   GAMMA=  0.0   EPS4=0.000   EPS6=0.000   LEVELS:  25  26  27  28  29  30  31  32  33  34  35  36  37  38  39

 PAIRING FACTORS: GN0= 19.20  GN1=  7.40  IPAIR= 15 ***  E2PLUS(INPUT)=   0.730  E2PLUR(INPUT)=   0.000

 CORIOLIS ATTENUATION PARAMETERS:  CHSI=1.000  ETA=  1.00

 MOMENT OF INERTIA PARAMETERS:   A1=  0.122 MEV   A2=  0.122 MEV   A3=121.91924 MEV


 DELTA=0.912 MEV  LAMBDA=53.4592 MEV   HW0= 7.4395 MEV   LAMBDA/HW0= 7.1859

 E2ENERGY=0.730 MEV  HBAR**2/B= 6142./A**(7/3)=1038.3/A**2 MEV

 IREC=0  =>  RECOIL TERMS j+j-, j+j+, jzjz, ETC TREATED AS ONE-BODY OPERATORS WITH UU+VV PAIRING FACTORS



 S. P. LEVEL   EQP       U     V        (UU + VV)**1.00

     25       4.313    0.106 0.994      1.000 1.000 1.000 0.999 0.996 0.994 0.992 0.791 0.688 0.466 0.398 0.357 0.305 0.259 0.224
     26       3.918    0.117 0.993      1.000 1.000 1.000 0.999 0.997 0.995 0.993 0.798 0.696 0.476 0.408 0.368 0.315 0.269 0.235
     27       3.803    0.121 0.993      1.000 1.000 1.000 0.999 0.997 0.996 0.994 0.800 0.698 0.479 0.411 0.371 0.318 0.273 0.239
     28       2.885    0.160 0.987      0.999 0.999 0.999 1.000 0.999 0.999 0.997 0.823 0.726 0.514 0.447 0.408 0.356 0.311 0.277
     29       2.348    0.198 0.980      0.996 0.997 0.997 0.999 1.000 1.000 0.999 0.845 0.752 0.546 0.481 0.443 0.392 0.347 0.314
     30       2.186    0.214 0.977      0.994 0.995 0.996 0.999 1.000 1.000 1.000 0.853 0.763 0.559 0.495 0.457 0.406 0.362 0.329
     31       2.026    0.232 0.973      0.992 0.993 0.994 0.997 0.999 1.000 1.000 0.862 0.774 0.575 0.511 0.473 0.423 0.379 0.346
     32       0.913    0.692 0.722      0.791 0.798 0.800 0.823 0.845 0.853 0.862 1.000 0.988 0.910 0.876 0.854 0.823 0.795 0.773
     33       0.946    0.795 0.607      0.688 0.696 0.698 0.726 0.752 0.763 0.774 0.988 1.000 0.963 0.940 0.924 0.901 0.879 0.862
     34       1.329    0.929 0.369      0.466 0.476 0.479 0.514 0.546 0.559 0.575 0.910 0.963 1.000 0.997 0.993 0.985 0.975 0.967
     35       1.604    0.955 0.298      0.398 0.408 0.411 0.447 0.481 0.495 0.511 0.876 0.940 0.997 1.000 0.999 0.995 0.989 0.983
     36       1.843    0.967 0.256      0.357 0.368 0.371 0.408 0.443 0.457 0.473 0.854 0.924 0.993 0.999 1.000 0.998 0.995 0.990
     37       2.311    0.979 0.202      0.305 0.315 0.318 0.356 0.392 0.406 0.423 0.823 0.901 0.985 0.995 0.998 1.000 0.999 0.997
     38       2.987    0.988 0.155      0.259 0.269 0.273 0.311 0.347 0.362 0.379 0.795 0.879 0.975 0.989 0.995 0.999 1.000 0.999
     39       3.844    0.993 0.120      0.224 0.235 0.239 0.277 0.314 0.329 0.346 0.773 0.862 0.967 0.983 0.990 0.997 0.999 1.000

  R CORE   ENERGY   A0R/A00=1.000    R3= 0     2  
   2( 1)    0.732                    1.000 0.000
   2( 2)  487.921                    0.000 1.000

  R CORE   ENERGY   A0R/A00=1.000    R3= 0     2  
   3( 1)  488.652                    0.000 1.000

  R CORE   ENERGY   A0R/A00=1.000    R3= 0     2     4  
   4( 1)    2.438                    1.000 0.000 0.000

  R CORE   ENERGY   A0R/A00=1.000    R3= 0     2     4  
   5( 1)  490.847                    0.000 1.000 0.000

  R CORE   ENERGY   A0R/A00=1.000    R3= 0     2     4     6  
   6( 1)    5.121                    1.000 0.000 0.000 0.000

  R CORE   ENERGY   A0R/A00=1.000    R3= 0     2     4     6  
   7( 1)  494.017                    0.000 1.000 0.000 0.000

          AXIAL SYMMETRY => K RESTRICTED TO OMEGA

                     K
     S.P. ORB#: 25  2.50
     S.P. ORB#: 26  0.50
     S.P. ORB#: 27 -3.50
     S.P. ORB#: 28 -3.50
     S.P. ORB#: 29  4.50
     S.P. ORB#: 30  0.50
     S.P. ORB#: 31 -1.50
     S.P. ORB#: 32 -1.50
     S.P. ORB#: 33  2.50
     S.P. ORB#: 34  0.50
     S.P. ORB#: 35  0.50
     S.P. ORB#: 36 -1.50
     S.P. ORB#: 37  2.50
     S.P. ORB#: 38 -3.50
     S.P. ORB#: 39  4.50
 

             ENERGY    K= OMEGA
 
 I=  1/2- (1)  1.572  26:-0.062
                      34:-0.998
 
 I=  1/2- (2)  3.206  30: 1.000
 
 I=  1/2- (3)  5.058  26: 0.998
                      34:-0.062
 
 I=  1/2- (4)  9.642  35:-1.000
 
 I=  1/2- (5)147.216  32: 1.000

             ENERGY    K= OMEGA
 
 I=  3/2- (1)  1.387  30: 0.191
                      31: 0.110
                      32: 0.971
                      34:-0.083
 
 I=  3/2- (2)  2.228  30:-0.147
                      31:-0.122
                      32: 0.126
                      34: 0.973

             ENERGY    K= OMEGA
 
 I=  5/2- (1)  1.418  26: 0.051
                      30:-0.134
                      31:-0.184
                      32: 0.404
                      33: 0.882
                      34:-0.067
 
 I=  5/2- (2)  2.000  30:-0.227
                      31: 0.165
                      32: 0.872
                      33:-0.396
 
 I=  5/2- (3)  2.252  30:-0.139
                      31:-0.179
                      33:-0.127
                      34:-0.965
 
 I=  5/2- (4)  3.287  26: 0.388
                      30:-0.457
                      31:-0.738
                      32:-0.079
                      33:-0.192
                      34: 0.232
 
 I=  5/2- (5)  4.549  26:-0.065
                      30: 0.797
                      31:-0.530
                      32: 0.259
                      33:-0.105

             ENERGY    K= OMEGA
 
 I=  7/2- (1)  2.048  30: 0.179
                      31:-0.218
                      32: 0.495
                      33:-0.821
 
 I=  7/2- (2)  2.649  25:-0.066
                      26:-0.174
                      28: 0.063
                      30:-0.351
                      31:-0.292
                      32:-0.722
                      33:-0.436
                      34: 0.201
 
 I=  7/2- (3)  3.614  25:-0.246
                      27:-0.107
                      28: 0.948
                      30: 0.063
                      31: 0.071
                      34:-0.137
 
 I=  7/2- (4)  3.839  26: 0.077
                      28:-0.151
                      30: 0.142
                      31: 0.206
                      32:-0.308
                      33:-0.202
                      34:-0.879
 
 I=  7/2- (5)  4.015  35: 0.722
                      36: 0.575
                      37: 0.355
                      38: 0.151

             ENERGY    K= OMEGA
 
 I=  9/2- (1)  2.706  26: 0.176
                      27:-0.082
                      29: 0.126
                      30:-0.301
                      31:-0.357
                      32: 0.470
                      33: 0.687
                      34:-0.180
 
 I=  9/2- (2)  3.092  25: 0.082
                      27: 0.252
                      28: 0.200
                      29:-0.931
                      30:-0.059
                      31:-0.068
                      32: 0.064
                      33: 0.085
 
 I=  9/2- (3)  3.831  25: 0.115
                      28: 0.143
                      30: 0.181
                      31:-0.318
                      32:-0.748
                      33: 0.304
                      34:-0.419
 
 I=  9/2- (4)  3.875  26: 0.086
                      28:-0.092
                      30:-0.296
                      31:-0.086
                      32: 0.165
                      33:-0.516
                      34:-0.769
 
 I=  9/2- (5)  4.537  25:-0.313
                      27: 0.126
                      28:-0.899
                      29:-0.188
                      30: 0.086
                      31:-0.059
                      32:-0.147
                      33: 0.107

             ENERGY    K= OMEGA
 
 I= 11/2- (1)  2.769  35:-0.657
                      36:-0.564
                      37:-0.415
                      38:-0.254
                      39:-0.115
 
 I= 11/2- (2)  3.869  25:-0.115
                      27: 0.235
                      28: 0.152
                      29: 0.483
                      30:-0.218
                      31: 0.233
                      32:-0.457
                      33: 0.604
 
 I= 11/2- (3)  4.104  25: 0.090
                      27:-0.252
                      28:-0.228
                      29:-0.746
                      30:-0.165
                      31: 0.171
                      32:-0.317
                      33: 0.404
 
 I= 11/2- (4)  4.625  25:-0.097
                      26:-0.287
                      28: 0.114
                      30:-0.420
                      31:-0.401
                      32:-0.553
                      33:-0.434
                      34: 0.245
 
 I= 11/2- (5)  5.644  25:-0.371
                      26: 0.089
                      27:-0.162
                      28: 0.850
                      29:-0.260
                      30: 0.109
                      31: 0.105
                      34:-0.120

             ENERGY    K= OMEGA
 
 I= 13/2- (1)  4.395  35:-0.183
                      36: 0.479
                      37:-0.601
                      38: 0.529
                      39:-0.310
 
 I= 13/2- (2)  4.704  25:-0.077
                      26: 0.281
                      27:-0.128
                      28:-0.072
                      29: 0.182
                      30:-0.390
                      31:-0.436
                      32: 0.424
                      33: 0.539
                      34:-0.221
 
 I= 13/2- (3)  5.216  25: 0.173
                      26: 0.096
                      27: 0.369
                      28: 0.314
                      29:-0.820
                      30:-0.121
                      31:-0.138
                      32: 0.070
                      33: 0.088
                      34:-0.093
 
 I= 13/2- (4)  6.470  25:-0.114
                      26:-0.125
                      28:-0.111
                      29:-0.131
                      31: 0.286
                      32: 0.552
                      33: 0.192
                      34: 0.719
 
 I= 13/2- (5)  6.558  25: 0.208
                      26:-0.054
                      27:-0.115
                      28: 0.342
                      29: 0.089
                      30: 0.338
                      31:-0.163
                      32:-0.429
                      33: 0.626
                      34: 0.315

             ENERGY     K= 9/2
  32 LEVELS    TIME=  0.0 SEC



 ******************* EXCITATION ENERGIES, DOMINANT CONFIGURATION AND EXPECTATION VALUES (WITH S.P. UU+VV FACTORS) *******************

  NR  Eex(keV)  I   Kdom  NY    <Jz>  <Jx**2> <Jy**2> <Jz**2> <I.j>/|I|  <Rx**2> <Ry**2> <Rz**2> <R.j>/|R|  <HROTx> <HROTy> <HROTz>

   1    0.0   3/2-  -3/2  32   -1.41    1.53    1.53    2.16    1.46       1.66    1.66    0.00   -1.31      0.202   0.202   0.000
   2   30.8   5/2-   5/2  33    1.66    1.85    1.85    5.31    2.43       1.68    1.68   -0.00   -0.98      0.205   0.205  -0.000
   3  184.7   1/2-   1/2  34    0.50    1.18    1.18    0.25    0.83       0.96    0.96    0.00   -1.36      0.117   0.117   0.000
   4  613.1   5/2-  -3/2  32   -0.76    1.54    1.54    2.78    1.11       4.01    4.01    0.00   -0.91      0.489   0.489   0.000
   5  660.5   7/2-   5/2  33    1.26    1.95    1.95    4.90    2.05       4.15    4.15   -0.00   -0.23      0.506   0.506  -0.000
  
   6  840.7   3/2-   1/2  34    0.44    1.29    1.29    0.31   -0.14       3.60    3.60    0.00   -1.18      0.438   0.438   0.000
   7  864.5   5/2-   1/2  34    0.47    1.51    1.51    0.41    0.83       3.65    3.65    0.00   -0.37      0.445   0.445   0.000
   8 1261.5   7/2-  -3/2  32   -0.34    1.71    1.71    2.69    1.36       5.52    5.52    0.00   -0.21      0.672   0.672   0.000
   9 1319.3   9/2-   5/2  33    0.79    2.71    2.71    4.20    2.33       5.60    5.60   -0.00    0.59      0.682   0.682  -0.000
  10 1381.6  11/2-   1/2  35    0.00   28.09   28.09    2.95    7.35       3.48    3.48    0.00   -5.75      0.424   0.424   0.000
  
  11 1704.8   9/2-   9/2  29    3.56    2.68    2.68   18.93    4.41       2.60    2.60    0.00   -1.04      0.318   0.318   0.000
  12 1819.0   1/2-   1/2  30    0.50    4.02    4.02    0.25    0.40       4.18    4.18    0.00   -2.75      0.509   0.509   0.000
  13 1899.9   5/2-  -3/2  31   -0.53    3.81    3.81    1.57    1.61       4.21    4.21    0.00   -1.53      0.514   0.514   0.000
  14 2227.0   7/2-  -7/2  28   -3.03    2.36    2.36   11.55    3.35       2.73    2.73   -0.00   -1.28      0.333   0.333  -0.000
  15 2443.7   9/2-  -3/2  32   -0.69    1.48    1.48    2.50    0.90      10.62   10.62    0.00   -0.21      1.295   1.295   0.000
  
  16 2451.4   7/2-   1/2  34    0.22    1.63    1.63    1.04   -0.02      10.12   10.12   -0.00   -0.98      1.233   1.233  -0.000
  17 2482.2  11/2-   5/2  33    1.35    2.59    2.59    8.65    2.61       9.18    9.18    0.00    0.42      1.119   1.119   0.000
  18 2488.1   9/2-   1/2  34    0.93    1.99    1.99    2.06    1.00      10.40   10.40   -0.00   -0.23      1.268   1.268  -0.000
  19 2628.2   7/2-   1/2  35   -0.00   28.44   28.44    1.94    7.11       9.07    9.07   -0.00   -7.19      1.106   1.106  -0.000
  20 2716.6  11/2-   9/2  29    2.35    2.67    2.67   14.05    3.23       8.23    8.23    0.00   -0.01      1.003   1.003   0.000
  
  21 3007.6  13/2-   5/2  37    0.03   26.25   26.25    8.15    6.73       7.71    7.71   -0.00   -3.48      0.940   0.940  -0.000
  22 3150.0   9/2-  -7/2  28   -2.48    2.49    2.49   11.54    2.84       6.52    6.52   -0.00   -0.66      0.794   0.794  -0.000
  23 3162.3   5/2-   1/2  30   -0.17    4.07    4.07    1.02   -0.43      10.24   10.24    0.00   -2.31      1.249   1.249   0.000
  24 3237.9  11/2-  -3/2  32   -0.10    2.09    2.09    2.56    1.52      12.16   12.16   -0.00    0.48      1.482   1.482  -0.000
  25 3317.3  13/2-   5/2  33    0.40    3.47    3.47    3.68    2.49      12.28   12.28    0.00    1.37      1.498   1.498   0.000
  
  26 3670.6   1/2-   1/2  26    0.50    4.81    4.81    0.25    0.68       4.72    4.72    0.00   -3.02      0.576   0.576   0.000
  27 3829.1  13/2-   9/2  29    2.28    3.31    3.31   16.77    3.65      10.58   10.58    0.00    0.46      1.290   1.290   0.000
  28 4256.4  11/2-  -7/2  28   -1.97    2.64    2.64   11.44    2.60      10.69   10.69    0.00   -0.25      1.303   1.303   0.000
  29 5083.3  13/2-   1/2  34   -0.16    1.66    1.66    1.83    0.86      20.94   20.94    0.00    0.13      2.553   2.553   0.000
  30 5170.5  13/2-   5/2  33    0.46    2.10    2.10    5.00    1.22      20.42   20.42   -0.00   -0.10      2.490   2.490  -0.000
  
  31 8254.5   1/2-   1/2  35    0.50   28.92   28.92    0.25   -4.09      32.96   32.96    0.00   -7.59      4.019   4.019   0.000
  32*******   1/2-  -3/2  32    0.00    0.00    0.00    0.00   -0.00       0.00    0.00    0.00   -0.00      0.000   0.000   0.000
