1SPECTRUM OF (Z= 82 A=207) IN PARTICLE-ROTOR  MODEL WITH MODIFIED OSCILLATOR POTENTIAL


 PARITY=-   EPS= 0.331   GAMMA=  0.0   EPS4=0.000   EPS6=0.000   LEVELS:  26  27  28  29  30  31  32  33  34  35  36  37  38  39  40

 PAIRING FACTORS: GN0= 19.20  GN1=  7.40  IPAIR= 15 ***  E2PLUS(INPUT)=   0.730  E2PLUR(INPUT)=   0.000

 CORIOLIS ATTENUATION PARAMETERS:  CHSI=1.000  ETA=  1.00

 MOMENT OF INERTIA PARAMETERS:   A1=  0.122 MEV   A2=  0.122 MEV   A3=121.91924 MEV


 DELTA=0.919 MEV  LAMBDA=53.3247 MEV   HW0= 7.5104 MEV   LAMBDA/HW0= 7.1002

 E2ENERGY=0.730 MEV  HBAR**2/B=20315./A**(7/3)=3434.2/A**2 MEV

 IREC=0  =>  RECOIL TERMS j+j-, j+j+, jzjz, ETC TREATED AS ONE-BODY OPERATORS WITH UU+VV PAIRING FACTORS



 S. P. LEVEL   EQP       U     V        (UU + VV)**1.00

     26       3.176    0.146 0.989      1.000 0.999 0.990 0.972 0.957 0.943 0.894 0.713 0.594 0.339 0.329 0.320 0.311 0.279 0.257
     27       2.619    0.178 0.984      0.999 1.000 0.994 0.979 0.966 0.953 0.908 0.735 0.619 0.370 0.360 0.350 0.341 0.310 0.288
     28       1.696    0.283 0.959      0.990 0.994 1.000 0.995 0.988 0.980 0.947 0.803 0.700 0.467 0.458 0.448 0.440 0.410 0.389
     29       1.326    0.374 0.928      0.972 0.979 0.995 1.000 0.998 0.995 0.974 0.857 0.765 0.550 0.541 0.532 0.525 0.496 0.476
     30       1.193    0.426 0.905      0.957 0.966 0.988 0.998 1.000 0.999 0.985 0.885 0.801 0.597 0.588 0.580 0.572 0.545 0.525
     31       1.112    0.468 0.884      0.943 0.953 0.980 0.995 0.999 1.000 0.992 0.906 0.828 0.633 0.625 0.617 0.610 0.583 0.564
     32       0.977    0.575 0.818      0.894 0.908 0.947 0.974 0.985 0.992 1.000 0.952 0.892 0.725 0.718 0.711 0.704 0.680 0.663
     33       0.956    0.798 0.602      0.713 0.735 0.803 0.857 0.885 0.906 0.952 1.000 0.988 0.902 0.897 0.892 0.888 0.872 0.861
     34       1.109    0.883 0.469      0.594 0.619 0.700 0.765 0.801 0.828 0.892 0.988 1.000 0.958 0.955 0.952 0.949 0.938 0.930
     35       2.370    0.980 0.198      0.339 0.370 0.467 0.550 0.597 0.633 0.725 0.902 0.958 1.000 1.000 1.000 1.000 0.998 0.996
     36       2.493    0.982 0.188      0.329 0.360 0.458 0.541 0.588 0.625 0.718 0.897 0.955 1.000 1.000 1.000 1.000 0.999 0.997
     37       2.632    0.984 0.177      0.320 0.350 0.448 0.532 0.580 0.617 0.711 0.892 0.952 1.000 1.000 1.000 1.000 0.999 0.998
     38       2.771    0.986 0.168      0.311 0.341 0.440 0.525 0.572 0.610 0.704 0.888 0.949 1.000 1.000 1.000 1.000 0.999 0.998
     39       3.428    0.991 0.135      0.279 0.310 0.410 0.496 0.545 0.583 0.680 0.872 0.938 0.998 0.999 0.999 0.999 1.000 1.000
     40       4.104    0.994 0.113      0.257 0.288 0.389 0.476 0.525 0.564 0.663 0.861 0.930 0.996 0.997 0.998 0.998 1.000 1.000

  R CORE   ENERGY   A0R/A00=1.000    R3= 0     2  
   2( 1)    0.732                    1.000 0.000
   2( 2)  487.921                    0.000 1.000

  R CORE   ENERGY   A0R/A00=1.000    R3= 0     2  
   3( 1)  488.652                    0.000 1.000

  R CORE   ENERGY   A0R/A00=1.000    R3= 0     2     4  
   4( 1)    2.438                    1.000 0.000 0.000

  R CORE   ENERGY   A0R/A00=1.000    R3= 0     2     4  
   5( 1)  490.847                    0.000 1.000 0.000

  R CORE   ENERGY   A0R/A00=1.000    R3= 0     2     4     6  
   6( 1)    5.121                    1.000 0.000 0.000 0.000

  R CORE   ENERGY   A0R/A00=1.000    R3= 0     2     4     6  
   7( 1)  494.017                    0.000 1.000 0.000 0.000

          AXIAL SYMMETRY => K RESTRICTED TO OMEGA

                     K
     S.P. ORB#: 26  2.50
     S.P. ORB#: 27 -3.50
     S.P. ORB#: 28  0.50
     S.P. ORB#: 29  0.50
     S.P. ORB#: 30 -1.50
     S.P. ORB#: 31 -1.50
     S.P. ORB#: 32 -3.50
     S.P. ORB#: 33  4.50
     S.P. ORB#: 34  2.50
     S.P. ORB#: 35 -3.50
     S.P. ORB#: 36 -1.50
     S.P. ORB#: 37  0.50
     S.P. ORB#: 38  2.50
     S.P. ORB#: 39  0.50
     S.P. ORB#: 40  4.50
 

             ENERGY    K= OMEGA
 
 I=  1/2- (1)  2.565  29: 0.999
 
 I=  1/2- (2)  3.778  39:-0.999
 
 I=  1/2- (3)  5.938  28: 0.407
                      37:-0.914
 
 I=  1/2- (4)  8.743  28: 0.914
                      37: 0.407
 
 I=  1/2- (5)147.415  31: 1.000

             ENERGY    K= OMEGA
 
 I=  3/2- (1)  2.443  29: 0.399
                      30:-0.916
 
 I=  3/2- (2)  2.679  29:-0.754
                      30:-0.331
                      36:-0.544
                      39: 0.161
 
 I=  3/2- (3)  3.287  29:-0.495
                      30:-0.199
                      36: 0.839
                      39: 0.107
 
 I=  3/2- (4)  4.497  29:-0.164
                      30:-0.107
                      39:-0.981
 
 I=  3/2- (5)  4.900  28:-0.712
                      31:-0.338
                      37: 0.616

             ENERGY    K= OMEGA
 
 I=  5/2- (1)  2.742  29:-0.398
                      30:-0.780
                      36: 0.165
                      38: 0.416
                      39:-0.181
 
 I=  5/2- (2)  3.316  26:-0.066
                      29: 0.564
                      30:-0.422
                      36:-0.706
 
 I=  5/2- (3)  3.548  29: 0.432
                      30: 0.218
                      36: 0.219
                      38: 0.823
                      39: 0.198
 
 I=  5/2- (4)  4.218  26:-0.051
                      29:-0.516
                      30: 0.387
                      36:-0.623
                      38: 0.386
                      39:-0.210
 
 I=  5/2- (5)  4.684  26:-0.101
                      29:-0.264
                      30:-0.119
                      36:-0.168
                      39: 0.937

             ENERGY    K= OMEGA
 
 I=  7/2- (1)  1.777  26:-0.194
                      27: 0.051
                      32: 0.979
 
 I=  7/2- (2)  3.345  29: 0.485
                      30:-0.671
                      36: 0.299
                      38:-0.472
 
 I=  7/2- (3)  3.497  28: 0.715
                      31: 0.582
                      34: 0.356
                      35: 0.150
 
 I=  7/2- (4)  3.888  26: 0.062
                      29:-0.601
                      30:-0.501
                      36:-0.519
                      38:-0.229
                      39: 0.248
 
 I=  7/2- (5)  4.381  26:-0.178
                      27:-0.629
                      29:-0.322
                      30: 0.310
                      36: 0.291
                      38:-0.537

             ENERGY    K= OMEGA
 
 I=  9/2- (1)  1.846  26:-0.073
                      27: 0.193
                      32:-0.236
                      33:-0.950
 
 I=  9/2- (2)  2.734  26: 0.266
                      27: 0.090
                      32: 0.929
                      33:-0.233
 
 I=  9/2- (3)  4.114  29:-0.432
                      30:-0.681
                      36: 0.268
                      38: 0.466
                      39:-0.239
 
 I=  9/2- (4)  4.377  28:-0.200
                      31: 0.514
                      34:-0.636
                      35: 0.491
                      40:-0.222
 
 I=  9/2- (5)  5.135  26: 0.105
                      27:-0.061
                      29:-0.461
                      30: 0.480
                      32:-0.058
                      36: 0.720
                      38:-0.082
                      39: 0.114

             ENERGY    K= OMEGA
 
 I= 11/2- (1)  2.754  28:-0.653
                      31:-0.566
                      34:-0.414
                      35:-0.259
                      37:-0.055
                      40:-0.112
 
 I= 11/2- (2)  2.934  26:-0.124
                      27:-0.262
                      32: 0.326
                      33:-0.900
 
 I= 11/2- (3)  3.922  26:-0.312
                      27: 0.131
                      32: 0.880
                      33: 0.324
                      38: 0.058
 
 I= 11/2- (4)  5.247  29: 0.507
                      30:-0.602
                      36: 0.371
                      38:-0.487
 
 I= 11/2- (5)  5.719  28:-0.490
                      31:-0.116
                      34: 0.423
                      35: 0.624
                      40: 0.421

             ENERGY    K= OMEGA
 
 I= 13/2- (1)  4.240  26:-0.170
                      27: 0.306
                      32:-0.385
                      33:-0.854
 
 I= 13/2- (2)  4.334  28: 0.171
                      31:-0.452
                      34: 0.611
                      35:-0.548
                      40: 0.305
 
 I= 13/2- (3)  5.345  26: 0.341
                      27: 0.169
                      30: 0.069
                      32: 0.834
                      33:-0.385
                      38:-0.075
 
 I= 13/2- (4)  6.464  29:-0.446
                      30:-0.641
                      32: 0.071
                      36: 0.301
                      38: 0.462
                      39:-0.280
 
 I= 13/2- (5)  7.934  26:-0.107
                      27: 0.069
                      29: 0.383
                      30:-0.483
                      32: 0.097
                      36:-0.738
                      39:-0.219

             ENERGY     K= 9/2
  35 LEVELS    TIME=  0.0 SEC



 ******************* EXCITATION ENERGIES, DOMINANT CONFIGURATION AND EXPECTATION VALUES (WITH S.P. UU+VV FACTORS) *******************

  NR  Eex(keV)  I   Kdom  NY    <Jz>  <Jx**2> <Jy**2> <Jz**2> <I.j>/|I|  <Rx**2> <Ry**2> <Rz**2> <R.j>/|R|  <HROTx> <HROTy> <HROTz>

   1    0.0   7/2-  -7/2  32   -3.27    2.31    2.31   12.01    3.35       2.91    2.91    0.00   -1.39      0.355   0.355   0.000
   2   69.0   9/2-   9/2  33    3.74    2.54    2.54   19.43    4.28       3.34    3.34   -0.00   -1.24      0.407   0.407  -0.000
   3  666.1   3/2-  -3/2  30   -1.18    4.73    4.73    1.93    1.31       5.03    5.03   -0.00   -2.79      0.613   0.613  -0.000
   4  788.2   1/2-   1/2  29    0.50    4.73    4.73    0.25    0.19       5.06    5.06    0.00   -3.00      0.617   0.617   0.000
   5  902.0   3/2-   1/2  29   -0.31    3.57    3.57    1.06    1.04       3.97    3.97    0.00   -2.20      0.483   0.483   0.000
  
   6  957.1   9/2-  -7/2  32   -2.63    2.41    2.41   12.23    2.90       6.50    6.50    0.00   -0.73      0.792   0.792   0.000
   7  965.0   5/2-  -3/2  30   -0.42    4.16    4.16    2.56    1.73       4.70    4.70   -0.00   -1.88      0.573   0.573  -0.000
   8  977.2  11/2-   1/2  28   -0.02   24.37   24.37    2.98    6.45       5.20    5.20   -0.00   -4.09      0.633   0.633  -0.000
   9 1156.9  11/2-   9/2  33    3.07    2.75    2.75   18.63    3.76       7.49    7.49    0.00   -0.44      0.913   0.913   0.000
  10 1510.0   3/2-  -3/2  36   -0.99    2.72    2.72    1.74    0.45       4.60    4.60    0.00   -2.08      0.560   0.560   0.000
  
  11 1538.6   5/2-  -3/2  36   -0.85    3.00    3.00    1.63    0.80       5.83    5.83    0.00   -1.54      0.710   0.710   0.000
  12 1568.2   7/2-  -3/2  30   -0.14    3.96    3.96    2.69    1.62       6.78    6.78    0.00   -1.14      0.826   0.826   0.000
  13 1719.7   7/2-   1/2  28   -0.01   24.02   24.02    1.96    6.16       8.44    8.44   -0.00   -6.22      1.029   1.029  -0.000
  14 1771.0   5/2-   5/2  38    1.67    2.45    2.45    4.51    1.53       4.55    4.55    0.00   -1.62      0.554   0.554   0.000
  15 2001.1   1/2-   1/2  39    0.50    1.57    1.57    0.25    0.70       1.46    1.46    0.00   -1.62      0.178   0.178   0.000
  
  16 2110.8   7/2-   1/2  29   -0.43    3.31    3.31    1.64    0.89       8.49    8.49   -0.00   -1.15      1.035   1.035  -0.000
  17 2145.4  11/2-  -7/2  32   -2.05    2.50    2.50   12.46    2.60      11.07   11.07    0.00   -0.41      1.349   1.349   0.000
  18 2336.9   9/2-  -3/2  30   -0.15    3.87    3.87    2.67    1.61       9.56    9.56    0.00   -0.55      1.166   1.166   0.000
  19 2441.4   5/2-  -3/2  36   -0.27    3.23    3.23    2.24   -0.02       8.80    8.80    0.00   -2.09      1.073   1.073   0.000
  20 2463.6  13/2-   9/2  33    2.50    2.95    2.95   17.90    3.40      12.55   12.55   -0.00   -0.02      1.531   1.531  -0.000
  
  21 2557.1  13/2-   5/2  34    0.01   24.09   24.09    8.36    6.04      10.45   10.45    0.00   -3.14      1.275   1.275   0.000
  22 2600.1   9/2-   5/2  34    0.01   24.33   24.33    7.09    5.79      11.44   11.44    0.00   -5.63      1.395   1.395   0.000
  23 2603.7   7/2-  -7/2  27   -0.80    4.16    4.16    7.28    1.90       8.13    8.13   -0.00   -2.00      0.991   0.991  -0.000
  24 2720.6   3/2-   1/2  39    0.48    1.76    1.76    0.27   -0.49       4.73    4.73    0.00   -1.54      0.576   0.576   0.000
  25 2906.6   5/2-   1/2  39    0.44    1.78    1.78    0.40    0.12       6.00    6.00   -0.00   -1.04      0.732   0.732  -0.000
  
  26 3122.6   3/2-   1/2  28    0.27   16.48   16.48    0.48    3.43      11.96   11.96    0.00   -5.48      1.458   1.458   0.000
  27 3358.6   9/2-  -3/2  36   -0.99    2.83    2.83    1.94    0.64      13.01   13.01   -0.00   -0.87      1.587   1.587  -0.000
  28 3469.9  11/2-  -3/2  30   -0.03    3.79    3.79    2.74    1.48      14.20   14.20    0.00   -0.28      1.731   1.731   0.000
  29 3567.7  13/2-  -7/2  32   -1.57    2.58    2.58   12.64    2.38      16.63   16.63    0.00   -0.20      2.028   2.028   0.000
  30 3941.7  11/2-  -7/2  35   -0.02   23.14   23.14    9.56    5.30      14.13   14.13    0.00   -4.55      1.723   1.723   0.000
  
  31 4161.0   1/2-   1/2  37    0.50   12.38   12.38    0.25   -1.52      14.19   14.19   -0.00   -4.94      1.730   1.730  -0.000
  32 4686.9  13/2-  -3/2  30   -0.09    3.77    3.77    2.65    1.51      18.92   18.92   -0.00    0.06      2.307   2.307  -0.000
  33 6157.4  13/2-  -3/2  36   -1.08    2.62    2.62    2.07    0.56      24.10   24.10   -0.00   -0.49      2.938   2.938  -0.000
  34 6966.1   1/2-   1/2  28    0.50   24.69   24.69    0.25   -3.56      28.27   28.27    0.00   -7.01      3.446   3.446   0.000
  35*******   1/2-  -3/2  31    0.00    0.00    0.00    0.00    0.00       0.00    0.00    0.00   -0.00      0.000   0.000   0.000
  
