1SPECTRUM OF (Z= 82 A=207) IN PARTICLE-ROTOR  MODEL WITH MODIFIED OSCILLATOR POTENTIAL


 PARITY=-   EPS= 0.470   GAMMA=  0.0   EPS4=0.000   EPS6=0.000   LEVELS:  25  26  27  28  29  30  31  32  33  34  35  36  37  38  39

 PAIRING FACTORS: GN0= 19.20  GN1=  7.40  IPAIR= 15 ***  E2PLUS(INPUT)=   0.730  E2PLUR(INPUT)=   0.000

 CORIOLIS ATTENUATION PARAMETERS:  CHSI=1.000  ETA=  1.00

 MOMENT OF INERTIA PARAMETERS:   A1=  0.122 MEV   A2=  0.122 MEV   A3=121.91924 MEV


 DELTA=0.848 MEV  LAMBDA=53.4573 MEV   HW0= 7.6234 MEV   LAMBDA/HW0= 7.0122

 E2ENERGY=0.730 MEV  HBAR**2/B=40959./A**(7/3)=6924.0/A**2 MEV

 IREC=0  =>  RECOIL TERMS j+j-, j+j+, jzjz, ETC TREATED AS ONE-BODY OPERATORS WITH UU+VV PAIRING FACTORS



 S. P. LEVEL   EQP       U     V        (UU + VV)**1.00

     25       4.151    0.103 0.995      1.000 1.000 0.997 0.993 0.979 0.970 0.919 0.693 0.615 0.353 0.298 0.294 0.257 0.255 0.199
     26       3.255    0.131 0.991      1.000 1.000 0.999 0.996 0.985 0.976 0.930 0.714 0.638 0.380 0.325 0.321 0.285 0.282 0.227
     27       2.364    0.182 0.983      0.997 0.999 1.000 0.999 0.992 0.986 0.947 0.749 0.677 0.427 0.373 0.370 0.334 0.332 0.277
     28       1.986    0.219 0.976      0.993 0.996 0.999 1.000 0.996 0.992 0.959 0.773 0.704 0.460 0.407 0.404 0.369 0.366 0.313
     29       1.469    0.303 0.953      0.979 0.985 0.992 0.996 1.000 0.999 0.980 0.825 0.763 0.536 0.485 0.482 0.448 0.446 0.394
     30       1.317    0.342 0.940      0.970 0.976 0.986 0.992 0.999 1.000 0.987 0.848 0.789 0.571 0.522 0.518 0.485 0.483 0.432
     31       0.996    0.487 0.873      0.919 0.930 0.947 0.959 0.980 0.987 1.000 0.922 0.877 0.694 0.651 0.648 0.618 0.616 0.570
     32       0.874    0.788 0.615      0.693 0.714 0.749 0.773 0.825 0.848 0.922 1.000 0.995 0.919 0.894 0.893 0.875 0.874 0.844
     33       0.942    0.847 0.531      0.615 0.638 0.677 0.704 0.763 0.789 0.877 0.995 1.000 0.955 0.936 0.934 0.920 0.919 0.895
     34       1.718    0.967 0.255      0.353 0.380 0.427 0.460 0.536 0.571 0.694 0.919 0.955 1.000 0.998 0.998 0.995 0.995 0.987
     35       2.184    0.980 0.198      0.298 0.325 0.373 0.407 0.485 0.522 0.651 0.894 0.936 0.998 1.000 1.000 0.999 0.999 0.995
     36       2.224    0.981 0.194      0.294 0.321 0.370 0.404 0.482 0.518 0.648 0.893 0.934 0.998 1.000 1.000 0.999 0.999 0.995
     37       2.744    0.988 0.156      0.257 0.285 0.334 0.369 0.448 0.485 0.618 0.875 0.920 0.995 0.999 0.999 1.000 1.000 0.998
     38       2.785    0.988 0.154      0.255 0.282 0.332 0.366 0.446 0.483 0.616 0.874 0.919 0.995 0.999 0.999 1.000 1.000 0.998
     39       4.368    0.995 0.097      0.199 0.227 0.277 0.313 0.394 0.432 0.570 0.844 0.895 0.987 0.995 0.995 0.998 0.998 1.000

  R CORE   ENERGY   A0R/A00=1.000    R3= 0     2  
   2( 1)    0.732                    1.000 0.000
   2( 2)  487.921                    0.000 1.000

  R CORE   ENERGY   A0R/A00=1.000    R3= 0     2  
   3( 1)  488.652                    0.000 1.000

  R CORE   ENERGY   A0R/A00=1.000    R3= 0     2     4  
   4( 1)    2.438                    1.000 0.000 0.000

  R CORE   ENERGY   A0R/A00=1.000    R3= 0     2     4  
   5( 1)  490.847                    0.000 1.000 0.000

  R CORE   ENERGY   A0R/A00=1.000    R3= 0     2     4     6  
   6( 1)    5.121                    1.000 0.000 0.000 0.000

  R CORE   ENERGY   A0R/A00=1.000    R3= 0     2     4     6  
   7( 1)  494.017                    0.000 1.000 0.000 0.000

          AXIAL SYMMETRY => K RESTRICTED TO OMEGA

                     K
     S.P. ORB#: 25  0.50
     S.P. ORB#: 26 -1.50
     S.P. ORB#: 27 -5.50
     S.P. ORB#: 28  2.50
     S.P. ORB#: 29 -3.50
     S.P. ORB#: 30  2.50
     S.P. ORB#: 31  0.50
     S.P. ORB#: 32  0.50
     S.P. ORB#: 33 -1.50
     S.P. ORB#: 34 -3.50
     S.P. ORB#: 35  0.50
     S.P. ORB#: 36 -3.50
     S.P. ORB#: 37 -1.50
     S.P. ORB#: 38  4.50
     S.P. ORB#: 39  4.50
 

             ENERGY    K= OMEGA
 
 I=  1/2- (1)  2.246  32: 0.999
 
 I=  1/2- (2)  4.212  31:-0.928
                      35: 0.371
 
 I=  1/2- (3)  5.939  25: 0.999
 
 I=  1/2- (4)  6.455  31: 0.371
                      35: 0.928
 
 I=  1/2- (5)147.245  33: 1.000

             ENERGY    K= OMEGA
 
 I=  3/2- (1)  2.273  32: 0.643
                      33:-0.766
 
 I=  3/2- (2)  2.489  25:-0.154
                      32:-0.756
                      33:-0.637
 
 I=  3/2- (3)  4.278  26:-0.082
                      31:-0.968
                      35:-0.121
                      37:-0.203
 
 I=  3/2- (4)  6.686  25: 0.988
                      32:-0.123
                      33:-0.092
 
 I=  3/2- (5)  6.687  26:-0.120
                      31: 0.063
                      35:-0.941
                      37: 0.309

             ENERGY    K= OMEGA
 
 I=  5/2- (1)  2.688  25: 0.207
                      28:-0.065
                      32:-0.520
                      33:-0.826
 
 I=  5/2- (2)  3.448  25: 0.058
                      28: 0.134
                      32:-0.835
                      33: 0.530
 
 I=  5/2- (3)  3.802  28:-0.989
                      32:-0.079
                      33: 0.125
 
 I=  5/2- (4)  4.513  26:-0.118
                      30: 0.098
                      31: 0.829
                      35:-0.477
                      37:-0.249
 
 I=  5/2- (5)  6.308  26: 0.486
                      30:-0.845
                      35:-0.217

             ENERGY    K= OMEGA
 
 I=  7/2- (1)  3.112  28:-0.227
                      29: 0.070
                      33: 0.056
                      36: 0.970
 
 I=  7/2- (2)  3.399  28:-0.184
                      29:-0.968
                      32:-0.102
                      33: 0.135
 
 I=  7/2- (3)  3.491  29: 0.168
                      32:-0.769
                      33: 0.612
                      36:-0.067
 
 I=  7/2- (4)  3.811  25:-0.273
                      28: 0.081
                      29:-0.057
                      32:-0.596
                      33:-0.746
                      36: 0.056
 
 I=  7/2- (5)  4.569  26: 0.272
                      30: 0.274
                      31: 0.834
                      34: 0.108
                      35: 0.250
                      37: 0.287

             ENERGY    K= OMEGA
 
 I=  9/2- (1)  3.569  28: 0.145
                      29:-0.442
                      36: 0.303
                      38: 0.831
 
 I=  9/2- (2)  4.130  25: 0.242
                      28:-0.230
                      29:-0.157
                      32:-0.405
                      33:-0.575
                      36:-0.576
                      38: 0.196
 
 I=  9/2- (3)  4.202  25: 0.220
                      28: 0.147
                      29: 0.212
                      32:-0.380
                      33:-0.495
                      36: 0.690
                      38:-0.139
 
 I=  9/2- (4)  4.724  28:-0.270
                      29: 0.822
                      32: 0.062
                      38: 0.494
 
 I=  9/2- (5)  5.135  26: 0.384
                      30:-0.543
                      31:-0.495
                      34: 0.407
                      35: 0.249
                      37: 0.211
                      39:-0.202

             ENERGY    K= OMEGA
 
 I= 11/2- (1)  3.702  27: 0.999
 
 I= 11/2- (2)  4.645  28: 0.188
                      29: 0.497
                      36:-0.341
                      38: 0.773
 
 I= 11/2- (3)  5.067  26:-0.407
                      30:-0.529
                      31:-0.500
                      34:-0.416
                      35:-0.183
                      37:-0.205
                      39:-0.236
 
 I= 11/2- (4)  5.445  28: 0.318
                      29:-0.289
                      32: 0.085
                      33:-0.157
                      36:-0.843
                      38:-0.270
 
 I= 11/2- (5)  5.672  25:-0.110
                      29:-0.071
                      32:-0.848
                      33: 0.489
                      36:-0.158

             ENERGY    K= OMEGA
 
 I= 13/2- (1)  5.283  27: 0.996
                      38:-0.080
 
 I= 13/2- (2)  5.743  26:-0.395
                      30: 0.585
                      31: 0.230
                      34:-0.552
                      35:-0.075
                      37:-0.121
                      39: 0.351
 
 I= 13/2- (3)  5.984  27:-0.087
                      28:-0.222
                      29: 0.519
                      33:-0.064
                      36:-0.362
                      38:-0.733
 
 I= 13/2- (4)  6.502  25: 0.407
                      28:-0.093
                      29:-0.064
                      32:-0.551
                      33:-0.708
                      36:-0.056
                      38: 0.112
 
 I= 13/2- (5)  6.986  25:-0.061
                      28:-0.329
                      29:-0.315
                      32: 0.096
                      33: 0.072
                      36:-0.836
                      38: 0.274

             ENERGY     K= 9/2
  35 LEVELS    TIME=  0.0 SEC



 ******************* EXCITATION ENERGIES, DOMINANT CONFIGURATION AND EXPECTATION VALUES (WITH S.P. UU+VV FACTORS) *******************

  NR  Eex(keV)  I   Kdom  NY    <Jz>  <Jx**2> <Jy**2> <Jz**2> <I.j>/|I|  <Rx**2> <Ry**2> <Rz**2> <R.j>/|R|  <HROTx> <HROTy> <HROTz>

   1    0.0   1/2-   1/2  32    0.50    5.22    5.22    0.25    0.14       5.60    5.60    0.00   -3.16      0.683   0.683   0.000
   2   27.9   3/2-  -3/2  33   -0.67    5.21    5.21    1.42    1.15       5.58    5.58   -0.00   -2.88      0.680   0.680  -0.000
   3  243.2   3/2-   1/2  32   -0.31    5.20    5.20    1.06    0.73       6.19    6.19   -0.00   -2.86      0.755   0.755  -0.000
   4  442.3   5/2-  -3/2  33   -0.86    5.37    5.37    1.64    1.32       6.66    6.66   -0.00   -2.32      0.811   0.811  -0.000
   5  866.5   7/2-  -7/2  36   -3.18    2.45    2.45   11.91    3.16       3.72    3.72    0.00   -1.56      0.454   0.454   0.000
  
   6 1153.2   7/2-  -7/2  29   -3.22    6.30    6.30   11.74    3.06       7.91    7.91    0.00   -3.07      0.964   0.964   0.000
   7 1202.7   5/2-   1/2  32   -0.03    5.25    5.25    0.92   -0.09      10.35   10.35   -0.00   -2.57      1.262   1.262  -0.000
   8 1245.0   7/2-   1/2  32   -0.38    5.22    5.22    1.39    0.83      10.50   10.50   -0.00   -1.86      1.280   1.280  -0.000
   9 1323.5   9/2-   9/2  38    2.15    3.27    3.27   17.64    4.00       4.56    4.56    0.00   -1.42      0.556   0.556   0.000
  10 1456.8  11/2- -11/2  27   -5.48    2.75    2.75   30.22    5.06       5.49    5.49    0.00   -1.65      0.669   0.669   0.000
  
  11 1556.9   5/2-   5/2  28    2.42    6.13    6.13    6.15    2.04       7.54    7.54    0.00   -3.19      0.920   0.920   0.000
  12 1565.7   7/2-  -3/2  33   -0.63    5.30    5.30    1.48    0.78      10.84   10.84   -0.00   -1.93      1.321   1.321  -0.000
  13 1884.9   9/2-  -7/2  36   -1.33    4.33    4.33    6.27    1.97      10.04   10.04    0.00   -1.14      1.224   1.224   0.000
  14 1956.4   9/2-  -7/2  36   -1.95    3.88    3.88    7.51    2.03       9.94    9.94    0.00   -1.17      1.212   1.212   0.000
  15 1966.2   1/2-   1/2  31    0.50   12.81   12.81    0.25    0.92      12.52   12.52    0.00   -5.01      1.526   1.526   0.000
  
  16 2032.4   3/2-   1/2  31    0.40   14.33   14.33    0.35    1.73      13.03   13.03    0.00   -5.03      1.589   1.589   0.000
  17 2267.9   5/2-   1/2  31    0.37   13.38   13.38    0.46    1.78      12.73   12.73    0.00   -4.35      1.552   1.552   0.000
  18 2323.6   7/2-   1/2  31    0.29   16.52   16.52    1.15    3.03      12.94   12.94    0.00   -4.36      1.578   1.578   0.000
  19 2399.6  11/2-   9/2  38    1.49    3.56    3.56   16.85    3.43       9.36    9.36   -0.00   -0.80      1.141   1.141  -0.000
  20 2478.7   9/2-  -7/2  29   -1.09    5.35    5.35   13.70    2.55      11.88   11.88    0.00   -2.40      1.448   1.448   0.000
  
  21 2821.6  11/2-   5/2  30    0.18   20.49   20.49    5.54    4.70      13.04   13.04   -0.00   -3.61      1.590   1.590  -0.000
  22 2889.8   9/2-   5/2  30    0.20   19.65   19.65    5.21    4.24      13.55   13.55   -0.00   -4.50      1.652   1.652  -0.000
  23 3037.6  13/2- -11/2  27   -5.43    2.75    2.75   30.15    4.33      11.97   11.97    0.00   -1.11      1.459   1.459   0.000
  24 3199.6  11/2-  -7/2  36   -2.23    2.95    2.95   11.89    2.21      13.57   13.57    0.00   -0.88      1.654   1.654   0.000
  25 3426.7  11/2-   1/2  32   -0.10    5.11    5.11    1.09    0.71      19.30   19.30   -0.00   -1.14      2.353   2.353  -0.000
  
  26 3497.7  13/2-   5/2  30    0.12   21.96   21.96    8.76    5.14      14.83   14.83    0.00   -3.09      1.809   1.809   0.000
  27 3693.6   1/2-   1/2  25    0.50    7.42    7.42    0.25    0.65       7.36    7.36    0.00   -3.79      0.898   0.898   0.000
  28 3738.4  13/2-   9/2  38    1.09    3.72    3.72   16.32    3.03      15.08   15.08    0.00   -0.47      1.839   1.839   0.000
  29 4062.2   5/2-   5/2  30    1.45   22.50   22.50    5.01    3.71      18.41   18.41    0.00   -6.43      2.245   2.245   0.000
  30 4209.1   1/2-   1/2  35    0.50   17.06   17.06    0.25   -0.72      18.19   18.19    0.00   -5.80      2.217   2.217   0.000
  
  31 4256.6  13/2-  -3/2  33   -0.47    5.66    5.66    1.65    1.48      20.55   20.55   -0.00   -0.41      2.506   2.506  -0.000
  32 4440.1   3/2-   1/2  25    0.48    7.46    7.46    0.27   -0.64      10.71   10.71    0.00   -3.55      1.306   1.306   0.000
  33 4442.0   3/2-   1/2  35    0.28   15.96   15.96    0.47   -0.07      18.21   18.21    0.00   -5.39      2.220   2.220   0.000
  34 4740.4  13/2-  -7/2  36   -2.19    3.00    3.00   12.00    1.94      19.82   19.82    0.00   -0.71      2.416   2.416   0.000
  35*******   1/2-  -3/2  33    0.00    0.00    0.00    0.00   -0.00       0.00    0.00    0.00   -0.00      0.000   0.000   0.000
  
