1SPECTRUM OF (Z= 82 A=207) IN PARTICLE-ROTOR  MODEL WITH MODIFIED OSCILLATOR POTENTIAL


 PARITY=-   EPS= 0.464   GAMMA=  0.0   EPS4=0.000   EPS6=0.000   LEVELS:  25  26  27  28  29  30  31  32  33  34  35  36  37  38  39

 PAIRING FACTORS: GN0= 19.20  GN1=  7.40  IPAIR= 15 ***  E2PLUS(INPUT)=   0.730  E2PLUR(INPUT)=   0.000

 CORIOLIS ATTENUATION PARAMETERS:  CHSI=1.000  ETA=  1.00

 MOMENT OF INERTIA PARAMETERS:   A1=  0.122 MEV   A2=  0.122 MEV   A3=121.91924 MEV


 DELTA=0.849 MEV  LAMBDA=53.4616 MEV   HW0= 7.6175 MEV   LAMBDA/HW0= 7.0183

 E2ENERGY=0.730 MEV  HBAR**2/B=39920./A**(7/3)=6748.4/A**2 MEV

 IREC=0  =>  RECOIL TERMS j+j-, j+j+, jzjz, ETC TREATED AS ONE-BODY OPERATORS WITH UU+VV PAIRING FACTORS



 S. P. LEVEL   EQP       U     V        (UU + VV)**1.00

     25       4.170    0.102 0.995      1.000 0.999 0.997 0.994 0.982 0.966 0.896 0.721 0.642 0.351 0.304 0.291 0.261 0.253 0.200
     26       3.160    0.136 0.991      0.999 1.000 0.999 0.997 0.988 0.974 0.910 0.744 0.667 0.382 0.336 0.322 0.293 0.286 0.232
     27       2.480    0.174 0.985      0.997 0.999 1.000 0.999 0.993 0.982 0.926 0.769 0.696 0.418 0.372 0.359 0.330 0.322 0.270
     28       2.053    0.212 0.977      0.994 0.997 0.999 1.000 0.997 0.989 0.939 0.793 0.723 0.452 0.408 0.395 0.366 0.359 0.307
     29       1.529    0.290 0.957      0.982 0.988 0.993 0.997 1.000 0.998 0.964 0.840 0.776 0.523 0.480 0.468 0.440 0.433 0.383
     30       1.274    0.356 0.934      0.966 0.974 0.982 0.989 0.998 1.000 0.980 0.876 0.819 0.582 0.541 0.528 0.502 0.495 0.447
     31       0.940    0.534 0.846      0.896 0.910 0.926 0.939 0.964 0.980 1.000 0.954 0.916 0.731 0.696 0.685 0.663 0.657 0.614
     32       0.861    0.763 0.646      0.721 0.744 0.769 0.793 0.840 0.876 0.954 1.000 0.994 0.902 0.880 0.873 0.857 0.853 0.823
     33       0.915    0.828 0.560      0.642 0.667 0.696 0.723 0.776 0.819 0.916 0.994 1.000 0.943 0.926 0.920 0.908 0.904 0.879
     34       1.731    0.967 0.253      0.351 0.382 0.418 0.452 0.523 0.582 0.731 0.902 0.943 1.000 0.999 0.998 0.996 0.995 0.988
     35       2.112    0.979 0.205      0.304 0.336 0.372 0.408 0.480 0.541 0.696 0.880 0.926 0.999 1.000 1.000 0.999 0.999 0.994
     36       2.261    0.982 0.191      0.291 0.322 0.359 0.395 0.468 0.528 0.685 0.873 0.920 0.998 1.000 1.000 1.000 0.999 0.996
     37       2.669    0.987 0.161      0.261 0.293 0.330 0.366 0.440 0.502 0.663 0.857 0.908 0.996 0.999 1.000 1.000 1.000 0.998
     38       2.806    0.988 0.153      0.253 0.286 0.322 0.359 0.433 0.495 0.657 0.853 0.904 0.995 0.999 0.999 1.000 1.000 0.998
     39       4.339    0.995 0.098      0.200 0.232 0.270 0.307 0.383 0.447 0.614 0.823 0.879 0.988 0.994 0.996 0.998 0.998 1.000

  R CORE   ENERGY   A0R/A00=1.000    R3= 0     2  
   2( 1)    0.732                    1.000 0.000
   2( 2)  487.921                    0.000 1.000

  R CORE   ENERGY   A0R/A00=1.000    R3= 0     2  
   3( 1)  488.652                    0.000 1.000

  R CORE   ENERGY   A0R/A00=1.000    R3= 0     2     4  
   4( 1)    2.438                    1.000 0.000 0.000

  R CORE   ENERGY   A0R/A00=1.000    R3= 0     2     4  
   5( 1)  490.847                    0.000 1.000 0.000

  R CORE   ENERGY   A0R/A00=1.000    R3= 0     2     4     6  
   6( 1)    5.121                    1.000 0.000 0.000 0.000

  R CORE   ENERGY   A0R/A00=1.000    R3= 0     2     4     6  
   7( 1)  494.017                    0.000 1.000 0.000 0.000

          AXIAL SYMMETRY => K RESTRICTED TO OMEGA

                     K
     S.P. ORB#: 25  0.50
     S.P. ORB#: 26 -1.50
     S.P. ORB#: 27 -5.50
     S.P. ORB#: 28  2.50
     S.P. ORB#: 29 -3.50
     S.P. ORB#: 30  2.50
     S.P. ORB#: 31  0.50
     S.P. ORB#: 32  0.50
     S.P. ORB#: 33 -1.50
     S.P. ORB#: 34 -3.50
     S.P. ORB#: 35 -3.50
     S.P. ORB#: 36  0.50
     S.P. ORB#: 37  4.50
     S.P. ORB#: 38 -1.50
     S.P. ORB#: 39  4.50
 

             ENERGY    K= OMEGA
 
 I=  1/2- (1)  2.227  32: 0.999
 
 I=  1/2- (2)  4.147  31: 0.930
                      36:-0.368
 
 I=  1/2- (3)  5.951  25: 0.999
 
 I=  1/2- (4)  6.527  31:-0.368
                      36:-0.930
 
 I=  1/2- (5)147.218  33: 1.000

             ENERGY    K= OMEGA
 
 I=  3/2- (1)  2.247  32: 0.618
                      33:-0.786
 
 I=  3/2- (2)  2.460  25:-0.159
                      32:-0.775
                      33:-0.611
 
 I=  3/2- (3)  4.195  26:-0.079
                      31:-0.968
                      36:-0.119
                      38:-0.206
 
 I=  3/2- (4)  6.707  25: 0.987
                      32:-0.128
                      33:-0.094
 
 I=  3/2- (5)  6.770  26: 0.141
                      31:-0.051
                      36: 0.925
                      38:-0.349

             ENERGY    K= OMEGA
 
 I=  5/2- (1)  2.647  25: 0.212
                      28:-0.060
                      32:-0.517
                      33:-0.827
 
 I=  5/2- (2)  3.427  25: 0.059
                      28: 0.109
                      32:-0.838
                      33: 0.531
 
 I=  5/2- (3)  3.865  28:-0.992
                      32:-0.061
                      33: 0.108
 
 I=  5/2- (4)  4.418  26:-0.113
                      30: 0.093
                      31: 0.829
                      36:-0.477
                      38:-0.253
 
 I=  5/2- (5)  6.273  26: 0.490
                      30:-0.846
                      36:-0.201

             ENERGY    K= OMEGA
 
 I=  7/2- (1)  3.007  28: 0.208
                      29:-0.056
                      35:-0.975
 
 I=  7/2- (2)  3.446  28: 0.167
                      29: 0.738
                      32: 0.475
                      33:-0.449
 
 I=  7/2- (3)  3.477  28: 0.077
                      29: 0.649
                      32:-0.603
                      33: 0.453
 
 I=  7/2- (4)  3.764  25:-0.280
                      28: 0.072
                      29:-0.070
                      32:-0.604
                      33:-0.738
 
 I=  7/2- (5)  4.457  26: 0.258
                      30: 0.257
                      31: 0.842
                      34: 0.100
                      36: 0.248
                      38: 0.296

             ENERGY    K= OMEGA
 
 I=  9/2- (1)  3.490  28:-0.134
                      29: 0.387
                      35:-0.324
                      37:-0.852
 
 I=  9/2- (2)  4.054  25: 0.195
                      28:-0.241
                      29:-0.173
                      32:-0.318
                      33:-0.458
                      35:-0.708
                      37: 0.248
 
 I=  9/2- (3)  4.124  25: 0.270
                      28: 0.090
                      29: 0.155
                      32:-0.454
                      33:-0.603
                      35: 0.556
                      37:-0.127
 
 I=  9/2- (4)  4.739  28:-0.263
                      29: 0.858
                      32: 0.057
                      37: 0.435
 
 I=  9/2- (5)  5.058  26: 0.373
                      30:-0.522
                      31:-0.527
                      34: 0.382
                      36: 0.277
                      38: 0.228
                      39:-0.188

             ENERGY    K= OMEGA
 
 I= 11/2- (1)  3.818  27: 0.998
                      37: 0.055
 
 I= 11/2- (2)  4.580  27:-0.058
                      28: 0.179
                      29: 0.453
                      35:-0.364
                      37: 0.791
 
 I= 11/2- (3)  4.977  26:-0.401
                      30:-0.516
                      31:-0.528
                      34:-0.398
                      36:-0.191
                      38:-0.221
                      39:-0.224
 
 I= 11/2- (4)  5.364  28: 0.298
                      29:-0.274
                      32: 0.057
                      33:-0.132
                      35:-0.850
                      37:-0.306
 
 I= 11/2- (5)  5.646  25:-0.117
                      29:-0.058
                      32:-0.856
                      33: 0.483
                      35:-0.123

             ENERGY    K= OMEGA
 
 I= 13/2- (1)  5.398  27:-0.993
                      37: 0.104
 
 I= 13/2- (2)  5.678  26:-0.396
                      30: 0.586
                      31: 0.239
                      34:-0.547
                      36:-0.085
                      38:-0.128
                      39: 0.346
 
 I= 13/2- (3)  5.928  27:-0.117
                      28:-0.214
                      29: 0.480
                      33:-0.066
                      35:-0.383
                      37:-0.746
 
 I= 13/2- (4)  6.415  25:-0.414
                      28: 0.085
                      29: 0.059
                      32: 0.551
                      33: 0.706
                      37:-0.115
 
 I= 13/2- (5)  6.908  25:-0.057
                      28:-0.310
                      29:-0.304
                      32: 0.089
                      33: 0.067
                      35:-0.837
                      37: 0.308

             ENERGY     K= 9/2
  35 LEVELS    TIME=  0.0 SEC



 ******************* EXCITATION ENERGIES, DOMINANT CONFIGURATION AND EXPECTATION VALUES (WITH S.P. UU+VV FACTORS) *******************

  NR  Eex(keV)  I   Kdom  NY    <Jz>  <Jx**2> <Jy**2> <Jz**2> <I.j>/|I|  <Rx**2> <Ry**2> <Rz**2> <R.j>/|R|  <HROTx> <HROTy> <HROTz>

   1    0.0   1/2-   1/2  32    0.50    5.21    5.21    0.25    0.15       5.58    5.58    0.00   -3.15      0.680   0.680   0.000
   2   20.0   3/2-  -3/2  33   -0.74    5.19    5.19    1.49    1.17       5.55    5.55   -0.00   -2.88      0.677   0.677  -0.000
   3  232.7   3/2-   1/2  32   -0.25    5.18    5.18    1.00    0.73       6.13    6.13   -0.00   -2.84      0.748   0.748  -0.000
   4  419.6   5/2-  -3/2  33   -0.86    5.36    5.36    1.64    1.35       6.55    6.55   -0.00   -2.31      0.798   0.798  -0.000
   5  780.0   7/2-  -7/2  35   -3.24    2.42    2.42   11.97    3.17       3.70    3.70    0.00   -1.55      0.451   0.451   0.000
  
   6 1200.0   5/2-   1/2  32   -0.04    5.23    5.23    0.89   -0.10      10.36   10.36   -0.00   -2.56      1.263   1.263  -0.000
   7 1219.2   7/2-  -7/2  29   -2.02    5.82    5.82    7.35    2.13       8.93    8.93    0.00   -2.50      1.088   1.088   0.000
   8 1249.7   7/2-  -7/2  29   -1.59    5.67    5.67    5.78    1.76       9.46    9.46    0.00   -2.33      1.154   1.154   0.000
   9 1262.9   9/2-   9/2  37    2.42    3.07    3.07   17.94    4.03       4.36    4.36    0.00   -1.36      0.531   0.531   0.000
  10 1536.8   7/2-  -3/2  33   -0.61    5.28    5.28    1.46    0.81      10.67   10.67   -0.00   -1.91      1.301   1.301  -0.000
  
  11 1591.2  11/2- -11/2  27   -5.47    2.75    2.75   30.21    5.06       5.49    5.49    0.00   -1.65      0.669   0.669   0.000
  12 1638.3   5/2-   5/2  28    2.45    6.13    6.13    6.18    2.06       7.51    7.51    0.00   -3.19      0.915   0.915   0.000
  13 1826.6   9/2-  -7/2  35   -1.68    3.68    3.68    8.62    2.26       9.14    9.14    0.00   -1.11      1.114   1.114   0.000
  14 1897.4   9/2-  -3/2  33   -1.48    4.45    4.45    5.34    1.81      10.50   10.50    0.00   -1.15      1.281   1.281   0.000
  15 1920.4   1/2-   1/2  31    0.50   12.74   12.74    0.25    0.94      12.42   12.42    0.00   -5.00      1.514   1.514   0.000
  
  16 1968.0   3/2-   1/2  31    0.40   14.33   14.33    0.35    1.80      12.89   12.89    0.00   -5.03      1.572   1.572   0.000
  17 2190.9   5/2-   1/2  31    0.36   13.27   13.27    0.46    1.85      12.41   12.41    0.00   -4.32      1.513   1.513   0.000
  18 2230.0   7/2-   1/2  31    0.28   16.41   16.41    1.07    3.06      12.69   12.69    0.00   -4.32      1.547   1.547   0.000
  19 2353.0  11/2-   9/2  37    1.70    3.37    3.37   17.12    3.45       9.19    9.19    0.00   -0.76      1.120   1.120   0.000
  20 2512.0   9/2-  -7/2  29   -1.55    5.56    5.56   13.30    2.50      12.13   12.13    0.00   -2.43      1.479   1.479   0.000
  
  21 2749.7  11/2-   1/2  31    0.18   20.30   20.30    5.17    4.65      12.94   12.94    0.00   -3.53      1.578   1.578   0.000
  22 2830.6   9/2-   1/2  31    0.22   19.17   19.17    4.73    4.11      13.47   13.47    0.00   -4.36      1.642   1.642   0.000
  23 3136.8  11/2-  -7/2  35   -2.17    2.84    2.84   12.25    2.24      13.42   13.42    0.00   -0.87      1.636   1.636   0.000
  24 3170.6  13/2- -11/2  27   -5.38    2.75    2.75   30.08    4.33      11.97   11.97    0.00   -1.10      1.459   1.459   0.000
  25 3418.6  11/2-   1/2  32   -0.04    5.12    5.12    0.94    0.70      19.30   19.30   -0.00   -1.13      2.352   2.352  -0.000
  
  26 3450.8  13/2-   5/2  30    0.12   21.97   21.97    8.64    5.15      14.73   14.73    0.00   -3.07      1.796   1.796   0.000
  27 3701.1  13/2-   9/2  37    1.21    3.56    3.56   16.60    3.05      14.94   14.94    0.00   -0.44      1.822   1.822   0.000
  28 3724.2   1/2-   1/2  25    0.50    7.39    7.39    0.25    0.64       7.33    7.33   -0.00   -3.78      0.894   0.894  -0.000
  29 4046.2   5/2-   5/2  30    1.45   22.61   22.61    5.03    3.73      18.47   18.47    0.00   -6.45      2.252   2.252   0.000
  30 4187.4  13/2-  -3/2  33   -0.45    5.66    5.66    1.63    1.53      20.19   20.19   -0.00   -0.36      2.461   2.461  -0.000
  
  31 4299.5   1/2-   1/2  36    0.50   17.08   17.08    0.25   -0.74      18.23   18.23   -0.00   -5.81      2.222   2.222  -0.000
  32 4479.7   3/2-   1/2  25    0.48    7.43    7.43    0.27   -0.67      10.74   10.74   -0.00   -3.55      1.310   1.310  -0.000
  33 4542.9   3/2-   1/2  36    0.22   15.95   15.95    0.53   -0.03      18.16   18.16   -0.00   -5.39      2.214   2.214  -0.000
  34 4681.0  13/2-  -7/2  35   -2.11    2.92    2.92   12.26    1.96      19.73   19.73    0.00   -0.70      2.406   2.406   0.000
  35*******   1/2-  -3/2  33    0.00    0.00    0.00    0.00   -0.00       0.00    0.00   -0.00   -0.00      0.000   0.000  -0.000
  
