1SPECTRUM OF (Z= 82 A=207) IN PARTICLE-ROTOR  MODEL WITH MODIFIED OSCILLATOR POTENTIAL


 PARITY=-   EPS= 0.374   GAMMA=  0.0   EPS4=0.000   EPS6=0.000   LEVELS:  24  25  26  27  28  29  30  31  32  33  34  35  36  37  38

 PAIRING FACTORS: GN0= 19.20  GN1=  7.40  IPAIR= 15 ***  E2PLUS(INPUT)=   0.730  E2PLUR(INPUT)=   0.000

 CORIOLIS ATTENUATION PARAMETERS:  CHSI=1.000  ETA=  1.00

 MOMENT OF INERTIA PARAMETERS:   A1=  0.122 MEV   A2=  0.122 MEV   A3=121.91924 MEV


 DELTA=0.869 MEV  LAMBDA=53.4382 MEV   HW0= 7.5400 MEV   LAMBDA/HW0= 7.0873

 E2ENERGY=0.730 MEV  HBAR**2/B=25936./A**(7/3)=4384.4/A**2 MEV

 IREC=0  =>  RECOIL TERMS j+j-, j+j+, jzjz, ETC TREATED AS ONE-BODY OPERATORS WITH UU+VV PAIRING FACTORS



 S. P. LEVEL   EQP       U     V        (UU + VV)**1.00

     24       4.281    0.102 0.995      1.000 1.000 0.999 0.998 0.996 0.986 0.943 0.915 0.764 0.665 0.471 0.361 0.314 0.244 0.232
     25       4.095    0.107 0.994      1.000 1.000 0.999 0.998 0.997 0.987 0.945 0.917 0.767 0.668 0.475 0.365 0.319 0.249 0.236
     26       2.904    0.151 0.988      0.999 0.999 1.000 1.000 0.999 0.993 0.958 0.934 0.795 0.701 0.514 0.407 0.361 0.292 0.280
     27       2.632    0.168 0.986      0.998 0.998 1.000 1.000 1.000 0.995 0.963 0.940 0.804 0.713 0.528 0.422 0.376 0.308 0.295
     28       2.344    0.189 0.982      0.996 0.997 0.999 1.000 1.000 0.997 0.968 0.947 0.817 0.728 0.547 0.441 0.396 0.328 0.316
     29       1.707    0.264 0.965      0.986 0.987 0.993 0.995 0.997 1.000 0.985 0.969 0.859 0.778 0.610 0.509 0.466 0.400 0.388
     30       1.125    0.427 0.904      0.943 0.945 0.958 0.963 0.968 0.985 1.000 0.997 0.935 0.876 0.738 0.651 0.612 0.553 0.542
     31       1.011    0.495 0.869      0.915 0.917 0.934 0.940 0.947 0.969 0.997 1.000 0.959 0.910 0.787 0.706 0.670 0.615 0.604
     32       0.870    0.720 0.694      0.764 0.767 0.795 0.804 0.817 0.859 0.935 0.959 1.000 0.990 0.929 0.878 0.853 0.813 0.805
     33       0.916    0.811 0.585      0.665 0.668 0.701 0.713 0.728 0.778 0.876 0.910 0.990 1.000 0.972 0.937 0.918 0.887 0.881
     34       1.240    0.926 0.379      0.471 0.475 0.514 0.528 0.547 0.610 0.738 0.787 0.929 0.972 1.000 0.993 0.985 0.970 0.967
     35       1.709    0.965 0.264      0.361 0.365 0.407 0.422 0.441 0.509 0.651 0.706 0.878 0.937 0.993 1.000 0.999 0.993 0.991
     36       2.066    0.976 0.216      0.314 0.319 0.361 0.376 0.396 0.466 0.612 0.670 0.853 0.918 0.985 0.999 1.000 0.997 0.996
     37       3.055    0.990 0.144      0.244 0.249 0.292 0.308 0.328 0.400 0.553 0.615 0.813 0.887 0.970 0.993 0.997 1.000 1.000
     38       3.341    0.991 0.131      0.232 0.236 0.280 0.295 0.316 0.388 0.542 0.604 0.805 0.881 0.967 0.991 0.996 1.000 1.000

  R CORE   ENERGY   A0R/A00=1.000    R3= 0     2  
   2( 1)    0.732                    1.000 0.000
   2( 2)  487.921                    0.000 1.000

  R CORE   ENERGY   A0R/A00=1.000    R3= 0     2  
   3( 1)  488.652                    0.000 1.000

  R CORE   ENERGY   A0R/A00=1.000    R3= 0     2     4  
   4( 1)    2.438                    1.000 0.000 0.000

  R CORE   ENERGY   A0R/A00=1.000    R3= 0     2     4  
   5( 1)  490.847                    0.000 1.000 0.000

  R CORE   ENERGY   A0R/A00=1.000    R3= 0     2     4     6  
   6( 1)    5.121                    1.000 0.000 0.000 0.000

  R CORE   ENERGY   A0R/A00=1.000    R3= 0     2     4     6  
   7( 1)  494.017                    0.000 1.000 0.000 0.000

          AXIAL SYMMETRY => K RESTRICTED TO OMEGA

                     K
     S.P. ORB#: 24  0.50
     S.P. ORB#: 25 -5.50
     S.P. ORB#: 26  2.50
     S.P. ORB#: 27  0.50
     S.P. ORB#: 28 -3.50
     S.P. ORB#: 29 -1.50
     S.P. ORB#: 30  0.50
     S.P. ORB#: 31 -1.50
     S.P. ORB#: 32  2.50
     S.P. ORB#: 33 -3.50
     S.P. ORB#: 34  4.50
     S.P. ORB#: 35  0.50
     S.P. ORB#: 36 -3.50
     S.P. ORB#: 37 -1.50
     S.P. ORB#: 38  2.50
 

             ENERGY    K= OMEGA
 
 I=  1/2- (1)  2.406  30: 0.999
 
 I=  1/2- (2)  5.088  27:-0.265
                      35: 0.964
 
 I=  1/2- (3)  5.929  24: 0.999
 
 I=  1/2- (4)  9.037  27:-0.964
                      35:-0.265
 
 I=  1/2- (5)147.314  31:-1.000

             ENERGY    K= OMEGA
 
 I=  3/2- (1)  2.295  24:-0.070
                      30: 0.292
                      31:-0.954
 
 I=  3/2- (2)  2.488  24:-0.200
                      30:-0.916
                      31:-0.266
                      37:-0.223

             ENERGY    K= OMEGA
 
 I=  5/2- (1)  2.468  24:-0.257
                      30: 0.465
                      31: 0.816
                      37:-0.089
                      38:-0.207
 
 I=  5/2- (2)  3.365  24:-0.057
                      26:-0.060
                      30: 0.780
                      31:-0.466
                      37:-0.384
                      38: 0.142
 
 I=  5/2- (3)  4.036  24:-0.095
                      26: 0.096
                      30: 0.167
                      31: 0.137
                      37: 0.483
                      38: 0.838
 
 I=  5/2- (4)  4.589  26:-0.451
                      30:-0.302
                      31: 0.236
                      37:-0.663
                      38: 0.457
 
 I=  5/2- (5)  4.727  26: 0.885
                      30:-0.132
                      37:-0.413
                      38: 0.159

             ENERGY    K= OMEGA
 
 I=  7/2- (1)  1.775  26: 0.165
                      33:-0.985
 
 I=  7/2- (2)  3.308  24:-0.141
                      30: 0.272
                      31:-0.881
                      37: 0.098
                      38:-0.343
 
 I=  7/2- (3)  3.470  24:-0.304
                      30:-0.865
                      31:-0.240
                      37:-0.315
 
 I=  7/2- (4)  3.936  27: 0.641
                      29: 0.587
                      32: 0.451
                      36: 0.200
 
 I=  7/2- (5)  4.226  26: 0.197
                      28: 0.969
                      31:-0.054
                      38: 0.117

             ENERGY    K= OMEGA
 
 I=  9/2- (1)  2.165  26:-0.086
                      28: 0.164
                      33:-0.335
                      34:-0.924
 
 I=  9/2- (2)  2.815  26: 0.221
                      28: 0.097
                      31: 0.060
                      33: 0.907
                      34:-0.333
                      38:-0.055
 
 I=  9/2- (3)  3.560  24:-0.370
                      30: 0.501
                      31: 0.720
                      33:-0.078
                      37:-0.152
                      38:-0.254
 
 I=  9/2- (4)  4.703  27: 0.209
                      29:-0.550
                      32: 0.687
                      36:-0.427
 
 I=  9/2- (5)  5.239  26: 0.108
                      30:-0.673
                      31: 0.502
                      33:-0.056
                      37: 0.468
                      38:-0.237

             ENERGY    K= OMEGA
 
 I= 11/2- (1)  3.294  26:-0.138
                      28:-0.223
                      33: 0.428
                      34:-0.864
 
 I= 11/2- (2)  3.343  27:-0.631
                      29:-0.584
                      32:-0.451
                      35:-0.072
                      36:-0.229
 
 I= 11/2- (3)  4.083  26:-0.259
                      28: 0.145
                      31: 0.077
                      33: 0.848
                      34: 0.426
                      38: 0.073
 
 I= 11/2- (4)  5.229  24:-0.285
                      31:-0.862
                      33: 0.109
                      38:-0.399
 
 I= 11/2- (5)  5.341  24:-0.293
                      30:-0.869
                      37:-0.377
                      38: 0.116

             ENERGY    K= OMEGA
 
 I= 13/2- (1)  4.651  26: 0.182
                      28:-0.262
                      33: 0.480
                      34: 0.815
 
 I= 13/2- (2)  5.215  27:-0.214
                      29: 0.554
                      32:-0.677
                      36: 0.434
 
 I= 13/2- (3)  5.457  24:-0.361
                      26: 0.167
                      28: 0.120
                      30: 0.407
                      31: 0.571
                      33: 0.422
                      34:-0.285
                      37:-0.127
                      38:-0.245
 
 I= 13/2- (4)  5.654  24:-0.251
                      26:-0.230
                      28:-0.140
                      30: 0.304
                      31: 0.356
                      33:-0.687
                      34: 0.386
                      37:-0.117
                      38:-0.095
 
 I= 13/2- (5)  7.025  25:-0.999

             ENERGY     K= 5/2
  32 LEVELS    TIME=  0.0 SEC



 ******************* EXCITATION ENERGIES, DOMINANT CONFIGURATION AND EXPECTATION VALUES (WITH S.P. UU+VV FACTORS) *******************

  NR  Eex(keV)  I   Kdom  NY    <Jz>  <Jx**2> <Jy**2> <Jz**2> <I.j>/|I|  <Rx**2> <Ry**2> <Rz**2> <R.j>/|R|  <HROTx> <HROTy> <HROTz>

   1    0.0   7/2-  -7/2  33   -3.33    2.31    2.31   12.08    3.26       3.28    3.28    0.00   -1.46      0.400   0.400   0.000
   2  389.6   9/2-   9/2  34    3.37    2.50    2.50   19.03    4.15       3.76    3.76    0.00   -1.24      0.459   0.459   0.000
   3  519.8   3/2-  -3/2  31   -1.32    4.92    4.92    2.07    1.38       5.16    5.16    0.00   -2.88      0.629   0.629   0.000
   4  631.4   1/2-   1/2  30    0.50    4.94    4.94    0.25    0.25       5.23    5.23    0.00   -3.07      0.637   0.637   0.000
   5  693.0   5/2-  -3/2  31   -0.76    5.06    5.06    1.86    1.98       4.51    4.51    0.00   -2.04      0.549   0.549   0.000
  
   6  713.0   3/2-   1/2  30    0.26    4.56    4.56    0.49    1.02       4.71    4.71    0.00   -2.49      0.574   0.574   0.000
   7 1040.1   9/2-  -7/2  33   -2.29    2.38    2.38   12.78    2.81       7.15    7.15    0.00   -0.94      0.871   0.871   0.000
   8 1519.2  11/2-   9/2  34    2.59    2.68    2.68   18.12    3.56       8.30    8.30    0.00   -0.53      1.012   1.012   0.000
   9 1533.1   7/2-  -3/2  31   -0.84    4.65    4.65    2.56    1.49       7.90    7.90    0.00   -1.50      0.963   0.963   0.000
  10 1568.1  11/2-   1/2  27    0.02   23.38   23.38    2.78    6.16       5.82    5.82    0.00   -3.73      0.710   0.710   0.000
  
  11 1590.4   5/2-   1/2  30   -0.18    4.29    4.29    1.12    0.46       7.87    7.87    0.00   -2.10      0.960   0.960   0.000
  12 1694.8   7/2-   1/2  30    0.19    4.41    4.41    0.58    1.24       7.65    7.65    0.00   -1.14      0.932   0.932   0.000
  13 1785.2   9/2-  -3/2  31   -0.48    5.17    5.17    1.80    2.16       7.70    7.70    0.00   -0.36      0.939   0.939   0.000
  14 2161.4   7/2-   1/2  27    0.06   23.08   23.08    2.64    6.06       8.22    8.22    0.00   -6.10      1.003   1.003   0.000
  15 2260.6   5/2-   5/2  38    1.42    2.01    2.01    5.02    1.81       3.54    3.54    0.00   -1.38      0.431   0.431   0.000
  
  16 2308.4  11/2-  -7/2  33   -1.60    2.47    2.47   13.21    2.50      12.01   12.01    0.00   -0.65      1.464   1.464   0.000
  17 2451.1   7/2-  -7/2  28   -3.16    6.14    6.14   11.85    3.11       7.59    7.59    0.00   -3.02      0.926   0.926   0.000
  18 2813.9   5/2-  -3/2  37    0.33    3.26    3.26    3.72    0.72       7.36    7.36    0.00   -2.11      0.898   0.898   0.000
  19 2876.0  13/2-   9/2  34    2.02    2.84    2.84   17.37    3.17      13.74   13.74    0.00   -0.17      1.675   1.675   0.000
  20 2927.9   9/2-   5/2  32    0.11   23.93   23.93    5.87    5.18      13.47   13.47   -0.00   -5.39      1.642   1.642  -0.000
  
  21 2951.6   5/2-   5/2  26    1.77    5.22    5.22    5.45    1.64       7.47    7.47    0.00   -2.85      0.910   0.910   0.000
  22 3313.3   1/2-   1/2  35    0.50   12.22   12.22    0.25   -1.01      13.59   13.59   -0.00   -4.90      1.657   1.657  -0.000
  23 3440.1  13/2-   5/2  32    0.05   23.92   23.92    5.88    5.12      15.51   15.51    0.00   -3.23      1.891   1.891   0.000
  24 3454.4  11/2-  -3/2  31   -0.72    4.56    4.56    2.87    1.54      14.67   14.67    0.00   -0.51      1.788   1.788   0.000
  25 3463.8   9/2-   1/2  30   -0.33    3.91    3.91    1.67    0.50      14.62   14.62   -0.00   -1.29      1.782   1.782  -0.000
  
  26 3566.1  11/2-   1/2  30    0.24    4.31    4.31    0.64    1.27      14.92   14.92   -0.00   -0.31      1.819   1.819  -0.000
  27 3681.7  13/2-  -3/2  31   -0.46    4.45    4.45    5.41    2.31      15.40   15.40    0.00    0.33      1.877   1.877   0.000
  28 3879.1  13/2-  -7/2  33   -1.03    3.40    3.40    9.81    2.18      17.46   17.46    0.00   -0.24      2.129   2.129   0.000
  29 4154.4   1/2-   1/2  24    0.50    6.85    6.85    0.25    0.65       6.79    6.79    0.00   -3.63      0.828   0.828   0.000
  30 5250.0  13/2- -11/2  25   -5.48    2.75    2.75   30.21    4.32      12.04   12.04    0.00   -1.13      1.468   1.468   0.001
  
  31 7262.1   1/2-   1/2  27    0.50   23.05   23.05    0.25   -3.45      26.53   26.53    0.00   -6.77      3.235   3.235   0.000
  32*******   1/2-  -3/2  31    0.00    0.00    0.00    0.00   -0.00       0.00    0.00   -0.00   -0.00      0.000   0.000  -0.000
