1SPECTRUM OF (Z= 82 A=207) IN PARTICLE-ROTOR  MODEL WITH MODIFIED OSCILLATOR POTENTIAL


 PARITY=-   EPS= 0.272   GAMMA=  0.0   EPS4=0.000   EPS6=0.000   LEVELS:  24  25  26  27  28  29  30  31  32  33  34  35  36  37  38

 PAIRING FACTORS: GN0= 19.20  GN1=  7.40  IPAIR= 15 ***  E2PLUS(INPUT)=   0.730  E2PLUR(INPUT)=   0.000

 CORIOLIS ATTENUATION PARAMETERS:  CHSI=1.000  ETA=  1.00

 MOMENT OF INERTIA PARAMETERS:   A1=  0.122 MEV   A2=  0.122 MEV   A3=121.91924 MEV


 DELTA=0.946 MEV  LAMBDA=53.3307 MEV   HW0= 7.4766 MEV   LAMBDA/HW0= 7.1330

 E2ENERGY=0.730 MEV  HBAR**2/B=13718./A**(7/3)=2319.0/A**2 MEV

 IREC=0  =>  RECOIL TERMS j+j-, j+j+, jzjz, ETC TREATED AS ONE-BODY OPERATORS WITH UU+VV PAIRING FACTORS



 S. P. LEVEL   EQP       U     V        (UU + VV)**1.00

     24       5.080    0.094 0.996      1.000 1.000 0.999 0.998 0.979 0.975 0.971 0.931 0.835 0.649 0.402 0.384 0.344 0.280 0.273
     25       4.117    0.116 0.993      1.000 1.000 1.000 0.999 0.983 0.980 0.976 0.939 0.847 0.665 0.423 0.405 0.365 0.301 0.294
     26       3.637    0.131 0.991      0.999 1.000 1.000 1.000 0.986 0.983 0.979 0.944 0.855 0.677 0.437 0.419 0.379 0.316 0.309
     27       3.087    0.155 0.988      0.998 0.999 1.000 1.000 0.990 0.987 0.984 0.952 0.868 0.695 0.458 0.441 0.401 0.339 0.332
     28       1.674    0.296 0.955      0.979 0.983 0.986 0.990 1.000 1.000 0.999 0.986 0.930 0.791 0.582 0.565 0.529 0.471 0.464
     29       1.597    0.312 0.950      0.975 0.980 0.983 0.987 1.000 1.000 1.000 0.989 0.936 0.801 0.595 0.579 0.543 0.486 0.479
     30       1.520    0.330 0.944      0.971 0.976 0.979 0.984 0.999 1.000 1.000 0.991 0.943 0.812 0.610 0.595 0.559 0.502 0.496
     31       1.175    0.451 0.892      0.931 0.939 0.944 0.952 0.986 0.989 0.991 1.000 0.978 0.882 0.709 0.695 0.663 0.612 0.606
     32       0.969    0.626 0.780      0.835 0.847 0.855 0.868 0.930 0.936 0.943 0.978 1.000 0.960 0.840 0.829 0.804 0.762 0.757
     33       1.006    0.819 0.574      0.649 0.665 0.677 0.695 0.791 0.801 0.812 0.882 0.960 1.000 0.958 0.952 0.938 0.912 0.909
     34       1.583    0.949 0.315      0.402 0.423 0.437 0.458 0.582 0.595 0.610 0.709 0.840 0.958 1.000 1.000 0.998 0.992 0.991
     35       1.673    0.955 0.296      0.384 0.405 0.419 0.441 0.565 0.579 0.595 0.695 0.829 0.952 1.000 1.000 0.999 0.994 0.993
     36       1.924    0.967 0.254      0.344 0.365 0.379 0.401 0.529 0.543 0.559 0.663 0.804 0.938 0.998 0.999 1.000 0.998 0.997
     37       2.552    0.982 0.189      0.280 0.301 0.316 0.339 0.471 0.486 0.502 0.612 0.762 0.912 0.992 0.994 0.998 1.000 1.000
     38       2.652    0.983 0.181      0.273 0.294 0.309 0.332 0.464 0.479 0.496 0.606 0.757 0.909 0.991 0.993 0.997 1.000 1.000

  R CORE   ENERGY   A0R/A00=1.000    R3= 0     2  
   2( 1)    0.732                    1.000 0.000
   2( 2)  487.921                    0.000 1.000

  R CORE   ENERGY   A0R/A00=1.000    R3= 0     2  
   3( 1)  488.652                    0.000 1.000

  R CORE   ENERGY   A0R/A00=1.000    R3= 0     2     4  
   4( 1)    2.438                    1.000 0.000 0.000

  R CORE   ENERGY   A0R/A00=1.000    R3= 0     2     4  
   5( 1)  490.847                    0.000 1.000 0.000

  R CORE   ENERGY   A0R/A00=1.000    R3= 0     2     4     6  
   6( 1)    5.121                    1.000 0.000 0.000 0.000

  R CORE   ENERGY   A0R/A00=1.000    R3= 0     2     4     6  
   7( 1)  494.017                    0.000 1.000 0.000 0.000

          AXIAL SYMMETRY => K RESTRICTED TO OMEGA

                     K
     S.P. ORB#: 24  2.50
     S.P. ORB#: 25  0.50
     S.P. ORB#: 26  2.50
     S.P. ORB#: 27 -3.50
     S.P. ORB#: 28  0.50
     S.P. ORB#: 29 -3.50
     S.P. ORB#: 30 -1.50
     S.P. ORB#: 31  4.50
     S.P. ORB#: 32  0.50
     S.P. ORB#: 33 -1.50
     S.P. ORB#: 34  2.50
     S.P. ORB#: 35 -1.50
     S.P. ORB#: 36  2.50
     S.P. ORB#: 37  0.50
     S.P. ORB#: 38 -3.50
 

             ENERGY    K= OMEGA
 
 I=  1/2- (1)  2.813  28: 0.820
                      37: 0.572
 
 I=  1/2- (2)  2.883  25:-0.072
                      28: 0.570
                      37:-0.818
 
 I=  1/2- (3)  5.552  25: 0.997
                      37:-0.059
 
 I=  1/2- (4)  8.176  32: 1.000
 
 I=  1/2- (5)147.310  33:-1.000

             ENERGY    K= OMEGA
 
 I=  3/2- (1)  2.160  25: 0.082
                      28: 0.305
                      30: 0.174
                      35: 0.928
                      37:-0.090
 
 I=  3/2- (2)  2.681  25:-0.085
                      28: 0.254
                      30:-0.953
                      35: 0.112
                      37: 0.090

             ENERGY    K= OMEGA
 
 I=  5/2- (1)  2.316  25:-0.141
                      28: 0.282
                      30: 0.419
                      35:-0.418
                      36:-0.735
                      37: 0.098
 
 I=  5/2- (2)  2.798  25: 0.095
                      26:-0.055
                      28: 0.098
                      30:-0.473
                      35:-0.828
                      36: 0.198
                      37:-0.166
 
 I=  5/2- (3)  2.950  24: 0.062
                      25:-0.218
                      28: 0.481
                      30: 0.477
                      35:-0.152
                      36: 0.623
                      37: 0.281
 
 I=  5/2- (4)  3.706  25: 0.176
                      30:-0.309
                      36:-0.093
                      37: 0.928
 
 I=  5/2- (5)  4.171  24: 0.060
                      25: 0.087
                      28:-0.792
                      30: 0.459
                      35:-0.337
                      36: 0.149
                      37: 0.119

             ENERGY    K= OMEGA
 
 I=  7/2- (1)  2.344  26:-0.220
                      27: 0.084
                      29: 0.968
 
 I=  7/2- (2)  2.971  27: 0.062
                      28:-0.276
                      30: 0.374
                      35:-0.502
                      36: 0.724
 
 I=  7/2- (3)  3.206  32:-0.739
                      33:-0.571
                      34:-0.333
                      38:-0.130
 
 I=  7/2- (4)  3.288  24:-0.067
                      25: 0.271
                      27: 0.051
                      28: 0.466
                      29:-0.075
                      30: 0.499
                      35: 0.563
                      36: 0.298
                      37:-0.204
 
 I=  7/2- (5)  4.143  24:-0.154
                      27: 0.129
                      28:-0.482
                      30: 0.667
                      36:-0.528

             ENERGY    K= OMEGA
 
 I=  9/2- (1)  1.959  24: 0.061
                      26:-0.059
                      27: 0.257
                      29:-0.165
                      31:-0.948
 
 I=  9/2- (2)  3.219  24:-0.087
                      25: 0.102
                      26:-0.282
                      27:-0.138
                      28:-0.118
                      29:-0.878
                      30:-0.221
                      31: 0.118
                      36: 0.174
                      37:-0.061
 
 I=  9/2- (3)  3.400  24: 0.060
                      25:-0.298
                      26:-0.105
                      28: 0.411
                      29:-0.305
                      30: 0.553
                      31: 0.098
                      35:-0.316
                      36:-0.435
                      37: 0.175
 
 I=  9/2- (4)  4.465  32:-0.246
                      33: 0.608
                      34:-0.645
                      38: 0.392
 
 I=  9/2- (5)  4.494  24:-0.094
                      25: 0.203
                      28:-0.077
                      29: 0.073
                      30:-0.423
                      35:-0.700
                      36:-0.419
                      37:-0.302

             ENERGY    K= OMEGA
 
 I= 11/2- (1)  2.348  32:-0.696
                      33:-0.574
                      34:-0.388
                      38:-0.189
 
 I= 11/2- (2)  2.919  24: 0.106
                      26:-0.096
                      27:-0.358
                      29: 0.216
                      31:-0.896
 
 I= 11/2- (3)  4.326  24:-0.113
                      25: 0.057
                      26:-0.344
                      27: 0.174
                      29: 0.875
                      30: 0.161
                      31: 0.154
                      36: 0.127
 
 I= 11/2- (4)  4.868  24: 0.085
                      25:-0.051
                      26:-0.079
                      27:-0.069
                      28: 0.295
                      29: 0.124
                      30:-0.481
                      31: 0.126
                      35: 0.464
                      36:-0.644
 
 I= 11/2- (5)  5.134  24:-0.093
                      25: 0.364
                      28: 0.552
                      29:-0.175
                      30: 0.466
                      31:-0.088
                      35: 0.475
                      36: 0.145
                      37:-0.225

             ENERGY    K= OMEGA
 
 I= 13/2- (1)  4.072  24: 0.151
                      26:-0.123
                      27: 0.428
                      29:-0.238
                      30: 0.076
                      31:-0.843
                      36:-0.051
 
 I= 13/2- (2)  4.598  32:-0.232
                      33: 0.588
                      34:-0.653
                      38: 0.418
 
 I= 13/2- (3)  5.234  24:-0.126
                      25: 0.387
                      26:-0.105
                      27:-0.070
                      28:-0.436
                      29:-0.244
                      30:-0.595
                      31:-0.093
                      35: 0.219
                      36: 0.347
                      37:-0.195
 
 I= 13/2- (4)  5.714  24: 0.089
                      25: 0.109
                      26: 0.376
                      27: 0.177
                      28:-0.162
                      29: 0.831
                      30:-0.109
                      31:-0.214
                      35: 0.164
                      36: 0.063
                      37:-0.053
 
 I= 13/2- (5)  7.168  24: 0.085
                      25:-0.201
                      28: 0.053
                      29:-0.098
                      30: 0.298
                      35: 0.688
                      36: 0.525
                      37: 0.318

             ENERGY     K=-7/2
  32 LEVELS    TIME=  0.0 SEC



 ******************* EXCITATION ENERGIES, DOMINANT CONFIGURATION AND EXPECTATION VALUES (WITH S.P. UU+VV FACTORS) *******************

  NR  Eex(keV)  I   Kdom  NY    <Jz>  <Jx**2> <Jy**2> <Jz**2> <I.j>/|I|  <Rx**2> <Ry**2> <Rz**2> <R.j>/|R|  <HROTx> <HROTy> <HROTz>

   1    0.0   9/2-   9/2  31    3.74    2.67    2.67   19.39    4.46       2.55    2.55   -0.00   -1.13      0.311   0.311  -0.003
   2  200.8   3/2-  -3/2  35   -1.28    1.87    1.87    2.03    1.47       1.92    1.92   -0.00   -1.50      0.234   0.234  -0.000
   3  357.5   5/2-   5/2  36    0.88    2.75    2.75    4.19    2.46       1.96    1.96    0.00   -1.23      0.238   0.238   0.000
   4  385.3   7/2-  -7/2  29   -3.18    2.28    2.28   11.91    3.41       2.59    2.59    0.00   -1.30      0.316   0.316   0.005
   5  389.5  11/2-   1/2  32   -0.00   25.88   25.88    2.24    6.67       4.98    4.98    0.00   -4.47      0.607   0.607   0.000
  
   6  722.2   3/2-  -3/2  30   -1.34    4.54    4.54    2.09    1.48       4.60    4.60    0.00   -2.74      0.561   0.561   0.000
   7  839.6   5/2-  -3/2  35   -1.23    2.03    2.03    2.33    1.04       4.48    4.48    0.00   -1.10      0.546   0.546   0.000
   8  854.4   1/2-   1/2  28    0.50    3.69    3.69    0.25    0.81       3.49    3.49    0.00   -2.62      0.426   0.426   0.000
   9  923.8   1/2-   1/2  37    0.50    2.25    2.25    0.25    0.29       2.49    2.49    0.00   -2.01      0.304   0.304   0.000
  10  960.4  11/2-   9/2  31    3.05    3.06    3.06   18.53    4.08       5.79    5.79   -0.00   -0.07      0.706   0.706  -0.006
  
  11  991.0   5/2-   5/2  36    0.78    3.50    3.50    3.10    1.78       4.16    4.16    0.00   -1.68      0.507   0.507   0.000
  12 1012.0   7/2-   5/2  36    0.75    2.54    2.54    4.26    1.94       4.82    4.82   -0.00   -0.52      0.588   0.588  -0.000
  13 1247.0   7/2-   1/2  32    0.00   25.91   25.91    1.77    6.54       8.73    8.73    0.00   -6.62      1.064   1.064   0.000
  14 1259.8   9/2-  -7/2  29   -2.47    2.57    2.57   10.81    2.96       5.63    5.63    0.00   -0.37      0.687   0.687   0.008
  15 1328.7   7/2-  -3/2  35   -0.48    2.91    2.91    2.05    1.54       5.71    5.71   -0.00   -0.53      0.697   0.697  -0.000
  
  16 1441.5   9/2-  -3/2  30   -0.24    4.04    4.04    3.60    2.46       5.99    5.99   -0.00    0.16      0.730   0.730  -0.001
  17 1746.9   5/2-   1/2  37    0.33    1.69    1.69    0.50    0.46       4.95    4.95    0.00   -0.80      0.603   0.603   0.000
  18 2113.1  13/2-   9/2  31    2.45    3.46    3.46   17.60    3.84       9.79    9.79   -0.00    0.53      1.194   1.194  -0.007
  19 2184.0   7/2-  -3/2  30    0.15    3.71    3.71    3.17    0.88       9.67    9.67   -0.00   -1.61      1.179   1.179  -0.000
  20 2212.4   5/2-   1/2  28   -0.10    4.25    4.25    1.05   -0.35      10.17   10.17    0.00   -2.34      1.240   1.240   0.000
  
  21 2367.4  11/2-  -7/2  29   -2.35    2.54    2.54   11.22    2.71       9.83    9.83    0.00   -0.02      1.198   1.198   0.010
  22 2506.3   9/2-   5/2  34   -0.02   25.70   25.70    5.33    5.74      12.17   12.17    0.00   -5.71      1.484   1.484   0.000
  23 2534.8   9/2-  -3/2  35   -0.48    2.22    2.22    2.79    1.08      10.61   10.61   -0.00   -0.40      1.294   1.294  -0.000
  24 2638.9  13/2-   5/2  34   -0.04   25.65   25.65    5.59    5.77      12.55   12.55    0.00   -3.32      1.530   1.530   0.000
  25 2909.5  11/2-   5/2  36    0.44    3.04    3.04    4.27    1.74      12.66   12.66   -0.00    0.01      1.543   1.543  -0.000
  
  26 3175.6  11/2-   1/2  28   -0.42    3.33    3.33    1.86    1.58      12.69   12.69   -0.00    0.18      1.547   1.547  -0.000
  27 3275.2  13/2-  -3/2  30   -0.23    4.55    4.55    2.89    2.52      12.77   12.77    0.00    1.11      1.556   1.556   0.001
  28 3593.1   1/2-   1/2  25    0.50    6.02    6.02    0.25    0.69       5.93    5.93   -0.00   -3.40      0.722   0.722  -0.000
  29 3755.7  13/2-  -7/2  29   -1.97    2.73    2.73   10.82    2.46      15.33   15.33    0.00    0.16      1.869   1.869   0.010
  30 5209.3  13/2-  -3/2  35   -0.09    2.02    2.02    3.20    0.94      21.43   21.43    0.00   -0.10      2.613   2.613   0.000
  
  31 6216.8   1/2-   1/2  32    0.50   25.77   25.77    0.25   -3.79      29.55   29.55   -0.00   -7.16      3.603   3.603  -0.000
  32*******   1/2-  -3/2  33    0.00    0.00    0.00    0.00   -0.00       0.00    0.00    0.00   -0.00      0.000   0.000   0.000
