1SPECTRUM OF (Z= 82 A=207) IN PARTICLE-ROTOR  MODEL WITH MODIFIED OSCILLATOR POTENTIAL


 PARITY=-   EPS= 0.418   GAMMA=  0.0   EPS4=0.000   EPS6=0.000   LEVELS:  25  26  27  28  29  30  31  32  33  34  35  36  37  38  39

 PAIRING FACTORS: GN0= 19.20  GN1=  7.40  IPAIR= 15 ***  E2PLUS(INPUT)=   0.730  E2PLUR(INPUT)=   0.000

 CORIOLIS ATTENUATION PARAMETERS:  CHSI=1.000  ETA=  1.00

 MOMENT OF INERTIA PARAMETERS:   A1=  0.122 MEV   A2=  0.122 MEV   A3=121.91924 MEV


 DELTA=0.844 MEV  LAMBDA=53.4890 MEV   HW0= 7.5751 MEV   LAMBDA/HW0= 7.0611

 E2ENERGY=0.730 MEV  HBAR**2/B=32397./A**(7/3)=5476.7/A**2 MEV

 IREC=0  =>  RECOIL TERMS j+j-, j+j+, jzjz, ETC TREATED AS ONE-BODY OPERATORS WITH UU+VV PAIRING FACTORS



 S. P. LEVEL   EQP       U     V        (UU + VV)**1.00

     25       3.641    0.117 0.993      1.000 1.000 0.999 0.998 0.995 0.920 0.893 0.839 0.589 0.444 0.349 0.347 0.262 0.244 0.228
     26       3.354    0.127 0.992      1.000 1.000 0.999 0.999 0.996 0.924 0.897 0.845 0.597 0.453 0.358 0.357 0.271 0.254 0.238
     27       2.536    0.169 0.986      0.999 0.999 1.000 1.000 0.999 0.939 0.915 0.867 0.630 0.491 0.398 0.396 0.312 0.295 0.279
     28       2.428    0.177 0.984      0.998 0.999 1.000 1.000 0.999 0.942 0.918 0.871 0.636 0.497 0.405 0.403 0.320 0.302 0.287
     29       1.983    0.218 0.976      0.995 0.996 0.999 0.999 1.000 0.955 0.934 0.891 0.668 0.534 0.443 0.441 0.359 0.342 0.327
     30       0.978    0.497 0.867      0.920 0.924 0.939 0.942 0.955 1.000 0.998 0.985 0.859 0.760 0.689 0.687 0.620 0.605 0.592
     31       0.917    0.552 0.834      0.893 0.897 0.915 0.918 0.934 0.998 1.000 0.994 0.890 0.800 0.734 0.733 0.669 0.655 0.643
     32       0.859    0.638 0.770      0.839 0.845 0.867 0.871 0.891 0.985 0.994 1.000 0.934 0.860 0.802 0.801 0.744 0.732 0.721
     33       0.988    0.872 0.490      0.589 0.597 0.630 0.636 0.668 0.859 0.890 0.934 1.000 0.986 0.963 0.962 0.934 0.928 0.921
     34       1.332    0.942 0.336      0.444 0.453 0.491 0.497 0.534 0.760 0.800 0.860 0.986 1.000 0.995 0.994 0.981 0.977 0.974
     35       1.833    0.972 0.237      0.349 0.358 0.398 0.405 0.443 0.689 0.734 0.802 0.963 0.995 1.000 1.000 0.996 0.994 0.992
     36       1.847    0.972 0.235      0.347 0.357 0.396 0.403 0.441 0.687 0.733 0.801 0.962 0.994 1.000 1.000 0.996 0.994 0.992
     37       2.900    0.989 0.147      0.262 0.271 0.312 0.320 0.359 0.620 0.669 0.744 0.934 0.981 0.996 0.996 1.000 1.000 0.999
     38       3.293    0.992 0.129      0.244 0.254 0.295 0.302 0.342 0.605 0.655 0.732 0.928 0.977 0.994 0.994 1.000 1.000 1.000
     39       3.757    0.994 0.113      0.228 0.238 0.279 0.287 0.327 0.592 0.643 0.721 0.921 0.974 0.992 0.992 0.999 1.000 1.000

  R CORE   ENERGY   A0R/A00=1.000    R3= 0     2  
   2( 1)    0.732                    1.000 0.000
   2( 2)  487.921                    0.000 1.000

  R CORE   ENERGY   A0R/A00=1.000    R3= 0     2  
   3( 1)  488.652                    0.000 1.000

  R CORE   ENERGY   A0R/A00=1.000    R3= 0     2     4  
   4( 1)    2.438                    1.000 0.000 0.000

  R CORE   ENERGY   A0R/A00=1.000    R3= 0     2     4  
   5( 1)  490.847                    0.000 1.000 0.000

  R CORE   ENERGY   A0R/A00=1.000    R3= 0     2     4     6  
   6( 1)    5.121                    1.000 0.000 0.000 0.000

  R CORE   ENERGY   A0R/A00=1.000    R3= 0     2     4     6  
   7( 1)  494.017                    0.000 1.000 0.000 0.000

          AXIAL SYMMETRY => K RESTRICTED TO OMEGA

                     K
     S.P. ORB#: 25  0.50
     S.P. ORB#: 26 -5.50
     S.P. ORB#: 27  2.50
     S.P. ORB#: 28 -1.50
     S.P. ORB#: 29 -3.50
     S.P. ORB#: 30  2.50
     S.P. ORB#: 31  0.50
     S.P. ORB#: 32 -1.50
     S.P. ORB#: 33  0.50
     S.P. ORB#: 34 -3.50
     S.P. ORB#: 35  4.50
     S.P. ORB#: 36 -3.50
     S.P. ORB#: 37  0.50
     S.P. ORB#: 38 -1.50
     S.P. ORB#: 39 -1.50
 

             ENERGY    K= OMEGA
 
 I=  1/2- (1)  2.250  31:-1.000
 
 I=  1/2- (2)  3.839  25:-0.218
                      33: 0.919
                      37:-0.329
 
 I=  1/2- (3)  6.904  25:-0.278
                      33: 0.265
                      37: 0.923
 
 I=  1/2- (4)  9.836  25: 0.936
                      33: 0.292
                      37: 0.198
 
 I=  1/2- (5)147.162  32: 1.000

             ENERGY    K= OMEGA
 
 I=  3/2- (1)  2.184  31:-0.504
                      32: 0.863
 
 I=  3/2- (2)  2.517  31: 0.849
                      32: 0.502
                      39: 0.165
 
 I=  3/2- (3)  3.780  25: 0.252
                      33:-0.931
                      37:-0.122
                      38: 0.232
 
 I=  3/2- (4)  4.445  31:-0.158
                      32:-0.056
                      39: 0.986
 
 I=  3/2- (5)  6.581  25: 0.695
                      28: 0.655
                      33: 0.256
                      37:-0.071
                      38: 0.133

             ENERGY    K= OMEGA
 
 I=  5/2- (1)  2.746  31: 0.466
                      32: 0.881
                      39:-0.063
 
 I=  5/2- (2)  3.296  27:-0.069
                      31: 0.841
                      32:-0.460
                      39:-0.277
 
 I=  5/2- (3)  3.920  25:-0.170
                      33: 0.818
                      37:-0.471
                      38: 0.282
 
 I=  5/2- (4)  4.326  27:-0.991
                      31:-0.064
                      32: 0.082
                      39:-0.086
 
 I=  5/2- (5)  5.159  27:-0.106
                      31: 0.269
                      32:-0.068
                      39: 0.955

             ENERGY    K= OMEGA
 
 I=  7/2- (1)  2.238  27: 0.148
                      34:-0.988
 
 I=  7/2- (2)  3.360  31: 0.725
                      32:-0.666
                      39: 0.171
 
 I=  7/2- (3)  3.890  27: 0.198
                      29: 0.942
                      31:-0.181
                      32:-0.184
                      39:-0.088
 
 I=  7/2- (4)  3.973  25:-0.069
                      28: 0.114
                      30: 0.143
                      33: 0.875
                      36: 0.055
                      37: 0.247
                      38:-0.362
 
 I=  7/2- (5)  3.991  27:-0.054
                      29: 0.286
                      31: 0.587
                      32: 0.709
                      39: 0.258

             ENERGY    K= OMEGA
 
 I=  9/2- (1)  2.755  27:-0.091
                      29: 0.188
                      34:-0.377
                      35:-0.902
 
 I=  9/2- (2)  3.340  27:-0.195
                      29:-0.114
                      34:-0.900
                      35: 0.373
 
 I=  9/2- (3)  4.496  27: 0.061
                      31: 0.591
                      32: 0.784
                      39:-0.173
 
 I=  9/2- (4)  4.700  25: 0.088
                      28: 0.115
                      30:-0.204
                      33:-0.744
                      36: 0.108
                      37: 0.498
                      38:-0.353
 
 I=  9/2- (5)  4.992  25:-0.229
                      28: 0.542
                      30:-0.673
                      33: 0.173
                      36: 0.382
                      37:-0.152

             ENERGY    K= OMEGA
 
 I= 11/2- (1)  3.758  25:-0.512
                      28:-0.562
                      30:-0.482
                      33:-0.330
                      36:-0.215
                      37:-0.104
                      38: 0.155
 
 I= 11/2- (2)  3.897  26:-0.059
                      27:-0.136
                      29:-0.252
                      34: 0.445
                      35:-0.846
 
 I= 11/2- (3)  4.650  26:-0.453
                      27: 0.210
                      29:-0.138
                      34:-0.772
                      35:-0.367
 
 I= 11/2- (4)  4.711  26:-0.889
                      27:-0.096
                      29: 0.097
                      34: 0.364
                      35: 0.240
 
 I= 11/2- (5)  5.106  25:-0.323
                      28:-0.184
                      30:-0.130
                      33: 0.781
                      36:-0.073
                      37: 0.286
                      38:-0.385

             ENERGY    K= OMEGA
 
 I= 13/2- (1)  5.279  26: 0.067
                      27:-0.172
                      29: 0.295
                      34:-0.476
                      35:-0.807
 
 I= 13/2- (2)  5.544  25: 0.184
                      28:-0.558
                      30: 0.676
                      33: 0.173
                      36:-0.380
                      37:-0.079
                      38: 0.134
 
 I= 13/2- (3)  6.197  26:-0.404
                      27:-0.243
                      29:-0.175
                      34:-0.761
                      35: 0.405
 
 I= 13/2- (4)  6.301  26:-0.912
                      27: 0.092
                      29: 0.115
                      34: 0.303
                      35:-0.232
 
 I= 13/2- (5)  6.454  25:-0.171
                      28: 0.142
                      30:-0.113
                      33: 0.713
                      36: 0.074
                      37:-0.538
                      38: 0.367

             ENERGY     K=-3/2
  35 LEVELS    TIME=  0.0 SEC



 ******************* EXCITATION ENERGIES, DOMINANT CONFIGURATION AND EXPECTATION VALUES (WITH S.P. UU+VV FACTORS) *******************

  NR  Eex(keV)  I   Kdom  NY    <Jz>  <Jx**2> <Jy**2> <Jz**2> <I.j>/|I|  <Rx**2> <Ry**2> <Rz**2> <R.j>/|R|  <HROTx> <HROTy> <HROTz>

   1    0.0   3/2-  -3/2  32   -0.99    5.07    5.07    1.74    1.27       5.36    5.36    0.00   -2.88      0.654   0.654   0.000
   2   54.0   7/2-  -7/2  34   -3.37    2.31    2.31   12.12    3.19       3.60    3.60   -0.00   -1.53      0.439   0.439  -0.000
   3   66.4   1/2-   1/2  31    0.50    5.03    5.03    0.25    0.08       5.47    5.47   -0.00   -3.10      0.667   0.667  -0.000
   4  333.4   3/2-   1/2  31   -0.06    4.89    4.89    0.81    0.44       6.31    6.31    0.00   -2.74      0.769   0.769   0.000
   5  562.6   5/2-  -3/2  32   -1.06    5.09    5.09    1.83    0.93       7.62    7.62    0.00   -2.37      0.930   0.930   0.000
  
   6  570.9   9/2-   9/2  35    3.06    2.54    2.54   18.71    4.07       4.03    4.03    0.00   -1.25      0.491   0.491   0.000
   7 1111.7   5/2-   1/2  31   -0.07    4.70    4.70    0.86    0.21       8.88    8.88    0.00   -2.29      1.083   1.083   0.000
   8 1156.1   9/2-  -7/2  34   -2.16    2.38    2.38   13.12    2.73       7.73    7.73   -0.00   -1.09      0.942   0.942  -0.000
   9 1175.8   7/2-   1/2  31   -0.44    5.04    5.04    1.21    0.95       9.77    9.77    0.00   -1.71      1.191   1.191   0.000
  10 1573.9  11/2-  -3/2  28    0.10   23.59   23.59    2.88    6.14       6.18    6.18    0.00   -3.79      0.753   0.753   0.000
  
  11 1596.3   3/2-   1/2  33    0.39   12.19   12.19    0.36    2.13      10.13   10.13    0.00   -4.58      1.235   1.235   0.000
  12 1654.8   1/2-   1/2  33    0.50   10.75   10.75    0.25    1.07      10.33   10.33   -0.00   -4.58      1.259   1.259  -0.000
  13 1706.6   7/2-  -7/2  29   -3.05    6.13    6.13   11.21    2.93       7.98    7.98    0.00   -2.96      0.972   0.972   0.000
  14 1713.5  11/2-   9/2  35    2.33    2.72    2.72   17.93    3.48       8.76    8.76    0.00   -0.61      1.068   1.068   0.000
  15 1736.6   5/2-   1/2  33    0.34   11.33   11.33    0.41    2.26       9.22    9.22    0.00   -3.81      1.124   1.124   0.000
  
  16 1789.3   7/2-   1/2  33    0.24   15.04   15.04    0.70    3.25      10.38   10.38    0.00   -3.93      1.266   1.266   0.000
  17 1807.7   7/2-  -3/2  32   -0.96    4.80    4.80    2.40    0.58      11.58   11.58    0.00   -2.02      1.411   1.411   0.000
  18 2142.6   5/2-   5/2  27    2.44    6.06    6.06    6.17    2.08       7.38    7.38    0.00   -3.16      0.900   0.900   0.000
  19 2261.4   3/2-  -3/2  39   -1.45    1.98    1.98    2.20    0.93       3.15    3.15    0.00   -1.74      0.384   0.384   0.000
  20 2311.8   9/2-  -3/2  32   -0.79    5.06    5.06    1.59    0.76      14.44   14.44    0.00   -1.47      1.761   1.761   0.000
  
  21 2466.2  11/2-  -7/2  34   -2.57    2.53    2.53   16.75    2.91      11.36   11.36   -0.00   -0.92      1.385   1.385  -0.000
  22 2516.2   9/2-   1/2  33    0.26   12.99   12.99    0.92    2.80      11.90   11.90    0.00   -2.66      1.451   1.451   0.000
  23 2526.7  11/2- -11/2  26   -4.56    2.70    2.70   26.89    4.50       7.11    7.11    0.00   -1.43      0.866   0.866   0.000
  24 2808.6   9/2-   5/2  30    0.23   22.18   22.18    5.31    4.78      13.42   13.42    0.00   -5.00      1.636   1.636   0.000
  25 2922.0  11/2-   1/2  33    0.15   13.32   13.32    0.78    3.03      13.49   13.49    0.00   -1.80      1.645   1.645   0.000
  
  26 2975.0   5/2-  -3/2  39   -1.31    2.19    2.19    2.15    0.32       6.70    6.70    0.00   -1.53      0.817   0.817   0.000
  27 3095.3  13/2-   9/2  35    1.88    2.87    2.87   17.36    3.08      14.43   14.43   -0.00   -0.30      1.760   1.760  -0.000
  28 3359.8  13/2-   5/2  30    0.18   23.38   23.38    5.38    4.97      15.77   15.77    0.00   -3.11      1.923   1.923   0.000
  29 4013.5  13/2-  -7/2  34   -2.15    2.60    2.60   16.12    2.46      17.89   17.89   -0.00   -0.70      2.181   2.181  -0.000
  30 4117.6  13/2- -11/2  26   -4.68    2.73    2.73   27.60    3.95      13.29   13.29    0.00   -1.06      1.621   1.621   0.000
  
  31 4270.4  13/2-   1/2  33    0.19   12.03   12.03    0.70    2.63      18.42   18.42    0.00   -1.06      2.245   2.245   0.000
  32 4397.5   3/2-   1/2  25   -0.39   22.01   22.01    1.14    4.91      14.94   14.94    0.00   -6.52      1.822   1.822   0.000
  33 4719.8   1/2-   1/2  37    0.50   15.79   15.79    0.25   -0.51      16.73   16.73    0.00   -5.58      2.040   2.040   0.000
  34 7652.3   1/2-   1/2  25    0.50   22.95   22.95    0.25   -3.47      26.45   26.45    0.00   -6.76      3.225   3.225   0.000
  35*******   1/2-  -3/2  32    0.00    0.00    0.00    0.00    0.00       0.00    0.00   -0.00   -0.00      0.000   0.000  -0.000
  
