1SPECTRUM OF (Z= 82 A=207) IN PARTICLE-ROTOR  MODEL WITH MODIFIED OSCILLATOR POTENTIAL


 PARITY=-   EPS= 0.453   GAMMA=  0.0   EPS4=0.000   EPS6=0.000   LEVELS:  25  26  27  28  29  30  31  32  33  34  35  36  37  38  39

 PAIRING FACTORS: GN0= 19.20  GN1=  7.40  IPAIR= 15 ***  E2PLUS(INPUT)=   0.730  E2PLUR(INPUT)=   0.000

 CORIOLIS ATTENUATION PARAMETERS:  CHSI=1.000  ETA=  1.00

 MOMENT OF INERTIA PARAMETERS:   A1=  0.122 MEV   A2=  0.122 MEV   A3=121.91923 MEV


 DELTA=0.852 MEV  LAMBDA=53.4692 MEV   HW0= 7.6068 MEV   LAMBDA/HW0= 7.0291

 E2ENERGY=0.730 MEV  HBAR**2/B=38050./A**(7/3)=6432.2/A**2 MEV

 IREC=0  =>  RECOIL TERMS j+j-, j+j+, jzjz, ETC TREATED AS ONE-BODY OPERATORS WITH UU+VV PAIRING FACTORS



 S. P. LEVEL   EQP       U     V        (UU + VV)**1.00

     25       4.203    0.102 0.995      1.000 0.999 0.998 0.995 0.985 0.957 0.839 0.769 0.692 0.348 0.327 0.279 0.275 0.247 0.201
     26       2.985    0.144 0.990      0.999 1.000 1.000 0.998 0.992 0.969 0.862 0.796 0.722 0.387 0.367 0.320 0.316 0.289 0.242
     27       2.693    0.160 0.987      0.998 1.000 1.000 0.999 0.994 0.973 0.870 0.805 0.733 0.402 0.382 0.335 0.331 0.304 0.258
     28       2.173    0.200 0.980      0.995 0.998 0.999 1.000 0.997 0.981 0.889 0.829 0.760 0.439 0.419 0.373 0.369 0.342 0.297
     29       1.641    0.270 0.963      0.985 0.992 0.994 0.997 1.000 0.993 0.919 0.867 0.804 0.502 0.483 0.439 0.435 0.409 0.364
     30       1.199    0.385 0.923      0.957 0.969 0.973 0.981 0.993 1.000 0.960 0.921 0.871 0.604 0.586 0.545 0.541 0.517 0.475
     31       0.872    0.627 0.779      0.839 0.862 0.870 0.889 0.919 0.960 1.000 0.993 0.973 0.802 0.788 0.757 0.754 0.735 0.701
     32       0.852    0.714 0.700      0.769 0.796 0.805 0.829 0.867 0.921 0.993 1.000 0.994 0.867 0.855 0.828 0.826 0.809 0.780
     33       0.879    0.789 0.614      0.692 0.722 0.733 0.760 0.804 0.871 0.973 0.994 1.000 0.918 0.909 0.887 0.885 0.871 0.846
     34       1.757    0.968 0.250      0.348 0.387 0.402 0.439 0.502 0.604 0.802 0.867 0.918 1.000 1.000 0.997 0.997 0.994 0.988
     35       1.912    0.973 0.229      0.327 0.367 0.382 0.419 0.483 0.586 0.788 0.855 0.909 1.000 1.000 0.999 0.999 0.997 0.991
     36       2.407    0.984 0.180      0.279 0.320 0.335 0.373 0.439 0.545 0.757 0.828 0.887 0.997 0.999 1.000 1.000 0.999 0.997
     37       2.461    0.984 0.176      0.275 0.316 0.331 0.369 0.435 0.541 0.754 0.826 0.885 0.997 0.999 1.000 1.000 1.000 0.997
     38       2.922    0.989 0.147      0.247 0.289 0.304 0.342 0.409 0.517 0.735 0.809 0.871 0.994 0.997 0.999 1.000 1.000 0.999
     39       4.288    0.995 0.100      0.201 0.242 0.258 0.297 0.364 0.475 0.701 0.780 0.846 0.988 0.991 0.997 0.997 0.999 1.000

  R CORE   ENERGY   A0R/A00=1.000    R3= 0     2  
   2( 1)    0.732                    1.000 0.000
   2( 2)  487.921                    0.000 1.000

  R CORE   ENERGY   A0R/A00=1.000    R3= 0     2  
   3( 1)  488.652                    0.000 1.000

  R CORE   ENERGY   A0R/A00=1.000    R3= 0     2     4  
   4( 1)    2.438                    1.000 0.000 0.000

  R CORE   ENERGY   A0R/A00=1.000    R3= 0     2     4  
   5( 1)  490.847                    0.000 1.000 0.000

  R CORE   ENERGY   A0R/A00=1.000    R3= 0     2     4     6  
   6( 1)    5.121                    1.000 0.000 0.000 0.000

  R CORE   ENERGY   A0R/A00=1.000    R3= 0     2     4     6  
   7( 1)  494.017                    0.000 1.000 0.000 0.000

          AXIAL SYMMETRY => K RESTRICTED TO OMEGA

                     K
     S.P. ORB#: 25  0.50
     S.P. ORB#: 26 -1.50
     S.P. ORB#: 27 -5.50
     S.P. ORB#: 28  2.50
     S.P. ORB#: 29 -3.50
     S.P. ORB#: 30  2.50
     S.P. ORB#: 31  0.50
     S.P. ORB#: 32  0.50
     S.P. ORB#: 33 -1.50
     S.P. ORB#: 34 -3.50
     S.P. ORB#: 35 -3.50
     S.P. ORB#: 36  0.50
     S.P. ORB#: 37  4.50
     S.P. ORB#: 38 -1.50
     S.P. ORB#: 39  4.50
 

             ENERGY    K= OMEGA
 
 I=  1/2- (1)  2.209  32: 0.999
 
 I=  1/2- (2)  4.055  31:-0.930
                      36: 0.369
 
 I=  1/2- (3)  5.971  25: 0.999
 
 I=  1/2- (4)  6.671  31: 0.369
                      36: 0.930
 
 I=  1/2- (5)147.182  33:-1.000

             ENERGY    K= OMEGA
 
 I=  3/2- (1)  2.212  32:-0.567
                      33: 0.824
 
 I=  3/2- (2)  2.423  25:-0.168
                      32:-0.813
                      33:-0.558
 
 I=  3/2- (3)  4.072  26:-0.071
                      31:-0.967
                      36:-0.117
                      38:-0.215
 
 I=  3/2- (4)  6.744  25: 0.986
                      32:-0.135
                      33:-0.099
 
 I=  3/2- (5)  6.920  26:-0.203
                      36:-0.863
                      38: 0.462

             ENERGY    K= OMEGA
 
 I=  5/2- (1)  2.585  25: 0.221
                      28:-0.054
                      32:-0.511
                      33:-0.829
 
 I=  5/2- (2)  3.403  25: 0.061
                      28: 0.084
                      32:-0.842
                      33: 0.530
 
 I=  5/2- (3)  3.981  28:-0.995
                      33: 0.089
 
 I=  5/2- (4)  4.254  26:-0.101
                      30: 0.084
                      31: 0.827
                      36:-0.481
                      38:-0.261
 
 I=  5/2- (5)  6.212  26: 0.499
                      30:-0.848
                      36:-0.174

             ENERGY    K= OMEGA
 
 I=  7/2- (1)  2.816  28:-0.183
                      35: 0.982
 
 I=  7/2- (2)  3.432  28:-0.074
                      29:-0.109
                      32:-0.733
                      33: 0.666
 
 I=  7/2- (3)  3.568  28: 0.173
                      29: 0.968
                      32:-0.177
 
 I=  7/2- (4)  3.691  25:-0.292
                      29:-0.150
                      32:-0.618
                      33:-0.712
 
 I=  7/2- (5)  4.264  26:-0.233
                      30:-0.229
                      31:-0.852
                      34:-0.086
                      36:-0.248
                      38:-0.313

             ENERGY    K= OMEGA
 
 I=  9/2- (1)  3.326  28:-0.118
                      29: 0.309
                      35:-0.350
                      37:-0.876
 
 I=  9/2- (2)  3.894  25:-0.098
                      28: 0.234
                      29: 0.172
                      32: 0.150
                      33: 0.229
                      35: 0.854
                      37:-0.320
 
 I=  9/2- (3)  4.007  25: 0.331
                      29: 0.072
                      32:-0.531
                      33:-0.720
                      35: 0.285
                      37:-0.063
 
 I=  9/2- (4)  4.792  28: 0.256
                      29:-0.899
                      32:-0.053
                      37:-0.349
 
 I=  9/2- (5)  4.907  26: 0.345
                      30:-0.477
                      31:-0.582
                      34: 0.336
                      36: 0.331
                      38: 0.259
                      39:-0.161

             ENERGY    K= OMEGA
 
 I= 11/2- (1)  4.029  27: 0.994
                      37: 0.100
 
 I= 11/2- (2)  4.441  27:-0.109
                      28: 0.164
                      29: 0.381
                      35:-0.396
                      37: 0.811
 
 I= 11/2- (3)  4.805  26:-0.384
                      30:-0.489
                      31:-0.577
                      34:-0.364
                      36:-0.208
                      38:-0.254
                      39:-0.201
 
 I= 11/2- (4)  5.205  28:-0.270
                      29: 0.242
                      33: 0.100
                      35: 0.854
                      37: 0.359
 
 I= 11/2- (5)  5.613  25: 0.136
                      32: 0.874
                      33:-0.456
                      35: 0.080

             ENERGY    K= OMEGA
 
 I= 13/2- (1)  5.555  26:-0.394
                      30: 0.587
                      31: 0.254
                      34:-0.539
                      36:-0.104
                      38:-0.142
                      39: 0.338
 
 I= 13/2- (2)  5.598  27: 0.952
                      28:-0.050
                      29: 0.123
                      35:-0.107
                      37:-0.255
 
 I= 13/2- (3)  5.813  27:-0.305
                      28:-0.196
                      29: 0.403
                      33:-0.065
                      35:-0.405
                      37:-0.731
 
 I= 13/2- (4)  6.265  25: 0.426
                      28:-0.078
                      29:-0.051
                      32:-0.549
                      33:-0.703
                      37: 0.117
 
 I= 13/2- (5)  6.756  25:-0.055
                      28:-0.284
                      29:-0.279
                      32: 0.082
                      33: 0.063
                      35:-0.834
                      37: 0.362

             ENERGY     K= 9/2
  35 LEVELS    TIME=  0.0 SEC



 ******************* EXCITATION ENERGIES, DOMINANT CONFIGURATION AND EXPECTATION VALUES (WITH S.P. UU+VV FACTORS) *******************

  NR  Eex(keV)  I   Kdom  NY    <Jz>  <Jx**2> <Jy**2> <Jz**2> <I.j>/|I|  <Rx**2> <Ry**2> <Rz**2> <R.j>/|R|  <HROTx> <HROTy> <HROTz>

   1    0.0   1/2-   1/2  32    0.50    5.18    5.18    0.25    0.17       5.53    5.53    0.00   -3.14      0.675   0.675   0.000
   2    3.3   3/2-  -3/2  33   -0.86    5.16    5.16    1.61    1.21       5.50    5.50   -0.00   -2.89      0.671   0.671  -0.000
   3  213.6   3/2-   1/2  32   -0.12    5.13    5.13    0.87    0.74       6.02    6.02    0.00   -2.80      0.734   0.734   0.000
   4  375.8   5/2-  -3/2  33   -0.87    5.34    5.34    1.64    1.42       6.34    6.34    0.00   -2.28      0.773   0.773   0.000
   5  606.6   7/2-  -7/2  35   -3.30    2.37    2.37   12.04    3.17       3.68    3.68    0.00   -1.55      0.448   0.448   0.000
  
   6 1117.3   9/2-   9/2  37    2.72    2.83    2.83   18.30    4.06       4.17    4.17   -0.00   -1.31      0.508   0.508  -0.000
   7 1194.1   5/2-   1/2  32   -0.05    5.20    5.20    0.85   -0.12      10.34   10.34    0.00   -2.55      1.261   1.261   0.000
   8 1223.5   7/2-   1/2  32   -0.43    5.16    5.16    1.33    0.82      10.44   10.44    0.00   -1.84      1.273   1.273   0.000
   9 1358.6   7/2-  -7/2  29   -3.19    6.27    6.27   11.67    3.04       7.92    7.92   -0.00   -3.05      0.966   0.966  -0.000
  10 1482.5   7/2-  -3/2  33   -0.60    5.26    5.26    1.56    0.91      10.33   10.33   -0.00   -1.87      1.259   1.259  -0.000
  
  11 1685.0   9/2-  -7/2  35   -2.12    2.78    2.78   11.83    2.61       8.10    8.10    0.00   -1.10      0.988   0.988   0.000
  12 1772.6   5/2-   5/2  28    2.46    6.12    6.12    6.21    2.07       7.47    7.47    0.00   -3.19      0.911   0.911   0.000
  13 1798.1   9/2-  -3/2  33   -0.87    5.26    5.26    2.40    1.58      10.98   10.98   -0.00   -1.08      1.338   1.338  -0.000
  14 1820.1  11/2- -11/2  27   -5.39    2.75    2.75   30.11    5.05       5.50    5.50    0.00   -1.64      0.670   0.670   0.000
  15 1846.3   1/2-   1/2  31    0.50   12.58   12.58    0.25    1.02      12.20   12.20    0.00   -4.97      1.487   1.487   0.000
  
  16 1862.6   3/2-   1/2  31    0.40   14.34   14.34    0.35    1.96      12.60   12.60    0.00   -5.03      1.536   1.536   0.000
  17 2045.4   5/2-   1/2  31    0.36   13.06   13.06    0.45    2.00      11.74   11.74    0.00   -4.26      1.432   1.432   0.000
  18 2055.4   7/2-   1/2  31    0.27   16.26   16.26    0.96    3.14      12.13   12.13    0.00   -4.26      1.479   1.479   0.000
  19 2231.6  11/2-   9/2  37    1.90    3.10    3.10   17.56    3.47       8.99    8.99   -0.00   -0.71      1.095   1.095  -0.001
  20 2583.2   9/2-  -7/2  29   -2.12    5.81    5.81   12.79    2.45      12.38   12.38   -0.00   -2.45      1.509   1.509  -0.000
  
  21 2596.3  11/2-   1/2  31    0.19   19.90   19.90    4.50    4.58      12.67   12.67    0.00   -3.37      1.545   1.545   0.000
  22 2698.2   9/2-   1/2  31    0.24   18.15   18.15    3.86    3.87      13.18   13.18    0.00   -4.07      1.607   1.607   0.000
  23 2995.7  11/2-  -7/2  35   -2.01    2.69    2.69   12.74    2.29      13.24   13.24   -0.00   -0.86      1.614   1.614  -0.000
  24 3346.1  13/2-   5/2  30    0.13   21.96   21.96    8.43    5.16      14.50   14.50    0.00   -3.03      1.768   1.768   0.000
  25 3388.9  13/2- -11/2  27   -4.77    2.79    2.79   29.06    4.24      12.08   12.08    0.00   -1.02      1.473   1.473   0.000
  
  26 3404.5  11/2-   1/2  32    0.05    5.10    5.10    0.77    0.69      19.21   19.21    0.00   -1.10      2.342   2.342   0.000
  27 3603.9  13/2-   9/2  37    0.84    3.27    3.27   17.91    3.14      14.65   14.65   -0.00   -0.46      1.786   1.786  -0.001
  28 3762.0   1/2-   1/2  25    0.50    7.33    7.33    0.25    0.64       7.28    7.28    0.00   -3.76      0.887   0.887   0.000
  29 4003.2   5/2-   5/2  30    1.44   22.81   22.81    5.06    3.77      18.58   18.58    0.00   -6.49      2.265   2.265   0.000
  30 4056.2  13/2-  -3/2  33   -0.44    5.67    5.67    1.61    1.62      19.52   19.52    0.00   -0.26      2.379   2.379   0.000
  
  31 4462.3   1/2-   1/2  36    0.50   17.15   17.15    0.25   -0.80      18.34   18.34   -0.00   -5.82      2.236   2.236  -0.000
  32 4535.1   3/2-   1/2  25    0.48    7.39    7.39    0.27   -0.73      10.80   10.80    0.00   -3.54      1.317   1.317   0.000
  33 4546.9  13/2-  -7/2  35   -1.92    2.80    2.80   12.67    1.99      19.59   19.59   -0.00   -0.69      2.388   2.388  -0.000
  34 4711.2   3/2-   1/2  36   -0.01   15.98   15.98    0.76    0.14      17.96   17.96    0.00   -5.41      2.190   2.190   0.000
  35*******   1/2-  -3/2  33    0.00    0.00    0.00    0.00   -0.00       0.00    0.00   -0.00   -0.00      0.000   0.000  -0.000
  
