1SPECTRUM OF (Z= 82 A=207) IN PARTICLE-ROTOR  MODEL WITH MODIFIED OSCILLATOR POTENTIAL


 PARITY=-   EPS= 0.373   GAMMA=  0.0   EPS4=0.000   EPS6=0.000   LEVELS:  24  25  26  27  28  29  30  31  32  33  34  35  36  37  38

 PAIRING FACTORS: GN0= 19.20  GN1=  7.40  IPAIR= 15 ***  E2PLUS(INPUT)=   0.730  E2PLUR(INPUT)=   0.000

 CORIOLIS ATTENUATION PARAMETERS:  CHSI=1.000  ETA=  1.00

 MOMENT OF INERTIA PARAMETERS:   A1=  0.122 MEV   A2=  0.122 MEV   A3=121.91924 MEV


 DELTA=0.871 MEV  LAMBDA=53.4360 MEV   HW0= 7.5393 MEV   LAMBDA/HW0= 7.0877

 E2ENERGY=0.730 MEV  HBAR**2/B=25797./A**(7/3)=4361.0/A**2 MEV

 IREC=0  =>  RECOIL TERMS j+j-, j+j+, jzjz, ETC TREATED AS ONE-BODY OPERATORS WITH UU+VV PAIRING FACTORS



 S. P. LEVEL   EQP       U     V        (UU + VV)**1.00

     24       4.279    0.102 0.995      1.000 1.000 0.999 0.998 0.996 0.986 0.944 0.916 0.759 0.671 0.475 0.358 0.314 0.245 0.233
     25       4.110    0.107 0.994      1.000 1.000 0.999 0.998 0.997 0.987 0.945 0.918 0.762 0.674 0.479 0.362 0.318 0.249 0.237
     26       2.911    0.151 0.988      0.999 0.999 1.000 1.000 0.999 0.993 0.959 0.935 0.790 0.707 0.518 0.404 0.360 0.293 0.280
     27       2.609    0.169 0.986      0.998 0.998 1.000 1.000 1.000 0.995 0.964 0.941 0.801 0.719 0.534 0.420 0.377 0.310 0.298
     28       2.352    0.188 0.982      0.996 0.997 0.999 1.000 1.000 0.997 0.969 0.948 0.813 0.733 0.550 0.438 0.395 0.329 0.316
     29       1.691    0.267 0.964      0.986 0.987 0.993 0.995 0.997 1.000 0.986 0.970 0.857 0.785 0.616 0.509 0.468 0.404 0.392
     30       1.130    0.426 0.905      0.944 0.945 0.959 0.964 0.969 0.986 1.000 0.997 0.932 0.879 0.740 0.647 0.610 0.552 0.541
     31       1.015    0.493 0.870      0.916 0.918 0.935 0.941 0.948 0.970 0.997 1.000 0.956 0.912 0.788 0.702 0.668 0.613 0.603
     32       0.872    0.726 0.688      0.759 0.762 0.790 0.801 0.813 0.857 0.932 0.956 1.000 0.992 0.934 0.880 0.857 0.817 0.810
     33       0.913    0.806 0.592      0.671 0.674 0.707 0.719 0.733 0.785 0.879 0.912 0.992 1.000 0.971 0.933 0.915 0.883 0.877
     34       1.230    0.924 0.383      0.475 0.479 0.518 0.534 0.550 0.616 0.740 0.788 0.934 0.971 1.000 0.992 0.985 0.969 0.966
     35       1.730    0.965 0.261      0.358 0.362 0.404 0.420 0.438 0.509 0.647 0.702 0.880 0.933 0.992 1.000 0.999 0.993 0.991
     36       2.072    0.977 0.215      0.314 0.318 0.360 0.377 0.395 0.468 0.610 0.668 0.857 0.915 0.985 0.999 1.000 0.997 0.996
     37       3.041    0.989 0.145      0.245 0.249 0.293 0.310 0.329 0.404 0.552 0.613 0.817 0.883 0.969 0.993 0.997 1.000 1.000
     38       3.327    0.991 0.132      0.233 0.237 0.280 0.298 0.316 0.392 0.541 0.603 0.810 0.877 0.966 0.991 0.996 1.000 1.000

  R CORE   ENERGY   A0R/A00=1.000    R3= 0     2  
   2( 1)    0.732                    1.000 0.000
   2( 2)  487.921                    0.000 1.000

  R CORE   ENERGY   A0R/A00=1.000    R3= 0     2  
   3( 1)  488.652                    0.000 1.000

  R CORE   ENERGY   A0R/A00=1.000    R3= 0     2     4  
   4( 1)    2.438                    1.000 0.000 0.000

  R CORE   ENERGY   A0R/A00=1.000    R3= 0     2     4  
   5( 1)  490.847                    0.000 1.000 0.000

  R CORE   ENERGY   A0R/A00=1.000    R3= 0     2     4     6  
   6( 1)    5.121                    1.000 0.000 0.000 0.000

  R CORE   ENERGY   A0R/A00=1.000    R3= 0     2     4     6  
   7( 1)  494.017                    0.000 1.000 0.000 0.000

          AXIAL SYMMETRY => K RESTRICTED TO OMEGA

                     K
     S.P. ORB#: 24  0.50
     S.P. ORB#: 25 -5.50
     S.P. ORB#: 26  2.50
     S.P. ORB#: 27  0.50
     S.P. ORB#: 28 -3.50
     S.P. ORB#: 29 -1.50
     S.P. ORB#: 30  0.50
     S.P. ORB#: 31 -1.50
     S.P. ORB#: 32  2.50
     S.P. ORB#: 33 -3.50
     S.P. ORB#: 34  4.50
     S.P. ORB#: 35  0.50
     S.P. ORB#: 36 -3.50
     S.P. ORB#: 37 -1.50
     S.P. ORB#: 38  2.50
 

             ENERGY    K= OMEGA
 
 I=  1/2- (1)  2.411  30: 0.999
 
 I=  1/2- (2)  5.110  27:-0.266
                      35: 0.964
 
 I=  1/2- (3)  5.926  24: 0.999
 
 I=  1/2- (4)  9.026  27:-0.964
                      35:-0.266
 
 I=  1/2- (5)147.319  31: 1.000

             ENERGY    K= OMEGA
 
 I=  3/2- (1)  2.298  24:-0.070
                      30: 0.292
                      31:-0.954
 
 I=  3/2- (2)  2.491  24:-0.201
                      30:-0.916
                      31:-0.263
                      37:-0.226

             ENERGY    K= OMEGA
 
 I=  5/2- (1)  2.470  24:-0.257
                      30: 0.465
                      31: 0.816
                      37:-0.089
                      38:-0.209
 
 I=  5/2- (2)  3.367  24:-0.057
                      26:-0.060
                      30: 0.778
                      31:-0.465
                      37:-0.389
                      38: 0.143
 
 I=  5/2- (3)  4.022  24:-0.096
                      26: 0.092
                      30: 0.169
                      31: 0.138
                      37: 0.481
                      38: 0.839
 
 I=  5/2- (4)  4.581  26: 0.406
                      30: 0.313
                      31:-0.240
                      37: 0.683
                      38:-0.462
 
 I=  5/2- (5)  4.730  26:-0.907
                      30: 0.118
                      37: 0.377
                      38:-0.137

             ENERGY    K= OMEGA
 
 I=  7/2- (1)  1.770  26:-0.165
                      33: 0.985
 
 I=  7/2- (2)  3.310  24:-0.142
                      30: 0.271
                      31:-0.880
                      37: 0.099
                      38:-0.346
 
 I=  7/2- (3)  3.472  24:-0.304
                      30:-0.864
                      31:-0.240
                      37:-0.318
 
 I=  7/2- (4)  3.926  27: 0.643
                      29: 0.587
                      32: 0.449
                      36: 0.199
 
 I=  7/2- (5)  4.232  26:-0.198
                      28:-0.969
                      31: 0.056
                      37: 0.050
                      38:-0.120

             ENERGY    K= OMEGA
 
 I=  9/2- (1)  2.153  26:-0.086
                      28: 0.165
                      33:-0.332
                      34:-0.925
 
 I=  9/2- (2)  2.808  26:-0.223
                      28:-0.097
                      31:-0.059
                      33:-0.908
                      34: 0.331
                      38: 0.055
 
 I=  9/2- (3)  3.561  24:-0.370
                      30: 0.501
                      31: 0.719
                      33:-0.077
                      37:-0.153
                      38:-0.255
 
 I=  9/2- (4)  4.700  27: 0.210
                      29:-0.549
                      32: 0.686
                      36:-0.428
 
 I=  9/2- (5)  5.239  26:-0.107
                      30: 0.671
                      31:-0.502
                      33: 0.056
                      37:-0.472
                      38: 0.238

             ENERGY    K= OMEGA
 
 I= 11/2- (1)  3.282  26:-0.138
                      28:-0.223
                      33: 0.426
                      34:-0.865
 
 I= 11/2- (2)  3.332  27:-0.632
                      29:-0.584
                      32:-0.450
                      35:-0.071
                      36:-0.228
 
 I= 11/2- (3)  4.074  26:-0.260
                      28: 0.144
                      31: 0.076
                      33: 0.849
                      34: 0.424
                      38: 0.072
 
 I= 11/2- (4)  5.230  24:-0.285
                      31:-0.861
                      33: 0.108
                      38:-0.401
 
 I= 11/2- (5)  5.343  24:-0.293
                      30:-0.868
                      37:-0.379
                      38: 0.117

             ENERGY    K= OMEGA
 
 I= 13/2- (1)  4.638  26: 0.182
                      28:-0.262
                      33: 0.479
                      34: 0.816
 
 I= 13/2- (2)  5.210  27:-0.214
                      29: 0.554
                      32:-0.676
                      36: 0.436
 
 I= 13/2- (3)  5.453  24:-0.354
                      26: 0.173
                      28: 0.123
                      30: 0.400
                      31: 0.561
                      33: 0.440
                      34:-0.293
                      37:-0.124
                      38:-0.243
 
 I= 13/2- (4)  5.646  24:-0.260
                      26:-0.227
                      28:-0.137
                      30: 0.314
                      31: 0.371
                      33:-0.676
                      34: 0.378
                      37:-0.120
                      38:-0.101
 
 I= 13/2- (5)  7.040  25:-0.999

             ENERGY     K= 5/2
  32 LEVELS    TIME=  0.0 SEC



 ******************* EXCITATION ENERGIES, DOMINANT CONFIGURATION AND EXPECTATION VALUES (WITH S.P. UU+VV FACTORS) *******************

  NR  Eex(keV)  I   Kdom  NY    <Jz>  <Jx**2> <Jy**2> <Jz**2> <I.j>/|I|  <Rx**2> <Ry**2> <Rz**2> <R.j>/|R|  <HROTx> <HROTy> <HROTz>

   1    0.0   7/2-  -7/2  33   -3.33    2.31    2.31   12.07    3.26       3.27    3.27    0.00   -1.46      0.399   0.399   0.000
   2  383.5   9/2-   9/2  34    3.38    2.50    2.50   19.04    4.15       3.76    3.76   -0.00   -1.24      0.458   0.458  -0.001
   3  528.4   3/2-  -3/2  31   -1.32    4.92    4.92    2.07    1.38       5.15    5.15   -0.00   -2.88      0.628   0.628  -0.000
   4  640.5   1/2-   1/2  30    0.50    4.93    4.93    0.25    0.25       5.22    5.22   -0.00   -3.07      0.637   0.637  -0.000
   5  700.1   5/2-  -3/2  31   -0.76    5.05    5.05    1.86    1.98       4.49    4.49   -0.00   -2.04      0.548   0.548  -0.000
  
   6  721.2   3/2-   1/2  30    0.26    4.55    4.55    0.49    1.02       4.70    4.70   -0.00   -2.49      0.573   0.573  -0.000
   7 1038.0   9/2-  -7/2  33   -2.30    2.39    2.39   12.77    2.82       7.13    7.13    0.00   -0.93      0.869   0.869   0.000
   8 1512.5  11/2-   9/2  34    2.60    2.68    2.68   18.13    3.57       8.28    8.28   -0.00   -0.53      1.010   1.010  -0.000
   9 1539.8   7/2-  -3/2  31   -0.83    4.64    4.64    2.57    1.49       7.88    7.88   -0.00   -1.49      0.961   0.961  -0.000
  10 1562.0  11/2-   1/2  27    0.02   23.40   23.40    2.77    6.16       5.82    5.82   -0.00   -3.73      0.710   0.710  -0.000
  
  11 1596.9   5/2-   1/2  30   -0.19    4.28    4.28    1.13    0.47       7.84    7.84   -0.00   -2.10      0.956   0.956  -0.000
  12 1701.8   7/2-   1/2  30    0.19    4.40    4.40    0.58    1.24       7.63    7.63   -0.00   -1.14      0.930   0.930  -0.000
  13 1791.0   9/2-  -3/2  31   -0.47    5.17    5.17    1.80    2.16       7.68    7.68   -0.00   -0.35      0.937   0.937  -0.000
  14 2156.4   7/2-   1/2  27    0.05   23.10   23.10    2.62    6.06       8.22    8.22    0.00   -6.11      1.003   1.003   0.000
  15 2251.6   5/2-   5/2  38    1.42    2.01    2.01    5.02    1.81       3.54    3.54   -0.00   -1.39      0.431   0.431  -0.000
  
  16 2304.3  11/2-  -7/2  33   -1.61    2.47    2.47   13.19    2.50      11.99   11.99   -0.00   -0.65      1.461   1.461  -0.000
  17 2462.5   7/2-  -7/2  28   -3.16    6.14    6.14   11.84    3.11       7.59    7.59    0.00   -3.02      0.925   0.925   0.000
  18 2810.8   5/2-  -3/2  37    0.21    3.12    3.12    3.57    0.64       7.40    7.40   -0.00   -2.06      0.902   0.902  -0.000
  19 2868.3  13/2-   9/2  34    2.03    2.84    2.84   17.39    3.18      13.71   13.71   -0.00   -0.17      1.672   1.672  -0.000
  20 2930.1   9/2-   5/2  32    0.11   23.94   23.94    5.87    5.18      13.47   13.47   -0.00   -5.39      1.642   1.642  -0.000
  
  21 2959.8   5/2-   5/2  26    1.89    5.37    5.37    5.59    1.72       7.46    7.46    0.00   -2.91      0.909   0.909   0.000
  22 3340.0   1/2-   1/2  35    0.50   12.22   12.22    0.25   -1.02      13.61   13.61    0.00   -4.90      1.659   1.659   0.000
  23 3439.9  13/2-   5/2  32    0.04   23.94   23.94    5.88    5.12      15.50   15.50   -0.00   -3.23      1.890   1.890  -0.000
  24 3460.4  11/2-  -3/2  31   -0.71    4.55    4.55    2.88    1.54      14.65   14.65   -0.00   -0.51      1.787   1.787  -0.000
  25 3469.1   9/2-   1/2  30   -0.33    3.89    3.89    1.67    0.50      14.59   14.59   -0.00   -1.29      1.779   1.779  -0.000
  
  26 3572.6  11/2-   1/2  30    0.24    4.30    4.30    0.64    1.27      14.91   14.91   -0.00   -0.30      1.817   1.817  -0.000
  27 3683.4  13/2-  -3/2  31   -0.48    4.38    4.38    5.68    2.31      15.44   15.44   -0.00    0.31      1.883   1.883  -0.000
  28 3876.4  13/2-  -7/2  33   -1.01    3.47    3.47    9.52    2.18      17.37   17.37    0.00   -0.21      2.118   2.118   0.000
  29 4156.3   1/2-   1/2  24    0.50    6.84    6.84    0.25    0.65       6.78    6.78    0.00   -3.63      0.827   0.827   0.000
  30 5270.2  13/2- -11/2  25   -5.48    2.75    2.75   30.21    4.32      12.04   12.04    0.00   -1.13      1.468   1.468   0.000
  
  31 7255.5   1/2-   1/2  27    0.50   23.08   23.08    0.25   -3.45      26.57   26.57    0.00   -6.78      3.240   3.240   0.000
  32*******   1/2-  -3/2  31    0.00    0.00    0.00    0.00   -0.00       0.00    0.00    0.00   -0.00      0.000   0.000   0.000
