1SPECTRUM OF (Z= 82 A=207) IN PARTICLE-ROTOR  MODEL WITH MODIFIED OSCILLATOR POTENTIAL


 PARITY=-   EPS= 0.382   GAMMA=  0.0   EPS4=0.000   EPS6=0.000   LEVELS:  25  26  27  28  29  30  31  32  33  34  35  36  37  38  39

 PAIRING FACTORS: GN0= 19.20  GN1=  7.40  IPAIR= 15 ***  E2PLUS(INPUT)=   0.730  E2PLUR(INPUT)=   0.000

 CORIOLIS ATTENUATION PARAMETERS:  CHSI=1.000  ETA=  1.00

 MOMENT OF INERTIA PARAMETERS:   A1=  0.122 MEV   A2=  0.122 MEV   A3=121.91924 MEV


 DELTA=0.860 MEV  LAMBDA=53.4543 MEV   HW0= 7.5460 MEV   LAMBDA/HW0= 7.0838

 E2ENERGY=0.730 MEV  HBAR**2/B=27057./A**(7/3)=4573.9/A**2 MEV

 IREC=0  =>  RECOIL TERMS j+j-, j+j+, jzjz, ETC TREATED AS ONE-BODY OPERATORS WITH UU+VV PAIRING FACTORS



 S. P. LEVEL   EQP       U     V        (UU + VV)**1.00

     25       3.968    0.109 0.994      1.000 0.999 0.999 0.997 0.991 0.940 0.909 0.805 0.621 0.446 0.392 0.324 0.244 0.233 0.231
     26       2.845    0.153 0.988      0.999 1.000 1.000 0.999 0.996 0.954 0.927 0.830 0.655 0.485 0.433 0.365 0.287 0.276 0.274
     27       2.815    0.155 0.988      0.999 1.000 1.000 0.999 0.996 0.954 0.927 0.831 0.657 0.486 0.434 0.367 0.288 0.277 0.275
     28       2.285    0.192 0.981      0.997 0.999 0.999 1.000 0.999 0.965 0.941 0.852 0.685 0.519 0.468 0.402 0.324 0.313 0.311
     29       1.836    0.241 0.970      0.991 0.996 0.996 0.999 1.000 0.977 0.957 0.877 0.721 0.562 0.512 0.448 0.372 0.361 0.359
     30       1.084    0.443 0.897      0.940 0.954 0.954 0.965 0.977 1.000 0.997 0.959 0.852 0.725 0.683 0.628 0.561 0.551 0.550
     31       0.976    0.513 0.858      0.909 0.927 0.927 0.941 0.957 0.997 1.000 0.979 0.891 0.778 0.740 0.689 0.626 0.617 0.615
     32       0.863    0.678 0.735      0.805 0.830 0.831 0.852 0.877 0.959 0.979 1.000 0.965 0.890 0.862 0.822 0.772 0.764 0.763
     33       0.955    0.847 0.532      0.621 0.655 0.657 0.685 0.721 0.852 0.891 0.965 1.000 0.978 0.965 0.943 0.912 0.907 0.906
     34       1.326    0.938 0.345      0.446 0.485 0.486 0.519 0.562 0.725 0.778 0.890 0.978 1.000 0.998 0.991 0.977 0.974 0.974
     35       1.551    0.957 0.290      0.392 0.433 0.434 0.468 0.512 0.683 0.740 0.862 0.965 0.998 1.000 0.997 0.988 0.986 0.986
     36       2.016    0.976 0.219      0.324 0.365 0.367 0.402 0.448 0.628 0.689 0.822 0.943 0.991 0.997 1.000 0.997 0.996 0.995
     37       3.170    0.991 0.137      0.244 0.287 0.288 0.324 0.372 0.561 0.626 0.772 0.912 0.977 0.988 0.997 1.000 1.000 1.000
     38       3.458    0.992 0.125      0.233 0.276 0.277 0.313 0.361 0.551 0.617 0.764 0.907 0.974 0.986 0.996 1.000 1.000 1.000
     39       3.515    0.992 0.123      0.231 0.274 0.275 0.311 0.359 0.550 0.615 0.763 0.906 0.974 0.986 0.995 1.000 1.000 1.000

  R CORE   ENERGY   A0R/A00=1.000    R3= 0     2  
   2( 1)    0.732                    1.000 0.000
   2( 2)  487.921                    0.000 1.000

  R CORE   ENERGY   A0R/A00=1.000    R3= 0     2  
   3( 1)  488.652                    0.000 1.000

  R CORE   ENERGY   A0R/A00=1.000    R3= 0     2     4  
   4( 1)    2.438                    1.000 0.000 0.000

  R CORE   ENERGY   A0R/A00=1.000    R3= 0     2     4  
   5( 1)  490.847                    0.000 1.000 0.000

  R CORE   ENERGY   A0R/A00=1.000    R3= 0     2     4     6  
   6( 1)    5.121                    1.000 0.000 0.000 0.000

  R CORE   ENERGY   A0R/A00=1.000    R3= 0     2     4     6  
   7( 1)  494.017                    0.000 1.000 0.000 0.000

          AXIAL SYMMETRY => K RESTRICTED TO OMEGA

                     K
     S.P. ORB#: 25 -5.50
     S.P. ORB#: 26  2.50
     S.P. ORB#: 27  0.50
     S.P. ORB#: 28 -3.50
     S.P. ORB#: 29 -1.50
     S.P. ORB#: 30  0.50
     S.P. ORB#: 31 -1.50
     S.P. ORB#: 32  2.50
     S.P. ORB#: 33 -3.50
     S.P. ORB#: 34  4.50
     S.P. ORB#: 35  0.50
     S.P. ORB#: 36 -3.50
     S.P. ORB#: 37 -1.50
     S.P. ORB#: 38  2.50
     S.P. ORB#: 39  0.50
 

             ENERGY    K= OMEGA
 
 I=  1/2- (1)  2.381  30: 1.000
 
 I=  1/2- (2)  4.511  27:-0.193
                      35: 0.910
                      39:-0.368
 
 I=  1/2- (3)  7.393  27:-0.375
                      35: 0.278
                      39: 0.884
 
 I=  1/2- (4)  9.309  27: 0.907
                      35: 0.308
                      39: 0.288
 
 I=  1/2- (5)147.279  31: 1.000

             ENERGY    K= OMEGA
 
 I=  3/2- (1)  2.278  30:-0.449
                      31: 0.893
 
 I=  3/2- (2)  2.642  30: 0.866
                      31: 0.441
                      37: 0.235

             ENERGY    K= OMEGA
 
 I=  5/2- (1)  2.737  30: 0.398
                      31: 0.878
                      37:-0.083
                      38:-0.249
 
 I=  5/2- (2)  3.369  26:-0.057
                      30: 0.837
                      31:-0.385
                      37:-0.373
                      38: 0.093
 
 I=  5/2- (3)  4.179  26:-0.144
                      30:-0.209
                      31:-0.178
                      37:-0.470
                      38:-0.826
 
 I=  5/2- (4)  4.612  26: 0.865
                      30: 0.152
                      31:-0.170
                      37: 0.305
                      38:-0.327
 
 I=  5/2- (5)  4.751  26: 0.476
                      30:-0.272
                      31: 0.140
                      37:-0.735
                      38: 0.374

             ENERGY    K= OMEGA
 
 I=  7/2- (1)  1.825  26:-0.158
                      33: 0.986
 
 I=  7/2- (2)  3.314  30: 0.561
                      31:-0.750
                      37: 0.182
                      38:-0.297
 
 I=  7/2- (3)  4.011  26: 0.075
                      30:-0.731
                      31:-0.543
                      37:-0.345
                      38:-0.213
 
 I=  7/2- (4)  4.017  27:-0.625
                      29:-0.587
                      32:-0.470
                      36:-0.208
 
 I=  7/2- (5)  4.173  26:-0.194
                      28:-0.974
                      38:-0.098

             ENERGY    K= OMEGA
 
 I=  9/2- (1)  2.252  26:-0.087
                      28: 0.163
                      33:-0.350
                      34:-0.918
 
 I=  9/2- (2)  2.882  26:-0.212
                      28:-0.099
                      33:-0.905
                      34: 0.348
                      38: 0.051
 
 I=  9/2- (3)  4.275  30: 0.440
                      31: 0.785
                      33:-0.060
                      37:-0.199
                      38:-0.382
 
 I=  9/2- (4)  4.731  27: 0.209
                      29:-0.551
                      32: 0.690
                      36:-0.421
 
 I=  9/2- (5)  5.246  26: 0.172
                      28:-0.275
                      30:-0.671
                      31: 0.443
                      33:-0.056
                      34:-0.050
                      37: 0.477
                      38:-0.123

             ENERGY    K= OMEGA
 
 I= 11/2- (1)  3.388  26:-0.137
                      28:-0.221
                      33: 0.439
                      34:-0.859
 
 I= 11/2- (2)  3.430  27: 0.617
                      29: 0.586
                      32: 0.462
                      35: 0.093
                      36: 0.230
 
 I= 11/2- (3)  4.164  26: 0.248
                      28:-0.147
                      31:-0.067
                      33:-0.846
                      34:-0.436
                      38:-0.073
 
 I= 11/2- (4)  5.270  25: 0.054
                      30: 0.574
                      31:-0.676
                      33: 0.078
                      37: 0.266
                      38:-0.363
 
 I= 11/2- (5)  5.312  25: 0.998

             ENERGY    K= OMEGA
 
 I= 13/2- (1)  4.753  26: 0.179
                      28:-0.260
                      33: 0.487
                      34: 0.813
 
 I= 13/2- (2)  5.263  27:-0.215
                      29: 0.559
                      32:-0.678
                      36: 0.426
 
 I= 13/2- (3)  5.675  26:-0.274
                      28:-0.187
                      31:-0.094
                      33:-0.799
                      34: 0.481
                      38: 0.096
 
 I= 13/2- (4)  6.753  30:-0.450
                      31:-0.721
                      33: 0.112
                      34:-0.057
                      37: 0.269
                      38: 0.432
 
 I= 13/2- (5)  6.899  25: 0.998

             ENERGY     K= 1/2
  32 LEVELS    TIME=  0.0 SEC



 ******************* EXCITATION ENERGIES, DOMINANT CONFIGURATION AND EXPECTATION VALUES (WITH S.P. UU+VV FACTORS) *******************

  NR  Eex(keV)  I   Kdom  NY    <Jz>  <Jx**2> <Jy**2> <Jz**2> <I.j>/|I|  <Rx**2> <Ry**2> <Rz**2> <R.j>/|R|  <HROTx> <HROTy> <HROTz>

   1    0.0   7/2-  -7/2  33   -3.34    2.30    2.30   12.09    3.24       3.35    3.35    0.00   -1.48      0.409   0.409   0.000
   2  427.7   9/2-   9/2  34    3.29    2.50    2.50   18.95    4.12       3.83    3.83    0.00   -1.24      0.467   0.467   0.000
   3  453.1   3/2-  -3/2  31   -1.10    4.94    4.94    1.85    1.29       5.25    5.25    0.00   -2.85      0.639   0.639   0.000
   4  556.7   1/2-   1/2  30    0.50    4.91    4.91    0.25    0.10       5.32    5.32    0.00   -3.06      0.649   0.649   0.000
   5  817.0   3/2-   1/2  30   -0.00    4.66    4.66    0.75    0.47       6.00    6.00    0.00   -2.65      0.732   0.732   0.000
  
   6  912.3   5/2-  -3/2  31   -0.93    4.77    4.77    2.19    1.28       6.45    6.45    0.00   -2.21      0.786   0.786   0.000
   7 1057.3   9/2-  -7/2  33   -2.24    2.37    2.37   12.92    2.80       7.29    7.29    0.00   -0.98      0.889   0.889   0.000
   8 1489.7   7/2-  -3/2  31   -0.52    4.65    4.65    1.99    1.33       8.25    8.25    0.00   -1.48      1.006   1.006   0.000
   9 1544.7   5/2-   1/2  30   -0.05    4.35    4.35    0.90    0.35       8.14    8.14    0.00   -2.12      0.993   0.993   0.000
  10 1563.1  11/2-   9/2  34    2.52    2.67    2.67   18.06    3.54       8.43    8.43    0.00   -0.55      1.028   1.028   0.000
  
  11 1605.0  11/2-   1/2  27    0.03   23.33   23.33    2.85    6.16       5.83    5.83    0.00   -3.72      0.711   0.711   0.000
  12 2186.2   7/2-   1/2  30   -0.23    4.27    4.27    1.39    0.56      10.64   10.64    0.00   -1.68      1.297   1.297   0.000
  13 2191.9   7/2-   1/2  27    0.08   22.91   22.91    2.78    6.03       8.23    8.23    0.00   -6.08      1.003   1.003   0.000
  14 2339.7  11/2-  -7/2  33   -1.57    2.46    2.46   13.33    2.47      12.21   12.21    0.00   -0.70      1.489   1.489   0.000
  15 2348.3   7/2-  -7/2  28   -3.21    6.18    6.18   11.92    3.12       7.62    7.62    0.00   -3.04      0.929   0.929   0.001
  
  16 2353.9   5/2-   5/2  38    1.40    2.08    2.08    4.98    1.67       4.02    4.02   -0.00   -1.49      0.490   0.490  -0.000
  17 2450.4   9/2-  -3/2  31   -0.54    4.46    4.46    2.50    1.30      11.60   11.60    0.00   -1.02      1.414   1.414   0.000
  18 2686.5   1/2-   1/2  35    0.50   11.19   11.19    0.25    0.96      10.86   10.86    0.00   -4.68      1.324   1.324   0.000
  19 2787.6   5/2-   5/2  26    1.97    5.20    5.20    5.62    1.74       7.25    7.25   -0.00   -2.86      0.883   0.883  -0.000
  20 2906.2   9/2-   5/2  32    0.14   23.79   23.79    5.83    5.15      13.46   13.46    0.00   -5.36      1.641   1.641   0.000
  
  21 2925.9   5/2-  -3/2  37    0.11    3.14    3.14    3.57    0.63       7.43    7.43    0.00   -2.07      0.906   0.906   0.000
  22 2928.4  13/2-   9/2  34    1.98    2.82    2.82   17.36    3.14      13.93   13.93    0.00   -0.20      1.699   1.699   0.000
  23 3420.9   9/2-   1/2  30   -0.56    4.10    4.10    2.36    0.64      14.47   14.47    0.00   -1.37      1.764   1.764   0.000
  24 3438.4  13/2-   5/2  32    0.07   23.80   23.80    5.81    5.09      15.57   15.57    0.00   -3.21      1.898   1.898   0.000
  25 3445.3  11/2-  -3/2  31   -0.33    4.41    4.41    2.29    1.33      15.45   15.45    0.00   -0.56      1.883   1.883   0.000
  
  26 3486.8  11/2- -11/2  25   -5.47    2.76    2.76   30.15    5.04       5.56    5.56    0.00   -1.65      0.677   0.677   0.000
  27 3850.3  13/2-  -7/2  33   -1.12    2.55    2.55   13.53    2.23      18.12   18.12    0.00   -0.51      2.209   2.209   0.000
  28 4927.9  13/2-  -3/2  31   -0.36    4.23    4.23    2.83    1.29      21.02   21.02    0.00   -0.35      2.563   2.563   0.000
  29 5073.8  13/2- -11/2  25   -5.47    2.75    2.75   30.17    4.32      12.06   12.06    0.00   -1.13      1.471   1.471   0.000
  30 5568.7   1/2-   1/2  39    0.50   15.92   15.92    0.25   -0.59      16.93   16.93    0.00   -5.60      2.064   2.064   0.000
  
  31 7484.0   1/2-   1/2  27    0.50   23.42   23.42    0.25   -3.42      26.89   26.89    0.00   -6.83      3.278   3.278   0.000
  32*******   1/2-  -3/2  31    0.00    0.00    0.00    0.00    0.00       0.00    0.00    0.00   -0.00      0.000   0.000   0.000
