1SPECTRUM OF (Z= 82 A=207) IN PARTICLE-ROTOR  MODEL WITH MODIFIED OSCILLATOR POTENTIAL


 PARITY=-   EPS= 0.308   GAMMA=  0.0   EPS4=0.000   EPS6=0.000   LEVELS:  24  25  26  27  28  29  30  31  32  33  34  35  36  37  38

 PAIRING FACTORS: GN0= 19.20  GN1=  7.40  IPAIR= 15 ***  E2PLUS(INPUT)=   0.730  E2PLUR(INPUT)=   0.000

 CORIOLIS ATTENUATION PARAMETERS:  CHSI=1.000  ETA=  1.00

 MOMENT OF INERTIA PARAMETERS:   A1=  0.122 MEV   A2=  0.122 MEV   A3=121.91924 MEV


 DELTA=0.944 MEV  LAMBDA=53.2897 MEV   HW0= 7.4963 MEV   LAMBDA/HW0= 7.1088

 E2ENERGY=0.730 MEV  HBAR**2/B=17590./A**(7/3)=2973.5/A**2 MEV

 IREC=0  =>  RECOIL TERMS j+j-, j+j+, jzjz, ETC TREATED AS ONE-BODY OPERATORS WITH UU+VV PAIRING FACTORS



 S. P. LEVEL   EQP       U     V        (UU + VV)**1.00

     24       5.033    0.094 0.996      1.000 1.000 0.999 0.997 0.966 0.952 0.952 0.928 0.835 0.797 0.476 0.311 0.287 0.283 0.246
     25       4.132    0.115 0.993      1.000 1.000 1.000 0.998 0.971 0.959 0.958 0.936 0.846 0.810 0.494 0.331 0.307 0.303 0.266
     26       3.331    0.143 0.990      0.999 1.000 1.000 1.000 0.978 0.966 0.966 0.945 0.861 0.826 0.519 0.358 0.334 0.330 0.293
     27       2.777    0.173 0.985      0.997 0.998 1.000 1.000 0.983 0.974 0.973 0.955 0.876 0.843 0.544 0.386 0.362 0.358 0.322
     28       1.445    0.349 0.937      0.966 0.971 0.978 0.983 1.000 0.999 0.999 0.993 0.949 0.926 0.687 0.547 0.525 0.521 0.488
     29       1.306    0.393 0.920      0.952 0.959 0.966 0.974 0.999 1.000 1.000 0.997 0.963 0.943 0.721 0.586 0.565 0.562 0.529
     30       1.304    0.394 0.919      0.952 0.958 0.966 0.973 0.999 1.000 1.000 0.998 0.963 0.944 0.722 0.587 0.566 0.562 0.530
     31       1.160    0.458 0.889      0.928 0.936 0.945 0.955 0.993 0.997 0.998 1.000 0.980 0.965 0.769 0.642 0.622 0.619 0.589
     32       0.967    0.627 0.779      0.835 0.846 0.861 0.876 0.949 0.963 0.963 0.980 1.000 0.998 0.882 0.783 0.767 0.764 0.739
     33       0.948    0.676 0.737      0.797 0.810 0.826 0.843 0.926 0.943 0.944 0.965 0.998 1.000 0.910 0.822 0.807 0.804 0.781
     34       1.312    0.920 0.391      0.476 0.494 0.519 0.544 0.687 0.721 0.722 0.769 0.882 0.910 1.000 0.984 0.979 0.978 0.969
     35       2.195    0.975 0.221      0.311 0.331 0.358 0.386 0.547 0.586 0.587 0.642 0.783 0.822 0.984 1.000 1.000 1.000 0.998
     36       2.465    0.981 0.195      0.287 0.307 0.334 0.362 0.525 0.565 0.566 0.622 0.767 0.807 0.979 1.000 1.000 1.000 0.999
     37       2.516    0.982 0.191      0.283 0.303 0.330 0.358 0.521 0.562 0.562 0.619 0.764 0.804 0.978 1.000 1.000 1.000 0.999
     38       3.114    0.988 0.153      0.246 0.266 0.293 0.322 0.488 0.529 0.530 0.589 0.739 0.781 0.969 0.998 0.999 0.999 1.000

  R CORE   ENERGY   A0R/A00=1.000    R3= 0     2  
   2( 1)    0.732                    1.000 0.000
   2( 2)  487.921                    0.000 1.000

  R CORE   ENERGY   A0R/A00=1.000    R3= 0     2  
   3( 1)  488.652                    0.000 1.000

  R CORE   ENERGY   A0R/A00=1.000    R3= 0     2     4  
   4( 1)    2.438                    1.000 0.000 0.000

  R CORE   ENERGY   A0R/A00=1.000    R3= 0     2     4  
   5( 1)  490.847                    0.000 1.000 0.000

  R CORE   ENERGY   A0R/A00=1.000    R3= 0     2     4     6  
   6( 1)    5.121                    1.000 0.000 0.000 0.000

  R CORE   ENERGY   A0R/A00=1.000    R3= 0     2     4     6  
   7( 1)  494.017                    0.000 1.000 0.000 0.000

          AXIAL SYMMETRY => K RESTRICTED TO OMEGA

                     K
     S.P. ORB#: 24  2.50
     S.P. ORB#: 25  0.50
     S.P. ORB#: 26  2.50
     S.P. ORB#: 27 -3.50
     S.P. ORB#: 28  0.50
     S.P. ORB#: 29  0.50
     S.P. ORB#: 30 -1.50
     S.P. ORB#: 31 -3.50
     S.P. ORB#: 32 -1.50
     S.P. ORB#: 33  4.50
     S.P. ORB#: 34  2.50
     S.P. ORB#: 35 -1.50
     S.P. ORB#: 36  2.50
     S.P. ORB#: 37 -3.50
     S.P. ORB#: 38  0.50
 

             ENERGY    K= OMEGA
 
 I=  1/2- (1)  2.653  28: 0.999
 
 I=  1/2- (2)  5.648  25: 0.999
 
 I=  1/2- (3)  6.214  29: 0.529
                      38:-0.849
 
 I=  1/2- (4)  8.881  29:-0.849
                      38:-0.529
 
 I=  1/2- (5)147.270  32: 1.000

             ENERGY    K= OMEGA
 
 I=  3/2- (1)  2.492  25:-0.165
                      28:-0.207
                      30:-0.849
                      35:-0.458
 
 I=  3/2- (2)  2.545  25:-0.081
                      28:-0.710
                      30: 0.469
                      35:-0.519

             ENERGY    K= OMEGA
 
 I=  5/2- (1)  2.521  25:-0.247
                      28: 0.420
                      30: 0.718
                      35:-0.219
                      36:-0.442
 
 I=  5/2- (2)  3.151  24:-0.058
                      25: 0.080
                      26:-0.071
                      28: 0.244
                      30:-0.487
                      35:-0.801
                      36:-0.216
 
 I=  5/2- (3)  3.277  25:-0.153
                      28: 0.510
                      30: 0.108
                      35:-0.150
                      36: 0.825
 
 I=  5/2- (4)  4.137  24: 0.059
                      25: 0.058
                      28:-0.677
                      30: 0.420
                      35:-0.532
                      36: 0.275
 
 I=  5/2- (5)  5.080  24:-0.117
                      26:-0.990
                      35: 0.062

             ENERGY    K= OMEGA
 
 I=  7/2- (1)  1.933  26:-0.206
                      27: 0.069
                      31: 0.974
 
 I=  7/2- (2)  3.234  24: 0.098
                      25:-0.101
                      27:-0.119
                      28: 0.264
                      30:-0.696
                      35: 0.268
                      36:-0.581
 
 I=  7/2- (3)  3.313  29:-0.731
                      32:-0.575
                      34:-0.339
                      37:-0.137
 
 I=  7/2- (4)  3.473  24: 0.063
                      25:-0.313
                      28:-0.679
                      30:-0.374
                      35:-0.540
 
 I=  7/2- (5)  4.255  24:-0.162
                      27: 0.245
                      28:-0.467
                      30: 0.422
                      35: 0.310
                      36:-0.647

             ENERGY    K= OMEGA
 
 I=  9/2- (1)  1.783  24: 0.055
                      26:-0.062
                      27: 0.235
                      31:-0.188
                      33:-0.950
 
 I=  9/2- (2)  2.847  24: 0.062
                      26: 0.282
                      27: 0.120
                      30: 0.087
                      31: 0.928
                      33:-0.166
                      36:-0.061
 
 I=  9/2- (3)  3.505  24:-0.107
                      25: 0.360
                      27:-0.080
                      28:-0.458
                      30:-0.669
                      31: 0.107
                      33:-0.069
                      35: 0.228
                      36: 0.355
 
 I=  9/2- (4)  4.517  29:-0.236
                      32: 0.595
                      34:-0.652
                      37: 0.406
 
 I=  9/2- (5)  4.926  24: 0.182
                      25:-0.077
                      27: 0.235
                      28:-0.310
                      30: 0.425
                      31:-0.075
                      33: 0.081
                      35: 0.774
                      36: 0.123

             ENERGY    K= OMEGA
 
 I= 11/2- (1)  2.584  29: 0.688
                      32: 0.579
                      34: 0.389
                      37: 0.195
                      38: 0.053
 
 I= 11/2- (2)  2.795  24: 0.098
                      26:-0.101
                      27:-0.333
                      31: 0.246
                      33:-0.899
 
 I= 11/2- (3)  3.977  24:-0.096
                      26:-0.331
                      27: 0.167
                      30: 0.113
                      31: 0.890
                      33: 0.203
                      36: 0.079
 
 I= 11/2- (4)  5.034  24: 0.174
                      25:-0.180
                      26:-0.055
                      27:-0.153
                      28: 0.164
                      30:-0.716
                      31: 0.128
                      33: 0.156
                      35: 0.224
                      36:-0.529
 
 I= 11/2- (5)  5.321  24:-0.062
                      25: 0.362
                      28: 0.728
                      30: 0.243
                      31:-0.073
                      35: 0.513
                      36:-0.064

             ENERGY    K= OMEGA
 
 I= 13/2- (1)  4.000  24: 0.143
                      26:-0.130
                      27: 0.405
                      30: 0.063
                      31:-0.271
                      33:-0.848
 
 I= 13/2- (2)  4.799  29: 0.224
                      32:-0.575
                      34: 0.657
                      37:-0.432
 
 I= 13/2- (3)  5.223  24:-0.162
                      25: 0.278
                      26:-0.282
                      27:-0.177
                      28:-0.284
                      30:-0.454
                      31:-0.657
                      33: 0.079
                      35: 0.096
                      36: 0.229
 
 I= 13/2- (4)  5.518  25: 0.330
                      26: 0.241
                      27: 0.085
                      28:-0.378
                      30:-0.459
                      31: 0.570
                      33:-0.252
                      35: 0.200
                      36: 0.207
 
 I= 13/2- (5)  7.605  24:-0.344
                      26: 0.059
                      27:-0.435
                      28: 0.384
                      30:-0.312
                      31: 0.103
                      33:-0.306
                      35:-0.583

             ENERGY     K= 1/2
  32 LEVELS    TIME=  0.0 SEC



 ******************* EXCITATION ENERGIES, DOMINANT CONFIGURATION AND EXPECTATION VALUES (WITH S.P. UU+VV FACTORS) *******************

  NR  Eex(keV)  I   Kdom  NY    <Jz>  <Jx**2> <Jy**2> <Jz**2> <I.j>/|I|  <Rx**2> <Ry**2> <Rz**2> <R.j>/|R|  <HROTx> <HROTy> <HROTz>

   1    0.0   9/2-   9/2  33    3.76    2.63    2.63   19.42    4.39       2.89    2.89    0.00   -1.19      0.352   0.352   0.000
   2  150.4   7/2-  -7/2  31   -3.23    2.29    2.29   11.97    3.38       2.74    2.74    0.00   -1.34      0.334   0.334   0.000
   3  709.6   3/2-  -3/2  30   -1.36    3.68    3.68    2.11    1.47       3.77    3.77    0.00   -2.41      0.459   0.459   0.000
   4  738.6   5/2-  -3/2  30   -0.23    4.34    4.34    2.57    2.35       3.04    3.04    0.00   -1.74      0.371   0.371   0.000
   5  762.3   3/2-   1/2  28   -0.48    3.98    3.98    1.23    1.41       3.74    3.74    0.00   -2.36      0.456   0.456   0.000
  
   6  800.8  11/2-   1/2  29   -0.02   25.11   25.11    2.28    6.46       5.49    5.49    0.00   -4.19      0.670   0.670   0.000
   7  870.0   1/2-   1/2  28    0.50    4.68    4.68    0.25    0.29       4.93    4.93    0.00   -2.98      0.601   0.601   0.000
   8 1011.8  11/2-   9/2  33    3.08    2.99    2.99   18.58    3.97       6.43    6.43    0.00   -0.23      0.783   0.783   0.000
   9 1064.0   9/2-  -7/2  31   -2.73    2.41    2.41   11.85    2.95       6.04    6.04    0.00   -0.57      0.736   0.736   0.000
  10 1368.3   5/2-  -3/2  35   -1.15    2.28    2.28    2.34    1.02       4.81    4.81    0.00   -1.25      0.586   0.586   0.000
  
  11 1451.4   7/2-  -3/2  30    0.02    3.78    3.78    3.65    1.97       5.65    5.65    0.00   -1.00      0.689   0.689   0.000
  12 1494.4   5/2-   5/2  36    1.80    2.74    2.74    4.41    1.69       4.33    4.33    0.00   -1.66      0.527   0.527   0.000
  13 1530.5   7/2-   1/2  29   -0.01   24.61   24.61    1.83    6.25       8.59    8.59   -0.00   -6.33      1.047   1.047  -0.000
  14 1689.9   7/2-   1/2  28   -0.36    3.48    3.48    1.20    1.42       6.34    6.34    0.00   -0.72      0.773   0.773   0.000
  15 1721.9   9/2-  -3/2  30   -0.28    4.78    4.78    2.39    2.40       6.40    6.40    0.00   -0.00      0.781   0.781   0.000
  
  16 2194.4  11/2-  -7/2  31   -2.39    2.52    2.52   11.68    2.68      10.22   10.22    0.00   -0.16      1.246   1.246   0.000
  17 2217.2  13/2-   9/2  33    2.49    3.37    3.37   17.71    3.71      10.69   10.69    0.00    0.32      1.304   1.304   0.000
  18 2354.8   5/2-   1/2  28   -0.26    3.84    3.84    1.64   -0.28       9.87    9.87    0.00   -2.29      1.203   1.203   0.000
  19 2472.4   7/2-   5/2  36    0.60    3.08    3.08    4.20    1.06       8.85    8.85    0.00   -1.46      1.078   1.078   0.000
  20 2734.0   9/2-   5/2  34   -0.02   25.05   25.05    5.49    5.49      12.83   12.83    0.00   -5.58      1.564   1.564   0.000
  
  21 3016.0  13/2-   5/2  34   -0.04   25.03   25.03    5.74    5.50      13.84   13.84    0.00   -3.30      1.688   1.688   0.000
  22 3143.4   9/2-  -3/2  35   -1.18    2.72    2.72    2.97    1.00      11.62   11.62    0.00   -0.72      1.417   1.417   0.000
  23 3251.6  11/2-  -3/2  30   -0.06    4.12    4.12    4.22    1.89      12.81   12.81    0.00   -0.23      1.561   1.561   0.000
  24 3296.8   5/2-   5/2  26    2.47    5.75    5.75    6.22    2.07       7.11    7.11    0.00   -3.08      0.867   0.867   0.000
  25 3439.9  13/2-  -7/2  31   -1.44    3.67    3.67    7.31    2.55      13.86   13.86    0.00    0.61      1.690   1.690   0.000
  
  26 3538.7  11/2-   1/2  28   -0.15    3.59    3.59    1.05    1.40      13.60   13.60    0.00    0.03      1.659   1.659   0.000
  27 3735.6  13/2-  -7/2  31   -0.87    3.94    3.94    6.62    2.33      15.33   15.33    0.00    0.32      1.869   1.869   0.000
  28 3865.1   1/2-   1/2  25    0.50    6.33    6.33    0.25    0.68       6.24    6.24    0.00   -3.49      0.760   0.760   0.000
  29 4431.2   1/2-   1/2  38    0.50   12.70   12.70    0.25   -1.83      14.79   14.79    0.00   -5.01      1.803   1.803   0.000
  30 5821.8  13/2-  -3/2  35   -0.55    4.13    4.13    6.12    1.42      21.67   21.67    0.00   -0.68      2.642   2.642   0.000
  
  31 7098.3   1/2-   1/2  29    0.50   25.40   25.40    0.25   -3.57      28.99   28.99    0.00   -7.11      3.534   3.534   0.000
  32*******   1/2-  -3/2  32    0.00    0.00    0.00    0.00   -0.00       0.00    0.00    0.00   -0.00      0.000   0.000   0.000
