1SPECTRUM OF (Z= 82 A=207) IN PARTICLE-ROTOR  MODEL WITH MODIFIED OSCILLATOR POTENTIAL


 PARITY=-   EPS= 0.407   GAMMA=  0.0   EPS4=0.000   EPS6=0.000   LEVELS:  25  26  27  28  29  30  31  32  33  34  35  36  37  38  39

 PAIRING FACTORS: GN0= 19.20  GN1=  7.40  IPAIR= 15 ***  E2PLUS(INPUT)=   0.730  E2PLUR(INPUT)=   0.000

 CORIOLIS ATTENUATION PARAMETERS:  CHSI=1.000  ETA=  1.00

 MOMENT OF INERTIA PARAMETERS:   A1=  0.122 MEV   A2=  0.122 MEV   A3=121.91924 MEV


 DELTA=0.842 MEV  LAMBDA=53.4850 MEV   HW0= 7.5659 MEV   LAMBDA/HW0= 7.0692

 E2ENERGY=0.730 MEV  HBAR**2/B=30714./A**(7/3)=5192.2/A**2 MEV

 IREC=0  =>  RECOIL TERMS j+j-, j+j+, jzjz, ETC TREATED AS ONE-BODY OPERATORS WITH UU+VV PAIRING FACTORS



 S. P. LEVEL   EQP       U     V        (UU + VV)**1.00

     25       3.549    0.120 0.993      1.000 1.000 0.999 0.997 0.996 0.915 0.897 0.870 0.517 0.493 0.377 0.344 0.256 0.242 0.237
     26       3.389    0.125 0.992      1.000 1.000 0.999 0.998 0.997 0.917 0.900 0.873 0.522 0.498 0.382 0.349 0.261 0.247 0.242
     27       2.637    0.162 0.987      0.999 0.999 1.000 1.000 0.999 0.931 0.915 0.891 0.553 0.530 0.416 0.384 0.297 0.283 0.278
     28       2.246    0.191 0.982      0.997 0.998 1.000 1.000 1.000 0.942 0.927 0.904 0.578 0.555 0.443 0.411 0.325 0.311 0.306
     29       2.081    0.207 0.978      0.996 0.997 0.999 1.000 1.000 0.947 0.933 0.910 0.591 0.568 0.457 0.426 0.340 0.327 0.322
     30       0.960    0.510 0.860      0.915 0.917 0.931 0.942 0.947 1.000 0.999 0.995 0.819 0.802 0.719 0.694 0.624 0.613 0.609
     31       0.921    0.546 0.838      0.897 0.900 0.915 0.927 0.933 0.999 1.000 0.998 0.842 0.827 0.747 0.723 0.657 0.646 0.642
     32       0.882    0.593 0.805      0.870 0.873 0.891 0.904 0.910 0.995 0.998 1.000 0.872 0.858 0.784 0.762 0.699 0.688 0.685
     33       1.124    0.912 0.411      0.517 0.522 0.553 0.578 0.591 0.819 0.842 0.872 1.000 1.000 0.988 0.982 0.960 0.956 0.954
     34       1.184    0.923 0.385      0.493 0.498 0.530 0.555 0.568 0.802 0.827 0.858 1.000 1.000 0.992 0.987 0.967 0.963 0.962
     35       1.659    0.965 0.263      0.377 0.382 0.416 0.443 0.457 0.719 0.747 0.784 0.988 0.992 1.000 0.999 0.992 0.990 0.989
     36       1.888    0.973 0.229      0.344 0.349 0.384 0.411 0.426 0.694 0.723 0.762 0.982 0.987 0.999 1.000 0.996 0.994 0.994
     37       3.075    0.990 0.138      0.256 0.261 0.297 0.325 0.340 0.624 0.657 0.699 0.960 0.967 0.992 0.996 1.000 1.000 1.000
     38       3.421    0.992 0.124      0.242 0.247 0.283 0.311 0.327 0.613 0.646 0.688 0.956 0.963 0.990 0.994 1.000 1.000 1.000
     39       3.566    0.993 0.119      0.237 0.242 0.278 0.306 0.322 0.609 0.642 0.685 0.954 0.962 0.989 0.994 1.000 1.000 1.000

  R CORE   ENERGY   A0R/A00=1.000    R3= 0     2  
   2( 1)    0.732                    1.000 0.000
   2( 2)  487.921                    0.000 1.000

  R CORE   ENERGY   A0R/A00=1.000    R3= 0     2  
   3( 1)  488.652                    0.000 1.000

  R CORE   ENERGY   A0R/A00=1.000    R3= 0     2     4  
   4( 1)    2.438                    1.000 0.000 0.000

  R CORE   ENERGY   A0R/A00=1.000    R3= 0     2     4  
   5( 1)  490.847                    0.000 1.000 0.000

  R CORE   ENERGY   A0R/A00=1.000    R3= 0     2     4     6  
   6( 1)    5.121                    1.000 0.000 0.000 0.000

  R CORE   ENERGY   A0R/A00=1.000    R3= 0     2     4     6  
   7( 1)  494.017                    0.000 1.000 0.000 0.000

          AXIAL SYMMETRY => K RESTRICTED TO OMEGA

                     K
     S.P. ORB#: 25 -5.50
     S.P. ORB#: 26  0.50
     S.P. ORB#: 27  2.50
     S.P. ORB#: 28 -1.50
     S.P. ORB#: 29 -3.50
     S.P. ORB#: 30  0.50
     S.P. ORB#: 31  2.50
     S.P. ORB#: 32 -1.50
     S.P. ORB#: 33  0.50
     S.P. ORB#: 34 -3.50
     S.P. ORB#: 35  4.50
     S.P. ORB#: 36 -3.50
     S.P. ORB#: 37  0.50
     S.P. ORB#: 38 -1.50
     S.P. ORB#: 39 -1.50
 

             ENERGY    K= OMEGA
 
 I=  1/2- (1)  2.283  30:-1.000
 
 I=  1/2- (2)  4.020  26:-0.202
                      33: 0.917
                      37:-0.344
 
 I=  1/2- (3)  7.059  26:-0.298
                      33: 0.277
                      37: 0.913
 
 I=  1/2- (4)  9.641  26: 0.933
                      33: 0.287
                      37: 0.217
 
 I=  1/2- (5)147.185  32:-1.000

             ENERGY    K= OMEGA
 
 I=  3/2- (1)  2.201  30: 0.480
                      32:-0.877
 
 I=  3/2- (2)  2.549  30:-0.860
                      32:-0.477
                      39:-0.179
 
 I=  3/2- (3)  3.889  26: 0.252
                      33:-0.929
                      37:-0.118
                      38: 0.240
 
 I=  3/2- (4)  4.253  30: 0.170
                      32: 0.062
                      39:-0.983
 
 I=  3/2- (5)  6.414  26: 0.713
                      28: 0.644
                      33: 0.257
                      38: 0.097

             ENERGY    K= OMEGA
 
 I=  5/2- (1)  2.761  30: 0.458
                      32: 0.886
                      39:-0.063
 
 I=  5/2- (2)  3.320  27:-0.065
                      30: 0.838
                      32:-0.451
                      39:-0.300
 
 I=  5/2- (3)  4.072  26:-0.155
                      33: 0.809
                      37:-0.485
                      38: 0.290
 
 I=  5/2- (4)  4.420  27:-0.985
                      30:-0.079
                      32: 0.083
                      39:-0.132
 
 I=  5/2- (5)  4.974  27:-0.155
                      30: 0.286
                      32:-0.073
                      39: 0.943

             ENERGY    K= OMEGA
 
 I=  7/2- (1)  2.084  27:-0.147
                      34: 0.988
 
 I=  7/2- (2)  3.385  30: 0.710
                      32:-0.682
                      39: 0.171
 
 I=  7/2- (3)  3.972  27:-0.203
                      29:-0.793
                      30: 0.369
                      32: 0.401
                      39: 0.183
 
 I=  7/2- (4)  4.012  26: 0.067
                      28:-0.104
                      31:-0.145
                      33:-0.875
                      36:-0.058
                      37:-0.241
                      38: 0.370
 
 I=  7/2- (5)  4.029  29: 0.583
                      30: 0.502
                      32: 0.595
                      39: 0.232

             ENERGY    K= OMEGA
 
 I=  9/2- (1)  2.585  27:-0.088
                      29: 0.174
                      34:-0.375
                      35:-0.906
 
 I=  9/2- (2)  3.181  27:-0.195
                      29:-0.105
                      34:-0.901
                      35: 0.372
 
 I=  9/2- (3)  4.511  27:-0.058
                      30:-0.585
                      32:-0.789
                      39: 0.175
 
 I=  9/2- (4)  4.785  28: 0.311
                      31:-0.449
                      33:-0.610
                      36: 0.252
                      37: 0.409
                      38:-0.312
 
 I=  9/2- (5)  4.934  26: 0.238
                      28:-0.458
                      31: 0.537
                      33:-0.444
                      36:-0.313
                      37: 0.341
                      38:-0.183

             ENERGY    K= OMEGA
 
 I= 11/2- (1)  3.646  26:-0.539
                      28:-0.569
                      31:-0.482
                      33:-0.279
                      36:-0.222
                      37:-0.085
                      38: 0.136
 
 I= 11/2- (2)  3.730  27:-0.134
                      29:-0.235
                      34: 0.449
                      35:-0.850
 
 I= 11/2- (3)  4.498  25: 0.065
                      27:-0.231
                      29: 0.154
                      34: 0.851
                      35: 0.440
 
 I= 11/2- (4)  4.893  25: 0.997
                      35:-0.062
 
 I= 11/2- (5)  5.025  26:-0.298
                      28:-0.155
                      31:-0.086
                      33: 0.799
                      37: 0.283
                      38:-0.398

             ENERGY    K= OMEGA
 
 I= 13/2- (1)  5.112  25:-0.051
                      27: 0.172
                      29:-0.276
                      34: 0.485
                      35: 0.810
 
 I= 13/2- (2)  5.426  26:-0.193
                      28: 0.557
                      31:-0.679
                      33:-0.142
                      36: 0.391
                      37: 0.060
                      38:-0.123
 
 I= 13/2- (3)  6.044  25: 0.094
                      27: 0.259
                      29: 0.191
                      34: 0.814
                      35:-0.472
 
 I= 13/2- (4)  6.482  25: 0.994
                      34:-0.053
                      35: 0.080
 
 I= 13/2- (5)  6.541  26: 0.151
                      28:-0.126
                      31: 0.086
                      33:-0.710
                      36:-0.060
                      37: 0.552
                      38:-0.376

             ENERGY     K=-3/2
  35 LEVELS    TIME=  0.0 SEC



 ******************* EXCITATION ENERGIES, DOMINANT CONFIGURATION AND EXPECTATION VALUES (WITH S.P. UU+VV FACTORS) *******************

  NR  Eex(keV)  I   Kdom  NY    <Jz>  <Jx**2> <Jy**2> <Jz**2> <I.j>/|I|  <Rx**2> <Ry**2> <Rz**2> <R.j>/|R|  <HROTx> <HROTy> <HROTz>

   1    0.0   7/2-  -7/2  34   -3.37    2.31    2.31   12.12    3.20       3.56    3.56    0.00   -1.52      0.434   0.434   0.000
   2  117.0   3/2-  -3/2  32   -1.04    5.03    5.03    1.79    1.28       5.33    5.33   -0.00   -2.87      0.650   0.650  -0.000
   3  198.1   1/2-   1/2  30    0.50    5.00    5.00    0.25    0.08       5.43    5.43   -0.00   -3.09      0.661   0.661  -0.000
   4  464.2   3/2-   1/2  30   -0.02    4.83    4.83    0.77    0.44       6.25    6.25   -0.00   -2.71      0.762   0.762  -0.000
   5  500.8   9/2-   9/2  35    3.12    2.51    2.51   18.77    4.08       3.99    3.99    0.00   -1.24      0.486   0.486   0.000
  
   6  676.8   5/2-  -3/2  32   -1.07    5.05    5.05    1.84    0.93       7.58    7.58   -0.00   -2.36      0.924   0.924  -0.000
   7 1096.5   9/2-  -7/2  34   -2.16    2.37    2.37   13.12    2.74       7.65    7.65    0.00   -1.08      0.933   0.933   0.000
   8 1235.1   5/2-   1/2  30   -0.08    4.62    4.62    0.86    0.23       8.75    8.75   -0.00   -2.25      1.067   1.067  -0.000
   9 1300.7   7/2-   1/2  30   -0.49    5.01    5.01    1.25    0.94       9.77    9.77   -0.00   -1.70      1.191   1.191  -0.000
  10 1562.0  11/2-  -3/2  28    0.08   23.62   23.62    2.92    6.19       5.96    5.96    0.00   -3.81      0.727   0.727   0.000
  
  11 1645.8  11/2-   9/2  35    2.39    2.68    2.68   17.96    3.48       8.71    8.71    0.00   -0.60      1.061   1.061   0.000
  12 1804.4   3/2-   1/2  33    0.38   12.48   12.48    0.37    2.30      10.09   10.09    0.00   -4.65      1.230   1.230   0.000
  13 1887.6   7/2-  -7/2  29   -2.32    5.67    5.67    8.43    2.24       8.88    8.88   -0.00   -2.58      1.082   1.082  -0.000
  14 1927.5   7/2-   1/2  33    0.23   15.12   15.12    0.71    3.36      10.01   10.01    0.00   -3.93      1.220   1.220   0.000
  15 1935.8   1/2-   1/2  33    0.50   10.97   10.97    0.25    1.06      10.55   10.55    0.00   -4.63      1.286   1.286   0.000
  
  16 1944.7   7/2-  -3/2  32   -1.67    5.17    5.17    5.15    1.27      10.56   10.56   -0.00   -2.27      1.288   1.288  -0.000
  17 1987.5   5/2-   1/2  33    0.33   11.48   11.48    0.42    2.33       9.19    9.19    0.00   -3.85      1.120   1.120   0.000
  18 2168.6   3/2-  -3/2  39   -1.44    1.99    1.99    2.19    0.92       3.17    3.17    0.00   -1.74      0.387   0.387   0.000
  19 2335.9   5/2-   5/2  27    2.39    6.01    6.01    6.12    2.06       7.34    7.34    0.00   -3.14      0.895   0.895   0.000
  20 2413.7  11/2-  -7/2  34   -1.63    2.46    2.46   13.54    2.40      12.77   12.77    0.00   -0.82      1.556   1.556   0.000
  
  21 2426.8   9/2-  -3/2  32   -0.81    5.02    5.02    1.60    0.76      14.41   14.41   -0.00   -1.46      1.757   1.757  -0.000
  22 2700.2   9/2-   1/2  33    0.26   17.12   17.12    2.61    3.72      12.27   12.27    0.00   -3.70      1.496   1.496   0.000
  23 2808.8  11/2- -11/2  25   -5.46    2.75    2.75   30.17    5.04       5.56    5.56    0.00   -1.66      0.678   0.678   0.000
  24 2849.9   9/2-   5/2  31    0.20   18.32   18.32    3.64    3.96      12.82   12.82    0.00   -4.07      1.563   1.563   0.000
  25 2889.1   5/2-  -3/2  39   -1.24    2.27    2.27    2.18    0.32       6.80    6.80    0.00   -1.57      0.829   0.829   0.000
  
  26 2941.0  11/2-   1/2  33    0.14   13.58   13.58    0.69    3.16      12.93   12.93    0.00   -1.77      1.577   1.577   0.000
  27 3027.3  13/2-   9/2  35    1.92    2.83    2.83   17.36    3.08      14.35   14.35    0.00   -0.28      1.749   1.749   0.000
  28 3341.9  13/2-   5/2  31    0.16   23.59   23.59    5.50    5.03      15.60   15.60    0.00   -3.15      1.902   1.902   0.000
  29 3960.0  13/2-  -7/2  34   -1.32    2.55    2.55   13.77    2.14      18.87   18.87    0.00   -0.64      2.301   2.301   0.000
  30 4329.8   3/2-   1/2  26   -0.35   22.32   22.32    1.10    5.05      14.97   14.97    0.00   -6.57      1.825   1.825   0.000
  
  31 4397.1  13/2- -11/2  25   -5.42    2.75    2.75   30.09    4.30      12.12   12.12    0.00   -1.13      1.478   1.478   0.000
  32 4456.8  13/2-   1/2  33    0.19   12.06   12.06    0.65    2.66      18.16   18.16    0.00   -1.02      2.214   2.214   0.000
  33 4974.6   1/2-   1/2  37    0.50   15.86   15.86    0.25   -0.56      16.84   16.84   -0.00   -5.59      2.053   2.053  -0.000
  34 7556.4   1/2-   1/2  26    0.50   22.97   22.97    0.25   -3.46      26.47   26.47    0.00   -6.76      3.227   3.227   0.000
  35*******   1/2-  -3/2  32    0.00    0.00    0.00    0.00    0.00       0.00    0.00   -0.00   -0.00      0.000   0.000  -0.000
  
