1SPECTRUM OF (Z= 82 A=207) IN PARTICLE-ROTOR  MODEL WITH MODIFIED OSCILLATOR POTENTIAL


 PARITY=-   EPS= 0.349   GAMMA=  0.0   EPS4=0.000   EPS6=0.000   LEVELS:  24  25  26  27  28  29  30  31  32  33  34  35  36  37  38

 PAIRING FACTORS: GN0= 19.20  GN1=  7.40  IPAIR= 15 ***  E2PLUS(INPUT)=   0.730  E2PLUR(INPUT)=   0.000

 CORIOLIS ATTENUATION PARAMETERS:  CHSI=1.000  ETA=  1.00

 MOMENT OF INERTIA PARAMETERS:   A1=  0.122 MEV   A2=  0.122 MEV   A3=121.91924 MEV


 DELTA=0.898 MEV  LAMBDA=53.3730 MEV   HW0= 7.5222 MEV   LAMBDA/HW0= 7.0954

 E2ENERGY=0.730 MEV  HBAR**2/B=22584./A**(7/3)=3817.8/A**2 MEV

 IREC=0  =>  RECOIL TERMS j+j-, j+j+, jzjz, ETC TREATED AS ONE-BODY OPERATORS WITH UU+VV PAIRING FACTORS



 S. P. LEVEL   EQP       U     V        (UU + VV)**1.00

     24       4.467    0.101 0.995      1.000 1.000 0.999 0.997 0.992 0.964 0.955 0.934 0.801 0.636 0.585 0.303 0.303 0.266 0.250
     25       4.228    0.107 0.994      1.000 1.000 0.999 0.997 0.993 0.965 0.956 0.936 0.805 0.641 0.590 0.308 0.308 0.272 0.256
     26       3.067    0.148 0.989      0.999 0.999 1.000 0.999 0.997 0.975 0.968 0.950 0.829 0.672 0.623 0.348 0.348 0.312 0.296
     27       2.508    0.182 0.983      0.997 0.997 0.999 1.000 0.999 0.982 0.976 0.960 0.848 0.697 0.650 0.380 0.380 0.344 0.329
     28       2.069    0.223 0.975      0.992 0.993 0.997 0.999 1.000 0.989 0.984 0.971 0.869 0.726 0.681 0.418 0.418 0.383 0.368
     29       1.328    0.363 0.932      0.964 0.965 0.975 0.982 0.989 1.000 0.999 0.995 0.932 0.819 0.780 0.546 0.546 0.514 0.500
     30       1.244    0.393 0.920      0.955 0.956 0.968 0.976 0.984 0.999 1.000 0.998 0.943 0.837 0.800 0.573 0.573 0.541 0.527
     31       1.117    0.450 0.893      0.934 0.936 0.950 0.960 0.971 0.995 0.998 1.000 0.962 0.870 0.837 0.624 0.624 0.594 0.580
     32       0.901    0.676 0.737      0.801 0.805 0.829 0.848 0.869 0.932 0.943 0.962 1.000 0.971 0.954 0.813 0.813 0.790 0.780
     33       0.972    0.832 0.555      0.636 0.641 0.672 0.697 0.726 0.819 0.837 0.870 0.971 1.000 0.998 0.928 0.928 0.913 0.906
     34       1.037    0.866 0.500      0.585 0.590 0.623 0.650 0.681 0.780 0.800 0.837 0.954 0.998 1.000 0.950 0.950 0.937 0.932
     35       2.239    0.979 0.205      0.303 0.308 0.348 0.380 0.418 0.546 0.573 0.624 0.813 0.928 0.950 1.000 1.000 0.999 0.999
     36       2.239    0.979 0.205      0.303 0.308 0.348 0.380 0.418 0.546 0.573 0.624 0.813 0.928 0.950 1.000 1.000 0.999 0.999
     37       2.720    0.986 0.167      0.266 0.272 0.312 0.344 0.383 0.514 0.541 0.594 0.790 0.913 0.937 0.999 0.999 1.000 1.000
     38       3.002    0.988 0.151      0.250 0.256 0.296 0.329 0.368 0.500 0.527 0.580 0.780 0.906 0.932 0.999 0.999 1.000 1.000

  R CORE   ENERGY   A0R/A00=1.000    R3= 0     2  
   2( 1)    0.732                    1.000 0.000
   2( 2)  487.921                    0.000 1.000

  R CORE   ENERGY   A0R/A00=1.000    R3= 0     2  
   3( 1)  488.652                    0.000 1.000

  R CORE   ENERGY   A0R/A00=1.000    R3= 0     2     4  
   4( 1)    2.438                    1.000 0.000 0.000

  R CORE   ENERGY   A0R/A00=1.000    R3= 0     2     4  
   5( 1)  490.847                    0.000 1.000 0.000

  R CORE   ENERGY   A0R/A00=1.000    R3= 0     2     4     6  
   6( 1)    5.121                    1.000 0.000 0.000 0.000

  R CORE   ENERGY   A0R/A00=1.000    R3= 0     2     4     6  
   7( 1)  494.017                    0.000 1.000 0.000 0.000

          AXIAL SYMMETRY => K RESTRICTED TO OMEGA

                     K
     S.P. ORB#: 24 -5.50
     S.P. ORB#: 25  0.50
     S.P. ORB#: 26  2.50
     S.P. ORB#: 27 -3.50
     S.P. ORB#: 28  0.50
     S.P. ORB#: 29 -1.50
     S.P. ORB#: 30  0.50
     S.P. ORB#: 31 -1.50
     S.P. ORB#: 32 -3.50
     S.P. ORB#: 33  2.50
     S.P. ORB#: 34  4.50
     S.P. ORB#: 35  0.50
     S.P. ORB#: 36 -3.50
     S.P. ORB#: 37 -1.50
     S.P. ORB#: 38  2.50
 

             ENERGY    K= OMEGA
 
 I=  1/2- (1)  2.499  30: 0.999
 
 I=  1/2- (2)  5.614  28:-0.327
                      35: 0.945
 
 I=  1/2- (3)  5.830  25: 0.999
 
 I=  1/2- (4)  8.802  28: 0.945
                      35: 0.327
 
 I=  1/2- (5)147.420  31:-1.000

             ENERGY    K= OMEGA
 
 I=  3/2- (1)  2.374  25: 0.082
                      30:-0.249
                      31: 0.965
 
 I=  3/2- (2)  2.547  25:-0.203
                      30:-0.903
                      31:-0.206
                      37:-0.317

             ENERGY    K= OMEGA
 
 I=  5/2- (1)  2.510  25:-0.262
                      30: 0.460
                      31: 0.799
                      37:-0.116
                      38:-0.260
 
 I=  5/2- (2)  3.367  26: 0.062
                      30:-0.699
                      31: 0.446
                      37: 0.536
                      38:-0.140
 
 I=  5/2- (3)  3.711  25:-0.115
                      30: 0.244
                      31: 0.158
                      37: 0.414
                      38: 0.854
 
 I=  5/2- (4)  4.359  26: 0.100
                      30: 0.447
                      31:-0.306
                      37: 0.716
                      38:-0.428
 
 I=  5/2- (5)  4.859  26: 0.991
                      37:-0.124

             ENERGY    K= OMEGA
 
 I=  7/2- (1)  1.723  26:-0.183
                      32: 0.981
 
 I=  7/2- (2)  3.334  25: 0.140
                      30:-0.261
                      31: 0.845
                      37:-0.136
                      38: 0.420
 
 I=  7/2- (3)  3.502  25:-0.311
                      30:-0.829
                      31:-0.256
                      37:-0.385
 
 I=  7/2- (4)  3.681  28:-0.692
                      29:-0.585
                      33:-0.389
                      36:-0.170
 
 I=  7/2- (5)  4.357  26: 0.209
                      27: 0.916
                      30: 0.122
                      31:-0.138
                      37:-0.134
                      38: 0.255

             ENERGY    K= OMEGA
 
 I=  9/2- (1)  1.946  26:-0.079
                      27: 0.178
                      32:-0.276
                      34:-0.941
 
 I=  9/2- (2)  2.711  26: 0.250
                      27: 0.092
                      32: 0.921
                      34:-0.274
 
 I=  9/2- (3)  3.570  25: 0.374
                      30:-0.496
                      31:-0.705
                      32: 0.063
                      37: 0.177
                      38: 0.285
 
 I=  9/2- (4)  4.656  28:-0.219
                      29: 0.557
                      33:-0.673
                      36: 0.433
 
 I=  9/2- (5)  5.212  26:-0.098
                      30: 0.596
                      31:-0.486
                      32: 0.057
                      37:-0.589
                      38: 0.217

             ENERGY    K= OMEGA
 
 I= 11/2- (1)  3.054  26:-0.133
                      27:-0.242
                      32: 0.372
                      34:-0.886
 
 I= 11/2- (2)  3.057  28: 0.666
                      29: 0.580
                      33: 0.413
                      35: 0.059
                      36: 0.215
 
 I= 11/2- (3)  3.930  26:-0.291
                      27: 0.136
                      31: 0.063
                      32: 0.866
                      34: 0.371
                      38: 0.064
 
 I= 11/2- (4)  5.238  25: 0.254
                      30:-0.070
                      31: 0.833
                      32:-0.088
                      37:-0.113
                      38: 0.464
 
 I= 11/2- (5)  5.358  25:-0.330
                      30:-0.833
                      31:-0.078
                      37:-0.424
                      38: 0.095

             ENERGY    K= OMEGA
 
 I= 13/2- (1)  4.382  26: 0.179
                      27:-0.283
                      32: 0.432
                      34: 0.836
 
 I= 13/2- (2)  5.107  28: 0.217
                      29:-0.549
                      33: 0.670
                      36:-0.450
 
 I= 13/2- (3)  5.348  25: 0.198
                      26:-0.287
                      27:-0.164
                      30:-0.211
                      31:-0.321
                      32:-0.722
                      34: 0.388
                      37: 0.058
                      38: 0.170
 
 I= 13/2- (4)  5.552  25: 0.399
                      26: 0.139
                      27: 0.063
                      30:-0.459
                      31:-0.578
                      32: 0.393
                      34:-0.193
                      37: 0.181
                      38: 0.220
 
 I= 13/2- (5)  7.397  24: 0.999

             ENERGY     K= 5/2
  32 LEVELS    TIME=  0.0 SEC



 ******************* EXCITATION ENERGIES, DOMINANT CONFIGURATION AND EXPECTATION VALUES (WITH S.P. UU+VV FACTORS) *******************

  NR  Eex(keV)  I   Kdom  NY    <Jz>  <Jx**2> <Jy**2> <Jz**2> <I.j>/|I|  <Rx**2> <Ry**2> <Rz**2> <R.j>/|R|  <HROTx> <HROTy> <HROTz>

   1    0.0   7/2-  -7/2  32   -3.29    2.31    2.31   12.04    3.31       3.05    3.05   -0.00   -1.42      0.372   0.372  -0.000
   2  223.0   9/2-   9/2  34    3.62    2.52    2.52   19.30    4.22       3.53    3.53   -0.00   -1.25      0.430   0.430  -0.000
   3  650.8   3/2-  -3/2  31   -1.36    4.81    4.81    2.11    1.40       5.03    5.03    0.00   -2.84      0.613   0.613   0.000
   4  775.8   1/2-   1/2  30    0.50    4.85    4.85    0.25    0.26       5.12    5.12   -0.00   -3.04      0.624   0.624  -0.000
   5  787.3   5/2-  -3/2  31   -0.67    4.91    4.91    1.96    2.08       4.11    4.11    0.00   -1.96      0.501   0.501   0.000
  
   6  824.3   3/2-   1/2  30    0.21    4.29    4.29    0.54    1.12       4.26    4.26    0.00   -2.38      0.519   0.519   0.000
   7  987.8   9/2-  -7/2  32   -2.50    2.40    2.40   12.43    2.86       6.74    6.74   -0.00   -0.81      0.822   0.822  -0.000
   8 1330.7  11/2-   9/2  34    2.88    2.72    2.72   18.43    3.67       7.84    7.84    0.00   -0.48      0.956   0.956   0.000
   9 1334.2  11/2-   1/2  28   -0.01   23.92   23.92    2.50    6.23       5.81    5.81   -0.00   -3.85      0.708   0.708  -0.000
  10 1611.5   7/2-  -3/2  31   -0.62    4.38    4.38    2.80    1.60       7.32    7.32    0.00   -1.37      0.892   0.892   0.000
  
  11 1644.0   5/2-   1/2  30   -0.42    3.72    3.72    1.36    0.64       6.88    6.88   -0.00   -1.86      0.839   0.839  -0.000
  12 1779.2   7/2-   1/2  30    0.07    4.13    4.13    0.69    1.30       7.20    7.20    0.00   -1.00      0.878   0.878   0.000
  13 1847.3   9/2-  -3/2  31   -0.41    5.04    5.04    1.85    2.22       7.31    7.31    0.00   -0.24      0.892   0.892   0.000
  14 1958.3   7/2-   1/2  28    0.00   23.57   23.57    2.19    6.10       8.31    8.31   -0.00   -6.16      1.013   1.013  -0.000
  15 1988.5   5/2-   5/2  38    1.57    2.10    2.10    5.03    1.80       3.66    3.66    0.00   -1.44      0.446   0.446   0.000
  
  16 2207.0  11/2-  -7/2  32   -1.86    2.49    2.49   12.77    2.56      11.42   11.42   -0.00   -0.51      1.392   1.392  -0.000
  17 2633.7   7/2-  -7/2  27   -2.71    5.76    5.76   11.05    2.93       7.52    7.52    0.00   -2.82      0.917   0.917   0.000
  18 2636.4   5/2-  -3/2  37   -0.32    2.90    2.90    2.62    0.09       8.31    8.31    0.00   -2.00      1.013   1.013   0.000
  19 2659.4  13/2-   9/2  34    2.29    2.90    2.90   17.67    3.30      13.06   13.06    0.00   -0.08      1.592   1.592   0.000
  20 2933.4   9/2-   5/2  33    0.04   24.31   24.31    5.85    5.26      13.46   13.46   -0.00   -5.46      1.641   1.641  -0.000
  
  21 3135.8   5/2-   5/2  26    2.44    5.97    5.97    6.18    2.05       7.37    7.37    0.00   -3.14      0.899   0.899   0.000
  22 3384.2  13/2-   5/2  33   -0.02   24.30   24.30    5.97    5.22      15.25   15.25    0.00   -3.29      1.859   1.859   0.000
  23 3488.8   9/2-   1/2  30   -0.57    3.40    3.40    1.81    0.56      13.88   13.88    0.00   -1.10      1.692   1.692   0.000
  24 3514.7  11/2-  -3/2  31   -0.51    4.31    4.31    3.08    1.57      14.33   14.33    0.00   -0.43      1.747   1.747   0.000
  25 3625.5  13/2-  -7/2  32   -1.08    3.11    3.11   10.73    2.37      16.28   16.28    0.00   -0.07      1.985   1.985   0.000
  
  26 3635.5  11/2-   1/2  30    0.14    4.06    4.06    0.70    1.32      14.39   14.39    0.00   -0.17      1.754   1.754   0.000
  27 3828.8  13/2-  -3/2  31   -0.58    4.67    4.67    4.04    2.24      15.43   15.43    0.00    0.40      1.882   1.882   0.000
  28 3891.3   1/2-   1/2  35    0.50   12.30   12.30    0.25   -1.29      13.92   13.92    0.00   -4.92      1.697   1.697   0.000
  29 4106.9   1/2-   1/2  25    0.50    6.67    6.67    0.25    0.66       6.60    6.60    0.00   -3.58      0.804   0.804   0.000
  30 5674.0  13/2- -11/2  24   -5.49    2.76    2.76   30.20    4.32      12.04   12.04    0.00   -1.13      1.468   1.468   0.000
  
  31 7078.9   1/2-   1/2  28    0.50   23.99   23.99    0.25   -3.52      27.54   27.54    0.00   -6.91      3.357   3.357   0.000
  32*******   1/2-  -3/2  31    0.00    0.00    0.00    0.00   -0.00       0.00    0.00    0.00   -0.00      0.000   0.000   0.000
