1SPECTRUM OF (Z= 82 A=207) IN PARTICLE-ROTOR  MODEL WITH MODIFIED OSCILLATOR POTENTIAL


 PARITY=-   EPS= 0.375   GAMMA=  0.0   EPS4=0.000   EPS6=0.000   LEVELS:  26  27  28  29  30  31  32  33  34  35  36  37  38  39  40

 PAIRING FACTORS: GN0= 19.20  GN1=  7.40  IPAIR= 15 ***  E2PLUS(INPUT)=   0.730  E2PLUR(INPUT)=   0.000

 CORIOLIS ATTENUATION PARAMETERS:  CHSI=1.000  ETA=  1.00

 MOMENT OF INERTIA PARAMETERS:   A1=  0.122 MEV   A2=  0.122 MEV   A3=121.91924 MEV


 DELTA=0.868 MEV  LAMBDA=53.4404 MEV   HW0= 7.5408 MEV   LAMBDA/HW0= 7.0869

 E2ENERGY=0.730 MEV  HBAR**2/B=26075./A**(7/3)=4407.8/A**2 MEV

 IREC=0  =>  RECOIL TERMS j+j-, j+j+, jzjz, ETC TREATED AS ONE-BODY OPERATORS WITH UU+VV PAIRING FACTORS



 S. P. LEVEL   EQP       U     V        (UU + VV)**1.00

     26       2.897    0.152 0.988      1.000 1.000 0.999 0.994 0.958 0.933 0.799 0.695 0.511 0.410 0.361 0.291 0.279 0.269 0.263
     27       2.654    0.166 0.986      1.000 1.000 1.000 0.995 0.962 0.938 0.808 0.706 0.523 0.423 0.375 0.305 0.293 0.283 0.277
     28       2.337    0.189 0.982      0.999 1.000 1.000 0.997 0.968 0.946 0.822 0.722 0.543 0.444 0.397 0.328 0.316 0.305 0.300
     29       1.723    0.261 0.965      0.994 0.995 0.997 1.000 0.984 0.967 0.861 0.771 0.603 0.509 0.463 0.396 0.385 0.375 0.369
     30       1.120    0.429 0.903      0.958 0.962 0.968 0.984 1.000 0.997 0.938 0.872 0.736 0.655 0.614 0.554 0.543 0.534 0.529
     31       1.007    0.497 0.868      0.933 0.938 0.946 0.967 0.997 1.000 0.962 0.907 0.786 0.710 0.673 0.616 0.606 0.597 0.593
     32       0.868    0.715 0.699      0.799 0.808 0.822 0.861 0.938 0.962 1.000 0.988 0.925 0.876 0.849 0.808 0.800 0.794 0.790
     33       0.920    0.816 0.578      0.695 0.706 0.722 0.771 0.872 0.907 0.988 1.000 0.973 0.940 0.921 0.890 0.884 0.879 0.876
     34       1.251    0.927 0.374      0.511 0.523 0.543 0.603 0.736 0.786 0.925 0.973 1.000 0.994 0.986 0.971 0.968 0.965 0.964
     35       1.689    0.964 0.267      0.410 0.423 0.444 0.509 0.655 0.710 0.876 0.940 0.994 1.000 0.999 0.992 0.990 0.989 0.988
     36       2.059    0.976 0.216      0.361 0.375 0.397 0.463 0.614 0.673 0.849 0.921 0.986 0.999 1.000 0.997 0.996 0.995 0.995
     37       3.069    0.990 0.143      0.291 0.305 0.328 0.396 0.554 0.616 0.808 0.890 0.971 0.992 0.997 1.000 1.000 1.000 1.000
     38       3.355    0.991 0.130      0.279 0.293 0.316 0.385 0.543 0.606 0.800 0.884 0.968 0.990 0.996 1.000 1.000 1.000 1.000
     39       3.649    0.993 0.120      0.269 0.283 0.305 0.375 0.534 0.597 0.794 0.879 0.965 0.989 0.995 1.000 1.000 1.000 1.000
     40       3.831    0.993 0.114      0.263 0.277 0.300 0.369 0.529 0.593 0.790 0.876 0.964 0.988 0.995 1.000 1.000 1.000 1.000

  R CORE   ENERGY   A0R/A00=1.000    R3= 0     2  
   2( 1)    0.732                    1.000 0.000
   2( 2)  487.921                    0.000 1.000

  R CORE   ENERGY   A0R/A00=1.000    R3= 0     2  
   3( 1)  488.652                    0.000 1.000

  R CORE   ENERGY   A0R/A00=1.000    R3= 0     2     4  
   4( 1)    2.438                    1.000 0.000 0.000

  R CORE   ENERGY   A0R/A00=1.000    R3= 0     2     4  
   5( 1)  490.847                    0.000 1.000 0.000

  R CORE   ENERGY   A0R/A00=1.000    R3= 0     2     4     6  
   6( 1)    5.121                    1.000 0.000 0.000 0.000

  R CORE   ENERGY   A0R/A00=1.000    R3= 0     2     4     6  
   7( 1)  494.017                    0.000 1.000 0.000 0.000

          AXIAL SYMMETRY => K RESTRICTED TO OMEGA

                     K
     S.P. ORB#: 26  2.50
     S.P. ORB#: 27  0.50
     S.P. ORB#: 28 -3.50
     S.P. ORB#: 29 -1.50
     S.P. ORB#: 30  0.50
     S.P. ORB#: 31 -1.50
     S.P. ORB#: 32  2.50
     S.P. ORB#: 33 -3.50
     S.P. ORB#: 34  4.50
     S.P. ORB#: 35  0.50
     S.P. ORB#: 36 -3.50
     S.P. ORB#: 37 -1.50
     S.P. ORB#: 38  2.50
     S.P. ORB#: 39  0.50
     S.P. ORB#: 40 -1.50
 

             ENERGY    K= OMEGA
 
 I=  1/2- (1)  2.411  30:-1.000
 
 I=  1/2- (2)  4.660  27:-0.197
                      35: 0.907
                      39:-0.372
 
 I=  1/2- (3)  7.479  27:-0.408
                      35: 0.269
                      39: 0.872
 
 I=  1/2- (4)  9.244  27: 0.891
                      35: 0.323
                      39: 0.318
 
 I=  1/2- (5)147.310  31: 1.000

             ENERGY    K= OMEGA
 
 I=  3/2- (1)  2.303  30:-0.444
                      31: 0.896
 
 I=  3/2- (2)  2.667  30:-0.863
                      31:-0.434
                      37:-0.260
 
 I=  3/2- (3)  3.768  30: 0.243
                      31: 0.095
                      37:-0.965
 
 I=  3/2- (4)  4.301  27: 0.317
                      29: 0.112
                      35:-0.900
                      39:-0.105
                      40: 0.256
 
 I=  3/2- (5)  5.975  27: 0.711
                      29: 0.616
                      35: 0.339

             ENERGY    K= OMEGA
 
 I=  5/2- (1)  2.755  30: 0.397
                      31: 0.873
                      37:-0.090
                      38:-0.266
 
 I=  5/2- (2)  3.381  26: 0.057
                      30:-0.821
                      31: 0.385
                      37: 0.407
                      38:-0.093
 
 I=  5/2- (3)  4.083  26:-0.108
                      30:-0.229
                      31:-0.192
                      37:-0.455
                      38:-0.832
 
 I=  5/2- (4)  4.597  26:-0.511
                      30:-0.295
                      31: 0.225
                      37:-0.636
                      38: 0.444
 
 I=  5/2- (5)  4.693  27:-0.151
                      29: 0.095
                      35: 0.780
                      39:-0.512
                      40: 0.312

             ENERGY    K= OMEGA
 
 I=  7/2- (1)  1.780  26:-0.164
                      33: 0.985
 
 I=  7/2- (2)  3.330  30: 0.554
                      31:-0.745
                      37: 0.193
                      38:-0.314
 
 I=  7/2- (3)  3.944  27: 0.647
                      29: 0.584
                      32: 0.444
                      35:-0.060
                      36: 0.197
 
 I=  7/2- (4)  4.028  26: 0.073
                      30:-0.723
                      31:-0.536
                      37:-0.369
                      38:-0.221
 
 I=  7/2- (5)  4.220  26:-0.197
                      28:-0.970
                      31: 0.054
                      38:-0.114

             ENERGY    K= OMEGA
 
 I=  9/2- (1)  2.175  26:-0.086
                      28: 0.164
                      33:-0.337
                      34:-0.923
 
 I=  9/2- (2)  2.824  26:-0.220
                      28:-0.097
                      33:-0.909
                      34: 0.335
 
 I=  9/2- (3)  4.283  30: 0.438
                      31: 0.774
                      33:-0.056
                      37:-0.212
                      38:-0.398
 
 I=  9/2- (4)  4.684  27:-0.196
                      29: 0.537
                      32:-0.691
                      35:-0.086
                      36: 0.426
                      40:-0.083
 
 I=  9/2- (5)  5.250  26: 0.141
                      28:-0.162
                      30:-0.679
                      31: 0.453
                      33:-0.055
                      37: 0.514
                      38:-0.143

             ENERGY    K= OMEGA
 
 I= 11/2- (1)  3.307  26: 0.138
                      28: 0.223
                      33:-0.430
                      34: 0.864
 
 I= 11/2- (2)  3.312  27: 0.608
                      29: 0.576
                      32: 0.459
                      35: 0.160
                      36: 0.231
                      40:-0.084
 
 I= 11/2- (3)  4.095  26:-0.257
                      28: 0.145
                      31: 0.061
                      33: 0.849
                      34: 0.429
                      38: 0.069
 
 I= 11/2- (4)  5.126  27: 0.256
                      29: 0.084
                      35:-0.823
                      39:-0.261
                      40: 0.424
 
 I= 11/2- (5)  5.280  30:-0.567
                      31: 0.671
                      33:-0.072
                      37:-0.278
                      38: 0.378

             ENERGY    K= OMEGA
 
 I= 13/2- (1)  4.667  26: 0.182
                      28:-0.262
                      33: 0.482
                      34: 0.816
 
 I= 13/2- (2)  5.158  27: 0.202
                      29:-0.541
                      32: 0.679
                      35: 0.089
                      36:-0.431
                      40: 0.104
 
 I= 13/2- (3)  5.596  26:-0.283
                      28:-0.186
                      31:-0.086
                      33:-0.800
                      34: 0.479
                      38: 0.091
 
 I= 13/2- (4)  6.754  30: 0.448
                      31: 0.711
                      33:-0.101
                      34: 0.055
                      37:-0.282
                      38:-0.446
 
 I= 13/2- (5)  7.130  27:-0.125
                      29: 0.111
                      35: 0.689
                      39:-0.584
                      40: 0.393

             ENERGY     K=-3/2
  35 LEVELS    TIME=  0.0 SEC



 ******************* EXCITATION ENERGIES, DOMINANT CONFIGURATION AND EXPECTATION VALUES (WITH S.P. UU+VV FACTORS) *******************

  NR  Eex(keV)  I   Kdom  NY    <Jz>  <Jx**2> <Jy**2> <Jz**2> <I.j>/|I|  <Rx**2> <Ry**2> <Rz**2> <R.j>/|R|  <HROTx> <HROTy> <HROTz>

   1    0.0   7/2-  -7/2  33   -3.33    2.31    2.31   12.08    3.26       3.29    3.29    0.00   -1.47      0.401   0.401   0.000
   2  394.5   9/2-   9/2  34    3.36    2.50    2.50   19.02    4.14       3.77    3.77    0.00   -1.24      0.460   0.460   0.000
   3  522.5   3/2-  -3/2  31   -1.11    4.91    4.91    1.86    1.29       5.22    5.22   -0.00   -2.84      0.636   0.636  -0.000
   4  630.3   1/2-   1/2  30    0.50    4.88    4.88    0.25    0.11       5.29    5.29    0.00   -3.05      0.645   0.645   0.000
   5  886.4   3/2-   1/2  30   -0.01    4.59    4.59    0.76    0.49       5.89    5.89    0.00   -2.62      0.718   0.718   0.000
  
   6  974.6   5/2-  -3/2  31   -0.90    4.72    4.72    2.22    1.31       6.34    6.34   -0.00   -2.19      0.772   0.772  -0.000
   7 1043.6   9/2-  -7/2  33   -2.29    2.37    2.37   12.83    2.81       7.18    7.18    0.00   -0.95      0.876   0.876   0.000
   8 1526.7  11/2-   9/2  34    2.58    2.67    2.67   18.10    3.56       8.33    8.33   -0.00   -0.53      1.016   1.016  -0.000
   9 1531.9  11/2-   1/2  27    0.03   23.89   23.89    2.83    6.27       5.70    5.70   -0.00   -3.89      0.695   0.695  -0.000
  10 1549.9   7/2-  -3/2  31   -0.49    4.59    4.59    2.05    1.35       8.12    8.12   -0.00   -1.45      0.990   0.990  -0.000
  
  11 1600.8   5/2-   1/2  30   -0.10    4.24    4.24    0.95    0.39       7.92    7.92    0.00   -2.07      0.965   0.965   0.000
  12 1987.8   3/2-  -3/2  37   -1.38    2.09    2.09    2.13    0.83       3.42    3.42    0.00   -1.80      0.416   0.416   0.000
  13 2163.4   7/2-   1/2  27    0.05   22.55   22.55    2.58    5.94       8.13    8.13   -0.00   -5.97      0.991   0.991  -0.000
  14 2248.2   7/2-   1/2  30   -0.24    4.18    4.18    1.43    0.57      10.49   10.49    0.00   -1.64      1.279   1.279   0.000
  15 2302.6   5/2-   5/2  38    1.42    2.07    2.07    4.96    1.64       4.08    4.08    0.00   -1.49      0.498   0.498   0.000
  
  16 2314.7  11/2-  -7/2  33   -1.60    2.46    2.46   13.25    2.49      12.06   12.06    0.00   -0.67      1.471   1.471   0.000
  17 2439.6   7/2-  -7/2  28   -3.17    6.15    6.15   11.86    3.11       7.60    7.60    0.00   -3.03      0.926   0.926   0.000
  18 2502.9   9/2-  -3/2  31   -0.49    4.39    4.39    2.55    1.33      11.43   11.43   -0.00   -0.99      1.394   1.394  -0.000
  19 2520.6   3/2-   1/2  35    0.34   12.82   12.82    0.41    2.71       9.65    9.65    0.00   -4.73      1.176   1.176   0.000
  20 2816.5   5/2-  -3/2  37    0.51    3.46    3.46    3.91    0.83       7.34    7.34   -0.00   -2.19      0.895   0.895  -0.000
  
  21 2879.8   1/2-   1/2  35    0.50   11.21   11.21    0.25    0.91      10.92   10.92    0.00   -4.68      1.332   1.332   0.000
  22 2886.3  13/2-   9/2  34    2.02    2.83    2.83   17.37    3.16      13.79   13.79    0.00   -0.18      1.682   1.682   0.000
  23 2903.3   9/2-   5/2  32    0.14   24.12   24.12    5.88    5.24      13.35   13.35   -0.00   -5.42      1.628   1.628  -0.000
  24 2912.7   5/2-   1/2  35    0.29   11.66   11.66    0.46    2.36       9.27    9.27    0.00   -3.90      1.130   1.130   0.000
  25 3345.5  11/2-   1/2  35    0.13   13.99   13.99    0.64    3.42      11.72   11.72    0.00   -1.68      1.428   1.428   0.000
  
  26 3378.0  13/2-   5/2  32    0.07   24.15   24.15    5.86    5.19      15.20   15.20   -0.00   -3.25      1.853   1.853  -0.000
  27 3470.1   9/2-   1/2  30   -0.47    3.88    3.88    1.80    0.54      14.46   14.46    0.00   -1.28      1.763   1.763   0.000
  28 3500.1  11/2-  -3/2  31   -0.29    4.35    4.35    2.26    1.34      15.34   15.34    0.00   -0.53      1.871   1.871   0.000
  29 3815.9  13/2-  -7/2  33   -1.12    2.55    2.55   13.48    2.25      17.93   17.93    0.00   -0.48      2.186   2.186   0.000
  30 4194.9   3/2-   1/2  27   -0.26   23.19   23.19    1.01    5.19      15.51   15.51   -0.00   -6.70      1.891   1.891  -0.000
  
  31 4974.2  13/2-  -3/2  31   -0.31    4.16    4.16    2.81    1.30      20.88   20.88   -0.00   -0.32      2.546   2.546  -0.000
  32 5349.4  13/2-   1/2  35    0.17   12.09   12.09    0.60    2.67      18.15   18.15    0.00   -1.02      2.213   2.213   0.000
  33 5698.9   1/2-   1/2  39    0.50   15.95   15.95    0.25   -0.60      16.97   16.97    0.00   -5.61      2.069   2.069   0.000
  34 7464.3   1/2-   1/2  27    0.50   23.58   23.58    0.25   -3.40      27.03   27.03    0.00   -6.85      3.295   3.295   0.000
  35*******   1/2-  -3/2  31    0.00    0.00    0.00    0.00    0.00       0.00    0.00    0.00   -0.00      0.000   0.000   0.000
  
