1SPECTRUM OF (Z= 82 A=207) IN PARTICLE-ROTOR  MODEL WITH MODIFIED OSCILLATOR POTENTIAL


 PARITY=-   EPS= 0.323   GAMMA=  0.0   EPS4=0.000   EPS6=0.000   LEVELS:  24  25  26  27  28  29  30  31  32  33  34  35  36  37  38

 PAIRING FACTORS: GN0= 19.20  GN1=  7.40  IPAIR= 15 ***  E2PLUS(INPUT)=   0.730  E2PLUR(INPUT)=   0.000

 CORIOLIS ATTENUATION PARAMETERS:  CHSI=1.000  ETA=  1.00

 MOMENT OF INERTIA PARAMETERS:   A1=  0.122 MEV   A2=  0.122 MEV   A3=121.91922 MEV


 DELTA=0.929 MEV  LAMBDA=53.3079 MEV   HW0= 7.5053 MEV   LAMBDA/HW0= 7.1027

 E2ENERGY=0.730 MEV  HBAR**2/B=19345./A**(7/3)=3270.2/A**2 MEV

 IREC=0  =>  RECOIL TERMS j+j-, j+j+, jzjz, ETC TREATED AS ONE-BODY OPERATORS WITH UU+VV PAIRING FACTORS



 S. P. LEVEL   EQP       U     V        (UU + VV)**1.00

     24       4.846    0.096 0.995      1.000 1.000 0.999 0.997 0.975 0.962 0.945 0.899 0.894 0.720 0.523 0.292 0.289 0.271 0.262
     25       4.160    0.112 0.994      1.000 1.000 0.999 0.998 0.978 0.966 0.951 0.906 0.901 0.731 0.537 0.307 0.304 0.286 0.278
     26       3.227    0.145 0.989      0.999 0.999 1.000 0.999 0.985 0.974 0.960 0.920 0.915 0.754 0.565 0.339 0.336 0.318 0.310
     27       2.671    0.177 0.984      0.997 0.998 0.999 1.000 0.990 0.981 0.969 0.932 0.927 0.774 0.590 0.368 0.366 0.348 0.340
     28       1.547    0.317 0.949      0.975 0.978 0.985 0.990 1.000 0.999 0.994 0.974 0.972 0.857 0.700 0.498 0.496 0.479 0.471
     29       1.365    0.366 0.931      0.962 0.966 0.974 0.981 0.999 1.000 0.999 0.985 0.983 0.883 0.737 0.543 0.540 0.524 0.517
     30       1.229    0.416 0.910      0.945 0.951 0.960 0.969 0.994 0.999 1.000 0.993 0.991 0.907 0.772 0.587 0.585 0.570 0.562
     31       1.043    0.522 0.853      0.899 0.906 0.920 0.932 0.974 0.985 0.993 1.000 1.000 0.951 0.843 0.681 0.678 0.665 0.658
     32       1.031    0.532 0.847      0.894 0.901 0.915 0.927 0.972 0.983 0.991 1.000 1.000 0.955 0.849 0.689 0.687 0.673 0.667
     33       0.940    0.760 0.650      0.720 0.731 0.754 0.774 0.857 0.883 0.907 0.951 0.955 1.000 0.968 0.874 0.872 0.863 0.858
     34       1.179    0.899 0.438      0.523 0.537 0.565 0.590 0.700 0.737 0.772 0.843 0.849 0.968 1.000 0.968 0.967 0.962 0.960
     35       2.392    0.980 0.198      0.292 0.307 0.339 0.368 0.498 0.543 0.587 0.681 0.689 0.874 0.968 1.000 1.000 1.000 1.000
     36       2.425    0.981 0.195      0.289 0.304 0.336 0.366 0.496 0.540 0.585 0.678 0.687 0.872 0.967 1.000 1.000 1.000 1.000
     37       2.668    0.984 0.177      0.271 0.286 0.318 0.348 0.479 0.524 0.570 0.665 0.673 0.863 0.962 1.000 1.000 1.000 1.000
     38       2.804    0.986 0.168      0.262 0.278 0.310 0.340 0.471 0.517 0.562 0.658 0.667 0.858 0.960 1.000 1.000 1.000 1.000

  R CORE   ENERGY   A0R/A00=1.000    R3= 0     2  
   2( 1)    0.732                    1.000 0.000
   2( 2)  487.921                    0.000 1.000

  R CORE   ENERGY   A0R/A00=1.000    R3= 0     2  
   3( 1)  488.652                    0.000 1.000

  R CORE   ENERGY   A0R/A00=1.000    R3= 0     2     4  
   4( 1)    2.438                    1.000 0.000 0.000

  R CORE   ENERGY   A0R/A00=1.000    R3= 0     2     4  
   5( 1)  490.847                    0.000 1.000 0.000

  R CORE   ENERGY   A0R/A00=1.000    R3= 0     2     4     6  
   6( 1)    5.121                    1.000 0.000 0.000 0.000

  R CORE   ENERGY   A0R/A00=1.000    R3= 0     2     4     6  
   7( 1)  494.017                    0.000 1.000 0.000 0.000

          AXIAL SYMMETRY => K RESTRICTED TO OMEGA

                     K
     S.P. ORB#: 24 -5.50
     S.P. ORB#: 25  0.50
     S.P. ORB#: 26  2.50
     S.P. ORB#: 27 -3.50
     S.P. ORB#: 28  0.50
     S.P. ORB#: 29  0.50
     S.P. ORB#: 30 -1.50
     S.P. ORB#: 31 -1.50
     S.P. ORB#: 32 -3.50
     S.P. ORB#: 33  4.50
     S.P. ORB#: 34  2.50
     S.P. ORB#: 35 -1.50
     S.P. ORB#: 36 -3.50
     S.P. ORB#: 37  2.50
     S.P. ORB#: 38  0.50
 

             ENERGY    K= OMEGA
 
 I=  1/2- (1)  2.591  29: 0.999
 
 I=  1/2- (2)  5.709  25: 0.999
 
 I=  1/2- (3)  6.053  28: 0.449
                      38:-0.893
 
 I=  1/2- (4)  8.762  28:-0.893
                      38:-0.449
 
 I=  1/2- (5)147.347  31: 1.000

             ENERGY    K= OMEGA
 
 I=  3/2- (1)  2.454  25:-0.106
                      29: 0.156
                      30:-0.976
                      35:-0.107
 
 I=  3/2- (2)  2.565  25:-0.181
                      29:-0.842
                      30:-0.059
                      35:-0.505

             ENERGY    K= OMEGA
 
 I=  5/2- (1)  2.534  25:-0.259
                      29: 0.446
                      30: 0.759
                      35:-0.170
                      37:-0.358
 
 I=  5/2- (2)  3.275  26: 0.066
                      29:-0.480
                      30: 0.447
                      35: 0.751
 
 I=  5/2- (3)  3.424  25:-0.148
                      29: 0.417
                      30: 0.151
                      35: 0.166
                      37: 0.868
 
 I=  5/2- (4)  4.196  29:-0.595
                      30: 0.390
                      35:-0.610
                      37: 0.343
 
 I=  5/2- (5)  5.011  26:-0.996
                      35: 0.079

             ENERGY    K= OMEGA
 
 I=  7/2- (1)  1.823  26: 0.199
                      27:-0.053
                      32:-0.978
 
 I=  7/2- (2)  3.316  25: 0.105
                      29:-0.301
                      30: 0.747
                      35:-0.237
                      37: 0.531
 
 I=  7/2- (3)  3.423  28: 0.722
                      31: 0.580
                      34: 0.348
                      36: 0.144
 
 I=  7/2- (4)  3.502  25:-0.323
                      29:-0.739
                      30:-0.358
                      35:-0.465
                      37:-0.057
 
 I=  7/2- (5)  4.352  26: 0.147
                      27: 0.429
                      29: 0.388
                      30:-0.403
                      35:-0.364
                      37: 0.591

             ENERGY    K= OMEGA
 
 I=  9/2- (1)  1.818  26:-0.070
                      27: 0.200
                      32:-0.221
                      33:-0.952
 
 I=  9/2- (2)  2.768  26:-0.272
                      27:-0.090
                      32:-0.930
                      33: 0.218
 
 I=  9/2- (3)  3.567  25:-0.373
                      29: 0.487
                      30: 0.680
                      32:-0.058
                      35:-0.215
                      37:-0.333
 
 I=  9/2- (4)  4.579  28:-0.232
                      31: 0.582
                      34:-0.658
                      36: 0.418
 
 I=  9/2- (5)  5.101  25:-0.072
                      26: 0.108
                      27:-0.074
                      29:-0.389
                      30: 0.482
                      32:-0.059
                      35: 0.768

             ENERGY    K= OMEGA
 
 I= 11/2- (1)  2.741  28:-0.685
                      31:-0.579
                      34:-0.391
                      36:-0.199
                      38:-0.055
 
 I= 11/2- (2)  2.892  26:-0.120
                      27:-0.271
                      32: 0.306
                      33:-0.904
 
 I= 11/2- (3)  3.943  26:-0.320
                      27: 0.128
                      30: 0.059
                      32: 0.884
                      33: 0.303
                      37: 0.060
 
 I= 11/2- (4)  5.203  25:-0.165
                      29: 0.237
                      30:-0.739
                      32: 0.066
                      35: 0.255
                      37:-0.546
 
 I= 11/2- (5)  5.351  25: 0.385
                      29: 0.751
                      30: 0.295
                      32:-0.056
                      35: 0.444

             ENERGY    K= OMEGA
 
 I= 13/2- (1)  4.186  26: 0.164
                      27:-0.316
                      32: 0.363
                      33: 0.860
 
 I= 13/2- (2)  4.934  28:-0.222
                      31: 0.564
                      34:-0.661
                      36: 0.442
 
 I= 13/2- (3)  5.328  25: 0.175
                      26:-0.324
                      27:-0.156
                      29:-0.181
                      30:-0.279
                      32:-0.770
                      33: 0.330
                      37: 0.162
 
 I= 13/2- (4)  5.524  25: 0.410
                      26: 0.137
                      27: 0.051
                      29:-0.466
                      30:-0.582
                      32: 0.348
                      33:-0.153
                      35: 0.210
                      37: 0.257
 
 I= 13/2- (5)  7.774  24: 0.996
                      27:-0.061

             ENERGY     K= 1/2
  32 LEVELS    TIME=  0.0 SEC



 ******************* EXCITATION ENERGIES, DOMINANT CONFIGURATION AND EXPECTATION VALUES (WITH S.P. UU+VV FACTORS) *******************

  NR  Eex(keV)  I   Kdom  NY    <Jz>  <Jx**2> <Jy**2> <Jz**2> <I.j>/|I|  <Rx**2> <Ry**2> <Rz**2> <R.j>/|R|  <HROTx> <HROTy> <HROTz>

   1    0.0   9/2-   9/2  33    3.78    2.54    2.54   19.47    4.30       3.25    3.25    0.00   -1.24      0.396   0.396   0.000
   2    4.7   7/2-  -7/2  32   -3.26    2.31    2.31   12.00    3.36       2.86    2.86    0.00   -1.38      0.349   0.349   0.001
   3  636.2   3/2-  -3/2  30   -1.43    4.60    4.60    2.18    1.42       4.82    4.82    0.00   -2.78      0.588   0.588   0.000
   4  716.4   5/2-  -3/2  30   -0.45    4.61    4.61    2.23    2.22       3.54    3.54    0.00   -1.84      0.431   0.431   0.000
   5  747.0   3/2-   1/2  29   -0.02    3.76    3.76    0.77    1.31       3.47    3.47   -0.00   -2.18      0.423   0.423  -0.000
  
   6  773.1   1/2-   1/2  29    0.50    4.75    4.75    0.25    0.28       5.00    5.00    0.00   -3.00      0.610   0.610   0.000
   7  922.8  11/2-   1/2  28   -0.02   24.66   24.66    2.31    6.36       5.66    5.66    0.00   -4.04      0.690   0.690   0.000
   8  949.8   9/2-  -7/2  32   -2.66    2.42    2.42   12.14    2.91       6.39    6.39    0.00   -0.70      0.779   0.779   0.000
   9 1074.4  11/2-   9/2  33    3.13    2.77    2.77   18.72    3.80       7.30    7.30   -0.00   -0.41      0.891   0.891  -0.000
  10 1457.2   5/2-  -3/2  35   -1.02    2.75    2.75    1.81    0.84       5.53    5.53   -0.00   -1.45      0.674   0.674  -0.000
  
  11 1497.8   7/2-  -3/2  30   -0.17    3.91    3.91    3.20    1.75       6.43    6.43   -0.00   -1.13      0.784   0.784  -0.000
  12 1605.1   7/2-   1/2  28   -0.01   24.23   24.23    1.90    6.19       8.49    8.49    0.00   -6.26      1.036   1.036   0.000
  13 1605.9   5/2-   5/2  37    1.91    2.51    2.51    4.87    1.78       4.06    4.06    0.00   -1.62      0.495   0.495   0.000
  14 1684.2   7/2-   1/2  29   -0.18    3.77    3.77    0.98    1.37       6.70    6.70    0.00   -0.84      0.817   0.817   0.000
  15 1748.6   9/2-  -3/2  30   -0.31    4.84    4.84    1.98    2.27       6.91    6.91    0.00   -0.10      0.842   0.842   0.000
  
  16 2125.5  11/2-  -7/2  32   -2.12    2.51    2.51   12.31    2.61      10.91   10.91    0.00   -0.36      1.330   1.330   0.001
  17 2367.8  13/2-   9/2  33    2.58    2.97    2.97   18.02    3.45      12.28   12.28    0.00    0.02      1.497   1.497   0.000
  18 2378.1   5/2-  -3/2  35   -0.31    3.49    3.49    2.02   -0.20       9.46    9.46    0.00   -2.20      1.153   1.153   0.000
  19 2534.2   7/2-   5/2  37   -0.09    3.45    3.45    5.27    1.31       8.77    8.77   -0.00   -1.67      1.069   1.069  -0.000
  20 2761.5   9/2-   5/2  34   -0.01   24.76   24.76    5.62    5.38      13.16   13.16    0.00   -5.53      1.604   1.604   0.000
  
  21 3116.2  13/2-   5/2  34   -0.04   24.75   24.75    5.85    5.38      14.50   14.50    0.00   -3.30      1.768   1.768   0.000
  22 3193.2   5/2-   5/2  26    2.47    5.99    5.99    6.22    2.08       7.34    7.34   -0.00   -3.15      0.895   0.895  -0.000
  23 3282.8   9/2-  -3/2  35   -1.16    2.63    2.63    2.08    0.65      12.79   12.79   -0.00   -0.81      1.559   1.559  -0.000
  24 3385.1  11/2-  -3/2  30   -0.14    3.87    3.87    3.36    1.60      13.86   13.86    0.00   -0.29      1.690   1.690   0.000
  25 3510.3  13/2-  -7/2  32   -1.43    2.98    2.98   10.78    2.42      15.86   15.86    0.00    0.03      1.934   1.934   0.000
  
  26 3532.7  11/2-   1/2  29   -0.08    3.86    3.86    0.86    1.39      13.86   13.86    0.00   -0.05      1.690   1.690   0.000
  27 3706.2  13/2-  -3/2  30   -0.50    4.68    4.68    3.47    2.29      14.83   14.83    0.00    0.57      1.808   1.808   0.000
  28 3891.2   1/2-   1/2  25    0.50    6.46    6.46    0.25    0.67       6.38    6.38    0.00   -3.52      0.777   0.777   0.000
  29 4235.4   1/2-   1/2  38    0.50   12.46   12.46    0.25   -1.63      14.36   14.36    0.00   -4.96      1.751   1.751   0.000
  30 5956.4  13/2- -11/2  24   -5.46    2.76    2.76   30.06    4.31      12.09   12.09    0.00   -1.12      1.474   1.474   0.000
  
  31 6943.8   1/2-   1/2  28    0.50   24.96   24.96    0.25   -3.56      28.55   28.55    0.00   -7.05      3.481   3.481   0.000
  32*******   1/2-  -3/2  31    0.00    0.00    0.00    0.00   -0.00       0.00    0.00    0.00   -0.00      0.000   0.000   0.000
