1SPECTRUM OF (Z= 82 A=207) IN PARTICLE-ROTOR  MODEL WITH MODIFIED OSCILLATOR POTENTIAL


 PARITY=-   EPS= 0.394   GAMMA=  0.0   EPS4=0.000   EPS6=0.000   LEVELS:  25  26  27  28  29  30  31  32  33  34  35  36  37  38  39

 PAIRING FACTORS: GN0= 19.20  GN1=  7.40  IPAIR= 15 ***  E2PLUS(INPUT)=   0.730  E2PLUR(INPUT)=   0.000

 CORIOLIS ATTENUATION PARAMETERS:  CHSI=1.000  ETA=  1.00

 MOMENT OF INERTIA PARAMETERS:   A1=  0.122 MEV   A2=  0.122 MEV   A3=121.91922 MEV


 DELTA=0.848 MEV  LAMBDA=53.4727 MEV   HW0= 7.5554 MEV   LAMBDA/HW0= 7.0774

 E2ENERGY=0.730 MEV  HBAR**2/B=28784./A**(7/3)=4865.8/A**2 MEV

 IREC=0  =>  RECOIL TERMS j+j-, j+j+, jzjz, ETC TREATED AS ONE-BODY OPERATORS WITH UU+VV PAIRING FACTORS



 S. P. LEVEL   EQP       U     V        (UU + VV)**1.00

     25       3.771    0.113 0.994      1.000 1.000 0.999 0.996 0.995 0.930 0.893 0.855 0.554 0.443 0.408 0.332 0.241 0.239 0.231
     26       3.090    0.139 0.990      1.000 1.000 1.000 0.998 0.997 0.939 0.905 0.868 0.575 0.466 0.431 0.356 0.266 0.264 0.256
     27       2.749    0.156 0.988      0.999 1.000 1.000 0.999 0.998 0.945 0.912 0.877 0.590 0.482 0.447 0.373 0.283 0.281 0.273
     28       2.190    0.198 0.980      0.996 0.998 0.999 1.000 1.000 0.958 0.928 0.896 0.623 0.518 0.484 0.411 0.323 0.321 0.313
     29       2.032    0.214 0.977      0.995 0.997 0.998 1.000 1.000 0.963 0.934 0.903 0.636 0.532 0.499 0.426 0.339 0.336 0.329
     30       1.021    0.471 0.882      0.930 0.939 0.945 0.958 0.963 1.000 0.996 0.986 0.821 0.742 0.715 0.656 0.581 0.579 0.573
     31       0.926    0.547 0.837      0.893 0.905 0.912 0.928 0.934 0.996 1.000 0.997 0.869 0.799 0.775 0.721 0.651 0.650 0.643
     32       0.876    0.612 0.791      0.855 0.868 0.877 0.896 0.903 0.986 0.997 1.000 0.906 0.844 0.822 0.773 0.710 0.708 0.702
     33       1.045    0.890 0.456      0.554 0.575 0.590 0.623 0.636 0.821 0.869 0.906 1.000 0.992 0.986 0.969 0.942 0.941 0.938
     34       1.330    0.941 0.339      0.443 0.466 0.482 0.518 0.532 0.742 0.799 0.844 0.992 1.000 0.999 0.993 0.977 0.976 0.975
     35       1.474    0.953 0.302      0.408 0.431 0.447 0.484 0.499 0.715 0.775 0.822 0.986 0.999 1.000 0.997 0.984 0.984 0.983
     36       1.949    0.975 0.223      0.332 0.356 0.373 0.411 0.426 0.656 0.721 0.773 0.969 0.993 0.997 1.000 0.995 0.995 0.994
     37       3.297    0.992 0.130      0.241 0.266 0.283 0.323 0.339 0.581 0.651 0.710 0.942 0.977 0.984 0.995 1.000 1.000 1.000
     38       3.354    0.992 0.128      0.239 0.264 0.281 0.321 0.336 0.579 0.650 0.708 0.941 0.976 0.984 0.995 1.000 1.000 1.000
     39       3.581    0.993 0.119      0.231 0.256 0.273 0.313 0.329 0.573 0.643 0.702 0.938 0.975 0.983 0.994 1.000 1.000 1.000

  R CORE   ENERGY   A0R/A00=1.000    R3= 0     2  
   2( 1)    0.732                    1.000 0.000
   2( 2)  487.921                    0.000 1.000

  R CORE   ENERGY   A0R/A00=1.000    R3= 0     2  
   3( 1)  488.652                    0.000 1.000

  R CORE   ENERGY   A0R/A00=1.000    R3= 0     2     4  
   4( 1)    2.438                    1.000 0.000 0.000

  R CORE   ENERGY   A0R/A00=1.000    R3= 0     2     4  
   5( 1)  490.847                    0.000 1.000 0.000

  R CORE   ENERGY   A0R/A00=1.000    R3= 0     2     4     6  
   6( 1)    5.121                    1.000 0.000 0.000 0.000

  R CORE   ENERGY   A0R/A00=1.000    R3= 0     2     4     6  
   7( 1)  494.017                    0.000 1.000 0.000 0.000

          AXIAL SYMMETRY => K RESTRICTED TO OMEGA

                     K
     S.P. ORB#: 25 -5.50
     S.P. ORB#: 26  0.50
     S.P. ORB#: 27  2.50
     S.P. ORB#: 28 -3.50
     S.P. ORB#: 29 -1.50
     S.P. ORB#: 30  0.50
     S.P. ORB#: 31 -1.50
     S.P. ORB#: 32  2.50
     S.P. ORB#: 33 -3.50
     S.P. ORB#: 34  0.50
     S.P. ORB#: 35  4.50
     S.P. ORB#: 36 -3.50
     S.P. ORB#: 37  0.50
     S.P. ORB#: 38 -1.50
     S.P. ORB#: 39 -1.50
 

             ENERGY    K= OMEGA
 
 I=  1/2- (1)  2.331  30:-1.000
 
 I=  1/2- (2)  4.266  26:-0.193
                      34: 0.914
                      37:-0.358
 
 I=  1/2- (3)  7.237  26:-0.331
                      34: 0.283
                      37: 0.900
 
 I=  1/2- (4)  9.448  26: 0.924
                      34: 0.292
                      37: 0.248
 
 I=  1/2- (5)147.229  31:-1.000

             ENERGY    K= OMEGA
 
 I=  3/2- (1)  2.237  30:-0.461
                      31: 0.887
 
 I=  3/2- (2)  2.596  30: 0.867
                      31: 0.456
                      38: 0.203

             ENERGY    K= OMEGA
 
 I=  5/2- (1)  2.794  30: 0.454
                      31: 0.888
                      38:-0.065
 
 I=  5/2- (2)  3.352  27:-0.063
                      30: 0.827
                      31:-0.445
                      38:-0.338
 
 I=  5/2- (3)  4.301  26: 0.146
                      29:-0.057
                      34:-0.799
                      37: 0.498
                      39:-0.298
 
 I=  5/2- (4)  4.515  27:-0.944
                      30:-0.136
                      31: 0.095
                      38:-0.283
 
 I=  5/2- (5)  4.786  27: 0.320
                      30:-0.303
                      31: 0.073
                      38:-0.895

             ENERGY    K= OMEGA
 
 I=  7/2- (1)  1.933  27: 0.151
                      33:-0.988
 
 I=  7/2- (2)  3.425  30:-0.698
                      31: 0.693
                      38:-0.178
 
 I=  7/2- (3)  4.035  27: 0.162
                      28: 0.393
                      30:-0.568
                      31:-0.634
                      38:-0.307
 
 I=  7/2- (4)  4.109  27: 0.126
                      28: 0.901
                      30: 0.250
                      31: 0.307
                      38: 0.122
 
 I=  7/2- (5)  4.112  29:-0.184
                      32:-0.224
                      34:-0.850
                      36:-0.097
                      37:-0.224
                      39: 0.365

             ENERGY    K= OMEGA
 
 I=  9/2- (1)  2.402  27:-0.087
                      28: 0.165
                      33:-0.365
                      35:-0.912
 
 I=  9/2- (2)  3.015  27: 0.202
                      28: 0.099
                      33: 0.904
                      35:-0.363
 
 I=  9/2- (3)  4.541  27: 0.052
                      30: 0.584
                      31: 0.788
                      38:-0.185
 
 I=  9/2- (4)  4.763  26: 0.169
                      29:-0.522
                      32: 0.683
                      34: 0.200
                      36:-0.402
                      37:-0.113
                      39: 0.135
 
 I=  9/2- (5)  5.074  26: 0.165
                      29:-0.175
                      32: 0.140
                      34:-0.716
                      36:-0.088
                      37: 0.533
                      39:-0.343

             ENERGY    K= OMEGA
 
 I= 11/2- (1)  3.510  26: 0.570
                      29: 0.574
                      32: 0.478
                      34: 0.222
                      36: 0.228
                      37: 0.065
                      39:-0.112
 
 I= 11/2- (2)  3.544  27:-0.135
                      28:-0.224
                      33: 0.447
                      35:-0.855
 
 I= 11/2- (3)  4.321  27:-0.238
                      28: 0.146
                      33: 0.850
                      35: 0.443
 
 I= 11/2- (4)  5.024  26: 0.272
                      29: 0.121
                      34:-0.815
                      37:-0.277
                      39: 0.411
 
 I= 11/2- (5)  5.115  25:-0.999

             ENERGY    K= OMEGA
 
 I= 13/2- (1)  4.919  27: 0.174
                      28:-0.264
                      33: 0.488
                      35: 0.812
 
 I= 13/2- (2)  5.298  26: 0.199
                      29:-0.552
                      32: 0.680
                      34: 0.114
                      36:-0.407
                      39: 0.113
 
 I= 13/2- (3)  5.857  25:-0.052
                      27:-0.267
                      28:-0.184
                      33:-0.810
                      35: 0.483
 
 I= 13/2- (4)  6.703  25: 0.998
                      35: 0.053
 
 I= 13/2- (5)  6.738  26: 0.135
                      29:-0.114
                      32: 0.058
                      34:-0.704
                      37: 0.566
                      39:-0.384

             ENERGY     K=-3/2
  32 LEVELS    TIME=  0.0 SEC



 ******************* EXCITATION ENERGIES, DOMINANT CONFIGURATION AND EXPECTATION VALUES (WITH S.P. UU+VV FACTORS) *******************

  NR  Eex(keV)  I   Kdom  NY    <Jz>  <Jx**2> <Jy**2> <Jz**2> <I.j>/|I|  <Rx**2> <Ry**2> <Rz**2> <R.j>/|R|  <HROTx> <HROTy> <HROTz>

   1    0.0   7/2-  -7/2  33   -3.36    2.30    2.30   12.11    3.21       3.48    3.48    0.00   -1.50      0.424   0.424   0.000
   2  304.2   3/2-  -3/2  31   -1.08    4.98    4.98    1.83    1.28       5.29    5.29    0.00   -2.86      0.645   0.645   0.000
   3  398.7   1/2-   1/2  30    0.50    4.95    4.95    0.25    0.09       5.37    5.37    0.00   -3.07      0.655   0.655   0.000
   4  468.9   9/2-   9/2  35    3.20    2.50    2.50   18.86    4.10       3.92    3.92   -0.00   -1.24      0.478   0.478  -0.000
   5  663.0   3/2-   1/2  30    0.00    4.76    4.76    0.75    0.44       6.14    6.14   -0.00   -2.68      0.749   0.749  -0.000
  
   6  860.8   5/2-  -3/2  31   -1.08    5.00    5.00    1.85    0.94       7.52    7.52    0.00   -2.34      0.917   0.917   0.000
   7 1082.1   9/2-  -7/2  33   -2.20    2.37    2.37   13.05    2.76       7.52    7.52    0.00   -1.04      0.916   0.916   0.000
   8 1419.3   5/2-   1/2  30   -0.12    4.49    4.49    0.90    0.27       8.51    8.51   -0.00   -2.20      1.038   1.038  -0.000
   9 1492.7   7/2-   1/2  30   -0.52    4.96    4.96    1.29    0.94       9.74    9.74    0.00   -1.69      1.187   1.187   0.000
  10 1576.8  11/2-  -3/2  29    0.06   23.70   23.70    2.93    6.23       5.79    5.79    0.00   -3.84      0.706   0.706   0.000
  
  11 1611.1  11/2-   9/2  35    2.45    2.66    2.66   18.00    3.50       8.59    8.59    0.00   -0.57      1.047   1.047   0.000
  12 2102.7   7/2-  -3/2  31   -1.06    4.73    4.73    3.26    0.89      10.69   10.69    0.00   -1.98      1.303   1.303   0.000
  13 2175.8   7/2-  -7/2  28   -2.94    5.96    5.96   10.32    2.63       8.55    8.55    0.00   -2.85      1.042   1.042   0.000
  14 2179.6   7/2-   1/2  34    0.23   16.50   16.50    1.00    3.81       9.74    9.74    0.00   -4.27      1.187   1.187   0.000
  15 2333.0   1/2-   1/2  34    0.50   11.12   11.12    0.25    1.02      10.74   10.74    0.00   -4.66      1.309   1.309   0.000
  
  16 2368.6   5/2-   1/2  34    0.32   11.59   11.59    0.43    2.36       9.20    9.20    0.00   -3.88      1.122   1.122   0.000
  17 2388.5  11/2-  -7/2  33   -1.59    2.45    2.45   13.49    2.42      12.58   12.58    0.00   -0.78      1.534   1.534   0.000
  18 2582.0   5/2-   5/2  27    2.11    5.72    5.72    5.78    1.94       7.24    7.24    0.00   -3.02      0.883   0.883   0.000
  19 2608.6   9/2-  -3/2  31   -0.81    4.97    4.97    1.59    0.77      14.33   14.33   -0.00   -1.44      1.747   1.747  -0.000
  20 2830.7   9/2-   5/2  32    0.21   23.48   23.48    5.57    5.10      13.28   13.28    0.00   -5.27      1.619   1.619   0.000
  
  21 2853.2   5/2-  -3/2  38   -0.91    2.61    2.61    2.48    0.40       7.06    7.06   -0.00   -1.74      0.860   0.860  -0.000
  22 2986.6  13/2-   9/2  35    1.95    2.81    2.81   17.37    3.11      14.17   14.17   -0.00   -0.24      1.728   1.728  -0.000
  23 3090.8  11/2-   1/2  34    0.13   13.79   13.79    0.63    3.28      12.40   12.40   -0.00   -1.73      1.511   1.511  -0.000
  24 3140.8   9/2-   1/2  34    0.21   12.24   12.24    0.76    2.67      11.70   11.70    0.00   -2.47      1.427   1.427   0.000
  25 3182.5  11/2- -11/2  25   -5.48    2.75    2.75   30.22    5.05       5.53    5.53    0.00   -1.66      0.674   0.674   0.000
  
  26 3365.6  13/2-   5/2  32    0.13   23.83   23.83    5.65    5.10      15.42   15.42    0.00   -3.19      1.880   1.880   0.000
  27 3924.7  13/2-  -7/2  33   -1.21    2.53    2.53   13.72    2.17      18.64   18.64    0.00   -0.60      2.272   2.272   0.000
  28 4769.8  13/2- -11/2  25   -5.47    2.75    2.75   30.19    4.32      12.06   12.06    0.00   -1.13      1.471   1.471   0.000
  29 4804.9  13/2-   1/2  34    0.18   12.08   12.08    0.61    2.68      18.07   18.07    0.00   -1.01      2.203   2.203   0.000
  30 5304.6   1/2-   1/2  37    0.50   15.89   15.89    0.25   -0.59      16.90   16.90   -0.00   -5.60      2.061   2.061  -0.000
  
  31 7515.6   1/2-   1/2  26    0.50   23.16   23.16    0.25   -3.44      26.64   26.64   -0.00   -6.79      3.248   3.248  -0.000
  32*******   1/2-  -3/2  31    0.00    0.00    0.00    0.00    0.00       0.00    0.00    0.00   -0.00      0.000   0.000   0.000
