1SPECTRUM OF (Z= 82 A=207) IN PARTICLE-ROTOR  MODEL WITH MODIFIED OSCILLATOR POTENTIAL


 PARITY=-   EPS= 0.341   GAMMA=  0.0   EPS4=0.000   EPS6=0.000   LEVELS:  24  25  26  27  28  29  30  31  32  33  34  35  36  37  38

 PAIRING FACTORS: GN0= 19.20  GN1=  7.40  IPAIR= 15 ***  E2PLUS(INPUT)=   0.730  E2PLUR(INPUT)=   0.000

 CORIOLIS ATTENUATION PARAMETERS:  CHSI=1.000  ETA=  1.00

 MOMENT OF INERTIA PARAMETERS:   A1=  0.122 MEV   A2=  0.122 MEV   A3=121.91924 MEV


 DELTA=0.907 MEV  LAMBDA=53.3505 MEV   HW0= 7.5169 MEV   LAMBDA/HW0= 7.0975

 E2ENERGY=0.730 MEV  HBAR**2/B=21561./A**(7/3)=3644.8/A**2 MEV

 IREC=0  =>  RECOIL TERMS j+j-, j+j+, jzjz, ETC TREATED AS ONE-BODY OPERATORS WITH UU+VV PAIRING FACTORS



 S. P. LEVEL   EQP       U     V        (UU + VV)**1.00

     24       4.583    0.099 0.995      1.000 1.000 0.999 0.997 0.989 0.957 0.950 0.938 0.835 0.625 0.597 0.298 0.288 0.273 0.256
     25       4.206    0.109 0.994      1.000 1.000 0.999 0.997 0.990 0.960 0.953 0.941 0.840 0.632 0.605 0.307 0.297 0.282 0.265
     26       3.115    0.147 0.989      0.999 0.999 1.000 0.999 0.995 0.970 0.964 0.953 0.861 0.662 0.635 0.344 0.334 0.319 0.302
     27       2.557    0.180 0.984      0.997 0.997 0.999 1.000 0.998 0.977 0.972 0.963 0.877 0.687 0.661 0.375 0.365 0.351 0.334
     28       1.898    0.247 0.969      0.989 0.990 0.995 0.998 1.000 0.990 0.986 0.979 0.908 0.735 0.710 0.437 0.428 0.413 0.397
     29       1.280    0.384 0.923      0.957 0.960 0.970 0.977 0.990 1.000 1.000 0.998 0.959 0.825 0.804 0.562 0.554 0.540 0.525
     30       1.223    0.406 0.914      0.950 0.953 0.964 0.972 0.986 1.000 1.000 0.999 0.965 0.838 0.818 0.582 0.573 0.560 0.545
     31       1.150    0.439 0.898      0.938 0.941 0.953 0.963 0.979 0.998 0.999 1.000 0.974 0.858 0.839 0.611 0.603 0.590 0.576
     32       0.927    0.631 0.776      0.835 0.840 0.861 0.877 0.908 0.959 0.965 0.974 1.000 0.951 0.940 0.774 0.767 0.757 0.746
     33       0.993    0.839 0.545      0.625 0.632 0.662 0.687 0.735 0.825 0.838 0.858 0.951 1.000 0.999 0.931 0.928 0.921 0.914
     34       1.028    0.857 0.515      0.597 0.605 0.635 0.661 0.710 0.804 0.818 0.839 0.940 0.999 1.000 0.944 0.940 0.935 0.928
     35       2.298    0.979 0.202      0.298 0.307 0.344 0.375 0.437 0.562 0.582 0.611 0.774 0.931 0.944 1.000 1.000 1.000 0.999
     36       2.414    0.981 0.191      0.288 0.297 0.334 0.365 0.428 0.554 0.573 0.603 0.767 0.928 0.940 1.000 1.000 1.000 0.999
     37       2.619    0.984 0.176      0.273 0.282 0.319 0.351 0.413 0.540 0.560 0.590 0.757 0.921 0.935 1.000 1.000 1.000 1.000
     38       2.899    0.987 0.158      0.256 0.265 0.302 0.334 0.397 0.525 0.545 0.576 0.746 0.914 0.928 0.999 0.999 1.000 1.000

  R CORE   ENERGY   A0R/A00=1.000    R3= 0     2  
   2( 1)    0.732                    1.000 0.000
   2( 2)  487.921                    0.000 1.000

  R CORE   ENERGY   A0R/A00=1.000    R3= 0     2  
   3( 1)  488.652                    0.000 1.000

  R CORE   ENERGY   A0R/A00=1.000    R3= 0     2     4  
   4( 1)    2.438                    1.000 0.000 0.000

  R CORE   ENERGY   A0R/A00=1.000    R3= 0     2     4  
   5( 1)  490.847                    0.000 1.000 0.000

  R CORE   ENERGY   A0R/A00=1.000    R3= 0     2     4     6  
   6( 1)    5.121                    1.000 0.000 0.000 0.000

  R CORE   ENERGY   A0R/A00=1.000    R3= 0     2     4     6  
   7( 1)  494.017                    0.000 1.000 0.000 0.000

          AXIAL SYMMETRY => K RESTRICTED TO OMEGA

                     K
     S.P. ORB#: 24 -5.50
     S.P. ORB#: 25  0.50
     S.P. ORB#: 26  2.50
     S.P. ORB#: 27 -3.50
     S.P. ORB#: 28  0.50
     S.P. ORB#: 29  0.50
     S.P. ORB#: 30 -1.50
     S.P. ORB#: 31 -1.50
     S.P. ORB#: 32 -3.50
     S.P. ORB#: 33  4.50
     S.P. ORB#: 34  2.50
     S.P. ORB#: 35 -3.50
     S.P. ORB#: 36  0.50
     S.P. ORB#: 37 -1.50
     S.P. ORB#: 38  2.50
 

             ENERGY    K= OMEGA
 
 I=  1/2- (1)  2.526  29: 0.999
 
 I=  1/2- (2)  5.767  28:-0.359
                      36: 0.933
 
 I=  1/2- (3)  5.792  25: 0.999
 
 I=  1/2- (4)  8.760  28: 0.933
                      36: 0.359
 
 I=  1/2- (5)147.453  31: 1.000

             ENERGY    K= OMEGA
 
 I=  3/2- (1)  2.398  25: 0.087
                      29:-0.232
                      31: 0.968
 
 I=  3/2- (2)  2.558  25:-0.201
                      29:-0.892
                      31:-0.180
                      37:-0.363

             ENERGY    K= OMEGA
 
 I=  5/2- (1)  2.520  25:-0.263
                      29: 0.457
                      31: 0.790
                      37:-0.128
                      38:-0.283
 
 I=  5/2- (2)  3.351  26:-0.064
                      29: 0.654
                      31:-0.440
                      37:-0.599
                      38: 0.122
 
 I=  5/2- (3)  3.618  25:-0.124
                      29: 0.285
                      31: 0.161
                      37: 0.369
                      38: 0.860
 
 I=  5/2- (4)  4.299  26:-0.078
                      29:-0.491
                      31: 0.331
                      37:-0.691
                      38: 0.406
 
 I=  5/2- (5)  4.904  26: 0.994
                      37:-0.104

             ENERGY    K= OMEGA
 
 I=  7/2- (1)  1.738  26: 0.189
                      32:-0.980
 
 I=  7/2- (2)  3.334  25: 0.133
                      29:-0.269
                      31: 0.824
                      37:-0.159
                      38: 0.451
 
 I=  7/2- (3)  3.505  25:-0.315
                      29:-0.808
                      31:-0.279
                      37:-0.410
 
 I=  7/2- (4)  3.598  28:-0.704
                      30:-0.583
                      34:-0.372
                      35:-0.160
 
 I=  7/2- (5)  4.380  26:-0.207
                      27:-0.842
                      29:-0.186
                      31: 0.205
                      37: 0.205
                      38:-0.359

             ENERGY    K= OMEGA
 
 I=  9/2- (1)  1.895  26: 0.076
                      27:-0.185
                      32: 0.257
                      33: 0.945
 
 I=  9/2- (2)  2.711  26:-0.258
                      27:-0.091
                      32:-0.925
                      33: 0.255
 
 I=  9/2- (3)  3.570  25:-0.375
                      29: 0.494
                      31: 0.698
                      32:-0.061
                      37:-0.187
                      38:-0.298
 
 I=  9/2- (4)  4.641  28:-0.224
                      30: 0.564
                      34:-0.668
                      35: 0.431
 
 I=  9/2- (5)  5.188  26: 0.099
                      29:-0.555
                      31: 0.483
                      32:-0.058
                      37: 0.640
                      38:-0.183

             ENERGY    K= OMEGA
 
 I= 11/2- (1)  2.960  28:-0.674
                      30:-0.579
                      34:-0.404
                      35:-0.209
                      36:-0.058
 
 I= 11/2- (2)  2.994  26: 0.129
                      27: 0.250
                      32:-0.351
                      33: 0.893
 
 I= 11/2- (3)  3.915  26:-0.301
                      27: 0.133
                      31: 0.061
                      32: 0.872
                      33: 0.349
                      38: 0.062
 
 I= 11/2- (4)  5.232  25: 0.232
                      29:-0.117
                      31: 0.813
                      32:-0.081
                      37:-0.149
                      38: 0.489
 
 I= 11/2- (5)  5.357  25: 0.347
                      29: 0.815
                      31: 0.139
                      37: 0.434
                      38:-0.072

             ENERGY    K= OMEGA
 
 I= 13/2- (1)  4.312  26: 0.175
                      27:-0.293
                      32: 0.411
                      33: 0.845
 
 I= 13/2- (2)  5.067  28: 0.218
                      30:-0.552
                      34: 0.667
                      35:-0.450
 
 I= 13/2- (3)  5.325  25: 0.176
                      26:-0.304
                      27:-0.163
                      29:-0.185
                      31:-0.286
                      32:-0.751
                      33: 0.377
                      38: 0.158
 
 I= 13/2- (4)  5.540  25: 0.410
                      26: 0.128
                      27: 0.053
                      29:-0.469
                      31:-0.591
                      32: 0.352
                      33:-0.166
                      37: 0.191
                      38: 0.236
 
 I= 13/2- (5)  7.513  24: 0.998

             ENERGY     K= 5/2
  32 LEVELS    TIME=  0.0 SEC



 ******************* EXCITATION ENERGIES, DOMINANT CONFIGURATION AND EXPECTATION VALUES (WITH S.P. UU+VV FACTORS) *******************

  NR  Eex(keV)  I   Kdom  NY    <Jz>  <Jx**2> <Jy**2> <Jz**2> <I.j>/|I|  <Rx**2> <Ry**2> <Rz**2> <R.j>/|R|  <HROTx> <HROTy> <HROTz>

   1    0.0   7/2-  -7/2  32   -3.28    2.31    2.31   12.03    3.33       2.98    2.98   -0.00   -1.41      0.364   0.364  -0.000
   2  156.9   9/2-   9/2  33    3.69    2.53    2.53   19.37    4.25       3.45    3.45    0.00   -1.25      0.420   0.420   0.000
   3  659.7   3/2-  -3/2  31   -1.38    4.76    4.76    2.13    1.40       4.98    4.98    0.00   -2.83      0.608   0.608   0.000
   4  781.8   5/2-  -3/2  31   -0.62    4.84    4.84    2.02    2.12       3.96    3.96    0.00   -1.93      0.483   0.483   0.000
   5  788.1   1/2-   1/2  29    0.50    4.82    4.82    0.25    0.27       5.09    5.09    0.00   -3.03      0.620   0.620   0.000
  
   6  820.4   3/2-   1/2  29    0.17    4.16    4.16    0.58    1.17       4.06    4.06    0.00   -2.33      0.494   0.494   0.000
   7  972.8   9/2-  -7/2  32   -2.56    2.41    2.41   12.33    2.88       6.62    6.62   -0.00   -0.77      0.807   0.807  -0.000
   8 1221.9  11/2-   1/2  28   -0.02   24.13   24.13    2.42    6.26       5.79    5.79    0.00   -3.90      0.706   0.706   0.000
   9 1255.7  11/2-   9/2  33    2.97    2.73    2.73   18.53    3.71       7.68    7.68   -0.00   -0.46      0.936   0.936  -0.000
  10 1596.4   7/2-  -3/2  31   -0.51    4.27    4.27    2.91    1.64       7.08    7.08    0.00   -1.31      0.863   0.863   0.000
  
  11 1612.6   5/2-   1/2  29   -0.57    3.47    3.47    1.47    0.71       6.49    6.49    0.00   -1.75      0.791   0.791   0.000
  12 1767.2   7/2-   1/2  29    0.01    4.03    4.03    0.76    1.32       7.04    7.04    0.00   -0.95      0.859   0.859   0.000
  13 1832.1   9/2-  -3/2  31   -0.38    4.99    4.99    1.88    2.23       7.19    7.19    0.00   -0.20      0.877   0.877   0.000
  14 1859.6   7/2-   1/2  28   -0.01   23.76   23.76    2.07    6.12       8.36    8.36   -0.00   -6.18      1.020   1.020  -0.000
  15 1879.6   5/2-   5/2  38    1.66    2.18    2.18    5.02    1.80       3.74    3.74    0.00   -1.48      0.456   0.456   0.000
  
  16 2177.1  11/2-  -7/2  32   -1.95    2.49    2.49   12.62    2.58      11.25   11.25   -0.00   -0.46      1.371   1.371  -0.000
  17 2560.6   5/2-  -3/2  37   -0.33    3.06    3.06    2.45   -0.00       8.66    8.66    0.00   -2.06      1.056   1.056   0.000
  18 2574.2  13/2-   9/2  33    2.39    2.92    2.92   17.79    3.35      12.82   12.82    0.00   -0.05      1.563   1.563   0.000
  19 2642.2   7/2-  -7/2  27   -2.16    5.28    5.28    9.96    2.65       7.61    7.61   -0.00   -2.56      0.928   0.928  -0.000
  20 2902.6   9/2-   5/2  34    0.02   24.44   24.44    5.79    5.29      13.42   13.42    0.00   -5.48      1.636   1.636   0.000
  
  21 3166.0   5/2-   5/2  26    2.45    5.98    5.98    6.20    2.06       7.36    7.36    0.00   -3.15      0.898   0.898   0.000
  22 3329.1  13/2-   5/2  34   -0.03   24.43   24.43    5.95    5.26      15.09   15.09    0.00   -3.30      1.840   1.840   0.000
  23 3449.8   9/2-  -3/2  37   -0.72    3.19    3.19    1.86    0.58      13.60   13.60    0.00   -1.03      1.658   1.658   0.000
  24 3494.4  11/2-  -3/2  31   -0.41    4.20    4.20    3.17    1.58      14.21   14.21    0.00   -0.40      1.732   1.732   0.000
  25 3587.5  13/2-  -7/2  32   -1.23    2.99    2.99   11.07    2.39      16.23   16.23   -0.00   -0.07      1.978   1.978  -0.000
  
  26 3619.2  11/2-   1/2  29    0.09    4.00    4.00    0.73    1.34      14.21   14.21    0.00   -0.13      1.732   1.732   0.000
  27 3801.8  13/2-  -3/2  31   -0.52    4.76    4.76    3.53    2.26      15.15   15.15    0.00    0.49      1.847   1.847   0.000
  28 4029.4   1/2-   1/2  36    0.50   12.32   12.32    0.25   -1.39      14.03   14.03    0.00   -4.93      1.710   1.710   0.000
  29 4054.5   1/2-   1/2  25    0.50    6.61    6.61    0.25    0.66       6.53    6.53    0.00   -3.57      0.796   0.796   0.000
  30 5774.5  13/2- -11/2  24   -5.49    2.76    2.76   30.20    4.32      12.04   12.04    0.00   -1.13      1.468   1.468   0.000
  
  31 7022.3   1/2-   1/2  28    0.50   24.31   24.31    0.25   -3.54      27.87   27.87    0.00   -6.96      3.398   3.398   0.000
  32*******   1/2-  -3/2  31    0.00    0.00    0.00    0.00   -0.00       0.00    0.00    0.00   -0.00      0.000   0.000   0.000
