1SPECTRUM OF (Z= 82 A=207) IN PARTICLE-ROTOR  MODEL WITH MODIFIED OSCILLATOR POTENTIAL


 PARITY=-   EPS= 0.326   GAMMA=  0.0   EPS4=0.000   EPS6=0.000   LEVELS:  26  27  28  29  30  31  32  33  34  35  36  37  38  39  40

 PAIRING FACTORS: GN0= 19.20  GN1=  7.40  IPAIR= 15 ***  E2PLUS(INPUT)=   0.730  E2PLUR(INPUT)=   0.000

 CORIOLIS ATTENUATION PARAMETERS:  CHSI=1.000  ETA=  1.00

 MOMENT OF INERTIA PARAMETERS:   A1=  0.122 MEV   A2=  0.122 MEV   A3=121.91923 MEV


 DELTA=0.926 MEV  LAMBDA=53.3137 MEV   HW0= 7.5072 MEV   LAMBDA/HW0= 7.1017

 E2ENERGY=0.730 MEV  HBAR**2/B=19706./A**(7/3)=3331.2/A**2 MEV

 IREC=0  =>  RECOIL TERMS j+j-, j+j+, jzjz, ETC TREATED AS ONE-BODY OPERATORS WITH UU+VV PAIRING FACTORS



 S. P. LEVEL   EQP       U     V        (UU + VV)**1.00

     26       3.208    0.146 0.989      1.000 0.999 0.987 0.973 0.959 0.929 0.908 0.738 0.575 0.337 0.335 0.315 0.313 0.282 0.257
     27       2.651    0.177 0.984      0.999 1.000 0.992 0.980 0.968 0.941 0.920 0.759 0.601 0.367 0.365 0.346 0.343 0.312 0.288
     28       1.601    0.303 0.953      0.987 0.992 1.000 0.998 0.992 0.977 0.963 0.837 0.699 0.484 0.482 0.464 0.462 0.433 0.409
     29       1.350    0.369 0.930      0.973 0.980 0.998 1.000 0.998 0.989 0.980 0.873 0.747 0.544 0.542 0.524 0.523 0.494 0.472
     30       1.215    0.420 0.908      0.959 0.968 0.992 0.998 1.000 0.996 0.989 0.899 0.783 0.589 0.588 0.571 0.569 0.542 0.520
     31       1.067    0.501 0.865      0.929 0.941 0.977 0.989 0.996 1.000 0.998 0.935 0.837 0.661 0.660 0.644 0.642 0.617 0.596
     32       1.010    0.548 0.837      0.908 0.920 0.963 0.980 0.989 0.998 1.000 0.953 0.865 0.701 0.700 0.685 0.683 0.659 0.639
     33       0.945    0.775 0.632      0.738 0.759 0.837 0.873 0.899 0.935 0.953 1.000 0.976 0.884 0.883 0.873 0.872 0.855 0.842
     34       1.152    0.893 0.450      0.575 0.601 0.699 0.747 0.783 0.837 0.865 0.976 1.000 0.964 0.964 0.958 0.957 0.947 0.938
     35       2.405    0.981 0.196      0.337 0.367 0.484 0.544 0.589 0.661 0.701 0.884 0.964 1.000 1.000 1.000 1.000 0.998 0.996
     36       2.430    0.981 0.194      0.335 0.365 0.482 0.542 0.588 0.660 0.700 0.883 0.964 1.000 1.000 1.000 1.000 0.998 0.997
     37       2.707    0.985 0.174      0.315 0.346 0.464 0.524 0.571 0.644 0.685 0.873 0.958 1.000 1.000 1.000 1.000 0.999 0.998
     38       2.740    0.985 0.171      0.313 0.343 0.462 0.523 0.569 0.642 0.683 0.872 0.957 1.000 1.000 1.000 1.000 0.999 0.998
     39       3.362    0.990 0.139      0.282 0.312 0.433 0.494 0.542 0.617 0.659 0.855 0.947 0.998 0.998 0.999 0.999 1.000 1.000
     40       4.107    0.994 0.113      0.257 0.288 0.409 0.472 0.520 0.596 0.639 0.842 0.938 0.996 0.997 0.998 0.998 1.000 1.000

  R CORE   ENERGY   A0R/A00=1.000    R3= 0     2  
   2( 1)    0.732                    1.000 0.000
   2( 2)  487.921                    0.000 1.000

  R CORE   ENERGY   A0R/A00=1.000    R3= 0     2  
   3( 1)  488.652                    0.000 1.000

  R CORE   ENERGY   A0R/A00=1.000    R3= 0     2     4  
   4( 1)    2.438                    1.000 0.000 0.000

  R CORE   ENERGY   A0R/A00=1.000    R3= 0     2     4  
   5( 1)  490.847                    0.000 1.000 0.000

  R CORE   ENERGY   A0R/A00=1.000    R3= 0     2     4     6  
   6( 1)    5.121                    1.000 0.000 0.000 0.000

  R CORE   ENERGY   A0R/A00=1.000    R3= 0     2     4     6  
   7( 1)  494.017                    0.000 1.000 0.000 0.000

          AXIAL SYMMETRY => K RESTRICTED TO OMEGA

                     K
     S.P. ORB#: 26  2.50
     S.P. ORB#: 27 -3.50
     S.P. ORB#: 28  0.50
     S.P. ORB#: 29  0.50
     S.P. ORB#: 30 -1.50
     S.P. ORB#: 31 -1.50
     S.P. ORB#: 32 -3.50
     S.P. ORB#: 33  4.50
     S.P. ORB#: 34  2.50
     S.P. ORB#: 35 -3.50
     S.P. ORB#: 36 -1.50
     S.P. ORB#: 37  2.50
     S.P. ORB#: 38  0.50
     S.P. ORB#: 39  0.50
     S.P. ORB#: 40  4.50
 

             ENERGY    K= OMEGA
 
 I=  1/2- (1)  2.583  29: 0.999
 
 I=  1/2- (2)  3.710  39:-0.999
 
 I=  1/2- (3)  6.012  28: 0.433
                      38: 0.901
 
 I=  1/2- (4)  8.751  28: 0.901
                      38:-0.433
 
 I=  1/2- (5)147.370  31: 1.000

             ENERGY    K= OMEGA
 
 I=  3/2- (1)  2.460  29: 0.396
                      30:-0.917
 
 I=  3/2- (2)  2.670  29:-0.720
                      30:-0.313
                      36:-0.598
                      39: 0.160

             ENERGY    K= OMEGA
 
 I=  5/2- (1)  2.739  29:-0.393
                      30:-0.761
                      36: 0.184
                      37: 0.447
                      39:-0.182
 
 I=  5/2- (2)  3.289  26:-0.066
                      29: 0.507
                      30:-0.435
                      36:-0.740
 
 I=  5/2- (3)  3.502  29:-0.465
                      30:-0.228
                      36:-0.157
                      37:-0.815
                      39:-0.207
 
 I=  5/2- (4)  4.191  29: 0.539
                      30:-0.407
                      36: 0.596
                      37:-0.368
                      39: 0.229
 
 I=  5/2- (5)  4.620  26:-0.077
                      29:-0.285
                      30:-0.119
                      36:-0.177
                      39: 0.931

             ENERGY    K= OMEGA
 
 I=  7/2- (1)  1.804  26:-0.197
                      27: 0.052
                      32: 0.978
 
 I=  7/2- (2)  3.336  29:-0.475
                      30: 0.653
                      36:-0.317
                      37: 0.495
 
 I=  7/2- (3)  3.450  28:-0.720
                      31:-0.580
                      34:-0.351
                      35:-0.147
 
 I=  7/2- (4)  3.878  26: 0.061
                      29:-0.579
                      30:-0.500
                      36:-0.540
                      37:-0.237
                      39: 0.248
 
 I=  7/2- (5)  4.366  26:-0.156
                      27:-0.501
                      29:-0.378
                      30: 0.359
                      36: 0.318
                      37:-0.593

             ENERGY    K= OMEGA
 
 I=  9/2- (1)  1.827  26:-0.071
                      27: 0.197
                      32:-0.227
                      33:-0.951
 
 I=  9/2- (2)  2.754  26: 0.270
                      27: 0.090
                      32: 0.930
                      33:-0.223
 
 I=  9/2- (3)  4.103  29:-0.427
                      30:-0.667
                      36: 0.282
                      37: 0.482
                      39:-0.238
 
 I=  9/2- (4)  4.363  28:-0.203
                      31: 0.520
                      34:-0.635
                      35: 0.487
                      40:-0.220
 
 I=  9/2- (5)  5.108  26: 0.103
                      27:-0.059
                      29:-0.423
                      30: 0.485
                      32:-0.059
                      36: 0.738
                      37:-0.069
                      39: 0.137

             ENERGY    K= OMEGA
 
 I= 11/2- (1)  2.697  28: 0.656
                      31: 0.567
                      34: 0.410
                      35: 0.255
                      38:-0.055
                      40: 0.110
 
 I= 11/2- (2)  2.908  26:-0.122
                      27:-0.268
                      32: 0.314
                      33:-0.903
 
 I= 11/2- (3)  3.935  26:-0.317
                      27: 0.129
                      32: 0.883
                      33: 0.311
                      37: 0.057
 
 I= 11/2- (4)  5.233  29: 0.498
                      30:-0.590
                      36: 0.384
                      37:-0.501
 
 I= 11/2- (5)  5.716  28:-0.489
                      31:-0.108
                      34: 0.427
                      35: 0.624
                      40: 0.421

             ENERGY    K= OMEGA
 
 I= 13/2- (1)  4.208  26:-0.166
                      27: 0.313
                      32:-0.372
                      33:-0.858
 
 I= 13/2- (2)  4.304  28:-0.172
                      31: 0.457
                      34:-0.611
                      35: 0.545
                      40:-0.302
 
 I= 13/2- (3)  5.349  26: 0.347
                      27: 0.166
                      30: 0.068
                      32: 0.839
                      33:-0.371
                      37:-0.074
 
 I= 13/2- (4)  6.450  29:-0.442
                      30:-0.631
                      32: 0.068
                      36: 0.312
                      37: 0.472
                      39:-0.279
 
 I= 13/2- (5)  7.904  26:-0.104
                      27: 0.068
                      29: 0.346
                      30:-0.483
                      32: 0.097
                      36:-0.748
                      39:-0.249

             ENERGY     K= 9/2
  32 LEVELS    TIME=  0.0 SEC



 ******************* EXCITATION ENERGIES, DOMINANT CONFIGURATION AND EXPECTATION VALUES (WITH S.P. UU+VV FACTORS) *******************

  NR  Eex(keV)  I   Kdom  NY    <Jz>  <Jx**2> <Jy**2> <Jz**2> <I.j>/|I|  <Rx**2> <Ry**2> <Rz**2> <R.j>/|R|  <HROTx> <HROTy> <HROTz>

   1    0.0   7/2-  -7/2  32   -3.26    2.31    2.31   12.01    3.35       2.88    2.88    0.00   -1.38      0.351   0.351   0.000
   2   23.1   9/2-   9/2  33    3.77    2.54    2.54   19.46    4.29       3.29    3.29    0.00   -1.24      0.401   0.401   0.000
   3  656.0   3/2-  -3/2  30   -1.18    4.71    4.71    1.93    1.31       5.01    5.01    0.00   -2.78      0.610   0.610   0.000
   4  779.2   1/2-   1/2  29    0.50    4.71    4.71    0.25    0.19       5.04    5.04    0.00   -2.99      0.614   0.614   0.000
   5  865.6   3/2-   1/2  29   -0.41    3.36    3.36    1.16    1.11       3.67    3.67   -0.00   -2.12      0.447   0.447  -0.000
  
   6  892.5  11/2-   1/2  28   -0.02   24.51   24.51    2.92    6.47       5.15    5.15    0.00   -4.13      0.628   0.628   0.000
   7  935.3   5/2-  -3/2  30   -0.32    4.05    4.05    2.68    1.79       4.48    4.48    0.00   -1.84      0.546   0.546   0.000
   8  949.9   9/2-  -7/2  32   -2.65    2.41    2.41   12.18    2.90       6.44    6.44    0.00   -0.72      0.785   0.785   0.000
   9 1104.1  11/2-   9/2  33    3.11    2.76    2.76   18.68    3.78       7.39    7.39    0.00   -0.42      0.901   0.901   0.000
  10 1485.4   5/2-  -3/2  36   -0.96    2.81    2.81    1.75    0.84       5.58    5.58    0.00   -1.46      0.680   0.680   0.000
  
  11 1532.4   7/2-  -3/2  30   -0.07    3.86    3.86    2.80    1.65       6.57    6.57    0.00   -1.09      0.801   0.801   0.000
  12 1645.5   7/2-   1/2  28   -0.01   24.15   24.15    1.92    6.18       8.47    8.47   -0.00   -6.24      1.033   1.033  -0.000
  13 1698.3   5/2-   5/2  37    1.68    2.55    2.55    4.39    1.50       4.69    4.69    0.00   -1.65      0.572   0.572   0.000
  14 1905.7   1/2-   1/2  39    0.50    1.56    1.56    0.25    0.70       1.45    1.45   -0.00   -1.62      0.177   0.177  -0.000
  15 2073.9   7/2-   1/2  29   -0.47    3.20    3.20    1.71    0.90       8.37    8.37    0.00   -1.11      1.020   1.020   0.000
  
  16 2130.7  11/2-  -7/2  32   -2.10    2.51    2.51   12.38    2.61      10.98   10.98    0.00   -0.38      1.338   1.338   0.000
  17 2298.5   9/2-  -3/2  30   -0.10    3.80    3.80    2.74    1.63       9.42    9.42    0.00   -0.51      1.148   1.148   0.000
  18 2386.9   5/2-  -3/2  36   -0.27    3.34    3.34    2.11   -0.07       8.97    8.97    0.00   -2.12      1.094   1.094   0.000
  19 2403.6  13/2-   9/2  33    2.55    2.96    2.96   17.97    3.43      12.40   12.40    0.00    0.01      1.512   1.512   0.000
  20 2500.3  13/2-   5/2  34    0.01   24.17   24.17    8.29    6.07      10.31   10.31    0.00   -3.14      1.257   1.257   0.000
  
  21 2558.9   9/2-   5/2  34    0.01   24.42   24.42    7.02    5.81      11.38   11.38    0.00   -5.65      1.388   1.388   0.000
  22 2561.6   7/2-   5/2  37   -0.21    3.68    3.68    5.98    1.52       8.51    8.51    0.00   -1.77      1.038   1.038   0.000
  23 2816.1   5/2-   1/2  39    0.42    1.78    1.78    0.38    0.09       6.08    6.08    0.00   -1.05      0.741   0.741   0.000
  24 3304.3   9/2-  -3/2  36   -1.06    2.71    2.71    1.99    0.65      12.86   12.86    0.00   -0.83      1.567   1.567   0.000
  25 3429.1  11/2-  -3/2  30    0.00    3.71    3.71    2.82    1.49      14.06   14.06    0.00   -0.25      1.714   1.714   0.000
  
  26 3545.4  13/2-  -7/2  32   -1.63    2.59    2.59   12.54    2.39      16.51   16.51    0.00   -0.17      2.013   2.013   0.000
  27 3912.0  11/2-  -7/2  35   -0.01   23.20   23.20    9.57    5.31      14.13   14.13    0.00   -4.56      1.723   1.723   0.000
  28 4208.3   1/2-   1/2  38    0.50   12.42   12.42    0.25   -1.58      14.29   14.29   -0.00   -4.95      1.743   1.743  -0.000
  29 4645.5  13/2-  -3/2  30   -0.05    3.71    3.71    2.69    1.52      18.82   18.82    0.00    0.08      2.294   2.294   0.000
  30 6099.9  13/2-  -3/2  36   -1.12    2.51    2.51    2.08    0.57      23.92   23.92    0.00   -0.45      2.916   2.916   0.000
  
  31 6947.0   1/2-   1/2  28    0.50   24.86   24.86    0.25   -3.56      28.45   28.45   -0.00   -7.03      3.468   3.468  -0.000
  32*******   1/2-  -3/2  31    0.00    0.00    0.00    0.00    0.00       0.00    0.00   -0.00   -0.00      0.000   0.000  -0.000
