1SPECTRUM OF (Z= 82 A=207) IN PARTICLE-ROTOR  MODEL WITH MODIFIED OSCILLATOR POTENTIAL


 PARITY=-   EPS= 0.333   GAMMA=  0.0   EPS4=0.000   EPS6=0.000   LEVELS:  24  25  26  27  28  29  30  31  32  33  34  35  36  37  38

 PAIRING FACTORS: GN0= 19.20  GN1=  7.40  IPAIR= 15 ***  E2PLUS(INPUT)=   0.730  E2PLUR(INPUT)=   0.000

 CORIOLIS ATTENUATION PARAMETERS:  CHSI=1.000  ETA=  1.00

 MOMENT OF INERTIA PARAMETERS:   A1=  0.122 MEV   A2=  0.122 MEV   A3=121.91924 MEV


 DELTA=0.917 MEV  LAMBDA=53.3296 MEV   HW0= 7.5116 MEV   LAMBDA/HW0= 7.0996

 E2ENERGY=0.730 MEV  HBAR**2/B=20561./A**(7/3)=3475.8/A**2 MEV

 IREC=0  =>  RECOIL TERMS j+j-, j+j+, jzjz, ETC TREATED AS ONE-BODY OPERATORS WITH UU+VV PAIRING FACTORS



 S. P. LEVEL   EQP       U     V        (UU + VV)**1.00

     24       4.698    0.098 0.995      1.000 1.000 0.999 0.997 0.984 0.959 0.941 0.931 0.864 0.667 0.562 0.294 0.281 0.276 0.262
     25       4.184    0.110 0.994      1.000 1.000 0.999 0.998 0.986 0.962 0.945 0.935 0.870 0.676 0.572 0.305 0.292 0.287 0.274
     26       3.164    0.146 0.989      0.999 0.999 1.000 0.999 0.991 0.972 0.957 0.948 0.888 0.702 0.601 0.340 0.327 0.322 0.309
     27       2.606    0.179 0.984      0.997 0.998 0.999 1.000 0.995 0.979 0.966 0.958 0.902 0.725 0.627 0.371 0.358 0.353 0.340
     28       1.735    0.275 0.961      0.984 0.986 0.991 0.995 1.000 0.994 0.986 0.981 0.940 0.790 0.701 0.460 0.448 0.443 0.431
     29       1.317    0.376 0.927      0.959 0.962 0.972 0.979 0.994 1.000 0.998 0.996 0.971 0.851 0.773 0.552 0.541 0.536 0.525
     30       1.184    0.429 0.903      0.941 0.945 0.957 0.966 0.986 0.998 1.000 1.000 0.983 0.880 0.808 0.600 0.589 0.584 0.573
     31       1.132    0.455 0.891      0.931 0.935 0.948 0.958 0.981 0.996 1.000 1.000 0.988 0.893 0.825 0.622 0.612 0.607 0.596
     32       0.966    0.586 0.810      0.864 0.870 0.888 0.902 0.940 0.971 0.983 0.988 1.000 0.951 0.902 0.735 0.726 0.722 0.712
     33       0.962    0.807 0.591      0.667 0.676 0.702 0.725 0.790 0.851 0.880 0.893 0.951 1.000 0.991 0.908 0.902 0.900 0.894
     34       1.092    0.878 0.478      0.562 0.572 0.601 0.627 0.701 0.773 0.808 0.825 0.902 0.991 1.000 0.956 0.952 0.950 0.946
     35       2.356    0.980 0.199      0.294 0.305 0.340 0.371 0.460 0.552 0.600 0.622 0.735 0.908 0.956 1.000 1.000 1.000 0.999
     36       2.519    0.983 0.185      0.281 0.292 0.327 0.358 0.448 0.541 0.589 0.612 0.726 0.902 0.952 1.000 1.000 1.000 1.000
     37       2.589    0.984 0.180      0.276 0.287 0.322 0.353 0.443 0.536 0.584 0.607 0.722 0.900 0.950 1.000 1.000 1.000 1.000
     38       2.797    0.986 0.166      0.262 0.274 0.309 0.340 0.431 0.525 0.573 0.596 0.712 0.894 0.946 0.999 1.000 1.000 1.000

  R CORE   ENERGY   A0R/A00=1.000    R3= 0     2  
   2( 1)    0.732                    1.000 0.000
   2( 2)  487.921                    0.000 1.000

  R CORE   ENERGY   A0R/A00=1.000    R3= 0     2  
   3( 1)  488.652                    0.000 1.000

  R CORE   ENERGY   A0R/A00=1.000    R3= 0     2     4  
   4( 1)    2.438                    1.000 0.000 0.000

  R CORE   ENERGY   A0R/A00=1.000    R3= 0     2     4  
   5( 1)  490.847                    0.000 1.000 0.000

  R CORE   ENERGY   A0R/A00=1.000    R3= 0     2     4     6  
   6( 1)    5.121                    1.000 0.000 0.000 0.000

  R CORE   ENERGY   A0R/A00=1.000    R3= 0     2     4     6  
   7( 1)  494.017                    0.000 1.000 0.000 0.000

          AXIAL SYMMETRY => K RESTRICTED TO OMEGA

                     K
     S.P. ORB#: 24 -5.50
     S.P. ORB#: 25  0.50
     S.P. ORB#: 26  2.50
     S.P. ORB#: 27 -3.50
     S.P. ORB#: 28  0.50
     S.P. ORB#: 29  0.50
     S.P. ORB#: 30 -1.50
     S.P. ORB#: 31 -1.50
     S.P. ORB#: 32 -3.50
     S.P. ORB#: 33  4.50
     S.P. ORB#: 34  2.50
     S.P. ORB#: 35 -3.50
     S.P. ORB#: 36 -1.50
     S.P. ORB#: 37  0.50
     S.P. ORB#: 38  2.50
 

             ENERGY    K= OMEGA
 
 I=  1/2- (1)  2.554  29: 0.999
 
 I=  1/2- (2)  5.755  25: 0.999
 
 I=  1/2- (3)  5.906  28:-0.397
                      37: 0.918
 
 I=  1/2- (4)  8.743  28: 0.918
                      37: 0.397
 
 I=  1/2- (5)147.436  31: 1.000

             ENERGY    K= OMEGA
 
 I=  3/2- (1)  2.422  25: 0.093
                      29:-0.208
                      30: 0.972
                      36: 0.060
 
 I=  3/2- (2)  2.565  25:-0.196
                      29:-0.875
                      30:-0.143
                      36:-0.419

             ENERGY    K= OMEGA
 
 I=  5/2- (1)  2.528  25:-0.262
                      29: 0.453
                      30: 0.779
                      36:-0.144
                      38:-0.312
 
 I=  5/2- (2)  3.324  26:-0.065
                      29: 0.592
                      30:-0.439
                      36:-0.668
                      38: 0.083
 
 I=  5/2- (3)  3.528  25:-0.135
                      29: 0.337
                      30: 0.161
                      36: 0.301
                      38: 0.866
 
 I=  5/2- (4)  4.247  26:-0.062
                      29:-0.537
                      30: 0.357
                      36:-0.659
                      38: 0.380
 
 I=  5/2- (5)  4.950  26: 0.995
                      36:-0.091

             ENERGY    K= OMEGA
 
 I=  7/2- (1)  1.768  26: 0.193
                      27:-0.050
                      32:-0.979
 
 I=  7/2- (2)  3.330  25: 0.123
                      29:-0.281
                      30: 0.795
                      36:-0.189
                      38: 0.485
 
 I=  7/2- (3)  3.506  25:-0.319
                      29:-0.781
                      30:-0.310
                      36:-0.435
 
 I=  7/2- (4)  3.516  28:-0.713
                      31:-0.582
                      34:-0.359
                      35:-0.152
 
 I=  7/2- (5)  4.384  26: 0.189
                      27: 0.678
                      29: 0.282
                      30:-0.301
                      36:-0.299
                      38: 0.494

             ENERGY    K= OMEGA
 
 I=  9/2- (1)  1.854  26: 0.074
                      27:-0.191
                      32: 0.240
                      33: 0.949
 
 I=  9/2- (2)  2.727  26:-0.265
                      27:-0.091
                      32:-0.928
                      33: 0.237
 
 I=  9/2- (3)  3.569  25:-0.375
                      29: 0.491
                      30: 0.691
                      32:-0.059
                      36:-0.198
                      38:-0.313
 
 I=  9/2- (4)  4.618  28: 0.228
                      31:-0.571
                      34: 0.663
                      35:-0.426
 
 I=  9/2- (5)  5.156  26:-0.103
                      27: 0.053
                      29: 0.498
                      30:-0.482
                      32: 0.059
                      36:-0.698
                      38: 0.123

             ENERGY    K= OMEGA
 
 I= 11/2- (1)  2.861  28:-0.680
                      31:-0.579
                      34:-0.396
                      35:-0.204
                      37:-0.056
 
 I= 11/2- (2)  2.943  26:-0.125
                      27:-0.259
                      32: 0.330
                      33:-0.899
 
 I= 11/2- (3)  3.918  26:-0.310
                      27: 0.131
                      30: 0.060
                      32: 0.878
                      33: 0.328
                      38: 0.061
 
 I= 11/2- (4)  5.223  25:-0.205
                      29: 0.171
                      30:-0.786
                      32: 0.075
                      36: 0.193
                      38:-0.515
 
 I= 11/2- (5)  5.355  25: 0.365
                      29: 0.790
                      30: 0.207
                      36: 0.441

             ENERGY    K= OMEGA
 
 I= 13/2- (1)  4.250  26: 0.170
                      27:-0.303
                      32: 0.389
                      33: 0.852
 
 I= 13/2- (2)  5.015  28:-0.220
                      31: 0.557
                      34:-0.664
                      35: 0.447
 
 I= 13/2- (3)  5.317  25: 0.168
                      26:-0.316
                      27:-0.161
                      29:-0.174
                      30:-0.272
                      32:-0.766
                      33: 0.359
                      38: 0.155
 
 I= 13/2- (4)  5.531  25:-0.413
                      26:-0.126
                      29: 0.471
                      30: 0.593
                      32:-0.336
                      33: 0.154
                      36:-0.199
                      38:-0.248
 
 I= 13/2- (5)  7.627  24:-0.998
                      27: 0.050

             ENERGY     K= 5/2
  32 LEVELS    TIME=  0.0 SEC



 ******************* EXCITATION ENERGIES, DOMINANT CONFIGURATION AND EXPECTATION VALUES (WITH S.P. UU+VV FACTORS) *******************

  NR  Eex(keV)  I   Kdom  NY    <Jz>  <Jx**2> <Jy**2> <Jz**2> <I.j>/|I|  <Rx**2> <Ry**2> <Rz**2> <R.j>/|R|  <HROTx> <HROTy> <HROTz>

   1    0.0   7/2-  -7/2  32   -3.27    2.31    2.31   12.02    3.34       2.93    2.93    0.00   -1.39      0.357   0.357   0.000
   2   86.3   9/2-   9/2  33    3.74    2.53    2.53   19.42    4.27       3.36    3.36    0.00   -1.25      0.410   0.410   0.000
   3  654.6   3/2-  -3/2  30   -1.40    4.71    4.71    2.15    1.41       4.93    4.93    0.00   -2.81      0.601   0.601   0.000
   4  759.9   5/2-  -3/2  30   -0.56    4.75    4.75    2.09    2.16       3.79    3.79    0.00   -1.89      0.462   0.462   0.000
   5  786.4   1/2-   1/2  29    0.50    4.79    4.79    0.25    0.27       5.05    5.05    0.00   -3.02      0.616   0.616   0.000
  
   6  797.5   3/2-   1/2  29    0.11    4.00    4.00    0.64    1.23       3.82    3.82   -0.00   -2.27      0.465   0.465  -0.000
   7  959.4   9/2-  -7/2  32   -2.61    2.41    2.41   12.24    2.89       6.51    6.51    0.00   -0.74      0.794   0.794   0.000
   8 1093.3  11/2-   1/2  28   -0.02   24.36   24.36    2.36    6.30       5.74    5.74    0.00   -3.96      0.700   0.700   0.000
   9 1175.0  11/2-   9/2  33    3.05    2.75    2.75   18.63    3.75       7.52    7.52    0.00   -0.44      0.916   0.916   0.000
  10 1556.8   5/2-  -3/2  36   -0.75    3.17    3.17    1.59    0.77       6.07    6.07   -0.00   -1.62      0.739   0.739  -0.000
  
  11 1562.0   7/2-  -3/2  30   -0.38    4.12    4.12    3.03    1.69       6.81    6.81    0.00   -1.24      0.831   0.831   0.000
  12 1737.8   7/2-   1/2  29   -0.07    3.92    3.92    0.84    1.34       6.89    6.89   -0.00   -0.90      0.839   0.839  -0.000
  13 1748.5   7/2-   1/2  28   -0.01   23.97   23.97    1.98    6.15       8.42    8.42    0.00   -6.21      1.027   1.027   0.000
  14 1760.5   5/2-   5/2  38    1.77    2.30    2.30    4.99    1.80       3.86    3.86   -0.00   -1.54      0.470   0.470  -0.000
  15 1801.3   9/2-  -3/2  30   -0.35    4.93    4.93    1.92    2.25       7.07    7.07    0.00   -0.15      0.861   0.861   0.000
  
  16 2150.0  11/2-  -7/2  32   -2.03    2.50    2.50   12.47    2.60      11.09   11.09    0.00   -0.41      1.351   1.351   0.000
  17 2479.4   5/2-  -3/2  36   -0.33    3.24    3.24    2.26   -0.09       9.02    9.02    0.00   -2.12      1.100   1.100   0.000
  18 2482.8  13/2-   9/2  33    2.48    2.94    2.94   17.90    3.39      12.58   12.58    0.00   -0.02      1.534   1.534   0.000
  19 2616.1   7/2-  -7/2  27   -1.14    4.38    4.38    7.81    2.06       8.00    8.00   -0.00   -2.10      0.975   0.975  -0.000
  20 2850.0   9/2-   5/2  34    0.00   24.58   24.58    5.72    5.32      13.33   13.33    0.00   -5.50      1.625   1.625   0.000
  
  21 3182.4   5/2-   5/2  26    2.46    5.99    5.99    6.21    2.07       7.35    7.35   -0.00   -3.15      0.896   0.896  -0.000
  22 3247.6  13/2-   5/2  34   -0.04   24.57   24.57    5.91    5.30      14.87   14.87    0.00   -3.30      1.813   1.813   0.000
  23 3387.9   9/2-  -3/2  36   -0.91    2.96    2.96    1.92    0.61      13.28   13.28   -0.00   -0.94      1.619   1.619  -0.000
  24 3455.0  11/2-  -3/2  30   -0.30    4.07    4.07    3.26    1.59      14.07   14.07    0.00   -0.36      1.715   1.715   0.000
  25 3549.7  13/2-  -7/2  32   -1.34    2.95    2.95   11.08    2.40      16.09   16.09    0.00   -0.04      1.962   1.962   0.000
  
  26 3586.9  11/2-   1/2  29    0.02    3.93    3.93    0.77    1.36      14.04   14.04    0.00   -0.09      1.712   1.712   0.000
  27 3763.5  13/2-  -3/2  30   -0.50    4.76    4.76    3.35    2.27      14.96   14.96    0.00    0.54      1.824   1.824   0.000
  28 3987.1   1/2-   1/2  25    0.50    6.54    6.54    0.25    0.67       6.46    6.46    0.00   -3.55      0.788   0.788   0.000
  29 4138.2   1/2-   1/2  37    0.50   12.36   12.36    0.25   -1.49      14.15   14.15    0.00   -4.94      1.726   1.726   0.000
  30 5859.4  13/2- -11/2  24   -5.48    2.76    2.76   30.18    4.32      12.05   12.05    0.00   -1.12      1.469   1.469   0.000
  
  31 6975.3   1/2-   1/2  28    0.50   24.61   24.61    0.25   -3.55      28.19   28.19    0.00   -7.00      3.437   3.437   0.000
  32*******   1/2-  -3/2  31    0.00    0.00    0.00    0.00   -0.00       0.00    0.00    0.00   -0.00      0.000   0.000   0.000
