1SPECTRUM OF (Z= 82 A=207) IN PARTICLE-ROTOR  MODEL WITH MODIFIED OSCILLATOR POTENTIAL


 PARITY=-   EPS= 0.197   GAMMA=  0.0   EPS4=0.000   EPS6=0.000   LEVELS:  24  25  26  27  28  29  30  31  32  33  34  35  36  37  38

 PAIRING FACTORS: GN0= 19.20  GN1=  7.40  IPAIR= 15 ***  E2PLUS(INPUT)=   0.730  E2PLUR(INPUT)=   0.000

 CORIOLIS ATTENUATION PARAMETERS:  CHSI=1.000  ETA=  1.00

 MOMENT OF INERTIA PARAMETERS:   A1=  0.122 MEV   A2=  0.122 MEV   A3=121.91922 MEV


 DELTA=0.937 MEV  LAMBDA=53.4816 MEV   HW0= 7.4445 MEV   LAMBDA/HW0= 7.1840

 E2ENERGY=0.730 MEV  HBAR**2/B= 7196./A**(7/3)=1216.5/A**2 MEV

 IREC=0  =>  RECOIL TERMS j+j-, j+j+, jzjz, ETC TREATED AS ONE-BODY OPERATORS WITH UU+VV PAIRING FACTORS



 S. P. LEVEL   EQP       U     V        (UU + VV)**1.00

     24       5.188    0.091 0.996      1.000 1.000 1.000 0.999 0.996 0.991 0.991 0.988 0.718 0.613 0.442 0.420 0.383 0.311 0.253
     25       4.259    0.111 0.994      1.000 1.000 1.000 1.000 0.998 0.994 0.994 0.991 0.732 0.629 0.460 0.439 0.401 0.330 0.272
     26       4.019    0.117 0.993      1.000 1.000 1.000 1.000 0.998 0.995 0.994 0.992 0.736 0.634 0.466 0.445 0.408 0.336 0.279
     27       3.738    0.126 0.992      0.999 1.000 1.000 1.000 0.999 0.995 0.995 0.993 0.742 0.641 0.474 0.453 0.416 0.345 0.288
     28       2.716    0.175 0.985      0.996 0.998 0.998 0.999 1.000 0.999 0.999 0.998 0.774 0.678 0.517 0.496 0.460 0.391 0.335
     29       2.183    0.220 0.975      0.991 0.994 0.995 0.995 0.999 1.000 1.000 1.000 0.803 0.711 0.555 0.535 0.500 0.432 0.377
     30       2.159    0.223 0.975      0.991 0.994 0.994 0.995 0.999 1.000 1.000 1.000 0.804 0.713 0.558 0.538 0.503 0.435 0.380
     31       1.997    0.242 0.970      0.988 0.991 0.992 0.993 0.998 1.000 1.000 1.000 0.816 0.727 0.574 0.554 0.520 0.452 0.398
     32       0.948    0.759 0.652      0.718 0.732 0.736 0.742 0.774 0.803 0.804 0.816 1.000 0.990 0.942 0.934 0.918 0.885 0.855
     33       1.032    0.842 0.539      0.613 0.629 0.634 0.641 0.678 0.711 0.713 0.727 0.990 1.000 0.980 0.975 0.965 0.941 0.919
     34       1.400    0.933 0.359      0.442 0.460 0.466 0.474 0.517 0.555 0.558 0.574 0.942 0.980 1.000 1.000 0.998 0.990 0.980
     35       1.480    0.942 0.336      0.420 0.439 0.445 0.453 0.496 0.535 0.538 0.554 0.934 0.975 1.000 1.000 0.999 0.993 0.984
     36       1.650    0.955 0.298      0.383 0.401 0.408 0.416 0.460 0.500 0.503 0.520 0.918 0.965 0.998 0.999 1.000 0.997 0.991
     37       2.155    0.975 0.223      0.311 0.330 0.336 0.345 0.391 0.432 0.435 0.452 0.885 0.941 0.990 0.993 0.997 1.000 0.998
     38       2.893    0.986 0.164      0.253 0.272 0.279 0.288 0.335 0.377 0.380 0.398 0.855 0.919 0.980 0.984 0.991 0.998 1.000

  R CORE   ENERGY   A0R/A00=1.000    R3= 0     2  
   2( 1)    0.732                    1.000 0.000
   2( 2)  487.921                    0.000 1.000

  R CORE   ENERGY   A0R/A00=1.000    R3= 0     2  
   3( 1)  488.652                    0.000 1.000

  R CORE   ENERGY   A0R/A00=1.000    R3= 0     2     4  
   4( 1)    2.438                    1.000 0.000 0.000

  R CORE   ENERGY   A0R/A00=1.000    R3= 0     2     4  
   5( 1)  490.847                    0.000 1.000 0.000

  R CORE   ENERGY   A0R/A00=1.000    R3= 0     2     4     6  
   6( 1)    5.121                    1.000 0.000 0.000 0.000

  R CORE   ENERGY   A0R/A00=1.000    R3= 0     2     4     6  
   7( 1)  494.017                    0.000 1.000 0.000 0.000

          AXIAL SYMMETRY => K RESTRICTED TO OMEGA

                     K
     S.P. ORB#: 24  2.50
     S.P. ORB#: 25  2.50
     S.P. ORB#: 26  0.50
     S.P. ORB#: 27 -3.50
     S.P. ORB#: 28 -3.50
     S.P. ORB#: 29  4.50
     S.P. ORB#: 30  0.50
     S.P. ORB#: 31 -1.50
     S.P. ORB#: 32 -1.50
     S.P. ORB#: 33  2.50
     S.P. ORB#: 34  0.50
     S.P. ORB#: 35  0.50
     S.P. ORB#: 36 -1.50
     S.P. ORB#: 37  2.50
     S.P. ORB#: 38 -3.50
 

             ENERGY    K= OMEGA
 
 I=  1/2- (1)  1.735  26:-0.059
                      35:-0.998
 
 I=  1/2- (2)  3.205  30: 0.999
 
 I=  1/2- (3)  5.216  26: 0.998
                      35:-0.060
 
 I=  1/2- (4)  9.315  34: 1.000
 
 I=  1/2- (5)147.251  32:-1.000

             ENERGY    K= OMEGA
 
 I=  3/2- (1)  1.435  30: 0.186
                      31: 0.104
                      32: 0.973
                      35:-0.075
 
 I=  3/2- (2)  2.379  30: 0.166
                      31: 0.147
                      32:-0.122
                      35:-0.967

             ENERGY    K= OMEGA
 
 I=  5/2- (1)  1.507  26:-0.050
                      30: 0.136
                      31: 0.176
                      32:-0.429
                      33:-0.872
                      35: 0.056
 
 I=  5/2- (2)  2.063  30: 0.214
                      31:-0.169
                      32:-0.863
                      33: 0.420
                      35:-0.053
 
 I=  5/2- (3)  2.404  30:-0.166
                      31:-0.217
                      33:-0.130
                      35:-0.953
 
 I=  5/2- (4)  3.289  24: 0.073
                      26:-0.370
                      30: 0.438
                      31: 0.740
                      32: 0.070
                      33: 0.184
                      35:-0.282
 
 I=  5/2- (5)  4.523  24: 0.064
                      26: 0.074
                      30:-0.808
                      31: 0.514
                      32:-0.253
                      33: 0.097

             ENERGY    K= OMEGA
 
 I=  7/2- (1)  2.144  30: 0.185
                      31:-0.209
                      32: 0.518
                      33:-0.807
 
 I=  7/2- (2)  2.722  25: 0.075
                      26: 0.172
                      28:-0.095
                      30: 0.339
                      31: 0.305
                      32: 0.707
                      33: 0.457
                      35:-0.191
 
 I=  7/2- (3)  3.439  24: 0.060
                      25:-0.238
                      27:-0.126
                      28: 0.953
                      30: 0.067
                      32: 0.061
                      33: 0.052
                      35:-0.057
 
 I=  7/2- (4)  3.787  34: 0.727
                      36: 0.573
                      37: 0.348
                      38: 0.145
 
 I=  7/2- (5)  3.951  24: 0.052
                      26:-0.117
                      30:-0.155
                      31:-0.304
                      32: 0.317
                      33: 0.234
                      35: 0.842

             ENERGY    K= OMEGA
 
 I=  9/2- (1)  2.788  24:-0.056
                      25:-0.057
                      26: 0.161
                      27:-0.181
                      28:-0.073
                      29: 0.429
                      30:-0.267
                      31:-0.331
                      32: 0.416
                      33: 0.607
                      35:-0.149
 
 I=  9/2- (2)  2.936  24: 0.051
                      25: 0.051
                      26: 0.089
                      27: 0.227
                      28: 0.160
                      29:-0.832
                      30:-0.155
                      31:-0.169
                      32: 0.236
                      33: 0.317
                      35:-0.089
 
 I=  9/2- (3)  3.873  24: 0.081
                      25:-0.163
                      26:-0.064
                      27: 0.083
                      28:-0.281
                      30:-0.157
                      31: 0.339
                      32: 0.736
                      33:-0.293
                      35: 0.332
 
 I=  9/2- (4)  3.999  26: 0.123
                      28:-0.112
                      30:-0.311
                      31:-0.155
                      32: 0.097
                      33:-0.516
                      35:-0.756
 
 I=  9/2- (5)  4.353  24: 0.090
                      25:-0.282
                      27: 0.152
                      28:-0.858
                      29:-0.135
                      30: 0.133
                      31:-0.058
                      32:-0.252
                      33: 0.209
                      35:-0.073

             ENERGY    K= OMEGA
 
 I= 11/2- (1)  2.664  34: 0.688
                      36: 0.576
                      37: 0.396
                      38: 0.197
 
 I= 11/2- (2)  3.756  24: 0.123
                      25: 0.118
                      27:-0.384
                      28:-0.204
                      29:-0.805
                      30: 0.078
                      31:-0.138
                      32: 0.177
                      33:-0.277
 
 I= 11/2- (3)  4.101  27: 0.087
                      28: 0.090
                      29: 0.347
                      30: 0.269
                      31:-0.253
                      32: 0.540
                      33:-0.659
 
 I= 11/2- (4)  4.671  24: 0.093
                      25:-0.141
                      26:-0.279
                      27:-0.076
                      28: 0.222
                      30:-0.395
                      31:-0.419
                      32:-0.531
                      33:-0.413
                      35: 0.229
 
 I= 11/2- (5)  5.430  24:-0.117
                      25: 0.350
                      26:-0.106
                      27: 0.196
                      28:-0.845
                      29: 0.173
                      30:-0.167
                      31:-0.100
                      32:-0.092
                      33:-0.106
                      35: 0.114

             ENERGY    K= OMEGA
 
 I= 13/2- (1)  4.697  24: 0.148
                      25: 0.108
                      26:-0.229
                      27: 0.330
                      28: 0.139
                      29:-0.494
                      30: 0.299
                      31: 0.378
                      32:-0.315
                      33:-0.428
                      35: 0.164
 
 I= 13/2- (2)  4.909  34:-0.233
                      36: 0.583
                      37:-0.652
                      38: 0.426
 
 I= 13/2- (3)  5.046  24: 0.084
                      25: 0.100
                      26: 0.202
                      27: 0.316
                      28: 0.213
                      29:-0.662
                      30:-0.278
                      31:-0.290
                      32: 0.269
                      33: 0.314
                      35:-0.161
 
 I= 13/2- (4)  6.386  24: 0.172
                      25:-0.310
                      26:-0.095
                      27: 0.170
                      28:-0.523
                      29:-0.080
                      30:-0.108
                      31: 0.304
                      32: 0.605
                      33:-0.056
                      35: 0.289
 
 I= 13/2- (5)  6.618  25:-0.135
                      26: 0.150
                      27: 0.104
                      28:-0.318
                      30:-0.262
                      31:-0.107
                      32:-0.091
                      33:-0.572
                      35:-0.657

             ENERGY     K=-7/2
  32 LEVELS    TIME=  0.0 SEC



 ******************* EXCITATION ENERGIES, DOMINANT CONFIGURATION AND EXPECTATION VALUES (WITH S.P. UU+VV FACTORS) *******************

  NR  Eex(keV)  I   Kdom  NY    <Jz>  <Jx**2> <Jy**2> <Jz**2> <I.j>/|I|  <Rx**2> <Ry**2> <Rz**2> <R.j>/|R|  <HROTx> <HROTy> <HROTz>

   1    0.0   3/2-  -3/2  32   -1.42    1.57    1.57    2.17    1.44       1.74    1.74    0.00   -1.35      0.212   0.212   0.000
   2   71.6   5/2-   5/2  33    1.59    1.82    1.82    5.25    2.39       1.75    1.75    0.00   -0.97      0.214   0.214   0.000
   3  299.9   1/2-   1/2  35    0.50    1.23    1.23    0.25    0.83       1.01    1.01    0.00   -1.40      0.123   0.123   0.000
   4  627.8   5/2-  -3/2  32   -0.69    1.57    1.57    2.87    1.10       4.13    4.13    0.00   -0.96      0.503   0.503   0.000
   5  708.5   7/2-   5/2  33    1.17    1.95    1.95    4.81    2.00       4.29    4.29    0.00   -0.26      0.523   0.523   0.000
  
   6  944.3   3/2-   1/2  35    0.43    1.38    1.38    0.32   -0.09       3.60    3.60    0.00   -1.22      0.439   0.439   0.000
   7  969.0   5/2-   1/2  35    0.44    1.66    1.66    0.45    0.89       3.63    3.63    0.00   -0.42      0.443   0.443   0.000
   8 1228.8  11/2-   1/2  34   -0.01   27.94   27.94    2.32    7.17       4.12    4.12    0.00   -5.35      0.503   0.503   0.000
   9 1286.6   7/2-  -3/2  32   -0.30    1.81    1.81    2.85    1.39       5.61    5.61    0.00   -0.29      0.683   0.683   0.000
  10 1353.2   9/2-   5/2  33    1.27    2.90    2.90    7.21    2.84       4.77    4.77    0.00    0.36      0.582   0.582   0.000
  
  11 1500.6   9/2-   9/2  29    3.01    2.66    2.66   15.83    3.93       3.39    3.39    0.00   -0.61      0.414   0.414   0.000
  12 1770.3   1/2-   1/2  30    0.50    4.11    4.11    0.25    0.38       4.28    4.28    0.00   -2.78      0.522   0.522   0.000
  13 1854.2   5/2-  -3/2  31   -0.53    3.80    3.80    1.59    1.58       4.29    4.29    0.00   -1.54      0.523   0.523   0.000
  14 2003.5   7/2-  -7/2  28   -3.08    2.27    2.27   11.72    3.38       2.57    2.57   -0.00   -1.24      0.313   0.313  -0.000
  15 2321.3  11/2-   9/2  29    2.45    3.28    3.28   16.22    3.95       5.65    5.65    0.00    0.25      0.689   0.689   0.000
  
  16 2351.8   7/2-   1/2  34    0.00   28.07   28.07    1.89    7.04       8.95    8.95    0.00   -7.11      1.091   1.091   0.000
  17 2438.3   9/2-  -3/2  32   -0.92    1.70    1.70    3.31    1.17       9.93    9.93    0.00   -0.20      1.211   1.211   0.000
  18 2516.0   7/2-   1/2  35    0.22    1.91    1.91    1.01    0.07       9.99    9.99    0.00   -1.01      1.218   1.218   0.000
  19 2564.4   9/2-   1/2  35    0.91    2.17    2.17    2.10    1.07      10.25   10.25    0.00   -0.24      1.250   1.250   0.000
  20 2666.3  11/2-   5/2  33    1.08    2.24    2.24    6.17    1.98      11.38   11.38    0.00    0.25      1.387   1.387   0.000
  
  21 2918.1   9/2-  -7/2  28   -2.34    2.26    2.26   10.65    2.62       6.91    6.91   -0.00   -0.57      0.842   0.842  -0.000
  22 3087.8   5/2-   1/2  30   -0.13    4.16    4.16    0.99   -0.37      10.14   10.14    0.00   -2.31      1.236   1.236   0.000
  23 3235.4  11/2-  -3/2  32   -0.23    2.31    2.31    3.05    1.67      11.73   11.73    0.00    0.48      1.430   1.430   0.000
  24 3262.1  13/2-   9/2  29    0.92    3.88    3.88    8.45    3.17      10.37   10.37    0.00    1.29      1.265   1.265   0.000
  25 3474.1  13/2-   5/2  37   -0.05   26.97   26.97    5.65    6.10      11.62   11.62    0.00   -3.54      1.417   1.417   0.000
  
  26 3611.0  13/2-   9/2  29    1.59    3.42    3.42   11.78    3.18      11.50   11.50    0.00    0.74      1.402   1.402   0.000
  27 3780.8   1/2-   1/2  26    0.50    5.05    5.05    0.25    0.69       4.95    4.95   -0.00   -3.10      0.604   0.604  -0.000
  28 3995.0  11/2-  -7/2  28   -2.13    2.47    2.47   10.80    2.57      10.36   10.36    0.00   -0.08      1.263   1.263   0.000
  29 4951.0  13/2-  -3/2  32   -1.34    2.15    2.15    5.69    1.72      17.38   17.38    0.00    0.34      2.120   2.120   0.000
  30 5183.0  13/2-   1/2  35    0.71    2.19    2.19    3.71    1.15      20.41   20.41    0.00   -0.01      2.488   2.488   0.000
  
  31 7879.8   1/2-   1/2  34    0.50   28.46   28.46    0.25   -4.05      32.46   32.46    0.00   -7.53      3.958   3.958   0.000
  32*******   1/2-  -3/2  32    0.00    0.00    0.00    0.00   -0.00       0.00    0.00    0.00   -0.00      0.000   0.000   0.000
