1SPECTRUM OF (Z= 82 A=207) IN PARTICLE-ROTOR  MODEL WITH MODIFIED OSCILLATOR POTENTIAL


 PARITY=-   EPS= 0.332   GAMMA=  0.0   EPS4=0.000   EPS6=0.000   LEVELS:  25  26  27  28  29  30  31  32  33  34  35  36  37  38  39

 PAIRING FACTORS: GN0= 19.20  GN1=  7.40  IPAIR= 15 ***  E2PLUS(INPUT)=   0.730  E2PLUR(INPUT)=   0.000

 CORIOLIS ATTENUATION PARAMETERS:  CHSI=1.000  ETA=  1.00

 MOMENT OF INERTIA PARAMETERS:   A1=  0.122 MEV   A2=  0.122 MEV   A3=121.91923 MEV


 DELTA=0.918 MEV  LAMBDA=53.3271 MEV   HW0= 7.5110 MEV   LAMBDA/HW0= 7.0999

 E2ENERGY=0.730 MEV  HBAR**2/B=20438./A**(7/3)=3454.9/A**2 MEV

 IREC=0  =>  RECOIL TERMS j+j-, j+j+, jzjz, ETC TREATED AS ONE-BODY OPERATORS WITH UU+VV PAIRING FACTORS



 S. P. LEVEL   EQP       U     V        (UU + VV)**1.00

     25       4.182    0.110 0.994      1.000 0.999 0.998 0.985 0.963 0.946 0.933 0.874 0.682 0.568 0.305 0.294 0.286 0.275 0.243
     26       3.170    0.146 0.989      0.999 1.000 0.999 0.991 0.972 0.957 0.945 0.891 0.708 0.597 0.340 0.328 0.321 0.310 0.278
     27       2.613    0.179 0.984      0.998 0.999 1.000 0.995 0.979 0.966 0.955 0.905 0.730 0.623 0.370 0.359 0.352 0.341 0.309
     28       1.715    0.279 0.960      0.985 0.991 0.995 1.000 0.995 0.987 0.981 0.944 0.797 0.700 0.464 0.453 0.446 0.435 0.406
     29       1.321    0.375 0.927      0.963 0.972 0.979 0.995 1.000 0.998 0.995 0.973 0.854 0.769 0.551 0.541 0.534 0.525 0.496
     30       1.188    0.427 0.904      0.946 0.957 0.966 0.987 0.998 1.000 0.999 0.984 0.882 0.805 0.598 0.588 0.582 0.573 0.545
     31       1.122    0.461 0.887      0.933 0.945 0.955 0.981 0.995 0.999 1.000 0.990 0.899 0.826 0.628 0.618 0.612 0.603 0.576
     32       0.972    0.580 0.814      0.874 0.891 0.905 0.944 0.973 0.984 0.990 1.000 0.952 0.897 0.730 0.722 0.716 0.708 0.685
     33       0.959    0.803 0.597      0.682 0.708 0.730 0.797 0.854 0.882 0.899 0.952 1.000 0.989 0.905 0.900 0.896 0.891 0.876
     34       1.101    0.881 0.474      0.568 0.597 0.623 0.700 0.769 0.805 0.826 0.897 0.989 1.000 0.957 0.954 0.951 0.948 0.936
     35       2.363    0.980 0.198      0.305 0.340 0.370 0.464 0.551 0.598 0.628 0.730 0.905 0.957 1.000 1.000 1.000 1.000 0.998
     36       2.506    0.982 0.186      0.294 0.328 0.359 0.453 0.541 0.588 0.618 0.722 0.900 0.954 1.000 1.000 1.000 1.000 0.999
     37       2.611    0.984 0.179      0.286 0.321 0.352 0.446 0.534 0.582 0.612 0.716 0.896 0.951 1.000 1.000 1.000 1.000 0.999
     38       2.784    0.986 0.167      0.275 0.310 0.341 0.435 0.525 0.573 0.603 0.708 0.891 0.948 1.000 1.000 1.000 1.000 0.999
     39       3.441    0.991 0.135      0.243 0.278 0.309 0.406 0.496 0.545 0.576 0.685 0.876 0.936 0.998 0.999 0.999 0.999 1.000

  R CORE   ENERGY   A0R/A00=1.000    R3= 0     2  
   2( 1)    0.732                    1.000 0.000
   2( 2)  487.921                    0.000 1.000

  R CORE   ENERGY   A0R/A00=1.000    R3= 0     2  
   3( 1)  488.652                    0.000 1.000

  R CORE   ENERGY   A0R/A00=1.000    R3= 0     2     4  
   4( 1)    2.438                    1.000 0.000 0.000

  R CORE   ENERGY   A0R/A00=1.000    R3= 0     2     4  
   5( 1)  490.847                    0.000 1.000 0.000

  R CORE   ENERGY   A0R/A00=1.000    R3= 0     2     4     6  
   6( 1)    5.121                    1.000 0.000 0.000 0.000

  R CORE   ENERGY   A0R/A00=1.000    R3= 0     2     4     6  
   7( 1)  494.017                    0.000 1.000 0.000 0.000

          AXIAL SYMMETRY => K RESTRICTED TO OMEGA

                     K
     S.P. ORB#: 25  0.50
     S.P. ORB#: 26  2.50
     S.P. ORB#: 27 -3.50
     S.P. ORB#: 28  0.50
     S.P. ORB#: 29  0.50
     S.P. ORB#: 30 -1.50
     S.P. ORB#: 31 -1.50
     S.P. ORB#: 32 -3.50
     S.P. ORB#: 33  4.50
     S.P. ORB#: 34  2.50
     S.P. ORB#: 35 -3.50
     S.P. ORB#: 36 -1.50
     S.P. ORB#: 37  0.50
     S.P. ORB#: 38  2.50
     S.P. ORB#: 39  0.50
 

             ENERGY    K= OMEGA
 
 I=  1/2- (1)  2.556  29:-0.998
 
 I=  1/2- (2)  3.781  25:-0.072
                      39:-0.997
 
 I=  1/2- (3)  5.760  25: 0.996
                      39:-0.070
 
 I=  1/2- (4)  5.922  28:-0.402
                      37: 0.916
 
 I=  1/2- (5)  8.743  28: 0.916
                      37: 0.402

             ENERGY    K= OMEGA
 
 I=  3/2- (1)  2.417  25:-0.114
                      29: 0.094
                      30:-0.980
                      36:-0.109
                      39: 0.073
 
 I=  3/2- (2)  2.536  25:-0.175
                      29:-0.891
                      36:-0.402
                      39: 0.120

             ENERGY    K= OMEGA
 
 I=  5/2- (1)  2.482  25:-0.254
                      29: 0.457
                      30: 0.774
                      36:-0.130
                      38:-0.298
                      39: 0.149
 
 I=  5/2- (2)  3.319  26: 0.065
                      29:-0.579
                      30: 0.433
                      36: 0.685
                      38:-0.056
 
 I=  5/2- (3)  3.499  25:-0.116
                      29: 0.347
                      30: 0.114
                      36: 0.287
                      38: 0.869
                      39: 0.126
 
 I=  5/2- (4)  4.224  26: 0.053
                      29: 0.509
                      30:-0.387
                      36: 0.629
                      38:-0.391
                      39: 0.201
 
 I=  5/2- (5)  4.623  25:-0.164
                      26: 0.064
                      29: 0.182
                      36: 0.163
                      39:-0.952

             ENERGY    K= OMEGA
 
 I=  7/2- (1)  1.772  26:-0.194
                      27: 0.050
                      32: 0.979
 
 I=  7/2- (2)  3.311  25:-0.197
                      29: 0.059
                      30:-0.847
                      36: 0.071
                      38:-0.472
                      39: 0.104
 
 I=  7/2- (3)  3.419  25:-0.260
                      29:-0.819
                      30:-0.080
                      36:-0.463
                      38: 0.117
                      39: 0.162
 
 I=  7/2- (4)  3.506  28: 0.714
                      31: 0.582
                      34: 0.358
                      35: 0.151
 
 I=  7/2- (5)  4.382  26: 0.184
                      27: 0.651
                      29: 0.300
                      30:-0.310
                      36:-0.305
                      38: 0.512

             ENERGY    K= OMEGA
 
 I=  9/2- (1)  1.850  26:-0.073
                      27: 0.192
                      32:-0.238
                      33:-0.949
 
 I=  9/2- (2)  2.730  26:-0.266
                      27:-0.091
                      30:-0.052
                      32:-0.927
                      33: 0.235
 
 I=  9/2- (3)  3.473  25:-0.361
                      29: 0.493
                      30: 0.687
                      32:-0.065
                      36:-0.176
                      38:-0.293
                      39: 0.182
 
 I=  9/2- (4)  4.614  28: 0.228
                      31:-0.572
                      34: 0.663
                      35:-0.425
 
 I=  9/2- (5)  5.137  26:-0.116
                      27: 0.092
                      29: 0.432
                      30:-0.458
                      32: 0.056
                      36:-0.751
                      39:-0.114

             ENERGY    K= OMEGA
 
 I= 11/2- (1)  2.849  28:-0.681
                      31:-0.579
                      34:-0.395
                      35:-0.203
                      37:-0.056
 
 I= 11/2- (2)  2.939  26:-0.125
                      27:-0.261
                      32: 0.328
                      33:-0.899
 
 I= 11/2- (3)  3.919  26: 0.311
                      27:-0.131
                      30:-0.063
                      32:-0.878
                      33:-0.326
                      38:-0.062
 
 I= 11/2- (4)  5.141  25:-0.371
                      29:-0.363
                      30:-0.735
                      32: 0.091
                      36:-0.123
                      38:-0.360
                      39: 0.191
 
 I= 11/2- (5)  5.267  25: 0.141
                      29: 0.710
                      30:-0.340
                      36: 0.461
                      38:-0.368
                      39:-0.094

             ENERGY    K= OMEGA
 
 I= 13/2- (1)  4.247  26:-0.170
                      27: 0.304
                      32:-0.388
                      33:-0.853
 
 I= 13/2- (2)  5.008  28: 0.221
                      31:-0.558
                      34: 0.664
                      35:-0.447
 
 I= 13/2- (3)  5.276  25:-0.296
                      26: 0.248
                      27: 0.131
                      29: 0.336
                      30: 0.470
                      32: 0.588
                      33:-0.278
                      36:-0.099
                      38:-0.222
                      39: 0.137
 
 I= 13/2- (4)  5.428  25:-0.310
                      26:-0.233
                      27:-0.107
                      29: 0.374
                      30: 0.449
                      32:-0.595
                      33: 0.273
                      36:-0.151
                      38:-0.159
                      39: 0.142
 
 I= 13/2- (5)  7.907  25:-0.113
                      26: 0.136
                      27:-0.141
                      29:-0.222
                      30: 0.367
                      32:-0.085
                      33:-0.059
                      36: 0.782
                      38: 0.303
                      39: 0.227

             ENERGY     K= 1/2
  32 LEVELS    TIME=  0.0 SEC



 ******************* EXCITATION ENERGIES, DOMINANT CONFIGURATION AND EXPECTATION VALUES (WITH S.P. UU+VV FACTORS) *******************

  NR  Eex(keV)  I   Kdom  NY    <Jz>  <Jx**2> <Jy**2> <Jz**2> <I.j>/|I|  <Rx**2> <Ry**2> <Rz**2> <R.j>/|R|  <HROTx> <HROTy> <HROTz>

   1    0.0   7/2-  -7/2  32   -3.27    2.31    2.31   12.01    3.34       2.92    2.92    0.00   -1.39      0.356   0.356   0.001
   2   77.6   9/2-   9/2  33    3.74    2.54    2.54   19.43    4.28       3.35    3.35    0.00   -1.25      0.409   0.409   0.000
   3  644.6   3/2-  -3/2  30   -1.45    4.63    4.63    2.20    1.47       4.76    4.76    0.00   -2.79      0.580   0.580   0.000
   4  710.0   5/2-  -3/2  30   -0.55    4.77    4.77    2.02    2.24       3.52    3.52    0.00   -1.85      0.429   0.429   0.000
   5  763.7   3/2-   1/2  29    0.18    4.02    4.02    0.57    1.28       3.71    3.71    0.00   -2.26      0.452   0.452   0.000
  
   6  783.5   1/2-   1/2  29    0.50    4.79    4.79    0.25    0.31       5.02    5.02   -0.00   -3.02      0.613   0.613  -0.000
   7  957.6   9/2-  -7/2  32   -2.61    2.42    2.42   12.22    2.90       6.50    6.50    0.00   -0.73      0.792   0.792   0.000
   8 1076.6  11/2-   1/2  28   -0.02   24.39   24.39    2.36    6.31       5.74    5.74    0.00   -3.96      0.699   0.699   0.000
   9 1167.0  11/2-   9/2  33    3.06    2.75    2.75   18.62    3.75       7.51    7.51    0.00   -0.44      0.916   0.916   0.000
  10 1539.4   7/2-  -3/2  30   -0.51    4.18    4.18    3.06    1.75       6.64    6.64    0.00   -1.23      0.809   0.809   0.000
  
  11 1547.4   5/2-  -3/2  36   -0.80    3.09    3.09    1.61    0.78       5.96    5.96    0.00   -1.59      0.726   0.726   0.000
  12 1647.4   7/2-   1/2  29    0.09    3.77    3.77    0.79    1.41       6.46    6.46    0.00   -0.77      0.787   0.787   0.000
  13 1701.4   9/2-  -3/2  30   -0.35    4.95    4.95    1.83    2.34       6.61    6.61    0.00   -0.03      0.806   0.806   0.000
  14 1726.8   5/2-   5/2  38    1.82    2.29    2.29    4.97    1.84       3.71    3.71   -0.00   -1.51      0.453   0.453  -0.000
  15 1734.3   7/2-   1/2  28   -0.01   23.99   23.99    1.97    6.15       8.43    8.43    0.00   -6.22      1.028   1.028   0.000
  
  16 2009.2   1/2-   1/2  39    0.50    1.52    1.52    0.25    0.72       1.39    1.39    0.00   -1.59      0.170   0.170   0.000
  17 2146.9  11/2-  -7/2  32   -2.03    2.50    2.50   12.45    2.60      11.07   11.07    0.00   -0.41      1.349   1.349   0.000
  18 2452.0   5/2-  -3/2  36   -0.28    3.22    3.22    2.28   -0.01       8.77    8.77    0.00   -2.09      1.070   1.070   0.000
  19 2475.0  13/2-   9/2  33    2.49    2.95    2.95   17.89    3.39      12.58   12.58    0.00   -0.02      1.534   1.534   0.000
  20 2609.9   7/2-  -7/2  27   -0.98    4.25    4.25    7.49    1.97       8.07    8.07    0.00   -2.04      0.984   0.984   0.000
  
  21 2842.3   9/2-   5/2  34    0.00   24.60   24.60    5.71    5.33      13.31   13.31    0.00   -5.50      1.623   1.623   0.000
  22 2850.9   5/2-   1/2  39    0.45    1.64    1.64    0.33    0.34       5.18    5.18    0.00   -0.81      0.631   0.631   0.000
  23 3235.9  13/2-   5/2  34   -0.04   24.59   24.59    5.91    5.31      14.84   14.84    0.00   -3.30      1.809   1.809   0.000
  24 3365.4   9/2-  -3/2  36   -1.06    2.71    2.71    2.03    0.67      12.75   12.75    0.00   -0.81      1.555   1.555   0.000
  25 3369.0  11/2-  -3/2  30   -0.38    4.22    4.22    2.25    1.68      13.19   13.19    0.00   -0.13      1.608   1.608   0.000
  
  26 3494.9  11/2-   1/2  29    0.11    3.69    3.69    1.76    1.40      14.08   14.08    0.00   -0.14      1.716   1.716   0.000
  27 3503.5  13/2-  -7/2  32   -0.88    3.82    3.82    7.27    2.43      14.85   14.85    0.00    0.38      1.811   1.811   0.000
  28 3656.1  13/2-  -7/2  32   -0.95    3.90    3.90    7.06    2.33      15.53   15.53    0.00    0.25      1.894   1.894   0.000
  29 3987.8   1/2-   1/2  25    0.50    6.58    6.58    0.25    0.66       6.51    6.51    0.00   -3.56      0.794   0.794   0.000
  30 4150.1   1/2-   1/2  37    0.50   12.37   12.37    0.25   -1.50      14.17   14.17   -0.00   -4.94      1.728   1.728  -0.000
  
  31 6135.1  13/2-  -3/2  36   -0.87    2.26    2.26    2.80    0.76      22.74   22.74    0.00   -0.30      2.772   2.772   0.000
  32 6970.8   1/2-   1/2  28    0.50   24.65   24.65    0.25   -3.55      28.23   28.23   -0.00   -7.00      3.442   3.442  -0.000
