1SPECTRUM OF (Z= 82 A=207) IN PARTICLE-ROTOR  MODEL WITH MODIFIED OSCILLATOR POTENTIAL


 PARITY=-   EPS= 0.255   GAMMA=  0.0   EPS4=0.000   EPS6=0.000   LEVELS:  24  25  26  27  28  29  30  31  32  33  34  35  36  37  38

 PAIRING FACTORS: GN0= 19.20  GN1=  7.40  IPAIR= 15 ***  E2PLUS(INPUT)=   0.730  E2PLUR(INPUT)=   0.000

 CORIOLIS ATTENUATION PARAMETERS:  CHSI=1.000  ETA=  1.00

 MOMENT OF INERTIA PARAMETERS:   A1=  0.122 MEV   A2=  0.122 MEV   A3=121.91924 MEV


 DELTA=0.939 MEV  LAMBDA=53.3858 MEV   HW0= 7.4683 MEV   LAMBDA/HW0= 7.1483

 E2ENERGY=0.730 MEV  HBAR**2/B=12057./A**(7/3)=2038.2/A**2 MEV

 IREC=0  =>  RECOIL TERMS j+j-, j+j+, jzjz, ETC TREATED AS ONE-BODY OPERATORS WITH UU+VV PAIRING FACTORS



 S. P. LEVEL   EQP       U     V        (UU + VV)**1.00

     24       5.130    0.092 0.996      1.000 1.000 0.999 0.999 0.985 0.984 0.978 0.961 0.745 0.572 0.437 0.384 0.377 0.301 0.267
     25       4.130    0.114 0.993      1.000 1.000 1.000 1.000 0.989 0.987 0.982 0.967 0.760 0.590 0.457 0.404 0.398 0.322 0.289
     26       3.806    0.124 0.992      0.999 1.000 1.000 1.000 0.990 0.989 0.984 0.969 0.767 0.598 0.466 0.413 0.407 0.332 0.299
     27       3.259    0.146 0.989      0.999 1.000 1.000 1.000 0.993 0.992 0.988 0.974 0.780 0.615 0.485 0.433 0.427 0.352 0.319
     28       1.857    0.262 0.965      0.985 0.989 0.990 0.993 1.000 1.000 0.999 0.994 0.849 0.704 0.585 0.537 0.531 0.461 0.429
     29       1.806    0.270 0.963      0.984 0.987 0.989 0.992 1.000 1.000 1.000 0.995 0.853 0.710 0.592 0.544 0.538 0.468 0.437
     30       1.646    0.299 0.954      0.978 0.982 0.984 0.988 0.999 1.000 1.000 0.998 0.869 0.731 0.616 0.569 0.563 0.494 0.464
     31       1.382    0.365 0.931      0.961 0.967 0.969 0.974 0.994 0.995 0.998 1.000 0.901 0.777 0.670 0.625 0.620 0.554 0.524
     32       0.941    0.732 0.681      0.745 0.760 0.767 0.780 0.849 0.853 0.869 0.901 1.000 0.973 0.925 0.901 0.899 0.860 0.842
     33       1.093    0.870 0.494      0.572 0.590 0.598 0.615 0.704 0.710 0.731 0.777 0.973 1.000 0.988 0.977 0.976 0.954 0.943
     34       1.423    0.936 0.353      0.437 0.457 0.466 0.485 0.585 0.592 0.616 0.670 0.925 0.988 1.000 0.998 0.998 0.989 0.984
     35       1.655    0.955 0.297      0.384 0.404 0.413 0.433 0.537 0.544 0.569 0.625 0.901 0.977 0.998 1.000 1.000 0.996 0.992
     36       1.688    0.957 0.291      0.377 0.398 0.407 0.427 0.531 0.538 0.563 0.620 0.899 0.976 0.998 1.000 1.000 0.997 0.993
     37       2.265    0.977 0.212      0.301 0.322 0.332 0.352 0.461 0.468 0.494 0.554 0.860 0.954 0.989 0.996 0.997 1.000 0.999
     38       2.682    0.984 0.178      0.267 0.289 0.299 0.319 0.429 0.437 0.464 0.524 0.842 0.943 0.984 0.992 0.993 0.999 1.000

  R CORE   ENERGY   A0R/A00=1.000    R3= 0     2  
   2( 1)    0.732                    1.000 0.000
   2( 2)  487.921                    0.000 1.000

  R CORE   ENERGY   A0R/A00=1.000    R3= 0     2  
   3( 1)  488.652                    0.000 1.000

  R CORE   ENERGY   A0R/A00=1.000    R3= 0     2     4  
   4( 1)    2.438                    1.000 0.000 0.000

  R CORE   ENERGY   A0R/A00=1.000    R3= 0     2     4  
   5( 1)  490.847                    0.000 1.000 0.000

  R CORE   ENERGY   A0R/A00=1.000    R3= 0     2     4     6  
   6( 1)    5.121                    1.000 0.000 0.000 0.000

  R CORE   ENERGY   A0R/A00=1.000    R3= 0     2     4     6  
   7( 1)  494.017                    0.000 1.000 0.000 0.000

          AXIAL SYMMETRY => K RESTRICTED TO OMEGA

                     K
     S.P. ORB#: 24  2.50
     S.P. ORB#: 25  0.50
     S.P. ORB#: 26  2.50
     S.P. ORB#: 27 -3.50
     S.P. ORB#: 28 -3.50
     S.P. ORB#: 29  0.50
     S.P. ORB#: 30 -1.50
     S.P. ORB#: 31  4.50
     S.P. ORB#: 32  0.50
     S.P. ORB#: 33 -1.50
     S.P. ORB#: 34 -1.50
     S.P. ORB#: 35  2.50
     S.P. ORB#: 36  2.50
     S.P. ORB#: 37  0.50
     S.P. ORB#: 38 -3.50
 

             ENERGY    K= OMEGA
 
 I=  1/2- (1)  2.561  25:-0.054
                      29:-0.075
                      37:-0.996
 
 I=  1/2- (2)  2.945  29: 0.996
                      37:-0.072
 
 I=  1/2- (3)  5.517  25: 0.998
                      37:-0.057
 
 I=  1/2- (4)  8.320  32:-1.000
 
 I=  1/2- (5)147.396  33:-1.000

             ENERGY    K= OMEGA
 
 I=  3/2- (1)  1.932  25: 0.059
                      29: 0.230
                      30: 0.124
                      34: 0.961
                      37:-0.074
 
 I=  3/2- (2)  2.774  25:-0.105
                      29: 0.160
                      30:-0.956
                      34: 0.106
                      37: 0.196

             ENERGY    K= OMEGA
 
 I=  5/2- (1)  2.109  25: 0.091
                      29:-0.205
                      30:-0.276
                      34: 0.472
                      35: 0.804
                      37:-0.062
 
 I=  5/2- (2)  2.594  29:-0.175
                      30: 0.288
                      34: 0.833
                      35:-0.424
                      37: 0.102
 
 I=  5/2- (3)  2.898  24: 0.065
                      25:-0.229
                      29: 0.436
                      30: 0.607
                      35: 0.380
                      37: 0.491
 
 I=  5/2- (4)  3.463  25:-0.226
                      29: 0.167
                      30: 0.411
                      35: 0.115
                      37:-0.857
 
 I=  5/2- (5)  4.243  24: 0.063
                      25: 0.079
                      29:-0.811
                      30: 0.485
                      34:-0.282
                      35: 0.121
                      37: 0.058

             ENERGY    K= OMEGA
 
 I=  7/2- (1)  2.592  26:-0.224
                      27: 0.096
                      28: 0.959
                      30: 0.075
                      35: 0.113
 
 I=  7/2- (2)  2.757  28:-0.088
                      29:-0.242
                      30: 0.271
                      34:-0.549
                      35: 0.745
 
 I=  7/2- (3)  3.193  25:-0.233
                      28: 0.118
                      29:-0.401
                      30:-0.440
                      34:-0.607
                      35:-0.408
                      37: 0.195
 
 I=  7/2- (4)  3.226  32:-0.740
                      33:-0.570
                      36:-0.332
                      38:-0.130
 
 I=  7/2- (5)  4.151  24:-0.161
                      25: 0.118
                      27: 0.123
                      29:-0.321
                      30: 0.758
                      34:-0.128
                      35:-0.481
                      37:-0.137

             ENERGY    K= OMEGA
 
 I=  9/2- (1)  2.149  24: 0.064
                      26:-0.061
                      27: 0.264
                      28:-0.163
                      31:-0.946
 
 I=  9/2- (2)  3.297  24: 0.082
                      25:-0.269
                      26: 0.061
                      27: 0.086
                      28: 0.228
                      29: 0.373
                      30: 0.518
                      34:-0.352
                      35:-0.545
                      37: 0.172
 
 I=  9/2- (3)  3.487  24:-0.055
                      25:-0.059
                      26:-0.303
                      27:-0.115
                      28:-0.893
                      29: 0.117
                      30: 0.077
                      31: 0.147
                      34:-0.196
                      35:-0.106
 
 I=  9/2- (4)  4.333  24:-0.092
                      25: 0.229
                      28: 0.109
                      29:-0.126
                      30:-0.472
                      34:-0.662
                      35:-0.317
                      37:-0.384
 
 I=  9/2- (5)  4.499  32:-0.249
                      33: 0.609
                      36:-0.643
                      38: 0.392

             ENERGY    K= OMEGA
 
 I= 11/2- (1)  2.297  32:-0.697
                      33:-0.574
                      36:-0.387
                      38:-0.187
 
 I= 11/2- (2)  3.093  24: 0.110
                      26:-0.098
                      27:-0.366
                      28: 0.212
                      31:-0.892
 
 I= 11/2- (3)  4.538  24:-0.130
                      25: 0.083
                      26:-0.328
                      27: 0.184
                      28: 0.822
                      30: 0.259
                      31: 0.114
                      35: 0.279
 
 I= 11/2- (4)  4.701  26:-0.134
                      28: 0.237
                      29: 0.327
                      30:-0.314
                      31: 0.135
                      34: 0.563
                      35:-0.619
 
 I= 11/2- (5)  5.120  24: 0.078
                      25:-0.343
                      26:-0.068
                      28: 0.272
                      29:-0.472
                      30:-0.491
                      31: 0.115
                      34:-0.440
                      35:-0.274
                      37: 0.226

             ENERGY    K= OMEGA
 
 I= 13/2- (1)  4.227  24: 0.156
                      26:-0.124
                      27: 0.435
                      28:-0.232
                      30: 0.089
                      31:-0.836
                      35:-0.069
 
 I= 13/2- (2)  4.577  32: 0.235
                      33:-0.590
                      36: 0.651
                      38:-0.416
 
 I= 13/2- (3)  5.231  24:-0.101
                      25: 0.377
                      26:-0.063
                      28:-0.161
                      29:-0.437
                      30:-0.573
                      31:-0.136
                      34: 0.277
                      35: 0.400
                      37:-0.203
 
 I= 13/2- (4)  5.914  24:-0.117
                      25:-0.054
                      26:-0.391
                      27:-0.193
                      28:-0.839
                      29: 0.115
                      31: 0.192
                      34:-0.192
 
 I= 13/2- (5)  6.966  24: 0.077
                      25:-0.227
                      28:-0.129
                      29: 0.105
                      30: 0.319
                      34: 0.642
                      35: 0.510
                      37: 0.374

             ENERGY     K=-7/2
  32 LEVELS    TIME=  0.0 SEC



 ******************* EXCITATION ENERGIES, DOMINANT CONFIGURATION AND EXPECTATION VALUES (WITH S.P. UU+VV FACTORS) *******************

  NR  Eex(keV)  I   Kdom  NY    <Jz>  <Jx**2> <Jy**2> <Jz**2> <I.j>/|I|  <Rx**2> <Ry**2> <Rz**2> <R.j>/|R|  <HROTx> <HROTy> <HROTz>

   1    0.0   3/2-  -3/2  34   -1.38    1.73    1.73    2.13    1.41       1.93    1.93   -0.00   -1.45      0.236   0.236  -0.000
   2  177.4   5/2-   5/2  35    1.19    2.20    2.20    4.73    2.36       1.96    1.96    0.00   -1.08      0.239   0.239   0.000
   3  217.1   9/2-   9/2  31    3.71    2.69    2.69   19.35    4.48       2.46    2.46    0.00   -1.10      0.299   0.299   0.000
   4  364.8  11/2-   1/2  32   -0.00   26.38   26.38    2.23    6.81       4.64    4.64    0.00   -4.68      0.566   0.566   0.000
   5  629.0   1/2-   1/2  37    0.50    1.43    1.43    0.25    0.84       1.20    1.20    0.00   -1.53      0.146   0.146   0.000
  
   6  660.2   7/2-  -7/2  28   -3.10    2.28    2.28   11.79    3.40       2.55    2.55    0.00   -1.26      0.310   0.310   0.000
   7  662.3   5/2-  -3/2  34   -0.69    1.74    1.74    2.89    1.06       4.44    4.44    0.00   -1.09      0.541   0.541   0.000
   8  824.7   7/2-   5/2  35    0.83    2.22    2.22    4.45    1.91       4.73    4.73   -0.00   -0.43      0.577   0.577  -0.000
   9  842.0   3/2-  -3/2  30   -1.35    4.38    4.38    2.10    1.50       4.41    4.41    0.00   -2.68      0.538   0.538   0.000
  10  966.2   5/2-  -3/2  30    0.06    3.74    3.74    1.88    1.78       3.80    3.80    0.00   -1.49      0.463   0.463   0.000
  
  11 1013.4   1/2-   1/2  29    0.50    4.39    4.39    0.25    0.28       4.65    4.65    0.00   -2.88      0.567   0.567   0.000
  12 1160.7  11/2-   9/2  31    3.01    3.10    3.10   18.45    4.11       5.61    5.61    0.00   -0.02      0.684   0.684   0.000
  13 1260.9   7/2-  -3/2  34   -0.35    2.50    2.50    2.57    1.46       5.86    5.86    0.00   -0.52      0.714   0.714   0.000
  14 1294.1   7/2-   1/2  32    0.00   26.43   26.43    1.76    6.67       8.71    8.71    0.00   -6.74      1.062   1.062   0.000
  15 1365.4   9/2-   5/2  35    0.10    3.63    3.63    3.60    2.42       5.75    5.75    0.00    0.35      0.701   0.701   0.000
  
  16 1530.8   5/2-   1/2  37    0.19    1.96    1.96    0.69    0.56       5.01    5.01    0.00   -0.93      0.611   0.611   0.000
  17 1555.0   9/2-  -7/2  28   -2.53    2.46    2.46   11.12    2.91       5.93    5.93    0.00   -0.46      0.723   0.723   0.000
  18 2219.0   7/2-  -3/2  30   -0.23    3.88    3.88    3.16    0.95       9.55    9.55    0.00   -1.63      1.165   1.165   0.000
  19 2294.8  13/2-   9/2  31    2.39    3.51    3.51   17.43    3.88       9.53    9.53    0.00    0.60      1.162   1.162   0.000
  20 2311.5   5/2-   1/2  29   -0.09    4.33    4.33    0.99   -0.33      10.17   10.17    0.00   -2.35      1.239   1.239   0.000
  
  21 2401.4   9/2-  -3/2  34   -0.65    2.40    2.40    2.40    1.13      10.36   10.36    0.00   -0.35      1.263   1.263   0.000
  22 2567.4   9/2-   5/2  36   -0.03   26.02   26.02    5.32    5.84      12.00   12.00    0.00   -5.78      1.463   1.463   0.000
  23 2605.7  11/2-  -7/2  28   -2.01    2.61    2.61   10.36    2.65       9.79    9.79    0.00    0.07      1.194   1.194   0.000
  24 2645.1  13/2-   5/2  36   -0.04   25.96   25.96    5.56    5.87      12.16   12.16    0.00   -3.35      1.483   1.483   0.000
  25 2769.6  11/2-   5/2  35    0.32    2.57    2.57    4.53    1.70      12.54   12.54    0.00    0.10      1.528   1.528   0.000
  
  26 3188.0  11/2-  -3/2  30   -0.44    3.12    3.12    2.79    1.61      12.76   12.76    0.00    0.12      1.556   1.556   0.000
  27 3298.9  13/2-  -3/2  30    0.00    4.37    4.37    2.80    2.47      12.89   12.89    0.00    1.12      1.572   1.572   0.000
  28 3585.2   1/2-   1/2  25    0.50    5.83    5.83    0.25    0.69       5.73    5.73   -0.00   -3.34      0.698   0.698  -0.000
  29 3982.5  13/2-  -7/2  28   -2.06    2.62    2.62   10.97    2.48      15.13   15.13    0.00    0.21      1.845   1.845   0.000
  30 5034.0  13/2-  -3/2  34   -0.06    2.12    2.12    3.09    0.98      21.20   21.20    0.00   -0.08      2.584   2.584   0.000
  
  31 6387.8   1/2-   1/2  32    0.50   26.42   26.42    0.25   -3.86      30.26   30.26    0.00   -7.25      3.689   3.689   0.000
  32*******   1/2-  -3/2  33    0.00    0.00    0.00    0.00   -0.00       0.00    0.00    0.00   -0.00      0.000   0.000   0.000
