1SPECTRUM OF (Z= 82 A=207) IN PARTICLE-ROTOR  MODEL WITH MODIFIED OSCILLATOR POTENTIAL


 PARITY=-   EPS= 0.358   GAMMA=  0.0   EPS4=0.000   EPS6=0.000   LEVELS:  26  27  28  29  30  31  32  33  34  35  36  37  38  39  40

 PAIRING FACTORS: GN0= 19.20  GN1=  7.40  IPAIR= 15 ***  E2PLUS(INPUT)=   0.730  E2PLUR(INPUT)=   0.000

 CORIOLIS ATTENUATION PARAMETERS:  CHSI=1.000  ETA=  1.00

 MOMENT OF INERTIA PARAMETERS:   A1=  0.122 MEV   A2=  0.122 MEV   A3=121.91921 MEV


 DELTA=0.888 MEV  LAMBDA=53.3983 MEV   HW0= 7.5285 MEV   LAMBDA/HW0= 7.0929

 E2ENERGY=0.730 MEV  HBAR**2/B=23764./A**(7/3)=4017.3/A**2 MEV

 IREC=0  =>  RECOIL TERMS j+j-, j+j+, jzjz, ETC TREATED AS ONE-BODY OPERATORS WITH UU+VV PAIRING FACTORS



 S. P. LEVEL   EQP       U     V        (UU + VV)**1.00

     26       3.012    0.149 0.989      1.000 0.999 0.999 0.984 0.965 0.945 0.787 0.716 0.581 0.366 0.352 0.304 0.290 0.265 0.259
     27       2.452    0.184 0.983      0.999 1.000 1.000 0.990 0.974 0.956 0.809 0.741 0.610 0.399 0.385 0.338 0.324 0.299 0.293
     28       2.268    0.200 0.980      0.999 1.000 1.000 0.992 0.977 0.961 0.818 0.751 0.622 0.413 0.400 0.353 0.339 0.314 0.308
     29       1.458    0.322 0.947      0.984 0.990 0.992 1.000 0.996 0.988 0.884 0.829 0.716 0.525 0.512 0.468 0.454 0.431 0.426
     30       1.203    0.404 0.915      0.965 0.974 0.977 0.996 1.000 0.998 0.921 0.874 0.775 0.597 0.586 0.543 0.531 0.509 0.504
     31       1.080    0.464 0.886      0.945 0.956 0.961 0.988 0.998 1.000 0.946 0.905 0.816 0.650 0.639 0.599 0.587 0.566 0.561
     32       0.890    0.727 0.686      0.787 0.809 0.818 0.884 0.921 0.946 1.000 0.994 0.959 0.862 0.855 0.827 0.818 0.803 0.800
     33       0.922    0.797 0.604      0.716 0.741 0.751 0.829 0.874 0.905 0.994 1.000 0.984 0.911 0.905 0.882 0.875 0.863 0.859
     34       1.098    0.891 0.454      0.581 0.610 0.622 0.716 0.775 0.816 0.959 0.984 1.000 0.970 0.966 0.952 0.947 0.939 0.936
     35       2.044    0.975 0.223      0.366 0.399 0.413 0.525 0.597 0.650 0.862 0.911 0.970 1.000 1.000 0.998 0.997 0.994 0.994
     36       2.174    0.978 0.209      0.352 0.385 0.400 0.512 0.586 0.639 0.855 0.905 0.966 1.000 1.000 0.999 0.998 0.996 0.995
     37       2.837    0.987 0.159      0.304 0.338 0.353 0.468 0.543 0.599 0.827 0.882 0.952 0.998 0.999 1.000 1.000 0.999 0.999
     38       3.121    0.990 0.144      0.290 0.324 0.339 0.454 0.531 0.587 0.818 0.875 0.947 0.997 0.998 1.000 1.000 1.000 0.999
     39       3.782    0.993 0.118      0.265 0.299 0.314 0.431 0.509 0.566 0.803 0.863 0.939 0.994 0.996 0.999 1.000 1.000 1.000
     40       3.989    0.994 0.112      0.259 0.293 0.308 0.426 0.504 0.561 0.800 0.859 0.936 0.994 0.995 0.999 0.999 1.000 1.000

  R CORE   ENERGY   A0R/A00=1.000    R3= 0     2  
   2( 1)    0.732                    1.000 0.000
   2( 2)  487.921                    0.000 1.000

  R CORE   ENERGY   A0R/A00=1.000    R3= 0     2  
   3( 1)  488.652                    0.000 1.000

  R CORE   ENERGY   A0R/A00=1.000    R3= 0     2     4  
   4( 1)    2.438                    1.000 0.000 0.000

  R CORE   ENERGY   A0R/A00=1.000    R3= 0     2     4  
   5( 1)  490.847                    0.000 1.000 0.000

  R CORE   ENERGY   A0R/A00=1.000    R3= 0     2     4     6  
   6( 1)    5.121                    1.000 0.000 0.000 0.000

  R CORE   ENERGY   A0R/A00=1.000    R3= 0     2     4     6  
   7( 1)  494.017                    0.000 1.000 0.000 0.000

          AXIAL SYMMETRY => K RESTRICTED TO OMEGA

                     K
     S.P. ORB#: 26  2.50
     S.P. ORB#: 27 -3.50
     S.P. ORB#: 28  0.50
     S.P. ORB#: 29 -1.50
     S.P. ORB#: 30  0.50
     S.P. ORB#: 31 -1.50
     S.P. ORB#: 32 -3.50
     S.P. ORB#: 33  2.50
     S.P. ORB#: 34  4.50
     S.P. ORB#: 35  0.50
     S.P. ORB#: 36 -3.50
     S.P. ORB#: 37 -1.50
     S.P. ORB#: 38  2.50
     S.P. ORB#: 39  0.50
     S.P. ORB#: 40  0.50
 

             ENERGY    K= OMEGA
 
 I=  1/2- (1)  2.472  30:-0.999
 
 I=  1/2- (2)  4.145  39: 0.999
 
 I=  1/2- (3)  5.031  28:-0.219
                      35: 0.900
                      40:-0.377
 
 I=  1/2- (4)  7.660  28:-0.511
                      35: 0.223
                      40: 0.830
 
 I=  1/2- (5)  9.151  28: 0.831
                      35: 0.374
                      40: 0.412

             ENERGY    K= OMEGA
 
 I=  3/2- (1)  2.358  30: 0.413
                      31:-0.910
 
 I=  3/2- (2)  2.665  30: 0.848
                      31: 0.386
                      37: 0.332
                      39:-0.149
 
 I=  3/2- (3)  3.555  30: 0.307
                      31: 0.120
                      37:-0.943
 
 I=  3/2- (4)  4.763  28: 0.461
                      29: 0.150
                      35:-0.869
                      40:-0.102
 
 I=  3/2- (5)  4.846  30: 0.129
                      31: 0.089
                      39: 0.988

             ENERGY    K= OMEGA
 
 I=  5/2- (1)  2.723  30: 0.411
                      31: 0.839
                      37:-0.101
                      38:-0.295
                      39: 0.170
 
 I=  5/2- (2)  3.385  26:-0.060
                      30: 0.759
                      31:-0.401
                      37:-0.499
                      38: 0.099
 
 I=  5/2- (3)  3.839  26: 0.062
                      30: 0.266
                      31: 0.178
                      37: 0.428
                      38: 0.828
                      39: 0.157
 
 I=  5/2- (4)  4.424  26:-0.128
                      30:-0.378
                      31: 0.298
                      37:-0.715
                      38: 0.466
                      39:-0.153
 
 I=  5/2- (5)  4.804  26: 0.981
                      37:-0.129
                      39:-0.139

             ENERGY    K= OMEGA
 
 I=  7/2- (1)  1.724  26:-0.177
                      32: 0.983
 
 I=  7/2- (2)  3.354  30:-0.526
                      31: 0.734
                      37:-0.221
                      38: 0.366
 
 I=  7/2- (3)  3.774  28: 0.676
                      29: 0.585
                      33: 0.409
                      36: 0.181
 
 I=  7/2- (4)  3.902  26: 0.063
                      30:-0.686
                      31:-0.510
                      37:-0.410
                      38:-0.200
                      39: 0.237
 
 I=  7/2- (5)  4.317  26:-0.205
                      27:-0.949
                      30:-0.085
                      31: 0.092
                      37: 0.086
                      38:-0.185

             ENERGY    K= OMEGA
 
 I=  9/2- (1)  2.015  26:-0.082
                      27: 0.172
                      32:-0.298
                      34:-0.935
 
 I=  9/2- (2)  2.731  26: 0.240
                      27: 0.094
                      32: 0.918
                      34:-0.297
 
 I=  9/2- (3)  4.142  30: 0.449
                      31: 0.738
                      32:-0.052
                      37:-0.205
                      38:-0.391
                      39: 0.236
 
 I=  9/2- (4)  4.669  28: 0.216
                      29:-0.552
                      33: 0.678
                      36:-0.433
 
 I=  9/2- (5)  5.234  26:-0.117
                      27: 0.085
                      30: 0.625
                      31:-0.461
                      32: 0.055
                      37:-0.593
                      38: 0.143

             ENERGY    K= OMEGA
 
 I= 11/2- (1)  3.133  26: 0.136
                      27: 0.233
                      32:-0.396
                      34: 0.878
 
 I= 11/2- (2)  3.160  28: 0.652
                      29: 0.581
                      33: 0.427
                      35: 0.071
                      36: 0.221
 
 I= 11/2- (3)  3.969  26:-0.279
                      27: 0.140
                      31: 0.055
                      32: 0.860
                      34: 0.395
                      38: 0.063
 
 I= 11/2- (4)  5.287  30: 0.547
                      31:-0.651
                      32: 0.059
                      37: 0.310
                      38:-0.417
 
 I= 11/2- (5)  6.090  26: 0.059
                      30:-0.616
                      31:-0.537
                      32: 0.071
                      37:-0.410
                      38:-0.267
                      39: 0.290

             ENERGY    K= OMEGA
 
 I= 13/2- (1)  4.474  26:-0.182
                      27: 0.273
                      32:-0.454
                      34:-0.828
 
 I= 13/2- (2)  5.142  28: 0.216
                      29:-0.549
                      33: 0.672
                      36:-0.447
 
 I= 13/2- (3)  5.439  26: 0.306
                      27: 0.180
                      31: 0.082
                      32: 0.808
                      34:-0.454
                      38:-0.084
 
 I= 13/2- (4)  6.511  30: 0.459
                      31: 0.684
                      32:-0.094
                      34: 0.050
                      37:-0.250
                      38:-0.411
                      39: 0.278
 
 I= 13/2- (5)  8.050  26: 0.123
                      27:-0.081
                      30:-0.547
                      31: 0.476
                      32:-0.098
                      37: 0.644
                      38:-0.143
                      39: 0.086

             ENERGY     K= 1/2
  35 LEVELS    TIME=  0.0 SEC



 ******************* EXCITATION ENERGIES, DOMINANT CONFIGURATION AND EXPECTATION VALUES (WITH S.P. UU+VV FACTORS) *******************

  NR  Eex(keV)  I   Kdom  NY    <Jz>  <Jx**2> <Jy**2> <Jz**2> <I.j>/|I|  <Rx**2> <Ry**2> <Rz**2> <R.j>/|R|  <HROTx> <HROTy> <HROTz>

   1    0.0   7/2-  -7/2  32   -3.31    2.31    2.31   12.05    3.30       3.13    3.13    0.00   -1.44      0.382   0.382   0.000
   2  290.4   9/2-   9/2  34    3.54    2.51    2.51   19.21    4.20       3.62    3.62    0.00   -1.25      0.441   0.441   0.000
   3  633.8   3/2-  -3/2  31   -1.16    4.84    4.84    1.91    1.30       5.15    5.15    0.00   -2.83      0.628   0.628   0.000
   4  748.2   1/2-   1/2  30    0.50    4.83    4.83    0.25    0.16       5.19    5.19   -0.00   -3.03      0.633   0.633  -0.000
   5  940.7   3/2-   1/2  30   -0.02    4.27    4.27    0.77    0.74       5.10    5.10    0.00   -2.47      0.622   0.622   0.000
  
   6  999.2   5/2-  -3/2  31   -0.75    4.54    4.54    2.21    1.52       5.53    5.53    0.00   -2.04      0.674   0.674   0.000
   7 1007.1   9/2-  -7/2  32   -2.43    2.39    2.39   12.58    2.84       6.90    6.90    0.00   -0.86      0.841   0.841   0.000
   8 1408.7  11/2-   9/2  34    2.77    2.70    2.70   18.30    3.63       8.03    8.03    0.00   -0.50      0.979   0.979   0.000
   9 1435.9  11/2-   1/2  28   -0.01   23.77   23.77    2.60    6.21       5.81    5.81    0.00   -3.82      0.708   0.708   0.000
  10 1629.5   7/2-  -3/2  31   -0.41    4.40    4.40    2.25    1.44       7.71    7.71    0.00   -1.36      0.939   0.939   0.000
  
  11 1661.2   5/2-   1/2  30   -0.29    3.90    3.90    1.15    0.54       7.25    7.25    0.00   -1.93      0.885   0.885   0.000
  12 1830.4   3/2-  -3/2  37   -1.31    2.20    2.20    2.06    0.74       3.67    3.67    0.00   -1.86      0.448   0.448   0.000
  13 2049.7   7/2-   1/2  28    0.02   23.31   23.31    2.33    6.07       8.25    8.25   -0.00   -6.12      1.006   1.006  -0.000
  14 2114.5   5/2-   5/2  38    1.45    2.08    2.08    4.82    1.67       3.92    3.92   -0.00   -1.44      0.477   0.477  -0.000
  15 2177.3   7/2-   1/2  30   -0.27    3.80    3.80    1.38    0.81       9.14    9.14    0.00   -1.34      1.114   1.114   0.000
  
  16 2245.1  11/2-  -7/2  32   -1.75    2.47    2.47   12.97    2.54      11.65   11.65   -0.00   -0.57      1.421   1.421  -0.000
  17 2417.9   9/2-  -3/2  31   -0.38    4.21    4.21    2.39    1.51      10.25   10.25    0.00   -0.73      1.250   1.250   0.000
  18 2420.5   1/2-   1/2  39    0.50    1.61    1.61    0.25    0.70       1.50    1.50   -0.00   -1.65      0.183   0.183  -0.000
  19 2592.4   7/2-  -7/2  27   -2.98    5.99    5.99   11.55    3.05       7.53    7.53    0.00   -2.94      0.918   0.918   0.000
  20 2700.2   5/2-  -3/2  37   -0.23    2.75    2.75    2.85    0.27       7.75    7.75    0.00   -1.92      0.945   0.945   0.000
  
  21 2749.5  13/2-   9/2  34    2.18    2.87    2.87   17.53    3.25      13.34   13.34    0.00   -0.12      1.627   1.627   0.000
  22 2944.4   9/2-   5/2  33    0.06   24.16   24.16    5.88    5.23      13.47   13.47    0.00   -5.43      1.642   1.642   0.000
  23 3038.5   3/2-   1/2  35    0.46   13.14   13.14    0.29    2.18      10.93   10.93    0.00   -4.78      1.332   1.332   0.000
  24 3080.0   5/2-   5/2  26    2.39    5.88    5.88    6.07    2.02       7.30    7.30    0.00   -3.10      0.890   0.890   0.000
  25 3121.7   3/2-   1/2  39    0.48    1.74    1.74    0.27   -0.45       4.63    4.63   -0.00   -1.52      0.564   0.564  -0.000
  
  26 3306.3   1/2-   1/2  35    0.50   11.23   11.23    0.25    0.76      11.07   11.07    0.00   -4.69      1.350   1.350   0.000
  27 3418.1  13/2-   5/2  33    0.00   24.16   24.16    5.96    5.18      15.36   15.36    0.00   -3.27      1.872   1.872   0.000
  28 3509.7   9/2-   1/2  30   -0.60    3.49    3.49    1.71    0.55      13.98   13.98    0.00   -1.13      1.704   1.704   0.000
  29 3562.7  11/2-  -3/2  31   -0.21    4.16    4.16    2.41    1.39      14.95   14.95    0.00   -0.45      1.822   1.822   0.000
  30 3714.9  13/2-  -7/2  32   -1.23    2.56    2.56   13.22    2.31      17.38   17.38    0.00   -0.37      2.120   2.120   0.000
  
  31 4365.7  11/2-   1/2  30   -0.28    3.58    3.58    1.68    0.79      17.58   17.58    0.00   -0.70      2.144   2.144   0.000
  32 4786.8  13/2-  -3/2  31   -0.25    4.03    4.03    2.49    1.46      19.45   19.45    0.00   -0.06      2.371   2.371   0.000
  33 5935.3   1/2-   1/2  40    0.50   16.23   16.23    0.25   -0.65      17.30   17.30    0.00   -5.66      2.109   2.109   0.000
  34 6326.2  13/2-  -3/2  37   -0.78    3.22    3.22    1.95    0.50      25.05   25.05    0.00   -0.69      3.054   3.054   0.000
  35 7427.0   1/2-   1/2  28    0.50   23.84   23.84    0.25   -3.26      27.16   27.16    0.00   -6.89      3.311   3.311   0.000
  
