1SPECTRUM OF (Z= 82 A=207) IN PARTICLE-ROTOR  MODEL WITH MODIFIED OSCILLATOR POTENTIAL


 PARITY=-   EPS= 0.333   GAMMA=  0.0   EPS4=0.000   EPS6=0.000   LEVELS:  25  26  27  28  29  30  31  32  33  34  35  36  37  38  39

 PAIRING FACTORS: GN0= 19.20  GN1=  7.40  IPAIR= 15 ***  E2PLUS(INPUT)=   0.730  E2PLUR(INPUT)=   0.000

 CORIOLIS ATTENUATION PARAMETERS:  CHSI=1.000  ETA=  1.00

 MOMENT OF INERTIA PARAMETERS:   A1=  0.122 MEV   A2=  0.122 MEV   A3=121.91924 MEV


 DELTA=0.917 MEV  LAMBDA=53.3296 MEV   HW0= 7.5116 MEV   LAMBDA/HW0= 7.0996

 E2ENERGY=0.730 MEV  HBAR**2/B=20561./A**(7/3)=3475.8/A**2 MEV

 IREC=0  =>  RECOIL TERMS j+j-, j+j+, jzjz, ETC TREATED AS ONE-BODY OPERATORS WITH UU+VV PAIRING FACTORS



 S. P. LEVEL   EQP       U     V        (UU + VV)**1.00

     25       4.184    0.110 0.994      1.000 0.999 0.998 0.986 0.962 0.945 0.935 0.870 0.676 0.572 0.305 0.292 0.287 0.274 0.242
     26       3.164    0.146 0.989      0.999 1.000 0.999 0.991 0.972 0.957 0.948 0.888 0.702 0.601 0.340 0.327 0.322 0.309 0.278
     27       2.606    0.179 0.984      0.998 0.999 1.000 0.995 0.979 0.966 0.958 0.902 0.725 0.627 0.371 0.358 0.353 0.340 0.309
     28       1.735    0.275 0.961      0.986 0.991 0.995 1.000 0.994 0.986 0.981 0.940 0.790 0.701 0.460 0.448 0.443 0.431 0.401
     29       1.317    0.376 0.927      0.962 0.972 0.979 0.994 1.000 0.998 0.996 0.971 0.851 0.773 0.552 0.541 0.536 0.525 0.497
     30       1.184    0.429 0.903      0.945 0.957 0.966 0.986 0.998 1.000 1.000 0.983 0.880 0.808 0.600 0.589 0.584 0.573 0.546
     31       1.132    0.455 0.891      0.935 0.948 0.958 0.981 0.996 1.000 1.000 0.988 0.893 0.825 0.622 0.612 0.607 0.596 0.570
     32       0.966    0.586 0.810      0.870 0.888 0.902 0.940 0.971 0.983 0.988 1.000 0.951 0.902 0.735 0.726 0.722 0.712 0.689
     33       0.962    0.807 0.591      0.676 0.702 0.725 0.790 0.851 0.880 0.893 0.951 1.000 0.991 0.908 0.902 0.900 0.894 0.879
     34       1.092    0.878 0.478      0.572 0.601 0.627 0.701 0.773 0.808 0.825 0.902 0.991 1.000 0.956 0.952 0.950 0.946 0.935
     35       2.356    0.980 0.199      0.305 0.340 0.371 0.460 0.552 0.600 0.622 0.735 0.908 0.956 1.000 1.000 1.000 0.999 0.998
     36       2.519    0.983 0.185      0.292 0.327 0.358 0.448 0.541 0.589 0.612 0.726 0.902 0.952 1.000 1.000 1.000 1.000 0.999
     37       2.589    0.984 0.180      0.287 0.322 0.353 0.443 0.536 0.584 0.607 0.722 0.900 0.950 1.000 1.000 1.000 1.000 0.999
     38       2.797    0.986 0.166      0.274 0.309 0.340 0.431 0.525 0.573 0.596 0.712 0.894 0.946 0.999 1.000 1.000 1.000 0.999
     39       3.454    0.991 0.134      0.242 0.278 0.309 0.401 0.497 0.546 0.570 0.689 0.879 0.935 0.998 0.999 0.999 0.999 1.000

  R CORE   ENERGY   A0R/A00=1.000    R3= 0     2  
   2( 1)    0.732                    1.000 0.000
   2( 2)  487.921                    0.000 1.000

  R CORE   ENERGY   A0R/A00=1.000    R3= 0     2  
   3( 1)  488.652                    0.000 1.000

  R CORE   ENERGY   A0R/A00=1.000    R3= 0     2     4  
   4( 1)    2.438                    1.000 0.000 0.000

  R CORE   ENERGY   A0R/A00=1.000    R3= 0     2     4  
   5( 1)  490.847                    0.000 1.000 0.000

  R CORE   ENERGY   A0R/A00=1.000    R3= 0     2     4     6  
   6( 1)    5.121                    1.000 0.000 0.000 0.000

  R CORE   ENERGY   A0R/A00=1.000    R3= 0     2     4     6  
   7( 1)  494.017                    0.000 1.000 0.000 0.000

          AXIAL SYMMETRY => K RESTRICTED TO OMEGA

                     K
     S.P. ORB#: 25  0.50
     S.P. ORB#: 26  2.50
     S.P. ORB#: 27 -3.50
     S.P. ORB#: 28  0.50
     S.P. ORB#: 29  0.50
     S.P. ORB#: 30 -1.50
     S.P. ORB#: 31 -1.50
     S.P. ORB#: 32 -3.50
     S.P. ORB#: 33  4.50
     S.P. ORB#: 34  2.50
     S.P. ORB#: 35 -3.50
     S.P. ORB#: 36 -1.50
     S.P. ORB#: 37  0.50
     S.P. ORB#: 38  2.50
     S.P. ORB#: 39  0.50
 

             ENERGY    K= OMEGA
 
 I=  1/2- (1)  2.552  29:-0.998
 
 I=  1/2- (2)  3.795  25:-0.072
                      39:-0.997
 
 I=  1/2- (3)  5.765  25: 0.996
                      39:-0.070
 
 I=  1/2- (4)  5.906  28: 0.397
                      37:-0.918
 
 I=  1/2- (5)  8.743  28:-0.918
                      37:-0.397

             ENERGY    K= OMEGA
 
 I=  3/2- (1)  2.414  25:-0.112
                      29: 0.101
                      30:-0.980
                      36:-0.104
                      39: 0.072
 
 I=  3/2- (2)  2.535  25:-0.177
                      29:-0.893
                      36:-0.395
                      39: 0.120

             ENERGY    K= OMEGA
 
 I=  5/2- (1)  2.481  25:-0.254
                      29: 0.457
                      30: 0.775
                      36:-0.128
                      38:-0.294
                      39: 0.148
 
 I=  5/2- (2)  3.324  26: 0.065
                      29:-0.589
                      30: 0.433
                      36: 0.676
                      38:-0.065
 
 I=  5/2- (3)  3.510  25:-0.115
                      29: 0.339
                      30: 0.116
                      36: 0.299
                      38: 0.868
                      39: 0.125
 
 I=  5/2- (4)  4.230  26: 0.054
                      29: 0.503
                      30:-0.383
                      36: 0.634
                      38:-0.395
                      39: 0.198
 
 I=  5/2- (5)  4.636  25:-0.164
                      26: 0.067
                      29: 0.179
                      36: 0.162
                      39:-0.953

             ENERGY    K= OMEGA
 
 I=  7/2- (1)  1.768  26:-0.193
                      27: 0.050
                      32: 0.979
 
 I=  7/2- (2)  3.312  25:-0.200
                      29: 0.053
                      30:-0.850
                      36: 0.065
                      38:-0.466
                      39: 0.105
 
 I=  7/2- (3)  3.420  25:-0.258
                      29:-0.822
                      30:-0.070
                      36:-0.459
                      38: 0.119
                      39: 0.160
 
 I=  7/2- (4)  3.516  28: 0.713
                      31: 0.582
                      34: 0.359
                      35: 0.152
 
 I=  7/2- (5)  4.383  26: 0.188
                      27: 0.677
                      29: 0.287
                      30:-0.298
                      36:-0.295
                      38: 0.497

             ENERGY    K= OMEGA
 
 I=  9/2- (1)  1.854  26:-0.074
                      27: 0.191
                      32:-0.240
                      33:-0.949
 
 I=  9/2- (2)  2.727  26:-0.265
                      27:-0.091
                      30:-0.052
                      32:-0.927
                      33: 0.237
 
 I=  9/2- (3)  3.473  25:-0.361
                      29: 0.493
                      30: 0.688
                      32:-0.065
                      36:-0.174
                      38:-0.291
                      39: 0.182
 
 I=  9/2- (4)  4.618  28:-0.228
                      31: 0.571
                      34:-0.663
                      35: 0.426
 
 I=  9/2- (5)  5.143  26:-0.115
                      27: 0.089
                      29: 0.445
                      30:-0.460
                      32: 0.056
                      36:-0.743
                      39:-0.109

             ENERGY    K= OMEGA
 
 I= 11/2- (1)  2.861  28:-0.680
                      31:-0.579
                      34:-0.396
                      35:-0.204
                      37:-0.056
 
 I= 11/2- (2)  2.945  26:-0.125
                      27:-0.260
                      32: 0.331
                      33:-0.898
 
 I= 11/2- (3)  3.918  26: 0.310
                      27:-0.131
                      30:-0.063
                      32:-0.877
                      33:-0.329
                      38:-0.062
 
 I= 11/2- (4)  5.141  25:-0.372
                      29:-0.367
                      30:-0.734
                      32: 0.091
                      36:-0.126
                      38:-0.356
                      39: 0.191
 
 I= 11/2- (5)  5.269  25: 0.138
                      29: 0.710
                      30:-0.347
                      36: 0.458
                      38:-0.368
                      39:-0.093

             ENERGY    K= OMEGA
 
 I= 13/2- (1)  4.254  26: 0.171
                      27:-0.303
                      32: 0.391
                      33: 0.852
 
 I= 13/2- (2)  5.015  28:-0.220
                      31: 0.557
                      34:-0.664
                      35: 0.447
 
 I= 13/2- (3)  5.275  25: 0.296
                      26:-0.247
                      27:-0.131
                      29:-0.336
                      30:-0.470
                      32:-0.587
                      33: 0.280
                      36: 0.098
                      38: 0.222
                      39:-0.136
 
 I= 13/2- (4)  5.429  25:-0.310
                      26:-0.233
                      27:-0.107
                      29: 0.374
                      30: 0.449
                      32:-0.595
                      33: 0.274
                      36:-0.151
                      38:-0.158
                      39: 0.142
 
 I= 13/2- (5)  7.916  25:-0.108
                      26: 0.137
                      27:-0.140
                      29:-0.237
                      30: 0.374
                      32:-0.086
                      33:-0.058
                      36: 0.783
                      38: 0.285
                      39: 0.222

             ENERGY     K= 1/2
  32 LEVELS    TIME=  0.0 SEC



 ******************* EXCITATION ENERGIES, DOMINANT CONFIGURATION AND EXPECTATION VALUES (WITH S.P. UU+VV FACTORS) *******************

  NR  Eex(keV)  I   Kdom  NY    <Jz>  <Jx**2> <Jy**2> <Jz**2> <I.j>/|I|  <Rx**2> <Ry**2> <Rz**2> <R.j>/|R|  <HROTx> <HROTy> <HROTz>

   1    0.0   7/2-  -7/2  32   -3.27    2.31    2.31   12.02    3.34       2.93    2.93    0.00   -1.39      0.357   0.357   0.000
   2   86.4   9/2-   9/2  33    3.74    2.53    2.53   19.42    4.27       3.36    3.36    0.00   -1.25      0.410   0.410   0.000
   3  646.1   3/2-  -3/2  30   -1.44    4.65    4.65    2.19    1.47       4.78    4.78    0.00   -2.80      0.582   0.582   0.000
   4  713.4   5/2-  -3/2  30   -0.56    4.78    4.78    2.01    2.24       3.54    3.54    0.00   -1.86      0.432   0.432   0.000
   5  767.4   3/2-   1/2  29    0.19    4.04    4.04    0.56    1.27       3.73    3.73    0.00   -2.26      0.455   0.455   0.000
  
   6  784.3   1/2-   1/2  29    0.50    4.80    4.80    0.25    0.31       5.03    5.03    0.00   -3.02      0.613   0.613   0.000
   7  959.1   9/2-  -7/2  32   -2.61    2.41    2.41   12.23    2.89       6.51    6.51    0.00   -0.74      0.793   0.793   0.000
   8 1093.3  11/2-   1/2  28   -0.02   24.36   24.36    2.36    6.30       5.74    5.74    0.00   -3.96      0.700   0.700   0.000
   9 1177.1  11/2-   9/2  33    3.05    2.75    2.75   18.61    3.75       7.53    7.53    0.00   -0.44      0.918   0.918   0.000
  10 1544.2   7/2-  -3/2  30   -0.53    4.20    4.20    3.04    1.75       6.66    6.66    0.00   -1.23      0.812   0.812   0.000
  
  11 1556.0   5/2-  -3/2  36   -0.77    3.14    3.14    1.59    0.77       6.02    6.02    0.00   -1.61      0.733   0.733   0.000
  12 1652.5   7/2-   1/2  29    0.10    3.79    3.79    0.78    1.40       6.49    6.49   -0.00   -0.77      0.791   0.791  -0.000
  13 1705.7   9/2-  -3/2  30   -0.36    4.96    4.96    1.83    2.34       6.62    6.62    0.00   -0.03      0.807   0.807   0.000
  14 1742.2   5/2-   5/2  38    1.80    2.27    2.27    4.98    1.84       3.69    3.69   -0.00   -1.50      0.450   0.450  -0.000
  15 1748.5   7/2-   1/2  28   -0.01   23.97   23.97    1.98    6.15       8.42    8.42    0.00   -6.21      1.027   1.027   0.000
  
  16 2027.1   1/2-   1/2  39    0.50    1.52    1.52    0.25    0.72       1.40    1.40    0.00   -1.60      0.170   0.170   0.000
  17 2150.0  11/2-  -7/2  32   -2.02    2.50    2.50   12.47    2.60      11.08   11.08    0.00   -0.41      1.351   1.351   0.000
  18 2462.4   5/2-  -3/2  36   -0.28    3.20    3.20    2.30   -0.00       8.74    8.74    0.00   -2.08      1.065   1.065   0.000
  19 2486.5  13/2-   9/2  33    2.48    2.94    2.94   17.88    3.39      12.61   12.61    0.00   -0.02      1.538   1.538   0.000
  20 2615.8   7/2-  -7/2  27   -1.12    4.38    4.38    7.80    2.05       8.00    8.00   -0.00   -2.10      0.975   0.975  -0.000
  
  21 2850.1   9/2-   5/2  34    0.00   24.58   24.58    5.72    5.32      13.33   13.33    0.00   -5.50      1.625   1.625   0.000
  22 2868.5   5/2-   1/2  39    0.45    1.64    1.64    0.33    0.34       5.17    5.17   -0.00   -0.81      0.631   0.631  -0.000
  23 3247.6  13/2-   5/2  34   -0.04   24.57   24.57    5.91    5.30      14.87   14.87    0.00   -3.30      1.813   1.813   0.000
  24 3373.0  11/2-  -3/2  30   -0.39    4.23    4.23    2.23    1.68      13.19   13.19    0.00   -0.13      1.609   1.609   0.000
  25 3375.5   9/2-  -3/2  36   -1.04    2.76    2.76    2.00    0.66      12.83   12.83   -0.00   -0.83      1.565   1.565  -0.000
  
  26 3501.5  11/2-   1/2  29    0.11    3.70    3.70    1.76    1.40      14.11   14.11    0.00   -0.15      1.720   1.720   0.000
  27 3507.8  13/2-  -7/2  32   -0.87    3.83    3.83    7.28    2.43      14.87   14.87    0.00    0.37      1.813   1.813   0.000
  28 3661.2  13/2-  -7/2  32   -0.95    3.90    3.90    7.07    2.33      15.56   15.56    0.00    0.25      1.897   1.897   0.000
  29 3996.9   1/2-   1/2  25    0.50    6.59    6.59    0.25    0.66       6.52    6.52    0.00   -3.56      0.795   0.795   0.000
  30 4138.3   1/2-   1/2  37    0.50   12.36   12.36    0.25   -1.49      14.15   14.15   -0.00   -4.94      1.726   1.726  -0.000
  
  31 6148.4  13/2-  -3/2  36   -0.90    2.28    2.28    2.74    0.75      22.83   22.83   -0.00   -0.31      2.783   2.783  -0.000
  32 6975.4   1/2-   1/2  28    0.50   24.61   24.61    0.25   -3.55      28.19   28.19   -0.00   -7.00      3.437   3.437  -0.000
