1SPECTRUM OF (Z= 82 A=207) IN PARTICLE-ROTOR  MODEL WITH MODIFIED OSCILLATOR POTENTIAL


 PARITY=-   EPS= 0.366   GAMMA=  0.0   EPS4=0.000   EPS6=0.000   LEVELS:  26  27  28  29  30  31  32  33  34  35  36  37  38  39  40

 PAIRING FACTORS: GN0= 19.20  GN1=  7.40  IPAIR= 15 ***  E2PLUS(INPUT)=   0.730  E2PLUR(INPUT)=   0.000

 CORIOLIS ATTENUATION PARAMETERS:  CHSI=1.000  ETA=  1.00

 MOMENT OF INERTIA PARAMETERS:   A1=  0.122 MEV   A2=  0.122 MEV   A3=121.91924 MEV


 DELTA=0.879 MEV  LAMBDA=53.4194 MEV   HW0= 7.5342 MEV   LAMBDA/HW0= 7.0903

 E2ENERGY=0.730 MEV  HBAR**2/B=24838./A**(7/3)=4198.8/A**2 MEV

 IREC=0  =>  RECOIL TERMS j+j-, j+j+, jzjz, ETC TREATED AS ONE-BODY OPERATORS WITH UU+VV PAIRING FACTORS



 S. P. LEVEL   EQP       U     V        (UU + VV)**1.00

     26       2.960    0.150 0.989      1.000 0.999 0.999 0.990 0.962 0.940 0.756 0.746 0.547 0.385 0.357 0.298 0.285 0.263 0.262
     27       2.449    0.182 0.983      0.999 1.000 1.000 0.994 0.970 0.951 0.777 0.767 0.574 0.415 0.387 0.329 0.316 0.295 0.293
     28       2.400    0.186 0.982      0.999 1.000 1.000 0.994 0.971 0.952 0.780 0.770 0.577 0.418 0.391 0.333 0.320 0.299 0.297
     29       1.581    0.291 0.957      0.990 0.994 0.994 1.000 0.991 0.979 0.842 0.834 0.661 0.513 0.487 0.432 0.419 0.399 0.397
     30       1.165    0.415 0.910      0.962 0.970 0.971 0.991 1.000 0.997 0.906 0.899 0.755 0.622 0.598 0.547 0.536 0.517 0.515
     31       1.046    0.479 0.878      0.940 0.951 0.952 0.979 0.997 1.000 0.934 0.928 0.800 0.677 0.654 0.606 0.595 0.577 0.575
     32       0.890    0.760 0.649      0.756 0.777 0.780 0.842 0.906 0.934 1.000 1.000 0.961 0.895 0.881 0.850 0.842 0.830 0.829
     33       0.895    0.771 0.637      0.746 0.767 0.770 0.834 0.899 0.928 1.000 1.000 0.966 0.902 0.888 0.858 0.851 0.839 0.838
     34       1.164    0.910 0.415      0.547 0.574 0.577 0.661 0.755 0.800 0.961 0.966 1.000 0.983 0.977 0.962 0.958 0.952 0.951
     35       1.874    0.970 0.242      0.385 0.415 0.418 0.513 0.622 0.677 0.895 0.902 0.983 1.000 1.000 0.996 0.994 0.992 0.992
     36       2.119    0.977 0.212      0.357 0.387 0.391 0.487 0.598 0.654 0.881 0.888 0.977 1.000 1.000 0.998 0.997 0.995 0.995
     37       2.944    0.989 0.151      0.298 0.329 0.333 0.432 0.547 0.606 0.850 0.858 0.962 0.996 0.998 1.000 1.000 0.999 0.999
     38       3.229    0.991 0.137      0.285 0.316 0.320 0.419 0.536 0.595 0.842 0.851 0.958 0.994 0.997 1.000 1.000 1.000 1.000
     39       3.826    0.993 0.116      0.263 0.295 0.299 0.399 0.517 0.577 0.830 0.839 0.952 0.992 0.995 0.999 1.000 1.000 1.000
     40       3.891    0.994 0.114      0.262 0.293 0.297 0.397 0.515 0.575 0.829 0.838 0.951 0.992 0.995 0.999 1.000 1.000 1.000

  R CORE   ENERGY   A0R/A00=1.000    R3= 0     2  
   2( 1)    0.732                    1.000 0.000
   2( 2)  487.921                    0.000 1.000

  R CORE   ENERGY   A0R/A00=1.000    R3= 0     2  
   3( 1)  488.652                    0.000 1.000

  R CORE   ENERGY   A0R/A00=1.000    R3= 0     2     4  
   4( 1)    2.438                    1.000 0.000 0.000

  R CORE   ENERGY   A0R/A00=1.000    R3= 0     2     4  
   5( 1)  490.847                    0.000 1.000 0.000

  R CORE   ENERGY   A0R/A00=1.000    R3= 0     2     4     6  
   6( 1)    5.121                    1.000 0.000 0.000 0.000

  R CORE   ENERGY   A0R/A00=1.000    R3= 0     2     4     6  
   7( 1)  494.017                    0.000 1.000 0.000 0.000

          AXIAL SYMMETRY => K RESTRICTED TO OMEGA

                     K
     S.P. ORB#: 26  2.50
     S.P. ORB#: 27  0.50
     S.P. ORB#: 28 -3.50
     S.P. ORB#: 29 -1.50
     S.P. ORB#: 30  0.50
     S.P. ORB#: 31 -1.50
     S.P. ORB#: 32  2.50
     S.P. ORB#: 33 -3.50
     S.P. ORB#: 34  4.50
     S.P. ORB#: 35  0.50
     S.P. ORB#: 36 -3.50
     S.P. ORB#: 37 -1.50
     S.P. ORB#: 38  2.50
     S.P. ORB#: 39  0.50
     S.P. ORB#: 40  0.50
 

             ENERGY    K= OMEGA
 
 I=  1/2- (1)  2.443  30:-0.999
 
 I=  1/2- (2)  4.258  40: 0.999
 
 I=  1/2- (3)  4.855  27:-0.206
                      35: 0.904
                      39:-0.375
 
 I=  1/2- (4)  7.581  27:-0.459
                      35: 0.249
                      39: 0.853
 
 I=  1/2- (5)  9.183  27: 0.864
                      35: 0.348
                      39: 0.364

             ENERGY    K= OMEGA
 
 I=  3/2- (1)  2.332  30: 0.417
                      31:-0.908
 
 I=  3/2- (2)  2.647  30: 0.859
                      31: 0.396
                      37: 0.291
                      40:-0.144
 
 I=  3/2- (3)  3.651  30: 0.271
                      31: 0.105
                      37:-0.956
 
 I=  3/2- (4)  4.671  27: 0.397
                      29: 0.108
                      35:-0.905
                      39:-0.107
 
 I=  3/2- (5)  4.955  30: 0.122
                      31: 0.085
                      40: 0.989

             ENERGY    K= OMEGA
 
 I=  5/2- (1)  2.709  30: 0.413
                      31: 0.848
                      37:-0.090
                      38:-0.271
                      40: 0.166
 
 I=  5/2- (2)  3.386  26:-0.059
                      30: 0.789
                      31:-0.403
                      37:-0.447
                      38: 0.105
 
 I=  5/2- (3)  3.938  26:-0.077
                      30:-0.233
                      31:-0.166
                      37:-0.457
                      38:-0.825
                      40:-0.149
 
 I=  5/2- (4)  4.502  26: 0.199
                      30: 0.339
                      31:-0.277
                      37: 0.719
                      38:-0.482
                      40: 0.140
 
 I=  5/2- (5)  4.760  26: 0.973
                      37:-0.196
                      40:-0.107

             ENERGY    K= OMEGA
 
 I=  7/2- (1)  1.741  26:-0.171
                      33: 0.984
 
 I=  7/2- (2)  3.345  30: 0.535
                      31:-0.744
                      37: 0.204
                      38:-0.341
 
 I=  7/2- (3)  3.855  27:-0.660
                      29:-0.586
                      32:-0.430
                      36:-0.191
 
 I=  7/2- (4)  3.893  26:-0.064
                      30: 0.702
                      31: 0.514
                      37: 0.381
                      38: 0.193
                      40:-0.233
 
 I=  7/2- (5)  4.274  26:-0.201
                      28:-0.962
                      30:-0.063
                      31: 0.068
                      37: 0.063
                      38:-0.145

             ENERGY    K= OMEGA
 
 I=  9/2- (1)  2.085  26:-0.084
                      28: 0.168
                      33:-0.317
                      34:-0.930
 
 I=  9/2- (2)  2.766  26:-0.231
                      28:-0.095
                      33:-0.913
                      34: 0.316
 
 I=  9/2- (3)  4.139  30: 0.452
                      31: 0.750
                      33:-0.055
                      37:-0.190
                      38:-0.372
                      40: 0.234
 
 I=  9/2- (4)  4.682  27:-0.213
                      29: 0.550
                      32:-0.683
                      36: 0.431
 
 I=  9/2- (5)  5.246  26:-0.124
                      28: 0.105
                      30: 0.656
                      31:-0.458
                      33: 0.055
                      37:-0.554
                      38: 0.150

             ENERGY    K= OMEGA
 
 I= 11/2- (1)  3.210  26: 0.138
                      28: 0.227
                      33:-0.414
                      34: 0.871
 
 I= 11/2- (2)  3.250  27: 0.641
                      29: 0.583
                      32: 0.439
                      35: 0.076
                      36: 0.225
 
 I= 11/2- (3)  4.020  26:-0.269
                      28: 0.142
                      31: 0.058
                      33: 0.854
                      34: 0.413
                      38: 0.066
 
 I= 11/2- (4)  5.287  30:-0.557
                      31: 0.662
                      33:-0.065
                      37:-0.294
                      38: 0.398
 
 I= 11/2- (5)  6.080  26: 0.062
                      30:-0.628
                      31:-0.541
                      33: 0.072
                      37:-0.392
                      38:-0.260
                      40: 0.287

             ENERGY    K= OMEGA
 
 I= 13/2- (1)  4.560  26:-0.183
                      28: 0.267
                      33:-0.469
                      34:-0.821
 
 I= 13/2- (2)  5.175  27: 0.215
                      29:-0.551
                      32: 0.674
                      36:-0.442
 
 I= 13/2- (3)  5.504  26:-0.294
                      28:-0.183
                      31:-0.089
                      33:-0.802
                      34: 0.468
                      38: 0.089
 
 I= 13/2- (4)  6.513  30:-0.462
                      31:-0.694
                      33: 0.105
                      34:-0.053
                      37: 0.237
                      38: 0.396
                      40:-0.277
 
 I= 13/2- (5)  8.068  26: 0.129
                      28:-0.089
                      30:-0.582
                      31: 0.474
                      33:-0.099
                      37: 0.611
                      38:-0.159
                      40: 0.059

             ENERGY     K= 1/2
  35 LEVELS    TIME=  0.0 SEC



 ******************* EXCITATION ENERGIES, DOMINANT CONFIGURATION AND EXPECTATION VALUES (WITH S.P. UU+VV FACTORS) *******************

  NR  Eex(keV)  I   Kdom  NY    <Jz>  <Jx**2> <Jy**2> <Jz**2> <I.j>/|I|  <Rx**2> <Ry**2> <Rz**2> <R.j>/|R|  <HROTx> <HROTy> <HROTz>

   1    0.0   7/2-  -7/2  33   -3.32    2.31    2.31   12.07    3.28       3.21    3.21   -0.00   -1.45      0.391   0.391  -0.000
   2  343.2   9/2-   9/2  34    3.46    2.51    2.51   19.12    4.17       3.69    3.69   -0.00   -1.25      0.450   0.450  -0.001
   3  590.7   3/2-  -3/2  31   -1.15    4.88    4.88    1.90    1.30       5.18    5.18    0.00   -2.84      0.631   0.631   0.000
   4  701.8   1/2-   1/2  30    0.50    4.86    4.86    0.25    0.15       5.23    5.23   -0.00   -3.04      0.637   0.637  -0.000
   5  905.2   3/2-   1/2  30    0.02    4.40    4.40    0.73    0.69       5.30    5.30    0.00   -2.51      0.647   0.647   0.000
  
   6  967.9   5/2-  -3/2  31   -0.81    4.61    4.61    2.15    1.48       5.69    5.69    0.00   -2.07      0.694   0.694   0.000
   7 1024.3   9/2-  -7/2  33   -2.37    2.38    2.38   12.70    2.83       7.03    7.03   -0.00   -0.90      0.857   0.857  -0.000
   8 1468.5  11/2-   9/2  34    2.68    2.69    2.69   18.20    3.59       8.18    8.18   -0.00   -0.52      0.997   0.997  -0.001
   9 1508.9  11/2-   1/2  27    0.00   23.60   23.60    2.70    6.19       5.81    5.81    0.00   -3.78      0.708   0.708   0.000
  10 1603.8   7/2-  -3/2  31   -0.46    4.50    4.50    2.16    1.39       7.92    7.92    0.00   -1.41      0.965   0.965   0.000
  
  11 1644.8   5/2-   1/2  30   -0.19    4.08    4.08    1.06    0.47       7.60    7.60    0.00   -2.01      0.927   0.927   0.000
  12 1909.6   3/2-  -3/2  37   -1.35    2.13    2.13    2.10    0.80       3.52    3.52   -0.00   -1.82      0.429   0.429  -0.000
  13 2114.0   7/2-   1/2  27    0.04   23.15   23.15    2.48    6.06       8.22    8.22    0.00   -6.10      1.002   1.002   0.000
  14 2151.2   7/2-   1/2  30   -0.24    3.92    3.92    1.33    0.79       9.30    9.30    0.00   -1.39      1.134   1.134   0.000
  15 2197.1   5/2-   5/2  38    1.40    2.03    2.03    4.84    1.70       3.81    3.81    0.00   -1.41      0.464   0.464   0.000
  
  16 2278.2  11/2-  -7/2  33   -1.67    2.46    2.46   13.12    2.52      11.85   11.85   -0.00   -0.61      1.444   1.444  -0.000
  17 2397.9   9/2-  -3/2  31   -0.43    4.29    4.29    2.33    1.49      10.42   10.42    0.00   -0.77      1.271   1.271   0.000
  18 2516.4   1/2-   1/2  40    0.50    1.62    1.62    0.25    0.69       1.52    1.52    0.00   -1.66      0.185   0.185   0.000
  19 2532.6   7/2-  -7/2  28   -3.10    6.09    6.09   11.75    3.09       7.56    7.56    0.00   -2.99      0.922   0.922   0.000
  20 2761.1   5/2-  -3/2  37   -0.14    2.72    2.72    3.07    0.39       7.48    7.48   -0.00   -1.90      0.911   0.911  -0.000
  
  21 2818.3  13/2-   9/2  34    2.10    2.85    2.85   17.44    3.21      13.56   13.56   -0.00   -0.15      1.653   1.653  -0.000
  22 2929.8   3/2-   1/2  35    0.48   12.81   12.81    0.27    1.96      11.02   11.02    0.00   -4.71      1.344   1.344   0.000
  23 2940.8   9/2-   5/2  32    0.08   24.03   24.03    5.88    5.20      13.46   13.46    0.00   -5.41      1.641   1.641   0.000
  24 3018.6   5/2-   5/2  26    2.32    5.82    5.82    6.02    1.98       7.35    7.35    0.00   -3.08      0.896   0.896   0.000
  25 3113.9   1/2-   1/2  35    0.50   11.23   11.23    0.25    0.84      11.00   11.00    0.00   -4.69      1.341   1.341   0.000
  
  26 3213.5   3/2-   1/2  40    0.49    1.74    1.74    0.26   -0.45       4.61    4.61    0.00   -1.52      0.563   0.563   0.000
  27 3433.7  13/2-   5/2  32    0.02   24.04   24.04    5.93    5.15      15.43   15.43    0.00   -3.25      1.881   1.881   0.000
  28 3505.0   9/2-   1/2  30   -0.51    3.67    3.67    1.69    0.53      14.25   14.25    0.00   -1.20      1.737   1.737   0.000
  29 3545.7  11/2-  -3/2  31   -0.25    4.25    4.25    2.34    1.36      15.14   15.14   -0.00   -0.49      1.846   1.846  -0.000
  30 3762.5  13/2-  -7/2  33   -1.16    2.56    2.56   13.34    2.29      17.63   17.63   -0.00   -0.42      2.150   2.150  -0.000
  
  31 4338.5  11/2-   1/2  30   -0.27    3.68    3.68    1.63    0.79      17.67   17.67    0.00   -0.72      2.154   2.154   0.000
  32 4771.8  13/2-  -3/2  31   -0.30    4.10    4.10    2.46    1.45      19.58   19.58    0.00   -0.09      2.387   2.387   0.000
  33 5839.3   1/2-   1/2  39    0.50   16.05   16.05    0.25   -0.61      17.09   17.09    0.00   -5.63      2.083   2.083   0.000
  34 6326.6  13/2-  -3/2  37   -0.68    3.39    3.39    1.92    0.49      25.29   25.29    0.00   -0.74      3.084   3.084   0.000
  35 7441.4   1/2-   1/2  27    0.50   23.76   23.76    0.25   -3.35      27.15   27.15    0.00   -6.87      3.310   3.310   0.000
  
