1SPECTRUM OF (Z= 82 A=207) IN PARTICLE-ROTOR  MODEL WITH MODIFIED OSCILLATOR POTENTIAL


 PARITY=-   EPS= 0.247   GAMMA=  0.0   EPS4=0.000   EPS6=0.000   LEVELS:  24  25  26  27  28  29  30  31  32  33  34  35  36  37  38

 PAIRING FACTORS: GN0= 19.20  GN1=  7.40  IPAIR= 15 ***  E2PLUS(INPUT)=   0.730  E2PLUR(INPUT)=   0.000

 CORIOLIS ATTENUATION PARAMETERS:  CHSI=1.000  ETA=  1.00

 MOMENT OF INERTIA PARAMETERS:   A1=  0.122 MEV   A2=  0.122 MEV   A3=121.91924 MEV


 DELTA=0.937 MEV  LAMBDA=53.4139 MEV   HW0= 7.4647 MEV   LAMBDA/HW0= 7.1556

 E2ENERGY=0.730 MEV  HBAR**2/B=11312./A**(7/3)=1912.3/A**2 MEV

 IREC=0  =>  RECOIL TERMS j+j-, j+j+, jzjz, ETC TREATED AS ONE-BODY OPERATORS WITH UU+VV PAIRING FACTORS



 S. P. LEVEL   EQP       U     V        (UU + VV)**1.00

     24       5.154    0.091 0.996      1.000 1.000 1.000 0.999 0.988 0.985 0.980 0.970 0.700 0.540 0.469 0.408 0.368 0.313 0.266
     25       4.135    0.114 0.993      1.000 1.000 1.000 1.000 0.991 0.989 0.985 0.975 0.716 0.559 0.489 0.428 0.389 0.335 0.288
     26       3.887    0.121 0.993      1.000 1.000 1.000 1.000 0.992 0.990 0.986 0.977 0.721 0.565 0.495 0.435 0.396 0.342 0.295
     27       3.341    0.142 0.990      0.999 1.000 1.000 1.000 0.995 0.993 0.989 0.981 0.735 0.582 0.513 0.453 0.414 0.361 0.314
     28       1.986    0.243 0.970      0.988 0.991 0.992 0.995 1.000 1.000 0.999 0.996 0.801 0.663 0.599 0.543 0.506 0.456 0.411
     29       1.870    0.260 0.966      0.985 0.989 0.990 0.993 1.000 1.000 1.000 0.997 0.811 0.676 0.612 0.557 0.521 0.471 0.426
     30       1.709    0.286 0.958      0.980 0.985 0.986 0.989 0.999 1.000 1.000 0.999 0.827 0.696 0.634 0.580 0.544 0.495 0.451
     31       1.495    0.332 0.943      0.970 0.975 0.977 0.981 0.996 0.997 0.999 1.000 0.853 0.730 0.671 0.619 0.584 0.536 0.494
     32       0.957    0.775 0.632      0.700 0.716 0.721 0.735 0.801 0.811 0.827 0.853 1.000 0.979 0.959 0.938 0.922 0.898 0.875
     33       1.145    0.887 0.461      0.540 0.559 0.565 0.582 0.663 0.676 0.696 0.730 0.979 1.000 0.997 0.989 0.981 0.968 0.955
     34       1.315    0.922 0.386      0.469 0.489 0.495 0.513 0.599 0.612 0.634 0.671 0.959 0.997 1.000 0.998 0.994 0.986 0.976
     35       1.535    0.947 0.322      0.408 0.428 0.435 0.453 0.543 0.557 0.580 0.619 0.938 0.989 0.998 1.000 0.999 0.995 0.989
     36       1.737    0.960 0.281      0.368 0.389 0.396 0.414 0.506 0.521 0.544 0.584 0.922 0.981 0.994 0.999 1.000 0.998 0.994
     37       2.133    0.974 0.225      0.313 0.335 0.342 0.361 0.456 0.471 0.495 0.536 0.898 0.968 0.986 0.995 0.998 1.000 0.999
     38       2.696    0.984 0.177      0.266 0.288 0.295 0.314 0.411 0.426 0.451 0.494 0.875 0.955 0.976 0.989 0.994 0.999 1.000

  R CORE   ENERGY   A0R/A00=1.000    R3= 0     2  
   2( 1)    0.732                    1.000 0.000
   2( 2)  487.921                    0.000 1.000

  R CORE   ENERGY   A0R/A00=1.000    R3= 0     2  
   3( 1)  488.652                    0.000 1.000

  R CORE   ENERGY   A0R/A00=1.000    R3= 0     2     4  
   4( 1)    2.438                    1.000 0.000 0.000

  R CORE   ENERGY   A0R/A00=1.000    R3= 0     2     4  
   5( 1)  490.847                    0.000 1.000 0.000

  R CORE   ENERGY   A0R/A00=1.000    R3= 0     2     4     6  
   6( 1)    5.121                    1.000 0.000 0.000 0.000

  R CORE   ENERGY   A0R/A00=1.000    R3= 0     2     4     6  
   7( 1)  494.017                    0.000 1.000 0.000 0.000

          AXIAL SYMMETRY => K RESTRICTED TO OMEGA

                     K
     S.P. ORB#: 24  2.50
     S.P. ORB#: 25  0.50
     S.P. ORB#: 26  2.50
     S.P. ORB#: 27 -3.50
     S.P. ORB#: 28 -3.50
     S.P. ORB#: 29  0.50
     S.P. ORB#: 30 -1.50
     S.P. ORB#: 31  4.50
     S.P. ORB#: 32  0.50
     S.P. ORB#: 33 -1.50
     S.P. ORB#: 34 -1.50
     S.P. ORB#: 35  2.50
     S.P. ORB#: 36  2.50
     S.P. ORB#: 37  0.50
     S.P. ORB#: 38 -3.50
 

             ENERGY    K= OMEGA
 
 I=  1/2- (1)  2.425  25:-0.054
                      37:-0.997
 
 I=  1/2- (2)  2.997  29: 0.998
 
 I=  1/2- (3)  5.499  25: 0.998
                      37:-0.056
 
 I=  1/2- (4)  8.415  32:-1.000
 
 I=  1/2- (5)147.448  33:-1.000

             ENERGY    K= OMEGA
 
 I=  3/2- (1)  1.828  25: 0.052
                      29: 0.210
                      30: 0.111
                      34: 0.967
                      37:-0.070
 
 I=  3/2- (2)  2.811  25: 0.117
                      29:-0.058
                      30: 0.918
                      34:-0.125
                      37:-0.354

             ENERGY    K= OMEGA
 
 I=  5/2- (1)  2.003  25: 0.077
                      29:-0.182
                      30:-0.237
                      34: 0.480
                      35: 0.820
                      37:-0.053
 
 I=  5/2- (2)  2.492  29: 0.183
                      30:-0.243
                      34:-0.833
                      35: 0.451
                      37:-0.087
 
 I=  5/2- (3)  2.873  24: 0.059
                      25:-0.202
                      29: 0.399
                      30: 0.570
                      35: 0.303
                      37: 0.616
 
 I=  5/2- (4)  3.376  24:-0.053
                      25: 0.261
                      29:-0.239
                      30:-0.498
                      34:-0.055
                      35:-0.138
                      37: 0.776
 
 I=  5/2- (5)  4.288  24: 0.063
                      25: 0.077
                      29:-0.815
                      30: 0.491
                      34:-0.265
                      35: 0.111

             ENERGY    K= OMEGA
 
 I=  7/2- (1)  2.646  27: 0.062
                      28: 0.168
                      29:-0.214
                      30: 0.257
                      34:-0.525
                      35: 0.761
 
 I=  7/2- (2)  2.717  26:-0.232
                      27: 0.087
                      28: 0.939
                      29: 0.084
                      34: 0.204
                      35:-0.063
 
 I=  7/2- (3)  3.133  25:-0.214
                      28: 0.169
                      29:-0.377
                      30:-0.403
                      34:-0.625
                      35:-0.439
                      37: 0.189
 
 I=  7/2- (4)  3.258  32:-0.740
                      33:-0.570
                      36:-0.333
                      38:-0.131
 
 I=  7/2- (5)  4.160  24:-0.158
                      25: 0.161
                      27: 0.115
                      29:-0.210
                      30: 0.770
                      34:-0.194
                      35:-0.456
                      37:-0.230

             ENERGY    K= OMEGA
 
 I=  9/2- (1)  2.254  24: 0.065
                      26:-0.062
                      27: 0.268
                      28:-0.163
                      31:-0.944
 
 I=  9/2- (2)  3.249  24: 0.064
                      25:-0.254
                      27: 0.064
                      28: 0.109
                      29: 0.365
                      30: 0.488
                      31: 0.052
                      34:-0.404
                      35:-0.591
                      37: 0.169
 
 I=  9/2- (3)  3.596  24: 0.072
                      26: 0.312
                      27: 0.131
                      28: 0.907
                      29:-0.066
                      31:-0.139
                      34: 0.183
 
 I=  9/2- (4)  4.275  24:-0.088
                      25: 0.229
                      28: 0.142
                      29:-0.128
                      30:-0.484
                      34:-0.650
                      35:-0.244
                      37:-0.430
 
 I=  9/2- (5)  4.495  25:-0.138
                      28: 0.110
                      29: 0.431
                      34:-0.487
                      35: 0.707
                      37: 0.208

             ENERGY    K= OMEGA
 
 I= 11/2- (1)  2.296  32:-0.697
                      33:-0.574
                      36:-0.387
                      38:-0.187
 
 I= 11/2- (2)  3.191  24: 0.112
                      26:-0.099
                      27:-0.370
                      28: 0.212
                      31:-0.889
 
 I= 11/2- (3)  4.576  24: 0.098
                      26: 0.120
                      27:-0.121
                      28:-0.371
                      29: 0.216
                      30:-0.393
                      34: 0.416
                      35:-0.668
 
 I= 11/2- (4)  4.666  24:-0.094
                      25: 0.103
                      26:-0.327
                      27: 0.138
                      28: 0.734
                      29: 0.260
                      31: 0.162
                      34: 0.430
                      35:-0.176
                      37:-0.075
 
 I= 11/2- (5)  5.111  24: 0.058
                      25:-0.324
                      26:-0.104
                      28: 0.355
                      29:-0.441
                      30:-0.468
                      31: 0.130
                      34:-0.425
                      35:-0.308
                      37: 0.223

             ENERGY    K= OMEGA
 
 I= 13/2- (1)  4.316  24: 0.159
                      26:-0.126
                      27: 0.438
                      28:-0.231
                      29: 0.052
                      30: 0.099
                      31:-0.830
                      35:-0.082
 
 I= 13/2- (2)  4.585  32:-0.236
                      33: 0.590
                      36:-0.651
                      38: 0.416
 
 I= 13/2- (3)  5.212  24:-0.087
                      25: 0.367
                      28:-0.137
                      29:-0.433
                      30:-0.555
                      31:-0.160
                      34: 0.305
                      35: 0.424
                      37:-0.206
 
 I= 13/2- (4)  6.014  24:-0.130
                      26:-0.395
                      27:-0.199
                      28:-0.833
                      29: 0.101
                      31: 0.182
                      34:-0.219
 
 I= 13/2- (5)  6.888  24:-0.072
                      25: 0.235
                      28: 0.153
                      29:-0.125
                      30:-0.328
                      34:-0.614
                      35:-0.495
                      37:-0.412

             ENERGY     K=-7/2
  32 LEVELS    TIME=  0.0 SEC



 ******************* EXCITATION ENERGIES, DOMINANT CONFIGURATION AND EXPECTATION VALUES (WITH S.P. UU+VV FACTORS) *******************

  NR  Eex(keV)  I   Kdom  NY    <Jz>  <Jx**2> <Jy**2> <Jz**2> <I.j>/|I|  <Rx**2> <Ry**2> <Rz**2> <R.j>/|R|  <HROTx> <HROTy> <HROTz>

   1    0.0   3/2-  -3/2  34   -1.40    1.70    1.70    2.15    1.40       1.93    1.93    0.00   -1.44      0.236   0.236   0.000
   2  174.7   5/2-   5/2  35    1.27    2.07    2.07    4.85    2.33       1.97    1.97    0.00   -1.05      0.240   0.240   0.000
   3  426.7   9/2-   9/2  31    3.69    2.70    2.70   19.31    4.49       2.42    2.42    0.00   -1.09      0.295   0.295   0.000
   4  468.1  11/2-   1/2  32   -0.00   26.61   26.61    2.23    6.87       4.51    4.51    0.00   -4.78      0.549   0.549   0.000
   5  596.7   1/2-   1/2  37    0.50    1.39    1.39    0.25    0.83       1.17    1.17   -0.00   -1.51      0.143   0.143  -0.000
  
   6  664.6   5/2-  -3/2  34   -0.59    1.70    1.70    2.99    1.06       4.42    4.42    0.00   -1.09      0.539   0.539   0.000
   7  818.7   7/2-   5/2  35    0.85    2.13    2.13    4.80    1.96       4.61    4.61   -0.00   -0.42      0.562   0.562  -0.000
   8  888.9   7/2-  -7/2  28   -3.02    2.28    2.28   11.36    3.33       2.63    2.63   -0.00   -1.18      0.320   0.320  -0.000
   9  983.0   3/2-  -3/2  30   -1.22    4.11    4.11    1.97    1.43       4.19    4.19    0.00   -2.56      0.511   0.511   0.000
  10 1045.4   5/2-   1/2  37    0.04    3.44    3.44    1.47    1.67       3.62    3.62    0.00   -1.27      0.441   0.441   0.000
  
  11 1169.2   1/2-   1/2  29    0.50    4.37    4.37    0.25    0.30       4.61    4.61   -0.00   -2.87      0.562   0.562  -0.000
  12 1305.5   7/2-  -3/2  34   -0.33    2.32    2.32    2.87    1.44       5.94    5.94    0.00   -0.53      0.724   0.724   0.000
  13 1363.0  11/2-   9/2  31    2.98    3.12    3.12   18.40    4.12       5.54    5.54    0.00    0.00      0.676   0.676   0.000
  14 1421.4   9/2-   5/2  35    0.35    3.45    3.45    3.42    2.33       5.95    5.95   -0.00    0.37      0.725   0.725  -0.000
  15 1429.8   7/2-   1/2  32    0.00   26.67   26.67    1.77    6.73       8.71    8.71    0.00   -6.80      1.062   1.062   0.000
  
  16 1548.2   5/2-   1/2  37    0.04    2.32    2.32    0.88    0.71       5.05    5.05    0.00   -1.08      0.616   0.616   0.000
  17 1768.2   9/2-  -7/2  28   -2.64    2.39    2.39   11.39    2.94       5.81    5.81   -0.00   -0.45      0.709   0.709  -0.000
  18 2332.4   7/2-  -3/2  30   -0.35    3.85    3.85    3.07    0.96       9.44    9.44    0.00   -1.60      1.151   1.151   0.000
  19 2447.2   9/2-  -3/2  34   -0.76    2.41    2.41    2.24    1.14      10.26   10.26    0.00   -0.31      1.251   1.251   0.000
  20 2460.7   5/2-   1/2  29   -0.09    4.33    4.33    0.97   -0.32      10.14   10.14    0.00   -2.35      1.237   1.237   0.000
  
  21 2488.2  13/2-   9/2  31    2.35    3.55    3.55   17.28    3.89       9.43    9.43    0.00    0.63      1.150   1.150   0.000
  22 2667.2   9/2-   5/2  35    0.97    2.42    2.42    3.91    1.00      11.76   11.76    0.00   -0.77      1.433   1.433   0.000
  23 2748.4  11/2-   5/2  35    0.18    2.61    2.61    5.57    1.92      11.79   11.79    0.00    0.14      1.437   1.437   0.000
  24 2757.5  13/2-   5/2  36   -0.04   26.11   26.11    5.56    5.91      12.02   12.02    0.00   -3.37      1.466   1.466   0.000
  25 2838.7  11/2-  -7/2  28   -1.70    2.45    2.45    8.72    2.37      10.50   10.50   -0.00    0.12      1.280   1.280  -0.000
  
  26 3282.9  11/2-  -3/2  30   -0.52    2.96    2.96    3.55    1.64      12.78   12.78   -0.00    0.07      1.558   1.558  -0.000
  27 3384.4  13/2-  -3/2  30    0.10    4.23    4.23    2.93    2.45      12.98   12.98    0.00    1.12      1.583   1.583   0.000
  28 3671.3   1/2-   1/2  25    0.50    5.73    5.73    0.25    0.70       5.63    5.63   -0.00   -3.31      0.687   0.687  -0.000
  29 4186.3  13/2-  -7/2  28   -2.05    2.59    2.59   10.86    2.48      15.06   15.06   -0.00    0.24      1.836   1.836  -0.000
  30 5060.3  13/2-  -3/2  34   -0.06    2.17    2.17    3.03    1.00      21.06   21.06   -0.00   -0.06      2.568   2.568  -0.000
  
  31 6586.9   1/2-   1/2  32    0.50   26.72   26.72    0.25   -3.88      30.58   30.58    0.00   -7.30      3.729   3.729   0.000
  32*******   1/2-  -3/2  33    0.00    0.00    0.00    0.00   -0.00       0.00    0.00    0.00   -0.00      0.000   0.000   0.000
