1SPECTRUM OF (Z= 82 A=207) IN PARTICLE-ROTOR  MODEL WITH MODIFIED OSCILLATOR POTENTIAL


 PARITY=-   EPS= 0.283   GAMMA=  0.0   EPS4=0.000   EPS6=0.000   LEVELS:  25  26  27  28  29  30  31  32  33  34  35  36  37  38  39

 PAIRING FACTORS: GN0= 19.20  GN1=  7.40  IPAIR= 15 ***  E2PLUS(INPUT)=   0.730  E2PLUR(INPUT)=   0.000

 CORIOLIS ATTENUATION PARAMETERS:  CHSI=1.000  ETA=  1.00

 MOMENT OF INERTIA PARAMETERS:   A1=  0.122 MEV   A2=  0.122 MEV   A3=121.91924 MEV


 DELTA=0.951 MEV  LAMBDA=53.3054 MEV   HW0= 7.4823 MEV   LAMBDA/HW0= 7.1242

 E2ENERGY=0.730 MEV  HBAR**2/B=14850./A**(7/3)=2510.4/A**2 MEV

 IREC=0  =>  RECOIL TERMS j+j-, j+j+, jzjz, ETC TREATED AS ONE-BODY OPERATORS WITH UU+VV PAIRING FACTORS



 S. P. LEVEL   EQP       U     V        (UU + VV)**1.00

     25       4.114    0.116 0.993      1.000 1.000 0.999 0.980 0.971 0.971 0.910 0.893 0.720 0.441 0.379 0.345 0.297 0.290 0.248
     26       3.535    0.136 0.991      1.000 1.000 1.000 0.983 0.975 0.975 0.918 0.901 0.734 0.459 0.397 0.363 0.316 0.309 0.267
     27       2.983    0.161 0.987      0.999 1.000 1.000 0.988 0.981 0.981 0.928 0.912 0.751 0.482 0.420 0.387 0.341 0.333 0.292
     28       1.597    0.313 0.950      0.980 0.983 0.988 1.000 0.999 0.999 0.975 0.965 0.845 0.613 0.557 0.526 0.483 0.476 0.438
     29       1.447    0.351 0.936      0.971 0.975 0.981 0.999 1.000 1.000 0.983 0.975 0.865 0.643 0.589 0.559 0.517 0.511 0.473
     30       1.445    0.351 0.936      0.971 0.975 0.981 0.999 1.000 1.000 0.983 0.975 0.866 0.644 0.590 0.560 0.518 0.511 0.473
     31       1.073    0.518 0.856      0.910 0.918 0.928 0.975 0.983 0.983 1.000 0.999 0.943 0.774 0.728 0.703 0.666 0.661 0.628
     32       1.033    0.551 0.834      0.893 0.901 0.912 0.965 0.975 0.975 0.999 1.000 0.956 0.798 0.755 0.731 0.696 0.690 0.658
     33       0.969    0.773 0.634      0.720 0.734 0.751 0.845 0.865 0.866 0.943 0.956 1.000 0.940 0.915 0.900 0.877 0.873 0.851
     34       1.510    0.943 0.334      0.441 0.459 0.482 0.613 0.643 0.644 0.774 0.798 0.940 1.000 0.998 0.994 0.988 0.987 0.979
     35       1.839    0.963 0.268      0.379 0.397 0.420 0.557 0.589 0.590 0.728 0.755 0.915 0.998 1.000 0.999 0.996 0.996 0.991
     36       2.097    0.972 0.233      0.345 0.363 0.387 0.526 0.559 0.560 0.703 0.731 0.900 0.994 0.999 1.000 0.999 0.998 0.995
     37       2.623    0.983 0.184      0.297 0.316 0.341 0.483 0.517 0.518 0.666 0.696 0.877 0.988 0.996 0.999 1.000 1.000 0.999
     38       2.733    0.984 0.177      0.290 0.309 0.333 0.476 0.511 0.511 0.661 0.690 0.873 0.987 0.996 0.998 1.000 1.000 0.999
     39       3.580    0.991 0.134      0.248 0.267 0.292 0.438 0.473 0.473 0.628 0.658 0.851 0.979 0.991 0.995 0.999 0.999 1.000

  R CORE   ENERGY   A0R/A00=1.000    R3= 0     2  
   2( 1)    0.732                    1.000 0.000
   2( 2)  487.921                    0.000 1.000

  R CORE   ENERGY   A0R/A00=1.000    R3= 0     2  
   3( 1)  488.652                    0.000 1.000

  R CORE   ENERGY   A0R/A00=1.000    R3= 0     2     4  
   4( 1)    2.438                    1.000 0.000 0.000

  R CORE   ENERGY   A0R/A00=1.000    R3= 0     2     4  
   5( 1)  490.847                    0.000 1.000 0.000

  R CORE   ENERGY   A0R/A00=1.000    R3= 0     2     4     6  
   6( 1)    5.121                    1.000 0.000 0.000 0.000

  R CORE   ENERGY   A0R/A00=1.000    R3= 0     2     4     6  
   7( 1)  494.017                    0.000 1.000 0.000 0.000

          AXIAL SYMMETRY => K RESTRICTED TO OMEGA

                     K
     S.P. ORB#: 25  0.50
     S.P. ORB#: 26  2.50
     S.P. ORB#: 27 -3.50
     S.P. ORB#: 28  0.50
     S.P. ORB#: 29 -1.50
     S.P. ORB#: 30 -3.50
     S.P. ORB#: 31  4.50
     S.P. ORB#: 32  0.50
     S.P. ORB#: 33 -1.50
     S.P. ORB#: 34  2.50
     S.P. ORB#: 35 -1.50
     S.P. ORB#: 36  2.50
     S.P. ORB#: 37 -3.50
     S.P. ORB#: 38  0.50
     S.P. ORB#: 39  0.50
 

             ENERGY    K= OMEGA
 
 I=  1/2- (1)  2.769  28:-0.991
                      38:-0.128
 
 I=  1/2- (2)  3.052  25:-0.067
                      28: 0.126
                      38:-0.990
 
 I=  1/2- (3)  5.578  25: 0.997
                      38:-0.062
 
 I=  1/2- (4)  6.365  32: 0.630
                      39:-0.777
 
 I=  1/2- (5)  9.282  32:-0.777
                      39:-0.630

             ENERGY    K= OMEGA
 
 I=  3/2- (1)  2.292  25: 0.108
                      28: 0.378
                      29: 0.241
                      35: 0.881
                      38:-0.107
 
 I=  3/2- (2)  2.626  25:-0.070
                      28: 0.309
                      29:-0.936
                      35: 0.139
                      38: 0.060
 
 I=  3/2- (3)  2.972  25:-0.218
                      28:-0.814
                      29:-0.170
                      35: 0.452
                      38: 0.238
 
 I=  3/2- (4)  3.779  25:-0.149
                      28:-0.205
                      29:-0.114
                      38:-0.960
 
 I=  3/2- (5)  4.725  32: 0.820
                      33: 0.369
                      39:-0.438

             ENERGY    K= OMEGA
 
 I=  5/2- (1)  2.412  25:-0.181
                      28: 0.343
                      29: 0.532
                      35:-0.354
                      36:-0.653
                      38: 0.124
 
 I=  5/2- (2)  2.914  25: 0.122
                      26:-0.054
                      28: 0.054
                      29:-0.535
                      35:-0.811
                      38:-0.184
 
 I=  5/2- (3)  3.040  25: 0.181
                      28:-0.499
                      29:-0.290
                      35: 0.261
                      36:-0.727
                      38:-0.193
 
 I=  5/2- (4)  3.877  25:-0.159
                      28:-0.051
                      29: 0.310
                      36: 0.108
                      38:-0.929
 
 I=  5/2- (5)  4.161  25:-0.091
                      28: 0.762
                      29:-0.440
                      35: 0.380
                      36:-0.178
                      38:-0.204

             ENERGY    K= OMEGA
 
 I=  7/2- (1)  2.207  26: 0.215
                      27:-0.064
                      30:-0.973
 
 I=  7/2- (2)  3.095  28: 0.310
                      29:-0.432
                      35: 0.474
                      36:-0.699
 
 I=  7/2- (3)  3.210  32:-0.743
                      33:-0.566
                      34:-0.330
                      37:-0.130
                      39: 0.052
 
 I=  7/2- (4)  3.345  25:-0.291
                      28:-0.520
                      29:-0.503
                      35:-0.523
                      36:-0.268
                      38: 0.207
 
 I=  7/2- (5)  4.209  26:-0.059
                      27:-0.113
                      28:-0.539
                      29: 0.638
                      35: 0.171
                      36:-0.507

             ENERGY    K= OMEGA
 
 I=  9/2- (1)  1.893  26: 0.065
                      27:-0.227
                      30: 0.182
                      31: 0.954
 
 I=  9/2- (2)  3.116  26:-0.293
                      27:-0.095
                      29:-0.074
                      30:-0.928
                      31: 0.173
                      36: 0.073
 
 I=  9/2- (3)  3.449  25:-0.332
                      28: 0.454
                      29: 0.608
                      30:-0.092
                      35:-0.290
                      36:-0.429
                      38: 0.188
 
 I=  9/2- (4)  4.462  32: 0.242
                      33:-0.607
                      34: 0.646
                      37:-0.394
 
 I=  9/2- (5)  4.645  25: 0.200
                      26:-0.073
                      27: 0.073
                      28:-0.077
                      29:-0.398
                      35:-0.703
                      36:-0.453
                      38:-0.290

             ENERGY    K= OMEGA
 
 I= 11/2- (1)  2.398  32:-0.690
                      33:-0.577
                      34:-0.390
                      37:-0.191
 
 I= 11/2- (2)  2.913  26: 0.109
                      27: 0.306
                      30:-0.253
                      31: 0.911
 
 I= 11/2- (3)  4.256  26: 0.345
                      27:-0.126
                      29:-0.071
                      30:-0.889
                      31:-0.245
                      36:-0.074
 
 I= 11/2- (4)  5.001  28: 0.354
                      29:-0.485
                      35: 0.476
                      36:-0.636
 
 I= 11/2- (5)  5.183  25:-0.384
                      28:-0.568
                      29:-0.502
                      30: 0.106
                      35:-0.409
                      36:-0.215
                      38: 0.228

             ENERGY    K= OMEGA
 
 I= 13/2- (1)  4.153  26: 0.148
                      27:-0.355
                      30: 0.301
                      31: 0.872
 
 I= 13/2- (2)  4.631  32: 0.227
                      33:-0.586
                      34: 0.654
                      37:-0.420
 
 I= 13/2- (3)  5.332  25:-0.411
                      26: 0.064
                      28: 0.474
                      29: 0.605
                      30: 0.147
                      35:-0.231
                      36:-0.345
                      38: 0.202
 
 I= 13/2- (4)  5.645  25:-0.072
                      26:-0.376
                      27:-0.151
                      28: 0.106
                      29: 0.076
                      30:-0.844
                      31: 0.297
                      35:-0.105
 
 I= 13/2- (5)  7.331  25: 0.207
                      26:-0.072
                      27: 0.077
                      28:-0.074
                      29:-0.276
                      30: 0.064
                      31: 0.051
                      35:-0.678
                      36:-0.546
                      38:-0.317

             ENERGY     K= 1/2
  35 LEVELS    TIME=  0.0 SEC



 ******************* EXCITATION ENERGIES, DOMINANT CONFIGURATION AND EXPECTATION VALUES (WITH S.P. UU+VV FACTORS) *******************

  NR  Eex(keV)  I   Kdom  NY    <Jz>  <Jx**2> <Jy**2> <Jz**2> <I.j>/|I|  <Rx**2> <Ry**2> <Rz**2> <R.j>/|R|  <HROTx> <HROTy> <HROTz>

   1    0.0   9/2-   9/2  31    3.81    2.58    2.58   19.51    4.39       2.86    2.86    0.00   -1.18      0.349   0.349   0.000
   2  313.8   7/2-  -7/2  30   -3.21    2.31    2.31   11.95    3.39       2.70    2.70    0.00   -1.34      0.329   0.329   0.000
   3  399.7   3/2-  -3/2  35   -1.17    2.06    2.06    1.92    1.52       1.95    1.95   -0.00   -1.57      0.237   0.237  -0.000
   4  505.3  11/2-   1/2  32   -0.01   25.84   25.84    2.27    6.64       5.13    5.13    0.00   -4.44      0.626   0.626   0.000
   5  519.6   5/2-   5/2  36    0.54    3.28    3.28    3.62    2.49       2.11    2.11   -0.00   -1.38      0.257   0.257  -0.000
  
   6  733.7   3/2-  -3/2  29   -1.29    4.60    4.60    2.04    1.46       4.67    4.67    0.00   -2.75      0.570   0.570   0.000
   7  876.3   1/2-   1/2  28    0.50    4.57    4.57    0.25    0.41       4.72    4.72    0.00   -2.94      0.575   0.575   0.000
   8 1020.5  11/2-   9/2  31    3.22    2.84    2.84   18.82    3.93       6.59    6.59    0.00   -0.27      0.804   0.804   0.000
   9 1021.6   5/2-  -3/2  35   -1.38    2.21    2.21    2.16    1.04       4.59    4.59   -0.00   -1.16      0.559   0.559  -0.000
  10 1079.4   3/2-   1/2  28    0.03    3.61    3.61    0.72    0.59       4.70    4.70   -0.00   -2.21      0.573   0.573  -0.000
  
  11 1147.2   5/2-   5/2  36    1.25    3.08    3.08    3.73    1.69       4.30    4.30    0.00   -1.66      0.525   0.525   0.000
  12 1158.8   1/2-   1/2  38    0.50    1.44    1.44    0.25    0.68       1.35    1.35    0.00   -1.55      0.165   0.165   0.000
  13 1202.4   7/2-   5/2  36    0.65    2.71    2.71    4.04    1.91       5.01    5.01    0.00   -0.59      0.611   0.611   0.000
  14 1223.4   9/2-  -7/2  30   -2.69    2.45    2.45   11.86    2.95       6.08    6.08    0.00   -0.60      0.741   0.741   0.000
  15 1317.2   7/2-   1/2  32    0.01   25.12   25.12    1.75    6.35       8.66    8.66    0.00   -6.43      1.056   1.056   0.000
  
  16 1452.7   7/2-  -3/2  35   -0.42    3.09    3.09    1.77    1.52       5.83    5.83   -0.00   -0.56      0.710   0.710  -0.000
  17 1556.7   9/2-  -3/2  29   -0.07    4.32    4.32    2.39    2.38       6.06    6.06   -0.00    0.23      0.739   0.739  -0.000
  18 1886.4   3/2-   1/2  38    0.47    1.63    1.63    0.28   -0.41       4.43    4.43    0.00   -1.45      0.540   0.540   0.000
  19 1984.3   5/2-   1/2  38    0.33    1.74    1.74    0.52    0.43       5.10    5.10    0.00   -0.85      0.622   0.622   0.000
  20 2260.7  13/2-   9/2  31    2.72    3.06    3.06   18.19    3.62      11.28   11.28    0.00    0.20      1.375   1.375   0.000
  
  21 2268.3   5/2-   1/2  28   -0.11    4.07    4.07    1.12   -0.39      10.14   10.14   -0.00   -2.31      1.236   1.236  -0.000
  22 2316.0   7/2-  -3/2  29    0.10    3.63    3.63    2.84    0.66      10.30   10.30    0.00   -1.65      1.256   1.256   0.000
  23 2362.9  11/2-  -7/2  30   -2.25    2.55    2.55   11.89    2.66      10.47   10.47    0.00   -0.24      1.276   1.276   0.000
  24 2569.0   9/2-   5/2  34   -0.02   25.52   25.52    5.36    5.68      12.33   12.33    0.00   -5.67      1.503   1.503   0.000
  25 2737.9  13/2-   5/2  34   -0.04   25.50   25.50    5.62    5.71      12.85   12.85    0.00   -3.31      1.567   1.567   0.000
  
  26 2751.8   9/2-  -3/2  35   -0.41    2.23    2.23    2.91    1.06      10.81   10.81   -0.00   -0.46      1.318   1.318  -0.000
  27 2832.1   3/2-   1/2  32    0.23   19.40   19.40    0.52    4.32      13.17   13.17    0.00   -6.03      1.606   1.606   0.000
  28 3108.6  11/2-   5/2  36    0.39    2.97    2.97    3.69    1.62      13.02   13.02   -0.00    0.01      1.588   1.588  -0.000
  29 3289.9  11/2-   1/2  28   -0.29    3.48    3.48    1.51    1.55      12.84   12.84   -0.00    0.16      1.566   1.566  -0.000
  30 3439.3  13/2-  -3/2  29   -0.18    4.70    4.70    2.11    2.41      13.29   13.29   -0.00    1.03      1.620   1.620  -0.000
  
  31 3685.5   1/2-   1/2  25    0.50    6.14    6.14    0.25    0.68       6.05    6.05    0.00   -3.43      0.737   0.737   0.000
  32 3752.4  13/2-  -7/2  30   -1.84    2.70    2.70   11.73    2.44      15.92   15.92    0.00   -0.02      1.940   1.940   0.000
  33 4471.8   1/2-   1/2  39    0.50   13.22   13.22    0.25   -2.13      15.56   15.56    0.00   -5.11      1.897   1.897   0.000
  34 5438.7  13/2-  -3/2  35    0.01    2.10    2.10    3.31    0.95      21.52   21.52    0.00   -0.14      2.624   2.624   0.000
  35 7389.5   1/2-   1/2  32    0.50   26.06   26.06    0.25   -3.61      29.69   29.69    0.00   -7.20      3.620   3.620   0.000
  
