1SPECTRUM OF (Z= 82 A=207) IN PARTICLE-ROTOR  MODEL WITH MODIFIED OSCILLATOR POTENTIAL


 PARITY=-   EPS= 0.436   GAMMA=  3.5   EPS4=0.000   EPS6=0.000   LEVELS:  26  27  28  29  30  31  32  33  34  35  36  37  38  39  40

 PAIRING FACTORS: GN0= 19.20  GN1=  7.40  IPAIR= 15 ***  E2PLUS(INPUT)=   0.730  E2PLUR(INPUT)=   0.000

 CORIOLIS ATTENUATION PARAMETERS:  CHSI=1.000  ETA=  1.00

 MOMENT OF INERTIA PARAMETERS:   A1=  0.130 MEV   A2=  0.113 MEV   A3= 23.90165 MEV


 DELTA=0.838 MEV  LAMBDA=53.4932 MEV   HW0= 7.5907 MEV   LAMBDA/HW0= 7.0472

 E2ENERGY=0.730 MEV  HBAR**2/B=34908./A**(7/3)=5901.2/A**2 MEV

 IREC=0  =>  RECOIL TERMS j+j-, j+j+, jzjz, ETC TREATED AS ONE-BODY OPERATORS WITH UU+VV PAIRING FACTORS



 S. P. LEVEL   EQP       U     V        (UU + VV)**1.00

     26       3.055    0.139 0.990      1.000 1.000 0.999 0.995 0.955 0.900 0.733 0.707 0.409 0.376 0.338 0.299 0.270 0.243 0.238
     27       2.706    0.157 0.988      1.000 1.000 1.000 0.997 0.961 0.908 0.745 0.720 0.425 0.393 0.356 0.316 0.288 0.261 0.256
     28       2.389    0.178 0.984      0.999 1.000 1.000 0.998 0.966 0.917 0.760 0.735 0.445 0.413 0.376 0.337 0.309 0.282 0.277
     29       1.849    0.233 0.972      0.995 0.997 0.998 1.000 0.979 0.938 0.795 0.772 0.494 0.463 0.427 0.389 0.361 0.335 0.330
     30       1.089    0.425 0.905      0.955 0.961 0.966 0.979 1.000 0.989 0.901 0.885 0.660 0.633 0.601 0.568 0.543 0.519 0.514
     31       0.906    0.556 0.831      0.900 0.908 0.917 0.938 0.989 1.000 0.956 0.945 0.766 0.742 0.715 0.685 0.663 0.642 0.637
     32       0.856    0.775 0.631      0.733 0.745 0.760 0.795 0.901 0.956 1.000 0.999 0.920 0.906 0.888 0.868 0.853 0.838 0.835
     33       0.871    0.798 0.603      0.707 0.720 0.735 0.772 0.885 0.945 0.999 1.000 0.934 0.921 0.904 0.886 0.872 0.858 0.855
     34       1.568    0.961 0.278      0.409 0.425 0.445 0.494 0.660 0.766 0.920 0.934 1.000 0.999 0.997 0.993 0.989 0.985 0.984
     35       1.771    0.970 0.244      0.376 0.393 0.413 0.463 0.633 0.742 0.906 0.921 0.999 1.000 0.999 0.997 0.994 0.990 0.989
     36       2.093    0.979 0.205      0.338 0.356 0.376 0.427 0.601 0.715 0.888 0.904 0.997 0.999 1.000 0.999 0.997 0.995 0.994
     37       2.597    0.987 0.164      0.299 0.316 0.337 0.389 0.568 0.685 0.868 0.886 0.993 0.997 0.999 1.000 1.000 0.998 0.998
     38       3.156    0.991 0.134      0.270 0.288 0.309 0.361 0.543 0.663 0.853 0.872 0.989 0.994 0.997 1.000 1.000 1.000 0.999
     39       3.964    0.994 0.106      0.243 0.261 0.282 0.335 0.519 0.642 0.838 0.858 0.985 0.990 0.995 0.998 1.000 1.000 1.000
     40       4.180    0.995 0.101      0.238 0.256 0.277 0.330 0.514 0.637 0.835 0.855 0.984 0.989 0.994 0.998 0.999 1.000 1.000

  R CORE   ENERGY   A0R/A00=1.000    R3= 0     2  
   2( 1)    0.730                    1.000-0.000
   2( 2)   95.850                    0.000 1.000

  R CORE   ENERGY   A0R/A00=1.000    R3= 0     2  
   3( 1)   96.580                    0.000 1.000

  R CORE   ENERGY   A0R/A00=1.000    R3= 0     2     4  
   4( 1)    2.433                    1.000-0.001 0.000

  R CORE   ENERGY   A0R/A00=1.000    R3= 0     2     4  
   5( 1)   98.770                    0.000 1.000-0.000

  R CORE   ENERGY   A0R/A00=1.000    R3= 0     2     4     6  
   6( 1)    5.109                    1.000-0.003 0.000-0.000

  R CORE   ENERGY   A0R/A00=1.000    R3= 0     2     4     6  
   7( 1)  101.933                    0.000 1.000-0.001 0.000
 

             ENERGY     K= 1/2
 
 I=  1/2- (1)  4.180  30:-0.087
                      32:-0.892
                      37:-0.428
                      38:-0.110
 
 I=  1/2- (2)  5.052  28: 0.119
                      31:-0.814
                      33: 0.568
 
 I=  1/2- (3)  7.218  30:-0.070
                      32:-0.437
                      37: 0.856
                      38: 0.269
 
 I=  1/2- (4) 87.174  34:-0.110
                      39:-0.993
 
 I=  1/2- (5) 96.724  28:-0.277
                      29:-0.111
                      31: 0.516
                      33: 0.803

             ENERGY     K= 1/2  -3/2
 
 I=  3/2- (1)  4.343  30:-0.107-0.001
                      32:-0.958-0.004
                      37: 0.055 0.073
                      38: 0.037-0.240
 
 I=  3/2- (2)  5.086  28:-0.076 0.017
                      29:-0.020 0.092
                      31: 0.521-0.435
                      33:-0.364-0.626

             ENERGY     K= 5/2   1/2  -3/2
 
 I=  5/2- (1)  4.213  27: 0.000 0.024-0.059
                      30:-0.053-0.075 0.001
                      32: 0.006-0.797 0.004
                      37:-0.001-0.511-0.078
                      38:-0.000-0.137 0.256
 
 I=  5/2- (2)  4.938  28:-0.987 0.003 0.002
                      31:-0.105-0.019-0.062
                      33: 0.054 0.013-0.089
 
 I=  5/2- (3)  5.681  28:-0.105-0.061-0.019
                      29: 0.001-0.016-0.102
                      31:-0.011 0.418 0.482
                      33: 0.006-0.292 0.694
 
 I=  5/2- (4)  6.267  28: 0.036-0.102 0.012
                      29:-0.000-0.027 0.061
                      31: 0.004 0.698-0.291
                      33:-0.002-0.487-0.418
 
 I=  5/2- (5)  6.593  27:-0.002 0.001 0.502
                      30: 0.849 0.003 0.002
                      32:-0.095-0.003 0.016
                      37: 0.019-0.120-0.008

             ENERGY     K= 5/2   1/2  -3/2  -7/2
 
 I=  7/2- (1)  3.534  28:-0.177 0.000-0.000 0.000
                      34: 0.000 0.000 0.000-0.982
                      39:-0.000-0.000-0.000 0.062
 
 I=  7/2- (2)  4.295  28:-0.134 0.000-0.000 0.007
                      29: 0.002 0.000-0.001 0.982
                      31:-0.014-0.001 0.005 0.088
                      33: 0.007 0.001 0.007 0.081
 
 I=  7/2- (3)  4.453  27: 0.000 0.026 0.175 0.001
                      30:-0.182-0.100-0.000-0.000
                      32: 0.020-0.859-0.002-0.000
                      35:-0.000 0.001 0.031 0.070
                      37:-0.004 0.212 0.105-0.003
                      38:-0.001 0.082-0.346 0.006
 
 I=  7/2- (4)  5.874  28:-0.941 0.012-0.005-0.001
                      29: 0.012 0.003-0.025-0.137
                      31:-0.100-0.077 0.118-0.013
                      33: 0.051 0.054 0.170-0.013
                      34: 0.000 0.000 0.002 0.170
 
 I=  7/2- (5)  6.049  27:-0.001 0.009-0.407-0.004
                      30: 0.715-0.024-0.002 0.000
                      32:-0.080-0.215-0.015 0.001
                      35: 0.000 0.000 0.013-0.502
                      38: 0.005 0.018-0.105-0.042

             ENERGY     K= 9/2   5/2   1/2  -3/2  -7/2
 
 I=  9/2- (1)  4.115  28:-0.000-0.134 0.000 0.000-0.002
                      29: 0.000 0.002 0.000 0.001-0.319
                      34: 0.000 0.000-0.000-0.000 0.433
                      36: 0.831-0.000-0.000 0.000-0.001
 
 I=  9/2- (2)  4.652  28:-0.000-0.208 0.000 0.000 0.001
                      29: 0.000 0.003 0.000 0.001 0.186
                      34:-0.000 0.000 0.000-0.001 0.864
                      36:-0.414 0.000-0.000 0.000-0.002
                      39: 0.003-0.000-0.000 0.001-0.054
 
 I=  9/2- (3)  4.926  27:-0.000-0.000-0.020 0.212 0.002
                      30: 0.001 0.287 0.065-0.000-0.000
                      32:-0.000-0.032 0.697-0.000-0.000
                      35:-0.000 0.000 0.009 0.027 0.186
                      37:-0.000 0.006 0.469 0.093-0.008
                      38:-0.000 0.002 0.127-0.308 0.016
                      40: 0.078-0.002 0.001 0.000 0.000
 
 I=  9/2- (4)  5.531  28:-0.000-0.209 0.001 0.000-0.006
                      29: 0.000 0.003 0.000 0.003-0.898
                      31: 0.000-0.022-0.002-0.010-0.081
                      33:-0.000 0.011 0.002-0.015-0.074
                      36:-0.368 0.001-0.000 0.000 0.000
 
 I=  9/2- (5)  5.730  27:-0.000-0.001 0.009 0.335 0.005
                      30: 0.002 0.587-0.023 0.002-0.000
                      32:-0.000-0.066-0.276 0.013-0.001
                      35:-0.000 0.000-0.005-0.012 0.546
                      37:-0.000 0.013-0.269-0.031-0.022
                      38:-0.000 0.004-0.076 0.100 0.045
                      40: 0.267-0.004-0.000-0.000 0.000

             ENERGY     K= 9/2   5/2   1/2  -3/2  -7/2 -11/2
 
 I= 11/2- (1)  4.686  26: 0.000 0.000-0.000 0.000 0.001-0.996
                      36: 0.074-0.000-0.000-0.000 0.000 0.000
 
 I= 11/2- (2)  5.020  27: 0.000 0.001 0.018 0.333 0.003 0.000
                      30:-0.001-0.433-0.076 0.000-0.000-0.000
                      32: 0.000 0.049-0.642 0.004-0.000-0.000
                      35: 0.000-0.000 0.001 0.026 0.321 0.000
                      37: 0.000-0.010 0.211 0.091-0.013-0.000
                      38: 0.000-0.003 0.077-0.302 0.027 0.000
                      40:-0.164 0.002-0.000 0.000 0.000 0.000
 
 I= 11/2- (3)  5.212  26:-0.000-0.000 0.000-0.000-0.003-0.080
                      28: 0.000 0.177-0.000 0.000-0.003-0.000
                      29:-0.000-0.002-0.000 0.002-0.385-0.002
                      34:-0.000-0.000-0.000-0.000 0.460-0.002
                      36:-0.774 0.000 0.000 0.000-0.001 0.000
 
 I= 11/2- (4)  5.963  28:-0.000-0.242 0.001-0.000-0.002-0.000
                      29: 0.000 0.003 0.000-0.002-0.258-0.000
                      34:-0.000 0.000 0.000 0.001-0.832 0.000
                      36:-0.421 0.000-0.000-0.000 0.002-0.000
                      39: 0.004-0.000-0.000-0.001 0.052-0.000
 
 I= 11/2- (5)  6.129  27:-0.000-0.001 0.019-0.188-0.005-0.000
                      30: 0.003 0.428-0.063-0.001 0.000 0.000
                      32:-0.000-0.048-0.536-0.011 0.001 0.000
                      35:-0.000 0.000 0.001 0.024-0.527-0.001
                      37:-0.000 0.009 0.180 0.075 0.021 0.000
                      38:-0.000 0.003 0.065-0.246-0.043-0.000
                      40: 0.321-0.003-0.000 0.000-0.000-0.000

             ENERGY     K=13/2   9/2   5/2   1/2  -3/2  -7/2 -11/2
 
 I= 13/2- (1)  5.813  27:-0.000-0.000-0.001-0.007 0.374 0.005 0.000
                      30:-0.000 0.002 0.570 0.030 0.001-0.000-0.000
                      32: 0.000-0.000-0.065 0.311 0.008-0.001-0.000
                      35: 0.000-0.000 0.000 0.003 0.013 0.523 0.001
                      37: 0.000-0.000 0.012 0.168 0.053-0.021-0.000
                      38:-0.000-0.000 0.004 0.044-0.175 0.043 0.000
                      40:-0.000 0.308-0.003 0.000 0.000 0.000 0.000
 
 I= 13/2- (2)  6.258  26: 0.000-0.000 0.000-0.000-0.000-0.001 0.980
                      29: 0.000 0.000 0.000 0.000 0.000-0.076 0.022
                      34:-0.000 0.000 0.000-0.000-0.000 0.070 0.024
                      36:-0.000 0.164-0.000-0.000 0.000-0.000-0.000
 
 I= 13/2- (3)  6.567  26: 0.000-0.000-0.000 0.000 0.000 0.002 0.194
                      28:-0.000 0.000 0.207-0.001-0.000 0.003 0.000
                      29: 0.000-0.000-0.003-0.000-0.002 0.415 0.004
                      34: 0.000-0.000-0.000 0.000 0.001-0.466 0.005
                      36: 0.001-0.725 0.001 0.000-0.000 0.001-0.000
 
 I= 13/2- (4)  6.972  27: 0.000 0.000 0.000-0.019-0.057-0.003-0.000
                      30: 0.000-0.002-0.184 0.059-0.001 0.000 0.000
                      32:-0.000 0.000 0.021 0.652-0.009 0.000 0.000
                      35:-0.000 0.000-0.000 0.010 0.029-0.310-0.000
                      37:-0.000 0.000-0.005 0.514 0.095 0.012 0.000
                      38: 0.000 0.000-0.002 0.141-0.311-0.025-0.000
                      40: 0.000-0.215 0.002 0.001 0.000-0.000-0.000
 
 I= 13/2- (5)  7.502  28:-0.000 0.000 0.271-0.001-0.001-0.002-0.000
                      29: 0.000-0.000-0.003-0.000-0.002-0.297-0.001
                      34:-0.000 0.000-0.000-0.000 0.001-0.809 0.000
                      36:-0.000 0.421-0.000 0.000-0.000 0.002-0.000
                      39: 0.000-0.004 0.000 0.000-0.001 0.051-0.000

             ENERGY     K=13/2   9/2   5/2   1/2  -3/2  -7/2 -11/2
  32 LEVELS    TIME=  0.0 SEC



 ******************* EXCITATION ENERGIES, DOMINANT CONFIGURATION AND EXPECTATION VALUES (WITH S.P. UU+VV FACTORS) *******************

  NR  Eex(keV)  I   Kdom  NY    <Jz>  <Jx**2> <Jy**2> <Jz**2> <I.j>/|I|  <Rx**2> <Ry**2> <Rz**2> <R.j>/|R|  <HROTx> <HROTy> <HROTz>

   1    0.0   7/2-   7/2  34   -3.30    2.42    2.36   12.06    3.18       3.66    3.63    0.04   -1.55      0.477   0.410   1.043
   2  581.4   9/2-   9/2  36    2.12    3.00    2.76   17.54    3.95       4.44    4.25    0.05   -1.23      0.579   0.481   1.081
   3  646.7   1/2-   1/2  32    0.50   12.29   12.22    0.26    1.43      11.53   11.51    0.01   -4.90      1.502   1.300   0.171
   4  679.8   5/2-   1/2  32    0.35   12.77   12.56    0.42    2.27      10.58   10.46    0.01   -4.15      1.379   1.182   0.126
   5  761.3   7/2-   7/2  29   -3.38    6.36    6.13   12.09    3.11       7.93    7.71    0.02   -3.09      1.033   0.872   0.545
  
   6  809.2   3/2-   1/2  32    0.37   13.85   14.42    0.40    2.09      11.90   12.42    0.02   -4.99      1.551   1.404   0.373
   7  919.6   7/2-   1/2  32    0.23   15.59   16.24    0.85    3.27      10.94   11.48    0.02   -4.16      1.426   1.298   0.412
   8 1118.1   9/2-   7/2  34   -1.87    2.51    2.43   13.33    2.77       7.69    7.72    0.04   -1.14      1.002   0.872   1.067
   9 1152.6  11/2-  11/2  26   -5.44    2.77    2.73   30.12    5.05       5.51    5.47    0.01   -1.64      0.717   0.618   0.305
  10 1392.2   9/2-   1/2  32    0.25   14.89   14.70    1.59    3.08      12.70   12.58    0.01   -3.15      1.655   1.421   0.183
  
  11 1404.6   5/2-   5/2  28    2.45    6.00    6.21    6.22    2.12       7.19    7.39    0.03   -3.18      0.936   0.836   0.816
  12 1486.7  11/2-   1/2  32    0.15   18.95   19.34    3.60    4.45      11.99   12.44    0.02   -3.09      1.563   1.406   0.444
  13 1518.4   1/2-   1/2  31    0.46    5.02    5.17    0.33    0.04       5.44    5.62    0.12   -3.13      0.709   0.636   2.790
  14 1552.3   3/2-   3/2  33   -0.67    4.93    5.30    1.46    1.13       5.28    5.66    0.12   -2.86      0.687   0.639   2.853
  15 1678.0  11/2-   9/2  36    1.45    3.26    3.03   16.85    3.40       9.19    9.06    0.04   -0.67      1.198   1.024   1.031
  
  16 1997.5   9/2-   7/2  29   -2.14    5.83    5.60   13.00    2.47      12.44   12.17    0.03   -2.45      1.622   1.375   0.641
  17 2147.7   5/2-   3/2  33   -0.91    4.92    5.34    1.79    0.83       7.64    8.15    0.12   -2.41      0.995   0.921   2.846
  18 2196.9   9/2-   5/2  30    0.03   21.21   20.89    7.60    4.56      14.43   14.64    0.02   -5.01      1.880   1.654   0.372
  19 2279.8  13/2-   5/2  30    0.09   21.66   21.38    7.74    5.06      14.24   14.59    0.02   -2.88      1.856   1.649   0.420
  20 2340.1   7/2-   5/2  28    2.02    5.87    6.07    6.33    1.47      11.08   11.25    0.04   -2.63      1.444   1.272   0.901
  
  21 2429.0  11/2-   7/2  34   -1.72    2.66    2.58   13.28    2.35      13.00   13.10    0.04   -0.87      1.694   1.481   1.053
  22 2515.3   7/2-   5/2  30    0.16   22.53   22.47    6.75    4.28      16.64   16.90    0.02   -6.00      2.169   1.910   0.420
  23 2595.1  11/2-   1/2  32   -0.04   19.63   19.52    6.98    4.14      15.90   16.41    0.02   -3.76      2.073   1.854   0.418
  24 2724.5  13/2-  11/2  26   -5.20    2.79    2.74   29.70    4.30      12.00   11.98    0.01   -1.07      1.564   1.354   0.328
  25 2733.7   5/2-   1/2  31   -0.04    4.98    5.22    0.84   -0.20      10.26   10.58    0.12   -2.54      1.338   1.195   2.820
  
  26 3033.9  13/2-   9/2  36    0.88    3.42    3.20   16.77    3.04      14.83   14.80    0.04   -0.40      1.933   1.672   0.979
  27 3059.1   5/2-   5/2  30    1.45   23.10   23.20    5.12    3.80      18.70   18.97    0.02   -6.55      2.437   2.144   0.491
  28 3438.0  13/2-   1/2  32    0.15   14.66   14.28    2.75    2.84      20.34   20.40    0.01   -1.86      2.651   2.305   0.156
  29 3684.0   1/2-   1/2  37    0.51   16.95   17.73    0.27   -1.19      18.45   19.29    0.01   -5.86      2.404   2.180   0.335
  30 3968.0  13/2-   7/2  34   -1.63    2.79    2.72   13.20    2.06      19.25   19.46    0.04   -0.70      2.508   2.199   1.041
  
  3183640.7   1/2-   1/2  39   -0.92    2.65    1.02    2.30   -0.27       2.79    0.94    3.46   -2.31      0.363   0.106  82.773
  3293190.1   1/2-   1/2  33   -1.19    4.99    5.38    2.50   -0.79       5.34    5.71    3.95   -3.50      0.696   0.645  94.373
