1SPECTRUM OF (Z= 82 A=207) IN PARTICLE-ROTOR  MODEL WITH MODIFIED OSCILLATOR POTENTIAL


 PARITY=-   EPS= 0.366   GAMMA=  0.0   EPS4=0.000   EPS6=0.000   LEVELS:  24  25  26  27  28  29  30  31  32  33  34  35  36  37  38

 PAIRING FACTORS: GN0= 19.20  GN1=  7.40  IPAIR= 15 ***  E2PLUS(INPUT)=   0.730  E2PLUR(INPUT)=   0.000

 CORIOLIS ATTENUATION PARAMETERS:  CHSI=1.000  ETA=  1.00

 MOMENT OF INERTIA PARAMETERS:   A1=  0.122 MEV   A2=  0.122 MEV   A3=121.91924 MEV


 DELTA=0.879 MEV  LAMBDA=53.4194 MEV   HW0= 7.5342 MEV   LAMBDA/HW0= 7.0903

 E2ENERGY=0.730 MEV  HBAR**2/B=24838./A**(7/3)=4198.8/A**2 MEV

 IREC=0  =>  RECOIL TERMS j+j-, j+j+, jzjz, ETC TREATED AS ONE-BODY OPERATORS WITH UU+VV PAIRING FACTORS



 S. P. LEVEL   EQP       U     V        (UU + VV)**1.00

     24       4.267    0.104 0.995      1.000 1.000 0.999 0.997 0.996 0.982 0.948 0.923 0.725 0.713 0.507 0.341 0.312 0.253 0.239
     25       4.217    0.105 0.994      1.000 1.000 0.999 0.997 0.997 0.982 0.948 0.923 0.725 0.714 0.508 0.342 0.313 0.254 0.240
     26       2.960    0.150 0.989      0.999 0.999 1.000 0.999 0.999 0.990 0.962 0.940 0.756 0.746 0.547 0.385 0.357 0.298 0.285
     27       2.449    0.182 0.983      0.997 0.997 0.999 1.000 1.000 0.994 0.970 0.951 0.777 0.767 0.574 0.415 0.387 0.329 0.316
     28       2.400    0.186 0.982      0.996 0.997 0.999 1.000 1.000 0.994 0.971 0.952 0.780 0.770 0.577 0.418 0.391 0.333 0.320
     29       1.581    0.291 0.957      0.982 0.982 0.990 0.994 0.994 1.000 0.991 0.979 0.842 0.834 0.661 0.513 0.487 0.432 0.419
     30       1.165    0.415 0.910      0.948 0.948 0.962 0.970 0.971 0.991 1.000 0.997 0.906 0.899 0.755 0.622 0.598 0.547 0.536
     31       1.046    0.479 0.878      0.923 0.923 0.940 0.951 0.952 0.979 0.997 1.000 0.934 0.928 0.800 0.677 0.654 0.606 0.595
     32       0.890    0.760 0.649      0.725 0.725 0.756 0.777 0.780 0.842 0.906 0.934 1.000 1.000 0.961 0.895 0.881 0.850 0.842
     33       0.895    0.771 0.637      0.713 0.714 0.746 0.767 0.770 0.834 0.899 0.928 1.000 1.000 0.966 0.902 0.888 0.858 0.851
     34       1.164    0.910 0.415      0.507 0.508 0.547 0.574 0.577 0.661 0.755 0.800 0.961 0.966 1.000 0.983 0.977 0.962 0.958
     35       1.874    0.970 0.242      0.341 0.342 0.385 0.415 0.418 0.513 0.622 0.677 0.895 0.902 0.983 1.000 1.000 0.996 0.994
     36       2.119    0.977 0.212      0.312 0.313 0.357 0.387 0.391 0.487 0.598 0.654 0.881 0.888 0.977 1.000 1.000 0.998 0.997
     37       2.944    0.989 0.151      0.253 0.254 0.298 0.329 0.333 0.432 0.547 0.606 0.850 0.858 0.962 0.996 0.998 1.000 1.000
     38       3.229    0.991 0.137      0.239 0.240 0.285 0.316 0.320 0.419 0.536 0.595 0.842 0.851 0.958 0.994 0.997 1.000 1.000

  R CORE   ENERGY   A0R/A00=1.000    R3= 0     2  
   2( 1)    0.732                    1.000 0.000
   2( 2)  487.921                    0.000 1.000

  R CORE   ENERGY   A0R/A00=1.000    R3= 0     2  
   3( 1)  488.652                    0.000 1.000

  R CORE   ENERGY   A0R/A00=1.000    R3= 0     2     4  
   4( 1)    2.438                    1.000 0.000 0.000

  R CORE   ENERGY   A0R/A00=1.000    R3= 0     2     4  
   5( 1)  490.847                    0.000 1.000 0.000

  R CORE   ENERGY   A0R/A00=1.000    R3= 0     2     4     6  
   6( 1)    5.121                    1.000 0.000 0.000 0.000

  R CORE   ENERGY   A0R/A00=1.000    R3= 0     2     4     6  
   7( 1)  494.017                    0.000 1.000 0.000 0.000

          AXIAL SYMMETRY => K RESTRICTED TO OMEGA

                     K
     S.P. ORB#: 24  0.50
     S.P. ORB#: 25 -5.50
     S.P. ORB#: 26  2.50
     S.P. ORB#: 27  0.50
     S.P. ORB#: 28 -3.50
     S.P. ORB#: 29 -1.50
     S.P. ORB#: 30  0.50
     S.P. ORB#: 31 -1.50
     S.P. ORB#: 32  2.50
     S.P. ORB#: 33 -3.50
     S.P. ORB#: 34  4.50
     S.P. ORB#: 35  0.50
     S.P. ORB#: 36 -3.50
     S.P. ORB#: 37 -1.50
     S.P. ORB#: 38  2.50
 

             ENERGY    K= OMEGA
 
 I=  1/2- (1)  2.438  30: 0.999
 
 I=  1/2- (2)  5.261  27:-0.279
                      35: 0.960
 
 I=  1/2- (3)  5.902  24: 0.999
 
 I=  1/2- (4)  8.949  27:-0.960
                      35:-0.279
 
 I=  1/2- (5)147.349  31: 1.000

             ENERGY    K= OMEGA
 
 I=  3/2- (1)  2.321  24: 0.074
                      30:-0.278
                      31: 0.958
 
 I=  3/2- (2)  2.511  24:-0.202
                      30:-0.915
                      31:-0.247
                      37:-0.247

             ENERGY    K= OMEGA
 
 I=  5/2- (1)  2.484  24:-0.259
                      30: 0.463
                      31: 0.812
                      37:-0.096
                      38:-0.221
 
 I=  5/2- (2)  3.374  24: 0.054
                      26: 0.060
                      30:-0.761
                      31: 0.460
                      37: 0.425
                      38:-0.146
 
 I=  5/2- (3)  3.927  24:-0.100
                      26: 0.075
                      30: 0.185
                      31: 0.144
                      37: 0.468
                      38: 0.843
 
 I=  5/2- (4)  4.515  26:-0.223
                      30:-0.359
                      31: 0.259
                      37:-0.734
                      38: 0.464
 
 I=  5/2- (5)  4.763  26: 0.970
                      30:-0.060
                      37:-0.228
                      38: 0.057

             ENERGY    K= OMEGA
 
 I=  7/2- (1)  1.741  26: 0.171
                      33:-0.984
 
 I=  7/2- (2)  3.321  24: 0.144
                      30:-0.262
                      31: 0.874
                      37:-0.106
                      38: 0.365
 
 I=  7/2- (3)  3.484  24:-0.305
                      30:-0.858
                      31:-0.236
                      37:-0.336
 
 I=  7/2- (4)  3.856  27:-0.659
                      29:-0.587
                      32:-0.431
                      36:-0.191
 
 I=  7/2- (5)  4.274  26:-0.201
                      28:-0.962
                      30:-0.061
                      31: 0.070
                      37: 0.064
                      38:-0.144

             ENERGY    K= OMEGA
 
 I=  9/2- (1)  2.085  26:-0.084
                      28: 0.168
                      33:-0.317
                      34:-0.930
 
 I=  9/2- (2)  2.765  26:-0.231
                      28:-0.095
                      31:-0.055
                      33:-0.912
                      34: 0.316
                      38: 0.053
 
 I=  9/2- (3)  3.565  24:-0.372
                      30: 0.500
                      31: 0.716
                      33:-0.072
                      37:-0.159
                      38:-0.263
 
 I=  9/2- (4)  4.683  27:-0.212
                      29: 0.550
                      32:-0.683
                      36: 0.431
 
 I=  9/2- (5)  5.238  26: 0.101
                      30:-0.654
                      31: 0.497
                      33:-0.056
                      37: 0.502
                      38:-0.240

             ENERGY    K= OMEGA
 
 I= 11/2- (1)  3.208  26:-0.138
                      28:-0.227
                      33: 0.413
                      34:-0.871
 
 I= 11/2- (2)  3.253  27:-0.643
                      29:-0.582
                      32:-0.439
                      35:-0.066
                      36:-0.225
 
 I= 11/2- (3)  4.018  26:-0.269
                      28: 0.142
                      31: 0.071
                      33: 0.853
                      34: 0.411
                      38: 0.069
 
 I= 11/2- (4)  5.236  24:-0.281
                      31:-0.855
                      33: 0.101
                      37: 0.060
                      38:-0.417
 
 I= 11/2- (5)  5.351  24:-0.300
                      30:-0.860
                      37:-0.393
                      38: 0.118

             ENERGY    K= OMEGA
 
 I= 13/2- (1)  4.556  26: 0.183
                      28:-0.266
                      33: 0.468
                      34: 0.821
 
 I= 13/2- (2)  5.176  27:-0.214
                      29: 0.551
                      32:-0.675
                      36: 0.442
 
 I= 13/2- (3)  5.425  24:-0.303
                      26: 0.218
                      28: 0.144
                      30: 0.336
                      31: 0.482
                      33: 0.560
                      34:-0.347
                      37:-0.102
                      38:-0.222
 
 I= 13/2- (4)  5.603  24:-0.321
                      26:-0.199
                      28:-0.112
                      30: 0.380
                      31: 0.465
                      33:-0.584
                      34: 0.316
                      37:-0.145
                      38:-0.148
 
 I= 13/2- (5)  7.147  25:-0.999

             ENERGY     K= 5/2
  32 LEVELS    TIME=  0.0 SEC



 ******************* EXCITATION ENERGIES, DOMINANT CONFIGURATION AND EXPECTATION VALUES (WITH S.P. UU+VV FACTORS) *******************

  NR  Eex(keV)  I   Kdom  NY    <Jz>  <Jx**2> <Jy**2> <Jz**2> <I.j>/|I|  <Rx**2> <Ry**2> <Rz**2> <R.j>/|R|  <HROTx> <HROTy> <HROTz>

   1    0.0   7/2-  -7/2  33   -3.32    2.31    2.31   12.06    3.28       3.20    3.20   -0.00   -1.45      0.391   0.391  -0.000
   2  343.3   9/2-   9/2  34    3.46    2.51    2.51   19.12    4.17       3.69    3.69   -0.00   -1.24      0.450   0.450  -0.001
   3  580.1   3/2-  -3/2  31   -1.33    4.89    4.89    2.08    1.39       5.12    5.12    0.00   -2.87      0.624   0.624   0.000
   4  696.7   1/2-   1/2  30    0.50    4.91    4.91    0.25    0.25       5.19    5.19   -0.00   -3.06      0.633   0.633  -0.000
   5  742.5   5/2-  -3/2  31   -0.74    5.02    5.02    1.88    2.01       4.39    4.39   -0.00   -2.02      0.535   0.535  -0.000
  
   6  769.7   3/2-   1/2  30    0.26    4.49    4.49    0.49    1.04       4.59    4.59    0.00   -2.46      0.559   0.559   0.000
   7 1023.2   9/2-  -7/2  33   -2.36    2.39    2.39   12.67    2.83       7.02    7.02   -0.00   -0.90      0.856   0.856  -0.000
   8 1466.7  11/2-   9/2  34    2.68    2.69    2.69   18.21    3.60       8.16    8.16   -0.00   -0.51      0.995   0.995  -0.001
   9 1512.0  11/2-   1/2  27    0.00   23.53   23.53    2.70    6.18       5.82    5.82    0.00   -3.76      0.709   0.709   0.000
  10 1579.4   7/2-  -3/2  31   -0.79    4.58    4.58    2.63    1.52       7.73    7.73    0.00   -1.46      0.943   0.943   0.000
  
  11 1632.4   5/2-   1/2  30   -0.23    4.14    4.14    1.19    0.51       7.60    7.60    0.00   -2.04      0.926   0.926   0.000
  12 1742.8   7/2-   1/2  30    0.16    4.33    4.33    0.60    1.26       7.52    7.52    0.00   -1.10      0.916   0.916   0.000
  13 1823.8   9/2-  -3/2  31   -0.46    5.14    5.14    1.81    2.18       7.57    7.57    0.00   -0.32      0.923   0.923   0.000
  14 2114.9   7/2-   1/2  27    0.04   23.22   23.22    2.49    6.07       8.23    8.23    0.00   -6.12      1.004   1.004   0.000
  15 2185.3   5/2-   5/2  38    1.45    2.02    2.02    5.02    1.81       3.56    3.56    0.00   -1.39      0.434   0.434   0.000
  
  16 2276.2  11/2-  -7/2  33   -1.67    2.47    2.47   13.09    2.52      11.82   11.82   -0.00   -0.61      1.441   1.441  -0.000
  17 2532.7   7/2-  -7/2  28   -3.10    6.09    6.09   11.75    3.09       7.56    7.56    0.00   -3.00      0.922   0.922   0.000
  18 2773.2   5/2-  -3/2  37   -0.18    2.77    2.77    3.05    0.35       7.65    7.65   -0.00   -1.94      0.932   0.932  -0.000
  19 2815.0  13/2-   9/2  34    2.09    2.85    2.85   17.45    3.21      13.53   13.53   -0.00   -0.14      1.650   1.650  -0.001
  20 2942.1   9/2-   5/2  32    0.08   24.04   24.04    5.89    5.20      13.48   13.48    0.00   -5.41      1.643   1.643   0.000
  
  21 3022.0   5/2-   5/2  26    2.28    5.81    5.81    6.02    1.95       7.42    7.42    0.00   -3.08      0.905   0.905   0.000
  22 3435.1  13/2-   5/2  32    0.02   24.04   24.04    5.93    5.15      15.44   15.44    0.00   -3.25      1.883   1.883   0.000
  23 3494.4  11/2-  -3/2  31   -0.66    4.49    4.49    2.92    1.55      14.56   14.56    0.00   -0.49      1.775   1.775   0.000
  24 3496.7   9/2-   1/2  30   -0.38    3.76    3.76    1.70    0.52      14.40   14.40   -0.00   -1.24      1.756   1.756  -0.000
  25 3519.5   1/2-   1/2  35    0.50   12.25   12.25    0.25   -1.10      13.71   13.71    0.00   -4.91      1.671   1.671   0.000
  
  26 3609.7  11/2-   1/2  30    0.22    4.23    4.23    0.66    1.28      14.77   14.77   -0.00   -0.27      1.800   1.800  -0.000
  27 3684.1  13/2-  -7/2  33   -0.65    3.87    3.87    7.75    2.34      15.81   15.81   -0.00    0.14      1.928   1.928  -0.000
  28 3861.5  13/2-  -7/2  33   -0.87    3.96    3.96    7.35    2.20      16.67   16.67    0.00    0.01      2.032   2.032   0.000
  29 4160.3   1/2-   1/2  24    0.50    6.80    6.80    0.25    0.65       6.73    6.73   -0.00   -3.62      0.821   0.821  -0.000
  30 5405.7  13/2- -11/2  25   -5.48    2.75    2.75   30.21    4.32      12.04   12.04    0.00   -1.13      1.468   1.468   0.000
  
  31 7207.3   1/2-   1/2  27    0.50   23.33   23.33    0.25   -3.47      26.84   26.84    0.00   -6.81      3.272   3.272   0.000
  32*******   1/2-  -3/2  31    0.00    0.00    0.00    0.00   -0.00       0.00    0.00    0.00   -0.00      0.000   0.000   0.000
