1SPECTRUM OF (Z= 82 A=207) IN PARTICLE-ROTOR  MODEL WITH MODIFIED OSCILLATOR POTENTIAL


 PARITY=-   EPS= 0.354   GAMMA=  0.0   EPS4=0.000   EPS6=0.000   LEVELS:  24  25  26  27  28  29  30  31  32  33  34  35  36  37  38

 PAIRING FACTORS: GN0= 19.20  GN1=  7.40  IPAIR= 15 ***  E2PLUS(INPUT)=   0.730  E2PLUR(INPUT)=   0.000

 CORIOLIS ATTENUATION PARAMETERS:  CHSI=1.000  ETA=  1.00

 MOMENT OF INERTIA PARAMETERS:   A1=  0.122 MEV   A2=  0.122 MEV   A3=121.91922 MEV


 DELTA=0.893 MEV  LAMBDA=53.3872 MEV   HW0= 7.5257 MEV   LAMBDA/HW0= 7.0940

 E2ENERGY=0.730 MEV  HBAR**2/B=23236./A**(7/3)=3928.0/A**2 MEV

 IREC=0  =>  RECOIL TERMS j+j-, j+j+, jzjz, ETC TREATED AS ONE-BODY OPERATORS WITH UU+VV PAIRING FACTORS



 S. P. LEVEL   EQP       U     V        (UU + VV)**1.00

     24       4.395    0.102 0.995      1.000 1.000 0.999 0.997 0.994 0.970 0.953 0.931 0.778 0.662 0.561 0.313 0.306 0.262 0.247
     25       4.240    0.106 0.994      1.000 1.000 0.999 0.997 0.994 0.971 0.954 0.932 0.780 0.665 0.564 0.317 0.309 0.266 0.251
     26       3.037    0.149 0.989      0.999 0.999 1.000 0.999 0.998 0.981 0.966 0.947 0.806 0.697 0.600 0.357 0.350 0.307 0.292
     27       2.477    0.183 0.983      0.997 0.997 0.999 1.000 1.000 0.987 0.975 0.958 0.827 0.721 0.627 0.390 0.383 0.340 0.326
     28       2.179    0.209 0.978      0.994 0.994 0.998 1.000 1.000 0.991 0.980 0.965 0.841 0.740 0.648 0.414 0.407 0.365 0.351
     29       1.399    0.339 0.941      0.970 0.971 0.981 0.987 0.991 1.000 0.998 0.992 0.906 0.823 0.744 0.533 0.527 0.487 0.474
     30       1.221    0.399 0.917      0.953 0.954 0.966 0.975 0.980 0.998 1.000 0.998 0.932 0.858 0.786 0.586 0.580 0.542 0.529
     31       1.096    0.458 0.889      0.931 0.932 0.947 0.958 0.965 0.992 0.998 1.000 0.953 0.890 0.825 0.638 0.632 0.596 0.584
     32       0.893    0.705 0.709      0.778 0.780 0.806 0.827 0.841 0.906 0.932 0.953 1.000 0.986 0.957 0.841 0.836 0.811 0.801
     33       0.943    0.813 0.582      0.662 0.665 0.697 0.721 0.740 0.823 0.858 0.890 0.986 1.000 0.992 0.919 0.916 0.897 0.890
     34       1.069    0.881 0.474      0.561 0.564 0.600 0.627 0.648 0.744 0.786 0.825 0.957 0.992 1.000 0.962 0.960 0.946 0.941
     35       2.130    0.977 0.215      0.313 0.317 0.357 0.390 0.414 0.533 0.586 0.638 0.841 0.919 0.962 1.000 1.000 0.999 0.998
     36       2.203    0.978 0.207      0.306 0.309 0.350 0.383 0.407 0.527 0.580 0.632 0.836 0.916 0.960 1.000 1.000 0.999 0.998
     37       2.785    0.987 0.162      0.262 0.266 0.307 0.340 0.365 0.487 0.542 0.596 0.811 0.897 0.946 0.999 0.999 1.000 1.000
     38       3.068    0.989 0.147      0.247 0.251 0.292 0.326 0.351 0.474 0.529 0.584 0.801 0.890 0.941 0.998 0.998 1.000 1.000

  R CORE   ENERGY   A0R/A00=1.000    R3= 0     2  
   2( 1)    0.732                    1.000 0.000
   2( 2)  487.921                    0.000 1.000

  R CORE   ENERGY   A0R/A00=1.000    R3= 0     2  
   3( 1)  488.652                    0.000 1.000

  R CORE   ENERGY   A0R/A00=1.000    R3= 0     2     4  
   4( 1)    2.438                    1.000 0.000 0.000

  R CORE   ENERGY   A0R/A00=1.000    R3= 0     2     4  
   5( 1)  490.847                    0.000 1.000 0.000

  R CORE   ENERGY   A0R/A00=1.000    R3= 0     2     4     6  
   6( 1)    5.121                    1.000 0.000 0.000 0.000

  R CORE   ENERGY   A0R/A00=1.000    R3= 0     2     4     6  
   7( 1)  494.017                    0.000 1.000 0.000 0.000

          AXIAL SYMMETRY => K RESTRICTED TO OMEGA

                     K
     S.P. ORB#: 24 -5.50
     S.P. ORB#: 25  0.50
     S.P. ORB#: 26  2.50
     S.P. ORB#: 27 -3.50
     S.P. ORB#: 28  0.50
     S.P. ORB#: 29 -1.50
     S.P. ORB#: 30  0.50
     S.P. ORB#: 31 -1.50
     S.P. ORB#: 32 -3.50
     S.P. ORB#: 33  2.50
     S.P. ORB#: 34  4.50
     S.P. ORB#: 35  0.50
     S.P. ORB#: 36 -3.50
     S.P. ORB#: 37 -1.50
     S.P. ORB#: 38  2.50
 

             ENERGY    K= OMEGA
 
 I=  1/2- (1)  2.482  30: 0.999
 
 I=  1/2- (2)  5.513  28:-0.311
                      35: 0.951
 
 I=  1/2- (3)  5.852  25: 0.999
 
 I=  1/2- (4)  8.838  28:-0.951
                      35:-0.311
 
 I=  1/2- (5)147.399  31:-1.000

             ENERGY    K= OMEGA
 
 I=  3/2- (1)  2.359  25: 0.080
                      30:-0.258
                      31: 0.962
 
 I=  3/2- (2)  2.538  25:-0.203
                      30:-0.908
                      31:-0.219
                      37:-0.293

             ENERGY    K= OMEGA
 
 I=  5/2- (1)  2.504  25:-0.262
                      30: 0.461
                      31: 0.804
                      37:-0.109
                      38:-0.247
 
 I=  5/2- (2)  3.373  26: 0.062
                      30:-0.721
                      31: 0.450
                      37: 0.500
                      38:-0.146
 
 I=  5/2- (3)  3.773  25:-0.110
                      26: 0.055
                      30: 0.223
                      31: 0.154
                      37: 0.434
                      38: 0.850
 
 I=  5/2- (4)  4.402  26:-0.121
                      30:-0.420
                      31: 0.291
                      37:-0.727
                      38: 0.441
 
 I=  5/2- (5)  4.831  26: 0.989
                      37:-0.141

             ENERGY    K= OMEGA
 
 I=  7/2- (1)  1.722  26:-0.180
                      32: 0.982
 
 I=  7/2- (2)  3.332  25: 0.143
                      30:-0.258
                      31: 0.856
                      37:-0.125
                      38: 0.402
 
 I=  7/2- (3)  3.499  25:-0.309
                      30:-0.840
                      31:-0.246
                      37:-0.370
 
 I=  7/2- (4)  3.733  28: 0.683
                      29: 0.585
                      33: 0.400
                      36: 0.176
 
 I=  7/2- (5)  4.335  26:-0.207
                      27:-0.938
                      30:-0.096
                      31: 0.110
                      37: 0.105
                      38:-0.210

             ENERGY    K= OMEGA
 
 I=  9/2- (1)  1.982  26: 0.081
                      27:-0.175
                      32: 0.288
                      34: 0.938
 
 I=  9/2- (2)  2.719  26: 0.244
                      27: 0.093
                      31: 0.051
                      32: 0.919
                      34:-0.286
 
 I=  9/2- (3)  3.570  25:-0.374
                      30: 0.498
                      31: 0.708
                      32:-0.065
                      37:-0.171
                      38:-0.278
 
 I=  9/2- (4)  4.664  28:-0.217
                      29: 0.554
                      33:-0.676
                      36: 0.434
 
 I=  9/2- (5)  5.223  26: 0.098
                      30:-0.616
                      31: 0.489
                      32:-0.056
                      37: 0.561
                      38:-0.229

             ENERGY    K= OMEGA
 
 I= 11/2- (1)  3.095  26:-0.135
                      27:-0.237
                      32: 0.385
                      34:-0.881
 
 I= 11/2- (2)  3.116  28:-0.659
                      29:-0.580
                      33:-0.421
                      35:-0.061
                      36:-0.218
 
 I= 11/2- (3)  3.948  26:-0.285
                      27: 0.138
                      31: 0.065
                      32: 0.862
                      34: 0.384
                      38: 0.065
 
 I= 11/2- (4)  5.239  25: 0.265
                      31: 0.841
                      32:-0.091
                      37:-0.093
                      38: 0.449
 
 I= 11/2- (5)  5.358  25: 0.320
                      30: 0.843
                      37: 0.415
                      38:-0.106

             ENERGY    K= OMEGA
 
 I= 13/2- (1)  4.430  26: 0.181
                      27:-0.277
                      32: 0.444
                      34: 0.832
 
 I= 13/2- (2)  5.128  28: 0.216
                      29:-0.549
                      33: 0.671
                      36:-0.449
 
 I= 13/2- (3)  5.369  25: 0.220
                      26:-0.273
                      27:-0.162
                      30:-0.237
                      31:-0.356
                      32:-0.693
                      34: 0.388
                      37: 0.067
                      38: 0.182
 
 I= 13/2- (4)  5.562  25: 0.386
                      26: 0.152
                      27: 0.073
                      30:-0.447
                      31:-0.561
                      32: 0.434
                      34:-0.219
                      37: 0.173
                      38: 0.205
 
 I= 13/2- (5)  7.325  24: 0.999

             ENERGY     K= 5/2
  32 LEVELS    TIME=  0.0 SEC



 ******************* EXCITATION ENERGIES, DOMINANT CONFIGURATION AND EXPECTATION VALUES (WITH S.P. UU+VV FACTORS) *******************

  NR  Eex(keV)  I   Kdom  NY    <Jz>  <Jx**2> <Jy**2> <Jz**2> <I.j>/|I|  <Rx**2> <Ry**2> <Rz**2> <R.j>/|R|  <HROTx> <HROTy> <HROTz>

   1    0.0   7/2-  -7/2  32   -3.30    2.31    2.31   12.05    3.30       3.09    3.09    0.00   -1.43      0.377   0.377   0.000
   2  260.7   9/2-   9/2  34    3.58    2.52    2.52   19.25    4.21       3.58    3.58   -0.00   -1.25      0.436   0.436  -0.000
   3  637.2   3/2-  -3/2  31   -1.35    4.83    4.83    2.10    1.39       5.06    5.06    0.00   -2.85      0.617   0.617   0.000
   4  760.0   1/2-   1/2  30    0.50    4.87    4.87    0.25    0.26       5.14    5.14    0.00   -3.04      0.627   0.627   0.000
   5  781.9   5/2-  -3/2  31   -0.69    4.94    4.94    1.93    2.06       4.20    4.20    0.00   -1.98      0.512   0.512   0.000
  
   6  816.7   3/2-   1/2  30    0.23    4.35    4.35    0.52    1.10       4.36    4.36    0.00   -2.40      0.532   0.532   0.000
   7  997.8   9/2-  -7/2  32   -2.46    2.40    2.40   12.50    2.85       6.82    6.82    0.00   -0.84      0.832   0.832   0.000
   8 1373.5  11/2-   9/2  34    2.82    2.71    2.71   18.37    3.65       7.94    7.94    0.00   -0.49      0.968   0.968   0.000
   9 1394.7  11/2-   1/2  28   -0.01   23.80   23.80    2.56    6.21       5.82    5.82   -0.00   -3.82      0.709   0.709  -0.000
  10 1610.8   7/2-  -3/2  31   -0.68    4.45    4.45    2.75    1.57       7.45    7.45    0.00   -1.40      0.908   0.908   0.000
  
  11 1651.1   5/2-   1/2  30   -0.35    3.86    3.86    1.30    0.60       7.11    7.11    0.00   -1.92      0.867   0.867   0.000
  12 1777.0   7/2-   1/2  30    0.11    4.20    4.20    0.66    1.29       7.30    7.30    0.00   -1.03      0.890   0.890   0.000
  13 1848.0   9/2-  -3/2  31   -0.42    5.07    5.07    1.83    2.21       7.39    7.39    0.00   -0.26      0.901   0.901   0.000
  14 2011.8   7/2-   1/2  28    0.01   23.46   23.46    2.27    6.09       8.28    8.28   -0.00   -6.14      1.010   1.010  -0.000
  15 2050.9   5/2-   5/2  38    1.53    2.07    2.07    5.03    1.80       3.62    3.62    0.00   -1.42      0.442   0.442   0.000
  
  16 2226.8  11/2-  -7/2  32   -1.80    2.48    2.48   12.87    2.55      11.53   11.53    0.00   -0.54      1.406   1.406   0.000
  17 2613.9   7/2-  -7/2  27   -2.89    5.91    5.91   11.38    3.01       7.52    7.52    0.00   -2.90      0.917   0.917   0.000
  18 2680.2   5/2-  -3/2  37   -0.31    2.83    2.83    2.73    0.16       8.10    8.10    0.00   -1.97      0.988   0.988   0.000
  19 2708.2  13/2-   9/2  34    2.23    2.89    2.89   17.60    3.27      13.20   13.20   -0.00   -0.10      1.609   1.609  -0.000
  20 2942.4   9/2-   5/2  33    0.05   24.23   24.23    5.87    5.24      13.47   13.47   -0.00   -5.44      1.643   1.643  -0.000
  
  21 3109.2   5/2-   5/2  26    2.42    5.95    5.95    6.16    2.04       7.38    7.38    0.00   -3.13      0.900   0.900   0.000
  22 3406.4  13/2-   5/2  33   -0.01   24.22   24.22    5.97    5.19      15.32   15.32    0.00   -3.28      1.868   1.868   0.000
  23 3501.4   9/2-   1/2  30   -0.50    3.51    3.51    1.78    0.55      14.04   14.04    0.00   -1.15      1.712   1.712   0.000
  24 3517.2  11/2-  -3/2  31   -0.56    4.37    4.37    3.02    1.57      14.40   14.40    0.00   -0.45      1.756   1.756   0.000
  25 3636.4  11/2-   1/2  30    0.17    4.11    4.11    0.69    1.31      14.50   14.50    0.00   -0.20      1.768   1.768   0.000
  
  26 3647.4  13/2-  -7/2  32   -0.97    3.24    3.24   10.25    2.36      16.24   16.24    0.00   -0.04      1.980   1.980   0.000
  27 3791.8   1/2-   1/2  35    0.50   12.29   12.29    0.25   -1.23      13.86   13.86   -0.00   -4.92      1.689   1.689  -0.000
  28 3840.3  13/2-  -3/2  31   -0.64    4.56    4.56    4.63    2.23      15.69   15.69    0.00    0.32      1.913   1.913   0.000
  29 4130.8   1/2-   1/2  25    0.50    6.71    6.71    0.25    0.66       6.64    6.64    0.00   -3.59      0.809   0.809   0.000
  30 5603.4  13/2- -11/2  24   -5.49    2.75    2.75   30.21    4.32      12.04   12.04    0.00   -1.13      1.468   1.468   0.001
  
  31 7116.3   1/2-   1/2  28    0.50   23.79   23.79    0.25   -3.51      27.33   27.33    0.00   -6.88      3.332   3.332   0.000
  32*******   1/2-  -3/2  31    0.00    0.00    0.00    0.00   -0.00       0.00    0.00   -0.00   -0.00      0.000   0.000  -0.000
