1SPECTRUM OF (Z= 82 A=207) IN PARTICLE-ROTOR  MODEL WITH MODIFIED OSCILLATOR POTENTIAL


 PARITY=-   EPS= 0.307   GAMMA=  0.0   EPS4=0.000   EPS6=0.000   LEVELS:  25  26  27  28  29  30  31  32  33  34  35  36  37  38  39

 PAIRING FACTORS: GN0= 19.20  GN1=  7.40  IPAIR= 15 ***  E2PLUS(INPUT)=   0.730  E2PLUR(INPUT)=   0.000

 CORIOLIS ATTENUATION PARAMETERS:  CHSI=1.000  ETA=  1.00

 MOMENT OF INERTIA PARAMETERS:   A1=  0.122 MEV   A2=  0.122 MEV   A3=121.91922 MEV


 DELTA=0.945 MEV  LAMBDA=53.2891 MEV   HW0= 7.4957 MEV   LAMBDA/HW0= 7.1093

 E2ENERGY=0.730 MEV  HBAR**2/B=17476./A**(7/3)=2954.2/A**2 MEV

 IREC=0  =>  RECOIL TERMS j+j-, j+j+, jzjz, ETC TREATED AS ONE-BODY OPERATORS WITH UU+VV PAIRING FACTORS



 S. P. LEVEL   EQP       U     V        (UU + VV)**1.00

     25       4.131    0.115 0.993      1.000 1.000 0.998 0.971 0.959 0.957 0.938 0.841 0.815 0.492 0.333 0.308 0.303 0.267 0.265
     26       3.339    0.143 0.990      1.000 1.000 1.000 0.978 0.966 0.965 0.947 0.856 0.831 0.516 0.359 0.335 0.329 0.294 0.292
     27       2.784    0.172 0.985      0.998 1.000 1.000 0.984 0.974 0.972 0.956 0.871 0.847 0.541 0.387 0.363 0.357 0.322 0.321
     28       1.450    0.347 0.938      0.971 0.978 0.984 1.000 0.999 0.998 0.993 0.946 0.929 0.684 0.547 0.525 0.520 0.488 0.486
     29       1.309    0.392 0.920      0.959 0.966 0.974 0.999 1.000 1.000 0.998 0.960 0.946 0.719 0.587 0.566 0.561 0.530 0.528
     30       1.292    0.399 0.917      0.957 0.965 0.972 0.998 1.000 1.000 0.998 0.962 0.948 0.724 0.593 0.571 0.566 0.535 0.534
     31       1.170    0.453 0.892      0.938 0.947 0.956 0.993 0.998 0.998 1.000 0.977 0.965 0.764 0.640 0.619 0.615 0.585 0.584
     32       0.964    0.634 0.774      0.841 0.856 0.871 0.946 0.960 0.962 0.977 1.000 0.999 0.884 0.790 0.773 0.770 0.745 0.744
     33       0.950    0.670 0.742      0.815 0.831 0.847 0.929 0.946 0.948 0.965 0.999 1.000 0.906 0.818 0.803 0.799 0.776 0.775
     34       1.320    0.922 0.388      0.492 0.516 0.541 0.684 0.719 0.724 0.764 0.884 0.906 1.000 0.985 0.980 0.979 0.970 0.970
     35       2.181    0.975 0.222      0.333 0.359 0.387 0.547 0.587 0.593 0.640 0.790 0.818 0.985 1.000 1.000 0.999 0.998 0.997
     36       2.451    0.980 0.197      0.308 0.335 0.363 0.525 0.566 0.571 0.619 0.773 0.803 0.980 1.000 1.000 1.000 0.999 0.999
     37       2.522    0.982 0.191      0.303 0.329 0.357 0.520 0.561 0.566 0.615 0.770 0.799 0.979 0.999 1.000 1.000 0.999 0.999
     38       3.100    0.988 0.154      0.267 0.294 0.322 0.488 0.530 0.535 0.585 0.745 0.776 0.970 0.998 0.999 0.999 1.000 1.000
     39       3.134    0.988 0.153      0.265 0.292 0.321 0.486 0.528 0.534 0.584 0.744 0.775 0.970 0.997 0.999 0.999 1.000 1.000

  R CORE   ENERGY   A0R/A00=1.000    R3= 0     2  
   2( 1)    0.732                    1.000 0.000
   2( 2)  487.921                    0.000 1.000

  R CORE   ENERGY   A0R/A00=1.000    R3= 0     2  
   3( 1)  488.652                    0.000 1.000

  R CORE   ENERGY   A0R/A00=1.000    R3= 0     2     4  
   4( 1)    2.438                    1.000 0.000 0.000

  R CORE   ENERGY   A0R/A00=1.000    R3= 0     2     4  
   5( 1)  490.847                    0.000 1.000 0.000

  R CORE   ENERGY   A0R/A00=1.000    R3= 0     2     4     6  
   6( 1)    5.121                    1.000 0.000 0.000 0.000

  R CORE   ENERGY   A0R/A00=1.000    R3= 0     2     4     6  
   7( 1)  494.017                    0.000 1.000 0.000 0.000

          AXIAL SYMMETRY => K RESTRICTED TO OMEGA

                     K
     S.P. ORB#: 25  0.50
     S.P. ORB#: 26  2.50
     S.P. ORB#: 27 -3.50
     S.P. ORB#: 28  0.50
     S.P. ORB#: 29 -1.50
     S.P. ORB#: 30  0.50
     S.P. ORB#: 31 -3.50
     S.P. ORB#: 32 -1.50
     S.P. ORB#: 33  4.50
     S.P. ORB#: 34  2.50
     S.P. ORB#: 35 -1.50
     S.P. ORB#: 36  2.50
     S.P. ORB#: 37 -3.50
     S.P. ORB#: 38  0.50
     S.P. ORB#: 39  0.50
 

             ENERGY    K= OMEGA
 
 I=  1/2- (1)  2.655  28:-0.998
                      38:-0.056
 
 I=  1/2- (2)  3.428  25:-0.069
                      28: 0.053
                      38:-0.996
 
 I=  1/2- (3)  5.654  25: 0.997
                      38:-0.067
 
 I=  1/2- (4)  6.222  30:-0.534
                      39: 0.845
 
 I=  1/2- (5)  8.893  30:-0.845
                      39:-0.534

             ENERGY    K= OMEGA
 
 I=  3/2- (1)  2.463  25:-0.175
                      28:-0.377
                      29:-0.714
                      35:-0.547
                      38: 0.136
 
 I=  3/2- (2)  2.541  28:-0.641
                      29: 0.656
                      35:-0.395

             ENERGY    K= OMEGA
 
 I=  5/2- (1)  2.491  25:-0.240
                      28: 0.430
                      29: 0.711
                      35:-0.206
                      36:-0.432
                      38: 0.153
 
 I=  5/2- (2)  3.140  25: 0.079
                      26:-0.061
                      28: 0.196
                      29:-0.464
                      35:-0.804
                      36:-0.273
                      38:-0.123
 
 I=  5/2- (3)  3.258  25: 0.132
                      28:-0.522
                      35: 0.204
                      36:-0.808
                      38:-0.116
 
 I=  5/2- (4)  4.112  28:-0.565
                      29: 0.470
                      35:-0.441
                      36: 0.284
                      38:-0.429
 
 I=  5/2- (5)  4.292  25:-0.168
                      28: 0.372
                      29:-0.061
                      35: 0.265
                      36:-0.072
                      38:-0.868

             ENERGY    K= OMEGA
 
 I=  7/2- (1)  1.947  26: 0.206
                      27:-0.057
                      31:-0.976
 
 I=  7/2- (2)  3.263  25: 0.095
                      28:-0.263
                      29: 0.675
                      35:-0.289
                      36: 0.615
 
 I=  7/2- (3)  3.307  30:-0.732
                      32:-0.575
                      34:-0.338
                      37:-0.136
 
 I=  7/2- (4)  3.391  25:-0.303
                      28:-0.677
                      29:-0.380
                      35:-0.511
                      36:-0.052
                      38: 0.198
 
 I=  7/2- (5)  4.276  26: 0.097
                      27: 0.221
                      28: 0.486
                      29:-0.503
                      35:-0.325
                      36: 0.588

             ENERGY    K= OMEGA
 
 I=  9/2- (1)  1.803  26: 0.067
                      27:-0.213
                      31: 0.200
                      33: 0.954
 
 I=  9/2- (2)  2.875  26: 0.282
                      27: 0.091
                      29: 0.055
                      31: 0.931
                      33:-0.194
                      36:-0.052
 
 I=  9/2- (3)  3.471  25:-0.354
                      28: 0.480
                      29: 0.659
                      31:-0.067
                      35:-0.220
                      36:-0.348
                      38: 0.188
 
 I=  9/2- (4)  4.513  30:-0.237
                      32: 0.596
                      34:-0.651
                      37: 0.405
 
 I=  9/2- (5)  4.918  25: 0.145
                      26:-0.101
                      27: 0.106
                      28: 0.075
                      29:-0.383
                      35:-0.767
                      36:-0.405
                      38:-0.223

             ENERGY    K= OMEGA
 
 I= 11/2- (1)  2.574  30:-0.688
                      32:-0.579
                      34:-0.389
                      37:-0.195
                      39:-0.052
 
 I= 11/2- (2)  2.855  26: 0.113
                      27: 0.288
                      31:-0.278
                      33: 0.909
 
 I= 11/2- (3)  4.032  26: 0.332
                      27:-0.126
                      29:-0.063
                      31:-0.889
                      33:-0.273
                      36:-0.063
 
 I= 11/2- (4)  5.134  25:-0.252
                      29:-0.755
                      31: 0.081
                      35: 0.144
                      36:-0.567
                      38: 0.123
 
 I= 11/2- (5)  5.198  25:-0.304
                      28:-0.740
                      29:-0.099
                      35:-0.532
                      36: 0.171
                      38: 0.184

             ENERGY    K= OMEGA
 
 I= 13/2- (1)  4.127  26: 0.155
                      27:-0.335
                      31: 0.331
                      33: 0.868
 
 I= 13/2- (2)  4.790  30: 0.224
                      32:-0.575
                      34: 0.657
                      37:-0.431
 
 I= 13/2- (3)  5.311  25:-0.372
                      26: 0.179
                      27: 0.088
                      28: 0.424
                      29: 0.566
                      31: 0.405
                      33:-0.147
                      35:-0.157
                      36:-0.284
                      38: 0.176
 
 I= 13/2- (4)  5.466  25: 0.208
                      26: 0.319
                      27: 0.133
                      28:-0.257
                      29:-0.284
                      31: 0.751
                      33:-0.295
                      35: 0.139
                      36: 0.105
                      38:-0.097
 
 I= 13/2- (5)  7.636  25: 0.176
                      26:-0.100
                      27: 0.108
                      29:-0.277
                      31: 0.065
                      33: 0.059
                      35:-0.722
                      36:-0.513
                      38:-0.280

             ENERGY     K= 1/2
  32 LEVELS    TIME=  0.0 SEC



 ******************* EXCITATION ENERGIES, DOMINANT CONFIGURATION AND EXPECTATION VALUES (WITH S.P. UU+VV FACTORS) *******************

  NR  Eex(keV)  I   Kdom  NY    <Jz>  <Jx**2> <Jy**2> <Jz**2> <I.j>/|I|  <Rx**2> <Ry**2> <Rz**2> <R.j>/|R|  <HROTx> <HROTy> <HROTz>

   1    0.0   9/2-   9/2  33    3.81    2.56    2.56   19.51    4.34       3.08    3.08    0.00   -1.22      0.375   0.375   0.000
   2  144.3   7/2-  -7/2  31   -3.24    2.31    2.31   11.98    3.38       2.78    2.78    0.00   -1.36      0.339   0.339   0.000
   3  660.0   3/2-  -3/2  29   -1.12    3.32    3.32    1.87    1.57       3.09    3.09   -0.00   -2.20      0.377   0.377  -0.000
   4  688.0   5/2-  -3/2  29   -0.22    4.33    4.33    2.47    2.39       2.87    2.87    0.00   -1.69      0.350   0.350   0.000
   5  738.4   3/2-  -3/2  29   -0.67    4.34    4.34    1.42    1.39       4.23    4.23   -0.00   -2.55      0.516   0.516  -0.000
  
   6  771.4  11/2-   1/2  30   -0.02   25.14   25.14    2.28    6.47       5.48    5.48    0.00   -4.20      0.668   0.668   0.000
   7  851.8   1/2-   1/2  28    0.50    4.69    4.69    0.25    0.34       4.90    4.90    0.00   -2.98      0.597   0.597   0.000
   8 1052.4  11/2-   9/2  33    3.20    2.80    2.80   18.79    3.86       7.00    7.00    0.00   -0.35      0.853   0.853   0.000
   9 1071.7   9/2-  -7/2  31   -2.69    2.43    2.43   12.01    2.93       6.24    6.24    0.00   -0.65      0.760   0.760   0.000
  10 1337.2   5/2-  -3/2  35   -1.07    2.17    2.17    2.44    1.07       4.61    4.61    0.00   -1.19      0.562   0.562   0.000
  
  11 1454.6   5/2-   5/2  36    1.72    2.76    2.76    4.25    1.67       4.33    4.33    0.00   -1.65      0.528   0.528   0.000
  12 1460.2   7/2-  -3/2  29    0.17    3.51    3.51    3.63    1.87       5.78    5.78    0.00   -0.95      0.704   0.704   0.000
  13 1504.5   7/2-   1/2  30   -0.01   24.63   24.63    1.82    6.25       8.60    8.60    0.00   -6.33      1.048   1.048   0.000
  14 1587.7   7/2-   1/2  28   -0.31    3.44    3.44    1.10    1.49       5.96    5.96    0.00   -0.60      0.727   0.727   0.000
  15 1625.4   1/2-   1/2  38    0.50    1.47    1.47    0.25    0.72       1.35    1.35    0.00   -1.56      0.164   0.164   0.000
  
  16 1668.1   9/2-  -3/2  29   -0.24    4.72    4.72    2.01    2.37       6.28    6.28   -0.00    0.10      0.766   0.766  -0.000
  17 2229.0  11/2-  -7/2  31   -2.21    2.53    2.53   12.10    2.64      10.68   10.68    0.00   -0.30      1.303   1.303   0.000
  18 2308.7   5/2-   1/2  28   -0.17    3.50    3.50    1.57   -0.07       8.87    8.87   -0.00   -2.08      1.082   1.082  -0.000
  19 2323.7  13/2-   9/2  33    2.68    3.01    3.01   18.13    3.52      11.85   11.85    0.00    0.09      1.444   1.444   0.000
  20 2473.3   7/2-   5/2  36    0.30    3.25    3.25    3.69    0.84       9.65    9.65    0.00   -1.56      1.177   1.177   0.000
  
  21 2488.8   5/2-   1/2  38    0.36    1.93    1.93    0.44    0.17       6.01    6.01    0.00   -1.09      0.732   0.732   0.000
  22 2710.2   9/2-   5/2  34   -0.02   25.07   25.07    5.48    5.50      12.81   12.81    0.00   -5.58      1.561   1.561   0.000
  23 2987.3  13/2-   5/2  34   -0.04   25.05   25.05    5.74    5.51      13.80   13.80    0.00   -3.30      1.682   1.682   0.000
  24 3114.7   9/2-  -3/2  35   -0.67    2.12    2.12    2.94    0.97      11.16   11.16    0.00   -0.50      1.361   1.361   0.000
  25 3331.4  11/2-  -3/2  29   -0.06    3.81    3.81    3.49    1.70      13.26   13.26    0.00   -0.18      1.617   1.617   0.000
  
  26 3395.5  11/2-   1/2  28   -0.04    3.40    3.40    1.05    1.45      13.15   13.15    0.00    0.15      1.603   1.603   0.000
  27 3508.1  13/2-  -3/2  29   -0.56    4.43    4.43    4.11    2.44      13.82   13.82    0.00    0.77      1.685   1.685   0.000
  28 3662.9  13/2-  -7/2  31   -1.45    3.17    3.17    9.84    2.39      15.81   15.81    0.00    0.08      1.928   1.928   0.000
  29 3851.1   1/2-   1/2  25    0.50    6.37    6.37    0.25    0.67       6.29    6.29    0.00   -3.50      0.767   0.767   0.000
  30 4419.2   1/2-   1/2  39    0.50   12.72   12.72    0.25   -1.84      14.82   14.82    0.00   -5.01      1.807   1.807   0.000
  
  31 5833.1  13/2-  -3/2  35   -0.20    2.06    2.06    3.35    0.91      21.77   21.77    0.00   -0.17      2.654   2.654   0.000
  32 7089.8   1/2-   1/2  30    0.50   25.43   25.43    0.25   -3.57      29.02   29.02    0.00   -7.11      3.538   3.538   0.000
