1SPECTRUM OF (Z= 82 A=207) IN PARTICLE-ROTOR  MODEL WITH MODIFIED OSCILLATOR POTENTIAL


 PARITY=-   EPS= 0.286   GAMMA=  0.0   EPS4=0.000   EPS6=0.000   LEVELS:  24  25  26  27  28  29  30  31  32  33  34  35  36  37  38

 PAIRING FACTORS: GN0= 19.20  GN1=  7.40  IPAIR= 15 ***  E2PLUS(INPUT)=   0.730  E2PLUR(INPUT)=   0.000

 CORIOLIS ATTENUATION PARAMETERS:  CHSI=1.000  ETA=  1.00

 MOMENT OF INERTIA PARAMETERS:   A1=  0.122 MEV   A2=  0.122 MEV   A3=121.91923 MEV


 DELTA=0.951 MEV  LAMBDA=53.3004 MEV   HW0= 7.4839 MEV   LAMBDA/HW0= 7.1220

 E2ENERGY=0.730 MEV  HBAR**2/B=15167./A**(7/3)=2563.9/A**2 MEV

 IREC=0  =>  RECOIL TERMS j+j-, j+j+, jzjz, ETC TREATED AS ONE-BODY OPERATORS WITH UU+VV PAIRING FACTORS



 S. P. LEVEL   EQP       U     V        (UU + VV)**1.00

     24       5.051    0.095 0.996      1.000 1.000 0.999 0.998 0.974 0.964 0.962 0.894 0.891 0.721 0.427 0.352 0.319 0.277 0.266
     25       4.114    0.116 0.993      1.000 1.000 1.000 0.999 0.979 0.969 0.968 0.903 0.901 0.736 0.447 0.372 0.340 0.298 0.287
     26       3.509    0.137 0.991      0.999 1.000 1.000 1.000 0.983 0.974 0.973 0.912 0.909 0.749 0.465 0.391 0.359 0.318 0.307
     27       2.956    0.163 0.987      0.998 0.999 1.000 1.000 0.987 0.980 0.979 0.923 0.920 0.767 0.489 0.416 0.384 0.343 0.332
     28       1.578    0.318 0.948      0.974 0.979 0.983 0.987 1.000 0.999 0.999 0.972 0.971 0.859 0.621 0.555 0.526 0.488 0.478
     29       1.428    0.356 0.934      0.964 0.969 0.974 0.980 0.999 1.000 1.000 0.981 0.980 0.879 0.653 0.588 0.560 0.523 0.513
     30       1.407    0.363 0.932      0.962 0.968 0.973 0.979 0.999 1.000 1.000 0.982 0.981 0.882 0.658 0.594 0.566 0.529 0.519
     31       1.057    0.531 0.847      0.894 0.903 0.912 0.923 0.972 0.981 0.982 1.000 1.000 0.955 0.787 0.734 0.710 0.679 0.670
     32       1.050    0.537 0.844      0.891 0.901 0.909 0.920 0.971 0.980 0.981 1.000 1.000 0.957 0.791 0.739 0.715 0.683 0.675
     33       0.962    0.758 0.652      0.721 0.736 0.749 0.767 0.859 0.879 0.882 0.955 0.957 1.000 0.935 0.903 0.887 0.866 0.860
     34       1.488    0.940 0.340      0.427 0.447 0.465 0.489 0.621 0.653 0.658 0.787 0.791 0.935 1.000 0.997 0.993 0.987 0.985
     35       1.883    0.965 0.262      0.352 0.372 0.391 0.416 0.555 0.588 0.594 0.734 0.739 0.903 0.997 1.000 0.999 0.997 0.996
     36       2.143    0.974 0.228      0.319 0.340 0.359 0.384 0.526 0.560 0.566 0.710 0.715 0.887 0.993 0.999 1.000 0.999 0.998
     37       2.613    0.983 0.185      0.277 0.298 0.318 0.343 0.488 0.523 0.529 0.679 0.683 0.866 0.987 0.997 0.999 1.000 1.000
     38       2.782    0.985 0.174      0.266 0.287 0.307 0.332 0.478 0.513 0.519 0.670 0.675 0.860 0.985 0.996 0.998 1.000 1.000

  R CORE   ENERGY   A0R/A00=1.000    R3= 0     2  
   2( 1)    0.732                    1.000 0.000
   2( 2)  487.921                    0.000 1.000

  R CORE   ENERGY   A0R/A00=1.000    R3= 0     2  
   3( 1)  488.652                    0.000 1.000

  R CORE   ENERGY   A0R/A00=1.000    R3= 0     2     4  
   4( 1)    2.438                    1.000 0.000 0.000

  R CORE   ENERGY   A0R/A00=1.000    R3= 0     2     4  
   5( 1)  490.847                    0.000 1.000 0.000

  R CORE   ENERGY   A0R/A00=1.000    R3= 0     2     4     6  
   6( 1)    5.121                    1.000 0.000 0.000 0.000

  R CORE   ENERGY   A0R/A00=1.000    R3= 0     2     4     6  
   7( 1)  494.017                    0.000 1.000 0.000 0.000

          AXIAL SYMMETRY => K RESTRICTED TO OMEGA

                     K
     S.P. ORB#: 24  2.50
     S.P. ORB#: 25  0.50
     S.P. ORB#: 26  2.50
     S.P. ORB#: 27 -3.50
     S.P. ORB#: 28  0.50
     S.P. ORB#: 29 -1.50
     S.P. ORB#: 30 -3.50
     S.P. ORB#: 31  0.50
     S.P. ORB#: 32  4.50
     S.P. ORB#: 33 -1.50
     S.P. ORB#: 34  2.50
     S.P. ORB#: 35 -1.50
     S.P. ORB#: 36  2.50
     S.P. ORB#: 37 -3.50
     S.P. ORB#: 38  0.50
 

             ENERGY    K= OMEGA
 
 I=  1/2- (1)  2.754  28:-0.994
                      38:-0.107
 
 I=  1/2- (2)  3.101  25:-0.066
                      28: 0.104
                      38:-0.992
 
 I=  1/2- (3)  5.586  25: 0.997
                      38:-0.062
 
 I=  1/2- (4)  8.118  31: 1.000
 
 I=  1/2- (5)147.265  33: 1.000

             ENERGY    K= OMEGA
 
 I=  3/2- (1)  2.324  25: 0.116
                      28: 0.401
                      29: 0.267
                      35: 0.861
                      38:-0.112
 
 I=  3/2- (2)  2.613  25: 0.065
                      28:-0.328
                      29: 0.929
                      35:-0.151
                      38:-0.052

             ENERGY    K= OMEGA
 
 I=  5/2- (1)  2.427  25: 0.194
                      28:-0.359
                      29:-0.574
                      35: 0.326
                      36: 0.616
                      38:-0.133
 
 I=  5/2- (2)  2.927  24:-0.059
                      25: 0.135
                      26:-0.060
                      29:-0.553
                      35:-0.775
                      36:-0.180
                      38:-0.188
 
 I=  5/2- (3)  3.058  25:-0.155
                      28: 0.495
                      29: 0.188
                      35:-0.359
                      36: 0.737
                      38: 0.149
 
 I=  5/2- (4)  3.914  25: 0.144
                      28: 0.122
                      29:-0.325
                      35: 0.070
                      36:-0.118
                      38: 0.916
 
 I=  5/2- (5)  4.150  24: 0.054
                      25: 0.109
                      28:-0.750
                      29: 0.399
                      35:-0.395
                      36: 0.172
                      38: 0.279

             ENERGY    K= OMEGA
 
 I=  7/2- (1)  2.163  26:-0.215
                      27: 0.078
                      30: 0.971
 
 I=  7/2- (2)  3.110  24: 0.058
                      27:-0.083
                      28: 0.283
                      29:-0.505
                      35: 0.420
                      36:-0.689
 
 I=  7/2- (3)  3.226  31: 0.736
                      33: 0.573
                      34: 0.335
                      37: 0.132
 
 I=  7/2- (4)  3.332  24:-0.071
                      25: 0.292
                      27: 0.052
                      28: 0.544
                      29: 0.485
                      30:-0.057
                      35: 0.550
                      36: 0.167
                      38:-0.205
 
 I=  7/2- (5)  4.163  24:-0.147
                      27: 0.135
                      28:-0.524
                      29: 0.576
                      35: 0.152
                      36:-0.573

             ENERGY    K= OMEGA
 
 I=  9/2- (1)  1.851  24: 0.059
                      26:-0.059
                      27: 0.250
                      30:-0.170
                      32:-0.949
 
 I=  9/2- (2)  3.055  24: 0.073
                      25:-0.056
                      26: 0.289
                      27: 0.128
                      28: 0.058
                      29: 0.132
                      30: 0.917
                      32:-0.140
                      36:-0.093
 
 I=  9/2- (3)  3.416  24: 0.086
                      25:-0.331
                      26:-0.054
                      27: 0.052
                      28: 0.443
                      29: 0.623
                      30:-0.169
                      32: 0.078
                      35:-0.262
                      36:-0.395
                      38: 0.185
 
 I=  9/2- (4)  4.465  31:-0.243
                      33: 0.605
                      34:-0.647
                      37: 0.395
 
 I=  9/2- (5)  4.652  24: 0.097
                      25:-0.171
                      26: 0.061
                      29: 0.390
                      30:-0.061
                      35: 0.737
                      36: 0.440
                      38: 0.253

             ENERGY    K= OMEGA
 
 I= 11/2- (1)  2.427  31: 0.694
                      33: 0.575
                      34: 0.389
                      37: 0.191
 
 I= 11/2- (2)  2.829  24: 0.103
                      26:-0.096
                      27:-0.350
                      30: 0.223
                      32:-0.898
 
 I= 11/2- (3)  4.167  24: 0.104
                      26: 0.341
                      27:-0.169
                      29:-0.136
                      30:-0.884
                      32:-0.171
                      36:-0.098
 
 I= 11/2- (4)  4.958  24:-0.130
                      25: 0.137
                      26: 0.069
                      27: 0.105
                      28:-0.193
                      29: 0.627
                      30:-0.135
                      32:-0.143
                      35:-0.322
                      36: 0.611
                      38:-0.057
 
 I= 11/2- (5)  5.149  24: 0.073
                      25:-0.352
                      28:-0.645
                      29:-0.335
                      30: 0.117
                      32: 0.053
                      35:-0.529
                      38: 0.214

             ENERGY    K= OMEGA
 
 I= 13/2- (1)  3.999  24: 0.148
                      26:-0.124
                      27: 0.420
                      29: 0.070
                      30:-0.246
                      32:-0.846
 
 I= 13/2- (2)  4.652  31: 0.230
                      33:-0.584
                      34: 0.654
                      37:-0.422
 
 I= 13/2- (3)  5.211  24:-0.142
                      25: 0.376
                      26:-0.152
                      27:-0.100
                      28:-0.418
                      29:-0.590
                      30:-0.346
                      32:-0.054
                      35: 0.176
                      36: 0.308
                      38:-0.183
 
 I= 13/2- (4)  5.583  24: 0.062
                      25: 0.165
                      26: 0.352
                      27: 0.161
                      28:-0.217
                      29:-0.200
                      30: 0.798
                      32:-0.234
                      35: 0.159
                      36: 0.094
                      38:-0.080
 
 I= 13/2- (5)  7.351  24:-0.097
                      25: 0.176
                      29:-0.293
                      30: 0.089
                      35:-0.723
                      36:-0.508
                      38:-0.285

             ENERGY     K= 1/2
  32 LEVELS    TIME=  0.0 SEC



 ******************* EXCITATION ENERGIES, DOMINANT CONFIGURATION AND EXPECTATION VALUES (WITH S.P. UU+VV FACTORS) *******************

  NR  Eex(keV)  I   Kdom  NY    <Jz>  <Jx**2> <Jy**2> <Jz**2> <I.j>/|I|  <Rx**2> <Ry**2> <Rz**2> <R.j>/|R|  <HROTx> <HROTy> <HROTz>

   1    0.0   9/2-   9/2  32    3.75    2.66    2.66   19.41    4.44       2.66    2.66   -0.00   -1.15      0.324   0.324  -0.000
   2  312.0   7/2-  -7/2  30   -3.20    2.29    2.29   11.94    3.40       2.64    2.64   -0.00   -1.32      0.322   0.322  -0.000
   3  473.2   3/2-  -3/2  35   -1.13    2.14    2.14    1.88    1.54       1.97    1.97   -0.00   -1.60      0.241   0.241  -0.000
   4  575.6  11/2-   1/2  31   -0.00   25.47   25.47    2.26    6.56       5.25    5.25    0.00   -4.31      0.640   0.640   0.000
   5  576.3   5/2-   5/2  36    0.39    3.51    3.51    3.40    2.50       2.18    2.18   -0.00   -1.45      0.266   0.266  -0.000
  
   6  761.5   3/2-  -3/2  29   -1.27    4.61    4.61    2.02    1.45       4.69    4.69   -0.00   -2.75      0.572   0.572  -0.000
   7  902.5   1/2-   1/2  28    0.50    4.59    4.59    0.25    0.39       4.75    4.75    0.00   -2.95      0.580   0.580   0.000
   8  977.3  11/2-   9/2  32    3.08    3.04    3.04   18.56    4.05       5.99    5.99    0.00   -0.13      0.730   0.730   0.000
   9 1075.5   5/2-  -3/2  35   -1.23    2.30    2.30    2.30    1.14       4.45    4.45   -0.00   -1.18      0.543   0.543  -0.000
  10 1203.7   9/2-  -7/2  30   -2.69    2.44    2.44   11.56    2.97       5.81    5.81    0.00   -0.49      0.709   0.709   0.000
  
  11 1207.2   5/2-   5/2  36    1.26    2.83    2.83    3.85    1.63       4.29    4.29   -0.00   -1.59      0.523   0.523  -0.000
  12 1249.4   1/2-   1/2  38    0.50    1.44    1.44    0.25    0.69       1.34    1.34    0.00   -1.54      0.163   0.163   0.000
  13 1259.2   7/2-   5/2  36    0.56    2.98    2.98    4.09    1.99       5.01    5.01    0.00   -0.68      0.611   0.611   0.000
  14 1375.3   7/2-   1/2  31   -0.00   25.48   25.48    1.79    6.43       8.72    8.72    0.00   -6.52      1.063   1.063   0.000
  15 1481.3   7/2-  -3/2  35   -0.53    3.17    3.17    1.60    1.55       5.71    5.71   -0.00   -0.53      0.696   0.696  -0.000
  
  16 1564.4   9/2-  -3/2  29   -0.18    4.48    4.48    2.66    2.47       5.91    5.91   -0.00    0.19      0.721   0.721  -0.000
  17 2063.2   5/2-   1/2  38    0.31    1.85    1.85    0.57    0.43       5.23    5.23    0.00   -0.92      0.637   0.637   0.000
  18 2147.5  13/2-   9/2  32    2.48    3.42    3.42   17.66    3.80      10.07   10.07    0.00    0.46      1.228   1.228   0.000
  19 2299.0   5/2-   1/2  28   -0.07    3.92    3.92    1.08   -0.34       9.83    9.83   -0.00   -2.24      1.199   1.199  -0.000
  20 2311.5   7/2-  -3/2  29    0.42    3.45    3.45    3.29    0.85       9.60    9.60    0.00   -1.56      1.170   1.170   0.000
  
  21 2316.0  11/2-  -7/2  30   -2.39    2.53    2.53   11.43    2.70       9.96    9.96   -0.00   -0.07      1.214   1.214  -0.000
  22 2614.2   9/2-   5/2  34   -0.02   25.43   25.43    5.36    5.65      12.39   12.39    0.00   -5.65      1.510   1.510   0.000
  23 2800.9  13/2-   5/2  34   -0.04   25.39   25.39    5.64    5.67      12.98   12.98    0.00   -3.30      1.583   1.583   0.000
  24 2801.2   9/2-  -3/2  35   -0.50    2.08    2.08    2.94    1.03      10.79   10.79   -0.00   -0.42      1.316   1.316  -0.000
  25 3107.2  11/2-  -3/2  29    0.26    3.58    3.58    4.37    1.84      12.62   12.62    0.00   -0.10      1.538   1.538   0.000
  
  26 3297.8  11/2-   1/2  28   -0.32    3.30    3.30    1.30    1.51      12.78   12.78   -0.00    0.23      1.559   1.559  -0.000
  27 3359.6  13/2-  -3/2  29   -0.49    4.53    4.53    3.46    2.56      12.78   12.78    0.00    1.06      1.558   1.558   0.000
  28 3731.7  13/2-  -7/2  30   -1.79    2.92    2.92   10.25    2.43      15.47   15.47    0.00    0.16      1.886   1.886   0.000
  29 3735.0   1/2-   1/2  25    0.50    6.17    6.17    0.25    0.68       6.08    6.08    0.00   -3.44      0.741   0.741   0.000
  30 5499.6  13/2-  -3/2  35   -0.21    1.96    1.96    3.20    0.91      21.60   21.60   -0.00   -0.12      2.634   2.634  -0.000
  
  31 6266.4   1/2-   1/2  31    0.50   25.22   25.22    0.25   -3.74      28.96   28.96    0.00   -7.09      3.530   3.530   0.000
  32*******   1/2-  -3/2  33    0.00    0.00    0.00    0.00   -0.00       0.00    0.00    0.00   -0.00      0.000   0.000   0.000
