1SPECTRUM OF (Z= 82 A=207) IN PARTICLE-ROTOR  MODEL WITH MODIFIED OSCILLATOR POTENTIAL


 PARITY=-   EPS= 0.428   GAMMA=  0.0   EPS4=0.000   EPS6=0.000   LEVELS:  25  26  27  28  29  30  31  32  33  34  35  36  37  38  39

 PAIRING FACTORS: GN0= 19.20  GN1=  7.40  IPAIR= 15 ***  E2PLUS(INPUT)=   0.730  E2PLUR(INPUT)=   0.000

 CORIOLIS ATTENUATION PARAMETERS:  CHSI=1.000  ETA=  1.00

 MOMENT OF INERTIA PARAMETERS:   A1=  0.122 MEV   A2=  0.122 MEV   A3=121.91925 MEV


 DELTA=0.849 MEV  LAMBDA=53.4873 MEV   HW0= 7.5838 MEV   LAMBDA/HW0= 7.0528

 E2ENERGY=0.730 MEV  HBAR**2/B=33966./A**(7/3)=5741.8/A**2 MEV

 IREC=0  =>  RECOIL TERMS j+j-, j+j+, jzjz, ETC TREATED AS ONE-BODY OPERATORS WITH UU+VV PAIRING FACTORS



 S. P. LEVEL   EQP       U     V        (UU + VV)**1.00

     25       3.868    0.110 0.994      1.000 1.000 0.998 0.998 0.993 0.933 0.864 0.802 0.661 0.403 0.346 0.323 0.264 0.243 0.217
     26       3.171    0.135 0.991      1.000 1.000 1.000 0.999 0.995 0.942 0.876 0.817 0.679 0.426 0.369 0.347 0.288 0.267 0.242
     27       2.590    0.166 0.986      0.998 1.000 1.000 1.000 0.998 0.952 0.891 0.834 0.702 0.454 0.398 0.376 0.318 0.297 0.272
     28       2.438    0.177 0.984      0.998 0.999 1.000 1.000 0.998 0.955 0.896 0.840 0.709 0.463 0.408 0.386 0.328 0.308 0.282
     29       1.890    0.231 0.973      0.993 0.995 0.998 0.998 1.000 0.970 0.919 0.869 0.747 0.512 0.458 0.436 0.380 0.359 0.335
     30       1.039    0.460 0.888      0.933 0.942 0.952 0.955 0.970 1.000 0.987 0.963 0.886 0.705 0.660 0.642 0.593 0.575 0.554
     31       0.887    0.596 0.803      0.864 0.876 0.891 0.896 0.919 0.987 1.000 0.994 0.949 0.809 0.771 0.756 0.714 0.698 0.679
     32       0.851    0.682 0.731      0.802 0.817 0.834 0.840 0.869 0.963 0.994 1.000 0.978 0.870 0.838 0.824 0.788 0.774 0.757
     33       0.903    0.819 0.574      0.661 0.679 0.702 0.709 0.747 0.886 0.949 0.978 1.000 0.953 0.933 0.924 0.899 0.889 0.876
     34       1.485    0.954 0.299      0.403 0.426 0.454 0.463 0.512 0.705 0.809 0.870 0.953 1.000 0.998 0.996 0.989 0.986 0.981
     35       1.817    0.971 0.241      0.346 0.369 0.398 0.408 0.458 0.660 0.771 0.838 0.933 0.998 1.000 1.000 0.996 0.994 0.991
     36       2.003    0.976 0.217      0.323 0.347 0.376 0.386 0.436 0.642 0.756 0.824 0.924 0.996 1.000 1.000 0.998 0.996 0.994
     37       2.752    0.988 0.156      0.264 0.288 0.318 0.328 0.380 0.593 0.714 0.788 0.899 0.989 0.996 0.998 1.000 1.000 0.999
     38       3.184    0.991 0.134      0.243 0.267 0.297 0.308 0.359 0.575 0.698 0.774 0.889 0.986 0.994 0.996 1.000 1.000 1.000
     39       3.939    0.994 0.108      0.217 0.242 0.272 0.282 0.335 0.554 0.679 0.757 0.876 0.981 0.991 0.994 0.999 1.000 1.000

  R CORE   ENERGY   A0R/A00=1.000    R3= 0     2  
   2( 1)    0.732                    1.000 0.000
   2( 2)  487.921                    0.000 1.000

  R CORE   ENERGY   A0R/A00=1.000    R3= 0     2  
   3( 1)  488.652                    0.000 1.000

  R CORE   ENERGY   A0R/A00=1.000    R3= 0     2     4  
   4( 1)    2.438                    1.000 0.000 0.000

  R CORE   ENERGY   A0R/A00=1.000    R3= 0     2     4  
   5( 1)  490.847                    0.000 1.000 0.000

  R CORE   ENERGY   A0R/A00=1.000    R3= 0     2     4     6  
   6( 1)    5.121                    1.000 0.000 0.000 0.000

  R CORE   ENERGY   A0R/A00=1.000    R3= 0     2     4     6  
   7( 1)  494.017                    0.000 1.000 0.000 0.000

          AXIAL SYMMETRY => K RESTRICTED TO OMEGA

                     K
     S.P. ORB#: 25  0.50
     S.P. ORB#: 26 -5.50
     S.P. ORB#: 27 -1.50
     S.P. ORB#: 28  2.50
     S.P. ORB#: 29 -3.50
     S.P. ORB#: 30  2.50
     S.P. ORB#: 31  0.50
     S.P. ORB#: 32 -1.50
     S.P. ORB#: 33  0.50
     S.P. ORB#: 34 -3.50
     S.P. ORB#: 35 -3.50
     S.P. ORB#: 36  4.50
     S.P. ORB#: 37  0.50
     S.P. ORB#: 38 -1.50
     S.P. ORB#: 39 -1.50
 

             ENERGY    K= OMEGA
 
 I=  1/2- (1)  2.229  31:-1.000
 
 I=  1/2- (2)  3.704  25:-0.235
                      33: 0.921
                      37:-0.312
 
 I=  1/2- (3)  6.761  25:-0.263
                      33: 0.248
                      37: 0.932
 
 I=  1/2- (4) 10.033  25: 0.936
                      33: 0.301
                      37: 0.183
 
 I=  1/2- (5)147.154  32:-1.000

             ENERGY    K= OMEGA
 
 I=  3/2- (1)  2.178  31:-0.531
                      32: 0.846
 
 I=  3/2- (2)  2.498  31:-0.834
                      32:-0.530
                      39:-0.155

             ENERGY    K= OMEGA
 
 I=  5/2- (1)  2.744  28:-0.051
                      31:-0.476
                      32:-0.875
                      39: 0.066
 
 I=  5/2- (2)  3.280  28: 0.074
                      31:-0.839
                      32: 0.472
                      39: 0.262
 
 I=  5/2- (3)  3.830  25:-0.188
                      33: 0.825
                      37:-0.456
                      38:-0.273
 
 I=  5/2- (4)  4.234  28: 0.993
                      31: 0.060
                      32:-0.085
                      39: 0.063
 
 I=  5/2- (5)  5.341  28: 0.082
                      31:-0.257
                      32: 0.063
                      39:-0.961

             ENERGY    K= OMEGA
 
 I=  7/2- (1)  2.393  28: 0.152
                      34:-0.988
 
 I=  7/2- (2)  3.344  31: 0.742
                      32:-0.646
                      39: 0.174
 
 I=  7/2- (3)  3.804  28: 0.189
                      29: 0.969
                      31:-0.111
                      32:-0.102
                      39:-0.054
 
 I=  7/2- (4)  3.972  28: 0.084
                      29:-0.175
                      31:-0.589
                      32:-0.743
                      39:-0.249
 
 I=  7/2- (5)  3.989  25:-0.066
                      27: 0.132
                      30: 0.152
                      33: 0.874
                      35: 0.057
                      37: 0.251
                      38: 0.353

             ENERGY    K= OMEGA
 
 I=  9/2- (1)  2.917  28:-0.096
                      29: 0.210
                      34:-0.375
                      36:-0.898
 
 I=  9/2- (2)  3.495  28: 0.199
                      29: 0.126
                      34: 0.899
                      36:-0.368
 
 I=  9/2- (3)  4.490  28:-0.062
                      31:-0.601
                      32:-0.775
                      39: 0.174
 
 I=  9/2- (4)  4.663  25: 0.123
                      27: 0.077
                      30:-0.150
                      33:-0.764
                      35: 0.076
                      37: 0.496
                      38: 0.349
 
 I=  9/2- (5)  4.963  28:-0.266
                      29: 0.917
                      31: 0.150
                      32:-0.060
                      36: 0.232
                      39:-0.091

             ENERGY    K= OMEGA
 
 I= 11/2- (1)  3.857  25:-0.489
                      27:-0.558
                      30:-0.480
                      33:-0.366
                      35:-0.210
                      37:-0.117
                      38:-0.166
 
 I= 11/2- (2)  4.052  26:-0.100
                      28:-0.140
                      29:-0.276
                      34: 0.434
                      36:-0.840
 
 I= 11/2- (3)  4.516  26: 0.992
                      34: 0.110
 
 I= 11/2- (4)  4.819  26: 0.077
                      28: 0.234
                      29:-0.184
                      34:-0.849
                      36:-0.428
 
 I= 11/2- (5)  5.257  25:-0.341
                      27:-0.202
                      30:-0.161
                      33: 0.766
                      35:-0.090
                      37: 0.288
                      38: 0.374

             ENERGY    K= OMEGA
 
 I= 13/2- (1)  5.431  26: 0.098
                      28:-0.176
                      29: 0.320
                      34:-0.463
                      36:-0.802
 
 I= 13/2- (2)  5.653  25:-0.174
                      27: 0.557
                      30:-0.673
                      33:-0.198
                      35: 0.371
                      37: 0.092
                      38: 0.142
 
 I= 13/2- (3)  6.099  26:-0.986
                      28:-0.056
                      34:-0.155
 
 I= 13/2- (4)  6.373  26: 0.134
                      28:-0.261
                      29:-0.226
                      32:-0.056
                      34:-0.809
                      36: 0.452
 
 I= 13/2- (5)  6.460  25: 0.192
                      27:-0.154
                      30: 0.134
                      33:-0.715
                      35:-0.085
                      37: 0.525
                      38: 0.358

             ENERGY     K=-3/2
  32 LEVELS    TIME=  0.0 SEC



 ******************* EXCITATION ENERGIES, DOMINANT CONFIGURATION AND EXPECTATION VALUES (WITH S.P. UU+VV FACTORS) *******************

  NR  Eex(keV)  I   Kdom  NY    <Jz>  <Jx**2> <Jy**2> <Jz**2> <I.j>/|I|  <Rx**2> <Ry**2> <Rz**2> <R.j>/|R|  <HROTx> <HROTy> <HROTz>

   1    0.0   3/2-  -3/2  32   -0.94    5.10    5.10    1.69    1.26       5.39    5.39    0.00   -2.88      0.657   0.657   0.000
   2   51.2   1/2-   1/2  31    0.50    5.07    5.07    0.25    0.07       5.51    5.51    0.00   -3.11      0.671   0.671   0.000
   3  214.5   7/2-  -7/2  34   -3.36    2.32    2.32   12.11    3.18       3.63    3.63    0.00   -1.53      0.443   0.443   0.000
   4  319.3   3/2-   1/2  31   -0.11    4.93    4.93    0.86    0.46       6.35    6.35    0.00   -2.76      0.774   0.774   0.000
   5  565.4   5/2-  -3/2  32   -1.04    5.12    5.12    1.81    0.93       7.66    7.66    0.00   -2.38      0.934   0.934   0.000
  
   6  738.6   9/2-   9/2  36    3.00    2.58    2.58   18.64    4.07       4.05    4.05    0.00   -1.26      0.494   0.494   0.000
   7 1101.4   5/2-   1/2  31   -0.07    4.76    4.76    0.87    0.21       8.95    8.95    0.00   -2.31      1.092   1.092   0.000
   8 1166.1   7/2-   1/2  31   -0.40    5.07    5.07    1.16    0.95       9.75    9.75    0.00   -1.71      1.189   1.189   0.000
   9 1317.0   9/2-  -7/2  34   -2.18    2.40    2.40   13.09    2.72       7.78    7.78    0.00   -1.10      0.948   0.948   0.000
  10 1525.8   1/2-   1/2  33    0.50   10.49   10.49    0.25    1.05      10.08   10.08   -0.00   -4.53      1.229   1.229  -0.000
  
  11 1625.9   7/2-  -7/2  29   -3.21    6.23    6.23   11.76    3.06       7.84    7.84    0.00   -3.05      0.956   0.956   0.000
  12 1652.0   5/2-   1/2  33    0.35   11.13   11.13    0.40    2.17       9.30    9.30    0.00   -3.77      1.133   1.133   0.000
  13 1678.7  11/2-  -3/2  27    0.11   23.59   23.59    2.84    6.10       6.40    6.40    0.00   -3.78      0.780   0.780   0.000
  14 1793.9   7/2-  -3/2  32   -0.84    4.78    4.78    1.90    0.46      11.79   11.79    0.00   -1.99      1.437   1.437   0.000
  15 1811.0   7/2-   1/2  33    0.25   15.06   15.06    0.71    3.14      10.82   10.82    0.00   -3.95      1.319   1.319   0.000
  
  16 1874.0  11/2-   9/2  36    2.24    2.78    2.78   17.95    3.49       8.76    8.76    0.00   -0.63      1.068   1.068   0.000
  17 2055.5   5/2-   5/2  28    2.45    6.08    6.08    6.18    2.08       7.41    7.41    0.00   -3.17      0.903   0.903   0.000
  18 2311.8   9/2-  -3/2  32   -0.77    5.09    5.09    1.58    0.77      14.45   14.45    0.00   -1.48      1.762   1.762   0.000
  19 2337.2  11/2- -11/2  26   -5.44    2.75    2.75   29.97    5.02       5.61    5.61    0.00   -1.63      0.684   0.684   0.000
  20 2484.2   9/2-   1/2  33    0.27   12.33   12.33    0.71    2.59      12.16   12.16    0.00   -2.53      1.482   1.482   0.000
  
  21 2640.4  11/2-  -7/2  34   -1.72    2.51    2.51   13.47    2.37      12.97   12.97    0.00   -0.85      1.582   1.582   0.000
  22 2784.7   9/2-  -7/2  29   -2.53    5.96    5.96   11.87    2.37      12.46   12.46    0.00   -2.40      1.519   1.519   0.000
  23 3078.8  11/2-   1/2  33    0.16   13.03   13.03    0.86    2.87      14.18   14.18    0.00   -1.83      1.729   1.729   0.000
  24 3163.0   5/2-  -3/2  39   -1.34    2.16    2.16    2.14    0.32       6.67    6.67    0.00   -1.51      0.813   0.813   0.000
  25 3252.3  13/2-   9/2  36    1.81    2.94    2.94   17.37    3.09      14.46   14.46   -0.00   -0.32      1.763   1.763  -0.000
  
  26 3475.1  13/2-   5/2  30    0.19   23.19   23.19    5.28    4.91      15.94   15.94    0.00   -3.08      1.944   1.944   0.000
  27 3920.4  13/2- -11/2  26   -5.42    2.75    2.75   29.73    4.27      12.18   12.18    0.00   -1.10      1.485   1.485   0.000
  28 4194.4  13/2-  -7/2  34   -1.49    2.62    2.62   13.76    2.11      19.14   19.14    0.00   -0.69      2.334   2.334   0.000
  29 4282.1  13/2-   1/2  33    0.20   11.95   11.95    0.75    2.56      18.86   18.86    0.00   -1.11      2.299   2.299   0.000
  30 4583.0   1/2-   1/2  37    0.50   15.72   15.72    0.25   -0.43      16.60   16.60   -0.00   -5.57      2.023   2.023  -0.000
  
  31 7855.0   1/2-   1/2  25    0.50   23.02   23.02    0.25   -3.50      26.54   26.54    0.00   -6.77      3.236   3.236   0.000
  32*******   1/2-  -3/2  32    0.00    0.00    0.00    0.00    0.00       0.00    0.00    0.00   -0.00      0.000   0.000   0.000
