1SPECTRUM OF (Z= 82 A=207) IN PARTICLE-ROTOR  MODEL WITH MODIFIED OSCILLATOR POTENTIAL


 PARITY=-   EPS= 0.199   GAMMA=  0.0   EPS4=0.000   EPS6=0.000   LEVELS:  25  26  27  28  29  30  31  32  33  34  35  36  37  38  39

 PAIRING FACTORS: GN0= 19.20  GN1=  7.40  IPAIR= 15 ***  E2PLUS(INPUT)=   0.730  E2PLUR(INPUT)=   0.000

 CORIOLIS ATTENUATION PARAMETERS:  CHSI=1.000  ETA=  1.00

 MOMENT OF INERTIA PARAMETERS:   A1=  0.122 MEV   A2=  0.122 MEV   A3=121.91924 MEV


 DELTA=0.939 MEV  LAMBDA=53.4833 MEV   HW0= 7.4453 MEV   LAMBDA/HW0= 7.1835

 E2ENERGY=0.730 MEV  HBAR**2/B= 7343./A**(7/3)=1241.3/A**2 MEV

 IREC=0  =>  RECOIL TERMS j+j-, j+j+, jzjz, ETC TREATED AS ONE-BODY OPERATORS WITH UU+VV PAIRING FACTORS



 S. P. LEVEL   EQP       U     V        (UU + VV)**1.00

     25       4.249    0.111 0.994      1.000 1.000 1.000 0.998 0.994 0.993 0.991 0.723 0.621 0.469 0.435 0.407 0.333 0.274 0.233
     26       4.030    0.117 0.993      1.000 1.000 1.000 0.998 0.994 0.994 0.992 0.727 0.626 0.474 0.440 0.413 0.339 0.280 0.239
     27       3.727    0.127 0.992      1.000 1.000 1.000 0.999 0.995 0.995 0.993 0.734 0.633 0.483 0.449 0.422 0.348 0.289 0.249
     28       2.692    0.177 0.984      0.998 0.998 0.999 1.000 0.999 0.999 0.998 0.767 0.672 0.527 0.494 0.467 0.395 0.338 0.298
     29       2.160    0.223 0.975      0.994 0.994 0.995 0.999 1.000 1.000 1.000 0.797 0.706 0.566 0.534 0.508 0.438 0.381 0.342
     30       2.153    0.224 0.975      0.993 0.994 0.995 0.999 1.000 1.000 1.000 0.797 0.706 0.566 0.535 0.509 0.438 0.382 0.343
     31       1.991    0.243 0.970      0.991 0.992 0.993 0.998 1.000 1.000 1.000 0.809 0.720 0.583 0.551 0.526 0.456 0.400 0.361
     32       0.955    0.767 0.642      0.723 0.727 0.734 0.767 0.797 0.797 0.809 1.000 0.990 0.949 0.937 0.926 0.892 0.863 0.841
     33       1.045    0.848 0.530      0.621 0.626 0.633 0.672 0.706 0.706 0.720 0.990 1.000 0.983 0.976 0.969 0.946 0.924 0.907
     34       1.374    0.930 0.368      0.469 0.474 0.483 0.527 0.566 0.566 0.583 0.949 0.983 1.000 0.999 0.998 0.989 0.978 0.968
     35       1.501    0.943 0.332      0.435 0.440 0.449 0.494 0.534 0.535 0.551 0.937 0.976 0.999 1.000 1.000 0.994 0.985 0.977
     36       1.626    0.953 0.303      0.407 0.413 0.422 0.467 0.508 0.509 0.526 0.926 0.969 0.998 1.000 1.000 0.997 0.990 0.983
     37       2.135    0.974 0.226      0.333 0.339 0.348 0.395 0.438 0.438 0.456 0.892 0.946 0.989 0.994 0.997 1.000 0.998 0.995
     38       2.881    0.986 0.165      0.274 0.280 0.289 0.338 0.381 0.382 0.400 0.863 0.924 0.978 0.985 0.990 0.998 1.000 0.999
     39       3.829    0.992 0.124      0.233 0.239 0.249 0.298 0.342 0.343 0.361 0.841 0.907 0.968 0.977 0.983 0.995 0.999 1.000

  R CORE   ENERGY   A0R/A00=1.000    R3= 0     2  
   2( 1)    0.732                    1.000 0.000
   2( 2)  487.921                    0.000 1.000

  R CORE   ENERGY   A0R/A00=1.000    R3= 0     2  
   3( 1)  488.652                    0.000 1.000

  R CORE   ENERGY   A0R/A00=1.000    R3= 0     2     4  
   4( 1)    2.438                    1.000 0.000 0.000

  R CORE   ENERGY   A0R/A00=1.000    R3= 0     2     4  
   5( 1)  490.847                    0.000 1.000 0.000

  R CORE   ENERGY   A0R/A00=1.000    R3= 0     2     4     6  
   6( 1)    5.121                    1.000 0.000 0.000 0.000

  R CORE   ENERGY   A0R/A00=1.000    R3= 0     2     4     6  
   7( 1)  494.017                    0.000 1.000 0.000 0.000

          AXIAL SYMMETRY => K RESTRICTED TO OMEGA

                     K
     S.P. ORB#: 25  2.50
     S.P. ORB#: 26  0.50
     S.P. ORB#: 27 -3.50
     S.P. ORB#: 28 -3.50
     S.P. ORB#: 29  4.50
     S.P. ORB#: 30  0.50
     S.P. ORB#: 31 -1.50
     S.P. ORB#: 32 -1.50
     S.P. ORB#: 33  2.50
     S.P. ORB#: 34  0.50
     S.P. ORB#: 35  0.50
     S.P. ORB#: 36 -1.50
     S.P. ORB#: 37  2.50
     S.P. ORB#: 38 -3.50
     S.P. ORB#: 39  4.50
 

             ENERGY    K= OMEGA
 
 I=  1/2- (1)  1.758  26:-0.059
                      35:-0.998
 
 I=  1/2- (2)  3.203  30: 0.999
 
 I=  1/2- (3)  5.234  26: 0.998
                      35:-0.060
 
 I=  1/2- (4)  9.272  34: 1.000
 
 I=  1/2- (5)147.258  32: 1.000

             ENERGY    K= OMEGA
 
 I=  3/2- (1)  1.443  30: 0.185
                      31: 0.103
                      32: 0.973
                      35:-0.074
 
 I=  3/2- (2)  2.400  30: 0.169
                      31: 0.152
                      32:-0.122
                      35:-0.966
 
 I=  3/2- (3)  3.052  26: 0.092
                      30:-0.299
                      31: 0.943
                      35: 0.102
 
 I=  3/2- (4)  3.418  26:-0.356
                      30:-0.866
                      31:-0.209
                      32: 0.188
                      35:-0.212
 
 I=  3/2- (5)  5.970  34:-0.862
                      36:-0.507

             ENERGY    K= OMEGA
 
 I=  5/2- (1)  1.524  26:-0.052
                      30: 0.137
                      31: 0.180
                      32:-0.432
                      33:-0.869
                      35: 0.057
 
 I=  5/2- (2)  2.073  30:-0.212
                      31: 0.169
                      32: 0.861
                      33:-0.424
                      35: 0.054
 
 I=  5/2- (3)  2.427  30: 0.168
                      31: 0.216
                      33: 0.133
                      35: 0.952
 
 I=  5/2- (4)  3.313  26: 0.372
                      30:-0.447
                      31:-0.735
                      32:-0.076
                      33:-0.189
                      35: 0.282
 
 I=  5/2- (5)  4.530  26:-0.065
                      30: 0.804
                      31:-0.525
                      32: 0.250
                      33:-0.103

             ENERGY    K= OMEGA
 
 I=  7/2- (1)  2.158  30: 0.186
                      31:-0.211
                      32: 0.519
                      33:-0.806
 
 I=  7/2- (2)  2.738  25:-0.072
                      26:-0.170
                      28: 0.091
                      30:-0.341
                      31:-0.298
                      32:-0.709
                      33:-0.462
                      35: 0.189
 
 I=  7/2- (3)  3.430  25:-0.237
                      27:-0.095
                      28: 0.959
                      30: 0.058
                      31: 0.056
                      35:-0.061
 
 I=  7/2- (4)  3.758  34: 0.728
                      36: 0.573
                      37: 0.347
                      38: 0.144
 
 I=  7/2- (5)  3.976  26:-0.116
                      28: 0.063
                      30:-0.175
                      31:-0.277
                      32: 0.317
                      33: 0.222
                      35: 0.851

             ENERGY    K= OMEGA
 
 I=  9/2- (1)  2.814  25: 0.063
                      26:-0.159
                      27: 0.157
                      28: 0.084
                      29:-0.428
                      30: 0.269
                      31: 0.319
                      32:-0.430
                      33:-0.613
                      35: 0.145
 
 I=  9/2- (2)  2.937  25:-0.058
                      26:-0.092
                      27:-0.207
                      28:-0.173
                      29: 0.841
                      30: 0.153
                      31: 0.181
                      32:-0.222
                      33:-0.307
                      35: 0.091
 
 I=  9/2- (3)  3.911  25:-0.154
                      27: 0.052
                      28:-0.257
                      29:-0.056
                      30:-0.188
                      31: 0.311
                      32: 0.746
                      33:-0.364
                      35: 0.284
 
 I=  9/2- (4)  4.019  26: 0.129
                      28:-0.123
                      30:-0.295
                      31:-0.185
                      33:-0.476
                      35:-0.785
 
 I=  9/2- (5)  4.366  25:-0.289
                      27: 0.107
                      28:-0.875
                      29:-0.176
                      30: 0.120
                      31:-0.080
                      32:-0.234
                      33: 0.181

             ENERGY    K= OMEGA
 
 I= 11/2- (1)  2.561  34:-0.664
                      36:-0.565
                      37:-0.409
                      38:-0.245
                      39:-0.108
 
 I= 11/2- (2)  3.828  25:-0.138
                      27: 0.330
                      28: 0.244
                      29: 0.822
                      30:-0.094
                      31: 0.096
                      32:-0.211
                      33: 0.274
 
 I= 11/2- (3)  4.115  27: 0.078
                      28: 0.101
                      29: 0.355
                      30: 0.264
                      31:-0.263
                      32: 0.531
                      33:-0.660
 
 I= 11/2- (4)  4.727  25:-0.116
                      26:-0.283
                      27:-0.052
                      28: 0.162
                      30:-0.411
                      31:-0.409
                      32:-0.535
                      33:-0.446
                      35: 0.235
 
 I= 11/2- (5)  5.467  25:-0.360
                      26: 0.096
                      27:-0.148
                      28: 0.855
                      29:-0.250
                      30: 0.128
                      31: 0.115
                      32: 0.057
                      35:-0.102

             ENERGY    K= OMEGA
 
 I= 13/2- (1)  4.248  34:-0.187
                      36: 0.487
                      37:-0.604
                      38: 0.523
                      39:-0.301
 
 I= 13/2- (2)  4.826  25:-0.105
                      26: 0.264
                      27:-0.200
                      28:-0.131
                      29: 0.356
                      30:-0.360
                      31:-0.406
                      32: 0.395
                      33: 0.498
                      35:-0.192
 
 I= 13/2- (3)  5.093  25: 0.144
                      26: 0.154
                      27: 0.330
                      28: 0.283
                      29:-0.770
                      30:-0.198
                      31:-0.228
                      32: 0.161
                      33: 0.202
                      35:-0.123
 
 I= 13/2- (4)  6.531  25:-0.266
                      26:-0.111
                      27: 0.103
                      28:-0.409
                      29:-0.202
                      30:-0.079
                      31: 0.315
                      32: 0.634
                      33:-0.056
                      35: 0.432
 
 I= 13/2- (5)  6.634  25:-0.180
                      26: 0.142
                      27: 0.114
                      28:-0.387
                      29:-0.070
                      30:-0.280
                      31:-0.068
                      33:-0.600
                      35:-0.580

             ENERGY     K= 9/2
  35 LEVELS    TIME=  0.0 SEC



 ******************* EXCITATION ENERGIES, DOMINANT CONFIGURATION AND EXPECTATION VALUES (WITH S.P. UU+VV FACTORS) *******************

  NR  Eex(keV)  I   Kdom  NY    <Jz>  <Jx**2> <Jy**2> <Jz**2> <I.j>/|I|  <Rx**2> <Ry**2> <Rz**2> <R.j>/|R|  <HROTx> <HROTy> <HROTz>

   1    0.0   3/2-  -3/2  32   -1.42    1.57    1.57    2.17    1.43       1.75    1.75    0.00   -1.35      0.213   0.213   0.000
   2   81.0   5/2-   5/2  33    1.57    1.87    1.87    5.22    2.39       1.78    1.78    0.00   -1.00      0.217   0.217   0.000
   3  314.7   1/2-   1/2  35    0.50    1.23    1.23    0.25    0.83       1.02    1.02   -0.00   -1.40      0.124   0.124  -0.000
   4  629.8   5/2-  -3/2  32   -0.68    1.57    1.57    2.88    1.10       4.14    4.14    0.00   -0.97      0.505   0.505   0.000
   5  715.2   7/2-   5/2  33    1.16    1.97    1.97    4.80    2.00       4.31    4.31    0.00   -0.27      0.525   0.525   0.000
  
   6  957.4   3/2-   1/2  35    0.42    1.39    1.39    0.33   -0.09       3.60    3.60   -0.00   -1.22      0.439   0.439  -0.000
   7  984.3   5/2-   1/2  35    0.44    1.67    1.67    0.45    0.88       3.66    3.66   -0.00   -0.44      0.446   0.446  -0.000
   8 1118.3  11/2-   1/2  34    0.00   27.72   27.72    2.85    7.27       3.53    3.53    0.00   -5.57      0.430   0.430   0.000
   9 1294.8   7/2-  -3/2  32   -0.28    1.80    1.80    2.85    1.36       5.70    5.70    0.00   -0.31      0.695   0.695   0.000
  10 1370.9   9/2-   5/2  33    1.29    2.75    2.75    7.15    2.75       5.04    5.04    0.00    0.32      0.615   0.615   0.000
  
  11 1493.7   9/2-   9/2  29    3.07    2.65    2.65   16.02    3.93       3.47    3.47    0.00   -0.67      0.423   0.423   0.000
  12 1609.0   3/2-  -3/2  31   -1.28    4.03    4.03    2.03    1.38       4.25    4.25    0.00   -2.55      0.518   0.518   0.000
  13 1760.2   1/2-   1/2  30    0.50    4.12    4.12    0.25    0.38       4.30    4.30    0.00   -2.79      0.524   0.524   0.000
  14 1869.7   5/2-  -3/2  31   -0.52    3.82    3.82    1.56    1.53       4.45    4.45    0.00   -1.57      0.543   0.543   0.000
  15 1974.7   3/2-   1/2  30    0.34    3.42    3.42    0.41    0.50       4.53    4.53    0.00   -2.09      0.552   0.552   0.000
  
  16 1986.7   7/2-  -7/2  28   -3.11    2.35    2.35   11.75    3.38       2.68    2.68    0.00   -1.31      0.327   0.327   0.000
  17 2315.0   7/2-   1/2  34    0.00   28.02   28.02    1.88    7.03       8.93    8.93   -0.00   -7.10      1.089   1.089  -0.000
  18 2385.5  11/2-   9/2  29    2.61    2.94    2.94   16.44    3.78       6.42    6.42    0.00    0.08      0.783   0.783   0.000
  19 2468.2   9/2-  -3/2  32   -0.76    1.65    1.65    3.38    1.06      10.45   10.45    0.00   -0.31      1.273   1.273   0.000
  20 2533.3   7/2-   1/2  35    0.23    1.86    1.86    0.95    0.04      10.07   10.07    0.00   -1.01      1.228   1.228   0.000
  
  21 2576.2   9/2-   1/2  35    0.82    2.18    2.18    1.90    1.07      10.16   10.16    0.00   -0.20      1.239   1.239   0.000
  22 2672.0  11/2-   5/2  33    1.11    2.27    2.27    6.29    1.99      11.39   11.39    0.00    0.22      1.389   1.389   0.000
  23 2805.3  13/2-   5/2  37    0.02   26.06   26.06    8.00    6.68       7.81    7.81   -0.00   -3.41      0.952   0.952  -0.000
  24 2922.7   9/2-  -7/2  28   -2.37    2.42    2.42   11.01    2.67       7.01    7.01    0.00   -0.68      0.855   0.855   0.000
  25 3087.5   5/2-   1/2  30   -0.15    4.15    4.15    0.99   -0.41      10.25   10.25    0.00   -2.32      1.249   1.249   0.000
  
  26 3283.9  11/2-  -3/2  32   -0.09    2.23    2.23    2.81    1.54      12.31   12.31    0.00    0.39      1.501   1.501   0.000
  27 3383.2  13/2-   5/2  33    0.65    3.50    3.50    5.67    2.66      12.13   12.13    0.00    1.20      1.479   1.479   0.000
  28 3649.8  13/2-   9/2  29    2.09    3.31    3.31   14.91    3.43      11.19   11.19    0.00    0.51      1.364   1.364   0.000
  29 3791.5   1/2-   1/2  26    0.50    5.08    5.08    0.25    0.69       4.98    4.98    0.00   -3.11      0.608   0.608   0.000
  30 4023.9  11/2-  -7/2  28   -2.03    2.62    2.62   11.37    2.59      10.70   10.70    0.00   -0.24      1.305   1.305   0.000
  
  31 4527.2   3/2-   1/2  34   -0.01   28.31   28.31    0.76    6.19      18.58   18.58    0.00   -7.45      2.266   2.266   0.000
  32 5088.6  13/2-  -3/2  32   -0.90    2.00    2.00    4.65    1.34      19.37   19.37    0.00    0.11      2.362   2.362   0.000
  33 5191.4  13/2-   5/2  33    0.64    2.25    2.25    4.67    1.27      20.07   20.07    0.00   -0.04      2.447   2.447   0.000
  34 7829.5   1/2-   1/2  34    0.50   28.39   28.39    0.25   -4.04      32.39   32.39    0.00   -7.52      3.949   3.949   0.000
  35*******   1/2-  -3/2  32    0.00    0.00    0.00    0.00   -0.00       0.00    0.00    0.00   -0.00      0.000   0.000   0.000
  
