1SPECTRUM OF (Z= 82 A=207) IN PARTICLE-ROTOR  MODEL WITH MODIFIED OSCILLATOR POTENTIAL


 PARITY=-   EPS= 0.405   GAMMA=  0.0   EPS4=0.000   EPS6=0.000   LEVELS:  25  26  27  28  29  30  31  32  33  34  35  36  37  38  39

 PAIRING FACTORS: GN0= 19.20  GN1=  7.40  IPAIR= 15 ***  E2PLUS(INPUT)=   0.730  E2PLUR(INPUT)=   0.000

 CORIOLIS ATTENUATION PARAMETERS:  CHSI=1.000  ETA=  1.00

 MOMENT OF INERTIA PARAMETERS:   A1=  0.122 MEV   A2=  0.122 MEV   A3=121.91924 MEV


 DELTA=0.843 MEV  LAMBDA=53.4836 MEV   HW0= 7.5642 MEV   LAMBDA/HW0= 7.0706

 E2ENERGY=0.730 MEV  HBAR**2/B=30413./A**(7/3)=5141.3/A**2 MEV

 IREC=0  =>  RECOIL TERMS j+j-, j+j+, jzjz, ETC TREATED AS ONE-BODY OPERATORS WITH UU+VV PAIRING FACTORS



 S. P. LEVEL   EQP       U     V        (UU + VV)**1.00

     25       3.584    0.118 0.993      1.000 1.000 0.999 0.997 0.996 0.917 0.891 0.874 0.504 0.501 0.381 0.342 0.253 0.240 0.237
     26       3.343    0.127 0.992      1.000 1.000 0.999 0.998 0.997 0.921 0.895 0.878 0.512 0.509 0.389 0.350 0.262 0.248 0.245
     27       2.654    0.161 0.987      0.999 0.999 1.000 0.999 0.999 0.934 0.910 0.894 0.541 0.538 0.420 0.382 0.294 0.281 0.278
     28       2.213    0.194 0.981      0.997 0.998 0.999 1.000 1.000 0.945 0.923 0.909 0.569 0.566 0.450 0.413 0.327 0.313 0.311
     29       2.098    0.205 0.979      0.996 0.997 0.999 1.000 1.000 0.949 0.928 0.914 0.578 0.575 0.461 0.423 0.337 0.324 0.321
     30       0.968    0.504 0.864      0.917 0.921 0.934 0.945 0.949 1.000 0.998 0.995 0.806 0.804 0.717 0.687 0.617 0.606 0.604
     31       0.912    0.556 0.831      0.891 0.895 0.910 0.923 0.928 0.998 1.000 0.999 0.841 0.839 0.758 0.731 0.664 0.654 0.651
     32       0.888    0.586 0.811      0.874 0.878 0.894 0.909 0.914 0.995 0.999 1.000 0.860 0.858 0.782 0.755 0.691 0.681 0.679
     33       1.153    0.917 0.398      0.504 0.512 0.541 0.569 0.578 0.806 0.841 0.860 1.000 1.000 0.991 0.984 0.963 0.959 0.958
     34       1.160    0.919 0.395      0.501 0.509 0.538 0.566 0.575 0.804 0.839 0.858 1.000 1.000 0.991 0.985 0.964 0.960 0.959
     35       1.629    0.963 0.269      0.381 0.389 0.420 0.450 0.461 0.717 0.758 0.782 0.991 0.991 1.000 0.999 0.991 0.989 0.989
     36       1.896    0.974 0.228      0.342 0.350 0.382 0.413 0.423 0.687 0.731 0.755 0.984 0.985 0.999 1.000 0.996 0.994 0.994
     37       3.108    0.991 0.137      0.253 0.262 0.294 0.327 0.337 0.617 0.664 0.691 0.963 0.964 0.991 0.996 1.000 1.000 1.000
     38       3.445    0.992 0.123      0.240 0.248 0.281 0.313 0.324 0.606 0.654 0.681 0.959 0.960 0.989 0.994 1.000 1.000 1.000
     39       3.532    0.993 0.120      0.237 0.245 0.278 0.311 0.321 0.604 0.651 0.679 0.958 0.959 0.989 0.994 1.000 1.000 1.000

  R CORE   ENERGY   A0R/A00=1.000    R3= 0     2  
   2( 1)    0.732                    1.000 0.000
   2( 2)  487.921                    0.000 1.000

  R CORE   ENERGY   A0R/A00=1.000    R3= 0     2  
   3( 1)  488.652                    0.000 1.000

  R CORE   ENERGY   A0R/A00=1.000    R3= 0     2     4  
   4( 1)    2.438                    1.000 0.000 0.000

  R CORE   ENERGY   A0R/A00=1.000    R3= 0     2     4  
   5( 1)  490.847                    0.000 1.000 0.000

  R CORE   ENERGY   A0R/A00=1.000    R3= 0     2     4     6  
   6( 1)    5.121                    1.000 0.000 0.000 0.000

  R CORE   ENERGY   A0R/A00=1.000    R3= 0     2     4     6  
   7( 1)  494.017                    0.000 1.000 0.000 0.000

          AXIAL SYMMETRY => K RESTRICTED TO OMEGA

                     K
     S.P. ORB#: 25 -5.50
     S.P. ORB#: 26  0.50
     S.P. ORB#: 27  2.50
     S.P. ORB#: 28 -1.50
     S.P. ORB#: 29 -3.50
     S.P. ORB#: 30  0.50
     S.P. ORB#: 31  2.50
     S.P. ORB#: 32 -1.50
     S.P. ORB#: 33  0.50
     S.P. ORB#: 34 -3.50
     S.P. ORB#: 35  4.50
     S.P. ORB#: 36 -3.50
     S.P. ORB#: 37  0.50
     S.P. ORB#: 38 -1.50
     S.P. ORB#: 39 -1.50
 

             ENERGY    K= OMEGA
 
 I=  1/2- (1)  2.289  30:-1.000
 
 I=  1/2- (2)  4.056  26:-0.200
                      33: 0.916
                      37:-0.347
 
 I=  1/2- (3)  7.087  26:-0.302
                      33: 0.279
                      37: 0.912
 
 I=  1/2- (4)  9.608  26: 0.932
                      33: 0.287
                      37: 0.221
 
 I=  1/2- (5)147.191  32:-1.000

             ENERGY    K= OMEGA
 
 I=  3/2- (1)  2.206  30:-0.477
                      32: 0.879
 
 I=  3/2- (2)  2.555  30: 0.862
                      32: 0.473
                      39: 0.182

             ENERGY    K= OMEGA
 
 I=  5/2- (1)  2.765  30:-0.457
                      32:-0.886
                      39: 0.063
 
 I=  5/2- (2)  3.324  27: 0.064
                      30:-0.837
                      32: 0.450
                      39: 0.305
 
 I=  5/2- (3)  4.104  26:-0.153
                      33: 0.808
                      37:-0.487
                      38: 0.291
 
 I=  5/2- (4)  4.437  27:-0.982
                      30:-0.083
                      32: 0.084
                      39:-0.145
 
 I=  5/2- (5)  4.942  27:-0.169
                      30: 0.289
                      32:-0.074
                      39: 0.939

             ENERGY    K= OMEGA
 
 I=  7/2- (1)  2.059  27:-0.147
                      34: 0.988
 
 I=  7/2- (2)  3.391  30:-0.708
                      32: 0.684
                      39:-0.172
 
 I=  7/2- (3)  3.984  27:-0.200
                      29:-0.733
                      30: 0.416
                      32: 0.455
                      39: 0.207
 
 I=  7/2- (4)  4.024  26: 0.066
                      28:-0.104
                      31:-0.147
                      33:-0.875
                      36:-0.060
                      37:-0.240
                      38: 0.371
 
 I=  7/2- (5)  4.039  29: 0.656
                      30: 0.464
                      32: 0.552
                      39: 0.217

             ENERGY    K= OMEGA
 
 I=  9/2- (1)  2.556  27: 0.088
                      29:-0.172
                      34: 0.374
                      35: 0.907
 
 I=  9/2- (2)  3.154  27:-0.196
                      29:-0.104
                      34:-0.901
                      35: 0.371
 
 I=  9/2- (3)  4.515  27:-0.057
                      30:-0.585
                      32:-0.789
                      39: 0.176
 
 I=  9/2- (4)  4.793  26:-0.059
                      28: 0.376
                      31:-0.526
                      33:-0.534
                      36: 0.298
                      37: 0.354
                      38:-0.282
 
 I=  9/2- (5)  4.938  26: 0.231
                      28:-0.406
                      31: 0.462
                      33:-0.531
                      36:-0.271
                      37: 0.401
                      38:-0.229

             ENERGY    K= OMEGA
 
 I= 11/2- (1)  3.626  26: 0.544
                      28: 0.570
                      31: 0.482
                      33: 0.270
                      36: 0.223
                      37: 0.082
                      38:-0.132
 
 I= 11/2- (2)  3.701  27:-0.134
                      29:-0.232
                      34: 0.450
                      35:-0.851
 
 I= 11/2- (3)  4.470  25: 0.057
                      27:-0.231
                      29: 0.153
                      34: 0.850
                      35: 0.442
 
 I= 11/2- (4)  4.928  25: 0.998
                      35:-0.057
 
 I= 11/2- (5)  5.019  26:-0.293
                      28:-0.150
                      31:-0.078
                      33: 0.802
                      37: 0.282
                      38:-0.400

             ENERGY    K= OMEGA
 
 I= 13/2- (1)  5.082  27: 0.172
                      29:-0.274
                      34: 0.486
                      35: 0.810
 
 I= 13/2- (2)  5.406  26: 0.194
                      28:-0.556
                      31: 0.679
                      33: 0.137
                      36:-0.394
                      37:-0.057
                      38: 0.121
 
 I= 13/2- (3)  6.015  25: 0.083
                      27: 0.260
                      29: 0.190
                      34: 0.813
                      35:-0.475
 
 I= 13/2- (4)  6.516  25: 0.995
                      35: 0.074
 
 I= 13/2- (5)  6.566  26: 0.148
                      28:-0.124
                      31: 0.081
                      33:-0.710
                      36:-0.057
                      37: 0.554
                      38:-0.377

             ENERGY     K=-3/2
  32 LEVELS    TIME=  0.0 SEC



 ******************* EXCITATION ENERGIES, DOMINANT CONFIGURATION AND EXPECTATION VALUES (WITH S.P. UU+VV FACTORS) *******************

  NR  Eex(keV)  I   Kdom  NY    <Jz>  <Jx**2> <Jy**2> <Jz**2> <I.j>/|I|  <Rx**2> <Ry**2> <Rz**2> <R.j>/|R|  <HROTx> <HROTy> <HROTz>

   1    0.0   7/2-  -7/2  34   -3.37    2.31    2.31   12.12    3.20       3.55    3.55    0.00   -1.52      0.432   0.432   0.000
   2  147.5   3/2-  -3/2  32   -1.05    5.02    5.02    1.80    1.28       5.32    5.32    0.00   -2.87      0.649   0.649   0.000
   3  230.8   1/2-   1/2  30    0.50    4.99    4.99    0.25    0.08       5.42    5.42    0.00   -3.09      0.660   0.660   0.000
   4  496.8   3/2-   1/2  30   -0.01    4.82    4.82    0.76    0.44       6.23    6.23    0.00   -2.71      0.760   0.760   0.000
   5  497.5   9/2-   9/2  35    3.13    2.51    2.51   18.78    4.08       3.98    3.98    0.00   -1.24      0.485   0.485   0.000
  
   6  706.8   5/2-  -3/2  32   -1.07    5.04    5.04    1.84    0.93       7.57    7.57    0.00   -2.35      0.923   0.923   0.000
   7 1094.9   9/2-  -7/2  34   -2.17    2.37    2.37   13.12    2.75       7.63    7.63    0.00   -1.07      0.931   0.931   0.000
   8 1265.7   5/2-   1/2  30   -0.08    4.60    4.60    0.87    0.23       8.72    8.72    0.00   -2.25      1.063   1.063   0.000
   9 1332.2   7/2-   1/2  30   -0.49    5.00    5.00    1.26    0.94       9.77    9.77    0.00   -1.70      1.191   1.191   0.000
  10 1567.0  11/2-  -3/2  28    0.08   23.63   23.63    2.93    6.20       5.93    5.93    0.00   -3.82      0.723   0.723   0.000
  
  11 1642.4  11/2-   9/2  35    2.40    2.68    2.68   17.96    3.49       8.69    8.69    0.00   -0.59      1.060   1.060   0.000
  12 1925.6   7/2-  -7/2  29   -2.07    5.50    5.50    7.44    1.98       9.22    9.22    0.00   -2.46      1.124   1.124   0.000
  13 1965.6   7/2-   1/2  33    0.23   15.14   15.14    0.72    3.38       9.95    9.95    0.00   -3.94      1.213   1.213   0.000
  14 1980.2   7/2-  -7/2  29   -1.92    5.31    5.31    6.14    1.53      10.19   10.19    0.00   -2.37      1.242   1.242   0.000
  15 1997.6   1/2-   1/2  33    0.50   11.00   11.00    0.25    1.06      10.58   10.58   -0.00   -4.64      1.290   1.290  -0.000
  
  16 2045.6   5/2-   1/2  33    0.33   11.50   11.50    0.42    2.33       9.19    9.19    0.00   -3.86      1.120   1.120   0.000
  17 2377.9   5/2-   5/2  27    2.37    5.99    5.99    6.10    2.06       7.33    7.33    0.00   -3.13      0.894   0.894   0.000
  18 2411.1  11/2-  -7/2  34   -1.62    2.46    2.46   13.54    2.40      12.75   12.75    0.00   -0.81      1.554   1.554   0.000
  19 2456.7   9/2-  -3/2  32   -0.81    5.02    5.02    1.60    0.76      14.40   14.40    0.00   -1.46      1.755   1.755   0.000
  20 2734.5   9/2-   1/2  33    0.26   18.94   18.94    3.42    4.12      12.54   12.54    0.00   -4.16      1.528   1.528   0.000
  
  21 2869.6  11/2- -11/2  25   -5.46    2.75    2.75   30.19    5.05       5.55    5.55    0.00   -1.66      0.677   0.677   0.000
  22 2879.8   9/2-   1/2  33    0.20   16.55   16.55    2.85    3.58      12.53   12.53    0.00   -3.62      1.528   1.528   0.000
  23 2883.5   5/2-  -3/2  39   -1.22    2.29    2.29    2.20    0.32       6.83    6.83   -0.00   -1.58      0.832   0.832  -0.000
  24 2960.8  11/2-   1/2  33    0.14   13.62   13.62    0.68    3.18      12.84   12.84    0.00   -1.76      1.566   1.566   0.000
  25 3023.3  13/2-   9/2  35    1.92    2.82    2.82   17.36    3.09      14.33   14.33    0.00   -0.27      1.747   1.747   0.000
  
  26 3346.9  13/2-   5/2  31    0.15   23.63   23.63    5.52    5.04      15.57   15.57    0.00   -3.15      1.899   1.899   0.000
  27 3956.5  13/2-  -7/2  34   -1.30    2.55    2.55   13.75    2.14      18.85   18.85    0.00   -0.63      2.298   2.298   0.000
  28 4457.6  13/2- -11/2  25   -5.44    2.75    2.75   30.12    4.31      12.10   12.10    0.00   -1.13      1.475   1.475   0.000
  29 4507.3  13/2-   1/2  33    0.18   12.07   12.07    0.64    2.67      18.13   18.13    0.00   -1.02      2.211   2.211   0.000
  30 5028.3   1/2-   1/2  37    0.50   15.86   15.86    0.25   -0.57      16.85   16.85    0.00   -5.59      2.055   2.055   0.000
  
  31 7549.8   1/2-   1/2  26    0.50   22.99   22.99    0.25   -3.45      26.48   26.48    0.00   -6.76      3.229   3.229   0.000
  32*******   1/2-  -3/2  32    0.00    0.00    0.00    0.00    0.00       0.00    0.00    0.00   -0.00      0.000   0.000   0.000
