1SPECTRUM OF (Z= 82 A=207) IN PARTICLE-ROTOR  MODEL WITH MODIFIED OSCILLATOR POTENTIAL


 PARITY=-   EPS= 0.408   GAMMA=  0.0   EPS4=0.000   EPS6=0.000   LEVELS:  25  26  27  28  29  30  31  32  33  34  35  36  37  38  39

 PAIRING FACTORS: GN0= 19.20  GN1=  7.40  IPAIR= 15 ***  E2PLUS(INPUT)=   0.730  E2PLUR(INPUT)=   0.000

 CORIOLIS ATTENUATION PARAMETERS:  CHSI=1.000  ETA=  1.00

 MOMENT OF INERTIA PARAMETERS:   A1=  0.122 MEV   A2=  0.122 MEV   A3=121.91924 MEV


 DELTA=0.842 MEV  LAMBDA=53.4856 MEV   HW0= 7.5667 MEV   LAMBDA/HW0= 7.0685

 E2ENERGY=0.730 MEV  HBAR**2/B=30866./A**(7/3)=5217.8/A**2 MEV

 IREC=0  =>  RECOIL TERMS j+j-, j+j+, jzjz, ETC TREATED AS ONE-BODY OPERATORS WITH UU+VV PAIRING FACTORS



 S. P. LEVEL   EQP       U     V        (UU + VV)**1.00

     25       3.532    0.120 0.993      1.000 1.000 0.999 0.998 0.996 0.913 0.900 0.868 0.524 0.489 0.375 0.345 0.257 0.243 0.237
     26       3.412    0.124 0.992      1.000 1.000 0.999 0.998 0.996 0.915 0.902 0.870 0.527 0.493 0.379 0.349 0.261 0.247 0.241
     27       2.628    0.162 0.987      0.999 0.999 1.000 1.000 0.999 0.930 0.918 0.889 0.560 0.526 0.414 0.385 0.298 0.284 0.278
     28       2.263    0.190 0.982      0.998 0.998 1.000 1.000 1.000 0.940 0.928 0.901 0.582 0.549 0.439 0.410 0.324 0.310 0.304
     29       2.072    0.208 0.978      0.996 0.996 0.999 1.000 1.000 0.946 0.935 0.909 0.597 0.564 0.456 0.427 0.342 0.328 0.322
     30       0.955    0.514 0.858      0.913 0.915 0.930 0.940 0.946 1.000 0.999 0.995 0.825 0.802 0.720 0.697 0.628 0.617 0.612
     31       0.925    0.541 0.841      0.900 0.902 0.918 0.928 0.935 0.999 1.000 0.998 0.843 0.820 0.742 0.720 0.653 0.642 0.637
     32       0.879    0.597 0.802      0.868 0.870 0.889 0.901 0.909 0.995 0.998 1.000 0.877 0.857 0.785 0.765 0.703 0.692 0.688
     33       1.110    0.909 0.418      0.524 0.527 0.560 0.582 0.597 0.825 0.843 0.877 1.000 0.999 0.986 0.980 0.958 0.954 0.952
     34       1.197    0.925 0.381      0.489 0.493 0.526 0.549 0.564 0.802 0.820 0.857 0.999 1.000 0.992 0.987 0.969 0.965 0.963
     35       1.674    0.965 0.261      0.375 0.379 0.414 0.439 0.456 0.720 0.742 0.785 0.986 0.992 1.000 0.999 0.992 0.990 0.990
     36       1.884    0.973 0.230      0.345 0.349 0.385 0.410 0.427 0.697 0.720 0.765 0.980 0.987 0.999 1.000 0.996 0.994 0.994
     37       3.058    0.990 0.139      0.257 0.261 0.298 0.324 0.342 0.628 0.653 0.703 0.958 0.969 0.992 0.996 1.000 1.000 1.000
     38       3.409    0.992 0.125      0.243 0.247 0.284 0.310 0.328 0.617 0.642 0.692 0.954 0.965 0.990 0.994 1.000 1.000 1.000
     39       3.583    0.993 0.118      0.237 0.241 0.278 0.304 0.322 0.612 0.637 0.688 0.952 0.963 0.990 0.994 1.000 1.000 1.000

  R CORE   ENERGY   A0R/A00=1.000    R3= 0     2  
   2( 1)    0.732                    1.000 0.000
   2( 2)  487.921                    0.000 1.000

  R CORE   ENERGY   A0R/A00=1.000    R3= 0     2  
   3( 1)  488.652                    0.000 1.000

  R CORE   ENERGY   A0R/A00=1.000    R3= 0     2     4  
   4( 1)    2.438                    1.000 0.000 0.000

  R CORE   ENERGY   A0R/A00=1.000    R3= 0     2     4  
   5( 1)  490.847                    0.000 1.000 0.000

  R CORE   ENERGY   A0R/A00=1.000    R3= 0     2     4     6  
   6( 1)    5.121                    1.000 0.000 0.000 0.000

  R CORE   ENERGY   A0R/A00=1.000    R3= 0     2     4     6  
   7( 1)  494.017                    0.000 1.000 0.000 0.000

          AXIAL SYMMETRY => K RESTRICTED TO OMEGA

                     K
     S.P. ORB#: 25 -5.50
     S.P. ORB#: 26  0.50
     S.P. ORB#: 27  2.50
     S.P. ORB#: 28 -1.50
     S.P. ORB#: 29 -3.50
     S.P. ORB#: 30  0.50
     S.P. ORB#: 31  2.50
     S.P. ORB#: 32 -1.50
     S.P. ORB#: 33  0.50
     S.P. ORB#: 34 -3.50
     S.P. ORB#: 35  4.50
     S.P. ORB#: 36 -3.50
     S.P. ORB#: 37  0.50
     S.P. ORB#: 38 -1.50
     S.P. ORB#: 39 -1.50
 

             ENERGY    K= OMEGA
 
 I=  1/2- (1)  2.279  30:-1.000
 
 I=  1/2- (2)  4.003  26:-0.203
                      33: 0.917
                      37:-0.343
 
 I=  1/2- (3)  7.045  26:-0.296
                      33: 0.277
                      37: 0.914
 
 I=  1/2- (4)  9.657  26: 0.933
                      33: 0.287
                      37: 0.215
 
 I=  1/2- (5)147.182  32:-1.000

             ENERGY    K= OMEGA
 
 I=  3/2- (1)  2.199  30: 0.482
                      32:-0.876
 
 I=  3/2- (2)  2.545  30:-0.860
                      32:-0.479
                      39:-0.177
 
 I=  3/2- (3)  3.878  26: 0.251
                      33:-0.929
                      37:-0.118
                      38: 0.239
 
 I=  3/2- (4)  4.270  30: 0.169
                      32: 0.061
                      39:-0.984
 
 I=  3/2- (5)  6.429  26: 0.711
                      28: 0.645
                      33: 0.257
                      37:-0.051
                      38: 0.099

             ENERGY    K= OMEGA
 
 I=  5/2- (1)  2.760  30:-0.458
                      32:-0.885
                      39: 0.062
 
 I=  5/2- (2)  3.317  27: 0.065
                      30:-0.839
                      32: 0.452
                      39: 0.298
 
 I=  5/2- (3)  4.056  26:-0.156
                      33: 0.810
                      37:-0.484
                      38: 0.289
 
 I=  5/2- (4)  4.412  27:-0.986
                      30:-0.077
                      32: 0.083
                      39:-0.126
 
 I=  5/2- (5)  4.990  27:-0.149
                      30: 0.284
                      32:-0.073
                      39: 0.944

             ENERGY    K= OMEGA
 
 I=  7/2- (1)  2.098  27: 0.147
                      34:-0.988
 
 I=  7/2- (2)  3.383  30: 0.711
                      32:-0.680
                      39: 0.171
 
 I=  7/2- (3)  3.965  27:-0.204
                      29:-0.819
                      30: 0.345
                      32: 0.373
                      39: 0.170
 
 I=  7/2- (4)  4.006  26: 0.068
                      28:-0.104
                      31:-0.144
                      33:-0.875
                      36:-0.058
                      37:-0.242
                      38: 0.369
 
 I=  7/2- (5)  4.025  29:-0.545
                      30:-0.518
                      32:-0.614
                      39:-0.238

             ENERGY    K= OMEGA
 
 I=  9/2- (1)  2.600  27: 0.089
                      29:-0.175
                      34: 0.375
                      35: 0.906
 
 I=  9/2- (2)  3.195  27:-0.195
                      29:-0.106
                      34:-0.901
                      35: 0.372
 
 I=  9/2- (3)  4.510  27:-0.058
                      30:-0.585
                      32:-0.788
                      39: 0.175
 
 I=  9/2- (4)  4.779  28: 0.280
                      31:-0.412
                      33:-0.640
                      36: 0.230
                      37: 0.431
                      38:-0.324
 
 I=  9/2- (5)  4.935  26: 0.240
                      28:-0.478
                      31: 0.567
                      33:-0.402
                      36:-0.329
                      37: 0.312
                      38:-0.161

             ENERGY    K= OMEGA
 
 I= 11/2- (1)  3.657  26: 0.537
                      28: 0.568
                      31: 0.482
                      33: 0.284
                      36: 0.221
                      37: 0.087
                      38:-0.138
 
 I= 11/2- (2)  3.745  27:-0.134
                      29:-0.236
                      34: 0.449
                      35:-0.850
 
 I= 11/2- (3)  4.512  25: 0.070
                      27:-0.230
                      29: 0.155
                      34: 0.851
                      35: 0.439
 
 I= 11/2- (4)  4.876  25: 0.997
                      35:-0.065
 
 I= 11/2- (5)  5.029  26:-0.300
                      28:-0.158
                      31:-0.090
                      33: 0.798
                      36:-0.052
                      37: 0.283
                      38:-0.397

             ENERGY    K= OMEGA
 
 I= 13/2- (1)  5.127  25:-0.052
                      27: 0.171
                      29:-0.278
                      34: 0.484
                      35: 0.810
 
 I= 13/2- (2)  5.437  26: 0.192
                      28:-0.557
                      31: 0.678
                      33: 0.145
                      36:-0.390
                      37:-0.062
                      38: 0.124
 
 I= 13/2- (3)  6.059  25:-0.101
                      27:-0.259
                      29:-0.192
                      34:-0.814
                      35: 0.471
 
 I= 13/2- (4)  6.465  25: 0.993
                      34:-0.058
                      35: 0.084
 
 I= 13/2- (5)  6.530  26:-0.152
                      28: 0.127
                      31:-0.088
                      33: 0.711
                      36: 0.061
                      37:-0.551
                      38: 0.375

             ENERGY     K=-3/2
  35 LEVELS    TIME=  0.0 SEC



 ******************* EXCITATION ENERGIES, DOMINANT CONFIGURATION AND EXPECTATION VALUES (WITH S.P. UU+VV FACTORS) *******************

  NR  Eex(keV)  I   Kdom  NY    <Jz>  <Jx**2> <Jy**2> <Jz**2> <I.j>/|I|  <Rx**2> <Ry**2> <Rz**2> <R.j>/|R|  <HROTx> <HROTy> <HROTz>

   1    0.0   7/2-  -7/2  34   -3.37    2.31    2.31   12.12    3.19       3.56    3.56    0.00   -1.52      0.434   0.434   0.000
   2  101.9   3/2-  -3/2  32   -1.03    5.03    5.03    1.78    1.27       5.33    5.33    0.00   -2.87      0.650   0.650   0.000
   3  181.7   1/2-   1/2  30    0.50    5.00    5.00    0.25    0.08       5.43    5.43    0.00   -3.09      0.662   0.662   0.000
   4  447.9   3/2-   1/2  30   -0.02    4.84    4.84    0.77    0.44       6.25    6.25    0.00   -2.72      0.762   0.762   0.000
   5  502.3   9/2-   9/2  35    3.11    2.51    2.51   18.77    4.08       3.99    3.99   -0.00   -1.24      0.487   0.487  -0.000
  
   6  662.1   5/2-  -3/2  32   -1.07    5.05    5.05    1.84    0.93       7.59    7.59    0.00   -2.36      0.925   0.925   0.000
   7 1097.2   9/2-  -7/2  34   -2.17    2.37    2.37   13.12    2.74       7.66    7.66    0.00   -1.08      0.934   0.934   0.000
   8 1219.7   5/2-   1/2  30   -0.08    4.62    4.62    0.86    0.22       8.77    8.77    0.00   -2.26      1.069   1.069   0.000
   9 1285.0   7/2-   1/2  30   -0.48    5.01    5.01    1.25    0.94       9.77    9.77    0.00   -1.70      1.191   1.191   0.000
  10 1559.2  11/2-  -3/2  28    0.09   23.62   23.62    2.92    6.18       5.98    5.98    0.00   -3.81      0.729   0.729   0.000
  
  11 1647.3  11/2-   9/2  35    2.39    2.68    2.68   17.96    3.48       8.71    8.71   -0.00   -0.60      1.062   1.062  -0.000
  12 1780.3   3/2-   1/2  33    0.38   12.46   12.46    0.37    2.29      10.09   10.09    0.00   -4.64      1.230   1.230   0.000
  13 1867.8   7/2-  -7/2  29   -2.44    5.74    5.74    8.88    2.35       8.72    8.72    0.00   -2.64      1.063   1.063   0.000
  14 1905.0   1/2-   1/2  33    0.50   10.95   10.95    0.25    1.06      10.53   10.53    0.00   -4.63      1.284   1.284   0.000
  15 1908.8   7/2-   1/2  33    0.23   15.10   15.10    0.71    3.35      10.04   10.04    0.00   -3.93      1.224   1.224   0.000
  
  16 1927.0   7/2-  -3/2  32   -1.56    5.10    5.10    4.70    1.16      10.73   10.73    0.00   -2.22      1.308   1.308   0.000
  17 1958.8   5/2-   1/2  33    0.33   11.47   11.47    0.42    2.32       9.19    9.19    0.00   -3.85      1.120   1.120   0.000
  18 2172.5   3/2-  -3/2  39   -1.44    1.99    1.99    2.19    0.93       3.17    3.17    0.00   -1.74      0.386   0.386   0.000
  19 2314.7   5/2-   5/2  27    2.40    6.01    6.01    6.12    2.06       7.35    7.35    0.00   -3.14      0.896   0.896   0.000
  20 2411.9   9/2-  -3/2  32   -0.80    5.03    5.03    1.60    0.76      14.41   14.41    0.00   -1.46      1.757   1.757   0.000
  
  21 2414.8  11/2-  -7/2  34   -1.64    2.46    2.46   13.55    2.40      12.77   12.77    0.00   -0.82      1.557   1.557   0.000
  22 2681.0   9/2-   1/2  33    0.26   16.32   16.32    2.27    3.55      12.17   12.17   -0.00   -3.50      1.483   1.483  -0.000
  23 2778.9  11/2- -11/2  25   -5.45    2.75    2.75   30.16    5.04       5.57    5.57    0.00   -1.66      0.679   0.679   0.000
  24 2837.6   9/2-   5/2  31    0.20   19.10   19.10    3.99    4.13      12.94   12.94   -0.00   -4.26      1.578   1.578  -0.000
  25 2892.2   5/2-  -3/2  39   -1.25    2.26    2.26    2.18    0.32       6.79    6.79    0.00   -1.56      0.827   0.827   0.000
  
  26 2931.8  11/2-   1/2  33    0.14   13.56   13.56    0.70    3.14      12.98   12.98    0.00   -1.77      1.582   1.582   0.000
  27 3029.0  13/2-   9/2  35    1.92    2.83    2.83   17.36    3.08      14.36   14.36    0.00   -0.28      1.751   1.751   0.000
  28 3339.3  13/2-   5/2  31    0.16   23.57   23.57    5.49    5.02      15.62   15.62   -0.00   -3.14      1.904   1.904  -0.000
  29 3961.5  13/2-  -7/2  34   -1.34    2.55    2.55   13.78    2.14      18.88   18.88   -0.00   -0.64      2.302   2.302  -0.000
  30 4331.8   3/2-   1/2  26   -0.35   22.29   22.29    1.10    5.04      14.96   14.96   -0.00   -6.57      1.824   1.824  -0.000
  
  31 4367.3  13/2- -11/2  25   -5.42    2.75    2.75   30.07    4.30      12.13   12.13    0.00   -1.13      1.479   1.479   0.000
  32 4432.3  13/2-   1/2  33    0.19   12.06   12.06    0.66    2.66      18.18   18.18    0.00   -1.03      2.216   2.216   0.000
  33 4947.5   1/2-   1/2  37    0.50   15.85   15.85    0.25   -0.56      16.83   16.83   -0.00   -5.59      2.052   2.052  -0.000
  34 7559.9   1/2-   1/2  26    0.50   22.97   22.97    0.25   -3.46      26.46   26.46   -0.00   -6.76      3.226   3.226  -0.000
  35*******   1/2-  -3/2  32    0.00    0.00    0.00    0.00    0.00       0.00    0.00    0.00   -0.00      0.000   0.000   0.000
  
