1SPECTRUM OF (Z= 82 A=207) IN PARTICLE-ROTOR  MODEL WITH MODIFIED OSCILLATOR POTENTIAL


 PARITY=-   EPS= 0.381   GAMMA=  0.0   EPS4=0.000   EPS6=0.000   LEVELS:  25  26  27  28  29  30  31  32  33  34  35  36  37  38  39

 PAIRING FACTORS: GN0= 19.20  GN1=  7.40  IPAIR= 15 ***  E2PLUS(INPUT)=   0.730  E2PLUR(INPUT)=   0.000

 CORIOLIS ATTENUATION PARAMETERS:  CHSI=1.000  ETA=  1.00

 MOMENT OF INERTIA PARAMETERS:   A1=  0.122 MEV   A2=  0.122 MEV   A3=121.91924 MEV


 DELTA=0.861 MEV  LAMBDA=53.4524 MEV   HW0= 7.5453 MEV   LAMBDA/HW0= 7.0842

 E2ENERGY=0.730 MEV  HBAR**2/B=26916./A**(7/3)=4550.0/A**2 MEV

 IREC=0  =>  RECOIL TERMS j+j-, j+j+, jzjz, ETC TREATED AS ONE-BODY OPERATORS WITH UU+VV PAIRING FACTORS



 S. P. LEVEL   EQP       U     V        (UU + VV)**1.00

     25       3.984    0.109 0.994      1.000 0.999 0.999 0.997 0.991 0.940 0.910 0.800 0.627 0.449 0.389 0.323 0.245 0.233 0.230
     26       2.852    0.153 0.988      0.999 1.000 1.000 0.999 0.996 0.955 0.928 0.826 0.661 0.488 0.429 0.365 0.287 0.276 0.273
     27       2.792    0.156 0.988      0.999 1.000 1.000 0.999 0.996 0.956 0.929 0.828 0.664 0.491 0.432 0.368 0.291 0.279 0.276
     28       2.293    0.191 0.982      0.997 0.999 0.999 1.000 0.999 0.965 0.941 0.848 0.690 0.522 0.464 0.401 0.325 0.314 0.310
     29       1.820    0.244 0.970      0.991 0.996 0.996 0.999 1.000 0.978 0.958 0.875 0.728 0.567 0.511 0.450 0.375 0.364 0.361
     30       1.089    0.441 0.898      0.940 0.955 0.956 0.965 0.978 1.000 0.997 0.957 0.855 0.726 0.679 0.626 0.560 0.550 0.547
     31       0.980    0.511 0.860      0.910 0.928 0.929 0.941 0.958 0.997 1.000 0.977 0.894 0.779 0.736 0.686 0.625 0.615 0.613
     32       0.863    0.683 0.730      0.800 0.826 0.828 0.848 0.875 0.957 0.977 1.000 0.969 0.895 0.863 0.826 0.777 0.770 0.768
     33       0.949    0.843 0.539      0.627 0.661 0.664 0.690 0.728 0.855 0.894 0.969 1.000 0.978 0.961 0.940 0.909 0.904 0.902
     34       1.315    0.937 0.349      0.449 0.488 0.491 0.522 0.567 0.726 0.779 0.895 0.978 1.000 0.998 0.991 0.976 0.974 0.973
     35       1.570    0.958 0.286      0.389 0.429 0.432 0.464 0.511 0.679 0.736 0.863 0.961 0.998 1.000 0.998 0.988 0.987 0.986
     36       2.022    0.976 0.218      0.323 0.365 0.368 0.401 0.450 0.626 0.686 0.826 0.940 0.991 0.998 1.000 0.997 0.996 0.995
     37       3.156    0.990 0.138      0.245 0.287 0.291 0.325 0.375 0.560 0.625 0.777 0.909 0.976 0.988 0.997 1.000 1.000 1.000
     38       3.443    0.992 0.126      0.233 0.276 0.279 0.314 0.364 0.550 0.615 0.770 0.904 0.974 0.987 0.996 1.000 1.000 1.000
     39       3.534    0.992 0.123      0.230 0.273 0.276 0.310 0.361 0.547 0.613 0.768 0.902 0.973 0.986 0.995 1.000 1.000 1.000

  R CORE   ENERGY   A0R/A00=1.000    R3= 0     2  
   2( 1)    0.732                    1.000 0.000
   2( 2)  487.921                    0.000 1.000

  R CORE   ENERGY   A0R/A00=1.000    R3= 0     2  
   3( 1)  488.652                    0.000 1.000

  R CORE   ENERGY   A0R/A00=1.000    R3= 0     2     4  
   4( 1)    2.438                    1.000 0.000 0.000

  R CORE   ENERGY   A0R/A00=1.000    R3= 0     2     4  
   5( 1)  490.847                    0.000 1.000 0.000

  R CORE   ENERGY   A0R/A00=1.000    R3= 0     2     4     6  
   6( 1)    5.121                    1.000 0.000 0.000 0.000

  R CORE   ENERGY   A0R/A00=1.000    R3= 0     2     4     6  
   7( 1)  494.017                    0.000 1.000 0.000 0.000

          AXIAL SYMMETRY => K RESTRICTED TO OMEGA

                     K
     S.P. ORB#: 25 -5.50
     S.P. ORB#: 26  2.50
     S.P. ORB#: 27  0.50
     S.P. ORB#: 28 -3.50
     S.P. ORB#: 29 -1.50
     S.P. ORB#: 30  0.50
     S.P. ORB#: 31 -1.50
     S.P. ORB#: 32  2.50
     S.P. ORB#: 33 -3.50
     S.P. ORB#: 34  4.50
     S.P. ORB#: 35  0.50
     S.P. ORB#: 36 -3.50
     S.P. ORB#: 37 -1.50
     S.P. ORB#: 38  2.50
     S.P. ORB#: 39  0.50
 

             ENERGY    K= OMEGA
 
 I=  1/2- (1)  2.386  30: 1.000
 
 I=  1/2- (2)  4.532  27:-0.193
                      35: 0.909
                      39:-0.368
 
 I=  1/2- (3)  7.406  27:-0.380
                      35: 0.277
                      39: 0.883
 
 I=  1/2- (4)  9.299  27: 0.905
                      35: 0.310
                      39: 0.292
 
 I=  1/2- (5)147.283  31:-1.000

             ENERGY    K= OMEGA
 
 I=  3/2- (1)  2.281  30: 0.448
                      31:-0.894
 
 I=  3/2- (2)  2.645  30: 0.866
                      31: 0.440
                      37: 0.239

             ENERGY    K= OMEGA
 
 I=  5/2- (1)  2.740  30: 0.397
                      31: 0.878
                      37:-0.084
                      38:-0.251
 
 I=  5/2- (2)  3.371  26: 0.057
                      30:-0.835
                      31: 0.385
                      37: 0.378
                      38:-0.093
 
 I=  5/2- (3)  4.165  26:-0.138
                      30:-0.212
                      31:-0.180
                      37:-0.468
                      38:-0.827
 
 I=  5/2- (4)  4.614  26: 0.833
                      30: 0.173
                      31:-0.178
                      37: 0.354
                      38:-0.345
 
 I=  5/2- (5)  4.743  26: 0.531
                      30:-0.265
                      31: 0.131
                      37:-0.711
                      38: 0.353

             ENERGY    K= OMEGA
 
 I=  7/2- (1)  1.817  26:-0.159
                      33: 0.986
 
 I=  7/2- (2)  3.317  30: 0.560
                      31:-0.749
                      37: 0.183
                      38:-0.299
 
 I=  7/2- (3)  4.006  27:-0.627
                      29:-0.587
                      32:-0.468
                      36:-0.207
 
 I=  7/2- (4)  4.014  26: 0.074
                      30:-0.730
                      31:-0.542
                      37:-0.348
                      38:-0.214
 
 I=  7/2- (5)  4.180  26: 0.194
                      28: 0.973
                      38: 0.100

             ENERGY    K= OMEGA
 
 I=  9/2- (1)  2.241  26: 0.087
                      28:-0.163
                      33: 0.348
                      34: 0.919
 
 I=  9/2- (2)  2.873  26:-0.213
                      28:-0.099
                      33:-0.906
                      34: 0.347
                      38: 0.051
 
 I=  9/2- (3)  4.277  30:-0.440
                      31:-0.783
                      33: 0.060
                      37: 0.200
                      38: 0.384
 
 I=  9/2- (4)  4.727  27:-0.209
                      29: 0.550
                      32:-0.689
                      36: 0.422
 
 I=  9/2- (5)  5.247  26: 0.166
                      28:-0.253
                      30:-0.675
                      31: 0.445
                      33:-0.056
                      37: 0.484
                      38:-0.127

             ENERGY    K= OMEGA
 
 I= 11/2- (1)  3.376  26:-0.138
                      28:-0.221
                      33: 0.438
                      34:-0.860
 
 I= 11/2- (2)  3.418  27:-0.618
                      29:-0.586
                      32:-0.461
                      35:-0.092
                      36:-0.230
 
 I= 11/2- (3)  4.154  26: 0.249
                      28:-0.147
                      31:-0.066
                      33:-0.847
                      34:-0.435
                      38:-0.072
 
 I= 11/2- (4)  5.272  30: 0.573
                      31:-0.676
                      33: 0.077
                      37: 0.268
                      38:-0.365
 
 I= 11/2- (5)  5.328  25: 0.998

             ENERGY    K= OMEGA
 
 I= 13/2- (1)  4.740  26: 0.179
                      28:-0.260
                      33: 0.486
                      34: 0.813
 
 I= 13/2- (2)  5.256  27:-0.215
                      29: 0.558
                      32:-0.678
                      36: 0.427
 
 I= 13/2- (3)  5.663  26:-0.275
                      28:-0.187
                      31:-0.093
                      33:-0.799
                      34: 0.481
                      38: 0.095
 
 I= 13/2- (4)  6.753  30:-0.449
                      31:-0.720
                      33: 0.110
                      34:-0.056
                      37: 0.271
                      38: 0.434
 
 I= 13/2- (5)  6.915  25: 0.998

             ENERGY     K= 1/2
  32 LEVELS    TIME=  0.0 SEC



 ******************* EXCITATION ENERGIES, DOMINANT CONFIGURATION AND EXPECTATION VALUES (WITH S.P. UU+VV FACTORS) *******************

  NR  Eex(keV)  I   Kdom  NY    <Jz>  <Jx**2> <Jy**2> <Jz**2> <I.j>/|I|  <Rx**2> <Ry**2> <Rz**2> <R.j>/|R|  <HROTx> <HROTy> <HROTz>

   1    0.0   7/2-  -7/2  33   -3.34    2.30    2.30   12.09    3.24       3.35    3.35    0.00   -1.48      0.408   0.408   0.000
   2  423.9   9/2-   9/2  34    3.30    2.50    2.50   18.96    4.13       3.82    3.82    0.00   -1.24      0.466   0.466   0.000
   3  463.9   3/2-  -3/2  31   -1.10    4.93    4.93    1.85    1.29       5.24    5.24   -0.00   -2.85      0.639   0.639  -0.000
   4  568.4   1/2-   1/2  30    0.50    4.91    4.91    0.25    0.10       5.32    5.32    0.00   -3.06      0.648   0.648   0.000
   5  828.0   3/2-   1/2  30   -0.00    4.65    4.65    0.75    0.47       5.99    5.99    0.00   -2.64      0.730   0.730   0.000
  
   6  922.2   5/2-  -3/2  31   -0.93    4.76    4.76    2.19    1.28       6.43    6.43   -0.00   -2.21      0.784   0.784  -0.000
   7 1055.5   9/2-  -7/2  33   -2.25    2.37    2.37   12.91    2.80       7.27    7.27    0.00   -0.98      0.887   0.887   0.000
   8 1499.4   7/2-  -3/2  31   -0.52    4.64    4.64    2.00    1.33       8.23    8.23    0.00   -1.48      1.004   1.004   0.000
   9 1553.9   5/2-   1/2  30   -0.06    4.33    4.33    0.90    0.35       8.11    8.11    0.00   -2.12      0.989   0.989   0.000
  10 1558.5  11/2-   9/2  34    2.53    2.67    2.67   18.06    3.54       8.41    8.41    0.00   -0.55      1.026   1.026   0.000
  
  11 1600.9  11/2-   1/2  27    0.03   23.34   23.34    2.85    6.16       5.83    5.83    0.00   -3.73      0.710   0.710   0.000
  12 2189.0   7/2-   1/2  27    0.08   22.92   22.92    2.77    6.04       8.22    8.22    0.00   -6.08      1.002   1.002   0.000
  13 2196.2   7/2-   1/2  30   -0.23    4.26    4.26    1.40    0.56      10.62   10.62    0.00   -1.67      1.294   1.294   0.000
  14 2336.3  11/2-  -7/2  33   -1.57    2.46    2.46   13.32    2.48      12.19   12.19    0.00   -0.70      1.487   1.487   0.000
  15 2347.3   5/2-   5/2  38    1.40    2.08    2.08    4.97    1.66       4.02    4.02   -0.00   -1.49      0.491   0.491  -0.000
  
  16 2362.3   7/2-  -7/2  28   -3.20    6.17    6.17   11.91    3.12       7.62    7.62    0.00   -3.04      0.929   0.929   0.000
  17 2459.1   9/2-  -3/2  31   -0.53    4.45    4.45    2.51    1.31      11.57   11.57   -0.00   -1.02      1.411   1.411  -0.000
  18 2714.9   1/2-   1/2  35    0.50   11.20   11.20    0.25    0.96      10.87   10.87    0.00   -4.68      1.325   1.325   0.000
  19 2796.9   5/2-   5/2  26    1.81    5.01    5.01    5.44    1.64       7.24    7.24   -0.00   -2.79      0.883   0.883  -0.000
  20 2909.2   9/2-   5/2  32    0.13   23.81   23.81    5.84    5.15      13.46   13.46   -0.00   -5.36      1.641   1.641  -0.000
  
  21 2922.9  13/2-   9/2  34    1.98    2.82    2.82   17.37    3.15      13.91   13.91    0.00   -0.20      1.696   1.696   0.000
  22 2925.3   5/2-  -3/2  37    0.27    3.35    3.35    3.74    0.72       7.46    7.46   -0.00   -2.15      0.909   0.909  -0.000
  23 3429.4   9/2-   1/2  30   -0.54    4.06    4.06    2.22    0.61      14.49   14.49   -0.00   -1.35      1.766   1.766  -0.000
  24 3438.9  13/2-   5/2  32    0.07   23.81   23.81    5.82    5.09      15.56   15.56   -0.00   -3.21      1.897   1.897  -0.000
  25 3454.3  11/2-  -3/2  31   -0.32    4.40    4.40    2.26    1.33      15.44   15.44    0.00   -0.56      1.883   1.883   0.000
  
  26 3510.2  11/2- -11/2  25   -5.48    2.75    2.75   30.19    5.05       5.54    5.54    0.00   -1.66      0.676   0.676   0.000
  27 3845.6  13/2-  -7/2  33   -1.12    2.55    2.55   13.53    2.23      18.09   18.09    0.00   -0.50      2.205   2.205   0.000
  28 4935.7  13/2-  -3/2  31   -0.35    4.22    4.22    2.82    1.29      21.00   21.00   -0.00   -0.35      2.560   2.560  -0.000
  29 5097.1  13/2- -11/2  25   -5.47    2.75    2.75   30.18    4.32      12.06   12.06    0.00   -1.13      1.470   1.470   0.000
  30 5588.6   1/2-   1/2  39    0.50   15.92   15.92    0.25   -0.59      16.93   16.93    0.00   -5.60      2.065   2.065   0.000
  
  31 7481.3   1/2-   1/2  27    0.50   23.45   23.45    0.25   -3.42      26.91   26.91    0.00   -6.83      3.281   3.281   0.000
  32*******   1/2-  -3/2  31    0.00    0.00    0.00    0.00    0.00       0.00    0.00    0.00   -0.00      0.000   0.000   0.000
