1SPECTRUM OF (Z= 82 A=207) IN PARTICLE-ROTOR  MODEL WITH MODIFIED OSCILLATOR POTENTIAL


 PARITY=-   EPS= 0.295   GAMMA=  0.0   EPS4=0.000   EPS6=0.000   LEVELS:  25  26  27  28  29  30  31  32  33  34  35  36  37  38  39

 PAIRING FACTORS: GN0= 19.20  GN1=  7.40  IPAIR= 15 ***  E2PLUS(INPUT)=   0.730  E2PLUR(INPUT)=   0.000

 CORIOLIS ATTENUATION PARAMETERS:  CHSI=1.000  ETA=  1.00

 MOMENT OF INERTIA PARAMETERS:   A1=  0.122 MEV   A2=  0.122 MEV   A3=121.91924 MEV


 DELTA=0.951 MEV  LAMBDA=53.2904 MEV   HW0= 7.4889 MEV   LAMBDA/HW0= 7.1160

 E2ENERGY=0.730 MEV  HBAR**2/B=16136./A**(7/3)=2727.8/A**2 MEV

 IREC=0  =>  RECOIL TERMS j+j-, j+j+, jzjz, ETC TREATED AS ONE-BODY OPERATORS WITH UU+VV PAIRING FACTORS



 S. P. LEVEL   EQP       U     V        (UU + VV)**1.00

     25       4.118    0.116 0.993      1.000 1.000 0.999 0.976 0.965 0.957 0.931 0.868 0.782 0.465 0.354 0.326 0.301 0.278 0.257
     26       3.433    0.140 0.990      1.000 1.000 1.000 0.981 0.971 0.964 0.939 0.880 0.797 0.486 0.377 0.348 0.323 0.301 0.280
     27       2.879    0.167 0.986      0.999 1.000 1.000 0.986 0.977 0.971 0.948 0.892 0.813 0.510 0.402 0.374 0.349 0.328 0.306
     28       1.521    0.331 0.944      0.976 0.981 0.986 1.000 0.999 0.997 0.988 0.956 0.900 0.648 0.551 0.525 0.502 0.482 0.463
     29       1.375    0.373 0.928      0.965 0.971 0.977 0.999 1.000 1.000 0.994 0.968 0.918 0.681 0.587 0.562 0.540 0.521 0.501
     30       1.298    0.399 0.917      0.957 0.964 0.971 0.997 1.000 1.000 0.997 0.975 0.929 0.702 0.611 0.586 0.564 0.545 0.526
     31       1.143    0.472 0.882      0.931 0.939 0.948 0.988 0.994 0.997 1.000 0.990 0.956 0.757 0.672 0.649 0.629 0.611 0.593
     32       0.995    0.594 0.804      0.868 0.880 0.892 0.956 0.968 0.975 0.990 1.000 0.988 0.843 0.772 0.752 0.735 0.719 0.703
     33       0.951    0.710 0.704      0.782 0.797 0.813 0.900 0.918 0.929 0.956 0.988 1.000 0.915 0.860 0.844 0.829 0.816 0.803
     34       1.420    0.933 0.359      0.465 0.486 0.510 0.648 0.681 0.702 0.757 0.843 0.915 1.000 0.993 0.989 0.984 0.980 0.975
     35       2.014    0.970 0.243      0.354 0.377 0.402 0.551 0.587 0.611 0.672 0.772 0.860 0.993 1.000 1.000 0.998 0.997 0.995
     36       2.279    0.977 0.214      0.326 0.348 0.374 0.525 0.562 0.586 0.649 0.752 0.844 0.989 1.000 1.000 1.000 0.999 0.997
     37       2.579    0.982 0.188      0.301 0.323 0.349 0.502 0.540 0.564 0.629 0.735 0.829 0.984 0.998 1.000 1.000 1.000 0.999
     38       2.922    0.986 0.165      0.278 0.301 0.328 0.482 0.521 0.545 0.611 0.719 0.816 0.980 0.997 0.999 1.000 1.000 1.000
     39       3.365    0.990 0.143      0.257 0.280 0.306 0.463 0.501 0.526 0.593 0.703 0.803 0.975 0.995 0.997 0.999 1.000 1.000

  R CORE   ENERGY   A0R/A00=1.000    R3= 0     2  
   2( 1)    0.732                    1.000 0.000
   2( 2)  487.921                    0.000 1.000

  R CORE   ENERGY   A0R/A00=1.000    R3= 0     2  
   3( 1)  488.652                    0.000 1.000

  R CORE   ENERGY   A0R/A00=1.000    R3= 0     2     4  
   4( 1)    2.438                    1.000 0.000 0.000

  R CORE   ENERGY   A0R/A00=1.000    R3= 0     2     4  
   5( 1)  490.847                    0.000 1.000 0.000

  R CORE   ENERGY   A0R/A00=1.000    R3= 0     2     4     6  
   6( 1)    5.121                    1.000 0.000 0.000 0.000

  R CORE   ENERGY   A0R/A00=1.000    R3= 0     2     4     6  
   7( 1)  494.017                    0.000 1.000 0.000 0.000

          AXIAL SYMMETRY => K RESTRICTED TO OMEGA

                     K
     S.P. ORB#: 25  0.50
     S.P. ORB#: 26  2.50
     S.P. ORB#: 27 -3.50
     S.P. ORB#: 28  0.50
     S.P. ORB#: 29 -1.50
     S.P. ORB#: 30 -3.50
     S.P. ORB#: 31  0.50
     S.P. ORB#: 32  4.50
     S.P. ORB#: 33 -1.50
     S.P. ORB#: 34  2.50
     S.P. ORB#: 35 -1.50
     S.P. ORB#: 36  2.50
     S.P. ORB#: 37 -3.50
     S.P. ORB#: 38  0.50
     S.P. ORB#: 39  0.50
 

             ENERGY    K= OMEGA
 
 I=  1/2- (1)  2.710  28:-0.997
                      38:-0.074
 
 I=  1/2- (2)  3.245  25:-0.067
                      28: 0.071
                      38:-0.995
 
 I=  1/2- (3)  5.613  25: 0.997
                      38:-0.064
 
 I=  1/2- (4)  6.303  31:-0.588
                      39: 0.809
 
 I=  1/2- (5)  9.065  31: 0.809
                      39: 0.588

             ENERGY    K= OMEGA
 
 I=  3/2- (1)  2.405  25: 0.145
                      28: 0.459
                      29: 0.385
                      35: 0.777
                      38:-0.128
 
 I=  3/2- (2)  2.575  28:-0.409
                      29: 0.887
                      35:-0.209

             ENERGY    K= OMEGA
 
 I=  5/2- (1)  2.470  25:-0.218
                      28: 0.397
                      29: 0.642
                      35:-0.272
                      36:-0.536
                      38: 0.146
 
 I=  5/2- (2)  3.025  25:-0.117
                      26: 0.056
                      28:-0.071
                      29: 0.513
                      35: 0.790
                      36: 0.253
                      38: 0.164
 
 I=  5/2- (3)  3.148  25: 0.142
                      28:-0.512
                      29:-0.111
                      35: 0.318
                      36:-0.766
                      38:-0.129
 
 I=  5/2- (4)  4.035  25: 0.112
                      28: 0.310
                      29:-0.406
                      35: 0.198
                      36:-0.182
                      38: 0.809
 
 I=  5/2- (5)  4.179  25:-0.135
                      28: 0.656
                      29:-0.305
                      35: 0.398
                      36:-0.167
                      38:-0.521

             ENERGY    K= OMEGA
 
 I=  7/2- (1)  2.067  26: 0.211
                      27:-0.060
                      30:-0.975
 
 I=  7/2- (2)  3.196  28:-0.313
                      29: 0.545
                      35:-0.399
                      36: 0.664
 
 I=  7/2- (3)  3.249  31:-0.737
                      33:-0.571
                      34:-0.334
                      37:-0.133
 
 I=  7/2- (4)  3.372  25:-0.304
                      28:-0.589
                      29:-0.476
                      35:-0.510
                      36:-0.169
                      38: 0.206
 
 I=  7/2- (5)  4.232  26:-0.076
                      27:-0.152
                      28:-0.528
                      29: 0.570
                      35: 0.257
                      36:-0.549

             ENERGY    K= OMEGA
 
 I=  9/2- (1)  1.830  26:-0.065
                      27: 0.221
                      30:-0.189
                      32:-0.955
 
 I=  9/2- (2)  2.984  26:-0.288
                      27:-0.093
                      29:-0.061
                      30:-0.931
                      32: 0.182
                      36: 0.059
 
 I=  9/2- (3)  3.465  25:-0.346
                      28: 0.469
                      29: 0.638
                      30:-0.074
                      35:-0.250
                      36:-0.384
                      38: 0.189
 
 I=  9/2- (4)  4.477  31: 0.239
                      33:-0.603
                      34: 0.649
                      37:-0.399
 
 I=  9/2- (5)  4.783  25: 0.175
                      26:-0.086
                      27: 0.089
                      29:-0.379
                      35:-0.732
                      36:-0.454
                      38:-0.255

             ENERGY    K= OMEGA
 
 I= 11/2- (1)  2.476  31:-0.689
                      33:-0.578
                      34:-0.390
                      37:-0.193
 
 I= 11/2- (2)  2.865  26: 0.110
                      27: 0.298
                      30:-0.262
                      32: 0.911
 
 I= 11/2- (3)  4.132  26: 0.339
                      27:-0.126
                      29:-0.066
                      30:-0.890
                      32:-0.256
                      36:-0.066
 
 I= 11/2- (4)  5.086  25: 0.098
                      28:-0.286
                      29: 0.604
                      30:-0.052
                      35:-0.379
                      36: 0.625
 
 I= 11/2- (5)  5.185  25:-0.379
                      28:-0.646
                      29:-0.412
                      30: 0.085
                      35:-0.451
                      36:-0.093
                      38: 0.222

             ENERGY    K= OMEGA
 
 I= 13/2- (1)  4.120  26:-0.150
                      27: 0.346
                      30:-0.313
                      32:-0.871
 
 I= 13/2- (2)  4.697  31:-0.225
                      33: 0.582
                      34:-0.655
                      37: 0.425
 
 I= 13/2- (3)  5.327  25: 0.404
                      26:-0.111
                      27:-0.058
                      28:-0.463
                      29:-0.602
                      30:-0.249
                      32: 0.074
                      35: 0.197
                      36: 0.317
                      38:-0.194
 
 I= 13/2- (4)  5.537  25:-0.127
                      26:-0.357
                      27:-0.146
                      28: 0.165
                      29: 0.159
                      30:-0.819
                      32: 0.302
                      35:-0.117
                      36:-0.051
                      38: 0.059
 
 I= 13/2- (5)  7.487  25: 0.192
                      26:-0.085
                      27: 0.091
                      29:-0.270
                      30: 0.063
                      32: 0.054
                      35:-0.699
                      36:-0.539
                      38:-0.297

             ENERGY     K= 1/2
  32 LEVELS    TIME=  0.0 SEC



 ******************* EXCITATION ENERGIES, DOMINANT CONFIGURATION AND EXPECTATION VALUES (WITH S.P. UU+VV FACTORS) *******************

  NR  Eex(keV)  I   Kdom  NY    <Jz>  <Jx**2> <Jy**2> <Jz**2> <I.j>/|I|  <Rx**2> <Ry**2> <Rz**2> <R.j>/|R|  <HROTx> <HROTy> <HROTz>

   1    0.0   9/2-   9/2  32    3.82    2.57    2.57   19.51    4.37       2.96    2.96   -0.00   -1.20      0.361   0.361  -0.000
   2  237.1   7/2-  -7/2  30   -3.23    2.31    2.31   11.97    3.39       2.73    2.73    0.00   -1.35      0.333   0.333   0.000
   3  575.1   3/2-  -3/2  35   -1.00    2.47    2.47    1.75    1.57       2.18    2.18   -0.00   -1.75      0.265   0.265  -0.000
   4  640.4   5/2-  -3/2  29    0.10    3.90    3.90    2.95    2.46       2.47    2.47    0.00   -1.56      0.301   0.301   0.000
   5  646.7  11/2-   1/2  31   -0.01   25.50   25.50    2.28    6.56       5.32    5.32    0.00   -4.32      0.649   0.649   0.000
  
   6  745.7   3/2-  -3/2  29   -1.16    4.62    4.62    1.91    1.43       4.68    4.68    0.00   -2.74      0.571   0.571   0.000
   7  879.7   1/2-   1/2  28    0.50    4.64    4.64    0.25    0.36       4.83    4.83    0.00   -2.97      0.589   0.589   0.000
   8 1035.4  11/2-   9/2  32    3.21    2.82    2.82   18.81    3.90       6.78    6.78   -0.00   -0.31      0.826   0.826  -0.000
   9 1154.6   9/2-  -7/2  30   -2.70    2.44    2.44   11.94    2.94       6.15    6.15    0.00   -0.62      0.750   0.750   0.000
  10 1195.0   5/2-  -3/2  35   -1.14    2.20    2.20    2.43    1.10       4.54    4.54   -0.00   -1.19      0.554   0.554  -0.000
  
  11 1318.6   5/2-   5/2  36    1.45    2.79    2.79    4.00    1.63       4.34    4.34    0.00   -1.61      0.529   0.529   0.000
  12 1366.5   7/2-   5/2  36    0.46    3.08    3.08    3.84    1.90       5.32    5.32    0.00   -0.75      0.649   0.649   0.000
  13 1415.0   1/2-   1/2  38    0.50    1.45    1.45    0.25    0.71       1.33    1.33   -0.00   -1.55      0.162   0.162  -0.000
  14 1419.2   7/2-   1/2  31    0.00   24.89   24.89    1.78    6.30       8.65    8.65    0.00   -6.39      1.055   1.055   0.000
  15 1542.5   7/2-   1/2  28   -0.42    3.30    3.30    1.42    1.51       5.88    5.88   -0.00   -0.59      0.717   0.717  -0.000
  
  16 1634.8   9/2-  -3/2  29   -0.16    4.55    4.55    2.16    2.38       6.15    6.15    0.00    0.17      0.750   0.750   0.000
  17 2204.8   5/2-   1/2  38    0.16    2.40    2.40    0.86    0.29       6.33    6.33    0.00   -1.34      0.772   0.772   0.000
  18 2290.0  13/2-   9/2  32    2.71    3.03    3.03   18.18    3.57      11.54   11.54    0.00    0.15      1.407   1.407   0.000
  19 2301.8  11/2-  -7/2  30   -2.24    2.54    2.54   11.99    2.65      10.56   10.56    0.00   -0.26      1.288   1.288   0.000
  20 2349.1   5/2-   1/2  28    0.06    3.25    3.25    0.92   -0.24       8.79    8.79    0.00   -1.94      1.072   1.072   0.000
  
  21 2402.3   7/2-  -3/2  29    0.24    3.42    3.42    3.15    0.71      10.07   10.07    0.00   -1.60      1.228   1.228   0.000
  22 2647.7   9/2-   5/2  34   -0.02   25.30   25.30    5.41    5.59      12.55   12.55   -0.00   -5.62      1.530   1.530  -0.000
  23 2867.7  13/2-   5/2  34   -0.04   25.27   25.27    5.67    5.61      13.29   13.29   -0.00   -3.30      1.620   1.620  -0.000
  24 2952.8   9/2-  -3/2  35   -0.47    2.14    2.14    3.02    1.02      10.94   10.94    0.00   -0.47      1.334   1.334   0.000
  25 3255.9  11/2-   5/2  36    0.26    3.31    3.31    3.71    1.64      13.21   13.21    0.00   -0.10      1.611   1.611   0.000
  
  26 3355.0  11/2-   1/2  28   -0.26    3.54    3.54    1.14    1.52      12.88   12.88    0.00    0.17      1.570   1.570   0.000
  27 3496.9  13/2-  -3/2  29   -0.32    4.69    4.69    2.62    2.43      13.43   13.43    0.00    0.95      1.638   1.638   0.000
  28 3707.7  13/2-  -7/2  30   -1.72    2.83    2.83   11.24    2.42      15.95   15.95   -0.00   -0.00      1.945   1.945  -0.000
  29 3783.0   1/2-   1/2  25    0.50    6.26    6.26    0.25    0.68       6.17    6.17    0.00   -3.47      0.752   0.752   0.000
  30 4473.4   1/2-   1/2  39    0.50   12.97   12.97    0.25   -2.00      15.20   15.20    0.00   -5.06      1.854   1.854   0.000
  
  31 5656.8  13/2-  -3/2  35   -0.06    2.07    2.07    3.36    0.93      21.63   21.63   -0.00   -0.15      2.637   2.637  -0.000
  32 7235.0   1/2-   1/2  31    0.50   25.73   25.73    0.25   -3.58      29.34   29.34    0.00   -7.16      3.577   3.577   0.000
