1SPECTRUM OF (Z= 82 A=207) IN PARTICLE-ROTOR  MODEL WITH MODIFIED OSCILLATOR POTENTIAL


 PARITY=-   EPS= 0.209   GAMMA=  0.0   EPS4=0.000   EPS6=0.000   LEVELS:  24  25  26  27  28  29  30  31  32  33  34  35  36  37  38

 PAIRING FACTORS: GN0= 19.20  GN1=  7.40  IPAIR= 15 ***  E2PLUS(INPUT)=   0.730  E2PLUR(INPUT)=   0.000

 CORIOLIS ATTENUATION PARAMETERS:  CHSI=1.000  ETA=  1.00

 MOMENT OF INERTIA PARAMETERS:   A1=  0.122 MEV   A2=  0.122 MEV   A3=121.91924 MEV


 DELTA=0.945 MEV  LAMBDA=53.4869 MEV   HW0= 7.4489 MEV   LAMBDA/HW0= 7.1805

 E2ENERGY=0.730 MEV  HBAR**2/B= 8099./A**(7/3)=1369.2/A**2 MEV

 IREC=0  =>  RECOIL TERMS j+j-, j+j+, jzjz, ETC TREATED AS ONE-BODY OPERATORS WITH UU+VV PAIRING FACTORS



 S. P. LEVEL   EQP       U     V        (UU + VV)**1.00

     24       5.205    0.091 0.996      1.000 1.000 1.000 0.999 0.995 0.990 0.989 0.987 0.660 0.561 0.496 0.417 0.394 0.326 0.259
     25       4.197    0.113 0.994      1.000 1.000 1.000 1.000 0.997 0.993 0.992 0.990 0.677 0.580 0.515 0.437 0.414 0.347 0.280
     26       4.078    0.117 0.993      1.000 1.000 1.000 1.000 0.997 0.993 0.992 0.991 0.679 0.582 0.518 0.440 0.417 0.351 0.283
     27       3.668    0.130 0.992      0.999 1.000 1.000 1.000 0.998 0.995 0.994 0.993 0.689 0.593 0.529 0.452 0.430 0.363 0.296
     28       2.564    0.188 0.982      0.995 0.997 0.997 0.998 1.000 0.999 0.999 0.998 0.730 0.639 0.578 0.504 0.482 0.417 0.352
     29       2.117    0.229 0.973      0.990 0.993 0.993 0.995 0.999 1.000 1.000 1.000 0.759 0.671 0.612 0.540 0.519 0.455 0.391
     30       2.036    0.239 0.971      0.989 0.992 0.992 0.994 0.999 1.000 1.000 1.000 0.765 0.679 0.620 0.549 0.527 0.464 0.400
     31       1.954    0.250 0.968      0.987 0.990 0.991 0.993 0.998 1.000 1.000 1.000 0.772 0.687 0.629 0.558 0.536 0.474 0.410
     32       0.993    0.808 0.589      0.660 0.677 0.679 0.689 0.730 0.759 0.765 0.772 1.000 0.992 0.980 0.958 0.950 0.925 0.896
     33       1.117    0.875 0.483      0.561 0.580 0.582 0.593 0.639 0.671 0.679 0.687 0.992 1.000 0.997 0.986 0.982 0.966 0.945
     34       1.253    0.910 0.414      0.496 0.515 0.518 0.529 0.578 0.612 0.620 0.629 0.980 0.997 1.000 0.996 0.994 0.983 0.967
     35       1.506    0.943 0.333      0.417 0.437 0.440 0.452 0.504 0.540 0.549 0.558 0.958 0.986 0.996 1.000 1.000 0.995 0.986
     36       1.610    0.951 0.309      0.394 0.414 0.417 0.430 0.482 0.519 0.527 0.536 0.950 0.982 0.994 1.000 1.000 0.997 0.990
     37       2.038    0.971 0.239      0.326 0.347 0.351 0.363 0.417 0.455 0.464 0.474 0.925 0.966 0.983 0.995 0.997 1.000 0.998
     38       2.827    0.986 0.170      0.259 0.280 0.283 0.296 0.352 0.391 0.400 0.410 0.896 0.945 0.967 0.986 0.990 0.998 1.000

  R CORE   ENERGY   A0R/A00=1.000    R3= 0     2  
   2( 1)    0.732                    1.000 0.000
   2( 2)  487.921                    0.000 1.000

  R CORE   ENERGY   A0R/A00=1.000    R3= 0     2  
   3( 1)  488.652                    0.000 1.000

  R CORE   ENERGY   A0R/A00=1.000    R3= 0     2     4  
   4( 1)    2.438                    1.000 0.000 0.000

  R CORE   ENERGY   A0R/A00=1.000    R3= 0     2     4  
   5( 1)  490.847                    0.000 1.000 0.000

  R CORE   ENERGY   A0R/A00=1.000    R3= 0     2     4     6  
   6( 1)    5.121                    1.000 0.000 0.000 0.000

  R CORE   ENERGY   A0R/A00=1.000    R3= 0     2     4     6  
   7( 1)  494.017                    0.000 1.000 0.000 0.000

          AXIAL SYMMETRY => K RESTRICTED TO OMEGA

                     K
     S.P. ORB#: 24  2.50
     S.P. ORB#: 25  2.50
     S.P. ORB#: 26  0.50
     S.P. ORB#: 27 -3.50
     S.P. ORB#: 28 -3.50
     S.P. ORB#: 29  0.50
     S.P. ORB#: 30  4.50
     S.P. ORB#: 31 -1.50
     S.P. ORB#: 32 -1.50
     S.P. ORB#: 33  2.50
     S.P. ORB#: 34  0.50
     S.P. ORB#: 35 -1.50
     S.P. ORB#: 36  0.50
     S.P. ORB#: 37  2.50
     S.P. ORB#: 38 -3.50
 

             ENERGY    K= OMEGA
 
 I=  1/2- (1)  1.875  26:-0.058
                      36:-0.998
 
 I=  1/2- (2)  3.184  29: 0.999
 
 I=  1/2- (3)  5.318  26: 0.998
                      36:-0.058
 
 I=  1/2- (4)  9.065  34: 1.000
 
 I=  1/2- (5)147.296  32:-1.000

             ENERGY    K= OMEGA
 
 I=  3/2- (1)  1.490  29: 0.184
                      31: 0.100
                      32: 0.974
                      36:-0.070
 
 I=  3/2- (2)  2.507  29:-0.187
                      31:-0.183
                      32: 0.124
                      36: 0.957

             ENERGY    K= OMEGA
 
 I=  5/2- (1)  1.595  26:-0.052
                      29: 0.140
                      31: 0.176
                      32:-0.448
                      33:-0.862
                      36: 0.051
 
 I=  5/2- (2)  2.130  29: 0.204
                      31:-0.174
                      32:-0.854
                      33: 0.439
                      36:-0.059
 
 I=  5/2- (3)  2.532  29:-0.194
                      31:-0.258
                      33:-0.140
                      36:-0.935
 
 I=  5/2- (4)  3.293  24: 0.073
                      26:-0.358
                      29: 0.425
                      31: 0.731
                      32: 0.068
                      33: 0.183
                      36:-0.337
 
 I=  5/2- (5)  4.490  24: 0.064
                      26: 0.074
                      29:-0.812
                      31: 0.509
                      32:-0.249
                      33: 0.096

             ENERGY    K= OMEGA
 
 I=  7/2- (1)  2.235  29: 0.190
                      31:-0.207
                      32: 0.533
                      33:-0.796
 
 I=  7/2- (2)  2.795  25: 0.084
                      26: 0.171
                      28:-0.138
                      29: 0.333
                      31: 0.313
                      32: 0.693
                      33: 0.467
                      36:-0.183
 
 I=  7/2- (3)  3.296  24: 0.052
                      25:-0.230
                      27:-0.112
                      28: 0.951
                      29: 0.076
                      32: 0.095
                      33: 0.078
                      36:-0.051
 
 I=  7/2- (4)  3.620  34:-0.731
                      35:-0.572
                      37:-0.343
                      38:-0.140
 
 I=  7/2- (5)  4.042  24: 0.068
                      26:-0.152
                      29:-0.159
                      31:-0.391
                      32: 0.326
                      33: 0.266
                      36: 0.784

             ENERGY    K= OMEGA
 
 I=  9/2- (1)  2.747  24: 0.075
                      25: 0.073
                      26:-0.060
                      27: 0.283
                      28: 0.157
                      29: 0.094
                      30:-0.883
                      31: 0.131
                      32:-0.147
                      33:-0.225
 
 I=  9/2- (2)  2.937  26:-0.181
                      28:-0.070
                      29: 0.299
                      30: 0.320
                      31: 0.358
                      32:-0.457
                      33:-0.638
                      36: 0.159
 
 I=  9/2- (3)  3.915  24: 0.095
                      25:-0.216
                      26:-0.070
                      27: 0.111
                      28:-0.453
                      29:-0.129
                      31: 0.323
                      32: 0.678
                      33:-0.259
                      36: 0.267
 
 I=  9/2- (4)  4.096  25:-0.071
                      26: 0.158
                      28:-0.219
                      29:-0.309
                      31:-0.229
                      33:-0.487
                      36:-0.731
 
 I=  9/2- (5)  4.255  24: 0.063
                      25:-0.233
                      27: 0.113
                      28:-0.767
                      29: 0.192
                      30:-0.127
                      31:-0.112
                      32:-0.404
                      33: 0.335

             ENERGY    K= OMEGA
 
 I= 11/2- (1)  2.529  34:-0.691
                      35:-0.576
                      37:-0.392
                      38:-0.194
 
 I= 11/2- (2)  3.652  24: 0.123
                      25: 0.113
                      27:-0.388
                      28:-0.212
                      30:-0.854
                      31:-0.092
                      32: 0.098
                      33:-0.164
 
 I= 11/2- (3)  4.184  28: 0.060
                      29: 0.279
                      30: 0.217
                      31:-0.274
                      32: 0.564
                      33:-0.690
 
 I= 11/2- (4)  4.734  24:-0.106
                      25: 0.169
                      26: 0.274
                      27: 0.098
                      28:-0.294
                      29: 0.382
                      31: 0.420
                      32: 0.512
                      33: 0.396
                      36:-0.217
 
 I= 11/2- (5)  5.312  24:-0.095
                      25: 0.334
                      26:-0.128
                      27: 0.174
                      28:-0.829
                      29:-0.195
                      30: 0.178
                      31:-0.141
                      32:-0.140
                      33:-0.146
                      36: 0.121

             ENERGY    K= OMEGA
 
 I= 13/2- (1)  4.683  24: 0.169
                      25: 0.127
                      26:-0.163
                      27: 0.408
                      28: 0.191
                      29: 0.205
                      30:-0.677
                      31: 0.278
                      32:-0.213
                      33:-0.302
                      36: 0.107
 
 I= 13/2- (2)  4.797  34:-0.235
                      35: 0.585
                      37:-0.651
                      38: 0.422
 
 I= 13/2- (3)  5.042  25:-0.065
                      26:-0.271
                      27:-0.195
                      28:-0.165
                      29: 0.357
                      30: 0.483
                      31: 0.402
                      32:-0.342
                      33:-0.423
                      36: 0.195
 
 I= 13/2- (4)  6.360  24: 0.175
                      25:-0.356
                      26:-0.075
                      27: 0.194
                      28:-0.649
                      29:-0.098
                      30:-0.110
                      31: 0.246
                      32: 0.511
                      36: 0.180
 
 I= 13/2- (5)  6.677  25:-0.116
                      26: 0.191
                      27: 0.093
                      28:-0.322
                      29:-0.222
                      31:-0.208
                      32:-0.274
                      33:-0.519
                      36:-0.632

             ENERGY     K=-7/2
  32 LEVELS    TIME=  0.0 SEC



 ******************* EXCITATION ENERGIES, DOMINANT CONFIGURATION AND EXPECTATION VALUES (WITH S.P. UU+VV FACTORS) *******************

  NR  Eex(keV)  I   Kdom  NY    <Jz>  <Jx**2> <Jy**2> <Jz**2> <I.j>/|I|  <Rx**2> <Ry**2> <Rz**2> <R.j>/|R|  <HROTx> <HROTy> <HROTz>

   1    0.0   3/2-  -3/2  32   -1.42    1.59    1.59    2.17    1.42       1.80    1.80    0.00   -1.37      0.220   0.220   0.000
   2  105.2   5/2-   5/2  33    1.52    1.85    1.85    5.17    2.36       1.83    1.83   -0.00   -0.99      0.223   0.223  -0.000
   3  385.7   1/2-   1/2  36    0.50    1.27    1.27    0.25    0.82       1.05    1.05   -0.00   -1.43      0.128   0.128  -0.000
   4  640.2   5/2-  -3/2  32   -0.63    1.59    1.59    2.94    1.09       4.22    4.22    0.00   -1.00      0.514   0.514   0.000
   5  745.0   7/2-   5/2  33    1.11    1.97    1.97    4.73    1.97       4.41    4.41   -0.00   -0.29      0.537   0.537  -0.000
  
   6 1017.6   3/2-   1/2  36    0.40    1.48    1.48    0.35   -0.03       3.59    3.59    0.00   -1.26      0.438   0.438   0.000
   7 1039.8  11/2-   1/2  34   -0.00   27.64   27.64    2.29    7.11       4.15    4.15    0.00   -5.23      0.506   0.506   0.000
   8 1041.9   5/2-   1/2  36    0.41    1.83    1.83    0.50    0.96       3.62    3.62    0.00   -0.49      0.441   0.441   0.000
   9 1257.1   9/2-   9/2  30    3.25    2.84    2.84   17.56    4.33       2.46    2.46    0.00   -0.77      0.300   0.300   0.000
  10 1305.1   7/2-  -3/2  32   -0.29    1.89    1.89    3.02    1.41       5.67    5.67    0.00   -0.35      0.691   0.691   0.000
  
  11 1447.4   9/2-   5/2  33    1.02    2.76    2.76    5.49    2.41       5.88    5.88    0.00    0.29      0.717   0.717   0.000
  12 1693.9   1/2-   1/2  29    0.50    4.18    4.18    0.25    0.36       4.37    4.37    0.00   -2.81      0.532   0.532   0.000
  13 1803.1   5/2-  -3/2  31   -0.50    3.75    3.75    1.56    1.50       4.47    4.47    0.00   -1.55      0.545   0.545   0.000
  14 1806.5   7/2-  -7/2  28   -3.07    2.26    2.26   11.65    3.35       2.67    2.67    0.00   -1.25      0.326   0.326   0.000
  15 2130.1   7/2-   1/2  34    0.00   27.76   27.76    1.85    6.98       8.86    8.86    0.00   -7.05      1.080   1.080   0.000
  
  16 2162.4  11/2-   9/2  30    2.71    3.26    3.26   17.56    4.11       5.36    5.36    0.00    0.15      0.653   0.653   0.000
  17 2425.3   9/2-  -3/2  32   -1.24    1.90    1.90    4.77    1.55       8.98    8.98    0.00   -0.21      1.095   1.095   0.000
  18 2552.6   7/2-   1/2  36    0.13    2.22    2.22    1.24    0.23       9.80    9.80    0.00   -1.08      1.195   1.195   0.000
  19 2605.9   9/2-   1/2  36    0.68    2.35    2.35    2.42    1.22       9.87    9.87    0.00   -0.24      1.204   1.204   0.000
  20 2694.4  11/2-   5/2  33    0.84    2.25    2.25    4.89    1.78      11.95   11.95    0.00    0.25      1.457   1.457   0.000
  
  21 2764.9   9/2-  -7/2  28   -1.85    2.16    2.16    9.15    2.17       8.32    8.32    0.00   -0.66      1.014   1.014   0.000
  22 2999.9   5/2-   1/2  29   -0.12    4.22    4.22    0.97   -0.36      10.13   10.13    0.00   -2.32      1.235   1.235   0.000
  23 3193.2  13/2-   9/2  30    1.55    3.85    3.85   12.92    3.61       9.50    9.50    0.00    1.05      1.158   1.158   0.000
  24 3244.7  11/2-  -3/2  32   -0.37    2.44    2.44    3.46    1.75      11.60   11.60    0.00    0.44      1.414   1.414   0.000
  25 3307.4  13/2-   5/2  37   -0.05   26.78   26.78    5.62    6.06      11.66   11.66    0.00   -3.49      1.422   1.422   0.000
  
  26 3552.4  13/2-   9/2  30    0.98    3.50    3.50    7.36    2.71      12.61   12.61    0.00    0.91      1.537   1.537   0.000
  27 3822.3  11/2-  -7/2  28   -2.04    2.47    2.47   10.43    2.49      10.68   10.68    0.00   -0.11      1.302   1.302   0.000
  28 3828.5   1/2-   1/2  26    0.50    5.23    5.23    0.25    0.69       5.13    5.13    0.00   -3.16      0.625   0.625   0.000
  29 4870.3  13/2-  -7/2  28   -1.61    2.35    2.35    7.60    2.05      16.20   16.20    0.00    0.36      1.975   1.975   0.000
  30 5187.4  13/2-   1/2  36    0.38    2.22    2.22    3.56    1.15      20.36   20.36    0.00    0.00      2.482   2.482   0.000
  
  31 7575.5   1/2-   1/2  34    0.50   28.07   28.07    0.25   -4.01      32.04   32.04    0.00   -7.48      3.906   3.906   0.000
  32*******   1/2-  -3/2  32    0.00    0.00    0.00    0.00   -0.00       0.00    0.00    0.00   -0.00      0.000   0.000   0.000
