1SPECTRUM OF (Z= 82 A=207) IN PARTICLE-ROTOR  MODEL WITH MODIFIED OSCILLATOR POTENTIAL


 PARITY=-   EPS= 0.248   GAMMA=  0.0   EPS4=0.000   EPS6=0.000   LEVELS:  25  26  27  28  29  30  31  32  33  34  35  36  37  38  39

 PAIRING FACTORS: GN0= 19.20  GN1=  7.40  IPAIR= 15 ***  E2PLUS(INPUT)=   0.730  E2PLUR(INPUT)=   0.000

 CORIOLIS ATTENUATION PARAMETERS:  CHSI=1.000  ETA=  1.00

 MOMENT OF INERTIA PARAMETERS:   A1=  0.122 MEV   A2=  0.122 MEV   A3=121.91924 MEV


 DELTA=0.937 MEV  LAMBDA=53.4105 MEV   HW0= 7.4651 MEV   LAMBDA/HW0= 7.1547

 E2ENERGY=0.730 MEV  HBAR**2/B=11404./A**(7/3)=1927.8/A**2 MEV

 IREC=0  =>  RECOIL TERMS j+j-, j+j+, jzjz, ETC TREATED AS ONE-BODY OPERATORS WITH UU+VV PAIRING FACTORS



 S. P. LEVEL   EQP       U     V        (UU + VV)**1.00

     25       4.135    0.114 0.993      1.000 1.000 1.000 0.991 0.989 0.984 0.974 0.721 0.563 0.485 0.425 0.390 0.333 0.288 0.233
     26       3.877    0.122 0.993      1.000 1.000 1.000 0.992 0.990 0.986 0.976 0.727 0.569 0.492 0.432 0.397 0.341 0.295 0.240
     27       3.331    0.142 0.990      1.000 1.000 1.000 0.994 0.993 0.989 0.980 0.741 0.586 0.509 0.451 0.416 0.360 0.315 0.260
     28       1.970    0.245 0.969      0.991 0.992 0.994 1.000 1.000 0.999 0.996 0.807 0.668 0.597 0.542 0.509 0.456 0.413 0.360
     29       1.862    0.261 0.965      0.989 0.990 0.993 1.000 1.000 1.000 0.997 0.817 0.680 0.610 0.555 0.523 0.470 0.427 0.375
     30       1.701    0.288 0.958      0.984 0.986 0.989 0.999 1.000 1.000 0.999 0.832 0.700 0.632 0.578 0.546 0.495 0.452 0.401
     31       1.481    0.336 0.942      0.974 0.976 0.980 0.996 0.997 0.999 1.000 0.860 0.736 0.670 0.619 0.588 0.538 0.497 0.447
     32       0.954    0.770 0.638      0.721 0.727 0.741 0.807 0.817 0.832 0.860 1.000 0.978 0.955 0.933 0.919 0.893 0.871 0.841
     33       1.138    0.885 0.465      0.563 0.569 0.586 0.668 0.680 0.700 0.736 0.978 1.000 0.996 0.987 0.981 0.967 0.954 0.935
     34       1.328    0.924 0.382      0.485 0.492 0.509 0.597 0.610 0.632 0.670 0.955 0.996 1.000 0.998 0.994 0.986 0.977 0.963
     35       1.550    0.948 0.319      0.425 0.432 0.451 0.542 0.555 0.578 0.619 0.933 0.987 0.998 1.000 0.999 0.995 0.989 0.979
     36       1.731    0.959 0.282      0.390 0.397 0.416 0.509 0.523 0.546 0.588 0.919 0.981 0.994 0.999 1.000 0.998 0.994 0.986
     37       2.149    0.975 0.224      0.333 0.341 0.360 0.456 0.470 0.495 0.538 0.893 0.967 0.986 0.995 0.998 1.000 0.999 0.994
     38       2.694    0.984 0.177      0.288 0.295 0.315 0.413 0.427 0.452 0.497 0.871 0.954 0.977 0.989 0.994 0.999 1.000 0.998
     39       3.922    0.993 0.120      0.233 0.240 0.260 0.360 0.375 0.401 0.447 0.841 0.935 0.963 0.979 0.986 0.994 0.998 1.000

  R CORE   ENERGY   A0R/A00=1.000    R3= 0     2  
   2( 1)    0.732                    1.000 0.000
   2( 2)  487.921                    0.000 1.000

  R CORE   ENERGY   A0R/A00=1.000    R3= 0     2  
   3( 1)  488.652                    0.000 1.000

  R CORE   ENERGY   A0R/A00=1.000    R3= 0     2     4  
   4( 1)    2.438                    1.000 0.000 0.000

  R CORE   ENERGY   A0R/A00=1.000    R3= 0     2     4  
   5( 1)  490.847                    0.000 1.000 0.000

  R CORE   ENERGY   A0R/A00=1.000    R3= 0     2     4     6  
   6( 1)    5.121                    1.000 0.000 0.000 0.000

  R CORE   ENERGY   A0R/A00=1.000    R3= 0     2     4     6  
   7( 1)  494.017                    0.000 1.000 0.000 0.000

          AXIAL SYMMETRY => K RESTRICTED TO OMEGA

                     K
     S.P. ORB#: 25  0.50
     S.P. ORB#: 26  2.50
     S.P. ORB#: 27 -3.50
     S.P. ORB#: 28 -3.50
     S.P. ORB#: 29  0.50
     S.P. ORB#: 30 -1.50
     S.P. ORB#: 31  4.50
     S.P. ORB#: 32  0.50
     S.P. ORB#: 33 -1.50
     S.P. ORB#: 34 -1.50
     S.P. ORB#: 35  2.50
     S.P. ORB#: 36  2.50
     S.P. ORB#: 37  0.50
     S.P. ORB#: 38 -3.50
     S.P. ORB#: 39  4.50
 

             ENERGY    K= OMEGA
 
 I=  1/2- (1)  2.441  25:-0.054
                      37:-0.997
 
 I=  1/2- (2)  2.991  29: 0.998
 
 I=  1/2- (3)  5.502  25: 0.998
                      37:-0.056
 
 I=  1/2- (4)  8.402  32:-1.000
 
 I=  1/2- (5)147.441  33: 1.000

             ENERGY    K= OMEGA
 
 I=  3/2- (1)  1.840  25: 0.053
                      29: 0.212
                      30: 0.113
                      34: 0.967
                      37:-0.070
 
 I=  3/2- (2)  2.807  25: 0.115
                      29:-0.076
                      30: 0.928
                      34:-0.121
                      37:-0.325

             ENERGY    K= OMEGA
 
 I=  5/2- (1)  2.016  25: 0.079
                      29:-0.185
                      30:-0.244
                      34: 0.479
                      35: 0.817
                      37:-0.055
 
 I=  5/2- (2)  2.505  29: 0.184
                      30:-0.242
                      34:-0.833
                      35: 0.451
                      37:-0.087
 
 I=  5/2- (3)  2.893  25:-0.202
                      29: 0.404
                      30: 0.562
                      35: 0.307
                      37: 0.620
 
 I=  5/2- (4)  3.396  25:-0.265
                      29: 0.249
                      30: 0.497
                      34: 0.061
                      35: 0.143
                      37:-0.772
 
 I=  5/2- (5)  4.295  25:-0.068
                      29: 0.809
                      30:-0.506
                      34: 0.264
                      35:-0.119

             ENERGY    K= OMEGA
 
 I=  7/2- (1)  2.660  27:-0.056
                      28:-0.194
                      29: 0.215
                      30:-0.252
                      34: 0.524
                      35:-0.758
 
 I=  7/2- (2)  2.712  26: 0.230
                      27:-0.065
                      28:-0.942
                      29:-0.084
                      34:-0.202
                      35: 0.086
 
 I=  7/2- (3)  3.148  25: 0.215
                      28:-0.138
                      29: 0.385
                      30: 0.395
                      34: 0.626
                      35: 0.450
                      37:-0.189
 
 I=  7/2- (4)  3.253  32:-0.740
                      33:-0.570
                      36:-0.333
                      38:-0.130
 
 I=  7/2- (5)  4.235  25:-0.181
                      27: 0.059
                      29: 0.171
                      30:-0.782
                      34: 0.210
                      35: 0.446
                      37: 0.282

             ENERGY    K= OMEGA
 
 I=  9/2- (1)  2.267  26:-0.068
                      27: 0.241
                      28:-0.177
                      31:-0.951
 
 I=  9/2- (2)  3.278  25: 0.253
                      28:-0.055
                      29:-0.371
                      30:-0.475
                      34: 0.424
                      35: 0.600
                      37:-0.167
 
 I=  9/2- (3)  3.608  26:-0.311
                      27:-0.101
                      28:-0.919
                      31: 0.170
                      34:-0.129
 
 I=  9/2- (4)  4.314  25:-0.234
                      28:-0.094
                      29: 0.140
                      30: 0.483
                      34: 0.655
                      35: 0.220
                      37: 0.452
 
 I=  9/2- (5)  4.316  32:-0.224
                      33: 0.557
                      36:-0.622
                      38: 0.456
                      39:-0.212

             ENERGY    K= OMEGA
 
 I= 11/2- (1)  2.229  32:-0.676
                      33:-0.566
                      36:-0.400
                      38:-0.231
                      39:-0.097
 
 I= 11/2- (2)  3.256  26:-0.113
                      27:-0.322
                      28: 0.245
                      31:-0.906
 
 I= 11/2- (3)  4.617  28: 0.067
                      29:-0.308
                      30: 0.328
                      34:-0.560
                      35: 0.689
 
 I= 11/2- (4)  4.717  25:-0.082
                      26: 0.356
                      27:-0.129
                      28:-0.847
                      29:-0.128
                      30:-0.116
                      31:-0.230
                      34:-0.194
                      35:-0.095
                      37: 0.055
 
 I= 11/2- (5)  5.131  25:-0.336
                      26:-0.067
                      28: 0.269
                      29:-0.458
                      30:-0.479
                      31: 0.074
                      34:-0.429
                      35:-0.357
                      37: 0.230

             ENERGY    K= OMEGA
 
 I= 13/2- (1)  4.007  32: 0.193
                      33:-0.501
                      36: 0.610
                      38:-0.511
                      39: 0.281
 
 I= 13/2- (2)  4.466  26:-0.153
                      27: 0.371
                      28:-0.291
                      31:-0.865
                      35:-0.053
 
 I= 13/2- (3)  5.266  25:-0.374
                      29: 0.451
                      30: 0.548
                      31: 0.058
                      34:-0.335
                      35:-0.442
                      37: 0.209
 
 I= 13/2- (4)  6.095  26:-0.397
                      27:-0.161
                      28:-0.841
                      31: 0.288
                      34:-0.146
                      35: 0.051
 
 I= 13/2- (5)  6.920  25:-0.247
                      27:-0.055
                      28:-0.099
                      29: 0.150
                      30: 0.324
                      34: 0.604
                      35: 0.494
                      37: 0.433

             ENERGY     K= 9/2
  32 LEVELS    TIME=  0.0 SEC



 ******************* EXCITATION ENERGIES, DOMINANT CONFIGURATION AND EXPECTATION VALUES (WITH S.P. UU+VV FACTORS) *******************

  NR  Eex(keV)  I   Kdom  NY    <Jz>  <Jx**2> <Jy**2> <Jz**2> <I.j>/|I|  <Rx**2> <Ry**2> <Rz**2> <R.j>/|R|  <HROTx> <HROTy> <HROTz>

   1    0.0   3/2-  -3/2  34   -1.39    1.70    1.70    2.14    1.40       1.93    1.93    0.00   -1.44      0.236   0.236   0.000
   2  175.9   5/2-   5/2  35    1.26    2.10    2.10    4.83    2.34       1.97    1.97    0.00   -1.06      0.240   0.240   0.000
   3  388.1  11/2-   1/2  32    0.00   26.47   26.47    2.68    6.97       3.98    3.98    0.00   -4.93      0.485   0.485   0.000
   4  426.6   9/2-   9/2  31    3.77    2.61    2.61   19.45    4.43       2.68    2.68    0.00   -1.14      0.326   0.326   0.000
   5  600.9   1/2-   1/2  37    0.50    1.39    1.39    0.25    0.83       1.18    1.18    0.00   -1.51      0.143   0.143   0.000
  
   6  664.8   5/2-  -3/2  34   -0.60    1.70    1.70    2.99    1.06       4.43    4.43    0.00   -1.09      0.540   0.540   0.000
   7  819.8   7/2-   5/2  35    0.81    2.11    2.11    4.86    1.97       4.61    4.61    0.00   -0.42      0.562   0.562   0.000
   8  871.9   7/2-  -7/2  28   -3.03    2.33    2.33   11.39    3.32       2.73    2.73    0.00   -1.23      0.332   0.332   0.000
   9  966.9   3/2-  -3/2  30   -1.25    4.17    4.17    2.00    1.45       4.23    4.23    0.00   -2.59      0.516   0.516   0.000
  10 1052.6   5/2-   1/2  37    0.06    3.43    3.43    1.45    1.63       3.72    3.72    0.00   -1.28      0.454   0.454   0.000
  
  11 1150.1   1/2-   1/2  29    0.50    4.37    4.37    0.25    0.30       4.61    4.61    0.00   -2.88      0.562   0.562   0.000
  12 1307.7   7/2-  -3/2  34   -0.27    2.28    2.28    2.79    1.40       6.01    6.01    0.00   -0.52      0.733   0.733   0.000
  13 1412.4   7/2-   1/2  32    0.00   26.64   26.64    1.77    6.73       8.71    8.71    0.00   -6.80      1.062   1.062   0.000
  14 1416.0  11/2-   9/2  31    3.16    2.89    2.89   18.72    3.99       6.25    6.25    0.00   -0.18      0.762   0.762   0.000
  15 1437.3   9/2-   5/2  35    0.40    3.35    3.35    3.29    2.25       6.17    6.17    0.00    0.34      0.753   0.753   0.000
  
  16 1556.1   5/2-   1/2  37    0.04    2.34    2.34    0.87    0.68       5.13    5.13    0.00   -1.10      0.626   0.626   0.000
  17 1767.2   9/2-  -7/2  28   -2.64    2.46    2.46   11.70    2.95       6.00    6.00    0.00   -0.56      0.732   0.732   0.000
  18 2166.6  13/2-   5/2  36    0.02   25.43   25.43    7.70    6.49       8.32    8.32    0.00   -3.24      1.014   1.014   0.000
  19 2394.2   7/2-  -3/2  30   -0.43    3.80    3.80    2.80    0.76      10.06   10.06    0.00   -1.65      1.227   1.227   0.000
  20 2455.0   5/2-   1/2  29   -0.12    4.32    4.32    0.99   -0.37      10.27   10.27    0.00   -2.36      1.252   1.252   0.000
  
  21 2473.6   9/2-  -3/2  34   -0.77    2.42    2.42    2.00    1.08      10.44   10.44    0.00   -0.32      1.272   1.272   0.000
  22 2476.1   9/2-   5/2  36    0.00   25.76   25.76    6.59    6.26      10.29   10.29    0.00   -5.94      1.255   1.255   0.000
  23 2625.1  13/2-   9/2  31    2.65    3.12    3.12   18.06    3.69      10.79   10.79    0.00    0.31      1.316   1.316   0.000
  24 2776.9  11/2-   5/2  35    0.59    2.40    2.40    4.06    1.61      12.65   12.65    0.00    0.16      1.543   1.543   0.000
  25 2876.2  11/2-  -7/2  28   -2.06    2.58    2.58   11.04    2.61      10.36   10.36    0.00   -0.13      1.263   1.263   0.000
  
  26 3290.9  11/2-  -3/2  30   -0.33    2.90    2.90    2.86    1.55      12.95   12.95    0.00    0.12      1.579   1.579   0.000
  27 3425.2  13/2-  -3/2  30    0.07    4.20    4.20    2.34    2.36      13.30   13.30    0.00    1.10      1.622   1.622   0.000
  28 3661.1   1/2-   1/2  25    0.50    5.75    5.75    0.25    0.69       5.64    5.64    0.00   -3.32      0.688   0.688   0.000
  29 4254.9  13/2-  -7/2  28   -1.82    2.65    2.65   11.70    2.45      15.77   15.77   -0.00    0.02      1.923   1.923  -0.000
  30 5079.7  13/2-  -3/2  34    0.00    2.26    2.26    2.84    1.00      21.11   21.11    0.00   -0.06      2.573   2.573   0.000
  
  31 6561.4   1/2-   1/2  32    0.50   26.68   26.68    0.25   -3.88      30.54   30.54   -0.00   -7.29      3.724   3.724  -0.000
  32*******   1/2-  -3/2  33    0.00    0.00    0.00    0.00   -0.00       0.00    0.00    0.00   -0.00      0.000   0.000   0.000
