1SPECTRUM OF (Z= 82 A=207) IN PARTICLE-ROTOR  MODEL WITH MODIFIED OSCILLATOR POTENTIAL


 PARITY=-   EPS= 0.242   GAMMA=  0.0   EPS4=0.000   EPS6=0.000   LEVELS:  25  26  27  28  29  30  31  32  33  34  35  36  37  38  39

 PAIRING FACTORS: GN0= 19.20  GN1=  7.40  IPAIR= 15 ***  E2PLUS(INPUT)=   0.730  E2PLUR(INPUT)=   0.000

 CORIOLIS ATTENUATION PARAMETERS:  CHSI=1.000  ETA=  1.00

 MOMENT OF INERTIA PARAMETERS:   A1=  0.122 MEV   A2=  0.122 MEV   A3=121.91924 MEV


 DELTA=0.938 MEV  LAMBDA=53.4306 MEV   HW0= 7.4624 MEV   LAMBDA/HW0= 7.1600

 E2ENERGY=0.730 MEV  HBAR**2/B=10859./A**(7/3)=1835.7/A**2 MEV

 IREC=0  =>  RECOIL TERMS j+j-, j+j+, jzjz, ETC TREATED AS ONE-BODY OPERATORS WITH UU+VV PAIRING FACTORS



 S. P. LEVEL   EQP       U     V        (UU + VV)**1.00

     25       4.137    0.114 0.993      1.000 1.000 1.000 0.993 0.990 0.986 0.979 0.688 0.541 0.511 0.445 0.383 0.344 0.287 0.234
     26       3.936    0.120 0.993      1.000 1.000 1.000 0.993 0.991 0.987 0.980 0.692 0.546 0.516 0.451 0.389 0.350 0.293 0.239
     27       3.392    0.140 0.990      1.000 1.000 1.000 0.995 0.993 0.990 0.984 0.706 0.563 0.533 0.468 0.407 0.368 0.312 0.258
     28       2.068    0.233 0.972      0.993 0.993 0.995 1.000 1.000 0.999 0.996 0.770 0.639 0.611 0.550 0.492 0.455 0.401 0.349
     29       1.909    0.254 0.967      0.990 0.991 0.993 1.000 1.000 1.000 0.998 0.784 0.655 0.628 0.568 0.510 0.474 0.420 0.369
     30       1.747    0.279 0.960      0.986 0.987 0.990 0.999 1.000 1.000 0.999 0.800 0.675 0.648 0.589 0.533 0.497 0.444 0.394
     31       1.568    0.315 0.949      0.979 0.980 0.984 0.996 0.998 0.999 1.000 0.822 0.702 0.676 0.619 0.564 0.529 0.477 0.428
     32       0.976    0.800 0.601      0.688 0.692 0.706 0.770 0.784 0.800 0.822 1.000 0.983 0.975 0.956 0.934 0.918 0.893 0.866
     33       1.182    0.897 0.442      0.541 0.546 0.563 0.639 0.655 0.675 0.702 0.983 1.000 0.999 0.994 0.984 0.976 0.961 0.944
     34       1.254    0.912 0.410      0.511 0.516 0.533 0.611 0.628 0.648 0.676 0.975 0.999 1.000 0.997 0.990 0.983 0.970 0.955
     35       1.465    0.940 0.340      0.445 0.451 0.468 0.550 0.568 0.589 0.619 0.956 0.994 0.997 1.000 0.998 0.994 0.986 0.975
     36       1.770    0.961 0.276      0.383 0.389 0.407 0.492 0.510 0.533 0.564 0.934 0.984 0.990 0.998 1.000 0.999 0.995 0.988
     37       2.053    0.972 0.235      0.344 0.350 0.368 0.455 0.474 0.497 0.529 0.918 0.976 0.983 0.994 0.999 1.000 0.998 0.993
     38       2.706    0.984 0.176      0.287 0.293 0.312 0.401 0.420 0.444 0.477 0.893 0.961 0.970 0.986 0.995 0.998 1.000 0.998
     39       3.898    0.993 0.121      0.234 0.239 0.258 0.349 0.369 0.394 0.428 0.866 0.944 0.955 0.975 0.988 0.993 0.998 1.000

  R CORE   ENERGY   A0R/A00=1.000    R3= 0     2  
   2( 1)    0.732                    1.000 0.000
   2( 2)  487.921                    0.000 1.000

  R CORE   ENERGY   A0R/A00=1.000    R3= 0     2  
   3( 1)  488.652                    0.000 1.000

  R CORE   ENERGY   A0R/A00=1.000    R3= 0     2     4  
   4( 1)    2.438                    1.000 0.000 0.000

  R CORE   ENERGY   A0R/A00=1.000    R3= 0     2     4  
   5( 1)  490.847                    0.000 1.000 0.000

  R CORE   ENERGY   A0R/A00=1.000    R3= 0     2     4     6  
   6( 1)    5.121                    1.000 0.000 0.000 0.000

  R CORE   ENERGY   A0R/A00=1.000    R3= 0     2     4     6  
   7( 1)  494.017                    0.000 1.000 0.000 0.000

          AXIAL SYMMETRY => K RESTRICTED TO OMEGA

                     K
     S.P. ORB#: 25  0.50
     S.P. ORB#: 26  2.50
     S.P. ORB#: 27 -3.50
     S.P. ORB#: 28 -3.50
     S.P. ORB#: 29  0.50
     S.P. ORB#: 30 -1.50
     S.P. ORB#: 31  4.50
     S.P. ORB#: 32  0.50
     S.P. ORB#: 33 -1.50
     S.P. ORB#: 34 -1.50
     S.P. ORB#: 35  2.50
     S.P. ORB#: 36  2.50
     S.P. ORB#: 37  0.50
     S.P. ORB#: 38 -3.50
     S.P. ORB#: 39  4.50
 

             ENERGY    K= OMEGA
 
 I=  1/2- (1)  2.342  25:-0.054
                      37:-0.998
 
 I=  1/2- (2)  3.029  29: 0.999
 
 I=  1/2- (3)  5.486  25: 0.998
                      37:-0.056
 
 I=  1/2- (4)  8.483  32: 1.000
 
 I=  1/2- (5)147.485  33: 1.000

             ENERGY    K= OMEGA
 
 I=  3/2- (1)  1.767  29: 0.201
                      30: 0.106
                      34: 0.970
                      37:-0.068
 
 I=  3/2- (2)  2.819  25: 0.120
                      29: 0.064
                      30: 0.811
                      34:-0.147
                      37:-0.550

             ENERGY    K= OMEGA
 
 I=  5/2- (1)  1.938  25: 0.071
                      29:-0.172
                      30:-0.222
                      34: 0.481
                      35: 0.826
                      37:-0.050
 
 I=  5/2- (2)  2.431  29: 0.187
                      30:-0.221
                      34:-0.835
                      35: 0.460
                      37:-0.079
 
 I=  5/2- (3)  2.861  25:-0.172
                      29: 0.366
                      30: 0.508
                      35: 0.260
                      37: 0.715
 
 I=  5/2- (4)  3.352  25:-0.292
                      29: 0.303
                      30: 0.566
                      34: 0.066
                      35: 0.160
                      37:-0.688
 
 I=  5/2- (5)  4.331  25:-0.068
                      29: 0.810
                      30:-0.509
                      34: 0.255
                      35:-0.113

             ENERGY    K= OMEGA
 
 I=  7/2- (1)  2.583  29:-0.215
                      30: 0.236
                      34:-0.550
                      35: 0.769
 
 I=  7/2- (2)  2.801  26: 0.232
                      27:-0.076
                      28: 0.947
                      29:-0.072
                      30:-0.059
                      34:-0.165
                      35:-0.071
 
 I=  7/2- (3)  3.100  25: 0.202
                      28: 0.208
                      29: 0.366
                      30: 0.369
                      34: 0.633
                      35: 0.459
                      37:-0.185
 
 I=  7/2- (4)  3.286  32: 0.739
                      33: 0.570
                      36: 0.333
                      38: 0.131
 
 I=  7/2- (5)  4.232  25:-0.214
                      30:-0.731
                      34: 0.281
                      35: 0.420
                      37: 0.402

             ENERGY    K= OMEGA
 
 I=  9/2- (1)  2.350  26:-0.069
                      27: 0.243
                      28: 0.178
                      31:-0.950
 
 I=  9/2- (2)  3.227  25: 0.238
                      29:-0.357
                      30:-0.450
                      34: 0.445
                      35: 0.621
                      37:-0.163
 
 I=  9/2- (3)  3.697  26:-0.314
                      27:-0.104
                      28: 0.913
                      31: 0.169
                      34:-0.150
                      35: 0.056
 
 I=  9/2- (4)  4.272  25:-0.222
                      28: 0.124
                      29: 0.121
                      30: 0.481
                      34: 0.658
                      35: 0.149
                      37: 0.482
 
 I=  9/2- (5)  4.342  32: 0.223
                      33:-0.555
                      36: 0.622
                      38:-0.458
                      39: 0.215

             ENERGY    K= OMEGA
 
 I= 11/2- (1)  2.237  32:-0.676
                      33:-0.566
                      36:-0.400
                      38:-0.231
                      39:-0.097
 
 I= 11/2- (2)  3.335  26:-0.115
                      27:-0.324
                      28:-0.246
                      31:-0.904
 
 I= 11/2- (3)  4.541  29:-0.305
                      30: 0.308
                      31:-0.069
                      34:-0.574
                      35: 0.689
 
 I= 11/2- (4)  4.792  25: 0.115
                      26:-0.347
                      27: 0.130
                      28:-0.810
                      29: 0.161
                      30: 0.181
                      31: 0.218
                      34: 0.224
                      35: 0.177
                      37:-0.078
 
 I= 11/2- (5)  5.117  25:-0.316
                      26:-0.109
                      28:-0.367
                      29:-0.433
                      30:-0.450
                      31: 0.102
                      34:-0.419
                      35:-0.355
                      37: 0.224

             ENERGY    K= OMEGA
 
 I= 13/2- (1)  4.016  32: 0.193
                      33:-0.500
                      36: 0.609
                      38:-0.511
                      39: 0.283
 
 I= 13/2- (2)  4.539  26:-0.155
                      27: 0.373
                      28: 0.291
                      31:-0.862
                      34:-0.050
                      35:-0.064
 
 I= 13/2- (3)  5.234  25:-0.363
                      29: 0.444
                      30: 0.533
                      31: 0.078
                      34:-0.353
                      35:-0.459
                      37: 0.210
 
 I= 13/2- (4)  6.180  26:-0.398
                      27:-0.162
                      28: 0.833
                      29: 0.050
                      30:-0.052
                      31: 0.287
                      34:-0.169
                      35: 0.064
 
 I= 13/2- (5)  6.868  25: 0.249
                      27: 0.055
                      28:-0.115
                      29:-0.158
                      30:-0.330
                      34:-0.585
                      35:-0.478
                      37:-0.465

             ENERGY     K= 9/2
  32 LEVELS    TIME=  0.0 SEC



 ******************* EXCITATION ENERGIES, DOMINANT CONFIGURATION AND EXPECTATION VALUES (WITH S.P. UU+VV FACTORS) *******************

  NR  Eex(keV)  I   Kdom  NY    <Jz>  <Jx**2> <Jy**2> <Jz**2> <I.j>/|I|  <Rx**2> <Ry**2> <Rz**2> <R.j>/|R|  <HROTx> <HROTy> <HROTz>

   1    0.0   3/2-  -3/2  34   -1.41    1.68    1.68    2.16    1.40       1.93    1.93   -0.00   -1.43      0.235   0.235  -0.000
   2  171.4   5/2-   5/2  35    1.30    2.04    2.04    4.90    2.33       1.97    1.97    0.00   -1.05      0.240   0.240   0.000
   3  470.6  11/2-   1/2  32    0.00   26.64   26.64    2.68    7.02       3.89    3.89    0.00   -5.02      0.474   0.474   0.000
   4  574.9   1/2-   1/2  37    0.50    1.37    1.37    0.25    0.82       1.16    1.16    0.00   -1.50      0.141   0.141   0.000
   5  582.9   9/2-   9/2  31    3.76    2.62    2.62   19.43    4.43       2.65    2.65    0.00   -1.13      0.323   0.323   0.000
  
   6  664.4   5/2-  -3/2  34   -0.56    1.68    1.68    3.02    1.07       4.41    4.41   -0.00   -1.08      0.538   0.538  -0.000
   7  816.3   7/2-   5/2  35    0.95    2.07    2.07    4.56    1.90       4.67    4.67    0.00   -0.38      0.570   0.570   0.000
   8 1034.5   7/2-  -7/2  28   -3.06    2.32    2.32   11.50    3.35       2.66    2.66    0.00   -1.24      0.325   0.325   0.000
   9 1051.8   3/2-  -3/2  30   -0.86    3.55    3.55    1.61    1.20       3.91    3.91   -0.00   -2.29      0.477   0.477  -0.000
  10 1093.7   5/2-   1/2  37    0.12    3.08    3.08    1.17    1.49       3.62    3.62    0.00   -1.08      0.442   0.442   0.000
  
  11 1262.0   1/2-   1/2  29    0.50    4.35    4.35    0.25    0.31       4.58    4.58    0.00   -2.87      0.558   0.558   0.000
  12 1332.6   7/2-  -3/2  34   -0.32    2.19    2.19    3.11    1.41       6.01    6.01    0.00   -0.54      0.733   0.733   0.000
  13 1459.8   9/2-   5/2  35    0.47    3.20    3.20    3.42    2.22       6.23    6.23    0.00    0.35      0.760   0.760   0.000
  14 1518.6   7/2-   1/2  32    0.00   26.82   26.82    1.77    6.77       8.71    8.71    0.00   -6.84      1.062   1.062   0.000
  15 1567.8  11/2-   9/2  31    3.14    2.90    2.90   18.69    4.00       6.21    6.21    0.00   -0.16      0.757   0.757   0.000
  
  16 1584.9   5/2-   1/2  37   -0.10    2.69    2.69    1.05    0.83       5.13    5.13    0.00   -1.24      0.625   0.625   0.000
  17 1929.7   9/2-  -7/2  28   -2.61    2.45    2.45   11.60    2.94       6.01    6.01    0.00   -0.54      0.733   0.733   0.000
  18 2248.9  13/2-   5/2  36    0.02   25.51   25.51    7.71    6.52       8.23    8.23    0.00   -3.26      1.004   1.004   0.000
  19 2465.5   7/2-  -3/2  30   -0.38    3.57    3.57    2.57    0.72       9.89    9.89    0.00   -1.54      1.206   1.206   0.000
  20 2505.3   9/2-  -3/2  34   -0.85    2.33    2.33    1.92    1.05      10.44   10.44   -0.00   -0.30      1.273   1.273  -0.000
  
  21 2564.2   5/2-   1/2  29   -0.12    4.31    4.31    0.98   -0.37      10.26   10.26   -0.00   -2.36      1.251   1.251  -0.000
  22 2574.9   9/2-   5/2  36    0.00   25.85   25.85    6.62    6.29      10.24   10.24    0.00   -5.97      1.249   1.249   0.000
  23 2771.9  13/2-   9/2  31    2.63    3.14    3.14   17.98    3.69      10.73   10.73    0.00    0.33      1.309   1.309   0.000
  24 2774.5  11/2-   5/2  35    0.61    2.35    2.35    4.07    1.62      12.60   12.60    0.00    0.18      1.536   1.536   0.000
  25 3024.7  11/2-  -7/2  28   -1.86    2.58    2.58   10.35    2.54      10.45   10.45    0.00   -0.07      1.274   1.274   0.000
  
  26 3349.6  11/2-  -3/2  30   -0.48    2.79    2.79    3.67    1.61      12.87   12.87    0.00    0.07      1.569   1.569   0.000
  27 3467.6  13/2-  -3/2  30    0.12    4.09    4.09    2.48    2.35      13.32   13.32    0.00    1.11      1.624   1.624   0.000
  28 3718.9   1/2-   1/2  25    0.50    5.67    5.67    0.25    0.70       5.57    5.57   -0.00   -3.29      0.679   0.679  -0.000
  29 4413.3  13/2-  -7/2  28   -1.79    2.64    2.64   11.58    2.44      15.79   15.79    0.00    0.03      1.925   1.925   0.000
  30 5101.4  13/2-  -3/2  34   -0.01    2.27    2.27    2.74    1.00      21.02   21.02    0.00   -0.05      2.563   2.563   0.000
  
  31 6715.7   1/2-   1/2  32    0.50   26.91   26.91    0.25   -3.90      30.78   30.78    0.00   -7.32      3.753   3.753   0.000
  32*******   1/2-  -3/2  33    0.00    0.00    0.00    0.00   -0.00       0.00    0.00    0.00   -0.00      0.000   0.000   0.000
