1SPECTRUM OF (Z= 82 A=207) IN PARTICLE-ROTOR  MODEL WITH MODIFIED OSCILLATOR POTENTIAL


 PARITY=-   EPS= 0.293   GAMMA=  0.0   EPS4=0.000   EPS6=0.000   LEVELS:  26  27  28  29  30  31  32  33  34  35  36  37  38  39  40

 PAIRING FACTORS: GN0= 19.20  GN1=  7.40  IPAIR= 15 ***  E2PLUS(INPUT)=   0.730  E2PLUR(INPUT)=   0.000

 CORIOLIS ATTENUATION PARAMETERS:  CHSI=1.000  ETA=  1.00

 MOMENT OF INERTIA PARAMETERS:   A1=  0.122 MEV   A2=  0.122 MEV   A3=121.91924 MEV


 DELTA=0.951 MEV  LAMBDA=53.2919 MEV   HW0= 7.4877 MEV   LAMBDA/HW0= 7.1172

 E2ENERGY=0.730 MEV  HBAR**2/B=15918./A**(7/3)=2690.9/A**2 MEV

 IREC=0  =>  RECOIL TERMS j+j-, j+j+, jzjz, ETC TREATED AS ONE-BODY OPERATORS WITH UU+VV PAIRING FACTORS



 S. P. LEVEL   EQP       U     V        (UU + VV)**1.00

     26       3.449    0.139 0.990      1.000 1.000 0.981 0.972 0.966 0.934 0.887 0.786 0.481 0.380 0.350 0.322 0.302 0.278 0.254
     27       2.896    0.167 0.986      1.000 1.000 0.986 0.978 0.973 0.943 0.899 0.803 0.505 0.405 0.376 0.348 0.329 0.304 0.281
     28       1.533    0.328 0.945      0.981 0.986 1.000 0.999 0.998 0.985 0.959 0.891 0.642 0.552 0.525 0.499 0.481 0.459 0.437
     29       1.386    0.369 0.929      0.972 0.978 0.999 1.000 1.000 0.992 0.971 0.910 0.674 0.587 0.562 0.536 0.519 0.497 0.476
     30       1.321    0.391 0.920      0.966 0.973 0.998 1.000 1.000 0.995 0.976 0.920 0.692 0.606 0.581 0.556 0.539 0.517 0.496
     31       1.122    0.485 0.875      0.934 0.943 0.985 0.992 0.995 1.000 0.993 0.955 0.763 0.686 0.663 0.640 0.624 0.603 0.584
     32       1.005    0.581 0.814      0.887 0.899 0.959 0.971 0.976 0.993 1.000 0.983 0.832 0.764 0.744 0.723 0.709 0.690 0.673
     33       0.952    0.721 0.693      0.786 0.803 0.891 0.910 0.920 0.955 0.983 1.000 0.920 0.870 0.854 0.838 0.827 0.812 0.798
     34       1.435    0.935 0.354      0.481 0.505 0.642 0.674 0.692 0.763 0.832 0.920 1.000 0.994 0.990 0.985 0.981 0.976 0.970
     35       1.985    0.969 0.247      0.380 0.405 0.552 0.587 0.606 0.686 0.764 0.870 0.994 1.000 1.000 0.998 0.997 0.994 0.991
     36       2.249    0.976 0.217      0.350 0.376 0.525 0.562 0.581 0.663 0.744 0.854 0.990 1.000 1.000 1.000 0.999 0.997 0.995
     37       2.588    0.982 0.187      0.322 0.348 0.499 0.536 0.556 0.640 0.723 0.838 0.985 0.998 1.000 1.000 1.000 0.999 0.998
     38       2.891    0.986 0.167      0.302 0.329 0.481 0.519 0.539 0.624 0.709 0.827 0.981 0.997 0.999 1.000 1.000 1.000 0.999
     39       3.402    0.990 0.141      0.278 0.304 0.459 0.497 0.517 0.603 0.690 0.812 0.976 0.994 0.997 0.999 1.000 1.000 1.000
     40       4.085    0.993 0.117      0.254 0.281 0.437 0.476 0.496 0.584 0.673 0.798 0.970 0.991 0.995 0.998 0.999 1.000 1.000

  R CORE   ENERGY   A0R/A00=1.000    R3= 0     2  
   2( 1)    0.732                    1.000 0.000
   2( 2)  487.921                    0.000 1.000

  R CORE   ENERGY   A0R/A00=1.000    R3= 0     2  
   3( 1)  488.652                    0.000 1.000

  R CORE   ENERGY   A0R/A00=1.000    R3= 0     2     4  
   4( 1)    2.438                    1.000 0.000 0.000

  R CORE   ENERGY   A0R/A00=1.000    R3= 0     2     4  
   5( 1)  490.847                    0.000 1.000 0.000

  R CORE   ENERGY   A0R/A00=1.000    R3= 0     2     4     6  
   6( 1)    5.121                    1.000 0.000 0.000 0.000

  R CORE   ENERGY   A0R/A00=1.000    R3= 0     2     4     6  
   7( 1)  494.017                    0.000 1.000 0.000 0.000

          AXIAL SYMMETRY => K RESTRICTED TO OMEGA

                     K
     S.P. ORB#: 26  2.50
     S.P. ORB#: 27 -3.50
     S.P. ORB#: 28  0.50
     S.P. ORB#: 29 -1.50
     S.P. ORB#: 30 -3.50
     S.P. ORB#: 31  0.50
     S.P. ORB#: 32  4.50
     S.P. ORB#: 33 -1.50
     S.P. ORB#: 34  2.50
     S.P. ORB#: 35 -1.50
     S.P. ORB#: 36  2.50
     S.P. ORB#: 37 -3.50
     S.P. ORB#: 38  0.50
     S.P. ORB#: 39  0.50
     S.P. ORB#: 40  4.50
 

             ENERGY    K= OMEGA
 
 I=  1/2- (1)  2.723  28: 0.996
                      38: 0.091
 
 I=  1/2- (2)  3.224  28: 0.091
                      38:-0.996
 
 I=  1/2- (3)  6.314  31: 0.596
                      39:-0.803
 
 I=  1/2- (4)  9.098  31:-0.803
                      39:-0.596
 
 I=  1/2- (5)147.255  33:-1.000

             ENERGY    K= OMEGA
 
 I=  3/2- (1)  2.447  28: 0.390
                      29: 0.194
                      35: 0.893
                      38:-0.117
 
 I=  3/2- (2)  2.592  28:-0.391
                      29: 0.919
 
 I=  3/2- (3)  3.142  28: 0.784
                      29: 0.301
                      35:-0.448
                      38:-0.307
 
 I=  3/2- (4)  3.995  28:-0.284
                      29:-0.167
                      38:-0.943
 
 I=  3/2- (5)  4.750  31:-0.813
                      33:-0.376
                      39: 0.445

             ENERGY    K= OMEGA
 
 I=  5/2- (1)  2.608  28:-0.300
                      29:-0.498
                      35: 0.377
                      36: 0.708
                      38:-0.136
 
 I=  5/2- (2)  3.040  26:-0.058
                      28: 0.225
                      29:-0.487
                      35:-0.814
                      36: 0.158
                      38:-0.145
 
 I=  5/2- (3)  3.253  28:-0.506
                      29:-0.462
                      35: 0.072
                      36:-0.642
                      38:-0.336
 
 I=  5/2- (4)  4.052  28: 0.390
                      29:-0.540
                      35: 0.269
                      36:-0.232
                      38: 0.656
 
 I=  5/2- (5)  4.239  28:-0.671
                      29: 0.094
                      35:-0.338
                      36: 0.086
                      38: 0.646

             ENERGY    K= OMEGA
 
 I=  7/2- (1)  2.089  26:-0.211
                      27: 0.061
                      30: 0.975
 
 I=  7/2- (2)  3.184  28: 0.370
                      29:-0.476
                      35: 0.454
                      36:-0.654
 
 I=  7/2- (3)  3.241  31:-0.738
                      33:-0.570
                      34:-0.333
                      37:-0.132
 
 I=  7/2- (4)  3.744  26: 0.053
                      28:-0.415
                      29:-0.469
                      35:-0.652
                      36:-0.350
                      38: 0.236
 
 I=  7/2- (5)  4.227  26: 0.071
                      27: 0.146
                      28: 0.532
                      29:-0.577
                      35:-0.219
                      36: 0.557

             ENERGY    K= OMEGA
 
 I=  9/2- (1)  1.837  26: 0.065
                      27:-0.222
                      30: 0.187
                      32: 0.955
 
 I=  9/2- (2)  3.006  26: 0.290
                      27: 0.093
                      30: 0.933
                      32:-0.181
 
 I=  9/2- (3)  3.964  28:-0.374
                      29:-0.540
                      35: 0.397
                      36: 0.600
                      38:-0.215
 
 I=  9/2- (4)  4.271  31: 0.215
                      33:-0.552
                      34: 0.629
                      37:-0.460
                      40: 0.205
 
 I=  9/2- (5)  4.870  26: 0.077
                      28:-0.190
                      29: 0.511
                      30:-0.066
                      35: 0.774
                      36:-0.068
                      38: 0.295

             ENERGY    K= OMEGA
 
 I= 11/2- (1)  2.392  31:-0.666
                      33:-0.569
                      34:-0.405
                      37:-0.239
                      40:-0.100
 
 I= 11/2- (2)  2.870  26:-0.110
                      27:-0.299
                      30: 0.260
                      32:-0.911
 
 I= 11/2- (3)  4.153  26:-0.340
                      27: 0.126
                      30: 0.893
                      32: 0.254
                      36: 0.062
 
 I= 11/2- (4)  5.078  28:-0.421
                      29: 0.486
                      35:-0.474
                      36: 0.596
 
 I= 11/2- (5)  5.748  31:-0.496
                      33:-0.066
                      34: 0.433
                      37: 0.616
                      39: 0.073
                      40: 0.421

             ENERGY    K= OMEGA
 
 I= 13/2- (1)  4.097  31:-0.182
                      33: 0.490
                      34:-0.613
                      37: 0.520
                      40:-0.283
 
 I= 13/2- (2)  4.122  26: 0.150
                      27:-0.348
                      30: 0.310
                      32: 0.871
 
 I= 13/2- (3)  5.533  26: 0.374
                      27: 0.157
                      29: 0.068
                      30: 0.855
                      32:-0.305
                      36:-0.079
 
 I= 13/2- (4)  6.310  28:-0.407
                      29:-0.546
                      30: 0.055
                      32:-0.058
                      35: 0.397
                      36: 0.547
                      38:-0.265
 
 I= 13/2- (5)  7.640  26: 0.074
                      27:-0.052
                      28:-0.102
                      29: 0.469
                      30:-0.094
                      35: 0.729
                      36: 0.087
                      38: 0.462

             ENERGY     K= 9/2
  35 LEVELS    TIME=  0.0 SEC



 ******************* EXCITATION ENERGIES, DOMINANT CONFIGURATION AND EXPECTATION VALUES (WITH S.P. UU+VV FACTORS) *******************

  NR  Eex(keV)  I   Kdom  NY    <Jz>  <Jx**2> <Jy**2> <Jz**2> <I.j>/|I|  <Rx**2> <Ry**2> <Rz**2> <R.j>/|R|  <HROTx> <HROTy> <HROTz>

   1    0.0   9/2-   9/2  32    3.82    2.57    2.57   19.51    4.37       2.94    2.94    0.00   -1.20      0.359   0.359   0.000
   2  251.6   7/2-  -7/2  30   -3.22    2.31    2.31   11.97    3.39       2.73    2.73    0.00   -1.35      0.333   0.333   0.000
   3  555.0  11/2-   1/2  31   -0.01   25.48   25.48    2.76    6.69       4.74    4.74    0.00   -4.46      0.578   0.578   0.000
   4  609.8   3/2-  -3/2  35   -1.17    2.08    2.08    1.92    1.39       2.22    2.22    0.00   -1.61      0.270   0.270   0.000
   5  755.0   3/2-  -3/2  29   -1.19    4.57    4.57    1.94    1.33       4.84    4.84    0.00   -2.73      0.590   0.590   0.000
  
   6  771.1   5/2-   5/2  36    0.72    2.86    2.86    4.04    2.21       2.72    2.72    0.00   -1.38      0.332   0.332   0.000
   7  885.9   1/2-   1/2  28    0.50    4.56    4.56    0.25    0.27       4.83    4.83    0.00   -2.94      0.589   0.589   0.000
   8 1032.8  11/2-   9/2  32    3.22    2.82    2.82   18.82    3.91       6.74    6.74    0.00   -0.30      0.822   0.822   0.000
   9 1169.0   9/2-  -7/2  30   -2.72    2.43    2.43   11.98    2.94       6.15    6.15    0.00   -0.63      0.750   0.750   0.000
  10 1202.5   5/2-  -3/2  35   -1.24    2.18    2.18    2.22    0.94       4.88    4.88    0.00   -1.21      0.595   0.595   0.000
  
  11 1304.4   3/2-   1/2  28   -0.08    3.71    3.71    0.83    0.13       5.75    5.75    0.00   -2.36      0.702   0.702   0.000
  12 1346.8   7/2-   5/2  36    0.48    2.95    2.95    3.71    1.87       5.26    5.26    0.00   -0.68      0.641   0.641   0.000
  13 1386.7   1/2-   1/2  38    0.50    1.50    1.50    0.25    0.68       1.41    1.41    0.00   -1.58      0.172   0.172   0.000
  14 1403.9   7/2-   1/2  31    0.00   24.93   24.93    1.78    6.31       8.65    8.65   -0.00   -6.39      1.055   1.055  -0.000
  15 1415.7   5/2-   5/2  36    0.89    3.13    3.13    3.16    1.27       5.33    5.33    0.00   -1.74      0.650   0.650   0.000
  
  16 1906.6   7/2-  -3/2  35   -0.55    2.52    2.52    2.32    0.97       7.72    7.72    0.00   -0.90      0.941   0.941   0.000
  17 2127.0   9/2-   5/2  36    0.31    3.17    3.17    3.36    1.75       8.53    8.53    0.00   -0.24      1.040   1.040   0.000
  18 2157.3   3/2-   1/2  38    0.44    1.97    1.97    0.31   -0.60       5.15    5.15    0.00   -1.68      0.628   0.628   0.000
  19 2214.6   5/2-   1/2  38   -0.12    3.12    3.12    1.30    0.11       7.82    7.82    0.00   -1.83      0.953   0.953   0.000
  20 2260.1  13/2-   5/2  34    0.01   24.75   24.75    7.83    6.27       9.28    9.28   -0.00   -3.15      1.132   1.132  -0.000
  
  21 2284.8  13/2-   9/2  32    2.71    3.04    3.04   18.19    3.58      11.49   11.49   -0.00    0.16      1.401   1.401  -0.000
  22 2315.6  11/2-  -7/2  30   -2.26    2.53    2.53   12.02    2.65      10.57   10.57   -0.00   -0.27      1.288   1.288  -0.000
  23 2389.9   7/2-  -3/2  29    0.28    3.47    3.47    3.16    0.71      10.09   10.09    0.00   -1.62      1.230   1.230   0.000
  24 2401.9   5/2-   1/2  28    0.27    2.78    2.78    0.55   -0.37       8.53    8.53    0.00   -1.75      1.041   1.041   0.000
  25 2433.3   9/2-   5/2  34    0.00   25.03   25.03    6.61    6.01      10.83   10.83   -0.00   -5.76      1.321   1.321  -0.000
  
  26 2913.0   3/2-   1/2  31    0.22   19.26   19.26    0.53    4.27      13.13   13.13   -0.00   -6.01      1.601   1.601  -0.000
  27 3032.5   9/2-  -3/2  35   -1.22    2.20    2.20    2.10    0.69      12.18   12.18    0.00   -0.62      1.485   1.485   0.000
  28 3240.9  11/2-   5/2  36    0.29    3.11    3.11    3.38    1.58      13.21   13.21    0.00   -0.03      1.610   1.610   0.000
  29 3695.5  13/2-  -7/2  30   -1.87    2.62    2.62   12.05    2.44      15.98   15.98   -0.00   -0.04      1.948   1.948  -0.000
  30 3910.5  11/2-  -7/2  37    0.05   23.47   23.47    9.48    5.32      14.25   14.25    0.00   -4.60      1.737   1.737   0.000
  
  31 4472.9  13/2-   5/2  36    0.19    3.28    3.28    3.08    1.57      18.20   18.20    0.00    0.23      2.219   2.219   0.000
  32 4476.8   1/2-   1/2  39    0.50   13.02   13.02    0.25   -2.02      15.27   15.27    0.00   -5.07      1.861   1.861   0.000
  33 5802.6  13/2-  -3/2  35   -1.02    2.04    2.04    1.98    0.64      22.93   22.93    0.00   -0.23      2.796   2.796   0.000
  34 7261.1   1/2-   1/2  31    0.50   25.79   25.79    0.25   -3.58      29.39   29.39    0.00   -7.16      3.583   3.583   0.000
  35*******   1/2-  -3/2  33    0.00    0.00    0.00    0.00   -0.00       0.00    0.00    0.00   -0.00      0.000   0.000   0.000
  
