1SPECTRUM OF (Z= 82 A=207) IN PARTICLE-ROTOR  MODEL WITH MODIFIED OSCILLATOR POTENTIAL


 PARITY=-   EPS= 0.213   GAMMA=  0.0   EPS4=0.000   EPS6=0.000   LEVELS:  25  26  27  28  29  30  31  32  33  34  35  36  37  38  39

 PAIRING FACTORS: GN0= 19.20  GN1=  7.40  IPAIR= 15 ***  E2PLUS(INPUT)=   0.730  E2PLUR(INPUT)=   0.000

 CORIOLIS ATTENUATION PARAMETERS:  CHSI=1.000  ETA=  1.00

 MOMENT OF INERTIA PARAMETERS:   A1=  0.122 MEV   A2=  0.122 MEV   A3=121.91923 MEV


 DELTA=0.946 MEV  LAMBDA=53.4857 MEV   HW0= 7.4504 MEV   LAMBDA/HW0= 7.1789

 E2ENERGY=0.730 MEV  HBAR**2/B= 8412./A**(7/3)=1422.1/A**2 MEV

 IREC=0  =>  RECOIL TERMS j+j-, j+j+, jzjz, ETC TREATED AS ONE-BODY OPERATORS WITH UU+VV PAIRING FACTORS



 S. P. LEVEL   EQP       U     V        (UU + VV)**1.00

     25       4.172    0.114 0.993      1.000 1.000 1.000 0.997 0.993 0.991 0.990 0.657 0.563 0.534 0.450 0.406 0.353 0.282 0.237
     26       4.093    0.116 0.993      1.000 1.000 1.000 0.997 0.993 0.991 0.990 0.659 0.565 0.536 0.452 0.408 0.355 0.284 0.239
     27       3.641    0.131 0.991      1.000 1.000 1.000 0.998 0.995 0.993 0.992 0.670 0.577 0.549 0.465 0.422 0.369 0.299 0.253
     28       2.510    0.192 0.981      0.997 0.997 0.998 1.000 0.999 0.998 0.998 0.715 0.626 0.599 0.519 0.477 0.425 0.357 0.313
     29       2.099    0.232 0.973      0.993 0.993 0.995 0.999 1.000 1.000 1.000 0.742 0.657 0.631 0.553 0.512 0.462 0.395 0.351
     30       1.984    0.246 0.969      0.991 0.991 0.993 0.998 1.000 1.000 1.000 0.752 0.668 0.643 0.565 0.525 0.475 0.408 0.365
     31       1.936    0.253 0.968      0.990 0.990 0.992 0.998 1.000 1.000 1.000 0.757 0.673 0.648 0.571 0.530 0.481 0.414 0.371
     32       1.013    0.824 0.567      0.657 0.659 0.670 0.715 0.742 0.752 0.757 1.000 0.993 0.988 0.969 0.956 0.937 0.909 0.888
     33       1.149    0.885 0.465      0.563 0.565 0.577 0.626 0.657 0.668 0.673 0.993 1.000 0.999 0.991 0.984 0.972 0.952 0.936
     34       1.208    0.901 0.435      0.534 0.536 0.549 0.599 0.631 0.643 0.648 0.988 0.999 1.000 0.995 0.989 0.979 0.962 0.948
     35       1.461    0.939 0.345      0.450 0.452 0.465 0.519 0.553 0.565 0.571 0.969 0.991 0.995 1.000 0.999 0.994 0.984 0.974
     36       1.657    0.954 0.299      0.406 0.408 0.422 0.477 0.512 0.525 0.530 0.956 0.984 0.989 0.999 1.000 0.998 0.991 0.984
     37       2.001    0.970 0.244      0.353 0.355 0.369 0.425 0.462 0.475 0.481 0.937 0.972 0.979 0.994 0.998 1.000 0.997 0.993
     38       2.807    0.985 0.171      0.282 0.284 0.299 0.357 0.395 0.408 0.414 0.909 0.952 0.962 0.984 0.991 0.997 1.000 0.999
     39       3.832    0.992 0.124      0.237 0.239 0.253 0.313 0.351 0.365 0.371 0.888 0.936 0.948 0.974 0.984 0.993 0.999 1.000

  R CORE   ENERGY   A0R/A00=1.000    R3= 0     2  
   2( 1)    0.732                    1.000 0.000
   2( 2)  487.921                    0.000 1.000

  R CORE   ENERGY   A0R/A00=1.000    R3= 0     2  
   3( 1)  488.652                    0.000 1.000

  R CORE   ENERGY   A0R/A00=1.000    R3= 0     2     4  
   4( 1)    2.438                    1.000 0.000 0.000

  R CORE   ENERGY   A0R/A00=1.000    R3= 0     2     4  
   5( 1)  490.847                    0.000 1.000 0.000

  R CORE   ENERGY   A0R/A00=1.000    R3= 0     2     4     6  
   6( 1)    5.121                    1.000 0.000 0.000 0.000

  R CORE   ENERGY   A0R/A00=1.000    R3= 0     2     4     6  
   7( 1)  494.017                    0.000 1.000 0.000 0.000

          AXIAL SYMMETRY => K RESTRICTED TO OMEGA

                     K
     S.P. ORB#: 25  2.50
     S.P. ORB#: 26  0.50
     S.P. ORB#: 27 -3.50
     S.P. ORB#: 28 -3.50
     S.P. ORB#: 29  0.50
     S.P. ORB#: 30  4.50
     S.P. ORB#: 31 -1.50
     S.P. ORB#: 32 -1.50
     S.P. ORB#: 33  2.50
     S.P. ORB#: 34  0.50
     S.P. ORB#: 35 -1.50
     S.P. ORB#: 36  0.50
     S.P. ORB#: 37  2.50
     S.P. ORB#: 38 -3.50
     S.P. ORB#: 39  4.50
 

             ENERGY    K= OMEGA
 
 I=  1/2- (1)  1.925  26:-0.057
                      36:-0.998
 
 I=  1/2- (2)  3.172  29: 0.999
 
 I=  1/2- (3)  5.347  26: 0.998
                      36:-0.058
 
 I=  1/2- (4)  8.985  34:-1.000
 
 I=  1/2- (5)147.316  32: 1.000

             ENERGY    K= OMEGA
 
 I=  3/2- (1)  1.512  29: 0.183
                      31: 0.100
                      32: 0.975
                      36:-0.069
 
 I=  3/2- (2)  2.551  29: 0.196
                      31: 0.201
                      32:-0.126
                      36:-0.951

             ENERGY    K= OMEGA
 
 I=  5/2- (1)  1.630  26:-0.054
                      29: 0.143
                      31: 0.182
                      32:-0.454
                      33:-0.857
                      36: 0.050
 
 I=  5/2- (2)  2.156  29: 0.201
                      31:-0.176
                      32:-0.852
                      33: 0.444
                      36:-0.061
 
 I=  5/2- (3)  2.578  26: 0.052
                      29:-0.204
                      31:-0.266
                      33:-0.147
                      36:-0.929
 
 I=  5/2- (4)  3.314  26: 0.358
                      29:-0.431
                      31:-0.723
                      32:-0.074
                      33:-0.188
                      36: 0.351
 
 I=  5/2- (5)  4.487  26: 0.065
                      29:-0.808
                      31: 0.521
                      32:-0.245
                      33: 0.103

             ENERGY    K= OMEGA
 
 I=  7/2- (1)  2.269  29: 0.192
                      31:-0.209
                      32: 0.537
                      33:-0.793
 
 I=  7/2- (2)  2.827  25:-0.084
                      26: 0.171
                      28:-0.148
                      29: 0.335
                      31: 0.306
                      32: 0.691
                      33: 0.473
                      36:-0.180
 
 I=  7/2- (3)  3.256  25:-0.227
                      27: 0.084
                      28:-0.955
                      29:-0.073
                      31:-0.068
                      32:-0.096
                      33:-0.074
                      36: 0.053
 
 I=  7/2- (4)  3.568  34: 0.733
                      35: 0.572
                      37: 0.342
                      38: 0.139
 
 I=  7/2- (5)  4.087  26: 0.159
                      29: 0.194
                      31: 0.367
                      32:-0.333
                      33:-0.257
                      36:-0.790

             ENERGY    K= OMEGA
 
 I=  9/2- (1)  2.736  25:-0.080
                      27: 0.255
                      28: 0.181
                      29: 0.054
                      30:-0.925
                      31: 0.065
                      32:-0.100
                      33:-0.146
 
 I=  9/2- (2)  2.966  26:-0.189
                      29: 0.311
                      30: 0.200
                      31: 0.372
                      32:-0.475
                      33:-0.660
                      36: 0.160
 
 I=  9/2- (3)  3.963  25:-0.232
                      27:-0.079
                      28: 0.511
                      29: 0.152
                      30: 0.101
                      31:-0.274
                      32:-0.650
                      33: 0.321
                      36:-0.207
 
 I=  9/2- (4)  4.125  25:-0.087
                      26:-0.169
                      27:-0.068
                      28: 0.308
                      29: 0.261
                      31: 0.291
                      32: 0.168
                      33: 0.383
                      36: 0.732
 
 I=  9/2- (5)  4.248  25:-0.211
                      27:-0.064
                      28: 0.705
                      29:-0.248
                      30: 0.145
                      31: 0.090
                      32: 0.412
                      33:-0.411
                      36:-0.151

             ENERGY    K= OMEGA
 
 I= 11/2- (1)  2.415  34:-0.669
                      35:-0.566
                      37:-0.405
                      38:-0.239
                      39:-0.104
 
 I= 11/2- (2)  3.697  25: 0.130
                      27: 0.335
                      28: 0.252
                      30: 0.882
                      32:-0.099
                      33: 0.130
 
 I= 11/2- (3)  4.218  29:-0.283
                      30:-0.179
                      31: 0.275
                      32:-0.572
                      33: 0.694
 
 I= 11/2- (4)  4.814  25: 0.149
                      26:-0.280
                      27:-0.064
                      28: 0.248
                      29:-0.399
                      30:-0.062
                      31:-0.412
                      32:-0.509
                      33:-0.438
                      36: 0.222
 
 I= 11/2- (5)  5.307  25:-0.342
                      26:-0.119
                      27: 0.134
                      28:-0.843
                      29:-0.165
                      30: 0.239
                      31:-0.151
                      32:-0.115
                      33:-0.091
                      36: 0.108

             ENERGY    K= OMEGA
 
 I= 13/2- (1)  4.145  34:-0.190
                      35: 0.492
                      37:-0.605
                      38: 0.518
                      39:-0.294
 
 I= 13/2- (2)  4.844  25:-0.158
                      26:-0.144
                      27: 0.346
                      28: 0.258
                      29: 0.196
                      30:-0.731
                      31: 0.221
                      32:-0.231
                      33:-0.291
                      36: 0.093
 
 I= 13/2- (3)  5.054  25:-0.061
                      26: 0.284
                      27: 0.163
                      28: 0.161
                      29:-0.369
                      30:-0.445
                      31:-0.426
                      32: 0.346
                      33: 0.435
                      36:-0.199
 
 I= 13/2- (4)  6.499  25:-0.369
                      26: 0.061
                      27:-0.153
                      28: 0.677
                      29: 0.093
                      30: 0.263
                      31:-0.210
                      32:-0.456
                      33: 0.140
                      36:-0.172
 
 I= 13/2- (5)  6.695  25:-0.089
                      26:-0.205
                      27:-0.084
                      28: 0.286
                      29: 0.204
                      31: 0.247
                      32: 0.353
                      33: 0.491
                      36: 0.626

             ENERGY     K= 9/2
  32 LEVELS    TIME=  0.0 SEC



 ******************* EXCITATION ENERGIES, DOMINANT CONFIGURATION AND EXPECTATION VALUES (WITH S.P. UU+VV FACTORS) *******************

  NR  Eex(keV)  I   Kdom  NY    <Jz>  <Jx**2> <Jy**2> <Jz**2> <I.j>/|I|  <Rx**2> <Ry**2> <Rz**2> <R.j>/|R|  <HROTx> <HROTy> <HROTz>

   1    0.0   3/2-  -3/2  32   -1.42    1.60    1.60    2.17    1.41       1.82    1.82    0.00   -1.38      0.222   0.222   0.000
   2  118.3   5/2-   5/2  33    1.49    1.90    1.90    5.14    2.36       1.86    1.86    0.00   -1.01      0.227   0.227   0.000
   3  412.6   1/2-   1/2  36    0.50    1.28    1.28    0.25    0.82       1.07    1.07    0.00   -1.44      0.130   0.130   0.000
   4  644.1   5/2-  -3/2  32   -0.61    1.60    1.60    2.96    1.08       4.25    4.25    0.00   -1.01      0.518   0.518   0.000
   5  756.6   7/2-   5/2  33    1.09    1.98    1.98    4.71    1.96       4.44    4.44    0.00   -0.30      0.542   0.542   0.000
  
   6  903.2  11/2-   1/2  34    0.00   27.39   27.39    2.78    7.20       3.59    3.59    0.00   -5.41      0.438   0.438   0.000
   7 1039.0   3/2-   1/2  36    0.39    1.53    1.53    0.36   -0.00       3.59    3.59    0.00   -1.28      0.437   0.437   0.000
   8 1065.8   5/2-   1/2  36    0.40    1.88    1.88    0.52    0.97       3.64    3.64   -0.00   -0.52      0.444   0.444  -0.000
   9 1223.4   9/2-   9/2  30    3.56    2.66    2.66   18.74    4.38       2.62    2.62    0.00   -0.99      0.319   0.319   0.000
  10 1315.2   7/2-  -3/2  32   -0.27    1.88    1.88    3.06    1.39       5.77    5.77    0.00   -0.38      0.703   0.703   0.000
  
  11 1453.5   9/2-   5/2  33    0.79    2.79    2.79    4.42    2.26       6.12    6.12    0.00    0.36      0.746   0.746   0.000
  12 1659.8   1/2-   1/2  29    0.50    4.20    4.20    0.25    0.36       4.39    4.39    0.00   -2.82      0.536   0.536   0.000
  13 1744.2   7/2-  -7/2  28   -3.09    2.33    2.33   11.65    3.34       2.78    2.78    0.00   -1.30      0.339   0.339   0.000
  14 1801.4   5/2-  -3/2  31   -0.49    3.74    3.74    1.52    1.42       4.67    4.67   -0.00   -1.57      0.569   0.569  -0.000
  15 2055.9   7/2-   1/2  34    0.00   27.65   27.65    1.84    6.96       8.83    8.83   -0.00   -7.02      1.077   1.077  -0.000
  
  16 2184.9  11/2-   9/2  30    2.95    2.96    2.96   18.13    3.98       6.07    6.07    0.00   -0.06      0.740   0.740   0.000
  17 2451.2   9/2-  -3/2  32   -1.21    1.94    1.94    5.60    1.61       9.10    9.10    0.00   -0.34      1.110   1.110   0.000
  18 2575.0   7/2-   1/2  36    0.13    2.19    2.19    1.16    0.18       9.91    9.91    0.00   -1.08      1.208   1.208   0.000
  19 2612.8   9/2-   1/2  36    0.19    2.34    2.34    2.61    1.30       9.55    9.55    0.00   -0.19      1.164   1.164   0.000
  20 2633.4  13/2-   5/2  37    0.02   25.90   25.90    7.88    6.63       7.91    7.91   -0.00   -3.36      0.965   0.965  -0.000
  
  21 2706.3  11/2-   5/2  33    0.78    2.24    2.24    4.62    1.73      12.08   12.08    0.00    0.25      1.473   1.473   0.000
  22 2736.2   9/2-  -7/2  28   -1.35    2.28    2.28    8.33    1.97       9.03    9.03    0.00   -0.73      1.101   1.101   0.000
  23 2974.5   5/2-   1/2  29   -0.14    4.21    4.21    0.98   -0.39      10.24   10.24   -0.00   -2.34      1.249   1.249  -0.000
  24 3302.2  11/2-  -3/2  32   -0.18    2.37    2.37    3.26    1.60      12.29   12.29    0.00    0.32      1.498   1.498   0.000
  25 3331.7  13/2-   9/2  30    1.90    3.32    3.32   14.02    3.41      10.88   10.88    0.00    0.68      1.326   1.326   0.000
  
  26 3541.6  13/2-   9/2  30    0.87    3.56    3.56    6.59    2.64      12.77   12.77    0.00    0.94      1.557   1.557   0.000
  27 3794.9  11/2-  -7/2  28   -2.00    2.60    2.60   10.96    2.52      10.89   10.89    0.00   -0.23      1.327   1.327   0.000
  28 3835.1   1/2-   1/2  26    0.50    5.29    5.29    0.25    0.69       5.19    5.19    0.00   -3.17      0.632   0.632   0.000
  29 4987.3  13/2-  -7/2  28   -1.34    2.43    2.43    8.85    2.03      17.06   17.06    0.00    0.08      2.079   2.079   0.000
  30 5182.7  13/2-   1/2  36    0.27    2.21    2.21    3.19    1.10      20.50   20.50    0.00    0.01      2.499   2.499   0.000
  
  31 7472.9   1/2-   1/2  34    0.50   27.93   27.93    0.25   -4.00      31.89   31.89    0.00   -7.46      3.888   3.888   0.000
  32*******   1/2-  -3/2  32    0.00    0.00    0.00    0.00   -0.00       0.00    0.00    0.00   -0.00      0.000   0.000   0.000
