1SPECTRUM OF (Z= 82 A=207) IN PARTICLE-ROTOR  MODEL WITH MODIFIED OSCILLATOR POTENTIAL


 PARITY=-   EPS= 0.437   GAMMA=  0.0   EPS4=0.000   EPS6=0.000   LEVELS:  25  26  27  28  29  30  31  32  33  34  35  36  37  38  39

 PAIRING FACTORS: GN0= 19.20  GN1=  7.40  IPAIR= 15 ***  E2PLUS(INPUT)=   0.730  E2PLUR(INPUT)=   0.000

 CORIOLIS ATTENUATION PARAMETERS:  CHSI=1.000  ETA=  1.00

 MOMENT OF INERTIA PARAMETERS:   A1=  0.122 MEV   A2=  0.122 MEV   A3=121.91923 MEV


 DELTA=0.852 MEV  LAMBDA=53.4819 MEV   HW0= 7.5919 MEV   LAMBDA/HW0= 7.0446

 E2ENERGY=0.730 MEV  HBAR**2/B=35409./A**(7/3)=5985.9/A**2 MEV

 IREC=0  =>  RECOIL TERMS j+j-, j+j+, jzjz, ETC TREATED AS ONE-BODY OPERATORS WITH UU+VV PAIRING FACTORS



 S. P. LEVEL   EQP       U     V        (UU + VV)**1.00

     25       4.070    0.105 0.994      1.000 0.999 0.999 0.997 0.990 0.943 0.833 0.764 0.728 0.371 0.346 0.303 0.268 0.243 0.208
     26       3.002    0.143 0.990      0.999 1.000 1.000 0.999 0.995 0.955 0.854 0.788 0.754 0.406 0.381 0.339 0.304 0.280 0.246
     27       2.733    0.158 0.987      0.999 1.000 1.000 1.000 0.996 0.959 0.861 0.797 0.764 0.420 0.395 0.353 0.318 0.294 0.260
     28       2.345    0.185 0.983      0.997 0.999 1.000 1.000 0.998 0.966 0.875 0.813 0.781 0.444 0.420 0.379 0.344 0.320 0.286
     29       1.802    0.244 0.970      0.990 0.995 0.996 0.998 1.000 0.980 0.902 0.847 0.817 0.497 0.474 0.434 0.400 0.376 0.344
     30       1.096    0.431 0.902      0.943 0.955 0.959 0.966 0.980 1.000 0.970 0.935 0.915 0.659 0.639 0.603 0.574 0.552 0.523
     31       0.867    0.638 0.770      0.833 0.854 0.861 0.875 0.902 0.970 1.000 0.993 0.986 0.823 0.807 0.780 0.756 0.739 0.715
     32       0.853    0.722 0.692      0.764 0.788 0.797 0.813 0.847 0.935 0.993 1.000 0.999 0.883 0.870 0.846 0.826 0.812 0.790
     33       0.862    0.758 0.652      0.728 0.754 0.764 0.781 0.817 0.915 0.986 0.999 1.000 0.906 0.895 0.874 0.855 0.842 0.822
     34       1.633    0.963 0.271      0.371 0.406 0.420 0.444 0.497 0.659 0.823 0.883 0.906 1.000 1.000 0.997 0.994 0.991 0.986
     35       1.795    0.970 0.245      0.346 0.381 0.395 0.420 0.474 0.639 0.807 0.870 0.895 1.000 1.000 0.999 0.997 0.994 0.990
     36       2.165    0.980 0.201      0.303 0.339 0.353 0.379 0.434 0.603 0.780 0.846 0.874 0.997 0.999 1.000 0.999 0.998 0.995
     37       2.625    0.986 0.165      0.268 0.304 0.318 0.344 0.400 0.574 0.756 0.826 0.855 0.994 0.997 0.999 1.000 1.000 0.998
     38       3.089    0.990 0.139      0.243 0.280 0.294 0.320 0.376 0.552 0.739 0.812 0.842 0.991 0.994 0.998 1.000 1.000 0.999
     39       4.109    0.995 0.104      0.208 0.246 0.260 0.286 0.344 0.523 0.715 0.790 0.822 0.986 0.990 0.995 0.998 0.999 1.000

  R CORE   ENERGY   A0R/A00=1.000    R3= 0     2  
   2( 1)    0.732                    1.000 0.000
   2( 2)  487.921                    0.000 1.000

  R CORE   ENERGY   A0R/A00=1.000    R3= 0     2  
   3( 1)  488.652                    0.000 1.000

  R CORE   ENERGY   A0R/A00=1.000    R3= 0     2     4  
   4( 1)    2.438                    1.000 0.000 0.000

  R CORE   ENERGY   A0R/A00=1.000    R3= 0     2     4  
   5( 1)  490.847                    0.000 1.000 0.000

  R CORE   ENERGY   A0R/A00=1.000    R3= 0     2     4     6  
   6( 1)    5.121                    1.000 0.000 0.000 0.000

  R CORE   ENERGY   A0R/A00=1.000    R3= 0     2     4     6  
   7( 1)  494.017                    0.000 1.000 0.000 0.000

          AXIAL SYMMETRY => K RESTRICTED TO OMEGA

                     K
     S.P. ORB#: 25  0.50
     S.P. ORB#: 26 -5.50
     S.P. ORB#: 27 -1.50
     S.P. ORB#: 28  2.50
     S.P. ORB#: 29 -3.50
     S.P. ORB#: 30  2.50
     S.P. ORB#: 31  0.50
     S.P. ORB#: 32 -1.50
     S.P. ORB#: 33  0.50
     S.P. ORB#: 34 -3.50
     S.P. ORB#: 35 -3.50
     S.P. ORB#: 36  4.50
     S.P. ORB#: 37  0.50
     S.P. ORB#: 38 -1.50
     S.P. ORB#: 39 -1.50
 

             ENERGY    K= OMEGA
 
 I=  1/2- (1)  2.218  31:-1.000
 
 I=  1/2- (2)  3.616  25:-0.253
                      33: 0.922
                      37:-0.294
 
 I=  1/2- (3)  6.635  25:-0.249
                      33: 0.232
                      37: 0.940
 
 I=  1/2- (4) 10.218  25: 0.935
                      33: 0.311
                      37: 0.171
 
 I=  1/2- (5)147.156  32:-1.000

             ENERGY    K= OMEGA
 
 I=  3/2- (1)  2.182  31:-0.561
                      32: 0.827
 
 I=  3/2- (2)  2.488  31:-0.815
                      32:-0.560
                      39:-0.148
 
 I=  3/2- (3)  3.688  25: 0.267
                      33:-0.931
                      37:-0.126
                      38:-0.214
 
 I=  3/2- (4)  4.803  31: 0.146
                      39:-0.988
 
 I=  3/2- (5)  6.848  25: 0.619
                      27: 0.661
                      33: 0.277
                      37:-0.160
                      38:-0.278

             ENERGY    K= OMEGA
 
 I=  5/2- (1)  2.750  28:-0.053
                      31:-0.489
                      32:-0.868
                      39: 0.069
 
 I=  5/2- (2)  3.272  28: 0.081
                      31:-0.834
                      32: 0.485
                      39: 0.251
 
 I=  5/2- (3)  3.796  25:-0.206
                      33: 0.832
                      37:-0.440
                      38:-0.265
 
 I=  5/2- (4)  4.145  28: 0.993
                      31: 0.060
                      32:-0.090
 
 I=  5/2- (5)  5.514  28: 0.068
                      31:-0.249
                      32: 0.059
                      39:-0.964

             ENERGY    K= OMEGA
 
 I=  7/2- (1)  2.541  28:-0.160
                      34: 0.986
 
 I=  7/2- (2)  3.338  31:-0.758
                      32: 0.626
                      39:-0.178
 
 I=  7/2- (3)  3.722  28: 0.184
                      29: 0.977
                      31:-0.081
                      32:-0.065
 
 I=  7/2- (4)  3.965  28:-0.101
                      29: 0.127
                      31: 0.577
                      32: 0.764
                      39: 0.238
 
 I=  7/2- (5)  4.052  25: 0.058
                      27:-0.155
                      30:-0.167
                      33:-0.872
                      35:-0.062
                      37:-0.252
                      38:-0.342

             ENERGY    K= OMEGA
 
 I=  9/2- (1)  3.067  28:-0.102
                      29: 0.236
                      34:-0.370
                      36:-0.892
 
 I=  9/2- (2)  3.641  28: 0.207
                      29: 0.142
                      34: 0.898
                      36:-0.359
 
 I=  9/2- (3)  4.493  28: 0.063
                      29:-0.051
                      31: 0.612
                      32: 0.765
                      39:-0.178
 
 I=  9/2- (4)  4.688  25:-0.145
                      27:-0.070
                      30: 0.136
                      33: 0.774
                      35:-0.067
                      37:-0.486
                      38:-0.341
 
 I=  9/2- (5)  4.896  28: 0.264
                      29:-0.914
                      31:-0.134
                      36:-0.263
                      39: 0.078

             ENERGY    K= OMEGA
 
 I= 11/2- (1)  3.951  25:-0.475
                      27:-0.557
                      30:-0.480
                      33:-0.384
                      35:-0.207
                      37:-0.122
                      38:-0.167
 
 I= 11/2- (2)  4.185  26:-0.279
                      28:-0.140
                      29:-0.295
                      34: 0.404
                      36:-0.807
 
 I= 11/2- (3)  4.356  26: 0.960
                      28:-0.052
                      29:-0.088
                      34: 0.150
                      36:-0.216
 
 I= 11/2- (4)  4.959  28: 0.243
                      29:-0.202
                      32:-0.051
                      34:-0.853
                      36:-0.410
 
 I= 11/2- (5)  5.403  31:-0.804
                      32: 0.527
                      39:-0.271

             ENERGY    K= OMEGA
 
 I= 13/2- (1)  5.561  26: 0.174
                      28:-0.179
                      29: 0.346
                      34:-0.442
                      36:-0.789
 
 I= 13/2- (2)  5.756  25:-0.167
                      27: 0.559
                      30:-0.673
                      33:-0.208
                      35: 0.367
                      37: 0.093
                      38: 0.142
 
 I= 13/2- (3)  5.937  26:-0.983
                      28:-0.051
                      29: 0.061
                      34:-0.128
                      36:-0.106
 
 I= 13/2- (4)  6.508  26: 0.060
                      28:-0.273
                      29:-0.242
                      32:-0.065
                      34:-0.820
                      36: 0.430
 
 I= 13/2- (5)  6.543  25:-0.209
                      27: 0.155
                      30:-0.140
                      33: 0.719
                      35: 0.088
                      37:-0.514
                      38:-0.351

             ENERGY     K=-3/2
  35 LEVELS    TIME=  0.0 SEC



 ******************* EXCITATION ENERGIES, DOMINANT CONFIGURATION AND EXPECTATION VALUES (WITH S.P. UU+VV FACTORS) *******************

  NR  Eex(keV)  I   Kdom  NY    <Jz>  <Jx**2> <Jy**2> <Jz**2> <I.j>/|I|  <Rx**2> <Ry**2> <Rz**2> <R.j>/|R|  <HROTx> <HROTy> <HROTz>

   1    0.0   3/2-  -3/2  32   -0.87    5.13    5.13    1.62    1.25       5.41    5.41    0.00   -2.88      0.659   0.659   0.000
   2   36.6   1/2-   1/2  31    0.50    5.09    5.09    0.25    0.06       5.54    5.54    0.00   -3.12      0.675   0.675   0.000
   3  306.7   3/2-   1/2  31   -0.17    4.96    4.96    0.92    0.48       6.37    6.37    0.00   -2.78      0.777   0.777   0.000
   4  359.5   7/2-  -7/2  34   -3.35    2.33    2.33   12.09    3.18       3.65    3.65    0.00   -1.54      0.445   0.445   0.000
   5  568.5   5/2-  -3/2  32   -1.01    5.15    5.15    1.78    0.92       7.69    7.69    0.00   -2.39      0.937   0.937   0.000
  
   6  885.0   9/2-   9/2  36    2.93    2.64    2.64   18.56    4.06       4.07    4.07    0.00   -1.27      0.497   0.497   0.001
   7 1090.2   5/2-   1/2  31   -0.08    4.80    4.80    0.89    0.21       9.00    9.00    0.00   -2.33      1.097   1.097   0.000
   8 1155.8   7/2-   1/2  31   -0.35    5.10    5.10    1.11    0.96       9.72    9.72    0.00   -1.70      1.185   1.185   0.000
   9 1434.3   1/2-   1/2  33    0.50   10.22   10.22    0.25    1.03       9.83    9.83    0.00   -4.46      1.198   1.198   0.000
  10 1459.2   9/2-  -7/2  34   -2.21    2.43    2.43   13.01    2.71       7.81    7.81    0.00   -1.11      0.953   0.953   0.000
  
  11 1506.5   3/2-   1/2  33    0.41   11.46   11.46    0.34    1.75      10.12   10.12    0.00   -4.42      1.234   1.234   0.000
  12 1540.0   7/2-  -7/2  29   -3.26    6.27    6.27   11.91    3.09       7.82    7.82    0.00   -3.08      0.954   0.954   0.000
  13 1614.0   5/2-   1/2  33    0.36   10.92   10.92    0.39    2.05       9.43    9.43    0.00   -3.72      1.149   1.149   0.000
  14 1769.2  11/2-  -3/2  27    0.11   23.60   23.60    2.83    6.07       6.57    6.57    0.00   -3.78      0.801   0.801   0.000
  15 1783.0   7/2-  -3/2  32   -0.83    4.80    4.80    1.80    0.43      11.86   11.86    0.00   -1.99      1.445   1.445   0.000
  
  16 1869.9   7/2-   1/2  33    0.26   15.16   15.16    0.74    3.06      11.28   11.28    0.00   -3.99      1.375   1.375   0.000
  17 1963.6   5/2-   5/2  28    2.45    6.10    6.10    6.19    2.07       7.43    7.43    0.00   -3.18      0.906   0.906   0.000
  18 2003.5  11/2-   9/2  36    1.68    2.85    2.85   18.75    3.61       8.49    8.49    0.00   -0.69      1.035   1.035   0.000
  19 2173.9  11/2- -11/2  26   -4.95    2.76    2.76   29.18    4.91       5.88    5.88    0.00   -1.56      0.717   0.717   0.001
  20 2311.2   9/2-  -3/2  32   -0.74    5.12    5.12    1.56    0.77      14.44   14.44    0.00   -1.48      1.761   1.761   0.000
  
  21 2505.9   9/2-   1/2  33    0.28   12.07   12.07    0.66    2.45      12.57   12.57    0.00   -2.51      1.532   1.532   0.000
  22 2621.0   3/2-  -3/2  39   -1.46    1.98    1.98    2.21    0.93       3.16    3.16    0.00   -1.74      0.385   0.385   0.000
  23 2714.7   9/2-  -7/2  29   -2.44    5.93    5.93   12.09    2.39      12.45   12.45    0.00   -2.42      1.518   1.518   0.000
  24 2777.4  11/2-  -7/2  34   -1.80    2.55    2.55   13.23    2.34      13.07   13.07    0.00   -0.85      1.594   1.594   0.000
  25 3221.6  11/2-   1/2  31   -0.21    4.98    4.98    0.97    0.95      17.63   17.63    0.00   -0.88      2.150   2.150   0.000
  
  26 3332.3   5/2-  -3/2  39   -1.36    2.14    2.14    2.15    0.31       6.66    6.66    0.00   -1.51      0.812   0.812   0.000
  27 3379.6  13/2-   9/2  36    1.61    3.03    3.03   17.57    3.12      14.41   14.41    0.00   -0.34      1.756   1.756   0.000
  28 3574.2  13/2-   5/2  30    0.20   23.08   23.08    5.25    4.86      16.11   16.11    0.00   -3.07      1.964   1.964   0.000
  29 3755.3  13/2- -11/2  26   -5.33    2.76    2.76   29.71    4.27      12.19   12.19    0.00   -1.10      1.486   1.486   0.000
  30 4326.0  13/2-  -7/2  34   -1.57    2.67    2.67   13.30    2.06      19.32   19.32    0.00   -0.69      2.355   2.355   0.000
  
  31 4361.1  13/2-   1/2  33    0.21   11.81   11.81    0.75    2.45      19.45   19.45    0.00   -1.17      2.372   2.372   0.000
  32 4453.1   1/2-   1/2  37    0.50   15.67   15.67    0.25   -0.35      16.46   16.46    0.00   -5.56      2.007   2.007   0.000
  33 4666.3   3/2-  -3/2  27   -0.53   20.89   20.89    1.28    4.21      15.26   15.26    0.00   -6.32      1.860   1.860   0.000
  34 8036.8   1/2-   1/2  25    0.50   23.11   23.11    0.25   -3.52      26.66   26.66    0.00   -6.78      3.251   3.251   0.000
  35*******   1/2-  -3/2  32    0.00    0.00    0.00    0.00    0.00       0.00    0.00    0.00   -0.00      0.000   0.000   0.000
  
