1SPECTRUM OF (Z= 82 A=207) IN PARTICLE-ROTOR  MODEL WITH MODIFIED OSCILLATOR POTENTIAL


 PARITY=-   EPS= 0.293   GAMMA=  0.0   EPS4=0.000   EPS6=0.000   LEVELS:  24  25  26  27  28  29  30  31  32  33  34  35  36  37  38

 PAIRING FACTORS: GN0= 19.20  GN1=  7.40  IPAIR= 15 ***  E2PLUS(INPUT)=   0.730  E2PLUR(INPUT)=   0.000

 CORIOLIS ATTENUATION PARAMETERS:  CHSI=1.000  ETA=  1.00

 MOMENT OF INERTIA PARAMETERS:   A1=  0.122 MEV   A2=  0.122 MEV   A3=121.91924 MEV


 DELTA=0.951 MEV  LAMBDA=53.2919 MEV   HW0= 7.4877 MEV   LAMBDA/HW0= 7.1172

 E2ENERGY=0.730 MEV  HBAR**2/B=15918./A**(7/3)=2690.9/A**2 MEV

 IREC=0  =>  RECOIL TERMS j+j-, j+j+, jzjz, ETC TREATED AS ONE-BODY OPERATORS WITH UU+VV PAIRING FACTORS



 S. P. LEVEL   EQP       U     V        (UU + VV)**1.00

     24       5.041    0.095 0.996      1.000 1.000 0.999 0.997 0.971 0.960 0.953 0.917 0.865 0.758 0.441 0.338 0.308 0.279 0.259
     25       4.117    0.116 0.993      1.000 1.000 1.000 0.999 0.976 0.966 0.960 0.925 0.876 0.772 0.461 0.358 0.329 0.300 0.280
     26       3.449    0.139 0.990      0.999 1.000 1.000 1.000 0.981 0.972 0.966 0.934 0.887 0.786 0.481 0.380 0.350 0.322 0.302
     27       2.896    0.167 0.986      0.997 0.999 1.000 1.000 0.986 0.978 0.973 0.943 0.899 0.803 0.505 0.405 0.376 0.348 0.329
     28       1.533    0.328 0.945      0.971 0.976 0.981 0.986 1.000 0.999 0.998 0.985 0.959 0.891 0.642 0.552 0.525 0.499 0.481
     29       1.386    0.369 0.929      0.960 0.966 0.972 0.978 0.999 1.000 1.000 0.992 0.971 0.910 0.674 0.587 0.562 0.536 0.519
     30       1.321    0.391 0.920      0.953 0.960 0.966 0.973 0.998 1.000 1.000 0.995 0.976 0.920 0.692 0.606 0.581 0.556 0.539
     31       1.122    0.485 0.875      0.917 0.925 0.934 0.943 0.985 0.992 0.995 1.000 0.993 0.955 0.763 0.686 0.663 0.640 0.624
     32       1.005    0.581 0.814      0.865 0.876 0.887 0.899 0.959 0.971 0.976 0.993 1.000 0.983 0.832 0.764 0.744 0.723 0.709
     33       0.952    0.721 0.693      0.758 0.772 0.786 0.803 0.891 0.910 0.920 0.955 0.983 1.000 0.920 0.870 0.854 0.838 0.827
     34       1.435    0.935 0.354      0.441 0.461 0.481 0.505 0.642 0.674 0.692 0.763 0.832 0.920 1.000 0.994 0.990 0.985 0.981
     35       1.985    0.969 0.247      0.338 0.358 0.380 0.405 0.552 0.587 0.606 0.686 0.764 0.870 0.994 1.000 1.000 0.998 0.997
     36       2.249    0.976 0.217      0.308 0.329 0.350 0.376 0.525 0.562 0.581 0.663 0.744 0.854 0.990 1.000 1.000 1.000 0.999
     37       2.588    0.982 0.187      0.279 0.300 0.322 0.348 0.499 0.536 0.556 0.640 0.723 0.838 0.985 0.998 1.000 1.000 1.000
     38       2.891    0.986 0.167      0.259 0.280 0.302 0.329 0.481 0.519 0.539 0.624 0.709 0.827 0.981 0.997 0.999 1.000 1.000

  R CORE   ENERGY   A0R/A00=1.000    R3= 0     2  
   2( 1)    0.732                    1.000 0.000
   2( 2)  487.921                    0.000 1.000

  R CORE   ENERGY   A0R/A00=1.000    R3= 0     2  
   3( 1)  488.652                    0.000 1.000

  R CORE   ENERGY   A0R/A00=1.000    R3= 0     2     4  
   4( 1)    2.438                    1.000 0.000 0.000

  R CORE   ENERGY   A0R/A00=1.000    R3= 0     2     4  
   5( 1)  490.847                    0.000 1.000 0.000

  R CORE   ENERGY   A0R/A00=1.000    R3= 0     2     4     6  
   6( 1)    5.121                    1.000 0.000 0.000 0.000

  R CORE   ENERGY   A0R/A00=1.000    R3= 0     2     4     6  
   7( 1)  494.017                    0.000 1.000 0.000 0.000

          AXIAL SYMMETRY => K RESTRICTED TO OMEGA

                     K
     S.P. ORB#: 24  2.50
     S.P. ORB#: 25  0.50
     S.P. ORB#: 26  2.50
     S.P. ORB#: 27 -3.50
     S.P. ORB#: 28  0.50
     S.P. ORB#: 29 -1.50
     S.P. ORB#: 30 -3.50
     S.P. ORB#: 31  0.50
     S.P. ORB#: 32  4.50
     S.P. ORB#: 33 -1.50
     S.P. ORB#: 34  2.50
     S.P. ORB#: 35 -1.50
     S.P. ORB#: 36  2.50
     S.P. ORB#: 37 -3.50
     S.P. ORB#: 38  0.50
 

             ENERGY    K= OMEGA
 
 I=  1/2- (1)  2.719  28:-0.996
                      38:-0.079
 
 I=  1/2- (2)  3.213  25:-0.067
                      28: 0.076
                      38:-0.995
 
 I=  1/2- (3)  5.607  25: 0.997
                      38:-0.064
 
 I=  1/2- (4)  8.109  31:-1.000
 
 I=  1/2- (5)147.255  33: 1.000

             ENERGY    K= OMEGA
 
 I=  3/2- (1)  2.389  25: 0.138
                      28: 0.449
                      29: 0.352
                      35: 0.800
                      38:-0.124
 
 I=  3/2- (2)  2.583  28:-0.386
                      29: 0.900
                      35:-0.193

             ENERGY    K= OMEGA
 
 I=  5/2- (1)  2.457  25: 0.215
                      28:-0.389
                      29:-0.638
                      35: 0.276
                      36: 0.544
                      38:-0.145
 
 I=  5/2- (2)  2.990  24:-0.061
                      25: 0.124
                      26:-0.062
                      29:-0.523
                      35:-0.767
                      36:-0.293
                      38:-0.170
 
 I=  5/2- (3)  3.125  25:-0.136
                      28: 0.505
                      29: 0.096
                      35:-0.373
                      36: 0.750
                      38: 0.119
 
 I=  5/2- (4)  4.004  24:-0.052
                      25: 0.112
                      28: 0.285
                      29:-0.385
                      35: 0.179
                      36:-0.164
                      38: 0.834
 
 I=  5/2- (5)  4.164  25: 0.135
                      28:-0.680
                      29: 0.315
                      35:-0.401
                      36: 0.164
                      38: 0.480

             ENERGY    K= OMEGA
 
 I=  7/2- (1)  2.083  26:-0.212
                      27: 0.075
                      30: 0.972
 
 I=  7/2- (2)  3.161  24: 0.073
                      25:-0.071
                      27:-0.096
                      28: 0.264
                      29:-0.585
                      35: 0.357
                      36:-0.662
 
 I=  7/2- (3)  3.247  31:-0.734
                      33:-0.575
                      34:-0.337
                      37:-0.133
 
 I=  7/2- (4)  3.349  24:-0.067
                      25: 0.295
                      28: 0.595
                      29: 0.440
                      35: 0.553
                      36: 0.089
                      38:-0.202
 
 I=  7/2- (5)  4.184  24:-0.145
                      27: 0.143
                      28:-0.520
                      29: 0.532
                      35: 0.211
                      36:-0.598

             ENERGY    K= OMEGA
 
 I=  9/2- (1)  1.816  24: 0.057
                      26:-0.060
                      27: 0.245
                      30:-0.174
                      32:-0.950
 
 I=  9/2- (2)  2.981  24:-0.069
                      26:-0.288
                      27:-0.125
                      29:-0.116
                      30:-0.922
                      32: 0.147
                      36: 0.079
 
 I=  9/2- (3)  3.419  24: 0.093
                      25:-0.339
                      27: 0.060
                      28: 0.451
                      29: 0.641
                      30:-0.146
                      32: 0.074
                      35:-0.240
                      36:-0.372
                      38: 0.185
 
 I=  9/2- (4)  4.475  31: 0.242
                      33:-0.603
                      34: 0.648
                      37:-0.398
 
 I=  9/2- (5)  4.734  24: 0.101
                      25:-0.152
                      26: 0.066
                      29: 0.383
                      30:-0.060
                      35: 0.758
                      36: 0.425
                      38: 0.232

             ENERGY    K= OMEGA
 
 I= 11/2- (1)  2.475  31:-0.694
                      33:-0.575
                      34:-0.389
                      37:-0.192
 
 I= 11/2- (2)  2.803  24: 0.101
                      26:-0.097
                      27:-0.345
                      30: 0.228
                      32:-0.899
 
 I= 11/2- (3)  4.098  24: 0.101
                      26: 0.339
                      27:-0.168
                      29:-0.129
                      30:-0.887
                      32:-0.179
                      36:-0.090
 
 I= 11/2- (4)  4.982  24:-0.150
                      25: 0.186
                      26: 0.063
                      27: 0.121
                      28:-0.112
                      29: 0.689
                      30:-0.143
                      32:-0.151
                      35:-0.234
                      36: 0.576
                      38:-0.086
 
 I= 11/2- (5)  5.162  24: 0.051
                      25:-0.332
                      28:-0.687
                      29:-0.233
                      30: 0.088
                      35:-0.548
                      36: 0.104
                      38: 0.202

             ENERGY    K= OMEGA
 
 I= 13/2- (1)  3.983  24: 0.147
                      26:-0.125
                      27: 0.416
                      29: 0.069
                      30:-0.252
                      32:-0.847
 
 I= 13/2- (2)  4.692  31: 0.229
                      33:-0.581
                      34: 0.655
                      37:-0.425
 
 I= 13/2- (3)  5.194  24:-0.149
                      25: 0.364
                      26:-0.178
                      27:-0.116
                      28:-0.402
                      29:-0.579
                      30:-0.404
                      35: 0.155
                      36: 0.289
                      38:-0.175
 
 I= 13/2- (4)  5.532  25: 0.195
                      26: 0.336
                      27: 0.151
                      28:-0.248
                      29:-0.250
                      30: 0.771
                      32:-0.244
                      35: 0.159
                      36: 0.110
                      38:-0.093
 
 I= 13/2- (5)  7.441  24:-0.113
                      25: 0.159
                      26:-0.051
                      29:-0.299
                      30: 0.089
                      35:-0.744
                      36:-0.480
                      38:-0.268

             ENERGY     K= 1/2
  32 LEVELS    TIME=  0.0 SEC



 ******************* EXCITATION ENERGIES, DOMINANT CONFIGURATION AND EXPECTATION VALUES (WITH S.P. UU+VV FACTORS) *******************

  NR  Eex(keV)  I   Kdom  NY    <Jz>  <Jx**2> <Jy**2> <Jz**2> <I.j>/|I|  <Rx**2> <Ry**2> <Rz**2> <R.j>/|R|  <HROTx> <HROTy> <HROTz>

   1    0.0   9/2-   9/2  32    3.76    2.65    2.65   19.42    4.42       2.73    2.73   -0.00   -1.16      0.332   0.332  -0.000
   2  267.2   7/2-  -7/2  30   -3.21    2.29    2.29   11.95    3.39       2.67    2.67    0.00   -1.32      0.326   0.326   0.000
   3  573.5   3/2-  -3/2  35   -1.03    2.38    2.38    1.78    1.57       2.11    2.11    0.00   -1.70      0.257   0.257   0.000
   4  641.6   5/2-  -3/2  29    0.13    3.88    3.88    3.00    2.49       2.40    2.40    0.00   -1.55      0.292   0.292   0.000
   5  658.9  11/2-   1/2  31   -0.01   25.26   25.26    2.26    6.51       5.36    5.36    0.00   -4.24      0.654   0.654   0.000
  
   6  767.4   3/2-  -3/2  29   -1.19    4.63    4.63    1.94    1.43       4.69    4.69    0.00   -2.75      0.572   0.572   0.000
   7  903.3   1/2-   1/2  28    0.50    4.63    4.63    0.25    0.36       4.81    4.81    0.00   -2.96      0.587   0.587   0.000
   8  987.4  11/2-   9/2  32    3.08    3.02    3.02   18.58    4.03       6.11    6.11   -0.00   -0.16      0.745   0.745  -0.000
   9 1165.2   9/2-  -7/2  30   -2.72    2.43    2.43   11.66    2.97       5.88    5.88    0.00   -0.51      0.717   0.717   0.000
  10 1174.3   5/2-  -3/2  35   -1.04    2.24    2.24    2.53    1.18       4.39    4.39    0.00   -1.19      0.535   0.535   0.000
  
  11 1309.5   5/2-   5/2  36    1.33    2.72    2.72    3.93    1.60       4.33    4.33    0.00   -1.58      0.528   0.528   0.000
  12 1345.7   7/2-   5/2  36    0.40    3.27    3.27    3.99    2.01       5.17    5.17    0.00   -0.80      0.631   0.631   0.000
  13 1397.4   1/2-   1/2  38    0.50    1.45    1.45    0.25    0.71       1.33    1.33    0.00   -1.55      0.162   0.162   0.000
  14 1431.2   7/2-   1/2  31   -0.01   25.26   25.26    1.80    6.39       8.69    8.69   -0.00   -6.47      1.060   1.060  -0.000
  15 1533.4   7/2-   1/2  28   -0.49    3.24    3.24    1.39    1.53       5.74    5.74    0.00   -0.53      0.700   0.700   0.000
  
  16 1602.9   9/2-  -3/2  29   -0.22    4.61    4.61    2.49    2.47       5.93    5.93    0.00    0.17      0.724   0.724   0.000
  17 2167.6  13/2-   9/2  32    2.49    3.41    3.41   17.68    3.78      10.25   10.25    0.00    0.42      1.249   1.249   0.000
  18 2187.8   5/2-   1/2  38    0.20    2.29    2.29    0.79    0.35       6.03    6.03    0.00   -1.25      0.735   0.735   0.000
  19 2282.3  11/2-  -7/2  30   -2.40    2.53    2.53   11.50    2.70      10.03   10.03   -0.00   -0.10      1.223   1.223  -0.000
  20 2348.5   5/2-   1/2  28    0.04    3.38    3.38    0.94   -0.25       8.97    8.97   -0.00   -1.99      1.093   1.093  -0.000
  
  21 2368.4   7/2-   5/2  36    0.52    3.31    3.31    3.44    0.86       9.48    9.48    0.00   -1.52      1.156   1.156   0.000
  22 2659.6   9/2-   5/2  34   -0.02   25.30   25.30    5.39    5.60      12.52   12.52    0.00   -5.62      1.526   1.526   0.000
  23 2876.4  13/2-   5/2  34   -0.04   25.25   25.25    5.67    5.62      13.24   13.24   -0.00   -3.29      1.614   1.614  -0.000
  24 2918.5   9/2-  -3/2  35   -0.57    2.05    2.05    2.93    1.00      10.89   10.89    0.00   -0.44      1.328   1.328   0.000
  25 3166.6  11/2-  -3/2  29    0.11    3.86    3.86    4.33    1.89      12.58   12.58    0.00   -0.15      1.533   1.533   0.000
  
  26 3346.6  11/2-   1/2  28   -0.21    3.28    3.28    1.15    1.48      12.90   12.90    0.00    0.22      1.573   1.573   0.000
  27 3377.8  13/2-  -3/2  29   -0.65    4.45    4.45    3.94    2.57      12.85   12.85    0.00    1.01      1.566   1.566   0.000
  28 3716.5  13/2-  -7/2  30   -1.65    3.07    3.07    9.78    2.41      15.50   15.50    0.00    0.16      1.890   1.890   0.000
  29 3790.8   1/2-   1/2  25    0.50    6.24    6.24    0.25    0.68       6.15    6.15    0.00   -3.46      0.750   0.750   0.000
  30 5625.2  13/2-  -3/2  35   -0.32    1.96    1.96    3.17    0.89      21.71   21.71    0.00   -0.13      2.647   2.647   0.000
  
  31 6293.2   1/2-   1/2  31    0.50   24.94   24.94    0.25   -3.71      28.66   28.66    0.00   -7.05      3.494   3.494   0.000
  32*******   1/2-  -3/2  33    0.00    0.00    0.00    0.00   -0.00       0.00    0.00    0.00   -0.00      0.000   0.000   0.000
