1SPECTRUM OF (Z= 82 A=207) IN PARTICLE-ROTOR  MODEL WITH MODIFIED OSCILLATOR POTENTIAL


 PARITY=-   EPS= 0.432   GAMMA=  0.0   EPS4=0.000   EPS6=0.000   LEVELS:  25  26  27  28  29  30  31  32  33  34  35  36  37  38  39

 PAIRING FACTORS: GN0= 19.20  GN1=  7.40  IPAIR= 15 ***  E2PLUS(INPUT)=   0.730  E2PLUR(INPUT)=   0.000

 CORIOLIS ATTENUATION PARAMETERS:  CHSI=1.000  ETA=  1.00

 MOMENT OF INERTIA PARAMETERS:   A1=  0.122 MEV   A2=  0.122 MEV   A3=121.91924 MEV


 DELTA=0.850 MEV  LAMBDA=53.4852 MEV   HW0= 7.5874 MEV   LAMBDA/HW0= 7.0492

 E2ENERGY=0.730 MEV  HBAR**2/B=34604./A**(7/3)=5849.7/A**2 MEV

 IREC=0  =>  RECOIL TERMS j+j-, j+j+, jzjz, ETC TREATED AS ONE-BODY OPERATORS WITH UU+VV PAIRING FACTORS



 S. P. LEVEL   EQP       U     V        (UU + VV)**1.00

     25       3.958    0.108 0.994      1.000 1.000 0.998 0.997 0.992 0.938 0.851 0.786 0.691 0.388 0.346 0.314 0.266 0.243 0.213
     26       3.096    0.139 0.990      1.000 1.000 1.000 0.999 0.995 0.948 0.867 0.804 0.713 0.416 0.375 0.343 0.295 0.273 0.243
     27       2.654    0.162 0.987      0.998 1.000 1.000 1.000 0.997 0.955 0.878 0.818 0.729 0.438 0.397 0.366 0.318 0.296 0.267
     28       2.397    0.180 0.984      0.997 0.999 1.000 1.000 0.998 0.961 0.887 0.829 0.742 0.454 0.414 0.383 0.335 0.313 0.284
     29       1.852    0.236 0.972      0.992 0.995 0.997 0.998 1.000 0.975 0.912 0.859 0.779 0.505 0.465 0.435 0.389 0.367 0.339
     30       1.064    0.447 0.895      0.938 0.948 0.955 0.961 0.975 1.000 0.980 0.952 0.899 0.684 0.650 0.624 0.584 0.565 0.540
     31       0.877    0.614 0.789      0.851 0.867 0.878 0.887 0.912 0.980 1.000 0.993 0.968 0.814 0.787 0.766 0.732 0.716 0.695
     32       0.851    0.700 0.714      0.786 0.804 0.818 0.829 0.859 0.952 0.993 1.000 0.990 0.875 0.852 0.834 0.805 0.791 0.772
     33       0.881    0.794 0.609      0.691 0.713 0.729 0.742 0.779 0.899 0.968 0.990 1.000 0.935 0.917 0.903 0.881 0.869 0.854
     34       1.550    0.958 0.286      0.388 0.416 0.438 0.454 0.505 0.684 0.814 0.875 0.935 1.000 0.999 0.997 0.992 0.988 0.983
     35       1.807    0.970 0.243      0.346 0.375 0.397 0.414 0.465 0.650 0.787 0.852 0.917 0.999 1.000 0.999 0.996 0.994 0.990
     36       2.074    0.978 0.210      0.314 0.343 0.366 0.383 0.435 0.624 0.766 0.834 0.903 0.997 0.999 1.000 0.999 0.997 0.995
     37       2.694    0.987 0.160      0.266 0.295 0.318 0.335 0.389 0.584 0.732 0.805 0.881 0.992 0.996 0.999 1.000 1.000 0.999
     38       3.141    0.991 0.137      0.243 0.273 0.296 0.313 0.367 0.565 0.716 0.791 0.869 0.988 0.994 0.997 1.000 1.000 1.000
     39       4.014    0.994 0.107      0.213 0.243 0.267 0.284 0.339 0.540 0.695 0.772 0.854 0.983 0.990 0.995 0.999 1.000 1.000

  R CORE   ENERGY   A0R/A00=1.000    R3= 0     2  
   2( 1)    0.732                    1.000 0.000
   2( 2)  487.921                    0.000 1.000

  R CORE   ENERGY   A0R/A00=1.000    R3= 0     2  
   3( 1)  488.652                    0.000 1.000

  R CORE   ENERGY   A0R/A00=1.000    R3= 0     2     4  
   4( 1)    2.438                    1.000 0.000 0.000

  R CORE   ENERGY   A0R/A00=1.000    R3= 0     2     4  
   5( 1)  490.847                    0.000 1.000 0.000

  R CORE   ENERGY   A0R/A00=1.000    R3= 0     2     4     6  
   6( 1)    5.121                    1.000 0.000 0.000 0.000

  R CORE   ENERGY   A0R/A00=1.000    R3= 0     2     4     6  
   7( 1)  494.017                    0.000 1.000 0.000 0.000

          AXIAL SYMMETRY => K RESTRICTED TO OMEGA

                     K
     S.P. ORB#: 25  0.50
     S.P. ORB#: 26 -5.50
     S.P. ORB#: 27 -1.50
     S.P. ORB#: 28  2.50
     S.P. ORB#: 29 -3.50
     S.P. ORB#: 30  2.50
     S.P. ORB#: 31  0.50
     S.P. ORB#: 32 -1.50
     S.P. ORB#: 33  0.50
     S.P. ORB#: 34 -3.50
     S.P. ORB#: 35 -3.50
     S.P. ORB#: 36  4.50
     S.P. ORB#: 37  0.50
     S.P. ORB#: 38 -1.50
     S.P. ORB#: 39 -1.50
 

             ENERGY    K= OMEGA
 
 I=  1/2- (1)  2.224  31:-1.000
 
 I=  1/2- (2)  3.661  25:-0.243
                      33: 0.921
                      37:-0.304
 
 I=  1/2- (3)  6.705  25:-0.257
                      33: 0.241
                      37: 0.936
 
 I=  1/2- (4) 10.115  25: 0.935
                      33: 0.306
                      37: 0.178
 
 I=  1/2- (5)147.154  32:-1.000

             ENERGY    K= OMEGA
 
 I=  3/2- (1)  2.179  31: 0.544
                      32:-0.838
 
 I=  3/2- (2)  2.492  31:-0.826
                      32:-0.543
                      39:-0.152

             ENERGY    K= OMEGA
 
 I=  5/2- (1)  2.745  28:-0.052
                      31:-0.481
                      32:-0.872
                      39: 0.067
 
 I=  5/2- (2)  3.275  28: 0.077
                      31:-0.837
                      32: 0.477
                      39: 0.256
 
 I=  5/2- (3)  3.809  25:-0.196
                      33: 0.828
                      37:-0.449
                      38:-0.270
 
 I=  5/2- (4)  4.195  28: 0.993
                      31: 0.059
                      32:-0.087
                      39: 0.057
 
 I=  5/2- (5)  5.417  28: 0.075
                      31:-0.253
                      32: 0.061
                      39:-0.963

             ENERGY    K= OMEGA
 
 I=  7/2- (1)  2.458  28:-0.155
                      34: 0.987
 
 I=  7/2- (2)  3.340  31: 0.749
                      32:-0.638
                      39: 0.175
 
 I=  7/2- (3)  3.768  28:-0.187
                      29:-0.973
                      31: 0.095
                      32: 0.083
 
 I=  7/2- (4)  3.968  28: 0.092
                      29:-0.151
                      31:-0.585
                      32:-0.753
                      39:-0.244
 
 I=  7/2- (5)  4.011  25:-0.063
                      27: 0.141
                      30: 0.157
                      33: 0.874
                      35: 0.058
                      37: 0.252
                      38: 0.349

             ENERGY    K= OMEGA
 
 I=  9/2- (1)  2.983  28: 0.098
                      29:-0.220
                      34: 0.373
                      36: 0.896
 
 I=  9/2- (2)  3.560  28:-0.202
                      29:-0.132
                      34:-0.899
                      36: 0.365
 
 I=  9/2- (3)  4.490  28:-0.063
                      31:-0.606
                      32:-0.771
                      39: 0.176
 
 I=  9/2- (4)  4.666  25: 0.133
                      27: 0.072
                      30:-0.141
                      33:-0.769
                      35: 0.071
                      37: 0.492
                      38: 0.346
 
 I=  9/2- (5)  4.934  28: 0.265
                      29:-0.916
                      31:-0.142
                      36:-0.244
                      39: 0.085

             ENERGY    K= OMEGA
 
 I= 11/2- (1)  3.898  25:-0.482
                      27:-0.557
                      30:-0.480
                      33:-0.376
                      35:-0.209
                      37:-0.120
                      38:-0.167
 
 I= 11/2- (2)  4.113  26: 0.141
                      28: 0.142
                      29: 0.287
                      34:-0.427
                      36: 0.834
 
 I= 11/2- (3)  4.443  26: 0.989
                      34: 0.106
                      36:-0.094
 
 I= 11/2- (4)  4.881  26: 0.052
                      28: 0.238
                      29:-0.191
                      34:-0.852
                      36:-0.420
 
 I= 11/2- (5)  5.339  25:-0.345
                      27:-0.205
                      30:-0.171
                      33: 0.762
                      35:-0.096
                      37: 0.289
                      38: 0.370

             ENERGY    K= OMEGA
 
 I= 13/2- (1)  5.490  26:-0.121
                      28: 0.177
                      29:-0.332
                      34: 0.455
                      36: 0.798
 
 I= 13/2- (2)  5.698  25:-0.171
                      27: 0.557
                      30:-0.673
                      33:-0.205
                      35: 0.369
                      37: 0.094
                      38: 0.143
 
 I= 13/2- (3)  6.027  26:-0.989
                      34:-0.128
                      36:-0.052
 
 I= 13/2- (4)  6.433  26:-0.088
                      28: 0.266
                      29: 0.233
                      32: 0.060
                      34: 0.816
                      36:-0.443
 
 I= 13/2- (5)  6.488  25: 0.200
                      27:-0.156
                      30: 0.139
                      33:-0.716
                      35:-0.087
                      37: 0.520
                      38: 0.355

             ENERGY     K=-3/2
  32 LEVELS    TIME=  0.0 SEC



 ******************* EXCITATION ENERGIES, DOMINANT CONFIGURATION AND EXPECTATION VALUES (WITH S.P. UU+VV FACTORS) *******************

  NR  Eex(keV)  I   Kdom  NY    <Jz>  <Jx**2> <Jy**2> <Jz**2> <I.j>/|I|  <Rx**2> <Ry**2> <Rz**2> <R.j>/|R|  <HROTx> <HROTy> <HROTz>

   1    0.0   3/2-  -3/2  32   -0.91    5.12    5.12    1.66    1.25       5.40    5.40    0.00   -2.88      0.658   0.658   0.000
   2   44.9   1/2-   1/2  31    0.50    5.08    5.08    0.25    0.07       5.52    5.52   -0.00   -3.11      0.673   0.673  -0.000
   3  279.4   7/2-  -7/2  34   -3.35    2.33    2.33   12.10    3.18       3.64    3.64    0.00   -1.54      0.444   0.444   0.000
   4  313.7   3/2-   1/2  31   -0.14    4.94    4.94    0.89    0.47       6.36    6.36    0.00   -2.77      0.775   0.775   0.000
   5  566.6   5/2-  -3/2  32   -1.03    5.13    5.13    1.80    0.92       7.67    7.67    0.00   -2.38      0.935   0.935   0.000
  
   6  804.5   9/2-   9/2  36    2.98    2.60    2.60   18.61    4.06       4.06    4.06    0.00   -1.26      0.495   0.495   0.001
   7 1096.6   5/2-   1/2  31   -0.08    4.78    4.78    0.87    0.21       8.98    8.98    0.00   -2.32      1.094   1.094   0.000
   8 1161.7   7/2-   1/2  31   -0.37    5.08    5.08    1.14    0.95       9.74    9.74    0.00   -1.70      1.188   1.188   0.000
   9 1381.0   9/2-  -7/2  34   -2.19    2.41    2.41   13.06    2.72       7.79    7.79    0.00   -1.10      0.950   0.950   0.000
  10 1482.1   1/2-   1/2  33    0.50   10.37   10.37    0.25    1.04       9.97    9.97   -0.00   -4.50      1.215   1.215  -0.000
  
  11 1589.5   7/2-  -7/2  29   -3.24    6.25    6.25   11.84    3.08       7.83    7.83   -0.00   -3.06      0.954   0.954  -0.000
  12 1630.5   5/2-   1/2  33    0.35   11.04   11.04    0.40    2.12       9.35    9.35   -0.00   -3.75      1.140   1.140  -0.000
  13 1719.0  11/2-  -3/2  27    0.11   23.60   23.60    2.83    6.09       6.48    6.48    0.00   -3.78      0.790   0.790   0.000
  14 1789.0   7/2-  -3/2  32   -0.83    4.79    4.79    1.84    0.44      11.82   11.82    0.00   -1.99      1.442   1.442   0.000
  15 1832.7   7/2-   1/2  33    0.25   15.09   15.09    0.72    3.10      11.01   11.01   -0.00   -3.96      1.343   1.343  -0.000
  
  16 1934.7  11/2-   9/2  36    2.14    2.81    2.81   18.05    3.51       8.72    8.72    0.00   -0.64      1.063   1.063   0.001
  17 2016.2   5/2-   5/2  28    2.45    6.09    6.09    6.19    2.08       7.42    7.42    0.00   -3.17      0.905   0.905   0.000
  18 2264.0  11/2- -11/2  26   -5.38    2.75    2.75   29.90    5.01       5.64    5.64    0.00   -1.63      0.688   0.688   0.000
  19 2311.7   9/2-  -3/2  32   -0.76    5.11    5.11    1.57    0.77      14.45   14.45    0.00   -1.48      1.762   1.762   0.000
  20 2487.6   9/2-   1/2  33    0.27   12.20   12.20    0.68    2.53      12.32   12.32    0.00   -2.52      1.502   1.502   0.000
  
  21 2702.2  11/2-  -7/2  34   -1.75    2.53    2.53   13.35    2.35      13.03   13.03    0.00   -0.85      1.588   1.588   0.000
  22 2755.0   9/2-  -7/2  29   -2.50    5.95    5.95   11.97    2.38      12.45   12.45   -0.00   -2.41      1.518   1.518  -0.000
  23 3160.0  11/2-   1/2  33    0.16   12.90   12.90    0.89    2.79      14.53   14.53    0.00   -1.85      1.771   1.771   0.000
  24 3238.5   5/2-  -3/2  39   -1.35    2.15    2.15    2.14    0.32       6.66    6.66    0.00   -1.51      0.813   0.813   0.000
  25 3311.1  13/2-   9/2  36    1.75    2.98    2.98   17.41    3.09      14.45   14.45    0.00   -0.33      1.762   1.762   0.001
  
  26 3519.5  13/2-   5/2  30    0.20   23.13   23.13    5.26    4.89      16.02   16.02    0.00   -3.07      1.953   1.953   0.000
  27 3848.0  13/2- -11/2  26   -5.42    2.76    2.76   29.85    4.28      12.15   12.15    0.00   -1.11      1.481   1.481   0.000
  28 4253.8  13/2-  -7/2  34   -1.51    2.64    2.64   13.49    2.08      19.24   19.24    0.00   -0.69      2.346   2.346   0.000
  29 4309.3  13/2-   1/2  33    0.21   11.90   11.90    0.76    2.51      19.10   19.10   -0.00   -1.13      2.328   2.328  -0.000
  30 4526.1   1/2-   1/2  37    0.50   15.70   15.70    0.25   -0.39      16.54   16.54   -0.00   -5.56      2.016   2.016  -0.000
  
  31 7936.5   1/2-   1/2  25    0.50   23.06   23.06    0.25   -3.51      26.59   26.59   -0.00   -6.77      3.242   3.242  -0.000
  32*******   1/2-  -3/2  32    0.00    0.00    0.00    0.00    0.00       0.00    0.00   -0.00   -0.00      0.000   0.000  -0.000
