1SPECTRUM OF (Z= 82 A=207) IN PARTICLE-ROTOR  MODEL WITH MODIFIED OSCILLATOR POTENTIAL


 PARITY=-   EPS= 0.193   GAMMA=  0.0   EPS4=0.000   EPS6=0.000   LEVELS:  25  26  27  28  29  30  31  32  33  34  35  36  37  38  39

 PAIRING FACTORS: GN0= 19.20  GN1=  7.40  IPAIR= 15 ***  E2PLUS(INPUT)=   0.730  E2PLUR(INPUT)=   0.000

 CORIOLIS ATTENUATION PARAMETERS:  CHSI=1.000  ETA=  1.00

 MOMENT OF INERTIA PARAMETERS:   A1=  0.122 MEV   A2=  0.122 MEV   A3=121.91923 MEV


 DELTA=0.932 MEV  LAMBDA=53.4772 MEV   HW0= 7.4432 MEV   LAMBDA/HW0= 7.1848

 E2ENERGY=0.730 MEV  HBAR**2/B= 6907./A**(7/3)=1167.6/A**2 MEV

 IREC=0  =>  RECOIL TERMS j+j-, j+j+, jzjz, ETC TREATED AS ONE-BODY OPERATORS WITH UU+VV PAIRING FACTORS



 S. P. LEVEL   EQP       U     V        (UU + VV)**1.00

     25       4.275    0.110 0.994      1.000 1.000 1.000 0.998 0.994 0.994 0.991 0.749 0.645 0.446 0.443 0.390 0.323 0.269 0.231
     26       3.995    0.118 0.993      1.000 1.000 1.000 0.999 0.995 0.995 0.992 0.754 0.651 0.453 0.450 0.397 0.331 0.277 0.238
     27       3.757    0.125 0.992      1.000 1.000 1.000 0.999 0.996 0.995 0.993 0.759 0.657 0.460 0.456 0.404 0.338 0.284 0.246
     28       2.764    0.171 0.985      0.998 0.999 0.999 1.000 0.999 0.999 0.998 0.788 0.691 0.501 0.497 0.446 0.381 0.329 0.291
     29       2.229    0.214 0.977      0.994 0.995 0.996 0.999 1.000 1.000 1.000 0.814 0.722 0.538 0.535 0.485 0.422 0.369 0.332
     30       2.169    0.220 0.975      0.994 0.995 0.995 0.999 1.000 1.000 1.000 0.818 0.727 0.544 0.540 0.490 0.427 0.375 0.338
     31       2.007    0.239 0.971      0.991 0.992 0.993 0.998 1.000 1.000 1.000 0.829 0.740 0.560 0.556 0.507 0.445 0.393 0.356
     32       0.937    0.741 0.671      0.749 0.754 0.759 0.788 0.814 0.818 0.829 1.000 0.990 0.927 0.926 0.902 0.870 0.840 0.818
     33       1.007    0.830 0.557      0.645 0.651 0.657 0.691 0.722 0.727 0.740 0.990 1.000 0.972 0.971 0.955 0.932 0.910 0.892
     34       1.438    0.938 0.345      0.446 0.453 0.460 0.501 0.538 0.544 0.560 0.927 0.972 1.000 1.000 0.998 0.991 0.982 0.974
     35       1.452    0.940 0.342      0.443 0.450 0.456 0.497 0.535 0.540 0.556 0.926 0.971 1.000 1.000 0.998 0.992 0.983 0.975
     36       1.700    0.958 0.286      0.390 0.397 0.404 0.446 0.485 0.490 0.507 0.902 0.955 0.998 0.998 1.000 0.997 0.992 0.986
     37       2.195    0.976 0.218      0.323 0.331 0.338 0.381 0.422 0.427 0.445 0.870 0.932 0.991 0.992 0.997 1.000 0.998 0.995
     38       2.917    0.987 0.162      0.269 0.277 0.284 0.329 0.369 0.375 0.393 0.840 0.910 0.982 0.983 0.992 0.998 1.000 0.999
     39       3.832    0.992 0.123      0.231 0.238 0.246 0.291 0.332 0.338 0.356 0.818 0.892 0.974 0.975 0.986 0.995 0.999 1.000

  R CORE   ENERGY   A0R/A00=1.000    R3= 0     2  
   2( 1)    0.732                    1.000 0.000
   2( 2)  487.921                    0.000 1.000

  R CORE   ENERGY   A0R/A00=1.000    R3= 0     2  
   3( 1)  488.652                    0.000 1.000

  R CORE   ENERGY   A0R/A00=1.000    R3= 0     2     4  
   4( 1)    2.438                    1.000 0.000 0.000

  R CORE   ENERGY   A0R/A00=1.000    R3= 0     2     4  
   5( 1)  490.847                    0.000 1.000 0.000

  R CORE   ENERGY   A0R/A00=1.000    R3= 0     2     4     6  
   6( 1)    5.121                    1.000 0.000 0.000 0.000

  R CORE   ENERGY   A0R/A00=1.000    R3= 0     2     4     6  
   7( 1)  494.017                    0.000 1.000 0.000 0.000

          AXIAL SYMMETRY => K RESTRICTED TO OMEGA

                     K
     S.P. ORB#: 25  2.50
     S.P. ORB#: 26  0.50
     S.P. ORB#: 27 -3.50
     S.P. ORB#: 28 -3.50
     S.P. ORB#: 29  4.50
     S.P. ORB#: 30  0.50
     S.P. ORB#: 31 -1.50
     S.P. ORB#: 32 -1.50
     S.P. ORB#: 33  2.50
     S.P. ORB#: 34  0.50
     S.P. ORB#: 35  0.50
     S.P. ORB#: 36 -1.50
     S.P. ORB#: 37  2.50
     S.P. ORB#: 38 -3.50
     S.P. ORB#: 39  4.50
 

             ENERGY    K= OMEGA
 
 I=  1/2- (1)  1.690  26:-0.060
                      34:-0.998
 
 I=  1/2- (2)  3.208  30: 0.999
 
 I=  1/2- (3)  5.177  26: 0.998
                      34:-0.060
 
 I=  1/2- (4)  9.401  35:-1.000
 
 I=  1/2- (5)147.240  32:-1.000

             ENERGY    K= OMEGA
 
 I=  3/2- (1)  1.420  30: 0.187
                      31: 0.105
                      32: 0.973
                      34:-0.077
 
 I=  3/2- (2)  2.338  30: 0.160
                      31: 0.139
                      32:-0.123
                      34:-0.969

             ENERGY    K= OMEGA
 
 I=  5/2- (1)  1.484  26: 0.051
                      30:-0.136
                      31:-0.181
                      32: 0.422
                      33: 0.874
                      34:-0.060
 
 I=  5/2- (2)  2.044  30:-0.217
                      31: 0.167
                      32: 0.865
                      33:-0.414
                      34: 0.051
 
 I=  5/2- (3)  2.364  30:-0.156
                      31:-0.201
                      33:-0.130
                      34:-0.958
 
 I=  5/2- (4)  3.307  26: 0.378
                      30:-0.451
                      31:-0.737
                      32:-0.077
                      33:-0.190
                      34: 0.262
 
 I=  5/2- (5)  4.541  26:-0.065
                      30: 0.802
                      31:-0.527
                      32: 0.253
                      33:-0.104

             ENERGY    K= OMEGA
 
 I=  7/2- (1)  2.117  30: 0.183
                      31:-0.213
                      32: 0.511
                      33:-0.811
 
 I=  7/2- (2)  2.704  25:-0.070
                      26:-0.171
                      28: 0.078
                      30:-0.344
                      31:-0.295
                      32:-0.714
                      33:-0.454
                      34: 0.193
 
 I=  7/2- (3)  3.498  25:-0.240
                      27:-0.099
                      28: 0.958
                      30: 0.057
                      31: 0.057
                      34:-0.074
 
 I=  7/2- (4)  3.846  35: 0.726
                      36: 0.574
                      37: 0.350
                      38: 0.147
 
 I=  7/2- (5)  3.927  26: 0.102
                      28:-0.080
                      30: 0.164
                      31: 0.250
                      32:-0.313
                      33:-0.214
                      34:-0.866

             ENERGY    K= OMEGA
 
 I=  9/2- (1)  2.780  26:-0.173
                      27: 0.109
                      29:-0.234
                      30: 0.294
                      31: 0.349
                      32:-0.465
                      33:-0.669
                      34: 0.165
 
 I=  9/2- (2)  2.989  25: 0.072
                      26: 0.056
                      27: 0.238
                      28: 0.190
                      29:-0.913
                      30:-0.092
                      31:-0.108
                      32: 0.122
                      33: 0.166
                      34:-0.061
 
 I=  9/2- (3)  3.882  25:-0.138
                      28:-0.207
                      30:-0.196
                      31: 0.312
                      32: 0.755
                      33:-0.362
                      34: 0.309
 
 I=  9/2- (4)  3.968  26: 0.114
                      28:-0.100
                      30:-0.289
                      31:-0.157
                      32: 0.055
                      33:-0.481
                      34:-0.794
 
 I=  9/2- (5)  4.427  25:-0.300
                      27: 0.114
                      28:-0.889
                      29:-0.181
                      30: 0.103
                      31:-0.070
                      32:-0.193
                      33: 0.145

             ENERGY    K= OMEGA
 
 I= 11/2- (1)  2.631  35:-0.662
                      36:-0.565
                      37:-0.411
                      38:-0.248
                      39:-0.111
 
 I= 11/2- (2)  3.863  25:-0.137
                      27: 0.312
                      28: 0.224
                      29: 0.742
                      30:-0.138
                      31: 0.143
                      32:-0.300
                      33: 0.391
 
 I= 11/2- (3)  4.091  27:-0.137
                      28:-0.145
                      29:-0.496
                      30:-0.241
                      31: 0.243
                      32:-0.481
                      33: 0.603
 
 I= 11/2- (4)  4.690  25:-0.108
                      26:-0.284
                      28: 0.142
                      30:-0.414
                      31:-0.406
                      32:-0.542
                      33:-0.443
                      34: 0.239
 
 I= 11/2- (5)  5.531  25:-0.365
                      26: 0.092
                      27:-0.153
                      28: 0.855
                      29:-0.254
                      30: 0.120
                      31: 0.109
                      34:-0.106

             ENERGY    K= OMEGA
 
 I= 13/2- (1)  4.298  35:-0.186
                      36: 0.484
                      37:-0.603
                      38: 0.525
                      39:-0.304
 
 I= 13/2- (2)  4.787  25:-0.090
                      26: 0.275
                      27:-0.163
                      28:-0.100
                      29: 0.266
                      30:-0.378
                      31:-0.425
                      32: 0.413
                      33: 0.521
                      34:-0.207
 
 I= 13/2- (3)  5.136  25: 0.158
                      26: 0.123
                      27: 0.352
                      28: 0.299
                      29:-0.803
                      30:-0.158
                      31:-0.181
                      32: 0.115
                      33: 0.144
                      34:-0.106
 
 I= 13/2- (4)  6.518  25:-0.207
                      26:-0.124
                      27: 0.075
                      28:-0.284
                      29:-0.173
                      31: 0.325
                      32: 0.641
                      34: 0.554
 
 I= 13/2- (5)  6.608  25: 0.201
                      26:-0.108
                      27:-0.119
                      28: 0.389
                      29: 0.082
                      30: 0.309
                      32:-0.174
                      33: 0.630
                      34: 0.503

             ENERGY     K= 9/2
  32 LEVELS    TIME=  0.0 SEC



 ******************* EXCITATION ENERGIES, DOMINANT CONFIGURATION AND EXPECTATION VALUES (WITH S.P. UU+VV FACTORS) *******************

  NR  Eex(keV)  I   Kdom  NY    <Jz>  <Jx**2> <Jy**2> <Jz**2> <I.j>/|I|  <Rx**2> <Ry**2> <Rz**2> <R.j>/|R|  <HROTx> <HROTy> <HROTz>

   1    0.0   3/2-  -3/2  32   -1.41    1.56    1.56    2.16    1.44       1.72    1.72    0.00   -1.34      0.209   0.209   0.000
   2   63.8   5/2-   5/2  33    1.61    1.86    1.86    5.26    2.41       1.74    1.74    0.00   -1.00      0.213   0.213   0.000
   3  270.0   1/2-   1/2  34    0.50    1.22    1.22    0.25    0.83       1.00    1.00   -0.00   -1.39      0.121   0.121  -0.000
   4  623.7   5/2-  -3/2  32   -0.71    1.56    1.56    2.84    1.10       4.10    4.10    0.00   -0.94      0.499   0.499   0.000
   5  696.3   7/2-   5/2  33    1.20    1.96    1.96    4.83    2.02       4.25    4.25    0.00   -0.26      0.518   0.518   0.000
  
   6  917.7   3/2-   1/2  34    0.43    1.35    1.35    0.32   -0.11       3.60    3.60    0.00   -1.21      0.439   0.439   0.000
   7  943.8   5/2-   1/2  34    0.45    1.61    1.61    0.43    0.86       3.66    3.66    0.00   -0.41      0.446   0.446   0.000
   8 1210.9  11/2-   1/2  35    0.00   27.85   27.85    2.88    7.30       3.51    3.51    0.00   -5.64      0.428   0.428   0.000
   9 1283.6   7/2-  -3/2  32   -0.30    1.76    1.76    2.79    1.36       5.64    5.64    0.00   -0.28      0.688   0.688   0.000
  10 1359.7   9/2-   5/2  33    0.89    2.74    2.74    4.89    2.41       5.55    5.55    0.00    0.49      0.677   0.677   0.000
  
  11 1568.3   9/2-   9/2  29    3.47    2.66    2.66   18.27    4.28       2.86    2.86    0.00   -0.95      0.348   0.348   0.000
  12 1788.0   1/2-   1/2  30    0.50    4.09    4.09    0.25    0.38       4.25    4.25   -0.00   -2.77      0.519   0.519  -0.000
  13 1886.6   5/2-  -3/2  31   -0.53    3.83    3.83    1.57    1.56       4.36    4.36    0.00   -1.56      0.532   0.532   0.000
  14 2077.6   7/2-  -7/2  28   -3.10    2.35    2.35   11.73    3.38       2.67    2.67   -0.00   -1.31      0.326   0.326  -0.000
  15 2425.6   7/2-   1/2  35    0.00   28.17   28.17    1.90    7.06       8.98    8.98    0.00   -7.13      1.095   1.095   0.000
  
  16 2442.8  11/2-   9/2  29    2.23    2.87    2.87   14.29    3.48       7.09    7.09    0.00    0.20      0.864   0.864   0.000
  17 2461.9   9/2-  -3/2  32   -0.71    1.59    1.59    3.07    0.99      10.58   10.58    0.00   -0.29      1.290   1.290   0.000
  18 2506.8   7/2-   1/2  34    0.25    1.77    1.77    0.92   -0.00      10.12   10.12   -0.00   -0.99      1.234   1.234  -0.000
  19 2548.0   9/2-   1/2  34    0.86    2.09    2.09    1.85    1.03      10.26   10.26    0.00   -0.20      1.251   1.251   0.000
  20 2670.9  11/2-   5/2  33    1.47    2.36    2.36    8.42    2.32      10.58   10.58    0.00    0.16      1.290   1.290   0.000
  
  21 2877.3  13/2-   5/2  37    0.03   26.13   26.13    8.05    6.70       7.77    7.77   -0.00   -3.44      0.947   0.947  -0.000
  22 3006.2   9/2-  -7/2  28   -2.44    2.45    2.45   11.29    2.76       6.75    6.75    0.00   -0.67      0.823   0.823   0.000
  23 3121.0   5/2-   1/2  30   -0.16    4.13    4.13    1.00   -0.42      10.25   10.25    0.00   -2.32      1.249   1.249   0.000
  24 3269.3  11/2-  -3/2  32   -0.09    2.17    2.17    2.71    1.53      12.27   12.27    0.00    0.42      1.496   1.496   0.000
  25 3366.2  13/2-   5/2  33    0.49    3.50    3.50    4.49    2.55      12.29   12.29    0.00    1.28      1.498   1.498   0.000
  
  26 3715.2  13/2-   9/2  29    2.23    3.29    3.29   16.06    3.56      10.87   10.87    0.00    0.47      1.326   1.326   0.000
  27 3756.5   1/2-   1/2  26    0.50    4.99    4.99    0.25    0.69       4.89    4.89    0.00   -3.08      0.597   0.597   0.000
  28 4111.1  11/2-  -7/2  28   -2.02    2.63    2.63   11.42    2.60      10.68   10.68    0.00   -0.25      1.302   1.302   0.000
  29 5097.8  13/2-  -3/2  32   -0.67    1.83    1.83    3.18    1.09      20.18   20.18    0.00    0.12      2.460   2.460   0.000
  30 5187.4  13/2-   5/2  33    0.68    2.23    2.23    5.05    1.29      20.11   20.11    0.00   -0.08      2.451   2.451   0.000
  
  31 7980.4   1/2-   1/2  35    0.50   28.58   28.58    0.25   -4.06      32.60   32.60    0.00   -7.55      3.974   3.974   0.000
  32*******   1/2-  -3/2  32    0.00    0.00    0.00    0.00   -0.00       0.00    0.00    0.00   -0.00      0.000   0.000   0.000
