1SPECTRUM OF (Z= 82 A=207) IN PARTICLE-ROTOR  MODEL WITH MODIFIED OSCILLATOR POTENTIAL


 PARITY=-   EPS= 0.449   GAMMA=  1.7   EPS4=0.000   EPS6=0.000   LEVELS:  24  25  26  27  28  29  30  31  32  33  34  35  36  37  38

 PAIRING FACTORS: GN0= 19.20  GN1=  7.40  IPAIR= 15 ***  E2PLUS(INPUT)=   0.730  E2PLUR(INPUT)=   0.000

 CORIOLIS ATTENUATION PARAMETERS:  CHSI=1.000  ETA=  1.00

 MOMENT OF INERTIA PARAMETERS:   A1=  0.126 MEV   A2=  0.117 MEV   A3=101.81352 MEV


 DELTA=0.849 MEV  LAMBDA=53.4736 MEV   HW0= 7.6029 MEV   LAMBDA/HW0= 7.0333

 E2ENERGY=0.730 MEV  HBAR**2/B=37236./A**(7/3)=6294.7/A**2 MEV

 IREC=0  =>  RECOIL TERMS j+j-, j+j+, jzjz, ETC TREATED AS ONE-BODY OPERATORS WITH UU+VV PAIRING FACTORS



 S. P. LEVEL   EQP       U     V        (UU + VV)**1.00

     24       4.336    0.098 0.995      1.000 1.000 0.999 0.998 0.995 0.986 0.953 0.809 0.807 0.675 0.343 0.333 0.278 0.272 0.241
     25       4.194    0.102 0.995      1.000 1.000 0.999 0.999 0.996 0.987 0.954 0.811 0.809 0.678 0.346 0.336 0.281 0.275 0.244
     26       2.918    0.147 0.989      0.999 0.999 1.000 1.000 0.999 0.993 0.967 0.837 0.835 0.711 0.389 0.379 0.324 0.319 0.288
     27       2.778    0.155 0.988      0.998 0.999 1.000 1.000 0.999 0.994 0.969 0.841 0.839 0.716 0.396 0.386 0.332 0.326 0.295
     28       2.223    0.195 0.981      0.995 0.996 0.999 0.999 1.000 0.998 0.978 0.862 0.861 0.744 0.433 0.423 0.370 0.364 0.334
     29       1.689    0.260 0.966      0.986 0.987 0.993 0.994 0.998 1.000 0.990 0.895 0.893 0.787 0.492 0.483 0.432 0.426 0.397
     30       1.172    0.394 0.919      0.953 0.954 0.967 0.969 0.978 0.990 1.000 0.949 0.948 0.866 0.610 0.602 0.554 0.549 0.522
     31       0.855    0.664 0.747      0.809 0.811 0.837 0.841 0.862 0.895 0.949 1.000 1.000 0.980 0.829 0.824 0.789 0.785 0.765
     32       0.854    0.667 0.745      0.807 0.809 0.835 0.839 0.861 0.893 0.948 1.000 1.000 0.981 0.832 0.826 0.791 0.788 0.767
     33       0.885    0.800 0.599      0.675 0.678 0.711 0.716 0.744 0.787 0.866 0.980 0.981 1.000 0.924 0.920 0.896 0.893 0.878
     34       1.761    0.969 0.249      0.343 0.346 0.389 0.396 0.433 0.492 0.610 0.829 0.832 0.924 1.000 1.000 0.998 0.997 0.994
     35       1.830    0.971 0.239      0.333 0.336 0.379 0.386 0.423 0.483 0.602 0.824 0.826 0.920 1.000 1.000 0.998 0.998 0.995
     36       2.374    0.983 0.182      0.278 0.281 0.324 0.332 0.370 0.432 0.554 0.789 0.791 0.896 0.998 0.998 1.000 1.000 0.999
     37       2.452    0.984 0.176      0.272 0.275 0.319 0.326 0.364 0.426 0.549 0.785 0.788 0.893 0.997 0.998 1.000 1.000 0.999
     38       2.979    0.990 0.144      0.241 0.244 0.288 0.295 0.334 0.397 0.522 0.765 0.767 0.878 0.994 0.995 0.999 0.999 1.000

  R CORE   ENERGY   A0R/A00=1.000    R3= 0     2  
   2( 1)    0.730                    1.000-0.000
   2( 2)  407.497                    0.000 1.000

  R CORE   ENERGY   A0R/A00=1.000    R3= 0     2  
   3( 1)  408.227                    0.000 1.000

  R CORE   ENERGY   A0R/A00=1.000    R3= 0     2     4  
   4( 1)    2.433                    1.000-0.000 0.000

  R CORE   ENERGY   A0R/A00=1.000    R3= 0     2     4  
   5( 1)  410.417                    0.000 1.000-0.000

  R CORE   ENERGY   A0R/A00=1.000    R3= 0     2     4     6  
   6( 1)    5.110                    1.000-0.000 0.000-0.000

  R CORE   ENERGY   A0R/A00=1.000    R3= 0     2     4     6  
   7( 1)  413.581                    0.000 1.000-0.000 0.000
 

             ENERGY     K= 1/2
 
 I=  1/2- (1)  3.697  24:-0.276
                      30: 0.062
                      31:-0.904
                      37:-0.318
 
 I=  1/2- (2)  5.444  28:-0.058
                      32: 0.888
                      33:-0.456
 
 I=  1/2- (3)  6.685  24: 0.280
                      31: 0.242
                      37:-0.918
                      38: 0.141
 
 I=  1/2- (4) 10.552  24: 0.919
                      31:-0.346
                      37: 0.184
 
 I=  1/2- (5) 14.992  25:-1.000

             ENERGY     K= 1/2  -3/2
 
 I=  3/2- (1)  3.981  24: 0.304 0.001
                      30:-0.068-0.000
                      31: 0.922 0.002
                      37:-0.081-0.031
                      38: 0.020-0.208
 
 I=  3/2- (2)  5.510  32:-0.628 0.322
                      33: 0.323 0.627

             ENERGY     K= 5/2   1/2  -3/2
 
 I=  5/2- (1)  3.911  24: 0.000-0.231 0.001
                      30: 0.007 0.054-0.000
                      31: 0.001-0.825 0.003
                      37:-0.000-0.443-0.037
                      38: 0.000 0.060-0.244
 
 I=  5/2- (2)  4.951  28: 0.995-0.001-0.000
                      32: 0.053 0.013 0.034
                      33:-0.023-0.007 0.066
 
 I=  5/2- (3)  6.017  25: 0.000-0.101 0.000
                      28: 0.070 0.033 0.005
                      32: 0.004-0.501-0.372
                      33:-0.002 0.257-0.725
 
 I=  5/2- (4)  6.243  24:-0.008-0.197 0.020
                      26:-0.000 0.006 0.598
                      30:-0.770-0.001-0.001
                      31:-0.053 0.049 0.011
                      37: 0.009 0.053-0.006
 
 I=  5/2- (5)  6.676  32: 0.002 0.730-0.259
                      33:-0.001-0.375-0.505

             ENERGY     K= 5/2   1/2  -3/2  -7/2
 
 I=  7/2- (1)  4.304  28:-0.171 0.000-0.000 0.001
                      29:-0.000-0.000 0.001-0.977
                      35: 0.000 0.000 0.000-0.113
 
 I=  7/2- (2)  4.538  24:-0.002 0.070-0.006-0.000
                      26:-0.000-0.018-0.175-0.000
                      30:-0.183-0.063 0.000-0.000
                      31:-0.013 0.868-0.000 0.000
                      34:-0.000 0.001 0.016 0.070
                      37: 0.002-0.224-0.051 0.001
                      38:-0.000 0.041-0.338 0.003
 
 I=  7/2- (3)  4.631  28: 0.279-0.000 0.000 0.000
                      29: 0.000 0.000-0.001-0.159
                      35:-0.000-0.000-0.000 0.947
 
 I=  7/2- (4)  4.973  24:-0.006-0.570-0.019-0.000
                      26:-0.000 0.022-0.569-0.001
                      30:-0.516 0.017 0.001-0.000
                      31:-0.036-0.146-0.011 0.000
                      34:-0.000-0.000-0.006 0.224
                      37: 0.006 0.058 0.013 0.003
                      38:-0.001-0.010 0.082 0.011
 
 I=  7/2- (5)  5.944  28:-0.934 0.002-0.001-0.000
                      29:-0.001-0.000 0.007 0.130
                      32:-0.050-0.030 0.058-0.005
                      33: 0.021 0.016 0.113-0.008
                      35: 0.000 0.000 0.001 0.301

             ENERGY     K= 9/2   5/2   1/2  -3/2  -7/2
 
 I=  9/2- (1)  4.494  28: 0.000 0.106-0.000-0.000 0.000
                      29: 0.000 0.000 0.000 0.000-0.462
                      35:-0.000-0.000-0.000 0.000-0.177
                      36:-0.862 0.000 0.000-0.000 0.000
 
 I=  9/2- (2)  4.888  24:-0.000-0.001 0.186 0.001 0.000
                      30:-0.000-0.077-0.050 0.000 0.000
                      31:-0.000-0.005 0.778-0.002-0.000
                      37:-0.000 0.001 0.489 0.048-0.000
                      38: 0.000-0.000-0.067 0.320-0.002
 
 I=  9/2- (3)  5.516  24:-0.000-0.008-0.213 0.019 0.000
                      26: 0.000-0.000 0.008 0.566 0.002
                      30:-0.000-0.692 0.003-0.001 0.000
                      34: 0.000-0.000 0.000 0.001-0.385
                      37: 0.000 0.008-0.052 0.001-0.005
 
 I=  9/2- (4)  5.611  28: 0.000 0.338-0.000-0.000 0.001
                      29:-0.000 0.001 0.000 0.002-0.722
                      35: 0.000-0.000-0.000 0.000-0.335
                      36: 0.499-0.000 0.000-0.000 0.000
 
 I=  9/2- (5)  5.639  28: 0.000 0.261-0.000-0.000-0.000
                      29: 0.000 0.000 0.000 0.001 0.476
                      35:-0.000-0.000-0.000 0.000-0.837
                      36:-0.052 0.000 0.000-0.000 0.000

             ENERGY     K= 9/2   5/2   1/2  -3/2  -7/2 -11/2
 
 I= 11/2- (1)  4.308  24: 0.000-0.005-0.499-0.019-0.000 0.000
                      26:-0.000-0.000 0.011-0.577-0.001 0.000
                      30: 0.000-0.479-0.019 0.001-0.000-0.000
                      31: 0.000-0.033 0.343-0.009 0.000 0.000
                      34:-0.000-0.000 0.000 0.005 0.202-0.000
                      37:-0.000 0.006-0.096-0.020 0.002-0.000
                      38: 0.000-0.001 0.018-0.136 0.010-0.000
 
 I= 11/2- (2)  4.440  27: 0.000-0.000 0.000-0.000 0.000 0.999
 
 I= 11/2- (3)  5.586  28:-0.000-0.149 0.000-0.000 0.000 0.000
                      29:-0.000-0.000-0.000 0.001-0.524-0.000
                      35: 0.000 0.000 0.000 0.000-0.227 0.000
                      36: 0.806-0.000-0.000-0.000 0.000-0.000
 
 I= 11/2- (4)  6.053  24:-0.000-0.001-0.340-0.005-0.000 0.000
                      26:-0.000-0.000 0.025-0.166-0.000 0.000
                      30:-0.000-0.136 0.061 0.001-0.000-0.000
                      31:-0.000-0.009-0.773-0.006 0.000 0.000
                      34:-0.000-0.000-0.001-0.019 0.080-0.000
                      37: 0.000 0.002 0.283 0.057 0.001-0.000
                      38: 0.000-0.000-0.049 0.379 0.004-0.000
 
 I= 11/2- (5)  6.882  28: 0.000 0.432-0.000 0.000 0.000 0.000
                      29:-0.000 0.001 0.000-0.002-0.152-0.000
                      35: 0.000-0.000-0.000-0.000 0.859-0.000
                      36: 0.223-0.000 0.000 0.000-0.000 0.000

             ENERGY     K=13/2   9/2   5/2   1/2  -3/2  -7/2 -11/2
 
 I= 13/2- (1)  6.019  27:-0.000-0.000 0.000-0.000-0.000 0.000 0.997
                      36:-0.000 0.064-0.000-0.000-0.000-0.000-0.000
 
 I= 13/2- (2)  6.147  24: 0.000 0.000-0.007-0.167 0.019 0.000-0.000
                      26: 0.000-0.000-0.000 0.002 0.572 0.001-0.000
                      30:-0.000 0.000-0.666-0.012-0.001 0.000-0.000
                      31: 0.000 0.000-0.046 0.210 0.009-0.000 0.000
                      34: 0.000 0.000-0.000-0.001-0.004-0.357 0.000
                      37: 0.000-0.000 0.008 0.094 0.019-0.004 0.000
                      38:-0.000 0.000-0.001-0.012 0.131-0.017 0.000
 
 I= 13/2- (3)  6.810  24: 0.000-0.000 0.001 0.232-0.005-0.000 0.000
                      26:-0.000 0.000 0.000-0.020-0.153-0.000 0.000
                      30: 0.000 0.000 0.134-0.046 0.001-0.000 0.000
                      31: 0.000 0.000 0.009 0.720-0.006 0.000-0.000
                      34:-0.000-0.000 0.000-0.003-0.017 0.081-0.000
                      37:-0.000 0.000-0.002 0.507 0.051 0.001-0.000
                      38:-0.000-0.000 0.000-0.071 0.334 0.004-0.000
 
 I= 13/2- (4)  6.936  27:-0.000-0.000 0.000-0.000-0.000 0.003-0.067
                      28:-0.000-0.000-0.183 0.000 0.000-0.000-0.000
                      29:-0.000-0.000-0.000-0.000-0.001 0.549 0.001
                      35:-0.000 0.000 0.000 0.000-0.000 0.260-0.001
                      36:-0.000 0.769-0.000-0.000 0.000-0.000 0.000
 
 I= 13/2- (5)  8.372  28: 0.000-0.000 0.460-0.001-0.000-0.000-0.000
                      29: 0.000-0.000 0.001 0.000 0.003 0.194 0.000
                      35:-0.000 0.000-0.000-0.000 0.000-0.827 0.000
                      36:-0.000 0.250-0.000 0.000-0.000 0.000-0.000

             ENERGY     K=13/2   9/2   5/2   1/2  -3/2  -7/2 -11/2
  32 LEVELS    TIME=  0.0 SEC



 ******************* EXCITATION ENERGIES, DOMINANT CONFIGURATION AND EXPECTATION VALUES (WITH S.P. UU+VV FACTORS) *******************

  NR  Eex(keV)  I   Kdom  NY    <Jz>  <Jx**2> <Jy**2> <Jz**2> <I.j>/|I|  <Rx**2> <Ry**2> <Rz**2> <R.j>/|R|  <HROTx> <HROTy> <HROTz>

   1    0.0   1/2-   1/2  31    0.50    9.86    9.86    0.25    1.17       9.35    9.35    0.00   -4.38      1.176   1.098   0.136
   2  213.7   5/2-   1/2  31    0.38   10.70   10.62    0.37    1.92       9.58    9.51    0.00   -3.67      1.206   1.117   0.092
   3  284.3   3/2-   1/2  31    0.41   10.45   10.68    0.34    1.35       9.87   10.11    0.00   -4.22      1.243   1.187   0.265
   4  606.4   7/2-   7/2  29   -3.32    6.39    6.23   12.06    3.13       7.86    7.71    0.01   -3.11      0.990   0.906   0.703
   5  610.8  11/2-   3/2  26    0.09   23.83   23.38    2.83    6.13       6.21    6.32    0.00   -3.79      0.782   0.742   0.209
  
   6  743.4  11/2-  11/2  27   -5.48    2.76    2.74   30.22    5.06       5.50    5.47    0.00   -1.65      0.692   0.643   0.329
   7  796.5   9/2-   9/2  36    2.51    3.35    3.20   18.09    4.05       4.61    4.51    0.01   -1.49      0.580   0.530   1.177
   8  841.2   7/2-   1/2  31    0.25   14.84   14.99    0.81    2.82      11.86   12.10    0.00   -3.97      1.493   1.421   0.342
   9  934.0   7/2-   7/2  35   -3.02    2.62    2.51   11.75    3.15       3.83    3.76    0.02   -1.59      0.483   0.441   1.850
  10 1191.0   9/2-   1/2  31    0.30   11.53   11.41    0.51    2.19      13.24   13.14    0.00   -2.44      1.666   1.544   0.083
  
  11 1254.0   5/2-   5/2  28    2.48    6.10    6.15    6.23    2.12       7.30    7.35    0.01   -3.19      0.919   0.864   0.957
  12 1276.3   7/2-   1/2  24    0.17   20.08   19.73    3.12    5.30       8.36    8.28    0.00   -5.37      1.052   0.973   0.141
  13 1747.3   1/2-   1/2  32    0.49    5.10    5.21    0.27    0.11       5.48    5.61    0.03   -3.14      0.690   0.659   3.228
  14 1812.6   3/2-   1/2  32   -0.50    5.04    5.25    1.26    1.08       5.44    5.66    0.03   -2.84      0.684   0.665   3.288
  15 1818.7   9/2-   5/2  30    0.23   23.04   22.46    5.56    4.90      13.59   13.50    0.00   -5.13      1.711   1.586   0.251
  
  16 1888.7  11/2-   9/2  36    1.82    3.66    3.50   17.30    3.46       9.44    9.37    0.01   -0.87      1.189   1.101   1.143
  17 1914.1   9/2-   7/2  29   -0.82    5.06    4.91   13.53    2.63      11.13   10.98    0.01   -2.22      1.401   1.289   0.987
  18 1941.9   9/2-   7/2  35   -3.06    3.24    3.14   11.83    2.52       8.98    8.91    0.02   -1.34      1.130   1.047   1.637
  19 2246.7   7/2-   5/2  28    1.79    5.77    5.81    6.82    1.48      11.20   11.20    0.01   -2.65      1.410   1.316   1.066
  20 2319.9   5/2-   3/2  33   -0.82    5.08    5.35    1.62    1.07       7.06    7.37    0.03   -2.34      0.888   0.866   3.346
  
  21 2322.4  13/2-  11/2  27   -5.46    2.76    2.74   30.18    4.33      11.98   11.96    0.00   -1.11      1.508   1.405   0.333
  22 2355.6  11/2-   1/2  31    0.16   11.88   12.16    0.79    2.31      16.34   16.64    0.00   -1.92      2.056   1.954   0.270
  23 2450.4  13/2-   5/2  30    0.19   23.25   22.65    5.15    4.82      16.21   16.34    0.00   -3.05      2.040   1.919   0.252
  24 2546.4   5/2-   5/2  30    0.97   23.16   22.53    4.54    4.33      16.90   16.50    0.00   -6.48      2.127   1.938   0.253
  25 2979.1   5/2-   1/2  32   -0.15    5.07    5.24    0.92   -0.16      10.34   10.53    0.03   -2.56      1.302   1.236   3.264
  
  26 2987.9   1/2-   1/2  37    0.50   15.21   15.54    0.25   -0.40      16.05   16.41    0.00   -5.50      2.020   1.927   0.223
  27 3112.9  13/2-   1/2  31    0.23   11.65   11.52    0.71    2.27      20.48   20.41    0.00   -1.25      2.578   2.397   0.068
  28 3184.5  11/2-   7/2  35   -1.97    3.05    2.96   11.48    2.22      13.32   13.35    0.02   -0.82      1.677   1.568   1.712
  29 3239.0  13/2-   9/2  36    1.42    3.82    3.67   16.83    3.06      15.16   15.12    0.01   -0.53      1.908   1.776   1.127
  30 4674.8  13/2-   7/2  35   -1.71    3.19    3.10   11.42    1.95      19.55   19.62    0.02   -0.65      2.461   2.305   1.666
  
  31 6854.7   1/2-   1/2  24    0.50   23.54   23.40    0.25   -3.56      27.13   26.98    0.00   -6.84      3.414   3.170   0.116
  3211294.6   1/2-   1/2  25    0.52    5.88    8.85    0.36    0.70       5.74    8.80    0.09   -3.79      0.722   1.033   9.045
