1SPECTRUM OF (Z= 82 A=207) IN PARTICLE-ROTOR  MODEL WITH MODIFIED OSCILLATOR POTENTIAL


 PARITY=-   EPS= 0.477   GAMMA=  0.0   EPS4=0.000   EPS6=0.000   LEVELS:  25  26  27  28  29  30  31  32  33  34  35  36  37  38  39

 PAIRING FACTORS: GN0= 19.20  GN1=  7.40  IPAIR= 15 ***  E2PLUS(INPUT)=   0.730  E2PLUR(INPUT)=   0.000

 CORIOLIS ATTENUATION PARAMETERS:  CHSI=1.000  ETA=  1.00

 MOMENT OF INERTIA PARAMETERS:   A1=  0.122 MEV   A2=  0.122 MEV   A3=121.91924 MEV


 DELTA=0.848 MEV  LAMBDA=53.4504 MEV   HW0= 7.6305 MEV   LAMBDA/HW0= 7.0048

 E2ENERGY=0.730 MEV  HBAR**2/B=42188./A**(7/3)=7131.8/A**2 MEV

 IREC=0  =>  RECOIL TERMS j+j-, j+j+, jzjz, ETC TREATED AS ONE-BODY OPERATORS WITH UU+VV PAIRING FACTORS



 S. P. LEVEL   EQP       U     V        (UU + VV)**1.00

     25       4.125    0.103 0.995      1.000 1.000 0.996 0.992 0.975 0.973 0.939 0.660 0.585 0.356 0.306 0.283 0.262 0.248 0.199
     26       3.365    0.127 0.992      1.000 1.000 0.998 0.995 0.980 0.979 0.947 0.678 0.604 0.378 0.329 0.306 0.285 0.271 0.222
     27       2.227    0.194 0.981      0.996 0.998 1.000 0.999 0.992 0.990 0.966 0.726 0.657 0.440 0.392 0.370 0.349 0.336 0.288
     28       1.908    0.228 0.974      0.992 0.995 0.999 1.000 0.995 0.995 0.975 0.750 0.683 0.471 0.424 0.402 0.382 0.368 0.321
     29       1.398    0.320 0.947      0.975 0.980 0.992 0.995 1.000 1.000 0.992 0.809 0.749 0.553 0.509 0.488 0.468 0.455 0.410
     30       1.367    0.328 0.945      0.973 0.979 0.990 0.995 1.000 1.000 0.993 0.814 0.755 0.560 0.516 0.495 0.476 0.463 0.418
     31       1.074    0.439 0.898      0.939 0.947 0.966 0.975 0.992 0.993 1.000 0.878 0.828 0.656 0.615 0.596 0.578 0.566 0.524
     32       0.898    0.815 0.579      0.660 0.678 0.726 0.750 0.809 0.814 0.878 1.000 0.995 0.937 0.917 0.907 0.898 0.891 0.868
     33       0.981    0.867 0.498      0.585 0.604 0.657 0.683 0.749 0.755 0.828 0.995 1.000 0.966 0.951 0.944 0.936 0.931 0.911
     34       1.706    0.966 0.257      0.356 0.378 0.440 0.471 0.553 0.560 0.656 0.937 0.966 1.000 0.999 0.997 0.995 0.994 0.987
     35       2.098    0.978 0.206      0.306 0.329 0.392 0.424 0.509 0.516 0.615 0.917 0.951 0.999 1.000 1.000 0.999 0.998 0.994
     36       2.359    0.983 0.183      0.283 0.306 0.370 0.402 0.488 0.495 0.596 0.907 0.944 0.997 1.000 1.000 1.000 0.999 0.996
     37       2.673    0.987 0.161      0.262 0.285 0.349 0.382 0.468 0.476 0.578 0.898 0.936 0.995 0.999 1.000 1.000 1.000 0.998
     38       2.924    0.989 0.147      0.248 0.271 0.336 0.368 0.455 0.463 0.566 0.891 0.931 0.994 0.998 0.999 1.000 1.000 0.999
     39       4.404    0.995 0.097      0.199 0.222 0.288 0.321 0.410 0.418 0.524 0.868 0.911 0.987 0.994 0.996 0.998 0.999 1.000

  R CORE   ENERGY   A0R/A00=1.000    R3= 0     2  
   2( 1)    0.732                    1.000 0.000
   2( 2)  487.921                    0.000 1.000

  R CORE   ENERGY   A0R/A00=1.000    R3= 0     2  
   3( 1)  488.652                    0.000 1.000

  R CORE   ENERGY   A0R/A00=1.000    R3= 0     2     4  
   4( 1)    2.438                    1.000 0.000 0.000

  R CORE   ENERGY   A0R/A00=1.000    R3= 0     2     4  
   5( 1)  490.847                    0.000 1.000 0.000

  R CORE   ENERGY   A0R/A00=1.000    R3= 0     2     4     6  
   6( 1)    5.121                    1.000 0.000 0.000 0.000

  R CORE   ENERGY   A0R/A00=1.000    R3= 0     2     4     6  
   7( 1)  494.017                    0.000 1.000 0.000 0.000

          AXIAL SYMMETRY => K RESTRICTED TO OMEGA

                     K
     S.P. ORB#: 25  0.50
     S.P. ORB#: 26 -1.50
     S.P. ORB#: 27 -5.50
     S.P. ORB#: 28  2.50
     S.P. ORB#: 29 -3.50
     S.P. ORB#: 30  2.50
     S.P. ORB#: 31  0.50
     S.P. ORB#: 32  0.50
     S.P. ORB#: 33 -1.50
     S.P. ORB#: 34 -3.50
     S.P. ORB#: 35  0.50
     S.P. ORB#: 36 -3.50
     S.P. ORB#: 37 -1.50
     S.P. ORB#: 38  4.50
     S.P. ORB#: 39  4.50
 

             ENERGY    K= OMEGA
 
 I=  1/2- (1)  2.276  32: 0.999
 
 I=  1/2- (2)  4.293  31:-0.925
                      35: 0.379
 
 I=  1/2- (3)  5.922  25: 0.999
 
 I=  1/2- (4)  6.380  31:-0.379
                      35:-0.925
 
 I=  1/2- (5)147.284  33:-1.000

             ENERGY    K= OMEGA
 
 I=  3/2- (1)  2.312  32: 0.669
                      33:-0.743
 
 I=  3/2- (2)  2.531  25:-0.148
                      32:-0.734
                      33:-0.663
 
 I=  3/2- (3)  4.384  26:-0.085
                      31:-0.968
                      35:-0.125
                      37:-0.201
 
 I=  3/2- (4)  6.594  26:-0.103
                      31: 0.075
                      35:-0.952
                      37: 0.278
 
 I=  3/2- (5)  6.659  25: 0.989
                      32:-0.119
                      33:-0.089

             ENERGY    K= OMEGA
 
 I=  5/2- (1)  2.743  25: 0.201
                      28:-0.072
                      32:-0.523
                      33:-0.825
 
 I=  5/2- (2)  3.480  25: 0.057
                      28: 0.190
                      32:-0.829
                      33: 0.523
 
 I=  5/2- (3)  3.729  28:-0.979
                      32:-0.123
                      33: 0.162
 
 I=  5/2- (4)  4.622  26:-0.123
                      30: 0.102
                      31: 0.827
                      35:-0.480
                      37:-0.247
 
 I=  5/2- (5)  6.347  26: 0.481
                      30:-0.843
                      35:-0.236

             ENERGY    K= OMEGA
 
 I=  7/2- (1)  3.234  28:-0.248
                      29: 0.131
                      33: 0.072
                      36: 0.957
 
 I=  7/2- (2)  3.333  28: 0.195
                      29: 0.974
                      33:-0.077
                      36:-0.075
 
 I=  7/2- (3)  3.526  29: 0.081
                      32:-0.781
                      33: 0.611
                      36:-0.089
 
 I=  7/2- (4)  3.873  25:-0.264
                      28: 0.092
                      32:-0.589
                      33:-0.753
                      36: 0.069
 
 I=  7/2- (5)  4.699  26: 0.286
                      30: 0.294
                      31: 0.822
                      34: 0.120
                      35: 0.253
                      37: 0.278

             ENERGY    K= OMEGA
 
 I=  9/2- (1)  3.648  28:-0.158
                      29: 0.518
                      36:-0.272
                      38:-0.794
 
 I=  9/2- (2)  4.216  25: 0.263
                      28:-0.224
                      29:-0.145
                      32:-0.454
                      33:-0.640
                      36:-0.471
                      38: 0.148
 
 I=  9/2- (3)  4.298  25:-0.179
                      28:-0.193
                      29:-0.266
                      32: 0.321
                      33: 0.409
                      36:-0.761
                      38: 0.102
 
 I=  9/2- (4)  4.725  28: 0.284
                      29:-0.763
                      32:-0.070
                      36: 0.060
                      38:-0.571
 
 I=  9/2- (5)  5.218  26: 0.392
                      30:-0.561
                      31:-0.461
                      34: 0.432
                      35: 0.220
                      37: 0.194
                      39:-0.216

             ENERGY    K= OMEGA
 
 I= 11/2- (1)  3.566  27: 0.999
 
 I= 11/2- (2)  4.708  28:-0.199
                      29:-0.554
                      36: 0.311
                      38:-0.745
 
 I= 11/2- (3)  5.165  26:-0.411
                      30:-0.541
                      31:-0.470
                      34:-0.436
                      35:-0.174
                      37:-0.188
                      39:-0.250
 
 I= 11/2- (4)  5.534  28: 0.346
                      29:-0.301
                      32: 0.133
                      33:-0.195
                      36:-0.827
                      38:-0.223
 
 I= 11/2- (5)  5.713  25: 0.103
                      29: 0.091
                      32: 0.836
                      33:-0.487
                      36: 0.213

             ENERGY    K= OMEGA
 
 I= 13/2- (1)  5.147  27:-0.997
                      38: 0.064
 
 I= 13/2- (2)  5.816  26:-0.394
                      30: 0.584
                      31: 0.221
                      34:-0.558
                      35:-0.065
                      37:-0.114
                      39: 0.356
 
 I= 13/2- (3)  6.037  27:-0.068
                      28:-0.230
                      29: 0.565
                      33:-0.061
                      36:-0.334
                      38:-0.712
 
 I= 13/2- (4)  6.609  25: 0.398
                      28:-0.105
                      29:-0.071
                      32:-0.550
                      33:-0.711
                      36:-0.071
                      38: 0.109
 
 I= 13/2- (5)  7.072  25:-0.067
                      28:-0.356
                      29:-0.323
                      32: 0.107
                      33: 0.083
                      36:-0.831
                      38: 0.233

             ENERGY     K= 9/2
  35 LEVELS    TIME=  0.0 SEC



 ******************* EXCITATION ENERGIES, DOMINANT CONFIGURATION AND EXPECTATION VALUES (WITH S.P. UU+VV FACTORS) *******************

  NR  Eex(keV)  I   Kdom  NY    <Jz>  <Jx**2> <Jy**2> <Jz**2> <I.j>/|I|  <Rx**2> <Ry**2> <Rz**2> <R.j>/|R|  <HROTx> <HROTy> <HROTz>

   1    0.0   1/2-   1/2  32    0.50    5.24    5.24    0.25    0.13       5.63    5.63   -0.00   -3.16      0.686   0.686  -0.000
   2   35.9   3/2-  -3/2  33   -0.60    5.23    5.23    1.35    1.12       5.61    5.61    0.00   -2.88      0.684   0.684   0.000
   3  255.0   3/2-   1/2  32   -0.38    5.23    5.23    1.13    0.73       6.26    6.26    0.00   -2.88      0.763   0.763   0.000
   4  467.1   5/2-  -3/2  33   -0.85    5.38    5.38    1.64    1.28       6.78    6.78    0.00   -2.34      0.826   0.826   0.000
   5  958.4   7/2-  -7/2  36   -3.12    2.52    2.52   11.82    3.15       3.80    3.80    0.00   -1.58      0.464   0.464   0.000
  
   6 1056.9   7/2-  -7/2  29   -3.25    6.34    6.34   11.94    3.11       7.84    7.84    0.00   -3.10      0.956   0.956   0.000
   7 1204.1   5/2-   1/2  32    0.03    5.28    5.28    1.01   -0.05      10.30   10.30    0.00   -2.58      1.256   1.256   0.000
   8 1250.2   7/2-   1/2  32   -0.30    5.20    5.20    1.18    0.78      10.56   10.56    0.00   -1.84      1.287   1.287   0.000
   9 1289.8  11/2- -11/2  27   -5.49    2.75    2.75   30.23    5.06       5.49    5.49    0.00   -1.65      0.669   0.669   0.000
  10 1372.5   9/2-   9/2  38    1.70    3.59    3.59   17.14    3.94       4.94    4.94    0.00   -1.50      0.602   0.602   0.000
  
  11 1453.1   5/2-   5/2  28    2.37    6.12    6.12    6.05    1.99       7.63    7.63   -0.00   -3.18      0.930   0.930  -0.000
  12 1597.5   7/2-  -3/2  33   -0.65    5.32    5.32    1.52    0.74      11.02   11.02    0.00   -1.96      1.343   1.343   0.000
  13 1940.1   9/2-  -3/2  33   -1.10    4.75    4.75    4.72    1.75      10.79   10.79    0.00   -1.19      1.315   1.315   0.000
  14 2017.7   1/2-   1/2  31    0.50   12.89   12.89    0.25    0.91      12.60   12.60    0.00   -5.03      1.536   1.536   0.000
  15 2022.7   9/2-  -7/2  36   -2.32    3.57    3.57    8.81    2.16       9.61    9.61    0.00   -1.19      1.171   1.171   0.000
  
  16 2107.9   3/2-   1/2  31    0.40   14.35   14.35    0.35    1.66      13.18   13.18    0.00   -5.03      1.606   1.606   0.000
  17 2346.3   5/2-   1/2  31    0.37   13.49   13.49    0.46    1.71      13.03   13.03    0.00   -4.38      1.589   1.589   0.000
  18 2423.0   7/2-   1/2  31    0.30   16.68   16.68    1.26    3.02      13.18   13.18    0.00   -4.40      1.607   1.607   0.000
  19 2432.3  11/2-   9/2  38    1.17    3.81    3.81   16.46    3.39       9.64    9.64    0.00   -0.87      1.175   1.175   0.000
  20 2449.7   9/2-  -7/2  29   -0.38    5.02    5.02   14.29    2.64      11.42   11.42    0.00   -2.35      1.393   1.393   0.000
  
  21 2871.5  13/2- -11/2  27   -5.46    2.75    2.75   30.19    4.33      11.97   11.97    0.00   -1.11      1.459   1.459   0.000
  22 2889.4  11/2-   5/2  30    0.17   20.69   20.69    5.94    4.75      13.13   13.13    0.00   -3.69      1.601   1.601   0.000
  23 2942.4   9/2-   5/2  30    0.19   20.09   20.09    5.69    4.36      13.60   13.60    0.00   -4.63      1.659   1.659   0.000
  24 3258.2  11/2-  -7/2  36   -2.24    3.12    3.12   11.33    2.15      13.80   13.80    0.00   -0.90      1.683   1.683   0.000
  25 3437.0  11/2-   1/2  32   -0.19    5.07    5.07    1.37    0.73      19.24   19.24    0.00   -1.15      2.345   2.345   0.000
  
  26 3540.0  13/2-   5/2  30    0.11   21.95   21.95    8.90    5.13      14.94   14.94    0.00   -3.10      1.821   1.821   0.000
  27 3646.5   1/2-   1/2  25    0.50    7.46    7.46    0.25    0.65       7.39    7.39   -0.00   -3.80      0.902   0.902  -0.000
  28 3761.3  13/2-   9/2  38    0.87    3.94    3.94   16.01    3.01      15.29   15.29    0.00   -0.52      1.864   1.864   0.000
  29 4071.6   5/2-   5/2  30    1.45   22.37   22.37    4.98    3.68      18.35   18.35    0.00   -6.41      2.237   2.237   0.000
  30 4104.4   1/2-   1/2  35    0.50   17.04   17.04    0.25   -0.72      18.17   18.17    0.00   -5.80      2.215   2.215   0.000
  
  31 4318.2   3/2-   1/2  35    0.32   15.98   15.98    0.43   -0.08      18.22   18.22    0.00   -5.39      2.222   2.222   0.000
  32 4333.5  13/2-  -3/2  33   -0.48    5.65    5.65    1.68    1.42      20.96   20.96    0.00   -0.48      2.556   2.556   0.000
  33 4382.9   3/2-   1/2  25    0.48    7.49    7.49    0.27   -0.61      10.68   10.68   -0.00   -3.55      1.302   1.302  -0.000
  34 4796.1  13/2-  -7/2  36   -2.23    3.11    3.11   11.67    1.92      19.92   19.92    0.00   -0.71      2.429   2.429   0.000
  35*******   1/2-  -3/2  33    0.00    0.00    0.00    0.00   -0.00       0.00    0.00   -0.00   -0.00      0.000   0.000  -0.000
  
