1SPECTRUM OF (Z= 82 A=207) IN PARTICLE-ROTOR  MODEL WITH MODIFIED OSCILLATOR POTENTIAL


 PARITY=-   EPS= 0.310   GAMMA=  0.0   EPS4=0.000   EPS6=0.000   LEVELS:  25  26  27  28  29  30  31  32  33  34  35  36  37  38  39

 PAIRING FACTORS: GN0= 19.20  GN1=  7.40  IPAIR= 15 ***  E2PLUS(INPUT)=   0.730  E2PLUR(INPUT)=   0.000

 CORIOLIS ATTENUATION PARAMETERS:  CHSI=1.000  ETA=  1.00

 MOMENT OF INERTIA PARAMETERS:   A1=  0.122 MEV   A2=  0.122 MEV   A3=121.91924 MEV


 DELTA=0.943 MEV  LAMBDA=53.2909 MEV   HW0= 7.4975 MEV   LAMBDA/HW0= 7.1079

 E2ENERGY=0.730 MEV  HBAR**2/B=17819./A**(7/3)=3012.2/A**2 MEV

 IREC=0  =>  RECOIL TERMS j+j-, j+j+, jzjz, ETC TREATED AS ONE-BODY OPERATORS WITH UU+VV PAIRING FACTORS



 S. P. LEVEL   EQP       U     V        (UU + VV)**1.00

     25       4.135    0.115 0.993      1.000 1.000 0.998 0.970 0.962 0.957 0.932 0.855 0.800 0.499 0.328 0.304 0.303 0.267 0.264
     26       3.317    0.144 0.990      1.000 1.000 1.000 0.977 0.969 0.965 0.942 0.870 0.817 0.524 0.355 0.332 0.331 0.295 0.292
     27       2.762    0.173 0.985      0.998 1.000 1.000 0.983 0.976 0.973 0.952 0.884 0.834 0.550 0.383 0.360 0.359 0.324 0.321
     28       1.434    0.351 0.936      0.970 0.977 0.983 1.000 0.999 0.999 0.992 0.955 0.921 0.694 0.546 0.525 0.524 0.492 0.489
     29       1.335    0.382 0.924      0.962 0.969 0.976 0.999 1.000 1.000 0.996 0.964 0.933 0.717 0.574 0.553 0.552 0.521 0.518
     30       1.293    0.397 0.918      0.957 0.965 0.973 0.999 1.000 1.000 0.997 0.968 0.939 0.729 0.587 0.566 0.566 0.535 0.532
     31       1.141    0.467 0.884      0.932 0.942 0.952 0.992 0.996 0.997 1.000 0.985 0.963 0.780 0.648 0.629 0.628 0.599 0.596
     32       0.973    0.613 0.790      0.855 0.870 0.884 0.955 0.964 0.968 0.985 1.000 0.995 0.876 0.770 0.754 0.753 0.728 0.726
     33       0.944    0.688 0.726      0.800 0.817 0.834 0.921 0.933 0.939 0.963 0.995 1.000 0.919 0.829 0.815 0.814 0.792 0.790
     34       1.294    0.918 0.397      0.499 0.524 0.550 0.694 0.717 0.729 0.780 0.876 0.919 1.000 0.982 0.977 0.977 0.968 0.968
     35       2.222    0.976 0.217      0.328 0.355 0.383 0.546 0.574 0.587 0.648 0.770 0.829 0.982 1.000 1.000 1.000 0.998 0.998
     36       2.493    0.981 0.193      0.304 0.332 0.360 0.525 0.553 0.566 0.629 0.754 0.815 0.977 1.000 1.000 1.000 0.999 0.999
     37       2.505    0.981 0.192      0.303 0.331 0.359 0.524 0.552 0.566 0.628 0.753 0.814 0.977 1.000 1.000 1.000 0.999 0.999
     38       3.074    0.988 0.155      0.267 0.295 0.324 0.492 0.521 0.535 0.599 0.728 0.792 0.968 0.998 0.999 0.999 1.000 1.000
     39       3.143    0.988 0.152      0.264 0.292 0.321 0.489 0.518 0.532 0.596 0.726 0.790 0.968 0.998 0.999 0.999 1.000 1.000

  R CORE   ENERGY   A0R/A00=1.000    R3= 0     2  
   2( 1)    0.732                    1.000 0.000
   2( 2)  487.921                    0.000 1.000

  R CORE   ENERGY   A0R/A00=1.000    R3= 0     2  
   3( 1)  488.652                    0.000 1.000

  R CORE   ENERGY   A0R/A00=1.000    R3= 0     2     4  
   4( 1)    2.438                    1.000 0.000 0.000

  R CORE   ENERGY   A0R/A00=1.000    R3= 0     2     4  
   5( 1)  490.847                    0.000 1.000 0.000

  R CORE   ENERGY   A0R/A00=1.000    R3= 0     2     4     6  
   6( 1)    5.121                    1.000 0.000 0.000 0.000

  R CORE   ENERGY   A0R/A00=1.000    R3= 0     2     4     6  
   7( 1)  494.017                    0.000 1.000 0.000 0.000

          AXIAL SYMMETRY => K RESTRICTED TO OMEGA

                     K
     S.P. ORB#: 25  0.50
     S.P. ORB#: 26  2.50
     S.P. ORB#: 27 -3.50
     S.P. ORB#: 28  0.50
     S.P. ORB#: 29  0.50
     S.P. ORB#: 30 -1.50
     S.P. ORB#: 31 -3.50
     S.P. ORB#: 32 -1.50
     S.P. ORB#: 33  4.50
     S.P. ORB#: 34  2.50
     S.P. ORB#: 35 -1.50
     S.P. ORB#: 36  2.50
     S.P. ORB#: 37 -3.50
     S.P. ORB#: 38  0.50
     S.P. ORB#: 39  0.50
 

             ENERGY    K= OMEGA
 
 I=  1/2- (1)  2.642  28:-0.998
                      39:-0.053
 
 I=  1/2- (2)  3.473  25:-0.069
                      28: 0.050
                      39:-0.996
 
 I=  1/2- (3)  5.665  25: 0.997
                      39:-0.067
 
 I=  1/2- (4)  6.196  29:-0.519
                      38: 0.855
 
 I=  1/2- (5)  8.859  29: 0.855
                      38: 0.519

             ENERGY    K= OMEGA
 
 I=  3/2- (1)  2.466  25:-0.171
                      28:-0.294
                      30:-0.812
                      35:-0.456
                      39: 0.129
 
 I=  3/2- (2)  2.538  25: 0.069
                      28: 0.713
                      30:-0.533
                      35: 0.447
                      39:-0.060
 
 I=  3/2- (3)  3.054  25:-0.163
                      28:-0.584
                      30:-0.169
                      35: 0.769
                      39: 0.111
 
 I=  3/2- (4)  4.175  25:-0.130
                      28:-0.129
                      30:-0.081
                      39:-0.980
 
 I=  3/2- (5)  4.817  29: 0.790
                      32: 0.381
                      38:-0.480

             ENERGY    K= OMEGA
 
 I=  5/2- (1)  2.492  25:-0.243
                      28: 0.435
                      30: 0.722
                      35:-0.193
                      36:-0.411
                      39: 0.154
 
 I=  5/2- (2)  3.168  25: 0.067
                      26:-0.063
                      28: 0.241
                      30:-0.456
                      35:-0.807
                      36:-0.250
                      39:-0.112
 
 I=  5/2- (3)  3.284  25: 0.131
                      28:-0.518
                      35: 0.152
                      36:-0.822
                      39:-0.117
 
 I=  5/2- (4)  4.123  28: 0.577
                      30:-0.463
                      35: 0.475
                      36:-0.300
                      39: 0.369
 
 I=  5/2- (5)  4.330  25:-0.169
                      28: 0.325
                      35: 0.240
                      36:-0.057
                      39:-0.896

             ENERGY    K= OMEGA
 
 I=  7/2- (1)  1.920  26:-0.205
                      27: 0.056
                      31: 0.976
 
 I=  7/2- (2)  3.275  25:-0.110
                      28: 0.241
                      30:-0.706
                      35: 0.258
                      36:-0.600
                      39: 0.052
 
 I=  7/2- (3)  3.326  29:-0.730
                      32:-0.576
                      34:-0.340
                      37:-0.138
 
 I=  7/2- (4)  3.395  25:-0.300
                      28:-0.700
                      30:-0.345
                      35:-0.510
                      39: 0.195
 
 I=  7/2- (5)  4.290  26: 0.104
                      27: 0.246
                      28: 0.473
                      30:-0.486
                      35:-0.338
                      36: 0.596

             ENERGY    K= OMEGA
 
 I=  9/2- (1)  1.801  26:-0.067
                      27: 0.210
                      31:-0.203
                      33:-0.954
 
 I=  9/2- (2)  2.851  26: 0.281
                      27: 0.091
                      30: 0.054
                      31: 0.931
                      33:-0.198
                      36:-0.051
 
 I=  9/2- (3)  3.472  25:-0.356
                      28: 0.482
                      30: 0.663
                      31:-0.066
                      35:-0.213
                      36:-0.340
                      39: 0.187
 
 I=  9/2- (4)  4.524  29: 0.236
                      32:-0.593
                      34: 0.652
                      37:-0.407
 
 I=  9/2- (5)  4.950  25: 0.136
                      26:-0.105
                      27: 0.110
                      28: 0.106
                      30:-0.388
                      35:-0.776
                      36:-0.382
                      39:-0.215

             ENERGY    K= OMEGA
 
 I= 11/2- (1)  2.602  29:-0.687
                      32:-0.579
                      34:-0.389
                      37:-0.195
                      38:-0.053
 
 I= 11/2- (2)  2.858  26:-0.114
                      27:-0.285
                      31: 0.282
                      33:-0.909
 
 I= 11/2- (3)  4.011  26:-0.330
                      27: 0.126
                      30: 0.063
                      31: 0.888
                      33: 0.278
                      36: 0.062
 
 I= 11/2- (4)  5.140  25:-0.288
                      28:-0.085
                      30:-0.768
                      31: 0.086
                      35: 0.075
                      36:-0.533
                      39: 0.144
 
 I= 11/2- (5)  5.206  25:-0.271
                      28:-0.743
                      35:-0.537
                      36: 0.235
                      39: 0.166

             ENERGY    K= OMEGA
 
 I= 13/2- (1)  4.134  26:-0.157
                      27: 0.332
                      31:-0.336
                      33:-0.867
 
 I= 13/2- (2)  4.816  29:-0.224
                      32: 0.573
                      34:-0.658
                      37: 0.433
 
 I= 13/2- (3)  5.306  25:-0.360
                      26: 0.196
                      27: 0.096
                      28: 0.409
                      30: 0.550
                      31: 0.446
                      33:-0.168
                      35:-0.147
                      36:-0.274
                      39: 0.170
 
 I= 13/2- (4)  5.454  25:-0.230
                      26:-0.306
                      27:-0.128
                      28: 0.282
                      30: 0.318
                      31:-0.726
                      33: 0.290
                      35:-0.145
                      36:-0.119
                      39: 0.107
 
 I= 13/2- (5)  7.672  25: 0.171
                      26:-0.105
                      27: 0.113
                      30:-0.281
                      31: 0.066
                      33: 0.060
                      35:-0.728
                      36:-0.503
                      39:-0.276

             ENERGY     K= 1/2
  35 LEVELS    TIME=  0.0 SEC



 ******************* EXCITATION ENERGIES, DOMINANT CONFIGURATION AND EXPECTATION VALUES (WITH S.P. UU+VV FACTORS) *******************

  NR  Eex(keV)  I   Kdom  NY    <Jz>  <Jx**2> <Jy**2> <Jz**2> <I.j>/|I|  <Rx**2> <Ry**2> <Rz**2> <R.j>/|R|  <HROTx> <HROTy> <HROTz>

   1    0.0   9/2-   9/2  33    3.81    2.56    2.56   19.50    4.34       3.11    3.11   -0.00   -1.22      0.379   0.379  -0.000
   2  119.3   7/2-  -7/2  31   -3.24    2.31    2.31   11.99    3.37       2.80    2.80    0.00   -1.36      0.341   0.341   0.000
   3  664.9   3/2-  -3/2  30   -1.24    3.65    3.65    1.99    1.56       3.50    3.50   -0.00   -2.37      0.427   0.427  -0.000
   4  691.3   5/2-  -3/2  30   -0.28    4.41    4.41    2.38    2.37       2.97    2.97    0.00   -1.72      0.362   0.362   0.000
   5  737.0   3/2-   1/2  28   -0.47    4.16    4.16    1.22    1.38       3.97    3.97   -0.00   -2.44      0.484   0.484  -0.000
  
   6  801.2  11/2-   1/2  29   -0.02   25.05   25.05    2.29    6.45       5.52    5.52    0.00   -4.17      0.673   0.673   0.000
   7  840.6   1/2-   1/2  28    0.50    4.70    4.70    0.25    0.33       4.92    4.92    0.00   -2.99      0.599   0.599   0.000
   8 1049.5   9/2-  -7/2  31   -2.69    2.43    2.43   12.03    2.93       6.26    6.26    0.00   -0.66      0.763   0.763   0.000
   9 1057.0  11/2-   9/2  33    3.19    2.79    2.79   18.78    3.85       7.05    7.05   -0.00   -0.36      0.860   0.860  -0.000
  10 1252.7   3/2-  -3/2  35   -0.74    2.90    2.90    1.49    0.59       4.37    4.37   -0.00   -2.08      0.532   0.532  -0.000
  
  11 1367.2   5/2-  -3/2  35   -1.08    2.21    2.21    2.37    1.04       4.69    4.69   -0.00   -1.21      0.572   0.572  -0.000
  12 1473.5   7/2-  -3/2  30    0.08    3.62    3.62    3.57    1.86       5.90    5.90    0.00   -1.00      0.719   0.719   0.000
  13 1483.0   5/2-   5/2  36    1.80    2.75    2.75    4.35    1.69       4.29    4.29    0.00   -1.65      0.523   0.523   0.000
  14 1524.5   7/2-   1/2  29   -0.01   24.56   24.56    1.83    6.24       8.58    8.58    0.00   -6.32      1.046   1.046   0.000
  15 1593.6   7/2-   1/2  28   -0.26    3.47    3.47    1.03    1.48       5.99    5.99   -0.00   -0.61      0.731   0.731  -0.000
  
  16 1670.7   9/2-  -3/2  30   -0.26    4.75    4.75    1.98    2.37       6.32    6.32    0.00    0.09      0.771   0.771   0.000
  17 1671.5   1/2-   1/2  39    0.50    1.48    1.48    0.25    0.72       1.35    1.35   -0.00   -1.57      0.165   0.165  -0.000
  18 2209.8  11/2-  -7/2  31   -2.19    2.53    2.53   12.13    2.63      10.72   10.72    0.00   -0.31      1.307   1.307   0.000
  19 2322.0   5/2-   1/2  28   -0.20    3.55    3.55    1.67   -0.10       9.07    9.07   -0.00   -2.13      1.106   1.106  -0.000
  20 2332.7  13/2-   9/2  33    2.66    3.00    3.00   18.11    3.51      11.93   11.93   -0.00    0.08      1.455   1.455  -0.000
  
  21 2373.9   3/2-   1/2  39    0.49    1.58    1.58    0.26   -0.39       4.33    4.33   -0.00   -1.41      0.528   0.528  -0.000
  22 2488.6   7/2-   5/2  36    0.29    3.23    3.23    3.87    0.89       9.52    9.52    0.00   -1.56      1.161   1.161   0.000
  23 2528.8   5/2-   1/2  39    0.39    1.81    1.81    0.39    0.22       5.73    5.73   -0.00   -0.99      0.698   0.698  -0.000
  24 2723.3   9/2-   5/2  34   -0.02   25.01   25.01    5.50    5.48      12.87   12.87    0.00   -5.57      1.570   1.570   0.000
  25 3015.2  13/2-   5/2  34   -0.04   24.99   24.99    5.76    5.49      13.93   13.93    0.00   -3.30      1.698   1.698   0.000
  
  26 3015.6   3/2-   1/2  29    0.21   18.65   18.65    0.54    4.10      12.85   12.85    0.00   -5.90      1.567   1.567   0.000
  27 3148.7   9/2-  -3/2  35   -0.74    2.13    2.13    2.88    0.94      11.25   11.25   -0.00   -0.52      1.372   1.372  -0.000
  28 3338.4  11/2-  -3/2  30   -0.15    3.92    3.92    3.27    1.71      13.23   13.23    0.00   -0.18      1.613   1.613   0.000
  29 3404.6  11/2-   1/2  28    0.03    3.39    3.39    1.20    1.44      13.28   13.28   -0.00    0.12      1.619   1.619  -0.000
  30 3504.6  13/2-  -3/2  30   -0.64    4.32    4.32    4.64    2.44      13.97   13.97   -0.00    0.71      1.703   1.703  -0.000
  
  31 3652.9  13/2-  -7/2  31   -1.36    3.30    3.30    9.34    2.38      15.74   15.74    0.00    0.12      1.919   1.919   0.000
  32 3864.2   1/2-   1/2  25    0.50    6.40    6.40    0.25    0.67       6.32    6.32   -0.00   -3.51      0.770   0.770  -0.000
  33 4395.4   1/2-   1/2  38    0.50   12.66   12.66    0.25   -1.80      14.73   14.73    0.00   -5.00      1.795   1.795   0.000
  34 5870.8  13/2-  -3/2  35   -0.24    2.06    2.06    3.33    0.90      21.82   21.82   -0.00   -0.18      2.660   2.660  -0.000
  35 7057.7   1/2-   1/2  29    0.50   25.35   25.35    0.25   -3.57      28.94   28.94    0.00   -7.10      3.528   3.528   0.000
  
