1SPECTRUM OF (Z= 82 A=207) IN PARTICLE-ROTOR  MODEL WITH MODIFIED OSCILLATOR POTENTIAL


 PARITY=-   EPS= 0.169   GAMMA=  0.0   EPS4=0.000   EPS6=0.000   LEVELS:  24  25  26  27  28  29  30  31  32  33  34  35  36  37  38

 PAIRING FACTORS: GN0= 19.20  GN1=  7.40  IPAIR= 15 ***  E2PLUS(INPUT)=   0.730  E2PLUR(INPUT)=   0.000

 CORIOLIS ATTENUATION PARAMETERS:  CHSI=1.000  ETA=  1.00

 MOMENT OF INERTIA PARAMETERS:   A1=  0.122 MEV   A2=  0.122 MEV   A3=121.91922 MEV


 DELTA=0.879 MEV  LAMBDA=53.4289 MEV   HW0= 7.4355 MEV   LAMBDA/HW0= 7.1857

 E2ENERGY=0.730 MEV  HBAR**2/B= 5296./A**(7/3)= 895.2/A**2 MEV

 IREC=0  =>  RECOIL TERMS j+j-, j+j+, jzjz, ETC TREATED AS ONE-BODY OPERATORS WITH UU+VV PAIRING FACTORS



 S. P. LEVEL   EQP       U     V        (UU + VV)**1.00

     24       5.097    0.087 0.996      1.000 1.000 1.000 1.000 0.998 0.996 0.993 0.991 0.827 0.726 0.475 0.336 0.307 0.267 0.230
     25       4.343    0.102 0.995      1.000 1.000 1.000 1.000 0.999 0.997 0.995 0.993 0.836 0.737 0.488 0.350 0.321 0.281 0.244
     26       3.844    0.115 0.993      1.000 1.000 1.000 1.000 0.999 0.998 0.996 0.994 0.843 0.746 0.500 0.363 0.334 0.294 0.257
     27       3.809    0.116 0.993      1.000 1.000 1.000 1.000 1.000 0.998 0.996 0.994 0.843 0.746 0.501 0.364 0.335 0.295 0.258
     28       3.017    0.147 0.989      0.998 0.999 0.999 1.000 1.000 0.999 0.998 0.997 0.860 0.767 0.528 0.393 0.364 0.325 0.289
     29       2.477    0.180 0.984      0.996 0.997 0.998 0.998 0.999 1.000 1.000 0.999 0.877 0.788 0.556 0.423 0.395 0.357 0.321
     30       2.191    0.205 0.979      0.993 0.995 0.996 0.996 0.998 1.000 1.000 1.000 0.888 0.803 0.577 0.446 0.418 0.380 0.344
     31       2.032    0.222 0.975      0.991 0.993 0.994 0.994 0.997 0.999 1.000 1.000 0.896 0.813 0.591 0.461 0.434 0.396 0.360
     32       0.898    0.631 0.775      0.827 0.836 0.843 0.843 0.860 0.877 0.888 0.896 1.000 0.987 0.887 0.807 0.789 0.762 0.737
     33       0.885    0.748 0.664      0.726 0.737 0.746 0.746 0.767 0.788 0.803 0.813 0.987 1.000 0.950 0.891 0.877 0.856 0.836
     34       1.206    0.918 0.397      0.475 0.488 0.500 0.501 0.528 0.556 0.577 0.591 0.887 0.950 1.000 0.988 0.983 0.975 0.966
     35       1.796    0.968 0.253      0.336 0.350 0.363 0.364 0.393 0.423 0.446 0.461 0.807 0.891 0.988 1.000 1.000 0.997 0.994
     36       2.020    0.975 0.223      0.307 0.321 0.334 0.335 0.364 0.395 0.418 0.434 0.789 0.877 0.983 1.000 1.000 0.999 0.997
     37       2.453    0.983 0.182      0.267 0.281 0.294 0.295 0.325 0.357 0.380 0.396 0.762 0.856 0.975 0.997 0.999 1.000 0.999
     38       3.076    0.990 0.144      0.230 0.244 0.257 0.258 0.289 0.321 0.344 0.360 0.737 0.836 0.966 0.994 0.997 0.999 1.000

  R CORE   ENERGY   A0R/A00=1.000    R3= 0     2  
   2( 1)    0.732                    1.000 0.000
   2( 2)  487.921                    0.000 1.000

  R CORE   ENERGY   A0R/A00=1.000    R3= 0     2  
   3( 1)  488.652                    0.000 1.000

  R CORE   ENERGY   A0R/A00=1.000    R3= 0     2     4  
   4( 1)    2.438                    1.000 0.000 0.000

  R CORE   ENERGY   A0R/A00=1.000    R3= 0     2     4  
   5( 1)  490.847                    0.000 1.000 0.000

  R CORE   ENERGY   A0R/A00=1.000    R3= 0     2     4     6  
   6( 1)    5.121                    1.000 0.000 0.000 0.000

  R CORE   ENERGY   A0R/A00=1.000    R3= 0     2     4     6  
   7( 1)  494.017                    0.000 1.000 0.000 0.000

          AXIAL SYMMETRY => K RESTRICTED TO OMEGA

                     K
     S.P. ORB#: 24  2.50
     S.P. ORB#: 25  2.50
     S.P. ORB#: 26 -3.50
     S.P. ORB#: 27  0.50
     S.P. ORB#: 28 -3.50
     S.P. ORB#: 29  4.50
     S.P. ORB#: 30  0.50
     S.P. ORB#: 31 -1.50
     S.P. ORB#: 32 -1.50
     S.P. ORB#: 33  2.50
     S.P. ORB#: 34  0.50
     S.P. ORB#: 35  0.50
     S.P. ORB#: 36 -1.50
     S.P. ORB#: 37  2.50
     S.P. ORB#: 38 -3.50
 

             ENERGY    K= OMEGA
 
 I=  1/2- (1)  1.438  27:-0.064
                      34:-0.998
 
 I=  1/2- (2)  3.187  30: 1.000
 
 I=  1/2- (3)  4.897  27: 0.998
                      34:-0.064
 
 I=  1/2- (4)  9.933  35:-1.000
 
 I=  1/2- (5)147.201  32:-1.000

             ENERGY    K= OMEGA
 
 I=  3/2- (1)  1.360  27: 0.052
                      30: 0.197
                      31: 0.118
                      32: 0.967
                      34:-0.093
 
 I=  3/2- (2)  2.102  30: 0.135
                      31: 0.107
                      32:-0.134
                      34:-0.976

             ENERGY    K= OMEGA
 
 I=  5/2- (1)  1.345  27:-0.050
                      30: 0.131
                      31: 0.185
                      32:-0.384
                      33:-0.890
                      34: 0.075
 
 I=  5/2- (2)  1.960  30:-0.239
                      31: 0.164
                      32: 0.877
                      33:-0.378
 
 I=  5/2- (3)  2.121  30: 0.123
                      31: 0.165
                      33: 0.125
                      34: 0.970
 
 I=  5/2- (4)  3.228  24: 0.070
                      27:-0.397
                      30: 0.454
                      31: 0.739
                      32: 0.076
                      33: 0.190
                      34:-0.210
 
 I=  5/2- (5)  4.531  24: 0.062
                      27: 0.073
                      30:-0.795
                      31: 0.525
                      32:-0.270
                      33: 0.103

             ENERGY    K= OMEGA
 
 I=  7/2- (1)  1.976  30: 0.174
                      31:-0.223
                      32: 0.477
                      33:-0.831
 
 I=  7/2- (2)  2.590  25:-0.066
                      27:-0.181
                      28: 0.056
                      30:-0.358
                      31:-0.298
                      32:-0.725
                      33:-0.412
                      34: 0.213
 
 I=  7/2- (3)  3.697  25:-0.198
                      26:-0.113
                      27: 0.061
                      28: 0.680
                      30: 0.126
                      31: 0.136
                      32:-0.181
                      33:-0.109
                      34:-0.634
 
 I=  7/2- (4)  3.749  24:-0.079
                      25: 0.154
                      26: 0.118
                      28:-0.659
                      31: 0.139
                      32:-0.251
                      33:-0.172
                      34:-0.638
 
 I=  7/2- (5)  4.226  35: 0.717
                      36: 0.576
                      37: 0.361
                      38: 0.157

             ENERGY    K= OMEGA
 
 I=  9/2- (1)  2.619  26:-0.084
                      27: 0.178
                      29: 0.096
                      30:-0.303
                      31:-0.367
                      32: 0.457
                      33: 0.690
                      34:-0.195
 
 I=  9/2- (2)  3.179  24: 0.074
                      25: 0.077
                      26: 0.290
                      28: 0.186
                      29:-0.924
                      30:-0.053
                      32: 0.073
                      33: 0.066
 
 I=  9/2- (3)  3.741  24:-0.059
                      25: 0.068
                      27: 0.070
                      28: 0.074
                      31:-0.292
                      32:-0.494
                      33:-0.080
                      34:-0.803
 
 I=  9/2- (4)  3.784  25: 0.102
                      26:-0.058
                      28: 0.140
                      30: 0.344
                      31:-0.145
                      32:-0.588
                      33: 0.582
                      34: 0.375
 
 I=  9/2- (5)  4.583  24: 0.152
                      25:-0.287
                      26: 0.191
                      27:-0.202
                      28:-0.795
                      29:-0.115
                      30: 0.224
                      31: 0.169
                      32:-0.052
                      33: 0.233
                      34:-0.191

             ENERGY    K= OMEGA
 
 I= 11/2- (1)  3.036  35: 0.680
                      36: 0.576
                      37: 0.404
                      38: 0.206
 
 I= 11/2- (2)  3.792  24:-0.074
                      25:-0.091
                      26: 0.232
                      28: 0.100
                      29: 0.366
                      30:-0.222
                      31: 0.289
                      32:-0.460
                      33: 0.666
 
 I= 11/2- (3)  4.111  24: 0.110
                      25: 0.088
                      26:-0.333
                      28:-0.209
                      29:-0.780
                      30:-0.166
                      31: 0.086
                      32:-0.301
                      33: 0.300
 
 I= 11/2- (4)  4.527  24: 0.071
                      25:-0.115
                      27:-0.289
                      28: 0.153
                      29: 0.091
                      30:-0.412
                      31:-0.408
                      32:-0.551
                      33:-0.407
                      34: 0.246
 
 I= 11/2- (5)  5.669  24:-0.160
                      25: 0.364
                      26: 0.241
                      27:-0.090
                      28:-0.838
                      29: 0.162
                      30:-0.143
                      31:-0.060
                      34: 0.140

             ENERGY    K= OMEGA
 
 I= 13/2- (1)  4.558  24:-0.095
                      25:-0.075
                      26:-0.187
                      27: 0.275
                      28:-0.064
                      29: 0.213
                      30:-0.376
                      31:-0.443
                      32: 0.396
                      33: 0.529
                      34:-0.224
 
 I= 13/2- (2)  5.186  24:-0.142
                      25:-0.146
                      26:-0.427
                      27:-0.103
                      28:-0.258
                      29: 0.783
                      30: 0.155
                      31: 0.125
                      32:-0.140
                      33:-0.125
                      34: 0.107
 
 I= 13/2- (3)  5.217  35:-0.229
                      36: 0.576
                      37:-0.654
                      38: 0.434
 
 I= 13/2- (4)  6.339  24:-0.130
                      25: 0.175
                      26:-0.094
                      27: 0.102
                      28: 0.236
                      30: 0.063
                      31:-0.311
                      32:-0.615
                      33:-0.094
                      34:-0.623
 
 I= 13/2- (5)  6.451  24: 0.080
                      25:-0.176
                      26: 0.115
                      28:-0.302
                      30:-0.322
                      31: 0.133
                      32: 0.318
                      33:-0.612
                      34:-0.508

             ENERGY     K=-7/2
  32 LEVELS    TIME=  0.0 SEC



 ******************* EXCITATION ENERGIES, DOMINANT CONFIGURATION AND EXPECTATION VALUES (WITH S.P. UU+VV FACTORS) *******************

  NR  Eex(keV)  I   Kdom  NY    <Jz>  <Jx**2> <Jy**2> <Jz**2> <I.j>/|I|  <Rx**2> <Ry**2> <Rz**2> <R.j>/|R|  <HROTx> <HROTy> <HROTz>

   1    0.0   5/2-   5/2  33    1.72    1.78    1.78    5.37    2.45       1.58    1.58    0.00   -0.94      0.192   0.192   0.000
   2   14.4   3/2-  -3/2  32   -1.40    1.50    1.50    2.15    1.48       1.58    1.58   -0.00   -1.28      0.193   0.193  -0.000
   3   92.4   1/2-   1/2  34    0.50    1.13    1.13    0.25    0.84       0.91    0.91    0.00   -1.33      0.111   0.111   0.000
   4  614.8   5/2-  -3/2  32   -0.80    1.52    1.52    2.71    1.13       3.91    3.91   -0.00   -0.86      0.477   0.477  -0.000
   5  630.3   7/2-   5/2  33    1.32    1.91    1.91    4.97    2.08       4.04    4.04    0.00   -0.20      0.492   0.492   0.000
  
   6  756.9   3/2-   1/2  34    0.44    1.23    1.23    0.31   -0.17       3.59    3.59   -0.00   -1.16      0.437   0.437  -0.000
   7  775.8   5/2-   1/2  34    0.48    1.42    1.42    0.40    0.80       3.62    3.62    0.00   -0.32      0.441   0.441   0.000
   8 1244.7   7/2-  -3/2  32   -0.40    1.68    1.68    2.58    1.40       5.29    5.29   -0.00   -0.12      0.645   0.645  -0.000
   9 1273.4   9/2-   5/2  33    0.78    2.76    2.76    4.08    2.37       5.36    5.36    0.00    0.68      0.654   0.654   0.000
  10 1690.6  11/2-   1/2  35   -0.01   28.59   28.59    2.40    7.28       4.12    4.12    0.00   -5.59      0.502   0.502   0.000
  
  11 1833.7   9/2-   9/2  29    3.46    2.79    2.79   18.85    4.48       2.30    2.30    0.00   -1.00      0.280   0.280   0.000
  12 1841.5   1/2-   1/2  30    0.50    3.95    3.95    0.25    0.42       4.08    4.08    0.00   -2.72      0.497   0.497   0.000
  13 1883.1   5/2-  -3/2  31   -0.52    3.74    3.74    1.60    1.69       3.91    3.91    0.00   -1.46      0.477   0.477   0.000
  14 2351.7   7/2-  -7/2  28   -1.40    1.95    1.95    6.37    1.76       6.00    6.00    0.00   -0.94      0.732   0.732   0.000
  15 2395.2   9/2-   1/2  34   -0.15    1.44    1.44    1.08    0.83      10.21   10.21    0.00    0.04      1.244   1.244   0.000
  
  16 2403.4   7/2-  -7/2  28   -1.34    1.85    1.85    6.15    1.54       6.68    6.68    0.00   -1.02      0.815   0.815   0.000
  17 2438.2   9/2-  -3/2  32    0.37    1.88    1.88    3.37    1.08      10.57   10.57   -0.00   -0.38      1.288   1.288  -0.000
  18 2446.1  11/2-   5/2  33    1.10    2.72    2.72    7.03    2.46       9.42    9.42    0.00    0.51      1.149   1.149   0.000
  19 2765.7  11/2-   9/2  29    2.34    2.88    2.88   15.12    3.56       7.01    7.01    0.00    0.11      0.855   0.855   0.000
  20 2880.3   7/2-   1/2  35   -0.00   28.74   28.74    1.99    7.16       9.18    9.18   -0.00   -7.24      1.119   1.119  -0.000
  
  21 3181.4  11/2-  -3/2  32   -0.14    2.08    2.08    2.75    1.63      11.60   11.60   -0.00    0.59      1.414   1.414  -0.000
  22 3186.1   5/2-   1/2  30   -0.17    4.03    4.03    1.04   -0.41      10.14   10.14    0.00   -2.29      1.236   1.236   0.000
  23 3212.4  13/2-   5/2  33    0.41    3.66    3.66    4.10    2.68      11.41   11.41    0.00    1.52      1.390   1.390   0.000
  24 3237.9   9/2-  -7/2  28   -1.86    2.47    2.47    9.56    2.62       6.61    6.61    0.00   -0.41      0.805   0.805   0.000
  25 3551.8   1/2-   1/2  27    0.50    4.59    4.59    0.25    0.66       4.51    4.51   -0.00   -2.95      0.550   0.550  -0.000
  
  26 3840.8  13/2-   9/2  29    2.00    3.60    3.60   15.90    3.74       9.84    9.84    0.00    0.67      1.200   1.200   0.000
  27 3871.6  13/2-   5/2  37   -0.06   27.41   27.41    5.74    6.17      11.58   11.58    0.00   -3.63      1.412   1.412   0.000
  28 4323.3  11/2-  -7/2  28   -2.13    2.47    2.47   10.88    2.64      10.03   10.03    0.00   -0.01      1.222   1.222   0.000
  29 4993.3  13/2-   1/2  34   -0.59    1.61    1.61    2.35    1.04      19.90   19.90   -0.00    0.27      2.427   2.427  -0.000
  30 5105.7  13/2-   5/2  33    0.67    2.09    2.09    4.22    1.18      20.30   20.30    0.00   -0.02      2.475   2.475   0.000
  
  31 8587.6   1/2-   1/2  35    0.50   29.30   29.30    0.25   -4.12      33.37   33.37    0.00   -7.64      4.068   4.068   0.000
  32*******   1/2-  -3/2  32    0.00    0.00    0.00    0.00   -0.00       0.00    0.00    0.00   -0.00      0.000   0.000   0.000
