1SPECTRUM OF (Z= 82 A=207) IN PARTICLE-ROTOR  MODEL WITH MODIFIED OSCILLATOR POTENTIAL


 PARITY=-   EPS= 0.279   GAMMA=  0.0   EPS4=0.000   EPS6=0.000   LEVELS:  24  25  26  27  28  29  30  31  32  33  34  35  36  37  38

 PAIRING FACTORS: GN0= 19.20  GN1=  7.40  IPAIR= 15 ***  E2PLUS(INPUT)=   0.730  E2PLUR(INPUT)=   0.000

 CORIOLIS ATTENUATION PARAMETERS:  CHSI=1.000  ETA=  1.00

 MOMENT OF INERTIA PARAMETERS:   A1=  0.122 MEV   A2=  0.122 MEV   A3=121.91924 MEV


 DELTA=0.949 MEV  LAMBDA=53.3134 MEV   HW0= 7.4802 MEV   LAMBDA/HW0= 7.1272

 E2ENERGY=0.730 MEV  HBAR**2/B=14433./A**(7/3)=2439.9/A**2 MEV

 IREC=0  =>  RECOIL TERMS j+j-, j+j+, jzjz, ETC TREATED AS ONE-BODY OPERATORS WITH UU+VV PAIRING FACTORS



 S. P. LEVEL   EQP       U     V        (UU + VV)**1.00

     24       5.064    0.094 0.996      1.000 1.000 0.999 0.998 0.976 0.969 0.967 0.913 0.866 0.684 0.414 0.367 0.331 0.275 0.273
     25       4.114    0.116 0.993      1.000 1.000 1.000 0.999 0.981 0.974 0.973 0.921 0.877 0.700 0.434 0.388 0.352 0.296 0.294
     26       3.571    0.134 0.991      0.999 1.000 1.000 1.000 0.984 0.978 0.977 0.928 0.886 0.713 0.451 0.404 0.368 0.313 0.311
     27       3.020    0.159 0.987      0.998 0.999 1.000 1.000 0.988 0.983 0.982 0.938 0.897 0.730 0.473 0.427 0.392 0.337 0.335
     28       1.625    0.307 0.952      0.976 0.981 0.984 0.988 1.000 1.000 0.999 0.979 0.954 0.825 0.601 0.559 0.527 0.476 0.474
     29       1.499    0.336 0.942      0.969 0.974 0.978 0.983 1.000 1.000 1.000 0.985 0.963 0.842 0.626 0.585 0.553 0.503 0.501
     30       1.473    0.343 0.939      0.967 0.973 0.977 0.982 0.999 1.000 1.000 0.986 0.965 0.846 0.631 0.591 0.559 0.510 0.507
     31       1.107    0.493 0.870      0.913 0.921 0.928 0.938 0.979 0.985 0.986 1.000 0.995 0.922 0.750 0.715 0.688 0.644 0.642
     32       1.006    0.579 0.816      0.866 0.877 0.886 0.897 0.954 0.963 0.965 0.995 1.000 0.957 0.813 0.782 0.758 0.718 0.717
     33       0.981    0.791 0.612      0.684 0.700 0.713 0.730 0.825 0.842 0.846 0.922 0.957 1.000 0.947 0.930 0.915 0.890 0.888
     34       1.537    0.945 0.327      0.414 0.434 0.451 0.473 0.601 0.626 0.631 0.750 0.813 0.947 1.000 0.999 0.996 0.989 0.989
     35       1.779    0.961 0.278      0.367 0.388 0.404 0.427 0.559 0.585 0.591 0.715 0.782 0.930 0.999 1.000 0.999 0.995 0.995
     36       2.034    0.971 0.240      0.331 0.352 0.368 0.392 0.527 0.553 0.559 0.688 0.758 0.915 0.996 0.999 1.000 0.998 0.998
     37       2.635    0.983 0.183      0.275 0.296 0.313 0.337 0.476 0.503 0.510 0.644 0.718 0.890 0.989 0.995 0.998 1.000 1.000
     38       2.668    0.984 0.181      0.273 0.294 0.311 0.335 0.474 0.501 0.507 0.642 0.717 0.888 0.989 0.995 0.998 1.000 1.000

  R CORE   ENERGY   A0R/A00=1.000    R3= 0     2  
   2( 1)    0.732                    1.000 0.000
   2( 2)  487.921                    0.000 1.000

  R CORE   ENERGY   A0R/A00=1.000    R3= 0     2  
   3( 1)  488.652                    0.000 1.000

  R CORE   ENERGY   A0R/A00=1.000    R3= 0     2     4  
   4( 1)    2.438                    1.000 0.000 0.000

  R CORE   ENERGY   A0R/A00=1.000    R3= 0     2     4  
   5( 1)  490.847                    0.000 1.000 0.000

  R CORE   ENERGY   A0R/A00=1.000    R3= 0     2     4     6  
   6( 1)    5.121                    1.000 0.000 0.000 0.000

  R CORE   ENERGY   A0R/A00=1.000    R3= 0     2     4     6  
   7( 1)  494.017                    0.000 1.000 0.000 0.000

          AXIAL SYMMETRY => K RESTRICTED TO OMEGA

                     K
     S.P. ORB#: 24  2.50
     S.P. ORB#: 25  0.50
     S.P. ORB#: 26  2.50
     S.P. ORB#: 27 -3.50
     S.P. ORB#: 28  0.50
     S.P. ORB#: 29 -3.50
     S.P. ORB#: 30 -1.50
     S.P. ORB#: 31  4.50
     S.P. ORB#: 32  0.50
     S.P. ORB#: 33 -1.50
     S.P. ORB#: 34  2.50
     S.P. ORB#: 35 -1.50
     S.P. ORB#: 36  2.50
     S.P. ORB#: 37 -3.50
     S.P. ORB#: 38  0.50
 

             ENERGY    K= OMEGA
 
 I=  1/2- (1)  2.789  28:-0.983
                      38:-0.179
 
 I=  1/2- (2)  2.986  25:-0.067
                      28: 0.177
                      38:-0.982
 
 I=  1/2- (3)  5.568  25: 0.997
                      38:-0.061
 
 I=  1/2- (4)  8.140  32: 1.000
 
 I=  1/2- (5)147.284  33:-1.000

             ENERGY    K= OMEGA
 
 I=  3/2- (1)  2.247  25: 0.097
                      28: 0.350
                      30: 0.210
                      35: 0.902
                      38:-0.100
 
 I=  3/2- (2)  2.645  25:-0.077
                      28: 0.285
                      30:-0.945
                      35: 0.125
                      38: 0.070

             ENERGY    K= OMEGA
 
 I=  5/2- (1)  2.380  25:-0.168
                      28: 0.322
                      30: 0.497
                      35:-0.377
                      36:-0.682
                      38: 0.116
 
 I=  5/2- (2)  2.866  24:-0.052
                      25: 0.126
                      26:-0.059
                      30:-0.544
                      35:-0.803
                      38:-0.190
 
 I=  5/2- (3)  2.996  24: 0.051
                      25:-0.186
                      28: 0.490
                      30: 0.327
                      35:-0.277
                      36: 0.705
                      38: 0.205
 
 I=  5/2- (4)  3.812  25: 0.161
                      30:-0.304
                      36:-0.098
                      38: 0.932
 
 I=  5/2- (5)  4.155  24: 0.058
                      25: 0.095
                      28:-0.777
                      30: 0.438
                      35:-0.367
                      36: 0.163
                      38: 0.175

             ENERGY    K= OMEGA
 
 I=  7/2- (1)  2.251  26:-0.217
                      27: 0.081
                      29: 0.970
 
 I=  7/2- (2)  3.046  27:-0.072
                      28: 0.284
                      30:-0.434
                      35: 0.468
                      36:-0.709
 
 I=  7/2- (3)  3.213  32: 0.738
                      33: 0.572
                      34: 0.334
                      37: 0.131
 
 I=  7/2- (4)  3.313  24:-0.070
                      25: 0.283
                      27: 0.054
                      28: 0.501
                      29:-0.065
                      30: 0.502
                      35: 0.552
                      36: 0.237
                      38:-0.205
 
 I=  7/2- (5)  4.149  24:-0.150
                      27: 0.131
                      28:-0.512
                      30: 0.622
                      35: 0.090
                      36:-0.550

             ENERGY    K= OMEGA
 
 I=  9/2- (1)  1.899  24: 0.060
                      26:-0.059
                      27: 0.253
                      29:-0.167
                      31:-0.949
 
 I=  9/2- (2)  3.135  24: 0.079
                      25:-0.071
                      26: 0.289
                      27: 0.132
                      28: 0.077
                      29: 0.907
                      30: 0.161
                      31:-0.131
                      36:-0.118
 
 I=  9/2- (3)  3.409  24:-0.076
                      25: 0.319
                      26: 0.071
                      28:-0.432
                      29: 0.211
                      30:-0.596
                      31:-0.084
                      35: 0.288
                      36: 0.419
                      38:-0.182
 
 I=  9/2- (4)  4.462  32: 0.245
                      33:-0.607
                      34: 0.646
                      37:-0.393
 
 I=  9/2- (5)  4.572  24:-0.095
                      25: 0.188
                      26:-0.056
                      29: 0.066
                      30:-0.404
                      35:-0.717
                      36:-0.437
                      38:-0.276

             ENERGY    K= OMEGA
 
 I= 11/2- (1)  2.384  32: 0.695
                      33: 0.574
                      34: 0.388
                      37: 0.190
 
 I= 11/2- (2)  2.867  24: 0.105
                      26:-0.096
                      27:-0.354
                      29: 0.219
                      31:-0.897
 
 I= 11/2- (3)  4.244  24:-0.108
                      25: 0.050
                      26:-0.343
                      27: 0.171
                      29: 0.881
                      30: 0.146
                      31: 0.163
                      36: 0.109
 
 I= 11/2- (4)  4.920  24:-0.107
                      25: 0.089
                      26: 0.074
                      27: 0.087
                      28:-0.256
                      29:-0.127
                      30: 0.553
                      31:-0.134
                      35:-0.402
                      36: 0.632
 
 I= 11/2- (5)  5.140  24: 0.087
                      25:-0.363
                      28:-0.596
                      29: 0.146
                      30:-0.416
                      31: 0.073
                      35:-0.500
                      36:-0.070
                      38: 0.222

             ENERGY    K= OMEGA
 
 I= 13/2- (1)  4.028  24: 0.150
                      26:-0.123
                      27: 0.424
                      29:-0.241
                      30: 0.073
                      31:-0.845
 
 I= 13/2- (2)  4.620  32: 0.231
                      33:-0.586
                      34: 0.654
                      37:-0.420
 
 I= 13/2- (3)  5.224  24:-0.135
                      25: 0.384
                      26:-0.127
                      27:-0.085
                      28:-0.429
                      29:-0.291
                      30:-0.596
                      31:-0.074
                      35: 0.197
                      36: 0.328
                      38:-0.189
 
 I= 13/2- (4)  5.644  24:-0.076
                      25:-0.135
                      26:-0.366
                      27:-0.170
                      28: 0.188
                      29:-0.818
                      30: 0.153
                      31: 0.224
                      35:-0.160
                      36:-0.077
                      38: 0.066
 
 I= 13/2- (5)  7.259  24:-0.089
                      25: 0.189
                      29: 0.092
                      30:-0.293
                      35:-0.704
                      36:-0.521
                      38:-0.301

             ENERGY     K= 1/2
  32 LEVELS    TIME=  0.0 SEC



 ******************* EXCITATION ENERGIES, DOMINANT CONFIGURATION AND EXPECTATION VALUES (WITH S.P. UU+VV FACTORS) *******************

  NR  Eex(keV)  I   Kdom  NY    <Jz>  <Jx**2> <Jy**2> <Jz**2> <I.j>/|I|  <Rx**2> <Ry**2> <Rz**2> <R.j>/|R|  <HROTx> <HROTy> <HROTz>

   1    0.0   9/2-   9/2  31    3.75    2.66    2.66   19.40    4.45       2.60    2.60    0.00   -1.14      0.317   0.317   0.000
   2  348.1   3/2-  -3/2  35   -1.22    1.98    1.98    1.97    1.50       1.92    1.92   -0.00   -1.53      0.235   0.235  -0.000
   3  351.9   7/2-  -7/2  29   -3.19    2.28    2.28   11.93    3.40       2.62    2.62   -0.00   -1.31      0.319   0.319  -0.000
   4  481.4   5/2-   5/2  36    0.65    3.12    3.12    3.82    2.49       2.03    2.03    0.00   -1.33      0.248   0.248   0.000
   5  485.6  11/2-   1/2  32   -0.00   25.67   25.67    2.25    6.62       5.12    5.12    0.00   -4.39      0.624   0.624   0.000
  
   6  746.4   3/2-  -3/2  30   -1.32    4.58    4.58    2.07    1.46       4.65    4.65    0.00   -2.75      0.567   0.567   0.000
   7  890.4   1/2-   1/2  28    0.50    4.52    4.52    0.25    0.45       4.63    4.63    0.00   -2.93      0.564   0.564   0.000
   8  967.5   5/2-  -3/2  35   -1.37    2.23    2.23    2.17    1.08       4.48    4.48   -0.00   -1.14      0.547   0.547  -0.001
   9  968.4  11/2-   9/2  31    3.07    3.05    3.05   18.55    4.07       5.88    5.88    0.00   -0.10      0.717   0.717   0.000
  10 1087.2   1/2-   1/2  38    0.50    1.46    1.46    0.25    0.64       1.41    1.41   -0.00   -1.56      0.172   0.172  -0.000
  
  11 1097.5   5/2-   5/2  36    1.13    3.11    3.11    3.62    1.71       4.24    4.24    0.00   -1.64      0.517   0.517   0.000
  12 1147.1   7/2-   5/2  36    0.67    2.74    2.74    4.17    1.97       4.90    4.90    0.00   -0.59      0.597   0.597   0.001
  13 1236.4   9/2-  -7/2  29   -2.64    2.47    2.47   11.35    2.97       5.74    5.74   -0.00   -0.45      0.699   0.699  -0.000
  14 1313.8   7/2-   1/2  32    0.00   25.69   25.69    1.78    6.48       8.73    8.73    0.00   -6.57      1.064   1.064   0.000
  15 1414.4   7/2-  -3/2  35   -0.52    3.06    3.06    1.82    1.55       5.70    5.70   -0.00   -0.53      0.695   0.695  -0.001
  
  16 1510.2   9/2-  -3/2  30   -0.16    4.30    4.30    2.94    2.46       5.92    5.92    0.00    0.20      0.722   0.722   0.000
  17 1913.3   5/2-   1/2  38    0.34    1.71    1.71    0.50    0.45       5.00    5.00    0.00   -0.82      0.610   0.610   0.000
  18 2129.4  13/2-   9/2  31    2.47    3.44    3.44   17.64    3.83       9.92    9.92    0.00    0.49      1.210   1.210   0.000
  19 2250.3   7/2-  -3/2  30    0.29    3.59    3.59    3.21    0.86       9.66    9.66   -0.00   -1.59      1.177   1.177  -0.000
  20 2255.8   5/2-   1/2  28   -0.09    4.14    4.14    1.08   -0.35      10.10   10.10    0.00   -2.32      1.231   1.231   0.000
  
  21 2345.0  11/2-  -7/2  29   -2.38    2.54    2.54   11.34    2.71       9.89    9.89   -0.00   -0.05      1.206   1.206  -0.000
  22 2563.1   9/2-   5/2  34   -0.02   25.56   25.56    5.34    5.70      12.27   12.27   -0.00   -5.68      1.496   1.496  -0.000
  23 2673.0   9/2-  -3/2  35   -0.47    2.14    2.14    2.89    1.06      10.70   10.70   -0.00   -0.41      1.305   1.305  -0.001
  24 2721.7  13/2-   5/2  34   -0.04   25.52   25.52    5.61    5.72      12.75   12.75    0.00   -3.31      1.555   1.555   0.000
  25 3021.0  11/2-   5/2  36    0.38    3.29    3.29    4.33    1.79      12.65   12.65    0.00   -0.05      1.542   1.542   0.001
  
  26 3241.6  11/2-   1/2  28   -0.39    3.33    3.33    1.55    1.55      12.71   12.71   -0.00    0.21      1.550   1.550  -0.001
  27 3325.6  13/2-  -3/2  30   -0.35    4.56    4.56    3.10    2.54      12.75   12.75    0.00    1.09      1.555   1.555   0.000
  28 3669.3   1/2-   1/2  25    0.50    6.10    6.10    0.25    0.69       6.00    6.00   -0.00   -3.42      0.732   0.732  -0.000
  29 3745.3  13/2-  -7/2  29   -1.90    2.81    2.81   10.59    2.45      15.41   15.41   -0.00    0.16      1.878   1.878  -0.000
  30 5360.6  13/2-  -3/2  35   -0.13    1.99    1.99    3.22    0.92      21.51   21.51   -0.00   -0.11      2.623   2.623  -0.001
  
  31 6240.9   1/2-   1/2  32    0.50   25.50   25.50    0.25   -3.76      29.26   29.26    0.00   -7.13      3.567   3.567   0.000
  32*******   1/2-  -3/2  33    0.00    0.00    0.00    0.00   -0.00       0.00    0.00   -0.00   -0.00      0.000   0.000  -0.000
