1SPECTRUM OF (Z= 82 A=207) IN PARTICLE-ROTOR  MODEL WITH MODIFIED OSCILLATOR POTENTIAL


 PARITY=-   EPS= 0.371   GAMMA=  0.0   EPS4=0.000   EPS6=0.000   LEVELS:  25  26  27  28  29  30  31  32  33  34  35  36  37  38  39

 PAIRING FACTORS: GN0= 19.20  GN1=  7.40  IPAIR= 15 ***  E2PLUS(INPUT)=   0.730  E2PLUR(INPUT)=   0.000

 CORIOLIS ATTENUATION PARAMETERS:  CHSI=1.000  ETA=  1.00

 MOMENT OF INERTIA PARAMETERS:   A1=  0.122 MEV   A2=  0.122 MEV   A3=121.91923 MEV


 DELTA=0.873 MEV  LAMBDA=53.4315 MEV   HW0= 7.5378 MEV   LAMBDA/HW0= 7.0885

 E2ENERGY=0.730 MEV  HBAR**2/B=25521./A**(7/3)=4314.3/A**2 MEV

 IREC=0  =>  RECOIL TERMS j+j-, j+j+, jzjz, ETC TREATED AS ONE-BODY OPERATORS WITH UU+VV PAIRING FACTORS



 S. P. LEVEL   EQP       U     V        (UU + VV)**1.00

     25       4.141    0.106 0.994      1.000 0.999 0.998 0.997 0.985 0.946 0.919 0.751 0.686 0.487 0.356 0.317 0.250 0.238 0.223
     26       2.925    0.151 0.989      0.999 1.000 1.000 0.999 0.992 0.960 0.936 0.781 0.718 0.526 0.398 0.359 0.294 0.282 0.266
     27       2.563    0.173 0.985      0.998 1.000 1.000 1.000 0.995 0.966 0.944 0.794 0.733 0.545 0.418 0.380 0.315 0.303 0.288
     28       2.366    0.188 0.982      0.997 0.999 1.000 1.000 0.996 0.970 0.949 0.803 0.744 0.558 0.432 0.394 0.330 0.317 0.302
     29       1.659    0.273 0.962      0.985 0.992 0.995 0.996 1.000 0.987 0.973 0.853 0.799 0.629 0.510 0.473 0.411 0.399 0.385
     30       1.140    0.422 0.906      0.946 0.960 0.966 0.970 0.987 1.000 0.997 0.925 0.885 0.744 0.640 0.607 0.551 0.540 0.526
     31       1.024    0.488 0.873      0.919 0.936 0.944 0.949 0.973 0.997 1.000 0.950 0.917 0.791 0.695 0.664 0.611 0.601 0.588
     32       0.876    0.736 0.677      0.751 0.781 0.794 0.803 0.853 0.925 0.950 1.000 0.996 0.942 0.884 0.864 0.827 0.820 0.811
     33       0.906    0.796 0.605      0.686 0.718 0.733 0.744 0.799 0.885 0.917 0.996 1.000 0.970 0.924 0.908 0.876 0.870 0.862
     34       1.211    0.920 0.392      0.487 0.526 0.545 0.558 0.629 0.744 0.791 0.942 0.970 1.000 0.990 0.983 0.967 0.964 0.960
     35       1.770    0.967 0.255      0.356 0.398 0.418 0.432 0.510 0.640 0.695 0.884 0.924 0.990 1.000 0.999 0.994 0.992 0.990
     36       2.085    0.977 0.214      0.317 0.359 0.380 0.394 0.473 0.607 0.664 0.864 0.908 0.983 0.999 1.000 0.998 0.997 0.995
     37       3.013    0.989 0.146      0.250 0.294 0.315 0.330 0.411 0.551 0.611 0.827 0.876 0.967 0.994 0.998 1.000 1.000 1.000
     38       3.298    0.991 0.134      0.238 0.282 0.303 0.317 0.399 0.540 0.601 0.820 0.870 0.964 0.992 0.997 1.000 1.000 1.000
     39       3.727    0.993 0.118      0.223 0.266 0.288 0.302 0.385 0.526 0.588 0.811 0.862 0.960 0.990 0.995 1.000 1.000 1.000

  R CORE   ENERGY   A0R/A00=1.000    R3= 0     2  
   2( 1)    0.732                    1.000 0.000
   2( 2)  487.921                    0.000 1.000

  R CORE   ENERGY   A0R/A00=1.000    R3= 0     2  
   3( 1)  488.652                    0.000 1.000

  R CORE   ENERGY   A0R/A00=1.000    R3= 0     2     4  
   4( 1)    2.438                    1.000 0.000 0.000

  R CORE   ENERGY   A0R/A00=1.000    R3= 0     2     4  
   5( 1)  490.847                    0.000 1.000 0.000

  R CORE   ENERGY   A0R/A00=1.000    R3= 0     2     4     6  
   6( 1)    5.121                    1.000 0.000 0.000 0.000

  R CORE   ENERGY   A0R/A00=1.000    R3= 0     2     4     6  
   7( 1)  494.017                    0.000 1.000 0.000 0.000

          AXIAL SYMMETRY => K RESTRICTED TO OMEGA

                     K
     S.P. ORB#: 25 -5.50
     S.P. ORB#: 26  2.50
     S.P. ORB#: 27  0.50
     S.P. ORB#: 28 -3.50
     S.P. ORB#: 29 -1.50
     S.P. ORB#: 30  0.50
     S.P. ORB#: 31 -1.50
     S.P. ORB#: 32  2.50
     S.P. ORB#: 33 -3.50
     S.P. ORB#: 34  4.50
     S.P. ORB#: 35  0.50
     S.P. ORB#: 36 -3.50
     S.P. ORB#: 37 -1.50
     S.P. ORB#: 38  2.50
     S.P. ORB#: 39  0.50
 

             ENERGY    K= OMEGA
 
 I=  1/2- (1)  2.426  30:-1.000
 
 I=  1/2- (2)  4.746  27:-0.200
                      35: 0.906
                      39:-0.373
 
 I=  1/2- (3)  7.526  27:-0.430
                      35: 0.261
                      39: 0.864
 
 I=  1/2- (4)  9.214  27: 0.880
                      35: 0.334
                      39: 0.337
 
 I=  1/2- (5)147.327  31:-1.000

             ENERGY    K= OMEGA
 
 I=  3/2- (1)  2.317  30:-0.441
                      31: 0.897
 
 I=  3/2- (2)  2.680  30:-0.859
                      31:-0.430
                      37:-0.276

             ENERGY    K= OMEGA
 
 I=  5/2- (1)  2.764  30: 0.397
                      31: 0.869
                      37:-0.095
                      38:-0.277
 
 I=  5/2- (2)  3.385  26:-0.058
                      30: 0.810
                      31:-0.385
                      37:-0.428
                      38: 0.092
 
 I=  5/2- (3)  4.030  26:-0.094
                      30:-0.242
                      31:-0.200
                      37:-0.444
                      38:-0.834
 
 I=  5/2- (4)  4.564  26:-0.342
                      30:-0.339
                      31: 0.236
                      37:-0.709
                      38: 0.458
 
 I=  5/2- (5)  4.740  26: 0.933
                      30:-0.113
                      37:-0.328
                      38: 0.100

             ENERGY    K= OMEGA
 
 I=  7/2- (1)  1.760  26:-0.167
                      33: 0.984
 
 I=  7/2- (2)  3.338  30:-0.550
                      31: 0.742
                      37:-0.199
                      38: 0.325
 
 I=  7/2- (3)  3.906  27: 0.649
                      29: 0.586
                      32: 0.443
                      36: 0.197
 
 I=  7/2- (4)  4.036  26:-0.072
                      30: 0.717
                      31: 0.532
                      37: 0.383
                      38: 0.225
 
 I=  7/2- (5)  4.244  26:-0.199
                      28:-0.967
                      31: 0.061
                      37: 0.055
                      38:-0.125

             ENERGY    K= OMEGA
 
 I=  9/2- (1)  2.133  26:-0.086
                      28: 0.165
                      33:-0.328
                      34:-0.926
 
 I=  9/2- (2)  2.795  26:-0.225
                      28:-0.096
                      33:-0.911
                      34: 0.327
 
 I=  9/2- (3)  4.286  30: 0.437
                      31: 0.767
                      33:-0.055
                      37:-0.220
                      38:-0.408
 
 I=  9/2- (4)  4.693  27:-0.212
                      29: 0.549
                      32:-0.685
                      36: 0.429
 
 I=  9/2- (5)  5.250  26: 0.132
                      28:-0.130
                      30:-0.671
                      31: 0.456
                      33:-0.055
                      37: 0.531
                      38:-0.149

             ENERGY    K= OMEGA
 
 I= 11/2- (1)  3.261  26:-0.138
                      28:-0.224
                      33: 0.423
                      34:-0.867
 
 I= 11/2- (2)  3.306  27:-0.633
                      29:-0.584
                      32:-0.447
                      35:-0.081
                      36:-0.228
 
 I= 11/2- (3)  4.059  26: 0.262
                      28:-0.143
                      31:-0.059
                      33:-0.851
                      34:-0.421
                      38:-0.068
 
 I= 11/2- (4)  5.284  30: 0.563
                      31:-0.668
                      33: 0.069
                      37: 0.285
                      38:-0.387
 
 I= 11/2- (5)  5.484  25: 0.999

             ENERGY    K= OMEGA
 
 I= 13/2- (1)  4.615  26: 0.182
                      28:-0.264
                      33: 0.475
                      34: 0.818
 
 I= 13/2- (2)  5.198  27:-0.215
                      29: 0.553
                      32:-0.676
                      36: 0.437
 
 I= 13/2- (3)  5.552  26:-0.288
                      28:-0.184
                      31:-0.081
                      33:-0.802
                      34: 0.473
                      38: 0.088
 
 I= 13/2- (4)  6.753  30:-0.447
                      31:-0.705
                      33: 0.095
                      34:-0.053
                      37: 0.290
                      38: 0.454
 
 I= 13/2- (5)  7.071  25: 0.998

             ENERGY     K= 1/2
  32 LEVELS    TIME=  0.0 SEC



 ******************* EXCITATION ENERGIES, DOMINANT CONFIGURATION AND EXPECTATION VALUES (WITH S.P. UU+VV FACTORS) *******************

  NR  Eex(keV)  I   Kdom  NY    <Jz>  <Jx**2> <Jy**2> <Jz**2> <I.j>/|I|  <Rx**2> <Ry**2> <Rz**2> <R.j>/|R|  <HROTx> <HROTy> <HROTz>

   1    0.0   7/2-  -7/2  33   -3.33    2.31    2.31   12.07    3.27       3.25    3.25   -0.00   -1.46      0.397   0.397  -0.000
   2  373.1   9/2-   9/2  34    3.40    2.50    2.50   19.06    4.16       3.74    3.74    0.00   -1.24      0.456   0.456   0.000
   3  556.3   3/2-  -3/2  31   -1.11    4.90    4.90    1.86    1.29       5.20    5.20   -0.00   -2.84      0.634   0.634  -0.000
   4  666.1   1/2-   1/2  30    0.50    4.87    4.87    0.25    0.11       5.28    5.28    0.00   -3.05      0.643   0.643   0.000
   5  919.4   3/2-   1/2  30   -0.02    4.55    4.55    0.77    0.51       5.82    5.82   -0.00   -2.60      0.709   0.709  -0.000
  
   6 1003.8   5/2-  -3/2  31   -0.87    4.68    4.68    2.25    1.33       6.26    6.26   -0.00   -2.17      0.763   0.763  -0.000
   7 1035.2   9/2-  -7/2  33   -2.32    2.38    2.38   12.77    2.82       7.12    7.12    0.00   -0.93      0.868   0.868   0.000
   8 1500.6  11/2-   9/2  34    2.62    2.68    2.68   18.16    3.58       8.25    8.25    0.00   -0.52      1.006   1.006   0.000
   9 1545.6  11/2-   1/2  27    0.01   23.51   23.51    2.75    6.18       5.81    5.81    0.00   -3.76      0.708   0.708   0.000
  10 1577.4   7/2-  -3/2  31   -0.48    4.55    4.55    2.09    1.37       8.03    8.03   -0.00   -1.43      0.979   0.979  -0.000
  
  11 1625.2   5/2-   1/2  30   -0.14    4.16    4.16    0.98    0.42       7.77    7.77   -0.00   -2.04      0.948   0.948  -0.000
  12 2145.5   7/2-   1/2  27    0.05   23.07   23.07    2.58    6.05       8.21    8.21    0.00   -6.09      1.001   1.001   0.000
  13 2269.7   5/2-   5/2  38    1.43    2.08    2.08    4.95    1.62       4.14    4.14   -0.00   -1.50      0.504   0.504  -0.000
  14 2276.1   7/2-   1/2  30   -0.25    4.12    4.12    1.46    0.59      10.40   10.40   -0.00   -1.62      1.268   1.268  -0.000
  15 2298.3  11/2-  -7/2  33   -1.64    2.46    2.46   13.20    2.50      11.96   11.96    0.00   -0.64      1.458   1.458   0.000
  
  16 2483.8   7/2-  -7/2  28   -3.15    6.12    6.12   11.82    3.11       7.58    7.58   -0.00   -3.02      0.924   0.924  -0.000
  17 2525.6   9/2-  -3/2  31   -0.46    4.35    4.35    2.58    1.34      11.33   11.33   -0.00   -0.96      1.381   1.381  -0.000
  18 2803.4   5/2-  -3/2  37    0.04    2.96    2.96    3.33    0.51       7.49    7.49    0.00   -2.00      0.914   0.914   0.000
  19 2854.7  13/2-   9/2  34    2.05    2.84    2.84   17.42    3.19      13.67   13.67    0.00   -0.16      1.666   1.666   0.000
  20 2933.1   9/2-   5/2  32    0.10   23.96   23.96    5.87    5.19      13.46   13.46    0.00   -5.39      1.641   1.641   0.000
  
  21 2980.0   5/2-   5/2  26    2.04    5.54    5.54    5.74    1.79       7.48    7.48    0.00   -2.98      0.912   0.912   0.000
  22 2986.1   1/2-   1/2  35    0.50   11.22   11.22    0.25    0.88      10.96   10.96    0.00   -4.68      1.336   1.336   0.000
  23 3437.9  13/2-   5/2  32    0.04   23.96   23.96    5.90    5.13      15.47   15.47   -0.00   -3.24      1.886   1.886  -0.000
  24 3489.6   9/2-   1/2  30   -0.48    3.78    3.78    1.71    0.53      14.39   14.39   -0.00   -1.24      1.754   1.754  -0.000
  25 3523.9  11/2-  -3/2  31   -0.27    4.30    4.30    2.30    1.35      15.26   15.26    0.00   -0.51      1.860   1.860   0.000
  
  26 3724.0  11/2- -11/2  25   -5.49    2.75    2.75   30.23    5.05       5.52    5.52    0.00   -1.66      0.674   0.674   0.000
  27 3791.9  13/2-  -7/2  33   -1.15    2.55    2.55   13.44    2.27      17.79   17.79    0.00   -0.45      2.169   2.169   0.000
  28 4992.8  13/2-  -3/2  31   -0.28    4.12    4.12    2.84    1.31      20.79   20.79    0.00   -0.30      2.534   2.534   0.000
  29 5310.8  13/2- -11/2  25   -5.48    2.75    2.75   30.20    4.32      12.05   12.05    0.00   -1.13      1.469   1.469   0.000
  30 5765.4   1/2-   1/2  39    0.50   15.99   15.99    0.25   -0.60      17.01   17.01    0.00   -5.61      2.074   2.074   0.000
  
  31 7453.7   1/2-   1/2  27    0.50   23.67   23.67    0.25   -3.38      27.09   27.09    0.00   -6.86      3.303   3.303   0.000
  32*******   1/2-  -3/2  31    0.00    0.00    0.00    0.00    0.00       0.00    0.00    0.00   -0.00      0.000   0.000   0.000
