1SPECTRUM OF (Z= 82 A=207) IN PARTICLE-ROTOR  MODEL WITH MODIFIED OSCILLATOR POTENTIAL


 PARITY=-   EPS= 0.475   GAMMA=  0.0   EPS4=0.000   EPS6=0.000   LEVELS:  25  26  27  28  29  30  31  32  33  34  35  36  37  38  39

 PAIRING FACTORS: GN0= 19.20  GN1=  7.40  IPAIR= 15 ***  E2PLUS(INPUT)=   0.730  E2PLUR(INPUT)=   0.000

 CORIOLIS ATTENUATION PARAMETERS:  CHSI=1.000  ETA=  1.00

 MOMENT OF INERTIA PARAMETERS:   A1=  0.122 MEV   A2=  0.122 MEV   A3=121.91924 MEV


 DELTA=0.847 MEV  LAMBDA=53.4526 MEV   HW0= 7.6285 MEV   LAMBDA/HW0= 7.0070

 E2ENERGY=0.730 MEV  HBAR**2/B=41835./A**(7/3)=7072.1/A**2 MEV

 IREC=0  =>  RECOIL TERMS j+j-, j+j+, jzjz, ETC TREATED AS ONE-BODY OPERATORS WITH UU+VV PAIRING FACTORS



 S. P. LEVEL   EQP       U     V        (UU + VV)**1.00

     25       4.133    0.103 0.995      1.000 1.000 0.996 0.992 0.977 0.972 0.934 0.670 0.594 0.355 0.304 0.286 0.260 0.250 0.199
     26       3.334    0.128 0.992      1.000 1.000 0.998 0.995 0.982 0.978 0.942 0.688 0.614 0.378 0.328 0.310 0.285 0.274 0.224
     27       2.266    0.190 0.982      0.996 0.998 1.000 0.999 0.992 0.989 0.962 0.733 0.662 0.436 0.387 0.370 0.344 0.334 0.285
     28       1.930    0.225 0.974      0.992 0.995 0.999 1.000 0.996 0.994 0.971 0.756 0.689 0.468 0.419 0.402 0.378 0.368 0.319
     29       1.419    0.315 0.949      0.977 0.982 0.992 0.996 1.000 1.000 0.989 0.814 0.753 0.548 0.502 0.486 0.462 0.452 0.405
     30       1.353    0.332 0.943      0.972 0.978 0.989 0.994 1.000 1.000 0.991 0.824 0.765 0.563 0.517 0.502 0.478 0.468 0.422
     31       1.050    0.452 0.892      0.934 0.942 0.962 0.971 0.989 0.991 1.000 0.891 0.842 0.666 0.625 0.610 0.589 0.580 0.537
     32       0.890    0.808 0.589      0.670 0.688 0.733 0.756 0.814 0.824 0.891 1.000 0.995 0.932 0.911 0.903 0.891 0.886 0.861
     33       0.969    0.862 0.507      0.594 0.614 0.662 0.689 0.753 0.765 0.842 0.995 1.000 0.963 0.947 0.941 0.932 0.928 0.907
     34       1.709    0.967 0.257      0.355 0.378 0.436 0.468 0.548 0.563 0.666 0.932 0.963 1.000 0.999 0.997 0.995 0.994 0.987
     35       2.122    0.979 0.204      0.304 0.328 0.387 0.419 0.502 0.517 0.625 0.911 0.947 0.999 1.000 1.000 0.999 0.998 0.994
     36       2.320    0.983 0.186      0.286 0.310 0.370 0.402 0.486 0.502 0.610 0.903 0.941 0.997 1.000 1.000 1.000 0.999 0.996
     37       2.693    0.987 0.159      0.260 0.285 0.344 0.378 0.462 0.478 0.589 0.891 0.932 0.995 0.999 1.000 1.000 1.000 0.998
     38       2.884    0.989 0.149      0.250 0.274 0.334 0.368 0.452 0.468 0.580 0.886 0.928 0.994 0.998 0.999 1.000 1.000 0.999
     39       4.394    0.995 0.097      0.199 0.224 0.285 0.319 0.405 0.422 0.537 0.861 0.907 0.987 0.994 0.996 0.998 0.999 1.000

  R CORE   ENERGY   A0R/A00=1.000    R3= 0     2  
   2( 1)    0.732                    1.000 0.000
   2( 2)  487.921                    0.000 1.000

  R CORE   ENERGY   A0R/A00=1.000    R3= 0     2  
   3( 1)  488.652                    0.000 1.000

  R CORE   ENERGY   A0R/A00=1.000    R3= 0     2     4  
   4( 1)    2.438                    1.000 0.000 0.000

  R CORE   ENERGY   A0R/A00=1.000    R3= 0     2     4  
   5( 1)  490.847                    0.000 1.000 0.000

  R CORE   ENERGY   A0R/A00=1.000    R3= 0     2     4     6  
   6( 1)    5.121                    1.000 0.000 0.000 0.000

  R CORE   ENERGY   A0R/A00=1.000    R3= 0     2     4     6  
   7( 1)  494.017                    0.000 1.000 0.000 0.000

          AXIAL SYMMETRY => K RESTRICTED TO OMEGA

                     K
     S.P. ORB#: 25  0.50
     S.P. ORB#: 26 -1.50
     S.P. ORB#: 27 -5.50
     S.P. ORB#: 28  2.50
     S.P. ORB#: 29 -3.50
     S.P. ORB#: 30  2.50
     S.P. ORB#: 31  0.50
     S.P. ORB#: 32  0.50
     S.P. ORB#: 33 -1.50
     S.P. ORB#: 34 -3.50
     S.P. ORB#: 35  0.50
     S.P. ORB#: 36 -3.50
     S.P. ORB#: 37 -1.50
     S.P. ORB#: 38  4.50
     S.P. ORB#: 39  4.50
 

             ENERGY    K= OMEGA
 
 I=  1/2- (1)  2.266  32: 0.999
 
 I=  1/2- (2)  4.270  31:-0.926
                      35: 0.377
 
 I=  1/2- (3)  5.927  25: 0.999
 
 I=  1/2- (4)  6.400  31:-0.377
                      35:-0.926
 
 I=  1/2- (5)147.272  33:-1.000

             ENERGY    K= OMEGA
 
 I=  3/2- (1)  2.300  32: 0.662
                      33:-0.749
 
 I=  3/2- (2)  2.518  25:-0.149
                      32:-0.740
                      33:-0.656

             ENERGY    K= OMEGA
 
 I=  5/2- (1)  2.726  25: 0.203
                      28:-0.070
                      32:-0.522
                      33:-0.825
 
 I=  5/2- (2)  3.470  25: 0.057
                      28: 0.169
                      32:-0.832
                      33: 0.526
 
 I=  5/2- (3)  3.750  28:-0.983
                      32:-0.106
                      33: 0.148
 
 I=  5/2- (4)  4.592  26:-0.122
                      30: 0.101
                      31: 0.827
                      35:-0.479
                      37:-0.247
 
 I=  5/2- (5)  6.336  26: 0.483
                      30:-0.844
                      35:-0.231

             ENERGY    K= OMEGA
 
 I=  7/2- (1)  3.200  28: 0.244
                      29:-0.099
                      33:-0.067
                      36:-0.962
 
 I=  7/2- (2)  3.352  28: 0.188
                      29: 0.976
                      32: 0.051
                      33:-0.085
 
 I=  7/2- (3)  3.515  29: 0.096
                      32:-0.778
                      33: 0.612
                      36:-0.081
 
 I=  7/2- (4)  3.855  25:-0.267
                      28: 0.089
                      29:-0.050
                      32:-0.591
                      33:-0.751
                      36: 0.065
 
 I=  7/2- (5)  4.662  26:-0.282
                      30:-0.288
                      31:-0.826
                      34:-0.116
                      35:-0.252
                      37:-0.280

             ENERGY    K= OMEGA
 
 I=  9/2- (1)  3.628  28: 0.154
                      29:-0.495
                      36: 0.282
                      38: 0.806
 
 I=  9/2- (2)  4.192  25: 0.260
                      28:-0.224
                      29:-0.147
                      32:-0.445
                      33:-0.628
                      36:-0.493
                      38: 0.160
 
 I=  9/2- (3)  4.271  25:-0.188
                      28:-0.182
                      29:-0.252
                      32: 0.334
                      33: 0.427
                      36:-0.749
                      38: 0.117
 
 I=  9/2- (4)  4.723  28: 0.279
                      29:-0.782
                      32:-0.067
                      36: 0.051
                      38:-0.549
 
 I=  9/2- (5)  5.195  26:-0.390
                      30: 0.556
                      31: 0.470
                      34:-0.425
                      35:-0.228
                      37:-0.199
                      39: 0.212

             ENERGY    K= OMEGA
 
 I= 11/2- (1)  3.605  27:-0.999
 
 I= 11/2- (2)  4.692  28:-0.196
                      29:-0.537
                      36: 0.320
                      38:-0.754
 
 I= 11/2- (3)  5.138  26: 0.410
                      30: 0.538
                      31: 0.478
                      34: 0.430
                      35: 0.176
                      37: 0.192
                      39: 0.246
 
 I= 11/2- (4)  5.509  28: 0.338
                      29:-0.299
                      32: 0.118
                      33:-0.183
                      36:-0.833
                      38:-0.236
 
 I= 11/2- (5)  5.700  25: 0.105
                      29: 0.085
                      32: 0.840
                      33:-0.488
                      36: 0.196

             ENERGY    K= OMEGA
 
 I= 13/2- (1)  5.186  27: 0.997
                      38:-0.068
 
 I= 13/2- (2)  5.795  26:-0.394
                      30: 0.584
                      31: 0.224
                      34:-0.556
                      35:-0.068
                      37:-0.116
                      39: 0.354
 
 I= 13/2- (3)  6.024  27:-0.072
                      28:-0.228
                      29: 0.552
                      33:-0.062
                      36:-0.342
                      38:-0.718
 
 I= 13/2- (4)  6.578  25: 0.401
                      28:-0.101
                      29:-0.069
                      32:-0.551
                      33:-0.710
                      36:-0.066
                      38: 0.110
 
 I= 13/2- (5)  7.048  25:-0.065
                      28:-0.348
                      29:-0.322
                      32: 0.103
                      33: 0.079
                      36:-0.833
                      38: 0.245

             ENERGY     K= 9/2
  32 LEVELS    TIME=  0.0 SEC



 ******************* EXCITATION ENERGIES, DOMINANT CONFIGURATION AND EXPECTATION VALUES (WITH S.P. UU+VV FACTORS) *******************

  NR  Eex(keV)  I   Kdom  NY    <Jz>  <Jx**2> <Jy**2> <Jz**2> <I.j>/|I|  <Rx**2> <Ry**2> <Rz**2> <R.j>/|R|  <HROTx> <HROTy> <HROTz>

   1    0.0   1/2-   1/2  32    0.50    5.23    5.23    0.25    0.13       5.62    5.62    0.00   -3.16      0.685   0.685   0.000
   2   33.8   3/2-  -3/2  33   -0.62    5.22    5.22    1.37    1.13       5.60    5.60    0.00   -2.88      0.682   0.682   0.000
   3  251.8   3/2-   1/2  32   -0.36    5.22    5.22    1.11    0.73       6.24    6.24    0.00   -2.87      0.761   0.761   0.000
   4  460.3   5/2-  -3/2  33   -0.85    5.37    5.37    1.64    1.29       6.74    6.74    0.00   -2.33      0.822   0.822   0.000
   5  933.4   7/2-  -7/2  36   -3.13    2.49    2.49   11.84    3.16       3.76    3.76   -0.00   -1.57      0.459   0.459  -0.000
  
   6 1085.6   7/2-  -7/2  29   -3.26    6.33    6.33   11.93    3.10       7.87    7.87    0.00   -3.10      0.959   0.959   0.000
   7 1204.1   5/2-   1/2  32    0.00    5.27    5.27    0.97   -0.07      10.33   10.33    0.00   -2.58      1.259   1.259   0.000
   8 1248.4   7/2-   1/2  32   -0.31    5.20    5.20    1.19    0.79      10.55   10.55    0.00   -1.85      1.286   1.286   0.000
   9 1338.7  11/2- -11/2  27   -5.48    2.75    2.75   30.23    5.06       5.49    5.49    0.00   -1.65      0.669   0.669   0.000
  10 1361.5   9/2-   9/2  38    1.85    3.49    3.49   17.30    3.96       4.81    4.81    0.00   -1.47      0.587   0.587   0.000
  
  11 1483.6   5/2-   5/2  28    2.39    6.13    6.13    6.09    2.01       7.60    7.60    0.00   -3.18      0.926   0.926   0.000
  12 1588.7   7/2-  -3/2  33   -0.64    5.31    5.31    1.51    0.75      10.97   10.97    0.00   -1.96      1.337   1.337   0.000
  13 1925.5   9/2-  -3/2  33   -1.14    4.67    4.67    5.02    1.80      10.62   10.62    0.00   -1.18      1.295   1.295   0.000
  14 2003.5   1/2-   1/2  31    0.50   12.87   12.87    0.25    0.91      12.58   12.58   -0.00   -5.02      1.534   1.534  -0.000
  15 2004.6   9/2-  -7/2  36   -2.24    3.62    3.62    8.58    2.14       9.66    9.66   -0.00   -1.18      1.177   1.177  -0.000
  
  16 2325.4   5/2-   1/2  31    0.37   13.46   13.46    0.46    1.73      12.95   12.95    0.00   -4.37      1.579   1.579   0.000
  17 2396.0   7/2-   1/2  31    0.30   16.63   16.63    1.23    3.02      13.12   13.12    0.00   -4.39      1.600   1.600   0.000
  18 2425.8  11/2-   9/2  38    1.27    3.74    3.74   16.58    3.40       9.55    9.55    0.00   -0.85      1.164   1.164   0.000
  19 2456.8   9/2-  -7/2  29   -0.60    5.12    5.12   14.11    2.61      11.57   11.57    0.00   -2.36      1.411   1.411   0.000
  20 2872.0  11/2-   5/2  30    0.17   20.64   20.64    5.83    4.74      13.11   13.11   -0.00   -3.67      1.598   1.598  -0.000
  
  21 2920.2  13/2- -11/2  27   -5.45    2.75    2.75   30.18    4.33      11.97   11.97    0.00   -1.11      1.459   1.459   0.000
  22 2929.4   9/2-   5/2  30    0.19   19.98   19.98    5.56    4.33      13.59   13.59   -0.00   -4.60      1.657   1.657  -0.000
  23 3243.3  11/2-  -7/2  36   -2.25    3.07    3.07   11.51    2.17      13.73   13.73   -0.00   -0.89      1.674   1.674  -0.000
  24 3433.9  11/2-   1/2  32   -0.16    5.08    5.08    1.27    0.72      19.26   19.26    0.00   -1.15      2.349   2.349   0.000
  25 3529.3  13/2-   5/2  30    0.11   21.96   21.96    8.86    5.13      14.91   14.91   -0.00   -3.10      1.818   1.818  -0.000
  
  26 3661.4   1/2-   1/2  25    0.50    7.45    7.45    0.25    0.65       7.39    7.39   -0.00   -3.79      0.900   0.900  -0.000
  27 3757.4  13/2-   9/2  38    0.94    3.88    3.88   16.10    3.02      15.23   15.23    0.00   -0.50      1.857   1.857   0.000
  28 4070.1   5/2-   5/2  30    1.45   22.41   22.41    4.99    3.69      18.37   18.37    0.00   -6.42      2.240   2.240   0.000
  29 4134.2   1/2-   1/2  35    0.50   17.04   17.04    0.25   -0.72      18.17   18.17    0.00   -5.80      2.215   2.215   0.000
  30 4312.1  13/2-  -3/2  33   -0.48    5.65    5.65    1.67    1.43      20.85   20.85    0.00   -0.46      2.542   2.542   0.000
  
  31 4781.9  13/2-  -7/2  36   -2.22    3.08    3.08   11.77    1.93      19.89   19.89   -0.00   -0.71      2.425   2.425  -0.000
  32*******   1/2-  -3/2  33    0.00    0.00    0.00    0.00   -0.00       0.00    0.00   -0.00   -0.00      0.000   0.000  -0.000
