1SPECTRUM OF (Z= 82 A=207) IN PARTICLE-ROTOR  MODEL WITH MODIFIED OSCILLATOR POTENTIAL


 PARITY=-   EPS= 0.270   GAMMA=  0.0   EPS4=0.000   EPS6=0.000   LEVELS:  25  26  27  28  29  30  31  32  33  34  35  36  37  38  39

 PAIRING FACTORS: GN0= 19.20  GN1=  7.40  IPAIR= 15 ***  E2PLUS(INPUT)=   0.730  E2PLUR(INPUT)=   0.000

 CORIOLIS ATTENUATION PARAMETERS:  CHSI=1.000  ETA=  1.00

 MOMENT OF INERTIA PARAMETERS:   A1=  0.122 MEV   A2=  0.122 MEV   A3=121.91924 MEV


 DELTA=0.946 MEV  LAMBDA=53.3363 MEV   HW0= 7.4756 MEV   LAMBDA/HW0= 7.1347

 E2ENERGY=0.730 MEV  HBAR**2/B=13517./A**(7/3)=2285.0/A**2 MEV

 IREC=0  =>  RECOIL TERMS j+j-, j+j+, jzjz, ETC TREATED AS ONE-BODY OPERATORS WITH UU+VV PAIRING FACTORS



 S. P. LEVEL   EQP       U     V        (UU + VV)**1.00

     25       4.118    0.116 0.993      1.000 1.000 0.999 0.984 0.981 0.977 0.943 0.838 0.656 0.419 0.410 0.369 0.303 0.293 0.239
     26       3.657    0.130 0.991      1.000 1.000 1.000 0.986 0.984 0.980 0.948 0.846 0.667 0.433 0.423 0.382 0.318 0.308 0.254
     27       3.106    0.154 0.988      0.999 1.000 1.000 0.990 0.988 0.984 0.955 0.858 0.685 0.454 0.445 0.404 0.340 0.330 0.277
     28       1.689    0.293 0.956      0.984 0.986 0.990 1.000 1.000 0.999 0.987 0.922 0.781 0.576 0.568 0.530 0.470 0.461 0.410
     29       1.626    0.305 0.952      0.981 0.984 0.988 1.000 1.000 1.000 0.989 0.928 0.789 0.587 0.578 0.541 0.482 0.473 0.422
     30       1.534    0.326 0.945      0.977 0.980 0.984 0.999 1.000 1.000 0.992 0.935 0.803 0.604 0.596 0.559 0.501 0.492 0.442
     31       1.196    0.440 0.898      0.943 0.948 0.955 0.987 0.989 0.992 1.000 0.972 0.870 0.698 0.690 0.657 0.604 0.595 0.549
     32       0.962    0.639 0.769      0.838 0.846 0.858 0.922 0.928 0.935 0.972 1.000 0.962 0.847 0.841 0.816 0.774 0.768 0.731
     33       1.015    0.826 0.564      0.656 0.667 0.685 0.781 0.789 0.803 0.870 0.962 1.000 0.960 0.957 0.943 0.918 0.914 0.890
     34       1.596    0.950 0.312      0.419 0.433 0.454 0.576 0.587 0.604 0.698 0.847 0.960 1.000 1.000 0.998 0.992 0.991 0.982
     35       1.643    0.953 0.302      0.410 0.423 0.445 0.568 0.578 0.596 0.690 0.841 0.957 1.000 1.000 0.999 0.993 0.992 0.984
     36       1.892    0.966 0.259      0.369 0.382 0.404 0.530 0.541 0.559 0.657 0.816 0.943 0.998 0.999 1.000 0.998 0.997 0.991
     37       2.519    0.982 0.191      0.303 0.318 0.340 0.470 0.482 0.501 0.604 0.774 0.918 0.992 0.993 0.998 1.000 1.000 0.998
     38       2.656    0.983 0.181      0.293 0.308 0.330 0.461 0.473 0.492 0.595 0.768 0.914 0.991 0.992 0.997 1.000 1.000 0.998
     39       3.797    0.992 0.126      0.239 0.254 0.277 0.410 0.422 0.442 0.549 0.731 0.890 0.982 0.984 0.991 0.998 0.998 1.000

  R CORE   ENERGY   A0R/A00=1.000    R3= 0     2  
   2( 1)    0.732                    1.000 0.000
   2( 2)  487.921                    0.000 1.000

  R CORE   ENERGY   A0R/A00=1.000    R3= 0     2  
   3( 1)  488.652                    0.000 1.000

  R CORE   ENERGY   A0R/A00=1.000    R3= 0     2     4  
   4( 1)    2.438                    1.000 0.000 0.000

  R CORE   ENERGY   A0R/A00=1.000    R3= 0     2     4  
   5( 1)  490.847                    0.000 1.000 0.000

  R CORE   ENERGY   A0R/A00=1.000    R3= 0     2     4     6  
   6( 1)    5.121                    1.000 0.000 0.000 0.000

  R CORE   ENERGY   A0R/A00=1.000    R3= 0     2     4     6  
   7( 1)  494.017                    0.000 1.000 0.000 0.000

          AXIAL SYMMETRY => K RESTRICTED TO OMEGA

                     K
     S.P. ORB#: 25  0.50
     S.P. ORB#: 26  2.50
     S.P. ORB#: 27 -3.50
     S.P. ORB#: 28  0.50
     S.P. ORB#: 29 -3.50
     S.P. ORB#: 30 -1.50
     S.P. ORB#: 31  4.50
     S.P. ORB#: 32  0.50
     S.P. ORB#: 33 -1.50
     S.P. ORB#: 34  2.50
     S.P. ORB#: 35 -1.50
     S.P. ORB#: 36  2.50
     S.P. ORB#: 37  0.50
     S.P. ORB#: 38 -3.50
     S.P. ORB#: 39  0.50
 

             ENERGY    K= OMEGA
 
 I=  1/2- (1)  2.803  28: 0.578
                      37: 0.816
 
 I=  1/2- (2)  2.871  25:-0.067
                      28: 0.815
                      37:-0.575
 
 I=  1/2- (3)  5.548  25: 0.997
                      37:-0.059
 
 I=  1/2- (4)  6.436  32: 0.661
                      39:-0.751
 
 I=  1/2- (5)  9.545  32: 0.751
                      39: 0.661

             ENERGY    K= OMEGA
 
 I=  3/2- (1)  2.134  25: 0.078
                      28: 0.293
                      30: 0.166
                      35: 0.934
                      37:-0.088
 
 I=  3/2- (2)  2.692  25:-0.087
                      28: 0.244
                      30:-0.955
                      35: 0.109
                      37: 0.097

             ENERGY    K= OMEGA
 
 I=  5/2- (1)  2.295  25: 0.133
                      28:-0.271
                      30:-0.395
                      35: 0.429
                      36: 0.749
                      37:-0.092
 
 I=  5/2- (2)  2.782  25: 0.073
                      28: 0.136
                      30:-0.415
                      35:-0.838
                      36: 0.281
                      37:-0.144
 
 I=  5/2- (3)  2.959  25:-0.230
                      28: 0.479
                      30: 0.529
                      35:-0.069
                      36: 0.572
                      37: 0.324
 
 I=  5/2- (4)  3.681  25:-0.187
                      28: 0.069
                      30: 0.319
                      36: 0.097
                      37:-0.921
 
 I=  5/2- (5)  4.190  25:-0.076
                      28: 0.790
                      30:-0.481
                      35: 0.325
                      36:-0.153
                      37:-0.098

             ENERGY    K= OMEGA
 
 I=  7/2- (1)  2.380  26: 0.219
                      27:-0.068
                      29:-0.971
 
 I=  7/2- (2)  2.951  28: 0.279
                      30:-0.340
                      35: 0.522
                      36:-0.728
 
 I=  7/2- (3)  3.188  32:-0.747
                      33:-0.561
                      34:-0.326
                      38:-0.127
                      39: 0.067
 
 I=  7/2- (4)  3.296  25: 0.266
                      28: 0.462
                      29:-0.062
                      30: 0.482
                      35: 0.558
                      36: 0.354
                      37:-0.203
 
 I=  7/2- (5)  4.208  27: 0.088
                      28: 0.496
                      30:-0.715
                      35:-0.058
                      36: 0.475

             ENERGY    K= OMEGA
 
 I=  9/2- (1)  2.002  26: 0.065
                      27:-0.233
                      29: 0.178
                      31: 0.954
 
 I=  9/2- (2)  3.280  25:-0.063
                      26: 0.292
                      27: 0.099
                      28: 0.072
                      29: 0.911
                      30: 0.136
                      31:-0.163
                      36:-0.136
 
 I=  9/2- (3)  3.416  25:-0.303
                      26:-0.071
                      28: 0.424
                      29:-0.190
                      30: 0.554
                      31: 0.054
                      35:-0.343
                      36:-0.477
                      37: 0.180
 
 I=  9/2- (4)  4.467  32: 0.245
                      33:-0.609
                      34: 0.645
                      38:-0.392
 
 I=  9/2- (5)  4.503  25: 0.225
                      26:-0.061
                      27: 0.058
                      28:-0.125
                      30:-0.433
                      35:-0.675
                      36:-0.407
                      37:-0.338

             ENERGY    K= OMEGA
 
 I= 11/2- (1)  2.333  32:-0.693
                      33:-0.576
                      34:-0.389
                      38:-0.189
 
 I= 11/2- (2)  3.009  26:-0.109
                      27:-0.313
                      29: 0.247
                      31:-0.910
 
 I= 11/2- (3)  4.415  26: 0.350
                      27:-0.128
                      29:-0.885
                      30:-0.084
                      31:-0.237
                      35:-0.058
                      36:-0.091
 
 I= 11/2- (4)  4.879  28:-0.352
                      30: 0.403
                      31:-0.054
                      35:-0.530
                      36: 0.653
 
 I= 11/2- (5)  5.176  25:-0.373
                      28:-0.520
                      29: 0.133
                      30:-0.519
                      35:-0.408
                      36:-0.286
                      37: 0.231

             ENERGY    K= OMEGA
 
 I= 13/2- (1)  4.237  26:-0.148
                      27: 0.362
                      29:-0.294
                      31:-0.871
 
 I= 13/2- (2)  4.588  32: 0.230
                      33:-0.589
                      34: 0.653
                      38:-0.417
 
 I= 13/2- (3)  5.326  25:-0.404
                      28: 0.471
                      29: 0.087
                      30: 0.591
                      35:-0.267
                      36:-0.377
                      37: 0.206
 
 I= 13/2- (4)  5.794  26: 0.386
                      27: 0.155
                      28:-0.071
                      29: 0.851
                      31:-0.291
                      35: 0.106
 
 I= 13/2- (5)  7.164  25: 0.224
                      26:-0.058
                      27: 0.066
                      28:-0.107
                      29: 0.070
                      30:-0.291
                      35:-0.655
                      36:-0.539
                      37:-0.347

             ENERGY     K= 1/2
  32 LEVELS    TIME=  0.0 SEC



 ******************* EXCITATION ENERGIES, DOMINANT CONFIGURATION AND EXPECTATION VALUES (WITH S.P. UU+VV FACTORS) *******************

  NR  Eex(keV)  I   Kdom  NY    <Jz>  <Jx**2> <Jy**2> <Jz**2> <I.j>/|I|  <Rx**2> <Ry**2> <Rz**2> <R.j>/|R|  <HROTx> <HROTy> <HROTz>

   1    0.0   9/2-   9/2  31    3.80    2.59    2.59   19.50    4.41       2.78    2.78   -0.00   -1.16      0.339   0.339  -0.000
   2  131.6   3/2-  -3/2  35   -1.30    1.85    1.85    2.05    1.46       1.92    1.92   -0.00   -1.49      0.234   0.234  -0.000
   3  293.4   5/2-   5/2  36    0.94    2.64    2.64    4.29    2.44       1.95    1.95    0.00   -1.20      0.238   0.238   0.000
   4  331.2  11/2-   1/2  32   -0.01   26.18   26.18    2.25    6.74       4.90    4.90    0.00   -4.58      0.597   0.597   0.000
   5  377.7   7/2-  -7/2  29   -3.19    2.31    2.31   11.93    3.40       2.66    2.66    0.00   -1.33      0.324   0.324   0.000
  
   6  689.7   3/2-  -3/2  30   -1.35    4.53    4.53    2.10    1.48       4.59    4.59   -0.00   -2.74      0.559   0.559  -0.000
   7  779.9   5/2-  -3/2  35   -1.09    1.91    1.91    2.49    1.02       4.51    4.51   -0.00   -1.09      0.550   0.550  -0.000
   8  800.6   1/2-   1/2  37    0.50    2.63    2.63    0.25    0.97       2.30    2.30    0.00   -2.18      0.280   0.280   0.000
   9  868.6   1/2-   1/2  28    0.50    3.29    3.29    0.25    0.14       3.67    3.67    0.00   -2.48      0.448   0.448   0.000
  10  949.5   7/2-   5/2  36    0.78    2.41    2.41    4.24    1.91       4.84    4.84    0.00   -0.48      0.590   0.590   0.000
  
  11  956.6   5/2-   5/2  36    0.59    3.68    3.68    2.79    1.76       4.23    4.23    0.00   -1.69      0.515   0.515   0.000
  12 1007.3  11/2-   9/2  31    3.20    2.86    2.86   18.80    3.96       6.44    6.44   -0.00   -0.23      0.785   0.785  -0.000
  13 1186.5   7/2-   1/2  32    0.02   25.33   25.33    1.71    6.41       8.62    8.62    0.00   -6.49      1.051   1.051   0.000
  14 1278.2   9/2-  -7/2  29   -2.58    2.49    2.49   11.52    2.94       6.00    6.00    0.00   -0.54      0.731   0.731   0.000
  15 1294.2   7/2-  -3/2  35   -0.35    2.79    2.79    2.14    1.49       5.84    5.84    0.00   -0.53      0.712   0.712   0.000
  
  16 1414.4   9/2-  -3/2  30   -0.02    3.96    3.96    2.98    2.37       6.06    6.06   -0.00    0.25      0.739   0.739  -0.000
  17 1678.7   5/2-   1/2  37    0.31    1.71    1.71    0.51    0.46       4.99    4.99    0.00   -0.82      0.608   0.608   0.000
  18 2187.8   5/2-   1/2  28   -0.13    4.27    4.27    1.06   -0.38      10.31   10.31   -0.00   -2.36      1.257   1.257  -0.000
  19 2206.0   7/2-  -3/2  30   -0.10    3.82    3.82    2.74    0.68      10.38   10.38    0.00   -1.69      1.266   1.266   0.000
  20 2234.6  13/2-   9/2  31    2.71    3.08    3.08   18.18    3.65      11.06   11.06   -0.00    0.24      1.349   1.349  -0.000
  
  21 2412.6  11/2-  -7/2  29   -2.23    2.55    2.55   11.77    2.66      10.39   10.39    0.00   -0.21      1.267   1.267   0.000
  22 2464.6   9/2-   5/2  34   -0.03   25.76   25.76    5.33    5.76      12.14   12.14    0.00   -5.72      1.481   1.481   0.000
  23 2501.5   9/2-  -3/2  35   -0.47    2.36    2.36    2.63    1.08      10.67   10.67    0.00   -0.43      1.301   1.301   0.000
  24 2585.7  13/2-   5/2  34   -0.04   25.73   25.73    5.59    5.79      12.47   12.47    0.00   -3.33      1.521   1.521   0.000
  25 2877.4  11/2-   5/2  36    0.47    2.70    2.70    3.79    1.61      12.86   12.86   -0.00    0.08      1.568   1.568  -0.000
  
  26 3173.9  11/2-   1/2  28   -0.27    3.31    3.31    1.85    1.54      12.87   12.87    0.00    0.15      1.569   1.569   0.000
  27 3323.7  13/2-  -3/2  30   -0.09    4.57    4.57    2.05    2.40      13.25   13.25   -0.00    1.07      1.616   1.616  -0.000
  28 3545.6   1/2-   1/2  25    0.50    6.00    6.00    0.25    0.69       5.90    5.90    0.00   -3.39      0.720   0.720   0.000
  29 3792.3  13/2-  -7/2  29   -1.87    2.66    2.66   11.84    2.45      15.84   15.84    0.00   -0.01      1.931   1.931   0.000
  30 4433.8   1/2-   1/2  39    0.50   13.45   13.45    0.25   -2.25      15.90   15.90    0.00   -5.16      1.938   1.938   0.000
  
  31 5162.4  13/2-  -3/2  35    0.03    2.16    2.16    3.19    0.96      21.39   21.39    0.00   -0.12      2.608   2.608   0.000
  32 7542.9   1/2-   1/2  32    0.50   26.46   26.46    0.25   -3.66      30.13   30.13    0.00   -7.26      3.673   3.673   0.000
