1SPECTRUM OF (Z= 82 A=207) IN PARTICLE-ROTOR  MODEL WITH MODIFIED OSCILLATOR POTENTIAL


 PARITY=-   EPS= 0.185   GAMMA=  0.0   EPS4=0.000   EPS6=0.000   LEVELS:  25  26  27  28  29  30  31  32  33  34  35  36  37  38  39

 PAIRING FACTORS: GN0= 19.20  GN1=  7.40  IPAIR= 15 ***  E2PLUS(INPUT)=   0.730  E2PLUR(INPUT)=   0.000

 CORIOLIS ATTENUATION PARAMETERS:  CHSI=1.000  ETA=  1.00

 MOMENT OF INERTIA PARAMETERS:   A1=  0.122 MEV   A2=  0.122 MEV   A3=121.91924 MEV


 DELTA=0.919 MEV  LAMBDA=53.4649 MEV   HW0= 7.4405 MEV   LAMBDA/HW0= 7.1857

 E2ENERGY=0.730 MEV  HBAR**2/B= 6346./A**(7/3)=1072.8/A**2 MEV

 IREC=0  =>  RECOIL TERMS j+j-, j+j+, jzjz, ETC TREATED AS ONE-BODY OPERATORS WITH UU+VV PAIRING FACTORS



 S. P. LEVEL   EQP       U     V        (UU + VV)**1.00

     25       4.304    0.107 0.994      1.000 1.000 1.000 0.998 0.995 0.994 0.992 0.780 0.676 0.461 0.410 0.366 0.310 0.262 0.226
     26       3.940    0.117 0.993      1.000 1.000 1.000 0.999 0.996 0.995 0.993 0.787 0.684 0.470 0.419 0.376 0.319 0.272 0.236
     27       3.792    0.122 0.993      1.000 1.000 1.000 0.999 0.997 0.996 0.994 0.789 0.687 0.474 0.423 0.380 0.324 0.276 0.241
     28       2.853    0.163 0.987      0.998 0.999 0.999 1.000 0.999 0.999 0.997 0.814 0.717 0.510 0.460 0.418 0.363 0.316 0.281
     29       2.317    0.202 0.979      0.995 0.996 0.997 0.999 1.000 1.000 0.999 0.837 0.744 0.544 0.495 0.454 0.400 0.354 0.319
     30       2.183    0.215 0.977      0.994 0.995 0.996 0.999 1.000 1.000 1.000 0.844 0.753 0.555 0.507 0.466 0.412 0.366 0.332
     31       2.022    0.234 0.972      0.992 0.993 0.994 0.997 0.999 1.000 1.000 0.854 0.765 0.571 0.523 0.482 0.429 0.383 0.349
     32       0.919    0.706 0.709      0.780 0.787 0.789 0.814 0.837 0.844 0.854 1.000 0.988 0.915 0.890 0.868 0.836 0.808 0.786
     33       0.962    0.805 0.593      0.676 0.684 0.687 0.717 0.744 0.753 0.765 0.988 1.000 0.965 0.949 0.933 0.910 0.888 0.871
     34       1.358    0.932 0.363      0.461 0.470 0.474 0.510 0.544 0.555 0.571 0.915 0.965 1.000 0.998 0.995 0.987 0.977 0.969
     35       1.562    0.951 0.309      0.410 0.419 0.423 0.460 0.495 0.507 0.523 0.890 0.949 0.998 1.000 0.999 0.994 0.988 0.981
     36       1.803    0.964 0.264      0.366 0.376 0.380 0.418 0.454 0.466 0.482 0.868 0.933 0.995 0.999 1.000 0.998 0.994 0.989
     37       2.279    0.979 0.206      0.310 0.319 0.324 0.363 0.400 0.412 0.429 0.836 0.910 0.987 0.994 0.998 1.000 0.999 0.996
     38       2.967    0.988 0.157      0.262 0.272 0.276 0.316 0.354 0.366 0.383 0.808 0.888 0.977 0.988 0.994 0.999 1.000 0.999
     39       3.840    0.993 0.121      0.226 0.236 0.241 0.281 0.319 0.332 0.349 0.786 0.871 0.969 0.981 0.989 0.996 0.999 1.000

  R CORE   ENERGY   A0R/A00=1.000    R3= 0     2  
   2( 1)    0.732                    1.000 0.000
   2( 2)  487.921                    0.000 1.000

  R CORE   ENERGY   A0R/A00=1.000    R3= 0     2  
   3( 1)  488.652                    0.000 1.000

  R CORE   ENERGY   A0R/A00=1.000    R3= 0     2     4  
   4( 1)    2.438                    1.000 0.000 0.000

  R CORE   ENERGY   A0R/A00=1.000    R3= 0     2     4  
   5( 1)  490.847                    0.000 1.000 0.000

  R CORE   ENERGY   A0R/A00=1.000    R3= 0     2     4     6  
   6( 1)    5.121                    1.000 0.000 0.000 0.000

  R CORE   ENERGY   A0R/A00=1.000    R3= 0     2     4     6  
   7( 1)  494.017                    0.000 1.000 0.000 0.000

          AXIAL SYMMETRY => K RESTRICTED TO OMEGA

                     K
     S.P. ORB#: 25  2.50
     S.P. ORB#: 26  0.50
     S.P. ORB#: 27 -3.50
     S.P. ORB#: 28 -3.50
     S.P. ORB#: 29  4.50
     S.P. ORB#: 30  0.50
     S.P. ORB#: 31 -1.50
     S.P. ORB#: 32 -1.50
     S.P. ORB#: 33  2.50
     S.P. ORB#: 34  0.50
     S.P. ORB#: 35  0.50
     S.P. ORB#: 36 -1.50
     S.P. ORB#: 37  2.50
     S.P. ORB#: 38 -3.50
     S.P. ORB#: 39  4.50
 

             ENERGY    K= OMEGA
 
 I=  1/2- (1)  1.604  26:-0.061
                      34:-0.998
 
 I=  1/2- (2)  3.208  30: 0.999
 
 I=  1/2- (3)  5.092  26: 0.998
                      34:-0.061
 
 I=  1/2- (4)  9.575  35:-1.000
 
 I=  1/2- (5)147.222  32: 1.000

             ENERGY    K= OMEGA
 
 I=  3/2- (1)  1.395  30: 0.190
                      31: 0.109
                      32: 0.971
                      34:-0.081
 
 I=  3/2- (2)  2.258  30:-0.151
                      31:-0.126
                      32: 0.125
                      34: 0.973

             ENERGY    K= OMEGA
 
 I=  5/2- (1)  1.435  26: 0.051
                      30:-0.134
                      31:-0.183
                      32: 0.409
                      33: 0.880
                      34:-0.065
 
 I=  5/2- (2)  2.011  30:-0.224
                      31: 0.166
                      32: 0.870
                      33:-0.401
 
 I=  5/2- (3)  2.282  30: 0.143
                      31: 0.185
                      33: 0.128
                      34: 0.964
 
 I=  5/2- (4)  3.294  26: 0.385
                      30:-0.455
                      31:-0.738
                      32:-0.078
                      33:-0.191
                      34: 0.239
 
 I=  5/2- (5)  4.549  26:-0.065
                      30: 0.799
                      31:-0.529
                      32: 0.257
                      33:-0.105

             ENERGY    K= OMEGA
 
 I=  7/2- (1)  2.066  30: 0.180
                      31:-0.217
                      32: 0.499
                      33:-0.818
 
 I=  7/2- (2)  2.663  25:-0.067
                      26:-0.173
                      28: 0.066
                      30:-0.349
                      31:-0.293
                      32:-0.720
                      33:-0.442
                      34: 0.199
 
 I=  7/2- (3)  3.584  25:-0.244
                      27:-0.105
                      28: 0.953
                      30: 0.060
                      31: 0.065
                      34:-0.110
 
 I=  7/2- (4)  3.862  26: 0.084
                      28:-0.122
                      30: 0.148
                      31: 0.218
                      32:-0.309
                      33:-0.205
                      34:-0.878
 
 I=  7/2- (5)  3.968  35: 0.723
                      36: 0.574
                      37: 0.353
                      38: 0.150

             ENERGY    K= OMEGA
 
 I=  9/2- (1)  2.727  26: 0.175
                      27:-0.086
                      29: 0.144
                      30:-0.300
                      31:-0.356
                      32: 0.471
                      33: 0.685
                      34:-0.177
 
 I=  9/2- (2)  3.064  25: 0.080
                      27: 0.250
                      28: 0.197
                      29:-0.929
                      30:-0.064
                      31:-0.074
                      32: 0.074
                      33: 0.099
 
 I=  9/2- (3)  3.845  25: 0.121
                      28: 0.159
                      30: 0.192
                      31:-0.315
                      32:-0.755
                      33: 0.333
                      34:-0.372
 
 I=  9/2- (4)  3.900  26: 0.094
                      28:-0.090
                      30:-0.290
                      31:-0.112
                      32: 0.119
                      33:-0.500
                      34:-0.787
 
 I=  9/2- (5)  4.508  25:-0.310
                      27: 0.123
                      28:-0.897
                      29:-0.186
                      30: 0.090
                      31:-0.061
                      32:-0.157
                      33: 0.115

             ENERGY    K= OMEGA
 
 I= 11/2- (1)  2.730  35:-0.659
                      36:-0.565
                      37:-0.414
                      38:-0.252
                      39:-0.114
 
 I= 11/2- (2)  3.875  25:-0.123
                      27: 0.259
                      28: 0.173
                      29: 0.556
                      30:-0.202
                      31: 0.213
                      32:-0.425
                      33: 0.558
 
 I= 11/2- (3)  4.093  25: 0.076
                      27:-0.226
                      28:-0.210
                      29:-0.694
                      30:-0.187
                      31: 0.192
                      32:-0.363
                      33: 0.461
 
 I= 11/2- (4)  4.642  25:-0.100
                      26:-0.286
                      28: 0.120
                      30:-0.419
                      31:-0.403
                      32:-0.551
                      33:-0.437
                      34: 0.243
 
 I= 11/2- (5)  5.614  25:-0.370
                      26: 0.089
                      27:-0.160
                      28: 0.852
                      29:-0.258
                      30: 0.112
                      31: 0.105
                      34:-0.115

             ENERGY    K= OMEGA
 
 I= 13/2- (1)  4.368  35: 0.184
                      36:-0.480
                      37: 0.602
                      38:-0.528
                      39: 0.308
 
 I= 13/2- (2)  4.727  25:-0.080
                      26: 0.280
                      27:-0.135
                      28:-0.077
                      29: 0.199
                      30:-0.388
                      31:-0.434
                      32: 0.422
                      33: 0.536
                      34:-0.218
 
 I= 13/2- (3)  5.194  25: 0.170
                      26: 0.102
                      27: 0.365
                      28: 0.310
                      29:-0.817
                      30:-0.128
                      31:-0.147
                      32: 0.079
                      33: 0.099
                      34:-0.095
 
 I= 13/2- (4)  6.486  25:-0.137
                      26:-0.127
                      28:-0.150
                      29:-0.141
                      31: 0.302
                      32: 0.585
                      33: 0.149
                      34: 0.682
 
 I= 13/2- (5)  6.571  25: 0.209
                      26:-0.067
                      27:-0.117
                      28: 0.358
                      29: 0.088
                      30: 0.333
                      31:-0.130
                      32:-0.370
                      33: 0.633
                      34: 0.369

             ENERGY     K= 9/2
  32 LEVELS    TIME=  0.0 SEC



 ******************* EXCITATION ENERGIES, DOMINANT CONFIGURATION AND EXPECTATION VALUES (WITH S.P. UU+VV FACTORS) *******************

  NR  Eex(keV)  I   Kdom  NY    <Jz>  <Jx**2> <Jy**2> <Jz**2> <I.j>/|I|  <Rx**2> <Ry**2> <Rz**2> <R.j>/|R|  <HROTx> <HROTy> <HROTz>

   1    0.0   3/2-  -3/2  32   -1.41    1.54    1.54    2.16    1.46       1.67    1.67    0.00   -1.32      0.204   0.204   0.000
   2   40.1   5/2-   5/2  33    1.65    1.85    1.85    5.30    2.43       1.70    1.70    0.00   -0.99      0.207   0.207   0.000
   3  208.4   1/2-   1/2  34    0.50    1.19    1.19    0.25    0.83       0.97    0.97   -0.00   -1.37      0.118   0.118  -0.000
   4  615.9   5/2-  -3/2  32   -0.74    1.55    1.55    2.80    1.11       4.03    4.03    0.00   -0.92      0.492   0.492   0.000
   5  670.4   7/2-   5/2  33    1.24    1.95    1.95    4.88    2.04       4.18    4.18    0.00   -0.24      0.509   0.509   0.000
  
   6  862.3   3/2-   1/2  34    0.44    1.31    1.31    0.31   -0.13       3.60    3.60   -0.00   -1.19      0.439   0.439  -0.000
   7  886.8   5/2-   1/2  34    0.46    1.54    1.54    0.42    0.83       3.65    3.65   -0.00   -0.38      0.445   0.445  -0.000
   8 1267.7   7/2-  -3/2  32   -0.33    1.73    1.73    2.72    1.36       5.55    5.55    0.00   -0.23      0.677   0.677   0.000
   9 1331.4   9/2-   5/2  33    0.79    2.72    2.72    4.28    2.34       5.61    5.61    0.00    0.57      0.685   0.685   0.000
  10 1335.0  11/2-   1/2  35    0.00   28.02   28.02    2.93    7.34       3.49    3.49    0.00   -5.72      0.425   0.425   0.000
  
  11 1668.6   9/2-   9/2  29    3.56    2.68    2.68   18.85    4.39       2.64    2.64   -0.00   -1.03      0.322   0.322  -0.000
  12 1812.9   1/2-   1/2  30    0.50    4.04    4.04    0.25    0.40       4.20    4.20    0.00   -2.76      0.512   0.512   0.000
  13 1898.4   5/2-  -3/2  31   -0.53    3.82    3.82    1.57    1.60       4.25    4.25    0.00   -1.54      0.519   0.519   0.000
  14 2188.6   7/2-  -7/2  28   -3.06    2.36    2.36   11.64    3.37       2.69    2.69    0.00   -1.29      0.328   0.328   0.000
  15 2449.4   9/2-  -3/2  32   -0.69    1.51    1.51    2.70    0.93      10.63   10.63    0.00   -0.24      1.297   1.297   0.000
  
  16 2467.1   7/2-   1/2  34    0.24    1.66    1.66    0.97   -0.03      10.14   10.14    0.00   -0.98      1.237   1.237   0.000
  17 2479.6  11/2-   5/2  33    1.55    2.67    2.67   10.02    2.83       8.64    8.64    0.00    0.37      1.054   1.054   0.000
  18 2505.2   9/2-   1/2  34    0.91    2.01    2.01    1.94    1.00      10.36   10.36   -0.00   -0.21      1.263   1.263  -0.000
  19 2573.0   7/2-   1/2  35   -0.00   28.37   28.37    1.93    7.10       9.05    9.05    0.00   -7.17      1.103   1.103   0.000
  20 2698.0  11/2-   9/2  29    2.15    2.58    2.58   12.69    3.00       8.83    8.83   -0.00    0.03      1.077   1.077  -0.000
  
  21 2972.4  13/2-   5/2  37    0.03   26.22   26.22    8.12    6.72       7.72    7.72    0.00   -3.47      0.941   0.941   0.000
  22 3112.3   9/2-  -7/2  28   -2.48    2.48    2.48   11.49    2.82       6.56    6.56    0.00   -0.67      0.800   0.800   0.000
  23 3153.4   5/2-   1/2  30   -0.17    4.09    4.09    1.01   -0.43      10.24   10.24    0.00   -2.31      1.249   1.249   0.000
  24 3246.9  11/2-  -3/2  32   -0.09    2.11    2.11    2.60    1.52      12.19   12.19   -0.00    0.46      1.486   1.486  -0.000
  25 3332.1  13/2-   5/2  33    0.41    3.48    3.48    3.82    2.50      12.30   12.30    0.00    1.35      1.500   1.500   0.000
  
  26 3696.7   1/2-   1/2  26    0.50    4.86    4.86    0.25    0.68       4.77    4.77    0.00   -3.04      0.582   0.582   0.000
  27 3799.2  13/2-   9/2  29    2.28    3.30    3.30   16.66    3.63      10.64   10.64   -0.00    0.46      1.297   1.297  -0.000
  28 4218.7  11/2-  -7/2  28   -1.99    2.64    2.64   11.44    2.60      10.68   10.68    0.00   -0.25      1.302   1.302   0.000
  29 5090.4  13/2-   1/2  34   -0.30    1.69    1.69    2.05    0.90      20.80   20.80   -0.00    0.13      2.536   2.536  -0.000
  30 5176.1  13/2-   5/2  33    0.55    2.14    2.14    5.08    1.25      20.33   20.33    0.00   -0.10      2.478   2.478   0.000
  
  31 8180.0   1/2-   1/2  35    0.50   28.83   28.83    0.25   -4.08      32.86   32.86   -0.00   -7.58      4.007   4.007  -0.000
  32*******   1/2-  -3/2  32    0.00    0.00    0.00    0.00   -0.00       0.00    0.00   -0.00   -0.00      0.000   0.000  -0.000
