1SPECTRUM OF (Z= 82 A=207) IN PARTICLE-ROTOR  MODEL WITH MODIFIED OSCILLATOR POTENTIAL


 PARITY=-   EPS= 0.341   GAMMA=  0.0   EPS4=0.000   EPS6=0.000   LEVELS:  26  27  28  29  30  31  32  33  34  35  36  37  38  39  40

 PAIRING FACTORS: GN0= 19.20  GN1=  7.40  IPAIR= 15 ***  E2PLUS(INPUT)=   0.730  E2PLUR(INPUT)=   0.000

 CORIOLIS ATTENUATION PARAMETERS:  CHSI=1.000  ETA=  1.00

 MOMENT OF INERTIA PARAMETERS:   A1=  0.122 MEV   A2=  0.122 MEV   A3=121.91924 MEV


 DELTA=0.907 MEV  LAMBDA=53.3505 MEV   HW0= 7.5169 MEV   LAMBDA/HW0= 7.0975

 E2ENERGY=0.730 MEV  HBAR**2/B=21561./A**(7/3)=3644.8/A**2 MEV

 IREC=0  =>  RECOIL TERMS j+j-, j+j+, jzjz, ETC TREATED AS ONE-BODY OPERATORS WITH UU+VV PAIRING FACTORS



 S. P. LEVEL   EQP       U     V        (UU + VV)**1.00

     26       3.115    0.147 0.989      1.000 0.999 0.995 0.970 0.964 0.953 0.861 0.662 0.635 0.344 0.334 0.319 0.302 0.273 0.257
     27       2.557    0.180 0.984      0.999 1.000 0.998 0.977 0.972 0.963 0.877 0.687 0.661 0.375 0.365 0.351 0.334 0.305 0.289
     28       1.898    0.247 0.969      0.995 0.998 1.000 0.990 0.986 0.979 0.908 0.735 0.710 0.437 0.428 0.413 0.397 0.369 0.353
     29       1.280    0.384 0.923      0.970 0.977 0.990 1.000 1.000 0.998 0.959 0.825 0.804 0.562 0.554 0.540 0.525 0.499 0.484
     30       1.223    0.406 0.914      0.964 0.972 0.986 1.000 1.000 0.999 0.965 0.838 0.818 0.582 0.573 0.560 0.545 0.520 0.505
     31       1.150    0.439 0.898      0.953 0.963 0.979 0.998 0.999 1.000 0.974 0.858 0.839 0.611 0.603 0.590 0.576 0.551 0.537
     32       0.927    0.631 0.776      0.861 0.877 0.908 0.959 0.965 0.974 1.000 0.951 0.940 0.774 0.767 0.757 0.746 0.725 0.713
     33       0.993    0.839 0.545      0.662 0.687 0.735 0.825 0.838 0.858 0.951 1.000 0.999 0.931 0.928 0.921 0.914 0.902 0.894
     34       1.028    0.857 0.515      0.635 0.661 0.710 0.804 0.818 0.839 0.940 0.999 1.000 0.944 0.940 0.935 0.928 0.916 0.909
     35       2.298    0.979 0.202      0.344 0.375 0.437 0.562 0.582 0.611 0.774 0.931 0.944 1.000 1.000 1.000 0.999 0.997 0.996
     36       2.414    0.981 0.191      0.334 0.365 0.428 0.554 0.573 0.603 0.767 0.928 0.940 1.000 1.000 1.000 0.999 0.998 0.997
     37       2.619    0.984 0.176      0.319 0.351 0.413 0.540 0.560 0.590 0.757 0.921 0.935 1.000 1.000 1.000 1.000 0.999 0.998
     38       2.899    0.987 0.158      0.302 0.334 0.397 0.525 0.545 0.576 0.746 0.914 0.928 0.999 0.999 1.000 1.000 1.000 0.999
     39       3.558    0.992 0.129      0.273 0.305 0.369 0.499 0.520 0.551 0.725 0.902 0.916 0.997 0.998 0.999 1.000 1.000 1.000
     40       4.095    0.994 0.111      0.257 0.289 0.353 0.484 0.505 0.537 0.713 0.894 0.909 0.996 0.997 0.998 0.999 1.000 1.000

  R CORE   ENERGY   A0R/A00=1.000    R3= 0     2  
   2( 1)    0.732                    1.000 0.000
   2( 2)  487.921                    0.000 1.000

  R CORE   ENERGY   A0R/A00=1.000    R3= 0     2  
   3( 1)  488.652                    0.000 1.000

  R CORE   ENERGY   A0R/A00=1.000    R3= 0     2     4  
   4( 1)    2.438                    1.000 0.000 0.000

  R CORE   ENERGY   A0R/A00=1.000    R3= 0     2     4  
   5( 1)  490.847                    0.000 1.000 0.000

  R CORE   ENERGY   A0R/A00=1.000    R3= 0     2     4     6  
   6( 1)    5.121                    1.000 0.000 0.000 0.000

  R CORE   ENERGY   A0R/A00=1.000    R3= 0     2     4     6  
   7( 1)  494.017                    0.000 1.000 0.000 0.000

          AXIAL SYMMETRY => K RESTRICTED TO OMEGA

                     K
     S.P. ORB#: 26  2.50
     S.P. ORB#: 27 -3.50
     S.P. ORB#: 28  0.50
     S.P. ORB#: 29  0.50
     S.P. ORB#: 30 -1.50
     S.P. ORB#: 31 -1.50
     S.P. ORB#: 32 -3.50
     S.P. ORB#: 33  4.50
     S.P. ORB#: 34  2.50
     S.P. ORB#: 35 -3.50
     S.P. ORB#: 36  0.50
     S.P. ORB#: 37 -1.50
     S.P. ORB#: 38  2.50
     S.P. ORB#: 39  0.50
     S.P. ORB#: 40  4.50
 

             ENERGY    K= OMEGA
 
 I=  1/2- (1)  2.530  29:-0.999
 
 I=  1/2- (2)  3.913  39: 0.999
 
 I=  1/2- (3)  5.767  28: 0.359
                      36:-0.933
 
 I=  1/2- (4)  8.760  28: 0.933
                      36: 0.359
 
 I=  1/2- (5)147.453  31: 1.000

             ENERGY    K= OMEGA
 
 I=  3/2- (1)  2.411  29: 0.404
                      31:-0.914
 
 I=  3/2- (2)  2.684  29: 0.803
                      31: 0.357
                      37: 0.450
                      39:-0.159

             ENERGY    K= OMEGA
 
 I=  5/2- (1)  2.741  29:-0.405
                      31:-0.809
                      37: 0.135
                      38: 0.362
                      39:-0.178
 
 I=  5/2- (2)  3.355  26:-0.064
                      29: 0.658
                      31:-0.407
                      37:-0.628
                      38: 0.058
 
 I=  5/2- (3)  3.647  29:-0.363
                      31:-0.202
                      37:-0.322
                      38:-0.830
                      39:-0.181
 
 I=  5/2- (4)  4.283  26: 0.069
                      29: 0.464
                      31:-0.351
                      37: 0.668
                      38:-0.420
                      39: 0.183
 
 I=  5/2- (5)  4.808  26:-0.273
                      29:-0.223
                      31:-0.110
                      37:-0.134
                      39: 0.920

             ENERGY    K= OMEGA
 
 I=  7/2- (1)  1.738  26:-0.189
                      32: 0.980
 
 I=  7/2- (2)  3.355  29:-0.503
                      31: 0.700
                      37:-0.266
                      38: 0.428
 
 I=  7/2- (3)  3.598  28:-0.704
                      30:-0.583
                      34:-0.372
                      35:-0.160
 
 I=  7/2- (4)  3.901  26:-0.062
                      29: 0.639
                      31: 0.503
                      37: 0.477
                      38: 0.216
                      39:-0.245
 
 I=  7/2- (5)  4.380  26:-0.205
                      27:-0.842
                      29:-0.196
                      31: 0.197
                      37: 0.193
                      38:-0.365

             ENERGY    K= OMEGA
 
 I=  9/2- (1)  1.895  26:-0.076
                      27: 0.185
                      32:-0.257
                      33:-0.945
 
 I=  9/2- (2)  2.712  26: 0.258
                      27: 0.091
                      32: 0.926
                      33:-0.255
 
 I=  9/2- (3)  4.131  29: 0.440
                      31: 0.705
                      37:-0.242
                      38:-0.436
                      39: 0.239
 
 I=  9/2- (4)  4.399  28: 0.194
                      30:-0.502
                      34: 0.640
                      35:-0.499
                      40: 0.227
 
 I=  9/2- (5)  5.182  26:-0.109
                      27: 0.067
                      29: 0.531
                      31:-0.471
                      32: 0.057
                      37:-0.677
                      38: 0.109
                      39:-0.073

             ENERGY    K= OMEGA
 
 I= 11/2- (1)  2.871  28: 0.642
                      30: 0.564
                      34: 0.423
                      35: 0.270
                      36: 0.056
                      40: 0.118
 
 I= 11/2- (2)  2.996  26:-0.129
                      27:-0.251
                      32: 0.352
                      33:-0.893
 
 I= 11/2- (3)  3.917  26:-0.301
                      27: 0.134
                      31: 0.050
                      32: 0.873
                      33: 0.350
                      38: 0.059
 
 I= 11/2- (4)  5.268  29: 0.524
                      31:-0.623
                      37: 0.347
                      38:-0.461
 
 I= 11/2- (5)  5.739  28: 0.496
                      30: 0.133
                      34:-0.412
                      35:-0.623
                      40:-0.422

             ENERGY    K= OMEGA
 
 I= 13/2- (1)  4.316  26:-0.176
                      27: 0.293
                      32:-0.412
                      33:-0.844
 
 I= 13/2- (2)  4.385  28: 0.167
                      30:-0.444
                      34: 0.611
                      35:-0.553
                      40: 0.310
 
 I= 13/2- (3)  5.356  26: 0.329
                      27: 0.173
                      31: 0.072
                      32: 0.825
                      33:-0.412
                      38:-0.077
 
 I= 13/2- (4)  6.488  29:-0.451
                      31:-0.658
                      32: 0.078
                      37: 0.281
                      38: 0.442
                      39:-0.280
 
 I= 13/2- (5)  7.987  26: 0.113
                      27:-0.072
                      29:-0.452
                      31: 0.481
                      32:-0.098
                      37: 0.709
                      38:-0.088
                      39: 0.163

             ENERGY     K= 9/2
  32 LEVELS    TIME=  0.0 SEC



 ******************* EXCITATION ENERGIES, DOMINANT CONFIGURATION AND EXPECTATION VALUES (WITH S.P. UU+VV FACTORS) *******************

  NR  Eex(keV)  I   Kdom  NY    <Jz>  <Jx**2> <Jy**2> <Jz**2> <I.j>/|I|  <Rx**2> <Ry**2> <Rz**2> <R.j>/|R|  <HROTx> <HROTy> <HROTz>

   1    0.0   7/2-  -7/2  32   -3.28    2.31    2.31   12.03    3.33       2.99    2.99   -0.00   -1.41      0.364   0.364  -0.000
   2  156.8   9/2-   9/2  33    3.69    2.53    2.53   19.37    4.25       3.45    3.45   -0.00   -1.25      0.420   0.420  -0.000
   3  672.7   3/2-  -3/2  31   -1.17    4.77    4.77    1.92    1.31       5.07    5.07    0.00   -2.80      0.619   0.619   0.000
   4  792.4   1/2-   1/2  29    0.50    4.77    4.77    0.25    0.18       5.11    5.11    0.00   -3.01      0.623   0.623   0.000
   5  946.1   3/2-   1/2  29   -0.16    3.90    3.90    0.91    0.90       4.48    4.48    0.00   -2.32      0.546   0.546   0.000
  
   6  973.5   9/2-  -7/2  32   -2.57    2.40    2.40   12.35    2.88       6.63    6.63   -0.00   -0.78      0.809   0.809  -0.000
   7 1002.5   5/2-  -3/2  31   -0.58    4.33    4.33    2.38    1.63       5.07    5.07    0.00   -1.95      0.618   0.618   0.000
   8 1132.4  11/2-   1/2  28   -0.01   24.09   24.09    3.11    6.40       5.26    5.26    0.00   -4.02      0.641   0.641   0.000
   9 1257.6  11/2-   9/2  33    2.97    2.73    2.73   18.52    3.71       7.70    7.70   -0.00   -0.46      0.938   0.938  -0.000
  10 1616.7   5/2-   1/2  29   -0.61    3.37    3.37    1.41    0.70       6.38    6.38    0.00   -1.70      0.778   0.778   0.000
  
  11 1617.4   7/2-  -3/2  31   -0.26    4.15    4.15    2.50    1.54       7.16    7.16    0.00   -1.24      0.873   0.873   0.000
  12 1859.5   7/2-   1/2  28   -0.01   23.76   23.76    2.07    6.12       8.36    8.36    0.00   -6.18      1.020   1.020   0.000
  13 1909.1   5/2-   5/2  38    1.59    2.27    2.27    4.68    1.60       4.27    4.27    0.00   -1.54      0.520   0.520   0.000
  14 2162.5   7/2-   1/2  29   -0.36    3.50    3.50    1.53    0.86       8.74    8.74    0.00   -1.23      1.065   1.065   0.000
  15 2174.9   1/2-   1/2  39    0.50    1.58    1.58    0.25    0.70       1.47    1.47    0.00   -1.63      0.180   0.180   0.000
  
  16 2178.7  11/2-  -7/2  32   -1.95    2.49    2.49   12.64    2.58      11.26   11.26   -0.00   -0.46      1.373   1.373  -0.000
  17 2392.7   9/2-  -3/2  31   -0.24    4.01    4.01    2.55    1.57       9.84    9.84    0.00   -0.62      1.199   1.199   0.000
  18 2545.2   5/2-  -3/2  37   -0.28    3.02    3.02    2.48    0.08       8.41    8.41    0.00   -2.02      1.025   1.025   0.000
  19 2577.8  13/2-   9/2  33    2.39    2.92    2.92   17.77    3.34      12.85   12.85    0.00   -0.06      1.567   1.567   0.000
  20 2642.0   7/2-  -7/2  27   -2.14    5.29    5.29    9.97    2.66       7.61    7.61   -0.00   -2.57      0.928   0.928  -0.000
  
  21 2647.0  13/2-   5/2  34    0.01   23.93   23.93    8.47    5.99      10.71   10.71    0.00   -3.13      1.306   1.306   0.000
  22 2660.4   9/2-   5/2  34    0.03   24.17   24.17    7.23    5.75      11.54   11.54    0.00   -5.61      1.407   1.407   0.000
  23 3069.4   5/2-   1/2  39    0.59    2.03    2.03    0.76    0.29       5.91    5.91    0.00   -1.15      0.721   0.721   0.000
  24 3443.7   9/2-  -3/2  37   -0.84    3.08    3.08    1.85    0.61      13.36   13.36    0.00   -0.97      1.629   1.629   0.000
  25 3530.4  11/2-  -3/2  31   -0.10    3.94    3.94    2.61    1.44      14.49   14.49    0.00   -0.34      1.766   1.766   0.000
  
  26 3617.6  13/2-  -7/2  32   -1.44    2.57    2.57   12.86    2.36      16.89   16.89   -0.00   -0.26      2.059   2.059  -0.000
  27 4001.3  11/2-  -7/2  35   -0.03   23.01   23.01    9.52    5.26      14.17   14.17    0.00   -4.52      1.727   1.727   0.000
  28 4029.2   1/2-   1/2  36    0.50   12.32   12.32    0.25   -1.39      14.03   14.03    0.00   -4.93      1.710   1.710   0.000
  29 4749.7  13/2-  -3/2  31   -0.15    3.87    3.87    2.58    1.49      19.13   19.13    0.00    0.01      2.332   2.332   0.000
  30 6248.9  13/2-  -3/2  37   -0.98    2.84    2.84    2.03    0.54      24.46   24.46    0.00   -0.56      2.983   2.983   0.000
  
  31 7022.2   1/2-   1/2  28    0.50   24.31   24.31    0.25   -3.54      27.87   27.87    0.00   -6.96      3.398   3.398   0.000
  32*******   1/2-  -3/2  31    0.00    0.00    0.00    0.00    0.00       0.00    0.00    0.00   -0.00      0.000   0.000   0.000
