1SPECTRUM OF (Z= 82 A=207) IN PARTICLE-ROTOR  MODEL WITH MODIFIED OSCILLATOR POTENTIAL


 PARITY=-   EPS= 0.343   GAMMA=  0.0   EPS4=0.000   EPS6=0.000   LEVELS:  26  27  28  29  30  31  32  33  34  35  36  37  38  39  40

 PAIRING FACTORS: GN0= 19.20  GN1=  7.40  IPAIR= 15 ***  E2PLUS(INPUT)=   0.730  E2PLUR(INPUT)=   0.000

 CORIOLIS ATTENUATION PARAMETERS:  CHSI=1.000  ETA=  1.00

 MOMENT OF INERTIA PARAMETERS:   A1=  0.122 MEV   A2=  0.122 MEV   A3=121.91924 MEV


 DELTA=0.905 MEV  LAMBDA=53.3561 MEV   HW0= 7.5182 MEV   LAMBDA/HW0= 7.0969

 E2ENERGY=0.730 MEV  HBAR**2/B=21814./A**(7/3)=3687.7/A**2 MEV

 IREC=0  =>  RECOIL TERMS j+j-, j+j+, jzjz, ETC TREATED AS ONE-BODY OPERATORS WITH UU+VV PAIRING FACTORS



 S. P. LEVEL   EQP       U     V        (UU + VV)**1.00

     26       3.103    0.147 0.989      1.000 0.999 0.996 0.969 0.967 0.952 0.853 0.652 0.644 0.345 0.337 0.317 0.301 0.272 0.257
     27       2.545    0.181 0.984      0.999 1.000 0.998 0.977 0.975 0.962 0.870 0.677 0.670 0.376 0.369 0.349 0.333 0.305 0.289
     28       1.940    0.240 0.971      0.996 0.998 1.000 0.988 0.987 0.977 0.899 0.721 0.714 0.432 0.425 0.405 0.389 0.362 0.347
     29       1.271    0.386 0.922      0.969 0.977 0.988 1.000 1.000 0.998 0.955 0.818 0.812 0.565 0.558 0.540 0.526 0.500 0.486
     30       1.248    0.394 0.919      0.967 0.975 0.987 1.000 1.000 0.999 0.958 0.824 0.818 0.572 0.566 0.548 0.534 0.508 0.494
     31       1.141    0.442 0.897      0.952 0.962 0.977 0.998 0.999 1.000 0.972 0.852 0.847 0.614 0.608 0.591 0.577 0.553 0.539
     32       0.919    0.642 0.767      0.853 0.870 0.899 0.955 0.958 0.972 1.000 0.952 0.949 0.784 0.779 0.765 0.754 0.734 0.723
     33       1.003    0.846 0.533      0.652 0.677 0.721 0.818 0.824 0.852 0.952 1.000 1.000 0.936 0.934 0.926 0.919 0.907 0.900
     34       1.013    0.851 0.524      0.644 0.670 0.714 0.812 0.818 0.847 0.949 1.000 1.000 0.940 0.937 0.930 0.923 0.911 0.905
     35       2.283    0.979 0.202      0.345 0.376 0.432 0.565 0.572 0.614 0.784 0.936 0.940 1.000 1.000 1.000 0.999 0.997 0.996
     36       2.370    0.981 0.195      0.337 0.369 0.425 0.558 0.566 0.608 0.779 0.934 0.937 1.000 1.000 1.000 0.999 0.998 0.996
     37       2.644    0.985 0.174      0.317 0.349 0.405 0.540 0.548 0.591 0.765 0.926 0.930 1.000 1.000 1.000 1.000 0.999 0.998
     38       2.925    0.988 0.157      0.301 0.333 0.389 0.526 0.534 0.577 0.754 0.919 0.923 0.999 0.999 1.000 1.000 1.000 0.999
     39       3.584    0.992 0.127      0.272 0.305 0.362 0.500 0.508 0.553 0.734 0.907 0.911 0.997 0.998 0.999 1.000 1.000 1.000
     40       4.093    0.994 0.111      0.257 0.289 0.347 0.486 0.494 0.539 0.723 0.900 0.905 0.996 0.996 0.998 0.999 1.000 1.000

  R CORE   ENERGY   A0R/A00=1.000    R3= 0     2  
   2( 1)    0.732                    1.000 0.000
   2( 2)  487.921                    0.000 1.000

  R CORE   ENERGY   A0R/A00=1.000    R3= 0     2  
   3( 1)  488.652                    0.000 1.000

  R CORE   ENERGY   A0R/A00=1.000    R3= 0     2     4  
   4( 1)    2.438                    1.000 0.000 0.000

  R CORE   ENERGY   A0R/A00=1.000    R3= 0     2     4  
   5( 1)  490.847                    0.000 1.000 0.000

  R CORE   ENERGY   A0R/A00=1.000    R3= 0     2     4     6  
   6( 1)    5.121                    1.000 0.000 0.000 0.000

  R CORE   ENERGY   A0R/A00=1.000    R3= 0     2     4     6  
   7( 1)  494.017                    0.000 1.000 0.000 0.000

          AXIAL SYMMETRY => K RESTRICTED TO OMEGA

                     K
     S.P. ORB#: 26  2.50
     S.P. ORB#: 27 -3.50
     S.P. ORB#: 28  0.50
     S.P. ORB#: 29  0.50
     S.P. ORB#: 30 -1.50
     S.P. ORB#: 31 -1.50
     S.P. ORB#: 32 -3.50
     S.P. ORB#: 33  4.50
     S.P. ORB#: 34  2.50
     S.P. ORB#: 35 -3.50
     S.P. ORB#: 36  0.50
     S.P. ORB#: 37 -1.50
     S.P. ORB#: 38  2.50
     S.P. ORB#: 39  0.50
     S.P. ORB#: 40  4.50
 

             ENERGY    K= OMEGA
 
 I=  1/2- (1)  2.524  29: 0.999
 
 I=  1/2- (2)  3.940  39:-0.999
 
 I=  1/2- (3)  5.730  28: 0.351
                      36:-0.936
 
 I=  1/2- (4)  8.769  28: 0.936
                      36: 0.351
 
 I=  1/2- (5)147.444  31:-1.000

             ENERGY    K= OMEGA
 
 I=  3/2- (1)  2.405  29: 0.405
                      31:-0.914
 
 I=  3/2- (2)  2.684  29: 0.811
                      31: 0.361
                      37: 0.433
                      39:-0.158

             ENERGY    K= OMEGA
 
 I=  5/2- (1)  2.740  29:-0.406
                      31:-0.813
                      37: 0.130
                      38: 0.353
                      39:-0.177
 
 I=  5/2- (2)  3.361  26:-0.063
                      29: 0.673
                      31:-0.405
                      37:-0.612
                      38: 0.065
 
 I=  5/2- (3)  3.668  29:-0.350
                      31:-0.200
                      37:-0.338
                      38:-0.831
                      39:-0.177
 
 I=  5/2- (4)  4.298  26: 0.074
                      29: 0.454
                      31:-0.344
                      37: 0.676
                      38:-0.426
                      39: 0.179
 
 I=  5/2- (5)  4.830  26:-0.396
                      29:-0.205
                      31:-0.101
                      37:-0.112
                      39: 0.882

             ENERGY    K= OMEGA
 
 I=  7/2- (1)  1.733  26:-0.187
                      32: 0.981
 
 I=  7/2- (2)  3.356  29:-0.506
                      31: 0.705
                      37:-0.260
                      38: 0.420
 
 I=  7/2- (3)  3.618  28: 0.701
                      30: 0.584
                      34: 0.376
                      35: 0.163
 
 I=  7/2- (4)  3.902  26: 0.062
                      29:-0.645
                      31:-0.504
                      37:-0.469
                      38:-0.214
                      39: 0.244
 
 I=  7/2- (5)  4.376  26:-0.207
                      27:-0.867
                      29:-0.175
                      31: 0.178
                      37: 0.175
                      38:-0.334

             ENERGY    K= OMEGA
 
 I=  9/2- (1)  1.907  26:-0.077
                      27: 0.183
                      32:-0.262
                      33:-0.944
 
 I=  9/2- (2)  2.710  26: 0.256
                      27: 0.091
                      32: 0.925
                      33:-0.260
 
 I=  9/2- (3)  4.133  29: 0.441
                      31: 0.710
                      37:-0.237
                      38:-0.430
                      39: 0.239
 
 I=  9/2- (4)  4.402  28: 0.193
                      30:-0.500
                      34: 0.641
                      35:-0.500
                      40: 0.228
 
 I=  9/2- (5)  5.190  26:-0.110
                      27: 0.069
                      29: 0.544
                      31:-0.470
                      32: 0.057
                      37:-0.668
                      38: 0.114
                      39:-0.066

             ENERGY    K= OMEGA
 
 I= 11/2- (1)  2.894  28: 0.640
                      30: 0.564
                      34: 0.426
                      35: 0.272
                      36: 0.056
                      40: 0.120
 
 I= 11/2- (2)  3.010  26:-0.130
                      27:-0.248
                      32: 0.357
                      33:-0.891
 
 I= 11/2- (3)  3.919  26:-0.298
                      27: 0.134
                      31: 0.051
                      32: 0.872
                      33: 0.356
                      38: 0.060
 
 I= 11/2- (4)  5.272  29: 0.527
                      31:-0.627
                      32: 0.050
                      37: 0.342
                      38:-0.455
 
 I= 11/2- (5)  5.747  28: 0.497
                      30: 0.136
                      34:-0.410
                      35:-0.622
                      40:-0.423

             ENERGY    K= OMEGA
 
 I= 13/2- (1)  4.333  26: 0.177
                      27:-0.290
                      32: 0.418
                      33: 0.842
 
 I= 13/2- (2)  4.394  28:-0.167
                      30: 0.442
                      34:-0.611
                      35: 0.554
                      40:-0.310
 
 I= 13/2- (3)  5.361  26: 0.326
                      27: 0.174
                      31: 0.073
                      32: 0.823
                      33:-0.417
                      38:-0.077
 
 I= 13/2- (4)  6.492  29:-0.452
                      31:-0.662
                      32: 0.080
                      37: 0.277
                      38: 0.439
                      39:-0.280
 
 I= 13/2- (5)  7.996  26:-0.114
                      27: 0.073
                      29: 0.464
                      31:-0.481
                      32: 0.098
                      37:-0.702
                      38: 0.095
                      39:-0.152

             ENERGY     K= 9/2
  32 LEVELS    TIME=  0.0 SEC



 ******************* EXCITATION ENERGIES, DOMINANT CONFIGURATION AND EXPECTATION VALUES (WITH S.P. UU+VV FACTORS) *******************

  NR  Eex(keV)  I   Kdom  NY    <Jz>  <Jx**2> <Jy**2> <Jz**2> <I.j>/|I|  <Rx**2> <Ry**2> <Rz**2> <R.j>/|R|  <HROTx> <HROTy> <HROTz>

   1    0.0   7/2-  -7/2  32   -3.28    2.31    2.31   12.03    3.33       3.00    3.00    0.00   -1.41      0.366   0.366   0.000
   2  173.6   9/2-   9/2  33    3.67    2.52    2.52   19.35    4.24       3.47    3.47   -0.00   -1.25      0.423   0.423  -0.000
   3  671.4   3/2-  -3/2  31   -1.17    4.78    4.78    1.92    1.31       5.08    5.08    0.00   -2.81      0.620   0.620   0.000
   4  790.5   1/2-   1/2  29    0.50    4.77    4.77    0.25    0.17       5.12    5.12    0.00   -3.01      0.624   0.624   0.000
   5  950.4   3/2-   1/2  29   -0.14    3.95    3.95    0.89    0.88       4.57    4.57    0.00   -2.35      0.557   0.557   0.000
  
   6  977.1   9/2-  -7/2  32   -2.55    2.40    2.40   12.37    2.87       6.66    6.66    0.00   -0.79      0.812   0.812   0.000
   7 1006.3   5/2-  -3/2  31   -0.61    4.36    4.36    2.36    1.62       5.13    5.13    0.00   -1.96      0.626   0.626   0.000
   8 1160.4  11/2-   1/2  28   -0.01   24.04   24.04    3.15    6.39       5.27    5.27    0.00   -4.01      0.642   0.642   0.000
   9 1276.7  11/2-   9/2  33    2.95    2.73    2.73   18.50    3.70       7.74    7.74   -0.00   -0.47      0.943   0.943  -0.000
  10 1623.3   7/2-  -3/2  31   -0.28    4.19    4.19    2.46    1.53       7.23    7.23    0.00   -1.26      0.882   0.882   0.000
  
  11 1627.5   5/2-   1/2  29   -0.56    3.44    3.44    1.38    0.68       6.49    6.49   -0.00   -1.73      0.791   0.791  -0.000
  12 1885.3   7/2-   1/2  28   -0.00   23.71   23.71    2.10    6.12       8.35    8.35    0.00   -6.18      1.018   1.018   0.000
  13 1935.0   5/2-   5/2  38    1.57    2.24    2.24    4.71    1.61       4.22    4.22   -0.00   -1.53      0.514   0.514  -0.000
  14 2168.9   7/2-   1/2  29   -0.35    3.54    3.54    1.51    0.85       8.78    8.78    0.00   -1.24      1.071   1.071   0.000
  15 2185.9  11/2-  -7/2  32   -1.93    2.49    2.49   12.68    2.57      11.31   11.31    0.00   -0.47      1.379   1.379   0.000
  
  16 2206.7   1/2-   1/2  39    0.50    1.59    1.59    0.25    0.70       1.48    1.48    0.00   -1.64      0.180   0.180   0.000
  17 2400.1   9/2-  -3/2  31   -0.26    4.04    4.04    2.53    1.57       9.89    9.89    0.00   -0.63      1.206   1.206   0.000
  18 2564.7   5/2-  -3/2  37   -0.28    2.98    2.98    2.52    0.10       8.33    8.33    0.00   -2.01      1.016   1.016   0.000
  19 2599.5  13/2-   9/2  33    2.37    2.92    2.92   17.74    3.33      12.91   12.91    0.00   -0.06      1.574   1.574   0.000
  20 2642.5   7/2-  -7/2  27   -2.32    5.44    5.44   10.33    2.75       7.57    7.57   -0.00   -2.65      0.923   0.923  -0.000
  
  21 2661.1  13/2-   5/2  34    0.01   23.90   23.90    8.49    5.98      10.76   10.76    0.00   -3.13      1.311   1.311   0.000
  22 2668.7   9/2-   5/2  34    0.03   24.14   24.14    7.25    5.74      11.56   11.56    0.00   -5.60      1.409   1.409   0.000
  23 3096.4   5/2-   1/2  39    0.77    2.38    2.38    1.24    0.48       5.97    5.97    0.00   -1.33      0.728   0.728   0.000
  24 3456.5   9/2-  -3/2  37   -0.81    3.13    3.13    1.83    0.60      13.44   13.44    0.00   -0.98      1.638   1.638   0.000
  25 3538.7  11/2-  -3/2  31   -0.12    3.96    3.96    2.58    1.44      14.55   14.55    0.00   -0.36      1.773   1.773   0.000
  
  26 3628.3  13/2-  -7/2  32   -1.42    2.57    2.57   12.91    2.36      16.94   16.94    0.00   -0.27      2.066   2.066   0.000
  27 3997.1   1/2-   1/2  36    0.50   12.32   12.32    0.25   -1.37      14.00   14.00    0.00   -4.93      1.707   1.707   0.000
  28 4013.4  11/2-  -7/2  35   -0.04   22.98   22.98    9.51    5.26      14.18   14.18    0.00   -4.51      1.728   1.728   0.000
  29 4758.5  13/2-  -3/2  31   -0.16    3.89    3.89    2.57    1.49      19.17   19.17    0.00    0.00      2.337   2.337   0.000
  30 6263.1  13/2-  -3/2  37   -0.96    2.89    2.89    2.02    0.53      24.54   24.54    0.00   -0.58      2.991   2.991   0.000
  
  31 7035.5   1/2-   1/2  28    0.50   24.23   24.23    0.25   -3.54      27.79   27.79    0.00   -6.94      3.388   3.388   0.000
  32*******   1/2-  -3/2  31    0.00    0.00    0.00    0.00    0.00       0.00    0.00    0.00   -0.00      0.000   0.000   0.000
