1SPECTRUM OF (Z= 82 A=207) IN PARTICLE-ROTOR  MODEL WITH MODIFIED OSCILLATOR POTENTIAL


 PARITY=-   EPS= 0.452   GAMMA=  0.0   EPS4=0.000   EPS6=0.000   LEVELS:  25  26  27  28  29  30  31  32  33  34  35  36  37  38  39

 PAIRING FACTORS: GN0= 19.20  GN1=  7.40  IPAIR= 15 ***  E2PLUS(INPUT)=   0.730  E2PLUR(INPUT)=   0.000

 CORIOLIS ATTENUATION PARAMETERS:  CHSI=1.000  ETA=  1.00

 MOMENT OF INERTIA PARAMETERS:   A1=  0.122 MEV   A2=  0.122 MEV   A3=121.91923 MEV


 DELTA=0.852 MEV  LAMBDA=53.4700 MEV   HW0= 7.6058 MEV   LAMBDA/HW0= 7.0301

 E2ENERGY=0.730 MEV  HBAR**2/B=37882./A**(7/3)=6403.8/A**2 MEV

 IREC=0  =>  RECOIL TERMS j+j-, j+j+, jzjz, ETC TREATED AS ONE-BODY OPERATORS WITH UU+VV PAIRING FACTORS



 S. P. LEVEL   EQP       U     V        (UU + VV)**1.00

     25       4.206    0.102 0.995      1.000 0.999 0.998 0.995 0.986 0.957 0.833 0.773 0.696 0.347 0.329 0.278 0.277 0.247 0.201
     26       2.969    0.145 0.989      0.999 1.000 1.000 0.998 0.992 0.968 0.856 0.800 0.727 0.388 0.370 0.320 0.318 0.289 0.243
     27       2.713    0.159 0.987      0.998 1.000 1.000 0.999 0.994 0.972 0.864 0.809 0.736 0.401 0.383 0.333 0.332 0.302 0.257
     28       2.184    0.199 0.980      0.995 0.998 0.999 1.000 0.997 0.981 0.883 0.832 0.763 0.438 0.420 0.371 0.370 0.341 0.296
     29       1.651    0.268 0.963      0.986 0.992 0.994 0.997 1.000 0.992 0.914 0.869 0.807 0.500 0.483 0.436 0.435 0.407 0.363
     30       1.193    0.388 0.922      0.957 0.968 0.972 0.981 0.992 1.000 0.958 0.925 0.875 0.606 0.590 0.546 0.545 0.519 0.478
     31       0.869    0.635 0.772      0.833 0.856 0.864 0.883 0.914 0.958 1.000 0.995 0.977 0.808 0.797 0.763 0.762 0.742 0.709
     32       0.852    0.709 0.705      0.773 0.800 0.809 0.832 0.869 0.925 0.995 1.000 0.993 0.863 0.853 0.824 0.823 0.805 0.776
     33       0.876    0.785 0.619      0.696 0.727 0.736 0.763 0.807 0.875 0.977 0.993 1.000 0.915 0.907 0.883 0.883 0.868 0.843
     34       1.760    0.968 0.250      0.347 0.388 0.401 0.438 0.500 0.606 0.808 0.863 0.915 1.000 1.000 0.997 0.997 0.994 0.988
     35       1.895    0.973 0.231      0.329 0.370 0.383 0.420 0.483 0.590 0.797 0.853 0.907 1.000 1.000 0.999 0.998 0.996 0.991
     36       2.421    0.984 0.179      0.278 0.320 0.333 0.371 0.436 0.546 0.763 0.824 0.883 0.997 0.999 1.000 1.000 0.999 0.997
     37       2.442    0.984 0.177      0.277 0.318 0.332 0.370 0.435 0.545 0.762 0.823 0.883 0.997 0.998 1.000 1.000 1.000 0.997
     38       2.933    0.989 0.147      0.247 0.289 0.302 0.341 0.407 0.519 0.742 0.805 0.868 0.994 0.996 0.999 1.000 1.000 0.999
     39       4.283    0.995 0.100      0.201 0.243 0.257 0.296 0.363 0.478 0.709 0.776 0.843 0.988 0.991 0.997 0.997 0.999 1.000

  R CORE   ENERGY   A0R/A00=1.000    R3= 0     2  
   2( 1)    0.732                    1.000 0.000
   2( 2)  487.921                    0.000 1.000

  R CORE   ENERGY   A0R/A00=1.000    R3= 0     2  
   3( 1)  488.652                    0.000 1.000

  R CORE   ENERGY   A0R/A00=1.000    R3= 0     2     4  
   4( 1)    2.438                    1.000 0.000 0.000

  R CORE   ENERGY   A0R/A00=1.000    R3= 0     2     4  
   5( 1)  490.847                    0.000 1.000 0.000

  R CORE   ENERGY   A0R/A00=1.000    R3= 0     2     4     6  
   6( 1)    5.121                    1.000 0.000 0.000 0.000

  R CORE   ENERGY   A0R/A00=1.000    R3= 0     2     4     6  
   7( 1)  494.017                    0.000 1.000 0.000 0.000

          AXIAL SYMMETRY => K RESTRICTED TO OMEGA

                     K
     S.P. ORB#: 25  0.50
     S.P. ORB#: 26 -1.50
     S.P. ORB#: 27 -5.50
     S.P. ORB#: 28  2.50
     S.P. ORB#: 29 -3.50
     S.P. ORB#: 30  2.50
     S.P. ORB#: 31  0.50
     S.P. ORB#: 32  0.50
     S.P. ORB#: 33 -1.50
     S.P. ORB#: 34 -3.50
     S.P. ORB#: 35 -3.50
     S.P. ORB#: 36  0.50
     S.P. ORB#: 37  4.50
     S.P. ORB#: 38 -1.50
     S.P. ORB#: 39  4.50
 

             ENERGY    K= OMEGA
 
 I=  1/2- (1)  2.208  32: 0.999
 
 I=  1/2- (2)  4.049  31:-0.929
                      36: 0.369
 
 I=  1/2- (3)  5.973  25: 0.999
 
 I=  1/2- (4)  6.685  31: 0.369
                      36: 0.929
 
 I=  1/2- (5)147.179  33: 1.000

             ENERGY    K= OMEGA
 
 I=  3/2- (1)  2.210  32:-0.562
                      33: 0.827
 
 I=  3/2- (2)  2.420  25:-0.168
                      32:-0.816
                      33:-0.553

             ENERGY    K= OMEGA
 
 I=  5/2- (1)  2.580  25: 0.222
                      28:-0.053
                      32:-0.510
                      33:-0.829
 
 I=  5/2- (2)  3.402  25: 0.061
                      28: 0.082
                      32:-0.842
                      33: 0.529
 
 I=  5/2- (3)  3.992  28:-0.995
                      33: 0.087
 
 I=  5/2- (4)  4.241  26:-0.099
                      30: 0.083
                      31: 0.826
                      36:-0.481
                      38:-0.262
 
 I=  5/2- (5)  6.207  26: 0.500
                      30:-0.848
                      36:-0.172

             ENERGY    K= OMEGA
 
 I=  7/2- (1)  2.799  28: 0.181
                      35:-0.982
 
 I=  7/2- (2)  3.431  28:-0.072
                      29:-0.099
                      32:-0.731
                      33: 0.669
 
 I=  7/2- (3)  3.577  25: 0.050
                      28:-0.174
                      29:-0.965
                      32: 0.183
 
 I=  7/2- (4)  3.686  25:-0.292
                      29:-0.170
                      32:-0.618
                      33:-0.708
 
 I=  7/2- (5)  4.248  26:-0.230
                      30:-0.227
                      31:-0.853
                      34:-0.085
                      36:-0.248
                      38:-0.315

             ENERGY    K= OMEGA
 
 I=  9/2- (1)  3.311  28:-0.117
                      29: 0.304
                      35:-0.352
                      37:-0.878
 
 I=  9/2- (2)  3.879  25:-0.092
                      28: 0.233
                      29: 0.170
                      32: 0.140
                      33: 0.216
                      35: 0.859
                      37:-0.324
 
 I=  9/2- (3)  3.998  25: 0.334
                      29: 0.068
                      32:-0.533
                      33:-0.724
                      35: 0.270
                      37:-0.059
 
 I=  9/2- (4)  4.799  28:-0.256
                      29: 0.902
                      32: 0.053
                      37: 0.343
 
 I=  9/2- (5)  4.894  26:-0.342
                      30: 0.472
                      31: 0.586
                      34:-0.332
                      36:-0.336
                      38:-0.262
                      39: 0.159

             ENERGY    K= OMEGA
 
 I= 11/2- (1)  4.048  27: 0.993
                      37: 0.108
 
 I= 11/2- (2)  4.427  27:-0.119
                      28: 0.163
                      29: 0.375
                      35:-0.398
                      37: 0.812
 
 I= 11/2- (3)  4.790  26:-0.382
                      30:-0.486
                      31:-0.581
                      34:-0.361
                      36:-0.210
                      38:-0.256
                      39:-0.199
 
 I= 11/2- (4)  5.190  28:-0.268
                      29: 0.239
                      33: 0.098
                      35: 0.854
                      37: 0.363
 
 I= 11/2- (5)  5.611  25:-0.138
                      32:-0.876
                      33: 0.453
                      35:-0.078

             ENERGY    K= OMEGA
 
 I= 13/2- (1)  5.544  26: 0.394
                      30:-0.587
                      31:-0.256
                      34: 0.538
                      36: 0.106
                      38: 0.144
                      39:-0.337
 
 I= 13/2- (2)  5.614  27:-0.935
                      28: 0.059
                      29:-0.141
                      35: 0.127
                      37: 0.292
 
 I= 13/2- (3)  5.804  27: 0.352
                      28: 0.192
                      29:-0.392
                      33: 0.064
                      35: 0.402
                      37: 0.719
 
 I= 13/2- (4)  6.252  25: 0.427
                      28:-0.077
                      32:-0.549
                      33:-0.702
                      37: 0.117
 
 I= 13/2- (5)  6.742  25: 0.055
                      28: 0.282
                      29: 0.277
                      32:-0.081
                      33:-0.063
                      35: 0.834
                      37:-0.366

             ENERGY     K= 9/2
  32 LEVELS    TIME=  0.0 SEC



 ******************* EXCITATION ENERGIES, DOMINANT CONFIGURATION AND EXPECTATION VALUES (WITH S.P. UU+VV FACTORS) *******************

  NR  Eex(keV)  I   Kdom  NY    <Jz>  <Jx**2> <Jy**2> <Jz**2> <I.j>/|I|  <Rx**2> <Ry**2> <Rz**2> <R.j>/|R|  <HROTx> <HROTy> <HROTz>

   1    0.0   1/2-   1/2  32    0.50    5.17    5.17    0.25    0.17       5.53    5.53   -0.00   -3.14      0.674   0.674  -0.000
   2    1.8   3/2-  -3/2  33   -0.87    5.16    5.16    1.62    1.21       5.50    5.50    0.00   -2.89      0.670   0.670   0.000
   3  212.0   3/2-   1/2  32   -0.11    5.13    5.13    0.86    0.74       6.01    6.01    0.00   -2.80      0.733   0.733   0.000
   4  371.7   5/2-  -3/2  33   -0.87    5.34    5.34    1.64    1.42       6.32    6.32    0.00   -2.28      0.771   0.771   0.000
   5  590.4   7/2-  -7/2  35   -3.30    2.37    2.37   12.04    3.17       3.67    3.67   -0.00   -1.55      0.448   0.448  -0.000
  
   6 1102.5   9/2-   9/2  37    2.74    2.81    2.81   18.32    4.06       4.16    4.16    0.00   -1.30      0.507   0.507   0.000
   7 1193.5   5/2-   1/2  32   -0.05    5.20    5.20    0.85   -0.12      10.34   10.34    0.00   -2.55      1.260   1.260   0.000
   8 1222.6   7/2-   1/2  32   -0.43    5.15    5.15    1.31    0.81      10.45   10.45    0.00   -1.83      1.274   1.274   0.000
   9 1369.3   7/2-  -7/2  29   -3.17    6.26    6.26   11.62    3.03       7.92    7.92    0.00   -3.04      0.966   0.966   0.001
  10 1477.8   7/2-  -3/2  33   -0.62    5.27    5.27    1.62    0.92      10.29   10.29    0.00   -1.87      1.254   1.254   0.000
  
  11 1670.8   9/2-  -7/2  35   -2.13    2.75    2.75   11.96    2.62       8.06    8.06   -0.00   -1.10      0.983   0.983  -0.000
  12 1784.1   5/2-   5/2  28    2.47    6.12    6.12    6.21    2.07       7.47    7.47    0.00   -3.19      0.910   0.910   0.000
  13 1789.7   9/2-  -3/2  33   -0.84    5.29    5.29    2.29    1.58      10.97   10.97    0.00   -1.07      1.337   1.337   0.000
  14 1839.8  11/2- -11/2  27   -5.38    2.75    2.75   30.08    5.05       5.50    5.50    0.00   -1.63      0.670   0.670   0.000
  15 1840.6   1/2-   1/2  31    0.50   12.56   12.56    0.25    1.03      12.17   12.17   -0.00   -4.96      1.484   1.484  -0.000
  
  16 2032.9   5/2-   1/2  31    0.36   13.04   13.04    0.45    2.01      11.68   11.68    0.00   -4.26      1.424   1.424   0.000
  17 2040.2   7/2-   1/2  31    0.27   16.24   16.24    0.95    3.15      12.08   12.08    0.00   -4.26      1.472   1.472   0.000
  18 2219.0  11/2-   9/2  37    1.91    3.08    3.08   17.61    3.48       8.97    8.97    0.00   -0.70      1.094   1.094   0.000
  19 2581.8  11/2-   1/2  31    0.19   19.86   19.86    4.45    4.57      12.64   12.64    0.00   -3.35      1.541   1.541   0.000
  20 2590.6   9/2-  -7/2  29   -2.15    5.82    5.82   12.76    2.45      12.39   12.39    0.00   -2.45      1.510   1.510   0.001
  
  21 2685.6   9/2-   1/2  31    0.24   18.05   18.05    3.79    3.85      13.15   13.15    0.00   -4.04      1.603   1.603   0.000
  22 2981.9  11/2-  -7/2  35   -1.99    2.68    2.68   12.77    2.29      13.23   13.23   -0.00   -0.86      1.613   1.613  -0.000
  23 3335.9  13/2-   5/2  30    0.13   21.96   21.96    8.42    5.16      14.48   14.48    0.00   -3.02      1.766   1.766   0.000
  24 3403.3  11/2-   1/2  32    0.06    5.10    5.10    0.76    0.70      19.20   19.20    0.00   -1.10      2.340   2.340   0.000
  25 3405.6  13/2- -11/2  27   -4.55    2.80    2.80   28.66    4.21      12.14   12.14    0.00   -0.99      1.480   1.480   0.000
  
  26 3595.6  13/2-   9/2  37    0.63    3.24    3.24   18.33    3.18      14.58   14.58    0.00   -0.48      1.777   1.777   0.000
  27 3764.5   1/2-   1/2  25    0.50    7.33    7.33    0.25    0.64       7.27    7.27    0.00   -3.76      0.887   0.887   0.000
  28 3998.7   5/2-   5/2  30    1.44   22.83   22.83    5.06    3.77      18.59   18.59    0.00   -6.49      2.266   2.266   0.000
  29 4044.2  13/2-  -3/2  33   -0.44    5.67    5.67    1.60    1.63      19.46   19.46    0.00   -0.25      2.372   2.372   0.000
  30 4476.6   1/2-   1/2  36    0.50   17.15   17.15    0.25   -0.81      18.35   18.35    0.00   -5.82      2.238   2.238   0.000
  
  31 4533.7  13/2-  -7/2  35   -1.91    2.79    2.79   12.70    2.00      19.57   19.57    0.00   -0.69      2.386   2.386   0.000
  32*******   1/2-  -3/2  33    0.00    0.00    0.00    0.00   -0.00       0.00    0.00    0.00   -0.00      0.000   0.000   0.000
