1SPECTRUM OF (Z= 82 A=207) IN PARTICLE-ROTOR  MODEL WITH MODIFIED OSCILLATOR POTENTIAL


 PARITY=-   EPS= 0.250   GAMMA=  0.0   EPS4=0.000   EPS6=0.000   LEVELS:  26  27  28  29  30  31  32  33  34  35  36  37  38  39  40

 PAIRING FACTORS: GN0= 19.20  GN1=  7.40  IPAIR= 15 ***  E2PLUS(INPUT)=   0.730  E2PLUR(INPUT)=   0.000

 CORIOLIS ATTENUATION PARAMETERS:  CHSI=1.000  ETA=  1.00

 MOMENT OF INERTIA PARAMETERS:   A1=  0.122 MEV   A2=  0.122 MEV   A3=121.91924 MEV


 DELTA=0.938 MEV  LAMBDA=53.4035 MEV   HW0= 7.4660 MEV   LAMBDA/HW0= 7.1529

 E2ENERGY=0.730 MEV  HBAR**2/B=11589./A**(7/3)=1959.0/A**2 MEV

 IREC=0  =>  RECOIL TERMS j+j-, j+j+, jzjz, ETC TREATED AS ONE-BODY OPERATORS WITH UU+VV PAIRING FACTORS



 S. P. LEVEL   EQP       U     V        (UU + VV)**1.00

     26       3.857    0.122 0.992      1.000 1.000 0.992 0.990 0.985 0.974 0.738 0.577 0.484 0.426 0.400 0.338 0.296 0.241 0.236
     27       3.310    0.143 0.990      1.000 1.000 0.994 0.992 0.989 0.979 0.752 0.594 0.502 0.445 0.419 0.358 0.316 0.261 0.256
     28       1.938    0.250 0.968      0.992 0.994 1.000 1.000 0.999 0.995 0.819 0.678 0.593 0.540 0.515 0.457 0.417 0.364 0.359
     29       1.846    0.263 0.965      0.990 0.992 1.000 1.000 1.000 0.996 0.827 0.688 0.604 0.552 0.527 0.469 0.430 0.377 0.372
     30       1.685    0.291 0.957      0.985 0.989 0.999 1.000 1.000 0.998 0.843 0.709 0.627 0.575 0.551 0.494 0.456 0.404 0.399
     31       1.452    0.344 0.939      0.974 0.979 0.995 0.996 0.998 1.000 0.872 0.747 0.669 0.620 0.597 0.542 0.505 0.454 0.449
     32       0.949    0.760 0.650      0.738 0.752 0.819 0.827 0.843 0.872 1.000 0.977 0.947 0.925 0.913 0.884 0.863 0.832 0.829
     33       1.125    0.881 0.473      0.577 0.594 0.678 0.688 0.709 0.747 0.977 1.000 0.994 0.985 0.979 0.964 0.951 0.931 0.930
     34       1.354    0.928 0.373      0.484 0.502 0.593 0.604 0.627 0.669 0.947 0.994 1.000 0.998 0.996 0.987 0.979 0.966 0.965
     35       1.579    0.950 0.312      0.426 0.445 0.540 0.552 0.575 0.620 0.925 0.985 0.998 1.000 1.000 0.995 0.990 0.981 0.980
     36       1.718    0.959 0.285      0.400 0.419 0.515 0.527 0.551 0.597 0.913 0.979 0.996 1.000 1.000 0.998 0.994 0.986 0.985
     37       2.182    0.975 0.220      0.338 0.358 0.457 0.469 0.494 0.542 0.884 0.964 0.987 0.995 0.998 1.000 0.999 0.995 0.994
     38       2.691    0.984 0.177      0.296 0.316 0.417 0.430 0.456 0.505 0.863 0.951 0.979 0.990 0.994 0.999 1.000 0.998 0.998
     39       3.930    0.993 0.120      0.241 0.261 0.364 0.377 0.404 0.454 0.832 0.931 0.966 0.981 0.986 0.995 0.998 1.000 1.000
     40       4.108    0.993 0.115      0.236 0.256 0.359 0.372 0.399 0.449 0.829 0.930 0.965 0.980 0.985 0.994 0.998 1.000 1.000

  R CORE   ENERGY   A0R/A00=1.000    R3= 0     2  
   2( 1)    0.732                    1.000 0.000
   2( 2)  487.921                    0.000 1.000

  R CORE   ENERGY   A0R/A00=1.000    R3= 0     2  
   3( 1)  488.652                    0.000 1.000

  R CORE   ENERGY   A0R/A00=1.000    R3= 0     2     4  
   4( 1)    2.438                    1.000 0.000 0.000

  R CORE   ENERGY   A0R/A00=1.000    R3= 0     2     4  
   5( 1)  490.847                    0.000 1.000 0.000

  R CORE   ENERGY   A0R/A00=1.000    R3= 0     2     4     6  
   6( 1)    5.121                    1.000 0.000 0.000 0.000

  R CORE   ENERGY   A0R/A00=1.000    R3= 0     2     4     6  
   7( 1)  494.017                    0.000 1.000 0.000 0.000

          AXIAL SYMMETRY => K RESTRICTED TO OMEGA

                     K
     S.P. ORB#: 26  2.50
     S.P. ORB#: 27 -3.50
     S.P. ORB#: 28 -3.50
     S.P. ORB#: 29  0.50
     S.P. ORB#: 30 -1.50
     S.P. ORB#: 31  4.50
     S.P. ORB#: 32  0.50
     S.P. ORB#: 33 -1.50
     S.P. ORB#: 34 -1.50
     S.P. ORB#: 35  2.50
     S.P. ORB#: 36  2.50
     S.P. ORB#: 37  0.50
     S.P. ORB#: 38 -3.50
     S.P. ORB#: 39  4.50
     S.P. ORB#: 40  0.50
 

             ENERGY    K= OMEGA
 
 I=  1/2- (1)  2.484  29:-0.066
                      37:-0.998
 
 I=  1/2- (2)  2.982  29: 0.998
                      37:-0.066
 
 I=  1/2- (3)  6.617  32: 0.687
                      40:-0.726
 
 I=  1/2- (4)  9.953  32:-0.726
                      40:-0.687
 
 I=  1/2- (5)147.428  33:-1.000

             ENERGY    K= OMEGA
 
 I=  3/2- (1)  1.877  29:-0.191
                      30:-0.094
                      34:-0.974
                      37: 0.071
 
 I=  3/2- (2)  2.825  29:-0.293
                      30: 0.930
                      37:-0.219
 
 I=  3/2- (3)  3.017  29: 0.552
                      34:-0.165
                      37:-0.817
 
 I=  3/2- (4)  3.617  29: 0.757
                      30: 0.356
                      34:-0.144
                      37: 0.529
 
 I=  3/2- (5)  4.793  32:-0.826
                      33:-0.357
                      40: 0.435

             ENERGY    K= OMEGA
 
 I=  5/2- (1)  2.066  29: 0.156
                      30: 0.201
                      34:-0.492
                      35:-0.831
                      37: 0.052
 
 I=  5/2- (2)  2.532  29: 0.198
                      30:-0.231
                      34:-0.826
                      35: 0.466
                      37:-0.083
 
 I=  5/2- (3)  3.013  29:-0.328
                      30:-0.453
                      35:-0.223
                      37:-0.799
 
 I=  5/2- (4)  3.687  29: 0.302
                      30: 0.728
                      35: 0.180
                      37:-0.587
 
 I=  5/2- (5)  4.302  29:-0.859
                      30: 0.413
                      34:-0.271
                      35: 0.104
                      37: 0.088

             ENERGY    K= OMEGA
 
 I=  7/2- (1)  2.673  26:-0.175
                      27: 0.085
                      28: 0.805
                      29:-0.109
                      30: 0.165
                      34:-0.244
                      35: 0.464
 
 I=  7/2- (2)  2.697  26:-0.148
                      28: 0.534
                      29: 0.200
                      30:-0.200
                      34: 0.497
                      35:-0.605
 
 I=  7/2- (3)  3.215  32:-0.749
                      33:-0.558
                      36:-0.323
                      38:-0.126
                      40: 0.086
 
 I=  7/2- (4)  3.339  28:-0.105
                      29: 0.287
                      30: 0.302
                      34: 0.721
                      35: 0.509
                      37:-0.187
 
 I=  7/2- (5)  4.272  27:-0.061
                      29:-0.499
                      30: 0.778
                      34: 0.084
                      35:-0.344
                      37:-0.122

             ENERGY    K= OMEGA
 
 I=  9/2- (1)  2.240  26:-0.068
                      27: 0.240
                      28:-0.177
                      31:-0.952
 
 I=  9/2- (2)  3.526  26:-0.052
                      27:-0.066
                      28:-0.246
                      29:-0.257
                      30:-0.338
                      34: 0.484
                      35: 0.705
                      37:-0.146
 
 I=  9/2- (3)  3.580  26: 0.307
                      27: 0.088
                      28: 0.889
                      29:-0.092
                      30:-0.050
                      31:-0.172
                      34: 0.227
                      35: 0.123
 
 I=  9/2- (4)  4.309  32: 0.223
                      33:-0.557
                      36: 0.623
                      38:-0.456
                      39: 0.211
 
 I=  9/2- (5)  4.448  28:-0.129
                      29:-0.149
                      30: 0.408
                      34: 0.744
                      35:-0.340
                      37: 0.352

             ENERGY    K= OMEGA
 
 I= 11/2- (1)  2.226  32: 0.674
                      33: 0.567
                      36: 0.401
                      38: 0.231
                      39: 0.097
 
 I= 11/2- (2)  3.230  26: 0.113
                      27: 0.321
                      28:-0.245
                      31: 0.907
 
 I= 11/2- (3)  4.642  27:-0.053
                      28:-0.137
                      29: 0.302
                      30:-0.339
                      34: 0.543
                      35:-0.690
 
 I= 11/2- (4)  4.703  26:-0.361
                      27: 0.127
                      28: 0.869
                      29: 0.075
                      31: 0.241
                      34: 0.181
 
 I= 11/2- (5)  5.668  28: 0.154
                      29:-0.347
                      30:-0.380
                      34:-0.627
                      35:-0.495
                      37: 0.266

             ENERGY    K= OMEGA
 
 I= 13/2- (1)  4.003  32: 0.191
                      33:-0.501
                      36: 0.610
                      38:-0.511
                      39: 0.281
 
 I= 13/2- (2)  4.442  26: 0.152
                      27:-0.371
                      28: 0.291
                      31: 0.867
 
 I= 13/2- (3)  5.918  28:-0.120
                      29:-0.332
                      30:-0.411
                      34: 0.489
                      35: 0.644
                      37:-0.222
 
 I= 13/2- (4)  6.067  26: 0.396
                      27: 0.157
                      28: 0.836
                      29:-0.068
                      31:-0.291
                      34: 0.175
 
 I= 13/2- (5)  7.191  28: 0.117
                      30:-0.404
                      34:-0.578
                      35:-0.057
                      37:-0.694

             ENERGY     K= 1/2
  35 LEVELS    TIME=  0.0 SEC



 ******************* EXCITATION ENERGIES, DOMINANT CONFIGURATION AND EXPECTATION VALUES (WITH S.P. UU+VV FACTORS) *******************

  NR  Eex(keV)  I   Kdom  NY    <Jz>  <Jx**2> <Jy**2> <Jz**2> <I.j>/|I|  <Rx**2> <Ry**2> <Rz**2> <R.j>/|R|  <HROTx> <HROTy> <HROTz>

   1    0.0   3/2-  -3/2  34   -1.42    1.70    1.70    2.17    1.35       2.04    2.04    0.00   -1.46      0.249   0.249   0.000
   2  188.8   5/2-   5/2  35    1.32    1.95    1.95    4.96    2.24       2.17    2.17    0.00   -1.07      0.264   0.264   0.000
   3  348.5  11/2-   1/2  32    0.00   26.57   26.57    2.68    6.99       4.00    4.00    0.00   -4.96      0.487   0.487   0.000
   4  362.5   9/2-   9/2  31    3.77    2.61    2.61   19.46    4.43       2.68    2.68   -0.00   -1.14      0.327   0.327  -0.000
   5  606.8   1/2-   1/2  37    0.50    1.48    1.48    0.25    0.85       1.24    1.24   -0.00   -1.57      0.152   0.152  -0.000
  
   6  654.9   5/2-  -3/2  34   -0.53    1.72    1.72    3.03    1.07       4.44    4.44    0.00   -1.11      0.541   0.541   0.000
   7  795.8   7/2-  -7/2  28   -1.80    2.20    2.20    9.77    2.96       3.23    3.23   -0.00   -0.96      0.393   0.393  -0.000
   8  819.4   7/2-   5/2  35   -0.44    2.26    2.26    6.57    2.34       4.12    4.12    0.00   -0.62      0.503   0.503   0.000
   9  948.0   3/2-  -3/2  30   -1.23    4.24    4.24    1.98    1.33       4.52    4.52   -0.00   -2.62      0.552   0.552  -0.000
  10 1104.8   1/2-   1/2  29    0.50    4.30    4.30    0.25    0.17       4.65    4.65    0.00   -2.85      0.567   0.567   0.000
  
  11 1135.6   5/2-   1/2  37    0.19    2.47    2.47    0.96    1.09       4.09    4.09    0.00   -0.93      0.499   0.499   0.000
  12 1139.6   3/2-   1/2  37    0.44    2.10    2.10    0.31    0.10       3.94    3.94    0.00   -1.54      0.480   0.480   0.000
  13 1337.8   7/2-   1/2  32    0.02   25.69   25.69    1.69    6.52       8.53    8.53    0.00   -6.58      1.040   1.040   0.000
  14 1353.4  11/2-   9/2  31    3.16    2.89    2.89   18.74    3.99       6.26    6.26   -0.00   -0.18      0.764   0.764  -0.000
  15 1461.9   7/2-  -3/2  34   -0.25    1.89    1.89    3.17    0.98       7.46    7.46    0.00   -0.79      0.909   0.909   0.000
  
  16 1648.9   9/2-   5/2  35    0.54    2.36    2.36    4.72    1.85       7.88    7.88    0.00   -0.06      0.961   0.961   0.000
  17 1702.6   9/2-  -7/2  28   -2.46    2.48    2.48   11.18    2.87       6.16    6.16   -0.00   -0.53      0.751   0.751  -0.000
  18 1740.1   3/2-   1/2  29    0.21    3.71    3.71    0.54   -0.59       7.00    7.00   -0.00   -2.44      0.854   0.854  -0.000
  19 1810.0   5/2-  -3/2  30   -0.50    3.12    3.12    1.51    0.27       7.46    7.46   -0.00   -1.80      0.910   0.910  -0.000
  20 2126.2  13/2-   5/2  36    0.01   25.43   25.43    7.69    6.49       8.34    8.34    0.00   -3.24      1.017   1.017   0.000
  
  21 2395.2   7/2-  -3/2  30   -0.50    3.91    3.91    2.24    0.62      10.44   10.44   -0.00   -1.66      1.273   1.273  -0.000
  22 2424.8   5/2-   1/2  29    0.04    4.17    4.17    0.80   -0.47      10.33   10.33    0.00   -2.32      1.260   1.260   0.000
  23 2432.3   9/2-   5/2  36    0.00   25.73   25.73    6.58    6.25      10.31   10.31    0.00   -5.94      1.257   1.257   0.000
  24 2564.6  13/2-   9/2  31    2.66    3.12    3.12   18.09    3.68      10.82   10.82   -0.00    0.30      1.319   1.319  -0.001
  25 2571.1   9/2-  -3/2  34   -0.77    1.81    1.81    2.59    0.73      11.84   11.84    0.00   -0.53      1.444   1.444   0.000
  
  26 2764.9  11/2-   5/2  35    0.55    2.41    2.41    4.20    1.63      12.63   12.63    0.00    0.15      1.540   1.540   0.000
  27 2825.5  11/2-  -7/2  28   -2.16    2.57    2.57   11.53    2.64      10.42   10.42   -0.00   -0.19      1.270   1.270  -0.000
  28 2915.6   3/2-   1/2  32    0.24   19.78   19.78    0.51    4.49      13.22   13.22    0.00   -6.10      1.611   1.611   0.000
  29 3791.1  11/2-  -3/2  34   -0.17    2.08    2.08    3.12    0.80      16.73   16.73    0.00   -0.43      2.039   2.039   0.000
  30 4041.3  13/2-   5/2  35    0.45    2.65    2.65    3.78    1.61      17.66   17.66    0.00    0.37      2.153   2.153   0.000
  
  31 4190.1  13/2-  -7/2  28   -1.80    2.65    2.65   11.63    2.44      15.81   15.81   -0.00    0.02      1.927   1.927  -0.000
  32 4739.5   1/2-   1/2  40    0.50   13.83   13.83    0.25   -2.40      16.41   16.41    0.00   -5.23      2.001   2.001   0.000
  33 5313.8  13/2-   1/2  37   -0.55    1.77    1.77    1.44    0.69      22.03   22.03    0.00   -0.02      2.685   2.685   0.000
  34 8075.9   1/2-   1/2  32    0.50   27.07   27.07    0.25   -3.74      30.81   30.81    0.00   -7.34      3.756   3.756   0.000
  35*******   1/2-  -3/2  33    0.00    0.00    0.00    0.00   -0.00       0.00    0.00   -0.00   -0.00      0.000   0.000  -0.000
  
