1SPECTRUM OF (Z= 82 A=207) IN PARTICLE-ROTOR  MODEL WITH MODIFIED OSCILLATOR POTENTIAL


 PARITY=-   EPS= 0.162   GAMMA=  0.0   EPS4=0.000   EPS6=0.000   LEVELS:  24  25  26  27  28  29  30  31  32  33  34  35  36  37  38

 PAIRING FACTORS: GN0= 19.20  GN1=  7.40  IPAIR= 15 ***  E2PLUS(INPUT)=   0.730  E2PLUR(INPUT)=   0.000

 CORIOLIS ATTENUATION PARAMETERS:  CHSI=1.000  ETA=  1.00

 MOMENT OF INERTIA PARAMETERS:   A1=  0.122 MEV   A2=  0.122 MEV   A3=121.91922 MEV


 DELTA=0.858 MEV  LAMBDA=53.4105 MEV   HW0= 7.4334 MEV   LAMBDA/HW0= 7.1852

 E2ENERGY=0.730 MEV  HBAR**2/B= 4866./A**(7/3)= 822.6/A**2 MEV

 IREC=0  =>  RECOIL TERMS j+j-, j+j+, jzjz, ETC TREATED AS ONE-BODY OPERATORS WITH UU+VV PAIRING FACTORS



 S. P. LEVEL   EQP       U     V        (UU + VV)**1.00

     24       5.067    0.085 0.996      1.000 1.000 1.000 1.000 0.998 0.996 0.993 0.991 0.849 0.753 0.488 0.313 0.289 0.255 0.222
     25       4.354    0.099 0.995      1.000 1.000 1.000 1.000 0.999 0.997 0.995 0.993 0.857 0.762 0.500 0.327 0.303 0.269 0.236
     26       3.863    0.112 0.994      1.000 1.000 1.000 1.000 1.000 0.998 0.996 0.994 0.863 0.771 0.511 0.339 0.315 0.281 0.248
     27       3.744    0.115 0.993      1.000 1.000 1.000 1.000 1.000 0.998 0.996 0.995 0.865 0.773 0.514 0.342 0.318 0.284 0.252
     28       3.084    0.140 0.990      0.998 0.999 1.000 1.000 1.000 1.000 0.998 0.997 0.878 0.789 0.536 0.366 0.342 0.309 0.276
     29       2.544    0.171 0.985      0.996 0.997 0.998 0.998 1.000 1.000 1.000 0.999 0.892 0.807 0.562 0.395 0.371 0.338 0.306
     30       2.189    0.200 0.980      0.993 0.995 0.996 0.996 0.998 1.000 1.000 1.000 0.905 0.824 0.586 0.421 0.398 0.366 0.334
     31       2.030    0.216 0.976      0.991 0.993 0.994 0.995 0.997 0.999 1.000 1.000 0.912 0.834 0.599 0.437 0.414 0.381 0.350
     32       0.895    0.598 0.802      0.849 0.857 0.863 0.865 0.878 0.892 0.905 0.912 1.000 0.987 0.875 0.767 0.751 0.727 0.703
     33       0.858    0.720 0.694      0.753 0.762 0.771 0.773 0.789 0.807 0.824 0.834 0.987 1.000 0.942 0.861 0.848 0.828 0.809
     34       1.142    0.911 0.412      0.488 0.500 0.511 0.514 0.536 0.562 0.586 0.599 0.875 0.942 1.000 0.982 0.977 0.968 0.959
     35       1.904    0.973 0.232      0.313 0.327 0.339 0.342 0.366 0.395 0.421 0.437 0.767 0.861 0.982 1.000 1.000 0.998 0.996
     36       2.118    0.978 0.207      0.289 0.303 0.315 0.318 0.342 0.371 0.398 0.414 0.751 0.848 0.977 1.000 1.000 0.999 0.998
     37       2.531    0.985 0.172      0.255 0.269 0.281 0.284 0.309 0.338 0.366 0.381 0.727 0.828 0.968 0.998 0.999 1.000 0.999
     38       3.126    0.990 0.139      0.222 0.236 0.248 0.252 0.276 0.306 0.334 0.350 0.703 0.809 0.959 0.996 0.998 0.999 1.000

  R CORE   ENERGY   A0R/A00=1.000    R3= 0     2  
   2( 1)    0.732                    1.000 0.000
   2( 2)  487.921                    0.000 1.000

  R CORE   ENERGY   A0R/A00=1.000    R3= 0     2  
   3( 1)  488.652                    0.000 1.000

  R CORE   ENERGY   A0R/A00=1.000    R3= 0     2     4  
   4( 1)    2.438                    1.000 0.000 0.000

  R CORE   ENERGY   A0R/A00=1.000    R3= 0     2     4  
   5( 1)  490.847                    0.000 1.000 0.000

  R CORE   ENERGY   A0R/A00=1.000    R3= 0     2     4     6  
   6( 1)    5.121                    1.000 0.000 0.000 0.000

  R CORE   ENERGY   A0R/A00=1.000    R3= 0     2     4     6  
   7( 1)  494.017                    0.000 1.000 0.000 0.000

          AXIAL SYMMETRY => K RESTRICTED TO OMEGA

                     K
     S.P. ORB#: 24  2.50
     S.P. ORB#: 25  2.50
     S.P. ORB#: 26 -3.50
     S.P. ORB#: 27  0.50
     S.P. ORB#: 28 -3.50
     S.P. ORB#: 29  4.50
     S.P. ORB#: 30  0.50
     S.P. ORB#: 31 -1.50
     S.P. ORB#: 32 -1.50
     S.P. ORB#: 33  2.50
     S.P. ORB#: 34  0.50
     S.P. ORB#: 35  0.50
     S.P. ORB#: 36 -1.50
     S.P. ORB#: 37  2.50
     S.P. ORB#: 38 -3.50
 

             ENERGY    K= OMEGA
 
 I=  1/2- (1)  1.367  27:-0.065
                      34:-0.998
 
 I=  1/2- (2)  3.171  30: 1.000
 
 I=  1/2- (3)  4.804  27: 0.997
                      34:-0.065
 
 I=  1/2- (4) 10.091  35:-1.000
 
 I=  1/2- (5)147.198  32:-1.000

             ENERGY    K= OMEGA
 
 I=  3/2- (1)  1.351  27: 0.054
                      30: 0.201
                      31: 0.122
                      32: 0.965
                      34:-0.101
 
 I=  3/2- (2)  2.036  30:-0.128
                      31:-0.100
                      32: 0.141
                      34: 0.977

             ENERGY    K= OMEGA
 
 I=  5/2- (1)  1.314  27:-0.051
                      30: 0.131
                      31: 0.188
                      32:-0.374
                      33:-0.893
                      34: 0.081
 
 I=  5/2- (2)  1.947  30:-0.246
                      31: 0.164
                      32: 0.880
                      33:-0.369
 
 I=  5/2- (3)  2.053  30:-0.113
                      31:-0.158
                      33:-0.125
                      34:-0.972
 
 I=  5/2- (4)  3.203  24: 0.069
                      27:-0.403
                      30: 0.457
                      31: 0.736
                      32: 0.078
                      33: 0.192
                      34:-0.198
 
 I=  5/2- (5)  4.522  24: 0.061
                      27: 0.073
                      30:-0.791
                      31: 0.528
                      32:-0.275
                      33: 0.105

             ENERGY    K= OMEGA
 
 I=  7/2- (1)  1.942  30: 0.172
                      31:-0.228
                      32: 0.466
                      33:-0.836
 
 I=  7/2- (2)  2.566  25:-0.064
                      27:-0.186
                      28: 0.051
                      30:-0.363
                      31:-0.298
                      32:-0.727
                      33:-0.399
                      34: 0.221
 
 I=  7/2- (3)  3.662  25:-0.080
                      27: 0.057
                      28: 0.197
                      30: 0.122
                      31: 0.171
                      32:-0.293
                      33:-0.183
                      34:-0.887
 
 I=  7/2- (4)  3.791  24:-0.095
                      25: 0.241
                      26: 0.172
                      28:-0.923
                      32:-0.104
                      33:-0.079
                      34:-0.180
 
 I=  7/2- (5)  4.342  35: 0.714
                      36: 0.576
                      37: 0.364
                      38: 0.161

             ENERGY    K= OMEGA
 
 I=  9/2- (1)  2.577  26:-0.079
                      27: 0.179
                      29: 0.081
                      30:-0.305
                      31:-0.369
                      32: 0.453
                      33: 0.691
                      34:-0.204
 
 I=  9/2- (2)  3.237  24: 0.075
                      25: 0.081
                      26: 0.294
                      28: 0.190
                      29:-0.923
                      30:-0.051
                      32: 0.067
 
 I=  9/2- (3)  3.689  27: 0.063
                      30:-0.092
                      31:-0.223
                      32:-0.307
                      33:-0.239
                      34:-0.884
 
 I=  9/2- (4)  3.755  25:-0.111
                      26: 0.058
                      28:-0.140
                      30:-0.332
                      31: 0.225
                      32: 0.706
                      33:-0.534
                      34:-0.132
 
 I=  9/2- (5)  4.609  24: 0.162
                      25:-0.216
                      26: 0.155
                      27:-0.370
                      28:-0.573
                      29:-0.076
                      30: 0.334
                      31: 0.359
                      32: 0.063
                      33: 0.316
                      34:-0.296

             ENERGY    K= OMEGA
 
 I= 11/2- (1)  3.137  35: 0.678
                      36: 0.576
                      37: 0.406
                      38: 0.208
 
 I= 11/2- (2)  3.765  24:-0.062
                      25:-0.083
                      26: 0.200
                      28: 0.081
                      29: 0.289
                      30:-0.232
                      31: 0.302
                      32:-0.477
                      33: 0.697
 
 I= 11/2- (3)  4.150  24: 0.119
                      25: 0.099
                      26:-0.356
                      28:-0.220
                      29:-0.805
                      30:-0.153
                      31: 0.051
                      32:-0.266
                      33: 0.230
 
 I= 11/2- (4)  4.496  24: 0.065
                      25:-0.112
                      27:-0.293
                      28: 0.147
                      29: 0.111
                      30:-0.415
                      31:-0.406
                      32:-0.551
                      33:-0.400
                      34: 0.249
 
 I= 11/2- (5)  5.721  24:-0.171
                      25: 0.364
                      26: 0.253
                      27:-0.089
                      28:-0.832
                      29: 0.159
                      30:-0.141
                      31:-0.056
                      34: 0.157

             ENERGY    K= OMEGA
 
 I= 13/2- (1)  4.513  24:-0.087
                      25:-0.071
                      26:-0.170
                      27: 0.278
                      28:-0.057
                      29: 0.182
                      30:-0.382
                      31:-0.446
                      32: 0.400
                      33: 0.535
                      34:-0.231
 
 I= 13/2- (2)  5.226  24:-0.147
                      25:-0.153
                      26:-0.436
                      27:-0.093
                      28:-0.264
                      29: 0.786
                      30: 0.143
                      31: 0.107
                      32:-0.125
                      33:-0.100
                      34: 0.104
 
 I= 13/2- (3)  5.300  35:-0.228
                      36: 0.574
                      37:-0.654
                      38: 0.437
 
 I= 13/2- (4)  6.309  24:-0.109
                      25: 0.130
                      26:-0.069
                      27: 0.094
                      28: 0.159
                      31:-0.272
                      32:-0.544
                      33:-0.189
                      34:-0.724
 
 I= 13/2- (5)  6.418  24: 0.099
                      25:-0.192
                      26: 0.120
                      28:-0.307
                      30:-0.333
                      31: 0.203
                      32: 0.441
                      33:-0.590
                      34:-0.385

             ENERGY     K=-7/2
  32 LEVELS    TIME=  0.0 SEC



 ******************* EXCITATION ENERGIES, DOMINANT CONFIGURATION AND EXPECTATION VALUES (WITH S.P. UU+VV FACTORS) *******************

  NR  Eex(keV)  I   Kdom  NY    <Jz>  <Jx**2> <Jy**2> <Jz**2> <I.j>/|I|  <Rx**2> <Ry**2> <Rz**2> <R.j>/|R|  <HROTx> <HROTy> <HROTz>

   1    0.0   5/2-   5/2  33    1.75    1.77    1.77    5.39    2.47       1.53    1.53   -0.00   -0.92      0.186   0.186  -0.000
   2   37.0   3/2-  -3/2  32   -1.39    1.48    1.48    2.14    1.49       1.54    1.54   -0.00   -1.26      0.188   0.188  -0.000
   3   53.7   1/2-   1/2  34    0.50    1.11    1.11    0.25    0.84       0.88    0.88    0.00   -1.31      0.107   0.107   0.000
   4  628.7   7/2-   5/2  33    1.35    1.91    1.91    5.00    2.09       3.97    3.97    0.00   -0.18      0.485   0.485   0.000
   5  633.0   5/2-  -3/2  32   -0.83    1.52    1.52    2.68    1.14       3.86    3.86   -0.00   -0.84      0.470   0.470  -0.000
  
   6  722.7   3/2-   1/2  34    0.44    1.20    1.20    0.31   -0.18       3.58    3.58    0.00   -1.14      0.436   0.436   0.000
   7  739.3   5/2-   1/2  34    0.48    1.37    1.37    0.40    0.79       3.60    3.60    0.00   -0.30      0.440   0.440   0.000
   8 1252.0   7/2-  -3/2  32   -0.42    1.65    1.65    2.51    1.41       5.20    5.20   -0.00   -0.07      0.634   0.634  -0.000
   9 1263.5   9/2-   5/2  33    0.78    2.75    2.75    4.02    2.38       5.28    5.28    0.00    0.72      0.644   0.644   0.000
  10 1823.3  11/2-   1/2  35   -0.01   28.74   28.74    2.43    7.31       4.12    4.12    0.00   -5.64      0.503   0.503   0.000
  
  11 1857.4   1/2-   1/2  30    0.50    3.90    3.90    0.25    0.44       4.02    4.02    0.00   -2.71      0.491   0.491   0.000
  12 1889.6   5/2-  -3/2  31   -0.51    3.71    3.71    1.59    1.71       3.82    3.82   -0.00   -1.43      0.466   0.466  -0.000
  13 1923.8   9/2-   9/2  29    3.44    2.82    2.82   18.86    4.50       2.25    2.25    0.00   -1.00      0.274   0.274   0.000
  14 2348.2   7/2-   1/2  34    0.19    1.51    1.51    1.20    0.03       9.85    9.85   -0.00   -0.92      1.201   1.201  -0.000
  15 2375.2   9/2-   1/2  34    0.33    1.47    1.47    0.92    0.81      10.29   10.29   -0.00    0.04      1.254   1.254  -0.000
  
  16 2441.3   9/2-  -3/2  32   -0.09    1.75    1.75    3.43    1.07      10.50   10.50   -0.00   -0.35      1.280   1.280  -0.000
  17 2450.8  11/2-   5/2  33    1.00    2.61    2.61    6.10    2.29       9.85    9.85    0.00    0.53      1.201   1.201   0.000
  18 2477.6   7/2-  -7/2  28   -2.90    2.22    2.22   11.29    3.25       2.85    2.85    0.00   -1.19      0.348   0.348   0.000
  19 2836.1  11/2-   9/2  29    2.40    3.00    3.00   15.93    3.75       6.45    6.45    0.00    0.13      0.787   0.787   0.000
  20 3027.9   7/2-   1/2  35   -0.00   28.89   28.89    2.02    7.19       9.24    9.24    0.00   -7.27      1.126   1.126   0.000
  
  21 3182.6  11/2-  -3/2  32   -0.12    2.03    2.03    2.76    1.63      11.51   11.51   -0.00    0.62      1.404   1.404  -0.000
  22 3199.6  13/2-   5/2  33    0.38    3.62    3.62    3.81    2.65      11.42   11.42    0.00    1.55      1.392   1.392   0.000
  23 3208.8   5/2-   1/2  30   -0.18    3.99    3.99    1.05   -0.42      10.13   10.13   -0.00   -2.28      1.235   1.235  -0.000
  24 3295.5   9/2-  -7/2  28   -0.81    2.72    2.72    5.90    2.02       7.97    7.97    0.00   -0.32      0.972   0.972   0.000
  25 3490.2   1/2-   1/2  27    0.50    4.46    4.46    0.25    0.65       4.40    4.40   -0.00   -2.90      0.536   0.536  -0.000
  
  26 3912.6  13/2-   9/2  29    1.98    3.66    3.66   16.11    3.78       9.66    9.66    0.00    0.68      1.178   1.178   0.000
  27 3986.6  13/2-   5/2  37   -0.07   27.51   27.51    5.76    6.19      11.58   11.58    0.00   -3.66      1.412   1.412   0.000
  28 4407.4  11/2-  -7/2  28   -2.10    2.47    2.47   10.81    2.63      10.01   10.01    0.00   -0.00      1.220   1.220   0.000
  29 4995.8  13/2-   1/2  34   -0.22    1.49    1.49    1.79    0.90      20.49   20.49    0.00    0.23      2.498   2.498   0.000
  30 5103.8  13/2-   5/2  33    0.39    2.06    2.06    4.41    1.23      20.05   20.05    0.00    0.01      2.444   2.444   0.000
  
  31 8777.4   1/2-   1/2  35    0.50   29.49   29.49    0.25   -4.14      33.58   33.58    0.00   -7.67      4.094   4.094   0.000
  32*******   1/2-  -3/2  32    0.00    0.00    0.00    0.00   -0.00       0.00    0.00    0.00   -0.00      0.000   0.000   0.000
