1SPECTRUM OF (Z= 82 A=207) IN PARTICLE-ROTOR  MODEL WITH MODIFIED OSCILLATOR POTENTIAL


 PARITY=-   EPS= 0.266   GAMMA=  0.0   EPS4=0.000   EPS6=0.000   LEVELS:  24  25  26  27  28  29  30  31  32  33  34  35  36  37  38

 PAIRING FACTORS: GN0= 19.20  GN1=  7.40  IPAIR= 15 ***  E2PLUS(INPUT)=   0.730  E2PLUR(INPUT)=   0.000

 CORIOLIS ATTENUATION PARAMETERS:  CHSI=1.000  ETA=  1.00

 MOMENT OF INERTIA PARAMETERS:   A1=  0.122 MEV   A2=  0.122 MEV   A3=121.91924 MEV


 DELTA=0.943 MEV  LAMBDA=53.3484 MEV   HW0= 7.4736 MEV   LAMBDA/HW0= 7.1382

 E2ENERGY=0.730 MEV  HBAR**2/B=13120./A**(7/3)=2217.8/A**2 MEV

 IREC=0  =>  RECOIL TERMS j+j-, j+j+, jzjz, ETC TREATED AS ONE-BODY OPERATORS WITH UU+VV PAIRING FACTORS



 S. P. LEVEL   EQP       U     V        (UU + VV)**1.00

     24       5.096    0.093 0.996      1.000 1.000 0.999 0.998 0.981 0.979 0.973 0.943 0.805 0.620 0.401 0.393 0.356 0.287 0.271
     25       4.120    0.115 0.993      1.000 1.000 1.000 0.999 0.985 0.984 0.978 0.951 0.818 0.637 0.421 0.413 0.377 0.308 0.292
     26       3.696    0.129 0.992      0.999 1.000 1.000 1.000 0.987 0.986 0.981 0.955 0.826 0.648 0.433 0.426 0.390 0.321 0.305
     27       3.146    0.152 0.988      0.998 0.999 1.000 1.000 0.990 0.990 0.985 0.961 0.839 0.665 0.454 0.447 0.411 0.343 0.327
     28       1.719    0.286 0.958      0.981 0.985 0.987 0.990 1.000 1.000 0.999 0.990 0.906 0.762 0.573 0.566 0.533 0.469 0.454
     29       1.685    0.293 0.956      0.979 0.984 0.986 0.990 1.000 1.000 1.000 0.991 0.909 0.766 0.578 0.571 0.538 0.475 0.460
     30       1.563    0.318 0.948      0.973 0.978 0.981 0.985 0.999 1.000 1.000 0.994 0.920 0.783 0.600 0.593 0.561 0.498 0.484
     31       1.242    0.418 0.908      0.943 0.951 0.955 0.961 0.990 0.991 0.994 1.000 0.956 0.845 0.682 0.676 0.646 0.588 0.575
     32       0.950    0.665 0.747      0.805 0.818 0.826 0.839 0.906 0.909 0.920 0.956 1.000 0.964 0.866 0.862 0.841 0.799 0.789
     33       1.033    0.839 0.544      0.620 0.637 0.648 0.665 0.762 0.766 0.783 0.845 0.964 1.000 0.967 0.965 0.954 0.929 0.923
     34       1.583    0.949 0.314      0.401 0.421 0.433 0.454 0.573 0.578 0.600 0.682 0.866 0.967 1.000 1.000 0.999 0.993 0.990
     35       1.621    0.952 0.306      0.393 0.413 0.426 0.447 0.566 0.571 0.593 0.676 0.862 0.965 1.000 1.000 0.999 0.994 0.992
     36       1.828    0.963 0.268      0.356 0.377 0.390 0.411 0.533 0.538 0.561 0.646 0.841 0.954 0.999 0.999 1.000 0.997 0.996
     37       2.451    0.981 0.196      0.287 0.308 0.321 0.343 0.469 0.475 0.498 0.588 0.799 0.929 0.993 0.994 0.997 1.000 1.000
     38       2.664    0.984 0.180      0.271 0.292 0.305 0.327 0.454 0.460 0.484 0.575 0.789 0.923 0.990 0.992 0.996 1.000 1.000

  R CORE   ENERGY   A0R/A00=1.000    R3= 0     2  
   2( 1)    0.732                    1.000 0.000
   2( 2)  487.921                    0.000 1.000

  R CORE   ENERGY   A0R/A00=1.000    R3= 0     2  
   3( 1)  488.652                    0.000 1.000

  R CORE   ENERGY   A0R/A00=1.000    R3= 0     2     4  
   4( 1)    2.438                    1.000 0.000 0.000

  R CORE   ENERGY   A0R/A00=1.000    R3= 0     2     4  
   5( 1)  490.847                    0.000 1.000 0.000

  R CORE   ENERGY   A0R/A00=1.000    R3= 0     2     4     6  
   6( 1)    5.121                    1.000 0.000 0.000 0.000

  R CORE   ENERGY   A0R/A00=1.000    R3= 0     2     4     6  
   7( 1)  494.017                    0.000 1.000 0.000 0.000

          AXIAL SYMMETRY => K RESTRICTED TO OMEGA

                     K
     S.P. ORB#: 24  2.50
     S.P. ORB#: 25  0.50
     S.P. ORB#: 26  2.50
     S.P. ORB#: 27 -3.50
     S.P. ORB#: 28  0.50
     S.P. ORB#: 29 -3.50
     S.P. ORB#: 30 -1.50
     S.P. ORB#: 31  4.50
     S.P. ORB#: 32  0.50
     S.P. ORB#: 33 -1.50
     S.P. ORB#: 34 -1.50
     S.P. ORB#: 35  2.50
     S.P. ORB#: 36  2.50
     S.P. ORB#: 37  0.50
     S.P. ORB#: 38 -3.50
 

             ENERGY    K= OMEGA
 
 I=  1/2- (1)  2.748  28: 0.242
                      37: 0.969
 
 I=  1/2- (2)  2.880  25:-0.053
                      28: 0.969
                      37:-0.240
 
 I=  1/2- (3)  5.539  25: 0.998
                      37:-0.058
 
 I=  1/2- (4)  8.217  32: 1.000
 
 I=  1/2- (5)147.336  33:-1.000

             ENERGY    K= OMEGA
 
 I=  3/2- (1)  2.081  25: 0.072
                      28: 0.273
                      30: 0.151
                      34: 0.944
                      37:-0.083
 
 I=  3/2- (2)  2.713  25:-0.092
                      28: 0.226
                      30:-0.957
                      34: 0.105
                      37: 0.114

             ENERGY    K= OMEGA
 
 I=  5/2- (1)  2.249  25: 0.121
                      28:-0.251
                      30:-0.359
                      34: 0.445
                      36: 0.767
                      37:-0.083
 
 I=  5/2- (2)  2.732  25: 0.066
                      26:-0.051
                      28: 0.140
                      30:-0.394
                      34:-0.834
                      36: 0.320
                      37:-0.138
 
 I=  5/2- (3)  2.925  24: 0.066
                      25:-0.233
                      28: 0.467
                      30: 0.563
                      34:-0.065
                      36: 0.528
                      37: 0.350
 
 I=  5/2- (4)  3.615  25: 0.190
                      28:-0.081
                      30:-0.331
                      36:-0.096
                      37: 0.914
 
 I=  5/2- (5)  4.192  24: 0.061
                      25: 0.083
                      28:-0.801
                      30: 0.471
                      34:-0.314
                      36: 0.138
                      37: 0.089

             ENERGY    K= OMEGA
 
 I=  7/2- (1)  2.429  26:-0.222
                      27: 0.087
                      29: 0.967
                      36: 0.059
 
 I=  7/2- (2)  2.899  27: 0.055
                      28:-0.264
                      30: 0.332
                      34:-0.523
                      36: 0.735
 
 I=  7/2- (3)  3.206  32: 0.740
                      33: 0.570
                      35: 0.332
                      38: 0.130
 
 I=  7/2- (4)  3.260  24: 0.061
                      25:-0.259
                      28:-0.441
                      29: 0.085
                      30:-0.484
                      34:-0.577
                      36:-0.343
                      37: 0.201
 
 I=  7/2- (5)  4.142  24:-0.158
                      25: 0.059
                      27: 0.128
                      28:-0.439
                      30: 0.704
                      36:-0.512
                      37:-0.058

             ENERGY    K= OMEGA
 
 I=  9/2- (1)  2.019  24: 0.062
                      26:-0.060
                      27: 0.259
                      29:-0.164
                      31:-0.947
 
 I=  9/2- (2)  3.284  24:-0.099
                      25: 0.170
                      26:-0.247
                      27:-0.139
                      28:-0.212
                      29:-0.771
                      30:-0.346
                      31: 0.086
                      34: 0.125
                      36: 0.297
                      37:-0.103
 
 I=  9/2- (3)  3.397  25:-0.251
                      26:-0.177
                      28: 0.358
                      29:-0.515
                      30: 0.456
                      31: 0.125
                      34:-0.323
                      36:-0.401
                      37: 0.150
 
 I=  9/2- (4)  4.432  24:-0.094
                      25: 0.215
                      28:-0.099
                      29: 0.082
                      30:-0.441
                      34:-0.685
                      36:-0.393
                      37:-0.328
 
 I=  9/2- (5)  4.473  32:-0.247
                      33: 0.609
                      35:-0.644
                      38: 0.392

             ENERGY    K= OMEGA
 
 I= 11/2- (1)  2.323  32:-0.696
                      33:-0.574
                      35:-0.387
                      38:-0.188
 
 I= 11/2- (2)  2.973  24: 0.107
                      26:-0.096
                      27:-0.361
                      29: 0.214
                      31:-0.895
 
 I= 11/2- (3)  4.401  24: 0.118
                      25:-0.064
                      26: 0.344
                      27:-0.177
                      29:-0.867
                      30:-0.180
                      31:-0.146
                      36:-0.152
 
 I= 11/2- (4)  4.814  24:-0.066
                      26: 0.086
                      27: 0.054
                      28:-0.312
                      29:-0.131
                      30: 0.425
                      31:-0.123
                      34:-0.505
                      36: 0.647
 
 I= 11/2- (5)  5.130  24: 0.092
                      25:-0.360
                      28:-0.519
                      29: 0.203
                      30:-0.488
                      31: 0.099
                      34:-0.458
                      36:-0.199
                      37: 0.227

             ENERGY    K= OMEGA
 
 I= 13/2- (1)  4.119  24: 0.153
                      26:-0.123
                      27: 0.430
                      29:-0.235
                      30: 0.079
                      31:-0.841
                      36:-0.056
 
 I= 13/2- (2)  4.585  32:-0.233
                      33: 0.589
                      35:-0.652
                      38: 0.417
 
 I= 13/2- (3)  5.238  24:-0.117
                      25: 0.386
                      26:-0.088
                      27:-0.057
                      28:-0.438
                      29:-0.210
                      30:-0.590
                      31:-0.108
                      34: 0.239
                      36: 0.365
                      37:-0.198
 
 I= 13/2- (4)  5.781  24:-0.099
                      25:-0.088
                      26:-0.382
                      27:-0.183
                      28: 0.143
                      29:-0.837
                      30: 0.075
                      31: 0.206
                      34:-0.170
                      36:-0.051
 
 I= 13/2- (5)  7.093  24:-0.082
                      25: 0.211
                      28:-0.073
                      29: 0.106
                      30:-0.305
                      34:-0.673
                      36:-0.523
                      37:-0.334

             ENERGY     K=-7/2
  32 LEVELS    TIME=  0.0 SEC



 ******************* EXCITATION ENERGIES, DOMINANT CONFIGURATION AND EXPECTATION VALUES (WITH S.P. UU+VV FACTORS) *******************

  NR  Eex(keV)  I   Kdom  NY    <Jz>  <Jx**2> <Jy**2> <Jz**2> <I.j>/|I|  <Rx**2> <Ry**2> <Rz**2> <R.j>/|R|  <HROTx> <HROTy> <HROTz>

   1    0.0   9/2-   9/2  31    3.73    2.68    2.68   19.38    4.47       2.52    2.52   -0.00   -1.12      0.307   0.307  -0.000
   2   61.3   3/2-  -3/2  34   -1.33    1.81    1.81    2.08    1.45       1.92    1.92    0.00   -1.48      0.234   0.234   0.000
   3  230.1   5/2-   5/2  36    1.02    2.50    2.50    4.44    2.42       1.94    1.94   -0.00   -1.16      0.237   0.237  -0.000
   4  304.2  11/2-   1/2  32   -0.00   26.06   26.06    2.23    6.72       4.86    4.86   -0.00   -4.54      0.592   0.592  -0.000
   5  409.4   7/2-  -7/2  29   -3.17    2.28    2.28   11.89    3.41       2.57    2.57   -0.00   -1.29      0.314   0.314  -0.000
  
   6  694.1   3/2-  -3/2  30   -1.36    4.50    4.50    2.11    1.49       4.55    4.55    0.00   -2.73      0.555   0.555   0.000
   7  712.3   5/2-  -3/2  34   -0.99    1.88    1.88    2.59    1.04       4.46    4.46    0.00   -1.09      0.544   0.544   0.000
   8  728.5   1/2-   1/2  37    0.50    1.68    1.68    0.25    0.92       1.38    1.38    0.00   -1.69      0.168   0.168   0.000
   9  860.9   1/2-   1/2  28    0.50    4.22    4.22    0.25    0.18       4.56    4.56    0.00   -2.82      0.556   0.556   0.000
  10  879.7   7/2-   5/2  36    0.80    2.40    2.40    4.32    1.93       4.78    4.78   -0.00   -0.48      0.583   0.583  -0.000
  
  11  905.6   5/2-  -3/2  30    0.42    3.73    3.73    2.59    1.81       4.06    4.06   -0.00   -1.65      0.495   0.495  -0.000
  12  954.0  11/2-   9/2  31    3.04    3.08    3.08   18.51    4.09       5.72    5.72   -0.00   -0.05      0.698   0.698  -0.000
  13 1187.1   7/2-   1/2  32    0.00   26.10   26.10    1.77    6.59       8.72    8.72    0.00   -6.66      1.063   1.063   0.000
  14 1240.7   7/2-  -3/2  34   -0.43    2.77    2.77    2.23    1.51       5.75    5.75   -0.00   -0.52      0.701   0.701  -0.000
  15 1264.4   9/2-  -7/2  29   -1.88    2.89    2.89    8.98    2.86       5.50    5.50   -0.00   -0.15      0.671   0.671  -0.000
  
  16 1377.9   9/2-  -7/2  29   -0.74    3.55    3.55    5.54    2.53       6.12    6.12    0.00   -0.02      0.746   0.746   0.000
  17 1595.9   5/2-   1/2  37    0.30    1.73    1.73    0.54    0.48       4.95    4.95    0.00   -0.82      0.604   0.604   0.000
  18 2100.1  13/2-   9/2  31    2.44    3.48    3.48   17.55    3.86       9.69    9.69   -0.00    0.55      1.182   1.182  -0.000
  19 2123.2   7/2-  -3/2  30    0.01    3.79    3.79    3.17    0.91       9.65    9.65   -0.00   -1.63      1.177   1.177  -0.000
  20 2172.7   5/2-   1/2  28   -0.10    4.30    4.30    1.03   -0.34      10.19   10.19    0.00   -2.35      1.242   1.242   0.000
  
  21 2381.3  11/2-  -7/2  29   -2.30    2.55    2.55   11.07    2.71       9.78    9.78   -0.00    0.00      1.192   1.192  -0.000
  22 2412.4   9/2-  -3/2  34   -0.52    2.29    2.29    2.66    1.10      10.53   10.53   -0.00   -0.39      1.283   1.283  -0.000
  23 2453.3   9/2-   5/2  35   -0.03   25.81   25.81    5.32    5.78      12.10   12.10    0.00   -5.73      1.475   1.475   0.000
  24 2565.4  13/2-   5/2  35   -0.04   25.76   25.76    5.58    5.80      12.40   12.40    0.00   -3.33      1.511   1.511   0.000
  25 2795.1  11/2-   5/2  36    0.47    2.85    2.85    4.25    1.71      12.65   12.65   -0.00    0.05      1.543   1.543  -0.000
  
  26 3111.0  11/2-   1/2  28   -0.43    3.28    3.28    2.14    1.59      12.70   12.70    0.00    0.16      1.549   1.549   0.000
  27 3218.4  13/2-  -3/2  30   -0.14    4.51    4.51    2.79    2.50      12.80   12.80    0.00    1.12      1.560   1.560   0.000
  28 3520.0   1/2-   1/2  25    0.50    5.96    5.96    0.25    0.69       5.86    5.86   -0.00   -3.38      0.714   0.714  -0.000
  29 3761.9  13/2-  -7/2  29   -2.02    2.68    2.68   10.93    2.47      15.26   15.26    0.00    0.18      1.860   1.860   0.000
  30 5073.3  13/2-  -3/2  34   -0.07    2.05    2.05    3.18    0.95      21.35   21.35    0.00   -0.09      2.604   2.604   0.000
  
  31 6198.1   1/2-   1/2  32    0.50   26.00   26.00    0.25   -3.81      29.80   29.80    0.00   -7.20      3.634   3.634   0.000
  32*******   1/2-  -3/2  33    0.00    0.00    0.00    0.00   -0.00       0.00    0.00    0.00   -0.00      0.000   0.000   0.000
