1SPECTRUM OF (Z= 82 A=207) IN PARTICLE-ROTOR  MODEL WITH MODIFIED OSCILLATOR POTENTIAL


 PARITY=-   EPS= 0.500   GAMMA=  0.0   EPS4=0.000   EPS6=0.000   LEVELS:  25  26  27  28  29  30  31  32  33  34  35  36  37  38  39

 PAIRING FACTORS: GN0= 19.20  GN1=  7.40  IPAIR= 15 ***  E2PLUS(INPUT)=   0.730  E2PLUR(INPUT)=   0.000

 CORIOLIS ATTENUATION PARAMETERS:  CHSI=1.000  ETA=  1.00

 MOMENT OF INERTIA PARAMETERS:   A1=  0.122 MEV   A2=  0.122 MEV   A3=121.91924 MEV


 DELTA=0.849 MEV  LAMBDA=53.4073 MEV   HW0= 7.6548 MEV   LAMBDA/HW0= 6.9769

 E2ENERGY=0.730 MEV  HBAR**2/B=46355./A**(7/3)=7836.2/A**2 MEV

 IREC=0  =>  RECOIL TERMS j+j-, j+j+, jzjz, ETC TREATED AS ONE-BODY OPERATORS WITH UU+VV PAIRING FACTORS



 S. P. LEVEL   EQP       U     V        (UU + VV)**1.00

     25       4.016    0.106 0.994      1.000 1.000 0.990 0.986 0.982 0.975 0.955 0.551 0.492 0.362 0.339 0.279 0.255 0.230 0.199
     26       3.709    0.115 0.993      1.000 1.000 0.991 0.988 0.984 0.977 0.957 0.559 0.500 0.370 0.347 0.287 0.264 0.239 0.208
     27       1.763    0.249 0.969      0.990 0.991 1.000 1.000 0.999 0.997 0.988 0.666 0.612 0.492 0.471 0.414 0.392 0.368 0.338
     28       1.632    0.270 0.963      0.986 0.988 1.000 1.000 1.000 0.998 0.991 0.682 0.630 0.512 0.490 0.434 0.413 0.389 0.359
     29       1.521    0.292 0.956      0.982 0.984 0.999 1.000 1.000 0.999 0.994 0.698 0.647 0.531 0.510 0.455 0.433 0.409 0.380
     30       1.375    0.327 0.945      0.975 0.977 0.997 0.998 0.999 1.000 0.997 0.724 0.674 0.561 0.541 0.487 0.466 0.442 0.414
     31       1.165    0.397 0.918      0.955 0.957 0.988 0.991 0.994 0.997 1.000 0.774 0.728 0.622 0.603 0.552 0.531 0.509 0.481
     32       1.041    0.888 0.459      0.551 0.559 0.666 0.682 0.698 0.724 0.774 1.000 0.998 0.977 0.972 0.955 0.948 0.939 0.927
     33       1.167    0.918 0.396      0.492 0.500 0.612 0.630 0.647 0.674 0.728 0.998 1.000 0.990 0.986 0.973 0.967 0.961 0.951
     34       1.688    0.965 0.260      0.362 0.370 0.492 0.512 0.531 0.561 0.622 0.977 0.990 1.000 1.000 0.996 0.994 0.991 0.986
     35       1.847    0.972 0.237      0.339 0.347 0.471 0.490 0.510 0.541 0.603 0.972 0.986 1.000 1.000 0.998 0.996 0.994 0.990
     36       2.465    0.985 0.175      0.279 0.287 0.414 0.434 0.455 0.487 0.552 0.955 0.973 0.996 0.998 1.000 1.000 0.999 0.997
     37       2.840    0.989 0.151      0.255 0.264 0.392 0.413 0.433 0.466 0.531 0.948 0.967 0.994 0.996 1.000 1.000 1.000 0.998
     38       3.414    0.992 0.125      0.230 0.239 0.368 0.389 0.409 0.442 0.509 0.939 0.961 0.991 0.994 0.999 1.000 1.000 0.999
     39       4.553    0.996 0.094      0.199 0.208 0.338 0.359 0.380 0.414 0.481 0.927 0.951 0.986 0.990 0.997 0.998 0.999 1.000

  R CORE   ENERGY   A0R/A00=1.000    R3= 0     2  
   2( 1)    0.732                    1.000 0.000
   2( 2)  487.921                    0.000 1.000

  R CORE   ENERGY   A0R/A00=1.000    R3= 0     2  
   3( 1)  488.652                    0.000 1.000

  R CORE   ENERGY   A0R/A00=1.000    R3= 0     2     4  
   4( 1)    2.438                    1.000 0.000 0.000

  R CORE   ENERGY   A0R/A00=1.000    R3= 0     2     4  
   5( 1)  490.847                    0.000 1.000 0.000

  R CORE   ENERGY   A0R/A00=1.000    R3= 0     2     4     6  
   6( 1)    5.121                    1.000 0.000 0.000 0.000

  R CORE   ENERGY   A0R/A00=1.000    R3= 0     2     4     6  
   7( 1)  494.017                    0.000 1.000 0.000 0.000

          AXIAL SYMMETRY => K RESTRICTED TO OMEGA

                     K
     S.P. ORB#: 25  0.50
     S.P. ORB#: 26 -1.50
     S.P. ORB#: 27 -5.50
     S.P. ORB#: 28  2.50
     S.P. ORB#: 29  2.50
     S.P. ORB#: 30  0.50
     S.P. ORB#: 31 -3.50
     S.P. ORB#: 32  0.50
     S.P. ORB#: 33 -1.50
     S.P. ORB#: 34 -3.50
     S.P. ORB#: 35  0.50
     S.P. ORB#: 36 -1.50
     S.P. ORB#: 37 -3.50
     S.P. ORB#: 38  4.50
     S.P. ORB#: 39  4.50
 

             ENERGY    K= OMEGA
 
 I=  1/2- (1)  2.438  32: 0.999
 
 I=  1/2- (2)  4.569  30: 0.899
                      35:-0.438
 
 I=  1/2- (3)  5.839  25: 0.999
 
 I=  1/2- (4)  6.207  30: 0.438
                      35: 0.899
 
 I=  1/2- (5)147.470  33:-1.000

             ENERGY    K= OMEGA
 
 I=  3/2- (1)  2.493  32: 0.731
                      33:-0.682
 
 I=  3/2- (2)  2.727  25:-0.131
                      32:-0.675
                      33:-0.726
 
 I=  3/2- (3)  4.753  26: 0.091
                      30: 0.960
                      35: 0.156
                      36: 0.213
 
 I=  3/2- (4)  6.320  26: 0.077
                      30:-0.108
                      35: 0.960
                      36:-0.246
 
 I=  3/2- (5)  6.546  25: 0.991
                      32:-0.105
                      33:-0.082

             ENERGY    K= OMEGA
 
 I=  5/2- (1)  2.971  25: 0.184
                      28:-0.142
                      32:-0.523
                      33:-0.820
 
 I=  5/2- (2)  3.446  28:-0.969
                      32: 0.243
 
 I=  5/2- (3)  3.672  28:-0.202
                      32:-0.804
                      33: 0.558
 
 I=  5/2- (4)  4.929  26: 0.125
                      29:-0.111
                      30:-0.809
                      35: 0.506
                      36: 0.249
 
 I=  5/2- (5)  6.461  26: 0.467
                      29:-0.833
                      35:-0.294

             ENERGY    K= OMEGA
 
 I=  7/2- (1)  3.106  28: 0.164
                      31: 0.986
 
 I=  7/2- (2)  3.601  28: 0.464
                      31:-0.071
                      32: 0.216
                      33:-0.264
                      37:-0.814
 
 I=  7/2- (3)  3.714  28:-0.094
                      32: 0.770
                      33:-0.538
                      37: 0.325
 
 I=  7/2- (4)  4.122  25:-0.237
                      28: 0.131
                      32:-0.570
                      33:-0.755
                      37: 0.173
 
 I=  7/2- (5)  4.559  25:-0.050
                      28:-0.855
                      31: 0.145
                      32:-0.053
                      33:-0.203
                      37:-0.448

             ENERGY    K= OMEGA
 
 I=  9/2- (1)  3.753  28:-0.197
                      31: 0.771
                      37:-0.147
                      38:-0.586
 
 I=  9/2- (2)  4.495  25: 0.227
                      28:-0.361
                      31:-0.182
                      32:-0.413
                      33:-0.608
                      37:-0.492
 
 I=  9/2- (3)  4.616  25: 0.190
                      28: 0.286
                      31: 0.261
                      32:-0.368
                      33:-0.462
                      37: 0.673
                      38: 0.111
 
 I=  9/2- (4)  4.903  28: 0.346
                      31:-0.499
                      32:-0.102
                      33:-0.076
                      37: 0.055
                      38:-0.781
 
 I=  9/2- (5)  5.443  26:-0.396
                      29: 0.589
                      30: 0.383
                      34:-0.488
                      35:-0.158
                      36:-0.160
                      39: 0.248

             ENERGY    K= OMEGA
 
 I= 11/2- (1)  3.102  27: 1.000
 
 I= 11/2- (2)  4.787  28:-0.227
                      31:-0.731
                      37: 0.201
                      38:-0.610
 
 I= 11/2- (3)  5.435  26: 0.412
                      29: 0.561
                      30: 0.390
                      34: 0.485
                      35: 0.159
                      36: 0.151
                      39: 0.283
 
 I= 11/2- (4)  5.766  28:-0.488
                      31: 0.269
                      32:-0.289
                      33: 0.322
                      37: 0.700
                      38: 0.110
 
 I= 11/2- (5)  5.914  25: 0.088
                      28:-0.154
                      31: 0.135
                      32: 0.787
                      33:-0.440
                      37: 0.370

             ENERGY    K= OMEGA
 
 I= 13/2- (1)  4.685  27:-0.999
 
 I= 13/2- (2)  6.034  26:-0.386
                      29: 0.578
                      30: 0.201
                      34:-0.573
                      36:-0.100
                      39: 0.369
 
 I= 13/2- (3)  6.095  28:-0.252
                      31: 0.708
                      37:-0.234
                      38:-0.614
 
 I= 13/2- (4)  6.981  25: 0.362
                      28:-0.210
                      31:-0.112
                      32:-0.524
                      33:-0.703
                      37:-0.181
                      38: 0.102
 
 I= 13/2- (5)  7.309  25:-0.125
                      28:-0.483
                      31:-0.293
                      32: 0.202
                      33: 0.189
                      37:-0.757
                      38: 0.126

             ENERGY     K= 9/2
  35 LEVELS    TIME=  0.0 SEC



 ******************* EXCITATION ENERGIES, DOMINANT CONFIGURATION AND EXPECTATION VALUES (WITH S.P. UU+VV FACTORS) *******************

  NR  Eex(keV)  I   Kdom  NY    <Jz>  <Jx**2> <Jy**2> <Jz**2> <I.j>/|I|  <Rx**2> <Ry**2> <Rz**2> <R.j>/|R|  <HROTx> <HROTy> <HROTz>

   1    0.0   1/2-   1/2  32    0.50    5.30    5.30    0.25    0.10       5.71    5.71    0.00   -3.18      0.696   0.696   0.000
   2   55.1   3/2-   1/2  32   -0.43    5.29    5.29    1.18    1.05       5.71    5.71    0.00   -2.87      0.696   0.696   0.000
   3  288.9   3/2-  -3/2  33   -0.56    5.31    5.31    1.31    0.72       6.43    6.43    0.00   -2.93      0.784   0.784   0.000
   4  533.2   5/2-  -3/2  33   -0.80    5.43    5.43    1.71    1.20       7.11    7.11    0.00   -2.39      0.867   0.867   0.000
   5  664.1  11/2- -11/2  27   -5.49    2.75    2.75   30.24    5.06       5.49    5.49    0.00   -1.66      0.669   0.669   0.000
  
   6  668.0   7/2-  -7/2  31   -3.34    6.34    6.34   12.08    3.11       7.91    7.91   -0.00   -3.12      0.964   0.964  -0.000
   7 1007.4   5/2-   5/2  28    2.38    6.14    6.14    5.89    1.99       7.57    7.57    0.00   -3.15      0.922   0.922   0.000
   8 1163.0   7/2-  -7/2  37   -1.88    3.45    3.45    9.70    2.81       5.04    5.04   -0.00   -1.72      0.615   0.615  -0.000
   9 1234.1   5/2-   1/2  32   -0.04    5.34    5.34    1.12   -0.08      10.51   10.51    0.00   -2.62      1.282   1.282   0.000
  10 1276.3   7/2-   1/2  32   -0.49    4.97    4.97    2.15    0.99       9.98    9.98   -0.00   -1.83      1.217   1.217  -0.000
  
  11 1314.9   9/2-  -7/2  31   -0.52    4.95    4.95   14.75    3.51       7.22    7.22   -0.00   -1.89      0.881   0.881  -0.000
  12 1683.8   7/2-  -3/2  33   -0.73    5.31    5.31    1.87    0.69      11.39   11.39    0.00   -2.05      1.389   1.389   0.000
  13 2057.2   9/2-  -3/2  33   -1.07    4.80    4.80    5.12    1.71      11.21   11.21   -0.00   -1.31      1.367   1.367  -0.000
  14 2120.7   7/2-   5/2  28    0.99    5.41    5.41    7.38    1.48      11.11   11.11    0.00   -2.62      1.355   1.355   0.000
  15 2130.9   1/2-   1/2  30    0.50   13.10   13.10    0.25    1.01      12.73   12.73    0.00   -5.07      1.551   1.551   0.000
  
  16 2177.4   9/2-  -7/2  37   -1.80    4.03    4.03    7.66    1.97      10.42   10.42   -0.00   -1.29      1.270   1.270  -0.000
  17 2246.7  13/2- -11/2  27   -5.48    2.75    2.75   30.22    4.33      11.97   11.97    0.00   -1.12      1.460   1.460   0.000
  18 2314.9   3/2-   1/2  30    0.39   14.49   14.49    0.36    1.56      13.52   13.52   -0.00   -5.06      1.649   1.649  -0.000
  19 2348.8  11/2-  -7/2  31   -0.21    4.78    4.78   14.91    3.19      11.05   11.05   -0.00   -1.15      1.347   1.347  -0.000
  20 2465.0   9/2-   9/2  38    2.16    3.88    3.88   16.21    3.00       9.44    9.44   -0.00   -2.08      1.151   1.151  -0.000
  
  21 2490.9   5/2-   1/2  30    0.37   13.76   13.76    0.48    1.60      13.64   13.64    0.00   -4.45      1.664   1.664   0.000
  22 2997.1  11/2-   5/2  29    0.13   21.05   21.05    6.95    4.86      13.34   13.34    0.00   -3.87      1.627   1.627   0.000
  23 3004.5   9/2-   5/2  29    0.12   20.81   20.81    6.77    4.60      13.70   13.70   -0.00   -4.88      1.670   1.670  -0.000
  24 3327.3  11/2-  -7/2  37   -1.43    3.95    3.95    8.88    1.89      14.97   14.97   -0.00   -1.00      1.826   1.826  -0.000
  25 3400.5   1/2-   1/2  25    0.50    7.57    7.57    0.25    0.66       7.50    7.50    0.00   -3.83      0.914   0.914   0.000
  
  26 3476.2  11/2-   1/2  32   -0.46    4.88    4.88    2.64    0.90      18.72   18.72   -0.00   -1.15      2.282   2.282  -0.000
  27 3596.2  13/2-   5/2  29    0.08   21.84   21.84    9.24    5.10      15.23   15.23    0.00   -3.14      1.857   1.857   0.000
  28 3657.1  13/2-  -7/2  31   -0.10    4.70    4.70   14.89    2.90      16.24   16.24   -0.00   -0.70      1.980   1.980  -0.000
  29 3769.0   1/2-   1/2  35    0.50   17.02   17.02    0.25   -0.84      18.25   18.25   -0.00   -5.80      2.225   2.225  -0.000
  30 3881.8   3/2-   1/2  35    0.37   16.03   16.03    0.38   -0.04      18.17   18.17    0.00   -5.39      2.215   2.215   0.000
  
  31 4022.8   5/2-   5/2  29    1.45   21.99   21.99    4.85    3.59      18.18   18.18    0.00   -6.34      2.216   2.216   0.000
  32 4107.8   3/2-   1/2  25    0.49    7.58    7.58    0.26   -0.52      10.59   10.59    0.00   -3.57      1.291   1.291   0.000
  33 4543.1  13/2-  -3/2  33   -0.54    5.57    5.57    2.25    1.29      22.05   22.05    0.00   -0.66      2.688   2.688   0.000
  34 4871.2  13/2-  -7/2  37   -1.68    3.72    3.72    9.94    1.80      20.51   20.51   -0.00   -0.75      2.500   2.500  -0.000
  35*******   1/2-  -3/2  33    0.00    0.00    0.00    0.00   -0.00       0.00    0.00    0.00   -0.00      0.000   0.000   0.000
  
