1SPECTRUM OF (Z= 82 A=207) IN PARTICLE-ROTOR  MODEL WITH MODIFIED OSCILLATOR POTENTIAL


 PARITY=-   EPS= 0.487   GAMMA=  0.0   EPS4=0.000   EPS6=0.000   LEVELS:  25  26  27  28  29  30  31  32  33  34  35  36  37  38  39

 PAIRING FACTORS: GN0= 19.20  GN1=  7.40  IPAIR= 15 ***  E2PLUS(INPUT)=   0.730  E2PLUR(INPUT)=   0.000

 CORIOLIS ATTENUATION PARAMETERS:  CHSI=1.000  ETA=  1.00

 MOMENT OF INERTIA PARAMETERS:   A1=  0.122 MEV   A2=  0.122 MEV   A3=121.91924 MEV


 DELTA=0.849 MEV  LAMBDA=53.4348 MEV   HW0= 7.6409 MEV   LAMBDA/HW0= 6.9933

 E2ENERGY=0.730 MEV  HBAR**2/B=43976./A**(7/3)=7434.0/A**2 MEV

 IREC=0  =>  RECOIL TERMS j+j-, j+j+, jzjz, ETC TREATED AS ONE-BODY OPERATORS WITH UU+VV PAIRING FACTORS



 S. P. LEVEL   EQP       U     V        (UU + VV)**1.00

     25       4.082    0.105 0.995      1.000 1.000 0.994 0.990 0.978 0.968 0.959 0.612 0.543 0.359 0.320 0.270 0.269 0.240 0.199
     26       3.518    0.122 0.993      1.000 1.000 0.996 0.992 0.981 0.972 0.963 0.625 0.557 0.375 0.336 0.287 0.286 0.256 0.216
     27       2.027    0.214 0.977      0.994 0.996 1.000 1.000 0.995 0.990 0.984 0.696 0.633 0.460 0.424 0.376 0.375 0.346 0.307
     28       1.791    0.245 0.970      0.990 0.992 1.000 1.000 0.998 0.994 0.989 0.718 0.656 0.488 0.451 0.404 0.403 0.375 0.336
     29       1.437    0.311 0.950      0.978 0.981 0.995 0.998 1.000 0.999 0.997 0.764 0.707 0.547 0.512 0.466 0.465 0.438 0.400
     30       1.297    0.349 0.937      0.968 0.972 0.990 0.994 0.999 1.000 0.999 0.790 0.735 0.581 0.546 0.502 0.501 0.474 0.437
     31       1.199    0.383 0.924      0.959 0.963 0.984 0.989 0.997 0.999 1.000 0.812 0.760 0.610 0.577 0.533 0.532 0.506 0.470
     32       0.949    0.851 0.526      0.612 0.625 0.696 0.718 0.764 0.790 0.812 1.000 0.996 0.958 0.945 0.927 0.926 0.914 0.897
     33       1.053    0.892 0.452      0.543 0.557 0.633 0.656 0.707 0.735 0.760 0.996 1.000 0.979 0.969 0.955 0.955 0.945 0.931
     34       1.695    0.966 0.259      0.359 0.375 0.460 0.488 0.547 0.581 0.610 0.958 0.979 1.000 0.999 0.996 0.996 0.992 0.986
     35       1.984    0.976 0.219      0.320 0.336 0.424 0.451 0.512 0.546 0.577 0.945 0.969 0.999 1.000 0.999 0.999 0.996 0.992
     36       2.563    0.986 0.168      0.270 0.287 0.376 0.404 0.466 0.502 0.533 0.927 0.955 0.996 0.999 1.000 1.000 1.000 0.997
     37       2.579    0.986 0.167      0.269 0.286 0.375 0.403 0.465 0.501 0.532 0.926 0.955 0.996 0.999 1.000 1.000 1.000 0.997
     38       3.132    0.991 0.137      0.240 0.256 0.346 0.375 0.438 0.474 0.506 0.914 0.945 0.992 0.996 1.000 1.000 1.000 0.999
     39       4.465    0.995 0.096      0.199 0.216 0.307 0.336 0.400 0.437 0.470 0.897 0.931 0.986 0.992 0.997 0.997 0.999 1.000

  R CORE   ENERGY   A0R/A00=1.000    R3= 0     2  
   2( 1)    0.732                    1.000 0.000
   2( 2)  487.921                    0.000 1.000

  R CORE   ENERGY   A0R/A00=1.000    R3= 0     2  
   3( 1)  488.652                    0.000 1.000

  R CORE   ENERGY   A0R/A00=1.000    R3= 0     2     4  
   4( 1)    2.438                    1.000 0.000 0.000

  R CORE   ENERGY   A0R/A00=1.000    R3= 0     2     4  
   5( 1)  490.847                    0.000 1.000 0.000

  R CORE   ENERGY   A0R/A00=1.000    R3= 0     2     4     6  
   6( 1)    5.121                    1.000 0.000 0.000 0.000

  R CORE   ENERGY   A0R/A00=1.000    R3= 0     2     4     6  
   7( 1)  494.017                    0.000 1.000 0.000 0.000

          AXIAL SYMMETRY => K RESTRICTED TO OMEGA

                     K
     S.P. ORB#: 25  0.50
     S.P. ORB#: 26 -1.50
     S.P. ORB#: 27 -5.50
     S.P. ORB#: 28  2.50
     S.P. ORB#: 29  2.50
     S.P. ORB#: 30 -3.50
     S.P. ORB#: 31  0.50
     S.P. ORB#: 32  0.50
     S.P. ORB#: 33 -1.50
     S.P. ORB#: 34 -3.50
     S.P. ORB#: 35  0.50
     S.P. ORB#: 36 -3.50
     S.P. ORB#: 37 -1.50
     S.P. ORB#: 38  4.50
     S.P. ORB#: 39  4.50
 

             ENERGY    K= OMEGA
 
 I=  1/2- (1)  2.336  32: 0.999
 
 I=  1/2- (2)  4.415  31: 0.917
                      35:-0.399
 
 I=  1/2- (3)  5.891  25: 0.999
 
 I=  1/2- (4)  6.293  31: 0.399
                      35: 0.917
 
 I=  1/2- (5)147.356  33: 1.000

             ENERGY    K= OMEGA
 
 I=  3/2- (1)  2.381  32: 0.700
                      33:-0.714
 
 I=  3/2- (2)  2.607  25:-0.140
                      32:-0.706
                      33:-0.695

             ENERGY    K= OMEGA
 
 I=  5/2- (1)  2.835  25: 0.194
                      28:-0.090
                      32:-0.526
                      33:-0.823
 
 I=  5/2- (2)  3.528  25: 0.055
                      28: 0.500
                      32:-0.747
                      33: 0.435
 
 I=  5/2- (3)  3.633  28:-0.861
                      32:-0.379
                      33: 0.338
 
 I=  5/2- (4)  4.765  26:-0.126
                      29: 0.107
                      31: 0.821
                      35:-0.488
                      37:-0.246
 
 I=  5/2- (5)  6.400  26: 0.475
                      29:-0.839
                      35:-0.262

             ENERGY    K= OMEGA
 
 I=  7/2- (1)  3.233  28:-0.156
                      30:-0.986
 
 I=  7/2- (2)  3.408  28: 0.338
                      32: 0.077
                      33:-0.130
                      36:-0.929
 
 I=  7/2- (3)  3.595  32:-0.786
                      33: 0.595
                      36:-0.154
 
 I=  7/2- (4)  3.974  25:-0.252
                      28: 0.110
                      32:-0.582
                      33:-0.758
                      36: 0.100
 
 I=  7/2- (5)  4.636  28:-0.921
                      30: 0.156
                      33:-0.152
                      36:-0.319

             ENERGY    K= OMEGA
 
 I=  9/2- (1)  3.727  28: 0.178
                      30:-0.639
                      36: 0.217
                      38: 0.715
 
 I=  9/2- (2)  4.339  25: 0.261
                      28:-0.251
                      30:-0.154
                      32:-0.464
                      33:-0.659
                      36:-0.432
                      38: 0.098
 
 I=  9/2- (3)  4.438  25:-0.164
                      28:-0.236
                      30:-0.306
                      32: 0.305
                      33: 0.382
                      36:-0.765
 
 I=  9/2- (4)  4.771  28: 0.314
                      30:-0.646
                      32:-0.085
                      33:-0.059
                      36: 0.097
                      38:-0.680
 
 I=  9/2- (5)  5.322  26:-0.396
                      29: 0.577
                      31: 0.422
                      34:-0.460
                      35:-0.188
                      37:-0.176
                      39: 0.232

             ENERGY    K= OMEGA
 
 I= 11/2- (1)  3.366  27:-0.999
 
 I= 11/2- (2)  4.768  28:-0.213
                      30:-0.638
                      36: 0.262
                      38:-0.691
 
 I= 11/2- (3)  5.290  26:-0.413
                      29:-0.552
                      31:-0.431
                      34:-0.460
                      35:-0.165
                      37:-0.169
                      39:-0.267
 
 I= 11/2- (4)  5.648  28:-0.398
                      30: 0.298
                      32:-0.222
                      33: 0.264
                      36: 0.780
                      38: 0.159
 
 I= 11/2- (5)  5.790  25: 0.095
                      28:-0.066
                      30: 0.124
                      32: 0.811
                      33:-0.467
                      36: 0.309

             ENERGY    K= OMEGA
 
 I= 13/2- (1)  4.948  27:-0.998
                      38: 0.051
 
 I= 13/2- (2)  5.913  26:-0.391
                      29: 0.581
                      31: 0.211
                      34:-0.565
                      35:-0.054
                      37:-0.107
                      39: 0.362
 
 I= 13/2- (3)  6.085  27:-0.052
                      28:-0.242
                      30: 0.632
                      33:-0.054
                      36:-0.290
                      38:-0.672
 
 I= 13/2- (4)  6.770  25: 0.386
                      28:-0.134
                      30:-0.084
                      32:-0.545
                      33:-0.712
                      36:-0.104
                      38: 0.103
 
 I= 13/2- (5)  7.185  25:-0.083
                      28:-0.407
                      30:-0.322
                      32: 0.135
                      33: 0.111
                      36:-0.814
                      38: 0.177

             ENERGY     K= 9/2
  32 LEVELS    TIME=  0.0 SEC



 ******************* EXCITATION ENERGIES, DOMINANT CONFIGURATION AND EXPECTATION VALUES (WITH S.P. UU+VV FACTORS) *******************

  NR  Eex(keV)  I   Kdom  NY    <Jz>  <Jx**2> <Jy**2> <Jz**2> <I.j>/|I|  <Rx**2> <Ry**2> <Rz**2> <R.j>/|R|  <HROTx> <HROTy> <HROTz>

   1    0.0   1/2-   1/2  32    0.50    5.26    5.26    0.25    0.12       5.66    5.66   -0.00   -3.17      0.690   0.690  -0.000
   2   45.4   3/2-  -3/2  33   -0.52    5.25    5.25    1.27    1.09       5.65    5.65    0.00   -2.87      0.689   0.689   0.000
   3  271.0   3/2-   1/2  32   -0.47    5.26    5.26    1.22    0.73       6.34    6.34    0.00   -2.90      0.773   0.773   0.000
   4  499.2   5/2-  -3/2  33   -0.84    5.40    5.40    1.65    1.24       6.94    6.94   -0.00   -2.36      0.846   0.846  -0.000
   5  897.5   7/2-  -7/2  30   -3.35    6.30    6.30   12.09    3.11       7.88    7.88   -0.00   -3.11      0.961   0.961  -0.000
  
   6 1030.2  11/2- -11/2  27   -5.49    2.75    2.75   30.24    5.06       5.49    5.49    0.00   -1.65      0.669   0.669   0.000
   7 1072.2   7/2-  -7/2  36   -2.76    2.78    2.78   11.32    3.11       3.97    3.97   -0.00   -1.61      0.485   0.485  -0.000
   8 1192.1   5/2-   1/2  32    0.62    5.50    5.50    2.13    0.46       9.59    9.59   -0.00   -2.69      1.169   1.169  -0.000
   9 1259.2   7/2-   1/2  32   -0.31    5.18    5.18    1.27    0.80      10.51   10.51    0.00   -1.84      1.281   1.281   0.000
  10 1297.5   5/2-   5/2  28    1.75    5.94    5.94    4.93    1.48       8.40    8.40   -0.00   -3.03      1.024   1.024  -0.000
  
  11 1391.2   9/2-   9/2  38    0.78    4.18    4.18   16.13    3.78       5.81    5.81    0.00   -1.67      0.709   0.709   0.000
  12 1638.6   7/2-  -3/2  33   -0.67    5.33    5.33    1.61    0.70      11.23   11.23    0.00   -2.00      1.370   1.370   0.000
  13 2003.4   9/2-  -3/2  33   -1.05    4.92    4.92    4.21    1.63      11.27   11.27    0.00   -1.25      1.374   1.374   0.000
  14 2078.8   1/2-   1/2  31    0.50   12.99   12.99    0.25    0.94      12.68   12.68   -0.00   -5.05      1.545   1.545  -0.000
  15 2102.0   9/2-  -7/2  36   -2.39    3.60    3.60    9.02    2.17       9.70    9.70   -0.00   -1.23      1.183   1.183  -0.000
  
  16 2300.7   7/2-   5/2  28    1.65    5.79    5.79    6.90    1.43      11.46   11.46   -0.00   -2.68      1.397   1.397  -0.000
  17 2429.2   5/2-   1/2  31    0.37   13.62   13.62    0.47    1.65      13.35   13.35   -0.00   -4.42      1.628   1.628  -0.000
  18 2432.5  11/2-   9/2  38    0.59    4.24    4.24   15.80    3.31      10.20   10.20   -0.00   -0.99      1.243   1.243  -0.000
  19 2435.1   9/2-   9/2  38    0.84    4.46    4.46   15.23    2.80      10.51   10.51    0.00   -2.23      1.282   1.282   0.000
  20 2612.5  13/2- -11/2  27   -5.47    2.75    2.75   30.21    4.33      11.97   11.97    0.00   -1.11      1.460   1.460   0.000
  
  21 2954.4  11/2-   5/2  29    0.15   20.89   20.89    6.44    4.81      13.23   13.23    0.00   -3.78      1.613   1.613   0.000
  22 2986.5   9/2-   5/2  29    0.16   20.50   20.50    6.24    4.49      13.65   13.65   -0.00   -4.77      1.664   1.664  -0.000
  23 3312.0  11/2-  -7/2  36   -2.01    3.47    3.47   10.21    2.03      14.32   14.32   -0.00   -0.94      1.745   1.745  -0.000
  24 3453.9  11/2-   1/2  32   -0.37    4.95    4.95    2.04    0.82      18.97   18.97    0.00   -1.15      2.313   2.313   0.000
  25 3555.0   1/2-   1/2  25    0.50    7.51    7.51    0.25    0.65       7.44    7.44   -0.00   -3.81      0.907   0.907  -0.000
  
  26 3576.9  13/2-   5/2  29    0.10   21.91   21.91    9.06    5.12      15.07   15.07   -0.00   -3.12      1.837   1.837  -0.000
  27 3749.7  13/2-   9/2  38    0.47    4.28    4.28   15.52    2.97      15.68   15.68    0.00   -0.60      1.911   1.911   0.000
  28 3957.3   1/2-   1/2  35    0.50   17.03   17.03    0.25   -0.76      18.19   18.19    0.00   -5.80      2.217   2.217   0.000
  29 4064.5   5/2-   5/2  29    1.45   22.20   22.20    4.93    3.64      18.27   18.27   -0.00   -6.38      2.227   2.227  -0.000
  30 4434.6  13/2-  -3/2  33   -0.51    5.64    5.64    1.80    1.35      21.51   21.51    0.00   -0.56      2.622   2.622   0.000
  
  31 4849.2  13/2-  -7/2  36   -2.13    3.31    3.31   11.09    1.88      20.10   20.10    0.00   -0.72      2.450   2.450   0.000
  32*******   1/2-  -3/2  33    0.00    0.00    0.00    0.00   -0.00       0.00    0.00   -0.00   -0.00      0.000   0.000  -0.000
