1SPECTRUM OF (Z= 82 A=207) IN PARTICLE-ROTOR  MODEL WITH MODIFIED OSCILLATOR POTENTIAL


 PARITY=-   EPS= 0.261   GAMMA=  0.0   EPS4=0.000   EPS6=0.000   LEVELS:  24  25  26  27  28  29  30  31  32  33  34  35  36  37  38

 PAIRING FACTORS: GN0= 19.20  GN1=  7.40  IPAIR= 15 ***  E2PLUS(INPUT)=   0.730  E2PLUR(INPUT)=   0.000

 CORIOLIS ATTENUATION PARAMETERS:  CHSI=1.000  ETA=  1.00

 MOMENT OF INERTIA PARAMETERS:   A1=  0.122 MEV   A2=  0.122 MEV   A3=121.91924 MEV


 DELTA=0.941 MEV  LAMBDA=53.3649 MEV   HW0= 7.4712 MEV   LAMBDA/HW0= 7.1427

 E2ENERGY=0.730 MEV  HBAR**2/B=12631./A**(7/3)=2135.2/A**2 MEV

 IREC=0  =>  RECOIL TERMS j+j-, j+j+, jzjz, ETC TREATED AS ONE-BODY OPERATORS WITH UU+VV PAIRING FACTORS



 S. P. LEVEL   EQP       U     V        (UU + VV)**1.00

     24       5.111    0.092 0.996      1.000 1.000 0.999 0.998 0.982 0.982 0.976 0.952 0.779 0.597 0.416 0.385 0.368 0.293 0.269
     25       4.124    0.115 0.993      1.000 1.000 1.000 0.999 0.986 0.986 0.980 0.959 0.793 0.615 0.437 0.406 0.389 0.314 0.291
     26       3.746    0.127 0.992      0.999 1.000 1.000 1.000 0.988 0.988 0.982 0.962 0.800 0.625 0.447 0.417 0.400 0.325 0.302
     27       3.197    0.149 0.989      0.998 0.999 1.000 1.000 0.991 0.991 0.986 0.968 0.813 0.642 0.467 0.437 0.420 0.347 0.323
     28       1.762    0.278 0.961      0.982 0.986 0.988 0.991 1.000 1.000 0.999 0.993 0.883 0.737 0.580 0.552 0.536 0.467 0.445
     29       1.758    0.279 0.960      0.982 0.986 0.988 0.991 1.000 1.000 0.999 0.993 0.883 0.738 0.580 0.553 0.537 0.468 0.446
     30       1.600    0.309 0.951      0.976 0.980 0.982 0.986 0.999 0.999 1.000 0.996 0.898 0.759 0.606 0.579 0.563 0.496 0.474
     31       1.303    0.393 0.920      0.952 0.959 0.962 0.968 0.993 0.993 0.996 1.000 0.933 0.814 0.674 0.649 0.635 0.571 0.551
     32       0.941    0.697 0.717      0.779 0.793 0.800 0.813 0.883 0.883 0.898 0.933 1.000 0.968 0.895 0.879 0.870 0.828 0.814
     33       1.059    0.854 0.521      0.597 0.615 0.625 0.642 0.737 0.738 0.759 0.814 0.968 1.000 0.978 0.970 0.966 0.942 0.933
     34       1.509    0.944 0.330      0.416 0.437 0.447 0.467 0.580 0.580 0.606 0.674 0.895 0.978 1.000 0.999 0.999 0.991 0.988
     35       1.651    0.954 0.299      0.385 0.406 0.417 0.437 0.552 0.553 0.579 0.649 0.879 0.970 0.999 1.000 1.000 0.995 0.992
     36       1.749    0.960 0.280      0.368 0.389 0.400 0.420 0.536 0.537 0.563 0.635 0.870 0.966 0.999 1.000 1.000 0.997 0.995
     37       2.367    0.979 0.203      0.293 0.314 0.325 0.347 0.467 0.468 0.496 0.571 0.828 0.942 0.991 0.995 0.997 1.000 1.000
     38       2.673    0.984 0.179      0.269 0.291 0.302 0.323 0.445 0.446 0.474 0.551 0.814 0.933 0.988 0.992 0.995 1.000 1.000

  R CORE   ENERGY   A0R/A00=1.000    R3= 0     2  
   2( 1)    0.732                    1.000 0.000
   2( 2)  487.921                    0.000 1.000

  R CORE   ENERGY   A0R/A00=1.000    R3= 0     2  
   3( 1)  488.652                    0.000 1.000

  R CORE   ENERGY   A0R/A00=1.000    R3= 0     2     4  
   4( 1)    2.438                    1.000 0.000 0.000

  R CORE   ENERGY   A0R/A00=1.000    R3= 0     2     4  
   5( 1)  490.847                    0.000 1.000 0.000

  R CORE   ENERGY   A0R/A00=1.000    R3= 0     2     4     6  
   6( 1)    5.121                    1.000 0.000 0.000 0.000

  R CORE   ENERGY   A0R/A00=1.000    R3= 0     2     4     6  
   7( 1)  494.017                    0.000 1.000 0.000 0.000

          AXIAL SYMMETRY => K RESTRICTED TO OMEGA

                     K
     S.P. ORB#: 24  2.50
     S.P. ORB#: 25  0.50
     S.P. ORB#: 26  2.50
     S.P. ORB#: 27 -3.50
     S.P. ORB#: 28 -3.50
     S.P. ORB#: 29  0.50
     S.P. ORB#: 30 -1.50
     S.P. ORB#: 31  4.50
     S.P. ORB#: 32  0.50
     S.P. ORB#: 33 -1.50
     S.P. ORB#: 34 -1.50
     S.P. ORB#: 35  2.50
     S.P. ORB#: 36  2.50
     S.P. ORB#: 37  0.50
     S.P. ORB#: 38 -3.50
 

             ENERGY    K= OMEGA
 
 I=  1/2- (1)  2.664  25:-0.052
                      29:-0.124
                      37:-0.991
 
 I=  1/2- (2)  2.908  29: 0.992
                      37:-0.121
 
 I=  1/2- (3)  5.529  25: 0.998
                      37:-0.057
 
 I=  1/2- (4)  8.260  32: 1.000
 
 I=  1/2- (5)147.362  33:-1.000

             ENERGY    K= OMEGA
 
 I=  3/2- (1)  2.013  25: 0.065
                      29: 0.251
                      30: 0.137
                      34: 0.953
                      37:-0.079
 
 I=  3/2- (2)  2.741  25:-0.097
                      29: 0.200
                      30:-0.959
                      34: 0.103
                      37: 0.142

             ENERGY    K= OMEGA
 
 I=  5/2- (1)  2.188  25: 0.106
                      29:-0.228
                      30:-0.317
                      34: 0.460
                      36: 0.787
                      37:-0.072
 
 I=  5/2- (2)  2.671  29:-0.161
                      30: 0.338
                      34: 0.834
                      36:-0.381
                      37: 0.119
 
 I=  5/2- (3)  2.911  24: 0.067
                      25:-0.236
                      29: 0.454
                      30: 0.599
                      36: 0.454
                      37: 0.410
 
 I=  5/2- (4)  3.543  25:-0.204
                      29: 0.119
                      30: 0.361
                      36: 0.103
                      37:-0.895
 
 I=  5/2- (5)  4.213  24: 0.062
                      25: 0.081
                      29:-0.806
                      30: 0.478
                      34:-0.298
                      36: 0.129
                      37: 0.073

             ENERGY    K= OMEGA
 
 I=  7/2- (1)  2.502  26:-0.223
                      27: 0.090
                      28: 0.965
                      30: 0.057
                      36: 0.073
 
 I=  7/2- (2)  2.835  28:-0.051
                      29:-0.253
                      30: 0.303
                      34:-0.536
                      36: 0.741
 
 I=  7/2- (3)  3.212  32: 0.740
                      33: 0.570
                      35: 0.332
                      38: 0.130
 
 I=  7/2- (4)  3.232  24: 0.056
                      25:-0.247
                      28: 0.097
                      29:-0.422
                      30:-0.466
                      34:-0.590
                      36:-0.376
                      37: 0.199
 
 I=  7/2- (5)  4.145  24:-0.160
                      25: 0.085
                      27: 0.126
                      29:-0.391
                      30: 0.732
                      34:-0.075
                      36:-0.498
                      37:-0.088

             ENERGY    K= OMEGA
 
 I=  9/2- (1)  2.075  24: 0.063
                      26:-0.060
                      27: 0.261
                      28:-0.163
                      31:-0.947
 
 I=  9/2- (2)  3.310  24:-0.099
                      25: 0.249
                      26:-0.152
                      27:-0.119
                      28:-0.491
                      29:-0.331
                      30:-0.488
                      34: 0.260
                      36: 0.458
                      37:-0.155
 
 I=  9/2- (3)  3.420  25: 0.151
                      26: 0.266
                      27: 0.077
                      28: 0.784
                      29:-0.233
                      30:-0.256
                      31:-0.148
                      34: 0.265
                      36: 0.256
                      37:-0.091
 
 I=  9/2- (4)  4.384  24:-0.094
                      25: 0.223
                      28: 0.092
                      29:-0.114
                      30:-0.456
                      34:-0.674
                      36:-0.363
                      37:-0.352
 
 I=  9/2- (5)  4.483  32:-0.248
                      33: 0.609
                      35:-0.643
                      38: 0.392

             ENERGY    K= OMEGA
 
 I= 11/2- (1)  2.308  32:-0.697
                      33:-0.574
                      35:-0.387
                      38:-0.188
 
 I= 11/2- (2)  3.025  24: 0.108
                      26:-0.097
                      27:-0.363
                      28: 0.213
                      31:-0.894
 
 I= 11/2- (3)  4.464  24:-0.123
                      25: 0.072
                      26:-0.341
                      27: 0.180
                      28: 0.855
                      30: 0.204
                      31: 0.136
                      36: 0.187
 
 I= 11/2- (4)  4.764  24:-0.051
                      26: 0.097
                      28:-0.153
                      29:-0.320
                      30: 0.381
                      31:-0.124
                      34:-0.533
                      36: 0.645
 
 I= 11/2- (5)  5.126  24: 0.087
                      25:-0.354
                      28: 0.230
                      29:-0.496
                      30:-0.494
                      31: 0.106
                      34:-0.449
                      36:-0.237
                      37: 0.227

             ENERGY    K= OMEGA
 
 I= 13/2- (1)  4.165  24: 0.155
                      26:-0.124
                      27: 0.433
                      28:-0.234
                      30: 0.083
                      31:-0.839
                      36:-0.061
 
 I= 13/2- (2)  4.579  32:-0.234
                      33: 0.589
                      35:-0.652
                      38: 0.416
 
 I= 13/2- (3)  5.237  24:-0.110
                      25: 0.383
                      26:-0.076
                      28:-0.185
                      29:-0.439
                      30:-0.584
                      31:-0.120
                      34: 0.256
                      36: 0.381
                      37:-0.201
 
 I= 13/2- (4)  5.840  24:-0.108
                      25:-0.072
                      26:-0.387
                      27:-0.188
                      28:-0.839
                      29: 0.129
                      31: 0.200
                      34:-0.178
 
 I= 13/2- (5)  7.033  24: 0.080
                      25:-0.218
                      28:-0.115
                      29: 0.088
                      30: 0.311
                      34: 0.659
                      36: 0.519
                      37: 0.351

             ENERGY     K=-7/2
  32 LEVELS    TIME=  0.0 SEC



 ******************* EXCITATION ENERGIES, DOMINANT CONFIGURATION AND EXPECTATION VALUES (WITH S.P. UU+VV FACTORS) *******************

  NR  Eex(keV)  I   Kdom  NY    <Jz>  <Jx**2> <Jy**2> <Jz**2> <I.j>/|I|  <Rx**2> <Ry**2> <Rz**2> <R.j>/|R|  <HROTx> <HROTy> <HROTz>

   1    0.0   3/2-  -3/2  34   -1.35    1.77    1.77    2.10    1.43       1.93    1.93   -0.00   -1.46      0.235   0.235  -0.000
   2   62.5   9/2-   9/2  31    3.72    2.68    2.68   19.36    4.47       2.49    2.49    0.00   -1.11      0.303   0.303   0.000
   3  174.6   5/2-   5/2  36    1.11    2.34    2.34    4.59    2.39       1.94    1.94   -0.00   -1.12      0.237   0.237  -0.000
   4  294.9  11/2-   1/2  32   -0.00   26.20   26.20    2.23    6.76       4.76    4.76    0.00   -4.60      0.580   0.580   0.000
   5  488.8   7/2-  -7/2  28   -3.15    2.28    2.28   11.86    3.41       2.56    2.56    0.00   -1.28      0.312   0.312   0.000
  
   6  651.1   1/2-   1/2  37    0.50    1.49    1.49    0.25    0.87       1.24    1.24   -0.00   -1.57      0.151   0.151  -0.000
   7  657.5   5/2-  -3/2  34   -0.82    1.80    1.80    2.76    1.05       4.45    4.45   -0.00   -1.09      0.542   0.542  -0.000
   8  728.0   3/2-  -3/2  30   -1.36    4.46    4.46    2.11    1.49       4.50    4.50   -0.00   -2.71      0.548   0.548  -0.000
   9  822.4   7/2-   5/2  36    0.82    2.31    2.31    4.38    1.92       4.76    4.76   -0.00   -0.45      0.580   0.580  -0.000
  10  894.8   1/2-   1/2  29    0.50    4.37    4.37    0.25    0.25       4.66    4.66    0.00   -2.88      0.568   0.568   0.000
  
  11  898.4   5/2-  -3/2  30    0.20    3.80    3.80    2.23    1.81       3.95    3.95    0.00   -1.60      0.481   0.481   0.000
  12 1011.6  11/2-   9/2  31    3.03    3.09    3.09   18.48    4.10       5.67    5.67    0.00   -0.04      0.691   0.691   0.000
  13 1199.0   7/2-   1/2  32    0.00   26.25   26.25    1.76    6.62       8.72    8.72    0.00   -6.70      1.063   1.063   0.000
  14 1219.0   7/2-  -3/2  34   -0.39    2.65    2.65    2.39    1.49       5.79    5.79    0.00   -0.52      0.706   0.706   0.000
  15 1297.3   9/2-  -7/2  28   -0.65    3.46    3.46    5.40    2.61       5.53    5.53    0.00    0.21      0.674   0.674   0.000
  
  16 1406.6   9/2-  -7/2  28   -1.89    2.82    2.82    9.22    2.75       6.11    6.11    0.00   -0.33      0.744   0.744   0.000
  17 1529.6   5/2-   1/2  37    0.26    1.81    1.81    0.59    0.51       4.98    4.98    0.00   -0.86      0.607   0.607   0.000
  18 2132.1   7/2-  -3/2  30   -0.10    3.84    3.84    3.17    0.93       9.62    9.62   -0.00   -1.64      1.173   1.173  -0.000
  19 2152.2  13/2-   9/2  31    2.42    3.49    3.49   17.50    3.87       9.62    9.62    0.00    0.57      1.173   1.173   0.000
  20 2200.5   5/2-   1/2  29   -0.09    4.32    4.32    1.01   -0.33      10.18   10.18    0.00   -2.36      1.241   1.241   0.000
  
  21 2371.3   9/2-  -3/2  34   -0.57    2.35    2.35    2.54    1.12      10.45   10.45   -0.00   -0.37      1.274   1.274  -0.000
  22 2450.7  11/2-  -7/2  28   -2.24    2.57    2.57   10.88    2.70       9.75    9.75    0.00    0.03      1.189   1.189   0.000
  23 2469.7   9/2-   5/2  35   -0.03   25.90   25.90    5.32    5.81      12.05   12.05    0.00   -5.75      1.469   1.469   0.000
  24 2565.6  13/2-   5/2  35   -0.04   25.85   25.85    5.57    5.83      12.28   12.28    0.00   -3.34      1.497   1.497   0.000
  25 2751.3  11/2-   5/2  36    0.46    2.72    2.72    4.28    1.69      12.63   12.63   -0.00    0.08      1.540   1.540  -0.000
  
  26 3113.1  11/2-   1/2  29   -0.43    3.22    3.22    2.41    1.60      12.73   12.73   -0.00    0.14      1.552   1.552  -0.000
  27 3224.0  13/2-  -3/2  30   -0.08    4.46    4.46    2.77    2.49      12.84   12.84   -0.00    1.12      1.565   1.565  -0.000
  28 3516.2   1/2-   1/2  25    0.50    5.90    5.90    0.25    0.69       5.80    5.80    0.00   -3.36      0.707   0.707   0.000
  29 3827.3  13/2-  -7/2  28   -2.04    2.65    2.65   10.97    2.48      15.20   15.20    0.00    0.19      1.853   1.853   0.000
  30 5019.6  13/2-  -3/2  34   -0.06    2.08    2.08    3.14    0.97      21.29   21.29   -0.00   -0.09      2.595   2.595  -0.000
  
  31 6246.7   1/2-   1/2  32    0.50   26.19   26.19    0.25   -3.83      30.01   30.01    0.00   -7.22      3.659   3.659   0.000
  32*******   1/2-  -3/2  33    0.00    0.00    0.00    0.00   -0.00       0.00    0.00    0.00   -0.00      0.000   0.000   0.000
