1SPECTRUM OF (Z= 82 A=207) IN PARTICLE-ROTOR  MODEL WITH MODIFIED OSCILLATOR POTENTIAL


 PARITY=-   EPS= 0.292   GAMMA=  0.0   EPS4=0.000   EPS6=0.000   LEVELS:  24  25  26  27  28  29  30  31  32  33  34  35  36  37  38

 PAIRING FACTORS: GN0= 19.20  GN1=  7.40  IPAIR= 15 ***  E2PLUS(INPUT)=   0.730  E2PLUR(INPUT)=   0.000

 CORIOLIS ATTENUATION PARAMETERS:  CHSI=1.000  ETA=  1.00

 MOMENT OF INERTIA PARAMETERS:   A1=  0.122 MEV   A2=  0.122 MEV   A3=121.91924 MEV


 DELTA=0.951 MEV  LAMBDA=53.2929 MEV   HW0= 7.4872 MEV   LAMBDA/HW0= 7.1179

 E2ENERGY=0.730 MEV  HBAR**2/B=15810./A**(7/3)=2672.6/A**2 MEV

 IREC=0  =>  RECOIL TERMS j+j-, j+j+, jzjz, ETC TREATED AS ONE-BODY OPERATORS WITH UU+VV PAIRING FACTORS



 S. P. LEVEL   EQP       U     V        (UU + VV)**1.00

     24       5.042    0.095 0.996      1.000 1.000 0.999 0.997 0.972 0.961 0.955 0.914 0.869 0.753 0.439 0.340 0.310 0.279 0.260
     25       4.116    0.116 0.993      1.000 1.000 1.000 0.999 0.977 0.967 0.961 0.922 0.880 0.767 0.459 0.360 0.330 0.300 0.281
     26       3.457    0.139 0.990      0.999 1.000 1.000 1.000 0.981 0.972 0.967 0.931 0.890 0.781 0.479 0.381 0.352 0.321 0.303
     27       2.904    0.166 0.986      0.997 0.999 1.000 1.000 0.986 0.978 0.974 0.941 0.902 0.798 0.503 0.407 0.377 0.347 0.329
     28       1.539    0.327 0.945      0.972 0.977 0.981 0.986 1.000 0.999 0.998 0.984 0.961 0.887 0.639 0.552 0.525 0.498 0.481
     29       1.392    0.367 0.930      0.961 0.967 0.972 0.978 0.999 1.000 1.000 0.991 0.972 0.906 0.671 0.588 0.561 0.535 0.518
     30       1.333    0.387 0.922      0.955 0.961 0.967 0.974 0.998 1.000 1.000 0.993 0.977 0.914 0.687 0.605 0.579 0.552 0.536
     31       1.112    0.491 0.871      0.914 0.922 0.931 0.941 0.984 0.991 0.993 1.000 0.995 0.955 0.767 0.693 0.669 0.645 0.630
     32       1.011    0.575 0.818      0.869 0.880 0.890 0.902 0.961 0.972 0.977 0.995 1.000 0.980 0.826 0.761 0.740 0.718 0.704
     33       0.953    0.727 0.687      0.753 0.767 0.781 0.798 0.887 0.906 0.914 0.955 0.980 1.000 0.922 0.875 0.859 0.842 0.832
     34       1.443    0.936 0.352      0.439 0.459 0.479 0.503 0.639 0.671 0.687 0.767 0.826 0.922 1.000 0.994 0.990 0.985 0.982
     35       1.971    0.968 0.249      0.340 0.360 0.381 0.407 0.552 0.588 0.605 0.693 0.761 0.875 0.994 1.000 0.999 0.998 0.997
     36       2.234    0.976 0.218      0.310 0.330 0.352 0.377 0.525 0.561 0.579 0.669 0.740 0.859 0.990 0.999 1.000 0.999 0.999
     37       2.592    0.982 0.187      0.279 0.300 0.321 0.347 0.498 0.535 0.552 0.645 0.718 0.842 0.985 0.998 0.999 1.000 1.000
     38       2.876    0.986 0.168      0.260 0.281 0.303 0.329 0.481 0.518 0.536 0.630 0.704 0.832 0.982 0.997 0.999 1.000 1.000

  R CORE   ENERGY   A0R/A00=1.000    R3= 0     2  
   2( 1)    0.732                    1.000 0.000
   2( 2)  487.921                    0.000 1.000

  R CORE   ENERGY   A0R/A00=1.000    R3= 0     2  
   3( 1)  488.652                    0.000 1.000

  R CORE   ENERGY   A0R/A00=1.000    R3= 0     2     4  
   4( 1)    2.438                    1.000 0.000 0.000

  R CORE   ENERGY   A0R/A00=1.000    R3= 0     2     4  
   5( 1)  490.847                    0.000 1.000 0.000

  R CORE   ENERGY   A0R/A00=1.000    R3= 0     2     4     6  
   6( 1)    5.121                    1.000 0.000 0.000 0.000

  R CORE   ENERGY   A0R/A00=1.000    R3= 0     2     4     6  
   7( 1)  494.017                    0.000 1.000 0.000 0.000

          AXIAL SYMMETRY => K RESTRICTED TO OMEGA

                     K
     S.P. ORB#: 24  2.50
     S.P. ORB#: 25  0.50
     S.P. ORB#: 26  2.50
     S.P. ORB#: 27 -3.50
     S.P. ORB#: 28  0.50
     S.P. ORB#: 29 -1.50
     S.P. ORB#: 30 -3.50
     S.P. ORB#: 31  0.50
     S.P. ORB#: 32  4.50
     S.P. ORB#: 33 -1.50
     S.P. ORB#: 34  2.50
     S.P. ORB#: 35 -1.50
     S.P. ORB#: 36  2.50
     S.P. ORB#: 37 -3.50
     S.P. ORB#: 38  0.50
 

             ENERGY    K= OMEGA
 
 I=  1/2- (1)  2.724  28:-0.996
                      38:-0.082
 
 I=  1/2- (2)  3.197  25:-0.067
                      28: 0.079
                      38:-0.995
 
 I=  1/2- (3)  5.604  25: 0.997
                      38:-0.064
 
 I=  1/2- (4)  8.109  31: 1.000
 
 I=  1/2- (5)147.256  33: 1.000

             ENERGY    K= OMEGA
 
 I=  3/2- (1)  2.381  25: 0.135
                      28: 0.443
                      29: 0.337
                      35: 0.810
                      38:-0.123
 
 I=  3/2- (2)  2.587  25:-0.051
                      28: 0.376
                      29:-0.906
                      35: 0.185

             ENERGY    K= OMEGA
 
 I=  5/2- (1)  2.454  25: 0.213
                      28:-0.386
                      29:-0.630
                      35: 0.283
                      36: 0.554
                      38:-0.144
 
 I=  5/2- (2)  2.981  24:-0.061
                      25: 0.126
                      26:-0.062
                      29:-0.528
                      35:-0.766
                      36:-0.281
                      38:-0.173
 
 I=  5/2- (3)  3.116  25: 0.138
                      28:-0.503
                      29:-0.106
                      35: 0.375
                      36:-0.748
                      38:-0.122
 
 I=  5/2- (4)  3.992  24: 0.050
                      25:-0.118
                      28:-0.257
                      29: 0.374
                      35:-0.159
                      36: 0.155
                      38:-0.853
 
 I=  5/2- (5)  4.161  25:-0.131
                      28: 0.695
                      29:-0.331
                      35: 0.404
                      36:-0.167
                      38:-0.444

             ENERGY    K= OMEGA
 
 I=  7/2- (1)  2.094  26:-0.213
                      27: 0.075
                      30: 0.972
 
 I=  7/2- (2)  3.155  24: 0.071
                      25:-0.066
                      27:-0.094
                      28: 0.267
                      29:-0.573
                      35: 0.367
                      36:-0.667
 
 I=  7/2- (3)  3.244  31:-0.734
                      33:-0.574
                      34:-0.337
                      37:-0.133
 
 I=  7/2- (4)  3.347  24: 0.068
                      25:-0.295
                      28:-0.587
                      29:-0.448
                      35:-0.553
                      36:-0.101
                      38: 0.203
 
 I=  7/2- (5)  4.181  24:-0.145
                      27: 0.141
                      28:-0.522
                      29: 0.538
                      35: 0.203
                      36:-0.595

             ENERGY    K= OMEGA
 
 I=  9/2- (1)  1.820  24: 0.058
                      26:-0.060
                      27: 0.246
                      30:-0.174
                      32:-0.950
 
 I=  9/2- (2)  2.991  24: 0.070
                      26: 0.288
                      27: 0.125
                      29: 0.118
                      30: 0.922
                      32:-0.146
                      36:-0.081
 
 I=  9/2- (3)  3.418  24:-0.092
                      25: 0.338
                      27:-0.059
                      28:-0.450
                      29:-0.639
                      30: 0.149
                      32:-0.074
                      35: 0.243
                      36: 0.375
                      38:-0.185
 
 I=  9/2- (4)  4.474  31:-0.242
                      33: 0.603
                      34:-0.648
                      37: 0.397
 
 I=  9/2- (5)  4.723  24: 0.100
                      25:-0.155
                      26: 0.066
                      29: 0.384
                      30:-0.060
                      35: 0.754
                      36: 0.428
                      38: 0.235

             ENERGY    K= OMEGA
 
 I= 11/2- (1)  2.468  31:-0.694
                      33:-0.575
                      34:-0.389
                      37:-0.192
 
 I= 11/2- (2)  2.806  24: 0.102
                      26:-0.097
                      27:-0.346
                      30: 0.227
                      32:-0.898
 
 I= 11/2- (3)  4.107  24: 0.102
                      26: 0.339
                      27:-0.168
                      29:-0.130
                      30:-0.887
                      32:-0.178
                      36:-0.091
 
 I= 11/2- (4)  4.980  24:-0.148
                      25: 0.179
                      26: 0.064
                      27: 0.119
                      28:-0.124
                      29: 0.681
                      30:-0.142
                      32:-0.150
                      35:-0.246
                      36: 0.582
                      38:-0.082
 
 I= 11/2- (5)  5.160  24:-0.054
                      25: 0.336
                      28: 0.681
                      29: 0.248
                      30:-0.092
                      35: 0.546
                      36:-0.092
                      38:-0.204

             ENERGY    K= OMEGA
 
 I= 13/2- (1)  3.985  24: 0.147
                      26:-0.125
                      27: 0.417
                      29: 0.069
                      30:-0.251
                      32:-0.847
 
 I= 13/2- (2)  4.686  31: 0.229
                      33:-0.582
                      34: 0.655
                      37:-0.424
 
 I= 13/2- (3)  5.196  24:-0.148
                      25: 0.366
                      26:-0.174
                      27:-0.114
                      28:-0.405
                      29:-0.581
                      30:-0.396
                      35: 0.158
                      36: 0.292
                      38:-0.176
 
 I= 13/2- (4)  5.539  25: 0.191
                      26: 0.339
                      27: 0.152
                      28:-0.244
                      29:-0.243
                      30: 0.775
                      32:-0.242
                      35: 0.159
                      36: 0.108
                      38:-0.091
 
 I= 13/2- (5)  7.428  24: 0.110
                      25:-0.162
                      26: 0.051
                      29: 0.298
                      30:-0.089
                      35: 0.740
                      36: 0.486
                      38: 0.271

             ENERGY     K= 1/2
  32 LEVELS    TIME=  0.0 SEC



 ******************* EXCITATION ENERGIES, DOMINANT CONFIGURATION AND EXPECTATION VALUES (WITH S.P. UU+VV FACTORS) *******************

  NR  Eex(keV)  I   Kdom  NY    <Jz>  <Jx**2> <Jy**2> <Jz**2> <I.j>/|I|  <Rx**2> <Ry**2> <Rz**2> <R.j>/|R|  <HROTx> <HROTy> <HROTz>

   1    0.0   9/2-   9/2  32    3.76    2.65    2.65   19.42    4.43       2.72    2.72   -0.00   -1.16      0.331   0.331  -0.000
   2  273.7   7/2-  -7/2  30   -3.21    2.29    2.29   11.95    3.39       2.67    2.67   -0.00   -1.32      0.325   0.325  -0.000
   3  561.0   3/2-  -3/2  35   -1.04    2.34    2.34    1.79    1.56       2.08    2.08   -0.00   -1.69      0.254   0.254  -0.000
   4  634.0   5/2-  -3/2  29    0.16    3.83    3.83    3.06    2.49       2.37    2.37   -0.00   -1.54      0.288   0.288  -0.000
   5  647.5  11/2-   1/2  31   -0.01   25.29   25.29    2.26    6.51       5.35    5.35    0.00   -4.25      0.652   0.652   0.000
  
   6  767.3   3/2-  -3/2  29   -1.21    4.63    4.63    1.96    1.44       4.70    4.70    0.00   -2.75      0.573   0.573   0.000
   7  904.0   1/2-   1/2  28    0.50    4.62    4.62    0.25    0.37       4.81    4.81   -0.00   -2.96      0.586   0.586  -0.000
   8  985.9  11/2-   9/2  32    3.08    3.02    3.02   18.57    4.03       6.10    6.10   -0.00   -0.15      0.743   0.743  -0.000
   9 1160.7   5/2-  -3/2  35   -1.06    2.25    2.25    2.50    1.18       4.40    4.40   -0.00   -1.19      0.536   0.536  -0.000
  10 1170.8   9/2-  -7/2  30   -2.71    2.43    2.43   11.65    2.97       5.87    5.87   -0.00   -0.51      0.716   0.716  -0.000
  
  11 1295.6   5/2-   5/2  36    1.32    2.72    2.72    3.92    1.60       4.33    4.33   -0.00   -1.58      0.528   0.528  -0.000
  12 1335.0   7/2-   5/2  36    0.43    3.23    3.23    4.00    2.00       5.15    5.15   -0.00   -0.78      0.628   0.628  -0.000
  13 1377.3   1/2-   1/2  38    0.50    1.44    1.44    0.25    0.71       1.33    1.33    0.00   -1.55      0.162   0.162   0.000
  14 1423.7   7/2-   1/2  31   -0.00   25.29   25.29    1.80    6.39       8.70    8.70    0.00   -6.48      1.060   1.060   0.000
  15 1526.9   7/2-   1/2  28   -0.50    3.23    3.23    1.42    1.53       5.73    5.73   -0.00   -0.53      0.699   0.699  -0.000
  
  16 1598.4   9/2-  -3/2  29   -0.21    4.60    4.60    2.51    2.47       5.93    5.93   -0.00    0.17      0.723   0.723  -0.000
  17 2164.6  13/2-   9/2  32    2.49    3.41    3.41   17.68    3.78      10.22   10.22    0.00    0.42      1.246   1.246   0.000
  18 2172.3   5/2-   1/2  38    0.22    2.20    2.20    0.74    0.37       5.85    5.85   -0.00   -1.18      0.714   0.714  -0.000
  19 2287.2  11/2-  -7/2  30   -2.40    2.53    2.53   11.49    2.70      10.02   10.02   -0.00   -0.09      1.221   1.221  -0.000
  20 2340.6   5/2-   1/2  28    0.01    3.49    3.49    0.98   -0.27       9.16    9.16   -0.00   -2.05      1.116   1.116  -0.000
  
  21 2360.6   7/2-   5/2  36    0.51    3.33    3.33    3.41    0.86       9.50    9.50   -0.00   -1.53      1.158   1.158  -0.000
  22 2653.6   9/2-   5/2  34   -0.02   25.32   25.32    5.39    5.61      12.50   12.50    0.00   -5.63      1.524   1.524   0.000
  23 2866.0  13/2-   5/2  34   -0.04   25.27   25.27    5.66    5.63      13.20   13.20    0.00   -3.30      1.610   1.610   0.000
  24 2902.6   9/2-  -3/2  35   -0.56    2.05    2.05    2.94    1.01      10.88   10.88   -0.00   -0.43      1.326   1.326  -0.000
  25 3159.7  11/2-  -3/2  29    0.13    3.82    3.82    4.34    1.89      12.58   12.58   -0.00   -0.14      1.534   1.534  -0.000
  
  26 3340.2  11/2-   1/2  28   -0.23    3.28    3.28    1.17    1.48      12.88   12.88    0.00    0.22      1.570   1.570   0.000
  27 3376.2  13/2-  -3/2  29   -0.63    4.46    4.46    3.86    2.57      12.83   12.83   -0.00    1.02      1.565   1.565  -0.000
  28 3718.6  13/2-  -7/2  30   -1.67    3.04    3.04    9.85    2.41      15.50   15.50   -0.00    0.16      1.890   1.890  -0.000
  29 3783.5   1/2-   1/2  25    0.50    6.23    6.23    0.25    0.68       6.14    6.14   -0.00   -3.46      0.749   0.749  -0.000
  30 5608.3  13/2-  -3/2  35   -0.30    1.96    1.96    3.17    0.89      21.69   21.69   -0.00   -0.13      2.645   2.645  -0.000
  
  31 6289.5   1/2-   1/2  31    0.50   24.98   24.98    0.25   -3.71      28.70   28.70    0.00   -7.05      3.499   3.499   0.000
  32*******   1/2-  -3/2  33    0.00    0.00    0.00    0.00   -0.00       0.00    0.00    0.00   -0.00      0.000   0.000   0.000
