1SPECTRUM OF (Z= 82 A=207) IN PARTICLE-ROTOR  MODEL WITH MODIFIED OSCILLATOR POTENTIAL


 PARITY=-   EPS= 0.242   GAMMA=  0.0   EPS4=0.000   EPS6=0.000   LEVELS:  24  25  26  27  28  29  30  31  32  33  34  35  36  37  38

 PAIRING FACTORS: GN0= 19.20  GN1=  7.40  IPAIR= 15 ***  E2PLUS(INPUT)=   0.730  E2PLUR(INPUT)=   0.000

 CORIOLIS ATTENUATION PARAMETERS:  CHSI=1.000  ETA=  1.00

 MOMENT OF INERTIA PARAMETERS:   A1=  0.122 MEV   A2=  0.122 MEV   A3=121.91924 MEV


 DELTA=0.938 MEV  LAMBDA=53.4306 MEV   HW0= 7.4624 MEV   LAMBDA/HW0= 7.1600

 E2ENERGY=0.730 MEV  HBAR**2/B=10859./A**(7/3)=1835.7/A**2 MEV

 IREC=0  =>  RECOIL TERMS j+j-, j+j+, jzjz, ETC TREATED AS ONE-BODY OPERATORS WITH UU+VV PAIRING FACTORS



 S. P. LEVEL   EQP       U     V        (UU + VV)**1.00

     24       5.169    0.091 0.996      1.000 1.000 1.000 0.999 0.990 0.986 0.982 0.974 0.671 0.522 0.491 0.425 0.362 0.322 0.265
     25       4.137    0.114 0.993      1.000 1.000 1.000 1.000 0.993 0.990 0.986 0.979 0.688 0.541 0.511 0.445 0.383 0.344 0.287
     26       3.936    0.120 0.993      1.000 1.000 1.000 1.000 0.993 0.991 0.987 0.980 0.692 0.546 0.516 0.451 0.389 0.350 0.293
     27       3.392    0.140 0.990      0.999 1.000 1.000 1.000 0.995 0.993 0.990 0.984 0.706 0.563 0.533 0.468 0.407 0.368 0.312
     28       2.068    0.233 0.972      0.990 0.993 0.993 0.995 1.000 1.000 0.999 0.996 0.770 0.639 0.611 0.550 0.492 0.455 0.401
     29       1.909    0.254 0.967      0.986 0.990 0.991 0.993 1.000 1.000 1.000 0.998 0.784 0.655 0.628 0.568 0.510 0.474 0.420
     30       1.747    0.279 0.960      0.982 0.986 0.987 0.990 0.999 1.000 1.000 0.999 0.800 0.675 0.648 0.589 0.533 0.497 0.444
     31       1.568    0.315 0.949      0.974 0.979 0.980 0.984 0.996 0.998 0.999 1.000 0.822 0.702 0.676 0.619 0.564 0.529 0.477
     32       0.976    0.800 0.601      0.671 0.688 0.692 0.706 0.770 0.784 0.800 0.822 1.000 0.983 0.975 0.956 0.934 0.918 0.893
     33       1.182    0.897 0.442      0.522 0.541 0.546 0.563 0.639 0.655 0.675 0.702 0.983 1.000 0.999 0.994 0.984 0.976 0.961
     34       1.254    0.912 0.410      0.491 0.511 0.516 0.533 0.611 0.628 0.648 0.676 0.975 0.999 1.000 0.997 0.990 0.983 0.970
     35       1.465    0.940 0.340      0.425 0.445 0.451 0.468 0.550 0.568 0.589 0.619 0.956 0.994 0.997 1.000 0.998 0.994 0.986
     36       1.770    0.961 0.276      0.362 0.383 0.389 0.407 0.492 0.510 0.533 0.564 0.934 0.984 0.990 0.998 1.000 0.999 0.995
     37       2.053    0.972 0.235      0.322 0.344 0.350 0.368 0.455 0.474 0.497 0.529 0.918 0.976 0.983 0.994 0.999 1.000 0.998
     38       2.706    0.984 0.176      0.265 0.287 0.293 0.312 0.401 0.420 0.444 0.477 0.893 0.961 0.970 0.986 0.995 0.998 1.000

  R CORE   ENERGY   A0R/A00=1.000    R3= 0     2  
   2( 1)    0.732                    1.000 0.000
   2( 2)  487.921                    0.000 1.000

  R CORE   ENERGY   A0R/A00=1.000    R3= 0     2  
   3( 1)  488.652                    0.000 1.000

  R CORE   ENERGY   A0R/A00=1.000    R3= 0     2     4  
   4( 1)    2.438                    1.000 0.000 0.000

  R CORE   ENERGY   A0R/A00=1.000    R3= 0     2     4  
   5( 1)  490.847                    0.000 1.000 0.000

  R CORE   ENERGY   A0R/A00=1.000    R3= 0     2     4     6  
   6( 1)    5.121                    1.000 0.000 0.000 0.000

  R CORE   ENERGY   A0R/A00=1.000    R3= 0     2     4     6  
   7( 1)  494.017                    0.000 1.000 0.000 0.000

          AXIAL SYMMETRY => K RESTRICTED TO OMEGA

                     K
     S.P. ORB#: 24  2.50
     S.P. ORB#: 25  0.50
     S.P. ORB#: 26  2.50
     S.P. ORB#: 27 -3.50
     S.P. ORB#: 28 -3.50
     S.P. ORB#: 29  0.50
     S.P. ORB#: 30 -1.50
     S.P. ORB#: 31  4.50
     S.P. ORB#: 32  0.50
     S.P. ORB#: 33 -1.50
     S.P. ORB#: 34 -1.50
     S.P. ORB#: 35  2.50
     S.P. ORB#: 36  2.50
     S.P. ORB#: 37  0.50
     S.P. ORB#: 38 -3.50
 

             ENERGY    K= OMEGA
 
 I=  1/2- (1)  2.342  25:-0.054
                      37:-0.998
 
 I=  1/2- (2)  3.029  29: 0.999
 
 I=  1/2- (3)  5.486  25: 0.998
                      37:-0.056
 
 I=  1/2- (4)  8.483  32:-1.000
 
 I=  1/2- (5)147.485  33:-1.000

             ENERGY    K= OMEGA
 
 I=  3/2- (1)  1.767  29: 0.201
                      30: 0.106
                      34: 0.970
                      37:-0.068
 
 I=  3/2- (2)  2.819  25: 0.120
                      29: 0.064
                      30: 0.811
                      34:-0.147
                      37:-0.550

             ENERGY    K= OMEGA
 
 I=  5/2- (1)  1.937  25: 0.070
                      29:-0.171
                      30:-0.219
                      34: 0.481
                      35: 0.827
 
 I=  5/2- (2)  2.431  29: 0.185
                      30:-0.224
                      34:-0.834
                      35: 0.459
                      37:-0.081
 
 I=  5/2- (3)  2.848  24: 0.053
                      25:-0.178
                      29: 0.369
                      30: 0.525
                      35: 0.263
                      37: 0.696
 
 I=  5/2- (4)  3.338  24: 0.058
                      25:-0.284
                      29: 0.284
                      30: 0.556
                      34: 0.059
                      35: 0.152
                      37:-0.707
 
 I=  5/2- (5)  4.318  24: 0.063
                      25: 0.076
                      29:-0.816
                      30: 0.495
                      34:-0.258
                      35: 0.107

             ENERGY    K= OMEGA
 
 I=  7/2- (1)  2.583  28:-0.050
                      29:-0.214
                      30: 0.239
                      34:-0.547
                      35: 0.769
 
 I=  7/2- (2)  2.789  24:-0.050
                      26:-0.234
                      27: 0.098
                      28:-0.938
                      29: 0.079
                      30: 0.080
                      34: 0.183
                      35: 0.065
 
 I=  7/2- (3)  3.095  25:-0.202
                      28:-0.233
                      29:-0.362
                      30:-0.378
                      34:-0.628
                      35:-0.449
                      37: 0.185
 
 I=  7/2- (4)  3.286  32:-0.739
                      33:-0.570
                      36:-0.333
                      38:-0.131
 
 I=  7/2- (5)  4.164  24:-0.152
                      25: 0.184
                      27: 0.107
                      29:-0.133
                      30: 0.758
                      34:-0.233
                      35:-0.437
                      37:-0.306

             ENERGY    K= OMEGA
 
 I=  9/2- (1)  2.323  24: 0.066
                      26:-0.063
                      27: 0.270
                      28: 0.163
                      31:-0.943
 
 I=  9/2- (2)  3.211  24: 0.056
                      25:-0.242
                      27: 0.056
                      28:-0.078
                      29: 0.355
                      30: 0.466
                      31: 0.063
                      34:-0.426
                      35:-0.611
                      37: 0.166
 
 I=  9/2- (3)  3.666  24: 0.080
                      26: 0.314
                      27: 0.137
                      28:-0.901
                      29:-0.055
                      30: 0.050
                      31:-0.135
                      34: 0.199
 
 I=  9/2- (4)  4.243  24:-0.082
                      25: 0.223
                      28:-0.173
                      29:-0.122
                      30:-0.484
                      34:-0.644
                      35:-0.194
                      37:-0.459
 
 I=  9/2- (5)  4.440  25:-0.141
                      28:-0.124
                      29: 0.426
                      34:-0.474
                      35: 0.704
                      37: 0.245

             ENERGY    K= OMEGA
 
 I= 11/2- (1)  2.305  32:-0.696
                      33:-0.575
                      36:-0.387
                      38:-0.188
 
 I= 11/2- (2)  3.255  24: 0.113
                      26:-0.100
                      27:-0.372
                      28:-0.212
                      31:-0.887
                      35:-0.056
 
 I= 11/2- (3)  4.527  24:-0.062
                      27: 0.071
                      28:-0.151
                      29:-0.271
                      30: 0.356
                      31:-0.082
                      34:-0.521
                      35: 0.700
 
 I= 11/2- (4)  4.709  24:-0.124
                      25: 0.138
                      26:-0.338
                      27: 0.167
                      28:-0.770
                      29: 0.223
                      30: 0.187
                      31: 0.134
                      34: 0.341
                      35: 0.054
                      37:-0.095
 
 I= 11/2- (5)  5.107  25:-0.306
                      26:-0.136
                      28:-0.429
                      29:-0.417
                      30:-0.440
                      31: 0.141
                      34:-0.408
                      35:-0.317
                      37: 0.217

             ENERGY    K= OMEGA
 
 I= 13/2- (1)  4.374  24: 0.161
                      25:-0.055
                      26:-0.127
                      27: 0.440
                      28: 0.230
                      29: 0.059
                      30: 0.108
                      31:-0.825
                      34:-0.056
                      35:-0.094
 
 I= 13/2- (2)  4.597  32:-0.236
                      33: 0.590
                      36:-0.650
                      38: 0.416
 
 I= 13/2- (3)  5.194  24:-0.077
                      25: 0.358
                      28: 0.127
                      29:-0.428
                      30:-0.542
                      31:-0.178
                      34: 0.321
                      35: 0.438
                      37:-0.207
 
 I= 13/2- (4)  6.076  24: 0.137
                      26: 0.396
                      27: 0.202
                      28:-0.826
                      29:-0.094
                      31:-0.176
                      34: 0.241
 
 I= 13/2- (5)  6.847  24:-0.068
                      25: 0.238
                      28:-0.173
                      29:-0.136
                      30:-0.331
                      34:-0.592
                      35:-0.485
                      37:-0.439

             ENERGY     K=-7/2
  32 LEVELS    TIME=  0.0 SEC



 ******************* EXCITATION ENERGIES, DOMINANT CONFIGURATION AND EXPECTATION VALUES (WITH S.P. UU+VV FACTORS) *******************

  NR  Eex(keV)  I   Kdom  NY    <Jz>  <Jx**2> <Jy**2> <Jz**2> <I.j>/|I|  <Rx**2> <Ry**2> <Rz**2> <R.j>/|R|  <HROTx> <HROTy> <HROTz>

   1    0.0   3/2-  -3/2  34   -1.41    1.68    1.68    2.16    1.40       1.93    1.93   -0.00   -1.43      0.235   0.235  -0.000
   2  170.5   5/2-   5/2  35    1.31    2.01    2.01    4.91    2.33       1.96    1.96   -0.00   -1.04      0.240   0.240  -0.000
   3  537.6  11/2-   1/2  32   -0.00   26.75   26.75    2.23    6.91       4.43    4.43    0.00   -4.84      0.540   0.540   0.000
   4  556.2   9/2-   9/2  31    3.68    2.71    2.71   19.29    4.49       2.39    2.39    0.00   -1.08      0.292   0.292   0.000
   5  574.9   1/2-   1/2  37    0.50    1.37    1.37    0.25    0.82       1.16    1.16    0.00   -1.50      0.141   0.141   0.000
  
   6  664.2   5/2-  -3/2  34   -0.57    1.68    1.68    3.02    1.07       4.41    4.41   -0.00   -1.08      0.537   0.537  -0.000
   7  816.0   7/2-   5/2  35    0.95    2.09    2.09    4.57    1.91       4.66    4.66    0.00   -0.38      0.569   0.569   0.000
   8 1022.5   7/2-  -7/2  28   -3.02    2.27    2.27   11.37    3.34       2.58    2.58    0.00   -1.17      0.314   0.314   0.000
   9 1051.8   3/2-  -3/2  30   -0.86    3.55    3.55    1.61    1.20       3.91    3.91    0.00   -2.29      0.477   0.477   0.000
  10 1081.1   5/2-   1/2  37    0.09    3.15    3.15    1.24    1.56       3.55    3.55    0.00   -1.10      0.432   0.432   0.000
  
  11 1262.0   1/2-   1/2  29    0.50    4.35    4.35    0.25    0.31       4.58    4.58    0.00   -2.87      0.558   0.558   0.000
  12 1328.3   7/2-  -3/2  34   -0.39    2.24    2.24    3.19    1.45       5.94    5.94    0.00   -0.55      0.724   0.724   0.000
  13 1444.0   9/2-   5/2  35    0.43    3.32    3.32    3.49    2.29       6.04    6.04    0.00    0.37      0.736   0.736   0.000
  14 1488.1  11/2-   9/2  31    2.96    3.13    3.13   18.36    4.13       5.50    5.50    0.00    0.02      0.671   0.671   0.000
  15 1518.8   7/2-   1/2  32    0.00   26.82   26.82    1.77    6.77       8.71    8.71    0.00   -6.84      1.062   1.062   0.000
  
  16 1570.6   5/2-   1/2  37   -0.07    2.61    2.61    1.04    0.84       5.03    5.03    0.00   -1.19      0.614   0.614   0.000
  17 1899.3   9/2-  -7/2  28   -2.63    2.38    2.38   11.30    2.94       5.79    5.79    0.00   -0.42      0.706   0.706   0.000
  18 2397.3   7/2-  -3/2  30   -0.38    3.76    3.76    2.94    0.94       9.38    9.38    0.00   -1.55      1.144   1.144   0.000
  19 2476.4   9/2-  -3/2  34   -0.82    2.38    2.38    2.21    1.13      10.22   10.22   -0.00   -0.30      1.247   1.247  -0.000
  20 2551.5   5/2-   1/2  29   -0.09    4.32    4.32    0.97   -0.32      10.13   10.13   -0.00   -2.35      1.236   1.236  -0.000
  
  21 2607.1  13/2-   9/2  31    2.31    3.57    3.57   17.15    3.89       9.37    9.37    0.00    0.66      1.142   1.142   0.000
  22 2672.9   9/2-   5/2  35    0.98    2.42    2.42    3.90    1.02      11.65   11.65    0.00   -0.76      1.421   1.421   0.000
  23 2760.6  11/2-   5/2  35    0.61    2.49    2.49    4.48    1.72      12.35   12.35    0.00    0.16      1.505   1.505   0.000
  24 2830.2  13/2-   5/2  36   -0.04   26.20   26.20    5.56    5.93      11.95   11.95    0.00   -3.39      1.457   1.457   0.000
  25 2942.4  11/2-  -7/2  28   -1.95    2.53    2.53    9.15    2.51       9.96    9.96    0.00    0.18      1.214   1.214   0.000
  
  26 3340.5  11/2-  -3/2  30   -0.64    2.85    2.85    4.31    1.70      12.72   12.72    0.00    0.03      1.551   1.551   0.000
  27 3427.6  13/2-  -3/2  30    0.17    4.14    4.14    3.07    2.44      13.04   13.04    0.00    1.11      1.589   1.589   0.000
  28 3718.9   1/2-   1/2  25    0.50    5.67    5.67    0.25    0.70       5.57    5.57   -0.00   -3.29      0.679   0.679  -0.000
  29 4308.9  13/2-  -7/2  28   -2.04    2.58    2.58   10.72    2.47      15.04   15.04    0.00    0.26      1.833   1.833   0.000
  30 5080.0  13/2-  -3/2  34   -0.06    2.19    2.19    3.00    1.02      20.98   20.98    0.00   -0.05      2.557   2.557   0.000
  
  31 6715.7   1/2-   1/2  32    0.50   26.91   26.91    0.25   -3.90      30.78   30.78    0.00   -7.32      3.753   3.753   0.000
  32*******   1/2-  -3/2  33    0.00    0.00    0.00    0.00   -0.00       0.00    0.00    0.00   -0.00      0.000   0.000   0.000
