1SPECTRUM OF (Z= 82 A=207) IN PARTICLE-ROTOR  MODEL WITH MODIFIED OSCILLATOR POTENTIAL


 PARITY=-   EPS= 0.241   GAMMA=  0.0   EPS4=0.000   EPS6=0.000   LEVELS:  27  28  29  30  31  32  33  34  35  36  37  38  39  40  40

 PAIRING FACTORS: GN0= 19.20  GN1=  7.40  IPAIR= 15 ***  E2PLUS(INPUT)=   0.730  E2PLUR(INPUT)=   0.000

 CORIOLIS ATTENUATION PARAMETERS:  CHSI=1.000  ETA=  1.00

 MOMENT OF INERTIA PARAMETERS:   A1=  0.122 MEV   A2=  0.122 MEV   A3=121.91922 MEV


 DELTA=0.938 MEV  LAMBDA=53.4337 MEV   HW0= 7.4620 MEV   LAMBDA/HW0= 7.1608

 E2ENERGY=0.730 MEV  HBAR**2/B=10769./A**(7/3)=1820.5/A**2 MEV

 IREC=0  =>  RECOIL TERMS j+j-, j+j+, jzjz, ETC TREATED AS ONE-BODY OPERATORS WITH UU+VV PAIRING FACTORS



 S. P. LEVEL   EQP       U     V        (UU + VV)**1.00

     27       3.402    0.139 0.990      1.000 0.996 0.993 0.990 0.984 0.701 0.559 0.537 0.471 0.406 0.370 0.311 0.258 0.248 0.248
     28       2.084    0.231 0.973      0.996 1.000 1.000 0.999 0.997 0.764 0.634 0.614 0.552 0.489 0.455 0.399 0.348 0.338 0.338
     29       1.917    0.253 0.968      0.993 1.000 1.000 1.000 0.998 0.778 0.651 0.631 0.570 0.509 0.475 0.419 0.368 0.359 0.359
     30       1.755    0.278 0.961      0.990 0.999 1.000 1.000 0.999 0.795 0.671 0.651 0.592 0.531 0.498 0.443 0.393 0.383 0.383
     31       1.583    0.312 0.950      0.984 0.997 0.998 0.999 1.000 0.815 0.697 0.678 0.620 0.560 0.528 0.474 0.425 0.415 0.415
     32       0.981    0.804 0.594      0.701 0.764 0.778 0.795 0.815 1.000 0.983 0.978 0.960 0.936 0.922 0.896 0.870 0.865 0.865
     33       1.190    0.899 0.438      0.559 0.634 0.651 0.671 0.697 0.983 1.000 1.000 0.995 0.985 0.977 0.962 0.945 0.942 0.942
     34       1.242    0.910 0.415      0.537 0.614 0.631 0.651 0.678 0.978 1.000 1.000 0.997 0.989 0.982 0.969 0.954 0.950 0.950
     35       1.451    0.939 0.344      0.471 0.552 0.570 0.592 0.620 0.960 0.995 0.997 1.000 0.997 0.994 0.985 0.974 0.971 0.971
     36       1.777    0.962 0.274      0.406 0.489 0.509 0.531 0.560 0.936 0.985 0.989 0.997 1.000 0.999 0.995 0.988 0.986 0.986
     37       2.038    0.972 0.237      0.370 0.455 0.475 0.498 0.528 0.922 0.977 0.982 0.994 0.999 1.000 0.998 0.993 0.992 0.992
     38       2.708    0.984 0.176      0.311 0.399 0.419 0.443 0.474 0.896 0.962 0.969 0.985 0.995 0.998 1.000 0.998 0.998 0.998
     39       3.895    0.993 0.121      0.258 0.348 0.368 0.393 0.425 0.870 0.945 0.954 0.974 0.988 0.993 0.998 1.000 1.000 1.000
     40       4.247    0.994 0.111      0.248 0.338 0.359 0.383 0.415 0.865 0.942 0.950 0.971 0.986 0.992 0.998 1.000 1.000 1.000
     40       4.247    0.994 0.111      0.248 0.338 0.359 0.383 0.415 0.865 0.942 0.950 0.971 0.986 0.992 0.998 1.000 1.000 1.000

  R CORE   ENERGY   A0R/A00=1.000    R3= 0     2  
   2( 1)    0.732                    1.000 0.000
   2( 2)  487.921                    0.000 1.000

  R CORE   ENERGY   A0R/A00=1.000    R3= 0     2  
   3( 1)  488.652                    0.000 1.000

  R CORE   ENERGY   A0R/A00=1.000    R3= 0     2     4  
   4( 1)    2.438                    1.000 0.000 0.000

  R CORE   ENERGY   A0R/A00=1.000    R3= 0     2     4  
   5( 1)  490.847                    0.000 1.000 0.000

  R CORE   ENERGY   A0R/A00=1.000    R3= 0     2     4     6  
   6( 1)    5.121                    1.000 0.000 0.000 0.000

  R CORE   ENERGY   A0R/A00=1.000    R3= 0     2     4     6  
   7( 1)  494.017                    0.000 1.000 0.000 0.000

          AXIAL SYMMETRY => K RESTRICTED TO OMEGA

                     K
     S.P. ORB#: 27 -3.50
     S.P. ORB#: 28 -3.50
     S.P. ORB#: 29  0.50
     S.P. ORB#: 30 -1.50
     S.P. ORB#: 31  4.50
     S.P. ORB#: 32  0.50
     S.P. ORB#: 33 -1.50
     S.P. ORB#: 34 -1.50
     S.P. ORB#: 35  2.50
     S.P. ORB#: 36  2.50
     S.P. ORB#: 37  0.50
     S.P. ORB#: 38 -3.50
     S.P. ORB#: 39  4.50
     S.P. ORB#: 40  0.50
     S.P. ORB#: 40  0.50
 

             ENERGY    K= OMEGA
 
 I=  1/2- (1)  2.335  37:-0.999
 
 I=  1/2- (2)  3.039  29: 0.999
 
 I=  1/2- (3)  4.308  40: 0.707
                      40:-0.707
 
 I=  1/2- (4)  7.366  32:-0.904
                      40: 0.302
                      40: 0.302
 
 I=  1/2- (5) 13.571  32: 0.427
                      40: 0.639
                      40: 0.639

             ENERGY    K= OMEGA
 
 I=  3/2- (1)  1.765  29:-0.178
                      30:-0.089
                      34:-0.978
                      37: 0.069
 
 I=  3/2- (2)  2.850  29:-0.056
                      30: 0.776
                      34:-0.104
                      37:-0.620
 
 I=  3/2- (3)  2.945  29: 0.548
                      30:-0.502
                      34:-0.101
                      37:-0.662
 
 I=  3/2- (4)  3.637  29: 0.816
                      30: 0.371
                      34:-0.153
                      37: 0.417
 
 I=  3/2- (5)  4.674  40:-0.707
                      40: 0.707

             ENERGY    K= OMEGA
 
 I=  5/2- (1)  1.944  29: 0.144
                      30: 0.181
                      34:-0.487
                      35:-0.841
 
 I=  5/2- (2)  2.426  29: 0.196
                      30:-0.206
                      34:-0.834
                      35: 0.468
                      37:-0.075
 
 I=  5/2- (3)  2.918  29:-0.275
                      30:-0.373
                      35:-0.179
                      37:-0.868
 
 I=  5/2- (4)  3.678  29:-0.353
                      30:-0.779
                      35:-0.180
                      37: 0.484
 
 I=  5/2- (5)  4.354  29: 0.860
                      30:-0.423
                      34: 0.258
                      35:-0.098
                      37:-0.070

             ENERGY    K= OMEGA
 
 I=  7/2- (1)  2.571  28: 0.072
                      29: 0.208
                      30:-0.239
                      34: 0.541
                      35:-0.774
 
 I=  7/2- (2)  3.031  27: 0.118
                      28:-0.984
                      29: 0.050
                      34: 0.125
 
 I=  7/2- (3)  3.239  32: 0.755
                      33: 0.550
                      36: 0.318
                      38: 0.124
                      40:-0.072
                      40:-0.072
 
 I=  7/2- (4)  3.240  28:-0.115
                      29:-0.277
                      30:-0.274
                      32: 0.076
                      33: 0.055
                      34:-0.727
                      35:-0.512
                      37: 0.181
 
 I=  7/2- (5)  4.312  29: 0.430
                      30:-0.797
                      35: 0.330
                      37: 0.261

             ENERGY    K= OMEGA
 
 I=  9/2- (1)  2.385  27: 0.243
                      28: 0.129
                      31:-0.961
 
 I=  9/2- (2)  3.415  28: 0.074
                      29:-0.257
                      30:-0.318
                      34: 0.525
                      35: 0.726
                      37:-0.143
 
 I=  9/2- (3)  4.142  27: 0.161
                      28:-0.966
                      29:-0.075
                      31:-0.089
                      34: 0.158
 
 I=  9/2- (4)  4.346  32:-0.223
                      33: 0.555
                      36:-0.621
                      38: 0.458
                      39:-0.215
 
 I=  9/2- (5)  4.353  28:-0.140
                      29: 0.164
                      30:-0.375
                      34:-0.744
                      35: 0.377
                      37:-0.341

             ENERGY    K= OMEGA
 
 I= 11/2- (1)  2.237  32: 0.673
                      33: 0.568
                      36: 0.401
                      38: 0.232
                      39: 0.098
 
 I= 11/2- (2)  3.406  27: 0.327
                      28: 0.160
                      31: 0.930
 
 I= 11/2- (3)  4.530  28:-0.077
                      29:-0.292
                      30: 0.319
                      31:-0.051
                      34:-0.559
                      35: 0.700
 
 I= 11/2- (4)  5.470  27: 0.178
                      28:-0.838
                      29: 0.203
                      30: 0.133
                      31: 0.075
                      34: 0.368
                      35: 0.225
                      37:-0.124
 
 I= 11/2- (5)  5.595  27: 0.065
                      28:-0.494
                      29:-0.283
                      30:-0.334
                      31: 0.081
                      34:-0.539
                      35:-0.456
                      37: 0.233

             ENERGY    K= OMEGA
 
 I= 13/2- (1)  4.016  32: 0.191
                      33:-0.501
                      36: 0.609
                      38:-0.511
                      39: 0.283
 
 I= 13/2- (2)  4.660  27: 0.381
                      28: 0.176
                      31:-0.905
                      35:-0.061
 
 I= 13/2- (3)  5.807  28: 0.072
                      29:-0.326
                      30:-0.389
                      31:-0.066
                      34: 0.510
                      35: 0.652
                      37:-0.218
 
 I= 13/2- (4)  7.064  27: 0.208
                      28:-0.905
                      29:-0.164
                      31:-0.083
                      34: 0.118
                      35:-0.180
                      37:-0.234
 
 I= 13/2- (5)  7.096  28: 0.116
                      30:-0.380
                      34:-0.599
                      37:-0.694

             ENERGY     K= 1/2
  35 LEVELS    TIME=  0.0 SEC



 ******************* EXCITATION ENERGIES, DOMINANT CONFIGURATION AND EXPECTATION VALUES (WITH S.P. UU+VV FACTORS) *******************

  NR  Eex(keV)  I   Kdom  NY    <Jz>  <Jx**2> <Jy**2> <Jz**2> <I.j>/|I|  <Rx**2> <Ry**2> <Rz**2> <R.j>/|R|  <HROTx> <HROTy> <HROTz>

   1    0.0   3/2-  -3/2  34   -1.43    1.67    1.67    2.18    1.35       2.02    2.02    0.00   -1.44      0.247   0.247   0.000
   2  178.7   5/2-   5/2  35    1.37    1.90    1.90    5.03    2.25       2.14    2.14    0.00   -1.05      0.260   0.260   0.000
   3  472.7  11/2-   1/2  32   -0.00   26.90   26.90    2.70    7.07       3.85    3.85   -0.00   -5.13      0.469   0.469  -0.011
   4  570.0   1/2-   1/2  37    0.50    1.44    1.44    0.25    0.83       1.22    1.22    0.00   -1.54      0.149   0.149   0.000
   5  619.8   9/2-   9/2  31    3.89    2.57    2.57   19.63    4.41       2.81    2.81   -0.00   -1.19      0.343   0.343  -0.000
  
   6  661.1   5/2-  -3/2  34   -0.54    1.68    1.68    3.04    1.05       4.45    4.45    0.00   -1.10      0.543   0.543   0.000
   7  806.5   7/2-   5/2  35    0.97    2.07    2.07    4.63    1.91       4.66    4.66    0.00   -0.38      0.568   0.568   0.000
   8 1085.5   3/2-  -3/2  30   -0.73    3.24    3.24    1.48    0.92       4.07    4.07    0.00   -2.16      0.496   0.496   0.000
   9 1152.9   5/2-   1/2  37    0.29    2.15    2.15    0.72    1.02       3.88    3.88    0.00   -0.73      0.474   0.474   0.000
  10 1179.7   3/2-   1/2  37   -0.02    2.76    2.76    0.77    0.43       4.19    4.19    0.00   -1.89      0.511   0.511   0.000
  
  11 1266.0   7/2-  -7/2  28   -3.46    2.06    2.06   12.06    3.05       3.86    3.86   -0.00   -1.47      0.471   0.471  -0.000
  12 1274.1   1/2-   1/2  29    0.50    4.27    4.27    0.25    0.19       4.60    4.60    0.00   -2.84      0.561   0.561   0.000
  13 1474.6   7/2-   1/2  32    0.04   25.48   25.48    1.65    6.49       8.42    8.42   -0.00   -6.54      1.027   1.027  -0.314
  14 1475.1   7/2-  -3/2  34   -0.24    2.06    2.06    3.21    1.03       7.44    7.44   -0.00   -0.84      0.907   0.907  -0.003
  15 1641.2  11/2-   9/2  31    3.43    2.79    2.79   19.15    3.95       6.63    6.63   -0.00   -0.31      0.808   0.808  -0.000
  
  16 1650.1   9/2-   5/2  35    0.78    2.30    2.30    4.28    1.78       7.96    7.96    0.00   -0.01      0.970   0.970   0.000
  17 1871.8   3/2-   1/2  29    0.18    3.96    3.96    0.57   -0.52       7.12    7.12    0.00   -2.52      0.868   0.868   0.000
  18 1913.3   5/2-  -3/2  30   -0.65    3.39    3.39    1.66    0.34       7.57    7.57    0.00   -1.91      0.924   0.924   0.000
  19 2250.9  13/2-   5/2  36    0.02   25.56   25.56    7.72    6.53       8.21    8.21   -0.00   -3.27      1.001   1.001  -0.003
  20 2377.1   9/2-  -7/2  28   -3.35    2.01    2.01   11.98    2.41       8.41    8.41   -0.00   -0.98      1.025   1.025  -0.000
  
  21 2543.6   1/2-   1/2  40    0.00    0.00    0.00    0.00    0.00       0.25    0.25    0.25   -0.00      0.030   0.030  30.480
  22 2546.8   7/2-  -3/2  30   -0.56    3.81    3.81    2.20    0.60      10.41   10.41    0.00   -1.63      1.269   1.269   0.000
  23 2581.6   9/2-   5/2  36    0.00   25.86   25.86    6.63    6.29      10.24   10.24    0.00   -5.98      1.248   1.248   0.000
  24 2588.2   9/2-  -3/2  34   -0.68    1.75    1.75    2.74    0.74      11.82   11.82    0.00   -0.53      1.441   1.441   0.000
  25 2589.5   5/2-   1/2  29    0.03    4.16    4.16    0.80   -0.47      10.31   10.31    0.00   -2.31      1.257   1.257   0.000
  
  26 2765.6  11/2-   5/2  35    0.63    2.35    2.35    4.16    1.63      12.58   12.58    0.00    0.17      1.533   1.533   0.000
  27 2895.7  13/2-   9/2  31    3.08    2.97    2.97   18.77    3.62      11.47   11.47   -0.00    0.11      1.399   1.399  -0.000
  28 2909.3   3/2-   1/2  40    0.00    0.00    0.00    0.00    0.00       1.75    1.75    0.25   -0.00      0.213   0.213  30.480
  29 3705.0  11/2-  -7/2  28   -2.62    1.98    1.98    9.78    1.73      14.38   14.38   -0.00   -0.63      1.753   1.753  -0.000
  30 3830.2  11/2-  -3/2  34   -0.86    2.02    2.02    5.42    1.08      16.15   16.15   -0.00   -0.53      1.969   1.969  -0.000
  
  31 4042.5  13/2-   5/2  35    0.52    2.58    2.58    3.78    1.62      17.56   17.56    0.00    0.40      2.141   2.141   0.000
  32 5299.6  13/2-  -7/2  28   -2.89    2.02    2.02   10.96    1.65      20.37   20.37   -0.00   -0.55      2.484   2.484  -0.001
  33 5331.3  13/2-   1/2  37   -0.56    1.67    1.67    1.43    0.67      22.08   22.08    0.00   -0.01      2.692   2.692   0.000
  34 5601.5   1/2-   1/2  32    0.59   20.29   20.29    0.30   -3.36      23.75   23.75   -0.05   -6.36      2.895   2.895  -5.554
  3511806.2   1/2-   1/2  40    0.91   35.45   35.45    0.45   -5.22      40.68   40.68   -0.20   -8.42      4.959   4.959 -24.925
  
