1SPECTRUM OF (Z= 82 A=207) IN PARTICLE-ROTOR  MODEL WITH MODIFIED OSCILLATOR POTENTIAL


 PARITY=-   EPS= 0.467   GAMMA=  0.0   EPS4=0.000   EPS6=0.000   LEVELS:  25  26  27  28  29  30  31  32  33  34  35  36  37  38  39

 PAIRING FACTORS: GN0= 19.20  GN1=  7.40  IPAIR= 15 ***  E2PLUS(INPUT)=   0.730  E2PLUR(INPUT)=   0.000

 CORIOLIS ATTENUATION PARAMETERS:  CHSI=1.000  ETA=  1.00

 MOMENT OF INERTIA PARAMETERS:   A1=  0.122 MEV   A2=  0.122 MEV   A3=121.91923 MEV


 DELTA=0.848 MEV  LAMBDA=53.4595 MEV   HW0= 7.6204 MEV   LAMBDA/HW0= 7.0153

 E2ENERGY=0.730 MEV  HBAR**2/B=40438./A**(7/3)=6835.9/A**2 MEV

 IREC=0  =>  RECOIL TERMS j+j-, j+j+, jzjz, ETC TREATED AS ONE-BODY OPERATORS WITH UU+VV PAIRING FACTORS



 S. P. LEVEL   EQP       U     V        (UU + VV)**1.00

     25       4.160    0.102 0.995      1.000 1.000 0.997 0.994 0.980 0.968 0.908 0.707 0.629 0.352 0.299 0.294 0.258 0.255 0.199
     26       3.207    0.133 0.991      1.000 1.000 0.999 0.997 0.986 0.975 0.921 0.729 0.653 0.381 0.329 0.324 0.288 0.285 0.230
     27       2.422    0.178 0.984      0.997 0.999 1.000 0.999 0.993 0.984 0.937 0.759 0.686 0.422 0.371 0.366 0.331 0.328 0.273
     28       2.020    0.215 0.977      0.994 0.997 0.999 1.000 0.996 0.990 0.950 0.783 0.713 0.456 0.406 0.401 0.366 0.363 0.310
     29       1.499    0.296 0.955      0.980 0.986 0.993 0.996 1.000 0.998 0.973 0.832 0.769 0.529 0.481 0.476 0.443 0.440 0.388
     30       1.296    0.349 0.937      0.968 0.975 0.984 0.990 0.998 1.000 0.984 0.862 0.804 0.576 0.529 0.525 0.492 0.490 0.439
     31       0.967    0.510 0.860      0.908 0.921 0.937 0.950 0.973 0.984 1.000 0.938 0.897 0.712 0.671 0.667 0.639 0.637 0.592
     32       0.866    0.776 0.631      0.707 0.729 0.759 0.783 0.832 0.862 0.938 1.000 0.994 0.911 0.886 0.884 0.866 0.864 0.834
     33       0.927    0.838 0.546      0.629 0.653 0.686 0.713 0.769 0.804 0.897 0.994 1.000 0.949 0.930 0.928 0.914 0.912 0.887
     34       1.724    0.967 0.254      0.352 0.381 0.422 0.456 0.529 0.576 0.712 0.911 0.949 1.000 0.998 0.998 0.995 0.995 0.987
     35       2.168    0.980 0.200      0.299 0.329 0.371 0.406 0.481 0.529 0.671 0.886 0.930 0.998 1.000 1.000 0.999 0.999 0.995
     36       2.222    0.981 0.195      0.294 0.324 0.366 0.401 0.476 0.525 0.667 0.884 0.928 0.998 1.000 1.000 0.999 0.999 0.995
     37       2.727    0.988 0.157      0.258 0.288 0.331 0.366 0.443 0.492 0.639 0.866 0.914 0.995 0.999 0.999 1.000 1.000 0.998
     38       2.775    0.988 0.155      0.255 0.285 0.328 0.363 0.440 0.490 0.637 0.864 0.912 0.995 0.999 0.999 1.000 1.000 0.998
     39       4.353    0.995 0.098      0.199 0.230 0.273 0.310 0.388 0.439 0.592 0.834 0.887 0.987 0.995 0.995 0.998 0.998 1.000

  R CORE   ENERGY   A0R/A00=1.000    R3= 0     2  
   2( 1)    0.732                    1.000 0.000
   2( 2)  487.921                    0.000 1.000

  R CORE   ENERGY   A0R/A00=1.000    R3= 0     2  
   3( 1)  488.652                    0.000 1.000

  R CORE   ENERGY   A0R/A00=1.000    R3= 0     2     4  
   4( 1)    2.438                    1.000 0.000 0.000

  R CORE   ENERGY   A0R/A00=1.000    R3= 0     2     4  
   5( 1)  490.847                    0.000 1.000 0.000

  R CORE   ENERGY   A0R/A00=1.000    R3= 0     2     4     6  
   6( 1)    5.121                    1.000 0.000 0.000 0.000

  R CORE   ENERGY   A0R/A00=1.000    R3= 0     2     4     6  
   7( 1)  494.017                    0.000 1.000 0.000 0.000

          AXIAL SYMMETRY => K RESTRICTED TO OMEGA

                     K
     S.P. ORB#: 25  0.50
     S.P. ORB#: 26 -1.50
     S.P. ORB#: 27 -5.50
     S.P. ORB#: 28  2.50
     S.P. ORB#: 29 -3.50
     S.P. ORB#: 30  2.50
     S.P. ORB#: 31  0.50
     S.P. ORB#: 32  0.50
     S.P. ORB#: 33 -1.50
     S.P. ORB#: 34 -3.50
     S.P. ORB#: 35 -3.50
     S.P. ORB#: 36  0.50
     S.P. ORB#: 37  4.50
     S.P. ORB#: 38 -1.50
     S.P. ORB#: 39  4.50
 

             ENERGY    K= OMEGA
 
 I=  1/2- (1)  2.235  32: 0.999
 
 I=  1/2- (2)  4.179  31: 0.929
                      36:-0.369
 
 I=  1/2- (3)  5.945  25: 0.999
 
 I=  1/2- (4)  6.490  31:-0.369
                      36:-0.929
 
 I=  1/2- (5)147.230  33: 1.000

             ENERGY    K= OMEGA
 
 I=  3/2- (1)  2.260  32: 0.631
                      33:-0.776
 
 I=  3/2- (2)  2.473  25:-0.156
                      32:-0.765
                      33:-0.624
 
 I=  3/2- (3)  4.235  26:-0.081
                      31:-0.968
                      36:-0.120
                      38:-0.204
 
 I=  3/2- (4)  6.696  25: 0.988
                      32:-0.126
                      33:-0.093
 
 I=  3/2- (5)  6.729  26:-0.129
                      31: 0.057
                      36:-0.934
                      38: 0.327

             ENERGY    K= OMEGA
 
 I=  5/2- (1)  2.667  25: 0.209
                      28:-0.062
                      32:-0.519
                      33:-0.827
 
 I=  5/2- (2)  3.437  25: 0.058
                      28: 0.120
                      32:-0.837
                      33: 0.531
 
 I=  5/2- (3)  3.834  28:-0.991
                      32:-0.069
                      33: 0.115
 
 I=  5/2- (4)  4.466  26:-0.116
                      30: 0.095
                      31: 0.829
                      36:-0.477
                      38:-0.251
 
 I=  5/2- (5)  6.291  26: 0.488
                      30:-0.846
                      36:-0.209

             ENERGY    K= OMEGA
 
 I=  7/2- (1)  3.059  28:-0.217
                      29: 0.062
                      33: 0.050
                      35: 0.973
 
 I=  7/2- (2)  3.426  28:-0.184
                      29:-0.939
                      32:-0.194
                      33: 0.217
 
 I=  7/2- (3)  3.480  29: 0.290
                      32:-0.747
                      33: 0.593
                      35:-0.060
 
 I=  7/2- (4)  3.787  25:-0.276
                      28: 0.077
                      29:-0.063
                      32:-0.600
                      33:-0.742
                      35: 0.051
 
 I=  7/2- (5)  4.513  26: 0.265
                      30: 0.265
                      31: 0.838
                      34: 0.104
                      36: 0.249
                      38: 0.291

             ENERGY    K= OMEGA
 
 I=  9/2- (1)  3.531  28:-0.139
                      29: 0.414
                      35:-0.314
                      37:-0.843
 
 I=  9/2- (2)  4.093  25: 0.221
                      28:-0.236
                      29:-0.166
                      32:-0.365
                      33:-0.521
                      35:-0.643
                      37: 0.222
 
 I=  9/2- (3)  4.162  25: 0.245
                      28: 0.119
                      29: 0.184
                      32:-0.418
                      33:-0.550
                      35: 0.629
                      37:-0.137
 
 I=  9/2- (4)  4.730  28:-0.266
                      29: 0.842
                      32: 0.059
                      37: 0.464
 
 I=  9/2- (5)  5.097  26:-0.379
                      30: 0.533
                      31: 0.510
                      34:-0.395
                      36:-0.263
                      38:-0.219
                      39: 0.195

             ENERGY    K= OMEGA
 
 I= 11/2- (1)  3.760  27: 0.999
 
 I= 11/2- (2)  4.614  27:-0.051
                      28: 0.184
                      29: 0.475
                      35:-0.353
                      37: 0.783
 
 I= 11/2- (3)  5.023  26:-0.404
                      30:-0.523
                      31:-0.514
                      34:-0.407
                      36:-0.187
                      38:-0.213
                      39:-0.230
 
 I= 11/2- (4)  5.405  28: 0.307
                      29:-0.282
                      32: 0.070
                      33:-0.143
                      35:-0.847
                      37:-0.288
 
 I= 11/2- (5)  5.658  25:-0.113
                      29:-0.064
                      32:-0.852
                      33: 0.487
                      35:-0.139

             ENERGY    K= OMEGA
 
 I= 13/2- (1)  5.341  27: 0.995
                      37:-0.090
 
 I= 13/2- (2)  5.711  26:-0.396
                      30: 0.586
                      31: 0.235
                      34:-0.549
                      36:-0.080
                      38:-0.125
                      39: 0.348
 
 I= 13/2- (3)  5.957  27:-0.100
                      28:-0.218
                      29: 0.499
                      33:-0.065
                      35:-0.373
                      37:-0.740
 
 I= 13/2- (4)  6.458  25: 0.410
                      28:-0.089
                      29:-0.062
                      32:-0.551
                      33:-0.707
                      35:-0.051
                      37: 0.114
 
 I= 13/2- (5)  6.947  25:-0.059
                      28:-0.319
                      29:-0.310
                      32: 0.092
                      33: 0.069
                      35:-0.837
                      37: 0.292

             ENERGY     K= 9/2
  35 LEVELS    TIME=  0.0 SEC



 ******************* EXCITATION ENERGIES, DOMINANT CONFIGURATION AND EXPECTATION VALUES (WITH S.P. UU+VV FACTORS) *******************

  NR  Eex(keV)  I   Kdom  NY    <Jz>  <Jx**2> <Jy**2> <Jz**2> <I.j>/|I|  <Rx**2> <Ry**2> <Rz**2> <R.j>/|R|  <HROTx> <HROTy> <HROTz>

   1    0.0   1/2-   1/2  32    0.50    5.21    5.21    0.25    0.15       5.59    5.59    0.00   -3.16      0.681   0.681   0.000
   2   24.0   3/2-  -3/2  33   -0.70    5.20    5.20    1.45    1.16       5.56    5.56   -0.00   -2.88      0.678   0.678  -0.000
   3  238.0   3/2-   1/2  32   -0.28    5.19    5.19    1.03    0.73       6.16    6.16   -0.00   -2.85      0.752   0.752  -0.000
   4  431.1   5/2-  -3/2  33   -0.86    5.36    5.36    1.64    1.34       6.60    6.60   -0.00   -2.31      0.805   0.805  -0.000
   5  823.5   7/2-  -7/2  35   -3.21    2.43    2.43   11.94    3.17       3.71    3.71   -0.00   -1.56      0.452   0.452  -0.000
  
   6 1190.1   7/2-  -7/2  29   -3.05    6.22    6.22   11.13    2.93       8.04    8.04    0.00   -2.98      0.980   0.980   0.001
   7 1201.5   5/2-   1/2  32   -0.04    5.24    5.24    0.90   -0.10      10.36   10.36   -0.00   -2.56      1.263   1.263  -0.000
   8 1244.3   7/2-   1/2  32   -0.56    5.28    5.28    2.01    0.96      10.36   10.36    0.00   -1.93      1.263   1.263   0.000
   9 1295.2   9/2-   9/2  37    2.30    3.17    3.17   17.80    4.02       4.45    4.45    0.00   -1.39      0.542   0.542   0.000
  10 1524.9  11/2- -11/2  27   -5.47    2.75    2.75   30.22    5.06       5.49    5.49    0.00   -1.65      0.669   0.669   0.000
  
  11 1551.4   7/2-  -3/2  33   -0.62    5.29    5.29    1.47    0.79      10.76   10.76   -0.00   -1.92      1.311   1.311  -0.000
  12 1598.5   5/2-   5/2  28    2.44    6.13    6.13    6.17    2.05       7.52    7.52    0.00   -3.19      0.917   0.917   0.000
  13 1857.0   9/2-  -7/2  35   -1.50    4.02    4.02    7.41    2.11       9.59    9.59   -0.00   -1.13      1.169   1.169  -0.000
  14 1926.5   9/2-  -7/2  35   -1.72    4.16    4.16    6.47    1.92      10.22   10.22    0.00   -1.16      1.246   1.246   0.000
  15 1943.2   1/2-   1/2  31    0.50   12.78   12.78    0.25    0.93      12.47   12.47    0.00   -5.01      1.520   1.520   0.000
  
  16 1999.9   3/2-   1/2  31    0.40   14.33   14.33    0.35    1.76      12.96   12.96    0.00   -5.03      1.580   1.580   0.000
  17 2230.2   5/2-   1/2  31    0.37   13.32   13.32    0.46    1.81      12.58   12.58    0.00   -4.34      1.533   1.533   0.000
  18 2277.4   7/2-   1/2  31    0.29   16.46   16.46    1.11    3.04      12.82   12.82   -0.00   -4.34      1.563   1.563  -0.000
  19 2378.3  11/2-   9/2  37    1.60    3.46    3.46   16.99    3.44       9.27    9.27    0.00   -0.78      1.130   1.130   0.000
  20 2494.3   9/2-  -7/2  29   -1.33    5.46    5.46   13.49    2.52      12.02   12.02    0.00   -2.42      1.465   1.465   0.000
  
  21 2787.1  11/2-   5/2  30    0.18   20.40   20.40    5.35    4.68      13.00   13.00   -0.00   -3.57      1.585   1.585  -0.000
  22 2861.8   9/2-   5/2  30    0.21   19.43   19.43    4.98    4.18      13.51   13.51   -0.00   -4.43      1.647   1.647  -0.000
  23 3105.2  13/2- -11/2  27   -5.41    2.75    2.75   30.12    4.33      11.97   11.97    0.00   -1.11      1.459   1.459   0.000
  24 3169.1  11/2-  -7/2  35   -2.21    2.89    2.89   12.09    2.23      13.49   13.49    0.00   -0.88      1.645   1.645   0.000
  25 3422.5  11/2-   1/2  32   -0.07    5.11    5.11    1.01    0.70      19.30   19.30    0.00   -1.13      2.353   2.353   0.000
  
  26 3475.5  13/2-   5/2  30    0.12   21.97   21.97    8.70    5.14      14.78   14.78   -0.00   -3.08      1.802   1.802  -0.000
  27 3709.9   1/2-   1/2  25    0.50    7.41    7.41    0.25    0.65       7.35    7.35    0.00   -3.78      0.896   0.896   0.000
  28 3721.7  13/2-   9/2  37    1.16    3.64    3.64   16.46    3.04      15.01   15.01    0.00   -0.46      1.830   1.830   0.000
  29 4055.1   5/2-   5/2  30    1.45   22.55   22.55    5.02    3.72      18.44   18.44    0.00   -6.44      2.248   2.248   0.000
  30 4222.3  13/2-  -3/2  33   -0.46    5.66    5.66    1.64    1.50      20.37   20.37   -0.00   -0.39      2.484   2.484  -0.000
  
  31 4254.3   1/2-   1/2  36    0.50   17.07   17.07    0.25   -0.73      18.20   18.20   -0.00   -5.80      2.219   2.219  -0.000
  32 4460.9   3/2-   1/2  25    0.48    7.44    7.44    0.27   -0.66      10.73   10.73    0.00   -3.55      1.308   1.308   0.000
  33 4493.1   3/2-   1/2  36    0.25   15.95   15.95    0.50   -0.06      18.19   18.19    0.00   -5.39      2.217   2.217   0.000
  34 4711.5  13/2-  -7/2  35   -2.15    2.96    2.96   12.13    1.95      19.77   19.77    0.00   -0.70      2.411   2.411   0.000
  35*******   1/2-  -3/2  33    0.00    0.00    0.00    0.00    0.00       0.00    0.00    0.00   -0.00      0.000   0.000   0.000
  
