1SPECTRUM OF (Z= 82 A=207) IN PARTICLE-ROTOR  MODEL WITH MODIFIED OSCILLATOR POTENTIAL


 PARITY=-   EPS= 0.451   GAMMA=  0.0   EPS4=0.000   EPS6=0.000   LEVELS:  25  26  27  28  29  30  31  32  33  34  35  36  37  38  39

 PAIRING FACTORS: GN0= 19.20  GN1=  7.40  IPAIR= 15 ***  E2PLUS(INPUT)=   0.730  E2PLUR(INPUT)=   0.000

 CORIOLIS ATTENUATION PARAMETERS:  CHSI=1.000  ETA=  1.00

 MOMENT OF INERTIA PARAMETERS:   A1=  0.122 MEV   A2=  0.122 MEV   A3=121.91924 MEV


 DELTA=0.853 MEV  LAMBDA=53.4708 MEV   HW0= 7.6049 MEV   LAMBDA/HW0= 7.0311

 E2ENERGY=0.730 MEV  HBAR**2/B=37714./A**(7/3)=6375.5/A**2 MEV

 IREC=0  =>  RECOIL TERMS j+j-, j+j+, jzjz, ETC TREATED AS ONE-BODY OPERATORS WITH UU+VV PAIRING FACTORS



 S. P. LEVEL   EQP       U     V        (UU + VV)**1.00

     25       4.209    0.102 0.995      1.000 0.999 0.998 0.995 0.986 0.956 0.827 0.778 0.701 0.347 0.331 0.278 0.277 0.246 0.201
     26       2.954    0.146 0.989      0.999 1.000 1.000 0.999 0.992 0.968 0.851 0.805 0.732 0.388 0.373 0.320 0.320 0.289 0.244
     27       2.732    0.158 0.987      0.998 1.000 1.000 0.999 0.994 0.971 0.857 0.812 0.740 0.400 0.384 0.332 0.331 0.301 0.256
     28       2.195    0.198 0.980      0.995 0.999 0.999 1.000 0.998 0.980 0.878 0.835 0.767 0.437 0.422 0.370 0.369 0.340 0.295
     29       1.661    0.266 0.964      0.986 0.992 0.994 0.998 1.000 0.991 0.909 0.872 0.810 0.499 0.484 0.434 0.434 0.405 0.361
     30       1.186    0.390 0.921      0.956 0.968 0.971 0.980 0.991 1.000 0.956 0.928 0.880 0.608 0.595 0.549 0.548 0.521 0.481
     31       0.865    0.644 0.765      0.827 0.851 0.857 0.878 0.909 0.956 1.000 0.997 0.981 0.815 0.805 0.770 0.770 0.749 0.717
     32       0.853    0.705 0.709      0.778 0.805 0.812 0.835 0.872 0.928 0.997 1.000 0.993 0.860 0.851 0.820 0.820 0.801 0.772
     33       0.874    0.781 0.624      0.701 0.732 0.740 0.767 0.810 0.880 0.981 0.993 1.000 0.912 0.905 0.880 0.880 0.864 0.840
     34       1.762    0.968 0.250      0.347 0.388 0.400 0.437 0.499 0.608 0.815 0.860 0.912 1.000 1.000 0.997 0.997 0.994 0.988
     35       1.877    0.972 0.234      0.331 0.373 0.384 0.422 0.484 0.595 0.805 0.851 0.905 1.000 1.000 0.998 0.998 0.996 0.991
     36       2.423    0.984 0.179      0.278 0.320 0.332 0.370 0.434 0.549 0.770 0.820 0.880 0.997 0.998 1.000 1.000 0.999 0.997
     37       2.434    0.984 0.178      0.277 0.320 0.331 0.369 0.434 0.548 0.770 0.820 0.880 0.997 0.998 1.000 1.000 0.999 0.997
     38       2.943    0.989 0.146      0.246 0.289 0.301 0.340 0.405 0.521 0.749 0.801 0.864 0.994 0.996 0.999 0.999 1.000 0.999
     39       4.279    0.995 0.100      0.201 0.244 0.256 0.295 0.361 0.481 0.717 0.772 0.840 0.988 0.991 0.997 0.997 0.999 1.000

  R CORE   ENERGY   A0R/A00=1.000    R3= 0     2  
   2( 1)    0.732                    1.000 0.000
   2( 2)  487.921                    0.000 1.000

  R CORE   ENERGY   A0R/A00=1.000    R3= 0     2  
   3( 1)  488.652                    0.000 1.000

  R CORE   ENERGY   A0R/A00=1.000    R3= 0     2     4  
   4( 1)    2.438                    1.000 0.000 0.000

  R CORE   ENERGY   A0R/A00=1.000    R3= 0     2     4  
   5( 1)  490.847                    0.000 1.000 0.000

  R CORE   ENERGY   A0R/A00=1.000    R3= 0     2     4     6  
   6( 1)    5.121                    1.000 0.000 0.000 0.000

  R CORE   ENERGY   A0R/A00=1.000    R3= 0     2     4     6  
   7( 1)  494.017                    0.000 1.000 0.000 0.000

          AXIAL SYMMETRY => K RESTRICTED TO OMEGA

                     K
     S.P. ORB#: 25  0.50
     S.P. ORB#: 26 -1.50
     S.P. ORB#: 27 -5.50
     S.P. ORB#: 28  2.50
     S.P. ORB#: 29 -3.50
     S.P. ORB#: 30  2.50
     S.P. ORB#: 31  0.50
     S.P. ORB#: 32  0.50
     S.P. ORB#: 33 -1.50
     S.P. ORB#: 34 -3.50
     S.P. ORB#: 35 -3.50
     S.P. ORB#: 36  4.50
     S.P. ORB#: 37  0.50
     S.P. ORB#: 38 -1.50
     S.P. ORB#: 39  4.50
 

             ENERGY    K= OMEGA
 
 I=  1/2- (1)  2.207  32: 0.999
 
 I=  1/2- (2)  4.043  31:-0.929
                      37: 0.370
 
 I=  1/2- (3)  5.974  25: 0.999
 
 I=  1/2- (4)  6.698  31: 0.370
                      37: 0.929
 
 I=  1/2- (5)147.177  33: 1.000

             ENERGY    K= OMEGA
 
 I=  3/2- (1)  2.207  32:-0.557
                      33: 0.831
 
 I=  3/2- (2)  2.418  25:-0.169
                      32:-0.819
                      33:-0.548

             ENERGY    K= OMEGA
 
 I=  5/2- (1)  2.575  25: 0.223
                      28:-0.053
                      32:-0.510
                      33:-0.829
 
 I=  5/2- (2)  3.401  25: 0.062
                      28: 0.081
                      32:-0.843
                      33: 0.529
 
 I=  5/2- (3)  4.003  28:-0.995
                      33: 0.086
 
 I=  5/2- (4)  4.228  26:-0.098
                      30: 0.082
                      31: 0.826
                      37:-0.482
                      38:-0.262
 
 I=  5/2- (5)  6.201  26: 0.500
                      30:-0.848
                      37:-0.169

             ENERGY    K= OMEGA
 
 I=  7/2- (1)  2.781  28:-0.179
                      35: 0.982
 
 I=  7/2- (2)  3.429  28:-0.071
                      29:-0.093
                      32:-0.729
                      33: 0.673
 
 I=  7/2- (3)  3.586  25:-0.058
                      28: 0.175
                      29: 0.961
                      32:-0.194
                      33:-0.062
 
 I=  7/2- (4)  3.681  25:-0.292
                      29:-0.194
                      32:-0.617
                      33:-0.703
 
 I=  7/2- (5)  4.233  26: 0.228
                      30: 0.225
                      31: 0.854
                      34: 0.084
                      37: 0.248
                      38: 0.317

             ENERGY    K= OMEGA
 
 I=  9/2- (1)  3.295  28: 0.115
                      29:-0.298
                      35: 0.353
                      36: 0.879
 
 I=  9/2- (2)  3.863  25:-0.087
                      28: 0.231
                      29: 0.168
                      32: 0.131
                      33: 0.203
                      35: 0.863
                      36:-0.327
 
 I=  9/2- (3)  3.989  25: 0.337
                      29: 0.064
                      32:-0.535
                      33:-0.727
                      35: 0.254
                      36:-0.054
 
 I=  9/2- (4)  4.804  28: 0.255
                      29:-0.905
                      32:-0.053
                      36:-0.336
 
 I=  9/2- (5)  4.880  26:-0.339
                      30: 0.468
                      31: 0.590
                      34:-0.328
                      37:-0.340
                      38:-0.265
                      39: 0.157

             ENERGY    K= OMEGA
 
 I= 11/2- (1)  4.067  27: 0.991
                      36: 0.118
 
 I= 11/2- (2)  4.414  27:-0.130
                      28: 0.161
                      29: 0.369
                      35:-0.400
                      36: 0.812
 
 I= 11/2- (3)  4.775  26:-0.380
                      30:-0.484
                      31:-0.585
                      34:-0.358
                      37:-0.211
                      38:-0.259
                      39:-0.197
 
 I= 11/2- (4)  5.175  28: 0.266
                      29:-0.236
                      33:-0.095
                      35:-0.854
                      36:-0.367
 
 I= 11/2- (5)  5.610  25:-0.140
                      32:-0.878
                      33: 0.449
                      35:-0.075

             ENERGY    K= OMEGA
 
 I= 13/2- (1)  5.533  26:-0.394
                      30: 0.587
                      31: 0.257
                      34:-0.537
                      37:-0.107
                      38:-0.145
                      39: 0.336
 
 I= 13/2- (2)  5.628  27: 0.911
                      28:-0.071
                      29: 0.164
                      35:-0.153
                      36:-0.339
 
 I= 13/2- (3)  5.795  27: 0.411
                      28: 0.187
                      29:-0.377
                      33: 0.063
                      35: 0.396
                      36: 0.700
 
 I= 13/2- (4)  6.240  25: 0.428
                      28:-0.077
                      32:-0.548
                      33:-0.702
                      36: 0.117
 
 I= 13/2- (5)  6.727  25: 0.055
                      28: 0.280
                      29: 0.274
                      32:-0.081
                      33:-0.063
                      35: 0.834
                      36:-0.370

             ENERGY     K= 9/2
  32 LEVELS    TIME=  0.0 SEC



 ******************* EXCITATION ENERGIES, DOMINANT CONFIGURATION AND EXPECTATION VALUES (WITH S.P. UU+VV FACTORS) *******************

  NR  Eex(keV)  I   Kdom  NY    <Jz>  <Jx**2> <Jy**2> <Jz**2> <I.j>/|I|  <Rx**2> <Ry**2> <Rz**2> <R.j>/|R|  <HROTx> <HROTy> <HROTz>

   1    0.0   1/2-   1/2  32    0.50    5.17    5.17    0.25    0.17       5.53    5.53    0.00   -3.14      0.674   0.674   0.000
   2    0.0   3/2-  -3/2  33   -0.88    5.16    5.16    1.63    1.22       5.50    5.50    0.00   -2.89      0.670   0.670   0.000
   3  210.3   3/2-   1/2  32   -0.10    5.12    5.12    0.85    0.74       6.00    6.00    0.00   -2.79      0.731   0.731   0.000
   4  367.6   5/2-  -3/2  33   -0.87    5.34    5.34    1.64    1.43       6.31    6.31    0.00   -2.28      0.769   0.769   0.000
   5  573.9   7/2-  -7/2  35   -3.31    2.37    2.37   12.05    3.17       3.67    3.67    0.00   -1.54      0.448   0.448   0.000
  
   6 1087.4   9/2-   9/2  36    2.76    2.79    2.79   18.34    4.06       4.15    4.15   -0.00   -1.30      0.506   0.506  -0.000
   7 1193.1   5/2-   1/2  32   -0.05    5.19    5.19    0.85   -0.12      10.34   10.34    0.00   -2.55      1.260   1.260   0.000
   8 1221.4   7/2-   1/2  32   -0.43    5.15    5.15    1.30    0.81      10.45   10.45    0.00   -1.83      1.274   1.274   0.000
   9 1378.8   7/2-  -7/2  29   -3.14    6.25    6.25   11.54    3.01       7.93    7.93   -0.00   -3.03      0.967   0.967  -0.000
  10 1473.1   7/2-  -3/2  33   -0.64    5.27    5.27    1.71    0.95      10.24   10.24   -0.00   -1.88      1.249   1.249  -0.000
  
  11 1655.9   9/2-  -7/2  35   -2.14    2.71    2.71   12.08    2.63       8.03    8.03    0.00   -1.10      0.979   0.979   0.000
  12 1781.3   9/2-  -3/2  33   -0.82    5.32    5.32    2.19    1.57      10.95   10.95    0.00   -1.07      1.335   1.335   0.000
  13 1795.3   5/2-   5/2  28    2.47    6.12    6.12    6.21    2.08       7.46    7.46    0.00   -3.19      0.910   0.910   0.000
  14 1835.3   1/2-   1/2  31    0.50   12.55   12.55    0.25    1.03      12.15   12.15    0.00   -4.96      1.482   1.482   0.000
  15 1859.3  11/2- -11/2  27   -5.35    2.75    2.75   30.05    5.04       5.50    5.50    0.00   -1.63      0.671   0.671   0.000
  
  16 2020.7   5/2-   1/2  31    0.36   13.02   13.02    0.45    2.03      11.62   11.62    0.00   -4.25      1.416   1.416   0.000
  17 2025.2   7/2-   1/2  31    0.27   16.23   16.23    0.94    3.16      12.02   12.02    0.00   -4.25      1.466   1.466   0.000
  18 2206.1  11/2-   9/2  36    1.90    3.06    3.06   17.67    3.48       8.95    8.95   -0.00   -0.70      1.092   1.092  -0.000
  19 2567.2  11/2-   1/2  31    0.19   19.83   19.83    4.39    4.56      12.61   12.61    0.00   -3.34      1.537   1.537   0.000
  20 2597.0   9/2-  -7/2  29   -2.19    5.84    5.84   12.72    2.45      12.40   12.40   -0.00   -2.45      1.512   1.512  -0.000
  
  21 2672.8   9/2-   1/2  31    0.24   17.96   17.96    3.72    3.83      13.11   13.11    0.00   -4.01      1.599   1.599   0.000
  22 2967.6  11/2-  -7/2  35   -1.98    2.67    2.67   12.81    2.30      13.22   13.22    0.00   -0.86      1.611   1.611   0.000
  23 3325.4  13/2-   5/2  30    0.13   21.95   21.95    8.40    5.17      14.46   14.46    0.00   -3.02      1.763   1.763   0.000
  24 3402.1  11/2-   1/2  32    0.07    5.10    5.10    0.75    0.70      19.18   19.18    0.00   -1.09      2.339   2.339   0.000
  25 3420.8  13/2- -11/2  27   -4.21    2.82    2.82   28.06    4.15      12.24   12.24    0.00   -0.95      1.492   1.492   0.000
  
  26 3588.0  13/2-   9/2  36    0.31    3.20    3.20   18.94    3.23      14.47   14.47   -0.00   -0.52      1.764   1.764  -0.000
  27 3766.8   1/2-   1/2  25    0.50    7.32    7.32    0.25    0.64       7.27    7.27    0.00   -3.76      0.886   0.886   0.000
  28 3993.8   5/2-   5/2  30    1.43   22.85   22.85    5.07    3.77      18.60   18.60   -0.00   -6.49      2.268   2.268  -0.000
  29 4032.3  13/2-  -3/2  33   -0.44    5.67    5.67    1.60    1.64      19.39   19.39    0.00   -0.24      2.365   2.365   0.000
  30 4491.0   1/2-   1/2  37    0.50   17.16   17.16    0.25   -0.82      18.37   18.37   -0.00   -5.82      2.239   2.239  -0.000
  
  31 4520.0  13/2-  -7/2  35   -1.89    2.78    2.78   12.73    2.00      19.56   19.56    0.00   -0.69      2.385   2.385   0.000
  32*******   1/2-  -3/2  33    0.00    0.00    0.00    0.00   -0.00       0.00    0.00    0.00   -0.00      0.000   0.000   0.000
