1SPECTRUM OF (Z= 82 A=207) IN PARTICLE-ROTOR  MODEL WITH MODIFIED OSCILLATOR POTENTIAL


 PARITY=-   EPS= 0.497   GAMMA=  0.0   EPS4=0.000   EPS6=0.000   LEVELS:  25  26  27  28  29  30  31  32  33  34  35  36  37  38  39

 PAIRING FACTORS: GN0= 19.20  GN1=  7.40  IPAIR= 15 ***  E2PLUS(INPUT)=   0.730  E2PLUR(INPUT)=   0.000

 CORIOLIS ATTENUATION PARAMETERS:  CHSI=1.000  ETA=  1.00

 MOMENT OF INERTIA PARAMETERS:   A1=  0.122 MEV   A2=  0.122 MEV   A3=121.91924 MEV


 DELTA=0.850 MEV  LAMBDA=53.4136 MEV   HW0= 7.6516 MEV   LAMBDA/HW0= 6.9807

 E2ENERGY=0.730 MEV  HBAR**2/B=45800./A**(7/3)=7742.4/A**2 MEV

 IREC=0  =>  RECOIL TERMS j+j-, j+j+, jzjz, ETC TREATED AS ONE-BODY OPERATORS WITH UU+VV PAIRING FACTORS



 S. P. LEVEL   EQP       U     V        (UU + VV)**1.00

     25       4.032    0.106 0.994      1.000 1.000 0.991 0.987 0.981 0.972 0.958 0.565 0.503 0.361 0.334 0.277 0.259 0.232 0.199
     26       3.665    0.117 0.993      1.000 1.000 0.992 0.989 0.983 0.974 0.961 0.574 0.512 0.371 0.344 0.287 0.269 0.243 0.210
     27       1.823    0.240 0.971      0.991 0.992 1.000 1.000 0.998 0.995 0.988 0.672 0.616 0.484 0.459 0.404 0.387 0.362 0.330
     28       1.669    0.264 0.965      0.987 0.989 1.000 1.000 0.999 0.997 0.992 0.690 0.635 0.506 0.481 0.427 0.410 0.385 0.354
     29       1.502    0.296 0.955      0.981 0.983 0.998 0.999 1.000 0.999 0.995 0.714 0.661 0.535 0.510 0.457 0.441 0.416 0.385
     30       1.334    0.339 0.941      0.972 0.974 0.995 0.997 0.999 1.000 0.999 0.744 0.693 0.572 0.548 0.496 0.480 0.456 0.426
     31       1.195    0.385 0.923      0.958 0.961 0.988 0.992 0.995 0.999 1.000 0.777 0.729 0.612 0.589 0.539 0.524 0.500 0.470
     32       1.018    0.880 0.474      0.565 0.574 0.672 0.690 0.714 0.744 0.777 1.000 0.997 0.974 0.967 0.949 0.943 0.934 0.921
     33       1.139    0.913 0.409      0.503 0.512 0.616 0.635 0.661 0.693 0.729 0.997 1.000 0.988 0.983 0.970 0.965 0.957 0.947
     34       1.690    0.966 0.260      0.361 0.371 0.484 0.506 0.535 0.572 0.612 0.974 0.988 1.000 1.000 0.996 0.994 0.991 0.986
     35       1.878    0.973 0.233      0.334 0.344 0.459 0.481 0.510 0.548 0.589 0.967 0.983 1.000 1.000 0.998 0.997 0.994 0.990
     36       2.491    0.985 0.173      0.277 0.287 0.404 0.427 0.457 0.496 0.539 0.949 0.970 0.996 0.998 1.000 1.000 0.999 0.997
     37       2.776    0.988 0.155      0.259 0.269 0.387 0.410 0.441 0.480 0.524 0.943 0.965 0.994 0.997 1.000 1.000 1.000 0.998
     38       3.348    0.992 0.128      0.232 0.243 0.362 0.385 0.416 0.456 0.500 0.934 0.957 0.991 0.994 0.999 1.000 1.000 0.999
     39       4.532    0.996 0.094      0.199 0.210 0.330 0.354 0.385 0.426 0.470 0.921 0.947 0.986 0.990 0.997 0.998 0.999 1.000

  R CORE   ENERGY   A0R/A00=1.000    R3= 0     2  
   2( 1)    0.732                    1.000 0.000
   2( 2)  487.921                    0.000 1.000

  R CORE   ENERGY   A0R/A00=1.000    R3= 0     2  
   3( 1)  488.652                    0.000 1.000

  R CORE   ENERGY   A0R/A00=1.000    R3= 0     2     4  
   4( 1)    2.438                    1.000 0.000 0.000

  R CORE   ENERGY   A0R/A00=1.000    R3= 0     2     4  
   5( 1)  490.847                    0.000 1.000 0.000

  R CORE   ENERGY   A0R/A00=1.000    R3= 0     2     4     6  
   6( 1)    5.121                    1.000 0.000 0.000 0.000

  R CORE   ENERGY   A0R/A00=1.000    R3= 0     2     4     6  
   7( 1)  494.017                    0.000 1.000 0.000 0.000

          AXIAL SYMMETRY => K RESTRICTED TO OMEGA

                     K
     S.P. ORB#: 25  0.50
     S.P. ORB#: 26 -1.50
     S.P. ORB#: 27 -5.50
     S.P. ORB#: 28  2.50
     S.P. ORB#: 29  2.50
     S.P. ORB#: 30  0.50
     S.P. ORB#: 31 -3.50
     S.P. ORB#: 32  0.50
     S.P. ORB#: 33 -1.50
     S.P. ORB#: 34 -3.50
     S.P. ORB#: 35  0.50
     S.P. ORB#: 36 -1.50
     S.P. ORB#: 37 -3.50
     S.P. ORB#: 38  4.50
     S.P. ORB#: 39  4.50
 

             ENERGY    K= OMEGA
 
 I=  1/2- (1)  2.413  32: 0.999
 
 I=  1/2- (2)  4.534  30:-0.904
                      35: 0.428
 
 I=  1/2- (3)  5.851  25: 0.999
 
 I=  1/2- (4)  6.225  30:-0.428
                      35:-0.904
 
 I=  1/2- (5)147.442  33: 1.000

             ENERGY    K= OMEGA
 
 I=  3/2- (1)  2.466  32: 0.724
                      33:-0.689
 
 I=  3/2- (2)  2.698  25:-0.133
                      32:-0.681
                      33:-0.720

             ENERGY    K= OMEGA
 
 I=  5/2- (1)  2.939  25: 0.186
                      28:-0.125
                      32:-0.525
                      33:-0.821
 
 I=  5/2- (2)  3.477  28:-0.954
                      32: 0.292
                      33:-0.050
 
 I=  5/2- (3)  3.649  28:-0.271
                      32:-0.787
                      33: 0.553
 
 I=  5/2- (4)  4.893  26: 0.126
                      29:-0.111
                      30:-0.812
                      35: 0.501
                      36: 0.248
 
 I=  5/2- (5)  6.448  26: 0.469
                      29:-0.835
                      35:-0.287

             ENERGY    K= OMEGA
 
 I=  7/2- (1)  3.135  28: 0.163
                      31: 0.986
 
 I=  7/2- (2)  3.562  28: 0.432
                      31:-0.062
                      32: 0.178
                      33:-0.229
                      37:-0.852
 
 I=  7/2- (3)  3.684  28:-0.058
                      32: 0.777
                      33:-0.556
                      37: 0.283
 
 I=  7/2- (4)  4.087  25:-0.241
                      28: 0.128
                      32:-0.573
                      33:-0.757
                      37: 0.152
 
 I=  7/2- (5)  4.572  28:-0.876
                      31: 0.148
                      33:-0.190
                      37:-0.413

             ENERGY    K= OMEGA
 
 I=  9/2- (1)  3.754  28:-0.193
                      31: 0.746
                      37:-0.162
                      38:-0.615
 
 I=  9/2- (2)  4.461  25: 0.238
                      28:-0.327
                      31:-0.176
                      32:-0.431
                      33:-0.628
                      37:-0.472
                      38: 0.057
 
 I=  9/2- (3)  4.575  25: 0.181
                      28: 0.275
                      31: 0.280
                      32:-0.347
                      33:-0.434
                      37: 0.703
                      38: 0.099
 
 I=  9/2- (4)  4.867  28:-0.342
                      31: 0.528
                      32: 0.099
                      33: 0.073
                      37:-0.078
                      38: 0.762
 
 I=  9/2- (5)  5.415  26:-0.397
                      29: 0.587
                      30: 0.391
                      34:-0.482
                      35:-0.164
                      36:-0.164
                      39: 0.244

             ENERGY    K= OMEGA
 
 I= 11/2- (1)  3.162  27: 1.000
 
 I= 11/2- (2)  4.788  28:-0.225
                      31:-0.712
                      37: 0.214
                      38:-0.628
 
 I= 11/2- (3)  5.403  26: 0.412
                      29: 0.560
                      30: 0.399
                      34: 0.480
                      35: 0.160
                      36: 0.154
                      39: 0.280
 
 I= 11/2- (4)  5.742  28:-0.465
                      31: 0.276
                      32:-0.284
                      33: 0.316
                      37: 0.717
                      38: 0.117
 
 I= 11/2- (5)  5.884  25: 0.089
                      28:-0.137
                      31: 0.138
                      32: 0.789
                      33:-0.443
                      37: 0.368

             ENERGY    K= OMEGA
 
 I= 13/2- (1)  4.745  27: 0.999
 
 I= 13/2- (2)  6.006  26:-0.387
                      29: 0.578
                      30: 0.203
                      34:-0.572
                      36:-0.101
                      39: 0.367
 
 I= 13/2- (3)  6.098  28: 0.250
                      31:-0.692
                      37: 0.246
                      38: 0.627
 
 I= 13/2- (4)  6.934  25: 0.369
                      28:-0.186
                      31:-0.104
                      32:-0.532
                      33:-0.707
                      37:-0.159
                      38: 0.101
 
 I= 13/2- (5)  7.283  25:-0.113
                      28:-0.466
                      31:-0.302
                      32: 0.182
                      33: 0.165
                      37:-0.775
                      38: 0.135

             ENERGY     K= 9/2
  32 LEVELS    TIME=  0.0 SEC



 ******************* EXCITATION ENERGIES, DOMINANT CONFIGURATION AND EXPECTATION VALUES (WITH S.P. UU+VV FACTORS) *******************

  NR  Eex(keV)  I   Kdom  NY    <Jz>  <Jx**2> <Jy**2> <Jz**2> <I.j>/|I|  <Rx**2> <Ry**2> <Rz**2> <R.j>/|R|  <HROTx> <HROTy> <HROTz>

   1    0.0   1/2-   1/2  32    0.50    5.29    5.29    0.25    0.10       5.70    5.70    0.00   -3.18      0.695   0.695   0.000
   2   53.1   3/2-   1/2  32   -0.45    5.28    5.28    1.20    1.06       5.70    5.70   -0.00   -2.87      0.695   0.695  -0.000
   3  285.1   3/2-  -3/2  33   -0.54    5.30    5.30    1.29    0.72       6.41    6.41   -0.00   -2.93      0.782   0.782  -0.000
   4  526.4   5/2-  -3/2  33   -0.82    5.42    5.42    1.69    1.20       7.07    7.07   -0.00   -2.38      0.862   0.862  -0.000
   5  722.3   7/2-  -7/2  31   -3.34    6.33    6.33   12.08    3.11       7.90    7.90   -0.00   -3.12      0.963   0.963  -0.000
  
   6  749.6  11/2- -11/2  27   -5.49    2.75    2.75   30.24    5.06       5.49    5.49   -0.00   -1.66      0.669   0.669  -0.001
   7 1064.2   5/2-   5/2  28    2.32    6.11    6.11    5.72    1.93       7.63    7.63    0.00   -3.13      0.930   0.930   0.000
   8 1149.7   7/2-  -7/2  37   -2.15    3.24    3.24   10.23    2.91       4.68    4.68   -0.00   -1.68      0.570   0.570  -0.000
   9 1236.4   5/2-   1/2  32    0.03    5.36    5.36    1.30   -0.01      10.42   10.42   -0.00   -2.64      1.271   1.271  -0.000
  10 1271.5   7/2-   1/2  32   -0.43    5.04    5.04    1.86    0.93      10.17   10.17   -0.00   -1.83      1.239   1.239  -0.000
  
  11 1341.5   9/2-  -7/2  31   -0.24    4.79    4.79   15.04    3.57       6.91    6.91    0.00   -1.84      0.842   0.842   0.000
  12 1674.2   7/2-  -3/2  33   -0.71    5.32    5.32    1.79    0.69      11.37   11.37   -0.00   -2.04      1.387   1.387  -0.000
  13 2048.4   9/2-  -3/2  33   -1.08    4.85    4.85    4.79    1.68      11.28   11.28   -0.00   -1.29      1.376   1.376  -0.000
  14 2121.1   1/2-   1/2  30    0.50   13.07   13.07    0.25    0.99      12.72   12.72    0.00   -5.06      1.550   1.550   0.000
  15 2158.8   7/2-   5/2  28    1.19    5.53    5.53    7.23    1.46      11.24   11.24   -0.00   -2.64      1.370   1.370  -0.000
  
  16 2162.5   9/2-  -7/2  37   -1.98    3.90    3.90    8.15    2.04      10.18   10.18   -0.00   -1.28      1.241   1.241  -0.000
  17 2332.2  13/2- -11/2  27   -5.48    2.75    2.75   30.22    4.33      11.97   11.97   -0.00   -1.12      1.460   1.460  -0.001
  18 2375.6  11/2-  -7/2  31   -0.04    4.66    4.66   15.11    3.22      10.85   10.85    0.00   -1.11      1.323   1.323   0.000
  19 2454.2   9/2-   9/2  38    1.91    3.99    3.99   16.00    2.96       9.65    9.65    0.00   -2.11      1.176   1.176   0.000
  20 2480.1   5/2-   1/2  30    0.37   13.73   13.73    0.48    1.61      13.59   13.59    0.00   -4.45      1.656   1.656   0.000
  
  21 2989.9  11/2-   5/2  29    0.13   21.02   21.02    6.84    4.85      13.31   13.31   -0.00   -3.85      1.623   1.623  -0.000
  22 3002.7   9/2-   5/2  29    0.13   20.75   20.75    6.66    4.58      13.69   13.69    0.00   -4.85      1.669   1.669   0.000
  23 3329.2  11/2-  -7/2  37   -1.57    3.85    3.85    9.10    1.91      14.86   14.86   -0.00   -0.99      1.812   1.812  -0.000
  24 3438.4   1/2-   1/2  25    0.50    7.55    7.55    0.25    0.66       7.48    7.48    0.00   -3.82      0.912   0.912   0.000
  25 3471.7  11/2-   1/2  32   -0.47    4.87    4.87    2.61    0.89      18.72   18.72   -0.00   -1.15      2.282   2.282  -0.000
  
  26 3593.3  13/2-   5/2  29    0.08   21.86   21.86    9.20    5.10      15.19   15.19    0.00   -3.13      1.852   1.852   0.000
  27 3685.4  13/2-  -7/2  31    0.03    4.61    4.61   15.03    2.92      16.11   16.11    0.00   -0.68      1.964   1.964   0.000
  28 3812.3   1/2-   1/2  35    0.50   17.03   17.03    0.25   -0.82      18.24   18.24    0.00   -5.80      2.223   2.223   0.000
  29 4034.8   5/2-   5/2  29    1.45   22.04   22.04    4.87    3.60      18.20   18.20   -0.00   -6.35      2.219   2.219  -0.000
  30 4521.2  13/2-  -3/2  33   -0.53    5.59    5.59    2.09    1.30      21.95   21.95   -0.00   -0.64      2.676   2.676  -0.000
  
  31 4870.6  13/2-  -7/2  37   -1.81    3.61    3.61   10.27    1.82      20.38   20.38   -0.00   -0.74      2.484   2.484  -0.000
  32*******   1/2-  -3/2  33    0.00    0.00    0.00    0.00   -0.00       0.00    0.00    0.00   -0.00      0.000   0.000   0.000
