1SPECTRUM OF (Z= 82 A=207) IN PARTICLE-ROTOR  MODEL WITH MODIFIED OSCILLATOR POTENTIAL


 PARITY=-   EPS= 0.325   GAMMA=  0.0   EPS4=0.000   EPS6=0.000   LEVELS:  24  25  26  27  28  29  30  31  32  33  34  35  36  37  38

 PAIRING FACTORS: GN0= 19.20  GN1=  7.40  IPAIR= 15 ***  E2PLUS(INPUT)=   0.730  E2PLUR(INPUT)=   0.000

 CORIOLIS ATTENUATION PARAMETERS:  CHSI=1.000  ETA=  1.00

 MOMENT OF INERTIA PARAMETERS:   A1=  0.122 MEV   A2=  0.122 MEV   A3=121.91923 MEV


 DELTA=0.927 MEV  LAMBDA=53.3117 MEV   HW0= 7.5066 MEV   LAMBDA/HW0= 7.1020

 E2ENERGY=0.730 MEV  HBAR**2/B=19585./A**(7/3)=3310.8/A**2 MEV

 IREC=0  =>  RECOIL TERMS j+j-, j+j+, jzjz, ETC TREATED AS ONE-BODY OPERATORS WITH UU+VV PAIRING FACTORS



 S. P. LEVEL   EQP       U     V        (UU + VV)**1.00

     24       4.816    0.097 0.995      1.000 1.000 0.999 0.997 0.977 0.961 0.945 0.906 0.889 0.709 0.530 0.290 0.289 0.269 0.265
     25       4.165    0.112 0.994      1.000 1.000 0.999 0.998 0.980 0.965 0.949 0.913 0.895 0.720 0.543 0.304 0.304 0.284 0.280
     26       3.214    0.146 0.989      0.999 0.999 1.000 0.999 0.986 0.974 0.960 0.926 0.910 0.743 0.571 0.337 0.336 0.316 0.312
     27       2.657    0.177 0.984      0.997 0.998 0.999 1.000 0.991 0.980 0.968 0.938 0.923 0.764 0.597 0.367 0.366 0.346 0.342
     28       1.583    0.308 0.952      0.977 0.980 0.986 0.991 1.000 0.998 0.993 0.976 0.966 0.844 0.700 0.488 0.488 0.469 0.465
     29       1.355    0.368 0.930      0.961 0.965 0.974 0.980 0.998 1.000 0.998 0.988 0.981 0.876 0.744 0.543 0.542 0.524 0.521
     30       1.220    0.418 0.908      0.945 0.949 0.960 0.968 0.993 0.998 1.000 0.995 0.990 0.902 0.779 0.588 0.588 0.570 0.567
     31       1.059    0.508 0.861      0.906 0.913 0.926 0.938 0.976 0.988 0.995 1.000 0.999 0.941 0.839 0.667 0.667 0.651 0.647
     32       1.017    0.543 0.840      0.889 0.895 0.910 0.923 0.966 0.981 0.990 0.999 1.000 0.954 0.860 0.697 0.696 0.681 0.678
     33       0.943    0.770 0.638      0.709 0.720 0.743 0.764 0.844 0.876 0.902 0.941 0.954 1.000 0.974 0.880 0.880 0.870 0.867
     34       1.161    0.895 0.446      0.530 0.543 0.571 0.597 0.700 0.744 0.779 0.839 0.860 0.974 1.000 0.965 0.965 0.959 0.958
     35       2.412    0.981 0.196      0.290 0.304 0.337 0.367 0.488 0.543 0.588 0.667 0.697 0.880 0.965 1.000 1.000 1.000 1.000
     36       2.418    0.981 0.195      0.289 0.304 0.336 0.366 0.488 0.542 0.588 0.667 0.696 0.880 0.965 1.000 1.000 1.000 1.000
     37       2.694    0.985 0.175      0.269 0.284 0.316 0.346 0.469 0.524 0.570 0.651 0.681 0.870 0.959 1.000 1.000 1.000 1.000
     38       2.762    0.985 0.170      0.265 0.280 0.312 0.342 0.465 0.521 0.567 0.647 0.678 0.867 0.958 1.000 1.000 1.000 1.000

  R CORE   ENERGY   A0R/A00=1.000    R3= 0     2  
   2( 1)    0.732                    1.000 0.000
   2( 2)  487.921                    0.000 1.000

  R CORE   ENERGY   A0R/A00=1.000    R3= 0     2  
   3( 1)  488.652                    0.000 1.000

  R CORE   ENERGY   A0R/A00=1.000    R3= 0     2     4  
   4( 1)    2.438                    1.000 0.000 0.000

  R CORE   ENERGY   A0R/A00=1.000    R3= 0     2     4  
   5( 1)  490.847                    0.000 1.000 0.000

  R CORE   ENERGY   A0R/A00=1.000    R3= 0     2     4     6  
   6( 1)    5.121                    1.000 0.000 0.000 0.000

  R CORE   ENERGY   A0R/A00=1.000    R3= 0     2     4     6  
   7( 1)  494.017                    0.000 1.000 0.000 0.000

          AXIAL SYMMETRY => K RESTRICTED TO OMEGA

                     K
     S.P. ORB#: 24 -5.50
     S.P. ORB#: 25  0.50
     S.P. ORB#: 26  2.50
     S.P. ORB#: 27 -3.50
     S.P. ORB#: 28  0.50
     S.P. ORB#: 29  0.50
     S.P. ORB#: 30 -1.50
     S.P. ORB#: 31 -1.50
     S.P. ORB#: 32 -3.50
     S.P. ORB#: 33  4.50
     S.P. ORB#: 34  2.50
     S.P. ORB#: 35 -3.50
     S.P. ORB#: 36 -1.50
     S.P. ORB#: 37  2.50
     S.P. ORB#: 38  0.50
 

             ENERGY    K= OMEGA
 
 I=  1/2- (1)  2.583  29: 0.999
 
 I=  1/2- (2)  5.718  25: 0.999
 
 I=  1/2- (3)  6.026  28:-0.438
                      38:-0.899
 
 I=  1/2- (4)  8.754  28:-0.899
                      38: 0.438
 
 I=  1/2- (5)147.362  31: 1.000

             ENERGY    K= OMEGA
 
 I=  3/2- (1)  2.448  25: 0.102
                      29:-0.170
                      30: 0.976
                      36: 0.094
 
 I=  3/2- (2)  2.566  25:-0.185
                      29:-0.850
                      30:-0.082
                      36:-0.487

             ENERGY    K= OMEGA
 
 I=  5/2- (1)  2.533  25:-0.260
                      29: 0.448
                      30: 0.764
                      36:-0.164
                      37:-0.348
 
 I=  5/2- (2)  3.287  26: 0.066
                      29:-0.506
                      30: 0.444
                      36: 0.736
 
 I=  5/2- (3)  3.444  25:-0.146
                      29: 0.400
                      30: 0.154
                      36: 0.198
                      37: 0.869
 
 I=  5/2- (4)  4.205  26:-0.050
                      29:-0.583
                      30: 0.384
                      36:-0.620
                      37: 0.351
 
 I=  5/2- (5)  4.999  26: 0.996
                      36:-0.081

             ENERGY    K= OMEGA
 
 I=  7/2- (1)  1.809  26: 0.198
                      27:-0.052
                      32:-0.978
 
 I=  7/2- (2)  3.319  25: 0.109
                      29:-0.297
                      30: 0.758
                      36:-0.226
                      37: 0.522
 
 I=  7/2- (3)  3.441  28:-0.721
                      31:-0.580
                      34:-0.350
                      35:-0.146
 
 I=  7/2- (4)  3.503  25:-0.322
                      29:-0.748
                      30:-0.348
                      36:-0.459
                      37:-0.051
 
 I=  7/2- (5)  4.361  26: 0.155
                      27: 0.473
                      29: 0.371
                      30:-0.386
                      36:-0.358
                      37: 0.581

             ENERGY    K= OMEGA
 
 I=  9/2- (1)  1.824  26:-0.071
                      27: 0.198
                      32:-0.225
                      33:-0.951
 
 I=  9/2- (2)  2.757  26:-0.271
                      27:-0.090
                      32:-0.930
                      33: 0.221
 
 I=  9/2- (3)  3.567  25:-0.373
                      29: 0.488
                      30: 0.682
                      32:-0.058
                      36:-0.211
                      37:-0.329
 
 I=  9/2- (4)  4.588  28:-0.231
                      31: 0.580
                      34:-0.659
                      35: 0.419
 
 I=  9/2- (5)  5.113  25: 0.061
                      26:-0.107
                      27: 0.070
                      29: 0.415
                      30:-0.482
                      32: 0.059
                      36:-0.756

             ENERGY    K= OMEGA
 
 I= 11/2- (1)  2.764  28:-0.684
                      31:-0.579
                      34:-0.392
                      35:-0.200
                      38: 0.056
 
 I= 11/2- (2)  2.901  26:-0.121
                      27:-0.269
                      32: 0.311
                      33:-0.903
 
 I= 11/2- (3)  3.936  26:-0.318
                      27: 0.129
                      30: 0.059
                      32: 0.883
                      33: 0.308
                      37: 0.060
 
 I= 11/2- (4)  5.208  25:-0.173
                      29: 0.224
                      30:-0.749
                      32: 0.068
                      36: 0.242
                      37:-0.540
 
 I= 11/2- (5)  5.351  25: 0.381
                      29: 0.759
                      30: 0.278
                      32:-0.054
                      36: 0.444

             ENERGY    K= OMEGA
 
 I= 13/2- (1)  4.198  26: 0.165
                      27:-0.314
                      32: 0.369
                      33: 0.859
 
 I= 13/2- (2)  4.952  28: 0.222
                      31:-0.563
                      34: 0.661
                      35:-0.443
 
 I= 13/2- (3)  5.324  25: 0.171
                      26:-0.323
                      27:-0.157
                      29:-0.177
                      30:-0.275
                      32:-0.771
                      33: 0.336
                      37: 0.159
 
 I= 13/2- (4)  5.525  25:-0.412
                      26:-0.133
                      29: 0.468
                      30: 0.586
                      32:-0.342
                      33: 0.151
                      36:-0.208
                      37:-0.255
 
 I= 13/2- (5)  7.745  24: 0.997
                      27:-0.057

             ENERGY     K= 1/2
  32 LEVELS    TIME=  0.0 SEC



 ******************* EXCITATION ENERGIES, DOMINANT CONFIGURATION AND EXPECTATION VALUES (WITH S.P. UU+VV FACTORS) *******************

  NR  Eex(keV)  I   Kdom  NY    <Jz>  <Jx**2> <Jy**2> <Jz**2> <I.j>/|I|  <Rx**2> <Ry**2> <Rz**2> <R.j>/|R|  <HROTx> <HROTy> <HROTz>

   1    0.0   7/2-  -7/2  32   -3.26    2.31    2.31   12.01    3.35       2.88    2.88    0.00   -1.38      0.351   0.351   0.000
   2   14.5   9/2-   9/2  33    3.77    2.54    2.54   19.46    4.30       3.27    3.27    0.00   -1.24      0.399   0.399   0.000
   3  638.2   3/2-  -3/2  30   -1.42    4.63    4.63    2.17    1.42       4.85    4.85   -0.00   -2.79      0.591   0.591  -0.000
   4  723.9   5/2-  -3/2  30   -0.48    4.65    4.65    2.20    2.21       3.59    3.59   -0.00   -1.85      0.438   0.438  -0.000
   5  756.5   3/2-   1/2  29    0.01    3.81    3.81    0.74    1.30       3.54    3.54    0.00   -2.20      0.432   0.432   0.000
  
   6  774.0   1/2-   1/2  29    0.50    4.75    4.75    0.25    0.28       5.01    5.01    0.00   -3.01      0.611   0.611   0.000
   7  947.9   9/2-  -7/2  32   -2.65    2.42    2.42   12.16    2.91       6.42    6.42    0.00   -0.71      0.782   0.782   0.000
   8  954.7  11/2-   1/2  28   -0.02   24.60   24.60    2.32    6.35       5.68    5.68    0.00   -4.02      0.692   0.692   0.000
   9 1091.8  11/2-   9/2  33    3.11    2.77    2.77   18.70    3.79       7.35    7.35    0.00   -0.41      0.896   0.896   0.000
  10 1477.1   5/2-  -3/2  36   -0.97    2.83    2.83    1.76    0.83       5.64    5.64   -0.00   -1.48      0.687   0.687  -0.000
  
  11 1509.9   7/2-  -3/2  30   -0.22    3.95    3.95    3.16    1.74       6.51    6.51    0.00   -1.16      0.794   0.794   0.000
  12 1631.3   7/2-   1/2  28   -0.01   24.17   24.17    1.91    6.18       8.48    8.48    0.00   -6.25      1.034   1.034   0.000
  13 1634.4   5/2-   5/2  37    1.89    2.46    2.46    4.91    1.78       4.01    4.01    0.00   -1.61      0.489   0.489   0.000
  14 1693.7   7/2-   1/2  29   -0.16    3.80    3.80    0.95    1.36       6.74    6.74   -0.00   -0.85      0.821   0.821  -0.000
  15 1757.7   9/2-  -3/2  30   -0.32    4.86    4.86    1.97    2.27       6.94    6.94   -0.00   -0.11      0.846   0.846  -0.000
  
  16 2126.4  11/2-  -7/2  32   -2.10    2.51    2.51   12.34    2.61      10.94   10.94    0.00   -0.37      1.334   1.334   0.000
  17 2388.1  13/2-   9/2  33    2.56    2.96    2.96   18.00    3.44      12.34   12.34    0.00    0.01      1.505   1.505   0.000
  18 2395.6   5/2-  -3/2  36   -0.31    3.44    3.44    2.07   -0.18       9.37    9.37    0.00   -2.19      1.143   1.143   0.000
  19 2551.3   7/2-   5/2  37   -0.23    3.57    3.57    5.65    1.42       8.62    8.62    0.00   -1.72      1.051   1.051   0.000
  20 2778.3   9/2-   5/2  34   -0.01   24.73   24.73    5.64    5.37      13.20   13.20    0.00   -5.52      1.609   1.609   0.000
  
  21 3142.1  13/2-   5/2  34   -0.04   24.71   24.71    5.86    5.36      14.58   14.58    0.00   -3.31      1.778   1.778   0.000
  22 3189.1   5/2-   5/2  26    2.47    5.99    5.99    6.22    2.07       7.34    7.34    0.00   -3.15      0.895   0.895   0.000
  23 3303.8   9/2-  -3/2  36   -1.11    2.69    2.69    2.03    0.64      12.90   12.90   -0.00   -0.83      1.572   1.572  -0.000
  24 3398.3  11/2-  -3/2  30   -0.17    3.91    3.91    3.34    1.60      13.91   13.91    0.00   -0.31      1.696   1.696   0.000
  25 3514.4  13/2-  -7/2  32   -1.42    2.96    2.96   10.88    2.42      15.92   15.92   -0.00    0.01      1.940   1.940  -0.000
  
  26 3541.9  11/2-   1/2  29   -0.06    3.88    3.88    0.84    1.38      13.90   13.90    0.00   -0.06      1.694   1.694   0.000
  27 3715.7  13/2-  -3/2  30   -0.49    4.71    4.71    3.41    2.28      14.84   14.84    0.00    0.57      1.810   1.810   0.000
  28 3908.5   1/2-   1/2  25    0.50    6.48    6.48    0.25    0.67       6.39    6.39    0.00   -3.53      0.780   0.780   0.000
  29 4216.9   1/2-   1/2  38    0.50   12.43   12.43    0.25   -1.60      14.32   14.32   -0.00   -4.95      1.746   1.746  -0.000
  30 5935.3  13/2- -11/2  24   -5.47    2.76    2.76   30.12    4.31      12.07   12.07    0.00   -1.12      1.472   1.472   0.000
  
  31 6944.6   1/2-   1/2  28    0.50   24.90   24.90    0.25   -3.56      28.48   28.48   -0.00   -7.04      3.472   3.472  -0.000
  32*******   1/2-  -3/2  31    0.00    0.00    0.00    0.00   -0.00       0.00    0.00    0.00   -0.00      0.000   0.000   0.000
