1SPECTRUM OF (Z= 82 A=207) IN PARTICLE-ROTOR  MODEL WITH MODIFIED OSCILLATOR POTENTIAL


 PARITY=-   EPS= 0.458   GAMMA=  0.0   EPS4=0.000   EPS6=0.000   LEVELS:  25  26  27  28  29  30  31  32  33  34  35  36  37  38  39

 PAIRING FACTORS: GN0= 19.20  GN1=  7.40  IPAIR= 15 ***  E2PLUS(INPUT)=   0.730  E2PLUR(INPUT)=   0.000

 CORIOLIS ATTENUATION PARAMETERS:  CHSI=1.000  ETA=  1.00

 MOMENT OF INERTIA PARAMETERS:   A1=  0.122 MEV   A2=  0.122 MEV   A3=121.91924 MEV


 DELTA=0.851 MEV  LAMBDA=53.4657 MEV   HW0= 7.6116 MEV   LAMBDA/HW0= 7.0242

 E2ENERGY=0.730 MEV  HBAR**2/B=38894./A**(7/3)=6575.0/A**2 MEV

 IREC=0  =>  RECOIL TERMS j+j-, j+j+, jzjz, ETC TREATED AS ONE-BODY OPERATORS WITH UU+VV PAIRING FACTORS



 S. P. LEVEL   EQP       U     V        (UU + VV)**1.00

     25       4.188    0.102 0.995      1.000 0.999 0.998 0.995 0.984 0.961 0.867 0.748 0.669 0.349 0.316 0.284 0.269 0.250 0.200
     26       3.064    0.140 0.990      0.999 1.000 1.000 0.998 0.990 0.971 0.886 0.773 0.697 0.385 0.352 0.321 0.305 0.287 0.238
     27       2.597    0.166 0.986      0.998 1.000 1.000 0.999 0.993 0.977 0.898 0.789 0.716 0.409 0.377 0.346 0.330 0.312 0.263
     28       2.118    0.205 0.979      0.995 0.998 0.999 1.000 0.997 0.985 0.914 0.813 0.743 0.445 0.413 0.383 0.367 0.350 0.301
     29       1.590    0.279 0.960      0.984 0.990 0.993 0.997 1.000 0.995 0.942 0.855 0.791 0.511 0.481 0.451 0.437 0.419 0.372
     30       1.233    0.372 0.928      0.961 0.971 0.977 0.985 0.995 1.000 0.971 0.901 0.848 0.593 0.565 0.537 0.523 0.507 0.462
     31       0.897    0.584 0.812      0.867 0.886 0.898 0.914 0.942 0.971 1.000 0.979 0.950 0.769 0.746 0.724 0.712 0.699 0.661
     32       0.854    0.737 0.676      0.748 0.773 0.789 0.813 0.855 0.901 0.979 1.000 0.994 0.883 0.866 0.849 0.840 0.830 0.800
     33       0.893    0.808 0.590      0.669 0.697 0.716 0.743 0.791 0.848 0.950 0.994 1.000 0.930 0.917 0.903 0.896 0.887 0.862
     34       1.745    0.968 0.252      0.349 0.385 0.409 0.445 0.511 0.593 0.769 0.883 0.930 1.000 0.999 0.998 0.996 0.995 0.988
     35       2.002    0.976 0.218      0.316 0.352 0.377 0.413 0.481 0.565 0.746 0.866 0.917 0.999 1.000 0.999 0.999 0.998 0.993
     36       2.341    0.983 0.185      0.284 0.321 0.346 0.383 0.451 0.537 0.724 0.849 0.903 0.998 0.999 1.000 1.000 0.999 0.996
     37       2.555    0.986 0.169      0.269 0.305 0.330 0.367 0.437 0.523 0.712 0.840 0.896 0.996 0.999 1.000 1.000 1.000 0.998
     38       2.870    0.989 0.150      0.250 0.287 0.312 0.350 0.419 0.507 0.699 0.830 0.887 0.995 0.998 0.999 1.000 1.000 0.999
     39       4.311    0.995 0.099      0.200 0.238 0.263 0.301 0.372 0.462 0.661 0.800 0.862 0.988 0.993 0.996 0.998 0.999 1.000

  R CORE   ENERGY   A0R/A00=1.000    R3= 0     2  
   2( 1)    0.732                    1.000 0.000
   2( 2)  487.921                    0.000 1.000

  R CORE   ENERGY   A0R/A00=1.000    R3= 0     2  
   3( 1)  488.652                    0.000 1.000

  R CORE   ENERGY   A0R/A00=1.000    R3= 0     2     4  
   4( 1)    2.438                    1.000 0.000 0.000

  R CORE   ENERGY   A0R/A00=1.000    R3= 0     2     4  
   5( 1)  490.847                    0.000 1.000 0.000

  R CORE   ENERGY   A0R/A00=1.000    R3= 0     2     4     6  
   6( 1)    5.121                    1.000 0.000 0.000 0.000

  R CORE   ENERGY   A0R/A00=1.000    R3= 0     2     4     6  
   7( 1)  494.017                    0.000 1.000 0.000 0.000

          AXIAL SYMMETRY => K RESTRICTED TO OMEGA

                     K
     S.P. ORB#: 25  0.50
     S.P. ORB#: 26 -1.50
     S.P. ORB#: 27 -5.50
     S.P. ORB#: 28  2.50
     S.P. ORB#: 29 -3.50
     S.P. ORB#: 30  2.50
     S.P. ORB#: 31  0.50
     S.P. ORB#: 32  0.50
     S.P. ORB#: 33 -1.50
     S.P. ORB#: 34 -3.50
     S.P. ORB#: 35 -3.50
     S.P. ORB#: 36  0.50
     S.P. ORB#: 37  4.50
     S.P. ORB#: 38 -1.50
     S.P. ORB#: 39  4.50
 

             ENERGY    K= OMEGA
 
 I=  1/2- (1)  2.215  32: 0.999
 
 I=  1/2- (2)  4.092  31:-0.930
                      36: 0.368
 
 I=  1/2- (3)  5.962  25: 0.999
 
 I=  1/2- (4)  6.604  31:-0.368
                      36:-0.930
 
 I=  1/2- (5)147.196  33:-1.000

             ENERGY    K= OMEGA
 
 I=  3/2- (1)  2.226  32:-0.591
                      33: 0.806
 
 I=  3/2- (2)  2.437  25:-0.164
                      32:-0.796
                      33:-0.583

             ENERGY    K= OMEGA
 
 I=  5/2- (1)  2.611  25: 0.217
                      28:-0.056
                      32:-0.514
                      33:-0.828
 
 I=  5/2- (2)  3.412  25: 0.060
                      28: 0.093
                      32:-0.840
                      33: 0.531
 
 I=  5/2- (3)  3.929  28:-0.994
                      32:-0.050
                      33: 0.096
 
 I=  5/2- (4)  4.325  26: 0.107
                      30:-0.088
                      31:-0.828
                      36: 0.479
                      38: 0.257
 
 I=  5/2- (5)  6.240  26: 0.495
                      30:-0.847
                      36:-0.186

             ENERGY    K= OMEGA
 
 I=  7/2- (1)  2.902  28: 0.193
                      35:-0.979
 
 I=  7/2- (2)  3.442  28:-0.087
                      29:-0.192
                      32:-0.731
                      33: 0.647
 
 I=  7/2- (3)  3.520  28:-0.163
                      29:-0.961
                      32: 0.207
                      33:-0.071
 
 I=  7/2- (4)  3.722  25:-0.287
                      28: 0.061
                      29:-0.097
                      32:-0.613
                      33:-0.726
 
 I=  7/2- (5)  4.349  26:-0.244
                      30:-0.241
                      31:-0.848
                      34:-0.092
                      36:-0.248
                      38:-0.305

             ENERGY    K= OMEGA
 
 I=  9/2- (1)  3.402  28: 0.125
                      29:-0.341
                      35: 0.339
                      37: 0.867
 
 I=  9/2- (2)  3.969  25:-0.136
                      28: 0.241
                      29: 0.178
                      32: 0.214
                      33: 0.318
                      35: 0.811
                      37:-0.294
 
 I=  9/2- (3)  4.056  25: 0.312
                      29: 0.102
                      32:-0.510
                      33:-0.686
                      35: 0.391
                      37:-0.090
 
 I=  9/2- (4)  4.765  28:-0.258
                      29: 0.884
                      32: 0.055
                      37: 0.385
 
 I=  9/2- (5)  4.976  26:-0.359
                      30: 0.498
                      31: 0.558
                      34:-0.357
                      36:-0.307
                      38:-0.245
                      39: 0.173

             ENERGY    K= OMEGA
 
 I= 11/2- (1)  3.934  27: 0.997
                      37: 0.073
 
 I= 11/2- (2)  4.506  27:-0.078
                      28: 0.171
                      29: 0.412
                      35:-0.383
                      37: 0.805
 
 I= 11/2- (3)  4.883  26:-0.393
                      30:-0.502
                      31:-0.555
                      34:-0.379
                      36:-0.201
                      38:-0.239
                      39:-0.211
 
 I= 11/2- (4)  5.278  28:-0.281
                      29: 0.256
                      33: 0.112
                      35: 0.853
                      37: 0.337
 
 I= 11/2- (5)  5.626  25:-0.126
                      32:-0.865
                      33: 0.471
                      35:-0.097

             ENERGY    K= OMEGA
 
 I= 13/2- (1)  5.510  27:-0.984
                      29:-0.072
                      35: 0.054
                      37: 0.154
 
 I= 13/2- (2)  5.611  26: 0.396
                      30:-0.587
                      31:-0.248
                      34: 0.542
                      36: 0.095
                      38: 0.136
                      39:-0.341
 
 I= 13/2- (3)  5.865  27:-0.178
                      28:-0.206
                      29: 0.442
                      33:-0.066
                      35:-0.401
                      37:-0.751
 
 I= 13/2- (4)  6.331  25: 0.420
                      28:-0.080
                      29:-0.054
                      32:-0.550
                      33:-0.704
                      37: 0.117
 
 I= 13/2- (5)  6.826  25:-0.055
                      28:-0.295
                      29:-0.291
                      32: 0.084
                      33: 0.064
                      35:-0.836
                      37: 0.339

             ENERGY     K= 9/2
  32 LEVELS    TIME=  0.0 SEC



 ******************* EXCITATION ENERGIES, DOMINANT CONFIGURATION AND EXPECTATION VALUES (WITH S.P. UU+VV FACTORS) *******************

  NR  Eex(keV)  I   Kdom  NY    <Jz>  <Jx**2> <Jy**2> <Jz**2> <I.j>/|I|  <Rx**2> <Ry**2> <Rz**2> <R.j>/|R|  <HROTx> <HROTy> <HROTz>

   1    0.0   1/2-   1/2  32    0.50    5.19    5.19    0.25    0.16       5.55    5.55    0.00   -3.15      0.677   0.677   0.000
   2   11.4   3/2-  -3/2  33   -0.80    5.18    5.18    1.55    1.19       5.52    5.52    0.00   -2.89      0.673   0.673   0.000
   3  222.2   3/2-   1/2  32   -0.18    5.15    5.15    0.93    0.73       6.07    6.07    0.00   -2.82      0.740   0.740   0.000
   4  396.0   5/2-  -3/2  33   -0.87    5.35    5.35    1.64    1.39       6.44    6.44    0.00   -2.29      0.785   0.785   0.000
   5  687.6   7/2-  -7/2  35   -3.27    2.39    2.39   12.01    3.17       3.68    3.68    0.00   -1.55      0.449   0.449   0.000
  
   6 1187.5   9/2-   9/2  37    2.61    2.92    2.92   18.17    4.05       4.23    4.23    0.00   -1.33      0.516   0.516   0.000
   7 1196.9   5/2-   1/2  32   -0.05    5.21    5.21    0.87   -0.11      10.35   10.35    0.00   -2.55      1.262   1.262   0.000
   8 1227.4   7/2-   1/2  32   -0.48    5.20    5.20    1.59    0.88      10.37   10.37    0.00   -1.86      1.265   1.265   0.000
   9 1305.5   7/2-  -7/2  29   -3.16    6.26    6.26   11.52    3.00       7.99    7.99    0.00   -3.04      0.974   0.974   0.001
  10 1507.2   7/2-  -3/2  33   -0.59    5.27    5.27    1.46    0.85      10.49   10.49    0.00   -1.88      1.279   1.279   0.000
  
  11 1713.9   5/2-   5/2  28    2.46    6.13    6.13    6.20    2.07       7.48    7.48   -0.00   -3.19      0.912   0.912  -0.000
  12 1718.7  11/2- -11/2  27   -5.44    2.75    2.75   30.18    5.06       5.49    5.49    0.00   -1.65      0.669   0.669   0.000
  13 1754.4   9/2-  -7/2  35   -2.00    3.07    3.07   10.81    2.50       8.41    8.41    0.00   -1.10      1.025   1.025   0.000
  14 1841.6   9/2-  -3/2  33   -1.06    5.00    5.00    3.32    1.63      10.92   10.92    0.00   -1.11      1.331   1.331   0.000
  15 1877.3   1/2-   1/2  31    0.50   12.65   12.65    0.25    0.98      12.30   12.30   -0.00   -4.98      1.500   1.500  -0.000
  
  16 2110.4   5/2-   1/2  31    0.36   13.16   13.16    0.45    1.93      12.06   12.06   -0.00   -4.29      1.470   1.470  -0.000
  17 2133.8   7/2-   1/2  31    0.28   16.32   16.32    1.01    3.10      12.40   12.40    0.00   -4.29      1.511   1.511   0.000
  18 2291.1  11/2-   9/2  37    1.85    3.21    3.21   17.36    3.46       9.06    9.06   -0.00   -0.72      1.105   1.105  -0.000
  19 2549.6   9/2-  -7/2  29   -1.90    5.71    5.71   12.99    2.47      12.29   12.29    0.00   -2.45      1.499   1.499   0.000
  20 2668.1  11/2-   1/2  31    0.19   20.08   20.08    4.80    4.61      12.81   12.81   -0.00   -3.44      1.561   1.561  -0.000
  
  21 2760.8   9/2-   1/2  31    0.23   18.63   18.63    4.25    3.98      13.33   13.33   -0.00   -4.20      1.626   1.626  -0.000
  22 3063.5  11/2-  -7/2  35   -2.09    2.75    2.75   12.54    2.27      13.31   13.31    0.00   -0.86      1.623   1.623   0.000
  23 3295.0  13/2- -11/2  27   -5.24    2.76    2.76   29.85    4.31      11.98   11.98    0.00   -1.08      1.461   1.461   0.000
  24 3395.8  13/2-   5/2  30    0.13   21.96   21.96    8.52    5.15      14.61   14.61   -0.00   -3.04      1.781   1.781  -0.000
  25 3410.8  11/2-   1/2  32    0.01    5.11    5.11    0.84    0.69      19.26   19.26    0.00   -1.11      2.348   2.348   0.000
  
  26 3650.0  13/2-   9/2  37    1.22    3.41    3.41   17.00    3.07      14.82   14.82    0.00   -0.43      1.806   1.806   0.000
  27 3747.3   1/2-   1/2  25    0.50    7.36    7.36    0.25    0.64       7.30    7.30    0.00   -3.77      0.891   0.891   0.000
  28 4024.6   5/2-   5/2  30    1.44   22.72   22.72    5.05    3.75      18.53   18.53    0.00   -6.47      2.259   2.259   0.000
  29 4116.3  13/2-  -3/2  33   -0.44    5.66    5.66    1.61    1.58      19.82   19.82    0.00   -0.30      2.417   2.417   0.000
  30 4389.0   1/2-   1/2  36    0.50   17.12   17.12    0.25   -0.77      18.28   18.28    0.00   -5.81      2.229   2.229   0.000
  
  31 4611.4  13/2-  -7/2  35   -2.01    2.85    2.85   12.49    1.98      19.65   19.65    0.00   -0.70      2.396   2.396   0.000
  32*******   1/2-  -3/2  33    0.00    0.00    0.00    0.00   -0.00       0.00    0.00   -0.00   -0.00      0.000   0.000  -0.000
