1SPECTRUM OF (Z= 82 A=207) IN PARTICLE-ROTOR  MODEL WITH MODIFIED OSCILLATOR POTENTIAL


 PARITY=-   EPS= 0.172   GAMMA=  0.0   EPS4=0.000   EPS6=0.000   LEVELS:  25  26  27  28  29  30  31  32  33  34  35  36  37  38  39

 PAIRING FACTORS: GN0= 19.20  GN1=  7.40  IPAIR= 15 ***  E2PLUS(INPUT)=   0.730  E2PLUR(INPUT)=   0.000

 CORIOLIS ATTENUATION PARAMETERS:  CHSI=1.000  ETA=  1.00

 MOMENT OF INERTIA PARAMETERS:   A1=  0.122 MEV   A2=  0.122 MEV   A3=121.91924 MEV


 DELTA=0.888 MEV  LAMBDA=53.4365 MEV   HW0= 7.4364 MEV   LAMBDA/HW0= 7.1859

 E2ENERGY=0.730 MEV  HBAR**2/B= 5485./A**(7/3)= 927.3/A**2 MEV

 IREC=0  =>  RECOIL TERMS j+j-, j+j+, jzjz, ETC TREATED AS ONE-BODY OPERATORS WITH UU+VV PAIRING FACTORS



 S. P. LEVEL   EQP       U     V        (UU + VV)**1.00

     25       4.337    0.103 0.995      1.000 1.000 1.000 0.999 0.997 0.994 0.992 0.826 0.725 0.483 0.360 0.329 0.287 0.248 0.217
     26       3.836    0.116 0.993      1.000 1.000 1.000 0.999 0.998 0.996 0.994 0.834 0.735 0.495 0.373 0.342 0.300 0.261 0.231
     27       3.835    0.116 0.993      1.000 1.000 1.000 0.999 0.998 0.996 0.994 0.834 0.735 0.495 0.373 0.342 0.300 0.261 0.231
     28       2.987    0.150 0.989      0.999 0.999 0.999 1.000 0.999 0.998 0.997 0.852 0.758 0.525 0.405 0.374 0.332 0.294 0.264
     29       2.448    0.184 0.983      0.997 0.998 0.998 0.999 1.000 1.000 0.999 0.870 0.780 0.554 0.436 0.406 0.365 0.327 0.297
     30       2.191    0.207 0.978      0.994 0.996 0.996 0.998 1.000 1.000 1.000 0.881 0.794 0.573 0.457 0.427 0.386 0.348 0.319
     31       2.032    0.224 0.975      0.992 0.994 0.994 0.997 0.999 1.000 1.000 0.889 0.804 0.587 0.472 0.443 0.402 0.365 0.335
     32       0.900    0.646 0.764      0.826 0.834 0.834 0.852 0.870 0.881 0.889 1.000 0.987 0.893 0.824 0.804 0.777 0.751 0.730
     33       0.898    0.759 0.651      0.725 0.735 0.735 0.758 0.780 0.794 0.804 0.987 1.000 0.953 0.903 0.889 0.867 0.847 0.829
     34       1.234    0.921 0.391      0.483 0.495 0.495 0.525 0.554 0.573 0.587 0.893 0.953 1.000 0.991 0.986 0.977 0.968 0.960
     35       1.751    0.965 0.263      0.360 0.373 0.373 0.405 0.436 0.457 0.472 0.824 0.903 0.991 1.000 0.999 0.997 0.993 0.989
     36       1.978    0.973 0.231      0.329 0.342 0.342 0.374 0.406 0.427 0.443 0.804 0.889 0.986 0.999 1.000 0.999 0.996 0.993
     37       2.420    0.982 0.187      0.287 0.300 0.300 0.332 0.365 0.386 0.402 0.777 0.867 0.977 0.997 0.999 1.000 0.999 0.997
     38       3.055    0.989 0.147      0.248 0.261 0.261 0.294 0.327 0.348 0.365 0.751 0.847 0.968 0.993 0.996 0.999 1.000 1.000
     39       3.860    0.993 0.116      0.217 0.231 0.231 0.264 0.297 0.319 0.335 0.730 0.829 0.960 0.989 0.993 0.997 1.000 1.000

  R CORE   ENERGY   A0R/A00=1.000    R3= 0     2  
   2( 1)    0.732                    1.000 0.000
   2( 2)  487.921                    0.000 1.000

  R CORE   ENERGY   A0R/A00=1.000    R3= 0     2  
   3( 1)  488.652                    0.000 1.000

  R CORE   ENERGY   A0R/A00=1.000    R3= 0     2     4  
   4( 1)    2.438                    1.000 0.000 0.000

  R CORE   ENERGY   A0R/A00=1.000    R3= 0     2     4  
   5( 1)  490.847                    0.000 1.000 0.000

  R CORE   ENERGY   A0R/A00=1.000    R3= 0     2     4     6  
   6( 1)    5.121                    1.000 0.000 0.000 0.000

  R CORE   ENERGY   A0R/A00=1.000    R3= 0     2     4     6  
   7( 1)  494.017                    0.000 1.000 0.000 0.000

          AXIAL SYMMETRY => K RESTRICTED TO OMEGA

                     K
     S.P. ORB#: 25  2.50
     S.P. ORB#: 26 -3.50
     S.P. ORB#: 27  0.50
     S.P. ORB#: 28 -3.50
     S.P. ORB#: 29  4.50
     S.P. ORB#: 30  0.50
     S.P. ORB#: 31 -1.50
     S.P. ORB#: 32 -1.50
     S.P. ORB#: 33  2.50
     S.P. ORB#: 34  0.50
     S.P. ORB#: 35  0.50
     S.P. ORB#: 36 -1.50
     S.P. ORB#: 37  2.50
     S.P. ORB#: 38 -3.50
     S.P. ORB#: 39  4.50
 

             ENERGY    K= OMEGA
 
 I=  1/2- (1)  1.468  27:-0.063
                      34:-0.998
 
 I=  1/2- (2)  3.193  30: 1.000
 
 I=  1/2- (3)  4.936  27: 0.998
                      34:-0.063
 
 I=  1/2- (4)  9.865  35:-1.000
 
 I=  1/2- (5)147.203  32: 1.000

             ENERGY    K= OMEGA
 
 I=  3/2- (1)  1.365  27: 0.051
                      30: 0.196
                      31: 0.116
                      32: 0.968
                      34:-0.091
 
 I=  3/2- (2)  2.131  30: 0.137
                      31: 0.110
                      32:-0.132
                      34:-0.976

             ENERGY    K= OMEGA
 
 I=  5/2- (1)  1.365  27: 0.051
                      30:-0.132
                      31:-0.188
                      32: 0.388
                      33: 0.888
                      34:-0.075
 
 I=  5/2- (2)  1.969  30:-0.236
                      31: 0.164
                      32: 0.877
                      33:-0.381
 
 I=  5/2- (3)  2.152  30: 0.125
                      31: 0.164
                      33: 0.127
                      34: 0.970
 
 I=  5/2- (4)  3.259  27: 0.397
                      30:-0.461
                      31:-0.735
                      32:-0.081
                      33:-0.194
                      34: 0.212
 
 I=  5/2- (5)  4.545  27:-0.065
                      30: 0.793
                      31:-0.533
                      32: 0.265
                      33:-0.107

             ENERGY    K= OMEGA
 
 I=  7/2- (1)  1.992  30: 0.175
                      31:-0.224
                      32: 0.479
                      33:-0.829
 
 I=  7/2- (2)  2.606  25:-0.064
                      27:-0.179
                      28: 0.053
                      30:-0.358
                      31:-0.291
                      32:-0.727
                      33:-0.419
                      34: 0.210
 
 I=  7/2- (3)  3.697  25: 0.225
                      26: 0.103
                      27:-0.060
                      28:-0.808
                      30:-0.104
                      31:-0.135
                      32: 0.129
                      33: 0.082
                      34: 0.479
 
 I=  7/2- (4)  3.772  25: 0.110
                      26: 0.053
                      28:-0.515
                      30: 0.093
                      31: 0.136
                      32:-0.277
                      33:-0.177
                      34:-0.764
 
 I=  7/2- (5)  4.176  35: 0.718
                      36: 0.575
                      37: 0.359
                      38: 0.156

             ENERGY    K= OMEGA
 
 I=  9/2- (1)  2.641  26: 0.072
                      27:-0.177
                      29:-0.090
                      30: 0.303
                      31: 0.361
                      32:-0.465
                      33:-0.692
                      34: 0.191
 
 I=  9/2- (2)  3.180  25: 0.088
                      26: 0.258
                      28: 0.206
                      29:-0.932
                      31:-0.057
                      33: 0.055
                      34:-0.052
 
 I=  9/2- (3)  3.777  25: 0.055
                      27: 0.067
                      29: 0.052
                      31:-0.281
                      32:-0.481
                      33:-0.077
                      34:-0.819
 
 I=  9/2- (4)  3.803  25:-0.099
                      28:-0.132
                      30:-0.347
                      31: 0.141
                      32: 0.600
                      33:-0.590
                      34:-0.348
 
 I=  9/2- (5)  4.633  25:-0.320
                      26: 0.135
                      28:-0.900
                      29:-0.193
                      30: 0.076
                      31:-0.056
                      32:-0.122
                      33: 0.084

             ENERGY    K= OMEGA
 
 I= 11/2- (1)  2.902  35:-0.653
                      36:-0.564
                      37:-0.418
                      38:-0.259
                      39:-0.119
 
 I= 11/2- (2)  3.831  25: 0.094
                      26:-0.178
                      28:-0.102
                      29:-0.312
                      30: 0.244
                      31:-0.271
                      32: 0.503
                      33:-0.682
 
 I= 11/2- (3)  4.157  25: 0.119
                      26:-0.298
                      28:-0.263
                      29:-0.827
                      30:-0.114
                      31: 0.121
                      32:-0.208
                      33: 0.270
 
 I= 11/2- (4)  4.571  25:-0.089
                      27:-0.292
                      28: 0.096
                      30:-0.427
                      31:-0.397
                      32:-0.561
                      33:-0.422
                      34: 0.250
 
 I= 11/2- (5)  5.738  25: 0.375
                      26: 0.171
                      27:-0.090
                      28:-0.842
                      29: 0.265
                      30:-0.103
                      31:-0.106
                      34: 0.144

             ENERGY    K= OMEGA
 
 I= 13/2- (1)  4.489  35: 0.181
                      36:-0.474
                      37: 0.599
                      38:-0.532
                      39: 0.315
 
 I= 13/2- (2)  4.628  25:-0.071
                      26:-0.112
                      27: 0.282
                      28:-0.059
                      29: 0.143
                      30:-0.394
                      31:-0.439
                      32: 0.426
                      33: 0.545
                      34:-0.230
 
 I= 13/2- (3)  5.284  25: 0.183
                      26: 0.376
                      27: 0.085
                      28: 0.323
                      29:-0.821
                      30:-0.105
                      31:-0.119
                      33: 0.059
                      34:-0.092
 
 I= 13/2- (4)  6.412  25: 0.056
                      27: 0.109
                      29: 0.111
                      30:-0.071
                      31:-0.224
                      32:-0.433
                      33:-0.306
                      34:-0.797
 
 I= 13/2- (5)  6.515  25:-0.195
                      26: 0.105
                      28:-0.282
                      29:-0.088
                      30:-0.344
                      31: 0.240
                      32: 0.566
                      33:-0.586
                      34:-0.151

             ENERGY     K= 9/2
  32 LEVELS    TIME=  0.0 SEC



 ******************* EXCITATION ENERGIES, DOMINANT CONFIGURATION AND EXPECTATION VALUES (WITH S.P. UU+VV FACTORS) *******************

  NR  Eex(keV)  I   Kdom  NY    <Jz>  <Jx**2> <Jy**2> <Jz**2> <I.j>/|I|  <Rx**2> <Ry**2> <Rz**2> <R.j>/|R|  <HROTx> <HROTy> <HROTz>

   1    0.0   5/2-   5/2  33    1.70    1.83    1.83    5.35    2.46       1.62    1.62    0.00   -0.97      0.197   0.197   0.000
   2    0.1   3/2-  -3/2  32   -1.40    1.50    1.50    2.15    1.47       1.60    1.60    0.00   -1.29      0.195   0.195   0.000
   3  103.5   1/2-   1/2  34    0.50    1.14    1.14    0.25    0.84       0.92    0.92    0.00   -1.34      0.112   0.112   0.000
   4  604.2   5/2-  -3/2  32   -0.80    1.53    1.53    2.73    1.13       3.93    3.93    0.00   -0.87      0.480   0.480   0.000
   5  627.2   7/2-   5/2  33    1.31    1.94    1.94    4.96    2.08       4.06    4.06   -0.00   -0.21      0.495   0.495  -0.000
  
   6  766.2   3/2-   1/2  34    0.44    1.24    1.24    0.31   -0.16       3.59    3.59    0.00   -1.16      0.438   0.438   0.000
   7  787.1   5/2-   1/2  34    0.48    1.43    1.43    0.40    0.80       3.64    3.64    0.00   -0.33      0.443   0.443   0.000
   8 1240.7   7/2-  -3/2  32   -0.38    1.67    1.67    2.59    1.37       5.39    5.39    0.00   -0.15      0.657   0.657   0.000
   9 1276.3   9/2-   5/2  33    0.78    2.70    2.70    4.05    2.33       5.49    5.49    0.00    0.65      0.669   0.669   0.000
  10 1537.2  11/2-   1/2  35    0.00   28.29   28.29    3.02    7.39       3.46    3.46    0.00   -5.85      0.422   0.422   0.000
  
  11 1815.5   9/2-   9/2  29    3.55    2.70    2.70   19.01    4.44       2.52    2.52    0.00   -1.05      0.307   0.307   0.000
  12 1827.8   1/2-   1/2  30    0.50    3.96    3.96    0.25    0.42       4.10    4.10    0.00   -2.73      0.500   0.500   0.000
  13 1893.7   5/2-  -3/2  31   -0.52    3.77    3.77    1.57    1.64       4.08    4.08    0.00   -1.49      0.497   0.497   0.000
  14 2332.2   7/2-  -7/2  28   -2.11    2.19    2.19    8.63    2.48       4.54    4.54   -0.00   -1.05      0.554   0.554  -0.000
  15 2407.7   7/2-   1/2  34   -0.68    1.73    1.73    3.92    0.81       8.36    8.36   -0.00   -1.02      1.019   1.019  -0.000
  
  16 2412.4   9/2-   1/2  34   -0.10    1.44    1.44    1.00    0.79      10.38   10.38    0.00    0.01      1.266   1.266   0.000
  17 2438.2   9/2-  -3/2  32    0.38    1.87    1.87    3.39    1.06      10.68   10.68    0.00   -0.40      1.302   1.302   0.000
  18 2465.8  11/2-   5/2  33    1.02    2.43    2.43    6.21    2.22      10.15   10.15    0.00    0.49      1.238   1.238   0.000
  19 2792.6  11/2-   9/2  29    2.67    2.85    2.85   16.47    3.67       7.02    7.02    0.00   -0.06      0.856   0.856   0.000
  20 2811.6   7/2-   1/2  35   -0.00   28.67   28.67    1.98    7.15       9.15    9.15    0.00   -7.23      1.116   1.116   0.000
  
  21 3124.5  13/2-   5/2  37    0.03   26.35   26.35    8.25    6.76       7.66    7.66    0.00   -3.51      0.934   0.934   0.000
  22 3180.2   5/2-   1/2  30   -0.18    4.03    4.03    1.04   -0.44      10.23   10.23    0.00   -2.30      1.248   1.248   0.000
  23 3206.2  11/2-  -3/2  32   -0.12    2.02    2.02    2.45    1.52      12.04   12.04    0.00    0.53      1.467   1.467   0.000
  24 3263.4  13/2-   5/2  33    0.37    3.44    3.44    3.41    2.48      12.17   12.17    0.00    1.43      1.484   1.484   0.000
  25 3267.9   9/2-  -7/2  28   -2.48    2.52    2.52   11.64    2.87       6.42    6.42   -0.00   -0.67      0.783   0.783  -0.000
  
  26 3571.1   1/2-   1/2  27    0.50    4.64    4.64    0.25    0.67       4.56    4.56    0.00   -2.96      0.556   0.556   0.000
  27 3919.3  13/2-   9/2  29    2.25    3.35    3.35   16.93    3.69      10.41   10.41    0.00    0.47      1.269   1.269   0.000
  28 4372.8  11/2-  -7/2  28   -1.91    2.65    2.65   11.37    2.58      10.76   10.76   -0.00   -0.26      1.312   1.312  -0.000
  29 5046.7  13/2-   1/2  34    0.27    1.59    1.59    1.56    0.79      21.21   21.21    0.00    0.12      2.585   2.585   0.000
  30 5150.6  13/2-   5/2  33    0.17    1.95    1.95    4.54    1.13      20.70   20.70   -0.00   -0.08      2.524   2.524  -0.000
  
  31 8500.5   1/2-   1/2  35    0.50   29.21   29.21    0.25   -4.11      33.28   33.28    0.00   -7.63      4.057   4.057   0.000
  32*******   1/2-  -3/2  32    0.00    0.00    0.00    0.00   -0.00       0.00    0.00    0.00   -0.00      0.000   0.000   0.000
