1SPECTRUM OF (Z= 82 A=207) IN PARTICLE-ROTOR  MODEL WITH MODIFIED OSCILLATOR POTENTIAL


 PARITY=-   EPS= 0.172   GAMMA=  0.0   EPS4=0.000   EPS6=0.000   LEVELS:  24  25  26  27  28  29  30  31  32  33  34  35  36  37  38

 PAIRING FACTORS: GN0= 19.20  GN1=  7.40  IPAIR= 15 ***  E2PLUS(INPUT)=   0.730  E2PLUR(INPUT)=   0.000

 CORIOLIS ATTENUATION PARAMETERS:  CHSI=1.000  ETA=  1.00

 MOMENT OF INERTIA PARAMETERS:   A1=  0.122 MEV   A2=  0.122 MEV   A3=121.91924 MEV


 DELTA=0.888 MEV  LAMBDA=53.4365 MEV   HW0= 7.4364 MEV   LAMBDA/HW0= 7.1859

 E2ENERGY=0.730 MEV  HBAR**2/B= 5485./A**(7/3)= 927.3/A**2 MEV

 IREC=0  =>  RECOIL TERMS j+j-, j+j+, jzjz, ETC TREATED AS ONE-BODY OPERATORS WITH UU+VV PAIRING FACTORS



 S. P. LEVEL   EQP       U     V        (UU + VV)**1.00

     24       5.109    0.087 0.996      1.000 1.000 1.000 1.000 0.998 0.995 0.993 0.990 0.817 0.715 0.469 0.346 0.314 0.272 0.233
     25       4.337    0.103 0.995      1.000 1.000 1.000 1.000 0.999 0.997 0.994 0.992 0.826 0.725 0.483 0.360 0.329 0.287 0.248
     26       3.836    0.116 0.993      1.000 1.000 1.000 1.000 0.999 0.998 0.996 0.994 0.834 0.735 0.495 0.373 0.342 0.300 0.261
     27       3.835    0.116 0.993      1.000 1.000 1.000 1.000 0.999 0.998 0.996 0.994 0.834 0.735 0.495 0.373 0.342 0.300 0.261
     28       2.987    0.150 0.989      0.998 0.999 0.999 0.999 1.000 0.999 0.998 0.997 0.852 0.758 0.525 0.405 0.374 0.332 0.294
     29       2.448    0.184 0.983      0.995 0.997 0.998 0.998 0.999 1.000 1.000 0.999 0.870 0.780 0.554 0.436 0.406 0.365 0.327
     30       2.191    0.207 0.978      0.993 0.994 0.996 0.996 0.998 1.000 1.000 1.000 0.881 0.794 0.573 0.457 0.427 0.386 0.348
     31       2.032    0.224 0.975      0.990 0.992 0.994 0.994 0.997 0.999 1.000 1.000 0.889 0.804 0.587 0.472 0.443 0.402 0.365
     32       0.900    0.646 0.764      0.817 0.826 0.834 0.834 0.852 0.870 0.881 0.889 1.000 0.987 0.893 0.824 0.804 0.777 0.751
     33       0.898    0.759 0.651      0.715 0.725 0.735 0.735 0.758 0.780 0.794 0.804 0.987 1.000 0.953 0.903 0.889 0.867 0.847
     34       1.234    0.921 0.391      0.469 0.483 0.495 0.495 0.525 0.554 0.573 0.587 0.893 0.953 1.000 0.991 0.986 0.977 0.968
     35       1.751    0.965 0.263      0.346 0.360 0.373 0.373 0.405 0.436 0.457 0.472 0.824 0.903 0.991 1.000 0.999 0.997 0.993
     36       1.978    0.973 0.231      0.314 0.329 0.342 0.342 0.374 0.406 0.427 0.443 0.804 0.889 0.986 0.999 1.000 0.999 0.996
     37       2.420    0.982 0.187      0.272 0.287 0.300 0.300 0.332 0.365 0.386 0.402 0.777 0.867 0.977 0.997 0.999 1.000 0.999
     38       3.055    0.989 0.147      0.233 0.248 0.261 0.261 0.294 0.327 0.348 0.365 0.751 0.847 0.968 0.993 0.996 0.999 1.000

  R CORE   ENERGY   A0R/A00=1.000    R3= 0     2  
   2( 1)    0.732                    1.000 0.000
   2( 2)  487.921                    0.000 1.000

  R CORE   ENERGY   A0R/A00=1.000    R3= 0     2  
   3( 1)  488.652                    0.000 1.000

  R CORE   ENERGY   A0R/A00=1.000    R3= 0     2     4  
   4( 1)    2.438                    1.000 0.000 0.000

  R CORE   ENERGY   A0R/A00=1.000    R3= 0     2     4  
   5( 1)  490.847                    0.000 1.000 0.000

  R CORE   ENERGY   A0R/A00=1.000    R3= 0     2     4     6  
   6( 1)    5.121                    1.000 0.000 0.000 0.000

  R CORE   ENERGY   A0R/A00=1.000    R3= 0     2     4     6  
   7( 1)  494.017                    0.000 1.000 0.000 0.000

          AXIAL SYMMETRY => K RESTRICTED TO OMEGA

                     K
     S.P. ORB#: 24  2.50
     S.P. ORB#: 25  2.50
     S.P. ORB#: 26 -3.50
     S.P. ORB#: 27  0.50
     S.P. ORB#: 28 -3.50
     S.P. ORB#: 29  4.50
     S.P. ORB#: 30  0.50
     S.P. ORB#: 31 -1.50
     S.P. ORB#: 32 -1.50
     S.P. ORB#: 33  2.50
     S.P. ORB#: 34  0.50
     S.P. ORB#: 35  0.50
     S.P. ORB#: 36 -1.50
     S.P. ORB#: 37  2.50
     S.P. ORB#: 38 -3.50
 

             ENERGY    K= OMEGA
 
 I=  1/2- (1)  1.468  27:-0.063
                      34:-0.998
 
 I=  1/2- (2)  3.193  30: 1.000
 
 I=  1/2- (3)  4.936  27: 0.998
                      34:-0.063
 
 I=  1/2- (4)  9.865  35:-1.000
 
 I=  1/2- (5)147.203  32: 1.000

             ENERGY    K= OMEGA
 
 I=  3/2- (1)  1.365  27: 0.051
                      30: 0.196
                      31: 0.116
                      32: 0.968
                      34:-0.091
 
 I=  3/2- (2)  2.131  30: 0.137
                      31: 0.110
                      32:-0.132
                      34:-0.976

             ENERGY    K= OMEGA
 
 I=  5/2- (1)  1.360  27:-0.050
                      30: 0.131
                      31: 0.183
                      32:-0.389
                      33:-0.889
                      34: 0.073
 
 I=  5/2- (2)  1.969  30:-0.236
                      31: 0.165
                      32: 0.876
                      33:-0.382
 
 I=  5/2- (3)  2.151  30: 0.127
                      31: 0.169
                      33: 0.125
                      34: 0.969
 
 I=  5/2- (4)  3.238  24: 0.071
                      27:-0.394
                      30: 0.453
                      31: 0.739
                      32: 0.075
                      33: 0.189
                      34:-0.216
 
 I=  5/2- (5)  4.534  24: 0.062
                      27: 0.073
                      30:-0.796
                      31: 0.523
                      32:-0.268
                      33: 0.102

             ENERGY    K= OMEGA
 
 I=  7/2- (1)  1.991  30: 0.176
                      31:-0.221
                      32: 0.481
                      33:-0.829
 
 I=  7/2- (2)  2.602  25:-0.066
                      27:-0.180
                      28: 0.059
                      30:-0.355
                      31:-0.298
                      32:-0.724
                      33:-0.418
                      34: 0.211
 
 I=  7/2- (3)  3.684  24: 0.065
                      25:-0.241
                      26:-0.145
                      28: 0.880
                      30: 0.099
                      31: 0.078
                      32:-0.070
                      34:-0.344
 
 I=  7/2- (4)  3.758  24:-0.058
                      25: 0.067
                      26: 0.065
                      27: 0.055
                      28:-0.352
                      30: 0.097
                      31: 0.188
                      32:-0.302
                      33:-0.202
                      34:-0.827
 
 I=  7/2- (5)  4.176  35: 0.718
                      36: 0.575
                      37: 0.359
                      38: 0.156

             ENERGY    K= OMEGA
 
 I=  9/2- (1)  2.637  26:-0.087
                      27: 0.178
                      29: 0.105
                      30:-0.302
                      31:-0.366
                      32: 0.459
                      33: 0.689
                      34:-0.192
 
 I=  9/2- (2)  3.153  24: 0.073
                      25: 0.076
                      26: 0.288
                      28: 0.184
                      29:-0.924
                      30:-0.055
                      32: 0.077
                      33: 0.074
 
 I=  9/2- (3)  3.759  24:-0.065
                      25: 0.087
                      27: 0.068
                      28: 0.104
                      31:-0.319
                      32:-0.592
                      34:-0.719
 
 I=  9/2- (4)  3.801  25: 0.090
                      26:-0.054
                      28: 0.130
                      30: 0.341
                      31:-0.086
                      32:-0.489
                      33: 0.588
                      34: 0.511
 
 I=  9/2- (5)  4.564  24: 0.143
                      25:-0.297
                      26: 0.192
                      27:-0.153
                      28:-0.831
                      29:-0.123
                      30: 0.191
                      31: 0.114
                      32:-0.084
                      33: 0.208
                      34:-0.158

             ENERGY    K= OMEGA
 
 I= 11/2- (1)  2.993  35: 0.681
                      36: 0.576
                      37: 0.403
                      38: 0.205
 
 I= 11/2- (2)  3.801  24:-0.080
                      25:-0.096
                      26: 0.250
                      28: 0.111
                      29: 0.410
                      30:-0.215
                      31: 0.281
                      32:-0.447
                      33: 0.646
 
 I= 11/2- (3)  4.096  24:-0.105
                      25:-0.082
                      26: 0.318
                      28: 0.203
                      29: 0.760
                      30: 0.175
                      31:-0.103
                      32: 0.324
                      33:-0.338
 
 I= 11/2- (4)  4.541  24: 0.073
                      25:-0.117
                      27:-0.288
                      28: 0.157
                      29: 0.084
                      30:-0.410
                      31:-0.410
                      32:-0.550
                      33:-0.409
                      34: 0.244
 
 I= 11/2- (5)  5.645  24:-0.156
                      25: 0.363
                      26: 0.236
                      27:-0.091
                      28:-0.841
                      29: 0.163
                      30:-0.145
                      31:-0.063
                      33:-0.055
                      34: 0.134

             ENERGY    K= OMEGA
 
 I= 13/2- (1)  4.577  24:-0.099
                      25:-0.077
                      26:-0.196
                      27: 0.274
                      28:-0.068
                      29: 0.229
                      30:-0.373
                      31:-0.441
                      32: 0.394
                      33: 0.525
                      34:-0.220
 
 I= 13/2- (2)  5.169  24: 0.139
                      25: 0.142
                      26: 0.422
                      27: 0.109
                      28: 0.255
                      29:-0.780
                      30:-0.162
                      31:-0.134
                      32: 0.148
                      33: 0.137
                      34:-0.109
 
 I= 13/2- (3)  5.182  35: 0.229
                      36:-0.577
                      37: 0.653
                      38:-0.433
 
 I= 13/2- (4)  6.349  24:-0.137
                      25: 0.193
                      26:-0.104
                      27: 0.103
                      28: 0.268
                      30: 0.077
                      31:-0.321
                      32:-0.633
                      33:-0.059
                      34:-0.578
 
 I= 13/2- (5)  6.468  24: 0.072
                      25:-0.169
                      26: 0.112
                      27: 0.061
                      28:-0.299
                      30:-0.316
                      31: 0.104
                      32: 0.266
                      33:-0.615
                      34:-0.548

             ENERGY     K=-7/2
  32 LEVELS    TIME=  0.0 SEC



 ******************* EXCITATION ENERGIES, DOMINANT CONFIGURATION AND EXPECTATION VALUES (WITH S.P. UU+VV FACTORS) *******************

  NR  Eex(keV)  I   Kdom  NY    <Jz>  <Jx**2> <Jy**2> <Jz**2> <I.j>/|I|  <Rx**2> <Ry**2> <Rz**2> <R.j>/|R|  <HROTx> <HROTy> <HROTz>

   1    0.0   5/2-   5/2  33    1.71    1.78    1.78    5.36    2.45       1.59    1.59    0.00   -0.94      0.194   0.194   0.000
   2    4.9   3/2-  -3/2  32   -1.40    1.50    1.50    2.15    1.47       1.60    1.60    0.00   -1.29      0.195   0.195   0.000
   3  108.2   1/2-   1/2  34    0.50    1.14    1.14    0.25    0.84       0.92    0.92    0.00   -1.34      0.112   0.112   0.000
   4  609.1   5/2-  -3/2  32   -0.79    1.53    1.53    2.73    1.13       3.93    3.93    0.00   -0.87      0.480   0.480   0.000
   5  631.1   7/2-   5/2  33    1.31    1.92    1.92    4.95    2.07       4.06    4.06    0.00   -0.20      0.495   0.495   0.000
  
   6  771.0   3/2-   1/2  34    0.44    1.24    1.24    0.31   -0.16       3.59    3.59    0.00   -1.16      0.438   0.438   0.000
   7  790.6   5/2-   1/2  34    0.47    1.44    1.44    0.40    0.81       3.62    3.62    0.00   -0.33      0.441   0.441   0.000
   8 1241.7   7/2-  -3/2  32   -0.38    1.69    1.69    2.61    1.40       5.33    5.33    0.00   -0.14      0.650   0.650   0.000
   9 1277.2   9/2-   5/2  33    0.78    2.76    2.76    4.12    2.37       5.39    5.39    0.00    0.66      0.658   0.658   0.000
  10 1633.3  11/2-   1/2  35   -0.01   28.53   28.53    2.39    7.27       4.11    4.11    0.00   -5.56      0.502   0.502   0.000
  
  11 1793.2   9/2-   9/2  29    3.47    2.78    2.78   18.84    4.47       2.33    2.33    0.00   -1.00      0.284   0.284   0.000
  12 1832.6   1/2-   1/2  30    0.50    3.96    3.96    0.25    0.42       4.10    4.10    0.00   -2.73      0.500   0.500   0.000
  13 1878.3   5/2-  -3/2  31   -0.52    3.76    3.76    1.60    1.68       3.95    3.95    0.00   -1.47      0.481   0.481   0.000
  14 2324.1   7/2-  -7/2  28   -2.58    2.20    2.20   10.20    2.97       3.38    3.38   -0.00   -1.08      0.412   0.412  -0.000
  15 2398.2   7/2-   1/2  34   -0.17    1.63    1.63    2.34    0.35       9.30    9.30   -0.00   -0.98      1.134   1.134  -0.000
  
  16 2399.2   9/2-   1/2  34   -0.43    1.43    1.43    1.38    0.87      10.19   10.19    0.00    0.01      1.242   1.242   0.000
  17 2440.5   9/2-   5/2  33    0.64    1.93    1.93    3.11    1.07      10.56   10.56    0.00   -0.37      1.288   1.288   0.000
  18 2441.4  11/2-   5/2  33    1.18    2.78    2.78    7.66    2.57       9.13    9.13    0.00    0.50      1.113   1.113   0.000
  19 2736.3  11/2-   9/2  29    2.27    2.81    2.81   14.53    3.44       7.36    7.36    0.00    0.12      0.898   0.898   0.000
  20 2816.4   7/2-   1/2  35   -0.00   28.67   28.67    1.98    7.15       9.15    9.15    0.00   -7.23      1.116   1.116   0.000
  
  21 3174.3   5/2-   1/2  30   -0.16    4.04    4.04    1.03   -0.41      10.14   10.14    0.00   -2.29      1.236   1.236   0.000
  22 3180.8  11/2-  -3/2  32   -0.14    2.10    2.10    2.76    1.63      11.63   11.63   -0.00    0.57      1.418   1.418  -0.000
  23 3203.8   9/2-  -7/2  28   -2.09    2.41    2.41   10.24    2.71       6.41    6.41    0.00   -0.44      0.781   0.781   0.000
  24 3216.6  13/2-   5/2  33    0.42    3.69    3.69    4.27    2.69      11.38   11.38    0.00    1.50      1.388   1.388   0.000
  25 3575.8   1/2-   1/2  27    0.50    4.64    4.64    0.25    0.67       4.56    4.56    0.00   -2.96      0.556   0.556   0.000
  
  26 3808.9  13/2-   9/2  29    2.00    3.58    3.58   15.77    3.71       9.94    9.94    0.00    0.67      1.212   1.212   0.000
  27 3821.7  13/2-   5/2  37   -0.06   27.37   27.37    5.73    6.16      11.58   11.58    0.00   -3.62      1.412   1.412   0.000
  28 4285.4  11/2-  -7/2  28   -2.14    2.47    2.47   10.90    2.63      10.04   10.04   -0.00   -0.02      1.225   1.225  -0.000
  29 4988.9  13/2-  -3/2  32   -0.71    1.66    1.66    2.65    1.11      19.64   19.64    0.00    0.28      2.395   2.395   0.000
  30 5107.7  13/2-   5/2  33    0.76    2.09    2.09    4.12    1.16      20.39   20.39    0.00   -0.03      2.486   2.486   0.000
  
  31 8505.3   1/2-   1/2  35    0.50   29.21   29.21    0.25   -4.11      33.28   33.28    0.00   -7.63      4.057   4.057   0.000
  32*******   1/2-  -3/2  32    0.00    0.00    0.00    0.00   -0.00       0.00    0.00    0.00   -0.00      0.000   0.000   0.000
