1SPECTRUM OF (Z= 82 A=207) IN PARTICLE-ROTOR  MODEL WITH MODIFIED OSCILLATOR POTENTIAL


 PARITY=-   EPS= 0.363   GAMMA=  0.0   EPS4=0.000   EPS6=0.000   LEVELS:  25  26  27  28  29  30  31  32  33  34  35  36  37  38  39

 PAIRING FACTORS: GN0= 19.20  GN1=  7.40  IPAIR= 15 ***  E2PLUS(INPUT)=   0.730  E2PLUR(INPUT)=   0.000

 CORIOLIS ATTENUATION PARAMETERS:  CHSI=1.000  ETA=  1.00

 MOMENT OF INERTIA PARAMETERS:   A1=  0.122 MEV   A2=  0.122 MEV   A3=121.91924 MEV


 DELTA=0.882 MEV  LAMBDA=53.4117 MEV   HW0= 7.5320 MEV   LAMBDA/HW0= 7.0913

 E2ENERGY=0.730 MEV  HBAR**2/B=24432./A**(7/3)=4130.3/A**2 MEV

 IREC=0  =>  RECOIL TERMS j+j-, j+j+, jzjz, ETC TREATED AS ONE-BODY OPERATORS WITH UU+VV PAIRING FACTORS



 S. P. LEVEL   EQP       U     V        (UU + VV)**1.00

     25       4.261    0.104 0.995      1.000 0.999 0.997 0.996 0.980 0.950 0.925 0.731 0.710 0.521 0.334 0.312 0.256 0.242 0.218
     26       2.979    0.150 0.989      0.999 1.000 0.999 0.999 0.988 0.963 0.942 0.762 0.741 0.559 0.377 0.355 0.300 0.286 0.263
     27       2.420    0.186 0.983      0.997 0.999 1.000 1.000 0.993 0.972 0.954 0.785 0.765 0.589 0.411 0.389 0.334 0.321 0.298
     28       2.381    0.189 0.982      0.996 0.999 1.000 1.000 0.993 0.973 0.954 0.787 0.767 0.592 0.413 0.392 0.337 0.324 0.301
     29       1.534    0.302 0.953      0.980 0.988 0.993 0.993 1.000 0.993 0.983 0.853 0.837 0.681 0.517 0.496 0.445 0.432 0.410
     30       1.179    0.410 0.912      0.950 0.963 0.972 0.973 0.993 1.000 0.998 0.908 0.895 0.762 0.613 0.593 0.546 0.534 0.513
     31       1.059    0.473 0.881      0.925 0.942 0.954 0.954 0.983 0.998 1.000 0.935 0.924 0.805 0.666 0.648 0.603 0.592 0.572
     32       0.891    0.755 0.656      0.731 0.762 0.785 0.787 0.853 0.908 0.935 1.000 1.000 0.963 0.887 0.876 0.847 0.839 0.825
     33       0.901    0.775 0.632      0.710 0.741 0.765 0.767 0.837 0.895 0.924 1.000 1.000 0.971 0.901 0.891 0.863 0.855 0.842
     34       1.138    0.903 0.429      0.521 0.559 0.589 0.592 0.681 0.762 0.805 0.963 0.971 1.000 0.979 0.973 0.959 0.954 0.947
     35       1.937    0.972 0.234      0.334 0.377 0.411 0.413 0.517 0.613 0.666 0.887 0.901 0.979 1.000 1.000 0.997 0.995 0.993
     36       2.139    0.977 0.211      0.312 0.355 0.389 0.392 0.496 0.593 0.648 0.876 0.891 0.973 1.000 1.000 0.998 0.997 0.995
     37       2.903    0.988 0.154      0.256 0.300 0.334 0.337 0.445 0.546 0.603 0.847 0.863 0.959 0.997 0.998 1.000 1.000 0.999
     38       3.188    0.990 0.140      0.242 0.286 0.321 0.324 0.432 0.534 0.592 0.839 0.855 0.954 0.995 0.997 1.000 1.000 1.000
     39       3.850    0.993 0.115      0.218 0.263 0.298 0.301 0.410 0.513 0.572 0.825 0.842 0.947 0.993 0.995 0.999 1.000 1.000

  R CORE   ENERGY   A0R/A00=1.000    R3= 0     2  
   2( 1)    0.732                    1.000 0.000
   2( 2)  487.921                    0.000 1.000

  R CORE   ENERGY   A0R/A00=1.000    R3= 0     2  
   3( 1)  488.652                    0.000 1.000

  R CORE   ENERGY   A0R/A00=1.000    R3= 0     2     4  
   4( 1)    2.438                    1.000 0.000 0.000

  R CORE   ENERGY   A0R/A00=1.000    R3= 0     2     4  
   5( 1)  490.847                    0.000 1.000 0.000

  R CORE   ENERGY   A0R/A00=1.000    R3= 0     2     4     6  
   6( 1)    5.121                    1.000 0.000 0.000 0.000

  R CORE   ENERGY   A0R/A00=1.000    R3= 0     2     4     6  
   7( 1)  494.017                    0.000 1.000 0.000 0.000

          AXIAL SYMMETRY => K RESTRICTED TO OMEGA

                     K
     S.P. ORB#: 25  0.50
     S.P. ORB#: 26  2.50
     S.P. ORB#: 27 -3.50
     S.P. ORB#: 28  0.50
     S.P. ORB#: 29 -1.50
     S.P. ORB#: 30  0.50
     S.P. ORB#: 31 -1.50
     S.P. ORB#: 32 -3.50
     S.P. ORB#: 33  2.50
     S.P. ORB#: 34  4.50
     S.P. ORB#: 35  0.50
     S.P. ORB#: 36 -3.50
     S.P. ORB#: 37 -1.50
     S.P. ORB#: 38  2.50
     S.P. ORB#: 39  0.50
 

             ENERGY    K= OMEGA
 
 I=  1/2- (1)  2.447  30: 0.998
 
 I=  1/2- (2)  4.205  25:-0.078
                      39:-0.996
 
 I=  1/2- (3)  5.325  28:-0.286
                      35: 0.958
 
 I=  1/2- (4)  5.900  25: 0.996
                      39:-0.076
 
 I=  1/2- (5)  8.918  28: 0.958
                      35: 0.286

             ENERGY    K= OMEGA
 
 I=  3/2- (1)  2.326  25: 0.088
                      30:-0.205
                      31: 0.973
                      39:-0.051
 
 I=  3/2- (2)  2.487  25:-0.190
                      30:-0.928
                      31:-0.163
                      37:-0.252
                      39: 0.113

             ENERGY    K= OMEGA
 
 I=  5/2- (1)  2.440  25:-0.252
                      30: 0.467
                      31: 0.803
                      37:-0.089
                      38:-0.216
                      39: 0.138
 
 I=  5/2- (2)  3.375  25:-0.051
                      26:-0.061
                      30: 0.752
                      31:-0.461
                      37:-0.440
                      38: 0.151
 
 I=  5/2- (3)  3.872  25: 0.086
                      26:-0.067
                      30:-0.183
                      31:-0.123
                      37:-0.475
                      38:-0.837
                      39:-0.111
 
 I=  5/2- (4)  4.472  26:-0.165
                      30:-0.353
                      31: 0.285
                      37:-0.720
                      38: 0.477
                      39:-0.144
 
 I=  5/2- (5)  4.777  26:-0.979
                      37: 0.167
                      39: 0.106

             ENERGY    K= OMEGA
 
 I=  7/2- (1)  1.733  26: 0.173
                      32:-0.983
 
 I=  7/2- (2)  3.295  25:-0.230
                      31:-0.897
                      38:-0.350
                      39: 0.121
 
 I=  7/2- (3)  3.413  25:-0.227
                      30:-0.885
                      31: 0.076
                      37:-0.357
                      38: 0.117
                      39: 0.134
 
 I=  7/2- (4)  3.826  28: 0.665
                      29: 0.586
                      33: 0.423
                      36: 0.187
 
 I=  7/2- (5)  4.291  26:-0.202
                      27:-0.958
                      30:-0.070
                      31: 0.076
                      37: 0.071
                      38:-0.158

             ENERGY    K= OMEGA
 
 I=  9/2- (1)  2.058  26:-0.084
                      27: 0.169
                      32:-0.310
                      34:-0.932
 
 I=  9/2- (2)  2.749  26:-0.234
                      27:-0.095
                      31:-0.059
                      32:-0.913
                      34: 0.309
                      38: 0.053
 
 I=  9/2- (3)  3.463  25:-0.358
                      30: 0.500
                      31: 0.708
                      32:-0.077
                      37:-0.142
                      38:-0.249
                      39: 0.176
 
 I=  9/2- (4)  4.678  28: 0.213
                      29:-0.550
                      33: 0.681
                      36:-0.433
 
 I=  9/2- (5)  5.235  26: 0.103
                      30:-0.644
                      31: 0.491
                      32:-0.056
                      37: 0.524
                      38:-0.226

             ENERGY    K= OMEGA
 
 I= 11/2- (1)  3.180  26: 0.138
                      27: 0.229
                      32:-0.408
                      34: 0.873
 
 I= 11/2- (2)  3.219  28: 0.647
                      29: 0.582
                      33: 0.435
                      35: 0.065
                      36: 0.224
 
 I= 11/2- (3)  3.997  26:-0.273
                      27: 0.141
                      31: 0.073
                      32: 0.854
                      34: 0.407
                      38: 0.069
 
 I= 11/2- (4)  5.115  25:-0.379
                      30:-0.444
                      31:-0.713
                      32: 0.098
                      37:-0.155
                      38:-0.280
                      39: 0.194
 
 I= 11/2- (5)  5.302  25:-0.098
                      30:-0.721
                      31: 0.464
                      37:-0.370
                      38: 0.332
                      39: 0.067

             ENERGY    K= OMEGA
 
 I= 13/2- (1)  4.526  26:-0.184
                      27: 0.268
                      32:-0.465
                      34:-0.822
 
 I= 13/2- (2)  5.164  28:-0.214
                      29: 0.550
                      33:-0.674
                      36: 0.444
 
 I= 13/2- (3)  5.314  25:-0.376
                      26: 0.142
                      27: 0.099
                      30: 0.441
                      31: 0.603
                      32: 0.338
                      34:-0.227
                      37:-0.126
                      38:-0.244
                      39: 0.172
 
 I= 13/2- (4)  5.531  25:-0.197
                      26:-0.263
                      27:-0.153
                      30: 0.249
                      31: 0.279
                      32:-0.736
                      34: 0.408
                      37:-0.094
                      38:-0.061
                      39: 0.090
 
 I= 13/2- (5)  8.060  26: 0.111
                      27:-0.054
                      30:-0.580
                      31: 0.491
                      32:-0.098
                      37: 0.587
                      38:-0.218
                      39: 0.069

             ENERGY     K= 1/2
  32 LEVELS    TIME=  0.0 SEC



 ******************* EXCITATION ENERGIES, DOMINANT CONFIGURATION AND EXPECTATION VALUES (WITH S.P. UU+VV FACTORS) *******************

  NR  Eex(keV)  I   Kdom  NY    <Jz>  <Jx**2> <Jy**2> <Jz**2> <I.j>/|I|  <Rx**2> <Ry**2> <Rz**2> <R.j>/|R|  <HROTx> <HROTy> <HROTz>

   1    0.0   7/2-  -7/2  32   -3.31    2.31    2.31   12.06    3.28       3.18    3.18   -0.00   -1.44      0.387   0.387  -0.000
   2  324.6   9/2-   9/2  34    3.49    2.51    2.51   19.15    4.18       3.66    3.66    0.00   -1.25      0.447   0.447   0.000
   3  592.6   3/2-  -3/2  31   -1.40    4.86    4.86    2.15    1.43       5.04    5.04    0.00   -2.87      0.614   0.614   0.000
   4  707.2   5/2-  -3/2  31   -0.71    5.00    5.00    1.84    2.12       4.03    4.03    0.00   -1.96      0.492   0.492   0.000
   5  714.2   1/2-   1/2  30    0.50    4.91    4.91    0.25    0.29       5.16    5.16   -0.00   -3.06      0.629   0.629  -0.000
  
   6  753.6   3/2-   1/2  30    0.32    4.42    4.42    0.43    1.13       4.33    4.33   -0.00   -2.41      0.528   0.528  -0.000
   7 1016.5   9/2-  -7/2  32   -2.38    2.39    2.39   12.62    2.84       6.96    6.96    0.00   -0.88      0.849   0.849   0.000
   8 1447.2  11/2-   9/2  34    2.71    2.69    2.69   18.23    3.61       8.12    8.12   -0.00   -0.51      0.990   0.990  -0.000
   9 1486.6  11/2-   1/2  28    0.00   23.60   23.60    2.66    6.19       5.82    5.82    0.00   -3.77      0.709   0.709   0.000
  10 1562.3   7/2-  -3/2  31   -0.87    4.54    4.54    2.63    1.64       7.22    7.22    0.00   -1.37      0.880   0.880   0.000
  
  11 1642.0   5/2-   1/2  30   -0.26    4.09    4.09    1.22    0.53       7.49    7.49   -0.00   -2.02      0.914   0.914  -0.000
  12 1679.6   7/2-   1/2  30    0.26    4.23    4.23    0.61    1.29       7.29    7.29   -0.00   -1.04      0.889   0.889  -0.000
  13 1730.1   9/2-  -3/2  31   -0.44    5.12    5.12    1.75    2.28       7.00    7.00    0.00   -0.17      0.854   0.854   0.000
  14 2092.9   7/2-   1/2  28    0.03   23.27   23.27    2.43    6.08       8.24    8.24    0.00   -6.12      1.005   1.005   0.000
  15 2139.4   5/2-   5/2  38    1.43    2.00    2.00    4.97    1.84       3.42    3.42    0.00   -1.35      0.417   0.417   0.000
  
  16 2264.0  11/2-  -7/2  32   -1.69    2.48    2.48   13.03    2.53      11.75   11.75    0.00   -0.59      1.432   1.432   0.000
  17 2471.8   1/2-   1/2  39    0.50    1.57    1.57    0.25    0.71       1.46    1.46    0.00   -1.63      0.178   0.178   0.000
  18 2557.6   7/2-  -7/2  27   -3.06    6.06    6.06   11.69    3.08       7.55    7.55    0.00   -2.98      0.920   0.920   0.000
  19 2739.6   5/2-  -3/2  37   -0.19    2.72    2.72    2.98    0.34       7.58    7.58    0.00   -1.90      0.924   0.924   0.000
  20 2793.3  13/2-   9/2  34    2.12    2.86    2.86   17.44    3.22      13.48   13.48   -0.00   -0.13      1.643   1.643  -0.000
  
  21 2944.8   9/2-   5/2  33    0.07   24.09   24.09    5.89    5.21      13.48   13.48    0.00   -5.42      1.643   1.643   0.000
  22 3043.6   5/2-   5/2  26    2.36    5.87    5.87    6.07    2.01       7.34    7.34    0.00   -3.10      0.895   0.895   0.000
  23 3381.7  11/2-  -3/2  31   -0.44    4.44    4.44    1.92    1.66      13.36   13.36    0.00   -0.17      1.629   1.629   0.000
  24 3430.8  13/2-   5/2  33    0.01   24.09   24.09    5.95    5.16      15.42   15.42    0.00   -3.26      1.879   1.879   0.000
  25 3502.2   9/2-   1/2  30   -0.43    3.68    3.68    1.71    0.53      14.28   14.28    0.00   -1.21      1.741   1.741   0.000
  
  26 3568.8  11/2-   1/2  30    0.01    4.13    4.13    1.66    1.32      14.96   14.96    0.00   -0.37      1.824   1.824   0.000
  27 3580.6  13/2-  -3/2  31   -0.39    4.72    4.72    4.01    2.40      14.37   14.37    0.00    0.61      1.752   1.752   0.000
  28 3592.0   1/2-   1/2  35    0.50   12.26   12.26    0.25   -1.13      13.74   13.74    0.00   -4.91      1.676   1.676   0.000
  29 3797.7  13/2-  -7/2  32   -1.12    3.10    3.10   10.98    2.25      17.26   17.26    0.00   -0.25      2.104   2.104   0.000
  30 4167.0   1/2-   1/2  25    0.50    6.82    6.82    0.25    0.64       6.76    6.76   -0.00   -3.62      0.824   0.824  -0.000
  
  31 6326.7  13/2-  -3/2  37   -0.60    3.40    3.40    1.93    0.49      25.35   25.35    0.00   -0.75      3.091   3.091   0.000
  32 7185.3   1/2-   1/2  28    0.50   23.44   23.44    0.25   -3.48      26.96   26.96    0.00   -6.83      3.287   3.287   0.000
