1SPECTRUM OF (Z= 82 A=207) IN PARTICLE-ROTOR  MODEL WITH MODIFIED OSCILLATOR POTENTIAL


 PARITY=-   EPS= 0.309   GAMMA=  0.0   EPS4=0.000   EPS6=0.000   LEVELS:  25  26  27  28  29  30  31  32  33  34  35  36  37  38  39

 PAIRING FACTORS: GN0= 19.20  GN1=  7.40  IPAIR= 15 ***  E2PLUS(INPUT)=   0.730  E2PLUR(INPUT)=   0.000

 CORIOLIS ATTENUATION PARAMETERS:  CHSI=1.000  ETA=  1.00

 MOMENT OF INERTIA PARAMETERS:   A1=  0.122 MEV   A2=  0.122 MEV   A3=121.91924 MEV


 DELTA=0.943 MEV  LAMBDA=53.2903 MEV   HW0= 7.4969 MEV   LAMBDA/HW0= 7.1083

 E2ENERGY=0.730 MEV  HBAR**2/B=17704./A**(7/3)=2992.8/A**2 MEV

 IREC=0  =>  RECOIL TERMS j+j-, j+j+, jzjz, ETC TREATED AS ONE-BODY OPERATORS WITH UU+VV PAIRING FACTORS



 S. P. LEVEL   EQP       U     V        (UU + VV)**1.00

     25       4.134    0.115 0.993      1.000 1.000 0.998 0.971 0.960 0.958 0.934 0.851 0.805 0.497 0.330 0.305 0.303 0.267 0.265
     26       3.324    0.143 0.990      1.000 1.000 1.000 0.977 0.968 0.966 0.944 0.865 0.822 0.522 0.357 0.333 0.330 0.294 0.293
     27       2.769    0.173 0.985      0.998 1.000 1.000 0.983 0.975 0.973 0.953 0.880 0.838 0.547 0.384 0.361 0.358 0.323 0.321
     28       1.439    0.350 0.937      0.971 0.977 0.983 1.000 0.999 0.999 0.992 0.952 0.924 0.690 0.546 0.525 0.523 0.490 0.489
     29       1.320    0.387 0.922      0.960 0.968 0.975 0.999 1.000 1.000 0.997 0.964 0.938 0.719 0.580 0.559 0.557 0.525 0.524
     30       1.298    0.396 0.918      0.958 0.966 0.973 0.999 1.000 1.000 0.997 0.966 0.941 0.725 0.587 0.566 0.564 0.533 0.531
     31       1.150    0.462 0.887      0.934 0.944 0.953 0.992 0.997 0.997 1.000 0.982 0.964 0.774 0.645 0.626 0.624 0.594 0.592
     32       0.970    0.620 0.785      0.851 0.865 0.880 0.952 0.964 0.966 0.982 1.000 0.997 0.879 0.777 0.760 0.759 0.734 0.733
     33       0.946    0.682 0.731      0.805 0.822 0.838 0.924 0.938 0.941 0.964 0.997 1.000 0.915 0.826 0.811 0.809 0.787 0.786
     34       1.303    0.919 0.394      0.497 0.522 0.547 0.690 0.719 0.725 0.774 0.879 0.915 1.000 0.983 0.978 0.978 0.969 0.969
     35       2.208    0.976 0.219      0.330 0.357 0.384 0.546 0.580 0.587 0.645 0.777 0.826 0.983 1.000 1.000 1.000 0.998 0.998
     36       2.479    0.981 0.194      0.305 0.333 0.361 0.525 0.559 0.566 0.626 0.760 0.811 0.978 1.000 1.000 1.000 0.999 0.999
     37       2.511    0.982 0.191      0.303 0.330 0.358 0.523 0.557 0.564 0.624 0.759 0.809 0.978 1.000 1.000 1.000 0.999 0.999
     38       3.094    0.988 0.154      0.267 0.294 0.323 0.490 0.525 0.533 0.594 0.734 0.787 0.969 0.998 0.999 0.999 1.000 1.000
     39       3.129    0.988 0.153      0.265 0.293 0.321 0.489 0.524 0.531 0.592 0.733 0.786 0.969 0.998 0.999 0.999 1.000 1.000

  R CORE   ENERGY   A0R/A00=1.000    R3= 0     2  
   2( 1)    0.732                    1.000 0.000
   2( 2)  487.921                    0.000 1.000

  R CORE   ENERGY   A0R/A00=1.000    R3= 0     2  
   3( 1)  488.652                    0.000 1.000

  R CORE   ENERGY   A0R/A00=1.000    R3= 0     2     4  
   4( 1)    2.438                    1.000 0.000 0.000

  R CORE   ENERGY   A0R/A00=1.000    R3= 0     2     4  
   5( 1)  490.847                    0.000 1.000 0.000

  R CORE   ENERGY   A0R/A00=1.000    R3= 0     2     4     6  
   6( 1)    5.121                    1.000 0.000 0.000 0.000

  R CORE   ENERGY   A0R/A00=1.000    R3= 0     2     4     6  
   7( 1)  494.017                    0.000 1.000 0.000 0.000

          AXIAL SYMMETRY => K RESTRICTED TO OMEGA

                     K
     S.P. ORB#: 25  0.50
     S.P. ORB#: 26  2.50
     S.P. ORB#: 27 -3.50
     S.P. ORB#: 28  0.50
     S.P. ORB#: 29  0.50
     S.P. ORB#: 30 -1.50
     S.P. ORB#: 31 -3.50
     S.P. ORB#: 32 -1.50
     S.P. ORB#: 33  4.50
     S.P. ORB#: 34  2.50
     S.P. ORB#: 35 -1.50
     S.P. ORB#: 36  2.50
     S.P. ORB#: 37 -3.50
     S.P. ORB#: 38  0.50
     S.P. ORB#: 39  0.50
 

             ENERGY    K= OMEGA
 
 I=  1/2- (1)  2.646  28:-0.998
                      39:-0.054
 
 I=  1/2- (2)  3.458  25:-0.069
                      28: 0.051
                      39:-0.996
 
 I=  1/2- (3)  5.661  25: 0.997
                      39:-0.067
 
 I=  1/2- (4)  6.205  29: 0.524
                      38:-0.852
 
 I=  1/2- (5)  8.870  29: 0.852
                      38: 0.524

             ENERGY    K= OMEGA
 
 I=  3/2- (1)  2.465  25:-0.173
                      28:-0.324
                      30:-0.782
                      35:-0.487
                      39: 0.132
 
 I=  3/2- (2)  2.539  25: 0.059
                      28: 0.690
                      30:-0.576
                      35: 0.431
                      39:-0.053
 
 I=  3/2- (3)  3.047  25:-0.166
                      28:-0.595
                      30:-0.171
                      35: 0.759
                      39: 0.115
 
 I=  3/2- (4)  4.161  25:-0.131
                      28:-0.131
                      30:-0.081
                      39:-0.979
 
 I=  3/2- (5)  4.812  29: 0.792
                      32: 0.382
                      38:-0.477

             ENERGY    K= OMEGA
 
 I=  5/2- (1)  2.492  25:-0.242
                      28: 0.433
                      30: 0.719
                      35:-0.198
                      36:-0.418
                      39: 0.154
 
 I=  5/2- (2)  3.159  25: 0.071
                      26:-0.062
                      28: 0.226
                      30:-0.458
                      35:-0.806
                      36:-0.259
                      39:-0.116
 
 I=  5/2- (3)  3.275  25: 0.131
                      28:-0.520
                      35: 0.170
                      36:-0.817
                      39:-0.117
 
 I=  5/2- (4)  4.119  28:-0.574
                      30: 0.466
                      35:-0.465
                      36: 0.295
                      39:-0.387
 
 I=  5/2- (5)  4.317  25:-0.168
                      28: 0.339
                      35: 0.247
                      36:-0.062
                      39:-0.888

             ENERGY    K= OMEGA
 
 I=  7/2- (1)  1.929  26:-0.205
                      27: 0.056
                      31: 0.976
 
 I=  7/2- (2)  3.271  25:-0.105
                      28: 0.248
                      30:-0.696
                      35: 0.268
                      36:-0.605
 
 I=  7/2- (3)  3.320  29:-0.731
                      32:-0.576
                      34:-0.339
                      37:-0.137
 
 I=  7/2- (4)  3.393  25:-0.301
                      28:-0.692
                      30:-0.357
                      35:-0.511
                      39: 0.196
 
 I=  7/2- (5)  4.285  26: 0.102
                      27: 0.237
                      28: 0.477
                      30:-0.491
                      35:-0.334
                      36: 0.594

             ENERGY    K= OMEGA
 
 I=  9/2- (1)  1.802  26: 0.067
                      27:-0.211
                      31: 0.202
                      33: 0.954
 
 I=  9/2- (2)  2.858  26: 0.281
                      27: 0.091
                      30: 0.054
                      31: 0.931
                      33:-0.197
                      36:-0.052
 
 I=  9/2- (3)  3.472  25:-0.355
                      28: 0.481
                      30: 0.662
                      31:-0.067
                      35:-0.215
                      36:-0.342
                      39: 0.187
 
 I=  9/2- (4)  4.521  29:-0.236
                      32: 0.594
                      34:-0.652
                      37: 0.407
 
 I=  9/2- (5)  4.939  25: 0.140
                      26:-0.104
                      27: 0.109
                      28: 0.095
                      30:-0.386
                      35:-0.773
                      36:-0.390
                      39:-0.218

             ENERGY    K= OMEGA
 
 I= 11/2- (1)  2.593  29:-0.688
                      32:-0.579
                      34:-0.389
                      37:-0.195
                      38:-0.053
 
 I= 11/2- (2)  2.858  26:-0.114
                      27:-0.286
                      31: 0.281
                      33:-0.909
 
 I= 11/2- (3)  4.018  26:-0.330
                      27: 0.126
                      30: 0.063
                      31: 0.888
                      33: 0.276
                      36: 0.062
 
 I= 11/2- (4)  5.138  25:-0.277
                      28:-0.057
                      30:-0.765
                      31: 0.084
                      35: 0.097
                      36:-0.544
                      39: 0.137
 
 I= 11/2- (5)  5.203  25:-0.282
                      28:-0.743
                      35:-0.536
                      36: 0.215
                      39: 0.172

             ENERGY    K= OMEGA
 
 I= 13/2- (1)  4.132  26: 0.156
                      27:-0.333
                      31: 0.335
                      33: 0.867
 
 I= 13/2- (2)  4.807  29: 0.224
                      32:-0.574
                      34: 0.657
                      37:-0.433
 
 I= 13/2- (3)  5.308  25:-0.364
                      26: 0.191
                      27: 0.093
                      28: 0.414
                      30: 0.556
                      31: 0.432
                      33:-0.161
                      35:-0.150
                      36:-0.277
                      39: 0.172
 
 I= 13/2- (4)  5.458  25:-0.223
                      26:-0.310
                      27:-0.130
                      28: 0.274
                      30: 0.306
                      31:-0.734
                      33: 0.292
                      35:-0.143
                      36:-0.114
                      39: 0.104
 
 I= 13/2- (5)  7.660  25: 0.173
                      26:-0.103
                      27: 0.111
                      30:-0.279
                      31: 0.066
                      33: 0.059
                      35:-0.726
                      36:-0.507
                      39:-0.277

             ENERGY     K= 1/2
  35 LEVELS    TIME=  0.0 SEC



 ******************* EXCITATION ENERGIES, DOMINANT CONFIGURATION AND EXPECTATION VALUES (WITH S.P. UU+VV FACTORS) *******************

  NR  Eex(keV)  I   Kdom  NY    <Jz>  <Jx**2> <Jy**2> <Jz**2> <I.j>/|I|  <Rx**2> <Ry**2> <Rz**2> <R.j>/|R|  <HROTx> <HROTy> <HROTz>

   1    0.0   9/2-   9/2  33    3.81    2.56    2.56   19.50    4.34       3.10    3.10    0.00   -1.22      0.378   0.378   0.000
   2  126.9   7/2-  -7/2  31   -3.24    2.31    2.31   11.99    3.37       2.79    2.79    0.00   -1.36      0.340   0.340   0.000
   3  663.3   3/2-  -3/2  30   -1.20    3.54    3.54    1.95    1.56       3.36    3.36   -0.00   -2.31      0.410   0.410  -0.000
   4  689.8   5/2-  -3/2  30   -0.26    4.38    4.38    2.41    2.37       2.94    2.94   -0.00   -1.71      0.358   0.358  -0.000
   5  736.7   3/2-   1/2  28   -0.54    4.22    4.22    1.29    1.39       4.06    4.06   -0.00   -2.47      0.495   0.495  -0.000
  
   6  790.7  11/2-   1/2  29   -0.02   25.08   25.08    2.29    6.46       5.51    5.51    0.00   -4.18      0.671   0.671   0.000
   7  843.8   1/2-   1/2  28    0.50    4.70    4.70    0.25    0.33       4.91    4.91    0.00   -2.99      0.599   0.599   0.000
   8 1055.4  11/2-   9/2  33    3.19    2.80    2.80   18.78    3.85       7.03    7.03    0.00   -0.36      0.858   0.858   0.000
   9 1056.2   9/2-  -7/2  31   -2.69    2.43    2.43   12.03    2.93       6.25    6.25    0.00   -0.66      0.762   0.762   0.001
  10 1245.3   3/2-  -3/2  35   -0.71    2.93    2.93    1.46    0.59       4.40    4.40    0.00   -2.09      0.536   0.536   0.000
  
  11 1356.8   5/2-  -3/2  35   -1.08    2.19    2.19    2.39    1.05       4.66    4.66   -0.00   -1.20      0.568   0.568  -0.000
  12 1468.8   7/2-  -3/2  30    0.11    3.58    3.58    3.59    1.86       5.86    5.86   -0.00   -0.98      0.714   0.714  -0.000
  13 1473.1   5/2-   5/2  36    1.77    2.76    2.76    4.32    1.68       4.31    4.31   -0.00   -1.65      0.525   0.525  -0.000
  14 1517.4   7/2-   1/2  29   -0.01   24.58   24.58    1.83    6.25       8.59    8.59    0.00   -6.32      1.047   1.047   0.000
  15 1591.2   7/2-   1/2  28   -0.27    3.46    3.46    1.05    1.48       5.98    5.98   -0.00   -0.61      0.729   0.729  -0.000
  
  16 1655.7   1/2-   1/2  39    0.50    1.48    1.48    0.25    0.72       1.35    1.35    0.00   -1.57      0.165   0.165   0.000
  17 1669.4   9/2-  -3/2  30   -0.25    4.74    4.74    1.99    2.37       6.31    6.31   -0.00    0.09      0.769   0.769  -0.000
  18 2215.6  11/2-  -7/2  31   -2.20    2.53    2.53   12.12    2.63      10.71   10.71    0.00   -0.31      1.306   1.306   0.000
  19 2317.1   5/2-   1/2  28   -0.19    3.54    3.54    1.64   -0.10       9.02    9.02    0.00   -2.12      1.100   1.100   0.000
  20 2329.6  13/2-   9/2  33    2.67    3.00    3.00   18.12    3.51      11.90   11.90    0.00    0.08      1.451   1.451   0.000
  
  21 2358.9   3/2-   1/2  39    0.49    1.58    1.58    0.26   -0.39       4.33    4.33    0.00   -1.41      0.528   0.528   0.000
  22 2482.9   7/2-   5/2  36    0.30    3.24    3.24    3.80    0.87       9.57    9.57   -0.00   -1.56      1.166   1.166  -0.000
  23 2514.9   5/2-   1/2  39    0.38    1.84    1.84    0.40    0.21       5.81    5.81   -0.00   -1.02      0.708   0.708  -0.000
  24 2718.4   9/2-   5/2  34   -0.02   25.03   25.03    5.49    5.49      12.85   12.85    0.00   -5.57      1.567   1.567   0.000
  25 3005.3  13/2-   5/2  34   -0.04   25.01   25.01    5.75    5.50      13.89   13.89    0.00   -3.30      1.693   1.693   0.000
  
  26 3010.1   3/2-   1/2  29    0.21   18.71   18.71    0.54    4.12      12.88   12.88    0.00   -5.91      1.570   1.570   0.000
  27 3137.0   9/2-  -3/2  35   -0.72    2.13    2.13    2.91    0.95      11.22   11.22   -0.00   -0.51      1.368   1.368  -0.000
  28 3335.9  11/2-  -3/2  30   -0.12    3.89    3.89    3.35    1.70      13.24   13.24    0.00   -0.18      1.614   1.614   0.000
  29 3400.9  11/2-   1/2  28    0.01    3.39    3.39    1.14    1.44      13.23   13.23   -0.00    0.13      1.614   1.614  -0.000
  30 3505.3  13/2-  -3/2  30   -0.61    4.36    4.36    4.46    2.44      13.92   13.92    0.00    0.73      1.697   1.697   0.000
  
  31 3655.5  13/2-  -7/2  31   -1.39    3.26    3.26    9.51    2.38      15.77   15.77    0.00    0.11      1.922   1.922   0.000
  32 3859.3   1/2-   1/2  25    0.50    6.39    6.39    0.25    0.67       6.31    6.31   -0.00   -3.50      0.769   0.769  -0.000
  33 4403.1   1/2-   1/2  38    0.50   12.68   12.68    0.25   -1.82      14.76   14.76   -0.00   -5.00      1.799   1.799  -0.000
  34 5857.8  13/2-  -3/2  35   -0.23    2.06    2.06    3.34    0.90      21.80   21.80    0.00   -0.17      2.658   2.658   0.000
  35 7067.5   1/2-   1/2  29    0.50   25.37   25.37    0.25   -3.57      28.96   28.96   -0.00   -7.11      3.531   3.531  -0.000
  
