1SPECTRUM OF (Z= 82 A=207) IN PARTICLE-ROTOR  MODEL WITH MODIFIED OSCILLATOR POTENTIAL


 PARITY=-   EPS= 0.198   GAMMA=  0.0   EPS4=0.000   EPS6=0.000   LEVELS:  24  25  26  27  28  29  30  31  32  33  34  35  36  37  38

 PAIRING FACTORS: GN0= 19.20  GN1=  7.40  IPAIR= 15 ***  E2PLUS(INPUT)=   0.730  E2PLUR(INPUT)=   0.000

 CORIOLIS ATTENUATION PARAMETERS:  CHSI=1.000  ETA=  1.00

 MOMENT OF INERTIA PARAMETERS:   A1=  0.122 MEV   A2=  0.122 MEV   A3=121.91923 MEV


 DELTA=0.938 MEV  LAMBDA=53.4825 MEV   HW0= 7.4449 MEV   LAMBDA/HW0= 7.1838

 E2ENERGY=0.730 MEV  HBAR**2/B= 7269./A**(7/3)=1228.8/A**2 MEV

 IREC=0  =>  RECOIL TERMS j+j-, j+j+, jzjz, ETC TREATED AS ONE-BODY OPERATORS WITH UU+VV PAIRING FACTORS



 S. P. LEVEL   EQP       U     V        (UU + VV)**1.00

     24       5.190    0.091 0.996      1.000 1.000 1.000 0.999 0.996 0.991 0.991 0.988 0.713 0.609 0.446 0.418 0.386 0.312 0.254
     25       4.254    0.111 0.994      1.000 1.000 1.000 1.000 0.998 0.994 0.994 0.991 0.727 0.625 0.464 0.437 0.404 0.331 0.273
     26       4.025    0.117 0.993      1.000 1.000 1.000 1.000 0.998 0.994 0.994 0.992 0.732 0.630 0.470 0.442 0.410 0.337 0.279
     27       3.733    0.127 0.992      0.999 1.000 1.000 1.000 0.999 0.995 0.995 0.993 0.738 0.637 0.478 0.451 0.419 0.346 0.288
     28       2.704    0.176 0.984      0.996 0.998 0.998 0.999 1.000 0.999 0.999 0.998 0.771 0.675 0.522 0.495 0.464 0.393 0.336
     29       2.171    0.222 0.975      0.991 0.994 0.994 0.995 0.999 1.000 1.000 1.000 0.800 0.708 0.561 0.535 0.504 0.435 0.379
     30       2.156    0.223 0.975      0.991 0.994 0.994 0.995 0.999 1.000 1.000 1.000 0.801 0.710 0.562 0.536 0.506 0.436 0.381
     31       1.994    0.243 0.970      0.988 0.991 0.992 0.993 0.998 1.000 1.000 1.000 0.812 0.723 0.578 0.553 0.523 0.454 0.399
     32       0.951    0.763 0.647      0.713 0.727 0.732 0.738 0.771 0.800 0.801 0.812 1.000 0.990 0.946 0.935 0.922 0.889 0.859
     33       1.039    0.845 0.534      0.609 0.625 0.630 0.637 0.675 0.708 0.710 0.723 0.990 1.000 0.982 0.975 0.967 0.944 0.922
     34       1.387    0.932 0.363      0.446 0.464 0.470 0.478 0.522 0.561 0.562 0.578 0.946 0.982 1.000 1.000 0.998 0.989 0.979
     35       1.490    0.943 0.334      0.418 0.437 0.442 0.451 0.495 0.535 0.536 0.553 0.935 0.975 1.000 1.000 0.999 0.993 0.985
     36       1.638    0.954 0.300      0.386 0.404 0.410 0.419 0.464 0.504 0.506 0.523 0.922 0.967 0.998 0.999 1.000 0.997 0.990
     37       2.145    0.974 0.225      0.312 0.331 0.337 0.346 0.393 0.435 0.436 0.454 0.889 0.944 0.989 0.993 0.997 1.000 0.998
     38       2.887    0.986 0.165      0.254 0.273 0.279 0.288 0.336 0.379 0.381 0.399 0.859 0.922 0.979 0.985 0.990 0.998 1.000

  R CORE   ENERGY   A0R/A00=1.000    R3= 0     2  
   2( 1)    0.732                    1.000 0.000
   2( 2)  487.921                    0.000 1.000

  R CORE   ENERGY   A0R/A00=1.000    R3= 0     2  
   3( 1)  488.652                    0.000 1.000

  R CORE   ENERGY   A0R/A00=1.000    R3= 0     2     4  
   4( 1)    2.438                    1.000 0.000 0.000

  R CORE   ENERGY   A0R/A00=1.000    R3= 0     2     4  
   5( 1)  490.847                    0.000 1.000 0.000

  R CORE   ENERGY   A0R/A00=1.000    R3= 0     2     4     6  
   6( 1)    5.121                    1.000 0.000 0.000 0.000

  R CORE   ENERGY   A0R/A00=1.000    R3= 0     2     4     6  
   7( 1)  494.017                    0.000 1.000 0.000 0.000

          AXIAL SYMMETRY => K RESTRICTED TO OMEGA

                     K
     S.P. ORB#: 24  2.50
     S.P. ORB#: 25  2.50
     S.P. ORB#: 26  0.50
     S.P. ORB#: 27 -3.50
     S.P. ORB#: 28 -3.50
     S.P. ORB#: 29  4.50
     S.P. ORB#: 30  0.50
     S.P. ORB#: 31 -1.50
     S.P. ORB#: 32 -1.50
     S.P. ORB#: 33  2.50
     S.P. ORB#: 34  0.50
     S.P. ORB#: 35  0.50
     S.P. ORB#: 36 -1.50
     S.P. ORB#: 37  2.50
     S.P. ORB#: 38 -3.50
 

             ENERGY    K= OMEGA
 
 I=  1/2- (1)  1.746  26:-0.059
                      35:-0.998
 
 I=  1/2- (2)  3.204  30: 0.999
 
 I=  1/2- (3)  5.225  26: 0.998
                      35:-0.060
 
 I=  1/2- (4)  9.294  34:-1.000
 
 I=  1/2- (5)147.254  32: 1.000

             ENERGY    K= OMEGA
 
 I=  3/2- (1)  1.439  30: 0.186
                      31: 0.104
                      32: 0.973
                      35:-0.074
 
 I=  3/2- (2)  2.390  30: 0.168
                      31: 0.149
                      32:-0.122
                      35:-0.967

             ENERGY    K= OMEGA
 
 I=  5/2- (1)  1.514  26:-0.050
                      30: 0.136
                      31: 0.176
                      32:-0.430
                      33:-0.871
                      35: 0.056
 
 I=  5/2- (2)  2.068  30: 0.213
                      31:-0.169
                      32:-0.862
                      33: 0.422
                      35:-0.054
 
 I=  5/2- (3)  2.414  30:-0.168
                      31:-0.220
                      33:-0.131
                      35:-0.951
 
 I=  5/2- (4)  3.290  24: 0.073
                      26:-0.369
                      30: 0.437
                      31: 0.739
                      32: 0.070
                      33: 0.184
                      35:-0.285
 
 I=  5/2- (5)  4.521  24: 0.064
                      26: 0.074
                      30:-0.808
                      31: 0.513
                      32:-0.253
                      33: 0.097

             ENERGY    K= OMEGA
 
 I=  7/2- (1)  2.151  30: 0.186
                      31:-0.209
                      32: 0.519
                      33:-0.806
 
 I=  7/2- (2)  2.727  25:-0.075
                      26:-0.172
                      28: 0.097
                      30:-0.339
                      31:-0.305
                      32:-0.706
                      33:-0.458
                      35: 0.190
 
 I=  7/2- (3)  3.427  24: 0.059
                      25:-0.238
                      27:-0.125
                      28: 0.953
                      30: 0.067
                      32: 0.063
                      33: 0.054
                      35:-0.056
 
 I=  7/2- (4)  3.772  34: 0.728
                      36: 0.573
                      37: 0.348
                      38: 0.145
 
 I=  7/2- (5)  3.959  24: 0.053
                      26:-0.120
                      30:-0.156
                      31:-0.310
                      32: 0.318
                      33: 0.236
                      35: 0.839

             ENERGY    K= OMEGA
 
 I=  9/2- (1)  2.792  24: 0.059
                      25: 0.060
                      26:-0.157
                      27: 0.193
                      28: 0.081
                      29:-0.473
                      30: 0.259
                      31: 0.322
                      32:-0.404
                      33:-0.589
                      35: 0.144
 
 I=  9/2- (2)  2.930  26: 0.098
                      27: 0.217
                      28: 0.155
                      29:-0.809
                      30:-0.169
                      31:-0.187
                      32: 0.258
                      33: 0.349
                      35:-0.096
 
 I=  9/2- (3)  3.878  24: 0.082
                      25:-0.166
                      26:-0.065
                      27: 0.085
                      28:-0.291
                      30:-0.156
                      31: 0.339
                      32: 0.734
                      33:-0.292
                      35: 0.327
 
 I=  9/2- (4)  4.008  26: 0.126
                      28:-0.116
                      30:-0.312
                      31:-0.160
                      32: 0.092
                      33:-0.515
                      35:-0.755
 
 I=  9/2- (5)  4.344  24:-0.088
                      25: 0.280
                      27:-0.150
                      28: 0.855
                      29: 0.135
                      30:-0.134
                      31: 0.063
                      32: 0.261
                      33:-0.214
                      35: 0.071

             ENERGY    K= OMEGA
 
 I= 11/2- (1)  2.652  34: 0.688
                      36: 0.576
                      37: 0.395
                      38: 0.197
 
 I= 11/2- (2)  3.750  24: 0.124
                      25: 0.118
                      27:-0.385
                      28:-0.205
                      29:-0.811
                      30: 0.074
                      31:-0.133
                      32: 0.169
                      33:-0.265
 
 I= 11/2- (3)  4.107  27: 0.080
                      28: 0.086
                      29: 0.333
                      30: 0.270
                      31:-0.256
                      32: 0.543
                      33:-0.664
 
 I= 11/2- (4)  4.676  24: 0.094
                      25:-0.143
                      26:-0.278
                      27:-0.078
                      28: 0.226
                      30:-0.394
                      31:-0.420
                      32:-0.530
                      33:-0.413
                      35: 0.229
 
 I= 11/2- (5)  5.421  24:-0.115
                      25: 0.349
                      26:-0.107
                      27: 0.195
                      28:-0.844
                      29: 0.174
                      30:-0.169
                      31:-0.102
                      32:-0.095
                      33:-0.109
                      35: 0.114

             ENERGY    K= OMEGA
 
 I= 13/2- (1)  4.699  24: 0.151
                      25: 0.110
                      26:-0.225
                      27: 0.337
                      28: 0.143
                      29:-0.510
                      30: 0.293
                      31: 0.371
                      32:-0.308
                      33:-0.420
                      35: 0.160
 
 I= 13/2- (2)  4.899  34: 0.234
                      36:-0.583
                      37: 0.652
                      38:-0.425
 
 I= 13/2- (3)  5.044  24: 0.080
                      25: 0.098
                      26: 0.208
                      27: 0.308
                      28: 0.210
                      29:-0.651
                      30:-0.285
                      31:-0.299
                      32: 0.276
                      33: 0.324
                      35:-0.164
 
 I= 13/2- (4)  6.385  24: 0.172
                      25:-0.314
                      26:-0.094
                      27: 0.172
                      28:-0.534
                      29:-0.082
                      30:-0.108
                      31: 0.300
                      32: 0.599
                      33:-0.056
                      35: 0.280
 
 I= 13/2- (5)  6.624  25:-0.134
                      26: 0.153
                      27: 0.104
                      28:-0.319
                      30:-0.259
                      31:-0.115
                      32:-0.105
                      33:-0.568
                      35:-0.657

             ENERGY     K=-7/2
  32 LEVELS    TIME=  0.0 SEC



 ******************* EXCITATION ENERGIES, DOMINANT CONFIGURATION AND EXPECTATION VALUES (WITH S.P. UU+VV FACTORS) *******************

  NR  Eex(keV)  I   Kdom  NY    <Jz>  <Jx**2> <Jy**2> <Jz**2> <I.j>/|I|  <Rx**2> <Ry**2> <Rz**2> <R.j>/|R|  <HROTx> <HROTy> <HROTz>

   1    0.0   3/2-  -3/2  32   -1.42    1.57    1.57    2.17    1.44       1.74    1.74    0.00   -1.35      0.213   0.213   0.000
   2   74.6   5/2-   5/2  33    1.59    1.82    1.82    5.24    2.39       1.76    1.76    0.00   -0.98      0.214   0.214   0.000
   3  307.3   1/2-   1/2  35    0.50    1.23    1.23    0.25    0.83       1.01    1.01    0.00   -1.40      0.124   0.124   0.000
   4  628.6   5/2-  -3/2  32   -0.68    1.57    1.57    2.87    1.10       4.13    4.13    0.00   -0.96      0.504   0.504   0.000
   5  711.6   7/2-   5/2  33    1.17    1.95    1.95    4.80    2.00       4.30    4.30    0.00   -0.26      0.524   0.524   0.000
  
   6  950.7   3/2-   1/2  35    0.43    1.39    1.39    0.32   -0.09       3.60    3.60    0.00   -1.22      0.439   0.439   0.000
   7  975.4   5/2-   1/2  35    0.44    1.67    1.67    0.45    0.89       3.63    3.63    0.00   -0.43      0.443   0.443   0.000
   8 1213.0  11/2-   1/2  34   -0.01   27.92   27.92    2.32    7.16       4.12    4.12   -0.00   -5.34      0.503   0.503  -0.000
   9 1288.4   7/2-  -3/2  32   -0.30    1.82    1.82    2.87    1.39       5.61    5.61    0.00   -0.30      0.684   0.684   0.000
  10 1352.8   9/2-   5/2  33    1.39    2.91    2.91    7.90    2.94       4.59    4.59    0.00    0.31      0.560   0.560   0.000
  
  11 1490.8   9/2-   9/2  29    2.88    2.65    2.65   15.15    3.82       3.59    3.59    0.00   -0.54      0.437   0.437   0.000
  12 1765.3   1/2-   1/2  30    0.50    4.12    4.12    0.25    0.38       4.29    4.29    0.00   -2.78      0.523   0.523   0.000
  13 1851.1   5/2-  -3/2  31   -0.52    3.80    3.80    1.59    1.58       4.30    4.30    0.00   -1.54      0.524   0.524   0.000
  14 1988.2   7/2-  -7/2  28   -3.08    2.27    2.27   11.72    3.38       2.57    2.57    0.00   -1.25      0.314   0.314   0.000
  15 2310.6  11/2-   9/2  29    2.48    3.29    3.29   16.39    3.97       5.60    5.60    0.00    0.24      0.683   0.683   0.000
  
  16 2333.3   7/2-   1/2  34    0.00   28.04   28.04    1.88    7.04       8.94    8.94   -0.00   -7.11      1.090   1.090  -0.000
  17 2438.5   9/2-  -3/2  32   -0.93    1.72    1.72    3.38    1.18       9.89    9.89    0.00   -0.21      1.205   1.205   0.000
  18 2519.9   7/2-   1/2  35    0.22    1.93    1.93    1.02    0.08       9.98    9.98    0.00   -1.02      1.217   1.217   0.000
  19 2568.8   9/2-   1/2  35    0.91    2.18    2.18    2.11    1.08      10.24   10.24    0.00   -0.24      1.248   1.248   0.000
  20 2668.0  11/2-   5/2  33    1.05    2.24    2.24    6.00    1.95      11.45   11.45    0.00    0.25      1.396   1.396   0.000
  
  21 2905.1   9/2-  -7/2  28   -2.32    2.26    2.26   10.60    2.60       6.97    6.97    0.00   -0.58      0.850   0.850   0.000
  22 3081.8   5/2-   1/2  30   -0.13    4.17    4.17    0.99   -0.37      10.14   10.14    0.00   -2.32      1.236   1.236   0.000
  23 3236.9  11/2-  -3/2  32   -0.24    2.32    2.32    3.07    1.67      11.73   11.73    0.00    0.47      1.430   1.430   0.000
  24 3260.0  13/2-   9/2  29    0.96    3.88    3.88    8.79    3.20      10.30   10.30    0.00    1.28      1.255   1.255   0.000
  25 3460.3  13/2-   5/2  37   -0.05   26.96   26.96    5.65    6.09      11.62   11.62    0.00   -3.53      1.417   1.417   0.000
  
  26 3604.9  13/2-   9/2  29    1.55    3.42    3.42   11.45    3.14      11.60   11.60    0.00    0.75      1.414   1.414   0.000
  27 3786.2   1/2-   1/2  26    0.50    5.06    5.06    0.25    0.69       4.97    4.97    0.00   -3.10      0.606   0.606   0.000
  28 3981.5  11/2-  -7/2  28   -2.13    2.47    2.47   10.78    2.57      10.38   10.38    0.00   -0.08      1.265   1.265   0.000
  29 4946.3  13/2-  -3/2  32   -1.36    2.17    2.17    5.84    1.74      17.28   17.28    0.00    0.34      2.107   2.107   0.000
  30 5184.5  13/2-   1/2  35    0.68    2.19    2.19    3.70    1.15      20.40   20.40    0.00   -0.01      2.487   2.487   0.000
  
  31 7854.6   1/2-   1/2  34    0.50   28.43   28.43    0.25   -4.04      32.43   32.43    0.00   -7.53      3.953   3.953   0.000
  32*******   1/2-  -3/2  32    0.00    0.00    0.00    0.00   -0.00       0.00    0.00    0.00   -0.00      0.000   0.000   0.000
