1SPECTRUM OF (Z= 82 A=207) IN PARTICLE-ROTOR  MODEL WITH MODIFIED OSCILLATOR POTENTIAL


 PARITY=-   EPS= 0.235   GAMMA=  0.0   EPS4=0.000   EPS6=0.000   LEVELS:  27  28  29  30  31  32  33  34  35  36  37  38  39  40  40

 PAIRING FACTORS: GN0= 19.20  GN1=  7.40  IPAIR= 15 ***  E2PLUS(INPUT)=   0.730  E2PLUR(INPUT)=   0.000

 CORIOLIS ATTENUATION PARAMETERS:  CHSI=1.000  ETA=  1.00

 MOMENT OF INERTIA PARAMETERS:   A1=  0.122 MEV   A2=  0.122 MEV   A3=121.91924 MEV


 DELTA=0.939 MEV  LAMBDA=53.4511 MEV   HW0= 7.4594 MEV   LAMBDA/HW0= 7.1656

 E2ENERGY=0.730 MEV  HBAR**2/B=10240./A**(7/3)=1731.0/A**2 MEV

 IREC=0  =>  RECOIL TERMS j+j-, j+j+, jzjz, ETC TREATED AS ONE-BODY OPERATORS WITH UU+VV PAIRING FACTORS



 S. P. LEVEL   EQP       U     V        (UU + VV)**1.00

     27       3.460    0.137 0.991      1.000 0.996 0.994 0.991 0.987 0.666 0.564 0.537 0.491 0.397 0.379 0.308 0.257 0.244 0.244
     28       2.181    0.221 0.975      0.996 1.000 1.000 0.999 0.997 0.727 0.632 0.607 0.564 0.474 0.457 0.388 0.338 0.326 0.326
     29       1.963    0.247 0.969      0.994 1.000 1.000 1.000 0.999 0.745 0.653 0.628 0.586 0.498 0.480 0.413 0.363 0.351 0.351
     30       1.800    0.271 0.963      0.991 0.999 1.000 1.000 1.000 0.762 0.671 0.647 0.606 0.519 0.502 0.435 0.387 0.374 0.374
     31       1.672    0.294 0.956      0.987 0.997 0.999 1.000 1.000 0.777 0.689 0.665 0.625 0.539 0.523 0.457 0.408 0.396 0.396
     32       1.014    0.830 0.558      0.666 0.727 0.745 0.762 0.777 1.000 0.992 0.987 0.977 0.949 0.943 0.915 0.892 0.886 0.886
     33       1.178    0.895 0.445      0.564 0.632 0.653 0.671 0.689 0.992 1.000 0.999 0.996 0.982 0.978 0.959 0.943 0.938 0.938
     34       1.240    0.909 0.417      0.537 0.607 0.628 0.647 0.665 0.987 0.999 1.000 0.999 0.987 0.984 0.968 0.953 0.949 0.949
     35       1.374    0.930 0.368      0.491 0.564 0.586 0.606 0.625 0.977 0.996 0.999 1.000 0.994 0.992 0.980 0.968 0.964 0.964
     36       1.819    0.963 0.268      0.397 0.474 0.498 0.519 0.539 0.949 0.982 0.987 0.994 1.000 1.000 0.995 0.989 0.987 0.987
     37       1.947    0.968 0.249      0.379 0.457 0.480 0.502 0.523 0.943 0.978 0.984 0.992 1.000 1.000 0.997 0.992 0.990 0.990
     38       2.723    0.985 0.175      0.308 0.388 0.413 0.435 0.457 0.915 0.959 0.968 0.980 0.995 0.997 1.000 0.999 0.998 0.998
     39       3.874    0.993 0.122      0.257 0.338 0.363 0.387 0.408 0.892 0.943 0.953 0.968 0.989 0.992 0.999 1.000 1.000 1.000
     40       4.343    0.994 0.109      0.244 0.326 0.351 0.374 0.396 0.886 0.938 0.949 0.964 0.987 0.990 0.998 1.000 1.000 1.000
     40       4.343    0.994 0.109      0.244 0.326 0.351 0.374 0.396 0.886 0.938 0.949 0.964 0.987 0.990 0.998 1.000 1.000 1.000

  R CORE   ENERGY   A0R/A00=1.000    R3= 0     2  
   2( 1)    0.732                    1.000 0.000
   2( 2)  487.921                    0.000 1.000

  R CORE   ENERGY   A0R/A00=1.000    R3= 0     2  
   3( 1)  488.652                    0.000 1.000

  R CORE   ENERGY   A0R/A00=1.000    R3= 0     2     4  
   4( 1)    2.438                    1.000 0.000 0.000

  R CORE   ENERGY   A0R/A00=1.000    R3= 0     2     4  
   5( 1)  490.847                    0.000 1.000 0.000

  R CORE   ENERGY   A0R/A00=1.000    R3= 0     2     4     6  
   6( 1)    5.121                    1.000 0.000 0.000 0.000

  R CORE   ENERGY   A0R/A00=1.000    R3= 0     2     4     6  
   7( 1)  494.017                    0.000 1.000 0.000 0.000

          AXIAL SYMMETRY => K RESTRICTED TO OMEGA

                     K
     S.P. ORB#: 27 -3.50
     S.P. ORB#: 28 -3.50
     S.P. ORB#: 29  0.50
     S.P. ORB#: 30 -1.50
     S.P. ORB#: 31  4.50
     S.P. ORB#: 32  0.50
     S.P. ORB#: 33 -1.50
     S.P. ORB#: 34 -1.50
     S.P. ORB#: 35  2.50
     S.P. ORB#: 36  2.50
     S.P. ORB#: 37  0.50
     S.P. ORB#: 38 -3.50
     S.P. ORB#: 39  4.50
     S.P. ORB#: 40  0.50
     S.P. ORB#: 40  0.50
 

             ENERGY    K= OMEGA
 
 I=  1/2- (1)  2.240  37:-0.999
 
 I=  1/2- (2)  3.075  29: 0.999
 
 I=  1/2- (3)  4.404  40:-0.707
                      40: 0.707
 
 I=  1/2- (4)  7.459  32: 0.905
                      40:-0.300
                      40:-0.300
 
 I=  1/2- (5) 13.722  32:-0.425
                      40:-0.640
                      40:-0.640

             ENERGY    K= OMEGA
 
 I=  3/2- (1)  1.698  29:-0.173
                      30:-0.087
                      33:-0.979
                      37: 0.068
 
 I=  3/2- (2)  2.808  29:-0.147
                      30:-0.457
                      33: 0.127
                      37: 0.868

             ENERGY    K= OMEGA
 
 I=  5/2- (1)  1.868  29: 0.138
                      30: 0.172
                      33:-0.483
                      35:-0.846
 
 I=  5/2- (2)  2.358  29: 0.196
                      30:-0.194
                      33:-0.837
                      35: 0.467
                      37:-0.071
 
 I=  5/2- (3)  2.847  29:-0.246
                      30:-0.328
                      35:-0.160
                      37:-0.898
 
 I=  5/2- (4)  3.684  29:-0.377
                      30:-0.801
                      35:-0.179
                      37: 0.428
 
 I=  5/2- (5)  4.390  29: 0.860
                      30:-0.428
                      33: 0.253
                      35:-0.095
                      37:-0.061

             ENERGY    K= OMEGA
 
 I=  7/2- (1)  2.498  28: 0.052
                      29: 0.202
                      30:-0.229
                      33: 0.541
                      35:-0.780
 
 I=  7/2- (2)  3.119  27: 0.122
                      28:-0.902
                      29: 0.127
                      30: 0.086
                      33: 0.336
                      35: 0.175
                      37:-0.072
 
 I=  7/2- (3)  3.182  28: 0.412
                      29: 0.247
                      30: 0.249
                      33: 0.666
                      35: 0.485
                      37:-0.166
 
 I=  7/2- (4)  3.279  32:-0.754
                      34:-0.550
                      36:-0.319
                      38:-0.125
                      40: 0.074
                      40: 0.074
 
 I=  7/2- (5)  4.324  29: 0.290
                      30:-0.752
                      33: 0.054
                      35: 0.321
                      37: 0.492

             ENERGY    K= OMEGA
 
 I=  9/2- (1)  2.469  27: 0.245
                      28: 0.129
                      31:-0.960
 
 I=  9/2- (2)  3.341  28: 0.061
                      29:-0.252
                      30:-0.307
                      33: 0.529
                      35: 0.731
                      37:-0.142
 
 I=  9/2- (3)  4.224  27: 0.159
                      28:-0.858
                      29:-0.141
                      30: 0.113
                      31:-0.071
                      33: 0.397
                      35:-0.202
 
 I=  9/2- (4)  4.299  27: 0.052
                      28:-0.451
                      29: 0.128
                      30:-0.342
                      31:-0.057
                      33:-0.647
                      35: 0.338
                      37:-0.351
 
 I=  9/2- (5)  4.379  32:-0.223
                      34: 0.552
                      36:-0.621
                      38: 0.461
                      39:-0.219

             ENERGY    K= OMEGA
 
 I= 11/2- (1)  2.259  32:-0.672
                      34:-0.568
                      36:-0.402
                      38:-0.233
                      39:-0.099
 
 I= 11/2- (2)  3.487  27: 0.329
                      28: 0.161
                      31: 0.929
                      35: 0.057
 
 I= 11/2- (3)  4.457  28:-0.069
                      29:-0.285
                      30: 0.309
                      31:-0.062
                      33:-0.563
                      35: 0.704
 
 I= 11/2- (4)  5.473  27:-0.109
                      28: 0.397
                      29:-0.324
                      30:-0.294
                      33:-0.613
                      35:-0.456
                      37: 0.234
 
 I= 11/2- (5)  5.622  27: 0.161
                      28:-0.888
                      29:-0.114
                      30:-0.189
                      31: 0.109
                      33:-0.232
                      35:-0.238
                      37: 0.119

             ENERGY    K= OMEGA
 
 I= 13/2- (1)  4.033  32: 0.191
                      34:-0.499
                      36: 0.609
                      38:-0.512
                      39: 0.285
 
 I= 13/2- (2)  4.739  27: 0.384
                      28: 0.176
                      31:-0.903
                      35:-0.072
 
 I= 13/2- (3)  5.731  28: 0.068
                      29:-0.322
                      30:-0.378
                      31:-0.079
                      33: 0.516
                      35: 0.655
                      37:-0.218
 
 I= 13/2- (4)  7.029  30:-0.367
                      33:-0.553
                      37:-0.746
 
 I= 13/2- (5)  7.121  27: 0.191
                      28:-0.755
                      29:-0.271
                      30: 0.070
                      33: 0.351
                      35:-0.368
                      37:-0.233

             ENERGY     K= 1/2
  32 LEVELS    TIME=  0.0 SEC



 ******************* EXCITATION ENERGIES, DOMINANT CONFIGURATION AND EXPECTATION VALUES (WITH S.P. UU+VV FACTORS) *******************

  NR  Eex(keV)  I   Kdom  NY    <Jz>  <Jx**2> <Jy**2> <Jz**2> <I.j>/|I|  <Rx**2> <Ry**2> <Rz**2> <R.j>/|R|  <HROTx> <HROTy> <HROTz>

   1    0.0   3/2-  -3/2  33   -1.43    1.65    1.65    2.18    1.35       2.01    2.01   -0.00   -1.44      0.244   0.244  -0.000
   2  169.8   5/2-   5/2  35    1.41    1.87    1.87    5.07    2.26       2.11    2.11    0.00   -1.04      0.257   0.257   0.000
   3  542.2   1/2-   1/2  37    0.50    1.42    1.42    0.25    0.83       1.20    1.20    0.00   -1.53      0.147   0.147   0.000
   4  561.0  11/2-   1/2  32    0.00   27.01   27.01    2.71    7.10       3.78    3.78   -0.00   -5.19      0.461   0.461  -0.007
   5  659.7   5/2-  -3/2  33   -0.54    1.66    1.66    3.03    1.06       4.43    4.43    0.00   -1.09      0.540   0.540   0.000
  
   6  771.1   9/2-   9/2  31    3.88    2.57    2.57   19.61    4.41       2.80    2.80    0.00   -1.19      0.341   0.341   0.000
   7  799.5   7/2-   5/2  35    1.01    2.04    2.04    4.65    1.92       4.63    4.63    0.00   -0.37      0.564   0.564   0.000
   8 1109.4   3/2-   1/2  37    0.05    2.05    2.05    0.70    0.30       3.70    3.70   -0.00   -1.56      0.452   0.452  -0.000
   9 1149.0   5/2-   1/2  37    0.34    2.00    2.00    0.62    0.97       3.81    3.81    0.00   -0.63      0.465   0.465   0.000
  10 1376.5   1/2-   1/2  29    0.50    4.24    4.24    0.25    0.21       4.56    4.56   -0.00   -2.83      0.556   0.556  -0.000
  
  11 1420.4   7/2-  -7/2  28   -2.99    1.99    1.99   10.61    2.72       4.36    4.36    0.00   -1.28      0.532   0.532   0.000
  12 1483.5   7/2-  -3/2  33   -0.72    1.84    1.84    4.71    1.31       6.89    6.89    0.00   -0.86      0.839   0.839   0.000
  13 1581.2   7/2-   1/2  32    0.04   25.62   25.62    1.66    6.53       8.41    8.41   -0.00   -6.58      1.026   1.026  -0.336
  14 1643.2   9/2-   5/2  35    0.81    2.26    2.26    4.31    1.79       7.90    7.90    0.00    0.01      0.963   0.963   0.000
  15 1789.1  11/2-   9/2  31    3.42    2.80    2.80   19.12    3.95       6.60    6.60    0.00   -0.30      0.805   0.805   0.000
  
  16 1985.8   5/2-  -3/2  30   -0.72    3.50    3.50    1.73    0.39       7.58    7.58   -0.00   -1.94      0.924   0.924  -0.000
  17 2334.3  13/2-   5/2  36    0.02   25.64   25.64    7.75    6.55       8.13    8.13   -0.00   -3.29      0.991   0.991  -0.002
  18 2525.3   9/2-  -7/2  28   -2.78    1.94    1.94   10.07    2.07       9.08    9.08    0.00   -0.86      1.107   1.107   0.000
  19 2601.1   9/2-  -3/2  33   -1.16    1.78    1.78    4.55    1.07      11.10   11.10    0.00   -0.59      1.353   1.353   0.000
  20 2625.4   7/2-  -3/2  30   -0.44    3.39    3.39    2.03    0.49      10.32   10.32   -0.00   -1.51      1.259   1.259  -0.000
  
  21 2680.4   9/2-   5/2  36    0.00   25.94   25.94    6.67    6.32      10.20   10.20   -0.00   -6.00      1.243   1.243  -0.000
  22 2691.5   5/2-   1/2  29    0.02    4.15    4.15    0.80   -0.47      10.30   10.30   -0.00   -2.31      1.256   1.256  -0.000
  23 2705.4   1/2-   1/2  40    0.00    0.00    0.00    0.00    0.00       0.25    0.25    0.25   -0.00      0.030   0.030  30.480
  24 2758.9  11/2-   5/2  35    0.66    2.31    2.31    4.20    1.64      12.50   12.50    0.00    0.19      1.525   1.525   0.000
  25 3040.4  13/2-   9/2  31    3.06    2.98    2.98   18.73    3.62      11.44   11.44    0.00    0.12      1.395   1.395   0.000
  
  26 3774.4  11/2-  -3/2  33   -0.69    1.94    1.94    4.46    1.02      15.96   15.96    0.00   -0.40      1.945   1.945   0.000
  27 3924.2  11/2-  -7/2  28   -2.78    2.00    2.00   10.78    1.80      14.49   14.49    0.00   -0.75      1.767   1.767   0.000
  28 4033.1  13/2-   5/2  35    0.54    2.54    2.54    3.83    1.63      17.45   17.45    0.00    0.42      2.127   2.127   0.000
  29 5330.9  13/2-   1/2  37   -0.38    1.64    1.64    1.15    0.67      21.89   21.89   -0.00    0.04      2.669   2.669  -0.000
  30 5422.8  13/2-  -7/2  28   -1.90    2.04    2.04    8.64    1.37      21.16   21.16    0.00   -0.48      2.579   2.579   0.000
  
  31 5760.8   1/2-   1/2  32    0.59   20.48   20.48    0.30   -3.40      23.97   23.97   -0.05   -6.39      2.922   2.922  -5.494
  3212024.2   1/2-   1/2  40    0.91   35.64   35.64    0.45   -5.30      40.93   40.93   -0.20   -8.45      4.990   4.990 -24.985
