1SPECTRUM OF (Z= 82 A=207) IN PARTICLE-ROTOR  MODEL WITH MODIFIED OSCILLATOR POTENTIAL


 PARITY=-   EPS= 0.290   GAMMA=  0.0   EPS4=0.000   EPS6=0.000   LEVELS:  24  25  26  27  28  29  30  31  32  33  34  35  36  37  38

 PAIRING FACTORS: GN0= 19.20  GN1=  7.40  IPAIR= 15 ***  E2PLUS(INPUT)=   0.730  E2PLUR(INPUT)=   0.000

 CORIOLIS ATTENUATION PARAMETERS:  CHSI=1.000  ETA=  1.00

 MOMENT OF INERTIA PARAMETERS:   A1=  0.122 MEV   A2=  0.122 MEV   A3=121.91925 MEV


 DELTA=0.951 MEV  LAMBDA=53.2950 MEV   HW0= 7.4861 MEV   LAMBDA/HW0= 7.1192

 E2ENERGY=0.730 MEV  HBAR**2/B=15594./A**(7/3)=2636.1/A**2 MEV

 IREC=0  =>  RECOIL TERMS j+j-, j+j+, jzjz, ETC TREATED AS ONE-BODY OPERATORS WITH UU+VV PAIRING FACTORS



 S. P. LEVEL   EQP       U     V        (UU + VV)**1.00

     24       5.045    0.095 0.996      1.000 1.000 0.999 0.997 0.972 0.962 0.957 0.907 0.877 0.742 0.435 0.344 0.313 0.278 0.262
     25       4.115    0.116 0.993      1.000 1.000 1.000 0.999 0.977 0.968 0.963 0.916 0.887 0.756 0.455 0.364 0.333 0.299 0.283
     26       3.474    0.138 0.990      0.999 1.000 1.000 1.000 0.982 0.973 0.969 0.925 0.897 0.771 0.474 0.385 0.354 0.320 0.304
     27       2.921    0.165 0.986      0.997 0.999 1.000 1.000 0.987 0.979 0.975 0.935 0.909 0.788 0.498 0.409 0.379 0.346 0.330
     28       1.552    0.324 0.946      0.972 0.977 0.982 0.987 1.000 0.999 0.998 0.980 0.965 0.878 0.633 0.553 0.525 0.495 0.480
     29       1.404    0.364 0.932      0.962 0.968 0.973 0.979 0.999 1.000 1.000 0.988 0.975 0.897 0.665 0.588 0.561 0.531 0.516
     30       1.357    0.379 0.926      0.957 0.963 0.969 0.975 0.998 1.000 1.000 0.990 0.978 0.904 0.677 0.601 0.574 0.544 0.530
     31       1.092    0.504 0.863      0.907 0.916 0.925 0.935 0.980 0.988 0.990 1.000 0.998 0.955 0.773 0.707 0.683 0.656 0.644
     32       1.023    0.562 0.827      0.877 0.887 0.897 0.909 0.965 0.975 0.978 0.998 1.000 0.973 0.815 0.753 0.731 0.706 0.694
     33       0.955    0.738 0.675      0.742 0.756 0.771 0.788 0.878 0.897 0.904 0.955 0.973 1.000 0.927 0.885 0.869 0.851 0.842
     34       1.458    0.938 0.348      0.435 0.455 0.474 0.498 0.633 0.665 0.677 0.773 0.815 0.927 1.000 0.995 0.991 0.986 0.983
     35       1.942    0.967 0.253      0.344 0.364 0.385 0.409 0.553 0.588 0.601 0.707 0.753 0.885 0.995 1.000 0.999 0.998 0.996
     36       2.204    0.975 0.221      0.313 0.333 0.354 0.379 0.525 0.561 0.574 0.683 0.731 0.869 0.991 0.999 1.000 0.999 0.999
     37       2.599    0.982 0.186      0.278 0.299 0.320 0.346 0.495 0.531 0.544 0.656 0.706 0.851 0.986 0.998 0.999 1.000 1.000
     38       2.845    0.986 0.170      0.262 0.283 0.304 0.330 0.480 0.516 0.530 0.644 0.694 0.842 0.983 0.996 0.999 1.000 1.000

  R CORE   ENERGY   A0R/A00=1.000    R3= 0     2  
   2( 1)    0.732                    1.000 0.000
   2( 2)  487.921                    0.000 1.000

  R CORE   ENERGY   A0R/A00=1.000    R3= 0     2  
   3( 1)  488.652                    0.000 1.000

  R CORE   ENERGY   A0R/A00=1.000    R3= 0     2     4  
   4( 1)    2.438                    1.000 0.000 0.000

  R CORE   ENERGY   A0R/A00=1.000    R3= 0     2     4  
   5( 1)  490.847                    0.000 1.000 0.000

  R CORE   ENERGY   A0R/A00=1.000    R3= 0     2     4     6  
   6( 1)    5.121                    1.000 0.000 0.000 0.000

  R CORE   ENERGY   A0R/A00=1.000    R3= 0     2     4     6  
   7( 1)  494.017                    0.000 1.000 0.000 0.000

          AXIAL SYMMETRY => K RESTRICTED TO OMEGA

                     K
     S.P. ORB#: 24  2.50
     S.P. ORB#: 25  0.50
     S.P. ORB#: 26  2.50
     S.P. ORB#: 27 -3.50
     S.P. ORB#: 28  0.50
     S.P. ORB#: 29 -1.50
     S.P. ORB#: 30 -3.50
     S.P. ORB#: 31  0.50
     S.P. ORB#: 32  4.50
     S.P. ORB#: 33 -1.50
     S.P. ORB#: 34  2.50
     S.P. ORB#: 35 -1.50
     S.P. ORB#: 36  2.50
     S.P. ORB#: 37 -3.50
     S.P. ORB#: 38  0.50
 

             ENERGY    K= OMEGA
 
 I=  1/2- (1)  2.734  28:-0.995
                      38:-0.088
 
 I=  1/2- (2)  3.165  25:-0.067
                      28: 0.086
                      38:-0.994
 
 I=  1/2- (3)  5.598  25: 0.997
                      38:-0.063
 
 I=  1/2- (4)  8.111  31:-1.000
 
 I=  1/2- (5)147.258  33: 1.000

             ENERGY    K= OMEGA
 
 I=  3/2- (1)  2.363  25: 0.128
                      28: 0.430
                      29: 0.311
                      35: 0.829
                      38:-0.119
 
 I=  3/2- (2)  2.595  25: 0.057
                      28:-0.358
                      29: 0.915
                      35:-0.172

             ENERGY    K= OMEGA
 
 I=  5/2- (1)  2.446  25: 0.207
                      28:-0.377
                      29:-0.613
                      35: 0.297
                      36: 0.575
                      38:-0.141
 
 I=  5/2- (2)  2.962  24:-0.061
                      25: 0.130
                      26:-0.061
                      29:-0.538
                      35:-0.768
                      36:-0.253
                      38:-0.179
 
 I=  5/2- (3)  3.096  25:-0.143
                      28: 0.500
                      29: 0.130
                      35:-0.375
                      36: 0.745
                      38: 0.129
 
 I=  5/2- (4)  3.968  25: 0.129
                      28: 0.205
                      29:-0.354
                      35: 0.123
                      36:-0.140
                      38: 0.882
 
 I=  5/2- (5)  4.155  25: 0.123
                      28:-0.719
                      29: 0.359
                      35:-0.404
                      36: 0.171
                      38: 0.379

             ENERGY    K= OMEGA
 
 I=  7/2- (1)  2.116  26:-0.213
                      27: 0.076
                      30: 0.972
 
 I=  7/2- (2)  3.141  24: 0.066
                      25:-0.058
                      27:-0.091
                      28: 0.274
                      29:-0.550
                      35: 0.385
                      36:-0.675
 
 I=  7/2- (3)  3.237  31:-0.735
                      33:-0.574
                      34:-0.336
                      37:-0.133
 
 I=  7/2- (4)  3.342  24:-0.069
                      25: 0.294
                      28: 0.572
                      29: 0.463
                      30:-0.052
                      35: 0.552
                      36: 0.123
                      38:-0.204
 
 I=  7/2- (5)  4.174  24:-0.145
                      27: 0.138
                      28:-0.524
                      29: 0.551
                      35: 0.186
                      36:-0.587

             ENERGY    K= OMEGA
 
 I=  9/2- (1)  1.830  24: 0.058
                      26:-0.059
                      27: 0.247
                      30:-0.173
                      32:-0.949
 
 I=  9/2- (2)  3.012  24:-0.071
                      25: 0.050
                      26:-0.289
                      27:-0.126
                      28:-0.051
                      29:-0.122
                      30:-0.920
                      32: 0.144
                      36: 0.084
 
 I=  9/2- (3)  3.418  24: 0.090
                      25:-0.336
                      27: 0.057
                      28: 0.448
                      29: 0.634
                      30:-0.154
                      32: 0.075
                      35:-0.249
                      36:-0.382
                      38: 0.185
 
 I=  9/2- (4)  4.470  31: 0.243
                      33:-0.604
                      34: 0.647
                      37:-0.396
 
 I=  9/2- (5)  4.699  24: 0.099
                      25:-0.160
                      26: 0.064
                      29: 0.385
                      30:-0.060
                      35: 0.749
                      36: 0.434
                      38: 0.241

             ENERGY    K= OMEGA
 
 I= 11/2- (1)  2.453  31:-0.694
                      33:-0.575
                      34:-0.389
                      37:-0.192
 
 I= 11/2- (2)  2.813  24: 0.102
                      26:-0.097
                      27:-0.347
                      30: 0.226
                      32:-0.898
 
 I= 11/2- (3)  4.127  24: 0.103
                      26: 0.340
                      27:-0.168
                      29:-0.131
                      30:-0.886
                      32:-0.176
                      36:-0.093
 
 I= 11/2- (4)  4.974  24:-0.142
                      25: 0.166
                      26: 0.066
                      27: 0.114
                      28:-0.148
                      29: 0.665
                      30:-0.140
                      32:-0.148
                      35:-0.271
                      36: 0.592
                      38:-0.074
 
 I= 11/2- (5)  5.156  24:-0.061
                      25: 0.342
                      28: 0.670
                      29: 0.278
                      30:-0.100
                      35: 0.542
                      36:-0.069
                      38:-0.208

             ENERGY    K= OMEGA
 
 I= 13/2- (1)  3.989  24: 0.147
                      26:-0.124
                      27: 0.418
                      29: 0.069
                      30:-0.249
                      32:-0.847
 
 I= 13/2- (2)  4.674  31:-0.229
                      33: 0.582
                      34:-0.655
                      37: 0.423
 
 I= 13/2- (3)  5.201  24:-0.146
                      25: 0.370
                      26:-0.167
                      27:-0.109
                      28:-0.409
                      29:-0.585
                      30:-0.379
                      35: 0.164
                      36: 0.297
                      38:-0.178
 
 I= 13/2- (4)  5.553  24: 0.053
                      25: 0.182
                      26: 0.343
                      27: 0.155
                      28:-0.235
                      29:-0.229
                      30: 0.783
                      32:-0.239
                      35: 0.159
                      36: 0.103
                      38:-0.087
 
 I= 13/2- (5)  7.403  24:-0.105
                      25: 0.167
                      26:-0.051
                      29:-0.296
                      30: 0.088
                      35:-0.734
                      36:-0.495
                      38:-0.276

             ENERGY     K= 1/2
  32 LEVELS    TIME=  0.0 SEC



 ******************* EXCITATION ENERGIES, DOMINANT CONFIGURATION AND EXPECTATION VALUES (WITH S.P. UU+VV FACTORS) *******************

  NR  Eex(keV)  I   Kdom  NY    <Jz>  <Jx**2> <Jy**2> <Jz**2> <I.j>/|I|  <Rx**2> <Ry**2> <Rz**2> <R.j>/|R|  <HROTx> <HROTy> <HROTz>

   1    0.0   9/2-   9/2  32    3.76    2.65    2.65   19.42    4.43       2.70    2.70    0.00   -1.15      0.329   0.329   0.000
   2  286.2   7/2-  -7/2  30   -3.21    2.29    2.29   11.95    3.40       2.66    2.66   -0.00   -1.32      0.324   0.324  -0.000
   3  533.3   3/2-  -3/2  35   -1.07    2.26    2.26    1.82    1.55       2.04    2.04    0.00   -1.65      0.248   0.248   0.000
   4  616.4   5/2-  -3/2  29    0.24    3.73    3.73    3.17    2.50       2.30    2.30    0.00   -1.51      0.281   0.281   0.000
   5  623.4  11/2-   1/2  31   -0.01   25.35   25.35    2.26    6.53       5.31    5.31    0.00   -4.27      0.648   0.648   0.000
  
   6  765.2   3/2-  -3/2  29   -1.23    4.62    4.62    1.98    1.44       4.70    4.70   -0.00   -2.75      0.573   0.573  -0.000
   7  903.7   1/2-   1/2  28    0.50    4.61    4.61    0.25    0.37       4.79    4.79    0.00   -2.96      0.584   0.584   0.000
   8  982.9  11/2-   9/2  32    3.08    3.03    3.03   18.57    4.04       6.06    6.06    0.00   -0.14      0.739   0.739   0.000
   9 1132.3   5/2-  -3/2  35   -1.11    2.27    2.27    2.44    1.17       4.42    4.42    0.00   -1.19      0.538   0.538   0.000
  10 1181.6   9/2-  -7/2  30   -2.71    2.43    2.43   11.62    2.97       5.85    5.85   -0.00   -0.50      0.713   0.713  -0.000
  
  11 1266.4   5/2-   5/2  36    1.30    2.75    2.75    3.90    1.61       4.32    4.32    0.00   -1.58      0.526   0.526   0.000
  12 1311.2   7/2-   5/2  36    0.48    3.14    3.14    4.03    2.00       5.10    5.10    0.00   -0.75      0.622   0.622   0.000
  13 1335.3   1/2-   1/2  38    0.50    1.44    1.44    0.25    0.71       1.33    1.33    0.00   -1.55      0.162   0.162   0.000
  14 1407.3   7/2-   1/2  31   -0.00   25.35   25.35    1.80    6.41       8.70    8.70    0.00   -6.49      1.061   1.061   0.000
  15 1512.2   7/2-   1/2  28   -0.51    3.21    3.21    1.48    1.54       5.72    5.72    0.00   -0.53      0.698   0.698   0.000
  
  16 1587.6   9/2-  -3/2  29   -0.20    4.56    4.56    2.55    2.47       5.92    5.92   -0.00    0.18      0.722   0.722  -0.000
  17 2137.8   5/2-   1/2  38    0.26    2.04    2.04    0.66    0.40       5.57    5.57    0.00   -1.07      0.679   0.679   0.000
  18 2158.6  13/2-   9/2  32    2.49    3.42    3.42   17.67    3.79      10.17   10.17    0.00    0.43      1.240   1.240   0.000
  19 2296.5  11/2-  -7/2  30   -2.40    2.53    2.53   11.47    2.70      10.00   10.00   -0.00   -0.09      1.219   1.219  -0.000
  20 2325.0   5/2-   1/2  28   -0.02    3.67    3.67    1.03   -0.30       9.46    9.46    0.00   -2.13      1.153   1.153   0.000
  
  21 2344.0   7/2-   5/2  36    0.48    3.37    3.37    3.37    0.85       9.54    9.54    0.00   -1.54      1.163   1.163   0.000
  22 2640.2   9/2-   5/2  34   -0.02   25.35   25.35    5.38    5.62      12.46   12.46    0.00   -5.63      1.519   1.519   0.000
  23 2843.8  13/2-   5/2  34   -0.04   25.31   25.31    5.65    5.64      13.13   13.13    0.00   -3.30      1.600   1.600   0.000
  24 2869.2   9/2-  -3/2  35   -0.53    2.06    2.06    2.94    1.02      10.85   10.85    0.00   -0.43      1.322   1.322   0.000
  25 3143.7  11/2-  -3/2  29    0.18    3.75    3.75    4.36    1.87      12.59   12.59    0.00   -0.13      1.535   1.535   0.000
  
  26 3326.0  11/2-   1/2  28   -0.26    3.28    3.28    1.20    1.49      12.85   12.85    0.00    0.23      1.566   1.566   0.000
  27 3371.2  13/2-  -3/2  29   -0.58    4.49    4.49    3.72    2.57      12.81   12.81   -0.00    1.03      1.562   1.562  -0.000
  28 3722.5  13/2-  -7/2  30   -1.71    3.00    3.00    9.99    2.42      15.49   15.49   -0.00    0.16      1.889   1.889  -0.000
  29 3767.5   1/2-   1/2  25    0.50    6.21    6.21    0.25    0.68       6.12    6.12   -0.00   -3.45      0.746   0.746  -0.000
  30 5572.6  13/2-  -3/2  35   -0.26    1.96    1.96    3.19    0.90      21.66   21.66    0.00   -0.13      2.641   2.641   0.000
  
  31 6281.0   1/2-   1/2  31    0.50   25.06   25.06    0.25   -3.72      28.79   28.79    0.00   -7.06      3.509   3.509   0.000
  32*******   1/2-  -3/2  33    0.00    0.00    0.00    0.00   -0.00       0.00    0.00   -0.00   -0.00      0.000   0.000  -0.000
