1SPECTRUM OF (Z= 82 A=207) IN PARTICLE-ROTOR  MODEL WITH MODIFIED OSCILLATOR POTENTIAL


 PARITY=-   EPS= 0.247   GAMMA=  0.0   EPS4=0.000   EPS6=0.000   LEVELS:  25  26  27  28  29  30  31  32  33  34  35  36  37  38  39

 PAIRING FACTORS: GN0= 19.20  GN1=  7.40  IPAIR= 15 ***  E2PLUS(INPUT)=   0.730  E2PLUR(INPUT)=   0.000

 CORIOLIS ATTENUATION PARAMETERS:  CHSI=1.000  ETA=  1.00

 MOMENT OF INERTIA PARAMETERS:   A1=  0.122 MEV   A2=  0.122 MEV   A3=121.91924 MEV


 DELTA=0.937 MEV  LAMBDA=53.4139 MEV   HW0= 7.4647 MEV   LAMBDA/HW0= 7.1556

 E2ENERGY=0.730 MEV  HBAR**2/B=11312./A**(7/3)=1912.3/A**2 MEV

 IREC=0  =>  RECOIL TERMS j+j-, j+j+, jzjz, ETC TREATED AS ONE-BODY OPERATORS WITH UU+VV PAIRING FACTORS



 S. P. LEVEL   EQP       U     V        (UU + VV)**1.00

     25       4.135    0.114 0.993      1.000 1.000 1.000 0.991 0.989 0.985 0.975 0.716 0.559 0.489 0.428 0.389 0.335 0.288 0.233
     26       3.887    0.121 0.993      1.000 1.000 1.000 0.992 0.990 0.986 0.977 0.721 0.565 0.495 0.435 0.396 0.342 0.295 0.240
     27       3.341    0.142 0.990      1.000 1.000 1.000 0.995 0.993 0.989 0.981 0.735 0.582 0.513 0.453 0.414 0.361 0.314 0.260
     28       1.986    0.243 0.970      0.991 0.992 0.995 1.000 1.000 0.999 0.996 0.801 0.663 0.599 0.543 0.506 0.456 0.411 0.358
     29       1.870    0.260 0.966      0.989 0.990 0.993 1.000 1.000 1.000 0.997 0.811 0.676 0.612 0.557 0.521 0.471 0.426 0.374
     30       1.709    0.286 0.958      0.985 0.986 0.989 0.999 1.000 1.000 0.999 0.827 0.696 0.634 0.580 0.544 0.495 0.451 0.400
     31       1.495    0.332 0.943      0.975 0.977 0.981 0.996 0.997 0.999 1.000 0.853 0.730 0.671 0.619 0.584 0.536 0.494 0.444
     32       0.957    0.775 0.632      0.716 0.721 0.735 0.801 0.811 0.827 0.853 1.000 0.979 0.959 0.938 0.922 0.898 0.875 0.846
     33       1.145    0.887 0.461      0.559 0.565 0.582 0.663 0.676 0.696 0.730 0.979 1.000 0.997 0.989 0.981 0.968 0.955 0.936
     34       1.315    0.922 0.386      0.489 0.495 0.513 0.599 0.612 0.634 0.671 0.959 0.997 1.000 0.998 0.994 0.986 0.976 0.962
     35       1.535    0.947 0.322      0.428 0.435 0.453 0.543 0.557 0.580 0.619 0.938 0.989 0.998 1.000 0.999 0.995 0.989 0.979
     36       1.737    0.960 0.281      0.389 0.396 0.414 0.506 0.521 0.544 0.584 0.922 0.981 0.994 0.999 1.000 0.998 0.994 0.987
     37       2.133    0.974 0.225      0.335 0.342 0.361 0.456 0.471 0.495 0.536 0.898 0.968 0.986 0.995 0.998 1.000 0.999 0.994
     38       2.696    0.984 0.177      0.288 0.295 0.314 0.411 0.426 0.451 0.494 0.875 0.955 0.976 0.989 0.994 0.999 1.000 0.998
     39       3.918    0.993 0.120      0.233 0.240 0.260 0.358 0.374 0.400 0.444 0.846 0.936 0.962 0.979 0.987 0.994 0.998 1.000

  R CORE   ENERGY   A0R/A00=1.000    R3= 0     2  
   2( 1)    0.732                    1.000 0.000
   2( 2)  487.921                    0.000 1.000

  R CORE   ENERGY   A0R/A00=1.000    R3= 0     2  
   3( 1)  488.652                    0.000 1.000

  R CORE   ENERGY   A0R/A00=1.000    R3= 0     2     4  
   4( 1)    2.438                    1.000 0.000 0.000

  R CORE   ENERGY   A0R/A00=1.000    R3= 0     2     4  
   5( 1)  490.847                    0.000 1.000 0.000

  R CORE   ENERGY   A0R/A00=1.000    R3= 0     2     4     6  
   6( 1)    5.121                    1.000 0.000 0.000 0.000

  R CORE   ENERGY   A0R/A00=1.000    R3= 0     2     4     6  
   7( 1)  494.017                    0.000 1.000 0.000 0.000

          AXIAL SYMMETRY => K RESTRICTED TO OMEGA

                     K
     S.P. ORB#: 25  0.50
     S.P. ORB#: 26  2.50
     S.P. ORB#: 27 -3.50
     S.P. ORB#: 28 -3.50
     S.P. ORB#: 29  0.50
     S.P. ORB#: 30 -1.50
     S.P. ORB#: 31  4.50
     S.P. ORB#: 32  0.50
     S.P. ORB#: 33 -1.50
     S.P. ORB#: 34 -1.50
     S.P. ORB#: 35  2.50
     S.P. ORB#: 36  2.50
     S.P. ORB#: 37  0.50
     S.P. ORB#: 38 -3.50
     S.P. ORB#: 39  4.50
 

             ENERGY    K= OMEGA
 
 I=  1/2- (1)  2.425  25:-0.054
                      37:-0.997
 
 I=  1/2- (2)  2.997  29: 0.998
 
 I=  1/2- (3)  5.499  25: 0.998
                      37:-0.056
 
 I=  1/2- (4)  8.415  32:-1.000
 
 I=  1/2- (5)147.448  33:-1.000

             ENERGY    K= OMEGA
 
 I=  3/2- (1)  1.828  25: 0.052
                      29: 0.210
                      30: 0.111
                      34: 0.967
                      37:-0.070
 
 I=  3/2- (2)  2.811  25: 0.117
                      29:-0.058
                      30: 0.918
                      34:-0.125
                      37:-0.354

             ENERGY    K= OMEGA
 
 I=  5/2- (1)  2.003  25: 0.078
                      29:-0.183
                      30:-0.240
                      34: 0.479
                      35: 0.819
                      37:-0.054
 
 I=  5/2- (2)  2.493  29: 0.185
                      30:-0.238
                      34:-0.833
                      35: 0.453
                      37:-0.085
 
 I=  5/2- (3)  2.888  25: 0.198
                      29:-0.398
                      30:-0.554
                      35:-0.299
                      37:-0.636
 
 I=  5/2- (4)  3.388  25:-0.269
                      29: 0.259
                      30: 0.509
                      34: 0.062
                      35: 0.146
                      37:-0.759
 
 I=  5/2- (5)  4.301  25:-0.068
                      29: 0.809
                      30:-0.506
                      34: 0.262
                      35:-0.118

             ENERGY    K= OMEGA
 
 I=  7/2- (1)  2.648  27:-0.051
                      28:-0.124
                      29: 0.219
                      30:-0.249
                      34: 0.537
                      35:-0.764
 
 I=  7/2- (2)  2.727  26: 0.231
                      27:-0.070
                      28:-0.952
                      29:-0.070
                      34:-0.169
 
 I=  7/2- (3)  3.140  25: 0.213
                      28:-0.146
                      29: 0.382
                      30: 0.390
                      34: 0.628
                      35: 0.453
                      37:-0.189
 
 I=  7/2- (4)  3.258  32:-0.740
                      33:-0.570
                      36:-0.333
                      38:-0.131
 
 I=  7/2- (5)  4.235  25: 0.188
                      27:-0.057
                      29:-0.148
                      30: 0.776
                      34:-0.223
                      35:-0.443
                      37:-0.301

             ENERGY    K= OMEGA
 
 I=  9/2- (1)  2.281  26:-0.068
                      27: 0.242
                      28:-0.178
                      31:-0.951
 
 I=  9/2- (2)  3.270  25: 0.250
                      28:-0.051
                      29:-0.369
                      30:-0.470
                      34: 0.428
                      35: 0.604
                      37:-0.167
 
 I=  9/2- (3)  3.622  26:-0.312
                      27:-0.101
                      28:-0.918
                      31: 0.169
                      34:-0.132
 
 I=  9/2- (4)  4.307  25:-0.233
                      28:-0.098
                      29: 0.138
                      30: 0.483
                      34: 0.655
                      35: 0.208
                      37: 0.457
 
 I=  9/2- (5)  4.320  32:-0.224
                      33: 0.556
                      36:-0.622
                      38: 0.456
                      39:-0.212

             ENERGY    K= OMEGA
 
 I= 11/2- (1)  2.229  32:-0.676
                      33:-0.566
                      36:-0.400
                      38:-0.231
                      39:-0.097
 
 I= 11/2- (2)  3.269  26:-0.114
                      27:-0.322
                      28: 0.245
                      31:-0.906
 
 I= 11/2- (3)  4.605  28: 0.053
                      29:-0.308
                      30: 0.324
                      31:-0.054
                      34:-0.564
                      35: 0.688
 
 I= 11/2- (4)  4.730  25:-0.086
                      26: 0.355
                      27:-0.130
                      28:-0.843
                      29:-0.129
                      30:-0.128
                      31:-0.229
                      34:-0.192
                      35:-0.113
                      37: 0.057
 
 I= 11/2- (5)  5.129  25:-0.333
                      26:-0.072
                      28: 0.282
                      29:-0.455
                      30:-0.475
                      31: 0.078
                      34:-0.429
                      35:-0.358
                      37: 0.230

             ENERGY    K= OMEGA
 
 I= 13/2- (1)  4.008  32: 0.193
                      33:-0.501
                      36: 0.610
                      38:-0.511
                      39: 0.282
 
 I= 13/2- (2)  4.478  26:-0.153
                      27: 0.372
                      28:-0.291
                      31:-0.865
                      35:-0.055
 
 I= 13/2- (3)  5.261  25:-0.372
                      29: 0.450
                      30: 0.545
                      31: 0.061
                      34:-0.338
                      35:-0.445
                      37: 0.209
 
 I= 13/2- (4)  6.109  26:-0.397
                      27:-0.161
                      28:-0.839
                      31: 0.288
                      34:-0.149
                      35: 0.053
 
 I= 13/2- (5)  6.911  25:-0.247
                      27:-0.055
                      28:-0.102
                      29: 0.151
                      30: 0.325
                      34: 0.601
                      35: 0.491
                      37: 0.438

             ENERGY     K= 9/2
  32 LEVELS    TIME=  0.0 SEC



 ******************* EXCITATION ENERGIES, DOMINANT CONFIGURATION AND EXPECTATION VALUES (WITH S.P. UU+VV FACTORS) *******************

  NR  Eex(keV)  I   Kdom  NY    <Jz>  <Jx**2> <Jy**2> <Jz**2> <I.j>/|I|  <Rx**2> <Ry**2> <Rz**2> <R.j>/|R|  <HROTx> <HROTy> <HROTz>

   1    0.0   3/2-  -3/2  34   -1.40    1.70    1.70    2.15    1.40       1.93    1.93    0.00   -1.44      0.236   0.236   0.000
   2  175.4   5/2-   5/2  35    1.27    2.09    2.09    4.85    2.34       1.97    1.97    0.00   -1.06      0.240   0.240   0.000
   3  401.6  11/2-   1/2  32    0.00   26.50   26.50    2.68    6.98       3.97    3.97    0.00   -4.95      0.483   0.483   0.000
   4  452.9   9/2-   9/2  31    3.77    2.61    2.61   19.45    4.43       2.67    2.67    0.00   -1.14      0.326   0.326   0.000
   5  596.8   1/2-   1/2  37    0.50    1.39    1.39    0.25    0.83       1.17    1.17   -0.00   -1.51      0.143   0.143  -0.000
  
   6  664.8   5/2-  -3/2  34   -0.59    1.69    1.69    2.99    1.06       4.43    4.43    0.00   -1.09      0.540   0.540   0.000
   7  820.0   7/2-   5/2  35    0.89    2.10    2.10    4.67    1.93       4.66    4.66    0.00   -0.40      0.569   0.569   0.000
   8  898.8   7/2-  -7/2  28   -3.09    2.33    2.33   11.57    3.35       2.67    2.67   -0.00   -1.26      0.326   0.326  -0.000
   9  983.0   3/2-  -3/2  30   -1.22    4.11    4.11    1.97    1.43       4.19    4.19    0.00   -2.56      0.511   0.511   0.000
  10 1060.7   5/2-   1/2  37    0.06    3.38    3.38    1.40    1.61       3.70    3.70    0.00   -1.25      0.451   0.451   0.000
  
  11 1169.2   1/2-   1/2  29    0.50    4.37    4.37    0.25    0.30       4.61    4.61   -0.00   -2.87      0.562   0.562  -0.000
  12 1312.2   7/2-  -3/2  34   -0.27    2.26    2.26    2.83    1.40       6.02    6.02    0.00   -0.53      0.734   0.734   0.000
  13 1429.8   7/2-   1/2  32    0.00   26.67   26.67    1.77    6.73       8.71    8.71    0.00   -6.80      1.062   1.062   0.000
  14 1441.5  11/2-   9/2  31    3.15    2.89    2.89   18.72    3.99       6.24    6.24    0.00   -0.17      0.761   0.761   0.000
  15 1441.8   9/2-   5/2  35    0.41    3.32    3.32    3.31    2.25       6.18    6.18    0.00    0.34      0.754   0.754   0.000
  
  16 1559.9   5/2-   1/2  37    0.02    2.39    2.39    0.90    0.70       5.14    5.14    0.00   -1.12      0.626   0.626   0.000
  17 1794.5   9/2-  -7/2  28   -2.64    2.46    2.46   11.69    2.95       6.00    6.00   -0.00   -0.56      0.732   0.732  -0.000
  18 2180.3  13/2-   5/2  36    0.02   25.44   25.44    7.70    6.50       8.30    8.30    0.00   -3.24      1.013   1.013   0.000
  19 2407.1   7/2-  -3/2  30   -0.43    3.77    3.77    2.78    0.76      10.03   10.03   -0.00   -1.63      1.223   1.223  -0.000
  20 2473.5   5/2-   1/2  29   -0.12    4.32    4.32    0.98   -0.37      10.27   10.27    0.00   -2.36      1.252   1.252   0.000
  
  21 2479.0   9/2-  -3/2  34   -0.78    2.41    2.41    1.98    1.07      10.43   10.43    0.00   -0.32      1.272   1.272   0.000
  22 2492.6   9/2-   5/2  36    0.00   25.77   25.77    6.59    6.26      10.28   10.28    0.00   -5.95      1.254   1.254   0.000
  23 2649.8  13/2-   9/2  31    2.65    3.12    3.12   18.04    3.69      10.78   10.78    0.00    0.31      1.315   1.315   0.000
  24 2776.9  11/2-   5/2  35    0.60    2.39    2.39    4.05    1.61      12.65   12.65    0.00    0.16      1.542   1.542   0.000
  25 2901.8  11/2-  -7/2  28   -2.03    2.58    2.58   10.97    2.60      10.37   10.37   -0.00   -0.12      1.264   1.264  -0.000
  
  26 3300.8  11/2-  -3/2  30   -0.35    2.88    2.88    2.95    1.55      12.95   12.95    0.00    0.11      1.579   1.579   0.000
  27 3433.1  13/2-  -3/2  30    0.08    4.18    4.18    2.36    2.35      13.31   13.31    0.00    1.11      1.622   1.622   0.000
  28 3671.3   1/2-   1/2  25    0.50    5.73    5.73    0.25    0.70       5.63    5.63   -0.00   -3.31      0.687   0.687  -0.000
  29 4281.6  13/2-  -7/2  28   -1.82    2.65    2.65   11.68    2.45      15.77   15.77   -0.00    0.02      1.923   1.923  -0.000
  30 5083.2  13/2-  -3/2  34    0.00    2.27    2.27    2.83    1.00      21.09   21.09   -0.00   -0.06      2.572   2.572  -0.000
  
  31 6586.9   1/2-   1/2  32    0.50   26.72   26.72    0.25   -3.88      30.58   30.58    0.00   -7.30      3.729   3.729   0.000
  32*******   1/2-  -3/2  33    0.00    0.00    0.00    0.00   -0.00       0.00    0.00    0.00   -0.00      0.000   0.000   0.000
