1SPECTRUM OF (Z= 82 A=207) IN PARTICLE-ROTOR  MODEL WITH MODIFIED OSCILLATOR POTENTIAL


 PARITY=-   EPS= 0.212   GAMMA=  0.0   EPS4=0.000   EPS6=0.000   LEVELS:  25  26  27  28  29  30  31  32  33  34  35  36  37  38  39

 PAIRING FACTORS: GN0= 19.20  GN1=  7.40  IPAIR= 15 ***  E2PLUS(INPUT)=   0.730  E2PLUR(INPUT)=   0.000

 CORIOLIS ATTENUATION PARAMETERS:  CHSI=1.000  ETA=  1.00

 MOMENT OF INERTIA PARAMETERS:   A1=  0.122 MEV   A2=  0.122 MEV   A3=121.91923 MEV


 DELTA=0.946 MEV  LAMBDA=53.4862 MEV   HW0= 7.4501 MEV   LAMBDA/HW0= 7.1793

 E2ENERGY=0.730 MEV  HBAR**2/B= 8333./A**(7/3)=1408.8/A**2 MEV

 IREC=0  =>  RECOIL TERMS j+j-, j+j+, jzjz, ETC TREATED AS ONE-BODY OPERATORS WITH UU+VV PAIRING FACTORS



 S. P. LEVEL   EQP       U     V        (UU + VV)**1.00

     25       4.178    0.114 0.993      1.000 1.000 1.000 0.997 0.993 0.991 0.990 0.662 0.567 0.530 0.447 0.408 0.351 0.282 0.237
     26       4.090    0.116 0.993      1.000 1.000 1.000 0.997 0.993 0.992 0.991 0.664 0.569 0.532 0.449 0.410 0.354 0.284 0.239
     27       3.648    0.131 0.991      1.000 1.000 1.000 0.998 0.995 0.993 0.992 0.675 0.581 0.544 0.462 0.424 0.367 0.298 0.253
     28       2.524    0.191 0.982      0.997 0.997 0.998 1.000 0.999 0.999 0.998 0.719 0.629 0.594 0.515 0.478 0.423 0.356 0.312
     29       2.103    0.231 0.973      0.993 0.993 0.995 0.999 1.000 1.000 1.000 0.746 0.661 0.627 0.550 0.514 0.460 0.394 0.350
     30       1.997    0.244 0.970      0.991 0.992 0.993 0.999 1.000 1.000 1.000 0.755 0.671 0.637 0.561 0.525 0.472 0.406 0.363
     31       1.940    0.252 0.968      0.990 0.991 0.992 0.998 1.000 1.000 1.000 0.761 0.677 0.643 0.567 0.532 0.479 0.413 0.370
     32       1.007    0.820 0.573      0.662 0.664 0.675 0.719 0.746 0.755 0.761 1.000 0.993 0.986 0.966 0.954 0.934 0.906 0.885
     33       1.141    0.883 0.469      0.567 0.569 0.581 0.629 0.661 0.671 0.677 0.993 1.000 0.999 0.990 0.983 0.970 0.950 0.934
     34       1.219    0.903 0.429      0.530 0.532 0.544 0.594 0.627 0.637 0.643 0.986 0.999 1.000 0.995 0.991 0.980 0.963 0.949
     35       1.472    0.940 0.342      0.447 0.449 0.462 0.515 0.550 0.561 0.567 0.966 0.990 0.995 1.000 0.999 0.995 0.984 0.975
     36       1.645    0.953 0.302      0.408 0.410 0.424 0.478 0.514 0.525 0.532 0.954 0.983 0.991 0.999 1.000 0.998 0.991 0.984
     37       2.010    0.970 0.243      0.351 0.354 0.367 0.423 0.460 0.472 0.479 0.934 0.970 0.980 0.995 0.998 1.000 0.997 0.993
     38       2.812    0.985 0.171      0.282 0.284 0.298 0.356 0.394 0.406 0.413 0.906 0.950 0.963 0.984 0.991 0.997 1.000 0.999
     39       3.832    0.992 0.124      0.237 0.239 0.253 0.312 0.350 0.363 0.370 0.885 0.934 0.949 0.975 0.984 0.993 0.999 1.000

  R CORE   ENERGY   A0R/A00=1.000    R3= 0     2  
   2( 1)    0.732                    1.000 0.000
   2( 2)  487.921                    0.000 1.000

  R CORE   ENERGY   A0R/A00=1.000    R3= 0     2  
   3( 1)  488.652                    0.000 1.000

  R CORE   ENERGY   A0R/A00=1.000    R3= 0     2     4  
   4( 1)    2.438                    1.000 0.000 0.000

  R CORE   ENERGY   A0R/A00=1.000    R3= 0     2     4  
   5( 1)  490.847                    0.000 1.000 0.000

  R CORE   ENERGY   A0R/A00=1.000    R3= 0     2     4     6  
   6( 1)    5.121                    1.000 0.000 0.000 0.000

  R CORE   ENERGY   A0R/A00=1.000    R3= 0     2     4     6  
   7( 1)  494.017                    0.000 1.000 0.000 0.000

          AXIAL SYMMETRY => K RESTRICTED TO OMEGA

                     K
     S.P. ORB#: 25  2.50
     S.P. ORB#: 26  0.50
     S.P. ORB#: 27 -3.50
     S.P. ORB#: 28 -3.50
     S.P. ORB#: 29  0.50
     S.P. ORB#: 30  4.50
     S.P. ORB#: 31 -1.50
     S.P. ORB#: 32 -1.50
     S.P. ORB#: 33  2.50
     S.P. ORB#: 34  0.50
     S.P. ORB#: 35 -1.50
     S.P. ORB#: 36  0.50
     S.P. ORB#: 37  2.50
     S.P. ORB#: 38 -3.50
     S.P. ORB#: 39  4.50
 

             ENERGY    K= OMEGA
 
 I=  1/2- (1)  1.912  26:-0.057
                      36:-0.998
 
 I=  1/2- (2)  3.175  29: 0.999
 
 I=  1/2- (3)  5.340  26: 0.998
                      36:-0.058
 
 I=  1/2- (4)  9.005  34: 1.000
 
 I=  1/2- (5)147.310  32: 1.000

             ENERGY    K= OMEGA
 
 I=  3/2- (1)  1.506  29: 0.183
                      31: 0.100
                      32: 0.975
                      36:-0.069
 
 I=  3/2- (2)  2.540  29: 0.194
                      31: 0.196
                      32:-0.125
                      36:-0.953
 
 I=  3/2- (3)  3.026  26: 0.084
                      29:-0.319
                      31: 0.934
                      36: 0.133
 
 I=  3/2- (4)  3.399  26:-0.340
                      29:-0.859
                      31:-0.221
                      32: 0.182
                      36:-0.253
 
 I=  3/2- (5)  5.745  34:-0.864
                      35:-0.503

             ENERGY    K= OMEGA
 
 I=  5/2- (1)  1.622  26:-0.054
                      29: 0.142
                      31: 0.181
                      32:-0.453
                      33:-0.858
                      36: 0.051
 
 I=  5/2- (2)  2.149  29:-0.202
                      31: 0.175
                      32: 0.852
                      33:-0.443
                      36: 0.060
 
 I=  5/2- (3)  2.567  29:-0.201
                      31:-0.261
                      33:-0.145
                      36:-0.932
 
 I=  5/2- (4)  3.314  26: 0.359
                      29:-0.432
                      31:-0.724
                      32:-0.074
                      33:-0.188
                      36: 0.345
 
 I=  5/2- (5)  4.491  26:-0.065
                      29: 0.808
                      31:-0.521
                      32: 0.245
                      33:-0.103

             ENERGY    K= OMEGA
 
 I=  7/2- (1)  2.260  29:-0.192
                      31: 0.209
                      32:-0.535
                      33: 0.794
 
 I=  7/2- (2)  2.820  25:-0.083
                      26:-0.171
                      28: 0.142
                      29:-0.336
                      31:-0.305
                      32:-0.693
                      33:-0.473
                      36: 0.181
 
 I=  7/2- (3)  3.269  25:-0.228
                      27:-0.085
                      28: 0.956
                      29: 0.071
                      31: 0.066
                      32: 0.092
                      33: 0.071
                      36:-0.052
 
 I=  7/2- (4)  3.581  34:-0.732
                      35:-0.572
                      37:-0.342
                      38:-0.139
 
 I=  7/2- (5)  4.080  26:-0.156
                      29:-0.193
                      31:-0.359
                      32: 0.331
                      33: 0.253
                      36: 0.796

             ENERGY    K= OMEGA
 
 I=  9/2- (1)  2.747  25:-0.080
                      27:-0.255
                      28:-0.181
                      29:-0.061
                      30: 0.920
                      31:-0.073
                      32: 0.110
                      33: 0.160
 
 I=  9/2- (2)  2.958  26:-0.188
                      29: 0.309
                      30: 0.220
                      31: 0.369
                      32:-0.473
                      33:-0.657
                      36: 0.160
 
 I=  9/2- (3)  3.962  25:-0.224
                      27: 0.076
                      28:-0.483
                      29:-0.156
                      30:-0.096
                      31: 0.281
                      32: 0.665
                      33:-0.328
                      36: 0.216
 
 I=  9/2- (4)  4.119  25:-0.082
                      26: 0.167
                      27: 0.066
                      28:-0.285
                      29:-0.271
                      31:-0.279
                      32:-0.138
                      33:-0.403
                      36:-0.739
 
 I=  9/2- (5)  4.253  25: 0.222
                      27:-0.070
                      28: 0.734
                      29:-0.231
                      30: 0.150
                      31: 0.094
                      32: 0.399
                      33:-0.383
                      36:-0.127

             ENERGY    K= OMEGA
 
 I= 11/2- (1)  2.425  34: 0.669
                      35: 0.566
                      37: 0.405
                      38: 0.239
                      39: 0.104
 
 I= 11/2- (2)  3.708  25:-0.130
                      27: 0.335
                      28: 0.252
                      30: 0.880
                      32:-0.104
                      33: 0.137
 
 I= 11/2- (3)  4.210  29:-0.282
                      30:-0.187
                      31: 0.275
                      32:-0.571
                      33: 0.693
 
 I= 11/2- (4)  4.808  25:-0.146
                      26:-0.280
                      27:-0.063
                      28: 0.239
                      29:-0.400
                      30:-0.060
                      31:-0.412
                      32:-0.512
                      33:-0.440
                      36: 0.224
 
 I= 11/2- (5)  5.319  25:-0.344
                      26: 0.116
                      27:-0.136
                      28: 0.845
                      29: 0.161
                      30:-0.241
                      31: 0.147
                      32: 0.110
                      33: 0.086
                      36:-0.107

             ENERGY    K= OMEGA
 
 I= 13/2- (1)  4.152  34: 0.190
                      35:-0.492
                      37: 0.605
                      38:-0.518
                      39: 0.295
 
 I= 13/2- (2)  4.849  25: 0.156
                      26:-0.156
                      27: 0.338
                      28: 0.251
                      29: 0.212
                      30:-0.709
                      31: 0.240
                      32:-0.248
                      33:-0.312
                      36: 0.102
 
 I= 13/2- (3)  5.051  25: 0.069
                      26: 0.276
                      27: 0.178
                      28: 0.173
                      29:-0.359
                      30:-0.478
                      31:-0.414
                      32: 0.335
                      33: 0.422
                      36:-0.195
 
 I= 13/2- (4)  6.505  25:-0.365
                      26:-0.064
                      27: 0.151
                      28:-0.663
                      29:-0.094
                      30:-0.260
                      31: 0.219
                      32: 0.472
                      33:-0.140
                      36: 0.186
 
 I= 13/2- (5)  6.690  25:-0.096
                      26: 0.202
                      27: 0.086
                      28:-0.295
                      29:-0.208
                      31:-0.238
                      32:-0.335
                      33:-0.497
                      36:-0.628

             ENERGY     K= 9/2
  35 LEVELS    TIME=  0.0 SEC



 ******************* EXCITATION ENERGIES, DOMINANT CONFIGURATION AND EXPECTATION VALUES (WITH S.P. UU+VV FACTORS) *******************

  NR  Eex(keV)  I   Kdom  NY    <Jz>  <Jx**2> <Jy**2> <Jz**2> <I.j>/|I|  <Rx**2> <Ry**2> <Rz**2> <R.j>/|R|  <HROTx> <HROTy> <HROTz>

   1    0.0   3/2-  -3/2  32   -1.42    1.60    1.60    2.17    1.42       1.82    1.82   -0.00   -1.38      0.222   0.222  -0.000
   2  115.7   5/2-   5/2  33    1.50    1.90    1.90    5.14    2.36       1.86    1.86    0.00   -1.01      0.226   0.226   0.000
   3  406.0   1/2-   1/2  36    0.50    1.28    1.28    0.25    0.82       1.06    1.06   -0.00   -1.43      0.130   0.130  -0.000
   4  643.0   5/2-  -3/2  32   -0.62    1.60    1.60    2.95    1.09       4.24    4.24   -0.00   -1.01      0.517   0.517  -0.000
   5  753.8   7/2-   5/2  33    1.09    1.98    1.98    4.72    1.96       4.43    4.43    0.00   -0.30      0.540   0.540   0.000
  
   6  918.5  11/2-   1/2  34    0.00   27.41   27.41    2.78    7.21       3.59    3.59    0.00   -5.42      0.437   0.437   0.000
   7 1033.9   3/2-   1/2  36    0.39    1.52    1.52    0.36   -0.01       3.59    3.59   -0.00   -1.27      0.437   0.437  -0.000
   8 1060.7   5/2-   1/2  36    0.41    1.86    1.86    0.51    0.96       3.64    3.64   -0.00   -0.51      0.444   0.444  -0.000
   9 1241.1   9/2-   9/2  30    3.53    2.67    2.67   18.59    4.36       2.64    2.64    0.00   -0.97      0.322   0.322   0.000
  10 1314.2   7/2-  -3/2  32   -0.27    1.88    1.88    3.03    1.39       5.77    5.77   -0.00   -0.38      0.703   0.703  -0.000
  
  11 1451.8   9/2-   5/2  33    0.83    2.78    2.78    4.56    2.28       6.08    6.08    0.00    0.35      0.742   0.742   0.000
  12 1519.5   3/2-  -3/2  31   -1.25    4.07    4.07    2.00    1.34       4.35    4.35    0.00   -2.56      0.530   0.530   0.000
  13 1668.8   1/2-   1/2  29    0.50    4.20    4.20    0.25    0.36       4.39    4.39   -0.00   -2.81      0.535   0.535  -0.000
  14 1762.8   7/2-  -7/2  28   -3.09    2.33    2.33   11.67    3.34       2.77    2.77    0.00   -1.30      0.338   0.338   0.000
  15 1807.7   5/2-  -3/2  31   -0.49    3.75    3.75    1.52    1.43       4.65    4.65    0.00   -1.57      0.567   0.567   0.000
  
  16 1892.4   3/2-   1/2  29    0.34    3.49    3.49    0.41    0.46       4.67    4.67   -0.00   -2.12      0.569   0.569  -0.000
  17 2074.4   7/2-   1/2  34    0.00   27.68   27.68    1.84    6.96       8.84    8.84    0.00   -7.03      1.078   1.078   0.000
  18 2202.0  11/2-   9/2  30    2.94    2.96    2.96   18.08    3.98       6.08    6.08    0.00   -0.06      0.741   0.741   0.000
  19 2455.4   9/2-  -3/2  32   -1.15    1.91    1.91    5.29    1.54       9.29    9.29   -0.00   -0.34      1.133   1.133  -0.000
  20 2573.3   7/2-   1/2  36    0.14    2.16    2.16    1.14    0.17       9.92    9.92   -0.00   -1.07      1.210   1.210  -0.000
  
  21 2612.7   9/2-   1/2  36    0.31    2.34    2.34    2.50    1.27       9.62    9.62    0.00   -0.19      1.173   1.173   0.000
  22 2645.8  13/2-   5/2  37    0.02   25.91   25.91    7.89    6.64       7.90    7.90    0.00   -3.37      0.964   0.964   0.000
  23 2703.3  11/2-   5/2  33    0.79    2.24    2.24    4.67    1.74      12.05   12.05   -0.00    0.25      1.470   1.470  -0.000
  24 2746.8   9/2-  -7/2  28   -1.53    2.29    2.29    8.73    2.06       8.77    8.77    0.00   -0.73      1.069   1.069   0.000
  25 2984.4   5/2-   1/2  29   -0.14    4.21    4.21    0.98   -0.40      10.24   10.24   -0.00   -2.33      1.249   1.249  -0.000
  
  26 3302.0  11/2-  -3/2  32   -0.16    2.35    2.35    3.21    1.59      12.30   12.30   -0.00    0.33      1.499   1.499  -0.000
  27 3342.5  13/2-   9/2  30    1.81    3.34    3.34   13.40    3.36      10.96   10.96    0.00    0.72      1.336   1.336   0.000
  28 3545.1  13/2-   9/2  30    0.96    3.53    3.53    7.22    2.70      12.67   12.67    0.00    0.91      1.545   1.545   0.000
  29 3812.3  11/2-  -7/2  28   -2.01    2.60    2.60   11.01    2.53      10.86   10.86    0.00   -0.24      1.325   1.325   0.000
  30 3833.9   1/2-   1/2  26    0.50    5.27    5.27    0.25    0.69       5.17    5.17    0.00   -3.17      0.631   0.631   0.000
  
  31 4238.8   3/2-   1/2  34   -0.01   27.91   27.91    0.76    6.13      18.30   18.30    0.00   -7.39      2.231   2.231   0.000
  32 4998.8  13/2-  -7/2  28   -1.32    2.41    2.41    8.60    1.99      17.19   17.19    0.00    0.08      2.096   2.096   0.000
  33 5184.0  13/2-   1/2  36    0.30    2.21    2.21    3.28    1.11      20.47   20.47    0.00    0.01      2.495   2.495   0.000
  34 7498.6   1/2-   1/2  34    0.50   27.96   27.96    0.25   -4.00      31.93   31.93    0.00   -7.46      3.893   3.893   0.000
  35*******   1/2-  -3/2  32    0.00    0.00    0.00    0.00   -0.00       0.00    0.00    0.00   -0.00      0.000   0.000   0.000
  
