1SPECTRUM OF (Z= 82 A=207) IN PARTICLE-ROTOR  MODEL WITH MODIFIED OSCILLATOR POTENTIAL


 PARITY=-   EPS= 0.492   GAMMA=  0.0   EPS4=0.000   EPS6=0.000   LEVELS:  25  26  27  28  29  30  31  32  33  34  35  36  37  38  39

 PAIRING FACTORS: GN0= 19.20  GN1=  7.40  IPAIR= 15 ***  E2PLUS(INPUT)=   0.730  E2PLUR(INPUT)=   0.000

 CORIOLIS ATTENUATION PARAMETERS:  CHSI=1.000  ETA=  1.00

 MOMENT OF INERTIA PARAMETERS:   A1=  0.122 MEV   A2=  0.122 MEV   A3=121.91924 MEV


 DELTA=0.850 MEV  LAMBDA=53.4245 MEV   HW0= 7.6462 MEV   LAMBDA/HW0= 6.9871

 E2ENERGY=0.730 MEV  HBAR**2/B=44883./A**(7/3)=7587.4/A**2 MEV

 IREC=0  =>  RECOIL TERMS j+j-, j+j+, jzjz, ETC TREATED AS ONE-BODY OPERATORS WITH UU+VV PAIRING FACTORS



 S. P. LEVEL   EQP       U     V        (UU + VV)**1.00

     25       4.058    0.105 0.994      1.000 1.000 0.992 0.989 0.980 0.966 0.964 0.588 0.523 0.360 0.327 0.273 0.264 0.236 0.199
     26       3.592    0.119 0.993      1.000 1.000 0.994 0.991 0.982 0.969 0.967 0.599 0.534 0.373 0.340 0.286 0.278 0.249 0.213
     27       1.925    0.227 0.974      0.992 0.994 1.000 1.000 0.997 0.990 0.989 0.683 0.623 0.472 0.441 0.389 0.381 0.353 0.318
     28       1.730    0.254 0.967      0.989 0.991 1.000 1.000 0.999 0.994 0.993 0.703 0.645 0.497 0.466 0.415 0.407 0.380 0.345
     29       1.470    0.303 0.953      0.980 0.982 0.997 0.999 1.000 0.998 0.998 0.739 0.684 0.541 0.511 0.461 0.453 0.427 0.392
     30       1.265    0.360 0.933      0.966 0.969 0.990 0.994 0.998 1.000 1.000 0.778 0.726 0.590 0.561 0.513 0.506 0.480 0.447
     31       1.246    0.367 0.930      0.964 0.967 0.989 0.993 0.998 1.000 1.000 0.782 0.731 0.596 0.567 0.520 0.512 0.487 0.453
     32       0.982    0.866 0.500      0.588 0.599 0.683 0.703 0.739 0.778 0.782 1.000 0.997 0.966 0.957 0.939 0.935 0.925 0.910
     33       1.095    0.903 0.430      0.523 0.534 0.623 0.645 0.684 0.726 0.731 0.997 1.000 0.984 0.977 0.963 0.960 0.952 0.940
     34       1.692    0.966 0.260      0.360 0.373 0.472 0.497 0.541 0.590 0.596 0.966 0.984 1.000 0.999 0.996 0.995 0.992 0.986
     35       1.930    0.974 0.226      0.327 0.340 0.441 0.466 0.511 0.561 0.567 0.957 0.977 0.999 1.000 0.998 0.998 0.995 0.991
     36       2.535    0.985 0.170      0.273 0.286 0.389 0.415 0.461 0.513 0.520 0.939 0.963 0.996 0.998 1.000 1.000 0.999 0.997
     37       2.669    0.987 0.161      0.264 0.278 0.381 0.407 0.453 0.506 0.512 0.935 0.960 0.995 0.998 1.000 1.000 1.000 0.998
     38       3.240    0.991 0.132      0.236 0.249 0.353 0.380 0.427 0.480 0.487 0.925 0.952 0.992 0.995 0.999 1.000 1.000 0.999
     39       4.498    0.995 0.095      0.199 0.213 0.318 0.345 0.392 0.447 0.453 0.910 0.940 0.986 0.991 0.997 0.998 0.999 1.000

  R CORE   ENERGY   A0R/A00=1.000    R3= 0     2  
   2( 1)    0.732                    1.000 0.000
   2( 2)  487.921                    0.000 1.000

  R CORE   ENERGY   A0R/A00=1.000    R3= 0     2  
   3( 1)  488.652                    0.000 1.000

  R CORE   ENERGY   A0R/A00=1.000    R3= 0     2     4  
   4( 1)    2.438                    1.000 0.000 0.000

  R CORE   ENERGY   A0R/A00=1.000    R3= 0     2     4  
   5( 1)  490.847                    0.000 1.000 0.000

  R CORE   ENERGY   A0R/A00=1.000    R3= 0     2     4     6  
   6( 1)    5.121                    1.000 0.000 0.000 0.000

  R CORE   ENERGY   A0R/A00=1.000    R3= 0     2     4     6  
   7( 1)  494.017                    0.000 1.000 0.000 0.000

          AXIAL SYMMETRY => K RESTRICTED TO OMEGA

                     K
     S.P. ORB#: 25  0.50
     S.P. ORB#: 26 -1.50
     S.P. ORB#: 27 -5.50
     S.P. ORB#: 28  2.50
     S.P. ORB#: 29  2.50
     S.P. ORB#: 30  0.50
     S.P. ORB#: 31 -3.50
     S.P. ORB#: 32  0.50
     S.P. ORB#: 33 -1.50
     S.P. ORB#: 34 -3.50
     S.P. ORB#: 35  0.50
     S.P. ORB#: 36 -1.50
     S.P. ORB#: 37 -3.50
     S.P. ORB#: 38  4.50
     S.P. ORB#: 39  4.50
 

             ENERGY    K= OMEGA
 
 I=  1/2- (1)  2.373  32: 0.999
 
 I=  1/2- (2)  4.475  30: 0.911
                      35:-0.412
 
 I=  1/2- (3)  5.872  25: 0.999
 
 I=  1/2- (4)  6.257  30: 0.412
                      35: 0.911
 
 I=  1/2- (5)147.398  33: 1.000

             ENERGY    K= OMEGA
 
 I=  3/2- (1)  2.422  32: 0.713
                      33:-0.701
 
 I=  3/2- (2)  2.651  25:-0.136
                      32:-0.693
                      33:-0.708
 
 I=  3/2- (3)  4.624  26: 0.090
                      30: 0.964
                      35: 0.142
                      36: 0.206
 
 I=  3/2- (4)  6.411  26: 0.084
                      30:-0.096
                      35: 0.960
                      36:-0.249
 
 I=  3/2- (5)  6.588  25: 0.990
                      32:-0.109
                      33:-0.084

             ENERGY    K= OMEGA
 
 I=  5/2- (1)  2.886  25: 0.190
                      28:-0.104
                      32:-0.526
                      33:-0.822
 
 I=  5/2- (2)  3.520  28: 0.846
                      32:-0.486
                      33: 0.215
 
 I=  5/2- (3)  3.622  28:-0.523
                      32:-0.682
                      33: 0.510
 
 I=  5/2- (4)  4.830  26: 0.126
                      29:-0.109
                      30:-0.817
                      35: 0.494
                      36: 0.246
 
 I=  5/2- (5)  6.425  26: 0.472
                      29:-0.837
                      35:-0.275

             ENERGY    K= OMEGA
 
 I=  7/2- (1)  3.184  28: 0.161
                      31: 0.986
 
 I=  7/2- (2)  3.490  28: 0.381
                      32: 0.119
                      33:-0.173
                      37:-0.899
 
 I=  7/2- (3)  3.637  32: 0.785
                      33:-0.580
                      37: 0.211
 
 I=  7/2- (4)  4.030  25:-0.247
                      28: 0.119
                      32:-0.578
                      33:-0.758
                      37: 0.123
 
 I=  7/2- (5)  4.601  28:-0.903
                      31: 0.153
                      33:-0.169
                      37:-0.361

             ENERGY    K= OMEGA
 
 I=  9/2- (1)  3.747  28: 0.187
                      31:-0.696
                      37: 0.188
                      38: 0.666
 
 I=  9/2- (2)  4.401  25: 0.252
                      28:-0.281
                      31:-0.164
                      32:-0.453
                      33:-0.650
                      37:-0.444
                      38: 0.076
 
 I=  9/2- (3)  4.507  25:-0.169
                      28:-0.256
                      31:-0.302
                      32: 0.320
                      33: 0.399
                      37:-0.741
                      38:-0.062
 
 I=  9/2- (4)  4.814  28: 0.330
                      31:-0.584
                      32:-0.093
                      33:-0.067
                      37: 0.099
                      38:-0.725
 
 I=  9/2- (5)  5.370  26:-0.397
                      29: 0.582
                      30: 0.406
                      34:-0.472
                      35:-0.175
                      36:-0.169
                      39: 0.239

             ENERGY    K= OMEGA
 
 I= 11/2- (1)  3.265  27: 1.000
 
 I= 11/2- (2)  4.783  28: 0.219
                      31: 0.677
                      37:-0.237
                      38: 0.660
 
 I= 11/2- (3)  5.348  26:-0.413
                      29:-0.557
                      30:-0.414
                      34:-0.470
                      35:-0.162
                      36:-0.161
                      39:-0.273
 
 I= 11/2- (4)  5.698  28: 0.429
                      31:-0.288
                      32: 0.262
                      33:-0.295
                      37:-0.748
                      38:-0.134
 
 I= 11/2- (5)  5.836  25: 0.092
                      28:-0.103
                      31: 0.136
                      32: 0.797
                      33:-0.453
                      37: 0.348

             ENERGY    K= OMEGA
 
 I= 13/2- (1)  4.847  27: 0.999
 
 I= 13/2- (2)  5.960  26:-0.389
                      29: 0.580
                      30: 0.207
                      34:-0.568
                      36:-0.104
                      39: 0.365
 
 I= 13/2- (3)  6.096  28: 0.246
                      31:-0.663
                      33: 0.050
                      37: 0.267
                      38: 0.650
 
 I= 13/2- (4)  6.853  25: 0.378
                      28:-0.156
                      31:-0.093
                      32:-0.540
                      33:-0.711
                      37:-0.128
                      38: 0.101
 
 I= 13/2- (5)  7.237  25:-0.096
                      28:-0.437
                      31:-0.314
                      32: 0.155
                      33: 0.133
                      37:-0.798
                      38: 0.154

             ENERGY     K= 9/2
  35 LEVELS    TIME=  0.0 SEC



 ******************* EXCITATION ENERGIES, DOMINANT CONFIGURATION AND EXPECTATION VALUES (WITH S.P. UU+VV FACTORS) *******************

  NR  Eex(keV)  I   Kdom  NY    <Jz>  <Jx**2> <Jy**2> <Jz**2> <I.j>/|I|  <Rx**2> <Ry**2> <Rz**2> <R.j>/|R|  <HROTx> <HROTy> <HROTz>

   1    0.0   1/2-   1/2  32    0.50    5.28    5.28    0.25    0.11       5.68    5.68   -0.00   -3.18      0.693   0.693  -0.000
   2   49.6   3/2-   1/2  32   -0.48    5.27    5.27    1.23    1.08       5.68    5.68    0.00   -2.87      0.692   0.692   0.000
   3  278.3   3/2-  -3/2  33   -0.50    5.28    5.28    1.25    0.72       6.38    6.38    0.00   -2.91      0.778   0.778   0.000
   4  513.6   5/2-  -3/2  33   -0.83    5.41    5.41    1.67    1.22       7.01    7.01    0.00   -2.37      0.854   0.854   0.000
   5  811.6   7/2-  -7/2  31   -3.34    6.32    6.32   12.08    3.11       7.89    7.89    0.00   -3.12      0.963   0.963   0.000
  
   6  892.4  11/2- -11/2  27   -5.49    2.75    2.75   30.24    5.06       5.49    5.49    0.00   -1.66      0.669   0.669   0.000
   7 1116.9   7/2-  -7/2  37   -2.51    2.95    2.95   10.91    3.04       4.23    4.23    0.00   -1.64      0.515   0.515   0.000
   8 1147.8   5/2-   5/2  28    1.84    5.93    5.93    4.63    1.51       8.17    8.17    0.00   -2.98      0.996   0.996   0.000
   9 1249.4   5/2-   1/2  32    0.53    5.53    5.53    2.41    0.42       9.85    9.85    0.00   -2.75      1.201   1.201   0.000
  10 1264.8   7/2-   1/2  32   -0.35    5.13    5.13    1.47    0.84      10.40   10.40    0.00   -1.84      1.267   1.267   0.000
  
  11 1374.6   9/2-  -7/2  31    0.26    4.50    4.50   15.57    3.68       6.36    6.36    0.00   -1.76      0.775   0.775   0.000
  12 1657.2   7/2-  -3/2  33   -0.69    5.33    5.33    1.69    0.69      11.32   11.32    0.00   -2.02      1.380   1.380   0.000
  13 2028.7   9/2-  -3/2  33   -1.06    4.91    4.91    4.38    1.64      11.34   11.34    0.00   -1.27      1.382   1.382   0.000
  14 2102.1   1/2-   1/2  30    0.50   13.03   13.03    0.25    0.96      12.70   12.70    0.00   -5.06      1.548   1.548   0.000
  15 2134.6   9/2-  -7/2  37   -2.24    3.72    3.72    8.73    2.12       9.89    9.89    0.00   -1.26      1.205   1.205   0.000
  
  16 2228.1   7/2-   5/2  28    1.46    5.68    5.68    7.04    1.44      11.38   11.38    0.00   -2.66      1.387   1.387   0.000
  17 2250.9   3/2-   1/2  30    0.40   14.42   14.42    0.35    1.58      13.42   13.42   -0.00   -5.05      1.636   1.636  -0.000
  18 2410.7  11/2-  -7/2  31    0.27    4.46    4.46   15.45    3.27      10.52   10.52    0.00   -1.05      1.283   1.283   0.000
  19 2441.0   9/2-   9/2  38    1.41    4.21    4.21   15.64    2.88      10.05   10.05    0.00   -2.16      1.225   1.225   0.000
  20 2457.9   5/2-   1/2  30    0.37   13.68   13.68    0.48    1.63      13.48   13.48    0.00   -4.43      1.643   1.643   0.000
  
  21 2474.9  13/2- -11/2  27   -5.48    2.75    2.75   30.22    4.33      11.97   11.97    0.00   -1.12      1.460   1.460   0.000
  22 2975.1  11/2-   5/2  29    0.14   20.97   20.97    6.65    4.83      13.27   13.27    0.00   -3.82      1.618   1.618   0.000
  23 2997.3   9/2-   5/2  29    0.14   20.64   20.64    6.47    4.54      13.67   13.67    0.00   -4.81      1.666   1.666   0.000
  24 3325.4  11/2-  -7/2  37   -1.80    3.67    3.67    9.59    1.96      14.61   14.61    0.00   -0.96      1.781   1.781   0.000
  25 3463.1  11/2-   1/2  32   -0.45    4.89    4.89    2.40    0.86      18.81   18.81    0.00   -1.15      2.293   2.293   0.000
  
  26 3499.1   1/2-   1/2  25    0.50    7.53    7.53    0.25    0.66       7.46    7.46    0.00   -3.82      0.910   0.910   0.000
  27 3587.0  13/2-   5/2  29    0.09   21.89   21.89    9.13    5.11      15.13   15.13    0.00   -3.13      1.845   1.845   0.000
  28 3723.7  13/2-  -7/2  31    0.25    4.45    4.45   15.27    2.95      15.89   15.89    0.00   -0.64      1.938   1.938   0.000
  29 3884.7   1/2-   1/2  35    0.50   17.03   17.03    0.25   -0.78      18.21   18.21   -0.00   -5.80      2.220   2.220  -0.000
  30 4038.3   3/2-   1/2  35    0.36   16.02   16.02    0.39   -0.06      18.20   18.20   -0.00   -5.39      2.219   2.219  -0.000
  
  31 4052.3   5/2-   5/2  29    1.45   22.12   22.12    4.90    3.62      18.23   18.23    0.00   -6.36      2.223   2.223   0.000
  32 4215.7   3/2-   1/2  25    0.49    7.55    7.55    0.26   -0.55      10.61   10.61    0.00   -3.56      1.294   1.294   0.000
  33 4480.1  13/2-  -3/2  33   -0.52    5.62    5.62    1.91    1.32      21.75   21.75    0.00   -0.60      2.652   2.652   0.000
  34 4864.1  13/2-  -7/2  37   -2.00    3.45    3.45   10.72    1.86      20.22   20.22    0.00   -0.73      2.465   2.465   0.000
  35*******   1/2-  -3/2  33    0.00    0.00    0.00    0.00   -0.00       0.00    0.00    0.00   -0.00      0.000   0.000   0.000
  
