1SPECTRUM OF (Z= 82 A=207) IN PARTICLE-ROTOR  MODEL WITH MODIFIED OSCILLATOR POTENTIAL


 PARITY=-   EPS= 0.209   GAMMA=  0.0   EPS4=0.000   EPS6=0.000   LEVELS:  25  26  27  28  29  30  31  32  33  34  35  36  37  38  39

 PAIRING FACTORS: GN0= 19.20  GN1=  7.40  IPAIR= 15 ***  E2PLUS(INPUT)=   0.730  E2PLUR(INPUT)=   0.000

 CORIOLIS ATTENUATION PARAMETERS:  CHSI=1.000  ETA=  1.00

 MOMENT OF INERTIA PARAMETERS:   A1=  0.122 MEV   A2=  0.122 MEV   A3=121.91924 MEV


 DELTA=0.945 MEV  LAMBDA=53.4869 MEV   HW0= 7.4489 MEV   LAMBDA/HW0= 7.1805

 E2ENERGY=0.730 MEV  HBAR**2/B= 8099./A**(7/3)=1369.2/A**2 MEV

 IREC=0  =>  RECOIL TERMS j+j-, j+j+, jzjz, ETC TREATED AS ONE-BODY OPERATORS WITH UU+VV PAIRING FACTORS



 S. P. LEVEL   EQP       U     V        (UU + VV)**1.00

     25       4.197    0.113 0.994      1.000 1.000 1.000 0.997 0.993 0.992 0.990 0.677 0.580 0.515 0.437 0.414 0.347 0.280 0.236
     26       4.078    0.117 0.993      1.000 1.000 1.000 0.997 0.993 0.992 0.991 0.679 0.582 0.518 0.440 0.417 0.351 0.283 0.239
     27       3.668    0.130 0.992      1.000 1.000 1.000 0.998 0.995 0.994 0.993 0.689 0.593 0.529 0.452 0.430 0.363 0.296 0.252
     28       2.564    0.188 0.982      0.997 0.997 0.998 1.000 0.999 0.999 0.998 0.730 0.639 0.578 0.504 0.482 0.417 0.352 0.308
     29       2.117    0.229 0.973      0.993 0.993 0.995 0.999 1.000 1.000 1.000 0.759 0.671 0.612 0.540 0.519 0.455 0.391 0.349
     30       2.036    0.239 0.971      0.992 0.992 0.994 0.999 1.000 1.000 1.000 0.765 0.679 0.620 0.549 0.527 0.464 0.400 0.358
     31       1.954    0.250 0.968      0.990 0.991 0.993 0.998 1.000 1.000 1.000 0.772 0.687 0.629 0.558 0.536 0.474 0.410 0.368
     32       0.993    0.808 0.589      0.677 0.679 0.689 0.730 0.759 0.765 0.772 1.000 0.992 0.980 0.958 0.950 0.925 0.896 0.875
     33       1.117    0.875 0.483      0.580 0.582 0.593 0.639 0.671 0.679 0.687 0.992 1.000 0.997 0.986 0.982 0.966 0.945 0.929
     34       1.253    0.910 0.414      0.515 0.518 0.529 0.578 0.612 0.620 0.629 0.980 0.997 1.000 0.996 0.994 0.983 0.967 0.955
     35       1.506    0.943 0.333      0.437 0.440 0.452 0.504 0.540 0.549 0.558 0.958 0.986 0.996 1.000 1.000 0.995 0.986 0.977
     36       1.610    0.951 0.309      0.414 0.417 0.430 0.482 0.519 0.527 0.536 0.950 0.982 0.994 1.000 1.000 0.997 0.990 0.982
     37       2.038    0.971 0.239      0.347 0.351 0.363 0.417 0.455 0.464 0.474 0.925 0.966 0.983 0.995 0.997 1.000 0.998 0.993
     38       2.827    0.986 0.170      0.280 0.283 0.296 0.352 0.391 0.400 0.410 0.896 0.945 0.967 0.986 0.990 0.998 1.000 0.999
     39       3.830    0.992 0.124      0.236 0.239 0.252 0.308 0.349 0.358 0.368 0.875 0.929 0.955 0.977 0.982 0.993 0.999 1.000

  R CORE   ENERGY   A0R/A00=1.000    R3= 0     2  
   2( 1)    0.732                    1.000 0.000
   2( 2)  487.921                    0.000 1.000

  R CORE   ENERGY   A0R/A00=1.000    R3= 0     2  
   3( 1)  488.652                    0.000 1.000

  R CORE   ENERGY   A0R/A00=1.000    R3= 0     2     4  
   4( 1)    2.438                    1.000 0.000 0.000

  R CORE   ENERGY   A0R/A00=1.000    R3= 0     2     4  
   5( 1)  490.847                    0.000 1.000 0.000

  R CORE   ENERGY   A0R/A00=1.000    R3= 0     2     4     6  
   6( 1)    5.121                    1.000 0.000 0.000 0.000

  R CORE   ENERGY   A0R/A00=1.000    R3= 0     2     4     6  
   7( 1)  494.017                    0.000 1.000 0.000 0.000

          AXIAL SYMMETRY => K RESTRICTED TO OMEGA

                     K
     S.P. ORB#: 25  2.50
     S.P. ORB#: 26  0.50
     S.P. ORB#: 27 -3.50
     S.P. ORB#: 28 -3.50
     S.P. ORB#: 29  0.50
     S.P. ORB#: 30  4.50
     S.P. ORB#: 31 -1.50
     S.P. ORB#: 32 -1.50
     S.P. ORB#: 33  2.50
     S.P. ORB#: 34  0.50
     S.P. ORB#: 35 -1.50
     S.P. ORB#: 36  0.50
     S.P. ORB#: 37  2.50
     S.P. ORB#: 38 -3.50
     S.P. ORB#: 39  4.50
 

             ENERGY    K= OMEGA
 
 I=  1/2- (1)  1.875  26:-0.058
                      36:-0.998
 
 I=  1/2- (2)  3.184  29: 0.999
 
 I=  1/2- (3)  5.318  26: 0.998
                      36:-0.058
 
 I=  1/2- (4)  9.065  34: 1.000
 
 I=  1/2- (5)147.296  32: 1.000

             ENERGY    K= OMEGA
 
 I=  3/2- (1)  1.490  29: 0.184
                      31: 0.100
                      32: 0.974
                      36:-0.070
 
 I=  3/2- (2)  2.507  29: 0.187
                      31: 0.183
                      32:-0.124
                      36:-0.957
 
 I=  3/2- (3)  3.034  26: 0.087
                      29:-0.313
                      31: 0.937
                      36: 0.124
 
 I=  3/2- (4)  3.405  26:-0.344
                      29:-0.862
                      31:-0.218
                      32: 0.183
                      36:-0.242
 
 I=  3/2- (5)  5.795  34:-0.864
                      35:-0.504

             ENERGY    K= OMEGA
 
 I=  5/2- (1)  1.598  26:-0.053
                      29: 0.141
                      31: 0.181
                      32:-0.448
                      33:-0.861
                      36: 0.052
 
 I=  5/2- (2)  2.130  29:-0.204
                      31: 0.173
                      32: 0.855
                      33:-0.439
                      36: 0.059
 
 I=  5/2- (3)  2.534  29: 0.192
                      31: 0.249
                      33: 0.141
                      36: 0.938
 
 I=  5/2- (4)  3.315  26: 0.362
                      29:-0.436
                      31:-0.728
                      32:-0.074
                      33:-0.188
                      36: 0.327
 
 I=  5/2- (5)  4.502  26:-0.065
                      29: 0.807
                      31:-0.522
                      32: 0.246
                      33:-0.102

             ENERGY    K= OMEGA
 
 I=  7/2- (1)  2.235  29:-0.190
                      31: 0.209
                      32:-0.532
                      33: 0.797
 
 I=  7/2- (2)  2.800  25:-0.080
                      26:-0.170
                      28: 0.125
                      29:-0.337
                      31:-0.303
                      32:-0.698
                      33:-0.472
                      36: 0.183
 
 I=  7/2- (3)  3.308  25:-0.231
                      27:-0.088
                      28: 0.958
                      29: 0.066
                      31: 0.062
                      32: 0.079
                      33: 0.061
                      36:-0.052
 
 I=  7/2- (4)  3.620  34:-0.731
                      35:-0.572
                      37:-0.343
                      38:-0.140
 
 I=  7/2- (5)  4.056  26:-0.146
                      29:-0.190
                      31:-0.337
                      32: 0.328
                      33: 0.245
                      36: 0.812

             ENERGY    K= OMEGA
 
 I=  9/2- (1)  2.779  25: 0.082
                      26:-0.052
                      27: 0.253
                      28: 0.177
                      29: 0.088
                      30:-0.895
                      31: 0.105
                      32:-0.154
                      33:-0.222
 
 I=  9/2- (2)  2.937  26:-0.182
                      28:-0.066
                      29: 0.301
                      30: 0.304
                      31: 0.358
                      32:-0.461
                      33:-0.642
                      36: 0.159
 
 I=  9/2- (3)  3.954  25:-0.202
                      26:-0.050
                      27: 0.068
                      28:-0.409
                      29:-0.166
                      30:-0.083
                      31: 0.296
                      32: 0.699
                      33:-0.343
                      36: 0.239
 
 I=  9/2- (4)  4.099  25:-0.067
                      26: 0.158
                      27: 0.060
                      28:-0.223
                      29:-0.290
                      31:-0.248
                      32:-0.069
                      33:-0.443
                      36:-0.755
 
 I=  9/2- (5)  4.273  25:-0.248
                      27: 0.084
                      28:-0.796
                      29: 0.189
                      30:-0.161
                      31:-0.098
                      32:-0.353
                      33: 0.310
                      36: 0.073

             ENERGY    K= OMEGA
 
 I= 11/2- (1)  2.454  34:-0.668
                      35:-0.566
                      37:-0.406
                      38:-0.241
                      39:-0.105
 
 I= 11/2- (2)  3.740  25:-0.132
                      27: 0.336
                      28: 0.252
                      29:-0.050
                      30: 0.873
                      31: 0.051
                      32:-0.121
                      33: 0.158
 
 I= 11/2- (3)  4.184  28:-0.057
                      29:-0.280
                      30:-0.213
                      31: 0.273
                      32:-0.566
                      33: 0.690
 
 I= 11/2- (4)  4.790  25:-0.137
                      26:-0.281
                      27:-0.059
                      28: 0.216
                      29:-0.403
                      30:-0.053
                      31:-0.412
                      32:-0.519
                      33:-0.443
                      36: 0.227
 
 I= 11/2- (5)  5.354  25:-0.349
                      26: 0.109
                      27:-0.139
                      28: 0.849
                      29: 0.151
                      30:-0.243
                      31: 0.136
                      32: 0.094
                      33: 0.072
                      36:-0.104

             ENERGY    K= OMEGA
 
 I= 13/2- (1)  4.173  34:-0.189
                      35: 0.491
                      37:-0.605
                      38: 0.519
                      39:-0.296
 
 I= 13/2- (2)  4.857  25: 0.146
                      26:-0.192
                      27: 0.309
                      28: 0.224
                      29: 0.261
                      30:-0.629
                      31: 0.295
                      32:-0.297
                      33:-0.374
                      36: 0.130
 
 I= 13/2- (3)  5.049  25: 0.091
                      26: 0.248
                      27: 0.227
                      28: 0.208
                      29:-0.323
                      30:-0.577
                      31:-0.372
                      32: 0.297
                      33: 0.373
                      36:-0.180
 
 I= 13/2- (4)  6.519  25:-0.348
                      26:-0.075
                      27: 0.143
                      28:-0.615
                      29:-0.097
                      30:-0.249
                      31: 0.245
                      32: 0.520
                      33:-0.134
                      36: 0.232
 
 I= 13/2- (5)  6.677  25:-0.117
                      26: 0.190
                      27: 0.093
                      28:-0.323
                      29:-0.223
                      31:-0.207
                      32:-0.273
                      33:-0.520
                      36:-0.631

             ENERGY     K= 9/2
  35 LEVELS    TIME=  0.0 SEC



 ******************* EXCITATION ENERGIES, DOMINANT CONFIGURATION AND EXPECTATION VALUES (WITH S.P. UU+VV FACTORS) *******************

  NR  Eex(keV)  I   Kdom  NY    <Jz>  <Jx**2> <Jy**2> <Jz**2> <I.j>/|I|  <Rx**2> <Ry**2> <Rz**2> <R.j>/|R|  <HROTx> <HROTy> <HROTz>

   1    0.0   3/2-  -3/2  32   -1.42    1.59    1.59    2.17    1.42       1.80    1.80    0.00   -1.37      0.220   0.220   0.000
   2  108.2   5/2-   5/2  33    1.51    1.89    1.89    5.16    2.37       1.84    1.84    0.00   -1.01      0.224   0.224   0.000
   3  385.7   1/2-   1/2  36    0.50    1.27    1.27    0.25    0.82       1.05    1.05   -0.00   -1.43      0.128   0.128  -0.000
   4  640.0   5/2-  -3/2  32   -0.63    1.59    1.59    2.94    1.09       4.22    4.22    0.00   -1.00      0.514   0.514   0.000
   5  745.2   7/2-   5/2  33    1.11    1.98    1.98    4.74    1.97       4.40    4.40    0.00   -0.29      0.537   0.537   0.000
  
   6  964.5  11/2-   1/2  34    0.00   27.48   27.48    2.80    7.22       3.57    3.57    0.00   -5.45      0.435   0.435   0.000
   7 1017.5   3/2-   1/2  36    0.40    1.48    1.48    0.35   -0.03       3.59    3.59    0.00   -1.26      0.438   0.438   0.000
   8 1044.7   5/2-   1/2  36    0.42    1.81    1.81    0.49    0.94       3.65    3.65    0.00   -0.49      0.445   0.445   0.000
   9 1289.5   9/2-   9/2  30    3.37    2.68    2.68   17.83    4.26       2.76    2.76    0.00   -0.84      0.336   0.336   0.000
  10 1310.6   7/2-  -3/2  32   -0.27    1.86    1.86    2.98    1.37       5.77    5.77    0.00   -0.36      0.703   0.703   0.000
  
  11 1447.6   9/2-   5/2  33    0.99    2.75    2.75    5.33    2.39       5.92    5.92    0.00    0.30      0.722   0.722   0.000
  12 1544.0   3/2-  -3/2  31   -1.26    4.07    4.07    2.01    1.35       4.32    4.32    0.00   -2.56      0.527   0.527   0.000
  13 1693.9   1/2-   1/2  29    0.50    4.18    4.18    0.25    0.36       4.37    4.37    0.00   -2.81      0.532   0.532   0.000
  14 1818.0   7/2-  -7/2  28   -3.10    2.34    2.34   11.71    3.36       2.74    2.74    0.00   -1.30      0.334   0.334   0.000
  15 1825.0   5/2-  -3/2  31   -0.50    3.78    3.78    1.53    1.46       4.60    4.60    0.00   -1.57      0.561   0.561   0.000
  
  16 1915.0   3/2-   1/2  29    0.34    3.48    3.48    0.41    0.47       4.64    4.64    0.00   -2.12      0.565   0.565   0.000
  17 2130.1   7/2-   1/2  34    0.00   27.76   27.76    1.85    6.98       8.86    8.86    0.00   -7.05      1.080   1.080   0.000
  18 2250.0  11/2-   9/2  30    2.89    2.96    2.96   17.89    3.96       6.10    6.10    0.00   -0.04      0.743   0.743   0.000
  19 2464.2   9/2-  -3/2  32   -0.99    1.82    1.82    4.55    1.35       9.74    9.74    0.00   -0.33      1.188   1.188   0.000
  20 2566.7   7/2-   1/2  36    0.17    2.08    2.08    1.08    0.13       9.96    9.96    0.00   -1.05      1.215   1.215   0.000
  
  21 2609.1   9/2-   1/2  36    0.56    2.32    2.32    2.23    1.20       9.83    9.83    0.00   -0.20      1.198   1.198   0.000
  22 2683.1  13/2-   5/2  37    0.02   25.95   25.95    7.92    6.65       7.88    7.88    0.00   -3.38      0.961   0.961   0.000
  23 2694.4  11/2-   5/2  33    0.83    2.24    2.24    4.86    1.77      11.96   11.96    0.00    0.25      1.458   1.458   0.000
  24 2783.2   9/2-  -7/2  28   -1.91    2.32    2.32    9.67    2.30       8.10    8.10    0.00   -0.72      0.987   0.987   0.000
  25 3012.2   5/2-   1/2  29   -0.14    4.20    4.20    0.98   -0.40      10.25   10.25    0.00   -2.33      1.249   1.249   0.000
  
  26 3300.1  11/2-  -3/2  32   -0.14    2.32    2.32    3.07    1.57      12.32   12.32    0.00    0.34      1.502   1.502   0.000
  27 3367.1  13/2-   9/2  30    1.47    3.40    3.40   11.24    3.17      11.26   11.26    0.00    0.86      1.373   1.373   0.000
  28 3559.6  13/2-   9/2  30    1.29    3.46    3.46    9.38    2.90      12.30   12.30    0.00    0.79      1.499   1.499   0.000
  29 3828.5   1/2-   1/2  26    0.50    5.23    5.23    0.25    0.69       5.13    5.13    0.00   -3.16      0.625   0.625   0.000
  30 3863.9  11/2-  -7/2  28   -2.03    2.61    2.61   11.14    2.55      10.81   10.81    0.00   -0.24      1.318   1.318   0.000
  
  31 4305.8   3/2-   1/2  34   -0.01   28.00   28.00    0.76    6.14      18.36   18.36    0.00   -7.40      2.239   2.239   0.000
  32 5029.5  13/2-  -7/2  28   -1.23    2.33    2.33    7.78    1.85      17.64   17.64    0.00    0.09      2.151   2.151   0.000
  33 5187.4  13/2-   1/2  36    0.38    2.22    2.22    3.57    1.15      20.35   20.35    0.00    0.00      2.481   2.481   0.000
  34 7575.5   1/2-   1/2  34    0.50   28.07   28.07    0.25   -4.01      32.04   32.04    0.00   -7.48      3.906   3.906   0.000
  35*******   1/2-  -3/2  32    0.00    0.00    0.00    0.00   -0.00       0.00    0.00    0.00   -0.00      0.000   0.000   0.000
  
