1SPECTRUM OF (Z= 82 A=207) IN PARTICLE-ROTOR  MODEL WITH MODIFIED OSCILLATOR POTENTIAL


 PARITY=-   EPS= 0.159   GAMMA=  0.0   EPS4=0.000   EPS6=0.000   LEVELS:  25  26  27  28  29  30  31  32  33  34  35  36  37  38  39

 PAIRING FACTORS: GN0= 19.20  GN1=  7.40  IPAIR= 15 ***  E2PLUS(INPUT)=   0.730  E2PLUR(INPUT)=   0.000

 CORIOLIS ATTENUATION PARAMETERS:  CHSI=1.000  ETA=  1.00

 MOMENT OF INERTIA PARAMETERS:   A1=  0.122 MEV   A2=  0.122 MEV   A3=121.91923 MEV


 DELTA=0.848 MEV  LAMBDA=53.4025 MEV   HW0= 7.4326 MEV   LAMBDA/HW0= 7.1849

 E2ENERGY=0.730 MEV  HBAR**2/B= 4688./A**(7/3)= 792.4/A**2 MEV

 IREC=0  =>  RECOIL TERMS j+j-, j+j+, jzjz, ETC TREATED AS ONE-BODY OPERATORS WITH UU+VV PAIRING FACTORS



 S. P. LEVEL   EQP       U     V        (UU + VV)**1.00

     25       4.359    0.098 0.995      1.000 1.000 1.000 0.999 0.998 0.995 0.993 0.865 0.773 0.506 0.317 0.295 0.263 0.232 0.206
     26       3.871    0.110 0.994      1.000 1.000 1.000 1.000 0.998 0.996 0.994 0.872 0.781 0.516 0.329 0.307 0.275 0.244 0.219
     27       3.715    0.115 0.993      1.000 1.000 1.000 1.000 0.999 0.996 0.995 0.874 0.784 0.520 0.334 0.312 0.280 0.249 0.223
     28       3.113    0.138 0.990      0.999 1.000 1.000 1.000 1.000 0.998 0.997 0.885 0.798 0.540 0.355 0.333 0.302 0.271 0.245
     29       2.572    0.167 0.986      0.998 0.998 0.999 1.000 1.000 1.000 0.999 0.898 0.816 0.565 0.383 0.361 0.330 0.300 0.274
     30       2.187    0.198 0.980      0.995 0.996 0.996 0.998 1.000 1.000 1.000 0.912 0.833 0.590 0.411 0.390 0.359 0.329 0.304
     31       2.029    0.214 0.977      0.993 0.994 0.995 0.997 0.999 1.000 1.000 0.918 0.842 0.603 0.426 0.405 0.375 0.345 0.320
     32       0.895    0.583 0.812      0.865 0.872 0.874 0.885 0.898 0.912 0.918 1.000 0.987 0.870 0.750 0.734 0.711 0.688 0.669
     33       0.848    0.707 0.708      0.773 0.781 0.784 0.798 0.816 0.833 0.842 0.987 1.000 0.938 0.847 0.834 0.815 0.796 0.780
     34       1.115    0.908 0.419      0.506 0.516 0.520 0.540 0.565 0.590 0.603 0.870 0.938 1.000 0.979 0.974 0.965 0.957 0.949
     35       1.950    0.975 0.223      0.317 0.329 0.334 0.355 0.383 0.411 0.426 0.750 0.847 0.979 1.000 1.000 0.998 0.996 0.993
     36       2.160    0.980 0.200      0.295 0.307 0.312 0.333 0.361 0.390 0.405 0.734 0.834 0.974 1.000 1.000 0.999 0.998 0.996
     37       2.565    0.986 0.168      0.263 0.275 0.280 0.302 0.330 0.359 0.375 0.711 0.815 0.965 0.998 0.999 1.000 0.999 0.998
     38       3.147    0.991 0.136      0.232 0.244 0.249 0.271 0.300 0.329 0.345 0.688 0.796 0.957 0.996 0.998 0.999 1.000 1.000
     39       3.885    0.994 0.110      0.206 0.219 0.223 0.245 0.274 0.304 0.320 0.669 0.780 0.949 0.993 0.996 0.998 1.000 1.000

  R CORE   ENERGY   A0R/A00=1.000    R3= 0     2  
   2( 1)    0.732                    1.000 0.000
   2( 2)  487.921                    0.000 1.000

  R CORE   ENERGY   A0R/A00=1.000    R3= 0     2  
   3( 1)  488.652                    0.000 1.000

  R CORE   ENERGY   A0R/A00=1.000    R3= 0     2     4  
   4( 1)    2.438                    1.000 0.000 0.000

  R CORE   ENERGY   A0R/A00=1.000    R3= 0     2     4  
   5( 1)  490.847                    0.000 1.000 0.000

  R CORE   ENERGY   A0R/A00=1.000    R3= 0     2     4     6  
   6( 1)    5.121                    1.000 0.000 0.000 0.000

  R CORE   ENERGY   A0R/A00=1.000    R3= 0     2     4     6  
   7( 1)  494.017                    0.000 1.000 0.000 0.000

          AXIAL SYMMETRY => K RESTRICTED TO OMEGA

                     K
     S.P. ORB#: 25  2.50
     S.P. ORB#: 26 -3.50
     S.P. ORB#: 27  0.50
     S.P. ORB#: 28 -3.50
     S.P. ORB#: 29  4.50
     S.P. ORB#: 30  0.50
     S.P. ORB#: 31 -1.50
     S.P. ORB#: 32 -1.50
     S.P. ORB#: 33  2.50
     S.P. ORB#: 34  0.50
     S.P. ORB#: 35  0.50
     S.P. ORB#: 36 -1.50
     S.P. ORB#: 37  2.50
     S.P. ORB#: 38 -3.50
     S.P. ORB#: 39  4.50
 

             ENERGY    K= OMEGA
 
 I=  1/2- (1)  1.337  27:-0.065
                      34:-0.998
 
 I=  1/2- (2)  3.163  30: 1.000
 
 I=  1/2- (3)  4.763  27: 0.997
                      34:-0.065
 
 I=  1/2- (4) 10.159  35:-1.000
 
 I=  1/2- (5)147.198  32: 1.000

             ENERGY    K= OMEGA
 
 I=  3/2- (1)  1.348  27: 0.055
                      30: 0.203
                      31: 0.124
                      32: 0.964
                      34:-0.104
 
 I=  3/2- (2)  2.008  30:-0.126
                      31:-0.097
                      32: 0.144
                      34: 0.977

             ENERGY    K= OMEGA
 
 I=  5/2- (1)  1.306  27: 0.052
                      30:-0.132
                      31:-0.195
                      32: 0.369
                      33: 0.893
                      34:-0.087
 
 I=  5/2- (2)  1.942  30:-0.251
                      31: 0.162
                      32: 0.881
                      33:-0.365
 
 I=  5/2- (3)  2.025  30:-0.106
                      31:-0.152
                      33:-0.125
                      34:-0.974
 
 I=  5/2- (4)  3.210  27:-0.410
                      30: 0.465
                      31: 0.730
                      32: 0.085
                      33: 0.198
                      34:-0.190
 
 I=  5/2- (5)  4.528  27:-0.065
                      30: 0.786
                      31:-0.538
                      32: 0.275
                      33:-0.111

             ENERGY    K= OMEGA
 
 I=  7/2- (1)  1.930  30: 0.170
                      31:-0.234
                      32: 0.460
                      33:-0.838
 
 I=  7/2- (2)  2.560  25:-0.060
                      27:-0.187
                      30:-0.368
                      31:-0.292
                      32:-0.730
                      33:-0.393
                      34: 0.224
 
 I=  7/2- (3)  3.640  25:-0.069
                      27: 0.051
                      28: 0.155
                      30: 0.118
                      31: 0.162
                      32:-0.298
                      33:-0.185
                      34:-0.897
 
 I=  7/2- (4)  3.848  25: 0.246
                      26: 0.125
                      28:-0.943
                      32:-0.078
                      34:-0.159
 
 I=  7/2- (5)  4.391  35: 0.713
                      36: 0.576
                      37: 0.366
                      38: 0.162

             ENERGY    K= OMEGA
 
 I=  9/2- (1)  2.563  26:-0.066
                      27: 0.179
                      29: 0.066
                      30:-0.306
                      31:-0.366
                      32: 0.455
                      33: 0.693
                      34:-0.206
 
 I=  9/2- (2)  3.289  25: 0.095
                      26: 0.264
                      28: 0.215
                      29:-0.929
                      31:-0.052
                      34:-0.072
 
 I=  9/2- (3)  3.673  27:-0.052
                      29:-0.071
                      30: 0.136
                      31: 0.164
                      32: 0.182
                      33: 0.316
                      34: 0.902
 
 I=  9/2- (4)  3.756  25: 0.102
                      28: 0.109
                      30: 0.323
                      31:-0.247
                      32:-0.749
                      33: 0.498
 
 I=  9/2- (5)  4.676  27: 0.516
                      30:-0.395
                      31:-0.534
                      32:-0.239
                      33:-0.327
                      34: 0.353

             ENERGY    K= OMEGA
 
 I= 11/2- (1)  3.082  35:-0.647
                      36:-0.562
                      37:-0.423
                      38:-0.267
                      39:-0.125
 
 I= 11/2- (2)  3.768  25: 0.079
                      26:-0.142
                      28:-0.072
                      29:-0.208
                      30: 0.250
                      31:-0.294
                      32: 0.510
                      33:-0.719
 
 I= 11/2- (3)  4.242  25: 0.139
                      26:-0.320
                      28:-0.284
                      29:-0.853
                      30:-0.082
                      31: 0.091
                      32:-0.139
                      33: 0.189
 
 I= 11/2- (4)  4.509  25:-0.080
                      27:-0.300
                      28: 0.076
                      30:-0.436
                      31:-0.393
                      32:-0.570
                      33:-0.401
                      34: 0.258
 
 I= 11/2- (5)  5.854  25: 0.377
                      26: 0.182
                      27:-0.093
                      28:-0.819
                      29: 0.269
                      30:-0.096
                      31:-0.115
                      32: 0.064
                      33: 0.068
                      34: 0.204

             ENERGY    K= OMEGA
 
 I= 13/2- (1)  4.532  25:-0.066
                      26:-0.099
                      27: 0.282
                      28:-0.051
                      29: 0.112
                      30:-0.397
                      31:-0.441
                      32: 0.424
                      33: 0.549
                      34:-0.240
 
 I= 13/2- (2)  4.617  35:-0.177
                      36: 0.468
                      37:-0.597
                      38: 0.537
                      39:-0.322
 
 I= 13/2- (3)  5.366  25: 0.196
                      26: 0.381
                      27: 0.078
                      28: 0.336
                      29:-0.816
                      30:-0.095
                      31:-0.105
                      34:-0.098
 
 I= 13/2- (4)  6.323  27: 0.079
                      29: 0.103
                      30:-0.102
                      31:-0.151
                      32:-0.315
                      33:-0.382
                      34:-0.839
 
 I= 13/2- (5)  6.471  25: 0.169
                      26:-0.092
                      28: 0.214
                      29: 0.079
                      30: 0.350
                      31:-0.285
                      32:-0.645
                      33: 0.539

             ENERGY     K= 9/2
  32 LEVELS    TIME=  0.0 SEC



 ******************* EXCITATION ENERGIES, DOMINANT CONFIGURATION AND EXPECTATION VALUES (WITH S.P. UU+VV FACTORS) *******************

  NR  Eex(keV)  I   Kdom  NY    <Jz>  <Jx**2> <Jy**2> <Jz**2> <I.j>/|I|  <Rx**2> <Ry**2> <Rz**2> <R.j>/|R|  <HROTx> <HROTy> <HROTz>

   1    0.0   5/2-   5/2  33    1.75    1.82    1.82    5.39    2.49       1.53    1.53    0.00   -0.95      0.187   0.187   0.000
   2   31.2   1/2-   1/2  34    0.50    1.10    1.10    0.25    0.84       0.87    0.87    0.00   -1.30      0.106   0.106   0.000
   3   41.7   3/2-  -3/2  32   -1.39    1.47    1.47    2.14    1.49       1.52    1.52    0.00   -1.25      0.186   0.186   0.000
   4  624.1   7/2-   5/2  33    1.37    1.93    1.93    5.02    2.11       3.95    3.95    0.00   -0.18      0.481   0.481   0.000
   5  635.4   5/2-  -3/2  32   -0.83    1.51    1.51    2.67    1.15       3.83    3.83    0.00   -0.83      0.467   0.467   0.000
  
   6  702.2   3/2-   1/2  34    0.44    1.18    1.18    0.31   -0.19       3.58    3.58    0.00   -1.14      0.436   0.436   0.000
   7  718.9   5/2-   1/2  34    0.48    1.34    1.34    0.39    0.78       3.61    3.61    0.00   -0.29      0.441   0.441   0.000
   8 1254.1   7/2-  -3/2  32   -0.43    1.62    1.62    2.46    1.39       5.22    5.22    0.00   -0.06      0.636   0.636   0.000
   9 1256.6   9/2-   5/2  33    0.78    2.69    2.69    3.97    2.36       5.30    5.30    0.00    0.74      0.646   0.646   0.000
  10 1776.1  11/2-   1/2  35    0.00   28.53   28.53    3.12    7.45       3.45    3.45    0.00   -5.96      0.420   0.420   0.000
  
  11 1857.3   1/2-   1/2  30    0.50    3.89    3.89    0.25    0.45       4.00    4.00    0.00   -2.70      0.488   0.488   0.000
  12 1904.2   5/2-  -3/2  31   -0.50    3.70    3.70    1.57    1.68       3.90    3.90   -0.00   -1.44      0.476   0.476  -0.000
  13 1983.2   9/2-   9/2  29    3.50    2.73    2.73   18.96    4.45       2.45    2.45    0.00   -1.03      0.299   0.299   0.000
  14 2333.3   7/2-   1/2  34    0.25    1.47    1.47    1.01   -0.04      10.01   10.01    0.00   -0.92      1.221   1.221   0.000
  15 2366.5   9/2-   1/2  34    0.60    1.51    1.51    1.08    0.81      10.38   10.38    0.00   -0.01      1.266   1.266   0.000
  
  16 2449.8   9/2-  -3/2  32   -0.28    1.61    1.61    3.22    0.99      10.66   10.66    0.00   -0.33      1.300   1.300   0.000
  17 2462.2  11/2-   5/2  33    0.92    2.36    2.36    5.25    2.07      10.47   10.47    0.00    0.53      1.277   1.277   0.000
  18 2542.0   7/2-  -7/2  28   -3.01    2.36    2.36   11.49    3.28       2.94    2.94   -0.00   -1.31      0.359   0.359  -0.000
  19 2935.9  11/2-   9/2  29    2.73    2.97    2.97   17.38    3.87       6.40    6.40    0.00   -0.05      0.780   0.780   0.000
  20 3085.3   7/2-   1/2  35   -0.00   28.95   28.95    2.03    7.20       9.26    9.26    0.00   -7.29      1.129   1.129   0.000
  
  21 3202.9  11/2-  -3/2  32   -0.15    1.93    1.93    2.30    1.52      11.86   11.86    0.00    0.60      1.446   1.446   0.000
  22 3221.5   5/2-   1/2  30   -0.20    3.96    3.96    1.06   -0.46      10.21   10.21   -0.00   -2.29      1.245   1.245  -0.000
  23 3226.1  13/2-   5/2  33    0.36    3.40    3.40    3.23    2.50      11.97   11.97    0.00    1.51      1.459   1.459   0.000
  24 3310.8  13/2-   5/2  37    0.04   26.47   26.47    8.37    6.79       7.61    7.61    0.00   -3.56      0.927   0.927   0.000
  25 3370.3   9/2-  -3/2  31    0.02    2.98    2.98    1.63    1.21      10.14   10.14    0.00   -0.35      1.236   1.236   0.000
  
  26 3456.7   1/2-   1/2  27    0.50    4.41    4.41    0.25    0.65       4.35    4.35   -0.00   -2.89      0.530   0.530  -0.000
  27 4059.3  13/2-   9/2  29    2.19    3.40    3.40   16.93    3.72      10.23   10.23    0.00    0.50      1.247   1.247   0.000
  28 4547.4  11/2-  -7/2  28   -1.77    2.66    2.66   11.06    2.51      11.07   11.07   -0.00   -0.29      1.349   1.349  -0.000
  29 5017.3  13/2-   1/2  34    0.59    1.52    1.52    1.60    0.77      21.34   21.34    0.00    0.11      2.601   2.601   0.000
  30 5165.2  13/2-  -3/2  32   -0.05    1.79    1.79    3.94    1.03      20.93   20.93    0.00   -0.05      2.551   2.551   0.000
  
  31 8852.5   1/2-   1/2  35    0.50   29.57   29.57    0.25   -4.15      33.66   33.66    0.00   -7.68      4.104   4.104   0.000
  32*******   1/2-  -3/2  32    0.00    0.00    0.00    0.00   -0.00       0.00    0.00    0.00   -0.00      0.000   0.000   0.000
