1SPECTRUM OF (Z= 82 A=207) IN PARTICLE-ROTOR  MODEL WITH MODIFIED OSCILLATOR POTENTIAL


 PARITY=-   EPS= 0.335   GAMMA=  0.0   EPS4=0.000   EPS6=0.000   LEVELS:  24  25  26  27  28  29  30  31  32  33  34  35  36  37  38

 PAIRING FACTORS: GN0= 19.20  GN1=  7.40  IPAIR= 15 ***  E2PLUS(INPUT)=   0.730  E2PLUR(INPUT)=   0.000

 CORIOLIS ATTENUATION PARAMETERS:  CHSI=1.000  ETA=  1.00

 MOMENT OF INERTIA PARAMETERS:   A1=  0.122 MEV   A2=  0.122 MEV   A3=121.91924 MEV


 DELTA=0.915 MEV  LAMBDA=53.3346 MEV   HW0= 7.5129 MEV   LAMBDA/HW0= 7.0990

 E2ENERGY=0.730 MEV  HBAR**2/B=20809./A**(7/3)=3517.7/A**2 MEV

 IREC=0  =>  RECOIL TERMS j+j-, j+j+, jzjz, ETC TREATED AS ONE-BODY OPERATORS WITH UU+VV PAIRING FACTORS



 S. P. LEVEL   EQP       U     V        (UU + VV)**1.00

     24       4.669    0.098 0.995      1.000 1.000 0.999 0.997 0.985 0.959 0.940 0.936 0.857 0.656 0.570 0.295 0.279 0.279 0.261
     25       4.190    0.110 0.994      1.000 1.000 0.999 0.998 0.987 0.962 0.944 0.940 0.863 0.665 0.580 0.306 0.290 0.290 0.272
     26       3.152    0.147 0.989      0.999 0.999 1.000 0.999 0.992 0.971 0.956 0.952 0.881 0.692 0.610 0.341 0.325 0.325 0.307
     27       2.594    0.179 0.984      0.997 0.998 0.999 1.000 0.996 0.979 0.965 0.962 0.896 0.716 0.635 0.372 0.356 0.356 0.338
     28       1.775    0.267 0.964      0.985 0.987 0.992 0.996 1.000 0.993 0.985 0.983 0.933 0.776 0.703 0.454 0.439 0.439 0.422
     29       1.307    0.378 0.926      0.959 0.962 0.971 0.979 0.993 1.000 0.998 0.998 0.968 0.844 0.781 0.555 0.541 0.541 0.525
     30       1.175    0.431 0.902      0.940 0.944 0.956 0.965 0.985 0.998 1.000 1.000 0.981 0.874 0.816 0.602 0.589 0.589 0.574
     31       1.154    0.442 0.897      0.936 0.940 0.952 0.962 0.983 0.998 1.000 1.000 0.984 0.880 0.823 0.612 0.598 0.598 0.583
     32       0.955    0.597 0.802      0.857 0.863 0.881 0.896 0.933 0.968 0.981 0.984 1.000 0.951 0.912 0.745 0.733 0.733 0.720
     33       0.969    0.815 0.579      0.656 0.665 0.692 0.716 0.776 0.844 0.874 0.880 0.951 1.000 0.994 0.914 0.907 0.907 0.899
     34       1.076    0.874 0.487      0.570 0.580 0.610 0.635 0.703 0.781 0.816 0.823 0.912 0.994 1.000 0.953 0.948 0.948 0.942
     35       2.342    0.980 0.199      0.295 0.306 0.341 0.372 0.454 0.555 0.602 0.612 0.745 0.914 0.953 1.000 1.000 1.000 0.999
     36       2.544    0.983 0.183      0.279 0.290 0.325 0.356 0.439 0.541 0.589 0.598 0.733 0.907 0.948 1.000 1.000 1.000 1.000
     37       2.545    0.983 0.183      0.279 0.290 0.325 0.356 0.439 0.541 0.589 0.598 0.733 0.907 0.948 1.000 1.000 1.000 1.000
     38       2.823    0.986 0.164      0.261 0.272 0.307 0.338 0.422 0.525 0.574 0.583 0.720 0.899 0.942 0.999 1.000 1.000 1.000

  R CORE   ENERGY   A0R/A00=1.000    R3= 0     2  
   2( 1)    0.732                    1.000 0.000
   2( 2)  487.921                    0.000 1.000

  R CORE   ENERGY   A0R/A00=1.000    R3= 0     2  
   3( 1)  488.652                    0.000 1.000

  R CORE   ENERGY   A0R/A00=1.000    R3= 0     2     4  
   4( 1)    2.438                    1.000 0.000 0.000

  R CORE   ENERGY   A0R/A00=1.000    R3= 0     2     4  
   5( 1)  490.847                    0.000 1.000 0.000

  R CORE   ENERGY   A0R/A00=1.000    R3= 0     2     4     6  
   6( 1)    5.121                    1.000 0.000 0.000 0.000

  R CORE   ENERGY   A0R/A00=1.000    R3= 0     2     4     6  
   7( 1)  494.017                    0.000 1.000 0.000 0.000

          AXIAL SYMMETRY => K RESTRICTED TO OMEGA

                     K
     S.P. ORB#: 24 -5.50
     S.P. ORB#: 25  0.50
     S.P. ORB#: 26  2.50
     S.P. ORB#: 27 -3.50
     S.P. ORB#: 28  0.50
     S.P. ORB#: 29  0.50
     S.P. ORB#: 30 -1.50
     S.P. ORB#: 31 -1.50
     S.P. ORB#: 32 -3.50
     S.P. ORB#: 33  4.50
     S.P. ORB#: 34  2.50
     S.P. ORB#: 35 -3.50
     S.P. ORB#: 36 -1.50
     S.P. ORB#: 37  0.50
     S.P. ORB#: 38  2.50
 

             ENERGY    K= OMEGA
 
 I=  1/2- (1)  2.547  29: 0.999
 
 I=  1/2- (2)  5.764  25: 0.999
 
 I=  1/2- (3)  5.873  28:-0.387
                      37: 0.922
 
 I=  1/2- (4)  8.745  28: 0.922
                      37: 0.387
 
 I=  1/2- (5)147.457  31: 1.000

             ENERGY    K= OMEGA
 
 I=  3/2- (1)  2.416  25: 0.091
                      29:-0.215
                      30: 0.971
                      36: 0.055
 
 I=  3/2- (2)  2.564  25:-0.197
                      29:-0.880
                      30:-0.153
                      36:-0.404

             ENERGY    K= OMEGA
 
 I=  5/2- (1)  2.526  25:-0.263
                      29: 0.454
                      30: 0.782
                      36:-0.140
                      38:-0.305
 
 I=  5/2- (2)  3.332  26:-0.065
                      29: 0.609
                      30:-0.439
                      36:-0.650
                      38: 0.095
 
 I=  5/2- (3)  3.550  25:-0.132
                      29: 0.323
                      30: 0.162
                      36: 0.321
                      38: 0.865
 
 I=  5/2- (4)  4.259  26:-0.066
                      29:-0.525
                      30: 0.351
                      36:-0.668
                      38: 0.387
 
 I=  5/2- (5)  4.939  26: 0.995
                      36:-0.094

             ENERGY    K= OMEGA
 
 I=  7/2- (1)  1.759  26: 0.192
                      32:-0.979
 
 I=  7/2- (2)  3.331  25: 0.126
                      29:-0.278
                      30: 0.803
                      36:-0.181
                      38: 0.476
 
 I=  7/2- (3)  3.506  25:-0.318
                      29:-0.789
                      30:-0.301
                      36:-0.428
 
 I=  7/2- (4)  3.536  28:-0.711
                      31:-0.582
                      34:-0.362
                      35:-0.154
 
 I=  7/2- (5)  4.386  26: 0.196
                      27: 0.728
                      29: 0.257
                      30:-0.276
                      36:-0.276
                      38: 0.462

             ENERGY    K= OMEGA
 
 I=  9/2- (1)  1.863  26: 0.074
                      27:-0.190
                      32: 0.244
                      33: 0.948
 
 I=  9/2- (2)  2.722  26:-0.263
                      27:-0.091
                      32:-0.927
                      33: 0.241
 
 I=  9/2- (3)  3.569  25:-0.375
                      29: 0.492
                      30: 0.693
                      32:-0.059
                      36:-0.195
                      38:-0.309
 
 I=  9/2- (4)  4.624  28: 0.227
                      31:-0.569
                      34: 0.665
                      35:-0.427
 
 I=  9/2- (5)  5.164  26:-0.102
                      29: 0.514
                      30:-0.482
                      32: 0.058
                      36:-0.683
                      38: 0.141

             ENERGY    K= OMEGA
 
 I= 11/2- (1)  2.886  28:-0.679
                      31:-0.579
                      34:-0.398
                      35:-0.205
                      37:-0.057
 
 I= 11/2- (2)  2.955  26:-0.126
                      27:-0.257
                      32: 0.335
                      33:-0.897
 
 I= 11/2- (3)  3.915  26:-0.308
                      27: 0.131
                      30: 0.060
                      32: 0.877
                      33: 0.333
                      38: 0.061
 
 I= 11/2- (4)  5.226  25:-0.212
                      29: 0.157
                      30:-0.794
                      32: 0.077
                      36: 0.182
                      38:-0.509
 
 I= 11/2- (5)  5.355  25: 0.360
                      29: 0.797
                      30: 0.190
                      36: 0.440

             ENERGY    K= OMEGA
 
 I= 13/2- (1)  4.265  26: 0.172
                      27:-0.300
                      32: 0.395
                      33: 0.850
 
 I= 13/2- (2)  5.029  28: 0.220
                      31:-0.556
                      34: 0.665
                      35:-0.448
 
 I= 13/2- (3)  5.318  25: 0.169
                      26:-0.313
                      27:-0.162
                      29:-0.176
                      30:-0.274
                      32:-0.763
                      33: 0.364
                      38: 0.155
 
 I= 13/2- (4)  5.533  25: 0.413
                      26: 0.126
                      29:-0.471
                      30:-0.593
                      32: 0.338
                      33:-0.156
                      36: 0.197
                      38: 0.245
 
 I= 13/2- (5)  7.599  24: 0.998

             ENERGY     K= 5/2
  32 LEVELS    TIME=  0.0 SEC



 ******************* EXCITATION ENERGIES, DOMINANT CONFIGURATION AND EXPECTATION VALUES (WITH S.P. UU+VV FACTORS) *******************

  NR  Eex(keV)  I   Kdom  NY    <Jz>  <Jx**2> <Jy**2> <Jz**2> <I.j>/|I|  <Rx**2> <Ry**2> <Rz**2> <R.j>/|R|  <HROTx> <HROTy> <HROTz>

   1    0.0   7/2-  -7/2  32   -3.27    2.31    2.31   12.02    3.34       2.94    2.94    0.00   -1.40      0.359   0.359   0.000
   2  104.4   9/2-   9/2  33    3.72    2.53    2.53   19.41    4.27       3.38    3.38    0.00   -1.25      0.412   0.412   0.000
   3  657.2   3/2-  -3/2  30   -1.39    4.72    4.72    2.14    1.41       4.94    4.94    0.00   -2.82      0.603   0.603   0.000
   4  766.9   5/2-  -3/2  30   -0.58    4.78    4.78    2.07    2.15       3.83    3.83   -0.00   -1.90      0.468   0.468  -0.000
   5  788.1   1/2-   1/2  29    0.50    4.79    4.79    0.25    0.27       5.06    5.06   -0.00   -3.02      0.617   0.617  -0.000
  
   6  805.0   3/2-   1/2  29    0.13    4.04    4.04    0.62    1.21       3.88    3.88   -0.00   -2.28      0.473   0.473  -0.000
   7  962.6   9/2-  -7/2  32   -2.60    2.41    2.41   12.26    2.89       6.54    6.54    0.00   -0.75      0.797   0.797   0.000
   8 1126.7  11/2-   1/2  28   -0.02   24.30   24.30    2.37    6.29       5.76    5.76    0.00   -3.94      0.702   0.702   0.000
   9 1195.6  11/2-   9/2  33    3.03    2.75    2.75   18.60    3.74       7.56    7.56    0.00   -0.44      0.921   0.921   0.000
  10 1572.4   7/2-  -3/2  30   -0.41    4.16    4.16    2.99    1.68       6.88    6.88   -0.00   -1.26      0.839   0.839  -0.000
  
  11 1573.1   5/2-  -3/2  36   -0.70    3.25    3.25    1.56    0.75       6.17    6.17   -0.00   -1.66      0.753   0.753  -0.000
  12 1746.8   7/2-   1/2  29   -0.05    3.94    3.94    0.82    1.34       6.92    6.92   -0.00   -0.91      0.844   0.844  -0.000
  13 1777.2   7/2-   1/2  28   -0.01   23.91   23.91    2.00    6.14       8.41    8.41   -0.00   -6.21      1.025   1.025  -0.000
  14 1791.0   5/2-   5/2  38    1.74    2.27    2.27    5.00    1.80       3.83    3.83   -0.00   -1.52      0.466   0.466  -0.000
  15 1810.5   9/2-  -3/2  30   -0.36    4.95    4.95    1.91    2.25       7.10    7.10    0.00   -0.17      0.865   0.865   0.000
  
  16 2156.5  11/2-  -7/2  32   -2.01    2.50    2.50   12.51    2.59      11.12   11.12    0.00   -0.42      1.356   1.356   0.000
  17 2500.1   5/2-  -3/2  36   -0.33    3.19    3.19    2.31   -0.07       8.93    8.93   -0.00   -2.11      1.089   1.089  -0.000
  18 2506.2  13/2-   9/2  33    2.46    2.94    2.94   17.87    3.38      12.64   12.64    0.00   -0.03      1.542   1.542   0.000
  19 2626.6   7/2-  -7/2  27   -1.42    4.63    4.63    8.42    2.23       7.87    7.87    0.00   -2.23      0.959   0.959   0.000
  20 2865.2   9/2-   5/2  34    0.01   24.55   24.55    5.74    5.31      13.35   13.35   -0.00   -5.49      1.628   1.628  -0.000
  
  21 3179.6   5/2-   5/2  26    2.46    5.99    5.99    6.21    2.07       7.35    7.35    0.00   -3.15      0.897   0.897   0.000
  22 3270.5  13/2-   5/2  34   -0.04   24.53   24.53    5.93    5.29      14.93   14.93   -0.00   -3.30      1.820   1.820  -0.000
  23 3405.5   9/2-  -3/2  36   -0.86    3.02    3.02    1.90    0.60      13.37   13.37   -0.00   -0.96      1.630   1.630  -0.000
  24 3466.6  11/2-  -3/2  30   -0.33    4.10    4.10    3.24    1.59      14.11   14.11   -0.00   -0.37      1.720   1.720  -0.000
  25 3559.0  13/2-  -7/2  32   -1.32    2.96    2.96   11.10    2.40      16.13   16.13    0.00   -0.05      1.967   1.967   0.000
  
  26 3596.4  11/2-   1/2  29    0.04    3.95    3.95    0.76    1.36      14.08   14.08   -0.00   -0.10      1.717   1.717  -0.000
  27 3774.2  13/2-  -3/2  30   -0.50    4.77    4.77    3.37    2.27      15.00   15.00    0.00    0.53      1.829   1.829   0.000
  28 4005.2   1/2-   1/2  25    0.50    6.56    6.56    0.25    0.67       6.48    6.48   -0.00   -3.55      0.790   0.790  -0.000
  29 4114.0   1/2-   1/2  37    0.50   12.35   12.35    0.25   -1.47      14.12   14.12    0.00   -4.93      1.721   1.721   0.000
  30 5839.7  13/2- -11/2  24   -5.49    2.76    2.76   30.19    4.32      12.05   12.05    0.00   -1.13      1.469   1.469   0.000
  
  31 6986.0   1/2-   1/2  28    0.50   24.54   24.54    0.25   -3.55      28.11   28.11    0.00   -6.99      3.427   3.427   0.000
  32*******   1/2-  -3/2  31    0.00    0.00    0.00    0.00   -0.00       0.00    0.00    0.00   -0.00      0.000   0.000   0.000
