1SPECTRUM OF (Z= 82 A=207) IN PARTICLE-ROTOR  MODEL WITH MODIFIED OSCILLATOR POTENTIAL


 PARITY=-   EPS= 0.363   GAMMA=  0.0   EPS4=0.000   EPS6=0.000   LEVELS:  26  27  28  29  30  31  32  33  34  35  36  37  38  39  40

 PAIRING FACTORS: GN0= 19.20  GN1=  7.40  IPAIR= 15 ***  E2PLUS(INPUT)=   0.730  E2PLUR(INPUT)=   0.000

 CORIOLIS ATTENUATION PARAMETERS:  CHSI=1.000  ETA=  1.00

 MOMENT OF INERTIA PARAMETERS:   A1=  0.122 MEV   A2=  0.122 MEV   A3=121.91924 MEV


 DELTA=0.882 MEV  LAMBDA=53.4117 MEV   HW0= 7.5320 MEV   LAMBDA/HW0= 7.0913

 E2ENERGY=0.730 MEV  HBAR**2/B=24432./A**(7/3)=4130.3/A**2 MEV

 IREC=0  =>  RECOIL TERMS j+j-, j+j+, jzjz, ETC TREATED AS ONE-BODY OPERATORS WITH UU+VV PAIRING FACTORS



 S. P. LEVEL   EQP       U     V        (UU + VV)**1.00

     26       2.979    0.150 0.989      1.000 0.999 0.999 0.988 0.963 0.942 0.762 0.741 0.559 0.377 0.355 0.300 0.286 0.263 0.262
     27       2.420    0.186 0.983      0.999 1.000 1.000 0.993 0.972 0.954 0.785 0.765 0.589 0.411 0.389 0.334 0.321 0.298 0.297
     28       2.381    0.189 0.982      0.999 1.000 1.000 0.993 0.973 0.954 0.787 0.767 0.592 0.413 0.392 0.337 0.324 0.301 0.300
     29       1.534    0.302 0.953      0.988 0.993 0.993 1.000 0.993 0.983 0.853 0.837 0.681 0.517 0.496 0.445 0.432 0.410 0.409
     30       1.179    0.410 0.912      0.963 0.972 0.973 0.993 1.000 0.998 0.908 0.895 0.762 0.613 0.593 0.546 0.534 0.513 0.512
     31       1.059    0.473 0.881      0.942 0.954 0.954 0.983 0.998 1.000 0.935 0.924 0.805 0.666 0.648 0.603 0.592 0.572 0.571
     32       0.891    0.755 0.656      0.762 0.785 0.787 0.853 0.908 0.935 1.000 1.000 0.963 0.887 0.876 0.847 0.839 0.825 0.825
     33       0.901    0.775 0.632      0.741 0.765 0.767 0.837 0.895 0.924 1.000 1.000 0.971 0.901 0.891 0.863 0.855 0.842 0.842
     34       1.138    0.903 0.429      0.559 0.589 0.592 0.681 0.762 0.805 0.963 0.971 1.000 0.979 0.973 0.959 0.954 0.947 0.946
     35       1.937    0.972 0.234      0.377 0.411 0.413 0.517 0.613 0.666 0.887 0.901 0.979 1.000 1.000 0.997 0.995 0.993 0.993
     36       2.139    0.977 0.211      0.355 0.389 0.392 0.496 0.593 0.648 0.876 0.891 0.973 1.000 1.000 0.998 0.997 0.995 0.995
     37       2.903    0.988 0.154      0.300 0.334 0.337 0.445 0.546 0.603 0.847 0.863 0.959 0.997 0.998 1.000 1.000 0.999 0.999
     38       3.188    0.990 0.140      0.286 0.321 0.324 0.432 0.534 0.592 0.839 0.855 0.954 0.995 0.997 1.000 1.000 1.000 1.000
     39       3.850    0.993 0.115      0.263 0.298 0.301 0.410 0.513 0.572 0.825 0.842 0.947 0.993 0.995 0.999 1.000 1.000 1.000
     40       3.887    0.993 0.114      0.262 0.297 0.300 0.409 0.512 0.571 0.825 0.842 0.946 0.993 0.995 0.999 1.000 1.000 1.000

  R CORE   ENERGY   A0R/A00=1.000    R3= 0     2  
   2( 1)    0.732                    1.000 0.000
   2( 2)  487.921                    0.000 1.000

  R CORE   ENERGY   A0R/A00=1.000    R3= 0     2  
   3( 1)  488.652                    0.000 1.000

  R CORE   ENERGY   A0R/A00=1.000    R3= 0     2     4  
   4( 1)    2.438                    1.000 0.000 0.000

  R CORE   ENERGY   A0R/A00=1.000    R3= 0     2     4  
   5( 1)  490.847                    0.000 1.000 0.000

  R CORE   ENERGY   A0R/A00=1.000    R3= 0     2     4     6  
   6( 1)    5.121                    1.000 0.000 0.000 0.000

  R CORE   ENERGY   A0R/A00=1.000    R3= 0     2     4     6  
   7( 1)  494.017                    0.000 1.000 0.000 0.000

          AXIAL SYMMETRY => K RESTRICTED TO OMEGA

                     K
     S.P. ORB#: 26  2.50
     S.P. ORB#: 27 -3.50
     S.P. ORB#: 28  0.50
     S.P. ORB#: 29 -1.50
     S.P. ORB#: 30  0.50
     S.P. ORB#: 31 -1.50
     S.P. ORB#: 32 -3.50
     S.P. ORB#: 33  2.50
     S.P. ORB#: 34  4.50
     S.P. ORB#: 35  0.50
     S.P. ORB#: 36 -3.50
     S.P. ORB#: 37 -1.50
     S.P. ORB#: 38  2.50
     S.P. ORB#: 39  0.50
     S.P. ORB#: 40  0.50
 

             ENERGY    K= OMEGA
 
 I=  1/2- (1)  2.454  30:-0.999
 
 I=  1/2- (2)  4.215  39: 0.999
 
 I=  1/2- (3)  4.921  28:-0.210
                      35: 0.903
                      40:-0.376
 
 I=  1/2- (4)  7.612  28:-0.478
                      35: 0.240
                      40: 0.845
 
 I=  1/2- (5)  9.168  28: 0.853
                      35: 0.357
                      40: 0.381

             ENERGY    K= OMEGA
 
 I=  3/2- (1)  2.342  30: 0.415
                      31:-0.909
 
 I=  3/2- (2)  2.654  30:-0.855
                      31:-0.392
                      37:-0.305
                      39: 0.146

             ENERGY    K= OMEGA
 
 I=  5/2- (1)  2.715  30:-0.412
                      31:-0.845
                      37: 0.094
                      38: 0.279
                      39:-0.168
 
 I=  5/2- (2)  3.387  26:-0.059
                      30: 0.779
                      31:-0.402
                      37:-0.466
                      38: 0.103
 
 I=  5/2- (3)  3.900  26: 0.071
                      30: 0.245
                      31: 0.171
                      37: 0.447
                      38: 0.826
                      39: 0.152
 
 I=  5/2- (4)  4.473  26:-0.165
                      30:-0.353
                      31: 0.284
                      37:-0.720
                      38: 0.476
                      39:-0.145
 
 I=  5/2- (5)  4.777  26: 0.978
                      37:-0.166
                      39:-0.114

             ENERGY    K= OMEGA
 
 I=  7/2- (1)  1.733  26:-0.173
                      32: 0.983
 
 I=  7/2- (2)  3.349  30: 0.532
                      31:-0.740
                      37: 0.211
                      38:-0.350
 
 I=  7/2- (3)  3.825  28:-0.666
                      29:-0.585
                      33:-0.422
                      36:-0.187
 
 I=  7/2- (4)  3.897  26: 0.064
                      30:-0.697
                      31:-0.513
                      37:-0.392
                      38:-0.195
                      39: 0.235
 
 I=  7/2- (5)  4.291  26: 0.202
                      27: 0.958
                      30: 0.070
                      31:-0.076
                      37:-0.070
                      38: 0.158

             ENERGY    K= OMEGA
 
 I=  9/2- (1)  2.058  26: 0.084
                      27:-0.169
                      32: 0.310
                      34: 0.932
 
 I=  9/2- (2)  2.751  26: 0.234
                      27: 0.095
                      32: 0.915
                      34:-0.309
 
 I=  9/2- (3)  4.141  30: 0.451
                      31: 0.745
                      32:-0.053
                      37:-0.196
                      38:-0.379
                      39: 0.235
 
 I=  9/2- (4)  4.677  28:-0.214
                      29: 0.550
                      33:-0.681
                      36: 0.432
 
 I=  9/2- (5)  5.243  26:-0.121
                      27: 0.096
                      30: 0.645
                      31:-0.459
                      32: 0.055
                      37:-0.568
                      38: 0.148

             ENERGY    K= OMEGA
 
 I= 11/2- (1)  3.180  26:-0.137
                      27:-0.229
                      32: 0.407
                      34:-0.873
 
 I= 11/2- (2)  3.217  28: 0.645
                      29: 0.582
                      33: 0.435
                      35: 0.074
                      36: 0.224
 
 I= 11/2- (3)  3.999  26:-0.273
                      27: 0.141
                      31: 0.057
                      32: 0.856
                      34: 0.406
                      38: 0.065
 
 I= 11/2- (4)  5.288  30:-0.554
                      31: 0.658
                      32:-0.063
                      37:-0.300
                      38: 0.405
 
 I= 11/2- (5)  6.084  26: 0.061
                      30:-0.624
                      31:-0.539
                      32: 0.072
                      37:-0.399
                      38:-0.262
                      39: 0.289

             ENERGY    K= OMEGA
 
 I= 13/2- (1)  4.527  26: 0.183
                      27:-0.269
                      32: 0.464
                      34: 0.823
 
 I= 13/2- (2)  5.162  28: 0.215
                      29:-0.550
                      33: 0.674
                      36:-0.444
 
 I= 13/2- (3)  5.478  26: 0.299
                      27: 0.182
                      31: 0.086
                      32: 0.804
                      34:-0.463
                      38:-0.087
 
 I= 13/2- (4)  6.513  30: 0.461
                      31: 0.691
                      32:-0.101
                      34: 0.052
                      37:-0.242
                      38:-0.401
                      39: 0.278
 
 I= 13/2- (5)  8.062  26:-0.127
                      27: 0.085
                      30: 0.569
                      31:-0.475
                      32: 0.099
                      37:-0.623
                      38: 0.154
                      39:-0.068

             ENERGY     K= 1/2
  32 LEVELS    TIME=  0.0 SEC



 ******************* EXCITATION ENERGIES, DOMINANT CONFIGURATION AND EXPECTATION VALUES (WITH S.P. UU+VV FACTORS) *******************

  NR  Eex(keV)  I   Kdom  NY    <Jz>  <Jx**2> <Jy**2> <Jz**2> <I.j>/|I|  <Rx**2> <Ry**2> <Rz**2> <R.j>/|R|  <HROTx> <HROTy> <HROTz>

   1    0.0   7/2-  -7/2  32   -3.31    2.31    2.31   12.06    3.28       3.18    3.18   -0.00   -1.44      0.387   0.387  -0.000
   2  324.6   9/2-   9/2  34    3.49    2.51    2.51   19.15    4.18       3.66    3.66    0.00   -1.25      0.447   0.447   0.000
   3  609.0   3/2-  -3/2  31   -1.15    4.86    4.86    1.90    1.30       5.17    5.17    0.00   -2.83      0.630   0.630   0.000
   4  721.4   1/2-   1/2  30    0.50    4.85    4.85    0.25    0.16       5.21    5.21   -0.00   -3.04      0.636   0.636  -0.000
   5  921.2   3/2-   1/2  30    0.01    4.35    4.35    0.74    0.71       5.23    5.23   -0.00   -2.50      0.638   0.638  -0.000
  
   6  982.1   5/2-  -3/2  31   -0.79    4.58    4.58    2.17    1.49       5.63    5.63    0.00   -2.06      0.687   0.687   0.000
   7 1017.8   9/2-  -7/2  32   -2.39    2.38    2.38   12.65    2.83       6.98    6.98    0.00   -0.89      0.851   0.851   0.000
   8 1447.2  11/2-   9/2  34    2.71    2.69    2.69   18.23    3.61       8.12    8.12    0.00   -0.51      0.990   0.990   0.000
   9 1483.6  11/2-   1/2  28   -0.00   23.66   23.66    2.66    6.20       5.81    5.81    0.00   -3.79      0.708   0.708   0.000
  10 1616.0   7/2-  -3/2  31   -0.45    4.46    4.46    2.19    1.41       7.84    7.84    0.00   -1.40      0.956   0.956   0.000
  
  11 1653.9   5/2-   1/2  30   -0.23    4.02    4.02    1.09    0.49       7.48    7.48   -0.00   -1.98      0.912   0.912  -0.000
  12 2092.0   7/2-   1/2  28    0.03   23.21   23.21    2.42    6.06       8.23    8.23    0.00   -6.11      1.003   1.003   0.000
  13 2163.7   7/2-   1/2  30   -0.25    3.87    3.87    1.35    0.80       9.24    9.24    0.00   -1.38      1.127   1.127   0.000
  14 2167.5   5/2-   5/2  38    1.42    2.05    2.05    4.84    1.69       3.85    3.85    0.00   -1.42      0.469   0.469   0.000
  15 2265.9  11/2-  -7/2  32   -1.70    2.47    2.47   13.07    2.53      11.77   11.77   -0.00   -0.60      1.435   1.435  -0.000
  
  16 2408.0   9/2-  -3/2  31   -0.41    4.26    4.26    2.35    1.50      10.36   10.36    0.00   -0.75      1.263   1.263   0.000
  17 2482.0   1/2-   1/2  39    0.50    1.62    1.62    0.25    0.70       1.51    1.51    0.00   -1.66      0.185   0.185   0.000
  18 2557.5   7/2-  -7/2  27   -3.06    6.06    6.06   11.69    3.08       7.55    7.55    0.00   -2.98      0.920   0.920   0.000
  19 2739.6   5/2-  -3/2  37   -0.19    2.72    2.72    2.98    0.34       7.58    7.58    0.00   -1.90      0.924   0.924   0.000
  20 2793.7  13/2-   9/2  34    2.13    2.86    2.86   17.47    3.22      13.48   13.48    0.00   -0.13      1.643   1.643   0.000
  
  21 2943.5   9/2-   5/2  33    0.07   24.08   24.08    5.88    5.21      13.47   13.47    0.00   -5.42      1.642   1.642   0.000
  22 3043.6   5/2-   5/2  26    2.36    5.87    5.87    6.06    2.01       7.34    7.34    0.00   -3.10      0.895   0.895   0.000
  23 3187.9   1/2-   1/2  35    0.50   11.23   11.23    0.25    0.81      11.03   11.03    0.00   -4.69      1.344   1.344   0.000
  24 3429.3  13/2-   5/2  33    0.01   24.08   24.08    5.94    5.16      15.41   15.41    0.00   -3.26      1.878   1.878   0.000
  25 3509.6   9/2-   1/2  30   -0.54    3.60    3.60    1.69    0.54      14.15   14.15   -0.00   -1.17      1.725   1.725  -0.000
  
  26 3554.7  11/2-  -3/2  31   -0.23    4.22    4.22    2.36    1.37      15.07   15.07    0.00   -0.47      1.837   1.837   0.000
  27 3744.9  13/2-  -7/2  32   -1.18    2.56    2.56   13.30    2.30      17.54   17.54    0.00   -0.40      2.138   2.138   0.000
  28 4351.4  11/2-   1/2  30   -0.27    3.65    3.65    1.65    0.79      17.64   17.64   -0.00   -0.71      2.150   2.150  -0.000
  29 4780.1  13/2-  -3/2  31   -0.28    4.08    4.08    2.47    1.45      19.53   19.53    0.00   -0.07      2.381   2.381   0.000
  30 5878.6   1/2-   1/2  40    0.50   16.11   16.11    0.25   -0.63      17.15   17.15    0.00   -5.64      2.091   2.091   0.000
  
  31 6329.4  13/2-  -3/2  37   -0.72    3.32    3.32    1.93    0.50      25.20   25.20   -0.00   -0.72      3.073   3.073  -0.000
  32 7435.1   1/2-   1/2  28    0.50   23.80   23.80    0.25   -3.32      27.17   27.17    0.00   -6.88      3.313   3.313   0.000
