1SPECTRUM OF (Z= 82 A=207) IN PARTICLE-ROTOR  MODEL WITH MODIFIED OSCILLATOR POTENTIAL


 PARITY=-   EPS= 0.377   GAMMA=  0.0   EPS4=0.000   EPS6=0.000   LEVELS:  26  27  28  29  30  31  32  33  34  35  36  37  38  39  40

 PAIRING FACTORS: GN0= 19.20  GN1=  7.40  IPAIR= 15 ***  E2PLUS(INPUT)=   0.730  E2PLUR(INPUT)=   0.000

 CORIOLIS ATTENUATION PARAMETERS:  CHSI=1.000  ETA=  1.00

 MOMENT OF INERTIA PARAMETERS:   A1=  0.122 MEV   A2=  0.122 MEV   A3=121.91923 MEV


 DELTA=0.866 MEV  LAMBDA=53.4446 MEV   HW0= 7.5422 MEV   LAMBDA/HW0= 7.0860

 E2ENERGY=0.730 MEV  HBAR**2/B=26353./A**(7/3)=4455.0/A**2 MEV

 IREC=0  =>  RECOIL TERMS j+j-, j+j+, jzjz, ETC TREATED AS ONE-BODY OPERATORS WITH UU+VV PAIRING FACTORS



 S. P. LEVEL   EQP       U     V        (UU + VV)**1.00

     26       2.882    0.152 0.988      1.000 1.000 0.999 0.994 0.957 0.931 0.808 0.684 0.503 0.416 0.363 0.290 0.278 0.270 0.264
     27       2.700    0.162 0.987      1.000 1.000 1.000 0.996 0.960 0.935 0.815 0.692 0.512 0.426 0.372 0.300 0.288 0.280 0.274
     28       2.323    0.190 0.982      0.999 1.000 1.000 0.998 0.967 0.945 0.830 0.711 0.536 0.451 0.398 0.327 0.315 0.307 0.301
     29       1.755    0.255 0.967      0.994 0.996 0.998 1.000 0.982 0.964 0.866 0.757 0.591 0.509 0.459 0.389 0.378 0.370 0.364
     30       1.110    0.433 0.901      0.957 0.960 0.967 0.982 1.000 0.997 0.945 0.866 0.733 0.662 0.618 0.556 0.545 0.539 0.533
     31       0.998    0.501 0.865      0.931 0.935 0.945 0.964 0.997 1.000 0.967 0.903 0.783 0.718 0.677 0.619 0.609 0.602 0.597
     32       0.866    0.705 0.710      0.808 0.815 0.830 0.866 0.945 0.967 1.000 0.982 0.915 0.871 0.842 0.798 0.790 0.785 0.781
     33       0.929    0.825 0.565      0.684 0.692 0.711 0.757 0.866 0.903 0.982 1.000 0.975 0.948 0.928 0.897 0.891 0.887 0.884
     34       1.271    0.931 0.366      0.503 0.512 0.536 0.591 0.733 0.783 0.915 0.975 1.000 0.995 0.988 0.973 0.970 0.968 0.966
     35       1.649    0.962 0.273      0.416 0.426 0.451 0.509 0.662 0.718 0.871 0.948 0.995 1.000 0.998 0.991 0.989 0.988 0.987
     36       2.046    0.976 0.217      0.363 0.372 0.398 0.459 0.618 0.677 0.842 0.928 0.988 0.998 1.000 0.997 0.996 0.995 0.995
     37       3.098    0.990 0.141      0.290 0.300 0.327 0.389 0.556 0.619 0.798 0.897 0.973 0.991 0.997 1.000 1.000 1.000 1.000
     38       3.384    0.992 0.129      0.278 0.288 0.315 0.378 0.545 0.609 0.790 0.891 0.970 0.989 0.996 1.000 1.000 1.000 1.000
     39       3.610    0.993 0.121      0.270 0.280 0.307 0.370 0.539 0.602 0.785 0.887 0.968 0.988 0.995 1.000 1.000 1.000 1.000
     40       3.804    0.993 0.115      0.264 0.274 0.301 0.364 0.533 0.597 0.781 0.884 0.966 0.987 0.995 1.000 1.000 1.000 1.000

  R CORE   ENERGY   A0R/A00=1.000    R3= 0     2  
   2( 1)    0.732                    1.000 0.000
   2( 2)  487.921                    0.000 1.000

  R CORE   ENERGY   A0R/A00=1.000    R3= 0     2  
   3( 1)  488.652                    0.000 1.000

  R CORE   ENERGY   A0R/A00=1.000    R3= 0     2     4  
   4( 1)    2.438                    1.000 0.000 0.000

  R CORE   ENERGY   A0R/A00=1.000    R3= 0     2     4  
   5( 1)  490.847                    0.000 1.000 0.000

  R CORE   ENERGY   A0R/A00=1.000    R3= 0     2     4     6  
   6( 1)    5.121                    1.000 0.000 0.000 0.000

  R CORE   ENERGY   A0R/A00=1.000    R3= 0     2     4     6  
   7( 1)  494.017                    0.000 1.000 0.000 0.000

          AXIAL SYMMETRY => K RESTRICTED TO OMEGA

                     K
     S.P. ORB#: 26  2.50
     S.P. ORB#: 27  0.50
     S.P. ORB#: 28 -3.50
     S.P. ORB#: 29 -1.50
     S.P. ORB#: 30  0.50
     S.P. ORB#: 31 -1.50
     S.P. ORB#: 32  2.50
     S.P. ORB#: 33 -3.50
     S.P. ORB#: 34  4.50
     S.P. ORB#: 35  0.50
     S.P. ORB#: 36 -3.50
     S.P. ORB#: 37 -1.50
     S.P. ORB#: 38  2.50
     S.P. ORB#: 39  0.50
     S.P. ORB#: 40 -1.50
 

             ENERGY    K= OMEGA
 
 I=  1/2- (1)  2.402  30:-1.000
 
 I=  1/2- (2)  4.617  27:-0.195
                      35: 0.908
                      39:-0.371
 
 I=  1/2- (3)  7.455  27:-0.398
                      35: 0.272
                      39: 0.876
 
 I=  1/2- (4)  9.261  27: 0.896
                      35: 0.319
                      39: 0.309
 
 I=  1/2- (5)147.301  31: 1.000

             ENERGY    K= OMEGA
 
 I=  3/2- (1)  2.296  30:-0.445
                      31: 0.895
 
 I=  3/2- (2)  2.660  30: 0.864
                      31: 0.436
                      37: 0.252

             ENERGY    K= OMEGA
 
 I=  5/2- (1)  2.750  30: 0.397
                      31: 0.875
                      37:-0.088
                      38:-0.261
 
 I=  5/2- (2)  3.378  26: 0.057
                      30:-0.826
                      31: 0.385
                      37: 0.397
                      38:-0.093
 
 I=  5/2- (3)  4.110  26:-0.116
                      30:-0.223
                      31:-0.188
                      37:-0.460
                      38:-0.831
 
 I=  5/2- (4)  4.608  26: 0.627
                      30: 0.261
                      31:-0.213
                      37: 0.562
                      38:-0.421
 
 I=  5/2- (5)  4.650  27:-0.150
                      29: 0.089
                      35: 0.783
                      39:-0.511
                      40: 0.310

             ENERGY    K= OMEGA
 
 I=  7/2- (1)  1.791  26:-0.162
                      33: 0.985
 
 I=  7/2- (2)  3.326  30: 0.556
                      31:-0.747
                      37: 0.189
                      38:-0.309
 
 I=  7/2- (3)  3.964  27: 0.643
                      29: 0.584
                      32: 0.449
                      35:-0.058
                      36: 0.199
 
 I=  7/2- (4)  4.024  26: 0.073
                      30:-0.725
                      31:-0.538
                      37:-0.362
                      38:-0.219
 
 I=  7/2- (5)  4.207  26:-0.196
                      28:-0.971
                      31: 0.050
                      38:-0.109

             ENERGY    K= OMEGA
 
 I=  9/2- (1)  2.196  26:-0.086
                      28: 0.164
                      33:-0.341
                      34:-0.922
 
 I=  9/2- (2)  2.839  26:-0.218
                      28:-0.097
                      33:-0.908
                      34: 0.339
                      38: 0.050
 
 I=  9/2- (3)  4.281  30: 0.439
                      31: 0.777
                      33:-0.057
                      37:-0.208
                      38:-0.394
 
 I=  9/2- (4)  4.690  27:-0.194
                      29: 0.536
                      32:-0.691
                      35:-0.092
                      36: 0.425
                      40:-0.086
 
 I=  9/2- (5)  5.250  26: 0.148
                      28:-0.185
                      30:-0.680
                      31: 0.451
                      33:-0.055
                      37: 0.505
                      38:-0.139

             ENERGY    K= OMEGA
 
 I= 11/2- (1)  3.330  26: 0.138
                      28: 0.222
                      33:-0.434
                      34: 0.862
 
 I= 11/2- (2)  3.333  27: 0.605
                      29: 0.576
                      32: 0.462
                      35: 0.165
                      36: 0.231
                      40:-0.087
 
 I= 11/2- (3)  4.114  26:-0.254
                      28: 0.146
                      31: 0.063
                      33: 0.848
                      34: 0.431
                      38: 0.070
 
 I= 11/2- (4)  5.111  27: 0.256
                      29: 0.087
                      35:-0.823
                      39:-0.263
                      40: 0.423
 
 I= 11/2- (5)  5.278  30:-0.570
                      31: 0.673
                      33:-0.074
                      37:-0.275
                      38: 0.374

             ENERGY    K= OMEGA
 
 I= 13/2- (1)  4.691  26:-0.181
                      28: 0.261
                      33:-0.485
                      34:-0.815
 
 I= 13/2- (2)  5.170  27:-0.202
                      29: 0.542
                      32:-0.679
                      35:-0.091
                      36: 0.429
                      40:-0.105
 
 I= 13/2- (3)  5.618  26:-0.280
                      28:-0.187
                      31:-0.088
                      33:-0.799
                      34: 0.481
                      38: 0.092
 
 I= 13/2- (4)  6.754  30:-0.449
                      31:-0.714
                      33: 0.104
                      34:-0.056
                      37: 0.278
                      38: 0.442
 
 I= 13/2- (5)  7.085  27:-0.126
                      29: 0.111
                      35: 0.691
                      39:-0.582
                      40: 0.392

             ENERGY     K=-3/2
  32 LEVELS    TIME=  0.0 SEC



 ******************* EXCITATION ENERGIES, DOMINANT CONFIGURATION AND EXPECTATION VALUES (WITH S.P. UU+VV FACTORS) *******************

  NR  Eex(keV)  I   Kdom  NY    <Jz>  <Jx**2> <Jy**2> <Jz**2> <I.j>/|I|  <Rx**2> <Ry**2> <Rz**2> <R.j>/|R|  <HROTx> <HROTy> <HROTz>

   1    0.0   7/2-  -7/2  33   -3.34    2.31    2.31   12.08    3.25       3.31    3.31    0.00   -1.47      0.404   0.404   0.000
   2  404.8   9/2-   9/2  34    3.34    2.50    2.50   19.00    4.14       3.79    3.79    0.00   -1.24      0.462   0.462   0.000
   3  504.2   3/2-  -3/2  31   -1.10    4.92    4.92    1.85    1.29       5.23    5.23    0.00   -2.84      0.637   0.637   0.000
   4  610.9   1/2-   1/2  30    0.50    4.89    4.89    0.25    0.10       5.30    5.30   -0.00   -3.05      0.646   0.646  -0.000
   5  868.4   3/2-   1/2  30   -0.01    4.61    4.61    0.76    0.49       5.93    5.93    0.00   -2.63      0.722   0.722   0.000
  
   6  958.6   5/2-  -3/2  31   -0.91    4.73    4.73    2.21    1.30       6.37    6.37    0.00   -2.19      0.777   0.777   0.000
   7 1047.7   9/2-  -7/2  33   -2.27    2.37    2.37   12.86    2.81       7.21    7.21    0.00   -0.96      0.879   0.879   0.000
   8 1534.5   7/2-  -3/2  31   -0.50    4.61    4.61    2.03    1.35       8.16    8.16    0.00   -1.46      0.994   0.994   0.000
   9 1538.4  11/2-   9/2  34    2.56    2.67    2.67   18.08    3.55       8.37    8.37    0.00   -0.54      1.020   1.020   0.000
  10 1541.2  11/2-   1/2  27    0.04   23.87   23.87    2.85    6.27       5.70    5.70    0.00   -3.88      0.695   0.695   0.000
  
  11 1586.8   5/2-   1/2  30   -0.09    4.27    4.27    0.93    0.38       7.99    7.99    0.00   -2.09      0.974   0.974   0.000
  12 2172.8   7/2-   1/2  27    0.06   22.53   22.53    2.62    5.94       8.14    8.14   -0.00   -5.97      0.992   0.992  -0.000
  13 2232.5   7/2-   1/2  30   -0.24    4.20    4.20    1.42    0.57      10.53   10.53    0.00   -1.65      1.284   1.284   0.000
  14 2318.4   5/2-   5/2  38    1.41    2.07    2.07    4.97    1.65       4.06    4.06    0.00   -1.49      0.495   0.495   0.000
  15 2322.4  11/2-  -7/2  33   -1.58    2.46    2.46   13.28    2.49      12.11   12.11    0.00   -0.68      1.477   1.477   0.000
  
  16 2415.5   7/2-  -7/2  28   -3.18    6.16    6.16   11.88    3.12       7.60    7.60    0.00   -3.03      0.927   0.927   0.001
  17 2489.9   9/2-  -3/2  31   -0.50    4.41    4.41    2.54    1.32      11.48   11.48    0.00   -1.00      1.400   1.400   0.000
  18 2817.0   5/2-   5/2  26    0.92    3.93    3.93    4.40    1.09       7.28    7.28    0.00   -2.37      0.888   0.888   0.000
  19 2825.9   1/2-   1/2  35    0.50   11.21   11.21    0.25    0.93      10.90   10.90    0.00   -4.68      1.329   1.329   0.000
  20 2858.5   5/2-   1/2  35    0.29   11.65   11.65    0.46    2.36       9.26    9.26    0.00   -3.90      1.129   1.129   0.000
  
  21 2898.1   9/2-   5/2  32    0.14   24.08   24.08    5.87    5.23      13.35   13.35    0.00   -5.42      1.627   1.627   0.000
  22 2900.1  13/2-   9/2  34    2.01    2.83    2.83   17.36    3.16      13.84   13.84    0.00   -0.19      1.688   1.688   0.000
  23 3320.1  11/2-   1/2  35    0.13   13.98   13.98    0.64    3.41      11.78   11.78    0.00   -1.69      1.437   1.437   0.000
  24 3378.3  13/2-   5/2  32    0.08   24.12   24.12    5.84    5.18      15.22   15.22    0.00   -3.24      1.855   1.855   0.000
  25 3458.4   9/2-   1/2  30   -0.48    3.93    3.93    1.88    0.55      14.49   14.49    0.00   -1.30      1.767   1.767   0.000
  
  26 3486.4  11/2-  -3/2  31   -0.30    4.37    4.37    2.24    1.33      15.38   15.38    0.00   -0.54      1.875   1.875   0.000
  27 3826.8  13/2-  -7/2  33   -1.11    2.55    2.55   13.50    2.25      17.99   17.99    0.00   -0.49      2.193   2.193   0.000
  28 4963.1  13/2-  -3/2  31   -0.32    4.18    4.18    2.80    1.29      20.93   20.93    0.00   -0.33      2.552   2.552   0.000
  29 5293.2  13/2-   1/2  35    0.17   12.09   12.09    0.60    2.67      18.14   18.14    0.00   -1.02      2.211   2.211   0.000
  30 5663.8   1/2-   1/2  39    0.50   15.94   15.94    0.25   -0.59      16.96   16.96    0.00   -5.61      2.067   2.067   0.000
  
  31 7470.1   1/2-   1/2  27    0.50   23.54   23.54    0.25   -3.41      26.99   26.99    0.00   -6.84      3.291   3.291   0.000
  32*******   1/2-  -3/2  31    0.00    0.00    0.00    0.00    0.00       0.00    0.00   -0.00   -0.00      0.000   0.000  -0.000
