1SPECTRUM OF (Z= 82 A=207) IN PARTICLE-ROTOR  MODEL WITH MODIFIED OSCILLATOR POTENTIAL


 PARITY=-   EPS= 0.277   GAMMA=  0.0   EPS4=0.000   EPS6=0.000   LEVELS:  25  26  27  28  29  30  31  32  33  34  35  36  37  38  39

 PAIRING FACTORS: GN0= 19.20  GN1=  7.40  IPAIR= 15 ***  E2PLUS(INPUT)=   0.730  E2PLUR(INPUT)=   0.000

 CORIOLIS ATTENUATION PARAMETERS:  CHSI=1.000  ETA=  1.00

 MOMENT OF INERTIA PARAMETERS:   A1=  0.122 MEV   A2=  0.122 MEV   A3=121.91923 MEV


 DELTA=0.949 MEV  LAMBDA=53.3179 MEV   HW0= 7.4792 MEV   LAMBDA/HW0= 7.1288

 E2ENERGY=0.730 MEV  HBAR**2/B=14227./A**(7/3)=2405.0/A**2 MEV

 IREC=0  =>  RECOIL TERMS j+j-, j+j+, jzjz, ETC TREATED AS ONE-BODY OPERATORS WITH UU+VV PAIRING FACTORS



 S. P. LEVEL   EQP       U     V        (UU + VV)**1.00

     25       4.114    0.116 0.993      1.000 1.000 0.999 0.982 0.976 0.974 0.927 0.869 0.690 0.431 0.392 0.355 0.296 0.296 0.244
     26       3.590    0.133 0.991      1.000 1.000 1.000 0.985 0.980 0.978 0.933 0.878 0.702 0.446 0.408 0.371 0.312 0.312 0.261
     27       3.039    0.158 0.987      0.999 1.000 1.000 0.989 0.984 0.982 0.942 0.889 0.720 0.469 0.431 0.394 0.336 0.336 0.285
     28       1.639    0.304 0.953      0.982 0.985 0.989 1.000 1.000 0.999 0.981 0.948 0.815 0.595 0.561 0.527 0.473 0.473 0.425
     29       1.526    0.329 0.944      0.976 0.980 0.984 1.000 1.000 1.000 0.986 0.956 0.831 0.617 0.583 0.550 0.496 0.496 0.449
     30       1.486    0.339 0.941      0.974 0.978 0.982 0.999 1.000 1.000 0.988 0.959 0.837 0.625 0.592 0.559 0.506 0.506 0.459
     31       1.125    0.481 0.877      0.927 0.933 0.942 0.981 0.986 0.988 1.000 0.991 0.911 0.738 0.709 0.680 0.633 0.633 0.591
     32       0.994    0.592 0.806      0.869 0.878 0.889 0.948 0.956 0.959 0.991 1.000 0.958 0.821 0.796 0.771 0.730 0.730 0.692
     33       0.987    0.799 0.601      0.690 0.702 0.720 0.815 0.831 0.837 0.911 0.958 1.000 0.951 0.937 0.922 0.896 0.896 0.871
     34       1.551    0.946 0.323      0.431 0.446 0.469 0.595 0.617 0.625 0.738 0.821 0.951 1.000 0.999 0.997 0.990 0.989 0.980
     35       1.749    0.959 0.283      0.392 0.408 0.431 0.561 0.583 0.592 0.709 0.796 0.937 0.999 1.000 0.999 0.995 0.995 0.988
     36       2.003    0.970 0.244      0.355 0.371 0.394 0.527 0.550 0.559 0.680 0.771 0.922 0.997 0.999 1.000 0.998 0.998 0.993
     37       2.636    0.983 0.183      0.296 0.312 0.336 0.473 0.496 0.506 0.633 0.730 0.896 0.990 0.995 0.998 1.000 1.000 0.999
     38       2.640    0.983 0.183      0.296 0.312 0.336 0.473 0.496 0.506 0.633 0.730 0.896 0.989 0.995 0.998 1.000 1.000 0.999
     39       3.682    0.992 0.130      0.244 0.261 0.285 0.425 0.449 0.459 0.591 0.692 0.871 0.980 0.988 0.993 0.999 0.999 1.000

  R CORE   ENERGY   A0R/A00=1.000    R3= 0     2  
   2( 1)    0.732                    1.000 0.000
   2( 2)  487.921                    0.000 1.000

  R CORE   ENERGY   A0R/A00=1.000    R3= 0     2  
   3( 1)  488.652                    0.000 1.000

  R CORE   ENERGY   A0R/A00=1.000    R3= 0     2     4  
   4( 1)    2.438                    1.000 0.000 0.000

  R CORE   ENERGY   A0R/A00=1.000    R3= 0     2     4  
   5( 1)  490.847                    0.000 1.000 0.000

  R CORE   ENERGY   A0R/A00=1.000    R3= 0     2     4     6  
   6( 1)    5.121                    1.000 0.000 0.000 0.000

  R CORE   ENERGY   A0R/A00=1.000    R3= 0     2     4     6  
   7( 1)  494.017                    0.000 1.000 0.000 0.000

          AXIAL SYMMETRY => K RESTRICTED TO OMEGA

                     K
     S.P. ORB#: 25  0.50
     S.P. ORB#: 26  2.50
     S.P. ORB#: 27 -3.50
     S.P. ORB#: 28  0.50
     S.P. ORB#: 29 -3.50
     S.P. ORB#: 30 -1.50
     S.P. ORB#: 31  4.50
     S.P. ORB#: 32  0.50
     S.P. ORB#: 33 -1.50
     S.P. ORB#: 34  2.50
     S.P. ORB#: 35 -1.50
     S.P. ORB#: 36  2.50
     S.P. ORB#: 37  0.50
     S.P. ORB#: 38 -3.50
     S.P. ORB#: 39  0.50
 

             ENERGY    K= OMEGA
 
 I=  1/2- (1)  2.799  28:-0.974
                      37:-0.226
 
 I=  1/2- (2)  2.954  25:-0.068
                      28: 0.224
                      37:-0.972
 
 I=  1/2- (3)  5.563  25: 0.997
                      37:-0.060
 
 I=  1/2- (4)  6.395  32: 0.646
                      39:-0.764
 
 I=  1/2- (5)  9.402  32: 0.764
                      39: 0.646

             ENERGY    K= OMEGA
 
 I=  3/2- (1)  2.223  25: 0.093
                      28: 0.336
                      30: 0.200
                      35: 0.911
                      37:-0.097
 
 I=  3/2- (2)  2.655  25:-0.079
                      28: 0.277
                      30:-0.947
                      35: 0.121
                      37: 0.075
 
 I=  3/2- (3)  2.976  25:-0.220
                      28:-0.834
                      30:-0.153
                      35: 0.393
                      37: 0.279
 
 I=  3/2- (4)  3.689  25:-0.159
                      28:-0.238
                      30:-0.128
                      37:-0.949
 
 I=  3/2- (5)  4.717  32:-0.823
                      33:-0.365
                      39: 0.436

             ENERGY    K= OMEGA
 
 I=  5/2- (1)  2.365  25: 0.159
                      28:-0.309
                      30:-0.467
                      35: 0.393
                      36: 0.703
                      37:-0.110
 
 I=  5/2- (2)  2.857  25: 0.103
                      26:-0.052
                      28: 0.090
                      30:-0.495
                      35:-0.830
                      36: 0.124
                      37:-0.172
 
 I=  5/2- (3)  2.995  25:-0.208
                      28: 0.492
                      30: 0.413
                      35:-0.171
                      36: 0.672
                      37: 0.250
 
 I=  5/2- (4)  3.787  25:-0.172
                      30: 0.304
                      36: 0.098
                      37:-0.932
 
 I=  5/2- (5)  4.170  25: 0.082
                      28:-0.778
                      30: 0.464
                      35:-0.354
                      36: 0.167
                      37: 0.141

             ENERGY    K= OMEGA
 
 I=  7/2- (1)  2.284  26: 0.217
                      27:-0.066
                      29:-0.972
 
 I=  7/2- (2)  3.033  28:-0.297
                      30: 0.386
                      35:-0.500
                      36: 0.714
 
 I=  7/2- (3)  3.197  32: 0.745
                      33: 0.564
                      34: 0.328
                      38: 0.128
                      39:-0.059
 
 I=  7/2- (4)  3.326  25:-0.281
                      28:-0.492
                      29: 0.053
                      30:-0.498
                      35:-0.537
                      36:-0.310
                      37: 0.206
 
 I=  7/2- (5)  4.205  26:-0.051
                      27:-0.100
                      28:-0.528
                      30: 0.673
                      35: 0.122
                      36:-0.490

             ENERGY    K= OMEGA
 
 I=  9/2- (1)  1.938  26:-0.065
                      27: 0.230
                      29:-0.180
                      31:-0.954
 
 I=  9/2- (2)  3.190  26:-0.295
                      27:-0.097
                      29:-0.925
                      30:-0.090
                      31: 0.170
                      36: 0.089
 
 I=  9/2- (3)  3.437  25:-0.321
                      28: 0.443
                      29:-0.116
                      30: 0.588
                      35:-0.313
                      36:-0.453
                      37: 0.186
 
 I=  9/2- (4)  4.461  32: 0.243
                      33:-0.608
                      34: 0.645
                      38:-0.393
 
 I=  9/2- (5)  4.578  25: 0.212
                      26:-0.067
                      27: 0.066
                      28:-0.102
                      30:-0.412
                      35:-0.690
                      36:-0.437
                      37:-0.310

             ENERGY    K= OMEGA
 
 I= 11/2- (1)  2.365  32:-0.691
                      33:-0.577
                      34:-0.389
                      38:-0.190
 
 I= 11/2- (2)  2.952  26:-0.109
                      27:-0.309
                      29: 0.249
                      31:-0.911
 
 I= 11/2- (3)  4.326  26: 0.348
                      27:-0.127
                      29:-0.888
                      30:-0.076
                      31:-0.241
                      35:-0.050
                      36:-0.081
 
 I= 11/2- (4)  4.949  28: 0.357
                      30:-0.443
                      31: 0.051
                      35: 0.504
                      36:-0.644
 
 I= 11/2- (5)  5.181  25:-0.380
                      28:-0.543
                      29: 0.117
                      30:-0.516
                      35:-0.405
                      36:-0.252
                      37: 0.230

             ENERGY    K= OMEGA
 
 I= 13/2- (1)  4.186  26:-0.148
                      27: 0.359
                      29:-0.297
                      31:-0.872
 
 I= 13/2- (2)  4.607  32: 0.228
                      33:-0.588
                      34: 0.653
                      38:-0.419
 
 I= 13/2- (3)  5.331  25:-0.409
                      28: 0.474
                      29: 0.114
                      30: 0.600
                      35:-0.247
                      36:-0.359
                      37: 0.204
 
 I= 13/2- (4)  5.710  25:-0.054
                      26:-0.381
                      27:-0.153
                      28: 0.087
                      29:-0.849
                      31: 0.294
                      35:-0.104
 
 I= 13/2- (5)  7.254  25: 0.215
                      26:-0.066
                      27: 0.072
                      28:-0.090
                      29: 0.066
                      30:-0.282
                      35:-0.667
                      36:-0.544
                      37:-0.329

             ENERGY     K= 1/2
  35 LEVELS    TIME=  0.0 SEC



 ******************* EXCITATION ENERGIES, DOMINANT CONFIGURATION AND EXPECTATION VALUES (WITH S.P. UU+VV FACTORS) *******************

  NR  Eex(keV)  I   Kdom  NY    <Jz>  <Jx**2> <Jy**2> <Jz**2> <I.j>/|I|  <Rx**2> <Ry**2> <Rz**2> <R.j>/|R|  <HROTx> <HROTy> <HROTz>

   1    0.0   9/2-   9/2  31    3.81    2.59    2.59   19.51    4.40       2.82    2.82   -0.00   -1.17      0.344   0.344  -0.000
   2  285.0   3/2-  -3/2  35   -1.24    1.94    1.94    1.99    1.49       1.92    1.92    0.00   -1.52      0.234   0.234   0.000
   3  346.5   7/2-  -7/2  29   -3.20    2.31    2.31   11.94    3.40       2.68    2.68    0.00   -1.33      0.327   0.327   0.000
   4  427.6   5/2-   5/2  36    0.74    2.97    2.97    3.96    2.47       2.00    2.00    0.00   -1.29      0.244   0.244   0.000
   5  427.7  11/2-   1/2  32   -0.01   26.00   26.00    2.26    6.69       5.03    5.03   -0.00   -4.50      0.613   0.613  -0.000
  
   6  717.9   3/2-  -3/2  30   -1.32    4.57    4.57    2.07    1.47       4.64    4.64    0.00   -2.75      0.566   0.566   0.000
   7  861.4   1/2-   1/2  28    0.50    4.47    4.47    0.25    0.50       4.54    4.54    0.00   -2.91      0.554   0.554   0.000
   8  919.6   5/2-  -3/2  35   -1.33    2.08    2.08    2.23    1.01       4.57    4.57    0.00   -1.12      0.557   0.557   0.000
   9 1014.1  11/2-   9/2  31    3.21    2.85    2.85   18.81    3.95       6.52    6.52   -0.00   -0.25      0.795   0.795  -0.000
  10 1016.1   1/2-   1/2  37    0.50    1.50    1.50    0.25    0.60       1.48    1.48    0.00   -1.59      0.181   0.181   0.000
  
  11 1038.0   3/2-   1/2  28    0.14    3.62    3.62    0.61    0.61       4.62    4.62    0.00   -2.19      0.563   0.563   0.000
  12 1057.6   5/2-   5/2  36    1.00    3.37    3.37    3.36    1.74       4.29    4.29    0.00   -1.70      0.523   0.523   0.000
  13 1095.2   7/2-   5/2  36    0.71    2.56    2.56    4.14    1.91       4.92    4.92    0.00   -0.53      0.600   0.600   0.000
  14 1252.2   9/2-  -7/2  29   -2.67    2.46    2.46   11.79    2.95       6.04    6.04    0.00   -0.58      0.737   0.737   0.000
  15 1259.6   7/2-   1/2  32    0.01   25.22   25.22    1.73    6.38       8.65    8.65    0.00   -6.46      1.054   1.054   0.000
  
  16 1388.4   7/2-  -3/2  35   -0.39    2.96    2.96    1.94    1.51       5.82    5.82    0.00   -0.55      0.710   0.710   0.000
  17 1499.1   9/2-  -3/2  30   -0.02    4.18    4.18    2.57    2.37       6.04    6.04    0.00    0.25      0.737   0.737   0.000
  18 1751.0   3/2-   1/2  37    0.47    1.67    1.67    0.28   -0.41       4.48    4.48    0.00   -1.48      0.546   0.546   0.000
  19 1849.4   5/2-   1/2  37    0.33    1.69    1.69    0.49    0.44       5.01    5.01    0.00   -0.81      0.610   0.610   0.000
  20 2232.5   5/2-   1/2  28   -0.12    4.19    4.19    1.10   -0.39      10.27   10.27    0.00   -2.35      1.252   1.252   0.000
  
  21 2248.1  13/2-   9/2  31    2.72    3.07    3.07   18.19    3.63      11.17   11.17    0.00    0.22      1.362   1.362   0.000
  22 2267.9   7/2-  -3/2  30    0.01    3.73    3.73    2.76    0.66      10.36   10.36    0.00   -1.67      1.263   1.263   0.000
  23 2388.7  11/2-  -7/2  29   -2.25    2.55    2.55   11.84    2.66      10.43   10.43    0.00   -0.22      1.271   1.271   0.000
  24 2523.7   9/2-   5/2  34   -0.02   25.63   25.63    5.34    5.72      12.23   12.23   -0.00   -5.69      1.492   1.492  -0.000
  25 2640.1   9/2-  -3/2  35   -0.42    2.29    2.29    2.80    1.07      10.75   10.75   -0.00   -0.44      1.310   1.310  -0.000
  
  26 2669.6  13/2-   5/2  34   -0.04   25.61   25.61    5.61    5.75      12.66   12.66    0.00   -3.32      1.544   1.544   0.000
  27 2779.6   3/2-   1/2  32    0.23   19.45   19.45    0.52    4.34      13.17   13.17   -0.00   -6.04      1.606   1.606  -0.000
  28 3011.2  11/2-   5/2  36    0.43    2.84    2.84    3.73    1.61      12.94   12.94    0.00    0.05      1.578   1.578   0.000
  29 3243.2  11/2-   1/2  28   -0.29    3.41    3.41    1.67    1.55      12.85   12.85    0.00    0.15      1.567   1.567   0.000
  30 3393.3  13/2-  -3/2  30   -0.14    4.65    4.65    2.05    2.40      13.26   13.26    0.00    1.06      1.617   1.617   0.000
  
  31 3625.7   1/2-   1/2  25    0.50    6.08    6.08    0.25    0.69       5.98    5.98    0.00   -3.41      0.729   0.729   0.000
  32 3772.9  13/2-  -7/2  29   -1.86    2.67    2.67   11.81    2.45      15.88   15.88    0.00   -0.01      1.936   1.936   0.000
  33 4457.5   1/2-   1/2  39    0.50   13.33   13.33    0.25   -2.19      15.72   15.72   -0.00   -5.14      1.917   1.917  -0.000
  34 5316.0  13/2-  -3/2  35    0.02    2.12    2.12    3.27    0.96      21.46   21.46    0.00   -0.13      2.617   2.617   0.000
  35 7464.0   1/2-   1/2  32    0.50   26.24   26.24    0.25   -3.63      29.89   29.89   -0.00   -7.23      3.644   3.644  -0.000
  
