1SPECTRUM OF (Z= 82 A=207) IN PARTICLE-ROTOR  MODEL WITH MODIFIED OSCILLATOR POTENTIAL


 PARITY=-   EPS= 0.297   GAMMA=  0.0   EPS4=0.000   EPS6=0.000   LEVELS:  24  25  26  27  28  29  30  31  32  33  34  35  36  37  38

 PAIRING FACTORS: GN0= 19.20  GN1=  7.40  IPAIR= 15 ***  E2PLUS(INPUT)=   0.730  E2PLUR(INPUT)=   0.000

 CORIOLIS ATTENUATION PARAMETERS:  CHSI=1.000  ETA=  1.00

 MOMENT OF INERTIA PARAMETERS:   A1=  0.122 MEV   A2=  0.122 MEV   A3=121.91923 MEV


 DELTA=0.950 MEV  LAMBDA=53.2892 MEV   HW0= 7.4900 MEV   LAMBDA/HW0= 7.1147

 E2ENERGY=0.730 MEV  HBAR**2/B=16356./A**(7/3)=2764.9/A**2 MEV

 IREC=0  =>  RECOIL TERMS j+j-, j+j+, jzjz, ETC TREATED AS ONE-BODY OPERATORS WITH UU+VV PAIRING FACTORS



 S. P. LEVEL   EQP       U     V        (UU + VV)**1.00

     24       5.037    0.095 0.996      1.000 1.000 0.999 0.997 0.970 0.958 0.948 0.928 0.849 0.779 0.450 0.331 0.302 0.280 0.256
     25       4.120    0.116 0.993      1.000 1.000 1.000 0.999 0.975 0.964 0.954 0.936 0.860 0.792 0.469 0.351 0.323 0.301 0.277
     26       3.416    0.140 0.990      0.999 1.000 1.000 1.000 0.980 0.970 0.961 0.944 0.872 0.807 0.491 0.374 0.346 0.324 0.300
     27       2.863    0.168 0.986      0.997 0.999 1.000 1.000 0.985 0.977 0.969 0.953 0.886 0.823 0.515 0.400 0.372 0.351 0.327
     28       1.509    0.334 0.943      0.970 0.975 0.980 0.985 1.000 0.999 0.997 0.991 0.952 0.908 0.654 0.550 0.525 0.506 0.483
     29       1.363    0.376 0.927      0.958 0.964 0.970 0.977 0.999 1.000 0.999 0.996 0.965 0.926 0.687 0.587 0.563 0.544 0.522
     30       1.275    0.408 0.913      0.948 0.954 0.961 0.969 0.997 0.999 1.000 0.998 0.973 0.939 0.712 0.615 0.591 0.573 0.551
     31       1.165    0.459 0.888      0.928 0.936 0.944 0.953 0.991 0.996 0.998 1.000 0.985 0.957 0.750 0.659 0.636 0.618 0.598
     32       0.985    0.607 0.795      0.849 0.860 0.872 0.886 0.952 0.965 0.973 0.985 1.000 0.993 0.854 0.780 0.761 0.746 0.729
     33       0.951    0.698 0.716      0.779 0.792 0.807 0.823 0.908 0.926 0.939 0.957 0.993 1.000 0.910 0.849 0.833 0.820 0.805
     34       1.404    0.932 0.363      0.450 0.469 0.491 0.515 0.654 0.687 0.712 0.750 0.854 0.910 1.000 0.992 0.987 0.983 0.978
     35       2.042    0.971 0.240      0.331 0.351 0.374 0.400 0.550 0.587 0.615 0.659 0.780 0.849 0.992 1.000 1.000 0.999 0.997
     36       2.308    0.978 0.211      0.302 0.323 0.346 0.372 0.525 0.563 0.591 0.636 0.761 0.833 0.987 1.000 1.000 1.000 0.999
     37       2.571    0.982 0.188      0.280 0.301 0.324 0.351 0.506 0.544 0.573 0.618 0.746 0.820 0.983 0.999 1.000 1.000 1.000
     38       2.952    0.987 0.163      0.256 0.277 0.300 0.327 0.483 0.522 0.551 0.598 0.729 0.805 0.978 0.997 0.999 1.000 1.000

  R CORE   ENERGY   A0R/A00=1.000    R3= 0     2  
   2( 1)    0.732                    1.000 0.000
   2( 2)  487.921                    0.000 1.000

  R CORE   ENERGY   A0R/A00=1.000    R3= 0     2  
   3( 1)  488.652                    0.000 1.000

  R CORE   ENERGY   A0R/A00=1.000    R3= 0     2     4  
   4( 1)    2.438                    1.000 0.000 0.000

  R CORE   ENERGY   A0R/A00=1.000    R3= 0     2     4  
   5( 1)  490.847                    0.000 1.000 0.000

  R CORE   ENERGY   A0R/A00=1.000    R3= 0     2     4     6  
   6( 1)    5.121                    1.000 0.000 0.000 0.000

  R CORE   ENERGY   A0R/A00=1.000    R3= 0     2     4     6  
   7( 1)  494.017                    0.000 1.000 0.000 0.000

          AXIAL SYMMETRY => K RESTRICTED TO OMEGA

                     K
     S.P. ORB#: 24  2.50
     S.P. ORB#: 25  0.50
     S.P. ORB#: 26  2.50
     S.P. ORB#: 27 -3.50
     S.P. ORB#: 28  0.50
     S.P. ORB#: 29 -1.50
     S.P. ORB#: 30 -3.50
     S.P. ORB#: 31  0.50
     S.P. ORB#: 32  4.50
     S.P. ORB#: 33 -1.50
     S.P. ORB#: 34  2.50
     S.P. ORB#: 35 -1.50
     S.P. ORB#: 36  2.50
     S.P. ORB#: 37 -3.50
     S.P. ORB#: 38  0.50
 

             ENERGY    K= OMEGA
 
 I=  1/2- (1)  2.700  28:-0.997
                      38:-0.070
 
 I=  1/2- (2)  3.276  25:-0.068
                      28: 0.067
                      38:-0.995
 
 I=  1/2- (3)  5.619  25: 0.997
                      38:-0.065
 
 I=  1/2- (4)  8.110  31:-1.000
 
 I=  1/2- (5)147.254  33: 1.000

             ENERGY    K= OMEGA
 
 I=  3/2- (1)  2.419  25:-0.152
                      28:-0.465
                      29:-0.423
                      35:-0.751
                      38: 0.131
 
 I=  3/2- (2)  2.568  28:-0.435
                      29: 0.870
                      35:-0.230

             ENERGY    K= OMEGA
 
 I=  5/2- (1)  2.468  25: 0.225
                      28:-0.403
                      29:-0.668
                      35: 0.250
                      36: 0.505
                      38:-0.149
 
 I=  5/2- (2)  3.028  24: 0.061
                      25:-0.113
                      26: 0.063
                      28:-0.071
                      29: 0.501
                      35: 0.770
                      36: 0.327
                      38: 0.157
 
 I=  5/2- (3)  3.163  25:-0.130
                      28: 0.512
                      29: 0.061
                      35:-0.357
                      36: 0.759
                      38: 0.110
 
 I=  5/2- (4)  4.042  24:-0.058
                      25: 0.083
                      28: 0.406
                      29:-0.427
                      35: 0.271
                      36:-0.202
                      38: 0.727
 
 I=  5/2- (5)  4.187  25: 0.153
                      28:-0.598
                      29: 0.234
                      35:-0.375
                      36: 0.140
                      38: 0.635

             ENERGY    K= OMEGA
 
 I=  7/2- (1)  2.040  26:-0.211
                      27: 0.073
                      30: 0.973
 
 I=  7/2- (2)  3.185  24: 0.082
                      25:-0.089
                      27:-0.104
                      28: 0.243
                      29:-0.631
                      35: 0.315
                      36:-0.643
 
 I=  7/2- (3)  3.262  31:-0.732
                      33:-0.576
                      34:-0.338
                      37:-0.134
 
 I=  7/2- (4)  3.358  24:-0.063
                      25: 0.294
                      28: 0.626
                      29: 0.403
                      35: 0.555
                      38:-0.200
 
 I=  7/2- (5)  4.200  24:-0.145
                      27: 0.152
                      28:-0.512
                      29: 0.507
                      35: 0.242
                      36:-0.613

             ENERGY    K= OMEGA
 
 I=  9/2- (1)  1.802  24: 0.057
                      26:-0.060
                      27: 0.243
                      30:-0.177
                      32:-0.950
 
 I=  9/2- (2)  2.941  24:-0.067
                      26:-0.286
                      27:-0.124
                      29:-0.109
                      30:-0.924
                      32: 0.152
                      36: 0.074
 
 I=  9/2- (3)  3.419  24:-0.096
                      25: 0.342
                      27:-0.063
                      28:-0.455
                      29:-0.650
                      30: 0.137
                      32:-0.072
                      35: 0.228
                      36: 0.359
                      38:-0.185
 
 I=  9/2- (4)  4.484  31: 0.241
                      33:-0.601
                      34: 0.649
                      37:-0.400
 
 I=  9/2- (5)  4.780  24:-0.106
                      25: 0.139
                      26:-0.068
                      27:-0.052
                      28: 0.078
                      29:-0.382
                      30: 0.060
                      35:-0.770
                      36:-0.406
                      38:-0.219

             ENERGY    K= OMEGA
 
 I= 11/2- (1)  2.505  31:-0.693
                      33:-0.575
                      34:-0.389
                      37:-0.193
 
 I= 11/2- (2)  2.796  24: 0.101
                      26:-0.098
                      27:-0.342
                      30: 0.232
                      32:-0.899
 
 I= 11/2- (3)  4.062  24: 0.100
                      26: 0.337
                      27:-0.167
                      29:-0.125
                      30:-0.888
                      32:-0.185
                      36:-0.087
 
 I= 11/2- (4)  4.991  24:-0.160
                      25: 0.211
                      26: 0.059
                      27: 0.128
                      28:-0.066
                      29: 0.715
                      30:-0.146
                      32:-0.154
                      35:-0.186
                      36: 0.552
                      38:-0.100
 
 I= 11/2- (5)  5.172  25:-0.319
                      28:-0.706
                      29:-0.174
                      30: 0.073
                      35:-0.552
                      36: 0.144
                      38: 0.194

             ENERGY    K= OMEGA
 
 I= 13/2- (1)  3.982  24: 0.146
                      26:-0.126
                      27: 0.414
                      29: 0.068
                      30:-0.256
                      32:-0.847
 
 I= 13/2- (2)  4.719  31: 0.228
                      33:-0.579
                      34: 0.656
                      37:-0.427
 
 I= 13/2- (3)  5.183  24:-0.152
                      25: 0.356
                      26:-0.192
                      27:-0.125
                      28:-0.392
                      29:-0.570
                      30:-0.438
                      35: 0.144
                      36: 0.279
                      38:-0.170
 
 I= 13/2- (4)  5.508  25: 0.212
                      26: 0.326
                      27: 0.144
                      28:-0.266
                      29:-0.278
                      30: 0.753
                      32:-0.249
                      35: 0.159
                      36: 0.119
                      38:-0.101
 
 I= 13/2- (5)  7.491  24:-0.131
                      25: 0.144
                      27:-0.063
                      28: 0.085
                      29:-0.307
                      30: 0.091
                      32:-0.065
                      35:-0.757
                      36:-0.451
                      38:-0.255

             ENERGY     K= 1/2
  32 LEVELS    TIME=  0.0 SEC



 ******************* EXCITATION ENERGIES, DOMINANT CONFIGURATION AND EXPECTATION VALUES (WITH S.P. UU+VV FACTORS) *******************

  NR  Eex(keV)  I   Kdom  NY    <Jz>  <Jx**2> <Jy**2> <Jz**2> <I.j>/|I|  <Rx**2> <Ry**2> <Rz**2> <R.j>/|R|  <HROTx> <HROTy> <HROTz>

   1    0.0   9/2-   9/2  32    3.76    2.64    2.64   19.42    4.41       2.77    2.77    0.00   -1.17      0.337   0.337   0.000
   2  237.5   7/2-  -7/2  30   -3.22    2.29    2.29   11.96    3.39       2.69    2.69   -0.00   -1.33      0.328   0.328  -0.000
   3  616.8   3/2-  -3/2  35   -0.99    2.56    2.56    1.74    1.58       2.26    2.26    0.00   -1.79      0.275   0.275   0.000
   4  665.9   5/2-  -3/2  29   -0.00    4.06    4.06    2.81    2.47       2.53    2.53    0.00   -1.61      0.309   0.309   0.000
   5  702.6  11/2-   1/2  31   -0.01   25.14   25.14    2.26    6.48       5.42    5.42    0.00   -4.20      0.661   0.661   0.000
  
   6  766.0   3/2-  -3/2  29   -1.12    4.61    4.61    1.87    1.42       4.67    4.67    0.00   -2.73      0.569   0.569   0.000
   7  897.8   1/2-   1/2  28    0.50    4.65    4.65    0.25    0.35       4.84    4.84    0.00   -2.97      0.590   0.590   0.000
   8  993.4  11/2-   9/2  32    3.08    3.01    3.01   18.58    4.01       6.19    6.19   -0.00   -0.18      0.755   0.755  -0.000
   9 1139.2   9/2-  -7/2  30   -2.72    2.42    2.42   11.71    2.96       5.91    5.91    0.00   -0.53      0.721   0.721   0.000
  10 1226.0   5/2-  -3/2  35   -0.96    2.19    2.19    2.62    1.18       4.37    4.37    0.00   -1.18      0.532   0.532   0.000
  
  11 1361.0   5/2-   5/2  36    1.39    2.71    2.71    3.98    1.59       4.35    4.35    0.00   -1.58      0.531   0.531   0.000
  12 1382.3   7/2-   5/2  36    0.29    3.44    3.44    3.92    2.01       5.29    5.29    0.00   -0.87      0.645   0.645   0.000
  13 1459.6   7/2-   1/2  31   -0.01   25.14   25.14    1.81    6.36       8.67    8.67    0.00   -6.44      1.058   1.058   0.000
  14 1473.9   1/2-   1/2  38    0.50    1.45    1.45    0.25    0.72       1.33    1.33    0.00   -1.55      0.162   0.162   0.000
  15 1555.9   7/2-   1/2  28   -0.44    3.27    3.27    1.28    1.52       5.76    5.76    0.00   -0.53      0.702   0.702   0.000
  
  16 1617.2   9/2-  -3/2  29   -0.24    4.68    4.68    2.42    2.47       5.96    5.96    0.00    0.15      0.726   0.726   0.000
  17 2179.8  13/2-   9/2  32    2.49    3.40    3.40   17.69    3.76      10.35   10.35    0.00    0.39      1.262   1.262   0.000
  18 2240.2   5/2-   1/2  38    0.08    2.75    2.75    1.03    0.23       6.95    6.95    0.00   -1.57      0.848   0.848   0.000
  19 2259.4  11/2-  -7/2  30   -2.40    2.53    2.53   11.54    2.69      10.07   10.07    0.00   -0.11      1.228   1.228   0.000
  20 2384.5   5/2-   1/2  38    0.15    2.86    2.86    0.77   -0.13       7.99    7.99    0.00   -1.72      0.974   0.974   0.000
  
  21 2397.7   7/2-   5/2  36    0.57    3.22    3.22    3.55    0.88       9.38    9.38    0.00   -1.50      1.144   1.144   0.000
  22 2682.0   9/2-   5/2  34   -0.02   25.22   25.22    5.41    5.57      12.60   12.60    0.00   -5.61      1.536   1.536   0.000
  23 2917.0  13/2-   5/2  34   -0.04   25.18   25.18    5.69    5.59      13.40   13.40    0.00   -3.29      1.634   1.634   0.000
  24 2978.1   9/2-  -3/2  35   -0.64    2.05    2.05    2.90    0.99      10.96   10.96    0.00   -0.45      1.337   1.337   0.000
  25 3188.4  11/2-  -3/2  29    0.02    3.99    3.99    4.27    1.92      12.55   12.55    0.00   -0.16      1.530   1.530   0.000
  
  26 3369.7  11/2-   1/2  28   -0.14    3.28    3.28    1.13    1.46      12.98   12.98    0.00    0.21      1.582   1.582   0.000
  27 3380.4  13/2-  -3/2  29   -0.74    4.39    4.39    4.26    2.58      12.91   12.91    0.00    0.97      1.574   1.574   0.000
  28 3705.7  13/2-  -7/2  30   -1.57    3.16    3.16    9.48    2.40      15.52   15.52   -0.00    0.17      1.892   1.892  -0.000
  29 3816.9   1/2-   1/2  25    0.50    6.28    6.28    0.25    0.68       6.19    6.19    0.00   -3.47      0.755   0.755   0.000
  30 5688.3  13/2-  -3/2  35   -0.42    1.99    1.99    3.15    0.88      21.79   21.79    0.00   -0.15      2.656   2.656   0.000
  
  31 6307.9   1/2-   1/2  31    0.50   24.79   24.79    0.25   -3.69      28.48   28.48    0.00   -7.02      3.473   3.473   0.000
  32*******   1/2-  -3/2  33    0.00    0.00    0.00    0.00   -0.00       0.00    0.00    0.00   -0.00      0.000   0.000   0.000
