1SPECTRUM OF (Z= 82 A=207) IN PARTICLE-ROTOR  MODEL WITH MODIFIED OSCILLATOR POTENTIAL


 PARITY=-   EPS= 0.495   GAMMA=  0.0   EPS4=0.000   EPS6=0.000   LEVELS:  25  26  27  28  29  30  31  32  33  34  35  36  37  38  39

 PAIRING FACTORS: GN0= 19.20  GN1=  7.40  IPAIR= 15 ***  E2PLUS(INPUT)=   0.730  E2PLUR(INPUT)=   0.000

 CORIOLIS ATTENUATION PARAMETERS:  CHSI=1.000  ETA=  1.00

 MOMENT OF INERTIA PARAMETERS:   A1=  0.122 MEV   A2=  0.122 MEV   A3=121.91922 MEV


 DELTA=0.850 MEV  LAMBDA=53.4180 MEV   HW0= 7.6494 MEV   LAMBDA/HW0= 6.9833

 E2ENERGY=0.730 MEV  HBAR**2/B=45432./A**(7/3)=7680.2/A**2 MEV

 IREC=0  =>  RECOIL TERMS j+j-, j+j+, jzjz, ETC TREATED AS ONE-BODY OPERATORS WITH UU+VV PAIRING FACTORS



 S. P. LEVEL   EQP       U     V        (UU + VV)**1.00

     25       4.042    0.106 0.994      1.000 1.000 0.991 0.988 0.981 0.969 0.961 0.574 0.511 0.361 0.331 0.275 0.261 0.234 0.199
     26       3.636    0.118 0.993      1.000 1.000 0.993 0.990 0.983 0.972 0.964 0.584 0.521 0.372 0.343 0.287 0.273 0.245 0.211
     27       1.864    0.234 0.972      0.991 0.993 1.000 1.000 0.998 0.993 0.989 0.676 0.618 0.479 0.452 0.398 0.385 0.359 0.325
     28       1.693    0.260 0.966      0.988 0.990 1.000 1.000 0.999 0.996 0.992 0.695 0.639 0.502 0.475 0.422 0.409 0.383 0.350
     29       1.489    0.299 0.954      0.981 0.983 0.998 0.999 1.000 0.999 0.997 0.724 0.670 0.537 0.510 0.459 0.446 0.420 0.388
     30       1.306    0.347 0.938      0.969 0.972 0.993 0.996 0.999 1.000 0.999 0.758 0.706 0.579 0.553 0.503 0.490 0.466 0.434
     31       1.215    0.378 0.926      0.961 0.964 0.989 0.992 0.997 0.999 1.000 0.779 0.729 0.606 0.580 0.531 0.519 0.495 0.463
     32       1.003    0.875 0.484      0.574 0.584 0.676 0.695 0.724 0.758 0.779 1.000 0.997 0.971 0.963 0.945 0.940 0.930 0.917
     33       1.121    0.909 0.417      0.511 0.521 0.618 0.639 0.670 0.706 0.729 0.997 1.000 0.986 0.980 0.967 0.963 0.955 0.944
     34       1.691    0.966 0.260      0.361 0.372 0.479 0.502 0.537 0.579 0.606 0.971 0.986 1.000 1.000 0.996 0.994 0.991 0.986
     35       1.899    0.973 0.230      0.331 0.343 0.452 0.475 0.510 0.553 0.580 0.963 0.980 1.000 1.000 0.998 0.997 0.995 0.991
     36       2.509    0.985 0.172      0.275 0.287 0.398 0.422 0.459 0.503 0.531 0.945 0.967 0.996 0.998 1.000 1.000 0.999 0.997
     37       2.733    0.988 0.157      0.261 0.273 0.385 0.409 0.446 0.490 0.519 0.940 0.963 0.994 0.997 1.000 1.000 1.000 0.998
     38       3.305    0.992 0.130      0.234 0.245 0.359 0.383 0.420 0.466 0.495 0.930 0.955 0.991 0.995 0.999 1.000 1.000 0.999
     39       4.519    0.996 0.094      0.199 0.211 0.325 0.350 0.388 0.434 0.463 0.917 0.944 0.986 0.991 0.997 0.998 0.999 1.000

  R CORE   ENERGY   A0R/A00=1.000    R3= 0     2  
   2( 1)    0.732                    1.000 0.000
   2( 2)  487.921                    0.000 1.000

  R CORE   ENERGY   A0R/A00=1.000    R3= 0     2  
   3( 1)  488.652                    0.000 1.000

  R CORE   ENERGY   A0R/A00=1.000    R3= 0     2     4  
   4( 1)    2.438                    1.000 0.000 0.000

  R CORE   ENERGY   A0R/A00=1.000    R3= 0     2     4  
   5( 1)  490.847                    0.000 1.000 0.000

  R CORE   ENERGY   A0R/A00=1.000    R3= 0     2     4     6  
   6( 1)    5.121                    1.000 0.000 0.000 0.000

  R CORE   ENERGY   A0R/A00=1.000    R3= 0     2     4     6  
   7( 1)  494.017                    0.000 1.000 0.000 0.000

          AXIAL SYMMETRY => K RESTRICTED TO OMEGA

                     K
     S.P. ORB#: 25  0.50
     S.P. ORB#: 26 -1.50
     S.P. ORB#: 27 -5.50
     S.P. ORB#: 28  2.50
     S.P. ORB#: 29  2.50
     S.P. ORB#: 30  0.50
     S.P. ORB#: 31 -3.50
     S.P. ORB#: 32  0.50
     S.P. ORB#: 33 -1.50
     S.P. ORB#: 34 -3.50
     S.P. ORB#: 35  0.50
     S.P. ORB#: 36 -1.50
     S.P. ORB#: 37 -3.50
     S.P. ORB#: 38  4.50
     S.P. ORB#: 39  4.50
 

             ENERGY    K= OMEGA
 
 I=  1/2- (1)  2.396  32: 0.999
 
 I=  1/2- (2)  4.510  30:-0.907
                      35: 0.421
 
 I=  1/2- (3)  5.859  25: 0.999
 
 I=  1/2- (4)  6.238  30: 0.421
                      35: 0.907
 
 I=  1/2- (5)147.424  33:-1.000

             ENERGY    K= OMEGA
 
 I=  3/2- (1)  2.448  32: 0.720
                      33:-0.694
 
 I=  3/2- (2)  2.679  25:-0.134
                      32:-0.685
                      33:-0.716

             ENERGY    K= OMEGA
 
 I=  5/2- (1)  2.918  25: 0.188
                      28:-0.115
                      32:-0.526
                      33:-0.822
 
 I=  5/2- (2)  3.496  28:-0.931
                      32: 0.347
                      33:-0.101
 
 I=  5/2- (3)  3.636  28:-0.345
                      32:-0.763
                      33: 0.545
 
 I=  5/2- (4)  4.868  26: 0.126
                      29:-0.110
                      30:-0.814
                      35: 0.498
                      36: 0.247
 
 I=  5/2- (5)  6.439  26: 0.470
                      29:-0.836
                      35:-0.282

             ENERGY    K= OMEGA
 
 I=  7/2- (1)  3.154  28: 0.162
                      31: 0.986
 
 I=  7/2- (2)  3.535  28: 0.411
                      31:-0.055
                      32: 0.153
                      33:-0.205
                      37:-0.873
 
 I=  7/2- (3)  3.665  32: 0.781
                      33:-0.567
                      37: 0.253
 
 I=  7/2- (4)  4.064  25:-0.243
                      28: 0.125
                      32:-0.575
                      33:-0.757
                      37: 0.140
 
 I=  7/2- (5)  4.582  28:-0.888
                      31: 0.150
                      33:-0.181
                      37:-0.391

             ENERGY    K= OMEGA
 
 I=  9/2- (1)  3.753  28: 0.191
                      31:-0.727
                      37: 0.172
                      38: 0.635
 
 I=  9/2- (2)  4.438  25: 0.244
                      28:-0.307
                      31:-0.172
                      32:-0.441
                      33:-0.638
                      37:-0.460
                      38: 0.064
 
 I=  9/2- (3)  4.548  25:-0.175
                      28:-0.267
                      31:-0.291
                      32: 0.335
                      33: 0.419
                      37:-0.720
                      38:-0.087
 
 I=  9/2- (4)  4.844  28: 0.338
                      31:-0.549
                      32:-0.097
                      33:-0.071
                      37: 0.090
                      38:-0.748
 
 I=  9/2- (5)  5.398  26: 0.397
                      29:-0.585
                      30:-0.397
                      34: 0.478
                      35: 0.168
                      36: 0.166
                      39:-0.242

             ENERGY    K= OMEGA
 
 I= 11/2- (1)  3.204  27: 1.000
 
 I= 11/2- (2)  4.787  28: 0.223
                      31: 0.699
                      37:-0.223
                      38: 0.641
 
 I= 11/2- (3)  5.381  26:-0.413
                      29:-0.559
                      30:-0.405
                      34:-0.476
                      35:-0.161
                      36:-0.157
                      39:-0.277
 
 I= 11/2- (4)  5.725  28: 0.450
                      31:-0.281
                      32: 0.277
                      33:-0.309
                      37:-0.729
                      38:-0.122
 
 I= 11/2- (5)  5.865  25: 0.090
                      28:-0.124
                      31: 0.138
                      32: 0.791
                      33:-0.447
                      37: 0.363

             ENERGY    K= OMEGA
 
 I= 13/2- (1)  4.786  27:-0.999
 
 I= 13/2- (2)  5.988  26: 0.388
                      29:-0.579
                      30:-0.205
                      34: 0.570
                      36: 0.102
                      39:-0.366
 
 I= 13/2- (3)  6.098  28:-0.249
                      31: 0.681
                      37:-0.254
                      38:-0.636
 
 I= 13/2- (4)  6.902  25: 0.373
                      28:-0.173
                      31:-0.099
                      32:-0.536
                      33:-0.709
                      37:-0.145
                      38: 0.101
 
 I= 13/2- (5)  7.265  25:-0.105
                      28:-0.455
                      31:-0.307
                      32: 0.170
                      33: 0.151
                      37:-0.785
                      38: 0.142

             ENERGY     K= 9/2
  32 LEVELS    TIME=  0.0 SEC



 ******************* EXCITATION ENERGIES, DOMINANT CONFIGURATION AND EXPECTATION VALUES (WITH S.P. UU+VV FACTORS) *******************

  NR  Eex(keV)  I   Kdom  NY    <Jz>  <Jx**2> <Jy**2> <Jz**2> <I.j>/|I|  <Rx**2> <Ry**2> <Rz**2> <R.j>/|R|  <HROTx> <HROTy> <HROTz>

   1    0.0   1/2-   1/2  32    0.50    5.28    5.28    0.25    0.11       5.69    5.69    0.00   -3.18      0.694   0.694   0.000
   2   51.8   3/2-   1/2  32   -0.46    5.27    5.27    1.21    1.07       5.69    5.69    0.00   -2.87      0.694   0.694   0.000
   3  282.5   3/2-  -3/2  33   -0.52    5.29    5.29    1.27    0.72       6.40    6.40    0.00   -2.92      0.780   0.780   0.000
   4  521.5   5/2-  -3/2  33   -0.82    5.41    5.41    1.68    1.21       7.05    7.05    0.00   -2.38      0.859   0.859   0.000
   5  758.0   7/2-  -7/2  31   -3.34    6.33    6.33   12.08    3.11       7.90    7.90    0.00   -3.12      0.963   0.963   0.000
  
   6  807.6  11/2- -11/2  27   -5.49    2.75    2.75   30.24    5.06       5.49    5.49    0.00   -1.66      0.669   0.669   0.000
   7 1100.0   5/2-   5/2  28    2.22    6.07    6.07    5.48    1.84       7.74    7.74    0.00   -3.09      0.944   0.944   0.000
   8 1138.1   7/2-  -7/2  37   -2.31    3.11    3.11   10.54    2.97       4.47    4.47    0.00   -1.66      0.545   0.545   0.000
   9 1239.4   5/2-   1/2  32    0.14    5.40    5.40    1.56    0.09      10.30   10.30    0.00   -2.67      1.255   1.255   0.000
  10 1268.7   7/2-   1/2  32   -0.40    5.08    5.08    1.68    0.89      10.27   10.27    0.00   -1.83      1.252   1.252   0.000
  
  11 1356.5   9/2-  -7/2  31   -0.05    4.68    4.68   15.25    3.62       6.69    6.69    0.00   -1.81      0.816   0.816   0.000
  12 1667.6   7/2-  -3/2  33   -0.70    5.33    5.33    1.75    0.69      11.36   11.36    0.00   -2.03      1.384   1.384   0.000
  13 2041.3   9/2-  -3/2  33   -1.07    4.88    4.88    4.60    1.66      11.32   11.32    0.00   -1.29      1.380   1.380   0.000
  14 2114.0   1/2-   1/2  30    0.50   13.06   13.06    0.25    0.98      12.71   12.71    0.00   -5.06      1.550   1.550   0.000
  15 2151.7   9/2-  -7/2  37   -2.09    3.82    3.82    8.41    2.08      10.05   10.05    0.00   -1.27      1.225   1.225   0.000
  
  16 2185.8   7/2-   5/2  28    1.31    5.59    5.59    7.15    1.45      11.30   11.30    0.00   -2.65      1.378   1.378   0.000
  17 2390.1  13/2- -11/2  27   -5.48    2.75    2.75   30.22    4.33      11.97   11.97    0.00   -1.12      1.460   1.460   0.000
  18 2391.0  11/2-  -7/2  31    0.08    4.58    4.58   15.24    3.24      10.72   10.72    0.00   -1.09      1.307   1.307   0.000
  19 2448.1   9/2-   9/2  38    1.72    4.07    4.07   15.86    2.93       9.80    9.80    0.00   -2.13      1.195   1.195   0.000
  20 2471.9   5/2-   1/2  30    0.37   13.71   13.71    0.48    1.62      13.54   13.54    0.00   -4.44      1.651   1.651   0.000
  
  21 2984.6  11/2-   5/2  29    0.14   21.00   21.00    6.77    4.84      13.30   13.30    0.00   -3.84      1.621   1.621   0.000
  22 3001.2   9/2-   5/2  29    0.14   20.71   20.71    6.59    4.56      13.68   13.68    0.00   -4.84      1.668   1.668   0.000
  23 3328.7  11/2-  -7/2  37   -1.67    3.78    3.78    9.28    1.93      14.77   14.77    0.00   -0.98      1.800   1.800   0.000
  24 3463.1   1/2-   1/2  25    0.50    7.54    7.54    0.25    0.66       7.47    7.47    0.00   -3.82      0.911   0.911   0.000
  25 3468.4  11/2-   1/2  32   -0.47    4.87    4.87    2.55    0.88      18.75   18.75    0.00   -1.15      2.286   2.286   0.000
  
  26 3591.3  13/2-   5/2  29    0.08   21.87   21.87    9.17    5.11      15.17   15.17    0.00   -3.13      1.849   1.849   0.000
  27 3701.9  13/2-  -7/2  31    0.11    4.55    4.55   15.12    2.93      16.02   16.02    0.00   -0.66      1.954   1.954   0.000
  28 3841.2   1/2-   1/2  35    0.50   17.03   17.03    0.25   -0.80      18.22   18.22    0.00   -5.80      2.222   2.222   0.000
  29 4042.1   5/2-   5/2  29    1.45   22.07   22.07    4.88    3.61      18.21   18.21    0.00   -6.35      2.220   2.220   0.000
  30 4505.4  13/2-  -3/2  33   -0.53    5.60    5.60    2.01    1.30      21.88   21.88    0.00   -0.62      2.667   2.667   0.000
  
  31 4868.8  13/2-  -7/2  37   -1.89    3.54    3.54   10.46    1.84      20.31   20.31    0.00   -0.74      2.476   2.476   0.000
  32*******   1/2-  -3/2  33    0.00    0.00    0.00    0.00    0.00       0.00    0.00    0.00   -0.00      0.000   0.000   0.000
