1SPECTRUM OF (Z= 82 A=207) IN PARTICLE-ROTOR  MODEL WITH MODIFIED OSCILLATOR POTENTIAL


 PARITY=-   EPS= 0.349   GAMMA=  0.0   EPS4=0.000   EPS6=0.000   LEVELS:  26  27  28  29  30  31  32  33  34  35  36  37  38  39  40

 PAIRING FACTORS: GN0= 19.20  GN1=  7.40  IPAIR= 15 ***  E2PLUS(INPUT)=   0.730  E2PLUR(INPUT)=   0.000

 CORIOLIS ATTENUATION PARAMETERS:  CHSI=1.000  ETA=  1.00

 MOMENT OF INERTIA PARAMETERS:   A1=  0.122 MEV   A2=  0.122 MEV   A3=121.91924 MEV


 DELTA=0.898 MEV  LAMBDA=53.3730 MEV   HW0= 7.5222 MEV   LAMBDA/HW0= 7.0954

 E2ENERGY=0.730 MEV  HBAR**2/B=22584./A**(7/3)=3817.8/A**2 MEV

 IREC=0  =>  RECOIL TERMS j+j-, j+j+, jzjz, ETC TREATED AS ONE-BODY OPERATORS WITH UU+VV PAIRING FACTORS



 S. P. LEVEL   EQP       U     V        (UU + VV)**1.00

     26       3.067    0.148 0.989      1.000 0.999 0.997 0.975 0.968 0.950 0.829 0.672 0.623 0.348 0.348 0.312 0.296 0.269 0.256
     27       2.508    0.182 0.983      0.999 1.000 0.999 0.982 0.976 0.960 0.848 0.697 0.650 0.380 0.380 0.344 0.329 0.302 0.290
     28       2.069    0.223 0.975      0.997 0.999 1.000 0.989 0.984 0.971 0.869 0.726 0.681 0.418 0.418 0.383 0.368 0.341 0.329
     29       1.328    0.363 0.932      0.975 0.982 0.989 1.000 0.999 0.995 0.932 0.819 0.780 0.546 0.546 0.514 0.500 0.475 0.464
     30       1.244    0.393 0.920      0.968 0.976 0.984 0.999 1.000 0.998 0.943 0.837 0.800 0.573 0.573 0.541 0.527 0.503 0.492
     31       1.117    0.450 0.893      0.950 0.960 0.971 0.995 0.998 1.000 0.962 0.870 0.837 0.624 0.624 0.594 0.580 0.557 0.546
     32       0.901    0.676 0.737      0.829 0.848 0.869 0.932 0.943 0.962 1.000 0.971 0.954 0.813 0.813 0.790 0.780 0.762 0.754
     33       0.972    0.832 0.555      0.672 0.697 0.726 0.819 0.837 0.870 0.971 1.000 0.998 0.928 0.928 0.913 0.906 0.894 0.888
     34       1.037    0.866 0.500      0.623 0.650 0.681 0.780 0.800 0.837 0.954 0.998 1.000 0.950 0.950 0.937 0.932 0.921 0.916
     35       2.239    0.979 0.205      0.348 0.380 0.418 0.546 0.573 0.624 0.813 0.928 0.950 1.000 1.000 0.999 0.999 0.997 0.995
     36       2.239    0.979 0.205      0.348 0.380 0.418 0.546 0.573 0.624 0.813 0.928 0.950 1.000 1.000 0.999 0.999 0.997 0.995
     37       2.720    0.986 0.167      0.312 0.344 0.383 0.514 0.541 0.594 0.790 0.913 0.937 0.999 0.999 1.000 1.000 0.999 0.998
     38       3.002    0.988 0.151      0.296 0.329 0.368 0.500 0.527 0.580 0.780 0.906 0.932 0.999 0.999 1.000 1.000 1.000 0.999
     39       3.662    0.992 0.124      0.269 0.302 0.341 0.475 0.503 0.557 0.762 0.894 0.921 0.997 0.997 0.999 1.000 1.000 1.000
     40       4.087    0.994 0.111      0.256 0.290 0.329 0.464 0.492 0.546 0.754 0.888 0.916 0.995 0.995 0.998 0.999 1.000 1.000

  R CORE   ENERGY   A0R/A00=1.000    R3= 0     2  
   2( 1)    0.732                    1.000 0.000
   2( 2)  487.921                    0.000 1.000

  R CORE   ENERGY   A0R/A00=1.000    R3= 0     2  
   3( 1)  488.652                    0.000 1.000

  R CORE   ENERGY   A0R/A00=1.000    R3= 0     2     4  
   4( 1)    2.438                    1.000 0.000 0.000

  R CORE   ENERGY   A0R/A00=1.000    R3= 0     2     4  
   5( 1)  490.847                    0.000 1.000 0.000

  R CORE   ENERGY   A0R/A00=1.000    R3= 0     2     4     6  
   6( 1)    5.121                    1.000 0.000 0.000 0.000

  R CORE   ENERGY   A0R/A00=1.000    R3= 0     2     4     6  
   7( 1)  494.017                    0.000 1.000 0.000 0.000

          AXIAL SYMMETRY => K RESTRICTED TO OMEGA

                     K
     S.P. ORB#: 26  2.50
     S.P. ORB#: 27 -3.50
     S.P. ORB#: 28  0.50
     S.P. ORB#: 29 -1.50
     S.P. ORB#: 30  0.50
     S.P. ORB#: 31 -1.50
     S.P. ORB#: 32 -3.50
     S.P. ORB#: 33  2.50
     S.P. ORB#: 34  4.50
     S.P. ORB#: 35  0.50
     S.P. ORB#: 36 -3.50
     S.P. ORB#: 37 -1.50
     S.P. ORB#: 38  2.50
     S.P. ORB#: 39  0.50
     S.P. ORB#: 40  4.50
 

             ENERGY    K= OMEGA
 
 I=  1/2- (1)  2.503  30: 0.999
 
 I=  1/2- (2)  4.021  39: 0.999
 
 I=  1/2- (3)  5.614  28:-0.327
                      35: 0.945
 
 I=  1/2- (4)  8.802  28: 0.945
                      35: 0.327
 
 I=  1/2- (5)147.420  31:-1.000

             ENERGY    K= OMEGA
 
 I=  3/2- (1)  2.386  30: 0.408
                      31:-0.912
 
 I=  3/2- (2)  2.679  30:-0.829
                      31:-0.372
                      37:-0.388
                      39: 0.155
 
 I=  3/2- (3)  3.455  30:-0.357
                      31:-0.141
                      37: 0.922
                      39: 0.058
 
 I=  3/2- (4)  4.728  30:-0.139
                      31:-0.094
                      39:-0.986
 
 I=  3/2- (5)  4.875  28: 0.552
                      29: 0.219
                      35:-0.805

             ENERGY    K= OMEGA
 
 I=  5/2- (1)  2.735  30:-0.408
                      31:-0.825
                      37: 0.117
                      38: 0.327
                      39:-0.175
 
 I=  5/2- (2)  3.374  26:-0.062
                      30: 0.713
                      31:-0.402
                      37:-0.565
                      38: 0.083
 
 I=  5/2- (3)  3.734  30: 0.313
                      31: 0.191
                      37: 0.381
                      38: 0.830
                      39: 0.169
 
 I=  5/2- (4)  4.345  26:-0.090
                      30:-0.423
                      31: 0.325
                      37:-0.695
                      38: 0.443
                      39:-0.168
 
 I=  5/2- (5)  4.848  26: 0.930
                      30: 0.057
                      37:-0.051
                      39:-0.359

             ENERGY    K= OMEGA
 
 I=  7/2- (1)  1.723  26:-0.183
                      32: 0.981
 
 I=  7/2- (2)  3.357  30:-0.515
                      31: 0.718
                      37:-0.244
                      38: 0.397
 
 I=  7/2- (3)  3.681  28:-0.692
                      29:-0.585
                      33:-0.389
                      36:-0.170
 
 I=  7/2- (4)  3.904  26: 0.063
                      30:-0.663
                      31:-0.506
                      37:-0.445
                      38:-0.208
                      39: 0.242
 
 I=  7/2- (5)  4.357  26:-0.208
                      27:-0.916
                      30:-0.128
                      31: 0.134
                      37: 0.130
                      38:-0.258

             ENERGY    K= OMEGA
 
 I=  9/2- (1)  1.946  26:-0.079
                      27: 0.178
                      32:-0.276
                      34:-0.941
 
 I=  9/2- (2)  2.712  26: 0.250
                      27: 0.092
                      32: 0.922
                      34:-0.274
 
 I=  9/2- (3)  4.139  30:-0.444
                      31:-0.722
                      37: 0.224
                      38: 0.414
                      39:-0.238
 
 I=  9/2- (4)  4.410  28: 0.190
                      29:-0.495
                      33: 0.643
                      36:-0.502
                      40: 0.229
 
 I=  9/2- (5)  5.211  26:-0.112
                      27: 0.073
                      30: 0.579
                      31:-0.466
                      32: 0.056
                      37:-0.638
                      38: 0.128

             ENERGY    K= OMEGA
 
 I= 11/2- (1)  2.961  28:-0.632
                      29:-0.563
                      33:-0.433
                      35:-0.058
                      36:-0.279
                      40:-0.124
 
 I= 11/2- (2)  3.056  26: 0.133
                      27: 0.242
                      32:-0.373
                      34: 0.886
 
 I= 11/2- (3)  3.932  26:-0.291
                      27: 0.136
                      31: 0.052
                      32: 0.867
                      34: 0.372
                      38: 0.061
 
 I= 11/2- (4)  5.280  30: 0.535
                      31:-0.637
                      32: 0.054
                      37: 0.329
                      38:-0.440
 
 I= 11/2- (5)  5.775  28: 0.502
                      29: 0.147
                      33:-0.400
                      36:-0.621
                      40:-0.425

             ENERGY    K= OMEGA
 
 I= 13/2- (1)  4.386  26:-0.180
                      27: 0.283
                      32:-0.433
                      34:-0.836
 
 I= 13/2- (2)  4.420  28: 0.165
                      29:-0.440
                      33: 0.611
                      36:-0.555
                      40: 0.312
 
 I= 13/2- (3)  5.385  26: 0.318
                      27: 0.177
                      31: 0.076
                      32: 0.817
                      34:-0.433
                      38:-0.080
 
 I= 13/2- (4)  6.502  30: 0.455
                      31: 0.671
                      32:-0.085
                      37:-0.266
                      38:-0.427
                      39: 0.279
 
 I= 13/2- (5)  8.021  26: 0.117
                      27:-0.075
                      30:-0.500
                      31: 0.479
                      32:-0.098
                      37: 0.680
                      38:-0.117
                      39: 0.124

             ENERGY     K= 9/2
  35 LEVELS    TIME=  0.0 SEC



 ******************* EXCITATION ENERGIES, DOMINANT CONFIGURATION AND EXPECTATION VALUES (WITH S.P. UU+VV FACTORS) *******************

  NR  Eex(keV)  I   Kdom  NY    <Jz>  <Jx**2> <Jy**2> <Jz**2> <I.j>/|I|  <Rx**2> <Ry**2> <Rz**2> <R.j>/|R|  <HROTx> <HROTy> <HROTz>

   1    0.0   7/2-  -7/2  32   -3.29    2.31    2.31   12.04    3.31       3.05    3.05   -0.00   -1.42      0.372   0.372  -0.000
   2  223.0   9/2-   9/2  34    3.62    2.52    2.52   19.30    4.22       3.53    3.53   -0.00   -1.25      0.430   0.430  -0.000
   3  663.0   3/2-  -3/2  31   -1.17    4.81    4.81    1.92    1.31       5.11    5.11    0.00   -2.81      0.623   0.623   0.000
   4  780.4   1/2-   1/2  30    0.50    4.80    4.80    0.25    0.17       5.15    5.15   -0.00   -3.02      0.628   0.628  -0.000
   5  955.8   3/2-   1/2  30   -0.08    4.10    4.10    0.83    0.81       4.81    4.81    0.00   -2.40      0.587   0.587   0.000
  
   6  988.6   9/2-  -7/2  32   -2.51    2.40    2.40   12.45    2.86       6.75    6.75   -0.00   -0.82      0.823   0.823  -0.000
   7 1011.6   5/2-  -3/2  31   -0.67    4.44    4.44    2.29    1.57       5.31    5.31    0.00   -2.00      0.647   0.647   0.000
   8 1238.3  11/2-   1/2  28   -0.01   23.89   23.89    3.25    6.37       5.28    5.28   -0.00   -3.98      0.644   0.644  -0.000
   9 1332.6  11/2-   9/2  34    2.88    2.72    2.72   18.42    3.67       7.86    7.86   -0.00   -0.48      0.958   0.958  -0.000
  10 1634.4   7/2-  -3/2  31   -0.34    4.28    4.28    2.37    1.49       7.43    7.43    0.00   -1.30      0.906   0.906   0.000
  
  11 1651.4   5/2-   1/2  30   -0.44    3.64    3.64    1.27    0.62       6.81    6.81    0.00   -1.82      0.830   0.830   0.000
  12 1731.8   3/2-  -3/2  37   -1.24    2.32    2.32    1.99    0.66       3.90    3.90    0.00   -1.91      0.476   0.476   0.000
  13 1958.2   7/2-   1/2  28    0.00   23.57   23.57    2.19    6.10       8.31    8.31   -0.00   -6.16      1.013   1.013  -0.000
  14 2010.7   5/2-   5/2  38    1.52    2.16    2.16    4.76    1.64       4.08    4.08   -0.00   -1.49      0.497   0.497  -0.000
  15 2181.3   7/2-   1/2  30   -0.32    3.65    3.65    1.45    0.84       8.93    8.93    0.00   -1.28      1.089   1.089   0.000
  
  16 2208.8  11/2-  -7/2  32   -1.86    2.48    2.48   12.80    2.56      11.44   11.44    0.00   -0.51      1.395   1.395   0.000
  17 2298.0   1/2-   1/2  39    0.50    1.59    1.59    0.25    0.70       1.49    1.49    0.00   -1.64      0.181   0.181   0.000
  18 2415.9   9/2-  -3/2  31   -0.31    4.11    4.11    2.47    1.54      10.04   10.04    0.00   -0.67      1.224   1.224   0.000
  19 2622.0   5/2-  -3/2  37   -0.27    2.87    2.87    2.65    0.16       8.09    8.09    0.00   -1.97      0.987   0.987   0.000
  20 2633.5   7/2-  -7/2  27   -2.71    5.76    5.76   11.05    2.93       7.52    7.52    0.00   -2.82      0.916   0.916   0.000
  
  21 2662.8  13/2-   9/2  34    2.29    2.90    2.90   17.65    3.30      13.09   13.09   -0.00   -0.09      1.595   1.595  -0.000
  22 2687.4   9/2-   5/2  33    0.04   24.04   24.04    7.30    5.72      11.59   11.59    0.00   -5.59      1.414   1.414   0.000
  23 2697.2  13/2-   5/2  33    0.02   23.82   23.82    8.52    5.95      10.89   10.89    0.00   -3.13      1.328   1.328   0.000
  24 3004.5   3/2-   1/2  39    0.48    1.74    1.74    0.27   -0.46       4.65    4.65    0.00   -1.53      0.567   0.567   0.000
  25 3125.2   5/2-   5/2  26    2.22    5.44    5.44    5.45    1.87       7.02    7.02    0.00   -2.89      0.856   0.856   0.000
  
  26 3151.8   3/2-   1/2  35    0.40   13.64   13.64    0.35    2.32      11.20   11.20    0.00   -4.89      1.366   1.366   0.000
  27 3487.5   9/2-  -3/2  37   -0.72    3.27    3.27    1.78    0.58      13.66   13.66    0.00   -1.04      1.665   1.665   0.000
  28 3557.0  11/2-  -3/2  31   -0.15    4.04    4.04    2.51    1.42      14.71   14.71    0.00   -0.39      1.793   1.793   0.000
  29 3662.0  13/2-  -7/2  32   -1.34    2.57    2.57   13.04    2.34      17.11   17.11   -0.00   -0.31      2.087   2.087  -0.000
  30 3891.3   1/2-   1/2  35    0.50   12.30   12.30    0.25   -1.29      13.92   13.92    0.00   -4.92      1.697   1.697   0.000
  
  31 4051.7  11/2-  -7/2  36   -0.04   22.89   22.89    9.48    5.23      14.22   14.22    0.00   -4.50      1.734   1.734   0.000
  32 4778.6  13/2-  -3/2  31   -0.20    3.95    3.95    2.53    1.48      19.28   19.28    0.00   -0.02      2.351   2.351   0.000
  33 6298.1  13/2-  -3/2  37   -0.89    3.02    3.02    1.99    0.52      24.75   24.75    0.00   -0.62      3.017   3.017   0.000
  34 7078.8   1/2-   1/2  28    0.50   23.99   23.99    0.25   -3.52      27.54   27.54    0.00   -6.91      3.357   3.357   0.000
  35*******   1/2-  -3/2  31    0.00    0.00    0.00    0.00    0.00       0.00    0.00   -0.00   -0.00      0.000   0.000  -0.000
  
