1SPECTRUM OF (Z= 82 A=207) IN PARTICLE-ROTOR  MODEL WITH MODIFIED OSCILLATOR POTENTIAL


 PARITY=-   EPS= 0.210   GAMMA=  0.0   EPS4=0.000   EPS6=0.000   LEVELS:  24  25  26  27  28  29  30  31  32  33  34  35  36  37  38

 PAIRING FACTORS: GN0= 19.20  GN1=  7.40  IPAIR= 15 ***  E2PLUS(INPUT)=   0.730  E2PLUR(INPUT)=   0.000

 CORIOLIS ATTENUATION PARAMETERS:  CHSI=1.000  ETA=  1.00

 MOMENT OF INERTIA PARAMETERS:   A1=  0.122 MEV   A2=  0.122 MEV   A3=121.91923 MEV


 DELTA=0.946 MEV  LAMBDA=53.4867 MEV   HW0= 7.4493 MEV   LAMBDA/HW0= 7.1801

 E2ENERGY=0.730 MEV  HBAR**2/B= 8177./A**(7/3)=1382.3/A**2 MEV

 IREC=0  =>  RECOIL TERMS j+j-, j+j+, jzjz, ETC TREATED AS ONE-BODY OPERATORS WITH UU+VV PAIRING FACTORS



 S. P. LEVEL   EQP       U     V        (UU + VV)**1.00

     24       5.205    0.091 0.996      1.000 1.000 1.000 0.999 0.995 0.990 0.988 0.987 0.655 0.557 0.500 0.420 0.392 0.328 0.259
     25       4.191    0.114 0.994      1.000 1.000 1.000 1.000 0.997 0.993 0.992 0.990 0.672 0.575 0.520 0.441 0.412 0.349 0.281
     26       4.082    0.117 0.993      1.000 1.000 1.000 1.000 0.997 0.993 0.992 0.991 0.674 0.578 0.522 0.443 0.415 0.352 0.284
     27       3.662    0.130 0.991      0.999 1.000 1.000 1.000 0.998 0.995 0.994 0.992 0.684 0.589 0.534 0.456 0.428 0.364 0.297
     28       2.551    0.189 0.982      0.995 0.997 0.997 0.998 1.000 0.999 0.999 0.998 0.726 0.636 0.583 0.507 0.480 0.419 0.353
     29       2.113    0.230 0.973      0.990 0.993 0.993 0.995 0.999 1.000 1.000 1.000 0.755 0.668 0.617 0.543 0.517 0.457 0.392
     30       2.023    0.241 0.971      0.988 0.992 0.992 0.994 0.999 1.000 1.000 1.000 0.762 0.676 0.626 0.553 0.526 0.467 0.402
     31       1.950    0.250 0.968      0.987 0.990 0.991 0.992 0.998 1.000 1.000 1.000 0.768 0.683 0.633 0.561 0.535 0.476 0.411
     32       0.998    0.812 0.583      0.655 0.672 0.674 0.684 0.726 0.755 0.762 0.768 1.000 0.992 0.982 0.961 0.952 0.928 0.900
     33       1.125    0.878 0.479      0.557 0.575 0.578 0.589 0.636 0.668 0.676 0.683 0.992 1.000 0.998 0.988 0.982 0.967 0.947
     34       1.242    0.908 0.419      0.500 0.520 0.522 0.534 0.583 0.617 0.626 0.633 0.982 0.998 1.000 0.996 0.993 0.982 0.966
     35       1.495    0.942 0.336      0.420 0.441 0.443 0.456 0.507 0.543 0.553 0.561 0.961 0.988 0.996 1.000 1.000 0.995 0.985
     36       1.622    0.952 0.306      0.392 0.412 0.415 0.428 0.480 0.517 0.526 0.535 0.952 0.982 0.993 1.000 1.000 0.998 0.990
     37       2.029    0.971 0.240      0.328 0.349 0.352 0.364 0.419 0.457 0.467 0.476 0.928 0.967 0.982 0.995 0.998 1.000 0.997
     38       2.822    0.985 0.170      0.259 0.281 0.284 0.297 0.353 0.392 0.402 0.411 0.900 0.947 0.966 0.985 0.990 0.997 1.000

  R CORE   ENERGY   A0R/A00=1.000    R3= 0     2  
   2( 1)    0.732                    1.000 0.000
   2( 2)  487.921                    0.000 1.000

  R CORE   ENERGY   A0R/A00=1.000    R3= 0     2  
   3( 1)  488.652                    0.000 1.000

  R CORE   ENERGY   A0R/A00=1.000    R3= 0     2     4  
   4( 1)    2.438                    1.000 0.000 0.000

  R CORE   ENERGY   A0R/A00=1.000    R3= 0     2     4  
   5( 1)  490.847                    0.000 1.000 0.000

  R CORE   ENERGY   A0R/A00=1.000    R3= 0     2     4     6  
   6( 1)    5.121                    1.000 0.000 0.000 0.000

  R CORE   ENERGY   A0R/A00=1.000    R3= 0     2     4     6  
   7( 1)  494.017                    0.000 1.000 0.000 0.000

          AXIAL SYMMETRY => K RESTRICTED TO OMEGA

                     K
     S.P. ORB#: 24  2.50
     S.P. ORB#: 25  2.50
     S.P. ORB#: 26  0.50
     S.P. ORB#: 27 -3.50
     S.P. ORB#: 28 -3.50
     S.P. ORB#: 29  0.50
     S.P. ORB#: 30  4.50
     S.P. ORB#: 31 -1.50
     S.P. ORB#: 32 -1.50
     S.P. ORB#: 33  2.50
     S.P. ORB#: 34  0.50
     S.P. ORB#: 35 -1.50
     S.P. ORB#: 36  0.50
     S.P. ORB#: 37  2.50
     S.P. ORB#: 38 -3.50
 

             ENERGY    K= OMEGA
 
 I=  1/2- (1)  1.888  26:-0.057
                      36:-0.998
 
 I=  1/2- (2)  3.181  29: 0.999
 
 I=  1/2- (3)  5.326  26: 0.998
                      36:-0.058
 
 I=  1/2- (4)  9.045  34: 1.000
 
 I=  1/2- (5)147.301  32:-1.000

             ENERGY    K= OMEGA
 
 I=  3/2- (1)  1.495  29: 0.183
                      31: 0.100
                      32: 0.974
                      36:-0.070
 
 I=  3/2- (2)  2.518  29: 0.189
                      31: 0.187
                      32:-0.124
                      36:-0.956

             ENERGY    K= OMEGA
 
 I=  5/2- (1)  1.603  26:-0.052
                      29: 0.140
                      31: 0.176
                      32:-0.450
                      33:-0.861
                      36: 0.050
 
 I=  5/2- (2)  2.136  29: 0.203
                      31:-0.174
                      32:-0.854
                      33: 0.440
                      36:-0.059
 
 I=  5/2- (3)  2.542  29:-0.197
                      31:-0.262
                      33:-0.142
                      36:-0.932
 
 I=  5/2- (4)  3.293  24: 0.073
                      26:-0.357
                      29: 0.423
                      31: 0.729
                      32: 0.068
                      33: 0.183
                      36:-0.343
 
 I=  5/2- (5)  4.486  24: 0.064
                      26: 0.074
                      29:-0.813
                      31: 0.509
                      32:-0.248
                      33: 0.096

             ENERGY    K= OMEGA
 
 I=  7/2- (1)  2.243  29: 0.191
                      31:-0.207
                      32: 0.534
                      33:-0.796
 
 I=  7/2- (2)  2.801  25: 0.085
                      26: 0.171
                      28:-0.143
                      29: 0.333
                      31: 0.313
                      32: 0.692
                      33: 0.467
                      36:-0.183
 
 I=  7/2- (3)  3.283  24: 0.051
                      25:-0.230
                      27:-0.111
                      28: 0.951
                      29: 0.078
                      32: 0.099
                      33: 0.081
                      36:-0.051
 
 I=  7/2- (4)  3.607  34:-0.732
                      35:-0.572
                      37:-0.343
                      38:-0.140
 
 I=  7/2- (5)  4.049  24: 0.070
                      26:-0.155
                      29:-0.159
                      31:-0.400
                      32: 0.326
                      33: 0.270
                      36: 0.777

             ENERGY    K= OMEGA
 
 I=  9/2- (1)  2.736  24: 0.075
                      25: 0.073
                      26:-0.055
                      27: 0.284
                      28: 0.159
                      29: 0.085
                      30:-0.893
                      31: 0.119
                      32:-0.133
                      33:-0.204
 
 I=  9/2- (2)  2.943  26: 0.184
                      28: 0.066
                      29:-0.303
                      30:-0.291
                      31:-0.363
                      32: 0.461
                      33: 0.644
                      36:-0.160
 
 I=  9/2- (3)  3.917  24: 0.097
                      25:-0.223
                      26:-0.070
                      27: 0.114
                      28:-0.474
                      29:-0.126
                      30:-0.052
                      31: 0.319
                      32: 0.668
                      33:-0.254
                      36: 0.259
 
 I=  9/2- (4)  4.103  25: 0.075
                      26:-0.161
                      27:-0.051
                      28: 0.238
                      29: 0.305
                      31: 0.239
                      33: 0.477
                      36: 0.728
 
 I=  9/2- (5)  4.248  24: 0.060
                      25:-0.225
                      27: 0.107
                      28:-0.749
                      29: 0.203
                      30:-0.125
                      31:-0.114
                      32:-0.421
                      33: 0.355

             ENERGY    K= OMEGA
 
 I= 11/2- (1)  2.519  34:-0.691
                      35:-0.576
                      37:-0.392
                      38:-0.193
 
 I= 11/2- (2)  3.642  24: 0.123
                      25: 0.112
                      27:-0.388
                      28:-0.212
                      30:-0.857
                      31:-0.089
                      32: 0.093
                      33:-0.157
 
 I= 11/2- (3)  4.192  28:-0.058
                      29:-0.279
                      30:-0.210
                      31: 0.276
                      32:-0.565
                      33: 0.691
 
 I= 11/2- (4)  4.739  24:-0.107
                      25: 0.172
                      26: 0.273
                      27: 0.100
                      28:-0.303
                      29: 0.381
                      31: 0.420
                      32: 0.510
                      33: 0.393
                      36:-0.216
 
 I= 11/2- (5)  5.302  24:-0.092
                      25: 0.332
                      26:-0.131
                      27: 0.172
                      28:-0.827
                      29:-0.199
                      30: 0.178
                      31:-0.146
                      32:-0.145
                      33:-0.150
                      36: 0.122

             ENERGY    K= OMEGA
 
 I= 13/2- (1)  4.678  24: 0.169
                      25: 0.127
                      26:-0.157
                      27: 0.413
                      28: 0.194
                      29: 0.196
                      30:-0.689
                      31: 0.268
                      32:-0.204
                      33:-0.291
                      36: 0.102
 
 I= 13/2- (2)  4.788  34:-0.235
                      35: 0.586
                      37:-0.651
                      38: 0.422
 
 I= 13/2- (3)  5.044  25:-0.062
                      26:-0.275
                      27:-0.184
                      28:-0.161
                      29: 0.362
                      30: 0.466
                      31: 0.410
                      32:-0.346
                      33:-0.429
                      36: 0.197
 
 I= 13/2- (4)  6.356  24: 0.175
                      25:-0.359
                      26:-0.073
                      27: 0.196
                      28:-0.658
                      29:-0.097
                      30:-0.113
                      31: 0.240
                      32: 0.502
                      36: 0.171
 
 I= 13/2- (5)  6.681  25:-0.113
                      26: 0.194
                      27: 0.092
                      28:-0.320
                      29:-0.219
                      31:-0.216
                      32:-0.289
                      33:-0.514
                      36:-0.628

             ENERGY     K=-7/2
  32 LEVELS    TIME=  0.0 SEC



 ******************* EXCITATION ENERGIES, DOMINANT CONFIGURATION AND EXPECTATION VALUES (WITH S.P. UU+VV FACTORS) *******************

  NR  Eex(keV)  I   Kdom  NY    <Jz>  <Jx**2> <Jy**2> <Jz**2> <I.j>/|I|  <Rx**2> <Ry**2> <Rz**2> <R.j>/|R|  <HROTx> <HROTy> <HROTz>

   1    0.0   3/2-  -3/2  32   -1.42    1.60    1.60    2.17    1.42       1.81    1.81   -0.00   -1.37      0.221   0.221  -0.000
   2  107.7   5/2-   5/2  33    1.52    1.85    1.85    5.17    2.36       1.83    1.83    0.00   -0.99      0.223   0.223   0.000
   3  392.5   1/2-   1/2  36    0.50    1.27    1.27    0.25    0.82       1.06    1.06    0.00   -1.43      0.129   0.129   0.000
   4  640.8   5/2-  -3/2  32   -0.63    1.60    1.60    2.94    1.09       4.22    4.22   -0.00   -1.00      0.515   0.515  -0.000
   5  747.9   7/2-   5/2  33    1.10    1.97    1.97    4.73    1.96       4.42    4.42    0.00   -0.29      0.538   0.538   0.000
  
   6 1023.1   3/2-   1/2  36    0.40    1.49    1.49    0.35   -0.02       3.59    3.59    0.00   -1.26      0.438   0.438   0.000
   7 1024.0  11/2-   1/2  34   -0.00   27.62   27.62    2.28    7.10       4.16    4.16    0.00   -5.22      0.507   0.507   0.000
   8 1047.2   5/2-   1/2  36    0.40    1.85    1.85    0.51    0.97       3.61    3.61    0.00   -0.50      0.440   0.440   0.000
   9 1241.3   9/2-   9/2  30    3.31    2.83    2.83   17.86    4.36       2.42    2.42    0.00   -0.82      0.295   0.295   0.000
  10 1306.1   7/2-  -3/2  32   -0.29    1.90    1.90    3.04    1.42       5.66    5.66    0.00   -0.36      0.691   0.691   0.000
  
  11 1448.1   9/2-   5/2  33    0.96    2.78    2.78    5.18    2.37       5.94    5.94    0.00    0.31      0.724   0.724   0.000
  12 1685.8   1/2-   1/2  29    0.50    4.18    4.18    0.25    0.36       4.37    4.37    0.00   -2.81      0.533   0.533   0.000
  13 1788.2   7/2-  -7/2  28   -3.06    2.26    2.26   11.64    3.34       2.68    2.68   -0.00   -1.25      0.327   0.327  -0.000
  14 1797.5   5/2-  -3/2  31   -0.50    3.74    3.74    1.56    1.49       4.49    4.49    0.00   -1.55      0.547   0.547   0.000
  15 2111.5   7/2-   1/2  34    0.00   27.73   27.73    1.85    6.97       8.85    8.85    0.00   -7.04      1.079   1.079   0.000
  
  16 2146.5  11/2-   9/2  30    2.73    3.25    3.25   17.62    4.11       5.35    5.35    0.00    0.14      0.652   0.652   0.000
  17 2421.6   9/2-  -3/2  32   -1.29    1.93    1.93    5.00    1.60       8.84    8.84   -0.00   -0.21      1.077   1.077  -0.000
  18 2554.3   7/2-   1/2  36    0.12    2.25    2.25    1.27    0.25       9.78    9.78    0.00   -1.08      1.192   1.192   0.000
  19 2607.6   9/2-   1/2  36    0.62    2.37    2.37    2.49    1.24       9.81    9.81    0.00   -0.24      1.195   1.195   0.000
  20 2697.1  11/2-   5/2  33    0.83    2.25    2.25    4.83    1.77      11.98   11.98    0.00    0.25      1.461   1.461   0.000
  
  21 2753.2   9/2-  -7/2  28   -1.74    2.15    2.15    8.89    2.10       8.53    8.53   -0.00   -0.67      1.040   1.040  -0.000
  22 2990.8   5/2-   1/2  29   -0.11    4.22    4.22    0.97   -0.35      10.13   10.13    0.00   -2.32      1.235   1.235   0.000
  23 3183.0  13/2-   9/2  30    1.60    3.84    3.84   13.25    3.64       9.45    9.45    0.00    1.03      1.152   1.152   0.000
  24 3244.2  11/2-  -3/2  32   -0.39    2.45    2.45    3.52    1.76      11.57   11.57   -0.00    0.43      1.411   1.411  -0.000
  25 3293.3  13/2-   5/2  37   -0.05   26.76   26.76    5.62    6.05      11.67   11.67    0.00   -3.49      1.422   1.422   0.000
  
  26 3549.2  13/2-   9/2  30    0.93    3.52    3.52    7.03    2.68      12.67   12.67    0.00    0.93      1.545   1.545   0.000
  27 3806.5  11/2-  -7/2  28   -2.03    2.47    2.47   10.37    2.48      10.72   10.72   -0.00   -0.11      1.307   1.307  -0.000
  28 3830.6   1/2-   1/2  26    0.50    5.24    5.24    0.25    0.69       5.14    5.14    0.00   -3.16      0.627   0.627   0.000
  29 4860.7  13/2-  -7/2  28   -1.63    2.37    2.37    7.76    2.08      16.11   16.11    0.00    0.36      1.964   1.964   0.000
  30 5186.2  13/2-   1/2  36    0.36    2.22    2.22    3.53    1.15      20.37   20.37    0.00    0.00      2.483   2.483   0.000
  
  31 7549.9   1/2-   1/2  34    0.50   28.03   28.03    0.25   -4.01      32.00   32.00    0.00   -7.47      3.902   3.902   0.000
  32*******   1/2-  -3/2  32    0.00    0.00    0.00    0.00   -0.00       0.00    0.00    0.00   -0.00      0.000   0.000   0.000
