1SPECTRUM OF (Z= 82 A=207) IN PARTICLE-ROTOR  MODEL WITH MODIFIED OSCILLATOR POTENTIAL


 PARITY=-   EPS= 0.439   GAMMA=  0.0   EPS4=0.000   EPS6=0.000   LEVELS:  26  27  28  29  30  31  32  33  34  35  36  37  38  39  40

 PAIRING FACTORS: GN0= 19.20  GN1=  7.40  IPAIR= 15 ***  E2PLUS(INPUT)=   0.730  E2PLUR(INPUT)=   0.000

 CORIOLIS ATTENUATION PARAMETERS:  CHSI=1.000  ETA=  1.00

 MOMENT OF INERTIA PARAMETERS:   A1=  0.122 MEV   A2=  0.122 MEV   A3=121.91924 MEV


 DELTA=0.853 MEV  LAMBDA=53.4804 MEV   HW0= 7.5937 MEV   LAMBDA/HW0= 7.0427

 E2ENERGY=0.730 MEV  HBAR**2/B=35734./A**(7/3)=6040.8/A**2 MEV

 IREC=0  =>  RECOIL TERMS j+j-, j+j+, jzjz, ETC TREATED AS ONE-BODY OPERATORS WITH UU+VV PAIRING FACTORS



 S. P. LEVEL   EQP       U     V        (UU + VV)**1.00

     26       2.964    0.145 0.989      1.000 1.000 0.999 0.995 0.957 0.848 0.781 0.770 0.403 0.384 0.338 0.308 0.283 0.247 0.245
     27       2.765    0.156 0.988      1.000 1.000 1.000 0.996 0.960 0.854 0.788 0.777 0.412 0.394 0.348 0.318 0.293 0.257 0.256
     28       2.324    0.187 0.982      0.999 1.000 1.000 0.998 0.969 0.870 0.807 0.796 0.441 0.422 0.377 0.348 0.323 0.287 0.285
     29       1.783    0.247 0.969      0.995 0.996 0.998 1.000 0.982 0.898 0.842 0.832 0.495 0.477 0.433 0.405 0.380 0.346 0.344
     30       1.109    0.425 0.905      0.957 0.960 0.969 0.982 1.000 0.965 0.928 0.922 0.650 0.634 0.595 0.570 0.548 0.516 0.515
     31       0.864    0.647 0.762      0.848 0.854 0.870 0.898 0.965 1.000 0.993 0.991 0.826 0.815 0.785 0.765 0.748 0.723 0.721
     32       0.855    0.731 0.682      0.781 0.788 0.807 0.842 0.928 0.993 1.000 1.000 0.886 0.876 0.851 0.834 0.820 0.798 0.796
     33       0.857    0.743 0.669      0.770 0.777 0.796 0.832 0.922 0.991 1.000 1.000 0.894 0.885 0.861 0.844 0.830 0.808 0.807
     34       1.667    0.964 0.265      0.403 0.412 0.441 0.495 0.650 0.826 0.886 0.894 1.000 1.000 0.998 0.995 0.992 0.986 0.986
     35       1.790    0.969 0.246      0.384 0.394 0.422 0.477 0.634 0.815 0.876 0.885 1.000 1.000 0.999 0.997 0.994 0.990 0.989
     36       2.201    0.980 0.198      0.338 0.348 0.377 0.433 0.595 0.785 0.851 0.861 0.998 0.999 1.000 0.999 0.998 0.995 0.995
     37       2.597    0.986 0.167      0.308 0.318 0.348 0.405 0.570 0.765 0.834 0.844 0.995 0.997 0.999 1.000 1.000 0.998 0.998
     38       3.068    0.990 0.140      0.283 0.293 0.323 0.380 0.548 0.748 0.820 0.830 0.992 0.994 0.998 1.000 1.000 0.999 0.999
     39       4.147    0.995 0.103      0.247 0.257 0.287 0.346 0.516 0.723 0.798 0.808 0.986 0.990 0.995 0.998 0.999 1.000 1.000
     40       4.225    0.995 0.101      0.245 0.256 0.285 0.344 0.515 0.721 0.796 0.807 0.986 0.989 0.995 0.998 0.999 1.000 1.000

  R CORE   ENERGY   A0R/A00=1.000    R3= 0     2  
   2( 1)    0.732                    1.000 0.000
   2( 2)  487.921                    0.000 1.000

  R CORE   ENERGY   A0R/A00=1.000    R3= 0     2  
   3( 1)  488.652                    0.000 1.000

  R CORE   ENERGY   A0R/A00=1.000    R3= 0     2     4  
   4( 1)    2.438                    1.000 0.000 0.000

  R CORE   ENERGY   A0R/A00=1.000    R3= 0     2     4  
   5( 1)  490.847                    0.000 1.000 0.000

  R CORE   ENERGY   A0R/A00=1.000    R3= 0     2     4     6  
   6( 1)    5.121                    1.000 0.000 0.000 0.000

  R CORE   ENERGY   A0R/A00=1.000    R3= 0     2     4     6  
   7( 1)  494.017                    0.000 1.000 0.000 0.000

          AXIAL SYMMETRY => K RESTRICTED TO OMEGA

                     K
     S.P. ORB#: 26 -5.50
     S.P. ORB#: 27 -1.50
     S.P. ORB#: 28  2.50
     S.P. ORB#: 29 -3.50
     S.P. ORB#: 30  2.50
     S.P. ORB#: 31  0.50
     S.P. ORB#: 32 -1.50
     S.P. ORB#: 33  0.50
     S.P. ORB#: 34 -3.50
     S.P. ORB#: 35 -3.50
     S.P. ORB#: 36  4.50
     S.P. ORB#: 37  0.50
     S.P. ORB#: 38 -1.50
     S.P. ORB#: 39 -1.50
     S.P. ORB#: 40  4.50
 

             ENERGY    K= OMEGA
 
 I=  1/2- (1)  2.217  31: 1.000
 
 I=  1/2- (2)  4.005  33: 0.926
                      37:-0.376
 
 I=  1/2- (3)  6.863  33: 0.376
                      37: 0.926
 
 I=  1/2- (4)147.158  32: 1.000
 
 I=  1/2- (5)149.068  27: 1.000

             ENERGY    K= OMEGA
 
 I=  3/2- (1)  2.183  31: 0.568
                      32:-0.822
 
 I=  3/2- (2)  2.487  31:-0.810
                      32:-0.568
                      39:-0.147

             ENERGY    K= OMEGA
 
 I=  5/2- (1)  2.753  28: 0.053
                      31: 0.492
                      32: 0.866
                      39:-0.070
 
 I=  5/2- (2)  3.271  28: 0.083
                      31:-0.833
                      32: 0.488
                      39: 0.248
 
 I=  5/2- (3)  4.109  27:-0.083
                      30: 0.074
                      33: 0.821
                      37:-0.490
                      38:-0.272
 
 I=  5/2- (4)  4.125  28: 0.993
                      31: 0.060
                      32:-0.091
 
 I=  5/2- (5)  5.553  28: 0.066
                      31:-0.247
                      32: 0.059
                      39:-0.965

             ENERGY    K= OMEGA
 
 I=  7/2- (1)  2.575  28:-0.162
                      34: 0.986
 
 I=  7/2- (2)  3.337  31:-0.762
                      32: 0.621
                      39:-0.178
 
 I=  7/2- (3)  3.703  28:-0.183
                      29:-0.978
                      31: 0.077
                      32: 0.059
 
 I=  7/2- (4)  3.964  28: 0.105
                      29:-0.120
                      31:-0.573
                      32:-0.768
                      39:-0.235
 
 I=  7/2- (5)  4.076  27: 0.202
                      30: 0.202
                      33: 0.860
                      35: 0.075
                      37: 0.248
                      38: 0.335

             ENERGY    K= OMEGA
 
 I=  9/2- (1)  3.099  28:-0.103
                      29: 0.243
                      34:-0.368
                      36:-0.891
 
 I=  9/2- (2)  3.674  28: 0.210
                      29: 0.146
                      34: 0.898
                      36:-0.356
 
 I=  9/2- (3)  4.494  28: 0.063
                      29:-0.052
                      31: 0.615
                      32: 0.762
                      39:-0.179
 
 I=  9/2- (4)  4.741  27:-0.305
                      30: 0.425
                      33: 0.626
                      35:-0.290
                      37:-0.384
                      38:-0.291
                      40: 0.137
 
 I=  9/2- (5)  4.882  28:-0.264
                      29: 0.912
                      31: 0.132
                      36: 0.271
                      39:-0.076

             ENERGY    K= OMEGA
 
 I= 11/2- (1)  4.208  26:-0.428
                      28:-0.132
                      29:-0.284
                      34: 0.374
                      36:-0.761
 
 I= 11/2- (2)  4.325  26: 0.903
                      28:-0.073
                      29:-0.137
                      34: 0.207
                      36:-0.342
 
 I= 11/2- (3)  4.609  27:-0.356
                      30:-0.455
                      33:-0.625
                      35:-0.330
                      37:-0.225
                      38:-0.290
                      40:-0.179
 
 I= 11/2- (4)  4.990  28: 0.246
                      29:-0.206
                      32:-0.053
                      34:-0.854
                      36:-0.404
 
 I= 11/2- (5)  5.400  31: 0.807
                      32:-0.523
                      39: 0.272

             ENERGY    K= OMEGA
 
 I= 13/2- (1)  5.408  27:-0.389
                      30: 0.588
                      33: 0.264
                      35:-0.533
                      37:-0.123
                      38:-0.157
                      40: 0.331
 
 I= 13/2- (2)  5.588  26:-0.209
                      28: 0.179
                      29:-0.351
                      34: 0.434
                      36: 0.783
 
 I= 13/2- (3)  5.901  26: 0.976
                      28: 0.056
                      29:-0.077
                      34: 0.137
                      36: 0.138
 
 I= 13/2- (4)  6.538  26:-0.053
                      28: 0.276
                      29: 0.246
                      32: 0.067
                      34: 0.822
                      36:-0.424
 
 I= 13/2- (5)  6.906  30: 0.121
                      33:-0.683
                      35:-0.287
                      37: 0.518
                      38: 0.342
                      40: 0.225

             ENERGY     K= 9/2
  32 LEVELS    TIME=  0.0 SEC



 ******************* EXCITATION ENERGIES, DOMINANT CONFIGURATION AND EXPECTATION VALUES (WITH S.P. UU+VV FACTORS) *******************

  NR  Eex(keV)  I   Kdom  NY    <Jz>  <Jx**2> <Jy**2> <Jz**2> <I.j>/|I|  <Rx**2> <Ry**2> <Rz**2> <R.j>/|R|  <HROTx> <HROTy> <HROTz>

   1    0.0   3/2-  -3/2  32   -0.85    5.14    5.14    1.60    1.24       5.41    5.41    0.00   -2.88      0.660   0.660   0.000
   2   33.3   1/2-   1/2  31    0.50    5.10    5.10    0.25    0.06       5.55    5.55    0.00   -3.12      0.676   0.676   0.000
   3  304.0   3/2-   1/2  31   -0.19    4.97    4.97    0.94    0.48       6.38    6.38    0.00   -2.78      0.778   0.778   0.000
   4  391.8   7/2-  -7/2  34   -3.34    2.34    2.34   12.09    3.18       3.65    3.65    0.00   -1.54      0.445   0.445   0.000
   5  569.2   5/2-  -3/2  32   -1.00    5.16    5.16    1.78    0.92       7.69    7.69    0.00   -2.39      0.938   0.938   0.000
  
   6  916.1   9/2-   9/2  36    2.92    2.65    2.65   18.54    4.06       4.08    4.08    0.00   -1.27      0.497   0.497   0.000
   7 1087.5   5/2-   1/2  31   -0.09    4.81    4.81    0.89    0.21       9.01    9.01    0.00   -2.33      1.098   1.098   0.000
   8 1153.3   7/2-   1/2  31   -0.34    5.10    5.10    1.10    0.96       9.72    9.72    0.00   -1.70      1.185   1.185   0.000
   9 1490.2   9/2-  -7/2  34   -2.22    2.44    2.44   12.99    2.71       7.82    7.82    0.00   -1.11      0.954   0.954   0.000
  10 1519.1   7/2-  -7/2  29   -3.26    6.27    6.27   11.93    3.10       7.82    7.82    0.00   -3.08      0.954   0.954   0.000
  
  11 1780.7   7/2-  -3/2  32   -0.83    4.81    4.81    1.80    0.43      11.87   11.87    0.00   -1.99      1.447   1.447   0.000
  12 1821.1   1/2-   1/2  33    0.50   12.37   12.37    0.25    1.13      11.90   11.90    0.00   -4.92      1.450   1.450   0.000
  13 1892.8   7/2-   1/2  33    0.25   16.13   16.13    0.87    3.29      11.37   11.37    0.00   -4.21      1.386   1.386   0.000
  14 1926.0   5/2-   1/2  33    0.35   12.80   12.80    0.44    2.20      10.90   10.90    0.00   -4.19      1.328   1.328   0.000
  15 1941.2   5/2-   5/2  28    2.45    6.10    6.10    6.19    2.07       7.44    7.44   -0.00   -3.18      0.907   0.907  -0.000
  
  16 2024.1  11/2-   9/2  36    0.87    2.85    2.85   20.07    3.79       8.09    8.09    0.00   -0.77      0.987   0.987   0.000
  17 2141.9  11/2- -11/2  26   -4.16    2.78    2.78   27.84    4.73       6.28    6.28    0.00   -1.44      0.766   0.766   0.000
  18 2310.9   9/2-  -3/2  32   -0.74    5.13    5.13    1.56    0.77      14.44   14.44    0.00   -1.48      1.760   1.760   0.000
  19 2425.7  11/2-   1/2  33    0.18   19.45   19.45    3.86    4.53      12.20   12.20    0.00   -3.18      1.487   1.487   0.000
  20 2557.5   9/2-   1/2  33    0.24   17.03   17.03    3.07    3.68      12.62   12.62    0.00   -3.75      1.538   1.538   0.000
  
  21 2698.3   9/2-  -7/2  29   -2.41    5.92    5.92   12.14    2.40      12.44   12.44    0.00   -2.42      1.517   1.517   0.000
  22 2807.0  11/2-  -7/2  34   -1.82    2.56    2.56   13.18    2.33      13.09   13.09    0.00   -0.85      1.596   1.596   0.000
  23 3216.7  11/2-   1/2  31   -0.20    4.98    4.98    0.96    0.96      17.61   17.61    0.00   -0.88      2.147   2.147   0.000
  24 3224.1  13/2-   5/2  30    0.14   21.98   21.98    8.28    5.20      14.19   14.19    0.00   -2.99      1.730   1.730   0.000
  25 3369.5   5/2-  -3/2  39   -1.36    2.14    2.14    2.15    0.31       6.66    6.66   -0.00   -1.51      0.813   0.813  -0.000
  
  26 3404.5  13/2-   9/2  36    1.51    3.04    3.04   17.74    3.14      14.36   14.36    0.00   -0.35      1.751   1.751   0.000
  27 3717.6  13/2- -11/2  26   -5.24    2.77    2.77   29.54    4.25      12.24   12.24    0.00   -1.09      1.493   1.493   0.000
  28 4354.3  13/2-  -7/2  34   -1.60    2.69    2.69   13.23    2.05      19.34   19.34    0.00   -0.69      2.358   2.358   0.000
  29 4679.9   1/2-   1/2  37    0.50   17.23   17.23    0.25   -0.90      18.51   18.51    0.00   -5.83      2.256   2.256   0.000
  30 4722.7  13/2-   1/2  33    0.17   14.23   14.23    2.57    2.73      20.80   20.80    0.00   -1.85      2.536   2.536   0.000
  
  31*******   1/2-  -3/2  32    0.00    0.00    0.00    0.00    0.00       0.00    0.00    0.00   -0.00      0.000   0.000   0.000
  32*******   1/2-  -3/2  27    0.00    0.00    0.00    0.00   -0.00       0.00    0.00   -0.00   -0.00      0.000   0.000  -0.000
