1SPECTRUM OF (Z= 82 A=207) IN PARTICLE-ROTOR  MODEL WITH MODIFIED OSCILLATOR POTENTIAL


 PARITY=-   EPS= 0.208   GAMMA=  0.0   EPS4=0.000   EPS6=0.000   LEVELS:  25  26  27  28  29  30  31  32  33  34  35  36  37  38  39

 PAIRING FACTORS: GN0= 19.20  GN1=  7.40  IPAIR= 15 ***  E2PLUS(INPUT)=   0.730  E2PLUR(INPUT)=   0.000

 CORIOLIS ATTENUATION PARAMETERS:  CHSI=1.000  ETA=  1.00

 MOMENT OF INERTIA PARAMETERS:   A1=  0.122 MEV   A2=  0.122 MEV   A3=121.91924 MEV


 DELTA=0.945 MEV  LAMBDA=53.4869 MEV   HW0= 7.4485 MEV   LAMBDA/HW0= 7.1809

 E2ENERGY=0.730 MEV  HBAR**2/B= 8022./A**(7/3)=1356.1/A**2 MEV

 IREC=0  =>  RECOIL TERMS j+j-, j+j+, jzjz, ETC TREATED AS ONE-BODY OPERATORS WITH UU+VV PAIRING FACTORS



 S. P. LEVEL   EQP       U     V        (UU + VV)**1.00

     25       4.203    0.113 0.994      1.000 1.000 1.000 0.997 0.993 0.992 0.990 0.682 0.584 0.510 0.434 0.416 0.346 0.280 0.236
     26       4.074    0.117 0.993      1.000 1.000 1.000 0.998 0.994 0.992 0.991 0.684 0.587 0.513 0.438 0.420 0.349 0.283 0.239
     27       3.675    0.130 0.992      1.000 1.000 1.000 0.998 0.995 0.994 0.993 0.694 0.597 0.524 0.449 0.432 0.362 0.296 0.252
     28       2.577    0.187 0.982      0.997 0.998 0.998 1.000 0.999 0.999 0.998 0.734 0.642 0.573 0.500 0.483 0.415 0.350 0.307
     29       2.121    0.229 0.973      0.993 0.994 0.995 0.999 1.000 1.000 1.000 0.763 0.675 0.607 0.537 0.520 0.454 0.390 0.348
     30       2.049    0.237 0.971      0.992 0.992 0.994 0.999 1.000 1.000 1.000 0.768 0.681 0.614 0.544 0.528 0.461 0.398 0.356
     31       1.958    0.249 0.968      0.990 0.991 0.993 0.998 1.000 1.000 1.000 0.776 0.690 0.624 0.555 0.538 0.472 0.409 0.368
     32       0.989    0.804 0.594      0.682 0.684 0.694 0.734 0.763 0.768 0.776 1.000 0.992 0.977 0.955 0.949 0.922 0.893 0.872
     33       1.109    0.873 0.488      0.584 0.587 0.597 0.642 0.675 0.681 0.690 0.992 1.000 0.996 0.985 0.981 0.964 0.943 0.927
     34       1.265    0.912 0.410      0.510 0.513 0.524 0.573 0.607 0.614 0.624 0.977 0.996 1.000 0.996 0.994 0.983 0.968 0.956
     35       1.518    0.944 0.330      0.434 0.438 0.449 0.500 0.537 0.544 0.555 0.955 0.985 0.996 1.000 1.000 0.995 0.986 0.978
     36       1.599    0.950 0.311      0.416 0.420 0.432 0.483 0.520 0.528 0.538 0.949 0.981 0.994 1.000 1.000 0.997 0.989 0.982
     37       2.047    0.971 0.238      0.346 0.349 0.362 0.415 0.454 0.461 0.472 0.922 0.964 0.983 0.995 0.997 1.000 0.998 0.993
     38       2.832    0.986 0.169      0.280 0.283 0.296 0.350 0.390 0.398 0.409 0.893 0.943 0.968 0.986 0.989 0.998 1.000 0.999
     39       3.829    0.992 0.124      0.236 0.239 0.252 0.307 0.348 0.356 0.368 0.872 0.927 0.956 0.978 0.982 0.993 0.999 1.000

  R CORE   ENERGY   A0R/A00=1.000    R3= 0     2  
   2( 1)    0.732                    1.000 0.000
   2( 2)  487.921                    0.000 1.000

  R CORE   ENERGY   A0R/A00=1.000    R3= 0     2  
   3( 1)  488.652                    0.000 1.000

  R CORE   ENERGY   A0R/A00=1.000    R3= 0     2     4  
   4( 1)    2.438                    1.000 0.000 0.000

  R CORE   ENERGY   A0R/A00=1.000    R3= 0     2     4  
   5( 1)  490.847                    0.000 1.000 0.000

  R CORE   ENERGY   A0R/A00=1.000    R3= 0     2     4     6  
   6( 1)    5.121                    1.000 0.000 0.000 0.000

  R CORE   ENERGY   A0R/A00=1.000    R3= 0     2     4     6  
   7( 1)  494.017                    0.000 1.000 0.000 0.000

          AXIAL SYMMETRY => K RESTRICTED TO OMEGA

                     K
     S.P. ORB#: 25  2.50
     S.P. ORB#: 26  0.50
     S.P. ORB#: 27 -3.50
     S.P. ORB#: 28 -3.50
     S.P. ORB#: 29  0.50
     S.P. ORB#: 30  4.50
     S.P. ORB#: 31 -1.50
     S.P. ORB#: 32 -1.50
     S.P. ORB#: 33  2.50
     S.P. ORB#: 34  0.50
     S.P. ORB#: 35 -1.50
     S.P. ORB#: 36  0.50
     S.P. ORB#: 37  2.50
     S.P. ORB#: 38 -3.50
     S.P. ORB#: 39  4.50
 

             ENERGY    K= OMEGA
 
 I=  1/2- (1)  1.863  26:-0.058
                      36:-0.998
 
 I=  1/2- (2)  3.186  29: 0.999
 
 I=  1/2- (3)  5.310  26: 0.998
                      36:-0.058
 
 I=  1/2- (4)  9.085  34:-1.000
 
 I=  1/2- (5)147.292  32:-1.000

             ENERGY    K= OMEGA
 
 I=  3/2- (1)  1.484  29: 0.184
                      31: 0.101
                      32: 0.974
                      36:-0.070
 
 I=  3/2- (2)  2.496  29:-0.185
                      31:-0.179
                      32: 0.123
                      36: 0.958
 
 I=  3/2- (3)  3.036  26: 0.087
                      29:-0.312
                      31: 0.938
                      36: 0.121
 
 I=  3/2- (4)  3.406  26:-0.345
                      29:-0.862
                      31:-0.217
                      32: 0.184
                      36:-0.238
 
 I=  3/2- (5)  5.812  34: 0.863
                      35: 0.504

             ENERGY    K= OMEGA
 
 I=  5/2- (1)  1.590  26:-0.053
                      29: 0.141
                      31: 0.180
                      32:-0.447
                      33:-0.862
                      36: 0.052
 
 I=  5/2- (2)  2.123  29:-0.205
                      31: 0.173
                      32: 0.855
                      33:-0.437
                      36: 0.058
 
 I=  5/2- (3)  2.523  29:-0.189
                      31:-0.245
                      33:-0.140
                      36:-0.940
 
 I=  5/2- (4)  3.315  26: 0.363
                      29:-0.438
                      31:-0.729
                      32:-0.074
                      33:-0.188
                      36: 0.322
 
 I=  5/2- (5)  4.505  26:-0.065
                      29: 0.807
                      31:-0.522
                      32: 0.246
                      33:-0.102

             ENERGY    K= OMEGA
 
 I=  7/2- (1)  2.227  29:-0.190
                      31: 0.209
                      32:-0.531
                      33: 0.797
 
 I=  7/2- (2)  2.794  25:-0.079
                      26:-0.170
                      28: 0.120
                      29:-0.337
                      31:-0.303
                      32:-0.699
                      33:-0.471
                      36: 0.184
 
 I=  7/2- (3)  3.320  25:-0.231
                      27:-0.088
                      28: 0.958
                      29: 0.065
                      31: 0.060
                      32: 0.075
                      33: 0.058
                      36:-0.053
 
 I=  7/2- (4)  3.633  34:-0.731
                      35:-0.573
                      37:-0.344
                      38:-0.141
 
 I=  7/2- (5)  4.049  26:-0.142
                      29:-0.189
                      31:-0.330
                      32: 0.326
                      33: 0.242
                      36: 0.817

             ENERGY    K= OMEGA
 
 I=  9/2- (1)  2.789  25: 0.082
                      26:-0.060
                      27: 0.252
                      28: 0.174
                      29: 0.102
                      30:-0.881
                      31: 0.121
                      32:-0.174
                      33:-0.251
 
 I=  9/2- (2)  2.931  26:-0.179
                      28:-0.074
                      29: 0.296
                      30: 0.344
                      31: 0.353
                      32:-0.453
                      33:-0.632
                      36: 0.157
 
 I=  9/2- (3)  3.950  25: 0.196
                      26: 0.050
                      27:-0.066
                      28: 0.388
                      29: 0.169
                      30: 0.079
                      31:-0.299
                      32:-0.707
                      33: 0.347
                      36:-0.245
 
 I=  9/2- (4)  4.091  25: 0.063
                      26:-0.155
                      27:-0.058
                      28: 0.207
                      29: 0.293
                      31: 0.239
                      32: 0.053
                      33: 0.451
                      36: 0.759
 
 I=  9/2- (5)  4.281  25:-0.254
                      27: 0.087
                      28:-0.811
                      29: 0.178
                      30:-0.163
                      31:-0.097
                      32:-0.338
                      33: 0.290
                      36: 0.061

             ENERGY    K= OMEGA
 
 I= 11/2- (1)  2.464  34:-0.667
                      35:-0.566
                      37:-0.407
                      38:-0.241
                      39:-0.105
 
 I= 11/2- (2)  3.750  25:-0.133
                      27: 0.336
                      28: 0.252
                      29:-0.053
                      30: 0.870
                      31: 0.054
                      32:-0.127
                      33: 0.166
 
 I= 11/2- (3)  4.176  28:-0.060
                      29:-0.279
                      30:-0.223
                      31: 0.273
                      32:-0.564
                      33: 0.689
 
 I= 11/2- (4)  4.784  25:-0.134
                      26:-0.282
                      27:-0.058
                      28: 0.209
                      29:-0.404
                      30:-0.051
                      31:-0.412
                      32:-0.521
                      33:-0.444
                      36: 0.228
 
 I= 11/2- (5)  5.365  25:-0.351
                      26: 0.107
                      27:-0.140
                      28: 0.851
                      29: 0.148
                      30:-0.244
                      31: 0.133
                      32: 0.090
                      33: 0.068
                      36:-0.103

             ENERGY    K= OMEGA
 
 I= 13/2- (1)  4.180  34:-0.189
                      35: 0.490
                      37:-0.605
                      38: 0.520
                      39:-0.296
 
 I= 13/2- (2)  4.857  25: 0.142
                      26:-0.203
                      27: 0.298
                      28: 0.214
                      29: 0.276
                      30:-0.599
                      31: 0.313
                      32:-0.312
                      33:-0.393
                      36: 0.139
 
 I= 13/2- (3)  5.050  25: 0.098
                      26: 0.238
                      27: 0.242
                      28: 0.220
                      29:-0.309
                      30:-0.607
                      31:-0.356
                      32: 0.282
                      33: 0.354
                      36:-0.174
 
 I= 13/2- (4)  6.523  25:-0.342
                      26:-0.079
                      27: 0.140
                      28:-0.598
                      29:-0.097
                      30:-0.246
                      31: 0.254
                      32: 0.535
                      33:-0.131
                      36: 0.250
 
 I= 13/2- (5)  6.673  25:-0.124
                      26: 0.186
                      27: 0.096
                      28:-0.332
                      29:-0.228
                      31:-0.196
                      32:-0.250
                      33:-0.527
                      36:-0.631

             ENERGY     K= 9/2
  35 LEVELS    TIME=  0.0 SEC



 ******************* EXCITATION ENERGIES, DOMINANT CONFIGURATION AND EXPECTATION VALUES (WITH S.P. UU+VV FACTORS) *******************

  NR  Eex(keV)  I   Kdom  NY    <Jz>  <Jx**2> <Jy**2> <Jz**2> <I.j>/|I|  <Rx**2> <Ry**2> <Rz**2> <R.j>/|R|  <HROTx> <HROTy> <HROTz>

   1    0.0   3/2-  -3/2  32   -1.42    1.59    1.59    2.17    1.42       1.80    1.80    0.00   -1.37      0.219   0.219   0.000
   2  105.6   5/2-   5/2  33    1.52    1.89    1.89    5.17    2.37       1.83    1.83    0.00   -1.01      0.224   0.224   0.000
   3  378.8   1/2-   1/2  36    0.50    1.26    1.26    0.25    0.83       1.05    1.05    0.00   -1.42      0.128   0.128   0.000
   4  639.0   5/2-  -3/2  32   -0.64    1.59    1.59    2.93    1.09       4.21    4.21    0.00   -1.00      0.513   0.513   0.000
   5  742.4   7/2-   5/2  33    1.11    1.98    1.98    4.74    1.97       4.39    4.39    0.00   -0.29      0.536   0.536   0.000
  
   6  979.8  11/2-   1/2  34    0.00   27.51   27.51    2.80    7.23       3.57    3.57    0.00   -5.47      0.435   0.435   0.000
   7 1012.0   3/2-   1/2  36    0.41    1.47    1.47    0.34   -0.04       3.59    3.59    0.00   -1.25      0.438   0.438   0.000
   8 1039.0   5/2-   1/2  36    0.42    1.79    1.79    0.49    0.93       3.65    3.65    0.00   -0.48      0.445   0.445   0.000
   9 1304.3   9/2-   9/2  30    3.28    2.69    2.69   17.39    4.21       2.84    2.84    0.00   -0.78      0.346   0.346   0.000
  10 1309.3   7/2-  -3/2  32   -0.27    1.85    1.85    2.96    1.37       5.76    5.76    0.00   -0.36      0.703   0.703   0.000
  
  11 1447.0   9/2-   5/2  33    1.08    2.74    2.74    5.77    2.45       5.83    5.83    0.00    0.27      0.710   0.710   0.000
  12 1551.7   3/2-  -3/2  31   -1.26    4.06    4.06    2.01    1.36       4.31    4.31    0.00   -2.56      0.526   0.526   0.000
  13 1701.7   1/2-   1/2  29    0.50    4.17    4.17    0.25    0.36       4.36    4.36    0.00   -2.81      0.531   0.531   0.000
  14 1830.4   5/2-  -3/2  31   -0.50    3.78    3.78    1.54    1.47       4.59    4.59    0.00   -1.57      0.559   0.559   0.000
  15 1835.7   7/2-  -7/2  28   -3.11    2.34    2.34   11.71    3.36       2.73    2.73    0.00   -1.31      0.333   0.333   0.000
  
  16 1922.0   3/2-   1/2  29    0.34    3.47    3.47    0.41    0.48       4.63    4.63    0.00   -2.11      0.564   0.564   0.000
  17 2148.6   7/2-   1/2  34    0.00   27.78   27.78    1.85    6.98       8.87    8.87   -0.00   -7.05      1.081   1.081  -0.000
  18 2265.3  11/2-   9/2  30    2.88    2.96    2.96   17.81    3.95       6.11    6.11    0.00   -0.03      0.745   0.745   0.000
  19 2466.1   9/2-  -3/2  32   -0.96    1.80    1.80    4.36    1.31       9.86    9.86    0.00   -0.33      1.202   1.202   0.000
  20 2564.4   7/2-   1/2  36    0.18    2.05    2.05    1.06    0.12       9.97    9.97    0.00   -1.05      1.216   1.216   0.000
  
  21 2607.0   9/2-   1/2  36    0.61    2.31    2.31    2.17    1.18       9.88    9.88    0.00   -0.20      1.205   1.205   0.000
  22 2691.6  11/2-   5/2  33    0.85    2.24    2.24    4.93    1.78      11.92   11.92    0.00    0.25      1.454   1.454   0.000
  23 2695.5  13/2-   5/2  37    0.02   25.96   25.96    7.92    6.65       7.87    7.87    0.00   -3.38      0.960   0.960   0.000
  24 2796.2   9/2-  -7/2  28   -2.00    2.34    2.34    9.91    2.36       7.92    7.92    0.00   -0.71      0.966   0.966   0.000
  25 3020.9   5/2-   1/2  29   -0.14    4.19    4.19    0.98   -0.40      10.25   10.25    0.00   -2.33      1.249   1.249   0.000
  
  26 3299.2  11/2-  -3/2  32   -0.13    2.31    2.31    3.04    1.57      12.33   12.33    0.00    0.35      1.503   1.503   0.000
  27 3372.9  13/2-   9/2  30    1.36    3.42    3.42   10.47    3.10      11.37   11.37    0.00    0.91      1.387   1.387   0.000
  28 3566.1  13/2-   9/2  30    1.41    3.43    3.43   10.14    2.97      12.16   12.16    0.00    0.75      1.483   1.483   0.000
  29 3826.1   1/2-   1/2  26    0.50    5.21    5.21    0.25    0.69       5.11    5.11    0.00   -3.15      0.624   0.624   0.000
  30 3880.6  11/2-  -7/2  28   -2.03    2.61    2.61   11.17    2.56      10.79   10.79    0.00   -0.24      1.316   1.316   0.000
  
  31 4328.0   3/2-   1/2  34   -0.01   28.03   28.03    0.76    6.15      18.39   18.39    0.00   -7.41      2.242   2.242   0.000
  32 5038.3  13/2-  -7/2  28   -1.20    2.30    2.30    7.48    1.81      17.81   17.81    0.00    0.09      2.171   2.171   0.000
  33 5188.3  13/2-   1/2  36    0.41    2.22    2.22    3.68    1.16      20.31   20.31    0.00   -0.00      2.477   2.477   0.000
  34 7601.0   1/2-   1/2  34    0.50   28.10   28.10    0.25   -4.01      32.07   32.07    0.00   -7.48      3.910   3.910   0.000
  35*******   1/2-  -3/2  32    0.00    0.00    0.00    0.00   -0.00       0.00    0.00    0.00   -0.00      0.000   0.000   0.000
  
