1SPECTRUM OF (Z= 82 A=207) IN PARTICLE-ROTOR  MODEL WITH MODIFIED OSCILLATOR POTENTIAL


 PARITY=-   EPS= 0.284   GAMMA=  0.0   EPS4=0.000   EPS6=0.000   LEVELS:  25  26  27  28  29  30  31  32  33  34  35  36  37  38  39

 PAIRING FACTORS: GN0= 19.20  GN1=  7.40  IPAIR= 15 ***  E2PLUS(INPUT)=   0.730  E2PLUR(INPUT)=   0.000

 CORIOLIS ATTENUATION PARAMETERS:  CHSI=1.000  ETA=  1.00

 MOMENT OF INERTIA PARAMETERS:   A1=  0.122 MEV   A2=  0.122 MEV   A3=121.91923 MEV


 DELTA=0.951 MEV  LAMBDA=53.3036 MEV   HW0= 7.4829 MEV   LAMBDA/HW0= 7.1234

 E2ENERGY=0.730 MEV  HBAR**2/B=14955./A**(7/3)=2528.1/A**2 MEV

 IREC=0  =>  RECOIL TERMS j+j-, j+j+, jzjz, ETC TREATED AS ONE-BODY OPERATORS WITH UU+VV PAIRING FACTORS



 S. P. LEVEL   EQP       U     V        (UU + VV)**1.00

     25       4.114    0.116 0.993      1.000 1.000 0.999 0.979 0.970 0.970 0.907 0.896 0.725 0.443 0.376 0.343 0.298 0.289 0.249
     26       3.526    0.136 0.991      1.000 1.000 1.000 0.983 0.975 0.974 0.915 0.905 0.739 0.461 0.395 0.362 0.317 0.308 0.268
     27       2.974    0.162 0.987      0.999 1.000 1.000 0.988 0.981 0.980 0.925 0.916 0.756 0.484 0.419 0.386 0.341 0.333 0.293
     28       1.591    0.315 0.949      0.979 0.983 0.988 1.000 0.999 0.999 0.973 0.967 0.850 0.615 0.556 0.526 0.485 0.477 0.440
     29       1.441    0.353 0.936      0.970 0.975 0.981 0.999 1.000 1.000 0.982 0.977 0.870 0.646 0.589 0.560 0.519 0.511 0.475
     30       1.432    0.355 0.935      0.970 0.974 0.980 0.999 1.000 1.000 0.982 0.977 0.871 0.648 0.591 0.562 0.522 0.514 0.478
     31       1.065    0.524 0.852      0.907 0.915 0.925 0.973 0.982 0.982 1.000 1.000 0.948 0.780 0.732 0.707 0.672 0.665 0.634
     32       1.041    0.545 0.839      0.896 0.905 0.916 0.967 0.977 0.977 1.000 1.000 0.955 0.795 0.748 0.724 0.690 0.683 0.653
     33       0.967    0.768 0.640      0.725 0.739 0.756 0.850 0.870 0.871 0.948 0.955 1.000 0.939 0.911 0.895 0.873 0.869 0.847
     34       1.502    0.942 0.336      0.443 0.461 0.484 0.615 0.646 0.648 0.780 0.795 0.939 1.000 0.997 0.994 0.988 0.986 0.979
     35       1.853    0.964 0.266      0.376 0.395 0.419 0.556 0.589 0.591 0.732 0.748 0.911 0.997 1.000 0.999 0.997 0.996 0.991
     36       2.112    0.973 0.231      0.343 0.362 0.386 0.526 0.560 0.562 0.707 0.724 0.895 0.994 0.999 1.000 0.999 0.998 0.995
     37       2.620    0.983 0.185      0.298 0.317 0.341 0.485 0.519 0.522 0.672 0.690 0.873 0.988 0.997 0.999 1.000 1.000 0.999
     38       2.750    0.984 0.176      0.289 0.308 0.333 0.477 0.511 0.514 0.665 0.683 0.869 0.986 0.996 0.998 1.000 1.000 0.999
     39       3.563    0.991 0.135      0.249 0.268 0.293 0.440 0.475 0.478 0.634 0.653 0.847 0.979 0.991 0.995 0.999 0.999 1.000

  R CORE   ENERGY   A0R/A00=1.000    R3= 0     2  
   2( 1)    0.732                    1.000 0.000
   2( 2)  487.921                    0.000 1.000

  R CORE   ENERGY   A0R/A00=1.000    R3= 0     2  
   3( 1)  488.652                    0.000 1.000

  R CORE   ENERGY   A0R/A00=1.000    R3= 0     2     4  
   4( 1)    2.438                    1.000 0.000 0.000

  R CORE   ENERGY   A0R/A00=1.000    R3= 0     2     4  
   5( 1)  490.847                    0.000 1.000 0.000

  R CORE   ENERGY   A0R/A00=1.000    R3= 0     2     4     6  
   6( 1)    5.121                    1.000 0.000 0.000 0.000

  R CORE   ENERGY   A0R/A00=1.000    R3= 0     2     4     6  
   7( 1)  494.017                    0.000 1.000 0.000 0.000

          AXIAL SYMMETRY => K RESTRICTED TO OMEGA

                     K
     S.P. ORB#: 25  0.50
     S.P. ORB#: 26  2.50
     S.P. ORB#: 27 -3.50
     S.P. ORB#: 28  0.50
     S.P. ORB#: 29 -1.50
     S.P. ORB#: 30 -3.50
     S.P. ORB#: 31  4.50
     S.P. ORB#: 32  0.50
     S.P. ORB#: 33 -1.50
     S.P. ORB#: 34  2.50
     S.P. ORB#: 35 -1.50
     S.P. ORB#: 36  2.50
     S.P. ORB#: 37 -3.50
     S.P. ORB#: 38  0.50
     S.P. ORB#: 39  0.50
 

             ENERGY    K= OMEGA
 
 I=  1/2- (1)  2.764  28:-0.992
                      38:-0.120
 
 I=  1/2- (2)  3.068  25:-0.066
                      28: 0.117
                      38:-0.991
 
 I=  1/2- (3)  5.581  25: 0.997
                      38:-0.062
 
 I=  1/2- (4)  6.360  32: 0.627
                      39:-0.779
 
 I=  1/2- (5)  9.263  32:-0.779
                      39:-0.627

             ENERGY    K= OMEGA
 
 I=  3/2- (1)  2.303  25: 0.110
                      28: 0.386
                      29: 0.249
                      35: 0.875
                      38:-0.108
 
 I=  3/2- (2)  2.622  25: 0.069
                      28:-0.315
                      29: 0.934
                      35:-0.143
                      38:-0.057

             ENERGY    K= OMEGA
 
 I=  5/2- (1)  2.419  25:-0.185
                      28: 0.348
                      29: 0.542
                      35:-0.347
                      36:-0.643
                      38: 0.127
 
 I=  5/2- (2)  2.923  25: 0.124
                      26:-0.054
                      28: 0.051
                      29:-0.538
                      35:-0.808
                      36:-0.062
                      38:-0.184
 
 I=  5/2- (3)  3.048  25: 0.177
                      28:-0.499
                      29:-0.271
                      35: 0.273
                      36:-0.733
                      38:-0.185
 
 I=  5/2- (4)  3.892  25:-0.157
                      28:-0.064
                      29: 0.314
                      36: 0.111
                      38:-0.927
 
 I=  5/2- (5)  4.160  25:-0.094
                      28: 0.758
                      29:-0.434
                      35: 0.384
                      36:-0.180
                      38:-0.219

             ENERGY    K= OMEGA
 
 I=  7/2- (1)  2.194  26: 0.215
                      27:-0.063
                      30:-0.973
 
 I=  7/2- (2)  3.105  28: 0.311
                      29:-0.441
                      35: 0.469
                      36:-0.697
 
 I=  7/2- (3)  3.212  32:-0.742
                      33:-0.566
                      34:-0.330
                      37:-0.130
                      39: 0.051
 
 I=  7/2- (4)  3.348  25:-0.292
                      28:-0.525
                      29:-0.503
                      35:-0.521
                      36:-0.260
                      38: 0.207
 
 I=  7/2- (5)  4.210  26:-0.060
                      27:-0.116
                      28:-0.539
                      29: 0.632
                      35: 0.179
                      36:-0.510

             ENERGY    K= OMEGA
 
 I=  9/2- (1)  1.886  26: 0.065
                      27:-0.227
                      30: 0.182
                      31: 0.954
 
 I=  9/2- (2)  3.105  26:-0.293
                      27:-0.095
                      29:-0.073
                      30:-0.929
                      31: 0.174
                      36: 0.071
 
 I=  9/2- (3)  3.451  25:-0.333
                      28: 0.455
                      29: 0.611
                      30:-0.090
                      35:-0.286
                      36:-0.425
                      38: 0.188
 
 I=  9/2- (4)  4.462  32: 0.241
                      33:-0.607
                      34: 0.647
                      37:-0.394
 
 I=  9/2- (5)  4.656  25: 0.198
                      26:-0.074
                      27: 0.074
                      28:-0.073
                      29:-0.395
                      35:-0.705
                      36:-0.454
                      38:-0.286

             ENERGY    K= OMEGA
 
 I= 11/2- (1)  2.404  32:-0.690
                      33:-0.577
                      34:-0.390
                      37:-0.191
 
 I= 11/2- (2)  2.908  26: 0.109
                      27: 0.305
                      30:-0.253
                      31: 0.911
 
 I= 11/2- (3)  4.245  26: 0.345
                      27:-0.126
                      29:-0.071
                      30:-0.889
                      31:-0.246
                      36:-0.073
 
 I= 11/2- (4)  5.009  28:-0.352
                      29: 0.493
                      35:-0.471
                      36: 0.635
 
 I= 11/2- (5)  5.183  25:-0.384
                      28:-0.573
                      29:-0.499
                      30: 0.104
                      35:-0.411
                      36:-0.208
                      38: 0.228

             ENERGY    K= OMEGA
 
 I= 13/2- (1)  4.149  26: 0.148
                      27:-0.354
                      30: 0.302
                      31: 0.872
 
 I= 13/2- (2)  4.635  32: 0.227
                      33:-0.586
                      34: 0.654
                      37:-0.421
 
 I= 13/2- (3)  5.332  25:-0.411
                      26: 0.067
                      28: 0.474
                      29: 0.605
                      30: 0.153
                      35:-0.228
                      36:-0.342
                      38: 0.202
 
 I= 13/2- (4)  5.635  25:-0.076
                      26:-0.375
                      27:-0.151
                      28: 0.109
                      29: 0.082
                      30:-0.843
                      31: 0.298
                      35:-0.105
 
 I= 13/2- (5)  7.344  25: 0.206
                      26:-0.073
                      27: 0.078
                      28:-0.072
                      29:-0.275
                      30: 0.064
                      31: 0.051
                      35:-0.679
                      36:-0.546
                      38:-0.315

             ENERGY     K= 1/2
  32 LEVELS    TIME=  0.0 SEC



 ******************* EXCITATION ENERGIES, DOMINANT CONFIGURATION AND EXPECTATION VALUES (WITH S.P. UU+VV FACTORS) *******************

  NR  Eex(keV)  I   Kdom  NY    <Jz>  <Jx**2> <Jy**2> <Jz**2> <I.j>/|I|  <Rx**2> <Ry**2> <Rz**2> <R.j>/|R|  <HROTx> <HROTy> <HROTz>

   1    0.0   9/2-   9/2  31    3.81    2.58    2.58   19.51    4.39       2.87    2.87    0.00   -1.18      0.350   0.350   0.000
   2  308.3   7/2-  -7/2  30   -3.21    2.31    2.31   11.96    3.39       2.70    2.70    0.00   -1.34      0.329   0.329   0.000
   3  417.2   3/2-  -3/2  35   -1.15    2.09    2.09    1.90    1.53       1.95    1.95   -0.00   -1.58      0.238   0.238  -0.000
   4  517.8  11/2-   1/2  32   -0.01   25.81   25.81    2.27    6.64       5.15    5.15   -0.00   -4.43      0.628   0.628  -0.000
   5  532.9   5/2-   5/2  36    0.50    3.34    3.34    3.56    2.49       2.13    2.13    0.00   -1.39      0.260   0.260   0.000
  
   6  735.7   3/2-  -3/2  29   -1.29    4.60    4.60    2.04    1.45       4.68    4.68    0.00   -2.75      0.571   0.571   0.000
   7  877.8   1/2-   1/2  28    0.50    4.58    4.58    0.25    0.40       4.73    4.73   -0.00   -2.95      0.577   0.577  -0.000
   8 1021.7  11/2-   9/2  31    3.22    2.84    2.84   18.82    3.93       6.61    6.61    0.00   -0.27      0.806   0.806   0.000
   9 1037.3   5/2-  -3/2  35   -1.37    2.22    2.22    2.17    1.05       4.59    4.59    0.00   -1.16      0.559   0.559   0.000
  10 1162.2   5/2-   5/2  36    1.28    3.03    3.03    3.77    1.69       4.31    4.31    0.00   -1.65      0.525   0.525   0.000
  
  11 1181.9   1/2-   1/2  38    0.50    1.44    1.44    0.25    0.68       1.35    1.35    0.00   -1.54      0.164   0.164   0.000
  12 1218.5   9/2-  -7/2  30   -2.69    2.45    2.45   11.87    2.95       6.08    6.08    0.00   -0.60      0.742   0.742   0.000
  13 1218.7   7/2-   5/2  36    0.63    2.74    2.74    4.03    1.91       5.03    5.03    0.00   -0.60      0.614   0.614   0.000
  14 1326.5   7/2-   1/2  32    0.01   25.10   25.10    1.75    6.35       8.66    8.66   -0.00   -6.43      1.056   1.056  -0.000
  15 1462.1   7/2-   1/2  28   -0.42    3.11    3.11    1.74    1.52       5.83    5.83   -0.00   -0.57      0.711   0.711  -0.000
  
  16 1565.0   9/2-  -3/2  29   -0.08    4.35    4.35    2.37    2.38       6.07    6.07    0.00    0.22      0.740   0.740   0.000
  17 2005.7   5/2-   1/2  38    0.33    1.76    1.76    0.52    0.43       5.13    5.13    0.00   -0.87      0.625   0.625   0.000
  18 2263.0  13/2-   9/2  31    2.72    3.05    3.05   18.19    3.61      11.30   11.30    0.00    0.19      1.378   1.378   0.000
  19 2274.4   5/2-   1/2  28   -0.11    4.04    4.04    1.12   -0.38      10.10   10.10    0.00   -2.30      1.232   1.232   0.000
  20 2323.7   7/2-  -3/2  29    0.11    3.62    3.62    2.86    0.66      10.29   10.29    0.00   -1.64      1.255   1.255   0.000
  
  21 2358.5  11/2-  -7/2  30   -2.25    2.54    2.54   11.90    2.66      10.47   10.47    0.00   -0.24      1.277   1.277   0.000
  22 2576.2   9/2-   5/2  34   -0.02   25.50   25.50    5.36    5.67      12.34   12.34   -0.00   -5.67      1.505   1.505  -0.000
  23 2749.1  13/2-   5/2  34   -0.04   25.48   25.48    5.63    5.70      12.88   12.88   -0.00   -3.31      1.571   1.571  -0.000
  24 2769.8   9/2-  -3/2  35   -0.41    2.22    2.22    2.93    1.05      10.82   10.82   -0.00   -0.46      1.319   1.319  -0.000
  25 3123.3  11/2-   5/2  36    0.38    2.99    2.99    3.69    1.62      13.04   13.04    0.00    0.00      1.590   1.590   0.000
  
  26 3296.7  11/2-   1/2  28   -0.29    3.49    3.49    1.48    1.55      12.84   12.84    0.00    0.16      1.566   1.566   0.000
  27 3445.9  13/2-  -3/2  29   -0.19    4.70    4.70    2.13    2.41      13.30   13.30    0.00    1.03      1.621   1.621   0.000
  28 3694.8   1/2-   1/2  25    0.50    6.15    6.15    0.25    0.68       6.06    6.06    0.00   -3.43      0.738   0.738   0.000
  29 3749.0  13/2-  -7/2  30   -1.84    2.70    2.70   11.71    2.44      15.92   15.92    0.00   -0.02      1.941   1.941   0.000
  30 4473.5   1/2-   1/2  39    0.50   13.20   13.20    0.25   -2.12      15.53   15.53    0.00   -5.11      1.894   1.894   0.000
  
  31 5458.3  13/2-  -3/2  35    0.00    2.10    2.10    3.32    0.95      21.53   21.53    0.00   -0.14      2.625   2.625   0.000
  32 7376.8   1/2-   1/2  32    0.50   26.03   26.03    0.25   -3.61      29.66   29.66    0.00   -7.20      3.616   3.616   0.000
