1SPECTRUM OF (Z= 82 A=207) IN PARTICLE-ROTOR  MODEL WITH MODIFIED OSCILLATOR POTENTIAL


 PARITY=-   EPS= 0.456   GAMMA=  0.0   EPS4=0.000   EPS6=0.000   LEVELS:  25  26  27  28  29  30  31  32  33  34  35  36  37  38  39

 PAIRING FACTORS: GN0= 19.20  GN1=  7.40  IPAIR= 15 ***  E2PLUS(INPUT)=   0.730  E2PLUR(INPUT)=   0.000

 CORIOLIS ATTENUATION PARAMETERS:  CHSI=1.000  ETA=  1.00

 MOMENT OF INERTIA PARAMETERS:   A1=  0.122 MEV   A2=  0.122 MEV   A3=121.91925 MEV


 DELTA=0.851 MEV  LAMBDA=53.4670 MEV   HW0= 7.6097 MEV   LAMBDA/HW0= 7.0262

 E2ENERGY=0.730 MEV  HBAR**2/B=38555./A**(7/3)=6517.7/A**2 MEV

 IREC=0  =>  RECOIL TERMS j+j-, j+j+, jzjz, ETC TREATED AS ONE-BODY OPERATORS WITH UU+VV PAIRING FACTORS



 S. P. LEVEL   EQP       U     V        (UU + VV)**1.00

     25       4.194    0.102 0.995      1.000 0.999 0.998 0.995 0.984 0.960 0.857 0.756 0.678 0.349 0.320 0.282 0.271 0.249 0.200
     26       3.033    0.142 0.990      0.999 1.000 1.000 0.998 0.991 0.970 0.877 0.782 0.707 0.386 0.358 0.320 0.310 0.288 0.240
     27       2.635    0.164 0.987      0.998 1.000 1.000 0.999 0.994 0.975 0.887 0.796 0.722 0.406 0.379 0.341 0.331 0.309 0.261
     28       2.140    0.203 0.979      0.995 0.998 0.999 1.000 0.997 0.984 0.905 0.819 0.750 0.443 0.415 0.379 0.368 0.347 0.299
     29       1.610    0.275 0.961      0.984 0.991 0.994 0.997 1.000 0.994 0.934 0.859 0.796 0.508 0.482 0.446 0.436 0.415 0.369
     30       1.219    0.377 0.926      0.960 0.970 0.975 0.984 0.994 1.000 0.967 0.909 0.857 0.597 0.573 0.540 0.530 0.511 0.467
     31       0.886    0.601 0.799      0.857 0.877 0.887 0.905 0.934 0.967 1.000 0.985 0.960 0.782 0.763 0.737 0.729 0.713 0.677
     32       0.853    0.728 0.686      0.756 0.782 0.796 0.819 0.859 0.909 0.985 1.000 0.994 0.877 0.862 0.841 0.835 0.822 0.792
     33       0.887    0.800 0.600      0.678 0.707 0.722 0.750 0.796 0.857 0.960 0.994 1.000 0.925 0.913 0.897 0.891 0.881 0.856
     34       1.750    0.968 0.251      0.349 0.386 0.406 0.443 0.508 0.597 0.782 0.877 0.925 1.000 1.000 0.998 0.997 0.995 0.988
     35       1.966    0.975 0.222      0.320 0.358 0.379 0.415 0.482 0.573 0.763 0.862 0.913 1.000 1.000 0.999 0.999 0.997 0.992
     36       2.367    0.983 0.183      0.282 0.320 0.341 0.379 0.446 0.540 0.737 0.841 0.897 0.998 0.999 1.000 1.000 0.999 0.996
     37       2.517    0.985 0.172      0.271 0.310 0.331 0.368 0.436 0.530 0.729 0.835 0.891 0.997 0.999 1.000 1.000 1.000 0.997
     38       2.891    0.989 0.149      0.249 0.288 0.309 0.347 0.415 0.511 0.713 0.822 0.881 0.995 0.997 0.999 1.000 1.000 0.999
     39       4.302    0.995 0.099      0.200 0.240 0.261 0.299 0.369 0.467 0.677 0.792 0.856 0.988 0.992 0.996 0.997 0.999 1.000

  R CORE   ENERGY   A0R/A00=1.000    R3= 0     2  
   2( 1)    0.732                    1.000 0.000
   2( 2)  487.921                    0.000 1.000

  R CORE   ENERGY   A0R/A00=1.000    R3= 0     2  
   3( 1)  488.652                    0.000 1.000

  R CORE   ENERGY   A0R/A00=1.000    R3= 0     2     4  
   4( 1)    2.438                    1.000 0.000 0.000

  R CORE   ENERGY   A0R/A00=1.000    R3= 0     2     4  
   5( 1)  490.847                    0.000 1.000 0.000

  R CORE   ENERGY   A0R/A00=1.000    R3= 0     2     4     6  
   6( 1)    5.121                    1.000 0.000 0.000 0.000

  R CORE   ENERGY   A0R/A00=1.000    R3= 0     2     4     6  
   7( 1)  494.017                    0.000 1.000 0.000 0.000

          AXIAL SYMMETRY => K RESTRICTED TO OMEGA

                     K
     S.P. ORB#: 25  0.50
     S.P. ORB#: 26 -1.50
     S.P. ORB#: 27 -5.50
     S.P. ORB#: 28  2.50
     S.P. ORB#: 29 -3.50
     S.P. ORB#: 30  2.50
     S.P. ORB#: 31  0.50
     S.P. ORB#: 32  0.50
     S.P. ORB#: 33 -1.50
     S.P. ORB#: 34 -3.50
     S.P. ORB#: 35 -3.50
     S.P. ORB#: 36  0.50
     S.P. ORB#: 37  4.50
     S.P. ORB#: 38 -1.50
     S.P. ORB#: 39  4.50
 

             ENERGY    K= OMEGA
 
 I=  1/2- (1)  2.212  32: 0.999
 
 I=  1/2- (2)  4.076  31: 0.930
                      36:-0.368
 
 I=  1/2- (3)  5.966  25: 0.999
 
 I=  1/2- (4)  6.631  31:-0.368
                      36:-0.930
 
 I=  1/2- (5)147.190  33:-1.000

             ENERGY    K= OMEGA
 
 I=  3/2- (1)  2.220  32:-0.582
                      33: 0.813
 
 I=  3/2- (2)  2.431  25:-0.165
                      32:-0.802
                      33:-0.573

             ENERGY    K= OMEGA
 
 I=  5/2- (1)  2.600  25: 0.219
                      28:-0.055
                      32:-0.513
                      33:-0.828
 
 I=  5/2- (2)  3.408  25: 0.061
                      28: 0.089
                      32:-0.841
                      33: 0.530
 
 I=  5/2- (3)  3.950  28:-0.994
                      33: 0.093
 
 I=  5/2- (4)  4.296  26:-0.104
                      30: 0.086
                      31: 0.828
                      36:-0.479
                      38:-0.258
 
 I=  5/2- (5)  6.229  26:-0.497
                      30: 0.847
                      36: 0.181

             ENERGY    K= OMEGA
 
 I=  7/2- (1)  2.868  28: 0.189
                      35:-0.980
 
 I=  7/2- (2)  3.438  28:-0.080
                      29:-0.147
                      32:-0.735
                      33: 0.656
 
 I=  7/2- (3)  3.539  28:-0.168
                      29:-0.968
                      32: 0.182
 
 I=  7/2- (4)  3.709  25:-0.289
                      28: 0.056
                      29:-0.112
                      32:-0.616
                      33:-0.721
 
 I=  7/2- (5)  4.314  26:-0.240
                      30:-0.236
                      31:-0.850
                      34:-0.089
                      36:-0.248
                      38:-0.308

             ENERGY    K= OMEGA
 
 I=  9/2- (1)  3.373  28: 0.122
                      29:-0.328
                      35: 0.344
                      37: 0.871
 
 I=  9/2- (2)  3.940  25:-0.120
                      28: 0.239
                      29: 0.177
                      32: 0.186
                      33: 0.280
                      35: 0.831
                      37:-0.306
 
 I=  9/2- (3)  4.036  25: 0.321
                      29: 0.089
                      32:-0.520
                      33:-0.702
                      35: 0.345
                      37:-0.078
 
 I=  9/2- (4)  4.775  28:-0.257
                      29: 0.891
                      32: 0.054
                      37: 0.370
 
 I=  9/2- (5)  4.948  26: 0.353
                      30:-0.490
                      31:-0.568
                      34: 0.348
                      36: 0.317
                      38: 0.251
                      39:-0.168

             ENERGY    K= OMEGA
 
 I= 11/2- (1)  3.972  27: 0.996
                      37: 0.082
 
 I= 11/2- (2)  4.480  27:-0.088
                      28: 0.168
                      29: 0.399
                      35:-0.388
                      37: 0.808
 
 I= 11/2- (3)  4.852  26:-0.389
                      30:-0.497
                      31:-0.564
                      34:-0.373
                      36:-0.204
                      38:-0.245
                      39:-0.207
 
 I= 11/2- (4)  5.249  28:-0.276
                      29: 0.250
                      33: 0.107
                      35: 0.853
                      37: 0.346
 
 I= 11/2- (5)  5.620  25:-0.130
                      32:-0.869
                      33: 0.466
                      35:-0.090

             ENERGY    K= OMEGA
 
 I= 13/2- (1)  5.546  27:-0.976
                      29:-0.087
                      35: 0.069
                      37: 0.183
 
 I= 13/2- (2)  5.588  26:-0.395
                      30: 0.587
                      31: 0.250
                      34:-0.541
                      36:-0.099
                      38:-0.138
                      39: 0.340
 
 I= 13/2- (3)  5.844  27:-0.214
                      28:-0.203
                      29: 0.429
                      33:-0.066
                      35:-0.405
                      37:-0.748
 
 I= 13/2- (4)  6.304  25: 0.422
                      28:-0.079
                      29:-0.053
                      32:-0.550
                      33:-0.703
                      37: 0.117
 
 I= 13/2- (5)  6.799  25:-0.055
                      28:-0.290
                      29:-0.286
                      32: 0.083
                      33: 0.064
                      35:-0.835
                      37: 0.348

             ENERGY     K= 9/2
  32 LEVELS    TIME=  0.0 SEC



 ******************* EXCITATION ENERGIES, DOMINANT CONFIGURATION AND EXPECTATION VALUES (WITH S.P. UU+VV FACTORS) *******************

  NR  Eex(keV)  I   Kdom  NY    <Jz>  <Jx**2> <Jy**2> <Jz**2> <I.j>/|I|  <Rx**2> <Ry**2> <Rz**2> <R.j>/|R|  <HROTx> <HROTy> <HROTz>

   1    0.0   1/2-   1/2  32    0.50    5.19    5.19    0.25    0.16       5.55    5.55    0.00   -3.15      0.676   0.676   0.000
   2    8.3   3/2-  -3/2  33   -0.82    5.17    5.17    1.57    1.20       5.52    5.52    0.00   -2.89      0.672   0.672   0.000
   3  218.8   3/2-   1/2  32   -0.16    5.14    5.14    0.91    0.73       6.05    6.05    0.00   -2.81      0.738   0.738   0.000
   4  388.0   5/2-  -3/2  33   -0.87    5.35    5.35    1.64    1.40       6.40    6.40    0.00   -2.29      0.780   0.780   0.000
   5  655.9   7/2-  -7/2  35   -3.28    2.38    2.38   12.02    3.17       3.68    3.68    0.00   -1.55      0.449   0.449   0.000
  
   6 1160.4   9/2-   9/2  37    2.66    2.88    2.88   18.22    4.05       4.20    4.20    0.00   -1.32      0.512   0.512   0.000
   7 1195.8   5/2-   1/2  32   -0.05    5.21    5.21    0.86   -0.11      10.35   10.35    0.00   -2.55      1.262   1.262   0.000
   8 1226.0   7/2-   1/2  32   -0.44    5.18    5.18    1.42    0.84      10.42   10.42    0.00   -1.85      1.270   1.270   0.000
   9 1326.8   7/2-  -7/2  29   -3.19    6.27    6.27   11.66    3.03       7.94    7.94   -0.00   -3.05      0.968   0.968  -0.000
  10 1497.2   7/2-  -3/2  33   -0.59    5.26    5.26    1.48    0.87      10.43   10.43    0.00   -1.87      1.272   1.272   0.000
  
  11 1727.8   9/2-  -7/2  35   -2.06    2.94    2.94   11.29    2.55       8.26    8.26    0.00   -1.10      1.007   1.007   0.000
  12 1738.0   5/2-   5/2  28    2.46    6.13    6.13    6.20    2.07       7.48    7.48    0.00   -3.19      0.912   0.912   0.000
  13 1759.8  11/2- -11/2  27   -5.43    2.75    2.75   30.16    5.05       5.49    5.49    0.00   -1.64      0.669   0.669   0.000
  14 1823.9   9/2-  -3/2  33   -0.97    5.12    5.12    2.89    1.60      10.96   10.96    0.00   -1.10      1.337   1.337   0.000
  15 1864.2   1/2-   1/2  31    0.50   12.62   12.62    0.25    0.99      12.26   12.26    0.00   -4.97      1.495   1.495   0.000
  
  16 2084.0   5/2-   1/2  31    0.36   13.12   13.12    0.45    1.96      11.93   11.93    0.00   -4.28      1.455   1.455   0.000
  17 2102.1   7/2-   1/2  31    0.27   16.29   16.29    0.99    3.12      12.29   12.29    0.00   -4.28      1.499   1.499   0.000
  18 2268.3  11/2-   9/2  37    1.88    3.17    3.17   17.43    3.47       9.03    9.03    0.00   -0.71      1.101   1.101   0.000
  19 2562.6   9/2-  -7/2  29   -1.99    5.75    5.75   12.90    2.46      12.33   12.33    0.00   -2.45      1.503   1.503   0.000
  20 2639.6  11/2-   1/2  31    0.19   20.01   20.01    4.68    4.59      12.75   12.75   -0.00   -3.41      1.555   1.555  -0.000
  
  21 2736.0   9/2-   1/2  31    0.23   18.43   18.43    4.09    3.94      13.28   13.28    0.00   -4.15      1.619   1.619   0.000
  22 3037.3  11/2-  -7/2  35   -2.06    2.72    2.72   12.62    2.28      13.28   13.28    0.00   -0.86      1.619   1.619   0.000
  23 3334.1  13/2- -11/2  27   -5.13    2.77    2.77   29.67    4.29      12.00   12.00    0.00   -1.07      1.463   1.463   0.000
  24 3376.2  13/2-   5/2  30    0.13   21.96   21.96    8.49    5.16      14.57   14.57    0.00   -3.04      1.776   1.776   0.000
  25 3408.3  11/2-   1/2  32    0.03    5.11    5.11    0.82    0.69      19.24   19.24    0.00   -1.11      2.346   2.346   0.000
  
  26 3631.6  13/2-   9/2  37    1.14    3.36    3.36   17.23    3.09      14.77   14.77    0.00   -0.44      1.801   1.801   0.000
  27 3753.7   1/2-   1/2  25    0.50    7.35    7.35    0.25    0.64       7.29    7.29    0.00   -3.77      0.889   0.889   0.000
  28 4016.4   5/2-   5/2  30    1.44   22.76   22.76    5.05    3.76      18.55   18.55    0.00   -6.48      2.261   2.261   0.000
  29 4092.3  13/2-  -3/2  33   -0.44    5.67    5.67    1.61    1.60      19.70   19.70    0.00   -0.29      2.402   2.402   0.000
  30 4418.5   1/2-   1/2  36    0.50   17.13   17.13    0.25   -0.78      18.31   18.31    0.00   -5.81      2.232   2.232   0.000
  
  31 4586.5  13/2-  -7/2  35   -1.98    2.83    2.83   12.56    1.99      19.62   19.62    0.00   -0.70      2.392   2.392   0.000
  32*******   1/2-  -3/2  33    0.00    0.00    0.00    0.00   -0.00       0.00    0.00    0.00   -0.00      0.000   0.000   0.000
