1SPECTRUM OF (Z= 82 A=207) IN PARTICLE-ROTOR  MODEL WITH MODIFIED OSCILLATOR POTENTIAL


 PARITY=-   EPS= 0.401   GAMMA=  0.0   EPS4=0.000   EPS6=0.000   LEVELS:  25  26  27  28  29  30  31  32  33  34  35  36  37  38  39

 PAIRING FACTORS: GN0= 19.20  GN1=  7.40  IPAIR= 15 ***  E2PLUS(INPUT)=   0.730  E2PLUR(INPUT)=   0.000

 CORIOLIS ATTENUATION PARAMETERS:  CHSI=1.000  ETA=  1.00

 MOMENT OF INERTIA PARAMETERS:   A1=  0.122 MEV   A2=  0.122 MEV   A3=121.91924 MEV


 DELTA=0.844 MEV  LAMBDA=53.4803 MEV   HW0= 7.5610 MEV   LAMBDA/HW0= 7.0732

 E2ENERGY=0.730 MEV  HBAR**2/B=29816./A**(7/3)=5040.3/A**2 MEV

 IREC=0  =>  RECOIL TERMS j+j-, j+j+, jzjz, ETC TREATED AS ONE-BODY OPERATORS WITH UU+VV PAIRING FACTORS



 S. P. LEVEL   EQP       U     V        (UU + VV)**1.00

     25       3.653    0.116 0.993      1.000 1.000 0.999 0.996 0.996 0.922 0.882 0.879 0.519 0.480 0.390 0.338 0.248 0.237 0.236
     26       3.251    0.131 0.991      1.000 1.000 1.000 0.998 0.997 0.928 0.889 0.886 0.532 0.493 0.403 0.352 0.263 0.252 0.251
     27       2.689    0.159 0.987      0.999 1.000 1.000 0.999 0.999 0.938 0.901 0.899 0.556 0.518 0.429 0.378 0.290 0.279 0.278
     28       2.147    0.201 0.980      0.996 0.998 0.999 1.000 1.000 0.952 0.919 0.917 0.590 0.553 0.467 0.417 0.330 0.319 0.318
     29       2.132    0.202 0.979      0.996 0.997 0.999 1.000 1.000 0.953 0.919 0.917 0.592 0.555 0.468 0.419 0.332 0.321 0.320
     30       0.987    0.491 0.871      0.922 0.928 0.938 0.952 0.953 1.000 0.996 0.995 0.809 0.782 0.715 0.675 0.603 0.594 0.593
     31       0.900    0.571 0.821      0.882 0.889 0.901 0.919 0.919 0.996 1.000 1.000 0.861 0.837 0.778 0.742 0.676 0.667 0.667
     32       0.897    0.576 0.818      0.879 0.886 0.899 0.917 0.917 0.995 1.000 1.000 0.864 0.840 0.781 0.746 0.680 0.672 0.671
     33       1.115    0.909 0.416      0.519 0.532 0.556 0.590 0.592 0.809 0.861 0.864 1.000 0.999 0.989 0.980 0.957 0.953 0.953
     34       1.214    0.927 0.375      0.480 0.493 0.518 0.553 0.555 0.782 0.837 0.840 0.999 1.000 0.995 0.988 0.969 0.966 0.966
     35       1.570    0.960 0.280      0.390 0.403 0.429 0.467 0.468 0.715 0.778 0.781 0.989 0.995 1.000 0.998 0.989 0.987 0.987
     36       1.914    0.974 0.226      0.338 0.352 0.378 0.417 0.419 0.675 0.742 0.746 0.980 0.988 0.998 1.000 0.996 0.994 0.994
     37       3.175    0.991 0.134      0.248 0.263 0.290 0.330 0.332 0.603 0.676 0.680 0.957 0.969 0.989 0.996 1.000 1.000 1.000
     38       3.466    0.992 0.123      0.237 0.252 0.279 0.319 0.321 0.594 0.667 0.672 0.953 0.966 0.987 0.994 1.000 1.000 1.000
     39       3.493    0.993 0.122      0.236 0.251 0.278 0.318 0.320 0.593 0.667 0.671 0.953 0.966 0.987 0.994 1.000 1.000 1.000

  R CORE   ENERGY   A0R/A00=1.000    R3= 0     2  
   2( 1)    0.732                    1.000 0.000
   2( 2)  487.921                    0.000 1.000

  R CORE   ENERGY   A0R/A00=1.000    R3= 0     2  
   3( 1)  488.652                    0.000 1.000

  R CORE   ENERGY   A0R/A00=1.000    R3= 0     2     4  
   4( 1)    2.438                    1.000 0.000 0.000

  R CORE   ENERGY   A0R/A00=1.000    R3= 0     2     4  
   5( 1)  490.847                    0.000 1.000 0.000

  R CORE   ENERGY   A0R/A00=1.000    R3= 0     2     4     6  
   6( 1)    5.121                    1.000 0.000 0.000 0.000

  R CORE   ENERGY   A0R/A00=1.000    R3= 0     2     4     6  
   7( 1)  494.017                    0.000 1.000 0.000 0.000

          AXIAL SYMMETRY => K RESTRICTED TO OMEGA

                     K
     S.P. ORB#: 25 -5.50
     S.P. ORB#: 26  0.50
     S.P. ORB#: 27  2.50
     S.P. ORB#: 28 -1.50
     S.P. ORB#: 29 -3.50
     S.P. ORB#: 30  0.50
     S.P. ORB#: 31 -1.50
     S.P. ORB#: 32  2.50
     S.P. ORB#: 33 -3.50
     S.P. ORB#: 34  0.50
     S.P. ORB#: 35  4.50
     S.P. ORB#: 36 -3.50
     S.P. ORB#: 37  0.50
     S.P. ORB#: 38 -1.50
     S.P. ORB#: 39 -1.50
 

             ENERGY    K= OMEGA
 
 I=  1/2- (1)  2.304  30:-1.000
 
 I=  1/2- (2)  4.130  26:-0.197
                      34: 0.915
                      37:-0.351
 
 I=  1/2- (3)  7.142  26:-0.311
                      34: 0.281
                      37: 0.908
 
 I=  1/2- (4)  9.547  26: 0.930
                      34: 0.288
                      37: 0.230
 
 I=  1/2- (5)147.203  31:-1.000

             ENERGY    K= OMEGA
 
 I=  3/2- (1)  2.216  30:-0.471
                      31: 0.882
 
 I=  3/2- (2)  2.569  30:-0.864
                      31:-0.467
                      38:-0.189

             ENERGY    K= OMEGA
 
 I=  5/2- (1)  2.775  30:-0.455
                      31:-0.887
                      38: 0.063
 
 I=  5/2- (2)  3.334  27: 0.064
                      30:-0.834
                      31: 0.447
                      38: 0.316
 
 I=  5/2- (3)  4.172  26:-0.150
                      34: 0.805
                      37:-0.491
                      39: 0.294
 
 I=  5/2- (4)  4.467  27:-0.975
                      30:-0.096
                      31: 0.086
                      38:-0.179
 
 I=  5/2- (5)  4.882  27: 0.206
                      30:-0.296
                      31: 0.075
                      38:-0.930

             ENERGY    K= OMEGA
 
 I=  7/2- (1)  2.010  27: 0.148
                      33:-0.988
 
 I=  7/2- (2)  3.403  30:-0.704
                      31: 0.688
                      38:-0.174
 
 I=  7/2- (3)  4.006  27:-0.188
                      29:-0.594
                      30: 0.496
                      31: 0.548
                      38: 0.253
 
 I=  7/2- (4)  4.053  26:-0.060
                      28: 0.107
                      32: 0.154
                      34: 0.873
                      36: 0.064
                      37: 0.237
                      39:-0.372
 
 I=  7/2- (5)  4.062  27:-0.081
                      29:-0.784
                      30:-0.377
                      31:-0.452
                      38:-0.180

             ENERGY    K= OMEGA
 
 I=  9/2- (1)  2.499  27:-0.088
                      29: 0.169
                      33:-0.372
                      35:-0.909
 
 I=  9/2- (2)  3.101  27:-0.197
                      29:-0.102
                      33:-0.902
                      35: 0.369
 
 I=  9/2- (3)  4.524  27: 0.055
                      30: 0.584
                      31: 0.789
                      38:-0.179
 
 I=  9/2- (4)  4.793  26: 0.122
                      28:-0.471
                      32: 0.632
                      34: 0.366
                      36:-0.364
                      37:-0.232
                      39: 0.209
 
 I=  9/2- (5)  4.970  26: 0.203
                      28:-0.289
                      32: 0.299
                      34:-0.654
                      36:-0.179
                      37: 0.486
                      39:-0.299

             ENERGY    K= OMEGA
 
 I= 11/2- (1)  3.584  26: 0.554
                      28: 0.571
                      32: 0.481
                      34: 0.251
                      36: 0.225
                      37: 0.075
                      39:-0.125
 
 I= 11/2- (2)  3.643  27:-0.134
                      29:-0.229
                      33: 0.449
                      35:-0.852
 
 I= 11/2- (3)  4.414  27: 0.233
                      29:-0.150
                      33:-0.850
                      35:-0.443
 
 I= 11/2- (4)  4.997  25: 0.998
 
 I= 11/2- (5)  5.014  26: 0.284
                      28: 0.139
                      32: 0.061
                      34:-0.808
                      37:-0.281
                      39: 0.404

             ENERGY    K= OMEGA
 
 I= 13/2- (1)  5.022  27: 0.172
                      29:-0.270
                      33: 0.488
                      35: 0.811
 
 I= 13/2- (2)  5.365  26: 0.196
                      28:-0.555
                      32: 0.679
                      34: 0.128
                      36:-0.399
                      37:-0.051
                      39: 0.118
 
 I= 13/2- (3)  5.957  25: 0.067
                      27: 0.262
                      29: 0.188
                      33: 0.812
                      35:-0.479
 
 I= 13/2- (4)  6.585  25: 0.997
                      35: 0.064
 
 I= 13/2- (5)  6.622  26: 0.142
                      28:-0.119
                      32: 0.072
                      34:-0.708
                      36:-0.052
                      37: 0.559
                      39:-0.380

             ENERGY     K=-3/2
  32 LEVELS    TIME=  0.0 SEC



 ******************* EXCITATION ENERGIES, DOMINANT CONFIGURATION AND EXPECTATION VALUES (WITH S.P. UU+VV FACTORS) *******************

  NR  Eex(keV)  I   Kdom  NY    <Jz>  <Jx**2> <Jy**2> <Jz**2> <I.j>/|I|  <Rx**2> <Ry**2> <Rz**2> <R.j>/|R|  <HROTx> <HROTy> <HROTz>

   1    0.0   7/2-  -7/2  33   -3.37    2.31    2.31   12.12    3.20       3.52    3.52    0.00   -1.51      0.430   0.430   0.000
   2  206.5   3/2-  -3/2  31   -1.06    5.01    5.01    1.81    1.28       5.31    5.31    0.00   -2.87      0.647   0.647   0.000
   3  294.1   1/2-   1/2  30    0.50    4.98    4.98    0.25    0.09       5.40    5.40    0.00   -3.08      0.659   0.659   0.000
   4  488.7   9/2-   9/2  35    3.15    2.51    2.51   18.81    4.09       3.96    3.96    0.00   -1.24      0.483   0.483   0.000
   5  559.6   3/2-   1/2  30   -0.01    4.80    4.80    0.76    0.44       6.21    6.21    0.00   -2.70      0.757   0.757   0.000
  
   6  764.9   5/2-  -3/2  31   -1.08    5.03    5.03    1.84    0.94       7.56    7.56    0.00   -2.35      0.921   0.921   0.000
   7 1091.0   9/2-  -7/2  33   -2.17    2.37    2.37   13.10    2.75       7.59    7.59    0.00   -1.06      0.926   0.926   0.000
   8 1324.6   5/2-   1/2  30   -0.09    4.56    4.56    0.87    0.24       8.66    8.66    0.00   -2.23      1.055   1.055   0.000
   9 1393.0   7/2-   1/2  30   -0.51    4.98    4.98    1.27    0.94       9.76    9.76    0.00   -1.70      1.190   1.190   0.000
  10 1573.9  11/2-  -3/2  28    0.08   23.65   23.65    2.93    6.21       5.87    5.87    0.00   -3.83      0.716   0.716   0.000
  
  11 1633.0  11/2-   9/2  35    2.42    2.67    2.67   17.97    3.49       8.66    8.66    0.00   -0.59      1.056   1.056   0.000
  12 1995.8   7/2-  -7/2  29   -1.57    5.15    5.15    5.43    1.47       9.93    9.93    0.00   -2.23      1.210   1.210   0.000
  13 2042.8   7/2-   1/2  34    0.23   15.23   15.23    0.74    3.44       9.84    9.84    0.00   -3.96      1.200   1.200   0.000
  14 2051.9   7/2-  -7/2  29   -2.42    5.62    5.62    8.14    2.05       9.42    9.42    0.00   -2.59      1.149   1.149   0.000
  15 2120.4   1/2-   1/2  34    0.50   11.05   11.05    0.25    1.05      10.64   10.64    0.00   -4.65      1.298   1.298   0.000
  
  16 2162.6   5/2-   1/2  34    0.32   11.54   11.54    0.43    2.35       9.19    9.19    0.00   -3.86      1.120   1.120   0.000
  17 2404.4  11/2-  -7/2  33   -1.60    2.45    2.45   13.52    2.41      12.69   12.69    0.00   -0.80      1.548   1.548   0.000
  18 2457.3   5/2-   5/2  27    2.32    5.94    5.94    6.04    2.04       7.31    7.31    0.00   -3.11      0.891   0.891   0.000
  19 2514.2   9/2-  -3/2  31   -0.81    5.00    5.00    1.60    0.76      14.38   14.38    0.00   -1.45      1.753   1.753   0.000
  20 2783.2   9/2-   5/2  32    0.24   21.86   21.86    4.77    4.75      13.00   13.00    0.00   -4.88      1.585   1.585   0.000
  
  21 2871.7   5/2-  -3/2  38   -1.16    2.36    2.36    2.24    0.33       6.89    6.89   -0.00   -1.62      0.840   0.840  -0.000
  22 2960.3   9/2-   1/2  34    0.20   13.71   13.71    1.52    2.98      12.02   12.02    0.00   -2.88      1.466   1.466   0.000
  23 2987.3  11/2- -11/2  25   -5.47    2.75    2.75   30.21    5.05       5.54    5.54    0.00   -1.66      0.676   0.676   0.000
  24 3004.4  11/2-   1/2  34    0.14   13.69   13.69    0.65    3.21      12.67   12.67    0.00   -1.75      1.545   1.545   0.000
  25 3012.4  13/2-   9/2  35    1.93    2.82    2.82   17.36    3.09      14.28   14.28    0.00   -0.26      1.741   1.741   0.000
  
  26 3355.3  13/2-   5/2  32    0.14   23.70   23.70    5.57    5.06      15.52   15.52    0.00   -3.17      1.892   1.892   0.000
  27 3947.2  13/2-  -7/2  33   -1.25    2.54    2.54   13.74    2.15      18.79   18.79    0.00   -0.62      2.291   2.291   0.000
  28 4574.9  13/2- -11/2  25   -5.45    2.75    2.75   30.16    4.31      12.08   12.08    0.00   -1.13      1.473   1.473   0.000
  29 4612.0  13/2-   1/2  34    0.18   12.07   12.07    0.63    2.67      18.09   18.09    0.00   -1.02      2.206   2.206   0.000
  30 5132.4   1/2-   1/2  37    0.50   15.88   15.88    0.25   -0.58      16.88   16.88    0.00   -5.59      2.058   2.058   0.000
  
  31 7536.8   1/2-   1/2  26    0.50   23.04   23.04    0.25   -3.45      26.53   26.53    0.00   -6.77      3.234   3.234   0.000
  32*******   1/2-  -3/2  31    0.00    0.00    0.00    0.00    0.00       0.00    0.00    0.00   -0.00      0.000   0.000   0.000
