1SPECTRUM OF (Z= 82 A=207) IN PARTICLE-ROTOR  MODEL WITH MODIFIED OSCILLATOR POTENTIAL


 PARITY=-   EPS= 0.178   GAMMA=  0.0   EPS4=0.000   EPS6=0.000   LEVELS:  25  26  27  28  29  30  31  32  33  34  35  36  37  38  39

 PAIRING FACTORS: GN0= 19.20  GN1=  7.40  IPAIR= 15 ***  E2PLUS(INPUT)=   0.730  E2PLUR(INPUT)=   0.000

 CORIOLIS ATTENUATION PARAMETERS:  CHSI=1.000  ETA=  1.00

 MOMENT OF INERTIA PARAMETERS:   A1=  0.122 MEV   A2=  0.122 MEV   A3=121.91925 MEV


 DELTA=0.903 MEV  LAMBDA=53.4507 MEV   HW0= 7.4382 MEV   LAMBDA/HW0= 7.1860

 E2ENERGY=0.730 MEV  HBAR**2/B= 5875./A**(7/3)= 993.1/A**2 MEV

 IREC=0  =>  RECOIL TERMS j+j-, j+j+, jzjz, ETC TREATED AS ONE-BODY OPERATORS WITH UU+VV PAIRING FACTORS



 S. P. LEVEL   EQP       U     V        (UU + VV)**1.00

     25       4.323    0.105 0.994      1.000 1.000 1.000 0.999 0.996 0.994 0.992 0.806 0.703 0.473 0.382 0.346 0.298 0.255 0.222
     26       3.886    0.117 0.993      1.000 1.000 1.000 0.999 0.997 0.995 0.994 0.813 0.712 0.484 0.394 0.357 0.309 0.266 0.234
     27       3.817    0.119 0.993      1.000 1.000 1.000 0.999 0.997 0.996 0.994 0.814 0.713 0.486 0.396 0.359 0.311 0.268 0.236
     28       2.927    0.156 0.988      0.999 0.999 0.999 1.000 0.999 0.998 0.997 0.835 0.739 0.518 0.430 0.394 0.346 0.304 0.272
     29       2.389    0.193 0.981      0.996 0.997 0.997 0.999 1.000 1.000 0.999 0.855 0.763 0.549 0.463 0.428 0.381 0.339 0.307
     30       2.189    0.211 0.977      0.994 0.995 0.996 0.998 1.000 1.000 1.000 0.865 0.775 0.565 0.479 0.445 0.398 0.357 0.325
     31       2.029    0.229 0.974      0.992 0.994 0.994 0.997 0.999 1.000 1.000 0.873 0.787 0.580 0.495 0.461 0.415 0.374 0.342
     32       0.907    0.674 0.739      0.806 0.813 0.814 0.835 0.855 0.865 0.873 1.000 0.988 0.903 0.855 0.835 0.805 0.778 0.756
     33       0.926    0.781 0.624      0.703 0.712 0.713 0.739 0.763 0.775 0.787 0.988 1.000 0.959 0.926 0.910 0.888 0.867 0.849
     34       1.290    0.926 0.378      0.473 0.484 0.486 0.518 0.549 0.565 0.580 0.903 0.959 1.000 0.995 0.990 0.982 0.972 0.964
     35       1.662    0.959 0.283      0.382 0.394 0.396 0.430 0.463 0.479 0.495 0.855 0.926 0.995 1.000 0.999 0.996 0.991 0.986
     36       1.897    0.969 0.246      0.346 0.357 0.359 0.394 0.428 0.445 0.461 0.835 0.910 0.990 0.999 1.000 0.999 0.995 0.992
     37       2.354    0.981 0.196      0.298 0.309 0.311 0.346 0.381 0.398 0.415 0.805 0.888 0.982 0.996 0.999 1.000 0.999 0.997
     38       3.014    0.988 0.152      0.255 0.266 0.268 0.304 0.339 0.357 0.374 0.778 0.867 0.972 0.991 0.995 0.999 1.000 0.999
     39       3.850    0.993 0.118      0.222 0.234 0.236 0.272 0.307 0.325 0.342 0.756 0.849 0.964 0.986 0.992 0.997 0.999 1.000

  R CORE   ENERGY   A0R/A00=1.000    R3= 0     2  
   2( 1)    0.732                    1.000 0.000
   2( 2)  487.921                    0.000 1.000

  R CORE   ENERGY   A0R/A00=1.000    R3= 0     2  
   3( 1)  488.652                    0.000 1.000

  R CORE   ENERGY   A0R/A00=1.000    R3= 0     2     4  
   4( 1)    2.438                    1.000 0.000 0.000

  R CORE   ENERGY   A0R/A00=1.000    R3= 0     2     4  
   5( 1)  490.847                    0.000 1.000 0.000

  R CORE   ENERGY   A0R/A00=1.000    R3= 0     2     4     6  
   6( 1)    5.121                    1.000 0.000 0.000 0.000

  R CORE   ENERGY   A0R/A00=1.000    R3= 0     2     4     6  
   7( 1)  494.017                    0.000 1.000 0.000 0.000

          AXIAL SYMMETRY => K RESTRICTED TO OMEGA

                     K
     S.P. ORB#: 25  2.50
     S.P. ORB#: 26  0.50
     S.P. ORB#: 27 -3.50
     S.P. ORB#: 28 -3.50
     S.P. ORB#: 29  4.50
     S.P. ORB#: 30  0.50
     S.P. ORB#: 31 -1.50
     S.P. ORB#: 32 -1.50
     S.P. ORB#: 33  2.50
     S.P. ORB#: 34  0.50
     S.P. ORB#: 35  0.50
     S.P. ORB#: 36 -1.50
     S.P. ORB#: 37  2.50
     S.P. ORB#: 38 -3.50
     S.P. ORB#: 39  4.50
 

             ENERGY    K= OMEGA
 
 I=  1/2- (1)  1.530  26:-0.062
                      34:-0.998
 
 I=  1/2- (2)  3.202  30: 1.000
 
 I=  1/2- (3)  5.010  26: 0.998
                      34:-0.062
 
 I=  1/2- (4)  9.731  35: 1.000
 
 I=  1/2- (5)147.210  32: 1.000

             ENERGY    K= OMEGA
 
 I=  3/2- (1)  1.377  30: 0.193
                      31: 0.112
                      32: 0.970
                      34:-0.086
 
 I=  3/2- (2)  2.189  30:-0.143
                      31:-0.116
                      32: 0.128
                      34: 0.974

             ENERGY    K= OMEGA
 
 I=  5/2- (1)  1.396  26: 0.051
                      30:-0.133
                      31:-0.185
                      32: 0.398
                      33: 0.884
                      34:-0.070
 
 I=  5/2- (2)  1.987  30:-0.231
                      31: 0.165
                      32: 0.874
                      33:-0.390
 
 I=  5/2- (3)  2.211  30: 0.134
                      31: 0.173
                      33: 0.127
                      34: 0.967
 
 I=  5/2- (4)  3.277  26: 0.392
                      30:-0.459
                      31:-0.737
                      32:-0.080
                      33:-0.193
                      34: 0.223
 
 I=  5/2- (5)  4.549  26:-0.065
                      30: 0.795
                      31:-0.531
                      32: 0.261
                      33:-0.106

             ENERGY    K= OMEGA
 
 I=  7/2- (1)  2.025  30: 0.177
                      31:-0.221
                      32: 0.489
                      33:-0.824
 
 I=  7/2- (2)  2.631  25:-0.065
                      26:-0.176
                      28: 0.058
                      30:-0.353
                      31:-0.292
                      32:-0.724
                      33:-0.430
                      34: 0.205
 
 I=  7/2- (3)  3.652  25:-0.246
                      27:-0.109
                      28: 0.934
                      30: 0.070
                      31: 0.084
                      34:-0.199
 
 I=  7/2- (4)  3.808  26: 0.067
                      28:-0.218
                      30: 0.131
                      31: 0.189
                      32:-0.306
                      33:-0.199
                      34:-0.872
 
 I=  7/2- (5)  4.079  35: 0.720
                      36: 0.575
                      37: 0.357
                      38: 0.153

             ENERGY    K= OMEGA
 
 I=  9/2- (1)  2.680  26: 0.176
                      27:-0.077
                      29: 0.108
                      30:-0.302
                      31:-0.359
                      32: 0.468
                      33: 0.690
                      34:-0.185
 
 I=  9/2- (2)  3.128  25: 0.084
                      27: 0.255
                      28: 0.202
                      29:-0.932
                      30:-0.054
                      31:-0.062
                      32: 0.055
                      33: 0.071
 
 I=  9/2- (3)  3.812  25: 0.102
                      28: 0.116
                      30: 0.142
                      31:-0.322
                      32:-0.714
                      33: 0.222
                      34:-0.536
 
 I=  9/2- (4)  3.843  25:-0.062
                      26: 0.073
                      28:-0.104
                      30:-0.317
                      32: 0.281
                      33:-0.555
                      34:-0.700
 
 I=  9/2- (5)  4.576  25:-0.316
                      27: 0.129
                      28:-0.900
                      29:-0.190
                      30: 0.082
                      31:-0.057
                      32:-0.135
                      33: 0.097

             ENERGY    K= OMEGA
 
 I= 11/2- (1)  2.821  35:-0.656
                      36:-0.564
                      37:-0.416
                      38:-0.256
                      39:-0.117
 
 I= 11/2- (2)  3.856  25:-0.106
                      27: 0.208
                      28: 0.128
                      29: 0.402
                      30:-0.233
                      31: 0.252
                      32:-0.484
                      33: 0.645
 
 I= 11/2- (3)  4.123  25: 0.104
                      27:-0.276
                      28:-0.246
                      29:-0.791
                      30:-0.141
                      31: 0.147
                      32:-0.265
                      33: 0.340
 
 I= 11/2- (4)  4.603  25:-0.094
                      26:-0.289
                      28: 0.106
                      30:-0.423
                      31:-0.400
                      32:-0.557
                      33:-0.430
                      34: 0.247
 
 I= 11/2- (5)  5.682  25:-0.373
                      26: 0.089
                      27:-0.165
                      28: 0.847
                      29:-0.262
                      30: 0.107
                      31: 0.105
                      34:-0.128

             ENERGY    K= OMEGA
 
 I= 13/2- (1)  4.432  35:-0.182
                      36: 0.477
                      37:-0.600
                      38: 0.530
                      39:-0.312
 
 I= 13/2- (2)  4.674  25:-0.074
                      26: 0.281
                      27:-0.120
                      28:-0.066
                      29: 0.163
                      30:-0.392
                      31:-0.437
                      32: 0.426
                      33: 0.542
                      34:-0.225
 
 I= 13/2- (3)  5.244  25: 0.177
                      26: 0.091
                      27: 0.372
                      28: 0.318
                      29:-0.821
                      30:-0.113
                      31:-0.129
                      32: 0.059
                      33: 0.075
                      34:-0.092
 
 I= 13/2- (4)  6.448  25:-0.088
                      26:-0.119
                      28:-0.068
                      29:-0.121
                      31: 0.262
                      32: 0.505
                      33: 0.243
                      34: 0.757
 
 I= 13/2- (5)  6.540  25:-0.204
                      27: 0.111
                      28:-0.318
                      29:-0.089
                      30:-0.342
                      31: 0.199
                      32: 0.494
                      33:-0.612
                      34:-0.246

             ENERGY     K= 9/2
  32 LEVELS    TIME=  0.0 SEC



 ******************* EXCITATION ENERGIES, DOMINANT CONFIGURATION AND EXPECTATION VALUES (WITH S.P. UU+VV FACTORS) *******************

  NR  Eex(keV)  I   Kdom  NY    <Jz>  <Jx**2> <Jy**2> <Jz**2> <I.j>/|I|  <Rx**2> <Ry**2> <Rz**2> <R.j>/|R|  <HROTx> <HROTy> <HROTz>

   1    0.0   3/2-  -3/2  32   -1.41    1.52    1.52    2.16    1.47       1.63    1.63   -0.00   -1.30      0.199   0.199  -0.000
   2   18.7   5/2-   5/2  33    1.68    1.84    1.84    5.33    2.44       1.65    1.65   -0.00   -0.98      0.202   0.202  -0.000
   3  152.6   1/2-   1/2  34    0.50    1.17    1.17    0.25    0.84       0.94    0.94    0.00   -1.35      0.115   0.115   0.000
   4  609.5   5/2-  -3/2  32   -0.77    1.53    1.53    2.76    1.12       3.98    3.98   -0.00   -0.89      0.485   0.485  -0.000
   5  647.4   7/2-   5/2  33    1.28    1.95    1.95    4.92    2.06       4.11    4.11   -0.00   -0.23      0.501   0.501  -0.000
  
   6  811.4   3/2-   1/2  34    0.44    1.27    1.27    0.31   -0.15       3.59    3.59    0.00   -1.17      0.438   0.438   0.000
   7  834.1   5/2-   1/2  34    0.47    1.48    1.48    0.41    0.82       3.65    3.65    0.00   -0.35      0.444   0.444   0.000
   8 1253.3   7/2-  -3/2  32   -0.36    1.69    1.69    2.65    1.37       5.47    5.47   -0.00   -0.18      0.667   0.667  -0.000
   9 1302.6   9/2-   5/2  33    0.78    2.71    2.71    4.12    2.33       5.56    5.56   -0.00    0.61      0.678   0.678  -0.000
  10 1443.9  11/2-   1/2  35    0.00   28.17   28.17    2.98    7.37       3.47    3.47    0.00   -5.79      0.423   0.423   0.000
  
  11 1750.3   9/2-   9/2  29    3.56    2.69    2.69   18.98    4.42       2.56    2.56    0.00   -1.05      0.313   0.313   0.000
  12 1824.5   1/2-   1/2  30    0.50    4.00    4.00    0.25    0.41       4.15    4.15    0.00   -2.74      0.505   0.505   0.000
  13 1899.3   5/2-  -3/2  31   -0.52    3.79    3.79    1.57    1.62       4.16    4.16    0.00   -1.51      0.507   0.507   0.000
  14 2274.4   7/2-  -7/2  28   -2.93    2.35    2.35   11.25    3.27       2.89    2.89   -0.00   -1.25      0.352   0.352  -0.000
  15 2430.6   7/2-   1/2  34    0.13    1.61    1.61    1.32    0.04       9.98    9.98   -0.00   -0.98      1.217   1.217  -0.000
  
  16 2434.6   9/2-  -3/2  32   -0.66    1.42    1.42    2.05    0.86      10.56   10.56   -0.00   -0.14      1.288   1.288  -0.000
  17 2465.5   9/2-   1/2  34    0.91    1.98    1.98    2.44    1.02      10.48   10.48   -0.00   -0.28      1.278   1.278  -0.000
  18 2479.1  11/2-   5/2  33    1.17    2.51    2.51    7.35    2.40       9.70    9.70   -0.00    0.45      1.182   1.182  -0.000
  19 2701.7   7/2-   1/2  35   -0.00   28.53   28.53    1.96    7.13       9.10    9.10    0.00   -7.20      1.110   1.110   0.000
  20 2745.2  11/2-   9/2  29    2.53    2.76    2.76   15.34    3.46       7.62    7.62    0.00   -0.04      0.928   0.928   0.000
  
  21 3054.6  13/2-   5/2  37    0.03   26.29   26.29    8.19    6.74       7.69    7.69    0.00   -3.49      0.937   0.937   0.000
  22 3171.5   5/2-   1/2  30   -0.18    4.05    4.05    1.03   -0.44      10.24   10.24    0.00   -2.31      1.248   1.248   0.000
  23 3198.2   9/2-  -7/2  28   -2.49    2.50    2.50   11.59    2.85       6.47    6.47   -0.00   -0.66      0.789   0.789  -0.000
  24 3225.5  11/2-  -3/2  32   -0.10    2.06    2.06    2.52    1.52      12.11   12.11   -0.00    0.50      1.476   1.476  -0.000
  25 3296.5  13/2-   5/2  33    0.39    3.45    3.45    3.55    2.49      12.25   12.25   -0.00    1.39      1.493   1.493  -0.000
  
  26 3633.0   1/2-   1/2  26    0.50    4.74    4.74    0.25    0.67       4.66    4.66    0.00   -3.00      0.568   0.568   0.000
  27 3866.5  13/2-   9/2  29    2.27    3.32    3.32   16.86    3.67      10.50   10.50    0.00    0.46      1.281   1.281   0.000
  28 4304.3  11/2-  -7/2  28   -1.95    2.65    2.65   11.42    2.60      10.71   10.71   -0.00   -0.26      1.305   1.305  -0.000
  29 5070.8  13/2-   1/2  34    0.03    1.63    1.63    1.65    0.82      21.08   21.08   -0.00    0.13      2.570   2.570  -0.000
  30 5162.8  13/2-   5/2  33    0.34    2.04    2.04    4.84    1.19      20.54   20.54   -0.00   -0.10      2.505   2.505  -0.000
  
  31 8353.2   1/2-   1/2  35    0.50   29.04   29.04    0.25   -4.10      33.09   33.09    0.00   -7.61      4.034   4.034   0.000
  32*******   1/2-  -3/2  32    0.00    0.00    0.00    0.00   -0.00       0.00    0.00    0.00   -0.00      0.000   0.000   0.000
