1SPECTRUM OF (Z= 82 A=207) IN PARTICLE-ROTOR  MODEL WITH MODIFIED OSCILLATOR POTENTIAL


 PARITY=-   EPS= 0.244   GAMMA=  0.0   EPS4=0.000   EPS6=0.000   LEVELS:  24  25  26  27  28  29  30  31  32  33  34  35  36  37  38

 PAIRING FACTORS: GN0= 19.20  GN1=  7.40  IPAIR= 15 ***  E2PLUS(INPUT)=   0.730  E2PLUR(INPUT)=   0.000

 CORIOLIS ATTENUATION PARAMETERS:  CHSI=1.000  ETA=  1.00

 MOMENT OF INERTIA PARAMETERS:   A1=  0.122 MEV   A2=  0.122 MEV   A3=121.91924 MEV


 DELTA=0.937 MEV  LAMBDA=53.4241 MEV   HW0= 7.4633 MEV   LAMBDA/HW0= 7.1582

 E2ENERGY=0.730 MEV  HBAR**2/B=11039./A**(7/3)=1866.1/A**2 MEV

 IREC=0  =>  RECOIL TERMS j+j-, j+j+, jzjz, ETC TREATED AS ONE-BODY OPERATORS WITH UU+VV PAIRING FACTORS



 S. P. LEVEL   EQP       U     V        (UU + VV)**1.00

     24       5.163    0.091 0.996      1.000 1.000 1.000 0.999 0.989 0.986 0.981 0.972 0.682 0.529 0.482 0.418 0.364 0.319 0.265
     25       4.137    0.114 0.993      1.000 1.000 1.000 1.000 0.992 0.990 0.985 0.977 0.699 0.548 0.502 0.438 0.385 0.340 0.287
     26       3.916    0.121 0.993      1.000 1.000 1.000 1.000 0.993 0.990 0.986 0.979 0.704 0.554 0.508 0.444 0.391 0.347 0.294
     27       3.372    0.140 0.990      0.999 1.000 1.000 1.000 0.995 0.993 0.989 0.983 0.718 0.570 0.525 0.462 0.410 0.365 0.313
     28       2.035    0.237 0.972      0.989 0.992 0.993 0.995 1.000 1.000 0.999 0.996 0.783 0.648 0.606 0.547 0.497 0.455 0.405
     29       1.894    0.256 0.967      0.986 0.990 0.990 0.993 1.000 1.000 1.000 0.998 0.795 0.663 0.621 0.563 0.514 0.472 0.422
     30       1.732    0.282 0.959      0.981 0.985 0.986 0.989 0.999 1.000 1.000 0.999 0.811 0.683 0.642 0.585 0.537 0.496 0.447
     31       1.539    0.322 0.947      0.972 0.977 0.979 0.983 0.996 0.998 0.999 1.000 0.834 0.713 0.674 0.619 0.572 0.532 0.483
     32       0.968    0.790 0.613      0.682 0.699 0.704 0.718 0.783 0.795 0.811 0.834 1.000 0.981 0.969 0.949 0.929 0.910 0.886
     33       1.167    0.893 0.450      0.529 0.548 0.554 0.570 0.648 0.663 0.683 0.713 0.981 1.000 0.999 0.992 0.983 0.973 0.959
     34       1.278    0.916 0.400      0.482 0.502 0.508 0.525 0.606 0.621 0.642 0.674 0.969 0.999 1.000 0.997 0.992 0.984 0.973
     35       1.493    0.943 0.333      0.418 0.438 0.444 0.462 0.547 0.563 0.585 0.619 0.949 0.992 0.997 1.000 0.998 0.994 0.987
     36       1.757    0.961 0.278      0.364 0.385 0.391 0.410 0.497 0.514 0.537 0.572 0.929 0.983 0.992 0.998 1.000 0.999 0.995
     37       2.085    0.973 0.231      0.319 0.340 0.347 0.365 0.455 0.472 0.496 0.532 0.910 0.973 0.984 0.994 0.999 1.000 0.998
     38       2.702    0.984 0.176      0.265 0.287 0.294 0.313 0.405 0.422 0.447 0.483 0.886 0.959 0.973 0.987 0.995 0.998 1.000

  R CORE   ENERGY   A0R/A00=1.000    R3= 0     2  
   2( 1)    0.732                    1.000 0.000
   2( 2)  487.921                    0.000 1.000

  R CORE   ENERGY   A0R/A00=1.000    R3= 0     2  
   3( 1)  488.652                    0.000 1.000

  R CORE   ENERGY   A0R/A00=1.000    R3= 0     2     4  
   4( 1)    2.438                    1.000 0.000 0.000

  R CORE   ENERGY   A0R/A00=1.000    R3= 0     2     4  
   5( 1)  490.847                    0.000 1.000 0.000

  R CORE   ENERGY   A0R/A00=1.000    R3= 0     2     4     6  
   6( 1)    5.121                    1.000 0.000 0.000 0.000

  R CORE   ENERGY   A0R/A00=1.000    R3= 0     2     4     6  
   7( 1)  494.017                    0.000 1.000 0.000 0.000

          AXIAL SYMMETRY => K RESTRICTED TO OMEGA

                     K
     S.P. ORB#: 24  2.50
     S.P. ORB#: 25  0.50
     S.P. ORB#: 26  2.50
     S.P. ORB#: 27 -3.50
     S.P. ORB#: 28 -3.50
     S.P. ORB#: 29  0.50
     S.P. ORB#: 30 -1.50
     S.P. ORB#: 31  4.50
     S.P. ORB#: 32  0.50
     S.P. ORB#: 33 -1.50
     S.P. ORB#: 34 -1.50
     S.P. ORB#: 35  2.50
     S.P. ORB#: 36  2.50
     S.P. ORB#: 37  0.50
     S.P. ORB#: 38 -3.50
 

             ENERGY    K= OMEGA
 
 I=  1/2- (1)  2.375  25:-0.054
                      37:-0.998
 
 I=  1/2- (2)  3.016  29: 0.998
 
 I=  1/2- (3)  5.491  25: 0.998
                      37:-0.056
 
 I=  1/2- (4)  8.455  32:-1.000
 
 I=  1/2- (5)147.470  33:-1.000

             ENERGY    K= OMEGA
 
 I=  3/2- (1)  1.791  25: 0.051
                      29: 0.204
                      30: 0.108
                      34: 0.969
                      37:-0.069
 
 I=  3/2- (2)  2.818  25: 0.120
                      30: 0.867
                      34:-0.138
                      37:-0.463

             ENERGY    K= OMEGA
 
 I=  5/2- (1)  1.963  25: 0.073
                      29:-0.175
                      30:-0.225
                      34: 0.481
                      35: 0.824
                      37:-0.051
 
 I=  5/2- (2)  2.455  29: 0.184
                      30:-0.231
                      34:-0.834
                      35: 0.457
                      37:-0.083
 
 I=  5/2- (3)  2.859  24: 0.055
                      25:-0.188
                      29: 0.382
                      30: 0.545
                      35: 0.278
                      37: 0.664
 
 I=  5/2- (4)  3.351  24: 0.056
                      25:-0.275
                      29: 0.266
                      30: 0.533
                      34: 0.058
                      35: 0.147
                      37:-0.736
 
 I=  5/2- (5)  4.306  24: 0.063
                      25: 0.077
                      29:-0.816
                      30: 0.493
                      34:-0.261
                      35: 0.108

             ENERGY    K= OMEGA
 
 I=  7/2- (1)  2.609  27: 0.052
                      28:-0.071
                      29:-0.216
                      30: 0.245
                      34:-0.544
                      35: 0.768
 
 I=  7/2- (2)  2.760  26:-0.233
                      27: 0.096
                      28:-0.944
                      29: 0.073
                      30: 0.063
                      34: 0.173
 
 I=  7/2- (3)  3.110  25:-0.207
                      28:-0.202
                      29:-0.368
                      30:-0.389
                      34:-0.628
                      35:-0.446
                      37: 0.187
 
 I=  7/2- (4)  3.274  32:-0.740
                      33:-0.570
                      36:-0.333
                      38:-0.131
 
 I=  7/2- (5)  4.163  24:-0.155
                      25: 0.175
                      27: 0.111
                      29:-0.164
                      30: 0.765
                      34:-0.218
                      35:-0.445
                      37:-0.274

             ENERGY    K= OMEGA
 
 I=  9/2- (1)  2.295  24: 0.066
                      26:-0.062
                      27: 0.269
                      28: 0.163
                      31:-0.944
 
 I=  9/2- (2)  3.227  24: 0.059
                      25:-0.247
                      27: 0.059
                      28:-0.089
                      29: 0.359
                      30: 0.475
                      31: 0.059
                      34:-0.418
                      35:-0.603
                      37: 0.167
 
 I=  9/2- (3)  3.638  24: 0.077
                      26: 0.314
                      27: 0.135
                      28:-0.904
                      29:-0.059
                      31:-0.137
                      34: 0.191
 
 I=  9/2- (4)  4.256  24:-0.085
                      25: 0.226
                      28:-0.159
                      29:-0.125
                      30:-0.485
                      34:-0.647
                      35:-0.214
                      37:-0.448
 
 I=  9/2- (5)  4.462  25:-0.140
                      28:-0.118
                      29: 0.428
                      34:-0.480
                      35: 0.705
                      37: 0.230

             ENERGY    K= OMEGA
 
 I= 11/2- (1)  2.300  32: 0.697
                      33: 0.575
                      36: 0.387
                      38: 0.188
 
 I= 11/2- (2)  3.229  24: 0.113
                      26:-0.100
                      27:-0.371
                      28:-0.212
                      31:-0.888
                      35:-0.053
 
 I= 11/2- (3)  4.549  24:-0.072
                      27: 0.085
                      28:-0.204
                      29:-0.260
                      30: 0.371
                      31:-0.069
                      34:-0.498
                      35: 0.697
 
 I= 11/2- (4)  4.691  24:-0.117
                      25: 0.125
                      26:-0.340
                      27: 0.162
                      28:-0.775
                      29: 0.226
                      30: 0.145
                      31: 0.145
                      34: 0.356
                      37:-0.087
 
 I= 11/2- (5)  5.108  25:-0.314
                      26:-0.122
                      28:-0.397
                      29:-0.427
                      30:-0.453
                      31: 0.137
                      34:-0.416
                      35:-0.315
                      37: 0.220

             ENERGY    K= OMEGA
 
 I= 13/2- (1)  4.350  24: 0.160
                      25:-0.052
                      26:-0.127
                      27: 0.439
                      28: 0.230
                      29: 0.056
                      30: 0.104
                      31:-0.827
                      34:-0.053
                      35:-0.089
 
 I= 13/2- (2)  4.592  32:-0.236
                      33: 0.590
                      36:-0.650
                      38: 0.416
 
 I= 13/2- (3)  5.202  24:-0.081
                      25: 0.362
                      28: 0.131
                      29:-0.430
                      30:-0.548
                      31:-0.170
                      34: 0.315
                      35: 0.433
                      37:-0.207
 
 I= 13/2- (4)  6.051  24: 0.134
                      26: 0.396
                      27: 0.201
                      28:-0.829
                      29:-0.097
                      31:-0.178
                      34: 0.232
 
 I= 13/2- (5)  6.863  24:-0.070
                      25: 0.237
                      28:-0.165
                      29:-0.131
                      30:-0.330
                      34:-0.601
                      35:-0.489
                      37:-0.428

             ENERGY     K=-7/2
  32 LEVELS    TIME=  0.0 SEC



 ******************* EXCITATION ENERGIES, DOMINANT CONFIGURATION AND EXPECTATION VALUES (WITH S.P. UU+VV FACTORS) *******************

  NR  Eex(keV)  I   Kdom  NY    <Jz>  <Jx**2> <Jy**2> <Jz**2> <I.j>/|I|  <Rx**2> <Ry**2> <Rz**2> <R.j>/|R|  <HROTx> <HROTy> <HROTz>

   1    0.0   3/2-  -3/2  34   -1.40    1.69    1.69    2.15    1.40       1.93    1.93    0.00   -1.44      0.235   0.235   0.000
   2  172.6   5/2-   5/2  35    1.29    2.04    2.04    4.89    2.33       1.97    1.97    0.00   -1.04      0.240   0.240   0.000
   3  504.4   9/2-   9/2  31    3.68    2.71    2.71   19.30    4.49       2.40    2.40    0.00   -1.09      0.293   0.293   0.000
   4  509.5  11/2-   1/2  32   -0.00   26.69   26.69    2.23    6.89       4.46    4.46    0.00   -4.82      0.544   0.544   0.000
   5  583.8   1/2-   1/2  37    0.50    1.38    1.38    0.25    0.82       1.16    1.16    0.00   -1.50      0.142   0.142   0.000
  
   6  664.6   5/2-  -3/2  34   -0.58    1.69    1.69    3.01    1.07       4.41    4.41    0.00   -1.09      0.538   0.538   0.000
   7  817.8   7/2-   5/2  35    0.94    2.10    2.10    4.59    1.92       4.66    4.66    0.00   -0.39      0.569   0.569   0.000
   8  969.6   7/2-  -7/2  28   -3.06    2.28    2.28   11.47    3.36       2.57    2.57    0.00   -1.19      0.313   0.313   0.000
   9 1027.3   3/2-  -3/2  30   -1.04    3.83    3.83    1.79    1.32       4.04    4.04    0.00   -2.42      0.492   0.492   0.000
  10 1068.4   5/2-   1/2  37    0.07    3.27    3.27    1.33    1.60       3.57    3.57    0.00   -1.17      0.435   0.435   0.000
  
  11 1225.5   1/2-   1/2  29    0.50    4.36    4.36    0.25    0.31       4.59    4.59    0.00   -2.87      0.559   0.559   0.000
  12 1319.5   7/2-  -3/2  34   -0.35    2.27    2.27    3.04    1.44       5.95    5.95    0.00   -0.54      0.725   0.725   0.000
  13 1436.1   9/2-   5/2  35    0.40    3.37    3.37    3.46    2.31       6.01    6.01    0.00    0.37      0.732   0.732   0.000
  14 1438.1  11/2-   9/2  31    2.97    3.13    3.13   18.38    4.13       5.52    5.52   -0.00    0.01      0.673   0.673  -0.000
  15 1482.9   7/2-   1/2  32    0.00   26.76   26.76    1.77    6.76       8.71    8.71    0.00   -6.82      1.062   1.062   0.000
  
  16 1560.6   5/2-   1/2  37   -0.03    2.49    2.49    0.98    0.78       5.05    5.05    0.00   -1.15      0.615   0.615   0.000
  17 1847.4   9/2-  -7/2  28   -2.64    2.38    2.38   11.35    2.94       5.79    5.79    0.00   -0.43      0.706   0.706   0.000
  18 2372.3   7/2-  -3/2  30   -0.37    3.80    3.80    3.00    0.95       9.40    9.40    0.00   -1.58      1.147   1.147   0.000
  19 2464.9   9/2-  -3/2  34   -0.80    2.40    2.40    2.21    1.13      10.24   10.24    0.00   -0.30      1.248   1.248   0.000
  20 2515.5   5/2-   1/2  29   -0.09    4.33    4.33    0.97   -0.32      10.14   10.14    0.00   -2.35      1.236   1.236   0.000
  
  21 2559.6  13/2-   9/2  31    2.32    3.56    3.56   17.21    3.89       9.39    9.39    0.00    0.65      1.145   1.145   0.000
  22 2671.0   9/2-   5/2  35    0.98    2.42    2.42    3.90    1.01      11.70   11.70    0.00   -0.76      1.426   1.426   0.000
  23 2758.5  11/2-   5/2  35    0.54    2.53    2.53    4.66    1.75      12.25   12.25    0.00    0.15      1.494   1.494   0.000
  24 2801.0  13/2-   5/2  36   -0.04   26.16   26.16    5.56    5.92      11.98   11.98   -0.00   -3.38      1.460   1.460  -0.000
  25 2900.2  11/2-  -7/2  28   -1.96    2.51    2.51    9.27    2.51      10.04   10.04    0.00    0.16      1.224   1.224   0.000
  
  26 3317.5  11/2-  -3/2  30   -0.58    2.89    2.89    3.97    1.67      12.76   12.76    0.00    0.05      1.555   1.555   0.000
  27 3411.4  13/2-  -3/2  30    0.14    4.18    4.18    3.01    2.44      13.01   13.01    0.00    1.11      1.587   1.587   0.000
  28 3700.6   1/2-   1/2  25    0.50    5.70    5.70    0.25    0.70       5.59    5.59    0.00   -3.30      0.682   0.682   0.000
  29 4260.5  13/2-  -7/2  28   -2.05    2.58    2.58   10.78    2.48      15.04   15.04    0.00    0.25      1.834   1.834   0.000
  30 5072.0  13/2-  -3/2  34   -0.06    2.18    2.18    3.01    1.01      21.01   21.01    0.00   -0.05      2.562   2.562   0.000
  
  31 6663.9   1/2-   1/2  32    0.50   26.83   26.83    0.25   -3.89      30.70   30.70   -0.00   -7.31      3.743   3.743  -0.000
  32*******   1/2-  -3/2  33    0.00    0.00    0.00    0.00   -0.00       0.00    0.00    0.00   -0.00      0.000   0.000   0.000
