1SPECTRUM OF (Z= 82 A=207) IN PARTICLE-ROTOR  MODEL WITH MODIFIED OSCILLATOR POTENTIAL


 PARITY=-   EPS= 0.347   GAMMA=  0.0   EPS4=0.000   EPS6=0.000   LEVELS:  25  26  27  28  29  30  31  32  33  34  35  36  37  38  39

 PAIRING FACTORS: GN0= 19.20  GN1=  7.40  IPAIR= 15 ***  E2PLUS(INPUT)=   0.730  E2PLUR(INPUT)=   0.000

 CORIOLIS ATTENUATION PARAMETERS:  CHSI=1.000  ETA=  1.00

 MOMENT OF INERTIA PARAMETERS:   A1=  0.122 MEV   A2=  0.122 MEV   A3=121.91923 MEV


 DELTA=0.900 MEV  LAMBDA=53.3674 MEV   HW0= 7.5209 MEV   LAMBDA/HW0= 7.0959

 E2ENERGY=0.730 MEV  HBAR**2/B=22326./A**(7/3)=3774.2/A**2 MEV

 IREC=0  =>  RECOIL TERMS j+j-, j+j+, jzjz, ETC TREATED AS ONE-BODY OPERATORS WITH UU+VV PAIRING FACTORS



 S. P. LEVEL   EQP       U     V        (UU + VV)**1.00

     25       4.222    0.107 0.994      1.000 0.999 0.997 0.992 0.962 0.957 0.937 0.814 0.632 0.600 0.308 0.305 0.274 0.258 0.230
     26       3.079    0.148 0.989      0.999 1.000 0.999 0.997 0.973 0.968 0.951 0.837 0.663 0.633 0.346 0.344 0.313 0.297 0.270
     27       2.520    0.182 0.983      0.997 0.999 1.000 0.999 0.980 0.976 0.961 0.855 0.688 0.659 0.378 0.376 0.346 0.330 0.303
     28       2.025    0.228 0.974      0.992 0.997 0.999 1.000 0.988 0.985 0.973 0.879 0.722 0.694 0.422 0.420 0.390 0.375 0.348
     29       1.301    0.373 0.928      0.962 0.973 0.980 0.988 1.000 1.000 0.997 0.941 0.818 0.795 0.554 0.552 0.525 0.511 0.486
     30       1.253    0.390 0.921      0.957 0.968 0.976 0.985 1.000 1.000 0.998 0.947 0.829 0.806 0.570 0.568 0.541 0.527 0.502
     31       1.125    0.448 0.894      0.937 0.951 0.961 0.973 0.997 0.998 1.000 0.966 0.862 0.842 0.621 0.618 0.593 0.579 0.556
     32       0.906    0.665 0.747      0.814 0.837 0.855 0.879 0.941 0.947 0.966 1.000 0.964 0.953 0.803 0.802 0.782 0.771 0.753
     33       0.985    0.839 0.545      0.632 0.663 0.688 0.722 0.818 0.829 0.862 0.964 1.000 0.999 0.932 0.931 0.919 0.912 0.900
     34       1.025    0.859 0.511      0.600 0.633 0.659 0.694 0.795 0.806 0.842 0.953 0.999 1.000 0.946 0.945 0.934 0.928 0.917
     35       2.254    0.979 0.204      0.308 0.346 0.378 0.422 0.554 0.570 0.621 0.803 0.932 0.946 1.000 1.000 0.999 0.999 0.997
     36       2.282    0.980 0.201      0.305 0.344 0.376 0.420 0.552 0.568 0.618 0.802 0.931 0.945 1.000 1.000 0.999 0.999 0.997
     37       2.695    0.986 0.169      0.274 0.313 0.346 0.390 0.525 0.541 0.593 0.782 0.919 0.934 0.999 0.999 1.000 1.000 0.999
     38       2.976    0.988 0.153      0.258 0.297 0.330 0.375 0.511 0.527 0.579 0.771 0.912 0.928 0.999 0.999 1.000 1.000 1.000
     39       3.636    0.992 0.125      0.230 0.270 0.303 0.348 0.486 0.502 0.556 0.753 0.900 0.917 0.997 0.997 0.999 1.000 1.000

  R CORE   ENERGY   A0R/A00=1.000    R3= 0     2  
   2( 1)    0.732                    1.000 0.000
   2( 2)  487.921                    0.000 1.000

  R CORE   ENERGY   A0R/A00=1.000    R3= 0     2  
   3( 1)  488.652                    0.000 1.000

  R CORE   ENERGY   A0R/A00=1.000    R3= 0     2     4  
   4( 1)    2.438                    1.000 0.000 0.000

  R CORE   ENERGY   A0R/A00=1.000    R3= 0     2     4  
   5( 1)  490.847                    0.000 1.000 0.000

  R CORE   ENERGY   A0R/A00=1.000    R3= 0     2     4     6  
   6( 1)    5.121                    1.000 0.000 0.000 0.000

  R CORE   ENERGY   A0R/A00=1.000    R3= 0     2     4     6  
   7( 1)  494.017                    0.000 1.000 0.000 0.000

          AXIAL SYMMETRY => K RESTRICTED TO OMEGA

                     K
     S.P. ORB#: 25  0.50
     S.P. ORB#: 26  2.50
     S.P. ORB#: 27 -3.50
     S.P. ORB#: 28  0.50
     S.P. ORB#: 29 -1.50
     S.P. ORB#: 30  0.50
     S.P. ORB#: 31 -1.50
     S.P. ORB#: 32 -3.50
     S.P. ORB#: 33  2.50
     S.P. ORB#: 34  4.50
     S.P. ORB#: 35 -3.50
     S.P. ORB#: 36  0.50
     S.P. ORB#: 37 -1.50
     S.P. ORB#: 38  2.50
     S.P. ORB#: 39  0.50
 

             ENERGY    K= OMEGA
 
 I=  1/2- (1)  2.503  30: 0.998
 
 I=  1/2- (2)  3.984  25:-0.074
                      39:-0.997
 
 I=  1/2- (3)  5.654  28:-0.335
                      36: 0.942
 
 I=  1/2- (4)  5.830  25: 0.996
                      39:-0.073
 
 I=  1/2- (5)  8.789  28: 0.942
                      36: 0.335

             ENERGY    K= OMEGA
 
 I=  3/2- (1)  2.373  25: 0.098
                      30:-0.163
                      31: 0.978
                      37: 0.059
                      39:-0.059
 
 I=  3/2- (2)  2.519  25:-0.187
                      30:-0.916
                      31:-0.107
                      37:-0.316
                      39: 0.119

             ENERGY    K= OMEGA
 
 I=  5/2- (1)  2.465  25:-0.254
                      30: 0.463
                      31: 0.791
                      37:-0.106
                      38:-0.251
                      39: 0.143
 
 I=  5/2- (2)  3.364  26: 0.063
                      30:-0.689
                      31: 0.444
                      37: 0.551
                      38:-0.137
 
 I=  5/2- (3)  3.671  25:-0.099
                      30: 0.245
                      31: 0.128
                      37: 0.416
                      38: 0.851
                      39: 0.118
 
 I=  5/2- (4)  4.329  26: 0.084
                      30: 0.431
                      31:-0.334
                      37: 0.689
                      38:-0.439
                      39: 0.167
 
 I=  5/2- (5)  4.817  25:-0.148
                      26: 0.360
                      30: 0.134
                      37: 0.105
                      39:-0.904

             ENERGY    K= OMEGA
 
 I=  7/2- (1)  1.726  26:-0.185
                      32: 0.981
 
 I=  7/2- (2)  3.310  25:-0.222
                      31:-0.879
                      38:-0.403
                      39: 0.117
 
 I=  7/2- (3)  3.424  25:-0.239
                      30:-0.858
                      37:-0.409
                      38: 0.130
                      39: 0.145
 
 I=  7/2- (4)  3.660  28:-0.695
                      29:-0.584
                      33:-0.384
                      35:-0.167
 
 I=  7/2- (5)  4.364  26:-0.209
                      27:-0.903
                      30:-0.138
                      31: 0.150
                      37: 0.147
                      38:-0.279

             ENERGY    K= OMEGA
 
 I=  9/2- (1)  1.932  26:-0.079
                      27: 0.180
                      32:-0.271
                      34:-0.942
 
 I=  9/2- (2)  2.709  26: 0.252
                      27: 0.092
                      31: 0.054
                      32: 0.922
                      34:-0.269
 
 I=  9/2- (3)  3.471  25:-0.361
                      30: 0.497
                      31: 0.699
                      32:-0.069
                      37:-0.158
                      38:-0.269
                      39: 0.179
 
 I=  9/2- (4)  4.653  28: 0.220
                      29:-0.558
                      33: 0.672
                      35:-0.433
 
 I=  9/2- (5)  5.203  26:-0.105
                      27: 0.053
                      30: 0.575
                      31:-0.477
                      32: 0.057
                      37:-0.627
                      38: 0.165
                      39:-0.053

             ENERGY    K= OMEGA
 
 I= 11/2- (1)  3.033  28:-0.668
                      29:-0.580
                      33:-0.411
                      35:-0.213
                      36:-0.059
 
 I= 11/2- (2)  3.040  26: 0.132
                      27: 0.244
                      32:-0.368
                      34: 0.888
 
 I= 11/2- (3)  3.925  26: 0.294
                      27:-0.136
                      31:-0.066
                      32:-0.867
                      34:-0.367
                      38:-0.064
 
 I= 11/2- (4)  5.132  25:-0.378
                      30:-0.413
                      31:-0.722
                      32: 0.092
                      37:-0.147
                      38:-0.312
                      39: 0.194
 
 I= 11/2- (5)  5.293  25:-0.115
                      30:-0.713
                      31: 0.415
                      37:-0.413
                      38: 0.356
                      39: 0.078

             ENERGY    K= OMEGA
 
 I= 13/2- (1)  4.368  26:-0.179
                      27: 0.285
                      32:-0.429
                      34:-0.838
 
 I= 13/2- (2)  5.098  28: 0.217
                      29:-0.550
                      33: 0.669
                      35:-0.450
 
 I= 13/2- (3)  5.288  25:-0.321
                      26: 0.215
                      27: 0.127
                      30: 0.369
                      31: 0.513
                      32: 0.519
                      34:-0.286
                      37:-0.105
                      38:-0.228
                      39: 0.147
 
 I= 13/2- (4)  5.453  25: 0.282
                      26: 0.239
                      27: 0.122
                      30:-0.345
                      31:-0.411
                      32: 0.638
                      34:-0.322
                      37: 0.131
                      38: 0.128
                      39:-0.128
 
 I= 13/2- (5)  8.011  26: 0.128
                      27:-0.100
                      30:-0.461
                      31: 0.461
                      32:-0.098
                      37: 0.719
                      39: 0.139

             ENERGY     K= 1/2
  32 LEVELS    TIME=  0.0 SEC



 ******************* EXCITATION ENERGIES, DOMINANT CONFIGURATION AND EXPECTATION VALUES (WITH S.P. UU+VV FACTORS) *******************

  NR  Eex(keV)  I   Kdom  NY    <Jz>  <Jx**2> <Jy**2> <Jz**2> <I.j>/|I|  <Rx**2> <Ry**2> <Rz**2> <R.j>/|R|  <HROTx> <HROTy> <HROTz>

   1    0.0   7/2-  -7/2  32   -3.29    2.31    2.31   12.04    3.32       3.03    3.03    0.00   -1.42      0.370   0.370   0.000
   2  206.6   9/2-   9/2  34    3.64    2.52    2.52   19.32    4.23       3.51    3.51    0.00   -1.25      0.428   0.428   0.000
   3  647.4   3/2-  -3/2  31   -1.42    4.77    4.77    2.17    1.45       4.92    4.92    0.00   -2.84      0.600   0.600   0.000
   4  739.4   5/2-  -3/2  31   -0.65    4.90    4.90    1.91    2.17       3.80    3.80    0.00   -1.91      0.463   0.463   0.000
   5  777.7   1/2-   1/2  30    0.50    4.85    4.85    0.25    0.30       5.09    5.09   -0.00   -3.04      0.621   0.621  -0.000
  
   6  792.9   3/2-   1/2  30    0.28    4.24    4.24    0.47    1.19       4.04    4.04    0.00   -2.34      0.493   0.493   0.000
   7  983.6   9/2-  -7/2  32   -2.52    2.40    2.40   12.40    2.87       6.71    6.71    0.00   -0.80      0.818   0.818   0.000
   8 1307.4  11/2-   1/2  28   -0.02   23.98   23.98    2.48    6.24       5.81    5.81    0.00   -3.86      0.708   0.708   0.000
   9 1314.1  11/2-   9/2  34    2.91    2.72    2.72   18.44    3.68       7.82    7.82    0.00   -0.48      0.953   0.953   0.000
  10 1584.3   7/2-  -3/2  31   -0.73    4.39    4.39    2.80    1.69       6.96    6.96    0.00   -1.30      0.848   0.848   0.000
  
  11 1637.9   5/2-   1/2  30   -0.46    3.66    3.66    1.39    0.66       6.78    6.78    0.00   -1.84      0.827   0.827   0.000
  12 1698.3   7/2-   1/2  30    0.20    4.01    4.01    0.70    1.35       6.89    6.89    0.00   -0.91      0.840   0.840   0.000
  13 1745.5   9/2-  -3/2  31   -0.40    5.04    5.04    1.77    2.31       6.80    6.80    0.00   -0.10      0.829   0.829   0.000
  14 1934.5   7/2-   1/2  28    0.00   23.62   23.62    2.15    6.11       8.32    8.32    0.00   -6.16      1.015   1.015   0.000
  15 1945.4   5/2-   5/2  38    1.57    2.08    2.08    4.99    1.84       3.51    3.51    0.00   -1.40      0.428   0.428   0.000
  
  16 2199.3  11/2-  -7/2  32   -1.87    2.49    2.49   12.73    2.57      11.37   11.37    0.00   -0.49      1.387   1.387   0.000
  17 2257.9   1/2-   1/2  39    0.50    1.55    1.55    0.25    0.72       1.42    1.42   -0.00   -1.61      0.174   0.174  -0.000
  18 2602.9   5/2-  -3/2  37   -0.27    2.91    2.91    2.62    0.14       8.17    8.17    0.00   -1.98      0.997   0.997   0.000
  19 2638.1   7/2-  -7/2  27   -2.61    5.67    5.67   10.85    2.88       7.53    7.53    0.00   -2.77      0.918   0.918   0.000
  20 2641.8  13/2-   9/2  34    2.31    2.91    2.91   17.67    3.31      13.03   13.03    0.00   -0.08      1.588   1.588   0.000
  
  21 2927.2   9/2-   5/2  33    0.03   24.34   24.34    5.83    5.26      13.45   13.45    0.00   -5.46      1.640   1.640   0.000
  22 3091.3   5/2-   1/2  39    0.73    2.19    2.19    1.05    0.60       5.32    5.32    0.00   -1.12      0.649   0.649   0.000
  23 3372.3  13/2-   5/2  33   -0.02   24.33   24.33    5.97    5.22      15.22   15.22    0.00   -3.29      1.855   1.855   0.000
  24 3406.1  11/2-  -3/2  31   -0.42    4.33    4.33    2.04    1.67      13.27   13.27    0.00   -0.14      1.618   1.618   0.000
  25 3477.3   9/2-  -3/2  37   -0.69    3.28    3.28    1.80    0.58      13.67   13.67    0.00   -1.05      1.667   1.667   0.000
  
  26 3561.9  13/2-  -7/2  32   -0.67    4.08    4.08    6.45    2.42      14.82   14.82    0.00    0.41      1.807   1.807   0.000
  27 3567.6  11/2-   1/2  30    0.07    3.92    3.92    1.74    1.36      14.53   14.53    0.00   -0.27      1.771   1.771   0.000
  28 3727.6  13/2-  -7/2  32   -1.00    3.69    3.69    8.20    2.30      16.14   16.14    0.00    0.08      1.968   1.968   0.000
  29 3928.0   1/2-   1/2  36    0.50   12.30   12.30    0.25   -1.32      13.94   13.94   -0.00   -4.92      1.700   1.700  -0.000
  30 4104.6   1/2-   1/2  25    0.50    6.70    6.70    0.25    0.65       6.64    6.64   -0.00   -3.59      0.809   0.809  -0.000
  
  31 6285.6  13/2-  -3/2  37   -1.00    2.86    2.86    2.07    0.55      24.40   24.40    0.00   -0.56      2.975   2.975   0.000
  32 7063.7   1/2-   1/2  28    0.50   24.07   24.07    0.25   -3.53      27.62   27.62    0.00   -6.92      3.368   3.368   0.000
