1SPECTRUM OF (Z= 82 A=207) IN PARTICLE-ROTOR  MODEL WITH MODIFIED OSCILLATOR POTENTIAL


 PARITY=-   EPS= 0.241   GAMMA=  0.0   EPS4=0.000   EPS6=0.000   LEVELS:  24  25  26  27  28  29  30  31  32  33  34  35  36  37  38

 PAIRING FACTORS: GN0= 19.20  GN1=  7.40  IPAIR= 15 ***  E2PLUS(INPUT)=   0.730  E2PLUR(INPUT)=   0.000

 CORIOLIS ATTENUATION PARAMETERS:  CHSI=1.000  ETA=  1.00

 MOMENT OF INERTIA PARAMETERS:   A1=  0.122 MEV   A2=  0.122 MEV   A3=121.91922 MEV


 DELTA=0.938 MEV  LAMBDA=53.4337 MEV   HW0= 7.4620 MEV   LAMBDA/HW0= 7.1608

 E2ENERGY=0.730 MEV  HBAR**2/B=10769./A**(7/3)=1820.5/A**2 MEV

 IREC=0  =>  RECOIL TERMS j+j-, j+j+, jzjz, ETC TREATED AS ONE-BODY OPERATORS WITH UU+VV PAIRING FACTORS



 S. P. LEVEL   EQP       U     V        (UU + VV)**1.00

     24       5.171    0.091 0.996      1.000 1.000 1.000 0.999 0.990 0.987 0.982 0.975 0.665 0.518 0.496 0.428 0.361 0.324 0.265
     25       4.137    0.114 0.993      1.000 1.000 1.000 1.000 0.993 0.990 0.986 0.980 0.682 0.538 0.516 0.449 0.382 0.346 0.287
     26       3.945    0.120 0.993      1.000 1.000 1.000 1.000 0.994 0.991 0.987 0.981 0.686 0.543 0.521 0.454 0.388 0.351 0.292
     27       3.402    0.139 0.990      0.999 1.000 1.000 1.000 0.996 0.993 0.990 0.984 0.701 0.559 0.537 0.471 0.406 0.370 0.311
     28       2.084    0.231 0.973      0.990 0.993 0.994 0.996 1.000 1.000 0.999 0.997 0.764 0.634 0.614 0.552 0.489 0.455 0.399
     29       1.917    0.253 0.968      0.987 0.990 0.991 0.993 1.000 1.000 1.000 0.998 0.778 0.651 0.631 0.570 0.509 0.475 0.419
     30       1.755    0.278 0.961      0.982 0.986 0.987 0.990 0.999 1.000 1.000 0.999 0.795 0.671 0.651 0.592 0.531 0.498 0.443
     31       1.583    0.312 0.950      0.975 0.980 0.981 0.984 0.997 0.998 0.999 1.000 0.815 0.697 0.678 0.620 0.560 0.528 0.474
     32       0.981    0.804 0.594      0.665 0.682 0.686 0.701 0.764 0.778 0.795 0.815 1.000 0.983 0.978 0.960 0.936 0.922 0.896
     33       1.190    0.899 0.438      0.518 0.538 0.543 0.559 0.634 0.651 0.671 0.697 0.983 1.000 1.000 0.995 0.985 0.977 0.962
     34       1.242    0.910 0.415      0.496 0.516 0.521 0.537 0.614 0.631 0.651 0.678 0.978 1.000 1.000 0.997 0.989 0.982 0.969
     35       1.451    0.939 0.344      0.428 0.449 0.454 0.471 0.552 0.570 0.592 0.620 0.960 0.995 0.997 1.000 0.997 0.994 0.985
     36       1.777    0.962 0.274      0.361 0.382 0.388 0.406 0.489 0.509 0.531 0.560 0.936 0.985 0.989 0.997 1.000 0.999 0.995
     37       2.038    0.972 0.237      0.324 0.346 0.351 0.370 0.455 0.475 0.498 0.528 0.922 0.977 0.982 0.994 0.999 1.000 0.998
     38       2.708    0.984 0.176      0.265 0.287 0.292 0.311 0.399 0.419 0.443 0.474 0.896 0.962 0.969 0.985 0.995 0.998 1.000

  R CORE   ENERGY   A0R/A00=1.000    R3= 0     2  
   2( 1)    0.732                    1.000 0.000
   2( 2)  487.921                    0.000 1.000

  R CORE   ENERGY   A0R/A00=1.000    R3= 0     2  
   3( 1)  488.652                    0.000 1.000

  R CORE   ENERGY   A0R/A00=1.000    R3= 0     2     4  
   4( 1)    2.438                    1.000 0.000 0.000

  R CORE   ENERGY   A0R/A00=1.000    R3= 0     2     4  
   5( 1)  490.847                    0.000 1.000 0.000

  R CORE   ENERGY   A0R/A00=1.000    R3= 0     2     4     6  
   6( 1)    5.121                    1.000 0.000 0.000 0.000

  R CORE   ENERGY   A0R/A00=1.000    R3= 0     2     4     6  
   7( 1)  494.017                    0.000 1.000 0.000 0.000

          AXIAL SYMMETRY => K RESTRICTED TO OMEGA

                     K
     S.P. ORB#: 24  2.50
     S.P. ORB#: 25  0.50
     S.P. ORB#: 26  2.50
     S.P. ORB#: 27 -3.50
     S.P. ORB#: 28 -3.50
     S.P. ORB#: 29  0.50
     S.P. ORB#: 30 -1.50
     S.P. ORB#: 31  4.50
     S.P. ORB#: 32  0.50
     S.P. ORB#: 33 -1.50
     S.P. ORB#: 34 -1.50
     S.P. ORB#: 35  2.50
     S.P. ORB#: 36  2.50
     S.P. ORB#: 37  0.50
     S.P. ORB#: 38 -3.50
 

             ENERGY    K= OMEGA
 
 I=  1/2- (1)  2.326  25:-0.054
                      37:-0.998
 
 I=  1/2- (2)  3.035  29: 0.999
 
 I=  1/2- (3)  5.483  25: 0.998
                      37:-0.056
 
 I=  1/2- (4)  8.497  32:-1.000
 
 I=  1/2- (5)147.493  33:-1.000

             ENERGY    K= OMEGA
 
 I=  3/2- (1)  1.755  29: 0.199
                      30: 0.106
                      34: 0.971
                      37:-0.068
 
 I=  3/2- (2)  2.817  25: 0.119
                      29: 0.092
                      30: 0.775
                      34:-0.151
                      37:-0.595

             ENERGY    K= OMEGA
 
 I=  5/2- (1)  1.925  25: 0.069
                      29:-0.169
                      30:-0.216
                      34: 0.481
                      35: 0.828
 
 I=  5/2- (2)  2.419  29: 0.186
                      30:-0.221
                      34:-0.835
                      35: 0.460
                      37:-0.080
 
 I=  5/2- (3)  2.842  24: 0.052
                      25:-0.173
                      29: 0.362
                      30: 0.515
                      35: 0.256
                      37: 0.711
 
 I=  5/2- (4)  3.331  24: 0.059
                      25:-0.288
                      29: 0.292
                      30: 0.568
                      34: 0.060
                      35: 0.155
                      37:-0.692
 
 I=  5/2- (5)  4.324  24: 0.063
                      25: 0.076
                      29:-0.816
                      30: 0.495
                      34:-0.257
                      35: 0.106

             ENERGY    K= OMEGA
 
 I=  7/2- (1)  2.570  29:-0.213
                      30: 0.237
                      34:-0.548
                      35: 0.770
 
 I=  7/2- (2)  2.803  24:-0.051
                      26:-0.234
                      27: 0.100
                      28:-0.934
                      29: 0.084
                      30: 0.089
                      34: 0.192
                      35: 0.079
 
 I=  7/2- (3)  3.088  25:-0.200
                      28:-0.251
                      29:-0.358
                      30:-0.373
                      34:-0.627
                      35:-0.449
                      37: 0.184
 
 I=  7/2- (4)  3.292  32:-0.739
                      33:-0.570
                      36:-0.334
                      38:-0.131
 
 I=  7/2- (5)  4.165  24:-0.150
                      25: 0.188
                      27: 0.105
                      29:-0.117
                      30: 0.753
                      34:-0.241
                      35:-0.433
                      37:-0.323

             ENERGY    K= OMEGA
 
 I=  9/2- (1)  2.337  24: 0.066
                      26:-0.063
                      27: 0.270
                      28: 0.163
                      31:-0.943
 
 I=  9/2- (2)  3.203  24: 0.055
                      25:-0.239
                      27: 0.054
                      28:-0.074
                      29: 0.353
                      30: 0.462
                      31: 0.065
                      34:-0.429
                      35:-0.614
                      37: 0.165
 
 I=  9/2- (3)  3.680  24: 0.081
                      26: 0.315
                      27: 0.139
                      28:-0.899
                      29:-0.054
                      30: 0.057
                      31:-0.134
                      34: 0.204
 
 I=  9/2- (4)  4.237  24:-0.081
                      25: 0.221
                      28:-0.180
                      29:-0.120
                      30:-0.483
                      34:-0.643
                      35:-0.185
                      37:-0.465
 
 I=  9/2- (5)  4.429  25:-0.141
                      28:-0.128
                      29: 0.426
                      34:-0.471
                      35: 0.703
                      37: 0.253

             ENERGY    K= OMEGA
 
 I= 11/2- (1)  2.307  32:-0.696
                      33:-0.575
                      36:-0.387
                      38:-0.188
 
 I= 11/2- (2)  3.268  24: 0.114
                      26:-0.101
                      27:-0.373
                      28:-0.212
                      31:-0.887
                      35:-0.057
 
 I= 11/2- (3)  4.516  24:-0.058
                      27: 0.066
                      28:-0.133
                      29:-0.274
                      30: 0.350
                      31:-0.086
                      34:-0.528
                      35: 0.700
 
 I= 11/2- (4)  4.718  24:-0.127
                      25: 0.144
                      26:-0.335
                      27: 0.169
                      28:-0.763
                      29: 0.224
                      30: 0.204
                      31: 0.129
                      34: 0.339
                      35: 0.078
                      37:-0.099
 
 I= 11/2- (5)  5.107  25:-0.302
                      26:-0.143
                      28:-0.445
                      29:-0.412
                      30:-0.433
                      31: 0.144
                      34:-0.404
                      35:-0.317
                      37: 0.215

             ENERGY    K= OMEGA
 
 I= 13/2- (1)  4.386  24: 0.162
                      25:-0.056
                      26:-0.127
                      27: 0.440
                      28: 0.229
                      29: 0.061
                      30: 0.110
                      31:-0.824
                      34:-0.058
                      35:-0.097
 
 I= 13/2- (2)  4.600  32:-0.237
                      33: 0.590
                      36:-0.650
                      38: 0.416
 
 I= 13/2- (3)  5.190  24:-0.075
                      25: 0.357
                      28: 0.126
                      29:-0.427
                      30:-0.539
                      31:-0.182
                      34: 0.324
                      35: 0.441
                      37:-0.207
 
 I= 13/2- (4)  6.087  24: 0.139
                      26: 0.397
                      27: 0.203
                      28:-0.824
                      29:-0.093
                      30: 0.053
                      31:-0.174
                      34: 0.246
 
 I= 13/2- (5)  6.839  24:-0.067
                      25: 0.239
                      28:-0.177
                      29:-0.138
                      30:-0.331
                      34:-0.588
                      35:-0.483
                      37:-0.445

             ENERGY     K=-7/2
  32 LEVELS    TIME=  0.0 SEC



 ******************* EXCITATION ENERGIES, DOMINANT CONFIGURATION AND EXPECTATION VALUES (WITH S.P. UU+VV FACTORS) *******************

  NR  Eex(keV)  I   Kdom  NY    <Jz>  <Jx**2> <Jy**2> <Jz**2> <I.j>/|I|  <Rx**2> <Ry**2> <Rz**2> <R.j>/|R|  <HROTx> <HROTy> <HROTz>

   1    0.0   3/2-  -3/2  34   -1.41    1.68    1.68    2.16    1.40       1.93    1.93    0.00   -1.43      0.235   0.235   0.000
   2  169.2   5/2-   5/2  35    1.32    2.01    2.01    4.92    2.33       1.96    1.96    0.00   -1.04      0.239   0.239   0.000
   3  551.7  11/2-   1/2  32   -0.00   26.78   26.78    2.23    6.92       4.42    4.42    0.00   -4.86      0.539   0.539   0.000
   4  570.2   1/2-   1/2  37    0.50    1.37    1.37    0.25    0.82       1.16    1.16    0.00   -1.49      0.141   0.141   0.000
   5  581.6   9/2-   9/2  31    3.67    2.71    2.71   19.28    4.49       2.39    2.39   -0.00   -1.08      0.291   0.291  -0.000
  
   6  663.9   5/2-  -3/2  34   -0.56    1.68    1.68    3.02    1.07       4.40    4.40    0.00   -1.08      0.537   0.537   0.000
   7  814.8   7/2-   5/2  35    0.96    2.08    2.08    4.57    1.91       4.66    4.66    0.00   -0.38      0.568   0.568   0.000
   8 1047.7   7/2-  -7/2  28   -2.99    2.27    2.27   11.30    3.33       2.59    2.59   -0.00   -1.16      0.316   0.316  -0.000
   9 1062.0   3/2-  -3/2  30   -0.75    3.39    3.39    1.50    1.12       3.85    3.85    0.00   -2.20      0.469   0.469   0.000
  10 1086.4   5/2-   1/2  37    0.11    3.09    3.09    1.19    1.53       3.54    3.54    0.00   -1.07      0.431   0.431   0.000
  
  11 1279.7   1/2-   1/2  29    0.50    4.34    4.34    0.25    0.32       4.57    4.57    0.00   -2.87      0.557   0.557   0.000
  12 1332.5   7/2-  -3/2  34   -0.41    2.22    2.22    3.29    1.46       5.93    5.93    0.00   -0.56      0.723   0.723   0.000
  13 1447.3   9/2-   5/2  35    0.45    3.29    3.29    3.51    2.29       6.05    6.05    0.00    0.37      0.738   0.738   0.000
  14 1512.5  11/2-   9/2  31    2.96    3.14    3.14   18.35    4.13       5.49    5.49   -0.00    0.02      0.670   0.670  -0.000
  15 1536.6   7/2-   1/2  32    0.00   26.85   26.85    1.78    6.78       8.71    8.71    0.00   -6.85      1.062   1.062   0.000
  
  16 1576.0   5/2-   1/2  37   -0.10    2.67    2.67    1.07    0.86       5.03    5.03    0.00   -1.22      0.613   0.613   0.000
  17 1924.1   9/2-  -7/2  28   -2.62    2.38    2.38   11.27    2.93       5.79    5.79   -0.00   -0.42      0.706   0.706  -0.000
  18 2409.3   7/2-  -3/2  30   -0.38    3.73    3.73    2.90    0.93       9.37    9.37    0.00   -1.54      1.143   1.143   0.000
  19 2482.0   9/2-  -3/2  34   -0.83    2.37    2.37    2.21    1.13      10.22   10.22    0.00   -0.29      1.246   1.246   0.000
  20 2569.0   5/2-   1/2  29   -0.09    4.32    4.32    0.96   -0.32      10.13   10.13    0.00   -2.35      1.235   1.235   0.000
  
  21 2630.2  13/2-   9/2  31    2.30    3.58    3.58   17.12    3.89       9.36    9.36   -0.00    0.66      1.141   1.141  -0.000
  22 2673.7   9/2-   5/2  35    0.98    2.42    2.42    3.89    1.03      11.63   11.63    0.00   -0.75      1.418   1.418   0.000
  23 2760.8  11/2-   5/2  35    0.63    2.47    2.47    4.43    1.70      12.37   12.37    0.00    0.16      1.508   1.508   0.000
  24 2844.5  13/2-   5/2  36   -0.04   26.22   26.22    5.56    5.93      11.94   11.94    0.00   -3.39      1.455   1.455   0.000
  25 2962.6  11/2-  -7/2  28   -1.92    2.54    2.54    9.04    2.51       9.95    9.95   -0.00    0.19      1.213   1.213  -0.000
  
  26 3351.9  11/2-  -7/2  28   -0.67    2.82    2.82    4.49    1.71      12.70   12.70    0.00    0.02      1.548   1.548   0.000
  27 3435.0  13/2-  -3/2  30    0.18    4.12    4.12    3.11    2.43      13.04   13.04    0.00    1.11      1.590   1.590   0.000
  28 3727.5   1/2-   1/2  25    0.50    5.66    5.66    0.25    0.70       5.56    5.56    0.00   -3.29      0.678   0.678   0.000
  29 4332.1  13/2-  -7/2  28   -2.03    2.57    2.57   10.69    2.47      15.03   15.03   -0.00    0.26      1.833   1.833  -0.000
  30 5084.0  13/2-  -3/2  34   -0.06    2.20    2.20    3.00    1.02      20.96   20.96    0.00   -0.04      2.555   2.555   0.000
  
  31 6741.5   1/2-   1/2  32    0.50   26.94   26.94    0.25   -3.91      30.82   30.82    0.00   -7.33      3.758   3.758   0.000
  32*******   1/2-  -3/2  33    0.00    0.00    0.00    0.00   -0.00       0.00    0.00    0.00   -0.00      0.000   0.000   0.000
