1SPECTRUM OF (Z= 82 A=207) IN PARTICLE-ROTOR  MODEL WITH MODIFIED OSCILLATOR POTENTIAL


 PARITY=-   EPS= 0.292   GAMMA=  0.0   EPS4=0.000   EPS6=0.000   LEVELS:  26  27  28  29  30  31  32  33  34  35  36  37  38  39  40

 PAIRING FACTORS: GN0= 19.20  GN1=  7.40  IPAIR= 15 ***  E2PLUS(INPUT)=   0.730  E2PLUR(INPUT)=   0.000

 CORIOLIS ATTENUATION PARAMETERS:  CHSI=1.000  ETA=  1.00

 MOMENT OF INERTIA PARAMETERS:   A1=  0.122 MEV   A2=  0.122 MEV   A3=121.91924 MEV


 DELTA=0.951 MEV  LAMBDA=53.2929 MEV   HW0= 7.4872 MEV   LAMBDA/HW0= 7.1179

 E2ENERGY=0.730 MEV  HBAR**2/B=15810./A**(7/3)=2672.6/A**2 MEV

 IREC=0  =>  RECOIL TERMS j+j-, j+j+, jzjz, ETC TREATED AS ONE-BODY OPERATORS WITH UU+VV PAIRING FACTORS



 S. P. LEVEL   EQP       U     V        (UU + VV)**1.00

     26       3.457    0.139 0.990      1.000 1.000 0.981 0.972 0.967 0.931 0.890 0.781 0.479 0.381 0.352 0.321 0.303 0.277 0.254
     27       2.904    0.166 0.986      1.000 1.000 0.986 0.978 0.974 0.941 0.902 0.798 0.503 0.407 0.377 0.347 0.329 0.303 0.281
     28       1.539    0.327 0.945      0.981 0.986 1.000 0.999 0.998 0.984 0.961 0.887 0.639 0.552 0.525 0.498 0.481 0.456 0.436
     29       1.392    0.367 0.930      0.972 0.978 0.999 1.000 1.000 0.991 0.972 0.906 0.671 0.588 0.561 0.535 0.518 0.494 0.474
     30       1.333    0.387 0.922      0.967 0.974 0.998 1.000 1.000 0.993 0.977 0.914 0.687 0.605 0.579 0.552 0.536 0.513 0.492
     31       1.112    0.491 0.871      0.931 0.941 0.984 0.991 0.993 1.000 0.995 0.955 0.767 0.693 0.669 0.645 0.630 0.609 0.590
     32       1.011    0.575 0.818      0.890 0.902 0.961 0.972 0.977 0.995 1.000 0.980 0.826 0.761 0.740 0.718 0.704 0.684 0.667
     33       0.953    0.727 0.687      0.781 0.798 0.887 0.906 0.914 0.955 0.980 1.000 0.922 0.875 0.859 0.842 0.832 0.816 0.802
     34       1.443    0.936 0.352      0.479 0.503 0.639 0.671 0.687 0.767 0.826 0.922 1.000 0.994 0.990 0.985 0.982 0.976 0.971
     35       1.971    0.968 0.249      0.381 0.407 0.552 0.588 0.605 0.693 0.761 0.875 0.994 1.000 0.999 0.998 0.997 0.994 0.991
     36       2.234    0.976 0.218      0.352 0.377 0.525 0.561 0.579 0.669 0.740 0.859 0.990 0.999 1.000 0.999 0.999 0.997 0.995
     37       2.592    0.982 0.187      0.321 0.347 0.498 0.535 0.552 0.645 0.718 0.842 0.985 0.998 0.999 1.000 1.000 0.999 0.998
     38       2.876    0.986 0.168      0.303 0.329 0.481 0.518 0.536 0.630 0.704 0.832 0.982 0.997 0.999 1.000 1.000 1.000 0.999
     39       3.420    0.990 0.140      0.277 0.303 0.456 0.494 0.513 0.609 0.684 0.816 0.976 0.994 0.997 0.999 1.000 1.000 1.000
     40       4.083    0.993 0.117      0.254 0.281 0.436 0.474 0.492 0.590 0.667 0.802 0.971 0.991 0.995 0.998 0.999 1.000 1.000

  R CORE   ENERGY   A0R/A00=1.000    R3= 0     2  
   2( 1)    0.732                    1.000 0.000
   2( 2)  487.921                    0.000 1.000

  R CORE   ENERGY   A0R/A00=1.000    R3= 0     2  
   3( 1)  488.652                    0.000 1.000

  R CORE   ENERGY   A0R/A00=1.000    R3= 0     2     4  
   4( 1)    2.438                    1.000 0.000 0.000

  R CORE   ENERGY   A0R/A00=1.000    R3= 0     2     4  
   5( 1)  490.847                    0.000 1.000 0.000

  R CORE   ENERGY   A0R/A00=1.000    R3= 0     2     4     6  
   6( 1)    5.121                    1.000 0.000 0.000 0.000

  R CORE   ENERGY   A0R/A00=1.000    R3= 0     2     4     6  
   7( 1)  494.017                    0.000 1.000 0.000 0.000

          AXIAL SYMMETRY => K RESTRICTED TO OMEGA

                     K
     S.P. ORB#: 26  2.50
     S.P. ORB#: 27 -3.50
     S.P. ORB#: 28  0.50
     S.P. ORB#: 29 -1.50
     S.P. ORB#: 30 -3.50
     S.P. ORB#: 31  0.50
     S.P. ORB#: 32  4.50
     S.P. ORB#: 33 -1.50
     S.P. ORB#: 34  2.50
     S.P. ORB#: 35 -1.50
     S.P. ORB#: 36  2.50
     S.P. ORB#: 37 -3.50
     S.P. ORB#: 38  0.50
     S.P. ORB#: 39  0.50
     S.P. ORB#: 40  4.50
 

             ENERGY    K= OMEGA
 
 I=  1/2- (1)  2.728  28: 0.996
                      38: 0.095
 
 I=  1/2- (2)  3.208  28: 0.095
                      38:-0.996
 
 I=  1/2- (3)  6.319  31: 0.600
                      39:-0.800
 
 I=  1/2- (4)  9.116  31:-0.800
                      39:-0.600
 
 I=  1/2- (5)147.256  33: 1.000

             ENERGY    K= OMEGA
 
 I=  3/2- (1)  2.436  28:-0.382
                      29:-0.188
                      35:-0.897
                      38: 0.115
 
 I=  3/2- (2)  2.597  28:-0.389
                      29: 0.919

             ENERGY    K= OMEGA
 
 I=  5/2- (1)  2.600  28: 0.295
                      29: 0.487
                      35:-0.383
                      36:-0.715
                      38: 0.133
 
 I=  5/2- (2)  3.031  26:-0.058
                      28: 0.224
                      29:-0.483
                      35:-0.814
                      36: 0.172
                      38:-0.145
 
 I=  5/2- (3)  3.247  28:-0.504
                      29:-0.473
                      35: 0.070
                      36:-0.632
                      38:-0.344
 
 I=  5/2- (4)  4.045  28: 0.364
                      29:-0.540
                      35: 0.252
                      36:-0.227
                      38: 0.679
 
 I=  5/2- (5)  4.232  28:-0.690
                      29: 0.113
                      35:-0.345
                      36: 0.092
                      38: 0.619

             ENERGY    K= OMEGA
 
 I=  7/2- (1)  2.100  26:-0.212
                      27: 0.061
                      30: 0.975
 
 I=  7/2- (2)  3.176  28: 0.366
                      29:-0.469
                      35: 0.458
                      36:-0.658
 
 I=  7/2- (3)  3.238  31: 0.739
                      33: 0.569
                      34: 0.333
                      37: 0.132
 
 I=  7/2- (4)  3.737  26: 0.053
                      28:-0.411
                      29:-0.466
                      35:-0.654
                      36:-0.355
                      38: 0.235
 
 I=  7/2- (5)  4.224  26: 0.069
                      27: 0.142
                      28: 0.533
                      29:-0.583
                      35:-0.214
                      36: 0.552

             ENERGY    K= OMEGA
 
 I=  9/2- (1)  1.842  26: 0.065
                      27:-0.223
                      30: 0.187
                      32: 0.955
 
 I=  9/2- (2)  3.016  26:-0.290
                      27:-0.093
                      30:-0.933
                      32: 0.180
 
 I=  9/2- (3)  3.958  28:-0.372
                      29:-0.535
                      35: 0.401
                      36: 0.603
                      38:-0.214
 
 I=  9/2- (4)  4.269  31: 0.215
                      33:-0.553
                      34: 0.629
                      37:-0.459
                      40: 0.205
 
 I=  9/2- (5)  4.861  26: 0.076
                      28:-0.186
                      29: 0.511
                      30:-0.067
                      35: 0.774
                      36:-0.072
                      38: 0.300

             ENERGY    K= OMEGA
 
 I= 11/2- (1)  2.386  31:-0.666
                      33:-0.568
                      34:-0.405
                      37:-0.239
                      40:-0.100
 
 I= 11/2- (2)  2.873  26:-0.110
                      27:-0.300
                      30: 0.259
                      32:-0.911
 
 I= 11/2- (3)  4.162  26:-0.341
                      27: 0.126
                      30: 0.893
                      32: 0.253
                      36: 0.062
 
 I= 11/2- (4)  5.071  28:-0.419
                      29: 0.483
                      35:-0.477
                      36: 0.598
 
 I= 11/2- (5)  5.749  31: 0.496
                      33: 0.065
                      34:-0.433
                      37:-0.616
                      39:-0.074
                      40:-0.421

             ENERGY    K= OMEGA
 
 I= 13/2- (1)  4.093  31: 0.182
                      33:-0.490
                      34: 0.613
                      37:-0.520
                      40: 0.283
 
 I= 13/2- (2)  4.124  26: 0.150
                      27:-0.349
                      30: 0.309
                      32: 0.872
 
 I= 13/2- (3)  5.542  26: 0.374
                      27: 0.157
                      29: 0.068
                      30: 0.855
                      32:-0.303
                      36:-0.080
 
 I= 13/2- (4)  6.304  28:-0.406
                      29:-0.543
                      30: 0.055
                      32:-0.058
                      35: 0.399
                      36: 0.549
                      38:-0.264
 
 I= 13/2- (5)  7.630  26: 0.073
                      27:-0.052
                      28:-0.096
                      29: 0.468
                      30:-0.094
                      35: 0.726
                      36: 0.089
                      38: 0.468

             ENERGY     K= 9/2
  32 LEVELS    TIME=  0.0 SEC



 ******************* EXCITATION ENERGIES, DOMINANT CONFIGURATION AND EXPECTATION VALUES (WITH S.P. UU+VV FACTORS) *******************

  NR  Eex(keV)  I   Kdom  NY    <Jz>  <Jx**2> <Jy**2> <Jz**2> <I.j>/|I|  <Rx**2> <Ry**2> <Rz**2> <R.j>/|R|  <HROTx> <HROTy> <HROTz>

   1    0.0   9/2-   9/2  32    3.82    2.58    2.58   19.51    4.38       2.93    2.93    0.00   -1.19      0.358   0.358   0.000
   2  258.1   7/2-  -7/2  30   -3.22    2.31    2.31   11.97    3.39       2.73    2.73   -0.00   -1.35      0.332   0.332  -0.000
   3  544.0  11/2-   1/2  31   -0.01   25.51   25.51    2.76    6.70       4.73    4.73    0.00   -4.47      0.576   0.576   0.000
   4  594.5   3/2-  -3/2  35   -1.18    2.06    2.06    1.93    1.40       2.20    2.20    0.00   -1.60      0.268   0.268   0.000
   5  755.3   3/2-  -3/2  29   -1.19    4.56    4.56    1.94    1.33       4.83    4.83    0.00   -2.73      0.589   0.589   0.000
  
   6  758.3   5/2-   5/2  36    0.75    2.82    2.82    4.08    2.22       2.68    2.68   -0.00   -1.37      0.327   0.327  -0.000
   7  886.3   1/2-   1/2  28    0.50    4.56    4.56    0.25    0.27       4.83    4.83    0.00   -2.94      0.588   0.588   0.000
   8 1031.4  11/2-   9/2  32    3.22    2.82    2.82   18.82    3.91       6.73    6.73   -0.00   -0.30      0.820   0.820  -0.000
   9 1174.8   9/2-  -7/2  30   -2.72    2.43    2.43   11.97    2.94       6.15    6.15   -0.00   -0.62      0.749   0.749  -0.000
  10 1189.1   5/2-  -3/2  35   -1.23    2.17    2.17    2.24    0.95       4.86    4.86    0.00   -1.21      0.592   0.592   0.000
  
  11 1334.5   7/2-   5/2  36    0.50    2.93    2.93    3.74    1.88       5.23    5.23   -0.00   -0.66      0.637   0.637  -0.000
  12 1366.6   1/2-   1/2  38    0.50    1.50    1.50    0.25    0.68       1.41    1.41    0.00   -1.58      0.172   0.172   0.000
  13 1395.9   7/2-   1/2  31    0.00   24.95   24.95    1.77    6.31       8.66    8.66    0.00   -6.40      1.055   1.055   0.000
  14 1405.5   5/2-   5/2  36    0.84    3.15    3.15    3.10    1.26       5.35    5.35   -0.00   -1.73      0.652   0.652  -0.000
  15 1895.9   7/2-  -3/2  35   -0.54    2.50    2.50    2.34    0.97       7.71    7.71    0.00   -0.89      0.940   0.940   0.000
  
  16 2116.0   9/2-   5/2  36    0.33    3.15    3.15    3.38    1.75       8.51    8.51   -0.00   -0.24      1.037   1.037  -0.000
  17 2203.5   5/2-   1/2  38   -0.11    3.05    3.05    1.27    0.13       7.67    7.67    0.00   -1.78      0.935   0.935   0.000
  18 2251.1  13/2-   5/2  34    0.01   24.76   24.76    7.82    6.27       9.25    9.25    0.00   -3.15      1.128   1.128   0.000
  19 2282.2  13/2-   9/2  32    2.71    3.04    3.04   18.19    3.59      11.47   11.47   -0.00    0.16      1.398   1.398  -0.000
  20 2320.7  11/2-  -7/2  30   -2.26    2.53    2.53   12.01    2.65      10.56   10.56   -0.00   -0.27      1.287   1.287  -0.000
  
  21 2382.9   7/2-  -3/2  29    0.26    3.48    3.48    3.12    0.71      10.12   10.12   -0.00   -1.62      1.234   1.234  -0.000
  22 2390.9   5/2-   1/2  28    0.26    2.87    2.87    0.57   -0.40       8.71    8.71    0.00   -1.80      1.062   1.062   0.000
  23 2427.7   9/2-   5/2  34    0.00   25.05   25.05    6.60    6.01      10.82   10.82    0.00   -5.76      1.319   1.319   0.000
  24 3019.7   9/2-  -3/2  35   -1.22    2.19    2.19    2.10    0.69      12.17   12.17   -0.00   -0.61      1.484   1.484  -0.000
  25 3229.6  11/2-   5/2  36    0.30    3.09    3.09    3.40    1.59      13.19   13.19   -0.00   -0.02      1.608   1.608  -0.000
  
  26 3700.0  13/2-  -7/2  30   -1.87    2.62    2.62   12.04    2.44      15.97   15.97   -0.00   -0.04      1.947   1.947  -0.000
  27 3907.6  11/2-  -7/2  37    0.06   23.47   23.47    9.48    5.32      14.25   14.25    0.00   -4.61      1.738   1.738   0.000
  28 4462.7  13/2-   5/2  36    0.20    3.26    3.26    3.09    1.57      18.19   18.19   -0.00    0.23      2.217   2.217  -0.000
  29 4477.8   1/2-   1/2  39    0.50   13.04   13.04    0.25   -2.03      15.30   15.30    0.00   -5.08      1.865   1.865   0.000
  30 5788.9  13/2-  -3/2  35   -1.01    2.03    2.03    1.97    0.64      22.91   22.91   -0.00   -0.23      2.793   2.793  -0.000
  
  31 7274.1   1/2-   1/2  31    0.50   25.81   25.81    0.25   -3.59      29.42   29.42    0.00   -7.17      3.587   3.587   0.000
  32*******   1/2-  -3/2  33    0.00    0.00    0.00    0.00   -0.00       0.00    0.00    0.00   -0.00      0.000   0.000   0.000
