1SPECTRUM OF (Z= 82 A=207) IN PARTICLE-ROTOR  MODEL WITH MODIFIED OSCILLATOR POTENTIAL


 PARITY=-   EPS= 0.203   GAMMA=  0.0   EPS4=0.000   EPS6=0.000   LEVELS:  25  26  27  28  29  30  31  32  33  34  35  36  37  38  39

 PAIRING FACTORS: GN0= 19.20  GN1=  7.40  IPAIR= 15 ***  E2PLUS(INPUT)=   0.730  E2PLUR(INPUT)=   0.000

 CORIOLIS ATTENUATION PARAMETERS:  CHSI=1.000  ETA=  1.00

 MOMENT OF INERTIA PARAMETERS:   A1=  0.122 MEV   A2=  0.122 MEV   A3=121.91924 MEV


 DELTA=0.943 MEV  LAMBDA=53.4858 MEV   HW0= 7.4467 MEV   LAMBDA/HW0= 7.1825

 E2ENERGY=0.730 MEV  HBAR**2/B= 7641./A**(7/3)=1291.7/A**2 MEV

 IREC=0  =>  RECOIL TERMS j+j-, j+j+, jzjz, ETC TREATED AS ONE-BODY OPERATORS WITH UU+VV PAIRING FACTORS



 S. P. LEVEL   EQP       U     V        (UU + VV)**1.00

     25       4.230    0.112 0.994      1.000 1.000 1.000 0.998 0.993 0.993 0.991 0.705 0.604 0.487 0.427 0.419 0.339 0.277 0.235
     26       4.051    0.117 0.993      1.000 1.000 1.000 0.998 0.994 0.994 0.991 0.708 0.608 0.491 0.431 0.424 0.344 0.282 0.239
     27       3.705    0.128 0.992      1.000 1.000 1.000 0.999 0.995 0.995 0.993 0.716 0.617 0.501 0.441 0.434 0.354 0.292 0.250
     28       2.642    0.181 0.983      0.998 0.998 0.999 1.000 0.999 0.999 0.998 0.753 0.659 0.547 0.489 0.482 0.404 0.343 0.302
     29       2.140    0.226 0.974      0.993 0.994 0.995 0.999 1.000 1.000 1.000 0.782 0.692 0.584 0.528 0.521 0.445 0.386 0.345
     30       2.111    0.229 0.973      0.993 0.994 0.995 0.999 1.000 1.000 1.000 0.784 0.695 0.587 0.531 0.524 0.448 0.389 0.348
     31       1.978    0.246 0.969      0.991 0.991 0.993 0.998 1.000 1.000 1.000 0.795 0.707 0.601 0.545 0.539 0.463 0.404 0.364
     32       0.968    0.784 0.621      0.705 0.708 0.716 0.753 0.782 0.784 0.795 1.000 0.991 0.963 0.942 0.940 0.906 0.877 0.855
     33       1.073    0.859 0.511      0.604 0.608 0.617 0.659 0.692 0.695 0.707 0.991 1.000 0.990 0.978 0.977 0.954 0.933 0.916
     34       1.324    0.923 0.386      0.487 0.491 0.501 0.547 0.584 0.587 0.601 0.963 0.990 1.000 0.998 0.997 0.987 0.974 0.963
     35       1.544    0.947 0.323      0.427 0.431 0.441 0.489 0.528 0.531 0.545 0.942 0.978 0.998 1.000 1.000 0.995 0.987 0.979
     36       1.577    0.949 0.315      0.419 0.424 0.434 0.482 0.521 0.524 0.539 0.940 0.977 0.997 1.000 1.000 0.996 0.988 0.981
     37       2.095    0.973 0.231      0.339 0.344 0.354 0.404 0.445 0.448 0.463 0.906 0.954 0.987 0.995 0.996 1.000 0.998 0.994
     38       2.859    0.986 0.167      0.277 0.282 0.292 0.343 0.386 0.389 0.404 0.877 0.933 0.974 0.987 0.988 0.998 1.000 0.999
     39       3.828    0.992 0.124      0.235 0.239 0.250 0.302 0.345 0.348 0.364 0.855 0.916 0.963 0.979 0.981 0.994 0.999 1.000

  R CORE   ENERGY   A0R/A00=1.000    R3= 0     2  
   2( 1)    0.732                    1.000 0.000
   2( 2)  487.921                    0.000 1.000

  R CORE   ENERGY   A0R/A00=1.000    R3= 0     2  
   3( 1)  488.652                    0.000 1.000

  R CORE   ENERGY   A0R/A00=1.000    R3= 0     2     4  
   4( 1)    2.438                    1.000 0.000 0.000

  R CORE   ENERGY   A0R/A00=1.000    R3= 0     2     4  
   5( 1)  490.847                    0.000 1.000 0.000

  R CORE   ENERGY   A0R/A00=1.000    R3= 0     2     4     6  
   6( 1)    5.121                    1.000 0.000 0.000 0.000

  R CORE   ENERGY   A0R/A00=1.000    R3= 0     2     4     6  
   7( 1)  494.017                    0.000 1.000 0.000 0.000

          AXIAL SYMMETRY => K RESTRICTED TO OMEGA

                     K
     S.P. ORB#: 25  2.50
     S.P. ORB#: 26  0.50
     S.P. ORB#: 27 -3.50
     S.P. ORB#: 28 -3.50
     S.P. ORB#: 29  0.50
     S.P. ORB#: 30  4.50
     S.P. ORB#: 31 -1.50
     S.P. ORB#: 32 -1.50
     S.P. ORB#: 33  2.50
     S.P. ORB#: 34  0.50
     S.P. ORB#: 35  0.50
     S.P. ORB#: 36 -1.50
     S.P. ORB#: 37  2.50
     S.P. ORB#: 38 -3.50
     S.P. ORB#: 39  4.50
 

             ENERGY    K= OMEGA
 
 I=  1/2- (1)  1.804  26:-0.059
                      35:-0.998
 
 I=  1/2- (2)  3.197  29: 0.999
 
 I=  1/2- (3)  5.270  26: 0.998
                      35:-0.059
 
 I=  1/2- (4)  9.188  34:-1.000
 
 I=  1/2- (5)147.271  32: 1.000

             ENERGY    K= OMEGA
 
 I=  3/2- (1)  1.460  29: 0.185
                      31: 0.102
                      32: 0.974
                      35:-0.072
 
 I=  3/2- (2)  2.442  29: 0.176
                      31: 0.162
                      32:-0.122
                      35:-0.963

             ENERGY    K= OMEGA
 
 I=  5/2- (1)  1.552  26:-0.052
                      29: 0.139
                      31: 0.180
                      32:-0.439
                      33:-0.866
                      35: 0.055
 
 I=  5/2- (2)  2.094  29:-0.209
                      31: 0.171
                      32: 0.859
                      33:-0.430
                      35: 0.056
 
 I=  5/2- (3)  2.470  29:-0.176
                      31:-0.227
                      33:-0.135
                      35:-0.948
 
 I=  5/2- (4)  3.314  26: 0.368
                      29:-0.443
                      31:-0.733
                      32:-0.075
                      33:-0.189
                      35: 0.298
 
 I=  5/2- (5)  4.521  26:-0.065
                      29: 0.805
                      31:-0.524
                      32: 0.248
                      33:-0.103

             ENERGY    K= OMEGA
 
 I=  7/2- (1)  2.188  29: 0.188
                      31:-0.210
                      32: 0.525
                      33:-0.802
 
 I=  7/2- (2)  2.762  25:-0.075
                      26:-0.170
                      28: 0.102
                      29:-0.339
                      31:-0.300
                      32:-0.705
                      33:-0.467
                      35: 0.187
 
 I=  7/2- (3)  3.382  25:-0.235
                      27:-0.092
                      28: 0.959
                      29: 0.060
                      31: 0.057
                      32: 0.060
                      35:-0.056
 
 I=  7/2- (4)  3.701  34: 0.729
                      36: 0.573
                      37: 0.346
                      38: 0.143
 
 I=  7/2- (5)  4.009  26:-0.127
                      28: 0.056
                      29:-0.182
                      31:-0.299
                      32: 0.321
                      33: 0.230
                      35: 0.838

             ENERGY    K= OMEGA
 
 I=  9/2- (1)  2.819  25: 0.078
                      26:-0.120
                      27: 0.216
                      28: 0.136
                      29: 0.203
                      30:-0.685
                      31: 0.242
                      32:-0.332
                      33:-0.473
                      35: 0.105
 
 I=  9/2- (2)  2.918  26:-0.141
                      27:-0.141
                      28:-0.134
                      29: 0.235
                      30: 0.650
                      31: 0.279
                      32:-0.354
                      33:-0.493
                      35: 0.131
 
 I=  9/2- (3)  3.930  25:-0.170
                      27: 0.057
                      28:-0.304
                      29:-0.181
                      30:-0.064
                      31: 0.308
                      32: 0.735
                      33:-0.360
                      35: 0.269
 
 I=  9/2- (4)  4.052  26: 0.140
                      27: 0.051
                      28:-0.149
                      29:-0.297
                      31:-0.206
                      33:-0.471
                      35:-0.775
 
 I=  9/2- (5)  4.326  25:-0.278
                      27: 0.100
                      28:-0.856
                      29: 0.139
                      30:-0.172
                      31:-0.088
                      32:-0.273
                      33: 0.218

             ENERGY    K= OMEGA
 
 I= 11/2- (1)  2.517  34:-0.666
                      36:-0.566
                      37:-0.408
                      38:-0.243
                      39:-0.107
 
 I= 11/2- (2)  3.796  25:-0.136
                      27: 0.334
                      28: 0.249
                      29:-0.072
                      30: 0.850
                      31: 0.074
                      32:-0.167
                      33: 0.217
 
 I= 11/2- (3)  4.139  27: 0.051
                      28: 0.079
                      29: 0.272
                      30: 0.286
                      31:-0.269
                      32: 0.550
                      33:-0.678
 
 I= 11/2- (4)  4.752  25:-0.123
                      26:-0.283
                      27:-0.054
                      28: 0.180
                      29:-0.408
                      31:-0.411
                      32:-0.529
                      33:-0.446
                      35: 0.232
 
 I= 11/2- (5)  5.422  25:-0.356
                      26: 0.100
                      27:-0.145
                      28: 0.854
                      29: 0.136
                      30:-0.248
                      31: 0.121
                      32: 0.070
                      33: 0.050
                      35:-0.102

             ENERGY    K= OMEGA
 
 I= 13/2- (1)  4.217  34: 0.188
                      36:-0.488
                      37: 0.604
                      38:-0.521
                      39: 0.299
 
 I= 13/2- (2)  4.846  25: 0.120
                      26:-0.246
                      27: 0.238
                      28: 0.162
                      29: 0.335
                      30:-0.449
                      31: 0.379
                      32:-0.370
                      33:-0.466
                      35: 0.175
 
 I= 13/2- (3)  5.068  25: 0.129
                      26: 0.186
                      27: 0.302
                      28: 0.263
                      29:-0.241
                      30:-0.722
                      31:-0.277
                      32: 0.207
                      33: 0.261
                      35:-0.143
 
 I= 13/2- (4)  6.532  25:-0.303
                      26:-0.098
                      27: 0.121
                      28:-0.497
                      29:-0.092
                      30:-0.223
                      31: 0.293
                      32: 0.602
                      33:-0.099
                      35: 0.347
 
 I= 13/2- (5)  6.651  25:-0.157
                      26: 0.163
                      27: 0.107
                      28:-0.370
                      29:-0.256
                      30:-0.059
                      31:-0.129
                      32:-0.118
                      33:-0.570
                      35:-0.613

             ENERGY     K= 9/2
  32 LEVELS    TIME=  0.0 SEC



 ******************* EXCITATION ENERGIES, DOMINANT CONFIGURATION AND EXPECTATION VALUES (WITH S.P. UU+VV FACTORS) *******************

  NR  Eex(keV)  I   Kdom  NY    <Jz>  <Jx**2> <Jy**2> <Jz**2> <I.j>/|I|  <Rx**2> <Ry**2> <Rz**2> <R.j>/|R|  <HROTx> <HROTy> <HROTz>

   1    0.0   3/2-  -3/2  32   -1.42    1.58    1.58    2.17    1.43       1.77    1.77   -0.00   -1.36      0.216   0.216  -0.000
   2   92.1   5/2-   5/2  33    1.55    1.88    1.88    5.20    2.38       1.80    1.80   -0.00   -1.00      0.220   0.220  -0.000
   3  343.7   1/2-   1/2  35    0.50    1.25    1.25    0.25    0.83       1.03    1.03    0.00   -1.41      0.126   0.126   0.000
   4  633.8   5/2-  -3/2  32   -0.66    1.58    1.58    2.90    1.09       4.17    4.17   -0.00   -0.98      0.509   0.509  -0.000
   5  727.4   7/2-   5/2  33    1.14    1.97    1.97    4.77    1.99       4.34    4.34   -0.00   -0.28      0.530   0.530  -0.000
  
   6  982.3   3/2-   1/2  35    0.42    1.43    1.43    0.33   -0.07       3.60    3.60    0.00   -1.24      0.439   0.439   0.000
   7 1009.5   5/2-   1/2  35    0.43    1.72    1.72    0.46    0.90       3.65    3.65    0.00   -0.46      0.446   0.446   0.000
   8 1056.6  11/2-   1/2  34    0.00   27.62   27.62    2.83    7.25       3.54    3.54   -0.00   -5.52      0.432   0.432  -0.000
   9 1301.7   7/2-  -3/2  32   -0.27    1.82    1.82    2.90    1.36       5.73    5.73   -0.00   -0.33      0.699   0.699  -0.000
  10 1359.1   9/2-   9/2  30    2.24    2.74    2.74   12.14    3.47       3.91    3.91    0.00   -0.12      0.477   0.477   0.000
  
  11 1457.5   9/2-   9/2  30    2.12    2.68    2.68   11.03    3.20       4.67    4.67    0.00   -0.16      0.569   0.569   0.000
  12 1736.8   1/2-   1/2  29    0.50    4.14    4.14    0.25    0.37       4.32    4.32    0.00   -2.79      0.527   0.527   0.000
  13 1854.2   5/2-  -3/2  31   -0.52    3.81    3.81    1.55    1.50       4.51    4.51    0.00   -1.57      0.550   0.550   0.000
  14 1921.6   7/2-  -7/2  28   -3.11    2.34    2.34   11.74    3.37       2.70    2.70   -0.00   -1.31      0.329   0.329  -0.000
  15 2241.1   7/2-   1/2  34    0.00   27.91   27.91    1.87    7.01       8.90    8.90   -0.00   -7.08      1.085   1.085  -0.000
  
  16 2335.9  11/2-   9/2  30    2.76    2.96    2.96   17.24    3.89       6.22    6.22    0.00    0.02      0.758   0.758   0.000
  17 2469.6   9/2-  -3/2  32   -0.82    1.71    1.71    3.70    1.14      10.27   10.27   -0.00   -0.32      1.252   1.252  -0.000
  18 2548.5   7/2-   1/2  35    0.21    1.94    1.94    0.99    0.07      10.03   10.03   -0.00   -1.02      1.223   1.223  -0.000
  19 2592.0   9/2-   1/2  35    0.76    2.24    2.24    1.98    1.11      10.07   10.07   -0.00   -0.21      1.228   1.228  -0.000
  20 2678.9  11/2-   5/2  33    0.96    2.25    2.25    5.50    1.87      11.69   11.69    0.00    0.24      1.425   1.425   0.000
  
  21 2756.7  13/2-   5/2  37    0.02   26.02   26.02    7.96    6.67       7.83    7.83    0.00   -3.40      0.955   0.955   0.000
  22 2865.5   9/2-  -7/2  28   -2.27    2.39    2.39   10.68    2.57       7.30    7.30    0.00   -0.69      0.890   0.890   0.000
  23 3060.5   5/2-   1/2  29   -0.15    4.17    4.17    0.99   -0.41      10.25   10.25    0.00   -2.33      1.249   1.249   0.000
  24 3291.8  11/2-  -3/2  32   -0.10    2.26    2.26    2.89    1.55      12.33   12.33    0.00    0.37      1.503   1.503   0.000
  25 3386.2  13/2-   5/2  33    0.88    3.48    3.48    7.23    2.81      11.88   11.88    0.00    1.11      1.449   1.449   0.000
  
  26 3608.0  13/2-   9/2  30    1.87    3.34    3.34   13.36    3.27      11.53   11.53    0.00    0.59      1.406   1.406   0.000
  27 3809.6   1/2-   1/2  26    0.50    5.14    5.14    0.25    0.69       5.04    5.04   -0.00   -3.13      0.615   0.615  -0.000
  28 3961.8  11/2-  -7/2  28   -2.04    2.61    2.61   11.30    2.58      10.73   10.73   -0.00   -0.24      1.309   1.309  -0.000
  29 5072.3  13/2-  -3/2  32   -1.04    2.13    2.13    5.89    1.54      18.69   18.69   -0.00    0.10      2.278   2.278  -0.000
  30 5191.2  13/2-   1/2  35    0.56    2.24    2.24    4.26    1.23      20.14   20.14   -0.00   -0.02      2.456   2.456  -0.000
  
  31 7728.3   1/2-   1/2  34    0.50   28.26   28.26    0.25   -4.03      32.25   32.25    0.00   -7.50      3.932   3.932   0.000
  32*******   1/2-  -3/2  32    0.00    0.00    0.00    0.00   -0.00       0.00    0.00    0.00   -0.00      0.000   0.000   0.000
