1SPECTRUM OF (Z= 82 A=207) IN PARTICLE-ROTOR  MODEL WITH MODIFIED OSCILLATOR POTENTIAL


 PARITY=-   EPS= 0.319   GAMMA=  0.0   EPS4=0.000   EPS6=0.000   LEVELS:  24  25  26  27  28  29  30  31  32  33  34  35  36  37  38

 PAIRING FACTORS: GN0= 19.20  GN1=  7.40  IPAIR= 15 ***  E2PLUS(INPUT)=   0.730  E2PLUR(INPUT)=   0.000

 CORIOLIS ATTENUATION PARAMETERS:  CHSI=1.000  ETA=  1.00

 MOMENT OF INERTIA PARAMETERS:   A1=  0.122 MEV   A2=  0.122 MEV   A3=121.91922 MEV


 DELTA=0.934 MEV  LAMBDA=53.3012 MEV   HW0= 7.5029 MEV   LAMBDA/HW0= 7.1041

 E2ENERGY=0.730 MEV  HBAR**2/B=18868./A**(7/3)=3189.7/A**2 MEV

 IREC=0  =>  RECOIL TERMS j+j-, j+j+, jzjz, ETC TREATED AS ONE-BODY OPERATORS WITH UU+VV PAIRING FACTORS



 S. P. LEVEL   EQP       U     V        (UU + VV)**1.00

     24       4.906    0.096 0.995      1.000 1.000 0.999 0.997 0.970 0.963 0.947 0.904 0.884 0.741 0.509 0.296 0.287 0.275 0.257
     25       4.151    0.113 0.994      1.000 1.000 0.999 0.998 0.974 0.967 0.953 0.912 0.892 0.753 0.524 0.313 0.304 0.292 0.274
     26       3.254    0.145 0.989      0.999 0.999 1.000 1.000 0.981 0.975 0.962 0.924 0.906 0.774 0.551 0.344 0.334 0.322 0.305
     27       2.698    0.176 0.984      0.997 0.998 1.000 1.000 0.986 0.981 0.970 0.936 0.919 0.793 0.577 0.373 0.364 0.352 0.335
     28       1.478    0.335 0.942      0.970 0.974 0.981 0.986 1.000 1.000 0.997 0.981 0.971 0.882 0.704 0.520 0.512 0.501 0.485
     29       1.386    0.361 0.932      0.963 0.967 0.975 0.981 1.000 1.000 0.999 0.986 0.977 0.895 0.723 0.544 0.535 0.525 0.509
     30       1.248    0.410 0.912      0.947 0.953 0.962 0.970 0.997 0.999 1.000 0.993 0.987 0.917 0.758 0.587 0.579 0.569 0.554
     31       1.062    0.511 0.859      0.904 0.912 0.924 0.936 0.981 0.986 0.993 1.000 0.999 0.957 0.828 0.676 0.669 0.659 0.645
     32       1.016    0.550 0.835      0.884 0.892 0.906 0.919 0.971 0.977 0.987 0.999 1.000 0.969 0.852 0.709 0.702 0.692 0.679
     33       0.938    0.739 0.674      0.741 0.753 0.774 0.793 0.882 0.895 0.917 0.957 0.969 1.000 0.955 0.861 0.856 0.849 0.839
     34       1.214    0.905 0.424      0.509 0.524 0.551 0.577 0.704 0.723 0.758 0.828 0.852 0.955 1.000 0.973 0.971 0.967 0.963
     35       2.340    0.979 0.204      0.296 0.313 0.344 0.373 0.520 0.544 0.587 0.676 0.709 0.861 0.973 1.000 1.000 1.000 0.999
     36       2.451    0.981 0.194      0.287 0.304 0.334 0.364 0.512 0.535 0.579 0.669 0.702 0.856 0.971 1.000 1.000 1.000 1.000
     37       2.615    0.983 0.182      0.275 0.292 0.322 0.352 0.501 0.525 0.569 0.659 0.692 0.849 0.967 1.000 1.000 1.000 1.000
     38       2.889    0.986 0.164      0.257 0.274 0.305 0.335 0.485 0.509 0.554 0.645 0.679 0.839 0.963 0.999 1.000 1.000 1.000

  R CORE   ENERGY   A0R/A00=1.000    R3= 0     2  
   2( 1)    0.732                    1.000 0.000
   2( 2)  487.921                    0.000 1.000

  R CORE   ENERGY   A0R/A00=1.000    R3= 0     2  
   3( 1)  488.652                    0.000 1.000

  R CORE   ENERGY   A0R/A00=1.000    R3= 0     2     4  
   4( 1)    2.438                    1.000 0.000 0.000

  R CORE   ENERGY   A0R/A00=1.000    R3= 0     2     4  
   5( 1)  490.847                    0.000 1.000 0.000

  R CORE   ENERGY   A0R/A00=1.000    R3= 0     2     4     6  
   6( 1)    5.121                    1.000 0.000 0.000 0.000

  R CORE   ENERGY   A0R/A00=1.000    R3= 0     2     4     6  
   7( 1)  494.017                    0.000 1.000 0.000 0.000

          AXIAL SYMMETRY => K RESTRICTED TO OMEGA

                     K
     S.P. ORB#: 24 -5.50
     S.P. ORB#: 25  0.50
     S.P. ORB#: 26  2.50
     S.P. ORB#: 27 -3.50
     S.P. ORB#: 28  0.50
     S.P. ORB#: 29  0.50
     S.P. ORB#: 30 -1.50
     S.P. ORB#: 31 -3.50
     S.P. ORB#: 32 -1.50
     S.P. ORB#: 33  4.50
     S.P. ORB#: 34  2.50
     S.P. ORB#: 35 -1.50
     S.P. ORB#: 36 -3.50
     S.P. ORB#: 37  2.50
     S.P. ORB#: 38  0.50
 

             ENERGY    K= OMEGA
 
 I=  1/2- (1)  2.607  29: 0.999
 
 I=  1/2- (2)  5.692  25: 0.999
 
 I=  1/2- (3)  6.103  28:-0.471
                      38: 0.882
 
 I=  1/2- (4)  8.783  28: 0.882
                      38: 0.471
 
 I=  1/2- (5)147.319  32: 1.000

             ENERGY    K= OMEGA
 
 I=  3/2- (1)  2.467  25:-0.114
                      29: 0.117
                      30:-0.976
                      35:-0.144
 
 I=  3/2- (2)  2.561  25:-0.170
                      29:-0.823
                      35:-0.541

             ENERGY    K= OMEGA
 
 I=  5/2- (1)  2.536  25:-0.257
                      29: 0.442
                      30: 0.749
                      35:-0.183
                      37:-0.380
 
 I=  5/2- (2)  3.250  26: 0.066
                      29:-0.425
                      30: 0.455
                      35: 0.778
 
 I=  5/2- (3)  3.384  25:-0.153
                      29: 0.448
                      30: 0.145
                      35: 0.098
                      37: 0.863
 
 I=  5/2- (4)  4.180  29:-0.617
                      30: 0.403
                      35:-0.588
                      37: 0.328
 
 I=  5/2- (5)  5.037  26:-0.997
                      35: 0.075

             ENERGY    K= OMEGA
 
 I=  7/2- (1)  1.849  26: 0.201
                      27:-0.054
                      31:-0.977
 
 I=  7/2- (2)  3.307  25:-0.096
                      29: 0.308
                      30:-0.723
                      35: 0.259
                      37:-0.551
 
 I=  7/2- (3)  3.390  28: 0.725
                      32: 0.579
                      34: 0.345
                      36: 0.142
 
 I=  7/2- (4)  3.500  25:-0.324
                      29:-0.719
                      30:-0.380
                      35:-0.476
                      37:-0.071
 
 I=  7/2- (5)  4.333  26:-0.131
                      27:-0.355
                      29:-0.418
                      30: 0.432
                      35: 0.366
                      37:-0.601

             ENERGY    K= OMEGA
 
 I=  9/2- (1)  1.809  26:-0.069
                      27: 0.203
                      31:-0.215
                      33:-0.953
 
 I=  9/2- (2)  2.790  26:-0.275
                      27:-0.090
                      31:-0.931
                      33: 0.211
 
 I=  9/2- (3)  3.565  25:-0.372
                      29: 0.485
                      30: 0.675
                      31:-0.058
                      35:-0.223
                      37:-0.343
 
 I=  9/2- (4)  4.562  28: 0.233
                      32:-0.586
                      34: 0.656
                      36:-0.414
 
 I=  9/2- (5)  5.074  25:-0.096
                      26: 0.110
                      27:-0.082
                      29:-0.333
                      30: 0.480
                      31:-0.058
                      35: 0.789
                      37: 0.067

             ENERGY    K= OMEGA
 
 I= 11/2- (1)  2.696  28: 0.686
                      32: 0.579
                      34: 0.390
                      36: 0.198
                      38: 0.055
 
 I= 11/2- (2)  2.878  26:-0.118
                      27:-0.275
                      31: 0.298
                      33:-0.906
 
 I= 11/2- (3)  3.960  26:-0.323
                      27: 0.127
                      30: 0.059
                      31: 0.886
                      33: 0.295
                      37: 0.060
 
 I= 11/2- (4)  5.193  25:-0.148
                      29: 0.261
                      30:-0.716
                      31: 0.063
                      35: 0.280
                      37:-0.558
 
 I= 11/2- (5)  5.349  25: 0.391
                      29: 0.733
                      30: 0.328
                      31:-0.060
                      35: 0.443

             ENERGY    K= OMEGA
 
 I= 13/2- (1)  4.165  26: 0.161
                      27:-0.321
                      31: 0.354
                      33: 0.863
 
 I= 13/2- (2)  4.898  28:-0.223
                      32: 0.567
                      34:-0.660
                      36: 0.439
 
 I= 13/2- (3)  5.339  25: 0.183
                      26:-0.324
                      27:-0.153
                      29:-0.190
                      30:-0.290
                      31:-0.765
                      33: 0.317
                      35: 0.054
                      37: 0.169
 
 I= 13/2- (4)  5.523  25: 0.406
                      26: 0.146
                      27: 0.053
                      29:-0.461
                      30:-0.574
                      31: 0.364
                      33:-0.157
                      35: 0.214
                      37: 0.258
 
 I= 13/2- (5)  7.833  24: 0.961
                      25:-0.064
                      27:-0.088
                      30: 0.091
                      35: 0.191
                      37: 0.135

             ENERGY     K= 1/2
  32 LEVELS    TIME=  0.0 SEC



 ******************* EXCITATION ENERGIES, DOMINANT CONFIGURATION AND EXPECTATION VALUES (WITH S.P. UU+VV FACTORS) *******************

  NR  Eex(keV)  I   Kdom  NY    <Jz>  <Jx**2> <Jy**2> <Jz**2> <I.j>/|I|  <Rx**2> <Ry**2> <Rz**2> <R.j>/|R|  <HROTx> <HROTy> <HROTz>

   1    0.0   9/2-   9/2  33    3.79    2.55    2.55   19.48    4.31       3.21    3.21    0.00   -1.23      0.391   0.391   0.000
   2   40.1   7/2-  -7/2  31   -3.25    2.31    2.31   12.00    3.36       2.84    2.84    0.00   -1.38      0.346   0.346   0.000
   3  657.7   3/2-  -3/2  30   -1.45    4.53    4.53    2.20    1.42       4.74    4.74    0.00   -2.76      0.578   0.578   0.000
   4  726.2   5/2-  -3/2  30   -0.40    4.54    4.54    2.31    2.25       3.42    3.42    0.00   -1.81      0.417   0.417   0.000
   5  751.9   3/2-   1/2  29   -0.09    3.67    3.67    0.84    1.35       3.35    3.35    0.00   -2.15      0.408   0.408   0.000
  
   6  797.3   1/2-   1/2  29    0.50    4.73    4.73    0.25    0.28       4.99    4.99    0.00   -3.00      0.608   0.608   0.000
   7  886.1  11/2-   1/2  28   -0.02   24.78   24.78    2.30    6.39       5.62    5.62    0.00   -4.08      0.685   0.685   0.000
   8  980.4   9/2-  -7/2  31   -2.67    2.42    2.42   12.11    2.91       6.35    6.35    0.00   -0.69      0.774   0.774   0.000
   9 1068.4  11/2-   9/2  33    3.15    2.78    2.78   18.74    3.81       7.22    7.22    0.00   -0.39      0.880   0.880   0.000
  10 1440.3   5/2-  -3/2  35   -1.11    2.59    2.59    1.92    0.87       5.34    5.34    0.00   -1.38      0.651   0.651   0.000
  
  11 1497.6   7/2-  -3/2  30   -0.08    3.80    3.80    3.28    1.78       6.27    6.27    0.00   -1.08      0.764   0.764   0.000
  12 1575.1   5/2-   5/2  37    1.93    2.60    2.60    4.78    1.76       4.15    4.15    0.00   -1.65      0.506   0.506   0.000
  13 1580.6   7/2-   1/2  28   -0.01   24.33   24.33    1.87    6.20       8.52    8.52    0.00   -6.28      1.039   1.039   0.000
  14 1690.3   7/2-   1/2  29   -0.23    3.71    3.71    1.04    1.38       6.63    6.63    0.00   -0.82      0.809   0.809   0.000
  15 1755.8   9/2-  -3/2  30   -0.29    4.80    4.80    2.02    2.28       6.85    6.85    0.00   -0.08      0.835   0.835   0.000
  
  16 2150.8  11/2-  -7/2  31   -2.15    2.52    2.52   12.25    2.62      10.85   10.85    0.00   -0.35      1.322   1.322   0.000
  17 2355.7  13/2-   9/2  33    2.61    2.98    2.98   18.06    3.47      12.16   12.16    0.00    0.04      1.483   1.483   0.000
  18 2370.6   5/2-   1/2  29   -0.30    3.59    3.59    1.92   -0.23       9.62    9.62    0.00   -2.23      1.173   1.173   0.000
  19 2524.0   7/2-   5/2  37    0.11    3.30    3.30    4.68    1.13       9.04    9.04    0.00   -1.60      1.102   1.102   0.000
  20 2753.0   9/2-   5/2  34   -0.01   24.84   24.84    5.58    5.41      13.08   13.08    0.00   -5.54      1.594   1.594   0.000
  
  21 3088.9  13/2-   5/2  34   -0.04   24.82   24.82    5.82    5.41      14.33   14.33    0.00   -3.30      1.747   1.747   0.000
  22 3227.5   5/2-   5/2  26    2.47    6.00    6.00    6.22    2.08       7.34    7.34    0.00   -3.15      0.895   0.895   0.000
  23 3264.3   9/2-  -3/2  35   -1.21    2.50    2.50    2.18    0.68      12.57   12.57    0.00   -0.76      1.532   1.532   0.000
  24 3383.2  11/2-  -3/2  30   -0.08    3.79    3.79    3.40    1.60      13.77   13.77    0.00   -0.26      1.679   1.679   0.000
  25 3529.3  13/2-  -7/2  31   -1.44    3.02    3.02   10.55    2.42      15.75   15.75    0.00    0.06      1.920   1.920   0.000
  
  26 3539.8  11/2-   1/2  29   -0.12    3.84    3.84    0.92    1.40      13.80   13.80    0.00   -0.04      1.683   1.683   0.000
  27 3713.3  13/2-  -3/2  30   -0.52    4.62    4.62    3.64    2.29      14.81   14.81    0.00    0.57      1.806   1.806   0.000
  28 3882.5   1/2-   1/2  25    0.50    6.42    6.42    0.25    0.67       6.34    6.34    0.00   -3.51      0.773   0.773   0.000
  29 4293.8   1/2-   1/2  38    0.50   12.51   12.51    0.25   -1.68      14.47   14.47    0.00   -4.97      1.764   1.764   0.000
  30 6023.3  13/2- -11/2  24   -5.12    2.74    2.74   28.24    4.07      12.79   12.79   -0.00   -1.04      1.559   1.559  -0.001
  
  31 6973.3   1/2-   1/2  28    0.50   25.09   25.09    0.25   -3.56      28.68   28.68   -0.00   -7.07      3.496   3.496  -0.000
  32*******   1/2-  -3/2  32    0.00    0.00    0.00    0.00   -0.00       0.00    0.00    0.00   -0.00      0.000   0.000   0.000
