1SPECTRUM OF (Z= 82 A=207) IN PARTICLE-ROTOR  MODEL WITH MODIFIED OSCILLATOR POTENTIAL


 PARITY=-   EPS= 0.397   GAMMA=  0.0   EPS4=0.000   EPS6=0.000   LEVELS:  24  25  26  27  28  29  30  31  32  33  34  35  36  37  38

 PAIRING FACTORS: GN0= 19.20  GN1=  7.40  IPAIR= 15 ***  E2PLUS(INPUT)=   0.730  E2PLUR(INPUT)=   0.000

 CORIOLIS ATTENUATION PARAMETERS:  CHSI=1.000  ETA=  1.00

 MOMENT OF INERTIA PARAMETERS:   A1=  0.122 MEV   A2=  0.122 MEV   A3=121.91922 MEV


 DELTA=0.846 MEV  LAMBDA=53.4762 MEV   HW0= 7.5578 MEV   LAMBDA/HW0= 7.0757

 E2ENERGY=0.730 MEV  HBAR**2/B=29224./A**(7/3)=4940.2/A**2 MEV

 IREC=0  =>  RECOIL TERMS j+j-, j+j+, jzjz, ETC TREATED AS ONE-BODY OPERATORS WITH UU+VV PAIRING FACTORS



 S. P. LEVEL   EQP       U     V        (UU + VV)**1.00

     24       4.297    0.099 0.995      1.000 1.000 0.999 0.998 0.995 0.994 0.921 0.881 0.858 0.525 0.444 0.385 0.320 0.229 0.223
     25       3.721    0.114 0.993      1.000 1.000 1.000 0.999 0.996 0.996 0.927 0.889 0.866 0.539 0.458 0.400 0.335 0.244 0.238
     26       3.159    0.135 0.991      0.999 1.000 1.000 1.000 0.998 0.997 0.935 0.898 0.876 0.556 0.477 0.419 0.354 0.264 0.258
     27       2.723    0.157 0.988      0.998 0.999 1.000 1.000 0.999 0.999 0.942 0.908 0.887 0.575 0.496 0.439 0.375 0.286 0.280
     28       2.166    0.199 0.980      0.995 0.996 0.998 0.999 1.000 1.000 0.956 0.925 0.906 0.609 0.533 0.477 0.414 0.327 0.321
     29       2.081    0.208 0.978      0.994 0.996 0.997 0.999 1.000 1.000 0.958 0.928 0.909 0.616 0.540 0.484 0.422 0.335 0.329
     30       1.006    0.479 0.878      0.921 0.927 0.935 0.942 0.956 0.958 1.000 0.996 0.990 0.815 0.758 0.714 0.664 0.590 0.585
     31       0.914    0.557 0.830      0.881 0.889 0.898 0.908 0.925 0.928 0.996 1.000 0.999 0.865 0.815 0.775 0.729 0.662 0.657
     32       0.884    0.596 0.803      0.858 0.866 0.876 0.887 0.906 0.909 0.990 0.999 1.000 0.888 0.842 0.805 0.761 0.697 0.692
     33       1.073    0.899 0.439      0.525 0.539 0.556 0.575 0.609 0.616 0.815 0.865 0.888 1.000 0.996 0.988 0.974 0.949 0.947
     34       1.279    0.935 0.354      0.444 0.458 0.477 0.496 0.533 0.540 0.758 0.815 0.842 0.996 1.000 0.998 0.991 0.974 0.972
     35       1.514    0.956 0.292      0.385 0.400 0.419 0.439 0.477 0.484 0.714 0.775 0.805 0.988 0.998 1.000 0.998 0.987 0.985
     36       1.933    0.974 0.225      0.320 0.335 0.354 0.375 0.414 0.422 0.664 0.729 0.761 0.974 0.991 0.998 1.000 0.996 0.995
     37       3.244    0.991 0.132      0.229 0.244 0.264 0.286 0.327 0.335 0.590 0.662 0.697 0.949 0.974 0.987 0.996 1.000 1.000
     38       3.401    0.992 0.125      0.223 0.238 0.258 0.280 0.321 0.329 0.585 0.657 0.692 0.947 0.972 0.985 0.995 1.000 1.000

  R CORE   ENERGY   A0R/A00=1.000    R3= 0     2  
   2( 1)    0.732                    1.000 0.000
   2( 2)  487.921                    0.000 1.000

  R CORE   ENERGY   A0R/A00=1.000    R3= 0     2  
   3( 1)  488.652                    0.000 1.000

  R CORE   ENERGY   A0R/A00=1.000    R3= 0     2     4  
   4( 1)    2.438                    1.000 0.000 0.000

  R CORE   ENERGY   A0R/A00=1.000    R3= 0     2     4  
   5( 1)  490.847                    0.000 1.000 0.000

  R CORE   ENERGY   A0R/A00=1.000    R3= 0     2     4     6  
   6( 1)    5.121                    1.000 0.000 0.000 0.000

  R CORE   ENERGY   A0R/A00=1.000    R3= 0     2     4     6  
   7( 1)  494.017                    0.000 1.000 0.000 0.000

          AXIAL SYMMETRY => K RESTRICTED TO OMEGA

                     K
     S.P. ORB#: 24  0.50
     S.P. ORB#: 25 -5.50
     S.P. ORB#: 26  0.50
     S.P. ORB#: 27  2.50
     S.P. ORB#: 28 -3.50
     S.P. ORB#: 29 -1.50
     S.P. ORB#: 30  0.50
     S.P. ORB#: 31 -1.50
     S.P. ORB#: 32  2.50
     S.P. ORB#: 33 -3.50
     S.P. ORB#: 34  0.50
     S.P. ORB#: 35  4.50
     S.P. ORB#: 36 -3.50
     S.P. ORB#: 37  0.50
     S.P. ORB#: 38 -1.50
 

             ENERGY    K= OMEGA
 
 I=  1/2- (1)  2.311  30: 0.999
 
 I=  1/2- (2)  4.207  26:-0.194
                      34: 0.914
                      37:-0.355
 
 I=  1/2- (3)  5.984  24: 0.999
 
 I=  1/2- (4)  7.197  26:-0.322
                      34: 0.283
                      37: 0.903
 
 I=  1/2- (5)  9.489  26: 0.927
                      34: 0.290
                      37: 0.240

             ENERGY    K= OMEGA
 
 I=  3/2- (1)  2.220  24:-0.056
                      30: 0.345
                      31:-0.937
 
 I=  3/2- (2)  2.412  24:-0.194
                      30:-0.910
                      31:-0.322
                      38:-0.175

             ENERGY    K= OMEGA
 
 I=  5/2- (1)  2.486  24:-0.258
                      30: 0.507
                      31: 0.819
                      38:-0.069
 
 I=  5/2- (2)  3.333  27: 0.068
                      30:-0.786
                      31: 0.525
                      38: 0.316
 
 I=  5/2- (3)  4.496  27: 0.962
                      30: 0.114
                      31:-0.092
                      38: 0.231
 
 I=  5/2- (4)  4.612  26: 0.147
                      34:-0.807
                      37: 0.571
 
 I=  5/2- (5)  4.814  24: 0.066
                      27: 0.263
                      30:-0.274
                      31: 0.102
                      38:-0.917

             ENERGY    K= OMEGA
 
 I=  7/2- (1)  1.965  27: 0.150
                      33:-0.988
 
 I=  7/2- (2)  3.396  24:-0.172
                      30:-0.906
                      31: 0.289
                      38:-0.256
 
 I=  7/2- (3)  3.475  24:-0.282
                      27: 0.077
                      30:-0.209
                      31:-0.925
                      38:-0.114
 
 I=  7/2- (4)  4.073  27: 0.180
                      28: 0.982
 
 I=  7/2- (5)  4.175  26:-0.592
                      29:-0.589
                      32:-0.504
                      36:-0.219

             ENERGY    K= OMEGA
 
 I=  9/2- (1)  2.442  27: 0.087
                      28:-0.166
                      33: 0.368
                      35: 0.911
 
 I=  9/2- (2)  3.051  27:-0.200
                      28:-0.100
                      33:-0.902
                      35: 0.366
 
 I=  9/2- (3)  3.706  24:-0.385
                      30: 0.565
                      31: 0.716
                      38:-0.128
 
 I=  9/2- (4)  4.815  26: 0.207
                      29:-0.554
                      32: 0.695
                      36:-0.409
 
 I=  9/2- (5)  5.187  27:-0.279
                      28: 0.825
                      30: 0.306
                      31:-0.260
                      35: 0.162
                      38:-0.228

             ENERGY    K= OMEGA
 
 I= 11/2- (1)  3.586  27: 0.135
                      28: 0.226
                      33:-0.448
                      35: 0.854
 
 I= 11/2- (2)  3.608  26: 0.595
                      29: 0.590
                      32: 0.479
                      34: 0.119
                      36: 0.229
 
 I= 11/2- (3)  4.360  27: 0.237
                      28:-0.148
                      33:-0.849
                      35:-0.444
 
 I= 11/2- (4)  5.065  25:-0.999
 
 I= 11/2- (5)  5.289  24:-0.352
                      30:-0.854
                      31:-0.206
                      38:-0.319

             ENERGY    K= OMEGA
 
 I= 13/2- (1)  4.963  27:-0.174
                      28: 0.266
                      33:-0.489
                      35:-0.811
 
 I= 13/2- (2)  5.387  26: 0.216
                      29:-0.569
                      32: 0.681
                      36:-0.408
 
 I= 13/2- (3)  5.754  24:-0.448
                      27: 0.091
                      30: 0.548
                      31: 0.647
                      33: 0.173
                      35:-0.145
                      38:-0.138
 
 I= 13/2- (4)  5.910  24: 0.114
                      25: 0.056
                      27: 0.248
                      28: 0.180
                      30:-0.154
                      31:-0.142
                      33: 0.793
                      35:-0.461
                      38: 0.064
 
 I= 13/2- (5)  6.652  25: 0.997
                      35: 0.057

             ENERGY     K=-3/2
  32 LEVELS    TIME=  0.0 SEC



 ******************* EXCITATION ENERGIES, DOMINANT CONFIGURATION AND EXPECTATION VALUES (WITH S.P. UU+VV FACTORS) *******************

  NR  Eex(keV)  I   Kdom  NY    <Jz>  <Jx**2> <Jy**2> <Jz**2> <I.j>/|I|  <Rx**2> <Ry**2> <Rz**2> <R.j>/|R|  <HROTx> <HROTy> <HROTz>

   1    0.0   7/2-  -7/2  33   -3.36    2.30    2.30   12.11    3.21       3.50    3.50    0.00   -1.51      0.426   0.426   0.000
   2  255.2   3/2-  -3/2  31   -1.26    5.01    5.01    2.01    1.35       5.27    5.27    0.00   -2.90      0.642   0.642   0.000
   3  346.0   1/2-   1/2  30    0.50    5.02    5.02    0.25    0.23       5.32    5.32    0.00   -3.09      0.648   0.648   0.000
   4  447.7   3/2-   1/2  30    0.23    4.73    4.73    0.52    0.96       5.00    5.00    0.00   -2.57      0.609   0.609   0.000
   5  477.8   9/2-   9/2  35    3.18    2.50    2.50   18.84    4.09       3.94    3.94    0.00   -1.24      0.480   0.480   0.000
  
   6  521.1   5/2-  -3/2  31   -0.85    5.27    5.27    1.61    1.72       5.37    5.37    0.00   -2.16      0.654   0.654   0.000
   7 1085.9   9/2-  -7/2  33   -2.18    2.37    2.37   13.07    2.76       7.55    7.55    0.00   -1.05      0.920   0.920   0.000
   8 1368.5   5/2-   1/2  30   -0.24    4.57    4.57    1.03    0.29       8.61    8.61    0.00   -2.25      1.049   1.049   0.000
   9 1431.3   7/2-   1/2  30    0.20    4.73    4.73    0.55    1.03       8.79    8.79    0.00   -1.41      1.072   1.072   0.000
  10 1510.3   7/2-  -3/2  31   -1.23    4.97    4.97    2.04    1.18       9.20    9.20    0.00   -1.71      1.121   1.121   0.000
  
  11 1621.0  11/2-   9/2  35    2.44    2.66    2.66   17.99    3.50       8.62    8.62    0.00   -0.58      1.051   1.051   0.000
  12 1643.7  11/2-   1/2  26    0.05   23.15   23.15    2.95    6.12       5.90    5.90   -0.00   -3.68      0.719   0.719  -0.000
  13 1741.7   9/2-  -3/2  31   -0.56    5.51    5.51    1.34    1.90       9.09    9.09    0.00   -0.68      1.109   1.109   0.000
  14 2108.3   7/2-  -7/2  28   -3.30    6.24    6.24   12.03    3.12       7.76    7.76    0.00   -3.08      0.946   0.946   0.001
  15 2210.7   7/2-   1/2  26    0.12   22.79   22.79    3.04    6.02       8.32    8.32    0.00   -6.07      1.014   1.014   0.000
  
  16 2242.3   1/2-   1/2  34    0.50   11.10   11.10    0.25    1.04      10.70   10.70    0.00   -4.66      1.304   1.304   0.000
  17 2395.1  11/2-  -7/2  33   -1.59    2.45    2.45   13.49    2.42      12.62   12.62    0.00   -0.79      1.539   1.539   0.000
  18 2531.1   5/2-   5/2  27    2.23    5.84    5.84    5.93    2.00       7.27    7.27    0.00   -3.07      0.887   0.887   0.000
  19 2647.5   5/2-   1/2  34    0.50   11.25   11.25    0.25    1.65      10.87   10.87    0.00   -3.83      1.326   1.326   0.000
  20 2849.0   5/2-  -3/2  38   -1.07    2.50    2.50    2.37    0.42       6.81    6.81    0.00   -1.66      0.831   0.831   0.000
  
  21 2850.7   9/2-   5/2  32    0.18   23.57   23.57    5.76    5.09      13.49   13.49   -0.00   -5.31      1.645   1.645  -0.000
  22 2998.0  13/2-   9/2  35    1.94    2.81    2.81   17.35    3.10      14.22   14.22    0.00   -0.25      1.733   1.733   0.000
  23 3100.3  11/2- -11/2  25   -5.48    2.75    2.75   30.22    5.05       5.54    5.54    0.00   -1.66      0.675   0.675   0.001
  24 3222.3   9/2-  -7/2  28   -2.21    5.61    5.61    9.68    2.01      12.82   12.82    0.00   -2.15      1.563   1.563   0.001
  25 3324.7  11/2-   1/2  30    0.21    4.56    4.56    0.57    1.31      14.90   14.90    0.00   -0.34      1.817   1.817   0.000
  
  26 3422.8  13/2-   5/2  32    0.11   23.58   23.58    5.67    5.02      15.73   15.73    0.00   -3.17      1.918   1.918   0.000
  27 3789.2  13/2-  -3/2  31   -0.41    5.51    5.51    1.99    2.04      16.61   16.61    0.00    0.22      2.025   2.025   0.000
  28 3945.4  13/2-  -7/2  33   -1.24    2.70    2.70   12.95    2.13      18.66   18.66    0.00   -0.57      2.276   2.276   0.000
  29 4019.6   1/2-   1/2  24    0.50    7.00    7.00    0.25    0.64       6.95    6.95   -0.00   -3.68      0.847   0.847  -0.000
  30 4687.7  13/2- -11/2  25   -5.46    2.75    2.75   30.18    4.32      12.07   12.07    0.00   -1.13      1.471   1.471   0.001
  
  31 5232.3   1/2-   1/2  37    0.50   15.89   15.89    0.25   -0.58      16.89   16.89    0.00   -5.60      2.059   2.059   0.000
  32 7524.4   1/2-   1/2  26    0.50   23.10   23.10    0.25   -3.45      26.59   26.59    0.00   -6.78      3.241   3.241   0.000
