1SPECTRUM OF (Z= 82 A=207) IN PARTICLE-ROTOR  MODEL WITH MODIFIED OSCILLATOR POTENTIAL


 PARITY=-   EPS= 0.317   GAMMA=  0.0   EPS4=0.000   EPS6=0.000   LEVELS:  24  25  26  27  28  29  30  31  32  33  34  35  36  37  38

 PAIRING FACTORS: GN0= 19.20  GN1=  7.40  IPAIR= 15 ***  E2PLUS(INPUT)=   0.730  E2PLUR(INPUT)=   0.000

 CORIOLIS ATTENUATION PARAMETERS:  CHSI=1.000  ETA=  1.00

 MOMENT OF INERTIA PARAMETERS:   A1=  0.122 MEV   A2=  0.122 MEV   A3=121.91923 MEV


 DELTA=0.936 MEV  LAMBDA=53.2983 MEV   HW0= 7.5016 MEV   LAMBDA/HW0= 7.1049

 E2ENERGY=0.730 MEV  HBAR**2/B=18633./A**(7/3)=3149.8/A**2 MEV

 IREC=0  =>  RECOIL TERMS j+j-, j+j+, jzjz, ETC TREATED AS ONE-BODY OPERATORS WITH UU+VV PAIRING FACTORS



 S. P. LEVEL   EQP       U     V        (UU + VV)**1.00

     24       4.937    0.095 0.995      1.000 1.000 0.999 0.997 0.967 0.963 0.948 0.909 0.876 0.752 0.502 0.299 0.286 0.277 0.255
     25       4.147    0.114 0.994      1.000 1.000 1.000 0.998 0.972 0.968 0.954 0.917 0.884 0.764 0.518 0.316 0.304 0.294 0.273
     26       3.267    0.145 0.989      0.999 1.000 1.000 1.000 0.979 0.975 0.963 0.929 0.899 0.784 0.545 0.346 0.333 0.324 0.303
     27       2.711    0.175 0.985      0.997 0.998 1.000 1.000 0.985 0.982 0.971 0.940 0.912 0.802 0.571 0.375 0.362 0.353 0.332
     28       1.444    0.345 0.939      0.967 0.972 0.979 0.985 1.000 1.000 0.998 0.985 0.970 0.895 0.706 0.532 0.520 0.512 0.492
     29       1.396    0.359 0.933      0.963 0.968 0.975 0.982 1.000 1.000 0.999 0.988 0.973 0.901 0.716 0.544 0.533 0.525 0.505
     30       1.258    0.407 0.913      0.948 0.954 0.963 0.971 0.998 0.999 1.000 0.994 0.984 0.922 0.752 0.587 0.576 0.568 0.550
     31       1.078    0.501 0.865      0.909 0.917 0.929 0.940 0.985 0.988 0.994 1.000 0.997 0.958 0.817 0.669 0.659 0.652 0.635
     32       1.004    0.564 0.826      0.876 0.884 0.899 0.912 0.970 0.973 0.984 0.997 1.000 0.977 0.858 0.723 0.713 0.706 0.690
     33       0.937    0.728 0.685      0.752 0.764 0.784 0.802 0.895 0.901 0.922 0.958 0.977 1.000 0.948 0.854 0.847 0.842 0.829
     34       1.232    0.909 0.418      0.502 0.518 0.545 0.571 0.706 0.716 0.752 0.817 0.858 0.948 1.000 0.975 0.972 0.970 0.964
     35       2.314    0.978 0.207      0.299 0.316 0.346 0.375 0.532 0.544 0.587 0.669 0.723 0.854 0.975 1.000 1.000 1.000 0.999
     36       2.464    0.981 0.194      0.286 0.304 0.333 0.362 0.520 0.533 0.576 0.659 0.713 0.847 0.972 1.000 1.000 1.000 0.999
     37       2.588    0.983 0.184      0.277 0.294 0.324 0.353 0.512 0.525 0.568 0.652 0.706 0.842 0.970 1.000 1.000 1.000 1.000
     38       2.930    0.987 0.162      0.255 0.273 0.303 0.332 0.492 0.505 0.550 0.635 0.690 0.829 0.964 0.999 0.999 1.000 1.000

  R CORE   ENERGY   A0R/A00=1.000    R3= 0     2  
   2( 1)    0.732                    1.000 0.000
   2( 2)  487.921                    0.000 1.000

  R CORE   ENERGY   A0R/A00=1.000    R3= 0     2  
   3( 1)  488.652                    0.000 1.000

  R CORE   ENERGY   A0R/A00=1.000    R3= 0     2     4  
   4( 1)    2.438                    1.000 0.000 0.000

  R CORE   ENERGY   A0R/A00=1.000    R3= 0     2     4  
   5( 1)  490.847                    0.000 1.000 0.000

  R CORE   ENERGY   A0R/A00=1.000    R3= 0     2     4     6  
   6( 1)    5.121                    1.000 0.000 0.000 0.000

  R CORE   ENERGY   A0R/A00=1.000    R3= 0     2     4     6  
   7( 1)  494.017                    0.000 1.000 0.000 0.000

          AXIAL SYMMETRY => K RESTRICTED TO OMEGA

                     K
     S.P. ORB#: 24 -5.50
     S.P. ORB#: 25  0.50
     S.P. ORB#: 26  2.50
     S.P. ORB#: 27 -3.50
     S.P. ORB#: 28  0.50
     S.P. ORB#: 29  0.50
     S.P. ORB#: 30 -1.50
     S.P. ORB#: 31 -3.50
     S.P. ORB#: 32 -1.50
     S.P. ORB#: 33  4.50
     S.P. ORB#: 34  2.50
     S.P. ORB#: 35 -1.50
     S.P. ORB#: 36 -3.50
     S.P. ORB#: 37  2.50
     S.P. ORB#: 38  0.50
 

             ENERGY    K= OMEGA
 
 I=  1/2- (1)  2.615  29: 0.999
 
 I=  1/2- (2)  5.683  25: 0.999
 
 I=  1/2- (3)  6.126  28: 0.482
                      38:-0.876
 
 I=  1/2- (4)  8.796  28:-0.876
                      38:-0.482
 
 I=  1/2- (5)147.307  32: 1.000

             ENERGY    K= OMEGA
 
 I=  3/2- (1)  2.473  25:-0.120
                      29: 0.089
                      30:-0.974
                      35:-0.171
 
 I=  3/2- (2)  2.559  25:-0.162
                      29:-0.813
                      35:-0.558

             ENERGY    K= OMEGA
 
 I=  5/2- (1)  2.536  25:-0.256
                      29: 0.439
                      30: 0.743
                      35:-0.191
                      37:-0.392
 
 I=  5/2- (2)  3.236  26: 0.066
                      29:-0.395
                      30: 0.460
                      35: 0.788
                      37: 0.072
 
 I=  5/2- (3)  3.365  25:-0.155
                      29: 0.462
                      30: 0.143
                      35: 0.061
                      37: 0.859
 
 I=  5/2- (4)  4.173  29:-0.628
                      30: 0.409
                      35:-0.577
                      37: 0.319
 
 I=  5/2- (5)  5.050  26:-0.997
                      35: 0.074

             ENERGY    K= OMEGA
 
 I=  7/2- (1)  1.864  26: 0.202
                      27:-0.054
                      31:-0.977
 
 I=  7/2- (2)  3.302  25:-0.092
                      29: 0.312
                      30:-0.710
                      35: 0.271
                      37:-0.561
 
 I=  7/2- (3)  3.374  28: 0.726
                      32: 0.578
                      34: 0.343
                      36: 0.141
 
 I=  7/2- (4)  3.498  25:-0.325
                      29:-0.708
                      30:-0.391
                      35:-0.481
                      37:-0.079
 
 I=  7/2- (5)  4.324  26:-0.125
                      27:-0.326
                      29:-0.431
                      30: 0.446
                      35: 0.363
                      37:-0.602

             ENERGY    K= OMEGA
 
 I=  9/2- (1)  1.806  26:-0.069
                      27: 0.205
                      31:-0.212
                      33:-0.953
 
 I=  9/2- (2)  2.802  26:-0.277
                      27:-0.090
                      31:-0.931
                      33: 0.208
 
 I=  9/2- (3)  3.564  25:-0.371
                      29: 0.484
                      30: 0.672
                      31:-0.058
                      35:-0.227
                      37:-0.348
 
 I=  9/2- (4)  4.554  28:-0.234
                      32: 0.588
                      34:-0.655
                      36: 0.413
 
 I=  9/2- (5)  5.059  25:-0.108
                      26: 0.110
                      27:-0.085
                      29:-0.304
                      30: 0.478
                      31:-0.057
                      35: 0.796
                      37: 0.101

             ENERGY    K= OMEGA
 
 I= 11/2- (1)  2.674  28: 0.686
                      32: 0.579
                      34: 0.390
                      36: 0.197
                      38: 0.055
 
 I= 11/2- (2)  2.871  26:-0.117
                      27:-0.277
                      31: 0.294
                      33:-0.907
 
 I= 11/2- (3)  3.970  26:-0.325
                      27: 0.127
                      30: 0.059
                      31: 0.887
                      33: 0.290
                      37: 0.060
 
 I= 11/2- (4)  5.187  25:-0.140
                      29: 0.272
                      30:-0.705
                      31: 0.061
                      35: 0.293
                      37:-0.563
 
 I= 11/2- (5)  5.349  25: 0.394
                      29: 0.724
                      30: 0.343
                      31:-0.062
                      35: 0.442

             ENERGY    K= OMEGA
 
 I= 13/2- (1)  4.155  26: 0.160
                      27:-0.324
                      31: 0.349
                      33: 0.864
 
 I= 13/2- (2)  4.880  28:-0.223
                      32: 0.569
                      34:-0.659
                      36: 0.438
 
 I= 13/2- (3)  5.345  25: 0.189
                      26:-0.324
                      27:-0.152
                      29:-0.196
                      30:-0.298
                      31:-0.761
                      33: 0.310
                      35: 0.057
                      37: 0.173
 
 I= 13/2- (4)  5.522  25: 0.403
                      26: 0.151
                      27: 0.055
                      29:-0.458
                      30:-0.568
                      31: 0.374
                      33:-0.160
                      35: 0.216
                      37: 0.258
 
 I= 13/2- (5)  7.839  24: 0.288
                      25:-0.202
                      26: 0.119
                      27:-0.133
                      29:-0.112
                      30: 0.375
                      31:-0.082
                      35: 0.746
                      37: 0.355

             ENERGY     K= 1/2
  32 LEVELS    TIME=  0.0 SEC



 ******************* EXCITATION ENERGIES, DOMINANT CONFIGURATION AND EXPECTATION VALUES (WITH S.P. UU+VV FACTORS) *******************

  NR  Eex(keV)  I   Kdom  NY    <Jz>  <Jx**2> <Jy**2> <Jz**2> <I.j>/|I|  <Rx**2> <Ry**2> <Rz**2> <R.j>/|R|  <HROTx> <HROTy> <HROTz>

   1    0.0   9/2-   9/2  33    3.79    2.55    2.55   19.49    4.32       3.19    3.19    0.00   -1.23      0.388   0.388   0.000
   2   58.2   7/2-  -7/2  31   -3.25    2.31    2.31   12.00    3.37       2.83    2.83    0.00   -1.37      0.345   0.345   0.000
   3  667.7   3/2-  -3/2  30   -1.46    4.47    4.47    2.21    1.43       4.68    4.68   -0.00   -2.74      0.571   0.571  -0.000
   4  730.2   5/2-  -3/2  30   -0.37    4.50    4.50    2.35    2.26       3.36    3.36    0.00   -1.80      0.409   0.409   0.000
   5  753.0   3/2-   1/2  29   -0.13    3.63    3.63    0.88    1.37       3.30    3.30    0.00   -2.14      0.402   0.402   0.000
  
   6  809.1   1/2-   1/2  29    0.50    4.72    4.72    0.25    0.28       4.98    4.98    0.00   -2.99      0.607   0.607   0.000
   7  868.0  11/2-   1/2  28   -0.02   24.84   24.84    2.30    6.40       5.60    5.60    0.00   -4.10      0.683   0.683   0.000
   8  996.2   9/2-  -7/2  31   -2.68    2.42    2.42   12.09    2.92       6.33    6.33    0.00   -0.68      0.772   0.772   0.000
   9 1065.4  11/2-   9/2  33    3.16    2.78    2.78   18.75    3.82       7.18    7.18    0.00   -0.39      0.875   0.875   0.000
  10 1430.2   5/2-  -3/2  35   -1.15    2.52    2.52    1.97    0.89       5.25    5.25    0.00   -1.35      0.640   0.640   0.000
  
  11 1496.1   7/2-  -3/2  30   -0.04    3.75    3.75    3.32    1.79       6.19    6.19   -0.00   -1.06      0.754   0.754  -0.000
  12 1559.7   5/2-   5/2  37    1.93    2.64    2.64    4.73    1.75       4.19    4.19    0.00   -1.67      0.511   0.511   0.000
  13 1568.8   7/2-   1/2  28   -0.01   24.38   24.38    1.86    6.21       8.54    8.54    0.00   -6.29      1.041   1.041   0.000
  14 1692.6   7/2-   1/2  29   -0.26    3.68    3.68    1.08    1.38       6.60    6.60    0.00   -0.81      0.805   0.805   0.000
  15 1758.7   9/2-  -3/2  30   -0.28    4.78    4.78    2.03    2.28       6.82    6.82    0.00   -0.06      0.831   0.831   0.000
  
  16 2164.2  11/2-  -7/2  31   -2.16    2.52    2.52   12.23    2.62      10.82   10.82    0.00   -0.34      1.319   1.319   0.000
  17 2349.7  13/2-   9/2  33    2.62    2.98    2.98   18.08    3.48      12.10   12.10    0.00    0.05      1.475   1.475   0.000
  18 2367.2   5/2-   1/2  29   -0.29    3.64    3.64    1.87   -0.25       9.69    9.69    0.00   -2.25      1.182   1.182   0.000
  19 2517.9   7/2-   5/2  37    0.17    3.26    3.26    4.45    1.06       9.16    9.16    0.00   -1.58      1.117   1.117   0.000
  20 2748.0   9/2-   5/2  34   -0.01   24.88   24.88    5.56    5.43      13.03   13.03    0.00   -5.55      1.589   1.589   0.000
  
  21 3074.2  13/2-   5/2  34   -0.04   24.86   24.86    5.80    5.43      14.24   14.24    0.00   -3.30      1.737   1.737   0.000
  22 3244.7   5/2-   5/2  26    2.48    6.00    6.00    6.22    2.08       7.34    7.34    0.00   -3.15      0.894   0.894   0.000
  23 3253.2   9/2-  -3/2  35   -1.22    2.45    2.45    2.24    0.70      12.45   12.45    0.00   -0.73      1.518   1.518   0.000
  24 3381.0  11/2-  -3/2  30   -0.04    3.74    3.74    3.41    1.61      13.73   13.73    0.00   -0.25      1.674   1.674   0.000
  25 3539.3  13/2-  -7/2  31   -1.44    3.04    3.04   10.40    2.43      15.69   15.69    0.00    0.08      1.912   1.912   0.000
  
  26 3542.9  11/2-   1/2  29   -0.14    3.82    3.82    0.94    1.40      13.78   13.78    0.00   -0.04      1.679   1.679   0.000
  27 3716.6  13/2-  -3/2  30   -0.53    4.59    4.59    3.76    2.30      14.81   14.81    0.00    0.57      1.805   1.805   0.000
  28 3877.8   1/2-   1/2  25    0.50    6.41    6.41    0.25    0.68       6.32    6.32   -0.00   -3.51      0.771   0.771  -0.000
  29 4320.5   1/2-   1/2  38    0.50   12.54   12.54    0.25   -1.71      14.52   14.52    0.00   -4.98      1.770   1.770   0.000
  30 6033.2  13/2-  -3/2  35   -1.20    2.33    2.33    5.31    1.06      21.94   21.94    0.00   -0.39      2.674   2.674   0.000
  
  31 6990.5   1/2-   1/2  28    0.50   25.15   25.15    0.25   -3.56      28.74   28.74    0.00   -7.07      3.504   3.504   0.000
  32*******   1/2-  -3/2  32    0.00    0.00    0.00    0.00   -0.00       0.00    0.00    0.00   -0.00      0.000   0.000   0.000
