1SPECTRUM OF (Z= 82 A=207) IN PARTICLE-ROTOR  MODEL WITH MODIFIED OSCILLATOR POTENTIAL


 PARITY=-   EPS= 0.312   GAMMA=  0.0   EPS4=0.000   EPS6=0.000   LEVELS:  24  25  26  27  28  29  30  31  32  33  34  35  36  37  38

 PAIRING FACTORS: GN0= 19.20  GN1=  7.40  IPAIR= 15 ***  E2PLUS(INPUT)=   0.730  E2PLUR(INPUT)=   0.000

 CORIOLIS ATTENUATION PARAMETERS:  CHSI=1.000  ETA=  1.00

 MOMENT OF INERTIA PARAMETERS:   A1=  0.122 MEV   A2=  0.122 MEV   A3=121.91923 MEV


 DELTA=0.941 MEV  LAMBDA=53.2926 MEV   HW0= 7.4986 MEV   LAMBDA/HW0= 7.1070

 E2ENERGY=0.730 MEV  HBAR**2/B=18049./A**(7/3)=3051.2/A**2 MEV

 IREC=0  =>  RECOIL TERMS j+j-, j+j+, jzjz, ETC TREATED AS ONE-BODY OPERATORS WITH UU+VV PAIRING FACTORS



 S. P. LEVEL   EQP       U     V        (UU + VV)**1.00

     24       5.014    0.094 0.996      1.000 1.000 0.999 0.997 0.965 0.959 0.950 0.920 0.853 0.777 0.487 0.305 0.284 0.282 0.249
     25       4.138    0.114 0.993      1.000 1.000 1.000 0.998 0.970 0.965 0.956 0.928 0.864 0.790 0.505 0.325 0.303 0.301 0.269
     26       3.302    0.144 0.990      0.999 1.000 1.000 1.000 0.977 0.972 0.965 0.938 0.878 0.808 0.530 0.353 0.331 0.329 0.298
     27       2.747    0.174 0.985      0.997 0.998 1.000 1.000 0.983 0.979 0.972 0.949 0.893 0.825 0.555 0.381 0.360 0.358 0.326
     28       1.423    0.353 0.935      0.965 0.970 0.977 0.983 1.000 1.000 0.999 0.991 0.961 0.916 0.700 0.546 0.527 0.525 0.496
     29       1.365    0.371 0.929      0.959 0.965 0.972 0.979 1.000 1.000 1.000 0.993 0.966 0.923 0.713 0.561 0.543 0.541 0.512
     30       1.283    0.400 0.916      0.950 0.956 0.965 0.972 0.999 1.000 1.000 0.996 0.973 0.935 0.735 0.587 0.569 0.567 0.539
     31       1.122    0.477 0.879      0.920 0.928 0.938 0.949 0.991 0.993 0.996 1.000 0.989 0.962 0.790 0.654 0.637 0.635 0.609
     32       0.980    0.599 0.801      0.853 0.864 0.878 0.893 0.961 0.966 0.973 0.989 1.000 0.991 0.871 0.757 0.742 0.741 0.718
     33       0.941    0.700 0.714      0.777 0.790 0.808 0.825 0.916 0.923 0.935 0.962 0.991 1.000 0.928 0.837 0.824 0.823 0.803
     34       1.277    0.915 0.402      0.487 0.505 0.530 0.555 0.700 0.713 0.735 0.790 0.871 0.928 1.000 0.980 0.976 0.975 0.967
     35       2.248    0.977 0.214      0.305 0.325 0.353 0.381 0.546 0.561 0.587 0.654 0.757 0.837 0.980 1.000 1.000 1.000 0.998
     36       2.494    0.981 0.192      0.284 0.303 0.331 0.360 0.527 0.543 0.569 0.637 0.742 0.824 0.976 1.000 1.000 1.000 0.999
     37       2.520    0.982 0.190      0.282 0.301 0.329 0.358 0.525 0.541 0.567 0.635 0.741 0.823 0.975 1.000 1.000 1.000 0.999
     38       3.033    0.988 0.157      0.249 0.269 0.298 0.326 0.496 0.512 0.539 0.609 0.718 0.803 0.967 0.998 0.999 0.999 1.000

  R CORE   ENERGY   A0R/A00=1.000    R3= 0     2  
   2( 1)    0.732                    1.000 0.000
   2( 2)  487.921                    0.000 1.000

  R CORE   ENERGY   A0R/A00=1.000    R3= 0     2  
   3( 1)  488.652                    0.000 1.000

  R CORE   ENERGY   A0R/A00=1.000    R3= 0     2     4  
   4( 1)    2.438                    1.000 0.000 0.000

  R CORE   ENERGY   A0R/A00=1.000    R3= 0     2     4  
   5( 1)  490.847                    0.000 1.000 0.000

  R CORE   ENERGY   A0R/A00=1.000    R3= 0     2     4     6  
   6( 1)    5.121                    1.000 0.000 0.000 0.000

  R CORE   ENERGY   A0R/A00=1.000    R3= 0     2     4     6  
   7( 1)  494.017                    0.000 1.000 0.000 0.000

          AXIAL SYMMETRY => K RESTRICTED TO OMEGA

                     K
     S.P. ORB#: 24 -5.50
     S.P. ORB#: 25  0.50
     S.P. ORB#: 26  2.50
     S.P. ORB#: 27 -3.50
     S.P. ORB#: 28  0.50
     S.P. ORB#: 29  0.50
     S.P. ORB#: 30 -1.50
     S.P. ORB#: 31 -3.50
     S.P. ORB#: 32 -1.50
     S.P. ORB#: 33  4.50
     S.P. ORB#: 34  2.50
     S.P. ORB#: 35 -1.50
     S.P. ORB#: 36 -3.50
     S.P. ORB#: 37  2.50
     S.P. ORB#: 38  0.50
 

             ENERGY    K= OMEGA
 
 I=  1/2- (1)  2.635  28: 0.999
 
 I=  1/2- (2)  5.663  25: 0.999
 
 I=  1/2- (3)  6.178  29:-0.508
                      38: 0.861
 
 I=  1/2- (4)  8.839  29:-0.861
                      38:-0.508
 
 I=  1/2- (5)147.283  32: 1.000

             ENERGY    K= OMEGA
 
 I=  3/2- (1)  2.487  25:-0.141
                      30:-0.947
                      35:-0.286
 
 I=  3/2- (2)  2.550  25:-0.130
                      28:-0.777
                      30: 0.218
                      35:-0.576

             ENERGY    K= OMEGA
 
 I=  5/2- (1)  2.535  25:-0.251
                      28: 0.432
                      30: 0.725
                      35:-0.211
                      37:-0.426
 
 I=  5/2- (2)  3.198  25:-0.059
                      26: 0.065
                      28:-0.320
                      30: 0.474
                      35: 0.806
                      37: 0.120
 
 I=  5/2- (3)  3.319  25:-0.159
                      28: 0.489
                      30: 0.142
                      37: 0.845
 
 I=  5/2- (4)  4.158  28: 0.654
                      30:-0.424
                      35: 0.547
                      37:-0.299
 
 I=  5/2- (5)  5.084  26: 0.997
                      35:-0.070

             ENERGY    K= OMEGA
 
 I=  7/2- (1)  1.903  26:-0.204
                      27: 0.056
                      31: 0.977
 
 I=  7/2- (2)  3.286  25:-0.080
                      28: 0.320
                      30:-0.675
                      35: 0.302
                      37:-0.585
 
 I=  7/2- (3)  3.339  29: 0.729
                      32: 0.577
                      34: 0.341
                      36: 0.139
 
 I=  7/2- (4)  3.494  25:-0.325
                      28:-0.680
                      30:-0.417
                      35:-0.494
                      37:-0.101
 
 I=  7/2- (5)  4.299  26:-0.110
                      27:-0.265
                      28:-0.460
                      30: 0.476
                      35: 0.350
                      37:-0.597

             ENERGY    K= OMEGA
 
 I=  9/2- (1)  1.802  26:-0.068
                      27: 0.209
                      31:-0.206
                      33:-0.954
 
 I=  9/2- (2)  2.836  26: 0.280
                      27: 0.091
                      31: 0.932
                      33:-0.201
 
 I=  9/2- (3)  3.562  25:-0.369
                      28: 0.480
                      30: 0.665
                      31:-0.058
                      35:-0.237
                      37:-0.361
 
 I=  9/2- (4)  4.533  29: 0.235
                      32:-0.592
                      34: 0.653
                      36:-0.409
 
 I=  9/2- (5)  5.018  25:-0.138
                      26: 0.108
                      27:-0.090
                      28:-0.229
                      30: 0.474
                      31:-0.055
                      35: 0.805
                      37: 0.179

             ENERGY    K= OMEGA
 
 I= 11/2- (1)  2.622  29:-0.687
                      32:-0.579
                      34:-0.389
                      36:-0.196
                      38:-0.054
 
 I= 11/2- (2)  2.860  26:-0.115
                      27:-0.283
                      31: 0.285
                      33:-0.908
 
 I= 11/2- (3)  3.998  26:-0.328
                      27: 0.126
                      30: 0.059
                      31: 0.888
                      33: 0.281
                      37: 0.061
 
 I= 11/2- (4)  5.170  25:-0.120
                      28: 0.297
                      30:-0.674
                      31: 0.057
                      35: 0.324
                      37:-0.576
 
 I= 11/2- (5)  5.347  25: 0.400
                      28: 0.700
                      30: 0.380
                      31:-0.067
                      35: 0.441
                      37: 0.076

             ENERGY    K= OMEGA
 
 I= 13/2- (1)  4.136  26: 0.157
                      27:-0.329
                      31: 0.339
                      33: 0.866
 
 I= 13/2- (2)  4.834  29:-0.224
                      32: 0.572
                      34:-0.658
                      36: 0.435
 
 I= 13/2- (3)  5.364  25:-0.210
                      26: 0.319
                      27: 0.147
                      28: 0.220
                      30: 0.326
                      31: 0.743
                      33:-0.290
                      35:-0.070
                      37:-0.190
 
 I= 13/2- (4)  5.523  25: 0.391
                      26: 0.171
                      27: 0.063
                      28:-0.446
                      30:-0.548
                      31: 0.414
                      33:-0.173
                      35: 0.220
                      37: 0.255
 
 I= 13/2- (5)  7.789  24: 0.055
                      25:-0.229
                      26: 0.116
                      27:-0.122
                      28:-0.068
                      30: 0.375
                      31:-0.079
                      33:-0.057
                      35: 0.766
                      37: 0.419

             ENERGY     K= 1/2
  32 LEVELS    TIME=  0.0 SEC



 ******************* EXCITATION ENERGIES, DOMINANT CONFIGURATION AND EXPECTATION VALUES (WITH S.P. UU+VV FACTORS) *******************

  NR  Eex(keV)  I   Kdom  NY    <Jz>  <Jx**2> <Jy**2> <Jz**2> <I.j>/|I|  <Rx**2> <Ry**2> <Rz**2> <R.j>/|R|  <HROTx> <HROTy> <HROTz>

   1    0.0   9/2-   9/2  33    3.80    2.56    2.56   19.50    4.33       3.13    3.13    0.00   -1.22      0.382   0.382   0.001
   2  101.3   7/2-  -7/2  31   -3.24    2.31    2.31   11.99    3.37       2.81    2.81    0.00   -1.37      0.342   0.342   0.000
   3  685.0   3/2-  -3/2  30   -1.46    4.20    4.20    2.21    1.44       4.38    4.38   -0.00   -2.64      0.534   0.534  -0.000
   4  732.6   5/2-  -3/2  30   -0.28    4.38    4.38    2.48    2.30       3.19    3.19    0.00   -1.76      0.389   0.389   0.000
   5  748.0   3/2-   1/2  28   -0.26    3.67    3.67    1.01    1.40       3.34    3.34    0.00   -2.18      0.407   0.407   0.000
  
   6  819.8  11/2-   1/2  29   -0.02   24.99   24.99    2.29    6.43       5.54    5.54    0.00   -4.15      0.676   0.676   0.000
   7  833.3   1/2-   1/2  28    0.50    4.70    4.70    0.25    0.29       4.95    4.95   -0.00   -2.99      0.604   0.604  -0.000
   8 1033.9   9/2-  -7/2  31   -2.69    2.43    2.43   12.06    2.92       6.28    6.28    0.00   -0.67      0.766   0.766   0.000
   9 1057.6  11/2-   9/2  33    3.18    2.79    2.79   18.78    3.84       7.08    7.08    0.00   -0.37      0.863   0.863   0.000
  10 1395.5   5/2-  -3/2  35   -1.21    2.37    2.37    2.11    0.92       5.07    5.07    0.00   -1.30      0.618   0.618   0.000
  
  11 1483.8   7/2-  -3/2  30    0.08    3.61    3.61    3.43    1.82       5.97    5.97    0.00   -0.99      0.728   0.728   0.000
  12 1516.8   5/2-   5/2  37    1.89    2.73    2.73    4.58    1.73       4.29    4.29    0.00   -1.68      0.523   0.523   0.000
  13 1536.6   7/2-   1/2  29   -0.01   24.51   24.51    1.84    6.23       8.57    8.57    0.00   -6.31      1.045   1.045   0.000
  14 1691.6   7/2-   1/2  28   -0.32    3.60    3.60    1.17    1.39       6.53    6.53   -0.00   -0.79      0.796   0.796  -0.000
  15 1759.8   9/2-  -3/2  30   -0.25    4.72    4.72    2.08    2.29       6.74    6.74   -0.00   -0.03      0.822   0.822  -0.000
  
  16 2196.2  11/2-  -7/2  31   -2.19    2.52    2.52   12.17    2.63      10.75   10.75    0.00   -0.32      1.311   1.311   0.000
  17 2334.3  13/2-   9/2  33    2.65    2.99    2.99   18.12    3.51      11.95   11.95    0.00    0.07      1.458   1.458   0.001
  18 2355.9   5/2-   1/2  28   -0.28    3.76    3.76    1.75   -0.29       9.87    9.87    0.00   -2.28      1.203   1.203   0.000
  19 2497.1   7/2-   5/2  37    0.26    3.22    3.22    4.00    0.93       9.43    9.43    0.00   -1.56      1.150   1.150   0.000
  20 2730.4   9/2-   5/2  34   -0.02   24.97   24.97    5.52    5.46      12.92   12.92    0.00   -5.56      1.575   1.575   0.000
  
  21 3032.1  13/2-   5/2  34   -0.04   24.95   24.95    5.77    5.47      14.02   14.02    0.00   -3.30      1.709   1.709   0.000
  22 3216.2   9/2-  -3/2  35   -1.20    2.34    2.34    2.40    0.75      12.19   12.19    0.00   -0.68      1.486   1.486   0.000
  23 3282.3   5/2-   5/2  26    2.48    6.00    6.00    6.23    2.08       7.33    7.33    0.00   -3.15      0.894   0.894   0.000
  24 3367.6  11/2-  -3/2  30    0.04    3.63    3.63    3.45    1.61      13.61   13.61   -0.00   -0.21      1.659   1.659  -0.000
  25 3544.9  11/2-   1/2  28   -0.18    3.79    3.79    1.02    1.42      13.71   13.71    0.00   -0.03      1.672   1.672   0.000
  
  26 3562.0  13/2-  -7/2  31   -1.41    3.14    3.14    9.88    2.43      15.50   15.50    0.00    0.14      1.890   1.890   0.000
  27 3720.5  13/2-  -3/2  30   -0.59    4.45    4.45    4.22    2.31      14.85   14.85    0.00    0.54      1.810   1.810   0.000
  28 3861.0   1/2-   1/2  25    0.50    6.36    6.36    0.25    0.68       6.28    6.28    0.00   -3.50      0.765   0.765   0.000
  29 4375.8   1/2-   1/2  38    0.50   12.63   12.63    0.25   -1.78      14.66   14.66   -0.00   -4.99      1.788   1.788  -0.000
  30 5987.1  13/2-  -3/2  35   -0.67    2.26    2.26    3.24    0.81      22.62   22.62    0.00   -0.32      2.758   2.758   0.000
  
  31 7036.5   1/2-   1/2  29    0.50   25.29   25.29    0.25   -3.57      28.88   28.88    0.00   -7.10      3.521   3.521   0.000
  32*******   1/2-  -3/2  32    0.00    0.00    0.00    0.00   -0.00       0.00    0.00    0.00   -0.00      0.000   0.000   0.000
