1SPECTRUM OF (Z= 82 A=207) IN PARTICLE-ROTOR  MODEL WITH MODIFIED OSCILLATOR POTENTIAL


 PARITY=-   EPS= 0.319   GAMMA=  0.0   EPS4=0.000   EPS6=0.000   LEVELS:  25  26  27  28  29  30  31  32  33  34  35  36  37  38  39

 PAIRING FACTORS: GN0= 19.20  GN1=  7.40  IPAIR= 15 ***  E2PLUS(INPUT)=   0.730  E2PLUR(INPUT)=   0.000

 CORIOLIS ATTENUATION PARAMETERS:  CHSI=1.000  ETA=  1.00

 MOMENT OF INERTIA PARAMETERS:   A1=  0.122 MEV   A2=  0.122 MEV   A3=121.91922 MEV


 DELTA=0.934 MEV  LAMBDA=53.3012 MEV   HW0= 7.5029 MEV   LAMBDA/HW0= 7.1041

 E2ENERGY=0.730 MEV  HBAR**2/B=18868./A**(7/3)=3189.7/A**2 MEV

 IREC=0  =>  RECOIL TERMS j+j-, j+j+, jzjz, ETC TREATED AS ONE-BODY OPERATORS WITH UU+VV PAIRING FACTORS



 S. P. LEVEL   EQP       U     V        (UU + VV)**1.00

     25       4.151    0.113 0.994      1.000 0.999 0.998 0.974 0.967 0.953 0.912 0.892 0.753 0.524 0.313 0.304 0.292 0.274 0.255
     26       3.254    0.145 0.989      0.999 1.000 1.000 0.981 0.975 0.962 0.924 0.906 0.774 0.551 0.344 0.334 0.322 0.305 0.286
     27       2.698    0.176 0.984      0.998 1.000 1.000 0.986 0.981 0.970 0.936 0.919 0.793 0.577 0.373 0.364 0.352 0.335 0.316
     28       1.478    0.335 0.942      0.974 0.981 0.986 1.000 1.000 0.997 0.981 0.971 0.882 0.704 0.520 0.512 0.501 0.485 0.468
     29       1.386    0.361 0.932      0.967 0.975 0.981 1.000 1.000 0.999 0.986 0.977 0.895 0.723 0.544 0.535 0.525 0.509 0.492
     30       1.248    0.410 0.912      0.953 0.962 0.970 0.997 0.999 1.000 0.993 0.987 0.917 0.758 0.587 0.579 0.569 0.554 0.537
     31       1.062    0.511 0.859      0.912 0.924 0.936 0.981 0.986 0.993 1.000 0.999 0.957 0.828 0.676 0.669 0.659 0.645 0.630
     32       1.016    0.550 0.835      0.892 0.906 0.919 0.971 0.977 0.987 0.999 1.000 0.969 0.852 0.709 0.702 0.692 0.679 0.665
     33       0.938    0.739 0.674      0.753 0.774 0.793 0.882 0.895 0.917 0.957 0.969 1.000 0.955 0.861 0.856 0.849 0.839 0.829
     34       1.214    0.905 0.424      0.524 0.551 0.577 0.704 0.723 0.758 0.828 0.852 0.955 1.000 0.973 0.971 0.967 0.963 0.957
     35       2.340    0.979 0.204      0.313 0.344 0.373 0.520 0.544 0.587 0.676 0.709 0.861 0.973 1.000 1.000 1.000 0.999 0.998
     36       2.451    0.981 0.194      0.304 0.334 0.364 0.512 0.535 0.579 0.669 0.702 0.856 0.971 1.000 1.000 1.000 1.000 0.999
     37       2.615    0.983 0.182      0.292 0.322 0.352 0.501 0.525 0.569 0.659 0.692 0.849 0.967 1.000 1.000 1.000 1.000 0.999
     38       2.889    0.986 0.164      0.274 0.305 0.335 0.485 0.509 0.554 0.645 0.679 0.839 0.963 0.999 1.000 1.000 1.000 1.000
     39       3.268    0.990 0.144      0.255 0.286 0.316 0.468 0.492 0.537 0.630 0.665 0.829 0.957 0.998 0.999 0.999 1.000 1.000

  R CORE   ENERGY   A0R/A00=1.000    R3= 0     2  
   2( 1)    0.732                    1.000 0.000
   2( 2)  487.921                    0.000 1.000

  R CORE   ENERGY   A0R/A00=1.000    R3= 0     2  
   3( 1)  488.652                    0.000 1.000

  R CORE   ENERGY   A0R/A00=1.000    R3= 0     2     4  
   4( 1)    2.438                    1.000 0.000 0.000

  R CORE   ENERGY   A0R/A00=1.000    R3= 0     2     4  
   5( 1)  490.847                    0.000 1.000 0.000

  R CORE   ENERGY   A0R/A00=1.000    R3= 0     2     4     6  
   6( 1)    5.121                    1.000 0.000 0.000 0.000

  R CORE   ENERGY   A0R/A00=1.000    R3= 0     2     4     6  
   7( 1)  494.017                    0.000 1.000 0.000 0.000

          AXIAL SYMMETRY => K RESTRICTED TO OMEGA

                     K
     S.P. ORB#: 25  0.50
     S.P. ORB#: 26  2.50
     S.P. ORB#: 27 -3.50
     S.P. ORB#: 28  0.50
     S.P. ORB#: 29  0.50
     S.P. ORB#: 30 -1.50
     S.P. ORB#: 31 -3.50
     S.P. ORB#: 32 -1.50
     S.P. ORB#: 33  4.50
     S.P. ORB#: 34  2.50
     S.P. ORB#: 35 -1.50
     S.P. ORB#: 36 -3.50
     S.P. ORB#: 37  2.50
     S.P. ORB#: 38  0.50
     S.P. ORB#: 39  0.50
 

             ENERGY    K= OMEGA
 
 I=  1/2- (1)  2.605  29:-0.998
 
 I=  1/2- (2)  3.602  25:-0.071
                      39:-0.997
 
 I=  1/2- (3)  5.702  25: 0.997
                      39:-0.069
 
 I=  1/2- (4)  6.103  28: 0.471
                      38:-0.882
 
 I=  1/2- (5)  8.783  28:-0.882
                      38:-0.471

             ENERGY    K= OMEGA
 
 I=  3/2- (1)  2.453  25:-0.142
                      29:-0.054
                      30:-0.956
                      35:-0.233
                      39: 0.099
 
 I=  3/2- (2)  2.538  25: 0.139
                      29: 0.836
                      30:-0.196
                      35: 0.482
                      39:-0.105

             ENERGY    K= OMEGA
 
 I=  5/2- (1)  2.492  25:-0.250
                      29: 0.447
                      30: 0.750
                      35:-0.162
                      37:-0.356
                      39: 0.153
 
 I=  5/2- (2)  3.244  26:-0.066
                      29: 0.396
                      30:-0.440
                      35:-0.790
                      37:-0.125
                      39:-0.074
 
 I=  5/2- (3)  3.366  25:-0.129
                      29: 0.469
                      30: 0.069
                      37: 0.861
                      39: 0.125
 
 I=  5/2- (4)  4.158  29: 0.566
                      30:-0.434
                      35: 0.551
                      37:-0.340
                      39: 0.265
 
 I=  5/2- (5)  4.449  25:-0.167
                      29: 0.240
                      35: 0.194
                      39:-0.935

             ENERGY    K= OMEGA
 
 I=  7/2- (1)  1.849  26:-0.201
                      27: 0.054
                      31: 0.977
 
 I=  7/2- (2)  3.298  25:-0.153
                      29: 0.161
                      30:-0.783
                      35: 0.167
                      37:-0.548
                      39: 0.078
 
 I=  7/2- (3)  3.390  28:-0.725
                      32:-0.579
                      34:-0.345
                      36:-0.142
 
 I=  7/2- (4)  3.406  25:-0.285
                      29:-0.760
                      30:-0.228
                      35:-0.500
                      37: 0.055
                      39: 0.182
 
 I=  7/2- (5)  4.333  26:-0.131
                      27:-0.355
                      29:-0.422
                      30: 0.430
                      35: 0.361
                      37:-0.603

             ENERGY    K= OMEGA
 
 I=  9/2- (1)  1.809  26: 0.069
                      27:-0.203
                      31: 0.215
                      33: 0.953
 
 I=  9/2- (2)  2.789  26: 0.275
                      27: 0.090
                      30: 0.052
                      31: 0.930
                      33:-0.211
 
 I=  9/2- (3)  3.473  25:-0.359
                      29: 0.487
                      30: 0.675
                      31:-0.065
                      35:-0.196
                      37:-0.318
                      39: 0.185
 
 I=  9/2- (4)  4.562  28:-0.233
                      32: 0.586
                      34:-0.656
                      36: 0.414
 
 I=  9/2- (5)  5.039  25:-0.102
                      26: 0.116
                      27:-0.115
                      29:-0.224
                      30: 0.415
                      35: 0.795
                      37: 0.270
                      39: 0.182

             ENERGY    K= OMEGA
 
 I= 11/2- (1)  2.696  28: 0.686
                      32: 0.579
                      34: 0.390
                      36: 0.198
                      38: 0.055
 
 I= 11/2- (2)  2.880  26:-0.118
                      27:-0.275
                      31: 0.299
                      33:-0.906
 
 I= 11/2- (3)  3.960  26: 0.323
                      27:-0.128
                      30:-0.062
                      31:-0.885
                      33:-0.295
                      37:-0.061
 
 I= 11/2- (4)  5.144  25:-0.347
                      29:-0.261
                      30:-0.759
                      31: 0.090
                      35:-0.057
                      37:-0.437
                      39: 0.178
 
 I= 11/2- (5)  5.232  25: 0.193
                      29: 0.724
                      30:-0.208
                      35: 0.511
                      37:-0.340
                      39:-0.124

             ENERGY    K= OMEGA
 
 I= 13/2- (1)  4.169  26: 0.162
                      27:-0.321
                      31: 0.355
                      33: 0.862
 
 I= 13/2- (2)  4.898  28:-0.223
                      32: 0.567
                      34:-0.660
                      36: 0.439
 
 I= 13/2- (3)  5.289  25:-0.323
                      26: 0.234
                      27: 0.116
                      29: 0.366
                      30: 0.502
                      31: 0.542
                      33:-0.225
                      35:-0.119
                      37:-0.245
                      39: 0.151
 
 I= 13/2- (4)  5.433  25:-0.281
                      26:-0.267
                      27:-0.114
                      29: 0.340
                      30: 0.399
                      31:-0.651
                      33: 0.275
                      35:-0.154
                      37:-0.149
                      39: 0.130
 
 I= 13/2- (5)  7.775  25:-0.154
                      26: 0.118
                      27:-0.128
                      29:-0.078
                      30: 0.302
                      31:-0.071
                      33:-0.062
                      35: 0.751
                      37: 0.456
                      39: 0.261

             ENERGY     K= 1/2
  32 LEVELS    TIME=  0.0 SEC



 ******************* EXCITATION ENERGIES, DOMINANT CONFIGURATION AND EXPECTATION VALUES (WITH S.P. UU+VV FACTORS) *******************

  NR  Eex(keV)  I   Kdom  NY    <Jz>  <Jx**2> <Jy**2> <Jz**2> <I.j>/|I|  <Rx**2> <Ry**2> <Rz**2> <R.j>/|R|  <HROTx> <HROTy> <HROTz>

   1    0.0   9/2-   9/2  33    3.79    2.55    2.55   19.48    4.31       3.21    3.21    0.00   -1.23      0.391   0.391   0.000
   2   40.1   7/2-  -7/2  31   -3.25    2.31    2.31   12.00    3.36       2.84    2.84    0.00   -1.37      0.346   0.346   0.000
   3  643.7   3/2-  -3/2  30   -1.43    4.33    4.33    2.18    1.51       4.38    4.38    0.00   -2.68      0.534   0.534   0.000
   4  682.1   5/2-  -3/2  30   -0.42    4.59    4.59    2.19    2.31       3.22    3.22    0.00   -1.78      0.393   0.393   0.000
   5  728.9   3/2-   1/2  29   -0.04    3.88    3.88    0.79    1.35       3.53    3.53    0.00   -2.23      0.431   0.431   0.000
  
   6  795.1   1/2-   1/2  29    0.50    4.74    4.74    0.25    0.32       4.96    4.96    0.00   -3.00      0.605   0.605   0.000
   7  886.1  11/2-   1/2  28   -0.02   24.78   24.78    2.30    6.39       5.62    5.62    0.00   -4.08      0.685   0.685   0.000
   8  980.1   9/2-  -7/2  31   -2.67    2.42    2.42   12.10    2.92       6.35    6.35    0.00   -0.69      0.774   0.774   0.000
   9 1070.6  11/2-   9/2  33    3.15    2.78    2.78   18.73    3.81       7.24    7.24    0.00   -0.40      0.883   0.883   0.000
  10 1434.4   5/2-  -3/2  35   -1.09    2.48    2.48    2.00    0.92       5.12    5.12    0.00   -1.32      0.625   0.625   0.000
  
  11 1488.7   7/2-  -3/2  30   -0.19    3.90    3.90    3.37    1.82       6.25    6.25    0.00   -1.12      0.762   0.762   0.000
  12 1556.9   5/2-   5/2  37    1.97    2.61    2.61    4.71    1.78       4.08    4.08    0.00   -1.63      0.497   0.497   0.000
  13 1580.5   7/2-   1/2  28   -0.01   24.33   24.33    1.87    6.20       8.52    8.52    0.00   -6.28      1.039   1.039   0.000
  14 1597.0   7/2-   1/2  29   -0.10    3.58    3.58    0.89    1.45       6.13    6.13    0.00   -0.65      0.748   0.748   0.000
  15 1663.8   9/2-  -3/2  30   -0.30    4.84    4.84    1.90    2.36       6.44    6.44    0.00    0.04      0.785   0.785   0.000
  
  16 1792.5   1/2-   1/2  39    0.50    1.49    1.49    0.25    0.72       1.37    1.37    0.00   -1.58      0.167   0.167   0.000
  17 2150.7  11/2-  -7/2  31   -2.14    2.52    2.52   12.25    2.62      10.85   10.85    0.00   -0.35      1.322   1.322   0.000
  18 2348.7   5/2-   1/2  29   -0.25    3.49    3.49    1.94   -0.11       9.15    9.15    0.00   -2.16      1.116   1.116   0.000
  19 2359.8  13/2-   9/2  33    2.61    2.98    2.98   18.04    3.46      12.19   12.19    0.00    0.04      1.486   1.486   0.000
  20 2523.8   7/2-   5/2  37    0.13    3.30    3.30    4.68    1.13       9.03    9.03    0.00   -1.60      1.101   1.101   0.000
  
  21 2640.1   5/2-   1/2  39    0.43    1.67    1.67    0.34    0.30       5.34    5.34    0.00   -0.86      0.651   0.651   0.000
  22 2753.0   9/2-   5/2  34   -0.01   24.84   24.84    5.58    5.41      13.08   13.08    0.00   -5.54      1.594   1.594   0.000
  23 3088.9  13/2-   5/2  34   -0.04   24.82   24.82    5.82    5.41      14.33   14.33    0.00   -3.30      1.747   1.747   0.000
  24 3229.5   9/2-  -3/2  35   -0.99    2.25    2.25    2.58    0.85      11.70   11.70    0.00   -0.59      1.426   1.426   0.000
  25 3335.1  11/2-  -3/2  30   -0.31    4.09    4.09    2.68    1.70      13.17   13.17    0.00   -0.14      1.605   1.605   0.000
  
  26 3422.7  11/2-   1/2  29    0.12    3.47    3.47    1.59    1.42      13.64   13.64    0.00   -0.01      1.663   1.663   0.000
  27 3479.7  13/2-  -7/2  31   -0.83    4.02    4.02    6.17    2.44      14.42   14.42    0.00    0.53      1.758   1.758   0.000
  28 3623.1  13/2-  -7/2  31   -1.12    3.65    3.65    7.93    2.36      15.54   15.54    0.00    0.22      1.895   1.895   0.000
  29 3892.3   1/2-   1/2  25    0.50    6.48    6.48    0.25    0.67       6.40    6.40    0.00   -3.53      0.780   0.780   0.000
  30 4293.8   1/2-   1/2  38    0.50   12.51   12.51    0.25   -1.68      14.47   14.47    0.00   -4.97      1.764   1.764   0.000
  
  31 5965.7  13/2-  -3/2  35   -0.44    2.09    2.09    3.22    0.87      22.02   22.02    0.00   -0.20      2.685   2.685   0.000
  32 6973.3   1/2-   1/2  28    0.50   25.09   25.09    0.25   -3.56      28.68   28.68   -0.00   -7.07      3.496   3.496  -0.000
