1SPECTRUM OF (Z= 82 A=207) IN PARTICLE-ROTOR  MODEL WITH MODIFIED OSCILLATOR POTENTIAL


 PARITY=-   EPS= 0.345   GAMMA=  0.0   EPS4=0.000   EPS6=0.000   LEVELS:  25  26  27  28  29  30  31  32  33  34  35  36  37  38  39

 PAIRING FACTORS: GN0= 19.20  GN1=  7.40  IPAIR= 15 ***  E2PLUS(INPUT)=   0.730  E2PLUR(INPUT)=   0.000

 CORIOLIS ATTENUATION PARAMETERS:  CHSI=1.000  ETA=  1.00

 MOMENT OF INERTIA PARAMETERS:   A1=  0.122 MEV   A2=  0.122 MEV   A3=121.91922 MEV


 DELTA=0.903 MEV  LAMBDA=53.3617 MEV   HW0= 7.5195 MEV   LAMBDA/HW0= 7.0964

 E2ENERGY=0.730 MEV  HBAR**2/B=22069./A**(7/3)=3730.8/A**2 MEV

 IREC=0  =>  RECOIL TERMS j+j-, j+j+, jzjz, ETC TREATED AS ONE-BODY OPERATORS WITH UU+VV PAIRING FACTORS



 S. P. LEVEL   EQP       U     V        (UU + VV)**1.00

     25       4.217    0.108 0.994      1.000 0.999 0.997 0.992 0.959 0.958 0.938 0.823 0.622 0.611 0.307 0.302 0.277 0.260 0.232
     26       3.091    0.148 0.989      0.999 1.000 0.999 0.996 0.970 0.969 0.951 0.845 0.653 0.642 0.345 0.340 0.315 0.299 0.271
     27       2.533    0.181 0.983      0.997 0.999 1.000 0.999 0.978 0.977 0.961 0.863 0.679 0.668 0.377 0.372 0.347 0.331 0.304
     28       1.982    0.234 0.972      0.992 0.996 0.999 1.000 0.988 0.987 0.975 0.889 0.717 0.707 0.427 0.422 0.398 0.382 0.355
     29       1.274    0.384 0.924      0.959 0.970 0.978 0.988 1.000 1.000 0.998 0.950 0.818 0.809 0.563 0.559 0.536 0.522 0.497
     30       1.262    0.388 0.922      0.958 0.969 0.977 0.987 1.000 1.000 0.998 0.951 0.821 0.812 0.567 0.563 0.541 0.526 0.501
     31       1.133    0.445 0.896      0.938 0.951 0.961 0.975 0.998 0.998 1.000 0.969 0.855 0.847 0.617 0.613 0.592 0.578 0.554
     32       0.912    0.653 0.757      0.823 0.845 0.863 0.889 0.950 0.951 0.969 1.000 0.957 0.952 0.793 0.790 0.774 0.763 0.743
     33       0.999    0.845 0.534      0.622 0.653 0.679 0.717 0.818 0.821 0.855 0.957 1.000 1.000 0.936 0.934 0.924 0.918 0.906
     34       1.013    0.853 0.522      0.611 0.642 0.668 0.707 0.809 0.812 0.847 0.952 1.000 1.000 0.941 0.939 0.930 0.923 0.912
     35       2.269    0.979 0.203      0.307 0.345 0.377 0.427 0.563 0.567 0.617 0.793 0.936 0.941 1.000 1.000 0.999 0.999 0.997
     36       2.326    0.980 0.198      0.302 0.340 0.372 0.422 0.559 0.563 0.613 0.790 0.934 0.939 1.000 1.000 1.000 0.999 0.997
     37       2.670    0.985 0.172      0.277 0.315 0.347 0.398 0.536 0.541 0.592 0.774 0.924 0.930 0.999 1.000 1.000 1.000 0.999
     38       2.951    0.988 0.155      0.260 0.299 0.331 0.382 0.522 0.526 0.578 0.763 0.918 0.923 0.999 0.999 1.000 1.000 1.000
     39       3.610    0.992 0.126      0.232 0.271 0.304 0.355 0.497 0.501 0.554 0.743 0.906 0.912 0.997 0.997 0.999 1.000 1.000

  R CORE   ENERGY   A0R/A00=1.000    R3= 0     2  
   2( 1)    0.732                    1.000 0.000
   2( 2)  487.921                    0.000 1.000

  R CORE   ENERGY   A0R/A00=1.000    R3= 0     2  
   3( 1)  488.652                    0.000 1.000

  R CORE   ENERGY   A0R/A00=1.000    R3= 0     2     4  
   4( 1)    2.438                    1.000 0.000 0.000

  R CORE   ENERGY   A0R/A00=1.000    R3= 0     2     4  
   5( 1)  490.847                    0.000 1.000 0.000

  R CORE   ENERGY   A0R/A00=1.000    R3= 0     2     4     6  
   6( 1)    5.121                    1.000 0.000 0.000 0.000

  R CORE   ENERGY   A0R/A00=1.000    R3= 0     2     4     6  
   7( 1)  494.017                    0.000 1.000 0.000 0.000

          AXIAL SYMMETRY => K RESTRICTED TO OMEGA

                     K
     S.P. ORB#: 25  0.50
     S.P. ORB#: 26  2.50
     S.P. ORB#: 27 -3.50
     S.P. ORB#: 28  0.50
     S.P. ORB#: 29 -1.50
     S.P. ORB#: 30  0.50
     S.P. ORB#: 31 -1.50
     S.P. ORB#: 32 -3.50
     S.P. ORB#: 33  2.50
     S.P. ORB#: 34  4.50
     S.P. ORB#: 35 -3.50
     S.P. ORB#: 36  0.50
     S.P. ORB#: 37 -1.50
     S.P. ORB#: 38  2.50
     S.P. ORB#: 39  0.50
 

             ENERGY    K= OMEGA
 
 I=  1/2- (1)  2.510  30: 0.998
 
 I=  1/2- (2)  3.957  25:-0.074
                      39:-0.997
 
 I=  1/2- (3)  5.692  28: 0.343
                      36:-0.939
 
 I=  1/2- (4)  5.821  25: 0.996
                      39:-0.072
 
 I=  1/2- (5)  8.778  28: 0.939
                      36: 0.343

             ENERGY    K= OMEGA
 
 I=  3/2- (1)  2.379  25: 0.100
                      30:-0.156
                      31: 0.979
                      37: 0.064
                      39:-0.061
 
 I=  3/2- (2)  2.522  25:-0.186
                      30:-0.914
                      31:-0.098
                      37:-0.326
                      39: 0.119

             ENERGY    K= OMEGA
 
 I=  5/2- (1)  2.468  25:-0.255
                      30: 0.462
                      31: 0.789
                      37:-0.108
                      38:-0.256
                      39: 0.144
 
 I=  5/2- (2)  3.360  26: 0.063
                      30:-0.678
                      31: 0.442
                      37: 0.567
                      38:-0.132
 
 I=  5/2- (3)  3.647  25:-0.101
                      30: 0.255
                      31: 0.128
                      37: 0.405
                      38: 0.853
                      39: 0.119
 
 I=  5/2- (4)  4.313  26: 0.078
                      30: 0.441
                      31:-0.340
                      37: 0.683
                      38:-0.433
                      39: 0.170
 
 I=  5/2- (5)  4.793  25:-0.157
                      26: 0.226
                      30: 0.146
                      37: 0.128
                      39:-0.940

             ENERGY    K= OMEGA
 
 I=  7/2- (1)  1.729  26:-0.186
                      32: 0.981
 
 I=  7/2- (2)  3.311  25:-0.219
                      31:-0.875
                      38:-0.411
                      39: 0.116
 
 I=  7/2- (3)  3.424  25: 0.241
                      30: 0.854
                      37: 0.416
                      38:-0.130
                      39:-0.147
 
 I=  7/2- (4)  3.639  28:-0.698
                      29:-0.584
                      33:-0.380
                      35:-0.165
 
 I=  7/2- (5)  4.370  26: 0.209
                      27: 0.887
                      30: 0.154
                      31:-0.165
                      37:-0.163
                      38: 0.304

             ENERGY    K= OMEGA
 
 I=  9/2- (1)  1.919  26: 0.078
                      27:-0.181
                      32: 0.266
                      34: 0.943
 
 I=  9/2- (2)  2.709  26: 0.254
                      27: 0.092
                      31: 0.053
                      32: 0.923
                      34:-0.264
 
 I=  9/2- (3)  3.472  25:-0.361
                      30: 0.496
                      31: 0.697
                      32:-0.068
                      37:-0.160
                      38:-0.272
                      39: 0.179
 
 I=  9/2- (4)  4.649  28: 0.221
                      29:-0.560
                      33: 0.671
                      35:-0.432
 
 I=  9/2- (5)  5.197  26: 0.106
                      27:-0.057
                      30:-0.562
                      31: 0.476
                      32:-0.057
                      37: 0.643
                      38:-0.150
                      39: 0.059

             ENERGY    K= OMEGA
 
 I= 11/2- (1)  3.009  28:-0.670
                      29:-0.580
                      33:-0.408
                      35:-0.212
                      36:-0.058
 
 I= 11/2- (2)  3.025  26: 0.131
                      27: 0.246
                      32:-0.362
                      34: 0.889
 
 I= 11/2- (3)  3.921  26: 0.296
                      27:-0.135
                      31:-0.065
                      32:-0.868
                      34:-0.361
                      38:-0.064
 
 I= 11/2- (4)  5.133  25:-0.378
                      30:-0.408
                      31:-0.723
                      32: 0.092
                      37:-0.145
                      38:-0.317
                      39: 0.193
 
 I= 11/2- (5)  5.291  25:-0.117
                      30:-0.712
                      31: 0.407
                      37:-0.419
                      38: 0.359
                      39: 0.079

             ENERGY    K= OMEGA
 
 I= 13/2- (1)  4.350  26:-0.178
                      27: 0.288
                      32:-0.423
                      34:-0.840
 
 I= 13/2- (2)  5.088  28: 0.217
                      29:-0.551
                      33: 0.668
                      35:-0.450
 
 I= 13/2- (3)  5.285  25:-0.315
                      26: 0.222
                      27: 0.129
                      30: 0.361
                      31: 0.503
                      32: 0.535
                      34:-0.289
                      37:-0.103
                      38:-0.225
                      39: 0.144
 
 I= 13/2- (4)  5.448  25:-0.289
                      26:-0.236
                      27:-0.118
                      30: 0.353
                      31: 0.422
                      32:-0.627
                      34: 0.312
                      37:-0.134
                      38:-0.135
                      39: 0.132
 
 I= 13/2- (5)  8.001  26: 0.131
                      27:-0.109
                      30:-0.434
                      31: 0.453
                      32:-0.097
                      37: 0.736
                      39: 0.152

             ENERGY     K= 1/2
  32 LEVELS    TIME=  0.0 SEC



 ******************* EXCITATION ENERGIES, DOMINANT CONFIGURATION AND EXPECTATION VALUES (WITH S.P. UU+VV FACTORS) *******************

  NR  Eex(keV)  I   Kdom  NY    <Jz>  <Jx**2> <Jy**2> <Jz**2> <I.j>/|I|  <Rx**2> <Ry**2> <Rz**2> <R.j>/|R|  <HROTx> <HROTy> <HROTz>

   1    0.0   7/2-  -7/2  32   -3.29    2.31    2.31   12.03    3.32       3.02    3.02   -0.00   -1.41      0.368   0.368  -0.000
   2  190.2   9/2-   9/2  34    3.66    2.52    2.52   19.33    4.24       3.49    3.49    0.00   -1.25      0.425   0.425   0.000
   3  649.9   3/2-  -3/2  31   -1.42    4.75    4.75    2.17    1.45       4.91    4.91    0.00   -2.83      0.598   0.598   0.000
   4  738.7   5/2-  -3/2  31   -0.64    4.88    4.88    1.92    2.18       3.76    3.76    0.00   -1.91      0.459   0.459   0.000
   5  781.2   1/2-   1/2  30    0.50    4.84    4.84    0.25    0.30       5.08    5.08    0.00   -3.03      0.620   0.620   0.000
  
   6  792.6   3/2-   1/2  30    0.27    4.22    4.22    0.48    1.20       4.00    4.00    0.00   -2.33      0.488   0.488   0.000
   7  979.8   9/2-  -7/2  32   -2.53    2.41    2.41   12.37    2.87       6.68    6.68    0.00   -0.79      0.814   0.814   0.000
   8 1279.8  11/2-   1/2  28   -0.02   24.03   24.03    2.46    6.24       5.80    5.80   -0.00   -3.87      0.707   0.707  -0.000
   9 1295.5  11/2-   9/2  34    2.93    2.73    2.73   18.47    3.69       7.78    7.78    0.00   -0.47      0.948   0.948   0.000
  10 1582.0   7/2-  -3/2  31   -0.70    4.36    4.36    2.83    1.70       6.92    6.92    0.00   -1.30      0.843   0.843   0.000
  
  11 1630.8   5/2-   1/2  30   -0.49    3.60    3.60    1.41    0.67       6.68    6.68    0.00   -1.81      0.815   0.815   0.000
  12 1695.2   7/2-   1/2  30    0.19    3.98    3.98    0.71    1.36       6.83    6.83    0.00   -0.89      0.833   0.833   0.000
  13 1742.8   9/2-  -3/2  31   -0.39    5.03    5.03    1.78    2.32       6.78    6.78    0.00   -0.09      0.826   0.826   0.000
  14 1910.3   7/2-   1/2  28   -0.00   23.66   23.66    2.12    6.11       8.34    8.34   -0.00   -6.17      1.016   1.016  -0.000
  15 1918.0   5/2-   5/2  38    1.60    2.10    2.10    4.99    1.84       3.53    3.53    0.00   -1.41      0.430   0.430   0.000
  
  16 2191.7  11/2-  -7/2  32   -1.89    2.49    2.49   12.69    2.57      11.33   11.33   -0.00   -0.48      1.381   1.381  -0.000
  17 2227.6   1/2-   1/2  39    0.50    1.54    1.54    0.25    0.72       1.42    1.42    0.00   -1.61      0.173   0.173   0.000
  18 2583.7   5/2-  -3/2  37   -0.28    2.95    2.95    2.58    0.12       8.25    8.25    0.00   -2.00      1.006   1.006   0.000
  19 2620.7  13/2-   9/2  34    2.34    2.91    2.91   17.70    3.32      12.97   12.97    0.00   -0.07      1.581   1.581   0.000
  20 2641.1   7/2-  -7/2  27   -2.48    5.57    5.57   10.61    2.82       7.54    7.54    0.00   -2.71      0.920   0.920   0.001
  
  21 2920.1   9/2-   5/2  33    0.03   24.37   24.37    5.82    5.27      13.44   13.44    0.00   -5.47      1.639   1.639   0.000
  22 3064.2   5/2-   1/2  39    0.57    1.84    1.84    0.60    0.45       5.19    5.19    0.00   -0.92      0.633   0.633   0.000
  23 3359.3  13/2-   5/2  33   -0.02   24.37   24.37    5.97    5.23      15.18   15.18    0.00   -3.29      1.851   1.851   0.000
  24 3404.4  11/2-  -3/2  31   -0.42    4.32    4.32    2.06    1.67      13.26   13.26    0.00   -0.14      1.616   1.616   0.000
  25 3467.5   9/2-  -3/2  37   -0.74    3.22    3.22    1.81    0.59      13.58   13.58    0.00   -1.02      1.656   1.656   0.000
  
  26 3555.6  13/2-  -7/2  32   -0.70    4.02    4.02    6.69    2.42      14.86   14.86    0.00    0.40      1.811   1.811   0.000
  27 3561.7  11/2-   1/2  30    0.07    3.89    3.89    1.74    1.37      14.47   14.47    0.00   -0.25      1.764   1.764   0.000
  28 3718.8  13/2-  -7/2  32   -0.98    3.75    3.75    7.92    2.30      16.02   16.02    0.00    0.11      1.953   1.953   0.000
  29 3963.3   1/2-   1/2  36    0.50   12.31   12.31    0.25   -1.34      13.97   13.97    0.00   -4.92      1.703   1.703   0.000
  30 4092.0   1/2-   1/2  25    0.50    6.69    6.69    0.25    0.65       6.62    6.62    0.00   -3.59      0.807   0.807   0.000
  
  31 6272.2  13/2-  -3/2  37   -1.04    2.77    2.77    2.13    0.57      24.20   24.20    0.00   -0.53      2.950   2.950   0.000
  32 7049.3   1/2-   1/2  28    0.50   24.15   24.15    0.25   -3.53      27.71   27.71    0.00   -6.93      3.378   3.378   0.000
