1SPECTRUM OF (Z= 82 A=207) IN PARTICLE-ROTOR  MODEL WITH MODIFIED OSCILLATOR POTENTIAL


 PARITY=-   EPS= 0.159   GAMMA=  0.0   EPS4=0.000   EPS6=0.000   LEVELS:  24  25  26  27  28  29  30  31  32  33  34  35  36  37  38

 PAIRING FACTORS: GN0= 19.20  GN1=  7.40  IPAIR= 15 ***  E2PLUS(INPUT)=   0.730  E2PLUR(INPUT)=   0.000

 CORIOLIS ATTENUATION PARAMETERS:  CHSI=1.000  ETA=  1.00

 MOMENT OF INERTIA PARAMETERS:   A1=  0.122 MEV   A2=  0.122 MEV   A3=121.91923 MEV


 DELTA=0.848 MEV  LAMBDA=53.4025 MEV   HW0= 7.4326 MEV   LAMBDA/HW0= 7.1849

 E2ENERGY=0.730 MEV  HBAR**2/B= 4688./A**(7/3)= 792.4/A**2 MEV

 IREC=0  =>  RECOIL TERMS j+j-, j+j+, jzjz, ETC TREATED AS ONE-BODY OPERATORS WITH UU+VV PAIRING FACTORS



 S. P. LEVEL   EQP       U     V        (UU + VV)**1.00

     24       5.054    0.084 0.996      1.000 1.000 1.000 1.000 0.999 0.996 0.993 0.991 0.859 0.765 0.494 0.304 0.282 0.250 0.219
     25       4.359    0.098 0.995      1.000 1.000 1.000 1.000 0.999 0.998 0.995 0.993 0.865 0.773 0.506 0.317 0.295 0.263 0.232
     26       3.871    0.110 0.994      1.000 1.000 1.000 1.000 1.000 0.998 0.996 0.994 0.872 0.781 0.516 0.329 0.307 0.275 0.244
     27       3.715    0.115 0.993      1.000 1.000 1.000 1.000 1.000 0.999 0.996 0.995 0.874 0.784 0.520 0.334 0.312 0.280 0.249
     28       3.113    0.138 0.990      0.999 0.999 1.000 1.000 1.000 1.000 0.998 0.997 0.885 0.798 0.540 0.355 0.333 0.302 0.271
     29       2.572    0.167 0.986      0.996 0.998 0.998 0.999 1.000 1.000 1.000 0.999 0.898 0.816 0.565 0.383 0.361 0.330 0.300
     30       2.187    0.198 0.980      0.993 0.995 0.996 0.996 0.998 1.000 1.000 1.000 0.912 0.833 0.590 0.411 0.390 0.359 0.329
     31       2.029    0.214 0.977      0.991 0.993 0.994 0.995 0.997 0.999 1.000 1.000 0.918 0.842 0.603 0.426 0.405 0.375 0.345
     32       0.895    0.583 0.812      0.859 0.865 0.872 0.874 0.885 0.898 0.912 0.918 1.000 0.987 0.870 0.750 0.734 0.711 0.688
     33       0.848    0.707 0.708      0.765 0.773 0.781 0.784 0.798 0.816 0.833 0.842 0.987 1.000 0.938 0.847 0.834 0.815 0.796
     34       1.115    0.908 0.419      0.494 0.506 0.516 0.520 0.540 0.565 0.590 0.603 0.870 0.938 1.000 0.979 0.974 0.965 0.957
     35       1.950    0.975 0.223      0.304 0.317 0.329 0.334 0.355 0.383 0.411 0.426 0.750 0.847 0.979 1.000 1.000 0.998 0.996
     36       2.160    0.980 0.200      0.282 0.295 0.307 0.312 0.333 0.361 0.390 0.405 0.734 0.834 0.974 1.000 1.000 0.999 0.998
     37       2.565    0.986 0.168      0.250 0.263 0.275 0.280 0.302 0.330 0.359 0.375 0.711 0.815 0.965 0.998 0.999 1.000 0.999
     38       3.147    0.991 0.136      0.219 0.232 0.244 0.249 0.271 0.300 0.329 0.345 0.688 0.796 0.957 0.996 0.998 0.999 1.000

  R CORE   ENERGY   A0R/A00=1.000    R3= 0     2  
   2( 1)    0.732                    1.000 0.000
   2( 2)  487.921                    0.000 1.000

  R CORE   ENERGY   A0R/A00=1.000    R3= 0     2  
   3( 1)  488.652                    0.000 1.000

  R CORE   ENERGY   A0R/A00=1.000    R3= 0     2     4  
   4( 1)    2.438                    1.000 0.000 0.000

  R CORE   ENERGY   A0R/A00=1.000    R3= 0     2     4  
   5( 1)  490.847                    0.000 1.000 0.000

  R CORE   ENERGY   A0R/A00=1.000    R3= 0     2     4     6  
   6( 1)    5.121                    1.000 0.000 0.000 0.000

  R CORE   ENERGY   A0R/A00=1.000    R3= 0     2     4     6  
   7( 1)  494.017                    0.000 1.000 0.000 0.000

          AXIAL SYMMETRY => K RESTRICTED TO OMEGA

                     K
     S.P. ORB#: 24  2.50
     S.P. ORB#: 25  2.50
     S.P. ORB#: 26 -3.50
     S.P. ORB#: 27  0.50
     S.P. ORB#: 28 -3.50
     S.P. ORB#: 29  4.50
     S.P. ORB#: 30  0.50
     S.P. ORB#: 31 -1.50
     S.P. ORB#: 32 -1.50
     S.P. ORB#: 33  2.50
     S.P. ORB#: 34  0.50
     S.P. ORB#: 35  0.50
     S.P. ORB#: 36 -1.50
     S.P. ORB#: 37  2.50
     S.P. ORB#: 38 -3.50
 

             ENERGY    K= OMEGA
 
 I=  1/2- (1)  1.337  27:-0.065
                      34:-0.998
 
 I=  1/2- (2)  3.163  30: 1.000
 
 I=  1/2- (3)  4.763  27: 0.997
                      34:-0.065
 
 I=  1/2- (4) 10.159  35:-1.000
 
 I=  1/2- (5)147.198  32:-1.000

             ENERGY    K= OMEGA
 
 I=  3/2- (1)  1.348  27:-0.055
                      30:-0.203
                      31:-0.124
                      32:-0.964
                      34: 0.104
 
 I=  3/2- (2)  2.008  30: 0.126
                      31: 0.097
                      32:-0.144
                      34:-0.977

             ENERGY    K= OMEGA
 
 I=  5/2- (1)  1.301  27:-0.051
                      30: 0.131
                      31: 0.190
                      32:-0.370
                      33:-0.894
                      34: 0.084
 
 I=  5/2- (2)  1.941  30:-0.250
                      31: 0.163
                      32: 0.880
                      33:-0.366
 
 I=  5/2- (3)  2.024  30:-0.108
                      31:-0.155
                      33:-0.123
                      34:-0.973
 
 I=  5/2- (4)  3.192  24: 0.069
                      27:-0.406
                      30: 0.458
                      31: 0.734
                      32: 0.079
                      33: 0.193
                      34:-0.193
 
 I=  5/2- (5)  4.518  24: 0.061
                      27: 0.073
                      30:-0.789
                      31: 0.529
                      32:-0.278
                      33: 0.106

             ENERGY    K= OMEGA
 
 I=  7/2- (1)  1.929  30: 0.171
                      31:-0.230
                      32: 0.462
                      33:-0.838
 
 I=  7/2- (2)  2.556  25:-0.063
                      27:-0.188
                      30:-0.366
                      31:-0.299
                      32:-0.727
                      33:-0.393
                      34: 0.225
 
 I=  7/2- (3)  3.639  25:-0.066
                      27: 0.051
                      28: 0.144
                      30: 0.116
                      31: 0.165
                      32:-0.300
                      33:-0.187
                      34:-0.898
 
 I=  7/2- (4)  3.816  24:-0.097
                      25: 0.246
                      26: 0.178
                      28:-0.931
                      32:-0.085
                      33:-0.067
                      34:-0.130
 
 I=  7/2- (5)  4.391  35: 0.713
                      36: 0.576
                      37: 0.366
                      38: 0.162

             ENERGY    K= OMEGA
 
 I=  9/2- (1)  2.560  26:-0.077
                      27: 0.180
                      29: 0.075
                      30:-0.305
                      31:-0.371
                      32: 0.451
                      33: 0.691
                      34:-0.207
 
 I=  9/2- (2)  3.262  24: 0.076
                      25: 0.082
                      26: 0.296
                      28: 0.191
                      29:-0.922
                      30:-0.051
                      32: 0.065
                      34:-0.052
 
 I=  9/2- (3)  3.665  27: 0.058
                      30:-0.107
                      31:-0.201
                      32:-0.261
                      33:-0.272
                      34:-0.894
 
 I=  9/2- (4)  3.746  25:-0.111
                      26: 0.057
                      28:-0.136
                      30:-0.329
                      31: 0.240
                      32: 0.724
                      33:-0.517
                      34:-0.076
 
 I=  9/2- (5)  4.608  24: 0.155
                      25:-0.173
                      26: 0.129
                      27:-0.427
                      28:-0.445
                      29:-0.055
                      30: 0.366
                      31: 0.424
                      32: 0.110
                      33: 0.339
                      34:-0.325

             ENERGY    K= OMEGA
 
 I= 11/2- (1)  3.181  35: 0.677
                      36: 0.576
                      37: 0.407
                      38: 0.209
 
 I= 11/2- (2)  3.752  24:-0.058
                      25:-0.080
                      26: 0.190
                      28: 0.075
                      29: 0.264
                      30:-0.234
                      31: 0.306
                      32:-0.480
                      33: 0.706
 
 I= 11/2- (3)  4.167  24: 0.122
                      25: 0.103
                      26:-0.363
                      28:-0.223
                      29:-0.811
                      30:-0.150
                      32:-0.257
                      33: 0.206
 
 I= 11/2- (4)  4.484  24: 0.063
                      25:-0.112
                      27:-0.294
                      28: 0.145
                      29: 0.121
                      30:-0.416
                      31:-0.405
                      32:-0.551
                      33:-0.397
                      34: 0.251
 
 I= 11/2- (5)  5.743  24:-0.176
                      25: 0.364
                      26: 0.259
                      27:-0.089
                      28:-0.828
                      29: 0.157
                      30:-0.140
                      31:-0.054
                      34: 0.166

             ENERGY    K= OMEGA
 
 I= 13/2- (1)  4.494  24:-0.084
                      25:-0.069
                      26:-0.163
                      27: 0.279
                      28:-0.054
                      29: 0.171
                      30:-0.384
                      31:-0.447
                      32: 0.401
                      33: 0.537
                      34:-0.234
 
 I= 13/2- (2)  5.243  24:-0.149
                      25:-0.156
                      26:-0.440
                      27:-0.090
                      28:-0.267
                      29: 0.786
                      30: 0.139
                      31: 0.100
                      32:-0.119
                      33:-0.091
                      34: 0.103
 
 I= 13/2- (3)  5.336  35:-0.227
                      36: 0.573
                      37:-0.654
                      38: 0.438
 
 I= 13/2- (4)  6.294  24:-0.100
                      25: 0.110
                      26:-0.059
                      27: 0.089
                      28: 0.128
                      29: 0.051
                      31:-0.250
                      32:-0.506
                      33:-0.230
                      34:-0.759
 
 I= 13/2- (5)  6.406  24: 0.106
                      25:-0.196
                      26: 0.121
                      28:-0.306
                      30:-0.336
                      31: 0.229
                      32: 0.488
                      33:-0.576
                      34:-0.326

             ENERGY     K=-7/2
  32 LEVELS    TIME=  0.0 SEC



 ******************* EXCITATION ENERGIES, DOMINANT CONFIGURATION AND EXPECTATION VALUES (WITH S.P. UU+VV FACTORS) *******************

  NR  Eex(keV)  I   Kdom  NY    <Jz>  <Jx**2> <Jy**2> <Jz**2> <I.j>/|I|  <Rx**2> <Ry**2> <Rz**2> <R.j>/|R|  <HROTx> <HROTy> <HROTz>

   1    0.0   5/2-   5/2  33    1.76    1.76    1.76    5.40    2.48       1.51    1.51    0.00   -0.92      0.184   0.184   0.000
   2   36.2   1/2-   1/2  34    0.50    1.10    1.10    0.25    0.84       0.87    0.87    0.00   -1.30      0.106   0.106   0.000
   3   46.8   3/2-  -3/2  32   -1.39    1.47    1.47    2.14    1.49       1.52    1.52    0.00   -1.25      0.186   0.186   0.000
   4  628.1   7/2-   5/2  33    1.37    1.90    1.90    5.02    2.10       3.95    3.95    0.00   -0.17      0.481   0.481   0.000
   5  640.1   5/2-  -3/2  32   -0.83    1.52    1.52    2.67    1.15       3.83    3.83    0.00   -0.83      0.467   0.467   0.000
  
   6  707.2   3/2-   1/2  34    0.44    1.18    1.18    0.31   -0.19       3.58    3.58    0.00   -1.14      0.436   0.436   0.000
   7  722.8   5/2-   1/2  34    0.48    1.34    1.34    0.39    0.78       3.60    3.60    0.00   -0.29      0.439   0.439   0.000
   8 1255.2   7/2-  -3/2  32   -0.43    1.64    1.64    2.48    1.41       5.16    5.16    0.00   -0.05      0.630   0.630   0.000
   9 1259.0   9/2-   5/2  33    0.78    2.74    2.74    3.99    2.39       5.24    5.24    0.00    0.74      0.639   0.639   0.000
  10 1862.4   1/2-   1/2  30    0.50    3.89    3.89    0.25    0.45       4.00    4.00    0.00   -2.70      0.488   0.488   0.000
  
  11 1879.5  11/2-   1/2  35   -0.01   28.80   28.80    2.44    7.32       4.13    4.13    0.00   -5.66      0.503   0.503   0.000
  12 1890.6   5/2-  -3/2  31   -0.51    3.69    3.69    1.59    1.72       3.78    3.78   -0.00   -1.42      0.461   0.461  -0.000
  13 1960.7   9/2-   9/2  29    3.42    2.83    2.83   18.85    4.50       2.23    2.23   -0.00   -1.00      0.272   0.272  -0.000
  14 2338.2   7/2-   1/2  34    0.26    1.47    1.47    0.98   -0.05      10.05   10.05   -0.00   -0.92      1.225   1.225  -0.000
  15 2363.8   9/2-   1/2  34    0.44    1.46    1.46    0.95    0.80      10.32   10.32    0.00    0.03      1.258   1.258   0.000
  
  16 2444.6   9/2-  -3/2  32   -0.19    1.71    1.71    3.38    1.06      10.47   10.47    0.00   -0.33      1.277   1.277   0.000
  17 2451.2  11/2-   5/2  33    0.98    2.57    2.57    5.85    2.24       9.97    9.97    0.00    0.54      1.215   1.215   0.000
  18 2515.2   7/2-  -7/2  28   -2.96    2.24    2.24   11.50    3.33       2.66    2.66   -0.00   -1.20      0.324   0.324  -0.000
  19 2866.1  11/2-   9/2  29    2.40    3.05    3.05   16.12    3.79       6.29    6.29   -0.00    0.14      0.767   0.767  -0.000
  20 3090.3   7/2-   1/2  35   -0.00   28.95   28.95    2.03    7.20       9.26    9.26    0.00   -7.29      1.129   1.129   0.000
  
  21 3183.0  11/2-  -3/2  32   -0.11    2.01    2.01    2.78    1.64      11.47   11.47    0.00    0.63      1.399   1.399   0.000
  22 3193.2  13/2-   5/2  33    0.38    3.60    3.60    3.72    2.64      11.42   11.42    0.00    1.57      1.392   1.392   0.000
  23 3216.6   5/2-   1/2  30   -0.18    3.98    3.98    1.06   -0.42      10.13   10.13   -0.00   -2.28      1.235   1.235  -0.000
  24 3307.3   9/2-  -7/2  28   -0.39    2.82    2.82    4.28    1.75       8.64    8.64   -0.00   -0.29      1.054   1.054  -0.000
  25 3461.7   1/2-   1/2  27    0.50    4.41    4.41    0.25    0.65       4.35    4.35   -0.00   -2.89      0.530   0.530  -0.000
  
  26 3942.1  13/2-   9/2  29    1.98    3.68    3.68   16.17    3.80       9.60    9.60    0.00    0.69      1.170   1.170   0.000
  27 4035.2  13/2-   5/2  37   -0.07   27.56   27.56    5.77    6.19      11.58   11.58   -0.00   -3.67      1.412   1.412  -0.000
  28 4441.7  11/2-  -7/2  28   -2.09    2.47    2.47   10.77    2.63      10.01   10.01   -0.00    0.00      1.221   1.221  -0.000
  29 4993.2  13/2-   1/2  34   -0.06    1.46    1.46    1.63    0.85      20.70   20.70    0.00    0.22      2.524   2.524   0.000
  30 5104.6  13/2-   5/2  33    0.25    2.04    2.04    4.43    1.24      19.95   19.95    0.00    0.03      2.433   2.433   0.000
  
  31 8857.5   1/2-   1/2  35    0.50   29.57   29.57    0.25   -4.15      33.66   33.66    0.00   -7.68      4.104   4.104   0.000
  32*******   1/2-  -3/2  32    0.00    0.00    0.00    0.00   -0.00       0.00    0.00    0.00   -0.00      0.000   0.000   0.000
