1SPECTRUM OF (Z= 82 A=207) IN PARTICLE-ROTOR  MODEL WITH MODIFIED OSCILLATOR POTENTIAL


 PARITY=-   EPS= 0.384   GAMMA=  0.0   EPS4=0.000   EPS6=0.000   LEVELS:  24  25  26  27  28  29  30  31  32  33  34  35  36  37  38

 PAIRING FACTORS: GN0= 19.20  GN1=  7.40  IPAIR= 15 ***  E2PLUS(INPUT)=   0.730  E2PLUR(INPUT)=   0.000

 CORIOLIS ATTENUATION PARAMETERS:  CHSI=1.000  ETA=  1.00

 MOMENT OF INERTIA PARAMETERS:   A1=  0.122 MEV   A2=  0.122 MEV   A3=121.91922 MEV


 DELTA=0.858 MEV  LAMBDA=53.4578 MEV   HW0= 7.5476 MEV   LAMBDA/HW0= 7.0828

 E2ENERGY=0.730 MEV  HBAR**2/B=27341./A**(7/3)=4622.0/A**2 MEV

 IREC=0  =>  RECOIL TERMS j+j-, j+j+, jzjz, ETC TREATED AS ONE-BODY OPERATORS WITH UU+VV PAIRING FACTORS



 S. P. LEVEL   EQP       U     V        (UU + VV)**1.00

     24       4.292    0.100 0.995      1.000 1.000 0.999 0.999 0.996 0.991 0.935 0.903 0.808 0.602 0.430 0.391 0.316 0.234 0.223
     25       3.936    0.110 0.994      1.000 1.000 0.999 0.999 0.996 0.992 0.938 0.907 0.814 0.610 0.439 0.400 0.325 0.243 0.232
     26       2.861    0.152 0.988      0.999 0.999 1.000 1.000 0.999 0.996 0.952 0.924 0.838 0.643 0.477 0.438 0.365 0.284 0.273
     27       2.829    0.153 0.988      0.999 0.999 1.000 1.000 0.999 0.996 0.953 0.924 0.839 0.644 0.478 0.440 0.366 0.286 0.275
     28       2.270    0.193 0.981      0.996 0.996 0.999 0.999 1.000 0.999 0.964 0.939 0.860 0.674 0.513 0.475 0.403 0.324 0.313
     29       1.868    0.236 0.972      0.991 0.992 0.996 0.996 0.999 1.000 0.975 0.953 0.882 0.706 0.550 0.514 0.444 0.366 0.355
     30       1.073    0.447 0.895      0.935 0.938 0.952 0.953 0.964 0.975 1.000 0.997 0.965 0.846 0.723 0.692 0.632 0.564 0.554
     31       0.967    0.519 0.855      0.903 0.907 0.924 0.924 0.939 0.953 0.997 1.000 0.983 0.887 0.777 0.749 0.694 0.630 0.621
     32       0.863    0.667 0.745      0.808 0.814 0.838 0.839 0.860 0.882 0.965 0.983 1.000 0.957 0.879 0.858 0.814 0.761 0.754
     33       0.967    0.855 0.519      0.602 0.610 0.643 0.644 0.674 0.706 0.846 0.887 0.957 1.000 0.980 0.970 0.948 0.917 0.913
     34       1.349    0.941 0.338      0.430 0.439 0.477 0.478 0.513 0.550 0.723 0.777 0.879 0.980 1.000 0.999 0.992 0.978 0.976
     35       1.513    0.955 0.297      0.391 0.400 0.438 0.440 0.475 0.514 0.692 0.749 0.858 0.970 0.999 1.000 0.997 0.986 0.984
     36       2.004    0.976 0.219      0.316 0.325 0.365 0.366 0.403 0.444 0.632 0.694 0.814 0.948 0.992 0.997 1.000 0.996 0.995
     37       3.200    0.991 0.135      0.234 0.243 0.284 0.286 0.324 0.366 0.564 0.630 0.761 0.917 0.978 0.986 0.996 1.000 1.000
     38       3.478    0.992 0.124      0.223 0.232 0.273 0.275 0.313 0.355 0.554 0.621 0.754 0.913 0.976 0.984 0.995 1.000 1.000

  R CORE   ENERGY   A0R/A00=1.000    R3= 0     2  
   2( 1)    0.732                    1.000 0.000
   2( 2)  487.921                    0.000 1.000

  R CORE   ENERGY   A0R/A00=1.000    R3= 0     2  
   3( 1)  488.652                    0.000 1.000

  R CORE   ENERGY   A0R/A00=1.000    R3= 0     2     4  
   4( 1)    2.438                    1.000 0.000 0.000

  R CORE   ENERGY   A0R/A00=1.000    R3= 0     2     4  
   5( 1)  490.847                    0.000 1.000 0.000

  R CORE   ENERGY   A0R/A00=1.000    R3= 0     2     4     6  
   6( 1)    5.121                    1.000 0.000 0.000 0.000

  R CORE   ENERGY   A0R/A00=1.000    R3= 0     2     4     6  
   7( 1)  494.017                    0.000 1.000 0.000 0.000

          AXIAL SYMMETRY => K RESTRICTED TO OMEGA

                     K
     S.P. ORB#: 24  0.50
     S.P. ORB#: 25 -5.50
     S.P. ORB#: 26  0.50
     S.P. ORB#: 27  2.50
     S.P. ORB#: 28 -3.50
     S.P. ORB#: 29 -1.50
     S.P. ORB#: 30  0.50
     S.P. ORB#: 31 -1.50
     S.P. ORB#: 32  2.50
     S.P. ORB#: 33 -3.50
     S.P. ORB#: 34  4.50
     S.P. ORB#: 35  0.50
     S.P. ORB#: 36 -3.50
     S.P. ORB#: 37 -1.50
     S.P. ORB#: 38  0.50
 

             ENERGY    K= OMEGA
 
 I=  1/2- (1)  2.365  30: 0.999
 
 I=  1/2- (2)  4.469  26: 0.192
                      35:-0.910
                      38: 0.366
 
 I=  1/2- (3)  5.958  24: 0.999
 
 I=  1/2- (4)  7.368  26: 0.367
                      35:-0.280
                      38:-0.887
 
 I=  1/2- (5)  9.329  26: 0.910
                      35: 0.305
                      38: 0.280

             ENERGY    K= OMEGA
 
 I=  3/2- (1)  2.261  24:-0.065
                      30: 0.311
                      31:-0.948
 
 I=  3/2- (2)  2.456  24:-0.198
                      30:-0.916
                      31:-0.287
                      37:-0.199

             ENERGY    K= OMEGA
 
 I=  5/2- (1)  2.514  24:-0.264
                      30: 0.505
                      31: 0.818
                      37:-0.073
 
 I=  5/2- (2)  3.365  27:-0.066
                      30: 0.769
                      31:-0.519
                      37:-0.365
 
 I=  5/2- (3)  4.536  27: 0.674
                      30: 0.274
                      31:-0.148
                      37: 0.669
 
 I=  5/2- (4)  4.692  24: 0.054
                      27: 0.735
                      30:-0.201
                      31: 0.055
                      37:-0.643
 
 I=  5/2- (5)  4.879  26: 0.144
                      35:-0.793
                      38: 0.589

             ENERGY    K= OMEGA
 
 I=  7/2- (1)  1.843  27: 0.157
                      33:-0.987
 
 I=  7/2- (2)  3.438  24:-0.208
                      30:-0.918
                      31: 0.176
                      37:-0.289
 
 I=  7/2- (3)  3.499  24:-0.265
                      27: 0.071
                      30:-0.094
                      31:-0.952
                      37:-0.088
 
 I=  7/2- (4)  4.037  26:-0.621
                      29:-0.587
                      32:-0.475
                      36:-0.209
 
 I=  7/2- (5)  4.172  27: 0.184
                      28: 0.982

             ENERGY    K= OMEGA
 
 I=  9/2- (1)  2.277  27:-0.087
                      28: 0.163
                      33:-0.352
                      34:-0.918
 
 I=  9/2- (2)  2.909  27: 0.211
                      28: 0.096
                      33: 0.907
                      34:-0.351
 
 I=  9/2- (3)  3.713  24:-0.393
                      30: 0.562
                      31: 0.715
                      37:-0.131
 
 I=  9/2- (4)  4.740  26: 0.209
                      29:-0.551
                      32: 0.690
                      36:-0.419
 
 I=  9/2- (5)  5.253  27:-0.251
                      28: 0.592
                      30: 0.478
                      31:-0.429
                      33: 0.054
                      34: 0.113
                      37:-0.398

             ENERGY    K= OMEGA
 
 I= 11/2- (1)  3.413  27:-0.137
                      28:-0.222
                      33: 0.439
                      34:-0.859
 
 I= 11/2- (2)  3.453  26: 0.614
                      29: 0.587
                      32: 0.465
                      35: 0.096
                      36: 0.230
 
 I= 11/2- (3)  4.200  27: 0.248
                      28:-0.143
                      33:-0.851
                      34:-0.438
 
 I= 11/2- (4)  5.279  25:-0.999
 
 I= 11/2- (5)  5.314  24:-0.369
                      30:-0.829
                      31:-0.256
                      37:-0.328

             ENERGY    K= OMEGA
 
 I= 13/2- (1)  4.781  27:-0.178
                      28: 0.261
                      33:-0.486
                      34:-0.813
 
 I= 13/2- (2)  5.277  26:-0.215
                      29: 0.560
                      32:-0.678
                      36: 0.423
 
 I= 13/2- (3)  5.698  24:-0.275
                      27: 0.238
                      28: 0.147
                      30: 0.320
                      31: 0.405
                      33: 0.641
                      34:-0.405
                      37:-0.064
 
 I= 13/2- (4)  5.777  24:-0.379
                      27:-0.141
                      28:-0.107
                      30: 0.466
                      31: 0.523
                      33:-0.494
                      34: 0.266
                      37:-0.138
 
 I= 13/2- (5)  6.866  25: 0.998

             ENERGY     K= 1/2
  32 LEVELS    TIME=  0.0 SEC



 ******************* EXCITATION ENERGIES, DOMINANT CONFIGURATION AND EXPECTATION VALUES (WITH S.P. UU+VV FACTORS) *******************

  NR  Eex(keV)  I   Kdom  NY    <Jz>  <Jx**2> <Jy**2> <Jz**2> <I.j>/|I|  <Rx**2> <Ry**2> <Rz**2> <R.j>/|R|  <HROTx> <HROTy> <HROTz>

   1    0.0   7/2-  -7/2  33   -3.35    2.31    2.31   12.10    3.23       3.40    3.40    0.00   -1.49      0.414   0.414   0.000
   2  417.9   3/2-  -3/2  31   -1.30    4.96    4.96    2.05    1.37       5.21    5.21    0.00   -2.89      0.635   0.635   0.000
   3  433.4   9/2-   9/2  34    3.28    2.50    2.50   18.94    4.12       3.85    3.85    0.00   -1.24      0.469   0.469   0.000
   4  521.7   1/2-   1/2  30    0.50    4.97    4.97    0.25    0.24       5.27    5.27   -0.00   -3.08      0.642   0.642  -0.000
   5  612.7   3/2-   1/2  30    0.26    4.64    4.64    0.49    0.99       4.85    4.85    0.00   -2.53      0.591   0.591   0.000
  
   6  670.5   5/2-  -3/2  31   -0.85    5.24    5.24    1.60    1.76       5.22    5.22   -0.00   -2.13      0.637   0.637  -0.000
   7 1065.4   9/2-  -7/2  33   -2.24    2.37    2.37   12.96    2.78       7.38    7.38    0.00   -1.00      0.899   0.899   0.000
   8 1521.5   5/2-   1/2  30   -0.29    4.41    4.41    1.08    0.35       8.30    8.30   -0.00   -2.18      1.012   1.012  -0.000
   9 1570.3  11/2-   9/2  34    2.51    2.67    2.67   18.05    3.53       8.46    8.46    0.00   -0.55      1.031   1.031   0.000
  10 1595.2   7/2-   1/2  30    0.27    4.59    4.59    0.48    1.08       8.41    8.41    0.00   -1.31      1.026   1.026   0.000
  
  11 1609.8  11/2-   1/2  26    0.03   23.30   23.30    2.87    6.15       5.83    5.83    0.00   -3.72      0.711   0.711   0.000
  12 1656.0   7/2-  -3/2  31   -1.32    4.97    4.97    2.13    1.16       9.31    9.31   -0.00   -1.73      1.135   1.135  -0.000
  13 1869.7   9/2-  -3/2  31   -0.56    5.49    5.49    1.33    1.94       8.86    8.86   -0.00   -0.63      1.080   1.080  -0.000
  14 2194.2   7/2-   1/2  26    0.09   22.88   22.88    2.82    6.03       8.23    8.23    0.00   -6.08      1.004   1.004   0.000
  15 2328.6   7/2-  -7/2  28   -3.29    6.23    6.23   12.02    3.12       7.73    7.73    0.00   -3.08      0.942   0.942   0.000
  
  16 2357.4  11/2-  -7/2  33   -1.59    2.45    2.45   13.40    2.45      12.36   12.36    0.00   -0.73      1.507   1.507   0.000
  17 2626.4   1/2-   1/2  35    0.50   11.18   11.18    0.25    0.97      10.84   10.84    0.00   -4.68      1.322   1.322   0.000
  18 2692.8   5/2-   5/2  27    0.47    4.14    4.14    3.91    1.17       7.02    7.02    0.00   -2.33      0.855   0.855   0.000
  19 2849.0   5/2-   5/2  27    0.75    4.30    4.30    4.33    1.19       7.31    7.31    0.00   -2.46      0.891   0.891   0.000
  20 2896.9   9/2-   5/2  32    0.14   23.76   23.76    5.82    5.14      13.46   13.46    0.00   -5.35      1.641   1.641   0.000
  
  21 2937.4  13/2-   9/2  34    1.98    2.82    2.82   17.37    3.14      13.97   13.97    0.00   -0.21      1.704   1.704   0.000
  22 3036.1   5/2-   1/2  35    0.50   11.33   11.33    0.26    1.67      10.90   10.90    0.00   -3.85      1.328   1.328   0.000
  23 3409.6   9/2-  -7/2  28   -1.42    4.76    4.76    5.81    1.28      13.65   13.65    0.00   -1.71      1.664   1.664   0.000
  24 3434.3  13/2-   5/2  32    0.08   23.77   23.77    5.79    5.08      15.59   15.59    0.00   -3.20      1.900   1.900   0.000
  25 3436.2  11/2- -11/2  25   -5.49    2.75    2.75   30.23    5.05       5.53    5.53    0.00   -1.66      0.674   0.674   0.000
  
  26 3470.8  11/2-   1/2  30    0.15    4.47    4.47    0.63    1.34      14.67   14.67    0.00   -0.29      1.789   1.789   0.000
  27 3854.8  13/2-  -7/2  33   -0.80    3.64    3.64    9.43    2.19      17.47   17.47    0.00   -0.25      2.130   2.130   0.000
  28 3933.5  13/2-  -3/2  31   -0.79    4.55    4.55    5.45    2.07      17.16   17.16    0.00   -0.01      2.092   2.092   0.000
  29 4114.8   1/2-   1/2  24    0.50    6.92    6.92    0.25    0.64       6.86    6.86   -0.00   -3.65      0.837   0.837  -0.000
  30 5023.2  13/2- -11/2  25   -5.48    2.75    2.75   30.20    4.32      12.05   12.05    0.00   -1.13      1.469   1.469   0.000
  
  31 5525.1   1/2-   1/2  38    0.50   15.91   15.91    0.25   -0.59      16.92   16.92    0.00   -5.60      2.063   2.063   0.000
  32 7486.4   1/2-   1/2  26    0.50   23.37   23.37    0.25   -3.43      26.84   26.84    0.00   -6.82      3.273   3.273   0.000
