1SPECTRUM OF (Z= 82 A=207) IN PARTICLE-ROTOR  MODEL WITH MODIFIED OSCILLATOR POTENTIAL


 PARITY=-   EPS= 0.476   GAMMA=  0.0   EPS4=0.000   EPS6=0.000   LEVELS:  25  26  27  28  29  30  31  32  33  34  35  36  37  38  39

 PAIRING FACTORS: GN0= 19.20  GN1=  7.40  IPAIR= 15 ***  E2PLUS(INPUT)=   0.730  E2PLUR(INPUT)=   0.000

 CORIOLIS ATTENUATION PARAMETERS:  CHSI=1.000  ETA=  1.00

 MOMENT OF INERTIA PARAMETERS:   A1=  0.122 MEV   A2=  0.122 MEV   A3=121.91923 MEV


 DELTA=0.848 MEV  LAMBDA=53.4515 MEV   HW0= 7.6295 MEV   LAMBDA/HW0= 7.0059

 E2ENERGY=0.730 MEV  HBAR**2/B=42011./A**(7/3)=7102.0/A**2 MEV

 IREC=0  =>  RECOIL TERMS j+j-, j+j+, jzjz, ETC TREATED AS ONE-BODY OPERATORS WITH UU+VV PAIRING FACTORS



 S. P. LEVEL   EQP       U     V        (UU + VV)**1.00

     25       4.129    0.103 0.995      1.000 1.000 0.996 0.992 0.976 0.973 0.936 0.665 0.589 0.355 0.305 0.285 0.261 0.249 0.199
     26       3.350    0.128 0.992      1.000 1.000 0.998 0.995 0.981 0.978 0.945 0.683 0.609 0.378 0.328 0.308 0.285 0.272 0.223
     27       2.246    0.192 0.981      0.996 0.998 1.000 0.999 0.992 0.990 0.964 0.729 0.660 0.438 0.390 0.370 0.347 0.335 0.286
     28       1.919    0.227 0.974      0.992 0.995 0.999 1.000 0.996 0.994 0.973 0.753 0.686 0.469 0.422 0.402 0.380 0.368 0.320
     29       1.408    0.317 0.948      0.976 0.981 0.992 0.996 1.000 1.000 0.990 0.812 0.751 0.550 0.505 0.487 0.465 0.454 0.408
     30       1.360    0.330 0.944      0.973 0.978 0.990 0.994 1.000 1.000 0.992 0.819 0.760 0.561 0.517 0.498 0.477 0.466 0.420
     31       1.062    0.446 0.895      0.936 0.945 0.964 0.973 0.990 0.992 1.000 0.885 0.835 0.661 0.620 0.603 0.583 0.573 0.530
     32       0.894    0.812 0.584      0.665 0.683 0.729 0.753 0.812 0.819 0.885 1.000 0.995 0.934 0.914 0.905 0.895 0.889 0.864
     33       0.975    0.864 0.503      0.589 0.609 0.660 0.686 0.751 0.760 0.835 0.995 1.000 0.965 0.949 0.942 0.934 0.929 0.909
     34       1.707    0.966 0.257      0.355 0.378 0.438 0.469 0.550 0.561 0.661 0.934 0.965 1.000 0.999 0.997 0.995 0.994 0.987
     35       2.110    0.979 0.205      0.305 0.328 0.390 0.422 0.505 0.517 0.620 0.914 0.949 0.999 1.000 1.000 0.999 0.998 0.994
     36       2.340    0.983 0.184      0.285 0.308 0.370 0.402 0.487 0.498 0.603 0.905 0.942 0.997 1.000 1.000 1.000 0.999 0.996
     37       2.683    0.987 0.160      0.261 0.285 0.347 0.380 0.465 0.477 0.583 0.895 0.934 0.995 0.999 1.000 1.000 1.000 0.998
     38       2.904    0.989 0.148      0.249 0.272 0.335 0.368 0.454 0.466 0.573 0.889 0.929 0.994 0.998 0.999 1.000 1.000 0.999
     39       4.399    0.995 0.097      0.199 0.223 0.286 0.320 0.408 0.420 0.530 0.864 0.909 0.987 0.994 0.996 0.998 0.999 1.000

  R CORE   ENERGY   A0R/A00=1.000    R3= 0     2  
   2( 1)    0.732                    1.000 0.000
   2( 2)  487.921                    0.000 1.000

  R CORE   ENERGY   A0R/A00=1.000    R3= 0     2  
   3( 1)  488.652                    0.000 1.000

  R CORE   ENERGY   A0R/A00=1.000    R3= 0     2     4  
   4( 1)    2.438                    1.000 0.000 0.000

  R CORE   ENERGY   A0R/A00=1.000    R3= 0     2     4  
   5( 1)  490.847                    0.000 1.000 0.000

  R CORE   ENERGY   A0R/A00=1.000    R3= 0     2     4     6  
   6( 1)    5.121                    1.000 0.000 0.000 0.000

  R CORE   ENERGY   A0R/A00=1.000    R3= 0     2     4     6  
   7( 1)  494.017                    0.000 1.000 0.000 0.000

          AXIAL SYMMETRY => K RESTRICTED TO OMEGA

                     K
     S.P. ORB#: 25  0.50
     S.P. ORB#: 26 -1.50
     S.P. ORB#: 27 -5.50
     S.P. ORB#: 28  2.50
     S.P. ORB#: 29 -3.50
     S.P. ORB#: 30  2.50
     S.P. ORB#: 31  0.50
     S.P. ORB#: 32  0.50
     S.P. ORB#: 33 -1.50
     S.P. ORB#: 34 -3.50
     S.P. ORB#: 35  0.50
     S.P. ORB#: 36 -3.50
     S.P. ORB#: 37 -1.50
     S.P. ORB#: 38  4.50
     S.P. ORB#: 39  4.50
 

             ENERGY    K= OMEGA
 
 I=  1/2- (1)  2.271  32: 0.999
 
 I=  1/2- (2)  4.282  31: 0.926
                      35:-0.378
 
 I=  1/2- (3)  5.925  25: 0.999
 
 I=  1/2- (4)  6.390  31:-0.378
                      35:-0.926
 
 I=  1/2- (5)147.278  33:-1.000

             ENERGY    K= OMEGA
 
 I=  3/2- (1)  2.306  32: 0.666
                      33:-0.746
 
 I=  3/2- (2)  2.524  25:-0.149
                      32:-0.737
                      33:-0.660
 
 I=  3/2- (3)  4.368  26:-0.085
                      31:-0.968
                      35:-0.125
                      37:-0.201
 
 I=  3/2- (4)  6.607  26: 0.105
                      31:-0.073
                      35: 0.951
                      37:-0.282
 
 I=  3/2- (5)  6.663  25: 0.989
                      32:-0.119
                      33:-0.089

             ENERGY    K= OMEGA
 
 I=  5/2- (1)  2.735  25: 0.202
                      28:-0.071
                      32:-0.523
                      33:-0.825
 
 I=  5/2- (2)  3.475  25: 0.057
                      28: 0.179
                      32:-0.830
                      33: 0.525
 
 I=  5/2- (3)  3.739  28:-0.981
                      32:-0.114
                      33: 0.155
 
 I=  5/2- (4)  4.607  26:-0.122
                      30: 0.102
                      31: 0.827
                      35:-0.479
                      37:-0.247
 
 I=  5/2- (5)  6.342  26: 0.482
                      30:-0.843
                      35:-0.233

             ENERGY    K= OMEGA
 
 I=  7/2- (1)  3.217  28:-0.246
                      29: 0.112
                      33: 0.069
                      36: 0.960
 
 I=  7/2- (2)  3.342  28:-0.191
                      29:-0.976
                      33: 0.080
                      36: 0.058
 
 I=  7/2- (3)  3.520  29: 0.087
                      32:-0.780
                      33: 0.612
                      36:-0.085
 
 I=  7/2- (4)  3.864  25:-0.265
                      28: 0.091
                      32:-0.590
                      33:-0.752
                      36: 0.067
 
 I=  7/2- (5)  4.681  26:-0.284
                      30:-0.291
                      31:-0.824
                      34:-0.118
                      35:-0.252
                      37:-0.279

             ENERGY    K= OMEGA
 
 I=  9/2- (1)  3.638  28:-0.156
                      29: 0.507
                      36:-0.277
                      38:-0.800
 
 I=  9/2- (2)  4.204  25: 0.262
                      28:-0.224
                      29:-0.146
                      32:-0.449
                      33:-0.634
                      36:-0.481
                      38: 0.153
 
 I=  9/2- (3)  4.285  25:-0.184
                      28:-0.187
                      29:-0.259
                      32: 0.327
                      33: 0.418
                      36:-0.755
                      38: 0.110
 
 I=  9/2- (4)  4.724  28:-0.282
                      29: 0.772
                      32: 0.068
                      36:-0.056
                      38: 0.561
 
 I=  9/2- (5)  5.207  26: 0.391
                      30:-0.558
                      31:-0.466
                      34: 0.429
                      35: 0.224
                      37: 0.197
                      39:-0.214

             ENERGY    K= OMEGA
 
 I= 11/2- (1)  3.585  27: 0.999
 
 I= 11/2- (2)  4.700  28:-0.197
                      29:-0.546
                      36: 0.315
                      38:-0.749
 
 I= 11/2- (3)  5.152  26:-0.411
                      30:-0.539
                      31:-0.474
                      34:-0.433
                      35:-0.175
                      37:-0.190
                      39:-0.248
 
 I= 11/2- (4)  5.522  28: 0.342
                      29:-0.300
                      32: 0.125
                      33:-0.189
                      36:-0.830
                      38:-0.230
 
 I= 11/2- (5)  5.706  25: 0.104
                      29: 0.088
                      32: 0.838
                      33:-0.488
                      36: 0.204

             ENERGY    K= OMEGA
 
 I= 13/2- (1)  5.167  27: 0.997
                      38:-0.066
 
 I= 13/2- (2)  5.806  26:-0.394
                      30: 0.584
                      31: 0.223
                      34:-0.557
                      35:-0.067
                      37:-0.115
                      39: 0.355
 
 I= 13/2- (3)  6.031  27:-0.070
                      28:-0.229
                      29: 0.559
                      33:-0.061
                      36:-0.338
                      38:-0.715
 
 I= 13/2- (4)  6.594  25: 0.400
                      28:-0.103
                      29:-0.070
                      32:-0.551
                      33:-0.710
                      36:-0.068
                      38: 0.109
 
 I= 13/2- (5)  7.060  25:-0.066
                      28:-0.352
                      29:-0.323
                      32: 0.105
                      33: 0.081
                      36:-0.832
                      38: 0.239

             ENERGY     K= 9/2
  35 LEVELS    TIME=  0.0 SEC



 ******************* EXCITATION ENERGIES, DOMINANT CONFIGURATION AND EXPECTATION VALUES (WITH S.P. UU+VV FACTORS) *******************

  NR  Eex(keV)  I   Kdom  NY    <Jz>  <Jx**2> <Jy**2> <Jz**2> <I.j>/|I|  <Rx**2> <Ry**2> <Rz**2> <R.j>/|R|  <HROTx> <HROTy> <HROTz>

   1    0.0   1/2-   1/2  32    0.50    5.24    5.24    0.25    0.13       5.62    5.62   -0.00   -3.16      0.685   0.685  -0.000
   2   34.8   3/2-  -3/2  33   -0.61    5.22    5.22    1.36    1.12       5.60    5.60    0.00   -2.88      0.683   0.683   0.000
   3  253.4   3/2-   1/2  32   -0.37    5.22    5.22    1.12    0.73       6.25    6.25    0.00   -2.87      0.762   0.762   0.000
   4  463.7   5/2-  -3/2  33   -0.85    5.38    5.38    1.64    1.29       6.76    6.76    0.00   -2.33      0.824   0.824   0.000
   5  945.9   7/2-  -7/2  36   -3.12    2.50    2.50   11.83    3.15       3.78    3.78   -0.00   -1.57      0.461   0.461  -0.000
  
   6 1071.2   7/2-  -7/2  29   -3.26    6.33    6.33   11.94    3.11       7.86    7.86    0.00   -3.10      0.958   0.958   0.000
   7 1204.2   5/2-   1/2  32    0.01    5.28    5.28    0.99   -0.06      10.32   10.32    0.00   -2.58      1.258   1.258   0.000
   8 1249.4   7/2-   1/2  32   -0.31    5.20    5.20    1.18    0.78      10.55   10.55    0.00   -1.84      1.287   1.287   0.000
   9 1314.4  11/2- -11/2  27   -5.48    2.75    2.75   30.23    5.06       5.49    5.49    0.00   -1.65      0.669   0.669   0.000
  10 1367.6   9/2-   9/2  38    1.77    3.54    3.54   17.21    3.95       4.87    4.87    0.00   -1.49      0.594   0.594   0.000
  
  11 1468.3   5/2-   5/2  28    2.38    6.12    6.12    6.08    2.00       7.61    7.61   -0.00   -3.18      0.928   0.928  -0.000
  12 1593.1   7/2-  -3/2  33   -0.64    5.31    5.31    1.51    0.74      10.99   10.99    0.00   -1.96      1.340   1.340   0.000
  13 1932.9   9/2-  -3/2  33   -1.12    4.71    4.71    4.86    1.77      10.71   10.71   -0.00   -1.18      1.305   1.305  -0.000
  14 2010.8   1/2-   1/2  31    0.50   12.88   12.88    0.25    0.91      12.59   12.59    0.00   -5.03      1.535   1.535   0.000
  15 2013.7   9/2-  -7/2  36   -2.28    3.60    3.60    8.70    2.15       9.63    9.63   -0.00   -1.19      1.174   1.174  -0.000
  
  16 2097.3   3/2-   1/2  31    0.40   14.34   14.34    0.35    1.67      13.16   13.16    0.00   -5.03      1.604   1.604   0.000
  17 2336.0   5/2-   1/2  31    0.37   13.47   13.47    0.46    1.72      12.99   12.99    0.00   -4.38      1.584   1.584   0.000
  18 2409.7   7/2-   1/2  31    0.30   16.65   16.65    1.24    3.02      13.15   13.15    0.00   -4.40      1.603   1.603   0.000
  19 2429.6  11/2-   9/2  38    1.22    3.78    3.78   16.52    3.40       9.59    9.59    0.00   -0.86      1.170   1.170   0.000
  20 2453.1   9/2-  -7/2  29   -0.49    5.07    5.07   14.21    2.62      11.50   11.50    0.00   -2.36      1.401   1.401   0.000
  
  21 2880.9  11/2-   5/2  30    0.17   20.66   20.66    5.89    4.74      13.12   13.12    0.00   -3.68      1.600   1.600   0.000
  22 2896.0  13/2- -11/2  27   -5.45    2.75    2.75   30.19    4.33      11.97   11.97    0.00   -1.11      1.459   1.459   0.000
  23 2936.0   9/2-   5/2  30    0.19   20.03   20.03    5.63    4.35      13.60   13.60    0.00   -4.62      1.658   1.658   0.000
  24 3250.8  11/2-  -7/2  36   -2.24    3.10    3.10   11.42    2.16      13.76   13.76   -0.00   -0.90      1.678   1.678  -0.000
  25 3435.4  11/2-   1/2  32   -0.17    5.08    5.08    1.32    0.73      19.25   19.25    0.00   -1.15      2.347   2.347   0.000
  
  26 3534.8  13/2-   5/2  30    0.11   21.95   21.95    8.88    5.13      14.93   14.93    0.00   -3.10      1.820   1.820   0.000
  27 3654.1   1/2-   1/2  25    0.50    7.45    7.45    0.25    0.65       7.39    7.39    0.00   -3.80      0.901   0.901   0.000
  28 3759.8  13/2-   9/2  38    0.91    3.91    3.91   16.05    3.01      15.26   15.26    0.00   -0.51      1.861   1.861   0.000
  29 4070.9   5/2-   5/2  30    1.45   22.39   22.39    4.98    3.68      18.36   18.36    0.00   -6.41      2.239   2.239   0.000
  30 4119.3   1/2-   1/2  35    0.50   17.04   17.04    0.25   -0.72      18.17   18.17    0.00   -5.80      2.215   2.215   0.000
  
  31 4322.9  13/2-  -3/2  33   -0.48    5.65    5.65    1.68    1.43      20.91   20.91    0.00   -0.47      2.549   2.549   0.000
  32 4336.3   3/2-   1/2  35    0.32   15.97   15.97    0.43   -0.08      18.22   18.22    0.00   -5.39      2.222   2.222   0.000
  33 4391.9   3/2-   1/2  25    0.48    7.48    7.48    0.27   -0.62      10.68   10.68    0.00   -3.55      1.302   1.302   0.000
  34 4789.0  13/2-  -7/2  36   -2.23    3.09    3.09   11.72    1.92      19.91   19.91   -0.00   -0.71      2.427   2.427  -0.000
  35*******   1/2-  -3/2  33    0.00    0.00    0.00    0.00   -0.00       0.00    0.00    0.00   -0.00      0.000   0.000   0.000
  
