1SPECTRUM OF (Z= 82 A=207) IN PARTICLE-ROTOR  MODEL WITH MODIFIED OSCILLATOR POTENTIAL


 PARITY=-   EPS= 0.312   GAMMA=  0.0   EPS4=0.000   EPS6=0.000   LEVELS:  25  26  27  28  29  30  31  32  33  34  35  36  37  38  39

 PAIRING FACTORS: GN0= 19.20  GN1=  7.40  IPAIR= 15 ***  E2PLUS(INPUT)=   0.730  E2PLUR(INPUT)=   0.000

 CORIOLIS ATTENUATION PARAMETERS:  CHSI=1.000  ETA=  1.00

 MOMENT OF INERTIA PARAMETERS:   A1=  0.122 MEV   A2=  0.122 MEV   A3=121.91923 MEV


 DELTA=0.941 MEV  LAMBDA=53.2926 MEV   HW0= 7.4986 MEV   LAMBDA/HW0= 7.1070

 E2ENERGY=0.730 MEV  HBAR**2/B=18049./A**(7/3)=3051.2/A**2 MEV

 IREC=0  =>  RECOIL TERMS j+j-, j+j+, jzjz, ETC TREATED AS ONE-BODY OPERATORS WITH UU+VV PAIRING FACTORS



 S. P. LEVEL   EQP       U     V        (UU + VV)**1.00

     25       4.138    0.114 0.993      1.000 1.000 0.998 0.970 0.965 0.956 0.928 0.864 0.790 0.505 0.325 0.303 0.301 0.269 0.262
     26       3.302    0.144 0.990      1.000 1.000 1.000 0.977 0.972 0.965 0.938 0.878 0.808 0.530 0.353 0.331 0.329 0.298 0.291
     27       2.747    0.174 0.985      0.998 1.000 1.000 0.983 0.979 0.972 0.949 0.893 0.825 0.555 0.381 0.360 0.358 0.326 0.320
     28       1.423    0.353 0.935      0.970 0.977 0.983 1.000 1.000 0.999 0.991 0.961 0.916 0.700 0.546 0.527 0.525 0.496 0.490
     29       1.365    0.371 0.929      0.965 0.972 0.979 1.000 1.000 1.000 0.993 0.966 0.923 0.713 0.561 0.543 0.541 0.512 0.506
     30       1.283    0.400 0.916      0.956 0.965 0.972 0.999 1.000 1.000 0.996 0.973 0.935 0.735 0.587 0.569 0.567 0.539 0.533
     31       1.122    0.477 0.879      0.928 0.938 0.949 0.991 0.993 0.996 1.000 0.989 0.962 0.790 0.654 0.637 0.635 0.609 0.603
     32       0.980    0.599 0.801      0.864 0.878 0.893 0.961 0.966 0.973 0.989 1.000 0.991 0.871 0.757 0.742 0.741 0.718 0.713
     33       0.941    0.700 0.714      0.790 0.808 0.825 0.916 0.923 0.935 0.962 0.991 1.000 0.928 0.837 0.824 0.823 0.803 0.799
     34       1.277    0.915 0.402      0.505 0.530 0.555 0.700 0.713 0.735 0.790 0.871 0.928 1.000 0.980 0.976 0.975 0.967 0.965
     35       2.248    0.977 0.214      0.325 0.353 0.381 0.546 0.561 0.587 0.654 0.757 0.837 0.980 1.000 1.000 1.000 0.998 0.998
     36       2.494    0.981 0.192      0.303 0.331 0.360 0.527 0.543 0.569 0.637 0.742 0.824 0.976 1.000 1.000 1.000 0.999 0.999
     37       2.520    0.982 0.190      0.301 0.329 0.358 0.525 0.541 0.567 0.635 0.741 0.823 0.975 1.000 1.000 1.000 0.999 0.999
     38       3.033    0.988 0.157      0.269 0.298 0.326 0.496 0.512 0.539 0.609 0.718 0.803 0.967 0.998 0.999 0.999 1.000 1.000
     39       3.171    0.989 0.150      0.262 0.291 0.320 0.490 0.506 0.533 0.603 0.713 0.799 0.965 0.998 0.999 0.999 1.000 1.000

  R CORE   ENERGY   A0R/A00=1.000    R3= 0     2  
   2( 1)    0.732                    1.000 0.000
   2( 2)  487.921                    0.000 1.000

  R CORE   ENERGY   A0R/A00=1.000    R3= 0     2  
   3( 1)  488.652                    0.000 1.000

  R CORE   ENERGY   A0R/A00=1.000    R3= 0     2     4  
   4( 1)    2.438                    1.000 0.000 0.000

  R CORE   ENERGY   A0R/A00=1.000    R3= 0     2     4  
   5( 1)  490.847                    0.000 1.000 0.000

  R CORE   ENERGY   A0R/A00=1.000    R3= 0     2     4     6  
   6( 1)    5.121                    1.000 0.000 0.000 0.000

  R CORE   ENERGY   A0R/A00=1.000    R3= 0     2     4     6  
   7( 1)  494.017                    0.000 1.000 0.000 0.000

          AXIAL SYMMETRY => K RESTRICTED TO OMEGA

                     K
     S.P. ORB#: 25  0.50
     S.P. ORB#: 26  2.50
     S.P. ORB#: 27 -3.50
     S.P. ORB#: 28  0.50
     S.P. ORB#: 29  0.50
     S.P. ORB#: 30 -1.50
     S.P. ORB#: 31 -3.50
     S.P. ORB#: 32 -1.50
     S.P. ORB#: 33  4.50
     S.P. ORB#: 34  2.50
     S.P. ORB#: 35 -1.50
     S.P. ORB#: 36 -3.50
     S.P. ORB#: 37  2.50
     S.P. ORB#: 38  0.50
     S.P. ORB#: 39  0.50
 

             ENERGY    K= OMEGA
 
 I=  1/2- (1)  2.633  28:-0.998
                      39:-0.052
 
 I=  1/2- (2)  3.502  25:-0.070
                      39:-0.996
 
 I=  1/2- (3)  5.673  25: 0.997
                      39:-0.067
 
 I=  1/2- (4)  6.178  29:-0.508
                      38: 0.861
 
 I=  1/2- (5)  8.839  29: 0.861
                      38: 0.508

             ENERGY    K= OMEGA
 
 I=  3/2- (1)  2.465  25:-0.166
                      28:-0.232
                      30:-0.864
                      35:-0.396
                      39: 0.123
 
 I=  3/2- (2)  2.537  25: 0.089
                      28: 0.752
                      30:-0.448
                      35: 0.469
                      39:-0.074

             ENERGY    K= OMEGA
 
 I=  5/2- (1)  2.493  25:-0.245
                      28: 0.438
                      30: 0.730
                      35:-0.185
                      37:-0.397
                      39: 0.154
 
 I=  5/2- (2)  3.186  25: 0.059
                      26:-0.064
                      28: 0.274
                      30:-0.451
                      35:-0.807
                      37:-0.228
                      39:-0.104
 
 I=  5/2- (3)  3.302  25: 0.131
                      28:-0.512
                      35: 0.112
                      37:-0.832
                      39:-0.119
 
 I=  5/2- (4)  4.130  28: 0.579
                      30:-0.458
                      35: 0.495
                      37:-0.309
                      39: 0.338
 
 I=  5/2- (5)  4.356  25:-0.168
                      28: 0.300
                      35: 0.226
                      39:-0.909

             ENERGY    K= OMEGA
 
 I=  7/2- (1)  1.903  26:-0.204
                      27: 0.056
                      31: 0.977
 
 I=  7/2- (2)  3.281  25:-0.120
                      28: 0.224
                      30:-0.726
                      35: 0.237
                      37:-0.589
                      39: 0.058
 
 I=  7/2- (3)  3.339  29: 0.729
                      32: 0.577
                      34: 0.341
                      36: 0.138
 
 I=  7/2- (4)  3.397  25:-0.297
                      28:-0.715
                      30:-0.320
                      35:-0.509
                      39: 0.192
 
 I=  7/2- (5)  4.299  26: 0.109
                      27: 0.265
                      28: 0.463
                      30:-0.474
                      35:-0.345
                      37: 0.600

             ENERGY    K= OMEGA
 
 I=  9/2- (1)  1.802  26:-0.068
                      27: 0.209
                      31:-0.206
                      33:-0.954
 
 I=  9/2- (2)  2.836  26: 0.280
                      27: 0.091
                      30: 0.054
                      31: 0.931
                      33:-0.201
                      37:-0.051
 
 I=  9/2- (3)  3.472  25:-0.357
                      28: 0.483
                      30: 0.666
                      31:-0.066
                      35:-0.209
                      37:-0.335
                      39: 0.187
 
 I=  9/2- (4)  4.533  29: 0.235
                      32:-0.592
                      34: 0.653
                      36:-0.409
 
 I=  9/2- (5)  4.971  25:-0.130
                      26: 0.108
                      27:-0.112
                      28:-0.128
                      30: 0.393
                      35: 0.781
                      37: 0.363
                      39: 0.208

             ENERGY    K= OMEGA
 
 I= 11/2- (1)  2.622  29:-0.687
                      32:-0.579
                      34:-0.389
                      36:-0.196
                      38:-0.054
 
 I= 11/2- (2)  2.862  26:-0.115
                      27:-0.283
                      31: 0.286
                      33:-0.908
 
 I= 11/2- (3)  3.998  26:-0.328
                      27: 0.127
                      30: 0.062
                      31: 0.887
                      33: 0.282
                      37: 0.062
 
 I= 11/2- (4)  5.142  25:-0.307
                      28:-0.137
                      30:-0.770
                      31: 0.088
                      37:-0.509
                      39: 0.155
 
 I= 11/2- (5)  5.211  25:-0.250
                      28:-0.740
                      30: 0.060
                      35:-0.535
                      37: 0.270
                      39: 0.155

             ENERGY    K= OMEGA
 
 I= 13/2- (1)  4.141  26:-0.158
                      27: 0.330
                      31:-0.340
                      33:-0.866
 
 I= 13/2- (2)  4.834  29:-0.224
                      32: 0.572
                      34:-0.658
                      36: 0.435
 
 I= 13/2- (3)  5.302  25:-0.352
                      26: 0.206
                      27: 0.101
                      28: 0.399
                      30: 0.539
                      31: 0.471
                      33:-0.182
                      35:-0.140
                      37:-0.267
                      39: 0.165
 
 I= 13/2- (4)  5.448  25:-0.243
                      26:-0.297
                      27:-0.125
                      28: 0.297
                      30: 0.338
                      31:-0.708
                      33: 0.287
                      35:-0.148
                      37:-0.127
                      39: 0.113
 
 I= 13/2- (5)  7.695  25: 0.168
                      26:-0.107
                      27: 0.116
                      30:-0.284
                      31: 0.067
                      33: 0.060
                      35:-0.733
                      37:-0.495
                      39:-0.273

             ENERGY     K= 1/2
  32 LEVELS    TIME=  0.0 SEC



 ******************* EXCITATION ENERGIES, DOMINANT CONFIGURATION AND EXPECTATION VALUES (WITH S.P. UU+VV FACTORS) *******************

  NR  Eex(keV)  I   Kdom  NY    <Jz>  <Jx**2> <Jy**2> <Jz**2> <I.j>/|I|  <Rx**2> <Ry**2> <Rz**2> <R.j>/|R|  <HROTx> <HROTy> <HROTz>

   1    0.0   9/2-   9/2  33    3.80    2.56    2.56   19.50    4.33       3.13    3.13    0.00   -1.22      0.382   0.382   0.001
   2  101.3   7/2-  -7/2  31   -3.24    2.31    2.31   11.99    3.37       2.81    2.81    0.00   -1.37      0.342   0.342   0.000
   3  663.2   3/2-  -3/2  30   -1.31    3.85    3.85    2.06    1.55       3.76    3.76   -0.00   -2.47      0.459   0.459  -0.000
   4  690.6   5/2-  -3/2  30   -0.32    4.45    4.45    2.33    2.35       3.03    3.03   -0.00   -1.74      0.369   0.369  -0.000
   5  735.2   3/2-   1/2  28   -0.34    4.06    4.06    1.09    1.38       3.81    3.81    0.00   -2.37      0.465   0.465   0.000
  
   6  819.8  11/2-   1/2  29   -0.02   24.99   24.99    2.29    6.43       5.54    5.54    0.00   -4.15      0.676   0.676   0.000
   7  831.0   1/2-   1/2  28    0.50    4.71    4.71    0.25    0.33       4.93    4.93   -0.00   -2.99      0.601   0.601  -0.000
   8 1033.5   9/2-  -7/2  31   -2.68    2.43    2.43   12.05    2.92       6.28    6.28    0.00   -0.66      0.766   0.766   0.000
   9 1059.9  11/2-   9/2  33    3.18    2.79    2.79   18.77    3.84       7.09    7.09    0.00   -0.37      0.865   0.865   0.001
  10 1384.1   5/2-  -3/2  35   -1.10    2.25    2.25    2.29    1.02       4.76    4.76   -0.00   -1.23      0.581   0.581  -0.000
  
  11 1479.0   7/2-  -3/2  30    0.02    3.69    3.69    3.53    1.85       5.98    5.98   -0.00   -1.03      0.729   0.729  -0.000
  12 1499.8   5/2-   5/2  37    1.85    2.73    2.73    4.43    1.71       4.26    4.26    0.00   -1.66      0.519   0.519   0.000
  13 1536.5   7/2-   1/2  29   -0.01   24.51   24.51    1.84    6.23       8.57    8.57    0.00   -6.31      1.045   1.045   0.000
  14 1595.3   7/2-   1/2  28   -0.22    3.50    3.50    0.99    1.47       6.02    6.02    0.00   -0.62      0.734   0.734   0.000
  15 1670.1   9/2-  -3/2  30   -0.27    4.78    4.78    1.96    2.37       6.34    6.34   -0.00    0.08      0.774   0.774  -0.000
  
  16 1699.6   1/2-   1/2  39    0.50    1.48    1.48    0.25    0.72       1.35    1.35    0.00   -1.57      0.165   0.165   0.000
  17 2196.1  11/2-  -7/2  31   -2.18    2.52    2.52   12.16    2.63      10.75   10.75    0.00   -0.32      1.310   1.310   0.000
  18 2328.3   5/2-   1/2  28   -0.22    3.56    3.56    1.74   -0.11       9.14    9.14    0.00   -2.15      1.114   1.114   0.000
  19 2338.6  13/2-   9/2  33    2.65    3.00    3.00   18.10    3.50      11.99   11.99    0.00    0.07      1.461   1.461   0.000
  20 2496.9   7/2-   5/2  37    0.27    3.23    3.23    4.01    0.93       9.42    9.42    0.00   -1.56      1.149   1.149   0.000
  
  21 2554.1   5/2-   1/2  39    0.40    1.76    1.76    0.37    0.25       5.60    5.60    0.00   -0.95      0.682   0.682   0.000
  22 2730.4   9/2-   5/2  34   -0.02   24.97   24.97    5.52    5.46      12.92   12.92    0.00   -5.56      1.575   1.575   0.000
  23 3032.2  13/2-   5/2  34   -0.04   24.95   24.95    5.77    5.47      14.02   14.02    0.00   -3.30      1.709   1.709   0.000
  24 3168.4   9/2-  -3/2  35   -0.80    2.15    2.15    2.83    0.93      11.33   11.33    0.00   -0.53      1.381   1.381   0.000
  25 3339.5  11/2-  -3/2  30   -0.20    3.97    3.97    3.12    1.71      13.21   13.21   -0.00   -0.17      1.610   1.610  -0.000
  
  26 3409.1  11/2-   1/2  28    0.06    3.39    3.39    1.30    1.43      13.36   13.36    0.00    0.09      1.629   1.629   0.000
  27 3499.8  13/2-  -3/2  30   -0.69    4.25    4.25    5.00    2.44      14.07   14.07    0.00    0.67      1.715   1.715   0.000
  28 3645.4  13/2-  -7/2  31   -1.31    3.38    3.38    9.00    2.37      15.69   15.69    0.00    0.14      1.913   1.913   0.000
  29 3870.9   1/2-   1/2  25    0.50    6.42    6.42    0.25    0.67       6.33    6.33    0.00   -3.51      0.772   0.772   0.000
  30 4375.8   1/2-   1/2  38    0.50   12.63   12.63    0.25   -1.78      14.66   14.66   -0.00   -4.99      1.788   1.788  -0.000
  
  31 5893.3  13/2-  -3/2  35   -0.28    2.07    2.07    3.31    0.89      21.85   21.85    0.00   -0.18      2.664   2.664   0.000
  32 7036.5   1/2-   1/2  29    0.50   25.29   25.29    0.25   -3.57      28.88   28.88    0.00   -7.10      3.521   3.521   0.000
