1SPECTRUM OF (Z= 82 A=207) IN PARTICLE-ROTOR  MODEL WITH MODIFIED OSCILLATOR POTENTIAL


 PARITY=-   EPS= 0.384   GAMMA=  0.0   EPS4=0.000   EPS6=0.000   LEVELS:  26  27  28  29  30  31  32  33  34  35  36  37  38  39  40

 PAIRING FACTORS: GN0= 19.20  GN1=  7.40  IPAIR= 15 ***  E2PLUS(INPUT)=   0.730  E2PLUR(INPUT)=   0.000

 CORIOLIS ATTENUATION PARAMETERS:  CHSI=1.000  ETA=  1.00

 MOMENT OF INERTIA PARAMETERS:   A1=  0.122 MEV   A2=  0.122 MEV   A3=121.91922 MEV


 DELTA=0.858 MEV  LAMBDA=53.4578 MEV   HW0= 7.5476 MEV   LAMBDA/HW0= 7.0828

 E2ENERGY=0.730 MEV  HBAR**2/B=27341./A**(7/3)=4622.0/A**2 MEV

 IREC=0  =>  RECOIL TERMS j+j-, j+j+, jzjz, ETC TREATED AS ONE-BODY OPERATORS WITH UU+VV PAIRING FACTORS



 S. P. LEVEL   EQP       U     V        (UU + VV)**1.00

     26       2.861    0.152 0.988      1.000 1.000 0.999 0.996 0.952 0.924 0.838 0.643 0.477 0.438 0.365 0.284 0.273 0.273 0.266
     27       2.829    0.153 0.988      1.000 1.000 0.999 0.996 0.953 0.924 0.839 0.644 0.478 0.440 0.366 0.286 0.275 0.275 0.267
     28       2.270    0.193 0.981      0.999 0.999 1.000 0.999 0.964 0.939 0.860 0.674 0.513 0.475 0.403 0.324 0.313 0.313 0.305
     29       1.868    0.236 0.972      0.996 0.996 0.999 1.000 0.975 0.953 0.882 0.706 0.550 0.514 0.444 0.366 0.355 0.355 0.348
     30       1.073    0.447 0.895      0.952 0.953 0.964 0.975 1.000 0.997 0.965 0.846 0.723 0.692 0.632 0.564 0.554 0.554 0.548
     31       0.967    0.519 0.855      0.924 0.924 0.939 0.953 0.997 1.000 0.983 0.887 0.777 0.749 0.694 0.630 0.621 0.621 0.615
     32       0.863    0.667 0.745      0.838 0.839 0.860 0.882 0.965 0.983 1.000 0.957 0.879 0.858 0.814 0.761 0.754 0.754 0.749
     33       0.967    0.855 0.519      0.643 0.644 0.674 0.706 0.846 0.887 0.957 1.000 0.980 0.970 0.948 0.917 0.913 0.913 0.909
     34       1.349    0.941 0.338      0.477 0.478 0.513 0.550 0.723 0.777 0.879 0.980 1.000 0.999 0.992 0.978 0.976 0.976 0.974
     35       1.513    0.955 0.297      0.438 0.440 0.475 0.514 0.692 0.749 0.858 0.970 0.999 1.000 0.997 0.986 0.984 0.984 0.983
     36       2.004    0.976 0.219      0.365 0.366 0.403 0.444 0.632 0.694 0.814 0.948 0.992 0.997 1.000 0.996 0.995 0.995 0.995
     37       3.200    0.991 0.135      0.284 0.286 0.324 0.366 0.564 0.630 0.761 0.917 0.978 0.986 0.996 1.000 1.000 1.000 1.000
     38       3.478    0.992 0.124      0.273 0.275 0.313 0.355 0.554 0.621 0.754 0.913 0.976 0.984 0.995 1.000 1.000 1.000 1.000
     39       3.488    0.992 0.124      0.273 0.275 0.313 0.355 0.554 0.621 0.754 0.913 0.976 0.984 0.995 1.000 1.000 1.000 1.000
     40       3.710    0.993 0.116      0.266 0.267 0.305 0.348 0.548 0.615 0.749 0.909 0.974 0.983 0.995 1.000 1.000 1.000 1.000

  R CORE   ENERGY   A0R/A00=1.000    R3= 0     2  
   2( 1)    0.732                    1.000 0.000
   2( 2)  487.921                    0.000 1.000

  R CORE   ENERGY   A0R/A00=1.000    R3= 0     2  
   3( 1)  488.652                    0.000 1.000

  R CORE   ENERGY   A0R/A00=1.000    R3= 0     2     4  
   4( 1)    2.438                    1.000 0.000 0.000

  R CORE   ENERGY   A0R/A00=1.000    R3= 0     2     4  
   5( 1)  490.847                    0.000 1.000 0.000

  R CORE   ENERGY   A0R/A00=1.000    R3= 0     2     4     6  
   6( 1)    5.121                    1.000 0.000 0.000 0.000

  R CORE   ENERGY   A0R/A00=1.000    R3= 0     2     4     6  
   7( 1)  494.017                    0.000 1.000 0.000 0.000

          AXIAL SYMMETRY => K RESTRICTED TO OMEGA

                     K
     S.P. ORB#: 26  0.50
     S.P. ORB#: 27  2.50
     S.P. ORB#: 28 -3.50
     S.P. ORB#: 29 -1.50
     S.P. ORB#: 30  0.50
     S.P. ORB#: 31 -1.50
     S.P. ORB#: 32  2.50
     S.P. ORB#: 33 -3.50
     S.P. ORB#: 34  4.50
     S.P. ORB#: 35  0.50
     S.P. ORB#: 36 -3.50
     S.P. ORB#: 37 -1.50
     S.P. ORB#: 38  0.50
     S.P. ORB#: 39  2.50
     S.P. ORB#: 40 -1.50
 

             ENERGY    K= OMEGA
 
 I=  1/2- (1)  2.373  30: 1.000
 
 I=  1/2- (2)  4.469  26:-0.192
                      35: 0.910
                      38:-0.366
 
 I=  1/2- (3)  7.368  26:-0.367
                      35: 0.280
                      38: 0.887
 
 I=  1/2- (4)  9.329  26: 0.910
                      35: 0.305
                      38: 0.280
 
 I=  1/2- (5)147.270  31:-1.000

             ENERGY    K= OMEGA
 
 I=  3/2- (1)  2.271  30: 0.450
                      31:-0.892
 
 I=  3/2- (2)  2.634  30:-0.866
                      31:-0.444
                      37:-0.229

             ENERGY    K= OMEGA
 
 I=  5/2- (1)  2.732  30: 0.398
                      31: 0.880
                      37:-0.081
                      39:-0.245
 
 I=  5/2- (2)  3.365  27: 0.057
                      30:-0.841
                      31: 0.385
                      37: 0.364
                      39:-0.093
 
 I=  5/2- (3)  4.207  27:-0.160
                      30:-0.205
                      31:-0.173
                      37:-0.473
                      39:-0.824
 
 I=  5/2- (4)  4.502  26:-0.146
                      29: 0.073
                      35: 0.790
                      38:-0.506
                      40: 0.305
 
 I=  5/2- (5)  4.606  27:-0.907
                      30:-0.118
                      31: 0.156
                      37:-0.221
                      39: 0.300

             ENERGY    K= OMEGA
 
 I=  7/2- (1)  1.840  27: 0.157
                      33:-0.986
 
 I=  7/2- (2)  3.309  30: 0.563
                      31:-0.751
                      37: 0.179
                      39:-0.292
 
 I=  7/2- (3)  4.005  27: 0.075
                      30:-0.733
                      31:-0.545
                      37:-0.339
                      39:-0.211
 
 I=  7/2- (4)  4.037  26:-0.627
                      29:-0.585
                      32:-0.468
                      36:-0.206
 
 I=  7/2- (5)  4.159  27:-0.193
                      28:-0.975
                      39:-0.094

             ENERGY    K= OMEGA
 
 I=  9/2- (1)  2.276  27:-0.087
                      28: 0.163
                      33:-0.353
                      34:-0.917
 
 I=  9/2- (2)  2.901  27: 0.210
                      28: 0.099
                      33: 0.904
                      34:-0.352
                      39:-0.052
 
 I=  9/2- (3)  4.272  30:-0.440
                      31:-0.787
                      33: 0.061
                      37: 0.195
                      39: 0.378
 
 I=  9/2- (4)  4.716  26:-0.188
                      29: 0.534
                      32:-0.692
                      35:-0.118
                      36: 0.418
                      38: 0.054
                      40:-0.098
 
 I=  9/2- (5)  5.243  27:-0.186
                      28: 0.332
                      30: 0.657
                      31:-0.436
                      33: 0.056
                      34: 0.061
                      37:-0.463
                      39: 0.112

             ENERGY    K= OMEGA
 
 I= 11/2- (1)  3.405  26: 0.591
                      29: 0.575
                      32: 0.469
                      35: 0.186
                      36: 0.231
                      38: 0.052
                      40:-0.096
 
 I= 11/2- (2)  3.415  27: 0.137
                      28: 0.221
                      33:-0.443
                      34: 0.858
 
 I= 11/2- (3)  4.187  27:-0.246
                      28: 0.149
                      31: 0.068
                      33: 0.845
                      34: 0.439
                      39: 0.074
 
 I= 11/2- (4)  5.067  26:-0.260
                      29:-0.100
                      35: 0.821
                      38: 0.269
                      40:-0.418
 
 I= 11/2- (5)  5.267  30: 0.577
                      31:-0.678
                      33: 0.081
                      37: 0.264
                      39:-0.359

             ENERGY    K= OMEGA
 
 I= 13/2- (1)  4.783  27:-0.179
                      28: 0.260
                      33:-0.490
                      34:-0.812
 
 I= 13/2- (2)  5.216  26: 0.201
                      29:-0.546
                      32: 0.680
                      35: 0.099
                      36:-0.420
                      40: 0.108
 
 I= 13/2- (3)  5.702  27:-0.271
                      28:-0.190
                      31:-0.097
                      33:-0.797
                      34: 0.485
                      39: 0.098
 
 I= 13/2- (4)  6.752  30:-0.450
                      31:-0.724
                      33: 0.117
                      34:-0.060
                      37: 0.266
                      39: 0.429
 
 I= 13/2- (5)  6.933  26:-0.128
                      29: 0.111
                      35: 0.697
                      38:-0.576
                      40: 0.389

             ENERGY     K=-3/2
  32 LEVELS    TIME=  0.0 SEC



 ******************* EXCITATION ENERGIES, DOMINANT CONFIGURATION AND EXPECTATION VALUES (WITH S.P. UU+VV FACTORS) *******************

  NR  Eex(keV)  I   Kdom  NY    <Jz>  <Jx**2> <Jy**2> <Jz**2> <I.j>/|I|  <Rx**2> <Ry**2> <Rz**2> <R.j>/|R|  <HROTx> <HROTy> <HROTz>

   1    0.0   7/2-  -7/2  33   -3.34    2.30    2.30   12.09    3.24       3.37    3.37    0.00   -1.48      0.411   0.411   0.000
   2  430.8   3/2-  -3/2  31   -1.09    4.95    4.95    1.84    1.29       5.25    5.25   -0.00   -2.85      0.640   0.640  -0.000
   3  436.4   9/2-   9/2  34    3.27    2.50    2.50   18.93    4.12       3.85    3.85    0.00   -1.24      0.469   0.469   0.000
   4  533.1   1/2-   1/2  30    0.50    4.92    4.92    0.25    0.10       5.33    5.33   -0.00   -3.06      0.650   0.650  -0.000
   5  794.3   3/2-   1/2  30    0.00    4.68    4.68    0.75    0.46       6.03    6.03   -0.00   -2.65      0.735   0.735  -0.000
  
   6  891.7   5/2-  -3/2  31   -0.94    4.78    4.78    2.18    1.27       6.48    6.48    0.00   -2.22      0.790   0.790   0.000
   7 1061.0   9/2-  -7/2  33   -2.23    2.37    2.37   12.94    2.79       7.32    7.32    0.00   -0.99      0.892   0.892   0.001
   8 1469.4   7/2-  -3/2  31   -0.52    4.67    4.67    1.98    1.32       8.28    8.28   -0.00   -1.49      1.010   1.010  -0.000
   9 1525.4   5/2-   1/2  30   -0.04    4.38    4.38    0.88    0.34       8.20    8.20    0.00   -2.13      1.000   1.000   0.000
  10 1564.7  11/2-   1/2  26    0.05   23.79   23.79    2.89    6.25       5.72    5.72    0.00   -3.87      0.698   0.698   0.000
  
  11 1574.7  11/2-   9/2  34    2.50    2.66    2.66   18.02    3.52       8.48    8.48    0.00   -0.55      1.033   1.033   0.000
  12 2165.2   7/2-   1/2  30   -0.23    4.29    4.29    1.39    0.55      10.67   10.67    0.00   -1.68      1.301   1.301   0.000
  13 2196.6   7/2-   1/2  26    0.08   22.51   22.51    2.76    5.95       8.17    8.17    0.00   -5.98      0.996   0.996   0.000
  14 2319.4   7/2-  -7/2  28   -3.21    6.18    6.18   11.93    3.12       7.63    7.63    0.00   -3.05      0.930   0.930   0.000
  15 2347.2  11/2-  -7/2  33   -1.55    2.46    2.46   13.35    2.47      12.27   12.27    0.00   -0.71      1.495   1.495   0.000
  
  16 2366.8   5/2-   5/2  39    1.40    2.09    2.09    4.98    1.67       4.01    4.01    0.00   -1.49      0.488   0.488   0.000
  17 2432.2   9/2-  -3/2  31   -0.55    4.48    4.48    2.49    1.30      11.64   11.64   -0.00   -1.03      1.419   1.419  -0.000
  18 2629.5   1/2-   1/2  35    0.50   11.18   11.18    0.25    0.97      10.84   10.84    0.00   -4.68      1.322   1.322   0.000
  19 2661.7   5/2-   1/2  35    0.30   11.63   11.63    0.45    2.37       9.23    9.23    0.00   -3.89      1.125   1.125   0.000
  20 2766.0   5/2-   5/2  27    2.18    5.47    5.47    5.87    1.87       7.26    7.26   -0.00   -2.96      0.885   0.885  -0.000
  
  21 2875.7   9/2-   5/2  32    0.17   23.93   23.93    5.80    5.20      13.34   13.34    0.00   -5.38      1.626   1.626   0.000
  22 2943.1  13/2-   9/2  34    1.97    2.82    2.82   17.32    3.13      14.01   14.01    0.00   -0.21      1.708   1.708   0.000
  23 3227.0  11/2-   1/2  35    0.13   13.91   13.91    0.62    3.36      12.03   12.03    0.00   -1.71      1.466   1.466   0.000
  24 3376.2  13/2-   5/2  32    0.10   24.00   24.00    5.76    5.15      15.29   15.29    0.00   -3.22      1.865   1.865   0.000
  25 3402.8   9/2-   1/2  30   -0.65    4.21    4.21    2.77    0.72      14.40   14.40    0.00   -1.42      1.756   1.756   0.000
  
  26 3426.6  11/2-  -3/2  31   -0.33    4.43    4.43    2.19    1.32      15.51   15.51    0.00   -0.57      1.891   1.891   0.000
  27 3861.6  13/2-  -7/2  33   -1.10    2.55    2.55   13.53    2.22      18.19   18.19    0.00   -0.52      2.218   2.218   0.000
  28 4911.6  13/2-  -3/2  31   -0.37    4.25    4.25    2.79    1.28      21.08   21.08    0.00   -0.36      2.570   2.570   0.000
  29 5093.0  13/2-   1/2  35    0.17   12.09   12.09    0.60    2.68      18.09   18.09    0.00   -1.02      2.205   2.205   0.000
  30 5528.2   1/2-   1/2  38    0.50   15.91   15.91    0.25   -0.59      16.92   16.92    0.00   -5.60      2.063   2.063   0.000
  
  31 7489.5   1/2-   1/2  26    0.50   23.37   23.37    0.25   -3.43      26.84   26.84    0.00   -6.82      3.273   3.273   0.000
  32*******   1/2-  -3/2  31    0.00    0.00    0.00    0.00    0.00       0.00    0.00   -0.00   -0.00      0.000   0.000  -0.000
