1SPECTRUM OF (Z= 82 A=207) IN PARTICLE-ROTOR  MODEL WITH MODIFIED OSCILLATOR POTENTIAL


 PARITY=-   EPS= 0.223   GAMMA=  0.0   EPS4=0.000   EPS6=0.000   LEVELS:  26  27  28  29  30  31  32  33  34  35  36  37  38  39  40

 PAIRING FACTORS: GN0= 19.20  GN1=  7.40  IPAIR= 15 ***  E2PLUS(INPUT)=   0.730  E2PLUR(INPUT)=   0.000

 CORIOLIS ATTENUATION PARAMETERS:  CHSI=1.000  ETA=  1.00

 MOMENT OF INERTIA PARAMETERS:   A1=  0.122 MEV   A2=  0.122 MEV   A3=121.91924 MEV


 DELTA=0.944 MEV  LAMBDA=53.4761 MEV   HW0= 7.4544 MEV   LAMBDA/HW0= 7.1738

 E2ENERGY=0.730 MEV  HBAR**2/B= 9221./A**(7/3)=1558.7/A**2 MEV

 IREC=0  =>  RECOIL TERMS j+j-, j+j+, jzjz, ETC TREATED AS ONE-BODY OPERATORS WITH UU+VV PAIRING FACTORS



 S. P. LEVEL   EQP       U     V        (UU + VV)**1.00

     26       4.102    0.116 0.993      1.000 1.000 0.996 0.992 0.989 0.988 0.607 0.586 0.521 0.481 0.385 0.365 0.286 0.238 0.219
     27       3.566    0.134 0.991      1.000 1.000 0.997 0.994 0.992 0.991 0.621 0.600 0.537 0.497 0.402 0.382 0.303 0.255 0.236
     28       2.366    0.204 0.979      0.996 0.997 1.000 0.999 0.998 0.998 0.676 0.656 0.595 0.557 0.466 0.447 0.370 0.323 0.305
     29       2.044    0.238 0.971      0.992 0.994 0.999 1.000 1.000 1.000 0.701 0.682 0.623 0.586 0.496 0.478 0.403 0.356 0.338
     30       1.881    0.260 0.966      0.989 0.992 0.998 1.000 1.000 1.000 0.717 0.698 0.641 0.604 0.516 0.498 0.423 0.377 0.359
     31       1.846    0.265 0.964      0.988 0.991 0.998 1.000 1.000 1.000 0.721 0.702 0.645 0.608 0.521 0.502 0.428 0.382 0.364
     32       1.074    0.859 0.511      0.607 0.621 0.676 0.701 0.717 0.721 1.000 1.000 0.995 0.989 0.967 0.961 0.935 0.916 0.908
     33       1.108    0.873 0.488      0.586 0.600 0.656 0.682 0.698 0.702 1.000 1.000 0.997 0.992 0.974 0.968 0.944 0.926 0.919
     34       1.240    0.908 0.419      0.521 0.537 0.595 0.623 0.641 0.645 0.995 0.997 1.000 0.999 0.988 0.985 0.967 0.953 0.947
     35       1.354    0.926 0.376      0.481 0.497 0.557 0.586 0.604 0.608 0.989 0.992 0.999 1.000 0.994 0.992 0.978 0.966 0.961
     36       1.781    0.961 0.276      0.385 0.402 0.466 0.496 0.516 0.521 0.967 0.974 0.988 0.994 1.000 1.000 0.994 0.988 0.985
     37       1.913    0.967 0.255      0.365 0.382 0.447 0.478 0.498 0.502 0.961 0.968 0.985 0.992 1.000 1.000 0.996 0.991 0.988
     38       2.764    0.985 0.173      0.286 0.303 0.370 0.403 0.423 0.428 0.935 0.944 0.967 0.978 0.994 0.996 1.000 0.999 0.998
     39       3.845    0.992 0.124      0.238 0.255 0.323 0.356 0.377 0.382 0.916 0.926 0.953 0.966 0.988 0.991 0.999 1.000 1.000
     40       4.541    0.995 0.104      0.219 0.236 0.305 0.338 0.359 0.364 0.908 0.919 0.947 0.961 0.985 0.988 0.998 1.000 1.000

  R CORE   ENERGY   A0R/A00=1.000    R3= 0     2  
   2( 1)    0.732                    1.000 0.000
   2( 2)  487.921                    0.000 1.000

  R CORE   ENERGY   A0R/A00=1.000    R3= 0     2  
   3( 1)  488.652                    0.000 1.000

  R CORE   ENERGY   A0R/A00=1.000    R3= 0     2     4  
   4( 1)    2.438                    1.000 0.000 0.000

  R CORE   ENERGY   A0R/A00=1.000    R3= 0     2     4  
   5( 1)  490.847                    0.000 1.000 0.000

  R CORE   ENERGY   A0R/A00=1.000    R3= 0     2     4     6  
   6( 1)    5.121                    1.000 0.000 0.000 0.000

  R CORE   ENERGY   A0R/A00=1.000    R3= 0     2     4     6  
   7( 1)  494.017                    0.000 1.000 0.000 0.000

          AXIAL SYMMETRY => K RESTRICTED TO OMEGA

                     K
     S.P. ORB#: 26  2.50
     S.P. ORB#: 27 -3.50
     S.P. ORB#: 28 -3.50
     S.P. ORB#: 29  0.50
     S.P. ORB#: 30 -1.50
     S.P. ORB#: 31  4.50
     S.P. ORB#: 32 -1.50
     S.P. ORB#: 33  0.50
     S.P. ORB#: 34  2.50
     S.P. ORB#: 35 -1.50
     S.P. ORB#: 36  0.50
     S.P. ORB#: 37  2.50
     S.P. ORB#: 38 -3.50
     S.P. ORB#: 39  4.50
     S.P. ORB#: 40  0.50
 

             ENERGY    K= OMEGA
 
 I=  1/2- (1)  2.066  36:-1.000
 
 I=  1/2- (2)  3.136  29: 1.000
 
 I=  1/2- (3)  7.077  33:-0.703
                      40: 0.711
 
 I=  1/2- (4) 10.474  33:-0.711
                      40:-0.703
 
 I=  1/2- (5)147.377  32: 1.000

             ENERGY    K= OMEGA
 
 I=  3/2- (1)  1.589  29: 0.168
                      30: 0.086
                      32: 0.980
                      36:-0.069
 
 I=  3/2- (2)  2.669  29:-0.192
                      30:-0.241
                      32: 0.120
                      36: 0.944

             ENERGY    K= OMEGA
 
 I=  5/2- (1)  1.734  29: 0.131
                      30: 0.161
                      32:-0.473
                      34:-0.855
 
 I=  5/2- (2)  2.234  29: 0.197
                      30:-0.181
                      32:-0.843
                      34: 0.459
                      36:-0.065
 
 I=  5/2- (3)  2.702  29: 0.204
                      30: 0.265
                      34: 0.137
                      36: 0.932
 
 I=  5/2- (4)  3.708  29:-0.408
                      30:-0.824
                      34:-0.176
                      36: 0.349
 
 I=  5/2- (5)  4.455  29:-0.858
                      30: 0.438
                      32:-0.247
                      34: 0.091

             ENERGY    K= OMEGA
 
 I=  7/2- (1)  2.363  29:-0.193
                      30: 0.216
                      32:-0.542
                      34: 0.787
 
 I=  7/2- (2)  2.996  26:-0.169
                      27: 0.063
                      28:-0.517
                      29: 0.223
                      30: 0.206
                      32: 0.633
                      34: 0.431
                      36:-0.144
 
 I=  7/2- (3)  3.152  26:-0.169
                      27: 0.058
                      28:-0.819
                      29:-0.155
                      30:-0.142
                      32:-0.399
                      34:-0.286
                      36: 0.110
 
 I=  7/2- (4)  3.411  33:-0.745
                      35:-0.558
                      37:-0.327
                      38:-0.130
                      40: 0.098
 
 I=  7/2- (5)  4.247  29:-0.074
                      30:-0.399
                      32: 0.215
                      34: 0.219
                      36: 0.860

             ENERGY    K= OMEGA
 
 I=  9/2- (1)  2.612  26: 0.075
                      27:-0.251
                      28:-0.182
                      31: 0.945
                      34: 0.062
 
 I=  9/2- (2)  3.202  29: 0.247
                      30: 0.290
                      31: 0.086
                      32:-0.537
                      34:-0.732
                      36: 0.145
 
 I=  9/2- (3)  3.934  26: 0.303
                      27: 0.107
                      28:-0.797
                      29:-0.110
                      30: 0.142
                      31:-0.149
                      32: 0.379
                      34:-0.241
                      36: 0.074
 
 I=  9/2- (4)  4.211  26:-0.099
                      28: 0.453
                      29:-0.135
                      30: 0.314
                      31: 0.083
                      32: 0.640
                      34:-0.319
                      36: 0.385
 
 I=  9/2- (5)  4.335  28:-0.133
                      29: 0.313
                      30: 0.136
                      32:-0.162
                      34: 0.435
                      36: 0.804

             ENERGY    K= OMEGA
 
 I= 11/2- (1)  2.331  33:-0.671
                      35:-0.567
                      37:-0.403
                      38:-0.236
                      39:-0.101
 
 I= 11/2- (2)  3.581  26: 0.124
                      27: 0.332
                      28: 0.250
                      31: 0.894
                      32:-0.064
                      34: 0.086
 
 I= 11/2- (3)  4.318  29: 0.278
                      30:-0.292
                      31: 0.122
                      32: 0.571
                      34:-0.703
 
 I= 11/2- (4)  5.047  26:-0.348
                      27: 0.138
                      28:-0.775
                      29: 0.132
                      30: 0.151
                      31: 0.211
                      32: 0.313
                      34: 0.259
                      36:-0.094
 
 I= 11/2- (5)  5.442  26:-0.124
                      28:-0.429
                      29:-0.305
                      30:-0.301
                      31: 0.125
                      32:-0.571
                      34:-0.461
                      36: 0.246

             ENERGY    K= OMEGA
 
 I= 13/2- (1)  4.085  33:-0.191
                      35: 0.496
                      37:-0.607
                      38: 0.515
                      39:-0.290
 
 I= 13/2- (2)  4.770  26: 0.165
                      27:-0.380
                      28:-0.296
                      31: 0.850
                      32: 0.080
                      34: 0.101
 
 I= 13/2- (3)  5.583  28:-0.050
                      29: 0.318
                      30: 0.360
                      31: 0.140
                      32:-0.524
                      34:-0.650
                      36: 0.221
 
 I= 13/2- (4)  6.420  26: 0.394
                      27: 0.168
                      28:-0.783
                      29:-0.080
                      30: 0.122
                      31:-0.275
                      32: 0.267
                      34:-0.175
                      36: 0.068
 
 I= 13/2- (5)  6.913  28:-0.188
                      29:-0.082
                      30:-0.304
                      32:-0.425
                      34:-0.135
                      36:-0.814

             ENERGY     K= 1/2
  32 LEVELS    TIME=  0.0 SEC



 ******************* EXCITATION ENERGIES, DOMINANT CONFIGURATION AND EXPECTATION VALUES (WITH S.P. UU+VV FACTORS) *******************

  NR  Eex(keV)  I   Kdom  NY    <Jz>  <Jx**2> <Jy**2> <Jz**2> <I.j>/|I|  <Rx**2> <Ry**2> <Rz**2> <R.j>/|R|  <HROTx> <HROTy> <HROTz>

   1    0.0   3/2-  -3/2  32   -1.43    1.63    1.63    2.18    1.36       1.96    1.96   -0.00   -1.42      0.239   0.239  -0.000
   2  145.5   5/2-   5/2  34    1.46    1.84    1.84    5.13    2.28       2.05    2.05    0.00   -1.03      0.250   0.250   0.000
   3  477.8   1/2-   1/2  36    0.50    1.39    1.39    0.25    0.83       1.17    1.17    0.00   -1.51      0.143   0.143   0.000
   4  645.3   5/2-  -3/2  32   -0.56    1.63    1.63    3.02    1.08       4.31    4.31    0.00   -1.05      0.526   0.526   0.000
   5  742.4  11/2-   1/2  33    0.00   27.18   27.18    2.74    7.15       3.66    3.66    0.00   -5.30      0.447   0.447   0.000
  
   6  774.5   7/2-   5/2  34    1.05    2.01    2.01    4.67    1.94       4.53    4.53    0.00   -0.33      0.553   0.553   0.000
   7 1023.1   9/2-   9/2  31    3.70    2.64    2.64   19.31    4.44       2.59    2.59    0.00   -1.10      0.316   0.316   0.000
   8 1080.5   3/2-   1/2  36    0.35    1.58    1.58    0.40    0.01       3.62    3.62   -0.00   -1.31      0.442   0.442  -0.000
   9 1113.5   5/2-   1/2  36    0.40    1.80    1.80    0.50    0.90       3.75    3.75    0.00   -0.52      0.457   0.457   0.000
  10 1406.9   7/2-  -3/2  32   -1.04    1.91    1.91    5.68    1.78       5.54    5.54    0.00   -0.73      0.676   0.676   0.000
  
  11 1547.7   1/2-   1/2  29    0.50    4.18    4.18    0.25    0.23       4.48    4.48    0.00   -2.81      0.546   0.546   0.000
  12 1562.9   7/2-  -7/2  28   -2.33    2.14    2.14    9.36    2.61       4.32    4.32    0.00   -1.11      0.527   0.527   0.000
  13 1613.6   9/2-   5/2  34    0.85    2.23    2.23    4.38    1.82       7.74    7.74    0.00    0.06      0.943   0.943   0.000
  14 1822.5   7/2-   1/2  33    0.02   26.33   26.33    1.72    6.69       8.53    8.53    0.00   -6.74      1.040   1.040   0.000
  15 1992.0  11/2-   9/2  31    3.04    2.94    2.94   18.46    4.01       6.09    6.09    0.00   -0.11      0.743   0.743   0.000
  
  16 2119.4   5/2-  -3/2  30   -0.80    3.61    3.61    1.80    0.46       7.52    7.52   -0.00   -1.97      0.917   0.917  -0.000
  17 2345.0   9/2-  -7/2  28   -2.03    2.31    2.31    9.68    2.55       6.86    6.86    0.00   -0.44      0.837   0.837   0.000
  18 2496.2  13/2-   5/2  37    0.02   25.79   25.79    7.81    6.60       8.00    8.00    0.00   -3.33      0.975   0.975   0.000
  19 2622.5   9/2-  -3/2  32   -1.09    1.77    1.77    4.55    1.15      10.72   10.72    0.00   -0.52      1.307   1.307   0.000
  20 2658.2   7/2-   1/2  36    0.18    1.93    1.93    0.96    0.00      10.28   10.28   -0.00   -1.06      1.253   1.253  -0.000
  
  21 2728.9  11/2-   5/2  34    0.72    2.27    2.27    4.36    1.68      12.31   12.31    0.00    0.22      1.501   1.501   0.000
  22 2746.6   9/2-   1/2  36    0.73    1.96    1.96    1.74    0.88      10.80   10.80    0.00   -0.27      1.317   1.317   0.000
  23 2866.5   5/2-   1/2  29    0.01    4.12    4.12    0.81   -0.47      10.29   10.29   -0.00   -2.30      1.254   1.254  -0.000
  24 3181.3  13/2-   9/2  31    2.52    3.18    3.18   17.72    3.70      10.58   10.58    0.00    0.38      1.290   1.290   0.000
  25 3458.6  11/2-  -7/2  28   -1.66    2.44    2.44    9.95    2.38      11.05   11.05    0.00   -0.13      1.347   1.347   0.000
  
  26 3853.6  11/2-  -3/2  32   -0.56    2.01    2.01    4.99    1.12      15.69   15.69    0.00   -0.41      1.913   1.913   0.000
  27 3993.8  13/2-   5/2  34    0.61    2.50    2.50    4.02    1.68      17.15   17.15    0.00    0.46      2.091   2.091   0.000
  28 4831.6  13/2-  -7/2  28   -1.56    2.58    2.58   10.75    2.32      16.11   16.11    0.00    0.05      1.965   1.965   0.000
  29 5324.2  13/2-   1/2  36   -0.15    1.60    1.60    1.37    0.75      21.45   21.45    0.00    0.10      2.616   2.616   0.000
  30 5488.0   1/2-   1/2  40    0.50   14.61   14.61    0.25   -2.59      17.36   17.36   -0.00   -5.38      2.117   2.117  -0.000
  
  31 8885.3   1/2-   1/2  33    0.50   27.62   27.62    0.25   -3.84      31.45   31.45    0.00   -7.42      3.834   3.834   0.000
  32*******   1/2-  -3/2  32    0.00    0.00    0.00    0.00   -0.00       0.00    0.00    0.00   -0.00      0.000   0.000   0.000
