1SPECTRUM OF (Z= 82 A=207) IN PARTICLE-ROTOR  MODEL WITH MODIFIED OSCILLATOR POTENTIAL


 PARITY=-   EPS= 0.386   GAMMA=  0.0   EPS4=0.000   EPS6=0.000   LEVELS:  25  26  27  28  29  30  31  32  33  34  35  36  37  38  39

 PAIRING FACTORS: GN0= 19.20  GN1=  7.40  IPAIR= 15 ***  E2PLUS(INPUT)=   0.730  E2PLUR(INPUT)=   0.000

 CORIOLIS ATTENUATION PARAMETERS:  CHSI=1.000  ETA=  1.00

 MOMENT OF INERTIA PARAMETERS:   A1=  0.122 MEV   A2=  0.122 MEV   A3=121.91923 MEV


 DELTA=0.856 MEV  LAMBDA=53.4612 MEV   HW0= 7.5491 MEV   LAMBDA/HW0= 7.0818

 E2ENERGY=0.730 MEV  HBAR**2/B=27627./A**(7/3)=4670.2/A**2 MEV

 IREC=0  =>  RECOIL TERMS j+j-, j+j+, jzjz, ETC TREATED AS ONE-BODY OPERATORS WITH UU+VV PAIRING FACTORS



 S. P. LEVEL   EQP       U     V        (UU + VV)**1.00

     25       3.903    0.110 0.994      1.000 0.999 0.999 0.996 0.992 0.937 0.904 0.823 0.598 0.432 0.408 0.326 0.242 0.234 0.231
     26       2.907    0.149 0.989      0.999 1.000 1.000 0.999 0.996 0.950 0.920 0.844 0.629 0.467 0.443 0.363 0.280 0.272 0.269
     27       2.814    0.154 0.988      0.999 1.000 1.000 0.999 0.997 0.951 0.922 0.847 0.633 0.471 0.447 0.368 0.285 0.277 0.274
     28       2.254    0.193 0.981      0.996 0.999 0.999 1.000 0.999 0.963 0.937 0.868 0.663 0.506 0.483 0.405 0.323 0.315 0.312
     29       1.901    0.231 0.973      0.992 0.996 0.997 0.999 1.000 0.973 0.950 0.886 0.692 0.539 0.517 0.440 0.359 0.351 0.349
     30       1.063    0.451 0.892      0.937 0.950 0.951 0.963 0.973 1.000 0.997 0.970 0.841 0.720 0.701 0.637 0.566 0.559 0.557
     31       0.959    0.524 0.852      0.904 0.920 0.922 0.937 0.950 0.997 1.000 0.987 0.883 0.776 0.758 0.699 0.633 0.627 0.624
     32       0.864    0.656 0.755      0.823 0.844 0.847 0.868 0.886 0.970 0.987 1.000 0.948 0.868 0.855 0.806 0.751 0.745 0.743
     33       0.980    0.863 0.506      0.598 0.629 0.633 0.663 0.692 0.841 0.883 0.948 1.000 0.981 0.976 0.953 0.922 0.919 0.918
     34       1.373    0.944 0.330      0.432 0.467 0.471 0.506 0.539 0.720 0.776 0.868 0.981 1.000 1.000 0.993 0.980 0.978 0.977
     35       1.475    0.953 0.305      0.408 0.443 0.447 0.483 0.517 0.701 0.758 0.855 0.976 1.000 1.000 0.996 0.985 0.983 0.983
     36       1.992    0.975 0.220      0.326 0.363 0.368 0.405 0.440 0.637 0.699 0.806 0.953 0.993 0.996 1.000 0.996 0.995 0.995
     37       3.230    0.991 0.134      0.242 0.280 0.285 0.323 0.359 0.566 0.633 0.751 0.922 0.980 0.985 0.996 1.000 1.000 1.000
     38       3.441    0.992 0.125      0.234 0.272 0.277 0.315 0.351 0.559 0.627 0.745 0.919 0.978 0.983 0.995 1.000 1.000 1.000
     39       3.518    0.992 0.123      0.231 0.269 0.274 0.312 0.349 0.557 0.624 0.743 0.918 0.977 0.983 0.995 1.000 1.000 1.000

  R CORE   ENERGY   A0R/A00=1.000    R3= 0     2  
   2( 1)    0.732                    1.000 0.000
   2( 2)  487.921                    0.000 1.000

  R CORE   ENERGY   A0R/A00=1.000    R3= 0     2  
   3( 1)  488.652                    0.000 1.000

  R CORE   ENERGY   A0R/A00=1.000    R3= 0     2     4  
   4( 1)    2.438                    1.000 0.000 0.000

  R CORE   ENERGY   A0R/A00=1.000    R3= 0     2     4  
   5( 1)  490.847                    0.000 1.000 0.000

  R CORE   ENERGY   A0R/A00=1.000    R3= 0     2     4     6  
   6( 1)    5.121                    1.000 0.000 0.000 0.000

  R CORE   ENERGY   A0R/A00=1.000    R3= 0     2     4     6  
   7( 1)  494.017                    0.000 1.000 0.000 0.000

          AXIAL SYMMETRY => K RESTRICTED TO OMEGA

                     K
     S.P. ORB#: 25 -5.50
     S.P. ORB#: 26  0.50
     S.P. ORB#: 27  2.50
     S.P. ORB#: 28 -3.50
     S.P. ORB#: 29 -1.50
     S.P. ORB#: 30  0.50
     S.P. ORB#: 31 -1.50
     S.P. ORB#: 32  2.50
     S.P. ORB#: 33 -3.50
     S.P. ORB#: 34  4.50
     S.P. ORB#: 35  0.50
     S.P. ORB#: 36 -3.50
     S.P. ORB#: 37 -1.50
     S.P. ORB#: 38  0.50
     S.P. ORB#: 39  2.50
 

             ENERGY    K= OMEGA
 
 I=  1/2- (1)  2.365  30: 1.000
 
 I=  1/2- (2)  4.428  26:-0.192
                      35: 0.911
                      38:-0.365
 
 I=  1/2- (3)  7.343  26:-0.359
                      35: 0.281
                      38: 0.890
 
 I=  1/2- (4)  9.351  26: 0.914
                      35: 0.302
                      38: 0.273
 
 I=  1/2- (5)147.262  31:-1.000

             ENERGY    K= OMEGA
 
 I=  3/2- (1)  2.264  30:-0.453
                      31: 0.891
 
 I=  3/2- (2)  2.627  30:-0.867
                      31:-0.446
                      37:-0.223

             ENERGY    K= OMEGA
 
 I=  5/2- (1)  2.726  30:-0.398
                      31:-0.881
                      37: 0.079
                      39: 0.240
 
 I=  5/2- (2)  3.361  27:-0.056
                      30: 0.844
                      31:-0.386
                      37:-0.356
                      39: 0.092
 
 I=  5/2- (3)  4.235  27: 0.179
                      30: 0.200
                      31: 0.168
                      37: 0.477
                      39: 0.820
 
 I=  5/2- (4)  4.597  27:-0.930
                      30:-0.092
                      31: 0.146
                      37:-0.154
                      39: 0.285
 
 I=  5/2- (5)  4.791  27:-0.313
                      30: 0.283
                      31:-0.160
                      37: 0.785
                      39:-0.424

             ENERGY    K= OMEGA
 
 I=  7/2- (1)  1.855  27: 0.156
                      33:-0.986
 
 I=  7/2- (2)  3.304  30:-0.565
                      31: 0.751
                      37:-0.176
                      39: 0.288
 
 I=  7/2- (3)  3.999  27: 0.076
                      30:-0.735
                      31:-0.547
                      37:-0.332
                      39:-0.209
 
 I=  7/2- (4)  4.058  26: 0.616
                      29: 0.588
                      32: 0.480
                      36: 0.211
 
 I=  7/2- (5)  4.145  27:-0.192
                      28:-0.975
                      39:-0.091

             ENERGY    K= OMEGA
 
 I=  9/2- (1)  2.300  27: 0.087
                      28:-0.163
                      33: 0.356
                      34: 0.916
 
 I=  9/2- (2)  2.920  27:-0.208
                      28:-0.100
                      33:-0.903
                      34: 0.355
                      39: 0.053
 
 I=  9/2- (3)  4.269  30: 0.441
                      31: 0.790
                      33:-0.062
                      37:-0.192
                      39:-0.373
 
 I=  9/2- (4)  4.750  26: 0.209
                      29:-0.551
                      32: 0.691
                      36:-0.418
 
 I=  9/2- (5)  5.239  27:-0.205
                      28: 0.410
                      30: 0.631
                      31:-0.423
                      33: 0.056
                      34: 0.077
                      37:-0.441
                      39: 0.096

             ENERGY    K= OMEGA
 
 I= 11/2- (1)  3.438  27:-0.137
                      28:-0.221
                      33: 0.444
                      34:-0.857
 
 I= 11/2- (2)  3.476  26:-0.611
                      29:-0.587
                      32:-0.467
                      35:-0.099
                      36:-0.230
 
 I= 11/2- (3)  4.208  27:-0.244
                      28: 0.149
                      31: 0.070
                      33: 0.845
                      34: 0.439
                      39: 0.075
 
 I= 11/2- (4)  5.247  25: 0.990
                      30: 0.079
                      31:-0.095
                      39:-0.052
 
 I= 11/2- (5)  5.263  25:-0.138
                      30: 0.574
                      31:-0.673
                      33: 0.084
                      37: 0.258
                      39:-0.351

             ENERGY    K= OMEGA
 
 I= 13/2- (1)  4.807  27: 0.178
                      28:-0.260
                      33: 0.490
                      34: 0.812
 
 I= 13/2- (2)  5.292  26:-0.215
                      29: 0.562
                      32:-0.679
                      36: 0.421
 
 I= 13/2- (3)  5.724  27:-0.270
                      28:-0.189
                      31:-0.100
                      33:-0.798
                      34: 0.482
                      39: 0.100
 
 I= 13/2- (4)  6.750  25: 0.068
                      30:-0.450
                      31:-0.725
                      33: 0.119
                      34:-0.058
                      37: 0.262
                      39: 0.424
 
 I= 13/2- (5)  6.834  25: 0.996

             ENERGY     K= 5/2
  32 LEVELS    TIME=  0.0 SEC



 ******************* EXCITATION ENERGIES, DOMINANT CONFIGURATION AND EXPECTATION VALUES (WITH S.P. UU+VV FACTORS) *******************

  NR  Eex(keV)  I   Kdom  NY    <Jz>  <Jx**2> <Jy**2> <Jz**2> <I.j>/|I|  <Rx**2> <Ry**2> <Rz**2> <R.j>/|R|  <HROTx> <HROTy> <HROTz>

   1    0.0   7/2-  -7/2  33   -3.35    2.30    2.30   12.09    3.23       3.39    3.39    0.00   -1.48      0.413   0.413   0.000
   2  408.5   3/2-  -3/2  31   -1.09    4.95    4.95    1.84    1.29       5.26    5.26   -0.00   -2.85      0.641   0.641  -0.000
   3  444.5   9/2-   9/2  34    3.26    2.50    2.50   18.91    4.11       3.86    3.86   -0.00   -1.24      0.471   0.471  -0.000
   4  509.2   1/2-   1/2  30    0.50    4.92    4.92    0.25    0.10       5.34    5.34   -0.00   -3.06      0.651   0.651  -0.000
   5  771.2   3/2-   1/2  30    0.00    4.70    4.70    0.75    0.46       6.06    6.06   -0.00   -2.66      0.738   0.738  -0.000
  
   6  870.9   5/2-  -3/2  31   -0.95    4.79    4.79    2.17    1.27       6.51    6.51   -0.00   -2.22      0.793   0.793  -0.000
   7 1064.6   9/2-  -7/2  33   -2.21    2.37    2.37   12.96    2.79       7.35    7.35    0.00   -1.00      0.896   0.896   0.000
   8 1449.0   7/2-  -3/2  31   -0.53    4.68    4.68    1.96    1.32       8.32    8.32   -0.00   -1.50      1.014   1.014  -0.000
   9 1505.5   5/2-   1/2  30   -0.03    4.41    4.41    0.87    0.33       8.25    8.25    0.00   -2.15      1.006   1.006   0.000
  10 1582.3  11/2-   9/2  34    2.49    2.66    2.66   18.03    3.52       8.49    8.49    0.00   -0.56      1.035   1.035   0.000
  
  11 1620.7  11/2-   1/2  26    0.04   23.27   23.27    2.89    6.15       5.84    5.84   -0.00   -3.71      0.712   0.712  -0.000
  12 2143.8   7/2-   1/2  30   -0.22    4.32    4.32    1.38    0.55      10.71   10.71    0.00   -1.69      1.305   1.305   0.000
  13 2202.4   7/2-   1/2  26    0.09   22.86   22.86    2.86    6.03       8.24    8.24    0.00   -6.07      1.005   1.005   0.000
  14 2289.5   7/2-  -7/2  28   -3.22    6.19    6.19   11.94    3.12       7.64    7.64    0.00   -3.05      0.931   0.931   0.001
  15 2352.9  11/2-  -7/2  33   -1.56    2.46    2.46   13.36    2.46      12.30   12.30    0.00   -0.72      1.499   1.499   0.000
  
  16 2379.5   5/2-   5/2  39    1.40    2.11    2.11    4.99    1.68       4.00    4.00    0.00   -1.50      0.488   0.488   0.000
  17 2413.6   9/2-  -3/2  31   -0.56    4.50    4.50    2.48    1.29      11.68   11.68   -0.00   -1.04      1.424   1.424  -0.000
  18 2572.4   1/2-   1/2  35    0.50   11.17   11.17    0.25    0.99      10.82   10.82    0.00   -4.67      1.319   1.319   0.000
  19 2741.3   5/2-   5/2  27    2.30    5.61    5.61    6.02    1.94       7.26    7.26    0.00   -3.02      0.885   0.885   0.000
  20 2894.2   9/2-   5/2  32    0.15   23.73   23.73    5.81    5.14      13.46   13.46    0.00   -5.34      1.642   1.642   0.000
  
  21 2935.8   5/2-  -3/2  37   -0.23    2.66    2.66    3.20    0.45       7.31    7.31    0.00   -1.88      0.891   0.891   0.000
  22 2951.2  13/2-   9/2  34    1.96    2.81    2.81   17.35    3.13      14.02   14.02    0.00   -0.21      1.709   1.709   0.000
  23 3383.3   9/2-   1/2  30   -0.81    4.37    4.37    3.48    0.85      14.25   14.25    0.00   -1.50      1.737   1.737   0.000
  24 3391.0  11/2- -11/2  25   -5.39    2.78    2.78   29.69    4.98       5.71    5.71    0.00   -1.62      0.696   0.696   0.000
  25 3407.5  11/2-  -3/2  31   -0.43    4.41    4.41    2.72    1.39      15.36   15.36   -0.00   -0.59      1.873   1.873  -0.000
  
  26 3436.8  13/2-   5/2  32    0.08   23.74   23.74    5.77    5.07      15.61   15.61    0.00   -3.20      1.903   1.903   0.000
  27 3868.8  13/2-  -7/2  33   -1.12    2.55    2.55   13.54    2.22      18.22   18.22    0.00   -0.53      2.222   2.222   0.000
  28 4894.2  13/2-  -3/2  31   -0.40    4.26    4.26    2.91    1.29      21.06   21.06    0.00   -0.37      2.568   2.568   0.000
  29 4978.7  13/2- -11/2  25   -5.45    2.76    2.76   30.08    4.31      12.10   12.10    0.00   -1.12      1.475   1.475   0.000
  30 5487.0   1/2-   1/2  38    0.50   15.91   15.91    0.25   -0.59      16.92   16.92    0.00   -5.60      2.063   2.063   0.000
  
  31 7495.7   1/2-   1/2  26    0.50   23.33   23.33    0.25   -3.43      26.80   26.80    0.00   -6.81      3.268   3.268   0.000
  32*******   1/2-  -3/2  31    0.00    0.00    0.00    0.00    0.00       0.00    0.00   -0.00   -0.00      0.000   0.000  -0.000
