1SPECTRUM OF (Z= 82 A=207) IN PARTICLE-ROTOR  MODEL WITH MODIFIED OSCILLATOR POTENTIAL


 PARITY=-   EPS= 0.372   GAMMA=  0.0   EPS4=0.000   EPS6=0.000   LEVELS:  25  26  27  28  29  30  31  32  33  34  35  36  37  38  39

 PAIRING FACTORS: GN0= 19.20  GN1=  7.40  IPAIR= 15 ***  E2PLUS(INPUT)=   0.730  E2PLUR(INPUT)=   0.000

 CORIOLIS ATTENUATION PARAMETERS:  CHSI=1.000  ETA=  1.00

 MOMENT OF INERTIA PARAMETERS:   A1=  0.122 MEV   A2=  0.122 MEV   A3=121.91925 MEV


 DELTA=0.872 MEV  LAMBDA=53.4338 MEV   HW0= 7.5385 MEV   LAMBDA/HW0= 7.0881

 E2ENERGY=0.730 MEV  HBAR**2/B=25659./A**(7/3)=4337.6/A**2 MEV

 IREC=0  =>  RECOIL TERMS j+j-, j+j+, jzjz, ETC TREATED AS ONE-BODY OPERATORS WITH UU+VV PAIRING FACTORS



 S. P. LEVEL   EQP       U     V        (UU + VV)**1.00

     25       4.126    0.106 0.994      1.000 0.999 0.998 0.997 0.986 0.946 0.919 0.756 0.680 0.483 0.359 0.317 0.250 0.237 0.223
     26       2.918    0.151 0.989      0.999 1.000 1.000 0.999 0.993 0.959 0.936 0.785 0.712 0.522 0.401 0.360 0.293 0.281 0.267
     27       2.586    0.171 0.985      0.998 1.000 1.000 1.000 0.995 0.965 0.943 0.798 0.726 0.539 0.419 0.379 0.313 0.300 0.287
     28       2.359    0.188 0.982      0.997 0.999 1.000 1.000 0.996 0.969 0.948 0.808 0.738 0.554 0.435 0.395 0.329 0.317 0.303
     29       1.675    0.270 0.963      0.986 0.993 0.995 0.996 1.000 0.987 0.972 0.855 0.792 0.622 0.509 0.471 0.408 0.396 0.382
     30       1.135    0.424 0.906      0.946 0.959 0.965 0.969 0.987 1.000 0.997 0.928 0.882 0.742 0.643 0.609 0.551 0.541 0.528
     31       1.020    0.490 0.871      0.919 0.936 0.943 0.948 0.972 0.997 1.000 0.953 0.914 0.790 0.699 0.666 0.612 0.602 0.590
     32       0.874    0.731 0.683      0.756 0.785 0.798 0.808 0.855 0.928 0.953 1.000 0.994 0.938 0.882 0.860 0.822 0.815 0.806
     33       0.909    0.801 0.598      0.680 0.712 0.726 0.738 0.792 0.882 0.914 0.994 1.000 0.971 0.929 0.911 0.880 0.874 0.867
     34       1.220    0.922 0.387      0.483 0.522 0.539 0.554 0.622 0.742 0.790 0.938 0.971 1.000 0.991 0.984 0.968 0.965 0.961
     35       1.750    0.966 0.258      0.359 0.401 0.419 0.435 0.509 0.643 0.699 0.882 0.929 0.991 1.000 0.999 0.993 0.992 0.990
     36       2.079    0.977 0.215      0.317 0.360 0.379 0.395 0.471 0.609 0.666 0.860 0.911 0.984 0.999 1.000 0.998 0.997 0.995
     37       3.027    0.989 0.146      0.250 0.293 0.313 0.329 0.408 0.551 0.612 0.822 0.880 0.968 0.993 0.998 1.000 1.000 1.000
     38       3.313    0.991 0.133      0.237 0.281 0.300 0.317 0.396 0.541 0.602 0.815 0.874 0.965 0.992 0.997 1.000 1.000 1.000
     39       3.707    0.993 0.118      0.223 0.267 0.287 0.303 0.382 0.528 0.590 0.806 0.867 0.961 0.990 0.995 1.000 1.000 1.000

  R CORE   ENERGY   A0R/A00=1.000    R3= 0     2  
   2( 1)    0.732                    1.000 0.000
   2( 2)  487.921                    0.000 1.000

  R CORE   ENERGY   A0R/A00=1.000    R3= 0     2  
   3( 1)  488.652                    0.000 1.000

  R CORE   ENERGY   A0R/A00=1.000    R3= 0     2     4  
   4( 1)    2.438                    1.000 0.000 0.000

  R CORE   ENERGY   A0R/A00=1.000    R3= 0     2     4  
   5( 1)  490.847                    0.000 1.000 0.000

  R CORE   ENERGY   A0R/A00=1.000    R3= 0     2     4     6  
   6( 1)    5.121                    1.000 0.000 0.000 0.000

  R CORE   ENERGY   A0R/A00=1.000    R3= 0     2     4     6  
   7( 1)  494.017                    0.000 1.000 0.000 0.000

          AXIAL SYMMETRY => K RESTRICTED TO OMEGA

                     K
     S.P. ORB#: 25 -5.50
     S.P. ORB#: 26  2.50
     S.P. ORB#: 27  0.50
     S.P. ORB#: 28 -3.50
     S.P. ORB#: 29 -1.50
     S.P. ORB#: 30  0.50
     S.P. ORB#: 31 -1.50
     S.P. ORB#: 32  2.50
     S.P. ORB#: 33 -3.50
     S.P. ORB#: 34  4.50
     S.P. ORB#: 35  0.50
     S.P. ORB#: 36 -3.50
     S.P. ORB#: 37 -1.50
     S.P. ORB#: 38  2.50
     S.P. ORB#: 39  0.50
 

             ENERGY    K= OMEGA
 
 I=  1/2- (1)  2.422  30:-1.000
 
 I=  1/2- (2)  4.725  27:-0.199
                      35: 0.906
                      39:-0.373
 
 I=  1/2- (3)  7.514  27:-0.424
                      35: 0.263
                      39: 0.866
 
 I=  1/2- (4)  9.221  27: 0.883
                      35: 0.331
                      39: 0.332
 
 I=  1/2- (5)147.323  31:-1.000

             ENERGY    K= OMEGA
 
 I=  3/2- (1)  2.313  30:-0.442
                      31: 0.897
 
 I=  3/2- (2)  2.677  30:-0.860
                      31:-0.431
                      37:-0.272

             ENERGY    K= OMEGA
 
 I=  5/2- (1)  2.762  30: 0.397
                      31: 0.870
                      37:-0.094
                      38:-0.274
 
 I=  5/2- (2)  3.384  26:-0.058
                      30: 0.813
                      31:-0.385
                      37:-0.423
                      38: 0.093
 
 I=  5/2- (3)  4.043  26:-0.097
                      30:-0.238
                      31:-0.198
                      37:-0.447
                      38:-0.833
 
 I=  5/2- (4)  4.573  26:-0.375
                      30:-0.330
                      31: 0.234
                      37:-0.697
                      38: 0.457
 
 I=  5/2- (5)  4.736  26: 0.919
                      30:-0.124
                      37:-0.355
                      38: 0.115

             ENERGY    K= OMEGA
 
 I=  7/2- (1)  1.765  26:-0.166
                      33: 0.985
 
 I=  7/2- (2)  3.336  30: 0.551
                      31:-0.743
                      37: 0.198
                      38:-0.322
 
 I=  7/2- (3)  3.916  27: 0.647
                      29: 0.586
                      32: 0.445
                      36: 0.198
 
 I=  7/2- (4)  4.035  26:-0.073
                      30: 0.718
                      31: 0.533
                      37: 0.380
                      38: 0.224
 
 I=  7/2- (5)  4.238  26:-0.199
                      28:-0.968
                      31: 0.059
                      37: 0.053
                      38:-0.122

             ENERGY    K= OMEGA
 
 I=  9/2- (1)  2.144  26:-0.086
                      28: 0.165
                      33:-0.331
                      34:-0.925
 
 I=  9/2- (2)  2.802  26:-0.224
                      28:-0.096
                      33:-0.910
                      34: 0.330
 
 I=  9/2- (3)  4.285  30: 0.438
                      31: 0.769
                      33:-0.055
                      37:-0.218
                      38:-0.406
 
 I=  9/2- (4)  4.696  27:-0.211
                      29: 0.549
                      32:-0.685
                      36: 0.428
 
 I=  9/2- (5)  5.250  26:-0.134
                      28: 0.137
                      30: 0.673
                      31:-0.456
                      33: 0.055
                      37:-0.527
                      38: 0.148

             ENERGY    K= OMEGA
 
 I= 11/2- (1)  3.272  26:-0.138
                      28:-0.224
                      33: 0.425
                      34:-0.866
 
 I= 11/2- (2)  3.317  27: 0.632
                      29: 0.584
                      32: 0.448
                      35: 0.082
                      36: 0.228
 
 I= 11/2- (3)  4.067  26: 0.261
                      28:-0.144
                      31:-0.060
                      33:-0.851
                      34:-0.423
                      38:-0.068
 
 I= 11/2- (4)  5.283  30: 0.564
                      31:-0.669
                      33: 0.069
                      37: 0.283
                      38:-0.385
 
 I= 11/2- (5)  5.469  25: 0.999

             ENERGY    K= OMEGA
 
 I= 13/2- (1)  4.627  26: 0.182
                      28:-0.263
                      33: 0.477
                      34: 0.818
 
 I= 13/2- (2)  5.203  27: 0.215
                      29:-0.553
                      32: 0.676
                      36:-0.436
 
 I= 13/2- (3)  5.563  26:-0.287
                      28:-0.184
                      31:-0.082
                      33:-0.802
                      34: 0.474
                      38: 0.088
 
 I= 13/2- (4)  6.754  30:-0.447
                      31:-0.707
                      33: 0.097
                      34:-0.053
                      37: 0.288
                      38: 0.452
 
 I= 13/2- (5)  7.056  25: 0.998

             ENERGY     K= 1/2
  32 LEVELS    TIME=  0.0 SEC



 ******************* EXCITATION ENERGIES, DOMINANT CONFIGURATION AND EXPECTATION VALUES (WITH S.P. UU+VV FACTORS) *******************

  NR  Eex(keV)  I   Kdom  NY    <Jz>  <Jx**2> <Jy**2> <Jz**2> <I.j>/|I|  <Rx**2> <Ry**2> <Rz**2> <R.j>/|R|  <HROTx> <HROTy> <HROTz>

   1    0.0   7/2-  -7/2  33   -3.33    2.31    2.31   12.07    3.26       3.26    3.26    0.00   -1.46      0.398   0.398   0.000
   2  379.1   9/2-   9/2  34    3.39    2.50    2.50   19.05    4.15       3.75    3.75    0.00   -1.24      0.457   0.457   0.001
   3  548.4   3/2-  -3/2  31   -1.11    4.90    4.90    1.86    1.29       5.21    5.21    0.00   -2.84      0.635   0.635   0.000
   4  657.6   1/2-   1/2  30    0.50    4.87    4.87    0.25    0.11       5.28    5.28   -0.00   -3.05      0.644   0.644  -0.000
   5  911.7   3/2-   1/2  30   -0.02    4.56    4.56    0.77    0.51       5.83    5.83   -0.00   -2.61      0.711   0.711  -0.000
  
   6  997.1   5/2-  -3/2  31   -0.88    4.69    4.69    2.24    1.32       6.28    6.28    0.00   -2.18      0.766   0.766   0.000
   7 1037.4   9/2-  -7/2  33   -2.31    2.38    2.38   12.79    2.82       7.13    7.13    0.00   -0.93      0.870   0.870   0.000
   8 1507.3  11/2-   9/2  34    2.61    2.68    2.68   18.14    3.57       8.27    8.27    0.00   -0.53      1.008   1.008   0.000
   9 1552.2  11/2-   1/2  27    0.01   23.49   23.49    2.76    6.18       5.81    5.81    0.00   -3.76      0.709   0.709   0.000
  10 1571.1   7/2-  -3/2  31   -0.48    4.56    4.56    2.08    1.37       8.05    8.05    0.00   -1.44      0.982   0.982   0.000
  
  11 1619.7   5/2-   1/2  30   -0.13    4.18    4.18    0.97    0.42       7.81    7.81   -0.00   -2.05      0.952   0.952  -0.000
  12 2150.9   7/2-   1/2  27    0.05   23.05   23.05    2.60    6.05       8.21    8.21    0.00   -6.09      1.001   1.001   0.000
  13 2269.7   7/2-   1/2  30   -0.25    4.13    4.13    1.45    0.58      10.42   10.42   -0.00   -1.62      1.270   1.270  -0.000
  14 2278.3   5/2-   5/2  38    1.43    2.08    2.08    4.95    1.63       4.12    4.12    0.00   -1.50      0.503   0.503   0.000
  15 2302.4  11/2-  -7/2  33   -1.63    2.46    2.46   13.21    2.50      11.99   11.99    0.00   -0.65      1.461   1.461   0.000
  
  16 2473.6   7/2-  -7/2  28   -3.15    6.13    6.13   11.83    3.11       7.58    7.58    0.00   -3.02      0.925   0.925   0.001
  17 2520.6   9/2-  -3/2  31   -0.46    4.36    4.36    2.58    1.34      11.36   11.36    0.00   -0.97      1.384   1.384   0.000
  18 2807.9   5/2-  -3/2  37    0.12    3.04    3.04    3.43    0.57       7.46    7.46   -0.00   -2.03      0.909   0.909  -0.000
  19 2862.5  13/2-   9/2  34    2.05    2.84    2.84   17.42    3.18      13.69   13.69    0.00   -0.16      1.669   1.669   0.000
  20 2931.3   9/2-   5/2  32    0.10   23.94   23.94    5.87    5.18      13.46   13.46    0.00   -5.39      1.641   1.641   0.000
  
  21 2959.9   1/2-   1/2  35    0.50   11.22   11.22    0.25    0.89      10.95   10.95   -0.00   -4.68      1.335   1.335  -0.000
  22 2971.2   5/2-   5/2  26    1.96    5.45    5.45    5.65    1.74       7.49    7.49   -0.00   -2.94      0.913   0.913  -0.000
  23 3438.5  13/2-   5/2  32    0.04   23.95   23.95    5.89    5.13      15.48   15.48    0.00   -3.23      1.887   1.887   0.000
  24 3485.3   9/2-   1/2  30   -0.47    3.80    3.80    1.73    0.53      14.41   14.41   -0.00   -1.25      1.757   1.757  -0.000
  25 3518.5  11/2-  -3/2  31   -0.28    4.31    4.31    2.29    1.35      15.28   15.28    0.00   -0.52      1.863   1.863   0.000
  
  26 3704.1  11/2- -11/2  25   -5.49    2.75    2.75   30.23    5.05       5.52    5.52    0.00   -1.66      0.674   0.674   0.000
  27 3797.7  13/2-  -7/2  33   -1.15    2.55    2.55   13.45    2.27      17.82   17.82    0.00   -0.46      2.173   2.173   0.000
  28 4988.8  13/2-  -3/2  31   -0.29    4.13    4.13    2.83    1.31      20.81   20.81    0.00   -0.31      2.537   2.537   0.000
  29 5290.9  13/2- -11/2  25   -5.48    2.75    2.75   30.20    4.32      12.05   12.05    0.00   -1.13      1.469   1.469   0.000
  30 5749.4   1/2-   1/2  39    0.50   15.98   15.98    0.25   -0.60      17.00   17.00    0.00   -5.61      2.072   2.072   0.000
  
  31 7456.3   1/2-   1/2  27    0.50   23.65   23.65    0.25   -3.39      27.08   27.08    0.00   -6.86      3.302   3.302   0.000
  32*******   1/2-  -3/2  31    0.00    0.00    0.00    0.00    0.00       0.00    0.00   -0.00   -0.00      0.000   0.000  -0.000
