1SPECTRUM OF (Z= 82 A=207) IN PARTICLE-ROTOR  MODEL WITH MODIFIED OSCILLATOR POTENTIAL


 PARITY=-   EPS= 0.291   GAMMA=  0.0   EPS4=0.000   EPS6=0.000   LEVELS:  25  26  27  28  29  30  31  32  33  34  35  36  37  38  39

 PAIRING FACTORS: GN0= 19.20  GN1=  7.40  IPAIR= 15 ***  E2PLUS(INPUT)=   0.730  E2PLUR(INPUT)=   0.000

 CORIOLIS ATTENUATION PARAMETERS:  CHSI=1.000  ETA=  1.00

 MOMENT OF INERTIA PARAMETERS:   A1=  0.122 MEV   A2=  0.122 MEV   A3=121.91924 MEV


 DELTA=0.951 MEV  LAMBDA=53.2939 MEV   HW0= 7.4866 MEV   LAMBDA/HW0= 7.1185

 E2ENERGY=0.730 MEV  HBAR**2/B=15701./A**(7/3)=2654.3/A**2 MEV

 IREC=0  =>  RECOIL TERMS j+j-, j+j+, jzjz, ETC TREATED AS ONE-BODY OPERATORS WITH UU+VV PAIRING FACTORS



 S. P. LEVEL   EQP       U     V        (UU + VV)**1.00

     25       4.116    0.116 0.993      1.000 1.000 0.999 0.977 0.967 0.962 0.919 0.883 0.761 0.457 0.362 0.332 0.300 0.282 0.254
     26       3.466    0.139 0.990      1.000 1.000 1.000 0.982 0.972 0.968 0.928 0.894 0.776 0.476 0.383 0.353 0.321 0.304 0.276
     27       2.913    0.166 0.986      0.999 1.000 1.000 0.986 0.978 0.974 0.938 0.905 0.793 0.500 0.408 0.378 0.347 0.330 0.302
     28       1.545    0.325 0.946      0.977 0.982 0.986 1.000 0.999 0.998 0.982 0.963 0.882 0.636 0.553 0.525 0.496 0.480 0.454
     29       1.398    0.366 0.931      0.967 0.972 0.978 0.999 1.000 1.000 0.989 0.974 0.901 0.668 0.588 0.561 0.533 0.517 0.492
     30       1.345    0.383 0.924      0.962 0.968 0.974 0.998 1.000 1.000 0.992 0.978 0.909 0.682 0.603 0.576 0.548 0.533 0.508
     31       1.102    0.498 0.867      0.919 0.928 0.938 0.982 0.989 0.992 1.000 0.997 0.955 0.770 0.700 0.676 0.651 0.637 0.614
     32       1.017    0.568 0.823      0.883 0.894 0.905 0.963 0.974 0.978 0.997 1.000 0.977 0.820 0.757 0.735 0.712 0.699 0.678
     33       0.954    0.732 0.681      0.761 0.776 0.793 0.882 0.901 0.909 0.955 0.977 1.000 0.924 0.880 0.864 0.847 0.837 0.820
     34       1.451    0.937 0.350      0.457 0.476 0.500 0.636 0.668 0.682 0.770 0.820 0.924 1.000 0.995 0.991 0.986 0.982 0.976
     35       1.956    0.968 0.251      0.362 0.383 0.408 0.553 0.588 0.603 0.700 0.757 0.880 0.995 1.000 0.999 0.998 0.996 0.994
     36       2.219    0.976 0.220      0.332 0.353 0.378 0.525 0.561 0.576 0.676 0.735 0.864 0.991 0.999 1.000 0.999 0.999 0.997
     37       2.595    0.982 0.187      0.300 0.321 0.347 0.496 0.533 0.548 0.651 0.712 0.847 0.986 0.998 0.999 1.000 1.000 0.999
     38       2.860    0.986 0.169      0.282 0.304 0.330 0.480 0.517 0.533 0.637 0.699 0.837 0.982 0.996 0.999 1.000 1.000 1.000
     39       3.438    0.990 0.140      0.254 0.276 0.302 0.454 0.492 0.508 0.614 0.678 0.820 0.976 0.994 0.997 0.999 1.000 1.000

  R CORE   ENERGY   A0R/A00=1.000    R3= 0     2  
   2( 1)    0.732                    1.000 0.000
   2( 2)  487.921                    0.000 1.000

  R CORE   ENERGY   A0R/A00=1.000    R3= 0     2  
   3( 1)  488.652                    0.000 1.000

  R CORE   ENERGY   A0R/A00=1.000    R3= 0     2     4  
   4( 1)    2.438                    1.000 0.000 0.000

  R CORE   ENERGY   A0R/A00=1.000    R3= 0     2     4  
   5( 1)  490.847                    0.000 1.000 0.000

  R CORE   ENERGY   A0R/A00=1.000    R3= 0     2     4     6  
   6( 1)    5.121                    1.000 0.000 0.000 0.000

  R CORE   ENERGY   A0R/A00=1.000    R3= 0     2     4     6  
   7( 1)  494.017                    0.000 1.000 0.000 0.000

          AXIAL SYMMETRY => K RESTRICTED TO OMEGA

                     K
     S.P. ORB#: 25  0.50
     S.P. ORB#: 26  2.50
     S.P. ORB#: 27 -3.50
     S.P. ORB#: 28  0.50
     S.P. ORB#: 29 -1.50
     S.P. ORB#: 30 -3.50
     S.P. ORB#: 31  0.50
     S.P. ORB#: 32  4.50
     S.P. ORB#: 33 -1.50
     S.P. ORB#: 34  2.50
     S.P. ORB#: 35 -1.50
     S.P. ORB#: 36  2.50
     S.P. ORB#: 37 -3.50
     S.P. ORB#: 38  0.50
     S.P. ORB#: 39  0.50
 

             ENERGY    K= OMEGA
 
 I=  1/2- (1)  2.729  28:-0.996
                      38:-0.085
 
 I=  1/2- (2)  3.181  25:-0.067
                      28: 0.082
                      38:-0.994
 
 I=  1/2- (3)  5.601  25: 0.997
                      38:-0.063
 
 I=  1/2- (4)  6.325  31:-0.604
                      39: 0.797
 
 I=  1/2- (5)  9.133  31: 0.797
                      39: 0.604

             ENERGY    K= OMEGA
 
 I=  3/2- (1)  2.372  25: 0.132
                      28: 0.437
                      29: 0.324
                      35: 0.820
                      38:-0.121
 
 I=  3/2- (2)  2.591  25:-0.054
                      28: 0.367
                      29:-0.911
                      35: 0.178

             ENERGY    K= OMEGA
 
 I=  5/2- (1)  2.456  25:-0.207
                      28: 0.382
                      29: 0.609
                      35:-0.299
                      36:-0.575
                      38: 0.140
 
 I=  5/2- (2)  2.987  25: 0.124
                      26:-0.055
                      28: 0.052
                      29:-0.530
                      35:-0.792
                      36:-0.203
                      38:-0.175
 
 I=  5/2- (3)  3.111  25: 0.152
                      28:-0.507
                      29:-0.156
                      35: 0.320
                      36:-0.757
                      38:-0.143
 
 I=  5/2- (4)  3.988  25:-0.135
                      28:-0.195
                      29: 0.360
                      35:-0.117
                      36: 0.146
                      38:-0.883
 
 I=  5/2- (5)  4.165  25:-0.116
                      28: 0.714
                      29:-0.372
                      35: 0.405
                      36:-0.181
                      38:-0.375

             ENERGY    K= OMEGA
 
 I=  7/2- (1)  2.111  26: 0.212
                      27:-0.061
                      30:-0.974
 
 I=  7/2- (2)  3.166  28:-0.316
                      29: 0.504
                      35:-0.428
                      36: 0.677
 
 I=  7/2- (3)  3.234  31: 0.739
                      33: 0.569
                      34: 0.333
                      37: 0.131
 
 I=  7/2- (4)  3.365  25:-0.301
                      28:-0.564
                      29:-0.492
                      35:-0.512
                      36:-0.204
                      38: 0.206
 
 I=  7/2- (5)  4.222  26:-0.070
                      27:-0.137
                      28:-0.535
                      29: 0.593
                      35: 0.230
                      36:-0.534

             ENERGY    K= OMEGA
 
 I=  9/2- (1)  1.847  26:-0.065
                      27: 0.223
                      30:-0.186
                      32:-0.955
 
 I=  9/2- (2)  3.026  26:-0.290
                      27:-0.093
                      29:-0.064
                      30:-0.930
                      32: 0.179
                      36: 0.062
 
 I=  9/2- (3)  3.461  25:-0.342
                      28: 0.465
                      29: 0.630
                      30:-0.078
                      35:-0.262
                      36:-0.398
                      38: 0.189
 
 I=  9/2- (4)  4.470  31:-0.240
                      33: 0.604
                      34:-0.648
                      37: 0.397
 
 I=  9/2- (5)  4.736  25: 0.184
                      26:-0.082
                      27: 0.084
                      29:-0.383
                      35:-0.722
                      36:-0.458
                      38:-0.266

             ENERGY    K= OMEGA
 
 I= 11/2- (1)  2.448  31:-0.689
                      33:-0.578
                      34:-0.390
                      37:-0.192
 
 I= 11/2- (2)  2.877  26: 0.110
                      27: 0.301
                      30:-0.259
                      32: 0.911
 
 I= 11/2- (3)  4.170  26: 0.341
                      27:-0.126
                      29:-0.067
                      30:-0.890
                      32:-0.252
                      36:-0.068
 
 I= 11/2- (4)  5.061  25: 0.069
                      28:-0.323
                      29: 0.557
                      35:-0.421
                      36: 0.629
 
 I= 11/2- (5)  5.184  25:-0.384
                      28:-0.614
                      29:-0.457
                      30: 0.092
                      35:-0.431
                      36:-0.145
                      38: 0.225

             ENERGY    K= OMEGA
 
 I= 13/2- (1)  4.126  26:-0.149
                      27: 0.350
                      30:-0.308
                      32:-0.872
 
 I= 13/2- (2)  4.672  31:-0.226
                      33: 0.583
                      34:-0.655
                      37: 0.423
 
 I= 13/2- (3)  5.329  25:-0.408
                      26: 0.093
                      28: 0.469
                      29: 0.606
                      30: 0.208
                      32:-0.055
                      35:-0.209
                      36:-0.327
                      38: 0.198
 
 I= 13/2- (4)  5.569  25:-0.105
                      26:-0.365
                      27:-0.148
                      28: 0.142
                      29: 0.127
                      30:-0.831
                      32: 0.301
                      35:-0.112
 
 I= 13/2- (5)  7.435  25: 0.197
                      26:-0.081
                      27: 0.086
                      28:-0.052
                      29:-0.271
                      30: 0.063
                      32: 0.053
                      35:-0.691
                      36:-0.543
                      38:-0.303

             ENERGY     K= 1/2
  32 LEVELS    TIME=  0.0 SEC



 ******************* EXCITATION ENERGIES, DOMINANT CONFIGURATION AND EXPECTATION VALUES (WITH S.P. UU+VV FACTORS) *******************

  NR  Eex(keV)  I   Kdom  NY    <Jz>  <Jx**2> <Jy**2> <Jz**2> <I.j>/|I|  <Rx**2> <Ry**2> <Rz**2> <R.j>/|R|  <HROTx> <HROTy> <HROTz>

   1    0.0   9/2-   9/2  32    3.82    2.58    2.58   19.51    4.38       2.93    2.93    0.00   -1.19      0.357   0.357   0.000
   2  264.2   7/2-  -7/2  30   -3.22    2.31    2.31   11.96    3.39       2.72    2.72   -0.00   -1.35      0.332   0.332  -0.000
   3  525.6   3/2-  -3/2  35   -1.05    2.30    2.30    1.80    1.56       2.06    2.06    0.00   -1.67      0.251   0.251   0.000
   4  601.7  11/2-   1/2  31   -0.01   25.62   25.62    2.27    6.58       5.26    5.26    0.00   -4.36      0.641   0.641   0.000
   5  609.1   5/2-  -3/2  29    0.24    3.71    3.71    3.16    2.48       2.33    2.33   -0.00   -1.50      0.285   0.285  -0.000
  
   6  744.6   3/2-  -3/2  29   -1.22    4.62    4.62    1.97    1.44       4.70    4.70    0.00   -2.75      0.573   0.573   0.000
   7  882.2   1/2-   1/2  28    0.50    4.62    4.62    0.25    0.37       4.80    4.80    0.00   -2.96      0.585   0.585   0.000
   8 1030.1  11/2-   9/2  32    3.22    2.83    2.83   18.82    3.91       6.71    6.71    0.00   -0.29      0.818   0.818   0.000
   9 1140.6   5/2-  -3/2  35   -1.23    2.23    2.23    2.33    1.09       4.56    4.56    0.00   -1.19      0.556   0.556   0.000
  10 1179.0   9/2-  -7/2  30   -2.70    2.44    2.44   11.92    2.94       6.12    6.12   -0.00   -0.61      0.747   0.747  -0.000
  
  11 1264.5   5/2-   5/2  36    1.39    2.84    2.84    3.94    1.64       4.33    4.33   -0.00   -1.62      0.528   0.528  -0.000
  12 1319.6   7/2-   5/2  36    0.53    2.95    2.95    3.91    1.91       5.20    5.20   -0.00   -0.69      0.634   0.634  -0.000
  13 1334.7   1/2-   1/2  38    0.50    1.44    1.44    0.25    0.71       1.33    1.33    0.00   -1.55      0.162   0.162   0.000
  14 1387.4   7/2-   1/2  31    0.00   24.97   24.97    1.77    6.32       8.66    8.66    0.00   -6.40      1.056   1.056   0.000
  15 1518.0   7/2-   1/2  28   -0.43    3.24    3.24    1.54    1.52       5.86    5.86    0.00   -0.58      0.714   0.714   0.000
  
  16 1614.0   9/2-  -3/2  29   -0.13    4.48    4.48    2.22    2.38       6.12    6.12    0.00    0.19      0.746   0.746   0.000
  17 2141.6   5/2-   1/2  38    0.26    2.04    2.04    0.66    0.38       5.62    5.62    0.00   -1.08      0.685   0.685   0.000
  18 2279.6  13/2-   9/2  32    2.72    3.04    3.04   18.19    3.59      11.45   11.45    0.00    0.17      1.395   1.395   0.000
  19 2318.3   5/2-   1/2  28   -0.04    3.67    3.67    1.06   -0.33       9.55    9.55    0.00   -2.15      1.165   1.165   0.000
  20 2323.3  11/2-  -7/2  30   -2.25    2.54    2.54   11.96    2.65      10.53   10.53   -0.00   -0.25      1.283   1.283  -0.000
  
  21 2375.1   7/2-  -3/2  29    0.20    3.49    3.49    3.03    0.68      10.17   10.17   -0.00   -1.62      1.239   1.239  -0.000
  22 2623.3   9/2-   5/2  34   -0.02   25.37   25.37    5.39    5.62      12.47   12.47    0.00   -5.64      1.520   1.520   0.000
  23 2825.6  13/2-   5/2  34   -0.04   25.35   25.35    5.65    5.65      13.13   13.13    0.00   -3.30      1.601   1.601   0.000
  24 2889.7   9/2-  -3/2  35   -0.43    2.16    2.16    3.00    1.04      10.89   10.89    0.00   -0.47      1.328   1.328   0.000
  25 3214.1  11/2-   5/2  36    0.31    3.18    3.18    3.69    1.63      13.15   13.15   -0.00   -0.06      1.603   1.603  -0.000
  
  26 3337.1  11/2-   1/2  28   -0.28    3.54    3.54    1.27    1.54      12.86   12.86    0.00    0.17      1.568   1.568   0.000
  27 3482.8  13/2-  -3/2  29   -0.26    4.71    4.71    2.37    2.42      13.37   13.37   -0.00    0.99      1.630   1.630  -0.000
  28 3722.8  13/2-  -7/2  30   -1.78    2.77    2.77   11.48    2.42      15.95   15.95    0.00   -0.01      1.945   1.945   0.000
  29 3753.9   1/2-   1/2  25    0.50    6.22    6.22    0.25    0.68       6.13    6.13    0.00   -3.46      0.747   0.747   0.000
  30 4478.0   1/2-   1/2  39    0.50   13.06   13.06    0.25   -2.04      15.33   15.33    0.00   -5.08      1.869   1.869   0.000
  
  31 5588.6  13/2-  -3/2  35   -0.03    2.08    2.08    3.35    0.94      21.59   21.59   -0.00   -0.15      2.633   2.633  -0.000
  32 7286.6   1/2-   1/2  31    0.50   25.84   25.84    0.25   -3.59      29.45   29.45    0.00   -7.17      3.590   3.590   0.000
