1SPECTRUM OF (Z= 82 A=207) IN PARTICLE-ROTOR  MODEL WITH MODIFIED OSCILLATOR POTENTIAL


 PARITY=-   EPS= 0.269   GAMMA=  0.0   EPS4=0.000   EPS6=0.000   LEVELS:  24  25  26  27  28  29  30  31  32  33  34  35  36  37  38

 PAIRING FACTORS: GN0= 19.20  GN1=  7.40  IPAIR= 15 ***  E2PLUS(INPUT)=   0.730  E2PLUR(INPUT)=   0.000

 CORIOLIS ATTENUATION PARAMETERS:  CHSI=1.000  ETA=  1.00

 MOMENT OF INERTIA PARAMETERS:   A1=  0.122 MEV   A2=  0.122 MEV   A3=121.91923 MEV


 DELTA=0.945 MEV  LAMBDA=53.3392 MEV   HW0= 7.4751 MEV   LAMBDA/HW0= 7.1356

 E2ENERGY=0.730 MEV  HBAR**2/B=13417./A**(7/3)=2268.1/A**2 MEV

 IREC=0  =>  RECOIL TERMS j+j-, j+j+, jzjz, ETC TREATED AS ONE-BODY OPERATORS WITH UU+VV PAIRING FACTORS



 S. P. LEVEL   EQP       U     V        (UU + VV)**1.00

     24       5.088    0.093 0.996      1.000 1.000 0.999 0.998 0.980 0.977 0.972 0.937 0.820 0.634 0.397 0.392 0.350 0.283 0.272
     25       4.118    0.116 0.993      1.000 1.000 1.000 0.999 0.984 0.982 0.977 0.945 0.833 0.651 0.418 0.413 0.371 0.305 0.293
     26       3.666    0.130 0.992      0.999 1.000 1.000 1.000 0.986 0.984 0.980 0.950 0.841 0.662 0.431 0.426 0.384 0.318 0.307
     27       3.116    0.153 0.988      0.998 0.999 1.000 1.000 0.990 0.988 0.985 0.957 0.854 0.680 0.452 0.447 0.406 0.341 0.330
     28       1.697    0.291 0.957      0.980 0.984 0.986 0.990 1.000 1.000 0.999 0.988 0.918 0.776 0.573 0.569 0.531 0.470 0.459
     29       1.640    0.302 0.953      0.977 0.982 0.984 0.988 1.000 1.000 1.000 0.990 0.923 0.784 0.583 0.578 0.540 0.480 0.469
     30       1.541    0.324 0.946      0.972 0.977 0.980 0.985 0.999 1.000 1.000 0.993 0.932 0.798 0.602 0.597 0.560 0.500 0.490
     31       1.208    0.434 0.901      0.937 0.945 0.950 0.957 0.988 0.990 0.993 1.000 0.968 0.864 0.692 0.688 0.654 0.600 0.590
     32       0.958    0.646 0.764      0.820 0.833 0.841 0.854 0.918 0.923 0.932 0.968 1.000 0.962 0.851 0.848 0.823 0.781 0.773
     33       1.019    0.829 0.559      0.634 0.651 0.662 0.680 0.776 0.784 0.798 0.864 0.962 1.000 0.962 0.960 0.946 0.921 0.916
     34       1.602    0.951 0.310      0.397 0.418 0.431 0.452 0.573 0.583 0.602 0.692 0.851 0.962 1.000 1.000 0.999 0.993 0.991
     35       1.628    0.952 0.305      0.392 0.413 0.426 0.447 0.569 0.578 0.597 0.688 0.848 0.960 1.000 1.000 0.999 0.993 0.992
     36       1.876    0.965 0.261      0.350 0.371 0.384 0.406 0.531 0.540 0.560 0.654 0.823 0.946 0.999 0.999 1.000 0.998 0.997
     37       2.502    0.981 0.192      0.283 0.305 0.318 0.341 0.470 0.480 0.500 0.600 0.781 0.921 0.993 0.993 0.998 1.000 1.000
     38       2.658    0.984 0.181      0.272 0.293 0.307 0.330 0.459 0.469 0.490 0.590 0.773 0.916 0.991 0.992 0.997 1.000 1.000

  R CORE   ENERGY   A0R/A00=1.000    R3= 0     2  
   2( 1)    0.732                    1.000 0.000
   2( 2)  487.921                    0.000 1.000

  R CORE   ENERGY   A0R/A00=1.000    R3= 0     2  
   3( 1)  488.652                    0.000 1.000

  R CORE   ENERGY   A0R/A00=1.000    R3= 0     2     4  
   4( 1)    2.438                    1.000 0.000 0.000

  R CORE   ENERGY   A0R/A00=1.000    R3= 0     2     4  
   5( 1)  490.847                    0.000 1.000 0.000

  R CORE   ENERGY   A0R/A00=1.000    R3= 0     2     4     6  
   6( 1)    5.121                    1.000 0.000 0.000 0.000

  R CORE   ENERGY   A0R/A00=1.000    R3= 0     2     4     6  
   7( 1)  494.017                    0.000 1.000 0.000 0.000

          AXIAL SYMMETRY => K RESTRICTED TO OMEGA

                     K
     S.P. ORB#: 24  2.50
     S.P. ORB#: 25  0.50
     S.P. ORB#: 26  2.50
     S.P. ORB#: 27 -3.50
     S.P. ORB#: 28  0.50
     S.P. ORB#: 29 -3.50
     S.P. ORB#: 30 -1.50
     S.P. ORB#: 31  4.50
     S.P. ORB#: 32  0.50
     S.P. ORB#: 33 -1.50
     S.P. ORB#: 34  2.50
     S.P. ORB#: 35 -1.50
     S.P. ORB#: 36  2.50
     S.P. ORB#: 37  0.50
     S.P. ORB#: 38 -3.50
 

             ENERGY    K= OMEGA
 
 I=  1/2- (1)  2.792  28: 0.455
                      37: 0.890
 
 I=  1/2- (2)  2.870  25:-0.063
                      28: 0.890
                      37:-0.452
 
 I=  1/2- (3)  5.545  25: 0.997
                      37:-0.059
 
 I=  1/2- (4)  8.195  32:-1.000
 
 I=  1/2- (5)147.322  33:-1.000

             ENERGY    K= OMEGA
 
 I=  3/2- (1)  2.120  25: 0.077
                      28: 0.288
                      30: 0.162
                      35: 0.937
                      37:-0.087
 
 I=  3/2- (2)  2.697  25:-0.088
                      28: 0.240
                      30:-0.955
                      35: 0.108
                      37: 0.101

             ENERGY    K= OMEGA
 
 I=  5/2- (1)  2.284  25:-0.131
                      28: 0.266
                      30: 0.388
                      35:-0.433
                      36:-0.753
                      37: 0.090
 
 I=  5/2- (2)  2.766  25: 0.080
                      26:-0.053
                      28: 0.121
                      30:-0.433
                      35:-0.833
                      36: 0.266
                      37:-0.152
 
 I=  5/2- (3)  2.936  24: 0.065
                      25:-0.227
                      28: 0.474
                      30: 0.526
                      35:-0.103
                      36: 0.576
                      37: 0.316
 
 I=  5/2- (4)  3.660  25: 0.182
                      28:-0.059
                      30:-0.318
                      36:-0.094
                      37: 0.923
 
 I=  5/2- (5)  4.181  24: 0.061
                      25: 0.085
                      28:-0.797
                      30: 0.466
                      35:-0.325
                      36: 0.143
                      37: 0.103

             ENERGY    K= OMEGA
 
 I=  7/2- (1)  2.386  26:-0.221
                      27: 0.086
                      29: 0.968
                      36: 0.053
 
 I=  7/2- (2)  2.936  27: 0.059
                      28:-0.270
                      30: 0.352
                      35:-0.513
                      36: 0.730
 
 I=  7/2- (3)  3.205  32:-0.739
                      33:-0.571
                      34:-0.333
                      38:-0.130
 
 I=  7/2- (4)  3.274  24: 0.064
                      25:-0.265
                      28:-0.453
                      29: 0.080
                      30:-0.493
                      35:-0.569
                      36:-0.322
                      37: 0.203
 
 I=  7/2- (5)  4.142  24:-0.156
                      27: 0.128
                      28:-0.462
                      30: 0.686
                      36:-0.520

             ENERGY    K= OMEGA
 
 I=  9/2- (1)  1.988  24: 0.061
                      26:-0.059
                      27: 0.258
                      29:-0.165
                      31:-0.948
 
 I=  9/2- (2)  3.253  24:-0.093
                      25: 0.129
                      26:-0.271
                      27:-0.140
                      28:-0.155
                      29:-0.845
                      30:-0.271
                      31: 0.106
                      35: 0.070
                      36: 0.221
                      37:-0.077
 
 I=  9/2- (3)  3.397  25:-0.281
                      26:-0.133
                      28: 0.393
                      29:-0.386
                      30: 0.518
                      31: 0.109
                      35:-0.325
                      36:-0.430
                      37: 0.167
 
 I=  9/2- (4)  4.462  24:-0.094
                      25: 0.209
                      28:-0.089
                      29: 0.077
                      30:-0.432
                      35:-0.692
                      36:-0.407
                      37:-0.314
 
 I=  9/2- (5)  4.468  32:-0.247
                      33: 0.609
                      34:-0.644
                      38: 0.392

             ENERGY    K= OMEGA
 
 I= 11/2- (1)  2.335  32: 0.696
                      33: 0.574
                      34: 0.388
                      38: 0.189
 
 I= 11/2- (2)  2.945  24: 0.107
                      26:-0.096
                      27:-0.359
                      29: 0.215
                      31:-0.895
 
 I= 11/2- (3)  4.363  24: 0.115
                      25:-0.060
                      26: 0.344
                      27:-0.175
                      29:-0.871
                      30:-0.170
                      31:-0.150
                      36:-0.138
 
 I= 11/2- (4)  4.842  24: 0.076
                      26:-0.082
                      27:-0.061
                      28: 0.305
                      29: 0.126
                      30:-0.452
                      31: 0.124
                      35: 0.486
                      36:-0.646
 
 I= 11/2- (5)  5.132  24:-0.093
                      25: 0.362
                      28: 0.535
                      29:-0.188
                      30: 0.479
                      31:-0.094
                      35: 0.466
                      36: 0.174
                      37:-0.226

             ENERGY    K= OMEGA
 
 I= 13/2- (1)  4.094  24: 0.152
                      26:-0.123
                      27: 0.429
                      29:-0.236
                      30: 0.077
                      31:-0.842
                      36:-0.054
 
 I= 13/2- (2)  4.591  32: 0.233
                      33:-0.588
                      34: 0.652
                      38:-0.417
 
 I= 13/2- (3)  5.236  24:-0.122
                      25: 0.387
                      26:-0.096
                      27:-0.063
                      28:-0.437
                      29:-0.226
                      30:-0.593
                      31:-0.101
                      35: 0.229
                      36: 0.356
                      37:-0.197
 
 I= 13/2- (4)  5.747  24: 0.094
                      25: 0.098
                      26: 0.379
                      27: 0.180
                      28:-0.152
                      29: 0.834
                      30:-0.092
                      31:-0.210
                      35: 0.166
                      36: 0.057
 
 I= 13/2- (5)  7.130  24: 0.084
                      25:-0.206
                      28: 0.063
                      29:-0.102
                      30: 0.301
                      35: 0.680
                      36: 0.524
                      37: 0.326

             ENERGY     K=-7/2
  32 LEVELS    TIME=  0.0 SEC



 ******************* EXCITATION ENERGIES, DOMINANT CONFIGURATION AND EXPECTATION VALUES (WITH S.P. UU+VV FACTORS) *******************

  NR  Eex(keV)  I   Kdom  NY    <Jz>  <Jx**2> <Jy**2> <Jz**2> <I.j>/|I|  <Rx**2> <Ry**2> <Rz**2> <R.j>/|R|  <HROTx> <HROTy> <HROTz>

   1    0.0   9/2-   9/2  31    3.73    2.67    2.67   19.38    4.46       2.53    2.53    0.00   -1.12      0.309   0.309   0.000
   2  132.4   3/2-  -3/2  35   -1.31    1.84    1.84    2.06    1.46       1.92    1.92   -0.00   -1.49      0.234   0.234  -0.000
   3  296.1   5/2-   5/2  36    0.96    2.62    2.62    4.32    2.44       1.94    1.94    0.00   -1.19      0.237   0.237   0.000
   4  347.1  11/2-   1/2  32   -0.00   25.97   25.97    2.24    6.70       4.92    4.92    0.00   -4.51      0.600   0.600   0.000
   5  398.0   7/2-  -7/2  29   -3.17    2.28    2.28   11.90    3.41       2.58    2.58    0.00   -1.29      0.315   0.315   0.000
  
   6  709.0   3/2-  -3/2  30   -1.35    4.52    4.52    2.10    1.48       4.58    4.58   -0.00   -2.73      0.558   0.558  -0.000
   7  778.0   5/2-  -3/2  35   -1.11    1.94    1.94    2.46    1.04       4.47    4.47   -0.00   -1.09      0.545   0.545  -0.000
   8  803.6   1/2-   1/2  37    0.50    2.21    2.21    0.25    0.98       1.86    1.86    0.00   -1.98      0.227   0.227   0.000
   9  882.1   1/2-   1/2  28    0.50    3.71    3.71    0.25    0.13       4.10    4.10    0.00   -2.64      0.500   0.500   0.000
  10  947.6   7/2-   5/2  36    0.77    2.47    2.47    4.29    1.94       4.80    4.80   -0.00   -0.50      0.585   0.585  -0.000
  
  11  947.8   5/2-   5/2  36    0.60    3.64    3.64    2.84    1.80       4.12    4.12    0.00   -1.67      0.502   0.502   0.000
  12  957.1  11/2-   9/2  31    3.05    3.07    3.07   18.52    4.09       5.76    5.76    0.00   -0.06      0.702   0.702   0.000
  13 1217.3   7/2-   1/2  32    0.00   26.00   26.00    1.77    6.56       8.72    8.72    0.00   -6.64      1.064   1.064   0.000
  14 1265.2   9/2-  -7/2  29   -2.28    2.67    2.67   10.21    2.93       5.57    5.57    0.00   -0.29      0.679   0.679   0.000
  15 1286.4   7/2-  -3/2  35   -0.45    2.84    2.84    2.14    1.53       5.73    5.73    0.00   -0.52      0.698   0.698   0.000
  
  16 1409.1   9/2-  -3/2  30   -0.38    3.85    3.85    4.25    2.47       6.04    6.04    0.00    0.10      0.737   0.737   0.000
  17 1672.1   5/2-   1/2  37    0.32    1.71    1.71    0.52    0.47       4.95    4.95   -0.00   -0.81      0.603   0.603  -0.000
  18 2106.5  13/2-   9/2  31    2.45    3.47    3.47   17.58    3.85       9.74    9.74    0.00    0.54      1.188   1.188   0.000
  19 2154.1   7/2-  -3/2  30    0.08    3.75    3.75    3.17    0.89       9.67    9.67   -0.00   -1.62      1.179   1.179  -0.000
  20 2192.9   5/2-   1/2  28   -0.10    4.28    4.28    1.04   -0.34      10.18   10.18   -0.00   -2.35      1.241   1.241  -0.000
  
  21 2375.2  11/2-  -7/2  29   -2.33    2.55    2.55   11.15    2.71       9.80    9.80    0.00   -0.01      1.195   1.195   0.000
  22 2474.0   9/2-  -3/2  35   -0.50    2.26    2.26    2.73    1.09      10.57   10.57   -0.00   -0.39      1.289   1.289  -0.000
  23 2480.3   9/2-   5/2  34   -0.03   25.75   25.75    5.32    5.76      12.14   12.14    0.00   -5.72      1.480   1.480   0.000
  24 2602.5  13/2-   5/2  34   -0.04   25.70   25.70    5.59    5.79      12.47   12.47   -0.00   -3.32      1.520   1.520  -0.000
  25 2854.3  11/2-   5/2  36    0.46    2.94    2.94    4.25    1.72      12.66   12.66   -0.00    0.03      1.543   1.543  -0.000
  
  26 3144.3  11/2-   1/2  28   -0.43    3.31    3.31    2.00    1.59      12.69   12.69   -0.00    0.17      1.547   1.547  -0.000
  27 3248.4  13/2-  -3/2  30   -0.19    4.54    4.54    2.83    2.51      12.78   12.78    0.00    1.12      1.558   1.558   0.000
  28 3557.5   1/2-   1/2  25    0.50    5.99    5.99    0.25    0.69       5.89    5.89    0.00   -3.39      0.718   0.718   0.000
  29 3759.3  13/2-  -7/2  29   -2.00    2.70    2.70   10.89    2.47      15.29   15.29    0.00    0.17      1.865   1.865   0.000
  30 5141.9  13/2-  -3/2  35   -0.08    2.03    2.03    3.19    0.95      21.39   21.39   -0.00   -0.10      2.608   2.608  -0.000
  
  31 6207.2   1/2-   1/2  32    0.50   25.89   25.89    0.25   -3.80      29.68   29.68    0.00   -7.18      3.618   3.618   0.000
  32*******   1/2-  -3/2  33    0.00    0.00    0.00    0.00   -0.00       0.00    0.00    0.00   -0.00      0.000   0.000   0.000
