1SPECTRUM OF (Z= 82 A=207) IN PARTICLE-ROTOR  MODEL WITH MODIFIED OSCILLATOR POTENTIAL


 PARITY=-   EPS= 0.250   GAMMA=  0.0   EPS4=0.000   EPS6=0.000   LEVELS:  25  26  27  28  29  30  31  32  33  34  35  36  37  38  39

 PAIRING FACTORS: GN0= 19.20  GN1=  7.40  IPAIR= 15 ***  E2PLUS(INPUT)=   0.730  E2PLUR(INPUT)=   0.000

 CORIOLIS ATTENUATION PARAMETERS:  CHSI=1.000  ETA=  1.00

 MOMENT OF INERTIA PARAMETERS:   A1=  0.122 MEV   A2=  0.122 MEV   A3=121.91924 MEV


 DELTA=0.938 MEV  LAMBDA=53.4035 MEV   HW0= 7.4660 MEV   LAMBDA/HW0= 7.1529

 E2ENERGY=0.730 MEV  HBAR**2/B=11589./A**(7/3)=1959.0/A**2 MEV

 IREC=0  =>  RECOIL TERMS j+j-, j+j+, jzjz, ETC TREATED AS ONE-BODY OPERATORS WITH UU+VV PAIRING FACTORS



 S. P. LEVEL   EQP       U     V        (UU + VV)**1.00

     25       4.133    0.114 0.993      1.000 1.000 1.000 0.990 0.988 0.984 0.972 0.733 0.571 0.477 0.419 0.392 0.330 0.288 0.233
     26       3.857    0.122 0.992      1.000 1.000 1.000 0.992 0.990 0.985 0.974 0.738 0.577 0.484 0.426 0.400 0.338 0.296 0.241
     27       3.310    0.143 0.990      1.000 1.000 1.000 0.994 0.992 0.989 0.979 0.752 0.594 0.502 0.445 0.419 0.358 0.316 0.261
     28       1.938    0.250 0.968      0.990 0.992 0.994 1.000 1.000 0.999 0.995 0.819 0.678 0.593 0.540 0.515 0.457 0.417 0.364
     29       1.846    0.263 0.965      0.988 0.990 0.992 1.000 1.000 1.000 0.996 0.827 0.688 0.604 0.552 0.527 0.469 0.430 0.377
     30       1.685    0.291 0.957      0.984 0.985 0.989 0.999 1.000 1.000 0.998 0.843 0.709 0.627 0.575 0.551 0.494 0.456 0.404
     31       1.452    0.344 0.939      0.972 0.974 0.979 0.995 0.996 0.998 1.000 0.872 0.747 0.669 0.620 0.597 0.542 0.505 0.454
     32       0.949    0.760 0.650      0.733 0.738 0.752 0.819 0.827 0.843 0.872 1.000 0.977 0.947 0.925 0.913 0.884 0.863 0.832
     33       1.125    0.881 0.473      0.571 0.577 0.594 0.678 0.688 0.709 0.747 0.977 1.000 0.994 0.985 0.979 0.964 0.951 0.931
     34       1.354    0.928 0.373      0.477 0.484 0.502 0.593 0.604 0.627 0.669 0.947 0.994 1.000 0.998 0.996 0.987 0.979 0.966
     35       1.579    0.950 0.312      0.419 0.426 0.445 0.540 0.552 0.575 0.620 0.925 0.985 0.998 1.000 1.000 0.995 0.990 0.981
     36       1.718    0.959 0.285      0.392 0.400 0.419 0.515 0.527 0.551 0.597 0.913 0.979 0.996 1.000 1.000 0.998 0.994 0.986
     37       2.182    0.975 0.220      0.330 0.338 0.358 0.457 0.469 0.494 0.542 0.884 0.964 0.987 0.995 0.998 1.000 0.999 0.995
     38       2.691    0.984 0.177      0.288 0.296 0.316 0.417 0.430 0.456 0.505 0.863 0.951 0.979 0.990 0.994 0.999 1.000 0.998
     39       3.930    0.993 0.120      0.233 0.241 0.261 0.364 0.377 0.404 0.454 0.832 0.931 0.966 0.981 0.986 0.995 0.998 1.000

  R CORE   ENERGY   A0R/A00=1.000    R3= 0     2  
   2( 1)    0.732                    1.000 0.000
   2( 2)  487.921                    0.000 1.000

  R CORE   ENERGY   A0R/A00=1.000    R3= 0     2  
   3( 1)  488.652                    0.000 1.000

  R CORE   ENERGY   A0R/A00=1.000    R3= 0     2     4  
   4( 1)    2.438                    1.000 0.000 0.000

  R CORE   ENERGY   A0R/A00=1.000    R3= 0     2     4  
   5( 1)  490.847                    0.000 1.000 0.000

  R CORE   ENERGY   A0R/A00=1.000    R3= 0     2     4     6  
   6( 1)    5.121                    1.000 0.000 0.000 0.000

  R CORE   ENERGY   A0R/A00=1.000    R3= 0     2     4     6  
   7( 1)  494.017                    0.000 1.000 0.000 0.000

          AXIAL SYMMETRY => K RESTRICTED TO OMEGA

                     K
     S.P. ORB#: 25  0.50
     S.P. ORB#: 26  2.50
     S.P. ORB#: 27 -3.50
     S.P. ORB#: 28 -3.50
     S.P. ORB#: 29  0.50
     S.P. ORB#: 30 -1.50
     S.P. ORB#: 31  4.50
     S.P. ORB#: 32  0.50
     S.P. ORB#: 33 -1.50
     S.P. ORB#: 34 -1.50
     S.P. ORB#: 35  2.50
     S.P. ORB#: 36  2.50
     S.P. ORB#: 37  0.50
     S.P. ORB#: 38 -3.50
     S.P. ORB#: 39  4.50
 

             ENERGY    K= OMEGA
 
 I=  1/2- (1)  2.475  25:-0.054
                      29:-0.055
                      37:-0.997
 
 I=  1/2- (2)  2.978  29: 0.998
                      37:-0.053
 
 I=  1/2- (3)  5.506  25: 0.998
                      37:-0.056
 
 I=  1/2- (4)  8.377  32: 1.000
 
 I=  1/2- (5)147.428  33: 1.000

             ENERGY    K= OMEGA
 
 I=  3/2- (1)  1.866  25: 0.055
                      29: 0.216
                      30: 0.115
                      34: 0.965
                      37:-0.071
 
 I=  3/2- (2)  2.799  25:-0.112
                      29: 0.107
                      30:-0.941
                      34: 0.115
                      37: 0.277

             ENERGY    K= OMEGA
 
 I=  5/2- (1)  2.043  25: 0.082
                      29:-0.190
                      30:-0.253
                      34: 0.478
                      35: 0.813
                      37:-0.057
 
 I=  5/2- (2)  2.531  29: 0.183
                      30:-0.251
                      34:-0.833
                      35: 0.446
                      37:-0.090
 
 I=  5/2- (3)  2.901  25:-0.211
                      29: 0.415
                      30: 0.576
                      35: 0.325
                      37: 0.588
 
 I=  5/2- (4)  3.415  25:-0.256
                      29: 0.231
                      30: 0.474
                      34: 0.059
                      35: 0.137
                      37:-0.797
 
 I=  5/2- (5)  4.284  25:-0.069
                      29: 0.808
                      30:-0.504
                      34: 0.267
                      35:-0.121

             ENERGY    K= OMEGA
 
 I=  7/2- (1)  2.672  26:-0.179
                      27: 0.085
                      28: 0.817
                      29:-0.094
                      30: 0.169
                      34:-0.223
                      35: 0.453
 
 I=  7/2- (2)  2.696  26: 0.144
                      28:-0.511
                      29:-0.214
                      30: 0.193
                      34:-0.512
                      35: 0.610
 
 I=  7/2- (3)  3.164  25: 0.220
                      28:-0.124
                      29: 0.391
                      30: 0.403
                      34: 0.621
                      35: 0.445
                      37:-0.191
 
 I=  7/2- (4)  3.244  32: 0.740
                      33: 0.570
                      36: 0.332
                      38: 0.130
 
 I=  7/2- (5)  4.233  25:-0.167
                      27: 0.062
                      29: 0.217
                      30:-0.789
                      34: 0.183
                      35: 0.452
                      37: 0.245

             ENERGY    K= OMEGA
 
 I=  9/2- (1)  2.240  26:-0.068
                      27: 0.240
                      28:-0.177
                      31:-0.952
 
 I=  9/2- (2)  3.293  25: 0.258
                      28:-0.066
                      29:-0.376
                      30:-0.484
                      34: 0.416
                      35: 0.592
                      37:-0.169
 
 I=  9/2- (3)  3.577  26:-0.310
                      27:-0.100
                      28:-0.920
                      31: 0.170
                      34:-0.126
 
 I=  9/2- (4)  4.309  32:-0.224
                      33: 0.557
                      36:-0.622
                      38: 0.456
                      39:-0.211
 
 I=  9/2- (5)  4.329  25:-0.236
                      28:-0.087
                      29: 0.144
                      30: 0.481
                      34: 0.654
                      35: 0.242
                      37: 0.441

             ENERGY    K= OMEGA
 
 I= 11/2- (1)  2.228  32:-0.676
                      33:-0.566
                      36:-0.400
                      38:-0.231
                      39:-0.097
 
 I= 11/2- (2)  3.230  26:-0.113
                      27:-0.321
                      28: 0.245
                      31:-0.907
 
 I= 11/2- (3)  4.642  27: 0.053
                      28: 0.140
                      29:-0.300
                      30: 0.341
                      34:-0.541
                      35: 0.691
 
 I= 11/2- (4)  4.690  25:-0.074
                      26: 0.356
                      27:-0.125
                      28:-0.846
                      29:-0.143
                      30:-0.075
                      31:-0.235
                      34:-0.228
                      37: 0.051
 
 I= 11/2- (5)  5.137  25:-0.341
                      26:-0.057
                      28: 0.246
                      29:-0.465
                      30:-0.486
                      31: 0.067
                      34:-0.429
                      35:-0.354
                      37: 0.231

             ENERGY    K= OMEGA
 
 I= 13/2- (1)  4.005  32:-0.193
                      33: 0.501
                      36:-0.610
                      38: 0.511
                      39:-0.281
 
 I= 13/2- (2)  4.441  26:-0.152
                      27: 0.371
                      28:-0.291
                      31:-0.866
 
 I= 13/2- (3)  5.275  25:-0.377
                      28: 0.051
                      29: 0.453
                      30: 0.552
                      31: 0.053
                      34:-0.329
                      35:-0.436
                      37: 0.209
 
 I= 13/2- (4)  6.066  26:-0.396
                      27:-0.160
                      28:-0.842
                      29: 0.050
                      31: 0.288
                      34:-0.140
 
 I= 13/2- (5)  6.939  25:-0.246
                      27:-0.056
                      28:-0.095
                      29: 0.147
                      30: 0.322
                      34: 0.610
                      35: 0.499
                      37: 0.423

             ENERGY     K= 9/2
  32 LEVELS    TIME=  0.0 SEC



 ******************* EXCITATION ENERGIES, DOMINANT CONFIGURATION AND EXPECTATION VALUES (WITH S.P. UU+VV FACTORS) *******************

  NR  Eex(keV)  I   Kdom  NY    <Jz>  <Jx**2> <Jy**2> <Jz**2> <I.j>/|I|  <Rx**2> <Ry**2> <Rz**2> <R.j>/|R|  <HROTx> <HROTy> <HROTz>

   1    0.0   3/2-  -3/2  34   -1.39    1.71    1.71    2.14    1.41       1.93    1.93    0.00   -1.44      0.236   0.236   0.000
   2  176.9   5/2-   5/2  35    1.24    2.13    2.13    4.80    2.35       1.96    1.96    0.00   -1.07      0.239   0.239   0.000
   3  361.8  11/2-   1/2  32    0.00   26.42   26.42    2.67    6.96       4.02    4.02    0.00   -4.90      0.490   0.490   0.000
   4  373.5   9/2-   9/2  31    3.77    2.61    2.61   19.46    4.43       2.68    2.68   -0.00   -1.14      0.327   0.327  -0.001
   5  609.2   1/2-   1/2  37    0.50    1.40    1.40    0.25    0.83       1.18    1.18   -0.00   -1.52      0.144   0.144  -0.000
  
   6  664.6   5/2-  -3/2  34   -0.61    1.71    1.71    2.97    1.06       4.43    4.43    0.00   -1.09      0.541   0.541   0.000
   7  806.3   7/2-  -7/2  28   -1.88    2.21    2.21    9.93    2.99       3.17    3.17   -0.00   -0.98      0.387   0.387  -0.000
   8  829.8   7/2-   5/2  35   -0.36    2.24    2.24    6.34    2.30       4.17    4.17   -0.00   -0.59      0.509   0.509  -0.000
   9  932.9   3/2-  -3/2  30   -1.30    4.26    4.26    2.05    1.48       4.30    4.30   -0.00   -2.63      0.524   0.524  -0.000
  10 1035.1   5/2-   1/2  37    0.05    3.53    3.53    1.55    1.66       3.77    3.77    0.00   -1.35      0.459   0.459   0.000
  
  11 1111.6   1/2-   1/2  29    0.50    4.38    4.38    0.25    0.30       4.62    4.62    0.00   -2.88      0.564   0.564   0.000
  12 1298.3   7/2-  -3/2  34   -0.26    2.32    2.32    2.72    1.40       6.00    6.00    0.00   -0.52      0.731   0.731   0.000
  13 1364.4  11/2-   9/2  31    3.16    2.89    2.89   18.73    3.99       6.26    6.26   -0.00   -0.18      0.764   0.764  -0.001
  14 1377.8   7/2-   1/2  32    0.00   26.58   26.58    1.77    6.71       8.71    8.71    0.00   -6.78      1.062   1.062   0.000
  15 1427.4   9/2-   5/2  35    0.37    3.40    3.40    3.24    2.26       6.15    6.15    0.00    0.34      0.750   0.750   0.000
  
  16 1549.4   5/2-   1/2  37    0.08    2.23    2.23    0.82    0.64       5.12    5.12    0.00   -1.06      0.625   0.625   0.000
  17 1711.4   9/2-  -7/2  28   -2.65    2.46    2.46   11.71    2.95       6.01    6.01   -0.00   -0.56      0.732   0.732  -0.001
  18 2139.5  13/2-   5/2  36    0.02   25.40   25.40    7.69    6.48       8.35    8.35    0.00   -3.23      1.018   1.018   0.000
  19 2367.4   7/2-  -3/2  30   -0.42    3.85    3.85    2.84    0.76      10.12   10.12    0.00   -1.67      1.234   1.234   0.000
  20 2417.7   5/2-   1/2  29   -0.12    4.32    4.32    0.99   -0.37      10.28   10.28   -0.00   -2.36      1.253   1.253  -0.000
  
  21 2443.4   9/2-   5/2  36    0.00   25.73   25.73    6.58    6.25      10.31   10.31    0.00   -5.94      1.257   1.257   0.000
  22 2462.5   9/2-  -3/2  34   -0.74    2.44    2.44    2.04    1.08      10.44   10.44    0.00   -0.33      1.273   1.273   0.000
  23 2575.2  13/2-   9/2  31    2.66    3.12    3.12   18.07    3.68      10.82   10.82   -0.00    0.30      1.319   1.319  -0.000
  24 2776.0  11/2-   5/2  35    0.55    2.41    2.41    4.22    1.63      12.63   12.63    0.00    0.14      1.540   1.540   0.000
  25 2823.9  11/2-  -7/2  28   -2.06    2.58    2.58   11.01    2.60      10.40   10.40   -0.00   -0.13      1.268   1.268  -0.000
  
  26 3270.8  11/2-  -3/2  30   -0.31    2.94    2.94    2.68    1.54      12.96   12.96    0.00    0.12      1.580   1.580   0.000
  27 3408.6  13/2-  -3/2  30    0.05    4.24    4.24    2.30    2.36      13.30   13.30    0.00    1.10      1.621   1.621   0.000
  28 3640.2   1/2-   1/2  25    0.50    5.77    5.77    0.25    0.69       5.67    5.67    0.00   -3.32      0.691   0.691   0.000
  29 4200.5  13/2-  -7/2  28   -1.83    2.65    2.65   11.72    2.45      15.77   15.77   -0.00    0.02      1.923   1.923  -0.001
  30 5073.0  13/2-  -3/2  34    0.01    2.26    2.26    2.88    0.99      21.14   21.14    0.00   -0.07      2.577   2.577   0.000
  
  31 6511.0   1/2-   1/2  32    0.50   26.61   26.61    0.25   -3.87      30.46   30.46    0.00   -7.28      3.714   3.714   0.000
  32*******   1/2-  -3/2  33    0.00    0.00    0.00    0.00   -0.00       0.00    0.00    0.00   -0.00      0.000   0.000   0.000
