1SPECTRUM OF (Z= 82 A=207) IN PARTICLE-ROTOR  MODEL WITH MODIFIED OSCILLATOR POTENTIAL


 PARITY=-   EPS= 0.202   GAMMA=  0.0   EPS4=0.000   EPS6=0.000   LEVELS:  25  26  27  28  29  30  31  32  33  34  35  36  37  38  39

 PAIRING FACTORS: GN0= 19.20  GN1=  7.40  IPAIR= 15 ***  E2PLUS(INPUT)=   0.730  E2PLUR(INPUT)=   0.000

 CORIOLIS ATTENUATION PARAMETERS:  CHSI=1.000  ETA=  1.00

 MOMENT OF INERTIA PARAMETERS:   A1=  0.122 MEV   A2=  0.122 MEV   A3=121.91924 MEV


 DELTA=0.942 MEV  LAMBDA=53.4853 MEV   HW0= 7.4463 MEV   LAMBDA/HW0= 7.1828

 E2ENERGY=0.730 MEV  HBAR**2/B= 7566./A**(7/3)=1279.0/A**2 MEV

 IREC=0  =>  RECOIL TERMS j+j-, j+j+, jzjz, ETC TREATED AS ONE-BODY OPERATORS WITH UU+VV PAIRING FACTORS



 S. P. LEVEL   EQP       U     V        (UU + VV)**1.00

     25       4.235    0.112 0.994      1.000 1.000 1.000 0.998 0.993 0.993 0.991 0.709 0.609 0.482 0.429 0.416 0.337 0.276 0.234
     26       4.046    0.117 0.993      1.000 1.000 1.000 0.998 0.994 0.994 0.992 0.713 0.613 0.487 0.434 0.421 0.342 0.281 0.239
     27       3.711    0.128 0.992      1.000 1.000 1.000 0.999 0.995 0.995 0.993 0.721 0.621 0.496 0.443 0.431 0.353 0.292 0.250
     28       2.655    0.180 0.984      0.998 0.998 0.999 1.000 0.999 0.999 0.998 0.756 0.662 0.542 0.490 0.478 0.402 0.342 0.301
     29       2.144    0.226 0.974      0.993 0.994 0.995 0.999 1.000 1.000 1.000 0.786 0.696 0.580 0.530 0.518 0.443 0.385 0.345
     30       2.124    0.228 0.974      0.993 0.994 0.995 0.999 1.000 1.000 1.000 0.787 0.697 0.582 0.532 0.520 0.446 0.387 0.347
     31       1.981    0.245 0.969      0.991 0.992 0.993 0.998 1.000 1.000 1.000 0.798 0.710 0.596 0.547 0.535 0.461 0.403 0.363
     32       0.965    0.780 0.626      0.709 0.713 0.721 0.756 0.786 0.787 0.798 1.000 0.991 0.960 0.941 0.936 0.903 0.873 0.851
     33       1.066    0.857 0.516      0.609 0.613 0.621 0.662 0.696 0.697 0.710 0.991 1.000 0.989 0.978 0.975 0.952 0.931 0.914
     34       1.337    0.924 0.381      0.482 0.487 0.496 0.542 0.580 0.582 0.596 0.960 0.989 1.000 0.998 0.997 0.987 0.975 0.965
     35       1.533    0.946 0.325      0.429 0.434 0.443 0.490 0.530 0.532 0.547 0.941 0.978 0.998 1.000 1.000 0.995 0.987 0.979
     36       1.589    0.950 0.312      0.416 0.421 0.431 0.478 0.518 0.520 0.535 0.936 0.975 0.997 1.000 1.000 0.996 0.989 0.981
     37       2.105    0.973 0.230      0.337 0.342 0.353 0.402 0.443 0.446 0.461 0.903 0.952 0.987 0.995 0.996 1.000 0.998 0.994
     38       2.865    0.986 0.167      0.276 0.281 0.292 0.342 0.385 0.387 0.403 0.873 0.931 0.975 0.987 0.989 0.998 1.000 0.999
     39       3.829    0.992 0.124      0.234 0.239 0.250 0.301 0.345 0.347 0.363 0.851 0.914 0.965 0.979 0.981 0.994 0.999 1.000

  R CORE   ENERGY   A0R/A00=1.000    R3= 0     2  
   2( 1)    0.732                    1.000 0.000
   2( 2)  487.921                    0.000 1.000

  R CORE   ENERGY   A0R/A00=1.000    R3= 0     2  
   3( 1)  488.652                    0.000 1.000

  R CORE   ENERGY   A0R/A00=1.000    R3= 0     2     4  
   4( 1)    2.438                    1.000 0.000 0.000

  R CORE   ENERGY   A0R/A00=1.000    R3= 0     2     4  
   5( 1)  490.847                    0.000 1.000 0.000

  R CORE   ENERGY   A0R/A00=1.000    R3= 0     2     4     6  
   6( 1)    5.121                    1.000 0.000 0.000 0.000

  R CORE   ENERGY   A0R/A00=1.000    R3= 0     2     4     6  
   7( 1)  494.017                    0.000 1.000 0.000 0.000

          AXIAL SYMMETRY => K RESTRICTED TO OMEGA

                     K
     S.P. ORB#: 25  2.50
     S.P. ORB#: 26  0.50
     S.P. ORB#: 27 -3.50
     S.P. ORB#: 28 -3.50
     S.P. ORB#: 29  0.50
     S.P. ORB#: 30  4.50
     S.P. ORB#: 31 -1.50
     S.P. ORB#: 32 -1.50
     S.P. ORB#: 33  2.50
     S.P. ORB#: 34  0.50
     S.P. ORB#: 35  0.50
     S.P. ORB#: 36 -1.50
     S.P. ORB#: 37  2.50
     S.P. ORB#: 38 -3.50
     S.P. ORB#: 39  4.50
 

             ENERGY    K= OMEGA
 
 I=  1/2- (1)  1.792  26:-0.059
                      35:-0.998
 
 I=  1/2- (2)  3.199  29: 0.999
 
 I=  1/2- (3)  5.261  26: 0.998
                      35:-0.059
 
 I=  1/2- (4)  9.209  34:-1.000
 
 I=  1/2- (5)147.268  32:-1.000

             ENERGY    K= OMEGA
 
 I=  3/2- (1)  1.456  29: 0.185
                      31: 0.102
                      32: 0.974
                      35:-0.073
 
 I=  3/2- (2)  2.432  29:-0.174
                      31:-0.160
                      32: 0.122
                      35: 0.964

             ENERGY    K= OMEGA
 
 I=  5/2- (1)  1.545  26:-0.052
                      29: 0.138
                      31: 0.180
                      32:-0.437
                      33:-0.867
                      35: 0.055
 
 I=  5/2- (2)  2.088  29:-0.210
                      31: 0.170
                      32: 0.859
                      33:-0.428
                      35: 0.055
 
 I=  5/2- (3)  2.459  29:-0.174
                      31:-0.224
                      33:-0.135
                      35:-0.949
 
 I=  5/2- (4)  3.314  26: 0.369
                      29:-0.444
                      31:-0.734
                      32:-0.075
                      33:-0.189
                      35: 0.294
 
 I=  5/2- (5)  4.523  26:-0.065
                      29: 0.805
                      31:-0.524
                      32: 0.248
                      33:-0.103

             ENERGY    K= OMEGA
 
 I=  7/2- (1)  2.180  29: 0.187
                      31:-0.210
                      32: 0.523
                      33:-0.803
 
 I=  7/2- (2)  2.756  25:-0.074
                      26:-0.170
                      28: 0.099
                      29:-0.340
                      31:-0.299
                      32:-0.706
                      33:-0.465
                      35: 0.187
 
 I=  7/2- (3)  3.394  25:-0.235
                      27:-0.092
                      28: 0.959
                      29: 0.060
                      31: 0.057
                      32: 0.057
                      35:-0.057
 
 I=  7/2- (4)  3.715  34: 0.729
                      36: 0.573
                      37: 0.346
                      38: 0.143
 
 I=  7/2- (5)  4.000  26: 0.125
                      28:-0.057
                      29: 0.180
                      31: 0.293
                      32:-0.320
                      33:-0.228
                      35:-0.842

             ENERGY    K= OMEGA
 
 I=  9/2- (1)  2.820  25: 0.074
                      26:-0.133
                      27: 0.202
                      28: 0.122
                      29: 0.225
                      30:-0.619
                      31: 0.267
                      32:-0.364
                      33:-0.519
                      35: 0.118
 
 I=  9/2- (2)  2.920  26:-0.129
                      27:-0.162
                      28:-0.147
                      29: 0.214
                      30: 0.713
                      31: 0.254
                      32:-0.320
                      33:-0.446
                      35: 0.121
 
 I=  9/2- (3)  3.925  25:-0.165
                      27: 0.055
                      28:-0.290
                      29:-0.183
                      30:-0.062
                      31: 0.309
                      32: 0.738
                      33:-0.361
                      35: 0.273
 
 I=  9/2- (4)  4.044  26:-0.137
                      28: 0.141
                      29: 0.297
                      31: 0.200
                      33: 0.473
                      35: 0.778
 
 I=  9/2- (5)  4.336  25:-0.281
                      27: 0.102
                      28:-0.862
                      29: 0.133
                      30:-0.173
                      31:-0.086
                      32:-0.262
                      33: 0.207

             ENERGY    K= OMEGA
 
 I= 11/2- (1)  2.528  34:-0.665
                      36:-0.566
                      37:-0.408
                      38:-0.244
                      39:-0.107
 
 I= 11/2- (2)  3.804  25:-0.136
                      27: 0.334
                      28: 0.248
                      29:-0.077
                      30: 0.844
                      31: 0.079
                      32:-0.177
                      33: 0.230
 
 I= 11/2- (3)  4.132  27: 0.057
                      28: 0.084
                      29: 0.271
                      30: 0.301
                      31:-0.268
                      32: 0.546
                      33:-0.675
 
 I= 11/2- (4)  4.746  25:-0.121
                      26:-0.283
                      27:-0.054
                      28: 0.175
                      29:-0.409
                      31:-0.410
                      32:-0.531
                      33:-0.446
                      35: 0.233
 
 I= 11/2- (5)  5.434  25:-0.358
                      26: 0.099
                      27:-0.145
                      28: 0.855
                      29: 0.134
                      30:-0.248
                      31: 0.120
                      32: 0.066
                      35:-0.102

             ENERGY    K= OMEGA
 
 I= 13/2- (1)  4.225  34:-0.188
                      36: 0.488
                      37:-0.604
                      38: 0.522
                      39:-0.299
 
 I= 13/2- (2)  4.842  25: 0.116
                      26:-0.252
                      27: 0.228
                      28: 0.154
                      29: 0.343
                      30:-0.424
                      31: 0.387
                      32:-0.378
                      33:-0.475
                      35: 0.180
 
 I= 13/2- (3)  5.073  25: 0.133
                      26: 0.177
                      27: 0.311
                      28: 0.269
                      29:-0.229
                      30:-0.737
                      31:-0.264
                      32: 0.195
                      33: 0.245
                      35:-0.137
 
 I= 13/2- (4)  6.533  25:-0.294
                      26:-0.101
                      27: 0.116
                      28:-0.475
                      29:-0.089
                      30:-0.218
                      31: 0.300
                      32: 0.612
                      33:-0.089
                      35: 0.369
 
 I= 13/2- (5)  6.647  25: 0.163
                      26:-0.158
                      27:-0.109
                      28: 0.376
                      29: 0.263
                      30: 0.062
                      31: 0.114
                      32: 0.088
                      33: 0.578
                      35: 0.606

             ENERGY     K= 9/2
  32 LEVELS    TIME=  0.0 SEC



 ******************* EXCITATION ENERGIES, DOMINANT CONFIGURATION AND EXPECTATION VALUES (WITH S.P. UU+VV FACTORS) *******************

  NR  Eex(keV)  I   Kdom  NY    <Jz>  <Jx**2> <Jy**2> <Jz**2> <I.j>/|I|  <Rx**2> <Ry**2> <Rz**2> <R.j>/|R|  <HROTx> <HROTy> <HROTz>

   1    0.0   3/2-  -3/2  32   -1.42    1.58    1.58    2.17    1.43       1.77    1.77    0.00   -1.36      0.215   0.215   0.000
   2   89.3   5/2-   5/2  33    1.56    1.88    1.88    5.21    2.39       1.80    1.80   -0.00   -1.00      0.219   0.219  -0.000
   3  336.5   1/2-   1/2  35    0.50    1.24    1.24    0.25    0.83       1.03    1.03    0.00   -1.41      0.125   0.125   0.000
   4  632.8   5/2-  -3/2  32   -0.66    1.58    1.58    2.90    1.09       4.16    4.16    0.00   -0.98      0.508   0.508   0.000
   5  724.3   7/2-   5/2  33    1.15    1.97    1.97    4.78    1.99       4.34    4.34    0.00   -0.28      0.529   0.529   0.000
  
   6  976.2   3/2-   1/2  35    0.42    1.42    1.42    0.33   -0.07       3.60    3.60    0.00   -1.23      0.439   0.439   0.000
   7 1003.4   5/2-   1/2  35    0.44    1.71    1.71    0.46    0.90       3.66    3.66    0.00   -0.45      0.446   0.446   0.000
   8 1072.1  11/2-   1/2  34    0.00   27.65   27.65    2.83    7.26       3.54    3.54    0.00   -5.54      0.431   0.431   0.000
   9 1300.0   7/2-  -3/2  32   -0.27    1.81    1.81    2.88    1.36       5.73    5.73   -0.00   -0.33      0.698   0.698  -0.000
  10 1364.4   9/2-   9/2  30    1.95    2.74    2.74   10.64    3.26       4.24    4.24    0.00    0.02      0.517   0.517   0.002
  
  11 1463.9   9/2-   9/2  30    2.41    2.67    2.67   12.52    3.41       4.32    4.32    0.00   -0.30      0.527   0.527   0.002
  12 1742.9   1/2-   1/2  29    0.50    4.14    4.14    0.25    0.37       4.32    4.32    0.00   -2.79      0.526   0.526   0.000
  13 1858.4   5/2-  -3/2  31   -0.52    3.81    3.81    1.55    1.51       4.49    4.49    0.00   -1.57      0.548   0.548   0.000
  14 1938.6   7/2-  -7/2  28   -3.11    2.34    2.34   11.74    3.38       2.69    2.69   -0.00   -1.31      0.329   0.329  -0.008
  15 2259.6   7/2-   1/2  34    0.00   27.94   27.94    1.87    7.02       8.91    8.91    0.00   -7.09      1.086   1.086   0.000
  
  16 2348.5  11/2-   9/2  30    2.73    2.96    2.96   17.08    3.87       6.25    6.25    0.00    0.04      0.762   0.762   0.007
  17 2469.6   9/2-  -3/2  32   -0.80    1.69    1.69    3.60    1.12      10.32   10.32   -0.00   -0.32      1.258   1.258  -0.001
  18 2544.8   7/2-   1/2  35    0.21    1.92    1.92    0.98    0.06      10.04   10.04    0.00   -1.02      1.224   1.224   0.000
  19 2588.3   9/2-   1/2  35    0.78    2.22    2.22    1.95    1.10      10.10   10.10   -0.00   -0.21      1.231   1.231  -0.001
  20 2676.7  11/2-   5/2  33    0.99    2.25    2.25    5.66    1.89      11.63   11.63    0.00    0.24      1.418   1.418   0.000
  
  21 2769.0  13/2-   5/2  37    0.02   26.03   26.03    7.97    6.67       7.83    7.83    0.00   -3.40      0.954   0.954   0.000
  22 2880.1   9/2-  -7/2  28   -2.30    2.40    2.40   10.78    2.60       7.22    7.22   -0.00   -0.69      0.880   0.880  -0.008
  23 3067.5   5/2-   1/2  29   -0.15    4.17    4.17    0.99   -0.41      10.25   10.25    0.00   -2.33      1.249   1.249   0.000
  24 3290.0  11/2-  -3/2  32   -0.10    2.25    2.25    2.87    1.54      12.33   12.33   -0.00    0.38      1.503   1.503  -0.001
  25 3386.2  13/2-   5/2  33    0.81    3.49    3.49    6.77    2.76      11.96   11.96    0.00    1.13      1.458   1.458   0.003
  
  26 3617.7  13/2-   9/2  30    1.94    3.33    3.33   13.82    3.32      11.43   11.43    0.00    0.56      1.394   1.394   0.008
  27 3805.5   1/2-   1/2  26    0.50    5.13    5.13    0.25    0.69       5.03    5.03    0.00   -3.12      0.613   0.613   0.000
  28 3977.9  11/2-  -7/2  28   -2.04    2.61    2.61   11.32    2.58      10.72   10.72   -0.00   -0.24      1.307   1.307  -0.011
  29 5077.3  13/2-  -3/2  32   -1.01    2.10    2.10    5.57    1.49      18.87   18.87   -0.00    0.10      2.301   2.301  -0.005
  30 5191.4  13/2-   1/2  35    0.58    2.25    2.25    4.37    1.24      20.12   20.12   -0.00   -0.03      2.453   2.453  -0.004
  
  31 7753.6   1/2-   1/2  34    0.50   28.30   28.30    0.25   -4.03      32.29   32.29   -0.00   -7.51      3.936   3.936  -0.000
  32*******   1/2-  -3/2  32    0.00    0.00    0.00    0.00   -0.00       0.00    0.00   -0.00   -0.00      0.000   0.000  -0.000
