1SPECTRUM OF (Z= 82 A=207) IN PARTICLE-ROTOR  MODEL WITH MODIFIED OSCILLATOR POTENTIAL


 PARITY=-   EPS= 0.217   GAMMA=  0.0   EPS4=0.000   EPS6=0.000   LEVELS:  24  25  26  27  28  29  30  31  32  33  34  35  36  37  38

 PAIRING FACTORS: GN0= 19.20  GN1=  7.40  IPAIR= 15 ***  E2PLUS(INPUT)=   0.730  E2PLUR(INPUT)=   0.000

 CORIOLIS ATTENUATION PARAMETERS:  CHSI=1.000  ETA=  1.00

 MOMENT OF INERTIA PARAMETERS:   A1=  0.122 MEV   A2=  0.122 MEV   A3=121.91923 MEV


 DELTA=0.946 MEV  LAMBDA=53.4831 MEV   HW0= 7.4520 MEV   LAMBDA/HW0= 7.1770

 E2ENERGY=0.730 MEV  HBAR**2/B= 8731./A**(7/3)=1476.0/A**2 MEV

 IREC=0  =>  RECOIL TERMS j+j-, j+j+, jzjz, ETC TREATED AS ONE-BODY OPERATORS WITH UU+VV PAIRING FACTORS



 S. P. LEVEL   EQP       U     V        (UU + VV)**1.00

     24       5.207    0.091 0.996      1.000 1.000 1.000 0.999 0.994 0.990 0.986 0.986 0.619 0.535 0.526 0.441 0.376 0.336 0.261
     25       4.145    0.115 0.993      1.000 1.000 1.000 1.000 0.997 0.993 0.990 0.990 0.637 0.555 0.546 0.462 0.398 0.358 0.284
     26       4.106    0.116 0.993      1.000 1.000 1.000 1.000 0.997 0.993 0.990 0.990 0.638 0.556 0.547 0.463 0.399 0.359 0.285
     27       3.613    0.132 0.991      0.999 1.000 1.000 1.000 0.998 0.995 0.992 0.992 0.651 0.569 0.561 0.477 0.414 0.374 0.301
     28       2.454    0.197 0.981      0.994 0.997 0.997 0.998 1.000 0.999 0.998 0.998 0.699 0.621 0.614 0.534 0.472 0.434 0.362
     29       2.078    0.234 0.972      0.990 0.993 0.993 0.995 0.999 1.000 1.000 1.000 0.726 0.651 0.643 0.566 0.506 0.468 0.398
     30       1.930    0.253 0.967      0.986 0.990 0.990 0.992 0.998 1.000 1.000 1.000 0.739 0.666 0.658 0.582 0.523 0.486 0.416
     31       1.915    0.255 0.967      0.986 0.990 0.990 0.992 0.998 1.000 1.000 1.000 0.741 0.668 0.660 0.584 0.524 0.487 0.418
     32       1.035    0.839 0.545      0.619 0.637 0.638 0.651 0.699 0.726 0.739 0.741 1.000 0.995 0.994 0.978 0.960 0.948 0.920
     33       1.166    0.890 0.455      0.535 0.555 0.556 0.569 0.621 0.651 0.666 0.668 0.995 1.000 1.000 0.994 0.984 0.976 0.955
     34       1.184    0.895 0.446      0.526 0.546 0.547 0.561 0.614 0.643 0.658 0.660 0.994 1.000 1.000 0.995 0.986 0.978 0.958
     35       1.417    0.934 0.357      0.441 0.462 0.463 0.477 0.534 0.566 0.582 0.584 0.978 0.994 0.995 1.000 0.997 0.993 0.982
     36       1.705    0.957 0.290      0.376 0.398 0.399 0.414 0.472 0.506 0.523 0.524 0.960 0.984 0.986 0.997 1.000 0.999 0.993
     37       1.965    0.969 0.248      0.336 0.358 0.359 0.374 0.434 0.468 0.486 0.487 0.948 0.976 0.978 0.993 0.999 1.000 0.997
     38       2.789    0.985 0.172      0.261 0.284 0.285 0.301 0.362 0.398 0.416 0.418 0.920 0.955 0.958 0.982 0.993 0.997 1.000

  R CORE   ENERGY   A0R/A00=1.000    R3= 0     2  
   2( 1)    0.732                    1.000 0.000
   2( 2)  487.921                    0.000 1.000

  R CORE   ENERGY   A0R/A00=1.000    R3= 0     2  
   3( 1)  488.652                    0.000 1.000

  R CORE   ENERGY   A0R/A00=1.000    R3= 0     2     4  
   4( 1)    2.438                    1.000 0.000 0.000

  R CORE   ENERGY   A0R/A00=1.000    R3= 0     2     4  
   5( 1)  490.847                    0.000 1.000 0.000

  R CORE   ENERGY   A0R/A00=1.000    R3= 0     2     4     6  
   6( 1)    5.121                    1.000 0.000 0.000 0.000

  R CORE   ENERGY   A0R/A00=1.000    R3= 0     2     4     6  
   7( 1)  494.017                    0.000 1.000 0.000 0.000

          AXIAL SYMMETRY => K RESTRICTED TO OMEGA

                     K
     S.P. ORB#: 24  2.50
     S.P. ORB#: 25  2.50
     S.P. ORB#: 26  0.50
     S.P. ORB#: 27 -3.50
     S.P. ORB#: 28 -3.50
     S.P. ORB#: 29  0.50
     S.P. ORB#: 30  4.50
     S.P. ORB#: 31 -1.50
     S.P. ORB#: 32 -1.50
     S.P. ORB#: 33  0.50
     S.P. ORB#: 34  2.50
     S.P. ORB#: 35 -1.50
     S.P. ORB#: 36  0.50
     S.P. ORB#: 37  2.50
     S.P. ORB#: 38 -3.50
 

             ENERGY    K= OMEGA
 
 I=  1/2- (1)  1.976  26:-0.056
                      36:-0.998
 
 I=  1/2- (2)  3.158  29: 0.999
 
 I=  1/2- (3)  5.374  26: 0.998
                      36:-0.057
 
 I=  1/2- (4)  8.907  33: 1.000
 
 I=  1/2- (5)147.338  32:-1.000

             ENERGY    K= OMEGA
 
 I=  3/2- (1)  1.537  29: 0.183
                      31: 0.099
                      32: 0.975
                      36:-0.068
 
 I=  3/2- (2)  2.596  29: 0.206
                      31: 0.224
                      32:-0.129
                      36:-0.943

             ENERGY    K= OMEGA
 
 I=  5/2- (1)  1.663  26:-0.054
                      29: 0.144
                      31: 0.179
                      32:-0.460
                      34:-0.854
 
 I=  5/2- (2)  2.185  29: 0.198
                      31:-0.179
                      32:-0.849
                      34: 0.450
                      36:-0.063
 
 I=  5/2- (3)  2.618  26: 0.065
                      29:-0.221
                      31:-0.298
                      34:-0.153
                      36:-0.913
 
 I=  5/2- (4)  3.291  24:-0.072
                      26: 0.349
                      29:-0.411
                      31:-0.717
                      32:-0.067
                      34:-0.181
                      36: 0.391
 
 I=  5/2- (5)  4.457  24: 0.064
                      26: 0.074
                      29:-0.815
                      31: 0.506
                      32:-0.247
                      34: 0.097

             ENERGY    K= OMEGA
 
 I=  7/2- (1)  2.304  29: 0.194
                      31:-0.208
                      32: 0.541
                      34:-0.789
 
 I=  7/2- (2)  2.848  25:-0.098
                      26: 0.172
                      27: 0.054
                      28:-0.202
                      29: 0.329
                      31: 0.318
                      32: 0.677
                      34: 0.465
                      36:-0.178
 
 I=  7/2- (3)  3.195  25: 0.221
                      27:-0.102
                      28: 0.942
                      29: 0.096
                      31: 0.068
                      32: 0.141
                      34: 0.112
                      36:-0.057
 
 I=  7/2- (4)  3.519  33: 0.734
                      35: 0.572
                      37: 0.340
                      38: 0.138
 
 I=  7/2- (5)  4.096  24:-0.085
                      26: 0.179
                      29: 0.144
                      31: 0.475
                      32:-0.329
                      34:-0.301
                      36:-0.716

             ENERGY    K= OMEGA
 
 I=  9/2- (1)  2.657  24: 0.073
                      25:-0.070
                      27: 0.283
                      28: 0.164
                      30:-0.925
                      31: 0.073
                      32:-0.073
                      34:-0.117
 
 I=  9/2- (2)  2.995  26:-0.196
                      29: 0.316
                      30: 0.174
                      31: 0.386
                      32:-0.471
                      34:-0.657
                      36: 0.161
 
 I=  9/2- (3)  3.915  24: 0.104
                      25: 0.269
                      26:-0.063
                      27: 0.135
                      28:-0.642
                      29:-0.100
                      30:-0.080
                      31: 0.270
                      32: 0.562
                      34:-0.199
                      36: 0.191
 
 I=  9/2- (4)  4.140  25:-0.109
                      26:-0.177
                      27:-0.061
                      28: 0.401
                      29: 0.222
                      30: 0.061
                      31: 0.333
                      32: 0.270
                      34: 0.315
                      36: 0.675
 
 I=  9/2- (5)  4.232  25:-0.141
                      26: 0.068
                      27:-0.055
                      28: 0.524
                      29:-0.318
                      30: 0.096
                      31: 0.075
                      32: 0.492
                      34:-0.545
                      36:-0.204

             ENERGY    K= OMEGA
 
 I= 11/2- (1)  2.452  33:-0.693
                      35:-0.575
                      37:-0.391
                      38:-0.192
 
 I= 11/2- (2)  3.566  24: 0.121
                      25:-0.109
                      27:-0.385
                      28:-0.213
                      30:-0.869
                      31:-0.074
                      32: 0.069
                      34:-0.121
 
 I= 11/2- (3)  4.255  28:-0.052
                      29:-0.281
                      30:-0.168
                      31: 0.285
                      32:-0.568
                      34: 0.696
 
 I= 11/2- (4)  4.770  24:-0.118
                      25:-0.200
                      26: 0.265
                      27: 0.117
                      28:-0.377
                      29: 0.366
                      31: 0.412
                      32: 0.490
                      34: 0.368
                      36:-0.204
 
 I= 11/2- (5)  5.233  24:-0.074
                      25:-0.314
                      26:-0.156
                      27: 0.153
                      28:-0.799
                      29:-0.230
                      30: 0.180
                      31:-0.190
                      32:-0.189
                      34:-0.186
                      36: 0.136

             ENERGY    K= OMEGA
 
 I= 13/2- (1)  4.633  24: 0.171
                      25:-0.131
                      26:-0.120
                      27: 0.433
                      28: 0.212
                      29: 0.145
                      30:-0.752
                      31: 0.211
                      32:-0.150
                      34:-0.220
                      36: 0.073
 
 I= 13/2- (2)  4.731  33:-0.236
                      35: 0.587
                      37:-0.651
                      38: 0.420
 
 I= 13/2- (3)  5.069  26:-0.302
                      27:-0.119
                      28:-0.137
                      29: 0.389
                      30: 0.364
                      31: 0.454
                      32:-0.361
                      34:-0.458
                      36: 0.206
 
 I= 13/2- (4)  6.319  24: 0.171
                      25: 0.378
                      26:-0.055
                      27: 0.204
                      28:-0.718
                      29:-0.091
                      30:-0.130
                      31: 0.197
                      32: 0.434
                      36: 0.118
 
 I= 13/2- (5)  6.711  25: 0.092
                      26: 0.213
                      27: 0.078
                      28:-0.299
                      29:-0.195
                      31:-0.265
                      32:-0.388
                      34:-0.487
                      36:-0.594

             ENERGY     K=-7/2
  32 LEVELS    TIME=  0.0 SEC



 ******************* EXCITATION ENERGIES, DOMINANT CONFIGURATION AND EXPECTATION VALUES (WITH S.P. UU+VV FACTORS) *******************

  NR  Eex(keV)  I   Kdom  NY    <Jz>  <Jx**2> <Jy**2> <Jz**2> <I.j>/|I|  <Rx**2> <Ry**2> <Rz**2> <R.j>/|R|  <HROTx> <HROTy> <HROTz>

   1    0.0   3/2-  -3/2  32   -1.42    1.61    1.61    2.17    1.41       1.84    1.84   -0.00   -1.39      0.225   0.225  -0.000
   2  125.3   5/2-   5/2  34    1.47    1.87    1.87    5.12    2.34       1.87    1.87    0.00   -1.00      0.228   0.228   0.000
   3  438.7   1/2-   1/2  36    0.50    1.29    1.29    0.25    0.82       1.08    1.08    0.00   -1.44      0.132   0.132   0.000
   4  648.0   5/2-  -3/2  32   -0.60    1.61    1.61    2.98    1.08       4.27    4.27   -0.00   -1.03      0.521   0.521  -0.000
   5  767.2   7/2-   5/2  34    1.07    1.98    1.98    4.69    1.95       4.48    4.48    0.00   -0.31      0.546   0.546   0.000
  
   6  914.7  11/2-   1/2  33   -0.00   27.43   27.43    2.27    7.07       4.19    4.19    0.00   -5.14      0.511   0.511   0.000
   7 1058.4   3/2-   1/2  36    0.37    1.59    1.59    0.38    0.04       3.58    3.58    0.00   -1.30      0.436   0.436   0.000
   8 1080.5   5/2-   1/2  36    0.37    1.99    1.99    0.57    1.04       3.59    3.59    0.00   -0.56      0.438   0.438   0.000
   9 1120.1   9/2-   9/2  30    3.52    2.78    2.78   18.80    4.47       2.31    2.31   -0.00   -0.98      0.282   0.282  -0.000
  10 1310.8   7/2-  -3/2  32   -0.34    1.95    1.95    3.26    1.48       5.60    5.60    0.00   -0.39      0.683   0.683   0.000
  
  11 1457.7   9/2-   5/2  34    0.74    2.87    2.87    4.22    2.26       6.12    6.12    0.00    0.36      0.746   0.746   0.000
  12 1620.9   1/2-   1/2  29    0.50    4.22    4.22    0.25    0.35       4.42    4.42    0.00   -2.82      0.539   0.539   0.000
  13 1657.9   7/2-  -7/2  28   -3.01    2.26    2.26   11.45    3.28       2.83    2.83    0.00   -1.23      0.345   0.345   0.001
  14 1753.3   5/2-  -3/2  31   -0.46    3.65    3.65    1.52    1.41       4.61    4.61    0.00   -1.53      0.562   0.562   0.000
  15 1981.5   7/2-   1/2  33    0.00   27.54   27.54    1.83    6.93       8.81    8.81   -0.00   -7.00      1.074   1.074  -0.000
  
  16 2029.0  11/2-   9/2  30    2.80    3.23    3.23   17.92    4.13       5.35    5.35    0.00    0.10      0.652   0.652   0.000
  17 2377.8   9/2-  -7/2  28   -1.73    2.11    2.11    7.06    2.09       7.60    7.60    0.00   -0.22      0.927   0.927   0.000
  18 2558.3   7/2-   1/2  36    0.02    2.53    2.53    1.53    0.39       9.63    9.63    0.00   -1.15      1.174   1.174   0.000
  19 2603.1   9/2-   1/2  36   -0.29    2.36    2.36    3.34    1.43       9.27    9.27    0.00   -0.21      1.130   1.130   0.000
  20 2695.0   9/2-   5/2  34   -0.43    2.15    2.15    6.17    1.46      10.36   10.36    0.00   -0.71      1.263   1.263   0.000
  
  21 2717.3  11/2-   5/2  34    0.76    2.28    2.28    4.57    1.72      12.15   12.15   -0.00    0.24      1.481   1.481  -0.000
  22 2919.9   5/2-   1/2  29   -0.11    4.25    4.25    0.97   -0.34      10.12   10.12   -0.00   -2.33      1.234   1.234  -0.000
  23 3096.2  13/2-   9/2  30    1.89    3.77    3.77   15.04    3.78       9.25    9.25    0.00    0.89      1.128   1.128   0.000
  24 3194.3  13/2-   5/2  37   -0.05   26.64   26.64    5.60    6.03      11.71   11.71    0.00   -3.47      1.427   1.427   0.000
  25 3232.8  11/2-  -3/2  32   -0.57    2.52    2.52    4.08    1.86      11.34   11.34    0.00    0.42      1.382   1.382   0.000
  
  26 3532.1  13/2-   5/2  34    0.65    3.64    3.64    5.25    2.53      12.98   12.98   -0.00    1.01      1.583   1.583  -0.000
  27 3696.1  11/2-  -7/2  28   -1.88    2.49    2.49    9.81    2.38      11.05   11.05    0.00   -0.12      1.347   1.347   0.000
  28 3836.6   1/2-   1/2  26    0.50    5.34    5.34    0.25    0.69       5.24    5.24    0.00   -3.19      0.639   0.639   0.000
  29 4781.5  13/2-  -7/2  28   -1.77    2.45    2.45    8.78    2.24      15.59   15.59    0.00    0.35      1.901   1.901   0.000
  30 5173.3  13/2-   1/2  36    0.18    2.23    2.23    3.35    1.12      20.47   20.47    0.00    0.00      2.495   2.495   0.000
  
  31 7369.6   1/2-   1/2  33    0.50   27.79   27.79    0.25   -3.99      31.75   31.75    0.00   -7.44      3.870   3.870   0.000
  32*******   1/2-  -3/2  32    0.00    0.00    0.00    0.00   -0.00       0.00    0.00    0.00   -0.00      0.000   0.000   0.000
