1SPECTRUM OF (Z= 82 A=207) IN PARTICLE-ROTOR  MODEL WITH MODIFIED OSCILLATOR POTENTIAL


 PARITY=-   EPS= 0.357   GAMMA=  0.0   EPS4=0.000   EPS6=0.000   LEVELS:  24  25  26  27  28  29  30  31  32  33  34  35  36  37  38

 PAIRING FACTORS: GN0= 19.20  GN1=  7.40  IPAIR= 15 ***  E2PLUS(INPUT)=   0.730  E2PLUR(INPUT)=   0.000

 CORIOLIS ATTENUATION PARAMETERS:  CHSI=1.000  ETA=  1.00

 MOMENT OF INERTIA PARAMETERS:   A1=  0.122 MEV   A2=  0.122 MEV   A3=121.91925 MEV


 DELTA=0.889 MEV  LAMBDA=53.3956 MEV   HW0= 7.5278 MEV   LAMBDA/HW0= 7.0932

 E2ENERGY=0.730 MEV  HBAR**2/B=23631./A**(7/3)=3994.9/A**2 MEV

 IREC=0  =>  RECOIL TERMS j+j-, j+j+, jzjz, ETC TREATED AS ONE-BODY OPERATORS WITH UU+VV PAIRING FACTORS



 S. P. LEVEL   EQP       U     V        (UU + VV)**1.00

     24       4.351    0.103 0.995      1.000 1.000 0.999 0.997 0.995 0.974 0.952 0.929 0.763 0.678 0.547 0.320 0.308 0.260 0.245
     25       4.248    0.105 0.994      1.000 1.000 0.999 0.997 0.995 0.974 0.953 0.930 0.764 0.680 0.550 0.322 0.310 0.262 0.248
     26       3.018    0.149 0.989      0.999 0.999 1.000 0.999 0.999 0.983 0.965 0.946 0.792 0.711 0.586 0.364 0.352 0.305 0.290
     27       2.459    0.184 0.983      0.997 0.997 0.999 1.000 1.000 0.989 0.974 0.956 0.813 0.736 0.614 0.396 0.385 0.338 0.324
     28       2.246    0.202 0.979      0.995 0.995 0.999 1.000 1.000 0.992 0.978 0.962 0.824 0.748 0.629 0.413 0.402 0.356 0.342
     29       1.443    0.326 0.945      0.974 0.974 0.983 0.989 0.992 1.000 0.997 0.989 0.890 0.827 0.723 0.527 0.516 0.472 0.459
     30       1.207    0.402 0.916      0.952 0.953 0.965 0.974 0.978 0.997 1.000 0.998 0.924 0.870 0.777 0.594 0.584 0.543 0.530
     31       1.084    0.463 0.886      0.929 0.930 0.946 0.956 0.962 0.989 0.998 1.000 0.948 0.901 0.818 0.647 0.637 0.598 0.586
     32       0.890    0.722 0.692      0.763 0.764 0.792 0.813 0.824 0.890 0.924 0.948 1.000 0.993 0.959 0.857 0.850 0.823 0.814
     33       0.927    0.801 0.599      0.678 0.680 0.711 0.736 0.748 0.827 0.870 0.901 0.993 1.000 0.986 0.913 0.908 0.886 0.879
     34       1.091    0.889 0.459      0.547 0.550 0.586 0.614 0.629 0.723 0.777 0.818 0.959 0.986 1.000 0.968 0.965 0.950 0.946
     35       2.065    0.975 0.221      0.320 0.322 0.364 0.396 0.413 0.527 0.594 0.647 0.857 0.913 0.968 1.000 1.000 0.998 0.997
     36       2.182    0.978 0.208      0.308 0.310 0.352 0.385 0.402 0.516 0.584 0.637 0.850 0.908 0.965 1.000 1.000 0.999 0.998
     37       2.824    0.987 0.159      0.260 0.262 0.305 0.338 0.356 0.472 0.543 0.598 0.823 0.886 0.950 0.998 0.999 1.000 1.000
     38       3.107    0.989 0.145      0.245 0.248 0.290 0.324 0.342 0.459 0.530 0.586 0.814 0.879 0.946 0.997 0.998 1.000 1.000

  R CORE   ENERGY   A0R/A00=1.000    R3= 0     2  
   2( 1)    0.732                    1.000 0.000
   2( 2)  487.921                    0.000 1.000

  R CORE   ENERGY   A0R/A00=1.000    R3= 0     2  
   3( 1)  488.652                    0.000 1.000

  R CORE   ENERGY   A0R/A00=1.000    R3= 0     2     4  
   4( 1)    2.438                    1.000 0.000 0.000

  R CORE   ENERGY   A0R/A00=1.000    R3= 0     2     4  
   5( 1)  490.847                    0.000 1.000 0.000

  R CORE   ENERGY   A0R/A00=1.000    R3= 0     2     4     6  
   6( 1)    5.121                    1.000 0.000 0.000 0.000

  R CORE   ENERGY   A0R/A00=1.000    R3= 0     2     4     6  
   7( 1)  494.017                    0.000 1.000 0.000 0.000

          AXIAL SYMMETRY => K RESTRICTED TO OMEGA

                     K
     S.P. ORB#: 24 -5.50
     S.P. ORB#: 25  0.50
     S.P. ORB#: 26  2.50
     S.P. ORB#: 27 -3.50
     S.P. ORB#: 28  0.50
     S.P. ORB#: 29 -1.50
     S.P. ORB#: 30  0.50
     S.P. ORB#: 31 -1.50
     S.P. ORB#: 32 -3.50
     S.P. ORB#: 33  2.50
     S.P. ORB#: 34  4.50
     S.P. ORB#: 35  0.50
     S.P. ORB#: 36 -3.50
     S.P. ORB#: 37 -1.50
     S.P. ORB#: 38  2.50
 

             ENERGY    K= OMEGA
 
 I=  1/2- (1)  2.471  30: 0.999
 
 I=  1/2- (2)  5.451  28:-0.302
                      35: 0.953
 
 I=  1/2- (3)  5.865  25: 0.999
 
 I=  1/2- (4)  8.863  28:-0.953
                      35:-0.302
 
 I=  1/2- (5)147.387  31:-1.000

             ENERGY    K= OMEGA
 
 I=  3/2- (1)  2.350  25: 0.078
                      30:-0.263
                      31: 0.961
 
 I=  3/2- (2)  2.532  25:-0.203
                      30:-0.910
                      31:-0.227
                      37:-0.281

             ENERGY    K= OMEGA
 
 I=  5/2- (1)  2.499  25:-0.261
                      30: 0.461
                      31: 0.806
                      37:-0.105
                      38:-0.240
 
 I=  5/2- (2)  3.375  26: 0.061
                      30:-0.733
                      31: 0.452
                      37: 0.480
                      38:-0.147
 
 I=  5/2- (3)  3.810  25:-0.107
                      26: 0.059
                      30: 0.213
                      31: 0.152
                      37: 0.444
                      38: 0.848
 
 I=  5/2- (4)  4.429  26:-0.137
                      30:-0.405
                      31: 0.283
                      37:-0.733
                      38: 0.448
 
 I=  5/2- (5)  4.814  26:-0.987
                      37: 0.155

             ENERGY    K= OMEGA
 
 I=  7/2- (1)  1.723  26:-0.178
                      32: 0.982
 
 I=  7/2- (2)  3.330  25: 0.144
                      30:-0.258
                      31: 0.861
                      37:-0.119
                      38: 0.392
 
 I=  7/2- (3)  3.496  25:-0.308
                      30:-0.845
                      31:-0.242
                      37:-0.361
 
 I=  7/2- (4)  3.764  28: 0.677
                      29: 0.586
                      33: 0.408
                      36: 0.180
 
 I=  7/2- (5)  4.321  26:-0.206
                      27:-0.947
                      30:-0.085
                      31: 0.097
                      37: 0.092
                      38:-0.189

             ENERGY    K= OMEGA
 
 I=  9/2- (1)  2.007  26: 0.082
                      27:-0.173
                      32: 0.296
                      34: 0.936
 
 I=  9/2- (2)  2.727  26: 0.241
                      27: 0.094
                      31: 0.052
                      32: 0.917
                      34:-0.294
                      38:-0.050
 
 I=  9/2- (3)  3.569  25:-0.373
                      30: 0.498
                      31: 0.710
                      32:-0.067
                      37:-0.168
                      38:-0.274
 
 I=  9/2- (4)  4.669  28: 0.216
                      29:-0.552
                      33: 0.678
                      36:-0.434
 
 I=  9/2- (5)  5.228  26:-0.098
                      30: 0.627
                      31:-0.490
                      32: 0.056
                      37:-0.545
                      38: 0.234

             ENERGY    K= OMEGA
 
 I= 11/2- (1)  3.122  26:-0.136
                      27:-0.234
                      32: 0.393
                      34:-0.878
 
 I= 11/2- (2)  3.151  28:-0.655
                      29:-0.581
                      33:-0.425
                      35:-0.062
                      36:-0.220
 
 I= 11/2- (3)  3.962  26:-0.281
                      27: 0.139
                      31: 0.066
                      32: 0.860
                      34: 0.391
                      38: 0.066
 
 I= 11/2- (4)  5.239  25: 0.270
                      31: 0.845
                      32:-0.094
                      37:-0.083
                      38: 0.440
 
 I= 11/2- (5)  5.357  25: 0.314
                      30: 0.847
                      37: 0.410
                      38:-0.111

             ENERGY    K= OMEGA
 
 I= 13/2- (1)  4.460  26: 0.182
                      27:-0.274
                      32: 0.451
                      34: 0.829
 
 I= 13/2- (2)  5.140  28: 0.215
                      29:-0.549
                      33: 0.672
                      36:-0.448
 
 I= 13/2- (3)  5.383  25: 0.238
                      26:-0.262
                      27:-0.159
                      30:-0.258
                      31:-0.382
                      32:-0.669
                      34: 0.384
                      37: 0.075
                      38: 0.190
 
 I= 13/2- (4)  5.569  25: 0.375
                      26: 0.161
                      27: 0.081
                      30:-0.436
                      31:-0.545
                      32: 0.466
                      34:-0.239
                      37: 0.167
                      38: 0.194
 
 I= 13/2- (5)  7.281  24: 0.999

             ENERGY     K= 5/2
  32 LEVELS    TIME=  0.0 SEC



 ******************* EXCITATION ENERGIES, DOMINANT CONFIGURATION AND EXPECTATION VALUES (WITH S.P. UU+VV FACTORS) *******************

  NR  Eex(keV)  I   Kdom  NY    <Jz>  <Jx**2> <Jy**2> <Jz**2> <I.j>/|I|  <Rx**2> <Ry**2> <Rz**2> <R.j>/|R|  <HROTx> <HROTy> <HROTz>

   1    0.0   7/2-  -7/2  32   -3.30    2.31    2.31   12.05    3.30       3.12    3.12    0.00   -1.43      0.380   0.380   0.000
   2  283.7   9/2-   9/2  34    3.55    2.51    2.51   19.22    4.20       3.61    3.61    0.00   -1.25      0.440   0.440   0.001
   3  626.6   3/2-  -3/2  31   -1.35    4.85    4.85    2.10    1.39       5.07    5.07   -0.00   -2.86      0.619   0.619  -0.000
   4  747.9   1/2-   1/2  30    0.50    4.88    4.88    0.25    0.26       5.16    5.16    0.00   -3.05      0.629   0.629   0.000
   5  775.9   5/2-  -3/2  31   -0.70    4.96    4.96    1.92    2.04       4.25    4.25   -0.00   -1.99      0.518   0.518  -0.000
  
   6  809.2   3/2-   1/2  30    0.24    4.39    4.39    0.51    1.08       4.42    4.42   -0.00   -2.42      0.539   0.539  -0.000
   7 1004.1   9/2-  -7/2  32   -2.44    2.39    2.39   12.54    2.85       6.87    6.87    0.00   -0.85      0.838   0.838   0.000
   8 1399.3  11/2-   9/2  34    2.78    2.70    2.70   18.32    3.64       7.99    7.99    0.00   -0.50      0.975   0.975   0.000
   9 1428.0  11/2-   1/2  28   -0.01   23.73   23.73    2.59    6.20       5.82    5.82    0.00   -3.80      0.709   0.709   0.000
  10 1607.2   7/2-  -3/2  31   -0.71    4.48    4.48    2.71    1.56       7.52    7.52   -0.00   -1.42      0.917   0.917  -0.000
  
  11 1651.5   5/2-   1/2  30   -0.32    3.94    3.94    1.27    0.58       7.24    7.24    0.00   -1.96      0.883   0.883   0.000
  12 1772.6   7/2-   1/2  30    0.12    4.23    4.23    0.64    1.28       7.36    7.36   -0.00   -1.05      0.897   0.897  -0.000
  13 1845.8   9/2-  -3/2  31   -0.43    5.09    5.09    1.83    2.20       7.44    7.44   -0.00   -0.28      0.907   0.907  -0.000
  14 2041.4   7/2-   1/2  28    0.02   23.39   23.39    2.32    6.09       8.27    8.27    0.00   -6.14      1.008   1.008   0.000
  15 2087.0   5/2-   5/2  38    1.50    2.05    2.05    5.03    1.80       3.60    3.60   -0.00   -1.41      0.439   0.439  -0.000
  
  16 2239.2  11/2-  -7/2  32   -1.76    2.48    2.48   12.93    2.54      11.61   11.61    0.00   -0.55      1.415   1.415   0.000
  17 2598.3   7/2-  -7/2  27   -2.97    5.98    5.98   11.51    3.04       7.53    7.53    0.00   -2.93      0.917   0.917   0.000
  18 2705.5   5/2-  -3/2  37   -0.29    2.79    2.79    2.80    0.20       7.98    7.98   -0.00   -1.95      0.973   0.973  -0.000
  19 2737.3  13/2-   9/2  34    2.19    2.88    2.88   17.55    3.26      13.28   13.28    0.00   -0.11      1.620   1.620   0.000
  20 2945.4   9/2-   5/2  33    0.06   24.18   24.18    5.88    5.23      13.48   13.48    0.00   -5.44      1.643   1.643   0.000
  
  21 3090.6   5/2-   5/2  26    2.40    5.94    5.94    6.14    2.03       7.39    7.39    0.00   -3.13      0.901   0.901   0.000
  22 3416.9  13/2-   5/2  33   -0.00   24.18   24.18    5.97    5.18      15.36   15.36    0.00   -3.27      1.872   1.872   0.000
  23 3505.1   9/2-   1/2  30   -0.46    3.58    3.58    1.76    0.54      14.13   14.13   -0.00   -1.17      1.723   1.723  -0.000
  24 3515.7  11/2-  -3/2  31   -0.59    4.41    4.41    2.99    1.56      14.44   14.44   -0.00   -0.46      1.761   1.761  -0.000
  25 3633.9  11/2-   1/2  30    0.19    4.14    4.14    0.68    1.30      14.57   14.57   -0.00   -0.22      1.776   1.776  -0.000
  
  26 3659.7  13/2-  -7/2  32   -0.90    3.35    3.35    9.82    2.36      16.18   16.18    0.00   -0.01      1.973   1.973   0.000
  27 3728.3   1/2-   1/2  35    0.50   12.28   12.28    0.25   -1.20      13.82   13.82    0.00   -4.92      1.685   1.685   0.000
  28 3846.3  13/2-  -3/2  31   -0.69    4.45    4.45    5.12    2.22      15.89   15.89    0.00    0.26      1.937   1.937   0.000
  29 4142.3   1/2-   1/2  25    0.50    6.73    6.73    0.25    0.66       6.66    6.66    0.00   -3.60      0.812   0.812   0.000
  30 5557.6  13/2- -11/2  24   -5.49    2.75    2.75   30.21    4.32      12.04   12.04   -0.00   -1.13      1.468   1.468  -0.001
  
  31 7139.6   1/2-   1/2  28    0.50   23.67   23.67    0.25   -3.50      27.20   27.20   -0.00   -6.86      3.317   3.317  -0.000
  32*******   1/2-  -3/2  31    0.00    0.00    0.00    0.00   -0.00       0.00    0.00   -0.00   -0.00      0.000   0.000  -0.000
