1SPECTRUM OF (Z= 82 A=207) IN PARTICLE-ROTOR  MODEL WITH MODIFIED OSCILLATOR POTENTIAL


 PARITY=-   EPS= 0.461   GAMMA=  0.0   EPS4=0.000   EPS6=0.000   LEVELS:  25  26  27  28  29  30  31  32  33  34  35  36  37  38  39

 PAIRING FACTORS: GN0= 19.20  GN1=  7.40  IPAIR= 15 ***  E2PLUS(INPUT)=   0.730  E2PLUR(INPUT)=   0.000

 CORIOLIS ATTENUATION PARAMETERS:  CHSI=1.000  ETA=  1.00

 MOMENT OF INERTIA PARAMETERS:   A1=  0.122 MEV   A2=  0.122 MEV   A3=121.91924 MEV


 DELTA=0.850 MEV  LAMBDA=53.4636 MEV   HW0= 7.6145 MEV   LAMBDA/HW0= 7.0213

 E2ENERGY=0.730 MEV  HBAR**2/B=39405./A**(7/3)=6661.4/A**2 MEV

 IREC=0  =>  RECOIL TERMS j+j-, j+j+, jzjz, ETC TREATED AS ONE-BODY OPERATORS WITH UU+VV PAIRING FACTORS



 S. P. LEVEL   EQP       U     V        (UU + VV)**1.00

     25       4.179    0.102 0.995      1.000 0.999 0.998 0.994 0.983 0.964 0.882 0.734 0.655 0.350 0.310 0.287 0.265 0.252 0.200
     26       3.112    0.138 0.990      0.999 1.000 0.999 0.997 0.989 0.973 0.899 0.758 0.682 0.384 0.344 0.322 0.299 0.286 0.235
     27       2.538    0.170 0.985      0.998 0.999 1.000 0.999 0.993 0.980 0.912 0.779 0.705 0.413 0.374 0.352 0.330 0.317 0.266
     28       2.085    0.208 0.978      0.994 0.997 0.999 1.000 0.997 0.987 0.928 0.803 0.733 0.449 0.410 0.388 0.367 0.354 0.304
     29       1.559    0.284 0.959      0.983 0.989 0.993 0.997 1.000 0.996 0.954 0.847 0.784 0.517 0.480 0.459 0.438 0.426 0.377
     30       1.253    0.364 0.931      0.964 0.973 0.980 0.987 0.996 1.000 0.976 0.889 0.833 0.587 0.552 0.532 0.512 0.501 0.454
     31       0.917    0.558 0.830      0.882 0.899 0.912 0.928 0.954 0.976 1.000 0.967 0.934 0.750 0.721 0.704 0.687 0.677 0.637
     32       0.856    0.750 0.661      0.734 0.758 0.779 0.803 0.847 0.889 0.967 1.000 0.994 0.893 0.873 0.861 0.849 0.842 0.812
     33       0.903    0.818 0.575      0.655 0.682 0.705 0.733 0.784 0.833 0.934 0.994 1.000 0.937 0.921 0.912 0.902 0.896 0.871
     34       1.738    0.968 0.253      0.350 0.384 0.413 0.449 0.517 0.587 0.750 0.893 0.937 1.000 0.999 0.998 0.996 0.995 0.988
     35       2.057    0.977 0.211      0.310 0.344 0.374 0.410 0.480 0.552 0.721 0.873 0.921 0.999 1.000 1.000 0.999 0.998 0.994
     36       2.301    0.982 0.188      0.287 0.322 0.352 0.388 0.459 0.532 0.704 0.861 0.912 0.998 1.000 1.000 1.000 0.999 0.996
     37       2.612    0.986 0.165      0.265 0.299 0.330 0.367 0.438 0.512 0.687 0.849 0.902 0.996 0.999 1.000 1.000 1.000 0.998
     38       2.838    0.988 0.151      0.252 0.286 0.317 0.354 0.426 0.501 0.677 0.842 0.896 0.995 0.998 0.999 1.000 1.000 0.999
     39       4.325    0.995 0.099      0.200 0.235 0.266 0.304 0.377 0.454 0.637 0.812 0.871 0.988 0.994 0.996 0.998 0.999 1.000

  R CORE   ENERGY   A0R/A00=1.000    R3= 0     2  
   2( 1)    0.732                    1.000 0.000
   2( 2)  487.921                    0.000 1.000

  R CORE   ENERGY   A0R/A00=1.000    R3= 0     2  
   3( 1)  488.652                    0.000 1.000

  R CORE   ENERGY   A0R/A00=1.000    R3= 0     2     4  
   4( 1)    2.438                    1.000 0.000 0.000

  R CORE   ENERGY   A0R/A00=1.000    R3= 0     2     4  
   5( 1)  490.847                    0.000 1.000 0.000

  R CORE   ENERGY   A0R/A00=1.000    R3= 0     2     4     6  
   6( 1)    5.121                    1.000 0.000 0.000 0.000

  R CORE   ENERGY   A0R/A00=1.000    R3= 0     2     4     6  
   7( 1)  494.017                    0.000 1.000 0.000 0.000

          AXIAL SYMMETRY => K RESTRICTED TO OMEGA

                     K
     S.P. ORB#: 25  0.50
     S.P. ORB#: 26 -1.50
     S.P. ORB#: 27 -5.50
     S.P. ORB#: 28  2.50
     S.P. ORB#: 29 -3.50
     S.P. ORB#: 30  2.50
     S.P. ORB#: 31  0.50
     S.P. ORB#: 32  0.50
     S.P. ORB#: 33 -1.50
     S.P. ORB#: 34 -3.50
     S.P. ORB#: 35 -3.50
     S.P. ORB#: 36  0.50
     S.P. ORB#: 37  4.50
     S.P. ORB#: 38 -1.50
     S.P. ORB#: 39  4.50
 

             ENERGY    K= OMEGA
 
 I=  1/2- (1)  2.220  32: 0.999
 
 I=  1/2- (2)  4.119  31:-0.930
                      36: 0.367
 
 I=  1/2- (3)  5.957  25: 0.999
 
 I=  1/2- (4)  6.565  31: 0.367
                      36: 0.930
 
 I=  1/2- (5)147.206  33:-1.000

             ENERGY    K= OMEGA
 
 I=  3/2- (1)  2.236  32: 0.605
                      33:-0.796
 
 I=  3/2- (2)  2.448  25:-0.161
                      32:-0.785
                      33:-0.598
 
 I=  3/2- (3)  4.157  26:-0.077
                      31:-0.968
                      36:-0.118
                      38:-0.208
 
 I=  3/2- (4)  6.717  25: 0.987
                      32:-0.130
                      33:-0.096
 
 I=  3/2- (5)  6.811  26: 0.154
                      36: 0.913
                      38:-0.374

             ENERGY    K= OMEGA
 
 I=  5/2- (1)  2.628  25: 0.214
                      28:-0.058
                      32:-0.516
                      33:-0.828
 
 I=  5/2- (2)  3.419  25: 0.060
                      28: 0.100
                      32:-0.839
                      33: 0.531
 
 I=  5/2- (3)  3.897  28:-0.993
                      32:-0.055
                      33: 0.101
 
 I=  5/2- (4)  4.371  26:-0.110
                      30: 0.090
                      31: 0.829
                      36:-0.478
                      38:-0.255
 
 I=  5/2- (5)  6.256  26: 0.493
                      30:-0.847
                      36:-0.193

             ENERGY    K= OMEGA
 
 I=  7/2- (1)  2.954  28: 0.200
                      29:-0.052
                      35:-0.977
 
 I=  7/2- (2)  3.448  28:-0.111
                      29:-0.340
                      32:-0.698
                      33: 0.618
 
 I=  7/2- (3)  3.494  28:-0.147
                      29:-0.921
                      32: 0.310
                      33:-0.180
 
 I=  7/2- (4)  3.742  25:-0.284
                      28: 0.067
                      29:-0.081
                      32:-0.608
                      33:-0.732
 
 I=  7/2- (5)  4.402  26:-0.251
                      30:-0.249
                      31:-0.845
                      34:-0.095
                      36:-0.248
                      38:-0.300

             ENERGY    K= OMEGA
 
 I=  9/2- (1)  3.447  28: 0.129
                      29:-0.363
                      35: 0.332
                      37: 0.860
 
 I=  9/2- (2)  4.012  25:-0.164
                      28: 0.243
                      29: 0.178
                      32: 0.263
                      33: 0.384
                      35: 0.768
                      37:-0.274
 
 I=  9/2- (3)  4.089  25: 0.294
                      28: 0.060
                      29: 0.126
                      32:-0.487
                      33:-0.652
                      35: 0.469
                      37:-0.109
 
 I=  9/2- (4)  4.751  28: 0.261
                      29:-0.872
                      32:-0.056
                      37:-0.409
 
 I=  9/2- (5)  5.017  26:-0.367
                      30: 0.511
                      31: 0.542
                      34:-0.370
                      36:-0.292
                      38:-0.236
                      39: 0.181

             ENERGY    K= OMEGA
 
 I= 11/2- (1)  3.876  27: 0.998
                      37: 0.063
 
 I= 11/2- (2)  4.544  27:-0.066
                      28: 0.175
                      29: 0.432
                      35:-0.374
                      37: 0.799
 
 I= 11/2- (3)  4.930  26:-0.397
                      30:-0.509
                      31:-0.542
                      34:-0.388
                      36:-0.196
                      38:-0.230
                      39:-0.217
 
 I= 11/2- (4)  5.321  28:-0.289
                      29: 0.265
                      33: 0.121
                      35: 0.852
                      37: 0.322
 
 I= 11/2- (5)  5.635  25:-0.121
                      29:-0.053
                      32:-0.861
                      33: 0.478
                      35:-0.109

             ENERGY    K= OMEGA
 
 I= 13/2- (1)  5.454  27:-0.990
                      29:-0.057
                      37: 0.124
 
 I= 13/2- (2)  5.644  26: 0.396
                      30:-0.587
                      31:-0.243
                      34: 0.544
                      36: 0.090
                      38: 0.132
                      39:-0.344
 
 I= 13/2- (3)  5.897  27:-0.141
                      28:-0.210
                      29: 0.461
                      33:-0.066
                      35:-0.393
                      37:-0.750
 
 I= 13/2- (4)  6.372  25: 0.417
                      28:-0.083
                      29:-0.057
                      32:-0.551
                      33:-0.705
                      37: 0.116
 
 I= 13/2- (5)  6.867  25:-0.056
                      28:-0.302
                      29:-0.298
                      32: 0.086
                      33: 0.066
                      35:-0.837
                      37: 0.324

             ENERGY     K= 9/2
  35 LEVELS    TIME=  0.0 SEC



 ******************* EXCITATION ENERGIES, DOMINANT CONFIGURATION AND EXPECTATION VALUES (WITH S.P. UU+VV FACTORS) *******************

  NR  Eex(keV)  I   Kdom  NY    <Jz>  <Jx**2> <Jy**2> <Jz**2> <I.j>/|I|  <Rx**2> <Ry**2> <Rz**2> <R.j>/|R|  <HROTx> <HROTy> <HROTz>

   1    0.0   1/2-   1/2  32    0.50    5.20    5.20    0.25    0.15       5.56    5.56    0.00   -3.15      0.678   0.678   0.000
   2   15.7   3/2-  -3/2  33   -0.77    5.18    5.18    1.52    1.18       5.54    5.54   -0.00   -2.89      0.675   0.675  -0.000
   3  227.5   3/2-   1/2  32   -0.21    5.17    5.17    0.96    0.73       6.10    6.10   -0.00   -2.83      0.744   0.744  -0.000
   4  408.0   5/2-  -3/2  33   -0.86    5.35    5.35    1.64    1.37       6.49    6.49    0.00   -2.30      0.792   0.792   0.000
   5  733.9   7/2-  -7/2  35   -3.26    2.40    2.40   11.99    3.17       3.69    3.69   -0.00   -1.55      0.450   0.450  -0.000
  
   6 1198.4   5/2-   1/2  32   -0.04    5.22    5.22    0.87   -0.11      10.36   10.36   -0.00   -2.56      1.263   1.263  -0.000
   7 1226.3   9/2-   9/2  37    2.53    2.99    2.99   18.07    4.04       4.29    4.29   -0.00   -1.34      0.523   0.523  -0.001
   8 1227.8   7/2-   1/2  32   -0.71    5.30    5.30    2.49    1.08      10.14   10.14    0.00   -1.96      1.236   1.236   0.000
   9 1274.0   7/2-  -7/2  29   -2.92    6.17    6.17   10.63    2.80       8.24    8.24    0.00   -2.92      1.004   1.004   0.000
  10 1522.1   7/2-  -3/2  33   -0.60    5.27    5.27    1.45    0.83      10.58   10.58   -0.00   -1.89      1.290   1.290  -0.000
  
  11 1655.7  11/2- -11/2  27   -5.46    2.75    2.75   30.20    5.06       5.49    5.49    0.00   -1.65      0.669   0.669   0.000
  12 1676.8   5/2-   5/2  28    2.45    6.13    6.13    6.19    2.06       7.49    7.49    0.00   -3.19      0.914   0.914   0.000
  13 1791.9   9/2-  -7/2  35   -1.87    3.34    3.34    9.87    2.40       8.71    8.71   -0.00   -1.10      1.062   1.062  -0.000
  14 1868.8   9/2-  -3/2  33   -1.24    4.77    4.77    4.18    1.70      10.77   10.77   -0.00   -1.13      1.313   1.313  -0.000
  15 1898.3   1/2-   1/2  31    0.50   12.70   12.70    0.25    0.96      12.36   12.36    0.00   -4.99      1.507   1.507   0.000
  
  16 1937.1   3/2-   1/2  31    0.40   14.33   14.33    0.35    1.84      12.82   12.82    0.00   -5.03      1.562   1.562   0.000
  17 2150.7   5/2-   1/2  31    0.36   13.21   13.21    0.45    1.89      12.24   12.24    0.00   -4.31      1.492   1.492   0.000
  18 2181.9   7/2-   1/2  31    0.28   16.36   16.36    1.04    3.08      12.55   12.55    0.00   -4.30      1.530   1.530   0.000
  19 2323.3  11/2-   9/2  37    1.78    3.28    3.28   17.24    3.46       9.12    9.12    0.00   -0.74      1.112   1.112   0.000
  20 2530.3   9/2-  -7/2  29   -1.74    5.64    5.64   13.13    2.48      12.22   12.22    0.00   -2.44      1.490   1.490   0.000
  
  21 2709.8  11/2-   1/2  31    0.18   20.19   20.19    4.98    4.63      12.88   12.88    0.00   -3.48      1.570   1.570   0.000
  22 2796.6   9/2-   1/2  31    0.22   18.91   18.91    4.49    4.05      13.40   13.40   -0.00   -4.28      1.634   1.634  -0.000
  23 3100.9  11/2-  -7/2  35   -2.13    2.79    2.79   12.41    2.26      13.36   13.36   -0.00   -0.87      1.629   1.629  -0.000
  24 3233.9  13/2- -11/2  27   -5.33    2.76    2.76   30.00    4.32      11.97   11.97    0.00   -1.09      1.459   1.459   0.000
  25 3414.7  11/2-   1/2  32   -0.01    5.12    5.12    0.89    0.69      19.28   19.28   -0.00   -1.12      2.351   2.351  -0.000
  
  26 3424.1  13/2-   5/2  30    0.13   21.97   21.97    8.58    5.15      14.67   14.67    0.00   -3.06      1.789   1.789   0.000
  27 3676.5  13/2-   9/2  37    1.24    3.48    3.48   16.77    3.06      14.88   14.88    0.00   -0.43      1.814   1.814   0.000
  28 3736.6   1/2-   1/2  25    0.50    7.38    7.38    0.25    0.64       7.32    7.32    0.00   -3.78      0.892   0.892   0.000
  29 4036.0   5/2-   5/2  30    1.45   22.66   22.66    5.04    3.74      18.50   18.50    0.00   -6.46      2.255   2.255   0.000
  30 4152.1  13/2-  -3/2  33   -0.45    5.66    5.66    1.62    1.55      20.01   20.01   -0.00   -0.33      2.439   2.439  -0.000
  
  31 4344.5   1/2-   1/2  36    0.50   17.10   17.10    0.25   -0.76      18.25   18.25    0.00   -5.81      2.225   2.225   0.000
  32 4496.8   3/2-   1/2  25    0.48    7.42    7.42    0.27   -0.69      10.76   10.76    0.00   -3.54      1.312   1.312   0.000
  33 4591.1   3/2-   1/2  36    0.17   15.95   15.95    0.58   -0.00      18.12   18.12    0.00   -5.40      2.209   2.209   0.000
  34 4646.9  13/2-  -7/2  35   -2.06    2.88    2.88   12.38    1.97      19.69   19.69   -0.00   -0.70      2.400   2.400  -0.000
  35*******   1/2-  -3/2  33    0.00    0.00    0.00    0.00   -0.00       0.00    0.00    0.00   -0.00      0.000   0.000   0.000
  
