1SPECTRUM OF (Z= 82 A=207) IN PARTICLE-ROTOR  MODEL WITH MODIFIED OSCILLATOR POTENTIAL


 PARITY=-   EPS= 0.198   GAMMA=  0.0   EPS4=0.000   EPS6=0.000   LEVELS:  25  26  27  28  29  30  31  32  33  34  35  36  37  38  39

 PAIRING FACTORS: GN0= 19.20  GN1=  7.40  IPAIR= 15 ***  E2PLUS(INPUT)=   0.730  E2PLUR(INPUT)=   0.000

 CORIOLIS ATTENUATION PARAMETERS:  CHSI=1.000  ETA=  1.00

 MOMENT OF INERTIA PARAMETERS:   A1=  0.122 MEV   A2=  0.122 MEV   A3=121.91923 MEV


 DELTA=0.938 MEV  LAMBDA=53.4825 MEV   HW0= 7.4449 MEV   LAMBDA/HW0= 7.1838

 E2ENERGY=0.730 MEV  HBAR**2/B= 7269./A**(7/3)=1228.8/A**2 MEV

 IREC=0  =>  RECOIL TERMS j+j-, j+j+, jzjz, ETC TREATED AS ONE-BODY OPERATORS WITH UU+VV PAIRING FACTORS



 S. P. LEVEL   EQP       U     V        (UU + VV)**1.00

     25       4.254    0.111 0.994      1.000 1.000 1.000 0.998 0.994 0.994 0.991 0.727 0.625 0.464 0.437 0.404 0.331 0.273 0.233
     26       4.025    0.117 0.993      1.000 1.000 1.000 0.998 0.994 0.994 0.992 0.732 0.630 0.470 0.442 0.410 0.337 0.279 0.239
     27       3.733    0.127 0.992      1.000 1.000 1.000 0.999 0.995 0.995 0.993 0.738 0.637 0.478 0.451 0.419 0.346 0.288 0.248
     28       2.704    0.176 0.984      0.998 0.998 0.999 1.000 0.999 0.999 0.998 0.771 0.675 0.522 0.495 0.464 0.393 0.336 0.296
     29       2.171    0.222 0.975      0.994 0.994 0.995 0.999 1.000 1.000 1.000 0.800 0.708 0.561 0.535 0.504 0.435 0.379 0.340
     30       2.156    0.223 0.975      0.994 0.994 0.995 0.999 1.000 1.000 1.000 0.801 0.710 0.562 0.536 0.506 0.436 0.381 0.342
     31       1.994    0.243 0.970      0.991 0.992 0.993 0.998 1.000 1.000 1.000 0.812 0.723 0.578 0.553 0.523 0.454 0.399 0.360
     32       0.951    0.763 0.647      0.727 0.732 0.738 0.771 0.800 0.801 0.812 1.000 0.990 0.946 0.935 0.922 0.889 0.859 0.837
     33       1.039    0.845 0.534      0.625 0.630 0.637 0.675 0.708 0.710 0.723 0.990 1.000 0.982 0.975 0.967 0.944 0.922 0.905
     34       1.387    0.932 0.363      0.464 0.470 0.478 0.522 0.561 0.562 0.578 0.946 0.982 1.000 1.000 0.998 0.989 0.979 0.969
     35       1.490    0.943 0.334      0.437 0.442 0.451 0.495 0.535 0.536 0.553 0.935 0.975 1.000 1.000 0.999 0.993 0.985 0.977
     36       1.638    0.954 0.300      0.404 0.410 0.419 0.464 0.504 0.506 0.523 0.922 0.967 0.998 0.999 1.000 0.997 0.990 0.984
     37       2.145    0.974 0.225      0.331 0.337 0.346 0.393 0.435 0.436 0.454 0.889 0.944 0.989 0.993 0.997 1.000 0.998 0.995
     38       2.887    0.986 0.165      0.273 0.279 0.288 0.336 0.379 0.381 0.399 0.859 0.922 0.979 0.985 0.990 0.998 1.000 0.999
     39       3.829    0.992 0.123      0.233 0.239 0.248 0.296 0.340 0.342 0.360 0.837 0.905 0.969 0.977 0.984 0.995 0.999 1.000

  R CORE   ENERGY   A0R/A00=1.000    R3= 0     2  
   2( 1)    0.732                    1.000 0.000
   2( 2)  487.921                    0.000 1.000

  R CORE   ENERGY   A0R/A00=1.000    R3= 0     2  
   3( 1)  488.652                    0.000 1.000

  R CORE   ENERGY   A0R/A00=1.000    R3= 0     2     4  
   4( 1)    2.438                    1.000 0.000 0.000

  R CORE   ENERGY   A0R/A00=1.000    R3= 0     2     4  
   5( 1)  490.847                    0.000 1.000 0.000

  R CORE   ENERGY   A0R/A00=1.000    R3= 0     2     4     6  
   6( 1)    5.121                    1.000 0.000 0.000 0.000

  R CORE   ENERGY   A0R/A00=1.000    R3= 0     2     4     6  
   7( 1)  494.017                    0.000 1.000 0.000 0.000

          AXIAL SYMMETRY => K RESTRICTED TO OMEGA

                     K
     S.P. ORB#: 25  2.50
     S.P. ORB#: 26  0.50
     S.P. ORB#: 27 -3.50
     S.P. ORB#: 28 -3.50
     S.P. ORB#: 29  4.50
     S.P. ORB#: 30  0.50
     S.P. ORB#: 31 -1.50
     S.P. ORB#: 32 -1.50
     S.P. ORB#: 33  2.50
     S.P. ORB#: 34  0.50
     S.P. ORB#: 35  0.50
     S.P. ORB#: 36 -1.50
     S.P. ORB#: 37  2.50
     S.P. ORB#: 38 -3.50
     S.P. ORB#: 39  4.50
 

             ENERGY    K= OMEGA
 
 I=  1/2- (1)  1.746  26:-0.059
                      35:-0.998
 
 I=  1/2- (2)  3.204  30: 0.999
 
 I=  1/2- (3)  5.225  26: 0.998
                      35:-0.060
 
 I=  1/2- (4)  9.294  34:-1.000
 
 I=  1/2- (5)147.254  32: 1.000

             ENERGY    K= OMEGA
 
 I=  3/2- (1)  1.439  30: 0.186
                      31: 0.104
                      32: 0.973
                      35:-0.074
 
 I=  3/2- (2)  2.390  30: 0.168
                      31: 0.149
                      32:-0.122
                      35:-0.967

             ENERGY    K= OMEGA
 
 I=  5/2- (1)  1.517  26: 0.052
                      30:-0.137
                      31:-0.180
                      32: 0.430
                      33: 0.870
                      35:-0.057
 
 I=  5/2- (2)  2.068  30:-0.213
                      31: 0.169
                      32: 0.862
                      33:-0.422
                      35: 0.053
 
 I=  5/2- (3)  2.417  30: 0.166
                      31: 0.213
                      33: 0.132
                      35: 0.954
 
 I=  5/2- (4)  3.312  26: 0.373
                      30:-0.447
                      31:-0.736
                      32:-0.076
                      33:-0.189
                      35: 0.278
 
 I=  5/2- (5)  4.533  26:-0.065
                      30: 0.804
                      31:-0.525
                      32: 0.250
                      33:-0.103

             ENERGY    K= OMEGA
 
 I=  7/2- (1)  2.151  30: 0.185
                      31:-0.211
                      32: 0.518
                      33:-0.806
 
 I=  7/2- (2)  2.732  25:-0.072
                      26:-0.171
                      28: 0.088
                      30:-0.341
                      31:-0.297
                      32:-0.710
                      33:-0.461
                      35: 0.190
 
 I=  7/2- (3)  3.442  25:-0.238
                      27:-0.095
                      28: 0.959
                      30: 0.058
                      31: 0.056
                      35:-0.063
 
 I=  7/2- (4)  3.772  34: 0.728
                      36: 0.573
                      37: 0.348
                      38: 0.145
 
 I=  7/2- (5)  3.968  26:-0.114
                      28: 0.065
                      30:-0.173
                      31:-0.272
                      32: 0.316
                      33: 0.221
                      35: 0.854

             ENERGY    K= OMEGA
 
 I=  9/2- (1)  2.809  25: 0.060
                      26:-0.163
                      27: 0.146
                      28: 0.075
                      29:-0.380
                      30: 0.277
                      31: 0.328
                      32:-0.441
                      33:-0.630
                      35: 0.150
 
 I=  9/2- (2)  2.944  25:-0.061
                      26:-0.083
                      27:-0.215
                      28:-0.178
                      29: 0.863
                      30: 0.138
                      31: 0.163
                      32:-0.197
                      33:-0.273
                      35: 0.083
 
 I=  9/2- (3)  3.906  25:-0.151
                      27: 0.050
                      28:-0.247
                      29:-0.054
                      30:-0.190
                      31: 0.311
                      32: 0.748
                      33:-0.364
                      35: 0.288
 
 I=  9/2- (4)  4.011  26: 0.126
                      28:-0.118
                      30:-0.294
                      31:-0.181
                      33:-0.477
                      35:-0.787
 
 I=  9/2- (5)  4.376  25:-0.291
                      27: 0.108
                      28:-0.878
                      29:-0.177
                      30: 0.117
                      31:-0.078
                      32:-0.226
                      33: 0.174

             ENERGY    K= OMEGA
 
 I= 11/2- (1)  2.573  34:-0.664
                      36:-0.565
                      37:-0.409
                      38:-0.246
                      39:-0.109
 
 I= 11/2- (2)  3.835  25:-0.138
                      27: 0.328
                      28: 0.241
                      29: 0.812
                      30:-0.100
                      31: 0.103
                      32:-0.224
                      33: 0.291
 
 I= 11/2- (3)  4.110  27: 0.087
                      28: 0.107
                      29: 0.376
                      30: 0.262
                      31:-0.261
                      32: 0.525
                      33:-0.653
 
 I= 11/2- (4)  4.721  25:-0.115
                      26:-0.283
                      27:-0.051
                      28: 0.159
                      30:-0.411
                      31:-0.409
                      32:-0.536
                      33:-0.445
                      35: 0.236
 
 I= 11/2- (5)  5.478  25:-0.361
                      26: 0.095
                      27:-0.149
                      28: 0.855
                      29:-0.251
                      30: 0.127
                      31: 0.114
                      32: 0.053
                      35:-0.103

             ENERGY    K= OMEGA
 
 I= 13/2- (1)  4.256  34:-0.187
                      36: 0.486
                      37:-0.603
                      38: 0.523
                      39:-0.301
 
 I= 13/2- (2)  4.820  25:-0.102
                      26: 0.267
                      27:-0.193
                      28:-0.124
                      29: 0.338
                      30:-0.364
                      31:-0.411
                      32: 0.399
                      33: 0.503
                      35:-0.195
 
 I= 13/2- (3)  5.100  25: 0.147
                      26: 0.148
                      27: 0.335
                      28: 0.286
                      29:-0.778
                      30:-0.190
                      31:-0.218
                      32: 0.151
                      33: 0.190
                      35:-0.120
 
 I= 13/2- (4)  6.530  25:-0.256
                      26:-0.114
                      27: 0.098
                      28:-0.387
                      29:-0.197
                      30:-0.075
                      31: 0.318
                      32: 0.639
                      35: 0.454
 
 I= 13/2- (5)  6.630  25: 0.184
                      26:-0.136
                      27:-0.116
                      28: 0.390
                      29: 0.073
                      30: 0.285
                      31: 0.053
                      33: 0.607
                      35: 0.569

             ENERGY     K= 9/2
  32 LEVELS    TIME=  0.0 SEC



 ******************* EXCITATION ENERGIES, DOMINANT CONFIGURATION AND EXPECTATION VALUES (WITH S.P. UU+VV FACTORS) *******************

  NR  Eex(keV)  I   Kdom  NY    <Jz>  <Jx**2> <Jy**2> <Jz**2> <I.j>/|I|  <Rx**2> <Ry**2> <Rz**2> <R.j>/|R|  <HROTx> <HROTy> <HROTz>

   1    0.0   3/2-  -3/2  32   -1.42    1.57    1.57    2.17    1.44       1.74    1.74    0.00   -1.35      0.213   0.213   0.000
   2   78.2   5/2-   5/2  33    1.58    1.87    1.87    5.23    2.39       1.77    1.77    0.00   -1.00      0.216   0.216   0.000
   3  307.3   1/2-   1/2  35    0.50    1.23    1.23    0.25    0.83       1.01    1.01    0.00   -1.40      0.124   0.124   0.000
   4  628.7   5/2-  -3/2  32   -0.68    1.57    1.57    2.87    1.10       4.13    4.13    0.00   -0.96      0.504   0.504   0.000
   5  712.0   7/2-   5/2  33    1.17    1.96    1.96    4.80    2.00       4.30    4.30    0.00   -0.27      0.524   0.524   0.000
  
   6  950.8   3/2-   1/2  35    0.43    1.39    1.39    0.32   -0.09       3.60    3.60    0.00   -1.22      0.439   0.439   0.000
   7  977.7   5/2-   1/2  35    0.44    1.66    1.66    0.45    0.88       3.66    3.66    0.00   -0.43      0.446   0.446   0.000
   8 1133.6  11/2-   1/2  34    0.00   27.74   27.74    2.86    7.28       3.52    3.52   -0.00   -5.58      0.430   0.430  -0.000
   9 1292.9   7/2-  -3/2  32   -0.28    1.79    1.79    2.84    1.36       5.69    5.69    0.00   -0.30      0.694   0.694   0.000
  10 1370.4   9/2-   5/2  33    1.17    2.75    2.75    6.47    2.65       5.20    5.20    0.00    0.37      0.634   0.634   0.000
  
  11 1505.2   9/2-   9/2  29    3.19    2.65    2.65   16.69    4.04       3.30    3.30    0.00   -0.75      0.402   0.402   0.000
  12 1765.4   1/2-   1/2  30    0.50    4.12    4.12    0.25    0.38       4.29    4.29    0.00   -2.78      0.523   0.523   0.000
  13 1872.9   5/2-  -3/2  31   -0.52    3.82    3.82    1.56    1.54       4.44    4.44    0.00   -1.57      0.541   0.541   0.000
  14 2002.5   7/2-  -7/2  28   -3.11    2.35    2.35   11.75    3.38       2.68    2.68    0.00   -1.31      0.327   0.327   0.000
  15 2333.4   7/2-   1/2  34    0.00   28.04   28.04    1.88    7.04       8.94    8.94    0.00   -7.11      1.090   1.090   0.000
  
  16 2396.4  11/2-   9/2  29    2.56    2.94    2.94   16.17    3.75       6.49    6.49    0.00    0.10      0.792   0.792   0.000
  17 2467.4   9/2-  -3/2  32   -0.75    1.64    1.64    3.32    1.05      10.48   10.48    0.00   -0.31      1.277   1.277   0.000
  18 2529.1   7/2-   1/2  35    0.23    1.85    1.85    0.94    0.03      10.08   10.08    0.00   -1.01      1.229   1.229   0.000
  19 2571.7   9/2-   1/2  35    0.83    2.16    2.16    1.89    1.06      10.18   10.18    0.00   -0.20      1.241   1.241   0.000
  20 2670.8  11/2-   5/2  33    1.15    2.28    2.28    6.55    2.03      11.29   11.29    0.00    0.22      1.377   1.377   0.000
  
  21 2817.3  13/2-   5/2  37    0.02   26.07   26.07    8.01    6.68       7.80    7.80    0.00   -3.42      0.951   0.951   0.000
  22 2936.9   9/2-  -7/2  28   -2.39    2.42    2.42   11.07    2.69       6.96    6.96    0.00   -0.68      0.848   0.848   0.000
  23 3093.8   5/2-   1/2  30   -0.15    4.15    4.15    1.00   -0.41      10.25   10.25    0.00   -2.32      1.249   1.249   0.000
  24 3281.6  11/2-  -3/2  32   -0.09    2.22    2.22    2.79    1.54      12.31   12.31    0.00    0.39      1.500   1.500   0.000
  25 3381.1  13/2-   5/2  33    0.62    3.50    3.50    5.40    2.64      12.17   12.17    0.00    1.22      1.484   1.484   0.000
  
  26 3660.5  13/2-   9/2  29    2.12    3.30    3.30   15.17    3.46      11.12   11.12    0.00    0.50      1.356   1.356   0.000
  27 3786.2   1/2-   1/2  26    0.50    5.06    5.06    0.25    0.69       4.97    4.97    0.00   -3.10      0.606   0.606   0.000
  28 4039.0  11/2-  -7/2  28   -2.03    2.62    2.62   11.38    2.59      10.70   10.70    0.00   -0.24      1.304   1.304   0.000
  29 5091.2  13/2-  -3/2  32   -0.87    1.97    1.97    4.37    1.29      19.53   19.53    0.00    0.11      2.381   2.381   0.000
  30 5191.0  13/2-   5/2  33    0.66    2.25    2.25    4.76    1.28      20.06   20.06    0.00   -0.05      2.446   2.446   0.000
  
  31 7854.6   1/2-   1/2  34    0.50   28.43   28.43    0.25   -4.04      32.43   32.43    0.00   -7.53      3.953   3.953   0.000
  32*******   1/2-  -3/2  32    0.00    0.00    0.00    0.00   -0.00       0.00    0.00    0.00   -0.00      0.000   0.000   0.000
