1SPECTRUM OF (Z= 82 A=207) IN PARTICLE-ROTOR  MODEL WITH MODIFIED OSCILLATOR POTENTIAL


 PARITY=-   EPS= 0.378   GAMMA=  0.0   EPS4=0.000   EPS6=0.000   LEVELS:  24  25  26  27  28  29  30  31  32  33  34  35  36  37  38

 PAIRING FACTORS: GN0= 19.20  GN1=  7.40  IPAIR= 15 ***  E2PLUS(INPUT)=   0.730  E2PLUR(INPUT)=   0.000

 CORIOLIS ATTENUATION PARAMETERS:  CHSI=1.000  ETA=  1.00

 MOMENT OF INERTIA PARAMETERS:   A1=  0.122 MEV   A2=  0.122 MEV   A3=121.91924 MEV


 DELTA=0.865 MEV  LAMBDA=53.4466 MEV   HW0= 7.5430 MEV   LAMBDA/HW0= 7.0856

 E2ENERGY=0.730 MEV  HBAR**2/B=26493./A**(7/3)=4478.7/A**2 MEV

 IREC=0  =>  RECOIL TERMS j+j-, j+j+, jzjz, ETC TREATED AS ONE-BODY OPERATORS WITH UU+VV PAIRING FACTORS



 S. P. LEVEL   EQP       U     V        (UU + VV)**1.00

     24       4.286    0.101 0.995      1.000 1.000 0.999 0.998 0.996 0.988 0.940 0.910 0.782 0.640 0.454 0.372 0.315 0.240 0.228
     25       4.032    0.108 0.994      1.000 1.000 0.999 0.999 0.997 0.989 0.942 0.913 0.786 0.645 0.460 0.378 0.321 0.246 0.234
     26       2.875    0.152 0.988      0.999 0.999 1.000 1.000 0.999 0.995 0.956 0.930 0.813 0.678 0.499 0.419 0.363 0.289 0.278
     27       2.723    0.161 0.987      0.998 0.999 1.000 1.000 1.000 0.996 0.959 0.934 0.818 0.685 0.507 0.427 0.371 0.298 0.286
     28       2.315    0.190 0.982      0.996 0.997 0.999 1.000 1.000 0.998 0.967 0.944 0.835 0.706 0.532 0.454 0.399 0.326 0.315
     29       1.771    0.252 0.968      0.988 0.989 0.995 0.996 0.998 1.000 0.981 0.963 0.868 0.750 0.585 0.510 0.456 0.386 0.374
     30       1.104    0.435 0.901      0.940 0.942 0.956 0.959 0.967 0.981 1.000 0.997 0.948 0.864 0.731 0.666 0.620 0.557 0.547
     31       0.994    0.504 0.864      0.910 0.913 0.930 0.934 0.944 0.963 0.997 1.000 0.970 0.900 0.782 0.723 0.679 0.620 0.610
     32       0.865    0.699 0.715      0.782 0.786 0.813 0.818 0.835 0.868 0.948 0.970 1.000 0.979 0.910 0.869 0.838 0.793 0.785
     33       0.933    0.830 0.558      0.640 0.645 0.678 0.685 0.706 0.750 0.864 0.900 0.979 1.000 0.975 0.951 0.931 0.900 0.894
     34       1.282    0.932 0.362      0.454 0.460 0.499 0.507 0.532 0.585 0.731 0.782 0.910 0.975 1.000 0.996 0.989 0.974 0.971
     35       1.629    0.961 0.276      0.372 0.378 0.419 0.427 0.454 0.510 0.666 0.723 0.869 0.951 0.996 1.000 0.998 0.990 0.989
     36       2.040    0.976 0.217      0.315 0.321 0.363 0.371 0.399 0.456 0.620 0.679 0.838 0.931 0.989 0.998 1.000 0.997 0.996
     37       3.112    0.990 0.140      0.240 0.246 0.289 0.298 0.326 0.386 0.557 0.620 0.793 0.900 0.974 0.990 0.997 1.000 1.000
     38       3.399    0.992 0.128      0.228 0.234 0.278 0.286 0.315 0.374 0.547 0.610 0.785 0.894 0.971 0.989 0.996 1.000 1.000

  R CORE   ENERGY   A0R/A00=1.000    R3= 0     2  
   2( 1)    0.732                    1.000 0.000
   2( 2)  487.921                    0.000 1.000

  R CORE   ENERGY   A0R/A00=1.000    R3= 0     2  
   3( 1)  488.652                    0.000 1.000

  R CORE   ENERGY   A0R/A00=1.000    R3= 0     2     4  
   4( 1)    2.438                    1.000 0.000 0.000

  R CORE   ENERGY   A0R/A00=1.000    R3= 0     2     4  
   5( 1)  490.847                    0.000 1.000 0.000

  R CORE   ENERGY   A0R/A00=1.000    R3= 0     2     4     6  
   6( 1)    5.121                    1.000 0.000 0.000 0.000

  R CORE   ENERGY   A0R/A00=1.000    R3= 0     2     4     6  
   7( 1)  494.017                    0.000 1.000 0.000 0.000

          AXIAL SYMMETRY => K RESTRICTED TO OMEGA

                     K
     S.P. ORB#: 24  0.50
     S.P. ORB#: 25 -5.50
     S.P. ORB#: 26  2.50
     S.P. ORB#: 27  0.50
     S.P. ORB#: 28 -3.50
     S.P. ORB#: 29 -1.50
     S.P. ORB#: 30  0.50
     S.P. ORB#: 31 -1.50
     S.P. ORB#: 32  2.50
     S.P. ORB#: 33 -3.50
     S.P. ORB#: 34  4.50
     S.P. ORB#: 35  0.50
     S.P. ORB#: 36 -3.50
     S.P. ORB#: 37 -1.50
     S.P. ORB#: 38  2.50
 

             ENERGY    K= OMEGA
 
 I=  1/2- (1)  2.390  30: 0.999
 
 I=  1/2- (2)  5.002  27:-0.259
                      35: 0.966
 
 I=  1/2- (3)  5.942  24: 0.999
 
 I=  1/2- (4)  9.085  27: 0.966
                      35: 0.259
 
 I=  1/2- (5)147.297  31: 1.000

             ENERGY    K= OMEGA
 
 I=  3/2- (1)  2.281  24: 0.068
                      30:-0.300
                      31: 0.952
 
 I=  3/2- (2)  2.476  24:-0.199
                      30:-0.917
                      31:-0.273
                      37:-0.212

             ENERGY    K= OMEGA
 
 I=  5/2- (1)  2.460  24:-0.256
                      30: 0.466
                      31: 0.818
                      37:-0.086
                      38:-0.201
 
 I=  5/2- (2)  3.359  24:-0.059
                      26:-0.060
                      30: 0.788
                      31:-0.468
                      37:-0.365
                      38: 0.139
 
 I=  5/2- (3)  4.092  24:-0.093
                      26: 0.111
                      30: 0.159
                      31: 0.133
                      37: 0.489
                      38: 0.835
 
 I=  5/2- (4)  4.612  26: 0.686
                      30: 0.239
                      31:-0.207
                      37: 0.515
                      38:-0.405
 
 I=  5/2- (5)  4.725  26:-0.716
                      30: 0.205
                      31:-0.107
                      37: 0.595
                      38:-0.279

             ENERGY    K= OMEGA
 
 I=  7/2- (1)  1.798  26:-0.162
                      33: 0.985
 
 I=  7/2- (2)  3.301  24:-0.139
                      30: 0.280
                      31:-0.883
                      37: 0.096
                      38:-0.333
 
 I=  7/2- (3)  3.461  24:-0.303
                      30:-0.867
                      31:-0.246
                      37:-0.305
 
 I=  7/2- (4)  3.977  27:-0.632
                      29:-0.588
                      32:-0.461
                      36:-0.204
 
 I=  7/2- (5)  4.200  26: 0.195
                      28: 0.972
                      38: 0.107

             ENERGY    K= OMEGA
 
 I=  9/2- (1)  2.207  26: 0.087
                      28:-0.163
                      33: 0.343
                      34: 0.921
 
 I=  9/2- (2)  2.846  26:-0.217
                      28:-0.098
                      31:-0.063
                      33:-0.905
                      34: 0.341
                      38: 0.056
 
 I=  9/2- (3)  3.557  24:-0.368
                      30: 0.502
                      31: 0.722
                      33:-0.082
                      37:-0.149
                      38:-0.249
 
 I=  9/2- (4)  4.716  27: 0.208
                      29:-0.550
                      32: 0.688
                      36:-0.424
 
 I=  9/2- (5)  5.237  24: 0.051
                      26: 0.114
                      28:-0.066
                      30:-0.680
                      31: 0.505
                      33:-0.056
                      37: 0.453
                      38:-0.233

             ENERGY    K= OMEGA
 
 I= 11/2- (1)  3.340  26: 0.138
                      28: 0.222
                      33:-0.434
                      34: 0.861
 
 I= 11/2- (2)  3.389  27: 0.625
                      29: 0.585
                      32: 0.457
                      35: 0.075
                      36: 0.230
 
 I= 11/2- (3)  4.121  26:-0.254
                      28: 0.146
                      31: 0.081
                      33: 0.846
                      34: 0.431
                      38: 0.075
 
 I= 11/2- (4)  5.225  24:-0.285
                      31:-0.865
                      33: 0.113
                      38:-0.392
 
 I= 11/2- (5)  5.334  24:-0.291
                      30:-0.873
                      37:-0.369
                      38: 0.112

             ENERGY    K= OMEGA
 
 I= 13/2- (1)  4.701  26: 0.181
                      28:-0.260
                      33: 0.485
                      34: 0.813
 
 I= 13/2- (2)  5.238  27: 0.214
                      29:-0.556
                      32: 0.677
                      36:-0.430
 
 I= 13/2- (3)  5.468  24:-0.381
                      26: 0.143
                      28: 0.108
                      30: 0.434
                      31: 0.603
                      33: 0.355
                      34:-0.253
                      37:-0.136
                      38:-0.251
 
 I= 13/2- (4)  5.688  24:-0.217
                      26:-0.240
                      28:-0.151
                      30: 0.266
                      31: 0.303
                      33:-0.723
                      34: 0.412
                      37:-0.103
                      38:-0.070
 
 I= 13/2- (5)  6.962  25: 0.998

             ENERGY     K= 5/2
  32 LEVELS    TIME=  0.0 SEC



 ******************* EXCITATION ENERGIES, DOMINANT CONFIGURATION AND EXPECTATION VALUES (WITH S.P. UU+VV FACTORS) *******************

  NR  Eex(keV)  I   Kdom  NY    <Jz>  <Jx**2> <Jy**2> <Jz**2> <I.j>/|I|  <Rx**2> <Ry**2> <Rz**2> <R.j>/|R|  <HROTx> <HROTy> <HROTz>

   1    0.0   7/2-  -7/2  33   -3.34    2.31    2.31   12.08    3.25       3.32    3.32    0.00   -1.47      0.404   0.404   0.000
   2  409.3   9/2-   9/2  34    3.33    2.50    2.50   18.99    4.13       3.80    3.80    0.00   -1.24      0.463   0.463   0.000
   3  483.6   3/2-  -3/2  31   -1.31    4.94    4.94    2.06    1.38       5.18    5.18    0.00   -2.88      0.631   0.631   0.000
   4  592.2   1/2-   1/2  30    0.50    4.95    4.95    0.25    0.24       5.24    5.24   -0.00   -3.07      0.639   0.639  -0.000
   5  661.7   5/2-  -3/2  31   -0.77    5.08    5.08    1.85    1.97       4.56    4.56    0.00   -2.05      0.556   0.556   0.000
  
   6  677.8   3/2-   1/2  30    0.26    4.60    4.60    0.49    1.01       4.77    4.77   -0.00   -2.50      0.581   0.581  -0.000
   7 1048.1   9/2-  -7/2  33   -2.26    2.38    2.38   12.83    2.81       7.21    7.21    0.00   -0.96      0.879   0.879   0.000
   8 1502.8   7/2-  -3/2  31   -0.86    4.68    4.68    2.52    1.47       7.98    7.98    0.00   -1.51      0.973   0.973   0.000
   9 1542.0  11/2-   9/2  34    2.55    2.67    2.67   18.08    3.55       8.37    8.37    0.00   -0.54      1.020   1.020   0.000
  10 1561.0   5/2-   1/2  30   -0.16    4.36    4.36    1.09    0.44       7.99    7.99    0.00   -2.13      0.975   0.975   0.000
  
  11 1590.9  11/2-   1/2  27    0.02   23.30   23.30    2.82    6.15       5.83    5.83    0.00   -3.71      0.711   0.711   0.000
  12 1663.6   7/2-   1/2  30    0.20    4.45    4.45    0.58    1.24       7.71    7.71    0.00   -1.16      0.939   0.939   0.000
  13 1759.4   9/2-  -3/2  31   -0.49    5.19    5.19    1.80    2.15       7.76    7.76    0.00   -0.37      0.946   0.946   0.000
  14 2178.8   7/2-   1/2  27    0.07   23.02   23.02    2.72    6.05       8.23    8.23    0.00   -6.10      1.003   1.003   0.000
  15 2294.0   5/2-   5/2  38    1.41    2.01    2.01    5.02    1.82       3.53    3.53    0.00   -1.38      0.430   0.430   0.000
  
  16 2323.4  11/2-  -7/2  33   -1.58    2.47    2.47   13.25    2.49      12.10   12.10    0.00   -0.68      1.475   1.475   0.000
  17 2402.3   7/2-  -7/2  28   -3.19    6.16    6.16   11.89    3.12       7.61    7.61    0.00   -3.03      0.927   0.927   0.000
  18 2814.2   5/2-   5/2  26    1.15    4.21    4.21    4.67    1.24       7.26    7.26    0.00   -2.48      0.885   0.885   0.000
  19 2902.8  13/2-   9/2  34    1.99    2.83    2.83   17.35    3.16      13.84   13.84    0.00   -0.18      1.687   1.687   0.000
  20 2918.5   9/2-   5/2  32    0.12   23.87   23.87    5.86    5.17      13.47   13.47    0.00   -5.37      1.642   1.642   0.000
  
  21 2927.0   5/2-   5/2  26    0.95    4.21    4.21    4.53    1.15       7.46    7.46    0.00   -2.48      0.910   0.910   0.000
  22 3204.0   1/2-   1/2  35    0.50   12.19   12.19    0.25   -0.97      13.53   13.53    0.00   -4.90      1.649   1.649   0.000
  23 3427.5  11/2-  -3/2  31   -0.74    4.59    4.59    2.86    1.53      14.73   14.73    0.00   -0.53      1.795   1.795   0.000
  24 3438.7   9/2-   1/2  30   -0.32    3.98    3.98    1.67    0.50      14.71   14.71    0.00   -1.32      1.794   1.794   0.000
  25 3440.6  13/2-   5/2  32    0.06   23.86   23.86    5.84    5.10      15.54   15.54   -0.00   -3.22      1.895   1.895  -0.000
  
  26 3536.7  11/2-   1/2  30    0.25    4.34    4.34    0.62    1.26      14.99   14.99   -0.00   -0.32      1.828   1.828  -0.000
  27 3670.1  13/2-  -3/2  31   -0.39    4.68    4.68    4.46    2.30      15.25   15.25    0.00    0.40      1.860   1.860   0.000
  28 3890.5  13/2-  -7/2  33   -1.09    3.18    3.18   10.81    2.17      17.79   17.79    0.00   -0.34      2.169   2.169   0.000
  29 4143.9   1/2-   1/2  24    0.50    6.88    6.88    0.25    0.65       6.82    6.82    0.00   -3.64      0.831   0.831   0.000
  30 5164.6  13/2- -11/2  25   -5.48    2.75    2.75   30.21    4.32      12.05   12.05    0.00   -1.13      1.469   1.469   0.000
  
  31 7287.3   1/2-   1/2  27    0.50   22.92   22.92    0.25   -3.44      26.39   26.39    0.00   -6.75      3.218   3.218   0.000
  32*******   1/2-  -3/2  31    0.00    0.00    0.00    0.00   -0.00       0.00    0.00    0.00   -0.00      0.000   0.000   0.000
