1SPECTRUM OF (Z= 82 A=207) IN PARTICLE-ROTOR  MODEL WITH MODIFIED OSCILLATOR POTENTIAL


 PARITY=-   EPS= 0.298   GAMMA=  0.0   EPS4=0.000   EPS6=0.000   LEVELS:  25  26  27  28  29  30  31  32  33  34  35  36  37  38  39

 PAIRING FACTORS: GN0= 19.20  GN1=  7.40  IPAIR= 15 ***  E2PLUS(INPUT)=   0.730  E2PLUR(INPUT)=   0.000

 CORIOLIS ATTENUATION PARAMETERS:  CHSI=1.000  ETA=  1.00

 MOMENT OF INERTIA PARAMETERS:   A1=  0.122 MEV   A2=  0.122 MEV   A3=121.91922 MEV


 DELTA=0.950 MEV  LAMBDA=53.2888 MEV   HW0= 7.4905 MEV   LAMBDA/HW0= 7.1141

 E2ENERGY=0.730 MEV  HBAR**2/B=16466./A**(7/3)=2783.5/A**2 MEV

 IREC=0  =>  RECOIL TERMS j+j-, j+j+, jzjz, ETC TREATED AS ONE-BODY OPERATORS WITH UU+VV PAIRING FACTORS



 S. P. LEVEL   EQP       U     V        (UU + VV)**1.00

     25       4.120    0.116 0.993      1.000 1.000 0.999 0.975 0.963 0.953 0.938 0.856 0.797 0.471 0.349 0.321 0.301 0.276 0.259
     26       3.408    0.141 0.990      1.000 1.000 1.000 0.980 0.970 0.960 0.946 0.868 0.812 0.493 0.372 0.345 0.325 0.299 0.283
     27       2.854    0.169 0.986      0.999 1.000 1.000 0.985 0.976 0.968 0.955 0.882 0.828 0.517 0.398 0.371 0.352 0.326 0.310
     28       1.503    0.336 0.942      0.975 0.980 0.985 1.000 0.999 0.997 0.992 0.950 0.912 0.657 0.550 0.525 0.507 0.484 0.469
     29       1.358    0.378 0.926      0.963 0.970 0.976 0.999 1.000 0.999 0.997 0.963 0.930 0.690 0.587 0.563 0.546 0.523 0.508
     30       1.264    0.412 0.911      0.953 0.960 0.968 0.997 0.999 1.000 0.999 0.972 0.943 0.717 0.617 0.594 0.577 0.555 0.540
     31       1.176    0.453 0.892      0.938 0.946 0.955 0.992 0.997 0.999 1.000 0.982 0.957 0.747 0.652 0.629 0.613 0.591 0.577
     32       0.980    0.613 0.790      0.856 0.868 0.882 0.950 0.963 0.972 0.982 1.000 0.995 0.860 0.784 0.765 0.751 0.733 0.722
     33       0.951    0.692 0.722      0.797 0.812 0.828 0.912 0.930 0.943 0.957 0.995 1.000 0.908 0.844 0.828 0.816 0.800 0.789
     34       1.396    0.931 0.366      0.471 0.493 0.517 0.657 0.690 0.717 0.747 0.860 0.908 1.000 0.991 0.987 0.983 0.978 0.974
     35       2.056    0.971 0.238      0.349 0.372 0.398 0.550 0.587 0.617 0.652 0.784 0.844 0.991 1.000 1.000 0.999 0.997 0.996
     36       2.323    0.978 0.209      0.321 0.345 0.371 0.525 0.563 0.594 0.629 0.765 0.828 0.987 1.000 1.000 1.000 0.999 0.998
     37       2.566    0.982 0.188      0.301 0.325 0.352 0.507 0.546 0.577 0.613 0.751 0.816 0.983 0.999 1.000 1.000 1.000 0.999
     38       2.968    0.987 0.162      0.276 0.299 0.326 0.484 0.523 0.555 0.591 0.733 0.800 0.978 0.997 0.999 1.000 1.000 1.000
     39       3.308    0.989 0.145      0.259 0.283 0.310 0.469 0.508 0.540 0.577 0.722 0.789 0.974 0.996 0.998 0.999 1.000 1.000

  R CORE   ENERGY   A0R/A00=1.000    R3= 0     2  
   2( 1)    0.732                    1.000 0.000
   2( 2)  487.921                    0.000 1.000

  R CORE   ENERGY   A0R/A00=1.000    R3= 0     2  
   3( 1)  488.652                    0.000 1.000

  R CORE   ENERGY   A0R/A00=1.000    R3= 0     2     4  
   4( 1)    2.438                    1.000 0.000 0.000

  R CORE   ENERGY   A0R/A00=1.000    R3= 0     2     4  
   5( 1)  490.847                    0.000 1.000 0.000

  R CORE   ENERGY   A0R/A00=1.000    R3= 0     2     4     6  
   6( 1)    5.121                    1.000 0.000 0.000 0.000

  R CORE   ENERGY   A0R/A00=1.000    R3= 0     2     4     6  
   7( 1)  494.017                    0.000 1.000 0.000 0.000

          AXIAL SYMMETRY => K RESTRICTED TO OMEGA

                     K
     S.P. ORB#: 25  0.50
     S.P. ORB#: 26  2.50
     S.P. ORB#: 27 -3.50
     S.P. ORB#: 28  0.50
     S.P. ORB#: 29 -1.50
     S.P. ORB#: 30 -3.50
     S.P. ORB#: 31  0.50
     S.P. ORB#: 32  4.50
     S.P. ORB#: 33 -1.50
     S.P. ORB#: 34  2.50
     S.P. ORB#: 35 -1.50
     S.P. ORB#: 36  2.50
     S.P. ORB#: 37 -3.50
     S.P. ORB#: 38  0.50
     S.P. ORB#: 39  0.50
 

             ENERGY    K= OMEGA
 
 I=  1/2- (1)  2.695  28:-0.997
                      38:-0.068
 
 I=  1/2- (2)  3.292  25:-0.068
                      28: 0.065
                      38:-0.996
 
 I=  1/2- (3)  5.622  25: 0.997
                      38:-0.065
 
 I=  1/2- (4)  6.286  31:-0.576
                      39: 0.818
 
 I=  1/2- (5)  9.017  31: 0.818
                      39: 0.576

             ENERGY    K= OMEGA
 
 I=  3/2- (1)  2.426  25:-0.155
                      28:-0.467
                      29:-0.445
                      35:-0.737
                      38: 0.133
 
 I=  3/2- (2)  2.565  28:-0.450
                      29: 0.859
                      35:-0.242

             ENERGY    K= OMEGA
 
 I=  5/2- (1)  2.478  25:-0.225
                      28: 0.407
                      29: 0.663
                      35:-0.254
                      36:-0.508
                      38: 0.149
 
 I=  5/2- (2)  3.053  25:-0.109
                      26: 0.057
                      28:-0.094
                      29: 0.500
                      35: 0.791
                      36: 0.276
                      38: 0.155
 
 I=  5/2- (3)  3.176  25: 0.138
                      28:-0.517
                      29:-0.085
                      35: 0.304
                      36:-0.774
                      38:-0.122
 
 I=  5/2- (4)  4.062  25: 0.088
                      28: 0.406
                      29:-0.440
                      35: 0.271
                      36:-0.213
                      38: 0.717
 
 I=  5/2- (5)  4.197  25:-0.150
                      28: 0.588
                      29:-0.236
                      35: 0.373
                      36:-0.145
                      38:-0.644

             ENERGY    K= OMEGA
 
 I=  7/2- (1)  2.035  26: 0.210
                      27:-0.059
                      30:-0.975
 
 I=  7/2- (2)  3.216  25: 0.057
                      28:-0.306
                      29: 0.577
                      35:-0.375
                      36: 0.653
 
 I=  7/2- (3)  3.261  31: 0.736
                      33: 0.572
                      34: 0.335
                      37: 0.133
 
 I=  7/2- (4)  3.377  25:-0.305
                      28:-0.610
                      29:-0.459
                      35:-0.509
                      36:-0.141
                      38: 0.204
 
 I=  7/2- (5)  4.241  26:-0.080
                      27:-0.166
                      28:-0.520
                      29: 0.553
                      35: 0.276
                      36:-0.560

             ENERGY    K= OMEGA
 
 I=  9/2- (1)  1.819  26:-0.065
                      27: 0.219
                      30:-0.191
                      32:-0.955
 
 I=  9/2- (2)  2.955  26:-0.287
                      27:-0.092
                      29:-0.059
                      30:-0.931
                      32: 0.185
                      36: 0.057
 
 I=  9/2- (3)  3.467  25:-0.349
                      28: 0.472
                      29: 0.644
                      30:-0.072
                      35:-0.242
                      36:-0.374
                      38: 0.189
 
 I=  9/2- (4)  4.484  31:-0.238
                      33: 0.601
                      34:-0.649
                      37: 0.400
 
 I=  9/2- (5)  4.817  25: 0.168
                      26:-0.090
                      27: 0.094
                      29:-0.378
                      35:-0.740
                      36:-0.447
                      38:-0.247

             ENERGY    K= OMEGA
 
 I= 11/2- (1)  2.499  31:-0.688
                      33:-0.578
                      34:-0.390
                      37:-0.193
 
 I= 11/2- (2)  2.859  26:-0.111
                      27:-0.295
                      30: 0.266
                      32:-0.911
 
 I= 11/2- (3)  4.104  26: 0.337
                      27:-0.126
                      29:-0.065
                      30:-0.890
                      32:-0.260
                      36:-0.065
 
 I= 11/2- (4)  5.102  25: 0.129
                      28:-0.241
                      29: 0.645
                      30:-0.058
                      35:-0.337
                      36: 0.620
                      38:-0.051
 
 I= 11/2- (5)  5.186  25:-0.371
                      28:-0.673
                      29:-0.361
                      30: 0.078
                      35:-0.472
                      38: 0.218

             ENERGY    K= OMEGA
 
 I= 13/2- (1)  4.117  26:-0.151
                      27: 0.344
                      30:-0.316
                      32:-0.871
 
 I= 13/2- (2)  4.718  31:-0.225
                      33: 0.580
                      34:-0.656
                      37: 0.426
 
 I= 13/2- (3)  5.324  25:-0.399
                      26: 0.127
                      27: 0.064
                      28: 0.456
                      29: 0.597
                      30: 0.284
                      32:-0.090
                      35:-0.188
                      36:-0.310
                      38: 0.191
 
 I= 13/2- (4)  5.516  25:-0.145
                      26:-0.350
                      27:-0.143
                      28: 0.186
                      29: 0.187
                      30:-0.807
                      32: 0.302
                      35:-0.122
                      36:-0.063
                      38: 0.068
 
 I= 13/2- (5)  7.525  25: 0.188
                      26:-0.089
                      27: 0.095
                      29:-0.271
                      30: 0.063
                      32: 0.055
                      35:-0.704
                      36:-0.534
                      38:-0.292

             ENERGY     K= 1/2
  32 LEVELS    TIME=  0.0 SEC



 ******************* EXCITATION ENERGIES, DOMINANT CONFIGURATION AND EXPECTATION VALUES (WITH S.P. UU+VV FACTORS) *******************

  NR  Eex(keV)  I   Kdom  NY    <Jz>  <Jx**2> <Jy**2> <Jz**2> <I.j>/|I|  <Rx**2> <Ry**2> <Rz**2> <R.j>/|R|  <HROTx> <HROTy> <HROTz>

   1    0.0   9/2-   9/2  32    3.82    2.57    2.57   19.51    4.36       2.99    2.99    0.00   -1.20      0.364   0.364   0.000
   2  215.7   7/2-  -7/2  30   -3.23    2.31    2.31   11.97    3.38       2.75    2.75    0.00   -1.35      0.335   0.335   0.000
   3  606.2   3/2-  -3/2  35   -0.98    2.62    2.62    1.73    1.58       2.30    2.30   -0.00   -1.82      0.281   0.281  -0.000
   4  658.8   5/2-  -3/2  29    0.01    4.02    4.02    2.80    2.44       2.57    2.57    0.00   -1.60      0.314   0.314   0.000
   5  679.5  11/2-   1/2  31   -0.01   25.41   25.41    2.28    6.53       5.36    5.36   -0.00   -4.29      0.654   0.654  -0.000
  
   6  745.3   3/2-  -3/2  29   -1.09    4.60    4.60    1.84    1.42       4.65    4.65   -0.00   -2.72      0.567   0.567  -0.000
   7  876.0   1/2-   1/2  28    0.50    4.65    4.65    0.25    0.35       4.85    4.85    0.00   -2.97      0.591   0.591   0.000
   8 1039.5  11/2-   9/2  32    3.21    2.82    2.82   18.81    3.89       6.83    6.83   -0.00   -0.32      0.832   0.832  -0.000
   9 1135.4   9/2-  -7/2  30   -2.70    2.44    2.44   11.96    2.94       6.17    6.17    0.00   -0.63      0.752   0.752   0.000
  10 1234.1   5/2-  -3/2  35   -1.09    2.18    2.18    2.48    1.10       4.53    4.53    0.00   -1.19      0.553   0.553   0.000
  
  11 1356.9   5/2-   5/2  36    1.50    2.77    2.77    4.05    1.63       4.35    4.35    0.00   -1.62      0.530   0.530   0.000
  12 1396.9   7/2-   5/2  36    0.40    3.19    3.19    3.79    1.90       5.42    5.42   -0.00   -0.80      0.661   0.661  -0.000
  13 1442.2   7/2-   1/2  31   -0.00   24.83   24.83    1.79    6.29       8.64    8.64    0.00   -6.37      1.053   1.053   0.000
  14 1472.3   1/2-   1/2  38    0.50    1.45    1.45    0.25    0.72       1.33    1.33    0.00   -1.55      0.163   0.163   0.000
  15 1558.0   7/2-   1/2  28   -0.40    3.34    3.34    1.33    1.51       5.90    5.90   -0.00   -0.59      0.719   0.719  -0.000
  
  16 1647.4   9/2-  -3/2  29   -0.19    4.60    4.60    2.11    2.38       6.18    6.18   -0.00    0.15      0.754   0.754  -0.000
  17 2242.9   5/2-   1/2  38    0.06    2.77    2.77    1.06    0.19       7.12    7.12   -0.00   -1.60      0.867   0.867  -0.000
  18 2284.8  11/2-  -7/2  30   -2.24    2.54    2.54   12.01    2.65      10.59   10.59    0.00   -0.27      1.291   1.291   0.000
  19 2298.1  13/2-   9/2  32    2.70    3.03    3.03   18.17    3.56      11.61   11.61   -0.00    0.14      1.416   1.416  -0.000
  20 2378.1   5/2-   1/2  38    0.15    2.82    2.82    0.77   -0.13       7.96    7.96    0.00   -1.70      0.971   0.971   0.000
  
  21 2422.1   7/2-   5/2  36    0.26    3.37    3.37    3.26    0.73       9.98    9.98    0.00   -1.59      1.217   1.217   0.000
  22 2665.1   9/2-   5/2  34   -0.02   25.24   25.24    5.42    5.57      12.61   12.61    0.00   -5.61      1.537   1.537   0.000
  23 2898.9  13/2-   5/2  34   -0.04   25.21   25.21    5.69    5.59      13.41   13.41    0.00   -3.30      1.635   1.635   0.000
  24 2997.7   9/2-  -3/2  35   -0.50    2.13    2.13    3.02    1.01      10.98   10.98   -0.00   -0.48      1.339   1.339  -0.000
  25 3282.6  11/2-  -3/2  29    0.20    3.42    3.42    3.73    1.66      13.25   13.25   -0.00   -0.13      1.616   1.616  -0.000
  
  26 3366.9  11/2-   1/2  28   -0.23    3.52    3.52    1.05    1.51      12.91   12.91   -0.00    0.18      1.574   1.574  -0.000
  27 3504.4  13/2-  -3/2  29   -0.37    4.65    4.65    2.88    2.43      13.50   13.50    0.00    0.92      1.646   1.646   0.000
  28 3696.5  13/2-  -7/2  30   -1.67    2.89    2.89   11.00    2.41      15.94   15.94    0.00    0.01      1.943   1.943   0.000
  29 3803.1   1/2-   1/2  25    0.50    6.29    6.29    0.25    0.68       6.20    6.20   -0.00   -3.47      0.756   0.756  -0.000
  30 4466.3   1/2-   1/2  39    0.50   12.91   12.91    0.25   -1.96      15.11   15.11    0.00   -5.05      1.842   1.842   0.000
  
  31 5705.4  13/2-  -3/2  35   -0.09    2.07    2.07    3.37    0.93      21.66   21.66    0.00   -0.16      2.641   2.641   0.000
  32 7197.5   1/2-   1/2  31    0.50   25.66   25.66    0.25   -3.58      29.25   29.25    0.00   -7.15      3.567   3.567   0.000
