1SPECTRUM OF (Z= 82 A=207) IN PARTICLE-ROTOR  MODEL WITH MODIFIED OSCILLATOR POTENTIAL


 PARITY=-   EPS= 0.164   GAMMA=  0.0   EPS4=0.000   EPS6=0.000   LEVELS:  25  26  27  28  29  30  31  32  33  34  35  36  37  38  39

 PAIRING FACTORS: GN0= 19.20  GN1=  7.40  IPAIR= 15 ***  E2PLUS(INPUT)=   0.730  E2PLUR(INPUT)=   0.000

 CORIOLIS ATTENUATION PARAMETERS:  CHSI=1.000  ETA=  1.00

 MOMENT OF INERTIA PARAMETERS:   A1=  0.122 MEV   A2=  0.122 MEV   A3=121.91924 MEV


 DELTA=0.864 MEV  LAMBDA=53.4158 MEV   HW0= 7.4340 MEV   LAMBDA/HW0= 7.1854

 E2ENERGY=0.730 MEV  HBAR**2/B= 4987./A**(7/3)= 843.0/A**2 MEV

 IREC=0  =>  RECOIL TERMS j+j-, j+j+, jzjz, ETC TREATED AS ONE-BODY OPERATORS WITH UU+VV PAIRING FACTORS



 S. P. LEVEL   EQP       U     V        (UU + VV)**1.00

     25       4.351    0.100 0.995      1.000 1.000 1.000 0.999 0.997 0.995 0.993 0.851 0.755 0.497 0.333 0.308 0.272 0.238 0.211
     26       3.858    0.113 0.994      1.000 1.000 1.000 1.000 0.998 0.996 0.994 0.858 0.763 0.508 0.345 0.320 0.285 0.251 0.223
     27       3.763    0.116 0.993      1.000 1.000 1.000 1.000 0.998 0.996 0.995 0.859 0.765 0.511 0.348 0.323 0.287 0.254 0.226
     28       3.065    0.142 0.990      0.999 1.000 1.000 1.000 0.999 0.998 0.997 0.873 0.782 0.534 0.373 0.349 0.313 0.280 0.253
     29       2.525    0.174 0.985      0.997 0.998 0.998 0.999 1.000 1.000 0.999 0.888 0.802 0.560 0.403 0.378 0.343 0.310 0.283
     30       2.190    0.201 0.980      0.995 0.996 0.996 0.998 1.000 1.000 1.000 0.900 0.818 0.583 0.428 0.404 0.370 0.337 0.310
     31       2.031    0.218 0.976      0.993 0.994 0.995 0.997 0.999 1.000 1.000 0.908 0.828 0.597 0.443 0.419 0.385 0.353 0.326
     32       0.895    0.608 0.794      0.851 0.858 0.859 0.873 0.888 0.900 0.908 1.000 0.987 0.879 0.779 0.762 0.737 0.713 0.693
     33       0.866    0.728 0.686      0.755 0.763 0.765 0.782 0.802 0.818 0.828 0.987 1.000 0.944 0.870 0.856 0.837 0.817 0.800
     34       1.160    0.913 0.408      0.497 0.508 0.511 0.534 0.560 0.583 0.597 0.879 0.944 1.000 0.984 0.979 0.970 0.961 0.953
     35       1.873    0.971 0.237      0.333 0.345 0.348 0.373 0.403 0.428 0.443 0.779 0.870 0.984 1.000 1.000 0.998 0.995 0.992
     36       2.090    0.977 0.212      0.308 0.320 0.323 0.349 0.378 0.404 0.419 0.762 0.856 0.979 1.000 1.000 0.999 0.997 0.995
     37       2.509    0.985 0.175      0.272 0.285 0.287 0.313 0.343 0.370 0.385 0.737 0.837 0.970 0.998 0.999 1.000 0.999 0.998
     38       3.111    0.990 0.140      0.238 0.251 0.254 0.280 0.310 0.337 0.353 0.713 0.817 0.961 0.995 0.997 0.999 1.000 1.000
     39       3.875    0.994 0.112      0.211 0.223 0.226 0.253 0.283 0.310 0.326 0.693 0.800 0.953 0.992 0.995 0.998 1.000 1.000

  R CORE   ENERGY   A0R/A00=1.000    R3= 0     2  
   2( 1)    0.732                    1.000 0.000
   2( 2)  487.921                    0.000 1.000

  R CORE   ENERGY   A0R/A00=1.000    R3= 0     2  
   3( 1)  488.652                    0.000 1.000

  R CORE   ENERGY   A0R/A00=1.000    R3= 0     2     4  
   4( 1)    2.438                    1.000 0.000 0.000

  R CORE   ENERGY   A0R/A00=1.000    R3= 0     2     4  
   5( 1)  490.847                    0.000 1.000 0.000

  R CORE   ENERGY   A0R/A00=1.000    R3= 0     2     4     6  
   6( 1)    5.121                    1.000 0.000 0.000 0.000

  R CORE   ENERGY   A0R/A00=1.000    R3= 0     2     4     6  
   7( 1)  494.017                    0.000 1.000 0.000 0.000

          AXIAL SYMMETRY => K RESTRICTED TO OMEGA

                     K
     S.P. ORB#: 25  2.50
     S.P. ORB#: 26 -3.50
     S.P. ORB#: 27  0.50
     S.P. ORB#: 28 -3.50
     S.P. ORB#: 29  4.50
     S.P. ORB#: 30  0.50
     S.P. ORB#: 31 -1.50
     S.P. ORB#: 32 -1.50
     S.P. ORB#: 33  2.50
     S.P. ORB#: 34  0.50
     S.P. ORB#: 35  0.50
     S.P. ORB#: 36 -1.50
     S.P. ORB#: 37  2.50
     S.P. ORB#: 38 -3.50
     S.P. ORB#: 39  4.50
 

             ENERGY    K= OMEGA
 
 I=  1/2- (1)  1.387  27:-0.064
                      34:-0.998
 
 I=  1/2- (2)  3.176  30: 1.000
 
 I=  1/2- (3)  4.831  27: 0.998
                      34:-0.064
 
 I=  1/2- (4) 10.046  35:-1.000
 
 I=  1/2- (5)147.198  32: 1.000

             ENERGY    K= OMEGA
 
 I=  3/2- (1)  1.353  27: 0.054
                      30: 0.200
                      31: 0.121
                      32: 0.966
                      34:-0.098
 
 I=  3/2- (2)  2.055  30: 0.130
                      31: 0.102
                      32:-0.138
                      34:-0.976

             ENERGY    K= OMEGA
 
 I=  5/2- (1)  1.327  27: 0.052
                      30:-0.132
                      31:-0.192
                      32: 0.377
                      33: 0.891
                      34:-0.082
 
 I=  5/2- (2)  1.950  30:-0.245
                      31: 0.163
                      32: 0.879
                      33:-0.371
 
 I=  5/2- (3)  2.074  30:-0.115
                      31:-0.156
                      33:-0.127
                      34:-0.972
 
 I=  5/2- (4)  3.230  27: 0.405
                      30:-0.463
                      31:-0.733
                      32:-0.083
                      33:-0.196
                      34: 0.198
 
 I=  5/2- (5)  4.536  27:-0.065
                      30: 0.788
                      31:-0.536
                      32: 0.271
                      33:-0.109

             ENERGY    K= OMEGA
 
 I=  7/2- (1)  1.953  30: 0.172
                      31:-0.230
                      32: 0.467
                      33:-0.835
 
 I=  7/2- (2)  2.576  25:-0.062
                      27:-0.184
                      30:-0.364
                      31:-0.292
                      32:-0.729
                      33:-0.403
                      34: 0.218
 
 I=  7/2- (3)  3.676  25:-0.095
                      27: 0.060
                      28: 0.259
                      30: 0.127
                      31: 0.174
                      32:-0.284
                      33:-0.178
                      34:-0.871
 
 I=  7/2- (4)  3.805  25: 0.235
                      26: 0.116
                      28:-0.921
                      32:-0.114
                      33:-0.070
                      34:-0.255
 
 I=  7/2- (5)  4.308  35: 0.715
                      36: 0.576
                      37: 0.363
                      38: 0.160

             ENERGY    K= OMEGA
 
 I=  9/2- (1)  2.592  26:-0.068
                      27: 0.178
                      29: 0.073
                      30:-0.305
                      31:-0.364
                      32: 0.459
                      33: 0.693
                      34:-0.200
 
 I=  9/2- (2)  3.248  25: 0.092
                      26: 0.262
                      28: 0.212
                      29:-0.931
                      31:-0.053
                      34:-0.062
 
 I=  9/2- (3)  3.714  27: 0.061
                      29: 0.060
                      30:-0.125
                      31:-0.192
                      32:-0.231
                      33:-0.283
                      34:-0.898
 
 I=  9/2- (4)  3.771  25: 0.105
                      28: 0.120
                      30: 0.326
                      31:-0.235
                      32:-0.735
                      33: 0.520
 
 I=  9/2- (5)  4.700  26: 0.060
                      27: 0.503
                      28:-0.167
                      30:-0.378
                      31:-0.533
                      32:-0.245
                      33:-0.308
                      34: 0.362

             ENERGY    K= OMEGA
 
 I= 11/2- (1)  3.012  35:-0.649
                      36:-0.563
                      37:-0.421
                      38:-0.264
                      39:-0.123
 
 I= 11/2- (2)  3.792  25: 0.084
                      26:-0.152
                      28:-0.081
                      29:-0.239
                      30: 0.249
                      31:-0.286
                      32: 0.510
                      33:-0.708
 
 I= 11/2- (3)  4.209  25: 0.132
                      26:-0.314
                      28:-0.277
                      29:-0.848
                      30:-0.092
                      31: 0.099
                      32:-0.160
                      33: 0.213
 
 I= 11/2- (4)  4.532  25:-0.083
                      27:-0.296
                      28: 0.083
                      30:-0.432
                      31:-0.395
                      32:-0.567
                      33:-0.409
                      34: 0.255
 
 I= 11/2- (5)  5.810  25: 0.377
                      26: 0.178
                      27:-0.092
                      28:-0.830
                      29: 0.268
                      30:-0.099
                      31:-0.111
                      33: 0.051
                      34: 0.175

             ENERGY    K= OMEGA
 
 I= 13/2- (1)  4.568  35: 0.179
                      36:-0.471
                      37: 0.598
                      38:-0.535
                      39: 0.320
 
 I= 13/2- (2)  4.569  25:-0.068
                      26:-0.103
                      27: 0.282
                      28:-0.053
                      29: 0.122
                      30:-0.396
                      31:-0.440
                      32: 0.425
                      33: 0.548
                      34:-0.236
 
 I= 13/2- (3)  5.335  25: 0.191
                      26: 0.380
                      27: 0.080
                      28: 0.331
                      29:-0.818
                      30:-0.098
                      31:-0.110
                      34:-0.095
 
 I= 13/2- (4)  6.358  27: 0.091
                      29: 0.104
                      30:-0.094
                      31:-0.177
                      32:-0.353
                      33:-0.361
                      34:-0.827
 
 I= 13/2- (5)  6.487  25: 0.179
                      26:-0.096
                      28: 0.238
                      29: 0.083
                      30: 0.347
                      31:-0.273
                      32:-0.624
                      33: 0.555
                      34: 0.054

             ENERGY     K= 9/2
  32 LEVELS    TIME=  0.0 SEC



 ******************* EXCITATION ENERGIES, DOMINANT CONFIGURATION AND EXPECTATION VALUES (WITH S.P. UU+VV FACTORS) *******************

  NR  Eex(keV)  I   Kdom  NY    <Jz>  <Jx**2> <Jy**2> <Jz**2> <I.j>/|I|  <Rx**2> <Ry**2> <Rz**2> <R.j>/|R|  <HROTx> <HROTy> <HROTz>

   1    0.0   5/2-   5/2  33    1.73    1.82    1.82    5.37    2.47       1.57    1.57    0.00   -0.96      0.191   0.191   0.000
   2   25.3   3/2-  -3/2  32   -1.39    1.48    1.48    2.14    1.49       1.55    1.55    0.00   -1.27      0.189   0.189   0.000
   3   60.0   1/2-   1/2  34    0.50    1.12    1.12    0.25    0.84       0.89    0.89    0.00   -1.32      0.108   0.108   0.000
   4  623.0   5/2-  -3/2  32   -0.82    1.52    1.52    2.69    1.14       3.87    3.87    0.00   -0.85      0.472   0.472   0.000
   5  625.2   7/2-   5/2  33    1.34    1.94    1.94    5.00    2.10       3.99    3.99    0.00   -0.19      0.486   0.486   0.000
  
   6  727.7   3/2-   1/2  34    0.44    1.21    1.21    0.31   -0.18       3.58    3.58    0.00   -1.15      0.437   0.437   0.000
   7  746.2   5/2-   1/2  34    0.48    1.38    1.38    0.40    0.79       3.62    3.62    0.00   -0.31      0.442   0.442   0.000
   8 1248.8   7/2-  -3/2  32   -0.41    1.64    1.64    2.51    1.38       5.29    5.29    0.00   -0.09      0.645   0.645   0.000
   9 1264.5   9/2-   5/2  33    0.78    2.69    2.69    4.00    2.35       5.38    5.38    0.00    0.70      0.656   0.656   0.000
  10 1685.0  11/2-   1/2  35    0.00   28.44   28.44    3.08    7.43       3.45    3.45    0.00   -5.92      0.421   0.421   0.000
  
  11 1848.4   1/2-   1/2  30    0.50    3.92    3.92    0.25    0.43       4.04    4.04    0.00   -2.71      0.492   0.492   0.000
  12 1902.6   5/2-  -3/2  31   -0.51    3.73    3.73    1.57    1.66       3.97    3.97    0.00   -1.46      0.484   0.484   0.000
  13 1921.0   9/2-   9/2  29    3.52    2.72    2.72   19.00    4.45       2.47    2.47    0.00   -1.04      0.301   0.301   0.000
  14 2348.6   7/2-   1/2  34    0.08    1.56    1.56    1.55    0.16       9.57    9.57    0.00   -0.92      1.166   1.166   0.000
  15 2386.9   9/2-   1/2  34    0.49    1.53    1.53    0.99    0.81      10.37   10.37    0.00   -0.00      1.264   1.264   0.000
  
  16 2443.5   9/2-  -3/2  32   -0.19    1.66    1.66    3.33    1.01      10.69   10.69    0.00   -0.36      1.304   1.304   0.000
  17 2464.9  11/2-   5/2  33    0.94    2.38    2.38    5.48    2.10      10.41   10.41    0.00    0.51      1.269   1.269   0.000
  18 2477.9   7/2-  -7/2  28   -2.85    2.30    2.30   10.97    3.10       3.37    3.37    0.00   -1.26      0.411   0.411   0.000
  19 2881.8  11/2-   9/2  29    2.73    2.94    2.94   17.16    3.82       6.58    6.58    0.00   -0.06      0.802   0.802   0.000
  20 2980.9   7/2-   1/2  35   -0.00   28.85   28.85    2.01    7.18       9.22    9.22    0.00   -7.27      1.124   1.124   0.000
  
  21 3204.3  11/2-  -3/2  32   -0.14    1.96    1.96    2.36    1.52      11.93   11.93    0.00    0.57      1.455   1.455   0.000
  22 3208.1   5/2-   1/2  30   -0.19    3.98    3.98    1.05   -0.45      10.22   10.22    0.00   -2.29      1.246   1.246   0.000
  23 3240.3  13/2-   5/2  37    0.03   26.42   26.42    8.32    6.78       7.63    7.63    0.00   -3.54      0.930   0.930   0.000
  24 3241.1  13/2-   5/2  33    0.37    3.41    3.41    3.29    2.49      12.05   12.05    0.00    1.48      1.469   1.469   0.000
  25 3372.4   9/2-  -3/2  31   -0.12    2.93    2.93    1.90    1.24      10.09   10.09    0.00   -0.36      1.231   1.231   0.000
  
  26 3503.5   1/2-   1/2  27    0.50    4.50    4.50    0.25    0.66       4.43    4.43    0.00   -2.92      0.540   0.540   0.000
  27 4007.9  13/2-   9/2  29    2.22    3.38    3.38   16.95    3.71      10.30   10.30    0.00    0.49      1.255   1.255   0.000
  28 4482.7  11/2-  -7/2  28   -1.83    2.66    2.66   11.23    2.55      10.91   10.91    0.00   -0.28      1.330   1.330   0.000
  29 5031.0  13/2-   1/2  34    0.49    1.55    1.55    1.57    0.77      21.30   21.30    0.00    0.11      2.597   2.597   0.000
  30 5159.4  13/2-  -3/2  32    0.02    1.84    1.84    4.15    1.06      20.86   20.86    0.00   -0.06      2.543   2.543   0.000
  
  31 8718.5   1/2-   1/2  35    0.50   29.44   29.44    0.25   -4.13      33.52   33.52   -0.00   -7.66      4.087   4.087  -0.000
  32*******   1/2-  -3/2  32    0.00    0.00    0.00    0.00   -0.00       0.00    0.00   -0.00   -0.00      0.000   0.000  -0.000
