1SPECTRUM OF (Z= 82 A=207) IN PARTICLE-ROTOR  MODEL WITH MODIFIED OSCILLATOR POTENTIAL


 PARITY=-   EPS= 0.422   GAMMA=  0.0   EPS4=0.000   EPS6=0.000   LEVELS:  25  26  27  28  29  30  31  32  33  34  35  36  37  38  39

 PAIRING FACTORS: GN0= 19.20  GN1=  7.40  IPAIR= 15 ***  E2PLUS(INPUT)=   0.730  E2PLUR(INPUT)=   0.000

 CORIOLIS ATTENUATION PARAMETERS:  CHSI=1.000  ETA=  1.00

 MOMENT OF INERTIA PARAMETERS:   A1=  0.122 MEV   A2=  0.122 MEV   A3=121.91924 MEV


 DELTA=0.846 MEV  LAMBDA=53.4889 MEV   HW0= 7.5786 MEV   LAMBDA/HW0= 7.0579

 E2ENERGY=0.730 MEV  HBAR**2/B=33020./A**(7/3)=5582.0/A**2 MEV

 IREC=0  =>  RECOIL TERMS j+j-, j+j+, jzjz, ETC TREATED AS ONE-BODY OPERATORS WITH UU+VV PAIRING FACTORS



 S. P. LEVEL   EQP       U     V        (UU + VV)**1.00

     25       3.732    0.114 0.993      1.000 1.000 0.998 0.998 0.994 0.926 0.882 0.825 0.616 0.427 0.347 0.338 0.262 0.244 0.224
     26       3.282    0.130 0.992      1.000 1.000 0.999 0.999 0.996 0.931 0.889 0.834 0.629 0.441 0.362 0.353 0.278 0.259 0.239
     27       2.497    0.172 0.985      0.998 0.999 1.000 1.000 0.999 0.946 0.908 0.857 0.661 0.479 0.401 0.393 0.318 0.300 0.280
     28       2.493    0.172 0.985      0.998 0.999 1.000 1.000 0.999 0.946 0.908 0.857 0.662 0.479 0.401 0.393 0.319 0.300 0.281
     29       1.946    0.223 0.975      0.994 0.996 0.999 0.999 1.000 0.962 0.929 0.882 0.699 0.524 0.448 0.440 0.367 0.349 0.330
     30       1.002    0.482 0.876      0.926 0.931 0.946 0.946 0.962 1.000 0.995 0.978 0.869 0.738 0.676 0.669 0.608 0.593 0.576
     31       0.904    0.569 0.822      0.882 0.889 0.908 0.908 0.929 0.995 1.000 0.994 0.915 0.803 0.748 0.742 0.686 0.672 0.657
     32       0.854    0.655 0.755      0.825 0.834 0.857 0.857 0.882 0.978 0.994 1.000 0.953 0.863 0.816 0.811 0.762 0.749 0.735
     33       0.949    0.853 0.523      0.616 0.629 0.661 0.662 0.699 0.869 0.915 0.953 1.000 0.975 0.952 0.949 0.922 0.914 0.905
     34       1.391    0.947 0.321      0.427 0.441 0.479 0.479 0.524 0.738 0.803 0.863 0.975 1.000 0.996 0.995 0.985 0.981 0.977
     35       1.834    0.971 0.237      0.347 0.362 0.401 0.401 0.448 0.676 0.748 0.816 0.952 0.996 1.000 1.000 0.996 0.994 0.992
     36       1.900    0.974 0.229      0.338 0.353 0.393 0.393 0.440 0.669 0.742 0.811 0.949 0.995 1.000 1.000 0.997 0.995 0.993
     37       2.840    0.989 0.151      0.262 0.278 0.318 0.319 0.367 0.608 0.686 0.762 0.922 0.985 0.996 0.997 1.000 1.000 0.999
     38       3.249    0.991 0.131      0.244 0.259 0.300 0.300 0.349 0.593 0.672 0.749 0.914 0.981 0.994 0.995 1.000 1.000 1.000
     39       3.829    0.994 0.111      0.224 0.239 0.280 0.281 0.330 0.576 0.657 0.735 0.905 0.977 0.992 0.993 0.999 1.000 1.000

  R CORE   ENERGY   A0R/A00=1.000    R3= 0     2  
   2( 1)    0.732                    1.000 0.000
   2( 2)  487.921                    0.000 1.000

  R CORE   ENERGY   A0R/A00=1.000    R3= 0     2  
   3( 1)  488.652                    0.000 1.000

  R CORE   ENERGY   A0R/A00=1.000    R3= 0     2     4  
   4( 1)    2.438                    1.000 0.000 0.000

  R CORE   ENERGY   A0R/A00=1.000    R3= 0     2     4  
   5( 1)  490.847                    0.000 1.000 0.000

  R CORE   ENERGY   A0R/A00=1.000    R3= 0     2     4     6  
   6( 1)    5.121                    1.000 0.000 0.000 0.000

  R CORE   ENERGY   A0R/A00=1.000    R3= 0     2     4     6  
   7( 1)  494.017                    0.000 1.000 0.000 0.000

          AXIAL SYMMETRY => K RESTRICTED TO OMEGA

                     K
     S.P. ORB#: 25  0.50
     S.P. ORB#: 26 -5.50
     S.P. ORB#: 27  2.50
     S.P. ORB#: 28 -1.50
     S.P. ORB#: 29 -3.50
     S.P. ORB#: 30  2.50
     S.P. ORB#: 31  0.50
     S.P. ORB#: 32 -1.50
     S.P. ORB#: 33  0.50
     S.P. ORB#: 34 -3.50
     S.P. ORB#: 35 -3.50
     S.P. ORB#: 36  4.50
     S.P. ORB#: 37  0.50
     S.P. ORB#: 38 -1.50
     S.P. ORB#: 39 -1.50
 

             ENERGY    K= OMEGA
 
 I=  1/2- (1)  2.241  31:-1.000
 
 I=  1/2- (2)  3.781  25:-0.224
                      33: 0.920
                      37:-0.322
 
 I=  1/2- (3)  6.847  25:-0.271
                      33: 0.259
                      37: 0.927
 
 I=  1/2- (4)  9.913  25: 0.936
                      33: 0.296
                      37: 0.192
 
 I=  1/2- (5)147.157  32: 1.000

             ENERGY    K= OMEGA
 
 I=  3/2- (1)  2.180  31: 0.514
                      32:-0.857
 
 I=  3/2- (2)  2.508  31:-0.844
                      32:-0.512
                      39:-0.161
 
 I=  3/2- (3)  3.749  25: 0.255
                      33:-0.931
                      37:-0.123
                      38: 0.229
 
 I=  3/2- (4)  4.518  31: 0.155
                      32: 0.054
                      39:-0.986
 
 I=  3/2- (5)  6.642  25: 0.686
                      28: 0.659
                      33: 0.258
                      37:-0.082
                      38: 0.152

             ENERGY    K= OMEGA
 
 I=  5/2- (1)  2.744  31: 0.469
                      32: 0.879
                      39:-0.064
 
 I=  5/2- (2)  3.288  27:-0.071
                      31: 0.840
                      32:-0.465
                      39:-0.270
 
 I=  5/2- (3)  3.878  25:-0.177
                      33: 0.821
                      37:-0.465
                      38: 0.279
 
 I=  5/2- (4)  4.290  27:-0.992
                      31:-0.062
                      32: 0.083
                      39:-0.075
 
 I=  5/2- (5)  5.230  27:-0.095
                      31: 0.264
                      32:-0.066
                      39: 0.958

             ENERGY    K= OMEGA
 
 I=  7/2- (1)  2.298  27:-0.149
                      34: 0.988
 
 I=  7/2- (2)  3.353  31: 0.732
                      32:-0.658
                      39: 0.172
 
 I=  7/2- (3)  3.857  27:-0.194
                      29:-0.957
                      31: 0.146
                      32: 0.143
                      39: 0.071
 
 I=  7/2- (4)  3.973  25: 0.069
                      28:-0.120
                      30:-0.146
                      33:-0.875
                      35:-0.055
                      37:-0.249
                      38: 0.359
 
 I=  7/2- (5)  3.982  27: 0.068
                      29:-0.231
                      31:-0.591
                      32:-0.725
                      39:-0.255

             ENERGY    K= OMEGA
 
 I=  9/2- (1)  2.819  27:-0.093
                      29: 0.196
                      34:-0.377
                      36:-0.900
 
 I=  9/2- (2)  3.401  27:-0.196
                      29:-0.119
                      34:-0.899
                      36: 0.371
 
 I=  9/2- (3)  4.492  27:-0.061
                      31:-0.595
                      32:-0.781
                      39: 0.173
 
 I=  9/2- (4)  4.677  25: 0.104
                      28: 0.093
                      30:-0.174
                      33:-0.754
                      35: 0.091
                      37: 0.499
                      38:-0.352
 
 I=  9/2- (5)  5.009  27: 0.269
                      29:-0.914
                      31:-0.166
                      32: 0.078
                      36:-0.215
                      39: 0.104

             ENERGY    K= OMEGA
 
 I= 11/2- (1)  3.797  25:-0.502
                      28:-0.560
                      30:-0.481
                      33:-0.346
                      35:-0.213
                      37:-0.110
                      38: 0.160
 
 I= 11/2- (2)  3.959  26:-0.071
                      27:-0.138
                      29:-0.261
                      34: 0.442
                      36:-0.844
 
 I= 11/2- (3)  4.620  26: 0.971
                      27:-0.064
                      34: 0.224
 
 I= 11/2- (4)  4.729  26:-0.227
                      27:-0.223
                      29: 0.175
                      34: 0.824
                      36: 0.433
 
 I= 11/2- (5)  5.157  25: 0.331
                      28: 0.192
                      30: 0.143
                      33:-0.774
                      35: 0.080
                      37:-0.286
                      38: 0.380

             ENERGY    K= OMEGA
 
 I= 13/2- (1)  5.340  26: 0.076
                      27:-0.173
                      29: 0.304
                      34:-0.472
                      36:-0.805
 
 I= 13/2- (2)  5.587  25: 0.180
                      28:-0.557
                      30: 0.675
                      33: 0.184
                      35:-0.376
                      37:-0.086
                      38: 0.138
 
 I= 13/2- (3)  6.195  26:-0.903
                      27:-0.126
                      29:-0.056
                      34:-0.380
                      36: 0.144
 
 I= 13/2- (4)  6.293  26: 0.422
                      27:-0.230
                      29:-0.208
                      34:-0.728
                      36: 0.439
 
 I= 13/2- (5)  6.446  25:-0.179
                      28: 0.148
                      30:-0.123
                      33: 0.713
                      35: 0.079
                      37:-0.533
                      38: 0.364

             ENERGY     K=-3/2
  35 LEVELS    TIME=  0.0 SEC



 ******************* EXCITATION ENERGIES, DOMINANT CONFIGURATION AND EXPECTATION VALUES (WITH S.P. UU+VV FACTORS) *******************

  NR  Eex(keV)  I   Kdom  NY    <Jz>  <Jx**2> <Jy**2> <Jz**2> <I.j>/|I|  <Rx**2> <Ry**2> <Rz**2> <R.j>/|R|  <HROTx> <HROTy> <HROTz>

   1    0.0   3/2-  -3/2  32   -0.97    5.08    5.08    1.72    1.26       5.37    5.37   -0.00   -2.88      0.655   0.655  -0.000
   2   60.5   1/2-   1/2  31    0.50    5.05    5.05    0.25    0.07       5.48    5.48    0.00   -3.10      0.669   0.669   0.000
   3  117.6   7/2-  -7/2  34   -3.37    2.32    2.32   12.11    3.18       3.62    3.62   -0.00   -1.53      0.441   0.441  -0.000
   4  327.8   3/2-   1/2  31   -0.08    4.90    4.90    0.83    0.45       6.32    6.32   -0.00   -2.75      0.771   0.771  -0.000
   5  563.6   5/2-  -3/2  32   -1.05    5.10    5.10    1.82    0.93       7.64    7.64   -0.00   -2.37      0.931   0.931  -0.000
  
   6  638.4   9/2-   9/2  36    3.04    2.55    2.55   18.68    4.07       4.04    4.04    0.00   -1.25      0.492   0.492   0.001
   7 1108.0   5/2-   1/2  31   -0.07    4.72    4.72    0.86    0.21       8.91    8.91   -0.00   -2.30      1.087   1.087  -0.000
   8 1172.2   7/2-   1/2  31   -0.43    5.05    5.05    1.19    0.95       9.77    9.77   -0.00   -1.71      1.191   1.191  -0.000
   9 1220.4   9/2-  -7/2  34   -2.16    2.39    2.39   13.11    2.73       7.75    7.75   -0.00   -1.10      0.945   0.945  -0.000
  10 1568.7   3/2-   1/2  33    0.39   12.06   12.06    0.36    2.06      10.13   10.13    0.00   -4.55      1.235   1.235   0.000
  
  11 1600.3   1/2-   1/2  33    0.50   10.66   10.66    0.25    1.07      10.23   10.23    0.00   -4.56      1.248   1.248   0.000
  12 1616.8  11/2-  -3/2  28    0.10   23.59   23.59    2.86    6.13       6.27    6.27    0.00   -3.79      0.764   0.764   0.000
  13 1676.7   7/2-  -7/2  29   -3.14    6.19    6.19   11.51    3.00       7.89    7.89   -0.00   -3.01      0.962   0.962  -0.000
  14 1697.9   5/2-   1/2  33    0.34   11.26   11.26    0.41    2.23       9.24    9.24    0.00   -3.80      1.127   1.127   0.000
  15 1778.8  11/2-   9/2  36    2.31    2.74    2.74   17.93    3.48       8.76    8.76    0.00   -0.62      1.069   1.069   0.001
  
  16 1792.7   7/2-   1/2  33    0.24   15.04   15.04    0.70    3.20      10.55   10.55    0.00   -3.93      1.286   1.286   0.000
  17 1802.0   7/2-  -3/2  32   -0.89    4.78    4.78    2.11    0.51      11.69   11.69    0.00   -2.00      1.425   1.425   0.000
  18 2109.7   5/2-   5/2  27    2.44    6.07    6.07    6.18    2.08       7.39    7.39   -0.00   -3.17      0.901   0.901  -0.000
  19 2311.9   9/2-  -3/2  32   -0.78    5.08    5.08    1.59    0.76      14.45   14.45   -0.00   -1.48      1.761   1.761  -0.000
  20 2337.6   3/2-  -3/2  39   -1.45    1.98    1.98    2.20    0.93       3.15    3.15    0.00   -1.74      0.384   0.384   0.000
  
  21 2440.0  11/2- -11/2  26   -5.35    2.74    2.74   29.22    4.90       5.91    5.91    0.00   -1.56      0.720   0.720   0.000
  22 2497.0   9/2-   1/2  33    0.26   12.64   12.64    0.80    2.70      11.97   11.97    0.00   -2.58      1.460   1.460   0.000
  23 2548.7  11/2-  -7/2  34   -1.80    2.50    2.50   14.36    2.50      12.60   12.60    0.00   -0.88      1.537   1.537   0.000
  24 2828.3   9/2-  -7/2  29   -2.55    5.96    5.96   11.69    2.35      12.47   12.47   -0.00   -2.38      1.520   1.520  -0.000
  25 2976.6  11/2-   1/2  33    0.15   13.21   13.21    0.81    2.97      13.74   13.74    0.00   -1.81      1.675   1.675   0.000
  
  26 3050.0   5/2-  -3/2  39   -1.32    2.18    2.18    2.15    0.32       6.69    6.69    0.00   -1.52      0.815   0.815   0.000
  27 3159.6  13/2-   9/2  36    1.86    2.90    2.90   17.36    3.08      14.45   14.45    0.00   -0.31      1.762   1.762   0.000
  28 3406.7  13/2-   5/2  30    0.19   23.30   23.30    5.34    4.94      15.84   15.84    0.00   -3.10      1.931   1.931   0.000
  29 4014.3  13/2- -11/2  26   -4.87    2.72    2.72   26.99    3.92      13.26   13.26   -0.00   -0.99      1.616   1.616  -0.000
  30 4112.7  13/2-  -7/2  34   -1.99    2.63    2.63   16.66    2.48      17.98   17.98    0.00   -0.76      2.192   2.192   0.000
  
  31 4265.6  13/2-   1/2  33    0.20   12.00   12.00    0.72    2.60      18.57   18.57    0.00   -1.08      2.264   2.264   0.000
  32 4461.1   3/2-   1/2  25   -0.41   21.87   21.87    1.16    4.84      14.97   14.97    0.00   -6.50      1.825   1.825   0.000
  33 4666.2   1/2-   1/2  37    0.50   15.77   15.77    0.25   -0.48      16.68   16.68    0.00   -5.57      2.034   2.034   0.000
  34 7732.8   1/2-   1/2  25    0.50   22.97   22.97    0.25   -3.48      26.48   26.48    0.00   -6.76      3.229   3.229   0.000
  35*******   1/2-  -3/2  32    0.00    0.00    0.00    0.00    0.00       0.00    0.00    0.00   -0.00      0.000   0.000   0.000
  
