1SPECTRUM OF (Z= 82 A=207) IN PARTICLE-ROTOR  MODEL WITH MODIFIED OSCILLATOR POTENTIAL


 PARITY=-   EPS= 0.162   GAMMA=  0.0   EPS4=0.000   EPS6=0.000   LEVELS:  25  26  27  28  29  30  31  32  33  34  35  36  37  38  39

 PAIRING FACTORS: GN0= 19.20  GN1=  7.40  IPAIR= 15 ***  E2PLUS(INPUT)=   0.730  E2PLUR(INPUT)=   0.000

 CORIOLIS ATTENUATION PARAMETERS:  CHSI=1.000  ETA=  1.00

 MOMENT OF INERTIA PARAMETERS:   A1=  0.122 MEV   A2=  0.122 MEV   A3=121.91922 MEV


 DELTA=0.858 MEV  LAMBDA=53.4105 MEV   HW0= 7.4334 MEV   LAMBDA/HW0= 7.1852

 E2ENERGY=0.730 MEV  HBAR**2/B= 4866./A**(7/3)= 822.6/A**2 MEV

 IREC=0  =>  RECOIL TERMS j+j-, j+j+, jzjz, ETC TREATED AS ONE-BODY OPERATORS WITH UU+VV PAIRING FACTORS



 S. P. LEVEL   EQP       U     V        (UU + VV)**1.00

     25       4.354    0.099 0.995      1.000 1.000 1.000 0.999 0.997 0.995 0.993 0.857 0.762 0.500 0.327 0.303 0.269 0.236 0.209
     26       3.863    0.112 0.994      1.000 1.000 1.000 1.000 0.998 0.996 0.994 0.863 0.771 0.511 0.339 0.315 0.281 0.248 0.222
     27       3.744    0.115 0.993      1.000 1.000 1.000 1.000 0.998 0.996 0.995 0.865 0.773 0.514 0.342 0.318 0.284 0.252 0.225
     28       3.084    0.140 0.990      0.999 1.000 1.000 1.000 1.000 0.998 0.997 0.878 0.789 0.536 0.366 0.342 0.309 0.276 0.250
     29       2.544    0.171 0.985      0.997 0.998 0.998 1.000 1.000 1.000 0.999 0.892 0.807 0.562 0.395 0.371 0.338 0.306 0.280
     30       2.189    0.200 0.980      0.995 0.996 0.996 0.998 1.000 1.000 1.000 0.905 0.824 0.586 0.421 0.398 0.366 0.334 0.308
     31       2.030    0.216 0.976      0.993 0.994 0.995 0.997 0.999 1.000 1.000 0.912 0.834 0.599 0.437 0.414 0.381 0.350 0.324
     32       0.895    0.598 0.802      0.857 0.863 0.865 0.878 0.892 0.905 0.912 1.000 0.987 0.875 0.767 0.751 0.727 0.703 0.683
     33       0.858    0.720 0.694      0.762 0.771 0.773 0.789 0.807 0.824 0.834 0.987 1.000 0.942 0.861 0.848 0.828 0.809 0.792
     34       1.142    0.911 0.412      0.500 0.511 0.514 0.536 0.562 0.586 0.599 0.875 0.942 1.000 0.982 0.977 0.968 0.959 0.951
     35       1.904    0.973 0.232      0.327 0.339 0.342 0.366 0.395 0.421 0.437 0.767 0.861 0.982 1.000 1.000 0.998 0.996 0.993
     36       2.118    0.978 0.207      0.303 0.315 0.318 0.342 0.371 0.398 0.414 0.751 0.848 0.977 1.000 1.000 0.999 0.998 0.995
     37       2.531    0.985 0.172      0.269 0.281 0.284 0.309 0.338 0.366 0.381 0.727 0.828 0.968 0.998 0.999 1.000 0.999 0.998
     38       3.126    0.990 0.139      0.236 0.248 0.252 0.276 0.306 0.334 0.350 0.703 0.809 0.959 0.996 0.998 0.999 1.000 1.000
     39       3.879    0.994 0.111      0.209 0.222 0.225 0.250 0.280 0.308 0.324 0.683 0.792 0.951 0.993 0.995 0.998 1.000 1.000

  R CORE   ENERGY   A0R/A00=1.000    R3= 0     2  
   2( 1)    0.732                    1.000 0.000
   2( 2)  487.921                    0.000 1.000

  R CORE   ENERGY   A0R/A00=1.000    R3= 0     2  
   3( 1)  488.652                    0.000 1.000

  R CORE   ENERGY   A0R/A00=1.000    R3= 0     2     4  
   4( 1)    2.438                    1.000 0.000 0.000

  R CORE   ENERGY   A0R/A00=1.000    R3= 0     2     4  
   5( 1)  490.847                    0.000 1.000 0.000

  R CORE   ENERGY   A0R/A00=1.000    R3= 0     2     4     6  
   6( 1)    5.121                    1.000 0.000 0.000 0.000

  R CORE   ENERGY   A0R/A00=1.000    R3= 0     2     4     6  
   7( 1)  494.017                    0.000 1.000 0.000 0.000

          AXIAL SYMMETRY => K RESTRICTED TO OMEGA

                     K
     S.P. ORB#: 25  2.50
     S.P. ORB#: 26 -3.50
     S.P. ORB#: 27  0.50
     S.P. ORB#: 28 -3.50
     S.P. ORB#: 29  4.50
     S.P. ORB#: 30  0.50
     S.P. ORB#: 31 -1.50
     S.P. ORB#: 32 -1.50
     S.P. ORB#: 33  2.50
     S.P. ORB#: 34  0.50
     S.P. ORB#: 35  0.50
     S.P. ORB#: 36 -1.50
     S.P. ORB#: 37  2.50
     S.P. ORB#: 38 -3.50
     S.P. ORB#: 39  4.50
 

             ENERGY    K= OMEGA
 
 I=  1/2- (1)  1.367  27:-0.065
                      34:-0.998
 
 I=  1/2- (2)  3.171  30: 1.000
 
 I=  1/2- (3)  4.804  27: 0.997
                      34:-0.065
 
 I=  1/2- (4) 10.091  35:-1.000
 
 I=  1/2- (5)147.198  32:-1.000

             ENERGY    K= OMEGA
 
 I=  3/2- (1)  1.351  27: 0.054
                      30: 0.201
                      31: 0.122
                      32: 0.965
                      34:-0.101
 
 I=  3/2- (2)  2.037  30:-0.128
                      31:-0.100
                      32: 0.141
                      34: 0.977

             ENERGY    K= OMEGA
 
 I=  5/2- (1)  1.319  27:-0.052
                      30: 0.132
                      31: 0.193
                      32:-0.374
                      33:-0.892
                      34: 0.084
 
 I=  5/2- (2)  1.947  30:-0.247
                      31: 0.163
                      32: 0.880
                      33:-0.368
 
 I=  5/2- (3)  2.054  30:-0.111
                      31:-0.154
                      33:-0.126
                      34:-0.973
 
 I=  5/2- (4)  3.222  27:-0.407
                      30: 0.464
                      31: 0.732
                      32: 0.084
                      33: 0.197
                      34:-0.194
 
 I=  5/2- (5)  4.533  27:-0.065
                      30: 0.787
                      31:-0.537
                      32: 0.272
                      33:-0.110

             ENERGY    K= OMEGA
 
 I=  7/2- (1)  1.943  30: 0.171
                      31:-0.231
                      32: 0.464
                      33:-0.836
 
 I=  7/2- (2)  2.570  25:-0.061
                      27:-0.185
                      30:-0.366
                      31:-0.292
                      32:-0.730
                      33:-0.399
                      34: 0.221
 
 I=  7/2- (3)  3.662  25:-0.082
                      27: 0.056
                      28: 0.206
                      30: 0.123
                      31: 0.169
                      32:-0.291
                      33:-0.182
                      34:-0.886
 
 I=  7/2- (4)  3.822  25: 0.241
                      26: 0.120
                      28:-0.934
                      32:-0.096
                      33:-0.058
                      34:-0.205
 
 I=  7/2- (5)  4.342  35: 0.714
                      36: 0.576
                      37: 0.364
                      38: 0.161

             ENERGY    K= OMEGA
 
 I=  9/2- (1)  2.580  26:-0.067
                      27: 0.178
                      29: 0.070
                      30:-0.305
                      31:-0.365
                      32: 0.457
                      33: 0.694
                      34:-0.203
 
 I=  9/2- (2)  3.265  25: 0.093
                      26: 0.263
                      28: 0.213
                      29:-0.930
                      31:-0.053
                      34:-0.065
 
 I=  9/2- (3)  3.698  27: 0.058
                      29: 0.064
                      30:-0.132
                      31:-0.179
                      32:-0.207
                      33:-0.299
                      34:-0.900
 
 I=  9/2- (4)  3.765  25: 0.104
                      28: 0.115
                      30: 0.324
                      31:-0.241
                      32:-0.742
                      33: 0.510
 
 I=  9/2- (5)  4.691  27:-0.513
                      28: 0.057
                      30: 0.393
                      31: 0.534
                      32: 0.237
                      33: 0.323
                      34:-0.362

             ENERGY    K= OMEGA
 
 I= 11/2- (1)  3.040  35:-0.648
                      36:-0.563
                      37:-0.422
                      38:-0.265
                      39:-0.124
 
 I= 11/2- (2)  3.783  25: 0.082
                      26:-0.148
                      28:-0.077
                      29:-0.225
                      30: 0.250
                      31:-0.290
                      32: 0.510
                      33:-0.713
 
 I= 11/2- (3)  4.222  25: 0.135
                      26:-0.316
                      28:-0.280
                      29:-0.850
                      30:-0.087
                      31: 0.095
                      32:-0.151
                      33: 0.202
 
 I= 11/2- (4)  4.523  25:-0.082
                      27:-0.298
                      28: 0.080
                      30:-0.434
                      31:-0.394
                      32:-0.568
                      33:-0.406
                      34: 0.256
 
 I= 11/2- (5)  5.828  25: 0.377
                      26: 0.179
                      27:-0.092
                      28:-0.826
                      29: 0.269
                      30:-0.098
                      31:-0.112
                      32: 0.051
                      33: 0.057
                      34: 0.186

             ENERGY    K= OMEGA
 
 I= 13/2- (1)  4.554  25:-0.067
                      26:-0.101
                      27: 0.282
                      28:-0.052
                      29: 0.118
                      30:-0.397
                      31:-0.441
                      32: 0.425
                      33: 0.548
                      34:-0.237
 
 I= 13/2- (2)  4.587  35:-0.178
                      36: 0.470
                      37:-0.598
                      38: 0.536
                      39:-0.321
 
 I= 13/2- (3)  5.348  25: 0.193
                      26: 0.380
                      27: 0.079
                      28: 0.333
                      29:-0.818
                      30:-0.097
                      31:-0.108
                      34:-0.096
 
 I= 13/2- (4)  6.345  27: 0.086
                      29: 0.104
                      30:-0.098
                      31:-0.166
                      32:-0.337
                      33:-0.370
                      34:-0.832
 
 I= 13/2- (5)  6.480  25: 0.175
                      26:-0.094
                      28: 0.228
                      29: 0.082
                      30: 0.348
                      31:-0.279
                      32:-0.633
                      33: 0.548

             ENERGY     K= 9/2
  32 LEVELS    TIME=  0.0 SEC



 ******************* EXCITATION ENERGIES, DOMINANT CONFIGURATION AND EXPECTATION VALUES (WITH S.P. UU+VV FACTORS) *******************

  NR  Eex(keV)  I   Kdom  NY    <Jz>  <Jx**2> <Jy**2> <Jz**2> <I.j>/|I|  <Rx**2> <Ry**2> <Rz**2> <R.j>/|R|  <HROTx> <HROTy> <HROTz>

   1    0.0   5/2-   5/2  33    1.74    1.82    1.82    5.38    2.48       1.55    1.55    0.00   -0.96      0.189   0.189   0.000
   2   32.0   3/2-  -3/2  32   -1.39    1.48    1.48    2.14    1.49       1.54    1.54   -0.00   -1.26      0.188   0.188  -0.000
   3   48.7   1/2-   1/2  34    0.50    1.11    1.11    0.25    0.84       0.88    0.88    0.00   -1.31      0.107   0.107   0.000
   4  624.7   7/2-   5/2  33    1.35    1.93    1.93    5.01    2.10       3.97    3.97    0.00   -0.19      0.484   0.484   0.000
   5  628.0   5/2-  -3/2  32   -0.83    1.52    1.52    2.68    1.14       3.86    3.86   -0.00   -0.84      0.470   0.470  -0.000
  
   6  717.8   3/2-   1/2  34    0.44    1.20    1.20    0.31   -0.18       3.58    3.58    0.00   -1.14      0.436   0.436   0.000
   7  735.5   5/2-   1/2  34    0.48    1.36    1.36    0.40    0.78       3.62    3.62    0.00   -0.30      0.441   0.441   0.000
   8 1250.9   7/2-  -3/2  32   -0.42    1.63    1.63    2.49    1.38       5.26    5.26   -0.00   -0.08      0.641   0.641  -0.000
   9 1261.4   9/2-   5/2  33    0.78    2.69    2.69    3.98    2.35       5.35    5.35    0.00    0.72      0.652   0.652   0.000
  10 1721.6  11/2-   1/2  35    0.00   28.48   28.48    3.10    7.43       3.45    3.45    0.00   -5.94      0.421   0.421   0.000
  
  11 1852.4   1/2-   1/2  30    0.50    3.90    3.90    0.25    0.44       4.02    4.02    0.00   -2.71      0.491   0.491   0.000
  12 1903.7   5/2-  -3/2  31   -0.51    3.72    3.72    1.57    1.67       3.94    3.94    0.00   -1.45      0.481   0.481   0.000
  13 1946.3   9/2-   9/2  29    3.51    2.73    2.73   18.98    4.45       2.46    2.46    0.00   -1.04      0.300   0.300   0.000
  14 2343.2   7/2-   1/2  34    0.18    1.51    1.51    1.24    0.05       9.82    9.82   -0.00   -0.92      1.197   1.197  -0.000
  15 2379.0   9/2-   1/2  34    0.54    1.53    1.53    1.02    0.81      10.37   10.37    0.00   -0.01      1.265   1.265   0.000
  
  16 2446.0   9/2-  -3/2  32   -0.24    1.64    1.64    3.28    1.00      10.68   10.68   -0.00   -0.34      1.302   1.302  -0.000
  17 2464.0  11/2-   5/2  33    0.93    2.37    2.37    5.37    2.09      10.44   10.44    0.00    0.52      1.273   1.273   0.000
  18 2503.3   7/2-  -7/2  28   -2.94    2.33    2.33   11.27    3.20       3.13    3.13    0.00   -1.29      0.381   0.381   0.000
  19 2903.8  11/2-   9/2  29    2.73    2.95    2.95   17.27    3.84       6.50    6.50    0.00   -0.06      0.792   0.792   0.000
  20 3022.9   7/2-   1/2  35   -0.00   28.89   28.89    2.02    7.19       9.24    9.24    0.00   -7.27      1.126   1.126   0.000
  
  21 3203.8  11/2-  -3/2  32   -0.14    1.95    1.95    2.34    1.52      11.90   11.90   -0.00    0.58      1.451   1.451  -0.000
  22 3213.8   5/2-   1/2  30   -0.20    3.97    3.97    1.06   -0.45      10.22   10.22   -0.00   -2.29      1.246   1.246  -0.000
  23 3235.2  13/2-   5/2  33    0.36    3.41    3.41    3.27    2.49      12.02   12.02    0.00    1.49      1.465   1.465   0.000
  24 3268.7  13/2-   5/2  37    0.04   26.44   26.44    8.34    6.78       7.62    7.62    0.00   -3.55      0.929   0.929   0.000
  25 3371.9   9/2-  -3/2  31    0.01    2.98    2.98    1.63    1.21      10.17   10.17    0.00   -0.35      1.240   1.240   0.000
  
  26 3485.2   1/2-   1/2  27    0.50    4.46    4.46    0.25    0.65       4.40    4.40   -0.00   -2.90      0.536   0.536  -0.000
  27 4028.9  13/2-   9/2  29    2.20    3.39    3.39   16.94    3.72      10.27   10.27    0.00    0.50      1.252   1.252   0.000
  28 4508.9  11/2-  -7/2  28   -1.81    2.66    2.66   11.17    2.54      10.96   10.96    0.00   -0.28      1.337   1.337   0.000
  29 5025.9  13/2-   1/2  34    0.53    1.54    1.54    1.58    0.77      21.32   21.32    0.00    0.11      2.599   2.599   0.000
  30 5161.8  13/2-  -3/2  32   -0.01    1.82    1.82    4.06    1.05      20.89   20.89   -0.00   -0.06      2.547   2.547  -0.000
  
  31 8772.4   1/2-   1/2  35    0.50   29.49   29.49    0.25   -4.14      33.58   33.58    0.00   -7.67      4.094   4.094   0.000
  32*******   1/2-  -3/2  32    0.00    0.00    0.00    0.00   -0.00       0.00    0.00    0.00   -0.00      0.000   0.000   0.000
