1SPECTRUM OF (Z= 82 A=207) IN PARTICLE-ROTOR  MODEL WITH MODIFIED OSCILLATOR POTENTIAL


 PARITY=-   EPS= 0.164   GAMMA=  0.0   EPS4=0.000   EPS6=0.000   LEVELS:  24  25  26  27  28  29  30  31  32  33  34  35  36  37  38

 PAIRING FACTORS: GN0= 19.20  GN1=  7.40  IPAIR= 15 ***  E2PLUS(INPUT)=   0.730  E2PLUR(INPUT)=   0.000

 CORIOLIS ATTENUATION PARAMETERS:  CHSI=1.000  ETA=  1.00

 MOMENT OF INERTIA PARAMETERS:   A1=  0.122 MEV   A2=  0.122 MEV   A3=121.91924 MEV


 DELTA=0.864 MEV  LAMBDA=53.4158 MEV   HW0= 7.4340 MEV   LAMBDA/HW0= 7.1854

 E2ENERGY=0.730 MEV  HBAR**2/B= 4987./A**(7/3)= 843.0/A**2 MEV

 IREC=0  =>  RECOIL TERMS j+j-, j+j+, jzjz, ETC TREATED AS ONE-BODY OPERATORS WITH UU+VV PAIRING FACTORS



 S. P. LEVEL   EQP       U     V        (UU + VV)**1.00

     24       5.076    0.085 0.996      1.000 1.000 1.000 1.000 0.998 0.996 0.993 0.991 0.843 0.745 0.484 0.320 0.294 0.258 0.224
     25       4.351    0.100 0.995      1.000 1.000 1.000 1.000 0.999 0.997 0.995 0.993 0.851 0.755 0.497 0.333 0.308 0.272 0.238
     26       3.858    0.113 0.994      1.000 1.000 1.000 1.000 1.000 0.998 0.996 0.994 0.858 0.763 0.508 0.345 0.320 0.285 0.251
     27       3.763    0.116 0.993      1.000 1.000 1.000 1.000 1.000 0.998 0.996 0.995 0.859 0.765 0.511 0.348 0.323 0.287 0.254
     28       3.065    0.142 0.990      0.998 0.999 1.000 1.000 1.000 0.999 0.998 0.997 0.873 0.782 0.534 0.373 0.349 0.313 0.280
     29       2.525    0.174 0.985      0.996 0.997 0.998 0.998 0.999 1.000 1.000 0.999 0.888 0.802 0.560 0.403 0.378 0.343 0.310
     30       2.190    0.201 0.980      0.993 0.995 0.996 0.996 0.998 1.000 1.000 1.000 0.900 0.818 0.583 0.428 0.404 0.370 0.337
     31       2.031    0.218 0.976      0.991 0.993 0.994 0.995 0.997 0.999 1.000 1.000 0.908 0.828 0.597 0.443 0.419 0.385 0.353
     32       0.895    0.608 0.794      0.843 0.851 0.858 0.859 0.873 0.888 0.900 0.908 1.000 0.987 0.879 0.779 0.762 0.737 0.713
     33       0.866    0.728 0.686      0.745 0.755 0.763 0.765 0.782 0.802 0.818 0.828 0.987 1.000 0.944 0.870 0.856 0.837 0.817
     34       1.160    0.913 0.408      0.484 0.497 0.508 0.511 0.534 0.560 0.583 0.597 0.879 0.944 1.000 0.984 0.979 0.970 0.961
     35       1.873    0.971 0.237      0.320 0.333 0.345 0.348 0.373 0.403 0.428 0.443 0.779 0.870 0.984 1.000 1.000 0.998 0.995
     36       2.090    0.977 0.212      0.294 0.308 0.320 0.323 0.349 0.378 0.404 0.419 0.762 0.856 0.979 1.000 1.000 0.999 0.997
     37       2.509    0.985 0.175      0.258 0.272 0.285 0.287 0.313 0.343 0.370 0.385 0.737 0.837 0.970 0.998 0.999 1.000 0.999
     38       3.111    0.990 0.140      0.224 0.238 0.251 0.254 0.280 0.310 0.337 0.353 0.713 0.817 0.961 0.995 0.997 0.999 1.000

  R CORE   ENERGY   A0R/A00=1.000    R3= 0     2  
   2( 1)    0.732                    1.000 0.000
   2( 2)  487.921                    0.000 1.000

  R CORE   ENERGY   A0R/A00=1.000    R3= 0     2  
   3( 1)  488.652                    0.000 1.000

  R CORE   ENERGY   A0R/A00=1.000    R3= 0     2     4  
   4( 1)    2.438                    1.000 0.000 0.000

  R CORE   ENERGY   A0R/A00=1.000    R3= 0     2     4  
   5( 1)  490.847                    0.000 1.000 0.000

  R CORE   ENERGY   A0R/A00=1.000    R3= 0     2     4     6  
   6( 1)    5.121                    1.000 0.000 0.000 0.000

  R CORE   ENERGY   A0R/A00=1.000    R3= 0     2     4     6  
   7( 1)  494.017                    0.000 1.000 0.000 0.000

          AXIAL SYMMETRY => K RESTRICTED TO OMEGA

                     K
     S.P. ORB#: 24  2.50
     S.P. ORB#: 25  2.50
     S.P. ORB#: 26 -3.50
     S.P. ORB#: 27  0.50
     S.P. ORB#: 28 -3.50
     S.P. ORB#: 29  4.50
     S.P. ORB#: 30  0.50
     S.P. ORB#: 31 -1.50
     S.P. ORB#: 32 -1.50
     S.P. ORB#: 33  2.50
     S.P. ORB#: 34  0.50
     S.P. ORB#: 35  0.50
     S.P. ORB#: 36 -1.50
     S.P. ORB#: 37  2.50
     S.P. ORB#: 38 -3.50
 

             ENERGY    K= OMEGA
 
 I=  1/2- (1)  1.387  27:-0.064
                      34:-0.998
 
 I=  1/2- (2)  3.176  30: 1.000
 
 I=  1/2- (3)  4.831  27: 0.998
                      34:-0.064
 
 I=  1/2- (4) 10.046  35:-1.000
 
 I=  1/2- (5)147.198  32: 1.000

             ENERGY    K= OMEGA
 
 I=  3/2- (1)  1.353  27: 0.054
                      30: 0.200
                      31: 0.121
                      32: 0.966
                      34:-0.098
 
 I=  3/2- (2)  2.055  30:-0.130
                      31:-0.102
                      32: 0.138
                      34: 0.976

             ENERGY    K= OMEGA
 
 I=  5/2- (1)  1.323  27:-0.051
                      30: 0.131
                      31: 0.187
                      32:-0.377
                      33:-0.892
                      34: 0.080
 
 I=  5/2- (2)  1.950  30:-0.244
                      31: 0.164
                      32: 0.879
                      33:-0.371
 
 I=  5/2- (3)  2.072  30: 0.116
                      31: 0.160
                      33: 0.125
                      34: 0.972
 
 I=  5/2- (4)  3.211  24: 0.069
                      27:-0.401
                      30: 0.456
                      31: 0.737
                      32: 0.077
                      33: 0.191
                      34:-0.202
 
 I=  5/2- (5)  4.525  24: 0.062
                      27: 0.073
                      30:-0.792
                      31: 0.527
                      32:-0.274
                      33: 0.104

             ENERGY    K= OMEGA
 
 I=  7/2- (1)  1.952  30: 0.173
                      31:-0.227
                      32: 0.469
                      33:-0.835
 
 I=  7/2- (2)  2.572  25:-0.064
                      27:-0.184
                      28: 0.052
                      30:-0.362
                      31:-0.298
                      32:-0.726
                      33:-0.403
                      34: 0.219
 
 I=  7/2- (3)  3.676  25: 0.096
                      27:-0.060
                      28:-0.260
                      30:-0.127
                      31:-0.174
                      32: 0.284
                      33: 0.178
                      34: 0.871
 
 I=  7/2- (4)  3.775  24:-0.093
                      25: 0.234
                      26: 0.166
                      28:-0.908
                      31: 0.050
                      32:-0.124
                      33:-0.092
                      34:-0.239
 
 I=  7/2- (5)  4.308  35: 0.715
                      36: 0.576
                      37: 0.363
                      38: 0.160

             ENERGY    K= OMEGA
 
 I=  9/2- (1)  2.589  26:-0.080
                      27: 0.179
                      29: 0.085
                      30:-0.304
                      31:-0.369
                      32: 0.454
                      33: 0.691
                      34:-0.201
 
 I=  9/2- (2)  3.221  24: 0.075
                      25: 0.080
                      26: 0.293
                      28: 0.189
                      29:-0.923
                      30:-0.052
                      32: 0.069
                      33: 0.054
 
 I=  9/2- (3)  3.704  27: 0.066
                      30:-0.077
                      31:-0.240
                      32:-0.348
                      33:-0.208
                      34:-0.873
 
 I=  9/2- (4)  3.762  25:-0.111
                      26: 0.059
                      28:-0.142
                      30:-0.336
                      31: 0.211
                      32: 0.686
                      33:-0.547
                      34:-0.184
 
 I=  9/2- (5)  4.606  24: 0.162
                      25:-0.244
                      26: 0.171
                      27:-0.321
                      28:-0.657
                      29:-0.091
                      30: 0.303
                      31: 0.303
                      33: 0.293
                      34:-0.268

             ENERGY    K= OMEGA
 
 I= 11/2- (1)  3.108  35: 0.678
                      36: 0.576
                      37: 0.406
                      38: 0.208
 
 I= 11/2- (2)  3.773  24:-0.065
                      25:-0.085
                      26: 0.208
                      28: 0.086
                      29: 0.308
                      30:-0.230
                      31: 0.299
                      32:-0.474
                      33: 0.690
 
 I= 11/2- (3)  4.138  24: 0.117
                      25: 0.096
                      26:-0.351
                      28:-0.217
                      29:-0.800
                      30:-0.155
                      31: 0.060
                      32:-0.274
                      33: 0.248
 
 I= 11/2- (4)  4.505  24: 0.067
                      25:-0.113
                      27:-0.292
                      28: 0.148
                      29: 0.105
                      30:-0.414
                      31:-0.407
                      32:-0.551
                      33:-0.402
                      34: 0.248
 
 I= 11/2- (5)  5.707  24:-0.168
                      25: 0.364
                      26: 0.250
                      27:-0.090
                      28:-0.834
                      29: 0.160
                      30:-0.142
                      31:-0.057
                      34: 0.151

             ENERGY    K= OMEGA
 
 I= 13/2- (1)  4.526  24:-0.089
                      25:-0.072
                      26:-0.174
                      27: 0.277
                      28:-0.059
                      29: 0.190
                      30:-0.381
                      31:-0.446
                      32: 0.400
                      33: 0.534
                      34:-0.229
 
 I= 13/2- (2)  5.215  24:-0.146
                      25:-0.151
                      26:-0.434
                      27:-0.096
                      28:-0.263
                      29: 0.785
                      30: 0.146
                      31: 0.111
                      32:-0.129
                      33:-0.107
                      34: 0.104
 
 I= 13/2- (3)  5.277  35:-0.228
                      36: 0.575
                      37:-0.654
                      38: 0.436
 
 I= 13/2- (4)  6.319  24:-0.116
                      25: 0.143
                      26:-0.076
                      27: 0.097
                      28: 0.180
                      31:-0.285
                      32:-0.568
                      33:-0.161
                      34:-0.697
 
 I= 13/2- (5)  6.426  24: 0.094
                      25:-0.188
                      26: 0.119
                      28:-0.307
                      30:-0.330
                      31: 0.184
                      32: 0.407
                      33:-0.598
                      34:-0.424

             ENERGY     K=-7/2
  32 LEVELS    TIME=  0.0 SEC



 ******************* EXCITATION ENERGIES, DOMINANT CONFIGURATION AND EXPECTATION VALUES (WITH S.P. UU+VV FACTORS) *******************

  NR  Eex(keV)  I   Kdom  NY    <Jz>  <Jx**2> <Jy**2> <Jz**2> <I.j>/|I|  <Rx**2> <Ry**2> <Rz**2> <R.j>/|R|  <HROTx> <HROTy> <HROTz>

   1    0.0   5/2-   5/2  33    1.74    1.77    1.77    5.39    2.47       1.54    1.54    0.00   -0.93      0.188   0.188   0.000
   2   30.4   3/2-  -3/2  32   -1.39    1.48    1.48    2.14    1.49       1.55    1.55    0.00   -1.27      0.189   0.189   0.000
   3   64.9   1/2-   1/2  34    0.50    1.12    1.12    0.25    0.84       0.89    0.89    0.00   -1.32      0.108   0.108   0.000
   4  627.5   5/2-  -3/2  32   -0.82    1.52    1.52    2.69    1.14       3.87    3.87    0.00   -0.85      0.472   0.472   0.000
   5  629.1   7/2-   5/2  33    1.34    1.91    1.91    4.99    2.09       3.99    3.99    0.00   -0.19      0.487   0.487   0.000
  
   6  732.7   3/2-   1/2  34    0.44    1.21    1.21    0.31   -0.18       3.58    3.58    0.00   -1.15      0.437   0.437   0.000
   7  749.9   5/2-   1/2  34    0.48    1.38    1.38    0.40    0.79       3.61    3.61    0.00   -0.30      0.440   0.440   0.000
   8 1249.8   7/2-  -3/2  32   -0.41    1.66    1.66    2.53    1.40       5.23    5.23    0.00   -0.09      0.638   0.638   0.000
   9 1266.4   9/2-   5/2  33    0.78    2.75    2.75    4.03    2.38       5.30    5.30    0.00    0.71      0.647   0.647   0.000
  10 1785.5  11/2-   1/2  35   -0.01   28.70   28.70    2.42    7.30       4.12    4.12   -0.00   -5.63      0.502   0.502  -0.000
  
  11 1853.3   1/2-   1/2  30    0.50    3.92    3.92    0.25    0.43       4.04    4.04    0.00   -2.71      0.492   0.492   0.000
  12 1888.3   5/2-  -3/2  31   -0.51    3.72    3.72    1.60    1.71       3.85    3.85    0.00   -1.44      0.469   0.469   0.000
  13 1898.4   9/2-   9/2  29    3.44    2.81    2.81   18.86    4.49       2.26    2.26    0.00   -1.00      0.276   0.276   0.000
  14 2353.5   7/2-   1/2  34    0.08    1.56    1.56    1.55    0.16       9.56    9.56    0.00   -0.92      1.166   1.166   0.000
  15 2382.0   9/2-   1/2  34    0.23    1.46    1.46    0.92    0.81      10.26   10.26    0.00    0.04      1.251   1.251   0.000
  
  16 2439.5   9/2-  -3/2  32    0.00    1.78    1.78    3.46    1.08      10.52   10.52    0.00   -0.36      1.283   1.283   0.000
  17 2450.1  11/2-   5/2  33    1.02    2.63    2.63    6.31    2.33       9.76    9.76    0.00    0.53      1.190   1.190   0.000
  18 2452.9   7/2-  -7/2  28   -2.80    2.19    2.19   10.94    3.12       3.14    3.14    0.00   -1.17      0.382   0.382   0.000
  19 2815.7  11/2-   9/2  29    2.39    2.97    2.97   15.76    3.70       6.58    6.58    0.00    0.12      0.802   0.802   0.000
  20 2985.9   7/2-   1/2  35   -0.00   28.85   28.85    2.01    7.18       9.22    9.22    0.00   -7.27      1.124   1.124   0.000
  
  21 3182.3  11/2-  -3/2  32   -0.13    2.04    2.04    2.75    1.63      11.54   11.54    0.00    0.61      1.407   1.407   0.000
  22 3202.8   5/2-   1/2  30   -0.17    4.00    4.00    1.05   -0.42      10.13   10.13    0.00   -2.28      1.235   1.235   0.000
  23 3203.6  13/2-   5/2  33    0.39    3.63    3.63    3.88    2.65      11.42   11.42    0.00    1.54      1.392   1.392   0.000
  24 3283.2   9/2-  -7/2  28   -1.15    2.64    2.64    7.16    2.24       7.47    7.47    0.00   -0.34      0.911   0.911   0.000
  25 3508.4   1/2-   1/2  27    0.50    4.50    4.50    0.25    0.66       4.43    4.43    0.00   -2.92      0.540   0.540   0.000
  
  26 3892.3  13/2-   9/2  29    1.99    3.64    3.64   16.06    3.77       9.71    9.71    0.00    0.68      1.184   1.184   0.000
  27 3954.0  13/2-   5/2  37   -0.07   27.49   27.49    5.76    6.18      11.58   11.58    0.00   -3.65      1.412   1.412   0.000
  28 4384.0  11/2-  -7/2  28   -2.11    2.47    2.47   10.83    2.63      10.01   10.01    0.00   -0.00      1.220   1.220   0.000
  29 4996.2  13/2-   1/2  34   -0.33    1.52    1.52    1.92    0.94      20.33   20.33    0.00    0.25      2.478   2.478   0.000
  30 5103.8  13/2-   5/2  33    0.48    2.07    2.07    4.37    1.22      20.12   20.12    0.00   -0.00      2.453   2.453   0.000
  
  31 8723.5   1/2-   1/2  35    0.50   29.44   29.44    0.25   -4.13      33.52   33.52   -0.00   -7.66      4.087   4.087  -0.000
  32*******   1/2-  -3/2  32    0.00    0.00    0.00    0.00   -0.00       0.00    0.00   -0.00   -0.00      0.000   0.000  -0.000
