1SPECTRUM OF (Z= 82 A=207) IN PARTICLE-ROTOR  MODEL WITH MODIFIED OSCILLATOR POTENTIAL


 PARITY=-   EPS= 0.383   GAMMA=  0.0   EPS4=0.000   EPS6=0.000   LEVELS:  25  26  27  28  29  30  31  32  33  34  35  36  37  38  39

 PAIRING FACTORS: GN0= 19.20  GN1=  7.40  IPAIR= 15 ***  E2PLUS(INPUT)=   0.730  E2PLUR(INPUT)=   0.000

 CORIOLIS ATTENUATION PARAMETERS:  CHSI=1.000  ETA=  1.00

 MOMENT OF INERTIA PARAMETERS:   A1=  0.122 MEV   A2=  0.122 MEV   A3=121.91924 MEV


 DELTA=0.859 MEV  LAMBDA=53.4561 MEV   HW0= 7.5468 MEV   LAMBDA/HW0= 7.0833

 E2ENERGY=0.730 MEV  HBAR**2/B=27199./A**(7/3)=4597.9/A**2 MEV

 IREC=0  =>  RECOIL TERMS j+j-, j+j+, jzjz, ETC TREATED AS ONE-BODY OPERATORS WITH UU+VV PAIRING FACTORS



 S. P. LEVEL   EQP       U     V        (UU + VV)**1.00

     25       3.952    0.109 0.994      1.000 0.999 0.999 0.996 0.991 0.939 0.908 0.809 0.615 0.442 0.396 0.324 0.244 0.232 0.232
     26       2.838    0.153 0.988      0.999 1.000 1.000 0.999 0.996 0.953 0.926 0.835 0.650 0.481 0.436 0.366 0.286 0.275 0.274
     27       2.837    0.153 0.988      0.999 1.000 1.000 0.999 0.996 0.953 0.926 0.835 0.650 0.481 0.436 0.366 0.286 0.275 0.274
     28       2.278    0.192 0.981      0.996 0.999 0.999 1.000 0.999 0.964 0.940 0.856 0.679 0.516 0.471 0.402 0.324 0.313 0.312
     29       1.852    0.239 0.971      0.991 0.996 0.996 0.999 1.000 0.976 0.955 0.879 0.713 0.556 0.513 0.446 0.369 0.358 0.357
     30       1.078    0.445 0.896      0.939 0.953 0.953 0.964 0.976 1.000 0.997 0.962 0.849 0.724 0.688 0.630 0.562 0.553 0.552
     31       0.972    0.516 0.857      0.908 0.926 0.926 0.940 0.955 0.997 1.000 0.981 0.889 0.778 0.745 0.691 0.628 0.619 0.618
     32       0.863    0.672 0.740      0.809 0.835 0.835 0.856 0.879 0.962 0.981 1.000 0.961 0.885 0.860 0.818 0.767 0.759 0.759
     33       0.961    0.851 0.526      0.615 0.650 0.650 0.679 0.713 0.849 0.889 0.961 1.000 0.979 0.967 0.945 0.914 0.910 0.909
     34       1.338    0.940 0.342      0.442 0.481 0.481 0.516 0.556 0.724 0.778 0.885 0.979 1.000 0.999 0.992 0.978 0.975 0.975
     35       1.532    0.956 0.293      0.396 0.436 0.436 0.471 0.513 0.688 0.745 0.860 0.967 0.999 1.000 0.997 0.987 0.985 0.985
     36       2.010    0.976 0.219      0.324 0.366 0.366 0.402 0.446 0.630 0.691 0.818 0.945 0.992 0.997 1.000 0.996 0.995 0.995
     37       3.185    0.991 0.136      0.244 0.286 0.286 0.324 0.369 0.562 0.628 0.767 0.914 0.978 0.987 0.996 1.000 1.000 1.000
     38       3.473    0.992 0.125      0.232 0.275 0.275 0.313 0.358 0.553 0.619 0.759 0.910 0.975 0.985 0.995 1.000 1.000 1.000
     39       3.497    0.992 0.124      0.232 0.274 0.274 0.312 0.357 0.552 0.618 0.759 0.909 0.975 0.985 0.995 1.000 1.000 1.000

  R CORE   ENERGY   A0R/A00=1.000    R3= 0     2  
   2( 1)    0.732                    1.000 0.000
   2( 2)  487.921                    0.000 1.000

  R CORE   ENERGY   A0R/A00=1.000    R3= 0     2  
   3( 1)  488.652                    0.000 1.000

  R CORE   ENERGY   A0R/A00=1.000    R3= 0     2     4  
   4( 1)    2.438                    1.000 0.000 0.000

  R CORE   ENERGY   A0R/A00=1.000    R3= 0     2     4  
   5( 1)  490.847                    0.000 1.000 0.000

  R CORE   ENERGY   A0R/A00=1.000    R3= 0     2     4     6  
   6( 1)    5.121                    1.000 0.000 0.000 0.000

  R CORE   ENERGY   A0R/A00=1.000    R3= 0     2     4     6  
   7( 1)  494.017                    0.000 1.000 0.000 0.000

          AXIAL SYMMETRY => K RESTRICTED TO OMEGA

                     K
     S.P. ORB#: 25 -5.50
     S.P. ORB#: 26  0.50
     S.P. ORB#: 27  2.50
     S.P. ORB#: 28 -3.50
     S.P. ORB#: 29 -1.50
     S.P. ORB#: 30  0.50
     S.P. ORB#: 31 -1.50
     S.P. ORB#: 32  2.50
     S.P. ORB#: 33 -3.50
     S.P. ORB#: 34  4.50
     S.P. ORB#: 35  0.50
     S.P. ORB#: 36 -3.50
     S.P. ORB#: 37 -1.50
     S.P. ORB#: 38  2.50
     S.P. ORB#: 39  0.50
 

             ENERGY    K= OMEGA
 
 I=  1/2- (1)  2.377  30: 1.000
 
 I=  1/2- (2)  4.490  26:-0.192
                      35: 0.910
                      39:-0.367
 
 I=  1/2- (3)  7.381  26:-0.371
                      35: 0.279
                      39: 0.886
 
 I=  1/2- (4)  9.319  26: 0.908
                      35: 0.307
                      39: 0.284
 
 I=  1/2- (5)147.275  31:-1.000

             ENERGY    K= OMEGA
 
 I=  3/2- (1)  2.274  30:-0.450
                      31: 0.893
 
 I=  3/2- (2)  2.638  30:-0.866
                      31:-0.443
                      37:-0.232

             ENERGY    K= OMEGA
 
 I=  5/2- (1)  2.734  30:-0.398
                      31:-0.879
                      37: 0.082
                      38: 0.247
 
 I=  5/2- (2)  3.367  27: 0.057
                      30:-0.839
                      31: 0.385
                      37: 0.369
                      38:-0.093
 
 I=  5/2- (3)  4.193  27:-0.152
                      30:-0.207
                      31:-0.175
                      37:-0.472
                      38:-0.825
 
 I=  5/2- (4)  4.610  27: 0.889
                      30: 0.134
                      31:-0.162
                      37: 0.260
                      38:-0.312
 
 I=  5/2- (5)  4.759  27: 0.426
                      30:-0.278
                      31: 0.147
                      37:-0.753
                      38: 0.391

             ENERGY    K= OMEGA
 
 I=  7/2- (1)  1.832  27: 0.158
                      33:-0.986
 
 I=  7/2- (2)  3.312  30: 0.562
                      31:-0.750
                      37: 0.180
                      38:-0.295
 
 I=  7/2- (3)  4.008  27: 0.075
                      30:-0.732
                      31:-0.544
                      37:-0.342
                      38:-0.212
 
 I=  7/2- (4)  4.027  26: 0.623
                      29: 0.587
                      32: 0.473
                      36: 0.209
 
 I=  7/2- (5)  4.167  27: 0.193
                      28: 0.974
                      38: 0.096

             ENERGY    K= OMEGA
 
 I=  9/2- (1)  2.264  27: 0.087
                      28:-0.163
                      33: 0.351
                      34: 0.918
 
 I=  9/2- (2)  2.892  27: 0.211
                      28: 0.099
                      33: 0.905
                      34:-0.350
                      38:-0.052
 
 I=  9/2- (3)  4.274  30:-0.440
                      31:-0.786
                      33: 0.061
                      37: 0.197
                      38: 0.380
 
 I=  9/2- (4)  4.735  26: 0.209
                      29:-0.551
                      32: 0.690
                      36:-0.420
 
 I=  9/2- (5)  5.244  27:-0.178
                      28: 0.300
                      30: 0.666
                      31:-0.440
                      33: 0.056
                      34: 0.055
                      37:-0.471
                      38: 0.118

             ENERGY    K= OMEGA
 
 I= 11/2- (1)  3.400  27:-0.137
                      28:-0.221
                      33: 0.440
                      34:-0.859
 
 I= 11/2- (2)  3.441  26:-0.615
                      29:-0.586
                      32:-0.464
                      35:-0.094
                      36:-0.230
 
 I= 11/2- (3)  4.175  27:-0.247
                      28: 0.148
                      31: 0.067
                      33: 0.846
                      34: 0.437
                      38: 0.073
 
 I= 11/2- (4)  5.268  25: 0.080
                      30: 0.574
                      31:-0.675
                      33: 0.079
                      37: 0.264
                      38:-0.360
 
 I= 11/2- (5)  5.296  25: 0.996
                      31: 0.053

             ENERGY    K= OMEGA
 
 I= 13/2- (1)  4.767  27: 0.179
                      28:-0.260
                      33: 0.488
                      34: 0.813
 
 I= 13/2- (2)  5.270  26: 0.215
                      29:-0.560
                      32: 0.678
                      36:-0.424
 
 I= 13/2- (3)  5.687  27:-0.273
                      28:-0.188
                      31:-0.096
                      33:-0.799
                      34: 0.482
                      38: 0.097
 
 I= 13/2- (4)  6.752  30:-0.450
                      31:-0.722
                      33: 0.114
                      34:-0.057
                      37: 0.267
                      38: 0.430
 
 I= 13/2- (5)  6.883  25: 0.997

             ENERGY     K= 1/2
  32 LEVELS    TIME=  0.0 SEC



 ******************* EXCITATION ENERGIES, DOMINANT CONFIGURATION AND EXPECTATION VALUES (WITH S.P. UU+VV FACTORS) *******************

  NR  Eex(keV)  I   Kdom  NY    <Jz>  <Jx**2> <Jy**2> <Jz**2> <I.j>/|I|  <Rx**2> <Ry**2> <Rz**2> <R.j>/|R|  <HROTx> <HROTy> <HROTz>

   1    0.0   7/2-  -7/2  33   -3.34    2.30    2.30   12.09    3.24       3.36    3.36   -0.00   -1.48      0.410   0.410  -0.000
   2  431.8   9/2-   9/2  34    3.28    2.50    2.50   18.94    4.12       3.84    3.84    0.00   -1.24      0.468   0.468   0.000
   3  442.0   3/2-  -3/2  31   -1.10    4.94    4.94    1.85    1.29       5.25    5.25    0.00   -2.85      0.640   0.640   0.000
   4  545.0   1/2-   1/2  30    0.50    4.91    4.91    0.25    0.10       5.33    5.33   -0.00   -3.06      0.649   0.649  -0.000
   5  805.7   3/2-   1/2  30    0.00    4.67    4.67    0.75    0.47       6.02    6.02    0.00   -2.65      0.734   0.734   0.000
  
   6  901.9   5/2-  -3/2  31   -0.93    4.77    4.77    2.18    1.28       6.46    6.46    0.00   -2.21      0.788   0.788   0.000
   7 1059.2   9/2-  -7/2  33   -2.23    2.37    2.37   12.93    2.80       7.30    7.30   -0.00   -0.98      0.890   0.890  -0.000
   8 1479.6   7/2-  -3/2  31   -0.52    4.66    4.66    1.98    1.32       8.27    8.27    0.00   -1.49      1.008   1.008   0.000
   9 1535.1   5/2-   1/2  30   -0.05    4.36    4.36    0.89    0.34       8.17    8.17    0.00   -2.13      0.996   0.996   0.000
  10 1567.9  11/2-   9/2  34    2.51    2.67    2.67   18.05    3.53       8.44    8.44    0.00   -0.55      1.029   1.029   0.000
  
  11 1609.0  11/2-   1/2  26    0.03   23.31   23.31    2.86    6.15       5.83    5.83   -0.00   -3.72      0.711   0.711  -0.000
  12 2175.8   7/2-   1/2  30   -0.23    4.28    4.28    1.39    0.55      10.65   10.65    0.00   -1.68      1.299   1.299   0.000
  13 2194.6   7/2-   1/2  26    0.08   22.90   22.90    2.80    6.03       8.23    8.23    0.00   -6.08      1.003   1.003   0.000
  14 2334.2   7/2-  -7/2  28   -3.21    6.18    6.18   11.92    3.12       7.63    7.63    0.00   -3.04      0.930   0.930   0.000
  15 2343.0  11/2-  -7/2  33   -1.57    2.46    2.46   13.34    2.47      12.24   12.24    0.00   -0.71      1.492   1.492   0.000
  
  16 2360.2   5/2-   5/2  38    1.40    2.09    2.09    4.98    1.67       4.01    4.01   -0.00   -1.49      0.489   0.489  -0.000
  17 2441.4   9/2-  -3/2  31   -0.54    4.47    4.47    2.50    1.30      11.62   11.62   -0.00   -1.03      1.416   1.416  -0.000
  18 2658.0   1/2-   1/2  35    0.50   11.19   11.19    0.25    0.97      10.85   10.85    0.00   -4.68      1.323   1.323   0.000
  19 2777.2   5/2-   5/2  27    2.09    5.35    5.35    5.77    1.81       7.25    7.25    0.00   -2.92      0.884   0.884   0.000
  20 2903.0   9/2-   5/2  32    0.14   23.78   23.78    5.83    5.15      13.46   13.46   -0.00   -5.35      1.641   1.641  -0.000
  
  21 2927.1   5/2-  -3/2  37   -0.01    2.98    2.98    3.43    0.56       7.40    7.40    0.00   -2.01      0.902   0.902   0.000
  22 2934.1  13/2-   9/2  34    1.98    2.82    2.82   17.36    3.14      13.96   13.96    0.00   -0.20      1.701   1.701   0.000
  23 3412.0   9/2-   1/2  30   -0.60    4.15    4.15    2.53    0.67      14.45   14.45    0.00   -1.39      1.761   1.761   0.000
  24 3435.8  11/2-  -3/2  31   -0.36    4.41    4.41    2.38    1.35      15.43   15.43   -0.00   -0.57      1.881   1.881  -0.000
  25 3437.7  13/2-   5/2  32    0.07   23.78   23.78    5.80    5.08      15.58   15.58   -0.00   -3.20      1.899   1.899  -0.000
  
  26 3463.7  11/2- -11/2  25   -5.45    2.76    2.76   30.05    5.03       5.59    5.59    0.00   -1.65      0.682   0.682   0.000
  27 3855.0  13/2-  -7/2  33   -1.12    2.55    2.55   13.53    2.23      18.14   18.14    0.00   -0.51      2.212   2.212   0.000
  28 4919.7  13/2-  -3/2  31   -0.37    4.24    4.24    2.84    1.29      21.04   21.04    0.00   -0.36      2.565   2.565   0.000
  29 5050.7  13/2- -11/2  25   -5.47    2.76    2.76   30.16    4.32      12.07   12.07    0.00   -1.13      1.471   1.471   0.000
  30 5548.5   1/2-   1/2  39    0.50   15.92   15.92    0.25   -0.59      16.93   16.93    0.00   -5.60      2.064   2.064   0.000
  
  31 7486.6   1/2-   1/2  26    0.50   23.40   23.40    0.25   -3.43      26.87   26.87    0.00   -6.82      3.275   3.275   0.000
  32*******   1/2-  -3/2  31    0.00    0.00    0.00    0.00    0.00       0.00    0.00   -0.00   -0.00      0.000   0.000  -0.000
