1SPECTRUM OF (Z= 82 A=207) IN PARTICLE-ROTOR  MODEL WITH MODIFIED OSCILLATOR POTENTIAL


 PARITY=-   EPS= 0.192   GAMMA=  0.0   EPS4=0.000   EPS6=0.000   LEVELS:  25  26  27  28  29  30  31  32  33  34  35  36  37  38  39

 PAIRING FACTORS: GN0= 19.20  GN1=  7.40  IPAIR= 15 ***  E2PLUS(INPUT)=   0.730  E2PLUR(INPUT)=   0.000

 CORIOLIS ATTENUATION PARAMETERS:  CHSI=1.000  ETA=  1.00

 MOMENT OF INERTIA PARAMETERS:   A1=  0.122 MEV   A2=  0.122 MEV   A3=121.91922 MEV


 DELTA=0.931 MEV  LAMBDA=53.4760 MEV   HW0= 7.4428 MEV   LAMBDA/HW0= 7.1849

 E2ENERGY=0.730 MEV  HBAR**2/B= 6835./A**(7/3)=1155.5/A**2 MEV

 IREC=0  =>  RECOIL TERMS j+j-, j+j+, jzjz, ETC TREATED AS ONE-BODY OPERATORS WITH UU+VV PAIRING FACTORS



 S. P. LEVEL   EQP       U     V        (UU + VV)**1.00

     25       4.279    0.109 0.994      1.000 1.000 1.000 0.998 0.995 0.994 0.991 0.753 0.649 0.448 0.438 0.387 0.322 0.268 0.230
     26       3.988    0.118 0.993      1.000 1.000 1.000 0.999 0.995 0.995 0.992 0.758 0.655 0.455 0.446 0.394 0.329 0.276 0.238
     27       3.762    0.125 0.992      1.000 1.000 1.000 0.999 0.996 0.995 0.993 0.763 0.661 0.462 0.452 0.401 0.336 0.283 0.245
     28       2.775    0.170 0.985      0.998 0.999 0.999 1.000 0.999 0.999 0.998 0.792 0.694 0.502 0.493 0.442 0.379 0.327 0.290
     29       2.240    0.213 0.977      0.995 0.995 0.996 0.999 1.000 1.000 1.000 0.817 0.725 0.539 0.530 0.481 0.419 0.368 0.331
     30       2.171    0.220 0.976      0.994 0.995 0.995 0.999 1.000 1.000 1.000 0.821 0.730 0.545 0.536 0.487 0.425 0.374 0.337
     31       2.010    0.239 0.971      0.991 0.992 0.993 0.998 1.000 1.000 1.000 0.832 0.743 0.561 0.552 0.504 0.443 0.392 0.356
     32       0.934    0.737 0.676      0.753 0.758 0.763 0.792 0.817 0.821 0.832 1.000 0.989 0.926 0.922 0.898 0.866 0.836 0.814
     33       1.001    0.827 0.562      0.649 0.655 0.661 0.694 0.725 0.730 0.743 0.989 1.000 0.971 0.968 0.953 0.929 0.907 0.890
     34       1.428    0.938 0.348      0.448 0.455 0.462 0.502 0.539 0.545 0.561 0.926 0.971 1.000 1.000 0.998 0.991 0.981 0.973
     35       1.465    0.941 0.337      0.438 0.446 0.452 0.493 0.530 0.536 0.552 0.922 0.968 1.000 1.000 0.998 0.992 0.983 0.976
     36       1.713    0.959 0.283      0.387 0.394 0.401 0.442 0.481 0.487 0.504 0.898 0.953 0.998 0.998 1.000 0.998 0.992 0.986
     37       2.205    0.976 0.216      0.322 0.329 0.336 0.379 0.419 0.425 0.443 0.866 0.929 0.991 0.992 0.998 1.000 0.998 0.995
     38       2.923    0.987 0.161      0.268 0.276 0.283 0.327 0.368 0.374 0.392 0.836 0.907 0.981 0.983 0.992 0.998 1.000 0.999
     39       3.833    0.992 0.122      0.230 0.238 0.245 0.290 0.331 0.337 0.356 0.814 0.890 0.973 0.976 0.986 0.995 0.999 1.000

  R CORE   ENERGY   A0R/A00=1.000    R3= 0     2  
   2( 1)    0.732                    1.000 0.000
   2( 2)  487.921                    0.000 1.000

  R CORE   ENERGY   A0R/A00=1.000    R3= 0     2  
   3( 1)  488.652                    0.000 1.000

  R CORE   ENERGY   A0R/A00=1.000    R3= 0     2     4  
   4( 1)    2.438                    1.000 0.000 0.000

  R CORE   ENERGY   A0R/A00=1.000    R3= 0     2     4  
   5( 1)  490.847                    0.000 1.000 0.000

  R CORE   ENERGY   A0R/A00=1.000    R3= 0     2     4     6  
   6( 1)    5.121                    1.000 0.000 0.000 0.000

  R CORE   ENERGY   A0R/A00=1.000    R3= 0     2     4     6  
   7( 1)  494.017                    0.000 1.000 0.000 0.000

          AXIAL SYMMETRY => K RESTRICTED TO OMEGA

                     K
     S.P. ORB#: 25  2.50
     S.P. ORB#: 26  0.50
     S.P. ORB#: 27 -3.50
     S.P. ORB#: 28 -3.50
     S.P. ORB#: 29  4.50
     S.P. ORB#: 30  0.50
     S.P. ORB#: 31 -1.50
     S.P. ORB#: 32 -1.50
     S.P. ORB#: 33  2.50
     S.P. ORB#: 34  0.50
     S.P. ORB#: 35  0.50
     S.P. ORB#: 36 -1.50
     S.P. ORB#: 37  2.50
     S.P. ORB#: 38 -3.50
     S.P. ORB#: 39  4.50
 

             ENERGY    K= OMEGA
 
 I=  1/2- (1)  1.679  26:-0.060
                      34:-0.998
 
 I=  1/2- (2)  3.209  30: 0.999
 
 I=  1/2- (3)  5.167  26: 0.998
                      34:-0.060
 
 I=  1/2- (4)  9.422  35: 1.000
 
 I=  1/2- (5)147.237  32: 1.000

             ENERGY    K= OMEGA
 
 I=  3/2- (1)  1.417  30: 0.188
                      31: 0.106
                      32: 0.972
                      34:-0.077
 
 I=  3/2- (2)  2.328  30: 0.159
                      31: 0.137
                      32:-0.123
                      34:-0.970
 
 I=  3/2- (3)  3.057  26: 0.096
                      30:-0.292
                      31: 0.946
                      34: 0.092
 
 I=  3/2- (4)  3.420  26:-0.365
                      30:-0.866
                      31:-0.202
                      32: 0.191
                      34:-0.197
 
 I=  3/2- (5)  6.098  35:-0.861
                      36:-0.509

             ENERGY    K= OMEGA
 
 I=  5/2- (1)  1.478  26: 0.051
                      30:-0.136
                      31:-0.181
                      32: 0.421
                      33: 0.875
                      34:-0.061
 
 I=  5/2- (2)  2.040  30:-0.218
                      31: 0.167
                      32: 0.866
                      33:-0.412
                      34: 0.050
 
 I=  5/2- (3)  2.354  30: 0.155
                      31: 0.198
                      33: 0.130
                      34: 0.959
 
 I=  5/2- (4)  3.306  26: 0.379
                      30:-0.451
                      31:-0.737
                      32:-0.077
                      33:-0.190
                      34: 0.259
 
 I=  5/2- (5)  4.543  26:-0.065
                      30: 0.801
                      31:-0.527
                      32: 0.253
                      33:-0.104

             ENERGY    K= OMEGA
 
 I=  7/2- (1)  2.110  30: 0.183
                      31:-0.213
                      32: 0.509
                      33:-0.812
 
 I=  7/2- (2)  2.699  25:-0.069
                      26:-0.172
                      28: 0.077
                      30:-0.344
                      31:-0.295
                      32:-0.715
                      33:-0.452
                      34: 0.194
 
 I=  7/2- (3)  3.509  25:-0.241
                      27:-0.099
                      28: 0.957
                      30: 0.057
                      31: 0.058
                      34:-0.077
 
 I=  7/2- (4)  3.861  35: 0.726
                      36: 0.574
                      37: 0.350
                      38: 0.147
 
 I=  7/2- (5)  3.919  26: 0.099
                      28:-0.083
                      30: 0.162
                      31: 0.245
                      32:-0.312
                      33:-0.212
                      34:-0.868

             ENERGY    K= OMEGA
 
 I=  9/2- (1)  2.774  26: 0.173
                      27:-0.105
                      29: 0.217
                      30:-0.295
                      31:-0.350
                      32: 0.467
                      33: 0.672
                      34:-0.167
 
 I=  9/2- (2)  2.998  25: 0.073
                      26: 0.053
                      27: 0.240
                      28: 0.191
                      29:-0.917
                      30:-0.086
                      31:-0.102
                      32: 0.113
                      33: 0.154
                      34:-0.058
 
 I=  9/2- (3)  3.877  25: 0.136
                      28: 0.200
                      30: 0.196
                      31:-0.312
                      32:-0.756
                      33: 0.360
                      34:-0.314
 
 I=  9/2- (4)  3.960  26: 0.111
                      28:-0.097
                      30:-0.289
                      31:-0.153
                      32: 0.061
                      33:-0.482
                      34:-0.795
 
 I=  9/2- (5)  4.437  25:-0.302
                      27: 0.115
                      28:-0.890
                      29:-0.182
                      30: 0.101
                      31:-0.069
                      32:-0.188
                      33: 0.140

             ENERGY    K= OMEGA
 
 I= 11/2- (1)  2.643  35:-0.661
                      36:-0.565
                      37:-0.411
                      38:-0.248
                      39:-0.111
 
 I= 11/2- (2)  3.867  25:-0.136
                      27: 0.308
                      28: 0.219
                      29: 0.724
                      30:-0.147
                      31: 0.152
                      32:-0.317
                      33: 0.412
 
 I= 11/2- (3)  4.089  27:-0.148
                      28:-0.154
                      29:-0.522
                      30:-0.236
                      31: 0.238
                      32:-0.469
                      33: 0.589
 
 I= 11/2- (4)  4.684  25:-0.107
                      26:-0.285
                      28: 0.138
                      30:-0.415
                      31:-0.406
                      32:-0.543
                      33:-0.443
                      34: 0.239
 
 I= 11/2- (5)  5.542  25:-0.366
                      26: 0.091
                      27:-0.154
                      28: 0.855
                      29:-0.254
                      30: 0.119
                      31: 0.108
                      34:-0.107

             ENERGY    K= OMEGA
 
 I= 13/2- (1)  4.306  35:-0.186
                      36: 0.484
                      37:-0.603
                      38: 0.525
                      39:-0.304
 
 I= 13/2- (2)  4.779  25:-0.089
                      26: 0.276
                      27:-0.159
                      28:-0.096
                      29: 0.255
                      30:-0.380
                      31:-0.427
                      32: 0.415
                      33: 0.524
                      34:-0.208
 
 I= 13/2- (3)  5.143  25: 0.160
                      26: 0.120
                      27: 0.354
                      28: 0.300
                      29:-0.806
                      30:-0.153
                      31:-0.176
                      32: 0.109
                      33: 0.137
                      34:-0.104
 
 I= 13/2- (4)  6.515  25:-0.198
                      26:-0.125
                      27: 0.071
                      28:-0.265
                      29:-0.168
                      31: 0.324
                      32: 0.637
                      34: 0.572
 
 I= 13/2- (5)  6.603  25: 0.203
                      26:-0.103
                      27:-0.119
                      28: 0.386
                      29: 0.083
                      30: 0.313
                      32:-0.202
                      33: 0.632
                      34: 0.488

             ENERGY     K= 9/2
  35 LEVELS    TIME=  0.0 SEC



 ******************* EXCITATION ENERGIES, DOMINANT CONFIGURATION AND EXPECTATION VALUES (WITH S.P. UU+VV FACTORS) *******************

  NR  Eex(keV)  I   Kdom  NY    <Jz>  <Jx**2> <Jy**2> <Jz**2> <I.j>/|I|  <Rx**2> <Ry**2> <Rz**2> <R.j>/|R|  <HROTx> <HROTy> <HROTz>

   1    0.0   3/2-  -3/2  32   -1.41    1.55    1.55    2.16    1.44       1.71    1.71    0.00   -1.34      0.209   0.209   0.000
   2   60.8   5/2-   5/2  33    1.61    1.86    1.86    5.26    2.41       1.74    1.74   -0.00   -0.99      0.212   0.212  -0.000
   3  262.4   1/2-   1/2  34    0.50    1.21    1.21    0.25    0.83       0.99    0.99    0.00   -1.39      0.121   0.121   0.000
   4  622.7   5/2-  -3/2  32   -0.71    1.56    1.56    2.84    1.10       4.09    4.09   -0.00   -0.94      0.498   0.498  -0.000
   5  693.1   7/2-   5/2  33    1.20    1.96    1.96    4.84    2.02       4.24    4.24   -0.00   -0.26      0.517   0.517  -0.000
  
   6  911.1   3/2-   1/2  34    0.43    1.35    1.35    0.32   -0.11       3.60    3.60    0.00   -1.20      0.439   0.439   0.000
   7  937.0   5/2-   1/2  34    0.45    1.60    1.60    0.43    0.86       3.66    3.66    0.00   -0.41      0.446   0.446   0.000
   8 1226.4  11/2-   1/2  35    0.00   27.87   27.87    2.89    7.31       3.50    3.50    0.00   -5.65      0.427   0.427   0.000
   9 1281.7   7/2-  -3/2  32   -0.30    1.76    1.76    2.78    1.36       5.63    5.63   -0.00   -0.27      0.686   0.686  -0.000
  10 1356.6   9/2-   5/2  33    0.86    2.73    2.73    4.75    2.39       5.58    5.58   -0.00    0.51      0.680   0.680  -0.000
  
  11 1580.9   9/2-   9/2  29    3.50    2.66    2.66   18.40    4.31       2.81    2.81    0.00   -0.97      0.343   0.343   0.000
  12 1640.2   3/2-  -3/2  31   -1.29    4.00    4.00    2.04    1.39       4.19    4.19   -0.00   -2.53      0.511   0.511  -0.000
  13 1791.9   1/2-   1/2  30    0.50    4.08    4.08    0.25    0.39       4.25    4.25   -0.00   -2.77      0.518   0.518  -0.000
  14 1888.7   5/2-  -3/2  31   -0.53    3.83    3.83    1.57    1.57       4.35    4.35   -0.00   -1.55      0.530   0.530  -0.000
  15 2002.8   3/2-   1/2  30    0.34    3.37    3.37    0.41    0.51       4.46    4.46   -0.00   -2.06      0.543   0.543  -0.000
  
  16 2092.4   7/2-  -7/2  28   -3.10    2.36    2.36   11.73    3.38       2.67    2.67    0.00   -1.30      0.326   0.326   0.000
  17 2444.1   7/2-   1/2  35    0.00   28.20   28.20    1.90    7.06       8.99    8.99    0.00   -7.14      1.096   1.096   0.000
  18 2449.8  11/2-   9/2  29    2.15    2.85    2.85   13.82    3.41       7.25    7.25    0.00    0.23      0.884   0.884   0.000
  19 2460.6   9/2-  -3/2  32   -0.70    1.58    1.58    3.02    0.98      10.60   10.60    0.00   -0.29      1.292   1.292   0.000
  20 2502.2   7/2-   1/2  34    0.25    1.75    1.75    0.92   -0.01      10.13   10.13   -0.00   -0.99      1.235   1.235  -0.000
  
  21 2543.0   9/2-   1/2  34    0.87    2.08    2.08    1.85    1.03      10.27   10.27   -0.00   -0.20      1.252   1.252  -0.000
  22 2672.3  11/2-   5/2  33    1.55    2.38    2.38    8.90    2.39      10.39   10.39   -0.00    0.14      1.267   1.267  -0.000
  23 2889.3  13/2-   5/2  37    0.03   26.14   26.14    8.06    6.70       7.76    7.76    0.00   -3.44      0.946   0.946   0.000
  24 3020.0   9/2-  -7/2  28   -2.45    2.45    2.45   11.33    2.77       6.72    6.72    0.00   -0.67      0.819   0.819   0.000
  25 3125.9   5/2-   1/2  30   -0.16    4.12    4.12    1.00   -0.42      10.25   10.25   -0.00   -2.32      1.249   1.249  -0.000
  
  26 3266.7  11/2-  -3/2  32   -0.09    2.17    2.17    2.69    1.53      12.26   12.26    0.00    0.42      1.495   1.495   0.000
  27 3362.4  13/2-   5/2  33    0.48    3.50    3.50    4.37    2.54      12.30   12.30   -0.00    1.29      1.499   1.499  -0.000
  28 3725.8  13/2-   9/2  29    2.24    3.29    3.29   16.17    3.57      10.84   10.84    0.00    0.46      1.321   1.321   0.000
  29 3749.9   1/2-   1/2  26    0.50    4.97    4.97    0.25    0.68       4.88    4.88    0.00   -3.07      0.595   0.595   0.000
  30 4125.3  11/2-  -7/2  28   -2.02    2.63    2.63   11.43    2.60      10.68   10.68    0.00   -0.25      1.302   1.302   0.000
  
  31 4681.0   3/2-   1/2  35   -0.02   28.51   28.51    0.77    6.22      18.74   18.74    0.00   -7.47      2.284   2.284   0.000
  32 5098.0  13/2-  -3/2  32   -0.63    1.81    1.81    2.98    1.06      20.28   20.28    0.00    0.12      2.472   2.472   0.000
  33 5186.5  13/2-   5/2  33    0.67    2.22    2.22    5.08    1.29      20.13   20.13    0.00   -0.08      2.454   2.454   0.000
  34 8005.3   1/2-   1/2  35    0.50   28.62   28.62    0.25   -4.06      32.63   32.63    0.00   -7.55      3.978   3.978   0.000
  35*******   1/2-  -3/2  32    0.00    0.00    0.00    0.00   -0.00       0.00    0.00    0.00   -0.00      0.000   0.000   0.000
  
