1SPECTRUM OF (Z= 82 A=207) IN PARTICLE-ROTOR  MODEL WITH MODIFIED OSCILLATOR POTENTIAL


 PARITY=-   EPS= 0.440   GAMMA=  0.0   EPS4=0.000   EPS6=0.000   LEVELS:  26  27  28  29  30  31  32  33  34  35  36  37  38  39  40

 PAIRING FACTORS: GN0= 19.20  GN1=  7.40  IPAIR= 15 ***  E2PLUS(INPUT)=   0.730  E2PLUR(INPUT)=   0.000

 CORIOLIS ATTENUATION PARAMETERS:  CHSI=1.000  ETA=  1.00

 MOMENT OF INERTIA PARAMETERS:   A1=  0.122 MEV   A2=  0.122 MEV   A3=121.91924 MEV


 DELTA=0.853 MEV  LAMBDA=53.4796 MEV   HW0= 7.5946 MEV   LAMBDA/HW0= 7.0418

 E2ENERGY=0.730 MEV  HBAR**2/B=35897./A**(7/3)=6068.3/A**2 MEV

 IREC=0  =>  RECOIL TERMS j+j-, j+j+, jzjz, ETC TREATED AS ONE-BODY OPERATORS WITH UU+VV PAIRING FACTORS



 S. P. LEVEL   EQP       U     V        (UU + VV)**1.00

     26       2.944    0.146 0.989      1.000 1.000 0.999 0.995 0.959 0.845 0.778 0.778 0.401 0.385 0.337 0.310 0.284 0.247 0.246
     27       2.781    0.155 0.988      1.000 1.000 0.999 0.995 0.961 0.850 0.784 0.784 0.409 0.394 0.346 0.318 0.293 0.256 0.255
     28       2.314    0.188 0.982      0.999 0.999 1.000 0.998 0.970 0.867 0.804 0.804 0.439 0.424 0.376 0.349 0.324 0.288 0.286
     29       1.773    0.248 0.969      0.995 0.995 0.998 1.000 0.983 0.896 0.839 0.839 0.494 0.479 0.433 0.407 0.382 0.347 0.345
     30       1.115    0.422 0.907      0.959 0.961 0.970 0.983 1.000 0.962 0.925 0.925 0.645 0.632 0.591 0.568 0.545 0.513 0.512
     31       0.863    0.652 0.758      0.845 0.850 0.867 0.896 0.962 1.000 0.993 0.993 0.828 0.819 0.788 0.770 0.752 0.727 0.726
     32       0.856    0.735 0.678      0.778 0.784 0.804 0.839 0.925 0.993 1.000 1.000 0.887 0.879 0.854 0.838 0.823 0.801 0.800
     33       0.856    0.735 0.678      0.778 0.784 0.804 0.839 0.925 0.993 1.000 1.000 0.887 0.880 0.854 0.838 0.824 0.801 0.800
     34       1.684    0.965 0.262      0.401 0.409 0.439 0.494 0.645 0.828 0.887 0.887 1.000 1.000 0.998 0.995 0.992 0.987 0.987
     35       1.788    0.969 0.246      0.385 0.394 0.424 0.479 0.632 0.819 0.879 0.880 1.000 1.000 0.999 0.997 0.994 0.989 0.989
     36       2.219    0.981 0.196      0.337 0.346 0.376 0.433 0.591 0.788 0.854 0.854 0.998 0.999 1.000 1.000 0.998 0.996 0.995
     37       2.583    0.986 0.167      0.310 0.318 0.349 0.407 0.568 0.770 0.838 0.838 0.995 0.997 1.000 1.000 1.000 0.998 0.998
     38       3.058    0.990 0.141      0.284 0.293 0.324 0.382 0.545 0.752 0.823 0.824 0.992 0.994 0.998 1.000 1.000 0.999 0.999
     39       4.167    0.995 0.103      0.247 0.256 0.288 0.347 0.513 0.727 0.801 0.801 0.987 0.989 0.996 0.998 0.999 1.000 1.000
     40       4.229    0.995 0.101      0.246 0.255 0.286 0.345 0.512 0.726 0.800 0.800 0.987 0.989 0.995 0.998 0.999 1.000 1.000

  R CORE   ENERGY   A0R/A00=1.000    R3= 0     2  
   2( 1)    0.732                    1.000 0.000
   2( 2)  487.921                    0.000 1.000

  R CORE   ENERGY   A0R/A00=1.000    R3= 0     2  
   3( 1)  488.652                    0.000 1.000

  R CORE   ENERGY   A0R/A00=1.000    R3= 0     2     4  
   4( 1)    2.438                    1.000 0.000 0.000

  R CORE   ENERGY   A0R/A00=1.000    R3= 0     2     4  
   5( 1)  490.847                    0.000 1.000 0.000

  R CORE   ENERGY   A0R/A00=1.000    R3= 0     2     4     6  
   6( 1)    5.121                    1.000 0.000 0.000 0.000

  R CORE   ENERGY   A0R/A00=1.000    R3= 0     2     4     6  
   7( 1)  494.017                    0.000 1.000 0.000 0.000

          AXIAL SYMMETRY => K RESTRICTED TO OMEGA

                     K
     S.P. ORB#: 26 -5.50
     S.P. ORB#: 27 -1.50
     S.P. ORB#: 28  2.50
     S.P. ORB#: 29 -3.50
     S.P. ORB#: 30  2.50
     S.P. ORB#: 31  0.50
     S.P. ORB#: 32  0.50
     S.P. ORB#: 33 -1.50
     S.P. ORB#: 34 -3.50
     S.P. ORB#: 35 -3.50
     S.P. ORB#: 36  4.50
     S.P. ORB#: 37  0.50
     S.P. ORB#: 38 -1.50
     S.P. ORB#: 39 -1.50
     S.P. ORB#: 40  4.50
 

             ENERGY    K= OMEGA
 
 I=  1/2- (1)  2.216  31: 1.000
 
 I=  1/2- (2)  4.005  32:-0.927
                      37: 0.376
 
 I=  1/2- (3)  6.850  32:-0.376
                      37:-0.927
 
 I=  1/2- (4)147.159  33: 1.000
 
 I=  1/2- (5)149.084  27: 1.000

             ENERGY    K= OMEGA
 
 I=  3/2- (1)  2.184  31: 0.572
                      33:-0.819
 
 I=  3/2- (2)  2.487  31:-0.808
                      33:-0.571
                      39:-0.146

             ENERGY    K= OMEGA
 
 I=  5/2- (1)  2.754  28: 0.054
                      31: 0.494
                      33: 0.865
                      39:-0.070
 
 I=  5/2- (2)  3.271  28:-0.084
                      31: 0.832
                      33:-0.490
                      39:-0.247
 
 I=  5/2- (3)  4.115  28:-0.993
                      31:-0.060
                      33: 0.092
 
 I=  5/2- (4)  4.116  27:-0.084
                      30: 0.074
                      32: 0.821
                      37:-0.489
                      38:-0.271
 
 I=  5/2- (5)  5.573  28:-0.065
                      31: 0.246
                      33:-0.058
                      39: 0.965

             ENERGY    K= OMEGA
 
 I=  7/2- (1)  2.592  28: 0.163
                      34:-0.986
 
 I=  7/2- (2)  3.336  31: 0.764
                      33:-0.618
                      39: 0.179
 
 I=  7/2- (3)  3.693  28: 0.183
                      29: 0.978
                      31:-0.075
                      33:-0.055
 
 I=  7/2- (4)  3.964  28: 0.107
                      29:-0.116
                      31:-0.571
                      33:-0.770
                      39:-0.234
 
 I=  7/2- (5)  4.087  27: 0.204
                      30: 0.204
                      32: 0.859
                      35: 0.075
                      37: 0.248
                      38: 0.333

             ENERGY    K= OMEGA
 
 I=  9/2- (1)  3.116  28:-0.104
                      29: 0.247
                      34:-0.368
                      36:-0.890
 
 I=  9/2- (2)  3.690  28:-0.211
                      29:-0.148
                      34:-0.898
                      36: 0.355
 
 I=  9/2- (3)  4.495  28:-0.063
                      29: 0.053
                      31:-0.616
                      33:-0.761
                      39: 0.179
 
 I=  9/2- (4)  4.751  27: 0.307
                      30:-0.427
                      32:-0.624
                      35: 0.292
                      37: 0.381
                      38: 0.289
                      40:-0.138
 
 I=  9/2- (5)  4.875  28: 0.264
                      29:-0.911
                      31:-0.131
                      36:-0.275
                      39: 0.075

             ENERGY    K= OMEGA
 
 I= 11/2- (1)  4.215  26:-0.544
                      28:-0.122
                      29:-0.267
                      34: 0.342
                      36:-0.708
 
 I= 11/2- (2)  4.315  26: 0.839
                      28:-0.090
                      29:-0.176
                      34: 0.253
                      36:-0.440
 
 I= 11/2- (3)  4.621  27: 0.358
                      30: 0.457
                      32: 0.622
                      35: 0.332
                      37: 0.224
                      38: 0.288
                      40: 0.180
 
 I= 11/2- (4)  5.006  28: 0.247
                      29:-0.208
                      33:-0.054
                      34:-0.854
                      36:-0.402
 
 I= 11/2- (5)  5.399  31:-0.808
                      33: 0.521
                      39:-0.273

             ENERGY    K= OMEGA
 
 I= 13/2- (1)  5.417  27:-0.389
                      30: 0.587
                      32: 0.264
                      35:-0.534
                      37:-0.122
                      38:-0.156
                      40: 0.331
 
 I= 13/2- (2)  5.601  26:-0.232
                      28: 0.178
                      29:-0.353
                      34: 0.429
                      36: 0.778
 
 I= 13/2- (3)  5.884  26: 0.971
                      28: 0.060
                      29:-0.086
                      34: 0.144
                      36: 0.157
 
 I= 13/2- (4)  6.553  28: 0.277
                      29: 0.248
                      33: 0.068
                      34: 0.822
                      36:-0.422
 
 I= 13/2- (5)  6.927  30: 0.119
                      32:-0.683
                      35:-0.289
                      37: 0.517
                      38: 0.342
                      40: 0.226

             ENERGY     K= 9/2
  32 LEVELS    TIME=  0.0 SEC



 ******************* EXCITATION ENERGIES, DOMINANT CONFIGURATION AND EXPECTATION VALUES (WITH S.P. UU+VV FACTORS) *******************

  NR  Eex(keV)  I   Kdom  NY    <Jz>  <Jx**2> <Jy**2> <Jz**2> <I.j>/|I|  <Rx**2> <Ry**2> <Rz**2> <R.j>/|R|  <HROTx> <HROTy> <HROTz>

   1    0.0   3/2-  -3/2  33   -0.85    5.14    5.14    1.60    1.24       5.41    5.41    0.00   -2.88      0.660   0.660   0.000
   2   31.7   1/2-   1/2  31    0.50    5.10    5.10    0.25    0.06       5.55    5.55    0.00   -3.12      0.677   0.677   0.000
   3  302.7   3/2-   1/2  31   -0.20    4.97    4.97    0.95    0.49       6.38    6.38    0.00   -2.79      0.778   0.778   0.000
   4  407.6   7/2-  -7/2  34   -3.34    2.34    2.34   12.08    3.18       3.65    3.65    0.00   -1.54      0.445   0.445   0.000
   5  569.5   5/2-  -3/2  33   -1.00    5.16    5.16    1.77    0.92       7.69    7.69    0.00   -2.39      0.938   0.938   0.000
  
   6  931.6   9/2-   9/2  36    2.91    2.66    2.66   18.53    4.06       4.08    4.08   -0.00   -1.27      0.498   0.498  -0.000
   7 1086.4   5/2-   1/2  31   -0.09    4.82    4.82    0.89    0.21       9.01    9.01    0.00   -2.33      1.099   1.099   0.000
   8 1152.1   7/2-   1/2  31   -0.33    5.10    5.10    1.10    0.96       9.71    9.71    0.00   -1.70      1.184   1.184   0.000
   9 1505.4   9/2-  -7/2  34   -2.22    2.44    2.44   12.98    2.71       7.83    7.83    0.00   -1.11      0.954   0.954   0.000
  10 1508.6   7/2-  -7/2  29   -3.27    6.27    6.27   11.94    3.10       7.82    7.82    0.00   -3.08      0.954   0.954   0.000
  
  11 1779.7   7/2-  -3/2  33   -0.83    4.82    4.82    1.79    0.43      11.87   11.87    0.00   -1.99      1.447   1.447   0.000
  12 1820.9   1/2-   1/2  32    0.50   12.39   12.39    0.25    1.12      11.92   11.92   -0.00   -4.93      1.453   1.453  -0.000
  13 1902.4   7/2-   1/2  32    0.26   16.13   16.13    0.87    3.28      11.42   11.42    0.00   -4.21      1.392   1.392   0.000
  14 1930.4   5/2-   5/2  28    2.45    6.10    6.10    6.19    2.07       7.44    7.44    0.00   -3.18      0.907   0.907   0.000
  15 1932.0   5/2-   1/2  32    0.35   12.81   12.81    0.44    2.18      10.95   10.95    0.00   -4.19      1.335   1.335   0.000
  
  16 2030.5  11/2-   9/2  36    0.01    2.84    2.84   21.49    3.98       7.69    7.69    0.00   -0.87      0.937   0.937   0.000
  17 2130.2  11/2- -11/2  26   -3.31    2.80    2.80   26.41    4.55       6.69    6.69    0.00   -1.32      0.816   0.816   0.000
  18 2310.9   9/2-  -3/2  33   -0.73    5.13    5.13    1.56    0.77      14.44   14.44    0.00   -1.48      1.760   1.760   0.000
  19 2437.0  11/2-   1/2  32    0.19   19.48   19.48    3.90    4.53      12.23   12.23   -0.00   -3.19      1.492   1.492  -0.000
  20 2566.1   9/2-   1/2  32    0.24   17.09   17.09    3.11    3.69      12.66   12.66    0.00   -3.76      1.544   1.544   0.000
  
  21 2690.1   9/2-  -7/2  29   -2.39    5.92    5.92   12.17    2.40      12.44   12.44    0.00   -2.42      1.517   1.517   0.000
  22 2821.5  11/2-  -7/2  34   -1.84    2.57    2.57   13.16    2.33      13.10   13.10    0.00   -0.85      1.597   1.597   0.000
  23 3214.3  11/2-   1/2  31   -0.20    4.99    4.99    0.96    0.96      17.60   17.60    0.00   -0.87      2.145   2.145   0.000
  24 3233.0  13/2-   5/2  30    0.14   21.97   21.97    8.28    5.20      14.21   14.21   -0.00   -2.99      1.733   1.733  -0.000
  25 3388.3   5/2-  -3/2  39   -1.36    2.14    2.14    2.15    0.31       6.67    6.67    0.00   -1.51      0.813   0.813   0.000
  
  26 3416.5  13/2-   9/2  36    1.43    3.05    3.05   17.87    3.16      14.33   14.33   -0.00   -0.36      1.747   1.747  -0.000
  27 3699.6  13/2- -11/2  26   -5.17    2.78    2.78   29.40    4.24      12.28   12.28    0.00   -1.09      1.497   1.497   0.000
  28 4368.2  13/2-  -7/2  34   -1.61    2.69    2.69   13.20    2.05      19.35   19.35    0.00   -0.69      2.359   2.359   0.000
  29 4665.2   1/2-   1/2  37    0.50   17.22   17.22    0.25   -0.89      18.50   18.50   -0.00   -5.83      2.255   2.255  -0.000
  30 4742.4  13/2-   1/2  32    0.17   14.26   14.26    2.59    2.72      20.90   20.90    0.00   -1.87      2.549   2.549   0.000
  
  31*******   1/2-  -3/2  33    0.00    0.00    0.00    0.00    0.00       0.00    0.00   -0.00   -0.00      0.000   0.000  -0.000
  32*******   1/2-  -3/2  27    0.00    0.00    0.00    0.00   -0.00       0.00    0.00   -0.00   -0.00      0.000   0.000  -0.000
