1SPECTRUM OF (Z= 82 A=207) IN PARTICLE-ROTOR  MODEL WITH MODIFIED OSCILLATOR POTENTIAL


 PARITY=-   EPS= 0.377   GAMMA=  0.0   EPS4=0.000   EPS6=0.000   LEVELS:  24  25  26  27  28  29  30  31  32  33  34  35  36  37  38

 PAIRING FACTORS: GN0= 19.20  GN1=  7.40  IPAIR= 15 ***  E2PLUS(INPUT)=   0.730  E2PLUR(INPUT)=   0.000

 CORIOLIS ATTENUATION PARAMETERS:  CHSI=1.000  ETA=  1.00

 MOMENT OF INERTIA PARAMETERS:   A1=  0.122 MEV   A2=  0.122 MEV   A3=121.91923 MEV


 DELTA=0.866 MEV  LAMBDA=53.4446 MEV   HW0= 7.5422 MEV   LAMBDA/HW0= 7.0860

 E2ENERGY=0.730 MEV  HBAR**2/B=26353./A**(7/3)=4455.0/A**2 MEV

 IREC=0  =>  RECOIL TERMS j+j-, j+j+, jzjz, ETC TREATED AS ONE-BODY OPERATORS WITH UU+VV PAIRING FACTORS



 S. P. LEVEL   EQP       U     V        (UU + VV)**1.00

     24       4.285    0.102 0.995      1.000 1.000 0.999 0.998 0.996 0.988 0.941 0.912 0.778 0.646 0.458 0.369 0.315 0.241 0.229
     25       4.048    0.108 0.994      1.000 1.000 0.999 0.998 0.997 0.989 0.943 0.914 0.781 0.651 0.464 0.375 0.320 0.247 0.235
     26       2.882    0.152 0.988      0.999 0.999 1.000 1.000 0.999 0.994 0.957 0.931 0.808 0.684 0.503 0.416 0.363 0.290 0.278
     27       2.700    0.162 0.987      0.998 0.998 1.000 1.000 1.000 0.996 0.960 0.935 0.815 0.692 0.512 0.426 0.372 0.300 0.288
     28       2.323    0.190 0.982      0.996 0.997 0.999 1.000 1.000 0.998 0.967 0.945 0.830 0.711 0.536 0.451 0.398 0.327 0.315
     29       1.755    0.255 0.967      0.988 0.989 0.994 0.996 0.998 1.000 0.982 0.964 0.866 0.757 0.591 0.509 0.459 0.389 0.378
     30       1.110    0.433 0.901      0.941 0.943 0.957 0.960 0.967 0.982 1.000 0.997 0.945 0.866 0.733 0.662 0.618 0.556 0.545
     31       0.998    0.501 0.865      0.912 0.914 0.931 0.935 0.945 0.964 0.997 1.000 0.967 0.903 0.783 0.718 0.677 0.619 0.609
     32       0.866    0.705 0.710      0.778 0.781 0.808 0.815 0.830 0.866 0.945 0.967 1.000 0.982 0.915 0.871 0.842 0.798 0.790
     33       0.929    0.825 0.565      0.646 0.651 0.684 0.692 0.711 0.757 0.866 0.903 0.982 1.000 0.975 0.948 0.928 0.897 0.891
     34       1.271    0.931 0.366      0.458 0.464 0.503 0.512 0.536 0.591 0.733 0.783 0.915 0.975 1.000 0.995 0.988 0.973 0.970
     35       1.649    0.962 0.273      0.369 0.375 0.416 0.426 0.451 0.509 0.662 0.718 0.871 0.948 0.995 1.000 0.998 0.991 0.989
     36       2.046    0.976 0.217      0.315 0.320 0.363 0.372 0.398 0.459 0.618 0.677 0.842 0.928 0.988 0.998 1.000 0.997 0.996
     37       3.098    0.990 0.141      0.241 0.247 0.290 0.300 0.327 0.389 0.556 0.619 0.798 0.897 0.973 0.991 0.997 1.000 1.000
     38       3.384    0.992 0.129      0.229 0.235 0.278 0.288 0.315 0.378 0.545 0.609 0.790 0.891 0.970 0.989 0.996 1.000 1.000

  R CORE   ENERGY   A0R/A00=1.000    R3= 0     2  
   2( 1)    0.732                    1.000 0.000
   2( 2)  487.921                    0.000 1.000

  R CORE   ENERGY   A0R/A00=1.000    R3= 0     2  
   3( 1)  488.652                    0.000 1.000

  R CORE   ENERGY   A0R/A00=1.000    R3= 0     2     4  
   4( 1)    2.438                    1.000 0.000 0.000

  R CORE   ENERGY   A0R/A00=1.000    R3= 0     2     4  
   5( 1)  490.847                    0.000 1.000 0.000

  R CORE   ENERGY   A0R/A00=1.000    R3= 0     2     4     6  
   6( 1)    5.121                    1.000 0.000 0.000 0.000

  R CORE   ENERGY   A0R/A00=1.000    R3= 0     2     4     6  
   7( 1)  494.017                    0.000 1.000 0.000 0.000

          AXIAL SYMMETRY => K RESTRICTED TO OMEGA

                     K
     S.P. ORB#: 24  0.50
     S.P. ORB#: 25 -5.50
     S.P. ORB#: 26  2.50
     S.P. ORB#: 27  0.50
     S.P. ORB#: 28 -3.50
     S.P. ORB#: 29 -1.50
     S.P. ORB#: 30  0.50
     S.P. ORB#: 31 -1.50
     S.P. ORB#: 32  2.50
     S.P. ORB#: 33 -3.50
     S.P. ORB#: 34  4.50
     S.P. ORB#: 35  0.50
     S.P. ORB#: 36 -3.50
     S.P. ORB#: 37 -1.50
     S.P. ORB#: 38  2.50
 

             ENERGY    K= OMEGA
 
 I=  1/2- (1)  2.394  30: 0.999
 
 I=  1/2- (2)  5.023  27: 0.261
                      35:-0.965
 
 I=  1/2- (3)  5.939  24: 0.999
 
 I=  1/2- (4)  9.073  27:-0.965
                      35:-0.261
 
 I=  1/2- (5)147.301  31: 1.000

             ENERGY    K= OMEGA
 
 I=  3/2- (1)  2.285  24:-0.069
                      30: 0.298
                      31:-0.952
 
 I=  3/2- (2)  2.479  24:-0.199
                      30:-0.917
                      31:-0.271
                      37:-0.215

             ENERGY    K= OMEGA
 
 I=  5/2- (1)  2.462  24:-0.256
                      30: 0.465
                      31: 0.818
                      37:-0.086
                      38:-0.202
 
 I=  5/2- (2)  3.361  24: 0.058
                      26: 0.060
                      30:-0.786
                      31: 0.468
                      37: 0.370
                      38:-0.140
 
 I=  5/2- (3)  4.078  24:-0.094
                      26: 0.106
                      30: 0.161
                      31: 0.134
                      37: 0.487
                      38: 0.836
 
 I=  5/2- (4)  4.608  26: 0.623
                      30: 0.259
                      31:-0.217
                      37: 0.564
                      38:-0.424
 
 I=  5/2- (5)  4.723  26: 0.772
                      30:-0.186
                      31: 0.091
                      37:-0.547
                      38: 0.246

             ENERGY    K= OMEGA
 
 I=  7/2- (1)  1.791  26:-0.162
                      33: 0.985
 
 I=  7/2- (2)  3.303  24: 0.140
                      30:-0.277
                      31: 0.882
                      37:-0.096
                      38: 0.336
 
 I=  7/2- (3)  3.463  24:-0.303
                      30:-0.867
                      31:-0.244
                      37:-0.308
 
 I=  7/2- (4)  3.966  27: 0.635
                      29: 0.588
                      32: 0.459
                      36: 0.203
 
 I=  7/2- (5)  4.207  26:-0.196
                      28:-0.971
                      38:-0.109

             ENERGY    K= OMEGA
 
 I=  9/2- (1)  2.196  26:-0.087
                      28: 0.164
                      33:-0.341
                      34:-0.922
 
 I=  9/2- (2)  2.838  26:-0.218
                      28:-0.098
                      31:-0.062
                      33:-0.905
                      34: 0.339
                      38: 0.056
 
 I=  9/2- (3)  3.558  24:-0.369
                      30: 0.502
                      31: 0.721
                      33:-0.081
                      37:-0.150
                      38:-0.250
 
 I=  9/2- (4)  4.713  27: 0.209
                      29:-0.550
                      32: 0.688
                      36:-0.425
 
 I=  9/2- (5)  5.237  24:-0.050
                      26:-0.112
                      28: 0.060
                      30: 0.678
                      31:-0.505
                      33: 0.056
                      37:-0.457
                      38: 0.234

             ENERGY    K= OMEGA
 
 I= 11/2- (1)  3.328  26: 0.138
                      28: 0.222
                      33:-0.433
                      34: 0.862
 
 I= 11/2- (2)  3.377  27:-0.627
                      29:-0.584
                      32:-0.456
                      35:-0.074
                      36:-0.229
 
 I= 11/2- (3)  4.111  26:-0.255
                      28: 0.146
                      31: 0.080
                      33: 0.846
                      34: 0.430
                      38: 0.074
 
 I= 11/2- (4)  5.226  24:-0.285
                      31:-0.864
                      33: 0.112
                      38:-0.393
 
 I= 11/2- (5)  5.336  24:-0.291
                      30:-0.872
                      37:-0.371
                      38: 0.113

             ENERGY    K= OMEGA
 
 I= 13/2- (1)  4.688  26: 0.181
                      28:-0.260
                      33: 0.484
                      34: 0.814
 
 I= 13/2- (2)  5.232  27:-0.214
                      29: 0.556
                      32:-0.677
                      36: 0.431
 
 I= 13/2- (3)  5.465  24:-0.376
                      26: 0.148
                      28: 0.111
                      30: 0.428
                      31: 0.595
                      33: 0.372
                      34:-0.261
                      37:-0.134
                      38:-0.250
 
 I= 13/2- (4)  5.679  24:-0.225
                      26:-0.238
                      28:-0.149
                      30: 0.276
                      31: 0.316
                      33:-0.715
                      34: 0.407
                      37:-0.107
                      38:-0.076
 
 I= 13/2- (5)  6.978  25: 0.998

             ENERGY     K= 5/2
  32 LEVELS    TIME=  0.0 SEC



 ******************* EXCITATION ENERGIES, DOMINANT CONFIGURATION AND EXPECTATION VALUES (WITH S.P. UU+VV FACTORS) *******************

  NR  Eex(keV)  I   Kdom  NY    <Jz>  <Jx**2> <Jy**2> <Jz**2> <I.j>/|I|  <Rx**2> <Ry**2> <Rz**2> <R.j>/|R|  <HROTx> <HROTy> <HROTz>

   1    0.0   7/2-  -7/2  33   -3.33    2.31    2.31   12.08    3.25       3.31    3.31    0.00   -1.47      0.403   0.403   0.000
   2  404.9   9/2-   9/2  34    3.34    2.50    2.50   19.00    4.14       3.79    3.79    0.00   -1.24      0.462   0.462   0.000
   3  493.7   3/2-  -3/2  31   -1.31    4.93    4.93    2.06    1.38       5.17    5.17    0.00   -2.88      0.631   0.631   0.000
   4  602.9   1/2-   1/2  30    0.50    4.95    4.95    0.25    0.24       5.24    5.24   -0.00   -3.07      0.639   0.639  -0.000
   5  670.3   5/2-  -3/2  31   -0.77    5.07    5.07    1.85    1.97       4.55    4.55    0.00   -2.05      0.554   0.554   0.000
  
   6  687.6   3/2-   1/2  30    0.26    4.59    4.59    0.49    1.01       4.75    4.75    0.00   -2.50      0.580   0.580   0.000
   7 1046.4   9/2-  -7/2  33   -2.26    2.38    2.38   12.82    2.81       7.19    7.19   -0.00   -0.95      0.877   0.877  -0.000
   8 1511.3   7/2-  -3/2  31   -0.86    4.68    4.68    2.53    1.48       7.96    7.96    0.00   -1.51      0.970   0.970   0.000
   9 1536.8  11/2-   9/2  34    2.56    2.67    2.67   18.09    3.55       8.35    8.35    0.00   -0.54      1.018   1.018   0.000
  10 1569.4   5/2-   1/2  30   -0.16    4.34    4.34    1.10    0.44       7.96    7.96    0.00   -2.13      0.971   0.971   0.000
  
  11 1586.0  11/2-   1/2  27    0.02   23.32   23.32    2.81    6.15       5.83    5.83   -0.00   -3.71      0.710   0.710  -0.000
  12 1672.2   7/2-   1/2  30    0.19    4.44    4.44    0.58    1.24       7.69    7.69    0.00   -1.16      0.938   0.938   0.000
  13 1766.7   9/2-  -3/2  31   -0.48    5.18    5.18    1.80    2.15       7.75    7.75    0.00   -0.37      0.944   0.944   0.000
  14 2175.3   7/2-   1/2  27    0.07   23.04   23.04    2.70    6.06       8.23    8.23   -0.00   -6.10      1.003   1.003  -0.000
  15 2286.4   5/2-   5/2  38    1.41    2.01    2.01    5.02    1.81       3.53    3.53    0.00   -1.38      0.430   0.430   0.000
  
  16 2319.9  11/2-  -7/2  33   -1.58    2.47    2.47   13.25    2.49      12.08   12.08    0.00   -0.67      1.473   1.473   0.000
  17 2415.7   7/2-  -7/2  28   -3.18    6.16    6.16   11.88    3.12       7.60    7.60    0.00   -3.03      0.927   0.927   0.001
  18 2817.1   5/2-   5/2  26    0.91    3.91    3.91    4.39    1.08       7.28    7.28    0.00   -2.36      0.887   0.887   0.000
  19 2896.6  13/2-   9/2  34    2.00    2.83    2.83   17.35    3.16      13.81   13.81    0.00   -0.18      1.684   1.684   0.000
  20 2921.4   9/2-   5/2  32    0.12   23.88   23.88    5.86    5.17      13.47   13.47    0.00   -5.38      1.642   1.642   0.000
  
  21 2932.0   5/2-   5/2  26    1.20    4.52    4.52    4.81    1.29       7.47    7.47    0.00   -2.59      0.911   0.911   0.000
  22 3232.2   1/2-   1/2  35    0.50   12.20   12.20    0.25   -0.98      13.55   13.55    0.00   -4.90      1.651   1.651   0.000
  23 3435.1  11/2-  -3/2  31   -0.74    4.58    4.58    2.87    1.53      14.71   14.71    0.00   -0.53      1.794   1.794   0.000
  24 3441.0  13/2-   5/2  32    0.06   23.88   23.88    5.85    5.11      15.53   15.53   -0.00   -3.22      1.894   1.894  -0.000
  25 3446.2   9/2-   1/2  30   -0.32    3.96    3.96    1.66    0.50      14.69   14.69    0.00   -1.31      1.791   1.791   0.000
  
  26 3545.0  11/2-   1/2  30    0.25    4.34    4.34    0.63    1.26      14.97   14.97    0.00   -0.32      1.826   1.826   0.000
  27 3674.0  13/2-  -3/2  31   -0.41    4.63    4.63    4.68    2.30      15.29   15.29   -0.00    0.38      1.864   1.864  -0.000
  28 3887.8  13/2-  -7/2  33   -1.08    3.23    3.23   10.58    2.17      17.72   17.72    0.00   -0.31      2.160   2.160   0.000
  29 4147.5   1/2-   1/2  24    0.50    6.87    6.87    0.25    0.65       6.81    6.81   -0.00   -3.64      0.831   0.831  -0.000
  30 5187.0  13/2- -11/2  25   -5.48    2.75    2.75   30.21    4.32      12.05   12.05    0.00   -1.13      1.469   1.469   0.001
  
  31 7281.6   1/2-   1/2  27    0.50   22.95   22.95    0.25   -3.44      26.43   26.43    0.00   -6.76      3.222   3.222   0.000
  32*******   1/2-  -3/2  31    0.00    0.00    0.00    0.00   -0.00       0.00    0.00   -0.00   -0.00      0.000   0.000  -0.000
