1SPECTRUM OF (Z= 82 A=207) IN PARTICLE-ROTOR  MODEL WITH MODIFIED OSCILLATOR POTENTIAL


 PARITY=-   EPS= 0.457   GAMMA=  0.0   EPS4=0.000   EPS6=0.000   LEVELS:  25  26  27  28  29  30  31  32  33  34  35  36  37  38  39

 PAIRING FACTORS: GN0= 19.20  GN1=  7.40  IPAIR= 15 ***  E2PLUS(INPUT)=   0.730  E2PLUR(INPUT)=   0.000

 CORIOLIS ATTENUATION PARAMETERS:  CHSI=1.000  ETA=  1.00

 MOMENT OF INERTIA PARAMETERS:   A1=  0.122 MEV   A2=  0.122 MEV   A3=121.91924 MEV


 DELTA=0.851 MEV  LAMBDA=53.4663 MEV   HW0= 7.6106 MEV   LAMBDA/HW0= 7.0252

 E2ENERGY=0.730 MEV  HBAR**2/B=38725./A**(7/3)=6546.3/A**2 MEV

 IREC=0  =>  RECOIL TERMS j+j-, j+j+, jzjz, ETC TREATED AS ONE-BODY OPERATORS WITH UU+VV PAIRING FACTORS



 S. P. LEVEL   EQP       U     V        (UU + VV)**1.00

     25       4.191    0.102 0.995      1.000 0.999 0.998 0.995 0.984 0.961 0.862 0.752 0.674 0.349 0.318 0.283 0.270 0.250 0.200
     26       3.048    0.141 0.990      0.999 1.000 1.000 0.998 0.990 0.971 0.881 0.777 0.702 0.385 0.355 0.321 0.307 0.287 0.239
     27       2.616    0.165 0.986      0.998 1.000 1.000 0.999 0.993 0.976 0.892 0.792 0.719 0.408 0.378 0.343 0.330 0.310 0.262
     28       2.129    0.204 0.979      0.995 0.998 0.999 1.000 0.997 0.984 0.910 0.816 0.746 0.444 0.414 0.381 0.368 0.348 0.300
     29       1.600    0.277 0.961      0.984 0.990 0.993 0.997 1.000 0.995 0.938 0.857 0.794 0.510 0.481 0.449 0.436 0.417 0.371
     30       1.226    0.374 0.927      0.961 0.971 0.976 0.984 0.995 1.000 0.969 0.905 0.852 0.595 0.569 0.538 0.527 0.509 0.464
     31       0.892    0.592 0.806      0.862 0.881 0.892 0.910 0.938 0.969 1.000 0.982 0.955 0.776 0.755 0.730 0.721 0.706 0.669
     32       0.853    0.732 0.681      0.752 0.777 0.792 0.816 0.857 0.905 0.982 1.000 0.994 0.880 0.864 0.845 0.838 0.826 0.796
     33       0.890    0.804 0.595      0.674 0.702 0.719 0.746 0.794 0.852 0.955 0.994 1.000 0.928 0.915 0.900 0.894 0.884 0.859
     34       1.748    0.968 0.252      0.349 0.385 0.408 0.444 0.510 0.595 0.776 0.880 0.928 1.000 0.999 0.998 0.997 0.995 0.988
     35       1.984    0.976 0.220      0.318 0.355 0.378 0.414 0.481 0.569 0.755 0.864 0.915 0.999 1.000 0.999 0.999 0.997 0.993
     36       2.354    0.983 0.184      0.283 0.321 0.343 0.381 0.449 0.538 0.730 0.845 0.900 0.998 0.999 1.000 1.000 0.999 0.996
     37       2.536    0.985 0.170      0.270 0.307 0.330 0.368 0.436 0.527 0.721 0.838 0.894 0.997 0.999 1.000 1.000 1.000 0.997
     38       2.880    0.989 0.149      0.250 0.287 0.310 0.348 0.417 0.509 0.706 0.826 0.884 0.995 0.997 0.999 1.000 1.000 0.999
     39       4.306    0.995 0.099      0.200 0.239 0.262 0.300 0.371 0.464 0.669 0.796 0.859 0.988 0.993 0.996 0.997 0.999 1.000

  R CORE   ENERGY   A0R/A00=1.000    R3= 0     2  
   2( 1)    0.732                    1.000 0.000
   2( 2)  487.921                    0.000 1.000

  R CORE   ENERGY   A0R/A00=1.000    R3= 0     2  
   3( 1)  488.652                    0.000 1.000

  R CORE   ENERGY   A0R/A00=1.000    R3= 0     2     4  
   4( 1)    2.438                    1.000 0.000 0.000

  R CORE   ENERGY   A0R/A00=1.000    R3= 0     2     4  
   5( 1)  490.847                    0.000 1.000 0.000

  R CORE   ENERGY   A0R/A00=1.000    R3= 0     2     4     6  
   6( 1)    5.121                    1.000 0.000 0.000 0.000

  R CORE   ENERGY   A0R/A00=1.000    R3= 0     2     4     6  
   7( 1)  494.017                    0.000 1.000 0.000 0.000

          AXIAL SYMMETRY => K RESTRICTED TO OMEGA

                     K
     S.P. ORB#: 25  0.50
     S.P. ORB#: 26 -1.50
     S.P. ORB#: 27 -5.50
     S.P. ORB#: 28  2.50
     S.P. ORB#: 29 -3.50
     S.P. ORB#: 30  2.50
     S.P. ORB#: 31  0.50
     S.P. ORB#: 32  0.50
     S.P. ORB#: 33 -1.50
     S.P. ORB#: 34 -3.50
     S.P. ORB#: 35 -3.50
     S.P. ORB#: 36  0.50
     S.P. ORB#: 37  4.50
     S.P. ORB#: 38 -1.50
     S.P. ORB#: 39  4.50
 

             ENERGY    K= OMEGA
 
 I=  1/2- (1)  2.213  32: 0.999
 
 I=  1/2- (2)  4.084  31:-0.930
                      36: 0.368
 
 I=  1/2- (3)  5.964  25: 0.999
 
 I=  1/2- (4)  6.617  31:-0.368
                      36:-0.930
 
 I=  1/2- (5)147.193  33:-1.000

             ENERGY    K= OMEGA
 
 I=  3/2- (1)  2.223  32:-0.587
                      33: 0.810
 
 I=  3/2- (2)  2.434  25:-0.164
                      32:-0.799
                      33:-0.578

             ENERGY    K= OMEGA
 
 I=  5/2- (1)  2.605  25: 0.218
                      28:-0.056
                      32:-0.513
                      33:-0.828
 
 I=  5/2- (2)  3.410  25: 0.060
                      28: 0.091
                      32:-0.841
                      33: 0.531
 
 I=  5/2- (3)  3.939  28:-0.994
                      33: 0.094
 
 I=  5/2- (4)  4.311  26:-0.105
                      30: 0.087
                      31: 0.828
                      36:-0.479
                      38:-0.258
 
 I=  5/2- (5)  6.234  26: 0.496
                      30:-0.847
                      36:-0.183

             ENERGY    K= OMEGA
 
 I=  7/2- (1)  2.885  28: 0.191
                      35:-0.980
 
 I=  7/2- (2)  3.440  28:-0.083
                      29:-0.166
                      32:-0.734
                      33: 0.652
 
 I=  7/2- (3)  3.530  28: 0.166
                      29: 0.965
                      32:-0.191
 
 I=  7/2- (4)  3.716  25:-0.288
                      28: 0.059
                      29:-0.104
                      32:-0.614
                      33:-0.724
 
 I=  7/2- (5)  4.331  26:-0.242
                      30:-0.239
                      31:-0.849
                      34:-0.091
                      36:-0.248
                      38:-0.307

             ENERGY    K= OMEGA
 
 I=  9/2- (1)  3.388  28: 0.123
                      29:-0.334
                      35: 0.342
                      37: 0.869
 
 I=  9/2- (2)  3.955  25:-0.128
                      28: 0.240
                      29: 0.178
                      32: 0.200
                      33: 0.299
                      35: 0.822
                      37:-0.300
 
 I=  9/2- (3)  4.046  25: 0.316
                      29: 0.095
                      32:-0.515
                      33:-0.695
                      35: 0.368
                      37:-0.084
 
 I=  9/2- (4)  4.770  28: 0.258
                      29:-0.887
                      32:-0.054
                      37:-0.377
 
 I=  9/2- (5)  4.962  26:-0.356
                      30: 0.494
                      31: 0.563
                      34:-0.353
                      36:-0.312
                      38:-0.248
                      39: 0.171

             ENERGY    K= OMEGA
 
 I= 11/2- (1)  3.953  27: 0.996
                      37: 0.077
 
 I= 11/2- (2)  4.494  27:-0.082
                      28: 0.169
                      29: 0.406
                      35:-0.386
                      37: 0.807
 
 I= 11/2- (3)  4.867  26:-0.391
                      30:-0.499
                      31:-0.560
                      34:-0.376
                      36:-0.202
                      38:-0.242
                      39:-0.209
 
 I= 11/2- (4)  5.264  28: 0.279
                      29:-0.253
                      33:-0.110
                      35:-0.853
                      37:-0.342
 
 I= 11/2- (5)  5.623  25:-0.128
                      32:-0.867
                      33: 0.469
                      35:-0.094

             ENERGY    K= OMEGA
 
 I= 13/2- (1)  5.529  27: 0.980
                      29: 0.079
                      35:-0.061
                      37:-0.167
 
 I= 13/2- (2)  5.600  26:-0.395
                      30: 0.587
                      31: 0.249
                      34:-0.541
                      36:-0.097
                      38:-0.137
                      39: 0.341
 
 I= 13/2- (3)  5.855  27:-0.194
                      28:-0.204
                      29: 0.436
                      33:-0.066
                      35:-0.403
                      37:-0.750
 
 I= 13/2- (4)  6.318  25: 0.421
                      28:-0.080
                      29:-0.054
                      32:-0.550
                      33:-0.704
                      37: 0.117
 
 I= 13/2- (5)  6.813  25:-0.055
                      28:-0.293
                      29:-0.289
                      32: 0.084
                      33: 0.064
                      35:-0.836
                      37: 0.344

             ENERGY     K= 9/2
  32 LEVELS    TIME=  0.0 SEC



 ******************* EXCITATION ENERGIES, DOMINANT CONFIGURATION AND EXPECTATION VALUES (WITH S.P. UU+VV FACTORS) *******************

  NR  Eex(keV)  I   Kdom  NY    <Jz>  <Jx**2> <Jy**2> <Jz**2> <I.j>/|I|  <Rx**2> <Ry**2> <Rz**2> <R.j>/|R|  <HROTx> <HROTy> <HROTz>

   1    0.0   1/2-   1/2  32    0.50    5.19    5.19    0.25    0.16       5.55    5.55    0.00   -3.15      0.677   0.677   0.000
   2    9.8   3/2-  -3/2  33   -0.81    5.17    5.17    1.56    1.19       5.52    5.52   -0.00   -2.89      0.673   0.673  -0.000
   3  220.5   3/2-   1/2  32   -0.17    5.15    5.15    0.92    0.73       6.06    6.06   -0.00   -2.81      0.739   0.739  -0.000
   4  392.0   5/2-  -3/2  33   -0.87    5.35    5.35    1.64    1.39       6.42    6.42   -0.00   -2.29      0.782   0.782  -0.000
   5  671.8   7/2-  -7/2  35   -3.28    2.38    2.38   12.02    3.17       3.68    3.68    0.00   -1.55      0.449   0.449   0.000
  
   6 1174.4   9/2-   9/2  37    2.64    2.90    2.90   18.20    4.05       4.22    4.22    0.00   -1.32      0.514   0.514   0.000
   7 1196.4   5/2-   1/2  32   -0.05    5.21    5.21    0.86   -0.11      10.35   10.35   -0.00   -2.55      1.262   1.262  -0.000
   8 1226.8   7/2-   1/2  32   -0.45    5.19    5.19    1.49    0.86      10.40   10.40   -0.00   -1.85      1.268   1.268  -0.000
   9 1316.6   7/2-  -7/2  29   -3.18    6.27    6.27   11.61    3.02       7.96    7.96    0.00   -3.05      0.971   0.971   0.000
  10 1502.2   7/2-  -3/2  33   -0.59    5.27    5.27    1.47    0.86      10.46   10.46   -0.00   -1.88      1.276   1.276  -0.000
  
  11 1725.8   5/2-   5/2  28    2.46    6.13    6.13    6.20    2.07       7.48    7.48   -0.00   -3.19      0.912   0.912  -0.000
  12 1739.8  11/2- -11/2  27   -5.44    2.75    2.75   30.17    5.05       5.49    5.49    0.00   -1.64      0.669   0.669   0.001
  13 1741.4   9/2-  -7/2  35   -2.03    3.00    3.00   11.06    2.53       8.33    8.33    0.00   -1.10      1.016   1.016   0.000
  14 1832.7   9/2-  -3/2  33   -1.01    5.06    5.06    3.09    1.62      10.94   10.94    0.00   -1.11      1.334   1.334   0.000
  15 1870.7   1/2-   1/2  31    0.50   12.64   12.64    0.25    0.99      12.28   12.28   -0.00   -4.98      1.497   1.497  -0.000
  
  16 2097.1   5/2-   1/2  31    0.36   13.14   13.14    0.45    1.94      12.00   12.00    0.00   -4.28      1.462   1.462   0.000
  17 2117.8   7/2-   1/2  31    0.28   16.31   16.31    1.00    3.11      12.35   12.35    0.00   -4.28      1.505   1.505   0.000
  18 2280.1  11/2-   9/2  37    1.86    3.19    3.19   17.40    3.46       9.05    9.05    0.00   -0.72      1.103   1.103   0.000
  19 2556.4   9/2-  -7/2  29   -1.95    5.73    5.73   12.95    2.47      12.31   12.31    0.00   -2.45      1.501   1.501   0.000
  20 2653.9  11/2-   1/2  31    0.19   20.05   20.05    4.74    4.60      12.78   12.78   -0.00   -3.43      1.558   1.558  -0.000
  
  21 2748.5   9/2-   1/2  31    0.23   18.53   18.53    4.17    3.96      13.31   13.31    0.00   -4.18      1.622   1.622   0.000
  22 3050.6  11/2-  -7/2  35   -2.07    2.74    2.74   12.58    2.28      13.30   13.30    0.00   -0.86      1.621   1.621   0.000
  23 3315.2  13/2- -11/2  27   -5.19    2.76    2.76   29.77    4.30      11.99   11.99    0.00   -1.08      1.462   1.462   0.001
  24 3386.1  13/2-   5/2  30    0.13   21.96   21.96    8.50    5.16      14.59   14.59    0.00   -3.04      1.779   1.779   0.000
  25 3409.6  11/2-   1/2  32    0.02    5.11    5.11    0.83    0.69      19.25   19.25   -0.00   -1.11      2.347   2.347  -0.000
  
  26 3641.1  13/2-   9/2  37    1.19    3.38    3.38   17.10    3.08      14.79   14.79    0.00   -0.43      1.804   1.804   0.000
  27 3750.6   1/2-   1/2  25    0.50    7.35    7.35    0.25    0.64       7.30    7.30   -0.00   -3.77      0.890   0.890  -0.000
  28 4020.3   5/2-   5/2  30    1.44   22.74   22.74    5.05    3.75      18.54   18.54    0.00   -6.48      2.260   2.260   0.000
  29 4104.3  13/2-  -3/2  33   -0.44    5.66    5.66    1.61    1.59      19.76   19.76   -0.00   -0.30      2.409   2.409  -0.000
  30 4403.9   1/2-   1/2  36    0.50   17.12   17.12    0.25   -0.78      18.30   18.30    0.00   -5.81      2.231   2.231   0.000
  
  31 4599.2  13/2-  -7/2  35   -1.99    2.84    2.84   12.53    1.98      19.64   19.64    0.00   -0.70      2.394   2.394   0.001
  32*******   1/2-  -3/2  33    0.00    0.00    0.00    0.00   -0.00       0.00    0.00   -0.00   -0.00      0.000   0.000  -0.000
