1SPECTRUM OF (Z= 82 A=207) IN PARTICLE-ROTOR  MODEL WITH MODIFIED OSCILLATOR POTENTIAL


 PARITY=-   EPS= 0.337   GAMMA=  0.0   EPS4=0.000   EPS6=0.000   LEVELS:  24  25  26  27  28  29  30  31  32  33  34  35  36  37  38

 PAIRING FACTORS: GN0= 19.20  GN1=  7.40  IPAIR= 15 ***  E2PLUS(INPUT)=   0.730  E2PLUR(INPUT)=   0.000

 CORIOLIS ATTENUATION PARAMETERS:  CHSI=1.000  ETA=  1.00

 MOMENT OF INERTIA PARAMETERS:   A1=  0.122 MEV   A2=  0.122 MEV   A3=121.91924 MEV


 DELTA=0.912 MEV  LAMBDA=53.3398 MEV   HW0= 7.5142 MEV   LAMBDA/HW0= 7.0985

 E2ENERGY=0.730 MEV  HBAR**2/B=21058./A**(7/3)=3559.8/A**2 MEV

 IREC=0  =>  RECOIL TERMS j+j-, j+j+, jzjz, ETC TREATED AS ONE-BODY OPERATORS WITH UU+VV PAIRING FACTORS



 S. P. LEVEL   EQP       U     V        (UU + VV)**1.00

     24       4.640    0.099 0.995      1.000 1.000 0.999 0.997 0.987 0.958 0.941 0.939 0.850 0.646 0.579 0.296 0.282 0.277 0.259
     25       4.195    0.109 0.994      1.000 1.000 0.999 0.997 0.988 0.961 0.945 0.943 0.856 0.654 0.588 0.306 0.292 0.287 0.269
     26       3.139    0.147 0.989      0.999 0.999 1.000 0.999 0.993 0.971 0.956 0.955 0.875 0.682 0.618 0.342 0.328 0.323 0.305
     27       2.581    0.180 0.984      0.997 0.997 0.999 1.000 0.997 0.978 0.966 0.964 0.890 0.706 0.644 0.373 0.359 0.354 0.337
     28       1.815    0.260 0.966      0.987 0.988 0.993 0.997 1.000 0.992 0.984 0.983 0.925 0.762 0.705 0.448 0.435 0.430 0.413
     29       1.298    0.380 0.925      0.958 0.961 0.971 0.978 0.992 1.000 0.999 0.998 0.965 0.838 0.788 0.557 0.545 0.541 0.525
     30       1.176    0.429 0.903      0.941 0.945 0.956 0.966 0.984 0.999 1.000 1.000 0.978 0.866 0.821 0.601 0.590 0.585 0.570
     31       1.167    0.434 0.901      0.939 0.943 0.955 0.964 0.983 0.998 1.000 1.000 0.979 0.868 0.823 0.605 0.594 0.589 0.574
     32       0.945    0.608 0.794      0.850 0.856 0.875 0.890 0.925 0.965 0.978 0.979 1.000 0.951 0.922 0.754 0.745 0.741 0.729
     33       0.976    0.823 0.567      0.646 0.654 0.682 0.706 0.762 0.838 0.866 0.868 0.951 1.000 0.996 0.920 0.914 0.912 0.905
     34       1.059    0.868 0.496      0.579 0.588 0.618 0.644 0.705 0.788 0.821 0.823 0.922 0.996 1.000 0.950 0.945 0.944 0.937
     35       2.327    0.980 0.200      0.296 0.306 0.342 0.373 0.448 0.557 0.601 0.605 0.754 0.920 0.950 1.000 1.000 1.000 0.999
     36       2.501    0.983 0.186      0.282 0.292 0.328 0.359 0.435 0.545 0.590 0.594 0.745 0.914 0.945 1.000 1.000 1.000 1.000
     37       2.569    0.984 0.180      0.277 0.287 0.323 0.354 0.430 0.541 0.585 0.589 0.741 0.912 0.944 1.000 1.000 1.000 1.000
     38       2.848    0.987 0.162      0.259 0.269 0.305 0.337 0.413 0.525 0.570 0.574 0.729 0.905 0.937 0.999 1.000 1.000 1.000

  R CORE   ENERGY   A0R/A00=1.000    R3= 0     2  
   2( 1)    0.732                    1.000 0.000
   2( 2)  487.921                    0.000 1.000

  R CORE   ENERGY   A0R/A00=1.000    R3= 0     2  
   3( 1)  488.652                    0.000 1.000

  R CORE   ENERGY   A0R/A00=1.000    R3= 0     2     4  
   4( 1)    2.438                    1.000 0.000 0.000

  R CORE   ENERGY   A0R/A00=1.000    R3= 0     2     4  
   5( 1)  490.847                    0.000 1.000 0.000

  R CORE   ENERGY   A0R/A00=1.000    R3= 0     2     4     6  
   6( 1)    5.121                    1.000 0.000 0.000 0.000

  R CORE   ENERGY   A0R/A00=1.000    R3= 0     2     4     6  
   7( 1)  494.017                    0.000 1.000 0.000 0.000

          AXIAL SYMMETRY => K RESTRICTED TO OMEGA

                     K
     S.P. ORB#: 24 -5.50
     S.P. ORB#: 25  0.50
     S.P. ORB#: 26  2.50
     S.P. ORB#: 27 -3.50
     S.P. ORB#: 28  0.50
     S.P. ORB#: 29  0.50
     S.P. ORB#: 30 -1.50
     S.P. ORB#: 31 -1.50
     S.P. ORB#: 32 -3.50
     S.P. ORB#: 33  4.50
     S.P. ORB#: 34  2.50
     S.P. ORB#: 35 -3.50
     S.P. ORB#: 36  0.50
     S.P. ORB#: 37 -1.50
     S.P. ORB#: 38  2.50
 

             ENERGY    K= OMEGA
 
 I=  1/2- (1)  2.540  29: 0.999
 
 I=  1/2- (2)  5.774  25: 0.999
 
 I=  1/2- (3)  5.839  28:-0.377
                      36: 0.926
 
 I=  1/2- (4)  8.748  28: 0.926
                      36: 0.377
 
 I=  1/2- (5)147.470  31:-1.000

             ENERGY    K= OMEGA
 
 I=  3/2- (1)  2.410  25: 0.090
                      29:-0.221
                      31: 0.970
                      37: 0.050
 
 I=  3/2- (2)  2.562  25:-0.199
                      29:-0.885
                      31:-0.163
                      37:-0.389

             ENERGY    K= OMEGA
 
 I=  5/2- (1)  2.524  25:-0.263
                      29: 0.455
                      31: 0.785
                      37:-0.136
                      38:-0.297
 
 I=  5/2- (2)  3.339  26:-0.064
                      29: 0.626
                      31:-0.439
                      37:-0.633
                      38: 0.105
 
 I=  5/2- (3)  3.572  25:-0.129
                      29: 0.309
                      31: 0.162
                      37: 0.339
                      38: 0.863
 
 I=  5/2- (4)  4.272  26:-0.070
                      29:-0.514
                      31: 0.344
                      37:-0.676
                      38: 0.393
 
 I=  5/2- (5)  4.927  26: 0.995
                      37:-0.097

             ENERGY    K= OMEGA
 
 I=  7/2- (1)  1.751  26: 0.191
                      32:-0.980
 
 I=  7/2- (2)  3.333  25: 0.128
                      29:-0.274
                      31: 0.811
                      37:-0.173
                      38: 0.467
 
 I=  7/2- (3)  3.506  25:-0.317
                      29:-0.796
                      31:-0.293
                      37:-0.422
 
 I=  7/2- (4)  3.556  28: 0.709
                      30: 0.583
                      34: 0.365
                      35: 0.156
 
 I=  7/2- (5)  4.385  26: 0.201
                      27: 0.772
                      29: 0.232
                      31:-0.251
                      37:-0.252
                      38: 0.427

             ENERGY    K= OMEGA
 
 I=  9/2- (1)  1.873  26: 0.075
                      27:-0.188
                      32: 0.248
                      33: 0.947
 
 I=  9/2- (2)  2.717  26:-0.261
                      27:-0.091
                      32:-0.926
                      33: 0.246
 
 I=  9/2- (3)  3.570  25:-0.375
                      29: 0.493
                      31: 0.695
                      32:-0.060
                      37:-0.192
                      38:-0.305
 
 I=  9/2- (4)  4.630  28: 0.226
                      30:-0.567
                      34: 0.666
                      35:-0.428
 
 I=  9/2- (5)  5.173  26:-0.101
                      29: 0.529
                      31:-0.482
                      32: 0.058
                      37:-0.668
                      38: 0.157

             ENERGY    K= OMEGA
 
 I= 11/2- (1)  2.910  28:-0.678
                      30:-0.579
                      34:-0.400
                      35:-0.206
                      36:-0.057
 
 I= 11/2- (2)  2.967  26:-0.127
                      27:-0.255
                      32: 0.340
                      33:-0.896
 
 I= 11/2- (3)  3.914  26:-0.306
                      27: 0.132
                      31: 0.060
                      32: 0.875
                      33: 0.338
                      38: 0.061
 
 I= 11/2- (4)  5.228  25:-0.219
                      29: 0.144
                      31:-0.801
                      32: 0.078
                      37: 0.171
                      38:-0.502
 
 I= 11/2- (5)  5.356  25: 0.356
                      29: 0.803
                      31: 0.173
                      37: 0.438
                      38:-0.056

             ENERGY    K= OMEGA
 
 I= 13/2- (1)  4.280  26: 0.173
                      27:-0.298
                      32: 0.400
                      33: 0.848
 
 I= 13/2- (2)  5.043  28:-0.219
                      30: 0.554
                      34:-0.665
                      35: 0.449
 
 I= 13/2- (3)  5.320  25: 0.171
                      26:-0.311
                      27:-0.162
                      29:-0.178
                      31:-0.277
                      32:-0.760
                      33: 0.369
                      38: 0.156
 
 I= 13/2- (4)  5.535  25: 0.412
                      26: 0.126
                      27: 0.051
                      29:-0.470
                      31:-0.593
                      32: 0.341
                      33:-0.159
                      37: 0.195
                      38: 0.243
 
 I= 13/2- (5)  7.570  24: 0.998

             ENERGY     K= 5/2
  32 LEVELS    TIME=  0.0 SEC



 ******************* EXCITATION ENERGIES, DOMINANT CONFIGURATION AND EXPECTATION VALUES (WITH S.P. UU+VV FACTORS) *******************

  NR  Eex(keV)  I   Kdom  NY    <Jz>  <Jx**2> <Jy**2> <Jz**2> <I.j>/|I|  <Rx**2> <Ry**2> <Rz**2> <R.j>/|R|  <HROTx> <HROTy> <HROTz>

   1    0.0   7/2-  -7/2  32   -3.28    2.31    2.31   12.02    3.34       2.95    2.95   -0.00   -1.40      0.360   0.360  -0.000
   2  121.8   9/2-   9/2  33    3.71    2.53    2.53   19.39    4.26       3.40    3.40    0.00   -1.25      0.415   0.415   0.000
   3  658.6   3/2-  -3/2  31   -1.39    4.74    4.74    2.14    1.41       4.96    4.96    0.00   -2.82      0.604   0.604   0.000
   4  772.6   5/2-  -3/2  31   -0.59    4.80    4.80    2.05    2.14       3.88    3.88    0.00   -1.91      0.473   0.473   0.000
   5  788.6   1/2-   1/2  29    0.50    4.80    4.80    0.25    0.27       5.07    5.07    0.00   -3.02      0.618   0.618   0.000
  
   6  811.0   3/2-   1/2  29    0.14    4.08    4.08    0.61    1.20       3.94    3.94   -0.00   -2.30      0.480   0.480  -0.000
   7  965.8   9/2-  -7/2  32   -2.59    2.41    2.41   12.28    2.89       6.57    6.57   -0.00   -0.76      0.800   0.800  -0.000
   8 1159.0  11/2-   1/2  28   -0.02   24.24   24.24    2.39    6.28       5.77    5.77   -0.00   -3.93      0.703   0.703  -0.000
   9 1215.7  11/2-   9/2  33    3.01    2.74    2.74   18.58    3.73       7.60    7.60    0.00   -0.45      0.926   0.926   0.000
  10 1581.3   7/2-  -3/2  31   -0.45    4.20    4.20    2.96    1.66       6.95    6.95    0.00   -1.28      0.848   0.848   0.000
  
  11 1587.5   5/2-  -3/2  37   -0.66    3.32    3.32    1.53    0.74       6.28    6.28   -0.00   -1.69      0.766   0.766  -0.000
  12 1754.4   7/2-   1/2  29   -0.03    3.97    3.97    0.80    1.33       6.96    6.96    0.00   -0.93      0.849   0.849   0.000
  13 1805.0   7/2-   1/2  28   -0.01   23.86   23.86    2.02    6.14       8.39    8.39   -0.00   -6.20      1.023   1.023  -0.000
  14 1818.3   9/2-  -3/2  31   -0.37    4.96    4.96    1.90    2.24       7.13    7.13   -0.00   -0.18      0.869   0.869  -0.000
  15 1820.8   5/2-   5/2  38    1.71    2.23    2.23    5.01    1.80       3.80    3.80   -0.00   -1.51      0.463   0.463  -0.000
  
  16 2163.1  11/2-  -7/2  32   -1.99    2.50    2.50   12.54    2.59      11.16   11.16    0.00   -0.44      1.361   1.361   0.000
  17 2520.3   5/2-  -3/2  37   -0.33    3.15    3.15    2.36   -0.05       8.84    8.84    0.00   -2.09      1.078   1.078   0.000
  18 2529.0  13/2-   9/2  33    2.44    2.93    2.93   17.85    3.37      12.70   12.70    0.00   -0.04      1.549   1.549   0.000
  19 2634.0   7/2-  -7/2  27   -1.69    4.87    4.87    9.00    2.39       7.76    7.76    0.00   -2.35      0.946   0.946   0.000
  20 2878.7   9/2-   5/2  34    0.01   24.51   24.51    5.76    5.30      13.38   13.38   -0.00   -5.49      1.631   1.631  -0.000
  
  21 3175.5   5/2-   5/2  26    2.46    5.99    5.99    6.21    2.07       7.36    7.36    0.00   -3.15      0.897   0.897   0.000
  22 3291.3  13/2-   5/2  34   -0.03   24.50   24.50    5.94    5.28      14.99   14.99   -0.00   -3.30      1.828   1.828  -0.000
  23 3421.4   9/2-  -3/2  37   -0.81    3.08    3.08    1.89    0.59      13.45   13.45   -0.00   -0.98      1.639   1.639  -0.000
  24 3476.8  11/2-  -3/2  31   -0.36    4.14    4.14    3.22    1.59      14.14   14.14   -0.00   -0.38      1.724   1.724  -0.000
  25 3568.3  13/2-  -7/2  32   -1.29    2.96    2.96   11.10    2.40      16.17   16.17   -0.00   -0.05      1.971   1.971  -0.000
  
  26 3604.6  11/2-   1/2  29    0.06    3.96    3.96    0.75    1.35      14.12   14.12   -0.00   -0.11      1.722   1.722  -0.000
  27 3783.8  13/2-  -3/2  31   -0.51    4.77    4.77    3.41    2.26      15.04   15.04    0.00    0.52      1.834   1.834   0.000
  28 4022.2   1/2-   1/2  25    0.50    6.57    6.57    0.25    0.67       6.50    6.50   -0.00   -3.56      0.792   0.792  -0.000
  29 4087.3   1/2-   1/2  36    0.50   12.34   12.34    0.25   -1.44      14.09   14.09    0.00   -4.93      1.717   1.717   0.000
  30 5818.3  13/2- -11/2  24   -5.49    2.76    2.76   30.19    4.32      12.05   12.05    0.00   -1.13      1.469   1.469   0.000
  
  31 6997.0   1/2-   1/2  28    0.50   24.46   24.46    0.25   -3.55      28.03   28.03    0.00   -6.98      3.418   3.418   0.000
  32*******   1/2-  -3/2  31    0.00    0.00    0.00    0.00   -0.00       0.00    0.00    0.00   -0.00      0.000   0.000   0.000
