1SPECTRUM OF (Z= 82 A=207) IN PARTICLE-ROTOR  MODEL WITH MODIFIED OSCILLATOR POTENTIAL


 PARITY=-   EPS= 0.254   GAMMA=  0.0   EPS4=0.000   EPS6=0.000   LEVELS:  26  27  28  29  30  31  32  33  34  35  36  37  38  39  40

 PAIRING FACTORS: GN0= 19.20  GN1=  7.40  IPAIR= 15 ***  E2PLUS(INPUT)=   0.730  E2PLUR(INPUT)=   0.000

 CORIOLIS ATTENUATION PARAMETERS:  CHSI=1.000  ETA=  1.00

 MOMENT OF INERTIA PARAMETERS:   A1=  0.122 MEV   A2=  0.122 MEV   A3=121.91924 MEV


 DELTA=0.938 MEV  LAMBDA=53.3893 MEV   HW0= 7.4679 MEV   LAMBDA/HW0= 7.1492

 E2ENERGY=0.730 MEV  HBAR**2/B=11962./A**(7/3)=2022.2/A**2 MEV

 IREC=0  =>  RECOIL TERMS j+j-, j+j+, jzjz, ETC TREATED AS ONE-BODY OPERATORS WITH UU+VV PAIRING FACTORS



 S. P. LEVEL   EQP       U     V        (UU + VV)**1.00

     26       3.816    0.124 0.992      1.000 1.000 0.990 0.989 0.984 0.970 0.761 0.594 0.469 0.416 0.406 0.333 0.298 0.242 0.239
     27       3.269    0.145 0.989      1.000 1.000 0.993 0.992 0.988 0.975 0.775 0.611 0.488 0.435 0.425 0.353 0.319 0.262 0.260
     28       1.873    0.259 0.966      0.990 0.993 1.000 1.000 0.999 0.994 0.843 0.699 0.587 0.537 0.528 0.460 0.427 0.373 0.370
     29       1.814    0.269 0.963      0.989 0.992 1.000 1.000 1.000 0.995 0.848 0.706 0.594 0.545 0.536 0.468 0.435 0.382 0.379
     30       1.654    0.297 0.955      0.984 0.988 0.999 1.000 1.000 0.998 0.864 0.727 0.618 0.570 0.561 0.494 0.462 0.409 0.407
     31       1.396    0.360 0.933      0.970 0.975 0.994 0.995 0.998 1.000 0.895 0.771 0.669 0.624 0.615 0.551 0.520 0.469 0.467
     32       0.942    0.738 0.675      0.761 0.775 0.843 0.848 0.864 0.895 1.000 0.974 0.930 0.906 0.902 0.865 0.846 0.813 0.812
     33       1.099    0.872 0.490      0.594 0.611 0.699 0.706 0.727 0.771 0.974 1.000 0.989 0.979 0.976 0.956 0.945 0.924 0.923
     34       1.409    0.934 0.356      0.469 0.488 0.587 0.594 0.618 0.669 0.930 0.989 1.000 0.998 0.997 0.989 0.983 0.970 0.970
     35       1.640    0.954 0.300      0.416 0.435 0.537 0.545 0.570 0.624 0.906 0.979 0.998 1.000 1.000 0.996 0.992 0.983 0.982
     36       1.694    0.957 0.289      0.406 0.425 0.528 0.536 0.561 0.615 0.902 0.976 0.997 1.000 1.000 0.997 0.993 0.985 0.984
     37       2.249    0.977 0.214      0.333 0.353 0.460 0.468 0.494 0.551 0.865 0.956 0.989 0.996 0.997 1.000 0.999 0.995 0.995
     38       2.684    0.984 0.178      0.298 0.319 0.427 0.435 0.462 0.520 0.846 0.945 0.983 0.992 0.993 0.999 1.000 0.998 0.998
     39       3.947    0.993 0.120      0.242 0.262 0.373 0.382 0.409 0.469 0.813 0.924 0.970 0.983 0.985 0.995 0.998 1.000 1.000
     40       4.047    0.993 0.117      0.239 0.260 0.370 0.379 0.407 0.467 0.812 0.923 0.970 0.982 0.984 0.995 0.998 1.000 1.000

  R CORE   ENERGY   A0R/A00=1.000    R3= 0     2  
   2( 1)    0.732                    1.000 0.000
   2( 2)  487.921                    0.000 1.000

  R CORE   ENERGY   A0R/A00=1.000    R3= 0     2  
   3( 1)  488.652                    0.000 1.000

  R CORE   ENERGY   A0R/A00=1.000    R3= 0     2     4  
   4( 1)    2.438                    1.000 0.000 0.000

  R CORE   ENERGY   A0R/A00=1.000    R3= 0     2     4  
   5( 1)  490.847                    0.000 1.000 0.000

  R CORE   ENERGY   A0R/A00=1.000    R3= 0     2     4     6  
   6( 1)    5.121                    1.000 0.000 0.000 0.000

  R CORE   ENERGY   A0R/A00=1.000    R3= 0     2     4     6  
   7( 1)  494.017                    0.000 1.000 0.000 0.000

          AXIAL SYMMETRY => K RESTRICTED TO OMEGA

                     K
     S.P. ORB#: 26  2.50
     S.P. ORB#: 27 -3.50
     S.P. ORB#: 28 -3.50
     S.P. ORB#: 29  0.50
     S.P. ORB#: 30 -1.50
     S.P. ORB#: 31  4.50
     S.P. ORB#: 32  0.50
     S.P. ORB#: 33 -1.50
     S.P. ORB#: 34 -1.50
     S.P. ORB#: 35  2.50
     S.P. ORB#: 36  2.50
     S.P. ORB#: 37  0.50
     S.P. ORB#: 38 -3.50
     S.P. ORB#: 39  4.50
     S.P. ORB#: 40  0.50
 

             ENERGY    K= OMEGA
 
 I=  1/2- (1)  2.552  29:-0.084
                      37:-0.996
 
 I=  1/2- (2)  2.956  29: 0.996
                      37:-0.084
 
 I=  1/2- (3)  6.571  32:-0.683
                      40: 0.730
 
 I=  1/2- (4)  9.873  32: 0.730
                      40: 0.683
 
 I=  1/2- (5)147.402  33:-1.000

             ENERGY    K= OMEGA
 
 I=  3/2- (1)  1.931  29:-0.199
                      30:-0.097
                      34:-0.972
                      37: 0.073
 
 I=  3/2- (2)  2.803  29:-0.322
                      30: 0.932
                      37:-0.160
 
 I=  3/2- (3)  3.052  29: 0.585
                      30: 0.059
                      34:-0.185
                      37:-0.788
 
 I=  3/2- (4)  3.619  29: 0.717
                      30: 0.343
                      34:-0.137
                      37: 0.591
 
 I=  3/2- (5)  4.768  32:-0.826
                      33:-0.357
                      40: 0.436

             ENERGY    K= OMEGA
 
 I=  5/2- (1)  2.123  29: 0.164
                      30: 0.214
                      34:-0.491
                      35:-0.827
                      37: 0.055
 
 I=  5/2- (2)  2.584  29: 0.200
                      30:-0.245
                      34:-0.824
                      35: 0.460
                      37:-0.087
 
 I=  5/2- (3)  3.048  29: 0.352
                      30: 0.490
                      35: 0.248
                      37: 0.758
 
 I=  5/2- (4)  3.701  29: 0.271
                      30: 0.699
                      35: 0.178
                      37:-0.637
 
 I=  5/2- (5)  4.280  29:-0.858
                      30: 0.406
                      34:-0.279
                      35: 0.108
                      37: 0.100

             ENERGY    K= OMEGA
 
 I=  7/2- (1)  2.618  26:-0.223
                      27: 0.076
                      28: 0.964
                      35: 0.113
 
 I=  7/2- (2)  2.744  28:-0.089
                      29:-0.236
                      30: 0.267
                      34:-0.549
                      35: 0.748
 
 I=  7/2- (3)  3.202  32: 0.749
                      33: 0.558
                      36: 0.323
                      38: 0.126
                      40:-0.083
 
 I=  7/2- (4)  3.385  28:-0.090
                      29: 0.294
                      30: 0.315
                      34: 0.718
                      35: 0.503
                      37:-0.190
 
 I=  7/2- (5)  4.256  27:-0.064
                      29:-0.511
                      30: 0.767
                      34: 0.096
                      35:-0.356
                      37:-0.095

             ENERGY    K= OMEGA
 
 I=  9/2- (1)  2.187  26:-0.067
                      27: 0.239
                      28:-0.177
                      31:-0.952
 
 I=  9/2- (2)  3.513  26: 0.294
                      27: 0.108
                      28: 0.904
                      30: 0.111
                      31:-0.156
                      35:-0.209
 
 I=  9/2- (3)  3.584  26: 0.095
                      28: 0.196
                      29:-0.277
                      30:-0.338
                      31:-0.072
                      34: 0.525
                      35: 0.678
                      37:-0.147
 
 I=  9/2- (4)  4.297  32:-0.223
                      33: 0.558
                      36:-0.623
                      38: 0.455
                      39:-0.209
 
 I=  9/2- (5)  4.492  28:-0.115
                      29:-0.144
                      30: 0.424
                      34: 0.747
                      35:-0.318
                      37: 0.356

             ENERGY    K= OMEGA
 
 I= 11/2- (1)  2.227  32:-0.674
                      33:-0.568
                      36:-0.401
                      38:-0.231
                      39:-0.096
 
 I= 11/2- (2)  3.181  26: 0.112
                      27: 0.319
                      28:-0.245
                      31: 0.908
 
 I= 11/2- (3)  4.642  26:-0.345
                      27: 0.136
                      28: 0.869
                      30: 0.117
                      31: 0.220
                      35: 0.208
 
 I= 11/2- (4)  4.695  26:-0.103
                      28: 0.158
                      29: 0.317
                      30:-0.329
                      31: 0.101
                      34: 0.565
                      35:-0.652
 
 I= 11/2- (5)  5.707  28: 0.140
                      29:-0.353
                      30:-0.391
                      34:-0.625
                      35:-0.487
                      37: 0.269

             ENERGY    K= OMEGA
 
 I= 13/2- (1)  4.002  32: 0.190
                      33:-0.502
                      36: 0.611
                      38:-0.510
                      39: 0.280
 
 I= 13/2- (2)  4.395  26: 0.151
                      27:-0.369
                      28: 0.291
                      31: 0.868
 
 I= 13/2- (3)  5.960  26:-0.128
                      27:-0.086
                      28:-0.346
                      29:-0.306
                      30:-0.406
                      31: 0.050
                      34: 0.418
                      35: 0.612
                      37:-0.213
 
 I= 13/2- (4)  6.017  26: 0.373
                      27: 0.137
                      28: 0.774
                      29:-0.157
                      30:-0.114
                      31:-0.288
                      34: 0.291
                      35: 0.180
                      37:-0.073
 
 I= 13/2- (5)  7.235  28: 0.111
                      30:-0.415
                      34:-0.593
                      35:-0.061
                      37:-0.676

             ENERGY     K= 1/2
  35 LEVELS    TIME=  0.0 SEC



 ******************* EXCITATION ENERGIES, DOMINANT CONFIGURATION AND EXPECTATION VALUES (WITH S.P. UU+VV FACTORS) *******************

  NR  Eex(keV)  I   Kdom  NY    <Jz>  <Jx**2> <Jy**2> <Jz**2> <I.j>/|I|  <Rx**2> <Ry**2> <Rz**2> <R.j>/|R|  <HROTx> <HROTy> <HROTz>

   1    0.0   3/2-  -3/2  34   -1.41    1.71    1.71    2.16    1.35       2.05    2.05    0.00   -1.46      0.250   0.250   0.000
   2  191.8   5/2-   5/2  35    1.29    1.98    1.98    4.92    2.24       2.18    2.18   -0.00   -1.08      0.266   0.266  -0.000
   3  256.5   9/2-   9/2  31    3.78    2.61    2.61   19.47    4.43       2.70    2.70    0.00   -1.15      0.329   0.329   0.000
   4  295.8  11/2-   1/2  32    0.00   26.48   26.48    2.68    6.96       4.06    4.06    0.00   -4.91      0.495   0.495   0.000
   5  621.3   1/2-   1/2  37    0.50    1.50    1.50    0.25    0.86       1.26    1.26    0.00   -1.58      0.153   0.153   0.000
  
   6  653.2   5/2-  -3/2  34   -0.55    1.74    1.74    3.01    1.07       4.45    4.45    0.00   -1.11      0.542   0.542   0.000
   7  686.9   7/2-  -7/2  28   -3.12    2.30    2.30   11.85    3.39       2.64    2.64    0.00   -1.30      0.322   0.322   0.000
   8  813.3   7/2-   5/2  35    0.84    2.19    2.19    4.48    1.91       4.73    4.73   -0.00   -0.42      0.577   0.577  -0.000
   9  871.9   3/2-  -3/2  30   -1.24    4.31    4.31    1.99    1.34       4.58    4.58   -0.00   -2.65      0.559   0.559  -0.000
  10 1025.6   1/2-   1/2  29    0.50    4.30    4.30    0.25    0.15       4.67    4.67    0.00   -2.85      0.570   0.570   0.000
  
  11 1117.7   5/2-   1/2  37    0.14    2.64    2.64    1.10    1.12       4.24    4.24   -0.00   -1.05      0.517   0.517  -0.000
  12 1121.7   3/2-   1/2  37    0.42    2.25    2.25    0.33    0.13       4.03    4.03    0.00   -1.61      0.492   0.492   0.000
  13 1250.5  11/2-   9/2  31    3.17    2.88    2.88   18.75    3.99       6.30    6.30   -0.00   -0.19      0.768   0.768  -0.000
  14 1271.5   7/2-   1/2  32    0.02   25.61   25.61    1.69    6.50       8.55    8.55    0.00   -6.56      1.042   1.042   0.000
  15 1453.9   7/2-  -3/2  34   -0.25    1.92    1.92    3.11    0.98       7.47    7.47    0.00   -0.79      0.910   0.910   0.000
  
  16 1582.5   9/2-  -7/2  28   -2.48    2.42    2.42   11.49    2.91       6.07    6.07    0.00   -0.53      0.740   0.740   0.000
  17 1652.9   9/2-   5/2  35    0.52    2.46    2.46    4.41    1.82       8.00    8.00    0.00   -0.07      0.976   0.976   0.000
  18 1687.8   3/2-   1/2  29    0.23    3.54    3.54    0.52   -0.63       6.89    6.89    0.00   -2.37      0.840   0.840   0.000
  19 1770.3   5/2-  -3/2  30   -0.41    2.97    2.97    1.42    0.24       7.36    7.36   -0.00   -1.74      0.897   0.897  -0.000
  20 2070.8  13/2-   5/2  36    0.01   25.37   25.37    7.69    6.47       8.41    8.41    0.00   -3.23      1.025   1.025   0.000
  
  21 2325.4   7/2-  -3/2  30   -0.45    3.91    3.91    2.26    0.62      10.46   10.46   -0.00   -1.67      1.275   1.275  -0.000
  22 2349.5   5/2-   1/2  29    0.04    4.16    4.16    0.81   -0.47      10.34   10.34   -0.00   -2.32      1.261   1.261  -0.000
  23 2365.8   9/2-   5/2  36    0.00   25.67   25.67    6.56    6.23      10.34   10.34    0.00   -5.92      1.261   1.261   0.000
  24 2464.7  13/2-   9/2  31    2.68    3.11    3.11   18.12    3.68      10.86   10.86    0.00    0.29      1.324   1.324   0.000
  25 2560.8   9/2-  -3/2  34   -0.82    1.85    1.85    2.50    0.73      11.86   11.86    0.00   -0.53      1.446   1.446   0.000
  
  26 2710.9  11/2-  -7/2  28   -2.10    2.53    2.53   11.51    2.63      10.45   10.45    0.00   -0.19      1.274   1.274   0.000
  27 2764.5  11/2-   5/2  35    0.45    2.50    2.50    4.23    1.65      12.65   12.65    0.00    0.12      1.542   1.542   0.000
  28 2836.9   3/2-   1/2  32    0.24   19.70   19.70    0.51    4.46      13.19   13.19    0.00   -6.09      1.608   1.608   0.000
  29 3775.9  11/2-  -3/2  34   -0.18    2.12    2.12    3.03    0.80      16.75   16.75    0.00   -0.43      2.042   2.042   0.000
  30 4029.1  13/2-   5/2  35    0.10    2.66    2.66    4.85    1.73      17.38   17.38   -0.00    0.32      2.120   2.120  -0.000
  
  31 4086.2  13/2-  -7/2  28   -1.49    2.69    2.69   10.54    2.32      16.14   16.14    0.00    0.05      1.968   1.968   0.000
  32 4639.9   1/2-   1/2  40    0.50   13.74   13.74    0.25   -2.37      16.30   16.30    0.00   -5.22      1.987   1.987   0.000
  33 5303.8  13/2-   1/2  37   -0.59    1.80    1.80    1.49    0.69      22.10   22.10    0.00   -0.04      2.695   2.695   0.000
  34 7942.0   1/2-   1/2  32    0.50   26.95   26.95    0.25   -3.73      30.68   30.68    0.00   -7.33      3.740   3.740   0.000
  35*******   1/2-  -3/2  33    0.00    0.00    0.00    0.00   -0.00       0.00    0.00    0.00   -0.00      0.000   0.000   0.000
  
