1SPECTRUM OF (Z= 82 A=207) IN PARTICLE-ROTOR  MODEL WITH MODIFIED OSCILLATOR POTENTIAL


 PARITY=-   EPS= 0.473   GAMMA=  0.0   EPS4=0.000   EPS6=0.000   LEVELS:  25  26  27  28  29  30  31  32  33  34  35  36  37  38  39

 PAIRING FACTORS: GN0= 19.20  GN1=  7.40  IPAIR= 15 ***  E2PLUS(INPUT)=   0.730  E2PLUR(INPUT)=   0.000

 CORIOLIS ATTENUATION PARAMETERS:  CHSI=1.000  ETA=  1.00

 MOMENT OF INERTIA PARAMETERS:   A1=  0.122 MEV   A2=  0.122 MEV   A3=121.91923 MEV


 DELTA=0.847 MEV  LAMBDA=53.4546 MEV   HW0= 7.6264 MEV   LAMBDA/HW0= 7.0091

 E2ENERGY=0.730 MEV  HBAR**2/B=41484./A**(7/3)=7012.7/A**2 MEV

 IREC=0  =>  RECOIL TERMS j+j-, j+j+, jzjz, ETC TREATED AS ONE-BODY OPERATORS WITH UU+VV PAIRING FACTORS



 S. P. LEVEL   EQP       U     V        (UU + VV)**1.00

     25       4.140    0.103 0.995      1.000 1.000 0.996 0.993 0.978 0.971 0.928 0.679 0.602 0.354 0.301 0.289 0.259 0.252 0.199
     26       3.303    0.129 0.992      1.000 1.000 0.998 0.996 0.983 0.977 0.938 0.698 0.623 0.379 0.327 0.315 0.285 0.277 0.225
     27       2.305    0.187 0.982      0.996 0.998 1.000 0.999 0.992 0.988 0.956 0.739 0.668 0.432 0.381 0.370 0.340 0.333 0.282
     28       1.953    0.223 0.975      0.993 0.996 0.999 1.000 0.996 0.993 0.966 0.763 0.694 0.465 0.414 0.403 0.374 0.367 0.316
     29       1.439    0.310 0.951      0.978 0.983 0.992 0.996 1.000 1.000 0.986 0.818 0.757 0.543 0.495 0.484 0.456 0.450 0.401
     30       1.339    0.336 0.942      0.971 0.977 0.988 0.993 1.000 1.000 0.990 0.834 0.775 0.566 0.519 0.508 0.481 0.474 0.426
     31       1.028    0.466 0.885      0.928 0.938 0.956 0.966 0.986 0.990 1.000 0.904 0.856 0.677 0.635 0.625 0.600 0.594 0.550
     32       0.883    0.800 0.600      0.679 0.698 0.739 0.763 0.818 0.834 0.904 1.000 0.995 0.927 0.905 0.899 0.885 0.881 0.855
     33       0.958    0.856 0.517      0.602 0.623 0.668 0.694 0.757 0.775 0.856 0.995 1.000 0.960 0.943 0.938 0.927 0.924 0.902
     34       1.712    0.967 0.256      0.354 0.379 0.432 0.465 0.543 0.566 0.677 0.927 0.960 1.000 0.998 0.998 0.995 0.994 0.987
     35       2.147    0.979 0.202      0.301 0.327 0.381 0.414 0.495 0.519 0.635 0.905 0.943 0.998 1.000 1.000 0.999 0.999 0.994
     36       2.281    0.982 0.189      0.289 0.315 0.370 0.403 0.484 0.508 0.625 0.899 0.938 0.998 1.000 1.000 1.000 0.999 0.996
     37       2.713    0.987 0.158      0.259 0.285 0.340 0.374 0.456 0.481 0.600 0.885 0.927 0.995 0.999 1.000 1.000 1.000 0.998
     38       2.844    0.989 0.151      0.252 0.277 0.333 0.367 0.450 0.474 0.594 0.881 0.924 0.994 0.999 0.999 1.000 1.000 0.999
     39       4.383    0.995 0.097      0.199 0.225 0.282 0.316 0.401 0.426 0.550 0.855 0.902 0.987 0.994 0.996 0.998 0.999 1.000

  R CORE   ENERGY   A0R/A00=1.000    R3= 0     2  
   2( 1)    0.732                    1.000 0.000
   2( 2)  487.921                    0.000 1.000

  R CORE   ENERGY   A0R/A00=1.000    R3= 0     2  
   3( 1)  488.652                    0.000 1.000

  R CORE   ENERGY   A0R/A00=1.000    R3= 0     2     4  
   4( 1)    2.438                    1.000 0.000 0.000

  R CORE   ENERGY   A0R/A00=1.000    R3= 0     2     4  
   5( 1)  490.847                    0.000 1.000 0.000

  R CORE   ENERGY   A0R/A00=1.000    R3= 0     2     4     6  
   6( 1)    5.121                    1.000 0.000 0.000 0.000

  R CORE   ENERGY   A0R/A00=1.000    R3= 0     2     4     6  
   7( 1)  494.017                    0.000 1.000 0.000 0.000

          AXIAL SYMMETRY => K RESTRICTED TO OMEGA

                     K
     S.P. ORB#: 25  0.50
     S.P. ORB#: 26 -1.50
     S.P. ORB#: 27 -5.50
     S.P. ORB#: 28  2.50
     S.P. ORB#: 29 -3.50
     S.P. ORB#: 30  2.50
     S.P. ORB#: 31  0.50
     S.P. ORB#: 32  0.50
     S.P. ORB#: 33 -1.50
     S.P. ORB#: 34 -3.50
     S.P. ORB#: 35  0.50
     S.P. ORB#: 36 -3.50
     S.P. ORB#: 37 -1.50
     S.P. ORB#: 38  4.50
     S.P. ORB#: 39  4.50
 

             ENERGY    K= OMEGA
 
 I=  1/2- (1)  2.257  32: 0.999
 
 I=  1/2- (2)  4.246  31:-0.927
                      35: 0.374
 
 I=  1/2- (3)  5.932  25: 0.999
 
 I=  1/2- (4)  6.421  31:-0.374
                      35:-0.927
 
 I=  1/2- (5)147.261  33:-1.000

             ENERGY    K= OMEGA
 
 I=  3/2- (1)  2.289  32: 0.655
                      33:-0.756
 
 I=  3/2- (2)  2.506  25:-0.151
                      32:-0.746
                      33:-0.648
 
 I=  3/2- (3)  4.322  26:-0.084
                      31:-0.968
                      35:-0.123
                      37:-0.202
 
 I=  3/2- (4)  6.647  26: 0.112
                      31:-0.068
                      35: 0.947
                      37:-0.294
 
 I=  3/2- (5)  6.674  25: 0.988
                      32:-0.121
                      33:-0.090

             ENERGY    K= OMEGA
 
 I=  5/2- (1)  2.710  25: 0.204
                      28:-0.068
                      32:-0.522
                      33:-0.826
 
 I=  5/2- (2)  3.461  25: 0.057
                      28: 0.152
                      32:-0.833
                      33: 0.528
 
 I=  5/2- (3)  3.771  28:-0.986
                      32:-0.094
                      33: 0.138
 
 I=  5/2- (4)  4.561  26:-0.120
                      30: 0.100
                      31: 0.828
                      35:-0.478
                      37:-0.248
 
 I=  5/2- (5)  6.325  26: 0.484
                      30:-0.844
                      35:-0.225

             ENERGY    K= OMEGA
 
 I=  7/2- (1)  3.164  28: 0.237
                      29:-0.084
                      33:-0.062
                      36:-0.966
 
 I=  7/2- (2)  3.370  28: 0.185
                      29: 0.975
                      32: 0.064
                      33:-0.099
 
 I=  7/2- (3)  3.504  29: 0.116
                      32:-0.776
                      33: 0.614
                      36:-0.075
 
 I=  7/2- (4)  3.837  25:-0.269
                      28: 0.086
                      29:-0.052
                      32:-0.593
                      33:-0.750
                      36: 0.061
 
 I=  7/2- (5)  4.625  26:-0.278
                      30:-0.282
                      31:-0.829
                      34:-0.113
                      35:-0.251
                      37:-0.283

             ENERGY    K= OMEGA
 
 I=  9/2- (1)  3.605  28: 0.150
                      29:-0.473
                      36: 0.291
                      38: 0.817
 
 I=  9/2- (2)  4.167  25: 0.255
                      28:-0.226
                      29:-0.150
                      32:-0.432
                      33:-0.611
                      36:-0.522
                      38: 0.173
 
 I=  9/2- (3)  4.243  25: 0.199
                      28: 0.169
                      29: 0.237
                      32:-0.350
                      33:-0.451
                      36: 0.730
                      38:-0.129
 
 I=  9/2- (4)  4.722  28:-0.275
                      29: 0.799
                      32: 0.065
                      38: 0.527
 
 I=  9/2- (5)  5.172  26: 0.388
                      30:-0.551
                      31:-0.480
                      34: 0.418
                      35: 0.236
                      37: 0.203
                      39:-0.208

             ENERGY    K= OMEGA
 
 I= 11/2- (1)  3.644  27: 0.999
 
 I= 11/2- (2)  4.674  28:-0.193
                      29:-0.521
                      36: 0.329
                      38:-0.762
 
 I= 11/2- (3)  5.110  26: 0.409
                      30: 0.534
                      31: 0.487
                      34: 0.425
                      35: 0.179
                      37: 0.197
                      39: 0.242
 
 I= 11/2- (4)  5.484  28: 0.329
                      29:-0.296
                      32: 0.104
                      33:-0.172
                      36:-0.838
                      38:-0.250
 
 I= 11/2- (5)  5.688  25: 0.106
                      29: 0.079
                      32: 0.843
                      33:-0.489
                      36: 0.179

             ENERGY    K= OMEGA
 
 I= 13/2- (1)  5.225  27: 0.997
                      38:-0.072
 
 I= 13/2- (2)  5.775  26:-0.395
                      30: 0.585
                      31: 0.226
                      34:-0.554
                      35:-0.071
                      37:-0.118
                      39: 0.353
 
 I= 13/2- (3)  6.008  27:-0.078
                      28:-0.225
                      29: 0.539
                      33:-0.063
                      36:-0.350
                      38:-0.724
 
 I= 13/2- (4)  6.547  25: 0.403
                      28:-0.097
                      29:-0.067
                      32:-0.551
                      33:-0.710
                      36:-0.062
                      38: 0.111
 
 I= 13/2- (5)  7.023  25:-0.063
                      28:-0.340
                      29:-0.320
                      32: 0.100
                      33: 0.076
                      36:-0.835
                      38: 0.257

             ENERGY     K= 9/2
  35 LEVELS    TIME=  0.0 SEC



 ******************* EXCITATION ENERGIES, DOMINANT CONFIGURATION AND EXPECTATION VALUES (WITH S.P. UU+VV FACTORS) *******************

  NR  Eex(keV)  I   Kdom  NY    <Jz>  <Jx**2> <Jy**2> <Jz**2> <I.j>/|I|  <Rx**2> <Ry**2> <Rz**2> <R.j>/|R|  <HROTx> <HROTy> <HROTz>

   1    0.0   1/2-   1/2  32    0.50    5.23    5.23    0.25    0.14       5.61    5.61    0.00   -3.16      0.684   0.684   0.000
   2   31.4   3/2-  -3/2  33   -0.64    5.22    5.22    1.39    1.14       5.59    5.59   -0.00   -2.88      0.681   0.681  -0.000
   3  248.3   3/2-   1/2  32   -0.34    5.21    5.21    1.09    0.73       6.22    6.22    0.00   -2.86      0.759   0.759   0.000
   4  453.1   5/2-  -3/2  33   -0.85    5.37    5.37    1.64    1.30       6.71    6.71   -0.00   -2.33      0.818   0.818  -0.000
   5  907.0   7/2-  -7/2  36   -3.15    2.48    2.48   11.87    3.16       3.74    3.74    0.00   -1.56      0.457   0.457   0.000
  
   6 1113.1   7/2-  -7/2  29   -3.26    6.32    6.32   11.90    3.09       7.88    7.88   -0.00   -3.09      0.960   0.960  -0.000
   7 1203.5   5/2-   1/2  32   -0.01    5.26    5.26    0.95   -0.08      10.34   10.34   -0.00   -2.57      1.261   1.261  -0.000
   8 1247.1   7/2-   1/2  32   -0.33    5.21    5.21    1.24    0.80      10.54   10.54   -0.00   -1.85      1.285   1.285  -0.000
   9 1347.8   9/2-   9/2  38    1.98    3.40    3.40   17.44    3.98       4.70    4.70    0.00   -1.45      0.573   0.573   0.000
  10 1386.7  11/2- -11/2  27   -5.48    2.75    2.75   30.23    5.06       5.49    5.49    0.00   -1.65      0.669   0.669   0.000
  
  11 1513.7   5/2-   5/2  28    2.41    6.13    6.13    6.12    2.03       7.57    7.57    0.00   -3.18      0.923   0.923   0.000
  12 1579.6   7/2-  -3/2  33   -0.63    5.31    5.31    1.50    0.76      10.92   10.92    0.00   -1.95      1.331   1.331   0.000
  13 1909.9   9/2-  -3/2  33   -1.21    4.55    4.55    5.44    1.86      10.41   10.41   -0.00   -1.16      1.269   1.269  -0.000
  14 1985.5   9/2-  -7/2  36   -2.14    3.70    3.70    8.23    2.10       9.74    9.74    0.00   -1.18      1.188   1.188   0.000
  15 1988.9   1/2-   1/2  31    0.50   12.85   12.85    0.25    0.91      12.56   12.56   -0.00   -5.02      1.531   1.531  -0.000
  
  16 2065.0   3/2-   1/2  31    0.40   14.34   14.34    0.35    1.70      13.10   13.10    0.00   -5.03      1.597   1.597   0.000
  17 2303.2   5/2-   1/2  31    0.37   13.43   13.43    0.46    1.75      12.87   12.87    0.00   -4.37      1.569   1.569   0.000
  18 2367.8   7/2-   1/2  31    0.29   16.58   16.58    1.20    3.02      13.05   13.05   -0.00   -4.38      1.591   1.591  -0.000
  19 2416.7  11/2-   9/2  38    1.36    3.66    3.66   16.69    3.41       9.47    9.47    0.00   -0.83      1.154   1.154   0.000
  20 2464.7   9/2-  -7/2  29   -0.80    5.22    5.22   13.94    2.58      11.70   11.70   -0.00   -2.38      1.427   1.427  -0.000
  
  21 2853.0  11/2-   5/2  30    0.17   20.58   20.58    5.72    4.72      13.09   13.09    0.00   -3.65      1.595   1.595   0.000
  22 2914.7   9/2-   5/2  30    0.20   19.85   19.85    5.42    4.29      13.58   13.58   -0.00   -4.56      1.655   1.655  -0.000
  23 2967.9  13/2- -11/2  27   -5.44    2.75    2.75   30.17    4.33      11.97   11.97    0.00   -1.11      1.459   1.459   0.000
  24 3226.6  11/2-  -7/2  36   -2.25    3.02    3.02   11.67    2.19      13.66   13.66    0.00   -0.89      1.665   1.665   0.000
  25 3430.9  11/2-   1/2  32   -0.13    5.10    5.10    1.19    0.72      19.28   19.28    0.00   -1.14      2.351   2.351   0.000
  
  26 3517.6  13/2-   5/2  30    0.11   21.96   21.96    8.82    5.14      14.88   14.88    0.00   -3.09      1.814   1.814   0.000
  27 3675.1   1/2-   1/2  25    0.50    7.44    7.44    0.25    0.65       7.38    7.38    0.00   -3.79      0.899   0.899   0.000
  28 3751.2  13/2-   9/2  38    1.01    3.81    3.81   16.19    3.02      15.17   15.17    0.00   -0.49      1.849   1.849   0.000
  29 4067.5   5/2-   5/2  30    1.45   22.44   22.44    5.00    3.69      18.39   18.39   -0.00   -6.42      2.242   2.242  -0.000
  30 4164.1   1/2-   1/2  35    0.50   17.05   17.05    0.25   -0.72      18.17   18.17    0.00   -5.80      2.216   2.216   0.000
  
  31 4290.1  13/2-  -3/2  33   -0.47    5.66    5.66    1.66    1.45      20.73   20.73   -0.00   -0.44      2.528   2.528  -0.000
  32 4389.6   3/2-   1/2  35    0.30   15.97   15.97    0.45   -0.08      18.22   18.22    0.00   -5.39      2.221   2.221   0.000
  33 4417.2   3/2-   1/2  25    0.48    7.47    7.47    0.27   -0.63      10.70   10.70   -0.00   -3.55      1.304   1.304  -0.000
  34 4766.0  13/2-  -7/2  36   -2.21    3.04    3.04   11.86    1.93      19.86   19.86   -0.00   -0.71      2.422   2.422  -0.000
  35*******   1/2-  -3/2  33    0.00    0.00    0.00    0.00   -0.00       0.00    0.00    0.00   -0.00      0.000   0.000   0.000
  
