1SPECTRUM OF (Z= 82 A=207) IN PARTICLE-ROTOR  MODEL WITH MODIFIED OSCILLATOR POTENTIAL


 PARITY=-   EPS= 0.251   GAMMA=  0.0   EPS4=0.000   EPS6=0.000   LEVELS:  26  27  28  29  30  31  32  33  34  35  36  37  38  39  40

 PAIRING FACTORS: GN0= 19.20  GN1=  7.40  IPAIR= 15 ***  E2PLUS(INPUT)=   0.730  E2PLUR(INPUT)=   0.000

 CORIOLIS ATTENUATION PARAMETERS:  CHSI=1.000  ETA=  1.00

 MOMENT OF INERTIA PARAMETERS:   A1=  0.122 MEV   A2=  0.122 MEV   A3=121.91924 MEV


 DELTA=0.938 MEV  LAMBDA=53.4000 MEV   HW0= 7.4665 MEV   LAMBDA/HW0= 7.1520

 E2ENERGY=0.730 MEV  HBAR**2/B=11682./A**(7/3)=1974.7/A**2 MEV

 IREC=0  =>  RECOIL TERMS j+j-, j+j+, jzjz, ETC TREATED AS ONE-BODY OPERATORS WITH UU+VV PAIRING FACTORS



 S. P. LEVEL   EQP       U     V        (UU + VV)**1.00

     26       3.847    0.123 0.992      1.000 1.000 0.991 0.990 0.985 0.973 0.744 0.581 0.480 0.424 0.401 0.337 0.297 0.241 0.236
     27       3.300    0.144 0.990      1.000 1.000 0.994 0.992 0.988 0.978 0.758 0.598 0.498 0.443 0.420 0.356 0.317 0.261 0.257
     28       1.921    0.252 0.968      0.991 0.994 1.000 1.000 0.999 0.995 0.825 0.683 0.591 0.539 0.518 0.458 0.420 0.367 0.362
     29       1.838    0.265 0.964      0.990 0.992 1.000 1.000 1.000 0.996 0.833 0.693 0.602 0.550 0.529 0.469 0.431 0.378 0.374
     30       1.677    0.292 0.956      0.985 0.988 0.999 1.000 1.000 0.998 0.848 0.713 0.624 0.574 0.553 0.494 0.457 0.405 0.401
     31       1.438    0.348 0.938      0.973 0.978 0.995 0.996 0.998 1.000 0.878 0.753 0.669 0.621 0.601 0.544 0.508 0.458 0.454
     32       0.947    0.754 0.656      0.744 0.758 0.825 0.833 0.848 0.878 1.000 0.976 0.943 0.920 0.911 0.880 0.859 0.828 0.825
     33       1.118    0.879 0.477      0.581 0.598 0.683 0.693 0.713 0.753 0.976 1.000 0.993 0.983 0.979 0.962 0.949 0.930 0.928
     34       1.368    0.930 0.369      0.480 0.498 0.591 0.602 0.624 0.669 0.943 0.993 1.000 0.998 0.996 0.988 0.980 0.967 0.966
     35       1.594    0.951 0.309      0.424 0.443 0.539 0.550 0.574 0.621 0.920 0.983 0.998 1.000 1.000 0.996 0.991 0.981 0.980
     36       1.712    0.958 0.286      0.401 0.420 0.518 0.529 0.553 0.601 0.911 0.979 0.996 1.000 1.000 0.998 0.994 0.986 0.985
     37       2.199    0.976 0.219      0.337 0.356 0.458 0.469 0.494 0.544 0.880 0.962 0.988 0.996 0.998 1.000 0.999 0.995 0.995
     38       2.689    0.984 0.177      0.297 0.317 0.420 0.431 0.457 0.508 0.859 0.949 0.980 0.991 0.994 0.999 1.000 0.998 0.998
     39       3.934    0.993 0.120      0.241 0.261 0.367 0.378 0.405 0.458 0.828 0.930 0.967 0.981 0.986 0.995 0.998 1.000 1.000
     40       4.093    0.993 0.115      0.236 0.257 0.362 0.374 0.401 0.454 0.825 0.928 0.966 0.980 0.985 0.995 0.998 1.000 1.000

  R CORE   ENERGY   A0R/A00=1.000    R3= 0     2  
   2( 1)    0.732                    1.000 0.000
   2( 2)  487.921                    0.000 1.000

  R CORE   ENERGY   A0R/A00=1.000    R3= 0     2  
   3( 1)  488.652                    0.000 1.000

  R CORE   ENERGY   A0R/A00=1.000    R3= 0     2     4  
   4( 1)    2.438                    1.000 0.000 0.000

  R CORE   ENERGY   A0R/A00=1.000    R3= 0     2     4  
   5( 1)  490.847                    0.000 1.000 0.000

  R CORE   ENERGY   A0R/A00=1.000    R3= 0     2     4     6  
   6( 1)    5.121                    1.000 0.000 0.000 0.000

  R CORE   ENERGY   A0R/A00=1.000    R3= 0     2     4     6  
   7( 1)  494.017                    0.000 1.000 0.000 0.000

          AXIAL SYMMETRY => K RESTRICTED TO OMEGA

                     K
     S.P. ORB#: 26  2.50
     S.P. ORB#: 27 -3.50
     S.P. ORB#: 28 -3.50
     S.P. ORB#: 29  0.50
     S.P. ORB#: 30 -1.50
     S.P. ORB#: 31  4.50
     S.P. ORB#: 32  0.50
     S.P. ORB#: 33 -1.50
     S.P. ORB#: 34 -1.50
     S.P. ORB#: 35  2.50
     S.P. ORB#: 36  2.50
     S.P. ORB#: 37  0.50
     S.P. ORB#: 38 -3.50
     S.P. ORB#: 39  4.50
     S.P. ORB#: 40  0.50
 

             ENERGY    K= OMEGA
 
 I=  1/2- (1)  2.501  29:-0.070
                      37:-0.998
 
 I=  1/2- (2)  2.975  29: 0.998
                      37:-0.070
 
 I=  1/2- (3)  6.605  32:-0.686
                      40: 0.727
 
 I=  1/2- (4)  9.933  32:-0.727
                      40:-0.686
 
 I=  1/2- (5)147.421  33: 1.000

             ENERGY    K= OMEGA
 
 I=  3/2- (1)  1.890  29:-0.193
                      30:-0.095
                      34:-0.974
                      37: 0.072
 
 I=  3/2- (2)  2.820  29: 0.302
                      30:-0.931
                      37: 0.201
 
 I=  3/2- (3)  3.026  29: 0.559
                      34:-0.170
                      37:-0.812
 
 I=  3/2- (4)  3.617  29: 0.748
                      30: 0.353
                      34:-0.142
                      37: 0.544
 
 I=  3/2- (5)  4.786  32: 0.826
                      33: 0.357
                      40:-0.435

             ENERGY    K= OMEGA
 
 I=  5/2- (1)  2.080  29: 0.158
                      30: 0.204
                      34:-0.492
                      35:-0.830
                      37: 0.052
 
 I=  5/2- (2)  2.545  29: 0.198
                      30:-0.235
                      34:-0.825
                      35: 0.465
                      37:-0.084
 
 I=  5/2- (3)  3.022  29: 0.334
                      30: 0.462
                      35: 0.229
                      37: 0.789
 
 I=  5/2- (4)  3.690  29:-0.295
                      30:-0.721
                      35:-0.179
                      37: 0.599
 
 I=  5/2- (5)  4.296  29:-0.859
                      30: 0.411
                      34:-0.272
                      35: 0.105
                      37: 0.091

             ENERGY    K= OMEGA
 
 I=  7/2- (1)  2.662  26:-0.212
                      27: 0.082
                      28: 0.933
                      30: 0.093
                      34:-0.078
                      35: 0.247
 
 I=  7/2- (2)  2.706  26: 0.085
                      28:-0.253
                      29:-0.226
                      30: 0.245
                      34:-0.547
                      35: 0.719
 
 I=  7/2- (3)  3.211  32:-0.749
                      33:-0.558
                      36:-0.323
                      38:-0.126
                      40: 0.085
 
 I=  7/2- (4)  3.350  28:-0.101
                      29: 0.289
                      30: 0.305
                      34: 0.720
                      35: 0.508
                      37:-0.188
 
 I=  7/2- (5)  4.268  27:-0.062
                      29:-0.502
                      30: 0.776
                      34: 0.087
                      35:-0.347
                      37:-0.115

             ENERGY    K= OMEGA
 
 I=  9/2- (1)  2.226  26:-0.067
                      27: 0.240
                      28:-0.177
                      31:-0.952
 
 I=  9/2- (2)  3.535  26:-0.117
                      27:-0.083
                      28:-0.433
                      29:-0.233
                      30:-0.322
                      34: 0.423
                      35: 0.659
                      37:-0.137
 
 I=  9/2- (3)  3.569  26:-0.288
                      27:-0.071
                      28:-0.815
                      29: 0.146
                      30: 0.125
                      31: 0.166
                      34:-0.323
                      35:-0.274
                      37: 0.060
 
 I=  9/2- (4)  4.306  32: 0.223
                      33:-0.557
                      36: 0.623
                      38:-0.455
                      39: 0.211
 
 I=  9/2- (5)  4.459  28:-0.125
                      29:-0.147
                      30: 0.412
                      34: 0.745
                      35:-0.335
                      37: 0.354

             ENERGY    K= OMEGA
 
 I= 11/2- (1)  2.225  32:-0.674
                      33:-0.567
                      36:-0.401
                      38:-0.231
                      39:-0.097
 
 I= 11/2- (2)  3.218  26: 0.113
                      27: 0.321
                      28:-0.245
                      31: 0.907
 
 I= 11/2- (3)  4.654  26: 0.058
                      27:-0.067
                      28:-0.235
                      29: 0.294
                      30:-0.340
                      34: 0.518
                      35:-0.683
 
 I= 11/2- (4)  4.690  26:-0.357
                      27: 0.119
                      28: 0.849
                      29: 0.108
                      31: 0.243
                      34: 0.239
                      35:-0.090
 
 I= 11/2- (5)  5.678  28: 0.150
                      29:-0.348
                      30:-0.383
                      34:-0.627
                      35:-0.493
                      37: 0.267

             ENERGY    K= OMEGA
 
 I= 13/2- (1)  4.002  32: 0.191
                      33:-0.501
                      36: 0.610
                      38:-0.510
                      39: 0.281
 
 I= 13/2- (2)  4.430  26: 0.152
                      27:-0.370
                      28: 0.291
                      31: 0.867
 
 I= 13/2- (3)  5.930  28:-0.145
                      29:-0.331
                      30:-0.414
                      34: 0.482
                      35: 0.642
                      37:-0.222
 
 I= 13/2- (4)  6.054  26: 0.395
                      27: 0.155
                      28: 0.833
                      29:-0.078
                      31:-0.292
                      34: 0.186
 
 I= 13/2- (5)  7.202  28: 0.116
                      30:-0.407
                      34:-0.582
                      35:-0.058
                      37:-0.690

             ENERGY     K= 1/2
  35 LEVELS    TIME=  0.0 SEC



 ******************* EXCITATION ENERGIES, DOMINANT CONFIGURATION AND EXPECTATION VALUES (WITH S.P. UU+VV FACTORS) *******************

  NR  Eex(keV)  I   Kdom  NY    <Jz>  <Jx**2> <Jy**2> <Jz**2> <I.j>/|I|  <Rx**2> <Ry**2> <Rz**2> <R.j>/|R|  <HROTx> <HROTy> <HROTz>

   1    0.0   3/2-  -3/2  34   -1.42    1.70    1.70    2.17    1.35       2.04    2.04   -0.00   -1.46      0.249   0.249  -0.000
   2  189.8   5/2-   5/2  35    1.31    1.96    1.96    4.95    2.24       2.17    2.17    0.00   -1.07      0.265   0.265   0.000
   3  335.1  11/2-   1/2  32    0.00   26.55   26.55    2.68    6.98       4.01    4.01   -0.00   -4.95      0.489   0.489  -0.000
   4  335.5   9/2-   9/2  31    3.78    2.61    2.61   19.46    4.43       2.69    2.69   -0.00   -1.14      0.328   0.328  -0.001
   5  610.6   1/2-   1/2  37    0.50    1.48    1.48    0.25    0.85       1.25    1.25    0.00   -1.57      0.152   0.152   0.000
  
   6  654.6   5/2-  -3/2  34   -0.54    1.72    1.72    3.03    1.07       4.44    4.44    0.00   -1.11      0.541   0.541   0.000
   7  771.9   7/2-  -7/2  28   -2.83    2.27    2.27   11.44    3.31       2.75    2.75   -0.00   -1.22      0.335   0.335  -0.000
   8  815.5   7/2-   5/2  35    0.57    2.19    2.19    4.89    1.99       4.61    4.61    0.00   -0.45      0.562   0.562   0.000
   9  929.5   3/2-  -3/2  30   -1.24    4.26    4.26    1.99    1.34       4.54    4.54    0.00   -2.63      0.554   0.554   0.000
  10 1085.2   1/2-   1/2  29    0.50    4.30    4.30    0.25    0.16       4.66    4.66   -0.00   -2.85      0.568   0.568  -0.000
  
  11 1131.9   5/2-   1/2  37    0.18    2.51    2.51    0.99    1.10       4.13    4.13    0.00   -0.96      0.503   0.503   0.000
  12 1135.6   3/2-   1/2  37    0.44    2.13    2.13    0.31    0.11       3.95    3.95    0.00   -1.55      0.482   0.482   0.000
  13 1321.1   7/2-   1/2  32    0.02   25.67   25.67    1.69    6.51       8.53    8.53    0.00   -6.58      1.040   1.040   0.000
  14 1327.2  11/2-   9/2  31    3.17    2.88    2.88   18.74    3.99       6.27    6.27   -0.00   -0.18      0.765   0.765  -0.001
  15 1460.1   7/2-  -3/2  34   -0.25    1.89    1.89    3.15    0.98       7.46    7.46    0.00   -0.79      0.909   0.909   0.000
  
  16 1644.9   9/2-   5/2  35    0.06    2.35    2.35    5.88    2.03       7.56    7.56   -0.00   -0.12      0.922   0.922  -0.000
  17 1678.5   9/2-  -7/2  28   -1.99    2.49    2.49   10.03    2.69       6.49    6.49   -0.00   -0.45      0.791   0.791  -0.000
  18 1726.6   3/2-   1/2  29    0.21    3.67    3.67    0.54   -0.60       6.98    6.98    0.00   -2.42      0.851   0.851   0.000
  19 1799.7   5/2-  -3/2  30   -0.48    3.09    3.09    1.49    0.26       7.44    7.44    0.00   -1.79      0.907   0.907   0.000
  20 2112.2  13/2-   5/2  36    0.01   25.41   25.41    7.69    6.48       8.36    8.36    0.00   -3.24      1.019   1.019   0.000
  
  21 2378.0   7/2-  -3/2  30   -0.49    3.91    3.91    2.24    0.62      10.44   10.44    0.00   -1.66      1.273   1.273   0.000
  22 2406.0   5/2-   1/2  29    0.04    4.17    4.17    0.80   -0.47      10.33   10.33    0.00   -2.32      1.260   1.260   0.000
  23 2415.5   9/2-   5/2  36    0.00   25.72   25.72    6.57    6.24      10.31   10.31   -0.00   -5.93      1.258   1.258  -0.000
  24 2539.2  13/2-   9/2  31    2.67    3.11    3.11   18.10    3.68      10.83   10.83   -0.00    0.30      1.320   1.320  -0.000
  25 2568.7   9/2-  -3/2  34   -0.78    1.82    1.82    2.57    0.73      11.85   11.85    0.00   -0.53      1.444   1.444   0.000
  
  26 2763.3  11/2-   5/2  35    0.43    2.41    2.41    4.55    1.68      12.53   12.53    0.00    0.13      1.528   1.528   0.000
  27 2799.3  11/2-  -7/2  28   -2.05    2.58    2.58   11.18    2.59      10.53   10.53   -0.00   -0.18      1.283   1.283  -0.000
  28 2895.7   3/2-   1/2  32    0.24   19.76   19.76    0.51    4.48      13.21   13.21   -0.00   -6.10      1.610   1.610  -0.000
  29 3787.6  11/2-  -3/2  34   -0.18    2.09    2.09    3.10    0.80      16.73   16.73   -0.00   -0.43      2.040   2.040  -0.000
  30 4039.7  13/2-   5/2  35    0.43    2.66    2.66    3.83    1.62      17.65   17.65    0.00    0.36      2.152   2.152   0.000
  
  31 4163.6  13/2-  -7/2  28   -1.79    2.66    2.66   11.57    2.43      15.83   15.83   -0.00    0.02      1.930   1.930  -0.000
  32 4714.3   1/2-   1/2  40    0.50   13.81   13.81    0.25   -2.39      16.38   16.38   -0.00   -5.23      1.997   1.997  -0.000
  33 5311.5  13/2-   1/2  37   -0.56    1.78    1.78    1.45    0.69      22.04   22.04   -0.00   -0.03      2.688   2.688  -0.000
  34 8042.7   1/2-   1/2  32    0.50   27.04   27.04    0.25   -3.74      30.78   30.78   -0.00   -7.34      3.752   3.752  -0.000
  35*******   1/2-  -3/2  33    0.00    0.00    0.00    0.00   -0.00       0.00    0.00   -0.00   -0.00      0.000   0.000  -0.000
  
