1SPECTRUM OF (Z= 82 A=207) IN PARTICLE-ROTOR  MODEL WITH MODIFIED OSCILLATOR POTENTIAL


 PARITY=-   EPS= 0.254   GAMMA=  0.0   EPS4=0.000   EPS6=0.000   LEVELS:  24  25  26  27  28  29  30  31  32  33  34  35  36  37  38

 PAIRING FACTORS: GN0= 19.20  GN1=  7.40  IPAIR= 15 ***  E2PLUS(INPUT)=   0.730  E2PLUR(INPUT)=   0.000

 CORIOLIS ATTENUATION PARAMETERS:  CHSI=1.000  ETA=  1.00

 MOMENT OF INERTIA PARAMETERS:   A1=  0.122 MEV   A2=  0.122 MEV   A3=121.91924 MEV


 DELTA=0.938 MEV  LAMBDA=53.3893 MEV   HW0= 7.4679 MEV   LAMBDA/HW0= 7.1492

 E2ENERGY=0.730 MEV  HBAR**2/B=11962./A**(7/3)=2022.2/A**2 MEV

 IREC=0  =>  RECOIL TERMS j+j-, j+j+, jzjz, ETC TREATED AS ONE-BODY OPERATORS WITH UU+VV PAIRING FACTORS



 S. P. LEVEL   EQP       U     V        (UU + VV)**1.00

     24       5.133    0.092 0.996      1.000 1.000 0.999 0.999 0.986 0.984 0.978 0.962 0.740 0.568 0.441 0.386 0.376 0.302 0.267
     25       4.130    0.114 0.993      1.000 1.000 1.000 1.000 0.989 0.988 0.983 0.968 0.755 0.586 0.461 0.407 0.397 0.324 0.289
     26       3.816    0.124 0.992      0.999 1.000 1.000 1.000 0.990 0.989 0.984 0.970 0.761 0.594 0.469 0.416 0.406 0.333 0.298
     27       3.269    0.145 0.989      0.999 1.000 1.000 1.000 0.993 0.992 0.988 0.975 0.775 0.611 0.488 0.435 0.425 0.353 0.319
     28       1.873    0.259 0.966      0.986 0.989 0.990 0.993 1.000 1.000 0.999 0.994 0.843 0.699 0.587 0.537 0.528 0.460 0.427
     29       1.814    0.269 0.963      0.984 0.988 0.989 0.992 1.000 1.000 1.000 0.995 0.848 0.706 0.594 0.545 0.536 0.468 0.435
     30       1.654    0.297 0.955      0.978 0.983 0.984 0.988 0.999 1.000 1.000 0.998 0.864 0.727 0.618 0.570 0.561 0.494 0.462
     31       1.396    0.360 0.933      0.962 0.968 0.970 0.975 0.994 0.995 0.998 1.000 0.895 0.771 0.669 0.624 0.615 0.551 0.520
     32       0.942    0.738 0.675      0.740 0.755 0.761 0.775 0.843 0.848 0.864 0.895 1.000 0.974 0.930 0.906 0.902 0.865 0.846
     33       1.099    0.872 0.490      0.568 0.586 0.594 0.611 0.699 0.706 0.727 0.771 0.974 1.000 0.989 0.979 0.976 0.956 0.945
     34       1.409    0.934 0.356      0.441 0.461 0.469 0.488 0.587 0.594 0.618 0.669 0.930 0.989 1.000 0.998 0.997 0.989 0.983
     35       1.640    0.954 0.300      0.386 0.407 0.416 0.435 0.537 0.545 0.570 0.624 0.906 0.979 0.998 1.000 1.000 0.996 0.992
     36       1.694    0.957 0.289      0.376 0.397 0.406 0.425 0.528 0.536 0.561 0.615 0.902 0.976 0.997 1.000 1.000 0.997 0.993
     37       2.249    0.977 0.214      0.302 0.324 0.333 0.353 0.460 0.468 0.494 0.551 0.865 0.956 0.989 0.996 0.997 1.000 0.999
     38       2.684    0.984 0.178      0.267 0.289 0.298 0.319 0.427 0.435 0.462 0.520 0.846 0.945 0.983 0.992 0.993 0.999 1.000

  R CORE   ENERGY   A0R/A00=1.000    R3= 0     2  
   2( 1)    0.732                    1.000 0.000
   2( 2)  487.921                    0.000 1.000

  R CORE   ENERGY   A0R/A00=1.000    R3= 0     2  
   3( 1)  488.652                    0.000 1.000

  R CORE   ENERGY   A0R/A00=1.000    R3= 0     2     4  
   4( 1)    2.438                    1.000 0.000 0.000

  R CORE   ENERGY   A0R/A00=1.000    R3= 0     2     4  
   5( 1)  490.847                    0.000 1.000 0.000

  R CORE   ENERGY   A0R/A00=1.000    R3= 0     2     4     6  
   6( 1)    5.121                    1.000 0.000 0.000 0.000

  R CORE   ENERGY   A0R/A00=1.000    R3= 0     2     4     6  
   7( 1)  494.017                    0.000 1.000 0.000 0.000

          AXIAL SYMMETRY => K RESTRICTED TO OMEGA

                     K
     S.P. ORB#: 24  2.50
     S.P. ORB#: 25  0.50
     S.P. ORB#: 26  2.50
     S.P. ORB#: 27 -3.50
     S.P. ORB#: 28 -3.50
     S.P. ORB#: 29  0.50
     S.P. ORB#: 30 -1.50
     S.P. ORB#: 31  4.50
     S.P. ORB#: 32  0.50
     S.P. ORB#: 33 -1.50
     S.P. ORB#: 34 -1.50
     S.P. ORB#: 35  2.50
     S.P. ORB#: 36  2.50
     S.P. ORB#: 37  0.50
     S.P. ORB#: 38 -3.50
 

             ENERGY    K= OMEGA
 
 I=  1/2- (1)  2.544  25:-0.054
                      29:-0.070
                      37:-0.996
 
 I=  1/2- (2)  2.952  29: 0.997
                      37:-0.068
 
 I=  1/2- (3)  5.515  25: 0.998
                      37:-0.056
 
 I=  1/2- (4)  8.331  32:-1.000
 
 I=  1/2- (5)147.402  33: 1.000

             ENERGY    K= OMEGA
 
 I=  3/2- (1)  1.919  25: 0.058
                      29: 0.227
                      30: 0.122
                      34: 0.962
                      37:-0.073
 
 I=  3/2- (2)  2.779  25:-0.106
                      29: 0.152
                      30:-0.954
                      34: 0.107
                      37: 0.209

             ENERGY    K= OMEGA
 
 I=  5/2- (1)  2.096  25: 0.089
                      29:-0.202
                      30:-0.270
                      34: 0.474
                      35: 0.806
                      37:-0.061
 
 I=  5/2- (2)  2.581  29:-0.176
                      30: 0.281
                      34: 0.832
                      35:-0.429
                      37: 0.100
 
 I=  5/2- (3)  2.896  24: 0.064
                      25:-0.226
                      29: 0.432
                      30: 0.605
                      35: 0.369
                      37: 0.506
 
 I=  5/2- (4)  3.450  25: 0.230
                      29:-0.175
                      30:-0.420
                      35:-0.118
                      37: 0.849
 
 I=  5/2- (5)  4.249  24: 0.063
                      25: 0.079
                      29:-0.812
                      30: 0.486
                      34:-0.279
                      35: 0.119
                      37: 0.056

             ENERGY    K= OMEGA
 
 I=  7/2- (1)  2.607  26:-0.224
                      27: 0.097
                      28: 0.956
                      30: 0.080
                      35: 0.128
 
 I=  7/2- (2)  2.743  28:-0.103
                      29:-0.240
                      30: 0.266
                      34:-0.551
                      35: 0.744
 
 I=  7/2- (3)  3.186  25:-0.231
                      28: 0.122
                      29:-0.398
                      30:-0.435
                      34:-0.610
                      35:-0.413
                      37: 0.194
 
 I=  7/2- (4)  3.229  32:-0.740
                      33:-0.570
                      36:-0.332
                      38:-0.130
 
 I=  7/2- (5)  4.152  24:-0.161
                      25: 0.123
                      27: 0.122
                      29:-0.308
                      30: 0.761
                      34:-0.136
                      35:-0.478
                      37:-0.147

             ENERGY    K= OMEGA
 
 I=  9/2- (1)  2.162  24: 0.064
                      26:-0.061
                      27: 0.264
                      28:-0.163
                      31:-0.946
 
 I=  9/2- (2)  3.292  24: 0.079
                      25:-0.268
                      26: 0.053
                      27: 0.082
                      28: 0.204
                      29: 0.373
                      30: 0.516
                      34:-0.360
                      35:-0.552
                      37: 0.172
 
 I=  9/2- (3)  3.500  24:-0.058
                      25:-0.051
                      26:-0.305
                      27:-0.118
                      28:-0.898
                      29: 0.107
                      30: 0.061
                      31: 0.146
                      34:-0.190
                      35:-0.091
 
 I=  9/2- (4)  4.325  24:-0.092
                      25: 0.230
                      28: 0.112
                      29:-0.127
                      30:-0.474
                      34:-0.660
                      35:-0.309
                      37:-0.390
 
 I=  9/2- (5)  4.502  32:-0.249
                      33: 0.609
                      36:-0.643
                      38: 0.392

             ENERGY    K= OMEGA
 
 I= 11/2- (1)  2.296  32:-0.697
                      33:-0.574
                      36:-0.387
                      38:-0.187
 
 I= 11/2- (2)  3.104  24: 0.110
                      26:-0.098
                      27:-0.366
                      28: 0.212
                      31:-0.892
 
 I= 11/2- (3)  4.549  24:-0.132
                      25: 0.084
                      26:-0.322
                      27: 0.184
                      28: 0.809
                      30: 0.274
                      31: 0.107
                      35: 0.307
 
 I= 11/2- (4)  4.691  26:-0.147
                      28: 0.267
                      29: 0.328
                      30:-0.297
                      31: 0.139
                      34: 0.567
                      35:-0.607
 
 I= 11/2- (5)  5.119  24: 0.076
                      25:-0.341
                      26:-0.072
                      28: 0.281
                      29:-0.468
                      30:-0.489
                      31: 0.117
                      34:-0.438
                      35:-0.279
                      37: 0.226

             ENERGY    K= OMEGA
 
 I= 13/2- (1)  4.237  24: 0.157
                      26:-0.125
                      27: 0.435
                      28:-0.232
                      30: 0.090
                      31:-0.835
                      35:-0.070
 
 I= 13/2- (2)  4.577  32:-0.235
                      33: 0.590
                      36:-0.651
                      38: 0.416
 
 I= 13/2- (3)  5.229  24:-0.099
                      25: 0.376
                      26:-0.061
                      28:-0.158
                      29:-0.437
                      30:-0.571
                      31:-0.139
                      34: 0.281
                      35: 0.403
                      37:-0.204
 
 I= 13/2- (4)  5.927  24:-0.119
                      25:-0.051
                      26:-0.392
                      27:-0.193
                      28:-0.839
                      29: 0.113
                      31: 0.191
                      34:-0.195
 
 I= 13/2- (5)  6.955  24: 0.077
                      25:-0.228
                      28:-0.131
                      29: 0.107
                      30: 0.321
                      34: 0.639
                      35: 0.508
                      37: 0.378

             ENERGY     K=-7/2
  32 LEVELS    TIME=  0.0 SEC



 ******************* EXCITATION ENERGIES, DOMINANT CONFIGURATION AND EXPECTATION VALUES (WITH S.P. UU+VV FACTORS) *******************

  NR  Eex(keV)  I   Kdom  NY    <Jz>  <Jx**2> <Jy**2> <Jz**2> <I.j>/|I|  <Rx**2> <Ry**2> <Rz**2> <R.j>/|R|  <HROTx> <HROTy> <HROTz>

   1    0.0   3/2-  -3/2  34   -1.38    1.73    1.73    2.13    1.41       1.93    1.93    0.00   -1.45      0.236   0.236   0.000
   2  177.2   5/2-   5/2  35    1.21    2.18    2.18    4.75    2.36       1.96    1.96   -0.00   -1.08      0.239   0.239  -0.000
   3  243.2   9/2-   9/2  31    3.71    2.69    2.69   19.34    4.48       2.45    2.45    0.00   -1.10      0.299   0.299   0.000
   4  377.0  11/2-   1/2  32   -0.00   26.41   26.41    2.23    6.82       4.63    4.63    0.00   -4.69      0.564   0.564   0.000
   5  625.1   1/2-   1/2  37    0.50    1.42    1.42    0.25    0.84       1.20    1.20   -0.00   -1.53      0.146   0.146  -0.000
  
   6  662.8   5/2-  -3/2  34   -0.67    1.74    1.74    2.91    1.06       4.44    4.44    0.00   -1.09      0.541   0.541   0.000
   7  688.5   7/2-  -7/2  28   -3.07    2.28    2.28   11.76    3.40       2.55    2.55    0.00   -1.25      0.311   0.311   0.000
   8  824.9   7/2-   5/2  35    0.81    2.21    2.21    4.48    1.92       4.72    4.72   -0.00   -0.42      0.576   0.576  -0.000
   9  860.6   3/2-  -3/2  30   -1.34    4.36    4.36    2.09    1.49       4.39    4.39   -0.00   -2.67      0.535   0.535  -0.000
  10  977.0   5/2-  -3/2  30    0.05    3.72    3.72    1.83    1.77       3.77    3.77   -0.00   -1.47      0.460   0.460  -0.000
  
  11 1033.1   1/2-   1/2  29    0.50    4.39    4.39    0.25    0.28       4.64    4.64    0.00   -2.88      0.566   0.566   0.000
  12 1185.9  11/2-   9/2  31    3.01    3.10    3.10   18.45    4.11       5.60    5.60   -0.00   -0.02      0.683   0.683  -0.000
  13 1267.1   7/2-  -3/2  34   -0.34    2.48    2.48    2.61    1.46       5.87    5.87   -0.00   -0.52      0.716   0.716  -0.000
  14 1310.5   7/2-   1/2  32    0.00   26.46   26.46    1.76    6.68       8.71    8.71    0.00   -6.75      1.062   1.062   0.000
  15 1373.9   9/2-   5/2  35    0.15    3.61    3.61    3.52    2.41       5.78    5.78   -0.00    0.36      0.705   0.705  -0.000
  
  16 1531.8   5/2-   1/2  37    0.17    2.00    2.00    0.71    0.58       5.02    5.02   -0.00   -0.95      0.612   0.612  -0.000
  17 1581.4   9/2-  -7/2  28   -2.56    2.44    2.44   11.22    2.92       5.91    5.91    0.00   -0.46      0.720   0.720   0.000
  18 2233.4   7/2-  -3/2  30   -0.25    3.88    3.88    3.16    0.96       9.54    9.54   -0.00   -1.63      1.163   1.163  -0.000
  19 2318.9  13/2-   9/2  31    2.39    3.52    3.52   17.41    3.88       9.52    9.52    0.00    0.60      1.161   1.161   0.000
  20 2330.2   5/2-   1/2  29   -0.09    4.33    4.33    0.99   -0.33      10.16   10.16   -0.00   -2.35      1.239   1.239  -0.000
  
  21 2406.8   9/2-  -3/2  34   -0.66    2.41    2.41    2.37    1.13      10.34   10.34    0.00   -0.34      1.261   1.261   0.000
  22 2583.9   9/2-   5/2  36   -0.03   26.03   26.03    5.32    5.85      11.99   11.99    0.00   -5.78      1.462   1.462   0.000
  23 2630.2  11/2-  -7/2  28   -1.93    2.62    2.62   10.19    2.63       9.83    9.83    0.00    0.07      1.199   1.199   0.000
  24 2658.6  13/2-   5/2  36   -0.04   25.98   25.98    5.56    5.87      12.14   12.14    0.00   -3.35      1.480   1.480   0.000
  25 2772.8  11/2-   5/2  35    0.25    2.54    2.54    4.65    1.72      12.48   12.48    0.00    0.11      1.522   1.522   0.000
  
  26 3200.1  11/2-  -3/2  30   -0.45    3.10    3.10    2.87    1.61      12.77   12.77    0.00    0.11      1.557   1.557   0.000
  27 3310.5  13/2-  -3/2  30    0.01    4.36    4.36    2.81    2.47      12.91   12.91    0.00    1.12      1.573   1.573   0.000
  28 3596.4   1/2-   1/2  25    0.50    5.82    5.82    0.25    0.69       5.72    5.72    0.00   -3.34      0.697   0.697   0.000
  29 4008.3  13/2-  -7/2  28   -2.06    2.61    2.61   10.96    2.48      15.12   15.12    0.00    0.21      1.844   1.844   0.000
  30 5036.8  13/2-  -3/2  34   -0.06    2.13    2.13    3.08    0.98      21.18   21.18    0.00   -0.07      2.582   2.582   0.000
  
  31 6412.0   1/2-   1/2  32    0.50   26.46   26.46    0.25   -3.86      30.30   30.30    0.00   -7.26      3.694   3.694   0.000
  32*******   1/2-  -3/2  33    0.00    0.00    0.00    0.00   -0.00       0.00    0.00    0.00   -0.00      0.000   0.000   0.000
