1SPECTRUM OF (Z= 82 A=207) IN PARTICLE-ROTOR  MODEL WITH MODIFIED OSCILLATOR POTENTIAL


 PARITY=-   EPS= 0.360   GAMMA=  0.0   EPS4=0.000   EPS6=0.000   LEVELS:  26  27  28  29  30  31  32  33  34  35  36  37  38  39  40

 PAIRING FACTORS: GN0= 19.20  GN1=  7.40  IPAIR= 15 ***  E2PLUS(INPUT)=   0.730  E2PLUR(INPUT)=   0.000

 CORIOLIS ATTENUATION PARAMETERS:  CHSI=1.000  ETA=  1.00

 MOMENT OF INERTIA PARAMETERS:   A1=  0.122 MEV   A2=  0.122 MEV   A3=121.91924 MEV


 DELTA=0.886 MEV  LAMBDA=53.4037 MEV   HW0= 7.5299 MEV   LAMBDA/HW0= 7.0923

 E2ENERGY=0.730 MEV  HBAR**2/B=24030./A**(7/3)=4062.3/A**2 MEV

 IREC=0  =>  RECOIL TERMS j+j-, j+j+, jzjz, ETC TREATED AS ONE-BODY OPERATORS WITH UU+VV PAIRING FACTORS



 S. P. LEVEL   EQP       U     V        (UU + VV)**1.00

     26       2.999    0.149 0.989      1.000 0.999 0.999 0.986 0.964 0.944 0.777 0.726 0.572 0.370 0.353 0.302 0.288 0.264 0.260
     27       2.439    0.185 0.983      0.999 1.000 1.000 0.991 0.973 0.955 0.799 0.751 0.602 0.403 0.387 0.336 0.323 0.299 0.295
     28       2.313    0.195 0.981      0.999 1.000 1.000 0.993 0.976 0.958 0.806 0.758 0.610 0.413 0.397 0.346 0.333 0.309 0.305
     29       1.488    0.313 0.950      0.986 0.991 0.993 1.000 0.995 0.986 0.872 0.832 0.702 0.521 0.506 0.458 0.445 0.422 0.419
     30       1.193    0.406 0.914      0.964 0.973 0.976 0.995 1.000 0.998 0.916 0.883 0.769 0.603 0.589 0.544 0.532 0.510 0.507
     31       1.071    0.468 0.884      0.944 0.955 0.958 0.986 0.998 1.000 0.941 0.913 0.811 0.656 0.643 0.600 0.589 0.568 0.565
     32       0.889    0.738 0.674      0.777 0.799 0.806 0.872 0.916 0.941 1.000 0.997 0.961 0.872 0.863 0.835 0.827 0.812 0.810
     33       0.913    0.788 0.616      0.726 0.751 0.758 0.832 0.883 0.913 0.997 1.000 0.979 0.907 0.900 0.875 0.868 0.855 0.853
     34       1.114    0.896 0.444      0.572 0.602 0.610 0.702 0.769 0.811 0.961 0.979 1.000 0.974 0.969 0.955 0.950 0.942 0.941
     35       2.001    0.974 0.227      0.370 0.403 0.413 0.521 0.603 0.656 0.872 0.907 0.974 1.000 1.000 0.997 0.996 0.994 0.993
     36       2.160    0.978 0.210      0.353 0.387 0.397 0.506 0.589 0.643 0.863 0.900 0.969 1.000 1.000 0.999 0.998 0.996 0.995
     37       2.863    0.988 0.157      0.302 0.336 0.346 0.458 0.544 0.600 0.835 0.875 0.955 0.997 0.999 1.000 1.000 0.999 0.999
     38       3.147    0.990 0.142      0.288 0.323 0.333 0.445 0.532 0.589 0.827 0.868 0.950 0.996 0.998 1.000 1.000 1.000 1.000
     39       3.809    0.993 0.117      0.264 0.299 0.309 0.422 0.510 0.568 0.812 0.855 0.942 0.994 0.996 0.999 1.000 1.000 1.000
     40       3.948    0.994 0.113      0.260 0.295 0.305 0.419 0.507 0.565 0.810 0.853 0.941 0.993 0.995 0.999 1.000 1.000 1.000

  R CORE   ENERGY   A0R/A00=1.000    R3= 0     2  
   2( 1)    0.732                    1.000 0.000
   2( 2)  487.921                    0.000 1.000

  R CORE   ENERGY   A0R/A00=1.000    R3= 0     2  
   3( 1)  488.652                    0.000 1.000

  R CORE   ENERGY   A0R/A00=1.000    R3= 0     2     4  
   4( 1)    2.438                    1.000 0.000 0.000

  R CORE   ENERGY   A0R/A00=1.000    R3= 0     2     4  
   5( 1)  490.847                    0.000 1.000 0.000

  R CORE   ENERGY   A0R/A00=1.000    R3= 0     2     4     6  
   6( 1)    5.121                    1.000 0.000 0.000 0.000

  R CORE   ENERGY   A0R/A00=1.000    R3= 0     2     4     6  
   7( 1)  494.017                    0.000 1.000 0.000 0.000

          AXIAL SYMMETRY => K RESTRICTED TO OMEGA

                     K
     S.P. ORB#: 26  2.50
     S.P. ORB#: 27 -3.50
     S.P. ORB#: 28  0.50
     S.P. ORB#: 29 -1.50
     S.P. ORB#: 30  0.50
     S.P. ORB#: 31 -1.50
     S.P. ORB#: 32 -3.50
     S.P. ORB#: 33  2.50
     S.P. ORB#: 34  4.50
     S.P. ORB#: 35  0.50
     S.P. ORB#: 36 -3.50
     S.P. ORB#: 37 -1.50
     S.P. ORB#: 38  2.50
     S.P. ORB#: 39  0.50
     S.P. ORB#: 40  0.50
 

             ENERGY    K= OMEGA
 
 I=  1/2- (1)  2.465  30: 0.999
 
 I=  1/2- (2)  4.173  39: 0.999
 
 I=  1/2- (3)  4.987  28:-0.215
                      35: 0.901
                      40:-0.376
 
 I=  1/2- (4)  7.641  28:-0.498
                      35: 0.230
                      40: 0.836
 
 I=  1/2- (5)  9.157  28: 0.840
                      35: 0.367
                      40: 0.399

             ENERGY    K= OMEGA
 
 I=  3/2- (1)  2.352  30: 0.414
                      31:-0.910
 
 I=  3/2- (2)  2.661  30: 0.851
                      31: 0.388
                      37: 0.321
                      39:-0.148

             ENERGY    K= OMEGA
 
 I=  5/2- (1)  2.720  30: 0.411
                      31: 0.842
                      37:-0.098
                      38:-0.288
                      39: 0.169
 
 I=  5/2- (2)  3.386  26:-0.060
                      30: 0.767
                      31:-0.401
                      37:-0.485
                      38: 0.101
 
 I=  5/2- (3)  3.863  26:-0.065
                      30:-0.257
                      31:-0.175
                      37:-0.436
                      38:-0.827
                      39:-0.155
 
 I=  5/2- (4)  4.444  26:-0.141
                      30:-0.368
                      31: 0.292
                      37:-0.718
                      38: 0.470
                      39:-0.150
 
 I=  5/2- (5)  4.793  26: 0.981
                      37:-0.143
                      39:-0.126

             ENERGY    K= OMEGA
 
 I=  7/2- (1)  1.727  26:-0.175
                      32: 0.983
 
 I=  7/2- (2)  3.352  30: 0.528
                      31:-0.737
                      37: 0.217
                      38:-0.359
 
 I=  7/2- (3)  3.794  28:-0.672
                      29:-0.585
                      33:-0.414
                      36:-0.183
 
 I=  7/2- (4)  3.900  26:-0.063
                      30: 0.691
                      31: 0.511
                      37: 0.403
                      38: 0.198
                      39:-0.236
 
 I=  7/2- (5)  4.306  26:-0.204
                      27:-0.953
                      30:-0.078
                      31: 0.085
                      37: 0.079
                      38:-0.173

             ENERGY    K= OMEGA
 
 I=  9/2- (1)  2.032  26: 0.083
                      27:-0.171
                      32: 0.303
                      34: 0.934
 
 I=  9/2- (2)  2.738  26: 0.238
                      27: 0.094
                      32: 0.916
                      34:-0.302
 
 I=  9/2- (3)  4.142  30: 0.450
                      31: 0.741
                      32:-0.052
                      37:-0.201
                      38:-0.386
                      39: 0.236
 
 I=  9/2- (4)  4.672  28: 0.215
                      29:-0.551
                      33: 0.680
                      36:-0.433
 
 I=  9/2- (5)  5.238  26:-0.119
                      27: 0.089
                      30: 0.633
                      31:-0.460
                      32: 0.055
                      37:-0.583
                      38: 0.145

             ENERGY    K= OMEGA
 
 I= 11/2- (1)  3.152  26:-0.137
                      27:-0.232
                      32: 0.401
                      34:-0.876
 
 I= 11/2- (2)  3.183  28:-0.650
                      29:-0.582
                      33:-0.430
                      35:-0.072
                      36:-0.222
 
 I= 11/2- (3)  3.981  26: 0.277
                      27:-0.140
                      31:-0.056
                      32:-0.858
                      34:-0.400
                      38:-0.064
 
 I= 11/2- (4)  5.288  30:-0.550
                      31: 0.654
                      32:-0.060
                      37:-0.306
                      38: 0.413
 
 I= 11/2- (5)  6.088  26: 0.060
                      30:-0.619
                      31:-0.538
                      32: 0.071
                      37:-0.406
                      38:-0.265
                      39: 0.290

             ENERGY    K= OMEGA
 
 I= 13/2- (1)  4.495  26: 0.183
                      27:-0.272
                      32: 0.459
                      34: 0.826
 
 I= 13/2- (2)  5.150  28: 0.215
                      29:-0.549
                      33: 0.673
                      36:-0.446
 
 I= 13/2- (3)  5.454  26: 0.303
                      27: 0.181
                      31: 0.083
                      32: 0.807
                      34:-0.458
                      38:-0.085
 
 I= 13/2- (4)  6.512  30: 0.460
                      31: 0.687
                      32:-0.097
                      34: 0.051
                      37:-0.247
                      38:-0.407
                      39: 0.278
 
 I= 13/2- (5)  8.056  26: 0.124
                      27:-0.082
                      30:-0.556
                      31: 0.476
                      32:-0.099
                      37: 0.636
                      38:-0.147
                      39: 0.079

             ENERGY     K= 1/2
  32 LEVELS    TIME=  0.0 SEC



 ******************* EXCITATION ENERGIES, DOMINANT CONFIGURATION AND EXPECTATION VALUES (WITH S.P. UU+VV FACTORS) *******************

  NR  Eex(keV)  I   Kdom  NY    <Jz>  <Jx**2> <Jy**2> <Jz**2> <I.j>/|I|  <Rx**2> <Ry**2> <Rz**2> <R.j>/|R|  <HROTx> <HROTy> <HROTz>

   1    0.0   7/2-  -7/2  32   -3.31    2.31    2.31   12.06    3.29       3.15    3.15    0.00   -1.44      0.384   0.384   0.000
   2  304.7   9/2-   9/2  34    3.52    2.51    2.51   19.18    4.19       3.63    3.63    0.00   -1.25      0.443   0.443   0.000
   3  624.5   3/2-  -3/2  31   -1.16    4.85    4.85    1.91    1.30       5.16    5.16    0.00   -2.83      0.629   0.629   0.000
   4  738.1   1/2-   1/2  30    0.50    4.84    4.84    0.25    0.16       5.20    5.20   -0.00   -3.04      0.634   0.634  -0.000
   5  933.7   3/2-   1/2  30   -0.01    4.31    4.31    0.76    0.73       5.16    5.16   -0.00   -2.48      0.629   0.629  -0.000
  
   6  993.2   5/2-  -3/2  31   -0.77    4.55    4.55    2.19    1.51       5.57    5.57    0.00   -2.05      0.679   0.679   0.000
   7 1011.4   9/2-  -7/2  32   -2.42    2.39    2.39   12.61    2.84       6.93    6.93    0.00   -0.87      0.845   0.845   0.000
   8 1424.7  11/2-   9/2  34    2.75    2.70    2.70   18.27    3.62       8.07    8.07    0.00   -0.50      0.983   0.983   0.000
   9 1455.7  11/2-   1/2  28   -0.00   23.73   23.73    2.63    6.21       5.81    5.81    0.00   -3.81      0.708   0.708   0.000
  10 1625.0   7/2-  -3/2  31   -0.43    4.43    4.43    2.23    1.42       7.76    7.76    0.00   -1.38      0.946   0.946   0.000
  
  11 1659.4   5/2-   1/2  30   -0.27    3.95    3.95    1.13    0.52       7.35    7.35    0.00   -1.95      0.896   0.896   0.000
  12 2067.3   7/2-   1/2  28    0.02   23.27   23.27    2.37    6.07       8.24    8.24   -0.00   -6.11      1.004   1.004  -0.000
  13 2136.2   5/2-   5/2  38    1.44    2.07    2.07    4.83    1.68       3.89    3.89    0.00   -1.43      0.474   0.474   0.000
  14 2172.8   7/2-   1/2  30   -0.26    3.83    3.83    1.37    0.81       9.18    9.18    0.00   -1.36      1.119   1.119   0.000
  15 2253.4  11/2-  -7/2  32   -1.73    2.47    2.47   13.01    2.53      11.70   11.70    0.00   -0.58      1.426   1.426   0.000
  
  16 2414.9   9/2-  -3/2  31   -0.39    4.23    4.23    2.37    1.51      10.30   10.30    0.00   -0.74      1.255   1.255   0.000
  17 2445.6   1/2-   1/2  39    0.50    1.61    1.61    0.25    0.70       1.51    1.51    0.00   -1.65      0.184   0.184   0.000
  18 2579.1   7/2-  -7/2  27   -3.02    6.02    6.02   11.61    3.07       7.54    7.54    0.00   -2.96      0.919   0.919   0.000
  19 2716.4   5/2-  -3/2  37   -0.22    2.73    2.73    2.90    0.30       7.68    7.68   -0.00   -1.91      0.936   0.936  -0.000
  20 2767.8  13/2-   9/2  34    2.16    2.87    2.87   17.50    3.24      13.40   13.40    0.00   -0.12      1.633   1.633   0.000
  
  21 2944.5   9/2-   5/2  33    0.07   24.13   24.13    5.88    5.22      13.47   13.47    0.00   -5.43      1.642   1.642   0.000
  22 3066.2   5/2-   5/2  26    2.39    5.88    5.88    6.07    2.02       7.32    7.32   -0.00   -3.10      0.892   0.892  -0.000
  23 3259.6   1/2-   1/2  35    0.50   11.23   11.23    0.25    0.78      11.05   11.05    0.00   -4.69      1.348   1.348   0.000
  24 3423.0  13/2-   5/2  33    0.01   24.13   24.13    5.95    5.17      15.38   15.38   -0.00   -3.27      1.875   1.875  -0.000
  25 3510.7   9/2-   1/2  30   -0.58    3.54    3.54    1.70    0.55      14.05   14.05   -0.00   -1.14      1.713   1.713  -0.000
  
  26 3560.4  11/2-  -3/2  31   -0.22    4.18    4.18    2.39    1.38      15.00   15.00    0.00   -0.46      1.828   1.828   0.000
  27 3727.0  13/2-  -7/2  32   -1.21    2.56    2.56   13.25    2.31      17.45   17.45   -0.00   -0.38      2.127   2.127  -0.000
  28 4360.9  11/2-   1/2  30   -0.28    3.61    3.61    1.67    0.79      17.61   17.61    0.00   -0.70      2.147   2.147   0.000
  29 4785.1  13/2-  -3/2  31   -0.26    4.05    4.05    2.48    1.46      19.48   19.48    0.00   -0.06      2.375   2.375   0.000
  30 5913.9   1/2-   1/2  40    0.50   16.18   16.18    0.25   -0.64      17.23   17.23    0.00   -5.65      2.101   2.101   0.000
  
  31 6328.5  13/2-  -3/2  37   -0.75    3.26    3.26    1.94    0.50      25.11   25.11   -0.00   -0.70      3.062   3.062  -0.000
  32 7429.7   1/2-   1/2  28    0.50   23.82   23.82    0.25   -3.29      27.17   27.17    0.00   -6.88      3.313   3.313   0.000
