1SPECTRUM OF (Z= 82 A=207) IN PARTICLE-ROTOR  MODEL WITH MODIFIED OSCILLATOR POTENTIAL


 PARITY=-   EPS= 0.313   GAMMA=  0.0   EPS4=0.000   EPS6=0.000   LEVELS:  24  25  26  27  28  29  30  31  32  33  34  35  36  37  38

 PAIRING FACTORS: GN0= 19.20  GN1=  7.40  IPAIR= 15 ***  E2PLUS(INPUT)=   0.730  E2PLUR(INPUT)=   0.000

 CORIOLIS ATTENUATION PARAMETERS:  CHSI=1.000  ETA=  1.00

 MOMENT OF INERTIA PARAMETERS:   A1=  0.122 MEV   A2=  0.122 MEV   A3=121.91924 MEV


 DELTA=0.940 MEV  LAMBDA=53.2936 MEV   HW0= 7.4992 MEV   LAMBDA/HW0= 7.1065

 E2ENERGY=0.730 MEV  HBAR**2/B=18165./A**(7/3)=3070.8/A**2 MEV

 IREC=0  =>  RECOIL TERMS j+j-, j+j+, jzjz, ETC TREATED AS ONE-BODY OPERATORS WITH UU+VV PAIRING FACTORS



 S. P. LEVEL   EQP       U     V        (UU + VV)**1.00

     24       4.999    0.094 0.996      1.000 1.000 0.999 0.997 0.964 0.961 0.950 0.918 0.858 0.772 0.490 0.304 0.284 0.281 0.250
     25       4.140    0.114 0.993      1.000 1.000 1.000 0.998 0.969 0.966 0.956 0.926 0.868 0.785 0.507 0.323 0.303 0.300 0.270
     26       3.295    0.144 0.990      0.999 1.000 1.000 1.000 0.976 0.974 0.964 0.937 0.883 0.803 0.533 0.351 0.332 0.328 0.299
     27       2.740    0.174 0.985      0.997 0.998 1.000 1.000 0.982 0.980 0.972 0.947 0.897 0.821 0.558 0.380 0.360 0.357 0.328
     28       1.417    0.355 0.935      0.964 0.969 0.976 0.982 1.000 1.000 0.999 0.990 0.963 0.913 0.703 0.545 0.528 0.525 0.498
     29       1.380    0.366 0.931      0.961 0.966 0.974 0.980 1.000 1.000 0.999 0.992 0.967 0.918 0.712 0.555 0.538 0.535 0.508
     30       1.278    0.402 0.916      0.950 0.956 0.964 0.972 0.999 0.999 1.000 0.996 0.976 0.932 0.738 0.587 0.570 0.567 0.541
     31       1.113    0.482 0.876      0.918 0.926 0.937 0.947 0.990 0.992 0.996 1.000 0.991 0.961 0.796 0.657 0.641 0.638 0.614
     32       0.985    0.592 0.806      0.858 0.868 0.883 0.897 0.963 0.967 0.976 0.991 1.000 0.989 0.868 0.750 0.736 0.734 0.712
     33       0.940    0.706 0.709      0.772 0.785 0.803 0.821 0.913 0.918 0.932 0.961 0.989 1.000 0.932 0.840 0.829 0.827 0.809
     34       1.268    0.914 0.405      0.490 0.507 0.533 0.558 0.703 0.712 0.738 0.796 0.868 0.932 1.000 0.979 0.975 0.974 0.967
     35       2.262    0.977 0.213      0.304 0.323 0.351 0.380 0.545 0.555 0.587 0.657 0.750 0.840 0.979 1.000 1.000 1.000 0.998
     36       2.488    0.981 0.192      0.284 0.303 0.332 0.360 0.528 0.538 0.570 0.641 0.736 0.829 0.975 1.000 1.000 1.000 0.999
     37       2.534    0.982 0.189      0.281 0.300 0.328 0.357 0.525 0.535 0.567 0.638 0.734 0.827 0.974 1.000 1.000 1.000 1.000
     38       3.013    0.987 0.158      0.250 0.270 0.299 0.328 0.498 0.508 0.541 0.614 0.712 0.809 0.967 0.998 0.999 1.000 1.000

  R CORE   ENERGY   A0R/A00=1.000    R3= 0     2  
   2( 1)    0.732                    1.000 0.000
   2( 2)  487.921                    0.000 1.000

  R CORE   ENERGY   A0R/A00=1.000    R3= 0     2  
   3( 1)  488.652                    0.000 1.000

  R CORE   ENERGY   A0R/A00=1.000    R3= 0     2     4  
   4( 1)    2.438                    1.000 0.000 0.000

  R CORE   ENERGY   A0R/A00=1.000    R3= 0     2     4  
   5( 1)  490.847                    0.000 1.000 0.000

  R CORE   ENERGY   A0R/A00=1.000    R3= 0     2     4     6  
   6( 1)    5.121                    1.000 0.000 0.000 0.000

  R CORE   ENERGY   A0R/A00=1.000    R3= 0     2     4     6  
   7( 1)  494.017                    0.000 1.000 0.000 0.000

          AXIAL SYMMETRY => K RESTRICTED TO OMEGA

                     K
     S.P. ORB#: 24 -5.50
     S.P. ORB#: 25  0.50
     S.P. ORB#: 26  2.50
     S.P. ORB#: 27 -3.50
     S.P. ORB#: 28  0.50
     S.P. ORB#: 29  0.50
     S.P. ORB#: 30 -1.50
     S.P. ORB#: 31 -3.50
     S.P. ORB#: 32 -1.50
     S.P. ORB#: 33  4.50
     S.P. ORB#: 34  2.50
     S.P. ORB#: 35 -1.50
     S.P. ORB#: 36 -3.50
     S.P. ORB#: 37  2.50
     S.P. ORB#: 38  0.50
 

             ENERGY    K= OMEGA
 
 I=  1/2- (1)  2.631  28: 0.999
 
 I=  1/2- (2)  5.667  25: 0.999
 
 I=  1/2- (3)  6.168  29: 0.503
                      38:-0.864
 
 I=  1/2- (4)  8.829  29: 0.864
                      38: 0.503
 
 I=  1/2- (5)147.288  32: 1.000

             ENERGY    K= OMEGA
 
 I=  3/2- (1)  2.485  25:-0.136
                      30:-0.957
                      35:-0.255
 
 I=  3/2- (2)  2.552  25:-0.139
                      28:-0.786
                      30: 0.172
                      35:-0.577

             ENERGY    K= OMEGA
 
 I=  5/2- (1)  2.535  25:-0.252
                      28: 0.433
                      30: 0.728
                      35:-0.206
                      37:-0.419
 
 I=  5/2- (2)  3.206  25:-0.055
                      26: 0.065
                      28:-0.335
                      30: 0.471
                      35: 0.804
                      37: 0.112
 
 I=  5/2- (3)  3.328  25:-0.159
                      28: 0.485
                      30: 0.141
                      37: 0.848
 
 I=  5/2- (4)  4.161  28: 0.649
                      30:-0.421
                      35: 0.553
                      37:-0.303
 
 I=  5/2- (5)  5.078  26: 0.997
                      35:-0.070

             ENERGY    K= OMEGA
 
 I=  7/2- (1)  1.895  26:-0.203
                      27: 0.055
                      31: 0.977
 
 I=  7/2- (2)  3.289  25: 0.082
                      28:-0.319
                      30: 0.682
                      35:-0.296
                      37: 0.580
 
 I=  7/2- (3)  3.346  29:-0.729
                      32:-0.577
                      34:-0.341
                      36:-0.139
 
 I=  7/2- (4)  3.495  25:-0.325
                      28:-0.686
                      30:-0.412
                      35:-0.491
                      37:-0.096
 
 I=  7/2- (5)  4.304  26:-0.113
                      27:-0.275
                      28:-0.454
                      30: 0.470
                      35: 0.354
                      37:-0.599

             ENERGY    K= OMEGA
 
 I=  9/2- (1)  1.802  26:-0.068
                      27: 0.208
                      31:-0.207
                      33:-0.954
 
 I=  9/2- (2)  2.829  26: 0.279
                      27: 0.091
                      31: 0.932
                      33:-0.202
 
 I=  9/2- (3)  3.563  25:-0.369
                      28: 0.481
                      30: 0.667
                      31:-0.058
                      35:-0.235
                      37:-0.358
 
 I=  9/2- (4)  4.537  29: 0.235
                      32:-0.591
                      34: 0.653
                      36:-0.410
 
 I=  9/2- (5)  5.027  25:-0.132
                      26: 0.109
                      27:-0.090
                      28:-0.244
                      30: 0.475
                      31:-0.056
                      35: 0.805
                      37: 0.164

             ENERGY    K= OMEGA
 
 I= 11/2- (1)  2.632  29:-0.687
                      32:-0.579
                      34:-0.389
                      36:-0.196
                      38:-0.054
 
 I= 11/2- (2)  2.861  26:-0.115
                      27:-0.282
                      31: 0.287
                      33:-0.908
 
 I= 11/2- (3)  3.992  26:-0.328
                      27: 0.126
                      30: 0.059
                      31: 0.888
                      33: 0.283
                      37: 0.061
 
 I= 11/2- (4)  5.173  25:-0.124
                      28: 0.292
                      30:-0.680
                      31: 0.057
                      35: 0.318
                      37:-0.573
 
 I= 11/2- (5)  5.347  25: 0.399
                      28: 0.705
                      30: 0.373
                      31:-0.066
                      35: 0.441
                      37: 0.070

             ENERGY    K= OMEGA
 
 I= 13/2- (1)  4.140  26: 0.158
                      27:-0.328
                      31: 0.341
                      33: 0.866
 
 I= 13/2- (2)  4.844  29: 0.224
                      32:-0.571
                      34: 0.658
                      36:-0.435
 
 I= 13/2- (3)  5.360  25: 0.205
                      26:-0.320
                      27:-0.148
                      28:-0.214
                      30:-0.320
                      31:-0.748
                      33: 0.294
                      35: 0.067
                      37: 0.186
 
 I= 13/2- (4)  5.522  25: 0.394
                      26: 0.167
                      27: 0.061
                      28:-0.449
                      30:-0.552
                      31: 0.405
                      33:-0.170
                      35: 0.219
                      37: 0.256
 
 I= 13/2- (5)  7.800  24: 0.066
                      25:-0.225
                      26: 0.117
                      27:-0.123
                      28:-0.078
                      30: 0.378
                      31:-0.080
                      33:-0.056
                      35: 0.769
                      37: 0.408

             ENERGY     K= 1/2
  32 LEVELS    TIME=  0.0 SEC



 ******************* EXCITATION ENERGIES, DOMINANT CONFIGURATION AND EXPECTATION VALUES (WITH S.P. UU+VV FACTORS) *******************

  NR  Eex(keV)  I   Kdom  NY    <Jz>  <Jx**2> <Jy**2> <Jz**2> <I.j>/|I|  <Rx**2> <Ry**2> <Rz**2> <R.j>/|R|  <HROTx> <HROTy> <HROTz>

   1    0.0   9/2-   9/2  33    3.80    2.55    2.55   19.50    4.33       3.14    3.14   -0.00   -1.22      0.383   0.383  -0.000
   2   93.2   7/2-  -7/2  31   -3.25    2.31    2.31   11.99    3.37       2.81    2.81   -0.00   -1.37      0.343   0.343  -0.000
   3  682.7   3/2-  -3/2  30   -1.46    4.27    4.27    2.21    1.44       4.47    4.47    0.00   -2.67      0.545   0.545   0.000
   4  733.0   5/2-  -3/2  30   -0.30    4.41    4.41    2.45    2.29       3.23    3.23    0.00   -1.76      0.393   0.393   0.000
   5  749.8   3/2-   1/2  28   -0.23    3.64    3.64    0.98    1.39       3.30    3.30    0.00   -2.16      0.402   0.402   0.000
  
   6  829.1   1/2-   1/2  28    0.50    4.70    4.70    0.25    0.29       4.96    4.96   -0.00   -2.99      0.604   0.604  -0.000
   7  829.8  11/2-   1/2  29   -0.02   24.96   24.96    2.29    6.43       5.55    5.55    0.00   -4.14      0.677   0.677   0.000
   8 1026.8   9/2-  -7/2  31   -2.69    2.43    2.43   12.06    2.92       6.29    6.29   -0.00   -0.67      0.767   0.767  -0.000
   9 1059.2  11/2-   9/2  33    3.17    2.79    2.79   18.77    3.84       7.10    7.10   -0.00   -0.37      0.865   0.865  -0.000
  10 1403.5   5/2-  -3/2  35   -1.20    2.40    2.40    2.09    0.92       5.10    5.10    0.00   -1.30      0.622   0.622   0.000
  
  11 1487.3   7/2-  -3/2  30    0.06    3.64    3.64    3.41    1.81       6.01    6.01    0.00   -1.00      0.733   0.733   0.000
  12 1525.9   5/2-   5/2  37    1.90    2.72    2.72    4.61    1.73       4.27    4.27    0.00   -1.68      0.521   0.521   0.000
  13 1543.3   7/2-   1/2  29   -0.01   24.48   24.48    1.85    6.23       8.56    8.56    0.00   -6.31      1.044   1.044   0.000
  14 1692.6   7/2-   1/2  28   -0.30    3.61    3.61    1.15    1.39       6.55    6.55    0.00   -0.79      0.798   0.798   0.000
  15 1760.4   9/2-  -3/2  30   -0.26    4.73    4.73    2.07    2.29       6.75    6.75    0.00   -0.04      0.823   0.823   0.000
  
  16 2190.2  11/2-  -7/2  31   -2.19    2.52    2.52   12.18    2.63      10.76   10.76   -0.00   -0.32      1.312   1.312  -0.000
  17 2337.5  13/2-   9/2  33    2.65    2.99    2.99   18.11    3.50      11.98   11.98   -0.00    0.07      1.461   1.461  -0.000
  18 2358.5   5/2-   1/2  28   -0.28    3.74    3.74    1.78   -0.28       9.84    9.84    0.00   -2.27      1.199   1.199   0.000
  19 2501.9   7/2-   5/2  37    0.25    3.22    3.22    4.08    0.95       9.38    9.38    0.00   -1.56      1.143   1.143   0.000
  20 2734.7   9/2-   5/2  34   -0.02   24.95   24.95    5.53    5.46      12.94   12.94    0.00   -5.56      1.578   1.578   0.000
  
  21 3041.3  13/2-   5/2  34   -0.04   24.93   24.93    5.78    5.46      14.07   14.07    0.00   -3.30      1.715   1.715   0.000
  22 3224.7   9/2-  -3/2  35   -1.21    2.36    2.36    2.37    0.74      12.24   12.24    0.00   -0.69      1.492   1.492   0.000
  23 3275.3   5/2-   5/2  26    2.48    6.00    6.00    6.23    2.08       7.33    7.33   -0.00   -3.15      0.894   0.894  -0.000
  24 3371.2  11/2-  -3/2  30    0.02    3.65    3.65    3.44    1.61      13.63   13.63    0.00   -0.22      1.662   1.662   0.000
  25 3545.2  11/2-   1/2  28   -0.17    3.80    3.80    1.01    1.41      13.72   13.72    0.00   -0.03      1.673   1.673   0.000
  
  26 3557.9  13/2-  -7/2  31   -1.42    3.12    3.12   10.00    2.43      15.54   15.54   -0.00    0.13      1.895   1.895  -0.000
  27 3720.2  13/2-  -3/2  30   -0.58    4.49    4.49    4.11    2.30      14.83   14.83   -0.00    0.55      1.809   1.809  -0.000
  28 3865.0   1/2-   1/2  25    0.50    6.37    6.37    0.25    0.68       6.28    6.28   -0.00   -3.50      0.766   0.766  -0.000
  29 4366.0   1/2-   1/2  38    0.50   12.61   12.61    0.25   -1.76      14.63   14.63   -0.00   -4.99      1.784   1.784  -0.000
  30 5997.6  13/2-  -3/2  35   -0.71    2.26    2.26    3.25    0.81      22.64   22.64    0.00   -0.32      2.761   2.761   0.000
  
  31 7027.0   1/2-   1/2  29    0.50   25.26   25.26    0.25   -3.57      28.85   28.85    0.00   -7.09      3.518   3.518   0.000
  32*******   1/2-  -3/2  32    0.00    0.00    0.00    0.00   -0.00       0.00    0.00    0.00   -0.00      0.000   0.000   0.000
