1SPECTRUM OF (Z= 82 A=207) IN PARTICLE-ROTOR  MODEL WITH MODIFIED OSCILLATOR POTENTIAL


 PARITY=-   EPS= 0.235   GAMMA=  0.0   EPS4=0.000   EPS6=0.000   LEVELS:  24  25  26  27  28  29  30  31  32  33  34  35  36  37  38

 PAIRING FACTORS: GN0= 19.20  GN1=  7.40  IPAIR= 15 ***  E2PLUS(INPUT)=   0.730  E2PLUR(INPUT)=   0.000

 CORIOLIS ATTENUATION PARAMETERS:  CHSI=1.000  ETA=  1.00

 MOMENT OF INERTIA PARAMETERS:   A1=  0.122 MEV   A2=  0.122 MEV   A3=121.91924 MEV


 DELTA=0.939 MEV  LAMBDA=53.4511 MEV   HW0= 7.4594 MEV   LAMBDA/HW0= 7.1656

 E2ENERGY=0.730 MEV  HBAR**2/B=10240./A**(7/3)=1731.0/A**2 MEV

 IREC=0  =>  RECOIL TERMS j+j-, j+j+, jzjz, ETC TREATED AS ONE-BODY OPERATORS WITH UU+VV PAIRING FACTORS



 S. P. LEVEL   EQP       U     V        (UU + VV)**1.00

     24       5.186    0.091 0.996      1.000 1.000 1.000 0.999 0.991 0.987 0.983 0.979 0.631 0.525 0.498 0.451 0.355 0.336 0.264
     25       4.136    0.114 0.993      1.000 1.000 1.000 1.000 0.994 0.991 0.987 0.983 0.649 0.545 0.518 0.471 0.376 0.358 0.287
     26       4.001    0.118 0.993      1.000 1.000 1.000 1.000 0.995 0.991 0.988 0.984 0.652 0.548 0.521 0.475 0.380 0.362 0.290
     27       3.460    0.137 0.991      0.999 1.000 1.000 1.000 0.996 0.994 0.991 0.987 0.666 0.564 0.537 0.491 0.397 0.379 0.308
     28       2.181    0.221 0.975      0.991 0.994 0.995 0.996 1.000 1.000 0.999 0.997 0.727 0.632 0.607 0.564 0.474 0.457 0.388
     29       1.963    0.247 0.969      0.987 0.991 0.991 0.994 1.000 1.000 1.000 0.999 0.745 0.653 0.628 0.586 0.498 0.480 0.413
     30       1.800    0.271 0.963      0.983 0.987 0.988 0.991 0.999 1.000 1.000 1.000 0.762 0.671 0.647 0.606 0.519 0.502 0.435
     31       1.672    0.294 0.956      0.979 0.983 0.984 0.987 0.997 0.999 1.000 1.000 0.777 0.689 0.665 0.625 0.539 0.523 0.457
     32       1.014    0.830 0.558      0.631 0.649 0.652 0.666 0.727 0.745 0.762 0.777 1.000 0.992 0.987 0.977 0.949 0.943 0.915
     33       1.178    0.895 0.445      0.525 0.545 0.548 0.564 0.632 0.653 0.671 0.689 0.992 1.000 0.999 0.996 0.982 0.978 0.959
     34       1.240    0.909 0.417      0.498 0.518 0.521 0.537 0.607 0.628 0.647 0.665 0.987 0.999 1.000 0.999 0.987 0.984 0.968
     35       1.374    0.930 0.368      0.451 0.471 0.475 0.491 0.564 0.586 0.606 0.625 0.977 0.996 0.999 1.000 0.994 0.992 0.980
     36       1.819    0.963 0.268      0.355 0.376 0.380 0.397 0.474 0.498 0.519 0.539 0.949 0.982 0.987 0.994 1.000 1.000 0.995
     37       1.947    0.968 0.249      0.336 0.358 0.362 0.379 0.457 0.480 0.502 0.523 0.943 0.978 0.984 0.992 1.000 1.000 0.997
     38       2.723    0.985 0.175      0.264 0.287 0.290 0.308 0.388 0.413 0.435 0.457 0.915 0.959 0.968 0.980 0.995 0.997 1.000

  R CORE   ENERGY   A0R/A00=1.000    R3= 0     2  
   2( 1)    0.732                    1.000 0.000
   2( 2)  487.921                    0.000 1.000

  R CORE   ENERGY   A0R/A00=1.000    R3= 0     2  
   3( 1)  488.652                    0.000 1.000

  R CORE   ENERGY   A0R/A00=1.000    R3= 0     2     4  
   4( 1)    2.438                    1.000 0.000 0.000

  R CORE   ENERGY   A0R/A00=1.000    R3= 0     2     4  
   5( 1)  490.847                    0.000 1.000 0.000

  R CORE   ENERGY   A0R/A00=1.000    R3= 0     2     4     6  
   6( 1)    5.121                    1.000 0.000 0.000 0.000

  R CORE   ENERGY   A0R/A00=1.000    R3= 0     2     4     6  
   7( 1)  494.017                    0.000 1.000 0.000 0.000

          AXIAL SYMMETRY => K RESTRICTED TO OMEGA

                     K
     S.P. ORB#: 24  2.50
     S.P. ORB#: 25  0.50
     S.P. ORB#: 26  2.50
     S.P. ORB#: 27 -3.50
     S.P. ORB#: 28 -3.50
     S.P. ORB#: 29  0.50
     S.P. ORB#: 30 -1.50
     S.P. ORB#: 31  4.50
     S.P. ORB#: 32  0.50
     S.P. ORB#: 33 -1.50
     S.P. ORB#: 34 -1.50
     S.P. ORB#: 35  2.50
     S.P. ORB#: 36  2.50
     S.P. ORB#: 37  0.50
     S.P. ORB#: 38 -3.50
 

             ENERGY    K= OMEGA
 
 I=  1/2- (1)  2.231  25:-0.055
                      37:-0.998
 
 I=  1/2- (2)  3.071  29: 0.999
 
 I=  1/2- (3)  5.463  25: 0.998
                      37:-0.056
 
 I=  1/2- (4)  8.588  32:-1.000
 
 I=  1/2- (5)147.481  33:-1.000

             ENERGY    K= OMEGA
 
 I=  3/2- (1)  1.689  29: 0.192
                      30: 0.102
                      33: 0.973
                      37:-0.067
 
 I=  3/2- (2)  2.786  25: 0.096
                      29: 0.209
                      30: 0.526
                      33:-0.156
                      37:-0.803

             ENERGY    K= OMEGA
 
 I=  5/2- (1)  1.851  25:-0.063
                      29: 0.160
                      30: 0.201
                      33:-0.479
                      35:-0.836
 
 I=  5/2- (2)  2.351  29: 0.188
                      30:-0.205
                      33:-0.837
                      35: 0.462
                      37:-0.074
 
 I=  5/2- (3)  2.798  25:-0.140
                      29: 0.320
                      30: 0.451
                      35: 0.218
                      37: 0.791
 
 I=  5/2- (4)  3.305  24:-0.065
                      25: 0.311
                      29:-0.338
                      30:-0.627
                      33:-0.063
                      35:-0.168
                      37: 0.600
 
 I=  5/2- (5)  4.361  24: 0.064
                      25: 0.076
                      29:-0.817
                      30: 0.498
                      33:-0.251
                      35: 0.102

             ENERGY    K= OMEGA
 
 I=  7/2- (1)  2.496  29:-0.207
                      30: 0.224
                      33:-0.551
                      35: 0.775
 
 I=  7/2- (2)  2.879  24:-0.057
                      25: 0.082
                      26:-0.227
                      27: 0.103
                      28:-0.857
                      29: 0.149
                      30: 0.165
                      33: 0.318
                      35: 0.196
                      37:-0.075
 
 I=  7/2- (3)  3.052  25:-0.177
                      26:-0.064
                      28:-0.448
                      29:-0.324
                      30:-0.325
                      33:-0.585
                      35:-0.426
                      37: 0.170
 
 I=  7/2- (4)  3.336  32:-0.738
                      34:-0.570
                      36:-0.335
                      38:-0.133
 
 I=  7/2- (5)  4.163  24:-0.138
                      25: 0.204
                      27: 0.092
                      30: 0.708
                      33:-0.282
                      35:-0.405
                      37:-0.432

             ENERGY    K= OMEGA
 
 I=  9/2- (1)  2.420  24: 0.068
                      26:-0.064
                      27: 0.273
                      28: 0.164
                      31:-0.941
 
 I=  9/2- (2)  3.152  25:-0.226
                      28:-0.056
                      29: 0.342
                      30: 0.438
                      31: 0.080
                      33:-0.448
                      35:-0.632
                      37: 0.162
 
 I=  9/2- (3)  3.759  24: 0.089
                      26: 0.316
                      27: 0.144
                      28:-0.882
                      29:-0.052
                      30: 0.096
                      31:-0.128
                      33: 0.248
 
 I=  9/2- (4)  4.204  24: 0.071
                      25:-0.208
                      28: 0.235
                      29: 0.107
                      30: 0.471
                      33: 0.629
                      35: 0.131
                      37: 0.498
 
 I=  9/2- (5)  4.367  25: 0.142
                      28: 0.156
                      29:-0.419
                      33: 0.453
                      35:-0.694
                      37:-0.302

             ENERGY    K= OMEGA
 
 I= 11/2- (1)  2.329  32:-0.696
                      34:-0.575
                      36:-0.387
                      38:-0.188
 
 I= 11/2- (2)  3.346  24: 0.115
                      26:-0.102
                      27:-0.376
                      28:-0.212
                      30:-0.052
                      31:-0.884
                      35:-0.068
 
 I= 11/2- (3)  4.447  28:-0.078
                      29:-0.282
                      30: 0.323
                      31:-0.106
                      33:-0.553
                      35: 0.699
 
 I= 11/2- (4)  4.763  24:-0.135
                      25: 0.184
                      26:-0.311
                      27: 0.167
                      28:-0.690
                      29: 0.259
                      30: 0.288
                      31: 0.097
                      33: 0.368
                      35: 0.188
                      37:-0.129
 
 I= 11/2- (5)  5.114  25: 0.269
                      26: 0.194
                      27:-0.066
                      28: 0.559
                      29: 0.372
                      30: 0.380
                      31:-0.160
                      33: 0.363
                      35: 0.305
                      37:-0.200

             ENERGY    K= OMEGA
 
 I= 13/2- (1)  4.455  24: 0.164
                      25:-0.065
                      26:-0.129
                      27: 0.442
                      28: 0.228
                      29: 0.073
                      30: 0.125
                      31:-0.815
                      33:-0.072
                      35:-0.115
 
 I= 13/2- (2)  4.622  32:-0.237
                      34: 0.589
                      36:-0.650
                      38: 0.417
 
 I= 13/2- (3)  5.163  24: 0.062
                      25:-0.345
                      28:-0.119
                      29: 0.421
                      30: 0.522
                      31: 0.210
                      33:-0.341
                      35:-0.455
                      37: 0.208
 
 I= 13/2- (4)  6.157  24: 0.148
                      26: 0.396
                      27: 0.206
                      28:-0.810
                      29:-0.089
                      30: 0.086
                      31:-0.166
                      33: 0.282
 
 I= 13/2- (5)  6.799  24:-0.059
                      25: 0.239
                      28:-0.205
                      29:-0.151
                      30:-0.328
                      33:-0.555
                      35:-0.473
                      37:-0.481

             ENERGY     K=-7/2
  32 LEVELS    TIME=  0.0 SEC



 ******************* EXCITATION ENERGIES, DOMINANT CONFIGURATION AND EXPECTATION VALUES (WITH S.P. UU+VV FACTORS) *******************

  NR  Eex(keV)  I   Kdom  NY    <Jz>  <Jx**2> <Jy**2> <Jz**2> <I.j>/|I|  <Rx**2> <Ry**2> <Rz**2> <R.j>/|R|  <HROTx> <HROTy> <HROTz>

   1    0.0   3/2-  -3/2  33   -1.41    1.66    1.66    2.16    1.40       1.91    1.91   -0.00   -1.42      0.233   0.233  -0.000
   2  161.5   5/2-   5/2  35    1.36    1.96    1.96    4.98    2.32       1.95    1.95    0.00   -1.02      0.238   0.238   0.000
   3  541.4   1/2-   1/2  37    0.50    1.35    1.35    0.25    0.82       1.14    1.14    0.00   -1.48      0.139   0.139   0.000
   4  639.4  11/2-   1/2  32   -0.00   26.95   26.95    2.24    6.96       4.34    4.34   -0.00   -4.93      0.529   0.529  -0.000
   5  661.8   5/2-  -3/2  33   -0.55    1.66    1.66    3.03    1.07       4.38    4.38    0.00   -1.07      0.534   0.534   0.000
  
   6  730.7   9/2-   9/2  31    3.65    2.72    2.72   19.24    4.49       2.36    2.36    0.00   -1.07      0.288   0.288   0.000
   7  806.8   7/2-   5/2  35    0.98    2.05    2.05    4.59    1.91       4.63    4.63    0.00   -0.36      0.564   0.564   0.000
   8 1096.5   3/2-   1/2  37   -0.10    2.43    2.43    0.85    0.59       3.60    3.60   -0.00   -1.71      0.439   0.439  -0.000
   9 1108.1   5/2-   1/2  37    0.19    2.72    2.72    0.95    1.37       3.51    3.51   -0.00   -0.88      0.428   0.428  -0.000
  10 1189.3   7/2-  -7/2  28   -2.55    2.24    2.24   10.00    3.07       2.94    2.94    0.00   -0.95      0.358   0.358   0.000
  
  11 1363.0   7/2-  -3/2  33   -0.83    2.15    2.15    4.67    1.71       5.59    5.59    0.00   -0.66      0.681   0.681   0.000
  12 1381.9   1/2-   1/2  29    0.50    4.32    4.32    0.25    0.33       4.53    4.53   -0.00   -2.86      0.553   0.553  -0.000
  13 1462.1   9/2-   5/2  35    0.52    3.16    3.16    3.63    2.26       6.12    6.12    0.00    0.36      0.747   0.747   0.000
  14 1615.5   5/2-  -3/2  30   -0.23    3.03    3.03    1.24    1.04       4.95    4.95   -0.00   -1.34      0.604   0.604  -0.000
  15 1646.6   7/2-   1/2  32    0.00   27.03   27.03    1.78    6.82       8.73    8.73   -0.00   -6.89      1.064   1.064  -0.000
  
  16 1656.2  11/2-   9/2  31    2.93    3.16    3.16   18.29    4.14       5.45    5.45    0.00    0.04      0.664   0.664   0.000
  17 2070.1   9/2-  -7/2  28   -2.55    2.36    2.36   10.96    2.89       5.83    5.83    0.00   -0.38      0.711   0.711   0.000
  18 2473.3   7/2-  -3/2  30   -0.33    3.51    3.51    2.61    0.84       9.34    9.34    0.00   -1.45      1.139   1.139   0.000
  19 2514.8   9/2-  -3/2  33   -0.90    2.30    2.30    2.33    1.14      10.17   10.17   -0.00   -0.28      1.240   1.240  -0.000
  20 2671.2   5/2-   1/2  29   -0.09    4.31    4.31    0.96   -0.32      10.12   10.12   -0.00   -2.34      1.234   1.234  -0.000
  
  21 2677.6   9/2-   5/2  35    0.96    2.41    2.41    3.88    1.06      11.48   11.48    0.00   -0.72      1.399   1.399   0.000
  22 2757.4  11/2-   5/2  35    0.67    2.40    2.40    4.34    1.68      12.39   12.39    0.00    0.18      1.511   1.511   0.000
  23 2765.2  13/2-   9/2  31    2.24    3.62    3.62   16.89    3.89       9.29    9.29   -0.00    0.70      1.133   1.133  -0.000
  24 2932.9  13/2-   5/2  36   -0.04   26.32   26.32    5.57    5.96      11.86   11.86    0.00   -3.41      1.446   1.446   0.000
  25 3073.9  11/2-  -7/2  28   -1.62    2.59    2.59    7.83    2.38      10.12   10.12    0.00    0.28      1.234   1.234   0.000
  
  26 3424.9  11/2-  -7/2  28   -0.96    2.69    2.69    5.90    1.85      12.43   12.43    0.00   -0.04      1.516   1.516   0.000
  27 3473.4  13/2-  -3/2  30    0.26    4.00    4.00    3.36    2.43      13.09   13.09    0.00    1.10      1.596   1.596   0.000
  28 3773.6   1/2-   1/2  25    0.50    5.58    5.58    0.25    0.70       5.48    5.48   -0.00   -3.27      0.668   0.668  -0.000
  29 4467.7  13/2-  -7/2  28   -2.00    2.56    2.56   10.42    2.45      15.04   15.04    0.00    0.28      1.834   1.834   0.000
  30 5109.2  13/2-  -3/2  33   -0.04    2.22    2.22    3.01    1.04      20.84   20.84    0.00   -0.03      2.541   2.541   0.000
  
  31 6898.7   1/2-   1/2  32    0.50   27.16   27.16    0.25   -3.93      31.06   31.06    0.00   -7.36      3.787   3.787   0.000
  32*******   1/2-  -3/2  33    0.00    0.00    0.00    0.00   -0.00       0.00    0.00   -0.00   -0.00      0.000   0.000  -0.000
