1SPECTRUM OF (Z= 82 A=207) IN PARTICLE-ROTOR  MODEL WITH MODIFIED OSCILLATOR POTENTIAL


 PARITY=-   EPS= 0.382   GAMMA=  0.0   EPS4=0.000   EPS6=0.000   LEVELS:  26  27  28  29  30  31  32  33  34  35  36  37  38  39  40

 PAIRING FACTORS: GN0= 19.20  GN1=  7.40  IPAIR= 15 ***  E2PLUS(INPUT)=   0.730  E2PLUR(INPUT)=   0.000

 CORIOLIS ATTENUATION PARAMETERS:  CHSI=1.000  ETA=  1.00

 MOMENT OF INERTIA PARAMETERS:   A1=  0.122 MEV   A2=  0.122 MEV   A3=121.91924 MEV


 DELTA=0.860 MEV  LAMBDA=53.4543 MEV   HW0= 7.5460 MEV   LAMBDA/HW0= 7.0838

 E2ENERGY=0.730 MEV  HBAR**2/B=27057./A**(7/3)=4573.9/A**2 MEV

 IREC=0  =>  RECOIL TERMS j+j-, j+j+, jzjz, ETC TREATED AS ONE-BODY OPERATORS WITH UU+VV PAIRING FACTORS



 S. P. LEVEL   EQP       U     V        (UU + VV)**1.00

     26       2.845    0.153 0.988      1.000 1.000 0.999 0.996 0.954 0.927 0.830 0.655 0.485 0.433 0.365 0.287 0.276 0.274 0.266
     27       2.815    0.155 0.988      1.000 1.000 0.999 0.996 0.954 0.927 0.831 0.657 0.486 0.434 0.367 0.288 0.277 0.275 0.268
     28       2.285    0.192 0.981      0.999 0.999 1.000 0.999 0.965 0.941 0.852 0.685 0.519 0.468 0.402 0.324 0.313 0.311 0.304
     29       1.836    0.241 0.970      0.996 0.996 0.999 1.000 0.977 0.957 0.877 0.721 0.562 0.512 0.448 0.372 0.361 0.359 0.352
     30       1.084    0.443 0.897      0.954 0.954 0.965 0.977 1.000 0.997 0.959 0.852 0.725 0.683 0.628 0.561 0.551 0.550 0.543
     31       0.976    0.513 0.858      0.927 0.927 0.941 0.957 0.997 1.000 0.979 0.891 0.778 0.740 0.689 0.626 0.617 0.615 0.609
     32       0.863    0.678 0.735      0.830 0.831 0.852 0.877 0.959 0.979 1.000 0.965 0.890 0.862 0.822 0.772 0.764 0.763 0.758
     33       0.955    0.847 0.532      0.655 0.657 0.685 0.721 0.852 0.891 0.965 1.000 0.978 0.965 0.943 0.912 0.907 0.906 0.903
     34       1.326    0.938 0.345      0.485 0.486 0.519 0.562 0.725 0.778 0.890 0.978 1.000 0.998 0.991 0.977 0.974 0.974 0.972
     35       1.551    0.957 0.290      0.433 0.434 0.468 0.512 0.683 0.740 0.862 0.965 0.998 1.000 0.997 0.988 0.986 0.986 0.984
     36       2.016    0.976 0.219      0.365 0.367 0.402 0.448 0.628 0.689 0.822 0.943 0.991 0.997 1.000 0.997 0.996 0.995 0.995
     37       3.170    0.991 0.137      0.287 0.288 0.324 0.372 0.561 0.626 0.772 0.912 0.977 0.988 0.997 1.000 1.000 1.000 1.000
     38       3.458    0.992 0.125      0.276 0.277 0.313 0.361 0.551 0.617 0.764 0.907 0.974 0.986 0.996 1.000 1.000 1.000 1.000
     39       3.515    0.992 0.123      0.274 0.275 0.311 0.359 0.550 0.615 0.763 0.906 0.974 0.986 0.995 1.000 1.000 1.000 1.000
     40       3.737    0.993 0.116      0.266 0.268 0.304 0.352 0.543 0.609 0.758 0.903 0.972 0.984 0.995 1.000 1.000 1.000 1.000

  R CORE   ENERGY   A0R/A00=1.000    R3= 0     2  
   2( 1)    0.732                    1.000 0.000
   2( 2)  487.921                    0.000 1.000

  R CORE   ENERGY   A0R/A00=1.000    R3= 0     2  
   3( 1)  488.652                    0.000 1.000

  R CORE   ENERGY   A0R/A00=1.000    R3= 0     2     4  
   4( 1)    2.438                    1.000 0.000 0.000

  R CORE   ENERGY   A0R/A00=1.000    R3= 0     2     4  
   5( 1)  490.847                    0.000 1.000 0.000

  R CORE   ENERGY   A0R/A00=1.000    R3= 0     2     4     6  
   6( 1)    5.121                    1.000 0.000 0.000 0.000

  R CORE   ENERGY   A0R/A00=1.000    R3= 0     2     4     6  
   7( 1)  494.017                    0.000 1.000 0.000 0.000

          AXIAL SYMMETRY => K RESTRICTED TO OMEGA

                     K
     S.P. ORB#: 26  2.50
     S.P. ORB#: 27  0.50
     S.P. ORB#: 28 -3.50
     S.P. ORB#: 29 -1.50
     S.P. ORB#: 30  0.50
     S.P. ORB#: 31 -1.50
     S.P. ORB#: 32  2.50
     S.P. ORB#: 33 -3.50
     S.P. ORB#: 34  4.50
     S.P. ORB#: 35  0.50
     S.P. ORB#: 36 -3.50
     S.P. ORB#: 37 -1.50
     S.P. ORB#: 38  2.50
     S.P. ORB#: 39  0.50
     S.P. ORB#: 40 -1.50
 

             ENERGY    K= OMEGA
 
 I=  1/2- (1)  2.382  30: 1.000
 
 I=  1/2- (2)  4.511  27:-0.193
                      35: 0.910
                      39:-0.368
 
 I=  1/2- (3)  7.393  27:-0.375
                      35: 0.278
                      39: 0.884
 
 I=  1/2- (4)  9.309  27: 0.907
                      35: 0.308
                      39: 0.288
 
 I=  1/2- (5)147.279  31: 1.000

             ENERGY    K= OMEGA
 
 I=  3/2- (1)  2.278  30:-0.449
                      31: 0.893
 
 I=  3/2- (2)  2.642  30: 0.866
                      31: 0.441
                      37: 0.235

             ENERGY    K= OMEGA
 
 I=  5/2- (1)  2.737  30: 0.398
                      31: 0.878
                      37:-0.083
                      38:-0.249
 
 I=  5/2- (2)  3.369  26:-0.057
                      30: 0.837
                      31:-0.385
                      37:-0.373
                      38: 0.093
 
 I=  5/2- (3)  4.179  26:-0.144
                      30:-0.209
                      31:-0.178
                      37:-0.470
                      38:-0.826
 
 I=  5/2- (4)  4.544  27:-0.146
                      29: 0.077
                      35: 0.788
                      39:-0.508
                      40: 0.306
 
 I=  5/2- (5)  4.612  26: 0.865
                      30: 0.152
                      31:-0.170
                      37: 0.305
                      38:-0.327

             ENERGY    K= OMEGA
 
 I=  7/2- (1)  1.825  26:-0.158
                      33: 0.986
 
 I=  7/2- (2)  3.314  30: 0.561
                      31:-0.750
                      37: 0.182
                      38:-0.297
 
 I=  7/2- (3)  4.011  26: 0.075
                      30:-0.731
                      31:-0.543
                      37:-0.345
                      38:-0.213
 
 I=  7/2- (4)  4.016  27: 0.632
                      29: 0.585
                      32: 0.462
                      35:-0.050
                      36: 0.204
 
 I=  7/2- (5)  4.173  26:-0.194
                      28:-0.974
                      38:-0.098

             ENERGY    K= OMEGA
 
 I=  9/2- (1)  2.252  26: 0.087
                      28:-0.163
                      33: 0.350
                      34: 0.918
 
 I=  9/2- (2)  2.882  26:-0.212
                      28:-0.099
                      33:-0.905
                      34: 0.348
                      38: 0.051
 
 I=  9/2- (3)  4.275  30:-0.440
                      31:-0.785
                      33: 0.060
                      37: 0.199
                      38: 0.382
 
 I=  9/2- (4)  4.707  27: 0.190
                      29:-0.535
                      32: 0.692
                      35: 0.109
                      36:-0.420
                      40: 0.094
 
 I=  9/2- (5)  5.246  26: 0.172
                      28:-0.275
                      30:-0.671
                      31: 0.443
                      33:-0.056
                      34:-0.050
                      37: 0.477
                      38:-0.123

             ENERGY    K= OMEGA
 
 I= 11/2- (1)  3.384  27: 0.595
                      29: 0.575
                      32: 0.467
                      35: 0.180
                      36: 0.231
                      40:-0.094
 
 I= 11/2- (2)  3.390  26: 0.138
                      28: 0.221
                      33:-0.440
                      34: 0.859
 
 I= 11/2- (3)  4.165  26:-0.248
                      28: 0.148
                      31: 0.067
                      33: 0.846
                      34: 0.437
                      38: 0.073
 
 I= 11/2- (4)  5.079  27: 0.259
                      29: 0.096
                      35:-0.822
                      39:-0.267
                      40: 0.420
 
 I= 11/2- (5)  5.270  30:-0.575
                      31: 0.677
                      33:-0.079
                      37:-0.267
                      38: 0.363

             ENERGY    K= OMEGA
 
 I= 13/2- (1)  4.756  26: 0.180
                      28:-0.260
                      33: 0.489
                      34: 0.813
 
 I= 13/2- (2)  5.202  27: 0.201
                      29:-0.545
                      32: 0.680
                      35: 0.097
                      36:-0.423
                      40: 0.107
 
 I= 13/2- (3)  5.677  26:-0.274
                      28:-0.189
                      31:-0.094
                      33:-0.798
                      34: 0.484
                      38: 0.096
 
 I= 13/2- (4)  6.753  30: 0.450
                      31: 0.722
                      33:-0.113
                      34: 0.058
                      37:-0.269
                      38:-0.432
 
 I= 13/2- (5)  6.975  27:-0.127
                      29: 0.111
                      35: 0.695
                      39:-0.578
                      40: 0.390

             ENERGY     K=-3/2
  32 LEVELS    TIME=  0.0 SEC



 ******************* EXCITATION ENERGIES, DOMINANT CONFIGURATION AND EXPECTATION VALUES (WITH S.P. UU+VV FACTORS) *******************

  NR  Eex(keV)  I   Kdom  NY    <Jz>  <Jx**2> <Jy**2> <Jz**2> <I.j>/|I|  <Rx**2> <Ry**2> <Rz**2> <R.j>/|R|  <HROTx> <HROTy> <HROTz>

   1    0.0   7/2-  -7/2  33   -3.34    2.30    2.30   12.09    3.24       3.35    3.35    0.00   -1.48      0.409   0.409   0.000
   2  427.7   9/2-   9/2  34    3.29    2.50    2.50   18.95    4.12       3.83    3.83    0.00   -1.24      0.467   0.467   0.000
   3  453.2   3/2-  -3/2  31   -1.10    4.94    4.94    1.85    1.29       5.25    5.25    0.00   -2.85      0.639   0.639   0.000
   4  556.9   1/2-   1/2  30    0.50    4.91    4.91    0.25    0.10       5.32    5.32    0.00   -3.06      0.649   0.649   0.000
   5  816.9   3/2-   1/2  30   -0.00    4.66    4.66    0.75    0.47       6.00    6.00    0.00   -2.65      0.732   0.732   0.000
  
   6  912.3   5/2-  -3/2  31   -0.93    4.77    4.77    2.19    1.28       6.45    6.45    0.00   -2.21      0.786   0.786   0.000
   7 1057.3   9/2-  -7/2  33   -2.24    2.37    2.37   12.92    2.80       7.29    7.29    0.00   -0.98      0.889   0.889   0.000
   8 1489.7   7/2-  -3/2  31   -0.52    4.65    4.65    1.99    1.33       8.25    8.25    0.00   -1.48      1.006   1.006   0.000
   9 1544.7   5/2-   1/2  30   -0.05    4.35    4.35    0.90    0.35       8.14    8.14    0.00   -2.12      0.993   0.993   0.000
  10 1559.2  11/2-   1/2  27    0.04   23.81   23.81    2.88    6.26       5.71    5.71    0.00   -3.87      0.697   0.697   0.000
  
  11 1564.7  11/2-   9/2  34    2.52    2.67    2.67   18.04    3.53       8.45    8.45    0.00   -0.55      1.030   1.030   0.000
  12 2186.2   7/2-   1/2  30   -0.23    4.27    4.27    1.39    0.56      10.64   10.64    0.00   -1.68      1.297   1.297   0.000
  13 2191.0   7/2-   1/2  27    0.08   22.50   22.50    2.72    5.94       8.15    8.15    0.00   -5.98      0.994   0.994   0.000
  14 2340.4  11/2-  -7/2  33   -1.56    2.46    2.46   13.33    2.47      12.22   12.22    0.00   -0.70      1.490   1.490   0.000
  15 2348.3   7/2-  -7/2  28   -3.21    6.18    6.18   11.92    3.12       7.62    7.62    0.00   -3.04      0.929   0.929   0.001
  
  16 2353.9   5/2-   5/2  38    1.40    2.08    2.08    4.98    1.67       4.02    4.02   -0.00   -1.49      0.490   0.490  -0.000
  17 2450.4   9/2-  -3/2  31   -0.54    4.46    4.46    2.50    1.30      11.60   11.60    0.00   -1.02      1.414   1.414   0.000
  18 2686.5   1/2-   1/2  35    0.50   11.19   11.19    0.25    0.96      10.86   10.86    0.00   -4.68      1.324   1.324   0.000
  19 2718.7   5/2-   1/2  35    0.30   11.64   11.64    0.45    2.37       9.24    9.24   -0.00   -3.89      1.126   1.126  -0.000
  20 2787.6   5/2-   5/2  26    1.97    5.21    5.21    5.62    1.74       7.25    7.25    0.00   -2.86      0.883   0.883   0.000
  
  21 2882.6   9/2-   5/2  32    0.16   23.98   23.98    5.83    5.21      13.34   13.34    0.00   -5.39      1.626   1.626   0.000
  22 2931.3  13/2-   9/2  34    1.98    2.82    2.82   17.33    3.14      13.96   13.96    0.00   -0.20      1.702   1.702   0.000
  23 3253.9  11/2-   1/2  35    0.13   13.93   13.93    0.62    3.37      11.96   11.96   -0.00   -1.70      1.458   1.458  -0.000
  24 3377.2  13/2-   5/2  32    0.09   24.03   24.03    5.79    5.16      15.27   15.27    0.00   -3.22      1.862   1.862   0.000
  25 3420.9   9/2-   1/2  30   -0.56    4.10    4.10    2.36    0.64      14.47   14.47    0.00   -1.37      1.764   1.764   0.000
  
  26 3445.4  11/2-  -3/2  31   -0.32    4.41    4.41    2.21    1.32      15.48   15.48    0.00   -0.56      1.887   1.887   0.000
  27 3852.1  13/2-  -7/2  33   -1.10    2.55    2.55   13.52    2.23      18.14   18.14    0.00   -0.51      2.211   2.211   0.000
  28 4928.1  13/2-  -3/2  31   -0.35    4.23    4.23    2.79    1.28      21.04   21.04    0.00   -0.35      2.565   2.565   0.000
  29 5150.4  13/2-   1/2  35    0.17   12.09   12.09    0.60    2.67      18.10   18.10   -0.00   -1.02      2.207   2.207  -0.000
  30 5568.7   1/2-   1/2  39    0.50   15.92   15.92    0.25   -0.59      16.93   16.93    0.00   -5.60      2.064   2.064   0.000
  
  31 7483.9   1/2-   1/2  27    0.50   23.42   23.42    0.25   -3.42      26.89   26.89    0.00   -6.83      3.278   3.278   0.000
  32*******   1/2-  -3/2  31    0.00    0.00    0.00    0.00    0.00       0.00    0.00    0.00   -0.00      0.000   0.000   0.000
