1SPECTRUM OF (Z= 82 A=207) IN PARTICLE-ROTOR  MODEL WITH MODIFIED OSCILLATOR POTENTIAL


 PARITY=-   EPS= 0.327   GAMMA=  0.0   EPS4=0.000   EPS6=0.000   LEVELS:  26  27  28  29  30  31  32  33  34  35  36  37  38  39  40

 PAIRING FACTORS: GN0= 19.20  GN1=  7.40  IPAIR= 15 ***  E2PLUS(INPUT)=   0.730  E2PLUR(INPUT)=   0.000

 CORIOLIS ATTENUATION PARAMETERS:  CHSI=1.000  ETA=  1.00

 MOMENT OF INERTIA PARAMETERS:   A1=  0.122 MEV   A2=  0.122 MEV   A3=121.91923 MEV


 DELTA=0.924 MEV  LAMBDA=53.3158 MEV   HW0= 7.5078 MEV   LAMBDA/HW0= 7.1014

 E2ENERGY=0.730 MEV  HBAR**2/B=19827./A**(7/3)=3351.7/A**2 MEV

 IREC=0  =>  RECOIL TERMS j+j-, j+j+, jzjz, ETC TREATED AS ONE-BODY OPERATORS WITH UU+VV PAIRING FACTORS



 S. P. LEVEL   EQP       U     V        (UU + VV)**1.00

     26       3.201    0.146 0.989      1.000 0.999 0.988 0.973 0.959 0.932 0.905 0.733 0.579 0.338 0.334 0.314 0.314 0.281 0.257
     27       2.644    0.178 0.984      0.999 1.000 0.992 0.980 0.967 0.943 0.918 0.755 0.604 0.368 0.364 0.345 0.345 0.312 0.288
     28       1.620    0.299 0.954      0.988 0.992 1.000 0.997 0.991 0.977 0.960 0.831 0.699 0.481 0.477 0.459 0.459 0.428 0.405
     29       1.345    0.370 0.929      0.973 0.980 0.997 1.000 0.998 0.990 0.979 0.870 0.751 0.545 0.542 0.524 0.524 0.495 0.473
     30       1.211    0.421 0.907      0.959 0.967 0.991 0.998 1.000 0.997 0.988 0.896 0.786 0.591 0.588 0.571 0.571 0.542 0.521
     31       1.076    0.494 0.869      0.932 0.943 0.977 0.990 0.997 1.000 0.998 0.930 0.835 0.656 0.653 0.637 0.637 0.610 0.590
     32       1.003    0.553 0.833      0.905 0.918 0.960 0.979 0.988 0.998 1.000 0.953 0.871 0.706 0.703 0.689 0.689 0.663 0.644
     33       0.947    0.780 0.626      0.733 0.755 0.831 0.870 0.896 0.930 0.953 1.000 0.979 0.888 0.886 0.876 0.876 0.859 0.846
     34       1.144    0.891 0.453      0.579 0.604 0.699 0.751 0.786 0.835 0.871 0.979 1.000 0.963 0.962 0.956 0.956 0.945 0.937
     35       2.398    0.980 0.197      0.338 0.368 0.481 0.545 0.591 0.656 0.706 0.888 0.963 1.000 1.000 1.000 1.000 0.998 0.996
     36       2.443    0.981 0.193      0.334 0.364 0.477 0.542 0.588 0.653 0.703 0.886 0.962 1.000 1.000 1.000 1.000 0.998 0.997
     37       2.719    0.985 0.173      0.314 0.345 0.459 0.524 0.571 0.637 0.689 0.876 0.956 1.000 1.000 1.000 1.000 0.999 0.998
     38       2.720    0.985 0.173      0.314 0.345 0.459 0.524 0.571 0.637 0.689 0.876 0.956 1.000 1.000 1.000 1.000 0.999 0.998
     39       3.375    0.990 0.138      0.281 0.312 0.428 0.495 0.542 0.610 0.663 0.859 0.945 0.998 0.998 0.999 0.999 1.000 1.000
     40       4.106    0.994 0.113      0.257 0.288 0.405 0.473 0.521 0.590 0.644 0.846 0.937 0.996 0.997 0.998 0.998 1.000 1.000

  R CORE   ENERGY   A0R/A00=1.000    R3= 0     2  
   2( 1)    0.732                    1.000 0.000
   2( 2)  487.921                    0.000 1.000

  R CORE   ENERGY   A0R/A00=1.000    R3= 0     2  
   3( 1)  488.652                    0.000 1.000

  R CORE   ENERGY   A0R/A00=1.000    R3= 0     2     4  
   4( 1)    2.438                    1.000 0.000 0.000

  R CORE   ENERGY   A0R/A00=1.000    R3= 0     2     4  
   5( 1)  490.847                    0.000 1.000 0.000

  R CORE   ENERGY   A0R/A00=1.000    R3= 0     2     4     6  
   6( 1)    5.121                    1.000 0.000 0.000 0.000

  R CORE   ENERGY   A0R/A00=1.000    R3= 0     2     4     6  
   7( 1)  494.017                    0.000 1.000 0.000 0.000

          AXIAL SYMMETRY => K RESTRICTED TO OMEGA

                     K
     S.P. ORB#: 26  2.50
     S.P. ORB#: 27 -3.50
     S.P. ORB#: 28  0.50
     S.P. ORB#: 29  0.50
     S.P. ORB#: 30 -1.50
     S.P. ORB#: 31 -1.50
     S.P. ORB#: 32 -3.50
     S.P. ORB#: 33  4.50
     S.P. ORB#: 34  2.50
     S.P. ORB#: 35 -3.50
     S.P. ORB#: 36 -1.50
     S.P. ORB#: 37  0.50
     S.P. ORB#: 38  2.50
     S.P. ORB#: 39  0.50
     S.P. ORB#: 40  4.50
 

             ENERGY    K= OMEGA
 
 I=  1/2- (1)  2.580  29: 0.999
 
 I=  1/2- (2)  3.723  39:-0.999
 
 I=  1/2- (3)  5.998  28: 0.428
                      37:-0.904
 
 I=  1/2- (4)  8.749  28: 0.904
                      37: 0.428
 
 I=  1/2- (5)147.379  31:-1.000

             ENERGY    K= OMEGA
 
 I=  3/2- (1)  2.457  29: 0.397
                      30:-0.917
 
 I=  3/2- (2)  2.672  29:-0.727
                      30:-0.317
                      36:-0.587
                      39: 0.160
 
 I=  3/2- (3)  3.257  29:-0.533
                      30:-0.214
                      36: 0.809
                      39: 0.122
 
 I=  3/2- (4)  4.446  29:-0.171
                      30:-0.111
                      39:-0.979
 
 I=  3/2- (5)  4.888  28: 0.734
                      31: 0.354
                      37:-0.579

             ENERGY    K= OMEGA
 
 I=  5/2- (1)  2.740  29:-0.394
                      30:-0.765
                      36: 0.179
                      38: 0.441
                      39:-0.182
 
 I=  5/2- (2)  3.295  26:-0.066
                      29: 0.519
                      30:-0.432
                      36:-0.734
 
 I=  5/2- (3)  3.511  29:-0.459
                      30:-0.225
                      36:-0.170
                      38:-0.817
                      39:-0.205
 
 I=  5/2- (4)  4.196  29: 0.535
                      30:-0.403
                      36: 0.601
                      38:-0.371
                      39: 0.225
 
 I=  5/2- (5)  4.633  26:-0.081
                      29:-0.281
                      30:-0.119
                      36:-0.175
                      39: 0.933

             ENERGY    K= OMEGA
 
 I=  7/2- (1)  1.798  26:-0.197
                      27: 0.052
                      32: 0.979
 
 I=  7/2- (2)  3.339  29:-0.477
                      30: 0.657
                      36:-0.313
                      38: 0.490
 
 I=  7/2- (3)  3.459  28: 0.719
                      31: 0.581
                      34: 0.352
                      35: 0.147
 
 I=  7/2- (4)  3.880  26: 0.061
                      29:-0.584
                      30:-0.500
                      36:-0.536
                      38:-0.235
                      39: 0.248
 
 I=  7/2- (5)  4.369  26:-0.160
                      27:-0.525
                      29:-0.368
                      30: 0.350
                      36: 0.314
                      38:-0.584

             ENERGY    K= OMEGA
 
 I=  9/2- (1)  1.830  26:-0.071
                      27: 0.196
                      32:-0.228
                      33:-0.951
 
 I=  9/2- (2)  2.749  26: 0.269
                      27: 0.090
                      32: 0.930
                      33:-0.225
 
 I=  9/2- (3)  4.105  29:-0.428
                      30:-0.670
                      36: 0.279
                      38: 0.479
                      39:-0.239
 
 I=  9/2- (4)  4.366  28: 0.202
                      31:-0.519
                      34: 0.635
                      35:-0.488
                      40: 0.220
 
 I=  9/2- (5)  5.114  26: 0.104
                      27:-0.059
                      29:-0.431
                      30: 0.484
                      32:-0.059
                      36: 0.735
                      38:-0.071
                      39: 0.132

             ENERGY    K= OMEGA
 
 I= 11/2- (1)  2.708  28:-0.656
                      31:-0.566
                      34:-0.411
                      35:-0.256
                      37:-0.055
                      40:-0.110
 
 I= 11/2- (2)  2.912  26:-0.122
                      27:-0.266
                      32: 0.316
                      33:-0.902
 
 I= 11/2- (3)  3.932  26:-0.316
                      27: 0.130
                      32: 0.883
                      33: 0.314
                      38: 0.057
 
 I= 11/2- (4)  5.236  29: 0.500
                      30:-0.593
                      36: 0.381
                      38:-0.499
 
 I= 11/2- (5)  5.716  28:-0.489
                      31:-0.110
                      34: 0.426
                      35: 0.624
                      40: 0.421

             ENERGY    K= OMEGA
 
 I= 13/2- (1)  4.213  26:-0.167
                      27: 0.311
                      32:-0.375
                      33:-0.857
 
 I= 13/2- (2)  4.310  28:-0.172
                      31: 0.456
                      34:-0.611
                      35: 0.546
                      40:-0.303
 
 I= 13/2- (3)  5.348  26: 0.346
                      27: 0.167
                      30: 0.068
                      32: 0.838
                      33:-0.373
                      38:-0.074
 
 I= 13/2- (4)  6.452  29:-0.443
                      30:-0.633
                      32: 0.069
                      36: 0.310
                      38: 0.470
                      39:-0.279
 
 I= 13/2- (5)  7.910  26:-0.105
                      27: 0.068
                      29: 0.353
                      30:-0.483
                      32: 0.097
                      36:-0.746
                      39:-0.243

             ENERGY     K= 9/2
  35 LEVELS    TIME=  0.0 SEC



 ******************* EXCITATION ENERGIES, DOMINANT CONFIGURATION AND EXPECTATION VALUES (WITH S.P. UU+VV FACTORS) *******************

  NR  Eex(keV)  I   Kdom  NY    <Jz>  <Jx**2> <Jy**2> <Jz**2> <I.j>/|I|  <Rx**2> <Ry**2> <Rz**2> <R.j>/|R|  <HROTx> <HROTy> <HROTz>

   1    0.0   7/2-  -7/2  32   -3.26    2.31    2.31   12.01    3.35       2.89    2.89    0.00   -1.39      0.352   0.352   0.000
   2   31.9   9/2-   9/2  33    3.76    2.54    2.54   19.45    4.29       3.30    3.30    0.00   -1.24      0.402   0.402   0.000
   3  658.5   3/2-  -3/2  30   -1.18    4.71    4.71    1.93    1.31       5.01    5.01    0.00   -2.78      0.611   0.611   0.000
   4  781.6   1/2-   1/2  29    0.50    4.71    4.71    0.25    0.19       5.04    5.04    0.00   -2.99      0.615   0.615   0.000
   5  873.9   3/2-   1/2  29   -0.39    3.41    3.41    1.14    1.10       3.73    3.73    0.00   -2.14      0.455   0.455   0.000
  
   6  909.8  11/2-   1/2  28   -0.02   24.48   24.48    2.93    6.47       5.16    5.16    0.00   -4.12      0.629   0.629   0.000
   7  942.0   5/2-  -3/2  30   -0.34    4.07    4.07    2.65    1.77       4.53    4.53    0.00   -1.84      0.552   0.552   0.000
   8  951.3   9/2-  -7/2  32   -2.64    2.41    2.41   12.19    2.90       6.45    6.45    0.00   -0.72      0.786   0.786   0.000
   9 1114.4  11/2-   9/2  33    3.10    2.76    2.76   18.67    3.77       7.41    7.41   -0.00   -0.42      0.903   0.903  -0.000
  10 1458.7   3/2-  -3/2  36   -0.90    2.84    2.84    1.65    0.39       4.79    4.79    0.00   -2.13      0.584   0.584   0.000
  
  11 1497.0   5/2-  -3/2  36   -0.94    2.85    2.85    1.73    0.83       5.63    5.63    0.00   -1.48      0.686   0.686   0.000
  12 1540.4   7/2-  -3/2  30   -0.09    3.88    3.88    2.78    1.65       6.61    6.61   -0.00   -1.10      0.806   0.806  -0.000
  13 1660.6   7/2-   1/2  28   -0.01   24.12   24.12    1.93    6.17       8.47    8.47    0.00   -6.24      1.032   1.032   0.000
  14 1712.9   5/2-   5/2  38    1.68    2.53    2.53    4.42    1.51       4.66    4.66    0.00   -1.65      0.569   0.569   0.000
  15 1925.4   1/2-   1/2  39    0.50    1.56    1.56    0.25    0.70       1.45    1.45    0.00   -1.62      0.177   0.177   0.000
  
  16 2082.0   7/2-   1/2  29   -0.46    3.23    3.23    1.69    0.90       8.39    8.39    0.00   -1.12      1.023   1.023   0.000
  17 2133.5  11/2-  -7/2  32   -2.09    2.50    2.50   12.39    2.61      10.99   10.99    0.00   -0.39      1.340   1.340   0.000
  18 2306.9   9/2-  -3/2  30   -0.11    3.81    3.81    2.72    1.63       9.45    9.45    0.00   -0.52      1.152   1.152   0.000
  19 2398.1   5/2-  -3/2  36   -0.27    3.32    3.32    2.14   -0.06       8.94    8.94    0.00   -2.12      1.090   1.090   0.000
  20 2415.4  13/2-   9/2  33    2.54    2.96    2.96   17.96    3.42      12.43   12.43    0.00    0.00      1.516   1.516   0.000
  
  21 2512.4  13/2-   5/2  34    0.01   24.15   24.15    8.30    6.06      10.34   10.34    0.00   -3.14      1.261   1.261   0.000
  22 2567.8   9/2-   5/2  34    0.01   24.41   24.41    7.03    5.81      11.40   11.40    0.00   -5.64      1.389   1.389   0.000
  23 2571.1   7/2-   5/2  38   -0.31    3.76    3.76    6.21    1.59       8.44    8.44    0.00   -1.81      1.028   1.028   0.000
  24 2648.4   3/2-   1/2  39    0.48    1.77    1.77    0.27   -0.50       4.75    4.75    0.00   -1.55      0.579   0.579   0.000
  25 2834.8   5/2-   1/2  39    0.42    1.78    1.78    0.38    0.09       6.06    6.06    0.00   -1.05      0.739   0.739   0.000
  
  26 3089.9   3/2-   1/2  28    0.25   17.06   17.06    0.50    3.62      12.17   12.17    0.00   -5.59      1.484   1.484   0.000
  27 3315.9   9/2-  -3/2  36   -1.04    2.73    2.73    1.98    0.65      12.89   12.89    0.00   -0.83      1.571   1.571   0.000
  28 3437.9  11/2-  -3/2  30   -0.00    3.73    3.73    2.80    1.49      14.09   14.09    0.00   -0.25      1.717   1.717   0.000
  29 3549.6  13/2-  -7/2  32   -1.62    2.59    2.59   12.56    2.39      16.54   16.54    0.00   -0.18      2.016   2.016   0.000
  30 3918.1  11/2-  -7/2  35   -0.01   23.19   23.19    9.57    5.30      14.13   14.13    0.00   -4.56      1.723   1.723   0.000
  
  31 4200.0   1/2-   1/2  37    0.50   12.41   12.41    0.25   -1.57      14.27   14.27    0.00   -4.95      1.740   1.740   0.000
  32 4654.4  13/2-  -3/2  30   -0.06    3.72    3.72    2.69    1.52      18.84   18.84    0.00    0.08      2.297   2.297   0.000
  33 6112.2  13/2-  -3/2  36   -1.11    2.53    2.53    2.08    0.57      23.95   23.95    0.00   -0.46      2.920   2.920   0.000
  34 6950.4   1/2-   1/2  28    0.50   24.83   24.83    0.25   -3.56      28.41   28.41    0.00   -7.03      3.464   3.464   0.000
  35*******   1/2-  -3/2  31    0.00    0.00    0.00    0.00    0.00       0.00    0.00    0.00   -0.00      0.000   0.000   0.000
  
