1SPECTRUM OF (Z= 82 A=207) IN PARTICLE-ROTOR  MODEL WITH MODIFIED OSCILLATOR POTENTIAL


 PARITY=-   EPS= 0.182   GAMMA=  0.0   EPS4=0.000   EPS6=0.000   LEVELS:  24  25  26  27  28  29  30  31  32  33  34  35  36  37  38

 PAIRING FACTORS: GN0= 19.20  GN1=  7.40  IPAIR= 15 ***  E2PLUS(INPUT)=   0.730  E2PLUR(INPUT)=   0.000

 CORIOLIS ATTENUATION PARAMETERS:  CHSI=1.000  ETA=  1.00

 MOMENT OF INERTIA PARAMETERS:   A1=  0.122 MEV   A2=  0.122 MEV   A3=121.91924 MEV


 DELTA=0.912 MEV  LAMBDA=53.4592 MEV   HW0= 7.4395 MEV   LAMBDA/HW0= 7.1859

 E2ENERGY=0.730 MEV  HBAR**2/B= 6142./A**(7/3)=1038.3/A**2 MEV

 IREC=0  =>  RECOIL TERMS j+j-, j+j+, jzjz, ETC TREATED AS ONE-BODY OPERATORS WITH UU+VV PAIRING FACTORS



 S. P. LEVEL   EQP       U     V        (UU + VV)**1.00

     24       5.146    0.089 0.996      1.000 1.000 1.000 0.999 0.997 0.994 0.992 0.990 0.781 0.675 0.451 0.382 0.341 0.288 0.242
     25       4.313    0.106 0.994      1.000 1.000 1.000 1.000 0.999 0.996 0.994 0.992 0.791 0.688 0.466 0.398 0.357 0.305 0.259
     26       3.918    0.117 0.993      1.000 1.000 1.000 1.000 0.999 0.997 0.995 0.993 0.798 0.696 0.476 0.408 0.368 0.315 0.269
     27       3.803    0.121 0.993      0.999 1.000 1.000 1.000 0.999 0.997 0.996 0.994 0.800 0.698 0.479 0.411 0.371 0.318 0.273
     28       2.885    0.160 0.987      0.997 0.999 0.999 0.999 1.000 0.999 0.999 0.997 0.823 0.726 0.514 0.447 0.408 0.356 0.311
     29       2.348    0.198 0.980      0.994 0.996 0.997 0.997 0.999 1.000 1.000 0.999 0.845 0.752 0.546 0.481 0.443 0.392 0.347
     30       2.186    0.214 0.977      0.992 0.994 0.995 0.996 0.999 1.000 1.000 1.000 0.853 0.763 0.559 0.495 0.457 0.406 0.362
     31       2.026    0.232 0.973      0.990 0.992 0.993 0.994 0.997 0.999 1.000 1.000 0.862 0.774 0.575 0.511 0.473 0.423 0.379
     32       0.913    0.692 0.722      0.781 0.791 0.798 0.800 0.823 0.845 0.853 0.862 1.000 0.988 0.910 0.876 0.854 0.823 0.795
     33       0.946    0.795 0.607      0.675 0.688 0.696 0.698 0.726 0.752 0.763 0.774 0.988 1.000 0.963 0.940 0.924 0.901 0.879
     34       1.329    0.929 0.369      0.451 0.466 0.476 0.479 0.514 0.546 0.559 0.575 0.910 0.963 1.000 0.997 0.993 0.985 0.975
     35       1.604    0.955 0.298      0.382 0.398 0.408 0.411 0.447 0.481 0.495 0.511 0.876 0.940 0.997 1.000 0.999 0.995 0.989
     36       1.843    0.967 0.256      0.341 0.357 0.368 0.371 0.408 0.443 0.457 0.473 0.854 0.924 0.993 0.999 1.000 0.998 0.995
     37       2.311    0.979 0.202      0.288 0.305 0.315 0.318 0.356 0.392 0.406 0.423 0.823 0.901 0.985 0.995 0.998 1.000 0.999
     38       2.987    0.988 0.155      0.242 0.259 0.269 0.273 0.311 0.347 0.362 0.379 0.795 0.879 0.975 0.989 0.995 0.999 1.000

  R CORE   ENERGY   A0R/A00=1.000    R3= 0     2  
   2( 1)    0.732                    1.000 0.000
   2( 2)  487.921                    0.000 1.000

  R CORE   ENERGY   A0R/A00=1.000    R3= 0     2  
   3( 1)  488.652                    0.000 1.000

  R CORE   ENERGY   A0R/A00=1.000    R3= 0     2     4  
   4( 1)    2.438                    1.000 0.000 0.000

  R CORE   ENERGY   A0R/A00=1.000    R3= 0     2     4  
   5( 1)  490.847                    0.000 1.000 0.000

  R CORE   ENERGY   A0R/A00=1.000    R3= 0     2     4     6  
   6( 1)    5.121                    1.000 0.000 0.000 0.000

  R CORE   ENERGY   A0R/A00=1.000    R3= 0     2     4     6  
   7( 1)  494.017                    0.000 1.000 0.000 0.000

          AXIAL SYMMETRY => K RESTRICTED TO OMEGA

                     K
     S.P. ORB#: 24  2.50
     S.P. ORB#: 25  2.50
     S.P. ORB#: 26  0.50
     S.P. ORB#: 27 -3.50
     S.P. ORB#: 28 -3.50
     S.P. ORB#: 29  4.50
     S.P. ORB#: 30  0.50
     S.P. ORB#: 31 -1.50
     S.P. ORB#: 32 -1.50
     S.P. ORB#: 33  2.50
     S.P. ORB#: 34  0.50
     S.P. ORB#: 35  0.50
     S.P. ORB#: 36 -1.50
     S.P. ORB#: 37  2.50
     S.P. ORB#: 38 -3.50
 

             ENERGY    K= OMEGA
 
 I=  1/2- (1)  1.572  26:-0.062
                      34:-0.998
 
 I=  1/2- (2)  3.206  30: 1.000
 
 I=  1/2- (3)  5.058  26: 0.998
                      34:-0.062
 
 I=  1/2- (4)  9.642  35:-1.000
 
 I=  1/2- (5)147.216  32: 1.000

             ENERGY    K= OMEGA
 
 I=  3/2- (1)  1.387  30: 0.191
                      31: 0.110
                      32: 0.971
                      34:-0.083
 
 I=  3/2- (2)  2.228  30:-0.147
                      31:-0.122
                      32: 0.126
                      34: 0.973

             ENERGY    K= OMEGA
 
 I=  5/2- (1)  1.414  30: 0.132
                      31: 0.179
                      32:-0.404
                      33:-0.883
                      34: 0.066
 
 I=  5/2- (2)  2.000  30: 0.227
                      31:-0.166
                      32:-0.872
                      33: 0.397
 
 I=  5/2- (3)  2.250  30: 0.141
                      31: 0.184
                      33: 0.126
                      34: 0.964
 
 I=  5/2- (4)  3.266  24: 0.072
                      26:-0.384
                      30: 0.448
                      31: 0.742
                      32: 0.073
                      33: 0.186
                      34:-0.237
 
 I=  5/2- (5)  4.538  24: 0.063
                      26: 0.073
                      30:-0.801
                      31: 0.519
                      32:-0.262
                      33: 0.099

             ENERGY    K= OMEGA
 
 I=  7/2- (1)  2.047  30: 0.179
                      31:-0.215
                      32: 0.496
                      33:-0.820
 
 I=  7/2- (2)  2.645  25:-0.069
                      26:-0.175
                      28: 0.069
                      30:-0.348
                      31:-0.299
                      32:-0.719
                      33:-0.435
                      34: 0.202
 
 I=  7/2- (3)  3.596  24:-0.069
                      25: 0.246
                      27: 0.143
                      28:-0.946
                      30:-0.070
                      34: 0.107
 
 I=  7/2- (4)  3.832  26:-0.083
                      28: 0.099
                      30:-0.134
                      31:-0.234
                      32: 0.312
                      33: 0.213
                      34: 0.875
 
 I=  7/2- (5)  4.015  35: 0.722
                      36: 0.575
                      37: 0.355
                      38: 0.151

             ENERGY    K= OMEGA
 
 I=  9/2- (1)  2.701  26: 0.177
                      27:-0.102
                      29: 0.152
                      30:-0.299
                      31:-0.363
                      32: 0.461
                      33: 0.682
                      34:-0.181
 
 I=  9/2- (2)  3.066  24: 0.070
                      25: 0.070
                      27: 0.279
                      28: 0.179
                      29:-0.920
                      30:-0.068
                      31:-0.058
                      32: 0.099
                      33: 0.113
 
 I=  9/2- (3)  3.808  24: 0.072
                      25:-0.127
                      26:-0.059
                      27: 0.061
                      28:-0.177
                      30:-0.150
                      31: 0.340
                      32: 0.731
                      33:-0.242
                      34: 0.458
 
 I=  9/2- (4)  3.875  25:-0.053
                      26: 0.085
                      28:-0.096
                      30:-0.310
                      31:-0.065
                      32: 0.219
                      33:-0.540
                      34:-0.734
 
 I=  9/2- (5)  4.486  24: 0.119
                      25:-0.301
                      26:-0.072
                      27: 0.180
                      28:-0.869
                      29:-0.132
                      30: 0.139
                      32:-0.152
                      33: 0.178
                      34:-0.104

             ENERGY    K= OMEGA
 
 I= 11/2- (1)  2.855  35: 0.684
                      36: 0.576
                      37: 0.400
                      38: 0.202
 
 I= 11/2- (2)  3.817  24: 0.104
                      25: 0.112
                      27:-0.322
                      28:-0.156
                      29:-0.596
                      30: 0.170
                      31:-0.236
                      32: 0.362
                      33:-0.527
 
 I= 11/2- (3)  4.066  24: 0.077
                      25: 0.051
                      27:-0.239
                      28:-0.165
                      29:-0.633
                      30:-0.220
                      31: 0.175
                      32:-0.426
                      33: 0.495
 
 I= 11/2- (4)  4.590  24: 0.080
                      25:-0.124
                      26:-0.284
                      27:-0.054
                      28: 0.175
                      29: 0.064
                      30:-0.405
                      31:-0.414
                      32:-0.545
                      33:-0.415
                      34: 0.239
 
 I= 11/2- (5)  5.565  24:-0.140
                      25: 0.359
                      26:-0.094
                      27: 0.220
                      28:-0.846
                      29: 0.167
                      30:-0.150
                      31:-0.073
                      32:-0.051
                      33:-0.073
                      34: 0.121

             ENERGY    K= OMEGA
 
 I= 13/2- (1)  4.636  24: 0.115
                      25: 0.085
                      26:-0.266
                      27: 0.235
                      28: 0.086
                      29:-0.302
                      30: 0.358
                      31: 0.431
                      32:-0.378
                      33:-0.506
                      34: 0.206
 
 I= 13/2- (2)  5.067  35:-0.231
                      36: 0.579
                      37:-0.653
                      38: 0.430
 
 I= 13/2- (3)  5.113  24: 0.126
                      25: 0.130
                      26: 0.134
                      27: 0.399
                      28: 0.245
                      29:-0.761
                      30:-0.193
                      31:-0.176
                      32: 0.182
                      33: 0.189
                      34:-0.121
 
 I= 13/2- (4)  6.374  24: 0.155
                      25:-0.244
                      26:-0.104
                      27: 0.133
                      28:-0.369
                      29:-0.053
                      30:-0.105
                      31: 0.333
                      32: 0.654
                      34: 0.446
 
 I= 13/2- (5)  6.528  24: 0.050
                      25:-0.150
                      26: 0.097
                      27: 0.107
                      28:-0.296
                      30:-0.296
                      32: 0.115
                      33:-0.609
                      34:-0.628

             ENERGY     K=-7/2
  32 LEVELS    TIME=  0.0 SEC



 ******************* EXCITATION ENERGIES, DOMINANT CONFIGURATION AND EXPECTATION VALUES (WITH S.P. UU+VV FACTORS) *******************

  NR  Eex(keV)  I   Kdom  NY    <Jz>  <Jx**2> <Jy**2> <Jz**2> <I.j>/|I|  <Rx**2> <Ry**2> <Rz**2> <R.j>/|R|  <HROTx> <HROTy> <HROTz>

   1    0.0   3/2-  -3/2  32   -1.41    1.53    1.53    2.16    1.46       1.66    1.66    0.00   -1.31      0.202   0.202   0.000
   2   26.5   5/2-   5/2  33    1.67    1.80    1.80    5.32    2.42       1.66    1.66    0.00   -0.96      0.202   0.202   0.000
   3  184.7   1/2-   1/2  34    0.50    1.18    1.18    0.25    0.83       0.96    0.96    0.00   -1.36      0.117   0.117   0.000
   4  613.0   5/2-  -3/2  32   -0.76    1.54    1.54    2.78    1.11       4.01    4.01    0.00   -0.91      0.489   0.489   0.000
   5  659.8   7/2-   5/2  33    1.26    1.93    1.93    4.90    2.04       4.15    4.15   -0.00   -0.23      0.506   0.506  -0.000
  
   6  840.7   3/2-   1/2  34    0.44    1.29    1.29    0.31   -0.14       3.60    3.60    0.00   -1.18      0.438   0.438   0.000
   7  863.0   5/2-   1/2  34    0.46    1.52    1.52    0.41    0.84       3.63    3.63    0.00   -0.36      0.443   0.443   0.000
   8 1257.5   7/2-  -3/2  32   -0.35    1.74    1.74    2.70    1.39       5.45    5.45    0.00   -0.20      0.665   0.665   0.000
   9 1313.6   9/2-   5/2  33    0.79    2.80    2.80    4.34    2.39       5.45    5.45    0.00    0.59      0.665   0.665   0.000
  10 1468.0  11/2-   1/2  35   -0.01   28.30   28.30    2.36    7.23       4.11    4.11    0.00   -5.48      0.501   0.501   0.000
  
  11 1679.2   9/2-   9/2  29    3.47    2.75    2.75   18.66    4.42       2.45    2.45    0.00   -0.97      0.299   0.299   0.000
  12 1819.1   1/2-   1/2  30    0.50    4.02    4.02    0.25    0.40       4.18    4.18    0.00   -2.75      0.509   0.509   0.000
  13 1878.9   5/2-  -3/2  31   -0.53    3.79    3.79    1.60    1.65       4.08    4.08    0.00   -1.50      0.497   0.497   0.000
  14 2209.2   7/2-  -7/2  28   -3.03    2.27    2.27   11.63    3.38       2.54    2.54    0.00   -1.22      0.309   0.309   0.000
  15 2421.0   9/2-  -3/2  32   -0.78    1.53    1.53    2.45    0.99      10.21   10.21    0.00   -0.13      1.245   1.245   0.000
  
  16 2430.3  11/2-   9/2  29    1.64    3.06    3.06   11.07    3.16       7.59    7.59    0.00    0.43      0.926   0.926   0.000
  17 2444.5   7/2-   1/2  34    0.25    1.67    1.67    0.96   -0.02      10.11   10.11    0.00   -0.98      1.233   1.233   0.000
  18 2487.4   9/2-   1/2  34    0.94    2.01    2.01    2.26    1.02      10.44   10.44   -0.00   -0.26      1.273   1.273  -0.000
  19 2628.2   7/2-   1/2  35   -0.00   28.44   28.44    1.94    7.11       9.07    9.07    0.00   -7.19      1.106   1.106   0.000
  20 2678.7  11/2-   9/2  29    1.85    2.50    2.50   11.21    2.82       9.10    9.10    0.00    0.16      1.110   1.110   0.000
  
  21 3099.1   9/2-  -7/2  28   -2.36    2.33    2.33   10.92    2.77       6.36    6.36    0.00   -0.50      0.776   0.776   0.000
  22 3151.1   5/2-   1/2  30   -0.15    4.09    4.09    1.01   -0.39      10.14   10.14    0.00   -2.30      1.236   1.236   0.000
  23 3203.2  11/2-  -3/2  32   -0.17    2.18    2.18    2.83    1.63      11.70   11.70   -0.00    0.53      1.427   1.427  -0.000
  24 3249.3  13/2-   5/2  33    0.51    3.76    3.76    5.13    2.79      11.20   11.20    0.00    1.45      1.365   1.365   0.000
  25 3670.6   1/2-   1/2  26    0.50    4.81    4.81    0.25    0.68       4.72    4.72    0.00   -3.02      0.576   0.576   0.000
  
  26 3680.4  13/2-   5/2  37   -0.06   27.21   27.21    5.70    6.14      11.59   11.59   -0.00   -3.59      1.413   1.413  -0.000
  27 3726.2  13/2-   9/2  29    1.95    3.51    3.51   14.99    3.58      10.35   10.35    0.00    0.66      1.262   1.262   0.000
  28 4177.9  11/2-  -7/2  28   -2.15    2.47    2.47   10.92    2.62      10.13   10.13   -0.00   -0.04      1.235   1.235  -0.000
  29 4987.3  13/2-  -3/2  32   -1.01    1.86    1.86    3.73    1.33      18.79   18.79    0.00    0.30      2.291   2.291   0.000
  30 5141.2  13/2-   1/2  34    0.87    2.12    2.12    3.84    1.13      20.53   20.53   -0.00   -0.03      2.503   2.503  -0.000
  
  31 8254.5   1/2-   1/2  35    0.50   28.92   28.92    0.25   -4.09      32.96   32.96    0.00   -7.59      4.019   4.019   0.000
  32*******   1/2-  -3/2  32    0.00    0.00    0.00    0.00   -0.00       0.00    0.00    0.00   -0.00      0.000   0.000   0.000
