1SPECTRUM OF (Z= 82 A=207) IN PARTICLE-ROTOR  MODEL WITH MODIFIED OSCILLATOR POTENTIAL


 PARITY=-   EPS= 0.179   GAMMA=  0.0   EPS4=0.000   EPS6=0.000   LEVELS:  25  26  27  28  29  30  31  32  33  34  35  36  37  38  39

 PAIRING FACTORS: GN0= 19.20  GN1=  7.40  IPAIR= 15 ***  E2PLUS(INPUT)=   0.730  E2PLUR(INPUT)=   0.000

 CORIOLIS ATTENUATION PARAMETERS:  CHSI=1.000  ETA=  1.00

 MOMENT OF INERTIA PARAMETERS:   A1=  0.122 MEV   A2=  0.122 MEV   A3=121.91921 MEV


 DELTA=0.906 MEV  LAMBDA=53.4529 MEV   HW0= 7.4385 MEV   LAMBDA/HW0= 7.1860

 E2ENERGY=0.730 MEV  HBAR**2/B= 5941./A**(7/3)=1004.3/A**2 MEV

 IREC=0  =>  RECOIL TERMS j+j-, j+j+, jzjz, ETC TREATED AS ONE-BODY OPERATORS WITH UU+VV PAIRING FACTORS



 S. P. LEVEL   EQP       U     V        (UU + VV)**1.00

     25       4.321    0.105 0.994      1.000 1.000 1.000 0.999 0.996 0.994 0.992 0.802 0.699 0.471 0.386 0.349 0.299 0.256 0.222
     26       3.894    0.117 0.993      1.000 1.000 1.000 0.999 0.997 0.995 0.994 0.809 0.708 0.482 0.397 0.360 0.311 0.267 0.234
     27       3.814    0.120 0.993      1.000 1.000 1.000 0.999 0.997 0.996 0.994 0.811 0.709 0.484 0.399 0.362 0.313 0.269 0.236
     28       2.917    0.157 0.988      0.999 0.999 0.999 1.000 0.999 0.998 0.997 0.832 0.736 0.517 0.434 0.397 0.349 0.306 0.273
     29       2.379    0.194 0.981      0.996 0.997 0.997 0.999 1.000 1.000 0.999 0.852 0.761 0.549 0.467 0.431 0.384 0.341 0.309
     30       2.189    0.212 0.977      0.994 0.995 0.996 0.998 1.000 1.000 1.000 0.862 0.772 0.563 0.483 0.448 0.400 0.358 0.326
     31       2.028    0.229 0.973      0.992 0.994 0.994 0.997 0.999 1.000 1.000 0.871 0.783 0.578 0.499 0.464 0.417 0.375 0.343
     32       0.908    0.678 0.735      0.802 0.809 0.811 0.832 0.852 0.862 0.871 1.000 0.988 0.905 0.861 0.839 0.810 0.782 0.761
     33       0.931    0.785 0.620      0.699 0.708 0.709 0.736 0.761 0.772 0.783 0.988 1.000 0.960 0.929 0.914 0.891 0.870 0.852
     34       1.300    0.927 0.376      0.471 0.482 0.484 0.517 0.549 0.563 0.578 0.905 0.960 1.000 0.996 0.991 0.983 0.973 0.965
     35       1.648    0.958 0.287      0.386 0.397 0.399 0.434 0.467 0.483 0.499 0.861 0.929 0.996 1.000 0.999 0.996 0.990 0.985
     36       1.883    0.969 0.248      0.349 0.360 0.362 0.397 0.431 0.448 0.464 0.839 0.914 0.991 0.999 1.000 0.999 0.995 0.991
     37       2.343    0.980 0.197      0.299 0.311 0.313 0.349 0.384 0.400 0.417 0.810 0.891 0.983 0.996 0.999 1.000 0.999 0.997
     38       3.007    0.988 0.152      0.256 0.267 0.269 0.306 0.341 0.358 0.375 0.782 0.870 0.973 0.990 0.995 0.999 1.000 0.999
     39       3.848    0.993 0.119      0.222 0.234 0.236 0.273 0.309 0.326 0.343 0.761 0.852 0.965 0.985 0.991 0.997 0.999 1.000

  R CORE   ENERGY   A0R/A00=1.000    R3= 0     2  
   2( 1)    0.732                    1.000 0.000
   2( 2)  487.921                    0.000 1.000

  R CORE   ENERGY   A0R/A00=1.000    R3= 0     2  
   3( 1)  488.652                    0.000 1.000

  R CORE   ENERGY   A0R/A00=1.000    R3= 0     2     4  
   4( 1)    2.438                    1.000 0.000 0.000

  R CORE   ENERGY   A0R/A00=1.000    R3= 0     2     4  
   5( 1)  490.847                    0.000 1.000 0.000

  R CORE   ENERGY   A0R/A00=1.000    R3= 0     2     4     6  
   6( 1)    5.121                    1.000 0.000 0.000 0.000

  R CORE   ENERGY   A0R/A00=1.000    R3= 0     2     4     6  
   7( 1)  494.017                    0.000 1.000 0.000 0.000

          AXIAL SYMMETRY => K RESTRICTED TO OMEGA

                     K
     S.P. ORB#: 25  2.50
     S.P. ORB#: 26  0.50
     S.P. ORB#: 27 -3.50
     S.P. ORB#: 28 -3.50
     S.P. ORB#: 29  4.50
     S.P. ORB#: 30  0.50
     S.P. ORB#: 31 -1.50
     S.P. ORB#: 32 -1.50
     S.P. ORB#: 33  2.50
     S.P. ORB#: 34  0.50
     S.P. ORB#: 35  0.50
     S.P. ORB#: 36 -1.50
     S.P. ORB#: 37  2.50
     S.P. ORB#: 38 -3.50
     S.P. ORB#: 39  4.50
 

             ENERGY    K= OMEGA
 
 I=  1/2- (1)  1.540  26:-0.062
                      34:-0.998
 
 I=  1/2- (2)  3.203  30: 1.000
 
 I=  1/2- (3)  5.022  26: 0.998
                      34:-0.062
 
 I=  1/2- (4)  9.708  35: 1.000
 
 I=  1/2- (5)147.212  32:-1.000

             ENERGY    K= OMEGA
 
 I=  3/2- (1)  1.380  30: 0.193
                      31: 0.112
                      32: 0.970
                      34:-0.085
 
 I=  3/2- (2)  2.198  30: 0.144
                      31: 0.118
                      32:-0.127
                      34:-0.974
 
 I=  3/2- (3)  3.051  26: 0.102
                      30:-0.281
                      31: 0.949
                      32:-0.052
                      34: 0.079
 
 I=  3/2- (4)  3.408  26:-0.383
                      30:-0.865
                      31:-0.190
                      32: 0.198
                      34:-0.175
 
 I=  3/2- (5)  6.117  26: 0.917
                      30:-0.340
                      31:-0.190
                      34:-0.082

             ENERGY    K= OMEGA
 
 I=  5/2- (1)  1.401  26: 0.051
                      30:-0.133
                      31:-0.185
                      32: 0.399
                      33: 0.884
                      34:-0.069
 
 I=  5/2- (2)  1.990  30:-0.230
                      31: 0.165
                      32: 0.873
                      33:-0.392
 
 I=  5/2- (3)  2.222  30: 0.135
                      31: 0.175
                      33: 0.127
                      34: 0.967
 
 I=  5/2- (4)  3.279  26: 0.391
                      30:-0.458
                      31:-0.737
                      32:-0.079
                      33:-0.192
                      34: 0.225
 
 I=  5/2- (5)  4.549  26:-0.065
                      30: 0.796
                      31:-0.531
                      32: 0.261
                      33:-0.106

             ENERGY    K= OMEGA
 
 I=  7/2- (1)  2.030  30: 0.178
                      31:-0.220
                      32: 0.490
                      33:-0.823
 
 I=  7/2- (2)  2.635  25:-0.066
                      26:-0.176
                      28: 0.059
                      30:-0.353
                      31:-0.292
                      32:-0.724
                      33:-0.431
                      34: 0.204
 
 I=  7/2- (3)  3.643  25:-0.246
                      27:-0.109
                      28: 0.939
                      30: 0.068
                      31: 0.080
                      34:-0.179
 
 I=  7/2- (4)  3.816  26: 0.070
                      28:-0.197
                      30: 0.134
                      31: 0.194
                      32:-0.307
                      33:-0.200
                      34:-0.875
 
 I=  7/2- (5)  4.063  35: 0.721
                      36: 0.575
                      37: 0.356
                      38: 0.153

             ENERGY    K= OMEGA
 
 I=  9/2- (1)  2.686  26: 0.176
                      27:-0.078
                      29: 0.112
                      30:-0.302
                      31:-0.359
                      32: 0.469
                      33: 0.689
                      34:-0.184
 
 I=  9/2- (2)  3.119  25: 0.084
                      27: 0.254
                      28: 0.202
                      29:-0.932
                      30:-0.055
                      31:-0.064
                      32: 0.057
                      33: 0.074
 
 I=  9/2- (3)  3.817  25: 0.106
                      28: 0.124
                      30: 0.156
                      31:-0.322
                      32:-0.727
                      33: 0.251
                      34:-0.499
 
 I=  9/2- (4)  3.851  25:-0.057
                      26: 0.077
                      28:-0.100
                      30:-0.310
                      32: 0.243
                      33:-0.543
                      34:-0.726
 
 I=  9/2- (5)  4.567  25:-0.315
                      27: 0.128
                      28:-0.900
                      29:-0.189
                      30: 0.083
                      31:-0.057
                      32:-0.138
                      33: 0.099

             ENERGY    K= OMEGA
 
 I= 11/2- (1)  2.808  35:-0.656
                      36:-0.564
                      37:-0.416
                      38:-0.255
                      39:-0.116
 
 I= 11/2- (2)  3.860  25:-0.108
                      27: 0.214
                      28: 0.134
                      29: 0.420
                      30:-0.230
                      31: 0.248
                      32:-0.478
                      33: 0.637
 
 I= 11/2- (3)  4.118  25: 0.101
                      27:-0.271
                      28:-0.242
                      29:-0.782
                      30:-0.147
                      31: 0.152
                      32:-0.276
                      33: 0.354
 
 I= 11/2- (4)  4.608  25:-0.095
                      26:-0.289
                      28: 0.108
                      30:-0.422
                      31:-0.400
                      32:-0.556
                      33:-0.431
                      34: 0.246
 
 I= 11/2- (5)  5.673  25:-0.373
                      26: 0.089
                      27:-0.165
                      28: 0.848
                      29:-0.261
                      30: 0.107
                      31: 0.105
                      34:-0.126

             ENERGY    K= OMEGA
 
 I= 13/2- (1)  4.423  35:-0.183
                      36: 0.478
                      37:-0.601
                      38: 0.530
                      39:-0.311
 
 I= 13/2- (2)  4.681  25:-0.075
                      26: 0.281
                      27:-0.122
                      28:-0.067
                      29: 0.167
                      30:-0.391
                      31:-0.437
                      32: 0.425
                      33: 0.541
                      34:-0.224
 
 I= 13/2- (3)  5.237  25: 0.176
                      26: 0.092
                      27: 0.371
                      28: 0.317
                      29:-0.821
                      30:-0.115
                      31:-0.131
                      32: 0.062
                      33: 0.078
                      34:-0.092
 
 I= 13/2- (4)  6.454  25:-0.094
                      26:-0.121
                      28:-0.078
                      29:-0.124
                      31: 0.268
                      32: 0.516
                      33: 0.232
                      34: 0.749
 
 I= 13/2- (5)  6.544  25:-0.205
                      27: 0.112
                      28:-0.324
                      29:-0.089
                      30:-0.341
                      31: 0.191
                      32: 0.479
                      33:-0.616
                      34:-0.262

             ENERGY     K= 9/2
  35 LEVELS    TIME=  0.0 SEC



 ******************* EXCITATION ENERGIES, DOMINANT CONFIGURATION AND EXPECTATION VALUES (WITH S.P. UU+VV FACTORS) *******************

  NR  Eex(keV)  I   Kdom  NY    <Jz>  <Jx**2> <Jy**2> <Jz**2> <I.j>/|I|  <Rx**2> <Ry**2> <Rz**2> <R.j>/|R|  <HROTx> <HROTy> <HROTz>

   1    0.0   3/2-  -3/2  32   -1.41    1.52    1.52    2.16    1.46       1.64    1.64    0.00   -1.31      0.200   0.200   0.000
   2   21.7   5/2-   5/2  33    1.67    1.84    1.84    5.32    2.44       1.66    1.66    0.00   -0.98      0.202   0.202   0.000
   3  160.7   1/2-   1/2  34    0.50    1.17    1.17    0.25    0.84       0.94    0.94    0.00   -1.36      0.115   0.115   0.000
   4  610.3   5/2-  -3/2  32   -0.77    1.54    1.54    2.76    1.12       3.99    3.99    0.00   -0.90      0.486   0.486   0.000
   5  650.5   7/2-   5/2  33    1.27    1.95    1.95    4.92    2.06       4.12    4.12    0.00   -0.23      0.502   0.502   0.000
  
   6  818.8   3/2-   1/2  34    0.44    1.28    1.28    0.31   -0.15       3.59    3.59    0.00   -1.18      0.438   0.438   0.000
   7  841.9   5/2-   1/2  34    0.47    1.49    1.49    0.41    0.82       3.65    3.65    0.00   -0.36      0.445   0.445   0.000
   8 1255.3   7/2-  -3/2  32   -0.35    1.70    1.70    2.66    1.37       5.48    5.48   -0.00   -0.19      0.668   0.668  -0.000
   9 1306.8   9/2-   5/2  33    0.78    2.71    2.71    4.14    2.33       5.57    5.57    0.00    0.61      0.679   0.679   0.000
  10 1428.4  11/2-   1/2  35    0.00   28.15   28.15    2.97    7.36       3.47    3.47   -0.00   -5.78      0.424   0.424  -0.000
  
  11 1671.5   3/2-  -3/2  31   -1.31    3.93    3.93    2.06    1.41       4.09    4.09    0.00   -2.51      0.499   0.499   0.000
  12 1739.5   9/2-   9/2  29    3.56    2.69    2.69   18.97    4.42       2.57    2.57    0.00   -1.05      0.314   0.314   0.000
  13 1823.4   1/2-   1/2  30    0.50    4.01    4.01    0.25    0.41       4.15    4.15    0.00   -2.74      0.506   0.506   0.000
  14 1899.7   5/2-  -3/2  31   -0.53    3.80    3.80    1.57    1.62       4.17    4.17    0.00   -1.52      0.509   0.509   0.000
  15 2028.5   3/2-   1/2  30    0.35    3.26    3.26    0.40    0.53       4.31    4.31    0.00   -2.01      0.526   0.526   0.000
  
  16 2263.4   7/2-  -7/2  28   -2.97    2.36    2.36   11.36    3.30       2.83    2.83    0.00   -1.26      0.345   0.345   0.000
  17 2435.8   7/2-   1/2  34    0.16    1.61    1.61    1.22    0.02      10.03   10.03    0.00   -0.98      1.223   1.223   0.000
  18 2437.1   9/2-  -3/2  32   -0.67    1.44    1.44    2.19    0.87      10.59   10.59    0.00   -0.16      1.291   1.291   0.000
  19 2471.0   9/2-   1/2  34    0.93    1.98    1.98    2.31    1.02      10.46   10.46    0.00   -0.27      1.275   1.275   0.000
  20 2480.4  11/2-   5/2  33    1.20    2.53    2.53    7.62    2.45       9.59    9.59    0.00    0.44      1.169   1.169   0.000
  
  21 2683.3   7/2-   1/2  35   -0.00   28.51   28.51    1.95    7.12       9.10    9.10   -0.00   -7.20      1.109   1.109  -0.000
  22 2737.9  11/2-   9/2  29    2.49    2.74    2.74   15.07    3.41       7.75    7.75    0.00   -0.04      0.944   0.944   0.000
  23 3042.9  13/2-   5/2  37    0.03   26.28   26.28    8.18    6.74       7.69    7.69    0.00   -3.49      0.938   0.938   0.000
  24 3169.4   5/2-   1/2  30   -0.17    4.06    4.06    1.02   -0.44      10.24   10.24    0.00   -2.31      1.248   1.248   0.000
  25 3186.8   9/2-  -7/2  28   -2.48    2.50    2.50   11.58    2.85       6.48    6.48    0.00   -0.66      0.790   0.790   0.000
  
  26 3228.6  11/2-  -3/2  32   -0.10    2.07    2.07    2.53    1.52      12.12   12.12   -0.00    0.49      1.478   1.478  -0.000
  27 3301.8  13/2-   5/2  33    0.39    3.46    3.46    3.58    2.49      12.26   12.26    0.00    1.39      1.494   1.494   0.000
  28 3642.7   1/2-   1/2  26    0.50    4.76    4.76    0.25    0.67       4.67    4.67   -0.00   -3.00      0.570   0.570  -0.000
  29 3857.7  13/2-   9/2  29    2.27    3.32    3.32   16.84    3.67      10.52   10.52    0.00    0.46      1.283   1.283   0.000
  30 4293.0  11/2-  -7/2  28   -1.96    2.65    2.65   11.43    2.60      10.70   10.70    0.00   -0.26      1.305   1.305   0.000
  
  31 4736.9   3/2-   1/2  26    0.42    5.37    5.37    0.33   -1.49      10.29   10.29    0.00   -3.07      1.254   1.254   0.000
  32 5074.2  13/2-   1/2  34   -0.02    1.64    1.64    1.69    0.83      21.05   21.05    0.00    0.13      2.566   2.566   0.000
  33 5164.7  13/2-   5/2  33    0.37    2.05    2.05    4.88    1.20      20.52   20.52    0.00   -0.10      2.501   2.501   0.000
  34 8328.6   1/2-   1/2  35    0.50   29.01   29.01    0.25   -4.10      33.06   33.06   -0.00   -7.60      4.030   4.030  -0.000
  35*******   1/2-  -3/2  32    0.00    0.00    0.00    0.00   -0.00       0.00    0.00   -0.00   -0.00      0.000   0.000  -0.000
  
