1SPECTRUM OF (Z= 82 A=207) IN PARTICLE-ROTOR  MODEL WITH MODIFIED OSCILLATOR POTENTIAL


 PARITY=-   EPS= 0.296   GAMMA=  0.0   EPS4=0.000   EPS6=0.000   LEVELS:  24  25  26  27  28  29  30  31  32  33  34  35  36  37  38

 PAIRING FACTORS: GN0= 19.20  GN1=  7.40  IPAIR= 15 ***  E2PLUS(INPUT)=   0.730  E2PLUR(INPUT)=   0.000

 CORIOLIS ATTENUATION PARAMETERS:  CHSI=1.000  ETA=  1.00

 MOMENT OF INERTIA PARAMETERS:   A1=  0.122 MEV   A2=  0.122 MEV   A3=121.91924 MEV


 DELTA=0.950 MEV  LAMBDA=53.2898 MEV   HW0= 7.4894 MEV   LAMBDA/HW0= 7.1153

 E2ENERGY=0.730 MEV  HBAR**2/B=16246./A**(7/3)=2746.3/A**2 MEV

 IREC=0  =>  RECOIL TERMS j+j-, j+j+, jzjz, ETC TREATED AS ONE-BODY OPERATORS WITH UU+VV PAIRING FACTORS



 S. P. LEVEL   EQP       U     V        (UU + VV)**1.00

     24       5.038    0.095 0.996      1.000 1.000 0.999 0.997 0.970 0.959 0.949 0.925 0.853 0.774 0.448 0.332 0.304 0.280 0.257
     25       4.119    0.116 0.993      1.000 1.000 1.000 0.999 0.975 0.964 0.956 0.933 0.864 0.787 0.467 0.353 0.324 0.301 0.278
     26       3.424    0.140 0.990      0.999 1.000 1.000 1.000 0.980 0.971 0.962 0.942 0.876 0.802 0.488 0.375 0.347 0.324 0.301
     27       2.871    0.168 0.986      0.997 0.999 1.000 1.000 0.986 0.977 0.970 0.951 0.889 0.818 0.512 0.401 0.373 0.350 0.327
     28       1.515    0.333 0.943      0.970 0.975 0.980 0.986 1.000 0.999 0.997 0.990 0.954 0.904 0.651 0.551 0.525 0.504 0.483
     29       1.369    0.374 0.927      0.959 0.964 0.971 0.977 0.999 1.000 0.999 0.995 0.966 0.922 0.684 0.587 0.562 0.542 0.521
     30       1.287    0.404 0.915      0.949 0.956 0.962 0.970 0.997 0.999 1.000 0.998 0.974 0.934 0.707 0.613 0.589 0.568 0.548
     31       1.154    0.465 0.885      0.925 0.933 0.942 0.951 0.990 0.995 0.998 1.000 0.987 0.956 0.754 0.665 0.642 0.623 0.604
     32       0.990    0.601 0.800      0.853 0.864 0.876 0.889 0.954 0.966 0.974 0.987 1.000 0.991 0.849 0.776 0.757 0.740 0.724
     33       0.951    0.704 0.710      0.774 0.787 0.802 0.818 0.904 0.922 0.934 0.956 0.991 1.000 0.913 0.855 0.839 0.825 0.811
     34       1.412    0.933 0.361      0.448 0.467 0.488 0.512 0.651 0.684 0.707 0.754 0.849 0.913 1.000 0.992 0.988 0.984 0.979
     35       2.028    0.970 0.241      0.332 0.353 0.375 0.401 0.551 0.587 0.613 0.665 0.776 0.855 0.992 1.000 1.000 0.998 0.997
     36       2.293    0.977 0.212      0.304 0.324 0.347 0.373 0.525 0.562 0.589 0.642 0.757 0.839 0.988 1.000 1.000 1.000 0.999
     37       2.575    0.982 0.188      0.280 0.301 0.324 0.350 0.504 0.542 0.568 0.623 0.740 0.825 0.984 0.998 1.000 1.000 1.000
     38       2.937    0.986 0.164      0.257 0.278 0.301 0.327 0.483 0.521 0.548 0.604 0.724 0.811 0.979 0.997 0.999 1.000 1.000

  R CORE   ENERGY   A0R/A00=1.000    R3= 0     2  
   2( 1)    0.732                    1.000 0.000
   2( 2)  487.921                    0.000 1.000

  R CORE   ENERGY   A0R/A00=1.000    R3= 0     2  
   3( 1)  488.652                    0.000 1.000

  R CORE   ENERGY   A0R/A00=1.000    R3= 0     2     4  
   4( 1)    2.438                    1.000 0.000 0.000

  R CORE   ENERGY   A0R/A00=1.000    R3= 0     2     4  
   5( 1)  490.847                    0.000 1.000 0.000

  R CORE   ENERGY   A0R/A00=1.000    R3= 0     2     4     6  
   6( 1)    5.121                    1.000 0.000 0.000 0.000

  R CORE   ENERGY   A0R/A00=1.000    R3= 0     2     4     6  
   7( 1)  494.017                    0.000 1.000 0.000 0.000

          AXIAL SYMMETRY => K RESTRICTED TO OMEGA

                     K
     S.P. ORB#: 24  2.50
     S.P. ORB#: 25  0.50
     S.P. ORB#: 26  2.50
     S.P. ORB#: 27 -3.50
     S.P. ORB#: 28  0.50
     S.P. ORB#: 29 -1.50
     S.P. ORB#: 30 -3.50
     S.P. ORB#: 31  0.50
     S.P. ORB#: 32  4.50
     S.P. ORB#: 33 -1.50
     S.P. ORB#: 34  2.50
     S.P. ORB#: 35 -1.50
     S.P. ORB#: 36  2.50
     S.P. ORB#: 37 -3.50
     S.P. ORB#: 38  0.50
 

             ENERGY    K= OMEGA
 
 I=  1/2- (1)  2.705  28:-0.997
                      38:-0.072
 
 I=  1/2- (2)  3.260  25:-0.067
                      28: 0.069
                      38:-0.995
 
 I=  1/2- (3)  5.616  25: 0.997
                      38:-0.064
 
 I=  1/2- (4)  8.109  31:-1.000
 
 I=  1/2- (5)147.254  33: 1.000

             ENERGY    K= OMEGA
 
 I=  3/2- (1)  2.412  25: 0.149
                      28: 0.463
                      29: 0.403
                      35: 0.765
                      38:-0.129
 
 I=  3/2- (2)  2.572  28: 0.421
                      29:-0.879
                      35: 0.220

             ENERGY    K= OMEGA
 
 I=  5/2- (1)  2.466  25: 0.223
                      28:-0.400
                      29:-0.661
                      35: 0.257
                      36: 0.514
                      38:-0.148
 
 I=  5/2- (2)  3.019  24:-0.061
                      25: 0.116
                      26:-0.063
                      28: 0.063
                      29:-0.506
                      35:-0.768
                      36:-0.320
                      38:-0.160
 
 I=  5/2- (3)  3.154  25:-0.131
                      28: 0.510
                      29: 0.069
                      35:-0.363
                      36: 0.757
                      38: 0.112
 
 I=  5/2- (4)  4.034  24:-0.057
                      25: 0.091
                      28: 0.377
                      29:-0.417
                      35: 0.247
                      36:-0.192
                      38: 0.758
 
 I=  5/2- (5)  4.180  25: 0.149
                      28:-0.621
                      29: 0.256
                      35:-0.384
                      36: 0.147
                      38: 0.596

             ENERGY    K= OMEGA
 
 I=  7/2- (1)  2.050  26:-0.211
                      27: 0.074
                      30: 0.973
 
 I=  7/2- (2)  3.179  24: 0.080
                      25:-0.084
                      27:-0.102
                      28: 0.249
                      29:-0.620
                      35: 0.326
                      36:-0.648
 
 I=  7/2- (3)  3.258  31:-0.733
                      33:-0.575
                      34:-0.337
                      37:-0.134
 
 I=  7/2- (4)  3.356  24: 0.064
                      25:-0.294
                      28:-0.618
                      29:-0.413
                      35:-0.555
                      36:-0.055
                      38: 0.200
 
 I=  7/2- (5)  4.196  24:-0.144
                      27: 0.149
                      28:-0.515
                      29: 0.513
                      35: 0.235
                      36:-0.609

             ENERGY    K= OMEGA
 
 I=  9/2- (1)  1.805  24: 0.057
                      26:-0.060
                      27: 0.244
                      30:-0.177
                      32:-0.950
 
 I=  9/2- (2)  2.951  24:-0.068
                      26:-0.287
                      27:-0.124
                      29:-0.111
                      30:-0.923
                      32: 0.150
                      36: 0.075
 
 I=  9/2- (3)  3.419  24: 0.095
                      25:-0.341
                      27: 0.062
                      28: 0.454
                      29: 0.648
                      30:-0.139
                      32: 0.073
                      35:-0.231
                      36:-0.362
                      38: 0.185
 
 I=  9/2- (4)  4.482  31: 0.242
                      33:-0.601
                      34: 0.649
                      37:-0.399
 
 I=  9/2- (5)  4.769  24: 0.105
                      25:-0.143
                      26: 0.068
                      28:-0.069
                      29: 0.382
                      30:-0.060
                      35: 0.767
                      36: 0.412
                      38: 0.222

             ENERGY    K= OMEGA
 
 I= 11/2- (1)  2.497  31: 0.694
                      33: 0.575
                      34: 0.389
                      37: 0.193
 
 I= 11/2- (2)  2.797  24: 0.101
                      26:-0.098
                      27:-0.343
                      30: 0.231
                      32:-0.899
 
 I= 11/2- (3)  4.070  24: 0.100
                      26: 0.337
                      27:-0.167
                      29:-0.126
                      30:-0.887
                      32:-0.183
                      36:-0.087
 
 I= 11/2- (4)  4.989  24:-0.158
                      25: 0.206
                      26: 0.060
                      27: 0.127
                      28:-0.077
                      29: 0.709
                      30:-0.146
                      32:-0.153
                      35:-0.198
                      36: 0.558
                      38:-0.097
 
 I= 11/2- (5)  5.169  25: 0.322
                      28: 0.701
                      29: 0.188
                      30:-0.077
                      35: 0.551
                      36:-0.135
                      38:-0.196

             ENERGY    K= OMEGA
 
 I= 13/2- (1)  3.982  24: 0.146
                      26:-0.126
                      27: 0.414
                      29: 0.068
                      30:-0.255
                      32:-0.847
 
 I= 13/2- (2)  4.712  31:-0.229
                      33: 0.580
                      34:-0.656
                      37: 0.426
 
 I= 13/2- (3)  5.185  24:-0.152
                      25: 0.358
                      26:-0.188
                      27:-0.122
                      28:-0.394
                      29:-0.572
                      30:-0.430
                      35: 0.147
                      36: 0.281
                      38:-0.171
 
 I= 13/2- (4)  5.514  25: 0.208
                      26: 0.328
                      27: 0.146
                      28:-0.262
                      29:-0.271
                      30: 0.758
                      32:-0.248
                      35: 0.159
                      36: 0.117
                      38:-0.099
 
 I= 13/2- (5)  7.478  24: 0.125
                      25:-0.149
                      27: 0.055
                      28:-0.075
                      29: 0.305
                      30:-0.090
                      32: 0.059
                      35: 0.754
                      36: 0.459
                      38: 0.259

             ENERGY     K= 1/2
  32 LEVELS    TIME=  0.0 SEC



 ******************* EXCITATION ENERGIES, DOMINANT CONFIGURATION AND EXPECTATION VALUES (WITH S.P. UU+VV FACTORS) *******************

  NR  Eex(keV)  I   Kdom  NY    <Jz>  <Jx**2> <Jy**2> <Jz**2> <I.j>/|I|  <Rx**2> <Ry**2> <Rz**2> <R.j>/|R|  <HROTx> <HROTy> <HROTz>

   1    0.0   9/2-   9/2  32    3.76    2.64    2.64   19.42    4.42       2.76    2.76    0.00   -1.17      0.336   0.336   0.000
   2  245.2   7/2-  -7/2  30   -3.22    2.29    2.29   11.95    3.39       2.68    2.68    0.00   -1.33      0.327   0.327   0.000
   3  607.1   3/2-  -3/2  35   -0.99    2.51    2.51    1.74    1.57       2.21    2.21    0.00   -1.77      0.270   0.270   0.000
   4  660.8   5/2-  -3/2  29    0.03    4.02    4.02    2.85    2.47       2.50    2.50    0.00   -1.60      0.305   0.305   0.000
   5  692.0  11/2-   1/2  31   -0.01   25.17   25.17    2.26    6.48       5.41    5.41    0.00   -4.21      0.659   0.659   0.000
  
   6  766.6   3/2-  -3/2  29   -1.14    4.62    4.62    1.89    1.43       4.68    4.68    0.00   -2.74      0.570   0.570   0.000
   7  899.7   1/2-   1/2  28    0.50    4.64    4.64    0.25    0.36       4.83    4.83    0.00   -2.97      0.589   0.589   0.000
   8  991.9  11/2-   9/2  32    3.08    3.02    3.02   18.58    4.02       6.17    6.17    0.00   -0.17      0.752   0.752   0.000
   9 1146.0   9/2-  -7/2  30   -2.72    2.43    2.43   11.70    2.96       5.91    5.91    0.00   -0.53      0.720   0.720   0.000
  10 1213.5   5/2-  -3/2  35   -0.97    2.20    2.20    2.60    1.18       4.37    4.37    0.00   -1.18      0.533   0.533   0.000
  
  11 1348.9   5/2-   5/2  36    1.37    2.71    2.71    3.96    1.59       4.35    4.35    0.00   -1.58      0.530   0.530   0.000
  12 1374.1   7/2-   5/2  36    0.32    3.40    3.40    3.94    2.01       5.26    5.26    0.00   -0.85      0.641   0.641   0.000
  13 1452.8   7/2-   1/2  31   -0.01   25.17   25.17    1.81    6.37       8.68    8.68    0.00   -6.45      1.058   1.058   0.000
  14 1455.4   1/2-   1/2  38    0.50    1.45    1.45    0.25    0.72       1.33    1.33   -0.00   -1.55      0.162   0.162  -0.000
  15 1550.8   7/2-   1/2  28   -0.45    3.26    3.26    1.31    1.52       5.75    5.75    0.00   -0.53      0.702   0.702   0.000
  
  16 1614.3   9/2-  -3/2  29   -0.23    4.66    4.66    2.43    2.47       5.95    5.95    0.00    0.16      0.726   0.726   0.000
  17 2176.7  13/2-   9/2  32    2.49    3.40    3.40   17.69    3.77      10.33   10.33    0.00    0.40      1.259   1.259   0.000
  18 2228.7   5/2-   1/2  38    0.11    2.63    2.63    0.96    0.26       6.70    6.70    0.00   -1.48      0.817   0.817   0.000
  19 2265.4  11/2-  -7/2  30   -2.40    2.53    2.53   11.53    2.69      10.06   10.06    0.00   -0.11      1.227   1.227   0.000
  20 2374.8   5/2-   1/2  28    0.12    3.00    3.00    0.82   -0.16       8.26    8.26    0.00   -1.79      1.007   1.007   0.000
  
  21 2390.8   7/2-   5/2  36    0.56    3.24    3.24    3.52    0.87       9.41    9.41    0.00   -1.51      1.147   1.147   0.000
  22 2676.7   9/2-   5/2  34   -0.02   25.24   25.24    5.41    5.58      12.58   12.58    0.00   -5.61      1.533   1.533   0.000
  23 2907.2  13/2-   5/2  34   -0.04   25.20   25.20    5.68    5.59      13.36   13.36    0.00   -3.29      1.629   1.629   0.000
  24 2963.9   9/2-  -3/2  35   -0.62    2.04    2.04    2.91    0.99      10.95   10.95    0.00   -0.44      1.334   1.334   0.000
  25 3183.8  11/2-  -3/2  29    0.04    3.96    3.96    4.29    1.91      12.56   12.56    0.00   -0.16      1.531   1.531   0.000
  
  26 3364.4  11/2-   1/2  28   -0.16    3.28    3.28    1.13    1.46      12.96   12.96    0.00    0.21      1.580   1.580   0.000
  27 3380.3  13/2-  -3/2  29   -0.72    4.41    4.41    4.18    2.58      12.89   12.89    0.00    0.98      1.572   1.572   0.000
  28 3708.6  13/2-  -7/2  30   -1.59    3.14    3.14    9.56    2.40      15.51   15.51    0.00    0.17      1.891   1.891   0.000
  29 3810.9   1/2-   1/2  25    0.50    6.27    6.27    0.25    0.68       6.18    6.18    0.00   -3.47      0.753   0.753   0.000
  30 5673.4  13/2-  -3/2  35   -0.39    1.98    1.98    3.15    0.88      21.77   21.77    0.00   -0.14      2.654   2.654   0.000
  
  31 6304.4   1/2-   1/2  31    0.50   24.83   24.83    0.25   -3.70      28.53   28.53    0.00   -7.03      3.478   3.478   0.000
  32*******   1/2-  -3/2  33    0.00    0.00    0.00    0.00   -0.00       0.00    0.00    0.00   -0.00      0.000   0.000   0.000
