1SPECTRUM OF (Z= 82 A=207) IN PARTICLE-ROTOR  MODEL WITH MODIFIED OSCILLATOR POTENTIAL


 PARITY=-   EPS= 0.373   GAMMA=  0.0   EPS4=0.000   EPS6=0.000   LEVELS:  26  27  28  29  30  31  32  33  34  35  36  37  38  39  40

 PAIRING FACTORS: GN0= 19.20  GN1=  7.40  IPAIR= 15 ***  E2PLUS(INPUT)=   0.730  E2PLUR(INPUT)=   0.000

 CORIOLIS ATTENUATION PARAMETERS:  CHSI=1.000  ETA=  1.00

 MOMENT OF INERTIA PARAMETERS:   A1=  0.122 MEV   A2=  0.122 MEV   A3=121.91924 MEV


 DELTA=0.871 MEV  LAMBDA=53.4360 MEV   HW0= 7.5393 MEV   LAMBDA/HW0= 7.0877

 E2ENERGY=0.730 MEV  HBAR**2/B=25797./A**(7/3)=4361.0/A**2 MEV

 IREC=0  =>  RECOIL TERMS j+j-, j+j+, jzjz, ETC TREATED AS ONE-BODY OPERATORS WITH UU+VV PAIRING FACTORS



 S. P. LEVEL   EQP       U     V        (UU + VV)**1.00

     26       2.911    0.151 0.988      1.000 1.000 0.999 0.993 0.959 0.935 0.790 0.707 0.518 0.404 0.360 0.293 0.280 0.268 0.263
     27       2.609    0.169 0.986      1.000 1.000 1.000 0.995 0.964 0.941 0.801 0.719 0.534 0.420 0.377 0.310 0.298 0.285 0.280
     28       2.352    0.188 0.982      0.999 1.000 1.000 0.997 0.969 0.948 0.813 0.733 0.550 0.438 0.395 0.329 0.316 0.304 0.299
     29       1.691    0.267 0.964      0.993 0.995 0.997 1.000 0.986 0.970 0.857 0.785 0.616 0.509 0.468 0.404 0.392 0.380 0.375
     30       1.130    0.426 0.905      0.959 0.964 0.969 0.986 1.000 0.997 0.932 0.879 0.740 0.647 0.610 0.552 0.541 0.530 0.526
     31       1.015    0.493 0.870      0.935 0.941 0.948 0.970 0.997 1.000 0.956 0.912 0.788 0.702 0.668 0.613 0.603 0.593 0.588
     32       0.872    0.726 0.688      0.790 0.801 0.813 0.857 0.932 0.956 1.000 0.992 0.934 0.880 0.857 0.817 0.810 0.802 0.799
     33       0.913    0.806 0.592      0.707 0.719 0.733 0.785 0.879 0.912 0.992 1.000 0.971 0.933 0.915 0.883 0.877 0.871 0.868
     34       1.230    0.924 0.383      0.518 0.534 0.550 0.616 0.740 0.788 0.934 0.971 1.000 0.992 0.985 0.969 0.966 0.963 0.961
     35       1.730    0.965 0.261      0.404 0.420 0.438 0.509 0.647 0.702 0.880 0.933 0.992 1.000 0.999 0.993 0.991 0.990 0.989
     36       2.072    0.977 0.215      0.360 0.377 0.395 0.468 0.610 0.668 0.857 0.915 0.985 0.999 1.000 0.997 0.996 0.995 0.995
     37       3.041    0.989 0.145      0.293 0.310 0.329 0.404 0.552 0.613 0.817 0.883 0.969 0.993 0.997 1.000 1.000 1.000 1.000
     38       3.327    0.991 0.132      0.280 0.298 0.316 0.392 0.541 0.603 0.810 0.877 0.966 0.991 0.996 1.000 1.000 1.000 1.000
     39       3.688    0.993 0.119      0.268 0.285 0.304 0.380 0.530 0.593 0.802 0.871 0.963 0.990 0.995 1.000 1.000 1.000 1.000
     40       3.858    0.994 0.114      0.263 0.280 0.299 0.375 0.526 0.588 0.799 0.868 0.961 0.989 0.995 1.000 1.000 1.000 1.000

  R CORE   ENERGY   A0R/A00=1.000    R3= 0     2  
   2( 1)    0.732                    1.000 0.000
   2( 2)  487.921                    0.000 1.000

  R CORE   ENERGY   A0R/A00=1.000    R3= 0     2  
   3( 1)  488.652                    0.000 1.000

  R CORE   ENERGY   A0R/A00=1.000    R3= 0     2     4  
   4( 1)    2.438                    1.000 0.000 0.000

  R CORE   ENERGY   A0R/A00=1.000    R3= 0     2     4  
   5( 1)  490.847                    0.000 1.000 0.000

  R CORE   ENERGY   A0R/A00=1.000    R3= 0     2     4     6  
   6( 1)    5.121                    1.000 0.000 0.000 0.000

  R CORE   ENERGY   A0R/A00=1.000    R3= 0     2     4     6  
   7( 1)  494.017                    0.000 1.000 0.000 0.000

          AXIAL SYMMETRY => K RESTRICTED TO OMEGA

                     K
     S.P. ORB#: 26  2.50
     S.P. ORB#: 27  0.50
     S.P. ORB#: 28 -3.50
     S.P. ORB#: 29 -1.50
     S.P. ORB#: 30  0.50
     S.P. ORB#: 31 -1.50
     S.P. ORB#: 32  2.50
     S.P. ORB#: 33 -3.50
     S.P. ORB#: 34  4.50
     S.P. ORB#: 35  0.50
     S.P. ORB#: 36 -3.50
     S.P. ORB#: 37 -1.50
     S.P. ORB#: 38  2.50
     S.P. ORB#: 39  0.50
     S.P. ORB#: 40 -1.50
 

             ENERGY    K= OMEGA
 
 I=  1/2- (1)  2.419  30: 1.000
 
 I=  1/2- (2)  4.703  27:-0.198
                      35: 0.907
                      39:-0.373
 
 I=  1/2- (3)  7.503  27:-0.419
                      35: 0.265
                      39: 0.868
 
 I=  1/2- (4)  9.229  27: 0.886
                      35: 0.328
                      39: 0.327
 
 I=  1/2- (5)147.319  31: 1.000

             ENERGY    K= OMEGA
 
 I=  3/2- (1)  2.310  30:-0.442
                      31: 0.896
 
 I=  3/2- (2)  2.673  30: 0.861
                      31: 0.432
                      37: 0.268

             ENERGY    K= OMEGA
 
 I=  5/2- (1)  2.760  30: 0.397
                      31: 0.871
                      37:-0.093
                      38:-0.271
 
 I=  5/2- (2)  3.383  26:-0.058
                      30: 0.816
                      31:-0.385
                      37:-0.417
                      38: 0.093
 
 I=  5/2- (3)  4.056  26:-0.101
                      30:-0.235
                      31:-0.196
                      37:-0.450
                      38:-0.833
 
 I=  5/2- (4)  4.581  26:-0.415
                      30:-0.320
                      31: 0.232
                      37:-0.682
                      38: 0.454
 
 I=  5/2- (5)  4.732  26: 0.902
                      30:-0.137
                      37:-0.387
                      38: 0.132

             ENERGY    K= OMEGA
 
 I=  7/2- (1)  1.770  26:-0.165
                      33: 0.985
 
 I=  7/2- (2)  3.334  30:-0.552
                      31: 0.744
                      37:-0.196
                      38: 0.319
 
 I=  7/2- (3)  3.923  27:-0.651
                      29:-0.584
                      32:-0.438
                      35: 0.062
                      36:-0.194
 
 I=  7/2- (4)  4.033  26: 0.073
                      30:-0.720
                      31:-0.534
                      37:-0.376
                      38:-0.223
 
 I=  7/2- (5)  4.232  26:-0.198
                      28:-0.969
                      31: 0.058
                      37: 0.052
                      38:-0.119

             ENERGY    K= OMEGA
 
 I=  9/2- (1)  2.153  26:-0.086
                      28: 0.165
                      33:-0.332
                      34:-0.925
 
 I=  9/2- (2)  2.809  26:-0.222
                      28:-0.096
                      33:-0.910
                      34: 0.331
 
 I=  9/2- (3)  4.285  30: 0.438
                      31: 0.771
                      33:-0.056
                      37:-0.216
                      38:-0.403
 
 I=  9/2- (4)  4.678  27: 0.197
                      29:-0.537
                      32: 0.690
                      35: 0.081
                      36:-0.428
                      40: 0.080
 
 I=  9/2- (5)  5.250  26:-0.136
                      28: 0.144
                      30: 0.675
                      31:-0.455
                      33: 0.055
                      37:-0.522
                      38: 0.146

             ENERGY    K= OMEGA
 
 I= 11/2- (1)  3.284  26: 0.138
                      28: 0.223
                      33:-0.427
                      34: 0.865
 
 I= 11/2- (2)  3.292  27: 0.612
                      29: 0.576
                      32: 0.456
                      35: 0.155
                      36: 0.230
                      40:-0.081
 
 I= 11/2- (3)  4.077  26:-0.259
                      28: 0.145
                      31: 0.060
                      33: 0.850
                      34: 0.425
                      38: 0.069
 
 I= 11/2- (4)  5.140  27: 0.255
                      29: 0.081
                      32:-0.050
                      35:-0.823
                      39:-0.259
                      40: 0.425
 
 I= 11/2- (5)  5.282  30:-0.565
                      31: 0.670
                      33:-0.070
                      37:-0.281
                      38: 0.383

             ENERGY    K= OMEGA
 
 I= 13/2- (1)  4.642  26:-0.182
                      28: 0.263
                      33:-0.480
                      34:-0.817
 
 I= 13/2- (2)  5.147  27:-0.202
                      29: 0.540
                      32:-0.679
                      35:-0.087
                      36: 0.433
                      40:-0.103
 
 I= 13/2- (3)  5.575  26:-0.285
                      28:-0.186
                      31:-0.083
                      33:-0.801
                      34: 0.477
                      38: 0.089
 
 I= 13/2- (4)  6.754  30:-0.448
                      31:-0.708
                      33: 0.098
                      34:-0.054
                      37: 0.286
                      38: 0.450
 
 I= 13/2- (5)  7.175  27:-0.125
                      29: 0.112
                      35: 0.688
                      39:-0.585
                      40: 0.394

             ENERGY     K=-3/2
  32 LEVELS    TIME=  0.0 SEC



 ******************* EXCITATION ENERGIES, DOMINANT CONFIGURATION AND EXPECTATION VALUES (WITH S.P. UU+VV FACTORS) *******************

  NR  Eex(keV)  I   Kdom  NY    <Jz>  <Jx**2> <Jy**2> <Jz**2> <I.j>/|I|  <Rx**2> <Ry**2> <Rz**2> <R.j>/|R|  <HROTx> <HROTy> <HROTz>

   1    0.0   7/2-  -7/2  33   -3.33    2.31    2.31   12.08    3.26       3.27    3.27    0.00   -1.46      0.399   0.399   0.000
   2  383.4   9/2-   9/2  34    3.38    2.50    2.50   19.04    4.15       3.76    3.76   -0.00   -1.24      0.458   0.458  -0.000
   3  539.7   3/2-  -3/2  31   -1.11    4.90    4.90    1.86    1.29       5.21    5.21   -0.00   -2.84      0.635   0.635  -0.000
   4  648.5   1/2-   1/2  30    0.50    4.88    4.88    0.25    0.11       5.28    5.28   -0.00   -3.05      0.644   0.644  -0.000
   5  903.2   3/2-   1/2  30   -0.02    4.57    4.57    0.77    0.50       5.85    5.85   -0.00   -2.61      0.714   0.714  -0.000
  
   6  989.6   5/2-  -3/2  31   -0.89    4.70    4.70    2.23    1.32       6.30    6.30   -0.00   -2.18      0.768   0.768  -0.000
   7 1039.3   9/2-  -7/2  33   -2.31    2.38    2.38   12.80    2.81       7.15    7.15    0.00   -0.94      0.872   0.872   0.000
   8 1514.1  11/2-   9/2  34    2.60    2.68    2.68   18.12    3.56       8.30    8.30   -0.00   -0.53      1.012   1.012  -0.000
   9 1521.7  11/2-   1/2  27    0.03   23.92   23.92    2.81    6.27       5.69    5.69    0.00   -3.90      0.694   0.694   0.000
  10 1564.0   7/2-  -3/2  31   -0.48    4.57    4.57    2.07    1.36       8.07    8.07   -0.00   -1.44      0.984   0.984  -0.000
  
  11 1613.3   5/2-   1/2  30   -0.12    4.20    4.20    0.97    0.41       7.85    7.85   -0.00   -2.06      0.957   0.957  -0.000
  12 2153.3   7/2-   1/2  27    0.05   22.56   22.56    2.54    5.94       8.13    8.13   -0.00   -5.97      0.991   0.991  -0.000
  13 2262.5   7/2-   1/2  30   -0.25    4.15    4.15    1.44    0.58      10.44   10.44   -0.00   -1.63      1.273   1.273  -0.000
  14 2286.1   5/2-   5/2  38    1.43    2.08    2.08    4.96    1.63       4.11    4.11    0.00   -1.50      0.501   0.501   0.000
  15 2306.7  11/2-  -7/2  33   -1.61    2.46    2.46   13.23    2.50      12.02   12.02    0.00   -0.66      1.465   1.465   0.000
  
  16 2462.4   7/2-  -7/2  28   -3.16    6.14    6.14   11.84    3.11       7.59    7.59    0.00   -3.02      0.925   0.925   0.000
  17 2514.7   9/2-  -3/2  31   -0.47    4.37    4.37    2.57    1.34      11.38   11.38    0.00   -0.98      1.388   1.388   0.000
  18 2811.3   5/2-  -3/2  37    0.22    3.15    3.15    3.56    0.64       7.42    7.42   -0.00   -2.07      0.904   0.904  -0.000
  19 2871.7  13/2-   9/2  34    2.04    2.84    2.84   17.38    3.17      13.74   13.74   -0.00   -0.17      1.676   1.676  -0.000
  20 2908.1   9/2-   5/2  32    0.13   24.15   24.15    5.89    5.25      13.35   13.35    0.00   -5.43      1.628   1.628   0.000
  
  21 2933.0   1/2-   1/2  35    0.50   11.22   11.22    0.25    0.90      10.94   10.94    0.00   -4.68      1.334   1.334   0.000
  22 2962.3   5/2-   5/2  26    1.86    5.33    5.33    5.54    1.68       7.50    7.50    0.00   -2.90      0.915   0.915   0.000
  23 3370.4  11/2-   1/2  35    0.13   14.01   14.01    0.65    3.44      11.65   11.65   -0.00   -1.68      1.420   1.420  -0.000
  24 3377.4  13/2-   5/2  32    0.07   24.18   24.18    5.87    5.20      15.18   15.18    0.00   -3.25      1.850   1.850   0.000
  25 3480.3   9/2-   1/2  30   -0.47    3.83    3.83    1.75    0.53      14.43   14.43   -0.00   -1.26      1.759   1.759  -0.000
  
  26 3512.4  11/2-  -3/2  31   -0.28    4.33    4.33    2.28    1.34      15.30   15.30   -0.00   -0.52      1.865   1.865  -0.000
  27 3804.6  13/2-  -7/2  33   -1.13    2.55    2.55   13.46    2.26      17.87   17.87    0.00   -0.46      2.179   2.179   0.000
  28 4984.0  13/2-  -3/2  31   -0.29    4.14    4.14    2.82    1.30      20.84   20.84    0.00   -0.31      2.540   2.540   0.000
  29 5405.2  13/2-   1/2  35    0.16   12.09   12.09    0.60    2.66      18.17   18.17   -0.00   -1.03      2.216   2.216  -0.000
  30 5732.6   1/2-   1/2  39    0.50   15.97   15.97    0.25   -0.60      16.99   16.99    0.00   -5.61      2.071   2.071   0.000
  
  31 7458.5   1/2-   1/2  27    0.50   23.63   23.63    0.25   -3.39      27.06   27.06    0.00   -6.86      3.300   3.300   0.000
  32*******   1/2-  -3/2  31    0.00    0.00    0.00    0.00    0.00       0.00    0.00   -0.00   -0.00      0.000   0.000  -0.000
