1SPECTRUM OF (Z= 82 A=207) IN PARTICLE-ROTOR  MODEL WITH MODIFIED OSCILLATOR POTENTIAL


 PARITY=-   EPS= 0.169   GAMMA=  0.0   EPS4=0.000   EPS6=0.000   LEVELS:  25  26  27  28  29  30  31  32  33  34  35  36  37  38  39

 PAIRING FACTORS: GN0= 19.20  GN1=  7.40  IPAIR= 15 ***  E2PLUS(INPUT)=   0.730  E2PLUR(INPUT)=   0.000

 CORIOLIS ATTENUATION PARAMETERS:  CHSI=1.000  ETA=  1.00

 MOMENT OF INERTIA PARAMETERS:   A1=  0.122 MEV   A2=  0.122 MEV   A3=121.91922 MEV


 DELTA=0.879 MEV  LAMBDA=53.4289 MEV   HW0= 7.4355 MEV   LAMBDA/HW0= 7.1857

 E2ENERGY=0.730 MEV  HBAR**2/B= 5296./A**(7/3)= 895.2/A**2 MEV

 IREC=0  =>  RECOIL TERMS j+j-, j+j+, jzjz, ETC TREATED AS ONE-BODY OPERATORS WITH UU+VV PAIRING FACTORS



 S. P. LEVEL   EQP       U     V        (UU + VV)**1.00

     25       4.343    0.102 0.995      1.000 1.000 1.000 0.999 0.997 0.995 0.993 0.836 0.737 0.488 0.350 0.321 0.281 0.244 0.215
     26       3.844    0.115 0.993      1.000 1.000 1.000 0.999 0.998 0.996 0.994 0.843 0.746 0.500 0.363 0.334 0.294 0.257 0.228
     27       3.809    0.116 0.993      1.000 1.000 1.000 1.000 0.998 0.996 0.994 0.843 0.746 0.501 0.364 0.335 0.295 0.258 0.229
     28       3.017    0.147 0.989      0.999 0.999 1.000 1.000 0.999 0.998 0.997 0.860 0.767 0.528 0.393 0.364 0.325 0.289 0.260
     29       2.477    0.180 0.984      0.997 0.998 0.998 0.999 1.000 1.000 0.999 0.877 0.788 0.556 0.423 0.395 0.357 0.321 0.292
     30       2.191    0.205 0.979      0.995 0.996 0.996 0.998 1.000 1.000 1.000 0.888 0.803 0.577 0.446 0.418 0.380 0.344 0.316
     31       2.032    0.222 0.975      0.993 0.994 0.994 0.997 0.999 1.000 1.000 0.896 0.813 0.591 0.461 0.434 0.396 0.360 0.332
     32       0.898    0.631 0.775      0.836 0.843 0.843 0.860 0.877 0.888 0.896 1.000 0.987 0.887 0.807 0.789 0.762 0.737 0.716
     33       0.885    0.748 0.664      0.737 0.746 0.746 0.767 0.788 0.803 0.813 0.987 1.000 0.950 0.891 0.877 0.856 0.836 0.819
     34       1.206    0.918 0.397      0.488 0.500 0.501 0.528 0.556 0.577 0.591 0.887 0.950 1.000 0.988 0.983 0.975 0.966 0.957
     35       1.796    0.968 0.253      0.350 0.363 0.364 0.393 0.423 0.446 0.461 0.807 0.891 0.988 1.000 1.000 0.997 0.994 0.990
     36       2.020    0.975 0.223      0.321 0.334 0.335 0.364 0.395 0.418 0.434 0.789 0.877 0.983 1.000 1.000 0.999 0.997 0.994
     37       2.453    0.983 0.182      0.281 0.294 0.295 0.325 0.357 0.380 0.396 0.762 0.856 0.975 0.997 0.999 1.000 0.999 0.998
     38       3.076    0.990 0.144      0.244 0.257 0.258 0.289 0.321 0.344 0.360 0.737 0.836 0.966 0.994 0.997 0.999 1.000 1.000
     39       3.865    0.993 0.114      0.215 0.228 0.229 0.260 0.292 0.316 0.332 0.716 0.819 0.957 0.990 0.994 0.998 1.000 1.000

  R CORE   ENERGY   A0R/A00=1.000    R3= 0     2  
   2( 1)    0.732                    1.000 0.000
   2( 2)  487.921                    0.000 1.000

  R CORE   ENERGY   A0R/A00=1.000    R3= 0     2  
   3( 1)  488.652                    0.000 1.000

  R CORE   ENERGY   A0R/A00=1.000    R3= 0     2     4  
   4( 1)    2.438                    1.000 0.000 0.000

  R CORE   ENERGY   A0R/A00=1.000    R3= 0     2     4  
   5( 1)  490.847                    0.000 1.000 0.000

  R CORE   ENERGY   A0R/A00=1.000    R3= 0     2     4     6  
   6( 1)    5.121                    1.000 0.000 0.000 0.000

  R CORE   ENERGY   A0R/A00=1.000    R3= 0     2     4     6  
   7( 1)  494.017                    0.000 1.000 0.000 0.000

          AXIAL SYMMETRY => K RESTRICTED TO OMEGA

                     K
     S.P. ORB#: 25  2.50
     S.P. ORB#: 26 -3.50
     S.P. ORB#: 27  0.50
     S.P. ORB#: 28 -3.50
     S.P. ORB#: 29  4.50
     S.P. ORB#: 30  0.50
     S.P. ORB#: 31 -1.50
     S.P. ORB#: 32 -1.50
     S.P. ORB#: 33  2.50
     S.P. ORB#: 34  0.50
     S.P. ORB#: 35  0.50
     S.P. ORB#: 36 -1.50
     S.P. ORB#: 37  2.50
     S.P. ORB#: 38 -3.50
     S.P. ORB#: 39  4.50
 

             ENERGY    K= OMEGA
 
 I=  1/2- (1)  1.438  27:-0.064
                      34:-0.998
 
 I=  1/2- (2)  3.187  30: 1.000
 
 I=  1/2- (3)  4.897  27: 0.998
                      34:-0.064
 
 I=  1/2- (4)  9.933  35:-1.000
 
 I=  1/2- (5)147.201  32: 1.000

             ENERGY    K= OMEGA
 
 I=  3/2- (1)  1.360  27: 0.052
                      30: 0.197
                      31: 0.117
                      32: 0.967
                      34:-0.093
 
 I=  3/2- (2)  2.102  30: 0.135
                      31: 0.107
                      32:-0.134
                      34:-0.976

             ENERGY    K= OMEGA
 
 I=  5/2- (1)  1.350  27: 0.051
                      30:-0.132
                      31:-0.189
                      32: 0.384
                      33: 0.889
                      34:-0.077
 
 I=  5/2- (2)  1.961  30:-0.239
                      31: 0.164
                      32: 0.878
                      33:-0.377
 
 I=  5/2- (3)  2.122  30:-0.122
                      31:-0.161
                      33:-0.127
                      34:-0.971
 
 I=  5/2- (4)  3.248  27: 0.400
                      30:-0.462
                      31:-0.735
                      32:-0.082
                      33:-0.195
                      34: 0.206
 
 I=  5/2- (5)  4.542  27:-0.065
                      30: 0.791
                      31:-0.534
                      32: 0.267
                      33:-0.108

             ENERGY    K= OMEGA
 
 I=  7/2- (1)  1.977  30: 0.174
                      31:-0.226
                      32: 0.475
                      33:-0.831
 
 I=  7/2- (2)  2.594  25:-0.063
                      27:-0.181
                      28: 0.050
                      30:-0.360
                      31:-0.291
                      32:-0.728
                      33:-0.413
                      34: 0.213
 
 I=  7/2- (3)  3.701  25:-0.170
                      26:-0.078
                      27: 0.067
                      28: 0.565
                      30: 0.126
                      31: 0.170
                      32:-0.223
                      33:-0.141
                      34:-0.726
 
 I=  7/2- (4)  3.773  25: 0.185
                      26: 0.089
                      28:-0.773
                      31: 0.071
                      32:-0.209
                      33:-0.132
                      34:-0.539
 
 I=  7/2- (5)  4.226  35: 0.717
                      36: 0.576
                      37: 0.361
                      38: 0.157

             ENERGY    K= OMEGA
 
 I=  9/2- (1)  2.622  26:-0.071
                      27: 0.177
                      29: 0.083
                      30:-0.304
                      31:-0.362
                      32: 0.463
                      33: 0.693
                      34:-0.194
 
 I=  9/2- (2)  3.206  25: 0.089
                      26: 0.260
                      28: 0.208
                      29:-0.932
                      31:-0.055
                      34:-0.055
 
 I=  9/2- (3)  3.755  27: 0.068
                      29: 0.054
                      30:-0.083
                      31:-0.238
                      32:-0.347
                      33:-0.197
                      34:-0.877
 
 I=  9/2- (4)  3.789  25: 0.105
                      28: 0.130
                      30: 0.338
                      31:-0.198
                      32:-0.687
                      33: 0.560
                      34: 0.173
 
 I=  9/2- (5)  4.661  25:-0.322
                      26: 0.139
                      28:-0.900
                      29:-0.195
                      30: 0.071
                      31:-0.060
                      32:-0.117
                      33: 0.076

             ENERGY    K= OMEGA
 
 I= 11/2- (1)  2.943  35:-0.651
                      36:-0.563
                      37:-0.419
                      38:-0.261
                      39:-0.121
 
 I= 11/2- (2)  3.816  25: 0.090
                      26:-0.167
                      28:-0.093
                      29:-0.280
                      30: 0.247
                      31:-0.277
                      32: 0.508
                      33:-0.694
 
 I= 11/2- (3)  4.177  25: 0.125
                      26:-0.305
                      28:-0.269
                      29:-0.837
                      30:-0.104
                      31: 0.111
                      32:-0.187
                      33: 0.245
 
 I= 11/2- (4)  4.556  25:-0.087
                      27:-0.293
                      28: 0.091
                      30:-0.429
                      31:-0.396
                      32:-0.564
                      33:-0.417
                      34: 0.252
 
 I= 11/2- (5)  5.765  25: 0.376
                      26: 0.173
                      27:-0.090
                      28:-0.838
                      29: 0.266
                      30:-0.101
                      31:-0.107
                      34: 0.154

             ENERGY    K= OMEGA
 
 I= 13/2- (1)  4.518  35: 0.180
                      36:-0.473
                      37: 0.599
                      38:-0.534
                      39: 0.317
 
 I= 13/2- (2)  4.606  25:-0.070
                      26:-0.108
                      27: 0.282
                      28:-0.057
                      29: 0.134
                      30:-0.395
                      31:-0.439
                      32: 0.426
                      33: 0.547
                      34:-0.232
 
 I= 13/2- (3)  5.304  25: 0.186
                      26: 0.377
                      27: 0.083
                      28: 0.326
                      29:-0.820
                      30:-0.102
                      31:-0.115
                      33: 0.052
                      34:-0.093
 
 I= 13/2- (4)  6.392  27: 0.102
                      29: 0.107
                      30:-0.081
                      31:-0.205
                      32:-0.401
                      33:-0.330
                      34:-0.811
 
 I= 13/2- (5)  6.504  25:-0.189
                      26: 0.101
                      28:-0.265
                      29:-0.086
                      30:-0.345
                      31: 0.255
                      32: 0.592
                      33:-0.573
                      34:-0.111

             ENERGY     K= 9/2
  32 LEVELS    TIME=  0.0 SEC



 ******************* EXCITATION ENERGIES, DOMINANT CONFIGURATION AND EXPECTATION VALUES (WITH S.P. UU+VV FACTORS) *******************

  NR  Eex(keV)  I   Kdom  NY    <Jz>  <Jx**2> <Jy**2> <Jz**2> <I.j>/|I|  <Rx**2> <Ry**2> <Rz**2> <R.j>/|R|  <HROTx> <HROTy> <HROTz>

   1    0.0   5/2-   5/2  33    1.71    1.83    1.83    5.36    2.46       1.60    1.60    0.00   -0.97      0.195   0.195   0.000
   2    9.5   3/2-  -3/2  32   -1.40    1.50    1.50    2.15    1.48       1.58    1.58   -0.00   -1.28      0.193   0.193  -0.000
   3   87.5   1/2-   1/2  34    0.50    1.13    1.13    0.25    0.84       0.91    0.91    0.00   -1.33      0.111   0.111   0.000
   4  611.2   5/2-  -3/2  32   -0.81    1.52    1.52    2.71    1.13       3.91    3.91   -0.00   -0.86      0.477   0.477  -0.000
   5  626.4   7/2-   5/2  33    1.32    1.94    1.94    4.97    2.08       4.03    4.03   -0.00   -0.21      0.492   0.492  -0.000
  
   6  752.2   3/2-   1/2  34    0.44    1.23    1.23    0.31   -0.17       3.59    3.59    0.00   -1.16      0.437   0.437   0.000
   7  772.2   5/2-   1/2  34    0.48    1.41    1.41    0.40    0.80       3.63    3.63    0.00   -0.32      0.443   0.443   0.000
   8 1243.7   7/2-  -3/2  32   -0.39    1.66    1.66    2.56    1.38       5.35    5.35   -0.00   -0.13      0.653   0.653  -0.000
   9 1272.1   9/2-   5/2  33    0.78    2.70    2.70    4.03    2.34       5.45    5.45    0.00    0.67      0.664   0.664   0.000
  10 1592.9  11/2-   1/2  35    0.00   28.35   28.35    3.05    7.41       3.46    3.46    0.00   -5.88      0.422   0.422   0.000
  
  11 1836.6   1/2-   1/2  30    0.50    3.95    3.95    0.25    0.42       4.08    4.08    0.00   -2.72      0.497   0.497   0.000
  12 1856.1   9/2-   9/2  29    3.54    2.71    2.71   19.01    4.44       2.50    2.50    0.00   -1.05      0.305   0.305   0.001
  13 1898.0   5/2-  -3/2  31   -0.52    3.76    3.76    1.57    1.65       4.04    4.04    0.00   -1.48      0.492   0.492   0.000
  14 2351.0   7/2-   1/2  34   -0.86    1.87    1.87    4.60    1.19       7.30    7.30    0.00   -0.94      0.891   0.891   0.000
  15 2404.6   9/2-   1/2  34    0.24    1.50    1.50    0.90    0.80      10.36   10.36    0.00    0.01      1.263   1.263   0.000
  
  16 2422.5   7/2-  -7/2  28   -1.92    2.02    2.02    7.93    2.08       5.61    5.61    0.00   -1.11      0.684   0.684   0.000
  17 2438.8   9/2-  -3/2  32    0.05    1.77    1.77    3.45    1.04      10.71   10.71   -0.00   -0.39      1.306   1.306  -0.000
  18 2466.2  11/2-   5/2  33    0.98    2.41    2.41    5.86    2.16      10.28   10.28    0.00    0.50      1.253   1.253   0.000
  19 2826.4  11/2-   9/2  29    2.70    2.89    2.89   16.80    3.74       6.82    6.82    0.00   -0.06      0.832   0.832   0.000
  20 2875.4   7/2-   1/2  35   -0.00   28.74   28.74    1.99    7.16       9.18    9.18    0.00   -7.24      1.119   1.119   0.000
  
  21 3168.1  13/2-   5/2  37    0.03   26.38   26.38    8.27    6.77       7.65    7.65    0.00   -3.53      0.932   0.932   0.000
  22 3191.7   5/2-   1/2  30   -0.19    4.01    4.01    1.04   -0.45      10.23   10.23    0.00   -2.30      1.247   1.247   0.000
  23 3205.6  11/2-  -3/2  32   -0.12    2.00    2.00    2.42    1.52      12.00   12.00    0.00    0.55      1.463   1.463   0.000
  24 3255.4  13/2-   5/2  33    0.37    3.43    3.43    3.36    2.49      12.13   12.13    0.00    1.45      1.479   1.479   0.000
  25 3310.9   9/2-  -7/2  28   -2.48    2.52    2.52   11.66    2.88       6.40    6.40    0.00   -0.67      0.780   0.780   0.000
  
  26 3546.9   1/2-   1/2  27    0.50    4.59    4.59    0.25    0.66       4.51    4.51   -0.00   -2.95      0.550   0.550  -0.000
  27 3953.6  13/2-   9/2  29    2.24    3.36    3.36   16.95    3.70      10.36   10.36    0.00    0.48      1.264   1.264   0.000
  28 4414.8  11/2-  -7/2  28   -1.88    2.66    2.66   11.33    2.57      10.81   10.81    0.00   -0.27      1.317   1.317   0.000
  29 5041.8  13/2-   1/2  34    0.36    1.58    1.58    1.55    0.78      21.25   21.25   -0.00    0.12      2.591   2.591  -0.000
  30 5153.9  13/2-  -3/2  32    0.11    1.90    1.90    4.38    1.10      20.77   20.77    0.00   -0.08      2.532   2.532   0.000
  
  31 8582.8   1/2-   1/2  35    0.50   29.30   29.30    0.25   -4.12      33.37   33.37    0.00   -7.64      4.068   4.068   0.000
  32*******   1/2-  -3/2  32    0.00    0.00    0.00    0.00   -0.00       0.00    0.00    0.00   -0.00      0.000   0.000   0.000
