1SPECTRUM OF (Z= 82 A=207) IN PARTICLE-ROTOR  MODEL WITH MODIFIED OSCILLATOR POTENTIAL


 PARITY=-   EPS= 0.181   GAMMA=  0.0   EPS4=0.000   EPS6=0.000   LEVELS:  25  26  27  28  29  30  31  32  33  34  35  36  37  38  39

 PAIRING FACTORS: GN0= 19.20  GN1=  7.40  IPAIR= 15 ***  E2PLUS(INPUT)=   0.730  E2PLUR(INPUT)=   0.000

 CORIOLIS ATTENUATION PARAMETERS:  CHSI=1.000  ETA=  1.00

 MOMENT OF INERTIA PARAMETERS:   A1=  0.122 MEV   A2=  0.122 MEV   A3=121.91924 MEV


 DELTA=0.910 MEV  LAMBDA=53.4571 MEV   HW0= 7.4392 MEV   LAMBDA/HW0= 7.1859

 E2ENERGY=0.730 MEV  HBAR**2/B= 6075./A**(7/3)=1026.9/A**2 MEV

 IREC=0  =>  RECOIL TERMS j+j-, j+j+, jzjz, ETC TREATED AS ONE-BODY OPERATORS WITH UU+VV PAIRING FACTORS



 S. P. LEVEL   EQP       U     V        (UU + VV)**1.00

     25       4.316    0.106 0.994      1.000 1.000 1.000 0.999 0.996 0.994 0.992 0.795 0.692 0.468 0.394 0.355 0.303 0.258 0.224
     26       3.910    0.117 0.993      1.000 1.000 1.000 0.999 0.997 0.995 0.993 0.802 0.700 0.478 0.404 0.365 0.314 0.269 0.235
     27       3.807    0.120 0.993      1.000 1.000 1.000 0.999 0.997 0.996 0.994 0.804 0.702 0.481 0.407 0.368 0.317 0.272 0.238
     28       2.896    0.159 0.987      0.999 0.999 0.999 1.000 0.999 0.999 0.997 0.826 0.729 0.515 0.443 0.404 0.354 0.309 0.276
     29       2.358    0.197 0.980      0.996 0.997 0.997 0.999 1.000 1.000 0.999 0.847 0.755 0.547 0.477 0.439 0.389 0.345 0.312
     30       2.187    0.213 0.977      0.994 0.995 0.996 0.999 1.000 1.000 1.000 0.856 0.766 0.561 0.491 0.454 0.404 0.361 0.328
     31       2.027    0.231 0.973      0.992 0.993 0.994 0.997 0.999 1.000 1.000 0.865 0.777 0.576 0.507 0.470 0.421 0.378 0.345
     32       0.912    0.687 0.726      0.795 0.802 0.804 0.826 0.847 0.856 0.865 1.000 0.988 0.908 0.871 0.849 0.819 0.791 0.769
     33       0.941    0.791 0.611      0.692 0.700 0.702 0.729 0.755 0.766 0.777 0.988 1.000 0.962 0.936 0.921 0.898 0.876 0.859
     34       1.319    0.928 0.372      0.468 0.478 0.481 0.515 0.547 0.561 0.576 0.908 0.962 1.000 0.997 0.992 0.984 0.975 0.966
     35       1.619    0.956 0.294      0.394 0.404 0.407 0.443 0.477 0.491 0.507 0.871 0.936 0.997 1.000 0.999 0.995 0.990 0.984
     36       1.856    0.967 0.253      0.355 0.365 0.368 0.404 0.439 0.454 0.470 0.849 0.921 0.992 0.999 1.000 0.998 0.995 0.991
     37       2.321    0.980 0.200      0.303 0.314 0.317 0.354 0.389 0.404 0.421 0.819 0.898 0.984 0.995 0.998 1.000 0.999 0.997
     38       2.993    0.988 0.154      0.258 0.269 0.272 0.309 0.345 0.361 0.378 0.791 0.876 0.975 0.990 0.995 0.999 1.000 0.999
     39       3.845    0.993 0.119      0.224 0.235 0.238 0.276 0.312 0.328 0.345 0.769 0.859 0.966 0.984 0.991 0.997 0.999 1.000

  R CORE   ENERGY   A0R/A00=1.000    R3= 0     2  
   2( 1)    0.732                    1.000 0.000
   2( 2)  487.921                    0.000 1.000

  R CORE   ENERGY   A0R/A00=1.000    R3= 0     2  
   3( 1)  488.652                    0.000 1.000

  R CORE   ENERGY   A0R/A00=1.000    R3= 0     2     4  
   4( 1)    2.438                    1.000 0.000 0.000

  R CORE   ENERGY   A0R/A00=1.000    R3= 0     2     4  
   5( 1)  490.847                    0.000 1.000 0.000

  R CORE   ENERGY   A0R/A00=1.000    R3= 0     2     4     6  
   6( 1)    5.121                    1.000 0.000 0.000 0.000

  R CORE   ENERGY   A0R/A00=1.000    R3= 0     2     4     6  
   7( 1)  494.017                    0.000 1.000 0.000 0.000

          AXIAL SYMMETRY => K RESTRICTED TO OMEGA

                     K
     S.P. ORB#: 25  2.50
     S.P. ORB#: 26  0.50
     S.P. ORB#: 27 -3.50
     S.P. ORB#: 28 -3.50
     S.P. ORB#: 29  4.50
     S.P. ORB#: 30  0.50
     S.P. ORB#: 31 -1.50
     S.P. ORB#: 32 -1.50
     S.P. ORB#: 33  2.50
     S.P. ORB#: 34  0.50
     S.P. ORB#: 35  0.50
     S.P. ORB#: 36 -1.50
     S.P. ORB#: 37  2.50
     S.P. ORB#: 38 -3.50
     S.P. ORB#: 39  4.50
 

             ENERGY    K= OMEGA
 
 I=  1/2- (1)  1.561  26:-0.062
                      34:-0.998
 
 I=  1/2- (2)  3.205  30: 1.000
 
 I=  1/2- (3)  5.046  26: 0.998
                      34:-0.062
 
 I=  1/2- (4)  9.664  35:-1.000
 
 I=  1/2- (5)147.215  32:-1.000

             ENERGY    K= OMEGA
 
 I=  3/2- (1)  1.385  30: 0.192
                      31: 0.111
                      32: 0.970
                      34:-0.084
 
 I=  3/2- (2)  2.218  30:-0.146
                      31:-0.120
                      32: 0.126
                      34: 0.974

             ENERGY    K= OMEGA
 
 I=  5/2- (1)  1.412  26: 0.051
                      30:-0.133
                      31:-0.184
                      32: 0.403
                      33: 0.883
                      34:-0.068
 
 I=  5/2- (2)  1.997  30:-0.228
                      31: 0.165
                      32: 0.872
                      33:-0.395
 
 I=  5/2- (3)  2.242  30: 0.138
                      31: 0.178
                      33: 0.127
                      34: 0.966
 
 I=  5/2- (4)  3.284  26: 0.389
                      30:-0.457
                      31:-0.737
                      32:-0.079
                      33:-0.192
                      34: 0.230
 
 I=  5/2- (5)  4.549  26:-0.065
                      30: 0.797
                      31:-0.530
                      32: 0.259
                      33:-0.105

             ENERGY    K= OMEGA
 
 I=  7/2- (1)  2.042  30: 0.179
                      31:-0.219
                      32: 0.493
                      33:-0.821
 
 I=  7/2- (2)  2.644  25:-0.066
                      26:-0.175
                      28: 0.062
                      30:-0.351
                      31:-0.292
                      32:-0.722
                      33:-0.435
                      34: 0.202
 
 I=  7/2- (3)  3.624  25:-0.246
                      27:-0.108
                      28: 0.946
                      30: 0.064
                      31: 0.073
                      34:-0.148
 
 I=  7/2- (4)  3.831  26: 0.075
                      28:-0.163
                      30: 0.139
                      31: 0.202
                      32:-0.308
                      33:-0.201
                      34:-0.879
 
 I=  7/2- (5)  4.031  35: 0.721
                      36: 0.575
                      37: 0.355
                      38: 0.152

             ENERGY    K= OMEGA
 
 I=  9/2- (1)  2.700  26: 0.176
                      27:-0.080
                      29: 0.121
                      30:-0.301
                      31:-0.358
                      32: 0.470
                      33: 0.688
                      34:-0.181
 
 I=  9/2- (2)  3.100  25: 0.082
                      27: 0.253
                      28: 0.200
                      29:-0.931
                      30:-0.057
                      31:-0.067
                      32: 0.062
                      33: 0.081
 
 I=  9/2- (3)  3.826  25: 0.112
                      28: 0.137
                      30: 0.175
                      31:-0.319
                      32:-0.743
                      33: 0.290
                      34:-0.441
 
 I=  9/2- (4)  3.867  26: 0.083
                      28:-0.094
                      30:-0.300
                      31:-0.075
                      32: 0.187
                      33:-0.524
                      34:-0.758
 
 I=  9/2- (5)  4.547  25:-0.314
                      27: 0.126
                      28:-0.899
                      29:-0.188
                      30: 0.085
                      31:-0.058
                      32:-0.144
                      33: 0.104

             ENERGY    K= OMEGA
 
 I= 11/2- (1)  2.782  35:-0.657
                      36:-0.564
                      37:-0.415
                      38:-0.254
                      39:-0.115
 
 I= 11/2- (2)  3.866  25:-0.113
                      27: 0.228
                      28: 0.146
                      29: 0.462
                      30:-0.222
                      31: 0.238
                      32:-0.465
                      33: 0.615
 
 I= 11/2- (3)  4.108  25: 0.094
                      27:-0.258
                      28:-0.233
                      29:-0.759
                      30:-0.159
                      31: 0.164
                      32:-0.303
                      33: 0.387
 
 I= 11/2- (4)  4.619  25:-0.096
                      26:-0.288
                      28: 0.112
                      30:-0.421
                      31:-0.401
                      32:-0.554
                      33:-0.433
                      34: 0.245
 
 I= 11/2- (5)  5.653  25:-0.372
                      26: 0.089
                      27:-0.163
                      28: 0.850
                      29:-0.260
                      30: 0.109
                      31: 0.104
                      34:-0.122

             ENERGY    K= OMEGA
 
 I= 13/2- (1)  4.404  35:-0.183
                      36: 0.479
                      37:-0.601
                      38: 0.529
                      39:-0.310
 
 I= 13/2- (2)  4.697  25:-0.076
                      26: 0.281
                      27:-0.126
                      28:-0.070
                      29: 0.177
                      30:-0.390
                      31:-0.436
                      32: 0.425
                      33: 0.540
                      34:-0.222
 
 I= 13/2- (3)  5.223  25: 0.174
                      26: 0.095
                      27: 0.369
                      28: 0.315
                      29:-0.820
                      30:-0.119
                      31:-0.136
                      32: 0.067
                      33: 0.084
                      34:-0.093
 
 I= 13/2- (4)  6.465  25:-0.107
                      26:-0.123
                      28:-0.099
                      29:-0.129
                      31: 0.281
                      32: 0.540
                      33: 0.206
                      34: 0.730
 
 I= 13/2- (5)  6.553  25:-0.207
                      26: 0.051
                      27: 0.114
                      28:-0.336
                      29:-0.089
                      30:-0.339
                      31: 0.172
                      32: 0.446
                      33:-0.623
                      34:-0.298

             ENERGY     K= 9/2
  32 LEVELS    TIME=  0.0 SEC



 ******************* EXCITATION ENERGIES, DOMINANT CONFIGURATION AND EXPECTATION VALUES (WITH S.P. UU+VV FACTORS) *******************

  NR  Eex(keV)  I   Kdom  NY    <Jz>  <Jx**2> <Jy**2> <Jz**2> <I.j>/|I|  <Rx**2> <Ry**2> <Rz**2> <R.j>/|R|  <HROTx> <HROTy> <HROTz>

   1    0.0   3/2-  -3/2  32   -1.41    1.53    1.53    2.16    1.46       1.65    1.65    0.00   -1.31      0.201   0.201   0.000
   2   27.9   5/2-   5/2  33    1.67    1.84    1.84    5.32    2.44       1.67    1.67   -0.00   -0.98      0.204   0.204  -0.000
   3  176.8   1/2-   1/2  34    0.50    1.18    1.18    0.25    0.83       0.95    0.95   -0.00   -1.36      0.116   0.116  -0.000
   4  612.2   5/2-  -3/2  32   -0.76    1.54    1.54    2.77    1.12       4.00    4.00    0.00   -0.90      0.488   0.488   0.000
   5  657.2   7/2-   5/2  33    1.26    1.95    1.95    4.91    2.05       4.14    4.14    0.00   -0.23      0.505   0.505   0.000
  
   6  833.5   3/2-   1/2  34    0.44    1.29    1.29    0.31   -0.14       3.60    3.60    0.00   -1.18      0.438   0.438   0.000
   7  857.1   5/2-   1/2  34    0.47    1.50    1.50    0.41    0.82       3.65    3.65   -0.00   -0.36      0.445   0.445  -0.000
   8 1259.5   7/2-  -3/2  32   -0.35    1.71    1.71    2.68    1.37       5.50    5.50    0.00   -0.20      0.671   0.671   0.000
   9 1315.2   9/2-   5/2  33    0.78    2.71    2.71    4.17    2.33       5.59    5.59   -0.00    0.59      0.681   0.681  -0.000
  10 1397.2  11/2-   1/2  35    0.00   28.11   28.11    2.96    7.36       3.48    3.48   -0.00   -5.76      0.424   0.424  -0.000
  
  11 1715.7   9/2-   9/2  29    3.56    2.69    2.69   18.94    4.41       2.59    2.59   -0.00   -1.04      0.316   0.316  -0.001
  12 1820.7   1/2-   1/2  30    0.50    4.02    4.02    0.25    0.40       4.17    4.17    0.00   -2.75      0.508   0.508   0.000
  13 1899.9   5/2-  -3/2  31   -0.53    3.80    3.80    1.57    1.61       4.20    4.20   -0.00   -1.52      0.512   0.512  -0.000
  14 2239.1   7/2-  -7/2  28   -3.02    2.36    2.36   11.50    3.33       2.76    2.76   -0.00   -1.28      0.336   0.336  -0.000
  15 2441.6   9/2-  -3/2  32   -0.69    1.47    1.47    2.42    0.89      10.61   10.61   -0.00   -0.20      1.294   1.294  -0.000
  
  16 2446.2   7/2-   1/2  34    0.20    1.62    1.62    1.09   -0.01      10.10   10.10    0.00   -0.98      1.231   1.231   0.000
  17 2481.9  11/2-   5/2  33    1.30    2.57    2.57    8.29    2.55       9.32    9.32   -0.00    0.43      1.136   1.136  -0.000
  18 2482.4   9/2-   1/2  34    0.93    1.99    1.99    2.13    1.01      10.41   10.41    0.00   -0.24      1.270   1.270   0.000
  19 2646.6   7/2-   1/2  35   -0.00   28.46   28.46    1.94    7.11       9.08    9.08   -0.00   -7.19      1.107   1.107  -0.000
  20 2723.0  11/2-   9/2  29    2.40    2.69    2.69   14.41    3.30       8.06    8.06   -0.00   -0.02      0.983   0.983  -0.000
  
  21 3019.3  13/2-   5/2  37    0.03   26.26   26.26    8.16    6.73       7.70    7.70   -0.00   -3.48      0.939   0.939  -0.000
  22 3162.1   9/2-  -7/2  28   -2.48    2.49    2.49   11.55    2.84       6.50    6.50   -0.00   -0.66      0.793   0.793  -0.000
  23 3164.9   5/2-   1/2  30   -0.17    4.07    4.07    1.02   -0.43      10.24   10.24   -0.00   -2.31      1.249   1.249  -0.000
  24 3234.8  11/2-  -3/2  32   -0.10    2.08    2.08    2.55    1.52      12.14   12.14   -0.00    0.48      1.481   1.481  -0.000
  25 3312.2  13/2-   5/2  33    0.40    3.46    3.46    3.65    2.49      12.27   12.27   -0.00    1.37      1.497   1.497  -0.000
  
  26 3661.5   1/2-   1/2  26    0.50    4.79    4.79    0.25    0.68       4.71    4.71    0.00   -3.01      0.574   0.574   0.000
  27 3838.2  13/2-   9/2  29    2.28    3.31    3.31   16.80    3.66      10.56   10.56   -0.00    0.46      1.287   1.287  -0.000
  28 4268.5  11/2-  -7/2  28   -1.97    2.64    2.64   11.44    2.60      10.69   10.69   -0.00   -0.25      1.303   1.303  -0.000
  29 5080.5  13/2-   1/2  34   -0.11    1.65    1.65    1.77    0.85      20.98   20.98    0.00    0.13      2.558   2.558   0.000
  30 5168.7  13/2-   5/2  33    0.43    2.09    2.09    4.96    1.22      20.45   20.45    0.00   -0.10      2.494   2.494   0.000
  
  31 8279.1   1/2-   1/2  35    0.50   28.95   28.95    0.25   -4.09      32.99   32.99    0.00   -7.59      4.023   4.023   0.000
  32*******   1/2-  -3/2  32    0.00    0.00    0.00    0.00   -0.00       0.00    0.00    0.00   -0.00      0.000   0.000   0.000
