1SPECTRUM OF (Z= 82 A=207) IN PARTICLE-ROTOR  MODEL WITH MODIFIED OSCILLATOR POTENTIAL


 PARITY=-   EPS= 0.404   GAMMA=  0.0   EPS4=0.000   EPS6=0.000   LEVELS:  25  26  27  28  29  30  31  32  33  34  35  36  37  38  39

 PAIRING FACTORS: GN0= 19.20  GN1=  7.40  IPAIR= 15 ***  E2PLUS(INPUT)=   0.730  E2PLUR(INPUT)=   0.000

 CORIOLIS ATTENUATION PARAMETERS:  CHSI=1.000  ETA=  1.00

 MOMENT OF INERTIA PARAMETERS:   A1=  0.122 MEV   A2=  0.122 MEV   A3=121.91924 MEV


 DELTA=0.843 MEV  LAMBDA=53.4828 MEV   HW0= 7.5634 MEV   LAMBDA/HW0= 7.0712

 E2ENERGY=0.730 MEV  HBAR**2/B=30263./A**(7/3)=5116.0/A**2 MEV

 IREC=0  =>  RECOIL TERMS j+j-, j+j+, jzjz, ETC TREATED AS ONE-BODY OPERATORS WITH UU+VV PAIRING FACTORS



 S. P. LEVEL   EQP       U     V        (UU + VV)**1.00

     25       3.601    0.118 0.993      1.000 1.000 0.999 0.997 0.996 0.919 0.888 0.876 0.506 0.498 0.383 0.341 0.252 0.239 0.237
     26       3.320    0.128 0.992      1.000 1.000 0.999 0.998 0.997 0.923 0.893 0.881 0.514 0.507 0.392 0.350 0.262 0.249 0.247
     27       2.663    0.160 0.987      0.999 0.999 1.000 0.999 0.999 0.935 0.907 0.896 0.542 0.535 0.422 0.381 0.293 0.280 0.278
     28       2.197    0.196 0.981      0.997 0.998 0.999 1.000 1.000 0.947 0.922 0.911 0.572 0.565 0.454 0.414 0.327 0.315 0.313
     29       2.106    0.204 0.979      0.996 0.997 0.999 1.000 1.000 0.950 0.925 0.915 0.579 0.572 0.462 0.422 0.336 0.323 0.321
     30       0.973    0.500 0.866      0.919 0.923 0.935 0.947 0.950 1.000 0.997 0.995 0.805 0.800 0.716 0.684 0.614 0.603 0.601
     31       0.908    0.560 0.828      0.888 0.893 0.907 0.922 0.925 0.997 1.000 1.000 0.845 0.840 0.764 0.734 0.668 0.658 0.656
     32       0.891    0.582 0.813      0.876 0.881 0.896 0.911 0.915 0.995 1.000 1.000 0.859 0.854 0.781 0.752 0.687 0.677 0.676
     33       1.149    0.916 0.400      0.506 0.514 0.542 0.572 0.579 0.805 0.845 0.859 1.000 1.000 0.991 0.983 0.962 0.959 0.958
     34       1.168    0.920 0.392      0.498 0.507 0.535 0.565 0.572 0.800 0.840 0.854 1.000 1.000 0.992 0.985 0.965 0.961 0.960
     35       1.614    0.962 0.271      0.383 0.392 0.422 0.454 0.462 0.716 0.764 0.781 0.991 0.992 1.000 0.999 0.990 0.989 0.988
     36       1.901    0.974 0.228      0.341 0.350 0.381 0.414 0.422 0.684 0.734 0.752 0.983 0.985 0.999 1.000 0.996 0.994 0.994
     37       3.124    0.991 0.136      0.252 0.262 0.293 0.327 0.336 0.614 0.668 0.687 0.962 0.965 0.990 0.996 1.000 1.000 1.000
     38       3.457    0.992 0.123      0.239 0.249 0.280 0.315 0.323 0.603 0.658 0.677 0.959 0.961 0.989 0.994 1.000 1.000 1.000
     39       3.516    0.993 0.121      0.237 0.247 0.278 0.313 0.321 0.601 0.656 0.676 0.958 0.960 0.988 0.994 1.000 1.000 1.000

  R CORE   ENERGY   A0R/A00=1.000    R3= 0     2  
   2( 1)    0.732                    1.000 0.000
   2( 2)  487.921                    0.000 1.000

  R CORE   ENERGY   A0R/A00=1.000    R3= 0     2  
   3( 1)  488.652                    0.000 1.000

  R CORE   ENERGY   A0R/A00=1.000    R3= 0     2     4  
   4( 1)    2.438                    1.000 0.000 0.000

  R CORE   ENERGY   A0R/A00=1.000    R3= 0     2     4  
   5( 1)  490.847                    0.000 1.000 0.000

  R CORE   ENERGY   A0R/A00=1.000    R3= 0     2     4     6  
   6( 1)    5.121                    1.000 0.000 0.000 0.000

  R CORE   ENERGY   A0R/A00=1.000    R3= 0     2     4     6  
   7( 1)  494.017                    0.000 1.000 0.000 0.000

          AXIAL SYMMETRY => K RESTRICTED TO OMEGA

                     K
     S.P. ORB#: 25 -5.50
     S.P. ORB#: 26  0.50
     S.P. ORB#: 27  2.50
     S.P. ORB#: 28 -1.50
     S.P. ORB#: 29 -3.50
     S.P. ORB#: 30  0.50
     S.P. ORB#: 31  2.50
     S.P. ORB#: 32 -1.50
     S.P. ORB#: 33 -3.50
     S.P. ORB#: 34  0.50
     S.P. ORB#: 35  4.50
     S.P. ORB#: 36 -3.50
     S.P. ORB#: 37  0.50
     S.P. ORB#: 38 -1.50
     S.P. ORB#: 39 -1.50
 

             ENERGY    K= OMEGA
 
 I=  1/2- (1)  2.293  30:-1.000
 
 I=  1/2- (2)  4.074  26:-0.199
                      34: 0.916
                      37:-0.348
 
 I=  1/2- (3)  7.101  26:-0.304
                      34: 0.280
                      37: 0.911
 
 I=  1/2- (4)  9.593  26: 0.932
                      34: 0.287
                      37: 0.223
 
 I=  1/2- (5)147.194  32: 1.000

             ENERGY    K= OMEGA
 
 I=  3/2- (1)  2.209  30: 0.475
                      32:-0.879
 
 I=  3/2- (2)  2.559  30:-0.862
                      32:-0.472
                      39:-0.184

             ENERGY    K= OMEGA
 
 I=  5/2- (1)  2.768  30:-0.456
                      32:-0.886
                      39: 0.063
 
 I=  5/2- (2)  3.327  27: 0.064
                      30:-0.836
                      32: 0.449
                      39: 0.308
 
 I=  5/2- (3)  4.121  26:-0.152
                      34: 0.807
                      37:-0.488
                      38: 0.292
 
 I=  5/2- (4)  4.444  27:-0.981
                      30:-0.086
                      32: 0.084
                      39:-0.152
 
 I=  5/2- (5)  4.927  27: 0.177
                      30:-0.291
                      32: 0.074
                      39:-0.937

             ENERGY    K= OMEGA
 
 I=  7/2- (1)  2.046  27: 0.147
                      33:-0.988
 
 I=  7/2- (2)  3.394  30:-0.707
                      32: 0.685
                      39:-0.172
 
 I=  7/2- (3)  3.990  27: 0.198
                      29: 0.701
                      30:-0.437
                      32:-0.480
                      39:-0.219
 
 I=  7/2- (4)  4.031  26: 0.065
                      28:-0.104
                      31:-0.148
                      34:-0.874
                      36:-0.061
                      37:-0.239
                      38: 0.371
 
 I=  7/2- (5)  4.044  27:-0.051
                      29:-0.690
                      30:-0.445
                      32:-0.529
                      39:-0.209

             ENERGY    K= OMEGA
 
 I=  9/2- (1)  2.541  27:-0.088
                      29: 0.171
                      33:-0.373
                      35:-0.908
 
 I=  9/2- (2)  3.140  27: 0.196
                      29: 0.104
                      33: 0.902
                      35:-0.371
 
 I=  9/2- (3)  4.517  27:-0.056
                      30:-0.584
                      32:-0.789
                      39: 0.177
 
 I=  9/2- (4)  4.795  26: 0.077
                      28:-0.405
                      31: 0.560
                      34: 0.491
                      36:-0.319
                      37:-0.323
                      38: 0.264
 
 I=  9/2- (5)  4.944  26: 0.225
                      28:-0.376
                      31: 0.420
                      34:-0.570
                      36:-0.248
                      37: 0.428
                      38:-0.251

             ENERGY    K= OMEGA
 
 I= 11/2- (1)  3.615  26: 0.547
                      28: 0.570
                      31: 0.482
                      34: 0.265
                      36: 0.224
                      37: 0.080
                      38:-0.130
 
 I= 11/2- (2)  3.686  27:-0.134
                      29:-0.231
                      33: 0.449
                      35:-0.851
 
 I= 11/2- (3)  4.456  25: 0.053
                      27:-0.232
                      29: 0.152
                      33: 0.851
                      35: 0.442
 
 I= 11/2- (4)  4.945  25: 0.998
                      35:-0.055
 
 I= 11/2- (5)  5.017  26: 0.291
                      28: 0.147
                      31: 0.074
                      34:-0.804
                      37:-0.282
                      38: 0.401

             ENERGY    K= OMEGA
 
 I= 13/2- (1)  5.067  27: 0.172
                      29:-0.273
                      33: 0.486
                      35: 0.810
 
 I= 13/2- (2)  5.395  26: 0.195
                      28:-0.556
                      31: 0.679
                      34: 0.135
                      36:-0.395
                      37:-0.056
                      38: 0.120
 
 I= 13/2- (3)  6.001  25:-0.078
                      27:-0.260
                      29:-0.189
                      33:-0.813
                      35: 0.476
 
 I= 13/2- (4)  6.533  25: 0.996
                      35: 0.071
 
 I= 13/2- (5)  6.579  26:-0.146
                      28: 0.123
                      31:-0.079
                      34: 0.709
                      36: 0.056
                      37:-0.555
                      38: 0.378

             ENERGY     K=-3/2
  32 LEVELS    TIME=  0.0 SEC



 ******************* EXCITATION ENERGIES, DOMINANT CONFIGURATION AND EXPECTATION VALUES (WITH S.P. UU+VV FACTORS) *******************

  NR  Eex(keV)  I   Kdom  NY    <Jz>  <Jx**2> <Jy**2> <Jz**2> <I.j>/|I|  <Rx**2> <Ry**2> <Rz**2> <R.j>/|R|  <HROTx> <HROTy> <HROTz>

   1    0.0   7/2-  -7/2  33   -3.37    2.31    2.31   12.12    3.20       3.54    3.54    0.00   -1.51      0.432   0.432   0.000
   2  162.2   3/2-  -3/2  32   -1.05    5.02    5.02    1.80    1.28       5.32    5.32    0.00   -2.87      0.649   0.649   0.000
   3  246.6   1/2-   1/2  30    0.50    4.99    4.99    0.25    0.08       5.41    5.41    0.00   -3.08      0.660   0.660   0.000
   4  494.8   9/2-   9/2  35    3.14    2.51    2.51   18.79    4.08       3.98    3.98    0.00   -1.24      0.485   0.485   0.000
   5  512.5   3/2-   1/2  30   -0.01    4.82    4.82    0.76    0.44       6.23    6.23    0.00   -2.71      0.759   0.759   0.000
  
   6  721.2   5/2-  -3/2  32   -1.08    5.04    5.04    1.84    0.93       7.57    7.57    0.00   -2.35      0.923   0.923   0.000
   7 1093.9   9/2-  -7/2  33   -2.17    2.37    2.37   13.11    2.75       7.62    7.62    0.00   -1.07      0.930   0.930   0.000
   8 1280.6   5/2-   1/2  30   -0.08    4.59    4.59    0.87    0.23       8.71    8.71    0.00   -2.24      1.061   1.061   0.000
   9 1347.4   7/2-   1/2  30   -0.50    5.00    5.00    1.26    0.94       9.77    9.77    0.00   -1.70      1.191   1.191   0.000
  10 1568.9  11/2-  -3/2  28    0.08   23.64   23.64    2.93    6.20       5.91    5.91    0.00   -3.82      0.721   0.721   0.000
  
  11 1639.7  11/2-   9/2  35    2.40    2.67    2.67   17.97    3.49       8.68    8.68    0.00   -0.59      1.059   1.059   0.000
  12 1943.7   7/2-  -7/2  29   -1.94    5.42    5.42    6.94    1.86       9.39    9.39    0.00   -2.40      1.145   1.145   0.000
  13 1984.5   7/2-   1/2  34    0.23   15.16   15.16    0.72    3.40       9.92    9.92    0.00   -3.94      1.209   1.209   0.000
  14 1997.7   7/2-  -7/2  29   -2.05    5.39    5.39    6.63    1.66      10.00   10.00    0.00   -2.42      1.220   1.220   0.000
  15 2028.1   1/2-   1/2  34    0.50   11.01   11.01    0.25    1.06      10.60   10.60    0.00   -4.64      1.292   1.292   0.000
  
  16 2074.5   5/2-   1/2  34    0.33   11.51   11.51    0.42    2.34       9.19    9.19    0.00   -3.86      1.120   1.120   0.000
  17 2398.1   5/2-   5/2  27    2.36    5.98    5.98    6.08    2.05       7.33    7.33    0.00   -3.13      0.893   0.893   0.000
  18 2409.5  11/2-  -7/2  33   -1.62    2.45    2.45   13.53    2.40      12.73   12.73    0.00   -0.81      1.553   1.553   0.000
  19 2471.0   9/2-  -3/2  32   -0.81    5.01    5.01    1.60    0.76      14.39   14.39    0.00   -1.46      1.755   1.755   0.000
  20 2748.9   9/2-   5/2  31    0.25   19.83   19.83    3.82    4.31      12.67   12.67    0.00   -4.38      1.545   1.545   0.000
  
  21 2880.3   5/2-  -3/2  39   -1.20    2.31    2.31    2.21    0.32       6.84    6.84   -0.00   -1.59      0.834   0.834  -0.000
  22 2897.2   9/2-   1/2  34    0.20   15.69   15.69    2.45    3.40      12.39   12.39    0.00   -3.40      1.510   1.510   0.000
  23 2899.0  11/2- -11/2  25   -5.47    2.75    2.75   30.19    5.05       5.55    5.55    0.00   -1.66      0.677   0.677   0.000
  24 2970.9  11/2-   1/2  34    0.14   13.64   13.64    0.67    3.19      12.80   12.80   -0.00   -1.76      1.561   1.561  -0.000
  25 3020.3  13/2-   9/2  35    1.93    2.82    2.82   17.36    3.09      14.32   14.32    0.00   -0.27      1.745   1.745   0.000
  
  26 3349.1  13/2-   5/2  31    0.15   23.65   23.65    5.54    5.05      15.56   15.56    0.00   -3.16      1.897   1.897   0.000
  27 3954.2  13/2-  -7/2  33   -1.29    2.54    2.54   13.74    2.14      18.84   18.84    0.00   -0.63      2.297   2.297   0.000
  28 4486.9  13/2- -11/2  25   -5.44    2.75    2.75   30.13    4.31      12.10   12.10    0.00   -1.13      1.475   1.475   0.000
  29 4532.7  13/2-   1/2  34    0.18   12.07   12.07    0.64    2.67      18.12   18.12   -0.00   -1.02      2.209   2.209  -0.000
  30 5054.5   1/2-   1/2  37    0.50   15.87   15.87    0.25   -0.57      16.86   16.86    0.00   -5.59      2.056   2.056   0.000
  
  31 7546.3   1/2-   1/2  26    0.50   23.00   23.00    0.25   -3.45      26.49   26.49    0.00   -6.77      3.230   3.230   0.000
  32*******   1/2-  -3/2  32    0.00    0.00    0.00    0.00    0.00       0.00    0.00    0.00   -0.00      0.000   0.000   0.000
