1SPECTRUM OF (Z= 82 A=207) IN PARTICLE-ROTOR  MODEL WITH MODIFIED OSCILLATOR POTENTIAL


 PARITY=-   EPS= 0.399   GAMMA=  0.0   EPS4=0.000   EPS6=0.000   LEVELS:  24  25  26  27  28  29  30  31  32  33  34  35  36  37  38

 PAIRING FACTORS: GN0= 19.20  GN1=  7.40  IPAIR= 15 ***  E2PLUS(INPUT)=   0.730  E2PLUR(INPUT)=   0.000

 CORIOLIS ATTENUATION PARAMETERS:  CHSI=1.000  ETA=  1.00

 MOMENT OF INERTIA PARAMETERS:   A1=  0.122 MEV   A2=  0.122 MEV   A3=121.91924 MEV


 DELTA=0.845 MEV  LAMBDA=53.4783 MEV   HW0= 7.5594 MEV   LAMBDA/HW0= 7.0745

 E2ENERGY=0.730 MEV  HBAR**2/B=29519./A**(7/3)=4990.1/A**2 MEV

 IREC=0  =>  RECOIL TERMS j+j-, j+j+, jzjz, ETC TREATED AS ONE-BODY OPERATORS WITH UU+VV PAIRING FACTORS



 S. P. LEVEL   EQP       U     V        (UU + VV)**1.00

     24       4.297    0.099 0.995      1.000 1.000 0.999 0.998 0.995 0.994 0.918 0.877 0.864 0.515 0.454 0.379 0.321 0.230 0.221
     25       3.687    0.115 0.993      1.000 1.000 1.000 0.999 0.996 0.996 0.925 0.885 0.873 0.529 0.469 0.395 0.336 0.246 0.238
     26       3.205    0.133 0.991      0.999 1.000 1.000 1.000 0.998 0.997 0.931 0.893 0.881 0.544 0.485 0.411 0.353 0.263 0.255
     27       2.706    0.158 0.987      0.998 0.999 1.000 1.000 0.999 0.999 0.940 0.905 0.893 0.565 0.507 0.434 0.377 0.288 0.279
     28       2.149    0.201 0.980      0.995 0.996 0.998 0.999 1.000 1.000 0.954 0.922 0.912 0.600 0.544 0.472 0.416 0.329 0.321
     29       2.114    0.204 0.979      0.994 0.996 0.997 0.999 1.000 1.000 0.955 0.924 0.913 0.603 0.546 0.475 0.420 0.332 0.324
     30       0.996    0.485 0.875      0.918 0.925 0.931 0.940 0.954 0.955 1.000 0.996 0.993 0.812 0.770 0.715 0.669 0.597 0.589
     31       0.907    0.564 0.826      0.877 0.885 0.893 0.905 0.922 0.924 0.996 1.000 1.000 0.863 0.826 0.777 0.736 0.669 0.662
     32       0.890    0.586 0.810      0.864 0.873 0.881 0.893 0.912 0.913 0.993 1.000 1.000 0.876 0.841 0.793 0.753 0.688 0.682
     33       1.093    0.904 0.427      0.515 0.529 0.544 0.565 0.600 0.603 0.812 0.863 0.876 1.000 0.998 0.989 0.977 0.953 0.950
     34       1.246    0.931 0.364      0.454 0.469 0.485 0.507 0.544 0.546 0.770 0.826 0.841 0.998 1.000 0.997 0.989 0.971 0.969
     35       1.542    0.958 0.286      0.379 0.395 0.411 0.434 0.472 0.475 0.715 0.777 0.793 0.989 0.997 1.000 0.998 0.988 0.986
     36       1.924    0.974 0.225      0.321 0.336 0.353 0.377 0.416 0.420 0.669 0.736 0.753 0.977 0.989 0.998 1.000 0.996 0.995
     37       3.209    0.991 0.133      0.230 0.246 0.263 0.288 0.329 0.332 0.597 0.669 0.688 0.953 0.971 0.988 0.996 1.000 1.000
     38       3.433    0.992 0.124      0.221 0.238 0.255 0.279 0.321 0.324 0.589 0.662 0.682 0.950 0.969 0.986 0.995 1.000 1.000

  R CORE   ENERGY   A0R/A00=1.000    R3= 0     2  
   2( 1)    0.732                    1.000 0.000
   2( 2)  487.921                    0.000 1.000

  R CORE   ENERGY   A0R/A00=1.000    R3= 0     2  
   3( 1)  488.652                    0.000 1.000

  R CORE   ENERGY   A0R/A00=1.000    R3= 0     2     4  
   4( 1)    2.438                    1.000 0.000 0.000

  R CORE   ENERGY   A0R/A00=1.000    R3= 0     2     4  
   5( 1)  490.847                    0.000 1.000 0.000

  R CORE   ENERGY   A0R/A00=1.000    R3= 0     2     4     6  
   6( 1)    5.121                    1.000 0.000 0.000 0.000

  R CORE   ENERGY   A0R/A00=1.000    R3= 0     2     4     6  
   7( 1)  494.017                    0.000 1.000 0.000 0.000

          AXIAL SYMMETRY => K RESTRICTED TO OMEGA

                     K
     S.P. ORB#: 24  0.50
     S.P. ORB#: 25 -5.50
     S.P. ORB#: 26  0.50
     S.P. ORB#: 27  2.50
     S.P. ORB#: 28 -3.50
     S.P. ORB#: 29 -1.50
     S.P. ORB#: 30  0.50
     S.P. ORB#: 31 -1.50
     S.P. ORB#: 32  2.50
     S.P. ORB#: 33 -3.50
     S.P. ORB#: 34  0.50
     S.P. ORB#: 35  4.50
     S.P. ORB#: 36 -3.50
     S.P. ORB#: 37  0.50
     S.P. ORB#: 38 -1.50
 

             ENERGY    K= OMEGA
 
 I=  1/2- (1)  2.303  30: 0.999
 
 I=  1/2- (2)  4.168  26: 0.195
                      34:-0.915
                      37: 0.353
 
 I=  1/2- (3)  5.987  24: 0.999
 
 I=  1/2- (4)  7.170  26: 0.317
                      34:-0.282
                      37:-0.906
 
 I=  1/2- (5)  9.517  26: 0.928
                      34: 0.289
                      37: 0.234

             ENERGY    K= OMEGA
 
 I=  3/2- (1)  2.214  24: 0.055
                      30:-0.349
                      31: 0.935
 
 I=  3/2- (2)  2.406  24:-0.193
                      30:-0.908
                      31:-0.328
                      38:-0.173

             ENERGY    K= OMEGA
 
 I=  5/2- (1)  2.482  24:-0.257
                      30: 0.508
                      31: 0.819
                      38:-0.069
 
 I=  5/2- (2)  3.328  27: 0.068
                      30:-0.788
                      31: 0.526
                      38: 0.310
 
 I=  5/2- (3)  4.482  27: 0.970
                      30: 0.104
                      31:-0.089
                      38: 0.202
 
 I=  5/2- (4)  4.574  26: 0.148
                      34:-0.809
                      37: 0.568
 
 I=  5/2- (5)  4.842  24: 0.066
                      27: 0.231
                      30:-0.272
                      31: 0.102
                      38:-0.926

             ENERGY    K= OMEGA
 
 I=  7/2- (1)  1.987  27:-0.149
                      33: 0.988
 
 I=  7/2- (2)  3.389  24:-0.168
                      30:-0.905
                      31: 0.300
                      38:-0.252
 
 I=  7/2- (3)  3.473  24:-0.283
                      27: 0.078
                      30:-0.221
                      31:-0.922
                      38:-0.116
 
 I=  7/2- (4)  4.057  27: 0.179
                      28: 0.983
 
 I=  7/2- (5)  4.197  26:-0.587
                      29:-0.589
                      32:-0.508
                      36:-0.221

             ENERGY    K= OMEGA
 
 I=  9/2- (1)  2.470  27: 0.088
                      28:-0.167
                      33: 0.370
                      35: 0.910
 
 I=  9/2- (2)  3.075  27: 0.199
                      28: 0.101
                      33: 0.902
                      35:-0.368
 
 I=  9/2- (3)  3.706  24:-0.384
                      30: 0.566
                      31: 0.716
                      38:-0.128
 
 I=  9/2- (4)  4.829  26:-0.207
                      29: 0.555
                      32:-0.695
                      36: 0.407
 
 I=  9/2- (5)  5.174  27: 0.279
                      28:-0.843
                      30:-0.284
                      31: 0.239
                      35:-0.167
                      38: 0.209

             ENERGY    K= OMEGA
 
 I= 11/2- (1)  3.614  27:-0.135
                      28:-0.227
                      33: 0.449
                      35:-0.853
 
 I= 11/2- (2)  3.633  26: 0.593
                      29: 0.590
                      32: 0.481
                      34: 0.123
                      36: 0.229
 
 I= 11/2- (3)  4.386  27: 0.235
                      28:-0.149
                      33:-0.849
                      35:-0.444
 
 I= 11/2- (4)  5.031  25:-0.998
 
 I= 11/2- (5)  5.286  24:-0.349
                      30:-0.858
                      31:-0.195
                      38:-0.318

             ENERGY    K= OMEGA
 
 I= 13/2- (1)  4.992  27:-0.174
                      28: 0.268
                      33:-0.489
                      35:-0.810
 
 I= 13/2- (2)  5.407  26:-0.216
                      29: 0.570
                      32:-0.681
                      36: 0.406
 
 I= 13/2- (3)  5.759  24:-0.450
                      27: 0.082
                      30: 0.553
                      31: 0.651
                      33: 0.146
                      35:-0.130
                      38:-0.140
 
 I= 13/2- (4)  5.937  24: 0.098
                      25: 0.061
                      27: 0.250
                      28: 0.183
                      30:-0.136
                      31:-0.120
                      33: 0.799
                      35:-0.464
                      38: 0.059
 
 I= 13/2- (5)  6.618  25: 0.997
                      35: 0.060

             ENERGY     K=-3/2
  32 LEVELS    TIME=  0.0 SEC



 ******************* EXCITATION ENERGIES, DOMINANT CONFIGURATION AND EXPECTATION VALUES (WITH S.P. UU+VV FACTORS) *******************

  NR  Eex(keV)  I   Kdom  NY    <Jz>  <Jx**2> <Jy**2> <Jz**2> <I.j>/|I|  <Rx**2> <Ry**2> <Rz**2> <R.j>/|R|  <HROTx> <HROTy> <HROTz>

   1    0.0   7/2-  -7/2  33   -3.37    2.31    2.31   12.11    3.21       3.51    3.51   -0.00   -1.51      0.428   0.428  -0.000
   2  227.8   3/2-  -3/2  31   -1.25    5.02    5.02    2.00    1.35       5.27    5.27    0.00   -2.90      0.643   0.643   0.000
   3  316.1   1/2-   1/2  30    0.50    5.02    5.02    0.25    0.23       5.33    5.33    0.00   -3.09      0.649   0.649   0.000
   4  419.5   3/2-   1/2  30    0.22    4.74    4.74    0.53    0.96       5.02    5.02    0.00   -2.57      0.612   0.612   0.000
   5  483.7   9/2-   9/2  35    3.16    2.50    2.50   18.82    4.09       3.95    3.95    0.00   -1.24      0.482   0.482   0.000
  
   6  495.8   5/2-  -3/2  31   -0.85    5.28    5.28    1.61    1.71       5.39    5.39    0.00   -2.16      0.657   0.657   0.000
   7 1088.4   9/2-  -7/2  33   -2.18    2.37    2.37   13.08    2.76       7.57    7.57   -0.00   -1.06      0.923   0.923  -0.000
   8 1341.1   5/2-   1/2  30   -0.24    4.59    4.59    1.02    0.28       8.64    8.64    0.00   -2.25      1.054   1.054   0.000
   9 1402.7   7/2-   1/2  30    0.19    4.74    4.74    0.56    1.03       8.83    8.83    0.00   -1.42      1.076   1.076   0.000
  10 1485.9   7/2-  -3/2  31   -1.22    4.98    4.98    2.03    1.18       9.20    9.20    0.00   -1.71      1.121   1.121   0.000
  
  11 1627.4  11/2-   9/2  35    2.42    2.67    2.67   17.98    3.49       8.64    8.64    0.00   -0.58      1.053   1.053   0.000
  12 1646.3  11/2-   1/2  26    0.06   23.14   23.14    2.96    6.12       5.91    5.91    0.00   -3.68      0.720   0.720   0.000
  13 1719.7   9/2-  -3/2  31   -0.56    5.51    5.51    1.34    1.89       9.13    9.13    0.00   -0.69      1.113   1.113   0.000
  14 2069.9   7/2-  -7/2  28   -3.30    6.25    6.25   12.03    3.12       7.76    7.76   -0.00   -3.08      0.946   0.946  -0.000
  15 2181.6   1/2-   1/2  34    0.50   11.07   11.07    0.25    1.04      10.67   10.67    0.00   -4.65      1.301   1.301   0.000
  
  16 2210.7   7/2-  -3/2  29    0.13   22.79   22.79    3.08    6.01       8.34    8.34   -0.00   -6.07      1.016   1.016  -0.000
  17 2399.6  11/2-  -7/2  33   -1.59    2.46    2.46   13.50    2.41      12.65   12.65   -0.00   -0.79      1.543   1.543  -0.000
  18 2495.0   5/2-   5/2  27    2.28    5.90    5.90    5.99    2.02       7.29    7.29   -0.00   -3.09      0.889   0.889  -0.000
  19 2587.1   5/2-   1/2  34    0.50   11.24   11.24    0.25    1.65      10.87   10.87    0.00   -3.83      1.325   1.325   0.000
  20 2842.5   9/2-   5/2  32    0.19   23.54   23.54    5.75    5.08      13.50   13.50    0.00   -5.30      1.645   1.645   0.000
  
  21 2854.9   5/2-  -3/2  38   -1.13    2.44    2.44    2.31    0.40       6.77    6.77    0.00   -1.63      0.825   0.825   0.000
  22 3005.5  13/2-   9/2  35    1.93    2.82    2.82   17.34    3.10      14.25   14.25    0.00   -0.25      1.737   1.737   0.000
  23 3044.0  11/2- -11/2  25   -5.48    2.75    2.75   30.21    5.05       5.54    5.54    0.00   -1.66      0.675   0.675   0.000
  24 3187.0   9/2-  -7/2  28   -2.28    5.68    5.68   10.03    2.07      12.75   12.75   -0.00   -2.19      1.554   1.554  -0.000
  25 3298.9  11/2-   1/2  30    0.22    4.57    4.57    0.56    1.30      14.94   14.94    0.00   -0.35      1.821   1.821   0.000
  
  26 3420.1  13/2-   5/2  32    0.12   23.55   23.55    5.65    5.01      15.75   15.75    0.00   -3.16      1.920   1.920   0.000
  27 3772.2  13/2-  -3/2  31   -0.40    5.55    5.55    1.80    2.03      16.64   16.64    0.00    0.22      2.029   2.029   0.000
  28 3950.5  13/2-  -7/2  33   -1.26    2.66    2.66   13.15    2.13      18.73   18.73    0.00   -0.59      2.283   2.283   0.000
  29 4000.7   1/2-   1/2  24    0.50    7.02    7.02    0.25    0.64       6.96    6.96   -0.00   -3.68      0.849   0.849  -0.000
  30 4631.5  13/2- -11/2  25   -5.46    2.75    2.75   30.17    4.32      12.07   12.07    0.00   -1.13      1.472   1.472   0.000
  
  31 5183.0   1/2-   1/2  37    0.50   15.88   15.88    0.25   -0.58      16.89   16.89    0.00   -5.60      2.059   2.059   0.000
  32 7530.7   1/2-   1/2  26    0.50   23.07   23.07    0.25   -3.45      26.56   26.56    0.00   -6.78      3.238   3.238   0.000
