1SPECTRUM OF (Z= 82 A=207) IN PARTICLE-ROTOR  MODEL WITH MODIFIED OSCILLATOR POTENTIAL


 PARITY=-   EPS= 0.163   GAMMA=  0.0   EPS4=0.000   EPS6=0.000   LEVELS:  25  26  27  28  29  30  31  32  33  34  35  36  37  38  39

 PAIRING FACTORS: GN0= 19.20  GN1=  7.40  IPAIR= 15 ***  E2PLUS(INPUT)=   0.730  E2PLUR(INPUT)=   0.000

 CORIOLIS ATTENUATION PARAMETERS:  CHSI=1.000  ETA=  1.00

 MOMENT OF INERTIA PARAMETERS:   A1=  0.122 MEV   A2=  0.122 MEV   A3=121.91923 MEV


 DELTA=0.861 MEV  LAMBDA=53.4131 MEV   HW0= 7.4337 MEV   LAMBDA/HW0= 7.1853

 E2ENERGY=0.730 MEV  HBAR**2/B= 4926./A**(7/3)= 832.8/A**2 MEV

 IREC=0  =>  RECOIL TERMS j+j-, j+j+, jzjz, ETC TREATED AS ONE-BODY OPERATORS WITH UU+VV PAIRING FACTORS



 S. P. LEVEL   EQP       U     V        (UU + VV)**1.00

     25       4.353    0.099 0.995      1.000 1.000 1.000 0.999 0.997 0.995 0.993 0.854 0.759 0.499 0.330 0.305 0.270 0.237 0.210
     26       3.861    0.112 0.994      1.000 1.000 1.000 1.000 0.998 0.996 0.994 0.861 0.767 0.510 0.342 0.318 0.283 0.250 0.223
     27       3.753    0.115 0.993      1.000 1.000 1.000 1.000 0.998 0.996 0.995 0.862 0.769 0.512 0.345 0.321 0.286 0.253 0.226
     28       3.075    0.141 0.990      0.999 1.000 1.000 1.000 1.000 0.998 0.997 0.875 0.786 0.535 0.370 0.345 0.311 0.278 0.251
     29       2.534    0.172 0.985      0.997 0.998 0.998 1.000 1.000 1.000 0.999 0.890 0.805 0.561 0.399 0.375 0.341 0.308 0.281
     30       2.189    0.201 0.980      0.995 0.996 0.996 0.998 1.000 1.000 1.000 0.903 0.821 0.585 0.425 0.401 0.368 0.335 0.309
     31       2.031    0.217 0.976      0.993 0.994 0.995 0.997 0.999 1.000 1.000 0.910 0.831 0.598 0.440 0.417 0.383 0.351 0.325
     32       0.895    0.603 0.798      0.854 0.861 0.862 0.875 0.890 0.903 0.910 1.000 0.987 0.877 0.773 0.756 0.732 0.708 0.688
     33       0.862    0.724 0.690      0.759 0.767 0.769 0.786 0.805 0.821 0.831 0.987 1.000 0.943 0.865 0.852 0.832 0.813 0.796
     34       1.151    0.912 0.410      0.499 0.510 0.512 0.535 0.561 0.585 0.598 0.877 0.943 1.000 0.983 0.978 0.969 0.960 0.952
     35       1.888    0.972 0.234      0.330 0.342 0.345 0.370 0.399 0.425 0.440 0.773 0.865 0.983 1.000 1.000 0.998 0.995 0.992
     36       2.104    0.978 0.209      0.305 0.318 0.321 0.345 0.375 0.401 0.417 0.756 0.852 0.978 1.000 1.000 0.999 0.997 0.995
     37       2.520    0.985 0.173      0.270 0.283 0.286 0.311 0.341 0.368 0.383 0.732 0.832 0.969 0.998 0.999 1.000 0.999 0.998
     38       3.119    0.990 0.139      0.237 0.250 0.253 0.278 0.308 0.335 0.351 0.708 0.813 0.960 0.995 0.997 0.999 1.000 1.000
     39       3.877    0.994 0.112      0.210 0.223 0.226 0.251 0.281 0.309 0.325 0.688 0.796 0.952 0.992 0.995 0.998 1.000 1.000

  R CORE   ENERGY   A0R/A00=1.000    R3= 0     2  
   2( 1)    0.732                    1.000 0.000
   2( 2)  487.921                    0.000 1.000

  R CORE   ENERGY   A0R/A00=1.000    R3= 0     2  
   3( 1)  488.652                    0.000 1.000

  R CORE   ENERGY   A0R/A00=1.000    R3= 0     2     4  
   4( 1)    2.438                    1.000 0.000 0.000

  R CORE   ENERGY   A0R/A00=1.000    R3= 0     2     4  
   5( 1)  490.847                    0.000 1.000 0.000

  R CORE   ENERGY   A0R/A00=1.000    R3= 0     2     4     6  
   6( 1)    5.121                    1.000 0.000 0.000 0.000

  R CORE   ENERGY   A0R/A00=1.000    R3= 0     2     4     6  
   7( 1)  494.017                    0.000 1.000 0.000 0.000

          AXIAL SYMMETRY => K RESTRICTED TO OMEGA

                     K
     S.P. ORB#: 25  2.50
     S.P. ORB#: 26 -3.50
     S.P. ORB#: 27  0.50
     S.P. ORB#: 28 -3.50
     S.P. ORB#: 29  4.50
     S.P. ORB#: 30  0.50
     S.P. ORB#: 31 -1.50
     S.P. ORB#: 32 -1.50
     S.P. ORB#: 33  2.50
     S.P. ORB#: 34  0.50
     S.P. ORB#: 35  0.50
     S.P. ORB#: 36 -1.50
     S.P. ORB#: 37  2.50
     S.P. ORB#: 38 -3.50
     S.P. ORB#: 39  4.50
 

             ENERGY    K= OMEGA
 
 I=  1/2- (1)  1.377  27:-0.064
                      34:-0.998
 
 I=  1/2- (2)  3.173  30: 1.000
 
 I=  1/2- (3)  4.817  27: 0.997
                      34:-0.064
 
 I=  1/2- (4) 10.069  35:-1.000
 
 I=  1/2- (5)147.198  32:-1.000

             ENERGY    K= OMEGA
 
 I=  3/2- (1)  1.352  27: 0.054
                      30: 0.201
                      31: 0.121
                      32: 0.965
                      34:-0.100
 
 I=  3/2- (2)  2.046  30:-0.129
                      31:-0.101
                      32: 0.140
                      34: 0.977

             ENERGY    K= OMEGA
 
 I=  5/2- (1)  1.323  27: 0.052
                      30:-0.132
                      31:-0.192
                      32: 0.375
                      33: 0.892
                      34:-0.083
 
 I=  5/2- (2)  1.949  30:-0.246
                      31: 0.163
                      32: 0.880
                      33:-0.370
 
 I=  5/2- (3)  2.064  30:-0.113
                      31:-0.155
                      33:-0.126
                      34:-0.973
 
 I=  5/2- (4)  3.226  27: 0.406
                      30:-0.464
                      31:-0.732
                      32:-0.084
                      33:-0.197
                      34: 0.196
 
 I=  5/2- (5)  4.534  27:-0.065
                      30: 0.788
                      31:-0.536
                      32: 0.272
                      33:-0.110

             ENERGY    K= OMEGA
 
 I=  7/2- (1)  1.948  30: 0.172
                      31:-0.231
                      32: 0.466
                      33:-0.836
 
 I=  7/2- (2)  2.573  25:-0.061
                      27:-0.184
                      30:-0.365
                      31:-0.292
                      32:-0.730
                      33:-0.401
                      34: 0.220
 
 I=  7/2- (3)  3.669  25:-0.088
                      27: 0.058
                      28: 0.230
                      30: 0.125
                      31: 0.171
                      32:-0.288
                      33:-0.180
                      34:-0.880
 
 I=  7/2- (4)  3.813  25: 0.238
                      26: 0.118
                      28:-0.928
                      32:-0.105
                      33:-0.064
                      34:-0.228
 
 I=  7/2- (5)  4.325  35: 0.714
                      36: 0.576
                      37: 0.364
                      38: 0.160

             ENERGY    K= OMEGA
 
 I=  9/2- (1)  2.586  26:-0.068
                      27: 0.178
                      29: 0.072
                      30:-0.305
                      31:-0.365
                      32: 0.458
                      33: 0.694
                      34:-0.201
 
 I=  9/2- (2)  3.257  25: 0.093
                      26: 0.262
                      28: 0.212
                      29:-0.930
                      31:-0.053
                      34:-0.063
 
 I=  9/2- (3)  3.706  27: 0.059
                      29: 0.062
                      30:-0.129
                      31:-0.185
                      32:-0.218
                      33:-0.292
                      34:-0.899
 
 I=  9/2- (4)  3.768  25: 0.105
                      28: 0.117
                      30: 0.324
                      31:-0.238
                      32:-0.739
                      33: 0.514
 
 I=  9/2- (5)  4.695  27: 0.511
                      28:-0.080
                      30:-0.390
                      31:-0.535
                      32:-0.238
                      33:-0.320
                      34: 0.364

             ENERGY    K= OMEGA
 
 I= 11/2- (1)  3.026  35:-0.649
                      36:-0.563
                      37:-0.421
                      38:-0.264
                      39:-0.123
 
 I= 11/2- (2)  3.787  25: 0.083
                      26:-0.150
                      28:-0.079
                      29:-0.232
                      30: 0.250
                      31:-0.288
                      32: 0.510
                      33:-0.711
 
 I= 11/2- (3)  4.216  25: 0.134
                      26:-0.315
                      28:-0.279
                      29:-0.849
                      30:-0.089
                      31: 0.097
                      32:-0.155
                      33: 0.207
 
 I= 11/2- (4)  4.527  25:-0.083
                      27:-0.297
                      28: 0.082
                      30:-0.433
                      31:-0.394
                      32:-0.567
                      33:-0.408
                      34: 0.255
 
 I= 11/2- (5)  5.819  25: 0.377
                      26: 0.178
                      27:-0.092
                      28:-0.828
                      29: 0.268
                      30:-0.098
                      31:-0.111
                      33: 0.054
                      34: 0.180

             ENERGY    K= OMEGA
 
 I= 13/2- (1)  4.561  25:-0.068
                      26:-0.102
                      27: 0.282
                      28:-0.053
                      29: 0.120
                      30:-0.396
                      31:-0.440
                      32: 0.425
                      33: 0.548
                      34:-0.237
 
 I= 13/2- (2)  4.578  35: 0.179
                      36:-0.470
                      37: 0.598
                      38:-0.536
                      39: 0.320
 
 I= 13/2- (3)  5.342  25: 0.192
                      26: 0.380
                      27: 0.080
                      28: 0.332
                      29:-0.818
                      30:-0.098
                      31:-0.109
                      34:-0.095
 
 I= 13/2- (4)  6.352  27: 0.088
                      29: 0.104
                      30:-0.096
                      31:-0.171
                      32:-0.345
                      33:-0.366
                      34:-0.830
 
 I= 13/2- (5)  6.484  25: 0.177
                      26:-0.095
                      28: 0.233
                      29: 0.082
                      30: 0.348
                      31:-0.276
                      32:-0.629
                      33: 0.551

             ENERGY     K= 9/2
  32 LEVELS    TIME=  0.0 SEC



 ******************* EXCITATION ENERGIES, DOMINANT CONFIGURATION AND EXPECTATION VALUES (WITH S.P. UU+VV FACTORS) *******************

  NR  Eex(keV)  I   Kdom  NY    <Jz>  <Jx**2> <Jy**2> <Jz**2> <I.j>/|I|  <Rx**2> <Ry**2> <Rz**2> <R.j>/|R|  <HROTx> <HROTy> <HROTz>

   1    0.0   5/2-   5/2  33    1.74    1.82    1.82    5.38    2.48       1.56    1.56    0.00   -0.96      0.190   0.190   0.000
   2   28.8   3/2-  -3/2  32   -1.39    1.48    1.48    2.14    1.49       1.55    1.55    0.00   -1.26      0.188   0.188   0.000
   3   54.5   1/2-   1/2  34    0.50    1.11    1.11    0.25    0.84       0.88    0.88    0.00   -1.31      0.108   0.108   0.000
   4  625.0   7/2-   5/2  33    1.35    1.94    1.94    5.00    2.10       3.98    3.98    0.00   -0.19      0.485   0.485   0.000
   5  625.6   5/2-  -3/2  32   -0.82    1.52    1.52    2.68    1.14       3.86    3.86    0.00   -0.84      0.471   0.471   0.000
  
   6  723.0   3/2-   1/2  34    0.44    1.20    1.20    0.31   -0.18       3.58    3.58    0.00   -1.14      0.437   0.437   0.000
   7  741.0   5/2-   1/2  34    0.48    1.37    1.37    0.40    0.78       3.62    3.62    0.00   -0.30      0.442   0.442   0.000
   8 1249.9   7/2-  -3/2  32   -0.42    1.63    1.63    2.50    1.38       5.27    5.27    0.00   -0.09      0.643   0.643   0.000
   9 1263.1   9/2-   5/2  33    0.78    2.69    2.69    3.99    2.35       5.36    5.36    0.00    0.71      0.654   0.654   0.000
  10 1703.5  11/2-   1/2  35    0.00   28.46   28.46    3.09    7.43       3.45    3.45    0.00   -5.93      0.421   0.421   0.000
  
  11 1850.6   1/2-   1/2  30    0.50    3.91    3.91    0.25    0.44       4.03    4.03    0.00   -2.71      0.492   0.492   0.000
  12 1903.4   5/2-  -3/2  31   -0.51    3.73    3.73    1.57    1.67       3.96    3.96    0.00   -1.45      0.482   0.482   0.000
  13 1933.9   9/2-   9/2  29    3.52    2.73    2.73   18.99    4.45       2.47    2.47    0.00   -1.04      0.301   0.301   0.000
  14 2346.2   7/2-   1/2  34    0.14    1.54    1.54    1.37    0.10       9.71    9.71    0.00   -0.92      1.184   1.184   0.000
  15 2383.2   9/2-   1/2  34    0.52    1.53    1.53    1.01    0.81      10.37   10.37    0.00   -0.01      1.264   1.264   0.000
  
  16 2444.8   9/2-  -3/2  32   -0.22    1.65    1.65    3.30    1.00      10.69   10.69    0.00   -0.35      1.303   1.303   0.000
  17 2464.6  11/2-   5/2  33    0.94    2.37    2.37    5.43    2.10      10.43   10.43    0.00    0.52      1.271   1.271   0.000
  18 2490.6   7/2-  -7/2  28   -2.90    2.32    2.32   11.15    3.16       3.23    3.23    0.00   -1.28      0.394   0.394   0.000
  19 2892.9  11/2-   9/2  29    2.73    2.94    2.94   17.22    3.83       6.54    6.54    0.00   -0.06      0.797   0.797   0.000
  20 3002.1   7/2-   1/2  35   -0.00   28.87   28.87    2.02    7.19       9.23    9.23    0.00   -7.27      1.125   1.125   0.000
  
  21 3204.2  11/2-  -3/2  32   -0.14    1.96    1.96    2.35    1.52      11.92   11.92    0.00    0.58      1.453   1.453   0.000
  22 3211.2   5/2-   1/2  30   -0.20    3.98    3.98    1.05   -0.45      10.22   10.22    0.00   -2.29      1.246   1.246   0.000
  23 3238.3  13/2-   5/2  33    0.37    3.41    3.41    3.28    2.49      12.03   12.03    0.00    1.49      1.467   1.467   0.000
  24 3254.7  13/2-   5/2  37    0.03   26.43   26.43    8.33    6.78       7.62    7.62    0.00   -3.55      0.929   0.929   0.000
  25 3372.4   9/2-  -3/2  31   -0.01    2.98    2.98    1.66    1.21      10.17   10.17    0.00   -0.35      1.240   1.240   0.000
  
  26 3494.6   1/2-   1/2  27    0.50    4.48    4.48    0.25    0.66       4.41    4.41    0.00   -2.91      0.538   0.538   0.000
  27 4018.6  13/2-   9/2  29    2.21    3.38    3.38   16.94    3.72      10.28   10.28    0.00    0.49      1.254   1.254   0.000
  28 4495.9  11/2-  -7/2  28   -1.82    2.66    2.66   11.20    2.54      10.93   10.93    0.00   -0.28      1.333   1.333   0.000
  29 5028.6  13/2-   1/2  34    0.51    1.54    1.54    1.57    0.77      21.31   21.31   -0.00    0.11      2.598   2.598  -0.000
  30 5160.6  13/2-  -3/2  32    0.00    1.83    1.83    4.10    1.06      20.87   20.87    0.00   -0.06      2.545   2.545   0.000
  
  31 8745.7   1/2-   1/2  35    0.50   29.47   29.47    0.25   -4.14      33.55   33.55    0.00   -7.66      4.090   4.090   0.000
  32*******   1/2-  -3/2  32    0.00    0.00    0.00    0.00   -0.00       0.00    0.00    0.00   -0.00      0.000   0.000   0.000
