1SPECTRUM OF (Z= 82 A=207) IN PARTICLE-ROTOR  MODEL WITH MODIFIED OSCILLATOR POTENTIAL


 PARITY=-   EPS= 0.294   GAMMA=  0.0   EPS4=0.000   EPS6=0.000   LEVELS:  26  27  28  29  30  31  32  33  34  35  36  37  38  39  40

 PAIRING FACTORS: GN0= 19.20  GN1=  7.40  IPAIR= 15 ***  E2PLUS(INPUT)=   0.730  E2PLUR(INPUT)=   0.000

 CORIOLIS ATTENUATION PARAMETERS:  CHSI=1.000  ETA=  1.00

 MOMENT OF INERTIA PARAMETERS:   A1=  0.122 MEV   A2=  0.122 MEV   A3=121.91920 MEV


 DELTA=0.951 MEV  LAMBDA=53.2911 MEV   HW0= 7.4883 MEV   LAMBDA/HW0= 7.1166

 E2ENERGY=0.730 MEV  HBAR**2/B=16027./A**(7/3)=2709.3/A**2 MEV

 IREC=0  =>  RECOIL TERMS j+j-, j+j+, jzjz, ETC TREATED AS ONE-BODY OPERATORS WITH UU+VV PAIRING FACTORS



 S. P. LEVEL   EQP       U     V        (UU + VV)**1.00

     26       3.441    0.140 0.990      1.000 1.000 0.981 0.971 0.965 0.936 0.883 0.792 0.483 0.378 0.349 0.323 0.302 0.279 0.255
     27       2.887    0.167 0.986      1.000 1.000 0.986 0.978 0.972 0.946 0.896 0.808 0.508 0.404 0.375 0.349 0.328 0.305 0.281
     28       1.527    0.330 0.944      0.981 0.986 1.000 0.999 0.998 0.987 0.958 0.895 0.645 0.551 0.525 0.501 0.482 0.461 0.438
     29       1.381    0.371 0.929      0.971 0.978 0.999 1.000 1.000 0.993 0.969 0.914 0.678 0.587 0.562 0.538 0.520 0.499 0.477
     30       1.310    0.395 0.919      0.965 0.972 0.998 1.000 1.000 0.996 0.975 0.924 0.697 0.608 0.584 0.560 0.542 0.522 0.500
     31       1.132    0.478 0.878      0.936 0.946 0.987 0.993 0.996 1.000 0.992 0.956 0.760 0.679 0.656 0.634 0.617 0.598 0.578
     32       1.000    0.588 0.809      0.883 0.896 0.958 0.969 0.975 0.992 1.000 0.986 0.838 0.768 0.748 0.729 0.714 0.697 0.679
     33       0.951    0.716 0.699      0.792 0.808 0.895 0.914 0.924 0.956 0.986 1.000 0.918 0.865 0.849 0.834 0.822 0.808 0.793
     34       1.428    0.934 0.356      0.483 0.508 0.645 0.678 0.697 0.760 0.838 0.918 1.000 0.993 0.989 0.985 0.980 0.975 0.970
     35       2.000    0.969 0.245      0.378 0.404 0.551 0.587 0.608 0.679 0.768 0.865 0.993 1.000 1.000 0.998 0.997 0.994 0.992
     36       2.264    0.977 0.215      0.349 0.375 0.525 0.562 0.584 0.656 0.748 0.849 0.989 1.000 1.000 1.000 0.999 0.997 0.995
     37       2.584    0.982 0.187      0.323 0.349 0.501 0.538 0.560 0.634 0.729 0.834 0.985 0.998 1.000 1.000 1.000 0.999 0.997
     38       2.907    0.986 0.166      0.302 0.328 0.482 0.520 0.542 0.617 0.714 0.822 0.980 0.997 0.999 1.000 1.000 1.000 0.999
     39       3.383    0.990 0.142      0.279 0.305 0.461 0.499 0.522 0.598 0.697 0.808 0.975 0.994 0.997 0.999 1.000 1.000 1.000
     40       4.087    0.993 0.117      0.255 0.281 0.438 0.477 0.500 0.578 0.679 0.793 0.970 0.992 0.995 0.997 0.999 1.000 1.000

  R CORE   ENERGY   A0R/A00=1.000    R3= 0     2  
   2( 1)    0.732                    1.000 0.000
   2( 2)  487.921                    0.000 1.000

  R CORE   ENERGY   A0R/A00=1.000    R3= 0     2  
   3( 1)  488.652                    0.000 1.000

  R CORE   ENERGY   A0R/A00=1.000    R3= 0     2     4  
   4( 1)    2.438                    1.000 0.000 0.000

  R CORE   ENERGY   A0R/A00=1.000    R3= 0     2     4  
   5( 1)  490.847                    0.000 1.000 0.000

  R CORE   ENERGY   A0R/A00=1.000    R3= 0     2     4     6  
   6( 1)    5.121                    1.000 0.000 0.000 0.000

  R CORE   ENERGY   A0R/A00=1.000    R3= 0     2     4     6  
   7( 1)  494.017                    0.000 1.000 0.000 0.000

          AXIAL SYMMETRY => K RESTRICTED TO OMEGA

                     K
     S.P. ORB#: 26  2.50
     S.P. ORB#: 27 -3.50
     S.P. ORB#: 28  0.50
     S.P. ORB#: 29 -1.50
     S.P. ORB#: 30 -3.50
     S.P. ORB#: 31  0.50
     S.P. ORB#: 32  4.50
     S.P. ORB#: 33 -1.50
     S.P. ORB#: 34  2.50
     S.P. ORB#: 35 -1.50
     S.P. ORB#: 36  2.50
     S.P. ORB#: 37 -3.50
     S.P. ORB#: 38  0.50
     S.P. ORB#: 39  0.50
     S.P. ORB#: 40  4.50
 

             ENERGY    K= OMEGA
 
 I=  1/2- (1)  2.718  28: 0.996
                      38: 0.088
 
 I=  1/2- (2)  3.240  28: 0.088
                      38:-0.996
 
 I=  1/2- (3)  6.309  31:-0.592
                      39: 0.806
 
 I=  1/2- (4)  9.081  31: 0.806
                      39: 0.592
 
 I=  1/2- (5)147.254  33:-1.000

             ENERGY    K= OMEGA
 
 I=  3/2- (1)  2.458  28: 0.398
                      29: 0.199
                      35: 0.888
                      38:-0.118
 
 I=  3/2- (2)  2.588  28:-0.392
                      29: 0.918

             ENERGY    K= OMEGA
 
 I=  5/2- (1)  2.617  28: 0.304
                      29: 0.509
                      35:-0.371
                      36:-0.701
                      38: 0.138
 
 I=  5/2- (2)  3.049  26:-0.059
                      28: 0.228
                      29:-0.491
                      35:-0.813
                      36: 0.144
                      38:-0.145
 
 I=  5/2- (3)  3.259  28:-0.508
                      29:-0.451
                      35: 0.074
                      36:-0.652
                      38:-0.329
 
 I=  5/2- (4)  4.058  28:-0.415
                      29: 0.538
                      35:-0.287
                      36: 0.237
                      38:-0.632
 
 I=  5/2- (5)  4.246  28:-0.652
                      29: 0.075
                      35:-0.331
                      36: 0.080
                      38: 0.672

             ENERGY    K= OMEGA
 
 I=  7/2- (1)  2.078  26:-0.211
                      27: 0.060
                      30: 0.975
 
 I=  7/2- (2)  3.192  28: 0.374
                      29:-0.482
                      35: 0.450
                      36:-0.649
 
 I=  7/2- (3)  3.245  31: 0.738
                      33: 0.570
                      34: 0.334
                      37: 0.132
 
 I=  7/2- (4)  3.750  26: 0.053
                      28:-0.420
                      29:-0.471
                      35:-0.649
                      36:-0.345
                      38: 0.237
 
 I=  7/2- (5)  4.230  26: 0.072
                      27: 0.150
                      28: 0.530
                      29:-0.571
                      35:-0.223
                      36: 0.562

             ENERGY    K= OMEGA
 
 I=  9/2- (1)  1.833  26: 0.065
                      27:-0.221
                      30: 0.188
                      32: 0.955
 
 I=  9/2- (2)  2.996  26: 0.289
                      27: 0.093
                      30: 0.933
                      32:-0.182
 
 I=  9/2- (3)  3.971  28:-0.376
                      29:-0.545
                      35: 0.394
                      36: 0.596
                      38:-0.216
 
 I=  9/2- (4)  4.272  31: 0.214
                      33:-0.552
                      34: 0.629
                      37:-0.460
                      40: 0.205
 
 I=  9/2- (5)  4.878  26: 0.078
                      28:-0.195
                      29: 0.511
                      30:-0.066
                      35: 0.775
                      36:-0.065
                      38: 0.291

             ENERGY    K= OMEGA
 
 I= 11/2- (1)  2.399  31: 0.666
                      33: 0.569
                      34: 0.405
                      37: 0.239
                      40: 0.100
 
 I= 11/2- (2)  2.867  26:-0.110
                      27:-0.298
                      30: 0.261
                      32:-0.911
 
 I= 11/2- (3)  4.143  26:-0.340
                      27: 0.126
                      30: 0.893
                      32: 0.255
                      36: 0.061
 
 I= 11/2- (4)  5.085  28:-0.424
                      29: 0.490
                      35:-0.472
                      36: 0.593
 
 I= 11/2- (5)  5.747  31: 0.496
                      33: 0.067
                      34:-0.433
                      37:-0.617
                      39:-0.072
                      40:-0.420

             ENERGY    K= OMEGA
 
 I= 13/2- (1)  4.102  31:-0.182
                      33: 0.489
                      34:-0.613
                      37: 0.521
                      40:-0.283
 
 I= 13/2- (2)  4.121  26: 0.150
                      27:-0.347
                      30: 0.311
                      32: 0.871
 
 I= 13/2- (3)  5.524  26: 0.373
                      27: 0.158
                      29: 0.068
                      30: 0.854
                      32:-0.306
                      36:-0.079
 
 I= 13/2- (4)  6.316  28:-0.409
                      29:-0.549
                      30: 0.056
                      32:-0.057
                      35: 0.394
                      36: 0.545
                      38:-0.266
 
 I= 13/2- (5)  7.649  26: 0.075
                      27:-0.053
                      28:-0.108
                      29: 0.469
                      30:-0.094
                      35: 0.732
                      36: 0.086
                      38: 0.456

             ENERGY     K= 9/2
  32 LEVELS    TIME=  0.0 SEC



 ******************* EXCITATION ENERGIES, DOMINANT CONFIGURATION AND EXPECTATION VALUES (WITH S.P. UU+VV FACTORS) *******************

  NR  Eex(keV)  I   Kdom  NY    <Jz>  <Jx**2> <Jy**2> <Jz**2> <I.j>/|I|  <Rx**2> <Ry**2> <Rz**2> <R.j>/|R|  <HROTx> <HROTy> <HROTz>

   1    0.0   9/2-   9/2  32    3.82    2.57    2.57   19.51    4.37       2.95    2.95   -0.00   -1.20      0.360   0.360  -0.000
   2  244.5   7/2-  -7/2  30   -3.23    2.31    2.31   11.97    3.39       2.73    2.73    0.00   -1.35      0.333   0.333   0.000
   3  566.0  11/2-   1/2  31   -0.01   25.45   25.45    2.77    6.68       4.76    4.76   -0.00   -4.45      0.580   0.580  -0.000
   4  624.7   3/2-  -3/2  35   -1.16    2.11    2.11    1.91    1.39       2.24    2.24    0.00   -1.62      0.273   0.273   0.000
   5  754.5   3/2-  -3/2  29   -1.19    4.57    4.57    1.94    1.33       4.84    4.84    0.00   -2.73      0.590   0.590   0.000
  
   6  783.5   5/2-   5/2  36    0.69    2.90    2.90    3.99    2.20       2.76    2.76    0.00   -1.40      0.337   0.337   0.000
   7  885.2   1/2-   1/2  28    0.50    4.57    4.57    0.25    0.26       4.84    4.84   -0.00   -2.94      0.590   0.590  -0.000
   8 1034.1  11/2-   9/2  32    3.22    2.82    2.82   18.82    3.90       6.76    6.76    0.00   -0.30      0.824   0.824   0.000
   9 1162.5   9/2-  -7/2  30   -2.72    2.43    2.43   11.98    2.94       6.16    6.16    0.00   -0.63      0.751   0.751   0.000
  10 1215.6   5/2-  -3/2  35   -1.26    2.20    2.20    2.20    0.94       4.90    4.90    0.00   -1.22      0.597   0.597   0.000
  
  11 1358.6   7/2-   5/2  36    0.46    2.98    2.98    3.68    1.87       5.29    5.29    0.00   -0.69      0.644   0.644   0.000
  12 1406.7   1/2-   1/2  38    0.50    1.50    1.50    0.25    0.68       1.41    1.41    0.00   -1.58      0.172   0.172   0.000
  13 1411.8   7/2-   1/2  31    0.00   24.91   24.91    1.78    6.31       8.65    8.65   -0.00   -6.39      1.055   1.055  -0.000
  14 1425.9   5/2-   5/2  36    0.93    3.11    3.11    3.22    1.28       5.32    5.32    0.00   -1.74      0.649   0.649   0.000
  15 1916.8   7/2-  -3/2  35   -0.55    2.54    2.54    2.29    0.96       7.73    7.73    0.00   -0.90      0.943   0.943   0.000
  
  16 2137.4   9/2-   5/2  36    0.30    3.19    3.19    3.34    1.75       8.55    8.55    0.00   -0.25      1.042   1.042   0.000
  17 2225.1   5/2-   1/2  38   -0.13    3.20    3.20    1.33    0.09       7.96    7.96    0.00   -1.87      0.971   0.971   0.000
  18 2269.2  13/2-   5/2  34    0.01   24.73   24.73    7.84    6.26       9.31    9.31   -0.00   -3.15      1.135   1.135  -0.000
  19 2287.4  13/2-   9/2  32    2.71    3.03    3.03   18.18    3.58      11.51   11.51   -0.00    0.15      1.404   1.404  -0.000
  20 2309.8  11/2-  -7/2  30   -2.26    2.53    2.53   12.02    2.65      10.57   10.57    0.00   -0.27      1.289   1.289   0.000
  
  21 2396.7   7/2-  -3/2  29    0.30    3.45    3.45    3.20    0.72      10.06   10.06    0.00   -1.61      1.227   1.227   0.000
  22 2413.3   5/2-   1/2  38    0.28    2.69    2.69    0.53   -0.35       8.36    8.36    0.00   -1.70      1.019   1.019   0.000
  23 2438.9   9/2-   5/2  34    0.00   25.01   25.01    6.62    6.00      10.85   10.85   -0.00   -5.75      1.323   1.323  -0.000
  24 3045.0   9/2-  -3/2  35   -1.22    2.21    2.21    2.10    0.69      12.19   12.19    0.00   -0.62      1.487   1.487   0.000
  25 3251.7  11/2-   5/2  36    0.28    3.13    3.13    3.36    1.58      13.23   13.23    0.00   -0.03      1.612   1.612   0.000
  
  26 3690.5  13/2-  -7/2  30   -1.86    2.62    2.62   12.06    2.44      15.99   15.99    0.00   -0.05      1.950   1.950   0.000
  27 3913.4  11/2-  -7/2  37    0.05   23.46   23.46    9.48    5.32      14.25   14.25   -0.00   -4.60      1.737   1.737  -0.000
  28 4475.6   1/2-   1/2  39    0.50   13.00   13.00    0.25   -2.01      15.24   15.24    0.00   -5.07      1.858   1.858   0.000
  29 4482.7  13/2-  -3/2  29    0.18    3.29    3.29    3.06    1.57      18.22   18.22    0.00    0.22      2.221   2.221   0.000
  30 5816.1  13/2-  -3/2  35   -1.03    2.04    2.04    1.99    0.64      22.95   22.95    0.00   -0.24      2.798   2.798   0.000
  
  31 7248.3   1/2-   1/2  31    0.50   25.76   25.76    0.25   -3.58      29.36   29.36    0.00   -7.16      3.580   3.580   0.000
  32*******   1/2-  -3/2  33    0.00    0.00    0.00    0.00   -0.00       0.00    0.00    0.00   -0.00      0.000   0.000   0.000
