1SPECTRUM OF (Z= 82 A=207) IN PARTICLE-ROTOR  MODEL WITH MODIFIED OSCILLATOR POTENTIAL


 PARITY=-   EPS= 0.277   GAMMA=  0.0   EPS4=0.000   EPS6=0.000   LEVELS:  24  25  26  27  28  29  30  31  32  33  34  35  36  37  38

 PAIRING FACTORS: GN0= 19.20  GN1=  7.40  IPAIR= 15 ***  E2PLUS(INPUT)=   0.730  E2PLUR(INPUT)=   0.000

 CORIOLIS ATTENUATION PARAMETERS:  CHSI=1.000  ETA=  1.00

 MOMENT OF INERTIA PARAMETERS:   A1=  0.122 MEV   A2=  0.122 MEV   A3=121.91923 MEV


 DELTA=0.949 MEV  LAMBDA=53.3179 MEV   HW0= 7.4792 MEV   LAMBDA/HW0= 7.1288

 E2ENERGY=0.730 MEV  HBAR**2/B=14227./A**(7/3)=2405.0/A**2 MEV

 IREC=0  =>  RECOIL TERMS j+j-, j+j+, jzjz, ETC TREATED AS ONE-BODY OPERATORS WITH UU+VV PAIRING FACTORS



 S. P. LEVEL   EQP       U     V        (UU + VV)**1.00

     24       5.068    0.094 0.996      1.000 1.000 0.999 0.998 0.977 0.971 0.968 0.918 0.858 0.674 0.411 0.372 0.334 0.275 0.274
     25       4.114    0.116 0.993      1.000 1.000 1.000 0.999 0.982 0.976 0.974 0.927 0.869 0.690 0.431 0.392 0.355 0.296 0.296
     26       3.590    0.133 0.991      0.999 1.000 1.000 1.000 0.985 0.980 0.978 0.933 0.878 0.702 0.446 0.408 0.371 0.312 0.312
     27       3.039    0.158 0.987      0.998 0.999 1.000 1.000 0.989 0.984 0.982 0.942 0.889 0.720 0.469 0.431 0.394 0.336 0.336
     28       1.639    0.304 0.953      0.977 0.982 0.985 0.989 1.000 1.000 0.999 0.981 0.948 0.815 0.595 0.561 0.527 0.473 0.473
     29       1.526    0.329 0.944      0.971 0.976 0.980 0.984 1.000 1.000 1.000 0.986 0.956 0.831 0.617 0.583 0.550 0.496 0.496
     30       1.486    0.339 0.941      0.968 0.974 0.978 0.982 0.999 1.000 1.000 0.988 0.959 0.837 0.625 0.592 0.559 0.506 0.506
     31       1.125    0.481 0.877      0.918 0.927 0.933 0.942 0.981 0.986 0.988 1.000 0.991 0.911 0.738 0.709 0.680 0.633 0.633
     32       0.994    0.592 0.806      0.858 0.869 0.878 0.889 0.948 0.956 0.959 0.991 1.000 0.958 0.821 0.796 0.771 0.730 0.730
     33       0.987    0.799 0.601      0.674 0.690 0.702 0.720 0.815 0.831 0.837 0.911 0.958 1.000 0.951 0.937 0.922 0.896 0.896
     34       1.551    0.946 0.323      0.411 0.431 0.446 0.469 0.595 0.617 0.625 0.738 0.821 0.951 1.000 0.999 0.997 0.990 0.989
     35       1.749    0.959 0.283      0.372 0.392 0.408 0.431 0.561 0.583 0.592 0.709 0.796 0.937 0.999 1.000 0.999 0.995 0.995
     36       2.003    0.970 0.244      0.334 0.355 0.371 0.394 0.527 0.550 0.559 0.680 0.771 0.922 0.997 0.999 1.000 0.998 0.998
     37       2.636    0.983 0.183      0.275 0.296 0.312 0.336 0.473 0.496 0.506 0.633 0.730 0.896 0.990 0.995 0.998 1.000 1.000
     38       2.640    0.983 0.183      0.274 0.296 0.312 0.336 0.473 0.496 0.506 0.633 0.730 0.896 0.989 0.995 0.998 1.000 1.000

  R CORE   ENERGY   A0R/A00=1.000    R3= 0     2  
   2( 1)    0.732                    1.000 0.000
   2( 2)  487.921                    0.000 1.000

  R CORE   ENERGY   A0R/A00=1.000    R3= 0     2  
   3( 1)  488.652                    0.000 1.000

  R CORE   ENERGY   A0R/A00=1.000    R3= 0     2     4  
   4( 1)    2.438                    1.000 0.000 0.000

  R CORE   ENERGY   A0R/A00=1.000    R3= 0     2     4  
   5( 1)  490.847                    0.000 1.000 0.000

  R CORE   ENERGY   A0R/A00=1.000    R3= 0     2     4     6  
   6( 1)    5.121                    1.000 0.000 0.000 0.000

  R CORE   ENERGY   A0R/A00=1.000    R3= 0     2     4     6  
   7( 1)  494.017                    0.000 1.000 0.000 0.000

          AXIAL SYMMETRY => K RESTRICTED TO OMEGA

                     K
     S.P. ORB#: 24  2.50
     S.P. ORB#: 25  0.50
     S.P. ORB#: 26  2.50
     S.P. ORB#: 27 -3.50
     S.P. ORB#: 28  0.50
     S.P. ORB#: 29 -3.50
     S.P. ORB#: 30 -1.50
     S.P. ORB#: 31  4.50
     S.P. ORB#: 32  0.50
     S.P. ORB#: 33 -1.50
     S.P. ORB#: 34  2.50
     S.P. ORB#: 35 -1.50
     S.P. ORB#: 36  2.50
     S.P. ORB#: 37  0.50
     S.P. ORB#: 38 -3.50
 

             ENERGY    K= OMEGA
 
 I=  1/2- (1)  2.799  28:-0.974
                      37:-0.226
 
 I=  1/2- (2)  2.954  25:-0.068
                      28: 0.224
                      37:-0.972
 
 I=  1/2- (3)  5.563  25: 0.997
                      37:-0.060
 
 I=  1/2- (4)  8.149  32: 1.000
 
 I=  1/2- (5)147.291  33:-1.000

             ENERGY    K= OMEGA
 
 I=  3/2- (1)  2.223  25: 0.093
                      28: 0.336
                      30: 0.200
                      35: 0.911
                      37:-0.097
 
 I=  3/2- (2)  2.655  25:-0.079
                      28: 0.277
                      30:-0.947
                      35: 0.121
                      37: 0.075

             ENERGY    K= OMEGA
 
 I=  5/2- (1)  2.364  25:-0.160
                      28: 0.311
                      30: 0.474
                      35:-0.389
                      36:-0.699
                      37: 0.111
 
 I=  5/2- (2)  2.847  25:-0.119
                      26: 0.058
                      28:-0.055
                      30: 0.530
                      35: 0.812
                      36:-0.059
                      37: 0.185
 
 I=  5/2- (3)  2.981  24:-0.054
                      25: 0.196
                      28:-0.488
                      30:-0.372
                      35: 0.243
                      36:-0.687
                      37:-0.226
 
 I=  5/2- (4)  3.782  25:-0.165
                      30: 0.303
                      36: 0.096
                      37:-0.933
 
 I=  5/2- (5)  4.159  24: 0.059
                      25: 0.092
                      28:-0.782
                      30: 0.445
                      35:-0.358
                      36: 0.159
                      37: 0.155

             ENERGY    K= OMEGA
 
 I=  7/2- (1)  2.277  26:-0.218
                      27: 0.082
                      29: 0.970
 
 I=  7/2- (2)  3.026  27: 0.069
                      28:-0.283
                      30: 0.415
                      35:-0.479
                      36: 0.714
 
 I=  7/2- (3)  3.210  32:-0.738
                      33:-0.572
                      34:-0.334
                      38:-0.131
 
 I=  7/2- (4)  3.306  24:-0.070
                      25: 0.280
                      27: 0.053
                      28: 0.490
                      29:-0.068
                      30: 0.503
                      35: 0.555
                      36: 0.255
                      37:-0.205
 
 I=  7/2- (5)  4.147  24:-0.151
                      27: 0.131
                      28:-0.506
                      30: 0.634
                      35: 0.072
                      36:-0.543

             ENERGY    K= OMEGA
 
 I=  9/2- (1)  1.914  24: 0.060
                      26:-0.059
                      27: 0.254
                      29:-0.167
                      31:-0.949
 
 I=  9/2- (2)  3.159  24:-0.081
                      25: 0.077
                      26:-0.288
                      27:-0.134
                      28:-0.085
                      29:-0.902
                      30:-0.174
                      31: 0.128
                      36: 0.130
 
 I=  9/2- (3)  3.407  24: 0.073
                      25:-0.314
                      26:-0.078
                      28: 0.427
                      29:-0.230
                      30: 0.587
                      31: 0.087
                      35:-0.296
                      36:-0.425
                      37: 0.181
 
 I=  9/2- (4)  4.462  32:-0.245
                      33: 0.608
                      34:-0.645
                      38: 0.393
 
 I=  9/2- (5)  4.549  24:-0.095
                      25: 0.192
                      26:-0.054
                      28:-0.054
                      29: 0.067
                      30:-0.409
                      35:-0.713
                      36:-0.433
                      37:-0.283

             ENERGY    K= OMEGA
 
 I= 11/2- (1)  2.373  32:-0.695
                      33:-0.574
                      34:-0.388
                      38:-0.190
 
 I= 11/2- (2)  2.880  24: 0.105
                      26:-0.096
                      27:-0.355
                      29: 0.218
                      31:-0.897
 
 I= 11/2- (3)  4.267  24:-0.109
                      25: 0.052
                      26:-0.344
                      27: 0.172
                      29: 0.879
                      30: 0.150
                      31: 0.160
                      36: 0.114
 
 I= 11/2- (4)  4.907  24: 0.101
                      25:-0.077
                      26:-0.075
                      27:-0.082
                      28: 0.270
                      29: 0.126
                      30:-0.532
                      31: 0.131
                      35: 0.421
                      36:-0.636
 
 I= 11/2- (5)  5.138  24:-0.090
                      25: 0.364
                      28: 0.583
                      29:-0.154
                      30: 0.433
                      31:-0.078
                      35: 0.493
                      36: 0.093
                      37:-0.223

             ENERGY    K= OMEGA
 
 I= 13/2- (1)  4.039  24: 0.150
                      26:-0.123
                      27: 0.425
                      29:-0.240
                      30: 0.073
                      31:-0.845
 
 I= 13/2- (2)  4.613  32: 0.231
                      33:-0.587
                      34: 0.653
                      38:-0.419
 
 I= 13/2- (3)  5.228  24:-0.132
                      25: 0.385
                      26:-0.121
                      27:-0.080
                      28:-0.431
                      29:-0.277
                      30:-0.596
                      31:-0.080
                      35: 0.203
                      36: 0.333
                      37:-0.191
 
 I= 13/2- (4)  5.664  24: 0.080
                      25: 0.128
                      26: 0.369
                      27: 0.172
                      28:-0.180
                      29: 0.822
                      30:-0.140
                      31:-0.221
                      35: 0.160
                      36: 0.073
                      37:-0.063
 
 I= 13/2- (5)  7.233  24: 0.088
                      25:-0.193
                      29:-0.093
                      30: 0.294
                      35: 0.700
                      36: 0.523
                      37: 0.305

             ENERGY     K=-7/2
  32 LEVELS    TIME=  0.0 SEC



 ******************* EXCITATION ENERGIES, DOMINANT CONFIGURATION AND EXPECTATION VALUES (WITH S.P. UU+VV FACTORS) *******************

  NR  Eex(keV)  I   Kdom  NY    <Jz>  <Jx**2> <Jy**2> <Jz**2> <I.j>/|I|  <Rx**2> <Ry**2> <Rz**2> <R.j>/|R|  <HROTx> <HROTy> <HROTz>

   1    0.0   9/2-   9/2  31    3.74    2.67    2.67   19.40    4.45       2.59    2.59   -0.00   -1.13      0.316   0.316  -0.000
   2  308.3   3/2-  -3/2  35   -1.24    1.94    1.94    1.99    1.49       1.92    1.92    0.00   -1.52      0.234   0.234   0.000
   3  362.7   7/2-  -7/2  29   -3.19    2.28    2.28   11.92    3.40       2.61    2.61   -0.00   -1.30      0.318   0.318  -0.000
   4  449.6   5/2-   5/2  36    0.72    3.01    3.01    3.94    2.48       2.00    2.00    0.00   -1.30      0.244   0.244   0.000
   5  459.1  11/2-   1/2  32   -0.00   25.73   25.73    2.25    6.63       5.08    5.08    0.00   -4.41      0.619   0.619   0.000
  
   6  741.1   3/2-  -3/2  30   -1.32    4.57    4.57    2.07    1.47       4.64    4.64    0.00   -2.75      0.566   0.566   0.000
   7  884.6   1/2-   1/2  28    0.50    4.47    4.47    0.25    0.50       4.54    4.54    0.00   -2.91      0.554   0.554   0.000
   8  933.2   5/2-  -3/2  35   -1.36    2.18    2.18    2.18    1.07       4.49    4.49    0.00   -1.13      0.547   0.547   0.000
   9  966.0  11/2-   9/2  31    3.06    3.05    3.05   18.54    4.07       5.86    5.86   -0.00   -0.09      0.714   0.714  -0.000
  10 1039.4   1/2-   1/2  37    0.50    1.50    1.50    0.25    0.60       1.48    1.48    0.00   -1.59      0.181   0.181   0.000
  
  11 1066.9   5/2-   5/2  36    1.05    3.22    3.22    3.49    1.73       4.22    4.22    0.00   -1.66      0.515   0.515   0.000
  12 1111.5   7/2-   5/2  36    0.70    2.68    2.68    4.20    1.96       4.87    4.87    0.00   -0.57      0.594   0.594   0.000
  13 1244.8   9/2-  -7/2  29   -2.61    2.49    2.49   11.25    2.97       5.71    5.71   -0.00   -0.43      0.696   0.696  -0.001
  14 1295.6   7/2-   1/2  32    0.00   25.76   25.76    1.78    6.50       8.73    8.73    0.00   -6.58      1.064   1.064   0.000
  15 1391.9   7/2-  -3/2  35   -0.51    3.02    3.02    1.89    1.55       5.70    5.70   -0.00   -0.53      0.695   0.695  -0.000
  
  16 1492.8   9/2-  -3/2  30   -0.17    4.24    4.24    3.07    2.46       5.93    5.93    0.00    0.19      0.723   0.723   0.000
  17 1867.6   5/2-   1/2  37    0.34    1.70    1.70    0.50    0.45       4.98    4.98    0.00   -0.81      0.607   0.607   0.000
  18 2124.7  13/2-   9/2  31    2.47    3.45    3.45   17.63    3.83       9.89    9.89    0.00    0.50      1.205   1.205   0.000
  19 2232.3   7/2-  -3/2  30    0.25    3.63    3.63    3.19    0.86       9.67    9.67   -0.00   -1.59      1.179   1.179  -0.000
  20 2244.3   5/2-   1/2  28   -0.10    4.18    4.18    1.08   -0.35      10.13   10.13    0.00   -2.33      1.235   1.235   0.000
  
  21 2352.6  11/2-  -7/2  29   -2.37    2.54    2.54   11.30    2.71       9.87    9.87   -0.00   -0.04      1.203   1.203  -0.001
  22 2547.9   9/2-   5/2  34   -0.02   25.60   25.60    5.34    5.71      12.24   12.24   -0.00   -5.69      1.492   1.492  -0.000
  23 2634.4   9/2-  -3/2  35   -0.47    2.16    2.16    2.87    1.06      10.68   10.68   -0.00   -0.41      1.302   1.302  -0.000
  24 2698.8  13/2-   5/2  34   -0.04   25.55   25.55    5.61    5.73      12.69   12.69    0.00   -3.31      1.547   1.547   0.000
  25 2992.5  11/2-   5/2  36    0.40    3.22    3.22    4.31    1.77      12.65   12.65    0.00   -0.03      1.542   1.542   0.000
  
  26 3224.0  11/2-   1/2  28   -0.40    3.34    3.34    1.64    1.56      12.70   12.70    0.00    0.20      1.549   1.549   0.000
  27 3313.4  13/2-  -3/2  30   -0.32    4.56    4.56    3.03    2.53      12.75   12.75   -0.00    1.10      1.555   1.555  -0.000
  28 3649.0   1/2-   1/2  25    0.50    6.08    6.08    0.25    0.69       5.98    5.98    0.00   -3.41      0.729   0.729   0.000
  29 3749.3  13/2-  -7/2  29   -1.92    2.78    2.78   10.67    2.45      15.39   15.39   -0.00    0.16      1.876   1.876  -0.001
  30 5318.6  13/2-  -3/2  35   -0.12    1.99    1.99    3.22    0.93      21.49   21.49   -0.00   -0.11      2.620   2.620  -0.000
  
  31 6234.3   1/2-   1/2  32    0.50   25.57   25.57    0.25   -3.77      29.34   29.34    0.00   -7.14      3.577   3.577   0.000
  32*******   1/2-  -3/2  33    0.00    0.00    0.00    0.00   -0.00       0.00    0.00    0.00   -0.00      0.000   0.000   0.000
