1SPECTRUM OF (Z= 82 A=207) IN PARTICLE-ROTOR  MODEL WITH MODIFIED OSCILLATOR POTENTIAL


 PARITY=-   EPS= 0.314   GAMMA=  0.0   EPS4=0.000   EPS6=0.000   LEVELS:  25  26  27  28  29  30  31  32  33  34  35  36  37  38  39

 PAIRING FACTORS: GN0= 19.20  GN1=  7.40  IPAIR= 15 ***  E2PLUS(INPUT)=   0.730  E2PLUR(INPUT)=   0.000

 CORIOLIS ATTENUATION PARAMETERS:  CHSI=1.000  ETA=  1.00

 MOMENT OF INERTIA PARAMETERS:   A1=  0.122 MEV   A2=  0.122 MEV   A3=121.91924 MEV


 DELTA=0.939 MEV  LAMBDA=53.2946 MEV   HW0= 7.4998 MEV   LAMBDA/HW0= 7.1061

 E2ENERGY=0.730 MEV  HBAR**2/B=18282./A**(7/3)=3090.5/A**2 MEV

 IREC=0  =>  RECOIL TERMS j+j-, j+j+, jzjz, ETC TREATED AS ONE-BODY OPERATORS WITH UU+VV PAIRING FACTORS



 S. P. LEVEL   EQP       U     V        (UU + VV)**1.00

     25       4.142    0.114 0.993      1.000 1.000 0.998 0.969 0.968 0.955 0.923 0.872 0.779 0.510 0.321 0.303 0.298 0.270 0.260
     26       3.288    0.144 0.990      1.000 1.000 1.000 0.976 0.975 0.964 0.935 0.887 0.798 0.536 0.350 0.332 0.327 0.300 0.289
     27       2.733    0.174 0.985      0.998 1.000 1.000 0.982 0.981 0.971 0.945 0.901 0.816 0.561 0.378 0.361 0.356 0.329 0.319
     28       1.412    0.356 0.935      0.969 0.976 0.982 1.000 1.000 0.999 0.990 0.966 0.910 0.706 0.545 0.529 0.525 0.500 0.490
     29       1.396    0.360 0.933      0.968 0.975 0.981 1.000 1.000 0.999 0.990 0.967 0.912 0.710 0.549 0.533 0.529 0.504 0.495
     30       1.273    0.403 0.915      0.955 0.964 0.971 0.999 0.999 1.000 0.996 0.978 0.930 0.742 0.587 0.572 0.567 0.543 0.534
     31       1.104    0.487 0.874      0.923 0.935 0.945 0.990 0.990 0.996 1.000 0.993 0.960 0.801 0.660 0.646 0.642 0.619 0.611
     32       0.989    0.585 0.811      0.872 0.887 0.901 0.966 0.967 0.978 0.993 1.000 0.986 0.865 0.743 0.731 0.727 0.707 0.699
     33       0.939    0.711 0.703      0.779 0.798 0.816 0.910 0.912 0.930 0.960 0.986 1.000 0.936 0.844 0.833 0.831 0.814 0.808
     34       1.259    0.913 0.408      0.510 0.536 0.561 0.706 0.710 0.742 0.801 0.865 0.936 1.000 0.978 0.974 0.973 0.966 0.963
     35       2.275    0.977 0.211      0.321 0.350 0.378 0.545 0.549 0.587 0.660 0.743 0.844 0.978 1.000 1.000 1.000 0.999 0.998
     36       2.482    0.981 0.193      0.303 0.332 0.361 0.529 0.533 0.572 0.646 0.731 0.833 0.974 1.000 1.000 1.000 0.999 0.999
     37       2.548    0.982 0.188      0.298 0.327 0.356 0.525 0.529 0.567 0.642 0.727 0.831 0.973 1.000 1.000 1.000 1.000 0.999
     38       2.992    0.987 0.159      0.270 0.300 0.329 0.500 0.504 0.543 0.619 0.707 0.814 0.966 0.999 0.999 1.000 1.000 1.000
     39       3.199    0.989 0.148      0.260 0.289 0.319 0.490 0.495 0.534 0.611 0.699 0.808 0.963 0.998 0.999 0.999 1.000 1.000

  R CORE   ENERGY   A0R/A00=1.000    R3= 0     2  
   2( 1)    0.732                    1.000 0.000
   2( 2)  487.921                    0.000 1.000

  R CORE   ENERGY   A0R/A00=1.000    R3= 0     2  
   3( 1)  488.652                    0.000 1.000

  R CORE   ENERGY   A0R/A00=1.000    R3= 0     2     4  
   4( 1)    2.438                    1.000 0.000 0.000

  R CORE   ENERGY   A0R/A00=1.000    R3= 0     2     4  
   5( 1)  490.847                    0.000 1.000 0.000

  R CORE   ENERGY   A0R/A00=1.000    R3= 0     2     4     6  
   6( 1)    5.121                    1.000 0.000 0.000 0.000

  R CORE   ENERGY   A0R/A00=1.000    R3= 0     2     4     6  
   7( 1)  494.017                    0.000 1.000 0.000 0.000

          AXIAL SYMMETRY => K RESTRICTED TO OMEGA

                     K
     S.P. ORB#: 25  0.50
     S.P. ORB#: 26  2.50
     S.P. ORB#: 27 -3.50
     S.P. ORB#: 28  0.50
     S.P. ORB#: 29  0.50
     S.P. ORB#: 30 -1.50
     S.P. ORB#: 31 -3.50
     S.P. ORB#: 32 -1.50
     S.P. ORB#: 33  4.50
     S.P. ORB#: 34  2.50
     S.P. ORB#: 35 -1.50
     S.P. ORB#: 36 -3.50
     S.P. ORB#: 37  2.50
     S.P. ORB#: 38  0.50
     S.P. ORB#: 39  0.50
 

             ENERGY    K= OMEGA
 
 I=  1/2- (1)  2.625  28:-0.998
                      39:-0.050
 
 I=  1/2- (2)  3.531  25:-0.070
                      39:-0.996
 
 I=  1/2- (3)  5.681  25: 0.997
                      39:-0.068
 
 I=  1/2- (4)  6.158  29:-0.498
                      38: 0.867
 
 I=  1/2- (5)  8.820  29: 0.867
                      38: 0.498

             ENERGY    K= OMEGA
 
 I=  3/2- (1)  2.463  25:-0.159
                      28:-0.173
                      30:-0.903
                      35:-0.340
                      39: 0.115
 
 I=  3/2- (2)  2.537  25: 0.107
                      28: 0.785
                      30:-0.362
                      35: 0.484
                      39:-0.086

             ENERGY    K= OMEGA
 
 I=  5/2- (1)  2.493  25:-0.247
                      28: 0.441
                      30: 0.736
                      35:-0.178
                      37:-0.384
                      39: 0.154
 
 I=  5/2- (2)  3.204  25:-0.050
                      26: 0.065
                      28:-0.308
                      30: 0.447
                      35: 0.805
                      37: 0.202
                      39: 0.095
 
 I=  5/2- (3)  3.320  25: 0.131
                      28:-0.503
                      30:-0.052
                      35: 0.069
                      37:-0.841
                      39:-0.121
 
 I=  5/2- (4)  4.138  28: 0.577
                      30:-0.452
                      35: 0.513
                      37:-0.319
                      39: 0.312
 
 I=  5/2- (5)  4.383  25:-0.168
                      28: 0.280
                      35: 0.215
                      39:-0.919

             ENERGY    K= OMEGA
 
 I=  7/2- (1)  1.887  26:-0.203
                      27: 0.055
                      31: 0.977
 
 I=  7/2- (2)  3.287  25:-0.130
                      28: 0.207
                      30:-0.744
                      35: 0.216
                      37:-0.577
                      39: 0.064
 
 I=  7/2- (3)  3.352  29: 0.728
                      32: 0.577
                      34: 0.342
                      36: 0.139
 
 I=  7/2- (4)  3.400  25:-0.294
                      28:-0.729
                      30:-0.294
                      35:-0.508
                      39: 0.189
 
 I=  7/2- (5)  4.309  26: 0.115
                      27: 0.287
                      28: 0.452
                      30:-0.462
                      35:-0.351
                      37: 0.602

             ENERGY    K= OMEGA
 
 I=  9/2- (1)  1.803  26:-0.068
                      27: 0.207
                      31:-0.208
                      33:-0.953
 
 I=  9/2- (2)  2.822  26: 0.278
                      27: 0.091
                      30: 0.053
                      31: 0.931
                      33:-0.203
                      37:-0.050
 
 I=  9/2- (3)  3.473  25:-0.357
                      28: 0.484
                      30: 0.669
                      31:-0.065
                      35:-0.205
                      37:-0.330
                      39: 0.186
 
 I=  9/2- (4)  4.541  29: 0.235
                      32:-0.590
                      34: 0.654
                      36:-0.411
 
 I=  9/2- (5)  4.991  25:-0.123
                      26: 0.110
                      27:-0.114
                      28:-0.153
                      30: 0.398
                      35: 0.786
                      37: 0.340
                      39: 0.202

             ENERGY    K= OMEGA
 
 I= 11/2- (1)  2.642  29: 0.687
                      32: 0.579
                      34: 0.389
                      36: 0.196
                      38: 0.054
 
 I= 11/2- (2)  2.866  26:-0.116
                      27:-0.281
                      31: 0.289
                      33:-0.908
 
 I= 11/2- (3)  3.986  26:-0.327
                      27: 0.127
                      30: 0.062
                      31: 0.887
                      33: 0.285
                      37: 0.061
 
 I= 11/2- (4)  5.143  25:-0.322
                      28:-0.181
                      30:-0.769
                      31: 0.089
                      37:-0.486
                      39: 0.164
 
 I= 11/2- (5)  5.217  25:-0.231
                      28:-0.736
                      30: 0.111
                      35:-0.530
                      37: 0.297
                      39: 0.144

             ENERGY    K= OMEGA
 
 I= 13/2- (1)  4.148  26:-0.159
                      27: 0.327
                      31:-0.344
                      33:-0.865
 
 I= 13/2- (2)  4.852  29: 0.224
                      32:-0.571
                      34: 0.658
                      36:-0.436
 
 I= 13/2- (3)  5.298  25:-0.343
                      26: 0.216
                      27: 0.106
                      28: 0.389
                      30: 0.528
                      31: 0.494
                      33:-0.195
                      35:-0.133
                      37:-0.260
                      39: 0.161
 
 I= 13/2- (4)  5.442  25:-0.255
                      26:-0.288
                      27:-0.122
                      28: 0.311
                      30: 0.358
                      31:-0.691
                      33: 0.283
                      35:-0.150
                      37:-0.134
                      39: 0.119
 
 I= 13/2- (5)  7.719  25: 0.164
                      26:-0.110
                      27: 0.119
                      30:-0.288
                      31: 0.068
                      33: 0.061
                      35:-0.738
                      37:-0.486
                      39:-0.270

             ENERGY     K= 1/2
  32 LEVELS    TIME=  0.0 SEC



 ******************* EXCITATION ENERGIES, DOMINANT CONFIGURATION AND EXPECTATION VALUES (WITH S.P. UU+VV FACTORS) *******************

  NR  Eex(keV)  I   Kdom  NY    <Jz>  <Jx**2> <Jy**2> <Jz**2> <I.j>/|I|  <Rx**2> <Ry**2> <Rz**2> <R.j>/|R|  <HROTx> <HROTy> <HROTz>

   1    0.0   9/2-   9/2  33    3.80    2.55    2.55   19.49    4.33       3.15    3.15   -0.00   -1.23      0.384   0.384  -0.000
   2   84.5   7/2-  -7/2  31   -3.25    2.31    2.31   11.99    3.37       2.81    2.81    0.00   -1.37      0.343   0.343   0.000
   3  660.4   3/2-  -3/2  30   -1.36    4.03    4.03    2.11    1.53       3.99    3.99    0.00   -2.55      0.486   0.486   0.000
   4  690.0   5/2-  -3/2  30   -0.35    4.50    4.50    2.28    2.34       3.09    3.09    0.00   -1.75      0.376   0.376   0.000
   5  734.4   3/2-   1/2  28   -0.23    3.97    3.97    0.98    1.37       3.68    3.68    0.00   -2.31      0.448   0.448   0.000
  
   6  821.9   1/2-   1/2  28    0.50    4.72    4.72    0.25    0.33       4.94    4.94   -0.00   -2.99      0.602   0.602  -0.000
   7  839.3  11/2-   1/2  29   -0.02   24.93   24.93    2.29    6.42       5.56    5.56    0.00   -4.13      0.678   0.678   0.000
   8 1018.8   9/2-  -7/2  31   -2.68    2.43    2.43   12.06    2.92       6.30    6.30    0.00   -0.67      0.768   0.768   0.000
   9 1063.0  11/2-   9/2  33    3.17    2.79    2.79   18.76    3.83       7.14    7.14   -0.00   -0.38      0.870   0.870  -0.000
  10 1400.8   5/2-  -3/2  35   -1.11    2.30    2.30    2.22    0.99       4.85    4.85    0.00   -1.25      0.591   0.591   0.000
  
  11 1484.1   7/2-  -3/2  30   -0.04    3.75    3.75    3.48    1.84       6.06    6.06    0.00   -1.06      0.739   0.739   0.000
  12 1517.1   5/2-   5/2  37    1.90    2.71    2.71    4.51    1.73       4.21    4.21   -0.00   -1.66      0.514   0.514  -0.000
  13 1549.6   7/2-   1/2  29   -0.01   24.46   24.46    1.85    6.22       8.55    8.55    0.00   -6.30      1.043   1.043   0.000
  14 1597.2   7/2-   1/2  28   -0.19    3.52    3.52    0.96    1.47       6.05    6.05    0.00   -0.62      0.737   0.737   0.000
  15 1669.8   9/2-  -3/2  30   -0.28    4.80    4.80    1.94    2.37       6.37    6.37    0.00    0.07      0.777   0.777   0.000
  
  16 1727.8   1/2-   1/2  39    0.50    1.48    1.48    0.25    0.72       1.36    1.36   -0.00   -1.57      0.166   0.166  -0.000
  17 2183.5  11/2-  -7/2  31   -2.17    2.52    2.52   12.18    2.63      10.77   10.77    0.00   -0.33      1.314   1.314   0.000
  18 2335.2   5/2-   1/2  28   -0.23    3.55    3.55    1.80   -0.12       9.17    9.17    0.00   -2.16      1.118   1.118   0.000
  19 2344.7  13/2-   9/2  33    2.64    2.99    2.99   18.08    3.49      12.04   12.04    0.00    0.06      1.468   1.468   0.000
  20 2505.8   7/2-   5/2  37    0.25    3.23    3.23    4.17    0.98       9.32    9.32    0.00   -1.57      1.136   1.136   0.000
  
  21 2579.7   5/2-   1/2  39    0.41    1.73    1.73    0.36    0.27       5.50    5.50    0.00   -0.91      0.670   0.670   0.000
  22 2738.0   9/2-   5/2  34   -0.02   24.93   24.93    5.53    5.45      12.97   12.97    0.00   -5.56      1.581   1.581   0.000
  23 3049.6  13/2-   5/2  34   -0.04   24.91   24.91    5.78    5.45      14.11   14.11    0.00   -3.30      1.720   1.720   0.000
  24 3188.1   9/2-  -3/2  35   -0.85    2.17    2.17    2.77    0.91      11.42   11.42    0.00   -0.54      1.392   1.392   0.000
  25 3340.3  11/2-  -3/2  30   -0.24    4.01    4.01    2.98    1.70      13.19   13.19    0.00   -0.16      1.608   1.608   0.000
  
  26 3414.2  11/2-   1/2  28    0.09    3.41    3.41    1.40    1.43      13.45   13.45    0.00    0.06      1.639   1.639   0.000
  27 3495.4  13/2-  -3/2  30   -0.73    4.18    4.18    5.36    2.44      14.17   14.17    0.00    0.63      1.728   1.728   0.000
  28 3639.3  13/2-  -7/2  31   -1.25    3.46    3.46    8.67    2.37      15.64   15.64    0.00    0.17      1.907   1.907   0.000
  29 3878.2   1/2-   1/2  25    0.50    6.43    6.43    0.25    0.67       6.35    6.35    0.00   -3.52      0.775   0.775   0.000
  30 4355.3   1/2-   1/2  38    0.50   12.59   12.59    0.25   -1.75      14.61   14.61   -0.00   -4.99      1.781   1.781  -0.000
  
  31 5915.8  13/2-  -3/2  35   -0.32    2.07    2.07    3.30    0.89      21.89   21.89    0.00   -0.19      2.669   2.669   0.000
  32 7017.4   1/2-   1/2  29    0.50   25.24   25.24    0.25   -3.57      28.82   28.82    0.00   -7.09      3.514   3.514   0.000
