1SPECTRUM OF (Z= 82 A=207) IN PARTICLE-ROTOR  MODEL WITH MODIFIED OSCILLATOR POTENTIAL


 PARITY=-   EPS= 0.335   GAMMA=  0.0   EPS4=0.000   EPS6=0.000   LEVELS:  25  26  27  28  29  30  31  32  33  34  35  36  37  38  39

 PAIRING FACTORS: GN0= 19.20  GN1=  7.40  IPAIR= 15 ***  E2PLUS(INPUT)=   0.730  E2PLUR(INPUT)=   0.000

 CORIOLIS ATTENUATION PARAMETERS:  CHSI=1.000  ETA=  1.00

 MOMENT OF INERTIA PARAMETERS:   A1=  0.122 MEV   A2=  0.122 MEV   A3=121.91924 MEV


 DELTA=0.915 MEV  LAMBDA=53.3346 MEV   HW0= 7.5129 MEV   LAMBDA/HW0= 7.0990

 E2ENERGY=0.730 MEV  HBAR**2/B=20809./A**(7/3)=3517.7/A**2 MEV

 IREC=0  =>  RECOIL TERMS j+j-, j+j+, jzjz, ETC TREATED AS ONE-BODY OPERATORS WITH UU+VV PAIRING FACTORS



 S. P. LEVEL   EQP       U     V        (UU + VV)**1.00

     25       4.190    0.110 0.994      1.000 0.999 0.998 0.987 0.962 0.944 0.940 0.863 0.665 0.580 0.306 0.290 0.290 0.272 0.241
     26       3.152    0.147 0.989      0.999 1.000 0.999 0.992 0.971 0.956 0.952 0.881 0.692 0.610 0.341 0.325 0.325 0.307 0.277
     27       2.594    0.179 0.984      0.998 0.999 1.000 0.996 0.979 0.965 0.962 0.896 0.716 0.635 0.372 0.356 0.356 0.338 0.308
     28       1.775    0.267 0.964      0.987 0.992 0.996 1.000 0.993 0.985 0.983 0.933 0.776 0.703 0.454 0.439 0.439 0.422 0.393
     29       1.307    0.378 0.926      0.962 0.971 0.979 0.993 1.000 0.998 0.998 0.968 0.844 0.781 0.555 0.541 0.541 0.525 0.497
     30       1.175    0.431 0.902      0.944 0.956 0.965 0.985 0.998 1.000 1.000 0.981 0.874 0.816 0.602 0.589 0.589 0.574 0.547
     31       1.154    0.442 0.897      0.940 0.952 0.962 0.983 0.998 1.000 1.000 0.984 0.880 0.823 0.612 0.598 0.598 0.583 0.557
     32       0.955    0.597 0.802      0.863 0.881 0.896 0.933 0.968 0.981 0.984 1.000 0.951 0.912 0.745 0.733 0.733 0.720 0.698
     33       0.969    0.815 0.579      0.665 0.692 0.716 0.776 0.844 0.874 0.880 0.951 1.000 0.994 0.914 0.907 0.907 0.899 0.885
     34       1.076    0.874 0.487      0.580 0.610 0.635 0.703 0.781 0.816 0.823 0.912 0.994 1.000 0.953 0.948 0.948 0.942 0.930
     35       2.342    0.980 0.199      0.306 0.341 0.372 0.454 0.555 0.602 0.612 0.745 0.914 0.953 1.000 1.000 1.000 0.999 0.998
     36       2.544    0.983 0.183      0.290 0.325 0.356 0.439 0.541 0.589 0.598 0.733 0.907 0.948 1.000 1.000 1.000 1.000 0.999
     37       2.545    0.983 0.183      0.290 0.325 0.356 0.439 0.541 0.589 0.598 0.733 0.907 0.948 1.000 1.000 1.000 1.000 0.999
     38       2.823    0.986 0.164      0.272 0.307 0.338 0.422 0.525 0.574 0.583 0.720 0.899 0.942 0.999 1.000 1.000 1.000 0.999
     39       3.480    0.991 0.133      0.241 0.277 0.308 0.393 0.497 0.547 0.557 0.698 0.885 0.930 0.998 0.999 0.999 0.999 1.000

  R CORE   ENERGY   A0R/A00=1.000    R3= 0     2  
   2( 1)    0.732                    1.000 0.000
   2( 2)  487.921                    0.000 1.000

  R CORE   ENERGY   A0R/A00=1.000    R3= 0     2  
   3( 1)  488.652                    0.000 1.000

  R CORE   ENERGY   A0R/A00=1.000    R3= 0     2     4  
   4( 1)    2.438                    1.000 0.000 0.000

  R CORE   ENERGY   A0R/A00=1.000    R3= 0     2     4  
   5( 1)  490.847                    0.000 1.000 0.000

  R CORE   ENERGY   A0R/A00=1.000    R3= 0     2     4     6  
   6( 1)    5.121                    1.000 0.000 0.000 0.000

  R CORE   ENERGY   A0R/A00=1.000    R3= 0     2     4     6  
   7( 1)  494.017                    0.000 1.000 0.000 0.000

          AXIAL SYMMETRY => K RESTRICTED TO OMEGA

                     K
     S.P. ORB#: 25  0.50
     S.P. ORB#: 26  2.50
     S.P. ORB#: 27 -3.50
     S.P. ORB#: 28  0.50
     S.P. ORB#: 29  0.50
     S.P. ORB#: 30 -1.50
     S.P. ORB#: 31 -1.50
     S.P. ORB#: 32 -3.50
     S.P. ORB#: 33  4.50
     S.P. ORB#: 34  2.50
     S.P. ORB#: 35 -3.50
     S.P. ORB#: 36 -1.50
     S.P. ORB#: 37  0.50
     S.P. ORB#: 38  2.50
     S.P. ORB#: 39  0.50
 

             ENERGY    K= OMEGA
 
 I=  1/2- (1)  2.545  29: 0.998
 
 I=  1/2- (2)  3.822  25:-0.072
                      39:-0.997
 
 I=  1/2- (3)  5.774  25: 0.996
                      39:-0.071
 
 I=  1/2- (4)  5.873  28: 0.387
                      37:-0.922
 
 I=  1/2- (5)  8.745  28: 0.922
                      37: 0.387

             ENERGY    K= OMEGA
 
 I=  3/2- (1)  2.408  25:-0.110
                      29: 0.112
                      30:-0.981
                      36:-0.095
                      39: 0.069
 
 I=  3/2- (2)  2.533  25:-0.179
                      29:-0.898
                      36:-0.382
                      39: 0.120

             ENERGY    K= OMEGA
 
 I=  5/2- (1)  2.479  25:-0.254
                      29: 0.458
                      30: 0.778
                      36:-0.124
                      38:-0.287
                      39: 0.148
 
 I=  5/2- (2)  3.331  26:-0.065
                      29: 0.607
                      30:-0.434
                      36:-0.657
                      38: 0.081
 
 I=  5/2- (3)  3.532  25:-0.113
                      29: 0.322
                      30: 0.120
                      36: 0.323
                      38: 0.865
                      39: 0.124
 
 I=  5/2- (4)  4.243  26:-0.058
                      29:-0.493
                      30: 0.376
                      36:-0.643
                      38: 0.402
                      39:-0.192
 
 I=  5/2- (5)  4.663  25:-0.164
                      26: 0.076
                      29: 0.173
                      36: 0.158
                      39:-0.954

             ENERGY    K= OMEGA
 
 I=  7/2- (1)  1.759  26:-0.192
                      32: 0.979
 
 I=  7/2- (2)  3.312  25:-0.204
                      30:-0.855
                      36: 0.056
                      38:-0.456
                      39: 0.108
 
 I=  7/2- (3)  3.421  25:-0.255
                      29:-0.828
                      30:-0.053
                      36:-0.452
                      38: 0.123
                      39: 0.158
 
 I=  7/2- (4)  3.536  28: 0.711
                      31: 0.582
                      34: 0.362
                      35: 0.154
 
 I=  7/2- (5)  4.385  26: 0.195
                      27: 0.727
                      29: 0.262
                      30:-0.273
                      36:-0.273
                      38: 0.465

             ENERGY    K= OMEGA
 
 I=  9/2- (1)  1.863  26:-0.074
                      27: 0.190
                      32:-0.244
                      33:-0.948
 
 I=  9/2- (2)  2.721  26:-0.263
                      27:-0.091
                      30:-0.052
                      32:-0.927
                      33: 0.241
 
 I=  9/2- (3)  3.473  25:-0.361
                      29: 0.494
                      30: 0.690
                      32:-0.066
                      36:-0.172
                      38:-0.288
                      39: 0.181
 
 I=  9/2- (4)  4.624  28:-0.227
                      31: 0.569
                      34:-0.665
                      35: 0.427
 
 I=  9/2- (5)  5.154  26:-0.114
                      27: 0.083
                      29: 0.471
                      30:-0.464
                      32: 0.057
                      36:-0.727
                      39:-0.099

             ENERGY    K= OMEGA
 
 I= 11/2- (1)  2.886  28:-0.679
                      31:-0.579
                      34:-0.398
                      35:-0.205
                      37:-0.057
 
 I= 11/2- (2)  2.957  26:-0.126
                      27:-0.257
                      32: 0.336
                      33:-0.897
 
 I= 11/2- (3)  3.915  26: 0.308
                      27:-0.132
                      30:-0.063
                      32:-0.876
                      33:-0.334
                      38:-0.062
 
 I= 11/2- (4)  5.140  25:-0.373
                      29:-0.376
                      30:-0.732
                      32: 0.091
                      36:-0.130
                      38:-0.348
                      39: 0.192
 
 I= 11/2- (5)  5.273  25: 0.134
                      29: 0.710
                      30:-0.359
                      36: 0.451
                      38:-0.367
                      39:-0.090

             ENERGY    K= OMEGA
 
 I= 13/2- (1)  4.269  26: 0.172
                      27:-0.301
                      32: 0.396
                      33: 0.850
 
 I= 13/2- (2)  5.029  28: 0.220
                      31:-0.556
                      34: 0.665
                      35:-0.448
 
 I= 13/2- (3)  5.276  25:-0.297
                      26: 0.245
                      27: 0.132
                      29: 0.337
                      30: 0.471
                      32: 0.584
                      33:-0.285
                      36:-0.098
                      38:-0.221
                      39: 0.136
 
 I= 13/2- (4)  5.430  25:-0.309
                      26:-0.231
                      27:-0.107
                      29: 0.373
                      30: 0.449
                      32:-0.595
                      33: 0.278
                      36:-0.149
                      38:-0.156
                      39: 0.141
 
 I= 13/2- (5)  7.933  25:-0.098
                      26: 0.138
                      27:-0.138
                      29:-0.269
                      30: 0.389
                      32:-0.088
                      33:-0.056
                      36: 0.783
                      38: 0.245
                      39: 0.213

             ENERGY     K= 1/2
  32 LEVELS    TIME=  0.0 SEC



 ******************* EXCITATION ENERGIES, DOMINANT CONFIGURATION AND EXPECTATION VALUES (WITH S.P. UU+VV FACTORS) *******************

  NR  Eex(keV)  I   Kdom  NY    <Jz>  <Jx**2> <Jy**2> <Jz**2> <I.j>/|I|  <Rx**2> <Ry**2> <Rz**2> <R.j>/|R|  <HROTx> <HROTy> <HROTz>

   1    0.0   7/2-  -7/2  32   -3.27    2.31    2.31   12.02    3.34       2.94    2.94    0.00   -1.40      0.358   0.358   0.000
   2  104.4   9/2-   9/2  33    3.72    2.53    2.53   19.41    4.27       3.38    3.38    0.00   -1.25      0.412   0.412   0.000
   3  649.0   3/2-  -3/2  30   -1.44    4.67    4.67    2.19    1.46       4.80    4.80    0.00   -2.80      0.586   0.586   0.000
   4  720.2   5/2-  -3/2  30   -0.58    4.80    4.80    1.99    2.23       3.58    3.58    0.00   -1.87      0.437   0.437   0.000
   5  774.5   3/2-   1/2  29    0.20    4.07    4.07    0.55    1.26       3.78    3.78   -0.00   -2.27      0.461   0.461  -0.000
  
   6  785.9   1/2-   1/2  29    0.50    4.80    4.80    0.25    0.31       5.04    5.04    0.00   -3.02      0.614   0.614   0.000
   7  962.3   9/2-  -7/2  32   -2.60    2.41    2.41   12.25    2.89       6.53    6.53    0.00   -0.75      0.797   0.797   0.000
   8 1126.8  11/2-   1/2  28   -0.02   24.30   24.30    2.37    6.29       5.76    5.76    0.00   -3.94      0.702   0.702   0.000
   9 1197.7  11/2-   9/2  33    3.03    2.75    2.75   18.59    3.74       7.57    7.57    0.00   -0.45      0.923   0.923   0.000
  10 1553.4   7/2-  -3/2  30   -0.56    4.23    4.23    3.00    1.74       6.71    6.71    0.00   -1.25      0.818   0.818   0.000
  
  11 1572.6   5/2-  -3/2  36   -0.72    3.22    3.22    1.55    0.76       6.13    6.13   -0.00   -1.64      0.748   0.748  -0.000
  12 1662.5   7/2-   1/2  29    0.12    3.82    3.82    0.77    1.40       6.54    6.54   -0.00   -0.79      0.798   0.798  -0.000
  13 1714.4   9/2-  -3/2  30   -0.36    4.97    4.97    1.82    2.33       6.65    6.65   -0.00   -0.04      0.810   0.810  -0.000
  14 1773.0   5/2-   5/2  38    1.76    2.24    2.24    4.98    1.84       3.65    3.65   -0.00   -1.48      0.446   0.446  -0.000
  15 1777.1   7/2-   1/2  28   -0.01   23.91   23.91    2.00    6.14       8.41    8.41    0.00   -6.21      1.025   1.025   0.000
  
  16 2062.9   1/2-   1/2  39    0.50    1.52    1.52    0.25    0.72       1.40    1.40    0.00   -1.60      0.171   0.171   0.000
  17 2156.5  11/2-  -7/2  32   -2.00    2.50    2.50   12.50    2.59      11.12   11.12    0.00   -0.42      1.356   1.356   0.000
  18 2483.7   5/2-  -3/2  36   -0.28    3.15    3.15    2.35    0.01       8.66    8.66   -0.00   -2.07      1.056   1.056  -0.000
  19 2509.8  13/2-   9/2  33    2.46    2.94    2.94   17.85    3.37      12.67   12.67    0.00   -0.03      1.545   1.545   0.000
  20 2626.4   7/2-  -7/2  27   -1.40    4.62    4.62    8.41    2.23       7.87    7.87    0.00   -2.22      0.959   0.959   0.000
  
  21 2865.2   9/2-   5/2  34    0.01   24.55   24.55    5.74    5.31      13.35   13.35    0.00   -5.49      1.628   1.628   0.000
  22 2903.7   5/2-   1/2  39    0.46    1.65    1.65    0.34    0.35       5.16    5.16    0.00   -0.81      0.629   0.629   0.000
  23 3270.5  13/2-   5/2  34   -0.04   24.53   24.53    5.93    5.29      14.93   14.93    0.00   -3.30      1.820   1.820   0.000
  24 3380.7  11/2-  -3/2  30   -0.39    4.24    4.24    2.20    1.67      13.20   13.20   -0.00   -0.13      1.610   1.610  -0.000
  25 3395.1   9/2-  -3/2  36   -1.00    2.84    2.84    1.95    0.64      12.98   12.98   -0.00   -0.87      1.583   1.583  -0.000
  
  26 3514.6  11/2-   1/2  29    0.10    3.73    3.73    1.76    1.39      14.17   14.17   -0.00   -0.17      1.727   1.727  -0.000
  27 3516.7  13/2-  -7/2  32   -0.85    3.83    3.83    7.28    2.43      14.89   14.89    0.00    0.37      1.816   1.816   0.000
  28 3671.6  13/2-  -7/2  32   -0.95    3.90    3.90    7.10    2.32      15.60   15.60    0.00    0.24      1.902   1.902   0.000
  29 4015.0   1/2-   1/2  25    0.50    6.61    6.61    0.25    0.66       6.54    6.54   -0.00   -3.57      0.797   0.797  -0.000
  30 4114.0   1/2-   1/2  37    0.50   12.35   12.35    0.25   -1.47      14.12   14.12    0.00   -4.93      1.721   1.721   0.000
  
  31 6174.1  13/2-  -3/2  36   -0.96    2.34    2.34    2.64    0.72      23.03   23.03   -0.00   -0.34      2.808   2.808  -0.000
  32 6985.9   1/2-   1/2  28    0.50   24.54   24.54    0.25   -3.55      28.11   28.11    0.00   -6.99      3.427   3.427   0.000
