1SPECTRUM OF (Z= 82 A=207) IN PARTICLE-ROTOR  MODEL WITH MODIFIED OSCILLATOR POTENTIAL


 PARITY=-   EPS= 0.379   GAMMA=  0.0   EPS4=0.000   EPS6=0.000   LEVELS:  25  26  27  28  29  30  31  32  33  34  35  36  37  38  39

 PAIRING FACTORS: GN0= 19.20  GN1=  7.40  IPAIR= 15 ***  E2PLUS(INPUT)=   0.730  E2PLUR(INPUT)=   0.000

 CORIOLIS ATTENUATION PARAMETERS:  CHSI=1.000  ETA=  1.00

 MOMENT OF INERTIA PARAMETERS:   A1=  0.122 MEV   A2=  0.122 MEV   A3=121.91924 MEV


 DELTA=0.863 MEV  LAMBDA=53.4486 MEV   HW0= 7.5438 MEV   LAMBDA/HW0= 7.0851

 E2ENERGY=0.730 MEV  HBAR**2/B=26634./A**(7/3)=4502.4/A**2 MEV

 IREC=0  =>  RECOIL TERMS j+j-, j+j+, jzjz, ETC TREATED AS ONE-BODY OPERATORS WITH UU+VV PAIRING FACTORS



 S. P. LEVEL   EQP       U     V        (UU + VV)**1.00

     25       4.016    0.108 0.994      1.000 0.999 0.999 0.997 0.990 0.942 0.912 0.791 0.639 0.456 0.382 0.322 0.246 0.234 0.228
     26       2.867    0.152 0.988      0.999 1.000 1.000 0.999 0.995 0.956 0.930 0.817 0.672 0.496 0.422 0.364 0.289 0.277 0.272
     27       2.746    0.159 0.987      0.999 1.000 1.000 0.999 0.996 0.958 0.932 0.821 0.678 0.502 0.429 0.370 0.295 0.284 0.278
     28       2.308    0.191 0.982      0.997 0.999 0.999 1.000 0.998 0.966 0.943 0.839 0.701 0.529 0.457 0.399 0.326 0.314 0.309
     29       1.787    0.249 0.968      0.990 0.995 0.996 0.998 1.000 0.980 0.961 0.870 0.742 0.579 0.510 0.454 0.382 0.371 0.365
     30       1.099    0.437 0.900      0.942 0.956 0.958 0.966 0.980 1.000 0.997 0.951 0.861 0.729 0.671 0.622 0.558 0.548 0.543
     31       0.989    0.506 0.862      0.912 0.930 0.932 0.943 0.961 0.997 1.000 0.972 0.898 0.781 0.727 0.682 0.621 0.612 0.607
     32       0.864    0.694 0.720      0.791 0.817 0.821 0.839 0.870 0.951 0.972 1.000 0.976 0.905 0.867 0.834 0.788 0.780 0.776
     33       0.938    0.834 0.552      0.639 0.672 0.678 0.701 0.742 0.861 0.898 0.976 1.000 0.976 0.955 0.934 0.903 0.898 0.895
     34       1.293    0.934 0.358      0.456 0.496 0.502 0.529 0.579 0.729 0.781 0.905 0.976 1.000 0.997 0.989 0.975 0.972 0.970
     35       1.610    0.960 0.279      0.382 0.422 0.429 0.457 0.510 0.671 0.727 0.867 0.955 0.997 1.000 0.998 0.990 0.988 0.987
     36       2.034    0.976 0.217      0.322 0.364 0.370 0.399 0.454 0.622 0.682 0.834 0.934 0.989 0.998 1.000 0.997 0.996 0.995
     37       3.126    0.990 0.139      0.246 0.289 0.295 0.326 0.382 0.558 0.621 0.788 0.903 0.975 0.990 0.997 1.000 1.000 1.000
     38       3.413    0.992 0.128      0.234 0.277 0.284 0.314 0.371 0.548 0.612 0.780 0.898 0.972 0.988 0.996 1.000 1.000 1.000
     39       3.572    0.993 0.122      0.228 0.272 0.278 0.309 0.365 0.543 0.607 0.776 0.895 0.970 0.987 0.995 1.000 1.000 1.000

  R CORE   ENERGY   A0R/A00=1.000    R3= 0     2  
   2( 1)    0.732                    1.000 0.000
   2( 2)  487.921                    0.000 1.000

  R CORE   ENERGY   A0R/A00=1.000    R3= 0     2  
   3( 1)  488.652                    0.000 1.000

  R CORE   ENERGY   A0R/A00=1.000    R3= 0     2     4  
   4( 1)    2.438                    1.000 0.000 0.000

  R CORE   ENERGY   A0R/A00=1.000    R3= 0     2     4  
   5( 1)  490.847                    0.000 1.000 0.000

  R CORE   ENERGY   A0R/A00=1.000    R3= 0     2     4     6  
   6( 1)    5.121                    1.000 0.000 0.000 0.000

  R CORE   ENERGY   A0R/A00=1.000    R3= 0     2     4     6  
   7( 1)  494.017                    0.000 1.000 0.000 0.000

          AXIAL SYMMETRY => K RESTRICTED TO OMEGA

                     K
     S.P. ORB#: 25 -5.50
     S.P. ORB#: 26  2.50
     S.P. ORB#: 27  0.50
     S.P. ORB#: 28 -3.50
     S.P. ORB#: 29 -1.50
     S.P. ORB#: 30  0.50
     S.P. ORB#: 31 -1.50
     S.P. ORB#: 32  2.50
     S.P. ORB#: 33 -3.50
     S.P. ORB#: 34  4.50
     S.P. ORB#: 35  0.50
     S.P. ORB#: 36 -3.50
     S.P. ORB#: 37 -1.50
     S.P. ORB#: 38  2.50
     S.P. ORB#: 39  0.50
 

             ENERGY    K= OMEGA
 
 I=  1/2- (1)  2.394  30:-1.000
 
 I=  1/2- (2)  4.575  27:-0.194
                      35: 0.909
                      39:-0.369
 
 I=  1/2- (3)  7.431  27:-0.389
                      35: 0.275
                      39: 0.879
 
 I=  1/2- (4)  9.280  27: 0.901
                      35: 0.314
                      39: 0.300
 
 I=  1/2- (5)147.292  31:-1.000

             ENERGY    K= OMEGA
 
 I=  3/2- (1)  2.289  30:-0.447
                      31: 0.894
 
 I=  3/2- (2)  2.653  30:-0.865
                      31:-0.438
                      37:-0.245

             ENERGY    K= OMEGA
 
 I=  5/2- (1)  2.745  30: 0.397
                      31: 0.876
                      37:-0.086
                      38:-0.256
 
 I=  5/2- (2)  3.375  26: 0.057
                      30:-0.831
                      31: 0.385
                      37: 0.387
                      38:-0.093
 
 I=  5/2- (3)  4.137  26:-0.126
                      30:-0.217
                      31:-0.184
                      37:-0.464
                      38:-0.829
 
 I=  5/2- (4)  4.614  26: 0.743
                      30: 0.218
                      31:-0.197
                      37: 0.462
                      38:-0.385
 
 I=  5/2- (5)  4.731  26: 0.653
                      30:-0.240
                      31: 0.106
                      37:-0.644
                      38: 0.300

             ENERGY    K= OMEGA
 
 I=  7/2- (1)  1.804  26:-0.161
                      33: 0.986
 
 I=  7/2- (2)  3.321  30: 0.558
                      31:-0.748
                      37: 0.186
                      38:-0.304
 
 I=  7/2- (3)  3.986  27: 0.632
                      29: 0.587
                      32: 0.463
                      36: 0.205
 
 I=  7/2- (4)  4.019  26:-0.074
                      30: 0.728
                      31: 0.540
                      37: 0.355
                      38: 0.216
 
 I=  7/2- (5)  4.193  26:-0.195
                      28:-0.972
                      38:-0.104

             ENERGY    K= OMEGA
 
 I=  9/2- (1)  2.218  26: 0.087
                      28:-0.163
                      33: 0.344
                      34: 0.920
 
 I=  9/2- (2)  2.856  26:-0.216
                      28:-0.098
                      33:-0.907
                      34: 0.343
                      38: 0.051
 
 I=  9/2- (3)  4.279  30:-0.439
                      31:-0.780
                      33: 0.058
                      37: 0.204
                      38: 0.389
 
 I=  9/2- (4)  4.719  27:-0.210
                      29: 0.550
                      32:-0.688
                      36: 0.423
 
 I=  9/2- (5)  5.249  26: 0.156
                      28:-0.215
                      30:-0.679
                      31: 0.449
                      33:-0.055
                      37: 0.495
                      38:-0.134

             ENERGY    K= OMEGA
 
 I= 11/2- (1)  3.352  26:-0.138
                      28:-0.221
                      33: 0.435
                      34:-0.861
 
 I= 11/2- (2)  3.396  27:-0.621
                      29:-0.585
                      32:-0.458
                      35:-0.089
                      36:-0.230
 
 I= 11/2- (3)  4.133  26: 0.252
                      28:-0.146
                      31:-0.064
                      33:-0.848
                      34:-0.432
                      38:-0.071
 
 I= 11/2- (4)  5.275  30: 0.572
                      31:-0.674
                      33: 0.076
                      37: 0.271
                      38:-0.369
 
 I= 11/2- (5)  5.359  25: 0.999

             ENERGY    K= OMEGA
 
 I= 13/2- (1)  4.714  26: 0.180
                      28:-0.261
                      33: 0.484
                      34: 0.814
 
 I= 13/2- (2)  5.243  27:-0.215
                      29: 0.557
                      32:-0.677
                      36: 0.429
 
 I= 13/2- (3)  5.640  26:-0.278
                      28:-0.186
                      31:-0.090
                      33:-0.800
                      34: 0.480
                      38: 0.094
 
 I= 13/2- (4)  6.754  30:-0.449
                      31:-0.717
                      33: 0.107
                      34:-0.055
                      37: 0.274
                      38: 0.438
 
 I= 13/2- (5)  6.946  25: 0.998

             ENERGY     K= 1/2
  32 LEVELS    TIME=  0.0 SEC



 ******************* EXCITATION ENERGIES, DOMINANT CONFIGURATION AND EXPECTATION VALUES (WITH S.P. UU+VV FACTORS) *******************

  NR  Eex(keV)  I   Kdom  NY    <Jz>  <Jx**2> <Jy**2> <Jz**2> <I.j>/|I|  <Rx**2> <Ry**2> <Rz**2> <R.j>/|R|  <HROTx> <HROTy> <HROTz>

   1    0.0   7/2-  -7/2  33   -3.34    2.31    2.31   12.08    3.25       3.33    3.33    0.00   -1.47      0.406   0.406   0.000
   2  413.9   9/2-   9/2  34    3.32    2.50    2.50   18.98    4.13       3.81    3.81    0.00   -1.24      0.464   0.464   0.000
   3  484.1   3/2-  -3/2  31   -1.10    4.93    4.93    1.85    1.29       5.23    5.23   -0.00   -2.85      0.638   0.638  -0.000
   4  589.5   1/2-   1/2  30    0.50    4.90    4.90    0.25    0.10       5.31    5.31    0.00   -3.06      0.647   0.647   0.000
   5  848.3   3/2-   1/2  30   -0.00    4.63    4.63    0.75    0.48       5.96    5.96   -0.00   -2.63      0.726   0.726  -0.000
  
   6  940.4   5/2-  -3/2  31   -0.92    4.75    4.75    2.20    1.29       6.40    6.40   -0.00   -2.20      0.781   0.781  -0.000
   7 1051.5   9/2-  -7/2  33   -2.26    2.37    2.37   12.88    2.80       7.24    7.24    0.00   -0.97      0.883   0.883   0.000
   8 1517.0   7/2-  -3/2  31   -0.51    4.62    4.62    2.01    1.34       8.20    8.20    0.00   -1.47      0.999   0.999   0.000
   9 1547.3  11/2-   9/2  34    2.55    2.67    2.67   18.08    3.55       8.38    8.38    0.00   -0.54      1.022   1.022   0.000
  10 1570.5   5/2-   1/2  30   -0.07    4.30    4.30    0.92    0.37       8.05    8.05    0.00   -2.10      0.981   0.981   0.000
  
  11 1591.1  11/2-   1/2  27    0.02   23.37   23.37    2.83    6.16       5.82    5.82    0.00   -3.73      0.710   0.710   0.000
  12 2181.6   7/2-   1/2  27    0.07   22.95   22.95    2.73    6.04       8.22    8.22   -0.00   -6.08      1.002   1.002  -0.000
  13 2214.5   7/2-   1/2  30   -0.23    4.23    4.23    1.41    0.56      10.58   10.58   -0.00   -1.66      1.289   1.289  -0.000
  14 2329.0  11/2-  -7/2  33   -1.59    2.46    2.46   13.30    2.48      12.15   12.15    0.00   -0.69      1.481   1.481   0.000
  15 2332.6   5/2-   5/2  38    1.41    2.07    2.07    4.97    1.65       4.04    4.04    0.00   -1.49      0.493   0.493   0.000
  
  16 2388.7   7/2-  -7/2  28   -3.19    6.16    6.16   11.90    3.12       7.61    7.61   -0.00   -3.04      0.928   0.928  -0.000
  17 2474.6   9/2-  -3/2  31   -0.52    4.43    4.43    2.52    1.31      11.53   11.53   -0.00   -1.01      1.406   1.406  -0.000
  18 2770.2   1/2-   1/2  35    0.50   11.20   11.20    0.25    0.94      10.89   10.89    0.00   -4.68      1.327   1.327   0.000
  19 2809.9   5/2-   5/2  26    1.40    4.50    4.50    4.96    1.39       7.25    7.25   -0.00   -2.59      0.884   0.884  -0.000
  20 2909.7  13/2-   9/2  34    2.00    2.82    2.82   17.38    3.15      13.86   13.86    0.00   -0.19      1.690   1.690   0.000
  
  21 2914.2   9/2-   5/2  32    0.13   23.84   23.84    5.85    5.16      13.46   13.46   -0.00   -5.37      1.641   1.641  -0.000
  22 2926.8   5/2-   5/2  26    0.68    3.89    3.89    4.20    0.97       7.50    7.50    0.00   -2.35      0.915   0.915   0.000
  23 3438.7  13/2-   5/2  32    0.06   23.84   23.84    5.83    5.10      15.54   15.54    0.00   -3.22      1.895   1.895   0.000
  24 3444.2   9/2-   1/2  30   -0.50    3.99    3.99    2.02    0.58      14.50   14.50   -0.00   -1.32      1.768   1.768  -0.000
  25 3470.5  11/2-  -3/2  31   -0.31    4.38    4.38    2.25    1.33      15.41   15.41    0.00   -0.55      1.879   1.879   0.000
  
  26 3554.9  11/2- -11/2  25   -5.49    2.75    2.75   30.21    5.05       5.53    5.53    0.00   -1.66      0.674   0.674   0.000
  27 3835.3  13/2-  -7/2  33   -1.13    2.55    2.55   13.51    2.24      18.03   18.03    0.00   -0.49      2.198   2.198   0.000
  28 4949.5  13/2-  -3/2  31   -0.34    4.20    4.20    2.82    1.29      20.96   20.96   -0.00   -0.34      2.556   2.556  -0.000
  29 5141.9  13/2- -11/2  25   -5.48    2.75    2.75   30.19    4.32      12.06   12.06    0.00   -1.13      1.470   1.470   0.000
  30 5626.3   1/2-   1/2  39    0.50   15.93   15.93    0.25   -0.59      16.94   16.94    0.00   -5.60      2.066   2.066   0.000
  
  31 7475.1   1/2-   1/2  27    0.50   23.49   23.49    0.25   -3.42      26.95   26.95    0.00   -6.84      3.286   3.286   0.000
  32*******   1/2-  -3/2  31    0.00    0.00    0.00    0.00    0.00       0.00    0.00    0.00   -0.00      0.000   0.000   0.000
