1SPECTRUM OF (Z= 82 A=207) IN PARTICLE-ROTOR  MODEL WITH MODIFIED OSCILLATOR POTENTIAL


 PARITY=-   EPS= 0.187   GAMMA=  0.0   EPS4=0.000   EPS6=0.000   LEVELS:  24  25  26  27  28  29  30  31  32  33  34  35  36  37  38

 PAIRING FACTORS: GN0= 19.20  GN1=  7.40  IPAIR= 15 ***  E2PLUS(INPUT)=   0.730  E2PLUR(INPUT)=   0.000

 CORIOLIS ATTENUATION PARAMETERS:  CHSI=1.000  ETA=  1.00

 MOMENT OF INERTIA PARAMETERS:   A1=  0.122 MEV   A2=  0.122 MEV   A3=121.91924 MEV


 DELTA=0.923 MEV  LAMBDA=53.4684 MEV   HW0= 7.4411 MEV   LAMBDA/HW0= 7.1855

 E2ENERGY=0.730 MEV  HBAR**2/B= 6484./A**(7/3)=1096.1/A**2 MEV

 IREC=0  =>  RECOIL TERMS j+j-, j+j+, jzjz, ETC TREATED AS ONE-BODY OPERATORS WITH UU+VV PAIRING FACTORS



 S. P. LEVEL   EQP       U     V        (UU + VV)**1.00

     24       5.162    0.090 0.996      1.000 1.000 1.000 0.999 0.997 0.993 0.992 0.989 0.761 0.655 0.441 0.401 0.355 0.296 0.246
     25       4.297    0.108 0.994      1.000 1.000 1.000 1.000 0.998 0.995 0.994 0.992 0.773 0.669 0.457 0.418 0.372 0.313 0.264
     26       3.955    0.117 0.993      1.000 1.000 1.000 1.000 0.999 0.996 0.995 0.993 0.779 0.676 0.466 0.426 0.381 0.322 0.273
     27       3.784    0.123 0.992      0.999 1.000 1.000 1.000 0.999 0.997 0.995 0.993 0.782 0.680 0.471 0.431 0.386 0.328 0.278
     28       2.831    0.165 0.986      0.997 0.998 0.999 0.999 1.000 0.999 0.999 0.997 0.808 0.710 0.508 0.469 0.425 0.368 0.319
     29       2.295    0.205 0.979      0.993 0.995 0.996 0.997 0.999 1.000 1.000 1.000 0.831 0.739 0.543 0.505 0.462 0.405 0.358
     30       2.180    0.217 0.976      0.992 0.994 0.995 0.995 0.999 1.000 1.000 1.000 0.838 0.746 0.552 0.515 0.472 0.416 0.368
     31       2.019    0.235 0.972      0.989 0.992 0.993 0.993 0.997 1.000 1.000 1.000 0.848 0.759 0.568 0.531 0.488 0.433 0.386
     32       0.923    0.715 0.700      0.761 0.773 0.779 0.782 0.808 0.831 0.838 0.848 1.000 0.989 0.918 0.900 0.877 0.845 0.816
     33       0.973    0.811 0.584      0.655 0.669 0.676 0.680 0.710 0.739 0.746 0.759 0.989 1.000 0.967 0.955 0.939 0.916 0.894
     34       1.378    0.933 0.359      0.441 0.457 0.466 0.471 0.508 0.543 0.552 0.568 0.918 0.967 1.000 0.999 0.996 0.988 0.978
     35       1.534    0.948 0.317      0.401 0.418 0.426 0.431 0.469 0.505 0.515 0.531 0.900 0.955 0.999 1.000 0.999 0.994 0.987
     36       1.777    0.963 0.270      0.355 0.372 0.381 0.386 0.425 0.462 0.472 0.488 0.877 0.939 0.996 0.999 1.000 0.998 0.993
     37       2.257    0.978 0.209      0.296 0.313 0.322 0.328 0.368 0.405 0.416 0.433 0.845 0.916 0.988 0.994 0.998 1.000 0.999
     38       2.954    0.987 0.158      0.246 0.264 0.273 0.278 0.319 0.358 0.368 0.386 0.816 0.894 0.978 0.987 0.993 0.999 1.000

  R CORE   ENERGY   A0R/A00=1.000    R3= 0     2  
   2( 1)    0.732                    1.000 0.000
   2( 2)  487.921                    0.000 1.000

  R CORE   ENERGY   A0R/A00=1.000    R3= 0     2  
   3( 1)  488.652                    0.000 1.000

  R CORE   ENERGY   A0R/A00=1.000    R3= 0     2     4  
   4( 1)    2.438                    1.000 0.000 0.000

  R CORE   ENERGY   A0R/A00=1.000    R3= 0     2     4  
   5( 1)  490.847                    0.000 1.000 0.000

  R CORE   ENERGY   A0R/A00=1.000    R3= 0     2     4     6  
   6( 1)    5.121                    1.000 0.000 0.000 0.000

  R CORE   ENERGY   A0R/A00=1.000    R3= 0     2     4     6  
   7( 1)  494.017                    0.000 1.000 0.000 0.000

          AXIAL SYMMETRY => K RESTRICTED TO OMEGA

                     K
     S.P. ORB#: 24  2.50
     S.P. ORB#: 25  2.50
     S.P. ORB#: 26  0.50
     S.P. ORB#: 27 -3.50
     S.P. ORB#: 28 -3.50
     S.P. ORB#: 29  4.50
     S.P. ORB#: 30  0.50
     S.P. ORB#: 31 -1.50
     S.P. ORB#: 32 -1.50
     S.P. ORB#: 33  2.50
     S.P. ORB#: 34  0.50
     S.P. ORB#: 35  0.50
     S.P. ORB#: 36 -1.50
     S.P. ORB#: 37  2.50
     S.P. ORB#: 38 -3.50
 

             ENERGY    K= OMEGA
 
 I=  1/2- (1)  1.625  26:-0.061
                      34:-0.998
 
 I=  1/2- (2)  3.209  30: 0.999
 
 I=  1/2- (3)  5.114  26: 0.998
                      34:-0.061
 
 I=  1/2- (4)  9.531  35:-1.000
 
 I=  1/2- (5)147.226  32:-1.000

             ENERGY    K= OMEGA
 
 I=  3/2- (1)  1.401  30: 0.189
                      31: 0.108
                      32: 0.972
                      34:-0.080
 
 I=  3/2- (2)  2.277  30:-0.153
                      31:-0.129
                      32: 0.124
                      34: 0.972

             ENERGY    K= OMEGA
 
 I=  5/2- (1)  1.443  30: 0.133
                      31: 0.178
                      32:-0.412
                      33:-0.880
                      34: 0.062
 
 I=  5/2- (2)  2.019  30: 0.222
                      31:-0.166
                      32:-0.869
                      33: 0.404
 
 I=  5/2- (3)  2.301  30: 0.148
                      31: 0.194
                      33: 0.127
                      34: 0.961
 
 I=  5/2- (4)  3.276  24: 0.072
                      26:-0.380
                      30: 0.445
                      31: 0.742
                      32: 0.072
                      33: 0.185
                      34:-0.250
 
 I=  5/2- (5)  4.536  24: 0.064
                      26: 0.074
                      30:-0.804
                      31: 0.517
                      32:-0.259
                      33: 0.099

             ENERGY    K= OMEGA
 
 I=  7/2- (1)  2.077  30: 0.181
                      31:-0.213
                      32: 0.503
                      33:-0.816
 
 I=  7/2- (2)  2.669  25:-0.071
                      26:-0.174
                      28: 0.076
                      30:-0.345
                      31:-0.301
                      32:-0.716
                      33:-0.443
                      34: 0.198
 
 I=  7/2- (3)  3.546  24:-0.067
                      25: 0.244
                      27: 0.137
                      28:-0.950
                      30:-0.067
                      34: 0.080
 
 I=  7/2- (4)  3.871  26:-0.093
                      28: 0.069
                      30:-0.142
                      31:-0.254
                      32: 0.313
                      33: 0.218
                      34: 0.868
 
 I=  7/2- (5)  3.937  35: 0.724
                      36: 0.574
                      37: 0.353
                      38: 0.149

             ENERGY    K= OMEGA
 
 I=  9/2- (1)  2.733  26: 0.176
                      27:-0.116
                      29: 0.197
                      30:-0.296
                      31:-0.361
                      32: 0.459
                      33: 0.674
                      34:-0.175
 
 I=  9/2- (2)  3.021  24: 0.067
                      25: 0.067
                      27: 0.271
                      28: 0.176
                      29:-0.913
                      30:-0.081
                      31:-0.076
                      32: 0.121
                      33: 0.146
                      34:-0.051
 
 I=  9/2- (3)  3.830  24: 0.074
                      25:-0.138
                      26:-0.058
                      27: 0.069
                      28:-0.206
                      30:-0.161
                      31: 0.339
                      32: 0.742
                      33:-0.277
                      34: 0.397
 
 I=  9/2- (4)  3.916  26: 0.098
                      28:-0.093
                      30:-0.306
                      31:-0.103
                      32: 0.161
                      33:-0.525
                      34:-0.756
 
 I=  9/2- (5)  4.443  24: 0.109
                      25:-0.297
                      26:-0.052
                      27: 0.172
                      28:-0.872
                      29:-0.134
                      30: 0.130
                      32:-0.181
                      33: 0.180
                      34:-0.091

             ENERGY    K= OMEGA
 
 I= 11/2- (1)  2.789  35: 0.685
                      36: 0.576
                      37: 0.399
                      38: 0.200
 
 I= 11/2- (2)  3.809  24: 0.114
                      25: 0.117
                      27:-0.354
                      28:-0.178
                      29:-0.690
                      30: 0.136
                      31:-0.202
                      32: 0.296
                      33:-0.439
 
 I= 11/2- (3)  4.066  24: 0.057
                      27:-0.184
                      28:-0.138
                      29:-0.533
                      30:-0.243
                      31: 0.210
                      32:-0.478
                      33: 0.571
 
 I= 11/2- (4)  4.616  24: 0.084
                      25:-0.128
                      26:-0.282
                      27:-0.061
                      28: 0.187
                      29: 0.055
                      30:-0.402
                      31:-0.416
                      32:-0.541
                      33:-0.416
                      34: 0.236
 
 I= 11/2- (5)  5.522  24:-0.133
                      25: 0.357
                      26:-0.097
                      27: 0.212
                      28:-0.847
                      29: 0.169
                      30:-0.154
                      31:-0.080
                      32:-0.063
                      33:-0.083
                      34: 0.117

             ENERGY    K= OMEGA
 
 I= 13/2- (1)  4.662  24: 0.125
                      25: 0.092
                      26:-0.259
                      27: 0.261
                      28: 0.100
                      29:-0.353
                      30: 0.345
                      31: 0.420
                      32:-0.365
                      33:-0.489
                      34: 0.196
 
 I= 13/2- (2)  5.013  35:-0.232
                      36: 0.580
                      37:-0.652
                      38: 0.429
 
 I= 13/2- (3)  5.087  24: 0.116
                      25: 0.122
                      26: 0.152
                      27: 0.380
                      28: 0.237
                      29:-0.741
                      30:-0.215
                      31:-0.206
                      32: 0.206
                      33: 0.223
                      34:-0.132
 
 I= 13/2- (4)  6.382  24: 0.162
                      25:-0.266
                      26:-0.103
                      27: 0.146
                      28:-0.419
                      29:-0.060
                      30:-0.110
                      31: 0.328
                      32: 0.647
                      34: 0.390
 
 I= 13/2- (5)  6.559  25:-0.144
                      26: 0.115
                      27: 0.106
                      28:-0.301
                      30:-0.286
                      33:-0.601
                      34:-0.646

             ENERGY     K=-7/2
  32 LEVELS    TIME=  0.0 SEC



 ******************* EXCITATION ENERGIES, DOMINANT CONFIGURATION AND EXPECTATION VALUES (WITH S.P. UU+VV FACTORS) *******************

  NR  Eex(keV)  I   Kdom  NY    <Jz>  <Jx**2> <Jy**2> <Jz**2> <I.j>/|I|  <Rx**2> <Ry**2> <Rz**2> <R.j>/|R|  <HROTx> <HROTy> <HROTz>

   1    0.0   3/2-  -3/2  32   -1.41    1.54    1.54    2.16    1.45       1.68    1.68   -0.00   -1.32      0.205   0.205  -0.000
   2   41.9   5/2-   5/2  33    1.65    1.80    1.80    5.30    2.41       1.69    1.69    0.00   -0.96      0.206   0.206   0.000
   3  224.1   1/2-   1/2  34    0.50    1.20    1.20    0.25    0.83       0.97    0.97    0.00   -1.38      0.119   0.119   0.000
   4  617.7   5/2-  -3/2  32   -0.73    1.55    1.55    2.81    1.11       4.05    4.05    0.00   -0.92      0.494   0.494   0.000
   5  676.4   7/2-   5/2  33    1.23    1.93    1.93    4.87    2.03       4.20    4.20    0.00   -0.24      0.512   0.512   0.000
  
   6  876.6   3/2-   1/2  34    0.44    1.32    1.32    0.31   -0.13       3.60    3.60    0.00   -1.19      0.439   0.439   0.000
   7  899.7   5/2-   1/2  34    0.46    1.56    1.56    0.42    0.85       3.63    3.63    0.00   -0.38      0.443   0.443   0.000
   8 1267.7   7/2-  -3/2  32   -0.33    1.76    1.76    2.75    1.39       5.51    5.51    0.00   -0.23      0.671   0.671   0.000
   9 1331.7   9/2-   5/2  33    0.83    2.82    2.82    4.62    2.43       5.42    5.42    0.00    0.55      0.661   0.661   0.000
  10 1388.1  11/2-   1/2  35   -0.01   28.19   28.19    2.35    7.21       4.11    4.11   -0.00   -5.44      0.501   0.501  -0.000
  
  11 1620.0   9/2-   9/2  29    3.44    2.73    2.73   18.40    4.37       2.58    2.58   -0.00   -0.94      0.314   0.314  -0.000
  12 1808.0   1/2-   1/2  30    0.50    4.05    4.05    0.25    0.39       4.21    4.21    0.00   -2.76      0.513   0.513   0.000
  13 1875.4   5/2-  -3/2  31   -0.53    3.80    3.80    1.60    1.63       4.15    4.15    0.00   -1.52      0.506   0.506   0.000
  14 2145.1   7/2-  -7/2  28   -3.06    2.27    2.27   11.69    3.39       2.53    2.53    0.00   -1.23      0.308   0.308   0.000
  15 2408.0  11/2-   9/2  29    1.96    3.18    3.18   13.23    3.51       6.70    6.70    0.00    0.37      0.817   0.817   0.000
  
  16 2429.1   9/2-  -3/2  32   -0.82    1.59    1.59    2.75    1.04      10.17   10.17    0.00   -0.17      1.240   1.240   0.000
  17 2470.4   7/2-   1/2  34    0.25    1.74    1.74    0.94   -0.00      10.09   10.09    0.00   -0.98      1.231   1.231   0.000
  18 2514.7   9/2-   1/2  34    0.94    2.05    2.05    2.12    1.02      10.38   10.38    0.00   -0.24      1.266   1.266   0.000
  19 2536.2   7/2-   1/2  35    0.00   28.32   28.32    1.92    7.09       9.03    9.03    0.00   -7.16      1.101   1.101   0.000
  20 2665.2  11/2-   5/2  33    1.54    2.36    2.36    9.09    2.46      10.10   10.10    0.00    0.19      1.231   1.231   0.000
  
  21 3042.0   9/2-  -7/2  28   -2.39    2.31    2.31   10.94    2.75       6.47    6.47    0.00   -0.52      0.789   0.789   0.000
  22 3135.2   5/2-   1/2  30   -0.14    4.12    4.12    1.00   -0.39      10.14   10.14    0.00   -2.31      1.236   1.236   0.000
  23 3215.5  11/2-  -3/2  32   -0.18    2.22    2.22    2.89    1.64      11.73   11.73    0.00    0.51      1.430   1.430   0.000
  24 3261.5  13/2-   5/2  33    0.59    3.81    3.81    5.88    2.88      11.01   11.01    0.00    1.41      1.342   1.342   0.000
  25 3611.8  13/2-   5/2  37   -0.06   27.14   27.14    5.68    6.12      11.60   11.60    0.00   -3.57      1.414   1.414   0.000
  
  26 3686.0  13/2-   9/2  29    1.88    3.47    3.47   14.29    3.49      10.65   10.65   -0.00    0.67      1.299   1.299  -0.000
  27 3713.1   1/2-   1/2  26    0.50    4.89    4.89    0.25    0.68       4.80    4.80    0.00   -3.05      0.585   0.585   0.000
  28 4120.8  11/2-  -7/2  28   -2.15    2.47    2.47   10.90    2.61      10.19   10.19    0.00   -0.05      1.243   1.243   0.000
  29 4981.3  13/2-  -3/2  32   -1.13    1.96    1.96    4.33    1.45      18.35   18.35    0.00    0.31      2.237   2.237   0.000
  30 5158.4  13/2-   1/2  34    0.85    2.14    2.14    3.77    1.13      20.52   20.52    0.00   -0.03      2.502   2.502   0.000
  
  31 8130.3   1/2-   1/2  35    0.50   28.77   28.77    0.25   -4.07      32.80   32.80   -0.00   -7.57      3.999   3.999  -0.000
  32*******   1/2-  -3/2  32    0.00    0.00    0.00    0.00   -0.00       0.00    0.00   -0.00   -0.00      0.000   0.000  -0.000
