1SPECTRUM OF (Z= 82 A=207) IN PARTICLE-ROTOR  MODEL WITH MODIFIED OSCILLATOR POTENTIAL


 PARITY=-   EPS= 0.295   GAMMA=  0.0   EPS4=0.000   EPS6=0.000   LEVELS:  26  27  28  29  30  31  32  33  34  35  36  37  38  39  40

 PAIRING FACTORS: GN0= 19.20  GN1=  7.40  IPAIR= 15 ***  E2PLUS(INPUT)=   0.730  E2PLUR(INPUT)=   0.000

 CORIOLIS ATTENUATION PARAMETERS:  CHSI=1.000  ETA=  1.00

 MOMENT OF INERTIA PARAMETERS:   A1=  0.122 MEV   A2=  0.122 MEV   A3=121.91924 MEV


 DELTA=0.951 MEV  LAMBDA=53.2904 MEV   HW0= 7.4889 MEV   LAMBDA/HW0= 7.1160

 E2ENERGY=0.730 MEV  HBAR**2/B=16136./A**(7/3)=2727.8/A**2 MEV

 IREC=0  =>  RECOIL TERMS j+j-, j+j+, jzjz, ETC TREATED AS ONE-BODY OPERATORS WITH UU+VV PAIRING FACTORS



 S. P. LEVEL   EQP       U     V        (UU + VV)**1.00

     26       3.433    0.140 0.990      1.000 1.000 0.981 0.971 0.964 0.939 0.880 0.797 0.486 0.377 0.348 0.323 0.301 0.280 0.255
     27       2.879    0.167 0.986      1.000 1.000 0.986 0.977 0.971 0.948 0.892 0.813 0.510 0.402 0.374 0.349 0.328 0.306 0.282
     28       1.521    0.331 0.944      0.981 0.986 1.000 0.999 0.997 0.988 0.956 0.900 0.648 0.551 0.525 0.502 0.482 0.463 0.439
     29       1.375    0.373 0.928      0.971 0.977 0.999 1.000 1.000 0.994 0.968 0.918 0.681 0.587 0.562 0.540 0.521 0.501 0.479
     30       1.298    0.399 0.917      0.964 0.971 0.997 1.000 1.000 0.997 0.975 0.929 0.702 0.611 0.586 0.564 0.545 0.526 0.504
     31       1.143    0.472 0.882      0.939 0.948 0.988 0.994 0.997 1.000 0.990 0.956 0.757 0.672 0.649 0.629 0.611 0.593 0.572
     32       0.995    0.594 0.804      0.880 0.892 0.956 0.968 0.975 0.990 1.000 0.988 0.843 0.772 0.752 0.735 0.719 0.703 0.684
     33       0.951    0.710 0.704      0.797 0.813 0.900 0.918 0.929 0.956 0.988 1.000 0.915 0.860 0.844 0.829 0.816 0.803 0.787
     34       1.420    0.933 0.359      0.486 0.510 0.648 0.681 0.702 0.757 0.843 0.915 1.000 0.993 0.989 0.984 0.980 0.975 0.969
     35       2.014    0.970 0.243      0.377 0.402 0.551 0.587 0.611 0.672 0.772 0.860 0.993 1.000 1.000 0.998 0.997 0.995 0.992
     36       2.279    0.977 0.214      0.348 0.374 0.525 0.562 0.586 0.649 0.752 0.844 0.989 1.000 1.000 1.000 0.999 0.997 0.995
     37       2.579    0.982 0.188      0.323 0.349 0.502 0.540 0.564 0.629 0.735 0.829 0.984 0.998 1.000 1.000 1.000 0.999 0.997
     38       2.922    0.986 0.165      0.301 0.328 0.482 0.521 0.545 0.611 0.719 0.816 0.980 0.997 0.999 1.000 1.000 1.000 0.999
     39       3.365    0.990 0.143      0.280 0.306 0.463 0.501 0.526 0.593 0.703 0.803 0.975 0.995 0.997 0.999 1.000 1.000 1.000
     40       4.089    0.993 0.117      0.255 0.282 0.439 0.479 0.504 0.572 0.684 0.787 0.969 0.992 0.995 0.997 0.999 1.000 1.000

  R CORE   ENERGY   A0R/A00=1.000    R3= 0     2  
   2( 1)    0.732                    1.000 0.000
   2( 2)  487.921                    0.000 1.000

  R CORE   ENERGY   A0R/A00=1.000    R3= 0     2  
   3( 1)  488.652                    0.000 1.000

  R CORE   ENERGY   A0R/A00=1.000    R3= 0     2     4  
   4( 1)    2.438                    1.000 0.000 0.000

  R CORE   ENERGY   A0R/A00=1.000    R3= 0     2     4  
   5( 1)  490.847                    0.000 1.000 0.000

  R CORE   ENERGY   A0R/A00=1.000    R3= 0     2     4     6  
   6( 1)    5.121                    1.000 0.000 0.000 0.000

  R CORE   ENERGY   A0R/A00=1.000    R3= 0     2     4     6  
   7( 1)  494.017                    0.000 1.000 0.000 0.000

          AXIAL SYMMETRY => K RESTRICTED TO OMEGA

                     K
     S.P. ORB#: 26  2.50
     S.P. ORB#: 27 -3.50
     S.P. ORB#: 28  0.50
     S.P. ORB#: 29 -1.50
     S.P. ORB#: 30 -3.50
     S.P. ORB#: 31  0.50
     S.P. ORB#: 32  4.50
     S.P. ORB#: 33 -1.50
     S.P. ORB#: 34  2.50
     S.P. ORB#: 35 -1.50
     S.P. ORB#: 36  2.50
     S.P. ORB#: 37 -3.50
     S.P. ORB#: 38  0.50
     S.P. ORB#: 39  0.50
     S.P. ORB#: 40  4.50
 

             ENERGY    K= OMEGA
 
 I=  1/2- (1)  2.714  28: 0.996
                      38: 0.085
 
 I=  1/2- (2)  3.256  28: 0.085
                      38:-0.996
 
 I=  1/2- (3)  6.303  31: 0.588
                      39:-0.809
 
 I=  1/2- (4)  9.065  31:-0.809
                      39:-0.588
 
 I=  1/2- (5)147.254  33: 1.000

             ENERGY    K= OMEGA
 
 I=  3/2- (1)  2.469  28: 0.406
                      29: 0.205
                      35: 0.883
                      38:-0.120
 
 I=  3/2- (2)  2.583  28:-0.394
                      29: 0.917
 
 I=  3/2- (3)  3.142  28: 0.778
                      29: 0.301
                      35:-0.467
                      38:-0.293
 
 I=  3/2- (4)  4.022  28:-0.273
                      29:-0.161
                      38:-0.948
 
 I=  3/2- (5)  4.757  31:-0.811
                      33:-0.377
                      39: 0.447

             ENERGY    K= OMEGA
 
 I=  5/2- (1)  2.625  28: 0.309
                      29: 0.519
                      35:-0.364
                      36:-0.695
                      38: 0.141
 
 I=  5/2- (2)  3.058  26:-0.059
                      28: 0.230
                      29:-0.495
                      35:-0.813
                      36: 0.129
                      38:-0.145
 
 I=  5/2- (3)  3.265  28:-0.510
                      29:-0.440
                      35: 0.076
                      36:-0.661
                      38:-0.322
 
 I=  5/2- (4)  4.064  28:-0.438
                      29: 0.536
                      35:-0.303
                      36: 0.242
                      38:-0.608
 
 I=  5/2- (5)  4.254  28:-0.632
                      29: 0.058
                      35:-0.324
                      36: 0.074
                      38: 0.697

             ENERGY    K= OMEGA
 
 I=  7/2- (1)  2.067  26:-0.211
                      27: 0.060
                      30: 0.975
 
 I=  7/2- (2)  3.199  28: 0.378
                      29:-0.489
                      35: 0.446
                      36:-0.645
 
 I=  7/2- (3)  3.249  31:-0.737
                      33:-0.570
                      34:-0.334
                      37:-0.133
 
 I=  7/2- (4)  3.756  26: 0.054
                      28:-0.425
                      29:-0.474
                      35:-0.647
                      36:-0.340
                      38: 0.238
 
 I=  7/2- (5)  4.233  26: 0.073
                      27: 0.154
                      28: 0.528
                      29:-0.565
                      35:-0.227
                      36: 0.567

             ENERGY    K= OMEGA
 
 I=  9/2- (1)  1.830  26: 0.065
                      27:-0.221
                      30: 0.189
                      32: 0.955
 
 I=  9/2- (2)  2.986  26: 0.289
                      27: 0.092
                      30: 0.933
                      32:-0.183
 
 I=  9/2- (3)  3.977  28:-0.379
                      29:-0.550
                      35: 0.390
                      36: 0.592
                      38:-0.218
 
 I=  9/2- (4)  4.274  31:-0.214
                      33: 0.551
                      34:-0.629
                      37: 0.461
                      40:-0.206
 
 I=  9/2- (5)  4.887  26: 0.079
                      28:-0.201
                      29: 0.510
                      30:-0.066
                      35: 0.775
                      36:-0.061
                      38: 0.287

             ENERGY    K= OMEGA
 
 I= 11/2- (1)  2.406  31:-0.666
                      33:-0.569
                      34:-0.405
                      37:-0.239
                      40:-0.100
 
 I= 11/2- (2)  2.865  26:-0.110
                      27:-0.298
                      30: 0.262
                      32:-0.911
 
 I= 11/2- (3)  4.134  26:-0.339
                      27: 0.126
                      30: 0.892
                      32: 0.256
                      36: 0.061
 
 I= 11/2- (4)  5.091  28:-0.427
                      29: 0.494
                      35:-0.469
                      36: 0.590
 
 I= 11/2- (5)  5.746  31:-0.496
                      33:-0.068
                      34: 0.433
                      37: 0.617
                      39: 0.071
                      40: 0.420

             ENERGY    K= OMEGA
 
 I= 13/2- (1)  4.108  31:-0.182
                      33: 0.488
                      34:-0.613
                      37: 0.521
                      40:-0.284
 
 I= 13/2- (2)  4.120  26: 0.150
                      27:-0.346
                      30: 0.313
                      32: 0.871
 
 I= 13/2- (3)  5.515  26: 0.373
                      27: 0.158
                      29: 0.067
                      30: 0.854
                      32:-0.307
                      36:-0.078
 
 I= 13/2- (4)  6.321  28:-0.410
                      29:-0.552
                      30: 0.056
                      32:-0.057
                      35: 0.391
                      36: 0.542
                      38:-0.267
 
 I= 13/2- (5)  7.659  26: 0.076
                      27:-0.054
                      28:-0.114
                      29: 0.470
                      30:-0.094
                      35: 0.734
                      36: 0.084
                      38: 0.450

             ENERGY     K= 9/2
  35 LEVELS    TIME=  0.0 SEC



 ******************* EXCITATION ENERGIES, DOMINANT CONFIGURATION AND EXPECTATION VALUES (WITH S.P. UU+VV FACTORS) *******************

  NR  Eex(keV)  I   Kdom  NY    <Jz>  <Jx**2> <Jy**2> <Jz**2> <I.j>/|I|  <Rx**2> <Ry**2> <Rz**2> <R.j>/|R|  <HROTx> <HROTy> <HROTz>

   1    0.0   9/2-   9/2  32    3.82    2.57    2.57   19.51    4.37       2.96    2.96    0.00   -1.20      0.361   0.361   0.000
   2  237.2   7/2-  -7/2  30   -3.23    2.31    2.31   11.97    3.39       2.74    2.74    0.00   -1.35      0.334   0.334   0.000
   3  576.6  11/2-   1/2  31   -0.01   25.43   25.43    2.77    6.68       4.77    4.77    0.00   -4.44      0.582   0.582   0.000
   4  638.8   3/2-  -3/2  35   -1.14    2.13    2.13    1.89    1.39       2.25    2.25   -0.00   -1.63      0.275   0.275  -0.000
   5  753.5   3/2-  -3/2  29   -1.19    4.58    4.58    1.94    1.33       4.85    4.85    0.00   -2.74      0.591   0.591   0.000
  
   6  794.8   5/2-   5/2  36    0.66    2.94    2.94    3.95    2.19       2.81    2.81    0.00   -1.41      0.342   0.342   0.000
   7  883.9   1/2-   1/2  28    0.50    4.57    4.57    0.25    0.26       4.85    4.85    0.00   -2.95      0.591   0.591   0.000
   8 1035.4  11/2-   9/2  32    3.21    2.82    2.82   18.81    3.90       6.78    6.78    0.00   -0.31      0.826   0.826   0.000
   9 1156.0   9/2-  -7/2  30   -2.72    2.43    2.43   11.98    2.94       6.17    6.17    0.00   -0.63      0.752   0.752   0.000
  10 1227.9   5/2-  -3/2  35   -1.27    2.21    2.21    2.18    0.93       4.91    4.91   -0.00   -1.22      0.599   0.599  -0.000
  
  11 1312.5   3/2-   1/2  28   -0.12    3.70    3.70    0.87    0.13       5.77    5.77   -0.00   -2.36      0.704   0.704  -0.000
  12 1369.4   7/2-   5/2  36    0.45    3.01    3.01    3.66    1.86       5.32    5.32    0.00   -0.70      0.648   0.648   0.000
  13 1419.2   7/2-   1/2  31    0.00   24.89   24.89    1.78    6.30       8.65    8.65    0.00   -6.39      1.055   1.055   0.000
  14 1425.8   1/2-   1/2  38    0.50    1.50    1.50    0.25    0.68       1.41    1.41   -0.00   -1.59      0.172   0.172  -0.000
  15 1435.4   5/2-   5/2  36    0.97    3.09    3.09    3.27    1.28       5.31    5.31    0.00   -1.74      0.647   0.647   0.000
  
  16 1926.2   7/2-  -3/2  35   -0.56    2.56    2.56    2.27    0.96       7.75    7.75    0.00   -0.91      0.945   0.945   0.000
  17 2147.0   9/2-   5/2  36    0.29    3.22    3.22    3.32    1.74       8.57    8.57    0.00   -0.26      1.045   1.045   0.000
  18 2192.0   3/2-   1/2  38    0.45    1.94    1.94    0.30   -0.59       5.11    5.11   -0.00   -1.67      0.623   0.623  -0.000
  19 2234.3   5/2-   1/2  38   -0.14    3.26    3.26    1.36    0.07       8.11    8.11    0.00   -1.91      0.989   0.989   0.000
  20 2277.9  13/2-   5/2  34    0.01   24.71   24.71    7.85    6.25       9.34    9.34   -0.00   -3.15      1.139   1.139  -0.000
  
  21 2290.0  13/2-   9/2  32    2.71    3.03    3.03   18.18    3.57      11.54   11.54    0.00    0.15      1.407   1.407   0.000
  22 2304.0  11/2-  -7/2  30   -2.25    2.53    2.53   12.03    2.65      10.58   10.58    0.00   -0.27      1.290   1.290   0.000
  23 2403.0   7/2-   5/2  36    0.32    3.43    3.43    3.24    0.73      10.04   10.04    0.00   -1.61      1.223   1.223   0.000
  24 2424.6   5/2-   1/2  38    0.30    2.60    2.60    0.51   -0.32       8.18    8.18   -0.00   -1.65      0.998   0.998  -0.000
  25 2444.1   9/2-   5/2  34    0.00   24.99   24.99    6.63    5.99      10.87   10.87    0.00   -5.75      1.325   1.325   0.000
  
  26 2927.2   3/2-   1/2  31    0.22   19.22   19.22    0.53    4.26      13.11   13.11    0.00   -6.00      1.599   1.599   0.000
  27 3056.8   9/2-  -3/2  35   -1.23    2.21    2.21    2.10    0.69      12.21   12.21   -0.00   -0.63      1.488   1.488  -0.000
  28 3261.7  11/2-   5/2  36    0.27    3.15    3.15    3.34    1.58      13.25   13.25    0.00   -0.04      1.615   1.615   0.000
  29 3685.3  13/2-  -7/2  30   -1.86    2.62    2.62   12.07    2.44      16.00   16.00    0.00   -0.05      1.951   1.951   0.000
  30 3915.8  11/2-  -7/2  37    0.05   23.45   23.45    9.49    5.32      14.24   14.24   -0.00   -4.60      1.737   1.737  -0.000
  
  31 4473.4   1/2-   1/2  39    0.50   12.97   12.97    0.25   -2.00      15.20   15.20    0.00   -5.06      1.854   1.854   0.000
  32 4491.7  13/2-  -3/2  29    0.17    3.31    3.31    3.05    1.57      18.23   18.23    0.00    0.22      2.223   2.223   0.000
  33 5828.9  13/2-  -3/2  35   -1.04    2.05    2.05    1.99    0.64      22.98   22.98   -0.00   -0.24      2.801   2.801  -0.000
  34 7235.1   1/2-   1/2  31    0.50   25.73   25.73    0.25   -3.58      29.34   29.34    0.00   -7.16      3.577   3.577   0.000
  35*******   1/2-  -3/2  33    0.00    0.00    0.00    0.00   -0.00       0.00    0.00    0.00   -0.00      0.000   0.000   0.000
  
