1SPECTRUM OF (Z= 82 A=207) IN PARTICLE-ROTOR  MODEL WITH MODIFIED OSCILLATOR POTENTIAL


 PARITY=-   EPS= 0.327   GAMMA=  0.0   EPS4=0.000   EPS6=0.000   LEVELS:  25  26  27  28  29  30  31  32  33  34  35  36  37  38  39

 PAIRING FACTORS: GN0= 19.20  GN1=  7.40  IPAIR= 15 ***  E2PLUS(INPUT)=   0.730  E2PLUR(INPUT)=   0.000

 CORIOLIS ATTENUATION PARAMETERS:  CHSI=1.000  ETA=  1.00

 MOMENT OF INERTIA PARAMETERS:   A1=  0.122 MEV   A2=  0.122 MEV   A3=121.91923 MEV


 DELTA=0.924 MEV  LAMBDA=53.3158 MEV   HW0= 7.5078 MEV   LAMBDA/HW0= 7.1014

 E2ENERGY=0.730 MEV  HBAR**2/B=19827./A**(7/3)=3351.7/A**2 MEV

 IREC=0  =>  RECOIL TERMS j+j-, j+j+, jzjz, ETC TREATED AS ONE-BODY OPERATORS WITH UU+VV PAIRING FACTORS



 S. P. LEVEL   EQP       U     V        (UU + VV)**1.00

     25       4.169    0.112 0.994      1.000 0.999 0.998 0.982 0.965 0.948 0.919 0.890 0.709 0.550 0.305 0.301 0.281 0.281 0.248
     26       3.201    0.146 0.989      0.999 1.000 0.999 0.988 0.973 0.959 0.932 0.905 0.733 0.579 0.338 0.334 0.314 0.314 0.281
     27       2.644    0.178 0.984      0.998 0.999 1.000 0.992 0.980 0.967 0.943 0.918 0.755 0.604 0.368 0.364 0.345 0.345 0.312
     28       1.620    0.299 0.954      0.982 0.988 0.992 1.000 0.997 0.991 0.977 0.960 0.831 0.699 0.481 0.477 0.459 0.459 0.428
     29       1.345    0.370 0.929      0.965 0.973 0.980 0.997 1.000 0.998 0.990 0.979 0.870 0.751 0.545 0.542 0.524 0.524 0.495
     30       1.211    0.421 0.907      0.948 0.959 0.967 0.991 0.998 1.000 0.997 0.988 0.896 0.786 0.591 0.588 0.571 0.571 0.542
     31       1.076    0.494 0.869      0.919 0.932 0.943 0.977 0.990 0.997 1.000 0.998 0.930 0.835 0.656 0.653 0.637 0.637 0.610
     32       1.003    0.553 0.833      0.890 0.905 0.918 0.960 0.979 0.988 0.998 1.000 0.953 0.871 0.706 0.703 0.689 0.689 0.663
     33       0.947    0.780 0.626      0.709 0.733 0.755 0.831 0.870 0.896 0.930 0.953 1.000 0.979 0.888 0.886 0.876 0.876 0.859
     34       1.144    0.891 0.453      0.550 0.579 0.604 0.699 0.751 0.786 0.835 0.871 0.979 1.000 0.963 0.962 0.956 0.956 0.945
     35       2.398    0.980 0.197      0.305 0.338 0.368 0.481 0.545 0.591 0.656 0.706 0.888 0.963 1.000 1.000 1.000 1.000 0.998
     36       2.443    0.981 0.193      0.301 0.334 0.364 0.477 0.542 0.588 0.653 0.703 0.886 0.962 1.000 1.000 1.000 1.000 0.998
     37       2.719    0.985 0.173      0.281 0.314 0.345 0.459 0.524 0.571 0.637 0.689 0.876 0.956 1.000 1.000 1.000 1.000 0.999
     38       2.720    0.985 0.173      0.281 0.314 0.345 0.459 0.524 0.571 0.637 0.689 0.876 0.956 1.000 1.000 1.000 1.000 0.999
     39       3.375    0.990 0.138      0.248 0.281 0.312 0.428 0.495 0.542 0.610 0.663 0.859 0.945 0.998 0.998 0.999 0.999 1.000

  R CORE   ENERGY   A0R/A00=1.000    R3= 0     2  
   2( 1)    0.732                    1.000 0.000
   2( 2)  487.921                    0.000 1.000

  R CORE   ENERGY   A0R/A00=1.000    R3= 0     2  
   3( 1)  488.652                    0.000 1.000

  R CORE   ENERGY   A0R/A00=1.000    R3= 0     2     4  
   4( 1)    2.438                    1.000 0.000 0.000

  R CORE   ENERGY   A0R/A00=1.000    R3= 0     2     4  
   5( 1)  490.847                    0.000 1.000 0.000

  R CORE   ENERGY   A0R/A00=1.000    R3= 0     2     4     6  
   6( 1)    5.121                    1.000 0.000 0.000 0.000

  R CORE   ENERGY   A0R/A00=1.000    R3= 0     2     4     6  
   7( 1)  494.017                    0.000 1.000 0.000 0.000

          AXIAL SYMMETRY => K RESTRICTED TO OMEGA

                     K
     S.P. ORB#: 25  0.50
     S.P. ORB#: 26  2.50
     S.P. ORB#: 27 -3.50
     S.P. ORB#: 28  0.50
     S.P. ORB#: 29  0.50
     S.P. ORB#: 30 -1.50
     S.P. ORB#: 31 -1.50
     S.P. ORB#: 32 -3.50
     S.P. ORB#: 33  4.50
     S.P. ORB#: 34  2.50
     S.P. ORB#: 35 -3.50
     S.P. ORB#: 36 -1.50
     S.P. ORB#: 37  0.50
     S.P. ORB#: 38  2.50
     S.P. ORB#: 39  0.50
 

             ENERGY    K= OMEGA
 
 I=  1/2- (1)  2.574  29:-0.998
 
 I=  1/2- (2)  3.713  25:-0.071
                      39:-0.997
 
 I=  1/2- (3)  5.737  25: 0.997
                      39:-0.070
 
 I=  1/2- (4)  5.998  28:-0.428
                      37: 0.904
 
 I=  1/2- (5)  8.749  28: 0.904
                      37: 0.428

             ENERGY    K= OMEGA
 
 I=  3/2- (1)  2.431  25:-0.122
                      29: 0.055
                      30:-0.978
                      36:-0.141
                      39: 0.080
 
 I=  3/2- (2)  2.538  25:-0.166
                      29:-0.876
                      36:-0.435
                      39: 0.117

             ENERGY    K= OMEGA
 
 I=  5/2- (1)  2.486  25:-0.253
                      29: 0.454
                      30: 0.766
                      36:-0.140
                      38:-0.317
                      39: 0.151
 
 I=  5/2- (2)  3.295  26:-0.066
                      29: 0.520
                      30:-0.433
                      36:-0.732
 
 I=  5/2- (3)  3.446  25:-0.122
                      29: 0.394
                      30: 0.100
                      36: 0.210
                      38: 0.871
                      39: 0.127
 
 I=  5/2- (4)  4.196  29: 0.533
                      30:-0.405
                      36: 0.602
                      38:-0.373
                      39: 0.219
 
 I=  5/2- (5)  4.556  25:-0.165
                      26: 0.051
                      29: 0.200
                      36: 0.173
                      39:-0.948

             ENERGY    K= OMEGA
 
 I=  7/2- (1)  1.798  26:-0.197
                      27: 0.052
                      32: 0.978
 
 I=  7/2- (2)  3.308  25:-0.183
                      29: 0.094
                      30:-0.828
                      36: 0.101
                      38:-0.500
                      39: 0.096
 
 I=  7/2- (3)  3.415  25:-0.269
                      29:-0.800
                      30:-0.130
                      36:-0.479
                      38: 0.100
                      39: 0.169
 
 I=  7/2- (4)  3.459  28:-0.719
                      31:-0.581
                      34:-0.352
                      35:-0.147
 
 I=  7/2- (5)  4.368  26: 0.163
                      27: 0.520
                      29: 0.356
                      30:-0.365
                      36:-0.344
                      38: 0.570

             ENERGY    K= OMEGA
 
 I=  9/2- (1)  1.830  26:-0.072
                      27: 0.196
                      32:-0.228
                      33:-0.951
 
 I=  9/2- (2)  2.748  26:-0.269
                      27:-0.090
                      30:-0.052
                      32:-0.929
                      33: 0.225
 
 I=  9/2- (3)  3.473  25:-0.361
                      29: 0.491
                      30: 0.683
                      32:-0.065
                      36:-0.183
                      38:-0.302
                      39: 0.183
 
 I=  9/2- (4)  4.596  28: 0.230
                      31:-0.578
                      34: 0.660
                      35:-0.421
 
 I=  9/2- (5)  5.104  25:-0.062
                      26: 0.118
                      27:-0.105
                      29:-0.355
                      30: 0.444
                      32:-0.054
                      36: 0.781
                      38: 0.119
                      39: 0.142

             ENERGY    K= OMEGA
 
 I= 11/2- (1)  2.788  28:-0.684
                      31:-0.579
                      34:-0.393
                      35:-0.201
                      37:-0.056
 
 I= 11/2- (2)  2.912  26: 0.122
                      27: 0.266
                      32:-0.316
                      33: 0.902
 
 I= 11/2- (3)  3.930  26: 0.316
                      27:-0.130
                      30:-0.062
                      32:-0.881
                      33:-0.314
                      38:-0.061
 
 I= 11/2- (4)  5.143  25:-0.365
                      29:-0.335
                      30:-0.743
                      32: 0.091
                      36:-0.107
                      38:-0.383
                      39: 0.188
 
 I= 11/2- (5)  5.255  25: 0.156
                      29: 0.712
                      30:-0.302
                      36: 0.480
                      38:-0.365
                      39:-0.103

             ENERGY    K= OMEGA
 
 I= 13/2- (1)  4.213  26:-0.167
                      27: 0.311
                      32:-0.375
                      33:-0.857
 
 I= 13/2- (2)  4.968  28:-0.222
                      31: 0.561
                      34:-0.662
                      35: 0.444
 
 I= 13/2- (3)  5.278  25:-0.301
                      26: 0.248
                      27: 0.127
                      29: 0.341
                      30: 0.474
                      32: 0.583
                      33:-0.262
                      36:-0.103
                      38:-0.228
                      39: 0.139
 
 I= 13/2- (4)  5.427  25:-0.305
                      26:-0.242
                      27:-0.107
                      29: 0.368
                      30: 0.439
                      32:-0.606
                      33: 0.269
                      36:-0.155
                      38:-0.160
                      39: 0.140
 
 I= 13/2- (5)  7.859  25:-0.133
                      26: 0.130
                      27:-0.139
                      29:-0.155
                      30: 0.336
                      32:-0.079
                      33:-0.062
                      36: 0.772
                      38: 0.379
                      39: 0.244

             ENERGY     K= 1/2
  32 LEVELS    TIME=  0.0 SEC



 ******************* EXCITATION ENERGIES, DOMINANT CONFIGURATION AND EXPECTATION VALUES (WITH S.P. UU+VV FACTORS) *******************

  NR  Eex(keV)  I   Kdom  NY    <Jz>  <Jx**2> <Jy**2> <Jz**2> <I.j>/|I|  <Rx**2> <Ry**2> <Rz**2> <R.j>/|R|  <HROTx> <HROTy> <HROTz>

   1    0.0   7/2-  -7/2  32   -3.26    2.31    2.31   12.01    3.35       2.89    2.89    0.00   -1.39      0.352   0.352   0.000
   2   32.0   9/2-   9/2  33    3.76    2.54    2.54   19.45    4.29       3.30    3.30    0.00   -1.24      0.402   0.402   0.000
   3  633.2   3/2-  -3/2  30   -1.45    4.56    4.56    2.20    1.48       4.67    4.67    0.00   -2.77      0.569   0.569   0.000
   4  688.5   5/2-  -3/2  30   -0.51    4.71    4.71    2.07    2.27       3.42    3.42    0.00   -1.83      0.416   0.416   0.000
   5  740.2   3/2-   1/2  29    0.12    3.95    3.95    0.63    1.31       3.60    3.60    0.00   -2.23      0.439   0.439   0.000
  
   6  775.8   1/2-   1/2  29    0.50    4.77    4.77    0.25    0.31       5.00    5.00    0.00   -3.01      0.610   0.610   0.000
   7  950.3   9/2-  -7/2  32   -2.64    2.42    2.42   12.17    2.90       6.43    6.43    0.00   -0.71      0.784   0.784   0.000
   8  989.9  11/2-   1/2  28   -0.02   24.54   24.54    2.33    6.33       5.70    5.70    0.00   -4.01      0.695   0.695   0.000
   9 1114.5  11/2-   9/2  33    3.10    2.76    2.76   18.67    3.77       7.41    7.41    0.00   -0.42      0.903   0.903   0.000
  10 1497.0   5/2-  -3/2  36   -0.94    2.86    2.86    1.72    0.83       5.64    5.64    0.00   -1.48      0.688   0.688   0.000
  
  11 1510.5   7/2-  -3/2  30   -0.40    4.09    4.09    3.17    1.77       6.50    6.50    0.00   -1.19      0.793   0.793   0.000
  12 1617.2   7/2-   1/2  29    0.03    3.69    3.69    0.82    1.43       6.32    6.32    0.00   -0.72      0.770   0.770   0.000
  13 1647.8   5/2-   5/2  38    1.91    2.41    2.41    4.92    1.83       3.83    3.83    0.00   -1.56      0.467   0.467   0.000
  14 1660.9   7/2-   1/2  28   -0.01   24.12   24.12    1.93    6.17       8.47    8.47    0.00   -6.24      1.032   1.032   0.000
  15 1675.5   9/2-  -3/2  30   -0.33    4.91    4.91    1.85    2.35       6.54    6.54    0.00   -0.00      0.797   0.797   0.000
  
  16 1915.1   1/2-   1/2  39    0.50    1.51    1.51    0.25    0.72       1.38    1.38    0.00   -1.59      0.169   0.169   0.000
  17 2131.9  11/2-  -7/2  32   -2.08    2.51    2.51   12.37    2.61      10.98   10.98    0.00   -0.38      1.338   1.338   0.000
  18 2398.1   5/2-  -3/2  36   -0.27    3.33    3.33    2.15   -0.06       8.95    8.95    0.00   -2.12      1.091   1.091   0.000
  19 2415.4  13/2-   9/2  33    2.54    2.96    2.96   17.95    3.42      12.43   12.43    0.00    0.00      1.516   1.516   0.000
  20 2570.2   7/2-   5/2  38   -0.38    3.72    3.72    6.10    1.56       8.46    8.46    0.00   -1.79      1.032   1.032   0.000
  
  21 2758.4   5/2-   1/2  39    0.44    1.64    1.64    0.33    0.33       5.22    5.22    0.00   -0.82      0.636   0.636   0.000
  22 2797.8   9/2-   5/2  34   -0.01   24.69   24.69    5.66    5.36      13.23   13.23    0.00   -5.52      1.613   1.613   0.000
  23 3170.4  13/2-   5/2  34   -0.04   24.68   24.68    5.88    5.35      14.66   14.66    0.00   -3.31      1.787   1.787   0.000
  24 3306.5   9/2-  -3/2  36   -1.11    2.50    2.50    2.21    0.73      12.33   12.33    0.00   -0.72      1.503   1.503   0.000
  25 3345.0  11/2-  -3/2  30   -0.36    4.17    4.17    2.38    1.68      13.17   13.17    0.00   -0.13      1.606   1.606   0.000
  
  26 3456.7  11/2-   1/2  29    0.12    3.60    3.60    1.73    1.41      13.91   13.91    0.00   -0.10      1.696   1.696   0.000
  27 3480.3  13/2-  -7/2  32   -0.89    3.85    3.85    7.05    2.44      14.73   14.73    0.00    0.42      1.796   1.796   0.000
  28 3628.8  13/2-  -7/2  32   -0.99    3.85    3.85    7.18    2.34      15.48   15.48   -0.00    0.26      1.887   1.887  -0.000
  29 3938.9   1/2-   1/2  25    0.50    6.54    6.54    0.25    0.66       6.47    6.47    0.00   -3.55      0.789   0.789   0.000
  30 4200.1   1/2-   1/2  37    0.50   12.41   12.41    0.25   -1.57      14.27   14.27    0.00   -4.95      1.740   1.740   0.000
  
  31 6061.5  13/2-  -3/2  36   -0.68    2.16    2.16    3.01    0.81      22.37   22.37    0.00   -0.25      2.727   2.727   0.000
  32 6950.5   1/2-   1/2  28    0.50   24.83   24.83    0.25   -3.56      28.41   28.41    0.00   -7.03      3.464   3.464   0.000
