1SPECTRUM OF (Z= 82 A=207) IN PARTICLE-ROTOR  MODEL WITH MODIFIED OSCILLATOR POTENTIAL


 PARITY=-   EPS= 0.298   GAMMA=  0.0   EPS4=0.000   EPS6=0.000   LEVELS:  24  25  26  27  28  29  30  31  32  33  34  35  36  37  38

 PAIRING FACTORS: GN0= 19.20  GN1=  7.40  IPAIR= 15 ***  E2PLUS(INPUT)=   0.730  E2PLUR(INPUT)=   0.000

 CORIOLIS ATTENUATION PARAMETERS:  CHSI=1.000  ETA=  1.00

 MOMENT OF INERTIA PARAMETERS:   A1=  0.122 MEV   A2=  0.122 MEV   A3=121.91922 MEV


 DELTA=0.950 MEV  LAMBDA=53.2888 MEV   HW0= 7.4905 MEV   LAMBDA/HW0= 7.1141

 E2ENERGY=0.730 MEV  HBAR**2/B=16466./A**(7/3)=2783.5/A**2 MEV

 IREC=0  =>  RECOIL TERMS j+j-, j+j+, jzjz, ETC TREATED AS ONE-BODY OPERATORS WITH UU+VV PAIRING FACTORS



 S. P. LEVEL   EQP       U     V        (UU + VV)**1.00

     24       5.037    0.095 0.996      1.000 1.000 0.999 0.997 0.970 0.958 0.946 0.931 0.844 0.784 0.452 0.329 0.301 0.281 0.255
     25       4.120    0.116 0.993      1.000 1.000 1.000 0.999 0.975 0.963 0.953 0.938 0.856 0.797 0.471 0.349 0.321 0.301 0.276
     26       3.408    0.141 0.990      0.999 1.000 1.000 1.000 0.980 0.970 0.960 0.946 0.868 0.812 0.493 0.372 0.345 0.325 0.299
     27       2.854    0.169 0.986      0.997 0.999 1.000 1.000 0.985 0.976 0.968 0.955 0.882 0.828 0.517 0.398 0.371 0.352 0.326
     28       1.503    0.336 0.942      0.970 0.975 0.980 0.985 1.000 0.999 0.997 0.992 0.950 0.912 0.657 0.550 0.525 0.507 0.484
     29       1.358    0.378 0.926      0.958 0.963 0.970 0.976 0.999 1.000 0.999 0.997 0.963 0.930 0.690 0.587 0.563 0.546 0.523
     30       1.264    0.412 0.911      0.946 0.953 0.960 0.968 0.997 0.999 1.000 0.999 0.972 0.943 0.717 0.617 0.594 0.577 0.555
     31       1.176    0.453 0.892      0.931 0.938 0.946 0.955 0.992 0.997 0.999 1.000 0.982 0.957 0.747 0.652 0.629 0.613 0.591
     32       0.980    0.613 0.790      0.844 0.856 0.868 0.882 0.950 0.963 0.972 0.982 1.000 0.995 0.860 0.784 0.765 0.751 0.733
     33       0.951    0.692 0.722      0.784 0.797 0.812 0.828 0.912 0.930 0.943 0.957 0.995 1.000 0.908 0.844 0.828 0.816 0.800
     34       1.396    0.931 0.366      0.452 0.471 0.493 0.517 0.657 0.690 0.717 0.747 0.860 0.908 1.000 0.991 0.987 0.983 0.978
     35       2.056    0.971 0.238      0.329 0.349 0.372 0.398 0.550 0.587 0.617 0.652 0.784 0.844 0.991 1.000 1.000 0.999 0.997
     36       2.323    0.978 0.209      0.301 0.321 0.345 0.371 0.525 0.563 0.594 0.629 0.765 0.828 0.987 1.000 1.000 1.000 0.999
     37       2.566    0.982 0.188      0.281 0.301 0.325 0.352 0.507 0.546 0.577 0.613 0.751 0.816 0.983 0.999 1.000 1.000 1.000
     38       2.968    0.987 0.162      0.255 0.276 0.299 0.326 0.484 0.523 0.555 0.591 0.733 0.800 0.978 0.997 0.999 1.000 1.000

  R CORE   ENERGY   A0R/A00=1.000    R3= 0     2  
   2( 1)    0.732                    1.000 0.000
   2( 2)  487.921                    0.000 1.000

  R CORE   ENERGY   A0R/A00=1.000    R3= 0     2  
   3( 1)  488.652                    0.000 1.000

  R CORE   ENERGY   A0R/A00=1.000    R3= 0     2     4  
   4( 1)    2.438                    1.000 0.000 0.000

  R CORE   ENERGY   A0R/A00=1.000    R3= 0     2     4  
   5( 1)  490.847                    0.000 1.000 0.000

  R CORE   ENERGY   A0R/A00=1.000    R3= 0     2     4     6  
   6( 1)    5.121                    1.000 0.000 0.000 0.000

  R CORE   ENERGY   A0R/A00=1.000    R3= 0     2     4     6  
   7( 1)  494.017                    0.000 1.000 0.000 0.000

          AXIAL SYMMETRY => K RESTRICTED TO OMEGA

                     K
     S.P. ORB#: 24  2.50
     S.P. ORB#: 25  0.50
     S.P. ORB#: 26  2.50
     S.P. ORB#: 27 -3.50
     S.P. ORB#: 28  0.50
     S.P. ORB#: 29 -1.50
     S.P. ORB#: 30 -3.50
     S.P. ORB#: 31  0.50
     S.P. ORB#: 32  4.50
     S.P. ORB#: 33 -1.50
     S.P. ORB#: 34  2.50
     S.P. ORB#: 35 -1.50
     S.P. ORB#: 36  2.50
     S.P. ORB#: 37 -3.50
     S.P. ORB#: 38  0.50
 

             ENERGY    K= OMEGA
 
 I=  1/2- (1)  2.695  28:-0.997
                      38:-0.068
 
 I=  1/2- (2)  3.292  25:-0.068
                      28: 0.065
                      38:-0.996
 
 I=  1/2- (3)  5.622  25: 0.997
                      38:-0.065
 
 I=  1/2- (4)  8.111  31: 1.000
 
 I=  1/2- (5)147.254  33: 1.000

             ENERGY    K= OMEGA
 
 I=  3/2- (1)  2.426  25:-0.155
                      28:-0.467
                      29:-0.445
                      35:-0.737
                      38: 0.133
 
 I=  3/2- (2)  2.565  28: 0.450
                      29:-0.859
                      35: 0.242

             ENERGY    K= OMEGA
 
 I=  5/2- (1)  2.470  25: 0.227
                      28:-0.406
                      29:-0.674
                      35: 0.244
                      36: 0.495
                      38:-0.150
 
 I=  5/2- (2)  3.038  24: 0.060
                      25:-0.110
                      26: 0.064
                      28:-0.080
                      29: 0.495
                      35: 0.771
                      36: 0.332
                      38: 0.153
 
 I=  5/2- (3)  3.173  25: 0.129
                      28:-0.514
                      29:-0.054
                      35: 0.350
                      36:-0.762
                      38:-0.109
 
 I=  5/2- (4)  4.050  24:-0.060
                      25: 0.075
                      28: 0.434
                      29:-0.435
                      35: 0.294
                      36:-0.211
                      38: 0.694
 
 I=  5/2- (5)  4.194  25: 0.156
                      28:-0.573
                      29: 0.212
                      35:-0.365
                      36: 0.133
                      38: 0.672

             ENERGY    K= OMEGA
 
 I=  7/2- (1)  2.030  26:-0.211
                      27: 0.073
                      30: 0.973
 
 I=  7/2- (2)  3.190  24: 0.084
                      25:-0.093
                      27:-0.106
                      28: 0.237
                      29:-0.643
                      35: 0.304
                      36:-0.638
 
 I=  7/2- (3)  3.266  31:-0.732
                      33:-0.576
                      34:-0.338
                      37:-0.135
 
 I=  7/2- (4)  3.360  24:-0.061
                      25: 0.294
                      28: 0.634
                      29: 0.392
                      35: 0.556
                      38:-0.199
 
 I=  7/2- (5)  4.204  24:-0.145
                      27: 0.155
                      28:-0.510
                      29: 0.500
                      35: 0.250
                      36:-0.616

             ENERGY    K= OMEGA
 
 I=  9/2- (1)  1.798  24: 0.057
                      26:-0.060
                      27: 0.242
                      30:-0.178
                      32:-0.950
 
 I=  9/2- (2)  2.932  24:-0.067
                      26:-0.286
                      27:-0.123
                      29:-0.108
                      30:-0.924
                      32: 0.153
                      36: 0.073
 
 I=  9/2- (3)  3.419  24: 0.097
                      25:-0.343
                      27: 0.064
                      28: 0.455
                      29: 0.652
                      30:-0.135
                      32: 0.072
                      35:-0.226
                      36:-0.356
                      38: 0.185
 
 I=  9/2- (4)  4.487  31:-0.241
                      33: 0.600
                      34:-0.649
                      37: 0.400
 
 I=  9/2- (5)  4.792  24:-0.108
                      25: 0.136
                      26:-0.068
                      27:-0.056
                      28: 0.088
                      29:-0.382
                      30: 0.060
                      35:-0.773
                      36:-0.400
                      38:-0.216

             ENERGY    K= OMEGA
 
 I= 11/2- (1)  2.513  31:-0.693
                      33:-0.575
                      34:-0.389
                      37:-0.193
 
 I= 11/2- (2)  2.794  24: 0.100
                      26:-0.098
                      27:-0.341
                      30: 0.233
                      32:-0.899
 
 I= 11/2- (3)  4.053  24: 0.100
                      26: 0.336
                      27:-0.167
                      29:-0.125
                      30:-0.888
                      32:-0.186
                      36:-0.086
 
 I= 11/2- (4)  4.992  24:-0.162
                      25: 0.217
                      26: 0.059
                      27: 0.130
                      28:-0.055
                      29: 0.720
                      30:-0.147
                      32:-0.154
                      35:-0.175
                      36: 0.546
                      38:-0.103
 
 I= 11/2- (5)  5.174  25:-0.315
                      28:-0.710
                      29:-0.159
                      30: 0.069
                      35:-0.552
                      36: 0.153
                      38: 0.192

             ENERGY    K= OMEGA
 
 I= 13/2- (1)  3.982  24: 0.145
                      26:-0.126
                      27: 0.413
                      29: 0.068
                      30:-0.257
                      32:-0.847
 
 I= 13/2- (2)  4.726  31: 0.228
                      33:-0.579
                      34: 0.656
                      37:-0.427
 
 I= 13/2- (3)  5.180  24:-0.153
                      25: 0.354
                      26:-0.195
                      27:-0.127
                      28:-0.389
                      29:-0.568
                      30:-0.446
                      35: 0.142
                      36: 0.276
                      38:-0.168
 
 I= 13/2- (4)  5.502  25: 0.216
                      26: 0.323
                      27: 0.143
                      28:-0.270
                      29:-0.285
                      30: 0.748
                      32:-0.250
                      35: 0.159
                      36: 0.121
                      38:-0.102
 
 I= 13/2- (5)  7.503  24:-0.137
                      25: 0.140
                      27:-0.072
                      28: 0.097
                      29:-0.310
                      30: 0.092
                      32:-0.071
                      35:-0.761
                      36:-0.440
                      38:-0.251

             ENERGY     K= 1/2
  32 LEVELS    TIME=  0.0 SEC



 ******************* EXCITATION ENERGIES, DOMINANT CONFIGURATION AND EXPECTATION VALUES (WITH S.P. UU+VV FACTORS) *******************

  NR  Eex(keV)  I   Kdom  NY    <Jz>  <Jx**2> <Jy**2> <Jz**2> <I.j>/|I|  <Rx**2> <Ry**2> <Rz**2> <R.j>/|R|  <HROTx> <HROTy> <HROTz>

   1    0.0   9/2-   9/2  32    3.76    2.64    2.64   19.42    4.41       2.78    2.78   -0.00   -1.17      0.339   0.339  -0.000
   2  231.1   7/2-  -7/2  30   -3.22    2.29    2.29   11.96    3.39       2.69    2.69    0.00   -1.33      0.328   0.328   0.000
   3  627.1   3/2-  -3/2  35   -0.98    2.62    2.62    1.73    1.58       2.31    2.31    0.00   -1.82      0.281   0.281   0.000
   4  671.7   5/2-  -3/2  29   -0.04    4.10    4.10    2.76    2.46       2.57    2.57   -0.00   -1.62      0.313   0.313  -0.000
   5  714.1  11/2-   1/2  31   -0.01   25.11   25.11    2.27    6.47       5.44    5.44   -0.00   -4.19      0.663   0.663  -0.000
  
   6  766.1   3/2-  -3/2  29   -1.09    4.60    4.60    1.84    1.42       4.65    4.65   -0.00   -2.72      0.567   0.567  -0.000
   7  896.9   1/2-   1/2  28    0.50    4.65    4.65    0.25    0.35       4.85    4.85    0.00   -2.97      0.591   0.591   0.000
   8  995.1  11/2-   9/2  32    3.09    3.01    3.01   18.58    4.01       6.21    6.21    0.00   -0.18      0.757   0.757   0.000
   9 1133.7   9/2-  -7/2  30   -2.72    2.42    2.42   11.72    2.96       5.92    5.92    0.00   -0.53      0.722   0.722   0.000
  10 1239.5   5/2-  -3/2  35   -0.94    2.17    2.17    2.64    1.18       4.36    4.36    0.00   -1.18      0.532   0.532   0.000
  
  11 1374.2   5/2-   5/2  36    1.41    2.71    2.71    3.99    1.60       4.36    4.36    0.00   -1.59      0.531   0.531   0.000
  12 1391.1   7/2-  -3/2  29    0.26    3.48    3.48    3.91    2.01       5.32    5.32    0.00   -0.88      0.648   0.648   0.000
  13 1467.5   7/2-   1/2  31   -0.01   25.11   25.11    1.82    6.35       8.67    8.67   -0.00   -6.44      1.057   1.057  -0.000
  14 1493.2   1/2-   1/2  38    0.50    1.45    1.45    0.25    0.72       1.33    1.33    0.00   -1.55      0.163   0.163   0.000
  15 1561.9   7/2-   1/2  28   -0.43    3.28    3.28    1.25    1.51       5.77    5.77   -0.00   -0.53      0.703   0.703  -0.000
  
  16 1621.0   9/2-  -3/2  29   -0.24    4.69    4.69    2.40    2.47       5.96    5.96    0.00    0.15      0.727   0.727   0.000
  17 2183.1  13/2-   9/2  32    2.49    3.40    3.40   17.69    3.76      10.38   10.38   -0.00    0.38      1.266   1.266  -0.000
  18 2251.9   5/2-   1/2  38    0.04    2.87    2.87    1.09    0.20       7.21    7.21   -0.00   -1.65      0.879   0.879  -0.000
  19 2254.7  11/2-  -7/2  30   -2.40    2.53    2.53   11.55    2.69      10.08   10.08    0.00   -0.11      1.229   1.229   0.000
  20 2396.0   5/2-   1/2  38    0.18    2.72    2.72    0.72   -0.09       7.72    7.72   -0.00   -1.63      0.941   0.941  -0.000
  
  21 2405.9   7/2-   5/2  36    0.58    3.20    3.20    3.59    0.89       9.35    9.35    0.00   -1.50      1.140   1.140   0.000
  22 2688.1   9/2-   5/2  34   -0.02   25.20   25.20    5.42    5.56      12.62   12.62    0.00   -5.60      1.538   1.538   0.000
  23 2927.8  13/2-   5/2  34   -0.04   25.16   25.16    5.69    5.58      13.44   13.44    0.00   -3.29      1.639   1.639   0.000
  24 2993.3   9/2-  -3/2  35   -0.66    2.05    2.05    2.89    0.98      10.99   10.99    0.00   -0.45      1.339   1.339   0.000
  25 3193.6  11/2-  -3/2  29   -0.00    4.03    4.03    4.25    1.92      12.55   12.55    0.00   -0.16      1.530   1.530   0.000
  
  26 3376.0  11/2-   1/2  28   -0.13    3.28    3.28    1.12    1.46      13.00   13.00   -0.00    0.20      1.585   1.585  -0.000
  27 3381.3  13/2-  -3/2  29   -0.77    4.37    4.37    4.34    2.58      12.92   12.92    0.00    0.96      1.576   1.576   0.000
  28 3704.0  13/2-  -7/2  30   -1.54    3.18    3.18    9.40    2.40      15.52   15.52    0.00    0.17      1.892   1.892   0.000
  29 3824.0   1/2-   1/2  25    0.50    6.29    6.29    0.25    0.68       6.20    6.20   -0.00   -3.47      0.756   0.756  -0.000
  30 5704.2  13/2-  -3/2  35   -0.45    2.01    2.01    3.15    0.88      21.81   21.81    0.00   -0.15      2.659   2.659   0.000
  
  31 6312.6   1/2-   1/2  31    0.50   24.75   24.75    0.25   -3.69      28.44   28.44    0.00   -7.02      3.467   3.467   0.000
  32*******   1/2-  -3/2  33    0.00    0.00    0.00    0.00   -0.00       0.00    0.00    0.00   -0.00      0.000   0.000   0.000
