1SPECTRUM OF (Z= 82 A=207) IN PARTICLE-ROTOR  MODEL WITH MODIFIED OSCILLATOR POTENTIAL


 PARITY=-   EPS= 0.288   GAMMA=  0.0   EPS4=0.000   EPS6=0.000   LEVELS:  25  26  27  28  29  30  31  32  33  34  35  36  37  38  39

 PAIRING FACTORS: GN0= 19.20  GN1=  7.40  IPAIR= 15 ***  E2PLUS(INPUT)=   0.730  E2PLUR(INPUT)=   0.000

 CORIOLIS ATTENUATION PARAMETERS:  CHSI=1.000  ETA=  1.00

 MOMENT OF INERTIA PARAMETERS:   A1=  0.122 MEV   A2=  0.122 MEV   A3=121.91924 MEV


 DELTA=0.951 MEV  LAMBDA=53.2975 MEV   HW0= 7.4850 MEV   LAMBDA/HW0= 7.1206

 E2ENERGY=0.730 MEV  HBAR**2/B=15379./A**(7/3)=2599.9/A**2 MEV

 IREC=0  =>  RECOIL TERMS j+j-, j+j+, jzjz, ETC TREATED AS ONE-BODY OPERATORS WITH UU+VV PAIRING FACTORS



 S. P. LEVEL   EQP       U     V        (UU + VV)**1.00

     25       4.115    0.116 0.993      1.000 1.000 0.999 0.978 0.968 0.966 0.910 0.894 0.746 0.451 0.368 0.336 0.299 0.285 0.252
     26       3.491    0.138 0.990      1.000 1.000 1.000 0.982 0.974 0.971 0.919 0.903 0.760 0.470 0.388 0.356 0.319 0.305 0.272
     27       2.939    0.164 0.986      0.999 1.000 1.000 0.987 0.979 0.977 0.929 0.914 0.777 0.493 0.412 0.381 0.344 0.331 0.298
     28       1.565    0.321 0.947      0.978 0.982 0.987 1.000 0.999 0.999 0.976 0.968 0.868 0.627 0.554 0.525 0.491 0.479 0.448
     29       1.416    0.360 0.933      0.968 0.974 0.979 0.999 1.000 1.000 0.985 0.977 0.888 0.659 0.588 0.560 0.527 0.515 0.485
     30       1.382    0.371 0.929      0.966 0.971 0.977 0.999 1.000 1.000 0.987 0.980 0.893 0.667 0.597 0.570 0.537 0.525 0.495
     31       1.074    0.518 0.856      0.910 0.919 0.929 0.976 0.985 0.987 1.000 0.999 0.955 0.780 0.720 0.697 0.668 0.657 0.630
     32       1.036    0.549 0.836      0.894 0.903 0.914 0.968 0.977 0.980 0.999 1.000 0.965 0.803 0.746 0.723 0.695 0.685 0.659
     33       0.958    0.748 0.663      0.746 0.760 0.777 0.868 0.888 0.893 0.955 0.965 1.000 0.931 0.894 0.878 0.859 0.851 0.832
     34       1.473    0.939 0.344      0.451 0.470 0.493 0.627 0.659 0.667 0.780 0.803 0.931 1.000 0.996 0.992 0.987 0.984 0.977
     35       1.912    0.966 0.257      0.368 0.388 0.412 0.554 0.588 0.597 0.720 0.746 0.894 0.996 1.000 0.999 0.997 0.996 0.993
     36       2.174    0.974 0.225      0.336 0.356 0.381 0.525 0.560 0.570 0.697 0.723 0.878 0.992 0.999 1.000 0.999 0.999 0.996
     37       2.606    0.983 0.186      0.299 0.319 0.344 0.491 0.527 0.537 0.668 0.695 0.859 0.987 0.997 0.999 1.000 1.000 0.999
     38       2.813    0.985 0.172      0.285 0.305 0.331 0.479 0.515 0.525 0.657 0.685 0.851 0.984 0.996 0.999 1.000 1.000 0.999
     39       3.492    0.990 0.138      0.252 0.272 0.298 0.448 0.485 0.495 0.630 0.659 0.832 0.977 0.993 0.996 0.999 0.999 1.000

  R CORE   ENERGY   A0R/A00=1.000    R3= 0     2  
   2( 1)    0.732                    1.000 0.000
   2( 2)  487.921                    0.000 1.000

  R CORE   ENERGY   A0R/A00=1.000    R3= 0     2  
   3( 1)  488.652                    0.000 1.000

  R CORE   ENERGY   A0R/A00=1.000    R3= 0     2     4  
   4( 1)    2.438                    1.000 0.000 0.000

  R CORE   ENERGY   A0R/A00=1.000    R3= 0     2     4  
   5( 1)  490.847                    0.000 1.000 0.000

  R CORE   ENERGY   A0R/A00=1.000    R3= 0     2     4     6  
   6( 1)    5.121                    1.000 0.000 0.000 0.000

  R CORE   ENERGY   A0R/A00=1.000    R3= 0     2     4     6  
   7( 1)  494.017                    0.000 1.000 0.000 0.000

          AXIAL SYMMETRY => K RESTRICTED TO OMEGA

                     K
     S.P. ORB#: 25  0.50
     S.P. ORB#: 26  2.50
     S.P. ORB#: 27 -3.50
     S.P. ORB#: 28  0.50
     S.P. ORB#: 29 -1.50
     S.P. ORB#: 30 -3.50
     S.P. ORB#: 31  0.50
     S.P. ORB#: 32  4.50
     S.P. ORB#: 33 -1.50
     S.P. ORB#: 34  2.50
     S.P. ORB#: 35 -1.50
     S.P. ORB#: 36  2.50
     S.P. ORB#: 37 -3.50
     S.P. ORB#: 38  0.50
     S.P. ORB#: 39  0.50
 

             ENERGY    K= OMEGA
 
 I=  1/2- (1)  2.744  28:-0.995
                      38:-0.097
 
 I=  1/2- (2)  3.133  25:-0.067
                      28: 0.094
                      38:-0.993
 
 I=  1/2- (3)  5.592  25: 0.997
                      38:-0.063
 
 I=  1/2- (4)  6.340  31:-0.614
                      39: 0.789
 
 I=  1/2- (5)  9.187  31: 0.789
                      39: 0.614

             ENERGY    K= OMEGA
 
 I=  3/2- (1)  2.344  25:-0.122
                      28:-0.416
                      29:-0.287
                      35:-0.846
                      38: 0.115
 
 I=  3/2- (2)  2.604  25: 0.061
                      28:-0.342
                      29: 0.923
                      35:-0.161

             ENERGY    K= OMEGA
 
 I=  5/2- (1)  2.442  25:-0.198
                      28: 0.368
                      29: 0.582
                      35:-0.320
                      36:-0.605
                      38: 0.135
 
 I=  5/2- (2)  2.960  25: 0.126
                      26:-0.054
                      29:-0.537
                      35:-0.797
                      36:-0.150
                      38:-0.181
 
 I=  5/2- (3)  3.084  25: 0.161
                      28:-0.503
                      29:-0.200
                      35: 0.308
                      36:-0.749
                      38:-0.158
 
 I=  5/2- (4)  3.949  25:-0.146
                      28:-0.129
                      29: 0.334
                      35:-0.074
                      36: 0.127
                      38:-0.910
 
 I=  5/2- (5)  4.161  25:-0.104
                      28: 0.738
                      29:-0.405
                      35: 0.399
                      36:-0.183
                      38:-0.294

             ENERGY    K= OMEGA
 
 I=  7/2- (1)  2.146  26:-0.213
                      27: 0.062
                      30: 0.974
 
 I=  7/2- (2)  3.141  28: 0.316
                      29:-0.476
                      35: 0.447
                      36:-0.686
 
 I=  7/2- (3)  3.224  31:-0.741
                      33:-0.568
                      34:-0.332
                      37:-0.131
 
 I=  7/2- (4)  3.358  25:-0.297
                      28:-0.547
                      29:-0.499
                      35:-0.515
                      36:-0.229
                      38: 0.207
 
 I=  7/2- (5)  4.216  26: 0.065
                      27: 0.127
                      28: 0.539
                      29:-0.609
                      35:-0.209
                      36: 0.524

             ENERGY    K= OMEGA
 
 I=  9/2- (1)  1.862  26:-0.065
                      27: 0.225
                      30:-0.185
                      32:-0.954
 
 I=  9/2- (2)  3.059  26:-0.291
                      27:-0.094
                      29:-0.067
                      30:-0.930
                      32: 0.177
                      36: 0.065
 
 I=  9/2- (3)  3.457  25:-0.339
                      28: 0.461
                      29: 0.622
                      30:-0.082
                      35:-0.272
                      36:-0.409
                      38: 0.189
 
 I=  9/2- (4)  4.466  31: 0.240
                      33:-0.605
                      34: 0.647
                      37:-0.396
 
 I=  9/2- (5)  4.702  25: 0.190
                      26:-0.079
                      27: 0.080
                      28:-0.054
                      29:-0.388
                      35:-0.715
                      36:-0.458
                      38:-0.274

             ENERGY    K= OMEGA
 
 I= 11/2- (1)  2.429  31:-0.690
                      33:-0.578
                      34:-0.390
                      37:-0.192
 
 I= 11/2- (2)  2.889  26: 0.109
                      27: 0.303
                      30:-0.256
                      32: 0.911
 
 I= 11/2- (3)  4.201  26: 0.343
                      27:-0.126
                      29:-0.068
                      30:-0.890
                      32:-0.249
                      36:-0.070
 
 I= 11/2- (4)  5.040  25:-0.052
                      28: 0.340
                      29:-0.527
                      35: 0.445
                      36:-0.631
 
 I= 11/2- (5)  5.183  25:-0.385
                      28:-0.595
                      29:-0.479
                      30: 0.097
                      35:-0.420
                      36:-0.175
                      38: 0.227

             ENERGY    K= OMEGA
 
 I= 13/2- (1)  4.135  26:-0.149
                      27: 0.352
                      30:-0.305
                      32:-0.872
 
 I= 13/2- (2)  4.655  31:-0.226
                      33: 0.584
                      34:-0.655
                      37: 0.422
 
 I= 13/2- (3)  5.331  25:-0.410
                      26: 0.081
                      28: 0.472
                      29: 0.606
                      30: 0.182
                      35:-0.217
                      36:-0.333
                      38: 0.200
 
 I= 13/2- (4)  5.596  25:-0.091
                      26:-0.370
                      27:-0.149
                      28: 0.126
                      29: 0.106
                      30:-0.837
                      32: 0.300
                      35:-0.108
 
 I= 13/2- (5)  7.396  25: 0.201
                      26:-0.077
                      27: 0.083
                      28:-0.061
                      29:-0.272
                      30: 0.063
                      32: 0.052
                      35:-0.686
                      36:-0.545
                      38:-0.308

             ENERGY     K= 1/2
  32 LEVELS    TIME=  0.0 SEC



 ******************* EXCITATION ENERGIES, DOMINANT CONFIGURATION AND EXPECTATION VALUES (WITH S.P. UU+VV FACTORS) *******************

  NR  Eex(keV)  I   Kdom  NY    <Jz>  <Jx**2> <Jy**2> <Jz**2> <I.j>/|I|  <Rx**2> <Ry**2> <Rz**2> <R.j>/|R|  <HROTx> <HROTy> <HROTz>

   1    0.0   9/2-   9/2  32    3.81    2.58    2.58   19.51    4.38       2.90    2.90    0.00   -1.19      0.354   0.354   0.000
   2  283.4   7/2-  -7/2  30   -3.22    2.31    2.31   11.96    3.39       2.71    2.71    0.00   -1.34      0.331   0.331   0.000
   3  482.0   3/2-  -3/2  35   -1.10    2.20    2.20    1.85    1.55       2.00    2.00    0.00   -1.62      0.244   0.244   0.000
   4  566.2  11/2-   1/2  31   -0.01   25.70   25.70    2.27    6.61       5.21    5.21    0.00   -4.39      0.636   0.636   0.000
   5  579.6   5/2-   5/2  36    0.35    3.55    3.55    3.33    2.49       2.24    2.24    0.00   -1.46      0.273   0.273   0.000
  
   6  741.5   3/2-  -3/2  29   -1.25    4.62    4.62    2.00    1.45       4.69    4.69    0.00   -2.75      0.572   0.572   0.000
   7  881.3   1/2-   1/2  28    0.50    4.60    4.60    0.25    0.38       4.77    4.77   -0.00   -2.95      0.582   0.582  -0.000
   8 1026.3  11/2-   9/2  32    3.22    2.83    2.83   18.82    3.92       6.67    6.67    0.00   -0.28      0.813   0.813   0.000
   9 1097.3   5/2-  -3/2  35   -1.30    2.24    2.24    2.25    1.07       4.58    4.58    0.00   -1.18      0.558   0.558   0.000
  10 1196.2   9/2-  -7/2  30   -2.70    2.44    2.44   11.90    2.95       6.11    6.11    0.00   -0.61      0.744   0.744   0.000
  
  11 1221.2   5/2-   5/2  36    1.35    2.90    2.90    3.89    1.66       4.32    4.32    0.00   -1.63      0.526   0.526   0.000
  12 1270.7   1/2-   1/2  38    0.50    1.44    1.44    0.25    0.70       1.33    1.33   -0.00   -1.54      0.163   0.163  -0.000
  13 1278.9   7/2-   5/2  36    0.58    2.85    2.85    3.96    1.91       5.12    5.12    0.00   -0.65      0.624   0.624   0.000
  14 1361.6   7/2-   1/2  31    0.01   25.03   25.03    1.76    6.33       8.66    8.66    0.00   -6.41      1.056   1.056   0.000
  15 1495.7   7/2-   1/2  28   -0.43    3.19    3.19    1.62    1.52       5.84    5.84    0.00   -0.58      0.713   0.713   0.000
  
  16 1594.7   9/2-  -3/2  29   -0.11    4.43    4.43    2.28    2.38       6.09    6.09    0.00    0.20      0.743   0.743   0.000
  17 2086.1   5/2-   1/2  38    0.30    1.88    1.88    0.58    0.41       5.33    5.33    0.00   -0.96      0.650   0.650   0.000
  18 2272.2  13/2-   9/2  32    2.72    3.05    3.05   18.19    3.60      11.38   11.38    0.00    0.18      1.388   1.388   0.000
  19 2298.3   5/2-   1/2  28   -0.08    3.87    3.87    1.10   -0.36       9.87    9.87    0.00   -2.23      1.204   1.204   0.000
  20 2338.6  11/2-  -7/2  30   -2.25    2.54    2.54   11.93    2.66      10.50   10.50    0.00   -0.25      1.280   1.280   0.000
  
  21 2353.4   7/2-  -3/2  29    0.16    3.55    3.55    2.95    0.67      10.23   10.23    0.00   -1.63      1.247   1.247   0.000
  22 2603.4   9/2-   5/2  34   -0.02   25.43   25.43    5.38    5.64      12.41   12.41    0.00   -5.65      1.513   1.513   0.000
  23 2792.8  13/2-   5/2  34   -0.04   25.40   25.40    5.64    5.67      13.02   13.02    0.00   -3.31      1.587   1.587   0.000
  24 2839.4   9/2-  -3/2  35   -0.42    2.18    2.18    2.98    1.04      10.86   10.86    0.00   -0.46      1.324   1.324   0.000
  25 3177.6  11/2-   5/2  36    0.34    3.09    3.09    3.69    1.62      13.10   13.10    0.00   -0.03      1.597   1.597   0.000
  
  26 3320.9  11/2-   1/2  28   -0.29    3.52    3.52    1.37    1.54      12.85   12.85    0.00    0.16      1.567   1.567   0.000
  27 3468.5  13/2-  -3/2  29   -0.23    4.72    4.72    2.25    2.42      13.33   13.33    0.00    1.01      1.625   1.625   0.000
  28 3729.4   1/2-   1/2  25    0.50    6.19    6.19    0.25    0.68       6.10    6.10    0.00   -3.45      0.744   0.744   0.000
  29 3733.9  13/2-  -7/2  30   -1.81    2.73    2.73   11.60    2.43      15.94   15.94    0.00   -0.02      1.943   1.943   0.000
  30 4477.5   1/2-   1/2  39    0.50   13.12   13.12    0.25   -2.08      15.42   15.42    0.00   -5.09      1.880   1.880   0.000
  
  31 5534.0  13/2-  -3/2  35   -0.02    2.09    2.09    3.34    0.94      21.57   21.57    0.00   -0.14      2.629   2.629   0.000
  32 7325.1   1/2-   1/2  31    0.50   25.92   25.92    0.25   -3.60      29.54   29.54    0.00   -7.18      3.601   3.601   0.000
