1SPECTRUM OF (Z= 82 A=207) IN PARTICLE-ROTOR  MODEL WITH MODIFIED OSCILLATOR POTENTIAL


 PARITY=-   EPS= 0.313   GAMMA=  0.0   EPS4=0.000   EPS6=0.000   LEVELS:  25  26  27  28  29  30  31  32  33  34  35  36  37  38  39

 PAIRING FACTORS: GN0= 19.20  GN1=  7.40  IPAIR= 15 ***  E2PLUS(INPUT)=   0.730  E2PLUR(INPUT)=   0.000

 CORIOLIS ATTENUATION PARAMETERS:  CHSI=1.000  ETA=  1.00

 MOMENT OF INERTIA PARAMETERS:   A1=  0.122 MEV   A2=  0.122 MEV   A3=121.91924 MEV


 DELTA=0.940 MEV  LAMBDA=53.2936 MEV   HW0= 7.4992 MEV   LAMBDA/HW0= 7.1065

 E2ENERGY=0.730 MEV  HBAR**2/B=18165./A**(7/3)=3070.8/A**2 MEV

 IREC=0  =>  RECOIL TERMS j+j-, j+j+, jzjz, ETC TREATED AS ONE-BODY OPERATORS WITH UU+VV PAIRING FACTORS



 S. P. LEVEL   EQP       U     V        (UU + VV)**1.00

     25       4.140    0.114 0.993      1.000 1.000 0.998 0.969 0.966 0.956 0.926 0.868 0.785 0.507 0.323 0.303 0.300 0.270 0.261
     26       3.295    0.144 0.990      1.000 1.000 1.000 0.976 0.974 0.964 0.937 0.883 0.803 0.533 0.351 0.332 0.328 0.299 0.290
     27       2.740    0.174 0.985      0.998 1.000 1.000 0.982 0.980 0.972 0.947 0.897 0.821 0.558 0.380 0.360 0.357 0.328 0.319
     28       1.417    0.355 0.935      0.969 0.976 0.982 1.000 1.000 0.999 0.990 0.963 0.913 0.703 0.545 0.528 0.525 0.498 0.490
     29       1.380    0.366 0.931      0.966 0.974 0.980 1.000 1.000 0.999 0.992 0.967 0.918 0.712 0.555 0.538 0.535 0.508 0.501
     30       1.278    0.402 0.916      0.956 0.964 0.972 0.999 0.999 1.000 0.996 0.976 0.932 0.738 0.587 0.570 0.567 0.541 0.534
     31       1.113    0.482 0.876      0.926 0.937 0.947 0.990 0.992 0.996 1.000 0.991 0.961 0.796 0.657 0.641 0.638 0.614 0.607
     32       0.985    0.592 0.806      0.868 0.883 0.897 0.963 0.967 0.976 0.991 1.000 0.989 0.868 0.750 0.736 0.734 0.712 0.706
     33       0.940    0.706 0.709      0.785 0.803 0.821 0.913 0.918 0.932 0.961 0.989 1.000 0.932 0.840 0.829 0.827 0.809 0.803
     34       1.268    0.914 0.405      0.507 0.533 0.558 0.703 0.712 0.738 0.796 0.868 0.932 1.000 0.979 0.975 0.974 0.967 0.964
     35       2.262    0.977 0.213      0.323 0.351 0.380 0.545 0.555 0.587 0.657 0.750 0.840 0.979 1.000 1.000 1.000 0.998 0.998
     36       2.488    0.981 0.192      0.303 0.332 0.360 0.528 0.538 0.570 0.641 0.736 0.829 0.975 1.000 1.000 1.000 0.999 0.999
     37       2.534    0.982 0.189      0.300 0.328 0.357 0.525 0.535 0.567 0.638 0.734 0.827 0.974 1.000 1.000 1.000 1.000 0.999
     38       3.013    0.987 0.158      0.270 0.299 0.328 0.498 0.508 0.541 0.614 0.712 0.809 0.967 0.998 0.999 1.000 1.000 1.000
     39       3.185    0.989 0.149      0.261 0.290 0.319 0.490 0.501 0.534 0.607 0.706 0.803 0.964 0.998 0.999 0.999 1.000 1.000

  R CORE   ENERGY   A0R/A00=1.000    R3= 0     2  
   2( 1)    0.732                    1.000 0.000
   2( 2)  487.921                    0.000 1.000

  R CORE   ENERGY   A0R/A00=1.000    R3= 0     2  
   3( 1)  488.652                    0.000 1.000

  R CORE   ENERGY   A0R/A00=1.000    R3= 0     2     4  
   4( 1)    2.438                    1.000 0.000 0.000

  R CORE   ENERGY   A0R/A00=1.000    R3= 0     2     4  
   5( 1)  490.847                    0.000 1.000 0.000

  R CORE   ENERGY   A0R/A00=1.000    R3= 0     2     4     6  
   6( 1)    5.121                    1.000 0.000 0.000 0.000

  R CORE   ENERGY   A0R/A00=1.000    R3= 0     2     4     6  
   7( 1)  494.017                    0.000 1.000 0.000 0.000

          AXIAL SYMMETRY => K RESTRICTED TO OMEGA

                     K
     S.P. ORB#: 25  0.50
     S.P. ORB#: 26  2.50
     S.P. ORB#: 27 -3.50
     S.P. ORB#: 28  0.50
     S.P. ORB#: 29  0.50
     S.P. ORB#: 30 -1.50
     S.P. ORB#: 31 -3.50
     S.P. ORB#: 32 -1.50
     S.P. ORB#: 33  4.50
     S.P. ORB#: 34  2.50
     S.P. ORB#: 35 -1.50
     S.P. ORB#: 36 -3.50
     S.P. ORB#: 37  2.50
     S.P. ORB#: 38  0.50
     S.P. ORB#: 39  0.50
 

             ENERGY    K= OMEGA
 
 I=  1/2- (1)  2.629  28:-0.998
                      39:-0.051
 
 I=  1/2- (2)  3.516  25:-0.070
                      39:-0.996
 
 I=  1/2- (3)  5.677  25: 0.997
                      39:-0.068
 
 I=  1/2- (4)  6.168  29:-0.503
                      38: 0.864
 
 I=  1/2- (5)  8.829  29: 0.864
                      38: 0.503

             ENERGY    K= OMEGA
 
 I=  3/2- (1)  2.465  25:-0.162
                      28:-0.202
                      30:-0.886
                      35:-0.367
                      39: 0.119
 
 I=  3/2- (2)  2.537  25: 0.098
                      28: 0.769
                      30:-0.404
                      35: 0.478
                      39:-0.080

             ENERGY    K= OMEGA
 
 I=  5/2- (1)  2.493  25:-0.246
                      28: 0.440
                      30: 0.733
                      35:-0.182
                      37:-0.391
                      39: 0.154
 
 I=  5/2- (2)  3.195  25: 0.054
                      26:-0.064
                      28: 0.291
                      30:-0.449
                      35:-0.807
                      37:-0.215
                      39:-0.100
 
 I=  5/2- (3)  3.311  25: 0.131
                      28:-0.508
                      35: 0.091
                      37:-0.837
                      39:-0.120
 
 I=  5/2- (4)  4.134  28: 0.578
                      30:-0.455
                      35: 0.504
                      37:-0.314
                      39: 0.324
 
 I=  5/2- (5)  4.369  25:-0.168
                      28: 0.289
                      35: 0.221
                      39:-0.914

             ENERGY    K= OMEGA
 
 I=  7/2- (1)  1.895  26:-0.203
                      27: 0.055
                      31: 0.977
 
 I=  7/2- (2)  3.284  25:-0.125
                      28: 0.216
                      30:-0.735
                      35: 0.227
                      37:-0.583
                      39: 0.061
 
 I=  7/2- (3)  3.346  29:-0.729
                      32:-0.577
                      34:-0.341
                      36:-0.139
 
 I=  7/2- (4)  3.399  25:-0.295
                      28:-0.722
                      30:-0.307
                      35:-0.509
                      39: 0.191
 
 I=  7/2- (5)  4.304  26: 0.112
                      27: 0.276
                      28: 0.457
                      30:-0.468
                      35:-0.349
                      37: 0.601

             ENERGY    K= OMEGA
 
 I=  9/2- (1)  1.802  26:-0.068
                      27: 0.208
                      31:-0.207
                      33:-0.954
 
 I=  9/2- (2)  2.829  26: 0.279
                      27: 0.091
                      30: 0.053
                      31: 0.931
                      33:-0.202
                      37:-0.051
 
 I=  9/2- (3)  3.472  25:-0.357
                      28: 0.484
                      30: 0.667
                      31:-0.066
                      35:-0.207
                      37:-0.332
                      39: 0.187
 
 I=  9/2- (4)  4.537  29: 0.235
                      32:-0.591
                      34: 0.653
                      36:-0.410
 
 I=  9/2- (5)  4.981  25:-0.126
                      26: 0.109
                      27:-0.113
                      28:-0.140
                      30: 0.396
                      35: 0.784
                      37: 0.352
                      39: 0.205

             ENERGY    K= OMEGA
 
 I= 11/2- (1)  2.632  29: 0.687
                      32: 0.579
                      34: 0.389
                      36: 0.196
                      38: 0.054
 
 I= 11/2- (2)  2.864  26:-0.116
                      27:-0.282
                      31: 0.287
                      33:-0.908
 
 I= 11/2- (3)  3.992  26:-0.328
                      27: 0.127
                      30: 0.062
                      31: 0.887
                      33: 0.283
                      37: 0.062
 
 I= 11/2- (4)  5.143  25:-0.315
                      28:-0.159
                      30:-0.770
                      31: 0.089
                      37:-0.497
                      39: 0.160
 
 I= 11/2- (5)  5.214  25:-0.240
                      28:-0.738
                      30: 0.086
                      35:-0.532
                      37: 0.284
                      39: 0.149

             ENERGY    K= OMEGA
 
 I= 13/2- (1)  4.144  26:-0.158
                      27: 0.329
                      31:-0.342
                      33:-0.866
 
 I= 13/2- (2)  4.844  29: 0.224
                      32:-0.571
                      34: 0.658
                      36:-0.435
 
 I= 13/2- (3)  5.300  25:-0.347
                      26: 0.211
                      27: 0.103
                      28: 0.394
                      30: 0.534
                      31: 0.483
                      33:-0.189
                      35:-0.136
                      37:-0.264
                      39: 0.163
 
 I= 13/2- (4)  5.445  25:-0.249
                      26:-0.292
                      27:-0.123
                      28: 0.304
                      30: 0.348
                      31:-0.700
                      33: 0.285
                      35:-0.149
                      37:-0.131
                      39: 0.116
 
 I= 13/2- (5)  7.707  25: 0.166
                      26:-0.109
                      27: 0.118
                      30:-0.286
                      31: 0.067
                      33: 0.061
                      35:-0.735
                      37:-0.491
                      39:-0.271

             ENERGY     K= 1/2
  32 LEVELS    TIME=  0.0 SEC



 ******************* EXCITATION ENERGIES, DOMINANT CONFIGURATION AND EXPECTATION VALUES (WITH S.P. UU+VV FACTORS) *******************

  NR  Eex(keV)  I   Kdom  NY    <Jz>  <Jx**2> <Jy**2> <Jz**2> <I.j>/|I|  <Rx**2> <Ry**2> <Rz**2> <R.j>/|R|  <HROTx> <HROTy> <HROTz>

   1    0.0   9/2-   9/2  33    3.80    2.55    2.55   19.50    4.33       3.14    3.14    0.00   -1.22      0.383   0.383   0.000
   2   93.2   7/2-  -7/2  31   -3.25    2.31    2.31   11.99    3.37       2.81    2.81   -0.00   -1.37      0.343   0.343  -0.000
   3  662.4   3/2-  -3/2  30   -1.34    3.94    3.94    2.09    1.54       3.88    3.88    0.00   -2.51      0.473   0.473   0.000
   4  690.7   5/2-  -3/2  30   -0.33    4.48    4.48    2.31    2.35       3.06    3.06    0.00   -1.74      0.373   0.373   0.000
   5  735.0   3/2-   1/2  28   -0.28    4.01    4.01    1.03    1.38       3.74    3.74    0.00   -2.34      0.456   0.456   0.000
  
   6  826.8   1/2-   1/2  28    0.50    4.72    4.72    0.25    0.33       4.93    4.93   -0.00   -2.99      0.601   0.601  -0.000
   7  829.8  11/2-   1/2  29   -0.02   24.96   24.96    2.29    6.43       5.55    5.55    0.00   -4.14      0.677   0.677   0.000
   8 1026.5   9/2-  -7/2  31   -2.68    2.43    2.43   12.05    2.92       6.29    6.29   -0.00   -0.67      0.767   0.767  -0.000
   9 1061.5  11/2-   9/2  33    3.18    2.79    2.79   18.76    3.84       7.11    7.11   -0.00   -0.37      0.867   0.867  -0.000
  10 1392.9   5/2-  -3/2  35   -1.10    2.27    2.27    2.26    1.00       4.81    4.81    0.00   -1.23      0.586   0.586   0.000
  
  11 1482.0   7/2-  -3/2  30   -0.01    3.72    3.72    3.51    1.85       6.02    6.02    0.00   -1.04      0.734   0.734   0.000
  12 1508.8   5/2-   5/2  37    1.88    2.72    2.72    4.47    1.72       4.24    4.24    0.00   -1.66      0.517   0.517   0.000
  13 1543.3   7/2-   1/2  29   -0.01   24.48   24.48    1.85    6.23       8.56    8.56    0.00   -6.31      1.044   1.044   0.000
  14 1596.6   7/2-   1/2  28   -0.21    3.51    3.51    0.98    1.47       6.03    6.03    0.00   -0.62      0.735   0.735   0.000
  15 1670.3   9/2-  -3/2  30   -0.27    4.79    4.79    1.95    2.37       6.36    6.36    0.00    0.07      0.775   0.775   0.000
  
  16 1714.1   1/2-   1/2  39    0.50    1.48    1.48    0.25    0.72       1.36    1.36    0.00   -1.57      0.165   0.165   0.000
  17 2190.1  11/2-  -7/2  31   -2.18    2.52    2.52   12.17    2.63      10.76   10.76   -0.00   -0.32      1.312   1.312  -0.000
  18 2332.0   5/2-   1/2  28   -0.22    3.55    3.55    1.77   -0.12       9.16    9.16    0.00   -2.15      1.117   1.117   0.000
  19 2341.7  13/2-   9/2  33    2.65    2.99    2.99   18.09    3.49      12.02   12.02    0.00    0.07      1.465   1.465   0.000
  20 2501.7   7/2-   5/2  37    0.26    3.23    3.23    4.09    0.95       9.37    9.37    0.00   -1.56      1.143   1.143   0.000
  
  21 2567.3   5/2-   1/2  39    0.41    1.74    1.74    0.37    0.26       5.54    5.54    0.00   -0.93      0.676   0.676   0.000
  22 2734.7   9/2-   5/2  34   -0.02   24.95   24.95    5.53    5.46      12.94   12.94    0.00   -5.56      1.578   1.578   0.000
  23 3041.3  13/2-   5/2  34   -0.04   24.93   24.93    5.78    5.46      14.07   14.07    0.00   -3.30      1.715   1.715   0.000
  24 3178.7   9/2-  -3/2  35   -0.83    2.15    2.15    2.80    0.92      11.37   11.37    0.00   -0.53      1.386   1.386   0.000
  25 3340.3  11/2-  -3/2  30   -0.22    3.99    3.99    3.05    1.70      13.20   13.20    0.00   -0.16      1.609   1.609   0.000
  
  26 3412.0  11/2-   1/2  28    0.08    3.40    3.40    1.35    1.43      13.40   13.40    0.00    0.08      1.634   1.634   0.000
  27 3497.9  13/2-  -3/2  30   -0.71    4.21    4.21    5.18    2.44      14.12   14.12   -0.00    0.65      1.722   1.722  -0.000
  28 3642.6  13/2-  -7/2  31   -1.28    3.42    3.42    8.83    2.37      15.67   15.67   -0.00    0.15      1.910   1.910  -0.000
  29 3874.8   1/2-   1/2  25    0.50    6.42    6.42    0.25    0.67       6.34    6.34   -0.00   -3.51      0.773   0.773  -0.000
  30 4366.0   1/2-   1/2  38    0.50   12.61   12.61    0.25   -1.76      14.63   14.63   -0.00   -4.99      1.784   1.784  -0.000
  
  31 5904.9  13/2-  -3/2  35   -0.30    2.07    2.07    3.31    0.89      21.87   21.87    0.00   -0.18      2.666   2.666   0.000
  32 7027.0   1/2-   1/2  29    0.50   25.26   25.26    0.25   -3.57      28.85   28.85    0.00   -7.09      3.518   3.518   0.000
