1SPECTRUM OF (Z= 82 A=207) IN PARTICLE-ROTOR  MODEL WITH MODIFIED OSCILLATOR POTENTIAL


 PARITY=-   EPS= 0.380   GAMMA=  0.0   EPS4=0.000   EPS6=0.000   LEVELS:  26  27  28  29  30  31  32  33  34  35  36  37  38  39  40

 PAIRING FACTORS: GN0= 19.20  GN1=  7.40  IPAIR= 15 ***  E2PLUS(INPUT)=   0.730  E2PLUR(INPUT)=   0.000

 CORIOLIS ATTENUATION PARAMETERS:  CHSI=1.000  ETA=  1.00

 MOMENT OF INERTIA PARAMETERS:   A1=  0.122 MEV   A2=  0.122 MEV   A3=121.91923 MEV


 DELTA=0.862 MEV  LAMBDA=53.4506 MEV   HW0= 7.5445 MEV   LAMBDA/HW0= 7.0847

 E2ENERGY=0.730 MEV  HBAR**2/B=26774./A**(7/3)=4526.2/A**2 MEV

 IREC=0  =>  RECOIL TERMS j+j-, j+j+, jzjz, ETC TREATED AS ONE-BODY OPERATORS WITH UU+VV PAIRING FACTORS



 S. P. LEVEL   EQP       U     V        (UU + VV)**1.00

     26       2.860    0.153 0.988      1.000 1.000 0.999 0.995 0.955 0.929 0.822 0.667 0.492 0.426 0.364 0.288 0.277 0.272 0.266
     27       2.769    0.158 0.987      1.000 1.000 0.999 0.996 0.957 0.930 0.825 0.671 0.497 0.430 0.369 0.293 0.282 0.277 0.271
     28       2.300    0.191 0.982      0.999 0.999 1.000 0.998 0.966 0.942 0.843 0.695 0.526 0.461 0.400 0.325 0.314 0.310 0.303
     29       1.804    0.247 0.969      0.995 0.996 0.998 1.000 0.979 0.960 0.873 0.735 0.573 0.511 0.452 0.379 0.368 0.363 0.357
     30       1.094    0.439 0.899      0.955 0.957 0.966 0.979 1.000 0.997 0.954 0.858 0.728 0.675 0.624 0.559 0.549 0.545 0.539
     31       0.985    0.508 0.861      0.929 0.930 0.942 0.960 0.997 1.000 0.975 0.896 0.780 0.731 0.684 0.623 0.614 0.610 0.604
     32       0.863    0.688 0.725      0.822 0.825 0.843 0.873 0.954 0.975 1.000 0.973 0.900 0.865 0.830 0.782 0.775 0.772 0.768
     33       0.943    0.838 0.545      0.667 0.671 0.695 0.735 0.858 0.896 0.973 1.000 0.977 0.958 0.937 0.906 0.901 0.899 0.896
     34       1.304    0.935 0.353      0.492 0.497 0.526 0.573 0.728 0.780 0.900 0.977 1.000 0.997 0.990 0.975 0.973 0.972 0.970
     35       1.590    0.959 0.283      0.426 0.430 0.461 0.511 0.675 0.731 0.865 0.958 0.997 1.000 0.998 0.989 0.987 0.987 0.985
     36       2.028    0.976 0.218      0.364 0.369 0.400 0.452 0.624 0.684 0.830 0.937 0.990 0.998 1.000 0.997 0.996 0.995 0.995
     37       3.141    0.990 0.139      0.288 0.293 0.325 0.379 0.559 0.623 0.782 0.906 0.975 0.989 0.997 1.000 1.000 1.000 1.000
     38       3.428    0.992 0.127      0.277 0.282 0.314 0.368 0.549 0.614 0.775 0.901 0.973 0.987 0.996 1.000 1.000 1.000 1.000
     39       3.553    0.992 0.122      0.272 0.277 0.310 0.363 0.545 0.610 0.772 0.899 0.972 0.987 0.995 1.000 1.000 1.000 1.000
     40       3.763    0.993 0.115      0.266 0.271 0.303 0.357 0.539 0.604 0.768 0.896 0.970 0.985 0.995 1.000 1.000 1.000 1.000

  R CORE   ENERGY   A0R/A00=1.000    R3= 0     2  
   2( 1)    0.732                    1.000 0.000
   2( 2)  487.921                    0.000 1.000

  R CORE   ENERGY   A0R/A00=1.000    R3= 0     2  
   3( 1)  488.652                    0.000 1.000

  R CORE   ENERGY   A0R/A00=1.000    R3= 0     2     4  
   4( 1)    2.438                    1.000 0.000 0.000

  R CORE   ENERGY   A0R/A00=1.000    R3= 0     2     4  
   5( 1)  490.847                    0.000 1.000 0.000

  R CORE   ENERGY   A0R/A00=1.000    R3= 0     2     4     6  
   6( 1)    5.121                    1.000 0.000 0.000 0.000

  R CORE   ENERGY   A0R/A00=1.000    R3= 0     2     4     6  
   7( 1)  494.017                    0.000 1.000 0.000 0.000

          AXIAL SYMMETRY => K RESTRICTED TO OMEGA

                     K
     S.P. ORB#: 26  2.50
     S.P. ORB#: 27  0.50
     S.P. ORB#: 28 -3.50
     S.P. ORB#: 29 -1.50
     S.P. ORB#: 30  0.50
     S.P. ORB#: 31 -1.50
     S.P. ORB#: 32  2.50
     S.P. ORB#: 33 -3.50
     S.P. ORB#: 34  4.50
     S.P. ORB#: 35  0.50
     S.P. ORB#: 36 -3.50
     S.P. ORB#: 37 -1.50
     S.P. ORB#: 38  2.50
     S.P. ORB#: 39  0.50
     S.P. ORB#: 40 -1.50
 

             ENERGY    K= OMEGA
 
 I=  1/2- (1)  2.390  30:-1.000
 
 I=  1/2- (2)  4.553  27:-0.194
                      35: 0.909
                      39:-0.369
 
 I=  1/2- (3)  7.418  27:-0.384
                      35: 0.276
                      39: 0.881
 
 I=  1/2- (4)  9.289  27: 0.903
                      35: 0.312
                      39: 0.296
 
 I=  1/2- (5)147.288  31:-1.000

             ENERGY    K= OMEGA
 
 I=  3/2- (1)  2.285  30:-0.447
                      31: 0.894
 
 I=  3/2- (2)  2.649  30:-0.865
                      31:-0.439
                      37:-0.242

             ENERGY    K= OMEGA
 
 I=  5/2- (1)  2.742  30: 0.397
                      31: 0.877
                      37:-0.085
                      38:-0.254
 
 I=  5/2- (2)  3.373  26: 0.057
                      30:-0.833
                      31: 0.385
                      37: 0.382
                      38:-0.093
 
 I=  5/2- (3)  4.151  26:-0.132
                      30:-0.214
                      31:-0.182
                      37:-0.466
                      38:-0.828
 
 I=  5/2- (4)  4.586  27:-0.148
                      29: 0.082
                      35: 0.786
                      39:-0.509
                      40: 0.308
 
 I=  5/2- (5)  4.615  26: 0.793
                      30: 0.195
                      31:-0.188
                      37: 0.407
                      38:-0.364

             ENERGY    K= OMEGA
 
 I=  7/2- (1)  1.811  26:-0.160
                      33: 0.986
 
 I=  7/2- (2)  3.319  30: 0.559
                      31:-0.749
                      37: 0.185
                      38:-0.302
 
 I=  7/2- (3)  3.995  27: 0.636
                      29: 0.584
                      32: 0.457
                      35:-0.054
                      36: 0.202
 
 I=  7/2- (4)  4.016  26:-0.074
                      30: 0.729
                      31: 0.541
                      37: 0.351
                      38: 0.215
 
 I=  7/2- (5)  4.187  26:-0.195
                      28:-0.973
                      38:-0.102

             ENERGY    K= OMEGA
 
 I=  9/2- (1)  2.230  26: 0.087
                      28:-0.163
                      33: 0.346
                      34: 0.920
 
 I=  9/2- (2)  2.864  26:-0.214
                      28:-0.098
                      33:-0.906
                      34: 0.345
                      38: 0.051
 
 I=  9/2- (3)  4.278  30:-0.439
                      31:-0.782
                      33: 0.059
                      37: 0.202
                      38: 0.387
 
 I=  9/2- (4)  4.700  27:-0.192
                      29: 0.536
                      32:-0.691
                      35:-0.102
                      36: 0.422
                      40:-0.090
 
 I=  9/2- (5)  5.248  26: 0.160
                      28:-0.232
                      30:-0.678
                      31: 0.447
                      33:-0.055
                      37: 0.489
                      38:-0.130

             ENERGY    K= OMEGA
 
 I= 11/2- (1)  3.363  27:-0.599
                      29:-0.575
                      32:-0.465
                      35:-0.174
                      36:-0.231
                      40: 0.091
 
 I= 11/2- (2)  3.365  26: 0.138
                      28: 0.221
                      33:-0.438
                      34: 0.860
 
 I= 11/2- (3)  4.144  26:-0.250
                      28: 0.147
                      31: 0.065
                      33: 0.847
                      34: 0.435
                      38: 0.072
 
 I= 11/2- (4)  5.091  27: 0.257
                      29: 0.093
                      35:-0.823
                      39:-0.266
                      40: 0.421
 
 I= 11/2- (5)  5.274  30:-0.573
                      31: 0.675
                      33:-0.077
                      37:-0.270
                      38: 0.367

             ENERGY    K= OMEGA
 
 I= 13/2- (1)  4.730  26:-0.180
                      28: 0.260
                      33:-0.487
                      34:-0.813
 
 I= 13/2- (2)  5.189  27:-0.201
                      29: 0.544
                      32:-0.680
                      35:-0.094
                      36: 0.425
                      40:-0.106
 
 I= 13/2- (3)  5.653  26:-0.276
                      28:-0.188
                      31:-0.091
                      33:-0.798
                      34: 0.483
                      38: 0.094
 
 I= 13/2- (4)  6.754  30:-0.450
                      31:-0.719
                      33: 0.109
                      34:-0.057
                      37: 0.273
                      38: 0.436
 
 I= 13/2- (5)  7.018  27:-0.126
                      29: 0.111
                      35: 0.694
                      39:-0.579
                      40: 0.391

             ENERGY     K=-3/2
  32 LEVELS    TIME=  0.0 SEC



 ******************* EXCITATION ENERGIES, DOMINANT CONFIGURATION AND EXPECTATION VALUES (WITH S.P. UU+VV FACTORS) *******************

  NR  Eex(keV)  I   Kdom  NY    <Jz>  <Jx**2> <Jy**2> <Jz**2> <I.j>/|I|  <Rx**2> <Ry**2> <Rz**2> <R.j>/|R|  <HROTx> <HROTy> <HROTz>

   1    0.0   7/2-  -7/2  33   -3.34    2.30    2.30   12.09    3.25       3.34    3.34   -0.00   -1.47      0.407   0.407  -0.000
   2  418.9   9/2-   9/2  34    3.31    2.50    2.50   18.97    4.13       3.82    3.82   -0.00   -1.24      0.465   0.465  -0.000
   3  474.5   3/2-  -3/2  31   -1.10    4.93    4.93    1.85    1.29       5.24    5.24    0.00   -2.85      0.639   0.639   0.000
   4  579.2   1/2-   1/2  30    0.50    4.90    4.90    0.25    0.10       5.31    5.31    0.00   -3.06      0.648   0.648   0.000
   5  838.5   3/2-   1/2  30   -0.00    4.64    4.64    0.75    0.48       5.97    5.97    0.00   -2.64      0.728   0.728   0.000
  
   6  931.8   5/2-  -3/2  31   -0.92    4.75    4.75    2.20    1.29       6.42    6.42    0.00   -2.20      0.783   0.783   0.000
   7 1053.6   9/2-  -7/2  33   -2.25    2.37    2.37   12.89    2.80       7.26    7.26   -0.00   -0.97      0.885   0.885  -0.000
   8 1508.7   7/2-  -3/2  31   -0.51    4.63    4.63    2.01    1.33       8.21    8.21    0.00   -1.47      1.001   1.001   0.000
   9 1552.8  11/2-   1/2  27    0.04   23.83   23.83    2.87    6.26       5.71    5.71    0.00   -3.88      0.696   0.696   0.000
  10 1554.6  11/2-   9/2  34    2.54    2.67    2.67   18.05    3.54       8.41    8.41   -0.00   -0.54      1.026   1.026  -0.000
  
  11 1562.6   5/2-   1/2  30   -0.06    4.32    4.32    0.91    0.36       8.08    8.08    0.00   -2.11      0.985   0.985   0.000
  12 2184.4   7/2-   1/2  27    0.07   22.51   22.51    2.68    5.94       8.15    8.15    0.00   -5.98      0.993   0.993   0.000
  13 2205.8   7/2-   1/2  30   -0.23    4.24    4.24    1.40    0.56      10.60   10.60    0.00   -1.67      1.292   1.292   0.000
  14 2333.4  11/2-  -7/2  33   -1.57    2.46    2.46   13.31    2.48      12.18   12.18   -0.00   -0.69      1.485   1.485  -0.000
  15 2340.4   5/2-   5/2  38    1.41    2.07    2.07    4.97    1.66       4.03    4.03   -0.00   -1.49      0.492   0.492  -0.000
  
  16 2376.1   7/2-  -7/2  28   -3.20    6.17    6.17   11.90    3.12       7.61    7.61    0.00   -3.04      0.928   0.928   0.001
  17 2467.3   9/2-  -3/2  31   -0.52    4.44    4.44    2.52    1.31      11.55   11.55    0.00   -1.01      1.408   1.408   0.000
  18 2742.9   1/2-   1/2  35    0.50   11.20   11.20    0.25    0.95      10.88   10.88    0.00   -4.68      1.326   1.326   0.000
  19 2775.2   5/2-   1/2  35    0.30   11.64   11.64    0.45    2.37       9.25    9.25    0.00   -3.89      1.127   1.127   0.000
  20 2804.4   5/2-   5/2  26    1.62    4.78    4.78    5.22    1.53       7.24    7.24    0.00   -2.69      0.883   0.883   0.000
  
  21 2889.3   9/2-   5/2  32    0.15   24.02   24.02    5.84    5.22      13.34   13.34    0.00   -5.40      1.627   1.627   0.000
  22 2919.3  13/2-   9/2  34    1.99    2.82    2.82   17.34    3.14      13.91   13.91   -0.00   -0.20      1.696   1.696  -0.000
  23 3280.7  11/2-   1/2  35    0.13   13.95   13.95    0.63    3.39      11.89   11.89    0.00   -1.70      1.449   1.449   0.000
  24 3378.0  13/2-   5/2  32    0.09   24.07   24.07    5.81    5.17      15.25   15.25    0.00   -3.23      1.859   1.859   0.000
  25 3437.2   9/2-   1/2  30   -0.51    4.02    4.02    2.10    0.59      14.50   14.50    0.00   -1.34      1.768   1.768   0.000
  
  26 3462.9  11/2-  -3/2  31   -0.31    4.39    4.39    2.22    1.33      15.44   15.44    0.00   -0.55      1.882   1.882   0.000
  27 3842.3  13/2-  -7/2  33   -1.10    2.55    2.55   13.52    2.23      18.08   18.08   -0.00   -0.50      2.204   2.204  -0.000
  28 4943.3  13/2-  -3/2  31   -0.34    4.21    4.21    2.80    1.29      20.99   20.99    0.00   -0.34      2.560   2.560   0.000
  29 5207.8  13/2-   1/2  35    0.17   12.09   12.09    0.60    2.67      18.11   18.11    0.00   -1.02      2.208   2.208   0.000
  30 5607.9   1/2-   1/2  39    0.50   15.93   15.93    0.25   -0.59      16.94   16.94   -0.00   -5.60      2.065   2.065  -0.000
  
  31 7478.4   1/2-   1/2  27    0.50   23.47   23.47    0.25   -3.42      26.93   26.93    0.00   -6.83      3.283   3.283   0.000
  32*******   1/2-  -3/2  31    0.00    0.00    0.00    0.00    0.00       0.00    0.00    0.00   -0.00      0.000   0.000   0.000
