1SPECTRUM OF (Z= 82 A=207) IN PARTICLE-ROTOR  MODEL WITH MODIFIED OSCILLATOR POTENTIAL


 PARITY=-   EPS= 0.379   GAMMA=  0.0   EPS4=0.000   EPS6=0.000   LEVELS:  24  25  26  27  28  29  30  31  32  33  34  35  36  37  38

 PAIRING FACTORS: GN0= 19.20  GN1=  7.40  IPAIR= 15 ***  E2PLUS(INPUT)=   0.730  E2PLUR(INPUT)=   0.000

 CORIOLIS ATTENUATION PARAMETERS:  CHSI=1.000  ETA=  1.00

 MOMENT OF INERTIA PARAMETERS:   A1=  0.122 MEV   A2=  0.122 MEV   A3=121.91924 MEV


 DELTA=0.863 MEV  LAMBDA=53.4486 MEV   HW0= 7.5438 MEV   LAMBDA/HW0= 7.0851

 E2ENERGY=0.730 MEV  HBAR**2/B=26634./A**(7/3)=4502.4/A**2 MEV

 IREC=0  =>  RECOIL TERMS j+j-, j+j+, jzjz, ETC TREATED AS ONE-BODY OPERATORS WITH UU+VV PAIRING FACTORS



 S. P. LEVEL   EQP       U     V        (UU + VV)**1.00

     24       4.287    0.101 0.995      1.000 1.000 0.999 0.998 0.996 0.989 0.939 0.909 0.787 0.633 0.450 0.375 0.315 0.239 0.227
     25       4.016    0.108 0.994      1.000 1.000 0.999 0.999 0.997 0.990 0.942 0.912 0.791 0.639 0.456 0.382 0.322 0.246 0.234
     26       2.867    0.152 0.988      0.999 0.999 1.000 1.000 0.999 0.995 0.956 0.930 0.817 0.672 0.496 0.422 0.364 0.289 0.277
     27       2.746    0.159 0.987      0.998 0.999 1.000 1.000 0.999 0.996 0.958 0.932 0.821 0.678 0.502 0.429 0.370 0.295 0.284
     28       2.308    0.191 0.982      0.996 0.997 0.999 0.999 1.000 0.998 0.966 0.943 0.839 0.701 0.529 0.457 0.399 0.326 0.314
     29       1.787    0.249 0.968      0.989 0.990 0.995 0.996 0.998 1.000 0.980 0.961 0.870 0.742 0.579 0.510 0.454 0.382 0.371
     30       1.099    0.437 0.900      0.939 0.942 0.956 0.958 0.966 0.980 1.000 0.997 0.951 0.861 0.729 0.671 0.622 0.558 0.548
     31       0.989    0.506 0.862      0.909 0.912 0.930 0.932 0.943 0.961 0.997 1.000 0.972 0.898 0.781 0.727 0.682 0.621 0.612
     32       0.864    0.694 0.720      0.787 0.791 0.817 0.821 0.839 0.870 0.951 0.972 1.000 0.976 0.905 0.867 0.834 0.788 0.780
     33       0.938    0.834 0.552      0.633 0.639 0.672 0.678 0.701 0.742 0.861 0.898 0.976 1.000 0.976 0.955 0.934 0.903 0.898
     34       1.293    0.934 0.358      0.450 0.456 0.496 0.502 0.529 0.579 0.729 0.781 0.905 0.976 1.000 0.997 0.989 0.975 0.972
     35       1.610    0.960 0.279      0.375 0.382 0.422 0.429 0.457 0.510 0.671 0.727 0.867 0.955 0.997 1.000 0.998 0.990 0.988
     36       2.034    0.976 0.217      0.315 0.322 0.364 0.370 0.399 0.454 0.622 0.682 0.834 0.934 0.989 0.998 1.000 0.997 0.996
     37       3.126    0.990 0.139      0.239 0.246 0.289 0.295 0.326 0.382 0.558 0.621 0.788 0.903 0.975 0.990 0.997 1.000 1.000
     38       3.413    0.992 0.128      0.227 0.234 0.277 0.284 0.314 0.371 0.548 0.612 0.780 0.898 0.972 0.988 0.996 1.000 1.000

  R CORE   ENERGY   A0R/A00=1.000    R3= 0     2  
   2( 1)    0.732                    1.000 0.000
   2( 2)  487.921                    0.000 1.000

  R CORE   ENERGY   A0R/A00=1.000    R3= 0     2  
   3( 1)  488.652                    0.000 1.000

  R CORE   ENERGY   A0R/A00=1.000    R3= 0     2     4  
   4( 1)    2.438                    1.000 0.000 0.000

  R CORE   ENERGY   A0R/A00=1.000    R3= 0     2     4  
   5( 1)  490.847                    0.000 1.000 0.000

  R CORE   ENERGY   A0R/A00=1.000    R3= 0     2     4     6  
   6( 1)    5.121                    1.000 0.000 0.000 0.000

  R CORE   ENERGY   A0R/A00=1.000    R3= 0     2     4     6  
   7( 1)  494.017                    0.000 1.000 0.000 0.000

          AXIAL SYMMETRY => K RESTRICTED TO OMEGA

                     K
     S.P. ORB#: 24  0.50
     S.P. ORB#: 25 -5.50
     S.P. ORB#: 26  2.50
     S.P. ORB#: 27  0.50
     S.P. ORB#: 28 -3.50
     S.P. ORB#: 29 -1.50
     S.P. ORB#: 30  0.50
     S.P. ORB#: 31 -1.50
     S.P. ORB#: 32  2.50
     S.P. ORB#: 33 -3.50
     S.P. ORB#: 34  4.50
     S.P. ORB#: 35  0.50
     S.P. ORB#: 36 -3.50
     S.P. ORB#: 37 -1.50
     S.P. ORB#: 38  2.50
 

             ENERGY    K= OMEGA
 
 I=  1/2- (1)  2.386  30: 0.999
 
 I=  1/2- (2)  4.980  27:-0.258
                      35: 0.966
 
 I=  1/2- (3)  5.945  24: 0.999
 
 I=  1/2- (4)  9.097  27: 0.966
                      35: 0.258
 
 I=  1/2- (5)147.292  31:-1.000

             ENERGY    K= OMEGA
 
 I=  3/2- (1)  2.278  24: 0.067
                      30:-0.302
                      31: 0.951
 
 I=  3/2- (2)  2.472  24:-0.199
                      30:-0.917
                      31:-0.275
                      37:-0.210

             ENERGY    K= OMEGA
 
 I=  5/2- (1)  2.457  24:-0.255
                      30: 0.466
                      31: 0.819
                      37:-0.085
                      38:-0.199
 
 I=  5/2- (2)  3.357  24:-0.059
                      26:-0.060
                      30: 0.790
                      31:-0.469
                      37:-0.361
                      38: 0.139
 
 I=  5/2- (3)  4.106  24:-0.092
                      26: 0.115
                      30: 0.158
                      31: 0.131
                      37: 0.490
                      38: 0.834
 
 I=  5/2- (4)  4.614  26: 0.744
                      30: 0.218
                      31:-0.196
                      37: 0.461
                      38:-0.384
 
 I=  5/2- (5)  4.728  26: 0.654
                      30:-0.222
                      31: 0.123
                      37:-0.640
                      38: 0.312

             ENERGY    K= OMEGA
 
 I=  7/2- (1)  1.804  26:-0.161
                      33: 0.985
 
 I=  7/2- (2)  3.299  24: 0.138
                      30:-0.282
                      31: 0.883
                      37:-0.095
                      38: 0.331
 
 I=  7/2- (3)  3.459  24:-0.303
                      30:-0.867
                      31:-0.247
                      37:-0.303
 
 I=  7/2- (4)  3.987  27: 0.630
                      29: 0.588
                      32: 0.464
                      36: 0.205
 
 I=  7/2- (5)  4.193  26:-0.195
                      28:-0.972
                      38:-0.104

             ENERGY    K= OMEGA
 
 I=  9/2- (1)  2.218  26:-0.087
                      28: 0.163
                      33:-0.345
                      34:-0.920
 
 I=  9/2- (2)  2.854  26:-0.216
                      28:-0.098
                      31:-0.064
                      33:-0.904
                      34: 0.343
                      38: 0.057
 
 I=  9/2- (3)  3.556  24:-0.368
                      30: 0.502
                      31: 0.722
                      33:-0.083
                      37:-0.148
                      38:-0.248
 
 I=  9/2- (4)  4.720  27: 0.208
                      29:-0.550
                      32: 0.689
                      36:-0.423
 
 I=  9/2- (5)  5.236  24:-0.051
                      26:-0.116
                      28: 0.072
                      30: 0.681
                      31:-0.506
                      33: 0.056
                      37:-0.450
                      38: 0.231

             ENERGY    K= OMEGA
 
 I= 11/2- (1)  3.352  26: 0.138
                      28: 0.221
                      33:-0.435
                      34: 0.861
 
 I= 11/2- (2)  3.400  27:-0.624
                      29:-0.585
                      32:-0.458
                      35:-0.076
                      36:-0.230
 
 I= 11/2- (3)  4.131  26:-0.252
                      28: 0.146
                      31: 0.082
                      33: 0.845
                      34: 0.432
                      38: 0.076
 
 I= 11/2- (4)  5.224  24:-0.284
                      31:-0.866
                      33: 0.114
                      38:-0.390
 
 I= 11/2- (5)  5.333  24:-0.291
                      30:-0.874
                      37:-0.368
                      38: 0.111

             ENERGY    K= OMEGA
 
 I= 13/2- (1)  4.713  26: 0.181
                      28:-0.260
                      33: 0.486
                      34: 0.813
 
 I= 13/2- (2)  5.244  27: 0.214
                      29:-0.557
                      32: 0.678
                      36:-0.429
 
 I= 13/2- (3)  5.470  24:-0.385
                      26: 0.137
                      28: 0.105
                      30: 0.439
                      31: 0.609
                      33: 0.340
                      34:-0.245
                      37:-0.137
                      38:-0.253
 
 I= 13/2- (4)  5.698  24:-0.209
                      26:-0.242
                      28:-0.154
                      30: 0.258
                      31: 0.291
                      33:-0.731
                      34: 0.418
                      37:-0.100
                      38:-0.064
 
 I= 13/2- (5)  6.946  25:-0.998

             ENERGY     K= 5/2
  32 LEVELS    TIME=  0.0 SEC



 ******************* EXCITATION ENERGIES, DOMINANT CONFIGURATION AND EXPECTATION VALUES (WITH S.P. UU+VV FACTORS) *******************

  NR  Eex(keV)  I   Kdom  NY    <Jz>  <Jx**2> <Jy**2> <Jz**2> <I.j>/|I|  <Rx**2> <Ry**2> <Rz**2> <R.j>/|R|  <HROTx> <HROTy> <HROTz>

   1    0.0   7/2-  -7/2  33   -3.34    2.31    2.31   12.08    3.25       3.33    3.33    0.00   -1.47      0.406   0.406   0.000
   2  413.9   9/2-   9/2  34    3.32    2.50    2.50   18.98    4.13       3.81    3.81    0.00   -1.24      0.464   0.464   0.000
   3  473.5   3/2-  -3/2  31   -1.31    4.94    4.94    2.06    1.38       5.18    5.18   -0.00   -2.88      0.632   0.632  -0.000
   4  581.4   1/2-   1/2  30    0.50    4.96    4.96    0.25    0.24       5.25    5.25    0.00   -3.07      0.640   0.640   0.000
   5  652.9   5/2-  -3/2  31   -0.77    5.08    5.08    1.85    1.96       4.58    4.58   -0.00   -2.05      0.558   0.558  -0.000
  
   6  668.1   3/2-   1/2  30    0.26    4.60    4.60    0.49    1.00       4.78    4.78    0.00   -2.51      0.583   0.583   0.000
   7 1050.1   9/2-  -7/2  33   -2.25    2.38    2.38   12.84    2.81       7.22    7.22    0.00   -0.96      0.880   0.880   0.000
   8 1494.2   7/2-  -3/2  31   -0.86    4.69    4.69    2.52    1.47       8.00    8.00   -0.00   -1.52      0.975   0.975  -0.000
   9 1547.2  11/2-   9/2  34    2.54    2.67    2.67   18.08    3.55       8.38    8.38    0.00   -0.54      1.022   1.022   0.000
  10 1552.6   5/2-   1/2  30   -0.15    4.37    4.37    1.09    0.43       8.02    8.02    0.00   -2.14      0.978   0.978   0.000
  
  11 1595.8  11/2-   1/2  27    0.02   23.29   23.29    2.83    6.15       5.83    5.83    0.00   -3.71      0.711   0.711   0.000
  12 1654.7   7/2-   1/2  30    0.20    4.46    4.46    0.57    1.24       7.72    7.72   -0.00   -1.17      0.941   0.941  -0.000
  13 1752.0   9/2-  -3/2  31   -0.49    5.19    5.19    1.80    2.15       7.78    7.78   -0.00   -0.38      0.948   0.948  -0.000
  14 2182.2   7/2-   1/2  27    0.07   23.01   23.01    2.74    6.05       8.23    8.23   -0.00   -6.10      1.003   1.003  -0.000
  15 2301.8   5/2-   5/2  38    1.40    2.02    2.02    5.02    1.82       3.53    3.53    0.00   -1.39      0.430   0.430   0.000
  
  16 2327.0  11/2-  -7/2  33   -1.57    2.47    2.47   13.26    2.48      12.12   12.12    0.00   -0.68      1.478   1.478   0.000
  17 2388.8   7/2-  -7/2  28   -3.19    6.16    6.16   11.90    3.12       7.61    7.61   -0.00   -3.04      0.928   0.928  -0.000
  18 2809.9   5/2-   5/2  26    1.40    4.51    4.51    4.96    1.39       7.25    7.25    0.00   -2.59      0.884   0.884   0.000
  19 2909.0  13/2-   9/2  34    1.98    2.83    2.83   17.34    3.15      13.86   13.86    0.00   -0.19      1.690   1.690   0.000
  20 2915.5   9/2-   5/2  32    0.13   23.85   23.85    5.85    5.16      13.47   13.47   -0.00   -5.37      1.642   1.642  -0.000
  
  21 2923.7   5/2-   5/2  26    0.70    3.90    3.90    4.25    1.00       7.45    7.45    0.00   -2.36      0.908   0.908   0.000
  22 3175.8   1/2-   1/2  35    0.50   12.19   12.19    0.25   -0.95      13.51   13.51    0.00   -4.90      1.647   1.647   0.000
  23 3419.8  11/2-  -3/2  31   -0.75    4.59    4.59    2.86    1.53      14.74   14.74    0.00   -0.53      1.797   1.797   0.000
  24 3431.4   9/2-   1/2  30   -0.32    3.99    3.99    1.67    0.50      14.74   14.74   -0.00   -1.32      1.797   1.797  -0.000
  25 3440.1  13/2-   5/2  32    0.06   23.85   23.85    5.84    5.10      15.55   15.55   -0.00   -3.22      1.896   1.896  -0.000
  
  26 3528.3  11/2-   1/2  30    0.25    4.35    4.35    0.63    1.26      15.00   15.00    0.00   -0.33      1.829   1.829   0.000
  27 3665.9  13/2-  -3/2  31   -0.38    4.74    4.74    4.25    2.29      15.23   15.23    0.00    0.41      1.857   1.857   0.000
  28 3893.5  13/2-  -7/2  33   -1.10    3.13    3.13   11.03    2.17      17.87   17.87    0.00   -0.36      2.178   2.178   0.000
  29 4140.2   1/2-   1/2  24    0.50    6.89    6.89    0.25    0.65       6.83    6.83   -0.00   -3.64      0.832   0.832  -0.000
  30 5141.8  13/2- -11/2  25   -5.48    2.75    2.75   30.21    4.32      12.05   12.05    0.00   -1.13      1.469   1.469   0.000
  
  31 7293.1   1/2-   1/2  27    0.50   22.88   22.88    0.25   -3.43      26.36   26.36    0.00   -6.75      3.214   3.214   0.000
  32*******   1/2-  -3/2  31    0.00    0.00    0.00    0.00   -0.00       0.00    0.00    0.00   -0.00      0.000   0.000   0.000
