1SPECTRUM OF (Z= 82 A=207) IN PARTICLE-ROTOR  MODEL WITH MODIFIED OSCILLATOR POTENTIAL


 PARITY=-   EPS= 0.474   GAMMA=  4.9   EPS4=0.000   EPS6=0.000   LEVELS:  25  26  27  28  29  30  31  32  33  34  35  36  37  38  39

 PAIRING FACTORS: GN0= 19.20  GN1=  7.40  IPAIR= 15 ***  E2PLUS(INPUT)=   0.730  E2PLUR(INPUT)=   0.000

 CORIOLIS ATTENUATION PARAMETERS:  CHSI=1.000  ETA=  1.00

 MOMENT OF INERTIA PARAMETERS:   A1=  0.134 MEV   A2=  0.110 MEV   A3= 12.50533 MEV


 DELTA=0.821 MEV  LAMBDA=53.4397 MEV   HW0= 7.6267 MEV   LAMBDA/HW0= 7.0069

 E2ENERGY=0.730 MEV  HBAR**2/B=40978./A**(7/3)=6927.2/A**2 MEV

 IREC=0  =>  RECOIL TERMS j+j-, j+j+, jzjz, ETC TREATED AS ONE-BODY OPERATORS WITH UU+VV PAIRING FACTORS



 S. P. LEVEL   EQP       U     V        (UU + VV)**1.00

     25       3.944    0.105 0.995      1.000 1.000 0.997 0.994 0.982 0.975 0.918 0.767 0.467 0.352 0.301 0.289 0.252 0.249 0.198
     26       3.265    0.127 0.992      1.000 1.000 0.999 0.996 0.986 0.980 0.926 0.781 0.487 0.373 0.322 0.311 0.273 0.270 0.220
     27       2.323    0.180 0.984      0.997 0.999 1.000 0.999 0.993 0.989 0.945 0.813 0.533 0.422 0.372 0.361 0.324 0.321 0.272
     28       1.981    0.212 0.977      0.994 0.996 0.999 1.000 0.997 0.993 0.955 0.832 0.560 0.452 0.402 0.392 0.355 0.352 0.304
     29       1.473    0.291 0.957      0.982 0.986 0.993 0.997 1.000 0.999 0.976 0.874 0.626 0.523 0.476 0.466 0.431 0.428 0.381
     30       1.341    0.323 0.946      0.975 0.980 0.989 0.993 0.999 1.000 0.983 0.890 0.652 0.552 0.505 0.495 0.461 0.458 0.411
     31       0.959    0.491 0.871      0.918 0.926 0.945 0.955 0.976 0.983 1.000 0.959 0.780 0.695 0.655 0.646 0.616 0.613 0.571
     32       0.821    0.719 0.695      0.767 0.781 0.813 0.832 0.874 0.890 0.959 1.000 0.926 0.871 0.843 0.837 0.815 0.813 0.781
     33       1.188    0.928 0.372      0.467 0.487 0.533 0.560 0.626 0.652 0.780 0.926 1.000 0.992 0.984 0.982 0.973 0.973 0.959
     34       1.679    0.968 0.253      0.352 0.373 0.422 0.452 0.523 0.552 0.695 0.871 0.992 1.000 0.999 0.998 0.994 0.994 0.987
     35       2.101    0.980 0.199      0.301 0.322 0.372 0.402 0.476 0.505 0.655 0.843 0.984 0.999 1.000 1.000 0.999 0.999 0.994
     36       2.226    0.982 0.188      0.289 0.311 0.361 0.392 0.466 0.495 0.646 0.837 0.982 0.998 1.000 1.000 0.999 0.999 0.996
     37       2.780    0.989 0.149      0.252 0.273 0.324 0.355 0.431 0.461 0.616 0.815 0.973 0.994 0.999 0.999 1.000 1.000 0.998
     38       2.842    0.989 0.146      0.249 0.270 0.321 0.352 0.428 0.458 0.613 0.813 0.973 0.994 0.999 0.999 1.000 1.000 0.999
     39       4.351    0.996 0.095      0.198 0.220 0.272 0.304 0.381 0.411 0.571 0.781 0.959 0.987 0.994 0.996 0.998 0.999 1.000

  R CORE   ENERGY   A0R/A00=1.000    R3= 0     2  
   2( 1)    0.730                    1.000-0.001
   2( 2)   50.265                    0.001 1.000

  R CORE   ENERGY   A0R/A00=1.000    R3= 0     2  
   3( 1)   50.995                    0.000 1.000

  R CORE   ENERGY   A0R/A00=1.000    R3= 0     2     4  
   4( 1)    2.433                    1.000-0.003 0.000

  R CORE   ENERGY   A0R/A00=1.000    R3= 0     2     4  
   5( 1)   53.185                    0.000 1.000-0.001

  R CORE   ENERGY   A0R/A00=1.000    R3= 0     2     4     6  
   6( 1)    5.108                    1.000-0.007 0.000-0.000

  R CORE   ENERGY   A0R/A00=1.000    R3= 0     2     4     6  
   7( 1)   56.348                    0.000 1.000-0.002 0.000
 

             ENERGY     K= 1/2
 
 I=  1/2- (1)  4.264  26:-0.053
                      30: 0.224
                      31: 0.883
                      35:-0.389
                      38:-0.120
 
 I=  1/2- (2)  5.094  28: 0.156
                      29:-0.060
                      32:-0.771
                      33: 0.613
 
 I=  1/2- (3)  6.763  30:-0.138
                      31:-0.385
                      34:-0.066
                      35:-0.856
                      38:-0.308
 
 I=  1/2- (4) 12.535  25: 1.000
 
 I=  1/2- (5) 52.291  28: 0.632
                      29:-0.106
                      32:-0.390
                      33:-0.661

             ENERGY     K= 1/2  -3/2
 
 I=  3/2- (1)  4.486  26:-0.057-0.073
                      30: 0.257 0.000
                      31: 0.937-0.001
                      35: 0.044 0.067
                      38: 0.031-0.195
 
 I=  3/2- (2)  5.138  28: 0.104-0.036
                      29:-0.040 0.120
                      32:-0.516 0.449
                      33: 0.411 0.579

             ENERGY     K= 5/2   1/2  -3/2
 
 I=  5/2- (1)  4.565  26:-0.000-0.047 0.099
                      30: 0.073 0.198 0.000
                      31:-0.021 0.799 0.002
                      35:-0.002-0.471-0.078
                      38:-0.001-0.150 0.225
 
 I=  5/2- (2)  5.023  28: 0.979-0.005-0.006
                      32: 0.145 0.022 0.069
                      33:-0.075-0.018 0.088
 
 I=  5/2- (3)  5.675  25:-0.001 0.097-0.000
                      28: 0.110 0.083 0.041
                      29: 0.004-0.032-0.134
                      32: 0.016-0.409-0.504
                      33:-0.008 0.326-0.651
 
 I=  5/2- (4)  6.314  28: 0.036-0.132 0.026
                      29: 0.001 0.051-0.087
                      32: 0.005 0.652-0.323
                      33:-0.002-0.517-0.416
 
 I=  5/2- (5)  6.646  26:-0.003 0.003 0.488
                      30: 0.816 0.007 0.009
                      31:-0.230-0.007 0.030
                      35:-0.029 0.183 0.017
                      38:-0.009 0.064-0.048

             ENERGY     K= 5/2   1/2  -3/2  -7/2
 
 I=  7/2- (1)  4.312  28: 0.141-0.000 0.000-0.025
                      29: 0.006 0.000-0.002 0.972
                      32: 0.021 0.001-0.005-0.144
                      33:-0.011-0.001-0.006-0.101
 
 I=  7/2- (2)  4.872  26:-0.001-0.048-0.253-0.001
                      30: 0.243 0.232-0.002 0.000
                      31:-0.069 0.818-0.010 0.000
                      34:-0.001 0.013 0.047 0.096
                      35:-0.009 0.200 0.096-0.012
                      38:-0.003 0.083-0.280 0.014
 
 I=  7/2- (3)  5.265  28:-0.469 0.002-0.002-0.003
                      29:-0.019-0.001 0.007 0.101
                      32:-0.069-0.008 0.029-0.009
                      36: 0.000 0.000 0.001-0.872
 
 I=  7/2- (4)  6.076  28:-0.815 0.022-0.012-0.002
                      29:-0.032-0.008 0.039 0.101
                      32:-0.120-0.101 0.149-0.018
                      33: 0.062 0.080 0.191-0.017
                      36: 0.000 0.000 0.002 0.477
 
 I=  7/2- (5)  6.288  26: 0.002-0.022 0.372 0.005
                      30:-0.674 0.081 0.008-0.000
                      31: 0.190 0.294 0.025-0.000
                      34: 0.002 0.004 0.028-0.490
                      35: 0.024 0.062 0.049 0.062
                      38: 0.007 0.026-0.140-0.067

             ENERGY     K= 9/2   5/2   1/2  -3/2  -7/2
 
 I=  9/2- (1)  4.934  28:-0.000-0.146 0.001 0.001-0.018
                      29:-0.000-0.006-0.000-0.003 0.708
                      32:-0.000-0.022-0.001-0.006-0.106
                      33: 0.000 0.011 0.001-0.007-0.075
                      36: 0.003 0.000 0.000-0.000 0.131
                      37: 0.665 0.000-0.000 0.000-0.000
 
 I=  9/2- (2)  5.405  26:-0.000-0.001-0.033 0.334 0.004
                      30: 0.001 0.426 0.152 0.004-0.000
                      31:-0.000-0.121 0.608 0.015-0.000
                      34: 0.000-0.001-0.029-0.039-0.289
                      35: 0.000-0.014-0.344-0.082 0.037
                      38: 0.000-0.004-0.109 0.240-0.040
                      39: 0.117-0.002 0.001 0.000 0.000
 
 I=  9/2- (3)  5.885  28:-0.000-0.135 0.001 0.001-0.017
                      29: 0.000-0.005-0.000-0.004 0.652
                      32: 0.000-0.020-0.002-0.008-0.096
                      33:-0.000 0.010 0.002-0.011-0.066
                      36:-0.004 0.000 0.000 0.000-0.122
                      37:-0.725 0.002-0.000-0.000 0.000
 
 I=  9/2- (4)  6.171  26:-0.000-0.002 0.028 0.252 0.005
                      30: 0.002 0.477-0.103 0.006-0.000
                      31:-0.000-0.134-0.443 0.018-0.000
                      34: 0.000-0.002 0.031 0.031-0.483
                      35: 0.000-0.018 0.375 0.059 0.061
                      38:-0.000-0.006 0.123-0.167-0.065
                      39: 0.227-0.003-0.001-0.000 0.000
 
 I=  9/2- (5)  6.229  28: 0.000 0.538-0.005-0.004-0.003
                      29: 0.000 0.021 0.001 0.011 0.124
                      32:-0.000 0.079 0.015 0.043-0.012
                      33: 0.000-0.041-0.012 0.055-0.002
                      36: 0.001-0.000-0.000 0.002-0.811
                      37: 0.147-0.000 0.000-0.000 0.003

             ENERGY     K= 9/2   5/2   1/2  -3/2  -7/2 -11/2
 
 I= 11/2- (1)  4.035  27: 0.000 0.000-0.000-0.000 0.002-0.998
 
 I= 11/2- (2)  5.492  26: 0.000 0.002 0.026 0.409 0.005 0.000
                      30:-0.001-0.501-0.151 0.006-0.000-0.000
                      31: 0.000 0.143-0.522 0.021-0.000-0.000
                      34:-0.000 0.002-0.012-0.034-0.375-0.001
                      35:-0.000 0.018-0.171-0.071 0.047 0.000
                      38:-0.000 0.006-0.068 0.210-0.051-0.000
                      39:-0.187 0.001-0.000 0.000 0.000 0.000
 
 I= 11/2- (3)  6.000  28: 0.000 0.177-0.001 0.001-0.017-0.000
                      29: 0.000 0.007 0.000-0.004 0.692 0.001
                      32: 0.000 0.026 0.001-0.008-0.104 0.000
                      33:-0.000-0.013-0.001-0.010-0.074 0.000
                      36:-0.003-0.000-0.000-0.000 0.172-0.001
                      37:-0.665 0.000 0.000 0.000-0.001 0.000
 
 I= 11/2- (4)  6.811  26: 0.000 0.001-0.040 0.073 0.005 0.000
                      30:-0.003-0.314 0.176 0.003-0.000-0.000
                      31: 0.001 0.088 0.614 0.008-0.001-0.000
                      34:-0.000 0.001 0.015 0.045-0.500-0.001
                      35:-0.001 0.010 0.211 0.089 0.062 0.000
                      38: 0.000 0.003 0.083-0.255-0.066-0.000
                      39:-0.307 0.001 0.000-0.000 0.000 0.000
 
 I= 11/2- (5)  7.404  29: 0.000-0.001-0.000 0.003-0.669 0.003
                      32: 0.000-0.004-0.001 0.002 0.096-0.000
                      33:-0.000 0.002 0.001 0.003 0.064-0.000
                      36:-0.003 0.000 0.000-0.001 0.369-0.001
                      37:-0.633 0.003-0.000 0.000-0.001 0.000

             ENERGY     K=13/2   9/2   5/2   1/2  -3/2  -7/2 -11/2
 
 I= 13/2- (1)  5.615  27: 0.000 0.000 0.000-0.000 0.000-0.003 0.998
 
 I= 13/2- (2)  6.227  26: 0.000 0.000 0.002 0.012-0.412-0.007-0.000
                      30: 0.000-0.002-0.574-0.071-0.006 0.000 0.000
                      31:-0.000 0.001 0.163-0.273-0.021 0.000 0.000
                      34: 0.000-0.000 0.002 0.009 0.020 0.515 0.001
                      35: 0.000-0.001 0.019 0.106 0.044-0.065-0.000
                      38:-0.000-0.000 0.006 0.032-0.133 0.069 0.000
                      39: 0.000-0.294 0.000-0.000-0.000-0.000-0.000
 
 I= 13/2- (3)  7.338  28:-0.000 0.000 0.203-0.002-0.001 0.017 0.000
                      29:-0.000 0.000 0.008 0.000 0.006-0.681-0.001
                      32:-0.000 0.000 0.030 0.002 0.010 0.102-0.000
                      33: 0.000-0.000-0.015-0.002 0.013 0.073-0.000
                      36: 0.000-0.003-0.000-0.000 0.001-0.202 0.001
                      37: 0.001-0.660 0.001 0.000-0.000 0.001-0.000
 
 I= 13/2- (4)  7.877  30:-0.000 0.003 0.107-0.160 0.002-0.000-0.000
                      31: 0.000-0.001-0.029-0.662 0.005-0.000-0.000
                      34:-0.000 0.000-0.001 0.040 0.051-0.326-0.001
                      35:-0.000 0.000-0.006 0.479 0.101 0.040 0.000
                      38: 0.000-0.000-0.002 0.156-0.294-0.042-0.000
                      39:-0.000 0.236-0.001-0.001-0.000 0.000 0.000
 
 I= 13/2- (5)  8.921  28: 0.000 0.001-0.557 0.010 0.005 0.006-0.000
                      29: 0.000 0.000-0.022-0.002-0.016-0.243 0.000
                      32:-0.000 0.000-0.082-0.031-0.067 0.031-0.000
                      33: 0.000-0.000 0.042 0.026-0.085 0.015-0.000
                      36: 0.000-0.001 0.000 0.000-0.004 0.762-0.002
                      37: 0.000-0.154 0.000-0.000 0.000-0.003 0.000

             ENERGY     K=13/2   9/2   5/2   1/2  -3/2  -7/2 -11/2
  32 LEVELS    TIME=  0.0 SEC



 ******************* EXCITATION ENERGIES, DOMINANT CONFIGURATION AND EXPECTATION VALUES (WITH S.P. UU+VV FACTORS) *******************

  NR  Eex(keV)  I   Kdom  NY    <Jz>  <Jx**2> <Jy**2> <Jz**2> <I.j>/|I|  <Rx**2> <Ry**2> <Rz**2> <R.j>/|R|  <HROTx> <HROTy> <HROTz>

   1    0.0  11/2-  11/2  27   -5.48    2.80    2.69   30.11    5.05       5.53    5.45    0.03   -1.64      0.738   0.598   0.378
   2  229.1   1/2-   1/2  31    0.50   13.00   12.59    0.25    1.05      12.61   12.17    0.00   -5.01      1.685   1.336   0.058
   3  276.4   7/2-   7/2  29   -3.34    6.61    6.02   11.95    3.09       8.14    7.57    0.07   -3.10      1.087   0.831   0.925
   4  450.5   3/2-   1/2  31    0.41   14.07   14.00    0.37    1.50      13.12   13.24    0.02   -4.97      1.752   1.453   0.195
   5  530.1   5/2-   1/2  31    0.38   13.48   13.08    0.42    1.73      12.98   12.54    0.00   -4.33      1.734   1.376   0.051
  
   6  836.9   7/2-   1/2  31    0.29   16.09   16.25    1.07    2.86      13.05   13.43    0.02   -4.29      1.743   1.474   0.273
   7  898.7   9/2-   7/2  29    0.16    4.80    4.25   15.37    3.59       6.85    6.53    0.10   -1.79      0.916   0.716   1.236
   8  987.9   5/2-   5/2  28    2.43    6.16    6.12    6.20    2.11       7.34    7.31    0.10   -3.19      0.980   0.802   1.301
   9 1059.1   1/2-   1/2  32    0.46    4.89    5.58    0.43    0.07       5.29    6.02    0.22   -3.19      0.707   0.660   2.735
  10 1103.3   3/2-   3/2  33   -0.60    4.82    5.66    1.49    1.10       5.17    6.07    0.22   -2.91      0.691   0.666   2.750
  
  11 1229.5   7/2-   7/2  36   -2.10    3.29    2.98   10.70    2.99       4.51    4.34    0.16   -1.70      0.602   0.477   2.033
  12 1369.4   9/2-   1/2  31    0.25   17.55   17.24    3.08    3.39      14.58   14.27    0.02   -3.91      1.948   1.566   0.205
  13 1456.9  11/2-   1/2  31    0.17   20.09   20.06    4.74    4.47      13.33   13.88    0.03   -3.49      1.781   1.523   0.378
  14 1579.9  13/2-  11/2  27   -5.47    2.80    2.69   30.10    4.32      11.98   11.97    0.03   -1.11      1.601   1.314   0.379
  15 1640.3   5/2-   3/2  33   -0.85    4.84    5.75    1.85    0.99       7.00    8.11    0.22   -2.43      0.935   0.890   2.769
  
  16 1849.9   9/2-   9/2  37    0.81    4.34    3.85   16.05    2.94      10.16    9.50    0.10   -2.17      1.357   1.043   1.310
  17 1965.3  11/2-   7/2  29    0.22    4.76    4.21   15.32    3.18      11.05   10.84    0.10   -1.12      1.476   1.189   1.255
  18 2040.9   7/2-   5/2  28    0.79    5.26    5.18    7.30    1.59      10.47   10.30    0.13   -2.50      1.398   1.131   1.608
  19 2136.2   9/2-   7/2  34    0.04   19.01   18.39    5.81    3.44      16.74   16.93    0.02   -4.49      2.237   1.857   0.276
  20 2191.3  13/2-   5/2  30    0.08   21.96   21.37    7.73    4.92      15.27   15.75    0.03   -2.99      2.040   1.728   0.429
  
  21 2194.2   9/2-   7/2  36   -1.49    3.58    3.30   10.42    2.44       8.81    8.82    0.16   -1.23      1.178   0.968   1.945
  22 2253.0   7/2-   5/2  30    0.16   21.75   21.45    6.47    3.82      17.36   17.67    0.03   -5.83      2.320   1.940   0.340
  23 2278.4   5/2-   1/2  32   -0.09    4.87    5.62    0.99   -0.18      10.16   10.92    0.22   -2.60      1.358   1.199   2.743
  24 2610.5   5/2-   5/2  30    1.45   22.42   22.53    5.03    3.71      18.20   18.52    0.03   -6.43      2.432   2.033   0.365
  25 2728.3   1/2-   1/2  35    0.51   16.62   17.58    0.29   -0.83      17.84   18.80    0.03   -5.81      2.384   2.063   0.330
  
  26 2775.4  11/2-   1/2  31   -0.10   18.68   18.04    5.99    3.34      18.96   19.58    0.03   -3.67      2.533   2.148   0.396
  27 3302.8  13/2-   7/2  29    0.23    4.75    4.20   15.22    2.87      16.39   16.35    0.10   -0.72      2.190   1.794   1.268
  28 3369.2  11/2-   7/2  29   -0.29    4.24    3.79   15.17    2.24      16.33   15.73    0.11   -1.73      2.182   1.726   1.403
  29 3841.5  13/2-   1/2  31    0.10   15.25   14.60    2.93    2.31      24.63   24.57    0.01   -2.37      3.291   2.696   0.154
  30 4885.9  13/2-   7/2  36   -1.33    3.80    3.57   10.23    1.82      20.15   20.57    0.15   -0.76      2.692   2.258   1.881
  
  31 8500.1   1/2-   1/2  25    0.58    4.11   11.21    0.88    0.74       3.90   11.23    0.55   -3.93      0.520   1.233   6.840
  3248255.8   1/2-   1/2  33   -0.01    5.54    5.60    3.69   -0.18       5.95    5.99    3.95   -3.76      0.795   0.657  49.387
