1SPECTRUM OF (Z= 82 A=207) IN PARTICLE-ROTOR  MODEL WITH MODIFIED OSCILLATOR POTENTIAL


 PARITY=-   EPS= 0.272   GAMMA=  0.0   EPS4=0.000   EPS6=0.000   LEVELS:  25  26  27  28  29  30  31  32  33  34  35  36  37  38  39

 PAIRING FACTORS: GN0= 19.20  GN1=  7.40  IPAIR= 15 ***  E2PLUS(INPUT)=   0.730  E2PLUR(INPUT)=   0.000

 CORIOLIS ATTENUATION PARAMETERS:  CHSI=1.000  ETA=  1.00

 MOMENT OF INERTIA PARAMETERS:   A1=  0.122 MEV   A2=  0.122 MEV   A3=121.91924 MEV


 DELTA=0.946 MEV  LAMBDA=53.3307 MEV   HW0= 7.4766 MEV   LAMBDA/HW0= 7.1330

 E2ENERGY=0.730 MEV  HBAR**2/B=13718./A**(7/3)=2319.0/A**2 MEV

 IREC=0  =>  RECOIL TERMS j+j-, j+j+, jzjz, ETC TREATED AS ONE-BODY OPERATORS WITH UU+VV PAIRING FACTORS



 S. P. LEVEL   EQP       U     V        (UU + VV)**1.00

     25       4.117    0.116 0.993      1.000 1.000 0.999 0.983 0.980 0.976 0.939 0.847 0.665 0.423 0.405 0.365 0.301 0.294 0.241
     26       3.637    0.131 0.991      1.000 1.000 1.000 0.986 0.983 0.979 0.944 0.855 0.677 0.437 0.419 0.379 0.316 0.309 0.256
     27       3.087    0.155 0.988      0.999 1.000 1.000 0.990 0.987 0.984 0.952 0.868 0.695 0.458 0.441 0.401 0.339 0.332 0.279
     28       1.674    0.296 0.955      0.983 0.986 0.990 1.000 1.000 0.999 0.986 0.930 0.791 0.582 0.565 0.529 0.471 0.464 0.415
     29       1.597    0.312 0.950      0.980 0.983 0.987 1.000 1.000 1.000 0.989 0.936 0.801 0.595 0.579 0.543 0.486 0.479 0.430
     30       1.520    0.330 0.944      0.976 0.979 0.984 0.999 1.000 1.000 0.991 0.943 0.812 0.610 0.595 0.559 0.502 0.496 0.447
     31       1.175    0.451 0.892      0.939 0.944 0.952 0.986 0.989 0.991 1.000 0.978 0.882 0.709 0.695 0.663 0.612 0.606 0.561
     32       0.969    0.626 0.780      0.847 0.855 0.868 0.930 0.936 0.943 0.978 1.000 0.960 0.840 0.829 0.804 0.762 0.757 0.720
     33       1.006    0.819 0.574      0.665 0.677 0.695 0.791 0.801 0.812 0.882 0.960 1.000 0.958 0.952 0.938 0.912 0.909 0.885
     34       1.583    0.949 0.315      0.423 0.437 0.458 0.582 0.595 0.610 0.709 0.840 0.958 1.000 1.000 0.998 0.992 0.991 0.981
     35       1.673    0.955 0.296      0.405 0.419 0.441 0.565 0.579 0.595 0.695 0.829 0.952 1.000 1.000 0.999 0.994 0.993 0.985
     36       1.924    0.967 0.254      0.365 0.379 0.401 0.529 0.543 0.559 0.663 0.804 0.938 0.998 0.999 1.000 0.998 0.997 0.992
     37       2.552    0.982 0.189      0.301 0.316 0.339 0.471 0.486 0.502 0.612 0.762 0.912 0.992 0.994 0.998 1.000 1.000 0.998
     38       2.652    0.983 0.181      0.294 0.309 0.332 0.464 0.479 0.496 0.606 0.757 0.909 0.991 0.993 0.997 1.000 1.000 0.998
     39       3.764    0.992 0.127      0.241 0.256 0.279 0.415 0.430 0.447 0.561 0.720 0.885 0.981 0.985 0.992 0.998 0.998 1.000

  R CORE   ENERGY   A0R/A00=1.000    R3= 0     2  
   2( 1)    0.732                    1.000 0.000
   2( 2)  487.921                    0.000 1.000

  R CORE   ENERGY   A0R/A00=1.000    R3= 0     2  
   3( 1)  488.652                    0.000 1.000

  R CORE   ENERGY   A0R/A00=1.000    R3= 0     2     4  
   4( 1)    2.438                    1.000 0.000 0.000

  R CORE   ENERGY   A0R/A00=1.000    R3= 0     2     4  
   5( 1)  490.847                    0.000 1.000 0.000

  R CORE   ENERGY   A0R/A00=1.000    R3= 0     2     4     6  
   6( 1)    5.121                    1.000 0.000 0.000 0.000

  R CORE   ENERGY   A0R/A00=1.000    R3= 0     2     4     6  
   7( 1)  494.017                    0.000 1.000 0.000 0.000

          AXIAL SYMMETRY => K RESTRICTED TO OMEGA

                     K
     S.P. ORB#: 25  0.50
     S.P. ORB#: 26  2.50
     S.P. ORB#: 27 -3.50
     S.P. ORB#: 28  0.50
     S.P. ORB#: 29 -3.50
     S.P. ORB#: 30 -1.50
     S.P. ORB#: 31  4.50
     S.P. ORB#: 32  0.50
     S.P. ORB#: 33 -1.50
     S.P. ORB#: 34  2.50
     S.P. ORB#: 35 -1.50
     S.P. ORB#: 36  2.50
     S.P. ORB#: 37  0.50
     S.P. ORB#: 38 -3.50
     S.P. ORB#: 39  0.50
 

             ENERGY    K= OMEGA
 
 I=  1/2- (1)  2.813  28: 0.820
                      37: 0.572
 
 I=  1/2- (2)  2.883  25:-0.072
                      28: 0.570
                      37:-0.818
 
 I=  1/2- (3)  5.552  25: 0.997
                      37:-0.059
 
 I=  1/2- (4)  6.423  32: 0.657
                      39:-0.754
 
 I=  1/2- (5)  9.504  32:-0.754
                      39:-0.657

             ENERGY    K= OMEGA
 
 I=  3/2- (1)  2.160  25: 0.082
                      28: 0.305
                      30: 0.174
                      35: 0.928
                      37:-0.090
 
 I=  3/2- (2)  2.681  25:-0.085
                      28: 0.253
                      30:-0.953
                      35: 0.112
                      37: 0.090
 
 I=  3/2- (3)  2.981  25:-0.218
                      28:-0.841
                      30:-0.133
                      35: 0.351
                      37: 0.322
 
 I=  3/2- (4)  3.614  25:-0.169
                      28:-0.275
                      30:-0.142
                      37:-0.935
 
 I=  3/2- (5)  4.716  32:-0.824
                      33:-0.362
                      39: 0.436

             ENERGY    K= OMEGA
 
 I=  5/2- (1)  2.317  25: 0.140
                      28:-0.281
                      30:-0.415
                      35: 0.420
                      36: 0.737
                      37:-0.097
 
 I=  5/2- (2)  2.805  25: 0.081
                      26:-0.050
                      28: 0.124
                      30:-0.439
                      35:-0.837
                      36: 0.242
                      37:-0.152
 
 I=  5/2- (3)  2.967  25:-0.226
                      28: 0.483
                      30: 0.502
                      35:-0.094
                      36: 0.603
                      37: 0.303
 
 I=  5/2- (4)  3.711  25:-0.182
                      28: 0.054
                      30: 0.312
                      36: 0.097
                      37:-0.925
 
 I=  5/2- (5)  4.183  25:-0.078
                      28: 0.787
                      30:-0.476
                      35: 0.333
                      36:-0.157
                      37:-0.108

             ENERGY    K= OMEGA
 
 I=  7/2- (1)  2.352  26: 0.219
                      27:-0.067
                      29:-0.972
 
 I=  7/2- (2)  2.975  28: 0.284
                      30:-0.352
                      35: 0.516
                      36:-0.724
 
 I=  7/2- (3)  3.190  32:-0.746
                      33:-0.562
                      34:-0.327
                      38:-0.127
                      39: 0.065
 
 I=  7/2- (4)  3.306  25:-0.271
                      28:-0.471
                      29: 0.059
                      30:-0.487
                      35:-0.552
                      36:-0.342
                      37: 0.204
 
 I=  7/2- (5)  4.207  27: 0.091
                      28: 0.508
                      30:-0.703
                      35:-0.077
                      36: 0.479

             ENERGY    K= OMEGA
 
 I=  9/2- (1)  1.983  26: 0.065
                      27:-0.232
                      29: 0.178
                      31: 0.954
 
 I=  9/2- (2)  3.254  25:-0.053
                      26: 0.294
                      27: 0.099
                      28: 0.058
                      29: 0.918
                      30: 0.116
                      31:-0.166
                      36:-0.116
 
 I=  9/2- (3)  3.423  25:-0.309
                      26:-0.059
                      28: 0.431
                      29:-0.157
                      30: 0.566
                      35:-0.334
                      36:-0.472
                      37: 0.182
 
 I=  9/2- (4)  4.464  32: 0.244
                      33:-0.609
                      34: 0.645
                      38:-0.392
 
 I=  9/2- (5)  4.524  25: 0.221
                      26:-0.063
                      27: 0.060
                      28:-0.119
                      30:-0.427
                      35:-0.679
                      36:-0.417
                      37:-0.330

             ENERGY    K= OMEGA
 
 I= 11/2- (1)  2.342  32:-0.692
                      33:-0.577
                      34:-0.389
                      38:-0.189
 
 I= 11/2- (2)  2.992  26:-0.109
                      27:-0.312
                      29: 0.247
                      31:-0.911
 
 I= 11/2- (3)  4.389  26: 0.350
                      27:-0.128
                      29:-0.886
                      30:-0.081
                      31:-0.238
                      35:-0.056
                      36:-0.088
 
 I= 11/2- (4)  4.900  28:-0.354
                      30: 0.413
                      31:-0.053
                      35:-0.523
                      36: 0.650
 
 I= 11/2- (5)  5.178  25:-0.375
                      28:-0.526
                      29: 0.128
                      30:-0.519
                      35:-0.406
                      36:-0.277
                      37: 0.230

             ENERGY    K= OMEGA
 
 I= 13/2- (1)  4.221  26:-0.148
                      27: 0.361
                      29:-0.294
                      31:-0.871
 
 I= 13/2- (2)  4.592  32: 0.229
                      33:-0.589
                      34: 0.653
                      38:-0.418
 
 I= 13/2- (3)  5.328  25:-0.406
                      28: 0.472
                      29: 0.094
                      30: 0.594
                      35:-0.261
                      36:-0.371
                      37: 0.206
 
 I= 13/2- (4)  5.769  26: 0.385
                      27: 0.154
                      28:-0.075
                      29: 0.850
                      31:-0.292
                      35: 0.105
 
 I= 13/2- (5)  7.189  25: 0.221
                      26:-0.060
                      27: 0.068
                      28:-0.102
                      29: 0.069
                      30:-0.288
                      35:-0.658
                      36:-0.541
                      37:-0.341

             ENERGY     K= 1/2
  35 LEVELS    TIME=  0.0 SEC



 ******************* EXCITATION ENERGIES, DOMINANT CONFIGURATION AND EXPECTATION VALUES (WITH S.P. UU+VV FACTORS) *******************

  NR  Eex(keV)  I   Kdom  NY    <Jz>  <Jx**2> <Jy**2> <Jz**2> <I.j>/|I|  <Rx**2> <Ry**2> <Rz**2> <R.j>/|R|  <HROTx> <HROTy> <HROTz>

   1    0.0   9/2-   9/2  31    3.80    2.59    2.59   19.50    4.41       2.79    2.79   -0.00   -1.17      0.340   0.340  -0.003
   2  177.0   3/2-  -3/2  35   -1.28    1.87    1.87    2.03    1.47       1.92    1.92   -0.00   -1.50      0.234   0.234  -0.000
   3  334.2   5/2-   5/2  36    0.89    2.73    2.73    4.21    2.45       1.96    1.96    0.00   -1.22      0.239   0.239   0.000
   4  359.1  11/2-   1/2  32   -0.01   26.13   26.13    2.25    6.72       4.94    4.94    0.00   -4.56      0.602   0.602   0.000
   5  369.1   7/2-  -7/2  29   -3.20    2.31    2.31   11.93    3.40       2.67    2.67    0.00   -1.33      0.325   0.325   0.004
  
   6  698.5   3/2-  -3/2  30   -1.34    4.54    4.54    2.09    1.48       4.60    4.60    0.00   -2.74      0.561   0.561   0.000
   7  822.0   5/2-  -3/2  35   -1.16    1.95    1.95    2.40    1.01       4.53    4.53   -0.00   -1.10      0.552   0.552  -0.000
   8  830.6   1/2-   1/2  28    0.50    3.69    3.69    0.25    0.81       3.49    3.49    0.00   -2.62      0.426   0.426   0.000
   9  900.1   1/2-   1/2  37    0.50    2.25    2.25    0.25    0.29       2.49    2.49    0.00   -2.01      0.304   0.304   0.000
  10  984.7   5/2-   5/2  36    0.71    3.61    3.61    2.95    1.76       4.25    4.25    0.00   -1.70      0.518   0.518   0.000
  
  11  993.0   7/2-   5/2  36    0.76    2.45    2.45    4.22    1.91       4.86    4.86   -0.00   -0.49      0.593   0.593  -0.000
  12  998.6   3/2-   1/2  28    0.22    3.59    3.59    0.53    0.62       4.52    4.52    0.00   -2.16      0.551   0.551   0.000
  13 1009.2  11/2-   9/2  31    3.21    2.85    2.85   18.81    3.96       6.46    6.46   -0.00   -0.23      0.788   0.788  -0.005
  14 1207.6   7/2-   1/2  32    0.02   25.30   25.30    1.72    6.40       8.63    8.63    0.00   -6.48      1.052   1.052   0.000
  15 1271.4   9/2-  -7/2  29   -2.63    2.47    2.47   11.65    2.95       6.01    6.01    0.00   -0.56      0.733   0.733   0.006
  
  16 1323.0   7/2-  -3/2  35   -0.36    2.84    2.84    2.09    1.49       5.83    5.83   -0.00   -0.54      0.711   0.711  -0.000
  17 1440.1   9/2-  -3/2  30   -0.00    4.03    4.03    2.81    2.36       6.05    6.05   -0.00    0.25      0.738   0.738  -0.000
  18 1631.6   3/2-   1/2  37    0.46    1.73    1.73    0.29   -0.40       4.53    4.53    0.00   -1.51      0.553   0.553   0.000
  19 1728.3   5/2-   1/2  37    0.32    1.70    1.70    0.50    0.45       4.99    4.99    0.00   -0.81      0.608   0.608   0.000
  20 2200.7   5/2-   1/2  28   -0.13    4.25    4.25    1.07   -0.39      10.30   10.30    0.00   -2.36      1.256   1.256   0.000
  
  21 2224.2   7/2-  -3/2  30   -0.07    3.80    3.80    2.74    0.67      10.38   10.38    0.00   -1.68      1.266   1.266   0.000
  22 2238.3  13/2-   9/2  31    2.71    3.07    3.07   18.18    3.64      11.09   11.09   -0.00    0.24      1.352   1.352  -0.008
  23 2406.1  11/2-  -7/2  29   -2.24    2.55    2.55   11.79    2.66      10.40   10.40    0.00   -0.21      1.268   1.268   0.007
  24 2481.9   9/2-   5/2  34   -0.02   25.72   25.72    5.33    5.75      12.17   12.17    0.00   -5.71      1.484   1.484   0.000
  25 2541.5   9/2-  -3/2  35   -0.45    2.34    2.34    2.69    1.08      10.69   10.69    0.00   -0.43      1.304   1.304   0.000
  
  26 2609.9  13/2-   5/2  34   -0.04   25.70   25.70    5.59    5.78      12.52   12.52    0.00   -3.33      1.527   1.527   0.000
  27 2733.7   3/2-   1/2  32    0.24   19.49   19.49    0.51    4.36      13.17   13.17   -0.00   -6.05      1.606   1.606  -0.000
  28 2917.5  11/2-   5/2  36    0.46    2.74    2.74    3.77    1.61      12.89   12.89   -0.00    0.07      1.571   1.571  -0.000
  29 3195.0  11/2-   1/2  28   -0.28    3.34    3.34    1.80    1.55      12.86   12.86    0.00    0.15      1.568   1.568   0.000
  30 3345.1  13/2-  -3/2  30   -0.10    4.60    4.60    2.04    2.40      13.25   13.25    0.00    1.07      1.616   1.616   0.000
  
  31 3569.4   1/2-   1/2  25    0.50    6.02    6.02    0.25    0.69       5.93    5.93   -0.00   -3.40      0.722   0.722  -0.000
  32 3786.9  13/2-  -7/2  29   -1.87    2.66    2.66   11.83    2.45      15.85   15.85    0.00   -0.01      1.933   1.933   0.009
  33 4440.8   1/2-   1/2  39    0.50   13.41   13.41    0.25   -2.23      15.85   15.85   -0.00   -5.15      1.932   1.932  -0.000
  34 5207.0  13/2-  -3/2  35    0.03    2.15    2.15    3.22    0.96      21.41   21.41    0.00   -0.12      2.611   2.611   0.000
  35 7521.1   1/2-   1/2  32    0.50   26.40   26.40    0.25   -3.65      30.06   30.06    0.00   -7.25      3.665   3.665   0.000
  
