1SPECTRUM OF (Z= 82 A=207) IN PARTICLE-ROTOR  MODEL WITH MODIFIED OSCILLATOR POTENTIAL


 PARITY=-   EPS= 0.286   GAMMA=  0.0   EPS4=0.000   EPS6=0.000   LEVELS:  26  27  28  29  30  31  32  33  34  35  36  37  38  39  40

 PAIRING FACTORS: GN0= 19.20  GN1=  7.40  IPAIR= 15 ***  E2PLUS(INPUT)=   0.730  E2PLUR(INPUT)=   0.000

 CORIOLIS ATTENUATION PARAMETERS:  CHSI=1.000  ETA=  1.00

 MOMENT OF INERTIA PARAMETERS:   A1=  0.122 MEV   A2=  0.122 MEV   A3=121.91923 MEV


 DELTA=0.951 MEV  LAMBDA=53.3004 MEV   HW0= 7.4839 MEV   LAMBDA/HW0= 7.1220

 E2ENERGY=0.730 MEV  HBAR**2/B=15167./A**(7/3)=2563.9/A**2 MEV

 IREC=0  =>  RECOIL TERMS j+j-, j+j+, jzjz, ETC TREATED AS ONE-BODY OPERATORS WITH UU+VV PAIRING FACTORS



 S. P. LEVEL   EQP       U     V        (UU + VV)**1.00

     26       3.509    0.137 0.991      1.000 1.000 0.983 0.974 0.973 0.912 0.909 0.749 0.465 0.391 0.359 0.318 0.307 0.270 0.252
     27       2.956    0.163 0.987      1.000 1.000 0.987 0.980 0.979 0.923 0.920 0.767 0.489 0.416 0.384 0.343 0.332 0.296 0.278
     28       1.578    0.318 0.948      0.983 0.987 1.000 0.999 0.999 0.972 0.971 0.859 0.621 0.555 0.526 0.488 0.478 0.444 0.427
     29       1.428    0.356 0.934      0.974 0.980 0.999 1.000 1.000 0.981 0.980 0.879 0.653 0.588 0.560 0.523 0.513 0.480 0.464
     30       1.407    0.363 0.932      0.973 0.979 0.999 1.000 1.000 0.982 0.981 0.882 0.658 0.594 0.566 0.529 0.519 0.486 0.470
     31       1.057    0.531 0.847      0.912 0.923 0.972 0.981 0.982 1.000 1.000 0.955 0.787 0.734 0.710 0.679 0.670 0.642 0.627
     32       1.050    0.537 0.844      0.909 0.920 0.971 0.980 0.981 1.000 1.000 0.957 0.791 0.739 0.715 0.683 0.675 0.646 0.632
     33       0.962    0.758 0.652      0.749 0.767 0.859 0.879 0.882 0.955 0.957 1.000 0.935 0.903 0.887 0.866 0.860 0.840 0.830
     34       1.488    0.940 0.340      0.465 0.489 0.621 0.653 0.658 0.787 0.791 0.935 1.000 0.997 0.993 0.987 0.985 0.978 0.974
     35       1.883    0.965 0.262      0.391 0.416 0.555 0.588 0.594 0.734 0.739 0.903 0.997 1.000 0.999 0.997 0.996 0.992 0.989
     36       2.143    0.974 0.228      0.359 0.384 0.526 0.560 0.566 0.710 0.715 0.887 0.993 0.999 1.000 0.999 0.998 0.996 0.994
     37       2.613    0.983 0.185      0.318 0.343 0.488 0.523 0.529 0.679 0.683 0.866 0.987 0.997 0.999 1.000 1.000 0.999 0.998
     38       2.782    0.985 0.174      0.307 0.332 0.478 0.513 0.519 0.670 0.675 0.860 0.985 0.996 0.998 1.000 1.000 0.999 0.998
     39       3.527    0.991 0.136      0.270 0.296 0.444 0.480 0.486 0.642 0.646 0.840 0.978 0.992 0.996 0.999 0.999 1.000 1.000
     40       4.068    0.993 0.118      0.252 0.278 0.427 0.464 0.470 0.627 0.632 0.830 0.974 0.989 0.994 0.998 0.998 1.000 1.000

  R CORE   ENERGY   A0R/A00=1.000    R3= 0     2  
   2( 1)    0.732                    1.000 0.000
   2( 2)  487.921                    0.000 1.000

  R CORE   ENERGY   A0R/A00=1.000    R3= 0     2  
   3( 1)  488.652                    0.000 1.000

  R CORE   ENERGY   A0R/A00=1.000    R3= 0     2     4  
   4( 1)    2.438                    1.000 0.000 0.000

  R CORE   ENERGY   A0R/A00=1.000    R3= 0     2     4  
   5( 1)  490.847                    0.000 1.000 0.000

  R CORE   ENERGY   A0R/A00=1.000    R3= 0     2     4     6  
   6( 1)    5.121                    1.000 0.000 0.000 0.000

  R CORE   ENERGY   A0R/A00=1.000    R3= 0     2     4     6  
   7( 1)  494.017                    0.000 1.000 0.000 0.000

          AXIAL SYMMETRY => K RESTRICTED TO OMEGA

                     K
     S.P. ORB#: 26  2.50
     S.P. ORB#: 27 -3.50
     S.P. ORB#: 28  0.50
     S.P. ORB#: 29 -1.50
     S.P. ORB#: 30 -3.50
     S.P. ORB#: 31  0.50
     S.P. ORB#: 32  4.50
     S.P. ORB#: 33 -1.50
     S.P. ORB#: 34  2.50
     S.P. ORB#: 35 -1.50
     S.P. ORB#: 36  2.50
     S.P. ORB#: 37 -3.50
     S.P. ORB#: 38  0.50
     S.P. ORB#: 39  0.50
     S.P. ORB#: 40  4.50
 

             ENERGY    K= OMEGA
 
 I=  1/2- (1)  2.757  28: 0.992
                      38: 0.123
 
 I=  1/2- (2)  3.112  28: 0.123
                      38:-0.992
 
 I=  1/2- (3)  6.350  31:-0.621
                      39: 0.784
 
 I=  1/2- (4)  9.225  31: 0.784
                      39: 0.621
 
 I=  1/2- (5)147.265  33: 1.000

             ENERGY    K= OMEGA
 
 I=  3/2- (1)  2.366  28: 0.337
                      29: 0.163
                      35: 0.921
                      38:-0.105
 
 I=  3/2- (2)  2.625  28:-0.383
                      29: 0.922
                      38:-0.052
 
 I=  3/2- (3)  3.142  28: 0.794
                      29: 0.296
                      35:-0.385
                      38:-0.365
 
 I=  3/2- (4)  3.900  28:-0.331
                      29:-0.188
                      38:-0.924
 
 I=  3/2- (5)  4.731  31: 0.818
                      33: 0.371
                      39:-0.439

             ENERGY    K= OMEGA
 
 I=  5/2- (1)  2.543  28: 0.269
                      29: 0.425
                      35:-0.416
                      36:-0.749
                      38: 0.116
 
 I=  5/2- (2)  2.973  26:-0.055
                      28: 0.217
                      29:-0.447
                      35:-0.816
                      36: 0.255
                      38:-0.139
 
 I=  5/2- (3)  3.215  28: 0.489
                      29: 0.531
                      35:-0.052
                      36: 0.567
                      38: 0.393
 
 I=  5/2- (4)  3.994  28: 0.199
                      29:-0.536
                      35: 0.153
                      36:-0.197
                      38: 0.781
 
 I=  5/2- (5)  4.206  28:-0.776
                      29: 0.220
                      35:-0.365
                      36: 0.119
                      38: 0.449

             ENERGY    K= OMEGA
 
 I=  7/2- (1)  2.170  26:-0.214
                      27: 0.063
                      30: 0.974
 
 I=  7/2- (2)  3.124  28: 0.342
                      29:-0.431
                      35: 0.480
                      36:-0.681
 
 I=  7/2- (3)  3.218  31:-0.741
                      33:-0.567
                      34:-0.331
                      37:-0.130
 
 I=  7/2- (4)  3.696  28:-0.386
                      29:-0.447
                      35:-0.667
                      36:-0.385
                      38: 0.229
 
 I=  7/2- (5)  4.212  26: 0.062
                      27: 0.121
                      28: 0.539
                      29:-0.620
                      35:-0.190
                      36: 0.519

             ENERGY    K= OMEGA
 
 I=  9/2- (1)  1.873  26: 0.065
                      27:-0.226
                      30: 0.183
                      32: 0.954
 
 I=  9/2- (2)  3.083  26: 0.293
                      27: 0.094
                      30: 0.932
                      32:-0.176
                      36:-0.052
 
 I=  9/2- (3)  3.915  28:-0.358
                      29:-0.505
                      35: 0.425
                      36: 0.624
                      38:-0.205
 
 I=  9/2- (4)  4.263  31: 0.216
                      33:-0.555
                      34: 0.628
                      37:-0.457
                      40: 0.204
 
 I=  9/2- (5)  4.809  26: 0.070
                      28:-0.161
                      29: 0.509
                      30:-0.070
                      35: 0.769
                      36:-0.099
                      38: 0.322

             ENERGY    K= OMEGA
 
 I= 11/2- (1)  2.347  31:-0.668
                      33:-0.568
                      34:-0.404
                      37:-0.237
                      40:-0.099
 
 I= 11/2- (2)  2.897  26:-0.109
                      27:-0.304
                      30: 0.255
                      32:-0.911
 
 I= 11/2- (3)  4.225  26:-0.344
                      27: 0.126
                      30: 0.893
                      32: 0.248
                      36: 0.065
 
 I= 11/2- (4)  5.027  28:-0.402
                      29: 0.460
                      35:-0.493
                      36: 0.614
 
 I= 11/2- (5)  5.756  31: 0.497
                      33: 0.060
                      34:-0.432
                      37:-0.615
                      39:-0.081
                      40:-0.422

             ENERGY    K= OMEGA
 
 I= 13/2- (1)  4.066  31:-0.184
                      33: 0.494
                      34:-0.613
                      37: 0.517
                      40:-0.281
 
 I= 13/2- (2)  4.141  26: 0.149
                      27:-0.353
                      30: 0.303
                      32: 0.872
 
 I= 13/2- (3)  5.600  26: 0.378
                      27: 0.157
                      29: 0.070
                      30: 0.855
                      32:-0.297
                      36:-0.084
 
 I= 13/2- (4)  6.267  28:-0.397
                      29:-0.523
                      30: 0.055
                      32:-0.062
                      35: 0.417
                      36: 0.564
                      38:-0.259
 
 I= 13/2- (5)  7.572  26: 0.066
                      28:-0.062
                      29: 0.463
                      30:-0.094
                      35: 0.709
                      36: 0.094
                      38: 0.505

             ENERGY     K= 9/2
  35 LEVELS    TIME=  0.0 SEC



 ******************* EXCITATION ENERGIES, DOMINANT CONFIGURATION AND EXPECTATION VALUES (WITH S.P. UU+VV FACTORS) *******************

  NR  Eex(keV)  I   Kdom  NY    <Jz>  <Jx**2> <Jy**2> <Jz**2> <I.j>/|I|  <Rx**2> <Ry**2> <Rz**2> <R.j>/|R|  <HROTx> <HROTy> <HROTz>

   1    0.0   9/2-   9/2  32    3.81    2.58    2.58   19.51    4.39       2.89    2.89   -0.00   -1.19      0.352   0.352  -0.000
   2  296.2   7/2-  -7/2  30   -3.22    2.31    2.31   11.96    3.39       2.71    2.71   -0.00   -1.34      0.330   0.330  -0.000
   3  473.8  11/2-   1/2  31   -0.00   25.68   25.68    2.75    6.74       4.63    4.63    0.00   -4.54      0.565   0.565   0.000
   4  492.2   3/2-  -3/2  35   -1.25    1.96    1.96    2.00    1.39       2.13    2.13   -0.00   -1.56      0.260   0.260  -0.000
   5  669.3   5/2-   5/2  36    0.91    2.59    2.59    4.32    2.25       2.49    2.49    0.00   -1.29      0.303   0.303   0.000
  
   6  751.7   3/2-  -3/2  29   -1.20    4.53    4.53    1.95    1.33       4.80    4.80   -0.00   -2.72      0.586   0.586  -0.000
   7  883.7   1/2-   1/2  28    0.50    4.53    4.53    0.25    0.30       4.76    4.76    0.00   -2.93      0.581   0.581   0.000
   8 1024.0  11/2-   9/2  32    3.22    2.83    2.83   18.82    3.93       6.64    6.64   -0.00   -0.28      0.809   0.809  -0.000
   9 1099.5   5/2-  -3/2  35   -1.09    2.07    2.07    2.39    0.98       4.74    4.74   -0.00   -1.18      0.578   0.578  -0.000
  10 1209.2   9/2-  -7/2  30   -2.72    2.43    2.43   11.95    2.95       6.11    6.11   -0.00   -0.61      0.745   0.745  -0.000
  
  11 1238.2   1/2-   1/2  38    0.50    1.49    1.49    0.25    0.65       1.43    1.43    0.00   -1.58      0.174   0.174   0.000
  12 1250.9   7/2-   5/2  36    0.59    2.76    2.76    3.90    1.89       5.08    5.08   -0.00   -0.60      0.619   0.619  -0.000
  13 1268.3   3/2-   1/2  28    0.03    3.67    3.67    0.72    0.15       5.63    5.63   -0.00   -2.32      0.686   0.686  -0.000
  14 1341.5   5/2-   5/2  36    0.57    3.25    3.25    2.75    1.23       5.37    5.37   -0.00   -1.72      0.655   0.655  -0.000
  15 1344.5   7/2-   1/2  31    0.01   25.06   25.06    1.75    6.34       8.66    8.66    0.00   -6.42      1.056   1.056   0.000
  
  16 1822.8   7/2-  -3/2  35   -0.50    2.38    2.38    2.48    0.97       7.63    7.63   -0.00   -0.86      0.930   0.930  -0.000
  17 2026.8   3/2-   1/2  38    0.42    2.08    2.08    0.33   -0.63       5.33    5.33    0.00   -1.75      0.650   0.650   0.000
  18 2041.6   9/2-   5/2  36    0.40    3.02    3.02    3.52    1.76       8.39    8.39   -0.00   -0.19      1.023   1.023  -0.000
  19 2121.0   5/2-   1/2  38   -0.04    2.64    2.64    1.10    0.21       6.95    6.95    0.00   -1.55      0.848   0.848   0.000
  20 2192.4  13/2-   5/2  34    0.01   24.86   24.86    7.78    6.31       9.09    9.09    0.00   -3.16      1.108   1.108   0.000
  
  21 2267.6  13/2-   9/2  32    2.72    3.05    3.05   18.19    3.61      11.34   11.34   -0.00    0.19      1.383   1.383  -0.000
  22 2332.3   5/2-   1/2  28    0.17    3.42    3.42    0.70   -0.50       9.61    9.61   -0.00   -2.05      1.171   1.171  -0.000
  23 2339.0   7/2-  -3/2  29    0.15    3.58    3.58    2.91    0.67      10.26   10.26   -0.00   -1.64      1.250   1.250  -0.000
  24 2351.3  11/2-  -7/2  30   -2.27    2.54    2.54   11.97    2.66      10.51   10.51    0.00   -0.25      1.282   1.282   0.000
  25 2389.6   9/2-   5/2  34    0.00   25.15   25.15    6.57    6.05      10.72   10.72    0.00   -5.78      1.307   1.307   0.000
  
  26 2857.6   3/2-   1/2  31    0.23   19.36   19.36    0.52    4.30      13.17   13.17   -0.00   -6.03      1.605   1.605  -0.000
  27 2935.5   9/2-  -3/2  35   -1.19    2.13    2.13    2.10    0.70      12.10   12.10   -0.00   -0.59      1.475   1.475  -0.000
  28 3153.3  11/2-   5/2  36    0.35    2.98    2.98    3.50    1.59      13.08   13.08   -0.00    0.01      1.594   1.594  -0.000
  29 3726.8  13/2-  -7/2  30   -1.88    2.63    2.63   11.99    2.45      15.91   15.91    0.00   -0.03      1.940   1.940   0.000
  30 3882.0  11/2-  -7/2  37    0.06   23.50   23.50    9.48    5.33      14.26   14.26    0.00   -4.61      1.739   1.739   0.000
  
  31 4393.4  13/2-   5/2  36    0.24    3.17    3.17    3.18    1.58      18.10   18.10   -0.00    0.25      2.207   2.207  -0.000
  32 4476.3   1/2-   1/2  39    0.50   13.16   13.16    0.25   -2.10      15.48   15.48    0.00   -5.10      1.887   1.887   0.000
  33 5698.6  13/2-  -3/2  35   -0.95    1.99    1.99    1.90    0.65      22.77   22.77   -0.00   -0.20      2.776   2.776  -0.000
  34 7351.3   1/2-   1/2  31    0.50   25.98   25.98    0.25   -3.60      29.60   29.60    0.00   -7.19      3.608   3.608   0.000
  35*******   1/2-  -3/2  33    0.00    0.00    0.00    0.00   -0.00       0.00    0.00    0.00   -0.00      0.000   0.000   0.000
  
