1SPECTRUM OF (Z= 82 A=207) IN PARTICLE-ROTOR  MODEL WITH MODIFIED OSCILLATOR POTENTIAL


 PARITY=-   EPS= 0.354   GAMMA=  0.0   EPS4=0.000   EPS6=0.000   LEVELS:  26  27  28  29  30  31  32  33  34  35  36  37  38  39  40

 PAIRING FACTORS: GN0= 19.20  GN1=  7.40  IPAIR= 15 ***  E2PLUS(INPUT)=   0.730  E2PLUR(INPUT)=   0.000

 CORIOLIS ATTENUATION PARAMETERS:  CHSI=1.000  ETA=  1.00

 MOMENT OF INERTIA PARAMETERS:   A1=  0.122 MEV   A2=  0.122 MEV   A3=121.91922 MEV


 DELTA=0.893 MEV  LAMBDA=53.3872 MEV   HW0= 7.5257 MEV   LAMBDA/HW0= 7.0940

 E2ENERGY=0.730 MEV  HBAR**2/B=23236./A**(7/3)=3928.0/A**2 MEV

 IREC=0  =>  RECOIL TERMS j+j-, j+j+, jzjz, ETC TREATED AS ONE-BODY OPERATORS WITH UU+VV PAIRING FACTORS



 S. P. LEVEL   EQP       U     V        (UU + VV)**1.00

     26       3.037    0.149 0.989      1.000 0.999 0.998 0.981 0.966 0.947 0.806 0.697 0.600 0.357 0.350 0.307 0.292 0.267 0.257
     27       2.477    0.183 0.983      0.999 1.000 1.000 0.987 0.975 0.958 0.827 0.721 0.627 0.390 0.383 0.340 0.326 0.300 0.291
     28       2.179    0.209 0.978      0.998 1.000 1.000 0.991 0.980 0.965 0.841 0.740 0.648 0.414 0.407 0.365 0.351 0.326 0.316
     29       1.399    0.339 0.941      0.981 0.987 0.991 1.000 0.998 0.992 0.906 0.823 0.744 0.533 0.527 0.487 0.474 0.450 0.441
     30       1.221    0.399 0.917      0.966 0.975 0.980 0.998 1.000 0.998 0.932 0.858 0.786 0.586 0.580 0.542 0.529 0.506 0.497
     31       1.096    0.458 0.889      0.947 0.958 0.965 0.992 0.998 1.000 0.953 0.890 0.825 0.638 0.632 0.596 0.584 0.562 0.553
     32       0.893    0.705 0.709      0.806 0.827 0.841 0.906 0.932 0.953 1.000 0.986 0.957 0.841 0.836 0.811 0.801 0.785 0.779
     33       0.943    0.813 0.582      0.697 0.721 0.740 0.823 0.858 0.890 0.986 1.000 0.992 0.919 0.916 0.897 0.890 0.877 0.872
     34       1.069    0.881 0.474      0.600 0.627 0.648 0.744 0.786 0.825 0.957 0.992 1.000 0.962 0.960 0.946 0.941 0.931 0.927
     35       2.130    0.977 0.215      0.357 0.390 0.414 0.533 0.586 0.638 0.841 0.919 0.962 1.000 1.000 0.999 0.998 0.995 0.994
     36       2.203    0.978 0.207      0.350 0.383 0.407 0.527 0.580 0.632 0.836 0.916 0.960 1.000 1.000 0.999 0.998 0.996 0.995
     37       2.785    0.987 0.162      0.307 0.340 0.365 0.487 0.542 0.596 0.811 0.897 0.946 0.999 0.999 1.000 1.000 0.999 0.999
     38       3.068    0.989 0.147      0.292 0.326 0.351 0.474 0.529 0.584 0.801 0.890 0.941 0.998 0.998 1.000 1.000 1.000 0.999
     39       3.728    0.993 0.121      0.267 0.300 0.326 0.450 0.506 0.562 0.785 0.877 0.931 0.995 0.996 0.999 1.000 1.000 1.000
     40       4.071    0.994 0.110      0.257 0.291 0.316 0.441 0.497 0.553 0.779 0.872 0.927 0.994 0.995 0.999 0.999 1.000 1.000

  R CORE   ENERGY   A0R/A00=1.000    R3= 0     2  
   2( 1)    0.732                    1.000 0.000
   2( 2)  487.921                    0.000 1.000

  R CORE   ENERGY   A0R/A00=1.000    R3= 0     2  
   3( 1)  488.652                    0.000 1.000

  R CORE   ENERGY   A0R/A00=1.000    R3= 0     2     4  
   4( 1)    2.438                    1.000 0.000 0.000

  R CORE   ENERGY   A0R/A00=1.000    R3= 0     2     4  
   5( 1)  490.847                    0.000 1.000 0.000

  R CORE   ENERGY   A0R/A00=1.000    R3= 0     2     4     6  
   6( 1)    5.121                    1.000 0.000 0.000 0.000

  R CORE   ENERGY   A0R/A00=1.000    R3= 0     2     4     6  
   7( 1)  494.017                    0.000 1.000 0.000 0.000

          AXIAL SYMMETRY => K RESTRICTED TO OMEGA

                     K
     S.P. ORB#: 26  2.50
     S.P. ORB#: 27 -3.50
     S.P. ORB#: 28  0.50
     S.P. ORB#: 29 -1.50
     S.P. ORB#: 30  0.50
     S.P. ORB#: 31 -1.50
     S.P. ORB#: 32 -3.50
     S.P. ORB#: 33  2.50
     S.P. ORB#: 34  4.50
     S.P. ORB#: 35  0.50
     S.P. ORB#: 36 -3.50
     S.P. ORB#: 37 -1.50
     S.P. ORB#: 38  2.50
     S.P. ORB#: 39  0.50
     S.P. ORB#: 40  0.50
 

             ENERGY    K= OMEGA
 
 I=  1/2- (1)  2.486  30: 0.999
 
 I=  1/2- (2)  4.089  39: 0.999
 
 I=  1/2- (3)  5.118  28:-0.227
                      35: 0.898
                      40:-0.377
 
 I=  1/2- (4)  7.694  28:-0.539
                      35: 0.206
                      40: 0.817
 
 I=  1/2- (5)  9.145  28: 0.811
                      35: 0.388
                      40: 0.437

             ENERGY    K= OMEGA
 
 I=  3/2- (1)  2.371  30: 0.410
                      31:-0.911
 
 I=  3/2- (2)  2.672  30:-0.841
                      31:-0.380
                      37:-0.355
                      39: 0.152

             ENERGY    K= OMEGA
 
 I=  5/2- (1)  2.729  30: 0.410
                      31: 0.833
                      37:-0.108
                      38:-0.308
                      39: 0.172
 
 I=  5/2- (2)  3.382  26:-0.061
                      30: 0.741
                      31:-0.401
                      37:-0.527
                      38: 0.093
 
 I=  5/2- (3)  3.791  26: 0.056
                      30: 0.286
                      31: 0.184
                      37: 0.409
                      38: 0.829
                      39: 0.162
 
 I=  5/2- (4)  4.388  26:-0.108
                      30:-0.397
                      31: 0.309
                      37:-0.708
                      38: 0.456
                      39:-0.160
 
 I=  5/2- (5)  4.826  26: 0.977
                      37:-0.103
                      39:-0.185

             ENERGY    K= OMEGA
 
 I=  7/2- (1)  1.722  26:-0.180
                      32: 0.982
 
 I=  7/2- (2)  3.356  30:-0.521
                      31: 0.727
                      37:-0.231
                      38: 0.380
 
 I=  7/2- (3)  3.732  28:-0.684
                      29:-0.584
                      33:-0.399
                      36:-0.176
 
 I=  7/2- (4)  3.904  26: 0.063
                      30:-0.677
                      31:-0.508
                      37:-0.425
                      38:-0.203
                      39: 0.239
 
 I=  7/2- (5)  4.335  26:-0.207
                      27:-0.938
                      30:-0.101
                      31: 0.107
                      37: 0.103
                      38:-0.212

             ENERGY    K= OMEGA
 
 I=  9/2- (1)  1.982  26: 0.081
                      27:-0.175
                      32: 0.288
                      34: 0.938
 
 I=  9/2- (2)  2.720  26: 0.244
                      27: 0.093
                      32: 0.920
                      34:-0.286
 
 I=  9/2- (3)  4.142  30: 0.447
                      31: 0.731
                      32:-0.050
                      37:-0.213
                      38:-0.401
                      39: 0.237
 
 I=  9/2- (4)  4.663  28:-0.218
                      29: 0.554
                      33:-0.676
                      36: 0.434
 
 I=  9/2- (5)  5.225  26:-0.115
                      27: 0.079
                      30: 0.606
                      31:-0.463
                      32: 0.056
                      37:-0.613
                      38: 0.137

             ENERGY    K= OMEGA
 
 I= 11/2- (1)  3.097  26:-0.135
                      27:-0.237
                      32: 0.385
                      34:-0.881
 
 I= 11/2- (2)  3.114  28:-0.658
                      29:-0.581
                      33:-0.421
                      35:-0.068
                      36:-0.218
 
 I= 11/2- (3)  3.950  26:-0.285
                      27: 0.138
                      31: 0.053
                      32: 0.863
                      34: 0.385
                      38: 0.062
 
 I= 11/2- (4)  5.285  30: 0.542
                      31:-0.645
                      32: 0.057
                      37: 0.318
                      38:-0.427
 
 I= 11/2- (5)  6.093  26: 0.058
                      30:-0.609
                      31:-0.534
                      32: 0.071
                      37:-0.420
                      38:-0.272
                      39: 0.292

             ENERGY    K= OMEGA
 
 I= 13/2- (1)  4.433  26: 0.181
                      27:-0.277
                      32: 0.445
                      34: 0.832
 
 I= 13/2- (2)  5.126  28:-0.216
                      29: 0.549
                      33:-0.671
                      36: 0.449
 
 I= 13/2- (3)  5.413  26: 0.311
                      27: 0.179
                      31: 0.079
                      32: 0.812
                      34:-0.445
                      38:-0.082
 
 I= 13/2- (4)  6.508  30: 0.457
                      31: 0.679
                      32:-0.090
                      37:-0.257
                      38:-0.418
                      39: 0.279
 
 I= 13/2- (5)  8.039  26:-0.120
                      27: 0.078
                      30: 0.527
                      31:-0.478
                      32: 0.098
                      37:-0.660
                      38: 0.132
                      39:-0.102

             ENERGY     K= 1/2
  32 LEVELS    TIME=  0.0 SEC



 ******************* EXCITATION ENERGIES, DOMINANT CONFIGURATION AND EXPECTATION VALUES (WITH S.P. UU+VV FACTORS) *******************

  NR  Eex(keV)  I   Kdom  NY    <Jz>  <Jx**2> <Jy**2> <Jz**2> <I.j>/|I|  <Rx**2> <Ry**2> <Rz**2> <R.j>/|R|  <HROTx> <HROTy> <HROTz>

   1    0.0   7/2-  -7/2  32   -3.30    2.31    2.31   12.05    3.30       3.09    3.09    0.00   -1.43      0.377   0.377   0.000
   2  260.7   9/2-   9/2  34    3.58    2.52    2.52   19.25    4.21       3.58    3.58   -0.00   -1.25      0.436   0.436  -0.000
   3  648.9   3/2-  -3/2  31   -1.16    4.83    4.83    1.91    1.31       5.13    5.13    0.00   -2.82      0.625   0.625   0.000
   4  764.7   1/2-   1/2  30    0.50    4.82    4.82    0.25    0.16       5.17    5.17    0.00   -3.03      0.631   0.631   0.000
   5  950.5   3/2-   1/2  30   -0.04    4.20    4.20    0.79    0.77       4.98    4.98    0.00   -2.44      0.607   0.607   0.000
  
   6  998.6   9/2-  -7/2  32   -2.47    2.39    2.39   12.52    2.85       6.83    6.83    0.00   -0.84      0.833   0.833   0.000
   7 1007.4   5/2-  -3/2  31   -0.72    4.49    4.49    2.24    1.54       5.43    5.43    0.00   -2.02      0.663   0.663   0.000
   8 1375.3  11/2-   9/2  34    2.82    2.71    2.71   18.35    3.65       7.95    7.95    0.00   -0.49      0.970   0.970   0.000
   9 1392.4  11/2-   1/2  28   -0.01   23.86   23.86    2.56    6.22       5.81    5.81    0.00   -3.84      0.708   0.708   0.000
  10 1634.6   7/2-  -3/2  31   -0.38    4.35    4.35    2.30    1.46       7.59    7.59    0.00   -1.34      0.925   0.925   0.000
  
  11 1660.3   5/2-   1/2  30   -0.35    3.79    3.79    1.20    0.57       7.06    7.06    0.00   -1.88      0.861   0.861   0.000
  12 2010.8   7/2-   1/2  28    0.01   23.39   23.39    2.26    6.08       8.27    8.27    0.00   -6.13      1.008   1.008   0.000
  13 2069.4   5/2-   5/2  38    1.48    2.11    2.11    4.80    1.66       3.98    3.98    0.00   -1.46      0.486   0.486   0.000
  14 2182.1   7/2-   1/2  30   -0.29    3.73    3.73    1.41    0.82       9.05    9.05    0.00   -1.32      1.103   1.103   0.000
  15 2228.6  11/2-  -7/2  32   -1.80    2.48    2.48   12.89    2.55      11.56   11.56    0.00   -0.54      1.409   1.409   0.000
  
  16 2367.8   1/2-   1/2  39    0.50    1.60    1.60    0.25    0.70       1.50    1.50    0.00   -1.65      0.183   0.183   0.000
  17 2419.9   9/2-  -3/2  31   -0.35    4.17    4.17    2.42    1.53      10.16   10.16    0.00   -0.70      1.239   1.239   0.000
  18 2613.7   7/2-  -7/2  27   -2.89    5.91    5.91   11.38    3.01       7.52    7.52    0.00   -2.90      0.916   0.916   0.000
  19 2666.4   5/2-  -3/2  37   -0.25    2.80    2.80    2.76    0.22       7.90    7.90    0.00   -1.94      0.963   0.963   0.000
  20 2711.6  13/2-   9/2  34    2.23    2.89    2.89   17.58    3.27      13.23   13.23   -0.00   -0.10      1.613   1.613  -0.000
  
  21 2941.0   9/2-   5/2  33    0.05   24.22   24.22    5.86    5.24      13.46   13.46    0.00   -5.44      1.641   1.641   0.000
  22 3104.1   5/2-   5/2  26    2.39    5.84    5.84    6.00    2.02       7.25    7.25    0.00   -3.08      0.884   0.884   0.000
  23 3396.4   1/2-   1/2  35    0.50   11.23   11.23    0.25    0.71      11.12   11.12   -0.00   -4.69      1.355   1.355  -0.000
  24 3404.7  13/2-   5/2  33   -0.01   24.22   24.22    5.97    5.19      15.31   15.31    0.00   -3.28      1.867   1.867   0.000
  25 3503.1   9/2-  -3/2  37   -0.65    3.40    3.40    1.74    0.56      13.84   13.84    0.00   -1.09      1.687   1.687   0.000
  
  26 3563.1  11/2-  -3/2  31   -0.18    4.11    4.11    2.46    1.40      14.84   14.84    0.00   -0.42      1.810   1.810   0.000
  27 3691.0  13/2-  -7/2  32   -1.28    2.56    2.56   13.14    2.33      17.26   17.26    0.00   -0.34      2.105   2.105   0.000
  28 4370.9  11/2-   1/2  30   -0.29    3.53    3.53    1.70    0.79      17.54   17.54    0.00   -0.68      2.138   2.138   0.000
  29 4786.1  13/2-  -3/2  31   -0.23    4.00    4.00    2.51    1.47      19.38   19.38    0.00   -0.04      2.362   2.362   0.000
  30 5972.6   1/2-   1/2  40    0.50   16.36   16.36    0.25   -0.67      17.45   17.45    0.00   -5.68      2.127   2.127   0.000
  
  31 6316.9  13/2-  -3/2  37   -0.83    3.13    3.13    1.96    0.51      24.92   24.92    0.00   -0.66      3.038   3.038   0.000
  32 7423.5   1/2-   1/2  28    0.50   23.84   23.84    0.25   -3.21      27.12   27.12   -0.00   -6.89      3.306   3.306  -0.000
