1SPECTRUM OF (Z= 82 A=207) IN PARTICLE-ROTOR  MODEL WITH MODIFIED OSCILLATOR POTENTIAL


 PARITY=-   EPS= 0.234   GAMMA=  0.0   EPS4=0.000   EPS6=0.000   LEVELS:  25  26  27  28  29  30  31  32  33  34  35  36  37  38  39

 PAIRING FACTORS: GN0= 19.20  GN1=  7.40  IPAIR= 15 ***  E2PLUS(INPUT)=   0.730  E2PLUR(INPUT)=   0.000

 CORIOLIS ATTENUATION PARAMETERS:  CHSI=1.000  ETA=  1.00

 MOMENT OF INERTIA PARAMETERS:   A1=  0.122 MEV   A2=  0.122 MEV   A3=121.91924 MEV


 DELTA=0.940 MEV  LAMBDA=53.4537 MEV   HW0= 7.4589 MEV   LAMBDA/HW0= 7.1664

 E2ENERGY=0.730 MEV  HBAR**2/B=10153./A**(7/3)=1716.3/A**2 MEV

 IREC=0  =>  RECOIL TERMS j+j-, j+j+, jzjz, ETC TREATED AS ONE-BODY OPERATORS WITH UU+VV PAIRING FACTORS



 S. P. LEVEL   EQP       U     V        (UU + VV)**1.00

     25       4.136    0.114 0.993      1.000 1.000 1.000 0.994 0.991 0.987 0.984 0.644 0.550 0.515 0.475 0.375 0.360 0.286 0.235
     26       4.010    0.118 0.993      1.000 1.000 1.000 0.995 0.992 0.988 0.984 0.646 0.553 0.518 0.479 0.379 0.364 0.290 0.239
     27       3.470    0.137 0.991      1.000 1.000 1.000 0.996 0.994 0.991 0.987 0.661 0.569 0.534 0.495 0.396 0.381 0.308 0.257
     28       2.197    0.219 0.976      0.994 0.995 0.996 1.000 1.000 0.999 0.997 0.721 0.635 0.603 0.566 0.472 0.457 0.387 0.337
     29       1.970    0.246 0.969      0.991 0.992 0.994 1.000 1.000 1.000 0.999 0.740 0.657 0.625 0.589 0.496 0.482 0.412 0.363
     30       1.807    0.270 0.963      0.987 0.988 0.991 0.999 1.000 1.000 1.000 0.756 0.675 0.644 0.608 0.517 0.503 0.434 0.386
     31       1.687    0.291 0.957      0.984 0.984 0.987 0.997 0.999 1.000 1.000 0.771 0.691 0.660 0.626 0.536 0.522 0.454 0.406
     32       1.021    0.834 0.552      0.644 0.646 0.661 0.721 0.740 0.756 0.771 1.000 0.993 0.987 0.979 0.951 0.946 0.918 0.895
     33       1.168    0.893 0.451      0.550 0.553 0.569 0.635 0.657 0.675 0.691 0.993 1.000 0.999 0.996 0.981 0.977 0.958 0.941
     34       1.249    0.911 0.413      0.515 0.518 0.534 0.603 0.625 0.644 0.660 0.987 0.999 1.000 0.999 0.988 0.985 0.969 0.954
     35       1.362    0.928 0.372      0.475 0.479 0.495 0.566 0.589 0.608 0.626 0.979 0.996 0.999 1.000 0.994 0.992 0.979 0.967
     36       1.826    0.964 0.267      0.375 0.379 0.396 0.472 0.496 0.517 0.536 0.951 0.981 0.988 0.994 1.000 1.000 0.996 0.989
     37       1.932    0.968 0.251      0.360 0.364 0.381 0.457 0.482 0.503 0.522 0.946 0.977 0.985 0.992 1.000 1.000 0.997 0.991
     38       2.726    0.985 0.175      0.286 0.290 0.308 0.387 0.412 0.434 0.454 0.918 0.958 0.969 0.979 0.996 0.997 1.000 0.999
     39       3.871    0.992 0.122      0.235 0.239 0.257 0.337 0.363 0.386 0.406 0.895 0.941 0.954 0.967 0.989 0.991 0.999 1.000

  R CORE   ENERGY   A0R/A00=1.000    R3= 0     2  
   2( 1)    0.732                    1.000 0.000
   2( 2)  487.921                    0.000 1.000

  R CORE   ENERGY   A0R/A00=1.000    R3= 0     2  
   3( 1)  488.652                    0.000 1.000

  R CORE   ENERGY   A0R/A00=1.000    R3= 0     2     4  
   4( 1)    2.438                    1.000 0.000 0.000

  R CORE   ENERGY   A0R/A00=1.000    R3= 0     2     4  
   5( 1)  490.847                    0.000 1.000 0.000

  R CORE   ENERGY   A0R/A00=1.000    R3= 0     2     4     6  
   6( 1)    5.121                    1.000 0.000 0.000 0.000

  R CORE   ENERGY   A0R/A00=1.000    R3= 0     2     4     6  
   7( 1)  494.017                    0.000 1.000 0.000 0.000

          AXIAL SYMMETRY => K RESTRICTED TO OMEGA

                     K
     S.P. ORB#: 25  0.50
     S.P. ORB#: 26  2.50
     S.P. ORB#: 27 -3.50
     S.P. ORB#: 28 -3.50
     S.P. ORB#: 29  0.50
     S.P. ORB#: 30 -1.50
     S.P. ORB#: 31  4.50
     S.P. ORB#: 32  0.50
     S.P. ORB#: 33 -1.50
     S.P. ORB#: 34 -1.50
     S.P. ORB#: 35  2.50
     S.P. ORB#: 36  2.50
     S.P. ORB#: 37  0.50
     S.P. ORB#: 38 -3.50
     S.P. ORB#: 39  4.50
 

             ENERGY    K= OMEGA
 
 I=  1/2- (1)  2.216  25:-0.055
                      37:-0.998
 
 I=  1/2- (2)  3.077  29: 0.999
 
 I=  1/2- (3)  5.459  25: 0.998
                      37:-0.056
 
 I=  1/2- (4)  8.604  32: 1.000
 
 I=  1/2- (5)147.471  33: 1.000

             ENERGY    K= OMEGA
 
 I=  3/2- (1)  1.679  29: 0.191
                      30: 0.101
                      33: 0.973
                      37:-0.067
 
 I=  3/2- (2)  2.778  25: 0.091
                      29: 0.218
                      30: 0.491
                      33:-0.155
                      37:-0.824

             ENERGY    K= OMEGA
 
 I=  5/2- (1)  1.840  25: 0.064
                      29:-0.160
                      30:-0.203
                      33: 0.478
                      35: 0.836
 
 I=  5/2- (2)  2.340  29: 0.189
                      30:-0.201
                      33:-0.838
                      35: 0.462
                      37:-0.073
 
 I=  5/2- (3)  2.798  25:-0.129
                      29: 0.309
                      30: 0.423
                      35: 0.211
                      37: 0.815
 
 I=  5/2- (4)  3.320  25:-0.320
                      29: 0.361
                      30: 0.641
                      33: 0.070
                      35: 0.176
                      37:-0.566
 
 I=  5/2- (5)  4.379  25:-0.067
                      29: 0.811
                      30:-0.513
                      33: 0.248
                      35:-0.108

             ENERGY    K= OMEGA
 
 I=  7/2- (1)  2.484  29:-0.207
                      30: 0.222
                      33:-0.551
                      35: 0.775
 
 I=  7/2- (2)  2.903  25: 0.087
                      26:-0.222
                      27: 0.077
                      28:-0.839
                      29: 0.167
                      30: 0.161
                      33: 0.347
                      35: 0.229
                      37:-0.081
 
 I=  7/2- (3)  3.049  25: 0.171
                      26: 0.075
                      28: 0.486
                      29: 0.317
                      30: 0.311
                      33: 0.573
                      35: 0.420
                      37:-0.166
 
 I=  7/2- (4)  3.344  32:-0.738
                      34:-0.571
                      36:-0.335
                      38:-0.133
 
 I=  7/2- (5)  4.213  25:-0.224
                      29:-0.108
                      30:-0.618
                      33: 0.334
                      35: 0.367
                      37: 0.555

             ENERGY    K= OMEGA
 
 I=  9/2- (1)  2.461  26:-0.071
                      27: 0.246
                      28: 0.180
                      31:-0.948
 
 I=  9/2- (2)  3.153  25: 0.220
                      29:-0.341
                      30:-0.421
                      31:-0.056
                      33: 0.464
                      35: 0.642
                      37:-0.159
 
 I=  9/2- (3)  3.809  26:-0.316
                      27:-0.107
                      28: 0.893
                      29: 0.052
                      30:-0.072
                      31: 0.166
                      33:-0.210
                      35: 0.100
 
 I=  9/2- (4)  4.220  25:-0.198
                      28: 0.191
                      29: 0.088
                      30: 0.464
                      33: 0.656
                      35: 0.063
                      37: 0.514
 
 I=  9/2- (5)  4.360  25:-0.150
                      28:-0.168
                      29: 0.423
                      31:-0.052
                      33:-0.416
                      35: 0.687
                      37: 0.346

             ENERGY    K= OMEGA
 
 I= 11/2- (1)  2.265  32: 0.674
                      34: 0.566
                      36: 0.401
                      38: 0.232
                      39: 0.099
 
 I= 11/2- (2)  3.440  26:-0.119
                      27:-0.327
                      28:-0.248
                      31:-0.901
                      35:-0.057
 
 I= 11/2- (3)  4.442  29:-0.297
                      30: 0.293
                      31:-0.087
                      33:-0.580
                      35: 0.692
 
 I= 11/2- (4)  4.862  25: 0.188
                      26:-0.306
                      27: 0.119
                      28:-0.676
                      29: 0.261
                      30: 0.289
                      31: 0.181
                      33: 0.337
                      35: 0.291
                      37:-0.135
 
 I= 11/2- (5)  5.117  25:-0.264
                      26:-0.201
                      27: 0.072
                      28:-0.575
                      29:-0.366
                      30:-0.371
                      31: 0.160
                      33:-0.356
                      35:-0.303
                      37: 0.198

             ENERGY    K= OMEGA
 
 I= 13/2- (1)  4.038  32:-0.193
                      34: 0.499
                      36:-0.608
                      38: 0.513
                      39:-0.285
 
 I= 13/2- (2)  4.636  26:-0.158
                      27: 0.376
                      28: 0.292
                      31:-0.855
                      33:-0.068
                      35:-0.087
 
 I= 13/2- (3)  5.184  25:-0.348
                      28:-0.054
                      29: 0.433
                      30: 0.514
                      31: 0.117
                      33:-0.372
                      35:-0.477
                      37: 0.211
 
 I= 13/2- (4)  6.288  26:-0.399
                      27:-0.164
                      28: 0.817
                      29: 0.055
                      30:-0.080
                      31: 0.286
                      33:-0.214
                      35: 0.085
 
 I= 13/2- (5)  6.810  25:-0.245
                      27:-0.057
                      28: 0.143
                      29: 0.165
                      30: 0.329
                      33: 0.553
                      35: 0.459
                      37: 0.513

             ENERGY     K= 9/2
  32 LEVELS    TIME=  0.0 SEC



 ******************* EXCITATION ENERGIES, DOMINANT CONFIGURATION AND EXPECTATION VALUES (WITH S.P. UU+VV FACTORS) *******************

  NR  Eex(keV)  I   Kdom  NY    <Jz>  <Jx**2> <Jy**2> <Jz**2> <I.j>/|I|  <Rx**2> <Ry**2> <Rz**2> <R.j>/|R|  <HROTx> <HROTy> <HROTz>

   1    0.0   3/2-  -3/2  33   -1.41    1.66    1.66    2.16    1.40       1.91    1.91    0.00   -1.42      0.233   0.233   0.000
   2  161.1   5/2-   5/2  35    1.36    1.98    1.98    4.98    2.33       1.95    1.95    0.00   -1.04      0.238   0.238   0.000
   3  536.3   1/2-   1/2  37    0.50    1.34    1.34    0.25    0.82       1.13    1.13    0.00   -1.48      0.138   0.138   0.000
   4  585.9  11/2-   1/2  32    0.00   26.85   26.85    2.70    7.07       3.78    3.78    0.00   -5.13      0.461   0.461   0.000
   5  661.2   5/2-  -3/2  33   -0.56    1.65    1.65    3.03    1.07       4.38    4.38    0.00   -1.07      0.534   0.534   0.000
  
   6  782.0   9/2-   9/2  31    3.74    2.63    2.63   19.39    4.44       2.62    2.62    0.00   -1.12      0.320   0.320   0.000
   7  805.0   7/2-   5/2  35    0.99    2.04    2.04    4.59    1.91       4.63    4.63    0.00   -0.36      0.564   0.564   0.000
   8 1098.3   3/2-   1/2  37   -0.03    2.32    2.32    0.78    0.52       3.58    3.58    0.00   -1.65      0.437   0.437   0.000
   9 1118.3   5/2-   1/2  37    0.23    2.60    2.60    0.87    1.30       3.58    3.58    0.00   -0.84      0.436   0.436   0.000
  10 1224.0   7/2-  -7/2  28   -2.43    2.26    2.26    9.67    2.96       3.20    3.20   -0.00   -0.96      0.390   0.390  -0.000
  
  11 1370.2   7/2-  -3/2  33   -0.93    2.14    2.14    5.03    1.77       5.49    5.49    0.00   -0.68      0.669   0.669   0.000
  12 1397.8   1/2-   1/2  29    0.50    4.31    4.31    0.25    0.33       4.53    4.53    0.00   -2.85      0.552   0.552   0.000
  13 1474.0   9/2-   5/2  35    0.55    3.04    3.04    3.59    2.20       6.28    6.28    0.00    0.36      0.765   0.765   0.000
  14 1640.8   5/2-  -3/2  30   -0.27    3.15    3.15    1.27    1.05       5.04    5.04    0.00   -1.40      0.615   0.615   0.000
  15 1664.9   7/2-   1/2  32    0.00   27.06   27.06    1.79    6.83       8.73    8.73    0.00   -6.89      1.064   1.064   0.000
  
  16 1760.6  11/2-   9/2  31    3.11    2.91    2.91   18.62    4.00       6.15    6.15    0.00   -0.14      0.750   0.750   0.000
  17 2129.5   9/2-  -7/2  28   -2.50    2.44    2.44   11.27    2.88       6.10    6.10   -0.00   -0.51      0.744   0.744  -0.000
  18 2358.3  13/2-   5/2  36    0.02   25.62   25.62    7.75    6.55       8.13    8.13   -0.00   -3.29      0.991   0.991  -0.000
  19 2533.7   7/2-  -3/2  30   -0.22    3.12    3.12    2.07    0.58       9.75    9.75    0.00   -1.37      1.189   1.189   0.000
  20 2540.8   9/2-  -3/2  33   -0.93    2.18    2.18    2.02    1.03      10.45   10.45    0.00   -0.28      1.274   1.274   0.000
  
  21 2680.4   9/2-   5/2  35    0.99    2.50    2.50    3.84    1.10      11.33   11.33    0.00   -0.71      1.381   1.381   0.000
  22 2700.1   5/2-   1/2  29   -0.13    4.29    4.29    0.97   -0.37      10.25   10.25    0.00   -2.35      1.249   1.249   0.000
  23 2763.1  11/2-   5/2  35    0.64    2.30    2.30    4.14    1.63      12.49   12.49    0.00    0.20      1.523   1.523   0.000
  24 2957.3  13/2-   9/2  31    2.57    3.16    3.16   17.81    3.69      10.66   10.66    0.00    0.36      1.300   1.300   0.000
  25 3182.5  11/2-  -7/2  28   -1.29    2.57    2.57    8.01    2.26      10.94   10.94   -0.00    0.08      1.333   1.333  -0.000
  
  26 3437.5  11/2-  -7/2  28   -1.00    2.67    2.67    6.11    1.88      12.38   12.38   -0.00   -0.05      1.510   1.510  -0.000
  27 3504.8  13/2-  -3/2  30    0.19    3.94    3.94    2.73    2.34      13.33   13.33    0.00    1.11      1.625   1.625   0.000
  28 3780.0   1/2-   1/2  25    0.50    5.57    5.57    0.25    0.70       5.47    5.47    0.00   -3.26      0.667   0.667   0.000
  29 4608.4  13/2-  -7/2  28   -1.72    2.63    2.63   11.33    2.41      15.85   15.85   -0.00    0.04      1.933   1.933  -0.000
  30 5130.3  13/2-  -3/2  33    0.00    2.27    2.27    2.64    1.01      20.92   20.92    0.00   -0.02      2.550   2.550   0.000
  
  31 6924.9   1/2-   1/2  32    0.50   27.20   27.20    0.25   -3.93      31.10   31.10    0.00   -7.36      3.792   3.792   0.000
  32*******   1/2-  -3/2  33    0.00    0.00    0.00    0.00   -0.00       0.00    0.00    0.00   -0.00      0.000   0.000   0.000
