1SPECTRUM OF (Z= 82 A=207) IN PARTICLE-ROTOR  MODEL WITH MODIFIED OSCILLATOR POTENTIAL


 PARITY=-   EPS= 0.274   GAMMA=  0.0   EPS4=0.000   EPS6=0.000   LEVELS:  25  26  27  28  29  30  31  32  33  34  35  36  37  38  39

 PAIRING FACTORS: GN0= 19.20  GN1=  7.40  IPAIR= 15 ***  E2PLUS(INPUT)=   0.730  E2PLUR(INPUT)=   0.000

 CORIOLIS ATTENUATION PARAMETERS:  CHSI=1.000  ETA=  1.00

 MOMENT OF INERTIA PARAMETERS:   A1=  0.122 MEV   A2=  0.122 MEV   A3=121.91924 MEV


 DELTA=0.947 MEV  LAMBDA=53.3253 MEV   HW0= 7.4777 MEV   LAMBDA/HW0= 7.1313

 E2ENERGY=0.730 MEV  HBAR**2/B=13921./A**(7/3)=2353.2/A**2 MEV

 IREC=0  =>  RECOIL TERMS j+j-, j+j+, jzjz, ETC TREATED AS ONE-BODY OPERATORS WITH UU+VV PAIRING FACTORS



 S. P. LEVEL   EQP       U     V        (UU + VV)**1.00

     25       4.116    0.116 0.993      1.000 1.000 0.999 0.982 0.978 0.975 0.934 0.856 0.675 0.426 0.400 0.361 0.299 0.295 0.242
     26       3.618    0.132 0.991      1.000 1.000 1.000 0.985 0.982 0.979 0.940 0.864 0.687 0.441 0.414 0.376 0.315 0.310 0.258
     27       3.067    0.156 0.988      0.999 1.000 1.000 0.989 0.986 0.983 0.948 0.877 0.705 0.462 0.437 0.399 0.338 0.333 0.281
     28       1.660    0.299 0.954      0.982 0.985 0.989 1.000 1.000 0.999 0.984 0.937 0.801 0.587 0.563 0.528 0.472 0.468 0.419
     29       1.568    0.319 0.948      0.978 0.982 0.986 1.000 1.000 1.000 0.988 0.944 0.813 0.604 0.580 0.546 0.490 0.486 0.437
     30       1.506    0.334 0.943      0.975 0.979 0.983 0.999 1.000 1.000 0.990 0.950 0.822 0.616 0.593 0.559 0.504 0.500 0.452
     31       1.154    0.463 0.886      0.934 0.940 0.948 0.984 0.988 0.990 1.000 0.984 0.894 0.721 0.701 0.670 0.620 0.616 0.573
     32       0.978    0.612 0.790      0.856 0.864 0.877 0.937 0.944 0.950 0.984 1.000 0.959 0.832 0.816 0.791 0.749 0.746 0.709
     33       0.998    0.811 0.585      0.675 0.687 0.705 0.801 0.813 0.822 0.894 0.959 1.000 0.955 0.946 0.932 0.906 0.904 0.879
     34       1.571    0.948 0.318      0.426 0.441 0.462 0.587 0.604 0.616 0.721 0.832 0.955 1.000 1.000 0.997 0.991 0.990 0.981
     35       1.704    0.957 0.291      0.400 0.414 0.437 0.563 0.580 0.593 0.701 0.816 0.946 1.000 1.000 0.999 0.994 0.994 0.986
     36       1.955    0.968 0.250      0.361 0.376 0.399 0.528 0.546 0.559 0.670 0.791 0.932 0.997 0.999 1.000 0.998 0.998 0.992
     37       2.586    0.982 0.186      0.299 0.315 0.338 0.472 0.490 0.504 0.620 0.749 0.906 0.991 0.994 0.998 1.000 1.000 0.998
     38       2.647    0.983 0.182      0.295 0.310 0.333 0.468 0.486 0.500 0.616 0.746 0.904 0.990 0.994 0.998 1.000 1.000 0.999
     39       3.732    0.992 0.128      0.242 0.258 0.281 0.419 0.437 0.452 0.573 0.709 0.879 0.981 0.986 0.992 0.998 0.999 1.000

  R CORE   ENERGY   A0R/A00=1.000    R3= 0     2  
   2( 1)    0.732                    1.000 0.000
   2( 2)  487.921                    0.000 1.000

  R CORE   ENERGY   A0R/A00=1.000    R3= 0     2  
   3( 1)  488.652                    0.000 1.000

  R CORE   ENERGY   A0R/A00=1.000    R3= 0     2     4  
   4( 1)    2.438                    1.000 0.000 0.000

  R CORE   ENERGY   A0R/A00=1.000    R3= 0     2     4  
   5( 1)  490.847                    0.000 1.000 0.000

  R CORE   ENERGY   A0R/A00=1.000    R3= 0     2     4     6  
   6( 1)    5.121                    1.000 0.000 0.000 0.000

  R CORE   ENERGY   A0R/A00=1.000    R3= 0     2     4     6  
   7( 1)  494.017                    0.000 1.000 0.000 0.000

          AXIAL SYMMETRY => K RESTRICTED TO OMEGA

                     K
     S.P. ORB#: 25  0.50
     S.P. ORB#: 26  2.50
     S.P. ORB#: 27 -3.50
     S.P. ORB#: 28  0.50
     S.P. ORB#: 29 -3.50
     S.P. ORB#: 30 -1.50
     S.P. ORB#: 31  4.50
     S.P. ORB#: 32  0.50
     S.P. ORB#: 33 -1.50
     S.P. ORB#: 34  2.50
     S.P. ORB#: 35 -1.50
     S.P. ORB#: 36  2.50
     S.P. ORB#: 37  0.50
     S.P. ORB#: 38 -3.50
     S.P. ORB#: 39  0.50
 

             ENERGY    K= OMEGA
 
 I=  1/2- (1)  2.811  28:-0.929
                      37:-0.369
 
 I=  1/2- (2)  2.908  25:-0.071
                      28: 0.367
                      37:-0.928
 
 I=  1/2- (3)  5.556  25: 0.997
                      37:-0.060
 
 I=  1/2- (4)  6.412  32:-0.652
                      39: 0.758
 
 I=  1/2- (5)  9.463  32:-0.758
                      39:-0.652

             ENERGY    K= OMEGA
 
 I=  3/2- (1)  2.185  25: 0.086
                      28: 0.317
                      30: 0.184
                      35: 0.922
                      37:-0.093
 
 I=  3/2- (2)  2.671  25:-0.083
                      28: 0.263
                      30:-0.951
                      35: 0.115
                      37: 0.084

             ENERGY    K= OMEGA
 
 I=  5/2- (1)  2.337  25: 0.147
                      28:-0.292
                      30:-0.435
                      35: 0.410
                      36: 0.724
                      37:-0.102
 
 I=  5/2- (2)  2.826  25: 0.090
                      26:-0.051
                      28: 0.111
                      30:-0.463
                      35:-0.835
                      36: 0.198
                      37:-0.161
 
 I=  5/2- (3)  2.977  25:-0.219
                      28: 0.487
                      30: 0.469
                      35:-0.124
                      36: 0.633
                      37: 0.281
 
 I=  5/2- (4)  3.741  25:-0.178
                      30: 0.308
                      36: 0.097
                      37:-0.929
 
 I=  5/2- (5)  4.177  25: 0.079
                      28:-0.784
                      30: 0.472
                      35:-0.341
                      36: 0.161
                      37: 0.120

             ENERGY    K= OMEGA
 
 I=  7/2- (1)  2.324  26: 0.218
                      27:-0.067
                      29:-0.972
 
 I=  7/2- (2)  2.999  28: 0.290
                      30:-0.365
                      35: 0.510
                      36:-0.720
 
 I=  7/2- (3)  3.192  32:-0.746
                      33:-0.563
                      34:-0.327
                      38:-0.128
                      39: 0.063
 
 I=  7/2- (4)  3.314  25:-0.275
                      28:-0.479
                      29: 0.057
                      30:-0.492
                      35:-0.545
                      36:-0.330
                      37: 0.205
 
 I=  7/2- (5)  4.206  27: 0.094
                      28: 0.517
                      30:-0.691
                      35:-0.095
                      36: 0.483

             ENERGY    K= OMEGA
 
 I=  9/2- (1)  1.964  26: 0.065
                      27:-0.231
                      29: 0.179
                      31: 0.954
 
 I=  9/2- (2)  3.228  26: 0.295
                      27: 0.098
                      29: 0.922
                      30: 0.103
                      31:-0.168
                      36:-0.102
 
 I=  9/2- (3)  3.429  25:-0.315
                      26:-0.051
                      28: 0.436
                      29:-0.135
                      30: 0.576
                      35:-0.326
                      36:-0.465
                      37: 0.184
 
 I=  9/2- (4)  4.463  32: 0.244
                      33:-0.609
                      34: 0.645
                      38:-0.392
 
 I=  9/2- (5)  4.545  25: 0.218
                      26:-0.064
                      27: 0.063
                      28:-0.113
                      30:-0.421
                      35:-0.683
                      36:-0.426
                      37:-0.322

             ENERGY    K= OMEGA
 
 I= 11/2- (1)  2.351  32: 0.692
                      33: 0.577
                      34: 0.389
                      38: 0.190
 
 I= 11/2- (2)  2.975  26:-0.109
                      27:-0.311
                      29: 0.248
                      31:-0.911
 
 I= 11/2- (3)  4.363  26: 0.349
                      27:-0.128
                      29:-0.887
                      30:-0.079
                      31:-0.239
                      35:-0.053
                      36:-0.084
 
 I= 11/2- (4)  4.920  28:-0.356
                      30: 0.425
                      31:-0.052
                      35:-0.516
                      36: 0.647
 
 I= 11/2- (5)  5.179  25:-0.377
                      28:-0.533
                      29: 0.123
                      30:-0.519
                      35:-0.405
                      36:-0.267
                      37: 0.230

             ENERGY    K= OMEGA
 
 I= 13/2- (1)  4.206  26:-0.148
                      27: 0.360
                      29:-0.295
                      31:-0.872
 
 I= 13/2- (2)  4.598  32: 0.229
                      33:-0.588
                      34: 0.653
                      38:-0.418
 
 I= 13/2- (3)  5.329  25:-0.407
                      28: 0.473
                      29: 0.102
                      30: 0.596
                      35:-0.256
                      36:-0.366
                      37: 0.205
 
 I= 13/2- (4)  5.745  26: 0.384
                      27: 0.154
                      28:-0.079
                      29: 0.850
                      31:-0.293
                      35: 0.104
 
 I= 13/2- (5)  7.215  25: 0.219
                      26:-0.063
                      27: 0.069
                      28:-0.097
                      29: 0.068
                      30:-0.285
                      35:-0.662
                      36:-0.542
                      37:-0.336

             ENERGY     K= 1/2
  32 LEVELS    TIME=  0.0 SEC



 ******************* EXCITATION ENERGIES, DOMINANT CONFIGURATION AND EXPECTATION VALUES (WITH S.P. UU+VV FACTORS) *******************

  NR  Eex(keV)  I   Kdom  NY    <Jz>  <Jx**2> <Jy**2> <Jz**2> <I.j>/|I|  <Rx**2> <Ry**2> <Rz**2> <R.j>/|R|  <HROTx> <HROTy> <HROTz>

   1    0.0   9/2-   9/2  31    3.81    2.59    2.59   19.50    4.40       2.80    2.80    0.00   -1.17      0.342   0.342   0.000
   2  221.2   3/2-  -3/2  35   -1.27    1.90    1.90    2.02    1.48       1.92    1.92    0.00   -1.51      0.234   0.234   0.000
   3  359.8   7/2-  -7/2  29   -3.20    2.31    2.31   11.94    3.40       2.67    2.67   -0.00   -1.33      0.326   0.326  -0.000
   4  373.2   5/2-   5/2  36    0.83    2.82    2.82    4.11    2.46       1.97    1.97    0.00   -1.25      0.240   0.240   0.000
   5  386.7  11/2-   1/2  32   -0.01   26.08   26.08    2.26    6.71       4.97    4.97    0.00   -4.54      0.606   0.606   0.000
  
   6  706.7   3/2-  -3/2  30   -1.33    4.55    4.55    2.08    1.47       4.62    4.62   -0.00   -2.74      0.563   0.563  -0.000
   7  847.0   1/2-   1/2  28    0.50    4.24    4.24    0.25    0.63       4.20    4.20    0.00   -2.83      0.512   0.512   0.000
   8  862.3   5/2-  -3/2  35   -1.24    2.00    2.00    2.32    1.01       4.54    4.54    0.00   -1.10      0.554   0.554   0.000
   9  943.6   1/2-   1/2  37    0.50    1.71    1.71    0.25    0.47       1.80    1.80    0.00   -1.72      0.219   0.219   0.000
  10 1011.1  11/2-   9/2  31    3.21    2.85    2.85   18.81    3.95       6.48    6.48    0.00   -0.24      0.790   0.790   0.000
  
  11 1013.4   5/2-   5/2  36    0.83    3.52    3.52    3.12    1.75       4.27    4.27    0.00   -1.70      0.520   0.520   0.000
  12 1035.0   7/2-   5/2  36    0.74    2.49    2.49    4.19    1.91       4.88    4.88    0.00   -0.51      0.595   0.595   0.000
  13 1228.6   7/2-   1/2  32    0.02   25.27   25.27    1.72    6.39       8.64    8.64    0.00   -6.47      1.053   1.053   0.000
  14 1263.6   9/2-  -7/2  29   -2.65    2.46    2.46   11.72    2.95       6.03    6.03   -0.00   -0.57      0.735   0.735  -0.001
  15 1350.3   7/2-  -3/2  35   -0.37    2.89    2.89    2.03    1.50       5.82    5.82   -0.00   -0.54      0.710   0.710  -0.000
  
  16 1464.6   9/2-  -3/2  30   -0.00    4.10    4.10    2.70    2.37       6.05    6.05    0.00    0.25      0.737   0.737   0.000
  17 1777.4   5/2-   1/2  37    0.33    1.69    1.69    0.50    0.45       4.99    4.99    0.00   -0.81      0.608   0.608   0.000
  18 2213.5   5/2-   1/2  28   -0.13    4.23    4.23    1.08   -0.39      10.29   10.29    0.00   -2.36      1.255   1.255   0.000
  19 2241.8   7/2-  -3/2  30   -0.04    3.77    3.77    2.74    0.67      10.38   10.38    0.00   -1.68      1.265   1.265   0.000
  20 2242.1  13/2-   9/2  31    2.72    3.07    3.07   18.19    3.64      11.12   11.12    0.00    0.23      1.356   1.356   0.000
  
  21 2398.9  11/2-  -7/2  29   -2.24    2.55    2.55   11.81    2.66      10.41   10.41   -0.00   -0.22      1.269   1.269  -0.001
  22 2498.9   9/2-   5/2  34   -0.02   25.68   25.68    5.34    5.74      12.19   12.19    0.00   -5.70      1.487   1.487   0.000
  23 2581.2   9/2-  -3/2  35   -0.44    2.32    2.32    2.74    1.07      10.72   10.72    0.00   -0.44      1.306   1.306   0.000
  24 2633.9  13/2-   5/2  34   -0.04   25.66   25.66    5.60    5.77      12.58   12.58    0.00   -3.32      1.533   1.533   0.000
  25 2956.1  11/2-   5/2  36    0.45    2.78    2.78    3.75    1.61      12.91   12.91    0.00    0.06      1.574   1.574   0.000
  
  26 3215.1  11/2-   1/2  28   -0.28    3.37    3.37    1.74    1.55      12.86   12.86    0.00    0.15      1.568   1.568   0.000
  27 3365.2  13/2-  -3/2  30   -0.12    4.62    4.62    2.04    2.40      13.25   13.25    0.00    1.06      1.616   1.616   0.000
  28 3592.4   1/2-   1/2  25    0.50    6.04    6.04    0.25    0.69       5.95    5.95    0.00   -3.40      0.725   0.725   0.000
  29 3781.0  13/2-  -7/2  29   -1.87    2.67    2.67   11.83    2.45      15.86   15.86   -0.00   -0.01      1.934   1.934  -0.000
  30 4447.7   1/2-   1/2  39    0.50   13.38   13.38    0.25   -2.21      15.80   15.80    0.00   -5.15      1.926   1.926   0.000
  
  31 5251.0  13/2-  -3/2  35    0.03    2.14    2.14    3.24    0.96      21.43   21.43    0.00   -0.12      2.613   2.613   0.000
  32 7498.7   1/2-   1/2  32    0.50   26.34   26.34    0.25   -3.64      29.99   29.99    0.00   -7.24      3.656   3.656   0.000
