1SPECTRUM OF (Z= 82 A=207) IN PARTICLE-ROTOR  MODEL WITH MODIFIED OSCILLATOR POTENTIAL


 PARITY=-   EPS= 0.309   GAMMA=  0.0   EPS4=0.000   EPS6=0.000   LEVELS:  24  25  26  27  28  29  30  31  32  33  34  35  36  37  38

 PAIRING FACTORS: GN0= 19.20  GN1=  7.40  IPAIR= 15 ***  E2PLUS(INPUT)=   0.730  E2PLUR(INPUT)=   0.000

 CORIOLIS ATTENUATION PARAMETERS:  CHSI=1.000  ETA=  1.00

 MOMENT OF INERTIA PARAMETERS:   A1=  0.122 MEV   A2=  0.122 MEV   A3=121.91924 MEV


 DELTA=0.943 MEV  LAMBDA=53.2903 MEV   HW0= 7.4969 MEV   LAMBDA/HW0= 7.1083

 E2ENERGY=0.730 MEV  HBAR**2/B=17704./A**(7/3)=2992.8/A**2 MEV

 IREC=0  =>  RECOIL TERMS j+j-, j+j+, jzjz, ETC TREATED AS ONE-BODY OPERATORS WITH UU+VV PAIRING FACTORS



 S. P. LEVEL   EQP       U     V        (UU + VV)**1.00

     24       5.033    0.094 0.996      1.000 1.000 0.999 0.997 0.966 0.954 0.952 0.926 0.839 0.792 0.479 0.310 0.285 0.283 0.247
     25       4.134    0.115 0.993      1.000 1.000 1.000 0.998 0.971 0.960 0.958 0.934 0.851 0.805 0.497 0.330 0.305 0.303 0.267
     26       3.324    0.143 0.990      0.999 1.000 1.000 1.000 0.977 0.968 0.966 0.944 0.865 0.822 0.522 0.357 0.333 0.330 0.294
     27       2.769    0.173 0.985      0.997 0.998 1.000 1.000 0.983 0.975 0.973 0.953 0.880 0.838 0.547 0.384 0.361 0.358 0.323
     28       1.439    0.350 0.937      0.966 0.971 0.977 0.983 1.000 0.999 0.999 0.992 0.952 0.924 0.690 0.546 0.525 0.523 0.490
     29       1.320    0.387 0.922      0.954 0.960 0.968 0.975 0.999 1.000 1.000 0.997 0.964 0.938 0.719 0.580 0.559 0.557 0.525
     30       1.298    0.396 0.918      0.952 0.958 0.966 0.973 0.999 1.000 1.000 0.997 0.966 0.941 0.725 0.587 0.566 0.564 0.533
     31       1.150    0.462 0.887      0.926 0.934 0.944 0.953 0.992 0.997 0.997 1.000 0.982 0.964 0.774 0.645 0.626 0.624 0.594
     32       0.970    0.620 0.785      0.839 0.851 0.865 0.880 0.952 0.964 0.966 0.982 1.000 0.997 0.879 0.777 0.760 0.759 0.734
     33       0.946    0.682 0.731      0.792 0.805 0.822 0.838 0.924 0.938 0.941 0.964 0.997 1.000 0.915 0.826 0.811 0.809 0.787
     34       1.303    0.919 0.394      0.479 0.497 0.522 0.547 0.690 0.719 0.725 0.774 0.879 0.915 1.000 0.983 0.978 0.978 0.969
     35       2.208    0.976 0.219      0.310 0.330 0.357 0.384 0.546 0.580 0.587 0.645 0.777 0.826 0.983 1.000 1.000 1.000 0.998
     36       2.479    0.981 0.194      0.285 0.305 0.333 0.361 0.525 0.559 0.566 0.626 0.760 0.811 0.978 1.000 1.000 1.000 0.999
     37       2.511    0.982 0.191      0.283 0.303 0.330 0.358 0.523 0.557 0.564 0.624 0.759 0.809 0.978 1.000 1.000 1.000 0.999
     38       3.094    0.988 0.154      0.247 0.267 0.294 0.323 0.490 0.525 0.533 0.594 0.734 0.787 0.969 0.998 0.999 0.999 1.000

  R CORE   ENERGY   A0R/A00=1.000    R3= 0     2  
   2( 1)    0.732                    1.000 0.000
   2( 2)  487.921                    0.000 1.000

  R CORE   ENERGY   A0R/A00=1.000    R3= 0     2  
   3( 1)  488.652                    0.000 1.000

  R CORE   ENERGY   A0R/A00=1.000    R3= 0     2     4  
   4( 1)    2.438                    1.000 0.000 0.000

  R CORE   ENERGY   A0R/A00=1.000    R3= 0     2     4  
   5( 1)  490.847                    0.000 1.000 0.000

  R CORE   ENERGY   A0R/A00=1.000    R3= 0     2     4     6  
   6( 1)    5.121                    1.000 0.000 0.000 0.000

  R CORE   ENERGY   A0R/A00=1.000    R3= 0     2     4     6  
   7( 1)  494.017                    0.000 1.000 0.000 0.000

          AXIAL SYMMETRY => K RESTRICTED TO OMEGA

                     K
     S.P. ORB#: 24  2.50
     S.P. ORB#: 25  0.50
     S.P. ORB#: 26  2.50
     S.P. ORB#: 27 -3.50
     S.P. ORB#: 28  0.50
     S.P. ORB#: 29  0.50
     S.P. ORB#: 30 -1.50
     S.P. ORB#: 31 -3.50
     S.P. ORB#: 32 -1.50
     S.P. ORB#: 33  4.50
     S.P. ORB#: 34  2.50
     S.P. ORB#: 35 -1.50
     S.P. ORB#: 36  2.50
     S.P. ORB#: 37 -3.50
     S.P. ORB#: 38  0.50
 

             ENERGY    K= OMEGA
 
 I=  1/2- (1)  2.648  28: 0.999
 
 I=  1/2- (2)  5.652  25: 0.999
 
 I=  1/2- (3)  6.205  29: 0.524
                      38:-0.852
 
 I=  1/2- (4)  8.870  29: 0.852
                      38: 0.524
 
 I=  1/2- (5)147.273  32: 1.000

             ENERGY    K= OMEGA
 
 I=  3/2- (1)  2.492  25:-0.159
                      28:-0.156
                      30:-0.885
                      35:-0.409
 
 I=  3/2- (2)  2.546  25:-0.096
                      28:-0.733
                      30: 0.397
                      35:-0.544

             ENERGY    K= OMEGA
 
 I=  5/2- (1)  2.522  25:-0.249
                      28: 0.422
                      30: 0.723
                      35:-0.214
                      36:-0.434
 
 I=  5/2- (2)  3.160  24:-0.057
                      25: 0.076
                      26:-0.072
                      28: 0.257
                      30:-0.483
                      35:-0.801
                      36:-0.211
 
 I=  5/2- (3)  3.286  25:-0.152
                      28: 0.509
                      30: 0.106
                      35:-0.136
                      36: 0.829
 
 I=  5/2- (4)  4.140  24: 0.059
                      25: 0.057
                      28:-0.672
                      30: 0.417
                      35:-0.538
                      36: 0.279
 
 I=  5/2- (5)  5.073  24:-0.116
                      26:-0.990
                      35: 0.062

             ENERGY    K= OMEGA
 
 I=  7/2- (1)  1.924  26:-0.206
                      27: 0.069
                      31: 0.975
 
 I=  7/2- (2)  3.237  24:-0.099
                      25: 0.104
                      27: 0.121
                      28:-0.261
                      30: 0.703
                      35:-0.261
                      36: 0.576
 
 I=  7/2- (3)  3.319  29:-0.731
                      32:-0.576
                      34:-0.339
                      37:-0.137
 
 I=  7/2- (4)  3.474  24: 0.062
                      25:-0.312
                      28:-0.686
                      30:-0.366
                      35:-0.537
 
 I=  7/2- (5)  4.261  24:-0.168
                      27: 0.271
                      28:-0.459
                      30: 0.409
                      35: 0.313
                      36:-0.647

             ENERGY    K= OMEGA
 
 I=  9/2- (1)  1.783  24: 0.054
                      26:-0.062
                      27: 0.234
                      31:-0.189
                      33:-0.950
 
 I=  9/2- (2)  2.839  24: 0.062
                      26: 0.281
                      27: 0.120
                      30: 0.086
                      31: 0.928
                      33:-0.167
                      36:-0.061
 
 I=  9/2- (3)  3.505  24:-0.108
                      25: 0.360
                      27:-0.080
                      28:-0.458
                      30:-0.671
                      31: 0.107
                      33:-0.069
                      35: 0.226
                      36: 0.353
 
 I=  9/2- (4)  4.521  29: 0.236
                      32:-0.594
                      34: 0.652
                      37:-0.407
 
 I=  9/2- (5)  4.933  24: 0.188
                      25:-0.068
                      27: 0.252
                      28:-0.326
                      30: 0.420
                      31:-0.075
                      33: 0.085
                      35: 0.767
                      36: 0.106

             ENERGY    K= OMEGA
 
 I= 11/2- (1)  2.593  29:-0.688
                      32:-0.579
                      34:-0.389
                      37:-0.195
                      38:-0.053
 
 I= 11/2- (2)  2.796  24: 0.098
                      26:-0.101
                      27:-0.332
                      31: 0.247
                      33:-0.898
 
 I= 11/2- (3)  3.970  24:-0.096
                      26:-0.330
                      27: 0.167
                      30: 0.113
                      31: 0.889
                      33: 0.205
                      36: 0.079
 
 I= 11/2- (4)  5.036  24: 0.176
                      25:-0.183
                      26:-0.055
                      27:-0.155
                      28: 0.159
                      30:-0.720
                      31: 0.129
                      33: 0.157
                      35: 0.218
                      36:-0.525
 
 I= 11/2- (5)  5.323  24: 0.061
                      25:-0.360
                      28:-0.732
                      30:-0.235
                      31: 0.071
                      35:-0.512
                      36: 0.068

             ENERGY    K= OMEGA
 
 I= 13/2- (1)  4.003  24: 0.142
                      26:-0.130
                      27: 0.404
                      30: 0.062
                      31:-0.273
                      33:-0.847
 
 I= 13/2- (2)  4.807  29: 0.224
                      32:-0.574
                      34: 0.657
                      37:-0.433
 
 I= 13/2- (3)  5.219  24:-0.162
                      25: 0.275
                      26:-0.283
                      27:-0.178
                      28:-0.280
                      30:-0.450
                      31:-0.662
                      33: 0.083
                      35: 0.093
                      36: 0.226
 
 I= 13/2- (4)  5.516  25: 0.333
                      26: 0.238
                      27: 0.083
                      28:-0.381
                      30:-0.464
                      31: 0.564
                      33:-0.252
                      35: 0.199
                      36: 0.208
 
 I= 13/2- (5)  7.604  24:-0.351
                      26: 0.065
                      27:-0.452
                      28: 0.391
                      30:-0.301
                      31: 0.101
                      33:-0.315
                      35:-0.559

             ENERGY     K= 1/2
  32 LEVELS    TIME=  0.0 SEC



 ******************* EXCITATION ENERGIES, DOMINANT CONFIGURATION AND EXPECTATION VALUES (WITH S.P. UU+VV FACTORS) *******************

  NR  Eex(keV)  I   Kdom  NY    <Jz>  <Jx**2> <Jy**2> <Jz**2> <I.j>/|I|  <Rx**2> <Ry**2> <Rz**2> <R.j>/|R|  <HROTx> <HROTy> <HROTz>

   1    0.0   9/2-   9/2  33    3.76    2.63    2.63   19.42    4.38       2.90    2.90    0.00   -1.19      0.354   0.354   0.000
   2  141.5   7/2-  -7/2  31   -3.23    2.29    2.29   11.97    3.38       2.74    2.74    0.00   -1.34      0.335   0.335   0.000
   3  709.1   3/2-  -3/2  30   -1.40    3.84    3.84    2.15    1.46       3.96    3.96   -0.00   -2.49      0.483   0.483  -0.000
   4  739.1   5/2-  -3/2  30   -0.25    4.37    4.37    2.54    2.34       3.07    3.07    0.00   -1.75      0.375   0.375   0.000
   5  762.9   3/2-   1/2  28   -0.41    3.87    3.87    1.16    1.41       3.60    3.60    0.00   -2.30      0.438   0.438   0.000
  
   6  810.1  11/2-   1/2  29   -0.02   25.08   25.08    2.29    6.46       5.51    5.51    0.00   -4.18      0.671   0.671   0.000
   7  865.6   1/2-   1/2  28    0.50    4.69    4.69    0.25    0.29       4.94    4.94    0.00   -2.98      0.602   0.602   0.000
   8 1013.5  11/2-   9/2  33    3.08    2.99    2.99   18.58    3.96       6.45    6.45    0.00   -0.24      0.786   0.786   0.000
   9 1056.1   9/2-  -7/2  31   -2.73    2.41    2.41   11.86    2.95       6.05    6.05    0.00   -0.58      0.737   0.737   0.000
  10 1376.9   5/2-  -3/2  35   -1.14    2.29    2.29    2.32    1.02       4.82    4.82    0.00   -1.26      0.588   0.588   0.000
  
  11 1454.2   7/2-  -3/2  30   -0.01    3.81    3.81    3.63    1.97       5.69    5.69   -0.00   -1.02      0.694   0.694  -0.000
  12 1503.3   5/2-   5/2  36    1.82    2.73    2.73    4.44    1.69       4.32    4.32    0.00   -1.67      0.526   0.526   0.000
  13 1536.6   7/2-   1/2  29   -0.01   24.58   24.58    1.83    6.25       8.59    8.59    0.00   -6.32      1.047   1.047   0.000
  14 1691.4   7/2-   1/2  28   -0.35    3.50    3.50    1.18    1.41       6.35    6.35    0.00   -0.72      0.774   0.774   0.000
  15 1721.8   9/2-  -3/2  30   -0.28    4.79    4.79    2.38    2.40       6.42    6.42    0.00   -0.01      0.782   0.782   0.000
  
  16 2187.5  11/2-  -7/2  31   -2.39    2.52    2.52   11.69    2.68      10.24   10.24    0.00   -0.16      1.248   1.248   0.000
  17 2220.6  13/2-   9/2  33    2.49    3.37    3.37   17.70    3.71      10.72   10.72    0.00    0.31      1.307   1.307   0.000
  18 2356.8   5/2-   1/2  28   -0.26    3.82    3.82    1.67   -0.28       9.84    9.84    0.00   -2.28      1.200   1.200   0.000
  19 2477.7   7/2-   5/2  36    0.57    3.11    3.11    4.36    1.12       8.73    8.73   -0.00   -1.47      1.065   1.065  -0.000
  20 2737.8   9/2-   5/2  34   -0.02   25.03   25.03    5.49    5.49      12.85   12.85    0.00   -5.57      1.567   1.567   0.000
  
  21 3024.7  13/2-   5/2  34   -0.04   25.01   25.01    5.75    5.50      13.89   13.89    0.00   -3.30      1.693   1.693   0.000
  22 3150.1   9/2-  -3/2  35   -1.18    2.79    2.79    3.04    1.02      11.62   11.62    0.00   -0.74      1.417   1.417   0.000
  23 3252.8  11/2-  -3/2  30   -0.08    4.14    4.14    4.22    1.89      12.81   12.81    0.00   -0.24      1.562   1.562   0.000
  24 3289.8   5/2-   5/2  26    2.47    5.76    5.76    6.22    2.07       7.11    7.11   -0.00   -3.08      0.867   0.867  -0.000
  25 3435.8  13/2-  -7/2  31   -1.46    3.65    3.65    7.40    2.55      13.89   13.89    0.00    0.60      1.693   1.693   0.000
  
  26 3539.9  11/2-   1/2  28   -0.14    3.60    3.60    1.03    1.40      13.62   13.62   -0.00    0.03      1.661   1.661  -0.000
  27 3733.7  13/2-  -7/2  31   -0.85    3.97    3.97    6.54    2.33      15.33   15.33    0.00    0.33      1.869   1.869   0.000
  28 3868.8   1/2-   1/2  25    0.50    6.33    6.33    0.25    0.68       6.25    6.25   -0.00   -3.49      0.762   0.762  -0.000
  29 4422.5   1/2-   1/2  38    0.50   12.68   12.68    0.25   -1.82      14.76   14.76    0.00   -5.00      1.799   1.799   0.000
  30 5821.1  13/2-  -3/2  35   -0.51    4.27    4.27    6.39    1.47      21.58   21.58    0.00   -0.71      2.631   2.631   0.000
  
  31 7086.9   1/2-   1/2  29    0.50   25.37   25.37    0.25   -3.57      28.96   28.96   -0.00   -7.11      3.531   3.531  -0.000
  32*******   1/2-  -3/2  32    0.00    0.00    0.00    0.00   -0.00       0.00    0.00    0.00   -0.00      0.000   0.000   0.000
