1SPECTRUM OF (Z= 82 A=207) IN PARTICLE-ROTOR  MODEL WITH MODIFIED OSCILLATOR POTENTIAL


 PARITY=-   EPS= 0.239   GAMMA=  0.0   EPS4=0.000   EPS6=0.000   LEVELS:  27  28  29  30  31  32  33  34  35  36  37  38  39  40  40

 PAIRING FACTORS: GN0= 19.20  GN1=  7.40  IPAIR= 15 ***  E2PLUS(INPUT)=   0.730  E2PLUR(INPUT)=   0.000

 CORIOLIS ATTENUATION PARAMETERS:  CHSI=1.000  ETA=  1.00

 MOMENT OF INERTIA PARAMETERS:   A1=  0.122 MEV   A2=  0.122 MEV   A3=121.91924 MEV


 DELTA=0.938 MEV  LAMBDA=53.4398 MEV   HW0= 7.4611 MEV   LAMBDA/HW0= 7.1625

 E2ENERGY=0.730 MEV  HBAR**2/B=10591./A**(7/3)=1790.4/A**2 MEV

 IREC=0  =>  RECOIL TERMS j+j-, j+j+, jzjz, ETC TREATED AS ONE-BODY OPERATORS WITH UU+VV PAIRING FACTORS



 S. P. LEVEL   EQP       U     V        (UU + VV)**1.00

     27       3.422    0.138 0.990      1.000 0.996 0.993 0.990 0.985 0.689 0.552 0.546 0.478 0.403 0.373 0.310 0.258 0.247 0.247
     28       2.116    0.228 0.974      0.996 1.000 1.000 0.999 0.997 0.752 0.625 0.620 0.555 0.484 0.455 0.395 0.344 0.334 0.334
     29       1.933    0.251 0.968      0.993 1.000 1.000 1.000 0.998 0.767 0.643 0.638 0.575 0.505 0.476 0.417 0.367 0.356 0.356
     30       1.770    0.276 0.961      0.990 0.999 1.000 1.000 1.000 0.784 0.663 0.658 0.596 0.527 0.499 0.440 0.390 0.380 0.380
     31       1.613    0.305 0.952      0.985 0.997 0.998 1.000 1.000 0.803 0.686 0.681 0.621 0.553 0.526 0.468 0.419 0.409 0.409
     32       0.991    0.813 0.582      0.689 0.752 0.767 0.784 0.803 1.000 0.985 0.983 0.966 0.941 0.929 0.903 0.878 0.872 0.872
     33       1.206    0.902 0.431      0.552 0.625 0.643 0.663 0.686 0.985 1.000 1.000 0.996 0.986 0.980 0.964 0.948 0.944 0.944
     34       1.220    0.905 0.425      0.546 0.620 0.638 0.658 0.681 0.983 1.000 1.000 0.997 0.987 0.981 0.966 0.950 0.947 0.947
     35       1.425    0.936 0.352      0.478 0.555 0.575 0.596 0.621 0.966 0.996 0.997 1.000 0.997 0.993 0.983 0.972 0.969 0.969
     36       1.790    0.962 0.272      0.403 0.484 0.505 0.527 0.553 0.941 0.986 0.987 0.997 1.000 0.999 0.995 0.988 0.986 0.986
     37       2.007    0.971 0.241      0.373 0.455 0.476 0.499 0.526 0.929 0.980 0.981 0.993 0.999 1.000 0.998 0.993 0.991 0.991
     38       2.713    0.984 0.176      0.310 0.395 0.417 0.440 0.468 0.903 0.964 0.966 0.983 0.995 0.998 1.000 0.999 0.998 0.998
     39       3.888    0.993 0.122      0.258 0.344 0.367 0.390 0.419 0.878 0.948 0.950 0.972 0.988 0.993 0.999 1.000 1.000 1.000
     40       4.279    0.994 0.110      0.247 0.334 0.356 0.380 0.409 0.872 0.944 0.947 0.969 0.986 0.991 0.998 1.000 1.000 1.000
     40       4.279    0.994 0.110      0.247 0.334 0.356 0.380 0.409 0.872 0.944 0.947 0.969 0.986 0.991 0.998 1.000 1.000 1.000

  R CORE   ENERGY   A0R/A00=1.000    R3= 0     2  
   2( 1)    0.732                    1.000 0.000
   2( 2)  487.921                    0.000 1.000

  R CORE   ENERGY   A0R/A00=1.000    R3= 0     2  
   3( 1)  488.652                    0.000 1.000

  R CORE   ENERGY   A0R/A00=1.000    R3= 0     2     4  
   4( 1)    2.438                    1.000 0.000 0.000

  R CORE   ENERGY   A0R/A00=1.000    R3= 0     2     4  
   5( 1)  490.847                    0.000 1.000 0.000

  R CORE   ENERGY   A0R/A00=1.000    R3= 0     2     4     6  
   6( 1)    5.121                    1.000 0.000 0.000 0.000

  R CORE   ENERGY   A0R/A00=1.000    R3= 0     2     4     6  
   7( 1)  494.017                    0.000 1.000 0.000 0.000

          AXIAL SYMMETRY => K RESTRICTED TO OMEGA

                     K
     S.P. ORB#: 27 -3.50
     S.P. ORB#: 28 -3.50
     S.P. ORB#: 29  0.50
     S.P. ORB#: 30 -1.50
     S.P. ORB#: 31  4.50
     S.P. ORB#: 32  0.50
     S.P. ORB#: 33 -1.50
     S.P. ORB#: 34 -1.50
     S.P. ORB#: 35  2.50
     S.P. ORB#: 36  2.50
     S.P. ORB#: 37  0.50
     S.P. ORB#: 38 -3.50
     S.P. ORB#: 39  4.50
     S.P. ORB#: 40  0.50
     S.P. ORB#: 40  0.50
 

             ENERGY    K= OMEGA
 
 I=  1/2- (1)  2.303  37:-0.999
 
 I=  1/2- (2)  3.051  29: 0.999
 
 I=  1/2- (3)  4.340  40:-0.707
                      40: 0.707
 
 I=  1/2- (4)  7.395  32: 0.905
                      40:-0.301
                      40:-0.301
 
 I=  1/2- (5) 13.622  32:-0.426
                      40:-0.640
                      40:-0.640

             ENERGY    K= OMEGA
 
 I=  3/2- (1)  1.742  29:-0.176
                      30:-0.088
                      34:-0.978
                      37: 0.068
 
 I=  3/2- (2)  2.842  30:-0.660
                      34: 0.117
                      37: 0.741

             ENERGY    K= OMEGA
 
 I=  5/2- (1)  1.918  29: 0.141
                      30: 0.178
                      34:-0.486
                      35:-0.843
 
 I=  5/2- (2)  2.402  29: 0.196
                      30:-0.201
                      34:-0.835
                      35: 0.468
                      37:-0.074
 
 I=  5/2- (3)  2.895  29:-0.265
                      30:-0.357
                      35:-0.172
                      37:-0.879
 
 I=  5/2- (4)  3.679  29:-0.362
                      30:-0.787
                      35:-0.180
                      37: 0.464
 
 I=  5/2- (5)  4.366  29: 0.860
                      30:-0.425
                      34: 0.256
                      35:-0.097
                      37:-0.066

             ENERGY    K= OMEGA
 
 I=  7/2- (1)  2.546  28: 0.064
                      29: 0.206
                      30:-0.235
                      34: 0.541
                      35:-0.776
 
 I=  7/2- (2)  3.062  27: 0.120
                      28:-0.979
                      29: 0.059
                      34: 0.150
 
 I=  7/2- (3)  3.218  28: 0.154
                      29: 0.275
                      30: 0.271
                      34: 0.728
                      35: 0.515
                      37:-0.180
 
 I=  7/2- (4)  3.252  32: 0.755
                      33: 0.550
                      36: 0.318
                      38: 0.125
                      40:-0.073
                      40:-0.073
 
 I=  7/2- (5)  4.318  29: 0.398
                      30:-0.793
                      35: 0.329
                      37: 0.319

             ENERGY    K= OMEGA
 
 I=  9/2- (1)  2.413  27: 0.243
                      28: 0.129
                      31:-0.961
 
 I=  9/2- (2)  3.390  28: 0.069
                      29:-0.255
                      30:-0.314
                      34: 0.527
                      35: 0.728
                      37:-0.143
 
 I=  9/2- (3)  4.172  27: 0.163
                      28:-0.956
                      29:-0.087
                      31:-0.087
                      34: 0.195
                      35:-0.071
 
 I=  9/2- (4)  4.332  28:-0.189
                      29: 0.162
                      30:-0.369
                      34:-0.735
                      35: 0.379
                      37:-0.343
 
 I=  9/2- (5)  4.356  32: 0.223
                      33:-0.554
                      36: 0.621
                      38:-0.459
                      39: 0.216

             ENERGY    K= OMEGA
 
 I= 11/2- (1)  2.244  32:-0.673
                      33:-0.568
                      36:-0.401
                      38:-0.232
                      39:-0.098
 
 I= 11/2- (2)  3.434  27: 0.327
                      28: 0.160
                      31: 0.930
                      35: 0.050
 
 I= 11/2- (3)  4.506  28: 0.074
                      29: 0.289
                      30:-0.315
                      31: 0.055
                      34: 0.561
                      35:-0.701
 
 I= 11/2- (4)  5.482  27: 0.160
                      28:-0.708
                      29: 0.258
                      30: 0.202
                      31: 0.055
                      34: 0.478
                      35: 0.324
                      37:-0.172
 
 I= 11/2- (5)  5.593  27: 0.104
                      28:-0.668
                      29:-0.230
                      30:-0.293
                      31: 0.096
                      34:-0.447
                      35:-0.395
                      37: 0.200

             ENERGY    K= OMEGA
 
 I= 13/2- (1)  4.020  32:-0.191
                      33: 0.500
                      36:-0.609
                      38: 0.512
                      39:-0.284
 
 I= 13/2- (2)  4.687  27: 0.382
                      28: 0.176
                      31:-0.904
                      35:-0.065
 
 I= 13/2- (3)  5.782  28: 0.071
                      29:-0.324
                      30:-0.385
                      31:-0.070
                      34: 0.512
                      35: 0.653
                      37:-0.218
 
 I= 13/2- (4)  7.072  28:-0.197
                      29:-0.063
                      30:-0.366
                      34:-0.509
                      35:-0.075
                      37:-0.745
 
 I= 13/2- (5)  7.090  27: 0.202
                      28:-0.861
                      29:-0.182
                      30: 0.099
                      31:-0.075
                      34: 0.351
                      35:-0.216

             ENERGY     K= 1/2
  32 LEVELS    TIME=  0.0 SEC



 ******************* EXCITATION ENERGIES, DOMINANT CONFIGURATION AND EXPECTATION VALUES (WITH S.P. UU+VV FACTORS) *******************

  NR  Eex(keV)  I   Kdom  NY    <Jz>  <Jx**2> <Jy**2> <Jz**2> <I.j>/|I|  <Rx**2> <Ry**2> <Rz**2> <R.j>/|R|  <HROTx> <HROTy> <HROTz>

   1    0.0   3/2-  -3/2  34   -1.43    1.66    1.66    2.18    1.35       2.02    2.02    0.00   -1.44      0.246   0.246   0.000
   2  176.0   5/2-   5/2  35    1.38    1.89    1.89    5.05    2.25       2.13    2.13    0.00   -1.05      0.259   0.259   0.000
   3  501.9  11/2-   1/2  32   -0.00   26.94   26.94    2.70    7.08       3.83    3.83   -0.00   -5.15      0.466   0.466  -0.010
   4  561.2   1/2-   1/2  37    0.50    1.43    1.43    0.25    0.83       1.21    1.21    0.00   -1.54      0.148   0.148   0.000
   5  660.7   5/2-  -3/2  34   -0.54    1.67    1.67    3.04    1.06       4.44    4.44    0.00   -1.09      0.542   0.542   0.000
  
   6  671.6   9/2-   9/2  31    3.89    2.57    2.57   19.63    4.41       2.81    2.81    0.00   -1.19      0.343   0.343   0.001
   7  804.6   7/2-   5/2  35    0.98    2.06    2.06    4.64    1.91       4.65    4.65   -0.00   -0.38      0.567   0.567  -0.000
   8 1100.1   3/2-   1/2  37   -0.40    2.72    2.72    1.15    0.66       3.89    3.89    0.00   -1.90      0.474   0.474   0.000
   9 1152.9   5/2-   1/2  37    0.30    2.10    2.10    0.68    1.00       3.86    3.86    0.00   -0.69      0.470   0.470   0.000
  10 1309.4   1/2-   1/2  29    0.50    4.26    4.26    0.25    0.20       4.59    4.59    0.00   -2.84      0.559   0.559   0.000
  
  11 1320.6   7/2-  -7/2  28   -3.43    2.05    2.05   11.97    3.03       3.89    3.89    0.00   -1.45      0.474   0.474   0.000
  12 1476.7   7/2-  -3/2  34   -0.27    1.82    1.82    3.33    1.00       7.39    7.39    0.00   -0.78      0.901   0.901   0.000
  13 1510.0   7/2-   1/2  32    0.04   25.53   25.53    1.65    6.51       8.42    8.42   -0.00   -6.56      1.027   1.027  -0.322
  14 1648.4   9/2-   5/2  35    0.79    2.29    2.29    4.29    1.78       7.94    7.94    0.00    0.00      0.968   0.968   0.000
  15 1691.9  11/2-   9/2  31    3.43    2.80    2.80   19.14    3.95       6.62    6.62    0.00   -0.31      0.807   0.807   0.001
  
  16 1937.5   5/2-  -3/2  30   -0.68    3.43    3.43    1.69    0.36       7.58    7.58    0.00   -1.92      0.924   0.924   0.000
  17 2278.8  13/2-   5/2  36    0.02   25.59   25.59    7.73    6.54       8.18    8.18   -0.00   -3.28      0.997   0.997  -0.003
  18 2430.5   9/2-  -7/2  28   -3.30    2.01    2.01   11.80    2.38       8.46    8.46    0.00   -0.97      1.032   1.032   0.000
  19 2576.2   7/2-  -3/2  30   -0.55    3.73    3.73    2.18    0.58      10.39   10.39    0.00   -1.61      1.266   1.266   0.000
  20 2590.7   9/2-  -3/2  34   -0.70    1.74    1.74    2.91    0.77      11.75   11.75    0.00   -0.53      1.432   1.432   0.000
  
  21 2598.1   1/2-   1/2  40    0.00    0.00    0.00    0.00    0.00       0.25    0.25    0.25    0.00      0.030   0.030  30.480
  22 2614.7   9/2-   5/2  36    0.00   25.89   25.89    6.64    6.30      10.22   10.22   -0.00   -5.98      1.246   1.246  -0.000
  23 2624.4   5/2-   1/2  29    0.03    4.16    4.16    0.80   -0.47      10.31   10.31    0.00   -2.31      1.257   1.257   0.000
  24 2764.0  11/2-   5/2  35    0.64    2.33    2.33    4.17    1.63      12.55   12.55    0.00    0.18      1.531   1.531   0.000
  25 2945.2  13/2-   9/2  31    3.07    2.97    2.97   18.76    3.62      11.46   11.46    0.00    0.12      1.397   1.397   0.001
  
  26 3740.7  11/2-  -7/2  28   -1.92    1.97    1.97    7.80    1.47      14.93   14.93    0.00   -0.53      1.820   1.820   0.000
  27 3851.2  11/2-  -7/2  28   -1.55    2.01    2.01    7.42    1.34      15.57   15.57    0.00   -0.61      1.899   1.899   0.000
  28 4040.2  13/2-   5/2  35    0.53    2.56    2.56    3.80    1.62      17.52   17.52    0.00    0.40      2.136   2.136   0.000
  29 5330.7  13/2-   1/2  37   -0.44    1.71    1.71    1.57    0.74      21.72   21.72   -0.00    0.02      2.649   2.649  -0.000
  30 5348.1  13/2-  -7/2  28   -2.78    1.98    1.98   10.29    1.53      20.81   20.81    0.00   -0.55      2.537   2.537   0.000
  
  31 5653.6   1/2-   1/2  32    0.59   20.35   20.35    0.30   -3.37      23.82   23.82   -0.05   -6.37      2.904   2.904  -5.536
  3211880.2   1/2-   1/2  40    0.91   35.52   35.52    0.45   -5.25      40.77   40.77   -0.20   -8.43      4.970   4.970 -24.944
