1SPECTRUM OF (Z= 82 A=207) IN PARTICLE-ROTOR  MODEL WITH MODIFIED OSCILLATOR POTENTIAL


 PARITY=-   EPS= 0.211   GAMMA=  0.0   EPS4=0.000   EPS6=0.000   LEVELS:  25  26  27  28  29  30  31  32  33  34  35  36  37  38  39

 PAIRING FACTORS: GN0= 19.20  GN1=  7.40  IPAIR= 15 ***  E2PLUS(INPUT)=   0.730  E2PLUR(INPUT)=   0.000

 CORIOLIS ATTENUATION PARAMETERS:  CHSI=1.000  ETA=  1.00

 MOMENT OF INERTIA PARAMETERS:   A1=  0.122 MEV   A2=  0.122 MEV   A3=121.91924 MEV


 DELTA=0.946 MEV  LAMBDA=53.4865 MEV   HW0= 7.4497 MEV   LAMBDA/HW0= 7.1797

 E2ENERGY=0.730 MEV  HBAR**2/B= 8255./A**(7/3)=1395.5/A**2 MEV

 IREC=0  =>  RECOIL TERMS j+j-, j+j+, jzjz, ETC TREATED AS ONE-BODY OPERATORS WITH UU+VV PAIRING FACTORS



 S. P. LEVEL   EQP       U     V        (UU + VV)**1.00

     25       4.185    0.114 0.994      1.000 1.000 1.000 0.997 0.993 0.991 0.990 0.667 0.571 0.525 0.444 0.410 0.350 0.281 0.236
     26       4.086    0.117 0.993      1.000 1.000 1.000 0.997 0.993 0.992 0.991 0.669 0.573 0.527 0.446 0.413 0.353 0.284 0.239
     27       3.655    0.130 0.991      1.000 1.000 1.000 0.998 0.995 0.994 0.992 0.680 0.585 0.539 0.459 0.426 0.366 0.297 0.253
     28       2.537    0.190 0.982      0.997 0.997 0.998 1.000 0.999 0.999 0.998 0.722 0.633 0.589 0.511 0.479 0.421 0.354 0.310
     29       2.108    0.231 0.973      0.993 0.993 0.995 0.999 1.000 1.000 1.000 0.751 0.664 0.622 0.547 0.515 0.459 0.393 0.350
     30       2.010    0.242 0.970      0.991 0.992 0.994 0.999 1.000 1.000 1.000 0.759 0.673 0.631 0.557 0.526 0.469 0.404 0.361
     31       1.945    0.251 0.968      0.990 0.991 0.992 0.998 1.000 1.000 1.000 0.764 0.680 0.638 0.564 0.533 0.477 0.412 0.370
     32       1.003    0.816 0.578      0.667 0.669 0.680 0.722 0.751 0.759 0.764 1.000 0.993 0.984 0.964 0.953 0.931 0.903 0.882
     33       1.133    0.880 0.474      0.571 0.573 0.585 0.633 0.664 0.673 0.680 0.993 1.000 0.998 0.989 0.983 0.969 0.948 0.933
     34       1.230    0.905 0.424      0.525 0.527 0.539 0.589 0.622 0.631 0.638 0.984 0.998 1.000 0.996 0.992 0.981 0.965 0.951
     35       1.484    0.941 0.339      0.444 0.446 0.459 0.511 0.547 0.557 0.564 0.964 0.989 0.996 1.000 0.999 0.995 0.985 0.976
     36       1.633    0.953 0.304      0.410 0.413 0.426 0.479 0.515 0.526 0.533 0.953 0.983 0.992 0.999 1.000 0.998 0.991 0.983
     37       2.019    0.970 0.241      0.350 0.353 0.366 0.421 0.459 0.469 0.477 0.931 0.969 0.981 0.995 0.998 1.000 0.997 0.993
     38       2.817    0.985 0.170      0.281 0.284 0.297 0.354 0.393 0.404 0.412 0.903 0.948 0.965 0.985 0.991 0.997 1.000 0.999
     39       3.831    0.992 0.124      0.236 0.239 0.253 0.310 0.350 0.361 0.370 0.882 0.933 0.951 0.976 0.983 0.993 0.999 1.000

  R CORE   ENERGY   A0R/A00=1.000    R3= 0     2  
   2( 1)    0.732                    1.000 0.000
   2( 2)  487.921                    0.000 1.000

  R CORE   ENERGY   A0R/A00=1.000    R3= 0     2  
   3( 1)  488.652                    0.000 1.000

  R CORE   ENERGY   A0R/A00=1.000    R3= 0     2     4  
   4( 1)    2.438                    1.000 0.000 0.000

  R CORE   ENERGY   A0R/A00=1.000    R3= 0     2     4  
   5( 1)  490.847                    0.000 1.000 0.000

  R CORE   ENERGY   A0R/A00=1.000    R3= 0     2     4     6  
   6( 1)    5.121                    1.000 0.000 0.000 0.000

  R CORE   ENERGY   A0R/A00=1.000    R3= 0     2     4     6  
   7( 1)  494.017                    0.000 1.000 0.000 0.000

          AXIAL SYMMETRY => K RESTRICTED TO OMEGA

                     K
     S.P. ORB#: 25  2.50
     S.P. ORB#: 26  0.50
     S.P. ORB#: 27 -3.50
     S.P. ORB#: 28 -3.50
     S.P. ORB#: 29  0.50
     S.P. ORB#: 30  4.50
     S.P. ORB#: 31 -1.50
     S.P. ORB#: 32 -1.50
     S.P. ORB#: 33  2.50
     S.P. ORB#: 34  0.50
     S.P. ORB#: 35 -1.50
     S.P. ORB#: 36  0.50
     S.P. ORB#: 37  2.50
     S.P. ORB#: 38 -3.50
     S.P. ORB#: 39  4.50
 

             ENERGY    K= OMEGA
 
 I=  1/2- (1)  1.900  26:-0.057
                      36:-0.998
 
 I=  1/2- (2)  3.178  29: 0.999
 
 I=  1/2- (3)  5.333  26: 0.998
                      36:-0.058
 
 I=  1/2- (4)  9.025  34:-1.000
 
 I=  1/2- (5)147.306  32:-1.000

             ENERGY    K= OMEGA
 
 I=  3/2- (1)  1.501  29: 0.183
                      31: 0.100
                      32: 0.974
                      36:-0.069
 
 I=  3/2- (2)  2.529  29: 0.191
                      31: 0.191
                      32:-0.125
                      36:-0.954
 
 I=  3/2- (3)  3.029  26: 0.085
                      29:-0.317
                      31: 0.935
                      36: 0.130
 
 I=  3/2- (4)  3.401  26:-0.342
                      29:-0.860
                      31:-0.220
                      32: 0.182
                      36:-0.249
 
 I=  3/2- (5)  5.762  34:-0.864
                      35:-0.504

             ENERGY    K= OMEGA
 
 I=  5/2- (1)  1.614  26:-0.053
                      29: 0.142
                      31: 0.181
                      32:-0.451
                      33:-0.859
                      36: 0.051
 
 I=  5/2- (2)  2.143  29:-0.203
                      31: 0.175
                      32: 0.853
                      33:-0.442
                      36: 0.060
 
 I=  5/2- (3)  2.556  29: 0.197
                      31: 0.257
                      33: 0.144
                      36: 0.934
 
 I=  5/2- (4)  3.314  26: 0.360
                      29:-0.434
                      31:-0.726
                      32:-0.074
                      33:-0.188
                      36: 0.339
 
 I=  5/2- (5)  4.494  26:-0.065
                      29: 0.808
                      31:-0.521
                      32: 0.245
                      33:-0.102

             ENERGY    K= OMEGA
 
 I=  7/2- (1)  2.252  29:-0.191
                      31: 0.209
                      32:-0.534
                      33: 0.795
 
 I=  7/2- (2)  2.814  25:-0.082
                      26:-0.171
                      28: 0.136
                      29:-0.336
                      31:-0.305
                      32:-0.695
                      33:-0.473
                      36: 0.182
 
 I=  7/2- (3)  3.282  25:-0.229
                      27:-0.086
                      28: 0.956
                      29: 0.069
                      31: 0.064
                      32: 0.087
                      33: 0.067
                      36:-0.052
 
 I=  7/2- (4)  3.594  34:-0.732
                      35:-0.572
                      37:-0.342
                      38:-0.140
 
 I=  7/2- (5)  4.072  26:-0.152
                      29:-0.192
                      31:-0.351
                      32: 0.330
                      33: 0.250
                      36: 0.802

             ENERGY    K= OMEGA
 
 I=  9/2- (1)  2.758  25: 0.081
                      27: 0.255
                      28: 0.180
                      29: 0.068
                      30:-0.915
                      31: 0.081
                      32:-0.122
                      33:-0.177
 
 I=  9/2- (2)  2.951  26:-0.186
                      28:-0.054
                      29: 0.307
                      30: 0.242
                      31: 0.367
                      32:-0.470
                      33:-0.654
                      36: 0.160
 
 I=  9/2- (3)  3.960  25:-0.216
                      27: 0.073
                      28:-0.457
                      29:-0.159
                      30:-0.091
                      31: 0.287
                      32: 0.678
                      33:-0.334
                      36: 0.224
 
 I=  9/2- (4)  4.113  25:-0.076
                      26: 0.164
                      27: 0.064
                      28:-0.262
                      29:-0.279
                      31:-0.267
                      32:-0.111
                      33:-0.420
                      36:-0.746
 
 I=  9/2- (5)  4.259  25: 0.232
                      27:-0.075
                      28: 0.758
                      29:-0.215
                      30: 0.154
                      31: 0.097
                      32: 0.384
                      33:-0.356
                      36:-0.106

             ENERGY    K= OMEGA
 
 I= 11/2- (1)  2.434  34: 0.668
                      35: 0.566
                      37: 0.406
                      38: 0.240
                      39: 0.104
 
 I= 11/2- (2)  3.718  25:-0.131
                      27: 0.335
                      28: 0.252
                      30: 0.878
                      32:-0.109
                      33: 0.143
 
 I= 11/2- (3)  4.201  28:-0.052
                      29:-0.281
                      30:-0.195
                      31: 0.274
                      32:-0.569
                      33: 0.692
 
 I= 11/2- (4)  4.802  25:-0.143
                      26:-0.281
                      27:-0.062
                      28: 0.231
                      29:-0.401
                      30:-0.057
                      31:-0.412
                      32:-0.514
                      33:-0.441
                      36: 0.225
 
 I= 11/2- (5)  5.330  25:-0.346
                      26: 0.114
                      27:-0.137
                      28: 0.846
                      29: 0.158
                      30:-0.241
                      31: 0.143
                      32: 0.104
                      33: 0.081
                      36:-0.106

             ENERGY    K= OMEGA
 
 I= 13/2- (1)  4.159  34:-0.190
                      35: 0.492
                      37:-0.605
                      38: 0.519
                      39:-0.295
 
 I= 13/2- (2)  4.852  25: 0.153
                      26:-0.167
                      27: 0.330
                      28: 0.243
                      29: 0.228
                      30:-0.686
                      31: 0.258
                      32:-0.264
                      33:-0.332
                      36: 0.111
 
 I= 13/2- (3)  5.050  25: 0.076
                      26: 0.268
                      27: 0.194
                      28: 0.184
                      29:-0.349
                      30:-0.510
                      31:-0.402
                      32: 0.324
                      33: 0.408
                      36:-0.191
 
 I= 13/2- (4)  6.510  25:-0.360
                      26:-0.068
                      27: 0.148
                      28:-0.648
                      29:-0.095
                      30:-0.256
                      31: 0.227
                      32: 0.488
                      33:-0.139
                      36: 0.200
 
 I= 13/2- (5)  6.686  25:-0.103
                      26: 0.198
                      27: 0.089
                      28:-0.305
                      29:-0.213
                      31:-0.228
                      32:-0.316
                      33:-0.504
                      36:-0.630

             ENERGY     K= 9/2
  35 LEVELS    TIME=  0.0 SEC



 ******************* EXCITATION ENERGIES, DOMINANT CONFIGURATION AND EXPECTATION VALUES (WITH S.P. UU+VV FACTORS) *******************

  NR  Eex(keV)  I   Kdom  NY    <Jz>  <Jx**2> <Jy**2> <Jz**2> <I.j>/|I|  <Rx**2> <Ry**2> <Rz**2> <R.j>/|R|  <HROTx> <HROTy> <HROTz>

   1    0.0   3/2-  -3/2  32   -1.42    1.60    1.60    2.17    1.42       1.81    1.81   -0.00   -1.38      0.221   0.221  -0.000
   2  113.4   5/2-   5/2  33    1.50    1.89    1.89    5.15    2.36       1.85    1.85    0.00   -1.01      0.226   0.226   0.000
   3  399.3   1/2-   1/2  36    0.50    1.27    1.27    0.25    0.82       1.06    1.06    0.00   -1.43      0.129   0.129   0.000
   4  642.1   5/2-  -3/2  32   -0.62    1.60    1.60    2.95    1.09       4.23    4.23    0.00   -1.01      0.516   0.516   0.000
   5  751.0   7/2-   5/2  33    1.10    1.98    1.98    4.72    1.96       4.42    4.42    0.00   -0.30      0.539   0.539   0.000
  
   6  933.9  11/2-   1/2  34    0.00   27.43   27.43    2.79    7.21       3.58    3.58    0.00   -5.43      0.437   0.437   0.000
   7 1028.5   3/2-   1/2  36    0.40    1.50    1.50    0.35   -0.02       3.59    3.59    0.00   -1.27      0.438   0.438   0.000
   8 1055.7   5/2-   1/2  36    0.41    1.84    1.84    0.51    0.96       3.64    3.64    0.00   -0.51      0.444   0.444   0.000
   9 1257.0   9/2-   9/2  30    3.49    2.67    2.67   18.41    4.34       2.66    2.66    0.00   -0.94      0.325   0.325   0.000
  10 1313.1   7/2-  -3/2  32   -0.27    1.87    1.87    3.01    1.38       5.77    5.77    0.00   -0.37      0.703   0.703   0.000
  
  11 1450.2   9/2-   5/2  33    0.87    2.77    2.77    4.74    2.31       6.04    6.04   -0.00    0.34      0.737   0.737  -0.000
  12 1528.0   3/2-  -3/2  31   -1.25    4.07    4.07    2.00    1.35       4.34    4.34   -0.00   -2.56      0.529   0.529  -0.000
  13 1677.5   1/2-   1/2  29    0.50    4.19    4.19    0.25    0.36       4.38    4.38   -0.00   -2.81      0.534   0.534  -0.000
  14 1781.6   7/2-  -7/2  28   -3.10    2.33    2.33   11.68    3.35       2.76    2.76    0.00   -1.30      0.336   0.336   0.001
  15 1813.6   5/2-  -3/2  31   -0.49    3.76    3.76    1.53    1.44       4.63    4.63   -0.00   -1.57      0.565   0.565  -0.000
  
  16 1900.2   3/2-   1/2  29    0.34    3.48    3.48    0.41    0.47       4.66    4.66   -0.00   -2.12      0.568   0.568  -0.000
  17 2093.1   7/2-   1/2  34    0.00   27.70   27.70    1.84    6.97       8.85    8.85    0.00   -7.04      1.078   1.078   0.000
  18 2217.6  11/2-   9/2  30    2.93    2.96    2.96   18.02    3.97       6.08    6.08    0.00   -0.05      0.741   0.741   0.000
  19 2459.1   9/2-  -3/2  32   -1.09    1.88    1.88    5.01    1.47       9.46    9.46    0.00   -0.34      1.153   1.153   0.000
  20 2571.4   7/2-   1/2  36    0.15    2.13    2.13    1.12    0.16       9.94    9.94    0.00   -1.07      1.212   1.212   0.000
  
  21 2612.0   9/2-   1/2  36    0.41    2.34    2.34    2.39    1.25       9.70    9.70    0.00   -0.19      1.182   1.182   0.000
  22 2658.3  13/2-   5/2  37    0.02   25.92   25.92    7.90    6.64       7.89    7.89    0.00   -3.37      0.963   0.963   0.000
  23 2700.3  11/2-   5/2  33    0.80    2.24    2.24    4.72    1.75      12.02   12.02    0.00    0.25      1.466   1.466   0.000
  24 2758.4   9/2-  -7/2  28   -1.68    2.30    2.30    9.09    2.15       8.52    8.52    0.00   -0.73      1.039   1.039   0.000
  25 2993.9   5/2-   1/2  29   -0.14    4.21    4.21    0.98   -0.40      10.24   10.24    0.00   -2.33      1.249   1.249   0.000
  
  26 3301.6  11/2-  -3/2  32   -0.15    2.34    2.34    3.16    1.59      12.31   12.31    0.00    0.33      1.501   1.501   0.000
  27 3351.4  13/2-   9/2  30    1.70    3.36    3.36   12.74    3.30      11.04   11.04    0.00    0.77      1.347   1.347   0.000
  28 3549.0  13/2-   9/2  30    1.06    3.51    3.51    7.87    2.76      12.56   12.56    0.00    0.87      1.531   1.531   0.000
  29 3829.8  11/2-  -7/2  28   -2.02    2.60    2.60   11.06    2.54      10.84   10.84    0.00   -0.24      1.322   1.322   0.001
  30 3832.5   1/2-   1/2  26    0.50    5.26    5.26    0.25    0.69       5.16    5.16    0.00   -3.17      0.629   0.629   0.000
  
  31 4261.2   3/2-   1/2  34   -0.01   27.94   27.94    0.76    6.13      18.32   18.32   -0.00   -7.40      2.234   2.234  -0.000
  32 5009.7  13/2-  -7/2  28   -1.29    2.38    2.38    8.34    1.95      17.33   17.33    0.00    0.08      2.113   2.113   0.000
  33 5185.3  13/2-   1/2  36    0.33    2.22    2.22    3.37    1.12      20.43   20.43    0.00    0.01      2.491   2.491   0.000
  34 7524.3   1/2-   1/2  34    0.50   28.00   28.00    0.25   -4.00      31.97   31.97   -0.00   -7.47      3.897   3.897  -0.000
  35*******   1/2-  -3/2  32    0.00    0.00    0.00    0.00   -0.00       0.00    0.00   -0.00   -0.00      0.000   0.000  -0.000
  
