1SPECTRUM OF (Z= 82 A=207) IN PARTICLE-ROTOR  MODEL WITH MODIFIED OSCILLATOR POTENTIAL


 PARITY=-   EPS= 0.314   GAMMA=  0.0   EPS4=0.000   EPS6=0.000   LEVELS:  26  27  28  29  30  31  32  33  34  35  36  37  38  39  40

 PAIRING FACTORS: GN0= 19.20  GN1=  7.40  IPAIR= 15 ***  E2PLUS(INPUT)=   0.730  E2PLUR(INPUT)=   0.000

 CORIOLIS ATTENUATION PARAMETERS:  CHSI=1.000  ETA=  1.00

 MOMENT OF INERTIA PARAMETERS:   A1=  0.122 MEV   A2=  0.122 MEV   A3=121.91924 MEV


 DELTA=0.939 MEV  LAMBDA=53.2946 MEV   HW0= 7.4998 MEV   LAMBDA/HW0= 7.1061

 E2ENERGY=0.730 MEV  HBAR**2/B=18282./A**(7/3)=3090.5/A**2 MEV

 IREC=0  =>  RECOIL TERMS j+j-, j+j+, jzjz, ETC TREATED AS ONE-BODY OPERATORS WITH UU+VV PAIRING FACTORS



 S. P. LEVEL   EQP       U     V        (UU + VV)**1.00

     26       3.288    0.144 0.990      1.000 1.000 0.976 0.975 0.964 0.935 0.887 0.798 0.536 0.350 0.332 0.327 0.300 0.289 0.257
     27       2.733    0.174 0.985      1.000 1.000 0.982 0.981 0.971 0.945 0.901 0.816 0.561 0.378 0.361 0.356 0.329 0.319 0.287
     28       1.412    0.356 0.935      0.976 0.982 1.000 1.000 0.999 0.990 0.966 0.910 0.706 0.545 0.529 0.525 0.500 0.490 0.461
     29       1.396    0.360 0.933      0.975 0.981 1.000 1.000 0.999 0.990 0.967 0.912 0.710 0.549 0.533 0.529 0.504 0.495 0.465
     30       1.273    0.403 0.915      0.964 0.971 0.999 0.999 1.000 0.996 0.978 0.930 0.742 0.587 0.572 0.567 0.543 0.534 0.506
     31       1.104    0.487 0.874      0.935 0.945 0.990 0.990 0.996 1.000 0.993 0.960 0.801 0.660 0.646 0.642 0.619 0.611 0.584
     32       0.989    0.585 0.811      0.887 0.901 0.966 0.967 0.978 0.993 1.000 0.986 0.865 0.743 0.731 0.727 0.707 0.699 0.675
     33       0.939    0.711 0.703      0.798 0.816 0.910 0.912 0.930 0.960 0.986 1.000 0.936 0.844 0.833 0.831 0.814 0.808 0.787
     34       1.259    0.913 0.408      0.536 0.561 0.706 0.710 0.742 0.801 0.865 0.936 1.000 0.978 0.974 0.973 0.966 0.963 0.954
     35       2.275    0.977 0.211      0.350 0.378 0.545 0.549 0.587 0.660 0.743 0.844 0.978 1.000 1.000 1.000 0.999 0.998 0.995
     36       2.482    0.981 0.193      0.332 0.361 0.529 0.533 0.572 0.646 0.731 0.833 0.974 1.000 1.000 1.000 0.999 0.999 0.997
     37       2.548    0.982 0.188      0.327 0.356 0.525 0.529 0.567 0.642 0.727 0.831 0.973 1.000 1.000 1.000 1.000 0.999 0.997
     38       2.992    0.987 0.159      0.300 0.329 0.500 0.504 0.543 0.619 0.707 0.814 0.966 0.999 0.999 1.000 1.000 1.000 0.999
     39       3.199    0.989 0.148      0.289 0.319 0.490 0.495 0.534 0.611 0.699 0.808 0.963 0.998 0.999 0.999 1.000 1.000 0.999
     40       4.109    0.993 0.115      0.257 0.287 0.461 0.465 0.506 0.584 0.675 0.787 0.954 0.995 0.997 0.997 0.999 0.999 1.000

  R CORE   ENERGY   A0R/A00=1.000    R3= 0     2  
   2( 1)    0.732                    1.000 0.000
   2( 2)  487.921                    0.000 1.000

  R CORE   ENERGY   A0R/A00=1.000    R3= 0     2  
   3( 1)  488.652                    0.000 1.000

  R CORE   ENERGY   A0R/A00=1.000    R3= 0     2     4  
   4( 1)    2.438                    1.000 0.000 0.000

  R CORE   ENERGY   A0R/A00=1.000    R3= 0     2     4  
   5( 1)  490.847                    0.000 1.000 0.000

  R CORE   ENERGY   A0R/A00=1.000    R3= 0     2     4     6  
   6( 1)    5.121                    1.000 0.000 0.000 0.000

  R CORE   ENERGY   A0R/A00=1.000    R3= 0     2     4     6  
   7( 1)  494.017                    0.000 1.000 0.000 0.000

          AXIAL SYMMETRY => K RESTRICTED TO OMEGA

                     K
     S.P. ORB#: 26  2.50
     S.P. ORB#: 27 -3.50
     S.P. ORB#: 28  0.50
     S.P. ORB#: 29  0.50
     S.P. ORB#: 30 -1.50
     S.P. ORB#: 31 -3.50
     S.P. ORB#: 32 -1.50
     S.P. ORB#: 33  4.50
     S.P. ORB#: 34  2.50
     S.P. ORB#: 35 -1.50
     S.P. ORB#: 36 -3.50
     S.P. ORB#: 37  2.50
     S.P. ORB#: 38  0.50
     S.P. ORB#: 39  0.50
     S.P. ORB#: 40  4.50
 

             ENERGY    K= OMEGA
 
 I=  1/2- (1)  2.630  28: 0.998
                      39: 0.057
 
 I=  1/2- (2)  3.541  28:-0.057
                      39: 0.998
 
 I=  1/2- (3)  6.158  29:-0.498
                      38: 0.867
 
 I=  1/2- (4)  8.820  29: 0.867
                      38: 0.498
 
 I=  1/2- (5)147.292  32: 1.000

             ENERGY    K= OMEGA
 
 I=  3/2- (1)  2.504  28:-0.387
                      30: 0.921
 
 I=  3/2- (2)  2.623  28: 0.614
                      30: 0.256
                      35: 0.731
                      39:-0.150

             ENERGY    K= OMEGA
 
 I=  5/2- (1)  2.720  28:-0.373
                      30:-0.694
                      35: 0.242
                      37: 0.538
                      39:-0.176
 
 I=  5/2- (2)  3.211  26:-0.065
                      28: 0.365
                      30:-0.475
                      35:-0.792
                      39:-0.096
 
 I=  5/2- (3)  3.402  28: 0.516
                      30: 0.271
                      37: 0.778
                      39: 0.233
 
 I=  5/2- (4)  4.138  28:-0.577
                      30: 0.456
                      35:-0.515
                      37: 0.321
                      39:-0.300
 
 I=  5/2- (5)  4.468  26:-0.051
                      28:-0.358
                      30:-0.104
                      35:-0.208
                      39: 0.903

             ENERGY    K= OMEGA
 
 I=  7/2- (1)  1.887  26:-0.203
                      27: 0.055
                      31: 0.977
 
 I=  7/2- (2)  3.303  28: 0.444
                      30:-0.600
                      35: 0.365
                      37:-0.554
 
 I=  7/2- (3)  3.352  29: 0.728
                      32: 0.577
                      34: 0.342
                      36: 0.139
 
 I=  7/2- (4)  3.844  26: 0.060
                      28:-0.521
                      30:-0.497
                      35:-0.587
                      37:-0.265
                      39: 0.248
 
 I=  7/2- (5)  4.311  26: 0.111
                      27: 0.292
                      28: 0.464
                      30:-0.446
                      35:-0.308
                      37: 0.627

             ENERGY    K= OMEGA
 
 I=  9/2- (1)  1.803  26:-0.068
                      27: 0.207
                      31:-0.208
                      33:-0.953
 
 I=  9/2- (2)  2.823  26: 0.278
                      27: 0.090
                      31: 0.932
                      33:-0.204
 
 I=  9/2- (3)  4.067  28:-0.413
                      30:-0.629
                      35: 0.320
                      37: 0.523
                      39:-0.234
 
 I=  9/2- (4)  4.324  29:-0.208
                      32: 0.535
                      34:-0.632
                      36: 0.475
                      40:-0.213
 
 I=  9/2- (5)  5.032  26:-0.096
                      27: 0.051
                      28: 0.329
                      30:-0.497
                      31: 0.061
                      35:-0.767
                      39:-0.196

             ENERGY    K= OMEGA
 
 I= 11/2- (1)  2.568  29: 0.662
                      32: 0.568
                      34: 0.406
                      36: 0.247
                      38: 0.053
                      40: 0.105
 
 I= 11/2- (2)  2.866  26:-0.116
                      27:-0.281
                      31: 0.289
                      33:-0.908
 
 I= 11/2- (3)  3.988  26:-0.327
                      27: 0.127
                      31: 0.889
                      33: 0.285
                      37: 0.057
 
 I= 11/2- (4)  5.191  28: 0.473
                      30:-0.557
                      35: 0.416
                      37:-0.536
 
 I= 11/2- (5)  5.723  29:-0.490
                      32:-0.090
                      34: 0.432
                      36: 0.622
                      40: 0.420

             ENERGY    K= OMEGA
 
 I= 13/2- (1)  4.148  26:-0.159
                      27: 0.327
                      31:-0.344
                      33:-0.865
 
 I= 13/2- (2)  4.225  29: 0.177
                      32:-0.471
                      34: 0.611
                      36:-0.535
                      40: 0.294
 
 I= 13/2- (3)  5.387  26: 0.359
                      27: 0.162
                      30: 0.066
                      31: 0.847
                      33:-0.341
                      37:-0.074
 
 I= 13/2- (4)  6.409  28: 0.432
                      30: 0.604
                      31:-0.062
                      33: 0.051
                      35:-0.340
                      37:-0.498
                      39: 0.277
 
 I= 13/2- (5)  7.820  26:-0.095
                      27: 0.064
                      28: 0.252
                      30:-0.480
                      31: 0.096
                      35:-0.759
                      39:-0.327

             ENERGY     K= 9/2
  32 LEVELS    TIME=  0.0 SEC



 ******************* EXCITATION ENERGIES, DOMINANT CONFIGURATION AND EXPECTATION VALUES (WITH S.P. UU+VV FACTORS) *******************

  NR  Eex(keV)  I   Kdom  NY    <Jz>  <Jx**2> <Jy**2> <Jz**2> <I.j>/|I|  <Rx**2> <Ry**2> <Rz**2> <R.j>/|R|  <HROTx> <HROTy> <HROTz>

   1    0.0   9/2-   9/2  33    3.80    2.55    2.55   19.49    4.33       3.15    3.15    0.00   -1.23      0.384   0.384   0.000
   2   84.6   7/2-  -7/2  31   -3.25    2.31    2.31   11.99    3.37       2.82    2.82    0.00   -1.37      0.343   0.343   0.000
   3  701.2   3/2-  -3/2  30   -1.20    4.65    4.65    1.95    1.31       4.95    4.95    0.00   -2.76      0.604   0.604   0.000
   4  764.8  11/2-   1/2  29   -0.01   24.87   24.87    2.84    6.55       5.02    5.02    0.00   -4.24      0.613   0.613   0.000
   5  820.5   3/2-  -3/2  35   -0.70    2.83    2.83    1.45    1.28       2.95    2.95    0.00   -1.91      0.360   0.360   0.000
  
   6  827.2   1/2-   1/2  28    0.50    4.66    4.66    0.25    0.21       4.97    4.97   -0.00   -2.97      0.606   0.606  -0.000
   7  917.0   5/2-  -3/2  30   -0.00    3.71    3.71    3.07    1.95       3.85    3.85    0.00   -1.70      0.470   0.470   0.000
   8 1019.9   9/2-  -7/2  31   -2.69    2.42    2.42   12.09    2.92       6.31    6.31    0.00   -0.68      0.770   0.770   0.000
   9 1063.1  11/2-   9/2  33    3.17    2.79    2.79   18.76    3.83       7.14    7.14   -0.00   -0.38      0.870   0.870  -0.000
  10 1408.1   5/2-  -3/2  35   -1.19    2.47    2.47    1.99    0.90       5.18    5.18    0.00   -1.33      0.632   0.632   0.000
  
  11 1499.7   7/2-  -3/2  30    0.12    3.56    3.56    3.11    1.75       6.05    6.05    0.00   -0.94      0.737   0.737   0.000
  12 1549.5   7/2-   1/2  29   -0.01   24.46   24.46    1.85    6.22       8.55    8.55    0.00   -6.30      1.043   1.043   0.000
  13 1598.7   5/2-   5/2  37    1.56    2.77    2.77    4.03    1.41       4.98    4.98   -0.00   -1.71      0.607   0.607  -0.000
  14 1738.4   1/2-   1/2  39    0.50    1.54    1.54    0.25    0.70       1.43    1.43   -0.00   -1.61      0.174   0.174  -0.000
  15 2041.4   7/2-  -3/2  35   -0.54    2.95    2.95    1.89    0.93       8.09    8.09    0.00   -1.02      0.987   0.987   0.000
  
  16 2185.3  11/2-  -7/2  31   -2.18    2.52    2.52   12.21    2.63      10.79   10.79    0.00   -0.33      1.316   1.316   0.000
  17 2263.9   9/2-  -3/2  30    0.04    3.60    3.60    2.93    1.68       9.07    9.07    0.00   -0.41      1.106   1.106   0.000
  18 2335.2   5/2-   1/2  28   -0.24    3.57    3.57    1.82   -0.12       9.21    9.21    0.00   -2.17      1.123   1.123   0.000
  19 2344.7  13/2-   9/2  33    2.64    2.99    2.99   18.08    3.49      12.04   12.04    0.00    0.06      1.468   1.468   0.000
  20 2422.4  13/2-   5/2  34    0.01   24.38   24.38    8.10    6.14       9.94    9.94    0.00   -3.14      1.212   1.212   0.000
  
  21 2507.6   7/2-   5/2  37    0.38    3.26    3.26    4.29    1.01       9.28    9.28    0.00   -1.58      1.131   1.131   0.000
  22 2521.1   9/2-   5/2  34    0.01   24.64   24.64    6.84    5.88      11.20   11.20   -0.00   -5.68      1.365   1.365  -0.000
  23 2665.1   5/2-   1/2  39    0.40    1.85    1.85    0.37    0.01       6.40    6.40    0.00   -1.13      0.780   0.780   0.000
  24 3229.6   9/2-  -3/2  35   -1.17    2.47    2.47    2.07    0.67      12.54   12.54    0.00   -0.73      1.528   1.528   0.000
  25 3388.1  11/2-  -3/2  30    0.10    3.51    3.51    3.01    1.53      13.71   13.71    0.00   -0.16      1.672   1.672   0.000
  
  26 3584.4  13/2-  -7/2  31   -1.75    2.60    2.60   12.32    2.42      16.27   16.27    0.00   -0.12      1.984   1.984   0.000
  27 3919.6  11/2-  -7/2  36    0.02   23.32   23.32    9.55    5.32      14.16   14.16   -0.00   -4.58      1.727   1.727  -0.000
  28 4355.3   1/2-   1/2  38    0.50   12.59   12.59    0.25   -1.75      14.61   14.61   -0.00   -4.99      1.781   1.781  -0.000
  29 4605.8  13/2-  -3/2  30    0.03    3.57    3.57    2.81    1.54      18.57   18.57    0.00    0.14      2.264   2.264   0.000
  30 6017.3  13/2-  -3/2  35   -1.14    2.29    2.29    2.09    0.60      23.51   23.51    0.00   -0.36      2.866   2.866   0.000
  
  31 7017.4   1/2-   1/2  29    0.50   25.24   25.24    0.25   -3.57      28.82   28.82    0.00   -7.09      3.514   3.514   0.000
  32*******   1/2-  -3/2  32    0.00    0.00    0.00    0.00   -0.00       0.00    0.00    0.00   -0.00      0.000   0.000   0.000
