1SPECTRUM OF (Z= 82 A=207) IN PARTICLE-ROTOR  MODEL WITH MODIFIED OSCILLATOR POTENTIAL


 PARITY=-   EPS= 0.357   GAMMA=  0.0   EPS4=0.000   EPS6=0.000   LEVELS:  26  27  28  29  30  31  32  33  34  35  36  37  38  39  40

 PAIRING FACTORS: GN0= 19.20  GN1=  7.40  IPAIR= 15 ***  E2PLUS(INPUT)=   0.730  E2PLUR(INPUT)=   0.000

 CORIOLIS ATTENUATION PARAMETERS:  CHSI=1.000  ETA=  1.00

 MOMENT OF INERTIA PARAMETERS:   A1=  0.122 MEV   A2=  0.122 MEV   A3=121.91925 MEV


 DELTA=0.889 MEV  LAMBDA=53.3956 MEV   HW0= 7.5278 MEV   LAMBDA/HW0= 7.0932

 E2ENERGY=0.730 MEV  HBAR**2/B=23631./A**(7/3)=3994.9/A**2 MEV

 IREC=0  =>  RECOIL TERMS j+j-, j+j+, jzjz, ETC TREATED AS ONE-BODY OPERATORS WITH UU+VV PAIRING FACTORS



 S. P. LEVEL   EQP       U     V        (UU + VV)**1.00

     26       3.018    0.149 0.989      1.000 0.999 0.999 0.983 0.965 0.946 0.792 0.711 0.586 0.364 0.352 0.305 0.290 0.265 0.258
     27       2.459    0.184 0.983      0.999 1.000 1.000 0.989 0.974 0.956 0.813 0.736 0.614 0.396 0.385 0.338 0.324 0.299 0.292
     28       2.246    0.202 0.979      0.999 1.000 1.000 0.992 0.978 0.962 0.824 0.748 0.629 0.413 0.402 0.356 0.342 0.317 0.310
     29       1.443    0.326 0.945      0.983 0.989 0.992 1.000 0.997 0.989 0.890 0.827 0.723 0.527 0.516 0.472 0.459 0.436 0.429
     30       1.207    0.402 0.916      0.965 0.974 0.978 0.997 1.000 0.998 0.924 0.870 0.777 0.594 0.584 0.543 0.530 0.508 0.502
     31       1.084    0.463 0.886      0.946 0.956 0.962 0.989 0.998 1.000 0.948 0.901 0.818 0.647 0.637 0.598 0.586 0.565 0.559
     32       0.890    0.722 0.692      0.792 0.813 0.824 0.890 0.924 0.948 1.000 0.993 0.959 0.857 0.850 0.823 0.814 0.799 0.794
     33       0.927    0.801 0.599      0.711 0.736 0.748 0.827 0.870 0.901 0.993 1.000 0.986 0.913 0.908 0.886 0.879 0.866 0.863
     34       1.091    0.889 0.459      0.586 0.614 0.629 0.723 0.777 0.818 0.959 0.986 1.000 0.968 0.965 0.950 0.946 0.937 0.934
     35       2.065    0.975 0.221      0.364 0.396 0.413 0.527 0.594 0.647 0.857 0.913 0.968 1.000 1.000 0.998 0.997 0.995 0.994
     36       2.182    0.978 0.208      0.352 0.385 0.402 0.516 0.584 0.637 0.850 0.908 0.965 1.000 1.000 0.999 0.998 0.996 0.995
     37       2.824    0.987 0.159      0.305 0.338 0.356 0.472 0.543 0.598 0.823 0.886 0.950 0.998 0.999 1.000 1.000 0.999 0.999
     38       3.107    0.989 0.145      0.290 0.324 0.342 0.459 0.530 0.586 0.814 0.879 0.946 0.997 0.998 1.000 1.000 1.000 0.999
     39       3.768    0.993 0.119      0.265 0.299 0.317 0.436 0.508 0.565 0.799 0.866 0.937 0.995 0.996 0.999 1.000 1.000 1.000
     40       4.009    0.994 0.112      0.258 0.292 0.310 0.429 0.502 0.559 0.794 0.863 0.934 0.994 0.995 0.999 0.999 1.000 1.000

  R CORE   ENERGY   A0R/A00=1.000    R3= 0     2  
   2( 1)    0.732                    1.000 0.000
   2( 2)  487.921                    0.000 1.000

  R CORE   ENERGY   A0R/A00=1.000    R3= 0     2  
   3( 1)  488.652                    0.000 1.000

  R CORE   ENERGY   A0R/A00=1.000    R3= 0     2     4  
   4( 1)    2.438                    1.000 0.000 0.000

  R CORE   ENERGY   A0R/A00=1.000    R3= 0     2     4  
   5( 1)  490.847                    0.000 1.000 0.000

  R CORE   ENERGY   A0R/A00=1.000    R3= 0     2     4     6  
   6( 1)    5.121                    1.000 0.000 0.000 0.000

  R CORE   ENERGY   A0R/A00=1.000    R3= 0     2     4     6  
   7( 1)  494.017                    0.000 1.000 0.000 0.000

          AXIAL SYMMETRY => K RESTRICTED TO OMEGA

                     K
     S.P. ORB#: 26  2.50
     S.P. ORB#: 27 -3.50
     S.P. ORB#: 28  0.50
     S.P. ORB#: 29 -1.50
     S.P. ORB#: 30  0.50
     S.P. ORB#: 31 -1.50
     S.P. ORB#: 32 -3.50
     S.P. ORB#: 33  2.50
     S.P. ORB#: 34  4.50
     S.P. ORB#: 35  0.50
     S.P. ORB#: 36 -3.50
     S.P. ORB#: 37 -1.50
     S.P. ORB#: 38  2.50
     S.P. ORB#: 39  0.50
     S.P. ORB#: 40  0.50
 

             ENERGY    K= OMEGA
 
 I=  1/2- (1)  2.476  30:-0.999
 
 I=  1/2- (2)  4.131  39: 0.999
 
 I=  1/2- (3)  5.052  28:-0.220
                      35: 0.900
                      40:-0.377
 
 I=  1/2- (4)  7.669  28:-0.518
                      35: 0.219
                      40: 0.827
 
 I=  1/2- (5)  9.149  28: 0.826
                      35: 0.377
                      40: 0.418

             ENERGY    K= OMEGA
 
 I=  3/2- (1)  2.361  30:-0.412
                      31: 0.911
 
 I=  3/2- (2)  2.667  30:-0.846
                      31:-0.384
                      37:-0.337
                      39: 0.150

             ENERGY    K= OMEGA
 
 I=  5/2- (1)  2.725  30:-0.411
                      31:-0.838
                      37: 0.103
                      38: 0.298
                      39:-0.171
 
 I=  5/2- (2)  3.385  26:-0.060
                      30: 0.755
                      31:-0.401
                      37:-0.506
                      38: 0.097
 
 I=  5/2- (3)  3.827  26:-0.061
                      30:-0.271
                      31:-0.179
                      37:-0.423
                      38:-0.828
                      39:-0.158
 
 I=  5/2- (4)  4.415  26: 0.123
                      30: 0.383
                      31:-0.301
                      37: 0.714
                      38:-0.463
                      39: 0.155
 
 I=  5/2- (5)  4.810  26: 0.981
                      37:-0.123
                      39:-0.147

             ENERGY    K= OMEGA
 
 I=  7/2- (1)  1.723  26:-0.178
                      32: 0.982
 
 I=  7/2- (2)  3.355  30:-0.525
                      31: 0.732
                      37:-0.224
                      38: 0.369
 
 I=  7/2- (3)  3.764  28:-0.678
                      29:-0.585
                      33:-0.407
                      36:-0.179
 
 I=  7/2- (4)  3.902  26: 0.063
                      30:-0.684
                      31:-0.509
                      37:-0.414
                      38:-0.200
                      39: 0.238
 
 I=  7/2- (5)  4.321  26: 0.205
                      27: 0.947
                      30: 0.088
                      31:-0.095
                      37:-0.090
                      38: 0.191

             ENERGY    K= OMEGA
 
 I=  9/2- (1)  2.007  26: 0.082
                      27:-0.173
                      32: 0.296
                      34: 0.936
 
 I=  9/2- (2)  2.728  26: 0.241
                      27: 0.093
                      32: 0.918
                      34:-0.294
 
 I=  9/2- (3)  4.142  30: 0.448
                      31: 0.736
                      32:-0.051
                      37:-0.207
                      38:-0.394
                      39: 0.236
 
 I=  9/2- (4)  4.667  28: 0.217
                      29:-0.552
                      33: 0.678
                      36:-0.434
 
 I=  9/2- (5)  5.232  26:-0.117
                      27: 0.083
                      30: 0.620
                      31:-0.461
                      32: 0.055
                      37:-0.598
                      38: 0.141

             ENERGY    K= OMEGA
 
 I= 11/2- (1)  3.124  26:-0.136
                      27:-0.234
                      32: 0.393
                      34:-0.878
 
 I= 11/2- (2)  3.149  28:-0.654
                      29:-0.581
                      33:-0.425
                      35:-0.070
                      36:-0.220
 
 I= 11/2- (3)  3.964  26:-0.281
                      27: 0.139
                      31: 0.054
                      32: 0.860
                      34: 0.393
                      38: 0.063
 
 I= 11/2- (4)  5.287  30:-0.546
                      31: 0.650
                      32:-0.058
                      37:-0.312
                      38: 0.420
 
 I= 11/2- (5)  6.091  26: 0.059
                      30:-0.614
                      31:-0.536
                      32: 0.071
                      37:-0.413
                      38:-0.268
                      39: 0.291

             ENERGY    K= OMEGA
 
 I= 13/2- (1)  4.464  26: 0.182
                      27:-0.274
                      32: 0.452
                      34: 0.829
 
 I= 13/2- (2)  5.139  28: 0.216
                      29:-0.549
                      33: 0.672
                      36:-0.447
 
 I= 13/2- (3)  5.432  26: 0.307
                      27: 0.180
                      31: 0.081
                      32: 0.809
                      34:-0.452
                      38:-0.083
 
 I= 13/2- (4)  6.510  30: 0.459
                      31: 0.683
                      32:-0.093
                      37:-0.252
                      38:-0.412
                      39: 0.279
 
 I= 13/2- (5)  8.048  26: 0.122
                      27:-0.080
                      30:-0.542
                      31: 0.477
                      32:-0.098
                      37: 0.648
                      38:-0.140
                      39: 0.090

             ENERGY     K= 1/2
  32 LEVELS    TIME=  0.0 SEC



 ******************* EXCITATION ENERGIES, DOMINANT CONFIGURATION AND EXPECTATION VALUES (WITH S.P. UU+VV FACTORS) *******************

  NR  Eex(keV)  I   Kdom  NY    <Jz>  <Jx**2> <Jy**2> <Jz**2> <I.j>/|I|  <Rx**2> <Ry**2> <Rz**2> <R.j>/|R|  <HROTx> <HROTy> <HROTz>

   1    0.0   7/2-  -7/2  32   -3.30    2.31    2.31   12.05    3.30       3.12    3.12    0.00   -1.43      0.381   0.381   0.000
   2  283.7   9/2-   9/2  34    3.55    2.51    2.51   19.22    4.20       3.61    3.61    0.00   -1.25      0.440   0.440   0.000
   3  638.0   3/2-  -3/2  31   -1.16    4.84    4.84    1.91    1.30       5.14    5.14   -0.00   -2.83      0.627   0.627  -0.000
   4  752.8   1/2-   1/2  30    0.50    4.83    4.83    0.25    0.16       5.19    5.19    0.00   -3.03      0.632   0.632   0.000
   5  943.7   3/2-   1/2  30   -0.02    4.26    4.26    0.77    0.75       5.07    5.07   -0.00   -2.46      0.618   0.618  -0.000
  
   6 1001.7   5/2-  -3/2  31   -0.75    4.53    4.53    2.21    1.52       5.50    5.50   -0.00   -2.04      0.671   0.671  -0.000
   7 1005.0   9/2-  -7/2  32   -2.44    2.39    2.39   12.57    2.85       6.88    6.88    0.00   -0.86      0.839   0.839   0.000
   8 1401.0  11/2-   9/2  34    2.78    2.70    2.70   18.31    3.63       8.01    8.01    0.00   -0.50      0.977   0.977   0.001
   9 1425.5  11/2-   1/2  28   -0.01   23.79   23.79    2.59    6.21       5.81    5.81    0.00   -3.82      0.708   0.708   0.000
  10 1631.3   7/2-  -3/2  31   -0.41    4.39    4.39    2.26    1.44       7.68    7.68   -0.00   -1.36      0.936   0.936  -0.000
  
  11 1661.6   5/2-   1/2  30   -0.31    3.87    3.87    1.16    0.55       7.21    7.21   -0.00   -1.92      0.879   0.879  -0.000
  12 2040.4   7/2-   1/2  28    0.02   23.33   23.33    2.31    6.07       8.25    8.25    0.00   -6.12      1.006   1.006   0.000
  13 2103.6   5/2-   5/2  38    1.46    2.09    2.09    4.81    1.67       3.93    3.93    0.00   -1.44      0.479   0.479   0.000
  14 2179.0   7/2-   1/2  30   -0.28    3.78    3.78    1.39    0.82       9.11    9.11   -0.00   -1.34      1.111   1.111  -0.000
  15 2241.0  11/2-  -7/2  32   -1.76    2.47    2.47   12.95    2.54      11.63   11.63    0.00   -0.56      1.418   1.418   0.000
  
  16 2407.7   1/2-   1/2  39    0.50    1.61    1.61    0.25    0.70       1.50    1.50    0.00   -1.65      0.183   0.183   0.000
  17 2419.0   9/2-  -3/2  31   -0.37    4.20    4.20    2.40    1.52      10.23   10.23   -0.00   -0.72      1.247   1.247  -0.000
  18 2598.2   7/2-  -7/2  27   -2.96    5.97    5.97   11.51    3.04       7.52    7.52    0.00   -2.93      0.917   0.917   0.000
  19 2692.0   5/2-  -3/2  37   -0.24    2.76    2.76    2.83    0.26       7.79    7.79   -0.00   -1.92      0.949   0.949  -0.000
  20 2740.7  13/2-   9/2  34    2.19    2.88    2.88   17.54    3.25      13.31   13.31    0.00   -0.11      1.623   1.623   0.001
  
  21 2944.1   9/2-   5/2  33    0.06   24.17   24.17    5.87    5.23      13.47   13.47    0.00   -5.43      1.642   1.642   0.000
  22 3086.6   5/2-   5/2  26    2.40    5.88    5.88    6.06    2.03       7.29    7.29    0.00   -3.10      0.889   0.889   0.000
  23 3329.3   1/2-   1/2  35    0.50   11.23   11.23    0.25    0.75      11.08   11.08    0.00   -4.69      1.351   1.351   0.000
  24 3415.3  13/2-   5/2  33   -0.00   24.17   24.17    5.96    5.18      15.35   15.35    0.00   -3.27      1.871   1.871   0.000
  25 3508.6   9/2-   1/2  30   -0.61    3.47    3.47    1.72    0.55      13.94   13.94   -0.00   -1.12      1.700   1.700  -0.000
  
  26 3563.3  11/2-  -3/2  31   -0.20    4.15    4.15    2.42    1.39      14.92   14.92    0.00   -0.44      1.819   1.819   0.000
  27 3709.0  13/2-  -7/2  32   -1.24    2.56    2.56   13.20    2.32      17.35   17.35    0.00   -0.36      2.116   2.116   0.000
  28 4367.5  11/2-   1/2  30   -0.28    3.57    3.57    1.68    0.79      17.57   17.57   -0.00   -0.69      2.143   2.143  -0.000
  29 4787.2  13/2-  -3/2  31   -0.24    4.02    4.02    2.49    1.46      19.43   19.43    0.00   -0.05      2.369   2.369   0.000
  30 5945.4   1/2-   1/2  40    0.50   16.26   16.26    0.25   -0.66      17.33   17.33    0.00   -5.66      2.113   2.113   0.000
  
  31 6324.4  13/2-  -3/2  37   -0.79    3.20    3.20    1.95    0.51      25.02   25.02   -0.00   -0.68      3.050   3.050  -0.000
  32 7426.0   1/2-   1/2  28    0.50   23.84   23.84    0.25   -3.25      27.15   27.15   -0.00   -6.89      3.311   3.311  -0.000
