1SPECTRUM OF (Z= 82 A=207) IN PARTICLE-ROTOR  MODEL WITH MODIFIED OSCILLATOR POTENTIAL


 PARITY=-   EPS= 0.214   GAMMA=  0.0   EPS4=0.000   EPS6=0.000   LEVELS:  25  26  27  28  29  30  31  32  33  34  35  36  37  38  39

 PAIRING FACTORS: GN0= 19.20  GN1=  7.40  IPAIR= 15 ***  E2PLUS(INPUT)=   0.730  E2PLUR(INPUT)=   0.000

 CORIOLIS ATTENUATION PARAMETERS:  CHSI=1.000  ETA=  1.00

 MOMENT OF INERTIA PARAMETERS:   A1=  0.122 MEV   A2=  0.122 MEV   A3=121.91925 MEV


 DELTA=0.946 MEV  LAMBDA=53.4852 MEV   HW0= 7.4508 MEV   LAMBDA/HW0= 7.1784

 E2ENERGY=0.730 MEV  HBAR**2/B= 8491./A**(7/3)=1435.5/A**2 MEV

 IREC=0  =>  RECOIL TERMS j+j-, j+j+, jzjz, ETC TREATED AS ONE-BODY OPERATORS WITH UU+VV PAIRING FACTORS



 S. P. LEVEL   EQP       U     V        (UU + VV)**1.00

     25       4.166    0.114 0.993      1.000 1.000 1.000 0.997 0.993 0.991 0.990 0.652 0.559 0.539 0.453 0.404 0.354 0.283 0.237
     26       4.097    0.116 0.993      1.000 1.000 1.000 0.997 0.993 0.991 0.990 0.654 0.560 0.541 0.455 0.406 0.356 0.285 0.239
     27       3.634    0.131 0.991      1.000 1.000 1.000 0.998 0.995 0.993 0.992 0.665 0.573 0.554 0.468 0.420 0.370 0.299 0.254
     28       2.496    0.193 0.981      0.997 0.997 0.998 1.000 0.999 0.998 0.998 0.711 0.623 0.605 0.522 0.476 0.428 0.358 0.314
     29       2.094    0.232 0.973      0.993 0.993 0.995 0.999 1.000 1.000 1.000 0.738 0.654 0.636 0.556 0.510 0.463 0.395 0.351
     30       1.970    0.248 0.969      0.991 0.991 0.993 0.998 1.000 1.000 1.000 0.749 0.666 0.648 0.569 0.524 0.477 0.410 0.366
     31       1.931    0.253 0.967      0.990 0.990 0.992 0.998 1.000 1.000 1.000 0.753 0.670 0.653 0.574 0.529 0.482 0.415 0.372
     32       1.018    0.827 0.561      0.652 0.654 0.665 0.711 0.738 0.749 0.753 1.000 0.993 0.990 0.971 0.957 0.940 0.911 0.891
     33       1.157    0.888 0.460      0.559 0.560 0.573 0.623 0.654 0.666 0.670 0.993 1.000 1.000 0.992 0.984 0.973 0.954 0.938
     34       1.198    0.898 0.440      0.539 0.541 0.554 0.605 0.636 0.648 0.653 0.990 1.000 1.000 0.995 0.988 0.978 0.960 0.946
     35       1.450    0.938 0.348      0.453 0.455 0.468 0.522 0.556 0.569 0.574 0.971 0.992 0.995 1.000 0.999 0.994 0.983 0.974
     36       1.669    0.955 0.297      0.404 0.406 0.420 0.476 0.510 0.524 0.529 0.957 0.984 0.988 0.999 1.000 0.999 0.992 0.984
     37       1.992    0.970 0.245      0.354 0.356 0.370 0.428 0.463 0.477 0.482 0.940 0.973 0.978 0.994 0.999 1.000 0.997 0.992
     38       2.803    0.985 0.171      0.283 0.285 0.299 0.358 0.395 0.410 0.415 0.911 0.954 0.960 0.983 0.992 0.997 1.000 0.999
     39       3.833    0.992 0.124      0.237 0.239 0.254 0.314 0.351 0.366 0.372 0.891 0.938 0.946 0.974 0.984 0.992 0.999 1.000

  R CORE   ENERGY   A0R/A00=1.000    R3= 0     2  
   2( 1)    0.732                    1.000 0.000
   2( 2)  487.921                    0.000 1.000

  R CORE   ENERGY   A0R/A00=1.000    R3= 0     2  
   3( 1)  488.652                    0.000 1.000

  R CORE   ENERGY   A0R/A00=1.000    R3= 0     2     4  
   4( 1)    2.438                    1.000 0.000 0.000

  R CORE   ENERGY   A0R/A00=1.000    R3= 0     2     4  
   5( 1)  490.847                    0.000 1.000 0.000

  R CORE   ENERGY   A0R/A00=1.000    R3= 0     2     4     6  
   6( 1)    5.121                    1.000 0.000 0.000 0.000

  R CORE   ENERGY   A0R/A00=1.000    R3= 0     2     4     6  
   7( 1)  494.017                    0.000 1.000 0.000 0.000

          AXIAL SYMMETRY => K RESTRICTED TO OMEGA

                     K
     S.P. ORB#: 25  2.50
     S.P. ORB#: 26  0.50
     S.P. ORB#: 27 -3.50
     S.P. ORB#: 28 -3.50
     S.P. ORB#: 29  0.50
     S.P. ORB#: 30  4.50
     S.P. ORB#: 31 -1.50
     S.P. ORB#: 32 -1.50
     S.P. ORB#: 33  2.50
     S.P. ORB#: 34  0.50
     S.P. ORB#: 35 -1.50
     S.P. ORB#: 36  0.50
     S.P. ORB#: 37  2.50
     S.P. ORB#: 38 -3.50
     S.P. ORB#: 39  4.50
 

             ENERGY    K= OMEGA
 
 I=  1/2- (1)  1.937  26:-0.057
                      36:-0.998
 
 I=  1/2- (2)  3.169  29: 0.999
 
 I=  1/2- (3)  5.354  26: 0.998
                      36:-0.057
 
 I=  1/2- (4)  8.965  34:-1.000
 
 I=  1/2- (5)147.321  32: 1.000

             ENERGY    K= OMEGA
 
 I=  3/2- (1)  1.518  29: 0.183
                      31: 0.099
                      32: 0.975
                      36:-0.069
 
 I=  3/2- (2)  2.562  29: 0.198
                      31: 0.206
                      32:-0.126
                      36:-0.949

             ENERGY    K= OMEGA
 
 I=  5/2- (1)  1.639  26:-0.054
                      29: 0.143
                      31: 0.182
                      32:-0.456
                      33:-0.856
                      36: 0.050
 
 I=  5/2- (2)  2.163  29: 0.201
                      31:-0.176
                      32:-0.851
                      33: 0.446
                      36:-0.061
 
 I=  5/2- (3)  2.589  26: 0.054
                      29:-0.207
                      31:-0.271
                      33:-0.148
                      36:-0.927
 
 I=  5/2- (4)  3.313  26: 0.357
                      29:-0.429
                      31:-0.721
                      32:-0.074
                      33:-0.188
                      36: 0.358
 
 I=  5/2- (5)  4.483  26: 0.065
                      29:-0.809
                      31: 0.520
                      32:-0.245
                      33: 0.103

             ENERGY    K= OMEGA
 
 I=  7/2- (1)  2.277  29: 0.193
                      31:-0.209
                      32: 0.538
                      33:-0.792
 
 I=  7/2- (2)  2.834  25: 0.086
                      26:-0.171
                      28: 0.156
                      29:-0.335
                      31:-0.307
                      32:-0.690
                      33:-0.473
                      36: 0.180
 
 I=  7/2- (3)  3.243  25:-0.226
                      27: 0.084
                      28:-0.954
                      29:-0.076
                      31:-0.070
                      32:-0.102
                      33:-0.078
                      36: 0.053
 
 I=  7/2- (4)  3.555  34:-0.733
                      35:-0.572
                      37:-0.341
                      38:-0.139
 
 I=  7/2- (5)  4.095  26: 0.163
                      29: 0.194
                      31: 0.375
                      32:-0.334
                      33:-0.260
                      36:-0.783

             ENERGY    K= OMEGA
 
 I=  9/2- (1)  2.724  25:-0.079
                      27: 0.254
                      28: 0.182
                      30:-0.929
                      31: 0.058
                      32:-0.091
                      33:-0.133
 
 I=  9/2- (2)  2.973  26:-0.191
                      29: 0.313
                      30: 0.183
                      31: 0.374
                      32:-0.476
                      33:-0.662
                      36: 0.160
 
 I=  9/2- (3)  3.964  25:-0.241
                      27:-0.082
                      28: 0.541
                      29: 0.147
                      30: 0.106
                      31:-0.266
                      32:-0.633
                      33: 0.313
                      36:-0.196
 
 I=  9/2- (4)  4.130  25:-0.092
                      26:-0.171
                      27:-0.069
                      28: 0.332
                      29: 0.248
                      31: 0.305
                      32: 0.204
                      33: 0.358
                      36: 0.722
 
 I=  9/2- (5)  4.245  25:-0.198
                      27:-0.057
                      28: 0.672
                      29:-0.266
                      30: 0.140
                      31: 0.083
                      32: 0.424
                      33:-0.441
                      36:-0.179

             ENERGY    K= OMEGA
 
 I= 11/2- (1)  2.406  34:-0.669
                      35:-0.566
                      37:-0.405
                      38:-0.239
                      39:-0.103
 
 I= 11/2- (2)  3.686  25: 0.129
                      27: 0.335
                      28: 0.252
                      30: 0.884
                      32:-0.095
                      33: 0.124
 
 I= 11/2- (3)  4.227  29:-0.284
                      30:-0.172
                      31: 0.276
                      32:-0.573
                      33: 0.694
 
 I= 11/2- (4)  4.820  25: 0.153
                      26:-0.279
                      27:-0.065
                      28: 0.258
                      29:-0.398
                      30:-0.065
                      31:-0.411
                      32:-0.507
                      33:-0.437
                      36: 0.221
 
 I= 11/2- (5)  5.295  25:-0.340
                      26:-0.122
                      27: 0.133
                      28:-0.840
                      29:-0.170
                      30: 0.238
                      31:-0.155
                      32:-0.121
                      33:-0.096
                      36: 0.110

             ENERGY    K= OMEGA
 
 I= 13/2- (1)  4.139  34:-0.190
                      35: 0.493
                      37:-0.606
                      38: 0.518
                      39:-0.294
 
 I= 13/2- (2)  4.838  25:-0.160
                      26:-0.132
                      27: 0.352
                      28: 0.264
                      29: 0.180
                      30:-0.749
                      31: 0.204
                      32:-0.216
                      33:-0.272
                      36: 0.085
 
 I= 13/2- (3)  5.057  25:-0.055
                      26: 0.291
                      27: 0.148
                      28: 0.150
                      29:-0.377
                      30:-0.413
                      31:-0.436
                      32: 0.354
                      33: 0.446
                      36:-0.202
 
 I= 13/2- (4)  6.493  25:-0.373
                      26: 0.057
                      27:-0.155
                      28: 0.690
                      29: 0.091
                      30: 0.265
                      31:-0.201
                      32:-0.440
                      33: 0.139
                      36:-0.159
 
 I= 13/2- (5)  6.699  25:-0.083
                      26:-0.208
                      27:-0.082
                      28: 0.277
                      29: 0.201
                      31: 0.255
                      32: 0.370
                      33: 0.485
                      36: 0.623

             ENERGY     K= 9/2
  32 LEVELS    TIME=  0.0 SEC



 ******************* EXCITATION ENERGIES, DOMINANT CONFIGURATION AND EXPECTATION VALUES (WITH S.P. UU+VV FACTORS) *******************

  NR  Eex(keV)  I   Kdom  NY    <Jz>  <Jx**2> <Jy**2> <Jz**2> <I.j>/|I|  <Rx**2> <Ry**2> <Rz**2> <R.j>/|R|  <HROTx> <HROTy> <HROTz>

   1    0.0   3/2-  -3/2  32   -1.42    1.61    1.61    2.17    1.41       1.83    1.83    0.00   -1.38      0.223   0.223   0.000
   2  120.6   5/2-   5/2  33    1.48    1.90    1.90    5.13    2.36       1.87    1.87    0.00   -1.01      0.228   0.228   0.000
   3  419.3   1/2-   1/2  36    0.50    1.28    1.28    0.25    0.82       1.07    1.07    0.00   -1.44      0.130   0.130   0.000
   4  645.0   5/2-  -3/2  32   -0.61    1.60    1.60    2.96    1.08       4.25    4.25    0.00   -1.02      0.519   0.519   0.000
   5  759.3   7/2-   5/2  33    1.08    1.98    1.98    4.71    1.96       4.45    4.45    0.00   -0.31      0.543   0.543   0.000
  
   6  888.0  11/2-   1/2  34    0.00   27.36   27.36    2.77    7.20       3.60    3.60   -0.00   -5.39      0.439   0.439  -0.000
   7 1044.2   3/2-   1/2  36    0.38    1.54    1.54    0.37    0.01       3.58    3.58    0.00   -1.28      0.437   0.437   0.000
   8 1070.8   5/2-   1/2  36    0.40    1.90    1.90    0.53    0.98       3.64    3.64    0.00   -0.53      0.443   0.443   0.000
   9 1205.4   9/2-   9/2  30    3.58    2.66    2.66   18.85    4.39       2.61    2.61    0.00   -1.01      0.318   0.318   0.000
  10 1316.1   7/2-  -3/2  32   -0.28    1.89    1.89    3.08    1.40       5.76    5.76    0.00   -0.39      0.703   0.703   0.000
  
  11 1455.3   9/2-   5/2  33    0.77    2.80    2.80    4.30    2.25       6.14    6.14   -0.00    0.37      0.749   0.749  -0.000
  12 1650.6   1/2-   1/2  29    0.50    4.21    4.21    0.25    0.36       4.40    4.40   -0.00   -2.82      0.536   0.536  -0.000
  13 1725.2   7/2-  -7/2  28   -3.08    2.33    2.33   11.63    3.33       2.80    2.80    0.00   -1.30      0.341   0.341   0.000
  14 1795.1   5/2-  -3/2  31   -0.48    3.73    3.73    1.51    1.41       4.68    4.68   -0.00   -1.57      0.571   0.571  -0.000
  15 2037.3   7/2-   1/2  34    0.00   27.62   27.62    1.83    6.95       8.83    8.83   -0.00   -7.02      1.076   1.076  -0.000
  
  16 2167.6  11/2-   9/2  30    2.96    2.95    2.95   18.18    3.99       6.07    6.07    0.00   -0.07      0.740   0.740   0.000
  17 2446.1   9/2-  -3/2  32   -1.28    1.98    1.98    5.94    1.69       8.90    8.90    0.00   -0.35      1.085   1.085   0.000
  18 2576.4   7/2-   1/2  36    0.12    2.22    2.22    1.19    0.20       9.90    9.90    0.00   -1.09      1.207   1.207   0.000
  19 2612.2   9/2-   1/2  36    0.05    2.34    2.34    2.75    1.33       9.48    9.48    0.00   -0.19      1.155   1.155   0.000
  20 2620.8  13/2-   5/2  37    0.02   25.88   25.88    7.88    6.63       7.92    7.92   -0.00   -3.36      0.966   0.966  -0.000
  
  21 2709.3  11/2-   5/2  33    0.77    2.24    2.24    4.57    1.72      12.11   12.11    0.00    0.25      1.476   1.476   0.000
  22 2726.6   9/2-  -7/2  28   -1.15    2.28    2.28    7.88    1.86       9.32    9.32    0.00   -0.73      1.136   1.136   0.000
  23 2964.5   5/2-   1/2  29   -0.14    4.22    4.22    0.98   -0.39      10.24   10.24   -0.00   -2.34      1.249   1.249  -0.000
  24 3302.1  11/2-  -3/2  32   -0.19    2.38    2.38    3.32    1.61      12.27   12.27    0.00    0.32      1.496   1.496   0.000
  25 3320.0  13/2-   9/2  30    1.99    3.30    3.30   14.58    3.46      10.81   10.81    0.00    0.64      1.318   1.318   0.000
  
  26 3538.7  13/2-   5/2  33    0.78    3.58    3.58    6.04    2.59      12.86   12.86    0.00    0.97      1.568   1.568   0.000
  27 3777.3  11/2-  -7/2  28   -1.99    2.60    2.60   10.90    2.51      10.91   10.91    0.00   -0.23      1.330   1.330   0.000
  28 3836.0   1/2-   1/2  26    0.50    5.30    5.30    0.25    0.69       5.20    5.20    0.00   -3.18      0.634   0.634   0.000
  29 4975.0  13/2-  -7/2  28   -1.37    2.45    2.45    9.08    2.07      16.93   16.93    0.00    0.08      2.064   2.064   0.000
  30 5181.2  13/2-   1/2  36    0.25    2.21    2.21    3.11    1.09      20.54   20.54    0.00    0.01      2.504   2.504   0.000
  
  31 7447.1   1/2-   1/2  34    0.50   27.90   27.90    0.25   -3.99      31.86   31.86    0.00   -7.45      3.884   3.884   0.000
  32*******   1/2-  -3/2  32    0.00    0.00    0.00    0.00   -0.00       0.00    0.00    0.00   -0.00      0.000   0.000   0.000
