1SPECTRUM OF (Z= 82 A=207) IN PARTICLE-ROTOR  MODEL WITH MODIFIED OSCILLATOR POTENTIAL


 PARITY=-   EPS= 0.468   GAMMA=  0.0   EPS4=0.000   EPS6=0.000   LEVELS:  25  26  27  28  29  30  31  32  33  34  35  36  37  38  39

 PAIRING FACTORS: GN0= 19.20  GN1=  7.40  IPAIR= 15 ***  E2PLUS(INPUT)=   0.730  E2PLUR(INPUT)=   0.000

 CORIOLIS ATTENUATION PARAMETERS:  CHSI=1.000  ETA=  1.00

 MOMENT OF INERTIA PARAMETERS:   A1=  0.122 MEV   A2=  0.122 MEV   A3=121.91924 MEV


 DELTA=0.848 MEV  LAMBDA=53.4588 MEV   HW0= 7.6214 MEV   LAMBDA/HW0= 7.0143

 E2ENERGY=0.730 MEV  HBAR**2/B=40611./A**(7/3)=6865.2/A**2 MEV

 IREC=0  =>  RECOIL TERMS j+j-, j+j+, jzjz, ETC TREATED AS ONE-BODY OPERATORS WITH UU+VV PAIRING FACTORS



 S. P. LEVEL   EQP       U     V        (UU + VV)**1.00

     25       4.157    0.103 0.995      1.000 1.000 0.997 0.993 0.980 0.968 0.912 0.702 0.624 0.352 0.297 0.295 0.257 0.256 0.199
     26       3.223    0.133 0.991      1.000 1.000 0.999 0.996 0.986 0.976 0.924 0.724 0.648 0.381 0.326 0.324 0.286 0.285 0.229
     27       2.403    0.179 0.984      0.997 0.999 1.000 0.999 0.992 0.985 0.941 0.756 0.683 0.424 0.370 0.368 0.331 0.330 0.275
     28       2.009    0.216 0.976      0.993 0.996 0.999 1.000 0.996 0.991 0.953 0.780 0.710 0.458 0.405 0.403 0.366 0.365 0.311
     29       1.489    0.298 0.954      0.980 0.986 0.992 0.996 1.000 0.999 0.975 0.830 0.767 0.531 0.481 0.479 0.444 0.443 0.390
     30       1.303    0.347 0.938      0.968 0.976 0.985 0.991 0.999 1.000 0.985 0.858 0.799 0.574 0.526 0.524 0.489 0.488 0.437
     31       0.976    0.502 0.865      0.912 0.924 0.941 0.953 0.975 0.985 1.000 0.933 0.890 0.706 0.663 0.662 0.631 0.630 0.584
     32       0.869    0.780 0.626      0.702 0.724 0.756 0.780 0.830 0.858 0.933 1.000 0.995 0.914 0.888 0.887 0.868 0.868 0.837
     33       0.932    0.841 0.541      0.624 0.648 0.683 0.710 0.767 0.799 0.890 0.995 1.000 0.951 0.932 0.931 0.915 0.915 0.890
     34       1.722    0.967 0.255      0.352 0.381 0.424 0.458 0.531 0.574 0.706 0.914 0.951 1.000 0.998 0.998 0.995 0.995 0.987
     35       2.186    0.980 0.198      0.297 0.326 0.370 0.405 0.481 0.526 0.663 0.888 0.932 0.998 1.000 1.000 0.999 0.999 0.995
     36       2.210    0.981 0.196      0.295 0.324 0.368 0.403 0.479 0.524 0.662 0.887 0.931 0.998 1.000 1.000 0.999 0.999 0.995
     37       2.746    0.988 0.156      0.257 0.286 0.331 0.366 0.444 0.489 0.631 0.868 0.915 0.995 0.999 0.999 1.000 1.000 0.998
     38       2.765    0.988 0.155      0.256 0.285 0.330 0.365 0.443 0.488 0.630 0.868 0.915 0.995 0.999 0.999 1.000 1.000 0.998
     39       4.358    0.995 0.098      0.199 0.229 0.275 0.311 0.390 0.437 0.584 0.837 0.890 0.987 0.995 0.995 0.998 0.998 1.000

  R CORE   ENERGY   A0R/A00=1.000    R3= 0     2  
   2( 1)    0.732                    1.000 0.000
   2( 2)  487.921                    0.000 1.000

  R CORE   ENERGY   A0R/A00=1.000    R3= 0     2  
   3( 1)  488.652                    0.000 1.000

  R CORE   ENERGY   A0R/A00=1.000    R3= 0     2     4  
   4( 1)    2.438                    1.000 0.000 0.000

  R CORE   ENERGY   A0R/A00=1.000    R3= 0     2     4  
   5( 1)  490.847                    0.000 1.000 0.000

  R CORE   ENERGY   A0R/A00=1.000    R3= 0     2     4     6  
   6( 1)    5.121                    1.000 0.000 0.000 0.000

  R CORE   ENERGY   A0R/A00=1.000    R3= 0     2     4     6  
   7( 1)  494.017                    0.000 1.000 0.000 0.000

          AXIAL SYMMETRY => K RESTRICTED TO OMEGA

                     K
     S.P. ORB#: 25  0.50
     S.P. ORB#: 26 -1.50
     S.P. ORB#: 27 -5.50
     S.P. ORB#: 28  2.50
     S.P. ORB#: 29 -3.50
     S.P. ORB#: 30  2.50
     S.P. ORB#: 31  0.50
     S.P. ORB#: 32  0.50
     S.P. ORB#: 33 -1.50
     S.P. ORB#: 34 -3.50
     S.P. ORB#: 35 -3.50
     S.P. ORB#: 36  0.50
     S.P. ORB#: 37  4.50
     S.P. ORB#: 38 -1.50
     S.P. ORB#: 39  4.50
 

             ENERGY    K= OMEGA
 
 I=  1/2- (1)  2.239  32: 0.999
 
 I=  1/2- (2)  4.189  31:-0.929
                      36: 0.370
 
 I=  1/2- (3)  5.943  25: 0.999
 
 I=  1/2- (4)  6.478  31: 0.370
                      36: 0.929
 
 I=  1/2- (5)147.235  33: 1.000

             ENERGY    K= OMEGA
 
 I=  3/2- (1)  2.264  32: 0.635
                      33:-0.772
 
 I=  3/2- (2)  2.478  25:-0.155
                      32:-0.762
                      33:-0.629
 
 I=  3/2- (3)  4.249  26:-0.081
                      31:-0.968
                      36:-0.120
                      38:-0.203
 
 I=  3/2- (4)  6.693  25: 0.988
                      32:-0.125
                      33:-0.093
 
 I=  3/2- (5)  6.715  26: 0.126
                      31:-0.059
                      36: 0.937
                      38:-0.321

             ENERGY    K= OMEGA
 
 I=  5/2- (1)  2.674  25: 0.208
                      28:-0.063
                      32:-0.519
                      33:-0.826
 
 I=  5/2- (2)  3.441  25: 0.058
                      28: 0.124
                      32:-0.836
                      33: 0.531
 
 I=  5/2- (3)  3.823  28:-0.990
                      32:-0.072
                      33: 0.118
 
 I=  5/2- (4)  4.482  26:-0.117
                      30: 0.096
                      31: 0.829
                      36:-0.477
                      38:-0.250
 
 I=  5/2- (5)  6.296  26: 0.488
                      30:-0.846
                      36:-0.212

             ENERGY    K= OMEGA
 
 I=  7/2- (1)  3.077  28: 0.220
                      29:-0.064
                      33:-0.052
                      35:-0.972
 
 I=  7/2- (2)  3.418  28:-0.184
                      29:-0.954
                      32:-0.154
                      33: 0.182
 
 I=  7/2- (3)  3.483  29: 0.238
                      32:-0.758
                      33: 0.603
                      35:-0.063
 
 I=  7/2- (4)  3.795  25:-0.275
                      28: 0.078
                      29:-0.061
                      32:-0.599
                      33:-0.744
                      35: 0.053
 
 I=  7/2- (5)  4.532  26:-0.267
                      30:-0.268
                      31:-0.837
                      34:-0.105
                      36:-0.249
                      38:-0.290

             ENERGY    K= OMEGA
 
 I=  9/2- (1)  3.544  28: 0.141
                      29:-0.423
                      35: 0.311
                      37: 0.839
 
 I=  9/2- (2)  4.105  25: 0.229
                      28:-0.234
                      29:-0.162
                      32:-0.381
                      33:-0.542
                      35:-0.618
                      37: 0.213
 
 I=  9/2- (3)  4.175  25: 0.236
                      28: 0.129
                      29: 0.194
                      32:-0.404
                      33:-0.530
                      35: 0.653
                      37:-0.139
 
 I=  9/2- (4)  4.728  28: 0.268
                      29:-0.836
                      32:-0.060
                      37:-0.474
 
 I=  9/2- (5)  5.110  26:-0.381
                      30: 0.537
                      31: 0.505
                      34:-0.400
                      36:-0.258
                      38:-0.216
                      39: 0.197

             ENERGY    K= OMEGA
 
 I= 11/2- (1)  3.742  27:-0.999
 
 I= 11/2- (2)  4.625  28: 0.185
                      29: 0.482
                      35:-0.349
                      37: 0.780
 
 I= 11/2- (3)  5.038  26:-0.405
                      30:-0.525
                      31:-0.509
                      34:-0.410
                      36:-0.185
                      38:-0.210
                      39:-0.232
 
 I= 11/2- (4)  5.419  28: 0.310
                      29:-0.285
                      32: 0.075
                      33:-0.147
                      35:-0.846
                      37:-0.282
 
 I= 11/2- (5)  5.663  25:-0.112
                      29:-0.066
                      32:-0.851
                      33: 0.487
                      35:-0.145

             ENERGY    K= OMEGA
 
 I= 13/2- (1)  5.322  27:-0.995
                      37: 0.087
 
 I= 13/2- (2)  5.722  26: 0.396
                      30:-0.586
                      31:-0.233
                      34: 0.550
                      36: 0.078
                      38: 0.123
                      39:-0.349
 
 I= 13/2- (3)  5.967  27:-0.095
                      28:-0.219
                      29: 0.506
                      33:-0.065
                      35:-0.370
                      37:-0.738
 
 I= 13/2- (4)  6.472  25: 0.409
                      28:-0.090
                      29:-0.063
                      32:-0.551
                      33:-0.708
                      35:-0.053
                      37: 0.114
 
 I= 13/2- (5)  6.960  25:-0.059
                      28:-0.322
                      29:-0.312
                      32: 0.093
                      33: 0.070
                      35:-0.836
                      37: 0.286

             ENERGY     K= 9/2
  35 LEVELS    TIME=  0.0 SEC



 ******************* EXCITATION ENERGIES, DOMINANT CONFIGURATION AND EXPECTATION VALUES (WITH S.P. UU+VV FACTORS) *******************

  NR  Eex(keV)  I   Kdom  NY    <Jz>  <Jx**2> <Jy**2> <Jz**2> <I.j>/|I|  <Rx**2> <Ry**2> <Rz**2> <R.j>/|R|  <HROTx> <HROTy> <HROTz>

   1    0.0   1/2-   1/2  32    0.50    5.22    5.22    0.25    0.14       5.59    5.59   -0.00   -3.16      0.682   0.682  -0.000
   2   25.3   3/2-  -3/2  33   -0.69    5.20    5.20    1.44    1.15       5.57    5.57    0.00   -2.88      0.679   0.679   0.000
   3  239.7   3/2-   1/2  32   -0.29    5.19    5.19    1.04    0.73       6.17    6.17    0.00   -2.85      0.753   0.753   0.000
   4  434.9   5/2-  -3/2  33   -0.86    5.36    5.36    1.64    1.33       6.62    6.62    0.00   -2.32      0.807   0.807   0.000
   5  838.2   7/2-  -7/2  35   -3.20    2.44    2.44   11.93    3.17       3.71    3.71   -0.00   -1.56      0.453   0.453  -0.000
  
   6 1179.0   7/2-  -7/2  29   -3.14    6.26    6.26   11.43    2.99       7.97    7.97    0.00   -3.02      0.972   0.972   0.000
   7 1201.9   5/2-   1/2  32   -0.03    5.24    5.24    0.91   -0.10      10.36   10.36    0.00   -2.57      1.263   1.263   0.000
   8 1244.4   7/2-   1/2  32   -0.47    5.25    5.25    1.70    0.89      10.43   10.43    0.00   -1.89      1.272   1.272   0.000
   9 1305.3   9/2-   9/2  37    2.25    3.20    3.20   17.75    4.01       4.48    4.48    0.00   -1.40      0.546   0.546   0.000
  10 1502.9  11/2- -11/2  27   -5.48    2.75    2.75   30.22    5.06       5.49    5.49    0.00   -1.65      0.669   0.669   0.000
  
  11 1556.2   7/2-  -3/2  33   -0.62    5.29    5.29    1.47    0.79      10.78   10.78    0.00   -1.92      1.315   1.315   0.000
  12 1584.8   5/2-   5/2  28    2.43    6.13    6.13    6.16    2.05       7.53    7.53   -0.00   -3.19      0.918   0.918  -0.000
  13 1866.8   9/2-  -7/2  35   -1.43    4.13    4.13    6.98    2.06       9.75    9.75    0.00   -1.13      1.189   1.189   0.000
  14 1936.7   9/2-  -7/2  35   -1.81    4.05    4.05    6.87    1.96      10.11   10.11   -0.00   -1.16      1.233   1.233  -0.000
  15 1950.8   1/2-   1/2  31    0.50   12.79   12.79    0.25    0.93      12.49   12.49    0.00   -5.01      1.522   1.522   0.000
  
  16 2010.7   3/2-   1/2  31    0.40   14.33   14.33    0.35    1.75      12.99   12.99    0.00   -5.03      1.583   1.583   0.000
  17 2242.9   5/2-   1/2  31    0.37   13.34   13.34    0.46    1.80      12.63   12.63    0.00   -4.34      1.540   1.540   0.000
  18 2293.0   7/2-   1/2  31    0.29   16.48   16.48    1.12    3.04      12.86   12.86    0.00   -4.34      1.568   1.568   0.000
  19 2386.2  11/2-   9/2  37    1.57    3.49    3.49   16.94    3.44       9.29    9.29    0.00   -0.78      1.133   1.133   0.000
  20 2489.6   9/2-  -7/2  29   -1.26    5.42    5.42   13.56    2.53      11.98   11.98    0.00   -2.41      1.460   1.460   0.000
  
  21 2798.9  11/2-   5/2  30    0.18   20.43   20.43    5.42    4.68      13.01   13.01   -0.00   -3.58      1.587   1.587  -0.000
  22 2871.4   9/2-   5/2  30    0.21   19.50   19.50    5.06    4.20      13.52   13.52   -0.00   -4.46      1.649   1.649  -0.000
  23 3083.3  13/2- -11/2  27   -5.42    2.75    2.75   30.13    4.33      11.97   11.97    0.00   -1.11      1.459   1.459   0.000
  24 3180.0  11/2-  -7/2  35   -2.22    2.91    2.91   12.02    2.22      13.51   13.51    0.00   -0.88      1.648   1.648   0.000
  25 3423.9  11/2-   1/2  32   -0.08    5.11    5.11    1.03    0.70      19.30   19.30    0.00   -1.14      2.353   2.353   0.000
  
  26 3483.0  13/2-   5/2  30    0.12   21.97   21.97    8.72    5.14      14.80   14.80    0.00   -3.08      1.804   1.804   0.000
  27 3704.7   1/2-   1/2  25    0.50    7.41    7.41    0.25    0.65       7.35    7.35    0.00   -3.79      0.896   0.896   0.000
  28 3728.0  13/2-   9/2  37    1.14    3.67    3.67   16.41    3.04      15.03   15.03    0.00   -0.46      1.833   1.833   0.000
  29 4057.7   5/2-   5/2  30    1.45   22.53   22.53    5.02    3.71      18.43   18.43    0.00   -6.44      2.247   2.247   0.000
  30 4233.8  13/2-  -3/2  33   -0.46    5.66    5.66    1.64    1.49      20.43   20.43    0.00   -0.40      2.491   2.491   0.000
  
  31 4239.2   1/2-   1/2  36    0.50   17.07   17.07    0.25   -0.73      18.20   18.20    0.00   -5.80      2.219   2.219   0.000
  32 4454.2   3/2-   1/2  25    0.48    7.45    7.45    0.27   -0.65      10.72   10.72    0.00   -3.55      1.307   1.307   0.000
  33 4476.2   3/2-   1/2  36    0.26   15.96   15.96    0.49   -0.06      18.19   18.19    0.00   -5.39      2.218   2.218   0.000
  34 4721.8  13/2-  -7/2  35   -2.16    2.97    2.97   12.09    1.95      19.79   19.79   -0.00   -0.70      2.413   2.413  -0.000
  35*******   1/2-  -3/2  33    0.00    0.00    0.00    0.00    0.00       0.00    0.00    0.00   -0.00      0.000   0.000   0.000
  
