1SPECTRUM OF (Z= 82 A=207) IN PARTICLE-ROTOR  MODEL WITH MODIFIED OSCILLATOR POTENTIAL


 PARITY=-   EPS= 0.260   GAMMA=  0.0   EPS4=0.000   EPS6=0.000   LEVELS:  26  27  28  29  30  31  32  33  34  35  36  37  38  39  40

 PAIRING FACTORS: GN0= 19.20  GN1=  7.40  IPAIR= 15 ***  E2PLUS(INPUT)=   0.730  E2PLUR(INPUT)=   0.000

 CORIOLIS ATTENUATION PARAMETERS:  CHSI=1.000  ETA=  1.00

 MOMENT OF INERTIA PARAMETERS:   A1=  0.122 MEV   A2=  0.122 MEV   A3=121.91924 MEV


 DELTA=0.941 MEV  LAMBDA=53.3683 MEV   HW0= 7.4707 MEV   LAMBDA/HW0= 7.1437

 E2ENERGY=0.730 MEV  HBAR**2/B=12534./A**(7/3)=2118.9/A**2 MEV

 IREC=0  =>  RECOIL TERMS j+j-, j+j+, jzjz, ETC TREATED AS ONE-BODY OPERATORS WITH UU+VV PAIRING FACTORS



 S. P. LEVEL   EQP       U     V        (UU + VV)**1.00

     26       3.756    0.126 0.992      1.000 1.000 0.988 0.988 0.983 0.963 0.794 0.620 0.450 0.415 0.402 0.326 0.302 0.244 0.244
     27       3.207    0.148 0.989      1.000 1.000 0.992 0.991 0.987 0.969 0.808 0.637 0.470 0.435 0.422 0.347 0.323 0.266 0.265
     28       1.778    0.275 0.961      0.988 0.992 1.000 1.000 0.999 0.993 0.877 0.732 0.580 0.548 0.536 0.466 0.443 0.388 0.388
     29       1.766    0.277 0.961      0.988 0.991 1.000 1.000 0.999 0.993 0.878 0.733 0.582 0.550 0.538 0.468 0.444 0.390 0.390
     30       1.608    0.307 0.952      0.983 0.987 0.999 0.999 1.000 0.996 0.893 0.754 0.607 0.576 0.564 0.496 0.473 0.419 0.419
     31       1.316    0.388 0.922      0.963 0.969 0.993 0.993 0.996 1.000 0.928 0.808 0.673 0.644 0.633 0.568 0.546 0.495 0.495
     32       0.941    0.703 0.711      0.794 0.808 0.877 0.878 0.893 0.928 1.000 0.969 0.900 0.882 0.875 0.833 0.819 0.783 0.783
     33       1.064    0.857 0.516      0.620 0.637 0.732 0.733 0.754 0.808 0.969 1.000 0.980 0.971 0.968 0.944 0.935 0.912 0.912
     34       1.494    0.943 0.334      0.450 0.470 0.580 0.582 0.607 0.673 0.900 0.980 1.000 0.999 0.999 0.991 0.987 0.976 0.976
     35       1.658    0.955 0.297      0.415 0.435 0.548 0.550 0.576 0.644 0.882 0.971 0.999 1.000 1.000 0.995 0.993 0.984 0.983
     36       1.733    0.959 0.283      0.402 0.422 0.536 0.538 0.564 0.633 0.875 0.968 0.999 1.000 1.000 0.997 0.994 0.986 0.986
     37       2.350    0.979 0.204      0.326 0.347 0.466 0.468 0.496 0.568 0.833 0.944 0.991 0.995 0.997 1.000 1.000 0.996 0.996
     38       2.674    0.984 0.179      0.302 0.323 0.443 0.444 0.473 0.546 0.819 0.935 0.987 0.993 0.994 1.000 1.000 0.998 0.998
     39       3.954    0.993 0.120      0.244 0.266 0.388 0.390 0.419 0.495 0.783 0.912 0.976 0.984 0.986 0.996 0.998 1.000 1.000
     40       3.973    0.993 0.119      0.244 0.265 0.388 0.390 0.419 0.495 0.783 0.912 0.976 0.983 0.986 0.996 0.998 1.000 1.000

  R CORE   ENERGY   A0R/A00=1.000    R3= 0     2  
   2( 1)    0.732                    1.000 0.000
   2( 2)  487.921                    0.000 1.000

  R CORE   ENERGY   A0R/A00=1.000    R3= 0     2  
   3( 1)  488.652                    0.000 1.000

  R CORE   ENERGY   A0R/A00=1.000    R3= 0     2     4  
   4( 1)    2.438                    1.000 0.000 0.000

  R CORE   ENERGY   A0R/A00=1.000    R3= 0     2     4  
   5( 1)  490.847                    0.000 1.000 0.000

  R CORE   ENERGY   A0R/A00=1.000    R3= 0     2     4     6  
   6( 1)    5.121                    1.000 0.000 0.000 0.000

  R CORE   ENERGY   A0R/A00=1.000    R3= 0     2     4     6  
   7( 1)  494.017                    0.000 1.000 0.000 0.000

          AXIAL SYMMETRY => K RESTRICTED TO OMEGA

                     K
     S.P. ORB#: 26  2.50
     S.P. ORB#: 27 -3.50
     S.P. ORB#: 28 -3.50
     S.P. ORB#: 29  0.50
     S.P. ORB#: 30 -1.50
     S.P. ORB#: 31  4.50
     S.P. ORB#: 32  0.50
     S.P. ORB#: 33 -1.50
     S.P. ORB#: 34 -1.50
     S.P. ORB#: 35  2.50
     S.P. ORB#: 36  2.50
     S.P. ORB#: 37  0.50
     S.P. ORB#: 38 -3.50
     S.P. ORB#: 39  0.50
     S.P. ORB#: 40  4.50
 

             ENERGY    K= OMEGA
 
 I=  1/2- (1)  2.655  29:-0.136
                      37:-0.991
 
 I=  1/2- (2)  2.919  29: 0.991
                      37:-0.136
 
 I=  1/2- (3)  6.512  32: 0.676
                      39:-0.737
 
 I=  1/2- (4)  9.751  32:-0.737
                      39:-0.676
 
 I=  1/2- (5)147.367  33: 1.000

             ENERGY    K= OMEGA
 
 I=  3/2- (1)  2.014  29:-0.214
                      30:-0.104
                      34:-0.968
                      37: 0.077
 
 I=  3/2- (2)  2.767  29: 0.345
                      30:-0.931
                      37: 0.114

             ENERGY    K= OMEGA
 
 I=  5/2- (1)  2.209  29: 0.177
                      30: 0.237
                      34:-0.487
                      36:-0.819
                      37: 0.061
 
 I=  5/2- (2)  2.663  29: 0.204
                      30:-0.271
                      34:-0.821
                      36: 0.447
                      37:-0.094
 
 I=  5/2- (3)  3.093  29: 0.388
                      30: 0.541
                      36: 0.293
                      37: 0.687
 
 I=  5/2- (4)  3.735  29: 0.216
                      30: 0.650
                      36: 0.173
                      37:-0.708
 
 I=  5/2- (5)  4.251  29:-0.854
                      30: 0.394
                      34:-0.294
                      36: 0.114
                      37: 0.123

             ENERGY    K= OMEGA
 
 I=  7/2- (1)  2.526  26:-0.222
                      27: 0.072
                      28: 0.969
                      36: 0.068
 
 I=  7/2- (2)  2.824  29: 0.251
                      30:-0.291
                      34: 0.541
                      36:-0.745
 
 I=  7/2- (3)  3.191  32:-0.749
                      33:-0.559
                      35:-0.324
                      38:-0.126
                      39: 0.078
 
 I=  7/2- (4)  3.452  28: 0.075
                      29:-0.306
                      30:-0.338
                      34:-0.711
                      36:-0.490
                      37: 0.197
 
 I=  7/2- (5)  4.235  27: 0.070
                      29: 0.524
                      30:-0.747
                      34:-0.113
                      36: 0.379
                      37: 0.068

             ENERGY    K= OMEGA
 
 I=  9/2- (1)  2.112  26:-0.066
                      27: 0.237
                      28:-0.177
                      31:-0.953
 
 I=  9/2- (2)  3.426  26: 0.302
                      27: 0.102
                      28: 0.925
                      30: 0.059
                      31:-0.166
                      36:-0.100
 
 I=  9/2- (3)  3.656  26:-0.051
                      28:-0.066
                      29: 0.292
                      30: 0.374
                      34:-0.511
                      36:-0.691
                      37: 0.160
 
 I=  9/2- (4)  4.281  32:-0.222
                      33: 0.559
                      35:-0.624
                      38: 0.454
                      40:-0.207
 
 I=  9/2- (5)  4.556  28: 0.100
                      29: 0.137
                      30:-0.447
                      34:-0.750
                      36: 0.279
                      37:-0.361

             ENERGY    K= OMEGA
 
 I= 11/2- (1)  2.235  32:-0.673
                      33:-0.568
                      35:-0.401
                      38:-0.231
                      40:-0.096
 
 I= 11/2- (2)  3.111  26: 0.111
                      27: 0.317
                      28:-0.245
                      31: 0.909
 
 I= 11/2- (3)  4.556  26:-0.354
                      27: 0.132
                      28: 0.886
                      30: 0.068
                      31: 0.233
                      36: 0.108
 
 I= 11/2- (4)  4.767  26:-0.055
                      29: 0.332
                      30:-0.361
                      31: 0.066
                      34: 0.553
                      36:-0.666
 
 I= 11/2- (5)  5.762  28: 0.124
                      29:-0.364
                      30:-0.409
                      34:-0.620
                      36:-0.474
                      37: 0.274

             ENERGY    K= OMEGA
 
 I= 13/2- (1)  4.003  32:-0.189
                      33: 0.501
                      35:-0.611
                      38: 0.511
                      40:-0.279
 
 I= 13/2- (2)  4.329  26:-0.149
                      27: 0.367
                      28:-0.291
                      31:-0.870
 
 I= 13/2- (3)  5.918  26: 0.378
                      27: 0.161
                      28: 0.836
                      29: 0.051
                      30: 0.136
                      31:-0.268
                      36:-0.190
                      37: 0.059
 
 I= 13/2- (4)  6.042  26: 0.107
                      28: 0.160
                      29:-0.350
                      30:-0.418
                      31:-0.117
                      34: 0.494
                      36: 0.598
                      37:-0.223
 
 I= 13/2- (5)  7.300  28:-0.105
                      30: 0.428
                      34: 0.616
                      36: 0.069
                      37: 0.647

             ENERGY     K= 9/2
  32 LEVELS    TIME=  0.0 SEC



 ******************* EXCITATION ENERGIES, DOMINANT CONFIGURATION AND EXPECTATION VALUES (WITH S.P. UU+VV FACTORS) *******************

  NR  Eex(keV)  I   Kdom  NY    <Jz>  <Jx**2> <Jy**2> <Jz**2> <I.j>/|I|  <Rx**2> <Ry**2> <Rz**2> <R.j>/|R|  <HROTx> <HROTy> <HROTz>

   1    0.0   3/2-  -3/2  34   -1.40    1.73    1.73    2.15    1.36       2.05    2.05   -0.00   -1.47      0.250   0.250  -0.000
   2   97.9   9/2-   9/2  31    3.79    2.60    2.60   19.48    4.42       2.73    2.73    0.00   -1.15      0.333   0.333   0.000
   3  194.8   5/2-   5/2  36    1.26    2.04    2.04    4.87    2.25       2.20    2.20    0.00   -1.09      0.268   0.268   0.000
   4  221.4  11/2-   1/2  32    0.00   26.34   26.34    2.69    6.92       4.17    4.17    0.00   -4.84      0.508   0.508   0.000
   5  512.4   7/2-  -7/2  28   -3.17    2.31    2.31   11.91    3.40       2.64    2.64    0.00   -1.32      0.322   0.322   0.000
  
   6  640.9   1/2-   1/2  37    0.50    1.57    1.57    0.25    0.89       1.30    1.30    0.00   -1.62      0.158   0.158   0.000
   7  649.1   5/2-  -3/2  34   -0.59    1.77    1.77    2.96    1.07       4.47    4.47   -0.00   -1.12      0.545   0.545  -0.000
   8  753.5   3/2-  -3/2  30   -1.24    4.37    4.37    1.99    1.34       4.64    4.64   -0.00   -2.67      0.566   0.566  -0.000
   9  810.0   7/2-   5/2  36    0.84    2.25    2.25    4.38    1.90       4.77    4.77    0.00   -0.43      0.582   0.582   0.000
  10  905.5   1/2-   1/2  29    0.50    4.28    4.28    0.25    0.10       4.69    4.69    0.00   -2.85      0.571   0.571   0.000
  
  11 1079.1   5/2-   1/2  37    0.09    2.89    2.89    1.35    1.16       4.51    4.51   -0.00   -1.23      0.550   0.550  -0.000
  12 1096.7  11/2-   9/2  31    3.19    2.87    2.87   18.78    3.98       6.34    6.34   -0.00   -0.20      0.774   0.774  -0.000
  13 1177.0   7/2-   1/2  32    0.02   25.50   25.50    1.70    6.46       8.57    8.57    0.00   -6.53      1.045   1.045   0.000
  14 1412.2   9/2-  -7/2  28   -2.66    2.44    2.44   11.81    2.96       6.02    6.02    0.00   -0.57      0.733   0.733   0.000
  15 1438.5   7/2-  -3/2  34   -0.28    1.98    1.98    3.01    0.98       7.48    7.48   -0.00   -0.80      0.912   0.912  -0.000
  
  16 1642.0   9/2-   5/2  36    0.64    2.53    2.53    4.04    1.77       8.11    8.11    0.00   -0.07      0.989   0.989   0.000
  17 1721.5   5/2-   1/2  37   -0.28    2.74    2.74    1.28    0.20       7.15    7.15   -0.00   -1.63      0.872   0.872  -0.000
  18 1989.5  13/2-   5/2  35    0.01   25.28   25.28    7.68    6.44       8.51    8.51    0.00   -3.21      1.037   1.037   0.000
  19 2221.2   7/2-  -3/2  30   -0.37    3.88    3.88    2.32    0.62      10.47   10.47   -0.00   -1.67      1.276   1.276  -0.000
  20 2237.4   5/2-   1/2  29    0.04    4.14    4.14    0.81   -0.48      10.35   10.35   -0.00   -2.31      1.262   1.262  -0.000
  
  21 2267.6   9/2-   5/2  35    0.00   25.58   25.58    6.54    6.20      10.40   10.40   -0.00   -5.89      1.268   1.268  -0.000
  22 2315.6  13/2-   9/2  31    2.69    3.10    3.10   18.15    3.67      10.93   10.93    0.00    0.27      1.333   1.333   0.000
  23 2542.2   9/2-  -3/2  34   -0.90    1.90    1.90    2.37    0.72      11.88   11.88    0.00   -0.53      1.449   1.449   0.000
  24 2542.3  11/2-  -7/2  28   -2.23    2.54    2.54   11.79    2.66      10.39   10.39    0.00   -0.21      1.267   1.267   0.000
  25 2753.4  11/2-   5/2  36    0.53    2.55    2.55    3.92    1.61      12.77   12.77    0.00    0.12      1.557   1.557   0.000
  
  26 3748.0  11/2-  -3/2  34   -0.21    2.19    2.19    2.91    0.79      16.77   16.77    0.00   -0.44      2.045   2.045   0.000
  27 3904.2  13/2-  -7/2  28   -1.79    2.63    2.63   11.49    2.42      15.82   15.82    0.00    0.03      1.928   1.928   0.000
  28 4028.3  13/2-   5/2  36    0.35    2.79    2.79    3.88    1.62      17.78   17.78    0.00    0.31      2.168   2.168   0.000
  29 4497.8   1/2-   1/2  39    0.50   13.63   13.63    0.25   -2.33      16.14   16.14    0.00   -5.20      1.968   1.968   0.000
  30 5286.2  13/2-   1/2  37   -0.66    1.84    1.84    1.56    0.68      22.22   22.22    0.00   -0.07      2.709   2.709   0.000
  
  31 7736.9   1/2-   1/2  32    0.50   26.77   26.77    0.25   -3.70      30.48   30.48    0.00   -7.30      3.716   3.716   0.000
  32*******   1/2-  -3/2  33    0.00    0.00    0.00    0.00   -0.00       0.00    0.00    0.00   -0.00      0.000   0.000   0.000
