1SPECTRUM OF (Z= 82 A=207) IN PARTICLE-ROTOR  MODEL WITH MODIFIED OSCILLATOR POTENTIAL


 PARITY=-   EPS= 0.444   GAMMA=  0.0   EPS4=0.000   EPS6=0.000   LEVELS:  25  26  27  28  29  30  31  32  33  34  35  36  37  38  39

 PAIRING FACTORS: GN0= 19.20  GN1=  7.40  IPAIR= 15 ***  E2PLUS(INPUT)=   0.730  E2PLUR(INPUT)=   0.000

 CORIOLIS ATTENUATION PARAMETERS:  CHSI=1.000  ETA=  1.00

 MOMENT OF INERTIA PARAMETERS:   A1=  0.122 MEV   A2=  0.122 MEV   A3=121.91924 MEV


 DELTA=0.853 MEV  LAMBDA=53.4764 MEV   HW0= 7.5983 MEV   LAMBDA/HW0= 7.0379

 E2ENERGY=0.730 MEV  HBAR**2/B=36553./A**(7/3)=6179.2/A**2 MEV

 IREC=0  =>  RECOIL TERMS j+j-, j+j+, jzjz, ETC TREATED AS ONE-BODY OPERATORS WITH UU+VV PAIRING FACTORS



 S. P. LEVEL   EQP       U     V        (UU + VV)**1.00

     25       4.227    0.101 0.995      1.000 0.999 0.999 0.996 0.988 0.949 0.805 0.779 0.731 0.348 0.345 0.288 0.270 0.243 0.201
     26       2.868    0.151 0.989      0.999 1.000 1.000 0.999 0.994 0.963 0.834 0.809 0.764 0.394 0.391 0.335 0.318 0.290 0.250
     27       2.844    0.152 0.988      0.999 1.000 1.000 0.999 0.994 0.964 0.834 0.810 0.765 0.395 0.392 0.336 0.319 0.292 0.251
     28       2.271    0.191 0.982      0.996 0.999 0.999 1.000 0.998 0.974 0.856 0.833 0.790 0.432 0.428 0.374 0.357 0.330 0.290
     29       1.732    0.255 0.967      0.988 0.994 0.994 0.998 1.000 0.986 0.888 0.867 0.828 0.490 0.486 0.433 0.417 0.390 0.351
     30       1.141    0.410 0.912      0.949 0.963 0.964 0.974 0.986 1.000 0.951 0.937 0.909 0.626 0.623 0.576 0.560 0.536 0.500
     31       0.857    0.671 0.741      0.805 0.834 0.834 0.856 0.888 0.951 1.000 0.999 0.993 0.836 0.834 0.800 0.788 0.770 0.743
     32       0.853    0.703 0.711      0.779 0.809 0.810 0.833 0.867 0.937 0.999 1.000 0.997 0.859 0.857 0.825 0.815 0.798 0.771
     33       0.861    0.753 0.659      0.731 0.764 0.765 0.790 0.828 0.909 0.993 0.997 1.000 0.894 0.892 0.864 0.854 0.839 0.815
     34       1.754    0.968 0.251      0.348 0.394 0.395 0.432 0.490 0.626 0.836 0.859 0.894 1.000 1.000 0.998 0.997 0.994 0.988
     35       1.779    0.969 0.248      0.345 0.391 0.392 0.428 0.486 0.623 0.834 0.857 0.892 1.000 1.000 0.998 0.997 0.994 0.989
     36       2.293    0.982 0.189      0.288 0.335 0.336 0.374 0.433 0.576 0.800 0.825 0.864 0.998 0.998 1.000 1.000 0.999 0.996
     37       2.529    0.985 0.171      0.270 0.318 0.319 0.357 0.417 0.560 0.788 0.815 0.854 0.997 0.997 1.000 1.000 1.000 0.997
     38       3.016    0.990 0.143      0.243 0.290 0.292 0.330 0.390 0.536 0.770 0.798 0.839 0.994 0.994 0.999 1.000 1.000 0.999
     39       4.244    0.995 0.101      0.201 0.250 0.251 0.290 0.351 0.500 0.743 0.771 0.815 0.988 0.989 0.996 0.997 0.999 1.000

  R CORE   ENERGY   A0R/A00=1.000    R3= 0     2  
   2( 1)    0.732                    1.000 0.000
   2( 2)  487.921                    0.000 1.000

  R CORE   ENERGY   A0R/A00=1.000    R3= 0     2  
   3( 1)  488.652                    0.000 1.000

  R CORE   ENERGY   A0R/A00=1.000    R3= 0     2     4  
   4( 1)    2.438                    1.000 0.000 0.000

  R CORE   ENERGY   A0R/A00=1.000    R3= 0     2     4  
   5( 1)  490.847                    0.000 1.000 0.000

  R CORE   ENERGY   A0R/A00=1.000    R3= 0     2     4     6  
   6( 1)    5.121                    1.000 0.000 0.000 0.000

  R CORE   ENERGY   A0R/A00=1.000    R3= 0     2     4     6  
   7( 1)  494.017                    0.000 1.000 0.000 0.000

          AXIAL SYMMETRY => K RESTRICTED TO OMEGA

                     K
     S.P. ORB#: 25  0.50
     S.P. ORB#: 26 -5.50
     S.P. ORB#: 27 -1.50
     S.P. ORB#: 28  2.50
     S.P. ORB#: 29 -3.50
     S.P. ORB#: 30  2.50
     S.P. ORB#: 31  0.50
     S.P. ORB#: 32  0.50
     S.P. ORB#: 33 -1.50
     S.P. ORB#: 34 -3.50
     S.P. ORB#: 35 -3.50
     S.P. ORB#: 36  4.50
     S.P. ORB#: 37  0.50
     S.P. ORB#: 38 -1.50
     S.P. ORB#: 39 -1.50
 

             ENERGY    K= OMEGA
 
 I=  1/2- (1)  2.215  31:-1.000
 
 I=  1/2- (2)  3.573  25:-0.265
                      32: 0.923
                      37:-0.280
 
 I=  1/2- (3)  6.538  25:-0.239
                      32: 0.218
                      37: 0.946
 
 I=  1/2- (4) 10.362  25: 0.934
                      32: 0.318
                      37: 0.163
 
 I=  1/2- (5)147.164  33: 1.000

             ENERGY    K= OMEGA
 
 I=  3/2- (1)  2.189  31: 0.586
                      33:-0.809
 
 I=  3/2- (2)  2.487  31:-0.797
                      33:-0.586
                      39:-0.143

             ENERGY    K= OMEGA
 
 I=  5/2- (1)  2.760  28: 0.055
                      31: 0.500
                      33: 0.861
                      39:-0.072
 
 I=  5/2- (2)  3.270  28:-0.089
                      31: 0.829
                      33:-0.496
                      39:-0.243
 
 I=  5/2- (3)  3.800  25: 0.221
                      32:-0.838
                      37: 0.427
                      38: 0.257
 
 I=  5/2- (4)  4.074  28:-0.993
                      31:-0.062
                      33: 0.095
 
 I=  5/2- (5)  5.652  28:-0.061
                      31: 0.243
                      33:-0.057
                      39: 0.966

             ENERGY    K= OMEGA
 
 I=  7/2- (1)  2.660  28:-0.168
                      34: 0.985
 
 I=  7/2- (2)  3.336  31: 0.771
                      33:-0.609
                      39: 0.181
 
 I=  7/2- (3)  3.654  28:-0.181
                      29:-0.979
                      31: 0.069
 
 I=  7/2- (4)  3.965  28:-0.113
                      29: 0.104
                      31: 0.563
                      33: 0.778
                      39: 0.229
 
 I=  7/2- (5)  4.130  27: 0.178
                      30: 0.184
                      32: 0.868
                      35: 0.068
                      37: 0.252
                      38: 0.332

             ENERGY    K= OMEGA
 
 I=  9/2- (1)  3.182  28: 0.108
                      29:-0.264
                      34: 0.363
                      36: 0.887
 
 I=  9/2- (2)  3.756  28:-0.216
                      29:-0.157
                      34:-0.898
                      36: 0.348
 
 I=  9/2- (3)  4.500  28:-0.064
                      29: 0.058
                      31:-0.622
                      33:-0.755
                      39: 0.181
 
 I=  9/2- (4)  4.747  25: 0.160
                      27: 0.072
                      30:-0.135
                      32:-0.780
                      35: 0.067
                      37: 0.476
                      38: 0.335
 
 I=  9/2- (5)  4.846  28: 0.263
                      29:-0.907
                      31:-0.127
                      36:-0.294
                      39: 0.072

             ENERGY    K= OMEGA
 
 I= 11/2- (1)  4.031  25:-0.467
                      27:-0.559
                      30:-0.482
                      32:-0.390
                      35:-0.206
                      37:-0.123
                      38:-0.163
 
 I= 11/2- (2)  4.190  26:-0.931
                      29:-0.119
                      34: 0.133
                      36:-0.316
 
 I= 11/2- (3)  4.323  26: 0.365
                      28:-0.147
                      29:-0.315
                      34: 0.396
                      36:-0.767
 
 I= 11/2- (4)  5.068  28: 0.253
                      29:-0.218
                      33:-0.059
                      34:-0.855
                      36:-0.391
 
 I= 11/2- (5)  5.394  31: 0.813
                      33:-0.512
                      39: 0.275

             ENERGY    K= OMEGA
 
 I= 13/2- (1)  5.646  26:-0.399
                      28: 0.169
                      29:-0.347
                      34: 0.392
                      36: 0.733
 
 I= 13/2- (2)  5.819  26:-0.916
                      28:-0.090
                      29: 0.156
                      34:-0.207
                      36:-0.294
 
 I= 13/2- (3)  5.840  25:-0.165
                      27: 0.561
                      30:-0.676
                      32:-0.205
                      35: 0.365
                      37: 0.086
                      38: 0.137
 
 I= 13/2- (4)  6.612  28:-0.284
                      29:-0.257
                      33:-0.073
                      34:-0.824
                      36: 0.409
 
 I= 13/2- (5)  6.654  25: 0.221
                      27:-0.147
                      30: 0.134
                      32:-0.727
                      35:-0.084
                      37: 0.506
                      38: 0.347

             ENERGY     K=-3/2
  32 LEVELS    TIME=  0.0 SEC



 ******************* EXCITATION ENERGIES, DOMINANT CONFIGURATION AND EXPECTATION VALUES (WITH S.P. UU+VV FACTORS) *******************

  NR  Eex(keV)  I   Kdom  NY    <Jz>  <Jx**2> <Jy**2> <Jz**2> <I.j>/|I|  <Rx**2> <Ry**2> <Rz**2> <R.j>/|R|  <HROTx> <HROTy> <HROTz>

   1    0.0   3/2-  -3/2  33   -0.81    5.16    5.16    1.56    1.24       5.42    5.42    0.00   -2.88      0.661   0.661   0.000
   2   25.3   1/2-   1/2  31    0.50    5.12    5.12    0.25    0.06       5.57    5.57   -0.00   -3.13      0.679   0.679  -0.000
   3  297.7   3/2-   1/2  31   -0.23    4.99    4.99    0.98    0.50       6.39    6.39    0.00   -2.80      0.779   0.779   0.000
   4  471.2   7/2-  -7/2  34   -3.33    2.35    2.35   12.07    3.18       3.66    3.66   -0.00   -1.54      0.446   0.446  -0.000
   5  571.1   5/2-  -3/2  33   -0.99    5.17    5.17    1.76    0.92       7.70    7.70    0.00   -2.39      0.939   0.939   0.000
  
   6  993.0   9/2-   9/2  36    2.86    2.70    2.70   18.47    4.06       4.10    4.10    0.00   -1.28      0.500   0.500   0.000
   7 1081.2   5/2-   1/2  31   -0.09    4.84    4.84    0.91    0.22       9.02    9.02    0.00   -2.34      1.100   1.100   0.000
   8 1147.1   7/2-   1/2  31   -0.31    5.11    5.11    1.08    0.97       9.69    9.69    0.00   -1.70      1.182   1.182   0.000
   9 1383.4   1/2-   1/2  32    0.50   10.00   10.00    0.25    1.00       9.64    9.64    0.00   -4.42      1.175   1.175   0.000
  10 1465.1   7/2-  -7/2  29   -3.28    6.28    6.28   11.96    3.10       7.82    7.82   -0.00   -3.09      0.954   0.954  -0.000
  
  11 1566.3   9/2-  -7/2  34   -2.25    2.46    2.46   12.92    2.70       7.85    7.85    0.00   -1.11      0.957   0.957   0.000
  12 1610.7   5/2-   1/2  32    0.37   10.74   10.74    0.38    1.94       9.57    9.57    0.00   -3.69      1.166   1.166   0.000
  13 1775.6   7/2-  -3/2  33   -0.84    4.84    4.84    1.79    0.43      11.89   11.89    0.00   -2.00      1.449   1.449   0.000
  14 1841.4  11/2-  -3/2  27    0.12   23.61   23.61    2.84    6.06       6.68    6.68    0.00   -3.79      0.815   0.815   0.000
  15 1884.3   5/2-   5/2  28    2.45    6.11    6.11    6.18    2.07       7.45    7.45   -0.00   -3.18      0.909   0.909  -0.000
  
  16 1940.8   7/2-   1/2  32    0.27   15.34   15.34    0.79    3.01      11.68   11.68    0.00   -4.04      1.424   1.424   0.000
  17 2000.9  11/2- -11/2  26   -4.42    2.77    2.77   28.62    4.87       5.81    5.81    0.00   -1.47      0.709   0.709   0.000
  18 2133.9  11/2-   9/2  36    1.07    2.93    2.93   19.22    3.65       8.59    8.59    0.00   -0.79      1.047   1.047   0.000
  19 2310.5   9/2-  -3/2  33   -0.72    5.14    5.14    1.55    0.78      14.43   14.43    0.00   -1.48      1.759   1.759   0.000
  20 2557.5   9/2-   1/2  32    0.28   11.93   11.93    0.65    2.34      12.98   12.98    0.00   -2.52      1.583   1.583   0.000
  
  21 2657.2   9/2-  -7/2  29   -2.32    5.89    5.89   12.27    2.41      12.42   12.42   -0.00   -2.42      1.515   1.515  -0.000
  22 2879.1  11/2-  -7/2  34   -1.89    2.60    2.60   13.06    2.32      13.13   13.13    0.00   -0.86      1.601   1.601   0.000
  23 3204.3  11/2-   1/2  31   -0.18    4.99    4.99    0.95    0.97      17.54   17.54    0.00   -0.87      2.139   2.139   0.000
  24 3456.5  13/2-   9/2  36    0.65    3.06    3.06   19.24    3.30      13.99   13.99    0.00   -0.43      1.706   1.706   0.000
  25 3462.3   5/2-  -3/2  39   -1.37    2.14    2.14    2.15    0.31       6.67    6.67    0.00   -1.51      0.813   0.813   0.000
  
  26 3630.1  13/2- -11/2  26   -4.44    2.83    2.83   27.98    4.09      12.64   12.64    0.00   -1.01      1.541   1.541   0.000
  27 3650.3  13/2-   5/2  30    0.21   23.04   23.04    5.25    4.84      16.24   16.24    0.00   -3.08      1.980   1.980   0.000
  28 4348.8   1/2-   1/2  37    0.50   15.63   15.63    0.25   -0.28      16.37   16.37    0.00   -5.55      1.996   1.996   0.000
  29 4422.9  13/2-  -7/2  34   -1.67    2.72    2.72   13.07    2.04      19.40   19.40   -0.00   -0.69      2.365   2.365  -0.000
  30 4464.8  13/2-   1/2  32    0.22   11.65   11.65    0.73    2.34      20.06   20.06    0.00   -1.21      2.446   2.446   0.000
  
  31 8173.0   1/2-   1/2  25    0.50   23.19   23.19    0.25   -3.53      26.75   26.75    0.00   -6.79      3.261   3.261   0.000
  32*******   1/2-  -3/2  33    0.00    0.00    0.00    0.00   -0.00       0.00    0.00   -0.00   -0.00      0.000   0.000  -0.000
