1SPECTRUM OF (Z= 82 A=207) IN PARTICLE-ROTOR  MODEL WITH MODIFIED OSCILLATOR POTENTIAL


 PARITY=-   EPS= 0.386   GAMMA=  0.0   EPS4=0.000   EPS6=0.000   LEVELS:  24  25  26  27  28  29  30  31  32  33  34  35  36  37  38

 PAIRING FACTORS: GN0= 19.20  GN1=  7.40  IPAIR= 15 ***  E2PLUS(INPUT)=   0.730  E2PLUR(INPUT)=   0.000

 CORIOLIS ATTENUATION PARAMETERS:  CHSI=1.000  ETA=  1.00

 MOMENT OF INERTIA PARAMETERS:   A1=  0.122 MEV   A2=  0.122 MEV   A3=121.91923 MEV


 DELTA=0.856 MEV  LAMBDA=53.4612 MEV   HW0= 7.5491 MEV   LAMBDA/HW0= 7.0818

 E2ENERGY=0.730 MEV  HBAR**2/B=27627./A**(7/3)=4670.2/A**2 MEV

 IREC=0  =>  RECOIL TERMS j+j-, j+j+, jzjz, ETC TREATED AS ONE-BODY OPERATORS WITH UU+VV PAIRING FACTORS



 S. P. LEVEL   EQP       U     V        (UU + VV)**1.00

     24       4.294    0.100 0.995      1.000 1.000 0.999 0.999 0.996 0.991 0.933 0.900 0.817 0.590 0.423 0.398 0.317 0.232 0.224
     25       3.903    0.110 0.994      1.000 1.000 0.999 0.999 0.996 0.992 0.937 0.904 0.823 0.598 0.432 0.408 0.326 0.242 0.234
     26       2.907    0.149 0.989      0.999 0.999 1.000 1.000 0.999 0.996 0.950 0.920 0.844 0.629 0.467 0.443 0.363 0.280 0.272
     27       2.814    0.154 0.988      0.999 0.999 1.000 1.000 0.999 0.997 0.951 0.922 0.847 0.633 0.471 0.447 0.368 0.285 0.277
     28       2.254    0.193 0.981      0.996 0.996 0.999 0.999 1.000 0.999 0.963 0.937 0.868 0.663 0.506 0.483 0.405 0.323 0.315
     29       1.901    0.231 0.973      0.991 0.992 0.996 0.997 0.999 1.000 0.973 0.950 0.886 0.692 0.539 0.517 0.440 0.359 0.351
     30       1.063    0.451 0.892      0.933 0.937 0.950 0.951 0.963 0.973 1.000 0.997 0.970 0.841 0.720 0.701 0.637 0.566 0.559
     31       0.959    0.524 0.852      0.900 0.904 0.920 0.922 0.937 0.950 0.997 1.000 0.987 0.883 0.776 0.758 0.699 0.633 0.627
     32       0.864    0.656 0.755      0.817 0.823 0.844 0.847 0.868 0.886 0.970 0.987 1.000 0.948 0.868 0.855 0.806 0.751 0.745
     33       0.980    0.863 0.506      0.590 0.598 0.629 0.633 0.663 0.692 0.841 0.883 0.948 1.000 0.981 0.976 0.953 0.922 0.919
     34       1.373    0.944 0.330      0.423 0.432 0.467 0.471 0.506 0.539 0.720 0.776 0.868 0.981 1.000 1.000 0.993 0.980 0.978
     35       1.475    0.953 0.305      0.398 0.408 0.443 0.447 0.483 0.517 0.701 0.758 0.855 0.976 1.000 1.000 0.996 0.985 0.983
     36       1.992    0.975 0.220      0.317 0.326 0.363 0.368 0.405 0.440 0.637 0.699 0.806 0.953 0.993 0.996 1.000 0.996 0.995
     37       3.230    0.991 0.134      0.232 0.242 0.280 0.285 0.323 0.359 0.566 0.633 0.751 0.922 0.980 0.985 0.996 1.000 1.000
     38       3.441    0.992 0.125      0.224 0.234 0.272 0.277 0.315 0.351 0.559 0.627 0.745 0.919 0.978 0.983 0.995 1.000 1.000

  R CORE   ENERGY   A0R/A00=1.000    R3= 0     2  
   2( 1)    0.732                    1.000 0.000
   2( 2)  487.921                    0.000 1.000

  R CORE   ENERGY   A0R/A00=1.000    R3= 0     2  
   3( 1)  488.652                    0.000 1.000

  R CORE   ENERGY   A0R/A00=1.000    R3= 0     2     4  
   4( 1)    2.438                    1.000 0.000 0.000

  R CORE   ENERGY   A0R/A00=1.000    R3= 0     2     4  
   5( 1)  490.847                    0.000 1.000 0.000

  R CORE   ENERGY   A0R/A00=1.000    R3= 0     2     4     6  
   6( 1)    5.121                    1.000 0.000 0.000 0.000

  R CORE   ENERGY   A0R/A00=1.000    R3= 0     2     4     6  
   7( 1)  494.017                    0.000 1.000 0.000 0.000

          AXIAL SYMMETRY => K RESTRICTED TO OMEGA

                     K
     S.P. ORB#: 24  0.50
     S.P. ORB#: 25 -5.50
     S.P. ORB#: 26  0.50
     S.P. ORB#: 27  2.50
     S.P. ORB#: 28 -3.50
     S.P. ORB#: 29 -1.50
     S.P. ORB#: 30  0.50
     S.P. ORB#: 31 -1.50
     S.P. ORB#: 32  2.50
     S.P. ORB#: 33 -3.50
     S.P. ORB#: 34  4.50
     S.P. ORB#: 35  0.50
     S.P. ORB#: 36 -3.50
     S.P. ORB#: 37 -1.50
     S.P. ORB#: 38  0.50
 

             ENERGY    K= OMEGA
 
 I=  1/2- (1)  2.356  30: 0.999
 
 I=  1/2- (2)  4.428  26:-0.192
                      35: 0.911
                      38:-0.365
 
 I=  1/2- (3)  5.963  24: 0.999
 
 I=  1/2- (4)  7.343  26: 0.359
                      35:-0.281
                      38:-0.890
 
 I=  1/2- (5)  9.351  26: 0.914
                      35: 0.302
                      38: 0.273

             ENERGY    K= OMEGA
 
 I=  3/2- (1)  2.254  24:-0.064
                      30: 0.315
                      31:-0.947
 
 I=  3/2- (2)  2.449  24:-0.197
                      30:-0.915
                      31:-0.292
                      37:-0.194

             ENERGY    K= OMEGA
 
 I=  5/2- (1)  2.509  24:-0.263
                      30: 0.505
                      31: 0.818
                      37:-0.072
 
 I=  5/2- (2)  3.360  27:-0.067
                      30: 0.773
                      31:-0.520
                      37:-0.356
 
 I=  5/2- (3)  4.540  27:-0.766
                      30:-0.239
                      31: 0.137
                      37:-0.579
 
 I=  5/2- (4)  4.699  24: 0.059
                      27: 0.638
                      30:-0.230
                      31: 0.071
                      37:-0.729
 
 I=  5/2- (5)  4.836  26: 0.143
                      35:-0.796
                      38: 0.587

             ENERGY    K= OMEGA
 
 I=  7/2- (1)  1.859  27:-0.156
                      33: 0.987
 
 I=  7/2- (2)  3.432  24:-0.201
                      30:-0.916
                      31: 0.200
                      37:-0.283
 
 I=  7/2- (3)  3.495  24:-0.269
                      27: 0.072
                      30:-0.118
                      31:-0.948
                      37:-0.094
 
 I=  7/2- (4)  4.058  26:-0.616
                      29:-0.588
                      32:-0.480
                      36:-0.211
 
 I=  7/2- (5)  4.157  27: 0.183
                      28: 0.982

             ENERGY    K= OMEGA
 
 I=  9/2- (1)  2.300  27: 0.087
                      28:-0.163
                      33: 0.355
                      34: 0.916
 
 I=  9/2- (2)  2.928  27: 0.209
                      28: 0.096
                      33: 0.906
                      34:-0.354
 
 I=  9/2- (3)  3.711  24:-0.392
                      30: 0.562
                      31: 0.715
                      37:-0.130
 
 I=  9/2- (4)  4.750  26:-0.209
                      29: 0.551
                      32:-0.691
                      36: 0.418
 
 I=  9/2- (5)  5.246  27: 0.259
                      28:-0.641
                      30:-0.453
                      31: 0.403
                      33:-0.053
                      34:-0.123
                      37: 0.370

             ENERGY    K= OMEGA
 
 I= 11/2- (1)  3.438  27:-0.136
                      28:-0.222
                      33: 0.441
                      34:-0.858
 
 I= 11/2- (2)  3.476  26:-0.611
                      29:-0.587
                      32:-0.467
                      35:-0.099
                      36:-0.230
 
 I= 11/2- (3)  4.223  27: 0.246
                      28:-0.143
                      33:-0.850
                      34:-0.439
 
 I= 11/2- (4)  5.247  25:-0.999
 
 I= 11/2- (5)  5.310  24:-0.367
                      30:-0.832
                      31:-0.250
                      37:-0.327

             ENERGY    K= OMEGA
 
 I= 13/2- (1)  4.807  27:-0.177
                      28: 0.262
                      33:-0.487
                      34:-0.813
 
 I= 13/2- (2)  5.292  26: 0.215
                      29:-0.562
                      32: 0.679
                      36:-0.421
 
 I= 13/2- (3)  5.713  24:-0.330
                      27: 0.211
                      28: 0.129
                      30: 0.389
                      31: 0.481
                      33: 0.556
                      34:-0.360
                      37:-0.085
 
 I= 13/2- (4)  5.788  24: 0.332
                      27: 0.175
                      28: 0.128
                      30:-0.411
                      31:-0.454
                      33: 0.588
                      34:-0.326
                      37: 0.126
 
 I= 13/2- (5)  6.834  25:-0.998

             ENERGY     K= 1/2
  32 LEVELS    TIME=  0.0 SEC



 ******************* EXCITATION ENERGIES, DOMINANT CONFIGURATION AND EXPECTATION VALUES (WITH S.P. UU+VV FACTORS) *******************

  NR  Eex(keV)  I   Kdom  NY    <Jz>  <Jx**2> <Jy**2> <Jz**2> <I.j>/|I|  <Rx**2> <Ry**2> <Rz**2> <R.j>/|R|  <HROTx> <HROTy> <HROTz>

   1    0.0   7/2-  -7/2  33   -3.35    2.30    2.30   12.10    3.23       3.41    3.41    0.00   -1.49      0.416   0.416   0.000
   2  395.5   3/2-  -3/2  31   -1.29    4.97    4.97    2.04    1.37       5.22    5.22   -0.00   -2.89      0.636   0.636  -0.000
   3  441.5   9/2-   9/2  34    3.26    2.50    2.50   18.92    4.11       3.86    3.86    0.00   -1.24      0.471   0.471   0.000
   4  497.6   1/2-   1/2  30    0.50    4.98    4.98    0.25    0.24       5.27    5.27   -0.00   -3.08      0.643   0.643  -0.000
   5  590.5   3/2-   1/2  30    0.25    4.66    4.66    0.50    0.99       4.87    4.87   -0.00   -2.53      0.594   0.594  -0.000
  
   6  650.2   5/2-  -3/2  31   -0.85    5.25    5.25    1.61    1.75       5.24    5.24   -0.00   -2.14      0.639   0.639  -0.000
   7 1069.1   9/2-  -7/2  33   -2.23    2.37    2.37   12.98    2.78       7.40    7.40    0.00   -1.01      0.903   0.903   0.000
   8 1501.7   5/2-   1/2  30   -0.28    4.44    4.44    1.07    0.34       8.35    8.35    0.00   -2.19      1.019   1.019   0.000
   9 1573.5   7/2-   1/2  30    0.26    4.61    4.61    0.49    1.07       8.49    8.49   -0.00   -1.33      1.035   1.035  -0.000
  10 1579.5  11/2-   9/2  34    2.50    2.66    2.66   18.04    3.52       8.49    8.49    0.00   -0.56      1.035   1.035   0.000
  
  11 1617.5  11/2-   1/2  26    0.04   23.27   23.27    2.89    6.15       5.84    5.84    0.00   -3.71      0.712   0.712   0.000
  12 1636.1   7/2-  -3/2  31   -1.31    4.97    4.97    2.11    1.16       9.28    9.28   -0.00   -1.72      1.131   1.131  -0.000
  13 1852.6   9/2-  -3/2  31   -0.56    5.49    5.49    1.33    1.94       8.89    8.89   -0.00   -0.63      1.084   1.084  -0.000
  14 2199.3   7/2-   1/2  26    0.09   22.86   22.86    2.86    6.03       8.24    8.24    0.00   -6.07      1.005   1.005   0.000
  15 2298.2   7/2-  -7/2  28   -3.29    6.23    6.23   12.03    3.12       7.73    7.73    0.00   -3.08      0.943   0.943   0.001
  
  16 2364.1  11/2-  -7/2  33   -1.59    2.45    2.45   13.42    2.45      12.41   12.41    0.00   -0.74      1.513   1.513   0.000
  17 2569.3   1/2-   1/2  35    0.50   11.17   11.17    0.25    0.99      10.82   10.82    0.00   -4.67      1.319   1.319   0.000
  18 2681.3   5/2-   5/2  27    0.97    4.62    4.62    4.48    1.41       7.06    7.06    0.00   -2.54      0.860   0.860   0.000
  19 2840.6   5/2-  -3/2  37    0.24    3.80    3.80    3.77    0.96       7.22    7.22    0.00   -2.24      0.881   0.881   0.000
  20 2891.0   9/2-   5/2  32    0.15   23.73   23.73    5.81    5.14      13.46   13.46   -0.00   -5.34      1.642   1.642  -0.000
  
  21 2948.5  13/2-   9/2  34    1.97    2.82    2.82   17.36    3.13      14.02   14.02   -0.00   -0.22      1.709   1.709  -0.000
  22 2977.8   5/2-   1/2  35    0.50   11.32   11.32    0.26    1.67      10.89   10.89    0.00   -3.85      1.328   1.328   0.000
  23 3386.8   9/2-  -7/2  28   -1.56    4.92    4.92    6.51    1.42      13.50   13.50    0.00   -1.79      1.646   1.646   0.000
  24 3388.2  11/2- -11/2  25   -5.49    2.75    2.75   30.23    5.05       5.53    5.53    0.00   -1.66      0.674   0.674   0.000
  25 3433.6  13/2-   5/2  32    0.08   23.74   23.74    5.77    5.07      15.61   15.61    0.00   -3.20      1.903   1.903   0.000
  
  26 3451.6  11/2-   1/2  30    0.16    4.49    4.49    0.62    1.33      14.71   14.71    0.00   -0.30      1.793   1.793   0.000
  27 3854.5  13/2-  -7/2  33   -0.68    4.13    4.13    7.52    2.16      17.19   17.19    0.00   -0.12      2.096   2.096   0.000
  28 3929.2  13/2-  -7/2  33   -0.91    4.07    4.07    7.37    2.09      17.54   17.54    0.00   -0.15      2.139   2.139   0.000
  29 4104.0   1/2-   1/2  24    0.50    6.93    6.93    0.25    0.64       6.88    6.88    0.00   -3.66      0.838   0.838   0.000
  30 4975.2  13/2- -11/2  25   -5.48    2.75    2.75   30.20    4.32      12.05   12.05    0.00   -1.13      1.469   1.469   0.000
  
  31 5483.9   1/2-   1/2  38    0.50   15.91   15.91    0.25   -0.59      16.92   16.92    0.00   -5.60      2.063   2.063   0.000
  32 7492.6   1/2-   1/2  26    0.50   23.33   23.33    0.25   -3.43      26.80   26.80    0.00   -6.81      3.268   3.268   0.000
