1SPECTRUM OF (Z= 82 A=207) IN PARTICLE-ROTOR  MODEL WITH MODIFIED OSCILLATOR POTENTIAL


 PARITY=-   EPS= 0.190   GAMMA=  0.0   EPS4=0.000   EPS6=0.000   LEVELS:  25  26  27  28  29  30  31  32  33  34  35  36  37  38  39

 PAIRING FACTORS: GN0= 19.20  GN1=  7.40  IPAIR= 15 ***  E2PLUS(INPUT)=   0.730  E2PLUR(INPUT)=   0.000

 CORIOLIS ATTENUATION PARAMETERS:  CHSI=1.000  ETA=  1.00

 MOMENT OF INERTIA PARAMETERS:   A1=  0.122 MEV   A2=  0.122 MEV   A3=121.91923 MEV


 DELTA=0.928 MEV  LAMBDA=53.4732 MEV   HW0= 7.4421 MEV   LAMBDA/HW0= 7.1852

 E2ENERGY=0.730 MEV  HBAR**2/B= 6694./A**(7/3)=1131.5/A**2 MEV

 IREC=0  =>  RECOIL TERMS j+j-, j+j+, jzjz, ETC TREATED AS ONE-BODY OPERATORS WITH UU+VV PAIRING FACTORS



 S. P. LEVEL   EQP       U     V        (UU + VV)**1.00

     25       4.287    0.109 0.994      1.000 1.000 1.000 0.998 0.995 0.994 0.992 0.761 0.657 0.452 0.430 0.381 0.318 0.267 0.229
     26       3.975    0.118 0.993      1.000 1.000 1.000 0.999 0.996 0.995 0.993 0.766 0.663 0.460 0.438 0.389 0.327 0.275 0.238
     27       3.771    0.124 0.992      1.000 1.000 1.000 0.999 0.996 0.995 0.993 0.771 0.668 0.465 0.444 0.395 0.333 0.281 0.244
     28       2.798    0.168 0.986      0.998 0.999 0.999 1.000 0.999 0.999 0.998 0.798 0.701 0.505 0.483 0.435 0.375 0.324 0.287
     29       2.263    0.210 0.978      0.995 0.996 0.996 0.999 1.000 1.000 1.000 0.823 0.730 0.541 0.520 0.473 0.413 0.364 0.327
     30       2.175    0.219 0.976      0.994 0.995 0.995 0.999 1.000 1.000 1.000 0.828 0.737 0.548 0.528 0.481 0.422 0.372 0.336
     31       2.014    0.237 0.971      0.992 0.993 0.993 0.998 1.000 1.000 1.000 0.839 0.749 0.564 0.544 0.498 0.439 0.390 0.354
     32       0.929    0.728 0.686      0.761 0.766 0.771 0.798 0.823 0.828 0.839 1.000 0.989 0.923 0.913 0.890 0.857 0.828 0.806
     33       0.990    0.821 0.571      0.657 0.663 0.668 0.701 0.730 0.737 0.749 0.989 1.000 0.969 0.963 0.947 0.924 0.902 0.884
     34       1.408    0.936 0.352      0.452 0.460 0.465 0.505 0.541 0.548 0.564 0.923 0.969 1.000 1.000 0.997 0.990 0.980 0.972
     35       1.493    0.944 0.329      0.430 0.438 0.444 0.483 0.520 0.528 0.544 0.913 0.963 1.000 1.000 0.999 0.993 0.985 0.977
     36       1.738    0.961 0.278      0.381 0.389 0.395 0.435 0.473 0.481 0.498 0.890 0.947 0.997 0.999 1.000 0.998 0.993 0.987
     37       2.226    0.977 0.213      0.318 0.327 0.333 0.375 0.413 0.422 0.439 0.857 0.924 0.990 0.993 0.998 1.000 0.999 0.996
     38       2.935    0.987 0.160      0.267 0.275 0.281 0.324 0.364 0.372 0.390 0.828 0.902 0.980 0.985 0.993 0.999 1.000 0.999
     39       3.835    0.993 0.122      0.229 0.238 0.244 0.287 0.327 0.336 0.354 0.806 0.884 0.972 0.977 0.987 0.996 0.999 1.000

  R CORE   ENERGY   A0R/A00=1.000    R3= 0     2  
   2( 1)    0.732                    1.000 0.000
   2( 2)  487.921                    0.000 1.000

  R CORE   ENERGY   A0R/A00=1.000    R3= 0     2  
   3( 1)  488.652                    0.000 1.000

  R CORE   ENERGY   A0R/A00=1.000    R3= 0     2     4  
   4( 1)    2.438                    1.000 0.000 0.000

  R CORE   ENERGY   A0R/A00=1.000    R3= 0     2     4  
   5( 1)  490.847                    0.000 1.000 0.000

  R CORE   ENERGY   A0R/A00=1.000    R3= 0     2     4     6  
   6( 1)    5.121                    1.000 0.000 0.000 0.000

  R CORE   ENERGY   A0R/A00=1.000    R3= 0     2     4     6  
   7( 1)  494.017                    0.000 1.000 0.000 0.000

          AXIAL SYMMETRY => K RESTRICTED TO OMEGA

                     K
     S.P. ORB#: 25  2.50
     S.P. ORB#: 26  0.50
     S.P. ORB#: 27 -3.50
     S.P. ORB#: 28 -3.50
     S.P. ORB#: 29  4.50
     S.P. ORB#: 30  0.50
     S.P. ORB#: 31 -1.50
     S.P. ORB#: 32 -1.50
     S.P. ORB#: 33  2.50
     S.P. ORB#: 34  0.50
     S.P. ORB#: 35  0.50
     S.P. ORB#: 36 -1.50
     S.P. ORB#: 37  2.50
     S.P. ORB#: 38 -3.50
     S.P. ORB#: 39  4.50
 

             ENERGY    K= OMEGA
 
 I=  1/2- (1)  1.657  26:-0.061
                      34:-0.998
 
 I=  1/2- (2)  3.209  30: 0.999
 
 I=  1/2- (3)  5.146  26: 0.998
                      34:-0.061
 
 I=  1/2- (4)  9.466  35: 1.000
 
 I=  1/2- (5)147.233  32: 1.000

             ENERGY    K= OMEGA
 
 I=  3/2- (1)  1.410  30: 0.188
                      31: 0.107
                      32: 0.972
                      34:-0.078
 
 I=  3/2- (2)  2.308  30:-0.157
                      31:-0.134
                      32: 0.123
                      34: 0.971
 
 I=  3/2- (3)  3.057  26: 0.097
                      30:-0.290
                      31: 0.947
                      34: 0.090
 
 I=  3/2- (4)  3.419  26:-0.368
                      30:-0.866
                      31:-0.201
                      32: 0.192
                      34:-0.193
 
 I=  3/2- (5)  6.135  35:-0.861
                      36:-0.509

             ENERGY    K= OMEGA
 
 I=  5/2- (1)  1.465  26: 0.051
                      30:-0.135
                      31:-0.182
                      32: 0.417
                      33: 0.876
                      34:-0.062
 
 I=  5/2- (2)  2.031  30:-0.220
                      31: 0.167
                      32: 0.867
                      33:-0.409
 
 I=  5/2- (3)  2.333  30: 0.151
                      31: 0.194
                      33: 0.129
                      34: 0.960
 
 I=  5/2- (4)  3.303  26: 0.381
                      30:-0.453
                      31:-0.738
                      32:-0.077
                      33:-0.190
                      34: 0.253
 
 I=  5/2- (5)  4.545  26:-0.065
                      30: 0.801
                      31:-0.528
                      32: 0.254
                      33:-0.104

             ENERGY    K= OMEGA
 
 I=  7/2- (1)  2.097  30: 0.182
                      31:-0.214
                      32: 0.507
                      33:-0.814
 
 I=  7/2- (2)  2.688  25:-0.069
                      26:-0.172
                      28: 0.073
                      30:-0.346
                      31:-0.294
                      32:-0.717
                      33:-0.449
                      34: 0.195
 
 I=  7/2- (3)  3.531  25:-0.242
                      27:-0.101
                      28: 0.957
                      30: 0.058
                      31: 0.059
                      34:-0.084
 
 I=  7/2- (4)  3.891  35: 0.725
                      36: 0.574
                      37: 0.351
                      38: 0.148
 
 I=  7/2- (5)  3.903  26: 0.095
                      28:-0.092
                      30: 0.158
                      31: 0.237
                      32:-0.311
                      33:-0.210
                      34:-0.872

             ENERGY    K= OMEGA
 
 I=  9/2- (1)  2.760  26: 0.174
                      27:-0.098
                      29: 0.189
                      30:-0.298
                      31:-0.353
                      32: 0.469
                      33: 0.677
                      34:-0.170
 
 I=  9/2- (2)  3.017  25: 0.075
                      27: 0.243
                      28: 0.193
                      29:-0.922
                      30:-0.078
                      31:-0.091
                      32: 0.098
                      33: 0.133
                      34:-0.055
 
 I=  9/2- (3)  3.868  25: 0.131
                      28: 0.187
                      30: 0.197
                      31:-0.313
                      32:-0.757
                      33: 0.356
                      34:-0.326
 
 I=  9/2- (4)  3.943  26: 0.106
                      28:-0.094
                      30:-0.288
                      31:-0.143
                      32: 0.073
                      33:-0.485
                      34:-0.795
 
 I=  9/2- (5)  4.457  25:-0.304
                      27: 0.118
                      28:-0.893
                      29:-0.183
                      30: 0.097
                      31:-0.066
                      32:-0.178
                      33: 0.132

             ENERGY    K= OMEGA
 
 I= 11/2- (1)  2.668  35:-0.661
                      36:-0.565
                      37:-0.412
                      38:-0.249
                      39:-0.112
 
 I= 11/2- (2)  3.872  25:-0.133
                      27: 0.296
                      28: 0.208
                      29: 0.681
                      30:-0.164
                      31: 0.171
                      32:-0.351
                      33: 0.457
 
 I= 11/2- (3)  4.087  27:-0.172
                      28:-0.171
                      29:-0.576
                      30:-0.224
                      31: 0.227
                      32:-0.442
                      33: 0.557
 
 I= 11/2- (4)  4.672  25:-0.105
                      26:-0.285
                      28: 0.133
                      30:-0.416
                      31:-0.405
                      32:-0.546
                      33:-0.441
                      34: 0.240
 
 I= 11/2- (5)  5.563  25:-0.367
                      26: 0.091
                      27:-0.155
                      28: 0.854
                      29:-0.255
                      30: 0.116
                      31: 0.107
                      34:-0.109

             ENERGY    K= OMEGA
 
 I= 13/2- (1)  4.323  35:-0.185
                      36: 0.483
                      37:-0.602
                      38: 0.526
                      39:-0.306
 
 I= 13/2- (2)  4.765  25:-0.085
                      26: 0.278
                      27:-0.150
                      28:-0.090
                      29: 0.236
                      30:-0.383
                      31:-0.430
                      32: 0.418
                      33: 0.528
                      34:-0.211
 
 I= 13/2- (3)  5.158  25: 0.163
                      26: 0.113
                      27: 0.358
                      28: 0.303
                      29:-0.810
                      30:-0.144
                      31:-0.166
                      32: 0.099
                      33: 0.124
                      34:-0.100
 
 I= 13/2- (4)  6.508  25:-0.179
                      26:-0.127
                      27: 0.062
                      28:-0.229
                      29:-0.159
                      31: 0.320
                      32: 0.627
                      33: 0.074
                      34: 0.607
 
 I= 13/2- (5)  6.594  25: 0.206
                      26:-0.092
                      27:-0.119
                      28: 0.380
                      29: 0.085
                      30: 0.320
                      31:-0.067
                      32:-0.254
                      33: 0.636
                      34: 0.456

             ENERGY     K= 9/2
  35 LEVELS    TIME=  0.0 SEC



 ******************* EXCITATION ENERGIES, DOMINANT CONFIGURATION AND EXPECTATION VALUES (WITH S.P. UU+VV FACTORS) *******************

  NR  Eex(keV)  I   Kdom  NY    <Jz>  <Jx**2> <Jy**2> <Jz**2> <I.j>/|I|  <Rx**2> <Ry**2> <Rz**2> <R.j>/|R|  <HROTx> <HROTy> <HROTz>

   1    0.0   3/2-  -3/2  32   -1.41    1.55    1.55    2.16    1.45       1.70    1.70   -0.00   -1.33      0.207   0.207  -0.000
   2   55.1   5/2-   5/2  33    1.62    1.86    1.86    5.27    2.41       1.73    1.73   -0.00   -0.99      0.211   0.211  -0.000
   3  247.2   1/2-   1/2  34    0.50    1.21    1.21    0.25    0.83       0.99    0.99    0.00   -1.38      0.120   0.120   0.000
   4  620.7   5/2-  -3/2  32   -0.72    1.56    1.56    2.83    1.11       4.07    4.07   -0.00   -0.93      0.497   0.497  -0.000
   5  686.7   7/2-   5/2  33    1.21    1.96    1.96    4.85    2.03       4.22    4.22    0.00   -0.25      0.515   0.515   0.000
  
   6  897.4   3/2-   1/2  34    0.43    1.34    1.34    0.32   -0.12       3.60    3.60    0.00   -1.20      0.439   0.439   0.000
   7  923.0   5/2-   1/2  34    0.46    1.58    1.58    0.43    0.85       3.66    3.66    0.00   -0.40      0.446   0.446   0.000
   8 1257.4  11/2-   1/2  35    0.00   27.92   27.92    2.90    7.32       3.50    3.50    0.00   -5.67      0.427   0.427   0.000
   9 1277.7   7/2-  -3/2  32   -0.31    1.75    1.75    2.76    1.36       5.61    5.61   -0.00   -0.26      0.684   0.684  -0.000
  10 1350.0   9/2-   5/2  33    0.83    2.73    2.73    4.55    2.37       5.61    5.61   -0.00    0.53      0.683   0.683  -0.000
  
  11 1606.4   9/2-   9/2  29    3.53    2.67    2.67   18.60    4.34       2.75    2.75   -0.00   -1.00      0.335   0.335  -0.000
  12 1647.2   3/2-  -3/2  31   -1.30    3.99    3.99    2.05    1.40       4.18    4.18    0.00   -2.53      0.509   0.509   0.000
  13 1798.9   1/2-   1/2  30    0.50    4.07    4.07    0.25    0.39       4.23    4.23   -0.00   -2.77      0.516   0.516  -0.000
  14 1892.6   5/2-  -3/2  31   -0.53    3.82    3.82    1.57    1.58       4.32    4.32    0.00   -1.55      0.527   0.527   0.000
  15 2009.0   3/2-   1/2  30    0.35    3.35    3.35    0.40    0.51       4.44    4.44    0.00   -2.05      0.541   0.541   0.000
  
  16 2121.0   7/2-  -7/2  28   -3.09    2.36    2.36   11.71    3.38       2.67    2.67    0.00   -1.30      0.326   0.326   0.000
  17 2457.7   9/2-  -3/2  32   -0.69    1.56    1.56    2.94    0.96      10.62   10.62   -0.00   -0.28      1.294   1.294  -0.000
  18 2462.1  11/2-   9/2  29    1.98    2.81    2.81   12.75    3.25       7.62    7.62    0.00    0.27      0.929   0.929   0.000
  19 2480.9   7/2-   1/2  35    0.00   28.25   28.25    1.91    7.07       9.00    9.00    0.00   -7.15      1.098   1.098   0.000
  20 2492.5   7/2-   1/2  34    0.25    1.72    1.72    0.92   -0.02      10.14   10.14   -0.00   -0.99      1.236   1.236  -0.000
  
  21 2532.5   9/2-   1/2  34    0.88    2.06    2.06    1.86    1.02      10.30   10.30    0.00   -0.20      1.255   1.255   0.000
  22 2676.8  11/2-   9/2  29    1.72    2.43    2.43    9.96    2.56       9.97    9.97   -0.00    0.11      1.216   1.216  -0.000
  23 2913.0  13/2-   5/2  37    0.03   26.16   26.16    8.08    6.71       7.75    7.75    0.00   -3.45      0.945   0.945   0.000
  24 3047.1   9/2-  -7/2  28   -2.46    2.46    2.46   11.38    2.79       6.67    6.67    0.00   -0.67      0.813   0.813   0.000
  25 3134.7   5/2-   1/2  30   -0.16    4.11    4.11    1.01   -0.42      10.25   10.25    0.00   -2.32      1.249   1.249   0.000
  
  26 3261.3  11/2-  -3/2  32   -0.09    2.15    2.15    2.66    1.52      12.24   12.24    0.00    0.44      1.492   1.492   0.000
  27 3354.5  13/2-   5/2  33    0.45    3.49    3.49    4.17    2.53      12.31   12.31   -0.00    1.31      1.501   1.501  -0.000
  28 3735.8   1/2-   1/2  26    0.50    4.94    4.94    0.25    0.68       4.85    4.85    0.00   -3.06      0.591   0.591   0.000
  29 3747.3  13/2-   9/2  29    2.26    3.30    3.30   16.35    3.59      10.77   10.77   -0.00    0.46      1.313   1.313  -0.000
  30 4152.9  11/2-  -7/2  28   -2.01    2.63    2.63   11.44    2.60      10.67   10.67    0.00   -0.25      1.301   1.301   0.000
  
  31 4724.9   3/2-   1/2  35   -0.02   28.57   28.57    0.77    6.22      18.78   18.78    0.00   -7.48      2.289   2.289   0.000
  32 5097.3  13/2-  -3/2  32   -0.54    1.77    1.77    2.65    1.00      20.46   20.46    0.00    0.13      2.495   2.495   0.000
  33 5184.0  13/2-   5/2  33    0.65    2.20    2.20    5.12    1.28      20.18   20.18   -0.00   -0.09      2.460   2.460  -0.000
  34 8055.4   1/2-   1/2  35    0.50   28.68   28.68    0.25   -4.07      32.70   32.70    0.00   -7.56      3.987   3.987   0.000
  35*******   1/2-  -3/2  32    0.00    0.00    0.00    0.00   -0.00       0.00    0.00    0.00   -0.00      0.000   0.000   0.000
  
