1SPECTRUM OF (Z= 82 A=207) IN PARTICLE-ROTOR  MODEL WITH MODIFIED OSCILLATOR POTENTIAL


 PARITY=-   EPS= 0.193   GAMMA=  0.0   EPS4=0.000   EPS6=0.000   LEVELS:  24  25  26  27  28  29  30  31  32  33  34  35  36  37  38

 PAIRING FACTORS: GN0= 19.20  GN1=  7.40  IPAIR= 15 ***  E2PLUS(INPUT)=   0.730  E2PLUR(INPUT)=   0.000

 CORIOLIS ATTENUATION PARAMETERS:  CHSI=1.000  ETA=  1.00

 MOMENT OF INERTIA PARAMETERS:   A1=  0.122 MEV   A2=  0.122 MEV   A3=121.91923 MEV


 DELTA=0.932 MEV  LAMBDA=53.4772 MEV   HW0= 7.4432 MEV   LAMBDA/HW0= 7.1848

 E2ENERGY=0.730 MEV  HBAR**2/B= 6907./A**(7/3)=1167.6/A**2 MEV

 IREC=0  =>  RECOIL TERMS j+j-, j+j+, jzjz, ETC TREATED AS ONE-BODY OPERATORS WITH UU+VV PAIRING FACTORS



 S. P. LEVEL   EQP       U     V        (UU + VV)**1.00

     24       5.179    0.090 0.996      1.000 1.000 1.000 0.999 0.997 0.992 0.991 0.989 0.736 0.630 0.429 0.425 0.372 0.305 0.250
     25       4.275    0.110 0.994      1.000 1.000 1.000 1.000 0.998 0.994 0.994 0.991 0.749 0.645 0.446 0.443 0.390 0.323 0.269
     26       3.995    0.118 0.993      1.000 1.000 1.000 1.000 0.999 0.995 0.995 0.992 0.754 0.651 0.453 0.450 0.397 0.331 0.277
     27       3.757    0.125 0.992      0.999 1.000 1.000 1.000 0.999 0.996 0.995 0.993 0.759 0.657 0.460 0.456 0.404 0.338 0.284
     28       2.764    0.171 0.985      0.997 0.998 0.999 0.999 1.000 0.999 0.999 0.998 0.788 0.691 0.501 0.497 0.446 0.381 0.329
     29       2.229    0.214 0.977      0.992 0.994 0.995 0.996 0.999 1.000 1.000 1.000 0.814 0.722 0.538 0.535 0.485 0.422 0.369
     30       2.169    0.220 0.975      0.991 0.994 0.995 0.995 0.999 1.000 1.000 1.000 0.818 0.727 0.544 0.540 0.490 0.427 0.375
     31       2.007    0.239 0.971      0.989 0.991 0.992 0.993 0.998 1.000 1.000 1.000 0.829 0.740 0.560 0.556 0.507 0.445 0.393
     32       0.937    0.741 0.671      0.736 0.749 0.754 0.759 0.788 0.814 0.818 0.829 1.000 0.990 0.927 0.926 0.902 0.870 0.840
     33       1.007    0.830 0.557      0.630 0.645 0.651 0.657 0.691 0.722 0.727 0.740 0.990 1.000 0.972 0.971 0.955 0.932 0.910
     34       1.438    0.938 0.345      0.429 0.446 0.453 0.460 0.501 0.538 0.544 0.560 0.927 0.972 1.000 1.000 0.998 0.991 0.982
     35       1.452    0.940 0.342      0.425 0.443 0.450 0.456 0.497 0.535 0.540 0.556 0.926 0.971 1.000 1.000 0.998 0.992 0.983
     36       1.700    0.958 0.286      0.372 0.390 0.397 0.404 0.446 0.485 0.490 0.507 0.902 0.955 0.998 0.998 1.000 0.997 0.992
     37       2.195    0.976 0.218      0.305 0.323 0.331 0.338 0.381 0.422 0.427 0.445 0.870 0.932 0.991 0.992 0.997 1.000 0.998
     38       2.917    0.987 0.162      0.250 0.269 0.277 0.284 0.329 0.369 0.375 0.393 0.840 0.910 0.982 0.983 0.992 0.998 1.000

  R CORE   ENERGY   A0R/A00=1.000    R3= 0     2  
   2( 1)    0.732                    1.000 0.000
   2( 2)  487.921                    0.000 1.000

  R CORE   ENERGY   A0R/A00=1.000    R3= 0     2  
   3( 1)  488.652                    0.000 1.000

  R CORE   ENERGY   A0R/A00=1.000    R3= 0     2     4  
   4( 1)    2.438                    1.000 0.000 0.000

  R CORE   ENERGY   A0R/A00=1.000    R3= 0     2     4  
   5( 1)  490.847                    0.000 1.000 0.000

  R CORE   ENERGY   A0R/A00=1.000    R3= 0     2     4     6  
   6( 1)    5.121                    1.000 0.000 0.000 0.000

  R CORE   ENERGY   A0R/A00=1.000    R3= 0     2     4     6  
   7( 1)  494.017                    0.000 1.000 0.000 0.000

          AXIAL SYMMETRY => K RESTRICTED TO OMEGA

                     K
     S.P. ORB#: 24  2.50
     S.P. ORB#: 25  2.50
     S.P. ORB#: 26  0.50
     S.P. ORB#: 27 -3.50
     S.P. ORB#: 28 -3.50
     S.P. ORB#: 29  4.50
     S.P. ORB#: 30  0.50
     S.P. ORB#: 31 -1.50
     S.P. ORB#: 32 -1.50
     S.P. ORB#: 33  2.50
     S.P. ORB#: 34  0.50
     S.P. ORB#: 35  0.50
     S.P. ORB#: 36 -1.50
     S.P. ORB#: 37  2.50
     S.P. ORB#: 38 -3.50
 

             ENERGY    K= OMEGA
 
 I=  1/2- (1)  1.690  26:-0.060
                      34:-0.998
 
 I=  1/2- (2)  3.208  30: 0.999
 
 I=  1/2- (3)  5.177  26: 0.998
                      34:-0.060
 
 I=  1/2- (4)  9.401  35:-1.000
 
 I=  1/2- (5)147.240  32: 1.000

             ENERGY    K= OMEGA
 
 I=  3/2- (1)  1.420  30: 0.187
                      31: 0.105
                      32: 0.973
                      34:-0.077
 
 I=  3/2- (2)  2.338  30: 0.160
                      31: 0.139
                      32:-0.123
                      34:-0.969

             ENERGY    K= OMEGA
 
 I=  5/2- (1)  1.480  26:-0.050
                      30: 0.135
                      31: 0.176
                      32:-0.422
                      33:-0.875
                      34: 0.059
 
 I=  5/2- (2)  2.044  30: 0.217
                      31:-0.168
                      32:-0.865
                      33: 0.414
                      34:-0.051
 
 I=  5/2- (3)  2.362  30: 0.158
                      31: 0.207
                      33: 0.128
                      34: 0.956
 
 I=  5/2- (4)  3.285  24: 0.073
                      26:-0.374
                      30: 0.441
                      31: 0.741
                      32: 0.070
                      33: 0.184
                      34:-0.268
 
 I=  5/2- (5)  4.530  24: 0.064
                      26: 0.074
                      30:-0.806
                      31: 0.515
                      32:-0.255
                      33: 0.098

             ENERGY    K= OMEGA
 
 I=  7/2- (1)  2.116  30: 0.184
                      31:-0.210
                      32: 0.512
                      33:-0.811
 
 I=  7/2- (2)  2.700  25:-0.073
                      26:-0.172
                      28: 0.086
                      30:-0.341
                      31:-0.303
                      32:-0.711
                      33:-0.452
                      34: 0.194
 
 I=  7/2- (3)  3.482  24: 0.063
                      25:-0.241
                      27:-0.130
                      28: 0.952
                      30: 0.066
                      32: 0.052
                      34:-0.064
 
 I=  7/2- (4)  3.846  35: 0.726
                      36: 0.574
                      37: 0.350
                      38: 0.147
 
 I=  7/2- (5)  3.919  26:-0.107
                      30:-0.150
                      31:-0.282
                      32: 0.315
                      33: 0.226
                      34: 0.855

             ENERGY    K= OMEGA
 
 I=  9/2- (1)  2.769  26:-0.171
                      27: 0.145
                      29:-0.297
                      30: 0.287
                      31: 0.351
                      32:-0.446
                      33:-0.650
                      34: 0.164
 
 I=  9/2- (2)  2.968  24:-0.060
                      25:-0.060
                      26:-0.063
                      27:-0.254
                      28:-0.170
                      29: 0.887
                      30: 0.113
                      31: 0.116
                      32:-0.170
                      33:-0.221
                      34: 0.067
 
 I=  9/2- (3)  3.856  24: 0.078
                      25:-0.152
                      26:-0.061
                      27: 0.077
                      28:-0.247
                      30:-0.162
                      31: 0.339
                      32: 0.741
                      33:-0.292
                      34: 0.353
 
 I=  9/2- (4)  3.966  26: 0.113
                      28:-0.100
                      30:-0.308
                      31:-0.136
                      32: 0.119
                      33:-0.518
                      34:-0.760
 
 I=  9/2- (5)  4.389  24:-0.097
                      25: 0.289
                      27:-0.160
                      28: 0.867
                      29: 0.135
                      30:-0.129
                      32: 0.220
                      33:-0.193
                      34: 0.080

             ENERGY    K= OMEGA
 
 I= 11/2- (1)  2.713  35: 0.687
                      36: 0.576
                      37: 0.397
                      38: 0.198
 
 I= 11/2- (2)  3.783  24: 0.121
                      25: 0.119
                      27:-0.377
                      28:-0.197
                      29:-0.771
                      30: 0.098
                      31:-0.161
                      32: 0.220
                      33:-0.335
 
 I= 11/2- (3)  4.083  27:-0.122
                      28:-0.107
                      29:-0.414
                      30:-0.262
                      31: 0.240
                      32:-0.522
                      33: 0.634
 
 I= 11/2- (4)  4.649  24: 0.089
                      25:-0.135
                      26:-0.280
                      27:-0.070
                      28: 0.206
                      30:-0.398
                      31:-0.418
                      32:-0.536
                      33:-0.415
                      34: 0.232
 
 I= 11/2- (5)  5.467  24:-0.123
                      25: 0.353
                      26:-0.102
                      27: 0.203
                      28:-0.846
                      29: 0.172
                      30:-0.161
                      31:-0.091
                      32:-0.080
                      33:-0.096
                      34: 0.114

             ENERGY    K= OMEGA
 
 I= 13/2- (1)  4.687  24: 0.139
                      25: 0.101
                      26:-0.244
                      27: 0.300
                      28: 0.121
                      29:-0.431
                      30: 0.322
                      31: 0.399
                      32:-0.339
                      33:-0.458
                      34: 0.179
 
 I= 13/2- (2)  4.950  35:-0.233
                      36: 0.582
                      37:-0.652
                      38: 0.427
 
 I= 13/2- (3)  5.060  24: 0.099
                      25: 0.110
                      26: 0.180
                      27: 0.347
                      28: 0.225
                      29:-0.702
                      30:-0.250
                      31:-0.252
                      32: 0.241
                      33: 0.275
                      34:-0.148
 
 I= 13/2- (4)  6.387  24: 0.168
                      25:-0.293
                      26:-0.099
                      27: 0.161
                      28:-0.480
                      29:-0.072
                      30:-0.110
                      31: 0.316
                      32: 0.626
                      33:-0.053
                      34: 0.328
 
 I= 13/2- (5)  6.595  25: 0.139
                      26:-0.136
                      27:-0.105
                      28: 0.310
                      30: 0.272
                      31: 0.074
                      33: 0.585
                      34: 0.656

             ENERGY     K=-7/2
  32 LEVELS    TIME=  0.0 SEC



 ******************* EXCITATION ENERGIES, DOMINANT CONFIGURATION AND EXPECTATION VALUES (WITH S.P. UU+VV FACTORS) *******************

  NR  Eex(keV)  I   Kdom  NY    <Jz>  <Jx**2> <Jy**2> <Jz**2> <I.j>/|I|  <Rx**2> <Ry**2> <Rz**2> <R.j>/|R|  <HROTx> <HROTy> <HROTz>

   1    0.0   3/2-  -3/2  32   -1.41    1.56    1.56    2.16    1.44       1.72    1.72    0.00   -1.34      0.209   0.209   0.000
   2   59.9   5/2-   5/2  33    1.62    1.81    1.81    5.27    2.40       1.73    1.73    0.00   -0.97      0.211   0.211   0.000
   3  270.0   1/2-   1/2  34    0.50    1.22    1.22    0.25    0.83       1.00    1.00   -0.00   -1.39      0.121   0.121  -0.000
   4  623.6   5/2-  -3/2  32   -0.71    1.56    1.56    2.84    1.10       4.10    4.10    0.00   -0.94      0.499   0.499   0.000
   5  695.7   7/2-   5/2  33    1.20    1.94    1.94    4.83    2.01       4.25    4.25    0.00   -0.25      0.518   0.518   0.000
  
   6  917.7   3/2-   1/2  34    0.43    1.35    1.35    0.32   -0.11       3.60    3.60   -0.00   -1.21      0.439   0.439  -0.000
   7  942.0   5/2-   1/2  34    0.45    1.62    1.62    0.44    0.87       3.63    3.63    0.00   -0.41      0.443   0.443   0.000
   8 1279.3   7/2-  -3/2  32   -0.31    1.79    1.79    2.81    1.39       5.57    5.57    0.00   -0.27      0.679   0.679   0.000
   9 1292.3  11/2-   1/2  35   -0.01   28.04   28.04    2.33    7.19       4.12    4.12    0.00   -5.38      0.502   0.502   0.000
  10 1348.8   9/2-   5/2  33    0.97    2.86    2.86    5.50    2.57       5.21    5.21    0.00    0.48      0.636   0.636   0.000
  
  11 1547.5   9/2-   9/2  29    3.30    2.69    2.69   17.54    4.21       2.89    2.89    0.00   -0.82      0.352   0.352   0.000
  12 1788.0   1/2-   1/2  30    0.50    4.09    4.09    0.25    0.38       4.25    4.25   -0.00   -2.77      0.519   0.519  -0.000
  13 1865.0   5/2-  -3/2  31   -0.53    3.81    3.81    1.60    1.61       4.23    4.23    0.00   -1.53      0.516   0.516   0.000
  14 2062.1   7/2-  -7/2  28   -3.07    2.27    2.27   11.72    3.39       2.55    2.55   -0.00   -1.24      0.311   0.311  -0.000
  15 2362.6  11/2-   9/2  29    2.29    3.27    3.27   15.29    3.82       5.94    5.94   -0.00    0.30      0.725   0.725  -0.000
  
  16 2425.6   7/2-   1/2  35    0.00   28.17   28.17    1.90    7.06       8.98    8.98   -0.00   -7.13      1.095   1.095  -0.000
  17 2435.9   9/2-  -3/2  32   -0.87    1.66    1.66    3.07    1.11      10.06   10.06    0.00   -0.20      1.227   1.227   0.000
  18 2498.9   7/2-   1/2  34    0.24    1.83    1.83    0.96    0.04      10.04   10.04    0.00   -1.00      1.224   1.224   0.000
  19 2545.6   9/2-   1/2  34    0.93    2.12    2.12    2.07    1.05      10.31   10.31    0.00   -0.24      1.257   1.257   0.000
  20 2662.3  11/2-   5/2  33    1.23    2.26    2.26    7.07    2.12      10.99   10.99    0.00    0.23      1.340   1.340   0.000
  
  21 2968.7   9/2-  -7/2  28   -2.38    2.28    2.28   10.82    2.69       6.69    6.69   -0.00   -0.55      0.816   0.816  -0.000
  22 3109.4   5/2-   1/2  30   -0.13    4.15    4.15    0.99   -0.38      10.14   10.14    0.00   -2.31      1.236   1.236   0.000
  23 3228.3  11/2-  -3/2  32   -0.21    2.28    2.28    2.97    1.66      11.74   11.74    0.00    0.49      1.431   1.431   0.000
  24 3266.9  13/2-   5/2  33    0.76    3.86    3.86    7.21    3.03      10.67   10.67    0.00    1.35      1.301   1.301   0.000
  25 3529.4  13/2-   5/2  37   -0.06   27.04   27.04    5.66    6.11      11.61   11.61   -0.00   -3.55      1.415   1.415  -0.000
  
  26 3639.7  13/2-   9/2  29    1.74    3.43    3.43   13.00    3.32      11.12   11.12    0.00    0.71      1.356   1.356   0.000
  27 3756.5   1/2-   1/2  26    0.50    4.99    4.99    0.25    0.69       4.89    4.89    0.00   -3.08      0.597   0.597   0.000
  28 4047.0  11/2-  -7/2  28   -2.14    2.47    2.47   10.85    2.59      10.29   10.29    0.00   -0.07      1.254   1.254   0.000
  29 4966.3  13/2-  -3/2  32   -1.26    2.07    2.07    5.12    1.61      17.78   17.78    0.00    0.33      2.168   2.168   0.000
  30 5175.0  13/2-   1/2  34    0.78    2.17    2.17    3.73    1.14      20.46   20.46    0.00   -0.02      2.494   2.494   0.000
  
  31 7980.2   1/2-   1/2  35    0.50   28.58   28.58    0.25   -4.06      32.60   32.60    0.00   -7.55      3.974   3.974   0.000
  32*******   1/2-  -3/2  32    0.00    0.00    0.00    0.00   -0.00       0.00    0.00    0.00   -0.00      0.000   0.000   0.000
