1SPECTRUM OF (Z= 82 A=207) IN PARTICLE-ROTOR  MODEL WITH MODIFIED OSCILLATOR POTENTIAL


 PARITY=-   EPS= 0.214   GAMMA=  0.0   EPS4=0.000   EPS6=0.000   LEVELS:  24  25  26  27  28  29  30  31  32  33  34  35  36  37  38

 PAIRING FACTORS: GN0= 19.20  GN1=  7.40  IPAIR= 15 ***  E2PLUS(INPUT)=   0.730  E2PLUR(INPUT)=   0.000

 CORIOLIS ATTENUATION PARAMETERS:  CHSI=1.000  ETA=  1.00

 MOMENT OF INERTIA PARAMETERS:   A1=  0.122 MEV   A2=  0.122 MEV   A3=121.91925 MEV


 DELTA=0.946 MEV  LAMBDA=53.4852 MEV   HW0= 7.4508 MEV   LAMBDA/HW0= 7.1784

 E2ENERGY=0.730 MEV  HBAR**2/B= 8491./A**(7/3)=1435.5/A**2 MEV

 IREC=0  =>  RECOIL TERMS j+j-, j+j+, jzjz, ETC TREATED AS ONE-BODY OPERATORS WITH UU+VV PAIRING FACTORS



 S. P. LEVEL   EQP       U     V        (UU + VV)**1.00

     24       5.207    0.091 0.996      1.000 1.000 1.000 0.999 0.995 0.990 0.987 0.986 0.635 0.539 0.520 0.432 0.383 0.332 0.260
     25       4.166    0.114 0.993      1.000 1.000 1.000 1.000 0.997 0.993 0.991 0.990 0.652 0.559 0.539 0.453 0.404 0.354 0.283
     26       4.097    0.116 0.993      1.000 1.000 1.000 1.000 0.997 0.993 0.991 0.990 0.654 0.560 0.541 0.455 0.406 0.356 0.285
     27       3.634    0.131 0.991      0.999 1.000 1.000 1.000 0.998 0.995 0.993 0.992 0.665 0.573 0.554 0.468 0.420 0.370 0.299
     28       2.496    0.193 0.981      0.995 0.997 0.997 0.998 1.000 0.999 0.998 0.998 0.711 0.623 0.605 0.522 0.476 0.428 0.358
     29       2.094    0.232 0.973      0.990 0.993 0.993 0.995 0.999 1.000 1.000 1.000 0.738 0.654 0.636 0.556 0.510 0.463 0.395
     30       1.970    0.248 0.969      0.987 0.991 0.991 0.993 0.998 1.000 1.000 1.000 0.749 0.666 0.648 0.569 0.524 0.477 0.410
     31       1.931    0.253 0.967      0.986 0.990 0.990 0.992 0.998 1.000 1.000 1.000 0.753 0.670 0.653 0.574 0.529 0.482 0.415
     32       1.018    0.827 0.561      0.635 0.652 0.654 0.665 0.711 0.738 0.749 0.753 1.000 0.993 0.990 0.971 0.957 0.940 0.911
     33       1.157    0.888 0.460      0.539 0.559 0.560 0.573 0.623 0.654 0.666 0.670 0.993 1.000 1.000 0.992 0.984 0.973 0.954
     34       1.198    0.898 0.440      0.520 0.539 0.541 0.554 0.605 0.636 0.648 0.653 0.990 1.000 1.000 0.995 0.988 0.978 0.960
     35       1.450    0.938 0.348      0.432 0.453 0.455 0.468 0.522 0.556 0.569 0.574 0.971 0.992 0.995 1.000 0.999 0.994 0.983
     36       1.669    0.955 0.297      0.383 0.404 0.406 0.420 0.476 0.510 0.524 0.529 0.957 0.984 0.988 0.999 1.000 0.999 0.992
     37       1.992    0.970 0.245      0.332 0.354 0.356 0.370 0.428 0.463 0.477 0.482 0.940 0.973 0.978 0.994 0.999 1.000 0.997
     38       2.803    0.985 0.171      0.260 0.283 0.285 0.299 0.358 0.395 0.410 0.415 0.911 0.954 0.960 0.983 0.992 0.997 1.000

  R CORE   ENERGY   A0R/A00=1.000    R3= 0     2  
   2( 1)    0.732                    1.000 0.000
   2( 2)  487.921                    0.000 1.000

  R CORE   ENERGY   A0R/A00=1.000    R3= 0     2  
   3( 1)  488.652                    0.000 1.000

  R CORE   ENERGY   A0R/A00=1.000    R3= 0     2     4  
   4( 1)    2.438                    1.000 0.000 0.000

  R CORE   ENERGY   A0R/A00=1.000    R3= 0     2     4  
   5( 1)  490.847                    0.000 1.000 0.000

  R CORE   ENERGY   A0R/A00=1.000    R3= 0     2     4     6  
   6( 1)    5.121                    1.000 0.000 0.000 0.000

  R CORE   ENERGY   A0R/A00=1.000    R3= 0     2     4     6  
   7( 1)  494.017                    0.000 1.000 0.000 0.000

          AXIAL SYMMETRY => K RESTRICTED TO OMEGA

                     K
     S.P. ORB#: 24  2.50
     S.P. ORB#: 25  2.50
     S.P. ORB#: 26  0.50
     S.P. ORB#: 27 -3.50
     S.P. ORB#: 28 -3.50
     S.P. ORB#: 29  0.50
     S.P. ORB#: 30  4.50
     S.P. ORB#: 31 -1.50
     S.P. ORB#: 32 -1.50
     S.P. ORB#: 33  2.50
     S.P. ORB#: 34  0.50
     S.P. ORB#: 35 -1.50
     S.P. ORB#: 36  0.50
     S.P. ORB#: 37  2.50
     S.P. ORB#: 38 -3.50
 

             ENERGY    K= OMEGA
 
 I=  1/2- (1)  1.937  26:-0.057
                      36:-0.998
 
 I=  1/2- (2)  3.169  29: 0.999
 
 I=  1/2- (3)  5.354  26: 0.998
                      36:-0.057
 
 I=  1/2- (4)  8.965  34: 1.000
 
 I=  1/2- (5)147.321  32:-1.000

             ENERGY    K= OMEGA
 
 I=  3/2- (1)  1.518  29: 0.183
                      31: 0.099
                      32: 0.975
                      36:-0.069
 
 I=  3/2- (2)  2.562  29: 0.198
                      31: 0.206
                      32:-0.126
                      36:-0.949

             ENERGY    K= OMEGA
 
 I=  5/2- (1)  1.636  26:-0.053
                      29: 0.142
                      31: 0.178
                      32:-0.456
                      33:-0.857
 
 I=  5/2- (2)  2.163  29: 0.200
                      31:-0.177
                      32:-0.851
                      33: 0.446
                      36:-0.061
 
 I=  5/2- (3)  2.585  26: 0.057
                      29:-0.210
                      31:-0.281
                      33:-0.148
                      36:-0.923
 
 I=  5/2- (4)  3.292  24:-0.072
                      26: 0.352
                      29:-0.417
                      31:-0.723
                      32:-0.067
                      33:-0.182
                      36: 0.369
 
 I=  5/2- (5)  4.470  24: 0.064
                      26: 0.074
                      29:-0.814
                      31: 0.507
                      32:-0.247
                      33: 0.097

             ENERGY    K= OMEGA
 
 I=  7/2- (1)  2.277  29: 0.193
                      31:-0.207
                      32: 0.538
                      33:-0.792
 
 I=  7/2- (2)  2.828  25:-0.091
                      26: 0.172
                      27: 0.050
                      28:-0.172
                      29: 0.331
                      31: 0.316
                      32: 0.685
                      33: 0.467
                      36:-0.180
 
 I=  7/2- (3)  3.233  25: 0.225
                      27:-0.106
                      28: 0.947
                      29: 0.086
                      31: 0.057
                      32: 0.120
                      33: 0.096
                      36:-0.054
 
 I=  7/2- (4)  3.555  34:-0.733
                      35:-0.572
                      37:-0.341
                      38:-0.139
 
 I=  7/2- (5)  4.077  24:-0.078
                      26: 0.169
                      29: 0.153
                      31: 0.441
                      32:-0.329
                      33:-0.286
                      36:-0.745

             ENERGY    K= OMEGA
 
 I=  9/2- (1)  2.692  24: 0.074
                      25:-0.071
                      27: 0.284
                      28: 0.163
                      29: 0.059
                      30:-0.916
                      31: 0.088
                      32:-0.092
                      33:-0.145
 
 I=  9/2- (2)  2.971  26:-0.191
                      28:-0.053
                      29: 0.311
                      30: 0.212
                      31: 0.378
                      32:-0.469
                      33:-0.655
                      36: 0.161
 
 I=  9/2- (3)  3.919  24: 0.101
                      25: 0.249
                      26:-0.068
                      27: 0.126
                      28:-0.568
                      29:-0.112
                      30:-0.068
                      31: 0.296
                      32: 0.616
                      33:-0.226
                      36: 0.224
 
 I=  9/2- (4)  4.127  25: 0.097
                      26: 0.173
                      27: 0.059
                      28:-0.332
                      29:-0.271
                      31:-0.288
                      32:-0.142
                      33:-0.408
                      36:-0.708
 
 I=  9/2- (5)  4.232  24:-0.050
                      25:-0.183
                      27:-0.080
                      28: 0.643
                      29:-0.264
                      30: 0.112
                      31: 0.106
                      32: 0.478
                      33:-0.459
                      36:-0.102

             ENERGY    K= OMEGA
 
 I= 11/2- (1)  2.480  34:-0.692
                      35:-0.575
                      37:-0.391
                      38:-0.192
 
 I= 11/2- (2)  3.599  24: 0.122
                      25:-0.111
                      27:-0.386
                      28:-0.212
                      30:-0.864
                      31:-0.080
                      32: 0.078
                      33:-0.135
 
 I= 11/2- (3)  4.227  28: 0.054
                      29: 0.281
                      30: 0.184
                      31:-0.281
                      32: 0.568
                      33:-0.695
 
 I= 11/2- (4)  4.758  24:-0.113
                      25:-0.186
                      26: 0.269
                      27: 0.109
                      28:-0.342
                      29: 0.373
                      31: 0.416
                      32: 0.500
                      33: 0.381
                      36:-0.210
 
 I= 11/2- (5)  5.262  24:-0.083
                      25:-0.323
                      26:-0.144
                      27: 0.162
                      28:-0.813
                      29:-0.215
                      30: 0.179
                      31:-0.169
                      32:-0.168
                      33:-0.169
                      36: 0.129

             ENERGY    K= OMEGA
 
 I= 13/2- (1)  4.655  24: 0.171
                      25:-0.130
                      26:-0.134
                      27: 0.426
                      28: 0.205
                      29: 0.165
                      30:-0.729
                      31: 0.234
                      32:-0.172
                      33:-0.248
                      36: 0.084
 
 I= 13/2- (2)  4.755  34:-0.236
                      35: 0.586
                      37:-0.651
                      38: 0.421
 
 I= 13/2- (3)  5.057  25: 0.052
                      26:-0.292
                      27:-0.145
                      28:-0.146
                      29: 0.379
                      30: 0.405
                      31: 0.438
                      32:-0.357
                      33:-0.449
                      36: 0.203
 
 I= 13/2- (4)  6.337  24: 0.173
                      25: 0.371
                      26:-0.063
                      27: 0.201
                      28:-0.694
                      29:-0.094
                      30:-0.123
                      31: 0.216
                      32: 0.463
                      36: 0.140
 
 I= 13/2- (5)  6.698  25: 0.102
                      26: 0.206
                      27: 0.084
                      28:-0.310
                      29:-0.205
                      31:-0.246
                      32:-0.347
                      33:-0.497
                      36:-0.610

             ENERGY     K=-7/2
  32 LEVELS    TIME=  0.0 SEC



 ******************* EXCITATION ENERGIES, DOMINANT CONFIGURATION AND EXPECTATION VALUES (WITH S.P. UU+VV FACTORS) *******************

  NR  Eex(keV)  I   Kdom  NY    <Jz>  <Jx**2> <Jy**2> <Jz**2> <I.j>/|I|  <Rx**2> <Ry**2> <Rz**2> <R.j>/|R|  <HROTx> <HROTy> <HROTz>

   1    0.0   3/2-  -3/2  32   -1.42    1.61    1.61    2.17    1.41       1.83    1.83    0.00   -1.38      0.223   0.223   0.000
   2  117.9   5/2-   5/2  33    1.49    1.86    1.86    5.14    2.35       1.86    1.86    0.00   -0.99      0.226   0.226   0.000
   3  419.2   1/2-   1/2  36    0.50    1.28    1.28    0.25    0.82       1.07    1.07    0.00   -1.44      0.130   0.130   0.000
   4  644.9   5/2-  -3/2  32   -0.61    1.60    1.60    2.96    1.08       4.25    4.25    0.00   -1.02      0.519   0.519   0.000
   5  759.2   7/2-   5/2  33    1.08    1.98    1.98    4.70    1.95       4.45    4.45   -0.00   -0.30      0.543   0.543  -0.000
  
   6  961.5  11/2-   1/2  34   -0.00   27.51   27.51    2.27    7.08       4.17    4.17    0.00   -5.17      0.509   0.509   0.000
   7 1044.1   3/2-   1/2  36    0.38    1.54    1.54    0.37    0.01       3.58    3.58    0.00   -1.28      0.437   0.437   0.000
   8 1067.3   5/2-   1/2  36    0.39    1.93    1.93    0.54    1.00       3.60    3.60   -0.00   -0.53      0.439   0.439  -0.000
   9 1174.2   9/2-   9/2  30    3.46    2.80    2.80   18.55    4.45       2.33    2.33   -0.00   -0.94      0.284   0.284  -0.000
  10 1309.7   7/2-  -3/2  32   -0.31    1.93    1.93    3.14    1.44       5.64    5.64    0.00   -0.38      0.688   0.688   0.000
  
  11 1453.3   9/2-   5/2  33    0.80    2.83    2.83    4.49    2.29       6.07    6.07    0.00    0.35      0.741   0.741   0.000
  12 1650.4   1/2-   1/2  29    0.50    4.21    4.21    0.25    0.36       4.40    4.40   -0.00   -2.82      0.536   0.536  -0.000
  13 1715.1   7/2-  -7/2  28   -3.04    2.26    2.26   11.56    3.32       2.75    2.75    0.00   -1.24      0.336   0.336   0.000
  14 1773.3   5/2-  -3/2  31   -0.48    3.69    3.69    1.54    1.45       4.56    4.56   -0.00   -1.54      0.555   0.555  -0.000
  15 2037.3   7/2-   1/2  34    0.00   27.62   27.62    1.83    6.95       8.83    8.83    0.00   -7.02      1.076   1.076   0.000
  
  16 2080.9  11/2-   9/2  30    2.77    3.24    3.24   17.82    4.13       5.34    5.34    0.00    0.12      0.651   0.651   0.000
  17 2401.3   9/2-  -3/2  32   -1.52    2.03    2.03    6.07    1.86       8.18    8.18    0.00   -0.21      0.997   0.997   0.000
  18 2558.5   7/2-   1/2  36    0.06    2.40    2.40    1.41    0.32       9.70    9.70    0.00   -1.12      1.182   1.182   0.000
  19 2609.2   9/2-   1/2  36    0.20    2.39    2.39    2.92    1.36       9.46    9.46    0.00   -0.22      1.154   1.154   0.000
  20 2708.6  11/2-   5/2  33    0.79    2.26    2.26    4.66    1.74      12.08   12.08    0.00    0.24      1.473   1.473   0.000
  
  21 2714.2   9/2-  -7/2  28   -1.11    2.12    2.12    7.49    1.74       9.57    9.57    0.00   -0.70      1.166   1.166   0.000
  22 2952.1   5/2-   1/2  29   -0.11    4.24    4.24    0.97   -0.35      10.13   10.13    0.00   -2.33      1.235   1.235   0.000
  23 3136.6  13/2-   9/2  30    1.78    3.80    3.80   14.39    3.73       9.31    9.31    0.00    0.94      1.135   1.135   0.000
  24 3237.0  13/2-   5/2  37   -0.05   26.69   26.69    5.61    6.04      11.69   11.69    0.00   -3.48      1.425   1.425   0.000
  25 3239.7  11/2-  -3/2  32   -0.48    2.49    2.49    3.80    1.81      11.46   11.46    0.00    0.42      1.397   1.397   0.000
  
  26 3538.6  13/2-   5/2  33    0.76    3.58    3.58    5.90    2.58      12.88   12.88   -0.00    0.98      1.570   1.570  -0.000
  27 3744.0  11/2-  -7/2  28   -1.96    2.48    2.48   10.10    2.43      10.89   10.89   -0.00   -0.12      1.328   1.328  -0.000
  28 3835.9   1/2-   1/2  26    0.50    5.30    5.30    0.25    0.69       5.20    5.20    0.00   -3.18      0.634   0.634   0.000
  29 4818.3  13/2-  -7/2  28   -1.71    2.42    2.42    8.36    2.17      15.79   15.79    0.00    0.35      1.925   1.925   0.000
  30 5180.0  13/2-   1/2  36    0.25    2.23    2.23    3.43    1.13      20.42   20.42    0.00    0.00      2.489   2.489   0.000
  
  31 7447.1   1/2-   1/2  34    0.50   27.90   27.90    0.25   -3.99      31.86   31.86    0.00   -7.45      3.884   3.884   0.000
  32*******   1/2-  -3/2  32    0.00    0.00    0.00    0.00   -0.00       0.00    0.00    0.00   -0.00      0.000   0.000   0.000
