1SPECTRUM OF (Z= 82 A=207) IN PARTICLE-ROTOR  MODEL WITH MODIFIED OSCILLATOR POTENTIAL


 PARITY=-   EPS= 0.340   GAMMA=  0.0   EPS4=0.000   EPS6=0.000   LEVELS:  26  27  28  29  30  31  32  33  34  35  36  37  38  39  40

 PAIRING FACTORS: GN0= 19.20  GN1=  7.40  IPAIR= 15 ***  E2PLUS(INPUT)=   0.730  E2PLUR(INPUT)=   0.000

 CORIOLIS ATTENUATION PARAMETERS:  CHSI=1.000  ETA=  1.00

 MOMENT OF INERTIA PARAMETERS:   A1=  0.122 MEV   A2=  0.122 MEV   A3=121.91922 MEV


 DELTA=0.909 MEV  LAMBDA=53.3478 MEV   HW0= 7.5162 MEV   LAMBDA/HW0= 7.0977

 E2ENERGY=0.730 MEV  HBAR**2/B=21434./A**(7/3)=3623.4/A**2 MEV

 IREC=0  =>  RECOIL TERMS j+j-, j+j+, jzjz, ETC TREATED AS ONE-BODY OPERATORS WITH UU+VV PAIRING FACTORS



 S. P. LEVEL   EQP       U     V        (UU + VV)**1.00

     26       3.121    0.147 0.989      1.000 0.999 0.994 0.970 0.962 0.954 0.864 0.667 0.631 0.343 0.332 0.320 0.303 0.274 0.257
     27       2.563    0.180 0.984      0.999 1.000 0.997 0.978 0.971 0.963 0.881 0.692 0.656 0.374 0.364 0.352 0.335 0.306 0.289
     28       1.877    0.250 0.968      0.994 0.997 1.000 0.990 0.985 0.980 0.912 0.741 0.709 0.440 0.429 0.417 0.401 0.373 0.356
     29       1.284    0.383 0.924      0.970 0.978 0.990 1.000 1.000 0.998 0.960 0.828 0.800 0.561 0.551 0.540 0.525 0.499 0.484
     30       1.211    0.412 0.911      0.962 0.971 0.985 1.000 1.000 1.000 0.969 0.845 0.819 0.586 0.577 0.566 0.552 0.526 0.511
     31       1.154    0.438 0.899      0.954 0.963 0.980 0.998 1.000 1.000 0.976 0.860 0.835 0.610 0.601 0.590 0.576 0.550 0.536
     32       0.931    0.625 0.781      0.864 0.881 0.912 0.960 0.969 0.976 1.000 0.951 0.936 0.769 0.762 0.753 0.741 0.721 0.708
     33       0.989    0.835 0.550      0.667 0.692 0.741 0.828 0.845 0.860 0.951 1.000 0.999 0.929 0.924 0.919 0.912 0.899 0.891
     34       1.036    0.860 0.510      0.631 0.656 0.709 0.800 0.819 0.835 0.936 0.999 1.000 0.945 0.941 0.937 0.931 0.919 0.912
     35       2.305    0.980 0.201      0.343 0.374 0.440 0.561 0.586 0.610 0.769 0.929 0.945 1.000 1.000 1.000 0.999 0.997 0.996
     36       2.436    0.982 0.190      0.332 0.364 0.429 0.551 0.577 0.601 0.762 0.924 0.941 1.000 1.000 1.000 1.000 0.998 0.997
     37       2.607    0.984 0.177      0.320 0.352 0.417 0.540 0.566 0.590 0.753 0.919 0.937 1.000 1.000 1.000 1.000 0.999 0.998
     38       2.887    0.987 0.159      0.303 0.335 0.401 0.525 0.552 0.576 0.741 0.912 0.931 0.999 1.000 1.000 1.000 1.000 0.999
     39       3.545    0.992 0.129      0.274 0.306 0.373 0.499 0.526 0.550 0.721 0.899 0.919 0.997 0.998 0.999 1.000 1.000 1.000
     40       4.096    0.994 0.112      0.257 0.289 0.356 0.484 0.511 0.536 0.708 0.891 0.912 0.996 0.997 0.998 0.999 1.000 1.000

  R CORE   ENERGY   A0R/A00=1.000    R3= 0     2  
   2( 1)    0.732                    1.000 0.000
   2( 2)  487.921                    0.000 1.000

  R CORE   ENERGY   A0R/A00=1.000    R3= 0     2  
   3( 1)  488.652                    0.000 1.000

  R CORE   ENERGY   A0R/A00=1.000    R3= 0     2     4  
   4( 1)    2.438                    1.000 0.000 0.000

  R CORE   ENERGY   A0R/A00=1.000    R3= 0     2     4  
   5( 1)  490.847                    0.000 1.000 0.000

  R CORE   ENERGY   A0R/A00=1.000    R3= 0     2     4     6  
   6( 1)    5.121                    1.000 0.000 0.000 0.000

  R CORE   ENERGY   A0R/A00=1.000    R3= 0     2     4     6  
   7( 1)  494.017                    0.000 1.000 0.000 0.000

          AXIAL SYMMETRY => K RESTRICTED TO OMEGA

                     K
     S.P. ORB#: 26  2.50
     S.P. ORB#: 27 -3.50
     S.P. ORB#: 28  0.50
     S.P. ORB#: 29  0.50
     S.P. ORB#: 30 -1.50
     S.P. ORB#: 31 -1.50
     S.P. ORB#: 32 -3.50
     S.P. ORB#: 33  4.50
     S.P. ORB#: 34  2.50
     S.P. ORB#: 35 -3.50
     S.P. ORB#: 36  0.50
     S.P. ORB#: 37 -1.50
     S.P. ORB#: 38  2.50
     S.P. ORB#: 39  0.50
     S.P. ORB#: 40  4.50
 

             ENERGY    K= OMEGA
 
 I=  1/2- (1)  2.534  29: 0.999
 
 I=  1/2- (2)  3.899  39:-0.999
 
 I=  1/2- (3)  5.786  28: 0.364
                      36:-0.932
 
 I=  1/2- (4)  8.757  28: 0.932
                      36: 0.364
 
 I=  1/2- (5)147.457  31:-1.000

             ENERGY    K= OMEGA
 
 I=  3/2- (1)  2.414  29: 0.404
                      31:-0.914
 
 I=  3/2- (2)  2.684  29: 0.799
                      31: 0.355
                      37: 0.458
                      39:-0.159
 
 I=  3/2- (3)  3.365  29: 0.419
                      31: 0.168
                      37:-0.889
                      39:-0.079
 
 I=  3/2- (4)  4.612  29: 0.150
                      31: 0.100
                      39: 0.984
 
 I=  3/2- (5)  4.906  28: 0.642
                      30: 0.286
                      36:-0.711

             ENERGY    K= OMEGA
 
 I=  5/2- (1)  2.741  29:-0.405
                      31:-0.806
                      37: 0.138
                      38: 0.367
                      39:-0.179
 
 I=  5/2- (2)  3.352  26:-0.064
                      29: 0.650
                      31:-0.408
                      37:-0.636
                      38: 0.054
 
 I=  5/2- (3)  3.637  29:-0.370
                      31:-0.204
                      37:-0.313
                      38:-0.830
                      39:-0.182
 
 I=  5/2- (4)  4.276  26: 0.067
                      29: 0.470
                      31:-0.355
                      37: 0.664
                      38:-0.416
                      39: 0.186
 
 I=  5/2- (5)  4.796  26:-0.234
                      29:-0.229
                      31:-0.113
                      37:-0.141
                      39: 0.928

             ENERGY    K= OMEGA
 
 I=  7/2- (1)  1.741  26:-0.189
                      32: 0.980
 
 I=  7/2- (2)  3.355  29:-0.502
                      31: 0.698
                      37:-0.269
                      38: 0.433
 
 I=  7/2- (3)  3.587  28: 0.705
                      30: 0.583
                      34: 0.370
                      35: 0.159
 
 I=  7/2- (4)  3.900  26: 0.062
                      29:-0.635
                      31:-0.503
                      37:-0.481
                      38:-0.217
                      39: 0.245
 
 I=  7/2- (5)  4.382  26:-0.204
                      27:-0.827
                      29:-0.207
                      31: 0.207
                      37: 0.204
                      38:-0.383

             ENERGY    K= OMEGA
 
 I=  9/2- (1)  1.889  26:-0.076
                      27: 0.185
                      32:-0.255
                      33:-0.946
 
 I=  9/2- (2)  2.713  26: 0.259
                      27: 0.091
                      32: 0.926
                      33:-0.253
 
 I=  9/2- (3)  4.129  29: 0.439
                      31: 0.703
                      37:-0.244
                      38:-0.439
                      39: 0.239
 
 I=  9/2- (4)  4.397  28:-0.195
                      30: 0.503
                      34:-0.640
                      35: 0.498
                      40:-0.227
 
 I=  9/2- (5)  5.178  26:-0.109
                      27: 0.067
                      29: 0.525
                      31:-0.472
                      32: 0.057
                      37:-0.682
                      38: 0.107
                      39:-0.077

             ENERGY    K= OMEGA
 
 I= 11/2- (1)  2.859  28: 0.644
                      30: 0.564
                      34: 0.422
                      35: 0.268
                      36: 0.056
                      40: 0.118
 
 I= 11/2- (2)  2.989  26:-0.129
                      27:-0.252
                      32: 0.349
                      33:-0.893
 
 I= 11/2- (3)  3.916  26:-0.302
                      27: 0.133
                      32: 0.874
                      33: 0.348
                      38: 0.059
 
 I= 11/2- (4)  5.267  29: 0.522
                      31:-0.621
                      37: 0.349
                      38:-0.463
 
 I= 11/2- (5)  5.736  28: 0.495
                      30: 0.131
                      34:-0.414
                      35:-0.623
                      40:-0.422

             ENERGY    K= OMEGA
 
 I= 13/2- (1)  4.308  26:-0.175
                      27: 0.294
                      32:-0.409
                      33:-0.845
 
 I= 13/2- (2)  4.380  28: 0.168
                      30:-0.444
                      34: 0.611
                      35:-0.553
                      40: 0.309
 
 I= 13/2- (3)  5.354  26: 0.330
                      27: 0.173
                      31: 0.072
                      32: 0.826
                      33:-0.409
                      38:-0.077
 
 I= 13/2- (4)  6.486  29:-0.451
                      31:-0.657
                      32: 0.077
                      37: 0.283
                      38: 0.444
                      39:-0.280
 
 I= 13/2- (5)  7.982  26: 0.112
                      27:-0.072
                      29:-0.445
                      31: 0.481
                      32:-0.098
                      37: 0.712
                      38:-0.084
                      39: 0.168

             ENERGY     K= 9/2
  35 LEVELS    TIME=  0.0 SEC



 ******************* EXCITATION ENERGIES, DOMINANT CONFIGURATION AND EXPECTATION VALUES (WITH S.P. UU+VV FACTORS) *******************

  NR  Eex(keV)  I   Kdom  NY    <Jz>  <Jx**2> <Jy**2> <Jz**2> <I.j>/|I|  <Rx**2> <Ry**2> <Rz**2> <R.j>/|R|  <HROTx> <HROTy> <HROTz>

   1    0.0   7/2-  -7/2  32   -3.28    2.31    2.31   12.03    3.33       2.98    2.98    0.00   -1.40      0.363   0.363   0.000
   2  147.9   9/2-   9/2  33    3.69    2.53    2.53   19.37    4.25       3.44    3.44   -0.00   -1.25      0.419   0.419  -0.000
   3  672.6   3/2-  -3/2  31   -1.17    4.77    4.77    1.92    1.31       5.07    5.07    0.00   -2.80      0.618   0.618   0.000
   4  792.4   1/2-   1/2  29    0.50    4.76    4.76    0.25    0.18       5.11    5.11    0.00   -3.01      0.623   0.623   0.000
   5  942.9   3/2-   1/2  29   -0.17    3.87    3.87    0.92    0.91       4.44    4.44    0.00   -2.31      0.541   0.541   0.000
  
   6  971.7   9/2-  -7/2  32   -2.57    2.40    2.40   12.33    2.88       6.62    6.62    0.00   -0.77      0.807   0.807   0.000
   7  999.7   5/2-  -3/2  31   -0.57    4.31    4.31    2.40    1.64       5.03    5.03    0.00   -1.95      0.614   0.614   0.000
   8 1117.5  11/2-   1/2  28   -0.01   24.12   24.12    3.10    6.40       5.25    5.25    0.00   -4.03      0.640   0.640   0.000
   9 1247.5  11/2-   9/2  33    2.99    2.74    2.74   18.54    3.71       7.68    7.68   -0.00   -0.46      0.936   0.936  -0.000
  10 1610.3   5/2-   1/2  29   -0.63    3.34    3.34    1.43    0.71       6.32    6.32    0.00   -1.69      0.771   0.771   0.000
  
  11 1613.4   7/2-  -3/2  31   -0.25    4.14    4.14    2.51    1.55       7.12    7.12    0.00   -1.23      0.868   0.868   0.000
  12 1623.6   3/2-  -3/2  37   -1.14    2.49    2.49    1.89    0.57       4.21    4.21    0.00   -1.99      0.513   0.513   0.000
  13 1845.8   7/2-   1/2  28   -0.01   23.79   23.79    2.06    6.13       8.37    8.37    0.00   -6.19      1.021   1.021   0.000
  14 1895.2   5/2-   5/2  38    1.60    2.29    2.29    4.67    1.59       4.29    4.29    0.00   -1.55      0.523   0.523   0.000
  15 2158.0   1/2-   1/2  39    0.50    1.58    1.58    0.25    0.70       1.47    1.47    0.00   -1.63      0.180   0.180   0.000
  
  16 2158.3   7/2-   1/2  29   -0.37    3.48    3.48    1.54    0.86       8.71    8.71    0.00   -1.22      1.062   1.062   0.000
  17 2175.1  11/2-  -7/2  32   -1.96    2.49    2.49   12.62    2.58      11.24   11.24    0.00   -0.46      1.371   1.371   0.000
  18 2388.0   9/2-  -3/2  31   -0.23    4.00    4.00    2.56    1.58       9.81    9.81    0.00   -0.61      1.196   1.196   0.000
  19 2534.7   5/2-  -3/2  37   -0.28    3.04    3.04    2.45    0.06       8.45    8.45    0.00   -2.03      1.030   1.030   0.000
  20 2566.4  13/2-   9/2  33    2.40    2.92    2.92   17.78    3.35      12.82   12.82    0.00   -0.05      1.563   1.563   0.000
  
  21 2638.9  13/2-   5/2  34    0.01   23.95   23.95    8.46    6.00      10.68   10.68    0.00   -3.13      1.303   1.303   0.000
  22 2640.6   7/2-  -7/2  27   -2.03    5.20    5.20    9.76    2.60       7.64    7.64    0.00   -2.52      0.931   0.931   0.000
  23 2655.3   9/2-   5/2  34    0.02   24.18   24.18    7.22    5.76      11.53   11.53    0.00   -5.61      1.406   1.406   0.000
  24 2870.5   3/2-   1/2  39    0.48    1.75    1.75    0.27   -0.48       4.68    4.68    0.00   -1.53      0.571   0.571   0.000
  25 3054.3   5/2-   1/2  39    0.54    1.95    1.95    0.64    0.25       5.91    5.91    0.00   -1.11      0.721   0.721   0.000
  
  26 3164.8   3/2-   1/2  36    0.34   15.00   15.00    0.41    2.89      11.49   11.49    0.00   -5.18      1.401   1.401   0.000
  27 3436.2   9/2-  -3/2  37   -0.86    3.05    3.05    1.86    0.61      13.33   13.33    0.00   -0.96      1.625   1.625   0.000
  28 3525.3  11/2-  -3/2  31   -0.10    3.92    3.92    2.62    1.45      14.46   14.46    0.00   -0.34      1.763   1.763   0.000
  29 3612.1  13/2-  -7/2  32   -1.46    2.58    2.58   12.84    2.36      16.86   16.86   -0.00   -0.25      2.056   2.056  -0.000
  30 3994.6  11/2-  -7/2  35   -0.03   23.02   23.02    9.53    5.27      14.16   14.16    0.00   -4.52      1.726   1.726   0.000
  
  31 4044.1   1/2-   1/2  36    0.50   12.33   12.33    0.25   -1.40      14.04   14.04    0.00   -4.93      1.712   1.712   0.000
  32 4744.3  13/2-  -3/2  31   -0.14    3.86    3.86    2.59    1.49      19.11   19.11    0.00    0.02      2.330   2.330   0.000
  33 6240.8  13/2-  -3/2  37   -1.00    2.82    2.82    2.03    0.54      24.43   24.43    0.00   -0.56      2.978   2.978   0.000
  34 7015.3   1/2-   1/2  28    0.50   24.34   24.34    0.25   -3.54      27.91   27.91    0.00   -6.96      3.403   3.403   0.000
  35*******   1/2-  -3/2  31    0.00    0.00    0.00    0.00    0.00       0.00    0.00    0.00   -0.00      0.000   0.000   0.000
  
