1SPECTRUM OF (Z= 82 A=207) IN PARTICLE-ROTOR  MODEL WITH MODIFIED OSCILLATOR POTENTIAL


 PARITY=-   EPS= 0.207   GAMMA=  0.0   EPS4=0.000   EPS6=0.000   LEVELS:  25  26  27  28  29  30  31  32  33  34  35  36  37  38  39

 PAIRING FACTORS: GN0= 19.20  GN1=  7.40  IPAIR= 15 ***  E2PLUS(INPUT)=   0.730  E2PLUR(INPUT)=   0.000

 CORIOLIS ATTENUATION PARAMETERS:  CHSI=1.000  ETA=  1.00

 MOMENT OF INERTIA PARAMETERS:   A1=  0.122 MEV   A2=  0.122 MEV   A3=121.91924 MEV


 DELTA=0.945 MEV  LAMBDA=53.4869 MEV   HW0= 7.4482 MEV   LAMBDA/HW0= 7.1812

 E2ENERGY=0.730 MEV  HBAR**2/B= 7945./A**(7/3)=1343.1/A**2 MEV

 IREC=0  =>  RECOIL TERMS j+j-, j+j+, jzjz, ETC TREATED AS ONE-BODY OPERATORS WITH UU+VV PAIRING FACTORS



 S. P. LEVEL   EQP       U     V        (UU + VV)**1.00

     25       4.208    0.113 0.994      1.000 1.000 1.000 0.997 0.993 0.992 0.991 0.686 0.588 0.505 0.431 0.419 0.345 0.279 0.236
     26       4.070    0.117 0.993      1.000 1.000 1.000 0.998 0.994 0.993 0.991 0.689 0.591 0.509 0.435 0.422 0.348 0.283 0.239
     27       3.681    0.129 0.992      1.000 1.000 1.000 0.998 0.995 0.994 0.993 0.698 0.601 0.520 0.446 0.434 0.360 0.295 0.252
     28       2.591    0.186 0.983      0.997 0.998 0.998 1.000 0.999 0.999 0.998 0.738 0.646 0.567 0.496 0.484 0.413 0.349 0.306
     29       2.125    0.228 0.974      0.993 0.994 0.995 0.999 1.000 1.000 1.000 0.767 0.678 0.603 0.534 0.522 0.452 0.389 0.348
     30       2.061    0.236 0.972      0.992 0.993 0.994 0.999 1.000 1.000 1.000 0.771 0.684 0.609 0.540 0.528 0.459 0.397 0.355
     31       1.963    0.248 0.969      0.991 0.991 0.993 0.998 1.000 1.000 1.000 0.780 0.693 0.619 0.551 0.539 0.470 0.409 0.367
     32       0.984    0.800 0.600      0.686 0.689 0.698 0.738 0.767 0.771 0.780 1.000 0.992 0.974 0.952 0.948 0.919 0.890 0.869
     33       1.102    0.870 0.493      0.588 0.591 0.601 0.646 0.678 0.684 0.693 0.992 1.000 0.995 0.983 0.981 0.962 0.941 0.925
     34       1.276    0.914 0.405      0.505 0.509 0.520 0.567 0.603 0.609 0.619 0.974 0.995 1.000 0.996 0.995 0.984 0.970 0.958
     35       1.530    0.945 0.327      0.431 0.435 0.446 0.496 0.534 0.540 0.551 0.952 0.983 0.996 1.000 1.000 0.996 0.987 0.978
     36       1.588    0.950 0.313      0.419 0.422 0.434 0.484 0.522 0.528 0.539 0.948 0.981 0.995 1.000 1.000 0.997 0.989 0.981
     37       2.057    0.972 0.236      0.345 0.348 0.360 0.413 0.452 0.459 0.470 0.919 0.962 0.984 0.996 0.997 1.000 0.998 0.994
     38       2.838    0.986 0.169      0.279 0.283 0.295 0.349 0.389 0.397 0.409 0.890 0.941 0.970 0.987 0.989 0.998 1.000 0.999
     39       3.829    0.992 0.124      0.236 0.239 0.252 0.306 0.348 0.355 0.367 0.869 0.925 0.958 0.978 0.981 0.994 0.999 1.000

  R CORE   ENERGY   A0R/A00=1.000    R3= 0     2  
   2( 1)    0.732                    1.000 0.000
   2( 2)  487.921                    0.000 1.000

  R CORE   ENERGY   A0R/A00=1.000    R3= 0     2  
   3( 1)  488.652                    0.000 1.000

  R CORE   ENERGY   A0R/A00=1.000    R3= 0     2     4  
   4( 1)    2.438                    1.000 0.000 0.000

  R CORE   ENERGY   A0R/A00=1.000    R3= 0     2     4  
   5( 1)  490.847                    0.000 1.000 0.000

  R CORE   ENERGY   A0R/A00=1.000    R3= 0     2     4     6  
   6( 1)    5.121                    1.000 0.000 0.000 0.000

  R CORE   ENERGY   A0R/A00=1.000    R3= 0     2     4     6  
   7( 1)  494.017                    0.000 1.000 0.000 0.000

          AXIAL SYMMETRY => K RESTRICTED TO OMEGA

                     K
     S.P. ORB#: 25  2.50
     S.P. ORB#: 26  0.50
     S.P. ORB#: 27 -3.50
     S.P. ORB#: 28 -3.50
     S.P. ORB#: 29  0.50
     S.P. ORB#: 30  4.50
     S.P. ORB#: 31 -1.50
     S.P. ORB#: 32 -1.50
     S.P. ORB#: 33  2.50
     S.P. ORB#: 34  0.50
     S.P. ORB#: 35 -1.50
     S.P. ORB#: 36  0.50
     S.P. ORB#: 37  2.50
     S.P. ORB#: 38 -3.50
     S.P. ORB#: 39  4.50
 

             ENERGY    K= OMEGA
 
 I=  1/2- (1)  1.851  26:-0.058
                      36:-0.998
 
 I=  1/2- (2)  3.189  29: 0.999
 
 I=  1/2- (3)  5.303  26: 0.998
                      36:-0.058
 
 I=  1/2- (4)  9.106  34:-1.000
 
 I=  1/2- (5)147.287  32: 1.000

             ENERGY    K= OMEGA
 
 I=  3/2- (1)  1.479  29: 0.184
                      31: 0.101
                      32: 0.974
                      36:-0.071
 
 I=  3/2- (2)  2.485  29: 0.183
                      31: 0.175
                      32:-0.123
                      36:-0.959

             ENERGY    K= OMEGA
 
 I=  5/2- (1)  1.582  26:-0.053
                      29: 0.140
                      31: 0.180
                      32:-0.445
                      33:-0.863
                      36: 0.053
 
 I=  5/2- (2)  2.117  29:-0.206
                      31: 0.172
                      32: 0.856
                      33:-0.436
                      36: 0.058
 
 I=  5/2- (3)  2.513  29: 0.186
                      31: 0.241
                      33: 0.139
                      36: 0.941
 
 I=  5/2- (4)  3.315  26: 0.364
                      29:-0.439
                      31:-0.730
                      32:-0.075
                      33:-0.188
                      36: 0.317
 
 I=  5/2- (5)  4.509  26:-0.065
                      29: 0.807
                      31:-0.522
                      32: 0.246
                      33:-0.102

             ENERGY    K= OMEGA
 
 I=  7/2- (1)  2.219  29:-0.189
                      31: 0.209
                      32:-0.530
                      33: 0.798
 
 I=  7/2- (2)  2.787  25:-0.078
                      26:-0.170
                      28: 0.116
                      29:-0.338
                      31:-0.302
                      32:-0.700
                      33:-0.470
                      36: 0.184
 
 I=  7/2- (3)  3.333  25:-0.232
                      27:-0.089
                      28: 0.958
                      29: 0.064
                      31: 0.060
                      32: 0.072
                      33: 0.055
                      36:-0.053
 
 I=  7/2- (4)  3.646  34:-0.731
                      35:-0.573
                      37:-0.344
                      38:-0.141
 
 I=  7/2- (5)  4.041  26: 0.139
                      29: 0.187
                      31: 0.323
                      32:-0.325
                      33:-0.239
                      36:-0.822

             ENERGY    K= OMEGA
 
 I=  9/2- (1)  2.797  25: 0.083
                      26:-0.069
                      27: 0.249
                      28: 0.170
                      29: 0.117
                      30:-0.861
                      31: 0.139
                      32:-0.198
                      33:-0.284
                      36: 0.057
 
 I=  9/2- (2)  2.926  26:-0.175
                      27:-0.063
                      28:-0.083
                      29: 0.290
                      30: 0.391
                      31: 0.345
                      32:-0.443
                      33:-0.619
                      36: 0.155
 
 I=  9/2- (3)  3.947  25:-0.189
                      27: 0.064
                      28:-0.368
                      29:-0.171
                      30:-0.075
                      31: 0.302
                      32: 0.715
                      33:-0.350
                      36: 0.251
 
 I=  9/2- (4)  4.084  25:-0.059
                      26: 0.152
                      27: 0.056
                      28:-0.193
                      29:-0.295
                      31:-0.231
                      33:-0.457
                      36:-0.763
 
 I=  9/2- (5)  4.289  25:-0.260
                      27: 0.090
                      28:-0.823
                      29: 0.168
                      30:-0.165
                      31:-0.096
                      32:-0.323
                      33: 0.273
                      36: 0.051

             ENERGY    K= OMEGA
 
 I= 11/2- (1)  2.474  34:-0.667
                      35:-0.566
                      37:-0.407
                      38:-0.241
                      39:-0.106
 
 I= 11/2- (2)  3.759  25:-0.133
                      27: 0.336
                      28: 0.252
                      29:-0.057
                      30: 0.867
                      31: 0.057
                      32:-0.134
                      33: 0.175
 
 I= 11/2- (3)  4.168  28:-0.063
                      29:-0.278
                      30:-0.234
                      31: 0.272
                      32:-0.562
                      33: 0.688
 
 I= 11/2- (4)  4.777  25:-0.132
                      26:-0.282
                      27:-0.058
                      28: 0.202
                      29:-0.405
                      31:-0.412
                      32:-0.522
                      33:-0.444
                      36: 0.229
 
 I= 11/2- (5)  5.377  25:-0.352
                      26: 0.106
                      27:-0.141
                      28: 0.852
                      29: 0.145
                      30:-0.245
                      31: 0.130
                      32: 0.086
                      33: 0.064
                      36:-0.103

             ENERGY    K= OMEGA
 
 I= 13/2- (1)  4.187  34:-0.189
                      35: 0.490
                      37:-0.605
                      38: 0.520
                      39:-0.297
 
 I= 13/2- (2)  4.857  25: 0.137
                      26:-0.214
                      27: 0.286
                      28: 0.203
                      29: 0.291
                      30:-0.568
                      31: 0.329
                      32:-0.326
                      33:-0.411
                      36: 0.147
 
 I= 13/2- (3)  5.052  25: 0.105
                      26: 0.227
                      27: 0.256
                      28: 0.230
                      29:-0.295
                      30:-0.636
                      31:-0.340
                      32: 0.267
                      33: 0.335
                      36:-0.168
 
 I= 13/2- (4)  6.526  25:-0.335
                      26:-0.083
                      27: 0.136
                      28:-0.579
                      29:-0.097
                      30:-0.241
                      31: 0.263
                      32: 0.550
                      33:-0.127
                      36: 0.268
 
 I= 13/2- (5)  6.668  25:-0.131
                      26: 0.182
                      27: 0.098
                      28:-0.341
                      29:-0.233
                      31:-0.184
                      32:-0.225
                      33:-0.536
                      36:-0.629

             ENERGY     K= 9/2
  32 LEVELS    TIME=  0.0 SEC



 ******************* EXCITATION ENERGIES, DOMINANT CONFIGURATION AND EXPECTATION VALUES (WITH S.P. UU+VV FACTORS) *******************

  NR  Eex(keV)  I   Kdom  NY    <Jz>  <Jx**2> <Jy**2> <Jz**2> <I.j>/|I|  <Rx**2> <Ry**2> <Rz**2> <R.j>/|R|  <HROTx> <HROTy> <HROTz>

   1    0.0   3/2-  -3/2  32   -1.42    1.59    1.59    2.17    1.42       1.79    1.79   -0.00   -1.37      0.219   0.219  -0.000
   2  102.9   5/2-   5/2  33    1.53    1.89    1.89    5.18    2.37       1.83    1.83    0.00   -1.01      0.223   0.223   0.000
   3  371.9   1/2-   1/2  36    0.50    1.26    1.26    0.25    0.83       1.05    1.05    0.00   -1.42      0.127   0.127   0.000
   4  638.0   5/2-  -3/2  32   -0.64    1.59    1.59    2.93    1.09       4.20    4.20    0.00   -0.99      0.512   0.512   0.000
   5  739.4   7/2-   5/2  33    1.12    1.97    1.97    4.75    1.98       4.38    4.38    0.00   -0.29      0.534   0.534   0.000
  
   6  995.3  11/2-   1/2  34    0.00   27.53   27.53    2.81    7.23       3.56    3.56    0.00   -5.48      0.434   0.434   0.000
   7 1006.2   3/2-   1/2  36    0.41    1.46    1.46    0.34   -0.05       3.59    3.59    0.00   -1.25      0.438   0.438   0.000
   8 1033.7   5/2-   1/2  36    0.42    1.78    1.78    0.48    0.93       3.65    3.65    0.00   -0.48      0.445   0.445   0.000
   9 1307.9   7/2-  -3/2  32   -0.27    1.84    1.84    2.95    1.37       5.76    5.76   -0.00   -0.35      0.702   0.702  -0.000
  10 1317.8   9/2-   9/2  30    3.16    2.70    2.70   16.81    4.13       2.95    2.95    0.00   -0.69      0.359   0.359   0.000
  
  11 1446.8   9/2-   5/2  33    1.20    2.73    2.73    6.36    2.53       5.70    5.70    0.00    0.23      0.695   0.695   0.000
  12 1709.4   1/2-   1/2  29    0.50    4.17    4.17    0.25    0.36       4.35    4.35    0.00   -2.80      0.531   0.531   0.000
  13 1835.6   5/2-  -3/2  31   -0.51    3.79    3.79    1.54    1.48       4.57    4.57   -0.00   -1.57      0.557   0.557  -0.000
  14 1853.6   7/2-  -7/2  28   -3.11    2.34    2.34   11.72    3.36       2.72    2.72    0.00   -1.31      0.332   0.332   0.000
  15 2167.2   7/2-   1/2  34    0.00   27.81   27.81    1.85    6.99       8.87    8.87    0.00   -7.06      1.082   1.082   0.000
  
  16 2279.9  11/2-   9/2  30    2.86    2.96    2.96   17.72    3.94       6.12    6.12    0.00   -0.02      0.746   0.746   0.000
  17 2467.5   9/2-  -3/2  32   -0.92    1.78    1.78    4.19    1.26       9.96    9.96    0.00   -0.33      1.215   1.215   0.000
  18 2561.4   7/2-   1/2  36    0.18    2.03    2.03    1.05    0.11       9.99    9.99    0.00   -1.04      1.218   1.218   0.000
  19 2604.6   9/2-   1/2  36    0.65    2.29    2.29    2.12    1.17       9.93    9.93    0.00   -0.20      1.211   1.211   0.000
  20 2688.8  11/2-   5/2  33    0.87    2.24    2.24    5.02    1.80      11.89   11.89    0.00    0.25      1.449   1.449   0.000
  
  21 2708.1  13/2-   5/2  37    0.02   25.97   25.97    7.93    6.65       7.86    7.86    0.00   -3.38      0.959   0.959   0.000
  22 2809.9   9/2-  -7/2  28   -2.08    2.35    2.35   10.11    2.41       7.77    7.77    0.00   -0.71      0.947   0.947   0.000
  23 3029.3   5/2-   1/2  29   -0.15    4.19    4.19    0.98   -0.40      10.25   10.25   -0.00   -2.33      1.249   1.249  -0.000
  24 3298.0  11/2-  -3/2  32   -0.12    2.30    2.30    3.00    1.56      12.33   12.33    0.00    0.35      1.503   1.503   0.000
  25 3377.5  13/2-   9/2  30    1.25    3.43    3.43    9.74    3.04      11.49   11.49    0.00    0.96      1.400   1.400   0.000
  
  26 3573.0  13/2-   9/2  30    1.51    3.41    3.41   10.87    3.03      12.03   12.03    0.00    0.71      1.466   1.466   0.000
  27 3823.4   1/2-   1/2  26    0.50    5.20    5.20    0.25    0.69       5.10    5.10    0.00   -3.15      0.622   0.622   0.000
  28 3897.4  11/2-  -7/2  28   -2.03    2.61    2.61   11.21    2.56      10.78   10.78    0.00   -0.24      1.314   1.314   0.000
  29 5046.5  13/2-  -7/2  28   -1.17    2.26    2.26    7.17    1.75      17.98   17.98    0.00    0.09      2.192   2.192   0.000
  30 5189.1  13/2-   1/2  36    0.44    2.23    2.23    3.79    1.18      20.28   20.28    0.00   -0.00      2.472   2.472   0.000
  
  31 7626.6   1/2-   1/2  34    0.50   28.13   28.13    0.25   -4.02      32.11   32.11    0.00   -7.49      3.915   3.915   0.000
  32*******   1/2-  -3/2  32    0.00    0.00    0.00    0.00   -0.00       0.00    0.00    0.00   -0.00      0.000   0.000   0.000
