1SPECTRUM OF (Z= 82 A=207) IN PARTICLE-ROTOR  MODEL WITH MODIFIED OSCILLATOR POTENTIAL


 PARITY=-   EPS= 0.378   GAMMA=  0.0   EPS4=0.000   EPS6=0.000   LEVELS:  25  26  27  28  29  30  31  32  33  34  35  36  37  38  39

 PAIRING FACTORS: GN0= 19.20  GN1=  7.40  IPAIR= 15 ***  E2PLUS(INPUT)=   0.730  E2PLUR(INPUT)=   0.000

 CORIOLIS ATTENUATION PARAMETERS:  CHSI=1.000  ETA=  1.00

 MOMENT OF INERTIA PARAMETERS:   A1=  0.122 MEV   A2=  0.122 MEV   A3=121.91924 MEV


 DELTA=0.865 MEV  LAMBDA=53.4466 MEV   HW0= 7.5430 MEV   LAMBDA/HW0= 7.0856

 E2ENERGY=0.730 MEV  HBAR**2/B=26493./A**(7/3)=4478.7/A**2 MEV

 IREC=0  =>  RECOIL TERMS j+j-, j+j+, jzjz, ETC TREATED AS ONE-BODY OPERATORS WITH UU+VV PAIRING FACTORS



 S. P. LEVEL   EQP       U     V        (UU + VV)**1.00

     25       4.032    0.108 0.994      1.000 0.999 0.999 0.997 0.989 0.942 0.913 0.786 0.645 0.460 0.378 0.321 0.246 0.234 0.228
     26       2.875    0.152 0.988      0.999 1.000 1.000 0.999 0.995 0.956 0.930 0.813 0.678 0.499 0.419 0.363 0.289 0.278 0.271
     27       2.723    0.161 0.987      0.999 1.000 1.000 1.000 0.996 0.959 0.934 0.818 0.685 0.507 0.427 0.371 0.298 0.286 0.279
     28       2.315    0.190 0.982      0.997 0.999 1.000 1.000 0.998 0.967 0.944 0.835 0.706 0.532 0.454 0.399 0.326 0.315 0.308
     29       1.771    0.252 0.968      0.989 0.995 0.996 0.998 1.000 0.981 0.963 0.868 0.750 0.585 0.510 0.456 0.386 0.374 0.368
     30       1.104    0.435 0.901      0.942 0.956 0.959 0.967 0.981 1.000 0.997 0.948 0.864 0.731 0.666 0.620 0.557 0.547 0.541
     31       0.994    0.504 0.864      0.913 0.930 0.934 0.944 0.963 0.997 1.000 0.970 0.900 0.782 0.723 0.679 0.620 0.610 0.605
     32       0.865    0.699 0.715      0.786 0.813 0.818 0.835 0.868 0.948 0.970 1.000 0.979 0.910 0.869 0.838 0.793 0.785 0.781
     33       0.933    0.830 0.558      0.645 0.678 0.685 0.706 0.750 0.864 0.900 0.979 1.000 0.975 0.951 0.931 0.900 0.894 0.891
     34       1.282    0.932 0.362      0.460 0.499 0.507 0.532 0.585 0.731 0.782 0.910 0.975 1.000 0.996 0.989 0.974 0.971 0.969
     35       1.629    0.961 0.276      0.378 0.419 0.427 0.454 0.510 0.666 0.723 0.869 0.951 0.996 1.000 0.998 0.990 0.989 0.988
     36       2.040    0.976 0.217      0.321 0.363 0.371 0.399 0.456 0.620 0.679 0.838 0.931 0.989 0.998 1.000 0.997 0.996 0.995
     37       3.112    0.990 0.140      0.246 0.289 0.298 0.326 0.386 0.557 0.620 0.793 0.900 0.974 0.990 0.997 1.000 1.000 1.000
     38       3.399    0.992 0.128      0.234 0.278 0.286 0.315 0.374 0.547 0.610 0.785 0.894 0.971 0.989 0.996 1.000 1.000 1.000
     39       3.591    0.993 0.121      0.228 0.271 0.279 0.308 0.368 0.541 0.605 0.781 0.891 0.969 0.988 0.995 1.000 1.000 1.000

  R CORE   ENERGY   A0R/A00=1.000    R3= 0     2  
   2( 1)    0.732                    1.000 0.000
   2( 2)  487.921                    0.000 1.000

  R CORE   ENERGY   A0R/A00=1.000    R3= 0     2  
   3( 1)  488.652                    0.000 1.000

  R CORE   ENERGY   A0R/A00=1.000    R3= 0     2     4  
   4( 1)    2.438                    1.000 0.000 0.000

  R CORE   ENERGY   A0R/A00=1.000    R3= 0     2     4  
   5( 1)  490.847                    0.000 1.000 0.000

  R CORE   ENERGY   A0R/A00=1.000    R3= 0     2     4     6  
   6( 1)    5.121                    1.000 0.000 0.000 0.000

  R CORE   ENERGY   A0R/A00=1.000    R3= 0     2     4     6  
   7( 1)  494.017                    0.000 1.000 0.000 0.000

          AXIAL SYMMETRY => K RESTRICTED TO OMEGA

                     K
     S.P. ORB#: 25 -5.50
     S.P. ORB#: 26  2.50
     S.P. ORB#: 27  0.50
     S.P. ORB#: 28 -3.50
     S.P. ORB#: 29 -1.50
     S.P. ORB#: 30  0.50
     S.P. ORB#: 31 -1.50
     S.P. ORB#: 32  2.50
     S.P. ORB#: 33 -3.50
     S.P. ORB#: 34  4.50
     S.P. ORB#: 35  0.50
     S.P. ORB#: 36 -3.50
     S.P. ORB#: 37 -1.50
     S.P. ORB#: 38  2.50
     S.P. ORB#: 39  0.50
 

             ENERGY    K= OMEGA
 
 I=  1/2- (1)  2.398  30: 1.000
 
 I=  1/2- (2)  4.596  27:-0.195
                      35: 0.908
                      39:-0.370
 
 I=  1/2- (3)  7.443  27:-0.394
                      35: 0.273
                      39: 0.878
 
 I=  1/2- (4)  9.270  27: 0.898
                      35: 0.316
                      39: 0.304
 
 I=  1/2- (5)147.297  31: 1.000

             ENERGY    K= OMEGA
 
 I=  3/2- (1)  2.292  30:-0.446
                      31: 0.895
 
 I=  3/2- (2)  2.656  30:-0.864
                      31:-0.437
                      37:-0.249

             ENERGY    K= OMEGA
 
 I=  5/2- (1)  2.747  30: 0.397
                      31: 0.876
                      37:-0.087
                      38:-0.258
 
 I=  5/2- (2)  3.377  26: 0.057
                      30:-0.829
                      31: 0.385
                      37: 0.392
                      38:-0.093
 
 I=  5/2- (3)  4.123  26:-0.121
                      30:-0.220
                      31:-0.186
                      37:-0.462
                      38:-0.830
 
 I=  5/2- (4)  4.612  26: 0.687
                      30: 0.240
                      31:-0.206
                      37: 0.514
                      38:-0.404
 
 I=  5/2- (5)  4.728  26: 0.713
                      30:-0.223
                      31: 0.091
                      37:-0.601
                      38: 0.269

             ENERGY    K= OMEGA
 
 I=  7/2- (1)  1.798  26:-0.161
                      33: 0.985
 
 I=  7/2- (2)  3.324  30: 0.557
                      31:-0.747
                      37: 0.188
                      38:-0.306
 
 I=  7/2- (3)  3.976  27:-0.634
                      29:-0.587
                      32:-0.461
                      36:-0.204
 
 I=  7/2- (4)  4.021  26: 0.074
                      30:-0.727
                      31:-0.539
                      37:-0.358
                      38:-0.217
 
 I=  7/2- (5)  4.200  26:-0.196
                      28:-0.972
                      38:-0.106

             ENERGY    K= OMEGA
 
 I=  9/2- (1)  2.207  26: 0.087
                      28:-0.163
                      33: 0.343
                      34: 0.921
 
 I=  9/2- (2)  2.848  26:-0.217
                      28:-0.098
                      33:-0.907
                      34: 0.341
                      38: 0.050
 
 I=  9/2- (3)  4.280  30:-0.439
                      31:-0.779
                      33: 0.058
                      37: 0.206
                      38: 0.391
 
 I=  9/2- (4)  4.715  27:-0.210
                      29: 0.550
                      32:-0.688
                      36: 0.424
 
 I=  9/2- (5)  5.249  26:-0.152
                      28: 0.199
                      30: 0.680
                      31:-0.450
                      33: 0.055
                      37:-0.500
                      38: 0.136

             ENERGY    K= OMEGA
 
 I= 11/2- (1)  3.340  26:-0.138
                      28:-0.222
                      33: 0.434
                      34:-0.862
 
 I= 11/2- (2)  3.384  27:-0.623
                      29:-0.585
                      32:-0.457
                      35:-0.088
                      36:-0.229
 
 I= 11/2- (3)  4.123  26: 0.253
                      28:-0.146
                      31:-0.063
                      33:-0.848
                      34:-0.431
                      38:-0.071
 
 I= 11/2- (4)  5.276  30: 0.571
                      31:-0.674
                      33: 0.075
                      37: 0.273
                      38:-0.372
 
 I= 11/2- (5)  5.376  25: 0.999

             ENERGY    K= OMEGA
 
 I= 13/2- (1)  4.701  26: 0.180
                      28:-0.261
                      33: 0.484
                      34: 0.815
 
 I= 13/2- (2)  5.237  27:-0.215
                      29: 0.557
                      32:-0.677
                      36: 0.430
 
 I= 13/2- (3)  5.628  26:-0.279
                      28:-0.186
                      31:-0.089
                      33:-0.800
                      34: 0.479
                      38: 0.093
 
 I= 13/2- (4)  6.754  30:-0.449
                      31:-0.716
                      33: 0.105
                      34:-0.055
                      37: 0.276
                      38: 0.440
 
 I= 13/2- (5)  6.963  25: 0.998

             ENERGY     K= 1/2
  32 LEVELS    TIME=  0.0 SEC



 ******************* EXCITATION ENERGIES, DOMINANT CONFIGURATION AND EXPECTATION VALUES (WITH S.P. UU+VV FACTORS) *******************

  NR  Eex(keV)  I   Kdom  NY    <Jz>  <Jx**2> <Jy**2> <Jz**2> <I.j>/|I|  <Rx**2> <Ry**2> <Rz**2> <R.j>/|R|  <HROTx> <HROTy> <HROTz>

   1    0.0   7/2-  -7/2  33   -3.34    2.31    2.31   12.08    3.25       3.32    3.32    0.00   -1.47      0.405   0.405   0.000
   2  409.3   9/2-   9/2  34    3.33    2.50    2.50   18.99    4.14       3.80    3.80    0.00   -1.24      0.463   0.463   0.000
   3  494.2   3/2-  -3/2  31   -1.10    4.92    4.92    1.85    1.29       5.23    5.23    0.00   -2.85      0.638   0.638   0.000
   4  600.2   1/2-   1/2  30    0.50    4.90    4.90    0.25    0.10       5.31    5.31   -0.00   -3.05      0.647   0.647  -0.000
   5  858.4   3/2-   1/2  30   -0.01    4.62    4.62    0.76    0.48       5.94    5.94    0.00   -2.63      0.724   0.724   0.000
  
   6  949.6   5/2-  -3/2  31   -0.91    4.74    4.74    2.21    1.29       6.39    6.39    0.00   -2.20      0.779   0.779   0.000
   7 1049.6   9/2-  -7/2  33   -2.27    2.37    2.37   12.87    2.80       7.23    7.23    0.00   -0.96      0.881   0.881   0.000
   8 1525.9   7/2-  -3/2  31   -0.50    4.61    4.61    2.02    1.34       8.18    8.18    0.00   -1.47      0.997   0.997   0.000
   9 1542.0  11/2-   9/2  34    2.55    2.67    2.67   18.09    3.55       8.37    8.37    0.00   -0.54      1.020   1.020   0.000
  10 1578.7   5/2-   1/2  30   -0.08    4.29    4.29    0.92    0.37       8.02    8.02    0.00   -2.10      0.978   0.978   0.000
  
  11 1586.4  11/2-   1/2  27    0.02   23.39   23.39    2.82    6.16       5.82    5.82    0.00   -3.74      0.709   0.709   0.000
  12 2178.3   7/2-   1/2  27    0.07   22.96   22.96    2.71    6.04       8.22    8.22    0.00   -6.08      1.002   1.002   0.000
  13 2223.5   7/2-   1/2  30   -0.24    4.22    4.22    1.41    0.57      10.56   10.56    0.00   -1.66      1.287   1.287   0.000
  14 2325.3  11/2-  -7/2  33   -1.59    2.46    2.46   13.29    2.48      12.13   12.13    0.00   -0.68      1.478   1.478   0.000
  15 2325.5   5/2-   5/2  38    1.41    2.07    2.07    4.97    1.65       4.05    4.05    0.00   -1.49      0.494   0.494   0.000
  
  16 2402.2   7/2-  -7/2  28   -3.19    6.16    6.16   11.89    3.12       7.61    7.61    0.00   -3.03      0.927   0.927   0.000
  17 2482.3   9/2-  -3/2  31   -0.51    4.42    4.42    2.53    1.32      11.51   11.51    0.00   -1.00      1.403   1.403   0.000
  18 2798.0   1/2-   1/2  35    0.50   11.21   11.21    0.25    0.94      10.90   10.90    0.00   -4.68      1.328   1.328   0.000
  19 2814.2   5/2-   5/2  26    1.16    4.22    4.22    4.68    1.24       7.26    7.26    0.00   -2.48      0.885   0.885   0.000
  20 2903.4  13/2-   9/2  34    2.00    2.82    2.82   17.38    3.16      13.84   13.84    0.00   -0.19      1.687   1.687   0.000
  
  21 2917.3   9/2-   5/2  32    0.12   23.85   23.85    5.85    5.16      13.46   13.46    0.00   -5.37      1.641   1.641   0.000
  22 2930.0   5/2-   5/2  26    0.92    4.19    4.19    4.47    1.11       7.52    7.52    0.00   -2.47      0.917   0.917   0.000
  23 3439.3  13/2-   5/2  32    0.06   23.86   23.86    5.84    5.10      15.53   15.53    0.00   -3.22      1.894   1.894   0.000
  24 3451.4   9/2-   1/2  30   -0.49    3.96    3.96    1.94    0.56      14.50   14.50   -0.00   -1.31      1.768   1.768  -0.000
  25 3478.5  11/2-  -3/2  31   -0.31    4.37    4.37    2.25    1.33      15.40   15.40    0.00   -0.54      1.877   1.877   0.000
  
  26 3577.8  11/2- -11/2  25   -5.49    2.75    2.75   30.22    5.05       5.53    5.53    0.00   -1.66      0.674   0.674   0.000
  27 3830.2  13/2-  -7/2  33   -1.13    2.55    2.55   13.51    2.25      18.00   18.00    0.00   -0.49      2.195   2.195   0.000
  28 4956.3  13/2-  -3/2  31   -0.33    4.19    4.19    2.82    1.29      20.94   20.94    0.00   -0.34      2.553   2.553   0.000
  29 5164.7  13/2- -11/2  25   -5.48    2.75    2.75   30.19    4.32      12.05   12.05    0.00   -1.13      1.470   1.470   0.000
  30 5645.1   1/2-   1/2  39    0.50   15.93   15.93    0.25   -0.59      16.95   16.95    0.00   -5.61      2.066   2.066   0.000
  
  31 7472.5   1/2-   1/2  27    0.50   23.52   23.52    0.25   -3.41      26.97   26.97    0.00   -6.84      3.288   3.288   0.000
  32*******   1/2-  -3/2  31    0.00    0.00    0.00    0.00    0.00       0.00    0.00   -0.00   -0.00      0.000   0.000  -0.000
