1SPECTRUM OF (Z= 82 A=207) IN PARTICLE-ROTOR  MODEL WITH MODIFIED OSCILLATOR POTENTIAL


 PARITY=-   EPS= 0.355   GAMMA=  0.0   EPS4=0.000   EPS6=0.000   LEVELS:  25  26  27  28  29  30  31  32  33  34  35  36  37  38  39

 PAIRING FACTORS: GN0= 19.20  GN1=  7.40  IPAIR= 15 ***  E2PLUS(INPUT)=   0.730  E2PLUR(INPUT)=   0.000

 CORIOLIS ATTENUATION PARAMETERS:  CHSI=1.000  ETA=  1.00

 MOMENT OF INERTIA PARAMETERS:   A1=  0.122 MEV   A2=  0.122 MEV   A3=121.91925 MEV


 DELTA=0.891 MEV  LAMBDA=53.3900 MEV   HW0= 7.5264 MEV   LAMBDA/HW0= 7.0937

 E2ENERGY=0.730 MEV  HBAR**2/B=23367./A**(7/3)=3950.2/A**2 MEV

 IREC=0  =>  RECOIL TERMS j+j-, j+j+, jzjz, ETC TREATED AS ONE-BODY OPERATORS WITH UU+VV PAIRING FACTORS



 S. P. LEVEL   EQP       U     V        (UU + VV)**1.00

     25       4.243    0.106 0.994      1.000 0.999 0.997 0.995 0.972 0.954 0.932 0.775 0.670 0.559 0.318 0.310 0.265 0.250 0.224
     26       3.030    0.149 0.989      0.999 1.000 0.999 0.998 0.982 0.966 0.947 0.802 0.702 0.595 0.359 0.351 0.306 0.292 0.266
     27       2.471    0.183 0.983      0.997 0.999 1.000 1.000 0.988 0.974 0.957 0.822 0.726 0.623 0.392 0.383 0.340 0.325 0.300
     28       2.201    0.207 0.978      0.995 0.998 1.000 1.000 0.991 0.980 0.964 0.836 0.742 0.641 0.414 0.405 0.362 0.348 0.323
     29       1.414    0.335 0.942      0.972 0.982 0.988 0.991 1.000 0.998 0.991 0.901 0.825 0.737 0.531 0.523 0.482 0.469 0.445
     30       1.216    0.400 0.917      0.954 0.966 0.974 0.980 0.998 1.000 0.998 0.929 0.862 0.783 0.589 0.581 0.542 0.529 0.507
     31       1.092    0.460 0.888      0.932 0.947 0.957 0.964 0.991 0.998 1.000 0.952 0.894 0.822 0.641 0.634 0.597 0.585 0.563
     32       0.891    0.710 0.704      0.775 0.802 0.822 0.836 0.901 0.929 0.952 1.000 0.988 0.957 0.846 0.841 0.815 0.806 0.790
     33       0.937    0.809 0.588      0.670 0.702 0.726 0.742 0.825 0.862 0.894 0.988 1.000 0.990 0.917 0.913 0.893 0.886 0.874
     34       1.076    0.883 0.469      0.559 0.595 0.623 0.641 0.737 0.783 0.822 0.957 0.990 1.000 0.964 0.961 0.947 0.942 0.933
     35       2.108    0.976 0.217      0.318 0.359 0.392 0.414 0.531 0.589 0.641 0.846 0.917 0.964 1.000 1.000 0.998 0.997 0.995
     36       2.196    0.978 0.207      0.310 0.351 0.383 0.405 0.523 0.581 0.634 0.841 0.913 0.961 1.000 1.000 0.999 0.998 0.996
     37       2.798    0.987 0.161      0.265 0.306 0.340 0.362 0.482 0.542 0.597 0.815 0.893 0.947 0.998 0.999 1.000 1.000 0.999
     38       3.081    0.989 0.146      0.250 0.292 0.325 0.348 0.469 0.529 0.585 0.806 0.886 0.942 0.997 0.998 1.000 1.000 1.000
     39       3.742    0.993 0.120      0.224 0.266 0.300 0.323 0.445 0.507 0.563 0.790 0.874 0.933 0.995 0.996 0.999 1.000 1.000

  R CORE   ENERGY   A0R/A00=1.000    R3= 0     2  
   2( 1)    0.732                    1.000 0.000
   2( 2)  487.921                    0.000 1.000

  R CORE   ENERGY   A0R/A00=1.000    R3= 0     2  
   3( 1)  488.652                    0.000 1.000

  R CORE   ENERGY   A0R/A00=1.000    R3= 0     2     4  
   4( 1)    2.438                    1.000 0.000 0.000

  R CORE   ENERGY   A0R/A00=1.000    R3= 0     2     4  
   5( 1)  490.847                    0.000 1.000 0.000

  R CORE   ENERGY   A0R/A00=1.000    R3= 0     2     4     6  
   6( 1)    5.121                    1.000 0.000 0.000 0.000

  R CORE   ENERGY   A0R/A00=1.000    R3= 0     2     4     6  
   7( 1)  494.017                    0.000 1.000 0.000 0.000

          AXIAL SYMMETRY => K RESTRICTED TO OMEGA

                     K
     S.P. ORB#: 25  0.50
     S.P. ORB#: 26  2.50
     S.P. ORB#: 27 -3.50
     S.P. ORB#: 28  0.50
     S.P. ORB#: 29 -1.50
     S.P. ORB#: 30  0.50
     S.P. ORB#: 31 -1.50
     S.P. ORB#: 32 -3.50
     S.P. ORB#: 33  2.50
     S.P. ORB#: 34  4.50
     S.P. ORB#: 35  0.50
     S.P. ORB#: 36 -3.50
     S.P. ORB#: 37 -1.50
     S.P. ORB#: 38  2.50
     S.P. ORB#: 39  0.50
 

             ENERGY    K= OMEGA
 
 I=  1/2- (1)  2.476  30: 0.998
 
 I=  1/2- (2)  4.093  25:-0.076
                      39:-0.997
 
 I=  1/2- (3)  5.493  28:-0.307
                      35: 0.952
 
 I=  1/2- (4)  5.867  25: 0.996
                      39:-0.074
 
 I=  1/2- (5)  8.846  28:-0.952
                      35:-0.307

             ENERGY    K= OMEGA
 
 I=  3/2- (1)  2.350  25: 0.093
                      30:-0.185
                      31: 0.976
                      39:-0.055
 
 I=  3/2- (2)  2.504  25:-0.189
                      30:-0.923
                      31:-0.139
                      37:-0.281
                      39: 0.116

             ENERGY    K= OMEGA
 
 I=  5/2- (1)  2.454  25: 0.253
                      30:-0.465
                      31:-0.797
                      37: 0.096
                      38: 0.232
                      39:-0.141
 
 I=  5/2- (2)  3.373  26: 0.061
                      30:-0.725
                      31: 0.453
                      37: 0.491
                      38:-0.149
 
 I=  5/2- (3)  3.769  25:-0.092
                      26: 0.055
                      30: 0.210
                      31: 0.127
                      37: 0.452
                      38: 0.844
                      39: 0.114
 
 I=  5/2- (4)  4.397  26: 0.112
                      30: 0.391
                      31:-0.308
                      37: 0.710
                      38:-0.460
                      39: 0.155
 
 I=  5/2- (5)  4.820  26:-0.975
                      37: 0.106
                      39: 0.194

             ENERGY    K= OMEGA
 
 I=  7/2- (1)  1.721  26:-0.179
                      32: 0.982
 
 I=  7/2- (2)  3.304  25:-0.227
                      31:-0.889
                      38:-0.374
                      39: 0.120
 
 I=  7/2- (3)  3.421  25:-0.232
                      30:-0.872
                      31: 0.055
                      37:-0.382
                      38: 0.125
                      39: 0.139
 
 I=  7/2- (4)  3.744  28:-0.681
                      29:-0.585
                      33:-0.403
                      36:-0.177
 
 I=  7/2- (5)  4.331  26:-0.206
                      27:-0.941
                      30:-0.095
                      31: 0.104
                      37: 0.099
                      38:-0.204

             ENERGY    K= OMEGA
 
 I=  9/2- (1)  1.990  26:-0.081
                      27: 0.174
                      32:-0.291
                      34:-0.937
 
 I=  9/2- (2)  2.721  26: 0.243
                      27: 0.093
                      31: 0.056
                      32: 0.918
                      34:-0.289
                      38:-0.051
 
 I=  9/2- (3)  3.468  25:-0.360
                      30: 0.499
                      31: 0.704
                      32:-0.072
                      37:-0.149
                      38:-0.259
                      39: 0.178
 
 I=  9/2- (4)  4.665  28:-0.216
                      29: 0.553
                      33:-0.677
                      36: 0.434
 
 I=  9/2- (5)  5.223  26: 0.103
                      30:-0.616
                      31: 0.484
                      32:-0.056
                      37: 0.571
                      38:-0.207

             ENERGY    K= OMEGA
 
 I= 11/2- (1)  3.106  26: 0.136
                      27: 0.236
                      32:-0.388
                      34: 0.880
 
 I= 11/2- (2)  3.128  28:-0.658
                      29:-0.581
                      33:-0.422
                      35:-0.061
                      36:-0.219
 
 I= 11/2- (3)  3.953  26: 0.284
                      27:-0.139
                      31:-0.069
                      32:-0.860
                      34:-0.388
                      38:-0.066
 
 I= 11/2- (4)  5.124  25:-0.379
                      30:-0.430
                      31:-0.717
                      32: 0.095
                      37:-0.152
                      38:-0.295
                      39: 0.194
 
 I= 11/2- (5)  5.300  25:-0.106
                      30:-0.717
                      31: 0.441
                      37:-0.391
                      38: 0.345
                      39: 0.072

             ENERGY    K= OMEGA
 
 I= 13/2- (1)  4.443  26:-0.182
                      27: 0.276
                      32:-0.448
                      34:-0.830
 
 I= 13/2- (2)  5.132  28: 0.215
                      29:-0.549
                      33: 0.671
                      36:-0.448
 
 I= 13/2- (3)  5.301  25:-0.349
                      26: 0.181
                      27: 0.115
                      30: 0.406
                      31: 0.559
                      32: 0.436
                      34:-0.264
                      37:-0.116
                      38:-0.237
                      39: 0.160
 
 I= 13/2- (4)  5.484  25: 0.244
                      26: 0.252
                      27: 0.137
                      30:-0.302
                      31:-0.352
                      32: 0.689
                      34:-0.366
                      37: 0.113
                      38: 0.096
                      39:-0.111
 
 I= 13/2- (5)  8.042  26: 0.117
                      27:-0.072
                      30:-0.537
                      31: 0.481
                      32:-0.098
                      37: 0.647
                      38:-0.152
                      39: 0.097

             ENERGY     K= 1/2
  32 LEVELS    TIME=  0.0 SEC



 ******************* EXCITATION ENERGIES, DOMINANT CONFIGURATION AND EXPECTATION VALUES (WITH S.P. UU+VV FACTORS) *******************

  NR  Eex(keV)  I   Kdom  NY    <Jz>  <Jx**2> <Jy**2> <Jz**2> <I.j>/|I|  <Rx**2> <Ry**2> <Rz**2> <R.j>/|R|  <HROTx> <HROTy> <HROTz>

   1    0.0   7/2-  -7/2  32   -3.30    2.31    2.31   12.05    3.30       3.10    3.10    0.00   -1.43      0.378   0.378   0.000
   2  269.0   9/2-   9/2  34    3.57    2.51    2.51   19.24    4.21       3.59    3.59    0.00   -1.25      0.437   0.437   0.000
   3  628.4   3/2-  -3/2  31   -1.41    4.82    4.82    2.16    1.44       4.98    4.98    0.00   -2.85      0.608   0.608   0.000
   4  732.2   5/2-  -3/2  31   -0.68    4.95    4.95    1.87    2.14       3.92    3.92    0.00   -1.94      0.478   0.478   0.000
   5  754.5   1/2-   1/2  30    0.50    4.88    4.88    0.25    0.29       5.13    5.13    0.00   -3.05      0.625   0.625   0.000
  
   6  783.0   3/2-   1/2  30    0.30    4.34    4.34    0.45    1.16       4.20    4.20    0.00   -2.38      0.511   0.511   0.000
   7  999.6   9/2-  -7/2  32   -2.45    2.40    2.40   12.51    2.85       6.83    6.83    0.00   -0.84      0.833   0.833   0.000
   8 1384.5  11/2-   9/2  34    2.81    2.71    2.71   18.34    3.64       7.97    7.97    0.00   -0.49      0.972   0.972   0.000
   9 1406.5  11/2-   1/2  28   -0.01   23.78   23.78    2.57    6.21       5.82    5.82    0.00   -3.81      0.709   0.709   0.000
  10 1582.9   7/2-  -3/2  31   -0.80    4.47    4.47    2.70    1.66       7.09    7.09    0.00   -1.34      0.865   0.865   0.000
  
  11 1651.9   5/2-   1/2  30   -0.34    3.89    3.89    1.30    0.59       7.16    7.16    0.00   -1.94      0.873   0.873   0.000
  12 1699.2   7/2-   1/2  30    0.23    4.13    4.13    0.65    1.32       7.10    7.10    0.00   -0.98      0.866   0.866   0.000
  13 1746.7   9/2-  -3/2  31   -0.42    5.08    5.08    1.76    2.30       6.90    6.90    0.00   -0.13      0.842   0.842   0.000
  14 2022.4   7/2-   1/2  28    0.01   23.44   23.44    2.29    6.09       8.28    8.28    0.00   -6.14      1.009   1.009   0.000
  15 2047.9   5/2-   5/2  38    1.49    2.03    2.03    4.98    1.84       3.45    3.45    0.00   -1.37      0.421   0.421   0.000
  
  16 2231.0  11/2-  -7/2  32   -1.78    2.48    2.48   12.89    2.55      11.56   11.56    0.00   -0.54      1.409   1.409   0.000
  17 2371.5   1/2-   1/2  39    0.50    1.56    1.56    0.25    0.71       1.44    1.44    0.00   -1.62      0.176   0.176   0.000
  18 2609.4   7/2-  -7/2  27   -2.92    5.93    5.93   11.43    3.02       7.52    7.52    0.00   -2.91      0.917   0.917   0.000
  19 2675.4   5/2-  -3/2  37   -0.25    2.78    2.78    2.79    0.23       7.86    7.86    0.00   -1.93      0.959   0.959   0.000
  20 2721.5  13/2-   9/2  34    2.21    2.88    2.88   17.55    3.26      13.25   13.25    0.00   -0.10      1.616   1.616   0.000
  
  21 2944.0   9/2-   5/2  33    0.05   24.21   24.21    5.87    5.24      13.48   13.48    0.00   -5.44      1.643   1.643   0.000
  22 3098.7   5/2-   5/2  26    2.38    5.82    5.82    5.98    2.01       7.24    7.24    0.00   -3.07      0.883   0.883   0.000
  23 3403.0  11/2-  -3/2  31   -0.43    4.39    4.39    1.97    1.66      13.32   13.32    0.00   -0.16      1.624   1.624   0.000
  24 3410.6  13/2-   5/2  33   -0.00   24.21   24.21    5.97    5.19      15.33   15.33    0.00   -3.28      1.869   1.869   0.000
  25 3501.8   9/2-   1/2  30   -0.53    3.50    3.50    1.75    0.55      14.00   14.00    0.00   -1.13      1.707   1.707   0.000
  
  26 3578.8  11/2-   1/2  30    0.04    4.03    4.03    1.70    1.34      14.75   14.75    0.00   -0.32      1.798   1.798   0.000
  27 3579.8  13/2-  -3/2  31   -0.51    4.39    4.39    5.27    2.41      14.60   14.60    0.00    0.51      1.780   1.780   0.000
  28 3762.1  13/2-  -7/2  32   -1.07    3.40    3.40    9.56    2.27      16.69   16.69    0.00   -0.09      2.034   2.034   0.000
  29 3771.4   1/2-   1/2  35    0.50   12.29   12.29    0.25   -1.22      13.84   13.84    0.00   -4.92      1.688   1.688   0.000
  30 4145.1   1/2-   1/2  25    0.50    6.76    6.76    0.25    0.65       6.70    6.70   -0.00   -3.61      0.817   0.817  -0.000
  
  31 6320.2  13/2-  -3/2  37   -0.79    3.18    3.18    1.96    0.51      25.00   25.00    0.00   -0.68      3.048   3.048   0.000
  32 7124.5   1/2-   1/2  28    0.50   23.75   23.75    0.25   -3.51      27.29   27.29    0.00   -6.87      3.327   3.327   0.000
