1SPECTRUM OF (Z= 82 A=207) IN PARTICLE-ROTOR  MODEL WITH MODIFIED OSCILLATOR POTENTIAL


 PARITY=-   EPS= 0.175   GAMMA=  0.0   EPS4=0.000   EPS6=0.000   LEVELS:  24  25  26  27  28  29  30  31  32  33  34  35  36  37  38

 PAIRING FACTORS: GN0= 19.20  GN1=  7.40  IPAIR= 15 ***  E2PLUS(INPUT)=   0.730  E2PLUR(INPUT)=   0.000

 CORIOLIS ATTENUATION PARAMETERS:  CHSI=1.000  ETA=  1.00

 MOMENT OF INERTIA PARAMETERS:   A1=  0.122 MEV   A2=  0.122 MEV   A3=121.91923 MEV


 DELTA=0.896 MEV  LAMBDA=53.4438 MEV   HW0= 7.4373 MEV   LAMBDA/HW0= 7.1859

 E2ENERGY=0.730 MEV  HBAR**2/B= 5678./A**(7/3)= 959.9/A**2 MEV

 IREC=0  =>  RECOIL TERMS j+j-, j+j+, jzjz, ETC TREATED AS ONE-BODY OPERATORS WITH UU+VV PAIRING FACTORS



 S. P. LEVEL   EQP       U     V        (UU + VV)**1.00

     24       5.121    0.088 0.996      1.000 1.000 1.000 1.000 0.998 0.995 0.992 0.990 0.807 0.703 0.464 0.356 0.322 0.277 0.235
     25       4.331    0.104 0.995      1.000 1.000 1.000 1.000 0.999 0.996 0.994 0.992 0.816 0.714 0.478 0.371 0.338 0.292 0.251
     26       3.861    0.117 0.993      1.000 1.000 1.000 1.000 0.999 0.997 0.996 0.994 0.823 0.723 0.490 0.383 0.350 0.304 0.264
     27       3.827    0.118 0.993      1.000 1.000 1.000 1.000 0.999 0.997 0.996 0.994 0.824 0.724 0.490 0.384 0.351 0.305 0.265
     28       2.958    0.153 0.988      0.998 0.999 0.999 0.999 1.000 0.999 0.998 0.997 0.844 0.748 0.521 0.417 0.384 0.339 0.299
     29       2.419    0.189 0.982      0.995 0.996 0.997 0.997 0.999 1.000 1.000 0.999 0.862 0.771 0.551 0.449 0.417 0.373 0.333
     30       2.191    0.209 0.978      0.992 0.994 0.996 0.996 0.998 1.000 1.000 1.000 0.873 0.785 0.569 0.468 0.436 0.392 0.353
     31       2.031    0.226 0.974      0.990 0.992 0.994 0.994 0.997 0.999 1.000 1.000 0.881 0.796 0.583 0.483 0.452 0.408 0.369
     32       0.903    0.660 0.752      0.807 0.816 0.823 0.824 0.844 0.862 0.873 0.881 1.000 0.987 0.898 0.840 0.820 0.791 0.765
     33       0.912    0.770 0.638      0.703 0.714 0.723 0.724 0.748 0.771 0.785 0.796 0.987 1.000 0.956 0.915 0.900 0.878 0.857
     34       1.262    0.923 0.384      0.464 0.478 0.490 0.490 0.521 0.551 0.569 0.583 0.898 0.956 1.000 0.993 0.988 0.980 0.970
     35       1.706    0.962 0.273      0.356 0.371 0.383 0.384 0.417 0.449 0.468 0.483 0.840 0.915 0.993 1.000 0.999 0.996 0.992
     36       1.937    0.971 0.238      0.322 0.338 0.350 0.351 0.384 0.417 0.436 0.452 0.820 0.900 0.988 0.999 1.000 0.999 0.996
     37       2.387    0.982 0.191      0.277 0.292 0.304 0.305 0.339 0.373 0.392 0.408 0.791 0.878 0.980 0.996 0.999 1.000 0.999
     38       3.034    0.989 0.149      0.235 0.251 0.264 0.265 0.299 0.333 0.353 0.369 0.765 0.857 0.970 0.992 0.996 0.999 1.000

  R CORE   ENERGY   A0R/A00=1.000    R3= 0     2  
   2( 1)    0.732                    1.000 0.000
   2( 2)  487.921                    0.000 1.000

  R CORE   ENERGY   A0R/A00=1.000    R3= 0     2  
   3( 1)  488.652                    0.000 1.000

  R CORE   ENERGY   A0R/A00=1.000    R3= 0     2     4  
   4( 1)    2.438                    1.000 0.000 0.000

  R CORE   ENERGY   A0R/A00=1.000    R3= 0     2     4  
   5( 1)  490.847                    0.000 1.000 0.000

  R CORE   ENERGY   A0R/A00=1.000    R3= 0     2     4     6  
   6( 1)    5.121                    1.000 0.000 0.000 0.000

  R CORE   ENERGY   A0R/A00=1.000    R3= 0     2     4     6  
   7( 1)  494.017                    0.000 1.000 0.000 0.000

          AXIAL SYMMETRY => K RESTRICTED TO OMEGA

                     K
     S.P. ORB#: 24  2.50
     S.P. ORB#: 25  2.50
     S.P. ORB#: 26  0.50
     S.P. ORB#: 27 -3.50
     S.P. ORB#: 28 -3.50
     S.P. ORB#: 29  4.50
     S.P. ORB#: 30  0.50
     S.P. ORB#: 31 -1.50
     S.P. ORB#: 32 -1.50
     S.P. ORB#: 33  2.50
     S.P. ORB#: 34  0.50
     S.P. ORB#: 35  0.50
     S.P. ORB#: 36 -1.50
     S.P. ORB#: 37  2.50
     S.P. ORB#: 38 -3.50
 

             ENERGY    K= OMEGA
 
 I=  1/2- (1)  1.499  26:-0.063
                      34:-0.998
 
 I=  1/2- (2)  3.198  30: 1.000
 
 I=  1/2- (3)  4.974  26: 0.998
                      34:-0.063
 
 I=  1/2- (4)  9.798  35: 1.000
 
 I=  1/2- (5)147.206  32:-1.000

             ENERGY    K= OMEGA
 
 I=  3/2- (1)  1.371  26: 0.051
                      30: 0.194
                      31: 0.114
                      32: 0.969
                      34:-0.088
 
 I=  3/2- (2)  2.160  30:-0.140
                      31:-0.113
                      32: 0.130
                      34: 0.975

             ENERGY    K= OMEGA
 
 I=  5/2- (1)  1.376  26:-0.050
                      30: 0.132
                      31: 0.182
                      32:-0.393
                      33:-0.887
                      34: 0.071
 
 I=  5/2- (2)  1.978  30:-0.233
                      31: 0.165
                      32: 0.875
                      33:-0.386
 
 I=  5/2- (3)  2.180  30: 0.131
                      31: 0.173
                      33: 0.125
                      34: 0.968
 
 I=  5/2- (4)  3.248  24: 0.071
                      26:-0.391
                      30: 0.452
                      31: 0.740
                      32: 0.074
                      33: 0.188
                      34:-0.222
 
 I=  5/2- (5)  4.536  24: 0.063
                      26: 0.073
                      30:-0.798
                      31: 0.522
                      32:-0.266
                      33: 0.101

             ENERGY    K= OMEGA
 
 I=  7/2- (1)  2.007  30: 0.177
                      31:-0.220
                      32: 0.486
                      33:-0.826
 
 I=  7/2- (2)  2.614  25:-0.067
                      26:-0.178
                      28: 0.061
                      30:-0.353
                      31:-0.298
                      32:-0.722
                      33:-0.423
                      34: 0.208
 
 I=  7/2- (3)  3.661  24:-0.070
                      25: 0.247
                      27: 0.149
                      28:-0.925
                      30:-0.084
                      31:-0.051
                      34: 0.210
 
 I=  7/2- (4)  3.778  26: 0.066
                      28:-0.210
                      30: 0.115
                      31: 0.206
                      32:-0.310
                      33:-0.208
                      34:-0.867
 
 I=  7/2- (5)  4.128  35: 0.719
                      36: 0.575
                      37: 0.358
                      38: 0.155

             ENERGY    K= OMEGA
 
 I=  9/2- (1)  2.656  26: 0.177
                      27:-0.091
                      29: 0.116
                      30:-0.302
                      31:-0.365
                      32: 0.460
                      33: 0.687
                      34:-0.189
 
 I=  9/2- (2)  3.127  24: 0.072
                      25: 0.074
                      27: 0.285
                      28: 0.183
                      29:-0.924
                      30:-0.058
                      32: 0.082
                      33: 0.083
 
 I=  9/2- (3)  3.776  24:-0.068
                      25: 0.104
                      26: 0.065
                      28: 0.131
                      30: 0.092
                      31:-0.334
                      32:-0.663
                      33: 0.119
                      34:-0.622
 
 I=  9/2- (4)  3.821  25:-0.076
                      26: 0.060
                      28:-0.117
                      30:-0.331
                      32: 0.384
                      33:-0.578
                      34:-0.618
 
 I=  9/2- (5)  4.542  24: 0.135
                      25:-0.301
                      26:-0.119
                      27: 0.190
                      28:-0.851
                      29:-0.127
                      30: 0.168
                      31: 0.075
                      32:-0.108
                      33: 0.193
                      34:-0.135

             ENERGY    K= OMEGA
 
 I= 11/2- (1)  2.951  35: 0.682
                      36: 0.576
                      37: 0.402
                      38: 0.204
 
 I= 11/2- (2)  3.809  24: 0.087
                      25: 0.101
                      27:-0.270
                      28:-0.123
                      29:-0.460
                      30: 0.205
                      31:-0.271
                      32: 0.429
                      33:-0.619
 
 I= 11/2- (3)  4.084  24: 0.098
                      25: 0.074
                      27:-0.300
                      28:-0.194
                      29:-0.733
                      30:-0.187
                      31: 0.123
                      32:-0.351
                      33: 0.381
 
 I= 11/2- (4)  4.555  24:-0.075
                      25: 0.118
                      26: 0.286
                      28:-0.161
                      29:-0.077
                      30: 0.409
                      31: 0.411
                      32: 0.548
                      33: 0.411
                      34:-0.243
 
 I= 11/2- (5)  5.622  24:-0.151
                      25: 0.362
                      26:-0.091
                      27: 0.231
                      28:-0.843
                      29: 0.164
                      30:-0.146
                      31:-0.065
                      33:-0.060
                      34: 0.129

             ENERGY    K= OMEGA
 
 I= 13/2- (1)  4.595  24:-0.103
                      25:-0.079
                      26: 0.272
                      27:-0.206
                      28:-0.072
                      29: 0.248
                      30:-0.370
                      31:-0.439
                      32: 0.390
                      33: 0.521
                      34:-0.216
 
 I= 13/2- (2)  5.147  35:-0.230
                      36: 0.578
                      37:-0.653
                      38: 0.432
 
 I= 13/2- (3)  5.152  24: 0.136
                      25: 0.139
                      26: 0.115
                      27: 0.417
                      28: 0.253
                      29:-0.776
                      30:-0.170
                      31:-0.145
                      32: 0.156
                      33: 0.151
                      34:-0.112
 
 I= 13/2- (4)  6.358  24:-0.143
                      25: 0.209
                      26: 0.104
                      27:-0.113
                      28: 0.299
                      30: 0.089
                      31:-0.328
                      32:-0.646
                      34:-0.536
 
 I= 13/2- (5)  6.485  24: 0.065
                      25:-0.162
                      26: 0.072
                      27: 0.110
                      28:-0.296
                      30:-0.310
                      31: 0.075
                      32: 0.218
                      33:-0.616
                      34:-0.580

             ENERGY     K=-7/2
  32 LEVELS    TIME=  0.0 SEC



 ******************* EXCITATION ENERGIES, DOMINANT CONFIGURATION AND EXPECTATION VALUES (WITH S.P. UU+VV FACTORS) *******************

  NR  Eex(keV)  I   Kdom  NY    <Jz>  <Jx**2> <Jy**2> <Jz**2> <I.j>/|I|  <Rx**2> <Ry**2> <Rz**2> <R.j>/|R|  <HROTx> <HROTy> <HROTz>

   1    0.0   3/2-  -3/2  32   -1.40    1.51    1.51    2.15    1.47       1.62    1.62   -0.00   -1.30      0.197   0.197  -0.001
   2    4.5   5/2-   5/2  33    1.70    1.78    1.78    5.35    2.44       1.61    1.61    0.00   -0.95      0.197   0.197   0.000
   3  128.1   1/2-   1/2  34    0.50    1.15    1.15    0.25    0.84       0.93    0.93   -0.00   -1.35      0.113   0.113  -0.000
   4  606.8   5/2-  -3/2  32   -0.78    1.53    1.53    2.74    1.12       3.96    3.96   -0.00   -0.88      0.482   0.482  -0.001
   5  636.2   7/2-   5/2  33    1.29    1.92    1.92    4.94    2.06       4.09    4.09    0.00   -0.21      0.498   0.498   0.001
  
   6  788.9   3/2-   1/2  34    0.44    1.26    1.26    0.31   -0.16       3.59    3.59    0.00   -1.17      0.438   0.438   0.000
   7  809.1   5/2-   1/2  34    0.47    1.47    1.47    0.41    0.82       3.62    3.62   -0.00   -0.34      0.442   0.442  -0.000
   8 1243.1   7/2-  -3/2  32   -0.37    1.71    1.71    2.64    1.39       5.37    5.37   -0.00   -0.16      0.655   0.655  -0.002
   9 1284.9   9/2-   5/2  33    0.78    2.77    2.77    4.16    2.37       5.42    5.42    0.00    0.64      0.661   0.661   0.001
  10 1580.2  11/2-   1/2  35   -0.01   28.46   28.46    2.38    7.26       4.11    4.11    0.00   -5.54      0.501   0.501   0.000
  
  11 1756.5   9/2-   9/2  29    3.47    2.77    2.77   18.81    4.46       2.36    2.36    0.00   -1.00      0.287   0.287   0.000
  12 1826.7   1/2-   1/2  30    0.50    3.98    3.98    0.25    0.41       4.12    4.12    0.00   -2.74      0.503   0.503   0.000
  13 1876.7   5/2-  -3/2  31   -0.53    3.77    3.77    1.60    1.68       3.99    3.99   -0.00   -1.48      0.486   0.486  -0.000
  14 2289.9   7/2-  -7/2  28   -2.89    2.25    2.25   11.19    3.27       2.75    2.75    0.00   -1.16      0.336   0.336   0.000
  15 2404.7   9/2-  -3/2  32   -0.62    1.45    1.45    1.76    0.91      10.20   10.20   -0.00   -0.03      1.243   1.243  -0.002
  
  16 2407.0   7/2-   1/2  34    0.13    1.61    1.61    1.35    0.06       9.92    9.92    0.00   -0.97      1.209   1.209   0.000
  17 2438.5  11/2-   5/2  33    1.28    2.85    2.85    8.46    2.71       8.76    8.76    0.00    0.49      1.068   1.068   0.001
  18 2449.6   9/2-   1/2  34    0.82    1.96    1.96    2.78    1.04      10.54   10.54   -0.00   -0.33      1.285   1.285  -0.000
  19 2712.7  11/2-   9/2  29    2.18    2.72    2.72   13.76    3.29       7.79    7.79    0.00    0.12      0.950   0.950   0.000
  20 2756.5   7/2-   1/2  35   -0.00   28.60   28.60    1.97    7.14       9.13    9.13   -0.00   -7.22      1.113   1.113  -0.000
  
  21 3165.3   5/2-   1/2  30   -0.16    4.06    4.06    1.02   -0.40      10.14   10.14    0.00   -2.30      1.236   1.236   0.001
  22 3171.3   9/2-  -7/2  28   -2.22    2.38    2.38   10.60    2.76       6.33    6.33    0.00   -0.46      0.772   0.772   0.000
  23 3184.4  11/2-  -3/2  32   -0.15    2.12    2.12    2.78    1.63      11.65   11.65   -0.00    0.56      1.421   1.421  -0.002
  24 3224.1  13/2-   5/2  33    0.44    3.71    3.71    4.47    2.72      11.35   11.35    0.00    1.49      1.383   1.383   0.001
  25 3602.7   1/2-   1/2  26    0.50    4.69    4.69    0.25    0.67       4.61    4.61   -0.00   -2.98      0.562   0.562  -0.000
  
  26 3776.0  13/2-   5/2  37   -0.06   27.32   27.32    5.72    6.15      11.59   11.59    0.00   -3.61      1.413   1.413   0.000
  27 3780.9  13/2-   9/2  29    1.99    3.56    3.56   15.60    3.68      10.04   10.04    0.00    0.66      1.224   1.224   0.000
  28 4251.2  11/2-  -7/2  28   -2.14    2.47    2.47   10.91    2.63      10.07   10.07    0.00   -0.03      1.227   1.227   0.000
  29 4987.1  13/2-  -3/2  32   -0.82    1.72    1.72    2.96    1.17      19.39   19.39   -0.00    0.29      2.364   2.364  -0.001
  30 5114.4  13/2-   5/2  33    0.81    2.10    2.10    4.02    1.15      20.46   20.46   -0.00   -0.03      2.494   2.494  -0.000
  
  31 8426.9   1/2-   1/2  35    0.50   29.13   29.13    0.25   -4.11      33.18   33.18   -0.00   -7.62      4.046   4.046  -0.000
  32*******   1/2-  -3/2  32    0.00    0.00    0.00    0.00   -0.00       0.00    0.00   -0.00   -0.00      0.000   0.000  -0.000
