1SPECTRUM OF (Z= 82 A=207) IN PARTICLE-ROTOR  MODEL WITH MODIFIED OSCILLATOR POTENTIAL


 PARITY=-   EPS= 0.252   GAMMA=  0.0   EPS4=0.000   EPS6=0.000   LEVELS:  25  26  27  28  29  30  31  32  33  34  35  36  37  38  39

 PAIRING FACTORS: GN0= 19.20  GN1=  7.40  IPAIR= 15 ***  E2PLUS(INPUT)=   0.730  E2PLUR(INPUT)=   0.000

 CORIOLIS ATTENUATION PARAMETERS:  CHSI=1.000  ETA=  1.00

 MOMENT OF INERTIA PARAMETERS:   A1=  0.122 MEV   A2=  0.122 MEV   A3=121.91924 MEV


 DELTA=0.938 MEV  LAMBDA=53.3964 MEV   HW0= 7.4669 MEV   LAMBDA/HW0= 7.1510

 E2ENERGY=0.730 MEV  HBAR**2/B=11775./A**(7/3)=1990.5/A**2 MEV

 IREC=0  =>  RECOIL TERMS j+j-, j+j+, jzjz, ETC TREATED AS ONE-BODY OPERATORS WITH UU+VV PAIRING FACTORS



 S. P. LEVEL   EQP       U     V        (UU + VV)**1.00

     25       4.132    0.114 0.993      1.000 1.000 1.000 0.990 0.988 0.983 0.970 0.744 0.578 0.469 0.413 0.395 0.327 0.289 0.233
     26       3.836    0.123 0.992      1.000 1.000 1.000 0.991 0.989 0.985 0.972 0.750 0.586 0.477 0.421 0.403 0.335 0.297 0.241
     27       3.290    0.144 0.990      1.000 1.000 1.000 0.994 0.992 0.988 0.977 0.764 0.603 0.495 0.440 0.422 0.355 0.317 0.262
     28       1.905    0.255 0.967      0.990 0.991 0.994 1.000 1.000 0.999 0.995 0.831 0.689 0.590 0.538 0.521 0.458 0.422 0.369
     29       1.830    0.266 0.964      0.988 0.989 0.992 1.000 1.000 1.000 0.996 0.838 0.697 0.599 0.548 0.531 0.469 0.433 0.380
     30       1.669    0.294 0.956      0.983 0.985 0.988 0.999 1.000 1.000 0.998 0.853 0.718 0.622 0.572 0.556 0.494 0.459 0.406
     31       1.424    0.352 0.936      0.970 0.972 0.977 0.995 0.996 0.998 1.000 0.884 0.759 0.669 0.622 0.606 0.547 0.512 0.462
     32       0.945    0.749 0.663      0.744 0.750 0.764 0.831 0.838 0.853 0.884 1.000 0.975 0.939 0.916 0.908 0.875 0.855 0.823
     33       1.112    0.877 0.481      0.578 0.586 0.603 0.689 0.697 0.718 0.759 0.975 1.000 0.992 0.982 0.978 0.960 0.948 0.928
     34       1.381    0.931 0.365      0.469 0.477 0.495 0.590 0.599 0.622 0.669 0.939 0.992 1.000 0.998 0.997 0.988 0.981 0.968
     35       1.609    0.952 0.306      0.413 0.421 0.440 0.538 0.548 0.572 0.622 0.916 0.982 0.998 1.000 1.000 0.996 0.991 0.982
     36       1.706    0.958 0.287      0.395 0.403 0.422 0.521 0.531 0.556 0.606 0.908 0.978 0.997 1.000 1.000 0.997 0.994 0.985
     37       2.215    0.976 0.217      0.327 0.335 0.355 0.458 0.469 0.494 0.547 0.875 0.960 0.988 0.996 0.997 1.000 0.999 0.995
     38       2.687    0.984 0.177      0.289 0.297 0.317 0.422 0.433 0.459 0.512 0.855 0.948 0.981 0.991 0.994 0.999 1.000 0.998
     39       3.939    0.993 0.120      0.233 0.241 0.262 0.369 0.380 0.406 0.462 0.823 0.928 0.968 0.982 0.985 0.995 0.998 1.000

  R CORE   ENERGY   A0R/A00=1.000    R3= 0     2  
   2( 1)    0.732                    1.000 0.000
   2( 2)  487.921                    0.000 1.000

  R CORE   ENERGY   A0R/A00=1.000    R3= 0     2  
   3( 1)  488.652                    0.000 1.000

  R CORE   ENERGY   A0R/A00=1.000    R3= 0     2     4  
   4( 1)    2.438                    1.000 0.000 0.000

  R CORE   ENERGY   A0R/A00=1.000    R3= 0     2     4  
   5( 1)  490.847                    0.000 1.000 0.000

  R CORE   ENERGY   A0R/A00=1.000    R3= 0     2     4     6  
   6( 1)    5.121                    1.000 0.000 0.000 0.000

  R CORE   ENERGY   A0R/A00=1.000    R3= 0     2     4     6  
   7( 1)  494.017                    0.000 1.000 0.000 0.000

          AXIAL SYMMETRY => K RESTRICTED TO OMEGA

                     K
     S.P. ORB#: 25  0.50
     S.P. ORB#: 26  2.50
     S.P. ORB#: 27 -3.50
     S.P. ORB#: 28 -3.50
     S.P. ORB#: 29  0.50
     S.P. ORB#: 30 -1.50
     S.P. ORB#: 31  4.50
     S.P. ORB#: 32  0.50
     S.P. ORB#: 33 -1.50
     S.P. ORB#: 34 -1.50
     S.P. ORB#: 35  2.50
     S.P. ORB#: 36  2.50
     S.P. ORB#: 37  0.50
     S.P. ORB#: 38 -3.50
     S.P. ORB#: 39  4.50
 

             ENERGY    K= OMEGA
 
 I=  1/2- (1)  2.509  25:-0.054
                      29:-0.062
                      37:-0.997
 
 I=  1/2- (2)  2.965  29: 0.997
                      37:-0.059
 
 I=  1/2- (3)  5.511  25: 0.998
                      37:-0.056
 
 I=  1/2- (4)  8.353  32: 1.000
 
 I=  1/2- (5)147.415  33:-1.000

             ENERGY    K= OMEGA
 
 I=  3/2- (1)  1.892  25: 0.056
                      29: 0.222
                      30: 0.118
                      34: 0.964
                      37:-0.072
 
 I=  3/2- (2)  2.789  25:-0.109
                      29: 0.131
                      30:-0.949
                      34: 0.111
                      37: 0.239

             ENERGY    K= OMEGA
 
 I=  5/2- (1)  2.070  25: 0.086
                      29:-0.196
                      30:-0.262
                      34: 0.476
                      35: 0.810
                      37:-0.059
 
 I=  5/2- (2)  2.556  29: 0.182
                      30:-0.261
                      34:-0.833
                      35: 0.440
                      37:-0.093
 
 I=  5/2- (3)  2.908  25:-0.218
                      29: 0.425
                      30: 0.587
                      35: 0.344
                      37: 0.556
 
 I=  5/2- (4)  3.436  25:-0.247
                      29: 0.213
                      30: 0.451
                      34: 0.057
                      35: 0.131
                      37:-0.818
 
 I=  5/2- (5)  4.272  25:-0.069
                      29: 0.807
                      30:-0.503
                      34: 0.271
                      35:-0.123

             ENERGY    K= OMEGA
 
 I=  7/2- (1)  2.647  26: 0.220
                      27:-0.079
                      28:-0.953
                      30:-0.077
                      35:-0.172
 
 I=  7/2- (2)  2.718  26: 0.062
                      28:-0.150
                      29:-0.237
                      30: 0.250
                      34:-0.556
                      35: 0.738
 
 I=  7/2- (3)  3.180  25: 0.224
                      28:-0.113
                      29: 0.397
                      30: 0.412
                      34: 0.616
                      35: 0.439
                      37:-0.192
 
 I=  7/2- (4)  3.236  32:-0.740
                      33:-0.570
                      36:-0.332
                      38:-0.130
 
 I=  7/2- (5)  4.232  25:-0.152
                      27: 0.065
                      29: 0.261
                      30:-0.792
                      34: 0.156
                      35: 0.455
                      37: 0.212

             ENERGY    K= OMEGA
 
 I=  9/2- (1)  2.213  26:-0.067
                      27: 0.240
                      28:-0.177
                      31:-0.952
 
 I=  9/2- (2)  3.308  25: 0.263
                      28:-0.080
                      29:-0.381
                      30:-0.492
                      34: 0.407
                      35: 0.583
                      37:-0.171
 
 I=  9/2- (3)  3.548  26:-0.309
                      27:-0.098
                      28:-0.920
                      29: 0.053
                      31: 0.170
                      34:-0.126
 
 I=  9/2- (4)  4.303  32:-0.224
                      33: 0.558
                      36:-0.623
                      38: 0.455
                      39:-0.210
 
 I=  9/2- (5)  4.344  25:-0.238
                      28:-0.081
                      29: 0.147
                      30: 0.479
                      34: 0.654
                      35: 0.264
                      37: 0.430

             ENERGY    K= OMEGA
 
 I= 11/2- (1)  2.228  32:-0.676
                      33:-0.566
                      36:-0.400
                      38:-0.231
                      39:-0.096
 
 I= 11/2- (2)  3.206  26:-0.112
                      27:-0.320
                      28: 0.245
                      31:-0.907
 
 I= 11/2- (3)  4.657  25:-0.050
                      26: 0.275
                      27:-0.128
                      28:-0.721
                      29: 0.108
                      30:-0.282
                      31:-0.158
                      34: 0.208
                      35:-0.476
 
 I= 11/2- (4)  4.674  26: 0.229
                      28:-0.475
                      29:-0.315
                      30: 0.210
                      31:-0.178
                      34:-0.544
                      35: 0.496
 
 I= 11/2- (5)  5.142  25:-0.345
                      28: 0.226
                      29:-0.471
                      30:-0.492
                      31: 0.062
                      34:-0.428
                      35:-0.350
                      37: 0.232

             ENERGY    K= OMEGA
 
 I= 13/2- (1)  4.004  32: 0.193
                      33:-0.501
                      36: 0.610
                      38:-0.511
                      39: 0.281
 
 I= 13/2- (2)  4.418  26:-0.151
                      27: 0.370
                      28:-0.291
                      31:-0.867
 
 I= 13/2- (3)  5.283  25:-0.380
                      28: 0.052
                      29: 0.456
                      30: 0.557
                      34:-0.323
                      35:-0.430
                      37: 0.209
 
 I= 13/2- (4)  6.039  26:-0.395
                      27:-0.159
                      28:-0.844
                      29: 0.051
                      31: 0.288
                      34:-0.134
 
 I= 13/2- (5)  6.959  25:-0.244
                      27:-0.057
                      28:-0.091
                      29: 0.143
                      30: 0.319
                      34: 0.615
                      35: 0.504
                      37: 0.413

             ENERGY     K= 9/2
  32 LEVELS    TIME=  0.0 SEC



 ******************* EXCITATION ENERGIES, DOMINANT CONFIGURATION AND EXPECTATION VALUES (WITH S.P. UU+VV FACTORS) *******************

  NR  Eex(keV)  I   Kdom  NY    <Jz>  <Jx**2> <Jy**2> <Jz**2> <I.j>/|I|  <Rx**2> <Ry**2> <Rz**2> <R.j>/|R|  <HROTx> <HROTy> <HROTz>

   1    0.0   3/2-  -3/2  34   -1.39    1.72    1.72    2.14    1.41       1.93    1.93   -0.00   -1.45      0.236   0.236  -0.000
   2  177.7   5/2-   5/2  35    1.22    2.16    2.16    4.77    2.35       1.96    1.96    0.00   -1.08      0.239   0.239   0.000
   3  321.3   9/2-   9/2  31    3.78    2.61    2.61   19.46    4.43       2.69    2.69    0.00   -1.15      0.328   0.328   0.000
   4  336.1  11/2-   1/2  32    0.00   26.36   26.36    2.67    6.94       4.05    4.05    0.00   -4.88      0.494   0.494   0.000
   5  617.3   1/2-   1/2  37    0.50    1.41    1.41    0.25    0.83       1.19    1.19    0.00   -1.52      0.145   0.145   0.000
  
   6  664.3   5/2-  -3/2  34   -0.63    1.72    1.72    2.95    1.06       4.44    4.44   -0.00   -1.09      0.541   0.541  -0.000
   7  755.0   7/2-  -7/2  28   -3.02    2.29    2.29   11.72    3.37       2.66    2.66    0.00   -1.27      0.325   0.325   0.000
   8  825.8   7/2-   5/2  35    0.76    2.18    2.18    4.56    1.92       4.70    4.70    0.00   -0.42      0.573   0.573   0.000
   9  897.4   3/2-  -3/2  30   -1.33    4.32    4.32    2.08    1.49       4.35    4.35   -0.00   -2.66      0.530   0.530  -0.000
  10 1016.1   5/2-  -3/2  30    0.05    3.61    3.61    1.65    1.69       3.82    3.82    0.00   -1.40      0.465   0.465   0.000
  
  11 1072.6   1/2-   1/2  29    0.50    4.38    4.38    0.25    0.29       4.63    4.63   -0.00   -2.88      0.565   0.565  -0.000
  12 1288.1   7/2-  -3/2  34   -0.26    2.36    2.36    2.66    1.41       5.98    5.98    0.00   -0.52      0.729   0.729   0.000
  13 1313.8  11/2-   9/2  31    3.17    2.88    2.88   18.74    3.99       6.28    6.28    0.00   -0.19      0.766   0.766   0.000
  14 1343.8   7/2-   1/2  32    0.00   26.52   26.52    1.76    6.70       8.71    8.71    0.00   -6.77      1.062   1.062   0.000
  15 1416.3   9/2-   5/2  35    0.34    3.46    3.46    3.21    2.27       6.12    6.12   -0.00    0.34      0.747   0.747  -0.000
  
  16 1544.4   5/2-   1/2  37    0.12    2.13    2.13    0.77    0.60       5.11    5.11   -0.00   -1.02      0.623   0.623  -0.000
  17 1656.3   9/2-  -7/2  28   -2.65    2.46    2.46   11.71    2.95       6.01    6.01    0.00   -0.56      0.733   0.733   0.000
  18 2112.3  13/2-   5/2  36    0.02   25.37   25.37    7.69    6.47       8.38    8.38    0.00   -3.23      1.022   1.022   0.000
  19 2339.5   7/2-  -3/2  30   -0.41    3.89    3.89    2.85    0.76      10.18   10.18   -0.00   -1.69      1.241   1.241  -0.000
  20 2380.5   5/2-   1/2  29   -0.12    4.32    4.32    1.00   -0.37      10.28   10.28   -0.00   -2.37      1.254   1.254  -0.000
  
  21 2410.6   9/2-   5/2  36    0.00   25.70   25.70    6.57    6.24      10.32   10.32    0.00   -5.93      1.259   1.259   0.000
  22 2451.5   9/2-  -3/2  34   -0.71    2.45    2.45    2.09    1.09      10.46   10.46   -0.00   -0.35      1.275   1.275  -0.000
  23 2526.1  13/2-   9/2  31    2.67    3.11    3.11   18.09    3.68      10.84   10.84    0.00    0.30      1.321   1.321   0.000
  24 2764.6  11/2-  -7/2  28   -1.18    2.50    2.50    9.24    2.33      11.07   11.07    0.00   -0.07      1.349   1.349   0.000
  25 2781.7  11/2-  -3/2  34   -0.37    2.51    2.51    6.08    1.92      11.98   11.98    0.00    0.07      1.460   1.460   0.000
  
  26 3250.3  11/2-  -3/2  30   -0.29    2.98    2.98    2.55    1.53      12.95   12.95   -0.00    0.13      1.579   1.579  -0.000
  27 3390.7  13/2-  -3/2  30    0.04    4.28    4.28    2.27    2.36      13.29   13.29    0.00    1.10      1.620   1.620   0.000
  28 3618.6   1/2-   1/2  25    0.50    5.79    5.79    0.25    0.69       5.69    5.69    0.00   -3.33      0.694   0.694   0.000
  29 4146.6  13/2-  -7/2  28   -1.84    2.65    2.65   11.75    2.45      15.78   15.78    0.00    0.01      1.923   1.923   0.000
  30 5066.6  13/2-  -3/2  34    0.01    2.25    2.25    2.91    0.99      21.16   21.16    0.00   -0.08      2.580   2.580   0.000
  
  31 6461.3   1/2-   1/2  32    0.50   26.53   26.53    0.25   -3.87      30.38   30.38    0.00   -7.27      3.704   3.704   0.000
  32*******   1/2-  -3/2  33    0.00    0.00    0.00    0.00   -0.00       0.00    0.00    0.00   -0.00      0.000   0.000   0.000
