1SPECTRUM OF (Z= 82 A=207) IN PARTICLE-ROTOR  MODEL WITH MODIFIED OSCILLATOR POTENTIAL


 PARITY=-   EPS= 0.320   GAMMA=  0.0   EPS4=0.000   EPS6=0.000   LEVELS:  24  25  26  27  28  29  30  31  32  33  34  35  36  37  38

 PAIRING FACTORS: GN0= 19.20  GN1=  7.40  IPAIR= 15 ***  E2PLUS(INPUT)=   0.730  E2PLUR(INPUT)=   0.000

 CORIOLIS ATTENUATION PARAMETERS:  CHSI=1.000  ETA=  1.00

 MOMENT OF INERTIA PARAMETERS:   A1=  0.122 MEV   A2=  0.122 MEV   A3=121.91924 MEV


 DELTA=0.932 MEV  LAMBDA=53.3027 MEV   HW0= 7.5035 MEV   LAMBDA/HW0= 7.1037

 E2ENERGY=0.730 MEV  HBAR**2/B=18987./A**(7/3)=3209.7/A**2 MEV

 IREC=0  =>  RECOIL TERMS j+j-, j+j+, jzjz, ETC TREATED AS ONE-BODY OPERATORS WITH UU+VV PAIRING FACTORS



 S. P. LEVEL   EQP       U     V        (UU + VV)**1.00

     24       4.891    0.096 0.995      1.000 1.000 0.999 0.997 0.971 0.962 0.947 0.902 0.888 0.736 0.512 0.295 0.287 0.274 0.259
     25       4.153    0.113 0.994      1.000 1.000 0.999 0.998 0.975 0.967 0.952 0.909 0.896 0.747 0.527 0.312 0.304 0.290 0.275
     26       3.247    0.145 0.989      0.999 0.999 1.000 1.000 0.982 0.975 0.962 0.922 0.910 0.769 0.554 0.342 0.335 0.321 0.306
     27       2.691    0.176 0.984      0.997 0.998 1.000 1.000 0.987 0.981 0.970 0.934 0.922 0.788 0.580 0.372 0.364 0.351 0.336
     28       1.495    0.331 0.944      0.971 0.975 0.982 0.987 1.000 0.999 0.996 0.979 0.972 0.876 0.703 0.515 0.508 0.495 0.482
     29       1.380    0.362 0.932      0.962 0.967 0.975 0.981 0.999 1.000 0.999 0.985 0.979 0.892 0.726 0.543 0.537 0.525 0.511
     30       1.243    0.411 0.911      0.947 0.952 0.962 0.970 0.996 0.999 1.000 0.993 0.989 0.915 0.762 0.587 0.581 0.569 0.556
     31       1.054    0.517 0.856      0.902 0.909 0.922 0.934 0.979 0.985 0.993 1.000 1.000 0.956 0.833 0.679 0.673 0.663 0.651
     32       1.023    0.543 0.840      0.888 0.896 0.910 0.922 0.972 0.979 0.989 1.000 1.000 0.965 0.850 0.702 0.696 0.685 0.674
     33       0.938    0.744 0.668      0.736 0.747 0.769 0.788 0.876 0.892 0.915 0.956 0.965 1.000 0.959 0.864 0.860 0.853 0.844
     34       1.206    0.904 0.428      0.512 0.527 0.554 0.580 0.703 0.726 0.762 0.833 0.850 0.959 1.000 0.972 0.970 0.966 0.962
     35       2.353    0.979 0.202      0.295 0.312 0.342 0.372 0.515 0.543 0.587 0.679 0.702 0.864 0.972 1.000 1.000 1.000 0.999
     36       2.445    0.981 0.194      0.287 0.304 0.335 0.364 0.508 0.537 0.581 0.673 0.696 0.860 0.970 1.000 1.000 1.000 1.000
     37       2.628    0.984 0.180      0.274 0.290 0.321 0.351 0.495 0.525 0.569 0.663 0.685 0.853 0.966 1.000 1.000 1.000 1.000
     38       2.868    0.986 0.165      0.259 0.275 0.306 0.336 0.482 0.511 0.556 0.651 0.674 0.844 0.962 0.999 1.000 1.000 1.000

  R CORE   ENERGY   A0R/A00=1.000    R3= 0     2  
   2( 1)    0.732                    1.000 0.000
   2( 2)  487.921                    0.000 1.000

  R CORE   ENERGY   A0R/A00=1.000    R3= 0     2  
   3( 1)  488.652                    0.000 1.000

  R CORE   ENERGY   A0R/A00=1.000    R3= 0     2     4  
   4( 1)    2.438                    1.000 0.000 0.000

  R CORE   ENERGY   A0R/A00=1.000    R3= 0     2     4  
   5( 1)  490.847                    0.000 1.000 0.000

  R CORE   ENERGY   A0R/A00=1.000    R3= 0     2     4     6  
   6( 1)    5.121                    1.000 0.000 0.000 0.000

  R CORE   ENERGY   A0R/A00=1.000    R3= 0     2     4     6  
   7( 1)  494.017                    0.000 1.000 0.000 0.000

          AXIAL SYMMETRY => K RESTRICTED TO OMEGA

                     K
     S.P. ORB#: 24 -5.50
     S.P. ORB#: 25  0.50
     S.P. ORB#: 26  2.50
     S.P. ORB#: 27 -3.50
     S.P. ORB#: 28  0.50
     S.P. ORB#: 29  0.50
     S.P. ORB#: 30 -1.50
     S.P. ORB#: 31 -3.50
     S.P. ORB#: 32 -1.50
     S.P. ORB#: 33  4.50
     S.P. ORB#: 34  2.50
     S.P. ORB#: 35 -1.50
     S.P. ORB#: 36 -3.50
     S.P. ORB#: 37  2.50
     S.P. ORB#: 38  0.50
 

             ENERGY    K= OMEGA
 
 I=  1/2- (1)  2.603  29: 0.999
 
 I=  1/2- (2)  5.696  25: 0.999
 
 I=  1/2- (3)  6.091  28:-0.465
                      38: 0.885
 
 I=  1/2- (4)  8.777  28:-0.885
                      38:-0.465
 
 I=  1/2- (5)147.326  32: 1.000

             ENERGY    K= OMEGA
 
 I=  3/2- (1)  2.464  25:-0.112
                      29: 0.129
                      30:-0.976
                      35:-0.133
 
 I=  3/2- (2)  2.562  25:-0.173
                      29:-0.828
                      35:-0.533

             ENERGY    K= OMEGA
 
 I=  5/2- (1)  2.535  25:-0.258
                      29: 0.443
                      30: 0.751
                      35:-0.180
                      37:-0.374
 
 I=  5/2- (2)  3.256  26: 0.066
                      29:-0.439
                      30: 0.453
                      35: 0.772
 
 I=  5/2- (3)  3.394  25:-0.152
                      29: 0.440
                      30: 0.147
                      35: 0.116
                      37: 0.865
 
 I=  5/2- (4)  4.184  29:-0.612
                      30: 0.400
                      35:-0.593
                      37: 0.331
 
 I=  5/2- (5)  5.030  26:-0.997
                      35: 0.076

             ENERGY    K= OMEGA
 
 I=  7/2- (1)  1.842  26: 0.200
                      27:-0.053
                      31:-0.978
 
 I=  7/2- (2)  3.309  25:-0.098
                      29: 0.307
                      30:-0.729
                      35: 0.254
                      37:-0.546
 
 I=  7/2- (3)  3.398  28: 0.724
                      32: 0.579
                      34: 0.345
                      36: 0.143
 
 I=  7/2- (4)  3.500  25:-0.324
                      29:-0.724
                      30:-0.375
                      35:-0.473
                      37:-0.067
 
 I=  7/2- (5)  4.338  26:-0.135
                      27:-0.372
                      29:-0.411
                      30: 0.425
                      35: 0.366
                      37:-0.599

             ENERGY    K= OMEGA
 
 I=  9/2- (1)  1.812  26:-0.070
                      27: 0.202
                      31:-0.217
                      33:-0.952
 
 I=  9/2- (2)  2.784  26:-0.275
                      27:-0.090
                      31:-0.931
                      33: 0.213
 
 I=  9/2- (3)  3.566  25:-0.372
                      29: 0.485
                      30: 0.676
                      31:-0.058
                      35:-0.221
                      37:-0.340
 
 I=  9/2- (4)  4.567  28:-0.233
                      32: 0.585
                      34:-0.656
                      36: 0.415
 
 I=  9/2- (5)  5.081  25:-0.090
                      26: 0.109
                      27:-0.080
                      29:-0.348
                      30: 0.480
                      31:-0.058
                      35: 0.785
                      37: 0.051

             ENERGY    K= OMEGA
 
 I= 11/2- (1)  2.707  28: 0.686
                      32: 0.579
                      34: 0.390
                      36: 0.198
                      38: 0.055
 
 I= 11/2- (2)  2.882  26:-0.118
                      27:-0.274
                      31: 0.300
                      33:-0.905
 
 I= 11/2- (3)  3.956  26:-0.322
                      27: 0.128
                      30: 0.059
                      31: 0.885
                      33: 0.297
                      37: 0.060
 
 I= 11/2- (4)  5.195  25:-0.153
                      29: 0.255
                      30:-0.722
                      31: 0.064
                      35: 0.274
                      37:-0.555
 
 I= 11/2- (5)  5.350  25: 0.390
                      29: 0.738
                      30: 0.320
                      31:-0.059
                      35: 0.443

             ENERGY    K= OMEGA
 
 I= 13/2- (1)  4.170  26: 0.162
                      27:-0.320
                      31: 0.356
                      33: 0.862
 
 I= 13/2- (2)  4.907  28: 0.223
                      32:-0.566
                      34: 0.660
                      36:-0.440
 
 I= 13/2- (3)  5.336  25:-0.181
                      26: 0.324
                      27: 0.154
                      29: 0.187
                      30: 0.287
                      31: 0.767
                      33:-0.320
                      35:-0.052
                      37:-0.167
 
 I= 13/2- (4)  5.523  25: 0.407
                      26: 0.143
                      27: 0.053
                      29:-0.463
                      30:-0.576
                      31: 0.359
                      33:-0.156
                      35: 0.213
                      37: 0.258
 
 I= 13/2- (5)  7.818  24: 0.986
                      27:-0.074
                      35: 0.098
                      37: 0.089

             ENERGY     K= 1/2
  32 LEVELS    TIME=  0.0 SEC



 ******************* EXCITATION ENERGIES, DOMINANT CONFIGURATION AND EXPECTATION VALUES (WITH S.P. UU+VV FACTORS) *******************

  NR  Eex(keV)  I   Kdom  NY    <Jz>  <Jx**2> <Jy**2> <Jz**2> <I.j>/|I|  <Rx**2> <Ry**2> <Rz**2> <R.j>/|R|  <HROTx> <HROTy> <HROTz>

   1    0.0   9/2-   9/2  33    3.79    2.55    2.55   19.48    4.31       3.22    3.22    0.00   -1.23      0.392   0.392   0.000
   2   30.5   7/2-  -7/2  31   -3.25    2.31    2.31   12.00    3.36       2.85    2.85   -0.00   -1.38      0.347   0.347  -0.000
   3  652.2   3/2-  -3/2  30   -1.44    4.55    4.55    2.19    1.42       4.77    4.77    0.00   -2.77      0.581   0.581   0.000
   4  723.7   5/2-  -3/2  30   -0.41    4.56    4.56    2.29    2.24       3.45    3.45    0.00   -1.82      0.421   0.421   0.000
   5  750.7   3/2-   1/2  29   -0.07    3.69    3.69    0.82    1.34       3.38    3.38    0.00   -2.15      0.412   0.412   0.000
  
   6  791.0   1/2-   1/2  29    0.50    4.73    4.73    0.25    0.28       4.99    4.99    0.00   -3.00      0.608   0.608   0.000
   7  894.9  11/2-   1/2  28   -0.02   24.75   24.75    2.30    6.38       5.63    5.63   -0.00   -4.07      0.686   0.686  -0.000
   8  972.0   9/2-  -7/2  31   -2.67    2.42    2.42   12.12    2.91       6.36    6.36   -0.00   -0.69      0.776   0.776  -0.000
   9 1069.8  11/2-   9/2  33    3.14    2.77    2.77   18.73    3.81       7.24    7.24    0.00   -0.40      0.883   0.883   0.000
  10 1444.6   5/2-  -3/2  35   -1.09    2.63    2.63    1.89    0.87       5.38    5.38    0.00   -1.40      0.656   0.656   0.000
  
  11 1497.7   7/2-  -3/2  30   -0.11    3.83    3.83    3.26    1.77       6.31    6.31    0.00   -1.10      0.769   0.769   0.000
  12 1582.5   5/2-   5/2  37    1.93    2.58    2.58    4.81    1.77       4.13    4.13    0.00   -1.65      0.503   0.503   0.000
  13 1586.2   7/2-   1/2  28   -0.01   24.31   24.31    1.88    6.20       8.51    8.51    0.00   -6.27      1.038   1.038   0.000
  14 1688.7   7/2-   1/2  29   -0.22    3.72    3.72    1.03    1.38       6.65    6.65    0.00   -0.83      0.811   0.811   0.000
  15 1753.8   9/2-  -3/2  30   -0.29    4.81    4.81    2.01    2.28       6.86    6.86    0.00   -0.08      0.837   0.837   0.000
  
  16 2143.8  11/2-  -7/2  31   -2.14    2.52    2.52   12.27    2.62      10.86   10.86   -0.00   -0.35      1.324   1.324  -0.000
  17 2358.6  13/2-   9/2  33    2.60    2.98    2.98   18.05    3.46      12.19   12.19    0.00    0.04      1.486   1.486   0.000
  18 2372.0   5/2-   1/2  29   -0.30    3.56    3.56    1.95   -0.23       9.58    9.58   -0.00   -2.23      1.168   1.168  -0.000
  19 2526.5   7/2-   5/2  37    0.07    3.33    3.33    4.81    1.17       8.97    8.97    0.00   -1.61      1.094   1.094   0.000
  20 2754.9   9/2-   5/2  34   -0.01   24.82   24.82    5.59    5.41      13.10   13.10   -0.00   -5.54      1.597   1.597  -0.000
  
  21 3095.5  13/2-   5/2  34   -0.04   24.80   24.80    5.82    5.40      14.38   14.38    0.00   -3.30      1.753   1.753   0.000
  22 3218.7   5/2-   5/2  26    2.47    6.00    6.00    6.22    2.08       7.34    7.34   -0.00   -3.15      0.895   0.895  -0.000
  23 3269.0   9/2-  -3/2  35   -1.20    2.53    2.53    2.15    0.68      12.62   12.62    0.00   -0.77      1.539   1.539   0.000
  24 3383.7  11/2-  -3/2  30   -0.09    3.81    3.81    3.39    1.60      13.80   13.80    0.00   -0.27      1.682   1.682   0.000
  25 3523.9  13/2-  -7/2  31   -1.44    3.00    3.00   10.62    2.42      15.78   15.78   -0.00    0.05      1.924   1.924  -0.000
  
  26 3537.8  11/2-   1/2  29   -0.11    3.84    3.84    0.90    1.40      13.82   13.82    0.00   -0.05      1.685   1.685   0.000
  27 3711.2  13/2-  -3/2  30   -0.51    4.64    4.64    3.59    2.29      14.81   14.81   -0.00    0.57      1.806   1.806  -0.000
  28 3884.4   1/2-   1/2  25    0.50    6.43    6.43    0.25    0.67       6.35    6.35    0.00   -3.52      0.774   0.774   0.000
  29 4279.4   1/2-   1/2  38    0.50   12.50   12.50    0.25   -1.67      14.44   14.44    0.00   -4.97      1.760   1.760   0.000
  30 6006.5  13/2- -11/2  24   -5.36    2.76    2.76   29.57    4.25      12.28   12.28    0.00   -1.10      1.497   1.497   0.000
  
  31 6965.0   1/2-   1/2  28    0.50   25.06   25.06    0.25   -3.56      28.64   28.64    0.00   -7.06      3.492   3.492   0.000
  32*******   1/2-  -3/2  32    0.00    0.00    0.00    0.00   -0.00       0.00    0.00    0.00   -0.00      0.000   0.000   0.000
