1SPECTRUM OF (Z= 82 A=207) IN PARTICLE-ROTOR  MODEL WITH MODIFIED OSCILLATOR POTENTIAL


 PARITY=-   EPS= 0.302   GAMMA=  0.0   EPS4=0.000   EPS6=0.000   LEVELS:  25  26  27  28  29  30  31  32  33  34  35  36  37  38  39

 PAIRING FACTORS: GN0= 19.20  GN1=  7.40  IPAIR= 15 ***  E2PLUS(INPUT)=   0.730  E2PLUR(INPUT)=   0.000

 CORIOLIS ATTENUATION PARAMETERS:  CHSI=1.000  ETA=  1.00

 MOMENT OF INERTIA PARAMETERS:   A1=  0.122 MEV   A2=  0.122 MEV   A3=121.91922 MEV


 DELTA=0.948 MEV  LAMBDA=53.2880 MEV   HW0= 7.4928 MEV   LAMBDA/HW0= 7.1119

 E2ENERGY=0.730 MEV  HBAR**2/B=16911./A**(7/3)=2858.8/A**2 MEV

 IREC=0  =>  RECOIL TERMS j+j-, j+j+, jzjz, ETC TREATED AS ONE-BODY OPERATORS WITH UU+VV PAIRING FACTORS



 S. P. LEVEL   EQP       U     V        (UU + VV)**1.00

     25       4.124    0.116 0.993      1.000 1.000 0.998 0.973 0.961 0.947 0.946 0.838 0.817 0.480 0.342 0.315 0.302 0.272 0.262
     26       3.377    0.142 0.990      1.000 1.000 1.000 0.979 0.968 0.955 0.955 0.852 0.832 0.503 0.366 0.340 0.327 0.297 0.287
     27       2.823    0.170 0.985      0.998 1.000 1.000 0.984 0.975 0.963 0.963 0.867 0.848 0.528 0.393 0.367 0.354 0.325 0.315
     28       1.479    0.341 0.940      0.973 0.979 0.984 1.000 0.999 0.996 0.995 0.941 0.928 0.669 0.549 0.525 0.513 0.486 0.477
     29       1.336    0.384 0.923      0.961 0.968 0.975 0.999 1.000 0.999 0.999 0.956 0.944 0.703 0.587 0.564 0.552 0.526 0.517
     30       1.225    0.428 0.904      0.947 0.955 0.963 0.996 0.999 1.000 1.000 0.969 0.959 0.736 0.625 0.603 0.592 0.566 0.557
     31       1.221    0.430 0.903      0.946 0.955 0.963 0.995 0.999 1.000 1.000 0.969 0.960 0.737 0.627 0.605 0.593 0.568 0.559
     32       0.965    0.639 0.769      0.838 0.852 0.867 0.941 0.956 0.969 0.969 1.000 0.999 0.881 0.799 0.782 0.773 0.753 0.746
     33       0.954    0.667 0.745      0.817 0.832 0.848 0.928 0.944 0.959 0.960 0.999 1.000 0.898 0.821 0.804 0.796 0.777 0.770
     34       1.363    0.927 0.375      0.480 0.503 0.528 0.669 0.703 0.736 0.737 0.881 0.898 1.000 0.988 0.984 0.981 0.975 0.972
     35       2.113    0.973 0.231      0.342 0.366 0.393 0.549 0.587 0.625 0.627 0.799 0.821 0.988 1.000 1.000 0.999 0.997 0.996
     36       2.381    0.979 0.203      0.315 0.340 0.367 0.525 0.564 0.603 0.605 0.782 0.804 0.984 1.000 1.000 1.000 0.999 0.998
     37       2.547    0.982 0.190      0.302 0.327 0.354 0.513 0.552 0.592 0.593 0.773 0.796 0.981 0.999 1.000 1.000 1.000 0.999
     38       3.027    0.987 0.159      0.272 0.297 0.325 0.486 0.526 0.566 0.568 0.753 0.777 0.975 0.997 0.999 1.000 1.000 1.000
     39       3.232    0.989 0.148      0.262 0.287 0.315 0.477 0.517 0.557 0.559 0.746 0.770 0.972 0.996 0.998 0.999 1.000 1.000

  R CORE   ENERGY   A0R/A00=1.000    R3= 0     2  
   2( 1)    0.732                    1.000 0.000
   2( 2)  487.921                    0.000 1.000

  R CORE   ENERGY   A0R/A00=1.000    R3= 0     2  
   3( 1)  488.652                    0.000 1.000

  R CORE   ENERGY   A0R/A00=1.000    R3= 0     2     4  
   4( 1)    2.438                    1.000 0.000 0.000

  R CORE   ENERGY   A0R/A00=1.000    R3= 0     2     4  
   5( 1)  490.847                    0.000 1.000 0.000

  R CORE   ENERGY   A0R/A00=1.000    R3= 0     2     4     6  
   6( 1)    5.121                    1.000 0.000 0.000 0.000

  R CORE   ENERGY   A0R/A00=1.000    R3= 0     2     4     6  
   7( 1)  494.017                    0.000 1.000 0.000 0.000

          AXIAL SYMMETRY => K RESTRICTED TO OMEGA

                     K
     S.P. ORB#: 25  0.50
     S.P. ORB#: 26  2.50
     S.P. ORB#: 27 -3.50
     S.P. ORB#: 28  0.50
     S.P. ORB#: 29 -1.50
     S.P. ORB#: 30  0.50
     S.P. ORB#: 31 -3.50
     S.P. ORB#: 32  4.50
     S.P. ORB#: 33 -1.50
     S.P. ORB#: 34  2.50
     S.P. ORB#: 35 -1.50
     S.P. ORB#: 36  2.50
     S.P. ORB#: 37 -3.50
     S.P. ORB#: 38  0.50
     S.P. ORB#: 39  0.50
 

             ENERGY    K= OMEGA
 
 I=  1/2- (1)  2.677  28:-0.997
                      38:-0.062
 
 I=  1/2- (2)  3.353  25:-0.068
                      28: 0.059
                      38:-0.996
 
 I=  1/2- (3)  5.636  25: 0.997
                      38:-0.066
 
 I=  1/2- (4)  6.260  30:-0.558
                      39: 0.830
 
 I=  1/2- (5)  8.958  30:-0.830
                      39:-0.558

             ENERGY    K= OMEGA
 
 I=  3/2- (1)  2.447  25:-0.167
                      28:-0.455
                      29:-0.548
                      35:-0.668
                      38: 0.137
 
 I=  3/2- (2)  2.552  28: 0.522
                      29:-0.798
                      35: 0.300

             ENERGY    K= OMEGA
 
 I=  5/2- (1)  2.486  25:-0.232
                      28: 0.419
                      29: 0.686
                      35:-0.231
                      36:-0.472
                      38: 0.152
 
 I=  5/2- (2)  3.092  25: 0.097
                      26:-0.059
                      28: 0.133
                      29:-0.482
                      35:-0.796
                      36:-0.288
                      38:-0.142
 
 I=  5/2- (3)  3.213  25: 0.134
                      28:-0.522
                      29:-0.061
                      35: 0.270
                      36:-0.787
                      38:-0.117
 
 I=  5/2- (4)  4.089  25:-0.056
                      28:-0.506
                      29: 0.467
                      35:-0.362
                      36: 0.251
                      38:-0.573
 
 I=  5/2- (5)  4.234  25:-0.163
                      28: 0.481
                      29:-0.143
                      35: 0.323
                      36:-0.109
                      38:-0.777

             ENERGY    K= OMEGA
 
 I=  7/2- (1)  1.995  26: 0.208
                      27:-0.058
                      31:-0.976
 
 I=  7/2- (2)  3.240  25:-0.073
                      28: 0.292
                      29:-0.620
                      35: 0.339
                      36:-0.637
 
 I=  7/2- (3)  3.280  30: 0.734
                      33: 0.573
                      34: 0.336
                      37: 0.135
 
 I=  7/2- (4)  3.384  25:-0.305
                      28:-0.639
                      29:-0.429
                      35:-0.510
                      36:-0.102
                      38: 0.202
 
 I=  7/2- (5)  4.256  26:-0.087
                      27:-0.187
                      28:-0.506
                      29: 0.531
                      35: 0.300
                      36:-0.573

             ENERGY    K= OMEGA
 
 I=  9/2- (1)  1.810  26:-0.066
                      27: 0.216
                      31:-0.195
                      32:-0.954
 
 I=  9/2- (2)  2.918  26: 0.285
                      27: 0.092
                      29: 0.057
                      31: 0.931
                      32:-0.189
                      36:-0.054
 
 I=  9/2- (3)  3.469  25:-0.351
                      28: 0.476
                      29: 0.651
                      31:-0.069
                      35:-0.231
                      36:-0.362
                      38: 0.188
 
 I=  9/2- (4)  4.496  30: 0.238
                      33:-0.599
                      34: 0.650
                      37:-0.402
 
 I=  9/2- (5)  4.862  25: 0.159
                      26:-0.095
                      27: 0.099
                      29:-0.378
                      35:-0.752
                      36:-0.433
                      38:-0.237

             ENERGY    K= OMEGA
 
 I= 11/2- (1)  2.531  30: 0.688
                      33: 0.578
                      34: 0.390
                      37: 0.194
                      39: 0.051
 
 I= 11/2- (2)  2.855  26:-0.112
                      27:-0.292
                      31: 0.271
                      32:-0.910
 
 I= 11/2- (3)  4.070  26: 0.335
                      27:-0.126
                      29:-0.064
                      31:-0.890
                      32:-0.265
                      36:-0.064
 
 I= 11/2- (4)  5.120  25: 0.180
                      28:-0.152
                      29: 0.702
                      31:-0.069
                      35:-0.262
                      36: 0.607
                      38:-0.081
 
 I= 11/2- (5)  5.190  25:-0.350
                      28:-0.710
                      29:-0.264
                      31: 0.066
                      35:-0.503
                      38: 0.207

             ENERGY    K= OMEGA
 
 I= 13/2- (1)  4.119  26: 0.153
                      27:-0.340
                      31: 0.322
                      32: 0.870
 
 I= 13/2- (2)  4.749  30:-0.225
                      33: 0.578
                      34:-0.656
                      37: 0.429
 
 I= 13/2- (3)  5.319  25:-0.389
                      26: 0.149
                      27: 0.074
                      28: 0.444
                      29: 0.586
                      31: 0.335
                      32:-0.114
                      35:-0.175
                      36:-0.299
                      38: 0.185
 
 I= 13/2- (4)  5.491  25: 0.172
                      26: 0.338
                      27: 0.139
                      28:-0.217
                      29:-0.228
                      31: 0.786
                      32:-0.300
                      35: 0.130
                      36: 0.081
                      38:-0.081
 
 I= 13/2- (5)  7.575  25: 0.183
                      26:-0.094
                      27: 0.100
                      29:-0.272
                      31: 0.064
                      32: 0.057
                      35:-0.712
                      36:-0.527
                      38:-0.287

             ENERGY     K= 1/2
  32 LEVELS    TIME=  0.0 SEC



 ******************* EXCITATION ENERGIES, DOMINANT CONFIGURATION AND EXPECTATION VALUES (WITH S.P. UU+VV FACTORS) *******************

  NR  Eex(keV)  I   Kdom  NY    <Jz>  <Jx**2> <Jy**2> <Jz**2> <I.j>/|I|  <Rx**2> <Ry**2> <Rz**2> <R.j>/|R|  <HROTx> <HROTy> <HROTz>

   1    0.0   9/2-   9/2  32    3.81    2.57    2.57   19.51    4.36       3.03    3.03    0.00   -1.21      0.369   0.369   0.000
   2  184.2   7/2-  -7/2  31   -3.23    2.31    2.31   11.98    3.38       2.76    2.76    0.00   -1.36      0.337   0.337   0.000
   3  636.9   3/2-  -3/2  35   -0.99    2.87    2.87    1.74    1.58       2.56    2.56    0.00   -1.96      0.313   0.313   0.000
   4  675.4   5/2-  -3/2  29   -0.10    4.17    4.17    2.64    2.42       2.71    2.71    0.00   -1.64      0.330   0.330   0.000
   5  720.6  11/2-   1/2  30   -0.02   25.30   25.30    2.28    6.51       5.42    5.42    0.00   -4.25      0.660   0.660   0.000
  
   6  741.9   3/2-  -3/2  29   -0.96    4.54    4.54    1.71    1.41       4.54    4.54    0.00   -2.67      0.554   0.554   0.000
   7  866.6   1/2-   1/2  28    0.50    4.67    4.67    0.25    0.34       4.87    4.87    0.00   -2.98      0.594   0.594   0.000
   8 1045.1  11/2-   9/2  32    3.21    2.81    2.81   18.80    3.88       6.90    6.90    0.00   -0.33      0.841   0.841   0.000
   9 1107.2   9/2-  -7/2  31   -2.70    2.43    2.43   11.98    2.94       6.20    6.20    0.00   -0.64      0.756   0.756   0.000
  10 1282.0   5/2-  -3/2  35   -1.06    2.16    2.16    2.50    1.10       4.54    4.54    0.00   -1.19      0.554   0.554   0.000
  
  11 1402.5   5/2-   5/2  36    1.58    2.77    2.77    4.12    1.64       4.35    4.35    0.00   -1.63      0.530   0.530   0.000
  12 1429.3   7/2-   5/2  36    0.30    3.33    3.33    3.72    1.89       5.57    5.57    0.00   -0.87      0.679   0.679   0.000
  13 1470.1   7/2-   1/2  30   -0.00   24.74   24.74    1.80    6.27       8.62    8.62    0.00   -6.36      1.051   1.051   0.000
  14 1542.8   1/2-   1/2  38    0.50    1.46    1.46    0.25    0.72       1.34    1.34   -0.00   -1.56      0.163   0.163  -0.000
  15 1573.3   7/2-   1/2  28   -0.37    3.39    3.39    1.22    1.50       5.92    5.92    0.00   -0.60      0.722   0.722   0.000
  
  16 1658.8   9/2-  -3/2  29   -0.21    4.66    4.66    2.06    2.38       6.22    6.22    0.00    0.13      0.759   0.759   0.000
  17 2260.0  11/2-  -7/2  31   -2.23    2.53    2.53   12.05    2.64      10.63   10.63    0.00   -0.28      1.296   1.296   0.000
  18 2278.7   5/2-   1/2  38   -0.07    3.22    3.22    1.32    0.04       8.14    8.14    0.00   -1.90      0.992   0.992   0.000
  19 2309.1  13/2-   9/2  32    2.69    3.02    3.02   18.16    3.55      11.71   11.71    0.00    0.12      1.428   1.428   0.001
  20 2423.4   5/2-   1/2  38    0.28    2.30    2.30    0.58    0.03       6.86    6.86    0.00   -1.37      0.837   0.837   0.000
  
  21 2445.4   7/2-   5/2  36    0.29    3.31    3.31    3.43    0.77       9.85    9.85    0.00   -1.58      1.201   1.201   0.000
  22 2685.7   9/2-   5/2  34   -0.02   25.16   25.16    5.44    5.54      12.69   12.69    0.00   -5.60      1.548   1.548   0.000
  23 2938.5  13/2-   5/2  34   -0.04   25.14   25.14    5.71    5.56      13.58   13.58    0.00   -3.30      1.655   1.655   0.000
  24 3052.2   9/2-  -3/2  35   -0.57    2.12    2.12    3.00    0.99      11.05   11.05    0.00   -0.49      1.347   1.347   0.000
  25 3309.3  11/2-  -3/2  29    0.10    3.59    3.59    3.70    1.68      13.28   13.28    0.00   -0.16      1.619   1.619   0.000
  
  26 3379.6  11/2-   1/2  28   -0.16    3.47    3.47    0.97    1.48      12.99   12.99    0.00    0.18      1.583   1.583   0.000
  27 3508.6  13/2-  -3/2  29   -0.45    4.57    4.57    3.34    2.43      13.62   13.62    0.00    0.86      1.661   1.661   0.000
  28 3680.6  13/2-  -7/2  31   -1.59    3.00    3.00   10.56    2.40      15.90   15.90    0.00    0.03      1.939   1.939   0.000
  29 3825.7   1/2-   1/2  25    0.50    6.32    6.32    0.25    0.68       6.24    6.24   -0.00   -3.49      0.761   0.761  -0.000
  30 4449.4   1/2-   1/2  39    0.50   12.83   12.83    0.25   -1.91      14.98   14.98    0.00   -5.03      1.826   1.826   0.000
  
  31 5764.6  13/2-  -3/2  35   -0.13    2.06    2.06    3.36    0.92      21.70   21.70    0.00   -0.16      2.646   2.646   0.000
  32 7147.4   1/2-   1/2  30    0.50   25.55   25.55    0.25   -3.57      29.15   29.15    0.00   -7.13      3.554   3.554   0.000
