1SPECTRUM OF (Z= 82 A=207) IN PARTICLE-ROTOR  MODEL WITH MODIFIED OSCILLATOR POTENTIAL


 PARITY=-   EPS= 0.334   GAMMA=  0.0   EPS4=0.000   EPS6=0.000   LEVELS:  25  26  27  28  29  30  31  32  33  34  35  36  37  38  39

 PAIRING FACTORS: GN0= 19.20  GN1=  7.40  IPAIR= 15 ***  E2PLUS(INPUT)=   0.730  E2PLUR(INPUT)=   0.000

 CORIOLIS ATTENUATION PARAMETERS:  CHSI=1.000  ETA=  1.00

 MOMENT OF INERTIA PARAMETERS:   A1=  0.122 MEV   A2=  0.122 MEV   A3=121.91924 MEV


 DELTA=0.916 MEV  LAMBDA=53.3320 MEV   HW0= 7.5123 MEV   LAMBDA/HW0= 7.0993

 E2ENERGY=0.730 MEV  HBAR**2/B=20685./A**(7/3)=3496.7/A**2 MEV

 IREC=0  =>  RECOIL TERMS j+j-, j+j+, jzjz, ETC TREATED AS ONE-BODY OPERATORS WITH UU+VV PAIRING FACTORS



 S. P. LEVEL   EQP       U     V        (UU + VV)**1.00

     25       4.187    0.110 0.994      1.000 0.999 0.998 0.987 0.962 0.945 0.938 0.867 0.670 0.576 0.306 0.291 0.288 0.273 0.242
     26       3.158    0.147 0.989      0.999 1.000 0.999 0.992 0.972 0.956 0.950 0.884 0.697 0.605 0.340 0.326 0.324 0.308 0.277
     27       2.600    0.179 0.984      0.998 0.999 1.000 0.996 0.979 0.965 0.960 0.899 0.721 0.631 0.371 0.357 0.354 0.339 0.309
     28       1.755    0.271 0.963      0.987 0.992 0.996 1.000 0.994 0.986 0.982 0.937 0.783 0.702 0.457 0.444 0.441 0.426 0.397
     29       1.312    0.377 0.926      0.962 0.972 0.979 0.994 1.000 0.998 0.997 0.970 0.847 0.777 0.554 0.541 0.539 0.525 0.497
     30       1.179    0.430 0.903      0.945 0.956 0.965 0.986 0.998 1.000 1.000 0.982 0.877 0.812 0.601 0.589 0.587 0.573 0.546
     31       1.143    0.448 0.894      0.938 0.950 0.960 0.982 0.997 1.000 1.000 0.986 0.886 0.824 0.617 0.605 0.603 0.590 0.563
     32       0.960    0.591 0.806      0.867 0.884 0.899 0.937 0.970 0.982 0.986 1.000 0.951 0.907 0.740 0.730 0.728 0.716 0.693
     33       0.965    0.811 0.585      0.670 0.697 0.721 0.783 0.847 0.877 0.886 0.951 1.000 0.993 0.911 0.905 0.904 0.897 0.882
     34       1.084    0.876 0.482      0.576 0.605 0.631 0.702 0.777 0.812 0.824 0.907 0.993 1.000 0.954 0.950 0.949 0.944 0.932
     35       2.349    0.980 0.199      0.306 0.340 0.371 0.457 0.554 0.601 0.617 0.740 0.911 0.954 1.000 1.000 1.000 0.999 0.998
     36       2.531    0.983 0.184      0.291 0.326 0.357 0.444 0.541 0.589 0.605 0.730 0.905 0.950 1.000 1.000 1.000 1.000 0.999
     37       2.567    0.983 0.181      0.288 0.324 0.354 0.441 0.539 0.587 0.603 0.728 0.904 0.949 1.000 1.000 1.000 1.000 0.999
     38       2.810    0.986 0.165      0.273 0.308 0.339 0.426 0.525 0.573 0.590 0.716 0.897 0.944 0.999 1.000 1.000 1.000 0.999
     39       3.467    0.991 0.133      0.242 0.277 0.309 0.397 0.497 0.546 0.563 0.693 0.882 0.932 0.998 0.999 0.999 0.999 1.000

  R CORE   ENERGY   A0R/A00=1.000    R3= 0     2  
   2( 1)    0.732                    1.000 0.000
   2( 2)  487.921                    0.000 1.000

  R CORE   ENERGY   A0R/A00=1.000    R3= 0     2  
   3( 1)  488.652                    0.000 1.000

  R CORE   ENERGY   A0R/A00=1.000    R3= 0     2     4  
   4( 1)    2.438                    1.000 0.000 0.000

  R CORE   ENERGY   A0R/A00=1.000    R3= 0     2     4  
   5( 1)  490.847                    0.000 1.000 0.000

  R CORE   ENERGY   A0R/A00=1.000    R3= 0     2     4     6  
   6( 1)    5.121                    1.000 0.000 0.000 0.000

  R CORE   ENERGY   A0R/A00=1.000    R3= 0     2     4     6  
   7( 1)  494.017                    0.000 1.000 0.000 0.000

          AXIAL SYMMETRY => K RESTRICTED TO OMEGA

                     K
     S.P. ORB#: 25  0.50
     S.P. ORB#: 26  2.50
     S.P. ORB#: 27 -3.50
     S.P. ORB#: 28  0.50
     S.P. ORB#: 29  0.50
     S.P. ORB#: 30 -1.50
     S.P. ORB#: 31 -1.50
     S.P. ORB#: 32 -3.50
     S.P. ORB#: 33  4.50
     S.P. ORB#: 34  2.50
     S.P. ORB#: 35 -3.50
     S.P. ORB#: 36 -1.50
     S.P. ORB#: 37  0.50
     S.P. ORB#: 38  2.50
     S.P. ORB#: 39  0.50
 

             ENERGY    K= OMEGA
 
 I=  1/2- (1)  2.548  29:-0.998
 
 I=  1/2- (2)  3.808  25:-0.072
                      39:-0.997
 
 I=  1/2- (3)  5.769  25: 0.996
                      39:-0.071
 
 I=  1/2- (4)  5.890  28:-0.392
                      37: 0.920
 
 I=  1/2- (5)  8.744  28: 0.920
                      37: 0.392

             ENERGY    K= OMEGA
 
 I=  3/2- (1)  2.411  25:-0.111
                      29: 0.107
                      30:-0.980
                      36:-0.100
                      39: 0.071
 
 I=  3/2- (2)  2.534  25:-0.178
                      29:-0.896
                      36:-0.389
                      39: 0.120

             ENERGY    K= OMEGA
 
 I=  5/2- (1)  2.480  25:-0.254
                      29: 0.458
                      30: 0.777
                      36:-0.126
                      38:-0.290
                      39: 0.148
 
 I=  5/2- (2)  3.328  26: 0.065
                      29:-0.598
                      30: 0.434
                      36: 0.666
                      38:-0.073
 
 I=  5/2- (3)  3.521  25: 0.114
                      29:-0.330
                      30:-0.118
                      36:-0.311
                      38:-0.866
                      39:-0.125
 
 I=  5/2- (4)  4.236  26: 0.056
                      29: 0.498
                      30:-0.379
                      36: 0.639
                      38:-0.399
                      39: 0.195
 
 I=  5/2- (5)  4.649  25:-0.164
                      26: 0.072
                      29: 0.176
                      36: 0.160
                      39:-0.954

             ENERGY    K= OMEGA
 
 I=  7/2- (1)  1.763  26:-0.193
                      32: 0.979
 
 I=  7/2- (2)  3.312  25:-0.202
                      30:-0.852
                      36: 0.060
                      38:-0.461
                      39: 0.107
 
 I=  7/2- (3)  3.421  25:-0.256
                      29:-0.825
                      30:-0.062
                      36:-0.456
                      38: 0.121
                      39: 0.159
 
 I=  7/2- (4)  3.526  28:-0.712
                      31:-0.582
                      34:-0.361
                      35:-0.153
 
 I=  7/2- (5)  4.385  26: 0.192
                      27: 0.703
                      29: 0.275
                      30:-0.286
                      36:-0.284
                      38: 0.481

             ENERGY    K= OMEGA
 
 I=  9/2- (1)  1.859  26:-0.074
                      27: 0.190
                      32:-0.242
                      33:-0.948
 
 I=  9/2- (2)  2.724  26:-0.264
                      27:-0.091
                      30:-0.052
                      32:-0.927
                      33: 0.239
 
 I=  9/2- (3)  3.473  25:-0.361
                      29: 0.493
                      30: 0.689
                      32:-0.065
                      36:-0.173
                      38:-0.289
                      39: 0.182
 
 I=  9/2- (4)  4.621  28:-0.227
                      31: 0.570
                      34:-0.664
                      35: 0.426
 
 I=  9/2- (5)  5.149  26:-0.115
                      27: 0.086
                      29: 0.458
                      30:-0.462
                      32: 0.057
                      36:-0.735
                      39:-0.104

             ENERGY    K= OMEGA
 
 I= 11/2- (1)  2.873  28:-0.680
                      31:-0.579
                      34:-0.397
                      35:-0.204
                      37:-0.057
 
 I= 11/2- (2)  2.951  26: 0.126
                      27: 0.258
                      32:-0.334
                      33: 0.898
 
 I= 11/2- (3)  3.916  26: 0.309
                      27:-0.132
                      30:-0.063
                      32:-0.877
                      33:-0.332
                      38:-0.062
 
 I= 11/2- (4)  5.140  25:-0.373
                      29:-0.372
                      30:-0.733
                      32: 0.091
                      36:-0.128
                      38:-0.352
                      39: 0.192
 
 I= 11/2- (5)  5.271  25: 0.136
                      29: 0.710
                      30:-0.353
                      36: 0.454
                      38:-0.368
                      39:-0.091

             ENERGY    K= OMEGA
 
 I= 13/2- (1)  4.262  26:-0.172
                      27: 0.302
                      32:-0.394
                      33:-0.851
 
 I= 13/2- (2)  5.022  28: 0.220
                      31:-0.556
                      34: 0.664
                      35:-0.448
 
 I= 13/2- (3)  5.275  25:-0.296
                      26: 0.247
                      27: 0.132
                      29: 0.336
                      30: 0.470
                      32: 0.585
                      33:-0.283
                      36:-0.098
                      38:-0.221
                      39: 0.136
 
 I= 13/2- (4)  5.430  25: 0.310
                      26: 0.232
                      27: 0.107
                      29:-0.374
                      30:-0.449
                      32: 0.595
                      33:-0.276
                      36: 0.150
                      38: 0.158
                      39:-0.142
 
 I= 13/2- (5)  7.925  25:-0.103
                      26: 0.137
                      27:-0.139
                      29:-0.253
                      30: 0.381
                      32:-0.087
                      33:-0.057
                      36: 0.783
                      38: 0.265
                      39: 0.218

             ENERGY     K= 1/2
  32 LEVELS    TIME=  0.0 SEC



 ******************* EXCITATION ENERGIES, DOMINANT CONFIGURATION AND EXPECTATION VALUES (WITH S.P. UU+VV FACTORS) *******************

  NR  Eex(keV)  I   Kdom  NY    <Jz>  <Jx**2> <Jy**2> <Jz**2> <I.j>/|I|  <Rx**2> <Ry**2> <Rz**2> <R.j>/|R|  <HROTx> <HROTy> <HROTz>

   1    0.0   7/2-  -7/2  32   -3.27    2.31    2.31   12.02    3.34       2.93    2.93    0.00   -1.39      0.358   0.358   0.000
   2   95.9   9/2-   9/2  33    3.73    2.53    2.53   19.41    4.27       3.37    3.37    0.00   -1.25      0.411   0.411   0.000
   3  647.8   3/2-  -3/2  30   -1.44    4.66    4.66    2.19    1.47       4.79    4.79    0.00   -2.80      0.584   0.584   0.000
   4  717.1   5/2-  -3/2  30   -0.57    4.79    4.79    2.00    2.23       3.56    3.56    0.00   -1.86      0.434   0.434   0.000
   5  771.2   3/2-   1/2  29    0.20    4.06    4.06    0.55    1.27       3.76    3.76    0.00   -2.27      0.458   0.458   0.000
  
   6  785.3   1/2-   1/2  29    0.50    4.80    4.80    0.25    0.31       5.03    5.03    0.00   -3.02      0.614   0.614   0.000
   7  960.7   9/2-  -7/2  32   -2.60    2.41    2.41   12.24    2.89       6.52    6.52    0.00   -0.74      0.795   0.795   0.000
   8 1110.2  11/2-   1/2  28   -0.02   24.33   24.33    2.37    6.30       5.75    5.75   -0.00   -3.95      0.701   0.701  -0.000
   9 1187.9  11/2-   9/2  33    3.04    2.75    2.75   18.60    3.74       7.55    7.55    0.00   -0.44      0.921   0.921   0.000
  10 1549.1   7/2-  -3/2  30   -0.54    4.21    4.21    3.02    1.74       6.69    6.69    0.00   -1.24      0.815   0.815   0.000
  
  11 1564.6   5/2-  -3/2  36   -0.74    3.18    3.18    1.57    0.77       6.08    6.08    0.00   -1.63      0.741   0.741   0.000
  12 1657.7   7/2-   1/2  29    0.11    3.81    3.81    0.77    1.40       6.51    6.51    0.00   -0.78      0.794   0.794   0.000
  13 1710.3   9/2-  -3/2  30   -0.36    4.96    4.96    1.82    2.33       6.63    6.63    0.00   -0.04      0.809   0.809   0.000
  14 1757.9   5/2-   5/2  38    1.78    2.25    2.25    4.98    1.84       3.67    3.67    0.00   -1.49      0.448   0.448   0.000
  15 1763.0   7/2-   1/2  28   -0.01   23.94   23.94    1.99    6.15       8.41    8.41    0.00   -6.21      1.026   1.026   0.000
  
  16 2045.2   1/2-   1/2  39    0.50    1.52    1.52    0.25    0.72       1.40    1.40    0.00   -1.60      0.170   0.170   0.000
  17 2153.3  11/2-  -7/2  32   -2.01    2.50    2.50   12.48    2.60      11.10   11.10    0.00   -0.42      1.354   1.354   0.000
  18 2473.2   5/2-  -3/2  36   -0.28    3.17    3.17    2.33    0.01       8.70    8.70    0.00   -2.08      1.060   1.060   0.000
  19 2498.6  13/2-   9/2  33    2.47    2.94    2.94   17.86    3.38      12.64   12.64    0.00   -0.03      1.541   1.541   0.000
  20 2621.5   7/2-  -7/2  27   -1.26    4.50    4.50    8.11    2.14       7.93    7.93    0.00   -2.16      0.967   0.967   0.000
  
  21 2857.9   9/2-   5/2  34    0.00   24.56   24.56    5.73    5.32      13.34   13.34    0.00   -5.50      1.626   1.626   0.000
  22 2886.3   5/2-   1/2  39    0.46    1.64    1.64    0.34    0.34       5.17    5.17    0.00   -0.81      0.630   0.630   0.000
  23 3259.3  13/2-   5/2  34   -0.04   24.55   24.55    5.92    5.30      14.90   14.90    0.00   -3.30      1.817   1.817   0.000
  24 3377.1  11/2-  -3/2  30   -0.39    4.23    4.23    2.21    1.68      13.20   13.20    0.00   -0.13      1.609   1.609   0.000
  25 3385.7   9/2-  -3/2  36   -1.02    2.80    2.80    1.97    0.65      12.91   12.91    0.00   -0.85      1.574   1.574   0.000
  
  26 3508.3  11/2-   1/2  29    0.11    3.72    3.72    1.76    1.39      14.14   14.14    0.00   -0.16      1.724   1.724   0.000
  27 3512.4  13/2-  -7/2  32   -0.86    3.83    3.83    7.29    2.43      14.88   14.88    0.00    0.37      1.814   1.814   0.000
  28 3666.5  13/2-  -7/2  32   -0.95    3.90    3.90    7.08    2.33      15.58   15.58    0.00    0.24      1.899   1.899   0.000
  29 4006.2   1/2-   1/2  25    0.50    6.60    6.60    0.25    0.66       6.53    6.53    0.00   -3.56      0.796   0.796   0.000
  30 4126.5   1/2-   1/2  37    0.50   12.36   12.36    0.25   -1.48      14.14   14.14   -0.00   -4.94      1.724   1.724  -0.000
  
  31 6161.6  13/2-  -3/2  36   -0.93    2.31    2.31    2.69    0.73      22.93   22.93    0.00   -0.33      2.795   2.795   0.000
  32 6980.6   1/2-   1/2  28    0.50   24.58   24.58    0.25   -3.55      28.15   28.15   -0.00   -6.99      3.432   3.432  -0.000
