1SPECTRUM OF (Z= 82 A=207) IN PARTICLE-ROTOR  MODEL WITH MODIFIED OSCILLATOR POTENTIAL


 PARITY=-   EPS= 0.184   GAMMA=  0.0   EPS4=0.000   EPS6=0.000   LEVELS:  24  25  26  27  28  29  30  31  32  33  34  35  36  37  38

 PAIRING FACTORS: GN0= 19.20  GN1=  7.40  IPAIR= 15 ***  E2PLUS(INPUT)=   0.730  E2PLUR(INPUT)=   0.000

 CORIOLIS ATTENUATION PARAMETERS:  CHSI=1.000  ETA=  1.00

 MOMENT OF INERTIA PARAMETERS:   A1=  0.122 MEV   A2=  0.122 MEV   A3=121.91923 MEV


 DELTA=0.917 MEV  LAMBDA=53.4631 MEV   HW0= 7.4401 MEV   LAMBDA/HW0= 7.1858

 E2ENERGY=0.730 MEV  HBAR**2/B= 6278./A**(7/3)=1061.2/A**2 MEV

 IREC=0  =>  RECOIL TERMS j+j-, j+j+, jzjz, ETC TREATED AS ONE-BODY OPERATORS WITH UU+VV PAIRING FACTORS



 S. P. LEVEL   EQP       U     V        (UU + VV)**1.00

     24       5.153    0.089 0.996      1.000 1.000 1.000 0.999 0.997 0.994 0.992 0.989 0.773 0.667 0.447 0.389 0.347 0.291 0.244
     25       4.307    0.107 0.994      1.000 1.000 1.000 1.000 0.998 0.995 0.994 0.992 0.784 0.680 0.463 0.406 0.363 0.308 0.261
     26       3.933    0.117 0.993      1.000 1.000 1.000 1.000 0.999 0.996 0.995 0.993 0.790 0.688 0.472 0.415 0.373 0.318 0.271
     27       3.796    0.122 0.993      0.999 1.000 1.000 1.000 0.999 0.997 0.996 0.994 0.793 0.691 0.476 0.419 0.377 0.322 0.275
     28       2.864    0.162 0.987      0.997 0.998 0.999 0.999 1.000 0.999 0.999 0.997 0.817 0.720 0.511 0.456 0.415 0.361 0.314
     29       2.327    0.201 0.980      0.994 0.995 0.996 0.997 0.999 1.000 1.000 0.999 0.839 0.747 0.545 0.491 0.450 0.397 0.351
     30       2.184    0.215 0.977      0.992 0.994 0.995 0.996 0.999 1.000 1.000 1.000 0.847 0.756 0.557 0.503 0.463 0.410 0.365
     31       2.023    0.233 0.972      0.989 0.992 0.993 0.994 0.997 0.999 1.000 1.000 0.857 0.768 0.572 0.519 0.479 0.427 0.382
     32       0.917    0.701 0.713      0.773 0.784 0.790 0.793 0.817 0.839 0.847 0.857 1.000 0.988 0.913 0.885 0.863 0.832 0.804
     33       0.956    0.802 0.598      0.667 0.680 0.688 0.691 0.720 0.747 0.756 0.768 0.988 1.000 0.965 0.946 0.930 0.907 0.885
     34       1.348    0.931 0.365      0.447 0.463 0.472 0.476 0.511 0.545 0.557 0.572 0.913 0.965 1.000 0.998 0.994 0.986 0.977
     35       1.576    0.952 0.305      0.389 0.406 0.415 0.419 0.456 0.491 0.503 0.519 0.885 0.946 0.998 1.000 0.999 0.995 0.988
     36       1.816    0.965 0.261      0.347 0.363 0.373 0.377 0.415 0.450 0.463 0.479 0.863 0.930 0.994 0.999 1.000 0.998 0.994
     37       2.289    0.979 0.205      0.291 0.308 0.318 0.322 0.361 0.397 0.410 0.427 0.832 0.907 0.986 0.995 0.998 1.000 0.999
     38       2.974    0.988 0.156      0.244 0.261 0.271 0.275 0.314 0.351 0.365 0.382 0.804 0.885 0.977 0.988 0.994 0.999 1.000

  R CORE   ENERGY   A0R/A00=1.000    R3= 0     2  
   2( 1)    0.732                    1.000 0.000
   2( 2)  487.921                    0.000 1.000

  R CORE   ENERGY   A0R/A00=1.000    R3= 0     2  
   3( 1)  488.652                    0.000 1.000

  R CORE   ENERGY   A0R/A00=1.000    R3= 0     2     4  
   4( 1)    2.438                    1.000 0.000 0.000

  R CORE   ENERGY   A0R/A00=1.000    R3= 0     2     4  
   5( 1)  490.847                    0.000 1.000 0.000

  R CORE   ENERGY   A0R/A00=1.000    R3= 0     2     4     6  
   6( 1)    5.121                    1.000 0.000 0.000 0.000

  R CORE   ENERGY   A0R/A00=1.000    R3= 0     2     4     6  
   7( 1)  494.017                    0.000 1.000 0.000 0.000

          AXIAL SYMMETRY => K RESTRICTED TO OMEGA

                     K
     S.P. ORB#: 24  2.50
     S.P. ORB#: 25  2.50
     S.P. ORB#: 26  0.50
     S.P. ORB#: 27 -3.50
     S.P. ORB#: 28 -3.50
     S.P. ORB#: 29  4.50
     S.P. ORB#: 30  0.50
     S.P. ORB#: 31 -1.50
     S.P. ORB#: 32 -1.50
     S.P. ORB#: 33  2.50
     S.P. ORB#: 34  0.50
     S.P. ORB#: 35  0.50
     S.P. ORB#: 36 -1.50
     S.P. ORB#: 37  2.50
     S.P. ORB#: 38 -3.50
 

             ENERGY    K= OMEGA
 
 I=  1/2- (1)  1.593  26:-0.061
                      34:-0.998
 
 I=  1/2- (2)  3.208  30: 0.999
 
 I=  1/2- (3)  5.081  26: 0.998
                      34:-0.062
 
 I=  1/2- (4)  9.597  35:-1.000
 
 I=  1/2- (5)147.220  32: 1.000

             ENERGY    K= OMEGA
 
 I=  3/2- (1)  1.392  30: 0.190
                      31: 0.109
                      32: 0.971
                      34:-0.082
 
 I=  3/2- (2)  2.248  30:-0.150
                      31:-0.124
                      32: 0.125
                      34: 0.973

             ENERGY    K= OMEGA
 
 I=  5/2- (1)  1.425  30: 0.133
                      31: 0.179
                      32:-0.407
                      33:-0.882
                      34: 0.064
 
 I=  5/2- (2)  2.007  30: 0.225
                      31:-0.166
                      32:-0.871
                      33: 0.400
 
 I=  5/2- (3)  2.270  30: 0.144
                      31: 0.188
                      33: 0.126
                      34: 0.963
 
 I=  5/2- (4)  3.270  24: 0.072
                      26:-0.382
                      30: 0.447
                      31: 0.742
                      32: 0.072
                      33: 0.186
                      34:-0.242
 
 I=  5/2- (5)  4.538  24: 0.063
                      26: 0.074
                      30:-0.802
                      31: 0.519
                      32:-0.260
                      33: 0.099

             ENERGY    K= OMEGA
 
 I=  7/2- (1)  2.059  30: 0.180
                      31:-0.214
                      32: 0.499
                      33:-0.819
 
 I=  7/2- (2)  2.654  25:-0.070
                      26:-0.175
                      28: 0.072
                      30:-0.347
                      31:-0.300
                      32:-0.718
                      33:-0.438
                      34: 0.200
 
 I=  7/2- (3)  3.577  24:-0.068
                      25: 0.245
                      27: 0.141
                      28:-0.948
                      30:-0.069
                      34: 0.094
 
 I=  7/2- (4)  3.848  26:-0.087
                      28: 0.085
                      30:-0.137
                      31:-0.242
                      32: 0.312
                      33: 0.215
                      34: 0.873
 
 I=  7/2- (5)  3.984  35: 0.723
                      36: 0.574
                      37: 0.354
                      38: 0.150

             ENERGY    K= OMEGA
 
 I=  9/2- (1)  2.714  26: 0.176
                      27:-0.107
                      29: 0.168
                      30:-0.298
                      31:-0.362
                      32: 0.461
                      33: 0.679
                      34:-0.179
 
 I=  9/2- (2)  3.048  24: 0.069
                      25: 0.069
                      27: 0.276
                      28: 0.178
                      29:-0.918
                      30:-0.072
                      31:-0.064
                      32: 0.106
                      33: 0.124
 
 I=  9/2- (3)  3.817  24: 0.073
                      25:-0.131
                      26:-0.058
                      27: 0.064
                      28:-0.188
                      30:-0.156
                      31: 0.339
                      32: 0.737
                      33:-0.259
                      34: 0.430
 
 I=  9/2- (4)  3.891  26: 0.090
                      28:-0.094
                      30:-0.308
                      31:-0.082
                      32: 0.192
                      33:-0.533
                      34:-0.746
 
 I=  9/2- (5)  4.469  24: 0.115
                      25:-0.299
                      26:-0.063
                      27: 0.177
                      28:-0.871
                      29:-0.133
                      30: 0.135
                      32:-0.163
                      33: 0.177
                      34:-0.098

             ENERGY    K= OMEGA
 
 I= 11/2- (1)  2.828  35: 0.684
                      36: 0.576
                      37: 0.399
                      38: 0.201
 
 I= 11/2- (2)  3.816  24: 0.109
                      25: 0.114
                      27:-0.336
                      28:-0.166
                      29:-0.636
                      30: 0.157
                      31:-0.223
                      32: 0.337
                      33:-0.493
 
 I= 11/2- (3)  4.064  24: 0.069
                      27:-0.218
                      28:-0.155
                      29:-0.594
                      30:-0.230
                      31: 0.189
                      32:-0.448
                      33: 0.528
 
 I= 11/2- (4)  4.601  24: 0.082
                      25:-0.125
                      26:-0.283
                      27:-0.057
                      28: 0.179
                      29: 0.061
                      30:-0.403
                      31:-0.414
                      32:-0.543
                      33:-0.415
                      34: 0.238
 
 I= 11/2- (5)  5.548  24:-0.137
                      25: 0.359
                      26:-0.095
                      27: 0.217
                      28:-0.846
                      29: 0.168
                      30:-0.152
                      31:-0.076
                      32:-0.056
                      33:-0.077
                      34: 0.119

             ENERGY    K= OMEGA
 
 I= 13/2- (1)  4.647  24: 0.119
                      25: 0.088
                      26:-0.263
                      27: 0.244
                      28: 0.091
                      29:-0.321
                      30: 0.354
                      31: 0.427
                      32:-0.374
                      33:-0.500
                      34: 0.202
 
 I= 13/2- (2)  5.046  35:-0.231
                      36: 0.580
                      37:-0.653
                      38: 0.430
 
 I= 13/2- (3)  5.102  24: 0.122
                      25: 0.127
                      26: 0.140
                      27: 0.392
                      28: 0.242
                      29:-0.754
                      30:-0.201
                      31:-0.187
                      32: 0.191
                      33: 0.202
                      34:-0.125
 
 I= 13/2- (4)  6.378  24: 0.158
                      25:-0.253
                      26:-0.104
                      27: 0.138
                      28:-0.388
                      29:-0.056
                      30:-0.107
                      31: 0.332
                      32: 0.653
                      34: 0.423
 
 I= 13/2- (5)  6.541  25:-0.148
                      26: 0.104
                      27: 0.107
                      28:-0.297
                      30:-0.292
                      32: 0.088
                      33:-0.606
                      34:-0.636

             ENERGY     K=-7/2
  32 LEVELS    TIME=  0.0 SEC



 ******************* EXCITATION ENERGIES, DOMINANT CONFIGURATION AND EXPECTATION VALUES (WITH S.P. UU+VV FACTORS) *******************

  NR  Eex(keV)  I   Kdom  NY    <Jz>  <Jx**2> <Jy**2> <Jz**2> <I.j>/|I|  <Rx**2> <Ry**2> <Rz**2> <R.j>/|R|  <HROTx> <HROTy> <HROTz>

   1    0.0   3/2-  -3/2  32   -1.41    1.53    1.53    2.16    1.46       1.67    1.67    0.00   -1.32      0.203   0.203   0.000
   2   32.7   5/2-   5/2  33    1.66    1.80    1.80    5.31    2.42       1.67    1.67    0.00   -0.96      0.204   0.204   0.000
   3  200.6   1/2-   1/2  34    0.50    1.19    1.19    0.25    0.83       0.96    0.96   -0.00   -1.37      0.117   0.117  -0.000
   4  615.1   5/2-  -3/2  32   -0.75    1.54    1.54    2.79    1.11       4.03    4.03    0.00   -0.91      0.491   0.491   0.000
   5  666.4   7/2-   5/2  33    1.25    1.93    1.93    4.88    2.04       4.17    4.17    0.00   -0.23      0.508   0.508   0.000
  
   6  855.2   3/2-   1/2  34    0.44    1.30    1.30    0.31   -0.14       3.60    3.60    0.00   -1.19      0.438   0.438   0.000
   7  877.9   5/2-   1/2  34    0.46    1.54    1.54    0.42    0.84       3.63    3.63   -0.00   -0.37      0.443   0.443  -0.000
   8 1261.6   7/2-  -3/2  32   -0.34    1.75    1.75    2.72    1.39       5.47    5.47    0.00   -0.21      0.667   0.667   0.000
   9 1321.1   9/2-   5/2  33    0.80    2.80    2.80    4.43    2.40       5.45    5.45    0.00    0.58      0.664   0.664   0.000
  10 1436.1  11/2-   1/2  35   -0.01   28.26   28.26    2.36    7.22       4.11    4.11    0.00   -5.46      0.501   0.501   0.000
  
  11 1655.6   9/2-   9/2  29    3.46    2.74    2.74   18.58    4.40       2.50    2.50    0.00   -0.96      0.304   0.304   0.000
  12 1815.2   1/2-   1/2  30    0.50    4.03    4.03    0.25    0.40       4.19    4.19   -0.00   -2.75      0.511   0.511  -0.000
  13 1878.1   5/2-  -3/2  31   -0.53    3.80    3.80    1.60    1.64       4.11    4.11    0.00   -1.51      0.501   0.501   0.000
  14 2184.2   7/2-  -7/2  28   -3.04    2.27    2.27   11.66    3.39       2.53    2.53   -0.00   -1.22      0.308   0.308  -0.000
  15 2423.1  11/2-   9/2  29    1.77    3.11    3.11   11.95    3.30       7.22    7.22    0.00    0.41      0.880   0.880   0.000
  
  16 2424.5   9/2-  -3/2  32   -0.80    1.56    1.56    2.58    1.01      10.20   10.20    0.00   -0.15      1.244   1.244   0.000
  17 2455.1   7/2-   1/2  34    0.25    1.69    1.69    0.94   -0.02      10.11   10.11    0.00   -0.98      1.232   1.232   0.000
  18 2498.4   9/2-   1/2  34    0.95    2.02    2.02    2.18    1.02      10.42   10.42   -0.00   -0.25      1.270   1.270  -0.000
  19 2591.4   7/2-   1/2  35   -0.00   28.39   28.39    1.93    7.10       9.05    9.05    0.00   -7.18      1.104   1.104   0.000
  20 2672.0  11/2-   9/2  29    1.72    2.44    2.44   10.35    2.67       9.52    9.52    0.00    0.17      1.160   1.160   0.000
  
  21 3076.8   9/2-  -7/2  28   -2.37    2.32    2.32   10.94    2.77       6.40    6.40    0.00   -0.51      0.780   0.780   0.000
  22 3145.4   5/2-   1/2  30   -0.15    4.10    4.10    1.01   -0.39      10.14   10.14    0.00   -2.30      1.236   1.236   0.000
  23 3208.3  11/2-  -3/2  32   -0.17    2.20    2.20    2.85    1.64      11.71   11.71    0.00    0.52      1.428   1.428   0.000
  24 3254.9  13/2-   5/2  33    0.54    3.78    3.78    5.40    2.83      11.13   11.13   -0.00    1.43      1.357   1.357  -0.000
  25 3653.1  13/2-   5/2  37   -0.06   27.18   27.18    5.69    6.13      11.59   11.59    0.00   -3.58      1.414   1.414   0.000
  
  26 3688.3   1/2-   1/2  26    0.50    4.84    4.84    0.25    0.68       4.75    4.75    0.00   -3.03      0.580   0.580   0.000
  27 3710.0  13/2-   9/2  29    1.93    3.49    3.49   14.75    3.55      10.46   10.46    0.00    0.67      1.276   1.276   0.000
  28 4155.6  11/2-  -7/2  28   -2.15    2.47    2.47   10.91    2.62      10.16   10.16    0.00   -0.05      1.238   1.238   0.000
  29 4985.6  13/2-  -3/2  32   -1.06    1.90    1.90    3.96    1.38      18.62   18.62    0.00    0.31      2.270   2.270   0.000
  30 5148.4  13/2-   1/2  34    0.87    2.13    2.13    3.81    1.13      20.53   20.53    0.00   -0.03      2.503   2.503   0.000
  
  31 8204.9   1/2-   1/2  35    0.50   28.86   28.86    0.25   -4.08      32.90   32.90    0.00   -7.58      4.011   4.011   0.000
  32*******   1/2-  -3/2  32    0.00    0.00    0.00    0.00   -0.00       0.00    0.00    0.00   -0.00      0.000   0.000   0.000
