1SPECTRUM OF (Z= 82 A=207) IN PARTICLE-ROTOR  MODEL WITH MODIFIED OSCILLATOR POTENTIAL


 PARITY=-   EPS= 0.426   GAMMA=  0.0   EPS4=0.000   EPS6=0.000   LEVELS:  25  26  27  28  29  30  31  32  33  34  35  36  37  38  39

 PAIRING FACTORS: GN0= 19.20  GN1=  7.40  IPAIR= 15 ***  E2PLUS(INPUT)=   0.730  E2PLUR(INPUT)=   0.000

 CORIOLIS ATTENUATION PARAMETERS:  CHSI=1.000  ETA=  1.00

 MOMENT OF INERTIA PARAMETERS:   A1=  0.122 MEV   A2=  0.122 MEV   A3=121.91923 MEV


 DELTA=0.848 MEV  LAMBDA=53.4880 MEV   HW0= 7.5821 MEV   LAMBDA/HW0= 7.0545

 E2ENERGY=0.730 MEV  HBAR**2/B=33649./A**(7/3)=5688.3/A**2 MEV

 IREC=0  =>  RECOIL TERMS j+j-, j+j+, jzjz, ETC TREATED AS ONE-BODY OPERATORS WITH UU+VV PAIRING FACTORS



 S. P. LEVEL   EQP       U     V        (UU + VV)**1.00

     25       3.823    0.112 0.994      1.000 1.000 0.998 0.998 0.993 0.931 0.870 0.810 0.646 0.411 0.346 0.328 0.264 0.243 0.219
     26       3.208    0.133 0.991      1.000 1.000 0.999 0.999 0.995 0.939 0.881 0.823 0.662 0.431 0.367 0.349 0.285 0.264 0.241
     27       2.558    0.168 0.986      0.998 0.999 1.000 1.000 0.998 0.950 0.897 0.842 0.688 0.462 0.399 0.382 0.318 0.298 0.275
     28       2.458    0.175 0.985      0.998 0.999 1.000 1.000 0.999 0.952 0.900 0.846 0.693 0.468 0.406 0.388 0.325 0.305 0.282
     29       1.909    0.228 0.974      0.993 0.995 0.998 0.999 1.000 0.967 0.922 0.874 0.731 0.515 0.455 0.437 0.375 0.356 0.333
     30       1.026    0.467 0.884      0.931 0.939 0.950 0.952 0.967 1.000 0.990 0.968 0.880 0.716 0.665 0.651 0.598 0.581 0.561
     31       0.892    0.587 0.810      0.870 0.881 0.897 0.900 0.922 0.990 1.000 0.994 0.938 0.806 0.763 0.751 0.704 0.689 0.671
     32       0.851    0.673 0.740      0.810 0.823 0.842 0.846 0.874 0.968 0.994 1.000 0.971 0.867 0.831 0.820 0.779 0.766 0.750
     33       0.917    0.831 0.556      0.646 0.662 0.688 0.693 0.731 0.880 0.938 0.971 1.000 0.961 0.940 0.933 0.907 0.898 0.887
     34       1.453    0.952 0.306      0.411 0.431 0.462 0.468 0.515 0.716 0.806 0.867 0.961 1.000 0.998 0.996 0.988 0.984 0.980
     35       1.823    0.971 0.240      0.346 0.367 0.399 0.406 0.455 0.665 0.763 0.831 0.940 0.998 1.000 1.000 0.996 0.994 0.991
     36       1.969    0.975 0.221      0.328 0.349 0.382 0.388 0.437 0.651 0.751 0.820 0.933 0.996 1.000 1.000 0.998 0.996 0.994
     37       2.781    0.988 0.154      0.264 0.285 0.318 0.325 0.375 0.598 0.704 0.779 0.907 0.988 0.996 0.998 1.000 1.000 0.999
     38       3.205    0.991 0.133      0.243 0.264 0.298 0.305 0.356 0.581 0.689 0.766 0.898 0.984 0.994 0.996 1.000 1.000 1.000
     39       3.902    0.994 0.109      0.219 0.241 0.275 0.282 0.333 0.561 0.671 0.750 0.887 0.980 0.991 0.994 0.999 1.000 1.000

  R CORE   ENERGY   A0R/A00=1.000    R3= 0     2  
   2( 1)    0.732                    1.000 0.000
   2( 2)  487.921                    0.000 1.000

  R CORE   ENERGY   A0R/A00=1.000    R3= 0     2  
   3( 1)  488.652                    0.000 1.000

  R CORE   ENERGY   A0R/A00=1.000    R3= 0     2     4  
   4( 1)    2.438                    1.000 0.000 0.000

  R CORE   ENERGY   A0R/A00=1.000    R3= 0     2     4  
   5( 1)  490.847                    0.000 1.000 0.000

  R CORE   ENERGY   A0R/A00=1.000    R3= 0     2     4     6  
   6( 1)    5.121                    1.000 0.000 0.000 0.000

  R CORE   ENERGY   A0R/A00=1.000    R3= 0     2     4     6  
   7( 1)  494.017                    0.000 1.000 0.000 0.000

          AXIAL SYMMETRY => K RESTRICTED TO OMEGA

                     K
     S.P. ORB#: 25  0.50
     S.P. ORB#: 26 -5.50
     S.P. ORB#: 27 -1.50
     S.P. ORB#: 28  2.50
     S.P. ORB#: 29 -3.50
     S.P. ORB#: 30  2.50
     S.P. ORB#: 31  0.50
     S.P. ORB#: 32 -1.50
     S.P. ORB#: 33  0.50
     S.P. ORB#: 34 -3.50
     S.P. ORB#: 35 -3.50
     S.P. ORB#: 36  4.50
     S.P. ORB#: 37  0.50
     S.P. ORB#: 38 -1.50
     S.P. ORB#: 39 -1.50
 

             ENERGY    K= OMEGA
 
 I=  1/2- (1)  2.233  31:-1.000
 
 I=  1/2- (2)  3.728  25:-0.232
                      33: 0.920
                      37:-0.315
 
 I=  1/2- (3)  6.790  25:-0.266
                      33: 0.252
                      37: 0.931
 
 I=  1/2- (4)  9.993  25: 0.936
                      33: 0.299
                      37: 0.186
 
 I=  1/2- (5)147.155  32: 1.000

             ENERGY    K= OMEGA
 
 I=  3/2- (1)  2.179  31:-0.525
                      32: 0.850
 
 I=  3/2- (2)  2.501  31:-0.837
                      32:-0.524
                      39:-0.157
 
 I=  3/2- (3)  3.724  25: 0.257
                      33:-0.931
                      37:-0.124
                      38:-0.225
 
 I=  3/2- (4)  4.592  31: 0.152
                      32: 0.053
                      39:-0.987
 
 I=  3/2- (5)  6.700  25: 0.673
                      27: 0.662
                      33: 0.261
                      37:-0.096
                      38:-0.176

             ENERGY    K= OMEGA
 
 I=  5/2- (1)  2.743  28:-0.050
                      31:-0.474
                      32:-0.877
                      39: 0.065
 
 I=  5/2- (2)  3.282  28: 0.073
                      31:-0.839
                      32: 0.469
                      39: 0.264
 
 I=  5/2- (3)  3.844  25: 0.184
                      33:-0.824
                      37: 0.459
                      38: 0.275
 
 I=  5/2- (4)  4.253  28: 0.992
                      31: 0.060
                      32:-0.085
                      39: 0.067
 
 I=  5/2- (5)  5.304  28: 0.086
                      31:-0.259
                      32: 0.064
                      39:-0.960

             ENERGY    K= OMEGA
 
 I=  7/2- (1)  2.361  28:-0.151
                      34: 0.988
 
 I=  7/2- (2)  3.347  31: 0.738
                      32:-0.651
                      39: 0.173
 
 I=  7/2- (3)  3.822  28: 0.191
                      29: 0.966
                      31:-0.121
                      32:-0.114
                      39:-0.058
 
 I=  7/2- (4)  3.975  28: 0.079
                      29:-0.191
                      31:-0.591
                      32:-0.738
                      39:-0.251
 
 I=  7/2- (5)  3.982  25: 0.067
                      27:-0.128
                      30:-0.149
                      33:-0.875
                      35:-0.056
                      37:-0.250
                      38:-0.355

             ENERGY    K= OMEGA
 
 I=  9/2- (1)  2.884  28: 0.095
                      29:-0.205
                      34: 0.376
                      36: 0.899
 
 I=  9/2- (2)  3.464  28:-0.198
                      29:-0.123
                      34:-0.899
                      36: 0.369
 
 I=  9/2- (3)  4.491  28: 0.062
                      31: 0.599
                      32: 0.777
                      39:-0.174
 
 I=  9/2- (4)  4.665  25:-0.117
                      27:-0.081
                      30: 0.156
                      33: 0.761
                      35:-0.080
                      37:-0.498
                      38:-0.350
 
 I=  9/2- (5)  4.979  28:-0.267
                      29: 0.916
                      31: 0.155
                      32:-0.066
                      36: 0.226
                      39:-0.095

             ENERGY    K= OMEGA
 
 I= 11/2- (1)  3.837  25:-0.493
                      27:-0.559
                      30:-0.480
                      33:-0.360
                      35:-0.211
                      37:-0.115
                      38:-0.164
 
 I= 11/2- (2)  4.021  26:-0.088
                      28:-0.139
                      29:-0.271
                      34: 0.437
                      36:-0.842
 
 I= 11/2- (3)  4.551  26:-0.991
                      34:-0.124
 
 I= 11/2- (4)  4.788  26: 0.100
                      28: 0.232
                      29:-0.181
                      34:-0.846
                      36:-0.431
 
 I= 11/2- (5)  5.221  25:-0.338
                      27:-0.199
                      30:-0.156
                      33: 0.768
                      35:-0.087
                      37: 0.287
                      38: 0.376

             ENERGY    K= OMEGA
 
 I= 13/2- (1)  5.400  26:-0.089
                      28: 0.175
                      29:-0.315
                      34: 0.466
                      36: 0.803
 
 I= 13/2- (2)  5.631  25:-0.176
                      27: 0.557
                      30:-0.674
                      33:-0.194
                      35: 0.373
                      37: 0.091
                      38: 0.141
 
 I= 13/2- (3)  6.134  26:-0.980
                      28:-0.066
                      34:-0.187
 
 I= 13/2- (4)  6.344  26: 0.178
                      28:-0.257
                      29:-0.222
                      32:-0.054
                      34:-0.802
                      36: 0.455
 
 I= 13/2- (5)  6.452  25: 0.188
                      27:-0.152
                      30: 0.131
                      33:-0.714
                      35:-0.083
                      37: 0.527
                      38: 0.360

             ENERGY     K=-3/2
  35 LEVELS    TIME=  0.0 SEC



 ******************* EXCITATION ENERGIES, DOMINANT CONFIGURATION AND EXPECTATION VALUES (WITH S.P. UU+VV FACTORS) *******************

  NR  Eex(keV)  I   Kdom  NY    <Jz>  <Jx**2> <Jy**2> <Jz**2> <I.j>/|I|  <Rx**2> <Ry**2> <Rz**2> <R.j>/|R|  <HROTx> <HROTy> <HROTz>

   1    0.0   3/2-  -3/2  32   -0.95    5.10    5.10    1.70    1.26       5.38    5.38   -0.00   -2.88      0.656   0.656  -0.000
   2   54.4   1/2-   1/2  31    0.50    5.06    5.06    0.25    0.07       5.50    5.50    0.00   -3.11      0.670   0.670   0.000
   3  182.4   7/2-  -7/2  34   -3.36    2.32    2.32   12.11    3.18       3.63    3.63    0.00   -1.53      0.442   0.442   0.000
   4  322.2   3/2-   1/2  31   -0.10    4.92    4.92    0.85    0.45       6.34    6.34   -0.00   -2.75      0.773   0.773  -0.000
   5  564.7   5/2-  -3/2  32   -1.04    5.11    5.11    1.81    0.93       7.65    7.65   -0.00   -2.38      0.933   0.933  -0.000
  
   6  705.1   9/2-   9/2  36    3.02    2.57    2.57   18.66    4.07       4.05    4.05   -0.00   -1.25      0.493   0.493  -0.000
   7 1103.6   5/2-   1/2  31   -0.07    4.75    4.75    0.86    0.21       8.94    8.94   -0.00   -2.30      1.090   1.090  -0.000
   8 1168.1   7/2-   1/2  31   -0.41    5.07    5.07    1.17    0.95       9.76    9.76   -0.00   -1.71      1.190   1.190  -0.000
   9 1285.1   9/2-  -7/2  34   -2.17    2.40    2.40   13.09    2.72       7.77    7.77    0.00   -1.10      0.947   0.947   0.000
  10 1545.3   3/2-   1/2  33    0.40   11.91   11.91    0.35    1.98      10.13   10.13   -0.00   -4.52      1.235   1.235  -0.000
  
  11 1549.6   1/2-   1/2  33    0.50   10.55   10.55    0.25    1.06      10.13   10.13   -0.00   -4.54      1.235   1.235  -0.000
  12 1643.6   7/2-  -7/2  29   -3.19    6.22    6.22   11.69    3.05       7.85    7.85    0.00   -3.04      0.957   0.957   0.000
  13 1658.2  11/2-  -3/2  27    0.10   23.59   23.59    2.85    6.11       6.36    6.36    0.00   -3.78      0.775   0.775   0.000
  14 1665.6   5/2-   1/2  33    0.35   11.17   11.17    0.40    2.19       9.27    9.27   -0.00   -3.78      1.131   1.131  -0.000
  15 1796.6   7/2-  -3/2  32   -0.85    4.77    4.77    1.95    0.47      11.76   11.76   -0.00   -1.99      1.434   1.434  -0.000
  
  16 1803.1   7/2-   1/2  33    0.25   15.05   15.05    0.71    3.16      10.72   10.72   -0.00   -3.94      1.307   1.307  -0.000
  17 1842.5  11/2-   9/2  36    2.27    2.76    2.76   17.94    3.49       8.76    8.76    0.00   -0.63      1.068   1.068   0.000
  18 2074.1   5/2-   5/2  28    2.45    6.08    6.08    6.18    2.08       7.40    7.40   -0.00   -3.17      0.903   0.903  -0.000
  19 2311.9   9/2-  -3/2  32   -0.77    5.09    5.09    1.58    0.76      14.45   14.45   -0.00   -1.48      1.762   1.762  -0.000
  20 2372.8  11/2- -11/2  26   -5.45    2.75    2.75   29.93    5.01       5.63    5.63    0.00   -1.63      0.686   0.686   0.000
  
  21 2413.7   3/2-  -3/2  39   -1.45    1.98    1.98    2.20    0.93       3.15    3.15    0.00   -1.74      0.384   0.384   0.000
  22 2485.9   9/2-   1/2  33    0.27   12.42   12.42    0.73    2.63      12.09   12.09    0.00   -2.54      1.474   1.474   0.000
  23 2609.5  11/2-  -7/2  34   -1.71    2.50    2.50   13.57    2.38      12.93   12.93    0.00   -0.85      1.577   1.577   0.000
  24 2799.9   9/2-  -7/2  29   -2.54    5.96    5.96   11.81    2.37      12.46   12.46    0.00   -2.39      1.519   1.519   0.000
  25 3042.1  11/2-   1/2  33    0.16   13.09   13.09    0.85    2.90      14.02   14.02   -0.00   -1.83      1.710   1.710  -0.000
  
  26 3125.3   5/2-  -3/2  39   -1.34    2.17    2.17    2.15    0.32       6.67    6.67    0.00   -1.52      0.814   0.814   0.000
  27 3221.7  13/2-   9/2  36    1.83    2.93    2.93   17.37    3.08      14.46   14.46    0.00   -0.31      1.763   1.763   0.000
  28 3452.4  13/2-   5/2  30    0.19   23.22   23.22    5.30    4.92      15.91   15.91    0.00   -3.09      1.939   1.939   0.000
  29 3954.9  13/2- -11/2  26   -5.39    2.75    2.75   29.51    4.24      12.26   12.26    0.00   -1.09      1.495   1.495   0.000
  30 4165.2  13/2-  -7/2  34   -1.51    2.62    2.62   14.04    2.15      19.03   19.03    0.00   -0.70      2.320   2.320   0.000
  
  31 4273.4  13/2-   1/2  33    0.20   11.97   11.97    0.74    2.57      18.75   18.75   -0.00   -1.10      2.286   2.286  -0.000
  32 4521.7   3/2-   1/2  25   -0.44   21.70   21.70    1.19    4.73      15.01   15.01    0.00   -6.47      1.829   1.829   0.000
  33 4611.1   1/2-   1/2  37    0.50   15.74   15.74    0.25   -0.45      16.63   16.63   -0.00   -5.57      2.027   2.027  -0.000
  34 7814.2   1/2-   1/2  25    0.50   23.00   23.00    0.25   -3.49      26.52   26.52   -0.00   -6.76      3.233   3.233  -0.000
  35*******   1/2-  -3/2  32    0.00    0.00    0.00    0.00    0.00       0.00    0.00    0.00   -0.00      0.000   0.000   0.000
  
