1SPECTRUM OF (Z= 82 A=207) IN PARTICLE-ROTOR  MODEL WITH MODIFIED OSCILLATOR POTENTIAL


 PARITY=-   EPS= 0.299   GAMMA=  0.0   EPS4=0.000   EPS6=0.000   LEVELS:  24  25  26  27  28  29  30  31  32  33  34  35  36  37  38

 PAIRING FACTORS: GN0= 19.20  GN1=  7.40  IPAIR= 15 ***  E2PLUS(INPUT)=   0.730  E2PLUR(INPUT)=   0.000

 CORIOLIS ATTENUATION PARAMETERS:  CHSI=1.000  ETA=  1.00

 MOMENT OF INERTIA PARAMETERS:   A1=  0.122 MEV   A2=  0.122 MEV   A3=121.91924 MEV


 DELTA=0.949 MEV  LAMBDA=53.2885 MEV   HW0= 7.4911 MEV   LAMBDA/HW0= 7.1136

 E2ENERGY=0.730 MEV  HBAR**2/B=16577./A**(7/3)=2802.2/A**2 MEV

 IREC=0  =>  RECOIL TERMS j+j-, j+j+, jzjz, ETC TREATED AS ONE-BODY OPERATORS WITH UU+VV PAIRING FACTORS



 S. P. LEVEL   EQP       U     V        (UU + VV)**1.00

     24       5.036    0.095 0.996      1.000 1.000 0.999 0.997 0.969 0.957 0.944 0.933 0.840 0.790 0.454 0.327 0.299 0.281 0.254
     25       4.121    0.116 0.993      1.000 1.000 1.000 0.999 0.974 0.963 0.951 0.941 0.851 0.802 0.473 0.347 0.320 0.301 0.275
     26       3.400    0.141 0.990      0.999 1.000 1.000 1.000 0.980 0.969 0.959 0.949 0.864 0.817 0.495 0.371 0.344 0.325 0.299
     27       2.846    0.169 0.986      0.997 0.999 1.000 1.000 0.985 0.976 0.966 0.957 0.878 0.833 0.520 0.397 0.370 0.352 0.326
     28       1.497    0.337 0.942      0.969 0.974 0.980 0.985 1.000 0.999 0.996 0.993 0.948 0.916 0.660 0.550 0.525 0.509 0.484
     29       1.352    0.379 0.925      0.957 0.963 0.969 0.976 0.999 1.000 0.999 0.997 0.961 0.934 0.693 0.587 0.563 0.547 0.524
     30       1.253    0.417 0.909      0.944 0.951 0.959 0.966 0.996 0.999 1.000 0.999 0.972 0.947 0.722 0.619 0.596 0.581 0.558
     31       1.188    0.447 0.895      0.933 0.941 0.949 0.957 0.993 0.997 0.999 1.000 0.979 0.957 0.744 0.645 0.623 0.607 0.585
     32       0.976    0.620 0.785      0.840 0.851 0.864 0.878 0.948 0.961 0.972 0.979 1.000 0.996 0.865 0.787 0.769 0.757 0.738
     33       0.951    0.686 0.728      0.790 0.802 0.817 0.833 0.916 0.934 0.947 0.957 0.996 1.000 0.905 0.838 0.822 0.811 0.794
     34       1.388    0.930 0.368      0.454 0.473 0.495 0.520 0.660 0.693 0.722 0.744 0.865 0.905 1.000 0.990 0.986 0.983 0.977
     35       2.071    0.972 0.236      0.327 0.347 0.371 0.397 0.550 0.587 0.619 0.645 0.787 0.838 0.990 1.000 1.000 0.999 0.997
     36       2.337    0.978 0.208      0.299 0.320 0.344 0.370 0.525 0.563 0.596 0.623 0.769 0.822 0.986 1.000 1.000 1.000 0.999
     37       2.562    0.982 0.189      0.281 0.301 0.325 0.352 0.509 0.547 0.581 0.607 0.757 0.811 0.983 0.999 1.000 1.000 1.000
     38       2.983    0.987 0.161      0.254 0.275 0.299 0.326 0.484 0.524 0.558 0.585 0.738 0.794 0.977 0.997 0.999 1.000 1.000

  R CORE   ENERGY   A0R/A00=1.000    R3= 0     2  
   2( 1)    0.732                    1.000 0.000
   2( 2)  487.921                    0.000 1.000

  R CORE   ENERGY   A0R/A00=1.000    R3= 0     2  
   3( 1)  488.652                    0.000 1.000

  R CORE   ENERGY   A0R/A00=1.000    R3= 0     2     4  
   4( 1)    2.438                    1.000 0.000 0.000

  R CORE   ENERGY   A0R/A00=1.000    R3= 0     2     4  
   5( 1)  490.847                    0.000 1.000 0.000

  R CORE   ENERGY   A0R/A00=1.000    R3= 0     2     4     6  
   6( 1)    5.121                    1.000 0.000 0.000 0.000

  R CORE   ENERGY   A0R/A00=1.000    R3= 0     2     4     6  
   7( 1)  494.017                    0.000 1.000 0.000 0.000

          AXIAL SYMMETRY => K RESTRICTED TO OMEGA

                     K
     S.P. ORB#: 24  2.50
     S.P. ORB#: 25  0.50
     S.P. ORB#: 26  2.50
     S.P. ORB#: 27 -3.50
     S.P. ORB#: 28  0.50
     S.P. ORB#: 29 -1.50
     S.P. ORB#: 30 -3.50
     S.P. ORB#: 31  0.50
     S.P. ORB#: 32  4.50
     S.P. ORB#: 33 -1.50
     S.P. ORB#: 34  2.50
     S.P. ORB#: 35 -1.50
     S.P. ORB#: 36  2.50
     S.P. ORB#: 37 -3.50
     S.P. ORB#: 38  0.50
 

             ENERGY    K= OMEGA
 
 I=  1/2- (1)  2.691  28:-0.997
                      38:-0.066
 
 I=  1/2- (2)  3.307  25:-0.068
                      28: 0.064
                      38:-0.996
 
 I=  1/2- (3)  5.626  25: 0.997
                      38:-0.065
 
 I=  1/2- (4)  8.112  31: 1.000
 
 I=  1/2- (5)147.254  33: 1.000

             ENERGY    K= OMEGA
 
 I=  3/2- (1)  2.432  25:-0.158
                      28:-0.467
                      29:-0.467
                      35:-0.722
                      38: 0.134
 
 I=  3/2- (2)  2.561  28:-0.465
                      29: 0.847
                      35:-0.255

             ENERGY    K= OMEGA
 
 I=  5/2- (1)  2.472  25:-0.229
                      28: 0.408
                      29: 0.681
                      35:-0.238
                      36:-0.486
                      38: 0.151
 
 I=  5/2- (2)  3.048  24: 0.060
                      25:-0.107
                      26: 0.064
                      28:-0.090
                      29: 0.490
                      35: 0.773
                      36: 0.336
                      38: 0.150
 
 I=  5/2- (3)  3.182  25: 0.128
                      28:-0.516
                      35: 0.343
                      36:-0.765
                      38:-0.108
 
 I=  5/2- (4)  4.058  24:-0.061
                      25: 0.067
                      28: 0.461
                      29:-0.442
                      35: 0.317
                      36:-0.220
                      38: 0.659
 
 I=  5/2- (5)  4.203  25: 0.159
                      28:-0.547
                      29: 0.189
                      35:-0.353
                      36: 0.125
                      38: 0.706

             ENERGY    K= OMEGA
 
 I=  7/2- (1)  2.019  26:-0.210
                      27: 0.072
                      30: 0.973
 
 I=  7/2- (2)  3.194  24: 0.087
                      25:-0.098
                      27:-0.107
                      28: 0.231
                      29:-0.654
                      35: 0.293
                      36:-0.632
 
 I=  7/2- (3)  3.270  31:-0.732
                      33:-0.576
                      34:-0.338
                      37:-0.135
 
 I=  7/2- (4)  3.363  24:-0.060
                      25: 0.293
                      28: 0.642
                      29: 0.381
                      35: 0.556
                      38:-0.198
 
 I=  7/2- (5)  4.209  24:-0.145
                      27: 0.159
                      28:-0.507
                      29: 0.494
                      35: 0.257
                      36:-0.620

             ENERGY    K= OMEGA
 
 I=  9/2- (1)  1.796  24: 0.056
                      26:-0.060
                      27: 0.242
                      30:-0.179
                      32:-0.950
 
 I=  9/2- (2)  2.923  24:-0.066
                      26:-0.286
                      27:-0.123
                      29:-0.106
                      30:-0.924
                      32: 0.154
                      36: 0.072
 
 I=  9/2- (3)  3.420  24: 0.097
                      25:-0.343
                      27: 0.064
                      28: 0.456
                      29: 0.654
                      30:-0.134
                      32: 0.072
                      35:-0.223
                      36:-0.353
                      38: 0.185
 
 I=  9/2- (4)  4.489  31:-0.241
                      33: 0.600
                      34:-0.649
                      37: 0.401
 
 I=  9/2- (5)  4.803  24:-0.110
                      25: 0.132
                      26:-0.068
                      27:-0.060
                      28: 0.098
                      29:-0.383
                      30: 0.060
                      35:-0.776
                      36:-0.393
                      38:-0.212

             ENERGY    K= OMEGA
 
 I= 11/2- (1)  2.521  31:-0.693
                      33:-0.575
                      34:-0.389
                      37:-0.193
 
 I= 11/2- (2)  2.793  24: 0.100
                      26:-0.098
                      27:-0.341
                      30: 0.234
                      32:-0.899
 
 I= 11/2- (3)  4.044  24: 0.099
                      26: 0.336
                      27:-0.167
                      29:-0.124
                      30:-0.888
                      32:-0.188
                      36:-0.085
 
 I= 11/2- (4)  4.993  24:-0.164
                      25: 0.223
                      26: 0.058
                      27: 0.132
                      29: 0.725
                      30:-0.147
                      32:-0.155
                      35:-0.165
                      36: 0.540
                      38:-0.106
 
 I= 11/2- (5)  5.177  25:-0.312
                      28:-0.713
                      29:-0.145
                      30: 0.066
                      35:-0.552
                      36: 0.162
                      38: 0.190

             ENERGY    K= OMEGA
 
 I= 13/2- (1)  3.982  24: 0.145
                      26:-0.126
                      27: 0.412
                      29: 0.068
                      30:-0.258
                      32:-0.847
 
 I= 13/2- (2)  4.734  31: 0.228
                      33:-0.578
                      34: 0.656
                      37:-0.428
 
 I= 13/2- (3)  5.177  24:-0.154
                      25: 0.352
                      26:-0.199
                      27:-0.129
                      28:-0.386
                      29:-0.565
                      30:-0.454
                      35: 0.139
                      36: 0.274
                      38:-0.167
 
 I= 13/2- (4)  5.497  25: 0.220
                      26: 0.320
                      27: 0.141
                      28:-0.275
                      29:-0.292
                      30: 0.743
                      32:-0.252
                      35: 0.159
                      36: 0.123
                      38:-0.104
 
 I= 13/2- (5)  7.514  24:-0.145
                      25: 0.134
                      27:-0.084
                      28: 0.110
                      29:-0.313
                      30: 0.093
                      32:-0.079
                      35:-0.764
                      36:-0.428
                      38:-0.246

             ENERGY     K= 1/2
  32 LEVELS    TIME=  0.0 SEC



 ******************* EXCITATION ENERGIES, DOMINANT CONFIGURATION AND EXPECTATION VALUES (WITH S.P. UU+VV FACTORS) *******************

  NR  Eex(keV)  I   Kdom  NY    <Jz>  <Jx**2> <Jy**2> <Jz**2> <I.j>/|I|  <Rx**2> <Ry**2> <Rz**2> <R.j>/|R|  <HROTx> <HROTy> <HROTz>

   1    0.0   9/2-   9/2  32    3.76    2.64    2.64   19.42    4.41       2.79    2.79    0.00   -1.17      0.340   0.340   0.000
   2  222.9   7/2-  -7/2  30   -3.22    2.29    2.29   11.96    3.39       2.70    2.70    0.00   -1.33      0.329   0.329   0.000
   3  635.4   3/2-  -3/2  35   -0.98    2.67    2.67    1.73    1.58       2.36    2.36   -0.00   -1.85      0.287   0.287  -0.000
   4  675.8   5/2-  -3/2  29   -0.06    4.14    4.14    2.72    2.46       2.60    2.60    0.00   -1.63      0.317   0.317   0.000
   5  724.4  11/2-   1/2  31   -0.01   25.08   25.08    2.27    6.46       5.45    5.45   -0.00   -4.18      0.665   0.665  -0.000
  
   6  765.1   3/2-  -3/2  29   -1.07    4.59    4.59    1.82    1.42       4.63    4.63   -0.00   -2.71      0.565   0.565  -0.000
   7  894.5   1/2-   1/2  28    0.50    4.66    4.66    0.25    0.35       4.85    4.85    0.00   -2.97      0.592   0.592   0.000
   8  996.7  11/2-   9/2  32    3.09    3.01    3.01   18.58    4.00       6.23    6.23    0.00   -0.19      0.760   0.760   0.000
   9 1126.5   9/2-  -7/2  30   -2.72    2.42    2.42   11.73    2.96       5.93    5.93    0.00   -0.54      0.723   0.723   0.000
  10 1251.5   5/2-  -3/2  35   -0.93    2.16    2.16    2.65    1.18       4.36    4.36   -0.00   -1.18      0.532   0.532  -0.000
  
  11 1385.9   5/2-   5/2  36    1.43    2.71    2.71    4.00    1.60       4.36    4.36   -0.00   -1.59      0.532   0.532  -0.000
  12 1398.1   7/2-  -3/2  29    0.23    3.53    3.53    3.89    2.01       5.35    5.35   -0.00   -0.90      0.652   0.652  -0.000
  13 1474.0   7/2-   1/2  31   -0.01   25.08   25.08    1.82    6.35       8.66    8.66   -0.00   -6.43      1.056   1.056  -0.000
  14 1511.0   1/2-   1/2  38    0.50    1.46    1.46    0.25    0.72       1.33    1.33    0.00   -1.56      0.163   0.163   0.000
  15 1566.4   7/2-   1/2  28   -0.41    3.28    3.28    1.23    1.51       5.78    5.78   -0.00   -0.53      0.704   0.704  -0.000
  
  16 1623.4   9/2-  -3/2  29   -0.25    4.71    4.71    2.39    2.47       5.97    5.97   -0.00    0.15      0.728   0.728  -0.000
  17 2186.2  13/2-   9/2  32    2.49    3.39    3.39   17.69    3.75      10.41   10.41    0.00    0.38      1.269   1.269   0.000
  18 2248.3  11/2-  -7/2  30   -2.40    2.53    2.53   11.56    2.69      10.09   10.09    0.00   -0.12      1.231   1.231   0.000
  19 2261.4   5/2-   1/2  38    0.01    2.98    2.98    1.16    0.16       7.46    7.46   -0.00   -1.72      0.910   0.910  -0.000
  20 2406.8   5/2-   1/2  38    0.21    2.59    2.59    0.67   -0.05       7.45    7.45   -0.00   -1.55      0.908   0.908  -0.000
  
  21 2412.6   7/2-   5/2  36    0.59    3.18    3.18    3.62    0.89       9.32    9.32   -0.00   -1.49      1.136   1.136  -0.000
  22 2693.1   9/2-   5/2  34   -0.02   25.18   25.18    5.42    5.55      12.64   12.64   -0.00   -5.60      1.541   1.541  -0.000
  23 2937.4  13/2-   5/2  34   -0.04   25.14   25.14    5.70    5.57      13.48   13.48   -0.00   -3.29      1.644   1.644  -0.000
  24 3006.8   9/2-  -3/2  35   -0.68    2.05    2.05    2.88    0.98      11.01   11.01   -0.00   -0.45      1.342   1.342  -0.000
  25 3197.2  11/2-  -3/2  29   -0.02    4.05    4.05    4.23    1.92      12.54   12.54   -0.00   -0.17      1.529   1.529  -0.000
  
  26 3380.7  13/2-  -3/2  29   -0.79    4.36    4.36    4.43    2.58      12.94   12.94    0.00    0.96      1.578   1.578   0.000
  27 3380.8  11/2-   1/2  28   -0.11    3.29    3.29    1.12    1.46      13.02   13.02   -0.00    0.20      1.587   1.587  -0.000
  28 3700.9  13/2-  -7/2  30   -1.52    3.21    3.21    9.32    2.40      15.52   15.52    0.00    0.18      1.892   1.892   0.000
  29 3829.6   1/2-   1/2  25    0.50    6.30    6.30    0.25    0.68       6.21    6.21   -0.00   -3.48      0.757   0.757  -0.000
  30 5718.2  13/2-  -3/2  35   -0.49    2.03    2.03    3.16    0.88      21.83   21.83   -0.00   -0.16      2.662   2.662  -0.000
  
  31 6316.1   1/2-   1/2  31    0.50   24.71   24.71    0.25   -3.68      28.40   28.40    0.00   -7.01      3.462   3.462   0.000
  32*******   1/2-  -3/2  33    0.00    0.00    0.00    0.00   -0.00       0.00    0.00    0.00   -0.00      0.000   0.000   0.000
