1SPECTRUM OF (Z= 82 A=207) IN PARTICLE-ROTOR  MODEL WITH MODIFIED OSCILLATOR POTENTIAL


 PARITY=-   EPS= 0.339   GAMMA=  0.0   EPS4=0.000   EPS6=0.000   LEVELS:  25  26  27  28  29  30  31  32  33  34  35  36  37  38  39

 PAIRING FACTORS: GN0= 19.20  GN1=  7.40  IPAIR= 15 ***  E2PLUS(INPUT)=   0.730  E2PLUR(INPUT)=   0.000

 CORIOLIS ATTENUATION PARAMETERS:  CHSI=1.000  ETA=  1.00

 MOMENT OF INERTIA PARAMETERS:   A1=  0.122 MEV   A2=  0.122 MEV   A3=121.91924 MEV


 DELTA=0.910 MEV  LAMBDA=53.3451 MEV   HW0= 7.5155 MEV   LAMBDA/HW0= 7.0980

 E2ENERGY=0.730 MEV  HBAR**2/B=21309./A**(7/3)=3602.2/A**2 MEV

 IREC=0  =>  RECOIL TERMS j+j-, j+j+, jzjz, ETC TREATED AS ONE-BODY OPERATORS WITH UU+VV PAIRING FACTORS



 S. P. LEVEL   EQP       U     V        (UU + VV)**1.00

     25       4.200    0.109 0.994      1.000 0.999 0.997 0.989 0.960 0.949 0.942 0.848 0.643 0.596 0.306 0.294 0.284 0.267 0.237
     26       3.127    0.147 0.989      0.999 1.000 0.999 0.994 0.970 0.960 0.954 0.868 0.672 0.626 0.343 0.331 0.321 0.304 0.274
     27       2.569    0.180 0.984      0.997 0.999 1.000 0.997 0.978 0.969 0.964 0.884 0.696 0.652 0.374 0.362 0.352 0.335 0.306
     28       1.856    0.253 0.967      0.989 0.994 0.997 1.000 0.991 0.985 0.981 0.916 0.748 0.707 0.442 0.431 0.422 0.405 0.377
     29       1.289    0.382 0.924      0.960 0.970 0.978 0.991 1.000 0.999 0.998 0.962 0.831 0.796 0.560 0.549 0.540 0.525 0.499
     30       1.199    0.417 0.909      0.949 0.960 0.969 0.985 0.999 1.000 1.000 0.972 0.852 0.819 0.591 0.581 0.573 0.558 0.532
     31       1.158    0.437 0.900      0.942 0.954 0.964 0.981 0.998 1.000 1.000 0.977 0.863 0.831 0.608 0.598 0.590 0.575 0.550
     32       0.935    0.619 0.785      0.848 0.868 0.884 0.916 0.962 0.972 0.977 1.000 0.951 0.931 0.764 0.756 0.749 0.737 0.716
     33       0.984    0.831 0.556      0.643 0.672 0.696 0.748 0.831 0.852 0.863 0.951 1.000 0.998 0.926 0.921 0.917 0.910 0.896
     34       1.044    0.863 0.505      0.596 0.626 0.652 0.707 0.796 0.819 0.831 0.931 0.998 1.000 0.947 0.943 0.939 0.933 0.921
     35       2.313    0.980 0.201      0.306 0.343 0.374 0.442 0.560 0.591 0.608 0.764 0.926 0.947 1.000 1.000 1.000 0.999 0.997
     36       2.458    0.982 0.188      0.294 0.331 0.362 0.431 0.549 0.581 0.598 0.756 0.921 0.943 1.000 1.000 1.000 1.000 0.998
     37       2.594    0.984 0.178      0.284 0.321 0.352 0.422 0.540 0.573 0.590 0.749 0.917 0.939 1.000 1.000 1.000 1.000 0.999
     38       2.874    0.987 0.160      0.267 0.304 0.335 0.405 0.525 0.558 0.575 0.737 0.910 0.933 0.999 1.000 1.000 1.000 1.000
     39       3.532    0.992 0.130      0.237 0.274 0.306 0.377 0.499 0.532 0.550 0.716 0.896 0.921 0.997 0.998 0.999 1.000 1.000

  R CORE   ENERGY   A0R/A00=1.000    R3= 0     2  
   2( 1)    0.732                    1.000 0.000
   2( 2)  487.921                    0.000 1.000

  R CORE   ENERGY   A0R/A00=1.000    R3= 0     2  
   3( 1)  488.652                    0.000 1.000

  R CORE   ENERGY   A0R/A00=1.000    R3= 0     2     4  
   4( 1)    2.438                    1.000 0.000 0.000

  R CORE   ENERGY   A0R/A00=1.000    R3= 0     2     4  
   5( 1)  490.847                    0.000 1.000 0.000

  R CORE   ENERGY   A0R/A00=1.000    R3= 0     2     4     6  
   6( 1)    5.121                    1.000 0.000 0.000 0.000

  R CORE   ENERGY   A0R/A00=1.000    R3= 0     2     4     6  
   7( 1)  494.017                    0.000 1.000 0.000 0.000

          AXIAL SYMMETRY => K RESTRICTED TO OMEGA

                     K
     S.P. ORB#: 25  0.50
     S.P. ORB#: 26  2.50
     S.P. ORB#: 27 -3.50
     S.P. ORB#: 28  0.50
     S.P. ORB#: 29  0.50
     S.P. ORB#: 30 -1.50
     S.P. ORB#: 31 -1.50
     S.P. ORB#: 32 -3.50
     S.P. ORB#: 33  4.50
     S.P. ORB#: 34  2.50
     S.P. ORB#: 35 -3.50
     S.P. ORB#: 36  0.50
     S.P. ORB#: 37 -1.50
     S.P. ORB#: 38  2.50
     S.P. ORB#: 39  0.50
 

             ENERGY    K= OMEGA
 
 I=  1/2- (1)  2.531  29: 0.998
 
 I=  1/2- (2)  3.876  25:-0.073
                      39:-0.997
 
 I=  1/2- (3)  5.793  25: 0.996
                      39:-0.071
 
 I=  1/2- (4)  5.803  28:-0.368
                      36: 0.930
 
 I=  1/2- (5)  8.754  28: 0.930
                      36: 0.368

             ENERGY    K= OMEGA
 
 I=  3/2- (1)  2.396  25: 0.105
                      29:-0.133
                      31: 0.980
                      37: 0.080
                      39:-0.065
 
 I=  3/2- (2)  2.529  25:-0.183
                      29:-0.905
                      31:-0.065
                      37:-0.358
                      39: 0.120

             ENERGY    K= OMEGA
 
 I=  5/2- (1)  2.475  25:-0.255
                      29: 0.460
                      31: 0.783
                      37:-0.117
                      38:-0.274
                      39: 0.146
 
 I=  5/2- (2)  3.345  26:-0.064
                      29: 0.640
                      31:-0.437
                      37:-0.619
                      38: 0.107
 
 I=  5/2- (3)  3.577  25:-0.108
                      29: 0.292
                      31: 0.124
                      37: 0.362
                      38: 0.860
                      39: 0.122
 
 I=  5/2- (4)  4.269  26:-0.065
                      29:-0.472
                      31: 0.361
                      37:-0.661
                      38: 0.415
                      39:-0.182
 
 I=  5/2- (5)  4.715  25:-0.163
                      26: 0.103
                      29: 0.163
                      37: 0.151
                      39:-0.955

             ENERGY    K= OMEGA
 
 I=  7/2- (1)  1.744  26:-0.190
                      32: 0.980
 
 I=  7/2- (2)  3.312  25: 0.211
                      31: 0.865
                      38: 0.437
                      39:-0.112
 
 I=  7/2- (3)  3.423  25:-0.249
                      29:-0.840
                      37:-0.438
                      38: 0.128
                      39: 0.153
 
 I=  7/2- (4)  3.577  28:-0.706
                      30:-0.583
                      34:-0.369
                      35:-0.158
 
 I=  7/2- (5)  4.384  26: 0.204
                      27: 0.809
                      29: 0.213
                      31:-0.225
                      37:-0.225
                      38: 0.396

             ENERGY    K= OMEGA
 
 I=  9/2- (1)  1.884  26:-0.076
                      27: 0.186
                      32:-0.253
                      33:-0.946
 
 I=  9/2- (2)  2.713  26:-0.260
                      27:-0.091
                      31:-0.052
                      32:-0.925
                      33: 0.250
 
 I=  9/2- (3)  3.473  25:-0.361
                      29: 0.495
                      31: 0.693
                      32:-0.066
                      37:-0.167
                      38:-0.281
                      39: 0.181
 
 I=  9/2- (4)  4.636  28: 0.225
                      30:-0.565
                      34: 0.667
                      35:-0.430
 
 I=  9/2- (5)  5.173  26:-0.111
                      27: 0.071
                      29: 0.514
                      31:-0.470
                      32: 0.057
                      37:-0.693
                      38: 0.088
                      39:-0.081

             ENERGY    K= OMEGA
 
 I= 11/2- (1)  2.935  28:-0.676
                      30:-0.579
                      34:-0.401
                      35:-0.208
                      36:-0.057
 
 I= 11/2- (2)  2.982  26: 0.128
                      27: 0.253
                      32:-0.346
                      33: 0.894
 
 I= 11/2- (3)  3.914  26: 0.303
                      27:-0.133
                      31:-0.064
                      32:-0.873
                      33:-0.345
                      38:-0.062
 
 I= 11/2- (4)  5.137  25:-0.375
                      29:-0.390
                      31:-0.728
                      32: 0.091
                      37:-0.138
                      38:-0.334
                      39: 0.193
 
 I= 11/2- (5)  5.281  25:-0.126
                      29:-0.710
                      31: 0.380
                      37:-0.438
                      38: 0.365
                      39: 0.085

             ENERGY    K= OMEGA
 
 I= 13/2- (1)  4.300  26: 0.175
                      27:-0.295
                      32: 0.407
                      33: 0.846
 
 I= 13/2- (2)  5.055  28: 0.219
                      30:-0.553
                      34: 0.666
                      35:-0.449
 
 I= 13/2- (3)  5.278  25:-0.301
                      26: 0.239
                      27: 0.132
                      29: 0.343
                      31: 0.479
                      32: 0.571
                      33:-0.290
                      37:-0.098
                      38:-0.221
                      39: 0.138
 
 I= 13/2- (4)  5.436  25:-0.305
                      26:-0.231
                      27:-0.110
                      29: 0.369
                      31: 0.444
                      32:-0.602
                      33: 0.289
                      37:-0.144
                      38:-0.150
                      39: 0.139
 
 I= 13/2- (5)  7.964  25: 0.075
                      26:-0.138
                      27: 0.130
                      29: 0.338
                      31:-0.417
                      32: 0.093
                      37:-0.774
                      38:-0.154
                      39:-0.191

             ENERGY     K= 1/2
  32 LEVELS    TIME=  0.0 SEC



 ******************* EXCITATION ENERGIES, DOMINANT CONFIGURATION AND EXPECTATION VALUES (WITH S.P. UU+VV FACTORS) *******************

  NR  Eex(keV)  I   Kdom  NY    <Jz>  <Jx**2> <Jy**2> <Jz**2> <I.j>/|I|  <Rx**2> <Ry**2> <Rz**2> <R.j>/|R|  <HROTx> <HROTy> <HROTz>

   1    0.0   7/2-  -7/2  32   -3.28    2.31    2.31   12.02    3.33       2.97    2.97   -0.00   -1.40      0.362   0.362  -0.000
   2  139.5   9/2-   9/2  33    3.70    2.53    2.53   19.38    4.25       3.43    3.43    0.00   -1.25      0.418   0.418   0.000
   3  652.0   3/2-  -3/2  31   -1.43    4.71    4.71    2.18    1.46       4.85    4.85   -0.00   -2.82      0.591   0.591  -0.000
   4  730.6   5/2-  -3/2  31   -0.60    4.83    4.83    1.96    2.21       3.66    3.66   -0.00   -1.88      0.446   0.446  -0.000
   5  785.2   3/2-   1/2  29    0.23    4.13    4.13    0.52    1.24       3.87    3.87   -0.00   -2.30      0.472   0.472  -0.000
  
   6  786.7   1/2-   1/2  29    0.50    4.82    4.82    0.25    0.30       5.06    5.06    0.00   -3.03      0.616   0.616   0.000
   7  969.0   9/2-  -7/2  32   -2.57    2.41    2.41   12.30    2.88       6.59    6.59   -0.00   -0.76      0.803   0.803  -0.000
   8 1190.9  11/2-   1/2  28   -0.02   24.19   24.19    2.41    6.27       5.78    5.78   -0.00   -3.91      0.704   0.704  -0.000
   9 1237.9  11/2-   9/2  33    3.00    2.74    2.74   18.55    3.72       7.66    7.66    0.00   -0.46      0.933   0.933   0.000
  10 1568.2   7/2-  -3/2  31   -0.62    4.29    4.29    2.92    1.72       6.80    6.80    0.00   -1.27      0.829   0.829   0.000
  
  11 1600.5   5/2-   1/2  29   -0.62    3.38    3.38    1.49    0.72       6.36    6.36   -0.00   -1.72      0.776   0.776  -0.000
  12 1679.0   7/2-   1/2  29    0.15    3.89    3.89    0.74    1.38       6.66    6.66   -0.00   -0.83      0.812   0.812  -0.000
  13 1728.6   9/2-  -3/2  31   -0.38    5.00    5.00    1.80    2.33       6.70    6.70   -0.00   -0.06      0.817   0.817  -0.000
  14 1832.6   7/2-   1/2  28   -0.01   23.81   23.81    2.05    6.13       8.38    8.38   -0.00   -6.19      1.022   1.022  -0.000
  15 1832.8   5/2-   5/2  38    1.69    2.17    2.17    4.99    1.84       3.59    3.59    0.00   -1.45      0.438   0.438   0.000
  
  16 2131.5   1/2-   1/2  39    0.50    1.53    1.53    0.25    0.72       1.41    1.41    0.00   -1.60      0.172   0.172   0.000
  17 2170.0  11/2-  -7/2  32   -1.96    2.50    2.50   12.57    2.59      11.20   11.20   -0.00   -0.45      1.366   1.366  -0.000
  18 2524.6   5/2-  -3/2  37   -0.28    3.07    3.07    2.44    0.06       8.50    8.50   -0.00   -2.04      1.036   1.036  -0.000
  19 2555.4  13/2-   9/2  33    2.41    2.93    2.93   17.79    3.35      12.79   12.79    0.00   -0.05      1.560   1.560   0.000
  20 2639.4   7/2-  -7/2  27   -1.92    5.08    5.08    9.50    2.53       7.68    7.68   -0.00   -2.46      0.936   0.936  -0.000
  
  21 2891.3   9/2-   5/2  34    0.01   24.48   24.48    5.77    5.29      13.40   13.40    0.00   -5.48      1.633   1.633   0.000
  22 2971.2   5/2-   1/2  39    0.47    1.67    1.67    0.36    0.36       5.15    5.15    0.00   -0.82      0.628   0.628   0.000
  23 3311.0  13/2-   5/2  34   -0.03   24.47   24.47    5.95    5.27      15.04   15.04    0.00   -3.30      1.834   1.834   0.000
  24 3393.1  11/2-  -3/2  31   -0.40    4.27    4.27    2.13    1.67      13.22   13.22   -0.00   -0.13      1.612   1.612  -0.000
  25 3429.0   9/2-  -3/2  37   -0.89    3.00    3.00    1.88    0.62      13.25   13.25   -0.00   -0.94      1.616   1.616  -0.000
  
  26 3533.4  13/2-  -7/2  32   -0.81    3.88    3.88    7.17    2.42      14.91   14.91   -0.00    0.37      1.818   1.818  -0.000
  27 3537.0  11/2-   1/2  29    0.09    3.80    3.80    1.76    1.38      14.29   14.29   -0.00   -0.20      1.742   1.742  -0.000
  28 3691.4  13/2-  -7/2  32   -0.95    3.87    3.87    7.31    2.32      15.73   15.73   -0.00    0.20      1.918   1.918  -0.000
  29 4048.6   1/2-   1/2  25    0.50    6.64    6.64    0.25    0.66       6.57    6.57    0.00   -3.58      0.801   0.801   0.000
  30 4059.3   1/2-   1/2  36    0.50   12.33   12.33    0.25   -1.41      14.06   14.06    0.00   -4.93      1.714   1.714   0.000
  
  31 6219.7  13/2-  -3/2  37   -1.05    2.49    2.49    2.41    0.66      23.49   23.49   -0.00   -0.41      2.864   2.864  -0.000
  32 7009.3   1/2-   1/2  28    0.50   24.38   24.38    0.25   -3.54      27.95   27.95    0.00   -6.97      3.408   3.408   0.000
