1SPECTRUM OF (Z= 82 A=207) IN PARTICLE-ROTOR  MODEL WITH MODIFIED OSCILLATOR POTENTIAL


 PARITY=-   EPS= 0.353   GAMMA=  0.0   EPS4=0.000   EPS6=0.000   LEVELS:  26  27  28  29  30  31  32  33  34  35  36  37  38  39  40

 PAIRING FACTORS: GN0= 19.20  GN1=  7.40  IPAIR= 15 ***  E2PLUS(INPUT)=   0.730  E2PLUR(INPUT)=   0.000

 CORIOLIS ATTENUATION PARAMETERS:  CHSI=1.000  ETA=  1.00

 MOMENT OF INERTIA PARAMETERS:   A1=  0.122 MEV   A2=  0.122 MEV   A3=121.91924 MEV


 DELTA=0.894 MEV  LAMBDA=53.3844 MEV   HW0= 7.5250 MEV   LAMBDA/HW0= 7.0943

 E2ENERGY=0.730 MEV  HBAR**2/B=23105./A**(7/3)=3905.8/A**2 MEV

 IREC=0  =>  RECOIL TERMS j+j-, j+j+, jzjz, ETC TREATED AS ONE-BODY OPERATORS WITH UU+VV PAIRING FACTORS



 S. P. LEVEL   EQP       U     V        (UU + VV)**1.00

     26       3.043    0.148 0.989      1.000 0.999 0.998 0.980 0.967 0.948 0.811 0.692 0.604 0.355 0.350 0.308 0.293 0.267 0.256
     27       2.484    0.183 0.983      0.999 1.000 1.000 0.986 0.975 0.958 0.831 0.717 0.632 0.388 0.382 0.341 0.326 0.301 0.290
     28       2.157    0.212 0.977      0.998 1.000 1.000 0.991 0.981 0.966 0.847 0.737 0.654 0.415 0.409 0.369 0.354 0.329 0.318
     29       1.384    0.344 0.939      0.980 0.986 0.991 1.000 0.998 0.992 0.912 0.822 0.752 0.535 0.530 0.492 0.479 0.455 0.445
     30       1.225    0.397 0.918      0.967 0.975 0.981 0.998 1.000 0.998 0.934 0.854 0.788 0.583 0.578 0.542 0.529 0.506 0.496
     31       1.100    0.456 0.890      0.948 0.958 0.966 0.992 0.998 1.000 0.955 0.886 0.827 0.635 0.630 0.596 0.583 0.561 0.552
     32       0.894    0.699 0.715      0.811 0.831 0.847 0.912 0.934 0.955 1.000 0.983 0.956 0.835 0.832 0.807 0.797 0.781 0.774
     33       0.948    0.817 0.577      0.692 0.717 0.737 0.822 0.854 0.886 0.983 1.000 0.993 0.921 0.918 0.900 0.893 0.881 0.875
     34       1.062    0.878 0.479      0.604 0.632 0.654 0.752 0.788 0.827 0.956 0.993 1.000 0.960 0.958 0.944 0.939 0.929 0.925
     35       2.152    0.977 0.213      0.355 0.388 0.415 0.535 0.583 0.635 0.835 0.921 0.960 1.000 1.000 0.999 0.998 0.996 0.995
     36       2.210    0.978 0.207      0.350 0.382 0.409 0.530 0.578 0.630 0.832 0.918 0.958 1.000 1.000 0.999 0.998 0.996 0.995
     37       2.772    0.987 0.163      0.308 0.341 0.369 0.492 0.542 0.596 0.807 0.900 0.944 0.999 0.999 1.000 1.000 0.999 0.999
     38       3.054    0.989 0.148      0.293 0.326 0.354 0.479 0.529 0.583 0.797 0.893 0.939 0.998 0.998 1.000 1.000 1.000 0.999
     39       3.715    0.993 0.121      0.267 0.301 0.329 0.455 0.506 0.561 0.781 0.881 0.929 0.996 0.996 0.999 1.000 1.000 1.000
     40       4.083    0.994 0.110      0.256 0.290 0.318 0.445 0.496 0.552 0.774 0.875 0.925 0.995 0.995 0.999 0.999 1.000 1.000

  R CORE   ENERGY   A0R/A00=1.000    R3= 0     2  
   2( 1)    0.732                    1.000 0.000
   2( 2)  487.921                    0.000 1.000

  R CORE   ENERGY   A0R/A00=1.000    R3= 0     2  
   3( 1)  488.652                    0.000 1.000

  R CORE   ENERGY   A0R/A00=1.000    R3= 0     2     4  
   4( 1)    2.438                    1.000 0.000 0.000

  R CORE   ENERGY   A0R/A00=1.000    R3= 0     2     4  
   5( 1)  490.847                    0.000 1.000 0.000

  R CORE   ENERGY   A0R/A00=1.000    R3= 0     2     4     6  
   6( 1)    5.121                    1.000 0.000 0.000 0.000

  R CORE   ENERGY   A0R/A00=1.000    R3= 0     2     4     6  
   7( 1)  494.017                    0.000 1.000 0.000 0.000

          AXIAL SYMMETRY => K RESTRICTED TO OMEGA

                     K
     S.P. ORB#: 26  2.50
     S.P. ORB#: 27 -3.50
     S.P. ORB#: 28  0.50
     S.P. ORB#: 29 -1.50
     S.P. ORB#: 30  0.50
     S.P. ORB#: 31 -1.50
     S.P. ORB#: 32 -3.50
     S.P. ORB#: 33  2.50
     S.P. ORB#: 34  4.50
     S.P. ORB#: 35  0.50
     S.P. ORB#: 36 -3.50
     S.P. ORB#: 37 -1.50
     S.P. ORB#: 38  2.50
     S.P. ORB#: 39  0.50
     S.P. ORB#: 40  4.50
 

             ENERGY    K= OMEGA
 
 I=  1/2- (1)  2.490  30: 0.999
 
 I=  1/2- (2)  4.076  39:-0.999
 
 I=  1/2- (3)  5.534  28:-0.314
                      35: 0.950
 
 I=  1/2- (4)  8.830  28: 0.950
                      35: 0.314
 
 I=  1/2- (5)147.403  31: 1.000

             ENERGY    K= OMEGA
 
 I=  3/2- (1)  2.374  30:-0.410
                      31: 0.912
 
 I=  3/2- (2)  2.674  30: 0.838
                      31: 0.379
                      37: 0.361
                      39:-0.152

             ENERGY    K= OMEGA
 
 I=  5/2- (1)  2.730  30: 0.410
                      31: 0.832
                      37:-0.110
                      38:-0.312
                      39: 0.173
 
 I=  5/2- (2)  3.381  26:-0.061
                      30: 0.736
                      31:-0.401
                      37:-0.534
                      38: 0.091
 
 I=  5/2- (3)  3.780  26:-0.055
                      30:-0.291
                      31:-0.185
                      37:-0.404
                      38:-0.829
                      39:-0.163
 
 I=  5/2- (4)  4.379  26: 0.104
                      30: 0.402
                      31:-0.312
                      37: 0.706
                      38:-0.454
                      39: 0.161
 
 I=  5/2- (5)  4.831  26: 0.974
                      37:-0.095
                      39:-0.204

             ENERGY    K= OMEGA
 
 I=  7/2- (1)  1.722  26:-0.181
                      32: 0.982
 
 I=  7/2- (2)  3.357  30:-0.520
                      31: 0.726
                      37:-0.233
                      38: 0.383
 
 I=  7/2- (3)  3.723  28:-0.685
                      29:-0.585
                      33:-0.398
                      36:-0.175
 
 I=  7/2- (4)  3.904  26: 0.063
                      30:-0.674
                      31:-0.507
                      37:-0.429
                      38:-0.204
                      39: 0.240
 
 I=  7/2- (5)  4.340  26:-0.207
                      27:-0.935
                      30:-0.105
                      31: 0.112
                      37: 0.107
                      38:-0.220

             ENERGY    K= OMEGA
 
 I=  9/2- (1)  1.975  26: 0.081
                      27:-0.175
                      32: 0.286
                      34: 0.939
 
 I=  9/2- (2)  2.718  26: 0.245
                      27: 0.093
                      32: 0.920
                      34:-0.284
 
 I=  9/2- (3)  4.141  30:-0.446
                      31:-0.729
                      37: 0.215
                      38: 0.404
                      39:-0.237
 
 I=  9/2- (4)  4.416  28: 0.188
                      29:-0.492
                      33: 0.645
                      36:-0.503
                      40: 0.230
 
 I=  9/2- (5)  5.222  26:-0.114
                      27: 0.078
                      30: 0.601
                      31:-0.463
                      32: 0.056
                      37:-0.618
                      38: 0.135

             ENERGY    K= OMEGA
 
 I= 11/2- (1)  3.005  28:-0.626
                      29:-0.563
                      33:-0.439
                      35:-0.059
                      36:-0.283
                      40:-0.126
 
 I= 11/2- (2)  3.089  26:-0.135
                      27:-0.238
                      32: 0.383
                      34:-0.882
 
 I= 11/2- (3)  3.946  26:-0.286
                      27: 0.138
                      31: 0.053
                      32: 0.864
                      34: 0.382
                      38: 0.062
 
 I= 11/2- (4)  5.284  30:-0.541
                      31: 0.644
                      32:-0.056
                      37:-0.320
                      38: 0.430
 
 I= 11/2- (5)  5.799  28:-0.506
                      29:-0.153
                      33: 0.393
                      36: 0.620
                      40: 0.426

             ENERGY    K= OMEGA
 
 I= 13/2- (1)  4.424  26: 0.181
                      27:-0.279
                      32: 0.443
                      34: 0.833
 
 I= 13/2- (2)  4.437  28:-0.165
                      29: 0.439
                      33:-0.612
                      36: 0.555
                      40:-0.312
 
 I= 13/2- (3)  5.407  26: 0.313
                      27: 0.178
                      31: 0.078
                      32: 0.813
                      34:-0.443
                      38:-0.081
 
 I= 13/2- (4)  6.507  30: 0.457
                      31: 0.677
                      32:-0.089
                      37:-0.259
                      38:-0.420
                      39: 0.279
 
 I= 13/2- (5)  8.035  26: 0.119
                      27:-0.077
                      30:-0.522
                      31: 0.478
                      32:-0.098
                      37: 0.664
                      38:-0.129
                      39: 0.106

             ENERGY     K= 9/2
  32 LEVELS    TIME=  0.0 SEC



 ******************* EXCITATION ENERGIES, DOMINANT CONFIGURATION AND EXPECTATION VALUES (WITH S.P. UU+VV FACTORS) *******************

  NR  Eex(keV)  I   Kdom  NY    <Jz>  <Jx**2> <Jy**2> <Jz**2> <I.j>/|I|  <Rx**2> <Ry**2> <Rz**2> <R.j>/|R|  <HROTx> <HROTy> <HROTz>

   1    0.0   7/2-  -7/2  32   -3.30    2.31    2.31   12.05    3.31       3.09    3.09    0.00   -1.43      0.376   0.376   0.000
   2  253.6   9/2-   9/2  34    3.59    2.52    2.52   19.26    4.21       3.57    3.57    0.00   -1.25      0.435   0.435   0.000
   3  652.2   3/2-  -3/2  31   -1.16    4.82    4.82    1.91    1.31       5.13    5.13    0.00   -2.82      0.625   0.625   0.000
   4  768.3   1/2-   1/2  30    0.50    4.81    4.81    0.25    0.16       5.17    5.17    0.00   -3.03      0.630   0.630   0.000
   5  952.1   3/2-   1/2  30   -0.05    4.18    4.18    0.80    0.78       4.95    4.95    0.00   -2.43      0.603   0.603   0.000
  
   6  996.6   9/2-  -7/2  32   -2.48    2.39    2.39   12.51    2.85       6.82    6.82    0.00   -0.84      0.831   0.831   0.000
   7 1008.7   5/2-  -3/2  31   -0.71    4.48    4.48    2.25    1.55       5.41    5.41    0.00   -2.02      0.660   0.660   0.000
   8 1283.8  11/2-   1/2  28   -0.00   23.80   23.80    3.32    6.36       5.29    5.29   -0.00   -3.96      0.645   0.645  -0.000
   9 1367.2  11/2-   9/2  34    2.84    2.71    2.71   18.37    3.65       7.93    7.93    0.00   -0.49      0.967   0.967   0.000
  10 1635.1   7/2-  -3/2  31   -0.37    4.34    4.34    2.31    1.46       7.56    7.56    0.00   -1.33      0.922   0.922   0.000
  
  11 1659.2   5/2-   1/2  30   -0.37    3.76    3.76    1.22    0.58       7.02    7.02    0.00   -1.87      0.855   0.855   0.000
  12 2001.5   7/2-   1/2  28    0.01   23.48   23.48    2.25    6.10       8.29    8.29   -0.00   -6.15      1.010   1.010  -0.000
  13 2058.0   5/2-   5/2  38    1.49    2.12    2.12    4.79    1.65       4.00    4.00   -0.00   -1.46      0.488   0.488  -0.000
  14 2182.5   7/2-   1/2  30   -0.30    3.71    3.71    1.42    0.83       9.02    9.02    0.00   -1.31      1.100   1.100   0.000
  15 2224.6  11/2-  -7/2  32   -1.81    2.48    2.48   12.88    2.55      11.53   11.53    0.00   -0.54      1.406   1.406   0.000
  
  16 2354.1   1/2-   1/2  39    0.50    1.60    1.60    0.25    0.70       1.50    1.50    0.00   -1.65      0.182   0.182   0.000
  17 2419.7   9/2-  -3/2  31   -0.34    4.16    4.16    2.43    1.53      10.14   10.14    0.00   -0.70      1.236   1.236   0.000
  18 2618.3   7/2-  -7/2  27   -2.86    5.89    5.89   11.33    3.00       7.52    7.52   -0.00   -2.89      0.916   0.916  -0.000
  19 2657.6   5/2-  -3/2  37   -0.26    2.81    2.81    2.74    0.21       7.94    7.94   -0.00   -1.94      0.968   0.968  -0.000
  20 2693.9   9/2-   5/2  33    0.04   23.98   23.98    7.33    5.71      11.62   11.62   -0.00   -5.58      1.416   1.416  -0.000
  
  21 2702.2  13/2-   9/2  34    2.24    2.89    2.89   17.59    3.27      13.20   13.20    0.00   -0.10      1.609   1.609   0.000
  22 2715.7  13/2-   5/2  33    0.02   23.76   23.76    8.53    5.93      10.98   10.98    0.00   -3.12      1.339   1.339   0.000
  23 3109.2   5/2-   5/2  26    2.38    5.81    5.81    5.96    2.01       7.23    7.23   -0.00   -3.06      0.881   0.881  -0.000
  24 3500.6   9/2-  -3/2  37   -0.67    3.37    3.37    1.75    0.57      13.80   13.80   -0.00   -1.08      1.683   1.683  -0.000
  25 3562.4  11/2-  -3/2  31   -0.18    4.10    4.10    2.47    1.40      14.82   14.82    0.00   -0.42      1.806   1.806   0.000
  
  26 3685.1  13/2-  -7/2  32   -1.29    2.56    2.56   13.12    2.33      17.23   17.23   -0.00   -0.34      2.101   2.101  -0.000
  27 3812.3   1/2-   1/2  35    0.50   12.29   12.29    0.25   -1.25      13.87   13.87    0.00   -4.92      1.691   1.691   0.000
  28 4077.2  11/2-  -7/2  36   -0.05   22.82   22.82    9.47    5.21      14.26   14.26   -0.00   -4.48      1.738   1.738  -0.000
  29 4785.2  13/2-  -3/2  31   -0.22    3.99    3.99    2.51    1.47      19.36   19.36    0.00   -0.04      2.360   2.360   0.000
  30 6313.8  13/2-  -3/2  37   -0.84    3.11    3.11    1.97    0.51      24.88   24.88   -0.00   -0.65      3.034   3.034  -0.000
  
  31 7108.6   1/2-   1/2  28    0.50   23.83   23.83    0.25   -3.51      27.37   27.37    0.00   -6.89      3.337   3.337   0.000
  32*******   1/2-  -3/2  31    0.00    0.00    0.00    0.00    0.00       0.00    0.00    0.00   -0.00      0.000   0.000   0.000
