1SPECTRUM OF (Z= 82 A=207) IN PARTICLE-ROTOR  MODEL WITH MODIFIED OSCILLATOR POTENTIAL


 PARITY=-   EPS= 0.482   GAMMA=  0.0   EPS4=0.000   EPS6=0.000   LEVELS:  25  26  27  28  29  30  31  32  33  34  35  36  37  38  39

 PAIRING FACTORS: GN0= 19.20  GN1=  7.40  IPAIR= 15 ***  E2PLUS(INPUT)=   0.730  E2PLUR(INPUT)=   0.000

 CORIOLIS ATTENUATION PARAMETERS:  CHSI=1.000  ETA=  1.00

 MOMENT OF INERTIA PARAMETERS:   A1=  0.122 MEV   A2=  0.122 MEV   A3=121.91922 MEV


 DELTA=0.848 MEV  LAMBDA=53.4435 MEV   HW0= 7.6357 MEV   LAMBDA/HW0= 6.9992

 E2ENERGY=0.730 MEV  HBAR**2/B=43077./A**(7/3)=7282.1/A**2 MEV

 IREC=0  =>  RECOIL TERMS j+j-, j+j+, jzjz, ETC TREATED AS ONE-BODY OPERATORS WITH UU+VV PAIRING FACTORS



 S. P. LEVEL   EQP       U     V        (UU + VV)**1.00

     25       4.105    0.104 0.995      1.000 1.000 0.995 0.991 0.976 0.972 0.950 0.636 0.564 0.357 0.313 0.276 0.265 0.244 0.199
     26       3.443    0.124 0.992      1.000 1.000 0.997 0.994 0.980 0.977 0.956 0.652 0.580 0.376 0.333 0.296 0.285 0.263 0.219
     27       2.127    0.204 0.979      0.995 0.997 1.000 0.999 0.993 0.991 0.977 0.711 0.644 0.450 0.407 0.372 0.361 0.340 0.297
     28       1.850    0.236 0.972      0.991 0.994 0.999 1.000 0.996 0.995 0.983 0.734 0.669 0.479 0.437 0.402 0.392 0.371 0.328
     29       1.403    0.319 0.948      0.976 0.980 0.993 0.996 1.000 1.000 0.995 0.790 0.731 0.553 0.513 0.480 0.470 0.450 0.409
     30       1.348    0.334 0.943      0.972 0.977 0.991 0.995 1.000 1.000 0.997 0.799 0.741 0.566 0.527 0.494 0.484 0.464 0.423
     31       1.135    0.410 0.912      0.950 0.956 0.977 0.983 0.995 0.997 1.000 0.846 0.794 0.632 0.595 0.563 0.554 0.535 0.496
     32       0.921    0.834 0.552      0.636 0.652 0.711 0.734 0.790 0.799 0.846 1.000 0.996 0.948 0.932 0.917 0.913 0.903 0.883
     33       1.015    0.880 0.475      0.564 0.580 0.644 0.669 0.731 0.741 0.794 0.996 1.000 0.973 0.961 0.950 0.946 0.938 0.922
     34       1.699    0.966 0.258      0.357 0.376 0.450 0.479 0.553 0.566 0.632 0.948 0.973 1.000 0.999 0.996 0.995 0.993 0.986
     35       2.039    0.977 0.213      0.313 0.333 0.407 0.437 0.513 0.527 0.595 0.932 0.961 0.999 1.000 0.999 0.999 0.997 0.993
     36       2.460    0.985 0.175      0.276 0.296 0.372 0.402 0.480 0.494 0.563 0.917 0.950 0.996 0.999 1.000 1.000 0.999 0.997
     37       2.625    0.986 0.164      0.265 0.285 0.361 0.392 0.470 0.484 0.554 0.913 0.946 0.995 0.999 1.000 1.000 1.000 0.998
     38       3.027    0.990 0.142      0.244 0.263 0.340 0.371 0.450 0.464 0.535 0.903 0.938 0.993 0.997 0.999 1.000 1.000 0.999
     39       4.433    0.995 0.096      0.199 0.219 0.297 0.328 0.409 0.423 0.496 0.883 0.922 0.986 0.993 0.997 0.998 0.999 1.000

  R CORE   ENERGY   A0R/A00=1.000    R3= 0     2  
   2( 1)    0.732                    1.000 0.000
   2( 2)  487.921                    0.000 1.000

  R CORE   ENERGY   A0R/A00=1.000    R3= 0     2  
   3( 1)  488.652                    0.000 1.000

  R CORE   ENERGY   A0R/A00=1.000    R3= 0     2     4  
   4( 1)    2.438                    1.000 0.000 0.000

  R CORE   ENERGY   A0R/A00=1.000    R3= 0     2     4  
   5( 1)  490.847                    0.000 1.000 0.000

  R CORE   ENERGY   A0R/A00=1.000    R3= 0     2     4     6  
   6( 1)    5.121                    1.000 0.000 0.000 0.000

  R CORE   ENERGY   A0R/A00=1.000    R3= 0     2     4     6  
   7( 1)  494.017                    0.000 1.000 0.000 0.000

          AXIAL SYMMETRY => K RESTRICTED TO OMEGA

                     K
     S.P. ORB#: 25  0.50
     S.P. ORB#: 26 -1.50
     S.P. ORB#: 27 -5.50
     S.P. ORB#: 28  2.50
     S.P. ORB#: 29  2.50
     S.P. ORB#: 30 -3.50
     S.P. ORB#: 31  0.50
     S.P. ORB#: 32  0.50
     S.P. ORB#: 33 -1.50
     S.P. ORB#: 34 -3.50
     S.P. ORB#: 35  0.50
     S.P. ORB#: 36 -3.50
     S.P. ORB#: 37 -1.50
     S.P. ORB#: 38  4.50
     S.P. ORB#: 39  4.50
 

             ENERGY    K= OMEGA
 
 I=  1/2- (1)  2.303  32: 0.999
 
 I=  1/2- (2)  4.354  31: 0.922
                      35:-0.388
 
 I=  1/2- (3)  5.908  25: 0.999
 
 I=  1/2- (4)  6.334  31:-0.388
                      35:-0.922
 
 I=  1/2- (5)147.318  33: 1.000

             ENERGY    K= OMEGA
 
 I=  3/2- (1)  2.344  32: 0.685
                      33:-0.728
 
 I=  3/2- (2)  2.567  25:-0.144
                      32:-0.719
                      33:-0.680

             ENERGY    K= OMEGA
 
 I=  5/2- (1)  2.787  25: 0.197
                      28:-0.080
                      32:-0.525
                      33:-0.824
 
 I=  5/2- (2)  3.506  25: 0.056
                      28: 0.279
                      32:-0.815
                      33: 0.505
 
 I=  5/2- (3)  3.677  28:-0.957
                      32:-0.195
                      33: 0.216
 
 I=  5/2- (4)  4.696  26:-0.125
                      29: 0.105
                      31: 0.824
                      35:-0.483
                      37:-0.246
 
 I=  5/2- (5)  6.375  26: 0.478
                      29:-0.841
                      35:-0.249

             ENERGY    K= OMEGA
 
 I=  7/2- (1)  3.277  28: 0.060
                      30: 0.939
                      36: 0.337
 
 I=  7/2- (2)  3.328  28:-0.337
                      30:-0.294
                      32:-0.058
                      33: 0.113
                      36: 0.886
 
 I=  7/2- (3)  3.558  30: 0.061
                      32:-0.784
                      33: 0.603
                      36:-0.117
 
 I=  7/2- (4)  3.922  25:-0.258
                      28: 0.100
                      32:-0.585
                      33:-0.756
                      36: 0.083
 
 I=  7/2- (5)  4.678  28:-0.934
                      30: 0.160
                      33:-0.137
                      36:-0.285

             ENERGY    K= OMEGA
 
 I=  9/2- (1)  3.696  28:-0.167
                      30: 0.579
                      36:-0.240
                      38:-0.761
 
 I=  9/2- (2)  4.276  25: 0.262
                      28:-0.236
                      30:-0.156
                      32:-0.458
                      33:-0.648
                      36:-0.456
                      38: 0.116
 
 I=  9/2- (3)  4.365  25:-0.172
                      28:-0.208
                      30:-0.295
                      32: 0.314
                      33: 0.398
                      36:-0.763
 
 I=  9/2- (4)  4.743  28:-0.304
                      30: 0.704
                      32: 0.078
                      33: 0.050
                      36:-0.093
                      38: 0.628
 
 I=  9/2- (5)  5.272  26: 0.395
                      29:-0.570
                      31:-0.440
                      34: 0.447
                      35: 0.203
                      37: 0.185
                      39:-0.225

             ENERGY    K= OMEGA
 
 I= 11/2- (1)  3.466  27:-0.999
 
 I= 11/2- (2)  4.746  28:-0.205
                      30:-0.597
                      36: 0.283
                      38:-0.721
 
 I= 11/2- (3)  5.230  26:-0.413
                      29:-0.547
                      31:-0.449
                      34:-0.449
                      35:-0.169
                      37:-0.178
                      39:-0.259
 
 I= 11/2- (4)  5.589  28: 0.370
                      30:-0.307
                      32: 0.170
                      33:-0.224
                      36:-0.811
                      38:-0.181
 
 I= 11/2- (5)  5.748  25: 0.098
                      30: 0.107
                      32: 0.826
                      33:-0.482
                      36: 0.254

             ENERGY    K= OMEGA
 
 I= 13/2- (1)  5.049  27:-0.998
                      38: 0.056
 
 I= 13/2- (2)  5.865  26:-0.392
                      29: 0.583
                      31: 0.216
                      34:-0.561
                      35:-0.059
                      37:-0.110
                      39: 0.359
 
 I= 13/2- (3)  6.069  27:-0.059
                      28:-0.235
                      30: 0.599
                      33:-0.058
                      36:-0.309
                      38:-0.694
 
 I= 13/2- (4)  6.689  25: 0.392
                      28:-0.118
                      30:-0.078
                      32:-0.549
                      33:-0.712
                      36:-0.087
                      38: 0.106
 
 I= 13/2- (5)  7.125  25:-0.074
                      28:-0.379
                      30:-0.327
                      32: 0.120
                      33: 0.095
                      36:-0.826
                      38: 0.198

             ENERGY     K= 9/2
  32 LEVELS    TIME=  0.0 SEC



 ******************* EXCITATION ENERGIES, DOMINANT CONFIGURATION AND EXPECTATION VALUES (WITH S.P. UU+VV FACTORS) *******************

  NR  Eex(keV)  I   Kdom  NY    <Jz>  <Jx**2> <Jy**2> <Jz**2> <I.j>/|I|  <Rx**2> <Ry**2> <Rz**2> <R.j>/|R|  <HROTx> <HROTy> <HROTz>

   1    0.0   1/2-   1/2  32    0.50    5.25    5.25    0.25    0.12       5.64    5.64   -0.00   -3.17      0.688   0.688  -0.000
   2   41.0   3/2-  -3/2  33   -0.56    5.24    5.24    1.31    1.11       5.63    5.63    0.00   -2.88      0.686   0.686   0.000
   3  263.2   3/2-   1/2  32   -0.42    5.25    5.25    1.17    0.73       6.30    6.30    0.00   -2.89      0.768   0.768   0.000
   4  483.7   5/2-  -3/2  33   -0.85    5.39    5.39    1.65    1.26       6.86    6.86    0.00   -2.35      0.836   0.836   0.000
   5  973.6   7/2-  -7/2  30   -3.48    5.68    5.68   12.22    3.09       7.41    7.41    0.00   -2.94      0.903   0.903   0.006
  
   6 1024.4   7/2-  -7/2  36   -2.78    3.26    3.26   11.40    3.16       4.31    4.31   -0.00   -1.84      0.526   0.526  -0.004
   7 1163.1  11/2- -11/2  27   -5.49    2.75    2.75   30.24    5.06       5.49    5.49    0.00   -1.65      0.669   0.669   0.000
   8 1202.6   5/2-   1/2  32    0.15    5.34    5.34    1.23    0.05      10.16   10.16    0.00   -2.60      1.239   1.239   0.000
   9 1254.5   7/2-   1/2  32   -0.30    5.20    5.20    1.19    0.79      10.55   10.55   -0.00   -1.84      1.286   1.286  -0.000
  10 1374.0   5/2-   5/2  28    2.24    6.09    6.09    5.84    1.89       7.80    7.80    0.00   -3.15      0.951   0.951   0.000
  
  11 1393.1   9/2-   9/2  38    1.30    3.87    3.87   16.70    3.87       5.32    5.32   -0.00   -1.58      0.649   0.649  -0.002
  12 1618.8   7/2-  -3/2  33   -0.66    5.33    5.33    1.56    0.72      11.13   11.13   -0.00   -1.98      1.357   1.357  -0.000
  13 1972.7   9/2-  -3/2  33   -1.10    4.83    4.83    4.48    1.69      11.03   11.03    0.00   -1.22      1.344   1.344   0.001
  14 2050.7   1/2-   1/2  31    0.50   12.94   12.94    0.25    0.92      12.64   12.64    0.00   -5.04      1.542   1.542   0.000
  15 2061.1   9/2-  -7/2  36   -2.40    3.60    3.60    8.88    2.16       9.69    9.69    0.00   -1.22      1.182   1.182   0.004
  
  16 2374.5   7/2-   5/2  28    1.78    5.86    5.86    6.81    1.42      11.50   11.50   -0.00   -2.69      1.402   1.402  -0.001
  17 2392.2   5/2-   1/2  31    0.37   13.56   13.56    0.47    1.68      13.21   13.21    0.00   -4.40      1.610   1.610   0.000
  18 2439.3   9/2-  -7/2  30    0.24    4.74    4.74   14.73    2.72      10.98   10.98   -0.00   -2.29      1.338   1.338  -0.001
  19 2442.9  11/2-   9/2  38    0.91    4.02    4.02   16.17    3.36       9.89    9.89   -0.00   -0.93      1.206   1.206  -0.003
  20 2745.1  13/2- -11/2  27   -5.47    2.75    2.75   30.20    4.33      11.97   11.97    0.00   -1.11      1.459   1.459   0.000
  
  21 2926.4  11/2-   5/2  29    0.16   20.80   20.80    6.21    4.78      13.18   13.18    0.00   -3.74      1.607   1.607   0.000
  22 2968.7   9/2-   5/2  29    0.17   20.32   20.32    5.99    4.43      13.63   13.63    0.00   -4.71      1.662   1.662   0.000
  23 3285.5  11/2-  -7/2  36   -2.20    3.27    3.27   10.84    2.10      14.02   14.02    0.00   -0.91      1.710   1.710   0.005
  24 3444.6  11/2-   1/2  32   -0.27    5.03    5.03    1.63    0.76      19.15   19.15    0.00   -1.15      2.335   2.335   0.001
  25 3561.6  13/2-   5/2  29    0.10   21.93   21.93    8.98    5.13      15.01   15.01    0.00   -3.11      1.830   1.830   0.000
  
  26 3604.4   1/2-   1/2  25    0.50    7.48    7.48    0.25    0.65       7.42    7.42   -0.00   -3.80      0.904   0.904  -0.000
  27 3765.8  13/2-   9/2  38    0.69    4.11    4.11   15.79    2.99      15.47   15.47   -0.00   -0.56      1.886   1.886  -0.003
  28 4030.5   1/2-   1/2  35    0.50   17.03   17.03    0.25   -0.74      18.17   18.17    0.00   -5.80      2.215   2.215   0.000
  29 4071.4   5/2-   5/2  29    1.45   22.28   22.28    4.95    3.66      18.31   18.31    0.00   -6.39      2.232   2.232   0.000
  30 4385.4  13/2-  -3/2  33   -0.50    5.64    5.64    1.73    1.38      21.24   21.24    0.00   -0.52      2.590   2.590   0.000
  
  31 4822.0  13/2-  -7/2  36   -2.23    3.20    3.20   11.38    1.90      20.01   20.01    0.00   -0.72      2.440   2.440   0.005
  32*******   1/2-  -3/2  33    0.00    0.00    0.00    0.00   -0.00       0.00    0.00   -0.00   -0.00      0.000   0.000  -0.000
