1SPECTRUM OF (Z= 82 A=207) IN PARTICLE-ROTOR  MODEL WITH MODIFIED OSCILLATOR POTENTIAL


 PARITY=-   EPS= 0.260   GAMMA=  0.0   EPS4=0.000   EPS6=0.000   LEVELS:  25  26  27  28  29  30  31  32  33  34  35  36  37  38  39

 PAIRING FACTORS: GN0= 19.20  GN1=  7.40  IPAIR= 15 ***  E2PLUS(INPUT)=   0.730  E2PLUR(INPUT)=   0.000

 CORIOLIS ATTENUATION PARAMETERS:  CHSI=1.000  ETA=  1.00

 MOMENT OF INERTIA PARAMETERS:   A1=  0.122 MEV   A2=  0.122 MEV   A3=121.91924 MEV


 DELTA=0.941 MEV  LAMBDA=53.3683 MEV   HW0= 7.4707 MEV   LAMBDA/HW0= 7.1437

 E2ENERGY=0.730 MEV  HBAR**2/B=12534./A**(7/3)=2118.9/A**2 MEV

 IREC=0  =>  RECOIL TERMS j+j-, j+j+, jzjz, ETC TREATED AS ONE-BODY OPERATORS WITH UU+VV PAIRING FACTORS



 S. P. LEVEL   EQP       U     V        (UU + VV)**1.00

     25       4.125    0.115 0.993      1.000 1.000 0.999 0.987 0.986 0.981 0.960 0.787 0.611 0.440 0.405 0.391 0.315 0.290 0.233
     26       3.756    0.126 0.992      1.000 1.000 1.000 0.988 0.988 0.983 0.963 0.794 0.620 0.450 0.415 0.402 0.326 0.302 0.244
     27       3.207    0.148 0.989      0.999 1.000 1.000 0.992 0.991 0.987 0.969 0.808 0.637 0.470 0.435 0.422 0.347 0.323 0.266
     28       1.778    0.275 0.961      0.987 0.988 0.992 1.000 1.000 0.999 0.993 0.877 0.732 0.580 0.548 0.536 0.466 0.443 0.388
     29       1.766    0.277 0.961      0.986 0.988 0.991 1.000 1.000 0.999 0.993 0.878 0.733 0.582 0.550 0.538 0.468 0.444 0.390
     30       1.608    0.307 0.952      0.981 0.983 0.987 0.999 0.999 1.000 0.996 0.893 0.754 0.607 0.576 0.564 0.496 0.473 0.419
     31       1.316    0.388 0.922      0.960 0.963 0.969 0.993 0.993 0.996 1.000 0.928 0.808 0.673 0.644 0.633 0.568 0.546 0.495
     32       0.941    0.703 0.711      0.787 0.794 0.808 0.877 0.878 0.893 0.928 1.000 0.969 0.900 0.882 0.875 0.833 0.819 0.783
     33       1.064    0.857 0.516      0.611 0.620 0.637 0.732 0.733 0.754 0.808 0.969 1.000 0.980 0.971 0.968 0.944 0.935 0.912
     34       1.494    0.943 0.334      0.440 0.450 0.470 0.580 0.582 0.607 0.673 0.900 0.980 1.000 0.999 0.999 0.991 0.987 0.976
     35       1.658    0.955 0.297      0.405 0.415 0.435 0.548 0.550 0.576 0.644 0.882 0.971 0.999 1.000 1.000 0.995 0.993 0.984
     36       1.733    0.959 0.283      0.391 0.402 0.422 0.536 0.538 0.564 0.633 0.875 0.968 0.999 1.000 1.000 0.997 0.994 0.986
     37       2.350    0.979 0.204      0.315 0.326 0.347 0.466 0.468 0.496 0.568 0.833 0.944 0.991 0.995 0.997 1.000 1.000 0.996
     38       2.674    0.984 0.179      0.290 0.302 0.323 0.443 0.444 0.473 0.546 0.819 0.935 0.987 0.993 0.994 1.000 1.000 0.998
     39       3.954    0.993 0.120      0.233 0.244 0.266 0.388 0.390 0.419 0.495 0.783 0.912 0.976 0.984 0.986 0.996 0.998 1.000

  R CORE   ENERGY   A0R/A00=1.000    R3= 0     2  
   2( 1)    0.732                    1.000 0.000
   2( 2)  487.921                    0.000 1.000

  R CORE   ENERGY   A0R/A00=1.000    R3= 0     2  
   3( 1)  488.652                    0.000 1.000

  R CORE   ENERGY   A0R/A00=1.000    R3= 0     2     4  
   4( 1)    2.438                    1.000 0.000 0.000

  R CORE   ENERGY   A0R/A00=1.000    R3= 0     2     4  
   5( 1)  490.847                    0.000 1.000 0.000

  R CORE   ENERGY   A0R/A00=1.000    R3= 0     2     4     6  
   6( 1)    5.121                    1.000 0.000 0.000 0.000

  R CORE   ENERGY   A0R/A00=1.000    R3= 0     2     4     6  
   7( 1)  494.017                    0.000 1.000 0.000 0.000

          AXIAL SYMMETRY => K RESTRICTED TO OMEGA

                     K
     S.P. ORB#: 25  0.50
     S.P. ORB#: 26  2.50
     S.P. ORB#: 27 -3.50
     S.P. ORB#: 28 -3.50
     S.P. ORB#: 29  0.50
     S.P. ORB#: 30 -1.50
     S.P. ORB#: 31  4.50
     S.P. ORB#: 32  0.50
     S.P. ORB#: 33 -1.50
     S.P. ORB#: 34 -1.50
     S.P. ORB#: 35  2.50
     S.P. ORB#: 36  2.50
     S.P. ORB#: 37  0.50
     S.P. ORB#: 38 -3.50
     S.P. ORB#: 39  0.50
 

             ENERGY    K= OMEGA
 
 I=  1/2- (1)  2.647  25:-0.052
                      29:-0.112
                      37:-0.992
 
 I=  1/2- (2)  2.914  29: 0.993
                      37:-0.110
 
 I=  1/2- (3)  5.527  25: 0.998
                      37:-0.057
 
 I=  1/2- (4)  6.512  32:-0.676
                      39: 0.737
 
 I=  1/2- (5)  9.751  32:-0.737
                      39:-0.676

             ENERGY    K= OMEGA
 
 I=  3/2- (1)  1.999  25: 0.064
                      29: 0.247
                      30: 0.134
                      34: 0.954
                      37:-0.078
 
 I=  3/2- (2)  2.747  25:-0.098
                      29: 0.195
                      30:-0.959
                      34: 0.103
                      37: 0.149

             ENERGY    K= OMEGA
 
 I=  5/2- (1)  2.175  25: 0.103
                      29:-0.224
                      30:-0.310
                      34: 0.462
                      36: 0.790
                      37:-0.071
 
 I=  5/2- (2)  2.659  29: 0.172
                      30:-0.314
                      34:-0.835
                      36: 0.400
                      37:-0.110
 
 I=  5/2- (3)  2.929  25:-0.235
                      29: 0.454
                      30: 0.599
                      36: 0.431
                      37: 0.441
 
 I=  5/2- (4)  3.535  25:-0.215
                      29: 0.145
                      30: 0.376
                      36: 0.110
                      37:-0.882
 
 I=  5/2- (5)  4.231  25: 0.071
                      29:-0.801
                      30: 0.495
                      34:-0.291
                      36: 0.135
                      37: 0.064

             ENERGY    K= OMEGA
 
 I=  7/2- (1)  2.526  26: 0.223
                      27:-0.072
                      28:-0.968
                      36:-0.070
 
 I=  7/2- (2)  2.824  29:-0.254
                      30: 0.288
                      34:-0.543
                      36: 0.743
 
 I=  7/2- (3)  3.191  32:-0.749
                      33:-0.559
                      35:-0.324
                      38:-0.126
                      39: 0.078
 
 I=  7/2- (4)  3.239  25: 0.243
                      28:-0.082
                      29: 0.424
                      30: 0.445
                      34: 0.592
                      36: 0.407
                      37:-0.198
 
 I=  7/2- (5)  4.220  25:-0.096
                      27: 0.074
                      29: 0.399
                      30:-0.771
                      34: 0.051
                      36: 0.463
                      37: 0.112

             ENERGY    K= OMEGA
 
 I=  9/2- (1)  2.112  26:-0.066
                      27: 0.237
                      28:-0.177
                      31:-0.953
 
 I=  9/2- (2)  3.356  25: 0.273
                      26:-0.079
                      27:-0.057
                      28:-0.285
                      29:-0.381
                      30:-0.511
                      34: 0.342
                      36: 0.531
                      37:-0.170
 
 I=  9/2- (3)  3.435  25:-0.085
                      26:-0.295
                      27:-0.085
                      28:-0.883
                      29: 0.141
                      30: 0.135
                      31: 0.169
                      34:-0.185
                      36:-0.125
                      37: 0.050
 
 I=  9/2- (4)  4.409  25:-0.237
                      26: 0.050
                      28:-0.063
                      29: 0.147
                      30: 0.462
                      34: 0.659
                      36: 0.340
                      37: 0.386
 
 I=  9/2- (5)  4.485  32:-0.247
                      33: 0.609
                      35:-0.643
                      38: 0.392

             ENERGY    K= OMEGA
 
 I= 11/2- (1)  2.302  32:-0.694
                      33:-0.576
                      35:-0.388
                      38:-0.188
 
 I= 11/2- (2)  3.111  26:-0.111
                      27:-0.317
                      28: 0.245
                      31:-0.909
 
 I= 11/2- (3)  4.550  26: 0.353
                      27:-0.131
                      28:-0.876
                      30:-0.108
                      31:-0.231
                      34:-0.071
                      36:-0.124
 
 I= 11/2- (4)  4.767  26: 0.054
                      29:-0.338
                      30: 0.355
                      31:-0.064
                      34:-0.557
                      36: 0.663
 
 I= 11/2- (5)  5.161  25:-0.360
                      28: 0.171
                      29:-0.492
                      30:-0.510
                      34:-0.419
                      36:-0.327
                      37: 0.232

             ENERGY    K= OMEGA
 
 I= 13/2- (1)  4.329  26:-0.149
                      27: 0.367
                      28:-0.291
                      31:-0.869
 
 I= 13/2- (2)  4.574  32: 0.232
                      33:-0.590
                      35: 0.652
                      38:-0.416
 
 I= 13/2- (3)  5.308  25:-0.393
                      28: 0.063
                      29: 0.464
                      30: 0.574
                      34:-0.298
                      36:-0.405
                      37: 0.208
 
 I= 13/2- (4)  5.926  26:-0.392
                      27:-0.157
                      28:-0.849
                      29: 0.056
                      31: 0.289
                      34:-0.117
 
 I= 13/2- (5)  7.044  25:-0.236
                      27:-0.060
                      28:-0.079
                      29: 0.129
                      30: 0.306
                      34: 0.634
                      36: 0.523
                      37: 0.379

             ENERGY     K= 1/2
  32 LEVELS    TIME=  0.0 SEC



 ******************* EXCITATION ENERGIES, DOMINANT CONFIGURATION AND EXPECTATION VALUES (WITH S.P. UU+VV FACTORS) *******************

  NR  Eex(keV)  I   Kdom  NY    <Jz>  <Jx**2> <Jy**2> <Jz**2> <I.j>/|I|  <Rx**2> <Ry**2> <Rz**2> <R.j>/|R|  <HROTx> <HROTy> <HROTz>

   1    0.0   3/2-  -3/2  34   -1.36    1.76    1.76    2.11    1.43       1.93    1.93   -0.00   -1.46      0.235   0.235  -0.000
   2  112.4   9/2-   9/2  31    3.79    2.60    2.60   19.48    4.42       2.73    2.73    0.00   -1.15      0.332   0.332   0.000
   3  175.5   5/2-   5/2  36    1.13    2.32    2.32    4.62    2.39       1.95    1.95   -0.00   -1.11      0.237   0.237  -0.000
   4  302.2  11/2-   1/2  32   -0.00   26.43   26.43    2.24    6.81       4.71    4.71    0.00   -4.69      0.575   0.575   0.000
   5  526.3   7/2-  -7/2  28   -3.17    2.31    2.31   11.89    3.40       2.64    2.64    0.00   -1.32      0.322   0.322   0.000
  
   6  647.5   1/2-   1/2  37    0.50    1.47    1.47    0.25    0.86       1.23    1.23    0.00   -1.56      0.150   0.150   0.000
   7  660.1   5/2-  -3/2  34   -0.77    1.77    1.77    2.81    1.04       4.46    4.46   -0.00   -1.09      0.544   0.544  -0.000
   8  747.2   3/2-  -3/2  30   -1.36    4.45    4.45    2.11    1.49       4.48    4.48   -0.00   -2.71      0.547   0.547  -0.000
   9  824.4   7/2-   5/2  36    0.84    2.25    2.25    4.37    1.90       4.77    4.77   -0.00   -0.43      0.582   0.582  -0.000
  10  914.4   1/2-   1/2  29    0.50    4.38    4.38    0.25    0.25       4.66    4.66    0.00   -2.88      0.568   0.568   0.000
  
  11  929.7   5/2-  -3/2  30    0.15    3.80    3.80    2.08    1.75       4.02    4.02   -0.00   -1.58      0.491   0.491  -0.000
  12 1111.1  11/2-   9/2  31    3.19    2.87    2.87   18.78    3.98       6.34    6.34    0.00   -0.20      0.774   0.774   0.000
  13 1191.4   7/2-   1/2  32    0.02   25.50   25.50    1.70    6.46       8.57    8.57    0.00   -6.53      1.045   1.045   0.000
  14 1239.1   7/2-  -3/2  34   -0.29    2.54    2.54    2.43    1.44       5.91    5.91    0.00   -0.52      0.720   0.720   0.000
  15 1356.3   9/2-   5/2  36   -0.01    3.57    3.57    3.76    2.38       6.00    6.00    0.00    0.27      0.731   0.731   0.000
  
  16 1435.5   9/2-  -7/2  28   -2.43    2.59    2.59   10.98    2.89       6.08    6.08    0.00   -0.51      0.742   0.742   0.000
  17 1536.1   5/2-   1/2  37    0.24    1.86    1.86    0.61    0.51       5.04    5.04    0.00   -0.89      0.615   0.615   0.000
  18 2221.0   7/2-  -3/2  30   -0.29    3.91    3.91    2.81    0.72      10.33   10.33   -0.00   -1.71      1.259   1.259  -0.000
  19 2231.4   5/2-   1/2  29   -0.12    4.31    4.31    1.02   -0.37      10.30   10.30   -0.00   -2.37      1.256   1.256  -0.000
  20 2329.9  13/2-   9/2  31    2.69    3.10    3.10   18.14    3.67      10.93   10.93    0.00    0.27      1.332   1.332   0.000
  
  21 2409.3   9/2-  -3/2  34   -0.59    2.44    2.44    2.33    1.09      10.54   10.54   -0.00   -0.39      1.285   1.285  -0.000
  22 2485.4   9/2-   5/2  35   -0.03   25.93   25.93    5.32    5.82      12.04   12.04   -0.00   -5.76      1.468   1.468  -0.000
  23 2550.4  11/2-  -7/2  28   -2.18    2.56    2.56   11.61    2.66      10.35   10.35    0.00   -0.19      1.262   1.262   0.000
  24 2574.6  13/2-   5/2  35   -0.04   25.91   25.91    5.57    5.85      12.24   12.24    0.00   -3.35      1.493   1.493   0.000
  25 2767.7  11/2-   5/2  36    0.52    2.54    2.54    3.89    1.60      12.77   12.77   -0.00    0.12      1.557   1.557  -0.000
  
  26 3161.9  11/2-  -3/2  30   -0.27    3.13    3.13    2.16    1.53      12.92   12.92   -0.00    0.15      1.575   1.575  -0.000
  27 3308.7  13/2-  -3/2  30   -0.02    4.42    4.42    2.14    2.38      13.26   13.26   -0.00    1.09      1.617   1.617  -0.000
  28 3527.8   1/2-   1/2  25    0.50    5.89    5.89    0.25    0.69       5.79    5.79    0.00   -3.36      0.706   0.706   0.000
  29 3926.8  13/2-  -7/2  28   -1.87    2.65    2.65   11.81    2.45      15.80   15.80    0.00    0.00      1.926   1.926   0.000
  30 4512.3   1/2-   1/2  39    0.50   13.63   13.63    0.25   -2.33      16.14   16.14    0.00   -5.20      1.968   1.968   0.000
  
  31 5044.9  13/2-  -3/2  34    0.03    2.21    2.21    3.05    0.98      21.27   21.27    0.00   -0.10      2.593   2.593   0.000
  32 7751.4   1/2-   1/2  32    0.50   26.77   26.77    0.25   -3.70      30.48   30.48    0.00   -7.30      3.716   3.716   0.000
