1SPECTRUM OF (Z= 82 A=207) IN PARTICLE-ROTOR  MODEL WITH MODIFIED OSCILLATOR POTENTIAL


 PARITY=-   EPS= 0.168   GAMMA=  0.0   EPS4=0.000   EPS6=0.000   LEVELS:  24  25  26  27  28  29  30  31  32  33  34  35  36  37  38

 PAIRING FACTORS: GN0= 19.20  GN1=  7.40  IPAIR= 15 ***  E2PLUS(INPUT)=   0.730  E2PLUR(INPUT)=   0.000

 CORIOLIS ATTENUATION PARAMETERS:  CHSI=1.000  ETA=  1.00

 MOMENT OF INERTIA PARAMETERS:   A1=  0.122 MEV   A2=  0.122 MEV   A3=121.91924 MEV


 DELTA=0.876 MEV  LAMBDA=53.4263 MEV   HW0= 7.4352 MEV   LAMBDA/HW0= 7.1856

 E2ENERGY=0.730 MEV  HBAR**2/B= 5233./A**(7/3)= 884.7/A**2 MEV

 IREC=0  =>  RECOIL TERMS j+j-, j+j+, jzjz, ETC TREATED AS ONE-BODY OPERATORS WITH UU+VV PAIRING FACTORS



 S. P. LEVEL   EQP       U     V        (UU + VV)**1.00

     24       5.093    0.086 0.996      1.000 1.000 1.000 1.000 0.998 0.996 0.993 0.991 0.830 0.730 0.477 0.332 0.304 0.265 0.228
     25       4.344    0.101 0.995      1.000 1.000 1.000 1.000 0.999 0.997 0.995 0.993 0.839 0.740 0.490 0.347 0.319 0.279 0.243
     26       3.847    0.115 0.993      1.000 1.000 1.000 1.000 0.999 0.998 0.996 0.994 0.846 0.749 0.502 0.359 0.331 0.292 0.256
     27       3.800    0.116 0.993      1.000 1.000 1.000 1.000 1.000 0.998 0.996 0.994 0.847 0.750 0.503 0.360 0.333 0.294 0.257
     28       3.027    0.146 0.989      0.998 0.999 0.999 1.000 1.000 0.999 0.998 0.997 0.863 0.770 0.529 0.389 0.361 0.323 0.287
     29       2.487    0.179 0.984      0.996 0.997 0.998 0.998 0.999 1.000 1.000 0.999 0.879 0.791 0.557 0.419 0.392 0.354 0.318
     30       2.191    0.204 0.979      0.993 0.995 0.996 0.996 0.998 1.000 1.000 1.000 0.891 0.806 0.578 0.442 0.415 0.378 0.343
     31       2.032    0.221 0.975      0.991 0.993 0.994 0.994 0.997 0.999 1.000 1.000 0.899 0.816 0.592 0.458 0.431 0.394 0.359
     32       0.897    0.627 0.779      0.830 0.839 0.846 0.847 0.863 0.879 0.891 0.899 1.000 0.987 0.886 0.801 0.783 0.757 0.732
     33       0.881    0.744 0.668      0.730 0.740 0.749 0.750 0.770 0.791 0.806 0.816 0.987 1.000 0.949 0.887 0.873 0.852 0.832
     34       1.197    0.917 0.399      0.477 0.490 0.502 0.503 0.529 0.557 0.578 0.592 0.886 0.949 1.000 0.988 0.982 0.974 0.965
     35       1.812    0.968 0.250      0.332 0.347 0.359 0.360 0.389 0.419 0.442 0.458 0.801 0.887 0.988 1.000 1.000 0.998 0.994
     36       2.034    0.975 0.221      0.304 0.319 0.331 0.333 0.361 0.392 0.415 0.431 0.783 0.873 0.982 1.000 1.000 0.999 0.997
     37       2.464    0.984 0.181      0.265 0.279 0.292 0.294 0.323 0.354 0.378 0.394 0.757 0.852 0.974 0.998 0.999 1.000 0.999
     38       3.083    0.990 0.144      0.228 0.243 0.256 0.257 0.287 0.318 0.343 0.359 0.732 0.832 0.965 0.994 0.997 0.999 1.000

  R CORE   ENERGY   A0R/A00=1.000    R3= 0     2  
   2( 1)    0.732                    1.000 0.000
   2( 2)  487.921                    0.000 1.000

  R CORE   ENERGY   A0R/A00=1.000    R3= 0     2  
   3( 1)  488.652                    0.000 1.000

  R CORE   ENERGY   A0R/A00=1.000    R3= 0     2     4  
   4( 1)    2.438                    1.000 0.000 0.000

  R CORE   ENERGY   A0R/A00=1.000    R3= 0     2     4  
   5( 1)  490.847                    0.000 1.000 0.000

  R CORE   ENERGY   A0R/A00=1.000    R3= 0     2     4     6  
   6( 1)    5.121                    1.000 0.000 0.000 0.000

  R CORE   ENERGY   A0R/A00=1.000    R3= 0     2     4     6  
   7( 1)  494.017                    0.000 1.000 0.000 0.000

          AXIAL SYMMETRY => K RESTRICTED TO OMEGA

                     K
     S.P. ORB#: 24  2.50
     S.P. ORB#: 25  2.50
     S.P. ORB#: 26 -3.50
     S.P. ORB#: 27  0.50
     S.P. ORB#: 28 -3.50
     S.P. ORB#: 29  4.50
     S.P. ORB#: 30  0.50
     S.P. ORB#: 31 -1.50
     S.P. ORB#: 32 -1.50
     S.P. ORB#: 33  2.50
     S.P. ORB#: 34  0.50
     S.P. ORB#: 35  0.50
     S.P. ORB#: 36 -1.50
     S.P. ORB#: 37  2.50
     S.P. ORB#: 38 -3.50
 

             ENERGY    K= OMEGA
 
 I=  1/2- (1)  1.428  27:-0.064
                      34:-0.998
 
 I=  1/2- (2)  3.185  30: 1.000
 
 I=  1/2- (3)  4.884  27: 0.998
                      34:-0.064
 
 I=  1/2- (4)  9.956  35: 1.000
 
 I=  1/2- (5)147.200  32:-1.000

             ENERGY    K= OMEGA
 
 I=  3/2- (1)  1.358  27: 0.053
                      30: 0.198
                      31: 0.118
                      32: 0.967
                      34:-0.094
 
 I=  3/2- (2)  2.093  30:-0.134
                      31:-0.105
                      32: 0.135
                      34: 0.976

             ENERGY    K= OMEGA
 
 I=  5/2- (1)  1.341  27:-0.050
                      30: 0.131
                      31: 0.185
                      32:-0.383
                      33:-0.891
                      34: 0.076
 
 I=  5/2- (2)  1.959  30:-0.240
                      31: 0.164
                      32: 0.878
                      33:-0.376
 
 I=  5/2- (3)  2.111  30: 0.122
                      31: 0.164
                      33: 0.125
                      34: 0.970
 
 I=  5/2- (4)  3.225  24: 0.070
                      27:-0.397
                      30: 0.455
                      31: 0.738
                      32: 0.076
                      33: 0.190
                      34:-0.209
 
 I=  5/2- (5)  4.530  24: 0.062
                      27: 0.073
                      30:-0.794
                      31: 0.525
                      32:-0.271
                      33: 0.103

             ENERGY    K= OMEGA
 
 I=  7/2- (1)  1.971  30: 0.174
                      31:-0.224
                      32: 0.475
                      33:-0.832
 
 I=  7/2- (2)  2.586  25:-0.065
                      27:-0.182
                      28: 0.055
                      30:-0.358
                      31:-0.298
                      32:-0.725
                      33:-0.411
                      34: 0.214
 
 I=  7/2- (3)  3.697  25:-0.171
                      26:-0.093
                      27: 0.064
                      28: 0.562
                      30: 0.131
                      31: 0.155
                      32:-0.220
                      33:-0.135
                      34:-0.730
 
 I=  7/2- (4)  3.751  24:-0.085
                      25: 0.185
                      26: 0.136
                      28:-0.761
                      31: 0.113
                      32:-0.218
                      33:-0.151
                      34:-0.526
 
 I=  7/2- (5)  4.242  35: 0.716
                      36: 0.576
                      37: 0.361
                      38: 0.158

             ENERGY    K= OMEGA
 
 I=  9/2- (1)  2.613  26:-0.083
                      27: 0.178
                      29: 0.094
                      30:-0.303
                      31:-0.367
                      32: 0.457
                      33: 0.690
                      34:-0.197
 
 I=  9/2- (2)  3.187  24: 0.074
                      25: 0.078
                      26: 0.291
                      28: 0.186
                      29:-0.924
                      30:-0.053
                      32: 0.072
                      33: 0.063
 
 I=  9/2- (3)  3.734  24:-0.057
                      25: 0.062
                      27: 0.070
                      28: 0.065
                      31:-0.281
                      32:-0.461
                      33:-0.112
                      34:-0.824
 
 I=  9/2- (4)  3.779  25: 0.105
                      26:-0.059
                      28: 0.142
                      30: 0.343
                      31:-0.162
                      32:-0.615
                      33: 0.576
                      34: 0.330
 
 I=  9/2- (5)  4.589  24: 0.155
                      25:-0.282
                      26: 0.189
                      27:-0.223
                      28:-0.776
                      29:-0.112
                      30: 0.238
                      31: 0.193
                      33: 0.243
                      34:-0.205

             ENERGY    K= OMEGA
 
 I= 11/2- (1)  3.050  35: 0.679
                      36: 0.576
                      37: 0.404
                      38: 0.206
 
 I= 11/2- (2)  3.788  24:-0.072
                      25:-0.090
                      26: 0.227
                      28: 0.097
                      29: 0.354
                      30:-0.224
                      31: 0.291
                      32:-0.464
                      33: 0.671
 
 I= 11/2- (3)  4.116  24: 0.112
                      25: 0.090
                      26:-0.337
                      28:-0.211
                      29:-0.785
                      30:-0.163
                      31: 0.080
                      32:-0.295
                      33: 0.289
 
 I= 11/2- (4)  4.522  24: 0.070
                      25:-0.115
                      27:-0.290
                      28: 0.152
                      29: 0.093
                      30:-0.412
                      31:-0.408
                      32:-0.551
                      33:-0.406
                      34: 0.246
 
 I= 11/2- (5)  5.677  24:-0.162
                      25: 0.364
                      26: 0.243
                      27:-0.090
                      28:-0.838
                      29: 0.161
                      30:-0.143
                      31:-0.059
                      34: 0.142

             ENERGY    K= OMEGA
 
 I= 13/2- (1)  4.551  24:-0.094
                      25:-0.074
                      26:-0.184
                      27: 0.276
                      28:-0.063
                      29: 0.208
                      30:-0.377
                      31:-0.444
                      32: 0.397
                      33: 0.530
                      34:-0.225
 
 I= 13/2- (2)  5.192  24:-0.143
                      25:-0.147
                      26:-0.429
                      27:-0.102
                      28:-0.259
                      29: 0.783
                      30: 0.153
                      31: 0.122
                      32:-0.138
                      33:-0.121
                      34: 0.106
 
 I= 13/2- (3)  5.229  35:-0.229
                      36: 0.576
                      37:-0.654
                      38: 0.435
 
 I= 13/2- (4)  6.335  24:-0.127
                      25: 0.169
                      26:-0.091
                      27: 0.101
                      28: 0.225
                      30: 0.057
                      31:-0.307
                      32:-0.607
                      33:-0.107
                      34:-0.638
 
 I= 13/2- (5)  6.446  24: 0.083
                      25:-0.179
                      26: 0.116
                      28:-0.303
                      30:-0.324
                      31: 0.144
                      32: 0.336
                      33:-0.610
                      34:-0.493

             ENERGY     K=-7/2
  32 LEVELS    TIME=  0.0 SEC



 ******************* EXCITATION ENERGIES, DOMINANT CONFIGURATION AND EXPECTATION VALUES (WITH S.P. UU+VV FACTORS) *******************

  NR  Eex(keV)  I   Kdom  NY    <Jz>  <Jx**2> <Jy**2> <Jz**2> <I.j>/|I|  <Rx**2> <Ry**2> <Rz**2> <R.j>/|R|  <HROTx> <HROTy> <HROTz>

   1    0.0   5/2-   5/2  33    1.73    1.77    1.77    5.37    2.46       1.57    1.57    0.00   -0.93      0.191   0.191   0.000
   2   17.7   3/2-  -3/2  32   -1.40    1.49    1.49    2.15    1.48       1.58    1.58    0.00   -1.28      0.192   0.192   0.000
   3   87.0   1/2-   1/2  34    0.50    1.13    1.13    0.25    0.84       0.90    0.90    0.00   -1.33      0.110   0.110   0.000
   4  618.4   5/2-  -3/2  32   -0.81    1.52    1.52    2.71    1.13       3.90    3.90    0.00   -0.86      0.476   0.476   0.000
   5  630.1   7/2-   5/2  33    1.33    1.91    1.91    4.97    2.08       4.03    4.03    0.00   -0.19      0.491   0.491   0.000
  
   6  752.2   3/2-   1/2  34    0.44    1.22    1.22    0.31   -0.17       3.59    3.59    0.00   -1.15      0.437   0.437   0.000
   7  770.7   5/2-   1/2  34    0.48    1.41    1.41    0.40    0.80       3.61    3.61    0.00   -0.32      0.441   0.441   0.000
   8 1245.7   7/2-  -3/2  32   -0.40    1.67    1.67    2.57    1.40       5.28    5.28    0.00   -0.11      0.644   0.644   0.000
   9 1272.0   9/2-   5/2  33    0.78    2.76    2.76    4.07    2.37       5.35    5.35    0.00    0.68      0.653   0.653   0.000
  10 1709.6  11/2-   1/2  35   -0.01   28.61   28.61    2.41    7.29       4.12    4.12    0.00   -5.60      0.502   0.502   0.000
  
  11 1844.0   1/2-   1/2  30    0.50    3.94    3.94    0.25    0.43       4.07    4.07   -0.00   -2.72      0.496   0.496  -0.000
  12 1846.4   9/2-   9/2  29    3.46    2.80    2.80   18.86    4.48       2.29    2.29   -0.00   -1.00      0.280   0.280  -0.000
  13 1884.4   5/2-  -3/2  31   -0.52    3.74    3.74    1.60    1.70       3.90    3.90    0.00   -1.45      0.475   0.475   0.000
  14 2355.9   7/2-   1/2  34   -0.85    1.82    1.82    4.58    1.19       7.28    7.28    0.00   -0.92      0.888   0.888   0.000
  15 2393.1   9/2-   1/2  34   -0.06    1.44    1.44    1.01    0.83      10.22   10.22    0.00    0.05      1.245   1.245   0.000
  
  16 2410.1   7/2-  -7/2  28   -1.88    1.97    1.97    7.93    2.12       5.41    5.41   -0.00   -1.05      0.659   0.659  -0.000
  17 2438.1   9/2-  -3/2  32    0.29    1.86    1.86    3.41    1.08      10.56   10.56    0.00   -0.38      1.287   1.287   0.000
  18 2447.2  11/2-   5/2  33    1.09    2.70    2.70    6.87    2.43       9.50    9.50   -0.00    0.51      1.158   1.158  -0.000
  19 2775.3  11/2-   9/2  29    2.35    2.90    2.90   15.27    3.59       6.91    6.91   -0.00    0.12      0.843   0.843  -0.000
  20 2901.4   7/2-   1/2  35   -0.00   28.76   28.76    1.99    7.17       9.19    9.19    0.00   -7.25      1.120   1.120   0.000
  
  21 3181.6  11/2-  -3/2  32   -0.14    2.07    2.07    2.75    1.63      11.59   11.59    0.00    0.59      1.413   1.413   0.000
  22 3189.6   5/2-   1/2  30   -0.17    4.02    4.02    1.04   -0.41      10.14   10.14    0.00   -2.29      1.236   1.236   0.000
  23 3210.8  13/2-   5/2  33    0.40    3.66    3.66    4.05    2.67      11.41   11.41    0.00    1.52      1.391   1.391   0.000
  24 3248.5   9/2-  -7/2  28   -1.75    2.50    2.50    9.21    2.56       6.72    6.72    0.00   -0.40      0.819   0.819   0.000
  25 3543.4   1/2-   1/2  27    0.50    4.57    4.57    0.25    0.66       4.50    4.50   -0.00   -2.94      0.548   0.548  -0.000
  
  26 3851.0  13/2-   9/2  29    2.00    3.61    3.61   15.94    3.74       9.82    9.82   -0.00    0.67      1.197   1.197  -0.000
  27 3888.1  13/2-   5/2  37   -0.06   27.43   27.43    5.74    6.17      11.58   11.58   -0.00   -3.64      1.412   1.412  -0.000
  28 4335.8  11/2-  -7/2  28   -2.12    2.47    2.47   10.87    2.64      10.02   10.02    0.00   -0.01      1.222   1.222   0.000
  29 4994.4  13/2-   1/2  34   -0.54    1.59    1.59    2.26    1.02      19.99   19.99    0.00    0.26      2.437   2.437   0.000
  30 5105.2  13/2-   5/2  33    0.64    2.08    2.08    4.26    1.19      20.27   20.27    0.00   -0.02      2.471   2.471   0.000
  
  31 8614.9   1/2-   1/2  35    0.50   29.33   29.33    0.25   -4.12      33.40   33.40   -0.00   -7.64      4.072   4.072  -0.000
  32*******   1/2-  -3/2  32    0.00    0.00    0.00    0.00   -0.00       0.00    0.00   -0.00   -0.00      0.000   0.000  -0.000
