1SPECTRUM OF (Z= 82 A=207) IN PARTICLE-ROTOR  MODEL WITH MODIFIED OSCILLATOR POTENTIAL


 PARITY=-   EPS= 0.288   GAMMA=  0.0   EPS4=0.000   EPS6=0.000   LEVELS:  24  25  26  27  28  29  30  31  32  33  34  35  36  37  38

 PAIRING FACTORS: GN0= 19.20  GN1=  7.40  IPAIR= 15 ***  E2PLUS(INPUT)=   0.730  E2PLUR(INPUT)=   0.000

 CORIOLIS ATTENUATION PARAMETERS:  CHSI=1.000  ETA=  1.00

 MOMENT OF INERTIA PARAMETERS:   A1=  0.122 MEV   A2=  0.122 MEV   A3=121.91924 MEV


 DELTA=0.951 MEV  LAMBDA=53.2975 MEV   HW0= 7.4850 MEV   LAMBDA/HW0= 7.1206

 E2ENERGY=0.730 MEV  HBAR**2/B=15379./A**(7/3)=2599.9/A**2 MEV

 IREC=0  =>  RECOIL TERMS j+j-, j+j+, jzjz, ETC TREATED AS ONE-BODY OPERATORS WITH UU+VV PAIRING FACTORS



 S. P. LEVEL   EQP       U     V        (UU + VV)**1.00

     24       5.048    0.095 0.996      1.000 1.000 0.999 0.998 0.973 0.963 0.960 0.901 0.884 0.731 0.431 0.348 0.316 0.278 0.264
     25       4.115    0.116 0.993      1.000 1.000 1.000 0.999 0.978 0.968 0.966 0.910 0.894 0.746 0.451 0.368 0.336 0.299 0.285
     26       3.491    0.138 0.990      0.999 1.000 1.000 1.000 0.982 0.974 0.971 0.919 0.903 0.760 0.470 0.388 0.356 0.319 0.305
     27       2.939    0.164 0.986      0.998 0.999 1.000 1.000 0.987 0.979 0.977 0.929 0.914 0.777 0.493 0.412 0.381 0.344 0.331
     28       1.565    0.321 0.947      0.973 0.978 0.982 0.987 1.000 0.999 0.999 0.976 0.968 0.868 0.627 0.554 0.525 0.491 0.479
     29       1.416    0.360 0.933      0.963 0.968 0.974 0.979 0.999 1.000 1.000 0.985 0.977 0.888 0.659 0.588 0.560 0.527 0.515
     30       1.382    0.371 0.929      0.960 0.966 0.971 0.977 0.999 1.000 1.000 0.987 0.980 0.893 0.667 0.597 0.570 0.537 0.525
     31       1.074    0.518 0.856      0.901 0.910 0.919 0.929 0.976 0.985 0.987 1.000 0.999 0.955 0.780 0.720 0.697 0.668 0.657
     32       1.036    0.549 0.836      0.884 0.894 0.903 0.914 0.968 0.977 0.980 0.999 1.000 0.965 0.803 0.746 0.723 0.695 0.685
     33       0.958    0.748 0.663      0.731 0.746 0.760 0.777 0.868 0.888 0.893 0.955 0.965 1.000 0.931 0.894 0.878 0.859 0.851
     34       1.473    0.939 0.344      0.431 0.451 0.470 0.493 0.627 0.659 0.667 0.780 0.803 0.931 1.000 0.996 0.992 0.987 0.984
     35       1.912    0.966 0.257      0.348 0.368 0.388 0.412 0.554 0.588 0.597 0.720 0.746 0.894 0.996 1.000 0.999 0.997 0.996
     36       2.174    0.974 0.225      0.316 0.336 0.356 0.381 0.525 0.560 0.570 0.697 0.723 0.878 0.992 0.999 1.000 0.999 0.999
     37       2.606    0.983 0.186      0.278 0.299 0.319 0.344 0.491 0.527 0.537 0.668 0.695 0.859 0.987 0.997 0.999 1.000 1.000
     38       2.813    0.985 0.172      0.264 0.285 0.305 0.331 0.479 0.515 0.525 0.657 0.685 0.851 0.984 0.996 0.999 1.000 1.000

  R CORE   ENERGY   A0R/A00=1.000    R3= 0     2  
   2( 1)    0.732                    1.000 0.000
   2( 2)  487.921                    0.000 1.000

  R CORE   ENERGY   A0R/A00=1.000    R3= 0     2  
   3( 1)  488.652                    0.000 1.000

  R CORE   ENERGY   A0R/A00=1.000    R3= 0     2     4  
   4( 1)    2.438                    1.000 0.000 0.000

  R CORE   ENERGY   A0R/A00=1.000    R3= 0     2     4  
   5( 1)  490.847                    0.000 1.000 0.000

  R CORE   ENERGY   A0R/A00=1.000    R3= 0     2     4     6  
   6( 1)    5.121                    1.000 0.000 0.000 0.000

  R CORE   ENERGY   A0R/A00=1.000    R3= 0     2     4     6  
   7( 1)  494.017                    0.000 1.000 0.000 0.000

          AXIAL SYMMETRY => K RESTRICTED TO OMEGA

                     K
     S.P. ORB#: 24  2.50
     S.P. ORB#: 25  0.50
     S.P. ORB#: 26  2.50
     S.P. ORB#: 27 -3.50
     S.P. ORB#: 28  0.50
     S.P. ORB#: 29 -1.50
     S.P. ORB#: 30 -3.50
     S.P. ORB#: 31  0.50
     S.P. ORB#: 32  4.50
     S.P. ORB#: 33 -1.50
     S.P. ORB#: 34  2.50
     S.P. ORB#: 35 -1.50
     S.P. ORB#: 36  2.50
     S.P. ORB#: 37 -3.50
     S.P. ORB#: 38  0.50
 

             ENERGY    K= OMEGA
 
 I=  1/2- (1)  2.744  28:-0.995
                      38:-0.097
 
 I=  1/2- (2)  3.133  25:-0.067
                      28: 0.094
                      38:-0.993
 
 I=  1/2- (3)  5.592  25: 0.997
                      38:-0.063
 
 I=  1/2- (4)  8.114  31: 1.000
 
 I=  1/2- (5)147.261  33: 1.000

             ENERGY    K= OMEGA
 
 I=  3/2- (1)  2.344  25: 0.122
                      28: 0.416
                      29: 0.287
                      35: 0.846
                      38:-0.115
 
 I=  3/2- (2)  2.604  25: 0.061
                      28:-0.342
                      29: 0.923
                      35:-0.161

             ENERGY    K= OMEGA
 
 I=  5/2- (1)  2.438  25: 0.201
                      28:-0.369
                      29:-0.594
                      35: 0.312
                      36: 0.595
                      38:-0.137
 
 I=  5/2- (2)  2.944  24:-0.060
                      25: 0.133
                      26:-0.061
                      29:-0.547
                      35:-0.771
                      36:-0.219
                      38:-0.184
 
 I=  5/2- (3)  3.077  25:-0.148
                      28: 0.497
                      29: 0.157
                      35:-0.369
                      36: 0.741
                      38: 0.138
 
 I=  5/2- (4)  3.942  25: 0.137
                      28: 0.160
                      29:-0.338
                      35: 0.094
                      36:-0.128
                      38: 0.902
 
 I=  5/2- (5)  4.152  24: 0.051
                      25: 0.115
                      28:-0.736
                      29: 0.382
                      35:-0.401
                      36: 0.173
                      38: 0.324

             ENERGY    K= OMEGA
 
 I=  7/2- (1)  2.140  26:-0.214
                      27: 0.077
                      30: 0.972
 
 I=  7/2- (2)  3.126  24: 0.062
                      25:-0.051
                      27:-0.087
                      28: 0.279
                      29:-0.527
                      35: 0.403
                      36:-0.682
 
 I=  7/2- (3)  3.232  31: 0.735
                      33: 0.574
                      34: 0.336
                      37: 0.132
 
 I=  7/2- (4)  3.337  24:-0.070
                      25: 0.293
                      27: 0.051
                      28: 0.557
                      29: 0.475
                      30:-0.055
                      35: 0.550
                      36: 0.145
                      38:-0.204
 
 I=  7/2- (5)  4.168  24:-0.146
                      27: 0.136
                      28:-0.525
                      29: 0.564
                      35: 0.170
                      36:-0.580

             ENERGY    K= OMEGA
 
 I=  9/2- (1)  1.840  24: 0.058
                      26:-0.059
                      27: 0.248
                      30:-0.171
                      32:-0.949
 
 I=  9/2- (2)  3.033  24:-0.072
                      25: 0.053
                      26:-0.289
                      27:-0.127
                      28:-0.054
                      29:-0.127
                      30:-0.919
                      32: 0.142
                      36: 0.088
 
 I=  9/2- (3)  3.417  24: 0.088
                      25:-0.333
                      26:-0.050
                      27: 0.055
                      28: 0.446
                      29: 0.628
                      30:-0.161
                      32: 0.076
                      35:-0.255
                      36:-0.388
                      38: 0.185
 
 I=  9/2- (4)  4.467  31: 0.243
                      33:-0.605
                      34: 0.647
                      37:-0.396
 
 I=  9/2- (5)  4.676  24: 0.097
                      25:-0.165
                      26: 0.063
                      29: 0.388
                      30:-0.061
                      35: 0.743
                      36: 0.437
                      38: 0.247

             ENERGY    K= OMEGA
 
 I= 11/2- (1)  2.440  31: 0.694
                      33: 0.575
                      34: 0.389
                      37: 0.191
 
 I= 11/2- (2)  2.820  24: 0.103
                      26:-0.096
                      27:-0.348
                      30: 0.224
                      32:-0.898
 
 I= 11/2- (3)  4.147  24: 0.104
                      26: 0.341
                      27:-0.168
                      29:-0.134
                      30:-0.885
                      32:-0.173
                      36:-0.095
 
 I= 11/2- (4)  4.967  24:-0.136
                      25: 0.151
                      26: 0.067
                      27: 0.110
                      28:-0.171
                      29: 0.646
                      30:-0.138
                      32:-0.145
                      35:-0.297
                      36: 0.602
                      38:-0.065
 
 I= 11/2- (5)  5.152  24: 0.067
                      25:-0.347
                      28:-0.658
                      29:-0.307
                      30: 0.108
                      35:-0.536
                      38: 0.211

             ENERGY    K= OMEGA
 
 I= 13/2- (1)  3.993  24: 0.148
                      26:-0.124
                      27: 0.419
                      29: 0.070
                      30:-0.247
                      32:-0.847
 
 I= 13/2- (2)  4.663  31: 0.229
                      33:-0.583
                      34: 0.655
                      37:-0.423
 
 I= 13/2- (3)  5.206  24:-0.144
                      25: 0.373
                      26:-0.159
                      27:-0.105
                      28:-0.414
                      29:-0.588
                      30:-0.363
                      35: 0.170
                      36: 0.303
                      38:-0.181
 
 I= 13/2- (4)  5.567  24: 0.058
                      25: 0.173
                      26: 0.348
                      27: 0.158
                      28:-0.226
                      29:-0.215
                      30: 0.791
                      32:-0.237
                      35: 0.159
                      36: 0.098
                      38:-0.083
 
 I= 13/2- (5)  7.377  24:-0.101
                      25: 0.172
                      26:-0.050
                      29:-0.294
                      30: 0.088
                      35:-0.729
                      36:-0.502
                      38:-0.281

             ENERGY     K= 1/2
  32 LEVELS    TIME=  0.0 SEC



 ******************* EXCITATION ENERGIES, DOMINANT CONFIGURATION AND EXPECTATION VALUES (WITH S.P. UU+VV FACTORS) *******************

  NR  Eex(keV)  I   Kdom  NY    <Jz>  <Jx**2> <Jy**2> <Jz**2> <I.j>/|I|  <Rx**2> <Ry**2> <Rz**2> <R.j>/|R|  <HROTx> <HROTy> <HROTz>

   1    0.0   9/2-   9/2  32    3.75    2.65    2.65   19.41    4.43       2.68    2.68    0.00   -1.15      0.327   0.327   0.000
   2  299.4   7/2-  -7/2  30   -3.21    2.29    2.29   11.94    3.40       2.65    2.65    0.00   -1.32      0.323   0.323   0.000
   3  504.1   3/2-  -3/2  35   -1.10    2.20    2.20    1.85    1.55       2.00    2.00    0.00   -1.62      0.244   0.244   0.000
   4  597.4   5/2-   5/2  36    0.31    3.63    3.63    3.28    2.50       2.24    2.24    0.00   -1.48      0.273   0.273   0.000
   5  599.5  11/2-   1/2  31   -0.00   25.41   25.41    2.26    6.54       5.28    5.28    0.00   -4.29      0.644   0.644   0.000
  
   6  763.5   3/2-  -3/2  29   -1.25    4.62    4.62    2.00    1.45       4.69    4.69    0.00   -2.75      0.572   0.572   0.000
   7  903.4   1/2-   1/2  28    0.50    4.60    4.60    0.25    0.38       4.77    4.77   -0.00   -2.95      0.582   0.582  -0.000
   8  980.1  11/2-   9/2  32    3.08    3.03    3.03   18.57    4.04       6.02    6.02    0.00   -0.13      0.734   0.734   0.000
   9 1104.1   5/2-  -3/2  35   -1.17    2.29    2.29    2.37    1.15       4.43    4.43    0.00   -1.19      0.541   0.541   0.000
  10 1192.9   9/2-  -7/2  30   -2.70    2.44    2.44   11.59    2.97       5.83    5.83    0.00   -0.49      0.711   0.711   0.000
  
  11 1237.0   5/2-   5/2  36    1.28    2.78    2.78    3.88    1.62       4.30    4.30    0.00   -1.58      0.525   0.525   0.000
  12 1286.1   7/2-   5/2  36    0.52    3.06    3.06    4.06    1.99       5.05    5.05    0.00   -0.71      0.616   0.616   0.000
  13 1292.7   1/2-   1/2  38    0.50    1.44    1.44    0.25    0.70       1.33    1.33   -0.00   -1.54      0.163   0.163  -0.000
  14 1391.3   7/2-   1/2  31   -0.00   25.42   25.42    1.79    6.42       8.71    8.71    0.00   -6.50      1.062   1.062   0.000
  15 1497.2   7/2-   1/2  28   -0.52    3.19    3.19    1.54    1.54       5.72    5.72    0.00   -0.53      0.697   0.697   0.000
  
  16 1576.5   9/2-  -3/2  29   -0.19    4.52    4.52    2.60    2.47       5.91    5.91    0.00    0.19      0.721   0.721   0.000
  17 2101.5   5/2-   1/2  38    0.29    1.93    1.93    0.61    0.42       5.37    5.37    0.00   -0.98      0.655   0.655   0.000
  18 2153.0  13/2-   9/2  32    2.49    3.42    3.42   17.67    3.80      10.12   10.12    0.00    0.44      1.234   1.234   0.000
  19 2306.4  11/2-  -7/2  30   -2.39    2.53    2.53   11.45    2.70       9.98    9.98   -0.00   -0.08      1.216   1.216  -0.000
  20 2311.4   5/2-   1/2  28   -0.05    3.81    3.81    1.06   -0.32       9.68    9.68    0.00   -2.19      1.180   1.180   0.000
  
  21 2327.8   7/2-   5/2  36    0.45    3.41    3.41    3.33    0.85       9.57    9.57    0.00   -1.55      1.167   1.167   0.000
  22 2627.1   9/2-   5/2  34   -0.02   25.39   25.39    5.37    5.63      12.42   12.42    0.00   -5.64      1.514   1.514   0.000
  23 2822.2  13/2-   5/2  34   -0.04   25.35   25.35    5.65    5.66      13.05   13.05    0.00   -3.30      1.592   1.592   0.000
  24 2835.5   9/2-  -3/2  35   -0.51    2.07    2.07    2.94    1.02      10.82   10.82    0.00   -0.43      1.319   1.319   0.000
  25 3126.4  11/2-  -3/2  29    0.22    3.67    3.67    4.37    1.86      12.61   12.61    0.00   -0.12      1.537   1.537   0.000
  
  26 3312.0  11/2-   1/2  28   -0.29    3.29    3.29    1.24    1.50      12.81   12.81    0.00    0.23      1.562   1.562   0.000
  27 3365.9  13/2-  -3/2  29   -0.53    4.51    4.51    3.58    2.56      12.79   12.79   -0.00    1.04      1.560   1.560  -0.000
  28 3727.0  13/2-  -7/2  30   -1.75    2.96    2.96   10.12    2.42      15.48   15.48    0.00    0.16      1.887   1.887   0.000
  29 3751.5   1/2-   1/2  25    0.50    6.19    6.19    0.25    0.68       6.10    6.10    0.00   -3.45      0.744   0.744   0.000
  30 5536.5  13/2-  -3/2  35   -0.23    1.96    1.96    3.20    0.90      21.63   21.63    0.00   -0.12      2.637   2.637   0.000
  
  31 6273.4   1/2-   1/2  31    0.50   25.14   25.14    0.25   -3.73      28.87   28.87    0.00   -7.08      3.520   3.520   0.000
  32*******   1/2-  -3/2  33    0.00    0.00    0.00    0.00   -0.00       0.00    0.00    0.00   -0.00      0.000   0.000   0.000
