1SPECTRUM OF (Z= 82 A=207) IN PARTICLE-ROTOR  MODEL WITH MODIFIED OSCILLATOR POTENTIAL


 PARITY=-   EPS= 0.251   GAMMA=  0.0   EPS4=0.000   EPS6=0.000   LEVELS:  25  26  27  28  29  30  31  32  33  34  35  36  37  38  39

 PAIRING FACTORS: GN0= 19.20  GN1=  7.40  IPAIR= 15 ***  E2PLUS(INPUT)=   0.730  E2PLUR(INPUT)=   0.000

 CORIOLIS ATTENUATION PARAMETERS:  CHSI=1.000  ETA=  1.00

 MOMENT OF INERTIA PARAMETERS:   A1=  0.122 MEV   A2=  0.122 MEV   A3=121.91924 MEV


 DELTA=0.938 MEV  LAMBDA=53.4000 MEV   HW0= 7.4665 MEV   LAMBDA/HW0= 7.1520

 E2ENERGY=0.730 MEV  HBAR**2/B=11682./A**(7/3)=1974.7/A**2 MEV

 IREC=0  =>  RECOIL TERMS j+j-, j+j+, jzjz, ETC TREATED AS ONE-BODY OPERATORS WITH UU+VV PAIRING FACTORS



 S. P. LEVEL   EQP       U     V        (UU + VV)**1.00

     25       4.133    0.114 0.993      1.000 1.000 1.000 0.990 0.988 0.983 0.971 0.738 0.574 0.473 0.416 0.393 0.329 0.288 0.233
     26       3.847    0.123 0.992      1.000 1.000 1.000 0.991 0.990 0.985 0.973 0.744 0.581 0.480 0.424 0.401 0.337 0.297 0.241
     27       3.300    0.144 0.990      1.000 1.000 1.000 0.994 0.992 0.988 0.978 0.758 0.598 0.498 0.443 0.420 0.356 0.317 0.261
     28       1.921    0.252 0.968      0.990 0.991 0.994 1.000 1.000 0.999 0.995 0.825 0.683 0.591 0.539 0.518 0.458 0.420 0.367
     29       1.838    0.265 0.964      0.988 0.990 0.992 1.000 1.000 1.000 0.996 0.833 0.693 0.602 0.550 0.529 0.469 0.431 0.378
     30       1.677    0.292 0.956      0.983 0.985 0.988 0.999 1.000 1.000 0.998 0.848 0.713 0.624 0.574 0.553 0.494 0.457 0.405
     31       1.438    0.348 0.938      0.971 0.973 0.978 0.995 0.996 0.998 1.000 0.878 0.753 0.669 0.621 0.601 0.544 0.508 0.458
     32       0.947    0.754 0.656      0.738 0.744 0.758 0.825 0.833 0.848 0.878 1.000 0.976 0.943 0.920 0.911 0.880 0.859 0.828
     33       1.118    0.879 0.477      0.574 0.581 0.598 0.683 0.693 0.713 0.753 0.976 1.000 0.993 0.983 0.979 0.962 0.949 0.930
     34       1.368    0.930 0.369      0.473 0.480 0.498 0.591 0.602 0.624 0.669 0.943 0.993 1.000 0.998 0.996 0.988 0.980 0.967
     35       1.594    0.951 0.309      0.416 0.424 0.443 0.539 0.550 0.574 0.621 0.920 0.983 0.998 1.000 1.000 0.996 0.991 0.981
     36       1.712    0.958 0.286      0.393 0.401 0.420 0.518 0.529 0.553 0.601 0.911 0.979 0.996 1.000 1.000 0.998 0.994 0.986
     37       2.199    0.976 0.219      0.329 0.337 0.356 0.458 0.469 0.494 0.544 0.880 0.962 0.988 0.996 0.998 1.000 0.999 0.995
     38       2.689    0.984 0.177      0.288 0.297 0.317 0.420 0.431 0.457 0.508 0.859 0.949 0.980 0.991 0.994 0.999 1.000 0.998
     39       3.934    0.993 0.120      0.233 0.241 0.261 0.367 0.378 0.405 0.458 0.828 0.930 0.967 0.981 0.986 0.995 0.998 1.000

  R CORE   ENERGY   A0R/A00=1.000    R3= 0     2  
   2( 1)    0.732                    1.000 0.000
   2( 2)  487.921                    0.000 1.000

  R CORE   ENERGY   A0R/A00=1.000    R3= 0     2  
   3( 1)  488.652                    0.000 1.000

  R CORE   ENERGY   A0R/A00=1.000    R3= 0     2     4  
   4( 1)    2.438                    1.000 0.000 0.000

  R CORE   ENERGY   A0R/A00=1.000    R3= 0     2     4  
   5( 1)  490.847                    0.000 1.000 0.000

  R CORE   ENERGY   A0R/A00=1.000    R3= 0     2     4     6  
   6( 1)    5.121                    1.000 0.000 0.000 0.000

  R CORE   ENERGY   A0R/A00=1.000    R3= 0     2     4     6  
   7( 1)  494.017                    0.000 1.000 0.000 0.000

          AXIAL SYMMETRY => K RESTRICTED TO OMEGA

                     K
     S.P. ORB#: 25  0.50
     S.P. ORB#: 26  2.50
     S.P. ORB#: 27 -3.50
     S.P. ORB#: 28 -3.50
     S.P. ORB#: 29  0.50
     S.P. ORB#: 30 -1.50
     S.P. ORB#: 31  4.50
     S.P. ORB#: 32  0.50
     S.P. ORB#: 33 -1.50
     S.P. ORB#: 34 -1.50
     S.P. ORB#: 35  2.50
     S.P. ORB#: 36  2.50
     S.P. ORB#: 37  0.50
     S.P. ORB#: 38 -3.50
     S.P. ORB#: 39  4.50
 

             ENERGY    K= OMEGA
 
 I=  1/2- (1)  2.492  25:-0.054
                      29:-0.058
                      37:-0.997
 
 I=  1/2- (2)  2.971  29: 0.998
                      37:-0.056
 
 I=  1/2- (3)  5.508  25: 0.998
                      37:-0.056
 
 I=  1/2- (4)  8.365  32: 1.000
 
 I=  1/2- (5)147.421  33:-1.000

             ENERGY    K= OMEGA
 
 I=  3/2- (1)  1.879  25: 0.055
                      29: 0.219
                      30: 0.117
                      34: 0.964
                      37:-0.072
 
 I=  3/2- (2)  2.794  25:-0.110
                      29: 0.119
                      30:-0.946
                      34: 0.113
                      37: 0.257

             ENERGY    K= OMEGA
 
 I=  5/2- (1)  2.056  25: 0.084
                      29:-0.193
                      30:-0.257
                      34: 0.477
                      35: 0.812
                      37:-0.058
 
 I=  5/2- (2)  2.543  29: 0.183
                      30:-0.256
                      34:-0.833
                      35: 0.443
                      37:-0.091
 
 I=  5/2- (3)  2.905  25:-0.215
                      29: 0.420
                      30: 0.581
                      35: 0.334
                      37: 0.572
 
 I=  5/2- (4)  3.426  25:-0.251
                      29: 0.222
                      30: 0.463
                      34: 0.058
                      35: 0.134
                      37:-0.808
 
 I=  5/2- (5)  4.278  25:-0.069
                      29: 0.807
                      30:-0.504
                      34: 0.269
                      35:-0.122

             ENERGY    K= OMEGA
 
 I=  7/2- (1)  2.661  26: 0.214
                      27:-0.082
                      28:-0.934
                      30:-0.102
                      34: 0.063
                      35:-0.246
 
 I=  7/2- (2)  2.705  26: 0.083
                      28:-0.242
                      29:-0.234
                      30: 0.238
                      34:-0.554
                      35: 0.718
 
 I=  7/2- (3)  3.172  25: 0.222
                      28:-0.118
                      29: 0.394
                      30: 0.407
                      34: 0.619
                      35: 0.442
                      37:-0.192
 
 I=  7/2- (4)  3.240  32:-0.740
                      33:-0.570
                      36:-0.332
                      38:-0.130
 
 I=  7/2- (5)  4.233  25:-0.160
                      27: 0.063
                      29: 0.239
                      30:-0.791
                      34: 0.170
                      35: 0.454
                      37: 0.228

             ENERGY    K= OMEGA
 
 I=  9/2- (1)  2.226  26:-0.067
                      27: 0.240
                      28:-0.177
                      31:-0.952
 
 I=  9/2- (2)  3.301  25: 0.261
                      28:-0.072
                      29:-0.379
                      30:-0.488
                      34: 0.411
                      35: 0.588
                      37:-0.170
 
 I=  9/2- (3)  3.563  26:-0.310
                      27:-0.099
                      28:-0.920
                      31: 0.170
                      34:-0.126
 
 I=  9/2- (4)  4.306  32: 0.224
                      33:-0.557
                      36: 0.623
                      38:-0.455
                      39: 0.211
 
 I=  9/2- (5)  4.336  25:-0.237
                      28:-0.084
                      29: 0.146
                      30: 0.480
                      34: 0.654
                      35: 0.253
                      37: 0.435

             ENERGY    K= OMEGA
 
 I= 11/2- (1)  2.228  32: 0.676
                      33: 0.566
                      36: 0.400
                      38: 0.231
                      39: 0.097
 
 I= 11/2- (2)  3.218  26:-0.113
                      27:-0.321
                      28: 0.245
                      31:-0.907
 
 I= 11/2- (3)  4.653  26:-0.079
                      27: 0.074
                      28: 0.283
                      29:-0.274
                      30: 0.350
                      34:-0.495
                      35: 0.682
 
 I= 11/2- (4)  4.678  25:-0.069
                      26: 0.348
                      27:-0.114
                      28:-0.812
                      29:-0.189
                      31:-0.237
                      34:-0.311
                      35: 0.099
                      37: 0.051
 
 I= 11/2- (5)  5.140  25:-0.343
                      26:-0.052
                      28: 0.236
                      29:-0.468
                      30:-0.489
                      31: 0.064
                      34:-0.429
                      35:-0.353
                      37: 0.231

             ENERGY    K= OMEGA
 
 I= 13/2- (1)  4.005  32: 0.193
                      33:-0.501
                      36: 0.610
                      38:-0.511
                      39: 0.281
 
 I= 13/2- (2)  4.429  26:-0.152
                      27: 0.370
                      28:-0.291
                      31:-0.867
 
 I= 13/2- (3)  5.279  25:-0.379
                      28: 0.051
                      29: 0.455
                      30: 0.554
                      34:-0.326
                      35:-0.433
                      37: 0.209
 
 I= 13/2- (4)  6.053  26:-0.396
                      27:-0.160
                      28:-0.843
                      29: 0.050
                      31: 0.288
                      34:-0.137
 
 I= 13/2- (5)  6.949  25:-0.245
                      27:-0.056
                      28:-0.093
                      29: 0.145
                      30: 0.320
                      34: 0.613
                      35: 0.502
                      37: 0.418

             ENERGY     K= 9/2
  32 LEVELS    TIME=  0.0 SEC



 ******************* EXCITATION ENERGIES, DOMINANT CONFIGURATION AND EXPECTATION VALUES (WITH S.P. UU+VV FACTORS) *******************

  NR  Eex(keV)  I   Kdom  NY    <Jz>  <Jx**2> <Jy**2> <Jz**2> <I.j>/|I|  <Rx**2> <Ry**2> <Rz**2> <R.j>/|R|  <HROTx> <HROTy> <HROTz>

   1    0.0   3/2-  -3/2  34   -1.39    1.72    1.72    2.14    1.41       1.93    1.93   -0.00   -1.45      0.236   0.236  -0.000
   2  177.3   5/2-   5/2  35    1.23    2.14    2.14    4.79    2.35       1.96    1.96    0.00   -1.07      0.239   0.239   0.000
   3  346.8   9/2-   9/2  31    3.78    2.61    2.61   19.46    4.43       2.69    2.69   -0.00   -1.14      0.328   0.328  -0.001
   4  348.8  11/2-   1/2  32    0.00   26.39   26.39    2.67    6.95       4.03    4.03   -0.00   -4.89      0.492   0.492  -0.000
   5  613.3   1/2-   1/2  37    0.50    1.41    1.41    0.25    0.83       1.19    1.19    0.00   -1.52      0.145   0.145   0.000
  
   6  664.5   5/2-  -3/2  34   -0.62    1.71    1.71    2.96    1.06       4.44    4.44    0.00   -1.09      0.541   0.541   0.000
   7  782.4   7/2-  -7/2  28   -2.83    2.28    2.28   11.46    3.31       2.73    2.73   -0.00   -1.23      0.333   0.333  -0.000
   8  826.5   7/2-   5/2  35    0.58    2.19    2.19    4.82    1.98       4.62    4.62    0.00   -0.44      0.563   0.563   0.000
   9  915.4   3/2-  -3/2  30   -1.31    4.29    4.29    2.06    1.48       4.32    4.32    0.00   -2.64      0.527   0.527   0.000
  10 1025.8   5/2-  -3/2  30    0.05    3.57    3.57    1.60    1.68       3.79    3.79    0.00   -1.38      0.462   0.462   0.000
  
  11 1092.1   1/2-   1/2  29    0.50    4.38    4.38    0.25    0.29       4.63    4.63   -0.00   -2.88      0.564   0.564  -0.000
  12 1293.3   7/2-  -3/2  34   -0.26    2.34    2.34    2.69    1.40       5.99    5.99    0.00   -0.52      0.730   0.730   0.000
  13 1338.5  11/2-   9/2  31    3.17    2.88    2.88   18.74    3.99       6.27    6.27   -0.00   -0.18      0.765   0.765  -0.000
  14 1360.7   7/2-   1/2  32    0.00   26.55   26.55    1.77    6.70       8.71    8.71    0.00   -6.77      1.062   1.062   0.000
  15 1422.1   9/2-   5/2  35    0.35    3.43    3.43    3.22    2.27       6.14    6.14    0.00    0.34      0.748   0.748   0.000
  
  16 1546.7   5/2-   1/2  37    0.10    2.18    2.18    0.79    0.62       5.12    5.12    0.00   -1.04      0.624   0.624   0.000
  17 1684.2   9/2-  -7/2  28   -2.65    2.46    2.46   11.71    2.95       6.01    6.01   -0.00   -0.56      0.733   0.733  -0.000
  18 2125.7  13/2-   5/2  36    0.02   25.38   25.38    7.69    6.48       8.37    8.37   -0.00   -3.23      1.020   1.020  -0.000
  19 2353.6   7/2-  -3/2  30   -0.41    3.87    3.87    2.85    0.76      10.15   10.15    0.00   -1.68      1.238   1.238   0.000
  20 2399.2   5/2-   1/2  29   -0.12    4.32    4.32    0.99   -0.37      10.28   10.28    0.00   -2.36      1.253   1.253   0.000
  
  21 2426.9   9/2-   5/2  36    0.00   25.71   25.71    6.57    6.24      10.32   10.32    0.00   -5.93      1.258   1.258   0.000
  22 2457.0   9/2-  -3/2  34   -0.72    2.45    2.45    2.07    1.09      10.45   10.45    0.00   -0.34      1.274   1.274   0.000
  23 2550.2  13/2-   9/2  31    2.67    3.11    3.11   18.08    3.68      10.83   10.83   -0.00    0.30      1.320   1.320  -0.000
  24 2774.3  11/2-   5/2  35    0.37    2.42    2.42    4.84    1.72      12.45   12.45    0.00    0.12      1.518   1.518   0.000
  25 2799.2  11/2-  -7/2  28   -1.90    2.58    2.58   10.43    2.52      10.58   10.58   -0.00   -0.11      1.290   1.290  -0.000
  
  26 3260.7  11/2-  -3/2  30   -0.30    2.96    2.96    2.61    1.54      12.96   12.96    0.00    0.13      1.580   1.580   0.000
  27 3399.9  13/2-  -3/2  30    0.05    4.26    4.26    2.28    2.36      13.29   13.29    0.00    1.10      1.621   1.621   0.000
  28 3629.5   1/2-   1/2  25    0.50    5.78    5.78    0.25    0.69       5.68    5.68    0.00   -3.33      0.693   0.693   0.000
  29 4173.7  13/2-  -7/2  28   -1.84    2.65    2.65   11.73    2.45      15.77   15.77   -0.00    0.02      1.923   1.923  -0.000
  30 5069.7  13/2-  -3/2  34    0.01    2.25    2.25    2.90    0.99      21.15   21.15    0.00   -0.07      2.579   2.579   0.000
  
  31 6486.1   1/2-   1/2  32    0.50   26.57   26.57    0.25   -3.87      30.42   30.42   -0.00   -7.27      3.709   3.709  -0.000
  32*******   1/2-  -3/2  33    0.00    0.00    0.00    0.00   -0.00       0.00    0.00   -0.00   -0.00      0.000   0.000  -0.000
