1SPECTRUM OF (Z= 82 A=207) IN PARTICLE-ROTOR  MODEL WITH MODIFIED OSCILLATOR POTENTIAL


 PARITY=-   EPS= 0.213   GAMMA=  0.0   EPS4=0.000   EPS6=0.000   LEVELS:  24  25  26  27  28  29  30  31  32  33  34  35  36  37  38

 PAIRING FACTORS: GN0= 19.20  GN1=  7.40  IPAIR= 15 ***  E2PLUS(INPUT)=   0.730  E2PLUR(INPUT)=   0.000

 CORIOLIS ATTENUATION PARAMETERS:  CHSI=1.000  ETA=  1.00

 MOMENT OF INERTIA PARAMETERS:   A1=  0.122 MEV   A2=  0.122 MEV   A3=121.91923 MEV


 DELTA=0.946 MEV  LAMBDA=53.4857 MEV   HW0= 7.4504 MEV   LAMBDA/HW0= 7.1789

 E2ENERGY=0.730 MEV  HBAR**2/B= 8412./A**(7/3)=1422.1/A**2 MEV

 IREC=0  =>  RECOIL TERMS j+j-, j+j+, jzjz, ETC TREATED AS ONE-BODY OPERATORS WITH UU+VV PAIRING FACTORS



 S. P. LEVEL   EQP       U     V        (UU + VV)**1.00

     24       5.207    0.091 0.996      1.000 1.000 1.000 0.999 0.995 0.990 0.988 0.987 0.640 0.544 0.515 0.429 0.385 0.331 0.260
     25       4.172    0.114 0.993      1.000 1.000 1.000 1.000 0.997 0.993 0.991 0.990 0.657 0.563 0.534 0.450 0.406 0.353 0.282
     26       4.093    0.116 0.993      1.000 1.000 1.000 1.000 0.997 0.993 0.991 0.990 0.659 0.565 0.536 0.452 0.408 0.355 0.284
     27       3.641    0.131 0.991      0.999 1.000 1.000 1.000 0.998 0.995 0.993 0.992 0.670 0.577 0.549 0.465 0.422 0.369 0.299
     28       2.510    0.192 0.981      0.995 0.997 0.997 0.998 1.000 0.999 0.998 0.998 0.715 0.626 0.599 0.519 0.477 0.425 0.357
     29       2.099    0.232 0.973      0.990 0.993 0.993 0.995 0.999 1.000 1.000 1.000 0.742 0.657 0.631 0.553 0.512 0.462 0.395
     30       1.984    0.246 0.969      0.988 0.991 0.991 0.993 0.998 1.000 1.000 1.000 0.752 0.668 0.643 0.565 0.525 0.475 0.408
     31       1.936    0.253 0.968      0.987 0.990 0.990 0.992 0.998 1.000 1.000 1.000 0.757 0.673 0.648 0.571 0.530 0.481 0.414
     32       1.013    0.824 0.567      0.640 0.657 0.659 0.670 0.715 0.742 0.752 0.757 1.000 0.993 0.988 0.969 0.956 0.937 0.909
     33       1.149    0.885 0.465      0.544 0.563 0.565 0.577 0.626 0.657 0.668 0.673 0.993 1.000 0.999 0.991 0.984 0.972 0.952
     34       1.208    0.901 0.435      0.515 0.534 0.536 0.549 0.599 0.631 0.643 0.648 0.988 0.999 1.000 0.995 0.989 0.979 0.962
     35       1.461    0.939 0.345      0.429 0.450 0.452 0.465 0.519 0.553 0.565 0.571 0.969 0.991 0.995 1.000 0.999 0.994 0.984
     36       1.657    0.954 0.299      0.385 0.406 0.408 0.422 0.477 0.512 0.525 0.530 0.956 0.984 0.989 0.999 1.000 0.998 0.991
     37       2.001    0.970 0.244      0.331 0.353 0.355 0.369 0.425 0.462 0.475 0.481 0.937 0.972 0.979 0.994 0.998 1.000 0.997
     38       2.807    0.985 0.171      0.260 0.282 0.284 0.299 0.357 0.395 0.408 0.414 0.909 0.952 0.962 0.984 0.991 0.997 1.000

  R CORE   ENERGY   A0R/A00=1.000    R3= 0     2  
   2( 1)    0.732                    1.000 0.000
   2( 2)  487.921                    0.000 1.000

  R CORE   ENERGY   A0R/A00=1.000    R3= 0     2  
   3( 1)  488.652                    0.000 1.000

  R CORE   ENERGY   A0R/A00=1.000    R3= 0     2     4  
   4( 1)    2.438                    1.000 0.000 0.000

  R CORE   ENERGY   A0R/A00=1.000    R3= 0     2     4  
   5( 1)  490.847                    0.000 1.000 0.000

  R CORE   ENERGY   A0R/A00=1.000    R3= 0     2     4     6  
   6( 1)    5.121                    1.000 0.000 0.000 0.000

  R CORE   ENERGY   A0R/A00=1.000    R3= 0     2     4     6  
   7( 1)  494.017                    0.000 1.000 0.000 0.000

          AXIAL SYMMETRY => K RESTRICTED TO OMEGA

                     K
     S.P. ORB#: 24  2.50
     S.P. ORB#: 25  2.50
     S.P. ORB#: 26  0.50
     S.P. ORB#: 27 -3.50
     S.P. ORB#: 28 -3.50
     S.P. ORB#: 29  0.50
     S.P. ORB#: 30  4.50
     S.P. ORB#: 31 -1.50
     S.P. ORB#: 32 -1.50
     S.P. ORB#: 33  2.50
     S.P. ORB#: 34  0.50
     S.P. ORB#: 35 -1.50
     S.P. ORB#: 36  0.50
     S.P. ORB#: 37  2.50
     S.P. ORB#: 38 -3.50
 

             ENERGY    K= OMEGA
 
 I=  1/2- (1)  1.925  26:-0.057
                      36:-0.998
 
 I=  1/2- (2)  3.172  29: 0.999
 
 I=  1/2- (3)  5.347  26: 0.998
                      36:-0.058
 
 I=  1/2- (4)  8.985  34:-1.000
 
 I=  1/2- (5)147.316  32: 1.000

             ENERGY    K= OMEGA
 
 I=  3/2- (1)  1.512  29: 0.183
                      31: 0.100
                      32: 0.975
                      36:-0.069
 
 I=  3/2- (2)  2.551  29: 0.196
                      31: 0.200
                      32:-0.126
                      36:-0.951

             ENERGY    K= OMEGA
 
 I=  5/2- (1)  1.628  26:-0.053
                      29: 0.142
                      31: 0.177
                      32:-0.454
                      33:-0.858
 
 I=  5/2- (2)  2.156  29:-0.201
                      31: 0.176
                      32: 0.852
                      33:-0.445
                      36: 0.061
 
 I=  5/2- (3)  2.575  26: 0.055
                      29:-0.207
                      31:-0.276
                      33:-0.146
                      36:-0.925
 
 I=  5/2- (4)  3.292  24:-0.072
                      26: 0.354
                      29:-0.419
                      31:-0.725
                      32:-0.067
                      33:-0.182
                      36: 0.362
 
 I=  5/2- (5)  4.474  24: 0.064
                      26: 0.074
                      29:-0.813
                      31: 0.508
                      32:-0.247
                      33: 0.097

             ENERGY    K= OMEGA
 
 I=  7/2- (1)  2.268  29: 0.192
                      31:-0.207
                      32: 0.537
                      33:-0.793
 
 I=  7/2- (2)  2.821  25:-0.090
                      26: 0.172
                      28:-0.163
                      29: 0.331
                      31: 0.316
                      32: 0.687
                      33: 0.468
                      36:-0.181
 
 I=  7/2- (3)  3.246  25: 0.227
                      27:-0.108
                      28: 0.948
                      29: 0.084
                      31: 0.054
                      32: 0.114
                      33: 0.092
                      36:-0.053
 
 I=  7/2- (4)  3.568  34:-0.733
                      35:-0.572
                      37:-0.342
                      38:-0.139
 
 I=  7/2- (5)  4.070  24:-0.076
                      26: 0.165
                      29: 0.155
                      31: 0.430
                      32:-0.328
                      33:-0.282
                      36:-0.754

             ENERGY    K= OMEGA
 
 I=  9/2- (1)  2.704  24: 0.074
                      25:-0.071
                      27: 0.284
                      28: 0.162
                      29: 0.064
                      30:-0.912
                      31: 0.094
                      32:-0.100
                      33:-0.157
 
 I=  9/2- (2)  2.964  26:-0.190
                      28:-0.056
                      29: 0.310
                      30: 0.228
                      31: 0.375
                      32:-0.468
                      33:-0.654
                      36: 0.161
 
 I=  9/2- (3)  3.920  24: 0.100
                      25: 0.242
                      26:-0.069
                      27: 0.123
                      28:-0.543
                      29:-0.116
                      30:-0.063
                      31: 0.303
                      32: 0.631
                      33:-0.234
                      36: 0.233
 
 I=  9/2- (4)  4.122  25:-0.091
                      26:-0.170
                      27:-0.057
                      28: 0.306
                      29: 0.283
                      31: 0.274
                      32: 0.107
                      33: 0.431
                      36: 0.715
 
 I=  9/2- (5)  4.235  24:-0.053
                      25:-0.195
                      27:-0.088
                      28: 0.675
                      29:-0.246
                      30: 0.116
                      31: 0.111
                      32: 0.466
                      33:-0.430
                      36:-0.073

             ENERGY    K= OMEGA
 
 I= 11/2- (1)  2.489  34:-0.692
                      35:-0.576
                      37:-0.392
                      38:-0.193
 
 I= 11/2- (2)  3.610  24: 0.122
                      25:-0.111
                      27:-0.387
                      28:-0.212
                      30:-0.862
                      31:-0.082
                      32: 0.082
                      33:-0.140
 
 I= 11/2- (3)  4.218  28: 0.055
                      29: 0.280
                      30: 0.190
                      31:-0.279
                      32: 0.567
                      33:-0.694
 
 I= 11/2- (4)  4.753  24:-0.112
                      25:-0.182
                      26: 0.270
                      27: 0.107
                      28:-0.331
                      29: 0.375
                      31: 0.417
                      32: 0.503
                      33: 0.384
                      36:-0.211
 
 I= 11/2- (5)  5.272  24:-0.085
                      25:-0.325
                      26:-0.141
                      27: 0.164
                      28:-0.817
                      29:-0.211
                      30: 0.179
                      31:-0.163
                      32:-0.162
                      33:-0.164
                      36: 0.127

             ENERGY    K= OMEGA
 
 I= 13/2- (1)  4.661  24: 0.171
                      25:-0.129
                      26:-0.140
                      27: 0.423
                      28: 0.203
                      29: 0.173
                      30:-0.720
                      31: 0.242
                      32:-0.179
                      33:-0.259
                      36: 0.089
 
 I= 13/2- (2)  4.763  34: 0.236
                      35:-0.586
                      37: 0.651
                      38:-0.421
 
 I= 13/2- (3)  5.053  25: 0.055
                      26:-0.288
                      27:-0.154
                      28:-0.150
                      29: 0.376
                      30: 0.420
                      31: 0.431
                      32:-0.355
                      33:-0.445
                      36: 0.202
 
 I= 13/2- (4)  6.342  24: 0.174
                      25: 0.368
                      26:-0.065
                      27: 0.200
                      28:-0.686
                      29:-0.094
                      30:-0.121
                      31: 0.222
                      32: 0.473
                      36: 0.147
 
 I= 13/2- (5)  6.694  25:-0.105
                      26:-0.203
                      27:-0.086
                      28: 0.313
                      29: 0.208
                      31: 0.238
                      32: 0.333
                      33: 0.501
                      36: 0.615

             ENERGY     K=-7/2
  32 LEVELS    TIME=  0.0 SEC



 ******************* EXCITATION ENERGIES, DOMINANT CONFIGURATION AND EXPECTATION VALUES (WITH S.P. UU+VV FACTORS) *******************

  NR  Eex(keV)  I   Kdom  NY    <Jz>  <Jx**2> <Jy**2> <Jz**2> <I.j>/|I|  <Rx**2> <Ry**2> <Rz**2> <R.j>/|R|  <HROTx> <HROTy> <HROTz>

   1    0.0   3/2-  -3/2  32   -1.42    1.60    1.60    2.17    1.41       1.82    1.82    0.00   -1.38      0.222   0.222   0.000
   2  115.5   5/2-   5/2  33    1.50    1.86    1.86    5.15    2.35       1.85    1.85    0.00   -0.99      0.226   0.226   0.000
   3  412.7   1/2-   1/2  36    0.50    1.28    1.28    0.25    0.82       1.07    1.07    0.00   -1.44      0.130   0.130   0.000
   4  644.2   5/2-  -3/2  32   -0.61    1.60    1.60    2.96    1.09       4.25    4.25    0.00   -1.01      0.518   0.518   0.000
   5  756.4   7/2-   5/2  33    1.09    1.97    1.97    4.71    1.96       4.44    4.44    0.00   -0.30      0.542   0.542   0.000
  
   6  977.1  11/2-   1/2  34   -0.00   27.54   27.54    2.28    7.09       4.17    4.17    0.00   -5.19      0.508   0.508   0.000
   7 1038.9   3/2-   1/2  36    0.39    1.53    1.53    0.36   -0.00       3.59    3.59    0.00   -1.28      0.437   0.437   0.000
   8 1062.6   5/2-   1/2  36    0.39    1.90    1.90    0.53    0.99       3.60    3.60    0.00   -0.52      0.439   0.439   0.000
   9 1192.0   9/2-   9/2  30    3.43    2.80    2.80   18.42    4.43       2.34    2.34    0.00   -0.91      0.285   0.285   0.000
  10 1309.0   7/2-  -3/2  32   -0.30    1.92    1.92    3.11    1.43       5.65    5.65    0.00   -0.37      0.689   0.689   0.000
  
  11 1451.9   9/2-   5/2  33    0.83    2.82    2.82    4.61    2.30       6.05    6.05    0.00    0.35      0.738   0.738   0.000
  12 1659.8   1/2-   1/2  29    0.50    4.20    4.20    0.25    0.36       4.39    4.39    0.00   -2.82      0.536   0.536   0.000
  13 1733.8   7/2-  -7/2  28   -3.05    2.26    2.26   11.58    3.32       2.73    2.73    0.00   -1.24      0.333   0.333   0.000
  14 1779.7   5/2-  -3/2  31   -0.48    3.71    3.71    1.54    1.46       4.54    4.54   -0.00   -1.54      0.553   0.553  -0.000
  15 2055.9   7/2-   1/2  34    0.00   27.65   27.65    1.84    6.96       8.83    8.83    0.00   -7.02      1.077   1.077   0.000
  
  16 2098.1  11/2-   9/2  30    2.76    3.24    3.24   17.77    4.12       5.34    5.34    0.00    0.12      0.651   0.651   0.000
  17 2407.6   9/2-  -3/2  32   -1.46    2.00    2.00    5.77    1.79       8.36    8.36    0.00   -0.21      1.019   1.019   0.000
  18 2557.9   7/2-   1/2  36    0.08    2.36    2.36    1.37    0.30       9.72    9.72    0.00   -1.11      1.185   1.185   0.000
  19 2609.8   9/2-   1/2  36    0.34    2.39    2.39    2.79    1.33       9.55    9.55    0.00   -0.22      1.165   1.165   0.000
  20 2705.8  11/2-   5/2  33    0.80    2.26    2.26    4.70    1.74      12.06   12.06   -0.00    0.25      1.470   1.470  -0.000
  
  21 2722.9   9/2-  -7/2  28   -1.31    2.12    2.12    7.90    1.84       9.29    9.29    0.00   -0.69      1.132   1.132   0.000
  22 2962.3   5/2-   1/2  29   -0.11    4.23    4.23    0.97   -0.35      10.13   10.13   -0.00   -2.33      1.235   1.235  -0.000
  23 3149.3  13/2-   9/2  30    1.74    3.81    3.81   14.13    3.71       9.33    9.33    0.00    0.96      1.138   1.138   0.001
  24 3241.4  11/2-  -3/2  32   -0.45    2.48    2.48    3.72    1.79      11.49   11.49    0.00    0.43      1.401   1.401   0.000
  25 3251.2  13/2-   5/2  37   -0.05   26.71   26.71    5.61    6.04      11.68   11.68    0.00   -3.48      1.424   1.424   0.000
  
  26 3541.1  13/2-   5/2  33    0.80    3.57    3.57    6.16    2.60      12.84   12.84    0.00    0.97      1.565   1.565   0.000
  27 3760.0  11/2-  -7/2  28   -1.98    2.48    2.48   10.18    2.44      10.85   10.85    0.00   -0.12      1.322   1.322   0.000
  28 3835.1   1/2-   1/2  26    0.50    5.29    5.29    0.25    0.69       5.19    5.19    0.00   -3.17      0.632   0.632   0.000
  29 4829.7  13/2-  -7/2  28   -1.69    2.41    2.41    8.21    2.15      15.87   15.87    0.00    0.35      1.934   1.934   0.000
  30 5181.9  13/2-   1/2  36    0.27    2.22    2.22    3.46    1.14      20.40   20.40    0.00    0.00      2.487   2.487   0.000
  
  31 7472.9   1/2-   1/2  34    0.50   27.93   27.93    0.25   -4.00      31.89   31.89    0.00   -7.46      3.888   3.888   0.000
  32*******   1/2-  -3/2  32    0.00    0.00    0.00    0.00   -0.00       0.00    0.00    0.00   -0.00      0.000   0.000   0.000
