1SPECTRUM OF (Z= 82 A=207) IN PARTICLE-ROTOR  MODEL WITH MODIFIED OSCILLATOR POTENTIAL


 PARITY=-   EPS= 0.350   GAMMA=  0.0   EPS4=0.000   EPS6=0.000   LEVELS:  26  27  28  29  30  31  32  33  34  35  36  37  38  39  40

 PAIRING FACTORS: GN0= 19.20  GN1=  7.40  IPAIR= 15 ***  E2PLUS(INPUT)=   0.730  E2PLUR(INPUT)=   0.000

 CORIOLIS ATTENUATION PARAMETERS:  CHSI=1.000  ETA=  1.00

 MOMENT OF INERTIA PARAMETERS:   A1=  0.122 MEV   A2=  0.122 MEV   A3=121.91923 MEV


 DELTA=0.897 MEV  LAMBDA=53.3759 MEV   HW0= 7.5229 MEV   LAMBDA/HW0= 7.0951

 E2ENERGY=0.730 MEV  HBAR**2/B=22714./A**(7/3)=3839.7/A**2 MEV

 IREC=0  =>  RECOIL TERMS j+j-, j+j+, jzjz, ETC TREATED AS ONE-BODY OPERATORS WITH UU+VV PAIRING FACTORS



 S. P. LEVEL   EQP       U     V        (UU + VV)**1.00

     26       3.061    0.148 0.989      1.000 0.999 0.997 0.976 0.967 0.949 0.824 0.677 0.618 0.349 0.348 0.311 0.295 0.269 0.256
     27       2.502    0.182 0.983      0.999 1.000 0.999 0.983 0.976 0.959 0.843 0.702 0.645 0.382 0.380 0.343 0.328 0.302 0.290
     28       2.091    0.220 0.976      0.997 0.999 1.000 0.990 0.983 0.970 0.863 0.729 0.674 0.417 0.415 0.379 0.364 0.338 0.326
     29       1.342    0.358 0.934      0.976 0.983 0.990 1.000 0.999 0.995 0.927 0.820 0.773 0.543 0.542 0.508 0.494 0.470 0.459
     30       1.239    0.394 0.919      0.967 0.976 0.983 0.999 1.000 0.998 0.941 0.841 0.797 0.575 0.574 0.541 0.528 0.504 0.493
     31       1.112    0.452 0.892      0.949 0.959 0.970 0.995 0.998 1.000 0.961 0.874 0.834 0.627 0.625 0.594 0.581 0.558 0.548
     32       0.899    0.682 0.731      0.824 0.843 0.863 0.927 0.941 0.961 1.000 0.975 0.955 0.818 0.818 0.794 0.784 0.767 0.759
     33       0.966    0.828 0.561      0.677 0.702 0.729 0.820 0.841 0.874 0.975 1.000 0.997 0.926 0.926 0.910 0.903 0.891 0.885
     34       1.043    0.869 0.495      0.618 0.645 0.674 0.773 0.797 0.834 0.955 0.997 1.000 0.952 0.952 0.939 0.933 0.923 0.918
     35       2.217    0.978 0.207      0.349 0.382 0.417 0.543 0.575 0.627 0.818 0.926 0.952 1.000 1.000 0.999 0.998 0.996 0.995
     36       2.232    0.979 0.205      0.348 0.380 0.415 0.542 0.574 0.625 0.818 0.926 0.952 1.000 1.000 0.999 0.998 0.997 0.995
     37       2.733    0.986 0.166      0.311 0.343 0.379 0.508 0.541 0.594 0.794 0.910 0.939 0.999 0.999 1.000 1.000 0.999 0.998
     38       3.015    0.989 0.150      0.295 0.328 0.364 0.494 0.528 0.581 0.784 0.903 0.933 0.998 0.998 1.000 1.000 1.000 0.999
     39       3.675    0.992 0.123      0.269 0.302 0.338 0.470 0.504 0.558 0.767 0.891 0.923 0.996 0.997 0.999 1.000 1.000 1.000
     40       4.086    0.994 0.110      0.256 0.290 0.326 0.459 0.493 0.548 0.759 0.885 0.918 0.995 0.995 0.998 0.999 1.000 1.000

  R CORE   ENERGY   A0R/A00=1.000    R3= 0     2  
   2( 1)    0.732                    1.000 0.000
   2( 2)  487.921                    0.000 1.000

  R CORE   ENERGY   A0R/A00=1.000    R3= 0     2  
   3( 1)  488.652                    0.000 1.000

  R CORE   ENERGY   A0R/A00=1.000    R3= 0     2     4  
   4( 1)    2.438                    1.000 0.000 0.000

  R CORE   ENERGY   A0R/A00=1.000    R3= 0     2     4  
   5( 1)  490.847                    0.000 1.000 0.000

  R CORE   ENERGY   A0R/A00=1.000    R3= 0     2     4     6  
   6( 1)    5.121                    1.000 0.000 0.000 0.000

  R CORE   ENERGY   A0R/A00=1.000    R3= 0     2     4     6  
   7( 1)  494.017                    0.000 1.000 0.000 0.000

          AXIAL SYMMETRY => K RESTRICTED TO OMEGA

                     K
     S.P. ORB#: 26  2.50
     S.P. ORB#: 27 -3.50
     S.P. ORB#: 28  0.50
     S.P. ORB#: 29 -1.50
     S.P. ORB#: 30  0.50
     S.P. ORB#: 31 -1.50
     S.P. ORB#: 32 -3.50
     S.P. ORB#: 33  2.50
     S.P. ORB#: 34  4.50
     S.P. ORB#: 35  0.50
     S.P. ORB#: 36 -3.50
     S.P. ORB#: 37 -1.50
     S.P. ORB#: 38  2.50
     S.P. ORB#: 39  0.50
     S.P. ORB#: 40  4.50
 

             ENERGY    K= OMEGA
 
 I=  1/2- (1)  2.500  30:-0.999
 
 I=  1/2- (2)  4.035  39:-0.999
 
 I=  1/2- (3)  5.594  28:-0.324
                      35: 0.946
 
 I=  1/2- (4)  8.809  28: 0.946
                      35: 0.324
 
 I=  1/2- (5)147.416  31:-1.000

             ENERGY    K= OMEGA
 
 I=  3/2- (1)  2.383  30:-0.408
                      31: 0.912
 
 I=  3/2- (2)  2.678  30: 0.831
                      31: 0.374
                      37: 0.381
                      39:-0.154
 
 I=  3/2- (3)  3.465  30: 0.351
                      31: 0.139
                      37:-0.924
                      39:-0.056
 
 I=  3/2- (4)  4.741  30: 0.138
                      31: 0.093
                      39: 0.986
 
 I=  3/2- (5)  4.869  28: 0.541
                      29: 0.211
                      35:-0.814

             ENERGY    K= OMEGA
 
 I=  5/2- (1)  2.734  30: 0.409
                      31: 0.827
                      37:-0.115
                      38:-0.323
                      39: 0.174
 
 I=  5/2- (2)  3.376  26:-0.062
                      30: 0.719
                      31:-0.401
                      37:-0.557
                      38: 0.085
 
 I=  5/2- (3)  3.745  26:-0.051
                      30:-0.307
                      31:-0.190
                      37:-0.387
                      38:-0.830
                      39:-0.167
 
 I=  5/2- (4)  4.353  26: 0.093
                      30: 0.418
                      31:-0.322
                      37: 0.698
                      38:-0.446
                      39: 0.166
 
 I=  5/2- (5)  4.845  26: 0.950
                      37:-0.066
                      39:-0.302

             ENERGY    K= OMEGA
 
 I=  7/2- (1)  1.722  26:-0.183
                      32: 0.981
 
 I=  7/2- (2)  3.357  30:-0.516
                      31: 0.720
                      37:-0.241
                      38: 0.394
 
 I=  7/2- (3)  3.692  28:-0.690
                      29:-0.585
                      33:-0.391
                      36:-0.171
 
 I=  7/2- (4)  3.904  26: 0.063
                      30:-0.666
                      31:-0.506
                      37:-0.441
                      38:-0.207
                      39: 0.241
 
 I=  7/2- (5)  4.352  26:-0.208
                      27:-0.921
                      30:-0.121
                      31: 0.128
                      37: 0.124
                      38:-0.248

             ENERGY    K= OMEGA
 
 I=  9/2- (1)  1.953  26:-0.080
                      27: 0.178
                      32:-0.278
                      34:-0.941
 
 I=  9/2- (2)  2.713  26: 0.249
                      27: 0.092
                      32: 0.922
                      34:-0.277
 
 I=  9/2- (3)  4.140  30: 0.445
                      31: 0.724
                      37:-0.221
                      38:-0.411
                      39: 0.238
 
 I=  9/2- (4)  4.412  28:-0.190
                      29: 0.494
                      33:-0.643
                      36: 0.503
                      40:-0.230
 
 I=  9/2- (5)  5.214  26:-0.113
                      27: 0.074
                      30: 0.585
                      31:-0.465
                      32: 0.056
                      37:-0.634
                      38: 0.130

             ENERGY    K= OMEGA
 
 I= 11/2- (1)  2.972  28:-0.630
                      29:-0.563
                      33:-0.435
                      35:-0.058
                      36:-0.280
                      40:-0.124
 
 I= 11/2- (2)  3.064  26: 0.133
                      27: 0.241
                      32:-0.375
                      34: 0.885
 
 I= 11/2- (3)  3.935  26:-0.290
                      27: 0.137
                      31: 0.052
                      32: 0.866
                      34: 0.375
                      38: 0.061
 
 I= 11/2- (4)  5.281  30:-0.537
                      31: 0.639
                      32:-0.054
                      37:-0.327
                      38: 0.437
 
 I= 11/2- (5)  5.780  28:-0.503
                      29:-0.148
                      33: 0.398
                      36: 0.621
                      40: 0.425

             ENERGY    K= OMEGA
 
 I= 13/2- (1)  4.395  26:-0.180
                      27: 0.282
                      32:-0.436
                      34:-0.835
 
 I= 13/2- (2)  4.425  28: 0.165
                      29:-0.440
                      33: 0.611
                      36:-0.555
                      40: 0.312
 
 I= 13/2- (3)  5.390  26: 0.317
                      27: 0.177
                      31: 0.076
                      32: 0.816
                      34:-0.436
                      38:-0.080
 
 I= 13/2- (4)  6.503  30: 0.456
                      31: 0.673
                      32:-0.086
                      37:-0.264
                      38:-0.425
                      39: 0.279
 
 I= 13/2- (5)  8.025  26: 0.118
                      27:-0.076
                      30:-0.506
                      31: 0.479
                      32:-0.098
                      37: 0.676
                      38:-0.120
                      39: 0.119

             ENERGY     K= 9/2
  35 LEVELS    TIME=  0.0 SEC



 ******************* EXCITATION ENERGIES, DOMINANT CONFIGURATION AND EXPECTATION VALUES (WITH S.P. UU+VV FACTORS) *******************

  NR  Eex(keV)  I   Kdom  NY    <Jz>  <Jx**2> <Jy**2> <Jz**2> <I.j>/|I|  <Rx**2> <Ry**2> <Rz**2> <R.j>/|R|  <HROTx> <HROTy> <HROTz>

   1    0.0   7/2-  -7/2  32   -3.29    2.31    2.31   12.04    3.31       3.06    3.06    0.00   -1.42      0.373   0.373   0.000
   2  230.6   9/2-   9/2  34    3.61    2.52    2.52   19.29    4.22       3.54    3.54    0.00   -1.25      0.431   0.431   0.000
   3  660.5   3/2-  -3/2  31   -1.16    4.81    4.81    1.91    1.31       5.11    5.11    0.00   -2.82      0.623   0.623   0.000
   4  777.6   1/2-   1/2  30    0.50    4.80    4.80    0.25    0.17       5.15    5.15    0.00   -3.02      0.628   0.628   0.000
   5  955.3   3/2-   1/2  30   -0.07    4.12    4.12    0.82    0.81       4.85    4.85    0.00   -2.41      0.591   0.591   0.000
  
   6  990.5   9/2-  -7/2  32   -2.50    2.39    2.39   12.46    2.86       6.77    6.77    0.00   -0.82      0.825   0.825   0.000
   7 1011.2   5/2-  -3/2  31   -0.68    4.45    4.45    2.28    1.56       5.33    5.33    0.00   -2.00      0.650   0.650   0.000
   8 1250.0  11/2-   1/2  28   -0.01   23.87   23.87    3.27    6.37       5.29    5.29    0.00   -3.97      0.645   0.645   0.000
   9 1341.3  11/2-   9/2  34    2.87    2.72    2.72   18.41    3.67       7.88    7.88    0.00   -0.48      0.960   0.960   0.000
  10 1634.9   7/2-  -3/2  31   -0.35    4.29    4.29    2.36    1.48       7.47    7.47    0.00   -1.31      0.910   0.910   0.000
  
  11 1653.9   5/2-   1/2  30   -0.42    3.67    3.67    1.26    0.61       6.86    6.86    0.00   -1.83      0.837   0.837   0.000
  12 1743.1   3/2-  -3/2  37   -1.25    2.30    2.30    2.00    0.67       3.87    3.87    0.00   -1.90      0.472   0.472   0.000
  13 1969.3   7/2-   1/2  28    0.00   23.55   23.55    2.20    6.10       8.30    8.30    0.00   -6.15      1.012   1.012   0.000
  14 2022.6   5/2-   5/2  38    1.51    2.15    2.15    4.77    1.64       4.06    4.06    0.00   -1.48      0.495   0.495   0.000
  15 2182.0   7/2-   1/2  30   -0.31    3.66    3.66    1.44    0.83       8.95    8.95    0.00   -1.29      1.092   1.092   0.000
  
  16 2212.6  11/2-  -7/2  32   -1.84    2.48    2.48   12.82    2.56      11.46   11.46    0.00   -0.52      1.398   1.398   0.000
  17 2312.2   1/2-   1/2  39    0.50    1.60    1.60    0.25    0.70       1.49    1.49   -0.00   -1.64      0.182   0.182  -0.000
  18 2417.2   9/2-  -3/2  31   -0.32    4.12    4.12    2.46    1.54      10.07   10.07    0.00   -0.68      1.227   1.227   0.000
  19 2629.8   7/2-  -7/2  27   -2.75    5.80    5.80   11.13    2.95       7.52    7.52    0.00   -2.84      0.916   0.916   0.000
  20 2630.9   5/2-  -3/2  37   -0.27    2.86    2.86    2.68    0.17       8.05    8.05    0.00   -1.96      0.982   0.982   0.000
  
  21 2672.7  13/2-   9/2  34    2.28    2.90    2.90   17.64    3.29      13.12   13.12   -0.00   -0.09      1.599   1.599  -0.000
  22 2689.3   9/2-   5/2  33    0.04   24.03   24.03    7.31    5.72      11.60   11.60    0.00   -5.59      1.414   1.414   0.000
  23 2702.1  13/2-   5/2  33    0.02   23.80   23.80    8.52    5.95      10.91   10.91    0.00   -3.13      1.331   1.331   0.000
  24 3018.1   3/2-   1/2  39    0.48    1.74    1.74    0.27   -0.46       4.65    4.65   -0.00   -1.53      0.567   0.567  -0.000
  25 3122.2   5/2-   5/2  26    2.30    5.61    5.61    5.68    1.93       7.10    7.10    0.00   -2.96      0.866   0.866   0.000
  
  26 3146.4   3/2-   1/2  35    0.41   13.51   13.51    0.34    2.26      11.19   11.19    0.00   -4.86      1.364   1.364   0.000
  27 3491.2   9/2-  -3/2  37   -0.71    3.30    3.30    1.77    0.58      13.69   13.69    0.00   -1.05      1.669   1.669   0.000
  28 3558.7  11/2-  -3/2  31   -0.16    4.06    4.06    2.50    1.41      14.74   14.74    0.00   -0.40      1.797   1.797   0.000
  29 3667.7  13/2-  -7/2  32   -1.33    2.57    2.57   13.06    2.34      17.14   17.14    0.00   -0.32      2.090   2.090   0.000
  30 3872.0   1/2-   1/2  35    0.50   12.30   12.30    0.25   -1.28      13.91   13.91    0.00   -4.92      1.695   1.695   0.000
  
  31 4057.8  11/2-  -7/2  36   -0.04   22.87   22.87    9.48    5.23      14.23   14.23   -0.00   -4.49      1.735   1.735  -0.000
  32 4780.6  13/2-  -3/2  31   -0.20    3.96    3.96    2.53    1.47      19.30   19.30    0.00   -0.02      2.353   2.353   0.000
  33 6302.4  13/2-  -3/2  37   -0.88    3.04    3.04    1.98    0.52      24.78   24.78    0.00   -0.63      3.021   3.021   0.000
  34 7086.1   1/2-   1/2  28    0.50   23.95   23.95    0.25   -3.52      27.50   27.50    0.00   -6.90      3.352   3.352   0.000
  35*******   1/2-  -3/2  31    0.00    0.00    0.00    0.00    0.00       0.00    0.00   -0.00   -0.00      0.000   0.000  -0.000
  
