1SPECTRUM OF (Z= 82 A=207) IN PARTICLE-ROTOR  MODEL WITH MODIFIED OSCILLATOR POTENTIAL


 PARITY=-   EPS= 0.345   GAMMA=  0.0   EPS4=0.000   EPS6=0.000   LEVELS:  26  27  28  29  30  31  32  33  34  35  36  37  38  39  40

 PAIRING FACTORS: GN0= 19.20  GN1=  7.40  IPAIR= 15 ***  E2PLUS(INPUT)=   0.730  E2PLUR(INPUT)=   0.000

 CORIOLIS ATTENUATION PARAMETERS:  CHSI=1.000  ETA=  1.00

 MOMENT OF INERTIA PARAMETERS:   A1=  0.122 MEV   A2=  0.122 MEV   A3=121.91922 MEV


 DELTA=0.903 MEV  LAMBDA=53.3617 MEV   HW0= 7.5195 MEV   LAMBDA/HW0= 7.0964

 E2ENERGY=0.730 MEV  HBAR**2/B=22069./A**(7/3)=3730.8/A**2 MEV

 IREC=0  =>  RECOIL TERMS j+j-, j+j+, jzjz, ETC TREATED AS ONE-BODY OPERATORS WITH UU+VV PAIRING FACTORS



 S. P. LEVEL   EQP       U     V        (UU + VV)**1.00

     26       3.091    0.148 0.989      1.000 0.999 0.996 0.970 0.969 0.951 0.845 0.653 0.642 0.345 0.340 0.315 0.299 0.271 0.256
     27       2.533    0.181 0.983      0.999 1.000 0.999 0.978 0.977 0.961 0.863 0.679 0.668 0.377 0.372 0.347 0.331 0.304 0.289
     28       1.982    0.234 0.972      0.996 0.999 1.000 0.988 0.987 0.975 0.889 0.717 0.707 0.427 0.422 0.398 0.382 0.355 0.341
     29       1.274    0.384 0.924      0.970 0.978 0.988 1.000 1.000 0.998 0.950 0.818 0.809 0.563 0.559 0.536 0.522 0.497 0.484
     30       1.262    0.388 0.922      0.969 0.977 0.987 1.000 1.000 0.998 0.951 0.821 0.812 0.567 0.563 0.541 0.526 0.501 0.488
     31       1.133    0.445 0.896      0.951 0.961 0.975 0.998 0.998 1.000 0.969 0.855 0.847 0.617 0.613 0.592 0.578 0.554 0.541
     32       0.912    0.653 0.757      0.845 0.863 0.889 0.950 0.951 0.969 1.000 0.957 0.952 0.793 0.790 0.774 0.763 0.743 0.733
     33       0.999    0.845 0.534      0.653 0.679 0.717 0.818 0.821 0.855 0.957 1.000 1.000 0.936 0.934 0.924 0.918 0.906 0.899
     34       1.013    0.853 0.522      0.642 0.668 0.707 0.809 0.812 0.847 0.952 1.000 1.000 0.941 0.939 0.930 0.923 0.912 0.906
     35       2.269    0.979 0.203      0.345 0.377 0.427 0.563 0.567 0.617 0.793 0.936 0.941 1.000 1.000 0.999 0.999 0.997 0.996
     36       2.326    0.980 0.198      0.340 0.372 0.422 0.559 0.563 0.613 0.790 0.934 0.939 1.000 1.000 1.000 0.999 0.997 0.996
     37       2.670    0.985 0.172      0.315 0.347 0.398 0.536 0.541 0.592 0.774 0.924 0.930 0.999 1.000 1.000 1.000 0.999 0.998
     38       2.951    0.988 0.155      0.299 0.331 0.382 0.522 0.526 0.578 0.763 0.918 0.923 0.999 0.999 1.000 1.000 1.000 0.999
     39       3.610    0.992 0.126      0.271 0.304 0.355 0.497 0.501 0.554 0.743 0.906 0.912 0.997 0.997 0.999 1.000 1.000 1.000
     40       4.091    0.994 0.111      0.256 0.289 0.341 0.484 0.488 0.541 0.733 0.899 0.906 0.996 0.996 0.998 0.999 1.000 1.000

  R CORE   ENERGY   A0R/A00=1.000    R3= 0     2  
   2( 1)    0.732                    1.000 0.000
   2( 2)  487.921                    0.000 1.000

  R CORE   ENERGY   A0R/A00=1.000    R3= 0     2  
   3( 1)  488.652                    0.000 1.000

  R CORE   ENERGY   A0R/A00=1.000    R3= 0     2     4  
   4( 1)    2.438                    1.000 0.000 0.000

  R CORE   ENERGY   A0R/A00=1.000    R3= 0     2     4  
   5( 1)  490.847                    0.000 1.000 0.000

  R CORE   ENERGY   A0R/A00=1.000    R3= 0     2     4     6  
   6( 1)    5.121                    1.000 0.000 0.000 0.000

  R CORE   ENERGY   A0R/A00=1.000    R3= 0     2     4     6  
   7( 1)  494.017                    0.000 1.000 0.000 0.000

          AXIAL SYMMETRY => K RESTRICTED TO OMEGA

                     K
     S.P. ORB#: 26  2.50
     S.P. ORB#: 27 -3.50
     S.P. ORB#: 28  0.50
     S.P. ORB#: 29 -1.50
     S.P. ORB#: 30  0.50
     S.P. ORB#: 31 -1.50
     S.P. ORB#: 32 -3.50
     S.P. ORB#: 33  2.50
     S.P. ORB#: 34  4.50
     S.P. ORB#: 35 -3.50
     S.P. ORB#: 36  0.50
     S.P. ORB#: 37 -1.50
     S.P. ORB#: 38  2.50
     S.P. ORB#: 39  0.50
     S.P. ORB#: 40  4.50
 

             ENERGY    K= OMEGA
 
 I=  1/2- (1)  2.517  30: 0.999
 
 I=  1/2- (2)  3.967  39:-0.999
 
 I=  1/2- (3)  5.692  28:-0.343
                      36: 0.939
 
 I=  1/2- (4)  8.778  28: 0.939
                      36: 0.343
 
 I=  1/2- (5)147.436  31: 1.000

             ENERGY    K= OMEGA
 
 I=  3/2- (1)  2.398  30: 0.406
                      31:-0.913
 
 I=  3/2- (2)  2.682  30:-0.817
                      31:-0.365
                      37:-0.417
                      39: 0.157
 
 I=  3/2- (3)  3.414  30: 0.383
                      31: 0.152
                      37:-0.909
                      39:-0.067
 
 I=  3/2- (4)  4.676  30:-0.144
                      31:-0.097
                      39:-0.985
 
 I=  3/2- (5)  4.894  28: 0.593
                      29: 0.249
                      36:-0.765

             ENERGY    K= OMEGA
 
 I=  5/2- (1)  2.738  30: 0.407
                      31: 0.818
                      37:-0.126
                      38:-0.344
                      39: 0.177
 
 I=  5/2- (2)  3.366  26:-0.063
                      30: 0.688
                      31:-0.404
                      37:-0.596
                      38: 0.072
 
 I=  5/2- (3)  3.689  30:-0.337
                      31:-0.197
                      37:-0.354
                      38:-0.831
                      39:-0.174
 
 I=  5/2- (4)  4.313  26: 0.079
                      30: 0.443
                      31:-0.338
                      37: 0.683
                      38:-0.432
                      39: 0.175
 
 I=  5/2- (5)  4.846  26: 0.612
                      30: 0.168
                      31: 0.079
                      37: 0.065
                      39:-0.766

             ENERGY    K= OMEGA
 
 I=  7/2- (1)  1.729  26:-0.186
                      32: 0.981
 
 I=  7/2- (2)  3.357  30:-0.509
                      31: 0.710
                      37:-0.254
                      38: 0.413
 
 I=  7/2- (3)  3.639  28: 0.698
                      29: 0.584
                      33: 0.380
                      35: 0.165
 
 I=  7/2- (4)  3.903  26: 0.062
                      30:-0.652
                      31:-0.504
                      37:-0.461
                      38:-0.212
                      39: 0.243
 
 I=  7/2- (5)  4.370  26:-0.208
                      27:-0.887
                      30:-0.157
                      31: 0.162
                      37: 0.158
                      38:-0.306

             ENERGY    K= OMEGA
 
 I=  9/2- (1)  1.919  26: 0.078
                      27:-0.181
                      32: 0.266
                      34: 0.943
 
 I=  9/2- (2)  2.710  26: 0.254
                      27: 0.092
                      32: 0.924
                      34:-0.264
 
 I=  9/2- (3)  4.136  30: 0.442
                      31: 0.714
                      37:-0.233
                      38:-0.425
                      39: 0.238
 
 I=  9/2- (4)  4.405  28: 0.192
                      29:-0.498
                      33: 0.642
                      35:-0.501
                      40: 0.228
 
 I=  9/2- (5)  5.197  26:-0.111
                      27: 0.070
                      30: 0.556
                      31:-0.468
                      32: 0.057
                      37:-0.658
                      38: 0.119
                      39:-0.059

             ENERGY    K= OMEGA
 
 I= 11/2- (1)  2.916  28:-0.637
                      29:-0.564
                      33:-0.428
                      35:-0.274
                      36:-0.057
                      40:-0.121
 
 I= 11/2- (2)  3.025  26:-0.131
                      27:-0.246
                      32: 0.362
                      34:-0.889
 
 I= 11/2- (3)  3.922  26:-0.296
                      27: 0.135
                      31: 0.051
                      32: 0.870
                      34: 0.361
                      38: 0.060
 
 I= 11/2- (4)  5.275  30: 0.530
                      31:-0.630
                      32: 0.051
                      37: 0.338
                      38:-0.450
 
 I= 11/2- (5)  5.755  28: 0.499
                      29: 0.140
                      33:-0.407
                      35:-0.622
                      40:-0.423

             ENERGY    K= OMEGA
 
 I= 13/2- (1)  4.350  26: 0.178
                      27:-0.288
                      32: 0.423
                      34: 0.840
 
 I= 13/2- (2)  4.403  28:-0.166
                      29: 0.441
                      33:-0.611
                      35: 0.554
                      40:-0.311
 
 I= 13/2- (3)  5.368  26: 0.324
                      27: 0.175
                      31: 0.074
                      32: 0.821
                      34:-0.423
                      38:-0.078
 
 I= 13/2- (4)  6.495  30: 0.453
                      31: 0.665
                      32:-0.081
                      37:-0.273
                      38:-0.435
                      39: 0.279
 
 I= 13/2- (5)  8.005  26: 0.115
                      27:-0.074
                      30:-0.477
                      31: 0.480
                      32:-0.098
                      37: 0.695
                      38:-0.103
                      39: 0.143

             ENERGY     K= 9/2
  35 LEVELS    TIME=  0.0 SEC



 ******************* EXCITATION ENERGIES, DOMINANT CONFIGURATION AND EXPECTATION VALUES (WITH S.P. UU+VV FACTORS) *******************

  NR  Eex(keV)  I   Kdom  NY    <Jz>  <Jx**2> <Jy**2> <Jz**2> <I.j>/|I|  <Rx**2> <Ry**2> <Rz**2> <R.j>/|R|  <HROTx> <HROTy> <HROTz>

   1    0.0   7/2-  -7/2  32   -3.29    2.31    2.31   12.03    3.32       3.02    3.02   -0.00   -1.41      0.368   0.368  -0.000
   2  190.1   9/2-   9/2  34    3.66    2.52    2.52   19.33    4.24       3.49    3.49    0.00   -1.25      0.425   0.425   0.000
   3  669.3   3/2-  -3/2  31   -1.17    4.79    4.79    1.92    1.31       5.09    5.09    0.00   -2.81      0.621   0.621   0.000
   4  787.8   1/2-   1/2  30    0.50    4.78    4.78    0.25    0.17       5.13    5.13    0.00   -3.02      0.626   0.626   0.000
   5  953.3   3/2-   1/2  30   -0.12    4.00    4.00    0.87    0.86       4.66    4.66    0.00   -2.37      0.568   0.568   0.000
  
   6  980.8   9/2-  -7/2  32   -2.54    2.40    2.40   12.40    2.87       6.69    6.69   -0.00   -0.80      0.816   0.816  -0.000
   7 1009.1   5/2-  -3/2  31   -0.63    4.39    4.39    2.33    1.60       5.19    5.19    0.00   -1.98      0.633   0.633   0.000
   8 1187.2  11/2-   1/2  28   -0.01   23.99   23.99    3.18    6.39       5.27    5.27   -0.00   -4.00      0.643   0.643  -0.000
   9 1295.5  11/2-   9/2  34    2.93    2.73    2.73   18.47    3.69       7.78    7.78    0.00   -0.47      0.948   0.948   0.000
  10 1628.0   7/2-  -3/2  31   -0.30    4.22    4.22    2.43    1.51       7.30    7.30    0.00   -1.27      0.890   0.890   0.000
  
  11 1636.8   5/2-   1/2  30   -0.52    3.51    3.51    1.34    0.66       6.60    6.60    0.00   -1.76      0.804   0.804   0.000
  12 1684.4   3/2-  -3/2  37   -1.20    2.39    2.39    1.95    0.62       4.03    4.03    0.00   -1.94      0.491   0.491   0.000
  13 1910.2   7/2-   1/2  28   -0.00   23.66   23.66    2.12    6.11       8.34    8.34   -0.00   -6.17      1.016   1.016  -0.000
  14 1960.4   5/2-   5/2  38    1.56    2.21    2.21    4.73    1.62       4.17    4.17    0.00   -1.51      0.508   0.508   0.000
  15 2174.1   7/2-   1/2  30   -0.34    3.58    3.58    1.49    0.85       8.83    8.83    0.00   -1.26      1.077   1.077   0.000
  
  16 2193.3  11/2-  -7/2  32   -1.90    2.48    2.48   12.72    2.57      11.35   11.35    0.00   -0.49      1.384   1.384   0.000
  17 2237.8   1/2-   1/2  39    0.50    1.59    1.59    0.25    0.70       1.48    1.48    0.00   -1.64      0.181   0.181   0.000
  18 2406.4   9/2-  -3/2  31   -0.28    4.06    4.06    2.51    1.56       9.94    9.94    0.00   -0.65      1.212   1.212   0.000
  19 2583.9   5/2-  -3/2  37   -0.27    2.94    2.94    2.57    0.12       8.25    8.25    0.00   -1.99      1.006   1.006   0.000
  20 2620.8  13/2-   9/2  34    2.34    2.91    2.91   17.71    3.32      12.97   12.97    0.00   -0.07      1.581   1.581   0.000
  
  21 2641.1   7/2-  -7/2  27   -2.48    5.57    5.57   10.62    2.83       7.54    7.54    0.00   -2.72      0.919   0.919   0.001
  22 2673.7  13/2-   5/2  33    0.01   23.87   23.87    8.50    5.97      10.80   10.80    0.00   -3.13      1.317   1.317   0.000
  23 2675.6   9/2-   5/2  33    0.03   24.10   24.10    7.27    5.74      11.57   11.57    0.00   -5.60      1.410   1.410   0.000
  24 2946.7   3/2-   1/2  39    0.48    1.75    1.75    0.27   -0.47       4.67    4.67    0.00   -1.53      0.569   0.569   0.000
  25 3117.2   5/2-   1/2  39    1.23    3.32    3.32    2.52    0.93       6.22    6.22    0.00   -1.82      0.758   0.758   0.000
  
  26 3164.9   3/2-   1/2  36    0.38   14.20   14.20    0.37    2.56      11.30   11.30    0.00   -5.01      1.377   1.377   0.000
  27 3468.0   9/2-  -3/2  37   -0.78    3.18    3.18    1.81    0.59      13.51   13.51    0.00   -1.00      1.647   1.647   0.000
  28 3545.8  11/2-  -3/2  31   -0.13    3.99    3.99    2.56    1.43      14.60   14.60    0.00   -0.37      1.780   1.780   0.000
  29 3639.3  13/2-  -7/2  32   -1.39    2.57    2.57   12.95    2.35      17.00   17.00    0.00   -0.29      2.072   2.072   0.000
  30 3963.2   1/2-   1/2  36    0.50   12.31   12.31    0.25   -1.34      13.97   13.97    0.00   -4.92      1.703   1.703   0.000
  
  31 4025.4  11/2-  -7/2  35   -0.04   22.95   22.95    9.50    5.25      14.19   14.19   -0.00   -4.51      1.730   1.730  -0.000
  32 4766.3  13/2-  -3/2  31   -0.17    3.91    3.91    2.55    1.48      19.21   19.21    0.00   -0.00      2.342   2.342   0.000
  33 6275.9  13/2-  -3/2  37   -0.94    2.93    2.93    2.01    0.53      24.61   24.61    0.00   -0.59      3.000   3.000   0.000
  34 7049.2   1/2-   1/2  28    0.50   24.15   24.15    0.25   -3.53      27.71   27.71    0.00   -6.93      3.378   3.378   0.000
  35*******   1/2-  -3/2  31    0.00    0.00    0.00    0.00    0.00       0.00    0.00    0.00   -0.00      0.000   0.000   0.000
  
