1SPECTRUM OF (Z= 82 A=207) IN PARTICLE-ROTOR  MODEL WITH MODIFIED OSCILLATOR POTENTIAL


 PARITY=-   EPS= 0.482   GAMMA=  0.0   EPS4=0.000   EPS6=0.000   LEVELS:  26  27  28  29  30  31  32  33  34  35  36  37  38  39  40

 PAIRING FACTORS: GN0= 19.20  GN1=  7.40  IPAIR= 15 ***  E2PLUS(INPUT)=   0.730  E2PLUR(INPUT)=   0.000

 CORIOLIS ATTENUATION PARAMETERS:  CHSI=1.000  ETA=  1.00

 MOMENT OF INERTIA PARAMETERS:   A1=  0.122 MEV   A2=  0.122 MEV   A3=121.91922 MEV


 DELTA=0.848 MEV  LAMBDA=53.4435 MEV   HW0= 7.6357 MEV   LAMBDA/HW0= 6.9992

 E2ENERGY=0.730 MEV  HBAR**2/B=43077./A**(7/3)=7282.1/A**2 MEV

 IREC=0  =>  RECOIL TERMS j+j-, j+j+, jzjz, ETC TREATED AS ONE-BODY OPERATORS WITH UU+VV PAIRING FACTORS



 S. P. LEVEL   EQP       U     V        (UU + VV)**1.00

     26       3.443    0.124 0.992      1.000 0.997 0.994 0.980 0.977 0.956 0.652 0.580 0.376 0.333 0.296 0.285 0.263 0.219 0.212
     27       2.127    0.204 0.979      0.997 1.000 0.999 0.993 0.991 0.977 0.711 0.644 0.450 0.407 0.372 0.361 0.340 0.297 0.290
     28       1.850    0.236 0.972      0.994 0.999 1.000 0.996 0.995 0.983 0.734 0.669 0.479 0.437 0.402 0.392 0.371 0.328 0.321
     29       1.403    0.319 0.948      0.980 0.993 0.996 1.000 1.000 0.995 0.790 0.731 0.553 0.513 0.480 0.470 0.450 0.409 0.402
     30       1.348    0.334 0.943      0.977 0.991 0.995 1.000 1.000 0.997 0.799 0.741 0.566 0.527 0.494 0.484 0.464 0.423 0.416
     31       1.135    0.410 0.912      0.956 0.977 0.983 0.995 0.997 1.000 0.846 0.794 0.632 0.595 0.563 0.554 0.535 0.496 0.489
     32       0.921    0.834 0.552      0.652 0.711 0.734 0.790 0.799 0.846 1.000 0.996 0.948 0.932 0.917 0.913 0.903 0.883 0.879
     33       1.015    0.880 0.475      0.580 0.644 0.669 0.731 0.741 0.794 0.996 1.000 0.973 0.961 0.950 0.946 0.938 0.922 0.919
     34       1.699    0.966 0.258      0.376 0.450 0.479 0.553 0.566 0.632 0.948 0.973 1.000 0.999 0.996 0.995 0.993 0.986 0.985
     35       2.039    0.977 0.213      0.333 0.407 0.437 0.513 0.527 0.595 0.932 0.961 0.999 1.000 0.999 0.999 0.997 0.993 0.992
     36       2.460    0.985 0.175      0.296 0.372 0.402 0.480 0.494 0.563 0.917 0.950 0.996 0.999 1.000 1.000 0.999 0.997 0.996
     37       2.625    0.986 0.164      0.285 0.361 0.392 0.470 0.484 0.554 0.913 0.946 0.995 0.999 1.000 1.000 1.000 0.998 0.997
     38       3.027    0.990 0.142      0.263 0.340 0.371 0.450 0.464 0.535 0.903 0.938 0.993 0.997 0.999 1.000 1.000 0.999 0.999
     39       4.433    0.995 0.096      0.219 0.297 0.328 0.409 0.423 0.496 0.883 0.922 0.986 0.993 0.997 0.998 0.999 1.000 1.000
     40       4.801    0.996 0.089      0.212 0.290 0.321 0.402 0.416 0.489 0.879 0.919 0.985 0.992 0.996 0.997 0.999 1.000 1.000

  R CORE   ENERGY   A0R/A00=1.000    R3= 0     2  
   2( 1)    0.732                    1.000 0.000
   2( 2)  487.921                    0.000 1.000

  R CORE   ENERGY   A0R/A00=1.000    R3= 0     2  
   3( 1)  488.652                    0.000 1.000

  R CORE   ENERGY   A0R/A00=1.000    R3= 0     2     4  
   4( 1)    2.438                    1.000 0.000 0.000

  R CORE   ENERGY   A0R/A00=1.000    R3= 0     2     4  
   5( 1)  490.847                    0.000 1.000 0.000

  R CORE   ENERGY   A0R/A00=1.000    R3= 0     2     4     6  
   6( 1)    5.121                    1.000 0.000 0.000 0.000

  R CORE   ENERGY   A0R/A00=1.000    R3= 0     2     4     6  
   7( 1)  494.017                    0.000 1.000 0.000 0.000

          AXIAL SYMMETRY => K RESTRICTED TO OMEGA

                     K
     S.P. ORB#: 26 -1.50
     S.P. ORB#: 27 -5.50
     S.P. ORB#: 28  2.50
     S.P. ORB#: 29  2.50
     S.P. ORB#: 30 -3.50
     S.P. ORB#: 31  0.50
     S.P. ORB#: 32  0.50
     S.P. ORB#: 33 -1.50
     S.P. ORB#: 34 -3.50
     S.P. ORB#: 35  0.50
     S.P. ORB#: 36 -3.50
     S.P. ORB#: 37 -1.50
     S.P. ORB#: 38  4.50
     S.P. ORB#: 39  4.50
     S.P. ORB#: 40 -1.50
 

             ENERGY    K= OMEGA
 
 I=  1/2- (1)  2.310  32:-1.000
 
 I=  1/2- (2)  4.354  31: 0.922
                      35:-0.388
 
 I=  1/2- (3)  6.334  31: 0.388
                      35: 0.922
 
 I=  1/2- (4)147.318  33:-1.000
 
 I=  1/2- (5)148.928  37: 1.000

             ENERGY    K= OMEGA
 
 I=  3/2- (1)  2.345  32:-0.663
                      33: 0.749
 
 I=  3/2- (2)  2.651  32: 0.749
                      33: 0.663

             ENERGY    K= OMEGA
 
 I=  5/2- (1)  2.943  28:-0.103
                      32:-0.481
                      33:-0.871
 
 I=  5/2- (2)  3.520  28: 0.268
                      32:-0.857
                      33: 0.441
 
 I=  5/2- (3)  3.677  28: 0.958
                      32: 0.188
                      33:-0.217
 
 I=  5/2- (4)  4.506  26:-0.109
                      29: 0.074
                      31: 0.761
                      35:-0.560
                      37:-0.224
                      40: 0.198
 
 I=  5/2- (5)  6.285  26:-0.452
                      29: 0.783
                      31: 0.147
                      35: 0.354
                      37:-0.066
                      40:-0.179

             ENERGY    K= OMEGA
 
 I=  7/2- (1)  3.277  28:-0.060
                      30:-0.939
                      36:-0.337
 
 I=  7/2- (2)  3.328  28:-0.336
                      30:-0.294
                      32:-0.068
                      33: 0.109
                      36: 0.885
 
 I=  7/2- (3)  3.564  30:-0.066
                      32: 0.732
                      33:-0.666
                      36: 0.127
 
 I=  7/2- (4)  4.231  28: 0.180
                      32:-0.673
                      33:-0.710
                      36: 0.088
 
 I=  7/2- (5)  4.686  28:-0.922
                      30: 0.157
                      32:-0.084
                      33:-0.200
                      36:-0.280

             ENERGY    K= OMEGA
 
 I=  9/2- (1)  3.697  28:-0.166
                      30: 0.579
                      36:-0.239
                      38:-0.761
 
 I=  9/2- (2)  4.334  28: 0.316
                      30: 0.320
                      33: 0.101
                      36: 0.880
                      38:-0.106
 
 I=  9/2- (3)  4.704  28:-0.274
                      30: 0.553
                      32:-0.307
                      33:-0.533
                      38: 0.490
 
 I=  9/2- (4)  4.795  28: 0.141
                      30:-0.446
                      32:-0.425
                      33:-0.647
                      36: 0.157
                      38:-0.397
 
 I=  9/2- (5)  5.142  26:-0.313
                      29: 0.402
                      31: 0.575
                      34:-0.295
                      35:-0.456
                      37:-0.223
                      39: 0.144
                      40: 0.209

             ENERGY    K= OMEGA
 
 I= 11/2- (1)  3.466  27:-0.999
 
 I= 11/2- (2)  4.746  28: 0.205
                      30: 0.597
                      36:-0.282
                      38: 0.721
 
 I= 11/2- (3)  5.123  26: 0.399
                      29: 0.520
                      31: 0.479
                      34: 0.406
                      35: 0.270
                      37: 0.178
                      39: 0.230
                      40: 0.139
 
 I= 11/2- (4)  5.589  28:-0.369
                      30: 0.306
                      32:-0.186
                      33: 0.221
                      36: 0.809
                      38: 0.180
 
 I= 11/2- (5)  5.770  30:-0.124
                      32:-0.728
                      33: 0.611
                      36:-0.284

             ENERGY    K= OMEGA
 
 I= 13/2- (1)  5.049  27: 0.998
                      38:-0.056
 
 I= 13/2- (2)  5.864  26:-0.392
                      29: 0.580
                      31: 0.225
                      34:-0.559
                      35:-0.076
                      37:-0.113
                      39: 0.357
 
 I= 13/2- (3)  6.071  27: 0.059
                      28: 0.233
                      30:-0.601
                      36: 0.308
                      38: 0.697
 
 I= 13/2- (4)  6.988  29:-0.087
                      31: 0.534
                      34: 0.195
                      35:-0.670
                      37:-0.207
                      39:-0.149
                      40: 0.393
 
 I= 13/2- (5)  7.098  28:-0.406
                      30:-0.323
                      32:-0.075
                      33:-0.171
                      36:-0.804
                      38: 0.222

             ENERGY     K=-3/2
  32 LEVELS    TIME=  0.0 SEC



 ******************* EXCITATION ENERGIES, DOMINANT CONFIGURATION AND EXPECTATION VALUES (WITH S.P. UU+VV FACTORS) *******************

  NR  Eex(keV)  I   Kdom  NY    <Jz>  <Jx**2> <Jy**2> <Jz**2> <I.j>/|I|  <Rx**2> <Ry**2> <Rz**2> <R.j>/|R|  <HROTx> <HROTy> <HROTz>

   1    0.0   1/2-   1/2  32    0.50    5.23    5.23    0.25    0.04       5.70    5.70   -0.00   -3.16      0.695   0.695  -0.000
   2   34.9   3/2-  -3/2  33   -0.62    5.24    5.24    1.37    1.13       5.62    5.62    0.00   -2.89      0.686   0.686   0.000
   3  340.8   3/2-   1/2  32   -0.38    5.24    5.24    1.13    0.39       6.93    6.93    0.00   -2.92      0.844   0.844   0.000
   4  632.3   5/2-  -3/2  33   -1.00    5.26    5.26    1.83    0.88       7.96    7.96    0.00   -2.45      0.970   0.970   0.000
   5  966.7   7/2-  -7/2  30   -3.48    5.68    5.68   12.22    3.09       7.41    7.41    0.00   -2.94      0.903   0.903   0.006
  
   6 1017.8   7/2-  -7/2  36   -2.78    3.26    3.26   11.40    3.15       4.32    4.32   -0.00   -1.84      0.526   0.526  -0.004
   7 1156.3  11/2- -11/2  27   -5.49    2.75    2.75   30.24    5.06       5.49    5.49    0.00   -1.65      0.669   0.669   0.000
   8 1209.3   5/2-   1/2  32    0.25    5.30    5.30    1.07   -0.03      10.31   10.31    0.00   -2.59      1.257   1.257   0.000
   9 1253.9   7/2-   1/2  32   -0.47    5.20    5.20    1.39    0.81      10.56   10.56   -0.00   -1.87      1.287   1.287  -0.000
  10 1367.2   5/2-   5/2  28    2.24    6.09    6.09    5.85    1.89       7.79    7.79    0.00   -3.15      0.950   0.950   0.000
  
  11 1386.5   9/2-   9/2  38    1.30    3.87    3.87   16.71    3.88       5.32    5.32   -0.00   -1.58      0.648   0.648  -0.002
  12 1921.2   7/2-  -3/2  33   -0.48    5.26    5.26    1.57    0.18      13.20   13.20   -0.00   -2.21      1.610   1.610  -0.000
  13 2023.9   9/2-  -7/2  36   -2.79    2.94    2.94   11.62    2.54       8.47    8.47    0.00   -1.18      1.032   1.032   0.005
  14 2043.8   1/2-   1/2  31    0.50   12.94   12.94    0.25    0.92      12.64   12.64    0.00   -5.04      1.542   1.542   0.000
  15 2195.5   5/2-   1/2  31    0.31   13.58   13.58    0.48    2.21      11.65   11.65    0.00   -4.37      1.420   1.420   0.000
  
  16 2375.9   7/2-   5/2  28    1.71    5.85    5.85    6.66    1.36      11.65   11.65   -0.00   -2.68      1.420   1.420  -0.001
  17 2393.4   9/2-  -7/2  30   -0.19    4.94    4.94    9.75    1.95      12.51   12.51    0.00   -1.99      1.525   1.525   0.000
  18 2436.2  11/2-   9/2  38    0.91    4.02    4.02   16.17    3.36       9.89    9.89   -0.00   -0.93      1.206   1.206  -0.003
  19 2485.2   9/2-  -3/2  33   -0.56    4.99    4.99    7.04    1.43      13.78   13.78   -0.00   -1.89      1.681   1.681  -0.001
  20 2738.3  13/2- -11/2  27   -5.47    2.75    2.75   30.20    4.33      11.97   11.97    0.00   -1.11      1.459   1.459   0.000
  
  21 2813.3  11/2-   5/2  29    0.17   20.54   20.54    5.32    4.74      12.70   12.70    0.00   -3.58      1.549   1.549   0.000
  22 2831.8   9/2-   1/2  31    0.18   17.00   17.00    3.06    3.58      13.11   13.11    0.00   -3.76      1.599   1.599   0.000
  23 3278.8  11/2-  -7/2  36   -2.19    3.28    3.28   10.79    2.09      14.05   14.05    0.00   -0.92      1.713   1.713   0.005
  24 3459.7  11/2-   1/2  32   -0.63    5.00    5.00    2.16    0.79      19.20   19.20    0.00   -1.19      2.341   2.341   0.001
  25 3553.7  13/2-   5/2  29    0.10   21.85   21.85    8.90    5.11      15.01   15.01    0.00   -3.09      1.830   1.830   0.000
  
  26 3760.4  13/2-   9/2  38    0.70    4.10    4.10   15.86    3.00      15.46   15.46   -0.00   -0.56      1.885   1.885  -0.003
  27 3974.6   5/2-   5/2  29    1.24   22.07   22.07    4.41    3.75      17.54   17.54   -0.00   -6.32      2.139   2.139  -0.000
  28 4023.7   1/2-   1/2  35    0.50   17.03   17.03    0.25   -0.74      18.17   18.17    0.00   -5.80      2.215   2.215   0.000
  29 4677.5  13/2-   1/2  35    0.06   14.89   14.89    1.59    2.97      19.35   19.35    0.00   -1.71      2.359   2.359   0.000
  30 4788.1  13/2-  -7/2  36   -2.03    3.29    3.29   11.29    1.90      20.02   20.02    0.00   -0.72      2.441   2.441   0.005
  
  31*******   1/2-  -3/2  33    0.00    0.00    0.00    0.00    0.00       0.00    0.00    0.00   -0.00      0.000   0.000   0.000
  32*******   1/2-  -3/2  37    0.00    0.00    0.00    0.00   -0.00       0.00    0.00    0.00   -0.00      0.000   0.000   0.000
