1SPECTRUM OF (Z= 82 A=207) IN PARTICLE-ROTOR  MODEL WITH MODIFIED OSCILLATOR POTENTIAL


 PARITY=-   EPS= 0.385   GAMMA=  4.0   EPS4=0.000   EPS6=0.000   LEVELS:  25  26  27  28  29  30  31  32  33  34  35  36  37  38  39

 PAIRING FACTORS: GN0= 19.20  GN1=  7.40  IPAIR= 15 ***  E2PLUS(INPUT)=   0.730  E2PLUR(INPUT)=   0.000

 CORIOLIS ATTENUATION PARAMETERS:  CHSI=1.000  ETA=  1.00

 MOMENT OF INERTIA PARAMETERS:   A1=  0.131 MEV   A2=  0.112 MEV   A3= 18.57075 MEV


 DELTA=0.863 MEV  LAMBDA=53.4655 MEV   HW0= 7.5481 MEV   LAMBDA/HW0= 7.0833

 E2ENERGY=0.730 MEV  HBAR**2/B=27161./A**(7/3)=4591.5/A**2 MEV

 IREC=0  =>  RECOIL TERMS j+j-, j+j+, jzjz, ETC TREATED AS ONE-BODY OPERATORS WITH UU+VV PAIRING FACTORS



 S. P. LEVEL   EQP       U     V        (UU + VV)**1.00

     25       3.956    0.110 0.994      1.000 0.999 0.999 0.997 0.992 0.955 0.854 0.819 0.621 0.447 0.400 0.328 0.248 0.236 0.235
     26       2.883    0.151 0.988      0.999 1.000 1.000 0.999 0.996 0.967 0.875 0.843 0.653 0.484 0.439 0.368 0.289 0.276 0.275
     27       2.857    0.153 0.988      0.999 1.000 1.000 0.999 0.996 0.967 0.876 0.843 0.654 0.485 0.440 0.369 0.290 0.278 0.277
     28       2.304    0.191 0.982      0.997 0.999 0.999 1.000 0.999 0.976 0.894 0.863 0.683 0.519 0.474 0.404 0.327 0.315 0.313
     29       1.871    0.237 0.971      0.992 0.996 0.996 0.999 1.000 0.985 0.914 0.887 0.717 0.559 0.516 0.448 0.372 0.359 0.358
     30       1.180    0.399 0.917      0.955 0.967 0.967 0.976 0.985 1.000 0.970 0.952 0.825 0.692 0.654 0.593 0.524 0.513 0.512
     31       0.892    0.611 0.792      0.854 0.875 0.876 0.894 0.914 0.970 1.000 0.998 0.938 0.847 0.819 0.772 0.716 0.707 0.706
     32       0.870    0.660 0.751      0.819 0.843 0.843 0.863 0.887 0.952 0.998 1.000 0.958 0.879 0.853 0.810 0.759 0.750 0.750
     33       0.959    0.847 0.531      0.621 0.653 0.654 0.683 0.717 0.825 0.938 0.958 1.000 0.979 0.967 0.944 0.914 0.908 0.908
     34       1.328    0.938 0.346      0.447 0.484 0.485 0.519 0.559 0.692 0.847 0.879 0.979 1.000 0.999 0.992 0.978 0.975 0.974
     35       1.519    0.955 0.297      0.400 0.439 0.440 0.474 0.516 0.654 0.819 0.853 0.967 0.999 1.000 0.997 0.987 0.985 0.985
     36       1.989    0.975 0.222      0.328 0.368 0.369 0.404 0.448 0.593 0.772 0.810 0.944 0.992 0.997 1.000 0.997 0.995 0.995
     37       3.101    0.990 0.141      0.248 0.289 0.290 0.327 0.372 0.524 0.716 0.759 0.914 0.978 0.987 0.997 1.000 1.000 1.000
     38       3.406    0.992 0.128      0.236 0.276 0.278 0.315 0.359 0.513 0.707 0.750 0.908 0.975 0.985 0.995 1.000 1.000 1.000
     39       3.435    0.992 0.127      0.235 0.275 0.277 0.313 0.358 0.512 0.706 0.750 0.908 0.974 0.985 0.995 1.000 1.000 1.000

  R CORE   ENERGY   A0R/A00=1.000    R3= 0     2  
   2( 1)    0.730                    1.000-0.000
   2( 2)   74.526                    0.000 1.000

  R CORE   ENERGY   A0R/A00=1.000    R3= 0     2  
   3( 1)   75.256                    0.000 1.000

  R CORE   ENERGY   A0R/A00=1.000    R3= 0     2     4  
   4( 1)    2.433                    1.000-0.002 0.000

  R CORE   ENERGY   A0R/A00=1.000    R3= 0     2     4  
   5( 1)   77.446                    0.000 1.000-0.000

  R CORE   ENERGY   A0R/A00=1.000    R3= 0     2     4     6  
   6( 1)    5.109                    1.000-0.004 0.000-0.000

  R CORE   ENERGY   A0R/A00=1.000    R3= 0     2     4     6  
   7( 1)   80.610                    0.000 1.000-0.001 0.000
 

             ENERGY     K= 1/2
 
 I=  1/2- (1)  3.565  27:-0.124
                      30: 0.810
                      31:-0.572
 
 I=  1/2- (2)  4.862  26:-0.259
                      32:-0.075
                      35:-0.953
                      38:-0.130
 
 I=  1/2- (3)  9.195  26:-0.958
                      29:-0.102
                      35: 0.256
                      38: 0.078
 
 I=  1/2- (4) 21.419  35:-0.144
                      38: 0.987
 
 I=  1/2- (5) 64.565  33:-0.067
                      34:-0.080
                      37: 0.848
                      39: 0.520

             ENERGY     K= 1/2  -3/2
 
 I=  3/2- (1)  3.498  27:-0.060 0.017
                      28:-0.013 0.111
                      30: 0.391-0.496
                      31:-0.276-0.713
 
 I=  3/2- (2)  3.893  27:-0.108-0.009
                      28:-0.023-0.061
                      30: 0.708 0.273
                      31:-0.501 0.394

             ENERGY     K= 5/2   1/2  -3/2
 
 I=  5/2- (1)  4.038  27:-0.077 0.055 0.017
                      28: 0.001 0.012 0.113
                      30:-0.009-0.360-0.504
                      31: 0.005 0.255-0.726
 
 I=  5/2- (2)  4.715  27:-0.144-0.110 0.008
                      28: 0.002-0.024 0.055
                      30:-0.017 0.719-0.245
                      31: 0.009-0.508-0.351
                      37: 0.006-0.003-0.068
 
 I=  5/2- (3)  5.038  27: 0.978-0.012 0.003
                      30: 0.111 0.079-0.076
                      31:-0.059-0.055-0.109
 
 I=  5/2- (4)  5.837  26:-0.017-0.325 0.058
                      29:-0.001-0.044-0.572
                      32: 0.613-0.039 0.001
                      35:-0.044-0.419 0.012
                      38: 0.009-0.084-0.006
 
 I=  5/2- (5)  6.077  26:-0.011 0.086 0.029
                      29:-0.001 0.026-0.295
                      32: 0.377 0.062 0.000
                      35:-0.027 0.853 0.006
                      38: 0.006 0.173 0.010

             ENERGY     K= 5/2   1/2  -3/2  -7/2
 
 I=  7/2- (1)  2.329  27:-0.162 0.000-0.000-0.000
                      33: 0.000 0.000 0.000-0.981
                      37: 0.003 0.000 0.002-0.089
 
 I=  7/2- (2)  4.180  26:-0.013-0.647-0.060-0.000
                      29:-0.001-0.069 0.584 0.003
                      32: 0.444-0.024-0.001 0.000
                      36: 0.000-0.000 0.007-0.178
 
 I=  7/2- (3)  4.382  27: 0.158-0.002 0.001-0.006
                      28:-0.002-0.000 0.005-0.978
                      30: 0.018 0.011-0.019-0.093
                      31:-0.010-0.008-0.027-0.089
 
 I=  7/2- (4)  4.689  27: 0.062-0.079 0.015 0.000
                      28:-0.001-0.017 0.097 0.044
                      30: 0.007 0.514-0.433 0.005
                      31:-0.004-0.363-0.622 0.005
                      37:-0.019-0.001 0.052-0.002
 
 I=  7/2- (5)  5.436  27: 0.156 0.094 0.012 0.000
                      28:-0.002 0.020 0.078 0.036
                      30: 0.018-0.617-0.350 0.004
                      31:-0.010 0.437-0.505 0.004
                      37:-0.015-0.002-0.078-0.003

             ENERGY     K= 9/2   5/2   1/2  -3/2  -7/2
 
 I=  9/2- (1)  2.492  27:-0.000-0.064 0.000 0.000-0.001
                      28: 0.000 0.001 0.000 0.001-0.176
                      33: 0.001 0.000 0.000-0.000 0.251
                      34: 0.946-0.001-0.000 0.000-0.000
                      39: 0.074 0.001 0.000 0.000-0.007
 
 I=  9/2- (2)  3.363  27:-0.001-0.225 0.001 0.000 0.001
                      28: 0.000 0.003 0.000 0.002 0.065
                      33:-0.000 0.000 0.000-0.001 0.933
                      34:-0.252-0.001-0.000 0.000-0.001
                      37:-0.008 0.004 0.000-0.004 0.085
 
 I=  9/2- (3)  5.006  26:-0.000-0.020-0.220 0.058 0.001
                      29:-0.000-0.001-0.024-0.568-0.006
                      32: 0.001 0.685-0.005 0.001-0.000
                      36:-0.000 0.000-0.000-0.005 0.390
 
 I=  9/2- (4)  5.533  27: 0.000 0.225-0.004-0.002 0.006
                      28:-0.000-0.003-0.001-0.012 0.943
                      30: 0.000 0.026 0.027 0.047 0.089
                      31: 0.000-0.014-0.019 0.068 0.085
                      34: 0.182-0.002 0.000-0.000-0.000
 
 I=  9/2- (5)  5.772  27: 0.000-0.061 0.064 0.016 0.001
                      28:-0.000 0.001 0.014 0.107 0.102
                      30: 0.000-0.007-0.415-0.476 0.010
                      31:-0.000 0.004 0.295-0.687 0.011
                      37: 0.001 0.027 0.004 0.055-0.003
                      39: 0.002 0.070 0.003-0.019 0.001

             ENERGY     K= 9/2   5/2   1/2  -3/2  -7/2 -11/2
 
 I= 11/2- (1)  3.616  26: 0.000 0.014 0.631 0.060 0.000-0.000
                      29: 0.000 0.001 0.065-0.585-0.003 0.000
                      32:-0.000-0.448 0.015 0.001-0.000-0.000
                      35: 0.000 0.031-0.063 0.012-0.002 0.000
                      36: 0.000-0.000-0.000-0.006 0.210-0.000
 
 I= 11/2- (2)  3.640  27: 0.000 0.108-0.000 0.000-0.001 0.000
                      28:-0.000-0.001-0.000 0.001-0.240 0.000
                      33:-0.001-0.000-0.000-0.000 0.337 0.001
                      34:-0.898 0.001 0.000 0.000-0.000-0.000
                      39:-0.070-0.001-0.000 0.001-0.010-0.000
 
 I= 11/2- (3)  4.629  27:-0.001-0.268 0.001-0.001-0.001 0.000
                      28: 0.000 0.003 0.000-0.003-0.105 0.000
                      33:-0.000 0.000 0.000 0.001-0.889 0.002
                      34:-0.339-0.001-0.000-0.000 0.001-0.000
                      37:-0.011 0.006 0.000 0.005-0.081 0.000
 
 I= 11/2- (4)  5.460  25:-0.000-0.000 0.000 0.000-0.002 0.998
 
 I= 11/2- (5)  6.817  27: 0.000-0.099 0.083-0.014 0.001-0.000
                      28:-0.000 0.001 0.018-0.090 0.149-0.000
                      30: 0.000-0.011-0.540 0.404 0.013-0.000
                      31:-0.000 0.006 0.381 0.578 0.012-0.000
                      33:-0.000-0.000 0.003 0.024 0.052-0.000
                      37:-0.001 0.026 0.000-0.082 0.005-0.000
                      39:-0.003 0.068 0.002 0.028-0.002 0.000

             ENERGY     K=13/2   9/2   5/2   1/2  -3/2  -7/2 -11/2
 
 I= 13/2- (1)  5.014  27: 0.000 0.000 0.147-0.001-0.000 0.002-0.000
                      28:-0.000-0.000-0.002-0.000-0.002 0.283-0.000
                      33: 0.000-0.000-0.000-0.000 0.001-0.392-0.001
                      34: 0.001-0.857 0.002 0.000-0.000 0.000 0.000
                      39: 0.000-0.067-0.002-0.000-0.001 0.012 0.000
 
 I= 13/2- (2)  5.538  26:-0.000-0.000-0.021-0.223 0.059 0.001-0.000
                      29: 0.000-0.000-0.001-0.023-0.572-0.007 0.000
                      32:-0.000 0.001 0.674-0.004 0.001-0.000 0.000
                      36: 0.000-0.000 0.000 0.000-0.005 0.403-0.001
 
 I= 13/2- (3)  6.129  27: 0.000-0.001-0.299 0.001 0.001 0.001-0.000
                      28:-0.000 0.000 0.004 0.000 0.004 0.141-0.001
                      33: 0.000-0.000 0.000 0.000-0.002 0.850-0.003
                      34: 0.000-0.394-0.001-0.000 0.000-0.001 0.000
                      37: 0.000-0.013 0.007 0.000-0.007 0.077-0.000
 
 I= 13/2- (4)  7.043  25:-0.000 0.000-0.000-0.000-0.000 0.003-0.997
 
 I= 13/2- (5)  8.444  27:-0.000 0.000-0.124 0.066 0.015-0.001 0.000
                      28: 0.000-0.000 0.001 0.014 0.102-0.172 0.000
                      30:-0.000 0.000-0.014-0.427-0.455-0.015 0.000
                      31: 0.000-0.000 0.007 0.304-0.657-0.013 0.000
                      33: 0.000-0.000-0.000 0.002-0.025-0.079 0.000
                      34: 0.000-0.053-0.010-0.001-0.000 0.000-0.000
                      37: 0.000-0.002 0.035 0.005 0.078-0.007 0.000
                      39: 0.000-0.004 0.090 0.003-0.026 0.002-0.000

             ENERGY     K=13/2   9/2   5/2   1/2  -3/2  -7/2 -11/2
  32 LEVELS    TIME=  0.0 SEC



 ******************* EXCITATION ENERGIES, DOMINANT CONFIGURATION AND EXPECTATION VALUES (WITH S.P. UU+VV FACTORS) *******************

  NR  Eex(keV)  I   Kdom  NY    <Jz>  <Jx**2> <Jy**2> <Jz**2> <I.j>/|I|  <Rx**2> <Ry**2> <Rz**2> <R.j>/|R|  <HROTx> <HROTy> <HROTz>

   1    0.0   7/2-   7/2  33   -3.34    2.31    2.34   12.10    3.24       3.35    3.40    0.03   -1.49      0.440   0.380   0.477
   2  162.7   9/2-   9/2  34    3.73    2.51    2.48   19.41    4.18       3.77    3.78    0.01   -1.31      0.496   0.423   0.218
   3 1033.8   9/2-   7/2  33   -2.68    2.38    2.41   12.45    2.73       7.33    7.43    0.02   -0.95      0.964   0.831   0.462
   4 1168.8   3/2-   3/2  31   -1.02    4.82    5.06    1.79    1.26       5.12    5.38    0.06   -2.84      0.673   0.602   1.191
   5 1235.7   1/2-   1/2  30    0.48    4.87    4.97    0.29    0.09       5.27    5.39    0.06   -3.07      0.693   0.603   1.157
  
   6 1286.4  11/2-   1/2  26    0.04   23.70   22.47    2.68    6.12       5.58    5.83    0.01   -3.63      0.734   0.652   0.149
   7 1310.9  11/2-   9/2  34    3.07    2.68    2.65   18.68    3.60       8.32    8.39    0.01   -0.61      1.094   0.939   0.231
   8 1563.8   3/2-   1/2  30    0.02    4.82    4.98    0.75    0.23       6.60    6.76    0.06   -2.76      0.867   0.756   1.179
   9 1708.6   5/2-   3/2  31   -1.06    4.83    5.07    1.89    0.97       7.20    7.57    0.06   -2.32      0.947   0.847   1.201
  10 1851.2   7/2-   1/2  26    0.08   23.07   22.03    2.51    5.97       8.15    7.85    0.01   -5.98      1.071   0.878   0.128
  
  11 2052.5   7/2-   7/2  28   -3.34    6.22    6.21   12.06    3.12       7.72    7.74    0.01   -3.08      1.015   0.866   0.205
  12 2299.8  11/2-   7/2  33   -2.13    2.45    2.50   12.74    2.40      12.27   12.43    0.02   -0.67      1.613   1.391   0.449
  13 2359.4   7/2-   3/2  31   -0.67    4.86    5.04    1.51    0.92       9.74   10.09    0.07   -1.74      1.280   1.129   1.208
  14 2386.1   5/2-   1/2  30    0.15    4.83    4.98    0.79   -0.07       9.71    9.98    0.06   -2.43      1.277   1.117   1.181
  15 2532.6   1/2-   1/2  35    0.50   11.20   12.13    0.26   -0.34      11.84   13.08    0.01   -4.78      1.557   1.463   0.202
  
  16 2676.9   9/2-   5/2  32    0.18   24.50   23.02    5.55    5.11      13.54   13.38    0.01   -5.32      1.780   1.497   0.259
  17 2684.9  13/2-   9/2  34    2.54    2.84    2.81   18.04    3.20      13.78   13.95    0.01   -0.25      1.812   1.560   0.242
  18 2708.8   5/2-   5/2  27    2.41    5.84    6.23    6.15    2.03       7.27    7.68    0.02   -3.16      0.956   0.859   0.443
  19 3106.7   7/2-   1/2  30   -0.24    4.78    5.00    1.24    0.16      12.55   12.93    0.07   -2.06      1.649   1.446   1.208
  20 3130.7  11/2-  11/2  25   -5.48    2.74    2.76   30.18    5.05       5.51    5.54    0.01   -1.65      0.725   0.620   0.169
  
  21 3204.2   9/2-   7/2  28   -2.90    6.03    6.04   12.10    2.40      12.49   12.53    0.01   -2.44      1.642   1.402   0.222
  22 3208.9  13/2-   5/2  32    0.10   24.55   22.98    5.58    5.06      15.32   15.84    0.01   -3.18      2.015   1.772   0.262
  23 3443.1   9/2-   3/2  31   -0.95    4.85    5.06    1.89    0.80      13.95   14.59    0.07   -1.46      1.835   1.632   1.230
  24 3508.1   5/2-   5/2  32    0.59   20.98   20.22    3.18    3.31      16.85   16.71    0.01   -5.97      2.216   1.869   0.200
  25 3748.2   5/2-   1/2  35    0.61   14.62   15.10    1.30    0.84      16.30   18.48    0.02   -4.84      2.143   2.068   0.344
  
  26 3799.9  13/2-   7/2  33   -1.70    2.53    2.58   12.97    2.16      18.17   18.44    0.02   -0.49      2.389   2.062   0.438
  27 4487.6  11/2-   3/2  31   -0.59    4.89    5.02    1.71    0.88      18.11   18.66    0.07   -1.05      2.381   2.088   1.218
  28 4714.3  13/2-  11/2  25   -5.47    2.74    2.76   30.16    4.32      12.02   12.08    0.01   -1.12      1.580   1.352   0.169
  29 6114.6  13/2-   3/2  31   -0.89    4.85    5.04    2.21    0.78      24.45   25.47    0.07   -0.94      3.215   2.849   1.240
  30 6866.3   1/2-   1/2  26    0.50   22.49   22.39    0.26   -3.31      25.79   25.81    0.01   -6.68      3.390   2.888   0.132
  
  3119089.9   1/2-   1/2  38    0.13   22.83   10.05    0.63    0.21      23.31    9.83    0.75   -5.72      3.064   1.100  13.895
  3262235.5   1/2-   1/2  37    0.87    2.77    0.80    3.90    0.94       2.71    0.62    3.28   -2.59      0.356   0.069  60.969
