1SPECTRUM OF (Z= 82 A=207) IN PARTICLE-ROTOR  MODEL WITH MODIFIED OSCILLATOR POTENTIAL


 PARITY=-   EPS= 0.355   GAMMA=  0.0   EPS4=0.000   EPS6=0.000   LEVELS:  24  25  26  27  28  29  30  31  32  33  34  35  36  37  38

 PAIRING FACTORS: GN0= 19.20  GN1=  7.40  IPAIR= 15 ***  E2PLUS(INPUT)=   0.730  E2PLUR(INPUT)=   0.000

 CORIOLIS ATTENUATION PARAMETERS:  CHSI=1.000  ETA=  1.00

 MOMENT OF INERTIA PARAMETERS:   A1=  0.122 MEV   A2=  0.122 MEV   A3=121.91925 MEV


 DELTA=0.891 MEV  LAMBDA=53.3900 MEV   HW0= 7.5264 MEV   LAMBDA/HW0= 7.0937

 E2ENERGY=0.730 MEV  HBAR**2/B=23367./A**(7/3)=3950.2/A**2 MEV

 IREC=0  =>  RECOIL TERMS j+j-, j+j+, jzjz, ETC TREATED AS ONE-BODY OPERATORS WITH UU+VV PAIRING FACTORS



 S. P. LEVEL   EQP       U     V        (UU + VV)**1.00

     24       4.380    0.102 0.995      1.000 1.000 0.999 0.997 0.994 0.972 0.953 0.930 0.773 0.667 0.557 0.315 0.306 0.262 0.247
     25       4.243    0.106 0.994      1.000 1.000 0.999 0.997 0.995 0.972 0.954 0.932 0.775 0.670 0.559 0.318 0.310 0.265 0.250
     26       3.030    0.149 0.989      0.999 0.999 1.000 0.999 0.998 0.982 0.966 0.947 0.802 0.702 0.595 0.359 0.351 0.306 0.292
     27       2.471    0.183 0.983      0.997 0.997 0.999 1.000 1.000 0.988 0.974 0.957 0.822 0.726 0.623 0.392 0.383 0.340 0.325
     28       2.201    0.207 0.978      0.994 0.995 0.998 1.000 1.000 0.991 0.980 0.964 0.836 0.742 0.641 0.414 0.405 0.362 0.348
     29       1.414    0.335 0.942      0.972 0.972 0.982 0.988 0.991 1.000 0.998 0.991 0.901 0.825 0.737 0.531 0.523 0.482 0.469
     30       1.216    0.400 0.917      0.953 0.954 0.966 0.974 0.980 0.998 1.000 0.998 0.929 0.862 0.783 0.589 0.581 0.542 0.529
     31       1.092    0.460 0.888      0.930 0.932 0.947 0.957 0.964 0.991 0.998 1.000 0.952 0.894 0.822 0.641 0.634 0.597 0.585
     32       0.891    0.710 0.704      0.773 0.775 0.802 0.822 0.836 0.901 0.929 0.952 1.000 0.988 0.957 0.846 0.841 0.815 0.806
     33       0.937    0.809 0.588      0.667 0.670 0.702 0.726 0.742 0.825 0.862 0.894 0.988 1.000 0.990 0.917 0.913 0.893 0.886
     34       1.076    0.883 0.469      0.557 0.559 0.595 0.623 0.641 0.737 0.783 0.822 0.957 0.990 1.000 0.964 0.961 0.947 0.942
     35       2.108    0.976 0.217      0.315 0.318 0.359 0.392 0.414 0.531 0.589 0.641 0.846 0.917 0.964 1.000 1.000 0.998 0.997
     36       2.196    0.978 0.207      0.306 0.310 0.351 0.383 0.405 0.523 0.581 0.634 0.841 0.913 0.961 1.000 1.000 0.999 0.998
     37       2.798    0.987 0.161      0.262 0.265 0.306 0.340 0.362 0.482 0.542 0.597 0.815 0.893 0.947 0.998 0.999 1.000 1.000
     38       3.081    0.989 0.146      0.247 0.250 0.292 0.325 0.348 0.469 0.529 0.585 0.806 0.886 0.942 0.997 0.998 1.000 1.000

  R CORE   ENERGY   A0R/A00=1.000    R3= 0     2  
   2( 1)    0.732                    1.000 0.000
   2( 2)  487.921                    0.000 1.000

  R CORE   ENERGY   A0R/A00=1.000    R3= 0     2  
   3( 1)  488.652                    0.000 1.000

  R CORE   ENERGY   A0R/A00=1.000    R3= 0     2     4  
   4( 1)    2.438                    1.000 0.000 0.000

  R CORE   ENERGY   A0R/A00=1.000    R3= 0     2     4  
   5( 1)  490.847                    0.000 1.000 0.000

  R CORE   ENERGY   A0R/A00=1.000    R3= 0     2     4     6  
   6( 1)    5.121                    1.000 0.000 0.000 0.000

  R CORE   ENERGY   A0R/A00=1.000    R3= 0     2     4     6  
   7( 1)  494.017                    0.000 1.000 0.000 0.000

          AXIAL SYMMETRY => K RESTRICTED TO OMEGA

                     K
     S.P. ORB#: 24 -5.50
     S.P. ORB#: 25  0.50
     S.P. ORB#: 26  2.50
     S.P. ORB#: 27 -3.50
     S.P. ORB#: 28  0.50
     S.P. ORB#: 29 -1.50
     S.P. ORB#: 30  0.50
     S.P. ORB#: 31 -1.50
     S.P. ORB#: 32 -3.50
     S.P. ORB#: 33  2.50
     S.P. ORB#: 34  4.50
     S.P. ORB#: 35  0.50
     S.P. ORB#: 36 -3.50
     S.P. ORB#: 37 -1.50
     S.P. ORB#: 38  2.50
 

             ENERGY    K= OMEGA
 
 I=  1/2- (1)  2.478  30: 0.999
 
 I=  1/2- (2)  5.493  28:-0.307
                      35: 0.952
 
 I=  1/2- (3)  5.857  25: 0.999
 
 I=  1/2- (4)  8.846  28: 0.952
                      35: 0.307
 
 I=  1/2- (5)147.395  31: 1.000

             ENERGY    K= OMEGA
 
 I=  3/2- (1)  2.356  25: 0.079
                      30:-0.260
                      31: 0.962
 
 I=  3/2- (2)  2.536  25:-0.203
                      30:-0.909
                      31:-0.222
                      37:-0.289

             ENERGY    K= OMEGA
 
 I=  5/2- (1)  2.502  25: 0.262
                      30:-0.461
                      31:-0.804
                      37: 0.108
                      38: 0.245
 
 I=  5/2- (2)  3.373  26:-0.061
                      30: 0.725
                      31:-0.451
                      37:-0.493
                      38: 0.146
 
 I=  5/2- (3)  3.785  25:-0.109
                      26: 0.057
                      30: 0.220
                      31: 0.154
                      37: 0.438
                      38: 0.849
 
 I=  5/2- (4)  4.411  26: 0.126
                      30: 0.415
                      31:-0.288
                      37: 0.729
                      38:-0.443
 
 I=  5/2- (5)  4.825  26: 0.988
                      37:-0.146

             ENERGY    K= OMEGA
 
 I=  7/2- (1)  1.721  26:-0.179
                      32: 0.982
 
 I=  7/2- (2)  3.332  25: 0.143
                      30:-0.258
                      31: 0.858
                      37:-0.123
                      38: 0.399
 
 I=  7/2- (3)  3.498  25:-0.309
                      30:-0.841
                      31:-0.245
                      37:-0.367
 
 I=  7/2- (4)  3.744  28: 0.681
                      29: 0.585
                      33: 0.403
                      36: 0.177
 
 I=  7/2- (5)  4.331  26:-0.207
                      27:-0.941
                      30:-0.092
                      31: 0.106
                      37: 0.101
                      38:-0.203

             ENERGY    K= OMEGA
 
 I=  9/2- (1)  1.990  26: 0.081
                      27:-0.174
                      32: 0.291
                      34: 0.937
 
 I=  9/2- (2)  2.721  26: 0.243
                      27: 0.093
                      31: 0.051
                      32: 0.918
                      34:-0.289
                      38:-0.050
 
 I=  9/2- (3)  3.569  25:-0.374
                      30: 0.498
                      31: 0.709
                      32:-0.066
                      37:-0.170
                      38:-0.277
 
 I=  9/2- (4)  4.665  28: 0.216
                      29:-0.553
                      33: 0.677
                      36:-0.434
 
 I=  9/2- (5)  5.225  26:-0.098
                      30: 0.620
                      31:-0.489
                      32: 0.056
                      37:-0.555
                      38: 0.231

             ENERGY    K= OMEGA
 
 I= 11/2- (1)  3.104  26:-0.135
                      27:-0.236
                      32: 0.387
                      34:-0.880
 
 I= 11/2- (2)  3.128  28:-0.658
                      29:-0.581
                      33:-0.422
                      35:-0.061
                      36:-0.219
 
 I= 11/2- (3)  3.952  26:-0.284
                      27: 0.138
                      31: 0.065
                      32: 0.861
                      34: 0.386
                      38: 0.065
 
 I= 11/2- (4)  5.239  25: 0.266
                      31: 0.843
                      32:-0.092
                      37:-0.090
                      38: 0.446
 
 I= 11/2- (5)  5.358  25:-0.318
                      30:-0.844
                      37:-0.413
                      38: 0.108

             ENERGY    K= OMEGA
 
 I= 13/2- (1)  4.440  26: 0.181
                      27:-0.276
                      32: 0.446
                      34: 0.830
 
 I= 13/2- (2)  5.132  28: 0.215
                      29:-0.549
                      33: 0.671
                      36:-0.448
 
 I= 13/2- (3)  5.373  25: 0.226
                      26:-0.270
                      27:-0.161
                      30:-0.243
                      31:-0.364
                      32:-0.685
                      34: 0.387
                      37: 0.070
                      38: 0.184
 
 I= 13/2- (4)  5.564  25: 0.382
                      26: 0.154
                      27: 0.076
                      30:-0.443
                      31:-0.556
                      32: 0.444
                      34:-0.225
                      37: 0.171
                      38: 0.202
 
 I= 13/2- (5)  7.310  24: 0.999

             ENERGY     K= 5/2
  32 LEVELS    TIME=  0.0 SEC



 ******************* EXCITATION ENERGIES, DOMINANT CONFIGURATION AND EXPECTATION VALUES (WITH S.P. UU+VV FACTORS) *******************

  NR  Eex(keV)  I   Kdom  NY    <Jz>  <Jx**2> <Jy**2> <Jz**2> <I.j>/|I|  <Rx**2> <Ry**2> <Rz**2> <R.j>/|R|  <HROTx> <HROTy> <HROTz>

   1    0.0   7/2-  -7/2  32   -3.30    2.31    2.31   12.05    3.30       3.10    3.10    0.00   -1.43      0.378   0.378   0.000
   2  269.0   9/2-   9/2  34    3.57    2.51    2.51   19.24    4.21       3.59    3.59    0.00   -1.25      0.437   0.437   0.000
   3  634.4   3/2-  -3/2  31   -1.35    4.84    4.84    2.10    1.39       5.06    5.06    0.00   -2.85      0.617   0.617   0.000
   4  756.6   1/2-   1/2  30    0.50    4.87    4.87    0.25    0.26       5.15    5.15    0.00   -3.04      0.628   0.628   0.000
   5  780.6   5/2-  -3/2  31   -0.70    4.95    4.95    1.93    2.05       4.22    4.22    0.00   -1.98      0.514   0.514   0.000
  
   6  814.9   3/2-   1/2  30    0.23    4.37    4.37    0.52    1.09       4.39    4.39    0.00   -2.41      0.535   0.535   0.000
   7  999.9   9/2-  -7/2  32   -2.45    2.40    2.40   12.52    2.85       6.84    6.84    0.00   -0.84      0.834   0.834   0.000
   8 1382.7  11/2-   9/2  34    2.81    2.71    2.71   18.35    3.65       7.96    7.96    0.00   -0.49      0.970   0.970   0.000
   9 1406.4  11/2-   1/2  28   -0.01   23.78   23.78    2.57    6.21       5.82    5.82    0.00   -3.81      0.709   0.709   0.000
  10 1610.3   7/2-  -3/2  31   -0.69    4.46    4.46    2.74    1.57       7.47    7.47    0.00   -1.40      0.911   0.911   0.000
  
  11 1652.0   5/2-   1/2  30   -0.34    3.89    3.89    1.29    0.59       7.15    7.15    0.00   -1.93      0.872   0.872   0.000
  12 1776.2   7/2-   1/2  30    0.11    4.21    4.21    0.65    1.28       7.32    7.32    0.00   -1.04      0.892   0.892   0.000
  13 1848.0   9/2-  -3/2  31   -0.43    5.08    5.08    1.83    2.20       7.41    7.41    0.00   -0.27      0.903   0.903   0.000
  14 2022.3   7/2-   1/2  28    0.01   23.44   23.44    2.29    6.09       8.28    8.28    0.00   -6.14      1.009   1.009   0.000
  15 2063.4   5/2-   5/2  38    1.52    2.06    2.06    5.03    1.80       3.62    3.62    0.00   -1.42      0.441   0.441   0.000
  
  16 2231.0  11/2-  -7/2  32   -1.79    2.48    2.48   12.89    2.55      11.56   11.56    0.00   -0.54      1.409   1.409   0.000
  17 2609.4   7/2-  -7/2  27   -2.92    5.94    5.94   11.43    3.03       7.52    7.52    0.00   -2.91      0.917   0.917   0.000
  18 2689.1   5/2-  -3/2  37   -0.31    2.81    2.81    2.75    0.17       8.06    8.06    0.00   -1.96      0.983   0.983   0.000
  19 2718.5  13/2-   9/2  34    2.21    2.88    2.88   17.58    3.27      13.23   13.23    0.00   -0.10      1.613   1.613   0.000
  20 2944.0   9/2-   5/2  33    0.05   24.21   24.21    5.87    5.24      13.48   13.48    0.00   -5.44      1.643   1.643   0.000
  
  21 3103.4   5/2-   5/2  26    2.41    5.95    5.95    6.16    2.03       7.39    7.39    0.00   -3.13      0.901   0.901   0.000
  22 3410.6  13/2-   5/2  33   -0.00   24.21   24.21    5.97    5.19      15.33   15.33    0.00   -3.28      1.869   1.869   0.000
  23 3503.4   9/2-   1/2  30   -0.49    3.54    3.54    1.77    0.55      14.07   14.07    0.00   -1.15      1.716   1.716   0.000
  24 3517.5  11/2-  -3/2  31   -0.57    4.39    4.39    3.01    1.56      14.41   14.41   -0.00   -0.45      1.757   1.757  -0.000
  25 3636.2  11/2-   1/2  30    0.18    4.12    4.12    0.69    1.31      14.52   14.52   -0.00   -0.21      1.771   1.771  -0.000
  
  26 3651.9  13/2-  -7/2  32   -0.95    3.27    3.27   10.13    2.36      16.23   16.23    0.00   -0.03      1.978   1.978   0.000
  27 3771.4   1/2-   1/2  35    0.50   12.29   12.29    0.25   -1.22      13.84   13.84    0.00   -4.92      1.688   1.688   0.000
  28 3842.7  13/2-  -3/2  31   -0.66    4.53    4.53    4.77    2.22      15.75   15.75    0.00    0.30      1.920   1.920   0.000
  29 4135.3   1/2-   1/2  25    0.50    6.71    6.71    0.25    0.66       6.65    6.65   -0.00   -3.60      0.810   0.810  -0.000
  30 5588.9  13/2- -11/2  24   -5.49    2.75    2.75   30.21    4.32      12.04   12.04    0.00   -1.13      1.468   1.468   0.000
  
  31 7124.5   1/2-   1/2  28    0.50   23.75   23.75    0.25   -3.51      27.29   27.29    0.00   -6.87      3.327   3.327   0.000
  32*******   1/2-  -3/2  31    0.00    0.00    0.00    0.00   -0.00       0.00    0.00    0.00   -0.00      0.000   0.000   0.000
