1SPECTRUM OF (Z= 82 A=207) IN PARTICLE-ROTOR  MODEL WITH MODIFIED OSCILLATOR POTENTIAL


 PARITY=-   EPS= 0.471   GAMMA=  0.0   EPS4=0.000   EPS6=0.000   LEVELS:  25  26  27  28  29  30  31  32  33  34  35  36  37  38  39

 PAIRING FACTORS: GN0= 19.20  GN1=  7.40  IPAIR= 15 ***  E2PLUS(INPUT)=   0.730  E2PLUR(INPUT)=   0.000

 CORIOLIS ATTENUATION PARAMETERS:  CHSI=1.000  ETA=  1.00

 MOMENT OF INERTIA PARAMETERS:   A1=  0.122 MEV   A2=  0.122 MEV   A3=121.91924 MEV


 DELTA=0.847 MEV  LAMBDA=53.4564 MEV   HW0= 7.6244 MEV   LAMBDA/HW0= 7.0112

 E2ENERGY=0.730 MEV  HBAR**2/B=41134./A**(7/3)=6953.5/A**2 MEV

 IREC=0  =>  RECOIL TERMS j+j-, j+j+, jzjz, ETC TREATED AS ONE-BODY OPERATORS WITH UU+VV PAIRING FACTORS



 S. P. LEVEL   EQP       U     V        (UU + VV)**1.00

     25       4.147    0.103 0.995      1.000 1.000 0.997 0.993 0.979 0.970 0.922 0.688 0.611 0.353 0.299 0.292 0.258 0.254 0.199
     26       3.271    0.131 0.991      1.000 1.000 0.999 0.996 0.984 0.977 0.932 0.709 0.633 0.380 0.325 0.319 0.285 0.281 0.227
     27       2.344    0.184 0.983      0.997 0.999 1.000 0.999 0.992 0.987 0.951 0.746 0.674 0.429 0.376 0.370 0.336 0.332 0.279
     28       1.975    0.220 0.976      0.993 0.996 0.999 1.000 0.996 0.992 0.961 0.770 0.700 0.462 0.410 0.404 0.370 0.366 0.314
     29       1.459    0.305 0.952      0.979 0.984 0.992 0.996 1.000 0.999 0.982 0.823 0.761 0.538 0.489 0.483 0.451 0.447 0.396
     30       1.324    0.340 0.940      0.970 0.977 0.987 0.992 0.999 1.000 0.988 0.843 0.784 0.569 0.521 0.515 0.484 0.480 0.430
     31       1.006    0.480 0.877      0.922 0.932 0.951 0.961 0.982 0.988 1.000 0.916 0.870 0.688 0.645 0.640 0.612 0.609 0.563
     32       0.876    0.792 0.610      0.688 0.709 0.746 0.770 0.823 0.843 0.916 1.000 0.995 0.922 0.898 0.895 0.878 0.876 0.848
     33       0.947    0.850 0.526      0.611 0.633 0.674 0.700 0.761 0.784 0.870 0.995 1.000 0.956 0.938 0.936 0.922 0.921 0.897
     34       1.716    0.967 0.255      0.353 0.380 0.429 0.462 0.538 0.569 0.688 0.922 0.956 1.000 0.998 0.998 0.995 0.995 0.987
     35       2.171    0.980 0.199      0.299 0.325 0.376 0.410 0.489 0.521 0.645 0.898 0.938 0.998 1.000 1.000 0.999 0.999 0.995
     36       2.243    0.981 0.193      0.292 0.319 0.370 0.404 0.483 0.515 0.640 0.895 0.936 0.998 1.000 1.000 0.999 0.999 0.995
     37       2.734    0.988 0.157      0.258 0.285 0.336 0.370 0.451 0.484 0.612 0.878 0.922 0.995 0.999 0.999 1.000 1.000 0.998
     38       2.804    0.988 0.153      0.254 0.281 0.332 0.366 0.447 0.480 0.609 0.876 0.921 0.995 0.999 0.999 1.000 1.000 0.998
     39       4.373    0.995 0.097      0.199 0.227 0.279 0.314 0.396 0.430 0.563 0.848 0.897 0.987 0.995 0.995 0.998 0.998 1.000

  R CORE   ENERGY   A0R/A00=1.000    R3= 0     2  
   2( 1)    0.732                    1.000 0.000
   2( 2)  487.921                    0.000 1.000

  R CORE   ENERGY   A0R/A00=1.000    R3= 0     2  
   3( 1)  488.652                    0.000 1.000

  R CORE   ENERGY   A0R/A00=1.000    R3= 0     2     4  
   4( 1)    2.438                    1.000 0.000 0.000

  R CORE   ENERGY   A0R/A00=1.000    R3= 0     2     4  
   5( 1)  490.847                    0.000 1.000 0.000

  R CORE   ENERGY   A0R/A00=1.000    R3= 0     2     4     6  
   6( 1)    5.121                    1.000 0.000 0.000 0.000

  R CORE   ENERGY   A0R/A00=1.000    R3= 0     2     4     6  
   7( 1)  494.017                    0.000 1.000 0.000 0.000

          AXIAL SYMMETRY => K RESTRICTED TO OMEGA

                     K
     S.P. ORB#: 25  0.50
     S.P. ORB#: 26 -1.50
     S.P. ORB#: 27 -5.50
     S.P. ORB#: 28  2.50
     S.P. ORB#: 29 -3.50
     S.P. ORB#: 30  2.50
     S.P. ORB#: 31  0.50
     S.P. ORB#: 32  0.50
     S.P. ORB#: 33 -1.50
     S.P. ORB#: 34 -3.50
     S.P. ORB#: 35  0.50
     S.P. ORB#: 36 -3.50
     S.P. ORB#: 37 -1.50
     S.P. ORB#: 38  4.50
     S.P. ORB#: 39  4.50
 

             ENERGY    K= OMEGA
 
 I=  1/2- (1)  2.249  32: 0.999
 
 I=  1/2- (2)  4.223  31:-0.928
                      35: 0.372
 
 I=  1/2- (3)  5.937  25: 0.999
 
 I=  1/2- (4)  6.443  31: 0.372
                      35: 0.928
 
 I=  1/2- (5)147.250  33: 1.000

             ENERGY    K= OMEGA
 
 I=  3/2- (1)  2.278  32: 0.647
                      33:-0.762
 
 I=  3/2- (2)  2.494  25:-0.153
                      32:-0.752
                      33:-0.641

             ENERGY    K= OMEGA
 
 I=  5/2- (1)  2.695  25: 0.206
                      28:-0.066
                      32:-0.521
                      33:-0.826
 
 I=  5/2- (2)  3.452  25: 0.058
                      28: 0.139
                      32:-0.835
                      33: 0.530
 
 I=  5/2- (3)  3.792  28:-0.988
                      32:-0.084
                      33: 0.129
 
 I=  5/2- (4)  4.529  26:-0.119
                      30: 0.098
                      31: 0.828
                      35:-0.477
                      37:-0.249
 
 I=  5/2- (5)  6.313  26: 0.485
                      30:-0.845
                      35:-0.220

             ENERGY    K= OMEGA
 
 I=  7/2- (1)  3.129  28:-0.230
                      29: 0.074
                      33: 0.058
                      36: 0.968
 
 I=  7/2- (2)  3.390  28:-0.184
                      29:-0.972
                      32:-0.086
                      33: 0.120
 
 I=  7/2- (3)  3.495  29: 0.147
                      32:-0.771
                      33: 0.613
                      36:-0.069
 
 I=  7/2- (4)  3.820  25:-0.271
                      28: 0.083
                      29:-0.055
                      32:-0.595
                      33:-0.747
                      36: 0.057
 
 I=  7/2- (5)  4.588  26: 0.274
                      30: 0.277
                      31: 0.832
                      34: 0.110
                      35: 0.250
                      37: 0.286

             ENERGY    K= OMEGA
 
 I=  9/2- (1)  3.581  28: 0.146
                      29:-0.452
                      36: 0.299
                      38: 0.827
 
 I=  9/2- (2)  4.143  25: 0.247
                      28:-0.228
                      29:-0.154
                      32:-0.415
                      33:-0.588
                      36:-0.556
                      38: 0.187
 
 I=  9/2- (3)  4.215  25: 0.212
                      28: 0.155
                      29: 0.221
                      32:-0.369
                      33:-0.479
                      36: 0.706
                      38:-0.137
 
 I=  9/2- (4)  4.723  28:-0.272
                      29: 0.815
                      32: 0.063
                      38: 0.505
 
 I=  9/2- (5)  5.148  26:-0.385
                      30: 0.546
                      31: 0.490
                      34:-0.411
                      35:-0.244
                      37:-0.208
                      39: 0.204

             ENERGY    K= OMEGA
 
 I= 11/2- (1)  3.683  27:-0.999
 
 I= 11/2- (2)  4.655  28:-0.189
                      29:-0.505
                      36: 0.337
                      38:-0.770
 
 I= 11/2- (3)  5.082  26:-0.408
                      30:-0.531
                      31:-0.496
                      34:-0.419
                      35:-0.181
                      37:-0.202
                      39:-0.238
 
 I= 11/2- (4)  5.458  28: 0.321
                      29:-0.291
                      32: 0.091
                      33:-0.161
                      36:-0.841
                      38:-0.263
 
 I= 11/2- (5)  5.677  25:-0.109
                      29:-0.074
                      32:-0.846
                      33: 0.489
                      36:-0.165

             ENERGY    K= OMEGA
 
 I= 13/2- (1)  5.264  27:-0.996
                      38: 0.077
 
 I= 13/2- (2)  5.754  26:-0.395
                      30: 0.585
                      31: 0.229
                      34:-0.553
                      35:-0.074
                      37:-0.120
                      39: 0.351
 
 I= 13/2- (3)  5.992  27:-0.084
                      28:-0.223
                      29: 0.525
                      33:-0.064
                      36:-0.358
                      38:-0.730
 
 I= 13/2- (4)  6.517  25: 0.406
                      28:-0.094
                      29:-0.065
                      32:-0.551
                      33:-0.709
                      36:-0.058
                      38: 0.112
 
 I= 13/2- (5)  6.999  25:-0.061
                      28:-0.332
                      29:-0.317
                      32: 0.097
                      33: 0.074
                      36:-0.836
                      38: 0.269

             ENERGY     K= 9/2
  32 LEVELS    TIME=  0.0 SEC



 ******************* EXCITATION ENERGIES, DOMINANT CONFIGURATION AND EXPECTATION VALUES (WITH S.P. UU+VV FACTORS) *******************

  NR  Eex(keV)  I   Kdom  NY    <Jz>  <Jx**2> <Jy**2> <Jz**2> <I.j>/|I|  <Rx**2> <Ry**2> <Rz**2> <R.j>/|R|  <HROTx> <HROTy> <HROTz>

   1    0.0   1/2-   1/2  32    0.50    5.22    5.22    0.25    0.14       5.60    5.60   -0.00   -3.16      0.683   0.683  -0.000
   2   29.0   3/2-  -3/2  33   -0.66    5.21    5.21    1.41    1.14       5.58    5.58   -0.00   -2.88      0.680   0.680  -0.000
   3  244.9   3/2-   1/2  32   -0.32    5.20    5.20    1.07    0.73       6.20    6.20   -0.00   -2.86      0.756   0.756  -0.000
   4  445.9   5/2-  -3/2  33   -0.86    5.37    5.37    1.64    1.32       6.67    6.67   -0.00   -2.32      0.814   0.814  -0.000
   5  880.2   7/2-  -7/2  36   -3.17    2.46    2.46   11.89    3.16       3.73    3.73    0.00   -1.56      0.455   0.455   0.000
  
   6 1140.6   7/2-  -7/2  29   -3.24    6.31    6.31   11.81    3.07       7.89    7.89    0.00   -3.08      0.962   0.962   0.000
   7 1202.9   5/2-   1/2  32   -0.02    5.25    5.25    0.93   -0.09      10.35   10.35   -0.00   -2.57      1.262   1.262  -0.000
   8 1245.6   7/2-   1/2  32   -0.36    5.21    5.21    1.32    0.81      10.52   10.52   -0.00   -1.86      1.282   1.282  -0.000
   9 1331.8   9/2-   9/2  38    2.10    3.31    3.31   17.58    4.00       4.60    4.60    0.00   -1.43      0.561   0.561   0.000
  10 1433.6  11/2- -11/2  27   -5.48    2.75    2.75   30.23    5.06       5.49    5.49    0.00   -1.65      0.669   0.669   0.000
  
  11 1542.8   5/2-   5/2  28    2.42    6.13    6.13    6.14    2.04       7.55    7.55    0.00   -3.19      0.921   0.921   0.000
  12 1570.3   7/2-  -3/2  33   -0.63    5.30    5.30    1.48    0.77      10.86   10.86   -0.00   -1.94      1.325   1.325  -0.000
  13 1893.5   9/2-  -3/2  33   -1.28    4.41    4.41    5.96    1.93      10.17   10.17    0.00   -1.15      1.240   1.240   0.000
  14 1966.2   9/2-  -7/2  36   -2.02    3.81    3.81    7.78    2.05       9.86    9.86    0.00   -1.17      1.202   1.202   0.000
  15 1973.8   1/2-   1/2  31    0.50   12.83   12.83    0.25    0.92      12.53   12.53    0.00   -5.02      1.528   1.528   0.000
  
  16 2279.9   5/2-   1/2  31    0.37   13.39   13.39    0.46    1.77      12.78   12.78    0.00   -4.36      1.558   1.558   0.000
  17 2338.6   7/2-   1/2  31    0.29   16.54   16.54    1.17    3.03      12.98   12.98    0.00   -4.36      1.583   1.583   0.000
  18 2405.6  11/2-   9/2  38    1.45    3.59    3.59   16.80    3.42       9.39    9.39    0.00   -0.81      1.145   1.145   0.000
  19 2473.8   9/2-  -7/2  29   -1.00    5.31    5.31   13.78    2.56      11.82   11.82    0.00   -2.39      1.442   1.442   0.000
  20 2832.5  11/2-   5/2  30    0.17   20.52   20.52    5.60    4.71      13.06   13.06    0.00   -3.62      1.592   1.592   0.000
  
  21 2898.5   9/2-   5/2  30    0.20   19.72   19.72    5.28    4.26      13.56   13.56    0.00   -4.52      1.653   1.653   0.000
  22 3014.6  13/2- -11/2  27   -5.44    2.75    2.75   30.16    4.33      11.97   11.97    0.00   -1.11      1.459   1.459   0.000
  23 3209.0  11/2-  -7/2  36   -2.24    2.97    2.97   11.82    2.20      13.60   13.60    0.00   -0.88      1.658   1.658   0.000
  24 3428.1  11/2-   1/2  32   -0.11    5.10    5.10    1.12    0.71      19.30   19.30    0.00   -1.14      2.352   2.352   0.000
  25 3504.7  13/2-   5/2  30    0.12   21.96   21.96    8.78    5.14      14.85   14.85    0.00   -3.09      1.810   1.810   0.000
  
  26 3687.7   1/2-   1/2  25    0.50    7.43    7.43    0.25    0.65       7.37    7.37   -0.00   -3.79      0.898   0.898  -0.000
  27 3743.0  13/2-   9/2  38    1.07    3.75    3.75   16.28    3.03      15.11   15.11    0.00   -0.48      1.842   1.842   0.000
  28 4064.2   5/2-   5/2  30    1.45   22.48   22.48    5.01    3.70      18.41   18.41   -0.00   -6.43      2.244   2.244  -0.000
  29 4194.1   1/2-   1/2  35    0.50   17.06   17.06    0.25   -0.72      18.18   18.18    0.00   -5.80      2.217   2.217   0.000
  30 4267.8  13/2-  -3/2  33   -0.47    5.66    5.66    1.65    1.47      20.61   20.61   -0.00   -0.42      2.513   2.513  -0.000
  
  31 4749.3  13/2-  -7/2  36   -2.20    3.01    3.01   11.96    1.94      19.83   19.83    0.00   -0.71      2.418   2.418   0.000
  32*******   1/2-  -3/2  33    0.00    0.00    0.00    0.00   -0.00       0.00    0.00    0.00   -0.00      0.000   0.000   0.000
