1SPECTRUM OF (Z= 82 A=207) IN PARTICLE-ROTOR  MODEL WITH MODIFIED OSCILLATOR POTENTIAL


 PARITY=-   EPS= 0.212   GAMMA=  0.0   EPS4=0.000   EPS6=0.000   LEVELS:  24  25  26  27  28  29  30  31  32  33  34  35  36  37  38

 PAIRING FACTORS: GN0= 19.20  GN1=  7.40  IPAIR= 15 ***  E2PLUS(INPUT)=   0.730  E2PLUR(INPUT)=   0.000

 CORIOLIS ATTENUATION PARAMETERS:  CHSI=1.000  ETA=  1.00

 MOMENT OF INERTIA PARAMETERS:   A1=  0.122 MEV   A2=  0.122 MEV   A3=121.91923 MEV


 DELTA=0.946 MEV  LAMBDA=53.4862 MEV   HW0= 7.4501 MEV   LAMBDA/HW0= 7.1793

 E2ENERGY=0.730 MEV  HBAR**2/B= 8333./A**(7/3)=1408.8/A**2 MEV

 IREC=0  =>  RECOIL TERMS j+j-, j+j+, jzjz, ETC TREATED AS ONE-BODY OPERATORS WITH UU+VV PAIRING FACTORS



 S. P. LEVEL   EQP       U     V        (UU + VV)**1.00

     24       5.206    0.091 0.996      1.000 1.000 1.000 0.999 0.995 0.990 0.988 0.987 0.645 0.548 0.510 0.426 0.387 0.330 0.260
     25       4.178    0.114 0.993      1.000 1.000 1.000 1.000 0.997 0.993 0.991 0.990 0.662 0.567 0.530 0.447 0.408 0.351 0.282
     26       4.090    0.116 0.993      1.000 1.000 1.000 1.000 0.997 0.993 0.992 0.991 0.664 0.569 0.532 0.449 0.410 0.354 0.284
     27       3.648    0.131 0.991      0.999 1.000 1.000 1.000 0.998 0.995 0.993 0.992 0.675 0.581 0.544 0.462 0.424 0.367 0.298
     28       2.524    0.191 0.982      0.995 0.997 0.997 0.998 1.000 0.999 0.999 0.998 0.719 0.629 0.594 0.515 0.478 0.423 0.356
     29       2.103    0.231 0.973      0.990 0.993 0.993 0.995 0.999 1.000 1.000 1.000 0.746 0.661 0.627 0.550 0.514 0.460 0.394
     30       1.997    0.244 0.970      0.988 0.991 0.992 0.993 0.999 1.000 1.000 1.000 0.755 0.671 0.637 0.561 0.525 0.472 0.406
     31       1.940    0.252 0.968      0.987 0.990 0.991 0.992 0.998 1.000 1.000 1.000 0.761 0.677 0.643 0.567 0.532 0.479 0.413
     32       1.007    0.820 0.573      0.645 0.662 0.664 0.675 0.719 0.746 0.755 0.761 1.000 0.993 0.986 0.966 0.954 0.934 0.906
     33       1.141    0.883 0.469      0.548 0.567 0.569 0.581 0.629 0.661 0.671 0.677 0.993 1.000 0.999 0.990 0.983 0.970 0.950
     34       1.219    0.903 0.429      0.510 0.530 0.532 0.544 0.594 0.627 0.637 0.643 0.986 0.999 1.000 0.995 0.991 0.980 0.963
     35       1.472    0.940 0.342      0.426 0.447 0.449 0.462 0.515 0.550 0.561 0.567 0.966 0.990 0.995 1.000 0.999 0.995 0.984
     36       1.645    0.953 0.302      0.387 0.408 0.410 0.424 0.478 0.514 0.525 0.532 0.954 0.983 0.991 0.999 1.000 0.998 0.991
     37       2.010    0.970 0.243      0.330 0.351 0.354 0.367 0.423 0.460 0.472 0.479 0.934 0.970 0.980 0.995 0.998 1.000 0.997
     38       2.812    0.985 0.171      0.260 0.282 0.284 0.298 0.356 0.394 0.406 0.413 0.906 0.950 0.963 0.984 0.991 0.997 1.000

  R CORE   ENERGY   A0R/A00=1.000    R3= 0     2  
   2( 1)    0.732                    1.000 0.000
   2( 2)  487.921                    0.000 1.000

  R CORE   ENERGY   A0R/A00=1.000    R3= 0     2  
   3( 1)  488.652                    0.000 1.000

  R CORE   ENERGY   A0R/A00=1.000    R3= 0     2     4  
   4( 1)    2.438                    1.000 0.000 0.000

  R CORE   ENERGY   A0R/A00=1.000    R3= 0     2     4  
   5( 1)  490.847                    0.000 1.000 0.000

  R CORE   ENERGY   A0R/A00=1.000    R3= 0     2     4     6  
   6( 1)    5.121                    1.000 0.000 0.000 0.000

  R CORE   ENERGY   A0R/A00=1.000    R3= 0     2     4     6  
   7( 1)  494.017                    0.000 1.000 0.000 0.000

          AXIAL SYMMETRY => K RESTRICTED TO OMEGA

                     K
     S.P. ORB#: 24  2.50
     S.P. ORB#: 25  2.50
     S.P. ORB#: 26  0.50
     S.P. ORB#: 27 -3.50
     S.P. ORB#: 28 -3.50
     S.P. ORB#: 29  0.50
     S.P. ORB#: 30  4.50
     S.P. ORB#: 31 -1.50
     S.P. ORB#: 32 -1.50
     S.P. ORB#: 33  2.50
     S.P. ORB#: 34  0.50
     S.P. ORB#: 35 -1.50
     S.P. ORB#: 36  0.50
     S.P. ORB#: 37  2.50
     S.P. ORB#: 38 -3.50
 

             ENERGY    K= OMEGA
 
 I=  1/2- (1)  1.912  26:-0.057
                      36:-0.998
 
 I=  1/2- (2)  3.175  29: 0.999
 
 I=  1/2- (3)  5.340  26: 0.998
                      36:-0.058
 
 I=  1/2- (4)  9.005  34: 1.000
 
 I=  1/2- (5)147.311  32: 1.000

             ENERGY    K= OMEGA
 
 I=  3/2- (1)  1.506  29: 0.183
                      31: 0.100
                      32: 0.975
                      36:-0.069
 
 I=  3/2- (2)  2.540  29: 0.194
                      31: 0.196
                      32:-0.125
                      36:-0.953

             ENERGY    K= OMEGA
 
 I=  5/2- (1)  1.619  26:-0.053
                      29: 0.141
                      31: 0.177
                      32:-0.453
                      33:-0.859
 
 I=  5/2- (2)  2.149  29: 0.202
                      31:-0.175
                      32:-0.852
                      33: 0.443
                      36:-0.060
 
 I=  5/2- (3)  2.564  26: 0.053
                      29:-0.204
                      31:-0.271
                      33:-0.144
                      36:-0.928
 
 I=  5/2- (4)  3.292  24: 0.072
                      26:-0.355
                      29: 0.420
                      31: 0.727
                      32: 0.068
                      33: 0.182
                      36:-0.355
 
 I=  5/2- (5)  4.478  24: 0.064
                      26: 0.074
                      29:-0.813
                      31: 0.508
                      32:-0.248
                      33: 0.097

             ENERGY    K= OMEGA
 
 I=  7/2- (1)  2.260  29: 0.192
                      31:-0.207
                      32: 0.536
                      33:-0.794
 
 I=  7/2- (2)  2.814  25: 0.088
                      26: 0.172
                      28:-0.156
                      29: 0.332
                      31: 0.315
                      32: 0.688
                      33: 0.468
                      36:-0.181
 
 I=  7/2- (3)  3.258  25:-0.228
                      27:-0.109
                      28: 0.949
                      29: 0.082
                      31: 0.051
                      32: 0.109
                      33: 0.088
                      36:-0.052
 
 I=  7/2- (4)  3.581  34:-0.732
                      35:-0.572
                      37:-0.342
                      38:-0.139
 
 I=  7/2- (5)  4.063  24:-0.074
                      26: 0.162
                      29: 0.156
                      31: 0.420
                      32:-0.328
                      33:-0.278
                      36:-0.762

             ENERGY    K= OMEGA
 
 I=  9/2- (1)  2.716  24: 0.074
                      25: 0.072
                      27: 0.284
                      28: 0.161
                      29: 0.070
                      30:-0.907
                      31: 0.102
                      32:-0.110
                      33:-0.171
 
 I=  9/2- (2)  2.957  26:-0.188
                      28:-0.059
                      29: 0.308
                      30: 0.247
                      31: 0.371
                      32:-0.466
                      33:-0.651
                      36: 0.160
 
 I=  9/2- (3)  3.919  24: 0.099
                      25:-0.236
                      26:-0.070
                      27: 0.120
                      28:-0.519
                      29:-0.119
                      30:-0.060
                      31: 0.309
                      32: 0.645
                      33:-0.241
                      36: 0.243
 
 I=  9/2- (4)  4.116  25:-0.086
                      26: 0.167
                      27: 0.055
                      28:-0.281
                      29:-0.293
                      31:-0.261
                      32:-0.076
                      33:-0.450
                      36:-0.720
 
 I=  9/2- (5)  4.238  24:-0.055
                      25: 0.206
                      27:-0.095
                      28: 0.703
                      29:-0.231
                      30: 0.120
                      31: 0.114
                      32: 0.452
                      33:-0.403

             ENERGY    K= OMEGA
 
 I= 11/2- (1)  2.499  34:-0.691
                      35:-0.576
                      37:-0.392
                      38:-0.193
 
 I= 11/2- (2)  3.621  24: 0.122
                      25: 0.112
                      27:-0.387
                      28:-0.212
                      30:-0.861
                      31:-0.085
                      32: 0.085
                      33:-0.146
 
 I= 11/2- (3)  4.209  28:-0.056
                      29:-0.280
                      30:-0.196
                      31: 0.278
                      32:-0.567
                      33: 0.693
 
 I= 11/2- (4)  4.749  24:-0.110
                      25: 0.179
                      26: 0.271
                      27: 0.105
                      28:-0.321
                      29: 0.377
                      31: 0.418
                      32: 0.505
                      33: 0.388
                      36:-0.213
 
 I= 11/2- (5)  5.282  24:-0.088
                      25: 0.328
                      26:-0.137
                      27: 0.167
                      28:-0.821
                      29:-0.207
                      30: 0.179
                      31:-0.157
                      32:-0.156
                      33:-0.159
                      36: 0.125

             ENERGY    K= OMEGA
 
 I= 13/2- (1)  4.668  24: 0.170
                      25: 0.129
                      26:-0.145
                      27: 0.420
                      28: 0.200
                      29: 0.181
                      30:-0.710
                      31: 0.251
                      32:-0.188
                      33:-0.269
                      36: 0.093
 
 I= 13/2- (2)  4.771  34:-0.235
                      35: 0.586
                      37:-0.651
                      38: 0.422
 
 I= 13/2- (3)  5.050  25: 0.057
                      26: 0.284
                      27: 0.164
                      28: 0.153
                      29:-0.371
                      30:-0.435
                      31:-0.425
                      32: 0.352
                      33: 0.440
                      36:-0.200
 
 I= 13/2- (4)  6.347  24: 0.174
                      25:-0.365
                      26:-0.068
                      27: 0.199
                      28:-0.677
                      29:-0.095
                      30:-0.118
                      31: 0.228
                      32: 0.483
                      36: 0.155
 
 I= 13/2- (5)  6.690  25: 0.108
                      26:-0.200
                      27:-0.088
                      28: 0.316
                      29: 0.212
                      31: 0.231
                      32: 0.319
                      33: 0.506
                      36: 0.620

             ENERGY     K=-7/2
  32 LEVELS    TIME=  0.0 SEC



 ******************* EXCITATION ENERGIES, DOMINANT CONFIGURATION AND EXPECTATION VALUES (WITH S.P. UU+VV FACTORS) *******************

  NR  Eex(keV)  I   Kdom  NY    <Jz>  <Jx**2> <Jy**2> <Jz**2> <I.j>/|I|  <Rx**2> <Ry**2> <Rz**2> <R.j>/|R|  <HROTx> <HROTy> <HROTz>

   1    0.0   3/2-  -3/2  32   -1.42    1.60    1.60    2.17    1.42       1.82    1.82   -0.00   -1.38      0.222   0.222  -0.000
   2  112.9   5/2-   5/2  33    1.50    1.86    1.86    5.15    2.35       1.84    1.84    0.00   -0.99      0.225   0.225   0.000
   3  406.0   1/2-   1/2  36    0.50    1.28    1.28    0.25    0.82       1.06    1.06   -0.00   -1.43      0.130   0.130  -0.000
   4  643.1   5/2-  -3/2  32   -0.62    1.60    1.60    2.95    1.09       4.24    4.24   -0.00   -1.01      0.517   0.517  -0.000
   5  753.7   7/2-   5/2  33    1.09    1.97    1.97    4.72    1.96       4.43    4.43    0.00   -0.30      0.541   0.541   0.000
  
   6  992.7  11/2-   1/2  34   -0.00   27.57   27.57    2.28    7.09       4.16    4.16    0.00   -5.20      0.508   0.508   0.000
   7 1033.9   3/2-   1/2  36    0.39    1.52    1.52    0.36   -0.01       3.59    3.59   -0.00   -1.27      0.437   0.437  -0.000
   8 1057.5   5/2-   1/2  36    0.40    1.88    1.88    0.53    0.99       3.61    3.61   -0.00   -0.51      0.440   0.440  -0.000
   9 1209.3   9/2-   9/2  30    3.40    2.81    2.81   18.27    4.41       2.36    2.36    0.00   -0.89      0.288   0.288   0.000
  10 1308.2   7/2-  -3/2  32   -0.30    1.91    1.91    3.08    1.43       5.66    5.66    0.00   -0.37      0.690   0.690   0.000
  
  11 1450.6   9/2-   5/2  33    0.87    2.80    2.80    4.77    2.32       6.02    6.02    0.00    0.34      0.734   0.734   0.000
  12 1668.8   1/2-   1/2  29    0.50    4.20    4.20    0.25    0.36       4.39    4.39   -0.00   -2.81      0.535   0.535  -0.000
  13 1752.1   7/2-  -7/2  28   -3.06    2.26    2.26   11.60    3.33       2.72    2.72    0.00   -1.25      0.331   0.331   0.000
  14 1785.8   5/2-  -3/2  31   -0.49    3.72    3.72    1.55    1.47       4.52    4.52    0.00   -1.54      0.551   0.551   0.000
  15 2074.4   7/2-   1/2  34    0.00   27.68   27.68    1.84    6.96       8.84    8.84    0.00   -7.03      1.078   1.078   0.000
  
  16 2114.9  11/2-   9/2  30    2.75    3.25    3.25   17.72    4.12       5.34    5.34    0.00    0.13      0.652   0.652   0.000
  17 2412.9   9/2-  -3/2  32   -1.40    1.98    1.98    5.49    1.72       8.53    8.53    0.00   -0.21      1.040   1.040   0.000
  18 2557.0   7/2-   1/2  36    0.09    2.32    2.32    1.34    0.28       9.74    9.74   -0.00   -1.10      1.187   1.187  -0.000
  19 2609.6   9/2-   1/2  36    0.45    2.39    2.39    2.67    1.30       9.64    9.64    0.00   -0.23      1.176   1.176   0.000
  20 2702.9  11/2-   5/2  33    0.81    2.26    2.26    4.74    1.75      12.03   12.03    0.00    0.25      1.467   1.467   0.000
  
  21 2732.2   9/2-  -7/2  28   -1.48    2.13    2.13    8.27    1.93       9.02    9.02    0.00   -0.68      1.100   1.100   0.000
  22 2972.0   5/2-   1/2  29   -0.11    4.23    4.23    0.97   -0.35      10.13   10.13   -0.00   -2.33      1.235   1.235  -0.000
  23 3161.4  13/2-   9/2  30    1.69    3.82    3.82   13.85    3.69       9.37    9.37    0.00    0.98      1.142   1.142   0.000
  24 3242.6  11/2-  -3/2  32   -0.43    2.47    2.47    3.65    1.78      11.52   11.52    0.00    0.43      1.405   1.405   0.000
  25 3265.2  13/2-   5/2  37   -0.05   26.73   26.73    5.61    6.05      11.68   11.68    0.00   -3.48      1.424   1.424   0.000
  
  26 3543.8  13/2-   5/2  33    0.84    3.55    3.55    6.43    2.63      12.79   12.79    0.00    0.95      1.559   1.559   0.000
  27 3775.6  11/2-  -7/2  28   -2.00    2.48    2.48   10.25    2.45      10.80   10.80    0.00   -0.11      1.317   1.317   0.000
  28 3833.9   1/2-   1/2  26    0.50    5.27    5.27    0.25    0.69       5.17    5.17    0.00   -3.17      0.631   0.631   0.000
  29 4840.5  13/2-  -7/2  28   -1.67    2.39    2.39    8.06    2.13      15.94   15.94    0.00    0.35      1.944   1.944   0.000
  30 5183.6  13/2-   1/2  36    0.30    2.22    2.22    3.48    1.14      20.39   20.39    0.00    0.00      2.486   2.486   0.000
  
  31 7498.6   1/2-   1/2  34    0.50   27.96   27.96    0.25   -4.00      31.93   31.93    0.00   -7.46      3.893   3.893   0.000
  32*******   1/2-  -3/2  32    0.00    0.00    0.00    0.00   -0.00       0.00    0.00    0.00   -0.00      0.000   0.000   0.000
