1SPECTRUM OF (Z= 82 A=207) IN PARTICLE-ROTOR  MODEL WITH MODIFIED OSCILLATOR POTENTIAL


 PARITY=-   EPS= 0.178   GAMMA=  0.0   EPS4=0.000   EPS6=0.000   LEVELS:  24  25  26  27  28  29  30  31  32  33  34  35  36  37  38

 PAIRING FACTORS: GN0= 19.20  GN1=  7.40  IPAIR= 15 ***  E2PLUS(INPUT)=   0.730  E2PLUR(INPUT)=   0.000

 CORIOLIS ATTENUATION PARAMETERS:  CHSI=1.000  ETA=  1.00

 MOMENT OF INERTIA PARAMETERS:   A1=  0.122 MEV   A2=  0.122 MEV   A3=121.91925 MEV


 DELTA=0.903 MEV  LAMBDA=53.4507 MEV   HW0= 7.4382 MEV   LAMBDA/HW0= 7.1860

 E2ENERGY=0.730 MEV  HBAR**2/B= 5875./A**(7/3)= 993.1/A**2 MEV

 IREC=0  =>  RECOIL TERMS j+j-, j+j+, jzjz, ETC TREATED AS ONE-BODY OPERATORS WITH UU+VV PAIRING FACTORS



 S. P. LEVEL   EQP       U     V        (UU + VV)**1.00

     24       5.132    0.088 0.996      1.000 1.000 1.000 1.000 0.998 0.994 0.992 0.990 0.796 0.691 0.458 0.367 0.330 0.282 0.238
     25       4.323    0.105 0.994      1.000 1.000 1.000 1.000 0.999 0.996 0.994 0.992 0.806 0.703 0.473 0.382 0.346 0.298 0.255
     26       3.886    0.117 0.993      1.000 1.000 1.000 1.000 0.999 0.997 0.995 0.994 0.813 0.712 0.484 0.394 0.357 0.309 0.266
     27       3.817    0.119 0.993      1.000 1.000 1.000 1.000 0.999 0.997 0.996 0.994 0.814 0.713 0.486 0.396 0.359 0.311 0.268
     28       2.927    0.156 0.988      0.998 0.999 0.999 0.999 1.000 0.999 0.998 0.997 0.835 0.739 0.518 0.430 0.394 0.346 0.304
     29       2.389    0.193 0.981      0.994 0.996 0.997 0.997 0.999 1.000 1.000 0.999 0.855 0.763 0.549 0.463 0.428 0.381 0.339
     30       2.189    0.211 0.977      0.992 0.994 0.995 0.996 0.998 1.000 1.000 1.000 0.865 0.775 0.565 0.479 0.445 0.398 0.357
     31       2.029    0.229 0.974      0.990 0.992 0.994 0.994 0.997 0.999 1.000 1.000 0.873 0.787 0.580 0.495 0.461 0.415 0.374
     32       0.907    0.674 0.739      0.796 0.806 0.813 0.814 0.835 0.855 0.865 0.873 1.000 0.988 0.903 0.855 0.835 0.805 0.778
     33       0.926    0.781 0.624      0.691 0.703 0.712 0.713 0.739 0.763 0.775 0.787 0.988 1.000 0.959 0.926 0.910 0.888 0.867
     34       1.290    0.926 0.378      0.458 0.473 0.484 0.486 0.518 0.549 0.565 0.580 0.903 0.959 1.000 0.995 0.990 0.982 0.972
     35       1.662    0.959 0.283      0.367 0.382 0.394 0.396 0.430 0.463 0.479 0.495 0.855 0.926 0.995 1.000 0.999 0.996 0.991
     36       1.897    0.969 0.246      0.330 0.346 0.357 0.359 0.394 0.428 0.445 0.461 0.835 0.910 0.990 0.999 1.000 0.999 0.995
     37       2.354    0.981 0.196      0.282 0.298 0.309 0.311 0.346 0.381 0.398 0.415 0.805 0.888 0.982 0.996 0.999 1.000 0.999
     38       3.014    0.988 0.152      0.238 0.255 0.266 0.268 0.304 0.339 0.357 0.374 0.778 0.867 0.972 0.991 0.995 0.999 1.000

  R CORE   ENERGY   A0R/A00=1.000    R3= 0     2  
   2( 1)    0.732                    1.000 0.000
   2( 2)  487.921                    0.000 1.000

  R CORE   ENERGY   A0R/A00=1.000    R3= 0     2  
   3( 1)  488.652                    0.000 1.000

  R CORE   ENERGY   A0R/A00=1.000    R3= 0     2     4  
   4( 1)    2.438                    1.000 0.000 0.000

  R CORE   ENERGY   A0R/A00=1.000    R3= 0     2     4  
   5( 1)  490.847                    0.000 1.000 0.000

  R CORE   ENERGY   A0R/A00=1.000    R3= 0     2     4     6  
   6( 1)    5.121                    1.000 0.000 0.000 0.000

  R CORE   ENERGY   A0R/A00=1.000    R3= 0     2     4     6  
   7( 1)  494.017                    0.000 1.000 0.000 0.000

          AXIAL SYMMETRY => K RESTRICTED TO OMEGA

                     K
     S.P. ORB#: 24  2.50
     S.P. ORB#: 25  2.50
     S.P. ORB#: 26  0.50
     S.P. ORB#: 27 -3.50
     S.P. ORB#: 28 -3.50
     S.P. ORB#: 29  4.50
     S.P. ORB#: 30  0.50
     S.P. ORB#: 31 -1.50
     S.P. ORB#: 32 -1.50
     S.P. ORB#: 33  2.50
     S.P. ORB#: 34  0.50
     S.P. ORB#: 35  0.50
     S.P. ORB#: 36 -1.50
     S.P. ORB#: 37  2.50
     S.P. ORB#: 38 -3.50
 

             ENERGY    K= OMEGA
 
 I=  1/2- (1)  1.530  26:-0.062
                      34:-0.998
 
 I=  1/2- (2)  3.202  30: 1.000
 
 I=  1/2- (3)  5.010  26: 0.998
                      34:-0.062
 
 I=  1/2- (4)  9.731  35:-1.000
 
 I=  1/2- (5)147.210  32:-1.000

             ENERGY    K= OMEGA
 
 I=  3/2- (1)  1.377  30: 0.193
                      31: 0.112
                      32: 0.970
                      34:-0.086
 
 I=  3/2- (2)  2.189  30:-0.143
                      31:-0.116
                      32: 0.128
                      34: 0.974

             ENERGY    K= OMEGA
 
 I=  5/2- (1)  1.392  30: 0.132
                      31: 0.181
                      32:-0.398
                      33:-0.885
                      34: 0.068
 
 I=  5/2- (2)  1.987  30: 0.230
                      31:-0.165
                      32:-0.874
                      33: 0.391
 
 I=  5/2- (3)  2.210  30: 0.135
                      31: 0.178
                      33: 0.125
                      34: 0.966
 
 I=  5/2- (4)  3.256  24: 0.071
                      26:-0.388
                      30: 0.450
                      31: 0.741
                      32: 0.073
                      33: 0.187
                      34:-0.228
 
 I=  5/2- (5)  4.538  24: 0.063
                      26: 0.073
                      30:-0.799
                      31: 0.521
                      32:-0.264
                      33: 0.100

             ENERGY    K= OMEGA
 
 I=  7/2- (1)  2.024  30: 0.178
                      31:-0.218
                      32: 0.490
                      33:-0.824
 
 I=  7/2- (2)  2.627  25:-0.068
                      26:-0.177
                      28: 0.065
                      30:-0.351
                      31:-0.299
                      32:-0.721
                      33:-0.429
                      34: 0.205
 
 I=  7/2- (3)  3.634  24:-0.071
                      25: 0.247
                      27: 0.147
                      28:-0.939
                      30:-0.076
                      34: 0.148
 
 I=  7/2- (4)  3.800  26: 0.074
                      28:-0.144
                      30: 0.125
                      31: 0.219
                      32:-0.311
                      33:-0.210
                      34:-0.876
 
 I=  7/2- (5)  4.079  35: 0.720
                      36: 0.575
                      37: 0.357
                      38: 0.153

             ENERGY    K= OMEGA
 
 I=  9/2- (1)  2.675  26: 0.177
                      27:-0.095
                      29: 0.129
                      30:-0.301
                      31:-0.364
                      32: 0.461
                      33: 0.685
                      34:-0.186
 
 I=  9/2- (2)  3.101  24: 0.071
                      25: 0.073
                      27: 0.283
                      28: 0.181
                      29:-0.923
                      30:-0.061
                      32: 0.088
                      33: 0.094
 
 I=  9/2- (3)  3.790  24:-0.070
                      25: 0.116
                      26: 0.061
                      27:-0.054
                      28: 0.153
                      30: 0.126
                      31:-0.339
                      32:-0.705
                      33: 0.188
                      34:-0.537
 
 I=  9/2- (4)  3.843  25:-0.064
                      26: 0.072
                      28:-0.105
                      30:-0.320
                      32: 0.298
                      33:-0.560
                      34:-0.687
 
 I=  9/2- (5)  4.519  24: 0.127
                      25:-0.302
                      26:-0.095
                      27: 0.186
                      28:-0.862
                      29:-0.130
                      30: 0.153
                      32:-0.128
                      33: 0.183
                      34:-0.119

             ENERGY    K= OMEGA
 
 I= 11/2- (1)  2.910  35: 0.682
                      36: 0.576
                      37: 0.401
                      38: 0.203
 
 I= 11/2- (2)  3.815  24: 0.094
                      25: 0.106
                      27:-0.292
                      28:-0.137
                      29:-0.517
                      30: 0.192
                      31:-0.258
                      32: 0.405
                      33:-0.585
 
 I= 11/2- (3)  4.074  24: 0.090
                      25: 0.065
                      27:-0.277
                      28:-0.183
                      29:-0.696
                      30:-0.201
                      31: 0.145
                      32:-0.382
                      33: 0.429
 
 I= 11/2- (4)  4.570  24:-0.077
                      25: 0.120
                      26: 0.285
                      28:-0.167
                      29:-0.072
                      30: 0.407
                      31: 0.412
                      32: 0.547
                      33: 0.413
                      34:-0.241
 
 I= 11/2- (5)  5.598  24:-0.146
                      25: 0.361
                      26:-0.092
                      27: 0.226
                      28:-0.844
                      29: 0.166
                      30:-0.148
                      31:-0.068
                      33:-0.066
                      34: 0.125

             ENERGY    K= OMEGA
 
 I= 13/2- (1)  4.613  24: 0.108
                      25: 0.081
                      26:-0.270
                      27: 0.217
                      28: 0.078
                      29:-0.269
                      30: 0.365
                      31: 0.436
                      32:-0.386
                      33:-0.515
                      34: 0.212
 
 I= 13/2- (2)  5.113  35:-0.230
                      36: 0.578
                      37:-0.653
                      38: 0.431
 
 I= 13/2- (3)  5.135  24: 0.132
                      25: 0.135
                      26: 0.122
                      27: 0.410
                      28: 0.249
                      29:-0.771
                      30:-0.179
                      31:-0.157
                      32: 0.166
                      33: 0.166
                      34:-0.115
 
 I= 13/2- (4)  6.366  24: 0.149
                      25:-0.225
                      26:-0.105
                      27: 0.122
                      28:-0.329
                      30:-0.098
                      31: 0.332
                      32: 0.653
                      34: 0.495
 
 I= 13/2- (5)  6.504  24: 0.058
                      25:-0.156
                      26: 0.083
                      27: 0.109
                      28:-0.295
                      30:-0.303
                      32: 0.172
                      33:-0.614
                      34:-0.605

             ENERGY     K=-7/2
  32 LEVELS    TIME=  0.0 SEC



 ******************* EXCITATION ENERGIES, DOMINANT CONFIGURATION AND EXPECTATION VALUES (WITH S.P. UU+VV FACTORS) *******************

  NR  Eex(keV)  I   Kdom  NY    <Jz>  <Jx**2> <Jy**2> <Jz**2> <I.j>/|I|  <Rx**2> <Ry**2> <Rz**2> <R.j>/|R|  <HROTx> <HROTy> <HROTz>

   1    0.0   3/2-  -3/2  32   -1.41    1.52    1.52    2.16    1.47       1.63    1.63   -0.00   -1.30      0.199   0.199  -0.000
   2   14.2   5/2-   5/2  33    1.69    1.79    1.79    5.34    2.43       1.63    1.63    0.00   -0.95      0.199   0.199   0.000
   3  152.6   1/2-   1/2  34    0.50    1.17    1.17    0.25    0.84       0.94    0.94    0.00   -1.35      0.115   0.115   0.000
   4  609.4   5/2-  -3/2  32   -0.77    1.53    1.53    2.76    1.12       3.98    3.98   -0.00   -0.89      0.485   0.485  -0.000
   5  646.6   7/2-   5/2  33    1.28    1.92    1.92    4.92    2.05       4.12    4.12   -0.00   -0.22      0.502   0.502  -0.000
  
   6  811.4   3/2-   1/2  34    0.44    1.27    1.27    0.31   -0.15       3.59    3.59    0.00   -1.17      0.438   0.438   0.000
   7  832.7   5/2-   1/2  34    0.47    1.49    1.49    0.41    0.83       3.63    3.63    0.00   -0.35      0.442   0.442   0.000
   8 1249.3   7/2-  -3/2  32   -0.36    1.72    1.72    2.67    1.39       5.40    5.40   -0.00   -0.18      0.659   0.659  -0.000
   9 1297.7   9/2-   5/2  33    0.78    2.78    2.78    4.22    2.38       5.44    5.44    0.00    0.62      0.663   0.663   0.000
  10 1532.3  11/2-   1/2  35   -0.01   28.39   28.39    2.37    7.25       4.11    4.11   -0.00   -5.52      0.501   0.501  -0.000
  
  11 1724.0   9/2-   9/2  29    3.47    2.76    2.76   18.76    4.45       2.39    2.39    0.00   -0.99      0.292   0.292   0.000
  12 1824.6   1/2-   1/2  30    0.50    4.00    4.00    0.25    0.41       4.15    4.15    0.00   -2.74      0.505   0.505   0.000
  13 1878.7   5/2-  -3/2  31   -0.53    3.78    3.78    1.60    1.67       4.03    4.03   -0.00   -1.49      0.491   0.491  -0.000
  14 2256.5   7/2-  -7/2  28   -2.98    2.26    2.26   11.49    3.35       2.59    2.59   -0.00   -1.20      0.316   0.316  -0.000
  15 2412.6   9/2-  -3/2  32   -0.72    1.48    1.48    2.11    0.95      10.21   10.21   -0.00   -0.08      1.245   1.245  -0.000
  
  16 2423.0   7/2-   1/2  34    0.22    1.63    1.63    1.08   -0.01      10.07   10.07   -0.00   -0.97      1.228   1.228  -0.000
  17 2437.9  11/2-   5/2  33    1.42    2.94    2.94    9.47    2.89       8.30    8.30    0.00    0.47      1.012   1.012   0.000
  18 2465.5   9/2-   1/2  34    0.91    1.98    1.98    2.50    1.03      10.50   10.50   -0.00   -0.29      1.280   1.280  -0.000
  19 2696.4  11/2-   9/2  29    2.06    2.63    2.63   12.78    3.11       8.31    8.31   -0.00    0.13      1.014   1.014  -0.000
  20 2701.7   7/2-   1/2  35   -0.00   28.53   28.53    1.96    7.13       9.10    9.10   -0.00   -7.20      1.110   1.110  -0.000
  
  21 3141.4   9/2-  -7/2  28   -2.30    2.36    2.36   10.80    2.78       6.32    6.32   -0.00   -0.48      0.771   0.771  -0.000
  22 3160.5   5/2-   1/2  30   -0.15    4.07    4.07    1.02   -0.40      10.14   10.14   -0.00   -2.30      1.236   1.236  -0.000
  23 3192.7  11/2-  -3/2  32   -0.16    2.15    2.15    2.80    1.63      11.68   11.68   -0.00    0.55      1.424   1.424  -0.000
  24 3236.1  13/2-   5/2  33    0.46    3.73    3.73    4.71    2.75      11.29   11.29   -0.00    1.47      1.377   1.377  -0.000
  25 3633.0   1/2-   1/2  26    0.50    4.74    4.74    0.25    0.67       4.66    4.66    0.00   -3.00      0.568   0.568   0.000
  
  26 3735.2  13/2-   5/2  37   -0.06   27.28   27.28    5.71    6.15      11.59   11.59    0.00   -3.60      1.413   1.413   0.000
  27 3757.7  13/2-   9/2  29    1.98    3.54    3.54   15.38    3.64      10.16   10.16    0.00    0.66      1.239   1.239   0.000
  28 4220.4  11/2-  -7/2  28   -2.15    2.47    2.47   10.92    2.63      10.09   10.09    0.00   -0.03      1.230   1.230   0.000
  29 4988.3  13/2-  -3/2  32   -0.91    1.78    1.78    3.28    1.24      19.13   19.13   -0.00    0.29      2.332   2.332  -0.000
  30 5126.2  13/2-   5/2  33    0.85    2.11    2.11    3.93    1.14      20.50   20.50   -0.00   -0.03      2.500   2.500  -0.000
  
  31 8353.3   1/2-   1/2  35    0.50   29.04   29.04    0.25   -4.10      33.09   33.09    0.00   -7.61      4.034   4.034   0.000
  32*******   1/2-  -3/2  32    0.00    0.00    0.00    0.00   -0.00       0.00    0.00    0.00   -0.00      0.000   0.000   0.000
