1SPECTRUM OF (Z= 82 A=207) IN PARTICLE-ROTOR  MODEL WITH MODIFIED OSCILLATOR POTENTIAL


 PARITY=-   EPS= 0.255   GAMMA=  0.0   EPS4=0.000   EPS6=0.000   LEVELS:  25  26  27  28  29  30  31  32  33  34  35  36  37  38  39

 PAIRING FACTORS: GN0= 19.20  GN1=  7.40  IPAIR= 15 ***  E2PLUS(INPUT)=   0.730  E2PLUR(INPUT)=   0.000

 CORIOLIS ATTENUATION PARAMETERS:  CHSI=1.000  ETA=  1.00

 MOMENT OF INERTIA PARAMETERS:   A1=  0.122 MEV   A2=  0.122 MEV   A3=121.91924 MEV


 DELTA=0.939 MEV  LAMBDA=53.3858 MEV   HW0= 7.4683 MEV   LAMBDA/HW0= 7.1483

 E2ENERGY=0.730 MEV  HBAR**2/B=12057./A**(7/3)=2038.2/A**2 MEV

 IREC=0  =>  RECOIL TERMS j+j-, j+j+, jzjz, ETC TREATED AS ONE-BODY OPERATORS WITH UU+VV PAIRING FACTORS



 S. P. LEVEL   EQP       U     V        (UU + VV)**1.00

     25       4.130    0.114 0.993      1.000 1.000 1.000 0.989 0.987 0.982 0.967 0.760 0.590 0.457 0.404 0.398 0.322 0.289 0.232
     26       3.806    0.124 0.992      1.000 1.000 1.000 0.990 0.989 0.984 0.969 0.767 0.598 0.466 0.413 0.407 0.332 0.299 0.242
     27       3.259    0.146 0.989      1.000 1.000 1.000 0.993 0.992 0.988 0.974 0.780 0.615 0.485 0.433 0.427 0.352 0.319 0.263
     28       1.857    0.262 0.965      0.989 0.990 0.993 1.000 1.000 0.999 0.994 0.849 0.704 0.585 0.537 0.531 0.461 0.429 0.376
     29       1.806    0.270 0.963      0.987 0.989 0.992 1.000 1.000 1.000 0.995 0.853 0.710 0.592 0.544 0.538 0.468 0.437 0.383
     30       1.646    0.299 0.954      0.982 0.984 0.988 0.999 1.000 1.000 0.998 0.869 0.731 0.616 0.569 0.563 0.494 0.464 0.411
     31       1.382    0.365 0.931      0.967 0.969 0.974 0.994 0.995 0.998 1.000 0.901 0.777 0.670 0.625 0.620 0.554 0.524 0.473
     32       0.941    0.732 0.681      0.760 0.767 0.780 0.849 0.853 0.869 0.901 1.000 0.973 0.925 0.901 0.899 0.860 0.842 0.808
     33       1.093    0.870 0.494      0.590 0.598 0.615 0.704 0.710 0.731 0.777 0.973 1.000 0.988 0.977 0.976 0.954 0.943 0.922
     34       1.423    0.936 0.353      0.457 0.466 0.485 0.585 0.592 0.616 0.670 0.925 0.988 1.000 0.998 0.998 0.989 0.984 0.971
     35       1.655    0.955 0.297      0.404 0.413 0.433 0.537 0.544 0.569 0.625 0.901 0.977 0.998 1.000 1.000 0.996 0.992 0.984
     36       1.688    0.957 0.291      0.398 0.407 0.427 0.531 0.538 0.563 0.620 0.899 0.976 0.998 1.000 1.000 0.997 0.993 0.985
     37       2.265    0.977 0.212      0.322 0.332 0.352 0.461 0.468 0.494 0.554 0.860 0.954 0.989 0.996 0.997 1.000 0.999 0.996
     38       2.682    0.984 0.178      0.289 0.299 0.319 0.429 0.437 0.464 0.524 0.842 0.943 0.984 0.992 0.993 0.999 1.000 0.998
     39       3.951    0.993 0.120      0.232 0.242 0.263 0.376 0.383 0.411 0.473 0.808 0.922 0.971 0.984 0.985 0.996 0.998 1.000

  R CORE   ENERGY   A0R/A00=1.000    R3= 0     2  
   2( 1)    0.732                    1.000 0.000
   2( 2)  487.921                    0.000 1.000

  R CORE   ENERGY   A0R/A00=1.000    R3= 0     2  
   3( 1)  488.652                    0.000 1.000

  R CORE   ENERGY   A0R/A00=1.000    R3= 0     2     4  
   4( 1)    2.438                    1.000 0.000 0.000

  R CORE   ENERGY   A0R/A00=1.000    R3= 0     2     4  
   5( 1)  490.847                    0.000 1.000 0.000

  R CORE   ENERGY   A0R/A00=1.000    R3= 0     2     4     6  
   6( 1)    5.121                    1.000 0.000 0.000 0.000

  R CORE   ENERGY   A0R/A00=1.000    R3= 0     2     4     6  
   7( 1)  494.017                    0.000 1.000 0.000 0.000

          AXIAL SYMMETRY => K RESTRICTED TO OMEGA

                     K
     S.P. ORB#: 25  0.50
     S.P. ORB#: 26  2.50
     S.P. ORB#: 27 -3.50
     S.P. ORB#: 28 -3.50
     S.P. ORB#: 29  0.50
     S.P. ORB#: 30 -1.50
     S.P. ORB#: 31  4.50
     S.P. ORB#: 32  0.50
     S.P. ORB#: 33 -1.50
     S.P. ORB#: 34 -1.50
     S.P. ORB#: 35  2.50
     S.P. ORB#: 36  2.50
     S.P. ORB#: 37  0.50
     S.P. ORB#: 38 -3.50
     S.P. ORB#: 39  4.50
 

             ENERGY    K= OMEGA
 
 I=  1/2- (1)  2.561  25:-0.054
                      29:-0.075
                      37:-0.996
 
 I=  1/2- (2)  2.945  29: 0.996
                      37:-0.072
 
 I=  1/2- (3)  5.517  25: 0.998
                      37:-0.057
 
 I=  1/2- (4)  8.320  32:-1.000
 
 I=  1/2- (5)147.396  33: 1.000

             ENERGY    K= OMEGA
 
 I=  3/2- (1)  1.932  25: 0.059
                      29: 0.230
                      30: 0.124
                      34: 0.961
                      37:-0.074
 
 I=  3/2- (2)  2.774  25:-0.105
                      29: 0.160
                      30:-0.956
                      34: 0.106
                      37: 0.196

             ENERGY    K= OMEGA
 
 I=  5/2- (1)  2.109  25: 0.092
                      29:-0.205
                      30:-0.278
                      34: 0.472
                      35: 0.803
                      37:-0.063
 
 I=  5/2- (2)  2.595  29: 0.180
                      30:-0.278
                      34:-0.833
                      35: 0.429
                      37:-0.098
 
 I=  5/2- (3)  2.917  25:-0.227
                      29: 0.437
                      30: 0.597
                      35: 0.374
                      37: 0.511
 
 I=  5/2- (4)  3.471  25:-0.234
                      29: 0.186
                      30: 0.420
                      34: 0.053
                      35: 0.122
                      37:-0.846
 
 I=  5/2- (5)  4.256  25: 0.070
                      29:-0.805
                      30: 0.500
                      34:-0.278
                      35: 0.127
                      37: 0.053

             ENERGY    K= OMEGA
 
 I=  7/2- (1)  2.602  26: 0.223
                      27:-0.075
                      28:-0.964
                      30:-0.053
                      35:-0.103
 
 I=  7/2- (2)  2.757  28:-0.071
                      29:-0.243
                      30: 0.267
                      34:-0.551
                      35: 0.746
 
 I=  7/2- (3)  3.203  25: 0.231
                      28:-0.099
                      29: 0.407
                      30: 0.424
                      34: 0.608
                      35: 0.428
                      37:-0.194
 
 I=  7/2- (4)  3.226  32:-0.740
                      33:-0.570
                      36:-0.332
                      38:-0.130
 
 I=  7/2- (5)  4.228  25: 0.130
                      27:-0.068
                      29:-0.319
                      30: 0.789
                      34:-0.115
                      35:-0.459
                      37:-0.168

             ENERGY    K= OMEGA
 
 I=  9/2- (1)  2.174  26:-0.067
                      27: 0.239
                      28:-0.177
                      31:-0.952
 
 I=  9/2- (2)  3.329  25: 0.270
                      28:-0.114
                      29:-0.387
                      30:-0.505
                      34: 0.391
                      35: 0.570
                      37:-0.173
 
 I=  9/2- (3)  3.504  26:-0.307
                      27:-0.096
                      28:-0.918
                      29: 0.067
                      31: 0.171
                      34:-0.131
 
 I=  9/2- (4)  4.294  32:-0.223
                      33: 0.558
                      36:-0.623
                      38: 0.455
                      39:-0.209
 
 I=  9/2- (5)  4.367  25:-0.239
                      28:-0.073
                      29: 0.149
                      30: 0.474
                      34: 0.655
                      35: 0.294
                      37: 0.413

             ENERGY    K= OMEGA
 
 I= 11/2- (1)  2.231  32:-0.676
                      33:-0.566
                      36:-0.400
                      38:-0.231
                      39:-0.096
 
 I= 11/2- (2)  3.169  26:-0.112
                      27:-0.319
                      28: 0.245
                      31:-0.908
 
 I= 11/2- (3)  4.619  25:-0.057
                      26: 0.350
                      27:-0.134
                      28:-0.866
                      30:-0.139
                      31:-0.225
                      34:-0.058
                      35:-0.175
 
 I= 11/2- (4)  4.707  26: 0.073
                      28:-0.083
                      29:-0.333
                      30: 0.328
                      31:-0.080
                      34:-0.571
                      35: 0.659
 
 I= 11/2- (5)  5.150  25:-0.351
                      28: 0.202
                      29:-0.479
                      30:-0.500
                      31: 0.054
                      34:-0.425
                      35:-0.343
                      37: 0.232

             ENERGY    K= OMEGA
 
 I= 13/2- (1)  4.004  32: 0.192
                      33:-0.501
                      36: 0.611
                      38:-0.511
                      39: 0.280
 
 I= 13/2- (2)  4.384  26:-0.150
                      27: 0.369
                      28:-0.291
                      31:-0.868
 
 I= 13/2- (3)  5.294  25:-0.385
                      28: 0.055
                      29: 0.459
                      30: 0.563
                      34:-0.313
                      35:-0.421
                      37: 0.208
 
 I= 13/2- (4)  5.996  26:-0.394
                      27:-0.158
                      28:-0.846
                      29: 0.052
                      31: 0.288
                      34:-0.127
 
 I= 13/2- (5)  6.989  25:-0.242
                      27:-0.058
                      28:-0.086
                      29: 0.138
                      30: 0.315
                      34: 0.623
                      35: 0.512
                      37: 0.400

             ENERGY     K= 9/2
  32 LEVELS    TIME=  0.0 SEC



 ******************* EXCITATION ENERGIES, DOMINANT CONFIGURATION AND EXPECTATION VALUES (WITH S.P. UU+VV FACTORS) *******************

  NR  Eex(keV)  I   Kdom  NY    <Jz>  <Jx**2> <Jy**2> <Jz**2> <I.j>/|I|  <Rx**2> <Ry**2> <Rz**2> <R.j>/|R|  <HROTx> <HROTy> <HROTz>

   1    0.0   3/2-  -3/2  34   -1.38    1.73    1.73    2.13    1.41       1.93    1.93   -0.00   -1.45      0.236   0.236  -0.000
   2  177.6   5/2-   5/2  35    1.19    2.21    2.21    4.72    2.36       1.96    1.96    0.00   -1.09      0.238   0.238   0.000
   3  242.5   9/2-   9/2  31    3.78    2.61    2.61   19.47    4.42       2.70    2.70    0.00   -1.15      0.330   0.330   0.000
   4  298.7  11/2-   1/2  32    0.00   26.28   26.28    2.67    6.92       4.10    4.10    0.00   -4.83      0.500   0.500   0.000
   5  629.0   1/2-   1/2  37    0.50    1.43    1.43    0.25    0.84       1.20    1.20    0.00   -1.53      0.146   0.146   0.000
  
   6  663.1   5/2-  -3/2  34   -0.67    1.73    1.73    2.91    1.05       4.45    4.45   -0.00   -1.09      0.542   0.542  -0.000
   7  669.9   7/2-  -7/2  28   -3.13    2.31    2.31   11.85    3.40       2.63    2.63    0.00   -1.30      0.321   0.321   0.000
   8  825.4   7/2-   5/2  35    0.84    2.20    2.20    4.43    1.90       4.75    4.75    0.00   -0.42      0.579   0.579   0.000
   9  842.1   3/2-  -3/2  30   -1.35    4.38    4.38    2.10    1.50       4.41    4.41    0.00   -2.68      0.538   0.538   0.000
  10  985.0   5/2-  -3/2  30    0.07    3.71    3.71    1.80    1.72       3.90    3.90    0.00   -1.48      0.475   0.475   0.000
  
  11 1013.4   1/2-   1/2  29    0.50    4.39    4.39    0.25    0.28       4.65    4.65    0.00   -2.88      0.567   0.567   0.000
  12 1237.3  11/2-   9/2  31    3.18    2.88    2.88   18.76    3.99       6.30    6.30    0.00   -0.19      0.768   0.768   0.000
  13 1271.2   7/2-  -3/2  34   -0.27    2.42    2.42    2.57    1.42       5.95    5.95    0.00   -0.52      0.726   0.726   0.000
  14 1294.1   7/2-   1/2  32    0.00   26.43   26.43    1.76    6.67       8.71    8.71    0.00   -6.74      1.062   1.062   0.000
  15 1397.0   9/2-   5/2  35    0.28    3.53    3.53    3.19    2.30       6.09    6.09    0.00    0.33      0.742   0.742   0.000
  
  16 1539.1   5/2-   1/2  37    0.17    2.01    2.01    0.70    0.56       5.09    5.09    0.00   -0.96      0.620   0.620   0.000
  17 1572.5   9/2-  -7/2  28   -2.64    2.48    2.48   11.67    2.95       6.03    6.03    0.00   -0.57      0.735   0.735   0.000
  18 2072.3  13/2-   5/2  36    0.02   25.32   25.32    7.69    6.46       8.43    8.43    0.00   -3.22      1.028   1.028   0.000
  19 2295.9   7/2-  -3/2  30   -0.37    3.91    3.91    2.85    0.75      10.24   10.24    0.00   -1.70      1.249   1.249   0.000
  20 2324.3   5/2-   1/2  29   -0.12    4.32    4.32    1.00   -0.37      10.29   10.29    0.00   -2.37      1.255   1.255   0.000
  
  21 2362.1   9/2-   5/2  36    0.00   25.65   25.65    6.56    6.22      10.35   10.35    0.00   -5.91      1.262   1.262   0.000
  22 2435.1   9/2-  -3/2  34   -0.66    2.46    2.46    2.18    1.09      10.48   10.48    0.00   -0.36      1.278   1.278   0.000
  23 2452.0  13/2-   9/2  31    2.68    3.11    3.11   18.11    3.68      10.87   10.87    0.00    0.29      1.325   1.325   0.000
  24 2687.5  11/2-  -7/2  28   -2.11    2.56    2.56   11.43    2.64      10.36   10.36    0.00   -0.17      1.263   1.263   0.000
  25 2774.9  11/2-   5/2  35    0.51    2.48    2.48    3.98    1.61      12.71   12.71    0.00    0.14      1.549   1.549   0.000
  
  26 3218.2  11/2-  -3/2  30   -0.28    3.04    3.04    2.38    1.53      12.94   12.94    0.00    0.14      1.578   1.578   0.000
  27 3361.7  13/2-  -3/2  30    0.02    4.33    4.33    2.21    2.37      13.28   13.28   -0.00    1.10      1.619   1.619  -0.000
  28 3585.2   1/2-   1/2  25    0.50    5.83    5.83    0.25    0.69       5.73    5.73   -0.00   -3.34      0.698   0.698  -0.000
  29 4064.3  13/2-  -7/2  28   -1.85    2.65    2.65   11.78    2.45      15.78   15.78    0.00    0.01      1.924   1.924   0.000
  30 5057.6  13/2-  -3/2  34    0.02    2.23    2.23    2.97    0.99      21.21   21.21    0.00   -0.08      2.585   2.585   0.000
  
  31 6387.8   1/2-   1/2  32    0.50   26.42   26.42    0.25   -3.86      30.26   30.26    0.00   -7.25      3.689   3.689   0.000
  32*******   1/2-  -3/2  33    0.00    0.00    0.00    0.00   -0.00       0.00    0.00    0.00   -0.00      0.000   0.000   0.000
