1SPECTRUM OF (Z= 82 A=207) IN PARTICLE-ROTOR  MODEL WITH MODIFIED OSCILLATOR POTENTIAL


 PARITY=-   EPS= 0.348   GAMMA=  0.0   EPS4=0.000   EPS6=0.000   LEVELS:  24  25  26  27  28  29  30  31  32  33  34  35  36  37  38

 PAIRING FACTORS: GN0= 19.20  GN1=  7.40  IPAIR= 15 ***  E2PLUS(INPUT)=   0.730  E2PLUR(INPUT)=   0.000

 CORIOLIS ATTENUATION PARAMETERS:  CHSI=1.000  ETA=  1.00

 MOMENT OF INERTIA PARAMETERS:   A1=  0.122 MEV   A2=  0.122 MEV   A3=121.91922 MEV


 DELTA=0.899 MEV  LAMBDA=53.3702 MEV   HW0= 7.5215 MEV   LAMBDA/HW0= 7.0956

 E2ENERGY=0.730 MEV  HBAR**2/B=22455./A**(7/3)=3796.0/A**2 MEV

 IREC=0  =>  RECOIL TERMS j+j-, j+j+, jzjz, ETC TREATED AS ONE-BODY OPERATORS WITH UU+VV PAIRING FACTORS



 S. P. LEVEL   EQP       U     V        (UU + VV)**1.00

     24       4.482    0.101 0.995      1.000 1.000 0.999 0.997 0.992 0.962 0.955 0.934 0.806 0.631 0.590 0.302 0.301 0.267 0.251
     25       4.225    0.107 0.994      1.000 1.000 0.999 0.997 0.993 0.964 0.957 0.936 0.809 0.636 0.595 0.308 0.307 0.273 0.257
     26       3.073    0.148 0.989      0.999 0.999 1.000 0.999 0.997 0.974 0.968 0.950 0.833 0.667 0.628 0.347 0.346 0.312 0.297
     27       2.514    0.182 0.983      0.997 0.997 0.999 1.000 0.999 0.981 0.976 0.960 0.851 0.693 0.654 0.379 0.378 0.345 0.329
     28       2.047    0.225 0.974      0.992 0.993 0.997 0.999 1.000 0.989 0.985 0.972 0.874 0.724 0.687 0.420 0.419 0.386 0.371
     29       1.314    0.368 0.930      0.962 0.964 0.974 0.981 0.989 1.000 1.000 0.996 0.937 0.819 0.788 0.550 0.549 0.519 0.505
     30       1.248    0.391 0.920      0.955 0.957 0.968 0.976 0.985 1.000 1.000 0.998 0.945 0.833 0.803 0.571 0.570 0.541 0.527
     31       1.121    0.449 0.894      0.934 0.936 0.950 0.960 0.972 0.996 0.998 1.000 0.964 0.866 0.839 0.622 0.621 0.593 0.580
     32       0.904    0.670 0.742      0.806 0.809 0.833 0.851 0.874 0.937 0.945 0.964 1.000 0.968 0.954 0.808 0.807 0.786 0.776
     33       0.979    0.835 0.550      0.631 0.636 0.667 0.693 0.724 0.819 0.833 0.866 0.968 1.000 0.999 0.930 0.929 0.916 0.909
     34       1.030    0.863 0.506      0.590 0.595 0.628 0.654 0.687 0.788 0.803 0.839 0.954 0.999 1.000 0.948 0.947 0.936 0.930
     35       2.247    0.979 0.204      0.302 0.308 0.347 0.379 0.420 0.550 0.571 0.622 0.808 0.930 0.948 1.000 1.000 0.999 0.999
     36       2.260    0.979 0.203      0.301 0.307 0.346 0.378 0.419 0.549 0.570 0.621 0.807 0.929 0.947 1.000 1.000 0.999 0.999
     37       2.708    0.986 0.168      0.267 0.273 0.312 0.345 0.386 0.519 0.541 0.593 0.786 0.916 0.936 0.999 0.999 1.000 1.000
     38       2.989    0.988 0.152      0.251 0.257 0.297 0.329 0.371 0.505 0.527 0.580 0.776 0.909 0.930 0.999 0.999 1.000 1.000

  R CORE   ENERGY   A0R/A00=1.000    R3= 0     2  
   2( 1)    0.732                    1.000 0.000
   2( 2)  487.921                    0.000 1.000

  R CORE   ENERGY   A0R/A00=1.000    R3= 0     2  
   3( 1)  488.652                    0.000 1.000

  R CORE   ENERGY   A0R/A00=1.000    R3= 0     2     4  
   4( 1)    2.438                    1.000 0.000 0.000

  R CORE   ENERGY   A0R/A00=1.000    R3= 0     2     4  
   5( 1)  490.847                    0.000 1.000 0.000

  R CORE   ENERGY   A0R/A00=1.000    R3= 0     2     4     6  
   6( 1)    5.121                    1.000 0.000 0.000 0.000

  R CORE   ENERGY   A0R/A00=1.000    R3= 0     2     4     6  
   7( 1)  494.017                    0.000 1.000 0.000 0.000

          AXIAL SYMMETRY => K RESTRICTED TO OMEGA

                     K
     S.P. ORB#: 24 -5.50
     S.P. ORB#: 25  0.50
     S.P. ORB#: 26  2.50
     S.P. ORB#: 27 -3.50
     S.P. ORB#: 28  0.50
     S.P. ORB#: 29 -1.50
     S.P. ORB#: 30  0.50
     S.P. ORB#: 31 -1.50
     S.P. ORB#: 32 -3.50
     S.P. ORB#: 33  2.50
     S.P. ORB#: 34  4.50
     S.P. ORB#: 35 -3.50
     S.P. ORB#: 36  0.50
     S.P. ORB#: 37 -1.50
     S.P. ORB#: 38  2.50
 

             ENERGY    K= OMEGA
 
 I=  1/2- (1)  2.502  30: 0.999
 
 I=  1/2- (2)  5.634  28: 0.331
                      36:-0.944
 
 I=  1/2- (3)  5.825  25: 0.999
 
 I=  1/2- (4)  8.796  28:-0.944
                      36:-0.331
 
 I=  1/2- (5)147.424  31:-1.000

             ENERGY    K= OMEGA
 
 I=  3/2- (1)  2.377  25: 0.083
                      30:-0.247
                      31: 0.965
 
 I=  3/2- (2)  2.549  25:-0.203
                      30:-0.902
                      31:-0.203
                      37:-0.322

             ENERGY    K= OMEGA
 
 I=  5/2- (1)  2.512  25:-0.263
                      30: 0.459
                      31: 0.798
                      37:-0.117
                      38:-0.262
 
 I=  5/2- (2)  3.365  26:-0.062
                      30: 0.694
                      31:-0.445
                      37:-0.543
                      38: 0.139
 
 I=  5/2- (3)  3.699  25:-0.116
                      30: 0.248
                      31: 0.159
                      37: 0.409
                      38: 0.854
 
 I=  5/2- (4)  4.351  26: 0.097
                      30: 0.452
                      31:-0.309
                      37: 0.713
                      38:-0.426
 
 I=  5/2- (5)  4.865  26: 0.992
                      37:-0.121

             ENERGY    K= OMEGA
 
 I=  7/2- (1)  1.724  26:-0.184
                      32: 0.981
 
 I=  7/2- (2)  3.335  25: 0.139
                      30:-0.261
                      31: 0.843
                      37:-0.139
                      38: 0.424
 
 I=  7/2- (3)  3.503  25:-0.311
                      30:-0.827
                      31:-0.258
                      37:-0.388
 
 I=  7/2- (4)  3.671  28:-0.693
                      29:-0.585
                      33:-0.386
                      35:-0.169
 
 I=  7/2- (5)  4.360  26: 0.209
                      27: 0.910
                      30: 0.128
                      31:-0.144
                      37:-0.141
                      38: 0.265

             ENERGY    K= OMEGA
 
 I=  9/2- (1)  1.939  26:-0.079
                      27: 0.179
                      32:-0.274
                      34:-0.942
 
 I=  9/2- (2)  2.710  26: 0.251
                      27: 0.092
                      32: 0.922
                      34:-0.272
 
 I=  9/2- (3)  3.570  25:-0.375
                      30: 0.496
                      31: 0.704
                      32:-0.063
                      37:-0.178
                      38:-0.287
 
 I=  9/2- (4)  4.655  28:-0.220
                      29: 0.558
                      33:-0.673
                      35: 0.433
 
 I=  9/2- (5)  5.209  26:-0.098
                      30: 0.592
                      31:-0.485
                      32: 0.057
                      37:-0.595
                      38: 0.214

             ENERGY    K= OMEGA
 
 I= 11/2- (1)  3.045  28:-0.667
                      29:-0.580
                      33:-0.412
                      35:-0.214
                      36:-0.059
 
 I= 11/2- (2)  3.046  26:-0.132
                      27:-0.243
                      32: 0.369
                      34:-0.887
 
 I= 11/2- (3)  3.928  26:-0.293
                      27: 0.136
                      31: 0.063
                      32: 0.867
                      34: 0.368
                      38: 0.064
 
 I= 11/2- (4)  5.237  25: 0.251
                      30:-0.076
                      31: 0.831
                      32:-0.087
                      37:-0.117
                      38: 0.467
 
 I= 11/2- (5)  5.358  25: 0.332
                      30: 0.831
                      31: 0.085
                      37: 0.425
                      38:-0.093

             ENERGY    K= OMEGA
 
 I= 13/2- (1)  4.373  26: 0.179
                      27:-0.284
                      32: 0.429
                      34: 0.838
 
 I= 13/2- (2)  5.103  28:-0.217
                      29: 0.550
                      33:-0.669
                      35: 0.450
 
 I= 13/2- (3)  5.345  25: 0.194
                      26:-0.290
                      27:-0.164
                      30:-0.207
                      31:-0.316
                      32:-0.726
                      34: 0.387
                      37: 0.056
                      38: 0.168
 
 I= 13/2- (4)  5.550  25: 0.400
                      26: 0.137
                      27: 0.062
                      30:-0.461
                      31:-0.581
                      32: 0.386
                      34:-0.189
                      37: 0.182
                      38: 0.222
 
 I= 13/2- (5)  7.412  24: 0.999

             ENERGY     K= 5/2
  32 LEVELS    TIME=  0.0 SEC



 ******************* EXCITATION ENERGIES, DOMINANT CONFIGURATION AND EXPECTATION VALUES (WITH S.P. UU+VV FACTORS) *******************

  NR  Eex(keV)  I   Kdom  NY    <Jz>  <Jx**2> <Jy**2> <Jz**2> <I.j>/|I|  <Rx**2> <Ry**2> <Rz**2> <R.j>/|R|  <HROTx> <HROTy> <HROTz>

   1    0.0   7/2-  -7/2  32   -3.29    2.31    2.31   12.04    3.32       3.04    3.04    0.00   -1.42      0.371   0.371   0.000
   2  214.6   9/2-   9/2  34    3.63    2.52    2.52   19.31    4.23       3.52    3.52    0.00   -1.25      0.429   0.429   0.000
   3  652.3   3/2-  -3/2  31   -1.36    4.80    4.80    2.11    1.40       5.03    5.03   -0.00   -2.84      0.613   0.613  -0.000
   4  777.7   1/2-   1/2  30    0.50    4.84    4.84    0.25    0.26       5.12    5.12   -0.00   -3.04      0.624   0.624  -0.000
   5  787.1   5/2-  -3/2  31   -0.66    4.90    4.90    1.97    2.08       4.09    4.09    0.00   -1.96      0.499   0.499   0.000
  
   6  824.4   3/2-   1/2  30    0.21    4.27    4.27    0.54    1.13       4.23    4.23   -0.00   -2.37      0.516   0.516  -0.000
   7  985.8   9/2-  -7/2  32   -2.51    2.40    2.40   12.42    2.87       6.73    6.73    0.00   -0.81      0.820   0.820   0.000
   8 1320.7  11/2-   1/2  28   -0.02   23.95   23.95    2.49    6.23       5.81    5.81    0.00   -3.85      0.708   0.708   0.000
   9 1321.3  11/2-   9/2  34    2.89    2.72    2.72   18.45    3.68       7.82    7.82    0.00   -0.48      0.953   0.953   0.000
  10 1610.2   7/2-  -3/2  31   -0.61    4.37    4.37    2.82    1.60       7.29    7.29    0.00   -1.36      0.889   0.889   0.000
  
  11 1640.9   5/2-   1/2  30   -0.44    3.69    3.69    1.38    0.65       6.83    6.83    0.00   -1.85      0.833   0.833   0.000
  12 1778.2   7/2-   1/2  30    0.07    4.12    4.12    0.70    1.30       7.18    7.18   -0.00   -1.00      0.876   0.876  -0.000
  13 1845.8   9/2-  -3/2  31   -0.40    5.04    5.04    1.85    2.22       7.30    7.30    0.00   -0.23      0.890   0.890   0.000
  14 1946.3   7/2-   1/2  28    0.00   23.59   23.59    2.17    6.11       8.32    8.32    0.00   -6.16      1.014   1.014   0.000
  15 1974.9   5/2-   5/2  38    1.58    2.11    2.11    5.03    1.80       3.67    3.67    0.00   -1.45      0.447   0.447   0.000
  
  16 2203.1  11/2-  -7/2  32   -1.87    2.49    2.49   12.75    2.57      11.40   11.40    0.00   -0.50      1.390   1.390   0.000
  17 2626.8   5/2-  -3/2  37   -0.33    2.92    2.92    2.60    0.08       8.35    8.35    0.00   -2.01      1.019   1.019   0.000
  18 2635.7   7/2-  -7/2  27   -2.67    5.72    5.72   10.96    2.91       7.52    7.52    0.00   -2.80      0.917   0.917   0.000
  19 2648.8  13/2-   9/2  34    2.30    2.90    2.90   17.68    3.31      13.03   13.03    0.00   -0.08      1.588   1.588   0.000
  20 2930.2   9/2-   5/2  33    0.03   24.32   24.32    5.84    5.26      13.46   13.46    0.00   -5.46      1.641   1.641   0.000
  
  21 3140.1   5/2-   5/2  26    2.44    5.97    5.97    6.18    2.05       7.37    7.37    0.00   -3.14      0.899   0.899   0.000
  22 3378.1  13/2-   5/2  33   -0.02   24.32   24.32    5.97    5.22      15.23   15.23    0.00   -3.29      1.857   1.857   0.000
  23 3484.8   9/2-  -3/2  37   -0.59    3.37    3.37    1.81    0.57      13.84   13.84    0.00   -1.09      1.688   1.688   0.000
  24 3512.7  11/2-  -3/2  31   -0.50    4.30    4.30    3.09    1.57      14.32   14.32    0.00   -0.43      1.745   1.745   0.000
  25 3620.6  13/2-  -7/2  32   -1.10    3.09    3.09   10.79    2.37      16.28   16.28    0.00   -0.07      1.984   1.984   0.000
  
  26 3633.9  11/2-   1/2  30    0.14    4.06    4.06    0.70    1.32      14.36   14.36   -0.00   -0.17      1.751   1.751  -0.000
  27 3825.6  13/2-  -3/2  31   -0.57    4.69    4.69    3.96    2.24      15.39   15.39    0.00    0.42      1.877   1.877   0.000
  28 3909.7   1/2-   1/2  36    0.50   12.30   12.30    0.25   -1.30      13.93   13.93    0.00   -4.92      1.699   1.699   0.000
  29 4100.8   1/2-   1/2  25    0.50    6.66    6.66    0.25    0.66       6.59    6.59    0.00   -3.58      0.803   0.803   0.000
  30 5687.3  13/2- -11/2  24   -5.49    2.76    2.76   30.20    4.32      12.04   12.04    0.00   -1.13      1.468   1.468   0.000
  
  31 7071.0   1/2-   1/2  28    0.50   24.03   24.03    0.25   -3.52      27.58   27.58    0.00   -6.92      3.363   3.363   0.000
  32*******   1/2-  -3/2  31    0.00    0.00    0.00    0.00   -0.00       0.00    0.00    0.00   -0.00      0.000   0.000   0.000
