1SPECTRUM OF (Z= 82 A=207) IN PARTICLE-ROTOR  MODEL WITH MODIFIED OSCILLATOR POTENTIAL


 PARITY=-   EPS= 0.340   GAMMA=  0.0   EPS4=0.000   EPS6=0.000   LEVELS:  24  25  26  27  28  29  30  31  32  33  34  35  36  37  38

 PAIRING FACTORS: GN0= 19.20  GN1=  7.40  IPAIR= 15 ***  E2PLUS(INPUT)=   0.730  E2PLUR(INPUT)=   0.000

 CORIOLIS ATTENUATION PARAMETERS:  CHSI=1.000  ETA=  1.00

 MOMENT OF INERTIA PARAMETERS:   A1=  0.122 MEV   A2=  0.122 MEV   A3=121.91922 MEV


 DELTA=0.909 MEV  LAMBDA=53.3478 MEV   HW0= 7.5162 MEV   LAMBDA/HW0= 7.0977

 E2ENERGY=0.730 MEV  HBAR**2/B=21434./A**(7/3)=3623.4/A**2 MEV

 IREC=0  =>  RECOIL TERMS j+j-, j+j+, jzjz, ETC TREATED AS ONE-BODY OPERATORS WITH UU+VV PAIRING FACTORS



 S. P. LEVEL   EQP       U     V        (UU + VV)**1.00

     24       4.597    0.099 0.995      1.000 1.000 0.999 0.997 0.988 0.957 0.948 0.938 0.839 0.630 0.593 0.297 0.287 0.274 0.257
     25       4.203    0.109 0.994      1.000 1.000 0.999 0.997 0.990 0.960 0.951 0.941 0.844 0.638 0.600 0.306 0.296 0.283 0.266
     26       3.121    0.147 0.989      0.999 0.999 1.000 0.999 0.994 0.970 0.962 0.954 0.864 0.667 0.631 0.343 0.332 0.320 0.303
     27       2.563    0.180 0.984      0.997 0.997 0.999 1.000 0.997 0.978 0.971 0.963 0.881 0.692 0.656 0.374 0.364 0.352 0.335
     28       1.877    0.250 0.968      0.988 0.990 0.994 0.997 1.000 0.990 0.985 0.980 0.912 0.741 0.709 0.440 0.429 0.417 0.401
     29       1.284    0.383 0.924      0.957 0.960 0.970 0.978 0.990 1.000 1.000 0.998 0.960 0.828 0.800 0.561 0.551 0.540 0.525
     30       1.211    0.412 0.911      0.948 0.951 0.962 0.971 0.985 1.000 1.000 1.000 0.969 0.845 0.819 0.586 0.577 0.566 0.552
     31       1.154    0.438 0.899      0.938 0.941 0.954 0.963 0.980 0.998 1.000 1.000 0.976 0.860 0.835 0.610 0.601 0.590 0.576
     32       0.931    0.625 0.781      0.839 0.844 0.864 0.881 0.912 0.960 0.969 0.976 1.000 0.951 0.936 0.769 0.762 0.753 0.741
     33       0.989    0.835 0.550      0.630 0.638 0.667 0.692 0.741 0.828 0.845 0.860 0.951 1.000 0.999 0.929 0.924 0.919 0.912
     34       1.036    0.860 0.510      0.593 0.600 0.631 0.656 0.709 0.800 0.819 0.835 0.936 0.999 1.000 0.945 0.941 0.937 0.931
     35       2.305    0.980 0.201      0.297 0.306 0.343 0.374 0.440 0.561 0.586 0.610 0.769 0.929 0.945 1.000 1.000 1.000 0.999
     36       2.436    0.982 0.190      0.287 0.296 0.332 0.364 0.429 0.551 0.577 0.601 0.762 0.924 0.941 1.000 1.000 1.000 1.000
     37       2.607    0.984 0.177      0.274 0.283 0.320 0.352 0.417 0.540 0.566 0.590 0.753 0.919 0.937 1.000 1.000 1.000 1.000
     38       2.887    0.987 0.159      0.257 0.266 0.303 0.335 0.401 0.525 0.552 0.576 0.741 0.912 0.931 0.999 1.000 1.000 1.000

  R CORE   ENERGY   A0R/A00=1.000    R3= 0     2  
   2( 1)    0.732                    1.000 0.000
   2( 2)  487.921                    0.000 1.000

  R CORE   ENERGY   A0R/A00=1.000    R3= 0     2  
   3( 1)  488.652                    0.000 1.000

  R CORE   ENERGY   A0R/A00=1.000    R3= 0     2     4  
   4( 1)    2.438                    1.000 0.000 0.000

  R CORE   ENERGY   A0R/A00=1.000    R3= 0     2     4  
   5( 1)  490.847                    0.000 1.000 0.000

  R CORE   ENERGY   A0R/A00=1.000    R3= 0     2     4     6  
   6( 1)    5.121                    1.000 0.000 0.000 0.000

  R CORE   ENERGY   A0R/A00=1.000    R3= 0     2     4     6  
   7( 1)  494.017                    0.000 1.000 0.000 0.000

          AXIAL SYMMETRY => K RESTRICTED TO OMEGA

                     K
     S.P. ORB#: 24 -5.50
     S.P. ORB#: 25  0.50
     S.P. ORB#: 26  2.50
     S.P. ORB#: 27 -3.50
     S.P. ORB#: 28  0.50
     S.P. ORB#: 29  0.50
     S.P. ORB#: 30 -1.50
     S.P. ORB#: 31 -1.50
     S.P. ORB#: 32 -3.50
     S.P. ORB#: 33  4.50
     S.P. ORB#: 34  2.50
     S.P. ORB#: 35 -3.50
     S.P. ORB#: 36  0.50
     S.P. ORB#: 37 -1.50
     S.P. ORB#: 38  2.50
 

             ENERGY    K= OMEGA
 
 I=  1/2- (1)  2.530  29: 0.999
 
 I=  1/2- (2)  5.786  28:-0.364
                      36: 0.932
 
 I=  1/2- (3)  5.788  25: 0.999
 
 I=  1/2- (4)  8.757  28: 0.932
                      36: 0.364
 
 I=  1/2- (5)147.457  31: 1.000

             ENERGY    K= OMEGA
 
 I=  3/2- (1)  2.401  25: 0.088
                      29:-0.229
                      31: 0.968
 
 I=  3/2- (2)  2.560  25:-0.200
                      29:-0.890
                      31:-0.176
                      37:-0.369

             ENERGY    K= OMEGA
 
 I=  5/2- (1)  2.521  25:-0.263
                      29: 0.456
                      31: 0.789
                      37:-0.130
                      38:-0.287
 
 I=  5/2- (2)  3.348  26:-0.064
                      29: 0.647
                      31:-0.440
                      37:-0.607
                      38: 0.118
 
 I=  5/2- (3)  3.606  25:-0.126
                      29: 0.291
                      31: 0.162
                      37: 0.362
                      38: 0.861
 
 I=  5/2- (4)  4.292  26:-0.076
                      29:-0.497
                      31: 0.334
                      37:-0.687
                      38: 0.403
 
 I=  5/2- (5)  4.910  26: 0.994
                      37:-0.102

             ENERGY    K= OMEGA
 
 I=  7/2- (1)  1.741  26: 0.189
                      32:-0.980
 
 I=  7/2- (2)  3.334  25:-0.132
                      29: 0.270
                      31:-0.821
                      37: 0.163
                      38:-0.455
 
 I=  7/2- (3)  3.505  25: 0.315
                      29: 0.805
                      31: 0.282
                      37: 0.413
 
 I=  7/2- (4)  3.587  28: 0.705
                      30: 0.583
                      34: 0.370
                      35: 0.159
 
 I=  7/2- (5)  4.382  26:-0.206
                      27:-0.827
                      29:-0.197
                      31: 0.216
                      37: 0.216
                      38:-0.376

             ENERGY    K= OMEGA
 
 I=  9/2- (1)  1.889  26: 0.076
                      27:-0.185
                      32: 0.255
                      33: 0.946
 
 I=  9/2- (2)  2.712  26:-0.259
                      27:-0.091
                      32:-0.925
                      33: 0.252
 
 I=  9/2- (3)  3.570  25:-0.375
                      29: 0.494
                      31: 0.697
                      32:-0.061
                      37:-0.188
                      38:-0.300
 
 I=  9/2- (4)  4.638  28: 0.224
                      30:-0.564
                      34: 0.668
                      35:-0.430
 
 I=  9/2- (5)  5.184  26:-0.100
                      29: 0.549
                      31:-0.483
                      32: 0.058
                      37:-0.647
                      38: 0.178

             ENERGY    K= OMEGA
 
 I= 11/2- (1)  2.948  28:-0.675
                      30:-0.579
                      34:-0.402
                      35:-0.208
                      36:-0.057
 
 I= 11/2- (2)  2.987  26:-0.129
                      27:-0.252
                      32: 0.348
                      33:-0.893
 
 I= 11/2- (3)  3.915  26:-0.302
                      27: 0.133
                      31: 0.061
                      32: 0.873
                      33: 0.347
                      38: 0.062
 
 I= 11/2- (4)  5.232  25:-0.229
                      29: 0.124
                      31:-0.810
                      32: 0.081
                      37: 0.155
                      38:-0.493
 
 I= 11/2- (5)  5.357  25: 0.349
                      29: 0.812
                      31: 0.147
                      37: 0.435
                      38:-0.068

             ENERGY    K= OMEGA
 
 I= 13/2- (1)  4.304  26: 0.175
                      27:-0.294
                      32: 0.408
                      33: 0.846
 
 I= 13/2- (2)  5.061  28:-0.219
                      30: 0.553
                      34:-0.666
                      35: 0.450
 
 I= 13/2- (3)  5.324  25: 0.174
                      26:-0.306
                      27:-0.163
                      29:-0.183
                      31:-0.284
                      32:-0.753
                      33: 0.375
                      38: 0.158
 
 I= 13/2- (4)  5.539  25: 0.410
                      26: 0.127
                      27: 0.053
                      29:-0.469
                      31:-0.592
                      32: 0.349
                      33:-0.164
                      37: 0.192
                      38: 0.238
 
 I= 13/2- (5)  7.526  24: 0.998

             ENERGY     K= 5/2
  32 LEVELS    TIME=  0.0 SEC



 ******************* EXCITATION ENERGIES, DOMINANT CONFIGURATION AND EXPECTATION VALUES (WITH S.P. UU+VV FACTORS) *******************

  NR  Eex(keV)  I   Kdom  NY    <Jz>  <Jx**2> <Jy**2> <Jz**2> <I.j>/|I|  <Rx**2> <Ry**2> <Rz**2> <R.j>/|R|  <HROTx> <HROTy> <HROTz>

   1    0.0   7/2-  -7/2  32   -3.28    2.31    2.31   12.03    3.33       2.98    2.98    0.00   -1.40      0.363   0.363   0.000
   2  147.9   9/2-   9/2  33    3.69    2.53    2.53   19.37    4.25       3.44    3.44    0.00   -1.25      0.419   0.419   0.000
   3  659.5   3/2-  -3/2  31   -1.38    4.76    4.76    2.13    1.40       4.98    4.98    0.00   -2.83      0.607   0.607   0.000
   4  779.6   5/2-  -3/2  31   -0.61    4.83    4.83    2.03    2.12       3.94    3.94    0.00   -1.93      0.480   0.480   0.000
   5  788.2   1/2-   1/2  29    0.50    4.81    4.81    0.25    0.27       5.08    5.08    0.00   -3.03      0.620   0.620   0.000
  
   6  818.1   3/2-   1/2  29    0.17    4.14    4.14    0.58    1.18       4.03    4.03    0.00   -2.32      0.491   0.491   0.000
   7  971.0   9/2-  -7/2  32   -2.57    2.41    2.41   12.32    2.88       6.61    6.61    0.00   -0.77      0.806   0.806   0.000
   8 1206.2  11/2-   1/2  28   -0.02   24.16   24.16    2.41    6.27       5.78    5.78    0.00   -3.90      0.705   0.705   0.000
   9 1245.5  11/2-   9/2  33    2.98    2.74    2.74   18.55    3.72       7.66    7.66   -0.00   -0.46      0.934   0.934  -0.000
  10 1592.8   7/2-  -3/2  31   -0.50    4.25    4.25    2.92    1.65       7.05    7.05    0.00   -1.30      0.859   0.859   0.000
  
  11 1606.5   5/2-   1/2  29   -0.59    3.43    3.43    1.48    0.71       6.44    6.44    0.00   -1.74      0.785   0.785   0.000
  12 1764.1   7/2-   1/2  29    0.00    4.01    4.01    0.77    1.32       7.02    7.02    0.00   -0.95      0.856   0.856   0.000
  13 1828.7   9/2-  -3/2  31   -0.38    4.98    4.98    1.88    2.24       7.17    7.17    0.00   -0.19      0.875   0.875   0.000
  14 1845.9   7/2-   1/2  28   -0.01   23.79   23.79    2.06    6.13       8.37    8.37    0.00   -6.19      1.021   1.021   0.000
  15 1864.6   5/2-   5/2  38    1.67    2.19    2.19    5.02    1.80       3.76    3.76    0.00   -1.49      0.458   0.458   0.000
  
  16 2173.4  11/2-  -7/2  32   -1.96    2.50    2.50   12.60    2.58      11.22   11.22    0.00   -0.45      1.368   1.368   0.000
  17 2550.3   5/2-  -3/2  37   -0.33    3.08    3.08    2.43   -0.01       8.71    8.71    0.00   -2.07      1.062   1.062   0.000
  18 2562.8  13/2-   9/2  33    2.40    2.92    2.92   17.80    3.35      12.79   12.79    0.00   -0.05      1.560   1.560   0.000
  19 2640.8   7/2-  -7/2  27   -2.06    5.19    5.19    9.75    2.60       7.64    7.64    0.00   -2.52      0.932   0.932   0.000
  20 2896.7   9/2-   5/2  34    0.01   24.46   24.46    5.78    5.29      13.41   13.41    0.00   -5.48      1.635   1.635   0.000
  
  21 3168.3   5/2-   5/2  26    2.45    5.98    5.98    6.20    2.06       7.36    7.36    0.00   -3.15      0.897   0.897   0.000
  22 3319.9  13/2-   5/2  34   -0.03   24.45   24.45    5.95    5.26      15.07   15.07    0.00   -3.30      1.837   1.837   0.000
  23 3442.9   9/2-  -3/2  37   -0.74    3.17    3.17    1.86    0.59      13.56   13.56    0.00   -1.01      1.653   1.653   0.000
  24 3490.1  11/2-  -3/2  31   -0.40    4.19    4.19    3.18    1.58      14.19   14.19    0.00   -0.39      1.730   1.730   0.000
  25 3582.5  13/2-  -7/2  32   -1.24    2.98    2.98   11.08    2.39      16.21   16.21    0.00   -0.06      1.976   1.976   0.000
  
  26 3615.6  11/2-   1/2  29    0.08    3.99    3.99    0.73    1.34      14.19   14.19    0.00   -0.12      1.730   1.730   0.000
  27 3797.3  13/2-  -3/2  31   -0.52    4.76    4.76    3.50    2.26      15.12   15.12    0.00    0.50      1.843   1.843   0.000
  28 4044.1   1/2-   1/2  36    0.50   12.33   12.33    0.25   -1.40      14.04   14.04    0.00   -4.93      1.712   1.712   0.000
  29 4046.4   1/2-   1/2  25    0.50    6.60    6.60    0.25    0.66       6.52    6.52    0.00   -3.56      0.795   0.795   0.000
  30 5785.1  13/2- -11/2  24   -5.49    2.76    2.76   30.20    4.32      12.04   12.04    0.00   -1.13      1.468   1.468   0.000
  
  31 7015.4   1/2-   1/2  28    0.50   24.34   24.34    0.25   -3.54      27.91   27.91    0.00   -6.96      3.403   3.403   0.000
  32*******   1/2-  -3/2  31    0.00    0.00    0.00    0.00   -0.00       0.00    0.00    0.00   -0.00      0.000   0.000   0.000
