1SPECTRUM OF (Z= 82 A=207) IN PARTICLE-ROTOR  MODEL WITH MODIFIED OSCILLATOR POTENTIAL


 PARITY=-   EPS= 0.180   GAMMA=  0.0   EPS4=0.000   EPS6=0.000   LEVELS:  25  26  27  28  29  30  31  32  33  34  35  36  37  38  39

 PAIRING FACTORS: GN0= 19.20  GN1=  7.40  IPAIR= 15 ***  E2PLUS(INPUT)=   0.730  E2PLUR(INPUT)=   0.000

 CORIOLIS ATTENUATION PARAMETERS:  CHSI=1.000  ETA=  1.00

 MOMENT OF INERTIA PARAMETERS:   A1=  0.122 MEV   A2=  0.122 MEV   A3=121.91924 MEV


 DELTA=0.908 MEV  LAMBDA=53.4550 MEV   HW0= 7.4388 MEV   LAMBDA/HW0= 7.1859

 E2ENERGY=0.730 MEV  HBAR**2/B= 6008./A**(7/3)=1015.6/A**2 MEV

 IREC=0  =>  RECOIL TERMS j+j-, j+j+, jzjz, ETC TREATED AS ONE-BODY OPERATORS WITH UU+VV PAIRING FACTORS



 S. P. LEVEL   EQP       U     V        (UU + VV)**1.00

     25       4.318    0.106 0.994      1.000 1.000 1.000 0.999 0.996 0.994 0.992 0.799 0.696 0.470 0.390 0.352 0.301 0.257 0.223
     26       3.902    0.117 0.993      1.000 1.000 1.000 0.999 0.997 0.995 0.993 0.806 0.704 0.480 0.401 0.363 0.312 0.268 0.234
     27       3.810    0.120 0.993      1.000 1.000 1.000 0.999 0.997 0.996 0.994 0.807 0.706 0.482 0.403 0.365 0.315 0.271 0.237
     28       2.906    0.158 0.987      0.999 0.999 0.999 1.000 0.999 0.998 0.997 0.829 0.733 0.516 0.438 0.401 0.351 0.308 0.274
     29       2.368    0.195 0.981      0.996 0.997 0.997 0.999 1.000 1.000 0.999 0.850 0.758 0.548 0.472 0.435 0.386 0.343 0.311
     30       2.188    0.212 0.977      0.994 0.995 0.996 0.998 1.000 1.000 1.000 0.859 0.769 0.562 0.487 0.451 0.402 0.359 0.327
     31       2.028    0.230 0.973      0.992 0.993 0.994 0.997 0.999 1.000 1.000 0.868 0.780 0.577 0.503 0.467 0.419 0.376 0.344
     32       0.910    0.683 0.731      0.799 0.806 0.807 0.829 0.850 0.859 0.868 1.000 0.988 0.906 0.866 0.844 0.814 0.787 0.765
     33       0.936    0.788 0.616      0.696 0.704 0.706 0.733 0.758 0.769 0.780 0.988 1.000 0.961 0.933 0.917 0.895 0.873 0.856
     34       1.310    0.928 0.374      0.470 0.480 0.482 0.516 0.548 0.562 0.577 0.906 0.961 1.000 0.996 0.992 0.983 0.974 0.965
     35       1.633    0.957 0.291      0.390 0.401 0.403 0.438 0.472 0.487 0.503 0.866 0.933 0.996 1.000 0.999 0.996 0.990 0.985
     36       1.870    0.968 0.251      0.352 0.363 0.365 0.401 0.435 0.451 0.467 0.844 0.917 0.992 0.999 1.000 0.999 0.995 0.991
     37       2.332    0.980 0.199      0.301 0.312 0.315 0.351 0.386 0.402 0.419 0.814 0.895 0.983 0.996 0.999 1.000 0.999 0.997
     38       3.000    0.988 0.153      0.257 0.268 0.271 0.308 0.343 0.359 0.376 0.787 0.873 0.974 0.990 0.995 0.999 1.000 0.999
     39       3.847    0.993 0.119      0.223 0.234 0.237 0.274 0.311 0.327 0.344 0.765 0.856 0.965 0.985 0.991 0.997 0.999 1.000

  R CORE   ENERGY   A0R/A00=1.000    R3= 0     2  
   2( 1)    0.732                    1.000 0.000
   2( 2)  487.921                    0.000 1.000

  R CORE   ENERGY   A0R/A00=1.000    R3= 0     2  
   3( 1)  488.652                    0.000 1.000

  R CORE   ENERGY   A0R/A00=1.000    R3= 0     2     4  
   4( 1)    2.438                    1.000 0.000 0.000

  R CORE   ENERGY   A0R/A00=1.000    R3= 0     2     4  
   5( 1)  490.847                    0.000 1.000 0.000

  R CORE   ENERGY   A0R/A00=1.000    R3= 0     2     4     6  
   6( 1)    5.121                    1.000 0.000 0.000 0.000

  R CORE   ENERGY   A0R/A00=1.000    R3= 0     2     4     6  
   7( 1)  494.017                    0.000 1.000 0.000 0.000

          AXIAL SYMMETRY => K RESTRICTED TO OMEGA

                     K
     S.P. ORB#: 25  2.50
     S.P. ORB#: 26  0.50
     S.P. ORB#: 27 -3.50
     S.P. ORB#: 28 -3.50
     S.P. ORB#: 29  4.50
     S.P. ORB#: 30  0.50
     S.P. ORB#: 31 -1.50
     S.P. ORB#: 32 -1.50
     S.P. ORB#: 33  2.50
     S.P. ORB#: 34  0.50
     S.P. ORB#: 35  0.50
     S.P. ORB#: 36 -1.50
     S.P. ORB#: 37  2.50
     S.P. ORB#: 38 -3.50
     S.P. ORB#: 39  4.50
 

             ENERGY    K= OMEGA
 
 I=  1/2- (1)  1.551  26:-0.062
                      34:-0.998
 
 I=  1/2- (2)  3.204  30: 1.000
 
 I=  1/2- (3)  5.034  26: 0.998
                      34:-0.062
 
 I=  1/2- (4)  9.686  35:-1.000
 
 I=  1/2- (5)147.213  32:-1.000

             ENERGY    K= OMEGA
 
 I=  3/2- (1)  1.382  30: 0.192
                      31: 0.111
                      32: 0.970
                      34:-0.084
 
 I=  3/2- (2)  2.208  30:-0.145
                      31:-0.119
                      32: 0.127
                      34: 0.974
 
 I=  3/2- (3)  3.052  26: 0.102
                      30:-0.282
                      31: 0.949
                      32:-0.051
                      34: 0.080
 
 I=  3/2- (4)  3.410  26:-0.382
                      30:-0.865
                      31:-0.191
                      32: 0.197
                      34:-0.177
 
 I=  3/2- (5)  6.127  26: 0.917
                      30:-0.338
                      31:-0.190
                      34:-0.081

             ENERGY    K= OMEGA
 
 I=  5/2- (1)  1.407  26: 0.051
                      30:-0.133
                      31:-0.185
                      32: 0.401
                      33: 0.883
                      34:-0.069
 
 I=  5/2- (2)  1.993  30:-0.229
                      31: 0.165
                      32: 0.873
                      33:-0.393
 
 I=  5/2- (3)  2.232  30:-0.136
                      31:-0.176
                      33:-0.127
                      34:-0.966
 
 I=  5/2- (4)  3.282  26: 0.390
                      30:-0.458
                      31:-0.737
                      32:-0.079
                      33:-0.192
                      34: 0.228
 
 I=  5/2- (5)  4.549  26:-0.065
                      30: 0.796
                      31:-0.531
                      32: 0.260
                      33:-0.106

             ENERGY    K= OMEGA
 
 I=  7/2- (1)  2.036  30: 0.178
                      31:-0.219
                      32: 0.492
                      33:-0.822
 
 I=  7/2- (2)  2.639  25:-0.066
                      26:-0.175
                      28: 0.061
                      30:-0.352
                      31:-0.292
                      32:-0.723
                      33:-0.433
                      34: 0.203
 
 I=  7/2- (3)  3.633  25:-0.246
                      27:-0.108
                      28: 0.943
                      30: 0.066
                      31: 0.076
                      34:-0.162
 
 I=  7/2- (4)  3.823  26: 0.072
                      28:-0.178
                      30: 0.137
                      31: 0.198
                      32:-0.307
                      33:-0.201
                      34:-0.877
 
 I=  7/2- (5)  4.047  35: 0.721
                      36: 0.575
                      37: 0.356
                      38: 0.152

             ENERGY    K= OMEGA
 
 I=  9/2- (1)  2.693  26: 0.176
                      27:-0.079
                      29: 0.116
                      30:-0.302
                      31:-0.358
                      32: 0.469
                      33: 0.689
                      34:-0.182
 
 I=  9/2- (2)  3.109  25: 0.083
                      27: 0.253
                      28: 0.201
                      29:-0.932
                      30:-0.056
                      31:-0.065
                      32: 0.059
                      33: 0.078
 
 I=  9/2- (3)  3.822  25: 0.109
                      28: 0.131
                      30: 0.167
                      31:-0.321
                      32:-0.737
                      33: 0.273
                      34:-0.467
 
 I=  9/2- (4)  3.859  25:-0.053
                      26: 0.080
                      28:-0.097
                      30:-0.304
                      31:-0.062
                      32: 0.212
                      33:-0.533
                      34:-0.744
 
 I=  9/2- (5)  4.556  25:-0.314
                      27: 0.127
                      28:-0.899
                      29:-0.189
                      30: 0.084
                      31:-0.058
                      32:-0.141
                      33: 0.102

             ENERGY    K= OMEGA
 
 I= 11/2- (1)  2.795  35:-0.656
                      36:-0.564
                      37:-0.415
                      38:-0.255
                      39:-0.116
 
 I= 11/2- (2)  3.863  25:-0.110
                      27: 0.221
                      28: 0.140
                      29: 0.441
                      30:-0.226
                      31: 0.243
                      32:-0.472
                      33: 0.626
 
 I= 11/2- (3)  4.112  25: 0.097
                      27:-0.264
                      28:-0.238
                      29:-0.771
                      30:-0.153
                      31: 0.158
                      32:-0.290
                      33: 0.371
 
 I= 11/2- (4)  4.614  25:-0.095
                      26:-0.288
                      28: 0.110
                      30:-0.422
                      31:-0.401
                      32:-0.555
                      33:-0.432
                      34: 0.246
 
 I= 11/2- (5)  5.663  25:-0.372
                      26: 0.089
                      27:-0.164
                      28: 0.849
                      29:-0.261
                      30: 0.108
                      31: 0.104
                      34:-0.124

             ENERGY    K= OMEGA
 
 I= 13/2- (1)  4.413  35:-0.183
                      36: 0.478
                      37:-0.601
                      38: 0.530
                      39:-0.311
 
 I= 13/2- (2)  4.689  25:-0.076
                      26: 0.281
                      27:-0.124
                      28:-0.069
                      29: 0.172
                      30:-0.391
                      31:-0.437
                      32: 0.425
                      33: 0.541
                      34:-0.223
 
 I= 13/2- (3)  5.230  25: 0.175
                      26: 0.093
                      27: 0.370
                      28: 0.316
                      29:-0.820
                      30:-0.117
                      31:-0.133
                      32: 0.064
                      33: 0.081
                      34:-0.092
 
 I= 13/2- (4)  6.460  25:-0.100
                      26:-0.122
                      28:-0.088
                      29:-0.126
                      31: 0.275
                      32: 0.528
                      33: 0.219
                      34: 0.740
 
 I= 13/2- (5)  6.549  25:-0.206
                      27: 0.113
                      28:-0.330
                      29:-0.089
                      30:-0.340
                      31: 0.182
                      32: 0.463
                      33:-0.619
                      34:-0.280

             ENERGY     K= 9/2
  35 LEVELS    TIME=  0.0 SEC



 ******************* EXCITATION ENERGIES, DOMINANT CONFIGURATION AND EXPECTATION VALUES (WITH S.P. UU+VV FACTORS) *******************

  NR  Eex(keV)  I   Kdom  NY    <Jz>  <Jx**2> <Jy**2> <Jz**2> <I.j>/|I|  <Rx**2> <Ry**2> <Rz**2> <R.j>/|R|  <HROTx> <HROTy> <HROTz>

   1    0.0   3/2-  -3/2  32   -1.41    1.52    1.52    2.16    1.46       1.64    1.64   -0.00   -1.31      0.200   0.200  -0.000
   2   24.8   5/2-   5/2  33    1.67    1.84    1.84    5.32    2.44       1.67    1.67   -0.00   -0.98      0.203   0.203  -0.000
   3  168.8   1/2-   1/2  34    0.50    1.17    1.17    0.25    0.84       0.95    0.95    0.00   -1.36      0.116   0.116   0.000
   4  611.3   5/2-  -3/2  32   -0.76    1.54    1.54    2.77    1.12       4.00    4.00   -0.00   -0.90      0.487   0.487  -0.000
   5  654.0   7/2-   5/2  33    1.27    1.95    1.95    4.91    2.05       4.13    4.13   -0.00   -0.23      0.504   0.504  -0.000
  
   6  826.2   3/2-   1/2  34    0.44    1.28    1.28    0.31   -0.15       3.59    3.59   -0.00   -1.18      0.438   0.438  -0.000
   7  849.5   5/2-   1/2  34    0.47    1.50    1.50    0.41    0.82       3.65    3.65   -0.00   -0.36      0.445   0.445  -0.000
   8 1257.4   7/2-  -3/2  32   -0.35    1.70    1.70    2.67    1.37       5.49    5.49   -0.00   -0.20      0.670   0.670  -0.000
   9 1311.0   9/2-   5/2  33    0.78    2.71    2.71    4.16    2.33       5.58    5.58   -0.00    0.60      0.680   0.680  -0.000
  10 1412.8  11/2-   1/2  35    0.00   28.13   28.13    2.97    7.36       3.48    3.48   -0.00   -5.77      0.424   0.424  -0.000
  
  11 1670.3   3/2-  -3/2  31   -1.31    3.93    3.93    2.06    1.41       4.10    4.10    0.00   -2.51      0.500   0.500   0.000
  12 1727.3   9/2-   9/2  29    3.56    2.69    2.69   18.96    4.41       2.58    2.58   -0.00   -1.04      0.315   0.315  -0.000
  13 1822.2   1/2-   1/2  30    0.50    4.01    4.01    0.25    0.40       4.16    4.16   -0.00   -2.75      0.507   0.507  -0.000
  14 1900.0   5/2-  -3/2  31   -0.53    3.80    3.80    1.57    1.61       4.19    4.19   -0.00   -1.52      0.510   0.510  -0.000
  15 2027.7   3/2-   1/2  30    0.35    3.27    3.27    0.40    0.53       4.33    4.33   -0.00   -2.01      0.527   0.527  -0.000
  
  16 2251.3   7/2-  -7/2  28   -3.00    2.36    2.36   11.44    3.32       2.79    2.79   -0.00   -1.27      0.340   0.340  -0.000
  17 2439.5   9/2-  -3/2  32   -0.68    1.45    1.45    2.31    0.88      10.60   10.60   -0.00   -0.18      1.293   1.293  -0.000
  18 2441.0   7/2-   1/2  34    0.19    1.62    1.62    1.14   -0.00      10.07   10.07   -0.00   -0.98      1.228   1.228  -0.000
  19 2476.7   9/2-   1/2  34    0.93    1.98    1.98    2.21    1.01      10.43   10.43   -0.00   -0.25      1.272   1.272  -0.000
  20 2481.3  11/2-   5/2  33    1.25    2.55    2.55    7.94    2.50       9.46    9.46   -0.00    0.44      1.153   1.153  -0.000
  
  21 2665.0   7/2-   1/2  35   -0.00   28.49   28.49    1.95    7.12       9.09    9.09   -0.00   -7.19      1.108   1.108  -0.000
  22 2730.1  11/2-   9/2  29    2.45    2.71    2.71   14.75    3.36       7.90    7.90   -0.00   -0.03      0.963   0.963  -0.000
  23 3031.1  13/2-   5/2  37    0.03   26.27   26.27    8.17    6.74       7.70    7.70    0.00   -3.49      0.938   0.938   0.000
  24 3167.3   5/2-   1/2  30   -0.17    4.06    4.06    1.02   -0.44      10.24   10.24   -0.00   -2.31      1.249   1.249  -0.000
  25 3174.4   9/2-  -7/2  28   -2.48    2.50    2.50   11.56    2.85       6.49    6.49   -0.00   -0.66      0.791   0.791  -0.000
  
  26 3231.8  11/2-  -3/2  32   -0.10    2.07    2.07    2.54    1.52      12.13   12.13    0.00    0.49      1.479   1.479   0.000
  27 3307.0  13/2-   5/2  33    0.39    3.46    3.46    3.61    2.49      12.27   12.27   -0.00    1.38      1.495   1.495  -0.000
  28 3652.3   1/2-   1/2  26    0.50    4.78    4.78    0.25    0.68       4.69    4.69    0.00   -3.01      0.572   0.572   0.000
  29 3847.7  13/2-   9/2  29    2.28    3.32    3.32   16.82    3.66      10.54   10.54   -0.00    0.46      1.285   1.285  -0.000
  30 4280.7  11/2-  -7/2  28   -1.96    2.64    2.64   11.43    2.60      10.70   10.70   -0.00   -0.26      1.304   1.304  -0.000
  
  31 4745.2   3/2-   1/2  26    0.43    5.38    5.38    0.32   -1.48      10.29   10.29   -0.00   -3.08      1.255   1.255  -0.000
  32 5077.5  13/2-   1/2  34   -0.06    1.64    1.64    1.73    0.84      21.01   21.01   -0.00    0.13      2.562   2.562  -0.000
  33 5166.7  13/2-   5/2  33    0.40    2.07    2.07    4.92    1.21      20.48   20.48   -0.00   -0.10      2.497   2.497  -0.000
  34 8303.9   1/2-   1/2  35    0.50   28.98   28.98    0.25   -4.09      33.03   33.03    0.00   -7.60      4.026   4.026   0.000
  35*******   1/2-  -3/2  32    0.00    0.00    0.00    0.00   -0.00       0.00    0.00    0.00   -0.00      0.000   0.000   0.000
  
