1SPECTRUM OF (Z= 82 A=207) IN PARTICLE-ROTOR  MODEL WITH MODIFIED OSCILLATOR POTENTIAL


 PARITY=-   EPS= 0.498   GAMMA=  0.0   EPS4=0.000   EPS6=0.000   LEVELS:  25  26  27  28  29  30  31  32  33  34  35  36  37  38  39

 PAIRING FACTORS: GN0= 19.20  GN1=  7.40  IPAIR= 15 ***  E2PLUS(INPUT)=   0.730  E2PLUR(INPUT)=   0.000

 CORIOLIS ATTENUATION PARAMETERS:  CHSI=1.000  ETA=  1.00

 MOMENT OF INERTIA PARAMETERS:   A1=  0.122 MEV   A2=  0.122 MEV   A3=121.91924 MEV


 DELTA=0.849 MEV  LAMBDA=53.4115 MEV   HW0= 7.6527 MEV   LAMBDA/HW0= 6.9795

 E2ENERGY=0.730 MEV  HBAR**2/B=45985./A**(7/3)=7773.6/A**2 MEV

 IREC=0  =>  RECOIL TERMS j+j-, j+j+, jzjz, ETC TREATED AS ONE-BODY OPERATORS WITH UU+VV PAIRING FACTORS



 S. P. LEVEL   EQP       U     V        (UU + VV)**1.00

     25       4.026    0.106 0.994      1.000 1.000 0.990 0.987 0.981 0.973 0.957 0.560 0.499 0.361 0.336 0.277 0.258 0.232 0.199
     26       3.680    0.116 0.993      1.000 1.000 0.992 0.988 0.983 0.975 0.960 0.569 0.508 0.371 0.345 0.287 0.267 0.241 0.209
     27       1.803    0.243 0.970      0.990 0.992 1.000 1.000 0.999 0.995 0.988 0.669 0.614 0.487 0.463 0.408 0.389 0.364 0.333
     28       1.657    0.266 0.964      0.987 0.988 1.000 1.000 1.000 0.997 0.991 0.687 0.633 0.508 0.484 0.429 0.411 0.386 0.355
     29       1.508    0.295 0.956      0.981 0.983 0.999 1.000 1.000 0.999 0.995 0.708 0.656 0.533 0.510 0.456 0.438 0.414 0.383
     30       1.347    0.334 0.942      0.973 0.975 0.995 0.997 0.999 1.000 0.998 0.737 0.687 0.568 0.546 0.493 0.475 0.452 0.422
     31       1.185    0.389 0.921      0.957 0.960 0.988 0.991 0.995 0.998 1.000 0.776 0.729 0.616 0.594 0.543 0.526 0.503 0.474
     32       1.025    0.883 0.469      0.560 0.569 0.669 0.687 0.708 0.737 0.776 1.000 0.997 0.975 0.968 0.951 0.945 0.936 0.923
     33       1.148    0.915 0.404      0.499 0.508 0.614 0.633 0.656 0.687 0.729 0.997 1.000 0.988 0.984 0.971 0.966 0.959 0.949
     34       1.689    0.965 0.260      0.361 0.371 0.487 0.508 0.533 0.568 0.616 0.975 0.988 1.000 1.000 0.996 0.994 0.991 0.986
     35       1.868    0.972 0.234      0.336 0.345 0.463 0.484 0.510 0.546 0.594 0.968 0.984 1.000 1.000 0.998 0.997 0.994 0.990
     36       2.482    0.985 0.174      0.277 0.287 0.408 0.429 0.456 0.493 0.543 0.951 0.971 0.996 0.998 1.000 1.000 0.999 0.997
     37       2.797    0.988 0.154      0.258 0.267 0.389 0.411 0.438 0.475 0.526 0.945 0.966 0.994 0.997 1.000 1.000 1.000 0.998
     38       3.370    0.992 0.127      0.232 0.241 0.364 0.386 0.414 0.452 0.503 0.936 0.959 0.991 0.994 0.999 1.000 1.000 0.999
     39       4.539    0.996 0.094      0.199 0.209 0.333 0.355 0.383 0.422 0.474 0.923 0.949 0.986 0.990 0.997 0.998 0.999 1.000

  R CORE   ENERGY   A0R/A00=1.000    R3= 0     2  
   2( 1)    0.732                    1.000 0.000
   2( 2)  487.921                    0.000 1.000

  R CORE   ENERGY   A0R/A00=1.000    R3= 0     2  
   3( 1)  488.652                    0.000 1.000

  R CORE   ENERGY   A0R/A00=1.000    R3= 0     2     4  
   4( 1)    2.438                    1.000 0.000 0.000

  R CORE   ENERGY   A0R/A00=1.000    R3= 0     2     4  
   5( 1)  490.847                    0.000 1.000 0.000

  R CORE   ENERGY   A0R/A00=1.000    R3= 0     2     4     6  
   6( 1)    5.121                    1.000 0.000 0.000 0.000

  R CORE   ENERGY   A0R/A00=1.000    R3= 0     2     4     6  
   7( 1)  494.017                    0.000 1.000 0.000 0.000

          AXIAL SYMMETRY => K RESTRICTED TO OMEGA

                     K
     S.P. ORB#: 25  0.50
     S.P. ORB#: 26 -1.50
     S.P. ORB#: 27 -5.50
     S.P. ORB#: 28  2.50
     S.P. ORB#: 29  2.50
     S.P. ORB#: 30  0.50
     S.P. ORB#: 31 -3.50
     S.P. ORB#: 32  0.50
     S.P. ORB#: 33 -1.50
     S.P. ORB#: 34 -3.50
     S.P. ORB#: 35  0.50
     S.P. ORB#: 36 -1.50
     S.P. ORB#: 37 -3.50
     S.P. ORB#: 38  4.50
     S.P. ORB#: 39  4.50
 

             ENERGY    K= OMEGA
 
 I=  1/2- (1)  2.421  32: 0.999
 
 I=  1/2- (2)  4.546  30:-0.902
                      35: 0.431
 
 I=  1/2- (3)  5.847  25: 0.999
 
 I=  1/2- (4)  6.219  30: 0.431
                      35: 0.902
 
 I=  1/2- (5)147.451  33:-1.000

             ENERGY    K= OMEGA
 
 I=  3/2- (1)  2.475  32: 0.727
                      33:-0.687
 
 I=  3/2- (2)  2.708  25:-0.132
                      32:-0.679
                      33:-0.722

             ENERGY    K= OMEGA
 
 I=  5/2- (1)  2.950  25: 0.186
                      28:-0.130
                      32:-0.525
                      33:-0.821
 
 I=  5/2- (2)  3.467  28:-0.961
                      32: 0.272
 
 I=  5/2- (3)  3.657  28:-0.244
                      32:-0.794
                      33: 0.555
 
 I=  5/2- (4)  4.905  26:-0.126
                      29: 0.111
                      30: 0.811
                      35:-0.502
                      36:-0.248
 
 I=  5/2- (5)  6.452  26:-0.469
                      29: 0.834
                      35: 0.289

             ENERGY    K= OMEGA
 
 I=  7/2- (1)  3.125  28:-0.163
                      31:-0.986
 
 I=  7/2- (2)  3.576  28: 0.442
                      31:-0.065
                      32: 0.191
                      33:-0.241
                      37:-0.840
 
 I=  7/2- (3)  3.694  28:-0.070
                      32: 0.775
                      33:-0.550
                      37: 0.298
 
 I=  7/2- (4)  4.099  25:-0.239
                      28: 0.129
                      32:-0.572
                      33:-0.756
                      37: 0.159
 
 I=  7/2- (5)  4.567  28:-0.870
                      31: 0.147
                      33:-0.194
                      37:-0.424

             ENERGY    K= OMEGA
 
 I=  9/2- (1)  3.754  28: 0.195
                      31:-0.755
                      37: 0.157
                      38: 0.605
 
 I=  9/2- (2)  4.473  25: 0.234
                      28:-0.337
                      31:-0.178
                      32:-0.426
                      33:-0.622
                      37:-0.479
                      38: 0.053
 
 I=  9/2- (3)  4.589  25: 0.184
                      28: 0.279
                      31: 0.274
                      32:-0.354
                      33:-0.443
                      37: 0.693
                      38: 0.104
 
 I=  9/2- (4)  4.879  28:-0.344
                      31: 0.518
                      32: 0.100
                      33: 0.074
                      37:-0.072
                      38: 0.769
 
 I=  9/2- (5)  5.425  26: 0.397
                      29:-0.587
                      30:-0.388
                      34: 0.484
                      35: 0.162
                      36: 0.163
                      39:-0.246

             ENERGY    K= OMEGA
 
 I= 11/2- (1)  3.143  27:-1.000
 
 I= 11/2- (2)  4.788  28:-0.226
                      31:-0.719
                      37: 0.209
                      38:-0.622
 
 I= 11/2- (3)  5.414  26: 0.412
                      29: 0.560
                      30: 0.396
                      34: 0.481
                      35: 0.160
                      36: 0.153
                      39: 0.281
 
 I= 11/2- (4)  5.750  28:-0.472
                      31: 0.274
                      32:-0.287
                      33: 0.318
                      37: 0.711
                      38: 0.114
 
 I= 11/2- (5)  5.894  25: 0.089
                      28:-0.143
                      31: 0.137
                      32: 0.788
                      33:-0.442
                      37: 0.370

             ENERGY    K= OMEGA
 
 I= 13/2- (1)  4.725  27:-0.999
 
 I= 13/2- (2)  6.016  26: 0.387
                      29:-0.578
                      30:-0.202
                      34: 0.572
                      36: 0.101
                      39:-0.368
 
 I= 13/2- (3)  6.097  28:-0.251
                      31: 0.697
                      37:-0.242
                      38:-0.623
 
 I= 13/2- (4)  6.950  25: 0.367
                      28:-0.194
                      31:-0.106
                      32:-0.530
                      33:-0.706
                      37:-0.166
                      38: 0.101
 
 I= 13/2- (5)  7.292  25:-0.117
                      28:-0.472
                      31:-0.299
                      32: 0.188
                      33: 0.172
                      37:-0.769
                      38: 0.132

             ENERGY     K= 9/2
  32 LEVELS    TIME=  0.0 SEC



 ******************* EXCITATION ENERGIES, DOMINANT CONFIGURATION AND EXPECTATION VALUES (WITH S.P. UU+VV FACTORS) *******************

  NR  Eex(keV)  I   Kdom  NY    <Jz>  <Jx**2> <Jy**2> <Jz**2> <I.j>/|I|  <Rx**2> <Ry**2> <Rz**2> <R.j>/|R|  <HROTx> <HROTy> <HROTz>

   1    0.0   1/2-   1/2  32    0.50    5.29    5.29    0.25    0.10       5.70    5.70    0.00   -3.18      0.695   0.695   0.000
   2   53.9   3/2-   1/2  32   -0.44    5.28    5.28    1.19    1.06       5.70    5.70    0.00   -2.87      0.695   0.695   0.000
   3  286.4   3/2-  -3/2  33   -0.54    5.30    5.30    1.29    0.72       6.42    6.42    0.00   -2.93      0.783   0.783   0.000
   4  528.8   5/2-  -3/2  33   -0.81    5.42    5.42    1.70    1.20       7.09    7.09    0.00   -2.39      0.864   0.864   0.000
   5  704.0   7/2-  -7/2  31   -3.34    6.33    6.33   12.08    3.11       7.90    7.90    0.00   -3.12      0.964   0.964   0.000
  
   6  721.5  11/2- -11/2  27   -5.49    2.75    2.75   30.24    5.06       5.49    5.49    0.00   -1.66      0.669   0.669   0.000
   7 1045.6   5/2-   5/2  28    2.35    6.12    6.12    5.79    1.96       7.60    7.60    0.00   -3.14      0.927   0.927   0.000
   8 1154.8   7/2-  -7/2  37   -2.07    3.31    3.31   10.06    2.88       4.79    4.79    0.00   -1.70      0.584   0.584   0.000
   9 1235.4   5/2-   1/2  32    0.00    5.35    5.35    1.22   -0.04      10.46   10.46    0.00   -2.63      1.275   1.275   0.000
  10 1273.2   7/2-   1/2  32   -0.45    5.02    5.02    1.95    0.95      10.11   10.11    0.00   -1.83      1.232   1.232   0.000
  
  11 1333.2   9/2-  -7/2  31   -0.34    4.85    4.85   14.94    3.55       7.02    7.02    0.00   -1.86      0.856   0.856   0.000
  12 1677.5   7/2-  -3/2  33   -0.72    5.32    5.32    1.82    0.69      11.38   11.38    0.00   -2.04      1.388   1.388   0.000
  13 2051.7   9/2-  -3/2  33   -1.08    4.83    4.83    4.89    1.69      11.26   11.26    0.00   -1.30      1.373   1.373   0.000
  14 2124.4   1/2-   1/2  30    0.50   13.08   13.08    0.25    1.00      12.72   12.72    0.00   -5.07      1.551   1.551   0.000
  15 2146.0   7/2-   5/2  28    1.13    5.49    5.49    7.28    1.46      11.20   11.20    0.00   -2.63      1.365   1.365   0.000
  
  16 2167.6   9/2-  -7/2  37   -1.92    3.94    3.94    8.00    2.02      10.25   10.25   -0.00   -1.28      1.250   1.250  -0.000
  17 2304.0  13/2- -11/2  27   -5.48    2.75    2.75   30.22    4.33      11.97   11.97    0.00   -1.12      1.460   1.460   0.000
  18 2367.0  11/2-  -7/2  31   -0.10    4.70    4.70   15.04    3.21      10.92   10.92    0.00   -1.13      1.331   1.331   0.000
  19 2457.5   9/2-   9/2  38    2.00    3.95    3.95   16.07    2.97       9.58    9.58    0.00   -2.10      1.167   1.167   0.000
  20 2483.8   5/2-   1/2  30    0.37   13.74   13.74    0.48    1.61      13.61   13.61    0.00   -4.45      1.659   1.659   0.000
  
  21 2992.5  11/2-   5/2  29    0.13   21.03   21.03    6.88    4.85      13.32   13.32    0.00   -3.86      1.624   1.624   0.000
  22 3003.6   9/2-   5/2  29    0.13   20.77   20.77    6.70    4.58      13.69   13.69    0.00   -4.86      1.669   1.669   0.000
  23 3329.0  11/2-  -7/2  37   -1.53    3.89    3.89    9.02    1.90      14.90   14.90   -0.00   -0.99      1.817   1.817  -0.000
  24 3425.8   1/2-   1/2  25    0.50    7.56    7.56    0.25    0.66       7.49    7.49   -0.00   -3.82      0.913   0.913  -0.000
  25 3473.3  11/2-   1/2  32   -0.47    4.87    4.87    2.63    0.89      18.71   18.71    0.00   -1.15      2.282   2.282   0.000
  
  26 3594.4  13/2-   5/2  29    0.08   21.85   21.85    9.21    5.10      15.21   15.21    0.00   -3.14      1.854   1.854   0.000
  27 3676.3  13/2-  -7/2  31   -0.02    4.64    4.64   14.98    2.91      16.15   16.15    0.00   -0.69      1.970   1.970   0.000
  28 3797.8   1/2-   1/2  35    0.50   17.03   17.03    0.25   -0.83      18.24   18.24   -0.00   -5.80      2.224   2.224  -0.000
  29 4030.9   5/2-   5/2  29    1.45   22.02   22.02    4.87    3.60      18.19   18.19    0.00   -6.35      2.218   2.218   0.000
  30 4528.8  13/2-  -3/2  33   -0.54    5.59    5.59    2.14    1.30      21.99   21.99    0.00   -0.64      2.681   2.681   0.000
  
  31 4871.1  13/2-  -7/2  37   -1.77    3.64    3.64   10.17    1.82      20.42   20.42   -0.00   -0.75      2.489   2.489  -0.000
  32*******   1/2-  -3/2  33    0.00    0.00    0.00    0.00    0.00       0.00    0.00   -0.00   -0.00      0.000   0.000  -0.000
