1SPECTRUM OF (Z= 82 A=207) IN PARTICLE-ROTOR  MODEL WITH MODIFIED OSCILLATOR POTENTIAL


 PARITY=-   EPS= 0.491   GAMMA=  0.0   EPS4=0.000   EPS6=0.000   LEVELS:  25  26  27  28  29  30  31  32  33  34  35  36  37  38  39

 PAIRING FACTORS: GN0= 19.20  GN1=  7.40  IPAIR= 15 ***  E2PLUS(INPUT)=   0.730  E2PLUR(INPUT)=   0.000

 CORIOLIS ATTENUATION PARAMETERS:  CHSI=1.000  ETA=  1.00

 MOMENT OF INERTIA PARAMETERS:   A1=  0.122 MEV   A2=  0.122 MEV   A3=121.91923 MEV


 DELTA=0.850 MEV  LAMBDA=53.4267 MEV   HW0= 7.6451 MEV   LAMBDA/HW0= 6.9883

 E2ENERGY=0.730 MEV  HBAR**2/B=44701./A**(7/3)=7556.6/A**2 MEV

 IREC=0  =>  RECOIL TERMS j+j-, j+j+, jzjz, ETC TREATED AS ONE-BODY OPERATORS WITH UU+VV PAIRING FACTORS



 S. P. LEVEL   EQP       U     V        (UU + VV)**1.00

     25       4.063    0.105 0.994      1.000 1.000 0.993 0.989 0.979 0.965 0.964 0.593 0.527 0.360 0.326 0.272 0.266 0.237 0.199
     26       3.577    0.120 0.993      1.000 1.000 0.994 0.991 0.982 0.968 0.968 0.605 0.539 0.374 0.340 0.286 0.280 0.251 0.213
     27       1.946    0.224 0.975      0.993 0.994 1.000 1.000 0.996 0.989 0.989 0.685 0.625 0.470 0.437 0.386 0.380 0.352 0.316
     28       1.742    0.252 0.968      0.989 0.991 1.000 1.000 0.998 0.993 0.993 0.706 0.647 0.495 0.463 0.412 0.406 0.379 0.343
     29       1.463    0.305 0.952      0.979 0.982 0.996 0.998 1.000 0.998 0.998 0.744 0.688 0.542 0.511 0.462 0.456 0.429 0.394
     30       1.256    0.363 0.932      0.965 0.968 0.989 0.993 0.998 1.000 1.000 0.784 0.732 0.593 0.563 0.516 0.510 0.484 0.450
     31       1.252    0.364 0.931      0.964 0.968 0.989 0.993 0.998 1.000 1.000 0.785 0.733 0.594 0.564 0.517 0.511 0.485 0.451
     32       0.975    0.863 0.505      0.593 0.605 0.685 0.706 0.744 0.784 0.785 1.000 0.997 0.965 0.955 0.936 0.934 0.923 0.907
     33       1.086    0.901 0.434      0.527 0.539 0.625 0.647 0.688 0.732 0.733 0.997 1.000 0.983 0.975 0.961 0.959 0.951 0.938
     34       1.693    0.966 0.260      0.360 0.374 0.470 0.495 0.542 0.593 0.594 0.965 0.983 1.000 0.999 0.996 0.995 0.992 0.986
     35       1.941    0.974 0.225      0.326 0.340 0.437 0.463 0.511 0.563 0.564 0.955 0.975 0.999 1.000 0.998 0.998 0.996 0.991
     36       2.544    0.986 0.169      0.272 0.286 0.386 0.412 0.462 0.516 0.517 0.936 0.961 0.996 0.998 1.000 1.000 0.999 0.997
     37       2.647    0.987 0.163      0.266 0.280 0.380 0.406 0.456 0.510 0.511 0.934 0.959 0.995 0.998 1.000 1.000 1.000 0.998
     38       3.218    0.991 0.133      0.237 0.251 0.352 0.379 0.429 0.484 0.485 0.923 0.951 0.992 0.996 0.999 1.000 1.000 0.999
     39       4.491    0.995 0.095      0.199 0.213 0.316 0.343 0.394 0.450 0.451 0.907 0.938 0.986 0.991 0.997 0.998 0.999 1.000

  R CORE   ENERGY   A0R/A00=1.000    R3= 0     2  
   2( 1)    0.732                    1.000 0.000
   2( 2)  487.921                    0.000 1.000

  R CORE   ENERGY   A0R/A00=1.000    R3= 0     2  
   3( 1)  488.652                    0.000 1.000

  R CORE   ENERGY   A0R/A00=1.000    R3= 0     2     4  
   4( 1)    2.438                    1.000 0.000 0.000

  R CORE   ENERGY   A0R/A00=1.000    R3= 0     2     4  
   5( 1)  490.847                    0.000 1.000 0.000

  R CORE   ENERGY   A0R/A00=1.000    R3= 0     2     4     6  
   6( 1)    5.121                    1.000 0.000 0.000 0.000

  R CORE   ENERGY   A0R/A00=1.000    R3= 0     2     4     6  
   7( 1)  494.017                    0.000 1.000 0.000 0.000

          AXIAL SYMMETRY => K RESTRICTED TO OMEGA

                     K
     S.P. ORB#: 25  0.50
     S.P. ORB#: 26 -1.50
     S.P. ORB#: 27 -5.50
     S.P. ORB#: 28  2.50
     S.P. ORB#: 29  2.50
     S.P. ORB#: 30 -3.50
     S.P. ORB#: 31  0.50
     S.P. ORB#: 32  0.50
     S.P. ORB#: 33 -1.50
     S.P. ORB#: 34 -3.50
     S.P. ORB#: 35  0.50
     S.P. ORB#: 36 -1.50
     S.P. ORB#: 37 -3.50
     S.P. ORB#: 38  4.50
     S.P. ORB#: 39  4.50
 

             ENERGY    K= OMEGA
 
 I=  1/2- (1)  2.365  32: 0.999
 
 I=  1/2- (2)  4.463  31: 0.912
                      35:-0.409
 
 I=  1/2- (3)  5.876  25: 0.999
 
 I=  1/2- (4)  6.264  31:-0.409
                      35:-0.912
 
 I=  1/2- (5)147.389  33: 1.000

             ENERGY    K= OMEGA
 
 I=  3/2- (1)  2.414  32: 0.710
                      33:-0.704
 
 I=  3/2- (2)  2.642  25:-0.137
                      32:-0.695
                      33:-0.706
 
 I=  3/2- (3)  4.607  26:-0.090
                      31:-0.964
                      35:-0.140
                      36:-0.205
 
 I=  3/2- (4)  6.422  26: 0.084
                      31:-0.094
                      35: 0.960
                      36:-0.250
 
 I=  3/2- (5)  6.593  25: 0.990
                      32:-0.110
                      33:-0.084

             ENERGY    K= OMEGA
 
 I=  5/2- (1)  2.876  25: 0.191
                      28:-0.101
                      32:-0.526
                      33:-0.823
 
 I=  5/2- (2)  3.526  28: 0.793
                      32:-0.547
                      33: 0.264
 
 I=  5/2- (3)  3.620  28:-0.601
                      32:-0.634
                      33: 0.485
 
 I=  5/2- (4)  4.818  26:-0.126
                      29: 0.109
                      31: 0.818
                      35:-0.493
                      36:-0.246
 
 I=  5/2- (5)  6.420  26: 0.473
                      29:-0.837
                      35:-0.272

             ENERGY    K= OMEGA
 
 I=  7/2- (1)  3.194  28:-0.160
                      30:-0.986
 
 I=  7/2- (2)  3.474  28: 0.371
                      32: 0.109
                      33:-0.163
                      37:-0.907
 
 I=  7/2- (3)  3.629  32: 0.785
                      33:-0.583
                      37: 0.198
 
 I=  7/2- (4)  4.018  25:-0.248
                      28: 0.117
                      32:-0.578
                      33:-0.758
                      37: 0.118
 
 I=  7/2- (5)  4.607  28:-0.907
                      30: 0.153
                      33:-0.165
                      37:-0.352

             ENERGY    K= OMEGA
 
 I=  9/2- (1)  3.745  28: 0.185
                      30:-0.686
                      37: 0.194
                      38: 0.676
 
 I=  9/2- (2)  4.389  25: 0.254
                      28:-0.274
                      30:-0.162
                      32:-0.456
                      33:-0.652
                      37:-0.440
                      38: 0.080
 
 I=  9/2- (3)  4.493  25:-0.167
                      28:-0.252
                      30:-0.304
                      32: 0.316
                      33: 0.394
                      37:-0.747
                      38:-0.052
 
 I=  9/2- (4)  4.805  28: 0.327
                      30:-0.596
                      32:-0.091
                      33:-0.065
                      37: 0.100
                      38:-0.717
 
 I=  9/2- (5)  5.360  26:-0.397
                      29: 0.581
                      31: 0.409
                      34:-0.469
                      35:-0.177
                      36:-0.171
                      39: 0.238

             ENERGY    K= OMEGA
 
 I= 11/2- (1)  3.285  27: 1.000
 
 I= 11/2- (2)  4.781  28: 0.218
                      30: 0.669
                      37:-0.242
                      38: 0.666
 
 I= 11/2- (3)  5.336  26:-0.413
                      29:-0.556
                      31:-0.417
                      34:-0.468
                      35:-0.163
                      36:-0.163
                      39:-0.272
 
 I= 11/2- (4)  5.688  28: 0.423
                      30:-0.290
                      32: 0.255
                      33:-0.290
                      37:-0.754
                      38:-0.138
 
 I= 11/2- (5)  5.826  25: 0.092
                      28:-0.096
                      30: 0.134
                      32: 0.800
                      33:-0.456
                      37: 0.342

             ENERGY    K= OMEGA
 
 I= 13/2- (1)  4.867  27: 0.999
 
 I= 13/2- (2)  5.950  26:-0.390
                      29: 0.580
                      31: 0.208
                      34:-0.568
                      35:-0.051
                      36:-0.104
                      39: 0.364
 
 I= 13/2- (3)  6.095  28: 0.245
                      30:-0.657
                      33: 0.051
                      37: 0.272
                      38: 0.655
 
 I= 13/2- (4)  6.836  25: 0.380
                      28:-0.151
                      30:-0.091
                      32:-0.541
                      33:-0.712
                      37:-0.122
                      38: 0.102
 
 I= 13/2- (5)  7.227  25:-0.093
                      28:-0.431
                      30:-0.316
                      32: 0.150
                      33: 0.128
                      37:-0.801
                      38: 0.159

             ENERGY     K= 9/2
  35 LEVELS    TIME=  0.0 SEC



 ******************* EXCITATION ENERGIES, DOMINANT CONFIGURATION AND EXPECTATION VALUES (WITH S.P. UU+VV FACTORS) *******************

  NR  Eex(keV)  I   Kdom  NY    <Jz>  <Jx**2> <Jy**2> <Jz**2> <I.j>/|I|  <Rx**2> <Ry**2> <Rz**2> <R.j>/|R|  <HROTx> <HROTy> <HROTz>

   1    0.0   1/2-   1/2  32    0.50    5.27    5.27    0.25    0.11       5.68    5.68    0.00   -3.18      0.692   0.692   0.000
   2   48.8   3/2-   1/2  32   -0.49    5.26    5.26    1.24    1.08       5.67    5.67    0.00   -2.87      0.691   0.691   0.000
   3  276.9   3/2-  -3/2  33   -0.50    5.28    5.28    1.25    0.72       6.37    6.37    0.00   -2.91      0.777   0.777   0.000
   4  510.8   5/2-  -3/2  33   -0.83    5.40    5.40    1.66    1.22       6.99    6.99    0.00   -2.37      0.853   0.853   0.000
   5  829.3   7/2-  -7/2  30   -3.34    6.32    6.32   12.08    3.11       7.89    7.89    0.00   -3.12      0.962   0.962   0.000
  
   6  920.0  11/2- -11/2  27   -5.49    2.75    2.75   30.24    5.06       5.49    5.49    0.00   -1.65      0.669   0.669   0.000
   7 1108.9   7/2-  -7/2  37   -2.57    2.91    2.91   11.01    3.06       4.16    4.16   -0.00   -1.63      0.507   0.507  -0.000
   8 1160.7   5/2-   5/2  28    1.62    5.85    5.85    4.16    1.31       8.42    8.42    0.00   -2.92      1.027   1.027   0.000
   9 1255.3   5/2-   1/2  32    0.75    5.60    5.60    2.89    0.62       9.59    9.59    0.00   -2.80      1.170   1.170   0.000
  10 1263.6   7/2-   1/2  32   -0.34    5.14    5.14    1.42    0.83      10.43   10.43    0.00   -1.84      1.271   1.271   0.000
  
  11 1379.7   9/2-  -7/2  30    0.36    4.44    4.44   15.68    3.70       6.25    6.25    0.00   -1.74      0.762   0.762   0.000
  12 1653.6   7/2-  -3/2  33   -0.68    5.33    5.33    1.67    0.69      11.30   11.30    0.00   -2.02      1.378   1.378   0.000
  13 2024.0   9/2-  -3/2  33   -1.06    4.91    4.91    4.33    1.63      11.33   11.33    0.00   -1.27      1.382   1.382   0.000
  14 2097.8   1/2-   1/2  31    0.50   13.02   13.02    0.25    0.95      12.69   12.69    0.00   -5.05      1.548   1.548   0.000
  15 2128.4   9/2-  -7/2  37   -2.28    3.69    3.69    8.81    2.14       9.84    9.84    0.00   -1.25      1.200   1.200   0.000
  
  16 2242.4   3/2-   1/2  31    0.40   14.41   14.41    0.35    1.58      13.41   13.41    0.00   -5.04      1.634   1.634   0.000
  17 2242.5   7/2-   5/2  28    1.50    5.70    5.70    7.01    1.43      11.40   11.40    0.00   -2.67      1.390   1.390   0.000
  18 2416.6  11/2-  -7/2  30    0.34    4.42    4.42   15.52    3.28      10.46   10.46    0.00   -1.04      1.275   1.275   0.000
  19 2439.6   9/2-   9/2  38    1.30    4.25    4.25   15.56    2.87      10.14   10.14    0.00   -2.18      1.236   1.236   0.000
  20 2452.7   5/2-   1/2  31    0.37   13.67   13.67    0.47    1.63      13.45   13.45    0.00   -4.43      1.640   1.640   0.000
  
  21 2502.4  13/2- -11/2  27   -5.48    2.75    2.75   30.22    4.33      11.97   11.97    0.00   -1.12      1.460   1.460   0.000
  22 2971.3  11/2-   5/2  29    0.14   20.95   20.95    6.61    4.83      13.26   13.26   -0.00   -3.81      1.617   1.617  -0.000
  23 2995.5   9/2-   5/2  29    0.15   20.62   20.62    6.42    4.53      13.66   13.66    0.00   -4.81      1.666   1.666   0.000
  24 3323.5  11/2-  -7/2  37   -1.85    3.63    3.63    9.71    1.97      14.55   14.55    0.00   -0.96      1.774   1.774   0.000
  25 3461.3  11/2-   1/2  32   -0.44    4.90    4.90    2.34    0.85      18.84   18.84    0.00   -1.15      2.297   2.297   0.000
  
  26 3510.7   1/2-   1/2  25    0.50    7.53    7.53    0.25    0.66       7.46    7.46   -0.00   -3.81      0.909   0.909  -0.000
  27 3585.1  13/2-   5/2  29    0.09   21.89   21.89    9.12    5.11      15.12   15.12   -0.00   -3.13      1.843   1.843  -0.000
  28 3730.3  13/2-  -7/2  30    0.29    4.42    4.42   15.32    2.95      15.85   15.85    0.00   -0.63      1.932   1.932   0.000
  29 3899.2   1/2-   1/2  35    0.50   17.03   17.03    0.25   -0.78      18.20   18.20    0.00   -5.80      2.219   2.219   0.000
  30 4055.0   5/2-   5/2  29    1.45   22.13   22.13    4.91    3.62      18.24   18.24    0.00   -6.37      2.224   2.224   0.000
  
  31 4057.4   3/2-   1/2  35    0.36   16.02   16.02    0.39   -0.06      18.20   18.20    0.00   -5.39      2.219   2.219   0.000
  32 4228.5   3/2-   1/2  25    0.49    7.54    7.54    0.26   -0.55      10.62   10.62   -0.00   -3.56      1.295   1.295  -0.000
  33 4471.3  13/2-  -3/2  33   -0.52    5.62    5.62    1.88    1.32      21.70   21.70    0.00   -0.59      2.646   2.646   0.000
  34 4861.8  13/2-  -7/2  37   -2.03    3.42    3.42   10.80    1.86      20.19   20.19   -0.00   -0.73      2.461   2.461  -0.000
  35*******   1/2-  -3/2  33    0.00    0.00    0.00    0.00    0.00       0.00    0.00    0.00   -0.00      0.000   0.000   0.000
  
