1SPECTRUM OF (Z= 82 A=207) IN PARTICLE-ROTOR  MODEL WITH MODIFIED OSCILLATOR POTENTIAL


 PARITY=-   EPS= 0.342   GAMMA=  0.0   EPS4=0.000   EPS6=0.000   LEVELS:  24  25  26  27  28  29  30  31  32  33  34  35  36  37  38

 PAIRING FACTORS: GN0= 19.20  GN1=  7.40  IPAIR= 15 ***  E2PLUS(INPUT)=   0.730  E2PLUR(INPUT)=   0.000

 CORIOLIS ATTENUATION PARAMETERS:  CHSI=1.000  ETA=  1.00

 MOMENT OF INERTIA PARAMETERS:   A1=  0.122 MEV   A2=  0.122 MEV   A3=121.91923 MEV


 DELTA=0.906 MEV  LAMBDA=53.3533 MEV   HW0= 7.5175 MEV   LAMBDA/HW0= 7.0972

 E2ENERGY=0.730 MEV  HBAR**2/B=21687./A**(7/3)=3666.2/A**2 MEV

 IREC=0  =>  RECOIL TERMS j+j-, j+j+, jzjz, ETC TREATED AS ONE-BODY OPERATORS WITH UU+VV PAIRING FACTORS



 S. P. LEVEL   EQP       U     V        (UU + VV)**1.00

     24       4.568    0.100 0.995      1.000 1.000 0.999 0.997 0.989 0.957 0.952 0.937 0.831 0.620 0.602 0.299 0.290 0.272 0.255
     25       4.209    0.108 0.994      1.000 1.000 0.999 0.997 0.991 0.959 0.954 0.940 0.836 0.627 0.609 0.307 0.298 0.280 0.264
     26       3.109    0.147 0.989      0.999 0.999 1.000 0.999 0.995 0.970 0.965 0.953 0.857 0.657 0.640 0.344 0.335 0.318 0.301
     27       2.551    0.181 0.984      0.997 0.997 0.999 1.000 0.998 0.977 0.974 0.963 0.874 0.682 0.665 0.375 0.367 0.350 0.333
     28       1.919    0.243 0.970      0.989 0.991 0.995 0.998 1.000 0.989 0.986 0.978 0.903 0.728 0.712 0.434 0.426 0.409 0.393
     29       1.275    0.385 0.923      0.957 0.959 0.970 0.977 0.989 1.000 1.000 0.998 0.957 0.822 0.808 0.563 0.556 0.540 0.526
     30       1.236    0.400 0.916      0.952 0.954 0.965 0.974 0.986 1.000 1.000 0.999 0.962 0.831 0.818 0.577 0.569 0.554 0.539
     31       1.145    0.441 0.898      0.937 0.940 0.953 0.963 0.978 0.998 0.999 1.000 0.973 0.855 0.843 0.613 0.606 0.591 0.577
     32       0.923    0.636 0.772      0.831 0.836 0.857 0.874 0.903 0.957 0.962 0.973 1.000 0.952 0.944 0.779 0.773 0.761 0.750
     33       0.998    0.842 0.539      0.620 0.627 0.657 0.682 0.728 0.822 0.831 0.855 0.952 1.000 1.000 0.934 0.931 0.924 0.917
     34       1.021    0.855 0.519      0.602 0.609 0.640 0.665 0.712 0.808 0.818 0.843 0.944 1.000 1.000 0.942 0.939 0.932 0.926
     35       2.291    0.979 0.202      0.299 0.307 0.344 0.375 0.434 0.563 0.577 0.613 0.779 0.934 0.942 1.000 1.000 1.000 0.999
     36       2.392    0.981 0.193      0.290 0.298 0.335 0.367 0.426 0.556 0.569 0.606 0.773 0.931 0.939 1.000 1.000 1.000 0.999
     37       2.632    0.985 0.175      0.272 0.280 0.318 0.350 0.409 0.540 0.554 0.591 0.761 0.924 0.932 1.000 1.000 1.000 1.000
     38       2.912    0.988 0.158      0.255 0.264 0.301 0.333 0.393 0.526 0.539 0.577 0.750 0.917 0.926 0.999 0.999 1.000 1.000

  R CORE   ENERGY   A0R/A00=1.000    R3= 0     2  
   2( 1)    0.732                    1.000 0.000
   2( 2)  487.921                    0.000 1.000

  R CORE   ENERGY   A0R/A00=1.000    R3= 0     2  
   3( 1)  488.652                    0.000 1.000

  R CORE   ENERGY   A0R/A00=1.000    R3= 0     2     4  
   4( 1)    2.438                    1.000 0.000 0.000

  R CORE   ENERGY   A0R/A00=1.000    R3= 0     2     4  
   5( 1)  490.847                    0.000 1.000 0.000

  R CORE   ENERGY   A0R/A00=1.000    R3= 0     2     4     6  
   6( 1)    5.121                    1.000 0.000 0.000 0.000

  R CORE   ENERGY   A0R/A00=1.000    R3= 0     2     4     6  
   7( 1)  494.017                    0.000 1.000 0.000 0.000

          AXIAL SYMMETRY => K RESTRICTED TO OMEGA

                     K
     S.P. ORB#: 24 -5.50
     S.P. ORB#: 25  0.50
     S.P. ORB#: 26  2.50
     S.P. ORB#: 27 -3.50
     S.P. ORB#: 28  0.50
     S.P. ORB#: 29  0.50
     S.P. ORB#: 30 -1.50
     S.P. ORB#: 31 -1.50
     S.P. ORB#: 32 -3.50
     S.P. ORB#: 33  4.50
     S.P. ORB#: 34  2.50
     S.P. ORB#: 35 -3.50
     S.P. ORB#: 36  0.50
     S.P. ORB#: 37 -1.50
     S.P. ORB#: 38  2.50
 

             ENERGY    K= OMEGA
 
 I=  1/2- (1)  2.523  29: 0.999
 
 I=  1/2- (2)  5.749  28:-0.355
                      36: 0.935
 
 I=  1/2- (3)  5.797  25: 0.999
 
 I=  1/2- (4)  8.764  28: 0.935
                      36: 0.355
 
 I=  1/2- (5)147.449  31: 1.000

             ENERGY    K= OMEGA
 
 I=  3/2- (1)  2.395  25: 0.086
                      29:-0.234
                      31: 0.968
 
 I=  3/2- (2)  2.557  25:-0.201
                      29:-0.894
                      31:-0.184
                      37:-0.356

             ENERGY    K= OMEGA
 
 I=  5/2- (1)  2.519  25:-0.263
                      29: 0.457
                      31: 0.792
                      37:-0.127
                      38:-0.280
 
 I=  5/2- (2)  3.353  26:-0.063
                      29: 0.660
                      31:-0.441
                      37:-0.590
                      38: 0.125
 
 I=  5/2- (3)  3.629  25:-0.123
                      29: 0.279
                      31: 0.161
                      37: 0.376
                      38: 0.859
 
 I=  5/2- (4)  4.306  26:-0.080
                      29:-0.485
                      31: 0.328
                      37:-0.694
                      38: 0.409
 
 I=  5/2- (5)  4.898  26: 0.994
                      37:-0.106

             ENERGY    K= OMEGA
 
 I=  7/2- (1)  1.736  26: 0.188
                      32:-0.980
 
 I=  7/2- (2)  3.335  25: 0.134
                      29:-0.267
                      31: 0.827
                      37:-0.156
                      38: 0.447
 
 I=  7/2- (3)  3.505  25:-0.314
                      29:-0.811
                      31:-0.275
                      37:-0.406
 
 I=  7/2- (4)  3.608  28: 0.702
                      30: 0.584
                      34: 0.374
                      35: 0.161
 
 I=  7/2- (5)  4.379  26: 0.208
                      27: 0.855
                      29: 0.177
                      31:-0.195
                      37:-0.195
                      38: 0.345

             ENERGY    K= OMEGA
 
 I=  9/2- (1)  1.900  26: 0.077
                      27:-0.184
                      32: 0.259
                      33: 0.945
 
 I=  9/2- (2)  2.710  26:-0.257
                      27:-0.091
                      32:-0.924
                      33: 0.257
 
 I=  9/2- (3)  3.570  25:-0.375
                      29: 0.494
                      31: 0.699
                      32:-0.061
                      37:-0.185
                      38:-0.296
 
 I=  9/2- (4)  4.643  28:-0.223
                      30: 0.563
                      34:-0.669
                      35: 0.431
 
 I=  9/2- (5)  5.191  26:-0.099
                      29: 0.561
                      31:-0.483
                      32: 0.058
                      37:-0.633
                      38: 0.189

             ENERGY    K= OMEGA
 
 I= 11/2- (1)  2.972  28:-0.673
                      30:-0.579
                      34:-0.405
                      35:-0.210
                      36:-0.058
 
 I= 11/2- (2)  3.000  26:-0.129
                      27:-0.249
                      32: 0.353
                      33:-0.892
 
 I= 11/2- (3)  3.916  26:-0.300
                      27: 0.134
                      31: 0.061
                      32: 0.872
                      33: 0.352
                      38: 0.062
 
 I= 11/2- (4)  5.233  25:-0.235
                      29: 0.111
                      31:-0.816
                      32: 0.082
                      37: 0.144
                      38:-0.486
 
 I= 11/2- (5)  5.358  25: 0.345
                      29: 0.817
                      31: 0.131
                      37: 0.433
                      38:-0.075

             ENERGY    K= OMEGA
 
 I= 13/2- (1)  4.320  26: 0.176
                      27:-0.291
                      32: 0.413
                      33: 0.844
 
 I= 13/2- (2)  5.073  28: 0.218
                      30:-0.552
                      34: 0.667
                      35:-0.450
 
 I= 13/2- (3)  5.328  25:-0.178
                      26: 0.302
                      27: 0.163
                      29: 0.187
                      31: 0.290
                      32: 0.748
                      33:-0.379
                      38:-0.159
 
 I= 13/2- (4)  5.541  25:-0.409
                      26:-0.129
                      27:-0.054
                      29: 0.468
                      31: 0.590
                      32:-0.356
                      33: 0.169
                      37:-0.189
                      38:-0.235
 
 I= 13/2- (5)  7.498  24: 0.998

             ENERGY     K= 5/2
  32 LEVELS    TIME=  0.0 SEC



 ******************* EXCITATION ENERGIES, DOMINANT CONFIGURATION AND EXPECTATION VALUES (WITH S.P. UU+VV FACTORS) *******************

  NR  Eex(keV)  I   Kdom  NY    <Jz>  <Jx**2> <Jy**2> <Jz**2> <I.j>/|I|  <Rx**2> <Ry**2> <Rz**2> <R.j>/|R|  <HROTx> <HROTy> <HROTz>

   1    0.0   7/2-  -7/2  32   -3.28    2.31    2.31   12.03    3.33       2.99    2.99   -0.00   -1.41      0.365   0.365  -0.000
   2  164.6   9/2-   9/2  33    3.68    2.53    2.53   19.36    4.25       3.46    3.46    0.00   -1.25      0.421   0.421   0.000
   3  659.0   3/2-  -3/2  31   -1.38    4.77    4.77    2.13    1.40       4.99    4.99    0.00   -2.83      0.608   0.608   0.000
   4  783.0   5/2-  -3/2  31   -0.63    4.85    4.85    2.01    2.11       3.98    3.98    0.00   -1.93      0.485   0.485   0.000
   5  786.9   1/2-   1/2  29    0.50    4.82    4.82    0.25    0.27       5.09    5.09    0.00   -3.03      0.621   0.621   0.000
  
   6  821.4   3/2-   1/2  29    0.18    4.18    4.18    0.57    1.16       4.08    4.08    0.00   -2.33      0.498   0.498   0.000
   7  974.5   9/2-  -7/2  32   -2.56    2.41    2.41   12.34    2.88       6.64    6.64   -0.00   -0.78      0.809   0.809  -0.000
   8 1236.4  11/2-   1/2  28   -0.02   24.11   24.11    2.43    6.26       5.79    5.79    0.00   -3.89      0.706   0.706   0.000
   9 1264.7  11/2-   9/2  33    2.96    2.73    2.73   18.52    3.71       7.70    7.70    0.00   -0.46      0.939   0.939   0.000
  10 1598.9   7/2-  -3/2  31   -0.53    4.28    4.28    2.89    1.64       7.11    7.11    0.00   -1.32      0.867   0.867   0.000
  
  11 1617.4   5/2-   1/2  29   -0.55    3.50    3.50    1.45    0.70       6.54    6.54    0.00   -1.77      0.797   0.797   0.000
  12 1769.3   7/2-   1/2  29    0.02    4.04    4.04    0.75    1.32       7.06    7.06    0.00   -0.96      0.861   0.861   0.000
  13 1834.5   9/2-  -3/2  31   -0.38    5.00    5.00    1.88    2.23       7.21    7.21    0.00   -0.20      0.879   0.879   0.000
  14 1872.2   7/2-   1/2  28   -0.01   23.74   23.74    2.08    6.12       8.36    8.36    0.00   -6.18      1.019   1.019   0.000
  15 1893.1   5/2-   5/2  38    1.65    2.17    2.17    5.02    1.80       3.73    3.73   -0.00   -1.48      0.455   0.455  -0.000
  
  16 2180.5  11/2-  -7/2  32   -1.94    2.49    2.49   12.64    2.58      11.27   11.27   -0.00   -0.46      1.374   1.374  -0.000
  17 2569.9   5/2-  -3/2  37   -0.33    3.04    3.04    2.47    0.01       8.62    8.62    0.00   -2.05      1.051   1.051   0.000
  18 2584.6  13/2-   9/2  33    2.38    2.92    2.92   17.77    3.34      12.85   12.85   -0.00   -0.06      1.567   1.567  -0.000
  19 2642.8   7/2-  -7/2  27   -2.25    5.36    5.36   10.15    2.70       7.59    7.59    0.00   -2.61      0.925   0.925   0.000
  20 2907.1   9/2-   5/2  34    0.02   24.42   24.42    5.80    5.28      13.42   13.42    0.00   -5.48      1.637   1.637   0.000
  
  21 3162.7   5/2-   5/2  26    2.45    5.98    5.98    6.20    2.06       7.36    7.36   -0.00   -3.15      0.898   0.898  -0.000
  22 3336.9  13/2-   5/2  34   -0.03   24.42   24.42    5.96    5.25      15.12   15.12    0.00   -3.30      1.843   1.843   0.000
  23 3455.5   9/2-  -3/2  37   -0.70    3.22    3.22    1.85    0.58      13.64   13.64    0.00   -1.04      1.662   1.662   0.000
  24 3497.5  11/2-  -3/2  31   -0.43    4.22    4.22    3.16    1.58      14.23   14.23    0.00   -0.40      1.734   1.734   0.000
  25 3592.0  13/2-  -7/2  32   -1.21    3.00    3.00   11.04    2.39      16.24   16.24   -0.00   -0.07      1.979   1.979  -0.000
  
  26 3621.7  11/2-   1/2  29    0.10    4.00    4.00    0.72    1.34      14.23   14.23    0.00   -0.13      1.735   1.735   0.000
  27 3805.4  13/2-  -3/2  31   -0.53    4.75    4.75    3.58    2.25      15.18   15.18    0.00    0.48      1.850   1.850   0.000
  28 4013.2   1/2-   1/2  36    0.50   12.32   12.32    0.25   -1.38      14.01   14.01    0.00   -4.93      1.708   1.708   0.000
  29 4061.4   1/2-   1/2  25    0.50    6.61    6.61    0.25    0.66       6.54    6.54    0.00   -3.57      0.797   0.797   0.000
  30 5762.4  13/2- -11/2  24   -5.49    2.76    2.76   30.20    4.32      12.04   12.04    0.00   -1.13      1.468   1.468   0.000
  
  31 7028.5   1/2-   1/2  28    0.50   24.27   24.27    0.25   -3.54      27.83   27.83    0.00   -6.95      3.393   3.393   0.000
  32*******   1/2-  -3/2  31    0.00    0.00    0.00    0.00   -0.00       0.00    0.00    0.00   -0.00      0.000   0.000   0.000
