1SPECTRUM OF (Z= 82 A=207) IN PARTICLE-ROTOR  MODEL WITH MODIFIED OSCILLATOR POTENTIAL


 PARITY=-   EPS= 0.316   GAMMA=  0.0   EPS4=0.000   EPS6=0.000   LEVELS:  25  26  27  28  29  30  31  32  33  34  35  36  37  38  39

 PAIRING FACTORS: GN0= 19.20  GN1=  7.40  IPAIR= 15 ***  E2PLUS(INPUT)=   0.730  E2PLUR(INPUT)=   0.000

 CORIOLIS ATTENUATION PARAMETERS:  CHSI=1.000  ETA=  1.00

 MOMENT OF INERTIA PARAMETERS:   A1=  0.122 MEV   A2=  0.122 MEV   A3=121.91923 MEV


 DELTA=0.937 MEV  LAMBDA=53.2970 MEV   HW0= 7.5010 MEV   LAMBDA/HW0= 7.1053

 E2ENERGY=0.730 MEV  HBAR**2/B=18515./A**(7/3)=3130.0/A**2 MEV

 IREC=0  =>  RECOIL TERMS j+j-, j+j+, jzjz, ETC TREATED AS ONE-BODY OPERATORS WITH UU+VV PAIRING FACTORS



 S. P. LEVEL   EQP       U     V        (UU + VV)**1.00

     25       4.145    0.114 0.994      1.000 1.000 0.998 0.970 0.968 0.954 0.919 0.880 0.769 0.515 0.318 0.304 0.296 0.272 0.258
     26       3.274    0.145 0.989      1.000 1.000 1.000 0.977 0.976 0.963 0.931 0.895 0.788 0.542 0.347 0.333 0.325 0.302 0.288
     27       2.718    0.175 0.985      0.998 1.000 1.000 0.984 0.982 0.971 0.942 0.908 0.807 0.568 0.376 0.362 0.354 0.331 0.318
     28       1.428    0.350 0.937      0.970 0.977 0.984 1.000 1.000 0.998 0.987 0.969 0.901 0.707 0.537 0.525 0.518 0.496 0.484
     29       1.401    0.358 0.934      0.968 0.976 0.982 1.000 1.000 0.999 0.988 0.971 0.904 0.713 0.544 0.532 0.525 0.503 0.491
     30       1.263    0.406 0.914      0.954 0.963 0.971 0.998 0.999 1.000 0.995 0.982 0.925 0.748 0.587 0.575 0.568 0.547 0.536
     31       1.087    0.496 0.868      0.919 0.931 0.942 0.987 0.988 0.995 1.000 0.996 0.959 0.812 0.666 0.655 0.649 0.630 0.618
     32       0.999    0.571 0.821      0.880 0.895 0.908 0.969 0.971 0.982 0.996 1.000 0.980 0.860 0.729 0.719 0.713 0.696 0.685
     33       0.938    0.723 0.691      0.769 0.788 0.807 0.901 0.904 0.925 0.959 0.980 1.000 0.944 0.851 0.843 0.838 0.824 0.816
     34       1.241    0.910 0.415      0.515 0.542 0.568 0.707 0.713 0.748 0.812 0.860 0.944 1.000 0.976 0.973 0.971 0.965 0.961
     35       2.301    0.978 0.208      0.318 0.347 0.376 0.537 0.544 0.587 0.666 0.729 0.851 0.976 1.000 1.000 1.000 0.999 0.998
     36       2.470    0.981 0.193      0.304 0.333 0.362 0.525 0.532 0.575 0.655 0.719 0.843 0.973 1.000 1.000 1.000 0.999 0.999
     37       2.575    0.983 0.185      0.296 0.325 0.354 0.518 0.525 0.568 0.649 0.713 0.838 0.971 1.000 1.000 1.000 1.000 0.999
     38       2.951    0.987 0.161      0.272 0.302 0.331 0.496 0.503 0.547 0.630 0.696 0.824 0.965 0.999 0.999 1.000 1.000 1.000
     39       3.227    0.989 0.147      0.258 0.288 0.318 0.484 0.491 0.536 0.618 0.685 0.816 0.961 0.998 0.999 0.999 1.000 1.000

  R CORE   ENERGY   A0R/A00=1.000    R3= 0     2  
   2( 1)    0.732                    1.000 0.000
   2( 2)  487.921                    0.000 1.000

  R CORE   ENERGY   A0R/A00=1.000    R3= 0     2  
   3( 1)  488.652                    0.000 1.000

  R CORE   ENERGY   A0R/A00=1.000    R3= 0     2     4  
   4( 1)    2.438                    1.000 0.000 0.000

  R CORE   ENERGY   A0R/A00=1.000    R3= 0     2     4  
   5( 1)  490.847                    0.000 1.000 0.000

  R CORE   ENERGY   A0R/A00=1.000    R3= 0     2     4     6  
   6( 1)    5.121                    1.000 0.000 0.000 0.000

  R CORE   ENERGY   A0R/A00=1.000    R3= 0     2     4     6  
   7( 1)  494.017                    0.000 1.000 0.000 0.000

          AXIAL SYMMETRY => K RESTRICTED TO OMEGA

                     K
     S.P. ORB#: 25  0.50
     S.P. ORB#: 26  2.50
     S.P. ORB#: 27 -3.50
     S.P. ORB#: 28  0.50
     S.P. ORB#: 29  0.50
     S.P. ORB#: 30 -1.50
     S.P. ORB#: 31 -3.50
     S.P. ORB#: 32 -1.50
     S.P. ORB#: 33  4.50
     S.P. ORB#: 34  2.50
     S.P. ORB#: 35 -1.50
     S.P. ORB#: 36 -3.50
     S.P. ORB#: 37  2.50
     S.P. ORB#: 38  0.50
     S.P. ORB#: 39  0.50
 

             ENERGY    K= OMEGA
 
 I=  1/2- (1)  2.617  29:-0.998
 
 I=  1/2- (2)  3.559  25:-0.070
                      39:-0.996
 
 I=  1/2- (3)  5.689  25: 0.997
                      39:-0.068
 
 I=  1/2- (4)  6.137  28:-0.487
                      38: 0.873
 
 I=  1/2- (5)  8.804  28: 0.873
                      38: 0.487

             ENERGY    K= OMEGA
 
 I=  3/2- (1)  2.460  25:-0.152
                      29:-0.119
                      30:-0.931
                      35:-0.291
                      39: 0.108
 
 I=  3/2- (2)  2.538  25: 0.122
                      29: 0.809
                      30:-0.288
                      35: 0.488
                      39:-0.095

             ENERGY    K= OMEGA
 
 I=  5/2- (1)  2.493  25:-0.248
                      29: 0.443
                      30: 0.742
                      35:-0.171
                      37:-0.372
                      39: 0.153
 
 I=  5/2- (2)  3.220  26: 0.065
                      29:-0.343
                      30: 0.444
                      35: 0.801
                      37: 0.173
                      39: 0.087
 
 I=  5/2- (3)  3.338  25:-0.130
                      29: 0.492
                      30: 0.058
                      37: 0.850
                      39: 0.122
 
 I=  5/2- (4)  4.146  29: 0.574
                      30:-0.445
                      35: 0.529
                      37:-0.328
                      39: 0.291
 
 I=  5/2- (5)  4.409  25:-0.168
                      29: 0.262
                      35: 0.206
                      39:-0.926

             ENERGY    K= OMEGA
 
 I=  7/2- (1)  1.871  26:-0.202
                      27: 0.054
                      31: 0.977
 
 I=  7/2- (2)  3.292  25:-0.139
                      29: 0.189
                      30:-0.761
                      35: 0.196
                      37:-0.566
                      39: 0.070
 
 I=  7/2- (3)  3.367  28:-0.727
                      32:-0.578
                      34:-0.343
                      36:-0.141
 
 I=  7/2- (4)  3.403  25:-0.290
                      29:-0.742
                      30:-0.267
                      35:-0.505
                      39: 0.186
 
 I=  7/2- (5)  4.318  26: 0.121
                      27: 0.312
                      29: 0.440
                      30:-0.449
                      35:-0.356
                      37: 0.604

             ENERGY    K= OMEGA
 
 I=  9/2- (1)  1.805  26:-0.069
                      27: 0.206
                      31:-0.211
                      33:-0.953
 
 I=  9/2- (2)  2.808  26: 0.277
                      27: 0.091
                      30: 0.053
                      31: 0.931
                      33:-0.206
 
 I=  9/2- (3)  3.473  25:-0.358
                      29: 0.486
                      30: 0.671
                      31:-0.065
                      35:-0.201
                      37:-0.325
                      39: 0.186
 
 I=  9/2- (4)  4.549  28: 0.234
                      32:-0.588
                      34: 0.655
                      36:-0.412
 
 I=  9/2- (5)  5.011  25:-0.115
                      26: 0.113
                      27:-0.115
                      29:-0.180
                      30: 0.405
                      35: 0.791
                      37: 0.315
                      39: 0.194

             ENERGY    K= OMEGA
 
 I= 11/2- (1)  2.663  28: 0.687
                      32: 0.579
                      34: 0.390
                      36: 0.197
                      38: 0.054
 
 I= 11/2- (2)  2.871  26:-0.117
                      27:-0.279
                      31: 0.293
                      33:-0.907
 
 I= 11/2- (3)  3.975  26: 0.325
                      27:-0.127
                      30:-0.062
                      31:-0.886
                      33:-0.289
                      37:-0.061
 
 I= 11/2- (4)  5.144  25:-0.334
                      29:-0.217
                      30:-0.765
                      31: 0.090
                      37:-0.465
                      39: 0.171
 
 I= 11/2- (5)  5.223  25: 0.214
                      29: 0.731
                      30:-0.155
                      35: 0.523
                      37:-0.318
                      39:-0.135

             ENERGY    K= OMEGA
 
 I= 13/2- (1)  4.155  26:-0.160
                      27: 0.325
                      31:-0.349
                      33:-0.864
 
 I= 13/2- (2)  4.871  28: 0.223
                      32:-0.569
                      34: 0.659
                      36:-0.437
 
 I= 13/2- (3)  5.294  25:-0.334
                      26: 0.224
                      27: 0.110
                      29: 0.379
                      30: 0.517
                      31: 0.516
                      33:-0.208
                      35:-0.127
                      37:-0.254
                      39: 0.156
 
 I= 13/2- (4)  5.437  25:-0.267
                      26:-0.279
                      27:-0.118
                      29: 0.324
                      30: 0.376
                      31:-0.674
                      33: 0.279
                      35:-0.152
                      37:-0.141
                      39: 0.124
 
 I= 13/2- (5)  7.741  25:-0.161
                      26: 0.113
                      27:-0.123
                      29:-0.056
                      30: 0.293
                      31:-0.069
                      33:-0.061
                      35: 0.743
                      37: 0.475
                      39: 0.267

             ENERGY     K= 1/2
  32 LEVELS    TIME=  0.0 SEC



 ******************* EXCITATION ENERGIES, DOMINANT CONFIGURATION AND EXPECTATION VALUES (WITH S.P. UU+VV FACTORS) *******************

  NR  Eex(keV)  I   Kdom  NY    <Jz>  <Jx**2> <Jy**2> <Jz**2> <I.j>/|I|  <Rx**2> <Ry**2> <Rz**2> <R.j>/|R|  <HROTx> <HROTy> <HROTz>

   1    0.0   9/2-   9/2  33    3.80    2.55    2.55   19.49    4.32       3.17    3.17    0.00   -1.23      0.387   0.387   0.000
   2   66.4   7/2-  -7/2  31   -3.25    2.31    2.31   11.99    3.37       2.83    2.83   -0.00   -1.37      0.344   0.344  -0.000
   3  655.0   3/2-  -3/2  30   -1.40    4.17    4.17    2.15    1.52       4.17    4.17    0.00   -2.61      0.509   0.509   0.000
   4  687.7   5/2-  -3/2  30   -0.38    4.54    4.54    2.24    2.33       3.14    3.14    0.00   -1.77      0.383   0.383   0.000
   5  732.8   3/2-   1/2  29   -0.14    3.92    3.92    0.89    1.37       3.59    3.59   -0.00   -2.27      0.438   0.438  -0.000
  
   6  811.8   1/2-   1/2  29    0.50    4.73    4.73    0.25    0.33       4.95    4.95    0.00   -3.00      0.603   0.603   0.000
   7  858.2  11/2-   1/2  28   -0.02   24.87   24.87    2.29    6.41       5.59    5.59    0.00   -4.11      0.681   0.681   0.000
   8 1003.0   9/2-  -7/2  31   -2.67    2.43    2.43   12.08    2.92       6.32    6.32   -0.00   -0.68      0.770   0.770  -0.000
   9 1066.1  11/2-   9/2  33    3.16    2.78    2.78   18.75    3.82       7.18    7.18    0.00   -0.38      0.875   0.875   0.000
  10 1415.6   5/2-  -3/2  35   -1.11    2.36    2.36    2.13    0.96       4.95    4.95   -0.00   -1.27      0.604   0.604  -0.000
  
  11 1487.1   7/2-  -3/2  30   -0.11    3.81    3.81    3.44    1.83       6.14    6.14    0.00   -1.08      0.748   0.748   0.000
  12 1533.4   5/2-   5/2  37    1.94    2.68    2.68    4.59    1.75       4.16    4.16    0.00   -1.65      0.508   0.508   0.000
  13 1562.1   7/2-   1/2  28   -0.01   24.41   24.41    1.86    6.22       8.54    8.54   -0.00   -6.29      1.041   1.041  -0.000
  14 1597.8   7/2-   1/2  29   -0.15    3.54    3.54    0.93    1.46       6.08    6.08    0.00   -0.63      0.741   0.741   0.000
  15 1668.1   9/2-  -3/2  30   -0.29    4.82    4.82    1.93    2.36       6.40    6.40    0.00    0.06      0.780   0.780   0.000
  
  16 1754.6   1/2-   1/2  39    0.50    1.49    1.49    0.25    0.72       1.36    1.36    0.00   -1.58      0.166   0.166   0.000
  17 2170.1  11/2-  -7/2  31   -2.16    2.52    2.52   12.21    2.63      10.80   10.80   -0.00   -0.33      1.317   1.317  -0.000
  18 2341.0   5/2-   1/2  29   -0.24    3.53    3.53    1.85   -0.12       9.18    9.18   -0.00   -2.16      1.119   1.119  -0.000
  19 2350.7  13/2-   9/2  33    2.63    2.99    2.99   18.07    3.48      12.10   12.10    0.00    0.05      1.476   1.476   0.000
  20 2513.7   7/2-   5/2  37    0.21    3.25    3.25    4.35    1.03       9.21    9.21    0.00   -1.57      1.123   1.123   0.000
  
  21 2604.5   5/2-   1/2  39    0.42    1.70    1.70    0.35    0.28       5.42    5.42   -0.00   -0.89      0.661   0.661  -0.000
  22 2744.5   9/2-   5/2  34   -0.01   24.89   24.89    5.55    5.43      13.01   13.01    0.00   -5.55      1.586   1.586   0.000
  23 3065.9  13/2-   5/2  34   -0.04   24.88   24.88    5.80    5.44      14.20   14.20    0.00   -3.30      1.731   1.731   0.000
  24 3205.8   9/2-  -3/2  35   -0.91    2.19    2.19    2.70    0.88      11.52   11.52    0.00   -0.56      1.404   1.404   0.000
  25 3339.2  11/2-  -3/2  30   -0.27    4.05    4.05    2.84    1.70      13.18   13.18    0.00   -0.15      1.607   1.607   0.000
  
  26 3418.3  11/2-   1/2  29    0.11    3.43    3.43    1.49    1.43      13.53   13.53   -0.00    0.03      1.649   1.649  -0.000
  27 3489.5  13/2-  -3/2  30   -0.78    4.11    4.11    5.71    2.44      14.28   14.28    0.00    0.59      1.741   1.741   0.000
  28 3632.7  13/2-  -7/2  31   -1.19    3.55    3.55    8.34    2.36      15.60   15.60    0.00    0.19      1.901   1.901   0.000
  29 3884.4   1/2-   1/2  25    0.50    6.45    6.45    0.25    0.67       6.37    6.37    0.00   -3.52      0.777   0.777   0.000
  30 4332.4   1/2-   1/2  38    0.50   12.56   12.56    0.25   -1.72      14.55   14.55   -0.00   -4.98      1.774   1.774  -0.000
  
  31 5936.7  13/2-  -3/2  35   -0.36    2.08    2.08    3.27    0.88      21.94   21.94    0.00   -0.19      2.675   2.675   0.000
  32 6999.0   1/2-   1/2  28    0.50   25.18   25.18    0.25   -3.57      28.77   28.77    0.00   -7.08      3.507   3.507   0.000
