1SPECTRUM OF (Z= 82 A=207) IN PARTICLE-ROTOR  MODEL WITH MODIFIED OSCILLATOR POTENTIAL


 PARITY=-   EPS= 0.204   GAMMA=  0.0   EPS4=0.000   EPS6=0.000   LEVELS:  25  26  27  28  29  30  31  32  33  34  35  36  37  38  39

 PAIRING FACTORS: GN0= 19.20  GN1=  7.40  IPAIR= 15 ***  E2PLUS(INPUT)=   0.730  E2PLUR(INPUT)=   0.000

 CORIOLIS ATTENUATION PARAMETERS:  CHSI=1.000  ETA=  1.00

 MOMENT OF INERTIA PARAMETERS:   A1=  0.122 MEV   A2=  0.122 MEV   A3=121.91924 MEV


 DELTA=0.943 MEV  LAMBDA=53.4862 MEV   HW0= 7.4471 MEV   LAMBDA/HW0= 7.1822

 E2ENERGY=0.730 MEV  HBAR**2/B= 7716./A**(7/3)=1304.4/A**2 MEV

 IREC=0  =>  RECOIL TERMS j+j-, j+j+, jzjz, ETC TREATED AS ONE-BODY OPERATORS WITH UU+VV PAIRING FACTORS



 S. P. LEVEL   EQP       U     V        (UU + VV)**1.00

     25       4.225    0.112 0.994      1.000 1.000 1.000 0.997 0.993 0.993 0.991 0.700 0.600 0.491 0.425 0.422 0.340 0.277 0.235
     26       4.056    0.117 0.993      1.000 1.000 1.000 0.998 0.994 0.993 0.991 0.704 0.604 0.496 0.429 0.427 0.345 0.282 0.239
     27       3.699    0.129 0.992      1.000 1.000 1.000 0.999 0.995 0.995 0.993 0.712 0.613 0.506 0.439 0.437 0.356 0.293 0.251
     28       2.630    0.182 0.983      0.997 0.998 0.999 1.000 0.999 0.999 0.998 0.749 0.655 0.552 0.488 0.485 0.406 0.345 0.303
     29       2.137    0.227 0.974      0.993 0.994 0.995 0.999 1.000 1.000 1.000 0.778 0.689 0.589 0.527 0.524 0.447 0.387 0.346
     30       2.099    0.231 0.973      0.993 0.993 0.995 0.999 1.000 1.000 1.000 0.781 0.692 0.593 0.530 0.528 0.451 0.391 0.350
     31       1.974    0.247 0.969      0.991 0.991 0.993 0.998 1.000 1.000 1.000 0.791 0.704 0.605 0.544 0.542 0.465 0.405 0.365
     32       0.972    0.788 0.616      0.700 0.704 0.712 0.749 0.778 0.781 0.791 1.000 0.991 0.966 0.944 0.943 0.910 0.880 0.858
     33       1.080    0.862 0.507      0.600 0.604 0.613 0.655 0.689 0.692 0.704 0.991 1.000 0.992 0.979 0.978 0.956 0.935 0.918
     34       1.312    0.921 0.390      0.491 0.496 0.506 0.552 0.589 0.593 0.605 0.966 0.992 1.000 0.997 0.997 0.986 0.973 0.962
     35       1.554    0.947 0.320      0.425 0.429 0.439 0.488 0.527 0.530 0.544 0.944 0.979 0.997 1.000 1.000 0.996 0.988 0.980
     36       1.565    0.948 0.318      0.422 0.427 0.437 0.485 0.524 0.528 0.542 0.943 0.978 0.997 1.000 1.000 0.996 0.988 0.980
     37       2.086    0.973 0.233      0.340 0.345 0.356 0.406 0.447 0.451 0.465 0.910 0.956 0.986 0.996 0.996 1.000 0.998 0.994
     38       2.854    0.986 0.168      0.277 0.282 0.293 0.345 0.387 0.391 0.405 0.880 0.935 0.973 0.988 0.988 0.998 1.000 0.999
     39       3.829    0.992 0.124      0.235 0.239 0.251 0.303 0.346 0.350 0.365 0.858 0.918 0.962 0.980 0.980 0.994 0.999 1.000

  R CORE   ENERGY   A0R/A00=1.000    R3= 0     2  
   2( 1)    0.732                    1.000 0.000
   2( 2)  487.921                    0.000 1.000

  R CORE   ENERGY   A0R/A00=1.000    R3= 0     2  
   3( 1)  488.652                    0.000 1.000

  R CORE   ENERGY   A0R/A00=1.000    R3= 0     2     4  
   4( 1)    2.438                    1.000 0.000 0.000

  R CORE   ENERGY   A0R/A00=1.000    R3= 0     2     4  
   5( 1)  490.847                    0.000 1.000 0.000

  R CORE   ENERGY   A0R/A00=1.000    R3= 0     2     4     6  
   6( 1)    5.121                    1.000 0.000 0.000 0.000

  R CORE   ENERGY   A0R/A00=1.000    R3= 0     2     4     6  
   7( 1)  494.017                    0.000 1.000 0.000 0.000

          AXIAL SYMMETRY => K RESTRICTED TO OMEGA

                     K
     S.P. ORB#: 25  2.50
     S.P. ORB#: 26  0.50
     S.P. ORB#: 27 -3.50
     S.P. ORB#: 28 -3.50
     S.P. ORB#: 29  0.50
     S.P. ORB#: 30  4.50
     S.P. ORB#: 31 -1.50
     S.P. ORB#: 32 -1.50
     S.P. ORB#: 33  2.50
     S.P. ORB#: 34  0.50
     S.P. ORB#: 35  0.50
     S.P. ORB#: 36 -1.50
     S.P. ORB#: 37  2.50
     S.P. ORB#: 38 -3.50
     S.P. ORB#: 39  4.50
 

             ENERGY    K= OMEGA
 
 I=  1/2- (1)  1.816  26:-0.058
                      35:-0.998
 
 I=  1/2- (2)  3.195  29: 0.999
 
 I=  1/2- (3)  5.278  26: 0.998
                      35:-0.059
 
 I=  1/2- (4)  9.168  34:-1.000
 
 I=  1/2- (5)147.275  32: 1.000

             ENERGY    K= OMEGA
 
 I=  3/2- (1)  1.465  29: 0.184
                      31: 0.102
                      32: 0.974
                      35:-0.072
 
 I=  3/2- (2)  2.453  29:-0.178
                      31:-0.165
                      32: 0.122
                      35: 0.962

             ENERGY    K= OMEGA
 
 I=  5/2- (1)  1.560  26:-0.052
                      29: 0.139
                      31: 0.180
                      32:-0.440
                      33:-0.865
                      35: 0.054
 
 I=  5/2- (2)  2.100  29:-0.208
                      31: 0.171
                      32: 0.858
                      33:-0.431
                      35: 0.056
 
 I=  5/2- (3)  2.480  29:-0.179
                      31:-0.231
                      33:-0.136
                      35:-0.946
 
 I=  5/2- (4)  3.315  26: 0.367
                      29:-0.442
                      31:-0.733
                      32:-0.075
                      33:-0.189
                      35: 0.303
 
 I=  5/2- (5)  4.518  26:-0.065
                      29: 0.806
                      31:-0.523
                      32: 0.248
                      33:-0.103

             ENERGY    K= OMEGA
 
 I=  7/2- (1)  2.195  29: 0.188
                      31:-0.209
                      32: 0.526
                      33:-0.801
 
 I=  7/2- (2)  2.768  25:-0.075
                      26:-0.170
                      28: 0.105
                      29:-0.339
                      31:-0.300
                      32:-0.704
                      33:-0.468
                      35: 0.186
 
 I=  7/2- (3)  3.370  25:-0.234
                      27:-0.091
                      28: 0.959
                      29: 0.061
                      31: 0.057
                      32: 0.063
                      35:-0.055
 
 I=  7/2- (4)  3.687  34: 0.730
                      36: 0.573
                      37: 0.345
                      38: 0.142
 
 I=  7/2- (5)  4.017  26:-0.130
                      28: 0.054
                      29:-0.183
                      31:-0.304
                      32: 0.322
                      33: 0.232
                      35: 0.834

             ENERGY    K= OMEGA
 
 I=  9/2- (1)  2.816  25: 0.080
                      26:-0.106
                      27: 0.228
                      28: 0.147
                      29: 0.180
                      30:-0.745
                      31: 0.214
                      32:-0.296
                      33:-0.423
                      35: 0.092
 
 I=  9/2- (2)  2.917  26:-0.152
                      27:-0.120
                      28:-0.121
                      29: 0.254
                      30: 0.581
                      31: 0.301
                      32:-0.384
                      33:-0.536
                      35: 0.140
 
 I=  9/2- (3)  3.934  25:-0.174
                      27: 0.058
                      28:-0.318
                      29:-0.179
                      30:-0.066
                      31: 0.307
                      32: 0.731
                      33:-0.358
                      35: 0.265
 
 I=  9/2- (4)  4.060  25:-0.051
                      26: 0.143
                      27: 0.052
                      28:-0.159
                      29:-0.297
                      31:-0.212
                      33:-0.469
                      35:-0.772
 
 I=  9/2- (5)  4.316  25:-0.274
                      27: 0.098
                      28:-0.850
                      29: 0.145
                      30:-0.171
                      31:-0.090
                      32:-0.284
                      33: 0.230

             ENERGY    K= OMEGA
 
 I= 11/2- (1)  2.506  34:-0.666
                      36:-0.566
                      37:-0.408
                      38:-0.243
                      39:-0.107
 
 I= 11/2- (2)  3.787  25:-0.135
                      27: 0.335
                      28: 0.250
                      29:-0.068
                      30: 0.855
                      31: 0.069
                      32:-0.158
                      33: 0.205
 
 I= 11/2- (3)  4.146  28: 0.075
                      29: 0.274
                      30: 0.272
                      31:-0.270
                      32: 0.553
                      33:-0.681
 
 I= 11/2- (4)  4.758  25:-0.125
                      26:-0.282
                      27:-0.055
                      28: 0.185
                      29:-0.407
                      31:-0.411
                      32:-0.528
                      33:-0.445
                      35: 0.231
 
 I= 11/2- (5)  5.411  25:-0.355
                      26: 0.101
                      27:-0.144
                      28: 0.854
                      29: 0.138
                      30:-0.247
                      31: 0.123
                      32: 0.074
                      33: 0.053
                      35:-0.102

             ENERGY    K= OMEGA
 
 I= 13/2- (1)  4.209  34:-0.188
                      36: 0.489
                      37:-0.604
                      38: 0.521
                      39:-0.298
 
 I= 13/2- (2)  4.850  25: 0.124
                      26:-0.240
                      27: 0.249
                      28: 0.172
                      29: 0.326
                      30:-0.477
                      31: 0.369
                      32:-0.361
                      33:-0.455
                      35: 0.169
 
 I= 13/2- (3)  5.063  25: 0.124
                      26: 0.195
                      27: 0.293
                      28: 0.256
                      29:-0.254
                      30:-0.705
                      31:-0.292
                      32: 0.221
                      33: 0.278
                      35:-0.149
 
 I= 13/2- (4)  6.532  25:-0.312
                      26:-0.094
                      27: 0.125
                      28:-0.519
                      29:-0.094
                      30:-0.228
                      31: 0.286
                      32: 0.590
                      33:-0.107
                      35: 0.326
 
 I= 13/2- (5)  6.656  25:-0.151
                      26: 0.168
                      27: 0.105
                      28:-0.364
                      29:-0.250
                      30:-0.055
                      31:-0.144
                      32:-0.146
                      33:-0.561
                      35:-0.619

             ENERGY     K= 9/2
  32 LEVELS    TIME=  0.0 SEC



 ******************* EXCITATION ENERGIES, DOMINANT CONFIGURATION AND EXPECTATION VALUES (WITH S.P. UU+VV FACTORS) *******************

  NR  Eex(keV)  I   Kdom  NY    <Jz>  <Jx**2> <Jy**2> <Jz**2> <I.j>/|I|  <Rx**2> <Ry**2> <Rz**2> <R.j>/|R|  <HROTx> <HROTy> <HROTz>

   1    0.0   3/2-  -3/2  32   -1.42    1.58    1.58    2.17    1.43       1.78    1.78    0.00   -1.36      0.217   0.217   0.000
   2   95.0   5/2-   5/2  33    1.54    1.88    1.88    5.19    2.38       1.81    1.81    0.00   -1.00      0.221   0.221   0.000
   3  350.8   1/2-   1/2  35    0.50    1.25    1.25    0.25    0.83       1.04    1.04    0.00   -1.42      0.126   0.126   0.000
   4  634.9   5/2-  -3/2  32   -0.65    1.58    1.58    2.91    1.09       4.18    4.18    0.00   -0.98      0.510   0.510   0.000
   5  730.6   7/2-   5/2  33    1.14    1.97    1.97    4.77    1.98       4.35    4.35    0.00   -0.28      0.531   0.531   0.000
  
   6  988.4   3/2-   1/2  35    0.42    1.43    1.43    0.33   -0.06       3.60    3.60    0.00   -1.24      0.438   0.438   0.000
   7 1015.7   5/2-   1/2  35    0.43    1.73    1.73    0.47    0.91       3.65    3.65    0.00   -0.46      0.445   0.445   0.000
   8 1041.4  11/2-   1/2  34    0.00   27.60   27.60    2.82    7.25       3.55    3.55    0.00   -5.51      0.432   0.432   0.000
   9 1303.4   7/2-  -3/2  32   -0.27    1.82    1.82    2.91    1.36       5.74    5.74    0.00   -0.34      0.700   0.700   0.000
  10 1351.8   9/2-   9/2  30    2.53    2.73    2.73   13.61    3.68       3.60    3.60    0.00   -0.28      0.438   0.438   0.000
  
  11 1452.8   9/2-   9/2  30    1.84    2.69    2.69    9.56    2.98       5.00    5.00    0.00   -0.03      0.610   0.610   0.000
  12 1730.4   1/2-   1/2  29    0.50    4.15    4.15    0.25    0.37       4.33    4.33    0.00   -2.80      0.528   0.528   0.000
  13 1849.9   5/2-  -3/2  31   -0.51    3.81    3.81    1.55    1.50       4.52    4.52    0.00   -1.57      0.552   0.552   0.000
  14 1904.8   7/2-  -7/2  28   -3.11    2.34    2.34   11.74    3.37       2.70    2.70   -0.00   -1.31      0.330   0.330  -0.000
  15 2222.7   7/2-   1/2  34    0.00   27.89   27.89    1.86    7.01       8.90    8.90    0.00   -7.07      1.084   1.084   0.000
  
  16 2322.8  11/2-   9/2  30    2.79    2.96    2.96   17.38    3.90       6.19    6.19    0.00    0.01      0.754   0.754   0.000
  17 2469.6   9/2-  -3/2  32   -0.84    1.72    1.72    3.80    1.16      10.20   10.20   -0.00   -0.32      1.244   1.244  -0.000
  18 2552.1   7/2-   1/2  35    0.20    1.96    1.96    1.00    0.08      10.02   10.02    0.00   -1.03      1.222   1.222   0.000
  19 2595.6   9/2-   1/2  35    0.74    2.25    2.25    2.01    1.12      10.04   10.04    0.00   -0.21      1.224   1.224   0.000
  20 2681.3  11/2-   5/2  33    0.93    2.25    2.25    5.36    1.85      11.75   11.75    0.00    0.25      1.432   1.432   0.000
  
  21 2744.8  13/2-   5/2  37    0.02   26.00   26.00    7.96    6.66       7.84    7.84    0.00   -3.40      0.956   0.956   0.000
  22 2851.4   9/2-  -7/2  28   -2.23    2.38    2.38   10.56    2.54       7.40    7.40   -0.00   -0.70      0.902   0.902  -0.000
  23 3053.2   5/2-   1/2  29   -0.15    4.18    4.18    0.99   -0.41      10.25   10.25    0.00   -2.33      1.249   1.249   0.000
  24 3293.6  11/2-  -3/2  32   -0.11    2.27    2.27    2.92    1.55      12.33   12.33    0.00    0.37      1.503   1.503   0.000
  25 3385.5  13/2-   9/2  30    0.95    3.47    3.47    7.76    2.85      11.80   11.80    0.00    1.07      1.439   1.439   0.000
  
  26 3598.7  13/2-   9/2  30    1.80    3.35    3.35   12.84    3.22      11.64   11.64    0.00    0.61      1.419   1.419   0.000
  27 3813.5   1/2-   1/2  26    0.50    5.16    5.16    0.25    0.69       5.06    5.06    0.00   -3.13      0.617   0.617   0.000
  28 3946.0  11/2-  -7/2  28   -2.04    2.61    2.61   11.28    2.57      10.74   10.74   -0.00   -0.24      1.310   1.310  -0.000
  29 5066.9  13/2-  -3/2  32   -1.07    2.17    2.17    6.22    1.60      18.51   18.51    0.00    0.10      2.257   2.257   0.000
  30 5190.9  13/2-   1/2  35    0.53    2.24    2.24    4.14    1.22      20.17   20.17    0.00   -0.02      2.459   2.459   0.000
  
  31 7702.9   1/2-   1/2  34    0.50   28.23   28.23    0.25   -4.03      32.22   32.22    0.00   -7.50      3.928   3.928   0.000
  32*******   1/2-  -3/2  32    0.00    0.00    0.00    0.00   -0.00       0.00    0.00    0.00   -0.00      0.000   0.000   0.000
