1SPECTRUM OF (Z= 82 A=207) IN PARTICLE-ROTOR  MODEL WITH MODIFIED OSCILLATOR POTENTIAL


 PARITY=-   EPS= 0.339   GAMMA=  0.0   EPS4=0.000   EPS6=0.000   LEVELS:  24  25  26  27  28  29  30  31  32  33  34  35  36  37  38

 PAIRING FACTORS: GN0= 19.20  GN1=  7.40  IPAIR= 15 ***  E2PLUS(INPUT)=   0.730  E2PLUR(INPUT)=   0.000

 CORIOLIS ATTENUATION PARAMETERS:  CHSI=1.000  ETA=  1.00

 MOMENT OF INERTIA PARAMETERS:   A1=  0.122 MEV   A2=  0.122 MEV   A3=121.91924 MEV


 DELTA=0.910 MEV  LAMBDA=53.3451 MEV   HW0= 7.5155 MEV   LAMBDA/HW0= 7.0980

 E2ENERGY=0.730 MEV  HBAR**2/B=21309./A**(7/3)=3602.2/A**2 MEV

 IREC=0  =>  RECOIL TERMS j+j-, j+j+, jzjz, ETC TREATED AS ONE-BODY OPERATORS WITH UU+VV PAIRING FACTORS



 S. P. LEVEL   EQP       U     V        (UU + VV)**1.00

     24       4.612    0.099 0.995      1.000 1.000 0.999 0.997 0.988 0.958 0.946 0.939 0.843 0.636 0.588 0.297 0.285 0.275 0.257
     25       4.200    0.109 0.994      1.000 1.000 0.999 0.997 0.989 0.960 0.949 0.942 0.848 0.643 0.596 0.306 0.294 0.284 0.267
     26       3.127    0.147 0.989      0.999 0.999 1.000 0.999 0.994 0.970 0.960 0.954 0.868 0.672 0.626 0.343 0.331 0.321 0.304
     27       2.569    0.180 0.984      0.997 0.997 0.999 1.000 0.997 0.978 0.969 0.964 0.884 0.696 0.652 0.374 0.362 0.352 0.335
     28       1.856    0.253 0.967      0.988 0.989 0.994 0.997 1.000 0.991 0.985 0.981 0.916 0.748 0.707 0.442 0.431 0.422 0.405
     29       1.289    0.382 0.924      0.958 0.960 0.970 0.978 0.991 1.000 0.999 0.998 0.962 0.831 0.796 0.560 0.549 0.540 0.525
     30       1.199    0.417 0.909      0.946 0.949 0.960 0.969 0.985 0.999 1.000 1.000 0.972 0.852 0.819 0.591 0.581 0.573 0.558
     31       1.158    0.437 0.900      0.939 0.942 0.954 0.964 0.981 0.998 1.000 1.000 0.977 0.863 0.831 0.608 0.598 0.590 0.575
     32       0.935    0.619 0.785      0.843 0.848 0.868 0.884 0.916 0.962 0.972 0.977 1.000 0.951 0.931 0.764 0.756 0.749 0.737
     33       0.984    0.831 0.556      0.636 0.643 0.672 0.696 0.748 0.831 0.852 0.863 0.951 1.000 0.998 0.926 0.921 0.917 0.910
     34       1.044    0.863 0.505      0.588 0.596 0.626 0.652 0.707 0.796 0.819 0.831 0.931 0.998 1.000 0.947 0.943 0.939 0.933
     35       2.313    0.980 0.201      0.297 0.306 0.343 0.374 0.442 0.560 0.591 0.608 0.764 0.926 0.947 1.000 1.000 1.000 0.999
     36       2.458    0.982 0.188      0.285 0.294 0.331 0.362 0.431 0.549 0.581 0.598 0.756 0.921 0.943 1.000 1.000 1.000 1.000
     37       2.594    0.984 0.178      0.275 0.284 0.321 0.352 0.422 0.540 0.573 0.590 0.749 0.917 0.939 1.000 1.000 1.000 1.000
     38       2.874    0.987 0.160      0.257 0.267 0.304 0.335 0.405 0.525 0.558 0.575 0.737 0.910 0.933 0.999 1.000 1.000 1.000

  R CORE   ENERGY   A0R/A00=1.000    R3= 0     2  
   2( 1)    0.732                    1.000 0.000
   2( 2)  487.921                    0.000 1.000

  R CORE   ENERGY   A0R/A00=1.000    R3= 0     2  
   3( 1)  488.652                    0.000 1.000

  R CORE   ENERGY   A0R/A00=1.000    R3= 0     2     4  
   4( 1)    2.438                    1.000 0.000 0.000

  R CORE   ENERGY   A0R/A00=1.000    R3= 0     2     4  
   5( 1)  490.847                    0.000 1.000 0.000

  R CORE   ENERGY   A0R/A00=1.000    R3= 0     2     4     6  
   6( 1)    5.121                    1.000 0.000 0.000 0.000

  R CORE   ENERGY   A0R/A00=1.000    R3= 0     2     4     6  
   7( 1)  494.017                    0.000 1.000 0.000 0.000

          AXIAL SYMMETRY => K RESTRICTED TO OMEGA

                     K
     S.P. ORB#: 24 -5.50
     S.P. ORB#: 25  0.50
     S.P. ORB#: 26  2.50
     S.P. ORB#: 27 -3.50
     S.P. ORB#: 28  0.50
     S.P. ORB#: 29  0.50
     S.P. ORB#: 30 -1.50
     S.P. ORB#: 31 -1.50
     S.P. ORB#: 32 -3.50
     S.P. ORB#: 33  4.50
     S.P. ORB#: 34  2.50
     S.P. ORB#: 35 -3.50
     S.P. ORB#: 36  0.50
     S.P. ORB#: 37 -1.50
     S.P. ORB#: 38  2.50
 

             ENERGY    K= OMEGA
 
 I=  1/2- (1)  2.533  29: 0.999
 
 I=  1/2- (2)  5.783  25: 0.999
 
 I=  1/2- (3)  5.803  28: 0.368
                      36:-0.930
 
 I=  1/2- (4)  8.754  28:-0.930
                      36:-0.368
 
 I=  1/2- (5)147.461  31: 1.000

             ENERGY    K= OMEGA
 
 I=  3/2- (1)  2.404  25: 0.088
                      29:-0.226
                      31: 0.969
 
 I=  3/2- (2)  2.561  25:-0.200
                      29:-0.889
                      31:-0.172
                      37:-0.376

             ENERGY    K= OMEGA
 
 I=  5/2- (1)  2.522  25:-0.263
                      29: 0.456
                      31: 0.788
                      37:-0.132
                      38:-0.290
 
 I=  5/2- (2)  3.345  26:-0.064
                      29: 0.640
                      31:-0.440
                      37:-0.616
                      38: 0.114
 
 I=  5/2- (3)  3.595  25:-0.127
                      29: 0.297
                      31: 0.162
                      37: 0.355
                      38: 0.862
 
 I=  5/2- (4)  4.285  26:-0.074
                      29:-0.502
                      31: 0.338
                      37:-0.684
                      38: 0.400
 
 I=  5/2- (5)  4.915  26: 0.994
                      37:-0.101

             ENERGY    K= OMEGA
 
 I=  7/2- (1)  1.744  26: 0.190
                      32:-0.980
 
 I=  7/2- (2)  3.334  25: 0.131
                      29:-0.271
                      31: 0.818
                      37:-0.166
                      38: 0.459
 
 I=  7/2- (3)  3.506  25:-0.316
                      29:-0.802
                      31:-0.285
                      37:-0.416
 
 I=  7/2- (4)  3.577  28:-0.706
                      30:-0.583
                      34:-0.368
                      35:-0.158
 
 I=  7/2- (5)  4.384  26:-0.205
                      27:-0.810
                      29:-0.209
                      31: 0.227
                      37: 0.228
                      38:-0.393

             ENERGY    K= OMEGA
 
 I=  9/2- (1)  1.884  26: 0.076
                      27:-0.186
                      32: 0.253
                      33: 0.946
 
 I=  9/2- (2)  2.714  26:-0.259
                      27:-0.091
                      32:-0.926
                      33: 0.250
 
 I=  9/2- (3)  3.570  25:-0.375
                      29: 0.494
                      31: 0.696
                      32:-0.060
                      37:-0.189
                      38:-0.302
 
 I=  9/2- (4)  4.636  28:-0.225
                      30: 0.565
                      34:-0.667
                      35: 0.430
 
 I=  9/2- (5)  5.181  26: 0.100
                      29:-0.543
                      31: 0.483
                      32:-0.058
                      37: 0.654
                      38:-0.171

             ENERGY    K= OMEGA
 
 I= 11/2- (1)  2.935  28:-0.676
                      30:-0.579
                      34:-0.401
                      35:-0.208
                      36:-0.057
 
 I= 11/2- (2)  2.980  26:-0.128
                      27:-0.253
                      32: 0.346
                      33:-0.894
 
 I= 11/2- (3)  3.914  26:-0.303
                      27: 0.133
                      31: 0.061
                      32: 0.874
                      33: 0.344
                      38: 0.062
 
 I= 11/2- (4)  5.230  25:-0.226
                      29: 0.130
                      31:-0.807
                      32: 0.080
                      37: 0.160
                      38:-0.496
 
 I= 11/2- (5)  5.357  25: 0.351
                      29: 0.809
                      31: 0.156
                      37: 0.437
                      38:-0.064

             ENERGY    K= OMEGA
 
 I= 13/2- (1)  4.296  26: 0.174
                      27:-0.295
                      32: 0.406
                      33: 0.847
 
 I= 13/2- (2)  5.055  28: 0.219
                      30:-0.553
                      34: 0.666
                      35:-0.449
 
 I= 13/2- (3)  5.322  25: 0.173
                      26:-0.308
                      27:-0.163
                      29:-0.181
                      31:-0.281
                      32:-0.756
                      33: 0.373
                      38: 0.157
 
 I= 13/2- (4)  5.537  25: 0.411
                      26: 0.126
                      27: 0.052
                      29:-0.470
                      31:-0.593
                      32: 0.346
                      33:-0.162
                      37: 0.193
                      38: 0.240
 
 I= 13/2- (5)  7.541  24:-0.998

             ENERGY     K= 5/2
  32 LEVELS    TIME=  0.0 SEC



 ******************* EXCITATION ENERGIES, DOMINANT CONFIGURATION AND EXPECTATION VALUES (WITH S.P. UU+VV FACTORS) *******************

  NR  Eex(keV)  I   Kdom  NY    <Jz>  <Jx**2> <Jy**2> <Jz**2> <I.j>/|I|  <Rx**2> <Ry**2> <Rz**2> <R.j>/|R|  <HROTx> <HROTy> <HROTz>

   1    0.0   7/2-  -7/2  32   -3.28    2.31    2.31   12.02    3.33       2.97    2.97   -0.00   -1.40      0.362   0.362  -0.000
   2  139.5   9/2-   9/2  33    3.70    2.53    2.53   19.38    4.25       3.43    3.43    0.00   -1.25      0.418   0.418   0.000
   3  659.5   3/2-  -3/2  31   -1.38    4.75    4.75    2.13    1.41       4.97    4.97   -0.00   -2.83      0.606   0.606  -0.000
   4  777.6   5/2-  -3/2  31   -0.61    4.82    4.82    2.03    2.13       3.92    3.92   -0.00   -1.92      0.478   0.478  -0.000
   5  788.7   1/2-   1/2  29    0.50    4.81    4.81    0.25    0.27       5.08    5.08    0.00   -3.02      0.619   0.619   0.000
  
   6  816.3   3/2-   1/2  29    0.16    4.12    4.12    0.59    1.18       4.00    4.00   -0.00   -2.31      0.488   0.488  -0.000
   7  969.3   9/2-  -7/2  32   -2.57    2.41    2.41   12.30    2.88       6.59    6.59   -0.00   -0.77      0.804   0.804  -0.000
   8 1190.9  11/2-   1/2  28   -0.02   24.19   24.19    2.41    6.27       5.78    5.78   -0.00   -3.91      0.704   0.704  -0.000
   9 1235.9  11/2-   9/2  33    2.99    2.74    2.74   18.56    3.72       7.64    7.64    0.00   -0.46      0.931   0.931   0.000
  10 1589.4   7/2-  -3/2  31   -0.48    4.23    4.23    2.93    1.65       7.02    7.02    0.00   -1.29      0.856   0.856   0.000
  
  11 1600.7   5/2-   1/2  29   -0.61    3.40    3.40    1.50    0.72       6.38    6.38   -0.00   -1.72      0.778   0.778  -0.000
  12 1761.3   7/2-   1/2  29   -0.01    4.00    4.00    0.78    1.33       7.00    7.00   -0.00   -0.94      0.854   0.854  -0.000
  13 1825.7   9/2-  -3/2  31   -0.37    4.98    4.98    1.89    2.24       7.16    7.16   -0.00   -0.19      0.873   0.873  -0.000
  14 1832.6   7/2-   1/2  28   -0.01   23.81   23.81    2.04    6.13       8.38    8.38   -0.00   -6.19      1.021   1.021  -0.000
  15 1850.5   5/2-   5/2  38    1.68    2.21    2.21    5.02    1.80       3.77    3.77    0.00   -1.50      0.459   0.459   0.000
  
  16 2170.0  11/2-  -7/2  32   -1.97    2.50    2.50   12.58    2.59      11.20   11.20   -0.00   -0.45      1.366   1.366  -0.000
  17 2540.6   5/2-  -3/2  37   -0.33    3.10    3.10    2.40   -0.03       8.75    8.75   -0.00   -2.07      1.067   1.067  -0.000
  18 2551.8  13/2-   9/2  33    2.41    2.93    2.93   17.82    3.36      12.76   12.76    0.00   -0.04      1.556   1.556   0.000
  19 2639.6   7/2-  -7/2  27   -1.94    5.09    5.09    9.51    2.53       7.68    7.68    0.00   -2.46      0.936   0.936   0.000
  20 2891.3   9/2-   5/2  34    0.01   24.48   24.48    5.77    5.29      13.40   13.40   -0.00   -5.48      1.633   1.633  -0.000
  
  21 3171.2   5/2-   5/2  26    2.46    5.99    5.99    6.20    2.06       7.36    7.36    0.00   -3.15      0.897   0.897   0.000
  22 3311.0  13/2-   5/2  34   -0.03   24.47   24.47    5.95    5.27      15.04   15.04    0.00   -3.30      1.834   1.834   0.000
  23 3436.2   9/2-  -3/2  37   -0.76    3.14    3.14    1.87    0.59      13.52   13.52   -0.00   -1.00      1.649   1.649  -0.000
  24 3486.1  11/2-  -3/2  31   -0.39    4.17    4.17    3.20    1.58      14.18   14.18   -0.00   -0.39      1.728   1.728  -0.000
  25 3577.8  13/2-  -7/2  32   -1.26    2.98    2.98   11.09    2.39      16.20   16.20   -0.00   -0.06      1.975   1.975  -0.000
  
  26 3612.4  11/2-   1/2  29    0.07    3.98    3.98    0.74    1.35      14.16   14.16   -0.00   -0.12      1.727   1.727  -0.000
  27 3793.2  13/2-  -3/2  31   -0.51    4.76    4.76    3.46    2.26      15.09   15.09    0.00    0.51      1.840   1.840   0.000
  28 4038.8   1/2-   1/2  25    0.50    6.59    6.59    0.25    0.66       6.52    6.52    0.00   -3.56      0.794   0.794   0.000
  29 4059.2   1/2-   1/2  36    0.50   12.33   12.33    0.25   -1.41      14.06   14.06    0.00   -4.93      1.714   1.714   0.000
  30 5796.6  13/2- -11/2  24   -5.49    2.76    2.76   30.19    4.32      12.04   12.04    0.00   -1.13      1.469   1.469   0.000
  
  31 7009.3   1/2-   1/2  28    0.50   24.38   24.38    0.25   -3.54      27.95   27.95    0.00   -6.97      3.408   3.408   0.000
  32*******   1/2-  -3/2  31    0.00    0.00    0.00    0.00   -0.00       0.00    0.00    0.00   -0.00      0.000   0.000   0.000
