1SPECTRUM OF (Z= 82 A=207) IN PARTICLE-ROTOR  MODEL WITH MODIFIED OSCILLATOR POTENTIAL


 PARITY=-   EPS= 0.389   GAMMA=  0.0   EPS4=0.000   EPS6=0.000   LEVELS:  25  26  27  28  29  30  31  32  33  34  35  36  37  38  39

 PAIRING FACTORS: GN0= 19.20  GN1=  7.40  IPAIR= 15 ***  E2PLUS(INPUT)=   0.730  E2PLUR(INPUT)=   0.000

 CORIOLIS ATTENUATION PARAMETERS:  CHSI=1.000  ETA=  1.00

 MOMENT OF INERTIA PARAMETERS:   A1=  0.122 MEV   A2=  0.122 MEV   A3=121.91924 MEV


 DELTA=0.853 MEV  LAMBDA=53.4658 MEV   HW0= 7.5514 MEV   LAMBDA/HW0= 7.0802

 E2ENERGY=0.730 MEV  HBAR**2/B=28058./A**(7/3)=4743.1/A**2 MEV

 IREC=0  =>  RECOIL TERMS j+j-, j+j+, jzjz, ETC TREATED AS ONE-BODY OPERATORS WITH UU+VV PAIRING FACTORS



 S. P. LEVEL   EQP       U     V        (UU + VV)**1.00

     25       3.854    0.111 0.994      1.000 0.999 0.999 0.996 0.993 0.934 0.900 0.835 0.581 0.423 0.420 0.328 0.241 0.237 0.230
     26       2.975    0.145 0.989      0.999 1.000 1.000 0.999 0.997 0.946 0.915 0.853 0.608 0.453 0.451 0.360 0.273 0.269 0.263
     27       2.790    0.155 0.988      0.999 1.000 1.000 0.999 0.997 0.949 0.919 0.859 0.616 0.462 0.460 0.369 0.283 0.279 0.273
     28       2.231    0.195 0.981      0.996 0.999 0.999 1.000 1.000 0.961 0.934 0.879 0.648 0.498 0.495 0.407 0.322 0.318 0.312
     29       1.950    0.224 0.975      0.993 0.997 0.997 1.000 1.000 0.969 0.944 0.893 0.670 0.524 0.521 0.434 0.350 0.346 0.340
     30       1.047    0.458 0.889      0.934 0.946 0.949 0.961 0.969 1.000 0.996 0.976 0.833 0.718 0.716 0.643 0.571 0.567 0.562
     31       0.946    0.532 0.847      0.900 0.915 0.919 0.934 0.944 0.996 1.000 0.991 0.877 0.775 0.773 0.707 0.639 0.636 0.631
     32       0.867    0.639 0.769      0.835 0.853 0.859 0.879 0.893 0.976 0.991 1.000 0.933 0.851 0.850 0.794 0.735 0.732 0.727
     33       1.002    0.873 0.487      0.581 0.608 0.616 0.648 0.670 0.833 0.877 0.933 1.000 0.983 0.983 0.960 0.930 0.928 0.926
     34       1.410    0.948 0.319      0.423 0.453 0.462 0.498 0.524 0.718 0.775 0.851 0.983 1.000 1.000 0.995 0.981 0.981 0.979
     35       1.419    0.949 0.317      0.420 0.451 0.460 0.495 0.521 0.716 0.773 0.850 0.983 1.000 1.000 0.995 0.982 0.981 0.980
     36       1.975    0.975 0.221      0.328 0.360 0.369 0.407 0.434 0.643 0.707 0.794 0.960 0.995 0.995 1.000 0.996 0.995 0.995
     37       3.276    0.991 0.131      0.241 0.273 0.283 0.322 0.350 0.571 0.639 0.735 0.930 0.981 0.982 0.996 1.000 1.000 1.000
     38       3.386    0.992 0.127      0.237 0.269 0.279 0.318 0.346 0.567 0.636 0.732 0.928 0.981 0.981 0.995 1.000 1.000 1.000
     39       3.564    0.993 0.120      0.230 0.263 0.273 0.312 0.340 0.562 0.631 0.727 0.926 0.979 0.980 0.995 1.000 1.000 1.000

  R CORE   ENERGY   A0R/A00=1.000    R3= 0     2  
   2( 1)    0.732                    1.000 0.000
   2( 2)  487.921                    0.000 1.000

  R CORE   ENERGY   A0R/A00=1.000    R3= 0     2  
   3( 1)  488.652                    0.000 1.000

  R CORE   ENERGY   A0R/A00=1.000    R3= 0     2     4  
   4( 1)    2.438                    1.000 0.000 0.000

  R CORE   ENERGY   A0R/A00=1.000    R3= 0     2     4  
   5( 1)  490.847                    0.000 1.000 0.000

  R CORE   ENERGY   A0R/A00=1.000    R3= 0     2     4     6  
   6( 1)    5.121                    1.000 0.000 0.000 0.000

  R CORE   ENERGY   A0R/A00=1.000    R3= 0     2     4     6  
   7( 1)  494.017                    0.000 1.000 0.000 0.000

          AXIAL SYMMETRY => K RESTRICTED TO OMEGA

                     K
     S.P. ORB#: 25 -5.50
     S.P. ORB#: 26  0.50
     S.P. ORB#: 27  2.50
     S.P. ORB#: 28 -3.50
     S.P. ORB#: 29 -1.50
     S.P. ORB#: 30  0.50
     S.P. ORB#: 31 -1.50
     S.P. ORB#: 32  2.50
     S.P. ORB#: 33 -3.50
     S.P. ORB#: 34  4.50
     S.P. ORB#: 35  0.50
     S.P. ORB#: 36 -3.50
     S.P. ORB#: 37 -1.50
     S.P. ORB#: 38  0.50
     S.P. ORB#: 39  2.50
 

             ENERGY    K= OMEGA
 
 I=  1/2- (1)  2.352  30:-1.000
 
 I=  1/2- (2)  4.366  26:-0.192
                      35: 0.912
                      38:-0.363
 
 I=  1/2- (3)  7.304  26:-0.348
                      35: 0.282
                      38: 0.894
 
 I=  1/2- (4)  9.386  26: 0.918
                      35: 0.297
                      38: 0.263
 
 I=  1/2- (5)147.249  31:-1.000

             ENERGY    K= OMEGA
 
 I=  3/2- (1)  2.253  30:-0.455
                      31: 0.890
 
 I=  3/2- (2)  2.615  30:-0.867
                      31:-0.449
                      37:-0.215
 
 I=  3/2- (3)  3.966  30:-0.202
                      31:-0.077
                      37: 0.976
 
 I=  3/2- (4)  4.354  26: 0.292
                      35:-0.948
                      38:-0.119
 
 I=  3/2- (5)  6.161  26: 0.740
                      29: 0.619
                      35: 0.260

             ENERGY    K= OMEGA
 
 I=  5/2- (1)  2.718  30: 0.398
                      31: 0.883
                      37:-0.077
                      39:-0.235
 
 I=  5/2- (2)  3.354  27: 0.056
                      30:-0.849
                      31: 0.386
                      37: 0.344
                      39:-0.092
 
 I=  5/2- (3)  4.278  27:-0.218
                      30:-0.194
                      31:-0.160
                      37:-0.480
                      39:-0.812
 
 I=  5/2- (4)  4.581  27: 0.943
                      30: 0.061
                      31:-0.139
                      37: 0.076
                      39:-0.286
 
 I=  5/2- (5)  4.773  26:-0.143
                      35: 0.799
                      38:-0.583

             ENERGY    K= OMEGA
 
 I=  7/2- (1)  1.882  27: 0.154
                      33:-0.987
 
 I=  7/2- (2)  3.297  30:-0.568
                      31: 0.752
                      37:-0.173
                      39: 0.282
 
 I=  7/2- (3)  3.990  27: 0.077
                      30:-0.737
                      31:-0.550
                      37:-0.324
                      39:-0.206
 
 I=  7/2- (4)  4.089  26: 0.610
                      29: 0.588
                      32: 0.486
                      36: 0.214
 
 I=  7/2- (5)  4.123  27: 0.190
                      28: 0.976
                      39: 0.086

             ENERGY    K= OMEGA
 
 I=  9/2- (1)  2.336  27: 0.087
                      28:-0.163
                      33: 0.360
                      34: 0.914
 
 I=  9/2- (2)  2.951  27:-0.205
                      28:-0.101
                      33:-0.902
                      34: 0.358
                      39: 0.053
 
 I=  9/2- (3)  4.264  30: 0.441
                      31: 0.794
                      33:-0.064
                      37:-0.187
                      39:-0.367
 
 I=  9/2- (4)  4.766  26: 0.208
                      29:-0.552
                      32: 0.692
                      36:-0.415
 
 I=  9/2- (5)  5.230  27: 0.238
                      28:-0.562
                      30:-0.554
                      31: 0.386
                      33:-0.055
                      34:-0.107
                      37: 0.391
                      39:-0.062

             ENERGY    K= OMEGA
 
 I= 11/2- (1)  3.476  27:-0.136
                      28:-0.221
                      33: 0.446
                      34:-0.856
 
 I= 11/2- (2)  3.512  26: 0.607
                      29: 0.588
                      32: 0.471
                      35: 0.103
                      36: 0.230
 
 I= 11/2- (3)  4.243  27:-0.241
                      28: 0.150
                      31: 0.073
                      33: 0.844
                      34: 0.441
                      39: 0.077
 
 I= 11/2- (4)  5.197  25: 0.998
 
 I= 11/2- (5)  5.256  30: 0.582
                      31:-0.680
                      33: 0.088
                      37: 0.256
                      39:-0.349

             ENERGY    K= OMEGA
 
 I= 13/2- (1)  4.848  27: 0.177
                      28:-0.261
                      33: 0.490
                      34: 0.811
 
 I= 13/2- (2)  5.316  26:-0.215
                      29: 0.564
                      32:-0.679
                      36: 0.417
 
 I= 13/2- (3)  5.762  27:-0.267
                      28:-0.190
                      31:-0.105
                      33:-0.798
                      34: 0.482
                      39: 0.103
 
 I= 13/2- (4)  6.746  25: 0.152
                      30:-0.446
                      31:-0.722
                      33: 0.123
                      34:-0.055
                      37: 0.254
                      39: 0.415
 
 I= 13/2- (5)  6.785  25: 0.986
                      30: 0.069
                      31: 0.108
                      34: 0.056
                      39:-0.058

             ENERGY     K= 5/2
  35 LEVELS    TIME=  0.0 SEC



 ******************* EXCITATION ENERGIES, DOMINANT CONFIGURATION AND EXPECTATION VALUES (WITH S.P. UU+VV FACTORS) *******************

  NR  Eex(keV)  I   Kdom  NY    <Jz>  <Jx**2> <Jy**2> <Jz**2> <I.j>/|I|  <Rx**2> <Ry**2> <Rz**2> <R.j>/|R|  <HROTx> <HROTy> <HROTz>

   1    0.0   7/2-  -7/2  33   -3.35    2.30    2.30   12.10    3.23       3.41    3.41   -0.00   -1.49      0.416   0.416  -0.000
   2  371.9   3/2-  -3/2  31   -1.09    4.96    4.96    1.84    1.28       5.27    5.27    0.00   -2.86      0.643   0.643   0.000
   3  454.8   9/2-   9/2  34    3.23    2.50    2.50   18.89    4.11       3.89    3.89   -0.00   -1.24      0.474   0.474  -0.001
   4  470.5   1/2-   1/2  30    0.50    4.93    4.93    0.25    0.10       5.35    5.35    0.00   -3.07      0.653   0.653   0.000
   5  733.5   3/2-   1/2  30    0.00    4.72    4.72    0.75    0.45       6.09    6.09    0.00   -2.67      0.743   0.743   0.000
  
   6  836.6   5/2-  -3/2  31   -0.96    4.81    4.81    2.16    1.26       6.54    6.54    0.00   -2.23      0.798   0.798   0.000
   7 1069.4   9/2-  -7/2  33   -2.20    2.37    2.37   12.98    2.78       7.39    7.39   -0.00   -1.01      0.901   0.901  -0.000
   8 1414.9   7/2-  -3/2  31   -0.54    4.70    4.70    1.94    1.31       8.36    8.36    0.00   -1.51      1.019   1.019   0.000
   9 1472.5   5/2-   1/2  30   -0.01    4.44    4.44    0.85    0.31       8.33    8.33    0.00   -2.16      1.016   1.016   0.000
  10 1594.4  11/2-   9/2  34    2.47    2.66    2.66   18.01    3.51       8.53    8.53   -0.00   -0.56      1.040   1.040  -0.000
  
  11 1630.0  11/2-   1/2  26    0.04   23.23   23.23    2.91    6.14       5.85    5.85    0.00   -3.70      0.714   0.714   0.000
  12 2084.8   3/2-  -3/2  37   -1.42    2.02    2.02    2.17    0.89       3.26    3.26    0.00   -1.76      0.398   0.398   0.000
  13 2108.4   7/2-   1/2  30   -0.22    4.35    4.35    1.37    0.54      10.76   10.76    0.00   -1.71      1.311   1.311   0.000
  14 2207.8   7/2-   1/2  26    0.10   22.83   22.83    2.91    6.02       8.26    8.26    0.00   -6.07      1.007   1.007   0.000
  15 2241.9   7/2-  -7/2  28   -3.23    6.20    6.20   11.95    3.13       7.65    7.65    0.00   -3.05      0.932   0.932   0.001
  
  16 2361.6  11/2-  -7/2  33   -1.55    2.46    2.46   13.38    2.45      12.36   12.36   -0.00   -0.73      1.507   1.507  -0.000
  17 2382.4   9/2-  -3/2  31   -0.58    4.52    4.52    2.46    1.29      11.73   11.73    0.00   -1.06      1.431   1.431   0.000
  18 2395.9   5/2-   5/2  39    1.40    2.17    2.17    5.00    1.70       4.01    4.01    0.00   -1.52      0.489   0.489   0.000
  19 2472.9   3/2-   1/2  35    0.50   12.53   12.53    0.25    1.63      11.37   11.37    0.00   -4.65      1.387   1.387   0.000
  20 2484.8   1/2-   1/2  35    0.50   11.16   11.16    0.25    1.00      10.79   10.79    0.00   -4.67      1.316   1.316   0.000
  
  21 2699.8   5/2-   5/2  27    2.39    5.69    5.69    6.13    1.99       7.25    7.25    0.00   -3.05      0.884   0.884   0.000
  22 2884.0   9/2-   5/2  32    0.16   23.69   23.69    5.80    5.12      13.47   13.47    0.00   -5.33      1.642   1.642   0.000
  23 2891.7   5/2-   1/2  35    0.50   11.30   11.30    0.26    1.66      10.89   10.89    0.00   -3.85      1.327   1.327   0.000
  24 2965.9  13/2-   9/2  34    1.95    2.81    2.81   17.35    3.12      14.08   14.08   -0.00   -0.22      1.717   1.717  -0.000
  25 3315.6  11/2- -11/2  25   -5.48    2.75    2.75   30.18    5.05       5.54    5.54    0.00   -1.66      0.676   0.676   0.000
  
  26 3348.6   9/2-  -7/2  28   -1.21    4.74    4.74    5.28    1.19      13.82   13.82    0.00   -1.68      1.685   1.685   0.000
  27 3374.9  11/2-  -3/2  31   -0.35    4.47    4.47    2.21    1.32      15.58   15.58    0.00   -0.59      1.899   1.899   0.000
  28 3434.7  13/2-   5/2  32    0.09   23.70   23.70    5.74    5.06      15.64   15.64    0.00   -3.19      1.907   1.907   0.000
  29 3880.9  13/2-  -7/2  33   -1.13    2.56    2.56   13.53    2.21      18.30   18.30    0.00   -0.54      2.231   2.231   0.000
  30 4279.4   3/2-   1/2  26   -0.27   22.97   22.97    1.02    5.29      15.11   15.11    0.00   -6.68      1.842   1.842   0.000
  
  31 4864.6  13/2-  -3/2  31   -0.52    4.25    4.25    3.40    1.34      20.94   20.94   -0.00   -0.39      2.553   2.553  -0.000
  32 4903.6  13/2- -11/2  25   -5.36    2.79    2.79   29.58    4.25      12.28   12.28    0.00   -1.11      1.497   1.497   0.000
  33 5422.0   1/2-   1/2  38    0.50   15.90   15.90    0.25   -0.59      16.91   16.91    0.00   -5.60      2.062   2.062   0.000
  34 7504.2   1/2-   1/2  26    0.50   23.26   23.26    0.25   -3.44      26.74   26.74    0.00   -6.80      3.260   3.260   0.000
  35*******   1/2-  -3/2  31    0.00    0.00    0.00    0.00    0.00       0.00    0.00    0.00   -0.00      0.000   0.000   0.000
  
