1SPECTRUM OF (Z= 82 A=207) IN PARTICLE-ROTOR  MODEL WITH MODIFIED OSCILLATOR POTENTIAL


 PARITY=-   EPS= 0.320   GAMMA=  0.0   EPS4=0.000   EPS6=0.000   LEVELS:  26  27  28  29  30  31  32  33  34  35  36  37  38  39  40

 PAIRING FACTORS: GN0= 19.20  GN1=  7.40  IPAIR= 15 ***  E2PLUS(INPUT)=   0.730  E2PLUR(INPUT)=   0.000

 CORIOLIS ATTENUATION PARAMETERS:  CHSI=1.000  ETA=  1.00

 MOMENT OF INERTIA PARAMETERS:   A1=  0.122 MEV   A2=  0.122 MEV   A3=121.91924 MEV


 DELTA=0.932 MEV  LAMBDA=53.3027 MEV   HW0= 7.5035 MEV   LAMBDA/HW0= 7.1037

 E2ENERGY=0.730 MEV  HBAR**2/B=18987./A**(7/3)=3209.7/A**2 MEV

 IREC=0  =>  RECOIL TERMS j+j-, j+j+, jzjz, ETC TREATED AS ONE-BODY OPERATORS WITH UU+VV PAIRING FACTORS



 S. P. LEVEL   EQP       U     V        (UU + VV)**1.00

     26       3.247    0.145 0.989      1.000 1.000 0.982 0.975 0.962 0.922 0.910 0.769 0.554 0.342 0.335 0.321 0.306 0.286 0.257
     27       2.691    0.176 0.984      1.000 1.000 0.987 0.981 0.970 0.934 0.922 0.788 0.580 0.372 0.364 0.351 0.336 0.316 0.287
     28       1.495    0.331 0.944      0.982 0.987 1.000 0.999 0.996 0.979 0.972 0.876 0.703 0.515 0.508 0.495 0.482 0.463 0.436
     29       1.380    0.362 0.932      0.975 0.981 0.999 1.000 0.999 0.985 0.979 0.892 0.726 0.543 0.537 0.525 0.511 0.492 0.466
     30       1.243    0.411 0.911      0.962 0.970 0.996 0.999 1.000 0.993 0.989 0.915 0.762 0.587 0.581 0.569 0.556 0.538 0.513
     31       1.054    0.517 0.856      0.922 0.934 0.979 0.985 0.993 1.000 1.000 0.956 0.833 0.679 0.673 0.663 0.651 0.634 0.611
     32       1.023    0.543 0.840      0.910 0.922 0.972 0.979 0.989 1.000 1.000 0.965 0.850 0.702 0.696 0.685 0.674 0.658 0.635
     33       0.938    0.744 0.668      0.769 0.788 0.876 0.892 0.915 0.956 0.965 1.000 0.959 0.864 0.860 0.853 0.844 0.833 0.816
     34       1.206    0.904 0.428      0.554 0.580 0.703 0.726 0.762 0.833 0.850 0.959 1.000 0.972 0.970 0.966 0.962 0.956 0.947
     35       2.353    0.979 0.202      0.342 0.372 0.515 0.543 0.587 0.679 0.702 0.864 0.972 1.000 1.000 1.000 0.999 0.998 0.996
     36       2.445    0.981 0.194      0.335 0.364 0.508 0.537 0.581 0.673 0.696 0.860 0.970 1.000 1.000 1.000 1.000 0.999 0.997
     37       2.628    0.984 0.180      0.321 0.351 0.495 0.525 0.569 0.663 0.685 0.853 0.966 1.000 1.000 1.000 1.000 0.999 0.998
     38       2.868    0.986 0.165      0.306 0.336 0.482 0.511 0.556 0.651 0.674 0.844 0.962 0.999 1.000 1.000 1.000 1.000 0.999
     39       3.281    0.990 0.144      0.286 0.316 0.463 0.492 0.538 0.634 0.658 0.833 0.956 0.998 0.999 0.999 1.000 1.000 1.000
     40       4.109    0.993 0.114      0.257 0.287 0.436 0.466 0.513 0.611 0.635 0.816 0.947 0.996 0.997 0.998 0.999 1.000 1.000

  R CORE   ENERGY   A0R/A00=1.000    R3= 0     2  
   2( 1)    0.732                    1.000 0.000
   2( 2)  487.921                    0.000 1.000

  R CORE   ENERGY   A0R/A00=1.000    R3= 0     2  
   3( 1)  488.652                    0.000 1.000

  R CORE   ENERGY   A0R/A00=1.000    R3= 0     2     4  
   4( 1)    2.438                    1.000 0.000 0.000

  R CORE   ENERGY   A0R/A00=1.000    R3= 0     2     4  
   5( 1)  490.847                    0.000 1.000 0.000

  R CORE   ENERGY   A0R/A00=1.000    R3= 0     2     4     6  
   6( 1)    5.121                    1.000 0.000 0.000 0.000

  R CORE   ENERGY   A0R/A00=1.000    R3= 0     2     4     6  
   7( 1)  494.017                    0.000 1.000 0.000 0.000

          AXIAL SYMMETRY => K RESTRICTED TO OMEGA

                     K
     S.P. ORB#: 26  2.50
     S.P. ORB#: 27 -3.50
     S.P. ORB#: 28  0.50
     S.P. ORB#: 29  0.50
     S.P. ORB#: 30 -1.50
     S.P. ORB#: 31 -3.50
     S.P. ORB#: 32 -1.50
     S.P. ORB#: 33  4.50
     S.P. ORB#: 34  2.50
     S.P. ORB#: 35 -1.50
     S.P. ORB#: 36 -3.50
     S.P. ORB#: 37  2.50
     S.P. ORB#: 38  0.50
     S.P. ORB#: 39  0.50
     S.P. ORB#: 40  4.50
 

             ENERGY    K= OMEGA
 
 I=  1/2- (1)  2.606  29: 0.999
                      39: 0.053
 
 I=  1/2- (2)  3.626  29: 0.053
                      39:-0.999
 
 I=  1/2- (3)  6.091  28: 0.465
                      38:-0.885
 
 I=  1/2- (4)  8.777  28: 0.885
                      38: 0.465
 
 I=  1/2- (5)147.326  32:-1.000

             ENERGY    K= OMEGA
 
 I=  3/2- (1)  2.481  29: 0.392
                      30:-0.919
 
 I=  3/2- (2)  2.651  29:-0.671
                      30:-0.288
                      35:-0.665
                      39: 0.156
 
 I=  3/2- (3)  3.212  29:-0.601
                      30:-0.242
                      35: 0.746
                      39: 0.151
 
 I=  3/2- (4)  4.356  29:-0.186
                      30:-0.118
                      39:-0.975
 
 I=  3/2- (5)  4.861  28: 0.763
                      32: 0.372
                      38:-0.528

             ENERGY    K= OMEGA
 
 I=  5/2- (1)  2.732  29:-0.384
                      30:-0.731
                      35: 0.210
                      37: 0.490
                      39:-0.180
 
 I=  5/2- (2)  3.253  26:-0.066
                      29: 0.435
                      30:-0.454
                      35:-0.771
                      39:-0.071
 
 I=  5/2- (3)  3.450  29:-0.496
                      30:-0.245
                      35:-0.080
                      37:-0.800
                      39:-0.219
 
 I=  5/2- (4)  4.162  29:-0.562
                      30: 0.431
                      35:-0.558
                      37: 0.345
                      39:-0.258
 
 I=  5/2- (5)  4.544  26:-0.061
                      29:-0.317
                      30:-0.114
                      35:-0.191
                      39: 0.920

             ENERGY    K= OMEGA
 
 I=  7/2- (1)  1.842  26:-0.200
                      27: 0.053
                      31: 0.978
 
 I=  7/2- (2)  3.322  29:-0.461
                      30: 0.629
                      35:-0.340
                      37: 0.524
 
 I=  7/2- (3)  3.398  28:-0.724
                      32:-0.579
                      34:-0.345
                      36:-0.143
 
 I=  7/2- (4)  3.863  26: 0.061
                      29:-0.551
                      30:-0.499
                      35:-0.564
                      37:-0.249
                      39: 0.249
 
 I=  7/2- (5)  4.339  26:-0.131
                      27:-0.378
                      29:-0.428
                      30: 0.406
                      35: 0.322
                      37:-0.623

             ENERGY    K= OMEGA
 
 I=  9/2- (1)  1.812  26:-0.070
                      27: 0.202
                      31:-0.217
                      33:-0.952
 
 I=  9/2- (2)  2.785  26: 0.275
                      27: 0.090
                      31: 0.932
                      33:-0.213
 
 I=  9/2- (3)  4.086  29:-0.420
                      30:-0.649
                      35: 0.300
                      37: 0.502
                      39:-0.237
 
 I=  9/2- (4)  4.344  28:-0.206
                      32: 0.528
                      34:-0.633
                      36: 0.481
                      40:-0.216
 
 I=  9/2- (5)  5.072  26:-0.100
                      27: 0.055
                      29: 0.376
                      30:-0.491
                      31: 0.060
                      35:-0.755
                      37: 0.055
                      39:-0.166

             ENERGY    K= OMEGA
 
 I= 11/2- (1)  2.630  28: 0.659
                      32: 0.567
                      34: 0.408
                      36: 0.250
                      38: 0.054
                      40: 0.107
 
 I= 11/2- (2)  2.884  26:-0.119
                      27:-0.274
                      31: 0.301
                      33:-0.905
 
 I= 11/2- (3)  3.957  26:-0.322
                      27: 0.128
                      31: 0.886
                      33: 0.298
                      37: 0.057
 
 I= 11/2- (4)  5.214  29:-0.486
                      30: 0.575
                      35:-0.399
                      37: 0.518
 
 I= 11/2- (5)  5.717  28: 0.489
                      32: 0.099
                      34:-0.430
                      36:-0.623
                      40:-0.420

             ENERGY    K= OMEGA
 
 I= 13/2- (1)  4.174  26:-0.162
                      27: 0.320
                      31:-0.358
                      33:-0.862
 
 I= 13/2- (2)  4.266  28:-0.175
                      32: 0.464
                      34:-0.611
                      36: 0.540
                      40:-0.298
 
 I= 13/2- (3)  5.364  26: 0.353
                      27: 0.164
                      30: 0.067
                      31: 0.843
                      33:-0.356
                      37:-0.073
 
 I= 13/2- (4)  6.430  29:-0.437
                      30:-0.618
                      31: 0.065
                      35: 0.325
                      37: 0.485
                      39:-0.278
 
 I= 13/2- (5)  7.864  26:-0.100
                      27: 0.066
                      29: 0.299
                      30:-0.482
                      31: 0.097
                      35:-0.756
                      39:-0.288

             ENERGY     K= 9/2
  35 LEVELS    TIME=  0.0 SEC



 ******************* EXCITATION ENERGIES, DOMINANT CONFIGURATION AND EXPECTATION VALUES (WITH S.P. UU+VV FACTORS) *******************

  NR  Eex(keV)  I   Kdom  NY    <Jz>  <Jx**2> <Jy**2> <Jz**2> <I.j>/|I|  <Rx**2> <Ry**2> <Rz**2> <R.j>/|R|  <HROTx> <HROTy> <HROTz>

   1    0.0   9/2-   9/2  33    3.79    2.55    2.55   19.48    4.31       3.22    3.22    0.00   -1.23      0.392   0.392   0.000
   2   30.6   7/2-  -7/2  31   -3.25    2.31    2.31   12.00    3.36       2.85    2.85   -0.00   -1.38      0.347   0.347  -0.000
   3  669.7   3/2-  -3/2  30   -1.19    4.68    4.68    1.94    1.31       4.98    4.98    0.00   -2.77      0.607   0.607   0.000
   4  794.3   1/2-   1/2  29    0.50    4.68    4.68    0.25    0.20       5.00    5.00    0.00   -2.98      0.610   0.610   0.000
   5  818.2  11/2-   1/2  28   -0.02   24.69   24.69    2.87    6.51       5.09    5.09   -0.00   -4.18      0.621   0.621  -0.000
  
   6  839.5   3/2-   1/2  29   -0.55    3.10    3.10    1.30    1.20       3.30    3.30    0.00   -2.01      0.402   0.402   0.000
   7  920.7   5/2-  -3/2  30   -0.18    3.89    3.89    2.85    1.86       4.18    4.18    0.00   -1.77      0.510   0.510   0.000
   8  972.8   9/2-  -7/2  31   -2.67    2.42    2.42   12.13    2.91       6.37    6.37   -0.00   -0.69      0.777   0.777  -0.000
   9 1072.1  11/2-   9/2  33    3.14    2.78    2.78   18.72    3.81       7.26    7.26    0.00   -0.40      0.885   0.885   0.000
  10 1400.2   3/2-  -3/2  35   -0.73    3.09    3.09    1.48    0.29       5.14    5.14   -0.00   -2.21      0.627   0.627  -0.000
  
  11 1441.0   5/2-  -3/2  35   -1.09    2.62    2.62    1.88    0.88       5.34    5.34    0.00   -1.39      0.651   0.651   0.000
  12 1510.2   7/2-  -3/2  30    0.02    3.71    3.71    2.95    1.70       6.31    6.31    0.00   -1.02      0.769   0.769   0.000
  13 1586.3   7/2-   1/2  28   -0.01   24.31   24.31    1.88    6.20       8.51    8.51    0.00   -6.27      1.038   1.038   0.000
  14 1638.7   5/2-   5/2  37    1.65    2.67    2.67    4.22    1.46       4.85    4.85    0.00   -1.69      0.591   0.591   0.000
  15 1814.7   1/2-   1/2  39    0.50    1.55    1.55    0.25    0.70       1.44    1.44    0.00   -1.61      0.175   0.175   0.000
  
  16 2051.2   7/2-  -3/2  35   -0.51    3.08    3.08    1.80    0.91       8.22    8.22    0.00   -1.07      1.003   1.003   0.000
  17 2145.5  11/2-  -7/2  31   -2.14    2.51    2.51   12.29    2.62      10.88   10.88   -0.00   -0.36      1.327   1.327  -0.000
  18 2274.6   9/2-  -3/2  30   -0.03    3.70    3.70    2.83    1.66       9.24    9.24    0.00   -0.46      1.127   1.127   0.000
  19 2350.7   5/2-   1/2  29   -0.25    3.47    3.47    1.96   -0.10       9.13    9.13    0.00   -2.15      1.113   1.113   0.000
  20 2362.7  13/2-   9/2  33    2.60    2.98    2.98   18.03    3.46      12.22   12.22    0.00    0.03      1.490   1.490   0.000
  
  21 2453.9  13/2-   5/2  34    0.01   24.27   24.27    8.20    6.10      10.13   10.13   -0.00   -3.14      1.235   1.235  -0.000
  22 2527.8   7/2-   5/2  37    0.20    3.37    3.37    4.93    1.20       8.93    8.93    0.00   -1.63      1.089   1.089   0.000
  23 2532.1   9/2-   5/2  34    0.01   24.53   24.53    6.92    5.84      11.29   11.29   -0.00   -5.66      1.377   1.377  -0.000
  24 2544.6   3/2-   1/2  39    0.47    1.79    1.79    0.28   -0.51       4.80    4.80    0.00   -1.56      0.585   0.585   0.000
  25 2732.2   5/2-   1/2  39    0.41    1.80    1.80    0.37    0.05       6.21    6.21    0.00   -1.08      0.757   0.757   0.000
  
  26 3049.1   3/2-   1/2  28    0.22   17.88   17.88    0.53    3.88      12.50   12.50   -0.00   -5.75      1.524   1.524  -0.000
  27 3260.5   9/2-  -3/2  35   -1.12    2.58    2.58    2.03    0.66      12.68   12.68    0.00   -0.78      1.546   1.546   0.000
  28 3402.0  11/2-  -3/2  30    0.05    3.61    3.61    2.91    1.51      13.88   13.88    0.00   -0.20      1.693   1.693   0.000
  29 3551.9  13/2-  -7/2  31   -1.70    2.60    2.60   12.43    2.41      16.39   16.39   -0.00   -0.14      1.998   1.998  -0.000
  30 3905.7  11/2-  -7/2  36    0.00   23.26   23.26    9.57    5.32      14.14   14.14   -0.00   -4.57      1.724   1.724  -0.000
  
  31 4279.5   1/2-   1/2  38    0.50   12.50   12.50    0.25   -1.67      14.44   14.44    0.00   -4.97      1.760   1.760   0.000
  32 4618.5  13/2-  -3/2  30   -0.01    3.64    3.64    2.75    1.53      18.69   18.69    0.00    0.11      2.279   2.279   0.000
  33 6052.2  13/2-  -3/2  35   -1.14    2.39    2.39    2.09    0.59      23.71   23.71    0.00   -0.40      2.891   2.891   0.000
  34 6965.0   1/2-   1/2  28    0.50   25.06   25.06    0.25   -3.56      28.64   28.64    0.00   -7.06      3.492   3.492   0.000
  35*******   1/2-  -3/2  32    0.00    0.00    0.00    0.00    0.00       0.00    0.00    0.00   -0.00      0.000   0.000   0.000
  
