1SPECTRUM OF (Z= 82 A=207) IN PARTICLE-ROTOR  MODEL WITH MODIFIED OSCILLATOR POTENTIAL


 PARITY=-   EPS= 0.285   GAMMA=  0.0   EPS4=0.000   EPS6=0.000   LEVELS:  24  25  26  27  28  29  30  31  32  33  34  35  36  37  38

 PAIRING FACTORS: GN0= 19.20  GN1=  7.40  IPAIR= 15 ***  E2PLUS(INPUT)=   0.730  E2PLUR(INPUT)=   0.000

 CORIOLIS ATTENUATION PARAMETERS:  CHSI=1.000  ETA=  1.00

 MOMENT OF INERTIA PARAMETERS:   A1=  0.122 MEV   A2=  0.122 MEV   A3=121.91924 MEV


 DELTA=0.951 MEV  LAMBDA=53.3019 MEV   HW0= 7.4834 MEV   LAMBDA/HW0= 7.1227

 E2ENERGY=0.730 MEV  HBAR**2/B=15061./A**(7/3)=2546.0/A**2 MEV

 IREC=0  =>  RECOIL TERMS j+j-, j+j+, jzjz, ETC TREATED AS ONE-BODY OPERATORS WITH UU+VV PAIRING FACTORS



 S. P. LEVEL   EQP       U     V        (UU + VV)**1.00

     24       5.052    0.095 0.996      1.000 1.000 0.999 0.998 0.974 0.964 0.963 0.894 0.890 0.715 0.425 0.354 0.321 0.277 0.267
     25       4.114    0.116 0.993      1.000 1.000 1.000 0.999 0.979 0.970 0.969 0.904 0.900 0.730 0.445 0.374 0.341 0.298 0.288
     26       3.517    0.136 0.991      0.999 1.000 1.000 1.000 0.983 0.975 0.974 0.912 0.909 0.744 0.463 0.393 0.360 0.317 0.307
     27       2.965    0.163 0.987      0.998 0.999 1.000 1.000 0.987 0.980 0.979 0.923 0.919 0.761 0.486 0.417 0.385 0.342 0.332
     28       1.584    0.316 0.949      0.974 0.979 0.983 0.987 1.000 0.999 0.999 0.972 0.970 0.854 0.618 0.555 0.526 0.486 0.477
     29       1.434    0.355 0.935      0.964 0.970 0.975 0.980 0.999 1.000 1.000 0.981 0.979 0.875 0.650 0.589 0.560 0.521 0.512
     30       1.419    0.359 0.933      0.963 0.969 0.974 0.979 0.999 1.000 1.000 0.982 0.980 0.877 0.653 0.592 0.564 0.525 0.516
     31       1.058    0.530 0.848      0.894 0.904 0.912 0.923 0.972 0.981 0.982 1.000 1.000 0.952 0.785 0.735 0.711 0.678 0.670
     32       1.049    0.538 0.843      0.890 0.900 0.909 0.919 0.970 0.979 0.980 1.000 1.000 0.955 0.791 0.741 0.717 0.685 0.677
     33       0.964    0.763 0.646      0.715 0.730 0.744 0.761 0.854 0.875 0.877 0.952 0.955 1.000 0.937 0.907 0.891 0.870 0.864
     34       1.495    0.941 0.338      0.425 0.445 0.463 0.486 0.618 0.650 0.653 0.785 0.791 0.937 1.000 0.997 0.994 0.987 0.986
     35       1.868    0.965 0.264      0.354 0.374 0.393 0.417 0.555 0.589 0.592 0.735 0.741 0.907 0.997 1.000 0.999 0.997 0.996
     36       2.128    0.973 0.230      0.321 0.341 0.360 0.385 0.526 0.560 0.564 0.711 0.717 0.891 0.994 0.999 1.000 0.999 0.998
     37       2.617    0.983 0.185      0.277 0.298 0.317 0.342 0.486 0.521 0.525 0.678 0.685 0.870 0.987 0.997 0.999 1.000 1.000
     38       2.766    0.985 0.175      0.267 0.288 0.307 0.332 0.477 0.512 0.516 0.670 0.677 0.864 0.986 0.996 0.998 1.000 1.000

  R CORE   ENERGY   A0R/A00=1.000    R3= 0     2  
   2( 1)    0.732                    1.000 0.000
   2( 2)  487.921                    0.000 1.000

  R CORE   ENERGY   A0R/A00=1.000    R3= 0     2  
   3( 1)  488.652                    0.000 1.000

  R CORE   ENERGY   A0R/A00=1.000    R3= 0     2     4  
   4( 1)    2.438                    1.000 0.000 0.000

  R CORE   ENERGY   A0R/A00=1.000    R3= 0     2     4  
   5( 1)  490.847                    0.000 1.000 0.000

  R CORE   ENERGY   A0R/A00=1.000    R3= 0     2     4     6  
   6( 1)    5.121                    1.000 0.000 0.000 0.000

  R CORE   ENERGY   A0R/A00=1.000    R3= 0     2     4     6  
   7( 1)  494.017                    0.000 1.000 0.000 0.000

          AXIAL SYMMETRY => K RESTRICTED TO OMEGA

                     K
     S.P. ORB#: 24  2.50
     S.P. ORB#: 25  0.50
     S.P. ORB#: 26  2.50
     S.P. ORB#: 27 -3.50
     S.P. ORB#: 28  0.50
     S.P. ORB#: 29 -1.50
     S.P. ORB#: 30 -3.50
     S.P. ORB#: 31  4.50
     S.P. ORB#: 32  0.50
     S.P. ORB#: 33 -1.50
     S.P. ORB#: 34  2.50
     S.P. ORB#: 35 -1.50
     S.P. ORB#: 36  2.50
     S.P. ORB#: 37 -3.50
     S.P. ORB#: 38  0.50
 

             ENERGY    K= OMEGA
 
 I=  1/2- (1)  2.759  28:-0.993
                      38:-0.113
 
 I=  1/2- (2)  3.084  25:-0.066
                      28: 0.110
                      38:-0.992
 
 I=  1/2- (3)  5.584  25: 0.997
                      38:-0.062
 
 I=  1/2- (4)  8.120  32:-1.000
 
 I=  1/2- (5)147.267  33:-1.000

             ENERGY    K= OMEGA
 
 I=  3/2- (1)  2.314  25: 0.113
                      28: 0.393
                      29: 0.258
                      35: 0.868
                      38:-0.110
 
 I=  3/2- (2)  2.617  25:-0.067
                      28: 0.321
                      29:-0.932
                      35: 0.147
                      38: 0.055

             ENERGY    K= OMEGA
 
 I=  5/2- (1)  2.422  25: 0.190
                      28:-0.354
                      29:-0.563
                      35: 0.334
                      36: 0.626
                      38:-0.131
 
 I=  5/2- (2)  2.918  24:-0.059
                      25: 0.135
                      26:-0.060
                      29:-0.555
                      35:-0.778
                      36:-0.158
                      38:-0.190
 
 I=  5/2- (3)  3.049  25:-0.159
                      28: 0.494
                      29: 0.205
                      35:-0.351
                      36: 0.734
                      38: 0.155
 
 I=  5/2- (4)  3.900  25: 0.147
                      28: 0.105
                      29:-0.320
                      35: 0.059
                      36:-0.114
                      38: 0.920
 
 I=  5/2- (5)  4.150  24:-0.055
                      25:-0.107
                      28: 0.755
                      29:-0.407
                      35: 0.392
                      36:-0.172
                      38:-0.260

             ENERGY    K= OMEGA
 
 I=  7/2- (1)  2.175  26:-0.215
                      27: 0.078
                      30: 0.971
 
 I=  7/2- (2)  3.102  24:-0.056
                      27: 0.082
                      28:-0.284
                      29: 0.494
                      35:-0.427
                      36: 0.692
 
 I=  7/2- (3)  3.224  32:-0.736
                      33:-0.573
                      34:-0.335
                      37:-0.132
 
 I=  7/2- (4)  3.330  24: 0.071
                      25:-0.291
                      27:-0.053
                      28:-0.537
                      29:-0.489
                      30: 0.058
                      35:-0.550
                      36:-0.177
                      38: 0.205
 
 I=  7/2- (5)  4.160  24:-0.147
                      27: 0.134
                      28:-0.524
                      29: 0.583
                      35: 0.144
                      36:-0.570

             ENERGY    K= OMEGA
 
 I=  9/2- (1)  1.858  24: 0.059
                      26:-0.059
                      27: 0.250
                      30:-0.170
                      31:-0.949
 
 I=  9/2- (2)  3.066  24: 0.074
                      25:-0.057
                      26: 0.290
                      27: 0.129
                      28: 0.060
                      29: 0.136
                      30: 0.916
                      31:-0.139
                      36:-0.096
 
 I=  9/2- (3)  3.415  24: 0.085
                      25:-0.329
                      26:-0.056
                      27: 0.051
                      28: 0.442
                      29: 0.619
                      30:-0.173
                      31: 0.078
                      35:-0.266
                      36:-0.399
                      38: 0.185
 
 I=  9/2- (4)  4.464  32:-0.244
                      33: 0.606
                      34:-0.647
                      37: 0.395
 
 I=  9/2- (5)  4.641  24: 0.096
                      25:-0.173
                      26: 0.061
                      29: 0.392
                      30:-0.062
                      35: 0.734
                      36: 0.440
                      38: 0.256

             ENERGY    K= OMEGA
 
 I= 11/2- (1)  2.420  32: 0.695
                      33: 0.575
                      34: 0.389
                      37: 0.191
 
 I= 11/2- (2)  2.834  24: 0.103
                      26:-0.096
                      27:-0.350
                      30: 0.222
                      31:-0.898
 
 I= 11/2- (3)  4.178  24: 0.105
                      26: 0.342
                      27:-0.169
                      29:-0.137
                      30:-0.884
                      31:-0.170
                      36:-0.099
 
 I= 11/2- (4)  4.954  24:-0.127
                      25: 0.129
                      26: 0.070
                      27: 0.102
                      28:-0.203
                      29: 0.617
                      30:-0.134
                      31:-0.142
                      35:-0.334
                      36: 0.615
                      38:-0.053
 
 I= 11/2- (5)  5.147  24:-0.075
                      25: 0.354
                      28: 0.638
                      29: 0.348
                      30:-0.121
                      31:-0.056
                      35: 0.525
                      38:-0.216

             ENERGY    K= OMEGA
 
 I= 13/2- (1)  4.002  24: 0.148
                      26:-0.123
                      27: 0.421
                      29: 0.071
                      30:-0.245
                      31:-0.846
 
 I= 13/2- (2)  4.647  32: 0.230
                      33:-0.584
                      34: 0.654
                      37:-0.421
 
 I= 13/2- (3)  5.213  24:-0.141
                      25: 0.377
                      26:-0.149
                      27:-0.098
                      28:-0.419
                      29:-0.592
                      30:-0.338
                      31:-0.057
                      35: 0.179
                      36: 0.311
                      38:-0.184
 
 I= 13/2- (4)  5.591  24: 0.064
                      25: 0.160
                      26: 0.354
                      27: 0.162
                      28:-0.213
                      29:-0.193
                      30: 0.801
                      31:-0.232
                      35: 0.159
                      36: 0.091
                      38:-0.078
 
 I= 13/2- (5)  7.338  24: 0.096
                      25:-0.178
                      29: 0.293
                      30:-0.089
                      35: 0.720
                      36: 0.511
                      38: 0.287

             ENERGY     K= 1/2
  32 LEVELS    TIME=  0.0 SEC



 ******************* EXCITATION ENERGIES, DOMINANT CONFIGURATION AND EXPECTATION VALUES (WITH S.P. UU+VV FACTORS) *******************

  NR  Eex(keV)  I   Kdom  NY    <Jz>  <Jx**2> <Jy**2> <Jz**2> <I.j>/|I|  <Rx**2> <Ry**2> <Rz**2> <R.j>/|R|  <HROTx> <HROTy> <HROTz>

   1    0.0   9/2-   9/2  31    3.75    2.66    2.66   19.41    4.44       2.65    2.65    0.00   -1.15      0.323   0.323   0.000
   2  317.6   7/2-  -7/2  30   -3.20    2.29    2.29   11.94    3.40       2.64    2.64   -0.00   -1.31      0.322   0.322  -0.000
   3  456.4   3/2-  -3/2  35   -1.14    2.11    2.11    1.89    1.53       1.96    1.96    0.00   -1.59      0.239   0.239   0.000
   4  562.6  11/2-   1/2  32   -0.00   25.50   25.50    2.25    6.57       5.23    5.23    0.00   -4.32      0.637   0.637   0.000
   5  564.2   5/2-   5/2  36    0.43    3.46    3.46    3.46    2.50       2.16    2.16    0.00   -1.43      0.263   0.263   0.000
  
   6  759.6   3/2-  -3/2  29   -1.28    4.61    4.61    2.03    1.45       4.68    4.68    0.00   -2.75      0.571   0.571   0.000
   7  901.1   1/2-   1/2  28    0.50    4.59    4.59    0.25    0.40       4.74    4.74    0.00   -2.95      0.578   0.578   0.000
   8  976.0  11/2-   9/2  31    3.07    3.04    3.04   18.56    4.05       5.97    5.97    0.00   -0.12      0.728   0.728   0.000
   9 1060.4   5/2-  -3/2  35   -1.26    2.30    2.30    2.27    1.13       4.46    4.46    0.00   -1.18      0.544   0.544   0.000
  10 1191.3   5/2-   5/2  36    1.25    2.85    2.85    3.83    1.64       4.28    4.28    0.00   -1.60      0.522   0.522   0.000
  
  11 1208.4   9/2-  -7/2  30   -2.69    2.45    2.45   11.53    2.97       5.80    5.80   -0.00   -0.48      0.707   0.707  -0.000
  12 1226.6   1/2-   1/2  38    0.50    1.44    1.44    0.25    0.69       1.34    1.34    0.00   -1.54      0.164   0.164   0.000
  13 1244.3   7/2-   5/2  36    0.58    2.95    2.95    4.10    1.99       4.99    4.99    0.00   -0.67      0.609   0.609   0.000
  14 1366.4   7/2-   1/2  32   -0.00   25.51   25.51    1.79    6.44       8.72    8.72   -0.00   -6.53      1.063   1.063  -0.000
  15 1472.3   7/2-  -3/2  35   -0.53    3.16    3.16    1.63    1.55       5.71    5.71    0.00   -0.53      0.696   0.696   0.000
  
  16 1557.2   9/2-  -3/2  29   -0.18    4.46    4.46    2.69    2.47       5.91    5.91    0.00    0.19      0.720   0.720   0.000
  17 2042.6   5/2-   1/2  38    0.32    1.82    1.82    0.55    0.44       5.18    5.18    0.00   -0.90      0.631   0.631   0.000
  18 2144.8  13/2-   9/2  31    2.48    3.43    3.43   17.66    3.81      10.05   10.05    0.00    0.46      1.225   1.225   0.000
  19 2292.3   5/2-   1/2  28   -0.07    3.97    3.97    1.08   -0.34       9.89    9.89    0.00   -2.25      1.206   1.206   0.000
  20 2302.7   7/2-  -3/2  29    0.40    3.47    3.47    3.27    0.85       9.61    9.61    0.00   -1.56      1.172   1.172   0.000
  
  21 2320.0  11/2-  -7/2  30   -2.39    2.53    2.53   11.41    2.70       9.95    9.95   -0.00   -0.07      1.213   1.213  -0.000
  22 2606.7   9/2-   5/2  34   -0.02   25.45   25.45    5.36    5.66      12.37   12.37   -0.00   -5.65      1.508   1.508  -0.000
  23 2783.1   9/2-  -3/2  35   -0.49    2.09    2.09    2.94    1.04      10.78   10.78    0.00   -0.42      1.314   1.314   0.000
  24 2789.2  13/2-   5/2  34   -0.04   25.40   25.40    5.63    5.68      12.95   12.95   -0.00   -3.30      1.579   1.579  -0.000
  25 3096.2  11/2-  -3/2  29    0.28    3.54    3.54    4.37    1.84      12.62   12.62    0.00   -0.09      1.539   1.539   0.000
  
  26 3289.8  11/2-   1/2  28   -0.33    3.31    3.31    1.33    1.52      12.77   12.77    0.00    0.22      1.557   1.557   0.000
  27 3355.3  13/2-  -3/2  29   -0.47    4.53    4.53    3.40    2.55      12.77   12.77    0.00    1.06      1.557   1.557   0.000
  28 3725.9   1/2-   1/2  25    0.50    6.16    6.16    0.25    0.68       6.07    6.07    0.00   -3.44      0.740   0.740   0.000
  29 3733.3  13/2-  -7/2  30   -1.81    2.90    2.90   10.30    2.43      15.46   15.46    0.00    0.15      1.885   1.885   0.000
  30 5480.1  13/2-  -3/2  35   -0.19    1.96    1.96    3.21    0.91      21.59   21.59    0.00   -0.12      2.632   2.632   0.000
  
  31 6262.2   1/2-   1/2  32    0.50   25.26   25.26    0.25   -3.74      29.00   29.00    0.00   -7.09      3.536   3.536   0.000
  32*******   1/2-  -3/2  33    0.00    0.00    0.00    0.00   -0.00       0.00    0.00    0.00   -0.00      0.000   0.000   0.000
