1SPECTRUM OF (Z= 82 A=207) IN PARTICLE-ROTOR  MODEL WITH MODIFIED OSCILLATOR POTENTIAL


 PARITY=-   EPS= 0.423   GAMMA=  0.0   EPS4=0.000   EPS6=0.000   LEVELS:  25  26  27  28  29  30  31  32  33  34  35  36  37  38  39

 PAIRING FACTORS: GN0= 19.20  GN1=  7.40  IPAIR= 15 ***  E2PLUS(INPUT)=   0.730  E2PLUR(INPUT)=   0.000

 CORIOLIS ATTENUATION PARAMETERS:  CHSI=1.000  ETA=  1.00

 MOMENT OF INERTIA PARAMETERS:   A1=  0.122 MEV   A2=  0.122 MEV   A3=121.91924 MEV


 DELTA=0.846 MEV  LAMBDA=53.4888 MEV   HW0= 7.5795 MEV   LAMBDA/HW0= 7.0571

 E2ENERGY=0.730 MEV  HBAR**2/B=33177./A**(7/3)=5608.5/A**2 MEV

 IREC=0  =>  RECOIL TERMS j+j-, j+j+, jzjz, ETC TREATED AS ONE-BODY OPERATORS WITH UU+VV PAIRING FACTORS



 S. P. LEVEL   EQP       U     V        (UU + VV)**1.00

     25       3.755    0.113 0.994      1.000 1.000 0.998 0.998 0.994 0.927 0.879 0.821 0.624 0.423 0.347 0.336 0.263 0.243 0.223
     26       3.263    0.131 0.991      1.000 1.000 0.999 0.999 0.996 0.933 0.887 0.831 0.637 0.438 0.363 0.352 0.280 0.260 0.240
     27       2.509    0.171 0.985      0.998 0.999 1.000 1.000 0.999 0.947 0.905 0.853 0.668 0.475 0.401 0.390 0.318 0.300 0.279
     28       2.487    0.173 0.985      0.998 0.999 1.000 1.000 0.999 0.948 0.906 0.854 0.669 0.476 0.402 0.391 0.320 0.301 0.281
     29       1.937    0.224 0.975      0.994 0.996 0.999 0.999 1.000 0.963 0.927 0.880 0.707 0.522 0.450 0.439 0.369 0.351 0.331
     30       1.008    0.478 0.878      0.927 0.933 0.947 0.948 0.963 1.000 0.994 0.975 0.871 0.732 0.673 0.665 0.606 0.590 0.572
     31       0.901    0.573 0.819      0.879 0.887 0.905 0.906 0.927 0.994 1.000 0.994 0.921 0.804 0.752 0.744 0.691 0.676 0.660
     32       0.853    0.660 0.751      0.821 0.831 0.853 0.854 0.880 0.975 0.994 1.000 0.958 0.864 0.820 0.813 0.766 0.753 0.739
     33       0.940    0.847 0.531      0.624 0.637 0.668 0.669 0.707 0.871 0.921 0.958 1.000 0.972 0.949 0.946 0.918 0.910 0.901
     34       1.407    0.948 0.317      0.423 0.438 0.475 0.476 0.522 0.732 0.804 0.864 0.972 1.000 0.997 0.996 0.985 0.982 0.978
     35       1.831    0.971 0.238      0.347 0.363 0.401 0.402 0.450 0.673 0.752 0.820 0.949 0.997 1.000 1.000 0.996 0.994 0.992
     36       1.917    0.974 0.227      0.336 0.352 0.390 0.391 0.439 0.665 0.744 0.813 0.946 0.996 1.000 1.000 0.997 0.995 0.993
     37       2.825    0.988 0.152      0.263 0.280 0.318 0.320 0.369 0.606 0.691 0.766 0.918 0.985 0.996 0.997 1.000 1.000 0.999
     38       3.238    0.991 0.132      0.243 0.260 0.300 0.301 0.351 0.590 0.676 0.753 0.910 0.982 0.994 0.995 1.000 1.000 1.000
     39       3.847    0.994 0.111      0.223 0.240 0.279 0.281 0.331 0.572 0.660 0.739 0.901 0.978 0.992 0.993 0.999 1.000 1.000

  R CORE   ENERGY   A0R/A00=1.000    R3= 0     2  
   2( 1)    0.732                    1.000 0.000
   2( 2)  487.921                    0.000 1.000

  R CORE   ENERGY   A0R/A00=1.000    R3= 0     2  
   3( 1)  488.652                    0.000 1.000

  R CORE   ENERGY   A0R/A00=1.000    R3= 0     2     4  
   4( 1)    2.438                    1.000 0.000 0.000

  R CORE   ENERGY   A0R/A00=1.000    R3= 0     2     4  
   5( 1)  490.847                    0.000 1.000 0.000

  R CORE   ENERGY   A0R/A00=1.000    R3= 0     2     4     6  
   6( 1)    5.121                    1.000 0.000 0.000 0.000

  R CORE   ENERGY   A0R/A00=1.000    R3= 0     2     4     6  
   7( 1)  494.017                    0.000 1.000 0.000 0.000

          AXIAL SYMMETRY => K RESTRICTED TO OMEGA

                     K
     S.P. ORB#: 25  0.50
     S.P. ORB#: 26 -5.50
     S.P. ORB#: 27 -1.50
     S.P. ORB#: 28  2.50
     S.P. ORB#: 29 -3.50
     S.P. ORB#: 30  2.50
     S.P. ORB#: 31  0.50
     S.P. ORB#: 32 -1.50
     S.P. ORB#: 33  0.50
     S.P. ORB#: 34 -3.50
     S.P. ORB#: 35 -3.50
     S.P. ORB#: 36  4.50
     S.P. ORB#: 37  0.50
     S.P. ORB#: 38 -1.50
     S.P. ORB#: 39 -1.50
 

             ENERGY    K= OMEGA
 
 I=  1/2- (1)  2.239  31:-1.000
 
 I=  1/2- (2)  3.767  25:-0.226
                      33: 0.920
                      37:-0.321
 
 I=  1/2- (3)  6.832  25:-0.270
                      33: 0.257
                      37: 0.928
 
 I=  1/2- (4)  9.933  25: 0.936
                      33: 0.296
                      37: 0.190
 
 I=  1/2- (5)147.156  32: 1.000

             ENERGY    K= OMEGA
 
 I=  3/2- (1)  2.180  31:-0.517
                      32: 0.855
 
 I=  3/2- (2)  2.506  31: 0.842
                      32: 0.515
                      39: 0.160

             ENERGY    K= OMEGA
 
 I=  5/2- (1)  2.744  31:-0.471
                      32:-0.879
                      39: 0.064
 
 I=  5/2- (2)  3.287  28: 0.071
                      31:-0.840
                      32: 0.466
                      39: 0.269
 
 I=  5/2- (3)  3.869  25:-0.179
                      33: 0.822
                      37:-0.464
                      38: 0.278
 
 I=  5/2- (4)  4.281  28: 0.992
                      31: 0.061
                      32:-0.084
                      39: 0.073
 
 I=  5/2- (5)  5.249  28: 0.092
                      31:-0.263
                      32: 0.065
                      39:-0.958

             ENERGY    K= OMEGA
 
 I=  7/2- (1)  2.313  28: 0.150
                      34:-0.988
 
 I=  7/2- (2)  3.351  31: 0.733
                      32:-0.656
                      39: 0.172
 
 I=  7/2- (3)  3.848  28:-0.193
                      29:-0.960
                      31: 0.138
                      32: 0.134
                      39: 0.067
 
 I=  7/2- (4)  3.974  25:-0.068
                      27: 0.122
                      30: 0.146
                      33: 0.875
                      35: 0.055
                      37: 0.249
                      38:-0.358
 
 I=  7/2- (5)  3.981  28:-0.071
                      29: 0.219
                      31: 0.592
                      32: 0.729
                      39: 0.254

             ENERGY    K= OMEGA
 
 I=  9/2- (1)  2.835  28:-0.093
                      29: 0.198
                      34:-0.377
                      36:-0.900
 
 I=  9/2- (2)  3.416  28:-0.196
                      29:-0.120
                      34:-0.899
                      36: 0.371
 
 I=  9/2- (3)  4.492  28:-0.061
                      31:-0.596
                      32:-0.780
                      39: 0.173
 
 I=  9/2- (4)  4.673  25: 0.107
                      27: 0.090
                      30:-0.169
                      33:-0.756
                      35: 0.087
                      37: 0.499
                      38:-0.351
 
 I=  9/2- (5)  5.001  28:-0.268
                      29: 0.915
                      31: 0.163
                      32:-0.075
                      36: 0.218
                      39:-0.102

             ENERGY    K= OMEGA
 
 I= 11/2- (1)  3.807  25:-0.500
                      27:-0.560
                      30:-0.481
                      33:-0.350
                      35:-0.213
                      37:-0.111
                      38: 0.161
 
 I= 11/2- (2)  3.974  26:-0.074
                      28:-0.138
                      29:-0.263
                      34: 0.440
                      36:-0.844
 
 I= 11/2- (3)  4.604  26: 0.982
                      28:-0.052
                      34: 0.181
 
 I= 11/2- (4)  4.743  26: 0.174
                      28: 0.227
                      29:-0.176
                      34:-0.835
                      36:-0.434
 
 I= 11/2- (5)  5.172  25: 0.333
                      27: 0.194
                      30: 0.147
                      33:-0.773
                      35: 0.082
                      37:-0.287
                      38: 0.379

             ENERGY    K= OMEGA
 
 I= 13/2- (1)  5.355  26: 0.079
                      28:-0.174
                      29: 0.307
                      34:-0.470
                      36:-0.805
 
 I= 13/2- (2)  5.598  25: 0.179
                      27:-0.557
                      30: 0.674
                      33: 0.187
                      35:-0.375
                      37:-0.087
                      38: 0.139
 
 I= 13/2- (3)  6.181  26:-0.943
                      28:-0.101
                      34:-0.301
                      36: 0.093
 
 I= 13/2- (4)  6.304  26:-0.324
                      28: 0.242
                      29: 0.215
                      34: 0.765
                      36:-0.450
 
 I= 13/2- (5)  6.446  25:-0.181
                      27: 0.149
                      30:-0.125
                      33: 0.713
                      35: 0.080
                      37:-0.531
                      38: 0.363

             ENERGY     K=-3/2
  32 LEVELS    TIME=  0.0 SEC



 ******************* EXCITATION ENERGIES, DOMINANT CONFIGURATION AND EXPECTATION VALUES (WITH S.P. UU+VV FACTORS) *******************

  NR  Eex(keV)  I   Kdom  NY    <Jz>  <Jx**2> <Jy**2> <Jz**2> <I.j>/|I|  <Rx**2> <Ry**2> <Rz**2> <R.j>/|R|  <HROTx> <HROTy> <HROTz>

   1    0.0   3/2-  -3/2  32   -0.97    5.09    5.09    1.72    1.26       5.37    5.37    0.00   -2.88      0.655   0.655   0.000
   2   59.0   1/2-   1/2  31    0.50    5.05    5.05    0.25    0.07       5.49    5.49   -0.00   -3.11      0.669   0.669  -0.000
   3  133.7   7/2-  -7/2  34   -3.37    2.32    2.32   12.11    3.18       3.62    3.62   -0.00   -1.53      0.441   0.441  -0.000
   4  326.6   3/2-   1/2  31   -0.08    4.91    4.91    0.83    0.45       6.33    6.33   -0.00   -2.75      0.771   0.771  -0.000
   5  564.0   5/2-  -3/2  32   -1.05    5.10    5.10    1.82    0.93       7.64    7.64    0.00   -2.37      0.932   0.932   0.000
  
   6  654.9   9/2-   9/2  36    3.03    2.56    2.56   18.68    4.07       4.04    4.04   -0.00   -1.25      0.492   0.492  -0.000
   7 1107.1   5/2-   1/2  31   -0.07    4.73    4.73    0.86    0.21       8.92    8.92   -0.00   -2.30      1.088   1.088  -0.000
   8 1171.2   7/2-   1/2  31   -0.42    5.06    5.06    1.19    0.95       9.76    9.76    0.00   -1.71      1.190   1.190   0.000
   9 1236.5   9/2-  -7/2  34   -2.17    2.39    2.39   13.11    2.73       7.75    7.75   -0.00   -1.10      0.945   0.945  -0.000
  10 1587.3   1/2-   1/2  33    0.50   10.63   10.63    0.25    1.06      10.21   10.21    0.00   -4.56      1.245   1.245   0.000
  
  11 1627.4  11/2-  -3/2  27    0.10   23.59   23.59    2.86    6.12       6.29    6.29    0.00   -3.79      0.767   0.767   0.000
  12 1668.4   7/2-  -7/2  29   -3.15    6.20    6.20   11.57    3.02       7.88    7.88   -0.00   -3.02      0.961   0.961  -0.000
  13 1689.1   5/2-   1/2  33    0.34   11.24   11.24    0.41    2.22       9.25    9.25    0.00   -3.79      1.128   1.128   0.000
  14 1794.6   7/2-   1/2  33    0.24   15.04   15.04    0.70    3.19      10.59   10.59    0.00   -3.93      1.291   1.291   0.000
  15 1794.7  11/2-   9/2  36    2.30    2.74    2.74   17.93    3.48       8.77    8.77   -0.00   -0.62      1.069   1.069  -0.000
  
  16 1800.8   7/2-  -3/2  32   -0.88    4.77    4.77    2.06    0.50      11.71   11.71   -0.00   -1.99      1.428   1.428  -0.000
  17 2101.1   5/2-   5/2  28    2.44    6.07    6.07    6.18    2.08       7.40    7.40    0.00   -3.17      0.902   0.902   0.000
  18 2312.0   9/2-  -3/2  32   -0.78    5.08    5.08    1.58    0.76      14.45   14.45    0.00   -1.48      1.761   1.761   0.000
  19 2423.9  11/2- -11/2  26   -5.41    2.74    2.74   29.59    4.96       5.76    5.76    0.00   -1.60      0.702   0.702   0.000
  20 2493.5   9/2-   1/2  33    0.26   12.58   12.58    0.78    2.68      12.00   12.00    0.00   -2.57      1.463   1.463   0.000
  
  21 2563.3  11/2-  -7/2  34   -1.74    2.50    2.50   13.97    2.44      12.77   12.77   -0.00   -0.87      1.556   1.556  -0.000
  22 2821.0   9/2-  -7/2  29   -2.55    5.96    5.96   11.72    2.36      12.47   12.47   -0.00   -2.39      1.520   1.520  -0.000
  23 2992.0  11/2-   1/2  33    0.15   13.18   13.18    0.82    2.95      13.81   13.81    0.00   -1.81      1.683   1.683   0.000
  24 3068.8   5/2-  -3/2  39   -1.33    2.17    2.17    2.15    0.32       6.68    6.68    0.00   -1.52      0.815   0.815   0.000
  25 3175.1  13/2-   9/2  36    1.85    2.90    2.90   17.36    3.08      14.45   14.45   -0.00   -0.31      1.762   1.762  -0.000
  
  26 3418.3  13/2-   5/2  30    0.19   23.28   23.28    5.33    4.94      15.85   15.85    0.00   -3.09      1.933   1.933   0.000
  27 4001.6  13/2- -11/2  26   -5.15    2.73    2.73   28.25    4.08      12.75   12.75    0.00   -1.04      1.554   1.554   0.000
  28 4123.8  13/2-  -7/2  34   -1.73    2.62    2.62   15.38    2.32      18.50   18.50   -0.00   -0.73      2.256   2.256  -0.000
  29 4266.4  13/2-   1/2  33    0.20   12.00   12.00    0.73    2.60      18.61   18.61    0.00   -1.08      2.269   2.269   0.000
  30 4652.6   1/2-   1/2  37    0.50   15.76   15.76    0.25   -0.47      16.67   16.67    0.00   -5.57      2.032   2.032   0.000
  
  31 7753.2   1/2-   1/2  25    0.50   22.97   22.97    0.25   -3.48      26.49   26.49    0.00   -6.76      3.230   3.230   0.000
  32*******   1/2-  -3/2  32    0.00    0.00    0.00    0.00    0.00       0.00    0.00   -0.00   -0.00      0.000   0.000  -0.000
