1SPECTRUM OF (Z= 82 A=207) IN PARTICLE-ROTOR  MODEL WITH MODIFIED OSCILLATOR POTENTIAL


 PARITY=-   EPS= 0.259   GAMMA=  0.0   EPS4=0.000   EPS6=0.000   LEVELS:  26  27  28  29  30  31  32  33  34  35  36  37  38  39  40

 PAIRING FACTORS: GN0= 19.20  GN1=  7.40  IPAIR= 15 ***  E2PLUS(INPUT)=   0.730  E2PLUR(INPUT)=   0.000

 CORIOLIS ATTENUATION PARAMETERS:  CHSI=1.000  ETA=  1.00

 MOMENT OF INERTIA PARAMETERS:   A1=  0.122 MEV   A2=  0.122 MEV   A3=121.91921 MEV


 DELTA=0.940 MEV  LAMBDA=53.3718 MEV   HW0= 7.4702 MEV   LAMBDA/HW0= 7.1446

 E2ENERGY=0.730 MEV  HBAR**2/B=12438./A**(7/3)=2102.6/A**2 MEV

 IREC=0  =>  RECOIL TERMS j+j-, j+j+, jzjz, ETC TREATED AS ONE-BODY OPERATORS WITH UU+VV PAIRING FACTORS



 S. P. LEVEL   EQP       U     V        (UU + VV)**1.00

     26       3.766    0.126 0.992      1.000 1.000 0.989 0.988 0.983 0.965 0.789 0.616 0.453 0.414 0.404 0.327 0.301 0.243 0.243
     27       3.217    0.148 0.989      1.000 1.000 0.992 0.991 0.987 0.970 0.802 0.633 0.473 0.434 0.424 0.348 0.322 0.265 0.265
     28       1.793    0.272 0.962      0.989 0.992 1.000 1.000 0.999 0.993 0.872 0.726 0.581 0.545 0.536 0.465 0.440 0.385 0.385
     29       1.774    0.276 0.961      0.988 0.991 1.000 1.000 1.000 0.994 0.873 0.729 0.584 0.548 0.539 0.468 0.443 0.388 0.388
     30       1.615    0.306 0.952      0.983 0.987 0.999 1.000 1.000 0.997 0.888 0.750 0.609 0.574 0.565 0.495 0.471 0.417 0.417
     31       1.329    0.383 0.924      0.965 0.970 0.993 0.994 0.997 1.000 0.923 0.802 0.672 0.639 0.631 0.565 0.542 0.490 0.490
     32       0.940    0.709 0.705      0.789 0.802 0.872 0.873 0.888 0.923 1.000 0.970 0.905 0.886 0.881 0.839 0.823 0.788 0.788
     33       1.070    0.859 0.511      0.616 0.633 0.726 0.729 0.750 0.802 0.970 1.000 0.981 0.972 0.970 0.946 0.937 0.914 0.914
     34       1.480    0.941 0.337      0.453 0.473 0.581 0.584 0.609 0.672 0.905 0.981 1.000 0.999 0.999 0.991 0.986 0.975 0.975
     35       1.664    0.955 0.296      0.414 0.434 0.545 0.548 0.574 0.639 0.886 0.972 0.999 1.000 1.000 0.996 0.993 0.984 0.984
     36       1.717    0.958 0.286      0.404 0.424 0.536 0.539 0.565 0.631 0.881 0.970 0.999 1.000 1.000 0.997 0.994 0.986 0.986
     37       2.333    0.979 0.206      0.327 0.348 0.465 0.468 0.495 0.565 0.839 0.946 0.991 0.996 0.997 1.000 1.000 0.996 0.996
     38       2.676    0.984 0.179      0.301 0.322 0.440 0.443 0.471 0.542 0.823 0.937 0.986 0.993 0.994 1.000 1.000 0.998 0.998
     39       3.969    0.993 0.119      0.243 0.265 0.385 0.388 0.417 0.490 0.788 0.914 0.975 0.984 0.986 0.996 0.998 1.000 1.000
     40       3.970    0.993 0.119      0.243 0.265 0.385 0.388 0.417 0.490 0.788 0.914 0.975 0.984 0.986 0.996 0.998 1.000 1.000

  R CORE   ENERGY   A0R/A00=1.000    R3= 0     2  
   2( 1)    0.732                    1.000 0.000
   2( 2)  487.921                    0.000 1.000

  R CORE   ENERGY   A0R/A00=1.000    R3= 0     2  
   3( 1)  488.652                    0.000 1.000

  R CORE   ENERGY   A0R/A00=1.000    R3= 0     2     4  
   4( 1)    2.438                    1.000 0.000 0.000

  R CORE   ENERGY   A0R/A00=1.000    R3= 0     2     4  
   5( 1)  490.847                    0.000 1.000 0.000

  R CORE   ENERGY   A0R/A00=1.000    R3= 0     2     4     6  
   6( 1)    5.121                    1.000 0.000 0.000 0.000

  R CORE   ENERGY   A0R/A00=1.000    R3= 0     2     4     6  
   7( 1)  494.017                    0.000 1.000 0.000 0.000

          AXIAL SYMMETRY => K RESTRICTED TO OMEGA

                     K
     S.P. ORB#: 26  2.50
     S.P. ORB#: 27 -3.50
     S.P. ORB#: 28 -3.50
     S.P. ORB#: 29  0.50
     S.P. ORB#: 30 -1.50
     S.P. ORB#: 31  4.50
     S.P. ORB#: 32  0.50
     S.P. ORB#: 33 -1.50
     S.P. ORB#: 34 -1.50
     S.P. ORB#: 35  2.50
     S.P. ORB#: 36  2.50
     S.P. ORB#: 37  0.50
     S.P. ORB#: 38 -3.50
     S.P. ORB#: 39  4.50
     S.P. ORB#: 40  0.50
 

             ENERGY    K= OMEGA
 
 I=  1/2- (1)  2.638  29:-0.124
                      37:-0.992
 
 I=  1/2- (2)  2.925  29: 0.992
                      37:-0.124
 
 I=  1/2- (3)  6.521  32:-0.678
                      40: 0.735
 
 I=  1/2- (4)  9.771  32: 0.735
                      40: 0.678
 
 I=  1/2- (5)147.373  33:-1.000

             ENERGY    K= OMEGA
 
 I=  3/2- (1)  2.000  29:-0.212
                      30:-0.103
                      34:-0.969
                      37: 0.076
 
 I=  3/2- (2)  2.773  29:-0.342
                      30: 0.932
                      37:-0.120

             ENERGY    K= OMEGA
 
 I=  5/2- (1)  2.194  29: 0.174
                      30: 0.233
                      34:-0.488
                      36:-0.821
                      37: 0.060
 
 I=  5/2- (2)  2.650  29: 0.203
                      30:-0.267
                      34:-0.821
                      36: 0.450
                      37:-0.093
 
 I=  5/2- (3)  3.086  29: 0.382
                      30: 0.533
                      36: 0.285
                      37: 0.699
 
 I=  5/2- (4)  3.729  29: 0.226
                      30: 0.658
                      36: 0.174
                      37:-0.696
 
 I=  5/2- (5)  4.256  29: 0.855
                      30:-0.396
                      34: 0.291
                      36:-0.113
                      37:-0.119

             ENERGY    K= OMEGA
 
 I=  7/2- (1)  2.541  26:-0.223
                      27: 0.073
                      28: 0.969
                      36: 0.072
 
 I=  7/2- (2)  2.811  29: 0.248
                      30:-0.287
                      34: 0.543
                      36:-0.746
 
 I=  7/2- (3)  3.192  32:-0.749
                      33:-0.559
                      35:-0.324
                      38:-0.126
                      40: 0.079
 
 I=  7/2- (4)  3.441  28: 0.077
                      29:-0.304
                      30:-0.334
                      34:-0.712
                      36:-0.493
                      37: 0.196
 
 I=  7/2- (5)  4.238  27: 0.069
                      29: 0.522
                      30:-0.750
                      34:-0.110
                      36: 0.375
                      37: 0.072

             ENERGY    K= OMEGA
 
 I=  9/2- (1)  2.124  26:-0.066
                      27: 0.237
                      28:-0.177
                      31:-0.953
 
 I=  9/2- (2)  3.441  26: 0.302
                      27: 0.102
                      28: 0.924
                      30: 0.062
                      31:-0.165
                      36:-0.107
 
 I=  9/2- (3)  3.644  26:-0.054
                      28:-0.073
                      29: 0.290
                      30: 0.370
                      34:-0.513
                      36:-0.692
                      37: 0.158
 
 I=  9/2- (4)  4.284  32:-0.222
                      33: 0.559
                      35:-0.624
                      38: 0.454
                      39:-0.208
 
 I=  9/2- (5)  4.545  28:-0.102
                      29:-0.138
                      30: 0.443
                      34: 0.749
                      36:-0.286
                      37: 0.360

             ENERGY    K= OMEGA
 
 I= 11/2- (1)  2.233  32:-0.673
                      33:-0.568
                      35:-0.401
                      38:-0.231
                      39:-0.096
 
 I= 11/2- (2)  3.122  26: 0.111
                      27: 0.317
                      28:-0.245
                      31: 0.909
 
 I= 11/2- (3)  4.570  26:-0.354
                      27: 0.132
                      28: 0.885
                      30: 0.071
                      31: 0.233
                      36: 0.114
 
 I= 11/2- (4)  4.755  26:-0.058
                      29: 0.329
                      30:-0.357
                      31: 0.068
                      34: 0.555
                      36:-0.666
 
 I= 11/2- (5)  5.753  28: 0.126
                      29:-0.362
                      30:-0.406
                      34:-0.621
                      36:-0.476
                      37: 0.273

             ENERGY    K= OMEGA
 
 I= 13/2- (1)  4.003  32:-0.190
                      33: 0.501
                      35:-0.611
                      38: 0.511
                      39:-0.279
 
 I= 13/2- (2)  4.340  26:-0.150
                      27: 0.367
                      28:-0.291
                      31:-0.869
 
 I= 13/2- (3)  5.931  26: 0.373
                      27: 0.160
                      28: 0.828
                      29: 0.065
                      30: 0.154
                      31:-0.262
                      36:-0.218
                      37: 0.069
 
 I= 13/2- (4)  6.032  26: 0.123
                      28: 0.196
                      29:-0.346
                      30:-0.409
                      31:-0.129
                      34: 0.496
                      36: 0.591
                      37:-0.219
 
 I= 13/2- (5)  7.289  28:-0.106
                      30: 0.426
                      34: 0.613
                      36: 0.068
                      37: 0.652

             ENERGY     K= 1/2
  32 LEVELS    TIME=  0.0 SEC



 ******************* EXCITATION ENERGIES, DOMINANT CONFIGURATION AND EXPECTATION VALUES (WITH S.P. UU+VV FACTORS) *******************

  NR  Eex(keV)  I   Kdom  NY    <Jz>  <Jx**2> <Jy**2> <Jz**2> <I.j>/|I|  <Rx**2> <Ry**2> <Rz**2> <R.j>/|R|  <HROTx> <HROTy> <HROTz>

   1    0.0   3/2-  -3/2  34   -1.40    1.73    1.73    2.15    1.36       2.05    2.05   -0.00   -1.47      0.250   0.250  -0.000
   2  124.0   9/2-   9/2  31    3.79    2.60    2.60   19.48    4.42       2.72    2.72   -0.00   -1.15      0.332   0.332  -0.001
   3  194.5   5/2-   5/2  36    1.26    2.03    2.03    4.88    2.25       2.19    2.19    0.00   -1.09      0.268   0.268   0.000
   4  233.4  11/2-   1/2  32    0.00   26.36   26.36    2.69    6.93       4.15    4.15    0.00   -4.85      0.506   0.506   0.000
   5  541.5   7/2-  -7/2  28   -3.17    2.31    2.31   11.90    3.40       2.64    2.64    0.00   -1.32      0.322   0.322   0.000
  
   6  637.9   1/2-   1/2  37    0.50    1.55    1.55    0.25    0.89       1.29    1.29    0.00   -1.61      0.157   0.157   0.000
   7  649.9   5/2-  -3/2  34   -0.58    1.77    1.77    2.97    1.07       4.46    4.46    0.00   -1.12      0.544   0.544   0.000
   8  773.5   3/2-  -3/2  30   -1.24    4.36    4.36    1.99    1.34       4.63    4.63   -0.00   -2.67      0.565   0.565  -0.000
   9  810.8   7/2-   5/2  36    0.85    2.24    2.24    4.39    1.90       4.77    4.77    0.00   -0.43      0.581   0.581   0.000
  10  925.5   1/2-   1/2  29    0.50    4.28    4.28    0.25    0.11       4.69    4.69    0.00   -2.85      0.572   0.572   0.000
  
  11 1086.4   5/2-   1/2  37    0.09    2.85    2.85    1.31    1.15       4.47    4.47    0.00   -1.20      0.544   0.544   0.000
  12 1122.0  11/2-   9/2  31    3.19    2.87    2.87   18.77    3.98       6.34    6.34   -0.00   -0.20      0.773   0.773  -0.001
  13 1192.2   7/2-   1/2  32    0.02   25.52   25.52    1.69    6.47       8.57    8.57   -0.00   -6.54      1.045   1.045  -0.000
  14 1440.8   9/2-  -7/2  28   -2.65    2.44    2.44   11.80    2.95       6.01    6.01    0.00   -0.57      0.733   0.733   0.000
  15 1441.4   7/2-  -3/2  34   -0.28    1.97    1.97    3.03    0.98       7.48    7.48   -0.00   -0.80      0.912   0.912  -0.000
  
  16 1643.9   9/2-   5/2  36    0.65    2.51    2.51    4.07    1.77       8.10    8.10    0.00   -0.07      0.988   0.988   0.000
  17 1728.8   5/2-   1/2  37   -0.31    2.78    2.78    1.30    0.21       7.19    7.19    0.00   -1.65      0.877   0.877   0.000
  18 2002.9  13/2-   5/2  35    0.01   25.29   25.29    7.68    6.45       8.49    8.49    0.00   -3.22      1.035   1.035   0.000
  19 2238.4   7/2-  -3/2  30   -0.39    3.89    3.89    2.31    0.62      10.47   10.47    0.00   -1.67      1.276   1.276   0.000
  20 2255.9   5/2-   1/2  29    0.04    4.14    4.14    0.81   -0.48      10.35   10.35    0.00   -2.31      1.262   1.262   0.000
  
  21 2283.8   9/2-   5/2  35    0.00   25.59   25.59    6.55    6.20      10.39   10.39   -0.00   -5.90      1.267   1.267  -0.000
  22 2340.1  13/2-   9/2  31    2.69    3.10    3.10   18.14    3.67      10.92   10.92   -0.00    0.28      1.331   1.331  -0.000
  23 2545.6   9/2-  -3/2  34   -0.89    1.89    1.89    2.39    0.72      11.88   11.88   -0.00   -0.53      1.448   1.448  -0.000
  24 2570.5  11/2-  -7/2  28   -2.22    2.54    2.54   11.78    2.66      10.39   10.39    0.00   -0.21      1.266   1.266   0.000
  25 2755.4  11/2-   5/2  36    0.53    2.54    2.54    3.94    1.61      12.76   12.76    0.00    0.12      1.556   1.556   0.000
  
  26 3753.0  11/2-  -3/2  34   -0.21    2.18    2.18    2.93    0.79      16.77   16.77    0.00   -0.44      2.045   2.045   0.000
  27 3931.3  13/2-  -7/2  28   -1.75    2.63    2.63   11.33    2.41      15.85   15.85    0.00    0.04      1.932   1.932   0.000
  28 4032.2  13/2-   5/2  36    0.31    2.78    2.78    4.05    1.64      17.74   17.74    0.00    0.31      2.163   2.163   0.000
  29 4521.0   1/2-   1/2  40    0.50   13.65   13.65    0.25   -2.34      16.17   16.17   -0.00   -5.20      1.971   1.971  -0.000
  30 5289.3  13/2-   1/2  37   -0.65    1.83    1.83    1.55    0.68      22.20   22.20    0.00   -0.06      2.707   2.707   0.000
  
  31 7771.4   1/2-   1/2  32    0.50   26.80   26.80    0.25   -3.70      30.51   30.51    0.00   -7.31      3.720   3.720   0.000
  32*******   1/2-  -3/2  33    0.00    0.00    0.00    0.00   -0.00       0.00    0.00    0.00   -0.00      0.000   0.000   0.000
