1SPECTRUM OF (Z= 82 A=207) IN PARTICLE-ROTOR  MODEL WITH MODIFIED OSCILLATOR POTENTIAL


 PARITY=-   EPS= 0.255   GAMMA=  0.0   EPS4=0.000   EPS6=0.000   LEVELS:  26  27  28  29  30  31  32  33  34  35  36  37  38  39  40

 PAIRING FACTORS: GN0= 19.20  GN1=  7.40  IPAIR= 15 ***  E2PLUS(INPUT)=   0.730  E2PLUR(INPUT)=   0.000

 CORIOLIS ATTENUATION PARAMETERS:  CHSI=1.000  ETA=  1.00

 MOMENT OF INERTIA PARAMETERS:   A1=  0.122 MEV   A2=  0.122 MEV   A3=121.91924 MEV


 DELTA=0.939 MEV  LAMBDA=53.3858 MEV   HW0= 7.4683 MEV   LAMBDA/HW0= 7.1483

 E2ENERGY=0.730 MEV  HBAR**2/B=12057./A**(7/3)=2038.2/A**2 MEV

 IREC=0  =>  RECOIL TERMS j+j-, j+j+, jzjz, ETC TREATED AS ONE-BODY OPERATORS WITH UU+VV PAIRING FACTORS



 S. P. LEVEL   EQP       U     V        (UU + VV)**1.00

     26       3.806    0.124 0.992      1.000 1.000 0.990 0.989 0.984 0.969 0.767 0.598 0.466 0.413 0.407 0.332 0.299 0.242 0.240
     27       3.259    0.146 0.989      1.000 1.000 0.993 0.992 0.988 0.974 0.780 0.615 0.485 0.433 0.427 0.352 0.319 0.263 0.261
     28       1.857    0.262 0.965      0.990 0.993 1.000 1.000 0.999 0.994 0.849 0.704 0.585 0.537 0.531 0.461 0.429 0.376 0.373
     29       1.806    0.270 0.963      0.989 0.992 1.000 1.000 1.000 0.995 0.853 0.710 0.592 0.544 0.538 0.468 0.437 0.383 0.381
     30       1.646    0.299 0.954      0.984 0.988 0.999 1.000 1.000 0.998 0.869 0.731 0.616 0.569 0.563 0.494 0.464 0.411 0.409
     31       1.382    0.365 0.931      0.969 0.974 0.994 0.995 0.998 1.000 0.901 0.777 0.670 0.625 0.620 0.554 0.524 0.473 0.471
     32       0.941    0.732 0.681      0.767 0.780 0.849 0.853 0.869 0.901 1.000 0.973 0.925 0.901 0.899 0.860 0.842 0.808 0.807
     33       1.093    0.870 0.494      0.598 0.615 0.704 0.710 0.731 0.777 0.973 1.000 0.988 0.977 0.976 0.954 0.943 0.922 0.921
     34       1.423    0.936 0.353      0.466 0.485 0.585 0.592 0.616 0.670 0.925 0.988 1.000 0.998 0.998 0.989 0.984 0.971 0.971
     35       1.655    0.955 0.297      0.413 0.433 0.537 0.544 0.569 0.625 0.901 0.977 0.998 1.000 1.000 0.996 0.992 0.984 0.983
     36       1.688    0.957 0.291      0.407 0.427 0.531 0.538 0.563 0.620 0.899 0.976 0.998 1.000 1.000 0.997 0.993 0.985 0.984
     37       2.265    0.977 0.212      0.332 0.352 0.461 0.468 0.494 0.554 0.860 0.954 0.989 0.996 0.997 1.000 0.999 0.996 0.995
     38       2.682    0.984 0.178      0.299 0.319 0.429 0.437 0.464 0.524 0.842 0.943 0.984 0.992 0.993 0.999 1.000 0.998 0.998
     39       3.951    0.993 0.120      0.242 0.263 0.376 0.383 0.411 0.473 0.808 0.922 0.971 0.984 0.985 0.996 0.998 1.000 1.000
     40       4.031    0.993 0.117      0.240 0.261 0.373 0.381 0.409 0.471 0.807 0.921 0.971 0.983 0.984 0.995 0.998 1.000 1.000

  R CORE   ENERGY   A0R/A00=1.000    R3= 0     2  
   2( 1)    0.732                    1.000 0.000
   2( 2)  487.921                    0.000 1.000

  R CORE   ENERGY   A0R/A00=1.000    R3= 0     2  
   3( 1)  488.652                    0.000 1.000

  R CORE   ENERGY   A0R/A00=1.000    R3= 0     2     4  
   4( 1)    2.438                    1.000 0.000 0.000

  R CORE   ENERGY   A0R/A00=1.000    R3= 0     2     4  
   5( 1)  490.847                    0.000 1.000 0.000

  R CORE   ENERGY   A0R/A00=1.000    R3= 0     2     4     6  
   6( 1)    5.121                    1.000 0.000 0.000 0.000

  R CORE   ENERGY   A0R/A00=1.000    R3= 0     2     4     6  
   7( 1)  494.017                    0.000 1.000 0.000 0.000

          AXIAL SYMMETRY => K RESTRICTED TO OMEGA

                     K
     S.P. ORB#: 26  2.50
     S.P. ORB#: 27 -3.50
     S.P. ORB#: 28 -3.50
     S.P. ORB#: 29  0.50
     S.P. ORB#: 30 -1.50
     S.P. ORB#: 31  4.50
     S.P. ORB#: 32  0.50
     S.P. ORB#: 33 -1.50
     S.P. ORB#: 34 -1.50
     S.P. ORB#: 35  2.50
     S.P. ORB#: 36  2.50
     S.P. ORB#: 37  0.50
     S.P. ORB#: 38 -3.50
     S.P. ORB#: 39  4.50
     S.P. ORB#: 40  0.50
 

             ENERGY    K= OMEGA
 
 I=  1/2- (1)  2.569  29:-0.090
                      37:-0.996
 
 I=  1/2- (2)  2.950  29: 0.996
                      37:-0.090
 
 I=  1/2- (3)  6.560  32:-0.682
                      40: 0.731
 
 I=  1/2- (4)  9.853  32: 0.731
                      40: 0.682
 
 I=  1/2- (5)147.396  33: 1.000

             ENERGY    K= OMEGA
 
 I=  3/2- (1)  1.944  29:-0.201
                      30:-0.098
                      34:-0.972
                      37: 0.074
 
 I=  3/2- (2)  2.797  29: 0.327
                      30:-0.932
                      37: 0.150

             ENERGY    K= OMEGA
 
 I=  5/2- (1)  2.137  29: 0.166
                      30: 0.217
                      34:-0.491
                      35:-0.825
                      37: 0.056
 
 I=  5/2- (2)  2.597  29: 0.201
                      30:-0.249
                      34:-0.823
                      35: 0.459
                      37:-0.088
 
 I=  5/2- (3)  3.057  29: 0.358
                      30: 0.499
                      35: 0.255
                      37: 0.746
 
 I=  5/2- (4)  3.706  29:-0.263
                      30:-0.691
                      35:-0.177
                      37: 0.649
 
 I=  5/2- (5)  4.275  29:-0.857
                      30: 0.404
                      34:-0.281
                      35: 0.109
                      37: 0.103

             ENERGY    K= OMEGA
 
 I=  7/2- (1)  2.602  26:-0.223
                      27: 0.075
                      28: 0.966
                      35: 0.100
 
 I=  7/2- (2)  2.757  28:-0.073
                      29:-0.238
                      30: 0.271
                      34:-0.548
                      35: 0.749
 
 I=  7/2- (3)  3.200  32:-0.749
                      33:-0.558
                      36:-0.323
                      38:-0.126
                      40: 0.082
 
 I=  7/2- (4)  3.396  28:-0.087
                      29: 0.296
                      30: 0.319
                      34: 0.717
                      35: 0.501
                      37:-0.191
 
 I=  7/2- (5)  4.252  27:-0.065
                      29:-0.514
                      30: 0.764
                      34: 0.099
                      35:-0.360
                      37:-0.090

             ENERGY    K= OMEGA
 
 I=  9/2- (1)  2.174  26:-0.067
                      27: 0.239
                      28:-0.177
                      31:-0.952
 
 I=  9/2- (2)  3.499  26: 0.299
                      27: 0.106
                      28: 0.914
                      30: 0.091
                      31:-0.160
                      35:-0.168
 
 I=  9/2- (3)  3.595  26: 0.078
                      28: 0.144
                      29:-0.281
                      30:-0.347
                      31:-0.062
                      34: 0.524
                      35: 0.687
                      37:-0.150
 
 I=  9/2- (4)  4.294  32:-0.223
                      33: 0.558
                      36:-0.623
                      38: 0.455
                      39:-0.209
 
 I=  9/2- (5)  4.502  28:-0.112
                      29:-0.142
                      30: 0.428
                      34: 0.747
                      35:-0.312
                      37: 0.357

             ENERGY    K= OMEGA
 
 I= 11/2- (1)  2.227  32:-0.674
                      33:-0.568
                      36:-0.401
                      38:-0.231
                      39:-0.096
 
 I= 11/2- (2)  3.169  26: 0.112
                      27: 0.319
                      28:-0.245
                      31: 0.908
 
 I= 11/2- (3)  4.628  26: 0.351
                      27:-0.135
                      28:-0.877
                      30:-0.097
                      31:-0.226
                      35:-0.166
 
 I= 11/2- (4)  4.707  26:-0.082
                      28: 0.107
                      29: 0.320
                      30:-0.339
                      31: 0.087
                      34: 0.564
                      35:-0.662
 
 I= 11/2- (5)  5.716  28: 0.137
                      29:-0.355
                      30:-0.394
                      34:-0.624
                      35:-0.485
                      37: 0.270

             ENERGY    K= OMEGA
 
 I= 13/2- (1)  4.002  32: 0.190
                      33:-0.502
                      36: 0.611
                      38:-0.510
                      39: 0.280
 
 I= 13/2- (2)  4.384  26: 0.151
                      27:-0.369
                      28: 0.291
                      31: 0.868
 
 I= 13/2- (3)  5.965  26:-0.210
                      27:-0.115
                      28:-0.513
                      29:-0.264
                      30:-0.371
                      31: 0.116
                      34: 0.341
                      35: 0.553
                      37:-0.191
 
 I= 13/2- (4)  6.009  26: 0.334
                      27: 0.113
                      28: 0.675
                      29:-0.223
                      30:-0.206
                      31:-0.268
                      34: 0.375
                      35: 0.315
                      37:-0.120
 
 I= 13/2- (5)  7.245  28: 0.110
                      30:-0.417
                      34:-0.597
                      35:-0.062
                      37:-0.671

             ENERGY     K= 1/2
  32 LEVELS    TIME=  0.0 SEC



 ******************* EXCITATION ENERGIES, DOMINANT CONFIGURATION AND EXPECTATION VALUES (WITH S.P. UU+VV FACTORS) *******************

  NR  Eex(keV)  I   Kdom  NY    <Jz>  <Jx**2> <Jy**2> <Jz**2> <I.j>/|I|  <Rx**2> <Ry**2> <Rz**2> <R.j>/|R|  <HROTx> <HROTy> <HROTz>

   1    0.0   3/2-  -3/2  34   -1.41    1.71    1.71    2.16    1.35       2.05    2.05   -0.00   -1.47      0.250   0.250  -0.000
   2  192.5   5/2-   5/2  35    1.29    1.99    1.99    4.92    2.24       2.18    2.18    0.00   -1.08      0.266   0.266   0.000
   3  229.9   9/2-   9/2  31    3.78    2.61    2.61   19.47    4.42       2.70    2.70    0.00   -1.15      0.330   0.330   0.000
   4  283.1  11/2-   1/2  32    0.00   26.46   26.46    2.68    6.96       4.08    4.08    0.00   -4.90      0.497   0.497   0.000
   5  624.8   1/2-   1/2  37    0.50    1.51    1.51    0.25    0.86       1.26    1.26    0.00   -1.59      0.154   0.154   0.000
  
   6  652.6   5/2-  -3/2  34   -0.56    1.74    1.74    3.00    1.07       4.45    4.45    0.00   -1.11      0.543   0.543   0.000
   7  658.0   7/2-  -7/2  28   -3.14    2.31    2.31   11.87    3.40       2.64    2.64    0.00   -1.31      0.321   0.321   0.000
   8  813.0   7/2-   5/2  35    0.85    2.20    2.20    4.45    1.90       4.74    4.74    0.00   -0.42      0.578   0.578   0.000
   9  852.5   3/2-  -3/2  30   -1.24    4.33    4.33    1.99    1.34       4.59    4.59    0.00   -2.65      0.560   0.560   0.000
  10 1005.6   1/2-   1/2  29    0.50    4.30    4.30    0.25    0.14       4.68    4.68    0.00   -2.85      0.570   0.570   0.000
  
  11 1112.1   5/2-   1/2  37    0.13    2.68    2.68    1.14    1.13       4.28    4.28    0.00   -1.08      0.522   0.522   0.000
  12 1224.7  11/2-   9/2  31    3.18    2.88    2.88   18.76    3.99       6.30    6.30    0.00   -0.19      0.768   0.768   0.000
  13 1255.5   7/2-   1/2  32    0.02   25.59   25.59    1.69    6.49       8.55    8.55    0.00   -6.56      1.042   1.042   0.000
  14 1451.6   7/2-  -3/2  34   -0.26    1.93    1.93    3.09    0.98       7.47    7.47    0.00   -0.79      0.911   0.911   0.000
  15 1554.7   9/2-  -7/2  28   -2.57    2.43    2.43   11.64    2.93       6.03    6.03    0.00   -0.55      0.736   0.736   0.000
  
  16 1651.0   9/2-   5/2  35    0.60    2.47    2.47    4.25    1.79       8.05    8.05    0.00   -0.07      0.981   0.981   0.000
  17 1761.4   5/2-  -3/2  30   -0.39    2.94    2.94    1.40    0.23       7.33    7.33    0.00   -1.72      0.894   0.894   0.000
  18 2057.2  13/2-   5/2  36    0.01   25.35   25.35    7.68    6.47       8.42    8.42    0.00   -3.23      1.027   1.027   0.000
  19 2307.9   7/2-  -3/2  30   -0.44    3.91    3.91    2.27    0.62      10.46   10.46    0.00   -1.67      1.275   1.275   0.000
  20 2330.8   5/2-   1/2  29    0.04    4.16    4.16    0.81   -0.48      10.34   10.34    0.00   -2.32      1.261   1.261   0.000
  
  21 2349.4   9/2-   5/2  36    0.00   25.66   25.66    6.56    6.22      10.35   10.35    0.00   -5.91      1.262   1.262   0.000
  22 2439.7  13/2-   9/2  31    2.68    3.11    3.11   18.12    3.68      10.87   10.87    0.00    0.29      1.326   1.326   0.000
  23 2558.0   9/2-  -3/2  34   -0.83    1.85    1.85    2.48    0.72      11.86   11.86    0.00   -0.53      1.446   1.446   0.000
  24 2683.2  11/2-  -7/2  28   -2.17    2.53    2.53   11.65    2.65      10.41   10.41    0.00   -0.20      1.269   1.269   0.000
  25 2762.7  11/2-   5/2  35    0.51    2.50    2.50    4.08    1.63      12.70   12.70    0.00    0.13      1.548   1.548   0.000
  
  26 3771.6  11/2-  -3/2  34   -0.19    2.13    2.13    3.01    0.80      16.76   16.76    0.00   -0.44      2.043   2.043   0.000
  27 4020.5  13/2-   5/2  35   -0.36    2.64    2.64    6.44    1.90      16.98   16.98    0.00    0.26      2.070   2.070   0.000
  28 4065.0  13/2-  -7/2  28   -1.03    2.72    2.72    8.95    2.15      16.56   16.56    0.00    0.11      2.019   2.019   0.000
  29 4615.7   1/2-   1/2  40    0.50   13.72   13.72    0.25   -2.37      16.27   16.27    0.00   -5.21      1.984   1.984   0.000
  30 5301.1  13/2-   1/2  37   -0.61    1.81    1.81    1.50    0.69      22.12   22.12    0.00   -0.05      2.697   2.697   0.000
  
  31 7908.2   1/2-   1/2  32    0.50   26.92   26.92    0.25   -3.72      30.65   30.65    0.00   -7.32      3.736   3.736   0.000
  32*******   1/2-  -3/2  33    0.00    0.00    0.00    0.00   -0.00       0.00    0.00    0.00   -0.00      0.000   0.000   0.000
