1SPECTRUM OF (Z= 82 A=207) IN PARTICLE-ROTOR  MODEL WITH MODIFIED OSCILLATOR POTENTIAL


 PARITY=-   EPS= 0.342   GAMMA=  0.0   EPS4=0.000   EPS6=0.000   LEVELS:  26  27  28  29  30  31  32  33  34  35  36  37  38  39  40

 PAIRING FACTORS: GN0= 19.20  GN1=  7.40  IPAIR= 15 ***  E2PLUS(INPUT)=   0.730  E2PLUR(INPUT)=   0.000

 CORIOLIS ATTENUATION PARAMETERS:  CHSI=1.000  ETA=  1.00

 MOMENT OF INERTIA PARAMETERS:   A1=  0.122 MEV   A2=  0.122 MEV   A3=121.91923 MEV


 DELTA=0.906 MEV  LAMBDA=53.3533 MEV   HW0= 7.5175 MEV   LAMBDA/HW0= 7.0972

 E2ENERGY=0.730 MEV  HBAR**2/B=21687./A**(7/3)=3666.2/A**2 MEV

 IREC=0  =>  RECOIL TERMS j+j-, j+j+, jzjz, ETC TREATED AS ONE-BODY OPERATORS WITH UU+VV PAIRING FACTORS



 S. P. LEVEL   EQP       U     V        (UU + VV)**1.00

     26       3.109    0.147 0.989      1.000 0.999 0.995 0.970 0.965 0.953 0.857 0.657 0.640 0.344 0.335 0.318 0.301 0.273 0.257
     27       2.551    0.181 0.984      0.999 1.000 0.998 0.977 0.974 0.963 0.874 0.682 0.665 0.375 0.367 0.350 0.333 0.305 0.289
     28       1.919    0.243 0.970      0.995 0.998 1.000 0.989 0.986 0.978 0.903 0.728 0.712 0.434 0.426 0.409 0.393 0.366 0.350
     29       1.275    0.385 0.923      0.970 0.977 0.989 1.000 1.000 0.998 0.957 0.822 0.808 0.563 0.556 0.540 0.526 0.500 0.485
     30       1.236    0.400 0.916      0.965 0.974 0.986 1.000 1.000 0.999 0.962 0.831 0.818 0.577 0.569 0.554 0.539 0.514 0.500
     31       1.145    0.441 0.898      0.953 0.963 0.978 0.998 0.999 1.000 0.973 0.855 0.843 0.613 0.606 0.591 0.577 0.552 0.538
     32       0.923    0.636 0.772      0.857 0.874 0.903 0.957 0.962 0.973 1.000 0.952 0.944 0.779 0.773 0.761 0.750 0.730 0.718
     33       0.998    0.842 0.539      0.657 0.682 0.728 0.822 0.831 0.855 0.952 1.000 1.000 0.934 0.931 0.924 0.917 0.904 0.897
     34       1.021    0.855 0.519      0.640 0.665 0.712 0.808 0.818 0.843 0.944 1.000 1.000 0.942 0.939 0.932 0.926 0.914 0.907
     35       2.291    0.979 0.202      0.344 0.375 0.434 0.563 0.577 0.613 0.779 0.934 0.942 1.000 1.000 1.000 0.999 0.997 0.996
     36       2.392    0.981 0.193      0.335 0.367 0.426 0.556 0.569 0.606 0.773 0.931 0.939 1.000 1.000 1.000 0.999 0.998 0.997
     37       2.632    0.985 0.175      0.318 0.350 0.409 0.540 0.554 0.591 0.761 0.924 0.932 1.000 1.000 1.000 1.000 0.999 0.998
     38       2.912    0.988 0.158      0.301 0.333 0.393 0.526 0.539 0.577 0.750 0.917 0.926 0.999 0.999 1.000 1.000 1.000 0.999
     39       3.571    0.992 0.128      0.273 0.305 0.366 0.500 0.514 0.552 0.730 0.904 0.914 0.997 0.998 0.999 1.000 1.000 1.000
     40       4.094    0.994 0.111      0.257 0.289 0.350 0.485 0.500 0.538 0.718 0.897 0.907 0.996 0.997 0.998 0.999 1.000 1.000

  R CORE   ENERGY   A0R/A00=1.000    R3= 0     2  
   2( 1)    0.732                    1.000 0.000
   2( 2)  487.921                    0.000 1.000

  R CORE   ENERGY   A0R/A00=1.000    R3= 0     2  
   3( 1)  488.652                    0.000 1.000

  R CORE   ENERGY   A0R/A00=1.000    R3= 0     2     4  
   4( 1)    2.438                    1.000 0.000 0.000

  R CORE   ENERGY   A0R/A00=1.000    R3= 0     2     4  
   5( 1)  490.847                    0.000 1.000 0.000

  R CORE   ENERGY   A0R/A00=1.000    R3= 0     2     4     6  
   6( 1)    5.121                    1.000 0.000 0.000 0.000

  R CORE   ENERGY   A0R/A00=1.000    R3= 0     2     4     6  
   7( 1)  494.017                    0.000 1.000 0.000 0.000

          AXIAL SYMMETRY => K RESTRICTED TO OMEGA

                     K
     S.P. ORB#: 26  2.50
     S.P. ORB#: 27 -3.50
     S.P. ORB#: 28  0.50
     S.P. ORB#: 29  0.50
     S.P. ORB#: 30 -1.50
     S.P. ORB#: 31 -1.50
     S.P. ORB#: 32 -3.50
     S.P. ORB#: 33  4.50
     S.P. ORB#: 34  2.50
     S.P. ORB#: 35 -3.50
     S.P. ORB#: 36  0.50
     S.P. ORB#: 37 -1.50
     S.P. ORB#: 38  2.50
     S.P. ORB#: 39  0.50
     S.P. ORB#: 40  4.50
 

             ENERGY    K= OMEGA
 
 I=  1/2- (1)  2.527  29: 0.999
 
 I=  1/2- (2)  3.926  39:-0.999
 
 I=  1/2- (3)  5.749  28: 0.355
                      36:-0.935
 
 I=  1/2- (4)  8.764  28: 0.935
                      36: 0.355
 
 I=  1/2- (5)147.449  31:-1.000

             ENERGY    K= OMEGA
 
 I=  3/2- (1)  2.408  29: 0.405
                      31:-0.914
 
 I=  3/2- (2)  2.684  29: 0.807
                      31: 0.359
                      37: 0.441
                      39:-0.158
 
 I=  3/2- (3)  3.384  29: 0.404
                      31: 0.161
                      37:-0.897
                      39:-0.074
 
 I=  3/2- (4)  4.637  29: 0.148
                      31: 0.099
                      39: 0.984
 
 I=  3/2- (5)  4.903  28: 0.623
                      30: 0.272
                      36:-0.733

             ENERGY    K= OMEGA
 
 I=  5/2- (1)  2.740  29:-0.406
                      31:-0.811
                      37: 0.133
                      38: 0.358
                      39:-0.178
 
 I=  5/2- (2)  3.358  26:-0.064
                      29: 0.666
                      31:-0.406
                      37:-0.620
                      38: 0.062
 
 I=  5/2- (3)  3.657  29:-0.357
                      31:-0.201
                      37:-0.330
                      38:-0.830
                      39:-0.179
 
 I=  5/2- (4)  4.290  26: 0.072
                      29: 0.459
                      31:-0.348
                      37: 0.672
                      38:-0.423
                      39: 0.181
 
 I=  5/2- (5)  4.819  26:-0.324
                      29:-0.216
                      31:-0.107
                      37:-0.125
                      39: 0.906

             ENERGY    K= OMEGA
 
 I=  7/2- (1)  1.736  26:-0.188
                      32: 0.980
 
 I=  7/2- (2)  3.356  29:-0.505
                      31: 0.703
                      37:-0.263
                      38: 0.425
 
 I=  7/2- (3)  3.608  28:-0.702
                      30:-0.584
                      34:-0.374
                      35:-0.161
 
 I=  7/2- (4)  3.901  26:-0.062
                      29: 0.642
                      31: 0.503
                      37: 0.473
                      38: 0.215
                      39:-0.245
 
 I=  7/2- (5)  4.378  26:-0.206
                      27:-0.855
                      29:-0.185
                      31: 0.188
                      37: 0.185
                      38:-0.350

             ENERGY    K= OMEGA
 
 I=  9/2- (1)  1.900  26:-0.077
                      27: 0.184
                      32:-0.259
                      33:-0.945
 
 I=  9/2- (2)  2.711  26: 0.257
                      27: 0.091
                      32: 0.925
                      33:-0.257
 
 I=  9/2- (3)  4.132  29: 0.440
                      31: 0.707
                      37:-0.240
                      38:-0.433
                      39: 0.239
 
 I=  9/2- (4)  4.400  28: 0.194
                      30:-0.501
                      34: 0.640
                      35:-0.499
                      40: 0.227
 
 I=  9/2- (5)  5.186  26:-0.110
                      27: 0.068
                      29: 0.538
                      31:-0.470
                      32: 0.057
                      37:-0.673
                      38: 0.112
                      39:-0.070

             ENERGY    K= OMEGA
 
 I= 11/2- (1)  2.882  28: 0.641
                      30: 0.564
                      34: 0.424
                      35: 0.271
                      36: 0.056
                      40: 0.119
 
 I= 11/2- (2)  3.002  26:-0.130
                      27:-0.249
                      32: 0.354
                      33:-0.892
 
 I= 11/2- (3)  3.918  26:-0.300
                      27: 0.134
                      31: 0.050
                      32: 0.873
                      33: 0.353
                      38: 0.059
 
 I= 11/2- (4)  5.270  29: 0.525
                      31:-0.625
                      37: 0.345
                      38:-0.458
 
 I= 11/2- (5)  5.743  28: 0.497
                      30: 0.135
                      34:-0.411
                      35:-0.622
                      40:-0.423

             ENERGY    K= OMEGA
 
 I= 13/2- (1)  4.324  26:-0.176
                      27: 0.292
                      32:-0.415
                      33:-0.844
 
 I= 13/2- (2)  4.390  28:-0.167
                      30: 0.443
                      34:-0.611
                      35: 0.554
                      40:-0.310
 
 I= 13/2- (3)  5.359  26: 0.328
                      27: 0.174
                      31: 0.072
                      32: 0.824
                      33:-0.415
                      38:-0.077
 
 I= 13/2- (4)  6.490  29:-0.452
                      31:-0.660
                      32: 0.079
                      37: 0.279
                      38: 0.441
                      39:-0.280
 
 I= 13/2- (5)  7.992  26: 0.113
                      27:-0.073
                      29:-0.458
                      31: 0.481
                      32:-0.098
                      37: 0.705
                      38:-0.092
                      39: 0.158

             ENERGY     K= 9/2
  35 LEVELS    TIME=  0.0 SEC



 ******************* EXCITATION ENERGIES, DOMINANT CONFIGURATION AND EXPECTATION VALUES (WITH S.P. UU+VV FACTORS) *******************

  NR  Eex(keV)  I   Kdom  NY    <Jz>  <Jx**2> <Jy**2> <Jz**2> <I.j>/|I|  <Rx**2> <Ry**2> <Rz**2> <R.j>/|R|  <HROTx> <HROTy> <HROTz>

   1    0.0   7/2-  -7/2  32   -3.28    2.31    2.31   12.03    3.33       2.99    2.99   -0.00   -1.41      0.365   0.365  -0.000
   2  164.6   9/2-   9/2  33    3.68    2.53    2.53   19.36    4.25       3.46    3.46    0.00   -1.25      0.421   0.421   0.000
   3  671.9   3/2-  -3/2  31   -1.17    4.78    4.78    1.92    1.31       5.08    5.08    0.00   -2.81      0.619   0.619   0.000
   4  791.2   1/2-   1/2  29    0.50    4.77    4.77    0.25    0.18       5.12    5.12    0.00   -3.01      0.624   0.624   0.000
   5  948.1   3/2-   1/2  29   -0.15    3.93    3.93    0.90    0.89       4.53    4.53    0.00   -2.33      0.552   0.552   0.000
  
   6  975.2   9/2-  -7/2  32   -2.56    2.40    2.40   12.36    2.88       6.65    6.65   -0.00   -0.78      0.810   0.810  -0.000
   7 1004.3   5/2-  -3/2  31   -0.59    4.34    4.34    2.37    1.62       5.10    5.10   -0.00   -1.96      0.622   0.622  -0.000
   8 1146.2  11/2-   1/2  28   -0.01   24.07   24.07    3.13    6.40       5.26    5.26    0.00   -4.01      0.641   0.641   0.000
   9 1266.6  11/2-   9/2  33    2.97    2.73    2.73   18.51    3.70       7.72    7.72    0.00   -0.47      0.941   0.941   0.000
  10 1620.1   7/2-  -3/2  31   -0.27    4.17    4.17    2.48    1.53       7.19    7.19    0.00   -1.25      0.877   0.877   0.000
  
  11 1622.0   5/2-   1/2  29   -0.58    3.41    3.41    1.40    0.69       6.43    6.43    0.00   -1.72      0.784   0.784   0.000
  12 1648.2   3/2-  -3/2  37   -1.16    2.44    2.44    1.91    0.59       4.13    4.13    0.00   -1.97      0.504   0.504   0.000
  13 1872.2   7/2-   1/2  28   -0.01   23.74   23.74    2.08    6.12       8.36    8.36    0.00   -6.18      1.019   1.019   0.000
  14 1921.6   5/2-   5/2  38    1.58    2.26    2.26    4.70    1.60       4.24    4.24    0.00   -1.54      0.517   0.517   0.000
  15 2165.5   7/2-   1/2  29   -0.36    3.52    3.52    1.52    0.86       8.76    8.76   -0.00   -1.23      1.068   1.068  -0.000
  
  16 2182.2  11/2-  -7/2  32   -1.94    2.49    2.49   12.66    2.58      11.29   11.29   -0.00   -0.47      1.376   1.376  -0.000
  17 2190.5   1/2-   1/2  39    0.50    1.58    1.58    0.25    0.70       1.48    1.48    0.00   -1.64      0.180   0.180   0.000
  18 2396.2   9/2-  -3/2  31   -0.25    4.02    4.02    2.54    1.57       9.86    9.86    0.00   -0.63      1.203   1.203   0.000
  19 2554.6   5/2-  -3/2  37   -0.28    3.00    3.00    2.50    0.09       8.37    8.37    0.00   -2.02      1.021   1.021   0.000
  20 2588.1  13/2-   9/2  33    2.38    2.92    2.92   17.75    3.34      12.88   12.88    0.00   -0.06      1.571   1.571   0.000
  
  21 2642.6   7/2-  -7/2  27   -2.23    5.37    5.37   10.15    2.70       7.59    7.59    0.00   -2.61      0.925   0.925   0.000
  22 2653.8  13/2-   5/2  34    0.01   23.92   23.92    8.48    5.99      10.73   10.73   -0.00   -3.13      1.308   1.308  -0.000
  23 2664.3   9/2-   5/2  34    0.03   24.15   24.15    7.24    5.75      11.55   11.55    0.00   -5.61      1.408   1.408   0.000
  24 2901.5   3/2-   1/2  39    0.48    1.75    1.75    0.27   -0.47       4.68    4.68    0.00   -1.53      0.570   0.570   0.000
  25 3083.0   5/2-   1/2  39    0.66    2.16    2.16    0.94    0.36       5.93    5.93    0.00   -1.22      0.723   0.723   0.000
  
  26 3167.0   3/2-   1/2  36    0.35   14.67   14.67    0.40    2.76      11.40   11.40    0.00   -5.11      1.390   1.390   0.000
  27 3449.9   9/2-  -3/2  37   -0.83    3.10    3.10    1.84    0.60      13.40   13.40    0.00   -0.97      1.634   1.634   0.000
  28 3534.4  11/2-  -3/2  31   -0.11    3.95    3.95    2.60    1.44      14.52   14.52   -0.00   -0.35      1.770   1.770  -0.000
  29 3622.7  13/2-  -7/2  32   -1.43    2.57    2.57   12.88    2.36      16.91   16.91   -0.00   -0.27      2.062   2.062  -0.000
  30 4006.9  11/2-  -7/2  35   -0.03   22.99   22.99    9.52    5.26      14.17   14.17    0.00   -4.52      1.728   1.728   0.000
  
  31 4013.1   1/2-   1/2  36    0.50   12.32   12.32    0.25   -1.38      14.01   14.01    0.00   -4.93      1.708   1.708   0.000
  32 4753.9  13/2-  -3/2  31   -0.16    3.88    3.88    2.57    1.49      19.15   19.15   -0.00    0.01      2.335   2.335  -0.000
  33 6255.8  13/2-  -3/2  37   -0.97    2.86    2.86    2.02    0.54      24.50   24.50    0.00   -0.57      2.987   2.987   0.000
  34 7028.4   1/2-   1/2  28    0.50   24.27   24.27    0.25   -3.54      27.83   27.83    0.00   -6.95      3.393   3.393   0.000
  35*******   1/2-  -3/2  31    0.00    0.00    0.00    0.00    0.00       0.00    0.00    0.00   -0.00      0.000   0.000   0.000
  
