1SPECTRUM OF (Z= 82 A=207) IN PARTICLE-ROTOR  MODEL WITH MODIFIED OSCILLATOR POTENTIAL


 PARITY=-   EPS= 0.449   GAMMA=  6.9   EPS4=0.000   EPS6=0.000   LEVELS:  25  26  27  28  29  30  31  32  33  34  35  36  37  38  39

 PAIRING FACTORS: GN0= 19.20  GN1=  7.40  IPAIR= 15 ***  E2PLUS(INPUT)=   0.730  E2PLUR(INPUT)=   0.000

 CORIOLIS ATTENUATION PARAMETERS:  CHSI=1.000  ETA=  1.00

 MOMENT OF INERTIA PARAMETERS:   A1=  0.139 MEV   A2=  0.105 MEV   A3=  6.22080 MEV


 DELTA=0.802 MEV  LAMBDA=53.4898 MEV   HW0= 7.6018 MEV   LAMBDA/HW0= 7.0364

 E2ENERGY=0.730 MEV  HBAR**2/B=36250./A**(7/3)=6128.0/A**2 MEV

 IREC=0  =>  RECOIL TERMS j+j-, j+j+, jzjz, ETC TREATED AS ONE-BODY OPERATORS WITH UU+VV PAIRING FACTORS



 S. P. LEVEL   EQP       U     V        (UU + VV)**1.00

     25       3.944    0.102 0.995      1.000 0.999 0.999 0.997 0.992 0.962 0.889 0.770 0.503 0.346 0.344 0.285 0.272 0.228 0.205
     26       2.882    0.141 0.990      0.999 1.000 1.000 0.999 0.996 0.972 0.906 0.794 0.536 0.382 0.380 0.322 0.309 0.266 0.242
     27       2.858    0.142 0.990      0.999 1.000 1.000 0.999 0.996 0.972 0.906 0.794 0.537 0.383 0.381 0.323 0.310 0.267 0.244
     28       2.330    0.175 0.985      0.997 0.999 0.999 1.000 0.999 0.979 0.920 0.814 0.565 0.413 0.411 0.355 0.342 0.299 0.276
     29       1.805    0.228 0.974      0.992 0.996 0.996 0.999 1.000 0.989 0.940 0.845 0.609 0.462 0.461 0.405 0.392 0.351 0.328
     30       1.167    0.370 0.929      0.962 0.972 0.972 0.979 0.989 1.000 0.980 0.915 0.720 0.589 0.587 0.536 0.524 0.486 0.464
     31       0.876    0.546 0.837      0.889 0.906 0.906 0.920 0.940 0.980 1.000 0.977 0.843 0.737 0.736 0.693 0.682 0.649 0.630
     32       0.802    0.714 0.700      0.770 0.794 0.794 0.814 0.845 0.915 0.977 1.000 0.939 0.865 0.864 0.832 0.824 0.797 0.783
     33       1.069    0.911 0.412      0.503 0.536 0.537 0.565 0.609 0.720 0.843 0.939 1.000 0.985 0.985 0.972 0.969 0.956 0.949
     34       1.670    0.969 0.248      0.346 0.382 0.383 0.413 0.462 0.589 0.737 0.865 0.985 1.000 1.000 0.998 0.997 0.993 0.989
     35       1.683    0.969 0.246      0.344 0.380 0.381 0.411 0.461 0.587 0.736 0.864 0.985 1.000 1.000 0.998 0.997 0.993 0.990
     36       2.196    0.983 0.186      0.285 0.322 0.323 0.355 0.405 0.536 0.693 0.832 0.972 0.998 0.998 1.000 1.000 0.998 0.997
     37       2.366    0.985 0.172      0.272 0.309 0.310 0.342 0.392 0.524 0.682 0.824 0.969 0.997 0.997 1.000 1.000 0.999 0.998
     38       3.168    0.992 0.128      0.228 0.266 0.267 0.299 0.351 0.486 0.649 0.797 0.956 0.993 0.993 0.998 0.999 1.000 1.000
     39       3.893    0.995 0.104      0.205 0.242 0.244 0.276 0.328 0.464 0.630 0.783 0.949 0.989 0.990 0.997 0.998 1.000 1.000

  R CORE   ENERGY   A0R/A00=1.000    R3= 0     2  
   2( 1)    0.730                    1.000-0.002
   2( 2)   25.127                    0.002 1.000

  R CORE   ENERGY   A0R/A00=1.000    R3= 0     2  
   3( 1)   25.857                    0.000 1.000

  R CORE   ENERGY   A0R/A00=1.000    R3= 0     2     4  
   4( 1)    2.432                    1.000-0.009 0.000

  R CORE   ENERGY   A0R/A00=1.000    R3= 0     2     4  
   5( 1)   28.047                    0.000 1.000-0.002

  R CORE   ENERGY   A0R/A00=1.000    R3= 0     2     4     6  
   6( 1)    5.101                    1.000-0.020 0.000-0.000

  R CORE   ENERGY   A0R/A00=1.000    R3= 0     2     4     6  
   7( 1)   31.209                    0.000 1.000-0.005 0.000
 

             ENERGY     K= 1/2
 
 I=  1/2- (1)  4.143  27: 0.056
                      30:-0.178
                      32:-0.883
                      37:-0.401
                      38:-0.152
 
 I=  1/2- (2)  4.877  28: 0.219
                      29:-0.094
                      31:-0.744
                      33: 0.623
 
 I=  1/2- (3)  7.079  30: 0.136
                      32: 0.408
                      35: 0.055
                      37:-0.809
                      38:-0.395
 
 I=  1/2- (4) 10.259  25: 0.999
 
 I=  1/2- (5) 21.568  34:-0.194
                      36:-0.132
                      39: 0.972

             ENERGY     K= 1/2  -3/2
 
 I=  3/2- (1)  4.331  27:-0.062-0.054
                      30: 0.215 0.002
                      32: 0.941 0.004
                      37:-0.043-0.100
                      38:-0.052 0.213
 
 I=  3/2- (2)  4.914  28: 0.138-0.070
                      29:-0.059 0.168
                      31:-0.470 0.474
                      33: 0.395 0.585

             ENERGY     K= 5/2   1/2  -3/2
 
 I=  5/2- (1)  4.245  27:-0.000-0.048 0.069
                      30: 0.055 0.152-0.002
                      32:-0.013 0.793-0.003
                      37: 0.001 0.482 0.110
                      38: 0.001 0.192-0.231
 
 I=  5/2- (2)  4.931  28: 0.957-0.013-0.014
                      29: 0.086 0.005 0.032
                      31: 0.200 0.037 0.096
                      33:-0.096-0.032 0.117
 
 I=  5/2- (3)  5.397  25: 0.001-0.138 0.001
                      28: 0.154 0.119 0.073
                      29: 0.014-0.050-0.175
                      31: 0.032-0.401-0.497
                      33:-0.015 0.338-0.616
 
 I=  5/2- (4)  6.083  28: 0.042-0.183 0.050
                      29: 0.004 0.079-0.120
                      31: 0.007 0.623-0.338
                      33:-0.003-0.516-0.414
 
 I=  5/2- (5)  6.598  27:-0.006 0.008 0.508
                      30: 0.823 0.012 0.009
                      32:-0.202-0.004 0.036
                      37: 0.036-0.123-0.017
                      38: 0.016-0.059 0.033

             ENERGY     K= 5/2   1/2  -3/2  -7/2
 
 I=  7/2- (1)  3.963  28: 0.206-0.001 0.001-0.003
                      29: 0.018 0.000-0.002 0.073
                      34:-0.000 0.000-0.002 0.969
                      39:-0.001-0.000-0.000 0.082
 
 I=  7/2- (2)  4.276  28: 0.115-0.001 0.001-0.052
                      29: 0.010 0.000-0.004 0.956
                      31: 0.024 0.001-0.005-0.206
                      33:-0.011-0.001-0.005-0.114
                      34:-0.000 0.000 0.001-0.105
 
 I=  7/2- (3)  4.535  27:-0.001-0.053-0.192-0.002
                      30: 0.185 0.202 0.001 0.000
                      32:-0.046 0.841-0.002 0.000
                      35:-0.001 0.007 0.059 0.071
                      37: 0.008-0.193-0.145 0.011
                      38: 0.004-0.116 0.309-0.012
 
 I=  7/2- (4)  5.861  28: 0.885-0.038 0.027 0.007
                      29: 0.079 0.014-0.063-0.128
                      31: 0.185 0.112-0.185 0.030
                      33:-0.089-0.093-0.226 0.021
                      34:-0.001-0.001-0.004-0.191
 
 I=  7/2- (5)  6.107  27:-0.005 0.027-0.409-0.009
                      30: 0.694-0.049-0.009 0.000
                      32:-0.172-0.222-0.033 0.002
                      35:-0.002-0.001-0.024 0.489
                      37: 0.029 0.044 0.053 0.070
                      38: 0.013 0.027-0.106-0.073

             ENERGY     K= 9/2   5/2   1/2  -3/2  -7/2
 
 I=  9/2- (1)  4.208  28:-0.001-0.097 0.001 0.001-0.019
                      29:-0.000-0.009-0.000-0.003 0.348
                      31:-0.000-0.020-0.000-0.004-0.078
                      34: 0.009 0.000-0.000-0.001 0.255
                      36: 0.890-0.002-0.000 0.000-0.004
 
 I=  9/2- (2)  5.028  28:-0.002-0.258 0.003 0.002 0.007
                      29:-0.000-0.023-0.000-0.003-0.114
                      31:-0.000-0.054-0.003-0.013 0.015
                      34:-0.002 0.000-0.000-0.005 0.919
                      36:-0.250 0.001-0.000 0.000-0.016
                      39:-0.013 0.002 0.000-0.001 0.078
 
 I=  9/2- (3)  5.039  27: 0.000-0.001-0.039 0.213 0.004
                      30: 0.000 0.253 0.137-0.001-0.000
                      32:-0.000-0.064 0.711 0.003-0.000
                      35:-0.000-0.000-0.040-0.052-0.124
                      37: 0.000 0.007 0.456 0.135-0.019
                      38: 0.000 0.003 0.183-0.284 0.020
 
 I=  9/2- (4)  5.505  28:-0.001-0.196 0.002 0.002-0.047
                      29:-0.000-0.018-0.000-0.009 0.874
                      31:-0.000-0.041-0.003-0.012-0.189
                      33:-0.000 0.020 0.003-0.014-0.106
                      36:-0.374 0.006-0.000 0.000 0.001
 
 I=  9/2- (5)  6.127  27:-0.000-0.004 0.024 0.427 0.012
                      30: 0.002 0.666-0.030 0.008-0.000
                      32:-0.001-0.165-0.229 0.032-0.002
                      35:-0.000-0.002 0.020 0.016-0.449
                      37: 0.000 0.029-0.248-0.040-0.065
                      38: 0.000 0.013-0.107 0.075 0.067

             ENERGY     K= 9/2   5/2   1/2  -3/2  -7/2 -11/2
 
 I= 11/2- (1)  4.538  26:-0.000-0.000 0.000 0.000-0.004 0.996
                      36:-0.052 0.000-0.000 0.000-0.000-0.001
 
 I= 11/2- (2)  5.275  27: 0.000-0.002-0.034-0.343-0.006 0.000
                      30: 0.000 0.382 0.171-0.002 0.000-0.000
                      32:-0.000-0.097 0.696-0.014 0.001-0.000
                      35: 0.000-0.001 0.010 0.055 0.192-0.001
                      37:-0.000 0.017-0.216-0.138 0.029-0.000
                      38:-0.000 0.008-0.121 0.299-0.032 0.000
 
 I= 11/2- (3)  5.321  26:-0.000 0.000-0.000 0.000-0.006 0.054
                      28:-0.001-0.142 0.002-0.001 0.022 0.000
                      29:-0.000-0.013-0.000 0.006-0.420-0.004
                      31:-0.000-0.030-0.001 0.006 0.094 0.000
                      33: 0.000 0.014 0.001 0.007 0.059 0.000
                      34: 0.008 0.000-0.000 0.002-0.312 0.003
                      36: 0.828-0.004-0.000-0.000 0.005-0.000
 
 I= 11/2- (4)  6.317  28: 0.002 0.297-0.004 0.003 0.011 0.000
                      29: 0.000 0.027 0.000-0.004-0.187-0.001
                      31: 0.000 0.062 0.003-0.019 0.032 0.000
                      34: 0.003-0.000 0.000-0.008 0.882-0.004
                      36: 0.289-0.002 0.000 0.000-0.015 0.000
                      39: 0.015-0.002-0.000-0.001 0.075-0.000
 
 I= 11/2- (5)  6.832  27: 0.000 0.004-0.047 0.355 0.013-0.000
                      30:-0.003-0.598 0.108 0.009-0.000 0.000
                      32: 0.001 0.148 0.452 0.032-0.001 0.000
                      35: 0.000 0.002 0.007 0.041-0.431 0.002
                      37:-0.000-0.023-0.146-0.100-0.061 0.000
                      38:-0.000-0.010-0.080 0.203 0.063-0.000

             ENERGY     K=13/2   9/2   5/2   1/2  -3/2  -7/2 -11/2
 
 I= 13/2- (1)  6.114  26: 0.000 0.000 0.000-0.000 0.000-0.008 0.992
                      36:-0.000 0.095-0.001-0.000 0.000-0.000-0.001
 
 I= 13/2- (2)  6.398  27: 0.000 0.000-0.003-0.020 0.408 0.010-0.000
                      30:-0.000 0.000 0.518 0.105 0.003-0.000 0.000
                      32: 0.000-0.000-0.132 0.515 0.014-0.001 0.000
                      35: 0.000 0.000-0.001-0.026-0.044-0.290 0.002
                      37:-0.000-0.000 0.016 0.300 0.114-0.044 0.000
                      38:-0.000-0.000 0.007 0.119-0.249 0.048-0.000
 
 I= 13/2- (3)  6.682  26: 0.000-0.000 0.000-0.000-0.000 0.007-0.104
                      28: 0.000-0.001-0.176 0.003 0.002-0.024-0.001
                      29: 0.000-0.000-0.016 0.000-0.009 0.455 0.005
                      31: 0.000-0.000-0.037-0.001-0.008-0.102-0.000
                      33:-0.000 0.000 0.018 0.001-0.009-0.065 0.000
                      34:-0.000 0.008 0.000-0.000-0.004 0.343-0.007
                      36:-0.005 0.783-0.006-0.000 0.000-0.006 0.000
 
 I= 13/2- (4)  7.536  27: 0.000 0.000-0.003 0.040 0.304 0.011-0.000
                      30:-0.000 0.002 0.478-0.082 0.009-0.000 0.000
                      32: 0.000-0.000-0.116-0.505 0.032-0.001 0.000
                      35: 0.000 0.000-0.002 0.036 0.038-0.336 0.003
                      37:-0.000-0.000 0.026-0.437-0.105-0.047 0.000
                      38:-0.000-0.000 0.012-0.185 0.212 0.048-0.000
 
 I= 13/2- (5)  7.838  28:-0.000 0.001 0.327-0.008-0.004-0.013-0.000
                      29:-0.000 0.000 0.029 0.001 0.005 0.228 0.000
                      31:-0.000 0.000 0.069 0.009 0.027-0.041-0.000
                      34:-0.000 0.003-0.000 0.000 0.011-0.851 0.008
                      36:-0.002 0.312-0.003 0.000-0.000 0.015-0.000
                      39:-0.000 0.016-0.003-0.001 0.001-0.073 0.001

             ENERGY     K=13/2   9/2   5/2   1/2  -3/2  -7/2 -11/2
  32 LEVELS    TIME=  0.0 SEC



 ******************* EXCITATION ENERGIES, DOMINANT CONFIGURATION AND EXPECTATION VALUES (WITH S.P. UU+VV FACTORS) *******************

  NR  Eex(keV)  I   Kdom  NY    <Jz>  <Jx**2> <Jy**2> <Jz**2> <I.j>/|I|  <Rx**2> <Ry**2> <Rz**2> <R.j>/|R|  <HROTx> <HROTy> <HROTz>

   1    0.0   7/2-   7/2  34   -3.18    2.64    2.34   11.85    3.15       3.80    3.60    0.22   -1.57      0.526   0.377   1.346
   2  179.4   1/2-   1/2  32    0.50   12.52   12.35    0.28    1.33      11.84   11.73    0.02   -4.94      1.640   1.230   0.144
   3  244.5   9/2-   9/2  36    2.85    3.17    2.65   18.05    4.02       4.39    4.03    0.17   -1.32      0.608   0.423   1.068
   4  281.5   5/2-   1/2  32    0.36   13.04   12.65    0.43    2.13      11.23   11.01    0.02   -4.20      1.556   1.155   0.109
   5  313.3   7/2-   7/2  29   -3.37    6.43    5.90   11.94    3.08       7.99    7.52    0.10   -3.05      1.106   0.789   0.616
  
   6  368.1   3/2-   1/2  32    0.39   13.67   14.59    0.44    1.90      12.03   12.98    0.05   -4.99      1.666   1.362   0.337
   7  572.2   7/2-   1/2  32    0.25   15.36   16.49    0.91    3.11      11.36   12.44    0.06   -4.18      1.573   1.305   0.389
   8  575.0  11/2-  11/2  26   -5.45    2.79    2.69   29.99    5.03       5.50    5.46    0.05   -1.62      0.761   0.573   0.330
   9  913.6   1/2-   1/2  31    0.38    4.94    5.39    0.53    0.06       5.28    5.82    0.40   -3.19      0.731   0.610   2.503
  10  950.5   3/2-   3/2  33   -0.68    4.78    5.55    1.60    1.09       5.10    5.94    0.41   -2.90      0.707   0.623   2.546
  
  11  968.1   5/2-   5/2  28    2.39    5.99    6.22    6.21    2.11       7.12    7.40    0.15   -3.18      0.986   0.776   0.947
  12 1065.0   9/2-   7/2  34   -2.54    2.64    2.39   12.17    2.60       7.94    7.96    0.21   -1.07      1.099   0.835   1.331
  13 1075.9   9/2-   1/2  32    0.28   14.64   14.32    1.15    2.78      13.68   13.51    0.03   -3.12      1.895   1.417   0.156
  14 1312.2  11/2-   1/2  32    0.21   17.64   18.81    2.14    3.89      13.28   14.43    0.07   -2.90      1.839   1.513   0.425
  15 1357.5  11/2-   9/2  36    2.08    3.48    2.95   17.23    3.43       9.17    9.01    0.17   -0.73      1.271   0.945   1.037
  
  16 1433.5   5/2-   3/2  33   -0.73    4.82    5.74    1.87    1.09       6.52    7.80    0.41   -2.40      0.903   0.818   2.550
  17 1541.8   9/2-   7/2  29   -2.10    5.93    5.41   12.86    2.46      12.41   11.94    0.11   -2.42      1.719   1.252   0.693
  18 1898.2   7/2-   5/2  28    1.77    5.78    6.02    6.14    1.45      10.83   11.17    0.18   -2.59      1.501   1.171   1.101
  19 2119.9   5/2-   1/2  31   -0.15    4.89    5.45    1.08   -0.17       9.96   10.83    0.41   -2.59      1.380   1.135   2.528
  20 2144.3   7/2-   5/2  30    0.15   22.39   22.08    6.61    4.15      16.52   17.28    0.07   -5.95      2.288   1.813   0.413
  
  21 2150.7  13/2-  11/2  26   -5.38    2.80    2.69   29.88    4.31      11.89   12.03    0.05   -1.08      1.647   1.262   0.337
  22 2163.4   9/2-   5/2  30    0.21   21.68   21.34    5.92    4.03      16.33   17.25    0.06   -4.99      2.262   1.809   0.378
  23 2353.4  11/2-   7/2  34   -2.24    2.77    2.55   12.19    2.22      13.09   13.45    0.21   -0.82      1.812   1.410   1.306
  24 2435.3  13/2-   5/2  30    0.23   18.90   18.85    3.49    3.84      17.92   18.37    0.05   -2.39      2.482   1.927   0.317
  25 2635.2   5/2-   5/2  30    1.40   22.88   22.86    5.02    3.77      18.38   18.74    0.08   -6.49      2.546   1.965   0.469
  
  26 2719.2  13/2-   9/2  36    1.56    3.67    3.15   16.75    3.04      14.78   14.96    0.16   -0.43      2.047   1.569   1.017
  27 2868.9  11/2-   5/2  30    0.13   20.48   20.33    5.19    3.45      19.21   21.18    0.07   -3.99      2.661   2.221   0.405
  28 3116.1   1/2-   1/2  37    0.52   16.52   18.11    0.33   -1.07      17.91   19.59    0.05   -5.85      2.480   2.055   0.339
  29 3572.4  13/2-   1/2  32    0.21   17.50   17.01    3.39    2.89      22.57   23.70    0.04   -2.61      3.126   2.486   0.229
  30 3875.0  13/2-   7/2  34   -2.00    2.90    2.70   12.17    1.95      19.10   20.00    0.21   -0.66      2.645   2.098   1.287
  
  31 6296.2   1/2-   1/2  25    0.59    3.62   11.63    1.09    0.73       3.40   11.67    0.74   -3.95      0.471   1.224   4.624
  3217604.8   1/2-   1/2  39   -0.07    3.03    0.60    2.46    0.34       3.07    0.39    2.78   -2.32      0.425   0.041  17.322
