1SPECTRUM OF (Z= 82 A=207) IN PARTICLE-ROTOR  MODEL WITH MODIFIED OSCILLATOR POTENTIAL


 PARITY=-   EPS= 0.321   GAMMA=  0.0   EPS4=0.000   EPS6=0.000   LEVELS:  26  27  28  29  30  31  32  33  34  35  36  37  38  39  40

 PAIRING FACTORS: GN0= 19.20  GN1=  7.40  IPAIR= 15 ***  E2PLUS(INPUT)=   0.730  E2PLUR(INPUT)=   0.000

 CORIOLIS ATTENUATION PARAMETERS:  CHSI=1.000  ETA=  1.00

 MOMENT OF INERTIA PARAMETERS:   A1=  0.122 MEV   A2=  0.122 MEV   A3=121.91924 MEV


 DELTA=0.931 MEV  LAMBDA=53.3044 MEV   HW0= 7.5041 MEV   LAMBDA/HW0= 7.1034

 E2ENERGY=0.730 MEV  HBAR**2/B=19106./A**(7/3)=3229.8/A**2 MEV

 IREC=0  =>  RECOIL TERMS j+j-, j+j+, jzjz, ETC TREATED AS ONE-BODY OPERATORS WITH UU+VV PAIRING FACTORS



 S. P. LEVEL   EQP       U     V        (UU + VV)**1.00

     26       3.240    0.145 0.989      1.000 1.000 0.983 0.975 0.961 0.920 0.913 0.764 0.558 0.341 0.335 0.320 0.307 0.285 0.257
     27       2.684    0.176 0.984      1.000 1.000 0.988 0.981 0.969 0.932 0.926 0.784 0.584 0.370 0.365 0.350 0.337 0.315 0.287
     28       1.512    0.326 0.945      0.983 0.988 1.000 0.999 0.996 0.977 0.973 0.870 0.702 0.509 0.504 0.490 0.478 0.457 0.432
     29       1.375    0.363 0.932      0.975 0.981 0.999 1.000 0.999 0.984 0.981 0.889 0.730 0.543 0.538 0.525 0.513 0.493 0.467
     30       1.239    0.413 0.911      0.961 0.969 0.996 0.999 1.000 0.992 0.990 0.912 0.765 0.587 0.582 0.569 0.558 0.539 0.514
     31       1.046    0.522 0.853      0.920 0.932 0.977 0.984 0.992 1.000 1.000 0.956 0.839 0.682 0.678 0.666 0.656 0.638 0.616
     32       1.029    0.536 0.844      0.913 0.926 0.973 0.981 0.990 1.000 1.000 0.960 0.848 0.695 0.690 0.679 0.669 0.651 0.629
     33       0.939    0.750 0.662      0.764 0.784 0.870 0.889 0.912 0.956 0.960 1.000 0.962 0.867 0.864 0.856 0.849 0.837 0.820
     34       1.197    0.902 0.431      0.558 0.584 0.702 0.730 0.765 0.839 0.848 0.962 1.000 0.970 0.969 0.965 0.961 0.955 0.946
     35       2.366    0.980 0.201      0.341 0.370 0.509 0.543 0.587 0.682 0.695 0.867 0.970 1.000 1.000 1.000 0.999 0.998 0.996
     36       2.438    0.981 0.195      0.335 0.365 0.504 0.538 0.582 0.678 0.690 0.864 0.969 1.000 1.000 1.000 1.000 0.999 0.997
     37       2.641    0.984 0.179      0.320 0.350 0.490 0.525 0.569 0.666 0.679 0.856 0.965 1.000 1.000 1.000 1.000 0.999 0.998
     38       2.847    0.986 0.166      0.307 0.337 0.478 0.513 0.558 0.656 0.669 0.849 0.961 0.999 1.000 1.000 1.000 1.000 0.999
     39       3.295    0.990 0.143      0.285 0.315 0.457 0.493 0.539 0.638 0.651 0.837 0.955 0.998 0.999 0.999 1.000 1.000 1.000
     40       4.109    0.993 0.114      0.257 0.287 0.432 0.467 0.514 0.616 0.629 0.820 0.946 0.996 0.997 0.998 0.999 1.000 1.000

  R CORE   ENERGY   A0R/A00=1.000    R3= 0     2  
   2( 1)    0.732                    1.000 0.000
   2( 2)  487.921                    0.000 1.000

  R CORE   ENERGY   A0R/A00=1.000    R3= 0     2  
   3( 1)  488.652                    0.000 1.000

  R CORE   ENERGY   A0R/A00=1.000    R3= 0     2     4  
   4( 1)    2.438                    1.000 0.000 0.000

  R CORE   ENERGY   A0R/A00=1.000    R3= 0     2     4  
   5( 1)  490.847                    0.000 1.000 0.000

  R CORE   ENERGY   A0R/A00=1.000    R3= 0     2     4     6  
   6( 1)    5.121                    1.000 0.000 0.000 0.000

  R CORE   ENERGY   A0R/A00=1.000    R3= 0     2     4     6  
   7( 1)  494.017                    0.000 1.000 0.000 0.000

          AXIAL SYMMETRY => K RESTRICTED TO OMEGA

                     K
     S.P. ORB#: 26  2.50
     S.P. ORB#: 27 -3.50
     S.P. ORB#: 28  0.50
     S.P. ORB#: 29  0.50
     S.P. ORB#: 30 -1.50
     S.P. ORB#: 31 -3.50
     S.P. ORB#: 32 -1.50
     S.P. ORB#: 33  4.50
     S.P. ORB#: 34  2.50
     S.P. ORB#: 35 -1.50
     S.P. ORB#: 36 -3.50
     S.P. ORB#: 37  2.50
     S.P. ORB#: 38  0.50
     S.P. ORB#: 39  0.50
     S.P. ORB#: 40  4.50
 

             ENERGY    K= OMEGA
 
 I=  1/2- (1)  2.602  29:-0.999
                      39:-0.052
 
 I=  1/2- (2)  3.640  29:-0.052
                      39: 0.999
 
 I=  1/2- (3)  6.079  28: 0.460
                      38:-0.888
 
 I=  1/2- (4)  8.771  28: 0.888
                      38: 0.460
 
 I=  1/2- (5)147.332  32: 1.000

             ENERGY    K= OMEGA
 
 I=  3/2- (1)  2.478  29:-0.393
                      30: 0.919
 
 I=  3/2- (2)  2.655  29:-0.680
                      30:-0.292
                      35:-0.654
                      39: 0.157

             ENERGY    K= OMEGA
 
 I=  5/2- (1)  2.734  29:-0.386
                      30:-0.737
                      35: 0.206
                      37: 0.483
                      39:-0.181
 
 I=  5/2- (2)  3.259  26:-0.066
                      29: 0.447
                      30:-0.450
                      35:-0.767
                      39:-0.067
 
 I=  5/2- (3)  3.459  29: 0.492
                      30: 0.241
                      35: 0.093
                      37: 0.803
                      39: 0.217
 
 I=  5/2- (4)  4.167  29: 0.559
                      30:-0.426
                      35: 0.565
                      37:-0.348
                      39: 0.253
 
 I=  5/2- (5)  4.557  26:-0.063
                      29:-0.311
                      30:-0.115
                      35:-0.188
                      39: 0.922

             ENERGY    K= OMEGA
 
 I=  7/2- (1)  1.836  26:-0.200
                      27: 0.053
                      31: 0.978
 
 I=  7/2- (2)  3.325  29: 0.463
                      30:-0.633
                      35: 0.336
                      37:-0.519
 
 I=  7/2- (3)  3.406  28:-0.724
                      32:-0.579
                      34:-0.346
                      36:-0.143
 
 I=  7/2- (4)  3.866  26: 0.061
                      29:-0.556
                      30:-0.500
                      35:-0.560
                      37:-0.247
                      39: 0.249
 
 I=  7/2- (5)  4.344  26:-0.135
                      27:-0.396
                      29:-0.421
                      30: 0.399
                      35: 0.323
                      37:-0.620

             ENERGY    K= OMEGA
 
 I=  9/2- (1)  1.813  26:-0.070
                      27: 0.202
                      31:-0.218
                      33:-0.952
 
 I=  9/2- (2)  2.779  26: 0.274
                      27: 0.090
                      31: 0.931
                      33:-0.214
 
 I=  9/2- (3)  4.089  29: 0.422
                      30: 0.652
                      35:-0.297
                      37:-0.498
                      39: 0.237
 
 I=  9/2- (4)  4.347  28: 0.205
                      32:-0.526
                      34: 0.634
                      36:-0.482
                      40: 0.217
 
 I=  9/2- (5)  5.078  26:-0.100
                      27: 0.056
                      29: 0.384
                      30:-0.490
                      31: 0.060
                      35:-0.753
                      37: 0.057
                      39:-0.161

             ENERGY    K= OMEGA
 
 I= 11/2- (1)  2.641  28: 0.659
                      32: 0.567
                      34: 0.408
                      36: 0.251
                      38: 0.054
                      40: 0.107
 
 I= 11/2- (2)  2.887  26:-0.119
                      27:-0.273
                      31: 0.303
                      33:-0.905
 
 I= 11/2- (3)  3.953  26:-0.321
                      27: 0.128
                      31: 0.886
                      33: 0.300
                      37: 0.057
 
 I= 11/2- (4)  5.217  29:-0.488
                      30: 0.577
                      35:-0.397
                      37: 0.516
 
 I= 11/2- (5)  5.717  28: 0.489
                      32: 0.100
                      34:-0.429
                      36:-0.623
                      40:-0.420

             ENERGY    K= OMEGA
 
 I= 13/2- (1)  4.179  26:-0.163
                      27: 0.319
                      31:-0.360
                      33:-0.861
 
 I= 13/2- (2)  4.272  28:-0.174
                      32: 0.463
                      34:-0.611
                      36: 0.541
                      40:-0.299
 
 I= 13/2- (3)  5.361  26: 0.352
                      27: 0.164
                      30: 0.067
                      31: 0.843
                      33:-0.358
                      37:-0.074
 
 I= 13/2- (4)  6.434  29: 0.438
                      30: 0.620
                      31:-0.065
                      35:-0.323
                      37:-0.483
                      39: 0.278
 
 I= 13/2- (5)  7.871  26:-0.100
                      27: 0.066
                      29: 0.307
                      30:-0.482
                      31: 0.097
                      35:-0.755
                      39:-0.281

             ENERGY     K= 9/2
  32 LEVELS    TIME=  0.0 SEC



 ******************* EXCITATION ENERGIES, DOMINANT CONFIGURATION AND EXPECTATION VALUES (WITH S.P. UU+VV FACTORS) *******************

  NR  Eex(keV)  I   Kdom  NY    <Jz>  <Jx**2> <Jy**2> <Jz**2> <I.j>/|I|  <Rx**2> <Ry**2> <Rz**2> <R.j>/|R|  <HROTx> <HROTy> <HROTz>

   1    0.0   9/2-   9/2  33    3.78    2.55    2.55   19.47    4.31       3.23    3.23   -0.00   -1.23      0.394   0.394  -0.000
   2   22.4   7/2-  -7/2  31   -3.26    2.31    2.31   12.00    3.36       2.85    2.85    0.00   -1.38      0.348   0.348   0.000
   3  664.4   3/2-  -3/2  30   -1.19    4.68    4.68    1.94    1.31       4.98    4.98    0.00   -2.77      0.608   0.608   0.000
   4  788.7   1/2-   1/2  29    0.50    4.69    4.69    0.25    0.20       5.01    5.01    0.00   -2.98      0.611   0.611   0.000
   5  827.3  11/2-   1/2  28   -0.02   24.66   24.66    2.88    6.50       5.10    5.10   -0.00   -4.17      0.622   0.622  -0.000
  
   6  841.4   3/2-   1/2  29   -0.53    3.14    3.14    1.28    1.19       3.36    3.36    0.00   -2.03      0.410   0.410   0.000
   7  920.4   5/2-  -3/2  30   -0.20    3.92    3.92    2.82    1.85       4.23    4.23    0.00   -1.78      0.516   0.516   0.000
   8  965.7   9/2-  -7/2  31   -2.67    2.42    2.42   12.14    2.91       6.38    6.38    0.00   -0.70      0.778   0.778   0.000
   9 1073.7  11/2-   9/2  33    3.14    2.77    2.77   18.72    3.80       7.28    7.28    0.00   -0.40      0.888   0.888   0.000
  10 1445.9   5/2-  -3/2  35   -1.07    2.65    2.65    1.86    0.87       5.38    5.38    0.00   -1.40      0.656   0.656   0.000
  
  11 1511.2   7/2-  -3/2  30    0.00    3.74    3.74    2.92    1.69       6.35    6.35    0.00   -1.03      0.775   0.775   0.000
  12 1592.7   7/2-   1/2  28   -0.01   24.28   24.28    1.89    6.20       8.51    8.51   -0.00   -6.27      1.037   1.037  -0.000
  13 1645.4   5/2-   5/2  37    1.66    2.65    2.65    4.25    1.46       4.83    4.83    0.00   -1.68      0.588   0.588   0.000
  14 1827.0   1/2-   1/2  39    0.50    1.55    1.55    0.25    0.70       1.44    1.44    0.00   -1.61      0.175   0.175   0.000
  15 2052.2   7/2-  -3/2  35   -0.50    3.10    3.10    1.78    0.91       8.25    8.25    0.00   -1.07      1.006   1.006   0.000
  
  16 2139.6  11/2-  -7/2  31   -2.14    2.51    2.51   12.30    2.62      10.90   10.90    0.00   -0.36      1.328   1.328   0.000
  17 2275.8   9/2-  -3/2  30   -0.04    3.72    3.72    2.81    1.65       9.27    9.27    0.00   -0.47      1.130   1.130   0.000
  18 2353.4   5/2-  -3/2  35   -0.26    3.45    3.45    1.99   -0.10       9.11    9.11    0.00   -2.15      1.111   1.111   0.000
  19 2365.8  13/2-   9/2  33    2.60    2.97    2.97   18.02    3.45      12.25   12.25   -0.00    0.03      1.494   1.494  -0.000
  20 2458.7  13/2-   5/2  34    0.01   24.25   24.25    8.21    6.10      10.16   10.16    0.00   -3.14      1.239   1.239   0.000
  
  21 2530.7   7/2-   5/2  37    0.15    3.40    3.40    5.07    1.25       8.87    8.87    0.00   -1.65      1.081   1.081   0.000
  22 2533.6   9/2-   5/2  34    0.01   24.51   24.51    6.94    5.84      11.31   11.31   -0.00   -5.66      1.379   1.379  -0.000
  23 2743.1   5/2-   1/2  39    0.41    1.79    1.79    0.37    0.06       6.18    6.18    0.00   -1.08      0.754   0.754   0.000
  24 3265.0   9/2-  -3/2  35   -1.11    2.60    2.60    2.03    0.66      12.71   12.71    0.00   -0.78      1.550   1.550   0.000
  25 3403.7  11/2-  -3/2  30    0.04    3.63    3.63    2.89    1.51      13.91   13.91    0.00   -0.21      1.696   1.696   0.000
  
  26 3547.4  13/2-  -7/2  31   -1.69    2.60    2.60   12.44    2.40      16.41   16.41    0.00   -0.15      2.000   2.000   0.000
  27 3903.4  11/2-  -7/2  36    0.00   23.25   23.25    9.57    5.31      14.14   14.14   -0.00   -4.57      1.724   1.724  -0.000
  28 4265.4   1/2-   1/2  38    0.50   12.48   12.48    0.25   -1.65      14.41   14.41    0.00   -4.96      1.757   1.757   0.000
  29 4620.1  13/2-  -3/2  30   -0.02    3.65    3.65    2.74    1.53      18.71   18.71    0.00    0.10      2.282   2.282   0.000
  30 6057.4  13/2-  -3/2  35   -1.14    2.41    2.41    2.09    0.59      23.74   23.74    0.00   -0.41      2.895   2.895   0.000
  
  31 6957.7   1/2-   1/2  28    0.50   25.03   25.03    0.25   -3.56      28.61   28.61   -0.00   -7.06      3.489   3.489  -0.000
  32*******   1/2-  -3/2  32    0.00    0.00    0.00    0.00    0.00       0.00    0.00    0.00   -0.00      0.000   0.000   0.000
