1SPECTRUM OF (Z= 82 A=207) IN PARTICLE-ROTOR  MODEL WITH MODIFIED OSCILLATOR POTENTIAL


 PARITY=-   EPS= 0.420   GAMMA=  0.0   EPS4=0.000   EPS6=0.000   LEVELS:  25  26  27  28  29  30  31  32  33  34  35  36  37  38  39

 PAIRING FACTORS: GN0= 19.20  GN1=  7.40  IPAIR= 15 ***  E2PLUS(INPUT)=   0.730  E2PLUR(INPUT)=   0.000

 CORIOLIS ATTENUATION PARAMETERS:  CHSI=1.000  ETA=  1.00

 MOMENT OF INERTIA PARAMETERS:   A1=  0.122 MEV   A2=  0.122 MEV   A3=121.91923 MEV


 DELTA=0.845 MEV  LAMBDA=53.4891 MEV   HW0= 7.5769 MEV   LAMBDA/HW0= 7.0595

 E2ENERGY=0.730 MEV  HBAR**2/B=32708./A**(7/3)=5529.2/A**2 MEV

 IREC=0  =>  RECOIL TERMS j+j-, j+j+, jzjz, ETC TREATED AS ONE-BODY OPERATORS WITH UU+VV PAIRING FACTORS



 S. P. LEVEL   EQP       U     V        (UU + VV)**1.00

     25       3.686    0.115 0.993      1.000 1.000 0.998 0.998 0.994 0.923 0.887 0.832 0.602 0.435 0.347 0.343 0.262 0.244 0.226
     26       3.318    0.128 0.992      1.000 1.000 0.999 0.999 0.996 0.928 0.893 0.839 0.613 0.447 0.359 0.356 0.275 0.256 0.239
     27       2.516    0.170 0.985      0.998 0.999 1.000 1.000 0.999 0.943 0.912 0.862 0.646 0.485 0.398 0.395 0.315 0.297 0.280
     28       2.460    0.174 0.985      0.998 0.999 1.000 1.000 0.999 0.944 0.913 0.864 0.649 0.488 0.402 0.399 0.319 0.301 0.284
     29       1.965    0.220 0.975      0.994 0.996 0.999 0.999 1.000 0.958 0.931 0.887 0.684 0.529 0.445 0.441 0.363 0.346 0.328
     30       0.990    0.489 0.872      0.923 0.928 0.943 0.944 0.958 1.000 0.997 0.982 0.864 0.749 0.682 0.679 0.614 0.599 0.584
     31       0.910    0.560 0.828      0.887 0.893 0.912 0.913 0.931 0.997 1.000 0.994 0.903 0.801 0.740 0.738 0.677 0.663 0.650
     32       0.856    0.647 0.763      0.832 0.839 0.862 0.864 0.887 0.982 0.994 1.000 0.944 0.861 0.809 0.806 0.753 0.741 0.728
     33       0.968    0.862 0.506      0.602 0.613 0.646 0.649 0.684 0.864 0.903 0.944 1.000 0.981 0.958 0.957 0.928 0.921 0.914
     34       1.361    0.945 0.329      0.435 0.447 0.485 0.488 0.529 0.749 0.801 0.861 0.981 1.000 0.995 0.995 0.983 0.979 0.975
     35       1.840    0.972 0.236      0.347 0.359 0.398 0.402 0.445 0.682 0.740 0.809 0.958 0.995 1.000 1.000 0.996 0.994 0.992
     36       1.866    0.973 0.233      0.343 0.356 0.395 0.399 0.441 0.679 0.738 0.806 0.957 0.995 1.000 1.000 0.996 0.995 0.992
     37       2.870    0.989 0.149      0.262 0.275 0.315 0.319 0.363 0.614 0.677 0.753 0.928 0.983 0.996 0.996 1.000 1.000 0.999
     38       3.271    0.991 0.130      0.244 0.256 0.297 0.301 0.346 0.599 0.663 0.741 0.921 0.979 0.994 0.995 1.000 1.000 1.000
     39       3.793    0.994 0.112      0.226 0.239 0.280 0.284 0.328 0.584 0.650 0.728 0.914 0.975 0.992 0.992 0.999 1.000 1.000

  R CORE   ENERGY   A0R/A00=1.000    R3= 0     2  
   2( 1)    0.732                    1.000 0.000
   2( 2)  487.921                    0.000 1.000

  R CORE   ENERGY   A0R/A00=1.000    R3= 0     2  
   3( 1)  488.652                    0.000 1.000

  R CORE   ENERGY   A0R/A00=1.000    R3= 0     2     4  
   4( 1)    2.438                    1.000 0.000 0.000

  R CORE   ENERGY   A0R/A00=1.000    R3= 0     2     4  
   5( 1)  490.847                    0.000 1.000 0.000

  R CORE   ENERGY   A0R/A00=1.000    R3= 0     2     4     6  
   6( 1)    5.121                    1.000 0.000 0.000 0.000

  R CORE   ENERGY   A0R/A00=1.000    R3= 0     2     4     6  
   7( 1)  494.017                    0.000 1.000 0.000 0.000

          AXIAL SYMMETRY => K RESTRICTED TO OMEGA

                     K
     S.P. ORB#: 25  0.50
     S.P. ORB#: 26 -5.50
     S.P. ORB#: 27  2.50
     S.P. ORB#: 28 -1.50
     S.P. ORB#: 29 -3.50
     S.P. ORB#: 30  2.50
     S.P. ORB#: 31  0.50
     S.P. ORB#: 32 -1.50
     S.P. ORB#: 33  0.50
     S.P. ORB#: 34 -3.50
     S.P. ORB#: 35 -3.50
     S.P. ORB#: 36  4.50
     S.P. ORB#: 37  0.50
     S.P. ORB#: 38 -1.50
     S.P. ORB#: 39 -1.50
 

             ENERGY    K= OMEGA
 
 I=  1/2- (1)  2.245  31:-1.000
 
 I=  1/2- (2)  3.809  25:-0.221
                      33: 0.919
                      37:-0.326
 
 I=  1/2- (3)  6.875  25:-0.275
                      33: 0.262
                      37: 0.925
 
 I=  1/2- (4)  9.874  25: 0.936
                      33: 0.294
                      37: 0.195
 
 I=  1/2- (5)147.159  32: 1.000

             ENERGY    K= OMEGA
 
 I=  3/2- (1)  2.182  31:-0.509
                      32: 0.860
 
 I=  3/2- (2)  2.513  31:-0.847
                      32:-0.507
                      39:-0.163

             ENERGY    K= OMEGA
 
 I=  5/2- (1)  2.745  31: 0.467
                      32: 0.880
                      39:-0.064
 
 I=  5/2- (2)  3.292  27:-0.070
                      31: 0.841
                      32:-0.462
                      39:-0.274
 
 I=  5/2- (3)  3.898  25:-0.173
                      33: 0.819
                      37:-0.468
                      38: 0.280
 
 I=  5/2- (4)  4.308  27:-0.991
                      31:-0.063
                      32: 0.083
                      39:-0.080
 
 I=  5/2- (5)  5.194  27:-0.100
                      31: 0.266
                      32:-0.067
                      39: 0.956

             ENERGY    K= OMEGA
 
 I=  7/2- (1)  2.268  27: 0.148
                      34:-0.988
 
 I=  7/2- (2)  3.356  31: 0.729
                      32:-0.661
                      39: 0.172
 
 I=  7/2- (3)  3.874  27:-0.196
                      29:-0.951
                      31: 0.161
                      32: 0.161
                      39: 0.078
 
 I=  7/2- (4)  3.972  25: 0.069
                      28:-0.117
                      30:-0.144
                      33:-0.875
                      35:-0.055
                      37:-0.248
                      38: 0.361
 
 I=  7/2- (5)  3.987  27: 0.062
                      29:-0.257
                      31:-0.590
                      32:-0.718
                      39:-0.257

             ENERGY    K= OMEGA
 
 I=  9/2- (1)  2.787  27:-0.092
                      29: 0.192
                      34:-0.377
                      36:-0.901
 
 I=  9/2- (2)  3.370  27: 0.195
                      29: 0.116
                      34: 0.899
                      36:-0.372
 
 I=  9/2- (3)  4.494  27:-0.061
                      31:-0.593
                      32:-0.782
                      39: 0.173
 
 I=  9/2- (4)  4.688  25: 0.096
                      28: 0.103
                      30:-0.187
                      33:-0.750
                      35: 0.098
                      37: 0.499
                      38:-0.353
 
 I=  9/2- (5)  5.008  25:-0.227
                      28: 0.545
                      30:-0.678
                      33: 0.154
                      35: 0.384
                      37:-0.139

             ENERGY    K= OMEGA
 
 I= 11/2- (1)  3.778  25: 0.507
                      28: 0.561
                      30: 0.481
                      33: 0.338
                      35: 0.214
                      37: 0.107
                      38:-0.158
 
 I= 11/2- (2)  3.928  26: 0.065
                      27: 0.137
                      29: 0.257
                      34:-0.443
                      36: 0.845
 
 I= 11/2- (3)  4.649  26: 0.875
                      27:-0.121
                      29: 0.060
                      34: 0.436
                      36: 0.164
 
 I= 11/2- (4)  4.706  26: 0.481
                      27: 0.198
                      29:-0.161
                      34:-0.734
                      36:-0.405
 
 I= 11/2- (5)  5.130  25:-0.328
                      28:-0.188
                      30:-0.137
                      33: 0.777
                      35:-0.077
                      37: 0.286
                      38:-0.383

             ENERGY    K= OMEGA
 
 I= 13/2- (1)  5.310  26: 0.071
                      27:-0.173
                      29: 0.300
                      34:-0.474
                      36:-0.806
 
 I= 13/2- (2)  5.565  25: 0.182
                      28:-0.558
                      30: 0.675
                      33: 0.179
                      35:-0.378
                      37:-0.083
                      38: 0.136
 
 I= 13/2- (3)  6.209  26: 0.689
                      27: 0.199
                      29: 0.127
                      34: 0.616
                      36:-0.298
 
 I= 13/2- (4)  6.285  26: 0.721
                      27:-0.169
                      29:-0.171
                      34:-0.542
                      36: 0.356
 
 I= 13/2- (5)  6.448  25:-0.175
                      28: 0.145
                      30:-0.118
                      33: 0.713
                      35: 0.077
                      37:-0.535
                      38: 0.365

             ENERGY     K=-3/2
  32 LEVELS    TIME=  0.0 SEC



 ******************* EXCITATION ENERGIES, DOMINANT CONFIGURATION AND EXPECTATION VALUES (WITH S.P. UU+VV FACTORS) *******************

  NR  Eex(keV)  I   Kdom  NY    <Jz>  <Jx**2> <Jy**2> <Jz**2> <I.j>/|I|  <Rx**2> <Ry**2> <Rz**2> <R.j>/|R|  <HROTx> <HROTy> <HROTz>

   1    0.0   3/2-  -3/2  32   -0.98    5.08    5.08    1.73    1.27       5.37    5.37   -0.00   -2.88      0.654   0.654  -0.000
   2   63.6   1/2-   1/2  31    0.50    5.04    5.04    0.25    0.07       5.48    5.48   -0.00   -3.10      0.668   0.668  -0.000
   3   85.9   7/2-  -7/2  34   -3.37    2.31    2.31   12.12    3.18       3.61    3.61   -0.00   -1.53      0.440   0.440  -0.001
   4  330.7   3/2-   1/2  31   -0.07    4.90    4.90    0.82    0.45       6.31    6.31   -0.00   -2.74      0.770   0.770  -0.000
   5  563.1   5/2-  -3/2  32   -1.05    5.09    5.09    1.82    0.93       7.63    7.63   -0.00   -2.37      0.930   0.930  -0.000
  
   6  604.8   9/2-   9/2  36    3.05    2.55    2.55   18.70    4.07       4.03    4.03    0.00   -1.25      0.492   0.492   0.000
   7 1110.0   5/2-   1/2  31   -0.07    4.71    4.71    0.86    0.21       8.90    8.90   -0.00   -2.29      1.085   1.085  -0.000
   8 1174.2   7/2-   1/2  31   -0.43    5.05    5.05    1.20    0.95       9.77    9.77   -0.00   -1.71      1.191   1.191  -0.000
   9 1188.4   9/2-  -7/2  34   -2.16    2.39    2.39   13.12    2.73       7.74    7.74   -0.00   -1.10      0.943   0.943  -0.001
  10 1595.7  11/2-  -3/2  28    0.10   23.59   23.59    2.87    6.13       6.22    6.22    0.00   -3.79      0.759   0.759   0.000
  
  11 1627.2   1/2-   1/2  33    0.50   10.71   10.71    0.25    1.07      10.28   10.28   -0.00   -4.57      1.253   1.253  -0.000
  12 1692.1   7/2-  -7/2  29   -3.10    6.16    6.16   11.39    2.97       7.93    7.93    0.00   -2.99      0.967   0.967   0.000
  13 1716.6   5/2-   1/2  33    0.34   11.29   11.29    0.41    2.25       9.23    9.23    0.00   -3.81      1.125   1.125   0.000
  14 1746.4  11/2-   9/2  36    2.32    2.73    2.73   17.93    3.48       8.76    8.76   -0.00   -0.62      1.068   1.068  -0.000
  15 1790.3   7/2-   1/2  33    0.24   15.04   15.04    0.70    3.23      10.46   10.46    0.00   -3.93      1.276   1.276   0.000
  
  16 1804.8   7/2-  -3/2  32   -0.92    4.78    4.78    2.24    0.54      11.64   11.64   -0.00   -2.00      1.419   1.419  -0.000
  17 2126.5   5/2-   5/2  27    2.44    6.07    6.07    6.17    2.08       7.39    7.39    0.00   -3.16      0.901   0.901   0.000
  18 2311.9   9/2-  -3/2  32   -0.79    5.07    5.07    1.59    0.76      14.45   14.45   -0.00   -1.48      1.761   1.761  -0.000
  19 2467.0  11/2- -11/2  26   -4.73    2.69    2.69   26.14    4.42       7.21    7.21   -0.00   -1.34      0.879   0.879  -0.000
  20 2505.8   9/2-   1/2  33    0.26   12.79   12.79    0.85    2.75      11.93   11.93    0.00   -2.61      1.455   1.455   0.000
  
  21 2524.4  11/2-  -7/2  34   -2.41    2.55    2.55   17.47    2.99      11.28   11.28   -0.00   -0.99      1.375   1.375  -0.000
  22 2826.6   9/2-   5/2  30    0.23   22.33   22.33    5.37    4.81      13.45   13.45   -0.00   -5.03      1.639   1.639  -0.000
  23 2948.0  11/2-   1/2  33    0.15   13.27   13.27    0.80    3.00      13.61   13.61    0.00   -1.80      1.660   1.660   0.000
  24 3012.6   5/2-  -3/2  39   -1.32    2.18    2.18    2.15    0.32       6.69    6.69    0.00   -1.52      0.816   0.816   0.000
  25 3127.7  13/2-   9/2  36    1.87    2.88    2.88   17.36    3.08      14.44   14.44    0.00   -0.30      1.761   1.761   0.000
  
  26 3383.4  13/2-   5/2  30    0.18   23.34   23.34    5.36    4.95      15.80   15.80    0.00   -3.10      1.927   1.927   0.000
  27 4026.7  13/2- -11/2  26   -3.50    2.66    2.66   21.25    3.15      15.66   15.66   -0.00   -0.82      1.909   1.909  -0.000
  28 4103.1  13/2- -11/2  26   -3.35    2.68    2.68   22.44    3.26      15.55   15.55    0.00   -0.91      1.896   1.896   0.000
  29 4266.6  13/2-   1/2  33    0.20   12.02   12.02    0.71    2.62      18.49   18.49    0.00   -1.07      2.254   2.254   0.000
  30 4693.2   1/2-   1/2  37    0.50   15.78   15.78    0.25   -0.49      16.71   16.71    0.00   -5.58      2.037   2.037   0.000
  
  31 7692.5   1/2-   1/2  25    0.50   22.95   22.95    0.25   -3.48      26.47   26.47    0.00   -6.76      3.227   3.227   0.000
  32*******   1/2-  -3/2  32    0.00    0.00    0.00    0.00    0.00       0.00    0.00   -0.00   -0.00      0.000   0.000  -0.000
