1SPECTRUM OF (Z= 82 A=207) IN PARTICLE-ROTOR  MODEL WITH MODIFIED OSCILLATOR POTENTIAL


 PARITY=-   EPS= 0.194   GAMMA=  0.0   EPS4=0.000   EPS6=0.000   LEVELS:  25  26  27  28  29  30  31  32  33  34  35  36  37  38  39

 PAIRING FACTORS: GN0= 19.20  GN1=  7.40  IPAIR= 15 ***  E2PLUS(INPUT)=   0.730  E2PLUR(INPUT)=   0.000

 CORIOLIS ATTENUATION PARAMETERS:  CHSI=1.000  ETA=  1.00

 MOMENT OF INERTIA PARAMETERS:   A1=  0.122 MEV   A2=  0.122 MEV   A3=121.91924 MEV


 DELTA=0.934 MEV  LAMBDA=53.4785 MEV   HW0= 7.4435 MEV   LAMBDA/HW0= 7.1846

 E2ENERGY=0.730 MEV  HBAR**2/B= 6978./A**(7/3)=1179.7/A**2 MEV

 IREC=0  =>  RECOIL TERMS j+j-, j+j+, jzjz, ETC TREATED AS ONE-BODY OPERATORS WITH UU+VV PAIRING FACTORS



 S. P. LEVEL   EQP       U     V        (UU + VV)**1.00

     25       4.271    0.110 0.994      1.000 1.000 1.000 0.998 0.994 0.994 0.991 0.744 0.641 0.447 0.444 0.393 0.325 0.270 0.231
     26       4.001    0.118 0.993      1.000 1.000 1.000 0.998 0.995 0.994 0.992 0.749 0.647 0.454 0.451 0.399 0.332 0.277 0.239
     27       3.753    0.125 0.992      1.000 1.000 1.000 0.999 0.996 0.995 0.993 0.755 0.653 0.461 0.458 0.407 0.340 0.285 0.246
     28       2.752    0.172 0.985      0.998 0.998 0.999 1.000 0.999 0.999 0.998 0.785 0.688 0.502 0.500 0.450 0.384 0.330 0.292
     29       2.218    0.216 0.976      0.994 0.995 0.996 0.999 1.000 1.000 1.000 0.811 0.719 0.540 0.538 0.489 0.424 0.371 0.334
     30       2.167    0.221 0.975      0.994 0.994 0.995 0.999 1.000 1.000 1.000 0.815 0.723 0.545 0.542 0.493 0.429 0.377 0.339
     31       2.005    0.240 0.971      0.991 0.992 0.993 0.998 1.000 1.000 1.000 0.826 0.736 0.561 0.558 0.510 0.447 0.394 0.357
     32       0.940    0.746 0.666      0.744 0.749 0.755 0.785 0.811 0.815 0.826 1.000 0.990 0.930 0.929 0.906 0.873 0.844 0.822
     33       1.014    0.833 0.553      0.641 0.647 0.653 0.688 0.719 0.723 0.736 0.990 1.000 0.973 0.972 0.958 0.934 0.912 0.895
     34       1.439    0.938 0.346      0.447 0.454 0.461 0.502 0.540 0.545 0.561 0.930 0.973 1.000 1.000 0.998 0.991 0.982 0.974
     35       1.448    0.939 0.343      0.444 0.451 0.458 0.500 0.538 0.542 0.558 0.929 0.972 1.000 1.000 0.998 0.992 0.983 0.974
     36       1.688    0.957 0.289      0.393 0.399 0.407 0.450 0.489 0.493 0.510 0.906 0.958 0.998 0.998 1.000 0.997 0.992 0.986
     37       2.185    0.976 0.219      0.325 0.332 0.340 0.384 0.424 0.429 0.447 0.873 0.934 0.991 0.992 0.997 1.000 0.998 0.995
     38       2.911    0.987 0.163      0.270 0.277 0.285 0.330 0.371 0.377 0.394 0.844 0.912 0.982 0.983 0.992 0.998 1.000 0.999
     39       3.832    0.992 0.123      0.231 0.239 0.246 0.292 0.334 0.339 0.357 0.822 0.895 0.974 0.974 0.986 0.995 0.999 1.000

  R CORE   ENERGY   A0R/A00=1.000    R3= 0     2  
   2( 1)    0.732                    1.000 0.000
   2( 2)  487.921                    0.000 1.000

  R CORE   ENERGY   A0R/A00=1.000    R3= 0     2  
   3( 1)  488.652                    0.000 1.000

  R CORE   ENERGY   A0R/A00=1.000    R3= 0     2     4  
   4( 1)    2.438                    1.000 0.000 0.000

  R CORE   ENERGY   A0R/A00=1.000    R3= 0     2     4  
   5( 1)  490.847                    0.000 1.000 0.000

  R CORE   ENERGY   A0R/A00=1.000    R3= 0     2     4     6  
   6( 1)    5.121                    1.000 0.000 0.000 0.000

  R CORE   ENERGY   A0R/A00=1.000    R3= 0     2     4     6  
   7( 1)  494.017                    0.000 1.000 0.000 0.000

          AXIAL SYMMETRY => K RESTRICTED TO OMEGA

                     K
     S.P. ORB#: 25  2.50
     S.P. ORB#: 26  0.50
     S.P. ORB#: 27 -3.50
     S.P. ORB#: 28 -3.50
     S.P. ORB#: 29  4.50
     S.P. ORB#: 30  0.50
     S.P. ORB#: 31 -1.50
     S.P. ORB#: 32 -1.50
     S.P. ORB#: 33  2.50
     S.P. ORB#: 34  0.50
     S.P. ORB#: 35  0.50
     S.P. ORB#: 36 -1.50
     S.P. ORB#: 37  2.50
     S.P. ORB#: 38 -3.50
     S.P. ORB#: 39  4.50
 

             ENERGY    K= OMEGA
 
 I=  1/2- (1)  1.701  26:-0.060
                      35:-0.998
 
 I=  1/2- (2)  3.208  30: 0.999
 
 I=  1/2- (3)  5.187  26: 0.998
                      35:-0.060
 
 I=  1/2- (4)  9.379  34: 1.000
 
 I=  1/2- (5)147.243  32:-1.000

             ENERGY    K= OMEGA
 
 I=  3/2- (1)  1.424  30: 0.187
                      31: 0.105
                      32: 0.973
                      35:-0.076
 
 I=  3/2- (2)  2.348  30: 0.162
                      31: 0.141
                      32:-0.122
                      35:-0.969

             ENERGY    K= OMEGA
 
 I=  5/2- (1)  1.491  26: 0.051
                      30:-0.136
                      31:-0.181
                      32: 0.424
                      33: 0.873
                      35:-0.060
 
 I=  5/2- (2)  2.049  30:-0.216
                      31: 0.168
                      32: 0.865
                      33:-0.416
                      35: 0.051
 
 I=  5/2- (3)  2.375  30:-0.158
                      31:-0.203
                      33:-0.130
                      35:-0.957
 
 I=  5/2- (4)  3.308  26: 0.377
                      30:-0.450
                      31:-0.737
                      32:-0.077
                      33:-0.190
                      35: 0.265
 
 I=  5/2- (5)  4.540  26:-0.065
                      30: 0.802
                      31:-0.526
                      32: 0.252
                      33:-0.103

             ENERGY    K= OMEGA
 
 I=  7/2- (1)  2.123  30: 0.184
                      31:-0.212
                      32: 0.512
                      33:-0.810
 
 I=  7/2- (2)  2.709  25:-0.070
                      26:-0.171
                      28: 0.080
                      30:-0.343
                      31:-0.296
                      32:-0.713
                      33:-0.455
                      35: 0.193
 
 I=  7/2- (3)  3.487  25:-0.240
                      27:-0.098
                      28: 0.958
                      30: 0.057
                      31: 0.057
                      35:-0.071
 
 I=  7/2- (4)  3.831  34: 0.726
                      36: 0.574
                      37: 0.349
                      38: 0.146
 
 I=  7/2- (5)  3.935  26:-0.104
                      28: 0.076
                      30:-0.166
                      31:-0.254
                      32: 0.314
                      33: 0.215
                      35: 0.864

             ENERGY    K= OMEGA
 
 I=  9/2- (1)  2.786  25: 0.051
                      26:-0.172
                      27: 0.114
                      29:-0.255
                      30: 0.292
                      31: 0.346
                      32:-0.463
                      33:-0.664
                      35: 0.163
 
 I=  9/2- (2)  2.979  25: 0.070
                      26: 0.060
                      27: 0.235
                      28: 0.188
                      29:-0.907
                      30:-0.098
                      31:-0.116
                      32: 0.132
                      33: 0.182
                      35:-0.064
 
 I=  9/2- (3)  3.887  25:-0.140
                      28:-0.214
                      30:-0.195
                      31: 0.312
                      32: 0.754
                      33:-0.363
                      35: 0.304
 
 I=  9/2- (4)  3.977  26:-0.116
                      28: 0.103
                      30: 0.290
                      31: 0.162
                      33: 0.480
                      35: 0.793
 
 I=  9/2- (5)  4.417  25:-0.299
                      27: 0.113
                      28:-0.887
                      29:-0.180
                      30: 0.105
                      31:-0.071
                      32:-0.199
                      33: 0.150

             ENERGY    K= OMEGA
 
 I= 11/2- (1)  2.619  34:-0.662
                      36:-0.565
                      37:-0.411
                      38:-0.247
                      39:-0.110
 
 I= 11/2- (2)  3.858  25:-0.137
                      27: 0.317
                      28: 0.229
                      29: 0.760
                      30:-0.130
                      31: 0.134
                      32:-0.283
                      33: 0.368
 
 I= 11/2- (3)  4.094  27:-0.126
                      28:-0.137
                      29:-0.470
                      30:-0.247
                      31: 0.248
                      32:-0.492
                      33: 0.616
 
 I= 11/2- (4)  4.696  25:-0.109
                      26:-0.284
                      28: 0.145
                      30:-0.413
                      31:-0.407
                      32:-0.541
                      33:-0.444
                      35: 0.238
 
 I= 11/2- (5)  5.521  25:-0.364
                      26: 0.092
                      27:-0.152
                      28: 0.855
                      29:-0.253
                      30: 0.121
                      31: 0.110
                      35:-0.105

             ENERGY    K= OMEGA
 
 I= 13/2- (1)  4.289  34:-0.186
                      36: 0.485
                      37:-0.603
                      38: 0.524
                      39:-0.303
 
 I= 13/2- (2)  4.794  25:-0.092
                      26: 0.274
                      27:-0.168
                      28:-0.104
                      29: 0.278
                      30:-0.376
                      31:-0.423
                      32: 0.411
                      33: 0.518
                      35:-0.205
 
 I= 13/2- (3)  5.128  25: 0.156
                      26: 0.127
                      27: 0.349
                      28: 0.296
                      29:-0.799
                      30:-0.163
                      31:-0.187
                      32: 0.121
                      33: 0.152
                      35:-0.108
 
 I= 13/2- (4)  6.521  25:-0.217
                      26:-0.122
                      27: 0.079
                      28:-0.304
                      29:-0.177
                      30:-0.055
                      31: 0.325
                      32: 0.643
                      35: 0.535
 
 I= 13/2- (5)  6.612  25: 0.198
                      26:-0.114
                      27:-0.119
                      28: 0.390
                      29: 0.080
                      30: 0.305
                      32:-0.146
                      33: 0.626
                      35: 0.518

             ENERGY     K= 9/2
  32 LEVELS    TIME=  0.0 SEC



 ******************* EXCITATION ENERGIES, DOMINANT CONFIGURATION AND EXPECTATION VALUES (WITH S.P. UU+VV FACTORS) *******************

  NR  Eex(keV)  I   Kdom  NY    <Jz>  <Jx**2> <Jy**2> <Jz**2> <I.j>/|I|  <Rx**2> <Ry**2> <Rz**2> <R.j>/|R|  <HROTx> <HROTy> <HROTz>

   1    0.0   3/2-  -3/2  32   -1.41    1.56    1.56    2.16    1.44       1.72    1.72    0.00   -1.34      0.210   0.210   0.000
   2   66.8   5/2-   5/2  33    1.60    1.86    1.86    5.25    2.40       1.75    1.75    0.00   -1.00      0.213   0.213   0.000
   3  277.5   1/2-   1/2  35    0.50    1.22    1.22    0.25    0.83       1.00    1.00    0.00   -1.39      0.122   0.122   0.000
   4  624.7   5/2-  -3/2  32   -0.70    1.56    1.56    2.85    1.10       4.10    4.10   -0.00   -0.95      0.500   0.500  -0.000
   5  699.5   7/2-   5/2  33    1.19    1.96    1.96    4.83    2.01       4.26    4.26    0.00   -0.26      0.519   0.519   0.000
  
   6  924.4   3/2-   1/2  35    0.43    1.36    1.36    0.32   -0.11       3.60    3.60    0.00   -1.21      0.439   0.439   0.000
   7  950.9   5/2-   1/2  35    0.45    1.62    1.62    0.43    0.86       3.66    3.66    0.00   -0.41      0.446   0.446   0.000
   8 1195.5  11/2-   1/2  34    0.00   27.83   27.83    2.88    7.30       3.51    3.51    0.00   -5.62      0.428   0.428   0.000
   9 1285.5   7/2-  -3/2  32   -0.30    1.77    1.77    2.80    1.36       5.65    5.65   -0.00   -0.28      0.689   0.689  -0.000
  10 1362.6   9/2-   5/2  33    0.92    2.74    2.74    5.07    2.44       5.51    5.51    0.00    0.48      0.672   0.672   0.000
  
  11 1555.1   9/2-   9/2  29    3.44    2.66    2.66   18.09    4.26       2.91    2.91   -0.00   -0.93      0.355   0.355  -0.000
  12 1783.9   1/2-   1/2  30    0.50    4.09    4.09    0.25    0.38       4.26    4.26   -0.00   -2.78      0.520   0.520  -0.000
  13 1884.2   5/2-  -3/2  31   -0.53    3.83    3.83    1.56    1.56       4.38    4.38    0.00   -1.56      0.534   0.534   0.000
  14 2063.1   7/2-  -7/2  28   -3.10    2.35    2.35   11.74    3.38       2.67    2.67   -0.00   -1.31      0.326   0.326  -0.000
  15 2407.2   7/2-   1/2  34    0.00   28.15   28.15    1.90    7.05       8.97    8.97    0.00   -7.13      1.094   1.094   0.000
  
  16 2434.6  11/2-   9/2  29    2.31    2.89    2.89   14.76    3.55       6.93    6.93   -0.00    0.18      0.845   0.845  -0.000
  17 2463.3   9/2-  -3/2  32   -0.71    1.60    1.60    3.11    1.00      10.57   10.57    0.00   -0.29      1.288   1.288   0.000
  18 2511.5   7/2-   1/2  35    0.24    1.78    1.78    0.92    0.00      10.11   10.11    0.00   -1.00      1.233   1.233   0.000
  19 2553.0   9/2-   1/2  35    0.86    2.11    2.11    1.85    1.04      10.24   10.24    0.00   -0.20      1.249   1.249   0.000
  20 2670.0  11/2-   5/2  33    1.40    2.34    2.34    7.96    2.25      10.76   10.76    0.00    0.17      1.311   1.311   0.000
  
  21 2865.5  13/2-   5/2  37    0.03   26.12   26.12    8.04    6.69       7.77    7.77    0.00   -3.43      0.948   0.948   0.000
  22 2992.6   9/2-  -7/2  28   -2.44    2.44    2.44   11.26    2.75       6.79    6.79   -0.00   -0.67      0.827   0.827  -0.000
  23 3116.0   5/2-   1/2  30   -0.16    4.13    4.13    1.00   -0.42      10.25   10.25    0.00   -2.32      1.249   1.249   0.000
  24 3271.9  11/2-  -3/2  32   -0.09    2.18    2.18    2.72    1.53      12.28   12.28    0.00    0.41      1.497   1.497   0.000
  25 3369.7  13/2-   5/2  33    0.51    3.50    3.50    4.63    2.57      12.27   12.27    0.00    1.27      1.496   1.496   0.000
  
  26 3704.0  13/2-   9/2  29    2.21    3.29    3.29   15.92    3.54      10.92   10.92   -0.00    0.47      1.331   1.331  -0.000
  27 3762.9   1/2-   1/2  26    0.50    5.00    5.00    0.25    0.69       4.91    4.91    0.00   -3.08      0.598   0.598   0.000
  28 4097.2  11/2-  -7/2  28   -2.02    2.62    2.62   11.42    2.60      10.68   10.68   -0.00   -0.25      1.302   1.302  -0.000
  29 5097.3  13/2-  -3/2  32   -0.71    1.85    1.85    3.38    1.13      20.06   20.06    0.00    0.12      2.446   2.446   0.000
  30 5188.5  13/2-   5/2  33    0.68    2.24    2.24    5.01    1.29      20.09   20.09    0.00   -0.07      2.449   2.449   0.000
  
  31 7955.2   1/2-   1/2  34    0.50   28.55   28.55    0.25   -4.05      32.56   32.56    0.00   -7.54      3.970   3.970   0.000
  32*******   1/2-  -3/2  32    0.00    0.00    0.00    0.00   -0.00       0.00    0.00    0.00   -0.00      0.000   0.000   0.000
