1SPECTRUM OF (Z= 82 A=207) IN PARTICLE-ROTOR  MODEL WITH MODIFIED OSCILLATOR POTENTIAL


 PARITY=-   EPS= 0.181   GAMMA=  0.0   EPS4=0.000   EPS6=0.000   LEVELS:  24  25  26  27  28  29  30  31  32  33  34  35  36  37  38

 PAIRING FACTORS: GN0= 19.20  GN1=  7.40  IPAIR= 15 ***  E2PLUS(INPUT)=   0.730  E2PLUR(INPUT)=   0.000

 CORIOLIS ATTENUATION PARAMETERS:  CHSI=1.000  ETA=  1.00

 MOMENT OF INERTIA PARAMETERS:   A1=  0.122 MEV   A2=  0.122 MEV   A3=121.91924 MEV


 DELTA=0.910 MEV  LAMBDA=53.4571 MEV   HW0= 7.4392 MEV   LAMBDA/HW0= 7.1859

 E2ENERGY=0.730 MEV  HBAR**2/B= 6075./A**(7/3)=1026.9/A**2 MEV

 IREC=0  =>  RECOIL TERMS j+j-, j+j+, jzjz, ETC TREATED AS ONE-BODY OPERATORS WITH UU+VV PAIRING FACTORS



 S. P. LEVEL   EQP       U     V        (UU + VV)**1.00

     24       5.143    0.089 0.996      1.000 1.000 1.000 0.999 0.997 0.994 0.992 0.990 0.784 0.679 0.453 0.378 0.338 0.286 0.241
     25       4.316    0.106 0.994      1.000 1.000 1.000 1.000 0.999 0.996 0.994 0.992 0.795 0.692 0.468 0.394 0.355 0.303 0.258
     26       3.910    0.117 0.993      1.000 1.000 1.000 1.000 0.999 0.997 0.995 0.993 0.802 0.700 0.478 0.404 0.365 0.314 0.269
     27       3.807    0.120 0.993      0.999 1.000 1.000 1.000 0.999 0.997 0.996 0.994 0.804 0.702 0.481 0.407 0.368 0.317 0.272
     28       2.896    0.159 0.987      0.997 0.999 0.999 0.999 1.000 0.999 0.999 0.997 0.826 0.729 0.515 0.443 0.404 0.354 0.309
     29       2.358    0.197 0.980      0.994 0.996 0.997 0.997 0.999 1.000 1.000 0.999 0.847 0.755 0.547 0.477 0.439 0.389 0.345
     30       2.187    0.213 0.977      0.992 0.994 0.995 0.996 0.999 1.000 1.000 1.000 0.856 0.766 0.561 0.491 0.454 0.404 0.361
     31       2.027    0.231 0.973      0.990 0.992 0.993 0.994 0.997 0.999 1.000 1.000 0.865 0.777 0.576 0.507 0.470 0.421 0.378
     32       0.912    0.687 0.726      0.784 0.795 0.802 0.804 0.826 0.847 0.856 0.865 1.000 0.988 0.908 0.871 0.849 0.819 0.791
     33       0.941    0.791 0.611      0.679 0.692 0.700 0.702 0.729 0.755 0.766 0.777 0.988 1.000 0.962 0.936 0.921 0.898 0.876
     34       1.319    0.928 0.372      0.453 0.468 0.478 0.481 0.515 0.547 0.561 0.576 0.908 0.962 1.000 0.997 0.992 0.984 0.975
     35       1.619    0.956 0.294      0.378 0.394 0.404 0.407 0.443 0.477 0.491 0.507 0.871 0.936 0.997 1.000 0.999 0.995 0.990
     36       1.856    0.967 0.253      0.338 0.355 0.365 0.368 0.404 0.439 0.454 0.470 0.849 0.921 0.992 0.999 1.000 0.998 0.995
     37       2.321    0.980 0.200      0.286 0.303 0.314 0.317 0.354 0.389 0.404 0.421 0.819 0.898 0.984 0.995 0.998 1.000 0.999
     38       2.993    0.988 0.154      0.241 0.258 0.269 0.272 0.309 0.345 0.361 0.378 0.791 0.876 0.975 0.990 0.995 0.999 1.000

  R CORE   ENERGY   A0R/A00=1.000    R3= 0     2  
   2( 1)    0.732                    1.000 0.000
   2( 2)  487.921                    0.000 1.000

  R CORE   ENERGY   A0R/A00=1.000    R3= 0     2  
   3( 1)  488.652                    0.000 1.000

  R CORE   ENERGY   A0R/A00=1.000    R3= 0     2     4  
   4( 1)    2.438                    1.000 0.000 0.000

  R CORE   ENERGY   A0R/A00=1.000    R3= 0     2     4  
   5( 1)  490.847                    0.000 1.000 0.000

  R CORE   ENERGY   A0R/A00=1.000    R3= 0     2     4     6  
   6( 1)    5.121                    1.000 0.000 0.000 0.000

  R CORE   ENERGY   A0R/A00=1.000    R3= 0     2     4     6  
   7( 1)  494.017                    0.000 1.000 0.000 0.000

          AXIAL SYMMETRY => K RESTRICTED TO OMEGA

                     K
     S.P. ORB#: 24  2.50
     S.P. ORB#: 25  2.50
     S.P. ORB#: 26  0.50
     S.P. ORB#: 27 -3.50
     S.P. ORB#: 28 -3.50
     S.P. ORB#: 29  4.50
     S.P. ORB#: 30  0.50
     S.P. ORB#: 31 -1.50
     S.P. ORB#: 32 -1.50
     S.P. ORB#: 33  2.50
     S.P. ORB#: 34  0.50
     S.P. ORB#: 35  0.50
     S.P. ORB#: 36 -1.50
     S.P. ORB#: 37  2.50
     S.P. ORB#: 38 -3.50
 

             ENERGY    K= OMEGA
 
 I=  1/2- (1)  1.561  26:-0.062
                      34:-0.998
 
 I=  1/2- (2)  3.205  30: 1.000
 
 I=  1/2- (3)  5.046  26: 0.998
                      34:-0.062
 
 I=  1/2- (4)  9.664  35:-1.000
 
 I=  1/2- (5)147.215  32: 1.000

             ENERGY    K= OMEGA
 
 I=  3/2- (1)  1.385  30: 0.192
                      31: 0.111
                      32: 0.970
                      34:-0.084
 
 I=  3/2- (2)  2.218  30:-0.146
                      31:-0.120
                      32: 0.126
                      34: 0.974

             ENERGY    K= OMEGA
 
 I=  5/2- (1)  1.408  30: 0.132
                      31: 0.180
                      32:-0.403
                      33:-0.883
                      34: 0.066
 
 I=  5/2- (2)  1.997  30: 0.228
                      31:-0.166
                      32:-0.872
                      33: 0.395
 
 I=  5/2- (3)  2.240  30: 0.139
                      31: 0.183
                      33: 0.126
                      34: 0.965
 
 I=  5/2- (4)  3.264  24: 0.072
                      26:-0.385
                      30: 0.449
                      31: 0.741
                      32: 0.073
                      33: 0.186
                      34:-0.235
 
 I=  5/2- (5)  4.538  24: 0.063
                      26: 0.073
                      30:-0.801
                      31: 0.520
                      32:-0.262
                      33: 0.100

             ENERGY    K= OMEGA
 
 I=  7/2- (1)  2.041  30: 0.179
                      31:-0.216
                      32: 0.495
                      33:-0.821
 
 I=  7/2- (2)  2.640  25:-0.069
                      26:-0.176
                      28: 0.068
                      30:-0.349
                      31:-0.299
                      32:-0.719
                      33:-0.434
                      34: 0.203
 
 I=  7/2- (3)  3.606  24:-0.070
                      25: 0.246
                      27: 0.144
                      28:-0.945
                      30:-0.071
                      34: 0.115
 
 I=  7/2- (4)  3.824  26: 0.081
                      28:-0.108
                      30: 0.131
                      31: 0.230
                      32:-0.311
                      33:-0.212
                      34:-0.876
 
 I=  7/2- (5)  4.031  35: 0.721
                      36: 0.575
                      37: 0.355
                      38: 0.152

             ENERGY    K= OMEGA
 
 I=  9/2- (1)  2.694  26: 0.177
                      27:-0.100
                      29: 0.146
                      30:-0.300
                      31:-0.364
                      32: 0.461
                      33: 0.683
                      34:-0.182
 
 I=  9/2- (2)  3.074  24: 0.070
                      25: 0.071
                      27: 0.280
                      28: 0.180
                      29:-0.921
                      30:-0.066
                      31:-0.055
                      32: 0.096
                      33: 0.108
 
 I=  9/2- (3)  3.804  24: 0.071
                      25:-0.124
                      26:-0.059
                      27: 0.060
                      28:-0.171
                      30:-0.145
                      31: 0.340
                      32: 0.726
                      33:-0.232
                      34: 0.475
 
 I=  9/2- (4)  3.866  25:-0.055
                      26: 0.082
                      28:-0.098
                      30:-0.312
                      31:-0.056
                      32: 0.236
                      33:-0.545
                      34:-0.725
 
 I=  9/2- (5)  4.494  24: 0.121
                      25:-0.301
                      26:-0.077
                      27: 0.182
                      28:-0.868
                      29:-0.132
                      30: 0.142
                      32:-0.146
                      33: 0.179
                      34:-0.107

             ENERGY    K= OMEGA
 
 I= 11/2- (1)  2.869  35: 0.683
                      36: 0.576
                      37: 0.400
                      38: 0.202
 
 I= 11/2- (2)  3.817  24: 0.102
                      25: 0.110
                      27:-0.315
                      28:-0.151
                      29:-0.577
                      30: 0.175
                      31:-0.241
                      32: 0.373
                      33:-0.543
 
 I= 11/2- (3)  4.067  24: 0.080
                      25: 0.055
                      27:-0.249
                      28:-0.170
                      29:-0.650
                      30:-0.215
                      31: 0.167
                      32:-0.415
                      33: 0.479
 
 I= 11/2- (4)  4.585  24: 0.079
                      25:-0.123
                      26:-0.284
                      27:-0.053
                      28: 0.172
                      29: 0.066
                      30:-0.405
                      31:-0.413
                      32:-0.545
                      33:-0.414
                      34: 0.240
 
 I= 11/2- (5)  5.573  24:-0.142
                      25: 0.360
                      26:-0.094
                      27: 0.222
                      28:-0.845
                      29: 0.167
                      30:-0.150
                      31:-0.072
                      33:-0.071
                      34: 0.122

             ENERGY    K= OMEGA
 
 I= 13/2- (1)  4.631  24: 0.113
                      25: 0.084
                      26:-0.267
                      27: 0.230
                      28: 0.084
                      29:-0.293
                      30: 0.360
                      31: 0.432
                      32:-0.381
                      33:-0.508
                      34: 0.207
 
 I= 13/2- (2)  5.079  35: 0.231
                      36:-0.579
                      37: 0.653
                      38:-0.431
 
 I= 13/2- (3)  5.118  24: 0.128
                      25: 0.131
                      26: 0.131
                      27: 0.401
                      28: 0.246
                      29:-0.764
                      30:-0.189
                      31:-0.171
                      32: 0.178
                      33: 0.183
                      34:-0.120
 
 I= 13/2- (4)  6.372  24: 0.154
                      25:-0.239
                      26:-0.104
                      27: 0.130
                      28:-0.359
                      29:-0.052
                      30:-0.104
                      31: 0.333
                      32: 0.655
                      34: 0.458
 
 I= 13/2- (5)  6.522  24: 0.052
                      25:-0.152
                      26: 0.094
                      27: 0.107
                      28:-0.295
                      30:-0.297
                      32: 0.129
                      33:-0.611
                      34:-0.623

             ENERGY     K=-7/2
  32 LEVELS    TIME=  0.0 SEC



 ******************* EXCITATION ENERGIES, DOMINANT CONFIGURATION AND EXPECTATION VALUES (WITH S.P. UU+VV FACTORS) *******************

  NR  Eex(keV)  I   Kdom  NY    <Jz>  <Jx**2> <Jy**2> <Jz**2> <I.j>/|I|  <Rx**2> <Ry**2> <Rz**2> <R.j>/|R|  <HROTx> <HROTy> <HROTz>

   1    0.0   3/2-  -3/2  32   -1.41    1.53    1.53    2.16    1.46       1.65    1.65    0.00   -1.31      0.201   0.201   0.000
   2   23.5   5/2-   5/2  33    1.67    1.79    1.79    5.33    2.43       1.65    1.65    0.00   -0.95      0.201   0.201   0.000
   3  176.8   1/2-   1/2  34    0.50    1.18    1.18    0.25    0.83       0.95    0.95   -0.00   -1.36      0.116   0.116  -0.000
   4  612.1   5/2-  -3/2  32   -0.76    1.54    1.54    2.78    1.12       4.00    4.00    0.00   -0.90      0.488   0.488   0.000
   5  656.5   7/2-   5/2  33    1.26    1.93    1.93    4.90    2.04       4.14    4.14   -0.00   -0.22      0.505   0.505  -0.000
  
   6  833.5   3/2-   1/2  34    0.44    1.29    1.29    0.31   -0.14       3.60    3.60    0.00   -1.18      0.438   0.438   0.000
   7  855.4   5/2-   1/2  34    0.47    1.51    1.51    0.41    0.83       3.63    3.63   -0.00   -0.36      0.442   0.442  -0.000
   8 1255.5   7/2-  -3/2  32   -0.35    1.73    1.73    2.70    1.39       5.44    5.44    0.00   -0.20      0.663   0.663   0.000
   9 1309.7   9/2-   5/2  33    0.79    2.79    2.79    4.31    2.39       5.45    5.45   -0.00    0.60      0.664   0.664  -0.000
  10 1484.1  11/2-   1/2  35   -0.01   28.33   28.33    2.37    7.24       4.11    4.11   -0.00   -5.49      0.501   0.501  -0.000
  
  11 1689.9   9/2-   9/2  29    3.47    2.75    2.75   18.69    4.43       2.44    2.44   -0.00   -0.98      0.297   0.297  -0.000
  12 1820.7   1/2-   1/2  30    0.50    4.02    4.02    0.25    0.40       4.17    4.17    0.00   -2.75      0.508   0.508   0.000
  13 1879.1   5/2-  -3/2  31   -0.53    3.79    3.79    1.60    1.66       4.07    4.07   -0.00   -1.50      0.496   0.496  -0.000
  14 2221.2   7/2-  -7/2  28   -3.02    2.27    2.27   11.61    3.38       2.54    2.54   -0.00   -1.21      0.310   0.310  -0.000
  15 2419.1   9/2-  -3/2  32   -0.77    1.52    1.52    2.38    0.98      10.21   10.21    0.00   -0.12      1.245   1.245   0.000
  
  16 2432.8  11/2-   9/2  29    1.58    3.03    3.03   10.67    3.09       7.77    7.77   -0.00    0.44      0.947   0.947  -0.000
  17 2439.2   7/2-   1/2  34    0.24    1.66    1.66    0.98   -0.02      10.11   10.11   -0.00   -0.97      1.232   1.232  -0.000
  18 2481.9   9/2-   1/2  34    0.94    2.00    2.00    2.30    1.02      10.46   10.46   -0.00   -0.27      1.275   1.275  -0.000
  19 2646.6   7/2-   1/2  35   -0.00   28.46   28.46    1.94    7.11       9.08    9.08   -0.00   -7.19      1.107   1.107  -0.000
  20 2682.3  11/2-   9/2  29    1.90    2.53    2.53   11.61    2.89       8.91    8.91   -0.00    0.15      1.086   1.086  -0.000
  
  21 3109.8   9/2-  -7/2  28   -2.34    2.34    2.34   10.90    2.78       6.35    6.35   -0.00   -0.49      0.774   0.774  -0.000
  22 3153.8   5/2-   1/2  30   -0.15    4.09    4.09    1.01   -0.40      10.14   10.14   -0.00   -2.30      1.236   1.236  -0.000
  23 3200.6  11/2-  -3/2  32   -0.16    2.17    2.17    2.82    1.63      11.70   11.70   -0.00    0.54      1.426   1.426  -0.000
  24 3246.2  13/2-   5/2  33    0.50    3.76    3.76    5.02    2.78      11.22   11.22    0.00    1.45      1.368   1.368   0.000
  25 3661.5   1/2-   1/2  26    0.50    4.79    4.79    0.25    0.68       4.71    4.71    0.00   -3.01      0.574   0.574   0.000
  
  26 3694.1  13/2-   5/2  37   -0.06   27.23   27.23    5.70    6.14      11.59   11.59   -0.00   -3.59      1.413   1.413  -0.000
  27 3733.7  13/2-   9/2  29    1.96    3.51    3.51   15.10    3.60      10.30   10.30   -0.00    0.66      1.256   1.256  -0.000
  28 4188.7  11/2-  -7/2  28   -2.15    2.47    2.47   10.92    2.62      10.12   10.12   -0.00   -0.04      1.234   1.234  -0.000
  29 4987.8  13/2-  -3/2  32   -0.99    1.84    1.84    3.62    1.31      18.88   18.88   -0.00    0.30      2.301   2.301  -0.000
  30 5137.6  13/2-   1/2  34    0.87    2.12    2.12    3.86    1.13      20.53   20.53    0.00   -0.03      2.503   2.503   0.000
  
  31 8279.1   1/2-   1/2  35    0.50   28.95   28.95    0.25   -4.09      32.99   32.99    0.00   -7.59      4.023   4.023   0.000
  32*******   1/2-  -3/2  32    0.00    0.00    0.00    0.00   -0.00       0.00    0.00    0.00   -0.00      0.000   0.000   0.000
