1SPECTRUM OF (Z= 82 A=207) IN PARTICLE-ROTOR  MODEL WITH MODIFIED OSCILLATOR POTENTIAL


 PARITY=-   EPS= 0.338   GAMMA=  0.0   EPS4=0.000   EPS6=0.000   LEVELS:  26  27  28  29  30  31  32  33  34  35  36  37  38  39  40

 PAIRING FACTORS: GN0= 19.20  GN1=  7.40  IPAIR= 15 ***  E2PLUS(INPUT)=   0.730  E2PLUR(INPUT)=   0.000

 CORIOLIS ATTENUATION PARAMETERS:  CHSI=1.000  ETA=  1.00

 MOMENT OF INERTIA PARAMETERS:   A1=  0.122 MEV   A2=  0.122 MEV   A3=121.91922 MEV


 DELTA=0.911 MEV  LAMBDA=53.3424 MEV   HW0= 7.5149 MEV   LAMBDA/HW0= 7.0982

 E2ENERGY=0.730 MEV  HBAR**2/B=21183./A**(7/3)=3580.9/A**2 MEV

 IREC=0  =>  RECOIL TERMS j+j-, j+j+, jzjz, ETC TREATED AS ONE-BODY OPERATORS WITH UU+VV PAIRING FACTORS



 S. P. LEVEL   EQP       U     V        (UU + VV)**1.00

     26       3.133    0.147 0.989      1.000 0.999 0.994 0.971 0.958 0.954 0.871 0.677 0.622 0.342 0.329 0.322 0.305 0.275 0.257
     27       2.575    0.180 0.984      0.999 1.000 0.997 0.978 0.967 0.964 0.887 0.701 0.648 0.373 0.361 0.353 0.336 0.307 0.289
     28       1.835    0.257 0.966      0.994 0.997 1.000 0.991 0.984 0.982 0.921 0.755 0.706 0.445 0.433 0.426 0.409 0.381 0.363
     29       1.293    0.381 0.925      0.971 0.978 0.991 1.000 0.999 0.998 0.964 0.834 0.792 0.558 0.547 0.540 0.525 0.498 0.482
     30       1.187    0.423 0.906      0.958 0.967 0.984 0.999 1.000 1.000 0.975 0.859 0.820 0.596 0.585 0.579 0.564 0.538 0.522
     31       1.162    0.435 0.900      0.954 0.964 0.982 0.998 1.000 1.000 0.978 0.866 0.827 0.607 0.596 0.590 0.575 0.549 0.533
     32       0.940    0.614 0.790      0.871 0.887 0.921 0.964 0.975 0.978 1.000 0.951 0.926 0.759 0.750 0.745 0.733 0.711 0.698
     33       0.980    0.827 0.562      0.677 0.701 0.755 0.834 0.859 0.866 0.951 1.000 0.997 0.923 0.918 0.915 0.907 0.894 0.885
     34       1.051    0.866 0.500      0.622 0.648 0.706 0.792 0.820 0.827 0.926 0.997 1.000 0.949 0.944 0.942 0.935 0.924 0.916
     35       2.320    0.980 0.200      0.342 0.373 0.445 0.558 0.596 0.607 0.759 0.923 0.949 1.000 1.000 1.000 0.999 0.997 0.996
     36       2.480    0.982 0.187      0.329 0.361 0.433 0.547 0.585 0.596 0.750 0.918 0.944 1.000 1.000 1.000 1.000 0.998 0.997
     37       2.581    0.984 0.179      0.322 0.353 0.426 0.540 0.579 0.590 0.745 0.915 0.942 1.000 1.000 1.000 1.000 0.999 0.998
     38       2.861    0.987 0.161      0.305 0.336 0.409 0.525 0.564 0.575 0.733 0.907 0.935 0.999 1.000 1.000 1.000 1.000 0.999
     39       3.519    0.991 0.131      0.275 0.307 0.381 0.498 0.538 0.549 0.711 0.894 0.924 0.997 0.998 0.999 1.000 1.000 1.000
     40       4.098    0.994 0.112      0.257 0.289 0.363 0.482 0.522 0.533 0.698 0.885 0.916 0.996 0.997 0.998 0.999 1.000 1.000

  R CORE   ENERGY   A0R/A00=1.000    R3= 0     2  
   2( 1)    0.732                    1.000 0.000
   2( 2)  487.921                    0.000 1.000

  R CORE   ENERGY   A0R/A00=1.000    R3= 0     2  
   3( 1)  488.652                    0.000 1.000

  R CORE   ENERGY   A0R/A00=1.000    R3= 0     2     4  
   4( 1)    2.438                    1.000 0.000 0.000

  R CORE   ENERGY   A0R/A00=1.000    R3= 0     2     4  
   5( 1)  490.847                    0.000 1.000 0.000

  R CORE   ENERGY   A0R/A00=1.000    R3= 0     2     4     6  
   6( 1)    5.121                    1.000 0.000 0.000 0.000

  R CORE   ENERGY   A0R/A00=1.000    R3= 0     2     4     6  
   7( 1)  494.017                    0.000 1.000 0.000 0.000

          AXIAL SYMMETRY => K RESTRICTED TO OMEGA

                     K
     S.P. ORB#: 26  2.50
     S.P. ORB#: 27 -3.50
     S.P. ORB#: 28  0.50
     S.P. ORB#: 29  0.50
     S.P. ORB#: 30 -1.50
     S.P. ORB#: 31 -1.50
     S.P. ORB#: 32 -3.50
     S.P. ORB#: 33  4.50
     S.P. ORB#: 34  2.50
     S.P. ORB#: 35 -3.50
     S.P. ORB#: 36  0.50
     S.P. ORB#: 37 -1.50
     S.P. ORB#: 38  2.50
     S.P. ORB#: 39  0.50
     S.P. ORB#: 40  4.50
 

             ENERGY    K= OMEGA
 
 I=  1/2- (1)  2.541  29:-0.999
 
 I=  1/2- (2)  3.873  39: 0.999
 
 I=  1/2- (3)  5.821  28: 0.373
                      36:-0.928
 
 I=  1/2- (4)  8.751  28: 0.928
                      36: 0.373
 
 I=  1/2- (5)147.465  31: 1.000

             ENERGY    K= OMEGA
 
 I=  3/2- (1)  2.420  29:-0.403
                      31: 0.915
 
 I=  3/2- (2)  2.684  29: 0.791
                      31: 0.350
                      37: 0.476
                      39:-0.160

             ENERGY    K= OMEGA
 
 I=  5/2- (1)  2.742  29:-0.403
                      31:-0.801
                      37: 0.143
                      38: 0.377
                      39:-0.179
 
 I=  5/2- (2)  3.345  26:-0.065
                      29: 0.633
                      31:-0.410
                      37:-0.652
 
 I=  5/2- (3)  3.616  29:-0.384
                      31:-0.207
                      37:-0.294
                      38:-0.829
                      39:-0.185
 
 I=  5/2- (4)  4.262  26: 0.063
                      29: 0.480
                      31:-0.362
                      37: 0.656
                      38:-0.410
                      39: 0.191
 
 I=  5/2- (5)  4.771  26:-0.181
                      29:-0.238
                      31:-0.116
                      37:-0.150
                      39: 0.935

             ENERGY    K= OMEGA
 
 I=  7/2- (1)  1.748  26:-0.190
                      32: 0.980
 
 I=  7/2- (2)  3.353  29:-0.498
                      31: 0.692
                      37:-0.275
                      38: 0.441
 
 I=  7/2- (3)  3.567  28:-0.708
                      30:-0.583
                      34:-0.367
                      35:-0.157
 
 I=  7/2- (4)  3.898  26: 0.062
                      29:-0.628
                      31:-0.502
                      37:-0.490
                      38:-0.219
                      39: 0.246
 
 I=  7/2- (5)  4.385  26:-0.201
                      27:-0.793
                      29:-0.231
                      31: 0.229
                      37: 0.224
                      38:-0.418

             ENERGY    K= OMEGA
 
 I=  9/2- (1)  1.878  26:-0.075
                      27: 0.187
                      32:-0.250
                      33:-0.947
 
 I=  9/2- (2)  2.716  26: 0.260
                      27: 0.091
                      32: 0.927
                      33:-0.248
 
 I=  9/2- (3)  4.126  29: 0.438
                      31: 0.698
                      37:-0.249
                      38:-0.445
                      39: 0.239
 
 I=  9/2- (4)  4.393  28: 0.196
                      30:-0.505
                      34: 0.639
                      35:-0.497
                      40: 0.226
 
 I=  9/2- (5)  5.169  26:-0.108
                      27: 0.065
                      29: 0.511
                      31:-0.474
                      32: 0.057
                      37:-0.691
                      38: 0.101
                      39:-0.084

             ENERGY    K= OMEGA
 
 I= 11/2- (1)  2.836  28: 0.646
                      30: 0.565
                      34: 0.420
                      35: 0.266
                      36: 0.056
                      40: 0.116
 
 I= 11/2- (2)  2.976  26:-0.128
                      27:-0.254
                      32: 0.344
                      33:-0.895
 
 I= 11/2- (3)  3.916  26:-0.304
                      27: 0.133
                      32: 0.875
                      33: 0.342
                      38: 0.059
 
 I= 11/2- (4)  5.263  29: 0.519
                      31:-0.617
                      37: 0.354
                      38:-0.469
 
 I= 11/2- (5)  5.730  28: 0.494
                      30: 0.128
                      34:-0.416
                      35:-0.623
                      40:-0.422

             ENERGY    K= OMEGA
 
 I= 13/2- (1)  4.292  26:-0.174
                      27: 0.297
                      32:-0.404
                      33:-0.847
 
 I= 13/2- (2)  4.371  28:-0.168
                      30: 0.446
                      34:-0.611
                      35: 0.552
                      40:-0.308
 
 I= 13/2- (3)  5.350  26: 0.333
                      27: 0.172
                      31: 0.071
                      32: 0.828
                      33:-0.404
                      38:-0.076
 
 I= 13/2- (4)  6.481  29:-0.450
                      31:-0.653
                      32: 0.076
                      37: 0.287
                      38: 0.448
                      39:-0.280
 
 I= 13/2- (5)  7.972  26: 0.111
                      27:-0.071
                      29:-0.432
                      31: 0.482
                      32:-0.098
                      37: 0.719
                      38:-0.076
                      39: 0.179

             ENERGY     K= 9/2
  32 LEVELS    TIME=  0.0 SEC



 ******************* EXCITATION ENERGIES, DOMINANT CONFIGURATION AND EXPECTATION VALUES (WITH S.P. UU+VV FACTORS) *******************

  NR  Eex(keV)  I   Kdom  NY    <Jz>  <Jx**2> <Jy**2> <Jz**2> <I.j>/|I|  <Rx**2> <Ry**2> <Rz**2> <R.j>/|R|  <HROTx> <HROTy> <HROTz>

   1    0.0   7/2-  -7/2  32   -3.28    2.31    2.31   12.02    3.33       2.96    2.96   -0.00   -1.40      0.361   0.361  -0.000
   2  130.5   9/2-   9/2  33    3.71    2.53    2.53   19.39    4.26       3.41    3.41    0.00   -1.25      0.416   0.416   0.000
   3  672.4   3/2-  -3/2  31   -1.17    4.76    4.76    1.92    1.31       5.06    5.06    0.00   -2.80      0.617   0.617   0.000
   4  792.8   1/2-   1/2  29    0.50    4.75    4.75    0.25    0.18       5.10    5.10    0.00   -3.01      0.621   0.621   0.000
   5  936.3   3/2-   1/2  29   -0.20    3.81    3.81    0.95    0.94       4.34    4.34    0.00   -2.29      0.529   0.529   0.000
  
   6  968.3   9/2-  -7/2  32   -2.59    2.40    2.40   12.31    2.88       6.59    6.59    0.00   -0.76      0.803   0.803   0.000
   7  993.9   5/2-  -3/2  31   -0.54    4.28    4.28    2.43    1.66       4.97    4.97    0.00   -1.93      0.605   0.605   0.000
   8 1087.8  11/2-   1/2  28   -0.01   24.17   24.17    3.07    6.41       5.24    5.24    0.00   -4.04      0.639   0.639   0.000
   9 1227.7  11/2-   9/2  33    3.01    2.74    2.74   18.56    3.72       7.64    7.64    0.00   -0.46      0.931   0.931   0.000
  10 1597.0   5/2-  -3/2  37   -0.67    3.26    3.26    1.47    0.73       6.21    6.21    0.00   -1.66      0.757   0.757   0.000
  
  11 1605.4   7/2-  -3/2  31   -0.23    4.10    4.10    2.55    1.56       7.05    7.05    0.00   -1.21      0.859   0.859   0.000
  12 1818.7   7/2-   1/2  28   -0.01   23.84   23.84    2.03    6.13       8.39    8.39   -0.00   -6.19      1.022   1.022  -0.000
  13 1868.3   5/2-   5/2  38    1.62    2.32    2.32    4.64    1.58       4.35    4.35    0.00   -1.56      0.530   0.530   0.000
  14 2124.7   1/2-   1/2  39    0.50    1.58    1.58    0.25    0.70       1.47    1.47    0.00   -1.63      0.179   0.179   0.000
  15 2149.8   7/2-   1/2  29   -0.38    3.44    3.44    1.56    0.87       8.66    8.66    0.00   -1.20      1.056   1.056   0.000
  
  16 2168.1  11/2-  -7/2  32   -1.98    2.49    2.49   12.58    2.59      11.20   11.20    0.00   -0.45      1.366   1.366   0.000
  17 2378.5   9/2-  -3/2  31   -0.22    3.97    3.97    2.58    1.58       9.76    9.76    0.00   -0.60      1.189   1.189   0.000
  18 2514.5   5/2-  -3/2  37   -0.28    3.08    3.08    2.40    0.04       8.53    8.53    0.00   -2.04      1.040   1.040   0.000
  19 2544.0  13/2-   9/2  33    2.43    2.93    2.93   17.81    3.36      12.76   12.76    0.00   -0.04      1.556   1.556   0.000
  20 2622.8  13/2-   5/2  34    0.01   23.98   23.98    8.44    6.01      10.64   10.64    0.00   -3.13      1.297   1.297   0.000
  
  21 2637.0   7/2-  -7/2  27   -1.79    4.99    4.99    9.29    2.47       7.71    7.71   -0.00   -2.41      0.940   0.940  -0.000
  22 2645.0   9/2-   5/2  34    0.02   24.22   24.22    7.19    5.76      11.52   11.52    0.00   -5.62      1.404   1.404   0.000
  23 3023.4   5/2-   1/2  39    0.49    1.86    1.86    0.52    0.19       5.92    5.92    0.00   -1.06      0.722   0.722   0.000
  24 3421.2   9/2-  -3/2  37   -0.89    3.00    3.00    1.88    0.61      13.26   13.26    0.00   -0.94      1.616   1.616   0.000
  25 3514.9  11/2-  -3/2  31   -0.08    3.89    3.89    2.65    1.45      14.40   14.40    0.00   -0.33      1.756   1.756   0.000
  
  26 3601.8  13/2-  -7/2  32   -1.48    2.58    2.58   12.80    2.37      16.81   16.81    0.00   -0.24      2.049   2.049   0.000
  27 3982.6  11/2-  -7/2  35   -0.03   23.05   23.05    9.54    5.28      14.15   14.15    0.00   -4.53      1.725   1.725   0.000
  28 4073.3   1/2-   1/2  36    0.50   12.34   12.34    0.25   -1.43      14.07   14.07    0.00   -4.93      1.716   1.716   0.000
  29 4733.4  13/2-  -3/2  31   -0.13    3.84    3.84    2.60    1.50      19.07   19.07    0.00    0.03      2.325   2.325   0.000
  30 6224.5  13/2-  -3/2  37   -1.02    2.77    2.77    2.04    0.55      24.35   24.35    0.00   -0.54      2.969   2.969   0.000
  
  31 7002.9   1/2-   1/2  28    0.50   24.42   24.42    0.25   -3.55      27.99   27.99    0.00   -6.97      3.413   3.413   0.000
  32*******   1/2-  -3/2  31    0.00    0.00    0.00    0.00    0.00       0.00    0.00    0.00   -0.00      0.000   0.000   0.000
