1SPECTRUM OF (Z= 82 A=207) IN PARTICLE-ROTOR  MODEL WITH MODIFIED OSCILLATOR POTENTIAL


 PARITY=-   EPS= 0.302   GAMMA=  0.0   EPS4=0.000   EPS6=0.000   LEVELS:  24  25  26  27  28  29  30  31  32  33  34  35  36  37  38

 PAIRING FACTORS: GN0= 19.20  GN1=  7.40  IPAIR= 15 ***  E2PLUS(INPUT)=   0.730  E2PLUR(INPUT)=   0.000

 CORIOLIS ATTENUATION PARAMETERS:  CHSI=1.000  ETA=  1.00

 MOMENT OF INERTIA PARAMETERS:   A1=  0.122 MEV   A2=  0.122 MEV   A3=121.91922 MEV


 DELTA=0.948 MEV  LAMBDA=53.2880 MEV   HW0= 7.4928 MEV   LAMBDA/HW0= 7.1119

 E2ENERGY=0.730 MEV  HBAR**2/B=16911./A**(7/3)=2858.8/A**2 MEV

 IREC=0  =>  RECOIL TERMS j+j-, j+j+, jzjz, ETC TREATED AS ONE-BODY OPERATORS WITH UU+VV PAIRING FACTORS



 S. P. LEVEL   EQP       U     V        (UU + VV)**1.00

     24       5.034    0.095 0.996      1.000 1.000 0.999 0.997 0.968 0.955 0.940 0.939 0.826 0.805 0.461 0.322 0.295 0.282 0.251
     25       4.124    0.116 0.993      1.000 1.000 1.000 0.998 0.973 0.961 0.947 0.946 0.838 0.817 0.480 0.342 0.315 0.302 0.272
     26       3.377    0.142 0.990      0.999 1.000 1.000 1.000 0.979 0.968 0.955 0.955 0.852 0.832 0.503 0.366 0.340 0.327 0.297
     27       2.823    0.170 0.985      0.997 0.998 1.000 1.000 0.984 0.975 0.963 0.963 0.867 0.848 0.528 0.393 0.367 0.354 0.325
     28       1.479    0.341 0.940      0.968 0.973 0.979 0.984 1.000 0.999 0.996 0.995 0.941 0.928 0.669 0.549 0.525 0.513 0.486
     29       1.336    0.384 0.923      0.955 0.961 0.968 0.975 0.999 1.000 0.999 0.999 0.956 0.944 0.703 0.587 0.564 0.552 0.526
     30       1.225    0.428 0.904      0.940 0.947 0.955 0.963 0.996 0.999 1.000 1.000 0.969 0.959 0.736 0.625 0.603 0.592 0.566
     31       1.221    0.430 0.903      0.939 0.946 0.955 0.963 0.995 0.999 1.000 1.000 0.969 0.960 0.737 0.627 0.605 0.593 0.568
     32       0.965    0.639 0.769      0.826 0.838 0.852 0.867 0.941 0.956 0.969 0.969 1.000 0.999 0.881 0.799 0.782 0.773 0.753
     33       0.954    0.667 0.745      0.805 0.817 0.832 0.848 0.928 0.944 0.959 0.960 0.999 1.000 0.898 0.821 0.804 0.796 0.777
     34       1.363    0.927 0.375      0.461 0.480 0.503 0.528 0.669 0.703 0.736 0.737 0.881 0.898 1.000 0.988 0.984 0.981 0.975
     35       2.113    0.973 0.231      0.322 0.342 0.366 0.393 0.549 0.587 0.625 0.627 0.799 0.821 0.988 1.000 1.000 0.999 0.997
     36       2.381    0.979 0.203      0.295 0.315 0.340 0.367 0.525 0.564 0.603 0.605 0.782 0.804 0.984 1.000 1.000 1.000 0.999
     37       2.547    0.982 0.190      0.282 0.302 0.327 0.354 0.513 0.552 0.592 0.593 0.773 0.796 0.981 0.999 1.000 1.000 1.000
     38       3.027    0.987 0.159      0.251 0.272 0.297 0.325 0.486 0.526 0.566 0.568 0.753 0.777 0.975 0.997 0.999 1.000 1.000

  R CORE   ENERGY   A0R/A00=1.000    R3= 0     2  
   2( 1)    0.732                    1.000 0.000
   2( 2)  487.921                    0.000 1.000

  R CORE   ENERGY   A0R/A00=1.000    R3= 0     2  
   3( 1)  488.652                    0.000 1.000

  R CORE   ENERGY   A0R/A00=1.000    R3= 0     2     4  
   4( 1)    2.438                    1.000 0.000 0.000

  R CORE   ENERGY   A0R/A00=1.000    R3= 0     2     4  
   5( 1)  490.847                    0.000 1.000 0.000

  R CORE   ENERGY   A0R/A00=1.000    R3= 0     2     4     6  
   6( 1)    5.121                    1.000 0.000 0.000 0.000

  R CORE   ENERGY   A0R/A00=1.000    R3= 0     2     4     6  
   7( 1)  494.017                    0.000 1.000 0.000 0.000

          AXIAL SYMMETRY => K RESTRICTED TO OMEGA

                     K
     S.P. ORB#: 24  2.50
     S.P. ORB#: 25  0.50
     S.P. ORB#: 26  2.50
     S.P. ORB#: 27 -3.50
     S.P. ORB#: 28  0.50
     S.P. ORB#: 29 -1.50
     S.P. ORB#: 30  0.50
     S.P. ORB#: 31 -3.50
     S.P. ORB#: 32  4.50
     S.P. ORB#: 33 -1.50
     S.P. ORB#: 34  2.50
     S.P. ORB#: 35 -1.50
     S.P. ORB#: 36  2.50
     S.P. ORB#: 37 -3.50
     S.P. ORB#: 38  0.50
 

             ENERGY    K= OMEGA
 
 I=  1/2- (1)  2.677  28:-0.997
                      38:-0.062
 
 I=  1/2- (2)  3.353  25:-0.068
                      28: 0.059
                      38:-0.996
 
 I=  1/2- (3)  5.636  25: 0.997
                      38:-0.066
 
 I=  1/2- (4)  8.117  30:-1.000
 
 I=  1/2- (5)147.257  33: 1.000

             ENERGY    K= OMEGA
 
 I=  3/2- (1)  2.447  25:-0.167
                      28:-0.455
                      29:-0.548
                      35:-0.668
                      38: 0.137
 
 I=  3/2- (2)  2.552  28:-0.522
                      29: 0.799
                      35:-0.300

             ENERGY    K= OMEGA
 
 I=  5/2- (1)  2.476  25:-0.234
                      28: 0.416
                      29: 0.698
                      35:-0.221
                      36:-0.459
                      38: 0.153
 
 I=  5/2- (2)  3.077  24: 0.059
                      25:-0.097
                      26: 0.065
                      28:-0.121
                      29: 0.476
                      35: 0.778
                      36: 0.342
                      38: 0.140
 
 I=  5/2- (3)  3.210  25:-0.126
                      28: 0.521
                      35:-0.315
                      36: 0.775
                      38: 0.106
 
 I=  5/2- (4)  4.076  24:-0.063
                      28: 0.522
                      29:-0.455
                      35: 0.378
                      36:-0.245
                      38: 0.558
 
 I=  5/2- (5)  4.233  25:-0.166
                      28: 0.470
                      29:-0.128
                      35: 0.316
                      36:-0.101
                      38:-0.790

             ENERGY    K= OMEGA
 
 I=  7/2- (1)  1.989  26:-0.209
                      27: 0.071
                      31: 0.974
 
 I=  7/2- (2)  3.207  24: 0.093
                      25:-0.112
                      27:-0.113
                      28: 0.210
                      29:-0.686
                      35: 0.260
                      36:-0.615
                      38: 0.054
 
 I=  7/2- (3)  3.284  30:-0.731
                      33:-0.577
                      34:-0.339
                      37:-0.136
 
 I=  7/2- (4)  3.369  24:-0.055
                      25: 0.290
                      28: 0.666
                      29: 0.345
                      35: 0.555
                      38:-0.195
 
 I=  7/2- (5)  4.223  24:-0.148
                      27: 0.174
                      28:-0.496
                      29: 0.473
                      35: 0.278
                      36:-0.630

             ENERGY    K= OMEGA
 
 I=  9/2- (1)  1.790  24: 0.056
                      26:-0.061
                      27: 0.240
                      31:-0.182
                      32:-0.950
 
 I=  9/2- (2)  2.896  24:-0.065
                      26:-0.284
                      27:-0.122
                      29:-0.103
                      31:-0.925
                      32: 0.157
                      36: 0.069
 
 I=  9/2- (3)  3.419  24: 0.099
                      25:-0.345
                      27: 0.067
                      28: 0.458
                      29: 0.659
                      31:-0.129
                      32: 0.071
                      35:-0.215
                      36:-0.345
                      38: 0.184
 
 I=  9/2- (4)  4.498  30:-0.241
                      33: 0.598
                      34:-0.650
                      37: 0.402
 
 I=  9/2- (5)  4.836  24:-0.117
                      25: 0.121
                      26:-0.068
                      27:-0.077
                      28: 0.132
                      29:-0.384
                      31: 0.061
                      35:-0.784
                      36:-0.368
                      38:-0.201

             ENERGY    K= OMEGA
 
 I= 11/2- (1)  2.545  30:-0.693
                      33:-0.575
                      34:-0.389
                      37:-0.194
 
 I= 11/2- (2)  2.791  24: 0.099
                      26:-0.099
                      27:-0.338
                      31: 0.238
                      32:-0.899
 
 I= 11/2- (3)  4.020  24: 0.098
                      26: 0.334
                      27:-0.167
                      29:-0.122
                      31:-0.888
                      32:-0.192
                      36:-0.083
 
 I= 11/2- (4)  4.996  24:-0.169
                      25: 0.237
                      26: 0.055
                      27: 0.137
                      29: 0.737
                      31:-0.148
                      32:-0.156
                      35:-0.135
                      36: 0.521
                      38:-0.115
 
 I= 11/2- (5)  5.185  25:-0.301
                      28:-0.724
                      29:-0.106
                      31: 0.056
                      35:-0.549
                      36: 0.184
                      38: 0.184

             ENERGY    K= OMEGA
 
 I= 13/2- (1)  3.986  24: 0.145
                      26:-0.127
                      27: 0.410
                      29: 0.068
                      31:-0.262
                      32:-0.847
 
 I= 13/2- (2)  4.757  30:-0.228
                      33: 0.577
                      34:-0.657
                      37: 0.429
 
 I= 13/2- (3)  5.168  24:-0.155
                      25: 0.345
                      26:-0.208
                      27:-0.135
                      28:-0.378
                      29:-0.557
                      31:-0.477
                      35: 0.131
                      36: 0.266
                      38:-0.163
 
 I= 13/2- (4)  5.483  25: 0.232
                      26: 0.312
                      27: 0.137
                      28:-0.287
                      29:-0.312
                      31: 0.729
                      32:-0.255
                      35: 0.159
                      36: 0.129
                      38:-0.109
 
 I= 13/2- (5)  7.548  24:-0.176
                      25: 0.113
                      27:-0.133
                      28: 0.161
                      29:-0.323
                      31: 0.097
                      32:-0.112
                      35:-0.770
                      36:-0.376
                      38:-0.226

             ENERGY     K= 1/2
  32 LEVELS    TIME=  0.0 SEC



 ******************* EXCITATION ENERGIES, DOMINANT CONFIGURATION AND EXPECTATION VALUES (WITH S.P. UU+VV FACTORS) *******************

  NR  Eex(keV)  I   Kdom  NY    <Jz>  <Jx**2> <Jy**2> <Jz**2> <I.j>/|I|  <Rx**2> <Ry**2> <Rz**2> <R.j>/|R|  <HROTx> <HROTy> <HROTz>

   1    0.0   9/2-   9/2  32    3.76    2.64    2.64   19.42    4.40       2.82    2.82    0.00   -1.18      0.344   0.344   0.000
   2  199.4   7/2-  -7/2  31   -3.22    2.29    2.29   11.96    3.39       2.71    2.71    0.00   -1.33      0.330   0.330   0.000
   3  657.3   3/2-  -3/2  35   -0.99    2.87    2.87    1.74    1.58       2.56    2.56    0.00   -1.96      0.313   0.313   0.000
   4  686.4   5/2-  -3/2  29   -0.15    4.25    4.25    2.60    2.44       2.70    2.70    0.00   -1.67      0.329   0.329   0.000
   5  755.4  11/2-   1/2  30   -0.01   24.99   24.99    2.27    6.44       5.49    5.49    0.00   -4.15      0.670   0.670   0.000
  
   6  762.4   3/2-  -3/2  29   -0.96    4.54    4.54    1.71    1.41       4.54    4.54    0.00   -2.67      0.554   0.554   0.000
   7  887.0   1/2-   1/2  28    0.50    4.67    4.67    0.25    0.34       4.87    4.87    0.00   -2.98      0.594   0.594   0.000
   8 1001.5  11/2-   9/2  32    3.09    3.00    3.00   18.58    3.99       6.29    6.29    0.00   -0.20      0.767   0.767   0.000
   9 1105.8   9/2-  -7/2  31   -2.73    2.42    2.42   11.76    2.96       5.96    5.96    0.00   -0.55      0.727   0.727   0.000
  10 1287.4   5/2-  -3/2  35   -0.91    2.14    2.14    2.66    1.18       4.37    4.37    0.00   -1.17      0.533   0.533   0.000
  
  11 1417.1   7/2-  -3/2  29    0.14    3.65    3.65    3.83    2.02       5.44    5.44    0.00   -0.95      0.664   0.664   0.000
  12 1419.8   5/2-   5/2  36    1.50    2.72    2.72    4.06    1.61       4.37    4.37    0.00   -1.60      0.532   0.532   0.000
  13 1494.0   7/2-   1/2  30   -0.01   24.98   24.98    1.83    6.33       8.65    8.65    0.00   -6.41      1.054   1.054   0.000
  14 1563.2   1/2-   1/2  38    0.50    1.46    1.46    0.25    0.72       1.34    1.34   -0.00   -1.56      0.163   0.163  -0.000
  15 1579.2   7/2-   1/2  28   -0.36    3.31    3.31    1.16    1.50       5.80    5.80    0.00   -0.53      0.708   0.708   0.000
  
  16 1629.6   9/2-  -3/2  29   -0.27    4.75    4.75    2.35    2.47       5.99    5.99    0.00    0.13      0.731   0.731   0.000
  17 2196.0  13/2-   9/2  32    2.49    3.39    3.39   17.69    3.74      10.50   10.50    0.00    0.36      1.280   1.280   0.000
  18 2230.3  11/2-  -7/2  31   -2.39    2.52    2.52   11.59    2.69      10.13   10.13    0.00   -0.13      1.235   1.235   0.000
  19 2285.6   5/2-   1/2  38   -0.07    3.27    3.27    1.33    0.06       8.12    8.12    0.00   -1.90      0.990   0.990   0.000
  20 2433.2   7/2-   5/2  36    0.61    3.13    3.13    3.75    0.92       9.21    9.21    0.00   -1.48      1.123   1.123   0.000
  
  21 2442.7   5/2-   1/2  38    0.29    2.25    2.25    0.55    0.06       6.73    6.73    0.00   -1.33      0.821   0.821   0.000
  22 2708.4   9/2-   5/2  34   -0.02   25.12   25.12    5.44    5.53      12.71   12.71    0.00   -5.59      1.549   1.549   0.000
  23 2967.0  13/2-   5/2  34   -0.04   25.09   25.09    5.71    5.54      13.61   13.61    0.00   -3.29      1.660   1.660   0.000
  24 3046.3   9/2-  -3/2  35   -0.75    2.08    2.08    2.84    0.96      11.08   11.08    0.00   -0.47      1.351   1.351   0.000
  25 3206.4  11/2-  -3/2  29   -0.08    4.13    4.13    4.17    1.93      12.53   12.53    0.00   -0.17      1.528   1.528   0.000
  
  26 3378.3  13/2-  -3/2  29   -0.86    4.31    4.31    4.68    2.58      13.00   13.00    0.00    0.93      1.585   1.585   0.000
  27 3394.9  11/2-   1/2  28   -0.07    3.31    3.31    1.13    1.45      13.08   13.08    0.00    0.18      1.595   1.595   0.000
  28 3692.6  13/2-  -7/2  31   -1.45    3.28    3.28    9.08    2.39      15.52   15.52    0.00    0.19      1.892   1.892   0.000
  29 3846.1   1/2-   1/2  25    0.50    6.32    6.32    0.25    0.68       6.24    6.24   -0.00   -3.49      0.761   0.761  -0.000
  30 5758.1  13/2-  -3/2  35   -0.61    2.17    2.17    3.26    0.90      21.90   21.90    0.00   -0.20      2.671   2.671   0.000
  
  31 6327.5   1/2-   1/2  30    0.50   24.59   24.59    0.25   -3.67      28.27   28.27    0.00   -7.00      3.446   3.446   0.000
  32*******   1/2-  -3/2  33    0.00    0.00    0.00    0.00   -0.00       0.00    0.00   -0.00   -0.00      0.000   0.000  -0.000
