1SPECTRUM OF (Z= 82 A=207) IN PARTICLE-ROTOR  MODEL WITH MODIFIED OSCILLATOR POTENTIAL


 PARITY=-   EPS= 0.395   GAMMA=  0.0   EPS4=0.000   EPS6=0.000   LEVELS:  25  26  27  28  29  30  31  32  33  34  35  36  37  38  39

 PAIRING FACTORS: GN0= 19.20  GN1=  7.40  IPAIR= 15 ***  E2PLUS(INPUT)=   0.730  E2PLUR(INPUT)=   0.000

 CORIOLIS ATTENUATION PARAMETERS:  CHSI=1.000  ETA=  1.00

 MOMENT OF INERTIA PARAMETERS:   A1=  0.122 MEV   A2=  0.122 MEV   A3=121.91924 MEV


 DELTA=0.848 MEV  LAMBDA=53.4739 MEV   HW0= 7.5562 MEV   LAMBDA/HW0= 7.0769

 E2ENERGY=0.730 MEV  HBAR**2/B=28930./A**(7/3)=4890.6/A**2 MEV

 IREC=0  =>  RECOIL TERMS j+j-, j+j+, jzjz, ETC TREATED AS ONE-BODY OPERATORS WITH UU+VV PAIRING FACTORS



 S. P. LEVEL   EQP       U     V        (UU + VV)**1.00

     25       3.754    0.114 0.994      1.000 1.000 0.999 0.996 0.995 0.929 0.892 0.859 0.549 0.448 0.405 0.333 0.242 0.239 0.232
     26       3.113    0.137 0.991      1.000 1.000 1.000 0.998 0.997 0.938 0.902 0.871 0.569 0.469 0.427 0.356 0.265 0.262 0.255
     27       2.740    0.157 0.988      0.999 1.000 1.000 0.999 0.998 0.944 0.911 0.880 0.585 0.486 0.444 0.374 0.284 0.281 0.274
     28       2.182    0.198 0.980      0.996 0.998 0.999 1.000 1.000 0.957 0.927 0.899 0.618 0.523 0.482 0.412 0.324 0.321 0.314
     29       2.048    0.212 0.977      0.995 0.997 0.998 1.000 1.000 0.961 0.932 0.905 0.629 0.535 0.494 0.425 0.337 0.334 0.327
     30       1.016    0.473 0.881      0.929 0.938 0.944 0.957 0.961 1.000 0.996 0.987 0.819 0.747 0.715 0.658 0.584 0.581 0.575
     31       0.922    0.551 0.835      0.892 0.902 0.911 0.927 0.932 0.996 1.000 0.998 0.868 0.804 0.775 0.723 0.655 0.652 0.647
     32       0.878    0.607 0.795      0.859 0.871 0.880 0.899 0.905 0.987 0.998 1.000 0.900 0.843 0.816 0.769 0.705 0.703 0.698
     33       1.054    0.893 0.450      0.549 0.569 0.585 0.618 0.629 0.819 0.868 0.900 1.000 0.993 0.987 0.971 0.944 0.943 0.940
     34       1.313    0.939 0.344      0.448 0.469 0.486 0.523 0.535 0.747 0.804 0.843 0.993 1.000 0.999 0.992 0.976 0.975 0.973
     35       1.487    0.954 0.299      0.405 0.427 0.444 0.482 0.494 0.715 0.775 0.816 0.987 0.999 1.000 0.997 0.985 0.985 0.983
     36       1.944    0.975 0.224      0.333 0.356 0.374 0.412 0.425 0.658 0.723 0.769 0.971 0.992 0.997 1.000 0.996 0.995 0.994
     37       3.279    0.991 0.130      0.242 0.265 0.284 0.324 0.337 0.584 0.655 0.705 0.944 0.976 0.985 0.996 1.000 1.000 1.000
     38       3.369    0.992 0.127      0.239 0.262 0.281 0.321 0.334 0.581 0.652 0.703 0.943 0.975 0.985 0.995 1.000 1.000 1.000
     39       3.568    0.993 0.120      0.232 0.255 0.274 0.314 0.327 0.575 0.647 0.698 0.940 0.973 0.983 0.994 1.000 1.000 1.000

  R CORE   ENERGY   A0R/A00=1.000    R3= 0     2  
   2( 1)    0.732                    1.000 0.000
   2( 2)  487.921                    0.000 1.000

  R CORE   ENERGY   A0R/A00=1.000    R3= 0     2  
   3( 1)  488.652                    0.000 1.000

  R CORE   ENERGY   A0R/A00=1.000    R3= 0     2     4  
   4( 1)    2.438                    1.000 0.000 0.000

  R CORE   ENERGY   A0R/A00=1.000    R3= 0     2     4  
   5( 1)  490.847                    0.000 1.000 0.000

  R CORE   ENERGY   A0R/A00=1.000    R3= 0     2     4     6  
   6( 1)    5.121                    1.000 0.000 0.000 0.000

  R CORE   ENERGY   A0R/A00=1.000    R3= 0     2     4     6  
   7( 1)  494.017                    0.000 1.000 0.000 0.000

          AXIAL SYMMETRY => K RESTRICTED TO OMEGA

                     K
     S.P. ORB#: 25 -5.50
     S.P. ORB#: 26  0.50
     S.P. ORB#: 27  2.50
     S.P. ORB#: 28 -3.50
     S.P. ORB#: 29 -1.50
     S.P. ORB#: 30  0.50
     S.P. ORB#: 31 -1.50
     S.P. ORB#: 32  2.50
     S.P. ORB#: 33 -3.50
     S.P. ORB#: 34  0.50
     S.P. ORB#: 35  4.50
     S.P. ORB#: 36 -3.50
     S.P. ORB#: 37  0.50
     S.P. ORB#: 38 -1.50
     S.P. ORB#: 39 -1.50
 

             ENERGY    K= OMEGA
 
 I=  1/2- (1)  2.327  30:-1.000
 
 I=  1/2- (2)  4.246  26:-0.193
                      34: 0.914
                      37:-0.357
 
 I=  1/2- (3)  7.224  26:-0.328
                      34: 0.283
                      37: 0.901
 
 I=  1/2- (4)  9.462  26: 0.925
                      34: 0.291
                      37: 0.245
 
 I=  1/2- (5)147.225  31:-1.000

             ENERGY    K= OMEGA
 
 I=  3/2- (1)  2.234  30:-0.462
                      31: 0.886
 
 I=  3/2- (2)  2.592  30:-0.866
                      31:-0.458
                      38:-0.201
 
 I=  3/2- (3)  4.035  26: 0.262
                      29: 0.065
                      34:-0.924
                      37:-0.114
                      39: 0.247
 
 I=  3/2- (4)  4.058  30: 0.189
                      31: 0.071
                      38:-0.979
 
 I=  3/2- (5)  6.238  26: 0.721
                      29: 0.633
                      34: 0.272
                      39: 0.071

             ENERGY    K= OMEGA
 
 I=  5/2- (1)  2.791  30:-0.454
                      31:-0.888
                      38: 0.065
 
 I=  5/2- (2)  3.350  27:-0.063
                      30: 0.828
                      31:-0.445
                      38:-0.335
 
 I=  5/2- (3)  4.282  26: 0.146
                      29:-0.056
                      34:-0.800
                      37: 0.497
                      39:-0.298
 
 I=  5/2- (4)  4.509  27:-0.952
                      30:-0.128
                      31: 0.094
                      38:-0.263
 
 I=  5/2- (5)  4.799  27: 0.297
                      30:-0.303
                      31: 0.074
                      38:-0.902

             ENERGY    K= OMEGA
 
 I=  7/2- (1)  1.943  27: 0.151
                      33:-0.988
 
 I=  7/2- (2)  3.422  30:-0.698
                      31: 0.692
                      38:-0.177
 
 I=  7/2- (3)  4.031  27: 0.166
                      28: 0.417
                      30:-0.561
                      31:-0.626
                      38:-0.301
 
 I=  7/2- (4)  4.101  27: 0.121
                      28: 0.890
                      30: 0.265
                      31: 0.325
                      38: 0.129
 
 I=  7/2- (5)  4.103  29:-0.146
                      32:-0.193
                      34:-0.863
                      36:-0.083
                      37:-0.229
                      39: 0.371

             ENERGY    K= OMEGA
 
 I=  9/2- (1)  2.415  27:-0.087
                      28: 0.165
                      33:-0.366
                      35:-0.912
 
 I=  9/2- (2)  3.027  27: 0.201
                      28: 0.099
                      33: 0.904
                      35:-0.364
 
 I=  9/2- (3)  4.539  27: 0.053
                      30: 0.584
                      31: 0.788
                      38:-0.184
 
 I=  9/2- (4)  4.769  26: 0.165
                      29:-0.519
                      32: 0.680
                      34: 0.215
                      36:-0.399
                      37:-0.124
                      39: 0.142
 
 I=  9/2- (5)  5.057  26:-0.169
                      29: 0.185
                      32:-0.154
                      34: 0.713
                      36: 0.097
                      37:-0.530
                      39: 0.340

             ENERGY    K= OMEGA
 
 I= 11/2- (1)  3.520  26: 0.568
                      29: 0.573
                      32: 0.478
                      34: 0.226
                      36: 0.228
                      37: 0.066
                      39:-0.114
 
 I= 11/2- (2)  3.558  27:-0.135
                      28:-0.224
                      33: 0.447
                      35:-0.854
 
 I= 11/2- (3)  4.334  27:-0.237
                      28: 0.147
                      33: 0.850
                      35: 0.443
 
 I= 11/2- (4)  5.021  26: 0.273
                      29: 0.124
                      34:-0.814
                      37:-0.277
                      39: 0.410
 
 I= 11/2- (5)  5.099  25: 0.999

             ENERGY    K= OMEGA
 
 I= 13/2- (1)  4.934  27: 0.174
                      28:-0.265
                      33: 0.488
                      35: 0.812
 
 I= 13/2- (2)  5.308  26: 0.198
                      29:-0.552
                      32: 0.680
                      34: 0.116
                      36:-0.406
                      39: 0.113
 
 I= 13/2- (3)  5.872  25:-0.054
                      27:-0.266
                      28:-0.185
                      33:-0.811
                      35: 0.483
 
 I= 13/2- (4)  6.686  25: 0.998
                      35: 0.054
 
 I= 13/2- (5)  6.720  26:-0.135
                      29: 0.115
                      32:-0.060
                      34: 0.705
                      37:-0.565
                      39: 0.383

             ENERGY     K=-3/2
  35 LEVELS    TIME=  0.0 SEC



 ******************* EXCITATION ENERGIES, DOMINANT CONFIGURATION AND EXPECTATION VALUES (WITH S.P. UU+VV FACTORS) *******************

  NR  Eex(keV)  I   Kdom  NY    <Jz>  <Jx**2> <Jy**2> <Jz**2> <I.j>/|I|  <Rx**2> <Ry**2> <Rz**2> <R.j>/|R|  <HROTx> <HROTy> <HROTz>

   1    0.0   7/2-  -7/2  33   -3.36    2.30    2.30   12.11    3.21       3.48    3.48    0.00   -1.50      0.425   0.425   0.000
   2  290.6   3/2-  -3/2  31   -1.07    4.99    4.99    1.82    1.28       5.29    5.29    0.00   -2.86      0.645   0.645   0.000
   3  384.1   1/2-   1/2  30    0.50    4.96    4.96    0.25    0.09       5.38    5.38    0.00   -3.07      0.656   0.656   0.000
   4  472.1   9/2-   9/2  35    3.19    2.50    2.50   18.85    4.10       3.93    3.93   -0.00   -1.24      0.479   0.479  -0.000
   5  648.6   3/2-   1/2  30    0.00    4.76    4.76    0.75    0.44       6.15    6.15    0.00   -2.68      0.750   0.750   0.000
  
   6  847.7   5/2-  -3/2  31   -1.08    5.00    5.00    1.85    0.94       7.53    7.53    0.00   -2.34      0.918   0.918   0.000
   7 1083.6   9/2-  -7/2  33   -2.19    2.37    2.37   13.06    2.76       7.53    7.53    0.00   -1.04      0.918   0.918   0.000
   8 1406.3   5/2-   1/2  30   -0.11    4.50    4.50    0.89    0.27       8.54    8.54    0.00   -2.20      1.041   1.041   0.000
   9 1478.9   7/2-   1/2  30   -0.52    4.96    4.96    1.28    0.94       9.74    9.74    0.00   -1.69      1.187   1.187   0.000
  10 1576.9  11/2-  -3/2  29    0.07   23.69   23.69    2.93    6.23       5.80    5.80    0.00   -3.84      0.707   0.707   0.000
  
  11 1614.6  11/2-   9/2  35    2.45    2.66    2.66   18.00    3.50       8.60    8.60   -0.00   -0.58      1.048   1.048  -0.000
  12 2088.1   7/2-  -3/2  31   -1.11    4.78    4.78    3.48    0.95      10.61   10.61    0.00   -2.01      1.294   1.294   0.000
  13 2091.7   3/2-   1/2  34    0.37   12.67   12.67    0.38    2.46       9.97    9.97    0.00   -4.69      1.216   1.216   0.000
  14 2114.7   3/2-  -3/2  38   -1.43    2.01    2.01    2.18    0.90       3.22    3.22   -0.00   -1.75      0.393   0.393  -0.000
  15 2158.1   7/2-  -7/2  28   -2.89    5.92    5.92   10.10    2.57       8.64    8.64    0.00   -2.82      1.053   1.053   0.000
  
  16 2160.1   7/2-   1/2  34    0.23   15.88   15.88    0.87    3.64       9.73    9.73    0.00   -4.12      1.186   1.186   0.000
  17 2302.7   1/2-   1/2  34    0.50   11.11   11.11    0.25    1.03      10.72   10.72    0.00   -4.66      1.307   1.307   0.000
  18 2339.0   5/2-   1/2  34    0.32   11.58   11.58    0.43    2.36       9.20    9.20    0.00   -3.88      1.121   1.121   0.000
  19 2391.1  11/2-  -7/2  33   -1.59    2.45    2.45   13.49    2.42      12.60   12.60    0.00   -0.78      1.536   1.536   0.000
  20 2565.4   5/2-   5/2  27    2.16    5.77    5.77    5.84    1.96       7.26    7.26    0.00   -3.04      0.885   0.885   0.000
  
  21 2595.5   9/2-  -3/2  31   -0.81    4.97    4.97    1.59    0.77      14.34   14.34    0.00   -1.44      1.748   1.748   0.000
  22 2825.3   9/2-   5/2  32    0.21   23.38   23.38    5.51    5.07      13.26   13.26    0.00   -5.25      1.617   1.617   0.000
  23 2855.2   5/2-  -3/2  38   -0.96    2.56    2.56    2.42    0.38       7.03    7.03   -0.00   -1.71      0.857   0.857  -0.000
  24 2990.8  13/2-   9/2  35    1.95    2.81    2.81   17.37    3.11      14.19   14.19   -0.00   -0.25      1.730   1.730  -0.000
  25 3077.7  11/2-   1/2  34    0.13   13.78   13.78    0.63    3.27      12.44   12.44    0.00   -1.74      1.516   1.516   0.000
  
  26 3113.3   9/2-   1/2  34    0.21   12.32   12.32    0.80    2.69      11.72   11.72    0.00   -2.49      1.429   1.429   0.000
  27 3155.2  11/2- -11/2  25   -5.48    2.75    2.75   30.22    5.05       5.53    5.53    0.00   -1.66      0.675   0.675   0.000
  28 3364.3  13/2-   5/2  32    0.13   23.81   23.81    5.64    5.09      15.43   15.43    0.00   -3.18      1.882   1.882   0.000
  29 3928.3  13/2-  -7/2  33   -1.21    2.54    2.54   13.72    2.16      18.66   18.66    0.00   -0.60      2.275   2.275   0.000
  30 4294.3   3/2-   1/2  26   -0.31   22.64   22.64    1.06    5.14      15.10   15.10    0.00   -6.62      1.841   1.841   0.000
  
  31 4742.6  13/2- -11/2  25   -5.47    2.75    2.75   30.18    4.32      12.06   12.06    0.00   -1.13      1.471   1.471   0.000
  32 4776.6  13/2-   1/2  34    0.18   12.08   12.08    0.62    2.68      18.07   18.07    0.00   -1.01      2.203   2.203   0.000
  33 5280.6   1/2-   1/2  37    0.50   15.89   15.89    0.25   -0.59      16.90   16.90    0.00   -5.60      2.060   2.060   0.000
  34 7518.3   1/2-   1/2  26    0.50   23.14   23.14    0.25   -3.44      26.62   26.62    0.00   -6.79      3.246   3.246   0.000
  35*******   1/2-  -3/2  31    0.00    0.00    0.00    0.00    0.00       0.00    0.00    0.00   -0.00      0.000   0.000   0.000
  
