1SPECTRUM OF (Z= 82 A=207) IN PARTICLE-ROTOR  MODEL WITH MODIFIED OSCILLATOR POTENTIAL


 PARITY=-   EPS= 0.166   GAMMA=  0.0   EPS4=0.000   EPS6=0.000   LEVELS:  25  26  27  28  29  30  31  32  33  34  35  36  37  38  39

 PAIRING FACTORS: GN0= 19.20  GN1=  7.40  IPAIR= 15 ***  E2PLUS(INPUT)=   0.730  E2PLUR(INPUT)=   0.000

 CORIOLIS ATTENUATION PARAMETERS:  CHSI=1.000  ETA=  1.00

 MOMENT OF INERTIA PARAMETERS:   A1=  0.122 MEV   A2=  0.122 MEV   A3=121.91923 MEV


 DELTA=0.870 MEV  LAMBDA=53.4211 MEV   HW0= 7.4346 MEV   LAMBDA/HW0= 7.1855

 E2ENERGY=0.730 MEV  HBAR**2/B= 5109./A**(7/3)= 863.7/A**2 MEV

 IREC=0  =>  RECOIL TERMS j+j-, j+j+, jzjz, ETC TREATED AS ONE-BODY OPERATORS WITH UU+VV PAIRING FACTORS



 S. P. LEVEL   EQP       U     V        (UU + VV)**1.00

     25       4.348    0.101 0.995      1.000 1.000 1.000 0.999 0.997 0.995 0.993 0.845 0.748 0.493 0.340 0.313 0.276 0.241 0.212
     26       3.853    0.114 0.994      1.000 1.000 1.000 1.000 0.998 0.996 0.994 0.852 0.756 0.505 0.352 0.326 0.288 0.253 0.225
     27       3.781    0.116 0.993      1.000 1.000 1.000 1.000 0.998 0.996 0.994 0.853 0.758 0.507 0.354 0.328 0.291 0.256 0.227
     28       3.046    0.144 0.990      0.999 1.000 1.000 1.000 0.999 0.998 0.997 0.868 0.776 0.531 0.381 0.355 0.318 0.283 0.255
     29       2.506    0.176 0.984      0.997 0.998 0.998 0.999 1.000 1.000 0.999 0.883 0.796 0.559 0.411 0.385 0.349 0.314 0.287
     30       2.190    0.203 0.979      0.995 0.996 0.996 0.998 1.000 1.000 1.000 0.896 0.812 0.581 0.435 0.410 0.374 0.340 0.312
     31       2.031    0.220 0.976      0.993 0.994 0.994 0.997 0.999 1.000 1.000 0.903 0.822 0.594 0.450 0.425 0.389 0.356 0.328
     32       0.896    0.617 0.787      0.845 0.852 0.853 0.868 0.883 0.896 0.903 1.000 0.987 0.882 0.790 0.773 0.747 0.723 0.702
     33       0.873    0.736 0.677      0.748 0.756 0.758 0.776 0.796 0.812 0.822 0.987 1.000 0.947 0.879 0.865 0.845 0.825 0.808
     34       1.179    0.915 0.403      0.493 0.505 0.507 0.531 0.559 0.581 0.594 0.882 0.947 1.000 0.986 0.981 0.972 0.963 0.955
     35       1.842    0.970 0.243      0.340 0.352 0.354 0.381 0.411 0.435 0.450 0.790 0.879 0.986 1.000 1.000 0.998 0.995 0.991
     36       2.062    0.976 0.216      0.313 0.326 0.328 0.355 0.385 0.410 0.425 0.773 0.865 0.981 1.000 1.000 0.999 0.997 0.995
     37       2.487    0.984 0.178      0.276 0.288 0.291 0.318 0.349 0.374 0.389 0.747 0.845 0.972 0.998 0.999 1.000 0.999 0.998
     38       3.097    0.990 0.142      0.241 0.253 0.256 0.283 0.314 0.340 0.356 0.723 0.825 0.963 0.995 0.997 0.999 1.000 1.000
     39       3.871    0.994 0.113      0.212 0.225 0.227 0.255 0.287 0.312 0.328 0.702 0.808 0.955 0.991 0.995 0.998 1.000 1.000

  R CORE   ENERGY   A0R/A00=1.000    R3= 0     2  
   2( 1)    0.732                    1.000 0.000
   2( 2)  487.921                    0.000 1.000

  R CORE   ENERGY   A0R/A00=1.000    R3= 0     2  
   3( 1)  488.652                    0.000 1.000

  R CORE   ENERGY   A0R/A00=1.000    R3= 0     2     4  
   4( 1)    2.438                    1.000 0.000 0.000

  R CORE   ENERGY   A0R/A00=1.000    R3= 0     2     4  
   5( 1)  490.847                    0.000 1.000 0.000

  R CORE   ENERGY   A0R/A00=1.000    R3= 0     2     4     6  
   6( 1)    5.121                    1.000 0.000 0.000 0.000

  R CORE   ENERGY   A0R/A00=1.000    R3= 0     2     4     6  
   7( 1)  494.017                    0.000 1.000 0.000 0.000

          AXIAL SYMMETRY => K RESTRICTED TO OMEGA

                     K
     S.P. ORB#: 25  2.50
     S.P. ORB#: 26 -3.50
     S.P. ORB#: 27  0.50
     S.P. ORB#: 28 -3.50
     S.P. ORB#: 29  4.50
     S.P. ORB#: 30  0.50
     S.P. ORB#: 31 -1.50
     S.P. ORB#: 32 -1.50
     S.P. ORB#: 33  2.50
     S.P. ORB#: 34  0.50
     S.P. ORB#: 35  0.50
     S.P. ORB#: 36 -1.50
     S.P. ORB#: 37  2.50
     S.P. ORB#: 38 -3.50
     S.P. ORB#: 39  4.50
 

             ENERGY    K= OMEGA
 
 I=  1/2- (1)  1.408  27:-0.064
                      34:-0.998
 
 I=  1/2- (2)  3.180  30: 1.000
 
 I=  1/2- (3)  4.858  27: 0.998
                      34:-0.064
 
 I=  1/2- (4) 10.001  35: 1.000
 
 I=  1/2- (5)147.199  32:-1.000

             ENERGY    K= OMEGA
 
 I=  3/2- (1)  1.355  27: 0.053
                      30: 0.199
                      31: 0.119
                      32: 0.966
                      34:-0.096
 
 I=  3/2- (2)  2.074  30:-0.132
                      31:-0.104
                      32: 0.137
                      34: 0.976
 
 I=  3/2- (3)  3.029  27: 0.109
                      30:-0.272
                      31: 0.952
                      32:-0.060
                      34: 0.071
 
 I=  3/2- (4)  3.380  27:-0.403
                      30:-0.860
                      31:-0.175
                      32: 0.205
                      34:-0.159
 
 I=  3/2- (5)  5.968  27: 0.907
                      30:-0.360
                      31:-0.198
                      34:-0.085

             ENERGY    K= OMEGA
 
 I=  5/2- (1)  1.336  27: 0.052
                      30:-0.132
                      31:-0.191
                      32: 0.379
                      33: 0.891
                      34:-0.080
 
 I=  5/2- (2)  1.955  30:-0.242
                      31: 0.163
                      32: 0.879
                      33:-0.373
 
 I=  5/2- (3)  2.093  30:-0.117
                      31:-0.158
                      33:-0.127
                      34:-0.972
 
 I=  5/2- (4)  3.238  27: 0.403
                      30:-0.463
                      31:-0.733
                      32:-0.083
                      33:-0.196
                      34: 0.201
 
 I=  5/2- (5)  4.538  27:-0.065
                      30: 0.790
                      31:-0.535
                      32: 0.269
                      33:-0.109

             ENERGY    K= OMEGA
 
 I=  7/2- (1)  1.962  30: 0.173
                      31:-0.228
                      32: 0.470
                      33:-0.833
 
 I=  7/2- (2)  2.583  25:-0.062
                      27:-0.182
                      30:-0.362
                      31:-0.291
                      32:-0.729
                      33:-0.407
                      34: 0.216
 
 I=  7/2- (3)  3.689  25:-0.117
                      26:-0.053
                      27: 0.064
                      28: 0.345
                      30: 0.129
                      31: 0.177
                      32:-0.271
                      33:-0.171
                      34:-0.843
 
 I=  7/2- (4)  3.790  25: 0.224
                      26: 0.109
                      28:-0.893
                      32:-0.142
                      33:-0.088
                      34:-0.334
 
 I=  7/2- (5)  4.275  35: 0.716
                      36: 0.576
                      37: 0.362
                      38: 0.159

             ENERGY    K= OMEGA
 
 I=  9/2- (1)  2.604  26:-0.069
                      27: 0.177
                      29: 0.077
                      30:-0.304
                      31:-0.363
                      32: 0.460
                      33: 0.693
                      34:-0.198
 
 I=  9/2- (2)  3.231  25: 0.091
                      26: 0.261
                      28: 0.210
                      29:-0.931
                      31:-0.054
                      34:-0.059
 
 I=  9/2- (3)  3.731  27: 0.064
                      29: 0.057
                      30:-0.114
                      31:-0.207
                      32:-0.265
                      33:-0.259
                      34:-0.894
 
 I=  9/2- (4)  3.778  25: 0.106
                      28: 0.124
                      30: 0.329
                      31:-0.225
                      32:-0.723
                      33: 0.533
                      34: 0.071
 
 I=  9/2- (5)  4.689  25:-0.323
                      26: 0.143
                      28:-0.899
                      29:-0.195
                      30: 0.051
                      31:-0.084
                      32:-0.122
                      33: 0.056

             ENERGY    K= OMEGA
 
 I= 11/2- (1)  2.985  35:-0.650
                      36:-0.563
                      37:-0.420
                      38:-0.262
                      39:-0.122
 
 I= 11/2- (2)  3.802  25: 0.086
                      26:-0.158
                      28:-0.085
                      29:-0.254
                      30: 0.249
                      31:-0.283
                      32: 0.510
                      33:-0.703
 
 I= 11/2- (3)  4.196  25: 0.129
                      26:-0.310
                      28:-0.274
                      29:-0.844
                      30:-0.096
                      31: 0.103
                      32:-0.170
                      33: 0.224
 
 I= 11/2- (4)  4.541  25:-0.085
                      27:-0.295
                      28: 0.086
                      30:-0.431
                      31:-0.395
                      32:-0.566
                      33:-0.413
                      34: 0.253
 
 I= 11/2- (5)  5.792  25: 0.377
                      26: 0.176
                      27:-0.091
                      28:-0.833
                      29: 0.267
                      30:-0.100
                      31:-0.109
                      34: 0.166

             ENERGY    K= OMEGA
 
 I= 13/2- (1)  4.548  35: 0.179
                      36:-0.472
                      37: 0.598
                      38:-0.535
                      39: 0.319
 
 I= 13/2- (2)  4.583  25:-0.069
                      26:-0.105
                      27: 0.282
                      28:-0.055
                      29: 0.127
                      30:-0.396
                      31:-0.440
                      32: 0.426
                      33: 0.547
                      34:-0.234
 
 I= 13/2- (3)  5.323  25: 0.189
                      26: 0.379
                      27: 0.081
                      28: 0.329
                      29:-0.819
                      30:-0.100
                      31:-0.112
                      34:-0.094
 
 I= 13/2- (4)  6.372  27: 0.095
                      29: 0.105
                      30:-0.090
                      31:-0.188
                      32:-0.371
                      33:-0.350
                      34:-0.822
 
 I= 13/2- (5)  6.493  25:-0.183
                      26: 0.098
                      28:-0.249
                      29:-0.084
                      30:-0.346
                      31: 0.267
                      32: 0.613
                      33:-0.562
                      34:-0.075

             ENERGY     K= 9/2
  35 LEVELS    TIME=  0.0 SEC



 ******************* EXCITATION ENERGIES, DOMINANT CONFIGURATION AND EXPECTATION VALUES (WITH S.P. UU+VV FACTORS) *******************

  NR  Eex(keV)  I   Kdom  NY    <Jz>  <Jx**2> <Jy**2> <Jz**2> <I.j>/|I|  <Rx**2> <Ry**2> <Rz**2> <R.j>/|R|  <HROTx> <HROTy> <HROTz>

   1    0.0   5/2-   5/2  33    1.73    1.83    1.83    5.37    2.47       1.58    1.58   -0.00   -0.96      0.193   0.193  -0.000
   2   19.2   3/2-  -3/2  32   -1.40    1.49    1.49    2.15    1.48       1.56    1.56   -0.00   -1.27      0.191   0.191  -0.000
   3   71.3   1/2-   1/2  34    0.50    1.12    1.12    0.25    0.84       0.90    0.90    0.00   -1.32      0.109   0.109   0.000
   4  618.4   5/2-  -3/2  32   -0.82    1.52    1.52    2.70    1.13       3.89    3.89    0.00   -0.85      0.474   0.474   0.000
   5  625.7   7/2-   5/2  33    1.33    1.94    1.94    4.99    2.09       4.01    4.01   -0.00   -0.20      0.489   0.489  -0.000
  
   6  737.8   3/2-   1/2  34    0.44    1.21    1.21    0.31   -0.18       3.58    3.58    0.00   -1.15      0.437   0.437   0.000
   7  756.7   5/2-   1/2  34    0.48    1.39    1.39    0.40    0.79       3.63    3.63    0.00   -0.31      0.442   0.442   0.000
   8 1246.8   7/2-  -3/2  32   -0.40    1.65    1.65    2.53    1.38       5.31    5.31   -0.00   -0.11      0.648   0.648  -0.000
   9 1267.7   9/2-   5/2  33    0.78    2.69    2.69    4.01    2.35       5.41    5.41    0.00    0.69      0.659   0.659   0.000
  10 1648.4  11/2-   1/2  35    0.00   28.40   28.40    3.07    7.42       3.45    3.45    0.00   -5.90      0.421   0.421   0.000
  
  11 1692.6   3/2-  -3/2  31   -1.32    3.85    3.85    2.07    1.43       3.99    3.99   -0.00   -2.48      0.487   0.487  -0.000
  12 1844.2   1/2-   1/2  30    0.50    3.93    3.93    0.25    0.43       4.05    4.05    0.00   -2.72      0.494   0.494   0.000
  13 1895.0   9/2-   9/2  29    3.53    2.72    2.72   19.00    4.45       2.48    2.48    0.00   -1.04      0.303   0.303   0.000
  14 1901.3   5/2-  -3/2  31   -0.51    3.74    3.74    1.57    1.66       4.00    4.00   -0.00   -1.47      0.487   0.487  -0.000
  15 2043.3   3/2-   1/2  30    0.35    3.14    3.14    0.40    0.54       4.17    4.17   -0.00   -1.95      0.508   0.508  -0.000
  
  16 2352.5   7/2-   1/2  34   -0.11    1.64    1.64    2.17    0.38       9.08    9.08    0.00   -0.92      1.107   1.107   0.000
  17 2394.5   9/2-   1/2  34    0.42    1.53    1.53    0.95    0.81      10.36   10.36   -0.00    0.00      1.263   1.263  -0.000
  18 2441.4   9/2-  -3/2  32   -0.13    1.70    1.70    3.38    1.02      10.70   10.70   -0.00   -0.37      1.305   1.305  -0.000
  19 2453.3   7/2-  -7/2  28   -2.66    2.23    2.23   10.35    2.88       3.85    3.85    0.00   -1.22      0.469   0.469   0.000
  20 2465.7  11/2-   5/2  33    0.95    2.39    2.39    5.61    2.12      10.37   10.37    0.00    0.51      1.264   1.264   0.000
  
  21 2859.5  11/2-   9/2  29    2.72    2.92    2.92   17.04    3.79       6.67    6.67    0.00   -0.06      0.813   0.813   0.000
  22 2939.0   7/2-   1/2  35   -0.00   28.80   28.80    2.00    7.18       9.20    9.20    0.00   -7.26      1.122   1.122   0.000
  23 3202.0   5/2-   1/2  30   -0.19    3.99    3.99    1.05   -0.45      10.22   10.22   -0.00   -2.29      1.247   1.247  -0.000
  24 3204.9  11/2-  -3/2  32   -0.13    1.98    1.98    2.38    1.52      11.96   11.96   -0.00    0.56      1.458   1.458  -0.000
  25 3211.6  13/2-   5/2  37    0.03   26.41   26.41    8.30    6.77       7.63    7.63   -0.00   -3.54      0.931   0.931  -0.000
  
  26 3247.0  13/2-   5/2  33    0.37    3.42    3.42    3.32    2.49      12.08   12.08   -0.00    1.47      1.473   1.473  -0.000
  27 3353.0   9/2-  -7/2  28   -2.49    2.52    2.52   11.65    2.88       6.40    6.40    0.00   -0.66      0.780   0.780   0.000
  28 3521.4   1/2-   1/2  27    0.50    4.53    4.53    0.25    0.66       4.46    4.46    0.00   -2.93      0.544   0.544   0.000
  29 3986.3  13/2-   9/2  29    2.23    3.37    3.37   16.95    3.71      10.32   10.32    0.00    0.49      1.259   1.259   0.000
  30 4455.7  11/2-  -7/2  28   -1.85    2.66    2.66   11.27    2.56      10.86   10.86   -0.00   -0.28      1.324   1.324  -0.000
  
  31 4631.3   3/2-   1/2  27    0.42    5.20    5.20    0.33   -1.52      10.19   10.19   -0.00   -3.03      1.242   1.242  -0.000
  32 5035.8  13/2-   1/2  34    0.45    1.56    1.56    1.56    0.78      21.28   21.28   -0.00    0.12      2.595   2.595  -0.000
  33 5157.2  13/2-  -3/2  32    0.05    1.86    1.86    4.24    1.08      20.82   20.82   -0.00   -0.07      2.539   2.539  -0.000
  34 8664.5   1/2-   1/2  35    0.50   29.38   29.38    0.25   -4.13      33.46   33.46   -0.00   -7.65      4.079   4.079  -0.000
  35*******   1/2-  -3/2  32    0.00    0.00    0.00    0.00   -0.00       0.00    0.00   -0.00   -0.00      0.000   0.000  -0.000
  
