1SPECTRUM OF (Z= 82 A=207) IN PARTICLE-ROTOR  MODEL WITH MODIFIED OSCILLATOR POTENTIAL


 PARITY=-   EPS= 0.282   GAMMA=  0.0   EPS4=0.000   EPS6=0.000   LEVELS:  24  25  26  27  28  29  30  31  32  33  34  35  36  37  38

 PAIRING FACTORS: GN0= 19.20  GN1=  7.40  IPAIR= 15 ***  E2PLUS(INPUT)=   0.730  E2PLUR(INPUT)=   0.000

 CORIOLIS ATTENUATION PARAMETERS:  CHSI=1.000  ETA=  1.00

 MOMENT OF INERTIA PARAMETERS:   A1=  0.122 MEV   A2=  0.122 MEV   A3=121.91924 MEV


 DELTA=0.950 MEV  LAMBDA=53.3073 MEV   HW0= 7.4818 MEV   LAMBDA/HW0= 7.1249

 E2ENERGY=0.730 MEV  HBAR**2/B=14745./A**(7/3)=2492.7/A**2 MEV

 IREC=0  =>  RECOIL TERMS j+j-, j+j+, jzjz, ETC TREATED AS ONE-BODY OPERATORS WITH UU+VV PAIRING FACTORS



 S. P. LEVEL   EQP       U     V        (UU + VV)**1.00

     24       5.058    0.094 0.996      1.000 1.000 0.999 0.998 0.975 0.966 0.966 0.904 0.879 0.699 0.420 0.360 0.326 0.276 0.270
     25       4.114    0.116 0.993      1.000 1.000 1.000 0.999 0.980 0.972 0.971 0.913 0.889 0.715 0.440 0.381 0.346 0.297 0.291
     26       3.544    0.135 0.991      0.999 1.000 1.000 1.000 0.984 0.976 0.976 0.921 0.898 0.728 0.457 0.398 0.364 0.315 0.309
     27       2.992    0.161 0.987      0.998 0.999 1.000 1.000 0.988 0.981 0.981 0.930 0.909 0.746 0.480 0.422 0.388 0.340 0.334
     28       1.604    0.312 0.950      0.975 0.980 0.984 0.988 1.000 0.999 0.999 0.976 0.962 0.840 0.610 0.557 0.526 0.481 0.476
     29       1.458    0.347 0.938      0.966 0.972 0.976 0.981 0.999 1.000 1.000 0.984 0.972 0.860 0.639 0.588 0.558 0.514 0.509
     30       1.453    0.349 0.937      0.966 0.971 0.976 0.981 0.999 1.000 1.000 0.984 0.972 0.861 0.640 0.589 0.559 0.515 0.510
     31       1.081    0.511 0.859      0.904 0.913 0.921 0.930 0.976 0.984 0.984 1.000 0.998 0.938 0.768 0.725 0.699 0.661 0.656
     32       1.026    0.558 0.830      0.879 0.889 0.898 0.909 0.962 0.972 0.972 0.998 1.000 0.956 0.802 0.762 0.737 0.701 0.697
     33       0.972    0.778 0.629      0.699 0.715 0.728 0.746 0.840 0.860 0.861 0.938 0.956 1.000 0.942 0.919 0.903 0.880 0.877
     34       1.517    0.943 0.332      0.420 0.440 0.457 0.480 0.610 0.639 0.640 0.768 0.802 0.942 1.000 0.998 0.995 0.988 0.987
     35       1.824    0.963 0.271      0.360 0.381 0.398 0.422 0.557 0.588 0.589 0.725 0.762 0.919 0.998 1.000 0.999 0.996 0.995
     36       2.081    0.972 0.235      0.326 0.346 0.364 0.388 0.526 0.558 0.559 0.699 0.737 0.903 0.995 0.999 1.000 0.999 0.998
     37       2.626    0.983 0.184      0.276 0.297 0.315 0.340 0.481 0.514 0.515 0.661 0.701 0.880 0.988 0.996 0.999 1.000 1.000
     38       2.717    0.984 0.178      0.270 0.291 0.309 0.334 0.476 0.509 0.510 0.656 0.697 0.877 0.987 0.995 0.998 1.000 1.000

  R CORE   ENERGY   A0R/A00=1.000    R3= 0     2  
   2( 1)    0.732                    1.000 0.000
   2( 2)  487.921                    0.000 1.000

  R CORE   ENERGY   A0R/A00=1.000    R3= 0     2  
   3( 1)  488.652                    0.000 1.000

  R CORE   ENERGY   A0R/A00=1.000    R3= 0     2     4  
   4( 1)    2.438                    1.000 0.000 0.000

  R CORE   ENERGY   A0R/A00=1.000    R3= 0     2     4  
   5( 1)  490.847                    0.000 1.000 0.000

  R CORE   ENERGY   A0R/A00=1.000    R3= 0     2     4     6  
   6( 1)    5.121                    1.000 0.000 0.000 0.000

  R CORE   ENERGY   A0R/A00=1.000    R3= 0     2     4     6  
   7( 1)  494.017                    0.000 1.000 0.000 0.000

          AXIAL SYMMETRY => K RESTRICTED TO OMEGA

                     K
     S.P. ORB#: 24  2.50
     S.P. ORB#: 25  0.50
     S.P. ORB#: 26  2.50
     S.P. ORB#: 27 -3.50
     S.P. ORB#: 28  0.50
     S.P. ORB#: 29 -3.50
     S.P. ORB#: 30 -1.50
     S.P. ORB#: 31  4.50
     S.P. ORB#: 32  0.50
     S.P. ORB#: 33 -1.50
     S.P. ORB#: 34  2.50
     S.P. ORB#: 35 -1.50
     S.P. ORB#: 36  2.50
     S.P. ORB#: 37 -3.50
     S.P. ORB#: 38  0.50
 

             ENERGY    K= OMEGA
 
 I=  1/2- (1)  2.774  28:-0.990
                      38:-0.137
 
 I=  1/2- (2)  3.035  25:-0.067
                      28: 0.135
                      38:-0.989
 
 I=  1/2- (3)  5.576  25: 0.997
                      38:-0.061
 
 I=  1/2- (4)  8.129  32: 1.000
 
 I=  1/2- (5)147.275  33: 1.000

             ENERGY    K= OMEGA
 
 I=  3/2- (1)  2.281  25: 0.105
                      28: 0.371
                      30: 0.233
                      35: 0.887
                      38:-0.105
 
 I=  3/2- (2)  2.631  25:-0.072
                      28: 0.303
                      30:-0.939
                      35: 0.135
                      38: 0.062

             ENERGY    K= OMEGA
 
 I=  5/2- (1)  2.403  25:-0.179
                      28: 0.339
                      30: 0.531
                      35:-0.355
                      36:-0.655
                      38: 0.124
 
 I=  5/2- (2)  2.892  24:-0.056
                      25: 0.133
                      26:-0.059
                      30:-0.556
                      35:-0.789
                      36:-0.084
                      38:-0.192
 
 I=  5/2- (3)  3.022  25:-0.172
                      28: 0.492
                      30: 0.263
                      35:-0.321
                      36: 0.723
                      38: 0.178
 
 I=  5/2- (4)  3.857  25:-0.154
                      28:-0.062
                      30: 0.309
                      36: 0.104
                      38:-0.929
 
 I=  5/2- (5)  4.151  24: 0.057
                      25: 0.100
                      28:-0.768
                      30: 0.425
                      35:-0.380
                      36: 0.168
                      38: 0.211

             ENERGY    K= OMEGA
 
 I=  7/2- (1)  2.212  26:-0.216
                      27: 0.079
                      29: 0.971
 
 I=  7/2- (2)  3.075  27:-0.077
                      28: 0.285
                      30:-0.463
                      35: 0.449
                      36:-0.701
 
 I=  7/2- (3)  3.218  32:-0.737
                      33:-0.572
                      34:-0.335
                      37:-0.131
 
 I=  7/2- (4)  3.322  24:-0.071
                      25: 0.287
                      27: 0.054
                      28: 0.518
                      29:-0.062
                      30: 0.498
                      35: 0.550
                      36: 0.208
                      38:-0.205
 
 I=  7/2- (5)  4.154  24:-0.149
                      27: 0.132
                      28:-0.520
                      30: 0.602
                      35: 0.117
                      36:-0.559

             ENERGY    K= OMEGA
 
 I=  9/2- (1)  1.877  24: 0.059
                      26:-0.059
                      27: 0.252
                      29:-0.169
                      31:-0.949
 
 I=  9/2- (2)  3.100  24: 0.076
                      25:-0.063
                      26: 0.290
                      27: 0.130
                      28: 0.067
                      29: 0.912
                      30: 0.147
                      31:-0.135
                      36:-0.106
 
 I=  9/2- (3)  3.412  24:-0.081
                      25: 0.325
                      26: 0.062
                      28:-0.437
                      29: 0.189
                      30:-0.609
                      31:-0.081
                      35: 0.277
                      36: 0.409
                      38:-0.184
 
 I=  9/2- (4)  4.463  32: 0.244
                      33:-0.607
                      34: 0.646
                      37:-0.394
 
 I=  9/2- (5)  4.606  24:-0.095
                      25: 0.180
                      26:-0.058
                      29: 0.064
                      30:-0.398
                      35:-0.726
                      36:-0.440
                      38:-0.266

             ENERGY    K= OMEGA
 
 I= 11/2- (1)  2.402  32:-0.695
                      33:-0.574
                      34:-0.389
                      37:-0.190
 
 I= 11/2- (2)  2.849  24: 0.104
                      26:-0.096
                      27:-0.352
                      29: 0.220
                      31:-0.897
 
 I= 11/2- (3)  4.210  24:-0.107
                      26:-0.343
                      27: 0.170
                      29: 0.883
                      30: 0.141
                      31: 0.166
                      36: 0.104
 
 I= 11/2- (4)  4.938  24:-0.117
                      25: 0.108
                      26: 0.072
                      27: 0.095
                      28:-0.232
                      29:-0.130
                      30: 0.585
                      31:-0.138
                      35:-0.369
                      36: 0.625
 
 I= 11/2- (5)  5.143  24: 0.082
                      25:-0.359
                      28:-0.617
                      29: 0.133
                      30:-0.385
                      31: 0.065
                      35:-0.513
                      38: 0.219

             ENERGY    K= OMEGA
 
 I= 13/2- (1)  4.014  24: 0.149
                      26:-0.123
                      27: 0.423
                      29:-0.243
                      30: 0.072
                      31:-0.846
 
 I= 13/2- (2)  4.633  32: 0.230
                      33:-0.585
                      34: 0.654
                      37:-0.420
 
 I= 13/2- (3)  5.219  24:-0.138
                      25: 0.381
                      26:-0.138
                      27:-0.091
                      28:-0.425
                      29:-0.314
                      30:-0.594
                      31:-0.066
                      35: 0.188
                      36: 0.319
                      38:-0.187
 
 I= 13/2- (4)  5.617  24:-0.070
                      25:-0.148
                      26:-0.360
                      27:-0.166
                      28: 0.200
                      29:-0.810
                      30: 0.173
                      31: 0.228
                      35:-0.159
                      36:-0.084
                      38: 0.072
 
 I= 13/2- (5)  7.298  24:-0.092
                      25: 0.184
                      29: 0.090
                      30:-0.293
                      35:-0.712
                      36:-0.517
                      38:-0.294

             ENERGY     K= 1/2
  32 LEVELS    TIME=  0.0 SEC



 ******************* EXCITATION ENERGIES, DOMINANT CONFIGURATION AND EXPECTATION VALUES (WITH S.P. UU+VV FACTORS) *******************

  NR  Eex(keV)  I   Kdom  NY    <Jz>  <Jx**2> <Jy**2> <Jz**2> <I.j>/|I|  <Rx**2> <Ry**2> <Rz**2> <R.j>/|R|  <HROTx> <HROTy> <HROTz>

   1    0.0   9/2-   9/2  31    3.75    2.66    2.66   19.41    4.44       2.63    2.63    0.00   -1.14      0.320   0.320   0.000
   2  335.6   7/2-  -7/2  29   -3.20    2.29    2.29   11.93    3.40       2.63    2.63   -0.00   -1.31      0.320   0.320  -0.000
   3  404.3   3/2-  -3/2  35   -1.18    2.04    2.04    1.93    1.52       1.94    1.94   -0.00   -1.56      0.236   0.236  -0.000
   4  524.9  11/2-   1/2  32   -0.00   25.59   25.59    2.25    6.59       5.17    5.17    0.00   -4.36      0.631   0.631   0.000
   5  525.9   5/2-   5/2  36    0.54    3.29    3.29    3.65    2.50       2.09    2.09   -0.00   -1.38      0.254   0.254  -0.000
  
   6  754.2   3/2-  -3/2  30   -1.30    4.59    4.59    2.05    1.46       4.67    4.67   -0.00   -2.75      0.569   0.569  -0.000
   7  897.2   1/2-   1/2  28    0.50    4.56    4.56    0.25    0.42       4.70    4.70    0.00   -2.94      0.573   0.573   0.000
   8  972.1  11/2-   9/2  31    3.07    3.04    3.04   18.56    4.06       5.93    5.93    0.00   -0.11      0.723   0.723   0.000
   9 1015.1   5/2-  -3/2  35   -1.33    2.29    2.29    2.19    1.11       4.48    4.48   -0.00   -1.16      0.546   0.546  -0.000
  10 1144.8   5/2-   5/2  36    1.21    2.97    2.97    3.74    1.67       4.26    4.26   -0.00   -1.62      0.520   0.520  -0.000
  
  11 1158.3   1/2-   1/2  38    0.50    1.44    1.44    0.25    0.67       1.36    1.36    0.00   -1.55      0.166   0.166   0.000
  12 1198.3   7/2-   5/2  36    0.63    2.84    2.84    4.14    1.98       4.94    4.94   -0.00   -0.63      0.602   0.602  -0.000
  13 1223.4   9/2-  -7/2  29   -2.67    2.46    2.46   11.46    2.97       5.77    5.77   -0.00   -0.47      0.704   0.704  -0.000
  14 1340.7   7/2-   1/2  32   -0.00   25.60   25.60    1.78    6.46       8.72    8.72   -0.00   -6.55      1.063   1.063  -0.000
  15 1444.9   7/2-  -3/2  35   -0.53    3.11    3.11    1.73    1.55       5.70    5.70   -0.00   -0.53      0.695   0.695  -0.000
  
  16 1535.6   9/2-  -3/2  30   -0.17    4.38    4.38    2.80    2.46       5.91    5.91   -0.00    0.20      0.721   0.721  -0.000
  17 1980.0   5/2-   1/2  38    0.33    1.75    1.75    0.52    0.45       5.07    5.07   -0.00   -0.85      0.618   0.618  -0.000
  18 2136.9  13/2-   9/2  31    2.48    3.43    3.43   17.65    3.82       9.99    9.99    0.00    0.48      1.217   1.217   0.000
  19 2274.4   5/2-   1/2  28   -0.09    4.07    4.07    1.09   -0.35      10.02   10.02   -0.00   -2.29      1.222   1.222  -0.000
  20 2277.1   7/2-  -3/2  30    0.35    3.53    3.53    3.23    0.85       9.64    9.64   -0.00   -1.57      1.175   1.175  -0.000
  
  21 2333.4  11/2-  -7/2  29   -2.39    2.53    2.53   11.38    2.71       9.92    9.92    0.00   -0.06      1.209   1.209   0.000
  22 2585.7   9/2-   5/2  34   -0.02   25.51   25.51    5.35    5.68      12.32   12.32    0.00   -5.67      1.502   1.502   0.000
  23 2728.9   9/2-  -3/2  35   -0.47    2.11    2.11    2.92    1.05      10.74   10.74   -0.00   -0.42      1.309   1.309  -0.000
  24 2756.1  13/2-   5/2  34   -0.04   25.46   25.46    5.62    5.70      12.85   12.85    0.00   -3.30      1.566   1.566   0.000
  25 3061.4  11/2-   5/2  36    0.33    3.42    3.42    4.35    1.81      12.64   12.64   -0.00   -0.07      1.541   1.541  -0.000
  
  26 3266.5  11/2-   1/2  28   -0.37    3.32    3.32    1.43    1.53      12.74   12.74   -0.00    0.22      1.553   1.553  -0.000
  27 3342.3  13/2-  -3/2  30   -0.41    4.55    4.55    3.24    2.55      12.76   12.76   -0.00    1.08      1.556   1.556  -0.000
  28 3698.8   1/2-   1/2  25    0.50    6.13    6.13    0.25    0.68       6.04    6.04   -0.00   -3.43      0.736   0.736  -0.000
  29 3739.9  13/2-  -7/2  29   -1.85    2.85    2.85   10.46    2.44      15.43   15.43   -0.00    0.15      1.882   1.882  -0.000
  30 5421.4  13/2-  -3/2  35   -0.16    1.97    1.97    3.22    0.92      21.55   21.55   -0.00   -0.12      2.628   2.628  -0.000
  
  31 6251.7   1/2-   1/2  32    0.50   25.38   25.38    0.25   -3.75      29.13   29.13   -0.00   -7.11      3.551   3.551  -0.000
  32*******   1/2-  -3/2  33    0.00    0.00    0.00    0.00   -0.00       0.00    0.00   -0.00   -0.00      0.000   0.000  -0.000
