1SPECTRUM OF (Z= 82 A=207) IN PARTICLE-ROTOR  MODEL WITH MODIFIED OSCILLATOR POTENTIAL


 PARITY=-   EPS= 0.276   GAMMA=  0.0   EPS4=0.000   EPS6=0.000   LEVELS:  24  25  26  27  28  29  30  31  32  33  34  35  36  37  38

 PAIRING FACTORS: GN0= 19.20  GN1=  7.40  IPAIR= 15 ***  E2PLUS(INPUT)=   0.730  E2PLUR(INPUT)=   0.000

 CORIOLIS ATTENUATION PARAMETERS:  CHSI=1.000  ETA=  1.00

 MOMENT OF INERTIA PARAMETERS:   A1=  0.122 MEV   A2=  0.122 MEV   A3=121.91924 MEV


 DELTA=0.948 MEV  LAMBDA=53.3203 MEV   HW0= 7.4787 MEV   LAMBDA/HW0= 7.1296

 E2ENERGY=0.730 MEV  HBAR**2/B=14124./A**(7/3)=2387.7/A**2 MEV

 IREC=0  =>  RECOIL TERMS j+j-, j+j+, jzjz, ETC TREATED AS ONE-BODY OPERATORS WITH UU+VV PAIRING FACTORS



 S. P. LEVEL   EQP       U     V        (UU + VV)**1.00

     24       5.070    0.094 0.996      1.000 1.000 0.999 0.998 0.977 0.972 0.969 0.921 0.853 0.668 0.409 0.374 0.336 0.276 0.274
     25       4.115    0.116 0.993      1.000 1.000 1.000 0.999 0.982 0.977 0.974 0.929 0.865 0.685 0.429 0.395 0.357 0.297 0.295
     26       3.599    0.133 0.991      0.999 1.000 1.000 1.000 0.985 0.980 0.978 0.935 0.873 0.697 0.444 0.410 0.373 0.313 0.312
     27       3.048    0.158 0.988      0.998 0.999 1.000 1.000 0.989 0.985 0.983 0.944 0.885 0.715 0.467 0.433 0.396 0.337 0.335
     28       1.646    0.302 0.953      0.977 0.982 0.985 0.989 1.000 1.000 0.999 0.982 0.944 0.811 0.593 0.562 0.528 0.473 0.471
     29       1.540    0.326 0.945      0.972 0.977 0.980 0.985 1.000 1.000 1.000 0.987 0.952 0.825 0.612 0.582 0.548 0.494 0.493
     30       1.493    0.337 0.941      0.969 0.974 0.978 0.983 0.999 1.000 1.000 0.989 0.956 0.832 0.622 0.592 0.559 0.505 0.504
     31       1.135    0.475 0.880      0.921 0.929 0.935 0.944 0.982 0.987 0.989 1.000 0.989 0.906 0.732 0.706 0.677 0.629 0.627
     32       0.988    0.599 0.801      0.853 0.865 0.873 0.885 0.944 0.952 0.956 0.989 1.000 0.958 0.825 0.803 0.778 0.736 0.735
     33       0.991    0.803 0.596      0.668 0.685 0.697 0.715 0.811 0.825 0.832 0.906 0.958 1.000 0.952 0.940 0.925 0.899 0.898
     34       1.557    0.947 0.321      0.409 0.429 0.444 0.467 0.593 0.612 0.622 0.732 0.825 0.952 1.000 0.999 0.997 0.990 0.990
     35       1.734    0.958 0.285      0.374 0.395 0.410 0.433 0.562 0.582 0.592 0.706 0.803 0.940 0.999 1.000 0.999 0.995 0.994
     36       1.987    0.969 0.246      0.336 0.357 0.373 0.396 0.528 0.548 0.559 0.677 0.778 0.925 0.997 0.999 1.000 0.998 0.998
     37       2.619    0.983 0.184      0.276 0.297 0.313 0.337 0.473 0.494 0.505 0.629 0.736 0.899 0.990 0.995 0.998 1.000 1.000
     38       2.642    0.983 0.182      0.274 0.295 0.312 0.335 0.471 0.493 0.504 0.627 0.735 0.898 0.990 0.994 0.998 1.000 1.000

  R CORE   ENERGY   A0R/A00=1.000    R3= 0     2  
   2( 1)    0.732                    1.000 0.000
   2( 2)  487.921                    0.000 1.000

  R CORE   ENERGY   A0R/A00=1.000    R3= 0     2  
   3( 1)  488.652                    0.000 1.000

  R CORE   ENERGY   A0R/A00=1.000    R3= 0     2     4  
   4( 1)    2.438                    1.000 0.000 0.000

  R CORE   ENERGY   A0R/A00=1.000    R3= 0     2     4  
   5( 1)  490.847                    0.000 1.000 0.000

  R CORE   ENERGY   A0R/A00=1.000    R3= 0     2     4     6  
   6( 1)    5.121                    1.000 0.000 0.000 0.000

  R CORE   ENERGY   A0R/A00=1.000    R3= 0     2     4     6  
   7( 1)  494.017                    0.000 1.000 0.000 0.000

          AXIAL SYMMETRY => K RESTRICTED TO OMEGA

                     K
     S.P. ORB#: 24  2.50
     S.P. ORB#: 25  0.50
     S.P. ORB#: 26  2.50
     S.P. ORB#: 27 -3.50
     S.P. ORB#: 28  0.50
     S.P. ORB#: 29 -3.50
     S.P. ORB#: 30 -1.50
     S.P. ORB#: 31  4.50
     S.P. ORB#: 32  0.50
     S.P. ORB#: 33 -1.50
     S.P. ORB#: 34  2.50
     S.P. ORB#: 35 -1.50
     S.P. ORB#: 36  2.50
     S.P. ORB#: 37  0.50
     S.P. ORB#: 38 -3.50
 

             ENERGY    K= OMEGA
 
 I=  1/2- (1)  2.803  28:-0.965
                      37:-0.260
 
 I=  1/2- (2)  2.938  25:-0.069
                      28: 0.258
                      37:-0.964
 
 I=  1/2- (3)  5.561  25: 0.997
                      37:-0.060
 
 I=  1/2- (4)  8.153  32:-1.000
 
 I=  1/2- (5)147.294  33:-1.000

             ENERGY    K= OMEGA
 
 I=  3/2- (1)  2.210  25: 0.090
                      28: 0.329
                      30: 0.194
                      35: 0.915
                      37:-0.096
 
 I=  3/2- (2)  2.660  25:-0.080
                      28: 0.272
                      30:-0.948
                      35: 0.119
                      37: 0.078

             ENERGY    K= OMEGA
 
 I=  5/2- (1)  2.355  25:-0.156
                      28: 0.305
                      30: 0.463
                      35:-0.395
                      36:-0.707
                      37: 0.108
 
 I=  5/2- (2)  2.838  25: 0.114
                      26:-0.057
                      28: 0.063
                      30:-0.521
                      35:-0.816
                      36: 0.089
                      37:-0.182
 
 I=  5/2- (3)  2.974  24: 0.056
                      25:-0.201
                      28: 0.487
                      30: 0.394
                      35:-0.225
                      36: 0.676
                      37: 0.236
 
 I=  5/2- (4)  3.767  25:-0.167
                      30: 0.303
                      36: 0.095
                      37:-0.932
 
 I=  5/2- (5)  4.161  24: 0.059
                      25: 0.091
                      28:-0.785
                      30: 0.449
                      35:-0.354
                      36: 0.157
                      37: 0.147

             ENERGY    K= OMEGA
 
 I=  7/2- (1)  2.290  26:-0.218
                      27: 0.082
                      29: 0.969
 
 I=  7/2- (2)  3.015  27: 0.068
                      28:-0.282
                      30: 0.407
                      35:-0.484
                      36: 0.716
 
 I=  7/2- (3)  3.209  32:-0.738
                      33:-0.571
                      34:-0.334
                      38:-0.131
 
 I=  7/2- (4)  3.303  24:-0.069
                      25: 0.278
                      27: 0.053
                      28: 0.485
                      29:-0.069
                      30: 0.503
                      35: 0.556
                      36: 0.264
                      37:-0.205
 
 I=  7/2- (5)  4.146  24:-0.152
                      27: 0.130
                      28:-0.502
                      30: 0.641
                      35: 0.063
                      36:-0.540

             ENERGY    K= OMEGA
 
 I=  9/2- (1)  1.923  24: 0.060
                      26:-0.059
                      27: 0.255
                      29:-0.166
                      31:-0.948
 
 I=  9/2- (2)  3.171  24:-0.082
                      25: 0.081
                      26:-0.288
                      27:-0.135
                      28:-0.090
                      29:-0.899
                      30:-0.181
                      31: 0.127
                      36: 0.137
 
 I=  9/2- (3)  3.406  24: 0.071
                      25:-0.312
                      26:-0.082
                      28: 0.425
                      29:-0.241
                      30: 0.581
                      31: 0.089
                      35:-0.300
                      36:-0.428
                      37: 0.180
 
 I=  9/2- (4)  4.462  32:-0.245
                      33: 0.608
                      34:-0.645
                      38: 0.393
 
 I=  9/2- (5)  4.537  24:-0.094
                      25: 0.194
                      26:-0.053
                      28:-0.059
                      29: 0.068
                      30:-0.412
                      35:-0.710
                      36:-0.431
                      37:-0.287

             ENERGY    K= OMEGA
 
 I= 11/2- (1)  2.368  32:-0.695
                      33:-0.574
                      34:-0.388
                      38:-0.189
 
 I= 11/2- (2)  2.888  24: 0.105
                      26:-0.096
                      27:-0.355
                      29: 0.217
                      31:-0.897
 
 I= 11/2- (3)  4.279  24:-0.110
                      25: 0.053
                      26:-0.344
                      27: 0.172
                      29: 0.879
                      30: 0.152
                      31: 0.159
                      36: 0.116
 
 I= 11/2- (4)  4.900  24: 0.097
                      25:-0.071
                      26:-0.076
                      27:-0.079
                      28: 0.276
                      29: 0.125
                      30:-0.521
                      31: 0.130
                      35: 0.431
                      36:-0.638
 
 I= 11/2- (5)  5.137  24:-0.091
                      25: 0.364
                      28: 0.576
                      29:-0.158
                      30: 0.441
                      31:-0.080
                      35: 0.489
                      36: 0.104
                      37:-0.224

             ENERGY    K= OMEGA
 
 I= 13/2- (1)  4.045  24: 0.150
                      26:-0.123
                      27: 0.426
                      29:-0.239
                      30: 0.074
                      31:-0.844
 
 I= 13/2- (2)  4.610  32: 0.231
                      33:-0.587
                      34: 0.653
                      38:-0.419
 
 I= 13/2- (3)  5.229  24:-0.131
                      25: 0.385
                      26:-0.117
                      27:-0.078
                      28:-0.432
                      29:-0.270
                      30:-0.596
                      31:-0.083
                      35: 0.206
                      36: 0.336
                      37:-0.192
 
 I= 13/2- (4)  5.674  24: 0.082
                      25: 0.124
                      26: 0.370
                      27: 0.173
                      28:-0.176
                      29: 0.824
                      30:-0.134
                      31:-0.220
                      35: 0.161
                      36: 0.071
                      37:-0.061
 
 I= 13/2- (5)  7.220  24: 0.087
                      25:-0.194
                      29:-0.094
                      30: 0.295
                      35: 0.697
                      36: 0.523
                      37: 0.308

             ENERGY     K=-7/2
  32 LEVELS    TIME=  0.0 SEC



 ******************* EXCITATION ENERGIES, DOMINANT CONFIGURATION AND EXPECTATION VALUES (WITH S.P. UU+VV FACTORS) *******************

  NR  Eex(keV)  I   Kdom  NY    <Jz>  <Jx**2> <Jy**2> <Jz**2> <I.j>/|I|  <Rx**2> <Ry**2> <Rz**2> <R.j>/|R|  <HROTx> <HROTy> <HROTz>

   1    0.0   9/2-   9/2  31    3.74    2.67    2.67   19.40    4.45       2.58    2.58    0.00   -1.13      0.315   0.315   0.000
   2  287.1   3/2-  -3/2  35   -1.25    1.93    1.93    2.00    1.49       1.92    1.92    0.00   -1.52      0.234   0.234   0.000
   3  367.4   7/2-  -7/2  29   -3.19    2.28    2.28   11.92    3.40       2.61    2.61    0.00   -1.30      0.318   0.318   0.001
   4  432.1   5/2-   5/2  36    0.76    2.95    2.95    3.99    2.48       1.99    1.99    0.00   -1.28      0.243   0.243   0.000
   5  445.0  11/2-   1/2  32   -0.00   25.76   25.76    2.24    6.64       5.06    5.06    0.00   -4.42      0.617   0.617   0.000
  
   6  737.4   3/2-  -3/2  30   -1.33    4.56    4.56    2.08    1.47       4.63    4.63    0.00   -2.75      0.565   0.565   0.000
   7  880.4   1/2-   1/2  28    0.50    4.43    4.43    0.25    0.53       4.47    4.47    0.00   -2.89      0.545   0.545   0.000
   8  915.0   5/2-  -3/2  35   -1.35    2.15    2.15    2.20    1.06       4.49    4.49    0.00   -1.12      0.547   0.547   0.000
   9  964.8  11/2-   9/2  31    3.06    3.05    3.05   18.54    4.07       5.84    5.84    0.00   -0.09      0.712   0.712   0.000
  10 1014.7   1/2-   1/2  37    0.50    1.54    1.54    0.25    0.57       1.54    1.54   -0.00   -1.61      0.188   0.188  -0.000
  
  11 1051.1   5/2-   5/2  36    1.01    3.28    3.28    3.42    1.74       4.21    4.21    0.00   -1.66      0.513   0.513   0.000
  12 1092.1   7/2-   5/2  36    0.71    2.65    2.65    4.21    1.96       4.86    4.86    0.00   -0.56      0.593   0.593   0.000
  13 1248.2   9/2-  -7/2  29   -2.59    2.50    2.50   11.19    2.97       5.70    5.70    0.00   -0.42      0.695   0.695   0.000
  14 1285.7   7/2-   1/2  32    0.00   25.79   25.79    1.78    6.51       8.73    8.73    0.00   -6.59      1.064   1.064   0.000
  15 1379.7   7/2-  -3/2  35   -0.50    3.00    3.00    1.92    1.55       5.70    5.70    0.00   -0.53      0.695   0.695   0.000
  
  16 1482.7   9/2-  -3/2  30   -0.17    4.21    4.21    3.15    2.46       5.94    5.94    0.00    0.19      0.724   0.724   0.000
  17 1843.7   5/2-   1/2  37    0.34    1.69    1.69    0.50    0.46       4.97    4.97    0.00   -0.80      0.606   0.606   0.000
  18 2122.2  13/2-   9/2  31    2.46    3.45    3.45   17.62    3.83       9.87    9.87    0.00    0.51      1.203   1.203   0.000
  19 2222.5   7/2-  -3/2  30    0.23    3.64    3.64    3.18    0.87       9.67    9.67    0.00   -1.60      1.179   1.179   0.000
  20 2237.7   5/2-   1/2  28   -0.10    4.20    4.20    1.07   -0.35      10.14   10.14    0.00   -2.33      1.236   1.236   0.000
  
  21 2355.8  11/2-  -7/2  29   -2.37    2.54    2.54   11.29    2.71       9.86    9.86    0.00   -0.04      1.202   1.202   0.000
  22 2539.4   9/2-   5/2  34   -0.02   25.62   25.62    5.34    5.72      12.23   12.23    0.00   -5.69      1.491   1.491   0.000
  23 2614.4   9/2-  -3/2  35   -0.47    2.17    2.17    2.85    1.07      10.66   10.66    0.00   -0.41      1.300   1.300   0.000
  24 2686.7  13/2-   5/2  34   -0.04   25.57   25.57    5.60    5.74      12.66   12.66    0.00   -3.31      1.544   1.544   0.000
  25 2976.5  11/2-   5/2  36    0.41    3.18    3.18    4.30    1.76      12.65   12.65    0.00   -0.02      1.543   1.543   0.000
  
  26 3214.4  11/2-   1/2  28   -0.41    3.34    3.34    1.68    1.56      12.70   12.70    0.00    0.20      1.548   1.548   0.000
  27 3306.2  13/2-  -3/2  30   -0.30    4.56    4.56    2.99    2.53      12.76   12.76    0.00    1.10      1.555   1.555   0.000
  28 3637.9   1/2-   1/2  25    0.50    6.06    6.06    0.25    0.69       5.97    5.97   -0.00   -3.41      0.728   0.728  -0.000
  29 3750.6  13/2-  -7/2  29   -1.93    2.77    2.77   10.71    2.45      15.37   15.37    0.00    0.16      1.874   1.874   0.000
  30 5296.8  13/2-  -3/2  35   -0.11    2.00    2.00    3.22    0.93      21.48   21.48    0.00   -0.11      2.619   2.619   0.000
  
  31 6230.3   1/2-   1/2  32    0.50   25.61   25.61    0.25   -3.78      29.38   29.38    0.00   -7.14      3.582   3.582   0.000
  32*******   1/2-  -3/2  33    0.00    0.00    0.00    0.00   -0.00       0.00    0.00    0.00   -0.00      0.000   0.000   0.000
