1SPECTRUM OF (Z= 82 A=207) IN PARTICLE-ROTOR  MODEL WITH MODIFIED OSCILLATOR POTENTIAL


 PARITY=-   EPS= 0.357   GAMMA=  0.0   EPS4=0.000   EPS6=0.000   LEVELS:  25  26  27  28  29  30  31  32  33  34  35  36  37  38  39

 PAIRING FACTORS: GN0= 19.20  GN1=  7.40  IPAIR= 15 ***  E2PLUS(INPUT)=   0.730  E2PLUR(INPUT)=   0.000

 CORIOLIS ATTENUATION PARAMETERS:  CHSI=1.000  ETA=  1.00

 MOMENT OF INERTIA PARAMETERS:   A1=  0.122 MEV   A2=  0.122 MEV   A3=121.91925 MEV


 DELTA=0.889 MEV  LAMBDA=53.3956 MEV   HW0= 7.5278 MEV   LAMBDA/HW0= 7.0932

 E2ENERGY=0.730 MEV  HBAR**2/B=23631./A**(7/3)=3994.9/A**2 MEV

 IREC=0  =>  RECOIL TERMS j+j-, j+j+, jzjz, ETC TREATED AS ONE-BODY OPERATORS WITH UU+VV PAIRING FACTORS



 S. P. LEVEL   EQP       U     V        (UU + VV)**1.00

     25       4.248    0.105 0.994      1.000 0.999 0.997 0.995 0.974 0.953 0.930 0.764 0.680 0.550 0.322 0.310 0.262 0.248 0.223
     26       3.018    0.149 0.989      0.999 1.000 0.999 0.999 0.983 0.965 0.946 0.792 0.711 0.586 0.364 0.352 0.305 0.290 0.265
     27       2.459    0.184 0.983      0.997 0.999 1.000 1.000 0.989 0.974 0.956 0.813 0.736 0.614 0.396 0.385 0.338 0.324 0.299
     28       2.246    0.202 0.979      0.995 0.999 1.000 1.000 0.992 0.978 0.962 0.824 0.748 0.629 0.413 0.402 0.356 0.342 0.317
     29       1.443    0.326 0.945      0.974 0.983 0.989 0.992 1.000 0.997 0.989 0.890 0.827 0.723 0.527 0.516 0.472 0.459 0.436
     30       1.207    0.402 0.916      0.953 0.965 0.974 0.978 0.997 1.000 0.998 0.924 0.870 0.777 0.594 0.584 0.543 0.530 0.508
     31       1.084    0.463 0.886      0.930 0.946 0.956 0.962 0.989 0.998 1.000 0.948 0.901 0.818 0.647 0.637 0.598 0.586 0.565
     32       0.890    0.722 0.692      0.764 0.792 0.813 0.824 0.890 0.924 0.948 1.000 0.993 0.959 0.857 0.850 0.823 0.814 0.799
     33       0.927    0.801 0.599      0.680 0.711 0.736 0.748 0.827 0.870 0.901 0.993 1.000 0.986 0.913 0.908 0.886 0.879 0.866
     34       1.091    0.889 0.459      0.550 0.586 0.614 0.629 0.723 0.777 0.818 0.959 0.986 1.000 0.968 0.965 0.950 0.946 0.937
     35       2.065    0.975 0.221      0.322 0.364 0.396 0.413 0.527 0.594 0.647 0.857 0.913 0.968 1.000 1.000 0.998 0.997 0.995
     36       2.182    0.978 0.208      0.310 0.352 0.385 0.402 0.516 0.584 0.637 0.850 0.908 0.965 1.000 1.000 0.999 0.998 0.996
     37       2.824    0.987 0.159      0.262 0.305 0.338 0.356 0.472 0.543 0.598 0.823 0.886 0.950 0.998 0.999 1.000 1.000 0.999
     38       3.107    0.989 0.145      0.248 0.290 0.324 0.342 0.459 0.530 0.586 0.814 0.879 0.946 0.997 0.998 1.000 1.000 1.000
     39       3.768    0.993 0.119      0.223 0.265 0.299 0.317 0.436 0.508 0.565 0.799 0.866 0.937 0.995 0.996 0.999 1.000 1.000

  R CORE   ENERGY   A0R/A00=1.000    R3= 0     2  
   2( 1)    0.732                    1.000 0.000
   2( 2)  487.921                    0.000 1.000

  R CORE   ENERGY   A0R/A00=1.000    R3= 0     2  
   3( 1)  488.652                    0.000 1.000

  R CORE   ENERGY   A0R/A00=1.000    R3= 0     2     4  
   4( 1)    2.438                    1.000 0.000 0.000

  R CORE   ENERGY   A0R/A00=1.000    R3= 0     2     4  
   5( 1)  490.847                    0.000 1.000 0.000

  R CORE   ENERGY   A0R/A00=1.000    R3= 0     2     4     6  
   6( 1)    5.121                    1.000 0.000 0.000 0.000

  R CORE   ENERGY   A0R/A00=1.000    R3= 0     2     4     6  
   7( 1)  494.017                    0.000 1.000 0.000 0.000

          AXIAL SYMMETRY => K RESTRICTED TO OMEGA

                     K
     S.P. ORB#: 25  0.50
     S.P. ORB#: 26  2.50
     S.P. ORB#: 27 -3.50
     S.P. ORB#: 28  0.50
     S.P. ORB#: 29 -1.50
     S.P. ORB#: 30  0.50
     S.P. ORB#: 31 -1.50
     S.P. ORB#: 32 -3.50
     S.P. ORB#: 33  2.50
     S.P. ORB#: 34  4.50
     S.P. ORB#: 35  0.50
     S.P. ORB#: 36 -3.50
     S.P. ORB#: 37 -1.50
     S.P. ORB#: 38  2.50
     S.P. ORB#: 39  0.50
 

             ENERGY    K= OMEGA
 
 I=  1/2- (1)  2.469  30: 0.998
 
 I=  1/2- (2)  4.121  25:-0.076
                      39:-0.997
 
 I=  1/2- (3)  5.451  28:-0.302
                      35: 0.953
 
 I=  1/2- (4)  5.875  25: 0.996
                      39:-0.075
 
 I=  1/2- (5)  8.863  28: 0.953
                      35: 0.302

             ENERGY    K= OMEGA
 
 I=  3/2- (1)  2.344  25: 0.091
                      30:-0.190
                      31: 0.975
                      39:-0.054
 
 I=  3/2- (2)  2.500  25:-0.189
                      30:-0.925
                      31:-0.145
                      37:-0.273
                      39: 0.115

             ENERGY    K= OMEGA
 
 I=  5/2- (1)  2.450  25:-0.253
                      30: 0.466
                      31: 0.799
                      37:-0.094
                      38:-0.228
                      39: 0.140
 
 I=  5/2- (2)  3.374  26: 0.061
                      30:-0.732
                      31: 0.455
                      37: 0.478
                      38:-0.150
 
 I=  5/2- (3)  3.795  25:-0.091
                      26: 0.058
                      30: 0.202
                      31: 0.126
                      37: 0.458
                      38: 0.842
                      39: 0.113
 
 I=  5/2- (4)  4.415  26:-0.123
                      30:-0.381
                      31: 0.302
                      37:-0.714
                      38: 0.464
                      39:-0.152
 
 I=  5/2- (5)  4.810  26:-0.980
                      37: 0.122
                      39: 0.154

             ENERGY    K= OMEGA
 
 I=  7/2- (1)  1.723  26:-0.178
                      32: 0.982
 
 I=  7/2- (2)  3.302  25:-0.228
                      31:-0.891
                      38:-0.368
                      39: 0.120
 
 I=  7/2- (3)  3.419  25:-0.231
                      30:-0.876
                      31: 0.061
                      37:-0.376
                      38: 0.124
                      39: 0.137
 
 I=  7/2- (4)  3.765  28: 0.677
                      29: 0.586
                      33: 0.408
                      36: 0.180
 
 I=  7/2- (5)  4.321  26:-0.205
                      27:-0.947
                      30:-0.087
                      31: 0.096
                      37: 0.091
                      38:-0.191

             ENERGY    K= OMEGA
 
 I=  9/2- (1)  2.007  26:-0.082
                      27: 0.173
                      32:-0.296
                      34:-0.936
 
 I=  9/2- (2)  2.727  26: 0.241
                      27: 0.094
                      31: 0.057
                      32: 0.916
                      34:-0.294
                      38:-0.052
 
 I=  9/2- (3)  3.467  25:-0.360
                      30: 0.499
                      31: 0.705
                      32:-0.074
                      37:-0.148
                      38:-0.256
                      39: 0.177
 
 I=  9/2- (4)  4.669  28: 0.216
                      29:-0.552
                      33: 0.678
                      36:-0.434
 
 I=  9/2- (5)  5.227  26: 0.102
                      30:-0.624
                      31: 0.486
                      32:-0.056
                      37: 0.559
                      38:-0.213

             ENERGY    K= OMEGA
 
 I= 11/2- (1)  3.124  26: 0.136
                      27: 0.234
                      32:-0.394
                      34: 0.878
 
 I= 11/2- (2)  3.151  28:-0.655
                      29:-0.581
                      33:-0.425
                      35:-0.062
                      36:-0.220
 
 I= 11/2- (3)  3.962  26: 0.281
                      27:-0.139
                      31:-0.070
                      32:-0.859
                      34:-0.393
                      38:-0.067
 
 I= 11/2- (4)  5.122  25:-0.379
                      30:-0.433
                      31:-0.716
                      32: 0.096
                      37:-0.153
                      38:-0.291
                      39: 0.194
 
 I= 11/2- (5)  5.301  25:-0.104
                      30:-0.718
                      31: 0.447
                      37:-0.385
                      38: 0.342
                      39: 0.071

             ENERGY    K= OMEGA
 
 I= 13/2- (1)  4.463  26:-0.183
                      27: 0.274
                      32:-0.453
                      34:-0.828
 
 I= 13/2- (2)  5.140  28: 0.215
                      29:-0.549
                      33: 0.672
                      36:-0.448
 
 I= 13/2- (3)  5.305  25:-0.357
                      26: 0.171
                      27: 0.111
                      30: 0.416
                      31: 0.571
                      32: 0.411
                      34:-0.255
                      37:-0.119
                      38:-0.239
                      39: 0.163
 
 I= 13/2- (4)  5.494  25: 0.232
                      26: 0.255
                      27: 0.142
                      30:-0.289
                      31:-0.334
                      32: 0.702
                      34:-0.377
                      37: 0.108
                      38: 0.087
                      39:-0.106
 
 I= 13/2- (5)  8.047  26: 0.115
                      27:-0.066
                      30:-0.550
                      31: 0.484
                      32:-0.098
                      37: 0.631
                      38:-0.173
                      39: 0.089

             ENERGY     K= 1/2
  32 LEVELS    TIME=  0.0 SEC



 ******************* EXCITATION ENERGIES, DOMINANT CONFIGURATION AND EXPECTATION VALUES (WITH S.P. UU+VV FACTORS) *******************

  NR  Eex(keV)  I   Kdom  NY    <Jz>  <Jx**2> <Jy**2> <Jz**2> <I.j>/|I|  <Rx**2> <Ry**2> <Rz**2> <R.j>/|R|  <HROTx> <HROTy> <HROTz>

   1    0.0   7/2-  -7/2  32   -3.30    2.31    2.31   12.05    3.30       3.12    3.12    0.00   -1.43      0.380   0.380   0.000
   2  283.7   9/2-   9/2  34    3.55    2.51    2.51   19.22    4.20       3.61    3.61    0.00   -1.25      0.440   0.440   0.001
   3  620.7   3/2-  -3/2  31   -1.41    4.83    4.83    2.16    1.44       5.00    5.00   -0.00   -2.86      0.609   0.609  -0.000
   4  727.4   5/2-  -3/2  31   -0.69    4.97    4.97    1.86    2.14       3.95    3.95   -0.00   -1.95      0.481   0.481  -0.000
   5  745.8   1/2-   1/2  30    0.50    4.89    4.89    0.25    0.29       5.14    5.14    0.00   -3.05      0.626   0.626   0.000
  
   6  777.2   3/2-   1/2  30    0.31    4.36    4.36    0.44    1.15       4.23    4.23    0.00   -2.39      0.516   0.516   0.000
   7 1003.8   9/2-  -7/2  32   -2.43    2.40    2.40   12.53    2.85       6.86    6.86    0.00   -0.85      0.837   0.837   0.000
   8 1401.0  11/2-   9/2  34    2.78    2.70    2.70   18.31    3.63       8.01    8.01    0.00   -0.50      0.976   0.976   0.000
   9 1428.0  11/2-   1/2  28   -0.01   23.73   23.73    2.59    6.20       5.82    5.82    0.00   -3.80      0.709   0.709   0.000
  10 1579.2   7/2-  -3/2  31   -0.82    4.49    4.49    2.68    1.66       7.13    7.13   -0.00   -1.35      0.869   0.869  -0.000
  
  11 1651.4   5/2-   1/2  30   -0.32    3.95    3.95    1.28    0.58       7.25    7.25    0.00   -1.96      0.884   0.884   0.000
  12 1695.9   7/2-   1/2  30    0.24    4.16    4.16    0.64    1.31       7.15    7.15   -0.00   -0.99      0.872   0.872  -0.000
  13 1744.0   9/2-  -3/2  31   -0.43    5.09    5.09    1.75    2.29       6.93    6.93   -0.00   -0.14      0.845   0.845  -0.000
  14 2041.4   7/2-   1/2  28    0.02   23.39   23.39    2.32    6.09       8.27    8.27    0.00   -6.14      1.008   1.008   0.000
  15 2071.7   5/2-   5/2  38    1.47    2.02    2.02    4.97    1.84       3.44    3.44   -0.00   -1.36      0.420   0.420  -0.000
  
  16 2239.2  11/2-  -7/2  32   -1.75    2.48    2.48   12.92    2.54      11.60   11.60    0.00   -0.55      1.415   1.415   0.000
  17 2397.5   1/2-   1/2  39    0.50    1.56    1.56    0.25    0.71       1.44    1.44    0.00   -1.62      0.176   0.176   0.000
  18 2598.3   7/2-  -7/2  27   -2.96    5.97    5.97   11.51    3.04       7.52    7.52    0.00   -2.93      0.917   0.917   0.000
  19 2692.1   5/2-  -3/2  37   -0.24    2.76    2.76    2.84    0.26       7.79    7.79   -0.00   -1.92      0.950   0.950  -0.000
  20 2740.4  13/2-   9/2  34    2.19    2.88    2.88   17.52    3.25      13.31   13.31    0.00   -0.11      1.623   1.623   0.000
  
  21 2945.4   9/2-   5/2  33    0.06   24.18   24.18    5.88    5.23      13.48   13.48    0.00   -5.44      1.643   1.643   0.000
  22 3086.6   5/2-   5/2  26    2.39    5.87    5.87    6.05    2.02       7.29    7.29    0.00   -3.09      0.888   0.888   0.000
  23 3399.1  11/2-  -3/2  31   -0.44    4.40    4.40    1.95    1.66      13.33   13.33   -0.00   -0.16      1.625   1.625  -0.000
  24 3416.9  13/2-   5/2  33   -0.00   24.18   24.18    5.97    5.18      15.36   15.36    0.00   -3.27      1.872   1.872   0.000
  25 3503.8   9/2-   1/2  30   -0.50    3.55    3.55    1.74    0.55      14.07   14.07   -0.00   -1.15      1.716   1.716  -0.000
  
  26 3578.1  11/2-   1/2  30    0.03    4.06    4.06    1.69    1.33      14.80   14.80   -0.00   -0.34      1.805   1.805  -0.000
  27 3581.7  13/2-  -3/2  31   -0.47    4.48    4.48    4.93    2.40      14.53   14.53    0.00    0.54      1.772   1.772   0.000
  28 3728.3   1/2-   1/2  35    0.50   12.28   12.28    0.25   -1.20      13.82   13.82    0.00   -4.92      1.685   1.685   0.000
  29 3770.8  13/2-  -7/2  32   -1.09    3.32    3.32    9.94    2.27      16.83   16.83    0.00   -0.13      2.052   2.052   0.000
  30 4152.1   1/2-   1/2  25    0.50    6.78    6.78    0.25    0.65       6.71    6.71    0.00   -3.61      0.819   0.819   0.000
  
  31 6324.0  13/2-  -3/2  37   -0.73    3.24    3.24    1.95    0.50      25.10   25.10   -0.00   -0.70      3.061   3.061  -0.000
  32 7139.6   1/2-   1/2  28    0.50   23.67   23.67    0.25   -3.50      27.20   27.20   -0.00   -6.86      3.317   3.317  -0.000
