1SPECTRUM OF (Z= 82 A=207) IN PARTICLE-ROTOR  MODEL WITH MODIFIED OSCILLATOR POTENTIAL


 PARITY=-   EPS= 0.462   GAMMA=  1.7   EPS4=0.000   EPS6=0.000   LEVELS:  25  26  27  28  29  30  31  32  33  34  35  36  37  38  39

 PAIRING FACTORS: GN0= 19.20  GN1=  7.40  IPAIR= 15 ***  E2PLUS(INPUT)=   0.730  E2PLUR(INPUT)=   0.000

 CORIOLIS ATTENUATION PARAMETERS:  CHSI=1.000  ETA=  1.00

 MOMENT OF INERTIA PARAMETERS:   A1=  0.126 MEV   A2=  0.118 MEV   A3=107.64655 MEV


 DELTA=0.845 MEV  LAMBDA=53.4623 MEV   HW0= 7.6154 MEV   LAMBDA/HW0= 7.0203

 E2ENERGY=0.730 MEV  HBAR**2/B=39428./A**(7/3)=6665.3/A**2 MEV

 IREC=0  =>  RECOIL TERMS j+j-, j+j+, jzjz, ETC TREATED AS ONE-BODY OPERATORS WITH UU+VV PAIRING FACTORS



 S. P. LEVEL   EQP       U     V        (UU + VV)**1.00

     25       4.153    0.102 0.995      1.000 0.999 0.998 0.994 0.983 0.965 0.885 0.755 0.619 0.350 0.308 0.288 0.264 0.251 0.200
     26       3.122    0.137 0.991      0.999 1.000 0.999 0.997 0.989 0.973 0.901 0.777 0.646 0.382 0.341 0.321 0.297 0.284 0.233
     27       2.524    0.170 0.985      0.998 0.999 1.000 0.999 0.993 0.981 0.915 0.798 0.671 0.413 0.372 0.353 0.329 0.316 0.266
     28       2.079    0.208 0.978      0.994 0.997 0.999 1.000 0.997 0.987 0.930 0.820 0.699 0.448 0.408 0.389 0.365 0.353 0.303
     29       1.554    0.284 0.959      0.983 0.989 0.993 0.997 1.000 0.997 0.956 0.863 0.753 0.516 0.478 0.459 0.437 0.425 0.376
     30       1.259    0.360 0.933      0.965 0.973 0.981 0.987 0.997 1.000 0.976 0.900 0.803 0.583 0.547 0.529 0.507 0.496 0.450
     31       0.917    0.554 0.833      0.885 0.901 0.915 0.930 0.956 0.976 1.000 0.973 0.914 0.746 0.716 0.701 0.682 0.673 0.633
     32       0.847    0.730 0.684      0.755 0.777 0.798 0.820 0.863 0.900 0.973 1.000 0.982 0.879 0.857 0.846 0.832 0.824 0.793
     33       0.935    0.845 0.536      0.619 0.646 0.671 0.699 0.753 0.803 0.914 0.982 1.000 0.952 0.938 0.930 0.921 0.915 0.893
     34       1.731    0.968 0.252      0.350 0.382 0.413 0.448 0.516 0.583 0.746 0.879 0.952 1.000 0.999 0.998 0.996 0.995 0.988
     35       2.066    0.978 0.209      0.308 0.341 0.372 0.408 0.478 0.547 0.716 0.857 0.938 0.999 1.000 1.000 0.999 0.998 0.994
     36       2.281    0.982 0.189      0.288 0.321 0.353 0.389 0.459 0.529 0.701 0.846 0.930 0.998 1.000 1.000 1.000 0.999 0.996
     37       2.620    0.987 0.164      0.264 0.297 0.329 0.365 0.437 0.507 0.682 0.832 0.921 0.996 0.999 1.000 1.000 1.000 0.998
     38       2.844    0.989 0.150      0.251 0.284 0.316 0.353 0.425 0.496 0.673 0.824 0.915 0.995 0.998 0.999 1.000 1.000 0.999
     39       4.324    0.995 0.098      0.200 0.233 0.266 0.303 0.376 0.450 0.633 0.793 0.893 0.988 0.994 0.996 0.998 0.999 1.000

  R CORE   ENERGY   A0R/A00=1.000    R3= 0     2  
   2( 1)    0.730                    1.000-0.000
   2( 2)  430.830                    0.000 1.000

  R CORE   ENERGY   A0R/A00=1.000    R3= 0     2  
   3( 1)  431.560                    0.000 1.000

  R CORE   ENERGY   A0R/A00=1.000    R3= 0     2     4  
   4( 1)    2.433                    1.000-0.000 0.000

  R CORE   ENERGY   A0R/A00=1.000    R3= 0     2     4  
   5( 1)  433.750                    0.000 1.000-0.000

  R CORE   ENERGY   A0R/A00=1.000    R3= 0     2     4     6  
   6( 1)    5.110                    1.000-0.000 0.000-0.000

  R CORE   ENERGY   A0R/A00=1.000    R3= 0     2     4     6  
   7( 1)  436.913                    0.000 1.000-0.000 0.000
 

             ENERGY     K= 1/2
 
 I=  1/2- (1)  4.207  30:-0.072
                      31:-0.906
                      36: 0.413
                      38: 0.052
 
 I=  1/2- (2)  5.531  28: 0.056
                      32:-0.887
                      33: 0.457
 
 I=  1/2- (3)  6.870  31:-0.414
                      36:-0.900
                      38:-0.130
 
 I=  1/2- (4) 15.719  25: 1.000
 
 I=  1/2- (5)432.129  28:-0.476
                      32: 0.378
                      33: 0.792

             ENERGY     K= 1/2  -3/2
 
 I=  3/2- (1)  4.412  26: 0.019 0.068
                      30: 0.083 0.000
                      31: 0.968 0.000
                      36: 0.051 0.031
                      38: 0.014-0.216
 
 I=  3/2- (2)  5.603  32: 0.649-0.312
                      33:-0.335-0.605

             ENERGY     K= 5/2   1/2  -3/2
 
 I=  5/2- (1)  4.445  26:-0.000-0.016 0.091
                      30:-0.070-0.063 0.000
                      31: 0.006-0.816-0.000
                      36: 0.001 0.501 0.035
                      38: 0.000 0.065-0.244
 
 I=  5/2- (2)  5.017  28:-0.996 0.001 0.000
                      32:-0.051-0.012-0.032
                      33: 0.022 0.006-0.062
 
 I=  5/2- (3)  6.135  25:-0.000 0.089-0.000
                      28: 0.064 0.032 0.005
                      32: 0.003-0.503-0.373
                      33:-0.001 0.259-0.725
 
 I=  5/2- (4)  6.639  26: 0.000-0.000-0.489
                      30: 0.849 0.002 0.001
                      31:-0.072-0.005 0.010
                      36:-0.010 0.178 0.006
 
 I=  5/2- (5)  6.766  32: 0.001 0.729-0.260
                      33:-0.001-0.376-0.506

             ENERGY     K= 5/2   1/2  -3/2  -7/2
 
 I=  7/2- (1)  4.343  28:-0.153 0.000-0.000 0.001
                      29:-0.000-0.000 0.000-0.985
                      35: 0.000 0.000 0.000-0.060
 
 I=  7/2- (2)  4.727  26:-0.000-0.017-0.234-0.000
                      30:-0.232-0.075 0.000-0.000
                      31: 0.020-0.854 0.003-0.000
                      34: 0.000-0.001-0.015-0.089
                      36: 0.003-0.215-0.044 0.001
                      38: 0.000-0.036 0.313-0.004
 
 I=  7/2- (3)  4.970  28:-0.355 0.000-0.000-0.000
                      29:-0.001-0.000 0.001 0.111
                      35: 0.000 0.000 0.000-0.928
 
 I=  7/2- (4)  6.034  28:-0.913 0.002-0.001-0.000
                      29:-0.001-0.000 0.007 0.120
                      32:-0.047-0.029 0.054-0.005
                      33: 0.020 0.015 0.105-0.007
                      35: 0.000 0.000 0.001 0.367
 
 I=  7/2- (5)  6.223  26: 0.000-0.006 0.380 0.002
                      30: 0.704-0.024-0.001 0.000
                      31:-0.060-0.280-0.008 0.000
                      34:-0.000-0.000-0.008 0.503
                      36:-0.008-0.062-0.020-0.007
                      38:-0.001-0.011 0.138 0.025

             ENERGY     K= 9/2   5/2   1/2  -3/2  -7/2
 
 I=  9/2- (1)  4.741  28:-0.000-0.122 0.000 0.000-0.001
                      29:-0.000-0.000-0.000-0.000 0.569
                      35: 0.000 0.000 0.000-0.000 0.157
                      37: 0.797-0.000-0.000 0.000-0.000
 
 I=  9/2- (2)  5.258  26:-0.000-0.000-0.012 0.305 0.001
                      30:-0.000-0.403-0.050-0.000 0.000
                      31: 0.000 0.034-0.649-0.004 0.000
                      34:-0.000 0.000 0.003 0.013 0.269
                      36:-0.000 0.005 0.394 0.038-0.004
                      38:-0.000 0.001 0.051-0.272 0.013
                      39:-0.112 0.001-0.000-0.000-0.000
 
 I=  9/2- (3)  5.744  28: 0.000-0.182 0.000 0.000-0.001
                      29: 0.000-0.000-0.000-0.001 0.790
                      35:-0.000 0.000 0.000-0.000-0.063
                      37:-0.581 0.000-0.000-0.000 0.000
 
 I=  9/2- (4)  5.957  28:-0.000-0.443 0.001 0.000 0.000
                      29: 0.000-0.001-0.000-0.002-0.137
                      35:-0.000 0.000 0.000-0.000 0.873
                      37:-0.142-0.000-0.000 0.000-0.000
 
 I=  9/2- (5)  6.030  26: 0.000 0.000-0.008-0.271-0.002
                      30: 0.001 0.518-0.030 0.001-0.000
                      31:-0.000-0.044-0.410 0.006-0.000
                      34: 0.000-0.000 0.003 0.009-0.512
                      36: 0.000-0.006 0.367 0.023 0.007
                      38: 0.000-0.001 0.049-0.160-0.026
                      39: 0.248-0.002-0.000-0.000 0.000

             ENERGY     K= 9/2   5/2   1/2  -3/2  -7/2 -11/2
 
 I= 11/2- (1)  4.213  27: 0.000-0.000-0.000 0.000-0.000 0.999
 
 I= 11/2- (2)  5.331  26:-0.000-0.000-0.011-0.391-0.001-0.000
                      30:-0.001-0.498-0.051 0.001-0.000 0.000
                      31: 0.000 0.043-0.569 0.006-0.000-0.000
                      34:-0.000 0.000-0.001-0.011-0.369-0.000
                      36:-0.000 0.006-0.192-0.034 0.005 0.000
                      38:-0.000 0.001-0.031 0.244-0.018-0.000
                      39:-0.187 0.001-0.000 0.000 0.000-0.000
 
 I= 11/2- (3)  5.814  28: 0.000 0.160-0.000 0.000-0.001-0.000
                      29: 0.000 0.000 0.000-0.001 0.601 0.000
                      35:-0.000-0.000-0.000-0.000 0.200-0.000
                      37:-0.755 0.000 0.000 0.000-0.000 0.000
 
 I= 11/2- (4)  6.595  26: 0.000 0.000-0.012 0.096 0.002 0.000
                      30: 0.001 0.347-0.055-0.000 0.000 0.000
                      31:-0.000-0.030-0.614-0.004 0.000 0.000
                      34: 0.000-0.000-0.001-0.014 0.514 0.000
                      36: 0.000-0.004-0.215-0.038-0.007-0.000
                      38: 0.000-0.001-0.034 0.269 0.026 0.000
                      39: 0.320-0.001-0.000 0.000-0.000 0.000
 
 I= 11/2- (5)  7.192  28: 0.000 0.472-0.001 0.000 0.000 0.000
                      29:-0.000 0.001 0.000-0.003-0.217-0.000
                      35: 0.000-0.000-0.000-0.000 0.839-0.000
                      37: 0.150 0.000 0.000 0.000-0.000 0.000

             ENERGY     K=13/2   9/2   5/2   1/2  -3/2  -7/2 -11/2
 
 I= 13/2- (1)  5.792  27: 0.000 0.000-0.000 0.000 0.000 0.000-0.999
 
 I= 13/2- (2)  6.073  26: 0.000 0.000 0.000 0.005-0.400-0.002-0.000
                      30:-0.000 0.001 0.587 0.023 0.001-0.000-0.000
                      31:-0.000-0.000-0.050 0.287 0.007-0.000 0.000
                      34: 0.000 0.000-0.000-0.001-0.006-0.527-0.000
                      36:-0.000 0.000-0.007-0.124-0.021 0.007 0.000
                      38: 0.000 0.000-0.001-0.016 0.149-0.026-0.000
                      39:-0.000 0.306-0.002 0.000 0.000 0.000-0.000
 
 I= 13/2- (3)  7.155  28:-0.000 0.000 0.190-0.000-0.000 0.001 0.000
                      29: 0.000 0.000 0.000 0.000 0.001-0.612-0.001
                      35: 0.000-0.000-0.000-0.000 0.000-0.231 0.001
                      37: 0.000-0.730 0.000 0.000-0.000 0.000-0.000
 
 I= 13/2- (4)  7.619  30:-0.000 0.001 0.123-0.051 0.000-0.000-0.000
                      31:-0.000-0.000-0.010-0.675 0.002-0.000-0.000
                      34:-0.000 0.000-0.000 0.004 0.016-0.324-0.000
                      36: 0.000 0.000-0.002 0.510 0.045 0.004 0.000
                      38: 0.000 0.000-0.000 0.068-0.315-0.016-0.000
                      39:-0.000 0.235-0.000-0.000-0.000 0.000 0.000
 
 I= 13/2- (5)  8.674  28: 0.000-0.000 0.508-0.001-0.000-0.000-0.000
                      29: 0.000-0.000 0.001 0.000 0.003 0.211 0.000
                      33:-0.000 0.000-0.011-0.009 0.056-0.006-0.000
                      35:-0.000 0.000-0.000-0.000 0.000-0.805 0.000
                      37:-0.000 0.211-0.000 0.000-0.000 0.000-0.000

             ENERGY     K=13/2   9/2   5/2   1/2  -3/2  -7/2 -11/2
  32 LEVELS    TIME=  0.0 SEC



 ******************* EXCITATION ENERGIES, DOMINANT CONFIGURATION AND EXPECTATION VALUES (WITH S.P. UU+VV FACTORS) *******************

  NR  Eex(keV)  I   Kdom  NY    <Jz>  <Jx**2> <Jy**2> <Jz**2> <I.j>/|I|  <Rx**2> <Ry**2> <Rz**2> <R.j>/|R|  <HROTx> <HROTy> <HROTz>

   1    0.0   1/2-   1/2  31    0.50   12.75   12.58    0.25    1.13      12.28   12.10    0.00   -4.98      1.544   1.423   0.083
   2    5.6  11/2-  11/2  27   -5.49    2.76    2.73   30.23    5.06       5.51    5.47    0.00   -1.65      0.692   0.644   0.354
   3  136.2   7/2-   7/2  29   -3.36    6.43    6.23   12.09    3.12       7.95    7.76    0.01   -3.12      1.000   0.913   0.864
   4  204.3   3/2-   1/2  31    0.40   14.07   14.06    0.36    1.65      12.90   12.94    0.00   -4.97      1.622   1.522   0.242
   5  237.6   5/2-   1/2  31    0.37   13.21   13.05    0.42    1.86      12.31   12.12    0.00   -4.28      1.548   1.425   0.066
  
   6  520.1   7/2-   1/2  31    0.27   16.06   16.14    0.98    2.96      12.65   12.78    0.00   -4.25      1.591   1.503   0.311
   7  533.4   9/2-   9/2  37    1.67    3.82    3.65   17.21    3.92       5.28    5.17    0.01   -1.61      0.664   0.608   1.218
   8  762.9   7/2-   7/2  35   -2.74    2.79    2.68   11.47    3.13       3.97    3.90    0.02   -1.62      0.499   0.458   1.953
   9  809.7   5/2-   5/2  28    2.48    6.14    6.14    6.23    2.12       7.34    7.35    0.01   -3.19      0.923   0.864   1.160
  10 1051.2   9/2-   1/2  31    0.25   16.82   16.69    2.69    3.30      14.14   13.98    0.00   -3.73      1.778   1.644   0.193
  
  11 1123.4  11/2-   1/2  31    0.17   19.90   19.90    4.52    4.49      13.11   13.24    0.00   -3.40      1.649   1.557   0.385
  12 1323.8   1/2-   1/2  32    0.49    5.10    5.27    0.27    0.10       5.51    5.69    0.03   -3.15      0.692   0.669   3.298
  13 1395.3   3/2-   1/2  32   -0.43    5.06    5.31    1.20    1.05       5.48    5.74    0.03   -2.84      0.689   0.675   3.346
  14 1536.4   9/2-   7/2  29   -0.60    5.00    4.84   14.72    2.68      11.43   11.20    0.01   -2.36      1.437   1.317   1.059
  15 1585.0  13/2-  11/2  27   -5.48    2.77    2.73   30.21    4.33      11.99   11.96    0.00   -1.12      1.508   1.407   0.354
  
  16 1606.9  11/2-   9/2  37    1.22    4.03    3.86   16.64    3.38       9.97    9.89    0.01   -0.97      1.254   1.163   1.201
  17 1749.9   9/2-   7/2  35   -2.15    3.08    2.98   11.20    2.55       8.31    8.29    0.02   -1.12      1.045   0.975   1.870
  18 1822.2   9/2-   5/2  30    0.04   19.43   19.22    6.45    3.79      16.03   16.08    0.00   -4.63      2.016   1.891   0.289
  19 1826.3   7/2-   5/2  28    1.54    5.64    5.63    7.08    1.51      11.07   11.01    0.01   -2.63      1.392   1.295   1.297
  20 1865.3  13/2-   5/2  30    0.09   21.79   21.61    7.90    5.01      15.00   15.12    0.00   -2.98      1.886   1.777   0.410
  
  21 1928.2   5/2-   3/2  33   -0.82    5.09    5.39    1.62    1.01       7.23    7.59    0.03   -2.36      0.909   0.892   3.401
  22 2015.9   7/2-   5/2  30    0.16   21.94   21.85    6.62    3.97      17.27   17.36    0.00   -5.89      2.171   2.041   0.356
  23 2387.9  11/2-   1/2  31   -0.08   18.75   18.58    6.37    3.58      18.21   18.41    0.00   -3.68      2.290   2.165   0.388
  24 2431.5   5/2-   5/2  30    1.47   22.70   22.72    5.09    3.75      18.48   18.57    0.00   -6.47      2.324   2.183   0.391
  25 2559.2   5/2-   1/2  32   -0.15    5.08    5.31    0.92   -0.16      10.37   10.59    0.03   -2.57      1.304   1.245   3.330
  
  26 2662.5   1/2-   1/2  36    0.50   16.98   17.29    0.25   -0.92      18.27   18.60    0.00   -5.82      2.298   2.187   0.331
  27 2948.1  13/2-   9/2  37    0.97    4.14    3.96   16.29    3.01      15.60   15.55    0.01   -0.61      1.961   1.828   1.197
  28 2984.6  11/2-   7/2  35   -1.97    3.26    3.17   11.05    2.17      13.63   13.65    0.02   -0.86      1.714   1.605   1.818
  29 3411.9  13/2-   1/2  31    0.13   14.90   14.67    2.91    2.45      23.58   23.48    0.00   -2.24      2.965   2.761   0.137
  30 4466.4  13/2-   7/2  35   -1.58    3.40    3.31   10.99    1.91      19.83   19.89    0.02   -0.69      2.493   2.339   1.776
  
  3111512.0   1/2-   1/2  25    0.52    5.92    8.95    0.36    0.70       5.77    8.89    0.09   -3.80      0.726   1.045   9.797
  32*******   1/2-   1/2  33   -0.60    5.35    5.46    3.14   -0.50       5.75    5.84    3.99   -3.65      0.723   0.687 429.536
