1SPECTRUM OF (Z= 82 A=207) IN PARTICLE-ROTOR  MODEL WITH MODIFIED OSCILLATOR POTENTIAL


 PARITY=-   EPS= 0.207   GAMMA=  0.0   EPS4=0.000   EPS6=0.000   LEVELS:  24  25  26  27  28  29  30  31  32  33  34  35  36  37  38

 PAIRING FACTORS: GN0= 19.20  GN1=  7.40  IPAIR= 15 ***  E2PLUS(INPUT)=   0.730  E2PLUR(INPUT)=   0.000

 CORIOLIS ATTENUATION PARAMETERS:  CHSI=1.000  ETA=  1.00

 MOMENT OF INERTIA PARAMETERS:   A1=  0.122 MEV   A2=  0.122 MEV   A3=121.91924 MEV


 DELTA=0.945 MEV  LAMBDA=53.4869 MEV   HW0= 7.4482 MEV   LAMBDA/HW0= 7.1812

 E2ENERGY=0.730 MEV  HBAR**2/B= 7945./A**(7/3)=1343.1/A**2 MEV

 IREC=0  =>  RECOIL TERMS j+j-, j+j+, jzjz, ETC TREATED AS ONE-BODY OPERATORS WITH UU+VV PAIRING FACTORS



 S. P. LEVEL   EQP       U     V        (UU + VV)**1.00

     24       5.203    0.091 0.996      1.000 1.000 1.000 0.999 0.995 0.990 0.989 0.987 0.670 0.570 0.486 0.412 0.399 0.324 0.258
     25       4.208    0.113 0.994      1.000 1.000 1.000 1.000 0.997 0.993 0.992 0.991 0.686 0.588 0.505 0.431 0.419 0.345 0.279
     26       4.070    0.117 0.993      1.000 1.000 1.000 1.000 0.998 0.994 0.993 0.991 0.689 0.591 0.509 0.435 0.422 0.348 0.283
     27       3.681    0.129 0.992      0.999 1.000 1.000 1.000 0.998 0.995 0.994 0.993 0.698 0.601 0.520 0.446 0.434 0.360 0.295
     28       2.591    0.186 0.983      0.995 0.997 0.998 0.998 1.000 0.999 0.999 0.998 0.738 0.646 0.567 0.496 0.484 0.413 0.349
     29       2.125    0.228 0.974      0.990 0.993 0.994 0.995 0.999 1.000 1.000 1.000 0.767 0.678 0.603 0.534 0.522 0.452 0.389
     30       2.061    0.236 0.972      0.989 0.992 0.993 0.994 0.999 1.000 1.000 1.000 0.771 0.684 0.609 0.540 0.528 0.459 0.397
     31       1.963    0.248 0.969      0.987 0.991 0.991 0.993 0.998 1.000 1.000 1.000 0.780 0.693 0.619 0.551 0.539 0.470 0.409
     32       0.984    0.800 0.600      0.670 0.686 0.689 0.698 0.738 0.767 0.771 0.780 1.000 0.992 0.974 0.952 0.948 0.919 0.890
     33       1.102    0.870 0.493      0.570 0.588 0.591 0.601 0.646 0.678 0.684 0.693 0.992 1.000 0.995 0.983 0.981 0.962 0.941
     34       1.276    0.914 0.405      0.486 0.505 0.509 0.520 0.567 0.603 0.609 0.619 0.974 0.995 1.000 0.996 0.995 0.984 0.970
     35       1.530    0.945 0.327      0.412 0.431 0.435 0.446 0.496 0.534 0.540 0.551 0.952 0.983 0.996 1.000 1.000 0.996 0.987
     36       1.588    0.950 0.313      0.399 0.419 0.422 0.434 0.484 0.522 0.528 0.539 0.948 0.981 0.995 1.000 1.000 0.997 0.989
     37       2.057    0.972 0.236      0.324 0.345 0.348 0.360 0.413 0.452 0.459 0.470 0.919 0.962 0.984 0.996 0.997 1.000 0.998
     38       2.838    0.986 0.169      0.258 0.279 0.283 0.295 0.349 0.389 0.397 0.409 0.890 0.941 0.970 0.987 0.989 0.998 1.000

  R CORE   ENERGY   A0R/A00=1.000    R3= 0     2  
   2( 1)    0.732                    1.000 0.000
   2( 2)  487.921                    0.000 1.000

  R CORE   ENERGY   A0R/A00=1.000    R3= 0     2  
   3( 1)  488.652                    0.000 1.000

  R CORE   ENERGY   A0R/A00=1.000    R3= 0     2     4  
   4( 1)    2.438                    1.000 0.000 0.000

  R CORE   ENERGY   A0R/A00=1.000    R3= 0     2     4  
   5( 1)  490.847                    0.000 1.000 0.000

  R CORE   ENERGY   A0R/A00=1.000    R3= 0     2     4     6  
   6( 1)    5.121                    1.000 0.000 0.000 0.000

  R CORE   ENERGY   A0R/A00=1.000    R3= 0     2     4     6  
   7( 1)  494.017                    0.000 1.000 0.000 0.000

          AXIAL SYMMETRY => K RESTRICTED TO OMEGA

                     K
     S.P. ORB#: 24  2.50
     S.P. ORB#: 25  2.50
     S.P. ORB#: 26  0.50
     S.P. ORB#: 27 -3.50
     S.P. ORB#: 28 -3.50
     S.P. ORB#: 29  0.50
     S.P. ORB#: 30  4.50
     S.P. ORB#: 31 -1.50
     S.P. ORB#: 32 -1.50
     S.P. ORB#: 33  2.50
     S.P. ORB#: 34  0.50
     S.P. ORB#: 35 -1.50
     S.P. ORB#: 36  0.50
     S.P. ORB#: 37  2.50
     S.P. ORB#: 38 -3.50
 

             ENERGY    K= OMEGA
 
 I=  1/2- (1)  1.851  26:-0.058
                      36:-0.998
 
 I=  1/2- (2)  3.189  29: 0.999
 
 I=  1/2- (3)  5.303  26: 0.998
                      36:-0.058
 
 I=  1/2- (4)  9.106  34:-1.000
 
 I=  1/2- (5)147.287  32: 1.000

             ENERGY    K= OMEGA
 
 I=  3/2- (1)  1.479  29: 0.184
                      31: 0.101
                      32: 0.974
                      36:-0.071
 
 I=  3/2- (2)  2.485  29:-0.183
                      31:-0.175
                      32: 0.123
                      36: 0.959

             ENERGY    K= OMEGA
 
 I=  5/2- (1)  1.579  26:-0.052
                      29: 0.139
                      31: 0.176
                      32:-0.445
                      33:-0.864
                      36: 0.052
 
 I=  5/2- (2)  2.117  29: 0.206
                      31:-0.173
                      32:-0.856
                      33: 0.436
                      36:-0.058
 
 I=  5/2- (3)  2.510  29:-0.189
                      31:-0.249
                      33:-0.138
                      36:-0.938
 
 I=  5/2- (4)  3.293  24: 0.073
                      26:-0.360
                      29: 0.428
                      31: 0.733
                      32: 0.068
                      33: 0.183
                      36:-0.326
 
 I=  5/2- (5)  4.496  24: 0.064
                      26: 0.074
                      29:-0.812
                      31: 0.510
                      32:-0.249
                      33: 0.096

             ENERGY    K= OMEGA
 
 I=  7/2- (1)  2.218  29: 0.190
                      31:-0.207
                      32: 0.531
                      33:-0.798
 
 I=  7/2- (2)  2.782  25: 0.082
                      26: 0.171
                      28:-0.128
                      29: 0.334
                      31: 0.311
                      32: 0.696
                      33: 0.466
                      36:-0.184
 
 I=  7/2- (3)  3.321  24: 0.053
                      25:-0.232
                      27:-0.115
                      28: 0.952
                      29: 0.074
                      32: 0.088
                      33: 0.072
                      36:-0.051
 
 I=  7/2- (4)  3.646  34:-0.731
                      35:-0.573
                      37:-0.344
                      38:-0.141
 
 I=  7/2- (5)  4.028  24:-0.065
                      26: 0.146
                      29: 0.160
                      31: 0.374
                      32:-0.324
                      33:-0.260
                      36:-0.797

             ENERGY    K= OMEGA
 
 I=  9/2- (1)  2.765  24: 0.076
                      25: 0.073
                      26:-0.074
                      27: 0.280
                      28: 0.152
                      29: 0.117
                      30:-0.855
                      31: 0.158
                      32:-0.182
                      33:-0.275
                      36: 0.061
 
 I=  9/2- (2)  2.926  26:-0.175
                      27:-0.062
                      28:-0.082
                      29: 0.290
                      30: 0.388
                      31: 0.345
                      32:-0.444
                      33:-0.620
                      36: 0.155
 
 I=  9/2- (3)  3.910  24: 0.093
                      25:-0.205
                      26:-0.070
                      27: 0.105
                      28:-0.414
                      29:-0.135
                      31: 0.329
                      32: 0.695
                      33:-0.269
                      36: 0.280
 
 I=  9/2- (4)  4.081  25:-0.063
                      26: 0.152
                      28:-0.188
                      29:-0.314
                      31:-0.212
                      33:-0.499
                      36:-0.736
 
 I=  9/2- (5)  4.268  24: 0.068
                      25:-0.246
                      27: 0.122
                      28:-0.795
                      29: 0.174
                      30:-0.130
                      31:-0.105
                      32:-0.372
                      33: 0.300

             ENERGY    K= OMEGA
 
 I= 11/2- (1)  2.550  34:-0.690
                      35:-0.576
                      37:-0.393
                      38:-0.194
 
 I= 11/2- (2)  3.671  24: 0.123
                      25: 0.114
                      27:-0.388
                      28:-0.211
                      30:-0.849
                      31:-0.098
                      32: 0.107
                      33:-0.178
 
 I= 11/2- (3)  4.168  28:-0.063
                      29:-0.278
                      30:-0.233
                      31: 0.272
                      32:-0.562
                      33: 0.688
 
 I= 11/2- (4)  4.724  24:-0.104
                      25: 0.163
                      26: 0.275
                      27: 0.094
                      28:-0.279
                      29: 0.385
                      31: 0.421
                      32: 0.516
                      33: 0.400
                      36:-0.220
 
 I= 11/2- (5)  5.332  24:-0.099
                      25: 0.337
                      26:-0.123
                      27: 0.178
                      28:-0.834
                      29:-0.189
                      30: 0.177
                      31:-0.132
                      32:-0.130
                      33:-0.138
                      36: 0.119

             ENERGY    K= OMEGA
 
 I= 13/2- (1)  4.690  24: 0.167
                      25: 0.124
                      26:-0.175
                      27: 0.398
                      28: 0.184
                      29: 0.222
                      30:-0.652
                      31: 0.296
                      32:-0.231
                      33:-0.325
                      36: 0.117
 
 I= 13/2- (2)  4.815  34: 0.235
                      35:-0.585
                      37: 0.651
                      38:-0.423
 
 I= 13/2- (3)  5.038  25:-0.071
                      26:-0.261
                      27:-0.216
                      28:-0.173
                      29: 0.346
                      30: 0.516
                      31: 0.386
                      32:-0.333
                      33:-0.409
                      36: 0.191
 
 I= 13/2- (4)  6.367  24: 0.175
                      25:-0.349
                      26:-0.079
                      27: 0.191
                      28:-0.629
                      29:-0.100
                      30:-0.105
                      31: 0.258
                      32: 0.529
                      33:-0.051
                      36: 0.197
 
 I= 13/2- (5)  6.668  25: 0.120
                      26:-0.184
                      27:-0.096
                      28: 0.324
                      29: 0.229
                      31: 0.192
                      32: 0.243
                      33: 0.528
                      36: 0.639

             ENERGY     K=-7/2
  32 LEVELS    TIME=  0.0 SEC



 ******************* EXCITATION ENERGIES, DOMINANT CONFIGURATION AND EXPECTATION VALUES (WITH S.P. UU+VV FACTORS) *******************

  NR  Eex(keV)  I   Kdom  NY    <Jz>  <Jx**2> <Jy**2> <Jz**2> <I.j>/|I|  <Rx**2> <Ry**2> <Rz**2> <R.j>/|R|  <HROTx> <HROTy> <HROTz>

   1    0.0   3/2-  -3/2  32   -1.42    1.59    1.59    2.17    1.42       1.79    1.79   -0.00   -1.37      0.219   0.219  -0.000
   2   99.8   5/2-   5/2  33    1.54    1.85    1.85    5.19    2.37       1.81    1.81    0.00   -0.99      0.221   0.221   0.000
   3  371.9   1/2-   1/2  36    0.50    1.26    1.26    0.25    0.83       1.05    1.05    0.00   -1.42      0.127   0.127   0.000
   4  638.0   5/2-  -3/2  32   -0.64    1.59    1.59    2.93    1.09       4.20    4.20   -0.00   -0.99      0.512   0.512  -0.000
   5  739.2   7/2-   5/2  33    1.12    1.96    1.96    4.75    1.97       4.39    4.39    0.00   -0.29      0.535   0.535   0.000
  
   6 1006.2   3/2-   1/2  36    0.41    1.46    1.46    0.34   -0.04       3.59    3.59    0.00   -1.25      0.438   0.438   0.000
   7 1030.7   5/2-   1/2  36    0.41    1.80    1.80    0.49    0.95       3.62    3.62    0.00   -0.48      0.441   0.441   0.000
   8 1071.2  11/2-   1/2  34   -0.00   27.69   27.69    2.29    7.12       4.15    4.15    0.00   -5.25      0.505   0.505   0.000
   9 1285.3   9/2-   9/2  30    3.08    2.86    2.86   16.72    4.22       2.61    2.61    0.00   -0.64      0.318   0.318   0.000
  10 1302.6   7/2-  -3/2  32   -0.29    1.87    1.87    2.98    1.41       5.66    5.66    0.00   -0.34      0.690   0.690   0.000
  
  11 1446.8   9/2-   5/2  33    1.20    2.73    2.73    6.32    2.52       5.71    5.71    0.00    0.23      0.696   0.696   0.000
  12 1709.3   1/2-   1/2  29    0.50    4.17    4.17    0.25    0.36       4.35    4.35    0.00   -2.80      0.531   0.531   0.000
  13 1813.6   5/2-  -3/2  31   -0.51    3.76    3.76    1.57    1.52       4.44    4.44   -0.00   -1.55      0.541   0.541  -0.000
  14 1841.6   7/2-  -7/2  28   -3.07    2.26    2.26   11.67    3.36       2.65    2.65    0.00   -1.25      0.323   0.323   0.000
  15 2167.2   7/2-   1/2  34    0.00   27.81   27.81    1.85    6.99       8.87    8.87    0.00   -7.06      1.082   1.082   0.000
  
  16 2192.2  11/2-   9/2  30    2.68    3.27    3.27   17.43    4.09       5.37    5.37    0.00    0.16      0.655   0.655   0.000
  17 2430.8   9/2-  -3/2  32   -1.16    1.86    1.86    4.40    1.45       9.22    9.22    0.00   -0.21      1.124   1.124   0.000
  18 2548.5   7/2-   1/2  36    0.15    2.15    2.15    1.19    0.20       9.84    9.84    0.00   -1.06      1.199   1.199   0.000
  19 2601.4   9/2-   1/2  36    0.77    2.32    2.32    2.32    1.18       9.98    9.98    0.00   -0.24      1.217   1.217   0.000
  20 2688.8  11/2-   5/2  33    0.86    2.24    2.24    5.01    1.80      11.89   11.89    0.00    0.25      1.449   1.449   0.000
  
  21 2789.0   9/2-  -7/2  28   -2.01    2.18    2.18    9.58    2.29       7.95    7.95    0.00   -0.64      0.969   0.969   0.000
  22 3017.1   5/2-   1/2  29   -0.12    4.21    4.21    0.98   -0.36      10.13   10.13    0.00   -2.32      1.235   1.235   0.000
  23 3211.1  13/2-   9/2  30    1.44    3.87    3.87   12.22    3.54       9.61    9.61    0.00    1.09      1.171   1.171   0.000
  24 3244.9  11/2-  -3/2  32   -0.34    2.42    2.42    3.37    1.73      11.64   11.64    0.00    0.44      1.419   1.419   0.000
  25 3335.6  13/2-   5/2  37   -0.05   26.81   26.81    5.62    6.06      11.65   11.65    0.00   -3.50      1.421   1.421   0.000
  
  26 3559.2  13/2-   9/2  30    1.08    3.48    3.48    8.05    2.78      12.46   12.46    0.00    0.88      1.519   1.519   0.000
  27 3823.4   1/2-   1/2  26    0.50    5.20    5.20    0.25    0.69       5.10    5.10    0.00   -3.15      0.622   0.622   0.000
  28 3852.7  11/2-  -7/2  28   -2.06    2.47    2.47   10.52    2.51      10.61   10.61    0.00   -0.10      1.294   1.294   0.000
  29 4887.9  13/2-  -7/2  28   -1.57    2.32    2.32    7.28    2.00      16.38   16.38    0.00    0.35      1.997   1.997   0.000
  30 5188.9  13/2-   1/2  36    0.44    2.22    2.22    3.60    1.15      20.35   20.35    0.00    0.00      2.481   2.481   0.000
  
  31 7626.6   1/2-   1/2  34    0.50   28.13   28.13    0.25   -4.02      32.11   32.11    0.00   -7.49      3.915   3.915   0.000
  32*******   1/2-  -3/2  32    0.00    0.00    0.00    0.00   -0.00       0.00    0.00    0.00   -0.00      0.000   0.000   0.000
