1SPECTRUM OF (Z= 82 A=207) IN PARTICLE-ROTOR  MODEL WITH MODIFIED OSCILLATOR POTENTIAL


 PARITY=-   EPS= 0.358   GAMMA=  0.0   EPS4=0.000   EPS6=0.000   LEVELS:  24  25  26  27  28  29  30  31  32  33  34  35  36  37  38

 PAIRING FACTORS: GN0= 19.20  GN1=  7.40  IPAIR= 15 ***  E2PLUS(INPUT)=   0.730  E2PLUR(INPUT)=   0.000

 CORIOLIS ATTENUATION PARAMETERS:  CHSI=1.000  ETA=  1.00

 MOMENT OF INERTIA PARAMETERS:   A1=  0.122 MEV   A2=  0.122 MEV   A3=121.91921 MEV


 DELTA=0.888 MEV  LAMBDA=53.3983 MEV   HW0= 7.5285 MEV   LAMBDA/HW0= 7.0929

 E2ENERGY=0.730 MEV  HBAR**2/B=23764./A**(7/3)=4017.3/A**2 MEV

 IREC=0  =>  RECOIL TERMS j+j-, j+j+, jzjz, ETC TREATED AS ONE-BODY OPERATORS WITH UU+VV PAIRING FACTORS



 S. P. LEVEL   EQP       U     V        (UU + VV)**1.00

     24       4.336    0.103 0.995      1.000 1.000 0.999 0.997 0.995 0.975 0.952 0.929 0.758 0.683 0.543 0.322 0.308 0.259 0.245
     25       4.250    0.105 0.994      1.000 1.000 0.999 0.997 0.995 0.975 0.952 0.929 0.759 0.685 0.545 0.324 0.310 0.261 0.247
     26       3.012    0.149 0.989      0.999 0.999 1.000 0.999 0.999 0.984 0.965 0.945 0.787 0.716 0.581 0.366 0.352 0.304 0.290
     27       2.452    0.184 0.983      0.997 0.997 0.999 1.000 1.000 0.990 0.974 0.956 0.809 0.741 0.610 0.399 0.385 0.338 0.324
     28       2.268    0.200 0.980      0.995 0.995 0.999 1.000 1.000 0.992 0.977 0.961 0.818 0.751 0.622 0.413 0.400 0.353 0.339
     29       1.458    0.322 0.947      0.975 0.975 0.984 0.990 0.992 1.000 0.996 0.988 0.884 0.829 0.716 0.525 0.512 0.468 0.454
     30       1.203    0.404 0.915      0.952 0.952 0.965 0.974 0.977 0.996 1.000 0.998 0.921 0.874 0.775 0.597 0.586 0.543 0.531
     31       1.080    0.464 0.886      0.929 0.929 0.945 0.956 0.961 0.988 0.998 1.000 0.946 0.905 0.816 0.650 0.639 0.599 0.587
     32       0.890    0.727 0.686      0.758 0.759 0.787 0.809 0.818 0.884 0.921 0.946 1.000 0.994 0.959 0.862 0.855 0.827 0.818
     33       0.922    0.797 0.604      0.683 0.685 0.716 0.741 0.751 0.829 0.874 0.905 0.994 1.000 0.984 0.911 0.905 0.882 0.875
     34       1.098    0.891 0.454      0.543 0.545 0.581 0.610 0.622 0.716 0.775 0.816 0.959 0.984 1.000 0.970 0.966 0.952 0.947
     35       2.044    0.975 0.223      0.322 0.324 0.366 0.399 0.413 0.525 0.597 0.650 0.862 0.911 0.970 1.000 1.000 0.998 0.997
     36       2.174    0.978 0.209      0.308 0.310 0.352 0.385 0.400 0.512 0.586 0.639 0.855 0.905 0.966 1.000 1.000 0.999 0.998
     37       2.837    0.987 0.159      0.259 0.261 0.304 0.338 0.353 0.468 0.543 0.599 0.827 0.882 0.952 0.998 0.999 1.000 1.000
     38       3.121    0.990 0.144      0.245 0.247 0.290 0.324 0.339 0.454 0.531 0.587 0.818 0.875 0.947 0.997 0.998 1.000 1.000

  R CORE   ENERGY   A0R/A00=1.000    R3= 0     2  
   2( 1)    0.732                    1.000 0.000
   2( 2)  487.921                    0.000 1.000

  R CORE   ENERGY   A0R/A00=1.000    R3= 0     2  
   3( 1)  488.652                    0.000 1.000

  R CORE   ENERGY   A0R/A00=1.000    R3= 0     2     4  
   4( 1)    2.438                    1.000 0.000 0.000

  R CORE   ENERGY   A0R/A00=1.000    R3= 0     2     4  
   5( 1)  490.847                    0.000 1.000 0.000

  R CORE   ENERGY   A0R/A00=1.000    R3= 0     2     4     6  
   6( 1)    5.121                    1.000 0.000 0.000 0.000

  R CORE   ENERGY   A0R/A00=1.000    R3= 0     2     4     6  
   7( 1)  494.017                    0.000 1.000 0.000 0.000

          AXIAL SYMMETRY => K RESTRICTED TO OMEGA

                     K
     S.P. ORB#: 24 -5.50
     S.P. ORB#: 25  0.50
     S.P. ORB#: 26  2.50
     S.P. ORB#: 27 -3.50
     S.P. ORB#: 28  0.50
     S.P. ORB#: 29 -1.50
     S.P. ORB#: 30  0.50
     S.P. ORB#: 31 -1.50
     S.P. ORB#: 32 -3.50
     S.P. ORB#: 33  2.50
     S.P. ORB#: 34  4.50
     S.P. ORB#: 35  0.50
     S.P. ORB#: 36 -3.50
     S.P. ORB#: 37 -1.50
     S.P. ORB#: 38  2.50
 

             ENERGY    K= OMEGA
 
 I=  1/2- (1)  2.467  30: 0.999
 
 I=  1/2- (2)  5.431  28: 0.299
                      35:-0.954
 
 I=  1/2- (3)  5.870  25: 0.999
 
 I=  1/2- (4)  8.871  28:-0.954
                      35:-0.299
 
 I=  1/2- (5)147.383  31: 1.000

             ENERGY    K= OMEGA
 
 I=  3/2- (1)  2.347  25:-0.078
                      30: 0.265
                      31:-0.961
 
 I=  3/2- (2)  2.530  25:-0.203
                      30:-0.911
                      31:-0.229
                      37:-0.276

             ENERGY    K= OMEGA
 
 I=  5/2- (1)  2.498  25:-0.261
                      30: 0.462
                      31: 0.807
                      37:-0.104
                      38:-0.238
 
 I=  5/2- (2)  3.375  26: 0.061
                      30:-0.737
                      31: 0.453
                      37: 0.473
                      38:-0.147
 
 I=  5/2- (3)  3.823  25:-0.106
                      26: 0.061
                      30: 0.209
                      31: 0.151
                      37: 0.447
                      38: 0.847
 
 I=  5/2- (4)  4.438  26:-0.143
                      30:-0.400
                      31: 0.280
                      37:-0.734
                      38: 0.450
 
 I=  5/2- (5)  4.808  26:-0.986
                      37: 0.161

             ENERGY    K= OMEGA
 
 I=  7/2- (1)  1.724  26: 0.177
                      32:-0.983
 
 I=  7/2- (2)  3.330  25:-0.144
                      30: 0.258
                      31:-0.863
                      37: 0.118
                      38:-0.389
 
 I=  7/2- (3)  3.495  25:-0.308
                      30:-0.847
                      31:-0.241
                      37:-0.358
 
 I=  7/2- (4)  3.775  28: 0.675
                      29: 0.586
                      33: 0.410
                      36: 0.181
 
 I=  7/2- (5)  4.317  26:-0.205
                      27:-0.949
                      30:-0.082
                      31: 0.094
                      37: 0.088
                      38:-0.183

             ENERGY    K= OMEGA
 
 I=  9/2- (1)  2.015  26: 0.082
                      27:-0.172
                      32: 0.298
                      34: 0.935
 
 I=  9/2- (2)  2.730  26: 0.240
                      27: 0.094
                      31: 0.052
                      32: 0.916
                      34:-0.297
                      38:-0.051
 
 I=  9/2- (3)  3.569  25:-0.373
                      30: 0.498
                      31: 0.711
                      32:-0.067
                      37:-0.167
                      38:-0.273
 
 I=  9/2- (4)  4.670  28:-0.215
                      29: 0.552
                      33:-0.679
                      36: 0.434
 
 I=  9/2- (5)  5.230  26: 0.098
                      30:-0.631
                      31: 0.491
                      32:-0.056
                      37: 0.540
                      38:-0.235

             ENERGY    K= OMEGA
 
 I= 11/2- (1)  3.131  26:-0.136
                      27:-0.233
                      32: 0.395
                      34:-0.878
 
 I= 11/2- (2)  3.163  28:-0.654
                      29:-0.581
                      33:-0.427
                      35:-0.063
                      36:-0.221
 
 I= 11/2- (3)  3.967  26:-0.280
                      27: 0.139
                      31: 0.067
                      32: 0.859
                      34: 0.394
                      38: 0.066
 
 I= 11/2- (4)  5.239  25: 0.272
                      31: 0.847
                      32:-0.094
                      37:-0.080
                      38: 0.437
 
 I= 11/2- (5)  5.357  25: 0.312
                      30: 0.849
                      37: 0.408
                      38:-0.112

             ENERGY    K= OMEGA
 
 I= 13/2- (1)  4.470  26: 0.182
                      27:-0.273
                      32: 0.453
                      34: 0.828
 
 I= 13/2- (2)  5.144  28: 0.215
                      29:-0.549
                      33: 0.672
                      36:-0.447
 
 I= 13/2- (3)  5.388  25: 0.244
                      26:-0.258
                      27:-0.158
                      30:-0.265
                      31:-0.392
                      32:-0.660
                      34: 0.382
                      37: 0.077
                      38: 0.193
 
 I= 13/2- (4)  5.572  25: 0.370
                      26: 0.165
                      27: 0.084
                      30:-0.431
                      31:-0.538
                      32: 0.477
                      34:-0.247
                      37: 0.165
                      38: 0.190
 
 I= 13/2- (5)  7.266  24: 0.999

             ENERGY     K= 5/2
  32 LEVELS    TIME=  0.0 SEC



 ******************* EXCITATION ENERGIES, DOMINANT CONFIGURATION AND EXPECTATION VALUES (WITH S.P. UU+VV FACTORS) *******************

  NR  Eex(keV)  I   Kdom  NY    <Jz>  <Jx**2> <Jy**2> <Jz**2> <I.j>/|I|  <Rx**2> <Ry**2> <Rz**2> <R.j>/|R|  <HROTx> <HROTy> <HROTz>

   1    0.0   7/2-  -7/2  32   -3.31    2.31    2.31   12.05    3.30       3.13    3.13    0.00   -1.43      0.382   0.382   0.000
   2  290.4   9/2-   9/2  34    3.54    2.51    2.51   19.21    4.20       3.62    3.62    0.00   -1.25      0.441   0.441   0.000
   3  622.5   3/2-  -3/2  31   -1.35    4.85    4.85    2.10    1.39       5.08    5.08    0.00   -2.86      0.619   0.619   0.000
   4  743.3   1/2-   1/2  30    0.50    4.88    4.88    0.25    0.26       5.16    5.16   -0.00   -3.05      0.629   0.629  -0.000
   5  773.3   5/2-  -3/2  31   -0.71    4.97    4.97    1.92    2.04       4.27    4.27    0.00   -1.99      0.520   0.520   0.000
  
   6  806.0   3/2-   1/2  30    0.24    4.40    4.40    0.51    1.08       4.44    4.44    0.00   -2.42      0.542   0.542   0.000
   7 1006.2   9/2-  -7/2  32   -2.43    2.39    2.39   12.56    2.85       6.89    6.89    0.00   -0.86      0.840   0.840   0.000
   8 1406.9  11/2-   9/2  34    2.77    2.70    2.70   18.31    3.63       8.01    8.01   -0.00   -0.50      0.977   0.977  -0.000
   9 1438.4  11/2-   1/2  28   -0.01   23.71   23.71    2.60    6.20       5.82    5.82   -0.00   -3.80      0.709   0.709  -0.000
  10 1605.4   7/2-  -3/2  31   -0.72    4.49    4.49    2.70    1.56       7.55    7.55    0.00   -1.42      0.920   0.920   0.000
  
  11 1650.8   5/2-   1/2  30   -0.31    3.97    3.97    1.26    0.57       7.28    7.28    0.00   -1.97      0.888   0.888   0.000
  12 1770.5   7/2-   1/2  30    0.13    4.24    4.24    0.64    1.28       7.37    7.37    0.00   -1.06      0.899   0.899   0.000
  13 1844.5   9/2-  -3/2  31   -0.43    5.10    5.10    1.82    2.20       7.45    7.45    0.00   -0.28      0.908   0.908   0.000
  14 2050.5   7/2-   1/2  28    0.02   23.37   23.37    2.34    6.09       8.26    8.26   -0.00   -6.13      1.007   1.007  -0.000
  15 2098.5   5/2-   5/2  38    1.50    2.05    2.05    5.03    1.81       3.60    3.60    0.00   -1.41      0.439   0.439   0.000
  
  16 2243.2  11/2-  -7/2  32   -1.75    2.48    2.48   12.95    2.54      11.63   11.63    0.00   -0.56      1.418   1.418   0.000
  17 2592.5   7/2-  -7/2  27   -2.99    5.99    5.99   11.55    3.05       7.53    7.53    0.00   -2.94      0.918   0.918   0.000
  18 2713.7   5/2-  -3/2  37   -0.29    2.78    2.78    2.82    0.21       7.95    7.95    0.00   -1.95      0.969   0.969   0.000
  19 2746.2  13/2-   9/2  34    2.18    2.87    2.87   17.54    3.25      13.31   13.31    0.00   -0.11      1.623   1.623   0.000
  20 2945.7   9/2-   5/2  33    0.06   24.17   24.17    5.88    5.23      13.48   13.48    0.00   -5.43      1.643   1.643   0.000
  
  21 3083.9   5/2-   5/2  26    2.39    5.93    5.93    6.14    2.02       7.39    7.39    0.00   -3.12      0.901   0.901   0.000
  22 3419.7  13/2-   5/2  33    0.00   24.16   24.16    5.96    5.18      15.37   15.37    0.00   -3.27      1.874   1.874   0.000
  23 3505.7   9/2-   1/2  30   -0.45    3.60    3.60    1.75    0.54      14.16   14.16    0.00   -1.18      1.727   1.727   0.000
  24 3514.5  11/2-  -3/2  31   -0.60    4.42    4.42    2.98    1.56      14.45   14.45    0.00   -0.46      1.762   1.762   0.000
  25 3632.4  11/2-   1/2  30    0.19    4.15    4.15    0.68    1.30      14.59   14.59    0.00   -0.22      1.779   1.779   0.000
  
  26 3663.4  13/2-  -7/2  32   -0.87    3.40    3.40    9.65    2.35      16.15   16.15    0.00   -0.00      1.970   1.970   0.000
  27 3706.4   1/2-   1/2  35    0.50   12.28   12.28    0.25   -1.19      13.81   13.81    0.00   -4.92      1.683   1.683   0.000
  28 3848.0  13/2-  -3/2  31   -0.71    4.41    4.41    5.31    2.22      15.96   15.96    0.00    0.24      1.946   1.946   0.000
  29 4145.5   1/2-   1/2  25    0.50    6.74    6.74    0.25    0.66       6.67    6.67    0.00   -3.60      0.813   0.813   0.000
  30 5541.9  13/2- -11/2  24   -5.49    2.75    2.75   30.21    4.32      12.04   12.04    0.00   -1.13      1.468   1.468   0.000
  
  31 7147.2   1/2-   1/2  28    0.50   23.63   23.63    0.25   -3.50      27.16   27.16   -0.00   -6.86      3.312   3.312  -0.000
  32*******   1/2-  -3/2  31    0.00    0.00    0.00    0.00   -0.00       0.00    0.00    0.00   -0.00      0.000   0.000   0.000
