1SPECTRUM OF (Z= 82 A=207) IN PARTICLE-ROTOR  MODEL WITH MODIFIED OSCILLATOR POTENTIAL


 PARITY=-   EPS= 0.338   GAMMA=  0.0   EPS4=0.000   EPS6=0.000   LEVELS:  24  25  26  27  28  29  30  31  32  33  34  35  36  37  38

 PAIRING FACTORS: GN0= 19.20  GN1=  7.40  IPAIR= 15 ***  E2PLUS(INPUT)=   0.730  E2PLUR(INPUT)=   0.000

 CORIOLIS ATTENUATION PARAMETERS:  CHSI=1.000  ETA=  1.00

 MOMENT OF INERTIA PARAMETERS:   A1=  0.122 MEV   A2=  0.122 MEV   A3=121.91922 MEV


 DELTA=0.911 MEV  LAMBDA=53.3424 MEV   HW0= 7.5149 MEV   LAMBDA/HW0= 7.0982

 E2ENERGY=0.730 MEV  HBAR**2/B=21183./A**(7/3)=3580.9/A**2 MEV

 IREC=0  =>  RECOIL TERMS j+j-, j+j+, jzjz, ETC TREATED AS ONE-BODY OPERATORS WITH UU+VV PAIRING FACTORS



 S. P. LEVEL   EQP       U     V        (UU + VV)**1.00

     24       4.626    0.099 0.995      1.000 1.000 0.999 0.997 0.987 0.958 0.943 0.939 0.846 0.641 0.584 0.296 0.283 0.276 0.258
     25       4.198    0.109 0.994      1.000 1.000 0.999 0.997 0.989 0.961 0.947 0.942 0.852 0.649 0.592 0.306 0.293 0.286 0.268
     26       3.133    0.147 0.989      0.999 0.999 1.000 0.999 0.994 0.971 0.958 0.954 0.871 0.677 0.622 0.342 0.329 0.322 0.305
     27       2.575    0.180 0.984      0.997 0.997 0.999 1.000 0.997 0.978 0.967 0.964 0.887 0.701 0.648 0.373 0.361 0.353 0.336
     28       1.835    0.257 0.966      0.987 0.989 0.994 0.997 1.000 0.991 0.984 0.982 0.921 0.755 0.706 0.445 0.433 0.426 0.409
     29       1.293    0.381 0.925      0.958 0.961 0.971 0.978 0.991 1.000 0.999 0.998 0.964 0.834 0.792 0.558 0.547 0.540 0.525
     30       1.187    0.423 0.906      0.943 0.947 0.958 0.967 0.984 0.999 1.000 1.000 0.975 0.859 0.820 0.596 0.585 0.579 0.564
     31       1.162    0.435 0.900      0.939 0.942 0.954 0.964 0.982 0.998 1.000 1.000 0.978 0.866 0.827 0.607 0.596 0.590 0.575
     32       0.940    0.614 0.790      0.846 0.852 0.871 0.887 0.921 0.964 0.975 0.978 1.000 0.951 0.926 0.759 0.750 0.745 0.733
     33       0.980    0.827 0.562      0.641 0.649 0.677 0.701 0.755 0.834 0.859 0.866 0.951 1.000 0.997 0.923 0.918 0.915 0.907
     34       1.051    0.866 0.500      0.584 0.592 0.622 0.648 0.706 0.792 0.820 0.827 0.926 0.997 1.000 0.949 0.944 0.942 0.935
     35       2.320    0.980 0.200      0.296 0.306 0.342 0.373 0.445 0.558 0.596 0.607 0.759 0.923 0.949 1.000 1.000 1.000 0.999
     36       2.480    0.982 0.187      0.283 0.293 0.329 0.361 0.433 0.547 0.585 0.596 0.750 0.918 0.944 1.000 1.000 1.000 1.000
     37       2.581    0.984 0.179      0.276 0.286 0.322 0.353 0.426 0.540 0.579 0.590 0.745 0.915 0.942 1.000 1.000 1.000 1.000
     38       2.861    0.987 0.161      0.258 0.268 0.305 0.336 0.409 0.525 0.564 0.575 0.733 0.907 0.935 0.999 1.000 1.000 1.000

  R CORE   ENERGY   A0R/A00=1.000    R3= 0     2  
   2( 1)    0.732                    1.000 0.000
   2( 2)  487.921                    0.000 1.000

  R CORE   ENERGY   A0R/A00=1.000    R3= 0     2  
   3( 1)  488.652                    0.000 1.000

  R CORE   ENERGY   A0R/A00=1.000    R3= 0     2     4  
   4( 1)    2.438                    1.000 0.000 0.000

  R CORE   ENERGY   A0R/A00=1.000    R3= 0     2     4  
   5( 1)  490.847                    0.000 1.000 0.000

  R CORE   ENERGY   A0R/A00=1.000    R3= 0     2     4     6  
   6( 1)    5.121                    1.000 0.000 0.000 0.000

  R CORE   ENERGY   A0R/A00=1.000    R3= 0     2     4     6  
   7( 1)  494.017                    0.000 1.000 0.000 0.000

          AXIAL SYMMETRY => K RESTRICTED TO OMEGA

                     K
     S.P. ORB#: 24 -5.50
     S.P. ORB#: 25  0.50
     S.P. ORB#: 26  2.50
     S.P. ORB#: 27 -3.50
     S.P. ORB#: 28  0.50
     S.P. ORB#: 29  0.50
     S.P. ORB#: 30 -1.50
     S.P. ORB#: 31 -1.50
     S.P. ORB#: 32 -3.50
     S.P. ORB#: 33  4.50
     S.P. ORB#: 34  2.50
     S.P. ORB#: 35 -3.50
     S.P. ORB#: 36  0.50
     S.P. ORB#: 37 -1.50
     S.P. ORB#: 38  2.50
 

             ENERGY    K= OMEGA
 
 I=  1/2- (1)  2.536  29: 0.999
 
 I=  1/2- (2)  5.778  25: 0.999
 
 I=  1/2- (3)  5.821  28:-0.373
                      36: 0.928
 
 I=  1/2- (4)  8.751  28: 0.928
                      36: 0.373
 
 I=  1/2- (5)147.465  31: 1.000

             ENERGY    K= OMEGA
 
 I=  3/2- (1)  2.407  25: 0.089
                      29:-0.224
                      31: 0.969
 
 I=  3/2- (2)  2.562  25:-0.199
                      29:-0.887
                      31:-0.167
                      37:-0.382

             ENERGY    K= OMEGA
 
 I=  5/2- (1)  2.523  25:-0.263
                      29: 0.456
                      31: 0.787
                      37:-0.134
                      38:-0.294
 
 I=  5/2- (2)  3.342  26:-0.064
                      29: 0.633
                      31:-0.439
                      37:-0.624
                      38: 0.110
 
 I=  5/2- (3)  3.583  25:-0.128
                      29: 0.303
                      31: 0.162
                      37: 0.347
                      38: 0.863
 
 I=  5/2- (4)  4.278  26:-0.072
                      29:-0.508
                      31: 0.341
                      37:-0.680
                      38: 0.396
 
 I=  5/2- (5)  4.921  26: 0.994
                      37:-0.099

             ENERGY    K= OMEGA
 
 I=  7/2- (1)  1.748  26: 0.190
                      32:-0.980
 
 I=  7/2- (2)  3.333  25: 0.130
                      29:-0.273
                      31: 0.814
                      37:-0.170
                      38: 0.463
 
 I=  7/2- (3)  3.506  25:-0.316
                      29:-0.799
                      31:-0.289
                      37:-0.419
 
 I=  7/2- (4)  3.567  28:-0.708
                      30:-0.583
                      34:-0.367
                      35:-0.157
 
 I=  7/2- (5)  4.385  26: 0.203
                      27: 0.792
                      29: 0.220
                      31:-0.239
                      37:-0.240
                      38: 0.410

             ENERGY    K= OMEGA
 
 I=  9/2- (1)  1.878  26: 0.075
                      27:-0.187
                      32: 0.251
                      33: 0.947
 
 I=  9/2- (2)  2.715  26:-0.260
                      27:-0.091
                      32:-0.926
                      33: 0.248
 
 I=  9/2- (3)  3.570  25:-0.375
                      29: 0.493
                      31: 0.696
                      32:-0.060
                      37:-0.191
                      38:-0.303
 
 I=  9/2- (4)  4.633  28:-0.225
                      30: 0.566
                      34:-0.667
                      35: 0.429
 
 I=  9/2- (5)  5.177  26:-0.100
                      29: 0.536
                      31:-0.483
                      32: 0.058
                      37:-0.661
                      38: 0.165

             ENERGY    K= OMEGA
 
 I= 11/2- (1)  2.923  28:-0.677
                      30:-0.579
                      34:-0.400
                      35:-0.207
                      36:-0.057
 
 I= 11/2- (2)  2.974  26:-0.128
                      27:-0.254
                      32: 0.343
                      33:-0.895
 
 I= 11/2- (3)  3.914  26: 0.305
                      27:-0.132
                      31:-0.060
                      32:-0.875
                      33:-0.341
                      38:-0.061
 
 I= 11/2- (4)  5.229  25:-0.222
                      29: 0.137
                      31:-0.804
                      32: 0.079
                      37: 0.165
                      38:-0.499
 
 I= 11/2- (5)  5.356  25: 0.354
                      29: 0.806
                      31: 0.164
                      37: 0.437
                      38:-0.060

             ENERGY    K= OMEGA
 
 I= 13/2- (1)  4.288  26: 0.173
                      27:-0.296
                      32: 0.403
                      33: 0.848
 
 I= 13/2- (2)  5.049  28:-0.219
                      30: 0.554
                      34:-0.666
                      35: 0.449
 
 I= 13/2- (3)  5.321  25: 0.172
                      26:-0.309
                      27:-0.163
                      29:-0.179
                      31:-0.279
                      32:-0.758
                      33: 0.371
                      38: 0.156
 
 I= 13/2- (4)  5.536  25: 0.412
                      26: 0.126
                      27: 0.051
                      29:-0.470
                      31:-0.593
                      32: 0.343
                      33:-0.160
                      37: 0.194
                      38: 0.241
 
 I= 13/2- (5)  7.555  24: 0.998

             ENERGY     K= 5/2
  32 LEVELS    TIME=  0.0 SEC



 ******************* EXCITATION ENERGIES, DOMINANT CONFIGURATION AND EXPECTATION VALUES (WITH S.P. UU+VV FACTORS) *******************

  NR  Eex(keV)  I   Kdom  NY    <Jz>  <Jx**2> <Jy**2> <Jz**2> <I.j>/|I|  <Rx**2> <Ry**2> <Rz**2> <R.j>/|R|  <HROTx> <HROTy> <HROTz>

   1    0.0   7/2-  -7/2  32   -3.28    2.31    2.31   12.02    3.34       2.96    2.96   -0.00   -1.40      0.361   0.361  -0.000
   2  130.6   9/2-   9/2  33    3.71    2.53    2.53   19.39    4.26       3.41    3.41    0.00   -1.25      0.416   0.416   0.000
   3  659.0   3/2-  -3/2  31   -1.38    4.75    4.75    2.13    1.41       4.96    4.96    0.00   -2.83      0.605   0.605   0.000
   4  775.1   5/2-  -3/2  31   -0.60    4.81    4.81    2.04    2.13       3.90    3.90    0.00   -1.92      0.475   0.475   0.000
   5  788.6   1/2-   1/2  29    0.50    4.81    4.81    0.25    0.27       5.07    5.07    0.00   -3.02      0.618   0.618   0.000
  
   6  813.7   3/2-   1/2  29    0.15    4.10    4.10    0.60    1.19       3.97    3.97    0.00   -2.31      0.484   0.484   0.000
   7  967.5   9/2-  -7/2  32   -2.58    2.41    2.41   12.29    2.88       6.58    6.58   -0.00   -0.76      0.802   0.802  -0.000
   8 1174.9  11/2-   1/2  28   -0.02   24.22   24.22    2.40    6.27       5.77    5.77   -0.00   -3.92      0.704   0.704  -0.000
   9 1225.7  11/2-   9/2  33    3.00    2.74    2.74   18.57    3.73       7.62    7.62    0.00   -0.45      0.929   0.929   0.000
  10 1585.4   7/2-  -3/2  31   -0.46    4.22    4.22    2.95    1.66       6.98    6.98    0.00   -1.28      0.852   0.852   0.000
  
  11 1594.2   5/2-   1/2  29   -0.63    3.36    3.36    1.51    0.73       6.33    6.33    0.00   -1.71      0.772   0.772   0.000
  12 1757.8   7/2-   1/2  29   -0.02    3.99    3.99    0.79    1.33       6.98    6.98    0.00   -0.93      0.851   0.851   0.000
  13 1818.8   7/2-   1/2  28   -0.01   23.84   23.84    2.03    6.13       8.39    8.39    0.00   -6.19      1.022   1.022   0.000
  14 1822.0   9/2-  -3/2  31   -0.37    4.97    4.97    1.89    2.24       7.14    7.14    0.00   -0.18      0.871   0.871   0.000
  15 1835.6   5/2-   5/2  38    1.70    2.22    2.22    5.01    1.80       3.78    3.78    0.00   -1.50      0.461   0.461   0.000
  
  16 2166.5  11/2-  -7/2  32   -1.98    2.50    2.50   12.56    2.59      11.18   11.18   -0.00   -0.44      1.363   1.363  -0.000
  17 2530.4   5/2-  -3/2  37   -0.33    3.12    3.12    2.38   -0.04       8.80    8.80    0.00   -2.08      1.072   1.072   0.000
  18 2540.3  13/2-   9/2  33    2.43    2.93    2.93   17.83    3.36      12.73   12.73    0.00   -0.04      1.553   1.553   0.000
  19 2637.1   7/2-  -7/2  27   -1.82    4.98    4.98    9.26    2.46       7.71    7.71   -0.00   -2.41      0.941   0.941  -0.000
  20 2885.0   9/2-   5/2  34    0.01   24.49   24.49    5.77    5.30      13.39   13.39    0.00   -5.49      1.632   1.632   0.000
  
  21 3173.3   5/2-   5/2  26    2.46    5.99    5.99    6.21    2.06       7.36    7.36    0.00   -3.15      0.897   0.897   0.000
  22 3301.2  13/2-   5/2  34   -0.03   24.48   24.48    5.94    5.27      15.02   15.02    0.00   -3.30      1.831   1.831   0.000
  23 3428.9   9/2-  -3/2  37   -0.79    3.11    3.11    1.88    0.59      13.49   13.49    0.00   -0.99      1.644   1.644   0.000
  24 3481.5  11/2-  -3/2  31   -0.37    4.15    4.15    3.21    1.58      14.16   14.16    0.00   -0.38      1.726   1.726   0.000
  25 3573.0  13/2-  -7/2  32   -1.27    2.97    2.97   11.10    2.39      16.18   16.18   -0.00   -0.06      1.973   1.973  -0.000
  
  26 3608.5  11/2-   1/2  29    0.07    3.97    3.97    0.74    1.35      14.14   14.14    0.00   -0.11      1.724   1.724   0.000
  27 3788.5  13/2-  -3/2  31   -0.51    4.77    4.77    3.44    2.26      15.07   15.07    0.00    0.51      1.837   1.837   0.000
  28 4030.5   1/2-   1/2  25    0.50    6.58    6.58    0.25    0.67       6.51    6.51    0.00   -3.56      0.793   0.793   0.000
  29 4073.4   1/2-   1/2  36    0.50   12.34   12.34    0.25   -1.43      14.07   14.07    0.00   -4.93      1.716   1.716   0.000
  30 5807.4  13/2- -11/2  24   -5.49    2.76    2.76   30.19    4.32      12.05   12.05    0.00   -1.13      1.469   1.469   0.000
  
  31 7002.9   1/2-   1/2  28    0.50   24.42   24.42    0.25   -3.55      27.99   27.99    0.00   -6.97      3.413   3.413   0.000
  32*******   1/2-  -3/2  31    0.00    0.00    0.00    0.00   -0.00       0.00    0.00    0.00   -0.00      0.000   0.000   0.000
