1SPECTRUM OF (Z= 82 A=207) IN PARTICLE-ROTOR  MODEL WITH MODIFIED OSCILLATOR POTENTIAL


 PARITY=-   EPS= 0.268   GAMMA=  0.0   EPS4=0.000   EPS6=0.000   LEVELS:  25  26  27  28  29  30  31  32  33  34  35  36  37  38  39

 PAIRING FACTORS: GN0= 19.20  GN1=  7.40  IPAIR= 15 ***  E2PLUS(INPUT)=   0.730  E2PLUR(INPUT)=   0.000

 CORIOLIS ATTENUATION PARAMETERS:  CHSI=1.000  ETA=  1.00

 MOMENT OF INERTIA PARAMETERS:   A1=  0.122 MEV   A2=  0.122 MEV   A3=121.91924 MEV


 DELTA=0.945 MEV  LAMBDA=53.3422 MEV   HW0= 7.4746 MEV   LAMBDA/HW0= 7.1364

 E2ENERGY=0.730 MEV  HBAR**2/B=13318./A**(7/3)=2251.3/A**2 MEV

 IREC=0  =>  RECOIL TERMS j+j-, j+j+, jzjz, ETC TREATED AS ONE-BODY OPERATORS WITH UU+VV PAIRING FACTORS



 S. P. LEVEL   EQP       U     V        (UU + VV)**1.00

     25       4.119    0.115 0.993      1.000 1.000 0.999 0.984 0.982 0.978 0.947 0.828 0.647 0.416 0.415 0.373 0.306 0.293 0.238
     26       3.676    0.130 0.992      1.000 1.000 1.000 0.987 0.985 0.980 0.951 0.836 0.657 0.429 0.428 0.386 0.319 0.306 0.252
     27       3.126    0.153 0.988      0.999 1.000 1.000 0.990 0.989 0.985 0.958 0.849 0.675 0.450 0.450 0.408 0.341 0.329 0.275
     28       1.704    0.290 0.957      0.984 0.987 0.990 1.000 1.000 0.999 0.989 0.914 0.771 0.571 0.570 0.531 0.469 0.458 0.406
     29       1.655    0.299 0.954      0.982 0.985 0.989 1.000 1.000 1.000 0.990 0.918 0.778 0.579 0.578 0.540 0.478 0.466 0.415
     30       1.548    0.322 0.947      0.978 0.980 0.985 0.999 1.000 1.000 0.993 0.928 0.793 0.599 0.598 0.560 0.499 0.488 0.437
     31       1.219    0.429 0.903      0.947 0.951 0.958 0.989 0.990 0.993 1.000 0.964 0.858 0.687 0.686 0.652 0.596 0.585 0.538
     32       0.955    0.652 0.758      0.828 0.836 0.849 0.914 0.918 0.928 0.964 1.000 0.963 0.854 0.854 0.829 0.787 0.778 0.741
     33       1.024    0.832 0.554      0.647 0.657 0.675 0.771 0.778 0.793 0.858 0.963 1.000 0.963 0.963 0.949 0.924 0.919 0.895
     34       1.609    0.951 0.309      0.416 0.429 0.450 0.571 0.579 0.599 0.687 0.854 0.963 1.000 1.000 0.999 0.993 0.991 0.982
     35       1.613    0.951 0.308      0.415 0.428 0.450 0.570 0.578 0.598 0.686 0.854 0.963 1.000 1.000 0.999 0.993 0.991 0.982
     36       1.860    0.965 0.263      0.373 0.386 0.408 0.531 0.540 0.560 0.652 0.829 0.949 0.999 0.999 1.000 0.997 0.996 0.990
     37       2.485    0.981 0.194      0.306 0.319 0.341 0.469 0.478 0.499 0.596 0.787 0.924 0.993 0.993 0.997 1.000 1.000 0.998
     38       2.660    0.984 0.181      0.293 0.306 0.329 0.458 0.466 0.488 0.585 0.778 0.919 0.991 0.991 0.996 1.000 1.000 0.998
     39       3.829    0.992 0.124      0.238 0.252 0.275 0.406 0.415 0.437 0.538 0.741 0.895 0.982 0.982 0.990 0.998 0.998 1.000

  R CORE   ENERGY   A0R/A00=1.000    R3= 0     2  
   2( 1)    0.732                    1.000 0.000
   2( 2)  487.921                    0.000 1.000

  R CORE   ENERGY   A0R/A00=1.000    R3= 0     2  
   3( 1)  488.652                    0.000 1.000

  R CORE   ENERGY   A0R/A00=1.000    R3= 0     2     4  
   4( 1)    2.438                    1.000 0.000 0.000

  R CORE   ENERGY   A0R/A00=1.000    R3= 0     2     4  
   5( 1)  490.847                    0.000 1.000 0.000

  R CORE   ENERGY   A0R/A00=1.000    R3= 0     2     4     6  
   6( 1)    5.121                    1.000 0.000 0.000 0.000

  R CORE   ENERGY   A0R/A00=1.000    R3= 0     2     4     6  
   7( 1)  494.017                    0.000 1.000 0.000 0.000

          AXIAL SYMMETRY => K RESTRICTED TO OMEGA

                     K
     S.P. ORB#: 25  0.50
     S.P. ORB#: 26  2.50
     S.P. ORB#: 27 -3.50
     S.P. ORB#: 28  0.50
     S.P. ORB#: 29 -3.50
     S.P. ORB#: 30 -1.50
     S.P. ORB#: 31  4.50
     S.P. ORB#: 32  0.50
     S.P. ORB#: 33 -1.50
     S.P. ORB#: 34  2.50
     S.P. ORB#: 35 -1.50
     S.P. ORB#: 36  2.50
     S.P. ORB#: 37  0.50
     S.P. ORB#: 38 -3.50
     S.P. ORB#: 39  0.50
 

             ENERGY    K= OMEGA
 
 I=  1/2- (1)  2.778  28: 0.360
                      37: 0.932
 
 I=  1/2- (2)  2.872  25:-0.058
                      28: 0.932
                      37:-0.358
 
 I=  1/2- (3)  5.543  25: 0.997
                      37:-0.059
 
 I=  1/2- (4)  6.449  32:-0.664
                      39: 0.748
 
 I=  1/2- (5)  9.586  32: 0.748
                      39: 0.664

             ENERGY    K= OMEGA
 
 I=  3/2- (1)  2.107  25: 0.075
                      28: 0.283
                      30: 0.158
                      35: 0.939
                      37:-0.085
 
 I=  3/2- (2)  2.702  25:-0.089
                      28: 0.235
                      30:-0.956
                      35: 0.107
                      37: 0.105
 
 I=  3/2- (3)  2.986  25:-0.214
                      28:-0.840
                      30:-0.111
                      35: 0.322
                      37: 0.364
 
 I=  3/2- (4)  3.557  25:-0.180
                      28:-0.312
                      30:-0.155
                      35: 0.051
                      37:-0.918
 
 I=  3/2- (5)  4.720  32:-0.825
                      33:-0.360
                      39: 0.436

             ENERGY    K= OMEGA
 
 I=  5/2- (1)  2.273  25: 0.127
                      28:-0.260
                      30:-0.376
                      35: 0.438
                      36: 0.759
                      37:-0.087
 
 I=  5/2- (2)  2.759  25: 0.065
                      28: 0.147
                      30:-0.392
                      35:-0.838
                      36: 0.314
                      37:-0.136
 
 I=  5/2- (3)  2.951  25:-0.234
                      28: 0.474
                      30: 0.552
                      36: 0.542
                      37: 0.346
 
 I=  5/2- (4)  3.651  25:-0.191
                      28: 0.084
                      30: 0.327
                      36: 0.099
                      37:-0.916
 
 I=  5/2- (5)  4.197  25: 0.075
                      28:-0.793
                      30: 0.484
                      35:-0.318
                      36: 0.149
                      37: 0.089

             ENERGY    K= OMEGA
 
 I=  7/2- (1)  2.408  26: 0.220
                      27:-0.069
                      29:-0.971
                      36:-0.051
 
 I=  7/2- (2)  2.927  28: 0.274
                      30:-0.329
                      35: 0.527
                      36:-0.732
 
 I=  7/2- (3)  3.187  32:-0.747
                      33:-0.561
                      34:-0.326
                      38:-0.127
                      39: 0.070
 
 I=  7/2- (4)  3.286  25: 0.262
                      28: 0.454
                      29:-0.065
                      30: 0.475
                      35: 0.565
                      36: 0.366
                      37:-0.202
 
 I=  7/2- (5)  4.210  25:-0.051
                      27: 0.085
                      28: 0.482
                      30:-0.727
                      36: 0.472
                      37: 0.056

             ENERGY    K= OMEGA
 
 I=  9/2- (1)  2.022  26: 0.065
                      27:-0.234
                      29: 0.178
                      31: 0.953
 
 I=  9/2- (2)  3.306  25: 0.081
                      26:-0.288
                      27:-0.100
                      28:-0.096
                      29:-0.897
                      30:-0.169
                      31: 0.159
                      36: 0.168
                      37:-0.050
 
 I=  9/2- (3)  3.410  25:-0.294
                      26:-0.090
                      28: 0.415
                      29:-0.245
                      30: 0.537
                      31: 0.065
                      35:-0.350
                      36:-0.477
                      37: 0.176
 
 I=  9/2- (4)  4.469  32: 0.245
                      33:-0.609
                      34: 0.644
                      38:-0.392
 
 I=  9/2- (5)  4.483  25: 0.228
                      26:-0.059
                      27: 0.056
                      28:-0.131
                      29: 0.052
                      30:-0.439
                      35:-0.672
                      36:-0.396
                      37:-0.347

             ENERGY    K= OMEGA
 
 I= 11/2- (1)  2.325  32: 0.693
                      33: 0.576
                      34: 0.389
                      38: 0.189
 
 I= 11/2- (2)  3.027  26:-0.109
                      27:-0.314
                      29: 0.246
                      31:-0.910
 
 I= 11/2- (3)  4.441  26: 0.351
                      27:-0.129
                      29:-0.884
                      30:-0.087
                      31:-0.236
                      35:-0.061
                      36:-0.096
 
 I= 11/2- (4)  4.858  28:-0.350
                      30: 0.392
                      31:-0.056
                      35:-0.536
                      36: 0.655
 
 I= 11/2- (5)  5.174  25:-0.371
                      28:-0.514
                      29: 0.139
                      30:-0.519
                      35:-0.409
                      36:-0.295
                      37: 0.231

             ENERGY    K= OMEGA
 
 I= 13/2- (1)  4.253  26:-0.148
                      27: 0.363
                      29:-0.293
                      31:-0.871
 
 I= 13/2- (2)  4.584  32: 0.230
                      33:-0.589
                      34: 0.652
                      38:-0.417
 
 I= 13/2- (3)  5.323  25:-0.402
                      28: 0.470
                      29: 0.081
                      30: 0.588
                      35:-0.273
                      36:-0.382
                      37: 0.206
 
 I= 13/2- (4)  5.820  26: 0.387
                      27: 0.155
                      28:-0.067
                      29: 0.851
                      31:-0.291
                      35: 0.107
 
 I= 13/2- (5)  7.140  25: 0.227
                      26:-0.056
                      27: 0.065
                      28:-0.111
                      29: 0.072
                      30:-0.294
                      35:-0.651
                      36:-0.536
                      37:-0.353

             ENERGY     K= 1/2
  35 LEVELS    TIME=  0.0 SEC



 ******************* EXCITATION ENERGIES, DOMINANT CONFIGURATION AND EXPECTATION VALUES (WITH S.P. UU+VV FACTORS) *******************

  NR  Eex(keV)  I   Kdom  NY    <Jz>  <Jx**2> <Jy**2> <Jz**2> <I.j>/|I|  <Rx**2> <Ry**2> <Rz**2> <R.j>/|R|  <HROTx> <HROTy> <HROTz>

   1    0.0   9/2-   9/2  31    3.80    2.59    2.59   19.50    4.41       2.77    2.77   -0.00   -1.16      0.337   0.337  -0.001
   2   85.3   3/2-  -3/2  35   -1.31    1.83    1.83    2.06    1.45       1.92    1.92    0.00   -1.48      0.234   0.234   0.000
   3  251.0   5/2-   5/2  36    0.99    2.57    2.57    4.37    2.43       1.94    1.94    0.00   -1.18      0.237   0.237   0.000
   4  303.6  11/2-   1/2  32   -0.00   26.24   26.24    2.25    6.75       4.86    4.86    0.00   -4.60      0.593   0.593   0.000
   5  386.4   7/2-  -7/2  29   -3.19    2.31    2.31   11.93    3.40       2.66    2.66    0.00   -1.33      0.324   0.324   0.000
  
   6  680.6   3/2-  -3/2  30   -1.35    4.51    4.51    2.10    1.48       4.57    4.57    0.00   -2.73      0.557   0.557   0.000
   7  736.8   5/2-  -3/2  35   -1.01    1.87    1.87    2.56    1.02       4.50    4.50    0.00   -1.09      0.549   0.549   0.000
   8  756.4   1/2-   1/2  37    0.50    1.94    1.94    0.25    0.96       1.61    1.61    0.00   -1.84      0.196   0.196   0.000
   9  850.3   1/2-   1/2  28    0.50    3.97    3.97    0.25    0.14       4.35    4.35   -0.00   -2.74      0.530   0.530  -0.000
  10  905.1   7/2-   5/2  36    0.79    2.37    2.37    4.27    1.90       4.83    4.83    0.00   -0.47      0.588   0.588   0.000
  
  11  929.3   5/2-  -3/2  30    0.47    3.73    3.73    2.63    1.77       4.20    4.20    0.00   -1.68      0.512   0.512   0.000
  12  964.3   3/2-   1/2  28    0.27    3.52    3.52    0.48    0.62       4.43    4.43   -0.00   -2.12      0.540   0.540  -0.000
  13 1005.5  11/2-   9/2  31    3.20    2.86    2.86   18.80    3.97       6.42    6.42   -0.00   -0.22      0.783   0.783  -0.000
  14 1165.5   7/2-   1/2  32    0.02   25.36   25.36    1.71    6.42       8.61    8.61    0.00   -6.50      1.050   1.050   0.000
  15 1264.3   7/2-  -3/2  35   -0.34    2.74    2.74    2.20    1.48       5.85    5.85    0.00   -0.53      0.713   0.713   0.000
  
  16 1284.4   9/2-  -7/2  29   -2.50    2.53    2.53   11.27    2.93       5.98    5.98    0.00   -0.51      0.729   0.729   0.000
  17 1388.1   9/2-  -3/2  30   -0.07    3.87    3.87    3.29    2.37       6.08    6.08    0.00    0.22      0.741   0.741   0.000
  18 1534.8   3/2-   1/2  37    0.45    1.81    1.81    0.30   -0.39       4.59    4.59    0.00   -1.54      0.560   0.560   0.000
  19 1628.7   5/2-   1/2  37    0.30    1.73    1.73    0.52    0.46       4.99    4.99    0.00   -0.83      0.609   0.609   0.000
  20 2174.9   5/2-   1/2  28   -0.13    4.28    4.28    1.05   -0.38      10.31   10.31    0.00   -2.37      1.257   1.257   0.000
  
  21 2188.1   7/2-  -3/2  30   -0.14    3.85    3.85    2.74    0.68      10.38   10.38    0.00   -1.70      1.266   1.266   0.000
  22 2231.1  13/2-   9/2  31    2.71    3.08    3.08   18.17    3.65      11.03   11.03   -0.00    0.25      1.345   1.345  -0.000
  23 2419.2  11/2-  -7/2  29   -2.23    2.55    2.55   11.75    2.66      10.38   10.38    0.00   -0.21      1.266   1.266   0.000
  24 2447.4   9/2-   5/2  34   -0.03   25.79   25.79    5.32    5.77      12.12   12.12    0.00   -5.73      1.478   1.478   0.000
  25 2461.5   9/2-  -3/2  35   -0.49    2.38    2.38    2.58    1.09      10.64   10.64    0.00   -0.42      1.298   1.298   0.000
  
  26 2561.9  13/2-   5/2  34   -0.04   25.77   25.77    5.58    5.80      12.42   12.42    0.00   -3.33      1.514   1.514   0.000
  27 2698.1   3/2-   1/2  32    0.24   19.52   19.52    0.51    4.38      13.17   13.17    0.00   -6.05      1.605   1.605   0.000
  28 2836.2  11/2-   5/2  36    0.49    2.67    2.67    3.81    1.61      12.85   12.85    0.00    0.09      1.566   1.566   0.000
  29 3151.8  11/2-  -3/2  30   -0.27    3.27    3.27    1.90    1.54      12.88   12.88    0.00    0.15      1.570   1.570   0.000
  30 3301.3  13/2-  -3/2  30   -0.07    4.55    4.55    2.06    2.39      13.25   13.25    0.00    1.08      1.616   1.616   0.000
  
  31 3521.5   1/2-   1/2  25    0.50    5.98    5.98    0.25    0.69       5.88    5.88   -0.00   -3.38      0.717   0.717  -0.000
  32 3797.9  13/2-  -7/2  29   -1.87    2.66    2.66   11.84    2.45      15.83   15.83    0.00   -0.01      1.930   1.930   0.000
  33 4427.2   1/2-   1/2  39    0.50   13.48   13.48    0.25   -2.26      15.94   15.94   -0.00   -5.17      1.944   1.944  -0.000
  34 5117.6  13/2-  -3/2  35    0.03    2.17    2.17    3.17    0.97      21.37   21.37    0.00   -0.11      2.605   2.605   0.000
  35 7564.2   1/2-   1/2  32    0.50   26.52   26.52    0.25   -3.66      30.20   30.20   -0.00   -7.27      3.682   3.682  -0.000
  
