1SPECTRUM OF (Z= 82 A=207) IN PARTICLE-ROTOR  MODEL WITH MODIFIED OSCILLATOR POTENTIAL


 PARITY=-   EPS= 0.346   GAMMA=  0.0   EPS4=0.000   EPS6=0.000   LEVELS:  24  25  26  27  28  29  30  31  32  33  34  35  36  37  38

 PAIRING FACTORS: GN0= 19.20  GN1=  7.40  IPAIR= 15 ***  E2PLUS(INPUT)=   0.730  E2PLUR(INPUT)=   0.000

 CORIOLIS ATTENUATION PARAMETERS:  CHSI=1.000  ETA=  1.00

 MOMENT OF INERTIA PARAMETERS:   A1=  0.122 MEV   A2=  0.122 MEV   A3=121.91924 MEV


 DELTA=0.901 MEV  LAMBDA=53.3645 MEV   HW0= 7.5202 MEV   LAMBDA/HW0= 7.0962

 E2ENERGY=0.730 MEV  HBAR**2/B=22198./A**(7/3)=3752.5/A**2 MEV

 IREC=0  =>  RECOIL TERMS j+j-, j+j+, jzjz, ETC TREATED AS ONE-BODY OPERATORS WITH UU+VV PAIRING FACTORS



 S. P. LEVEL   EQP       U     V        (UU + VV)**1.00

     24       4.511    0.100 0.995      1.000 1.000 0.999 0.997 0.991 0.959 0.956 0.935 0.815 0.621 0.600 0.301 0.297 0.269 0.252
     25       4.219    0.107 0.994      1.000 1.000 0.999 0.997 0.992 0.961 0.958 0.938 0.819 0.627 0.606 0.308 0.304 0.275 0.259
     26       3.085    0.148 0.989      0.999 0.999 1.000 0.999 0.996 0.971 0.969 0.951 0.841 0.658 0.637 0.346 0.342 0.314 0.298
     27       2.527    0.181 0.983      0.997 0.997 0.999 1.000 0.999 0.979 0.976 0.961 0.859 0.683 0.663 0.378 0.374 0.346 0.331
     28       2.004    0.231 0.973      0.991 0.992 0.996 0.999 1.000 0.988 0.986 0.974 0.884 0.720 0.701 0.424 0.421 0.394 0.378
     29       1.287    0.378 0.926      0.959 0.961 0.971 0.979 0.988 1.000 1.000 0.997 0.946 0.818 0.802 0.559 0.555 0.531 0.516
     30       1.257    0.389 0.921      0.956 0.958 0.969 0.976 0.986 1.000 1.000 0.998 0.949 0.825 0.809 0.569 0.565 0.541 0.526
     31       1.129    0.446 0.895      0.935 0.938 0.951 0.961 0.974 0.997 0.998 1.000 0.967 0.859 0.844 0.619 0.616 0.592 0.579
     32       0.909    0.659 0.752      0.815 0.819 0.841 0.859 0.884 0.946 0.949 0.967 1.000 0.961 0.953 0.798 0.796 0.778 0.767
     33       0.992    0.842 0.540      0.621 0.627 0.658 0.683 0.720 0.818 0.825 0.859 0.961 1.000 1.000 0.934 0.933 0.922 0.915
     34       1.019    0.856 0.517      0.600 0.606 0.637 0.663 0.701 0.802 0.809 0.844 0.953 1.000 1.000 0.943 0.942 0.932 0.926
     35       2.261    0.979 0.204      0.301 0.308 0.346 0.378 0.424 0.559 0.569 0.619 0.798 0.934 0.943 1.000 1.000 0.999 0.999
     36       2.304    0.980 0.200      0.297 0.304 0.342 0.374 0.421 0.555 0.565 0.616 0.796 0.933 0.942 1.000 1.000 1.000 0.999
     37       2.682    0.985 0.171      0.269 0.275 0.314 0.346 0.394 0.531 0.541 0.592 0.778 0.922 0.932 0.999 1.000 1.000 1.000
     38       2.964    0.988 0.154      0.252 0.259 0.298 0.331 0.378 0.516 0.526 0.579 0.767 0.915 0.926 0.999 0.999 1.000 1.000

  R CORE   ENERGY   A0R/A00=1.000    R3= 0     2  
   2( 1)    0.732                    1.000 0.000
   2( 2)  487.921                    0.000 1.000

  R CORE   ENERGY   A0R/A00=1.000    R3= 0     2  
   3( 1)  488.652                    0.000 1.000

  R CORE   ENERGY   A0R/A00=1.000    R3= 0     2     4  
   4( 1)    2.438                    1.000 0.000 0.000

  R CORE   ENERGY   A0R/A00=1.000    R3= 0     2     4  
   5( 1)  490.847                    0.000 1.000 0.000

  R CORE   ENERGY   A0R/A00=1.000    R3= 0     2     4     6  
   6( 1)    5.121                    1.000 0.000 0.000 0.000

  R CORE   ENERGY   A0R/A00=1.000    R3= 0     2     4     6  
   7( 1)  494.017                    0.000 1.000 0.000 0.000

          AXIAL SYMMETRY => K RESTRICTED TO OMEGA

                     K
     S.P. ORB#: 24 -5.50
     S.P. ORB#: 25  0.50
     S.P. ORB#: 26  2.50
     S.P. ORB#: 27 -3.50
     S.P. ORB#: 28  0.50
     S.P. ORB#: 29 -1.50
     S.P. ORB#: 30  0.50
     S.P. ORB#: 31 -1.50
     S.P. ORB#: 32 -3.50
     S.P. ORB#: 33  2.50
     S.P. ORB#: 34  4.50
     S.P. ORB#: 35 -3.50
     S.P. ORB#: 36  0.50
     S.P. ORB#: 37 -1.50
     S.P. ORB#: 38  2.50
 

             ENERGY    K= OMEGA
 
 I=  1/2- (1)  2.509  30: 0.999
 
 I=  1/2- (2)  5.673  28:-0.339
                      36: 0.941
 
 I=  1/2- (3)  5.816  25: 0.999
 
 I=  1/2- (4)  8.784  28: 0.941
                      36: 0.339
 
 I=  1/2- (5)147.432  31: 1.000

             ENERGY    K= OMEGA
 
 I=  3/2- (1)  2.383  25: 0.084
                      30:-0.242
                      31: 0.966
 
 I=  3/2- (2)  2.552  25:-0.202
                      30:-0.900
                      31:-0.197
                      37:-0.333

             ENERGY    K= OMEGA
 
 I=  5/2- (1)  2.514  25:-0.263
                      30: 0.459
                      31: 0.796
                      37:-0.120
                      38:-0.268
 
 I=  5/2- (2)  3.362  26:-0.063
                      30: 0.684
                      31:-0.444
                      37:-0.558
                      38: 0.135
 
 I=  5/2- (3)  3.676  25:-0.118
                      30: 0.258
                      31: 0.160
                      37: 0.399
                      38: 0.856
 
 I=  5/2- (4)  4.336  26: 0.091
                      30: 0.463
                      31:-0.315
                      37: 0.707
                      38:-0.420
 
 I=  5/2- (5)  4.876  26: 0.993
                      37:-0.115

             ENERGY    K= OMEGA
 
 I=  7/2- (1)  1.727  26:-0.185
                      32: 0.981
 
 I=  7/2- (2)  3.335  25: 0.138
                      30:-0.263
                      31: 0.838
                      37:-0.144
                      38: 0.431
 
 I=  7/2- (3)  3.504  25:-0.312
                      30:-0.822
                      31:-0.263
                      37:-0.394
 
 I=  7/2- (4)  3.650  28:-0.696
                      29:-0.584
                      33:-0.382
                      35:-0.166
 
 I=  7/2- (5)  4.367  26: 0.209
                      27: 0.896
                      30: 0.142
                      31:-0.159
                      37:-0.157
                      38: 0.289

             ENERGY    K= OMEGA
 
 I=  9/2- (1)  1.926  26:-0.078
                      27: 0.181
                      32:-0.269
                      34:-0.943
 
 I=  9/2- (2)  2.709  26: 0.253
                      27: 0.092
                      32: 0.923
                      34:-0.267
 
 I=  9/2- (3)  3.570  25:-0.375
                      30: 0.496
                      31: 0.702
                      32:-0.062
                      37:-0.180
                      38:-0.290
 
 I=  9/2- (4)  4.651  28:-0.221
                      29: 0.559
                      33:-0.672
                      35: 0.433
 
 I=  9/2- (5)  5.204  26:-0.098
                      30: 0.582
                      31:-0.485
                      32: 0.057
                      37:-0.607
                      38: 0.207

             ENERGY    K= OMEGA
 
 I= 11/2- (1)  3.021  28:-0.669
                      29:-0.580
                      33:-0.409
                      35:-0.212
                      36:-0.059
 
 I= 11/2- (2)  3.030  26:-0.132
                      27:-0.245
                      32: 0.364
                      34:-0.888
 
 I= 11/2- (3)  3.923  26:-0.295
                      27: 0.135
                      31: 0.062
                      32: 0.868
                      34: 0.363
                      38: 0.063
 
 I= 11/2- (4)  5.236  25: 0.246
                      30:-0.087
                      31: 0.826
                      32:-0.085
                      37:-0.125
                      38: 0.473
 
 I= 11/2- (5)  5.358  25:-0.336
                      30:-0.827
                      31:-0.100
                      37:-0.428
                      38: 0.088

             ENERGY    K= OMEGA
 
 I= 13/2- (1)  4.355  26: 0.178
                      27:-0.286
                      32: 0.424
                      34: 0.840
 
 I= 13/2- (2)  5.093  28:-0.217
                      29: 0.550
                      33:-0.668
                      35: 0.450
 
 I= 13/2- (3)  5.338  25: 0.188
                      26:-0.294
                      27:-0.164
                      30:-0.199
                      31:-0.305
                      32:-0.735
                      34: 0.385
                      37: 0.053
                      38: 0.164
 
 I= 13/2- (4)  5.547  25: 0.404
                      26: 0.133
                      27: 0.059
                      30:-0.464
                      31:-0.585
                      32: 0.374
                      34:-0.181
                      37: 0.185
                      38: 0.227
 
 I= 13/2- (5)  7.440  24: 0.999

             ENERGY     K= 5/2
  32 LEVELS    TIME=  0.0 SEC



 ******************* EXCITATION ENERGIES, DOMINANT CONFIGURATION AND EXPECTATION VALUES (WITH S.P. UU+VV FACTORS) *******************

  NR  Eex(keV)  I   Kdom  NY    <Jz>  <Jx**2> <Jy**2> <Jz**2> <I.j>/|I|  <Rx**2> <Ry**2> <Rz**2> <R.j>/|R|  <HROTx> <HROTy> <HROTz>

   1    0.0   7/2-  -7/2  32   -3.29    2.31    2.31   12.03    3.32       3.02    3.02    0.00   -1.41      0.369   0.369   0.000
   2  198.6   9/2-   9/2  34    3.65    2.52    2.52   19.32    4.23       3.50    3.50    0.00   -1.25      0.426   0.426   0.000
   3  655.6   3/2-  -3/2  31   -1.37    4.79    4.79    2.12    1.40       5.01    5.01    0.00   -2.84      0.611   0.611   0.000
   4  781.9   1/2-   1/2  30    0.50    4.84    4.84    0.25    0.26       5.11    5.11    0.00   -3.03      0.623   0.623   0.000
   5  786.9   5/2-  -3/2  31   -0.65    4.88    4.88    1.98    2.09       4.06    4.06    0.00   -1.95      0.495   0.495   0.000
  
   6  824.8   3/2-   1/2  30    0.20    4.24    4.24    0.55    1.14       4.18    4.18    0.00   -2.36      0.510   0.510   0.000
   7  982.0   9/2-  -7/2  32   -2.53    2.40    2.40   12.39    2.87       6.70    6.70    0.00   -0.80      0.816   0.816   0.000
   8 1294.0  11/2-   1/2  28   -0.02   24.00   24.00    2.47    6.24       5.80    5.80    0.00   -3.86      0.708   0.708   0.000
   9 1303.1  11/2-   9/2  34    2.92    2.72    2.72   18.47    3.69       7.78    7.78    0.00   -0.47      0.949   0.949   0.000
  10 1607.8   7/2-  -3/2  31   -0.58    4.34    4.34    2.84    1.61       7.23    7.23    0.00   -1.35      0.882   0.882   0.000
  
  11 1634.8   5/2-   1/2  30   -0.47    3.63    3.63    1.40    0.67       6.74    6.74    0.00   -1.82      0.821   0.821   0.000
  12 1776.6   7/2-   1/2  30    0.05    4.09    4.09    0.72    1.31       7.14    7.14    0.00   -0.98      0.871   0.871   0.000
  13 1843.2   9/2-  -3/2  31   -0.40    5.03    5.03    1.86    2.22       7.27    7.27    0.00   -0.22      0.886   0.886   0.000
  14 1922.8   7/2-   1/2  28   -0.00   23.64   23.64    2.14    6.11       8.33    8.33    0.00   -6.17      1.016   1.016   0.000
  15 1948.5   5/2-   5/2  38    1.60    2.13    2.13    5.03    1.80       3.69    3.69    0.00   -1.46      0.450   0.450   0.000
  
  16 2195.5  11/2-  -7/2  32   -1.89    2.49    2.49   12.72    2.57      11.35   11.35    0.00   -0.49      1.384   1.384   0.000
  17 2608.4   5/2-  -3/2  37   -0.33    2.96    2.96    2.56    0.06       8.44    8.44    0.00   -2.02      1.029   1.029   0.000
  18 2628.1  13/2-   9/2  34    2.33    2.91    2.91   17.71    3.32      12.97   12.97    0.00   -0.07      1.581   1.581   0.000
  19 2639.9   7/2-  -7/2  27   -2.56    5.63    5.63   10.75    2.86       7.53    7.53    0.00   -2.75      0.918   0.918   0.000
  20 2924.1   9/2-   5/2  33    0.03   24.36   24.36    5.83    5.27      13.45   13.45    0.00   -5.47      1.640   1.640   0.000
  
  21 3148.7   5/2-   5/2  26    2.44    5.98    5.98    6.19    2.05       7.37    7.37    0.00   -3.14      0.899   0.899   0.000
  22 3366.2  13/2-   5/2  33   -0.02   24.35   24.35    5.97    5.23      15.20   15.20    0.00   -3.29      1.853   1.853   0.000
  23 3476.6   9/2-  -3/2  37   -0.62    3.33    3.33    1.83    0.57      13.78   13.78    0.00   -1.07      1.680   1.680   0.000
  24 3509.0  11/2-  -3/2  31   -0.48    4.27    4.27    3.11    1.58      14.29   14.29    0.00   -0.42      1.742   1.742   0.000
  25 3611.3  13/2-  -7/2  32   -1.14    3.05    3.05   10.90    2.38      16.27   16.27    0.00   -0.07      1.984   1.984   0.000
  
  26 3631.2  11/2-   1/2  30    0.13    4.04    4.04    0.71    1.33      14.32   14.32    0.00   -0.16      1.746   1.746   0.000
  27 3819.7  13/2-  -3/2  31   -0.56    4.72    4.72    3.80    2.25      15.31   15.31    0.00    0.44      1.867   1.867   0.000
  28 3946.1   1/2-   1/2  36    0.50   12.31   12.31    0.25   -1.33      13.96   13.96   -0.00   -4.92      1.702   1.702  -0.000
  29 4088.9   1/2-   1/2  25    0.50    6.65    6.65    0.25    0.66       6.57    6.57    0.00   -3.58      0.801   0.801   0.000
  30 5713.1  13/2- -11/2  24   -5.49    2.76    2.76   30.20    4.32      12.04   12.04    0.00   -1.13      1.468   1.468   0.000
  
  31 7056.6   1/2-   1/2  28    0.50   24.11   24.11    0.25   -3.53      27.66   27.66    0.00   -6.93      3.373   3.373   0.000
  32*******   1/2-  -3/2  31    0.00    0.00    0.00    0.00   -0.00       0.00    0.00   -0.00   -0.00      0.000   0.000  -0.000
