1SPECTRUM OF (Z= 82 A=207) IN PARTICLE-ROTOR  MODEL WITH MODIFIED OSCILLATOR POTENTIAL


 PARITY=-   EPS= 0.336   GAMMA=  0.0   EPS4=0.000   EPS6=0.000   LEVELS:  25  26  27  28  29  30  31  32  33  34  35  36  37  38  39

 PAIRING FACTORS: GN0= 19.20  GN1=  7.40  IPAIR= 15 ***  E2PLUS(INPUT)=   0.730  E2PLUR(INPUT)=   0.000

 CORIOLIS ATTENUATION PARAMETERS:  CHSI=1.000  ETA=  1.00

 MOMENT OF INERTIA PARAMETERS:   A1=  0.122 MEV   A2=  0.122 MEV   A3=121.91924 MEV


 DELTA=0.913 MEV  LAMBDA=53.3371 MEV   HW0= 7.5136 MEV   LAMBDA/HW0= 7.0988

 E2ENERGY=0.730 MEV  HBAR**2/B=20933./A**(7/3)=3538.7/A**2 MEV

 IREC=0  =>  RECOIL TERMS j+j-, j+j+, jzjz, ETC TREATED AS ONE-BODY OPERATORS WITH UU+VV PAIRING FACTORS



 S. P. LEVEL   EQP       U     V        (UU + VV)**1.00

     25       4.192    0.110 0.994      1.000 0.999 0.998 0.988 0.961 0.944 0.942 0.859 0.659 0.584 0.306 0.291 0.288 0.270 0.240
     26       3.146    0.147 0.989      0.999 1.000 0.999 0.993 0.971 0.955 0.954 0.878 0.687 0.614 0.341 0.326 0.324 0.306 0.276
     27       2.588    0.179 0.984      0.998 0.999 1.000 0.996 0.978 0.965 0.964 0.893 0.711 0.639 0.372 0.357 0.355 0.338 0.308
     28       1.795    0.264 0.965      0.988 0.993 0.996 1.000 0.993 0.984 0.983 0.929 0.769 0.704 0.451 0.437 0.435 0.418 0.389
     29       1.303    0.379 0.925      0.961 0.971 0.978 0.993 1.000 0.998 0.998 0.967 0.841 0.785 0.556 0.543 0.541 0.525 0.498
     30       1.171    0.433 0.902      0.944 0.955 0.965 0.984 0.998 1.000 1.000 0.980 0.871 0.820 0.604 0.591 0.589 0.574 0.548
     31       1.165    0.436 0.900      0.942 0.954 0.964 0.983 0.998 1.000 1.000 0.981 0.873 0.822 0.607 0.594 0.592 0.577 0.551
     32       0.950    0.602 0.798      0.859 0.878 0.893 0.929 0.967 0.980 0.981 1.000 0.951 0.917 0.750 0.739 0.737 0.725 0.702
     33       0.972    0.819 0.573      0.659 0.687 0.711 0.769 0.841 0.871 0.873 0.951 1.000 0.995 0.917 0.911 0.910 0.902 0.888
     34       1.067    0.871 0.491      0.584 0.614 0.639 0.704 0.785 0.820 0.822 0.917 0.995 1.000 0.952 0.947 0.946 0.940 0.928
     35       2.334    0.980 0.200      0.306 0.341 0.372 0.451 0.556 0.604 0.607 0.750 0.917 0.952 1.000 1.000 1.000 0.999 0.998
     36       2.523    0.983 0.184      0.291 0.326 0.357 0.437 0.543 0.591 0.594 0.739 0.911 0.947 1.000 1.000 1.000 1.000 0.999
     37       2.556    0.983 0.182      0.288 0.324 0.355 0.435 0.541 0.589 0.592 0.737 0.910 0.946 1.000 1.000 1.000 1.000 0.999
     38       2.835    0.987 0.163      0.270 0.306 0.338 0.418 0.525 0.574 0.577 0.725 0.902 0.940 0.999 1.000 1.000 1.000 0.999
     39       3.493    0.991 0.132      0.240 0.276 0.308 0.389 0.498 0.548 0.551 0.702 0.888 0.928 0.998 0.999 0.999 0.999 1.000

  R CORE   ENERGY   A0R/A00=1.000    R3= 0     2  
   2( 1)    0.732                    1.000 0.000
   2( 2)  487.921                    0.000 1.000

  R CORE   ENERGY   A0R/A00=1.000    R3= 0     2  
   3( 1)  488.652                    0.000 1.000

  R CORE   ENERGY   A0R/A00=1.000    R3= 0     2     4  
   4( 1)    2.438                    1.000 0.000 0.000

  R CORE   ENERGY   A0R/A00=1.000    R3= 0     2     4  
   5( 1)  490.847                    0.000 1.000 0.000

  R CORE   ENERGY   A0R/A00=1.000    R3= 0     2     4     6  
   6( 1)    5.121                    1.000 0.000 0.000 0.000

  R CORE   ENERGY   A0R/A00=1.000    R3= 0     2     4     6  
   7( 1)  494.017                    0.000 1.000 0.000 0.000

          AXIAL SYMMETRY => K RESTRICTED TO OMEGA

                     K
     S.P. ORB#: 25  0.50
     S.P. ORB#: 26  2.50
     S.P. ORB#: 27 -3.50
     S.P. ORB#: 28  0.50
     S.P. ORB#: 29  0.50
     S.P. ORB#: 30 -1.50
     S.P. ORB#: 31 -1.50
     S.P. ORB#: 32 -3.50
     S.P. ORB#: 33  4.50
     S.P. ORB#: 34  2.50
     S.P. ORB#: 35 -3.50
     S.P. ORB#: 36  0.50
     S.P. ORB#: 37 -1.50
     S.P. ORB#: 38  2.50
     S.P. ORB#: 39  0.50
 

             ENERGY    K= OMEGA
 
 I=  1/2- (1)  2.541  29: 0.998
 
 I=  1/2- (2)  3.835  25:-0.073
                      39:-0.997
 
 I=  1/2- (3)  5.779  25: 0.996
                      39:-0.071
 
 I=  1/2- (4)  5.856  28: 0.382
                      36:-0.924
 
 I=  1/2- (5)  8.746  28:-0.924
                      36:-0.382

             ENERGY    K= OMEGA
 
 I=  3/2- (1)  2.405  25:-0.109
                      29: 0.118
                      30:-0.980
                      37:-0.091
                      39: 0.068
 
 I=  3/2- (2)  2.532  25:-0.180
                      29:-0.900
                      37:-0.376
                      39: 0.120

             ENERGY    K= OMEGA
 
 I=  5/2- (1)  2.478  25:-0.254
                      29: 0.459
                      30: 0.779
                      37:-0.122
                      38:-0.283
                      39: 0.147
 
 I=  5/2- (2)  3.335  26:-0.065
                      29: 0.616
                      30:-0.435
                      37:-0.647
                      38: 0.089
 
 I=  5/2- (3)  3.543  25:-0.112
                      29: 0.314
                      30: 0.121
                      37: 0.333
                      38: 0.864
                      39: 0.124
 
 I=  5/2- (4)  4.249  26:-0.059
                      29:-0.488
                      30: 0.372
                      37:-0.648
                      38: 0.405
                      39:-0.189
 
 I=  5/2- (5)  4.676  25:-0.163
                      26: 0.081
                      29: 0.171
                      37: 0.156
                      39:-0.954

             ENERGY    K= OMEGA
 
 I=  7/2- (1)  1.755  26:-0.192
                      32: 0.980
 
 I=  7/2- (2)  3.312  25:-0.206
                      30:-0.858
                      37: 0.051
                      38:-0.451
                      39: 0.109
 
 I=  7/2- (3)  3.422  25:-0.253
                      29:-0.831
                      37:-0.448
                      38: 0.124
                      39: 0.156
 
 I=  7/2- (4)  3.546  28: 0.710
                      31: 0.583
                      34: 0.364
                      35: 0.155
 
 I=  7/2- (5)  4.386  26:-0.198
                      27:-0.749
                      29:-0.250
                      30: 0.261
                      37: 0.261
                      38:-0.448

             ENERGY    K= OMEGA
 
 I=  9/2- (1)  1.868  26:-0.075
                      27: 0.189
                      32:-0.246
                      33:-0.948
 
 I=  9/2- (2)  2.719  26:-0.262
                      27:-0.091
                      30:-0.052
                      32:-0.926
                      33: 0.243
 
 I=  9/2- (3)  3.473  25:-0.361
                      29: 0.494
                      30: 0.691
                      32:-0.066
                      37:-0.170
                      38:-0.286
                      39: 0.181
 
 I=  9/2- (4)  4.627  28:-0.226
                      31: 0.568
                      34:-0.665
                      35: 0.428
 
 I=  9/2- (5)  5.159  26: 0.113
                      27:-0.080
                      29:-0.482
                      30: 0.466
                      32:-0.057
                      37: 0.719
                      39: 0.094

             ENERGY    K= OMEGA
 
 I= 11/2- (1)  2.898  28:-0.678
                      31:-0.579
                      34:-0.399
                      35:-0.206
                      36:-0.057
 
 I= 11/2- (2)  2.963  26:-0.127
                      27:-0.256
                      32: 0.339
                      33:-0.896
 
 I= 11/2- (3)  3.915  26: 0.307
                      27:-0.132
                      30:-0.063
                      32:-0.875
                      33:-0.337
                      38:-0.062
 
 I= 11/2- (4)  5.139  25:-0.374
                      29:-0.380
                      30:-0.731
                      32: 0.091
                      37:-0.132
                      38:-0.344
                      39: 0.192
 
 I= 11/2- (5)  5.276  25: 0.132
                      29: 0.710
                      30:-0.365
                      37: 0.447
                      38:-0.367
                      39:-0.089

             ENERGY    K= OMEGA
 
 I= 13/2- (1)  4.276  26: 0.173
                      27:-0.299
                      32: 0.399
                      33: 0.849
 
 I= 13/2- (2)  5.036  28: 0.220
                      31:-0.555
                      34: 0.665
                      35:-0.448
 
 I= 13/2- (3)  5.276  25:-0.298
                      26: 0.244
                      27: 0.132
                      29: 0.338
                      30: 0.473
                      32: 0.581
                      33:-0.286
                      37:-0.098
                      38:-0.221
                      39: 0.137
 
 I= 13/2- (4)  5.432  25:-0.308
                      26:-0.231
                      27:-0.108
                      29: 0.373
                      30: 0.448
                      32:-0.597
                      33: 0.280
                      37:-0.148
                      38:-0.155
                      39: 0.141
 
 I= 13/2- (5)  7.941  25:-0.093
                      26: 0.138
                      27:-0.137
                      29:-0.286
                      30: 0.396
                      32:-0.089
                      33:-0.054
                      37: 0.782
                      38: 0.223
                      39: 0.208

             ENERGY     K= 1/2
  32 LEVELS    TIME=  0.0 SEC



 ******************* EXCITATION ENERGIES, DOMINANT CONFIGURATION AND EXPECTATION VALUES (WITH S.P. UU+VV FACTORS) *******************

  NR  Eex(keV)  I   Kdom  NY    <Jz>  <Jx**2> <Jy**2> <Jz**2> <I.j>/|I|  <Rx**2> <Ry**2> <Rz**2> <R.j>/|R|  <HROTx> <HROTy> <HROTz>

   1    0.0   7/2-  -7/2  32   -3.27    2.31    2.31   12.02    3.34       2.95    2.95    0.00   -1.40      0.359   0.359   0.000
   2  113.0   9/2-   9/2  33    3.72    2.53    2.53   19.40    4.26       3.39    3.39    0.00   -1.25      0.414   0.414   0.000
   3  649.9   3/2-  -3/2  30   -1.44    4.68    4.68    2.19    1.46       4.82    4.82    0.00   -2.81      0.587   0.587   0.000
   4  723.0   5/2-  -3/2  30   -0.58    4.81    4.81    1.98    2.22       3.60    3.60    0.00   -1.87      0.439   0.439   0.000
   5  777.4   3/2-   1/2  29    0.21    4.09    4.09    0.54    1.25       3.80    3.80    0.00   -2.28      0.464   0.464   0.000
  
   6  786.2   1/2-   1/2  29    0.50    4.81    4.81    0.25    0.31       5.04    5.04    0.00   -3.02      0.615   0.615   0.000
   7  963.9   9/2-  -7/2  32   -2.59    2.41    2.41   12.26    2.89       6.55    6.55    0.00   -0.75      0.798   0.798   0.000
   8 1142.9  11/2-   1/2  28   -0.02   24.27   24.27    2.38    6.28       5.76    5.76    0.00   -3.93      0.703   0.703   0.000
   9 1207.7  11/2-   9/2  33    3.03    2.74    2.74   18.58    3.73       7.59    7.59    0.00   -0.45      0.926   0.926   0.000
  10 1557.4   7/2-  -3/2  30   -0.58    4.24    4.24    2.98    1.73       6.73    6.73    0.00   -1.25      0.821   0.821   0.000
  
  11 1580.0   5/2-  -3/2  37   -0.69    3.27    3.27    1.54    0.75       6.19    6.19    0.00   -1.66      0.755   0.755   0.000
  12 1666.8   7/2-   1/2  29    0.12    3.84    3.84    0.76    1.39       6.57    6.57   -0.00   -0.80      0.801   0.801  -0.000
  13 1718.1   9/2-  -3/2  30   -0.37    4.98    4.98    1.81    2.33       6.66    6.66    0.00   -0.05      0.812   0.812   0.000
  14 1788.0   5/2-   5/2  38    1.74    2.22    2.22    4.99    1.84       3.64    3.64   -0.00   -1.47      0.444   0.444  -0.000
  15 1791.1   7/2-   1/2  28   -0.01   23.89   23.89    2.01    6.14       8.40    8.40    0.00   -6.20      1.024   1.024   0.000
  
  16 2080.2   1/2-   1/2  39    0.50    1.53    1.53    0.25    0.72       1.40    1.40   -0.00   -1.60      0.171   0.171  -0.000
  17 2159.8  11/2-  -7/2  32   -1.99    2.50    2.50   12.52    2.59      11.14   11.14   -0.00   -0.43      1.358   1.358  -0.000
  18 2493.8   5/2-  -3/2  37   -0.28    3.13    3.13    2.37    0.03       8.62    8.62    0.00   -2.06      1.051   1.051   0.000
  19 2521.2  13/2-   9/2  33    2.45    2.94    2.94   17.83    3.37      12.70   12.70    0.00   -0.04      1.549   1.549   0.000
  20 2630.4   7/2-  -7/2  27   -1.54    4.75    4.75    8.70    2.31       7.81    7.81    0.00   -2.29      0.952   0.952   0.000
  
  21 2872.1   9/2-   5/2  34    0.01   24.53   24.53    5.75    5.31      13.37   13.37    0.00   -5.49      1.629   1.629   0.000
  22 2920.6   5/2-   1/2  39    0.46    1.65    1.65    0.34    0.35       5.16    5.16   -0.00   -0.81      0.629   0.629  -0.000
  23 3281.1  13/2-   5/2  34   -0.04   24.52   24.52    5.93    5.28      14.96   14.96   -0.00   -3.30      1.824   1.824  -0.000
  24 3384.0  11/2-  -3/2  30   -0.40    4.25    4.25    2.18    1.67      13.21   13.21    0.00   -0.13      1.610   1.610   0.000
  25 3404.1   9/2-  -3/2  37   -0.97    2.88    2.88    1.93    0.64      13.06   13.06    0.00   -0.89      1.592   1.592   0.000
  
  26 3520.4  11/2-   1/2  29    0.10    3.75    3.75    1.76    1.39      14.20   14.20    0.00   -0.18      1.731   1.731   0.000
  27 3520.9  13/2-  -7/2  32   -0.84    3.84    3.84    7.27    2.43      14.90   14.90    0.00    0.37      1.817   1.817   0.000
  28 3676.5  13/2-  -7/2  32   -0.95    3.90    3.90    7.14    2.32      15.63   15.63   -0.00    0.23      1.906   1.906  -0.000
  29 4023.5   1/2-   1/2  25    0.50    6.62    6.62    0.25    0.66       6.55    6.55   -0.00   -3.57      0.798   0.798  -0.000
  30 4100.8   1/2-   1/2  36    0.50   12.35   12.35    0.25   -1.45      14.10   14.10   -0.00   -4.93      1.719   1.719  -0.000
  
  31 6186.2  13/2-  -3/2  37   -0.99    2.38    2.38    2.58    0.70      23.14   23.14    0.00   -0.36      2.821   2.821   0.000
  32 6991.2   1/2-   1/2  28    0.50   24.50   24.50    0.25   -3.55      28.07   28.07    0.00   -6.98      3.423   3.423   0.000
