1SPECTRUM OF (Z= 82 A=207) IN PARTICLE-ROTOR  MODEL WITH MODIFIED OSCILLATOR POTENTIAL


 PARITY=-   EPS= 0.334   GAMMA=  0.0   EPS4=0.000   EPS6=0.000   LEVELS:  26  27  28  29  30  31  32  33  34  35  36  37  38  39  40

 PAIRING FACTORS: GN0= 19.20  GN1=  7.40  IPAIR= 15 ***  E2PLUS(INPUT)=   0.730  E2PLUR(INPUT)=   0.000

 CORIOLIS ATTENUATION PARAMETERS:  CHSI=1.000  ETA=  1.00

 MOMENT OF INERTIA PARAMETERS:   A1=  0.122 MEV   A2=  0.122 MEV   A3=121.91924 MEV


 DELTA=0.916 MEV  LAMBDA=53.3320 MEV   HW0= 7.5123 MEV   LAMBDA/HW0= 7.0993

 E2ENERGY=0.730 MEV  HBAR**2/B=20685./A**(7/3)=3496.7/A**2 MEV

 IREC=0  =>  RECOIL TERMS j+j-, j+j+, jzjz, ETC TREATED AS ONE-BODY OPERATORS WITH UU+VV PAIRING FACTORS



 S. P. LEVEL   EQP       U     V        (UU + VV)**1.00

     26       3.158    0.147 0.989      1.000 0.999 0.992 0.972 0.956 0.950 0.884 0.697 0.605 0.340 0.326 0.324 0.308 0.277 0.257
     27       2.600    0.179 0.984      0.999 1.000 0.996 0.979 0.965 0.960 0.899 0.721 0.631 0.371 0.357 0.354 0.339 0.309 0.288
     28       1.755    0.271 0.963      0.992 0.996 1.000 0.994 0.986 0.982 0.937 0.783 0.702 0.457 0.444 0.441 0.426 0.397 0.378
     29       1.312    0.377 0.926      0.972 0.979 0.994 1.000 0.998 0.997 0.970 0.847 0.777 0.554 0.541 0.539 0.525 0.497 0.478
     30       1.179    0.430 0.903      0.956 0.965 0.986 0.998 1.000 1.000 0.982 0.877 0.812 0.601 0.589 0.587 0.573 0.546 0.529
     31       1.143    0.448 0.894      0.950 0.960 0.982 0.997 1.000 1.000 0.986 0.886 0.824 0.617 0.605 0.603 0.590 0.563 0.546
     32       0.960    0.591 0.806      0.884 0.899 0.937 0.970 0.982 0.986 1.000 0.951 0.907 0.740 0.730 0.728 0.716 0.693 0.678
     33       0.965    0.811 0.585      0.697 0.721 0.783 0.847 0.877 0.886 0.951 1.000 0.993 0.911 0.905 0.904 0.897 0.882 0.872
     34       1.084    0.876 0.482      0.605 0.631 0.702 0.777 0.812 0.824 0.907 0.993 1.000 0.954 0.950 0.949 0.944 0.932 0.925
     35       2.349    0.980 0.199      0.340 0.371 0.457 0.554 0.601 0.617 0.740 0.911 0.954 1.000 1.000 1.000 0.999 0.998 0.996
     36       2.531    0.983 0.184      0.326 0.357 0.444 0.541 0.589 0.605 0.730 0.905 0.950 1.000 1.000 1.000 1.000 0.999 0.997
     37       2.567    0.983 0.181      0.324 0.354 0.441 0.539 0.587 0.603 0.728 0.904 0.949 1.000 1.000 1.000 1.000 0.999 0.998
     38       2.810    0.986 0.165      0.308 0.339 0.426 0.525 0.573 0.590 0.716 0.897 0.944 0.999 1.000 1.000 1.000 0.999 0.999
     39       3.467    0.991 0.133      0.277 0.309 0.397 0.497 0.546 0.563 0.693 0.882 0.932 0.998 0.999 0.999 0.999 1.000 1.000
     40       4.101    0.994 0.112      0.257 0.288 0.378 0.478 0.529 0.546 0.678 0.872 0.925 0.996 0.997 0.998 0.999 1.000 1.000

  R CORE   ENERGY   A0R/A00=1.000    R3= 0     2  
   2( 1)    0.732                    1.000 0.000
   2( 2)  487.921                    0.000 1.000

  R CORE   ENERGY   A0R/A00=1.000    R3= 0     2  
   3( 1)  488.652                    0.000 1.000

  R CORE   ENERGY   A0R/A00=1.000    R3= 0     2     4  
   4( 1)    2.438                    1.000 0.000 0.000

  R CORE   ENERGY   A0R/A00=1.000    R3= 0     2     4  
   5( 1)  490.847                    0.000 1.000 0.000

  R CORE   ENERGY   A0R/A00=1.000    R3= 0     2     4     6  
   6( 1)    5.121                    1.000 0.000 0.000 0.000

  R CORE   ENERGY   A0R/A00=1.000    R3= 0     2     4     6  
   7( 1)  494.017                    0.000 1.000 0.000 0.000

          AXIAL SYMMETRY => K RESTRICTED TO OMEGA

                     K
     S.P. ORB#: 26  2.50
     S.P. ORB#: 27 -3.50
     S.P. ORB#: 28  0.50
     S.P. ORB#: 29  0.50
     S.P. ORB#: 30 -1.50
     S.P. ORB#: 31 -1.50
     S.P. ORB#: 32 -3.50
     S.P. ORB#: 33  4.50
     S.P. ORB#: 34  2.50
     S.P. ORB#: 35 -3.50
     S.P. ORB#: 36 -1.50
     S.P. ORB#: 37  0.50
     S.P. ORB#: 38  2.50
     S.P. ORB#: 39  0.50
     S.P. ORB#: 40  4.50
 

             ENERGY    K= OMEGA
 
 I=  1/2- (1)  2.555  29:-0.999
 
 I=  1/2- (2)  3.819  39: 0.999
 
 I=  1/2- (3)  5.890  28: 0.392
                      37:-0.920
 
 I=  1/2- (4)  8.744  28: 0.920
                      37: 0.392
 
 I=  1/2- (5)147.446  31: 1.000

             ENERGY    K= OMEGA
 
 I=  3/2- (1)  2.433  29: 0.401
                      30:-0.916
 
 I=  3/2- (2)  2.682  29:-0.771
                      30:-0.340
                      36:-0.514
                      39: 0.161

             ENERGY    K= OMEGA
 
 I=  5/2- (1)  2.742  29:-0.401
                      30:-0.790
                      36: 0.155
                      38: 0.398
                      39:-0.181
 
 I=  5/2- (2)  3.329  26:-0.065
                      29: 0.595
                      30:-0.416
                      36:-0.684
 
 I=  5/2- (3)  3.577  29:-0.412
                      30:-0.213
                      36:-0.253
                      38:-0.827
                      39:-0.192
 
 I=  5/2- (4)  4.236  26: 0.056
                      29: 0.501
                      30:-0.376
                      36: 0.638
                      38:-0.397
                      39: 0.201
 
 I=  5/2- (5)  4.721  26: 0.125
                      29: 0.253
                      30: 0.119
                      36: 0.161
                      39:-0.938

             ENERGY    K= OMEGA
 
 I=  7/2- (1)  1.763  26:-0.193
                      32: 0.979
 
 I=  7/2- (2)  3.349  29: 0.491
                      30:-0.681
                      36: 0.288
                      38:-0.458
 
 I=  7/2- (3)  3.526  28: 0.712
                      31: 0.582
                      34: 0.361
                      35: 0.153
 
 I=  7/2- (4)  3.893  26: 0.062
                      29:-0.613
                      30:-0.501
                      36:-0.506
                      38:-0.225
                      39: 0.247
 
 I=  7/2- (5)  4.385  26: 0.190
                      27: 0.706
                      29: 0.283
                      30:-0.275
                      36:-0.265
                      38: 0.489

             ENERGY    K= OMEGA
 
 I=  9/2- (1)  1.859  26:-0.074
                      27: 0.191
                      32:-0.242
                      33:-0.948
 
 I=  9/2- (2)  2.725  26: 0.264
                      27: 0.091
                      32: 0.928
                      33:-0.239
 
 I=  9/2- (3)  4.120  29: 0.434
                      30: 0.689
                      36:-0.260
                      38:-0.457
                      39: 0.239
 
 I=  9/2- (4)  4.384  28: 0.198
                      31:-0.510
                      34: 0.637
                      35:-0.494
                      40: 0.224
 
 I=  9/2- (5)  5.151  26: 0.107
                      27:-0.063
                      29:-0.483
                      30: 0.477
                      32:-0.058
                      36: 0.708
                      38:-0.090
                      39: 0.101

             ENERGY    K= OMEGA
 
 I= 11/2- (1)  2.789  28:-0.650
                      31:-0.565
                      34:-0.416
                      35:-0.262
                      37:-0.055
                      40:-0.114
 
 I= 11/2- (2)  2.951  26:-0.126
                      27:-0.258
                      32: 0.333
                      33:-0.898
 
 I= 11/2- (3)  3.918  26:-0.309
                      27: 0.132
                      32: 0.878
                      33: 0.332
                      38: 0.058
 
 I= 11/2- (4)  5.254  29: 0.512
                      30:-0.609
                      36: 0.364
                      38:-0.479
 
 I= 11/2- (5)  5.722  28: 0.492
                      31: 0.121
                      34:-0.420
                      35:-0.623
                      40:-0.421

             ENERGY    K= OMEGA
 
 I= 13/2- (1)  4.262  26:-0.172
                      27: 0.302
                      32:-0.393
                      33:-0.851
 
 I= 13/2- (2)  4.350  28: 0.169
                      31:-0.449
                      34: 0.611
                      35:-0.550
                      40: 0.306
 
 I= 13/2- (3)  5.345  26: 0.338
                      27: 0.170
                      30: 0.070
                      32: 0.832
                      33:-0.393
                      38:-0.075
 
 I= 13/2- (4)  6.472  29:-0.447
                      30:-0.646
                      32: 0.073
                      36: 0.295
                      38: 0.456
                      39:-0.280
 
 I= 13/2- (5)  7.951  26: 0.109
                      27:-0.070
                      29:-0.404
                      30: 0.482
                      32:-0.098
                      36: 0.730
                      38:-0.059
                      39: 0.201

             ENERGY     K= 9/2
  32 LEVELS    TIME=  0.0 SEC



 ******************* EXCITATION ENERGIES, DOMINANT CONFIGURATION AND EXPECTATION VALUES (WITH S.P. UU+VV FACTORS) *******************

  NR  Eex(keV)  I   Kdom  NY    <Jz>  <Jx**2> <Jy**2> <Jz**2> <I.j>/|I|  <Rx**2> <Ry**2> <Rz**2> <R.j>/|R|  <HROTx> <HROTy> <HROTz>

   1    0.0   7/2-  -7/2  32   -3.27    2.31    2.31   12.02    3.34       2.93    2.93    0.00   -1.40      0.358   0.358   0.000
   2   95.8   9/2-   9/2  33    3.73    2.53    2.53   19.41    4.27       3.37    3.37    0.00   -1.25      0.411   0.411   0.000
   3  670.1   3/2-  -3/2  30   -1.18    4.74    4.74    1.93    1.31       5.04    5.04    0.00   -2.79      0.615   0.615   0.000
   4  791.4   1/2-   1/2  29    0.50    4.74    4.74    0.25    0.18       5.08    5.08    0.00   -3.00      0.619   0.619   0.000
   5  919.0   3/2-   1/2  29   -0.26    3.67    3.67    1.01    0.99       4.13    4.13    0.00   -2.24      0.504   0.504   0.000
  
   6  961.7   9/2-  -7/2  32   -2.61    2.41    2.41   12.27    2.89       6.54    6.54    0.00   -0.75      0.797   0.797   0.000
   7  979.2   5/2-  -3/2  30   -0.48    4.21    4.21    2.50    1.70       4.82    4.82    0.00   -1.90      0.588   0.588   0.000
   8 1025.9  11/2-   1/2  28   -0.02   24.28   24.28    3.01    6.43       5.22    5.22   -0.00   -4.07      0.636   0.636  -0.000
   9 1187.8  11/2-   9/2  33    3.04    2.75    2.75   18.60    3.74       7.55    7.55    0.00   -0.44      0.921   0.921   0.000
  10 1566.1   5/2-  -3/2  36   -0.77    3.11    3.11    1.56    0.77       5.99    5.99    0.00   -1.59      0.730   0.730   0.000
  
  11 1586.1   7/2-  -3/2  30   -0.18    4.02    4.02    2.63    1.59       6.89    6.89    0.00   -1.17      0.841   0.841   0.000
  12 1762.9   7/2-   1/2  28   -0.01   23.94   23.94    1.99    6.15       8.41    8.41    0.00   -6.21      1.026   1.026   0.000
  13 1813.5   5/2-   5/2  38    1.65    2.39    2.39    4.57    1.55       4.46    4.46    0.00   -1.60      0.544   0.544   0.000
  14 2055.5   1/2-   1/2  39    0.50    1.57    1.57    0.25    0.70       1.46    1.46    0.00   -1.63      0.178   0.178   0.000
  15 2129.4   7/2-   1/2  29   -0.41    3.37    3.37    1.60    0.88       8.56    8.56    0.00   -1.17      1.044   1.044   0.000
  
  16 2154.9  11/2-  -7/2  32   -2.02    2.50    2.50   12.51    2.59      11.12   11.12    0.00   -0.42      1.356   1.356   0.000
  17 2356.6   9/2-  -3/2  30   -0.18    3.92    3.92    2.63    1.60       9.65    9.65    0.00   -0.57      1.176   1.176   0.000
  18 2473.2   5/2-  -3/2  36   -0.28    3.17    3.17    2.31    0.00       8.69    8.69    0.00   -2.07      1.059   1.059   0.000
  19 2498.6  13/2-   9/2  33    2.47    2.94    2.94   17.86    3.38      12.64   12.64    0.00   -0.03      1.542   1.542   0.000
  20 2587.2  13/2-   5/2  34    0.01   24.04   24.04    8.40    6.03      10.53   10.53   -0.00   -3.14      1.284   1.284  -0.000
  
  21 2621.2   9/2-   5/2  34    0.02   24.28   24.28    7.14    5.78      11.48   11.48    0.00   -5.63      1.399   1.399   0.000
  22 2621.8   7/2-  -7/2  27   -1.23    4.53    4.53    8.17    2.16       7.92    7.92    0.00   -2.17      0.965   0.965   0.000
  23 2958.3   5/2-   1/2  39    0.45    1.79    1.79    0.42    0.14       5.96    5.96    0.00   -1.04      0.727   0.727   0.000
  24 3387.4   9/2-  -3/2  36   -0.95    2.90    2.90    1.92    0.63      13.12   13.12    0.00   -0.90      1.599   1.599   0.000
  25 3491.0  11/2-  -3/2  30   -0.05    3.83    3.83    2.70    1.47      14.29   14.29    0.00   -0.30      1.742   1.742   0.000
  
  26 3581.9  13/2-  -7/2  32   -1.53    2.58    2.58   12.71    2.38      16.70   16.70    0.00   -0.22      2.037   2.037   0.000
  27 3959.1  11/2-  -7/2  35   -0.02   23.10   23.10    9.55    5.29      14.14   14.14    0.00   -4.54      1.724   1.724   0.000
  28 4126.4   1/2-   1/2  37    0.50   12.36   12.36    0.25   -1.48      14.14   14.14   -0.00   -4.94      1.724   1.724  -0.000
  29 4708.6  13/2-  -3/2  30   -0.11    3.80    3.80    2.63    1.50      18.98   18.98    0.00    0.04      2.315   2.315   0.000
  30 6188.2  13/2-  -3/2  36   -1.06    2.68    2.68    2.06    0.56      24.21   24.21    0.00   -0.51      2.951   2.951   0.000
  
  31 6980.6   1/2-   1/2  28    0.50   24.58   24.58    0.25   -3.55      28.15   28.15   -0.00   -6.99      3.432   3.432  -0.000
  32*******   1/2-  -3/2  31    0.00    0.00    0.00    0.00   -0.00       0.00    0.00   -0.00   -0.00      0.000   0.000  -0.000
