1SPECTRUM OF (Z= 82 A=207) IN PARTICLE-ROTOR  MODEL WITH MODIFIED OSCILLATOR POTENTIAL


 PARITY=-   EPS= 0.256   GAMMA=  0.0   EPS4=0.000   EPS6=0.000   LEVELS:  25  26  27  28  29  30  31  32  33  34  35  36  37  38  39

 PAIRING FACTORS: GN0= 19.20  GN1=  7.40  IPAIR= 15 ***  E2PLUS(INPUT)=   0.730  E2PLUR(INPUT)=   0.000

 CORIOLIS ATTENUATION PARAMETERS:  CHSI=1.000  ETA=  1.00

 MOMENT OF INERTIA PARAMETERS:   A1=  0.122 MEV   A2=  0.122 MEV   A3=121.91923 MEV


 DELTA=0.939 MEV  LAMBDA=53.3823 MEV   HW0= 7.4688 MEV   LAMBDA/HW0= 7.1474

 E2ENERGY=0.730 MEV  HBAR**2/B=12152./A**(7/3)=2054.2/A**2 MEV

 IREC=0  =>  RECOIL TERMS j+j-, j+j+, jzjz, ETC TREATED AS ONE-BODY OPERATORS WITH UU+VV PAIRING FACTORS



 S. P. LEVEL   EQP       U     V        (UU + VV)**1.00

     25       4.129    0.114 0.993      1.000 1.000 0.999 0.988 0.987 0.982 0.966 0.766 0.594 0.454 0.402 0.399 0.321 0.289 0.232
     26       3.796    0.125 0.992      1.000 1.000 1.000 0.990 0.989 0.984 0.968 0.772 0.602 0.463 0.411 0.409 0.331 0.299 0.242
     27       3.248    0.146 0.989      0.999 1.000 1.000 0.993 0.992 0.987 0.973 0.786 0.620 0.482 0.431 0.429 0.351 0.320 0.263
     28       1.841    0.264 0.964      0.988 0.990 0.993 1.000 1.000 0.999 0.994 0.855 0.710 0.584 0.536 0.534 0.462 0.432 0.378
     29       1.798    0.271 0.962      0.987 0.989 0.992 1.000 1.000 1.000 0.995 0.859 0.715 0.590 0.542 0.541 0.468 0.438 0.385
     30       1.638    0.300 0.954      0.982 0.984 0.987 0.999 1.000 1.000 0.997 0.874 0.736 0.614 0.568 0.566 0.494 0.465 0.412
     31       1.369    0.369 0.929      0.966 0.968 0.973 0.994 0.995 0.997 1.000 0.907 0.783 0.670 0.626 0.624 0.556 0.529 0.478
     32       0.941    0.727 0.687      0.766 0.772 0.786 0.855 0.859 0.874 0.907 1.000 0.972 0.920 0.896 0.895 0.855 0.837 0.803
     33       1.087    0.867 0.498      0.594 0.602 0.620 0.710 0.715 0.736 0.783 0.972 1.000 0.986 0.975 0.975 0.952 0.942 0.920
     34       1.437    0.937 0.349      0.454 0.463 0.482 0.584 0.590 0.614 0.670 0.920 0.986 1.000 0.998 0.998 0.990 0.984 0.972
     35       1.670    0.956 0.294      0.402 0.411 0.431 0.536 0.542 0.568 0.626 0.896 0.975 0.998 1.000 1.000 0.996 0.993 0.984
     36       1.682    0.956 0.292      0.399 0.409 0.429 0.534 0.541 0.566 0.624 0.895 0.975 0.998 1.000 1.000 0.996 0.993 0.984
     37       2.282    0.978 0.210      0.321 0.331 0.351 0.462 0.468 0.494 0.556 0.855 0.952 0.990 0.996 0.996 1.000 0.999 0.996
     38       2.681    0.984 0.178      0.289 0.299 0.320 0.432 0.438 0.465 0.529 0.837 0.942 0.984 0.993 0.993 0.999 1.000 0.998
     39       3.956    0.993 0.120      0.232 0.242 0.263 0.378 0.385 0.412 0.478 0.803 0.920 0.972 0.984 0.984 0.996 0.998 1.000

  R CORE   ENERGY   A0R/A00=1.000    R3= 0     2  
   2( 1)    0.732                    1.000 0.000
   2( 2)  487.921                    0.000 1.000

  R CORE   ENERGY   A0R/A00=1.000    R3= 0     2  
   3( 1)  488.652                    0.000 1.000

  R CORE   ENERGY   A0R/A00=1.000    R3= 0     2     4  
   4( 1)    2.438                    1.000 0.000 0.000

  R CORE   ENERGY   A0R/A00=1.000    R3= 0     2     4  
   5( 1)  490.847                    0.000 1.000 0.000

  R CORE   ENERGY   A0R/A00=1.000    R3= 0     2     4     6  
   6( 1)    5.121                    1.000 0.000 0.000 0.000

  R CORE   ENERGY   A0R/A00=1.000    R3= 0     2     4     6  
   7( 1)  494.017                    0.000 1.000 0.000 0.000

          AXIAL SYMMETRY => K RESTRICTED TO OMEGA

                     K
     S.P. ORB#: 25  0.50
     S.P. ORB#: 26  2.50
     S.P. ORB#: 27 -3.50
     S.P. ORB#: 28 -3.50
     S.P. ORB#: 29  0.50
     S.P. ORB#: 30 -1.50
     S.P. ORB#: 31  4.50
     S.P. ORB#: 32  0.50
     S.P. ORB#: 33 -1.50
     S.P. ORB#: 34 -1.50
     S.P. ORB#: 35  2.50
     S.P. ORB#: 36  2.50
     S.P. ORB#: 37  0.50
     S.P. ORB#: 38 -3.50
     S.P. ORB#: 39  4.50
 

             ENERGY    K= OMEGA
 
 I=  1/2- (1)  2.578  25:-0.053
                      29:-0.080
                      37:-0.995
 
 I=  1/2- (2)  2.939  29: 0.996
                      37:-0.078
 
 I=  1/2- (3)  5.519  25: 0.998
                      37:-0.057
 
 I=  1/2- (4)  8.309  32:-1.000
 
 I=  1/2- (5)147.390  33:-1.000

             ENERGY    K= OMEGA
 
 I=  3/2- (1)  1.945  25: 0.060
                      29: 0.233
                      30: 0.125
                      34: 0.960
                      37:-0.075
 
 I=  3/2- (2)  2.769  25:-0.103
                      29: 0.168
                      30:-0.957
                      34: 0.105
                      37: 0.185

             ENERGY    K= OMEGA
 
 I=  5/2- (1)  2.123  25: 0.094
                      29:-0.209
                      30:-0.284
                      34: 0.470
                      35: 0.801
                      37:-0.064
 
 I=  5/2- (2)  2.608  29: 0.179
                      30:-0.285
                      34:-0.833
                      35: 0.424
                      37:-0.100
 
 I=  5/2- (3)  2.919  25:-0.229
                      29: 0.441
                      30: 0.599
                      35: 0.384
                      37: 0.496
 
 I=  5/2- (4)  3.483  25:-0.230
                      29: 0.177
                      30: 0.410
                      34: 0.052
                      35: 0.120
                      37:-0.854
 
 I=  5/2- (5)  4.251  25: 0.070
                      29:-0.805
                      30: 0.499
                      34:-0.281
                      35: 0.129
                      37: 0.055

             ENERGY    K= OMEGA
 
 I=  7/2- (1)  2.586  26: 0.223
                      27:-0.074
                      28:-0.966
                      35:-0.093
 
 I=  7/2- (2)  2.771  28:-0.061
                      29:-0.245
                      30: 0.271
                      34:-0.550
                      35: 0.746
 
 I=  7/2- (3)  3.210  25: 0.234
                      28:-0.095
                      29: 0.410
                      30: 0.428
                      34: 0.605
                      35: 0.424
                      37:-0.195
 
 I=  7/2- (4)  3.223  32: 0.740
                      33: 0.570
                      36: 0.332
                      38: 0.130
 
 I=  7/2- (5)  4.226  25:-0.123
                      27: 0.070
                      29: 0.337
                      30:-0.787
                      34: 0.102
                      35: 0.460
                      37: 0.155

             ENERGY    K= OMEGA
 
 I=  9/2- (1)  2.162  26:-0.067
                      27: 0.238
                      28:-0.177
                      31:-0.952
 
 I=  9/2- (2)  3.335  25: 0.272
                      28:-0.132
                      29:-0.388
                      30:-0.509
                      34: 0.384
                      35: 0.564
                      37:-0.173
 
 I=  9/2- (3)  3.490  26:-0.306
                      27:-0.095
                      28:-0.916
                      29: 0.074
                      31: 0.171
                      34:-0.136
 
 I=  9/2- (4)  4.291  32:-0.223
                      33: 0.558
                      36:-0.623
                      38: 0.454
                      39:-0.209
 
 I=  9/2- (5)  4.375  25:-0.239
                      28:-0.070
                      29: 0.149
                      30: 0.472
                      34: 0.656
                      35: 0.304
                      37: 0.408

             ENERGY    K= OMEGA
 
 I= 11/2- (1)  2.232  32:-0.676
                      33:-0.566
                      36:-0.400
                      38:-0.231
                      39:-0.096
 
 I= 11/2- (2)  3.158  26:-0.111
                      27:-0.319
                      28: 0.245
                      31:-0.908
 
 I= 11/2- (3)  4.605  25:-0.055
                      26: 0.351
                      27:-0.133
                      28:-0.869
                      30:-0.129
                      31:-0.227
                      34:-0.066
                      35:-0.158
 
 I= 11/2- (4)  4.719  26: 0.066
                      28:-0.066
                      29:-0.333
                      30: 0.335
                      31:-0.075
                      34:-0.568
                      35: 0.662
 
 I= 11/2- (5)  5.153  25:-0.353
                      28: 0.195
                      29:-0.482
                      30:-0.502
                      31: 0.052
                      34:-0.424
                      35:-0.340
                      37: 0.232

             ENERGY    K= OMEGA
 
 I= 13/2- (1)  4.004  32: 0.192
                      33:-0.501
                      36: 0.611
                      38:-0.511
                      39: 0.280
 
 I= 13/2- (2)  4.373  26:-0.150
                      27: 0.368
                      28:-0.291
                      31:-0.868
 
 I= 13/2- (3)  5.297  25:-0.387
                      28: 0.057
                      29: 0.460
                      30: 0.565
                      34:-0.310
                      35:-0.418
                      37: 0.208
 
 I= 13/2- (4)  5.982  26:-0.393
                      27:-0.158
                      28:-0.847
                      29: 0.053
                      31: 0.288
                      34:-0.125
 
 I= 13/2- (5)  7.000  25:-0.241
                      27:-0.058
                      28:-0.085
                      29: 0.136
                      30: 0.313
                      34: 0.625
                      35: 0.514
                      37: 0.395

             ENERGY     K= 9/2
  32 LEVELS    TIME=  0.0 SEC



 ******************* EXCITATION ENERGIES, DOMINANT CONFIGURATION AND EXPECTATION VALUES (WITH S.P. UU+VV FACTORS) *******************

  NR  Eex(keV)  I   Kdom  NY    <Jz>  <Jx**2> <Jy**2> <Jz**2> <I.j>/|I|  <Rx**2> <Ry**2> <Rz**2> <R.j>/|R|  <HROTx> <HROTy> <HROTz>

   1    0.0   3/2-  -3/2  34   -1.37    1.74    1.74    2.12    1.42       1.93    1.93    0.00   -1.45      0.236   0.236   0.000
   2  177.3   5/2-   5/2  35    1.18    2.23    2.23    4.70    2.37       1.95    1.95    0.00   -1.09      0.238   0.238   0.000
   3  216.6   9/2-   9/2  31    3.78    2.60    2.60   19.47    4.42       2.71    2.71    0.00   -1.15      0.330   0.330   0.000
   4  286.5  11/2-   1/2  32    0.00   26.25   26.25    2.67    6.91       4.12    4.12    0.00   -4.82      0.503   0.503   0.000
   5  632.7   1/2-   1/2  37    0.50    1.43    1.43    0.25    0.84       1.20    1.20    0.00   -1.54      0.147   0.147   0.000
  
   6  641.0   7/2-  -7/2  28   -3.14    2.31    2.31   11.86    3.40       2.63    2.63    0.00   -1.31      0.321   0.321   0.001
   7  662.6   5/2-  -3/2  34   -0.69    1.74    1.74    2.89    1.05       4.45    4.45    0.00   -1.09      0.543   0.543   0.000
   8  823.2   3/2-  -3/2  30   -1.35    4.40    4.40    2.10    1.50       4.43    4.43    0.00   -2.69      0.540   0.540   0.000
   9  825.2   7/2-   5/2  35    0.85    2.21    2.21    4.42    1.90       4.75    4.75    0.00   -0.42      0.579   0.579   0.000
  10  974.1   5/2-  -3/2  30    0.08    3.74    3.74    1.85    1.73       3.92    3.92    0.00   -1.50      0.478   0.478   0.000
  
  11  993.5   1/2-   1/2  29    0.50    4.39    4.39    0.25    0.28       4.65    4.65    0.00   -2.88      0.567   0.567   0.000
  12 1212.2  11/2-   9/2  31    3.18    2.88    2.88   18.76    3.98       6.31    6.31    0.00   -0.20      0.769   0.769   0.000
  13 1265.1   7/2-  -3/2  34   -0.27    2.45    2.45    2.54    1.42       5.94    5.94    0.00   -0.52      0.725   0.725   0.000
  14 1277.7   7/2-   1/2  32    0.00   26.40   26.40    1.76    6.66       8.71    8.71    0.00   -6.74      1.062   1.062   0.000
  15 1389.8   9/2-   5/2  35    0.25    3.56    3.56    3.21    2.30       6.07    6.07    0.00    0.33      0.740   0.740   0.000
  
  16 1537.8   5/2-   1/2  37    0.19    1.98    1.98    0.68    0.55       5.08    5.08    0.00   -0.95      0.619   0.619   0.000
  17 1544.3   9/2-  -7/2  28   -2.63    2.48    2.48   11.63    2.94       6.04    6.04    0.00   -0.56      0.736   0.736   0.000
  18 2059.0  13/2-   5/2  36    0.01   25.31   25.31    7.69    6.46       8.45    8.45    0.00   -3.22      1.030   1.030   0.000
  19 2281.0   7/2-  -3/2  30   -0.35    3.92    3.92    2.84    0.74      10.26   10.26    0.00   -1.71      1.251   1.251   0.000
  20 2305.5   5/2-   1/2  29   -0.12    4.32    4.32    1.01   -0.37      10.29   10.29    0.00   -2.37      1.255   1.255   0.000
  
  21 2345.9   9/2-   5/2  36    0.00   25.63   25.63    6.55    6.22      10.36   10.36    0.00   -5.91      1.263   1.263   0.000
  22 2427.6  13/2-   9/2  31    2.68    3.10    3.10   18.12    3.67      10.88   10.88    0.00    0.29      1.327   1.327   0.001
  23 2429.7   9/2-  -3/2  34   -0.64    2.46    2.46    2.21    1.09      10.49   10.49    0.00   -0.37      1.279   1.279   0.000
  24 2660.0  11/2-  -7/2  28   -2.13    2.56    2.56   11.49    2.65      10.35   10.35    0.00   -0.17      1.262   1.262   0.000
  25 2773.6  11/2-   5/2  35    0.52    2.49    2.49    3.95    1.61      12.73   12.73    0.00    0.13      1.552   1.552   0.000
  
  26 3207.2  11/2-  -3/2  30   -0.27    3.06    3.06    2.33    1.53      12.94   12.94    0.00    0.14      1.578   1.578   0.000
  27 3351.5  13/2-  -3/2  30    0.01    4.35    4.35    2.20    2.37      13.27   13.27    0.00    1.10      1.618   1.618   0.000
  28 3573.7   1/2-   1/2  25    0.50    5.84    5.84    0.25    0.69       5.74    5.74    0.00   -3.34      0.700   0.700   0.000
  29 4036.5  13/2-  -7/2  28   -1.85    2.65    2.65   11.78    2.45      15.78   15.78    0.00    0.01      1.924   1.924   0.000
  30 5054.7  13/2-  -3/2  34    0.02    2.23    2.23    2.99    0.99      21.22   21.22    0.00   -0.09      2.587   2.587   0.000
  
  31 6363.6   1/2-   1/2  32    0.50   26.38   26.38    0.25   -3.85      30.22   30.22   -0.00   -7.25      3.684   3.684  -0.000
  32*******   1/2-  -3/2  33    0.00    0.00    0.00    0.00   -0.00       0.00    0.00    0.00   -0.00      0.000   0.000   0.000
