1SPECTRUM OF (Z= 82 A=207) IN PARTICLE-ROTOR  MODEL WITH MODIFIED OSCILLATOR POTENTIAL


 PARITY=-   EPS= 0.436   GAMMA=  1.8   EPS4=0.000   EPS6=0.000   LEVELS:  26  27  28  29  30  31  32  33  34  35  36  37  38  39  40

 PAIRING FACTORS: GN0= 19.20  GN1=  7.40  IPAIR= 15 ***  E2PLUS(INPUT)=   0.730  E2PLUR(INPUT)=   0.000

 CORIOLIS ATTENUATION PARAMETERS:  CHSI=1.000  ETA=  1.00

 MOMENT OF INERTIA PARAMETERS:   A1=  0.126 MEV   A2=  0.117 MEV   A3= 96.00673 MEV


 DELTA=0.848 MEV  LAMBDA=53.4854 MEV   HW0= 7.5909 MEV   LAMBDA/HW0= 7.0460

 E2ENERGY=0.730 MEV  HBAR**2/B=35108./A**(7/3)=5934.9/A**2 MEV

 IREC=0  =>  RECOIL TERMS j+j-, j+j+, jzjz, ETC TREATED AS ONE-BODY OPERATORS WITH UU+VV PAIRING FACTORS



 S. P. LEVEL   EQP       U     V        (UU + VV)**1.00

     26       3.029    0.141 0.990      1.000 1.000 0.999 0.995 0.954 0.875 0.763 0.743 0.408 0.379 0.340 0.302 0.276 0.245 0.241
     27       2.715    0.158 0.987      1.000 1.000 1.000 0.997 0.959 0.883 0.773 0.754 0.424 0.395 0.355 0.318 0.293 0.261 0.258
     28       2.364    0.182 0.983      0.999 1.000 1.000 0.998 0.966 0.894 0.789 0.770 0.446 0.417 0.378 0.341 0.316 0.285 0.281
     29       1.821    0.240 0.971      0.995 0.997 0.998 1.000 0.979 0.919 0.823 0.806 0.498 0.470 0.432 0.396 0.371 0.341 0.337
     30       1.089    0.432 0.902      0.954 0.959 0.966 0.979 1.000 0.980 0.921 0.909 0.663 0.639 0.606 0.574 0.552 0.524 0.521
     31       0.882    0.603 0.797      0.875 0.883 0.894 0.919 0.980 1.000 0.981 0.974 0.799 0.780 0.753 0.726 0.707 0.684 0.681
     32       0.855    0.748 0.663      0.763 0.773 0.789 0.823 0.921 0.981 1.000 1.000 0.902 0.888 0.867 0.847 0.832 0.814 0.812
     33       0.862    0.768 0.641      0.743 0.754 0.770 0.806 0.909 0.974 1.000 1.000 0.914 0.901 0.882 0.862 0.849 0.831 0.829
     34       1.604    0.961 0.275      0.408 0.424 0.446 0.498 0.663 0.799 0.902 0.914 1.000 0.999 0.997 0.993 0.990 0.985 0.984
     35       1.790    0.970 0.244      0.379 0.395 0.417 0.470 0.639 0.780 0.888 0.901 0.999 1.000 0.999 0.997 0.994 0.990 0.989
     36       2.133    0.979 0.203      0.340 0.355 0.378 0.432 0.606 0.753 0.867 0.882 0.997 0.999 1.000 0.999 0.998 0.995 0.995
     37       2.627    0.987 0.164      0.302 0.318 0.341 0.396 0.574 0.726 0.847 0.862 0.993 0.997 0.999 1.000 1.000 0.998 0.998
     38       3.114    0.990 0.138      0.276 0.293 0.316 0.371 0.552 0.707 0.832 0.849 0.990 0.994 0.998 1.000 1.000 0.999 0.999
     39       4.061    0.994 0.105      0.245 0.261 0.285 0.341 0.524 0.684 0.814 0.831 0.985 0.990 0.995 0.998 0.999 1.000 1.000
     40       4.204    0.995 0.101      0.241 0.258 0.281 0.337 0.521 0.681 0.812 0.829 0.984 0.989 0.995 0.998 0.999 1.000 1.000

  R CORE   ENERGY   A0R/A00=1.000    R3= 0     2  
   2( 1)    0.730                    1.000-0.000
   2( 2)  384.270                    0.000 1.000

  R CORE   ENERGY   A0R/A00=1.000    R3= 0     2  
   3( 1)  385.000                    0.000 1.000

  R CORE   ENERGY   A0R/A00=1.000    R3= 0     2     4  
   4( 1)    2.433                    1.000-0.000 0.000

  R CORE   ENERGY   A0R/A00=1.000    R3= 0     2     4  
   5( 1)  387.190                    0.000 1.000-0.000

  R CORE   ENERGY   A0R/A00=1.000    R3= 0     2     4     6  
   6( 1)    5.110                    1.000-0.000 0.000-0.000

  R CORE   ENERGY   A0R/A00=1.000    R3= 0     2     4     6  
   7( 1)  390.354                    0.000 1.000-0.000 0.000
 

             ENERGY     K= 1/2
 
 I=  1/2- (1)  4.182  33: 0.896
                      37:-0.438
                      38:-0.062
 
 I=  1/2- (2)  5.151  28:-0.060
                      31: 0.888
                      32:-0.456
 
 I=  1/2- (3)  7.216  33:-0.441
                      37:-0.884
                      38:-0.149
 
 I=  1/2- (4)375.440  34:-0.060
                      39:-0.998
 
 I=  1/2- (5)385.025  28:-0.273
                      29: 0.057
                      31: 0.423
                      32: 0.862

             ENERGY     K= 1/2  -3/2
 
 I=  3/2- (1)  4.346  30: 0.056 0.000
                      33: 0.963 0.002
                      37: 0.060 0.041
                      38: 0.020-0.248
 
 I=  3/2- (2)  5.190  31: 0.585-0.343
                      32:-0.300-0.668

             ENERGY     K= 5/2   1/2  -3/2
 
 I=  5/2- (1)  4.218  27:-0.000-0.012 0.060
                      30:-0.055-0.039 0.000
                      33: 0.003-0.800 0.002
                      37: 0.001 0.523 0.043
                      38: 0.000 0.077-0.265
 
 I=  5/2- (2)  4.923  28:-0.993 0.001 0.001
                      31:-0.055-0.016-0.043
                      32: 0.024 0.008-0.085
 
 I=  5/2- (3)  5.787  28: 0.090 0.031 0.005
                      29: 0.000-0.004-0.051
                      31: 0.005-0.464-0.386
                      32:-0.002 0.238-0.753
 
 I=  5/2- (4)  6.365  28:-0.035 0.051-0.003
                      31:-0.002-0.757 0.237
                      32: 0.001 0.388 0.463
 
 I=  5/2- (5)  6.599  27:-0.000 0.000 0.500
                      30:-0.855-0.001-0.000
                      37: 0.010-0.126-0.004

             ENERGY     K= 5/2   1/2  -3/2  -7/2
 
 I=  7/2- (1)  3.059  28:-0.147 0.000-0.000-0.000
                      34: 0.000 0.000 0.000-0.988
                      39:-0.000-0.000-0.001 0.053
 
 I=  7/2- (2)  4.284  28:-0.140 0.000-0.000 0.001
                      29:-0.000-0.000 0.001-0.988
 
 I=  7/2- (3)  4.457  27:-0.000-0.014-0.177-0.000
                      30:-0.185-0.052-0.000-0.000
                      33: 0.011-0.863-0.001-0.000
                      35: 0.000-0.000-0.016-0.072
                      37: 0.002-0.222-0.058 0.001
                      38: 0.000-0.045 0.357-0.003
 
 I=  7/2- (4)  5.850  28:-0.960 0.004-0.001-0.000
                      29:-0.002-0.001 0.010 0.141
                      31:-0.053-0.058 0.078-0.005
                      32: 0.023 0.030 0.153-0.008
                      34: 0.000 0.000 0.001 0.143
 
 I=  7/2- (5)  6.054  27: 0.000-0.004 0.405 0.002
                      30: 0.718-0.013-0.000 0.000
                      33:-0.041-0.219-0.008 0.000
                      35:-0.000-0.000-0.007 0.505
                      38:-0.001-0.010 0.110 0.023

             ENERGY     K= 9/2   5/2   1/2  -3/2  -7/2
 
 I=  9/2- (1)  3.940  28: 0.000 0.192-0.000-0.000 0.000
                      29: 0.000 0.000 0.000 0.001-0.192
                      34:-0.000-0.000-0.000 0.000-0.814
                      36:-0.512 0.000 0.000-0.000 0.000
 
 I=  9/2- (2)  4.407  28: 0.000-0.087 0.000 0.000 0.000
                      29: 0.000-0.000-0.000-0.000-0.340
                      34:-0.000 0.000 0.000-0.000 0.539
                      36:-0.765 0.000-0.000 0.000-0.000
 
 I=  9/2- (3)  4.929  27:-0.000-0.000-0.011 0.215 0.001
                      30:-0.000-0.294-0.034 0.000 0.000
                      33: 0.000 0.017-0.697-0.000 0.000
                      35:-0.000 0.000 0.002 0.014 0.191
                      37:-0.000 0.003 0.477 0.052-0.002
                      38:-0.000 0.001 0.071-0.317 0.009
                      40:-0.080 0.001-0.000-0.000-0.000
 
 I=  9/2- (4)  5.532  28:-0.000-0.217 0.000 0.000-0.001
                      29: 0.000-0.000-0.000-0.001 0.894
                      36:-0.388 0.000-0.000 0.000 0.000
 
 I=  9/2- (5)  5.734  27:-0.000-0.000 0.004 0.331 0.002
                      30:-0.001-0.587 0.013-0.000 0.000
                      33: 0.000 0.034 0.284-0.006 0.000
                      35:-0.000 0.000-0.001-0.006 0.547
                      37:-0.000 0.007-0.281-0.018-0.006
                      38:-0.000 0.001-0.043 0.107 0.024
                      40:-0.267 0.002 0.000 0.000-0.000

             ENERGY     K= 9/2   5/2   1/2  -3/2  -7/2 -11/2
 
 I= 11/2- (1)  4.662  26:-0.000-0.000 0.000-0.000-0.000 0.996
                      36:-0.075 0.000 0.000 0.000-0.000-0.000
 
 I= 11/2- (2)  5.016  27:-0.000-0.000-0.010-0.334-0.001-0.000
                      30:-0.001-0.439-0.039 0.000-0.000-0.000
                      33: 0.000 0.025-0.642 0.002-0.000-0.000
                      35:-0.000 0.000-0.000-0.013-0.325-0.000
                      37:-0.000 0.005-0.219-0.051 0.004 0.000
                      38:-0.000 0.001-0.042 0.310-0.015-0.000
                      40:-0.165 0.002-0.000 0.000 0.000-0.000
 
 I= 11/2- (3)  5.059  26: 0.000 0.000-0.000 0.000 0.006 0.080
                      28:-0.000-0.222 0.000-0.000 0.000 0.000
                      29:-0.000-0.000-0.000 0.001-0.286-0.001
                      34: 0.000 0.000 0.000 0.000-0.723 0.001
                      36: 0.581-0.000-0.000-0.000 0.000-0.000
 
 I= 11/2- (4)  5.700  28: 0.000-0.134 0.000-0.000-0.000-0.000
                      29: 0.000-0.000-0.000 0.000 0.391 0.000
                      34:-0.000 0.000 0.000 0.000-0.637-0.000
                      36:-0.649 0.000-0.000-0.000 0.000 0.000
 
 I= 11/2- (5)  6.137  27:-0.000-0.000 0.009-0.184-0.002-0.000
                      30:-0.001-0.427 0.033 0.000-0.000 0.000
                      33: 0.000 0.025 0.543 0.006-0.000-0.000
                      35:-0.000 0.000 0.000 0.013-0.528-0.000
                      37:-0.000 0.005 0.189 0.042 0.006 0.000
                      38:-0.000 0.001 0.036-0.256-0.024-0.000
                      40:-0.321 0.002 0.000-0.000 0.000 0.000

             ENERGY     K=13/2   9/2   5/2   1/2  -3/2  -7/2 -11/2
 
 I= 13/2- (1)  5.804  27:-0.000 0.000 0.000 0.005-0.374-0.002-0.000
                      30:-0.000 0.001 0.574 0.016 0.000-0.000 0.000
                      33: 0.000-0.000-0.033 0.311 0.004-0.000-0.000
                      35: 0.000 0.000-0.000-0.001-0.007-0.525-0.000
                      37: 0.000 0.000-0.007-0.170-0.029 0.006 0.000
                      38:-0.000 0.000-0.001-0.025 0.180-0.023-0.000
                      40:-0.000 0.308-0.002 0.000 0.000 0.000 0.000
 
 I= 13/2- (2)  6.232  26:-0.000 0.000 0.000-0.000-0.000-0.001 0.965
                      28:-0.000-0.000-0.053 0.000 0.000-0.000 0.000
                      29: 0.000-0.000-0.000-0.000-0.000 0.093-0.011
                      34: 0.000 0.000 0.000 0.000-0.000 0.142 0.012
                      36:-0.000 0.192-0.000-0.000 0.000-0.000-0.000
 
 I= 13/2- (3)  6.428  26:-0.000 0.000 0.000-0.000-0.000-0.004-0.257
                      28: 0.000-0.000-0.242 0.000 0.000-0.000-0.000
                      29:-0.000-0.000-0.000-0.000-0.001 0.330 0.003
                      34:-0.000 0.000 0.000 0.000-0.000 0.658-0.003
                      36:-0.000 0.576-0.000-0.000 0.000-0.000 0.000
 
 I= 13/2- (4)  6.986  27: 0.000-0.000-0.000 0.010 0.054 0.001 0.000
                      30: 0.000-0.001-0.183 0.031-0.000 0.000 0.000
                      33: 0.000 0.000 0.010 0.655-0.004 0.000 0.000
                      35:-0.000-0.000 0.000-0.002-0.015 0.311 0.000
                      37: 0.000-0.000 0.002-0.527-0.053-0.003-0.000
                      38: 0.000-0.000 0.000-0.079 0.322 0.014 0.000
                      40: 0.000-0.215 0.001 0.000 0.000-0.000-0.000
 
 I= 13/2- (5)  7.236  28:-0.000 0.000-0.170 0.000 0.000 0.000 0.000
                      29: 0.000-0.000-0.000-0.000-0.001-0.412-0.001
                      34: 0.000-0.000 0.000 0.000-0.000 0.674 0.000
                      36: 0.000-0.586 0.000-0.000 0.000-0.000-0.000

             ENERGY     K=13/2   9/2   5/2   1/2  -3/2  -7/2 -11/2
  32 LEVELS    TIME=  0.0 SEC



 ******************* EXCITATION ENERGIES, DOMINANT CONFIGURATION AND EXPECTATION VALUES (WITH S.P. UU+VV FACTORS) *******************

  NR  Eex(keV)  I   Kdom  NY    <Jz>  <Jx**2> <Jy**2> <Jz**2> <I.j>/|I|  <Rx**2> <Ry**2> <Rz**2> <R.j>/|R|  <HROTx> <HROTy> <HROTz>

   1    0.0   7/2-   7/2  34   -3.37    2.32    2.36   12.13    3.18       3.65    3.70    0.01   -1.55      0.459   0.434   0.539
   2  880.7   9/2-   7/2  34   -1.18    2.68    2.66   14.12    3.24       5.98    5.96    0.01   -0.96      0.753   0.699   0.704
   3 1122.9   1/2-   1/2  33    0.50   12.27   12.22    0.25    1.42      11.53   11.50    0.00   -4.90      1.453   1.350   0.169
   4 1159.4   5/2-   1/2  33    0.35   12.72   12.61    0.42    2.27      10.58   10.50    0.00   -4.15      1.333   1.232   0.125
   5 1224.7   7/2-   7/2  29   -3.38    6.32    6.21   12.12    3.12       7.88    7.78    0.01   -3.10      0.993   0.912   0.549
  
   6 1287.3   3/2-   1/2  33    0.37   13.99   14.25    0.39    2.08      12.04   12.28    0.00   -4.99      1.517   1.441   0.371
   7 1347.7   9/2-   9/2  36    1.22    2.71    2.63   16.86    3.47       6.19    6.18    0.01   -1.40      0.780   0.725   0.955
   8 1398.5   7/2-   1/2  33    0.23   15.77   16.08    0.85    3.28      11.09   11.34    0.00   -4.16      1.397   1.331   0.411
   9 1603.2  11/2-  11/2  26   -5.44    2.76    2.74   30.14    5.05       5.50    5.48    0.00   -1.64      0.693   0.643   0.305
  10 1864.0   5/2-   5/2  28    2.46    6.05    6.16    6.22    2.13       7.24    7.35    0.01   -3.18      0.913   0.863   0.803
  
  11 1870.4   9/2-   1/2  33    0.25   14.93   14.82    1.64    3.10      12.68   12.60    0.00   -3.17      1.598   1.478   0.185
  12 1957.0  11/2-   1/2  33    0.15   19.11   19.29    3.64    4.47      12.07   12.27    0.00   -3.11      1.521   1.440   0.442
  13 2000.0  11/2-   7/2  34   -0.52    2.96    2.92   14.76    3.03      10.11   10.08    0.01   -0.57      1.274   1.183   0.752
  14 2092.0   1/2-   1/2  31    0.49    5.06    5.13    0.27    0.06       5.49    5.58    0.03   -3.12      0.692   0.655   2.923
  15 2130.9   3/2-   3/2  32   -0.63    5.02    5.20    1.39    1.14       5.37    5.56    0.03   -2.84      0.677   0.653   2.989
  
  16 2473.1   9/2-   7/2  29   -2.01    5.73    5.61   13.15    2.48      12.33   12.19    0.01   -2.45      1.554   1.430   0.657
  17 2641.0  11/2-   9/2  36   -0.03    2.83    2.78   15.51    2.72      12.18   12.22    0.01   -0.99      1.534   1.434   0.854
  18 2675.0   9/2-   5/2  30    0.03   21.07   20.91    7.58    4.55      14.49   14.58    0.00   -5.00      1.825   1.711   0.367
  19 2728.2   5/2-   3/2  32   -0.92    5.02    5.23    1.74    0.84       7.75    8.01    0.03   -2.40      0.977   0.940   2.989
  20 2745.1  13/2-   5/2  30    0.09   21.63   21.49    7.77    5.08      14.27   14.43    0.00   -2.88      1.798   1.693   0.417
  
  21 2791.4   7/2-   5/2  28    2.13    5.97    6.07    6.35    1.48      11.14   11.24    0.01   -2.65      1.404   1.319   0.845
  22 2994.9   7/2-   5/2  30    0.16   22.52   22.49    6.77    4.28      16.73   16.84    0.00   -6.01      2.107   1.976   0.418
  23 3077.8  11/2-   1/2  33   -0.04   19.56   19.52    6.96    4.14      16.06   16.28    0.00   -3.75      2.023   1.911   0.415
  24 3172.9  13/2-  11/2  26   -5.05    2.79    2.76   29.28    4.26      12.08   12.06    0.00   -1.04      1.522   1.415   0.339
  25 3306.5   5/2-   1/2  31   -0.05    5.03    5.16    0.82   -0.18      10.30   10.46    0.03   -2.53      1.298   1.227   2.961
  
  26 3369.1  13/2-   7/2  34   -0.62    3.15    3.10   15.73    2.86      15.41   15.39    0.01   -0.36      1.941   1.806   0.736
  27 3540.3   5/2-   5/2  30    1.46   23.16   23.20    5.14    3.81      18.80   18.92    0.01   -6.55      2.369   2.220   0.489
  28 3926.8  13/2-   1/2  33    0.15   14.56   14.37    2.76    2.84      20.42   20.42    0.00   -1.86      2.573   2.396   0.154
  29 4157.4   1/2-   1/2  37    0.50   17.14   17.52    0.25   -1.19      18.66   19.07    0.00   -5.85      2.350   2.237   0.335
  30 4177.1  13/2-   7/2  34   -0.59    2.91    2.88   14.85    2.27      18.78   18.86    0.01   -0.78      2.366   2.213   0.807
  
  31*******   1/2-   1/2  39   -1.40    2.23    1.47    2.22   -0.72       2.47    1.59    3.86   -2.33      0.311   0.186 370.891
  32*******   1/2-   1/2  32   -1.20    5.10    5.29    2.54   -0.79       5.44    5.62    3.99   -3.51      0.686   0.659 382.704
