1SPECTRUM OF (Z= 82 A=207) IN PARTICLE-ROTOR  MODEL WITH MODIFIED OSCILLATOR POTENTIAL


 PARITY=-   EPS= 0.248   GAMMA=  0.0   EPS4=0.000   EPS6=0.000   LEVELS:  26  27  28  29  30  31  32  33  34  35  36  37  38  39  40

 PAIRING FACTORS: GN0= 19.20  GN1=  7.40  IPAIR= 15 ***  E2PLUS(INPUT)=   0.730  E2PLUR(INPUT)=   0.000

 CORIOLIS ATTENUATION PARAMETERS:  CHSI=1.000  ETA=  1.00

 MOMENT OF INERTIA PARAMETERS:   A1=  0.122 MEV   A2=  0.122 MEV   A3=121.91924 MEV


 DELTA=0.937 MEV  LAMBDA=53.4105 MEV   HW0= 7.4651 MEV   LAMBDA/HW0= 7.1547

 E2ENERGY=0.730 MEV  HBAR**2/B=11404./A**(7/3)=1927.8/A**2 MEV

 IREC=0  =>  RECOIL TERMS j+j-, j+j+, jzjz, ETC TREATED AS ONE-BODY OPERATORS WITH UU+VV PAIRING FACTORS



 S. P. LEVEL   EQP       U     V        (UU + VV)**1.00

     26       3.877    0.122 0.993      1.000 1.000 0.992 0.990 0.986 0.976 0.727 0.569 0.492 0.432 0.397 0.341 0.295 0.240 0.234
     27       3.331    0.142 0.990      1.000 1.000 0.994 0.993 0.989 0.980 0.741 0.586 0.509 0.451 0.416 0.360 0.315 0.260 0.254
     28       1.970    0.245 0.969      0.992 0.994 1.000 1.000 0.999 0.996 0.807 0.668 0.597 0.542 0.509 0.456 0.413 0.360 0.354
     29       1.862    0.261 0.965      0.990 0.993 1.000 1.000 1.000 0.997 0.817 0.680 0.610 0.555 0.523 0.470 0.427 0.375 0.369
     30       1.701    0.288 0.958      0.986 0.989 0.999 1.000 1.000 0.999 0.832 0.700 0.632 0.578 0.546 0.495 0.452 0.401 0.395
     31       1.481    0.336 0.942      0.976 0.980 0.996 0.997 0.999 1.000 0.860 0.736 0.670 0.619 0.588 0.538 0.497 0.447 0.441
     32       0.954    0.770 0.638      0.727 0.741 0.807 0.817 0.832 0.860 1.000 0.978 0.955 0.933 0.919 0.893 0.871 0.841 0.838
     33       1.138    0.885 0.465      0.569 0.586 0.668 0.680 0.700 0.736 0.978 1.000 0.996 0.987 0.981 0.967 0.954 0.935 0.933
     34       1.328    0.924 0.382      0.492 0.509 0.597 0.610 0.632 0.670 0.955 0.996 1.000 0.998 0.994 0.986 0.977 0.963 0.962
     35       1.550    0.948 0.319      0.432 0.451 0.542 0.555 0.578 0.619 0.933 0.987 0.998 1.000 0.999 0.995 0.989 0.979 0.978
     36       1.731    0.959 0.282      0.397 0.416 0.509 0.523 0.546 0.588 0.919 0.981 0.994 0.999 1.000 0.998 0.994 0.986 0.985
     37       2.149    0.975 0.224      0.341 0.360 0.456 0.470 0.495 0.538 0.893 0.967 0.986 0.995 0.998 1.000 0.999 0.994 0.994
     38       2.694    0.984 0.177      0.295 0.315 0.413 0.427 0.452 0.497 0.871 0.954 0.977 0.989 0.994 0.999 1.000 0.998 0.998
     39       3.922    0.993 0.120      0.240 0.260 0.360 0.375 0.401 0.447 0.841 0.935 0.963 0.979 0.986 0.994 0.998 1.000 1.000
     40       4.139    0.993 0.114      0.234 0.254 0.354 0.369 0.395 0.441 0.838 0.933 0.962 0.978 0.985 0.994 0.998 1.000 1.000

  R CORE   ENERGY   A0R/A00=1.000    R3= 0     2  
   2( 1)    0.732                    1.000 0.000
   2( 2)  487.921                    0.000 1.000

  R CORE   ENERGY   A0R/A00=1.000    R3= 0     2  
   3( 1)  488.652                    0.000 1.000

  R CORE   ENERGY   A0R/A00=1.000    R3= 0     2     4  
   4( 1)    2.438                    1.000 0.000 0.000

  R CORE   ENERGY   A0R/A00=1.000    R3= 0     2     4  
   5( 1)  490.847                    0.000 1.000 0.000

  R CORE   ENERGY   A0R/A00=1.000    R3= 0     2     4     6  
   6( 1)    5.121                    1.000 0.000 0.000 0.000

  R CORE   ENERGY   A0R/A00=1.000    R3= 0     2     4     6  
   7( 1)  494.017                    0.000 1.000 0.000 0.000

          AXIAL SYMMETRY => K RESTRICTED TO OMEGA

                     K
     S.P. ORB#: 26  2.50
     S.P. ORB#: 27 -3.50
     S.P. ORB#: 28 -3.50
     S.P. ORB#: 29  0.50
     S.P. ORB#: 30 -1.50
     S.P. ORB#: 31  4.50
     S.P. ORB#: 32  0.50
     S.P. ORB#: 33 -1.50
     S.P. ORB#: 34 -1.50
     S.P. ORB#: 35  2.50
     S.P. ORB#: 36  2.50
     S.P. ORB#: 37  0.50
     S.P. ORB#: 38 -3.50
     S.P. ORB#: 39  4.50
     S.P. ORB#: 40  0.50
 

             ENERGY    K= OMEGA
 
 I=  1/2- (1)  2.450  29:-0.060
                      37:-0.998
 
 I=  1/2- (2)  2.995  29: 0.998
                      37:-0.060
 
 I=  1/2- (3)  6.642  32:-0.689
                      40: 0.725
 
 I=  1/2- (4)  9.993  32: 0.725
                      40: 0.689
 
 I=  1/2- (5)147.441  33:-1.000

             ENERGY    K= OMEGA
 
 I=  3/2- (1)  1.851  29:-0.188
                      30:-0.092
                      34:-0.975
                      37: 0.070
 
 I=  3/2- (2)  2.835  29:-0.269
                      30: 0.924
                      34:-0.055
                      37:-0.265

             ENERGY    K= OMEGA
 
 I=  5/2- (1)  2.038  29: 0.153
                      30: 0.196
                      34:-0.492
                      35:-0.833
                      37: 0.050
 
 I=  5/2- (2)  2.506  29: 0.197
                      30:-0.225
                      34:-0.827
                      35: 0.468
                      37:-0.081
 
 I=  5/2- (3)  2.993  29: 0.315
                      30: 0.434
                      35: 0.212
                      37: 0.817
 
 I=  5/2- (4)  3.683  29: 0.316
                      30: 0.742
                      35: 0.180
                      37:-0.563
 
 I=  5/2- (5)  4.313  29:-0.859
                      30: 0.415
                      34:-0.267
                      35: 0.102
                      37: 0.083

             ENERGY    K= OMEGA
 
 I=  7/2- (1)  2.660  27: 0.056
                      28: 0.196
                      29:-0.214
                      30: 0.253
                      34:-0.523
                      35: 0.758
 
 I=  7/2- (2)  2.714  26:-0.229
                      27: 0.065
                      28: 0.945
                      29: 0.066
                      34: 0.188
                      35:-0.098
 
 I=  7/2- (3)  3.223  32: 0.749
                      33: 0.557
                      36: 0.323
                      38: 0.126
                      40:-0.087
 
 I=  7/2- (4)  3.316  28:-0.114
                      29: 0.284
                      30: 0.295
                      34: 0.723
                      35: 0.512
                      37:-0.185
 
 I=  7/2- (5)  4.281  27:-0.060
                      29:-0.490
                      30: 0.784
                      34: 0.076
                      35:-0.339
                      37:-0.140

             ENERGY    K= OMEGA
 
 I=  9/2- (1)  2.267  26: 0.068
                      27:-0.241
                      28: 0.177
                      31: 0.951
 
 I=  9/2- (2)  3.502  27:-0.052
                      28:-0.119
                      29:-0.264
                      30:-0.336
                      34: 0.513
                      35: 0.718
                      37:-0.147
 
 I=  9/2- (3)  3.608  26: 0.312
                      27: 0.097
                      28: 0.913
                      29:-0.056
                      31:-0.171
                      34: 0.164
 
 I=  9/2- (4)  4.316  32: 0.223
                      33:-0.557
                      36: 0.622
                      38:-0.456
                      39: 0.212
 
 I=  9/2- (5)  4.427  28: 0.137
                      29: 0.152
                      30:-0.400
                      34:-0.743
                      35: 0.349
                      37:-0.350

             ENERGY    K= OMEGA
 
 I= 11/2- (1)  2.227  32:-0.674
                      33:-0.567
                      36:-0.401
                      38:-0.231
                      39:-0.097
 
 I= 11/2- (2)  3.256  26: 0.113
                      27: 0.322
                      28:-0.245
                      31: 0.906
 
 I= 11/2- (3)  4.617  28: 0.073
                      29:-0.303
                      30: 0.333
                      34:-0.556
                      35: 0.692
 
 I= 11/2- (4)  4.732  26:-0.362
                      27: 0.131
                      28: 0.875
                      29: 0.055
                      31: 0.238
                      34: 0.147
 
 I= 11/2- (5)  5.649  28: 0.163
                      29:-0.344
                      30:-0.375
                      34:-0.628
                      35:-0.498
                      37: 0.265

             ENERGY    K= OMEGA
 
 I= 13/2- (1)  4.005  32: 0.191
                      33:-0.501
                      36: 0.610
                      38:-0.511
                      39: 0.281
 
 I= 13/2- (2)  4.466  26: 0.153
                      27:-0.371
                      28: 0.291
                      31: 0.866
 
 I= 13/2- (3)  5.894  28:-0.090
                      29:-0.332
                      30:-0.405
                      31:-0.051
                      34: 0.498
                      35: 0.646
                      37:-0.221
 
 I= 13/2- (4)  6.096  26: 0.397
                      27: 0.159
                      28: 0.838
                      29:-0.057
                      31:-0.289
                      34: 0.162
 
 I= 13/2- (5)  7.169  28: 0.120
                      30:-0.399
                      34:-0.570
                      35:-0.056
                      37:-0.704

             ENERGY     K= 1/2
  32 LEVELS    TIME=  0.0 SEC



 ******************* EXCITATION ENERGIES, DOMINANT CONFIGURATION AND EXPECTATION VALUES (WITH S.P. UU+VV FACTORS) *******************

  NR  Eex(keV)  I   Kdom  NY    <Jz>  <Jx**2> <Jy**2> <Jz**2> <I.j>/|I|  <Rx**2> <Ry**2> <Rz**2> <R.j>/|R|  <HROTx> <HROTy> <HROTz>

   1    0.0   3/2-  -3/2  34   -1.42    1.69    1.69    2.17    1.35       2.04    2.04    0.00   -1.46      0.248   0.248   0.000
   2  186.7   5/2-   5/2  35    1.33    1.94    1.94    4.97    2.24       2.16    2.16    0.00   -1.06      0.263   0.263   0.000
   3  375.5  11/2-   1/2  32    0.00   26.62   26.62    2.68    7.00       3.96    3.96    0.00   -4.99      0.483   0.483   0.000
   4  415.9   9/2-   9/2  31    3.77    2.61    2.61   19.45    4.43       2.68    2.68    0.00   -1.14      0.326   0.326   0.000
   5  599.1   1/2-   1/2  37    0.50    1.47    1.47    0.25    0.84       1.24    1.24    0.00   -1.56      0.151   0.151   0.000
  
   6  655.2   5/2-  -3/2  34   -0.53    1.71    1.71    3.04    1.07       4.43    4.43    0.00   -1.10      0.540   0.540   0.000
   7  809.2   7/2-   5/2  35    0.81    2.11    2.11    4.87    1.97       4.61    4.61    0.00   -0.42      0.562   0.562   0.000
   8  862.7   7/2-  -7/2  28   -3.04    2.33    2.33   11.46    3.33       2.73    2.73    0.00   -1.25      0.333   0.333   0.000
   9  984.2   3/2-  -3/2  30   -1.21    4.17    4.17    1.96    1.32       4.48    4.48    0.00   -2.59      0.546   0.546   0.000
  10 1142.1   5/2-   1/2  37    0.21    2.39    2.39    0.90    1.08       4.03    4.03    0.00   -0.88      0.492   0.492   0.000
  
  11 1143.6   1/2-   1/2  29    0.50    4.29    4.29    0.25    0.17       4.64    4.64    0.00   -2.85      0.566   0.566   0.000
  12 1371.6   7/2-   1/2  32    0.02   25.73   25.73    1.69    6.53       8.52    8.52    0.00   -6.59      1.039   1.039   0.000
  13 1405.3  11/2-   9/2  31    3.16    2.89    2.89   18.72    3.99       6.25    6.25    0.00   -0.18      0.762   0.762   0.000
  14 1465.1   7/2-  -3/2  34   -0.25    1.87    1.87    3.20    0.98       7.45    7.45    0.00   -0.79      0.908   0.908   0.000
  15 1651.3   9/2-   5/2  35    0.71    2.35    2.35    4.31    1.79       7.99    7.99    0.00   -0.03      0.974   0.974   0.000
  
  16 1757.1   9/2-  -7/2  28   -2.61    2.46    2.46   11.59    2.93       6.04    6.04    0.00   -0.55      0.736   0.736   0.000
  17 1831.5   5/2-  -3/2  30   -0.54    3.19    3.19    1.55    0.28       7.50    7.50    0.00   -1.83      0.914   0.914   0.000
  18 2153.9  13/2-   5/2  36    0.02   25.45   25.45    7.70    6.50       8.31    8.31    0.00   -3.25      1.013   1.013   0.000
  19 2429.7   7/2-  -3/2  30   -0.52    3.91    3.91    2.23    0.62      10.43   10.43    0.00   -1.66      1.272   1.272   0.000
  20 2462.0   5/2-   1/2  29    0.03    4.17    4.17    0.80   -0.47      10.33   10.33    0.00   -2.32      1.259   1.259   0.000
  
  21 2465.4   9/2-   5/2  36    0.00   25.76   25.76    6.59    6.26      10.29   10.29    0.00   -5.94      1.255   1.255   0.000
  22 2575.4   9/2-  -3/2  34   -0.75    1.80    1.80    2.64    0.74      11.83   11.83    0.00   -0.53      1.443   1.443   0.000
  23 2615.0  13/2-   9/2  31    2.66    3.12    3.12   18.08    3.69      10.80   10.80    0.00    0.30      1.316   1.316   0.000
  24 2766.2  11/2-   5/2  35    0.60    2.40    2.40    4.09    1.62      12.65   12.65    0.00    0.15      1.542   1.542   0.000
  25 2880.5  11/2-  -7/2  28   -2.18    2.56    2.56   11.63    2.65      10.38   10.38    0.00   -0.19      1.265   1.265   0.000
  
  26 3797.6  11/2-  -3/2  34   -0.17    2.07    2.07    3.17    0.81      16.71   16.71    0.00   -0.43      2.037   2.037   0.000
  27 4043.4  13/2-   5/2  35    0.48    2.63    2.63    3.74    1.61      17.66   17.66    0.00    0.37      2.153   2.153   0.000
  28 4244.4  13/2-  -7/2  28   -1.81    2.65    2.65   11.66    2.44      15.79   15.79    0.00    0.02      1.925   1.925   0.000
  29 4790.6   1/2-   1/2  40    0.50   13.87   13.87    0.25   -2.42      16.47   16.47    0.00   -5.24      2.007   2.007   0.000
  30 5318.0  13/2-   1/2  37   -0.52    1.76    1.76    1.42    0.70      21.99   21.99    0.00   -0.01      2.681   2.681   0.000
  
  31 8141.7   1/2-   1/2  32    0.50   27.12   27.12    0.25   -3.75      30.87   30.87    0.00   -7.35      3.763   3.763   0.000
  32*******   1/2-  -3/2  33    0.00    0.00    0.00    0.00   -0.00       0.00    0.00    0.00   -0.00      0.000   0.000   0.000
