1SPECTRUM OF (Z= 82 A=207) IN PARTICLE-ROTOR  MODEL WITH MODIFIED OSCILLATOR POTENTIAL


 PARITY=-   EPS= 0.330   GAMMA=  0.0   EPS4=0.000   EPS6=0.000   LEVELS:  25  26  27  28  29  30  31  32  33  34  35  36  37  38  39

 PAIRING FACTORS: GN0= 19.20  GN1=  7.40  IPAIR= 15 ***  E2PLUS(INPUT)=   0.730  E2PLUR(INPUT)=   0.000

 CORIOLIS ATTENUATION PARAMETERS:  CHSI=1.000  ETA=  1.00

 MOMENT OF INERTIA PARAMETERS:   A1=  0.122 MEV   A2=  0.122 MEV   A3=121.91922 MEV


 DELTA=0.921 MEV  LAMBDA=53.3224 MEV   HW0= 7.5097 MEV   LAMBDA/HW0= 7.1005

 E2ENERGY=0.730 MEV  HBAR**2/B=20192./A**(7/3)=3413.4/A**2 MEV

 IREC=0  =>  RECOIL TERMS j+j-, j+j+, jzjz, ETC TREATED AS ONE-BODY OPERATORS WITH UU+VV PAIRING FACTORS



 S. P. LEVEL   EQP       U     V        (UU + VV)**1.00

     25       4.177    0.111 0.994      1.000 0.999 0.998 0.984 0.964 0.947 0.928 0.880 0.693 0.561 0.305 0.297 0.284 0.278 0.245
     26       3.182    0.146 0.989      0.999 1.000 0.999 0.990 0.972 0.958 0.940 0.897 0.718 0.590 0.339 0.331 0.318 0.312 0.279
     27       2.625    0.178 0.984      0.998 0.999 1.000 0.994 0.980 0.967 0.951 0.910 0.740 0.616 0.369 0.361 0.349 0.342 0.310
     28       1.676    0.287 0.958      0.984 0.990 0.994 1.000 0.996 0.989 0.979 0.951 0.810 0.700 0.470 0.462 0.451 0.445 0.414
     29       1.331    0.373 0.928      0.964 0.972 0.980 0.996 1.000 0.998 0.994 0.975 0.860 0.762 0.549 0.541 0.530 0.524 0.496
     30       1.197    0.425 0.905      0.947 0.958 0.967 0.989 0.998 1.000 0.998 0.986 0.888 0.797 0.595 0.588 0.578 0.572 0.544
     31       1.103    0.474 0.880      0.928 0.940 0.951 0.979 0.994 0.998 1.000 0.994 0.912 0.829 0.639 0.632 0.622 0.616 0.590
     32       0.983    0.569 0.822      0.880 0.897 0.910 0.951 0.975 0.986 0.994 1.000 0.952 0.886 0.721 0.714 0.705 0.700 0.676
     33       0.953    0.794 0.608      0.693 0.718 0.740 0.810 0.860 0.888 0.912 0.952 1.000 0.986 0.898 0.894 0.888 0.885 0.869
     34       1.118    0.885 0.465      0.561 0.590 0.616 0.700 0.762 0.797 0.829 0.886 0.986 1.000 0.960 0.957 0.953 0.951 0.940
     35       2.377    0.980 0.198      0.305 0.339 0.369 0.470 0.549 0.595 0.639 0.721 0.898 0.960 1.000 1.000 1.000 1.000 0.998
     36       2.481    0.982 0.189      0.297 0.331 0.361 0.462 0.541 0.588 0.632 0.714 0.894 0.957 1.000 1.000 1.000 1.000 0.999
     37       2.654    0.984 0.176      0.284 0.318 0.349 0.451 0.530 0.578 0.622 0.705 0.888 0.953 1.000 1.000 1.000 1.000 0.999
     38       2.758    0.986 0.169      0.278 0.312 0.342 0.445 0.524 0.572 0.616 0.700 0.885 0.951 1.000 1.000 1.000 1.000 0.999
     39       3.414    0.991 0.136      0.245 0.279 0.310 0.414 0.496 0.544 0.590 0.676 0.869 0.940 0.998 0.999 0.999 0.999 1.000

  R CORE   ENERGY   A0R/A00=1.000    R3= 0     2  
   2( 1)    0.732                    1.000 0.000
   2( 2)  487.921                    0.000 1.000

  R CORE   ENERGY   A0R/A00=1.000    R3= 0     2  
   3( 1)  488.652                    0.000 1.000

  R CORE   ENERGY   A0R/A00=1.000    R3= 0     2     4  
   4( 1)    2.438                    1.000 0.000 0.000

  R CORE   ENERGY   A0R/A00=1.000    R3= 0     2     4  
   5( 1)  490.847                    0.000 1.000 0.000

  R CORE   ENERGY   A0R/A00=1.000    R3= 0     2     4     6  
   6( 1)    5.121                    1.000 0.000 0.000 0.000

  R CORE   ENERGY   A0R/A00=1.000    R3= 0     2     4     6  
   7( 1)  494.017                    0.000 1.000 0.000 0.000

          AXIAL SYMMETRY => K RESTRICTED TO OMEGA

                     K
     S.P. ORB#: 25  0.50
     S.P. ORB#: 26  2.50
     S.P. ORB#: 27 -3.50
     S.P. ORB#: 28  0.50
     S.P. ORB#: 29  0.50
     S.P. ORB#: 30 -1.50
     S.P. ORB#: 31 -1.50
     S.P. ORB#: 32 -3.50
     S.P. ORB#: 33  4.50
     S.P. ORB#: 34  2.50
     S.P. ORB#: 35 -3.50
     S.P. ORB#: 36 -1.50
     S.P. ORB#: 37  0.50
     S.P. ORB#: 38  2.50
     S.P. ORB#: 39  0.50
 

             ENERGY    K= OMEGA
 
 I=  1/2- (1)  2.563  29:-0.998
 
 I=  1/2- (2)  3.754  25:-0.072
                      39:-0.997
 
 I=  1/2- (3)  5.751  25: 0.996
                      39:-0.070
 
 I=  1/2- (4)  5.953  28:-0.412
                      37: 0.911
 
 I=  1/2- (5)  8.744  28:-0.911
                      37:-0.412

             ENERGY    K= OMEGA
 
 I=  3/2- (1)  2.423  25:-0.117
                      29: 0.080
                      30:-0.980
                      36:-0.121
                      39: 0.076
 
 I=  3/2- (2)  2.537  25:-0.172
                      29:-0.885
                      36:-0.415
                      39: 0.119

             ENERGY    K= OMEGA
 
 I=  5/2- (1)  2.484  25:-0.254
                      29: 0.455
                      30: 0.771
                      36:-0.134
                      38:-0.305
                      39: 0.149
 
 I=  5/2- (2)  3.310  26:-0.066
                      29: 0.557
                      30:-0.433
                      36:-0.704
 
 I=  5/2- (3)  3.477  25:-0.119
                      29: 0.365
                      30: 0.109
                      36: 0.258
                      38: 0.870
                      39: 0.126
 
 I=  5/2- (4)  4.212  29:-0.519
                      30: 0.394
                      36:-0.619
                      38: 0.384
                      39:-0.207
 
 I=  5/2- (5)  4.596  25:-0.165
                      26: 0.058
                      29: 0.189
                      36: 0.167
                      39:-0.951

             ENERGY    K= OMEGA
 
 I=  7/2- (1)  1.782  26:-0.195
                      27: 0.051
                      32: 0.979
 
 I=  7/2- (2)  3.311  25:-0.192
                      29: 0.072
                      30:-0.840
                      36: 0.082
                      38:-0.482
                      39: 0.101
 
 I=  7/2- (3)  3.418  25:-0.263
                      29:-0.812
                      30:-0.099
                      36:-0.470
                      38: 0.111
                      39: 0.165
 
 I=  7/2- (4)  3.487  28:-0.716
                      31:-0.581
                      34:-0.355
                      35:-0.150
 
 I=  7/2- (5)  4.378  26: 0.176
                      27: 0.597
                      29: 0.324
                      30:-0.334
                      36:-0.324
                      38: 0.539

             ENERGY    K= OMEGA
 
 I=  9/2- (1)  1.841  26:-0.072
                      27: 0.194
                      32:-0.234
                      33:-0.950
 
 I=  9/2- (2)  2.737  26:-0.267
                      27:-0.090
                      30:-0.052
                      32:-0.928
                      33: 0.231
 
 I=  9/2- (3)  3.473  25:-0.361
                      29: 0.492
                      30: 0.686
                      32:-0.065
                      36:-0.178
                      38:-0.296
                      39: 0.183
 
 I=  9/2- (4)  4.607  28: 0.229
                      31:-0.575
                      34: 0.662
                      35:-0.423
 
 I=  9/2- (5)  5.125  26: 0.117
                      27:-0.097
                      29:-0.402
                      30: 0.453
                      32:-0.055
                      36: 0.765
                      38: 0.059
                      39: 0.125

             ENERGY    K= OMEGA
 
 I= 11/2- (1)  2.824  28:-0.682
                      31:-0.579
                      34:-0.394
                      35:-0.202
                      37:-0.056
 
 I= 11/2- (2)  2.928  26: 0.124
                      27: 0.263
                      32:-0.323
                      33: 0.900
 
 I= 11/2- (3)  3.923  26: 0.313
                      27:-0.130
                      30:-0.063
                      32:-0.879
                      33:-0.321
                      38:-0.061
 
 I= 11/2- (4)  5.142  25:-0.369
                      29:-0.353
                      30:-0.738
                      32: 0.091
                      36:-0.118
                      38:-0.368
                      39: 0.190
 
 I= 11/2- (5)  5.262  25: 0.146
                      29: 0.711
                      30:-0.327
                      36: 0.468
                      38:-0.368
                      39:-0.097

             ENERGY    K= OMEGA
 
 I= 13/2- (1)  4.233  26:-0.169
                      27: 0.307
                      32:-0.383
                      33:-0.854
 
 I= 13/2- (2)  4.993  28:-0.221
                      31: 0.559
                      34:-0.663
                      35: 0.446
 
 I= 13/2- (3)  5.276  25:-0.298
                      26: 0.249
                      27: 0.130
                      29: 0.337
                      30: 0.471
                      32: 0.587
                      33:-0.272
                      36:-0.100
                      38:-0.224
                      39: 0.137
 
 I= 13/2- (4)  5.427  25:-0.308
                      26:-0.236
                      27:-0.107
                      29: 0.372
                      30: 0.446
                      32:-0.598
                      33: 0.271
                      36:-0.153
                      38:-0.160
                      39: 0.141
 
 I= 13/2- (5)  7.889  25:-0.122
                      26: 0.134
                      27:-0.141
                      29:-0.193
                      30: 0.354
                      32:-0.082
                      33:-0.060
                      36: 0.779
                      38: 0.336
                      39: 0.234

             ENERGY     K= 1/2
  32 LEVELS    TIME=  0.0 SEC



 ******************* EXCITATION ENERGIES, DOMINANT CONFIGURATION AND EXPECTATION VALUES (WITH S.P. UU+VV FACTORS) *******************

  NR  Eex(keV)  I   Kdom  NY    <Jz>  <Jx**2> <Jy**2> <Jz**2> <I.j>/|I|  <Rx**2> <Ry**2> <Rz**2> <R.j>/|R|  <HROTx> <HROTy> <HROTz>

   1    0.0   7/2-  -7/2  32   -3.27    2.31    2.31   12.01    3.35       2.91    2.91    0.00   -1.39      0.354   0.354   0.000
   2   59.4   9/2-   9/2  33    3.75    2.54    2.54   19.44    4.28       3.33    3.33    0.00   -1.24      0.406   0.406   0.000
   3  640.5   3/2-  -3/2  30   -1.45    4.61    4.61    2.20    1.47       4.73    4.73   -0.00   -2.78      0.576   0.576  -0.000
   4  701.9   5/2-  -3/2  30   -0.54    4.74    4.74    2.04    2.25       3.48    3.48   -0.00   -1.84      0.424   0.424  -0.000
   5  754.9   3/2-   1/2  29    0.16    3.99    3.99    0.59    1.29       3.67    3.67    0.00   -2.25      0.447   0.447   0.000
  
   6  780.7   1/2-   1/2  29    0.50    4.78    4.78    0.25    0.31       5.01    5.01    0.00   -3.02      0.611   0.611   0.000
   7  954.6   9/2-  -7/2  32   -2.62    2.42    2.42   12.20    2.90       6.47    6.47    0.00   -0.73      0.789   0.789   0.000
   8 1042.1  11/2-   1/2  28   -0.02   24.45   24.45    2.34    6.32       5.72    5.72   -0.00   -3.98      0.698   0.698  -0.000
   9 1146.0  11/2-   9/2  33    3.08    2.76    2.76   18.64    3.76       7.47    7.47    0.00   -0.43      0.911   0.911   0.000
  10 1528.3   5/2-  -3/2  36   -0.86    3.00    3.00    1.65    0.80       5.83    5.83   -0.00   -1.55      0.711   0.711  -0.000
  
  11 1528.5   7/2-  -3/2  30   -0.47    4.14    4.14    3.10    1.76       6.59    6.59   -0.00   -1.21      0.803   0.803  -0.000
  12 1635.8   7/2-   1/2  29    0.06    3.74    3.74    0.80    1.41       6.40    6.40    0.00   -0.75      0.780   0.780   0.000
  13 1691.5   9/2-  -3/2  30   -0.34    4.94    4.94    1.84    2.34       6.58    6.58   -0.00   -0.02      0.802   0.802  -0.000
  14 1695.4   5/2-   5/2  38    1.86    2.34    2.34    4.95    1.84       3.76    3.76    0.00   -1.53      0.458   0.458   0.000
  15 1704.9   7/2-   1/2  28   -0.01   24.04   24.04    1.95    6.16       8.44    8.44    0.00   -6.23      1.029   1.029   0.000
  
  16 1972.0   1/2-   1/2  39    0.50    1.52    1.52    0.25    0.72       1.39    1.39    0.00   -1.59      0.169   0.169   0.000
  17 2140.7  11/2-  -7/2  32   -2.05    2.51    2.51   12.41    2.60      11.03   11.03    0.00   -0.40      1.345   1.345   0.001
  18 2430.4   5/2-  -3/2  36   -0.28    3.26    3.26    2.23   -0.03       8.85    8.85   -0.00   -2.10      1.079   1.079  -0.000
  19 2451.3  13/2-   9/2  33    2.51    2.95    2.95   17.92    3.40      12.52   12.52    0.00   -0.01      1.527   1.527   0.000
  20 2595.7   7/2-  -7/2  27   -0.72    4.02    4.02    6.89    1.79       8.23    8.23    0.00   -1.93      1.003   1.003   0.000
  
  21 2814.4   5/2-   1/2  39    0.45    1.64    1.64    0.33    0.33       5.19    5.19    0.00   -0.81      0.633   0.633   0.000
  22 2825.1   9/2-   5/2  34   -0.00   24.63   24.63    5.69    5.34      13.28   13.28    0.00   -5.51      1.619   1.619   0.000
  23 3210.5  13/2-   5/2  34   -0.04   24.62   24.62    5.90    5.32      14.77   14.77    0.00   -3.31      1.801   1.801   0.000
  24 3342.9   9/2-  -3/2  36   -1.09    2.63    2.63    2.09    0.70      12.59   12.59    0.00   -0.77      1.535   1.535   0.000
  25 3359.9  11/2-  -3/2  30   -0.38    4.20    4.20    2.30    1.68      13.18   13.18   -0.00   -0.13      1.607   1.607  -0.000
  
  26 3480.2  11/2-   1/2  29    0.12    3.65    3.65    1.75    1.40      14.01   14.01    0.00   -0.13      1.708   1.708   0.000
  27 3494.3  13/2-  -7/2  32   -0.89    3.83    3.83    7.20    2.43      14.81   14.81    0.00    0.39      1.806   1.806   0.000
  28 3645.2  13/2-  -7/2  32   -0.97    3.89    3.89    7.08    2.33      15.51   15.51    0.00    0.26      1.891   1.891   0.000
  29 3968.6   1/2-   1/2  25    0.50    6.57    6.57    0.25    0.66       6.49    6.49    0.00   -3.56      0.792   0.792   0.000
  30 4171.3   1/2-   1/2  37    0.50   12.39   12.39    0.25   -1.53      14.21   14.21    0.00   -4.94      1.733   1.733   0.000
  
  31 6106.6  13/2-  -3/2  36   -0.79    2.21    2.21    2.89    0.78      22.57   22.57    0.00   -0.28      2.752   2.752   0.000
  32 6961.6   1/2-   1/2  28    0.50   24.72   24.72    0.25   -3.56      28.30   28.30   -0.00   -7.01      3.451   3.451  -0.000
