1SPECTRUM OF (Z= 82 A=207) IN PARTICLE-ROTOR  MODEL WITH MODIFIED OSCILLATOR POTENTIAL


 PARITY=-   EPS= 0.371   GAMMA=  0.0   EPS4=0.000   EPS6=0.000   LEVELS:  24  25  26  27  28  29  30  31  32  33  34  35  36  37  38

 PAIRING FACTORS: GN0= 19.20  GN1=  7.40  IPAIR= 15 ***  E2PLUS(INPUT)=   0.730  E2PLUR(INPUT)=   0.000

 CORIOLIS ATTENUATION PARAMETERS:  CHSI=1.000  ETA=  1.00

 MOMENT OF INERTIA PARAMETERS:   A1=  0.122 MEV   A2=  0.122 MEV   A3=121.91923 MEV


 DELTA=0.873 MEV  LAMBDA=53.4315 MEV   HW0= 7.5378 MEV   LAMBDA/HW0= 7.0885

 E2ENERGY=0.730 MEV  HBAR**2/B=25521./A**(7/3)=4314.3/A**2 MEV

 IREC=0  =>  RECOIL TERMS j+j-, j+j+, jzjz, ETC TREATED AS ONE-BODY OPERATORS WITH UU+VV PAIRING FACTORS



 S. P. LEVEL   EQP       U     V        (UU + VV)**1.00

     24       4.276    0.103 0.995      1.000 1.000 0.999 0.997 0.996 0.985 0.945 0.918 0.749 0.683 0.484 0.353 0.313 0.247 0.235
     25       4.141    0.106 0.994      1.000 1.000 0.999 0.998 0.997 0.985 0.946 0.919 0.751 0.686 0.487 0.356 0.317 0.250 0.238
     26       2.925    0.151 0.989      0.999 0.999 1.000 1.000 0.999 0.992 0.960 0.936 0.781 0.718 0.526 0.398 0.359 0.294 0.282
     27       2.563    0.173 0.985      0.997 0.998 1.000 1.000 1.000 0.995 0.966 0.944 0.794 0.733 0.545 0.418 0.380 0.315 0.303
     28       2.366    0.188 0.982      0.996 0.997 0.999 1.000 1.000 0.996 0.970 0.949 0.803 0.744 0.558 0.432 0.394 0.330 0.317
     29       1.659    0.273 0.962      0.985 0.985 0.992 0.995 0.996 1.000 0.987 0.973 0.853 0.799 0.629 0.510 0.473 0.411 0.399
     30       1.140    0.422 0.906      0.945 0.946 0.960 0.966 0.970 0.987 1.000 0.997 0.925 0.885 0.744 0.640 0.607 0.551 0.540
     31       1.024    0.488 0.873      0.918 0.919 0.936 0.944 0.949 0.973 0.997 1.000 0.950 0.917 0.791 0.695 0.664 0.611 0.601
     32       0.876    0.736 0.677      0.749 0.751 0.781 0.794 0.803 0.853 0.925 0.950 1.000 0.996 0.942 0.884 0.864 0.827 0.820
     33       0.906    0.796 0.605      0.683 0.686 0.718 0.733 0.744 0.799 0.885 0.917 0.996 1.000 0.970 0.924 0.908 0.876 0.870
     34       1.211    0.920 0.392      0.484 0.487 0.526 0.545 0.558 0.629 0.744 0.791 0.942 0.970 1.000 0.990 0.983 0.967 0.964
     35       1.770    0.967 0.255      0.353 0.356 0.398 0.418 0.432 0.510 0.640 0.695 0.884 0.924 0.990 1.000 0.999 0.994 0.992
     36       2.085    0.977 0.214      0.313 0.317 0.359 0.380 0.394 0.473 0.607 0.664 0.864 0.908 0.983 0.999 1.000 0.998 0.997
     37       3.013    0.989 0.146      0.247 0.250 0.294 0.315 0.330 0.411 0.551 0.611 0.827 0.876 0.967 0.994 0.998 1.000 1.000
     38       3.298    0.991 0.134      0.235 0.238 0.282 0.303 0.317 0.399 0.540 0.601 0.820 0.870 0.964 0.992 0.997 1.000 1.000

  R CORE   ENERGY   A0R/A00=1.000    R3= 0     2  
   2( 1)    0.732                    1.000 0.000
   2( 2)  487.921                    0.000 1.000

  R CORE   ENERGY   A0R/A00=1.000    R3= 0     2  
   3( 1)  488.652                    0.000 1.000

  R CORE   ENERGY   A0R/A00=1.000    R3= 0     2     4  
   4( 1)    2.438                    1.000 0.000 0.000

  R CORE   ENERGY   A0R/A00=1.000    R3= 0     2     4  
   5( 1)  490.847                    0.000 1.000 0.000

  R CORE   ENERGY   A0R/A00=1.000    R3= 0     2     4     6  
   6( 1)    5.121                    1.000 0.000 0.000 0.000

  R CORE   ENERGY   A0R/A00=1.000    R3= 0     2     4     6  
   7( 1)  494.017                    0.000 1.000 0.000 0.000

          AXIAL SYMMETRY => K RESTRICTED TO OMEGA

                     K
     S.P. ORB#: 24  0.50
     S.P. ORB#: 25 -5.50
     S.P. ORB#: 26  2.50
     S.P. ORB#: 27  0.50
     S.P. ORB#: 28 -3.50
     S.P. ORB#: 29 -1.50
     S.P. ORB#: 30  0.50
     S.P. ORB#: 31 -1.50
     S.P. ORB#: 32  2.50
     S.P. ORB#: 33 -3.50
     S.P. ORB#: 34  4.50
     S.P. ORB#: 35  0.50
     S.P. ORB#: 36 -3.50
     S.P. ORB#: 37 -1.50
     S.P. ORB#: 38  2.50
 

             ENERGY    K= OMEGA
 
 I=  1/2- (1)  2.419  30: 0.999
 
 I=  1/2- (2)  5.153  27:-0.270
                      35: 0.963
 
 I=  1/2- (3)  5.920  24: 0.999
 
 I=  1/2- (4)  9.003  27:-0.963
                      35:-0.270
 
 I=  1/2- (5)147.327  31: 1.000

             ENERGY    K= OMEGA
 
 I=  3/2- (1)  2.305  24: 0.071
                      30:-0.287
                      31: 0.955
 
 I=  3/2- (2)  2.497  24:-0.201
                      30:-0.916
                      31:-0.258
                      37:-0.231

             ENERGY    K= OMEGA
 
 I=  5/2- (1)  2.474  24:-0.258
                      30: 0.464
                      31: 0.815
                      37:-0.091
                      38:-0.212
 
 I=  5/2- (2)  3.369  24:-0.056
                      26:-0.060
                      30: 0.774
                      31:-0.464
                      37:-0.399
                      38: 0.144
 
 I=  5/2- (3)  3.994  24:-0.097
                      26: 0.087
                      30: 0.173
                      31: 0.140
                      37: 0.478
                      38: 0.840
 
 I=  5/2- (4)  4.563  26:-0.333
                      30:-0.329
                      31: 0.247
                      37:-0.709
                      38: 0.466
 
 I=  5/2- (5)  4.738  26:-0.937
                      30: 0.095
                      37: 0.319
                      38:-0.104

             ENERGY    K= OMEGA
 
 I=  7/2- (1)  1.760  26:-0.167
                      33: 0.984
 
 I=  7/2- (2)  3.313  24:-0.143
                      30: 0.267
                      31:-0.879
                      37: 0.100
                      38:-0.351
 
 I=  7/2- (3)  3.475  24:-0.304
                      30:-0.863
                      31:-0.237
                      37:-0.323
 
 I=  7/2- (4)  3.906  27: 0.648
                      29: 0.587
                      32: 0.444
                      36: 0.197
 
 I=  7/2- (5)  4.244  26: 0.199
                      28: 0.967
                      30: 0.052
                      31:-0.059
                      37:-0.054
                      38: 0.126

             ENERGY    K= OMEGA
 
 I=  9/2- (1)  2.133  26:-0.086
                      28: 0.165
                      33:-0.329
                      34:-0.926
 
 I=  9/2- (2)  2.794  26: 0.225
                      28: 0.096
                      31: 0.058
                      33: 0.909
                      34:-0.327
                      38:-0.054
 
 I=  9/2- (3)  3.562  24:-0.370
                      30: 0.501
                      31: 0.718
                      33:-0.076
                      37:-0.154
                      38:-0.257
 
 I=  9/2- (4)  4.695  27:-0.210
                      29: 0.549
                      32:-0.685
                      36: 0.429
 
 I=  9/2- (5)  5.239  26: 0.105
                      30:-0.666
                      31: 0.500
                      33:-0.056
                      37: 0.480
                      38:-0.239

             ENERGY    K= OMEGA
 
 I= 11/2- (1)  3.261  26:-0.138
                      28:-0.224
                      33: 0.423
                      34:-0.866
 
 I= 11/2- (2)  3.309  27:-0.635
                      29:-0.583
                      32:-0.447
                      35:-0.069
                      36:-0.228
 
 I= 11/2- (3)  4.057  26:-0.263
                      28: 0.144
                      31: 0.074
                      33: 0.850
                      34: 0.421
                      38: 0.072
 
 I= 11/2- (4)  5.232  24:-0.284
                      31:-0.860
                      33: 0.106
                      37: 0.051
                      38:-0.405
 
 I= 11/2- (5)  5.345  24:-0.295
                      30:-0.866
                      37:-0.383
                      38: 0.118

             ENERGY    K= OMEGA
 
 I= 13/2- (1)  4.614  26: 0.183
                      28:-0.263
                      33: 0.476
                      34: 0.817
 
 I= 13/2- (2)  5.200  27:-0.214
                      29: 0.553
                      32:-0.676
                      36: 0.437
 
 I= 13/2- (3)  5.446  24:-0.341
                      26: 0.186
                      28: 0.130
                      30: 0.383
                      31: 0.541
                      33: 0.476
                      34:-0.310
                      37:-0.119
                      38:-0.238
 
 I= 13/2- (4)  5.632  24:-0.279
                      26:-0.220
                      28:-0.130
                      30: 0.334
                      31: 0.399
                      33:-0.652
                      34: 0.362
                      37:-0.128
                      38:-0.115
 
 I= 13/2- (5)  7.071  25:-0.999

             ENERGY     K= 5/2
  32 LEVELS    TIME=  0.0 SEC



 ******************* EXCITATION ENERGIES, DOMINANT CONFIGURATION AND EXPECTATION VALUES (WITH S.P. UU+VV FACTORS) *******************

  NR  Eex(keV)  I   Kdom  NY    <Jz>  <Jx**2> <Jy**2> <Jz**2> <I.j>/|I|  <Rx**2> <Ry**2> <Rz**2> <R.j>/|R|  <HROTx> <HROTy> <HROTz>

   1    0.0   7/2-  -7/2  33   -3.33    2.31    2.31   12.07    3.27       3.25    3.25   -0.00   -1.46      0.397   0.397  -0.000
   2  373.2   9/2-   9/2  34    3.40    2.50    2.50   19.06    4.16       3.74    3.74    0.00   -1.24      0.456   0.456   0.000
   3  544.8   3/2-  -3/2  31   -1.32    4.91    4.91    2.07    1.38       5.14    5.14   -0.00   -2.87      0.627   0.627  -0.000
   4  658.3   1/2-   1/2  30    0.50    4.93    4.93    0.25    0.25       5.21    5.21    0.00   -3.06      0.636   0.636   0.000
   5  713.8   5/2-  -3/2  31   -0.75    5.04    5.04    1.87    1.99       4.46    4.46   -0.00   -2.03      0.544   0.544  -0.000
  
   6  736.9   3/2-   1/2  30    0.26    4.54    4.54    0.49    1.03       4.67    4.67   -0.00   -2.48      0.569   0.569  -0.000
   7 1033.9   9/2-  -7/2  33   -2.31    2.39    2.39   12.74    2.82       7.10    7.10    0.00   -0.92      0.865   0.865   0.000
   8 1500.6  11/2-   9/2  34    2.62    2.68    2.68   18.15    3.58       8.25    8.25    0.00   -0.52      1.006   1.006   0.000
   9 1549.2  11/2-   1/2  27    0.01   23.43   23.43    2.75    6.17       5.82    5.82    0.00   -3.74      0.710   0.710   0.000
  10 1552.9   7/2-  -3/2  31   -0.82    4.63    4.63    2.58    1.50       7.84    7.84   -0.00   -1.49      0.956   0.956  -0.000
  
  11 1609.1   5/2-   1/2  30   -0.20    4.24    4.24    1.14    0.48       7.77    7.77   -0.00   -2.08      0.948   0.948  -0.000
  12 1715.2   7/2-   1/2  30    0.18    4.38    4.38    0.59    1.25       7.60    7.60    0.00   -1.13      0.926   0.926   0.000
  13 1802.0   9/2-  -3/2  31   -0.47    5.16    5.16    1.80    2.17       7.65    7.65   -0.00   -0.34      0.933   0.933  -0.000
  14 2146.1   7/2-   1/2  27    0.05   23.13   23.13    2.59    6.07       8.22    8.22    0.00   -6.11      1.003   1.003   0.000
  15 2233.9   5/2-   5/2  38    1.43    2.01    2.01    5.02    1.81       3.54    3.54   -0.00   -1.39      0.432   0.432  -0.000
  
  16 2296.6  11/2-  -7/2  33   -1.63    2.47    2.47   13.17    2.51      11.94   11.94    0.00   -0.64      1.456   1.456   0.000
  17 2483.9   7/2-  -7/2  28   -3.14    6.12    6.12   11.82    3.11       7.58    7.58   -0.00   -3.02      0.924   0.924  -0.000
  18 2802.6   5/2-  -3/2  37    0.03    2.94    2.94    3.35    0.51       7.47    7.47    0.00   -1.99      0.910   0.910   0.000
  19 2854.2  13/2-   9/2  34    2.04    2.84    2.84   17.40    3.19      13.66   13.66    0.00   -0.16      1.666   1.666   0.000
  20 2934.3   9/2-   5/2  32    0.10   23.97   23.97    5.88    5.19      13.47   13.47    0.00   -5.40      1.642   1.642   0.000
  
  21 2977.9   5/2-   5/2  26    2.07    5.57    5.57    5.78    1.82       7.45    7.45    0.00   -2.99      0.908   0.908   0.000
  22 3393.0   1/2-   1/2  35    0.50   12.23   12.23    0.25   -1.04      13.64   13.64    0.00   -4.91      1.663   1.663   0.000
  23 3439.3  13/2-   5/2  32    0.04   23.97   23.97    5.90    5.13      15.48   15.48    0.00   -3.24      1.888   1.888   0.000
  24 3471.9  11/2-  -3/2  31   -0.70    4.54    4.54    2.89    1.54      14.63   14.63   -0.00   -0.50      1.783   1.783  -0.000
  25 3479.1   9/2-   1/2  30   -0.34    3.85    3.85    1.68    0.51      14.54   14.54   -0.00   -1.27      1.773   1.773  -0.000
  
  26 3585.2  11/2-   1/2  30    0.23    4.28    4.28    0.65    1.27      14.87   14.87    0.00   -0.29      1.813   1.813   0.000
  27 3686.0  13/2-  -3/2  31   -0.52    4.24    4.24    6.26    2.32      15.54   15.54    0.00    0.26      1.895   1.895   0.000
  28 3871.7  13/2-  -7/2  33   -0.98    3.61    3.61    8.92    2.19      17.18   17.18    0.00   -0.15      2.094   2.094   0.000
  29 4159.3   1/2-   1/2  24    0.50    6.83    6.83    0.25    0.65       6.77    6.77   -0.00   -3.63      0.825   0.825  -0.000
  30 5310.8  13/2- -11/2  25   -5.48    2.75    2.75   30.21    4.32      12.04   12.04    0.00   -1.13      1.468   1.468   0.000
  
  31 7242.5   1/2-   1/2  27    0.50   23.15   23.15    0.25   -3.46      26.65   26.65    0.00   -6.79      3.249   3.249   0.000
  32*******   1/2-  -3/2  31    0.00    0.00    0.00    0.00   -0.00       0.00    0.00    0.00   -0.00      0.000   0.000   0.000
