1SPECTRUM OF (Z= 82 A=207) IN PARTICLE-ROTOR  MODEL WITH MODIFIED OSCILLATOR POTENTIAL


 PARITY=-   EPS= 0.396   GAMMA=  0.0   EPS4=0.000   EPS6=0.000   LEVELS:  25  26  27  28  29  30  31  32  33  34  35  36  37  38  39

 PAIRING FACTORS: GN0= 19.20  GN1=  7.40  IPAIR= 15 ***  E2PLUS(INPUT)=   0.730  E2PLUR(INPUT)=   0.000

 CORIOLIS ATTENUATION PARAMETERS:  CHSI=1.000  ETA=  1.00

 MOMENT OF INERTIA PARAMETERS:   A1=  0.122 MEV   A2=  0.122 MEV   A3=121.91923 MEV


 DELTA=0.847 MEV  LAMBDA=53.4751 MEV   HW0= 7.5570 MEV   LAMBDA/HW0= 7.0763

 E2ENERGY=0.730 MEV  HBAR**2/B=29077./A**(7/3)=4915.4/A**2 MEV

 IREC=0  =>  RECOIL TERMS j+j-, j+j+, jzjz, ETC TREATED AS ONE-BODY OPERATORS WITH UU+VV PAIRING FACTORS



 S. P. LEVEL   EQP       U     V        (UU + VV)**1.00

     25       3.738    0.114 0.993      1.000 1.000 0.999 0.996 0.995 0.928 0.890 0.862 0.544 0.453 0.402 0.334 0.243 0.238 0.232
     26       3.136    0.136 0.991      1.000 1.000 1.000 0.998 0.997 0.936 0.900 0.873 0.562 0.473 0.423 0.355 0.265 0.260 0.254
     27       2.732    0.157 0.988      0.999 1.000 1.000 0.999 0.999 0.943 0.909 0.883 0.580 0.491 0.442 0.374 0.285 0.280 0.274
     28       2.174    0.199 0.980      0.996 0.998 0.999 1.000 1.000 0.956 0.926 0.902 0.614 0.528 0.479 0.413 0.325 0.321 0.315
     29       2.065    0.210 0.978      0.995 0.997 0.999 1.000 1.000 0.960 0.930 0.907 0.622 0.537 0.489 0.424 0.336 0.331 0.325
     30       1.011    0.476 0.879      0.928 0.936 0.943 0.956 0.960 1.000 0.996 0.989 0.817 0.753 0.715 0.661 0.587 0.583 0.578
     31       0.918    0.554 0.833      0.890 0.900 0.909 0.926 0.930 0.996 1.000 0.998 0.866 0.809 0.775 0.726 0.658 0.654 0.650
     32       0.881    0.602 0.799      0.862 0.873 0.883 0.902 0.907 0.989 0.998 1.000 0.894 0.842 0.811 0.765 0.701 0.698 0.693
     33       1.063    0.896 0.444      0.544 0.562 0.580 0.614 0.622 0.817 0.866 0.894 1.000 0.995 0.987 0.973 0.946 0.945 0.943
     34       1.296    0.937 0.349      0.453 0.473 0.491 0.528 0.537 0.753 0.809 0.842 0.995 1.000 0.998 0.992 0.975 0.974 0.972
     35       1.501    0.955 0.295      0.402 0.423 0.442 0.479 0.489 0.715 0.775 0.811 0.987 0.998 1.000 0.997 0.986 0.985 0.984
     36       1.938    0.975 0.224      0.334 0.355 0.374 0.413 0.424 0.661 0.726 0.765 0.973 0.992 0.997 1.000 0.996 0.995 0.994
     37       3.261    0.991 0.131      0.243 0.265 0.285 0.325 0.336 0.587 0.658 0.701 0.946 0.975 0.986 0.996 1.000 1.000 1.000
     38       3.385    0.992 0.126      0.238 0.260 0.280 0.321 0.331 0.583 0.654 0.698 0.945 0.974 0.985 0.995 1.000 1.000 1.000
     39       3.556    0.993 0.120      0.232 0.254 0.274 0.315 0.325 0.578 0.650 0.693 0.943 0.972 0.984 0.994 1.000 1.000 1.000

  R CORE   ENERGY   A0R/A00=1.000    R3= 0     2  
   2( 1)    0.732                    1.000 0.000
   2( 2)  487.921                    0.000 1.000

  R CORE   ENERGY   A0R/A00=1.000    R3= 0     2  
   3( 1)  488.652                    0.000 1.000

  R CORE   ENERGY   A0R/A00=1.000    R3= 0     2     4  
   4( 1)    2.438                    1.000 0.000 0.000

  R CORE   ENERGY   A0R/A00=1.000    R3= 0     2     4  
   5( 1)  490.847                    0.000 1.000 0.000

  R CORE   ENERGY   A0R/A00=1.000    R3= 0     2     4     6  
   6( 1)    5.121                    1.000 0.000 0.000 0.000

  R CORE   ENERGY   A0R/A00=1.000    R3= 0     2     4     6  
   7( 1)  494.017                    0.000 1.000 0.000 0.000

          AXIAL SYMMETRY => K RESTRICTED TO OMEGA

                     K
     S.P. ORB#: 25 -5.50
     S.P. ORB#: 26  0.50
     S.P. ORB#: 27  2.50
     S.P. ORB#: 28 -3.50
     S.P. ORB#: 29 -1.50
     S.P. ORB#: 30  0.50
     S.P. ORB#: 31 -1.50
     S.P. ORB#: 32  2.50
     S.P. ORB#: 33 -3.50
     S.P. ORB#: 34  0.50
     S.P. ORB#: 35  4.50
     S.P. ORB#: 36 -3.50
     S.P. ORB#: 37  0.50
     S.P. ORB#: 38 -1.50
     S.P. ORB#: 39 -1.50
 

             ENERGY    K= OMEGA
 
 I=  1/2- (1)  2.323  30:-1.000
 
 I=  1/2- (2)  4.226  26:-0.194
                      34: 0.914
                      37:-0.356
 
 I=  1/2- (3)  7.210  26:-0.325
                      34: 0.283
                      37: 0.902
 
 I=  1/2- (4)  9.475  26: 0.926
                      34: 0.290
                      37: 0.242
 
 I=  1/2- (5)147.221  31: 1.000

             ENERGY    K= OMEGA
 
 I=  3/2- (1)  2.231  30:-0.463
                      31: 0.886
 
 I=  3/2- (2)  2.588  30:-0.866
                      31:-0.459
                      38:-0.198

             ENERGY    K= OMEGA
 
 I=  5/2- (1)  2.788  30:-0.454
                      31:-0.888
                      38: 0.064
 
 I=  5/2- (2)  3.347  27: 0.063
                      30:-0.829
                      31: 0.445
                      38: 0.332
 
 I=  5/2- (3)  4.263  26: 0.147
                      29:-0.054
                      34:-0.801
                      37: 0.496
                      39:-0.297
 
 I=  5/2- (4)  4.502  27: 0.958
                      30: 0.121
                      31:-0.092
                      38: 0.245
 
 I=  5/2- (5)  4.812  27: 0.278
                      30:-0.302
                      31: 0.075
                      38:-0.909

             ENERGY    K= OMEGA
 
 I=  7/2- (1)  1.954  27: 0.150
                      33:-0.988
 
 I=  7/2- (2)  3.419  30:-0.699
                      31: 0.692
                      38:-0.176
 
 I=  7/2- (3)  4.027  27:-0.170
                      28:-0.443
                      30: 0.554
                      31: 0.617
                      38: 0.294
 
 I=  7/2- (4)  4.094  27: 0.116
                      28: 0.878
                      30: 0.282
                      31: 0.343
                      38: 0.137
 
 I=  7/2- (5)  4.094  29:-0.130
                      32:-0.178
                      34:-0.867
                      36:-0.076
                      37:-0.231
                      39: 0.372

             ENERGY    K= OMEGA
 
 I=  9/2- (1)  2.429  27: 0.087
                      28:-0.166
                      33: 0.367
                      35: 0.911
 
 I=  9/2- (2)  3.039  27:-0.200
                      28:-0.100
                      33:-0.903
                      35: 0.365
 
 I=  9/2- (3)  4.536  27: 0.053
                      30: 0.584
                      31: 0.788
                      38:-0.183
 
 I=  9/2- (4)  4.773  26:-0.161
                      29: 0.515
                      32:-0.676
                      34:-0.233
                      36: 0.396
                      37: 0.136
                      39:-0.150
 
 I=  9/2- (5)  5.040  26: 0.173
                      29:-0.197
                      32: 0.170
                      34:-0.708
                      36:-0.106
                      37: 0.526
                      39:-0.336

             ENERGY    K= OMEGA
 
 I= 11/2- (1)  3.531  26: 0.565
                      29: 0.573
                      32: 0.479
                      34: 0.230
                      36: 0.227
                      37: 0.067
                      39:-0.116
 
 I= 11/2- (2)  3.572  27:-0.135
                      28:-0.225
                      33: 0.448
                      35:-0.854
 
 I= 11/2- (3)  4.347  27:-0.237
                      28: 0.148
                      33: 0.850
                      35: 0.444
 
 I= 11/2- (4)  5.019  26:-0.275
                      29:-0.126
                      34: 0.813
                      37: 0.278
                      39:-0.409
 
 I= 11/2- (5)  5.081  25: 0.999

             ENERGY    K= OMEGA
 
 I= 13/2- (1)  4.949  27: 0.174
                      28:-0.266
                      33: 0.489
                      35: 0.811
 
 I= 13/2- (2)  5.317  26: 0.198
                      29:-0.553
                      32: 0.680
                      34: 0.118
                      36:-0.405
                      39: 0.114
 
 I= 13/2- (3)  5.886  25:-0.056
                      27:-0.265
                      28:-0.185
                      33:-0.811
                      35: 0.483
 
 I= 13/2- (4)  6.669  25: 0.997
                      35: 0.056
 
 I= 13/2- (5)  6.702  26:-0.136
                      29: 0.115
                      32:-0.062
                      34: 0.705
                      37:-0.564
                      39: 0.383

             ENERGY     K=-3/2
  32 LEVELS    TIME=  0.0 SEC



 ******************* EXCITATION ENERGIES, DOMINANT CONFIGURATION AND EXPECTATION VALUES (WITH S.P. UU+VV FACTORS) *******************

  NR  Eex(keV)  I   Kdom  NY    <Jz>  <Jx**2> <Jy**2> <Jz**2> <I.j>/|I|  <Rx**2> <Ry**2> <Rz**2> <R.j>/|R|  <HROTx> <HROTy> <HROTz>

   1    0.0   7/2-  -7/2  33   -3.36    2.30    2.30   12.11    3.21       3.49    3.49    0.00   -1.51      0.426   0.426   0.000
   2  277.1   3/2-  -3/2  31   -1.07    4.99    4.99    1.82    1.28       5.29    5.29   -0.00   -2.86      0.646   0.646  -0.000
   3  369.7   1/2-   1/2  30    0.50    4.96    4.96    0.25    0.09       5.38    5.38   -0.00   -3.08      0.656   0.656  -0.000
   4  475.6   9/2-   9/2  35    3.19    2.50    2.50   18.84    4.09       3.93    3.93    0.00   -1.24      0.480   0.480   0.000
   5  634.4   3/2-   1/2  30    0.00    4.77    4.77    0.75    0.44       6.16    6.16    0.00   -2.69      0.751   0.751   0.000
  
   6  834.3   5/2-  -3/2  31   -1.08    5.01    5.01    1.85    0.94       7.53    7.53    0.00   -2.34      0.918   0.918   0.000
   7 1085.0   9/2-  -7/2  33   -2.19    2.37    2.37   13.07    2.76       7.54    7.54   -0.00   -1.05      0.919   0.919  -0.000
   8 1393.5   5/2-   1/2  30   -0.11    4.51    4.51    0.89    0.26       8.56    8.56    0.00   -2.21      1.043   1.043   0.000
   9 1465.2   7/2-   1/2  30   -0.52    4.97    4.97    1.28    0.94       9.74    9.74   -0.00   -1.69      1.188   1.188  -0.000
  10 1577.2  11/2-  -3/2  29    0.07   23.68   23.68    2.93    6.22       5.81    5.81   -0.00   -3.84      0.708   0.708  -0.000
  
  11 1618.4  11/2-   9/2  35    2.44    2.66    2.66   17.99    3.50       8.61    8.61   -0.00   -0.58      1.050   1.050  -0.000
  12 2073.7   7/2-  -3/2  31   -1.16    4.83    4.83    3.72    1.02      10.53   10.53   -0.00   -2.04      1.284   1.284  -0.000
  13 2140.6   7/2-  -7/2  28   -2.83    5.89    5.89    9.86    2.51       8.74    8.74   -0.00   -2.79      1.065   1.065  -0.000
  14 2140.8   7/2-   1/2  34    0.23   15.62   15.62    0.82    3.57       9.74    9.74    0.00   -4.05      1.187   1.187   0.000
  15 2272.8   1/2-   1/2  34    0.50   11.10   11.10    0.25    1.03      10.71   10.71    0.00   -4.66      1.306   1.306   0.000
  
  16 2309.8   5/2-   1/2  34    0.32   11.58   11.58    0.43    2.36       9.20    9.20    0.00   -3.87      1.121   1.121   0.000
  17 2393.7  11/2-  -7/2  33   -1.59    2.45    2.45   13.50    2.42      12.62   12.62    0.00   -0.78      1.538   1.538   0.000
  18 2548.7   5/2-   5/2  27    2.20    5.81    5.81    5.89    1.98       7.27    7.27    0.00   -3.06      0.886   0.886   0.000
  19 2582.5   9/2-  -3/2  31   -0.81    4.98    4.98    1.60    0.77      14.34   14.34    0.00   -1.45      1.749   1.749   0.000
  20 2819.8   9/2-   5/2  32    0.21   23.25   23.25    5.45    5.05      13.24   13.24   -0.00   -5.22      1.614   1.614  -0.000
  
  21 2857.9   5/2-  -3/2  38   -1.01    2.51    2.51    2.38    0.36       7.00    7.00    0.00   -1.69      0.854   0.854   0.000
  22 2995.2  13/2-   9/2  35    1.94    2.81    2.81   17.36    3.10      14.20   14.20   -0.00   -0.25      1.732   1.732  -0.000
  23 3065.2  11/2-   1/2  34    0.13   13.77   13.77    0.63    3.26      12.47   12.47    0.00   -1.74      1.521   1.521   0.000
  24 3086.6   9/2-   1/2  34    0.21   12.42   12.42    0.86    2.71      11.75   11.75    0.00   -2.52      1.433   1.433   0.000
  25 3127.7  11/2- -11/2  25   -5.48    2.75    2.75   30.22    5.05       5.53    5.53    0.00   -1.66      0.675   0.675   0.000
  
  26 3363.2  13/2-   5/2  32    0.13   23.79   23.79    5.63    5.09      15.45   15.45   -0.00   -3.18      1.883   1.883  -0.000
  27 3932.0  13/2-  -7/2  33   -1.22    2.54    2.54   13.73    2.16      18.68   18.68   -0.00   -0.61      2.278   2.278  -0.000
  28 4715.0  13/2- -11/2  25   -5.46    2.75    2.75   30.18    4.32      12.07   12.07    0.00   -1.13      1.471   1.471   0.000
  29 4748.8  13/2-   1/2  34    0.18   12.08   12.08    0.62    2.68      18.07   18.07    0.00   -1.01      2.203   2.203   0.000
  30 5256.8   1/2-   1/2  37    0.50   15.89   15.89    0.25   -0.58      16.90   16.90    0.00   -5.60      2.060   2.060   0.000
  
  31 7521.5   1/2-   1/2  26    0.50   23.12   23.12    0.25   -3.44      26.60   26.60    0.00   -6.78      3.243   3.243   0.000
  32*******   1/2-  -3/2  31    0.00    0.00    0.00    0.00    0.00       0.00    0.00   -0.00   -0.00      0.000   0.000  -0.000
