1SPECTRUM OF (Z= 82 A=207) IN PARTICLE-ROTOR  MODEL WITH MODIFIED OSCILLATOR POTENTIAL


 PARITY=-   EPS= 0.316   GAMMA=  0.0   EPS4=0.000   EPS6=0.000   LEVELS:  24  25  26  27  28  29  30  31  32  33  34  35  36  37  38

 PAIRING FACTORS: GN0= 19.20  GN1=  7.40  IPAIR= 15 ***  E2PLUS(INPUT)=   0.730  E2PLUR(INPUT)=   0.000

 CORIOLIS ATTENUATION PARAMETERS:  CHSI=1.000  ETA=  1.00

 MOMENT OF INERTIA PARAMETERS:   A1=  0.122 MEV   A2=  0.122 MEV   A3=121.91923 MEV


 DELTA=0.937 MEV  LAMBDA=53.2970 MEV   HW0= 7.5010 MEV   LAMBDA/HW0= 7.1053

 E2ENERGY=0.730 MEV  HBAR**2/B=18515./A**(7/3)=3130.0/A**2 MEV

 IREC=0  =>  RECOIL TERMS j+j-, j+j+, jzjz, ETC TREATED AS ONE-BODY OPERATORS WITH UU+VV PAIRING FACTORS



 S. P. LEVEL   EQP       U     V        (UU + VV)**1.00

     24       4.952    0.095 0.995      1.000 1.000 0.999 0.997 0.966 0.964 0.948 0.911 0.871 0.757 0.499 0.300 0.286 0.278 0.254
     25       4.145    0.114 0.994      1.000 1.000 1.000 0.998 0.970 0.968 0.954 0.919 0.880 0.769 0.515 0.318 0.304 0.296 0.272
     26       3.274    0.145 0.989      0.999 1.000 1.000 1.000 0.977 0.976 0.963 0.931 0.895 0.788 0.542 0.347 0.333 0.325 0.302
     27       2.718    0.175 0.985      0.997 0.998 1.000 1.000 0.984 0.982 0.971 0.942 0.908 0.807 0.568 0.376 0.362 0.354 0.331
     28       1.428    0.350 0.937      0.966 0.970 0.977 0.984 1.000 1.000 0.998 0.987 0.969 0.901 0.707 0.537 0.525 0.518 0.496
     29       1.401    0.358 0.934      0.964 0.968 0.976 0.982 1.000 1.000 0.999 0.988 0.971 0.904 0.713 0.544 0.532 0.525 0.503
     30       1.263    0.406 0.914      0.948 0.954 0.963 0.971 0.998 0.999 1.000 0.995 0.982 0.925 0.748 0.587 0.575 0.568 0.547
     31       1.087    0.496 0.868      0.911 0.919 0.931 0.942 0.987 0.988 0.995 1.000 0.996 0.959 0.812 0.666 0.655 0.649 0.630
     32       0.999    0.571 0.821      0.871 0.880 0.895 0.908 0.969 0.971 0.982 0.996 1.000 0.980 0.860 0.729 0.719 0.713 0.696
     33       0.938    0.723 0.691      0.757 0.769 0.788 0.807 0.901 0.904 0.925 0.959 0.980 1.000 0.944 0.851 0.843 0.838 0.824
     34       1.241    0.910 0.415      0.499 0.515 0.542 0.568 0.707 0.713 0.748 0.812 0.860 0.944 1.000 0.976 0.973 0.971 0.965
     35       2.301    0.978 0.208      0.300 0.318 0.347 0.376 0.537 0.544 0.587 0.666 0.729 0.851 0.976 1.000 1.000 1.000 0.999
     36       2.470    0.981 0.193      0.286 0.304 0.333 0.362 0.525 0.532 0.575 0.655 0.719 0.843 0.973 1.000 1.000 1.000 0.999
     37       2.575    0.983 0.185      0.278 0.296 0.325 0.354 0.518 0.525 0.568 0.649 0.713 0.838 0.971 1.000 1.000 1.000 1.000
     38       2.951    0.987 0.161      0.254 0.272 0.302 0.331 0.496 0.503 0.547 0.630 0.696 0.824 0.965 0.999 0.999 1.000 1.000

  R CORE   ENERGY   A0R/A00=1.000    R3= 0     2  
   2( 1)    0.732                    1.000 0.000
   2( 2)  487.921                    0.000 1.000

  R CORE   ENERGY   A0R/A00=1.000    R3= 0     2  
   3( 1)  488.652                    0.000 1.000

  R CORE   ENERGY   A0R/A00=1.000    R3= 0     2     4  
   4( 1)    2.438                    1.000 0.000 0.000

  R CORE   ENERGY   A0R/A00=1.000    R3= 0     2     4  
   5( 1)  490.847                    0.000 1.000 0.000

  R CORE   ENERGY   A0R/A00=1.000    R3= 0     2     4     6  
   6( 1)    5.121                    1.000 0.000 0.000 0.000

  R CORE   ENERGY   A0R/A00=1.000    R3= 0     2     4     6  
   7( 1)  494.017                    0.000 1.000 0.000 0.000

          AXIAL SYMMETRY => K RESTRICTED TO OMEGA

                     K
     S.P. ORB#: 24 -5.50
     S.P. ORB#: 25  0.50
     S.P. ORB#: 26  2.50
     S.P. ORB#: 27 -3.50
     S.P. ORB#: 28  0.50
     S.P. ORB#: 29  0.50
     S.P. ORB#: 30 -1.50
     S.P. ORB#: 31 -3.50
     S.P. ORB#: 32 -1.50
     S.P. ORB#: 33  4.50
     S.P. ORB#: 34  2.50
     S.P. ORB#: 35 -1.50
     S.P. ORB#: 36 -3.50
     S.P. ORB#: 37  2.50
     S.P. ORB#: 38  0.50
 

             ENERGY    K= OMEGA
 
 I=  1/2- (1)  2.619  29: 0.999
 
 I=  1/2- (2)  5.679  25: 0.999
 
 I=  1/2- (3)  6.137  28: 0.487
                      38:-0.873
 
 I=  1/2- (4)  8.804  28:-0.873
                      38:-0.487
 
 I=  1/2- (5)147.302  32: 1.000

             ENERGY    K= OMEGA
 
 I=  3/2- (1)  2.476  25:-0.123
                      29: 0.073
                      30:-0.972
                      35:-0.187
 
 I=  3/2- (2)  2.557  25:-0.157
                      29:-0.807
                      30: 0.069
                      35:-0.565

             ENERGY    K= OMEGA
 
 I=  5/2- (1)  2.536  25:-0.255
                      29: 0.438
                      30: 0.739
                      35:-0.194
                      37:-0.399
 
 I=  5/2- (2)  3.228  26: 0.066
                      29:-0.380
                      30: 0.462
                      35: 0.793
                      37: 0.083
 
 I=  5/2- (3)  3.356  25:-0.156
                      29: 0.468
                      30: 0.142
                      37: 0.857
 
 I=  5/2- (4)  4.170  29:-0.633
                      30: 0.412
                      35:-0.571
                      37: 0.315
 
 I=  5/2- (5)  5.057  26:-0.997
                      35: 0.073

             ENERGY    K= OMEGA
 
 I=  7/2- (1)  1.871  26: 0.202
                      27:-0.054
                      31:-0.977
 
 I=  7/2- (2)  3.299  25:-0.089
                      29: 0.314
                      30:-0.703
                      35: 0.277
                      37:-0.565
 
 I=  7/2- (3)  3.367  28: 0.727
                      32: 0.578
                      34: 0.343
                      36: 0.140
 
 I=  7/2- (4)  3.497  25:-0.325
                      29:-0.703
                      30:-0.396
                      35:-0.484
                      37:-0.083
 
 I=  7/2- (5)  4.319  26:-0.121
                      27:-0.312
                      29:-0.437
                      30: 0.452
                      35: 0.362
                      37:-0.602

             ENERGY    K= OMEGA
 
 I=  9/2- (1)  1.805  26:-0.069
                      27: 0.206
                      31:-0.211
                      33:-0.953
 
 I=  9/2- (2)  2.808  26:-0.277
                      27:-0.090
                      31:-0.931
                      33: 0.206
 
 I=  9/2- (3)  3.564  25:-0.370
                      29: 0.483
                      30: 0.671
                      31:-0.058
                      35:-0.229
                      37:-0.350
 
 I=  9/2- (4)  4.549  28:-0.234
                      32: 0.588
                      34:-0.655
                      36: 0.412
 
 I=  9/2- (5)  5.051  25:-0.114
                      26: 0.110
                      27:-0.086
                      29:-0.289
                      30: 0.477
                      31:-0.057
                      35: 0.799
                      37: 0.117

             ENERGY    K= OMEGA
 
 I= 11/2- (1)  2.663  28: 0.687
                      32: 0.579
                      34: 0.390
                      36: 0.197
                      38: 0.054
 
 I= 11/2- (2)  2.869  26:-0.117
                      27:-0.278
                      31: 0.292
                      33:-0.907
 
 I= 11/2- (3)  3.975  26:-0.325
                      27: 0.127
                      30: 0.059
                      31: 0.887
                      33: 0.288
                      37: 0.060
 
 I= 11/2- (4)  5.184  25:-0.136
                      29: 0.277
                      30:-0.699
                      31: 0.060
                      35: 0.299
                      37:-0.566
 
 I= 11/2- (5)  5.348  25: 0.395
                      29: 0.719
                      30: 0.351
                      31:-0.063
                      35: 0.442
                      37: 0.053

             ENERGY    K= OMEGA
 
 I= 13/2- (1)  4.151  26: 0.159
                      27:-0.325
                      31: 0.347
                      33: 0.864
 
 I= 13/2- (2)  4.871  28: 0.223
                      32:-0.569
                      34: 0.659
                      36:-0.437
 
 I= 13/2- (3)  5.348  25: 0.192
                      26:-0.323
                      27:-0.151
                      29:-0.200
                      30:-0.302
                      31:-0.759
                      33: 0.306
                      35: 0.059
                      37: 0.176
 
 I= 13/2- (4)  5.522  25: 0.401
                      26: 0.155
                      27: 0.057
                      29:-0.456
                      30:-0.565
                      31: 0.381
                      33:-0.162
                      35: 0.217
                      37: 0.258
 
 I= 13/2- (5)  7.830  24: 0.159
                      25:-0.211
                      26: 0.121
                      27:-0.129
                      29:-0.109
                      30: 0.385
                      31:-0.083
                      33:-0.053
                      35: 0.769
                      37: 0.372

             ENERGY     K= 1/2
  32 LEVELS    TIME=  0.0 SEC



 ******************* EXCITATION ENERGIES, DOMINANT CONFIGURATION AND EXPECTATION VALUES (WITH S.P. UU+VV FACTORS) *******************

  NR  Eex(keV)  I   Kdom  NY    <Jz>  <Jx**2> <Jy**2> <Jz**2> <I.j>/|I|  <Rx**2> <Ry**2> <Rz**2> <R.j>/|R|  <HROTx> <HROTy> <HROTz>

   1    0.0   9/2-   9/2  33    3.80    2.55    2.55   19.49    4.32       3.17    3.17    0.00   -1.23      0.387   0.387   0.000
   2   66.5   7/2-  -7/2  31   -3.25    2.31    2.31   11.99    3.37       2.83    2.83   -0.00   -1.37      0.344   0.344  -0.000
   3  671.6   3/2-  -3/2  30   -1.46    4.44    4.44    2.21    1.43       4.65    4.65    0.00   -2.73      0.566   0.566   0.000
   4  731.1   5/2-  -3/2  30   -0.35    4.48    4.48    2.37    2.27       3.33    3.33   -0.00   -1.79      0.406   0.406  -0.000
   5  752.3   3/2-   1/2  29   -0.15    3.62    3.62    0.90    1.37       3.29    3.29   -0.00   -2.14      0.401   0.401  -0.000
  
   6  814.0   1/2-   1/2  29    0.50    4.72    4.72    0.25    0.28       4.97    4.97    0.00   -2.99      0.606   0.606   0.000
   7  858.2  11/2-   1/2  28   -0.02   24.87   24.87    2.29    6.41       5.59    5.59   -0.00   -4.11      0.681   0.681  -0.000
   8 1003.3   9/2-  -7/2  31   -2.68    2.42    2.42   12.09    2.92       6.32    6.32    0.00   -0.68      0.771   0.771   0.000
   9 1063.8  11/2-   9/2  33    3.16    2.78    2.78   18.76    3.83       7.16    7.16    0.00   -0.38      0.873   0.873   0.000
  10 1423.6   5/2-  -3/2  35   -1.16    2.49    2.49    2.00    0.90       5.21    5.21   -0.00   -1.34      0.635   0.635  -0.000
  
  11 1494.1   7/2-  -3/2  30   -0.01    3.72    3.72    3.34    1.80       6.14    6.14   -0.00   -1.04      0.749   0.749  -0.000
  12 1551.1   5/2-   5/2  37    1.92    2.66    2.66    4.70    1.75       4.21    4.21    0.00   -1.67      0.514   0.514   0.000
  13 1562.0   7/2-   1/2  28   -0.01   24.41   24.41    1.86    6.22       8.54    8.54   -0.00   -6.29      1.041   1.041  -0.000
  14 1692.6   7/2-   1/2  29   -0.27    3.66    3.66    1.09    1.38       6.59    6.59    0.00   -0.80      0.803   0.803   0.000
  15 1759.2   9/2-  -3/2  30   -0.27    4.77    4.77    2.04    2.28       6.80    6.80   -0.00   -0.06      0.829   0.829  -0.000
  
  16 2170.2  11/2-  -7/2  31   -2.17    2.52    2.52   12.22    2.63      10.80   10.80   -0.00   -0.33      1.317   1.317  -0.000
  17 2346.5  13/2-   9/2  33    2.63    2.98    2.98   18.09    3.49      12.07   12.07    0.00    0.06      1.472   1.472   0.000
  18 2364.8   5/2-   1/2  29   -0.29    3.66    3.66    1.85   -0.26       9.73    9.73   -0.00   -2.25      1.186   1.186  -0.000
  19 2513.9   7/2-   5/2  37    0.19    3.24    3.24    4.35    1.03       9.22    9.22    0.00   -1.57      1.124   1.124   0.000
  20 2744.5   9/2-   5/2  34   -0.01   24.89   24.89    5.55    5.43      13.01   13.01    0.00   -5.55      1.586   1.586   0.000
  
  21 3065.9  13/2-   5/2  34   -0.04   24.88   24.88    5.80    5.44      14.20   14.20    0.00   -3.30      1.731   1.731   0.000
  22 3246.3   9/2-  -3/2  35   -1.22    2.43    2.43    2.27    0.71      12.40   12.40   -0.00   -0.72      1.512   1.512  -0.000
  23 3252.1   5/2-   5/2  26    2.48    6.00    6.00    6.22    2.08       7.34    7.34    0.00   -3.15      0.894   0.894   0.000
  24 3378.8  11/2-  -3/2  30   -0.03    3.72    3.72    3.42    1.61      13.70   13.70   -0.00   -0.24      1.671   1.671  -0.000
  25 3543.4  11/2-   1/2  29   -0.15    3.82    3.82    0.96    1.41      13.76   13.76    0.00   -0.03      1.678   1.678   0.000
  
  26 3543.6  13/2-  -7/2  31   -1.44    3.06    3.06   10.32    2.43      15.65   15.65    0.00    0.09      1.908   1.908   0.000
  27 3717.4  13/2-  -3/2  30   -0.54    4.57    4.57    3.83    2.30      14.81   14.81   -0.00    0.57      1.806   1.806  -0.000
  28 3874.5   1/2-   1/2  25    0.50    6.40    6.40    0.25    0.68       6.31    6.31    0.00   -3.51      0.770   0.770   0.000
  29 4332.3   1/2-   1/2  38    0.50   12.56   12.56    0.25   -1.72      14.55   14.55    0.00   -4.98      1.774   1.774   0.000
  30 6025.1  13/2-  -3/2  35   -0.91    2.29    2.29    3.74    0.86      22.55   22.55    0.00   -0.35      2.749   2.749   0.000
  
  31 6998.9   1/2-   1/2  28    0.50   25.18   25.18    0.25   -3.57      28.77   28.77    0.00   -7.08      3.507   3.507   0.000
  32*******   1/2-  -3/2  32    0.00    0.00    0.00    0.00   -0.00       0.00    0.00    0.00   -0.00      0.000   0.000   0.000
