1SPECTRUM OF (Z= 82 A=207) IN PARTICLE-ROTOR  MODEL WITH MODIFIED OSCILLATOR POTENTIAL


 PARITY=-   EPS= 0.268   GAMMA=  0.0   EPS4=0.000   EPS6=0.000   LEVELS:  24  25  26  27  28  29  30  31  32  33  34  35  36  37  38

 PAIRING FACTORS: GN0= 19.20  GN1=  7.40  IPAIR= 15 ***  E2PLUS(INPUT)=   0.730  E2PLUR(INPUT)=   0.000

 CORIOLIS ATTENUATION PARAMETERS:  CHSI=1.000  ETA=  1.00

 MOMENT OF INERTIA PARAMETERS:   A1=  0.122 MEV   A2=  0.122 MEV   A3=121.91924 MEV


 DELTA=0.945 MEV  LAMBDA=53.3422 MEV   HW0= 7.4746 MEV   LAMBDA/HW0= 7.1364

 E2ENERGY=0.730 MEV  HBAR**2/B=13318./A**(7/3)=2251.3/A**2 MEV

 IREC=0  =>  RECOIL TERMS j+j-, j+j+, jzjz, ETC TREATED AS ONE-BODY OPERATORS WITH UU+VV PAIRING FACTORS



 S. P. LEVEL   EQP       U     V        (UU + VV)**1.00

     24       5.091    0.093 0.996      1.000 1.000 0.999 0.998 0.980 0.978 0.973 0.939 0.815 0.629 0.396 0.395 0.352 0.284 0.271
     25       4.119    0.115 0.993      1.000 1.000 1.000 0.999 0.984 0.982 0.978 0.947 0.828 0.647 0.416 0.415 0.373 0.306 0.293
     26       3.676    0.130 0.992      0.999 1.000 1.000 1.000 0.987 0.985 0.980 0.951 0.836 0.657 0.429 0.428 0.386 0.319 0.306
     27       3.126    0.153 0.988      0.998 0.999 1.000 1.000 0.990 0.989 0.985 0.958 0.849 0.675 0.450 0.450 0.408 0.341 0.329
     28       1.704    0.290 0.957      0.980 0.984 0.987 0.990 1.000 1.000 0.999 0.989 0.914 0.771 0.571 0.570 0.531 0.469 0.458
     29       1.655    0.299 0.954      0.978 0.982 0.985 0.989 1.000 1.000 1.000 0.990 0.918 0.778 0.579 0.578 0.540 0.478 0.466
     30       1.548    0.322 0.947      0.973 0.978 0.980 0.985 0.999 1.000 1.000 0.993 0.928 0.793 0.599 0.598 0.560 0.499 0.488
     31       1.219    0.429 0.903      0.939 0.947 0.951 0.958 0.989 0.990 0.993 1.000 0.964 0.858 0.687 0.686 0.652 0.596 0.585
     32       0.955    0.652 0.758      0.815 0.828 0.836 0.849 0.914 0.918 0.928 0.964 1.000 0.963 0.854 0.854 0.829 0.787 0.778
     33       1.024    0.832 0.554      0.629 0.647 0.657 0.675 0.771 0.778 0.793 0.858 0.963 1.000 0.963 0.963 0.949 0.924 0.919
     34       1.609    0.951 0.309      0.396 0.416 0.429 0.450 0.571 0.579 0.599 0.687 0.854 0.963 1.000 1.000 0.999 0.993 0.991
     35       1.613    0.951 0.308      0.395 0.415 0.428 0.450 0.570 0.578 0.598 0.686 0.854 0.963 1.000 1.000 0.999 0.993 0.991
     36       1.860    0.965 0.263      0.352 0.373 0.386 0.408 0.531 0.540 0.560 0.652 0.829 0.949 0.999 0.999 1.000 0.997 0.996
     37       2.485    0.981 0.194      0.284 0.306 0.319 0.341 0.469 0.478 0.499 0.596 0.787 0.924 0.993 0.993 0.997 1.000 1.000
     38       2.660    0.984 0.181      0.271 0.293 0.306 0.329 0.458 0.466 0.488 0.585 0.778 0.919 0.991 0.991 0.996 1.000 1.000

  R CORE   ENERGY   A0R/A00=1.000    R3= 0     2  
   2( 1)    0.732                    1.000 0.000
   2( 2)  487.921                    0.000 1.000

  R CORE   ENERGY   A0R/A00=1.000    R3= 0     2  
   3( 1)  488.652                    0.000 1.000

  R CORE   ENERGY   A0R/A00=1.000    R3= 0     2     4  
   4( 1)    2.438                    1.000 0.000 0.000

  R CORE   ENERGY   A0R/A00=1.000    R3= 0     2     4  
   5( 1)  490.847                    0.000 1.000 0.000

  R CORE   ENERGY   A0R/A00=1.000    R3= 0     2     4     6  
   6( 1)    5.121                    1.000 0.000 0.000 0.000

  R CORE   ENERGY   A0R/A00=1.000    R3= 0     2     4     6  
   7( 1)  494.017                    0.000 1.000 0.000 0.000

          AXIAL SYMMETRY => K RESTRICTED TO OMEGA

                     K
     S.P. ORB#: 24  2.50
     S.P. ORB#: 25  0.50
     S.P. ORB#: 26  2.50
     S.P. ORB#: 27 -3.50
     S.P. ORB#: 28  0.50
     S.P. ORB#: 29 -3.50
     S.P. ORB#: 30 -1.50
     S.P. ORB#: 31  4.50
     S.P. ORB#: 32  0.50
     S.P. ORB#: 33 -1.50
     S.P. ORB#: 34  2.50
     S.P. ORB#: 35 -1.50
     S.P. ORB#: 36  2.50
     S.P. ORB#: 37  0.50
     S.P. ORB#: 38 -3.50
 

             ENERGY    K= OMEGA
 
 I=  1/2- (1)  2.778  28: 0.360
                      37: 0.932
 
 I=  1/2- (2)  2.872  25:-0.059
                      28: 0.932
                      37:-0.358
 
 I=  1/2- (3)  5.543  25: 0.997
                      37:-0.059
 
 I=  1/2- (4)  8.202  32:-1.000
 
 I=  1/2- (5)147.327  33:-1.000

             ENERGY    K= OMEGA
 
 I=  3/2- (1)  2.107  25: 0.075
                      28: 0.283
                      30: 0.158
                      35: 0.939
                      37:-0.085
 
 I=  3/2- (2)  2.702  25:-0.089
                      28: 0.235
                      30:-0.956
                      35: 0.107
                      37: 0.105

             ENERGY    K= OMEGA
 
 I=  5/2- (1)  2.273  25:-0.127
                      28: 0.261
                      30: 0.378
                      35:-0.437
                      36:-0.758
                      37: 0.088
 
 I=  5/2- (2)  2.755  25: 0.075
                      26:-0.052
                      28: 0.128
                      30:-0.420
                      35:-0.834
                      36: 0.286
                      37:-0.147
 
 I=  5/2- (3)  2.932  24: 0.065
                      25:-0.230
                      28: 0.472
                      30: 0.540
                      35:-0.089
                      36: 0.560
                      37: 0.327
 
 I=  5/2- (4)  3.645  25: 0.185
                      28:-0.066
                      30:-0.322
                      36:-0.094
                      37: 0.920
 
 I=  5/2- (5)  4.184  24: 0.061
                      25: 0.084
                      28:-0.798
                      30: 0.467
                      35:-0.322
                      36: 0.142
                      37: 0.098

             ENERGY    K= OMEGA
 
 I=  7/2- (1)  2.400  26:-0.221
                      27: 0.086
                      29: 0.967
                      36: 0.055
 
 I=  7/2- (2)  2.924  27: 0.057
                      28:-0.268
                      30: 0.345
                      35:-0.517
                      36: 0.731
 
 I=  7/2- (3)  3.206  32: 0.740
                      33: 0.571
                      34: 0.333
                      38: 0.130
 
 I=  7/2- (4)  3.270  24:-0.063
                      25: 0.263
                      28: 0.449
                      29:-0.081
                      30: 0.490
                      35: 0.572
                      36: 0.329
                      37:-0.202
 
 I=  7/2- (5)  4.142  24:-0.156
                      27: 0.128
                      28:-0.455
                      30: 0.692
                      36:-0.517

             ENERGY    K= OMEGA
 
 I=  9/2- (1)  1.998  24: 0.061
                      26:-0.059
                      27: 0.258
                      29:-0.164
                      31:-0.948
 
 I=  9/2- (2)  3.264  24:-0.095
                      25: 0.141
                      26:-0.265
                      27:-0.140
                      28:-0.171
                      29:-0.826
                      30:-0.293
                      31: 0.100
                      35: 0.086
                      36: 0.243
                      37:-0.085
 
 I=  9/2- (3)  3.397  25:-0.273
                      26:-0.146
                      28: 0.384
                      29:-0.423
                      30: 0.501
                      31: 0.114
                      35:-0.326
                      36:-0.424
                      37: 0.163
 
 I=  9/2- (4)  4.452  24:-0.094
                      25: 0.211
                      28:-0.092
                      29: 0.079
                      30:-0.435
                      35:-0.690
                      36:-0.403
                      37:-0.319
 
 I=  9/2- (5)  4.470  32:-0.247
                      33: 0.609
                      34:-0.644
                      38: 0.392

             ENERGY    K= OMEGA
 
 I= 11/2- (1)  2.331  32:-0.696
                      33:-0.574
                      34:-0.387
                      38:-0.188
 
 I= 11/2- (2)  2.954  24: 0.107
                      26:-0.096
                      27:-0.360
                      29: 0.214
                      31:-0.895
 
 I= 11/2- (3)  4.376  24: 0.116
                      25:-0.061
                      26: 0.344
                      27:-0.176
                      29:-0.870
                      30:-0.173
                      31:-0.149
                      36:-0.143
 
 I= 11/2- (4)  4.833  24:-0.073
                      26: 0.083
                      27: 0.059
                      28:-0.308
                      29:-0.127
                      30: 0.443
                      31:-0.123
                      35:-0.493
                      36: 0.646
 
 I= 11/2- (5)  5.132  24: 0.093
                      25:-0.362
                      28:-0.529
                      29: 0.193
                      30:-0.482
                      31: 0.095
                      35:-0.463
                      36:-0.182
                      37: 0.226

             ENERGY    K= OMEGA
 
 I= 13/2- (1)  4.102  24: 0.152
                      26:-0.123
                      27: 0.429
                      29:-0.236
                      30: 0.078
                      31:-0.842
                      36:-0.054
 
 I= 13/2- (2)  4.588  32:-0.233
                      33: 0.588
                      34:-0.652
                      38: 0.417
 
 I= 13/2- (3)  5.237  24:-0.120
                      25: 0.386
                      26:-0.094
                      27:-0.061
                      28:-0.438
                      29:-0.220
                      30:-0.592
                      31:-0.103
                      35: 0.232
                      36: 0.359
                      37:-0.197
 
 I= 13/2- (4)  5.759  24: 0.096
                      25: 0.095
                      26: 0.380
                      27: 0.181
                      28:-0.149
                      29: 0.835
                      30:-0.086
                      31:-0.209
                      35: 0.168
                      36: 0.055
 
 I= 13/2- (5)  7.117  24:-0.083
                      25: 0.207
                      28:-0.067
                      29: 0.103
                      30:-0.302
                      35:-0.678
                      36:-0.524
                      37:-0.329

             ENERGY     K=-7/2
  32 LEVELS    TIME=  0.0 SEC



 ******************* EXCITATION ENERGIES, DOMINANT CONFIGURATION AND EXPECTATION VALUES (WITH S.P. UU+VV FACTORS) *******************

  NR  Eex(keV)  I   Kdom  NY    <Jz>  <Jx**2> <Jy**2> <Jz**2> <I.j>/|I|  <Rx**2> <Ry**2> <Rz**2> <R.j>/|R|  <HROTx> <HROTy> <HROTz>

   1    0.0   9/2-   9/2  31    3.73    2.68    2.68   19.38    4.46       2.53    2.53   -0.00   -1.12      0.308   0.308  -0.001
   2  109.5   3/2-  -3/2  35   -1.31    1.83    1.83    2.06    1.45       1.92    1.92    0.00   -1.48      0.234   0.234   0.000
   3  274.9   5/2-   5/2  36    0.98    2.58    2.58    4.36    2.43       1.94    1.94    0.00   -1.18      0.237   0.237   0.000
   4  333.3  11/2-   1/2  32   -0.00   26.00   26.00    2.24    6.71       4.90    4.90    0.00   -4.52      0.597   0.597   0.000
   5  402.6   7/2-  -7/2  29   -3.17    2.28    2.28   11.90    3.41       2.58    2.58    0.00   -1.29      0.315   0.315   0.000
  
   6  704.7   3/2-  -3/2  30   -1.35    4.51    4.51    2.10    1.48       4.57    4.57    0.00   -2.73      0.557   0.557   0.000
   7  756.9   5/2-  -3/2  35   -1.07    1.92    1.92    2.50    1.04       4.47    4.47    0.00   -1.09      0.545   0.545   0.000
   8  780.4   1/2-   1/2  37    0.50    1.94    1.94    0.25    0.96       1.61    1.61    0.00   -1.84      0.196   0.196   0.000
   9  874.4   1/2-   1/2  28    0.50    3.97    3.97    0.25    0.14       4.35    4.35   -0.00   -2.74      0.530   0.530  -0.000
  10  925.8   7/2-   5/2  36    0.78    2.44    2.44    4.30    1.93       4.80    4.80    0.00   -0.49      0.585   0.585   0.000
  
  11  934.1   5/2-   5/2  36    0.54    3.67    3.67    2.76    1.80       4.10    4.10    0.00   -1.67      0.500   0.500   0.000
  12  956.1  11/2-   9/2  31    3.04    3.07    3.07   18.51    4.09       5.74    5.74   -0.00   -0.06      0.700   0.700  -0.001
  13 1207.7   7/2-   1/2  32    0.00   26.03   26.03    1.77    6.57       8.72    8.72    0.00   -6.65      1.063   1.063   0.000
  14 1266.5   9/2-  -7/2  29   -2.18    2.73    2.73    9.89    2.92       5.55    5.55    0.00   -0.25      0.676   0.676   0.000
  15 1272.0   7/2-  -3/2  35   -0.44    2.82    2.82    2.17    1.52       5.74    5.74    0.00   -0.52      0.699   0.699   0.000
  
  16 1398.9   9/2-  -3/2  30   -0.47    3.76    3.76    4.59    2.49       6.07    6.07    0.00    0.07      0.740   0.740   0.000
  17 1647.3   5/2-   1/2  37    0.31    1.71    1.71    0.52    0.47       4.95    4.95    0.00   -0.81      0.603   0.603   0.000
  18 2104.4  13/2-   9/2  31    2.44    3.47    3.47   17.57    3.85       9.73    9.73   -0.00    0.54      1.186   1.186  -0.001
  19 2144.4   7/2-  -3/2  30    0.06    3.76    3.76    3.17    0.90       9.66    9.66    0.00   -1.62      1.178   1.178   0.000
  20 2186.7   5/2-   1/2  28   -0.10    4.28    4.28    1.04   -0.34      10.18   10.18    0.00   -2.35      1.242   1.242   0.000
  
  21 2378.0  11/2-  -7/2  29   -2.32    2.55    2.55   11.12    2.71       9.79    9.79    0.00   -0.01      1.194   1.194   0.000
  22 2454.0   9/2-  -3/2  35   -0.51    2.27    2.27    2.71    1.09      10.56   10.56    0.00   -0.39      1.287   1.287   0.000
  23 2472.0   9/2-   5/2  34   -0.03   25.77   25.77    5.32    5.77      12.12   12.12    0.00   -5.72      1.478   1.478   0.000
  24 2590.7  13/2-   5/2  34   -0.04   25.72   25.72    5.58    5.79      12.45   12.45    0.00   -3.32      1.517   1.517   0.000
  25 2835.4  11/2-   5/2  36    0.46    2.91    2.91    4.25    1.71      12.65   12.65    0.00    0.04      1.543   1.543   0.000
  
  26 3133.9  11/2-   1/2  28   -0.43    3.30    3.30    2.05    1.59      12.70   12.70    0.00    0.17      1.548   1.548   0.000
  27 3239.2  13/2-  -3/2  30   -0.17    4.53    4.53    2.81    2.51      12.78   12.78    0.00    1.12      1.559   1.559   0.000
  28 3545.6   1/2-   1/2  25    0.50    5.98    5.98    0.25    0.69       5.88    5.88   -0.00   -3.38      0.717   0.717  -0.000
  29 3760.9  13/2-  -7/2  29   -2.01    2.69    2.69   10.90    2.47      15.28   15.28    0.00    0.17      1.863   1.863   0.000
  30 5119.6  13/2-  -3/2  35   -0.08    2.04    2.04    3.19    0.95      21.38   21.38    0.00   -0.10      2.607   2.607   0.000
  
  31 6204.5   1/2-   1/2  32    0.50   25.92   25.92    0.25   -3.81      29.72   29.72   -0.00   -7.18      3.624   3.624  -0.000
  32*******   1/2-  -3/2  33    0.00    0.00    0.00    0.00   -0.00       0.00    0.00   -0.00   -0.00      0.000   0.000  -0.000
