1SPECTRUM OF (Z= 82 A=207) IN PARTICLE-ROTOR  MODEL WITH MODIFIED OSCILLATOR POTENTIAL


 PARITY=-   EPS= 0.355   GAMMA=  0.0   EPS4=0.000   EPS6=0.000   LEVELS:  26  27  28  29  30  31  32  33  34  35  36  37  38  39  40

 PAIRING FACTORS: GN0= 19.20  GN1=  7.40  IPAIR= 15 ***  E2PLUS(INPUT)=   0.730  E2PLUR(INPUT)=   0.000

 CORIOLIS ATTENUATION PARAMETERS:  CHSI=1.000  ETA=  1.00

 MOMENT OF INERTIA PARAMETERS:   A1=  0.122 MEV   A2=  0.122 MEV   A3=121.91925 MEV


 DELTA=0.891 MEV  LAMBDA=53.3900 MEV   HW0= 7.5264 MEV   LAMBDA/HW0= 7.0937

 E2ENERGY=0.730 MEV  HBAR**2/B=23367./A**(7/3)=3950.2/A**2 MEV

 IREC=0  =>  RECOIL TERMS j+j-, j+j+, jzjz, ETC TREATED AS ONE-BODY OPERATORS WITH UU+VV PAIRING FACTORS



 S. P. LEVEL   EQP       U     V        (UU + VV)**1.00

     26       3.030    0.149 0.989      1.000 0.999 0.998 0.982 0.966 0.947 0.802 0.702 0.595 0.359 0.351 0.306 0.292 0.266 0.257
     27       2.471    0.183 0.983      0.999 1.000 1.000 0.988 0.974 0.957 0.822 0.726 0.623 0.392 0.383 0.340 0.325 0.300 0.291
     28       2.201    0.207 0.978      0.998 1.000 1.000 0.991 0.980 0.964 0.836 0.742 0.641 0.414 0.405 0.362 0.348 0.323 0.314
     29       1.414    0.335 0.942      0.982 0.988 0.991 1.000 0.998 0.991 0.901 0.825 0.737 0.531 0.523 0.482 0.469 0.445 0.437
     30       1.216    0.400 0.917      0.966 0.974 0.980 0.998 1.000 0.998 0.929 0.862 0.783 0.589 0.581 0.542 0.529 0.507 0.499
     31       1.092    0.460 0.888      0.947 0.957 0.964 0.991 0.998 1.000 0.952 0.894 0.822 0.641 0.634 0.597 0.585 0.563 0.555
     32       0.891    0.710 0.704      0.802 0.822 0.836 0.901 0.929 0.952 1.000 0.988 0.957 0.846 0.841 0.815 0.806 0.790 0.784
     33       0.937    0.809 0.588      0.702 0.726 0.742 0.825 0.862 0.894 0.988 1.000 0.990 0.917 0.913 0.893 0.886 0.874 0.869
     34       1.076    0.883 0.469      0.595 0.623 0.641 0.737 0.783 0.822 0.957 0.990 1.000 0.964 0.961 0.947 0.942 0.933 0.930
     35       2.108    0.976 0.217      0.359 0.392 0.414 0.531 0.589 0.641 0.846 0.917 0.964 1.000 1.000 0.998 0.997 0.995 0.994
     36       2.196    0.978 0.207      0.351 0.383 0.405 0.523 0.581 0.634 0.841 0.913 0.961 1.000 1.000 0.999 0.998 0.996 0.995
     37       2.798    0.987 0.161      0.306 0.340 0.362 0.482 0.542 0.597 0.815 0.893 0.947 0.998 0.999 1.000 1.000 0.999 0.999
     38       3.081    0.989 0.146      0.292 0.325 0.348 0.469 0.529 0.585 0.806 0.886 0.942 0.997 0.998 1.000 1.000 1.000 0.999
     39       3.742    0.993 0.120      0.266 0.300 0.323 0.445 0.507 0.563 0.790 0.874 0.933 0.995 0.996 0.999 1.000 1.000 1.000
     40       4.051    0.994 0.111      0.257 0.291 0.314 0.437 0.499 0.555 0.784 0.869 0.930 0.994 0.995 0.999 0.999 1.000 1.000

  R CORE   ENERGY   A0R/A00=1.000    R3= 0     2  
   2( 1)    0.732                    1.000 0.000
   2( 2)  487.921                    0.000 1.000

  R CORE   ENERGY   A0R/A00=1.000    R3= 0     2  
   3( 1)  488.652                    0.000 1.000

  R CORE   ENERGY   A0R/A00=1.000    R3= 0     2     4  
   4( 1)    2.438                    1.000 0.000 0.000

  R CORE   ENERGY   A0R/A00=1.000    R3= 0     2     4  
   5( 1)  490.847                    0.000 1.000 0.000

  R CORE   ENERGY   A0R/A00=1.000    R3= 0     2     4     6  
   6( 1)    5.121                    1.000 0.000 0.000 0.000

  R CORE   ENERGY   A0R/A00=1.000    R3= 0     2     4     6  
   7( 1)  494.017                    0.000 1.000 0.000 0.000

          AXIAL SYMMETRY => K RESTRICTED TO OMEGA

                     K
     S.P. ORB#: 26  2.50
     S.P. ORB#: 27 -3.50
     S.P. ORB#: 28  0.50
     S.P. ORB#: 29 -1.50
     S.P. ORB#: 30  0.50
     S.P. ORB#: 31 -1.50
     S.P. ORB#: 32 -3.50
     S.P. ORB#: 33  2.50
     S.P. ORB#: 34  4.50
     S.P. ORB#: 35  0.50
     S.P. ORB#: 36 -3.50
     S.P. ORB#: 37 -1.50
     S.P. ORB#: 38  2.50
     S.P. ORB#: 39  0.50
     S.P. ORB#: 40  0.50
 

             ENERGY    K= OMEGA
 
 I=  1/2- (1)  2.483  30:-0.999
 
 I=  1/2- (2)  4.103  39: 0.999
 
 I=  1/2- (3)  5.096  28:-0.225
                      35: 0.899
                      40:-0.377
 
 I=  1/2- (4)  7.686  28:-0.532
                      35: 0.211
                      40: 0.820
 
 I=  1/2- (5)  9.146  28: 0.817
                      35: 0.384
                      40: 0.431

             ENERGY    K= OMEGA
 
 I=  3/2- (1)  2.368  30: 0.411
                      31:-0.911
 
 I=  3/2- (2)  2.670  30:-0.842
                      31:-0.382
                      37:-0.349
                      39: 0.151

             ENERGY    K= OMEGA
 
 I=  5/2- (1)  2.728  30: 0.410
                      31: 0.835
                      37:-0.106
                      38:-0.305
                      39: 0.172
 
 I=  5/2- (2)  3.383  26:-0.061
                      30: 0.746
                      31:-0.401
                      37:-0.520
                      38: 0.095
 
 I=  5/2- (3)  3.803  26: 0.058
                      30: 0.281
                      31: 0.182
                      37: 0.414
                      38: 0.829
                      39: 0.161
 
 I=  5/2- (4)  4.397  26:-0.113
                      30:-0.392
                      31: 0.306
                      37:-0.710
                      38: 0.459
                      39:-0.158
 
 I=  5/2- (5)  4.820  26: 0.979
                      37:-0.110
                      39:-0.170

             ENERGY    K= OMEGA
 
 I=  7/2- (1)  1.722  26:-0.179
                      32: 0.982
 
 I=  7/2- (2)  3.356  30:-0.523
                      31: 0.729
                      37:-0.228
                      38: 0.376
 
 I=  7/2- (3)  3.743  28: 0.682
                      29: 0.584
                      33: 0.402
                      36: 0.177
 
 I=  7/2- (4)  3.903  26: 0.063
                      30:-0.679
                      31:-0.508
                      37:-0.421
                      38:-0.202
                      39: 0.239
 
 I=  7/2- (5)  4.331  26:-0.206
                      27:-0.941
                      30:-0.096
                      31: 0.103
                      37: 0.098
                      38:-0.205

             ENERGY    K= OMEGA
 
 I=  9/2- (1)  1.990  26: 0.081
                      27:-0.174
                      32: 0.291
                      34: 0.937
 
 I=  9/2- (2)  2.722  26: 0.243
                      27: 0.093
                      32: 0.919
                      34:-0.289
 
 I=  9/2- (3)  4.142  30: 0.447
                      31: 0.732
                      32:-0.050
                      37:-0.211
                      38:-0.399
                      39: 0.237
 
 I=  9/2- (4)  4.664  28:-0.217
                      29: 0.553
                      33:-0.677
                      36: 0.434
 
 I=  9/2- (5)  5.227  26:-0.115
                      27: 0.080
                      30: 0.611
                      31:-0.462
                      32: 0.055
                      37:-0.608
                      38: 0.139

             ENERGY    K= OMEGA
 
 I= 11/2- (1)  3.106  26:-0.135
                      27:-0.236
                      32: 0.388
                      34:-0.880
 
 I= 11/2- (2)  3.126  28:-0.657
                      29:-0.581
                      33:-0.422
                      35:-0.069
                      36:-0.219
 
 I= 11/2- (3)  3.954  26:-0.283
                      27: 0.139
                      31: 0.054
                      32: 0.862
                      34: 0.388
                      38: 0.063
 
 I= 11/2- (4)  5.285  30: 0.544
                      31:-0.647
                      32: 0.057
                      37: 0.316
                      38:-0.425
 
 I= 11/2- (5)  6.092  26: 0.059
                      30:-0.610
                      31:-0.535
                      32: 0.071
                      37:-0.418
                      38:-0.271
                      39: 0.292

             ENERGY    K= OMEGA
 
 I= 13/2- (1)  4.443  26: 0.182
                      27:-0.276
                      32: 0.448
                      34: 0.831
 
 I= 13/2- (2)  5.130  28: 0.216
                      29:-0.549
                      33: 0.671
                      36:-0.448
 
 I= 13/2- (3)  5.419  26: 0.310
                      27: 0.179
                      31: 0.079
                      32: 0.811
                      34:-0.447
                      38:-0.082
 
 I= 13/2- (4)  6.509  30: 0.458
                      31: 0.680
                      32:-0.091
                      37:-0.255
                      38:-0.416
                      39: 0.279
 
 I= 13/2- (5)  8.042  26: 0.121
                      27:-0.079
                      30:-0.532
                      31: 0.477
                      32:-0.098
                      37: 0.656
                      38:-0.135
                      39: 0.098

             ENERGY     K= 1/2
  32 LEVELS    TIME=  0.0 SEC



 ******************* EXCITATION ENERGIES, DOMINANT CONFIGURATION AND EXPECTATION VALUES (WITH S.P. UU+VV FACTORS) *******************

  NR  Eex(keV)  I   Kdom  NY    <Jz>  <Jx**2> <Jy**2> <Jz**2> <I.j>/|I|  <Rx**2> <Ry**2> <Rz**2> <R.j>/|R|  <HROTx> <HROTy> <HROTz>

   1    0.0   7/2-  -7/2  32   -3.30    2.31    2.31   12.05    3.30       3.10    3.10    0.00   -1.43      0.378   0.378   0.000
   2  268.9   9/2-   9/2  34    3.57    2.51    2.51   19.24    4.21       3.59    3.59    0.00   -1.25      0.437   0.437   0.000
   3  646.0   3/2-  -3/2  31   -1.16    4.83    4.83    1.91    1.30       5.13    5.13    0.00   -2.82      0.626   0.626   0.000
   4  761.4   1/2-   1/2  30    0.50    4.82    4.82    0.25    0.16       5.18    5.18    0.00   -3.03      0.631   0.631   0.000
   5  948.9   3/2-   1/2  30   -0.03    4.22    4.22    0.78    0.76       5.01    5.01   -0.00   -2.45      0.611   0.611  -0.000
  
   6 1000.8   9/2-  -7/2  32   -2.46    2.39    2.39   12.54    2.85       6.85    6.85    0.00   -0.85      0.835   0.835   0.000
   7 1006.2   5/2-  -3/2  31   -0.73    4.50    4.50    2.23    1.53       5.46    5.46    0.00   -2.03      0.665   0.665   0.000
   8 1384.5  11/2-   9/2  34    2.81    2.71    2.71   18.34    3.64       7.97    7.97    0.00   -0.49      0.972   0.972   0.000
   9 1404.1  11/2-   1/2  28   -0.01   23.84   23.84    2.57    6.22       5.81    5.81    0.00   -3.83      0.708   0.708   0.000
  10 1634.2   7/2-  -3/2  31   -0.39    4.36    4.36    2.29    1.45       7.62    7.62    0.00   -1.35      0.929   0.929   0.000
  
  11 1661.5   5/2-   1/2  30   -0.34    3.82    3.82    1.19    0.56       7.11    7.11    0.00   -1.90      0.867   0.867   0.000
  12 2021.3   7/2-   1/2  28    0.01   23.37   23.37    2.28    6.08       8.26    8.26    0.00   -6.13      1.007   1.007   0.000
  13 2081.3   5/2-   5/2  38    1.47    2.10    2.10    4.80    1.66       3.97    3.97    0.00   -1.45      0.483   0.483   0.000
  14 2181.8   7/2-   1/2  30   -0.29    3.75    3.75    1.40    0.82       9.07    9.07    0.00   -1.32      1.106   1.106   0.000
  15 2232.8  11/2-  -7/2  32   -1.79    2.47    2.47   12.92    2.55      11.58   11.58    0.00   -0.55      1.412   1.412   0.000
  
  16 2381.6   1/2-   1/2  39    0.50    1.60    1.60    0.25    0.70       1.50    1.50    0.00   -1.65      0.183   0.183   0.000
  17 2420.3   9/2-  -3/2  31   -0.36    4.18    4.18    2.41    1.52      10.19   10.19   -0.00   -0.71      1.242   1.242  -0.000
  18 2609.3   7/2-  -7/2  27   -2.92    5.94    5.94   11.43    3.03       7.52    7.52    0.00   -2.91      0.917   0.917   0.000
  19 2675.4   5/2-  -3/2  37   -0.25    2.78    2.78    2.78    0.23       7.86    7.86    0.00   -1.93      0.958   0.958   0.000
  20 2721.8  13/2-   9/2  34    2.22    2.88    2.88   17.57    3.26      13.26   13.26    0.00   -0.11      1.616   1.616   0.000
  
  21 2942.7   9/2-   5/2  33    0.05   24.20   24.20    5.87    5.24      13.46   13.46    0.00   -5.44      1.642   1.642   0.000
  22 3098.8   5/2-   5/2  26    2.39    5.86    5.86    6.03    2.02       7.27    7.27    0.00   -3.09      0.886   0.886   0.000
  23 3374.7   1/2-   1/2  35    0.50   11.23   11.23    0.25    0.72      11.10   11.10    0.00   -4.69      1.354   1.354   0.000
  24 3408.9  13/2-   5/2  33   -0.00   24.21   24.21    5.97    5.19      15.32   15.32    0.00   -3.28      1.868   1.868   0.000
  25 3505.7   9/2-   1/2  30   -0.64    3.42    3.42    1.73    0.56      13.87   13.87   -0.00   -1.10      1.691   1.691  -0.000
  
  26 3563.9  11/2-  -3/2  31   -0.19    4.12    4.12    2.45    1.40      14.87   14.87    0.00   -0.43      1.813   1.813   0.000
  27 3697.1  13/2-  -7/2  32   -1.27    2.56    2.56   13.16    2.32      17.29   17.29    0.00   -0.35      2.108   2.108   0.000
  28 4370.5  11/2-   1/2  30   -0.29    3.55    3.55    1.69    0.79      17.55   17.55    0.00   -0.69      2.140   2.140   0.000
  29 4787.2  13/2-  -3/2  31   -0.23    4.01    4.01    2.50    1.47      19.39   19.39    0.00   -0.04      2.365   2.365   0.000
  30 5964.4   1/2-   1/2  40    0.50   16.33   16.33    0.25   -0.67      17.41   17.41    0.00   -5.68      2.122   2.122   0.000
  
  31 6320.2  13/2-  -3/2  37   -0.81    3.15    3.15    1.96    0.51      24.95   24.95    0.00   -0.67      3.042   3.042   0.000
  32 7424.5   1/2-   1/2  28    0.50   23.84   23.84    0.25   -3.22      27.13   27.13    0.00   -6.89      3.308   3.308   0.000
