1SPECTRUM OF (Z= 82 A=207) IN PARTICLE-ROTOR  MODEL WITH MODIFIED OSCILLATOR POTENTIAL


 PARITY=-   EPS= 0.388   GAMMA=  0.0   EPS4=0.000   EPS6=0.000   LEVELS:  24  25  26  27  28  29  30  31  32  33  34  35  36  37  38

 PAIRING FACTORS: GN0= 19.20  GN1=  7.40  IPAIR= 15 ***  E2PLUS(INPUT)=   0.730  E2PLUR(INPUT)=   0.000

 CORIOLIS ATTENUATION PARAMETERS:  CHSI=1.000  ETA=  1.00

 MOMENT OF INERTIA PARAMETERS:   A1=  0.122 MEV   A2=  0.122 MEV   A3=121.91924 MEV


 DELTA=0.854 MEV  LAMBDA=53.4643 MEV   HW0= 7.5506 MEV   LAMBDA/HW0= 7.0808

 E2ENERGY=0.730 MEV  HBAR**2/B=27914./A**(7/3)=4718.8/A**2 MEV

 IREC=0  =>  RECOIL TERMS j+j-, j+j+, jzjz, ETC TREATED AS ONE-BODY OPERATORS WITH UU+VV PAIRING FACTORS



 S. P. LEVEL   EQP       U     V        (UU + VV)**1.00

     24       4.295    0.100 0.995      1.000 1.000 0.999 0.998 0.995 0.992 0.931 0.897 0.825 0.578 0.416 0.406 0.317 0.230 0.225
     25       3.871    0.111 0.994      1.000 1.000 0.999 0.999 0.996 0.993 0.935 0.902 0.831 0.587 0.426 0.416 0.328 0.241 0.236
     26       2.953    0.146 0.989      0.999 0.999 1.000 1.000 0.999 0.997 0.947 0.917 0.850 0.615 0.458 0.448 0.361 0.275 0.270
     27       2.798    0.154 0.988      0.998 0.999 1.000 1.000 0.999 0.997 0.950 0.920 0.855 0.622 0.465 0.455 0.369 0.284 0.278
     28       2.239    0.194 0.981      0.995 0.996 0.999 0.999 1.000 0.999 0.962 0.935 0.875 0.653 0.500 0.491 0.406 0.322 0.317
     29       1.934    0.227 0.974      0.992 0.993 0.997 0.997 0.999 1.000 0.970 0.946 0.891 0.678 0.529 0.520 0.436 0.353 0.348
     30       1.052    0.456 0.890      0.931 0.935 0.947 0.950 0.962 0.970 1.000 0.996 0.974 0.835 0.719 0.711 0.641 0.569 0.565
     31       0.950    0.530 0.848      0.897 0.902 0.917 0.920 0.935 0.946 0.996 1.000 0.990 0.879 0.775 0.768 0.704 0.637 0.632
     32       0.866    0.645 0.764      0.825 0.831 0.850 0.855 0.875 0.891 0.974 0.990 1.000 0.938 0.857 0.851 0.798 0.740 0.736
     33       0.995    0.870 0.493      0.578 0.587 0.615 0.622 0.653 0.678 0.835 0.879 0.938 1.000 0.983 0.980 0.957 0.927 0.925
     34       1.397    0.947 0.323      0.416 0.426 0.458 0.465 0.500 0.529 0.719 0.775 0.857 0.983 1.000 1.000 0.994 0.981 0.980
     35       1.438    0.950 0.313      0.406 0.416 0.448 0.455 0.491 0.520 0.711 0.768 0.851 0.980 1.000 1.000 0.995 0.983 0.982
     36       1.981    0.975 0.221      0.317 0.328 0.361 0.369 0.406 0.436 0.641 0.704 0.798 0.957 0.994 0.995 1.000 0.996 0.995
     37       3.261    0.991 0.132      0.230 0.241 0.275 0.284 0.322 0.353 0.569 0.637 0.740 0.927 0.981 0.983 0.996 1.000 1.000
     38       3.404    0.992 0.126      0.225 0.236 0.270 0.278 0.317 0.348 0.565 0.632 0.736 0.925 0.980 0.982 0.995 1.000 1.000

  R CORE   ENERGY   A0R/A00=1.000    R3= 0     2  
   2( 1)    0.732                    1.000 0.000
   2( 2)  487.921                    0.000 1.000

  R CORE   ENERGY   A0R/A00=1.000    R3= 0     2  
   3( 1)  488.652                    0.000 1.000

  R CORE   ENERGY   A0R/A00=1.000    R3= 0     2     4  
   4( 1)    2.438                    1.000 0.000 0.000

  R CORE   ENERGY   A0R/A00=1.000    R3= 0     2     4  
   5( 1)  490.847                    0.000 1.000 0.000

  R CORE   ENERGY   A0R/A00=1.000    R3= 0     2     4     6  
   6( 1)    5.121                    1.000 0.000 0.000 0.000

  R CORE   ENERGY   A0R/A00=1.000    R3= 0     2     4     6  
   7( 1)  494.017                    0.000 1.000 0.000 0.000

          AXIAL SYMMETRY => K RESTRICTED TO OMEGA

                     K
     S.P. ORB#: 24  0.50
     S.P. ORB#: 25 -5.50
     S.P. ORB#: 26  0.50
     S.P. ORB#: 27  2.50
     S.P. ORB#: 28 -3.50
     S.P. ORB#: 29 -1.50
     S.P. ORB#: 30  0.50
     S.P. ORB#: 31 -1.50
     S.P. ORB#: 32  2.50
     S.P. ORB#: 33 -3.50
     S.P. ORB#: 34  4.50
     S.P. ORB#: 35  0.50
     S.P. ORB#: 36 -3.50
     S.P. ORB#: 37 -1.50
     S.P. ORB#: 38  0.50
 

             ENERGY    K= OMEGA
 
 I=  1/2- (1)  2.348  30: 0.999
 
 I=  1/2- (2)  4.387  26: 0.192
                      35:-0.912
                      38: 0.363
 
 I=  1/2- (3)  5.967  24: 0.999
 
 I=  1/2- (4)  7.317  26: 0.351
                      35:-0.282
                      38:-0.893
 
 I=  1/2- (5)  9.374  26:-0.916
                      35:-0.299
                      38:-0.266

             ENERGY    K= OMEGA
 
 I=  3/2- (1)  2.247  24:-0.062
                      30: 0.320
                      31:-0.945
 
 I=  3/2- (2)  2.442  24:-0.196
                      30:-0.915
                      31:-0.298
                      37:-0.191

             ENERGY    K= OMEGA
 
 I=  5/2- (1)  2.504  24:-0.262
                      30: 0.505
                      31: 0.818
                      37:-0.072
 
 I=  5/2- (2)  3.356  27: 0.067
                      30:-0.776
                      31: 0.521
                      37: 0.348
 
 I=  5/2- (3)  4.539  27: 0.838
                      30: 0.206
                      31:-0.125
                      37: 0.489
 
 I=  5/2- (4)  4.712  24: 0.062
                      27: 0.540
                      30:-0.251
                      31: 0.084
                      37:-0.796
 
 I=  5/2- (5)  4.794  26: 0.143
                      35:-0.798
                      38: 0.584

             ENERGY    K= OMEGA
 
 I=  7/2- (1)  1.876  27:-0.155
                      33: 0.987
 
 I=  7/2- (2)  3.426  24: 0.195
                      30: 0.915
                      31:-0.220
                      37: 0.277
 
 I=  7/2- (3)  3.491  24:-0.273
                      27: 0.073
                      30:-0.138
                      31:-0.943
                      37:-0.099
 
 I=  7/2- (4)  4.079  26:-0.612
                      29:-0.588
                      32:-0.484
                      36:-0.213
 
 I=  7/2- (5)  4.142  27: 0.183
                      28: 0.982

             ENERGY    K= OMEGA
 
 I=  9/2- (1)  2.325  27:-0.087
                      28: 0.163
                      33:-0.358
                      34:-0.915
 
 I=  9/2- (2)  2.949  27: 0.207
                      28: 0.097
                      33: 0.905
                      34:-0.357
 
 I=  9/2- (3)  3.710  24:-0.390
                      30: 0.562
                      31: 0.716
                      37:-0.130
 
 I=  9/2- (4)  4.760  26: 0.208
                      29:-0.552
                      32: 0.692
                      36:-0.416
 
 I=  9/2- (5)  5.237  27: 0.265
                      28:-0.685
                      30:-0.426
                      31: 0.377
                      33:-0.052
                      34:-0.131
                      37: 0.342

             ENERGY    K= OMEGA
 
 I= 11/2- (1)  3.464  27:-0.136
                      28:-0.222
                      33: 0.443
                      34:-0.857
 
 I= 11/2- (2)  3.500  26: 0.608
                      29: 0.588
                      32: 0.470
                      35: 0.102
                      36: 0.230
 
 I= 11/2- (3)  4.247  27: 0.244
                      28:-0.144
                      33:-0.850
                      34:-0.441
 
 I= 11/2- (4)  5.215  25: 0.999
 
 I= 11/2- (5)  5.307  24:-0.365
                      30:-0.836
                      31:-0.243
                      37:-0.325

             ENERGY    K= OMEGA
 
 I= 13/2- (1)  4.835  27:-0.177
                      28: 0.262
                      33:-0.488
                      34:-0.812
 
 I= 13/2- (2)  5.308  26:-0.215
                      29: 0.563
                      32:-0.679
                      36: 0.418
 
 I= 13/2- (3)  5.725  24:-0.378
                      27: 0.179
                      28: 0.107
                      30: 0.451
                      31: 0.549
                      33: 0.454
                      34:-0.303
                      37:-0.104
 
 I= 13/2- (4)  5.804  24: 0.273
                      27: 0.205
                      28: 0.148
                      30:-0.343
                      31:-0.370
                      33: 0.670
                      34:-0.379
                      37: 0.110
 
 I= 13/2- (5)  6.802  25:-0.998

             ENERGY     K= 1/2
  32 LEVELS    TIME=  0.0 SEC



 ******************* EXCITATION ENERGIES, DOMINANT CONFIGURATION AND EXPECTATION VALUES (WITH S.P. UU+VV FACTORS) *******************

  NR  Eex(keV)  I   Kdom  NY    <Jz>  <Jx**2> <Jy**2> <Jz**2> <I.j>/|I|  <Rx**2> <Ry**2> <Rz**2> <R.j>/|R|  <HROTx> <HROTy> <HROTz>

   1    0.0   7/2-  -7/2  33   -3.36    2.30    2.30   12.10    3.23       3.43    3.43   -0.00   -1.49      0.418   0.418  -0.000
   2  371.6   3/2-  -3/2  31   -1.29    4.98    4.98    2.04    1.37       5.22    5.22   -0.00   -2.89      0.637   0.637  -0.000
   3  449.3   9/2-   9/2  34    3.25    2.50    2.50   18.90    4.11       3.88    3.88    0.00   -1.24      0.473   0.473   0.000
   4  471.9   1/2-   1/2  30    0.50    4.99    4.99    0.25    0.24       5.28    5.28   -0.00   -3.08      0.644   0.644  -0.000
   5  566.4   3/2-   1/2  30    0.25    4.67    4.67    0.50    0.98       4.90    4.90    0.00   -2.54      0.597   0.597   0.000
  
   6  628.3   5/2-  -3/2  31   -0.85    5.25    5.25    1.61    1.75       5.26    5.26   -0.00   -2.14      0.642   0.642  -0.000
   7 1072.6   9/2-  -7/2  33   -2.22    2.37    2.37   13.00    2.78       7.43    7.43    0.00   -1.02      0.906   0.906   0.000
   8 1479.9   5/2-   1/2  30   -0.28    4.46    4.46    1.06    0.33       8.41    8.41   -0.00   -2.20      1.025   1.025  -0.000
   9 1549.9   7/2-   1/2  30    0.25    4.63    4.63    0.50    1.06       8.55    8.55    0.00   -1.35      1.043   1.043   0.000
  10 1588.4  11/2-   9/2  34    2.49    2.66    2.66   18.03    3.52       8.51    8.51    0.00   -0.56      1.038   1.038   0.000
  
  11 1614.6   7/2-  -3/2  31   -1.29    4.97    4.97    2.10    1.17       9.25    9.25   -0.00   -1.72      1.128   1.128  -0.000
  12 1623.8  11/2-   1/2  26    0.04   23.25   23.25    2.90    6.14       5.85    5.85   -0.00   -3.70      0.713   0.713  -0.000
  13 1833.8   9/2-  -3/2  31   -0.56    5.50    5.50    1.33    1.93       8.93    8.93   -0.00   -0.64      1.088   1.088  -0.000
  14 2202.7   7/2-   1/2  26    0.10   22.84   22.84    2.89    6.03       8.25    8.25    0.00   -6.07      1.006   1.006   0.000
  15 2266.3   7/2-  -7/2  28   -3.29    6.23    6.23   12.03    3.12       7.74    7.74    0.00   -3.08      0.943   0.943   0.000
  
  16 2370.6  11/2-  -7/2  33   -1.58    2.45    2.45   13.44    2.44      12.45   12.45    0.00   -0.75      1.518   1.518   0.000
  17 2510.9   1/2-   1/2  35    0.50   11.16   11.16    0.25    1.00      10.80   10.80    0.00   -4.67      1.317   1.317   0.000
  18 2663.2   5/2-   5/2  27    1.40    5.04    5.04    4.97    1.62       7.11    7.11    0.00   -2.72      0.867   0.867   0.000
  19 2836.2   5/2-  -3/2  37   -0.20    3.37    3.37    3.28    0.76       7.13    7.13    0.00   -2.06      0.869   0.869   0.000
  20 2884.1   9/2-   5/2  32    0.16   23.70   23.70    5.81    5.13      13.47   13.47    0.00   -5.34      1.642   1.642   0.000
  
  21 2918.3   5/2-   1/2  35    0.50   11.31   11.31    0.26    1.67      10.89   10.89    0.00   -3.85      1.327   1.327   0.000
  22 2959.1  13/2-   9/2  34    1.97    2.82    2.82   17.36    3.12      14.06   14.06    0.00   -0.22      1.714   1.714   0.000
  23 3338.7  11/2- -11/2  25   -5.49    2.75    2.75   30.23    5.05       5.53    5.53    0.00   -1.66      0.674   0.674   0.000
  24 3361.1   9/2-  -7/2  28   -1.69    5.08    5.08    7.19    1.55      13.35   13.35   -0.00   -1.87      1.628   1.628  -0.000
  25 3430.6  11/2-   1/2  30    0.16    4.50    4.50    0.61    1.33      14.74   14.74   -0.00   -0.31      1.797   1.797  -0.000
  
  26 3432.1  13/2-   5/2  32    0.09   23.71   23.71    5.75    5.06      15.63   15.63    0.00   -3.19      1.905   1.905   0.000
  27 3849.2  13/2-  -3/2  31   -0.57    4.63    4.63    5.53    2.13      16.91   16.91    0.00    0.01      2.062   2.062   0.000
  28 3927.9  13/2-  -7/2  33   -1.03    3.57    3.57    9.37    2.11      17.92   17.92    0.00   -0.30      2.185   2.185   0.000
  29 4091.3   1/2-   1/2  24    0.50    6.95    6.95    0.25    0.64       6.89    6.89    0.00   -3.66      0.840   0.840   0.000
  30 4925.8  13/2- -11/2  25   -5.47    2.75    2.75   30.20    4.32      12.05   12.05    0.00   -1.13      1.470   1.470   0.000
  
  31 5440.8   1/2-   1/2  38    0.50   15.90   15.90    0.25   -0.59      16.91   16.91    0.00   -5.60      2.062   2.062   0.000
  32 7498.1   1/2-   1/2  26    0.50   23.28   23.28    0.25   -3.44      26.76   26.76    0.00   -6.81      3.262   3.262   0.000
