1SPECTRUM OF (Z= 82 A=207) IN PARTICLE-ROTOR  MODEL WITH MODIFIED OSCILLATOR POTENTIAL


 PARITY=-   EPS= 0.347   GAMMA=  0.0   EPS4=0.000   EPS6=0.000   LEVELS:  26  27  28  29  30  31  32  33  34  35  36  37  38  39  40

 PAIRING FACTORS: GN0= 19.20  GN1=  7.40  IPAIR= 15 ***  E2PLUS(INPUT)=   0.730  E2PLUR(INPUT)=   0.000

 CORIOLIS ATTENUATION PARAMETERS:  CHSI=1.000  ETA=  1.00

 MOMENT OF INERTIA PARAMETERS:   A1=  0.122 MEV   A2=  0.122 MEV   A3=121.91923 MEV


 DELTA=0.900 MEV  LAMBDA=53.3674 MEV   HW0= 7.5209 MEV   LAMBDA/HW0= 7.0959

 E2ENERGY=0.730 MEV  HBAR**2/B=22326./A**(7/3)=3774.2/A**2 MEV

 IREC=0  =>  RECOIL TERMS j+j-, j+j+, jzjz, ETC TREATED AS ONE-BODY OPERATORS WITH UU+VV PAIRING FACTORS



 S. P. LEVEL   EQP       U     V        (UU + VV)**1.00

     26       3.079    0.148 0.989      1.000 0.999 0.997 0.973 0.968 0.951 0.837 0.663 0.633 0.346 0.344 0.313 0.297 0.270 0.256
     27       2.520    0.182 0.983      0.999 1.000 0.999 0.980 0.976 0.961 0.855 0.688 0.659 0.378 0.376 0.346 0.330 0.303 0.289
     28       2.025    0.228 0.974      0.997 0.999 1.000 0.988 0.985 0.973 0.879 0.722 0.694 0.422 0.420 0.390 0.375 0.348 0.335
     29       1.301    0.373 0.928      0.973 0.980 0.988 1.000 1.000 0.997 0.941 0.818 0.795 0.554 0.552 0.525 0.511 0.486 0.474
     30       1.253    0.390 0.921      0.968 0.976 0.985 1.000 1.000 0.998 0.947 0.829 0.806 0.570 0.568 0.541 0.527 0.502 0.490
     31       1.125    0.448 0.894      0.951 0.961 0.973 0.997 0.998 1.000 0.966 0.862 0.842 0.621 0.618 0.593 0.579 0.556 0.544
     32       0.906    0.665 0.747      0.837 0.855 0.879 0.941 0.947 0.966 1.000 0.964 0.953 0.803 0.802 0.782 0.771 0.753 0.743
     33       0.985    0.839 0.545      0.663 0.688 0.722 0.818 0.829 0.862 0.964 1.000 0.999 0.932 0.931 0.919 0.912 0.900 0.894
     34       1.025    0.859 0.511      0.633 0.659 0.694 0.795 0.806 0.842 0.953 0.999 1.000 0.946 0.945 0.934 0.928 0.917 0.911
     35       2.254    0.979 0.204      0.346 0.378 0.422 0.554 0.570 0.621 0.803 0.932 0.946 1.000 1.000 0.999 0.999 0.997 0.996
     36       2.282    0.980 0.201      0.344 0.376 0.420 0.552 0.568 0.618 0.802 0.931 0.945 1.000 1.000 0.999 0.999 0.997 0.996
     37       2.695    0.986 0.169      0.313 0.346 0.390 0.525 0.541 0.593 0.782 0.919 0.934 0.999 0.999 1.000 1.000 0.999 0.998
     38       2.976    0.988 0.153      0.297 0.330 0.375 0.511 0.527 0.579 0.771 0.912 0.928 0.999 0.999 1.000 1.000 1.000 0.999
     39       3.636    0.992 0.125      0.270 0.303 0.348 0.486 0.502 0.556 0.753 0.900 0.917 0.997 0.997 0.999 1.000 1.000 1.000
     40       4.089    0.994 0.111      0.256 0.289 0.335 0.474 0.490 0.544 0.743 0.894 0.911 0.996 0.996 0.998 0.999 1.000 1.000

  R CORE   ENERGY   A0R/A00=1.000    R3= 0     2  
   2( 1)    0.732                    1.000 0.000
   2( 2)  487.921                    0.000 1.000

  R CORE   ENERGY   A0R/A00=1.000    R3= 0     2  
   3( 1)  488.652                    0.000 1.000

  R CORE   ENERGY   A0R/A00=1.000    R3= 0     2     4  
   4( 1)    2.438                    1.000 0.000 0.000

  R CORE   ENERGY   A0R/A00=1.000    R3= 0     2     4  
   5( 1)  490.847                    0.000 1.000 0.000

  R CORE   ENERGY   A0R/A00=1.000    R3= 0     2     4     6  
   6( 1)    5.121                    1.000 0.000 0.000 0.000

  R CORE   ENERGY   A0R/A00=1.000    R3= 0     2     4     6  
   7( 1)  494.017                    0.000 1.000 0.000 0.000

          AXIAL SYMMETRY => K RESTRICTED TO OMEGA

                     K
     S.P. ORB#: 26  2.50
     S.P. ORB#: 27 -3.50
     S.P. ORB#: 28  0.50
     S.P. ORB#: 29 -1.50
     S.P. ORB#: 30  0.50
     S.P. ORB#: 31 -1.50
     S.P. ORB#: 32 -3.50
     S.P. ORB#: 33  2.50
     S.P. ORB#: 34  4.50
     S.P. ORB#: 35 -3.50
     S.P. ORB#: 36  0.50
     S.P. ORB#: 37 -1.50
     S.P. ORB#: 38  2.50
     S.P. ORB#: 39  0.50
     S.P. ORB#: 40  4.50
 

             ENERGY    K= OMEGA
 
 I=  1/2- (1)  2.510  30: 0.999
 
 I=  1/2- (2)  3.994  39: 0.999
 
 I=  1/2- (3)  5.654  28:-0.335
                      36: 0.942
 
 I=  1/2- (4)  8.789  28: 0.942
                      36: 0.335
 
 I=  1/2- (5)147.428  31:-1.000

             ENERGY    K= OMEGA
 
 I=  3/2- (1)  2.392  30: 0.407
                      31:-0.913
 
 I=  3/2- (2)  2.681  30:-0.823
                      31:-0.369
                      37:-0.402
                      39: 0.156

             ENERGY    K= OMEGA
 
 I=  5/2- (1)  2.737  30: 0.408
                      31: 0.822
                      37:-0.121
                      38:-0.335
                      39: 0.176
 
 I=  5/2- (2)  3.370  26:-0.063
                      30: 0.701
                      31:-0.403
                      37:-0.580
                      38: 0.078
 
 I=  5/2- (3)  3.712  30: 0.325
                      31: 0.194
                      37: 0.368
                      38: 0.831
                      39: 0.171
 
 I=  5/2- (4)  4.329  26:-0.084
                      30:-0.433
                      31: 0.331
                      37:-0.689
                      38: 0.438
                      39:-0.171
 
 I=  5/2- (5)  4.852  26: 0.833
                      30: 0.105
                      39:-0.542

             ENERGY    K= OMEGA
 
 I=  7/2- (1)  1.726  26:-0.185
                      32: 0.981
 
 I=  7/2- (2)  3.358  30:-0.512
                      31: 0.714
                      37:-0.249
                      38: 0.405
 
 I=  7/2- (3)  3.660  28:-0.695
                      29:-0.584
                      33:-0.384
                      35:-0.167
 
 I=  7/2- (4)  3.904  26: 0.063
                      30:-0.658
                      31:-0.505
                      37:-0.453
                      38:-0.210
                      39: 0.243
 
 I=  7/2- (5)  4.364  26:-0.208
                      27:-0.903
                      30:-0.141
                      31: 0.147
                      37: 0.143
                      38:-0.281

             ENERGY    K= OMEGA
 
 I=  9/2- (1)  1.932  26: 0.079
                      27:-0.180
                      32: 0.271
                      34: 0.942
 
 I=  9/2- (2)  2.710  26: 0.252
                      27: 0.092
                      32: 0.923
                      34:-0.269
 
 I=  9/2- (3)  4.137  30:-0.443
                      31:-0.718
                      37: 0.228
                      38: 0.419
                      39:-0.238
 
 I=  9/2- (4)  4.408  28: 0.191
                      29:-0.496
                      33: 0.642
                      35:-0.502
                      40: 0.229
 
 I=  9/2- (5)  5.204  26:-0.112
                      27: 0.071
                      30: 0.568
                      31:-0.467
                      32: 0.056
                      37:-0.648
                      38: 0.123
                      39:-0.053

             ENERGY    K= OMEGA
 
 I= 11/2- (1)  2.939  28:-0.634
                      29:-0.563
                      33:-0.431
                      35:-0.276
                      36:-0.057
                      40:-0.122
 
 I= 11/2- (2)  3.040  26:-0.132
                      27:-0.244
                      32: 0.367
                      34:-0.888
 
 I= 11/2- (3)  3.927  26:-0.294
                      27: 0.136
                      31: 0.051
                      32: 0.869
                      34: 0.367
                      38: 0.060
 
 I= 11/2- (4)  5.278  30: 0.533
                      31:-0.634
                      32: 0.052
                      37: 0.333
                      38:-0.445
 
 I= 11/2- (5)  5.764  28: 0.501
                      29: 0.143
                      33:-0.403
                      35:-0.621
                      40:-0.424

             ENERGY    K= OMEGA
 
 I= 13/2- (1)  4.368  26: 0.179
                      27:-0.285
                      32: 0.428
                      34: 0.838
 
 I= 13/2- (2)  4.412  28:-0.166
                      29: 0.440
                      33:-0.611
                      35: 0.555
                      40:-0.311
 
 I= 13/2- (3)  5.376  26: 0.321
                      27: 0.176
                      31: 0.075
                      32: 0.819
                      34:-0.428
                      38:-0.079
 
 I= 13/2- (4)  6.499  30: 0.454
                      31: 0.668
                      32:-0.083
                      37:-0.270
                      38:-0.431
                      39: 0.279
 
 I= 13/2- (5)  8.013  26: 0.116
                      27:-0.074
                      30:-0.489
                      31: 0.480
                      32:-0.098
                      37: 0.687
                      38:-0.110
                      39: 0.133

             ENERGY     K= 9/2
  32 LEVELS    TIME=  0.0 SEC



 ******************* EXCITATION ENERGIES, DOMINANT CONFIGURATION AND EXPECTATION VALUES (WITH S.P. UU+VV FACTORS) *******************

  NR  Eex(keV)  I   Kdom  NY    <Jz>  <Jx**2> <Jy**2> <Jz**2> <I.j>/|I|  <Rx**2> <Ry**2> <Rz**2> <R.j>/|R|  <HROTx> <HROTy> <HROTz>

   1    0.0   7/2-  -7/2  32   -3.29    2.31    2.31   12.04    3.32       3.03    3.03    0.00   -1.42      0.370   0.370   0.000
   2  206.5   9/2-   9/2  34    3.64    2.52    2.52   19.32    4.23       3.51    3.51    0.00   -1.25      0.428   0.428   0.000
   3  666.4   3/2-  -3/2  31   -1.17    4.80    4.80    1.92    1.31       5.10    5.10    0.00   -2.81      0.622   0.622   0.000
   4  784.3   1/2-   1/2  30    0.50    4.79    4.79    0.25    0.17       5.14    5.14   -0.00   -3.02      0.627   0.627  -0.000
   5  955.0   3/2-   1/2  30   -0.10    4.05    4.05    0.85    0.83       4.74    4.74    0.00   -2.38      0.577   0.577   0.000
  
   6  984.6   9/2-  -7/2  32   -2.52    2.40    2.40   12.42    2.87       6.72    6.72    0.00   -0.81      0.820   0.820   0.000
   7 1010.8   5/2-  -3/2  31   -0.65    4.41    4.41    2.31    1.59       5.25    5.25    0.00   -1.99      0.640   0.640   0.000
   8 1213.1  11/2-   1/2  28   -0.01   23.94   23.94    3.21    6.38       5.28    5.28    0.00   -3.99      0.644   0.644   0.000
   9 1314.1  11/2-   9/2  34    2.91    2.72    2.72   18.45    3.68       7.82    7.82    0.00   -0.48      0.953   0.953   0.000
  10 1631.7   7/2-  -3/2  31   -0.32    4.25    4.25    2.40    1.50       7.37    7.37    0.00   -1.29      0.898   0.898   0.000
  
  11 1644.6   5/2-   1/2  30   -0.48    3.58    3.58    1.31    0.64       6.71    6.71   -0.00   -1.79      0.818   0.818  -0.000
  12 1934.5   7/2-   1/2  28    0.00   23.62   23.62    2.15    6.11       8.32    8.32    0.00   -6.16      1.015   1.015   0.000
  13 1985.7   5/2-   5/2  38    1.54    2.19    2.19    4.75    1.63       4.12    4.12    0.00   -1.50      0.503   0.503   0.000
  14 2178.1   7/2-   1/2  30   -0.33    3.61    3.61    1.47    0.84       8.88    8.88    0.00   -1.27      1.083   1.083   0.000
  15 2200.9  11/2-  -7/2  32   -1.88    2.48    2.48   12.76    2.57      11.40   11.40    0.00   -0.50      1.389   1.389   0.000
  
  16 2268.0   1/2-   1/2  39    0.50    1.59    1.59    0.25    0.70       1.48    1.48   -0.00   -1.64      0.181   0.181  -0.000
  17 2411.6   9/2-  -3/2  31   -0.29    4.09    4.09    2.49    1.55       9.99    9.99    0.00   -0.66      1.218   1.218   0.000
  18 2602.9   5/2-  -3/2  37   -0.27    2.91    2.91    2.61    0.14       8.17    8.17    0.00   -1.98      0.996   0.996   0.000
  19 2638.0   7/2-  -7/2  27   -2.60    5.68    5.68   10.86    2.89       7.53    7.53    0.00   -2.77      0.917   0.917   0.000
  20 2641.9  13/2-   9/2  34    2.32    2.90    2.90   17.68    3.31      13.03   13.03    0.00   -0.08      1.588   1.588   0.000
  
  21 2681.8   9/2-   5/2  33    0.03   24.07   24.07    7.29    5.73      11.58   11.58    0.00   -5.59      1.412   1.412   0.000
  22 2685.8  13/2-   5/2  33    0.02   23.85   23.85    8.51    5.96      10.85   10.85    0.00   -3.13      1.322   1.322   0.000
  23 3126.5   5/2-   5/2  26    1.88    4.70    4.70    4.42    1.55       6.70    6.70    0.00   -2.52      0.817   0.817   0.000
  24 3478.2   9/2-  -3/2  37   -0.75    3.22    3.22    1.80    0.59      13.58   13.58    0.00   -1.02      1.656   1.656   0.000
  25 3551.9  11/2-  -3/2  31   -0.14    4.02    4.02    2.54    1.42      14.66   14.66    0.00   -0.38      1.787   1.787   0.000
  
  26 3650.5  13/2-  -7/2  32   -1.37    2.57    2.57   13.00    2.35      17.06   17.06    0.00   -0.30      2.079   2.079   0.000
  27 3927.9   1/2-   1/2  36    0.50   12.30   12.30    0.25   -1.32      13.94   13.94   -0.00   -4.92      1.700   1.700  -0.000
  28 4038.2  11/2-  -7/2  35   -0.04   22.92   22.92    9.49    5.24      14.21   14.21    0.00   -4.50      1.732   1.732   0.000
  29 4772.9  13/2-  -3/2  31   -0.19    3.93    3.93    2.54    1.48      19.25   19.25    0.00   -0.01      2.347   2.347   0.000
  30 6287.4  13/2-  -3/2  37   -0.91    2.98    2.98    2.00    0.53      24.68   24.68    0.00   -0.61      3.009   3.009   0.000
  
  31 7063.6   1/2-   1/2  28    0.50   24.07   24.07    0.25   -3.53      27.62   27.62    0.00   -6.92      3.368   3.368   0.000
  32*******   1/2-  -3/2  31    0.00    0.00    0.00    0.00    0.00       0.00    0.00   -0.00   -0.00      0.000   0.000  -0.000
