1SPECTRUM OF (Z= 82 A=207) IN PARTICLE-ROTOR  MODEL WITH MODIFIED OSCILLATOR POTENTIAL


 PARITY=-   EPS= 0.322   GAMMA=  0.0   EPS4=0.000   EPS6=0.000   LEVELS:  26  27  28  29  30  31  32  33  34  35  36  37  38  39  40

 PAIRING FACTORS: GN0= 19.20  GN1=  7.40  IPAIR= 15 ***  E2PLUS(INPUT)=   0.730  E2PLUR(INPUT)=   0.000

 CORIOLIS ATTENUATION PARAMETERS:  CHSI=1.000  ETA=  1.00

 MOMENT OF INERTIA PARAMETERS:   A1=  0.122 MEV   A2=  0.122 MEV   A3=121.91924 MEV


 DELTA=0.930 MEV  LAMBDA=53.3061 MEV   HW0= 7.5047 MEV   LAMBDA/HW0= 7.1030

 E2ENERGY=0.730 MEV  HBAR**2/B=19225./A**(7/3)=3249.9/A**2 MEV

 IREC=0  =>  RECOIL TERMS j+j-, j+j+, jzjz, ETC TREATED AS ONE-BODY OPERATORS WITH UU+VV PAIRING FACTORS



 S. P. LEVEL   EQP       U     V        (UU + VV)**1.00

     26       3.234    0.145 0.989      1.000 1.000 0.984 0.974 0.961 0.917 0.917 0.759 0.561 0.340 0.336 0.319 0.309 0.284 0.257
     27       2.677    0.176 0.984      1.000 1.000 0.989 0.981 0.969 0.930 0.929 0.779 0.587 0.369 0.365 0.349 0.338 0.314 0.287
     28       1.529    0.321 0.947      0.984 0.989 1.000 0.999 0.995 0.974 0.974 0.864 0.701 0.504 0.500 0.485 0.475 0.452 0.427
     29       1.370    0.365 0.931      0.974 0.981 0.999 1.000 0.999 0.984 0.983 0.886 0.733 0.543 0.539 0.524 0.515 0.493 0.468
     30       1.234    0.414 0.910      0.961 0.969 0.995 0.999 1.000 0.992 0.992 0.910 0.769 0.587 0.584 0.570 0.560 0.539 0.515
     31       1.039    0.527 0.850      0.917 0.930 0.974 0.984 0.992 1.000 1.000 0.955 0.844 0.686 0.683 0.670 0.661 0.642 0.620
     32       1.036    0.529 0.849      0.917 0.929 0.974 0.983 0.992 1.000 1.000 0.956 0.845 0.688 0.684 0.672 0.663 0.644 0.622
     33       0.939    0.755 0.656      0.759 0.779 0.864 0.886 0.910 0.955 0.956 1.000 0.965 0.871 0.868 0.860 0.854 0.840 0.825
     34       1.188    0.901 0.435      0.561 0.587 0.701 0.733 0.769 0.844 0.845 0.965 1.000 0.969 0.968 0.964 0.960 0.953 0.944
     35       2.379    0.980 0.200      0.340 0.369 0.504 0.543 0.587 0.686 0.688 0.871 0.969 1.000 1.000 1.000 0.999 0.998 0.996
     36       2.432    0.981 0.195      0.336 0.365 0.500 0.539 0.584 0.683 0.684 0.868 0.968 1.000 1.000 1.000 1.000 0.999 0.997
     37       2.654    0.984 0.178      0.319 0.349 0.485 0.524 0.570 0.670 0.672 0.860 0.964 1.000 1.000 1.000 1.000 0.999 0.998
     38       2.826    0.986 0.167      0.309 0.338 0.475 0.515 0.560 0.661 0.663 0.854 0.960 0.999 1.000 1.000 1.000 1.000 0.999
     39       3.308    0.990 0.142      0.284 0.314 0.452 0.493 0.539 0.642 0.644 0.840 0.953 0.998 0.999 0.999 1.000 1.000 1.000
     40       4.109    0.993 0.114      0.257 0.287 0.427 0.468 0.515 0.620 0.622 0.825 0.944 0.996 0.997 0.998 0.999 1.000 1.000

  R CORE   ENERGY   A0R/A00=1.000    R3= 0     2  
   2( 1)    0.732                    1.000 0.000
   2( 2)  487.921                    0.000 1.000

  R CORE   ENERGY   A0R/A00=1.000    R3= 0     2  
   3( 1)  488.652                    0.000 1.000

  R CORE   ENERGY   A0R/A00=1.000    R3= 0     2     4  
   4( 1)    2.438                    1.000 0.000 0.000

  R CORE   ENERGY   A0R/A00=1.000    R3= 0     2     4  
   5( 1)  490.847                    0.000 1.000 0.000

  R CORE   ENERGY   A0R/A00=1.000    R3= 0     2     4     6  
   6( 1)    5.121                    1.000 0.000 0.000 0.000

  R CORE   ENERGY   A0R/A00=1.000    R3= 0     2     4     6  
   7( 1)  494.017                    0.000 1.000 0.000 0.000

          AXIAL SYMMETRY => K RESTRICTED TO OMEGA

                     K
     S.P. ORB#: 26  2.50
     S.P. ORB#: 27 -3.50
     S.P. ORB#: 28  0.50
     S.P. ORB#: 29  0.50
     S.P. ORB#: 30 -1.50
     S.P. ORB#: 31 -3.50
     S.P. ORB#: 32 -1.50
     S.P. ORB#: 33  4.50
     S.P. ORB#: 34  2.50
     S.P. ORB#: 35 -1.50
     S.P. ORB#: 36 -3.50
     S.P. ORB#: 37  2.50
     S.P. ORB#: 38  0.50
     S.P. ORB#: 39  0.50
     S.P. ORB#: 40  4.50
 

             ENERGY    K= OMEGA
 
 I=  1/2- (1)  2.598  29:-0.999
                      39:-0.051
 
 I=  1/2- (2)  3.654  29:-0.051
                      39: 0.999
 
 I=  1/2- (3)  6.066  28: 0.454
                      38:-0.891
 
 I=  1/2- (4)  8.766  28: 0.891
                      38: 0.454
 
 I=  1/2- (5)147.339  32: 1.000

             ENERGY    K= OMEGA
 
 I=  3/2- (1)  2.474  29: 0.394
                      30:-0.918
 
 I=  3/2- (2)  2.658  29:-0.688
                      30:-0.297
                      35:-0.643
                      39: 0.158

             ENERGY    K= OMEGA
 
 I=  5/2- (1)  2.735  29:-0.387
                      30:-0.742
                      35: 0.201
                      37: 0.476
                      39:-0.181
 
 I=  5/2- (2)  3.266  26:-0.066
                      29: 0.459
                      30:-0.447
                      35:-0.762
                      39:-0.063
 
 I=  5/2- (3)  3.467  29:-0.487
                      30:-0.238
                      35:-0.106
                      37:-0.806
                      39:-0.215
 
 I=  5/2- (4)  4.171  29: 0.555
                      30:-0.422
                      35: 0.571
                      37:-0.352
                      39: 0.247
 
 I=  5/2- (5)  4.569  26:-0.066
                      29:-0.305
                      30:-0.116
                      35:-0.186
                      39: 0.924

             ENERGY    K= OMEGA
 
 I=  7/2- (1)  1.829  26:-0.199
                      27: 0.053
                      31: 0.978
 
 I=  7/2- (2)  3.327  29:-0.466
                      30: 0.637
                      35:-0.332
                      37: 0.514
 
 I=  7/2- (3)  3.415  28: 0.723
                      32: 0.579
                      34: 0.347
                      36: 0.144
 
 I=  7/2- (4)  3.868  26: 0.061
                      29:-0.561
                      30:-0.500
                      35:-0.556
                      37:-0.245
                      39: 0.249
 
 I=  7/2- (5)  4.349  26:-0.139
                      27:-0.414
                      29:-0.413
                      30: 0.392
                      35: 0.323
                      37:-0.617

             ENERGY    K= OMEGA
 
 I=  9/2- (1)  1.816  26:-0.070
                      27: 0.201
                      31:-0.220
                      33:-0.952
 
 I=  9/2- (2)  2.773  26: 0.273
                      27: 0.090
                      31: 0.931
                      33:-0.216
 
 I=  9/2- (3)  4.092  29:-0.423
                      30:-0.656
                      35: 0.294
                      37: 0.495
                      39:-0.238
 
 I=  9/2- (4)  4.351  28: 0.205
                      32:-0.525
                      34: 0.634
                      36:-0.483
                      40: 0.217
 
 I=  9/2- (5)  5.085  26:-0.101
                      27: 0.056
                      29: 0.391
                      30:-0.489
                      31: 0.060
                      35:-0.750
                      37: 0.059
                      39:-0.156

             ENERGY    K= OMEGA
 
 I= 11/2- (1)  2.652  28:-0.659
                      32:-0.567
                      34:-0.408
                      36:-0.252
                      38:-0.054
                      40:-0.108
 
 I= 11/2- (2)  2.891  26:-0.120
                      27:-0.272
                      31: 0.305
                      33:-0.905
 
 I= 11/2- (3)  3.949  26:-0.320
                      27: 0.128
                      31: 0.885
                      33: 0.302
                      37: 0.057
 
 I= 11/2- (4)  5.220  29: 0.490
                      30:-0.580
                      35: 0.394
                      37:-0.513
 
 I= 11/2- (5)  5.717  28: 0.489
                      32: 0.102
                      34:-0.429
                      36:-0.623
                      40:-0.420

             ENERGY    K= OMEGA
 
 I= 13/2- (1)  4.185  26:-0.164
                      27: 0.318
                      31:-0.362
                      33:-0.861
 
 I= 13/2- (2)  4.279  28:-0.174
                      32: 0.462
                      34:-0.611
                      36: 0.542
                      40:-0.299
 
 I= 13/2- (3)  5.358  26: 0.351
                      27: 0.165
                      30: 0.067
                      31: 0.842
                      33:-0.361
                      37:-0.074
 
 I= 13/2- (4)  6.437  29:-0.439
                      30:-0.622
                      31: 0.066
                      35: 0.321
                      37: 0.481
                      39:-0.279
 
 I= 13/2- (5)  7.878  26:-0.101
                      27: 0.067
                      29: 0.315
                      30:-0.482
                      31: 0.097
                      35:-0.754
                      39:-0.275

             ENERGY     K= 9/2
  32 LEVELS    TIME=  0.0 SEC



 ******************* EXCITATION ENERGIES, DOMINANT CONFIGURATION AND EXPECTATION VALUES (WITH S.P. UU+VV FACTORS) *******************

  NR  Eex(keV)  I   Kdom  NY    <Jz>  <Jx**2> <Jy**2> <Jz**2> <I.j>/|I|  <Rx**2> <Ry**2> <Rz**2> <R.j>/|R|  <HROTx> <HROTy> <HROTz>

   1    0.0   9/2-   9/2  33    3.78    2.55    2.55   19.47    4.30       3.24    3.24    0.00   -1.24      0.395   0.395   0.001
   2   12.5   7/2-  -7/2  31   -3.26    2.31    2.31   12.00    3.36       2.86    2.86    0.00   -1.38      0.349   0.349   0.000
   3  658.0   3/2-  -3/2  30   -1.19    4.69    4.69    1.94    1.31       4.99    4.99    0.00   -2.78      0.608   0.608   0.000
   4  782.1   1/2-   1/2  29    0.50    4.69    4.69    0.25    0.20       5.02    5.02    0.00   -2.99      0.611   0.611   0.000
   5  835.6  11/2-   1/2  28   -0.02   24.63   24.63    2.89    6.50       5.11    5.11    0.00   -4.16      0.623   0.623   0.000
  
   6  842.1   3/2-   1/2  29   -0.50    3.19    3.19    1.25    1.17       3.42    3.42    0.00   -2.05      0.417   0.417   0.000
   7  919.0   5/2-  -3/2  30   -0.23    3.95    3.95    2.79    1.84       4.29    4.29    0.00   -1.79      0.522   0.522   0.000
   8  957.2   9/2-  -7/2  31   -2.66    2.42    2.42   12.15    2.91       6.39    6.39    0.00   -0.70      0.779   0.779   0.000
   9 1075.1  11/2-   9/2  33    3.13    2.77    2.77   18.71    3.80       7.30    7.30    0.00   -0.41      0.890   0.890   0.000
  10 1449.4   5/2-  -3/2  35   -1.05    2.68    2.68    1.84    0.87       5.41    5.41    0.00   -1.41      0.660   0.660   0.000
  
  11 1511.0   7/2-  -3/2  30   -0.01    3.76    3.76    2.90    1.69       6.40    6.40    0.00   -1.04      0.780   0.780   0.000
  12 1598.4   7/2-   1/2  28   -0.01   24.25   24.25    1.89    6.19       8.50    8.50    0.00   -6.26      1.036   1.036   0.000
  13 1651.0   5/2-   5/2  37    1.66    2.63    2.63    4.28    1.47       4.80    4.80    0.00   -1.68      0.585   0.585   0.000
  14 1838.2   1/2-   1/2  39    0.50    1.55    1.55    0.25    0.70       1.44    1.44    0.00   -1.61      0.176   0.176   0.000
  15 2052.1   7/2-   1/2  29   -0.50    3.12    3.12    1.76    0.91       8.27    8.27   -0.00   -1.08      1.008   1.008  -0.000
  
  16 2132.5  11/2-  -7/2  31   -2.13    2.51    2.51   12.32    2.61      10.91   10.91    0.00   -0.37      1.330   1.330   0.000
  17 2275.8   9/2-  -3/2  30   -0.05    3.73    3.73    2.80    1.65       9.30    9.30    0.00   -0.48      1.134   1.134   0.000
  18 2355.2   5/2-  -3/2  35   -0.26    3.43    3.43    2.01   -0.09       9.09    9.09    0.00   -2.15      1.108   1.108   0.000
  19 2368.7  13/2-   9/2  33    2.59    2.97    2.97   18.01    3.45      12.28   12.28    0.00    0.02      1.497   1.497   0.000
  20 2462.9  13/2-   5/2  34    0.01   24.24   24.24    8.23    6.09      10.19   10.19    0.00   -3.14      1.243   1.243   0.000
  
  21 2532.6   7/2-   5/2  37    0.10    3.44    3.44    5.22    1.29       8.80    8.80    0.00   -1.66      1.073   1.073   0.000
  22 2534.4   9/2-   5/2  34    0.01   24.50   24.50    6.95    5.83      11.33   11.33    0.00   -5.66      1.381   1.381   0.000
  23 2753.1   5/2-   1/2  39    0.41    1.79    1.79    0.37    0.06       6.16    6.16    0.00   -1.07      0.751   0.751   0.000
  24 3268.4   9/2-  -3/2  35   -1.10    2.62    2.62    2.02    0.66      12.74   12.74    0.00   -0.79      1.553   1.553   0.000
  25 3404.2  11/2-  -3/2  30    0.04    3.64    3.64    2.88    1.51      13.94   13.94    0.00   -0.22      1.700   1.700   0.000
  
  26 3541.6  13/2-  -7/2  31   -1.68    2.59    2.59   12.46    2.40      16.43   16.43    0.00   -0.15      2.003   2.003   0.000
  27 3900.5  11/2-  -7/2  36    0.00   23.24   23.24    9.57    5.31      14.14   14.14    0.00   -4.57      1.723   1.723   0.000
  28 4250.0   1/2-   1/2  38    0.50   12.47   12.47    0.25   -1.64      14.39   14.39    0.00   -4.96      1.754   1.754   0.000
  29 4620.7  13/2-  -3/2  30   -0.03    3.67    3.67    2.73    1.53      18.73   18.73    0.00    0.10      2.284   2.284   0.000
  30 6061.5  13/2-  -3/2  35   -1.13    2.43    2.43    2.09    0.58      23.78   23.78    0.00   -0.42      2.899   2.899   0.000
  
  31 6950.0   1/2-   1/2  28    0.50   25.00   25.00    0.25   -3.56      28.58   28.58    0.00   -7.05      3.485   3.485   0.000
  32*******   1/2-  -3/2  32    0.00    0.00    0.00    0.00   -0.00       0.00    0.00    0.00   -0.00      0.000   0.000   0.000
