1SPECTRUM OF (Z= 82 A=207) IN PARTICLE-ROTOR  MODEL WITH MODIFIED OSCILLATOR POTENTIAL


 PARITY=-   EPS= 0.190   GAMMA=  0.0   EPS4=0.000   EPS6=0.000   LEVELS:  24  25  26  27  28  29  30  31  32  33  34  35  36  37  38

 PAIRING FACTORS: GN0= 19.20  GN1=  7.40  IPAIR= 15 ***  E2PLUS(INPUT)=   0.730  E2PLUR(INPUT)=   0.000

 CORIOLIS ATTENUATION PARAMETERS:  CHSI=1.000  ETA=  1.00

 MOMENT OF INERTIA PARAMETERS:   A1=  0.122 MEV   A2=  0.122 MEV   A3=121.91923 MEV


 DELTA=0.928 MEV  LAMBDA=53.4732 MEV   HW0= 7.4421 MEV   LAMBDA/HW0= 7.1852

 E2ENERGY=0.730 MEV  HBAR**2/B= 6694./A**(7/3)=1131.5/A**2 MEV

 IREC=0  =>  RECOIL TERMS j+j-, j+j+, jzjz, ETC TREATED AS ONE-BODY OPERATORS WITH UU+VV PAIRING FACTORS



 S. P. LEVEL   EQP       U     V        (UU + VV)**1.00

     24       5.171    0.090 0.996      1.000 1.000 1.000 0.999 0.997 0.993 0.992 0.989 0.748 0.643 0.435 0.413 0.363 0.300 0.248
     25       4.287    0.109 0.994      1.000 1.000 1.000 1.000 0.998 0.995 0.994 0.992 0.761 0.657 0.452 0.430 0.381 0.318 0.267
     26       3.975    0.118 0.993      1.000 1.000 1.000 1.000 0.999 0.996 0.995 0.993 0.766 0.663 0.460 0.438 0.389 0.327 0.275
     27       3.771    0.124 0.992      0.999 1.000 1.000 1.000 0.999 0.996 0.995 0.993 0.771 0.668 0.465 0.444 0.395 0.333 0.281
     28       2.798    0.168 0.986      0.997 0.998 0.999 0.999 1.000 0.999 0.999 0.998 0.798 0.701 0.505 0.483 0.435 0.375 0.324
     29       2.263    0.210 0.978      0.993 0.995 0.996 0.996 0.999 1.000 1.000 1.000 0.823 0.730 0.541 0.520 0.473 0.413 0.364
     30       2.175    0.219 0.976      0.992 0.994 0.995 0.995 0.999 1.000 1.000 1.000 0.828 0.737 0.548 0.528 0.481 0.422 0.372
     31       2.014    0.237 0.971      0.989 0.992 0.993 0.993 0.998 1.000 1.000 1.000 0.839 0.749 0.564 0.544 0.498 0.439 0.390
     32       0.929    0.728 0.686      0.748 0.761 0.766 0.771 0.798 0.823 0.828 0.839 1.000 0.989 0.923 0.913 0.890 0.857 0.828
     33       0.990    0.821 0.571      0.643 0.657 0.663 0.668 0.701 0.730 0.737 0.749 0.989 1.000 0.969 0.963 0.947 0.924 0.902
     34       1.408    0.936 0.352      0.435 0.452 0.460 0.465 0.505 0.541 0.548 0.564 0.923 0.969 1.000 1.000 0.997 0.990 0.980
     35       1.493    0.944 0.329      0.413 0.430 0.438 0.444 0.483 0.520 0.528 0.544 0.913 0.963 1.000 1.000 0.999 0.993 0.985
     36       1.738    0.961 0.278      0.363 0.381 0.389 0.395 0.435 0.473 0.481 0.498 0.890 0.947 0.997 0.999 1.000 0.998 0.993
     37       2.226    0.977 0.213      0.300 0.318 0.327 0.333 0.375 0.413 0.422 0.439 0.857 0.924 0.990 0.993 0.998 1.000 0.999
     38       2.935    0.987 0.160      0.248 0.267 0.275 0.281 0.324 0.364 0.372 0.390 0.828 0.902 0.980 0.985 0.993 0.999 1.000

  R CORE   ENERGY   A0R/A00=1.000    R3= 0     2  
   2( 1)    0.732                    1.000 0.000
   2( 2)  487.921                    0.000 1.000

  R CORE   ENERGY   A0R/A00=1.000    R3= 0     2  
   3( 1)  488.652                    0.000 1.000

  R CORE   ENERGY   A0R/A00=1.000    R3= 0     2     4  
   4( 1)    2.438                    1.000 0.000 0.000

  R CORE   ENERGY   A0R/A00=1.000    R3= 0     2     4  
   5( 1)  490.847                    0.000 1.000 0.000

  R CORE   ENERGY   A0R/A00=1.000    R3= 0     2     4     6  
   6( 1)    5.121                    1.000 0.000 0.000 0.000

  R CORE   ENERGY   A0R/A00=1.000    R3= 0     2     4     6  
   7( 1)  494.017                    0.000 1.000 0.000 0.000

          AXIAL SYMMETRY => K RESTRICTED TO OMEGA

                     K
     S.P. ORB#: 24  2.50
     S.P. ORB#: 25  2.50
     S.P. ORB#: 26  0.50
     S.P. ORB#: 27 -3.50
     S.P. ORB#: 28 -3.50
     S.P. ORB#: 29  4.50
     S.P. ORB#: 30  0.50
     S.P. ORB#: 31 -1.50
     S.P. ORB#: 32 -1.50
     S.P. ORB#: 33  2.50
     S.P. ORB#: 34  0.50
     S.P. ORB#: 35  0.50
     S.P. ORB#: 36 -1.50
     S.P. ORB#: 37  2.50
     S.P. ORB#: 38 -3.50
 

             ENERGY    K= OMEGA
 
 I=  1/2- (1)  1.657  26:-0.061
                      34:-0.998
 
 I=  1/2- (2)  3.209  30: 0.999
 
 I=  1/2- (3)  5.146  26: 0.998
                      34:-0.061
 
 I=  1/2- (4)  9.466  35: 1.000
 
 I=  1/2- (5)147.233  32:-1.000

             ENERGY    K= OMEGA
 
 I=  3/2- (1)  1.410  30: 0.188
                      31: 0.107
                      32: 0.972
                      34:-0.078
 
 I=  3/2- (2)  2.308  30:-0.157
                      31:-0.134
                      32: 0.123
                      34: 0.971

             ENERGY    K= OMEGA
 
 I=  5/2- (1)  1.461  30: 0.134
                      31: 0.177
                      32:-0.417
                      33:-0.877
                      34: 0.060
 
 I=  5/2- (2)  2.031  30: 0.220
                      31:-0.167
                      32:-0.867
                      33: 0.409
 
 I=  5/2- (3)  2.331  30: 0.153
                      31: 0.200
                      33: 0.127
                      34: 0.959
 
 I=  5/2- (4)  3.281  24: 0.073
                      26:-0.377
                      30: 0.443
                      31: 0.742
                      32: 0.071
                      33: 0.185
                      34:-0.259
 
 I=  5/2- (5)  4.534  24: 0.064
                      26: 0.074
                      30:-0.805
                      31: 0.516
                      32:-0.257
                      33: 0.098

             ENERGY    K= OMEGA
 
 I=  7/2- (1)  2.096  30: 0.182
                      31:-0.212
                      32: 0.508
                      33:-0.813
 
 I=  7/2- (2)  2.684  25:-0.072
                      26:-0.173
                      28: 0.081
                      30:-0.343
                      31:-0.302
                      32:-0.713
                      33:-0.448
                      34: 0.196
 
 I=  7/2- (3)  3.515  24:-0.065
                      25: 0.242
                      27: 0.134
                      28:-0.951
                      30:-0.066
                      34: 0.071
 
 I=  7/2- (4)  3.891  35: 0.725
                      36: 0.574
                      37: 0.351
                      38: 0.148
 
 I=  7/2- (5)  3.895  26:-0.100
                      28: 0.058
                      30:-0.146
                      31:-0.268
                      32: 0.314
                      33: 0.222
                      34: 0.862

             ENERGY    K= OMEGA
 
 I=  9/2- (1)  2.751  26: 0.174
                      27:-0.128
                      29: 0.238
                      30:-0.293
                      31:-0.357
                      32: 0.455
                      33: 0.665
                      34:-0.170
 
 I=  9/2- (2)  2.994  24: 0.064
                      25: 0.064
                      26: 0.051
                      27: 0.264
                      28: 0.173
                      29:-0.904
                      30:-0.094
                      31:-0.092
                      32: 0.141
                      33: 0.177
                      34:-0.057
 
 I=  9/2- (3)  3.843  24: 0.076
                      25:-0.145
                      26:-0.060
                      27: 0.073
                      28:-0.225
                      30:-0.163
                      31: 0.339
                      32: 0.743
                      33:-0.287
                      34: 0.372
 
 I=  9/2- (4)  3.941  26: 0.105
                      28:-0.095
                      30:-0.306
                      31:-0.120
                      32: 0.138
                      33:-0.521
                      34:-0.760
 
 I=  9/2- (5)  4.417  24: 0.103
                      25:-0.294
                      27: 0.166
                      28:-0.870
                      29:-0.134
                      30: 0.128
                      32:-0.199
                      33: 0.184
                      34:-0.085

             ENERGY    K= OMEGA
 
 I= 11/2- (1)  2.750  35: 0.686
                      36: 0.576
                      37: 0.398
                      38: 0.199
 
 I= 11/2- (2)  3.798  24: 0.119
                      25: 0.119
                      27:-0.367
                      28:-0.189
                      29:-0.735
                      30: 0.117
                      31:-0.181
                      32: 0.256
                      33:-0.385
 
 I= 11/2- (3)  4.072  27:-0.151
                      28:-0.122
                      29:-0.471
                      30:-0.254
                      31: 0.227
                      32:-0.503
                      33: 0.607
 
 I= 11/2- (4)  4.632  24: 0.086
                      25:-0.132
                      26:-0.281
                      27:-0.066
                      28: 0.196
                      29: 0.050
                      30:-0.400
                      31:-0.417
                      32:-0.538
                      33:-0.416
                      34: 0.234
 
 I= 11/2- (5)  5.495  24:-0.128
                      25: 0.355
                      26:-0.099
                      27: 0.207
                      28:-0.847
                      29: 0.171
                      30:-0.157
                      31:-0.085
                      32:-0.071
                      33:-0.089
                      34: 0.115

             ENERGY    K= OMEGA
 
 I= 13/2- (1)  4.676  24: 0.132
                      25: 0.096
                      26:-0.252
                      27: 0.279
                      28: 0.110
                      29:-0.390
                      30: 0.335
                      31: 0.411
                      32:-0.353
                      33:-0.475
                      34: 0.188
 
 I= 13/2- (2)  4.981  35:-0.232
                      36: 0.581
                      37:-0.652
                      38: 0.428
 
 I= 13/2- (3)  5.073  24: 0.108
                      25: 0.117
                      26: 0.165
                      27: 0.365
                      28: 0.232
                      29:-0.725
                      30:-0.232
                      31:-0.228
                      32: 0.222
                      33: 0.248
                      34:-0.139
 
 I= 13/2- (4)  6.385  24: 0.165
                      25:-0.280
                      26:-0.102
                      27: 0.153
                      28:-0.449
                      29:-0.066
                      30:-0.110
                      31: 0.323
                      32: 0.638
                      34: 0.359
 
 I= 13/2- (5)  6.578  25:-0.142
                      26: 0.125
                      27: 0.106
                      28:-0.305
                      30:-0.279
                      33:-0.594
                      34:-0.653

             ENERGY     K=-7/2
  32 LEVELS    TIME=  0.0 SEC



 ******************* EXCITATION ENERGIES, DOMINANT CONFIGURATION AND EXPECTATION VALUES (WITH S.P. UU+VV FACTORS) *******************

  NR  Eex(keV)  I   Kdom  NY    <Jz>  <Jx**2> <Jy**2> <Jz**2> <I.j>/|I|  <Rx**2> <Ry**2> <Rz**2> <R.j>/|R|  <HROTx> <HROTy> <HROTz>

   1    0.0   3/2-  -3/2  32   -1.41    1.55    1.55    2.16    1.45       1.70    1.70   -0.00   -1.33      0.207   0.207  -0.000
   2   51.0   5/2-   5/2  33    1.63    1.81    1.81    5.28    2.41       1.71    1.71    0.00   -0.97      0.208   0.208   0.000
   3  247.1   1/2-   1/2  34    0.50    1.21    1.21    0.25    0.83       0.99    0.99    0.00   -1.38      0.120   0.120   0.000
   4  620.5   5/2-  -3/2  32   -0.72    1.56    1.56    2.83    1.11       4.07    4.07   -0.00   -0.93      0.497   0.497  -0.000
   5  686.1   7/2-   5/2  33    1.21    1.94    1.94    4.85    2.02       4.22    4.22    0.00   -0.24      0.515   0.515   0.000
  
   6  897.3   3/2-   1/2  34    0.43    1.34    1.34    0.32   -0.12       3.60    3.60    0.00   -1.20      0.439   0.439   0.000
   7  921.1   5/2-   1/2  34    0.45    1.59    1.59    0.43    0.86       3.63    3.63    0.00   -0.39      0.443   0.443   0.000
   8 1273.5   7/2-  -3/2  32   -0.32    1.78    1.78    2.78    1.39       5.54    5.54   -0.00   -0.25      0.675   0.675  -0.000
   9 1340.1  11/2-   1/2  35   -0.01   28.11   28.11    2.34    7.20       4.11    4.11    0.00   -5.41      0.502   0.502   0.000
  10 1341.2   9/2-   5/2  33    0.88    2.84    2.84    4.94    2.48       5.35    5.35    0.00    0.52      0.653   0.653   0.000
  
  11 1583.6   9/2-   9/2  29    3.39    2.71    2.71   18.09    4.31       2.69    2.69   -0.00   -0.89      0.329   0.329  -0.000
  12 1798.9   1/2-   1/2  30    0.50    4.07    4.07    0.25    0.39       4.23    4.23   -0.00   -2.77      0.516   0.516  -0.000
  13 1871.0   5/2-  -3/2  31   -0.53    3.81    3.81    1.60    1.62       4.19    4.19    0.00   -1.53      0.511   0.511   0.000
  14 2104.7   7/2-  -7/2  28   -3.07    2.27    2.27   11.71    3.39       2.54    2.54    0.00   -1.24      0.309   0.309   0.000
  15 2387.6  11/2-   9/2  29    2.14    3.24    3.24   14.37    3.68       6.27    6.27   -0.00    0.33      0.765   0.765  -0.000
  
  16 2432.9   9/2-  -3/2  32   -0.84    1.62    1.62    2.91    1.07      10.13   10.13    0.00   -0.18      1.235   1.235   0.000
  17 2480.9   7/2-   1/2  35    0.00   28.25   28.25    1.91    7.07       9.00    9.00    0.00   -7.15      1.098   1.098   0.000
  18 2485.0   7/2-   1/2  34    0.25    1.78    1.78    0.94    0.01      10.07   10.07    0.00   -0.99      1.228   1.228   0.000
  19 2530.4   9/2-   1/2  34    0.94    2.08    2.08    2.08    1.03      10.35   10.35   -0.00   -0.24      1.262   1.262  -0.000
  20 2662.0  11/2-   5/2  33    1.37    2.30    2.30    7.98    2.27      10.60   10.60   -0.00    0.21      1.292   1.292  -0.000
  
  21 3006.2   9/2-  -7/2  28   -2.39    2.30    2.30   10.90    2.72       6.57    6.57    0.00   -0.54      0.801   0.801   0.000
  22 3123.2   5/2-   1/2  30   -0.14    4.13    4.13    1.00   -0.38      10.14   10.14    0.00   -2.31      1.236   1.236   0.000
  23 3222.2  11/2-  -3/2  32   -0.19    2.25    2.25    2.93    1.65      11.74   11.74   -0.00    0.50      1.431   1.431  -0.000
  24 3265.6  13/2-   5/2  33    0.66    3.83    3.83    6.47    2.95      10.86   10.86   -0.00    1.38      1.324   1.324  -0.000
  25 3570.6  13/2-   5/2  37   -0.06   27.09   27.09    5.67    6.12      11.60   11.60    0.00   -3.56      1.415   1.415   0.000
  
  26 3662.3  13/2-   9/2  29    1.82    3.45    3.45   13.71    3.41      10.87   10.87   -0.00    0.69      1.325   1.325  -0.000
  27 3735.8   1/2-   1/2  26    0.50    4.94    4.94    0.25    0.68       4.85    4.85    0.00   -3.06      0.591   0.591   0.000
  28 4084.9  11/2-  -7/2  28   -2.15    2.47    2.47   10.88    2.60      10.24   10.24    0.00   -0.06      1.248   1.248   0.000
  29 4975.0  13/2-  -3/2  32   -1.19    2.02    2.02    4.71    1.53      18.07   18.07    0.00    0.32      2.203   2.203   0.000
  30 5167.3  13/2-   1/2  34    0.83    2.15    2.15    3.75    1.13      20.49   20.49    0.00   -0.02      2.498   2.498   0.000
  
  31 8055.3   1/2-   1/2  35    0.50   28.68   28.68    0.25   -4.07      32.70   32.70    0.00   -7.56      3.987   3.987   0.000
  32*******   1/2-  -3/2  32    0.00    0.00    0.00    0.00   -0.00       0.00    0.00    0.00   -0.00      0.000   0.000   0.000
