1SPECTRUM OF (Z= 82 A=207) IN PARTICLE-ROTOR  MODEL WITH MODIFIED OSCILLATOR POTENTIAL


 PARITY=-   EPS= 0.260   GAMMA=  0.0   EPS4=0.000   EPS6=0.000   LEVELS:  24  25  26  27  28  29  30  31  32  33  34  35  36  37  38

 PAIRING FACTORS: GN0= 19.20  GN1=  7.40  IPAIR= 15 ***  E2PLUS(INPUT)=   0.730  E2PLUR(INPUT)=   0.000

 CORIOLIS ATTENUATION PARAMETERS:  CHSI=1.000  ETA=  1.00

 MOMENT OF INERTIA PARAMETERS:   A1=  0.122 MEV   A2=  0.122 MEV   A3=121.91924 MEV


 DELTA=0.941 MEV  LAMBDA=53.3683 MEV   HW0= 7.4707 MEV   LAMBDA/HW0= 7.1437

 E2ENERGY=0.730 MEV  HBAR**2/B=12534./A**(7/3)=2118.9/A**2 MEV

 IREC=0  =>  RECOIL TERMS j+j-, j+j+, jzjz, ETC TREATED AS ONE-BODY OPERATORS WITH UU+VV PAIRING FACTORS



 S. P. LEVEL   EQP       U     V        (UU + VV)**1.00

     24       5.114    0.092 0.996      1.000 1.000 0.999 0.998 0.983 0.982 0.976 0.954 0.773 0.593 0.419 0.384 0.370 0.294 0.269
     25       4.125    0.115 0.993      1.000 1.000 1.000 0.999 0.987 0.986 0.981 0.960 0.787 0.611 0.440 0.405 0.391 0.315 0.290
     26       3.756    0.126 0.992      0.999 1.000 1.000 1.000 0.988 0.988 0.983 0.963 0.794 0.620 0.450 0.415 0.402 0.326 0.302
     27       3.207    0.148 0.989      0.998 0.999 1.000 1.000 0.992 0.991 0.987 0.969 0.808 0.637 0.470 0.435 0.422 0.347 0.323
     28       1.778    0.275 0.961      0.983 0.987 0.988 0.992 1.000 1.000 0.999 0.993 0.877 0.732 0.580 0.548 0.536 0.466 0.443
     29       1.766    0.277 0.961      0.982 0.986 0.988 0.991 1.000 1.000 0.999 0.993 0.878 0.733 0.582 0.550 0.538 0.468 0.444
     30       1.608    0.307 0.952      0.976 0.981 0.983 0.987 0.999 0.999 1.000 0.996 0.893 0.754 0.607 0.576 0.564 0.496 0.473
     31       1.316    0.388 0.922      0.954 0.960 0.963 0.969 0.993 0.993 0.996 1.000 0.928 0.808 0.673 0.644 0.633 0.568 0.546
     32       0.941    0.703 0.711      0.773 0.787 0.794 0.808 0.877 0.878 0.893 0.928 1.000 0.969 0.900 0.882 0.875 0.833 0.819
     33       1.064    0.857 0.516      0.593 0.611 0.620 0.637 0.732 0.733 0.754 0.808 0.969 1.000 0.980 0.971 0.968 0.944 0.935
     34       1.494    0.943 0.334      0.419 0.440 0.450 0.470 0.580 0.582 0.607 0.673 0.900 0.980 1.000 0.999 0.999 0.991 0.987
     35       1.658    0.955 0.297      0.384 0.405 0.415 0.435 0.548 0.550 0.576 0.644 0.882 0.971 0.999 1.000 1.000 0.995 0.993
     36       1.733    0.959 0.283      0.370 0.391 0.402 0.422 0.536 0.538 0.564 0.633 0.875 0.968 0.999 1.000 1.000 0.997 0.994
     37       2.350    0.979 0.204      0.294 0.315 0.326 0.347 0.466 0.468 0.496 0.568 0.833 0.944 0.991 0.995 0.997 1.000 1.000
     38       2.674    0.984 0.179      0.269 0.290 0.302 0.323 0.443 0.444 0.473 0.546 0.819 0.935 0.987 0.993 0.994 1.000 1.000

  R CORE   ENERGY   A0R/A00=1.000    R3= 0     2  
   2( 1)    0.732                    1.000 0.000
   2( 2)  487.921                    0.000 1.000

  R CORE   ENERGY   A0R/A00=1.000    R3= 0     2  
   3( 1)  488.652                    0.000 1.000

  R CORE   ENERGY   A0R/A00=1.000    R3= 0     2     4  
   4( 1)    2.438                    1.000 0.000 0.000

  R CORE   ENERGY   A0R/A00=1.000    R3= 0     2     4  
   5( 1)  490.847                    0.000 1.000 0.000

  R CORE   ENERGY   A0R/A00=1.000    R3= 0     2     4     6  
   6( 1)    5.121                    1.000 0.000 0.000 0.000

  R CORE   ENERGY   A0R/A00=1.000    R3= 0     2     4     6  
   7( 1)  494.017                    0.000 1.000 0.000 0.000

          AXIAL SYMMETRY => K RESTRICTED TO OMEGA

                     K
     S.P. ORB#: 24  2.50
     S.P. ORB#: 25  0.50
     S.P. ORB#: 26  2.50
     S.P. ORB#: 27 -3.50
     S.P. ORB#: 28 -3.50
     S.P. ORB#: 29  0.50
     S.P. ORB#: 30 -1.50
     S.P. ORB#: 31  4.50
     S.P. ORB#: 32  0.50
     S.P. ORB#: 33 -1.50
     S.P. ORB#: 34 -1.50
     S.P. ORB#: 35  2.50
     S.P. ORB#: 36  2.50
     S.P. ORB#: 37  0.50
     S.P. ORB#: 38 -3.50
 

             ENERGY    K= OMEGA
 
 I=  1/2- (1)  2.647  25:-0.052
                      29:-0.112
                      37:-0.992
 
 I=  1/2- (2)  2.914  29: 0.993
                      37:-0.110
 
 I=  1/2- (3)  5.527  25: 0.998
                      37:-0.057
 
 I=  1/2- (4)  8.269  32:-1.000
 
 I=  1/2- (5)147.367  33: 1.000

             ENERGY    K= OMEGA
 
 I=  3/2- (1)  1.999  25: 0.064
                      29: 0.247
                      30: 0.134
                      34: 0.954
                      37:-0.078
 
 I=  3/2- (2)  2.747  25:-0.098
                      29: 0.195
                      30:-0.959
                      34: 0.103
                      37: 0.149

             ENERGY    K= OMEGA
 
 I=  5/2- (1)  2.175  25:-0.103
                      29: 0.224
                      30: 0.310
                      34:-0.463
                      36:-0.790
                      37: 0.070
 
 I=  5/2- (2)  2.658  29:-0.164
                      30: 0.329
                      34: 0.834
                      36:-0.390
                      37: 0.116
 
 I=  5/2- (3)  2.909  24: 0.067
                      25:-0.235
                      29: 0.451
                      30: 0.602
                      36: 0.441
                      37: 0.423
 
 I=  5/2- (4)  3.529  25:-0.208
                      29: 0.126
                      30: 0.368
                      36: 0.104
                      37:-0.889
 
 I=  5/2- (5)  4.218  24: 0.062
                      25: 0.080
                      29:-0.807
                      30: 0.479
                      34:-0.295
                      36: 0.128
                      37: 0.070

             ENERGY    K= OMEGA
 
 I=  7/2- (1)  2.517  26:-0.224
                      27: 0.091
                      28: 0.964
                      30: 0.059
                      36: 0.077
 
 I=  7/2- (2)  2.822  28:-0.054
                      29:-0.251
                      30: 0.297
                      34:-0.539
                      36: 0.742
 
 I=  7/2- (3)  3.214  32:-0.740
                      33:-0.570
                      35:-0.332
                      38:-0.130
 
 I=  7/2- (4)  3.226  24: 0.055
                      25:-0.245
                      28: 0.100
                      29:-0.418
                      30:-0.462
                      34:-0.593
                      36:-0.382
                      37: 0.198
 
 I=  7/2- (5)  4.146  24:-0.160
                      25: 0.090
                      27: 0.126
                      29:-0.381
                      30: 0.737
                      34:-0.084
                      36:-0.495
                      37:-0.095

             ENERGY    K= OMEGA
 
 I=  9/2- (1)  2.087  24: 0.063
                      26:-0.060
                      27: 0.262
                      28:-0.163
                      31:-0.947
 
 I=  9/2- (2)  3.311  24:-0.096
                      25: 0.258
                      26:-0.131
                      27:-0.112
                      28:-0.430
                      29:-0.346
                      30:-0.503
                      34: 0.283
                      36: 0.481
                      37:-0.161
 
 I=  9/2- (3)  3.429  25:-0.129
                      26:-0.277
                      27:-0.087
                      28:-0.818
                      29: 0.206
                      30: 0.215
                      31: 0.149
                      34:-0.249
                      36:-0.222
                      37: 0.078
 
 I=  9/2- (4)  4.375  24:-0.094
                      25: 0.224
                      28: 0.095
                      29:-0.117
                      30:-0.459
                      34:-0.672
                      36:-0.356
                      37:-0.357
 
 I=  9/2- (5)  4.485  32:-0.248
                      33: 0.609
                      35:-0.643
                      38: 0.392

             ENERGY    K= OMEGA
 
 I= 11/2- (1)  2.305  32:-0.697
                      33:-0.574
                      35:-0.387
                      38:-0.188
 
 I= 11/2- (2)  3.035  24: 0.109
                      26:-0.097
                      27:-0.363
                      28: 0.213
                      31:-0.893
 
 I= 11/2- (3)  4.476  24:-0.124
                      25: 0.073
                      26:-0.340
                      27: 0.181
                      28: 0.852
                      30: 0.211
                      31: 0.134
                      36: 0.197
 
 I= 11/2- (4)  4.754  26:-0.101
                      28: 0.160
                      29: 0.322
                      30:-0.371
                      31: 0.125
                      34: 0.539
                      36:-0.643
 
 I= 11/2- (5)  5.125  24: 0.086
                      25:-0.352
                      26:-0.052
                      28: 0.236
                      29:-0.492
                      30:-0.495
                      31: 0.108
                      34:-0.447
                      36:-0.243
                      37: 0.227

             ENERGY    K= OMEGA
 
 I= 13/2- (1)  4.175  24: 0.155
                      26:-0.124
                      27: 0.433
                      28:-0.234
                      30: 0.084
                      31:-0.839
                      36:-0.062
 
 I= 13/2- (2)  4.578  32:-0.234
                      33: 0.589
                      35:-0.652
                      38: 0.416
 
 I= 13/2- (3)  5.236  24:-0.109
                      25: 0.382
                      26:-0.074
                      28:-0.181
                      29:-0.439
                      30:-0.582
                      31:-0.123
                      34: 0.260
                      36: 0.384
                      37:-0.201
 
 I= 13/2- (4)  5.853  24:-0.109
                      25:-0.069
                      26:-0.388
                      27:-0.188
                      28:-0.840
                      29: 0.127
                      31: 0.199
                      34:-0.180
 
 I= 13/2- (5)  7.021  24: 0.080
                      25:-0.220
                      28:-0.117
                      29: 0.091
                      30: 0.312
                      34: 0.657
                      36: 0.517
                      37: 0.355

             ENERGY     K=-7/2
  32 LEVELS    TIME=  0.0 SEC



 ******************* EXCITATION ENERGIES, DOMINANT CONFIGURATION AND EXPECTATION VALUES (WITH S.P. UU+VV FACTORS) *******************

  NR  Eex(keV)  I   Kdom  NY    <Jz>  <Jx**2> <Jy**2> <Jz**2> <I.j>/|I|  <Rx**2> <Ry**2> <Rz**2> <R.j>/|R|  <HROTx> <HROTy> <HROTz>

   1    0.0   3/2-  -3/2  34   -1.36    1.76    1.76    2.11    1.43       1.93    1.93   -0.00   -1.46      0.235   0.235  -0.000
   2   87.5   9/2-   9/2  31    3.72    2.68    2.68   19.36    4.47       2.48    2.48    0.00   -1.11      0.303   0.303   0.000
   3  175.5   5/2-   5/2  36    1.13    2.32    2.32    4.62    2.38       1.95    1.95    0.00   -1.11      0.237   0.237   0.000
   4  306.0  11/2-   1/2  32   -0.00   26.23   26.23    2.23    6.77       4.74    4.74    0.00   -4.62      0.578   0.578   0.000
   5  517.4   7/2-  -7/2  28   -3.14    2.28    2.28   11.85    3.41       2.56    2.56    0.00   -1.28      0.312   0.312   0.000
  
   6  647.5   1/2-   1/2  37    0.50    1.47    1.47    0.25    0.86       1.23    1.23    0.00   -1.56      0.150   0.150   0.000
   7  658.6   5/2-  -3/2  34   -0.80    1.79    1.79    2.79    1.05       4.45    4.45    0.00   -1.09      0.542   0.542   0.000
   8  747.2   3/2-  -3/2  30   -1.36    4.45    4.45    2.11    1.49       4.48    4.48   -0.00   -2.71      0.547   0.547  -0.000
   9  823.0   7/2-   5/2  36    0.83    2.29    2.29    4.39    1.92       4.76    4.76    0.00   -0.44      0.580   0.580   0.000
  10  909.7   5/2-  -3/2  30    0.17    3.80    3.80    2.17    1.80       3.92    3.92    0.00   -1.58      0.478   0.478   0.000
  
  11  914.4   1/2-   1/2  29    0.50    4.38    4.38    0.25    0.25       4.66    4.66    0.00   -2.88      0.568   0.568   0.000
  12 1035.8  11/2-   9/2  31    3.02    3.09    3.09   18.48    4.11       5.66    5.66    0.00   -0.03      0.690   0.690   0.000
  13 1214.4   7/2-   1/2  32    0.00   26.28   26.28    1.76    6.63       8.71    8.71    0.00   -6.71      1.062   1.062   0.000
  14 1226.5   7/2-  -3/2  34   -0.38    2.62    2.62    2.42    1.49       5.80    5.80    0.00   -0.52      0.708   0.708   0.000
  15 1311.4   9/2-  -3/2  30   -0.44    3.54    3.54    4.84    2.57       5.57    5.57    0.00    0.26      0.679   0.679   0.000
  
  16 1429.2   9/2-  -7/2  28   -2.08    2.71    2.71    9.80    2.80       6.08    6.08    0.00   -0.38      0.741   0.741   0.000
  17 1529.1   5/2-   1/2  37    0.25    1.83    1.83    0.60    0.51       4.98    4.98   -0.00   -0.87      0.607   0.607  -0.000
  18 2146.5   7/2-  -3/2  30   -0.12    3.85    3.85    3.17    0.93       9.61    9.61    0.00   -1.64      1.171   1.171   0.000
  19 2175.4  13/2-   9/2  31    2.41    3.50    3.50   17.49    3.87       9.60    9.60    0.00    0.58      1.171   1.171   0.000
  20 2218.7   5/2-   1/2  29   -0.09    4.32    4.32    1.00   -0.33      10.18   10.18   -0.00   -2.36      1.241   1.241  -0.000
  
  21 2375.9   9/2-  -3/2  34   -0.58    2.36    2.36    2.52    1.12      10.43   10.43    0.00   -0.37      1.272   1.272   0.000
  22 2477.1  11/2-  -7/2  28   -2.21    2.57    2.57   10.82    2.69       9.75    9.75    0.00    0.03      1.188   1.188   0.000
  23 2485.5   9/2-   5/2  35   -0.03   25.92   25.92    5.32    5.81      12.04   12.04   -0.00   -5.76      1.468   1.468  -0.000
  24 2578.2  13/2-   5/2  35   -0.04   25.87   25.87    5.57    5.84      12.26   12.26   -0.00   -3.34      1.495   1.495  -0.000
  25 2754.4  11/2-   5/2  36    0.45    2.69    2.69    4.29    1.69      12.63   12.63    0.00    0.08      1.540   1.540   0.000
  
  26 3125.8  11/2-  -3/2  30   -0.43    3.20    3.20    2.47    1.60      12.73   12.73    0.00    0.14      1.552   1.552   0.000
  27 3237.0  13/2-  -3/2  30   -0.06    4.45    4.45    2.77    2.49      12.85   12.85   -0.00    1.12      1.566   1.566  -0.000
  28 3527.8   1/2-   1/2  25    0.50    5.89    5.89    0.25    0.69       5.79    5.79    0.00   -3.36      0.706   0.706   0.000
  29 3853.1  13/2-  -7/2  28   -2.05    2.64    2.64   10.98    2.48      15.19   15.19    0.00    0.19      1.852   1.852   0.000
  30 5021.7  13/2-  -3/2  34   -0.06    2.09    2.09    3.13    0.97      21.27   21.27   -0.00   -0.08      2.593   2.593  -0.000
  
  31 6269.6   1/2-   1/2  32    0.50   26.23   26.23    0.25   -3.84      30.05   30.05    0.00   -7.23      3.664   3.664   0.000
  32*******   1/2-  -3/2  33    0.00    0.00    0.00    0.00   -0.00       0.00    0.00    0.00   -0.00      0.000   0.000   0.000
