1SPECTRUM OF (Z= 82 A=207) IN PARTICLE-ROTOR  MODEL WITH MODIFIED OSCILLATOR POTENTIAL


 PARITY=-   EPS= 0.490   GAMMA=  0.0   EPS4=0.000   EPS6=0.000   LEVELS:  25  26  27  28  29  30  31  32  33  34  35  36  37  38  39

 PAIRING FACTORS: GN0= 19.20  GN1=  7.40  IPAIR= 15 ***  E2PLUS(INPUT)=   0.730  E2PLUR(INPUT)=   0.000

 CORIOLIS ATTENUATION PARAMETERS:  CHSI=1.000  ETA=  1.00

 MOMENT OF INERTIA PARAMETERS:   A1=  0.122 MEV   A2=  0.122 MEV   A3=121.91923 MEV


 DELTA=0.850 MEV  LAMBDA=53.4288 MEV   HW0= 7.6441 MEV   LAMBDA/HW0= 6.9896

 E2ENERGY=0.730 MEV  HBAR**2/B=44519./A**(7/3)=7525.9/A**2 MEV

 IREC=0  =>  RECOIL TERMS j+j-, j+j+, jzjz, ETC TREATED AS ONE-BODY OPERATORS WITH UU+VV PAIRING FACTORS



 S. P. LEVEL   EQP       U     V        (UU + VV)**1.00

     25       4.068    0.105 0.994      1.000 1.000 0.993 0.989 0.979 0.966 0.963 0.598 0.531 0.360 0.324 0.271 0.267 0.237 0.199
     26       3.563    0.120 0.993      1.000 1.000 0.995 0.991 0.982 0.970 0.967 0.610 0.543 0.374 0.339 0.286 0.281 0.252 0.214
     27       1.966    0.222 0.975      0.993 0.995 1.000 1.000 0.996 0.990 0.988 0.688 0.627 0.467 0.434 0.383 0.379 0.350 0.313
     28       1.755    0.250 0.968      0.989 0.991 1.000 1.000 0.998 0.993 0.992 0.709 0.649 0.493 0.460 0.410 0.405 0.378 0.341
     29       1.457    0.306 0.952      0.979 0.982 0.996 0.998 1.000 0.998 0.998 0.749 0.693 0.543 0.511 0.463 0.458 0.431 0.396
     30       1.266    0.360 0.933      0.966 0.970 0.990 0.993 0.998 1.000 1.000 0.785 0.733 0.590 0.559 0.512 0.508 0.482 0.447
     31       1.239    0.369 0.929      0.963 0.967 0.988 0.992 0.998 1.000 1.000 0.791 0.739 0.598 0.567 0.521 0.516 0.490 0.456
     32       0.968    0.860 0.510      0.598 0.610 0.688 0.709 0.749 0.785 0.791 1.000 0.997 0.963 0.952 0.934 0.932 0.921 0.905
     33       1.078    0.899 0.439      0.531 0.543 0.627 0.649 0.693 0.733 0.739 0.997 1.000 0.982 0.974 0.960 0.958 0.949 0.936
     34       1.693    0.966 0.260      0.360 0.374 0.467 0.493 0.543 0.590 0.598 0.963 0.982 1.000 0.999 0.996 0.995 0.992 0.986
     35       1.952    0.975 0.223      0.324 0.339 0.434 0.460 0.511 0.559 0.567 0.952 0.974 0.999 1.000 0.998 0.998 0.996 0.992
     36       2.553    0.986 0.169      0.271 0.286 0.383 0.410 0.463 0.512 0.521 0.934 0.960 0.996 0.998 1.000 1.000 0.999 0.997
     37       2.626    0.986 0.164      0.267 0.281 0.379 0.405 0.458 0.508 0.516 0.932 0.958 0.995 0.998 1.000 1.000 1.000 0.998
     38       3.196    0.991 0.134      0.237 0.252 0.350 0.378 0.431 0.482 0.490 0.921 0.949 0.992 0.996 0.999 1.000 1.000 0.999
     39       4.485    0.995 0.095      0.199 0.214 0.313 0.341 0.396 0.447 0.456 0.905 0.936 0.986 0.992 0.997 0.998 0.999 1.000

  R CORE   ENERGY   A0R/A00=1.000    R3= 0     2  
   2( 1)    0.732                    1.000 0.000
   2( 2)  487.921                    0.000 1.000

  R CORE   ENERGY   A0R/A00=1.000    R3= 0     2  
   3( 1)  488.652                    0.000 1.000

  R CORE   ENERGY   A0R/A00=1.000    R3= 0     2     4  
   4( 1)    2.438                    1.000 0.000 0.000

  R CORE   ENERGY   A0R/A00=1.000    R3= 0     2     4  
   5( 1)  490.847                    0.000 1.000 0.000

  R CORE   ENERGY   A0R/A00=1.000    R3= 0     2     4     6  
   6( 1)    5.121                    1.000 0.000 0.000 0.000

  R CORE   ENERGY   A0R/A00=1.000    R3= 0     2     4     6  
   7( 1)  494.017                    0.000 1.000 0.000 0.000

          AXIAL SYMMETRY => K RESTRICTED TO OMEGA

                     K
     S.P. ORB#: 25  0.50
     S.P. ORB#: 26 -1.50
     S.P. ORB#: 27 -5.50
     S.P. ORB#: 28  2.50
     S.P. ORB#: 29  2.50
     S.P. ORB#: 30 -3.50
     S.P. ORB#: 31  0.50
     S.P. ORB#: 32  0.50
     S.P. ORB#: 33 -1.50
     S.P. ORB#: 34 -3.50
     S.P. ORB#: 35  0.50
     S.P. ORB#: 36 -1.50
     S.P. ORB#: 37 -3.50
     S.P. ORB#: 38  4.50
     S.P. ORB#: 39  4.50
 

             ENERGY    K= OMEGA
 
 I=  1/2- (1)  2.357  32: 0.999
 
 I=  1/2- (2)  4.451  31: 0.914
                      35:-0.407
 
 I=  1/2- (3)  5.880  25: 0.999
 
 I=  1/2- (4)  6.271  31: 0.407
                      35: 0.914
 
 I=  1/2- (5)147.381  33:-1.000

             ENERGY    K= OMEGA
 
 I=  3/2- (1)  2.406  32: 0.708
                      33:-0.706
 
 I=  3/2- (2)  2.633  25:-0.138
                      32:-0.698
                      33:-0.703
 
 I=  3/2- (3)  4.591  26:-0.089
                      31:-0.965
                      35:-0.139
                      36:-0.204
 
 I=  3/2- (4)  6.434  26:-0.085
                      31: 0.093
                      35:-0.960
                      36: 0.251
 
 I=  3/2- (5)  6.599  25: 0.990
                      32:-0.111
                      33:-0.084

             ENERGY    K= OMEGA
 
 I=  5/2- (1)  2.865  25: 0.191
                      28:-0.098
                      32:-0.526
                      33:-0.823
 
 I=  5/2- (2)  3.529  25: 0.051
                      28: 0.726
                      32:-0.609
                      33: 0.315
 
 I=  5/2- (3)  3.620  28:-0.680
                      32:-0.575
                      33: 0.454
 
 I=  5/2- (4)  4.805  26: 0.126
                      29:-0.109
                      31:-0.819
                      35: 0.491
                      36: 0.246
 
 I=  5/2- (5)  6.415  26: 0.473
                      29:-0.838
                      35:-0.270

             ENERGY    K= OMEGA
 
 I=  7/2- (1)  3.204  28:-0.160
                      30:-0.986
 
 I=  7/2- (2)  3.458  28: 0.362
                      32: 0.100
                      33:-0.154
                      37:-0.913
 
 I=  7/2- (3)  3.620  32: 0.786
                      33:-0.587
                      37: 0.186
 
 I=  7/2- (4)  4.007  25:-0.249
                      28: 0.115
                      32:-0.579
                      33:-0.758
                      37: 0.113
 
 I=  7/2- (5)  4.614  28:-0.911
                      30: 0.154
                      33:-0.162
                      37:-0.343

             ENERGY    K= OMEGA
 
 I=  9/2- (1)  3.741  28:-0.183
                      30: 0.674
                      37:-0.200
                      38:-0.686
 
 I=  9/2- (2)  4.377  25: 0.256
                      28:-0.268
                      30:-0.160
                      32:-0.458
                      33:-0.655
                      37:-0.438
                      38: 0.085
 
 I=  9/2- (3)  4.479  25: 0.166
                      28: 0.248
                      30: 0.306
                      32:-0.313
                      33:-0.390
                      37: 0.752
 
 I=  9/2- (4)  4.795  28:-0.324
                      30: 0.608
                      32: 0.090
                      33: 0.064
                      37:-0.100
                      38: 0.708
 
 I=  9/2- (5)  5.351  26: 0.397
                      29:-0.580
                      31:-0.412
                      34: 0.467
                      35: 0.180
                      36: 0.172
                      39:-0.236

             ENERGY    K= OMEGA
 
 I= 11/2- (1)  3.305  27:-1.000
 
 I= 11/2- (2)  4.779  28:-0.217
                      30:-0.662
                      37: 0.247
                      38:-0.672
 
 I= 11/2- (3)  5.325  26:-0.413
                      29:-0.555
                      31:-0.421
                      34:-0.466
                      35:-0.163
                      36:-0.164
                      39:-0.271
 
 I= 11/2- (4)  5.678  28: 0.417
                      30:-0.292
                      32: 0.247
                      33:-0.284
                      37:-0.761
                      38:-0.143
 
 I= 11/2- (5)  5.817  25: 0.093
                      28:-0.088
                      30: 0.132
                      32: 0.802
                      33:-0.459
                      37: 0.334

             ENERGY    K= OMEGA
 
 I= 13/2- (1)  4.888  27: 0.999
 
 I= 13/2- (2)  5.941  26: 0.390
                      29:-0.580
                      31:-0.208
                      34: 0.567
                      35: 0.052
                      36: 0.105
                      39:-0.364
 
 I= 13/2- (3)  6.093  28:-0.244
                      30: 0.651
                      33:-0.052
                      37:-0.276
                      38:-0.659
 
 I= 13/2- (4)  6.820  25: 0.381
                      28:-0.146
                      30:-0.089
                      32:-0.543
                      33:-0.712
                      37:-0.117
                      38: 0.102
 
 I= 13/2- (5)  7.216  25:-0.090
                      28:-0.425
                      30:-0.318
                      32: 0.146
                      33: 0.123
                      37:-0.805
                      38: 0.163

             ENERGY     K= 9/2
  35 LEVELS    TIME=  0.0 SEC



 ******************* EXCITATION ENERGIES, DOMINANT CONFIGURATION AND EXPECTATION VALUES (WITH S.P. UU+VV FACTORS) *******************

  NR  Eex(keV)  I   Kdom  NY    <Jz>  <Jx**2> <Jy**2> <Jz**2> <I.j>/|I|  <Rx**2> <Ry**2> <Rz**2> <R.j>/|R|  <HROTx> <HROTy> <HROTz>

   1    0.0   1/2-   1/2  32    0.50    5.27    5.27    0.25    0.11       5.67    5.67    0.00   -3.18      0.692   0.692   0.000
   2   48.1   3/2-   1/2  32   -0.50    5.26    5.26    1.25    1.08       5.67    5.67    0.00   -2.87      0.691   0.691   0.000
   3  275.5   3/2-  -3/2  33   -0.49    5.27    5.27    1.24    0.72       6.36    6.36    0.00   -2.91      0.776   0.776   0.000
   4  508.0   5/2-  -3/2  33   -0.84    5.40    5.40    1.66    1.23       6.98    6.98    0.00   -2.37      0.851   0.851   0.000
   5  846.4   7/2-  -7/2  30   -3.34    6.31    6.31   12.08    3.11       7.89    7.89    0.00   -3.11      0.962   0.962   0.000
  
   6  947.8  11/2- -11/2  27   -5.49    2.75    2.75   30.24    5.06       5.49    5.49    0.00   -1.65      0.669   0.669   0.000
   7 1100.1   7/2-  -7/2  37   -2.62    2.87    2.87   11.10    3.07       4.10    4.10   -0.00   -1.62      0.500   0.500  -0.000
   8 1171.5   5/2-   5/2  28    1.36    5.76    5.76    3.61    1.09       8.72    8.72   -0.00   -2.85      1.064   1.064  -0.000
   9 1262.5   7/2-   1/2  32   -0.33    5.15    5.15    1.37    0.82      10.45   10.45    0.00   -1.84      1.275   1.275   0.000
  10 1262.9   5/2-   5/2  28    1.01    5.69    5.69    3.44    0.85       9.29    9.29   -0.00   -2.86      1.132   1.132  -0.000
  
  11 1383.4   9/2-   9/2  38    0.47    4.37    4.37   15.80    3.72       6.14    6.14    0.00   -1.72      0.748   0.748   0.000
  12 1649.9   7/2-  -3/2  33   -0.68    5.33    5.33    1.65    0.69      11.29   11.29    0.00   -2.01      1.376   1.376   0.000
  13 2019.1   9/2-  -3/2  33   -1.05    4.92    4.92    4.29    1.63      11.32   11.32    0.00   -1.26      1.380   1.380   0.000
  14 2093.4   1/2-   1/2  31    0.50   13.01   13.01    0.25    0.95      12.69   12.69    0.00   -5.05      1.547   1.547   0.000
  15 2122.0   9/2-  -7/2  37   -2.31    3.67    3.67    8.87    2.14       9.81    9.81   -0.00   -1.25      1.195   1.195  -0.000
  
  16 2233.8   3/2-   1/2  31    0.40   14.41   14.41    0.35    1.58      13.39   13.39    0.00   -5.04      1.633   1.633   0.000
  17 2256.8   7/2-   5/2  28    1.54    5.73    5.73    6.98    1.43      11.41   11.41   -0.00   -2.67      1.392   1.392  -0.000
  18 2421.2  11/2-   9/2  38    0.40    4.37    4.37   15.59    3.29      10.39   10.39    0.00   -1.03      1.267   1.267   0.000
  19 2437.8   9/2-   9/2  38    1.19    4.30    4.30   15.48    2.85      10.23   10.23    0.00   -2.19      1.247   1.247   0.000
  20 2447.3   5/2-   1/2  31    0.37   13.65   13.65    0.47    1.63      13.43   13.43    0.00   -4.43      1.637   1.637   0.000
  
  21 2530.2  13/2- -11/2  27   -5.48    2.75    2.75   30.22    4.33      11.97   11.97    0.00   -1.11      1.460   1.460   0.000
  22 2967.5  11/2-   5/2  29    0.14   20.94   20.94    6.57    4.82      13.25   13.25    0.00   -3.81      1.616   1.616   0.000
  23 2993.6   9/2-   5/2  29    0.15   20.59   20.59    6.38    4.52      13.66   13.66    0.00   -4.80      1.665   1.665   0.000
  24 3321.1  11/2-  -7/2  37   -1.89    3.59    3.59    9.83    1.99      14.49   14.49   -0.00   -0.95      1.767   1.767  -0.000
  25 3459.4  11/2-   1/2  32   -0.42    4.92    4.92    2.27    0.84      18.87   18.87   -0.00   -1.15      2.301   2.301  -0.000
  
  26 3522.1   1/2-   1/2  25    0.50    7.52    7.52    0.25    0.66       7.45    7.45    0.00   -3.81      0.909   0.909   0.000
  27 3583.4  13/2-   5/2  29    0.09   21.90   21.90    9.10    5.12      15.11   15.11    0.00   -3.13      1.842   1.842   0.000
  28 3735.7  13/2-   9/2  38    0.34    4.38    4.38   15.37    2.96      15.80   15.80    0.00   -0.62      1.927   1.927   0.000
  29 3913.8   1/2-   1/2  35    0.50   17.03   17.03    0.25   -0.77      18.20   18.20    0.00   -5.80      2.219   2.219   0.000
  30 4057.8   5/2-   5/2  29    1.45   22.15   22.15    4.91    3.63      18.25   18.25    0.00   -6.37      2.225   2.225   0.000
  
  31 4076.6   3/2-   1/2  35    0.36   16.01   16.01    0.39   -0.06      18.20   18.20    0.00   -5.39      2.219   2.219   0.000
  32 4241.2   3/2-   1/2  25    0.49    7.54    7.54    0.26   -0.56      10.62   10.62    0.00   -3.56      1.295   1.295   0.000
  33 4462.4  13/2-  -3/2  33   -0.52    5.63    5.63    1.86    1.33      21.66   21.66    0.00   -0.58      2.640   2.640   0.000
  34 4858.9  13/2-  -7/2  37   -2.06    3.39    3.39   10.88    1.87      20.16   20.16   -0.00   -0.73      2.458   2.458  -0.000
  35*******   1/2-  -3/2  33    0.00    0.00    0.00    0.00   -0.00       0.00    0.00    0.00   -0.00      0.000   0.000   0.000
  
