1SPECTRUM OF (Z= 82 A=207) IN PARTICLE-ROTOR  MODEL WITH MODIFIED OSCILLATOR POTENTIAL


 PARITY=-   EPS= 0.364   GAMMA=  0.0   EPS4=0.000   EPS6=0.000   LEVELS:  26  27  28  29  30  31  32  33  34  35  36  37  38  39  40

 PAIRING FACTORS: GN0= 19.20  GN1=  7.40  IPAIR= 15 ***  E2PLUS(INPUT)=   0.730  E2PLUR(INPUT)=   0.000

 CORIOLIS ATTENUATION PARAMETERS:  CHSI=1.000  ETA=  1.00

 MOMENT OF INERTIA PARAMETERS:   A1=  0.122 MEV   A2=  0.122 MEV   A3=121.91924 MEV


 DELTA=0.881 MEV  LAMBDA=53.4143 MEV   HW0= 7.5327 MEV   LAMBDA/HW0= 7.0910

 E2ENERGY=0.730 MEV  HBAR**2/B=24567./A**(7/3)=4153.0/A**2 MEV

 IREC=0  =>  RECOIL TERMS j+j-, j+j+, jzjz, ETC TREATED AS ONE-BODY OPERATORS WITH UU+VV PAIRING FACTORS



 S. P. LEVEL   EQP       U     V        (UU + VV)**1.00

     26       2.973    0.150 0.989      1.000 0.999 0.999 0.988 0.963 0.941 0.756 0.746 0.555 0.380 0.356 0.299 0.286 0.262 0.262
     27       2.413    0.186 0.983      0.999 1.000 1.000 0.993 0.972 0.953 0.780 0.770 0.585 0.413 0.389 0.334 0.321 0.297 0.297
     28       2.404    0.187 0.982      0.999 1.000 1.000 0.993 0.972 0.953 0.780 0.771 0.586 0.414 0.390 0.335 0.321 0.298 0.298
     29       1.549    0.298 0.955      0.988 0.993 0.993 1.000 0.993 0.982 0.847 0.838 0.675 0.515 0.493 0.440 0.428 0.406 0.405
     30       1.174    0.412 0.911      0.963 0.972 0.972 0.993 1.000 0.998 0.905 0.899 0.759 0.616 0.595 0.546 0.534 0.514 0.514
     31       1.054    0.475 0.880      0.941 0.953 0.953 0.982 0.998 1.000 0.933 0.927 0.803 0.670 0.650 0.604 0.593 0.573 0.573
     32       0.892    0.760 0.650      0.756 0.780 0.780 0.847 0.905 0.933 1.000 1.000 0.964 0.892 0.880 0.851 0.843 0.830 0.830
     33       0.897    0.770 0.638      0.746 0.770 0.771 0.838 0.899 0.927 1.000 1.000 0.968 0.899 0.887 0.858 0.851 0.838 0.838
     34       1.147    0.906 0.424      0.555 0.585 0.586 0.675 0.759 0.803 0.964 0.968 1.000 0.980 0.975 0.960 0.956 0.948 0.948
     35       1.916    0.972 0.237      0.380 0.413 0.414 0.515 0.616 0.670 0.892 0.899 0.980 1.000 1.000 0.996 0.995 0.992 0.992
     36       2.132    0.977 0.211      0.356 0.389 0.390 0.493 0.595 0.650 0.880 0.887 0.975 1.000 1.000 0.998 0.997 0.995 0.995
     37       2.917    0.988 0.153      0.299 0.334 0.335 0.440 0.546 0.604 0.851 0.858 0.960 0.996 0.998 1.000 1.000 0.999 0.999
     38       3.201    0.990 0.139      0.286 0.321 0.321 0.428 0.534 0.593 0.843 0.851 0.956 0.995 0.997 1.000 1.000 1.000 1.000
     39       3.864    0.993 0.115      0.262 0.297 0.298 0.406 0.514 0.573 0.830 0.838 0.948 0.992 0.995 0.999 1.000 1.000 1.000
     40       3.866    0.993 0.115      0.262 0.297 0.298 0.405 0.514 0.573 0.830 0.838 0.948 0.992 0.995 0.999 1.000 1.000 1.000

  R CORE   ENERGY   A0R/A00=1.000    R3= 0     2  
   2( 1)    0.732                    1.000 0.000
   2( 2)  487.921                    0.000 1.000

  R CORE   ENERGY   A0R/A00=1.000    R3= 0     2  
   3( 1)  488.652                    0.000 1.000

  R CORE   ENERGY   A0R/A00=1.000    R3= 0     2     4  
   4( 1)    2.438                    1.000 0.000 0.000

  R CORE   ENERGY   A0R/A00=1.000    R3= 0     2     4  
   5( 1)  490.847                    0.000 1.000 0.000

  R CORE   ENERGY   A0R/A00=1.000    R3= 0     2     4     6  
   6( 1)    5.121                    1.000 0.000 0.000 0.000

  R CORE   ENERGY   A0R/A00=1.000    R3= 0     2     4     6  
   7( 1)  494.017                    0.000 1.000 0.000 0.000

          AXIAL SYMMETRY => K RESTRICTED TO OMEGA

                     K
     S.P. ORB#: 26  2.50
     S.P. ORB#: 27 -3.50
     S.P. ORB#: 28  0.50
     S.P. ORB#: 29 -1.50
     S.P. ORB#: 30  0.50
     S.P. ORB#: 31 -1.50
     S.P. ORB#: 32 -3.50
     S.P. ORB#: 33  2.50
     S.P. ORB#: 34  4.50
     S.P. ORB#: 35  0.50
     S.P. ORB#: 36 -3.50
     S.P. ORB#: 37 -1.50
     S.P. ORB#: 38  2.50
     S.P. ORB#: 39  0.50
     S.P. ORB#: 40  0.50
 

             ENERGY    K= OMEGA
 
 I=  1/2- (1)  2.451  30: 0.999
 
 I=  1/2- (2)  4.229  39:-0.999
 
 I=  1/2- (3)  4.899  28:-0.209
                      35: 0.903
                      40:-0.376
 
 I=  1/2- (4)  7.601  28:-0.472
                      35: 0.244
                      40: 0.847
 
 I=  1/2- (5)  9.173  28: 0.857
                      35: 0.354
                      40: 0.375

             ENERGY    K= OMEGA
 
 I=  3/2- (1)  2.339  30:-0.416
                      31: 0.909
 
 I=  3/2- (2)  2.652  30: 0.857
                      31: 0.393
                      37: 0.301
                      39:-0.145

             ENERGY    K= OMEGA
 
 I=  5/2- (1)  2.713  30: 0.412
                      31: 0.846
                      37:-0.093
                      38:-0.276
                      39: 0.167
 
 I=  5/2- (2)  3.387  26:-0.059
                      30: 0.782
                      31:-0.402
                      37:-0.459
                      38: 0.104
 
 I=  5/2- (3)  3.913  26:-0.073
                      30:-0.241
                      31:-0.169
                      37:-0.450
                      38:-0.826
                      39:-0.151
 
 I=  5/2- (4)  4.482  26: 0.175
                      30: 0.349
                      31:-0.282
                      37: 0.720
                      38:-0.478
                      39: 0.144
 
 I=  5/2- (5)  4.771  26: 0.977
                      37:-0.175
                      39:-0.111

             ENERGY    K= OMEGA
 
 I=  7/2- (1)  1.736  26:-0.172
                      32: 0.983
 
 I=  7/2- (2)  3.348  30: 0.533
                      31:-0.742
                      37: 0.208
                      38:-0.347
 
 I=  7/2- (3)  3.835  28: 0.664
                      29: 0.585
                      33: 0.425
                      36: 0.188
 
 I=  7/2- (4)  3.895  26:-0.064
                      30: 0.699
                      31: 0.513
                      37: 0.388
                      38: 0.194
                      39:-0.234
 
 I=  7/2- (5)  4.286  26:-0.202
                      27:-0.960
                      30:-0.068
                      31: 0.073
                      37: 0.068
                      38:-0.154

             ENERGY    K= OMEGA
 
 I=  9/2- (1)  2.067  26:-0.084
                      27: 0.169
                      32:-0.313
                      34:-0.931
 
 I=  9/2- (2)  2.756  26: 0.233
                      27: 0.095
                      32: 0.914
                      34:-0.311
 
 I=  9/2- (3)  4.140  30: 0.451
                      31: 0.747
                      32:-0.054
                      37:-0.194
                      38:-0.377
                      39: 0.235
 
 I=  9/2- (4)  4.678  28: 0.214
                      29:-0.550
                      33: 0.682
                      36:-0.432
 
 I=  9/2- (5)  5.244  26:-0.122
                      27: 0.099
                      30: 0.649
                      31:-0.459
                      32: 0.055
                      37:-0.564
                      38: 0.149

             ENERGY    K= OMEGA
 
 I= 11/2- (1)  3.190  26: 0.138
                      27: 0.229
                      32:-0.410
                      34: 0.872
 
 I= 11/2- (2)  3.228  28: 0.644
                      29: 0.582
                      33: 0.436
                      35: 0.075
                      36: 0.224
 
 I= 11/2- (3)  4.006  26:-0.271
                      27: 0.142
                      31: 0.057
                      32: 0.855
                      34: 0.409
                      38: 0.065
 
 I= 11/2- (4)  5.288  30:-0.555
                      31: 0.659
                      32:-0.063
                      37:-0.298
                      38: 0.403
 
 I= 11/2- (5)  6.083  26: 0.061
                      30:-0.625
                      31:-0.540
                      32: 0.072
                      37:-0.396
                      38:-0.261
                      39: 0.288

             ENERGY    K= OMEGA
 
 I= 13/2- (1)  4.538  26:-0.183
                      27: 0.268
                      32:-0.466
                      34:-0.823
 
 I= 13/2- (2)  5.166  28: 0.215
                      29:-0.550
                      33: 0.674
                      36:-0.443
 
 I= 13/2- (3)  5.487  26: 0.297
                      27: 0.183
                      31: 0.087
                      32: 0.804
                      34:-0.465
                      38:-0.087
 
 I= 13/2- (4)  6.513  30: 0.461
                      31: 0.692
                      32:-0.102
                      34: 0.052
                      37:-0.240
                      38:-0.400
                      39: 0.278
 
 I= 13/2- (5)  8.064  26: 0.127
                      27:-0.086
                      30:-0.574
                      31: 0.475
                      32:-0.099
                      37: 0.619
                      38:-0.156
                      39: 0.065

             ENERGY     K= 1/2
  32 LEVELS    TIME=  0.0 SEC



 ******************* EXCITATION ENERGIES, DOMINANT CONFIGURATION AND EXPECTATION VALUES (WITH S.P. UU+VV FACTORS) *******************

  NR  Eex(keV)  I   Kdom  NY    <Jz>  <Jx**2> <Jy**2> <Jz**2> <I.j>/|I|  <Rx**2> <Ry**2> <Rz**2> <R.j>/|R|  <HROTx> <HROTy> <HROTz>

   1    0.0   7/2-  -7/2  32   -3.32    2.31    2.31   12.06    3.28       3.19    3.19   -0.00   -1.45      0.389   0.389  -0.000
   2  331.2   9/2-   9/2  34    3.48    2.51    2.51   19.14    4.18       3.67    3.67    0.00   -1.25      0.448   0.448   0.000
   3  602.8   3/2-  -3/2  31   -1.15    4.87    4.87    1.90    1.30       5.17    5.17   -0.00   -2.83      0.630   0.630  -0.000
   4  714.9   1/2-   1/2  30    0.50    4.85    4.85    0.25    0.15       5.22    5.22   -0.00   -3.04      0.636   0.636  -0.000
   5  915.9   3/2-   1/2  30    0.01    4.37    4.37    0.74    0.70       5.26    5.26   -0.00   -2.50      0.641   0.641  -0.000
  
   6  977.4   5/2-  -3/2  31   -0.79    4.59    4.59    2.16    1.49       5.65    5.65   -0.00   -2.07      0.689   0.689  -0.000
   7 1020.0   9/2-  -7/2  32   -2.38    2.38    2.38   12.67    2.83       7.00    7.00   -0.00   -0.89      0.853   0.853  -0.000
   8 1454.7  11/2-   9/2  34    2.70    2.69    2.69   18.22    3.60       8.14    8.14    0.00   -0.51      0.992   0.992   0.001
   9 1492.1  11/2-   1/2  28    0.00   23.64   23.64    2.67    6.20       5.81    5.81   -0.00   -3.79      0.708   0.708  -0.000
  10 1612.0   7/2-  -3/2  31   -0.45    4.47    4.47    2.18    1.40       7.87    7.87    0.00   -1.40      0.959   0.959   0.000
  
  11 1651.0   5/2-   1/2  30   -0.22    4.04    4.04    1.08    0.49       7.52    7.52    0.00   -1.99      0.917   0.917   0.000
  12 2099.4   7/2-   1/2  28    0.03   23.19   23.19    2.44    6.06       8.22    8.22    0.00   -6.11      1.003   1.003   0.000
  13 2159.6   7/2-   1/2  30   -0.25    3.89    3.89    1.34    0.80       9.26    9.26    0.00   -1.38      1.129   1.129   0.000
  14 2177.2   5/2-   5/2  38    1.41    2.04    2.04    4.84    1.69       3.83    3.83    0.00   -1.42      0.467   0.467   0.000
  15 2270.1  11/2-  -7/2  32   -1.69    2.47    2.47   13.08    2.52      11.80   11.80   -0.00   -0.60      1.438   1.438  -0.000
  
  16 2404.7   9/2-  -3/2  31   -0.42    4.27    4.27    2.34    1.50      10.38   10.38   -0.00   -0.76      1.266   1.266  -0.000
  17 2493.4   1/2-   1/2  39    0.50    1.62    1.62    0.25    0.70       1.52    1.52    0.00   -1.66      0.185   0.185   0.000
  18 2549.8   7/2-  -7/2  27   -3.08    6.07    6.07   11.71    3.09       7.55    7.55    0.00   -2.98      0.921   0.921   0.000
  19 2746.7   5/2-  -3/2  37   -0.18    2.72    2.72    3.00    0.36       7.54    7.54    0.00   -1.90      0.920   0.920   0.000
  20 2802.3  13/2-   9/2  34    2.12    2.86    2.86   17.46    3.22      13.51   13.51    0.00   -0.14      1.647   1.647   0.000
  
  21 2942.6   9/2-   5/2  33    0.08   24.06   24.06    5.88    5.21      13.47   13.47   -0.00   -5.41      1.642   1.642  -0.000
  22 3035.3   5/2-   5/2  26    2.35    5.86    5.86    6.05    2.00       7.34    7.34    0.00   -3.09      0.895   0.895   0.000
  23 3163.2   1/2-   1/2  35    0.50   11.23   11.23    0.25    0.82      11.02   11.02    0.00   -4.69      1.343   1.343   0.000
  24 3430.7  13/2-   5/2  33    0.02   24.07   24.07    5.94    5.16      15.41   15.41   -0.00   -3.26      1.879   1.879  -0.000
  25 3508.2   9/2-   1/2  30   -0.53    3.63    3.63    1.69    0.54      14.18   14.18    0.00   -1.18      1.729   1.729   0.000
  
  26 3551.8  11/2-  -3/2  31   -0.24    4.23    4.23    2.35    1.37      15.09   15.09    0.00   -0.48      1.840   1.840   0.000
  27 3750.8  13/2-  -7/2  32   -1.18    2.56    2.56   13.32    2.29      17.57   17.57    0.00   -0.41      2.142   2.142   0.000
  28 4347.2  11/2-   1/2  30   -0.27    3.66    3.66    1.64    0.79      17.65   17.65    0.00   -0.72      2.151   2.151   0.000
  29 4777.4  13/2-  -3/2  31   -0.28    4.08    4.08    2.47    1.45      19.55   19.55   -0.00   -0.08      2.383   2.383  -0.000
  30 5865.7   1/2-   1/2  40    0.50   16.09   16.09    0.25   -0.62      17.13   17.13   -0.00   -5.63      2.088   2.088  -0.000
  
  31 6328.6  13/2-  -3/2  37   -0.70    3.35    3.35    1.93    0.49      25.23   25.23    0.00   -0.73      3.077   3.077   0.000
  32 7436.9   1/2-   1/2  28    0.50   23.78   23.78    0.25   -3.33      27.17   27.17   -0.00   -6.88      3.312   3.312  -0.000
