1SPECTRUM OF (Z= 82 A=207) IN PARTICLE-ROTOR  MODEL WITH MODIFIED OSCILLATOR POTENTIAL


 PARITY=-   EPS= 0.294   GAMMA=  0.0   EPS4=0.000   EPS6=0.000   LEVELS:  25  26  27  28  29  30  31  32  33  34  35  36  37  38  39

 PAIRING FACTORS: GN0= 19.20  GN1=  7.40  IPAIR= 15 ***  E2PLUS(INPUT)=   0.730  E2PLUR(INPUT)=   0.000

 CORIOLIS ATTENUATION PARAMETERS:  CHSI=1.000  ETA=  1.00

 MOMENT OF INERTIA PARAMETERS:   A1=  0.122 MEV   A2=  0.122 MEV   A3=121.91920 MEV


 DELTA=0.951 MEV  LAMBDA=53.2911 MEV   HW0= 7.4883 MEV   LAMBDA/HW0= 7.1166

 E2ENERGY=0.730 MEV  HBAR**2/B=16027./A**(7/3)=2709.3/A**2 MEV

 IREC=0  =>  RECOIL TERMS j+j-, j+j+, jzjz, ETC TREATED AS ONE-BODY OPERATORS WITH UU+VV PAIRING FACTORS



 S. P. LEVEL   EQP       U     V        (UU + VV)**1.00

     25       4.117    0.116 0.993      1.000 1.000 0.999 0.976 0.966 0.958 0.928 0.872 0.777 0.463 0.356 0.327 0.300 0.279 0.256
     26       3.441    0.140 0.990      1.000 1.000 1.000 0.981 0.971 0.965 0.936 0.883 0.792 0.483 0.378 0.349 0.323 0.302 0.279
     27       2.887    0.167 0.986      0.999 1.000 1.000 0.986 0.978 0.972 0.946 0.896 0.808 0.508 0.404 0.375 0.349 0.328 0.305
     28       1.527    0.330 0.944      0.976 0.981 0.986 1.000 0.999 0.998 0.987 0.958 0.895 0.645 0.551 0.525 0.501 0.482 0.461
     29       1.381    0.371 0.929      0.966 0.971 0.978 0.999 1.000 1.000 0.993 0.969 0.914 0.678 0.587 0.562 0.538 0.520 0.499
     30       1.310    0.395 0.919      0.958 0.965 0.972 0.998 1.000 1.000 0.996 0.975 0.924 0.697 0.608 0.584 0.560 0.542 0.522
     31       1.132    0.478 0.878      0.928 0.936 0.946 0.987 0.993 0.996 1.000 0.992 0.956 0.760 0.679 0.656 0.634 0.617 0.598
     32       1.000    0.588 0.809      0.872 0.883 0.896 0.958 0.969 0.975 0.992 1.000 0.986 0.838 0.768 0.748 0.729 0.714 0.697
     33       0.951    0.716 0.699      0.777 0.792 0.808 0.895 0.914 0.924 0.956 0.986 1.000 0.918 0.865 0.849 0.834 0.822 0.808
     34       1.428    0.934 0.356      0.463 0.483 0.508 0.645 0.678 0.697 0.760 0.838 0.918 1.000 0.993 0.989 0.985 0.980 0.975
     35       2.000    0.969 0.245      0.356 0.378 0.404 0.551 0.587 0.608 0.679 0.768 0.865 0.993 1.000 1.000 0.998 0.997 0.994
     36       2.264    0.977 0.215      0.327 0.349 0.375 0.525 0.562 0.584 0.656 0.748 0.849 0.989 1.000 1.000 1.000 0.999 0.997
     37       2.584    0.982 0.187      0.300 0.323 0.349 0.501 0.538 0.560 0.634 0.729 0.834 0.985 0.998 1.000 1.000 1.000 0.999
     38       2.907    0.986 0.166      0.279 0.302 0.328 0.482 0.520 0.542 0.617 0.714 0.822 0.980 0.997 0.999 1.000 1.000 1.000
     39       3.383    0.990 0.142      0.256 0.279 0.305 0.461 0.499 0.522 0.598 0.697 0.808 0.975 0.994 0.997 0.999 1.000 1.000

  R CORE   ENERGY   A0R/A00=1.000    R3= 0     2  
   2( 1)    0.732                    1.000 0.000
   2( 2)  487.921                    0.000 1.000

  R CORE   ENERGY   A0R/A00=1.000    R3= 0     2  
   3( 1)  488.652                    0.000 1.000

  R CORE   ENERGY   A0R/A00=1.000    R3= 0     2     4  
   4( 1)    2.438                    1.000 0.000 0.000

  R CORE   ENERGY   A0R/A00=1.000    R3= 0     2     4  
   5( 1)  490.847                    0.000 1.000 0.000

  R CORE   ENERGY   A0R/A00=1.000    R3= 0     2     4     6  
   6( 1)    5.121                    1.000 0.000 0.000 0.000

  R CORE   ENERGY   A0R/A00=1.000    R3= 0     2     4     6  
   7( 1)  494.017                    0.000 1.000 0.000 0.000

          AXIAL SYMMETRY => K RESTRICTED TO OMEGA

                     K
     S.P. ORB#: 25  0.50
     S.P. ORB#: 26  2.50
     S.P. ORB#: 27 -3.50
     S.P. ORB#: 28  0.50
     S.P. ORB#: 29 -1.50
     S.P. ORB#: 30 -3.50
     S.P. ORB#: 31  0.50
     S.P. ORB#: 32  4.50
     S.P. ORB#: 33 -1.50
     S.P. ORB#: 34  2.50
     S.P. ORB#: 35 -1.50
     S.P. ORB#: 36  2.50
     S.P. ORB#: 37 -3.50
     S.P. ORB#: 38  0.50
     S.P. ORB#: 39  0.50
 

             ENERGY    K= OMEGA
 
 I=  1/2- (1)  2.714  28:-0.996
                      38:-0.077
 
 I=  1/2- (2)  3.229  25:-0.067
                      28: 0.074
                      38:-0.995
 
 I=  1/2- (3)  5.610  25: 0.997
                      38:-0.064
 
 I=  1/2- (4)  6.309  31:-0.592
                      39: 0.806
 
 I=  1/2- (5)  9.081  31:-0.806
                      39:-0.592

             ENERGY    K= OMEGA
 
 I=  3/2- (1)  2.397  25: 0.142
                      28: 0.454
                      29: 0.368
                      35: 0.789
                      38:-0.126
 
 I=  3/2- (2)  2.579  28:-0.397
                      29: 0.894
                      35:-0.201

             ENERGY    K= OMEGA
 
 I=  5/2- (1)  2.467  25:-0.216
                      28: 0.394
                      29: 0.634
                      35:-0.279
                      36:-0.546
                      38: 0.144
 
 I=  5/2- (2)  3.015  25: 0.119
                      26:-0.056
                      28: 0.065
                      29:-0.518
                      35:-0.790
                      36:-0.243
                      38:-0.167
 
 I=  5/2- (3)  3.139  25: 0.144
                      28:-0.511
                      29:-0.121
                      35: 0.320
                      36:-0.764
                      38:-0.132
 
 I=  5/2- (4)  4.024  25: 0.118
                      28: 0.279
                      29:-0.393
                      35: 0.175
                      36:-0.172
                      38: 0.833
 
 I=  5/2- (5)  4.174  25:-0.130
                      28: 0.674
                      29:-0.325
                      35: 0.402
                      36:-0.172
                      38:-0.481

             ENERGY    K= OMEGA
 
 I=  7/2- (1)  2.078  26: 0.211
                      27:-0.060
                      30:-0.975
 
 I=  7/2- (2)  3.189  28:-0.314
                      29: 0.534
                      35:-0.407
                      36: 0.667
 
 I=  7/2- (3)  3.245  31:-0.738
                      33:-0.570
                      34:-0.334
                      37:-0.132
 
 I=  7/2- (4)  3.370  25:-0.303
                      28:-0.583
                      29:-0.481
                      35:-0.510
                      36:-0.178
                      38: 0.206
 
 I=  7/2- (5)  4.229  26:-0.074
                      27:-0.148
                      28:-0.530
                      29: 0.576
                      35: 0.251
                      36:-0.545

             ENERGY    K= OMEGA
 
 I=  9/2- (1)  1.833  26:-0.065
                      27: 0.221
                      30:-0.188
                      32:-0.955
 
 I=  9/2- (2)  2.994  26:-0.289
                      27:-0.093
                      29:-0.062
                      30:-0.931
                      32: 0.181
                      36: 0.059
 
 I=  9/2- (3)  3.464  25:-0.345
                      28: 0.468
                      29: 0.636
                      30:-0.075
                      35:-0.253
                      36:-0.387
                      38: 0.189
 
 I=  9/2- (4)  4.475  31: 0.239
                      33:-0.603
                      34: 0.648
                      37:-0.398
 
 I=  9/2- (5)  4.771  25: 0.177
                      26:-0.085
                      27: 0.088
                      29:-0.380
                      35:-0.730
                      36:-0.455
                      38:-0.258

             ENERGY    K= OMEGA
 
 I= 11/2- (1)  2.469  31: 0.689
                      33: 0.578
                      34: 0.390
                      37: 0.193
 
 I= 11/2- (2)  2.867  26:-0.110
                      27:-0.298
                      30: 0.261
                      32:-0.911
 
 I= 11/2- (3)  4.141  26: 0.340
                      27:-0.126
                      29:-0.066
                      30:-0.890
                      32:-0.255
                      36:-0.067
 
 I= 11/2- (4)  5.080  25: 0.090
                      28:-0.297
                      29: 0.592
                      35:-0.391
                      36: 0.626
 
 I= 11/2- (5)  5.184  25:-0.381
                      28:-0.637
                      29:-0.426
                      30: 0.087
                      35:-0.445
                      36:-0.107
                      38: 0.223

             ENERGY    K= OMEGA
 
 I= 13/2- (1)  4.121  26:-0.150
                      27: 0.347
                      30:-0.311
                      32:-0.871
 
 I= 13/2- (2)  4.691  31:-0.225
                      33: 0.582
                      34:-0.655
                      37: 0.425
 
 I= 13/2- (3)  5.327  25:-0.405
                      26: 0.107
                      27: 0.056
                      28: 0.465
                      29: 0.603
                      30: 0.238
                      32:-0.069
                      35:-0.200
                      36:-0.320
                      38: 0.195
 
 I= 13/2- (4)  5.545  25:-0.121
                      26:-0.359
                      27:-0.146
                      28: 0.159
                      29: 0.150
                      30:-0.823
                      32: 0.302
                      35:-0.116
                      38: 0.057
 
 I= 13/2- (5)  7.474  25: 0.193
                      26:-0.084
                      27: 0.090
                      29:-0.270
                      30: 0.063
                      32: 0.054
                      35:-0.697
                      36:-0.540
                      38:-0.298

             ENERGY     K= 1/2
  32 LEVELS    TIME=  0.0 SEC



 ******************* EXCITATION ENERGIES, DOMINANT CONFIGURATION AND EXPECTATION VALUES (WITH S.P. UU+VV FACTORS) *******************

  NR  Eex(keV)  I   Kdom  NY    <Jz>  <Jx**2> <Jy**2> <Jz**2> <I.j>/|I|  <Rx**2> <Ry**2> <Rz**2> <R.j>/|R|  <HROTx> <HROTy> <HROTz>

   1    0.0   9/2-   9/2  32    3.82    2.57    2.57   19.51    4.37       2.95    2.95   -0.00   -1.20      0.360   0.360  -0.000
   2  244.3   7/2-  -7/2  30   -3.22    2.31    2.31   11.97    3.39       2.73    2.73    0.00   -1.35      0.333   0.333   0.000
   3  564.1   3/2-  -3/2  35   -1.02    2.42    2.42    1.77    1.57       2.14    2.14    0.00   -1.72      0.261   0.261   0.000
   4  633.8   5/2-  -3/2  29    0.14    3.85    3.85    3.00    2.47       2.43    2.43    0.00   -1.55      0.297   0.297   0.000
   5  636.0  11/2-   1/2  31   -0.01   25.53   25.53    2.28    6.56       5.31    5.31   -0.00   -4.33      0.647   0.647  -0.000
  
   6  746.1   3/2-  -3/2  29   -1.18    4.62    4.62    1.93    1.43       4.69    4.69    0.00   -2.74      0.572   0.572   0.000
   7  881.1   1/2-   1/2  28    0.50    4.63    4.63    0.25    0.36       4.82    4.82   -0.00   -2.96      0.588   0.588  -0.000
   8 1034.1  11/2-   9/2  32    3.22    2.82    2.82   18.82    3.90       6.76    6.76    0.00   -0.30      0.824   0.824   0.000
   9 1161.2   9/2-  -7/2  30   -2.70    2.44    2.44   11.94    2.94       6.14    6.14    0.00   -0.62      0.749   0.749   0.000
  10 1182.1   5/2-  -3/2  35   -1.16    2.21    2.21    2.41    1.10       4.55    4.55    0.00   -1.19      0.554   0.554   0.000
  
  11 1306.0   5/2-   5/2  36    1.43    2.80    2.80    3.99    1.63       4.34    4.34    0.00   -1.61      0.529   0.529   0.000
  12 1356.0   7/2-   5/2  36    0.48    3.05    3.05    3.86    1.91       5.29    5.29    0.00   -0.74      0.645   0.645   0.000
  13 1395.8   1/2-   1/2  38    0.50    1.45    1.45    0.25    0.71       1.33    1.33    0.00   -1.55      0.162   0.162   0.000
  14 1411.7   7/2-   1/2  31    0.00   24.91   24.91    1.78    6.31       8.65    8.65   -0.00   -6.39      1.055   1.055  -0.000
  15 1537.2   7/2-   1/2  28   -0.42    3.29    3.29    1.45    1.52       5.87    5.87    0.00   -0.59      0.716   0.716   0.000
  
  16 1630.5   9/2-  -3/2  29   -0.16    4.54    4.54    2.17    2.38       6.14    6.14    0.00    0.17      0.749   0.749   0.000
  17 2190.7   5/2-   1/2  38    0.19    2.29    2.29    0.80    0.32       6.11    6.11    0.00   -1.27      0.745   0.745   0.000
  18 2287.4  13/2-   9/2  32    2.71    3.03    3.03   18.18    3.58      11.51   11.51   -0.00    0.15      1.404   1.404  -0.000
  19 2307.6  11/2-  -7/2  30   -2.24    2.54    2.54   11.98    2.65      10.55   10.55    0.00   -0.26      1.286   1.286   0.000
  20 2341.1   5/2-   1/2  28    0.03    3.37    3.37    0.97   -0.27       9.02    9.02    0.00   -2.00      1.100   1.100   0.000
  
  21 2396.1   7/2-  -3/2  29    0.23    3.44    3.44    3.12    0.70      10.09   10.09    0.00   -1.61      1.231   1.231   0.000
  22 2642.1   9/2-   5/2  34   -0.02   25.31   25.31    5.40    5.60      12.53   12.53    0.00   -5.63      1.527   1.527   0.000
  23 2857.6  13/2-   5/2  34   -0.04   25.29   25.29    5.67    5.62      13.25   13.25   -0.00   -3.30      1.615   1.615  -0.000
  24 2937.9   9/2-  -3/2  35   -0.46    2.14    2.14    3.02    1.03      10.93   10.93    0.00   -0.47      1.332   1.332   0.000
  25 3246.7  11/2-   5/2  36    0.27    3.27    3.27    3.71    1.64      13.20   13.20    0.00   -0.09      1.609   1.609   0.000
  
  26 3351.2  11/2-   1/2  28   -0.27    3.54    3.54    1.17    1.53      12.87   12.87    0.00    0.17      1.569   1.569   0.000
  27 3494.2  13/2-  -3/2  29   -0.30    4.69    4.69    2.55    2.42      13.42   13.42    0.00    0.96      1.636   1.636   0.000
  28 3711.8  13/2-  -7/2  30   -1.74    2.81    2.81   11.31    2.42      15.95   15.95    0.00   -0.01      1.945   1.945   0.000
  29 3776.5   1/2-   1/2  25    0.50    6.25    6.25    0.25    0.68       6.16    6.16   -0.00   -3.46      0.751   0.751  -0.000
  30 4475.5   1/2-   1/2  39    0.50   13.00   13.00    0.25   -2.01      15.24   15.24    0.00   -5.07      1.858   1.858   0.000
  
  31 5640.6  13/2-  -3/2  35   -0.06    2.07    2.07    3.36    0.93      21.62   21.62    0.00   -0.15      2.636   2.636   0.000
  32 7248.2   1/2-   1/2  31    0.50   25.76   25.76    0.25   -3.58      29.36   29.36    0.00   -7.16      3.580   3.580   0.000
