1SPECTRUM OF (Z= 82 A=207) IN PARTICLE-ROTOR  MODEL WITH MODIFIED OSCILLATOR POTENTIAL


 PARITY=-   EPS= 0.171   GAMMA=  0.0   EPS4=0.000   EPS6=0.000   LEVELS:  25  26  27  28  29  30  31  32  33  34  35  36  37  38  39

 PAIRING FACTORS: GN0= 19.20  GN1=  7.40  IPAIR= 15 ***  E2PLUS(INPUT)=   0.730  E2PLUR(INPUT)=   0.000

 CORIOLIS ATTENUATION PARAMETERS:  CHSI=1.000  ETA=  1.00

 MOMENT OF INERTIA PARAMETERS:   A1=  0.122 MEV   A2=  0.122 MEV   A3=121.91923 MEV


 DELTA=0.885 MEV  LAMBDA=53.4340 MEV   HW0= 7.4361 MEV   LAMBDA/HW0= 7.1858

 E2ENERGY=0.730 MEV  HBAR**2/B= 5422./A**(7/3)= 916.6/A**2 MEV

 IREC=0  =>  RECOIL TERMS j+j-, j+j+, jzjz, ETC TREATED AS ONE-BODY OPERATORS WITH UU+VV PAIRING FACTORS



 S. P. LEVEL   EQP       U     V        (UU + VV)**1.00

     25       4.339    0.102 0.995      1.000 1.000 1.000 0.999 0.997 0.994 0.992 0.829 0.729 0.485 0.357 0.327 0.285 0.247 0.217
     26       3.839    0.116 0.993      1.000 1.000 1.000 0.999 0.998 0.996 0.994 0.837 0.738 0.497 0.370 0.339 0.298 0.260 0.230
     27       3.827    0.116 0.993      1.000 1.000 1.000 0.999 0.998 0.996 0.994 0.837 0.739 0.497 0.370 0.340 0.298 0.260 0.230
     28       2.997    0.149 0.989      0.999 0.999 0.999 1.000 0.999 0.998 0.997 0.855 0.761 0.526 0.401 0.371 0.330 0.292 0.262
     29       2.458    0.183 0.983      0.997 0.998 0.998 0.999 1.000 1.000 0.999 0.872 0.782 0.555 0.432 0.402 0.362 0.325 0.295
     30       2.191    0.206 0.978      0.994 0.996 0.996 0.998 1.000 1.000 1.000 0.883 0.797 0.574 0.453 0.424 0.384 0.347 0.318
     31       2.032    0.223 0.975      0.992 0.994 0.994 0.997 0.999 1.000 1.000 0.891 0.807 0.588 0.469 0.440 0.400 0.363 0.334
     32       0.899    0.641 0.768      0.829 0.837 0.837 0.855 0.872 0.883 0.891 1.000 0.987 0.891 0.818 0.799 0.772 0.746 0.725
     33       0.894    0.755 0.655      0.729 0.738 0.739 0.761 0.782 0.797 0.807 0.987 1.000 0.952 0.900 0.885 0.864 0.843 0.826
     34       1.225    0.920 0.393      0.485 0.497 0.497 0.526 0.555 0.574 0.588 0.891 0.952 1.000 0.990 0.985 0.976 0.967 0.959
     35       1.766    0.966 0.259      0.357 0.370 0.370 0.401 0.432 0.453 0.469 0.818 0.900 0.990 1.000 0.999 0.997 0.993 0.989
     36       1.992    0.974 0.228      0.327 0.339 0.340 0.371 0.402 0.424 0.440 0.799 0.885 0.985 0.999 1.000 0.999 0.997 0.993
     37       2.431    0.983 0.185      0.285 0.298 0.298 0.330 0.362 0.384 0.400 0.772 0.864 0.976 0.997 0.999 1.000 0.999 0.998
     38       3.062    0.989 0.146      0.247 0.260 0.260 0.292 0.325 0.347 0.363 0.746 0.843 0.967 0.993 0.997 0.999 1.000 1.000
     39       3.862    0.993 0.115      0.217 0.230 0.230 0.262 0.295 0.318 0.334 0.725 0.826 0.959 0.989 0.993 0.998 1.000 1.000

  R CORE   ENERGY   A0R/A00=1.000    R3= 0     2  
   2( 1)    0.732                    1.000 0.000
   2( 2)  487.921                    0.000 1.000

  R CORE   ENERGY   A0R/A00=1.000    R3= 0     2  
   3( 1)  488.652                    0.000 1.000

  R CORE   ENERGY   A0R/A00=1.000    R3= 0     2     4  
   4( 1)    2.438                    1.000 0.000 0.000

  R CORE   ENERGY   A0R/A00=1.000    R3= 0     2     4  
   5( 1)  490.847                    0.000 1.000 0.000

  R CORE   ENERGY   A0R/A00=1.000    R3= 0     2     4     6  
   6( 1)    5.121                    1.000 0.000 0.000 0.000

  R CORE   ENERGY   A0R/A00=1.000    R3= 0     2     4     6  
   7( 1)  494.017                    0.000 1.000 0.000 0.000

          AXIAL SYMMETRY => K RESTRICTED TO OMEGA

                     K
     S.P. ORB#: 25  2.50
     S.P. ORB#: 26 -3.50
     S.P. ORB#: 27  0.50
     S.P. ORB#: 28 -3.50
     S.P. ORB#: 29  4.50
     S.P. ORB#: 30  0.50
     S.P. ORB#: 31 -1.50
     S.P. ORB#: 32 -1.50
     S.P. ORB#: 33  2.50
     S.P. ORB#: 34  0.50
     S.P. ORB#: 35  0.50
     S.P. ORB#: 36 -1.50
     S.P. ORB#: 37  2.50
     S.P. ORB#: 38 -3.50
     S.P. ORB#: 39  4.50
 

             ENERGY    K= OMEGA
 
 I=  1/2- (1)  1.458  27:-0.063
                      34:-0.998
 
 I=  1/2- (2)  3.191  30: 1.000
 
 I=  1/2- (3)  4.923  27: 0.998
                      34:-0.063
 
 I=  1/2- (4)  9.888  35: 1.000
 
 I=  1/2- (5)147.202  32:-1.000

             ENERGY    K= OMEGA
 
 I=  3/2- (1)  1.363  27: 0.052
                      30: 0.196
                      31: 0.116
                      32: 0.968
                      34:-0.091
 
 I=  3/2- (2)  2.121  30: 0.136
                      31: 0.109
                      32:-0.133
                      34:-0.976
 
 I=  3/2- (3)  3.039  27: 0.106
                      30:-0.275
                      31: 0.951
                      32:-0.057
                      34: 0.074
 
 I=  3/2- (4)  3.392  27:-0.395
                      30:-0.862
                      31:-0.181
                      32: 0.202
                      34:-0.165
 
 I=  3/2- (5)  6.027  27: 0.911
                      30:-0.352
                      31:-0.195
                      34:-0.084

             ENERGY    K= OMEGA
 
 I=  5/2- (1)  1.360  27: 0.051
                      30:-0.132
                      31:-0.188
                      32: 0.387
                      33: 0.888
                      34:-0.076
 
 I=  5/2- (2)  1.967  30:-0.237
                      31: 0.164
                      32: 0.877
                      33:-0.380
 
 I=  5/2- (3)  2.142  30:-0.124
                      31:-0.164
                      33:-0.127
                      34:-0.970
 
 I=  5/2- (4)  3.255  27: 0.398
                      30:-0.461
                      31:-0.735
                      32:-0.081
                      33:-0.194
                      34: 0.210
 
 I=  5/2- (5)  4.544  27:-0.065
                      30: 0.792
                      31:-0.534
                      32: 0.266
                      33:-0.108

             ENERGY    K= OMEGA
 
 I=  7/2- (1)  1.987  30: 0.175
                      31:-0.225
                      32: 0.478
                      33:-0.829
 
 I=  7/2- (2)  2.602  25:-0.063
                      27:-0.179
                      28: 0.052
                      30:-0.359
                      31:-0.291
                      32:-0.727
                      33:-0.417
                      34: 0.211
 
 I=  7/2- (3)  3.701  25: 0.210
                      26: 0.096
                      27:-0.063
                      28:-0.741
                      30:-0.113
                      31:-0.149
                      32: 0.162
                      33: 0.103
                      34: 0.567
 
 I=  7/2- (4)  3.771  25: 0.136
                      26: 0.066
                      28:-0.607
                      30: 0.078
                      31: 0.116
                      32:-0.259
                      33:-0.165
                      34:-0.702
 
 I=  7/2- (5)  4.193  35: 0.718
                      36: 0.575
                      37: 0.360
                      38: 0.156

             ENERGY    K= OMEGA
 
 I=  9/2- (1)  2.635  26: 0.072
                      27:-0.177
                      29:-0.087
                      30: 0.303
                      31: 0.361
                      32:-0.464
                      33:-0.692
                      34: 0.192
 
 I=  9/2- (2)  3.189  25: 0.088
                      26: 0.259
                      28: 0.207
                      29:-0.932
                      31:-0.056
                      33: 0.053
                      34:-0.053
 
 I=  9/2- (3)  3.770  27:-0.068
                      29:-0.053
                      31: 0.266
                      32: 0.430
                      33: 0.125
                      34: 0.846
 
 I=  9/2- (4)  3.798  25:-0.102
                      28:-0.132
                      30:-0.345
                      31: 0.165
                      32: 0.638
                      33:-0.581
                      34:-0.280
 
 I=  9/2- (5)  4.643  25:-0.321
                      26: 0.136
                      28:-0.900
                      29:-0.194
                      30: 0.075
                      31:-0.057
                      32:-0.120
                      33: 0.082

             ENERGY    K= OMEGA
 
 I= 11/2- (1)  2.916  35:-0.652
                      36:-0.564
                      37:-0.418
                      38:-0.260
                      39:-0.120
 
 I= 11/2- (2)  3.826  25: 0.093
                      26:-0.174
                      28:-0.099
                      29:-0.301
                      30: 0.245
                      31:-0.273
                      32: 0.505
                      33:-0.686
 
 I= 11/2- (3)  4.164  25: 0.121
                      26:-0.300
                      28:-0.265
                      29:-0.831
                      30:-0.111
                      31: 0.117
                      32:-0.201
                      33: 0.261
 
 I= 11/2- (4)  4.566  25:-0.088
                      27:-0.292
                      28: 0.094
                      30:-0.428
                      31:-0.397
                      32:-0.562
                      33:-0.420
                      34: 0.251
 
 I= 11/2- (5)  5.747  25: 0.376
                      26: 0.171
                      27:-0.090
                      28:-0.840
                      29: 0.265
                      30:-0.102
                      31:-0.107
                      34: 0.147

             ENERGY    K= OMEGA
 
 I= 13/2- (1)  4.499  35:-0.181
                      36: 0.474
                      37:-0.599
                      38: 0.533
                      39:-0.316
 
 I= 13/2- (2)  4.621  25:-0.071
                      26:-0.110
                      27: 0.282
                      28:-0.059
                      29: 0.140
                      30:-0.394
                      31:-0.439
                      32: 0.426
                      33: 0.546
                      34:-0.230
 
 I= 13/2- (3)  5.291  25: 0.184
                      26: 0.376
                      27: 0.084
                      28: 0.324
                      29:-0.821
                      30:-0.104
                      31:-0.118
                      33: 0.057
                      34:-0.092
 
 I= 13/2- (4)  6.405  25: 0.052
                      27: 0.106
                      29: 0.110
                      30:-0.074
                      31:-0.218
                      32:-0.422
                      33:-0.315
                      34:-0.802
 
 I= 13/2- (5)  6.512  25:-0.193
                      26: 0.104
                      28:-0.277
                      29:-0.087
                      30:-0.345
                      31: 0.245
                      32: 0.576
                      33:-0.582
                      34:-0.137

             ENERGY     K= 9/2
  35 LEVELS    TIME=  0.0 SEC



 ******************* EXCITATION ENERGIES, DOMINANT CONFIGURATION AND EXPECTATION VALUES (WITH S.P. UU+VV FACTORS) *******************

  NR  Eex(keV)  I   Kdom  NY    <Jz>  <Jx**2> <Jy**2> <Jz**2> <I.j>/|I|  <Rx**2> <Ry**2> <Rz**2> <R.j>/|R|  <HROTx> <HROTy> <HROTz>

   1    0.0   5/2-   5/2  33    1.71    1.83    1.83    5.35    2.46       1.61    1.61   -0.00   -0.97      0.196   0.196  -0.000
   2    3.3   3/2-  -3/2  32   -1.40    1.50    1.50    2.15    1.48       1.59    1.59    0.00   -1.29      0.194   0.194   0.000
   3   98.1   1/2-   1/2  34    0.50    1.14    1.14    0.25    0.84       0.91    0.91    0.00   -1.34      0.112   0.112   0.000
   4  606.5   5/2-  -3/2  32   -0.80    1.52    1.52    2.72    1.13       3.93    3.93    0.00   -0.87      0.479   0.479   0.000
   5  626.9   7/2-   5/2  33    1.31    1.94    1.94    4.96    2.08       4.05    4.05   -0.00   -0.21      0.494   0.494  -0.000
  
   6  761.4   3/2-   1/2  34    0.44    1.24    1.24    0.31   -0.17       3.59    3.59    0.00   -1.16      0.437   0.437   0.000
   7  782.1   5/2-   1/2  34    0.48    1.43    1.43    0.40    0.80       3.64    3.64   -0.00   -0.33      0.443   0.443  -0.000
   8 1241.6   7/2-  -3/2  32   -0.38    1.67    1.67    2.58    1.37       5.38    5.38    0.00   -0.14      0.656   0.656   0.000
   9 1274.9   9/2-   5/2  33    0.78    2.70    2.70    4.04    2.34       5.48    5.48   -0.00    0.66      0.668   0.668  -0.000
  10 1555.6  11/2-   1/2  35    0.00   28.31   28.31    3.03    7.40       3.46    3.46    0.00   -5.86      0.422   0.422   0.000
  
  11 1678.8   3/2-  -3/2  31   -1.31    3.88    3.88    2.06    1.42       4.03    4.03   -0.00   -2.49      0.492   0.492  -0.000
  12 1829.3   9/2-   9/2  29    3.55    2.71    2.71   19.01    4.44       2.51    2.51    0.00   -1.05      0.306   0.306   0.000
  13 1830.8   1/2-   1/2  30    0.50    3.96    3.96    0.25    0.42       4.09    4.09    0.00   -2.73      0.499   0.499   0.000
  14 1895.1   5/2-  -3/2  31   -0.52    3.77    3.77    1.57    1.64       4.06    4.06   -0.00   -1.49      0.495   0.495  -0.000
  15 2032.2   3/2-   1/2  30    0.35    3.19    3.19    0.40    0.54       4.22    4.22    0.00   -1.97      0.515   0.515   0.000
  
  16 2340.8   7/2-  -7/2  28   -1.72    2.09    2.09    7.38    2.09       5.38    5.38   -0.00   -1.00      0.656   0.656  -0.000
  17 2410.0   9/2-   1/2  34    0.03    1.46    1.46    0.94    0.79      10.37   10.37    0.00    0.02      1.264   1.264   0.000
  18 2410.5   7/2-   1/2  34   -1.06    1.81    1.81    5.17    1.20       7.52    7.52    0.00   -1.04      0.917   0.917   0.000
  19 2438.1   9/2-  -3/2  32    0.25    1.83    1.83    3.44    1.05      10.70   10.70    0.00   -0.41      1.304   1.304   0.000
  20 2466.1  11/2-   5/2  33    1.00    2.42    2.42    6.08    2.20      10.20   10.20   -0.00    0.49      1.244   1.244  -0.000
  
  21 2804.0  11/2-   9/2  29    2.68    2.87    2.87   16.59    3.69       6.95    6.95    0.00   -0.06      0.847   0.847   0.000
  22 2832.7   7/2-   1/2  35   -0.00   28.69   28.69    1.98    7.16       9.16    9.16    0.00   -7.24      1.117   1.117   0.000
  23 3138.8  13/2-   5/2  37    0.03   26.36   26.36    8.26    6.76       7.65    7.65    0.00   -3.52      0.933   0.933   0.000
  24 3184.0   5/2-   1/2  30   -0.18    4.02    4.02    1.04   -0.45      10.23   10.23   -0.00   -2.30      1.247   1.247  -0.000
  25 3205.9  11/2-  -3/2  32   -0.12    2.01    2.01    2.44    1.52      12.02   12.02    0.00    0.54      1.466   1.466   0.000
  
  26 3260.7  13/2-   5/2  33    0.37    3.43    3.43    3.39    2.48      12.16   12.16    0.00    1.44      1.482   1.482   0.000
  27 3282.5   9/2-  -7/2  28   -2.48    2.52    2.52   11.65    2.88       6.41    6.41    0.00   -0.67      0.782   0.782   0.000
  28 3563.0   1/2-   1/2  27    0.50    4.62    4.62    0.25    0.67       4.55    4.55   -0.00   -2.96      0.554   0.554  -0.000
  29 3931.0  13/2-   9/2  29    2.25    3.35    3.35   16.94    3.70      10.39   10.39    0.00    0.47      1.267   1.267   0.000
  30 4387.0  11/2-  -7/2  28   -1.90    2.66    2.66   11.36    2.58      10.78   10.78    0.00   -0.27      1.314   1.314   0.000
  
  31 4666.7   3/2-   1/2  27    0.42    5.27    5.27    0.33   -1.51      10.22   10.22   -0.00   -3.05      1.247   1.247  -0.000
  32 5045.1  13/2-   1/2  34    0.30    1.59    1.59    1.55    0.79      21.22   21.22   -0.00    0.12      2.587   2.587  -0.000
  33 5151.7  13/2-   5/2  33    0.15    1.93    1.93    4.49    1.12      20.72   20.72   -0.00   -0.08      2.527   2.527  -0.000
  34 8527.9   1/2-   1/2  35    0.50   29.24   29.24    0.25   -4.12      33.31   33.31    0.00   -7.63      4.061   4.061   0.000
  35*******   1/2-  -3/2  32    0.00    0.00    0.00    0.00   -0.00       0.00    0.00    0.00   -0.00      0.000   0.000   0.000
  
