1SPECTRUM OF (Z= 82 A=207) IN PARTICLE-ROTOR  MODEL WITH MODIFIED OSCILLATOR POTENTIAL


 PARITY=-   EPS= 0.378   GAMMA=  0.0   EPS4=0.000   EPS6=0.000   LEVELS:  26  27  28  29  30  31  32  33  34  35  36  37  38  39  40

 PAIRING FACTORS: GN0= 19.20  GN1=  7.40  IPAIR= 15 ***  E2PLUS(INPUT)=   0.730  E2PLUR(INPUT)=   0.000

 CORIOLIS ATTENUATION PARAMETERS:  CHSI=1.000  ETA=  1.00

 MOMENT OF INERTIA PARAMETERS:   A1=  0.122 MEV   A2=  0.122 MEV   A3=121.91924 MEV


 DELTA=0.865 MEV  LAMBDA=53.4466 MEV   HW0= 7.5430 MEV   LAMBDA/HW0= 7.0856

 E2ENERGY=0.730 MEV  HBAR**2/B=26493./A**(7/3)=4478.7/A**2 MEV

 IREC=0  =>  RECOIL TERMS j+j-, j+j+, jzjz, ETC TREATED AS ONE-BODY OPERATORS WITH UU+VV PAIRING FACTORS



 S. P. LEVEL   EQP       U     V        (UU + VV)**1.00

     26       2.875    0.152 0.988      1.000 1.000 0.999 0.995 0.956 0.930 0.813 0.678 0.499 0.419 0.363 0.289 0.278 0.271 0.265
     27       2.723    0.161 0.987      1.000 1.000 1.000 0.996 0.959 0.934 0.818 0.685 0.507 0.427 0.371 0.298 0.286 0.279 0.273
     28       2.315    0.190 0.982      0.999 1.000 1.000 0.998 0.967 0.944 0.835 0.706 0.532 0.454 0.399 0.326 0.315 0.308 0.302
     29       1.771    0.252 0.968      0.995 0.996 0.998 1.000 0.981 0.963 0.868 0.750 0.585 0.510 0.456 0.386 0.374 0.368 0.362
     30       1.104    0.435 0.901      0.956 0.959 0.967 0.981 1.000 0.997 0.948 0.864 0.731 0.666 0.620 0.557 0.547 0.541 0.535
     31       0.994    0.504 0.864      0.930 0.934 0.944 0.963 0.997 1.000 0.970 0.900 0.782 0.723 0.679 0.620 0.610 0.605 0.600
     32       0.865    0.699 0.715      0.813 0.818 0.835 0.868 0.948 0.970 1.000 0.979 0.910 0.869 0.838 0.793 0.785 0.781 0.777
     33       0.933    0.830 0.558      0.678 0.685 0.706 0.750 0.864 0.900 0.979 1.000 0.975 0.951 0.931 0.900 0.894 0.891 0.888
     34       1.282    0.932 0.362      0.499 0.507 0.532 0.585 0.731 0.782 0.910 0.975 1.000 0.996 0.989 0.974 0.971 0.969 0.968
     35       1.629    0.961 0.276      0.419 0.427 0.454 0.510 0.666 0.723 0.869 0.951 0.996 1.000 0.998 0.990 0.989 0.988 0.986
     36       2.040    0.976 0.217      0.363 0.371 0.399 0.456 0.620 0.679 0.838 0.931 0.989 0.998 1.000 0.997 0.996 0.995 0.995
     37       3.112    0.990 0.140      0.289 0.298 0.326 0.386 0.557 0.620 0.793 0.900 0.974 0.990 0.997 1.000 1.000 1.000 1.000
     38       3.399    0.992 0.128      0.278 0.286 0.315 0.374 0.547 0.610 0.785 0.894 0.971 0.989 0.996 1.000 1.000 1.000 1.000
     39       3.591    0.993 0.121      0.271 0.279 0.308 0.368 0.541 0.605 0.781 0.891 0.969 0.988 0.995 1.000 1.000 1.000 1.000
     40       3.790    0.993 0.115      0.265 0.273 0.302 0.362 0.535 0.600 0.777 0.888 0.968 0.986 0.995 1.000 1.000 1.000 1.000

  R CORE   ENERGY   A0R/A00=1.000    R3= 0     2  
   2( 1)    0.732                    1.000 0.000
   2( 2)  487.921                    0.000 1.000

  R CORE   ENERGY   A0R/A00=1.000    R3= 0     2  
   3( 1)  488.652                    0.000 1.000

  R CORE   ENERGY   A0R/A00=1.000    R3= 0     2     4  
   4( 1)    2.438                    1.000 0.000 0.000

  R CORE   ENERGY   A0R/A00=1.000    R3= 0     2     4  
   5( 1)  490.847                    0.000 1.000 0.000

  R CORE   ENERGY   A0R/A00=1.000    R3= 0     2     4     6  
   6( 1)    5.121                    1.000 0.000 0.000 0.000

  R CORE   ENERGY   A0R/A00=1.000    R3= 0     2     4     6  
   7( 1)  494.017                    0.000 1.000 0.000 0.000

          AXIAL SYMMETRY => K RESTRICTED TO OMEGA

                     K
     S.P. ORB#: 26  2.50
     S.P. ORB#: 27  0.50
     S.P. ORB#: 28 -3.50
     S.P. ORB#: 29 -1.50
     S.P. ORB#: 30  0.50
     S.P. ORB#: 31 -1.50
     S.P. ORB#: 32  2.50
     S.P. ORB#: 33 -3.50
     S.P. ORB#: 34  4.50
     S.P. ORB#: 35  0.50
     S.P. ORB#: 36 -3.50
     S.P. ORB#: 37 -1.50
     S.P. ORB#: 38  2.50
     S.P. ORB#: 39  0.50
     S.P. ORB#: 40 -1.50
 

             ENERGY    K= OMEGA
 
 I=  1/2- (1)  2.398  30: 1.000
 
 I=  1/2- (2)  4.596  27:-0.195
                      35: 0.908
                      39:-0.370
 
 I=  1/2- (3)  7.443  27:-0.394
                      35: 0.273
                      39: 0.878
 
 I=  1/2- (4)  9.270  27: 0.898
                      35: 0.316
                      39: 0.304
 
 I=  1/2- (5)147.297  31:-1.000

             ENERGY    K= OMEGA
 
 I=  3/2- (1)  2.292  30:-0.446
                      31: 0.895
 
 I=  3/2- (2)  2.656  30: 0.864
                      31: 0.437
                      37: 0.249
 
 I=  3/2- (3)  3.809  30: 0.233
                      31: 0.090
                      37:-0.968
 
 I=  3/2- (4)  4.261  27: 0.305
                      29: 0.103
                      35:-0.905
                      39:-0.106
                      40: 0.255
 
 I=  3/2- (5)  6.011  27: 0.714
                      29: 0.618
                      35: 0.325

             ENERGY    K= OMEGA
 
 I=  5/2- (1)  2.748  30: 0.397
                      31: 0.876
                      37:-0.087
                      38:-0.258
 
 I=  5/2- (2)  3.377  26: 0.057
                      30:-0.829
                      31: 0.385
                      37: 0.392
                      38:-0.093
 
 I=  5/2- (3)  4.123  26:-0.121
                      30:-0.220
                      31:-0.186
                      37:-0.462
                      38:-0.830
 
 I=  5/2- (4)  4.612  26: 0.688
                      30: 0.240
                      31:-0.206
                      37: 0.513
                      38:-0.404
 
 I=  5/2- (5)  4.628  27:-0.149
                      29: 0.087
                      35: 0.784
                      39:-0.510
                      40: 0.309

             ENERGY    K= OMEGA
 
 I=  7/2- (1)  1.798  26:-0.161
                      33: 0.985
 
 I=  7/2- (2)  3.324  30: 0.557
                      31:-0.747
                      37: 0.188
                      38:-0.306
 
 I=  7/2- (3)  3.974  27: 0.640
                      29: 0.584
                      32: 0.452
                      35:-0.057
                      36: 0.200
 
 I=  7/2- (4)  4.021  26:-0.074
                      30: 0.727
                      31: 0.539
                      37: 0.358
                      38: 0.217
 
 I=  7/2- (5)  4.200  26: 0.196
                      28: 0.972
                      38: 0.106

             ENERGY    K= OMEGA
 
 I=  9/2- (1)  2.207  26: 0.087
                      28:-0.163
                      33: 0.343
                      34: 0.921
 
 I=  9/2- (2)  2.848  26:-0.217
                      28:-0.098
                      33:-0.907
                      34: 0.341
                      38: 0.050
 
 I=  9/2- (3)  4.280  30:-0.439
                      31:-0.779
                      33: 0.058
                      37: 0.206
                      38: 0.391
 
 I=  9/2- (4)  4.693  27:-0.193
                      29: 0.536
                      32:-0.691
                      35:-0.095
                      36: 0.424
                      40:-0.087
 
 I=  9/2- (5)  5.249  26: 0.152
                      28:-0.199
                      30:-0.680
                      31: 0.450
                      33:-0.055
                      37: 0.500
                      38:-0.136

             ENERGY    K= OMEGA
 
 I= 11/2- (1)  3.342  26: 0.138
                      28: 0.222
                      33:-0.435
                      34: 0.862
 
 I= 11/2- (2)  3.343  27: 0.603
                      29: 0.576
                      32: 0.463
                      35: 0.168
                      36: 0.231
                      40:-0.088
 
 I= 11/2- (3)  4.124  26:-0.253
                      28: 0.146
                      31: 0.063
                      33: 0.847
                      34: 0.433
                      38: 0.071
 
 I= 11/2- (4)  5.105  27: 0.257
                      29: 0.089
                      35:-0.823
                      39:-0.264
                      40: 0.422
 
 I= 11/2- (5)  5.276  30:-0.571
                      31: 0.674
                      33:-0.075
                      37:-0.273
                      38: 0.372

             ENERGY    K= OMEGA
 
 I= 13/2- (1)  4.704  26: 0.181
                      28:-0.261
                      33: 0.485
                      34: 0.814
 
 I= 13/2- (2)  5.176  27: 0.201
                      29:-0.543
                      32: 0.679
                      35: 0.092
                      36:-0.428
                      40: 0.105
 
 I= 13/2- (3)  5.630  26:-0.279
                      28:-0.187
                      31:-0.089
                      33:-0.799
                      34: 0.482
                      38: 0.093
 
 I= 13/2- (4)  6.754  30:-0.449
                      31:-0.716
                      33: 0.106
                      34:-0.056
                      37: 0.276
                      38: 0.440
 
 I= 13/2- (5)  7.062  27:-0.126
                      29: 0.111
                      35: 0.692
                      39:-0.581
                      40: 0.392

             ENERGY     K=-3/2
  35 LEVELS    TIME=  0.0 SEC



 ******************* EXCITATION ENERGIES, DOMINANT CONFIGURATION AND EXPECTATION VALUES (WITH S.P. UU+VV FACTORS) *******************

  NR  Eex(keV)  I   Kdom  NY    <Jz>  <Jx**2> <Jy**2> <Jz**2> <I.j>/|I|  <Rx**2> <Ry**2> <Rz**2> <R.j>/|R|  <HROTx> <HROTy> <HROTz>

   1    0.0   7/2-  -7/2  33   -3.34    2.31    2.31   12.08    3.25       3.32    3.32    0.00   -1.47      0.405   0.405   0.000
   2  409.3   9/2-   9/2  34    3.33    2.50    2.50   18.99    4.14       3.80    3.80    0.00   -1.24      0.463   0.463   0.000
   3  494.2   3/2-  -3/2  31   -1.10    4.92    4.92    1.85    1.29       5.23    5.23    0.00   -2.85      0.638   0.638   0.000
   4  600.2   1/2-   1/2  30    0.50    4.90    4.90    0.25    0.10       5.31    5.31   -0.00   -3.05      0.647   0.647  -0.000
   5  858.4   3/2-   1/2  30   -0.01    4.62    4.62    0.76    0.48       5.94    5.94   -0.00   -2.63      0.724   0.724  -0.000
  
   6  949.6   5/2-  -3/2  31   -0.91    4.74    4.74    2.21    1.29       6.39    6.39    0.00   -2.20      0.779   0.779   0.000
   7 1049.6   9/2-  -7/2  33   -2.27    2.37    2.37   12.87    2.80       7.23    7.23    0.00   -0.96      0.881   0.881   0.000
   8 1525.9   7/2-  -3/2  31   -0.50    4.61    4.61    2.02    1.34       8.18    8.18    0.00   -1.47      0.997   0.997   0.000
   9 1543.6  11/2-   9/2  34    2.55    2.67    2.67   18.07    3.55       8.38    8.38    0.00   -0.54      1.022   1.022   0.000
  10 1544.9  11/2-   1/2  27    0.04   23.86   23.86    2.85    6.26       5.70    5.70    0.00   -3.88      0.695   0.695   0.000
  
  11 1578.7   5/2-   1/2  30   -0.08    4.29    4.29    0.92    0.37       8.02    8.02    0.00   -2.10      0.978   0.978   0.000
  12 2010.9   3/2-  -3/2  37   -1.39    2.07    2.07    2.14    0.85       3.38    3.38   -0.00   -1.79      0.412   0.412  -0.000
  13 2176.5   7/2-   1/2  27    0.06   22.52   22.52    2.64    5.94       8.14    8.14    0.00   -5.97      0.992   0.992   0.000
  14 2223.5   7/2-   1/2  30   -0.24    4.22    4.22    1.41    0.57      10.56   10.56    0.00   -1.66      1.287   1.287   0.000
  15 2325.5   5/2-   5/2  38    1.41    2.07    2.07    4.97    1.65       4.05    4.05    0.00   -1.49      0.494   0.494   0.000
  
  16 2326.0  11/2-  -7/2  33   -1.58    2.46    2.46   13.29    2.48      12.13   12.13    0.00   -0.68      1.479   1.479   0.000
  17 2402.2   7/2-  -7/2  28   -3.19    6.16    6.16   11.89    3.12       7.61    7.61    0.00   -3.03      0.927   0.927   0.000
  18 2463.2   3/2-   1/2  35    0.35   12.80   12.80    0.40    2.67       9.70    9.70    0.00   -4.73      1.183   1.183   0.000
  19 2482.3   9/2-  -3/2  31   -0.51    4.42    4.42    2.53    1.32      11.51   11.51    0.00   -1.00      1.403   1.403   0.000
  20 2798.0   1/2-   1/2  35    0.50   11.21   11.21    0.25    0.94      10.90   10.90    0.00   -4.68      1.328   1.328   0.000
  
  21 2814.2   5/2-   5/2  26    1.16    4.22    4.22    4.68    1.24       7.26    7.26    0.00   -2.48      0.885   0.885   0.000
  22 2830.5   5/2-   1/2  35    0.29   11.65   11.65    0.46    2.37       9.26    9.26    0.00   -3.89      1.128   1.128   0.000
  23 2895.0   9/2-   5/2  32    0.15   24.06   24.06    5.86    5.23      13.35   13.35    0.00   -5.41      1.627   1.627   0.000
  24 2906.3  13/2-   9/2  34    2.00    2.83    2.83   17.35    3.15      13.87   13.87    0.00   -0.19      1.691   1.691   0.000
  25 3306.7  11/2-   1/2  35    0.13   13.97   13.97    0.63    3.40      11.82   11.82    0.00   -1.69      1.441   1.441   0.000
  
  26 3378.0  13/2-   5/2  32    0.08   24.10   24.10    5.83    5.18      15.23   15.23    0.00   -3.24      1.856   1.856   0.000
  27 3451.4   9/2-   1/2  30   -0.49    3.96    3.96    1.94    0.56      14.50   14.50    0.00   -1.31      1.768   1.768   0.000
  28 3478.6  11/2-  -3/2  31   -0.30    4.38    4.38    2.24    1.33      15.40   15.40    0.00   -0.54      1.878   1.878   0.000
  29 3831.9  13/2-  -7/2  33   -1.11    2.55    2.55   13.51    2.24      18.02   18.02    0.00   -0.49      2.197   2.197   0.000
  30 4213.0   3/2-   1/2  27   -0.27   23.11   23.11    1.02    5.19      15.44   15.44    0.00   -6.69      1.883   1.883   0.000
  
  31 4956.4  13/2-  -3/2  31   -0.33    4.19    4.19    2.80    1.29      20.95   20.95    0.00   -0.34      2.554   2.554   0.000
  32 5264.4  13/2-   1/2  35    0.17   12.09   12.09    0.60    2.67      18.13   18.13    0.00   -1.02      2.210   2.210   0.000
  33 5645.1   1/2-   1/2  39    0.50   15.93   15.93    0.25   -0.59      16.95   16.95    0.00   -5.61      2.066   2.066   0.000
  34 7472.5   1/2-   1/2  27    0.50   23.52   23.52    0.25   -3.41      26.97   26.97    0.00   -6.84      3.288   3.288   0.000
  35*******   1/2-  -3/2  31    0.00    0.00    0.00    0.00    0.00       0.00    0.00   -0.00   -0.00      0.000   0.000  -0.000
  
