1SPECTRUM OF (Z= 82 A=207) IN PARTICLE-ROTOR  MODEL WITH MODIFIED OSCILLATOR POTENTIAL


 PARITY=-   EPS= 0.347   GAMMA=  0.0   EPS4=0.000   EPS6=0.000   LEVELS:  24  25  26  27  28  29  30  31  32  33  34  35  36  37  38

 PAIRING FACTORS: GN0= 19.20  GN1=  7.40  IPAIR= 15 ***  E2PLUS(INPUT)=   0.730  E2PLUR(INPUT)=   0.000

 CORIOLIS ATTENUATION PARAMETERS:  CHSI=1.000  ETA=  1.00

 MOMENT OF INERTIA PARAMETERS:   A1=  0.122 MEV   A2=  0.122 MEV   A3=121.91923 MEV


 DELTA=0.900 MEV  LAMBDA=53.3674 MEV   HW0= 7.5209 MEV   LAMBDA/HW0= 7.0959

 E2ENERGY=0.730 MEV  HBAR**2/B=22326./A**(7/3)=3774.2/A**2 MEV

 IREC=0  =>  RECOIL TERMS j+j-, j+j+, jzjz, ETC TREATED AS ONE-BODY OPERATORS WITH UU+VV PAIRING FACTORS



 S. P. LEVEL   EQP       U     V        (UU + VV)**1.00

     24       4.496    0.101 0.995      1.000 1.000 0.999 0.997 0.992 0.961 0.955 0.935 0.810 0.626 0.595 0.301 0.299 0.268 0.252
     25       4.222    0.107 0.994      1.000 1.000 0.999 0.997 0.992 0.962 0.957 0.937 0.814 0.632 0.600 0.308 0.305 0.274 0.258
     26       3.079    0.148 0.989      0.999 0.999 1.000 0.999 0.997 0.973 0.968 0.951 0.837 0.663 0.633 0.346 0.344 0.313 0.297
     27       2.520    0.182 0.983      0.997 0.997 0.999 1.000 0.999 0.980 0.976 0.961 0.855 0.688 0.659 0.378 0.376 0.346 0.330
     28       2.025    0.228 0.974      0.992 0.992 0.997 0.999 1.000 0.988 0.985 0.973 0.879 0.722 0.694 0.422 0.420 0.390 0.375
     29       1.301    0.373 0.928      0.961 0.962 0.973 0.980 0.988 1.000 1.000 0.997 0.941 0.818 0.795 0.554 0.552 0.525 0.511
     30       1.253    0.390 0.921      0.955 0.957 0.968 0.976 0.985 1.000 1.000 0.998 0.947 0.829 0.806 0.570 0.568 0.541 0.527
     31       1.125    0.448 0.894      0.935 0.937 0.951 0.961 0.973 0.997 0.998 1.000 0.966 0.862 0.842 0.621 0.618 0.593 0.579
     32       0.906    0.665 0.747      0.810 0.814 0.837 0.855 0.879 0.941 0.947 0.966 1.000 0.964 0.953 0.803 0.802 0.782 0.771
     33       0.985    0.839 0.545      0.626 0.632 0.663 0.688 0.722 0.818 0.829 0.862 0.964 1.000 0.999 0.932 0.931 0.919 0.912
     34       1.025    0.859 0.511      0.595 0.600 0.633 0.659 0.694 0.795 0.806 0.842 0.953 0.999 1.000 0.946 0.945 0.934 0.928
     35       2.254    0.979 0.204      0.301 0.308 0.346 0.378 0.422 0.554 0.570 0.621 0.803 0.932 0.946 1.000 1.000 0.999 0.999
     36       2.282    0.980 0.201      0.299 0.305 0.344 0.376 0.420 0.552 0.568 0.618 0.802 0.931 0.945 1.000 1.000 0.999 0.999
     37       2.695    0.986 0.169      0.268 0.274 0.313 0.346 0.390 0.525 0.541 0.593 0.782 0.919 0.934 0.999 0.999 1.000 1.000
     38       2.976    0.988 0.153      0.252 0.258 0.297 0.330 0.375 0.511 0.527 0.579 0.771 0.912 0.928 0.999 0.999 1.000 1.000

  R CORE   ENERGY   A0R/A00=1.000    R3= 0     2  
   2( 1)    0.732                    1.000 0.000
   2( 2)  487.921                    0.000 1.000

  R CORE   ENERGY   A0R/A00=1.000    R3= 0     2  
   3( 1)  488.652                    0.000 1.000

  R CORE   ENERGY   A0R/A00=1.000    R3= 0     2     4  
   4( 1)    2.438                    1.000 0.000 0.000

  R CORE   ENERGY   A0R/A00=1.000    R3= 0     2     4  
   5( 1)  490.847                    0.000 1.000 0.000

  R CORE   ENERGY   A0R/A00=1.000    R3= 0     2     4     6  
   6( 1)    5.121                    1.000 0.000 0.000 0.000

  R CORE   ENERGY   A0R/A00=1.000    R3= 0     2     4     6  
   7( 1)  494.017                    0.000 1.000 0.000 0.000

          AXIAL SYMMETRY => K RESTRICTED TO OMEGA

                     K
     S.P. ORB#: 24 -5.50
     S.P. ORB#: 25  0.50
     S.P. ORB#: 26  2.50
     S.P. ORB#: 27 -3.50
     S.P. ORB#: 28  0.50
     S.P. ORB#: 29 -1.50
     S.P. ORB#: 30  0.50
     S.P. ORB#: 31 -1.50
     S.P. ORB#: 32 -3.50
     S.P. ORB#: 33  2.50
     S.P. ORB#: 34  4.50
     S.P. ORB#: 35 -3.50
     S.P. ORB#: 36  0.50
     S.P. ORB#: 37 -1.50
     S.P. ORB#: 38  2.50
 

             ENERGY    K= OMEGA
 
 I=  1/2- (1)  2.506  30: 0.999
 
 I=  1/2- (2)  5.654  28: 0.335
                      36:-0.942
 
 I=  1/2- (3)  5.821  25: 0.999
 
 I=  1/2- (4)  8.789  28:-0.942
                      36:-0.335
 
 I=  1/2- (5)147.428  31:-1.000

             ENERGY    K= OMEGA
 
 I=  3/2- (1)  2.380  25: 0.083
                      30:-0.245
                      31: 0.965
 
 I=  3/2- (2)  2.550  25:-0.202
                      30:-0.901
                      31:-0.200
                      37:-0.328

             ENERGY    K= OMEGA
 
 I=  5/2- (1)  2.513  25:-0.263
                      30: 0.459
                      31: 0.797
                      37:-0.119
                      38:-0.265
 
 I=  5/2- (2)  3.364  26:-0.063
                      30: 0.689
                      31:-0.444
                      37:-0.551
                      38: 0.137
 
 I=  5/2- (3)  3.688  25:-0.117
                      30: 0.253
                      31: 0.159
                      37: 0.405
                      38: 0.855
 
 I=  5/2- (4)  4.343  26: 0.094
                      30: 0.457
                      31:-0.312
                      37: 0.710
                      38:-0.423
 
 I=  5/2- (5)  4.870  26: 0.992
                      37:-0.118

             ENERGY    K= OMEGA
 
 I=  7/2- (1)  1.726  26:-0.185
                      32: 0.981
 
 I=  7/2- (2)  3.335  25: 0.139
                      30:-0.262
                      31: 0.841
                      37:-0.142
                      38: 0.427
 
 I=  7/2- (3)  3.503  25:-0.312
                      30:-0.824
                      31:-0.261
                      37:-0.391
 
 I=  7/2- (4)  3.660  28:-0.695
                      29:-0.584
                      33:-0.384
                      35:-0.167
 
 I=  7/2- (5)  4.364  26: 0.209
                      27: 0.903
                      30: 0.135
                      31:-0.152
                      37:-0.149
                      38: 0.277

             ENERGY    K= OMEGA
 
 I=  9/2- (1)  1.932  26:-0.079
                      27: 0.180
                      32:-0.271
                      34:-0.942
 
 I=  9/2- (2)  2.710  26: 0.252
                      27: 0.092
                      32: 0.922
                      34:-0.269
 
 I=  9/2- (3)  3.570  25:-0.375
                      30: 0.496
                      31: 0.703
                      32:-0.063
                      37:-0.179
                      38:-0.288
 
 I=  9/2- (4)  4.653  28:-0.220
                      29: 0.558
                      33:-0.672
                      35: 0.433
 
 I=  9/2- (5)  5.207  26: 0.098
                      30:-0.587
                      31: 0.485
                      32:-0.057
                      37: 0.601
                      38:-0.210

             ENERGY    K= OMEGA
 
 I= 11/2- (1)  3.033  28:-0.668
                      29:-0.580
                      33:-0.411
                      35:-0.213
                      36:-0.059
 
 I= 11/2- (2)  3.038  26:-0.132
                      27:-0.244
                      32: 0.367
                      34:-0.888
 
 I= 11/2- (3)  3.925  26:-0.294
                      27: 0.135
                      31: 0.063
                      32: 0.868
                      34: 0.365
                      38: 0.063
 
 I= 11/2- (4)  5.237  25: 0.249
                      30:-0.081
                      31: 0.828
                      32:-0.086
                      37:-0.121
                      38: 0.470
 
 I= 11/2- (5)  5.358  25:-0.334
                      30:-0.829
                      31:-0.092
                      37:-0.427
                      38: 0.090

             ENERGY    K= OMEGA
 
 I= 13/2- (1)  4.364  26: 0.178
                      27:-0.285
                      32: 0.427
                      34: 0.839
 
 I= 13/2- (2)  5.098  28:-0.217
                      29: 0.550
                      33:-0.669
                      35: 0.450
 
 I= 13/2- (3)  5.342  25: 0.191
                      26:-0.292
                      27:-0.164
                      30:-0.203
                      31:-0.310
                      32:-0.730
                      34: 0.386
                      37: 0.055
                      38: 0.166
 
 I= 13/2- (4)  5.548  25: 0.402
                      26: 0.135
                      27: 0.060
                      30:-0.462
                      31:-0.583
                      32: 0.380
                      34:-0.185
                      37: 0.183
                      38: 0.225
 
 I= 13/2- (5)  7.426  24: 0.999

             ENERGY     K= 5/2
  32 LEVELS    TIME=  0.0 SEC



 ******************* EXCITATION ENERGIES, DOMINANT CONFIGURATION AND EXPECTATION VALUES (WITH S.P. UU+VV FACTORS) *******************

  NR  Eex(keV)  I   Kdom  NY    <Jz>  <Jx**2> <Jy**2> <Jz**2> <I.j>/|I|  <Rx**2> <Ry**2> <Rz**2> <R.j>/|R|  <HROTx> <HROTy> <HROTz>

   1    0.0   7/2-  -7/2  32   -3.29    2.31    2.31   12.04    3.32       3.03    3.03    0.00   -1.42      0.370   0.370   0.000
   2  206.6   9/2-   9/2  34    3.64    2.52    2.52   19.32    4.23       3.51    3.51    0.00   -1.25      0.428   0.428   0.000
   3  654.0   3/2-  -3/2  31   -1.37    4.80    4.80    2.12    1.40       5.02    5.02    0.00   -2.84      0.612   0.612   0.000
   4  779.8   1/2-   1/2  30    0.50    4.84    4.84    0.25    0.26       5.11    5.11   -0.00   -3.03      0.623   0.623  -0.000
   5  787.1   5/2-  -3/2  31   -0.66    4.89    4.89    1.97    2.09       4.08    4.08    0.00   -1.95      0.497   0.497   0.000
  
   6  824.6   3/2-   1/2  30    0.21    4.26    4.26    0.54    1.13       4.21    4.21    0.00   -2.37      0.513   0.513   0.000
   7  983.8   9/2-  -7/2  32   -2.52    2.40    2.40   12.40    2.87       6.71    6.71    0.00   -0.80      0.818   0.818   0.000
   8 1307.4  11/2-   1/2  28   -0.02   23.98   23.98    2.48    6.24       5.81    5.81    0.00   -3.86      0.708   0.708   0.000
   9 1312.2  11/2-   9/2  34    2.91    2.72    2.72   18.46    3.68       7.80    7.80    0.00   -0.48      0.951   0.951   0.000
  10 1609.1   7/2-  -3/2  31   -0.60    4.36    4.36    2.83    1.61       7.26    7.26    0.00   -1.35      0.885   0.885   0.000
  
  11 1638.0   5/2-   1/2  30   -0.46    3.66    3.66    1.39    0.66       6.79    6.79   -0.00   -1.84      0.827   0.827  -0.000
  12 1777.4   7/2-   1/2  30    0.06    4.11    4.11    0.71    1.30       7.16    7.16    0.00   -0.99      0.873   0.873   0.000
  13 1844.6   9/2-  -3/2  31   -0.40    5.03    5.03    1.86    2.22       7.28    7.28    0.00   -0.23      0.888   0.888   0.000
  14 1934.6   7/2-   1/2  28    0.00   23.62   23.62    2.15    6.11       8.32    8.32    0.00   -6.16      1.015   1.015   0.000
  15 1961.8   5/2-   5/2  38    1.59    2.12    2.12    5.03    1.80       3.68    3.68    0.00   -1.45      0.449   0.449   0.000
  
  16 2199.2  11/2-  -7/2  32   -1.88    2.49    2.49   12.73    2.57      11.37   11.37    0.00   -0.49      1.387   1.387   0.000
  17 2617.6   5/2-  -3/2  37   -0.33    2.94    2.94    2.58    0.07       8.40    8.40    0.00   -2.01      1.024   1.024   0.000
  18 2638.2   7/2-  -7/2  27   -2.61    5.68    5.68   10.86    2.89       7.53    7.53    0.00   -2.77      0.918   0.918   0.000
  19 2638.4  13/2-   9/2  34    2.32    2.90    2.90   17.70    3.31      13.00   13.00    0.00   -0.07      1.585   1.585   0.000
  20 2927.2   9/2-   5/2  33    0.03   24.34   24.34    5.83    5.26      13.45   13.45    0.00   -5.46      1.640   1.640   0.000
  
  21 3144.6   5/2-   5/2  26    2.44    5.97    5.97    6.19    2.05       7.37    7.37    0.00   -3.14      0.899   0.899   0.000
  22 3372.3  13/2-   5/2  33   -0.02   24.33   24.33    5.97    5.22      15.22   15.22    0.00   -3.29      1.855   1.855   0.000
  23 3480.8   9/2-  -3/2  37   -0.60    3.35    3.35    1.82    0.57      13.81   13.81    0.00   -1.08      1.684   1.684   0.000
  24 3511.0  11/2-  -3/2  31   -0.49    4.29    4.29    3.10    1.57      14.30   14.30    0.00   -0.42      1.744   1.744   0.000
  25 3615.9  13/2-  -7/2  32   -1.12    3.07    3.07   10.85    2.38      16.27   16.27    0.00   -0.07      1.984   1.984   0.000
  
  26 3632.6  11/2-   1/2  30    0.13    4.05    4.05    0.71    1.33      14.34   14.34    0.00   -0.16      1.749   1.749   0.000
  27 3822.7  13/2-  -3/2  31   -0.57    4.70    4.70    3.88    2.24      15.35   15.35    0.00    0.43      1.872   1.872   0.000
  28 3928.0   1/2-   1/2  36    0.50   12.30   12.30    0.25   -1.32      13.94   13.94   -0.00   -4.92      1.700   1.700  -0.000
  29 4094.9   1/2-   1/2  25    0.50    6.65    6.65    0.25    0.66       6.58    6.58   -0.00   -3.58      0.802   0.802  -0.000
  30 5700.0  13/2- -11/2  24   -5.49    2.76    2.76   30.20    4.32      12.04   12.04    0.00   -1.13      1.468   1.468   0.000
  
  31 7063.7   1/2-   1/2  28    0.50   24.07   24.07    0.25   -3.53      27.62   27.62    0.00   -6.92      3.368   3.368   0.000
  32*******   1/2-  -3/2  31    0.00    0.00    0.00    0.00   -0.00       0.00    0.00   -0.00   -0.00      0.000   0.000  -0.000
