1SPECTRUM OF (Z= 82 A=207) IN PARTICLE-ROTOR  MODEL WITH MODIFIED OSCILLATOR POTENTIAL


 PARITY=-   EPS= 0.235   GAMMA=  0.0   EPS4=0.000   EPS6=0.000   LEVELS:  25  26  27  28  29  30  31  32  33  34  35  36  37  38  39

 PAIRING FACTORS: GN0= 19.20  GN1=  7.40  IPAIR= 15 ***  E2PLUS(INPUT)=   0.730  E2PLUR(INPUT)=   0.000

 CORIOLIS ATTENUATION PARAMETERS:  CHSI=1.000  ETA=  1.00

 MOMENT OF INERTIA PARAMETERS:   A1=  0.122 MEV   A2=  0.122 MEV   A3=121.91924 MEV


 DELTA=0.939 MEV  LAMBDA=53.4511 MEV   HW0= 7.4594 MEV   LAMBDA/HW0= 7.1656

 E2ENERGY=0.730 MEV  HBAR**2/B=10240./A**(7/3)=1731.0/A**2 MEV

 IREC=0  =>  RECOIL TERMS j+j-, j+j+, jzjz, ETC TREATED AS ONE-BODY OPERATORS WITH UU+VV PAIRING FACTORS



 S. P. LEVEL   EQP       U     V        (UU + VV)**1.00

     25       4.136    0.114 0.993      1.000 1.000 1.000 0.994 0.991 0.987 0.983 0.649 0.545 0.518 0.471 0.376 0.358 0.287 0.235
     26       4.001    0.118 0.993      1.000 1.000 1.000 0.995 0.991 0.988 0.984 0.652 0.548 0.521 0.475 0.380 0.362 0.290 0.239
     27       3.460    0.137 0.991      1.000 1.000 1.000 0.996 0.994 0.991 0.987 0.666 0.564 0.537 0.491 0.397 0.379 0.308 0.257
     28       2.181    0.221 0.975      0.994 0.995 0.996 1.000 1.000 0.999 0.997 0.727 0.632 0.607 0.564 0.474 0.457 0.388 0.338
     29       1.963    0.247 0.969      0.991 0.991 0.994 1.000 1.000 1.000 0.999 0.745 0.653 0.628 0.586 0.498 0.480 0.413 0.363
     30       1.800    0.271 0.963      0.987 0.988 0.991 0.999 1.000 1.000 1.000 0.762 0.671 0.647 0.606 0.519 0.502 0.435 0.387
     31       1.672    0.294 0.956      0.983 0.984 0.987 0.997 0.999 1.000 1.000 0.777 0.689 0.665 0.625 0.539 0.523 0.457 0.408
     32       1.014    0.830 0.558      0.649 0.652 0.666 0.727 0.745 0.762 0.777 1.000 0.992 0.987 0.977 0.949 0.943 0.915 0.892
     33       1.178    0.895 0.445      0.545 0.548 0.564 0.632 0.653 0.671 0.689 0.992 1.000 0.999 0.996 0.982 0.978 0.959 0.943
     34       1.240    0.909 0.417      0.518 0.521 0.537 0.607 0.628 0.647 0.665 0.987 0.999 1.000 0.999 0.987 0.984 0.968 0.953
     35       1.374    0.930 0.368      0.471 0.475 0.491 0.564 0.586 0.606 0.625 0.977 0.996 0.999 1.000 0.994 0.992 0.980 0.968
     36       1.819    0.963 0.268      0.376 0.380 0.397 0.474 0.498 0.519 0.539 0.949 0.982 0.987 0.994 1.000 1.000 0.995 0.989
     37       1.947    0.968 0.249      0.358 0.362 0.379 0.457 0.480 0.502 0.523 0.943 0.978 0.984 0.992 1.000 1.000 0.997 0.992
     38       2.723    0.985 0.175      0.287 0.290 0.308 0.388 0.413 0.435 0.457 0.915 0.959 0.968 0.980 0.995 0.997 1.000 0.999
     39       3.874    0.993 0.122      0.235 0.239 0.257 0.338 0.363 0.387 0.408 0.892 0.943 0.953 0.968 0.989 0.992 0.999 1.000

  R CORE   ENERGY   A0R/A00=1.000    R3= 0     2  
   2( 1)    0.732                    1.000 0.000
   2( 2)  487.921                    0.000 1.000

  R CORE   ENERGY   A0R/A00=1.000    R3= 0     2  
   3( 1)  488.652                    0.000 1.000

  R CORE   ENERGY   A0R/A00=1.000    R3= 0     2     4  
   4( 1)    2.438                    1.000 0.000 0.000

  R CORE   ENERGY   A0R/A00=1.000    R3= 0     2     4  
   5( 1)  490.847                    0.000 1.000 0.000

  R CORE   ENERGY   A0R/A00=1.000    R3= 0     2     4     6  
   6( 1)    5.121                    1.000 0.000 0.000 0.000

  R CORE   ENERGY   A0R/A00=1.000    R3= 0     2     4     6  
   7( 1)  494.017                    0.000 1.000 0.000 0.000

          AXIAL SYMMETRY => K RESTRICTED TO OMEGA

                     K
     S.P. ORB#: 25  0.50
     S.P. ORB#: 26  2.50
     S.P. ORB#: 27 -3.50
     S.P. ORB#: 28 -3.50
     S.P. ORB#: 29  0.50
     S.P. ORB#: 30 -1.50
     S.P. ORB#: 31  4.50
     S.P. ORB#: 32  0.50
     S.P. ORB#: 33 -1.50
     S.P. ORB#: 34 -1.50
     S.P. ORB#: 35  2.50
     S.P. ORB#: 36  2.50
     S.P. ORB#: 37  0.50
     S.P. ORB#: 38 -3.50
     S.P. ORB#: 39  4.50
 

             ENERGY    K= OMEGA
 
 I=  1/2- (1)  2.231  25:-0.055
                      37:-0.998
 
 I=  1/2- (2)  3.071  29: 0.999
 
 I=  1/2- (3)  5.463  25: 0.998
                      37:-0.056
 
 I=  1/2- (4)  8.588  32:-1.000
 
 I=  1/2- (5)147.481  33: 1.000

             ENERGY    K= OMEGA
 
 I=  3/2- (1)  1.689  29: 0.192
                      30: 0.102
                      33: 0.973
                      37:-0.067
 
 I=  3/2- (2)  2.786  25: 0.096
                      29: 0.209
                      30: 0.526
                      33:-0.156
                      37:-0.803

             ENERGY    K= OMEGA
 
 I=  5/2- (1)  1.852  25: 0.064
                      29:-0.161
                      30:-0.205
                      33: 0.479
                      35: 0.835
 
 I=  5/2- (2)  2.351  29: 0.189
                      30:-0.203
                      33:-0.838
                      35: 0.463
                      37:-0.074
 
 I=  5/2- (3)  2.806  25:-0.134
                      29: 0.316
                      30: 0.433
                      35: 0.216
                      37: 0.805
 
 I=  5/2- (4)  3.322  25:-0.317
                      29: 0.355
                      30: 0.633
                      33: 0.070
                      35: 0.175
                      37:-0.581
 
 I=  5/2- (5)  4.373  25:-0.067
                      29: 0.811
                      30:-0.513
                      33: 0.248
                      35:-0.108

             ENERGY    K= OMEGA
 
 I=  7/2- (1)  2.496  29:-0.208
                      30: 0.223
                      33:-0.552
                      35: 0.774
 
 I=  7/2- (2)  2.894  25: 0.076
                      26:-0.226
                      27: 0.078
                      28:-0.869
                      29: 0.147
                      30: 0.141
                      33: 0.308
                      35: 0.199
                      37:-0.070
 
 I=  7/2- (3)  3.053  25: 0.178
                      26: 0.060
                      28: 0.429
                      29: 0.328
                      30: 0.324
                      33: 0.592
                      35: 0.433
                      37:-0.171
 
 I=  7/2- (4)  3.336  32: 0.738
                      34: 0.571
                      36: 0.335
                      38: 0.133
 
 I=  7/2- (5)  4.216  25:-0.225
                      29:-0.095
                      30:-0.633
                      33: 0.330
                      35: 0.374
                      37: 0.538

             ENERGY    K= OMEGA
 
 I=  9/2- (1)  2.448  26:-0.071
                      27: 0.246
                      28: 0.179
                      31:-0.949
 
 I=  9/2- (2)  3.163  25: 0.222
                      29:-0.343
                      30:-0.424
                      31:-0.054
                      33: 0.462
                      35: 0.640
                      37:-0.160
 
 I=  9/2- (3)  3.796  26:-0.316
                      27:-0.106
                      28: 0.897
                      30:-0.067
                      31: 0.167
                      33:-0.200
                      35: 0.094
 
 I=  9/2- (4)  4.226  25:-0.201
                      28: 0.180
                      29: 0.092
                      30: 0.467
                      33: 0.658
                      35: 0.072
                      37: 0.510
 
 I=  9/2- (5)  4.369  25:-0.150
                      28:-0.161
                      29: 0.425
                      31:-0.051
                      33:-0.421
                      35: 0.690
                      37: 0.336

             ENERGY    K= OMEGA
 
 I= 11/2- (1)  2.261  32: 0.675
                      34: 0.566
                      36: 0.401
                      38: 0.232
                      39: 0.098
 
 I= 11/2- (2)  3.427  26:-0.118
                      27:-0.327
                      28:-0.248
                      31:-0.902
                      35:-0.056
 
 I= 11/2- (3)  4.455  29:-0.298
                      30: 0.294
                      31:-0.085
                      33:-0.579
                      35: 0.692
 
 I= 11/2- (4)  4.856  25: 0.178
                      26:-0.313
                      27: 0.121
                      28:-0.699
                      29: 0.247
                      30: 0.275
                      31: 0.187
                      33: 0.321
                      35: 0.276
                      37:-0.127
 
 I= 11/2- (5)  5.115  25:-0.273
                      26:-0.188
                      27: 0.067
                      28:-0.546
                      29:-0.377
                      30:-0.384
                      31: 0.152
                      33:-0.368
                      35:-0.314
                      37: 0.203

             ENERGY    K= OMEGA
 
 I= 13/2- (1)  4.034  32: 0.193
                      34:-0.499
                      36: 0.608
                      38:-0.512
                      39: 0.285
 
 I= 13/2- (2)  4.625  26:-0.158
                      27: 0.375
                      28: 0.292
                      31:-0.856
                      33:-0.066
                      35:-0.084
 
 I= 13/2- (3)  5.191  25:-0.349
                      28:-0.053
                      29: 0.435
                      30: 0.517
                      31: 0.111
                      33:-0.370
                      35:-0.475
                      37: 0.211
 
 I= 13/2- (4)  6.275  26:-0.399
                      27:-0.164
                      28: 0.820
                      29: 0.054
                      30:-0.076
                      31: 0.286
                      33:-0.208
                      35: 0.082
 
 I= 13/2- (5)  6.816  25:-0.246
                      27:-0.056
                      28: 0.139
                      29: 0.165
                      30: 0.330
                      33: 0.558
                      35: 0.461
                      37: 0.507

             ENERGY     K= 9/2
  32 LEVELS    TIME=  0.0 SEC



 ******************* EXCITATION ENERGIES, DOMINANT CONFIGURATION AND EXPECTATION VALUES (WITH S.P. UU+VV FACTORS) *******************

  NR  Eex(keV)  I   Kdom  NY    <Jz>  <Jx**2> <Jy**2> <Jz**2> <I.j>/|I|  <Rx**2> <Ry**2> <Rz**2> <R.j>/|R|  <HROTx> <HROTy> <HROTz>

   1    0.0   3/2-  -3/2  33   -1.41    1.66    1.66    2.16    1.40       1.91    1.91   -0.00   -1.42      0.233   0.233  -0.000
   2  162.7   5/2-   5/2  35    1.35    1.98    1.98    4.97    2.33       1.96    1.96    0.00   -1.04      0.238   0.238   0.000
   3  541.4   1/2-   1/2  37    0.50    1.35    1.35    0.25    0.82       1.14    1.14    0.00   -1.48      0.139   0.139   0.000
   4  571.2  11/2-   1/2  32    0.00   26.82   26.82    2.70    7.07       3.79    3.79    0.00   -5.12      0.462   0.462   0.000
   5  661.8   5/2-  -3/2  33   -0.55    1.66    1.66    3.03    1.07       4.38    4.38    0.00   -1.07      0.534   0.534   0.000
  
   6  758.3   9/2-   9/2  31    3.74    2.63    2.63   19.40    4.44       2.63    2.63    0.00   -1.12      0.320   0.320   0.000
   7  806.8   7/2-   5/2  35    0.98    2.04    2.04    4.59    1.91       4.63    4.63    0.00   -0.36      0.565   0.565   0.000
   8 1096.5   3/2-   1/2  37   -0.10    2.43    2.43    0.85    0.59       3.60    3.60   -0.00   -1.71      0.439   0.439  -0.000
   9 1117.1   5/2-   1/2  37    0.22    2.66    2.66    0.91    1.32       3.58    3.58    0.00   -0.87      0.437   0.437   0.000
  10 1204.4   7/2-  -7/2  28   -2.59    2.27    2.27   10.17    3.07       3.04    3.04    0.00   -1.02      0.370   0.370   0.000
  
  11 1363.7   7/2-  -3/2  33   -0.77    2.13    2.13    4.52    1.67       5.65    5.65    0.00   -0.64      0.689   0.689   0.000
  12 1381.8   1/2-   1/2  29    0.50    4.32    4.32    0.25    0.33       4.53    4.53   -0.00   -2.86      0.553   0.553  -0.000
  13 1473.2   9/2-   5/2  35    0.54    3.06    3.06    3.57    2.20       6.27    6.27    0.00    0.36      0.765   0.765   0.000
  14 1633.0   5/2-  -3/2  30   -0.25    3.10    3.10    1.24    1.03       5.06    5.06   -0.00   -1.38      0.616   0.616  -0.000
  15 1646.5   7/2-   1/2  32    0.00   27.03   27.03    1.78    6.82       8.73    8.73   -0.00   -6.89      1.064   1.064  -0.000
  
  16 1737.6  11/2-   9/2  31    3.11    2.91    2.91   18.63    4.00       6.16    6.16    0.00   -0.15      0.751   0.751   0.000
  17 2106.4   9/2-  -7/2  28   -2.52    2.44    2.44   11.33    2.90       6.08    6.08    0.00   -0.52      0.741   0.741   0.000
  18 2344.8  13/2-   5/2  36    0.02   25.61   25.61    7.74    6.55       8.14    8.14    0.00   -3.28      0.992   0.992   0.000
  19 2527.0   7/2-  -3/2  30   -0.25    3.18    3.18    2.13    0.60       9.76    9.76    0.00   -1.39      1.190   1.190   0.000
  20 2536.9   9/2-  -3/2  33   -0.93    2.20    2.20    1.99    1.03      10.45   10.45   -0.00   -0.28      1.274   1.274  -0.000
  
  21 2679.9   9/2-   5/2  35    1.00    2.50    2.50    3.84    1.09      11.36   11.36    0.00   -0.72      1.386   1.386   0.000
  22 2683.9   5/2-   1/2  29   -0.13    4.29    4.29    0.97   -0.37      10.25   10.25   -0.00   -2.35      1.249   1.249  -0.000
  23 2765.1  11/2-   5/2  35    0.64    2.31    2.31    4.13    1.63      12.51   12.51    0.00    0.20      1.525   1.525   0.000
  24 2935.2  13/2-   9/2  31    2.58    3.16    3.16   17.83    3.69      10.67   10.67   -0.00    0.35      1.301   1.301  -0.000
  25 3166.7  11/2-  -7/2  28   -1.38    2.57    2.57    8.39    2.31      10.84   10.84    0.00    0.06      1.322   1.322   0.000
  
  26 3425.2  11/2-  -7/2  28   -0.92    2.68    2.68    5.72    1.83      12.47   12.47    0.00   -0.03      1.521   1.521   0.000
  27 3501.4  13/2-  -3/2  30    0.18    3.96    3.96    2.69    2.34      13.33   13.33    0.00    1.11      1.625   1.625   0.000
  28 3773.5   1/2-   1/2  25    0.50    5.58    5.58    0.25    0.70       5.48    5.48   -0.00   -3.27      0.668   0.668  -0.000
  29 4585.7  13/2-  -7/2  28   -1.73    2.63    2.63   11.37    2.41      15.84   15.84    0.00    0.04      1.931   1.931   0.000
  30 5126.9  13/2-  -3/2  33   -0.00    2.27    2.27    2.65    1.01      20.93   20.93    0.00   -0.02      2.552   2.552   0.000
  
  31 6898.6   1/2-   1/2  32    0.50   27.16   27.16    0.25   -3.93      31.06   31.06    0.00   -7.36      3.787   3.787   0.000
  32*******   1/2-  -3/2  33    0.00    0.00    0.00    0.00   -0.00       0.00    0.00    0.00   -0.00      0.000   0.000   0.000
