1SPECTRUM OF (Z= 82 A=207) IN PARTICLE-ROTOR  MODEL WITH MODIFIED OSCILLATOR POTENTIAL


 PARITY=-   EPS= 0.299   GAMMA=  0.0   EPS4=0.000   EPS6=0.000   LEVELS:  25  26  27  28  29  30  31  32  33  34  35  36  37  38  39

 PAIRING FACTORS: GN0= 19.20  GN1=  7.40  IPAIR= 15 ***  E2PLUS(INPUT)=   0.730  E2PLUR(INPUT)=   0.000

 CORIOLIS ATTENUATION PARAMETERS:  CHSI=1.000  ETA=  1.00

 MOMENT OF INERTIA PARAMETERS:   A1=  0.122 MEV   A2=  0.122 MEV   A3=121.91924 MEV


 DELTA=0.949 MEV  LAMBDA=53.2885 MEV   HW0= 7.4911 MEV   LAMBDA/HW0= 7.1136

 E2ENERGY=0.730 MEV  HBAR**2/B=16577./A**(7/3)=2802.2/A**2 MEV

 IREC=0  =>  RECOIL TERMS j+j-, j+j+, jzjz, ETC TREATED AS ONE-BODY OPERATORS WITH UU+VV PAIRING FACTORS



 S. P. LEVEL   EQP       U     V        (UU + VV)**1.00

     25       4.121    0.116 0.993      1.000 1.000 0.999 0.974 0.963 0.951 0.941 0.851 0.802 0.473 0.347 0.320 0.301 0.275 0.260
     26       3.400    0.141 0.990      1.000 1.000 1.000 0.980 0.969 0.959 0.949 0.864 0.817 0.495 0.371 0.344 0.325 0.299 0.284
     27       2.846    0.169 0.986      0.999 1.000 1.000 0.985 0.976 0.966 0.957 0.878 0.833 0.520 0.397 0.370 0.352 0.326 0.311
     28       1.497    0.337 0.942      0.974 0.980 0.985 1.000 0.999 0.996 0.993 0.948 0.916 0.660 0.550 0.525 0.509 0.484 0.471
     29       1.352    0.379 0.925      0.963 0.969 0.976 0.999 1.000 0.999 0.997 0.961 0.934 0.693 0.587 0.563 0.547 0.524 0.510
     30       1.253    0.417 0.909      0.951 0.959 0.966 0.996 0.999 1.000 0.999 0.972 0.947 0.722 0.619 0.596 0.581 0.558 0.545
     31       1.188    0.447 0.895      0.941 0.949 0.957 0.993 0.997 0.999 1.000 0.979 0.957 0.744 0.645 0.623 0.607 0.585 0.572
     32       0.976    0.620 0.785      0.851 0.864 0.878 0.948 0.961 0.972 0.979 1.000 0.996 0.865 0.787 0.769 0.757 0.738 0.728
     33       0.951    0.686 0.728      0.802 0.817 0.833 0.916 0.934 0.947 0.957 0.996 1.000 0.905 0.838 0.822 0.811 0.794 0.785
     34       1.388    0.930 0.368      0.473 0.495 0.520 0.660 0.693 0.722 0.744 0.865 0.905 1.000 0.990 0.986 0.983 0.977 0.974
     35       2.071    0.972 0.236      0.347 0.371 0.397 0.550 0.587 0.619 0.645 0.787 0.838 0.990 1.000 1.000 0.999 0.997 0.996
     36       2.337    0.978 0.208      0.320 0.344 0.370 0.525 0.563 0.596 0.623 0.769 0.822 0.986 1.000 1.000 1.000 0.999 0.998
     37       2.562    0.982 0.189      0.301 0.325 0.352 0.509 0.547 0.581 0.607 0.757 0.811 0.983 0.999 1.000 1.000 1.000 0.999
     38       2.983    0.987 0.161      0.275 0.299 0.326 0.484 0.524 0.558 0.585 0.738 0.794 0.977 0.997 0.999 1.000 1.000 1.000
     39       3.289    0.989 0.146      0.260 0.284 0.311 0.471 0.510 0.545 0.572 0.728 0.785 0.974 0.996 0.998 0.999 1.000 1.000

  R CORE   ENERGY   A0R/A00=1.000    R3= 0     2  
   2( 1)    0.732                    1.000 0.000
   2( 2)  487.921                    0.000 1.000

  R CORE   ENERGY   A0R/A00=1.000    R3= 0     2  
   3( 1)  488.652                    0.000 1.000

  R CORE   ENERGY   A0R/A00=1.000    R3= 0     2     4  
   4( 1)    2.438                    1.000 0.000 0.000

  R CORE   ENERGY   A0R/A00=1.000    R3= 0     2     4  
   5( 1)  490.847                    0.000 1.000 0.000

  R CORE   ENERGY   A0R/A00=1.000    R3= 0     2     4     6  
   6( 1)    5.121                    1.000 0.000 0.000 0.000

  R CORE   ENERGY   A0R/A00=1.000    R3= 0     2     4     6  
   7( 1)  494.017                    0.000 1.000 0.000 0.000

          AXIAL SYMMETRY => K RESTRICTED TO OMEGA

                     K
     S.P. ORB#: 25  0.50
     S.P. ORB#: 26  2.50
     S.P. ORB#: 27 -3.50
     S.P. ORB#: 28  0.50
     S.P. ORB#: 29 -1.50
     S.P. ORB#: 30 -3.50
     S.P. ORB#: 31  0.50
     S.P. ORB#: 32  4.50
     S.P. ORB#: 33 -1.50
     S.P. ORB#: 34  2.50
     S.P. ORB#: 35 -1.50
     S.P. ORB#: 36  2.50
     S.P. ORB#: 37 -3.50
     S.P. ORB#: 38  0.50
     S.P. ORB#: 39  0.50
 

             ENERGY    K= OMEGA
 
 I=  1/2- (1)  2.691  28:-0.997
                      38:-0.066
 
 I=  1/2- (2)  3.307  25:-0.068
                      28: 0.064
                      38:-0.996
 
 I=  1/2- (3)  5.626  25: 0.997
                      38:-0.065
 
 I=  1/2- (4)  6.279  31:-0.572
                      39: 0.821
 
 I=  1/2- (5)  9.001  31: 0.821
                      39: 0.572

             ENERGY    K= OMEGA
 
 I=  3/2- (1)  2.432  25:-0.158
                      28:-0.467
                      29:-0.467
                      35:-0.722
                      38: 0.134
 
 I=  3/2- (2)  2.561  28: 0.465
                      29:-0.847
                      35: 0.255

             ENERGY    K= OMEGA
 
 I=  5/2- (1)  2.480  25:-0.227
                      28: 0.410
                      29: 0.669
                      35:-0.248
                      36:-0.499
                      38: 0.150
 
 I=  5/2- (2)  3.063  25:-0.106
                      26: 0.057
                      28:-0.102
                      29: 0.495
                      35: 0.792
                      36: 0.281
                      38: 0.152
 
 I=  5/2- (3)  3.185  25: 0.137
                      28:-0.518
                      29:-0.078
                      35: 0.297
                      36:-0.777
                      38:-0.120
 
 I=  5/2- (4)  4.070  25: 0.080
                      28: 0.435
                      29:-0.449
                      35: 0.296
                      36:-0.223
                      38: 0.682
 
 I=  5/2- (5)  4.205  25:-0.154
                      28: 0.562
                      29:-0.212
                      35: 0.362
                      36:-0.136
                      38:-0.682

             ENERGY    K= OMEGA
 
 I=  7/2- (1)  2.024  26: 0.209
                      27:-0.059
                      30:-0.975
 
 I=  7/2- (2)  3.222  25: 0.060
                      28:-0.304
                      29: 0.587
                      35:-0.366
                      36: 0.649
 
 I=  7/2- (3)  3.266  31:-0.736
                      33:-0.572
                      34:-0.335
                      37:-0.134
 
 I=  7/2- (4)  3.379  25:-0.305
                      28:-0.617
                      29:-0.453
                      35:-0.509
                      36:-0.131
                      38: 0.204
 
 I=  7/2- (5)  4.245  26:-0.082
                      27:-0.171
                      28:-0.517
                      29: 0.548
                      35: 0.282
                      36:-0.563

             ENERGY    K= OMEGA
 
 I=  9/2- (1)  1.817  26: 0.066
                      27:-0.218
                      30: 0.192
                      32: 0.955
 
 I=  9/2- (2)  2.945  26:-0.287
                      27:-0.092
                      29:-0.058
                      30:-0.931
                      32: 0.186
                      36: 0.056
 
 I=  9/2- (3)  3.467  25:-0.349
                      28: 0.473
                      29: 0.646
                      30:-0.071
                      35:-0.239
                      36:-0.371
                      38: 0.189
 
 I=  9/2- (4)  4.487  31:-0.238
                      33: 0.601
                      34:-0.649
                      37: 0.401
 
 I=  9/2- (5)  4.828  25: 0.166
                      26:-0.091
                      27: 0.095
                      29:-0.378
                      35:-0.743
                      36:-0.444
                      38:-0.245

             ENERGY    K= OMEGA
 
 I= 11/2- (1)  2.507  31:-0.688
                      33:-0.578
                      34:-0.390
                      37:-0.193
 
 I= 11/2- (2)  2.858  26: 0.111
                      27: 0.295
                      30:-0.267
                      32: 0.911
 
 I= 11/2- (3)  4.095  26: 0.337
                      27:-0.126
                      29:-0.064
                      30:-0.890
                      32:-0.261
                      36:-0.065
 
 I= 11/2- (4)  5.107  25: 0.140
                      28:-0.222
                      29: 0.659
                      30:-0.061
                      35:-0.321
                      36: 0.618
                      38:-0.058
 
 I= 11/2- (5)  5.187  25:-0.367
                      28:-0.682
                      29:-0.341
                      30: 0.076
                      35:-0.479
                      38: 0.216

             ENERGY    K= OMEGA
 
 I= 13/2- (1)  4.118  26:-0.152
                      27: 0.343
                      30:-0.318
                      32:-0.870
 
 I= 13/2- (2)  4.726  31: 0.225
                      33:-0.580
                      34: 0.656
                      37:-0.427
 
 I= 13/2- (3)  5.323  25:-0.396
                      26: 0.132
                      27: 0.067
                      28: 0.454
                      29: 0.595
                      30: 0.296
                      32:-0.095
                      35:-0.185
                      36:-0.307
                      38: 0.190
 
 I= 13/2- (4)  5.509  25:-0.152
                      26:-0.347
                      27:-0.142
                      28: 0.193
                      29: 0.197
                      30:-0.803
                      32: 0.301
                      35:-0.124
                      36:-0.068
                      38: 0.071
 
 I= 13/2- (5)  7.537  25: 0.187
                      26:-0.090
                      27: 0.096
                      29:-0.271
                      30: 0.063
                      32: 0.056
                      35:-0.706
                      36:-0.533
                      38:-0.291

             ENERGY     K= 1/2
  32 LEVELS    TIME=  0.0 SEC



 ******************* EXCITATION ENERGIES, DOMINANT CONFIGURATION AND EXPECTATION VALUES (WITH S.P. UU+VV FACTORS) *******************

  NR  Eex(keV)  I   Kdom  NY    <Jz>  <Jx**2> <Jy**2> <Jz**2> <I.j>/|I|  <Rx**2> <Ry**2> <Rz**2> <R.j>/|R|  <HROTx> <HROTy> <HROTz>

   1    0.0   9/2-   9/2  32    3.81    2.57    2.57   19.51    4.36       3.00    3.00    0.00   -1.20      0.365   0.365   0.000
   2  207.5   7/2-  -7/2  30   -3.23    2.31    2.31   11.97    3.38       2.75    2.75    0.00   -1.35      0.335   0.335   0.000
   3  614.6   3/2-  -3/2  35   -0.98    2.67    2.67    1.73    1.58       2.36    2.36   -0.00   -1.85      0.287   0.287  -0.000
   4  663.3   5/2-  -3/2  29   -0.02    4.06    4.06    2.76    2.44       2.61    2.61   -0.00   -1.61      0.318   0.318  -0.000
   5  689.7  11/2-   1/2  31   -0.01   25.38   25.38    2.28    6.53       5.38    5.38    0.00   -4.28      0.655   0.655   0.000
  
   6  744.4   3/2-  -3/2  29   -1.07    4.59    4.59    1.82    1.42       4.63    4.63   -0.00   -2.71      0.565   0.565  -0.000
   7  873.8   1/2-   1/2  28    0.50    4.66    4.66    0.25    0.35       4.85    4.85    0.00   -2.97      0.592   0.592   0.000
   8 1040.8  11/2-   9/2  32    3.21    2.81    2.81   18.81    3.89       6.85    6.85    0.00   -0.32      0.835   0.835   0.000
   9 1128.1   9/2-  -7/2  30   -2.70    2.44    2.44   11.97    2.94       6.18    6.18    0.00   -0.63      0.753   0.753   0.000
  10 1246.1   5/2-  -3/2  35   -1.08    2.17    2.17    2.49    1.10       4.53    4.53   -0.00   -1.19      0.553   0.553  -0.000
  
  11 1368.4   5/2-   5/2  36    1.52    2.77    2.77    4.06    1.63       4.35    4.35    0.00   -1.62      0.530   0.530   0.000
  12 1405.5   7/2-   5/2  36    0.37    3.22    3.22    3.77    1.90       5.46    5.46   -0.00   -0.82      0.666   0.666  -0.000
  13 1449.2   7/2-   1/2  31   -0.00   24.81   24.81    1.79    6.29       8.64    8.64    0.00   -6.37      1.053   1.053   0.000
  14 1490.2   1/2-   1/2  38    0.50    1.46    1.46    0.25    0.72       1.33    1.33    0.00   -1.56      0.163   0.163   0.000
  15 1562.0   7/2-   1/2  28   -0.40    3.36    3.36    1.31    1.51       5.90    5.90   -0.00   -0.59      0.720   0.720  -0.000
  
  16 1650.5   9/2-  -3/2  29   -0.19    4.61    4.61    2.10    2.38       6.19    6.19   -0.00    0.15      0.755   0.755  -0.000
  17 2253.0   5/2-   1/2  38    0.02    2.90    2.90    1.13    0.15       7.39    7.39   -0.00   -1.69      0.901   0.901  -0.000
  18 2278.4  11/2-  -7/2  30   -2.23    2.53    2.53   12.02    2.65      10.60   10.60    0.00   -0.28      1.292   1.292   0.000
  19 2300.8  13/2-   9/2  32    2.70    3.02    3.02   18.17    3.56      11.64   11.64    0.00    0.13      1.419   1.419   0.000
  20 2388.3   5/2-   1/2  38    0.19    2.68    2.68    0.72   -0.09       7.67    7.67    0.00   -1.62      0.935   0.935   0.000
  
  21 2427.8   7/2-   5/2  36    0.27    3.36    3.36    3.30    0.74       9.95    9.95   -0.00   -1.59      1.213   1.213  -0.000
  22 2670.1   9/2-   5/2  34   -0.02   25.22   25.22    5.43    5.56      12.63   12.63    0.00   -5.61      1.540   1.540   0.000
  23 2908.6  13/2-   5/2  34   -0.04   25.20   25.20    5.69    5.58      13.45   13.45    0.00   -3.30      1.640   1.640   0.000
  24 3011.5   9/2-  -3/2  35   -0.52    2.12    2.12    3.02    1.01      10.99   10.99   -0.00   -0.48      1.340   1.340  -0.000
  25 3289.8  11/2-  -3/2  29    0.18    3.46    3.46    3.73    1.66      13.26   13.26   -0.00   -0.14      1.617   1.617  -0.000
  
  26 3370.0  11/2-   1/2  28   -0.21    3.51    3.51    1.02    1.50      12.93   12.93   -0.00    0.18      1.576   1.576  -0.000
  27 3505.7  13/2-  -3/2  29   -0.38    4.63    4.63    2.99    2.43      13.53   13.53    0.00    0.91      1.649   1.649   0.000
  28 3692.2  13/2-  -7/2  30   -1.65    2.91    2.91   10.90    2.41      15.93   15.93    0.00    0.01      1.942   1.942   0.000
  29 3808.9   1/2-   1/2  25    0.50    6.30    6.30    0.25    0.68       6.21    6.21   -0.00   -3.48      0.757   0.757  -0.000
  30 4462.6   1/2-   1/2  39    0.50   12.89   12.89    0.25   -1.95      15.08   15.08    0.00   -5.05      1.838   1.838   0.000
  
  31 5720.4  13/2-  -3/2  35   -0.10    2.06    2.06    3.37    0.92      21.67   21.67   -0.00   -0.16      2.642   2.642  -0.000
  32 7184.5   1/2-   1/2  31    0.50   25.63   25.63    0.25   -3.58      29.23   29.23    0.00   -7.14      3.563   3.563   0.000
