1SPECTRUM OF (Z= 82 A=207) IN PARTICLE-ROTOR  MODEL WITH MODIFIED OSCILLATOR POTENTIAL


 PARITY=-   EPS= 0.416   GAMMA=  0.0   EPS4=0.000   EPS6=0.000   LEVELS:  25  26  27  28  29  30  31  32  33  34  35  36  37  38  39

 PAIRING FACTORS: GN0= 19.20  GN1=  7.40  IPAIR= 15 ***  E2PLUS(INPUT)=   0.730  E2PLUR(INPUT)=   0.000

 CORIOLIS ATTENUATION PARAMETERS:  CHSI=1.000  ETA=  1.00

 MOMENT OF INERTIA PARAMETERS:   A1=  0.122 MEV   A2=  0.122 MEV   A3=121.91924 MEV


 DELTA=0.843 MEV  LAMBDA=53.4887 MEV   HW0= 7.5734 MEV   LAMBDA/HW0= 7.0627

 E2ENERGY=0.730 MEV  HBAR**2/B=32088./A**(7/3)=5424.4/A**2 MEV

 IREC=0  =>  RECOIL TERMS j+j-, j+j+, jzjz, ETC TREATED AS ONE-BODY OPERATORS WITH UU+VV PAIRING FACTORS



 S. P. LEVEL   EQP       U     V        (UU + VV)**1.00

     25       3.595    0.118 0.993      1.000 1.000 0.999 0.998 0.995 0.916 0.897 0.846 0.575 0.453 0.354 0.347 0.261 0.244 0.231
     26       3.390    0.125 0.992      1.000 1.000 0.999 0.999 0.996 0.919 0.901 0.850 0.581 0.460 0.361 0.354 0.268 0.252 0.238
     27       2.554    0.167 0.986      0.999 0.999 1.000 1.000 0.999 0.935 0.918 0.871 0.615 0.497 0.401 0.394 0.309 0.293 0.279
     28       2.395    0.179 0.984      0.998 0.999 1.000 1.000 0.999 0.939 0.923 0.877 0.624 0.507 0.411 0.404 0.320 0.304 0.290
     29       2.001    0.216 0.976      0.995 0.996 0.999 0.999 1.000 0.952 0.937 0.895 0.653 0.539 0.445 0.438 0.356 0.339 0.326
     30       0.967    0.506 0.863      0.916 0.919 0.935 0.939 0.952 1.000 0.999 0.989 0.855 0.772 0.699 0.694 0.626 0.612 0.601
     31       0.924    0.544 0.839      0.897 0.901 0.918 0.923 0.937 0.999 1.000 0.994 0.877 0.800 0.730 0.725 0.660 0.647 0.636
     32       0.862    0.630 0.777      0.846 0.850 0.871 0.877 0.895 0.989 0.994 1.000 0.923 0.859 0.798 0.794 0.736 0.724 0.714
     33       1.009    0.880 0.475      0.575 0.581 0.615 0.624 0.653 0.855 0.877 0.923 1.000 0.990 0.969 0.967 0.940 0.934 0.929
     34       1.304    0.939 0.345      0.453 0.460 0.497 0.507 0.539 0.772 0.800 0.859 0.990 1.000 0.994 0.993 0.979 0.975 0.972
     35       1.800    0.970 0.241      0.354 0.361 0.401 0.411 0.445 0.699 0.730 0.798 0.969 0.994 1.000 1.000 0.995 0.993 0.992
     36       1.854    0.972 0.234      0.347 0.354 0.394 0.404 0.438 0.694 0.725 0.794 0.967 0.993 1.000 1.000 0.996 0.994 0.993
     37       2.931    0.989 0.145      0.261 0.268 0.309 0.320 0.356 0.626 0.660 0.736 0.940 0.979 0.995 0.996 1.000 1.000 0.999
     38       3.316    0.992 0.128      0.244 0.252 0.293 0.304 0.339 0.612 0.647 0.724 0.934 0.975 0.993 0.994 1.000 1.000 1.000
     39       3.721    0.993 0.114      0.231 0.238 0.279 0.290 0.326 0.601 0.636 0.714 0.929 0.972 0.992 0.993 0.999 1.000 1.000

  R CORE   ENERGY   A0R/A00=1.000    R3= 0     2  
   2( 1)    0.732                    1.000 0.000
   2( 2)  487.921                    0.000 1.000

  R CORE   ENERGY   A0R/A00=1.000    R3= 0     2  
   3( 1)  488.652                    0.000 1.000

  R CORE   ENERGY   A0R/A00=1.000    R3= 0     2     4  
   4( 1)    2.438                    1.000 0.000 0.000

  R CORE   ENERGY   A0R/A00=1.000    R3= 0     2     4  
   5( 1)  490.847                    0.000 1.000 0.000

  R CORE   ENERGY   A0R/A00=1.000    R3= 0     2     4     6  
   6( 1)    5.121                    1.000 0.000 0.000 0.000

  R CORE   ENERGY   A0R/A00=1.000    R3= 0     2     4     6  
   7( 1)  494.017                    0.000 1.000 0.000 0.000

          AXIAL SYMMETRY => K RESTRICTED TO OMEGA

                     K
     S.P. ORB#: 25  0.50
     S.P. ORB#: 26 -5.50
     S.P. ORB#: 27  2.50
     S.P. ORB#: 28 -1.50
     S.P. ORB#: 29 -3.50
     S.P. ORB#: 30  2.50
     S.P. ORB#: 31  0.50
     S.P. ORB#: 32 -1.50
     S.P. ORB#: 33  0.50
     S.P. ORB#: 34 -3.50
     S.P. ORB#: 35  4.50
     S.P. ORB#: 36 -3.50
     S.P. ORB#: 37  0.50
     S.P. ORB#: 38 -1.50
     S.P. ORB#: 39 -1.50
 

             ENERGY    K= OMEGA
 
 I=  1/2- (1)  2.255  31:-1.000
 
 I=  1/2- (2)  3.869  25:-0.214
                      33: 0.919
                      37:-0.332
 
 I=  1/2- (3)  6.932  25:-0.281
                      33: 0.267
                      37: 0.922
 
 I=  1/2- (4)  9.799  25: 0.935
                      33: 0.291
                      37: 0.201
 
 I=  1/2- (5)147.165  32:-1.000

             ENERGY    K= OMEGA
 
 I=  3/2- (1)  2.186  31:-0.499
                      32: 0.866
 
 I=  3/2- (2)  2.522  31: 0.852
                      32: 0.497
                      39: 0.167

             ENERGY    K= OMEGA
 
 I=  5/2- (1)  2.748  31: 0.464
                      32: 0.882
                      39:-0.063
 
 I=  5/2- (2)  3.299  27:-0.068
                      31: 0.841
                      32:-0.458
                      39:-0.281
 
 I=  5/2- (3)  3.944  25:-0.167
                      33: 0.816
                      37:-0.474
                      38: 0.283
 
 I=  5/2- (4)  4.344  27:-0.990
                      31:-0.066
                      32: 0.082
                      39:-0.092
 
 I=  5/2- (5)  5.124  27:-0.112
                      31: 0.272
                      32:-0.069
                      39: 0.953

             ENERGY    K= OMEGA
 
 I=  7/2- (1)  2.208  27: 0.147
                      34:-0.988
 
 I=  7/2- (2)  3.364  31:-0.722
                      32: 0.669
                      39:-0.171
 
 I=  7/2- (3)  3.907  27: 0.200
                      29: 0.929
                      31:-0.204
                      32:-0.211
                      39:-0.099
 
 I=  7/2- (4)  3.976  25:-0.070
                      28: 0.111
                      30: 0.143
                      33: 0.875
                      36: 0.055
                      37: 0.246
                      38:-0.364
 
 I=  7/2- (5)  3.997  29: 0.324
                      31: 0.582
                      32: 0.698
                      39: 0.257

             ENERGY    K= OMEGA
 
 I=  9/2- (1)  2.723  27:-0.091
                      29: 0.185
                      34:-0.377
                      35:-0.903
 
 I=  9/2- (2)  3.310  27:-0.194
                      29:-0.112
                      34:-0.900
                      35: 0.373
 
 I=  9/2- (3)  4.498  27:-0.060
                      31:-0.590
                      32:-0.785
                      39: 0.173
 
 I=  9/2- (4)  4.714  25: 0.077
                      28: 0.132
                      30:-0.226
                      33:-0.736
                      36: 0.121
                      37: 0.495
                      38:-0.352
 
 I=  9/2- (5)  4.977  25: 0.232
                      28:-0.538
                      30: 0.665
                      33:-0.197
                      36:-0.379
                      37: 0.169
                      38:-0.059

             ENERGY    K= OMEGA
 
 I= 11/2- (1)  3.738  25:-0.517
                      28:-0.564
                      30:-0.482
                      33:-0.321
                      36:-0.217
                      37:-0.101
                      38: 0.152
 
 I= 11/2- (2)  3.866  26: 0.055
                      27: 0.136
                      29: 0.249
                      34:-0.446
                      35: 0.847
 
 I= 11/2- (3)  4.626  26:-0.223
                      27: 0.226
                      29:-0.156
                      34:-0.836
                      35:-0.417
 
 I= 11/2- (4)  4.740  26: 0.973
                      29:-0.059
                      34:-0.166
                      35:-0.141
 
 I= 11/2- (5)  5.085  25:-0.319
                      28:-0.179
                      30:-0.122
                      33: 0.784
                      36:-0.069
                      37: 0.285
                      38:-0.387

             ENERGY    K= OMEGA
 
 I= 13/2- (1)  5.248  26: 0.063
                      27:-0.172
                      29: 0.291
                      34:-0.478
                      35:-0.808
 
 I= 13/2- (2)  5.522  25:-0.186
                      28: 0.558
                      30:-0.676
                      33:-0.168
                      36: 0.382
                      37: 0.076
                      38:-0.132
 
 I= 13/2- (3)  6.173  26:-0.256
                      27:-0.254
                      29:-0.189
                      34:-0.799
                      35: 0.440
 
 I= 13/2- (4)  6.331  26: 0.965
                      27:-0.053
                      29:-0.084
                      34:-0.181
                      35: 0.164
 
 I= 13/2- (5)  6.463  25: 0.167
                      28:-0.139
                      30: 0.108
                      33:-0.712
                      36:-0.072
                      37: 0.541
                      38:-0.369

             ENERGY     K=-3/2
  32 LEVELS    TIME=  0.0 SEC



 ******************* EXCITATION ENERGIES, DOMINANT CONFIGURATION AND EXPECTATION VALUES (WITH S.P. UU+VV FACTORS) *******************

  NR  Eex(keV)  I   Kdom  NY    <Jz>  <Jx**2> <Jy**2> <Jz**2> <I.j>/|I|  <Rx**2> <Ry**2> <Rz**2> <R.j>/|R|  <HROTx> <HROTy> <HROTz>

   1    0.0   3/2-  -3/2  32   -1.00    5.06    5.06    1.75    1.27       5.36    5.36    0.00   -2.88      0.653   0.653   0.000
   2   22.2   7/2-  -7/2  34   -3.37    2.31    2.31   12.12    3.19       3.60    3.60    0.00   -1.53      0.438   0.438   0.000
   3   69.3   1/2-   1/2  31    0.50    5.03    5.03    0.25    0.08       5.46    5.46   -0.00   -3.10      0.666   0.666  -0.000
   4  336.2   3/2-   1/2  31   -0.05    4.88    4.88    0.80    0.44       6.30    6.30    0.00   -2.73      0.768   0.768   0.000
   5  536.6   9/2-   9/2  35    3.07    2.53    2.53   18.72    4.07       4.02    4.02   -0.00   -1.25      0.490   0.490  -0.000
  
   6  562.1   5/2-  -3/2  32   -1.06    5.08    5.08    1.83    0.93       7.62    7.62    0.00   -2.37      0.929   0.929   0.000
   7 1113.4   5/2-   1/2  31   -0.07    4.68    4.68    0.86    0.21       8.86    8.86    0.00   -2.28      1.080   1.080   0.000
   8 1123.7   9/2-  -7/2  34   -2.16    2.38    2.38   13.13    2.73       7.72    7.72    0.00   -1.09      0.941   0.941   0.000
   9 1177.6   7/2-   1/2  31   -0.45    5.04    5.04    1.22    0.94       9.77    9.77    0.00   -1.71      1.192   1.192   0.000
  10 1551.8  11/2-  -3/2  28    0.10   23.60   23.60    2.89    6.15       6.13    6.13    0.00   -3.80      0.748   0.748   0.000
  
  11 1680.1  11/2-   9/2  35    2.35    2.71    2.71   17.93    3.48       8.75    8.75   -0.00   -0.61      1.067   1.067  -0.000
  12 1683.2   1/2-   1/2  33    0.50   10.80   10.80    0.25    1.07      10.37   10.37    0.00   -4.59      1.265   1.265   0.000
  13 1720.5   7/2-  -7/2  29   -2.98    6.09    6.09   10.96    2.87       8.05    8.05    0.00   -2.93      0.981   0.981   0.000
  14 1758.2   5/2-   1/2  33    0.34   11.36   11.36    0.41    2.28       9.21    9.21   -0.00   -3.82      1.122   1.122  -0.000
  15 1790.0   7/2-   1/2  33    0.24   15.05   15.05    0.70    3.27      10.31   10.31   -0.00   -3.93      1.257   1.257  -0.000
  
  16 1810.5   7/2-  -3/2  32   -1.03    4.82    4.82    2.64    0.64      11.49   11.49    0.00   -2.03      1.400   1.400   0.000
  17 2158.0   5/2-   5/2  27    2.43    6.05    6.05    6.16    2.07       7.38    7.38   -0.00   -3.16      0.899   0.899  -0.000
  18 2311.6   9/2-  -3/2  32   -0.79    5.06    5.06    1.59    0.76      14.44   14.44    0.00   -1.47      1.760   1.760   0.000
  19 2440.3  11/2-  -7/2  34   -1.90    2.49    2.49   14.21    2.50      12.52   12.52    0.00   -0.85      1.526   1.526   0.000
  20 2528.3   9/2-   1/2  33    0.26   13.26   13.26    1.01    2.87      11.89   11.89    0.00   -2.72      1.449   1.449   0.000
  
  21 2553.8  11/2- -11/2  26   -5.23    2.74    2.74   29.45    4.92       5.93    5.93    0.00   -1.60      0.723   0.723   0.001
  22 2791.2   9/2-   5/2  30    0.22   21.96   21.96    5.21    4.74      13.38   13.38    0.00   -4.94      1.631   1.631   0.000
  23 2898.6  11/2-   1/2  33    0.15   13.37   13.37    0.76    3.05      13.38   13.38    0.00   -1.79      1.631   1.631   0.000
  24 2937.7   5/2-  -3/2  39   -1.30    2.20    2.20    2.15    0.32       6.72    6.72    0.00   -1.53      0.819   0.819   0.000
  25 3062.1  13/2-   9/2  35    1.89    2.86    2.86   17.36    3.08      14.42   14.42   -0.00   -0.30      1.758   1.758  -0.000
  
  26 3335.9  13/2-   5/2  30    0.18   23.42   23.42    5.40    4.98      15.74   15.74    0.00   -3.12      1.919   1.919   0.000
  27 3987.3  13/2-  -7/2  34   -1.69    2.58    2.58   14.56    2.24      18.58   18.58    0.00   -0.67      2.266   2.266   0.000
  28 4144.7  13/2- -11/2  26   -5.13    2.75    2.75   29.19    4.18      12.56   12.56    0.00   -1.10      1.532   1.532   0.000
  29 4277.2  13/2-   1/2  33    0.19   12.03   12.03    0.69    2.64      18.36   18.36   -0.00   -1.05      2.238   2.238  -0.000
  30 4745.9   1/2-   1/2  37    0.50   15.81   15.81    0.25   -0.52      16.76   16.76    0.00   -5.58      2.043   2.043   0.000
  
  31 7612.6   1/2-   1/2  25    0.50   22.94   22.94    0.25   -3.47      26.45   26.45   -0.00   -6.76      3.224   3.224  -0.000
  32*******   1/2-  -3/2  32    0.00    0.00    0.00    0.00    0.00       0.00    0.00   -0.00   -0.00      0.000   0.000  -0.000
