1SPECTRUM OF (Z= 82 A=207) IN PARTICLE-ROTOR  MODEL WITH MODIFIED OSCILLATOR POTENTIAL


 PARITY=-   EPS= 0.273   GAMMA=  0.0   EPS4=0.000   EPS6=0.000   LEVELS:  25  26  27  28  29  30  31  32  33  34  35  36  37  38  39

 PAIRING FACTORS: GN0= 19.20  GN1=  7.40  IPAIR= 15 ***  E2PLUS(INPUT)=   0.730  E2PLUR(INPUT)=   0.000

 CORIOLIS ATTENUATION PARAMETERS:  CHSI=1.000  ETA=  1.00

 MOMENT OF INERTIA PARAMETERS:   A1=  0.122 MEV   A2=  0.122 MEV   A3=121.91924 MEV


 DELTA=0.947 MEV  LAMBDA=53.3279 MEV   HW0= 7.4771 MEV   LAMBDA/HW0= 7.1321

 E2ENERGY=0.730 MEV  HBAR**2/B=13819./A**(7/3)=2336.1/A**2 MEV

 IREC=0  =>  RECOIL TERMS j+j-, j+j+, jzjz, ETC TREATED AS ONE-BODY OPERATORS WITH UU+VV PAIRING FACTORS



 S. P. LEVEL   EQP       U     V        (UU + VV)**1.00

     25       4.116    0.116 0.993      1.000 1.000 0.999 0.983 0.979 0.975 0.936 0.852 0.670 0.424 0.402 0.363 0.300 0.294 0.241
     26       3.628    0.132 0.991      1.000 1.000 1.000 0.986 0.982 0.979 0.942 0.860 0.682 0.439 0.417 0.377 0.315 0.310 0.257
     27       3.077    0.156 0.988      0.999 1.000 1.000 0.989 0.987 0.984 0.950 0.872 0.700 0.460 0.439 0.400 0.338 0.333 0.280
     28       1.667    0.297 0.955      0.983 0.986 0.989 1.000 1.000 0.999 0.985 0.934 0.796 0.584 0.564 0.529 0.471 0.466 0.417
     29       1.582    0.315 0.949      0.979 0.982 0.987 1.000 1.000 1.000 0.988 0.940 0.807 0.599 0.580 0.545 0.488 0.483 0.434
     30       1.513    0.332 0.943      0.975 0.979 0.984 0.999 1.000 1.000 0.991 0.946 0.817 0.613 0.594 0.559 0.503 0.498 0.449
     31       1.165    0.457 0.889      0.936 0.942 0.950 0.985 0.988 0.991 1.000 0.981 0.888 0.715 0.698 0.667 0.616 0.611 0.567
     32       0.974    0.619 0.785      0.852 0.860 0.872 0.934 0.940 0.946 0.981 1.000 0.960 0.836 0.822 0.797 0.756 0.752 0.714
     33       1.002    0.815 0.580      0.670 0.682 0.700 0.796 0.807 0.817 0.888 0.960 1.000 0.956 0.949 0.935 0.909 0.907 0.882
     34       1.577    0.949 0.316      0.424 0.439 0.460 0.584 0.599 0.613 0.715 0.836 0.956 1.000 1.000 0.998 0.991 0.990 0.981
     35       1.689    0.956 0.293      0.402 0.417 0.439 0.564 0.580 0.594 0.698 0.822 0.949 1.000 1.000 0.999 0.994 0.993 0.986
     36       1.940    0.968 0.252      0.363 0.377 0.400 0.529 0.545 0.559 0.667 0.797 0.935 0.998 0.999 1.000 0.998 0.997 0.992
     37       2.569    0.982 0.188      0.300 0.315 0.338 0.471 0.488 0.503 0.616 0.756 0.909 0.991 0.994 0.998 1.000 1.000 0.998
     38       2.650    0.983 0.182      0.294 0.310 0.333 0.466 0.483 0.498 0.611 0.752 0.907 0.990 0.993 0.997 1.000 1.000 0.998
     39       3.748    0.992 0.127      0.241 0.257 0.280 0.417 0.434 0.449 0.567 0.714 0.882 0.981 0.986 0.992 0.998 0.998 1.000

  R CORE   ENERGY   A0R/A00=1.000    R3= 0     2  
   2( 1)    0.732                    1.000 0.000
   2( 2)  487.921                    0.000 1.000

  R CORE   ENERGY   A0R/A00=1.000    R3= 0     2  
   3( 1)  488.652                    0.000 1.000

  R CORE   ENERGY   A0R/A00=1.000    R3= 0     2     4  
   4( 1)    2.438                    1.000 0.000 0.000

  R CORE   ENERGY   A0R/A00=1.000    R3= 0     2     4  
   5( 1)  490.847                    0.000 1.000 0.000

  R CORE   ENERGY   A0R/A00=1.000    R3= 0     2     4     6  
   6( 1)    5.121                    1.000 0.000 0.000 0.000

  R CORE   ENERGY   A0R/A00=1.000    R3= 0     2     4     6  
   7( 1)  494.017                    0.000 1.000 0.000 0.000

          AXIAL SYMMETRY => K RESTRICTED TO OMEGA

                     K
     S.P. ORB#: 25  0.50
     S.P. ORB#: 26  2.50
     S.P. ORB#: 27 -3.50
     S.P. ORB#: 28  0.50
     S.P. ORB#: 29 -3.50
     S.P. ORB#: 30 -1.50
     S.P. ORB#: 31  4.50
     S.P. ORB#: 32  0.50
     S.P. ORB#: 33 -1.50
     S.P. ORB#: 34  2.50
     S.P. ORB#: 35 -1.50
     S.P. ORB#: 36  2.50
     S.P. ORB#: 37  0.50
     S.P. ORB#: 38 -3.50
     S.P. ORB#: 39  0.50
 

             ENERGY    K= OMEGA
 
 I=  1/2- (1)  2.813  28:-0.890
                      37:-0.456
 
 I=  1/2- (2)  2.894  25:-0.072
                      28: 0.454
                      37:-0.888
 
 I=  1/2- (3)  5.554  25: 0.997
                      37:-0.060
 
 I=  1/2- (4)  6.417  32: 0.655
                      39:-0.756
 
 I=  1/2- (5)  9.483  32:-0.756
                      39:-0.655

             ENERGY    K= OMEGA
 
 I=  3/2- (1)  2.173  25: 0.084
                      28: 0.311
                      30: 0.179
                      35: 0.925
                      37:-0.092
 
 I=  3/2- (2)  2.676  25:-0.084
                      28: 0.258
                      30:-0.952
                      35: 0.113
                      37: 0.087
 
 I=  3/2- (3)  2.980  25:-0.219
                      28:-0.840
                      30:-0.137
                      35: 0.359
                      37: 0.313
 
 I=  3/2- (4)  3.629  25:-0.167
                      28:-0.267
                      30:-0.139
                      37:-0.938
 
 I=  3/2- (5)  4.716  32:-0.824
                      33:-0.363
                      39: 0.436

             ENERGY    K= OMEGA
 
 I=  5/2- (1)  2.327  25: 0.144
                      28:-0.287
                      30:-0.425
                      35: 0.415
                      36: 0.731
                      37:-0.099
 
 I=  5/2- (2)  2.816  25: 0.086
                      26:-0.051
                      28: 0.118
                      30:-0.451
                      35:-0.836
                      36: 0.221
                      37:-0.157
 
 I=  5/2- (3)  2.972  25:-0.223
                      28: 0.485
                      30: 0.486
                      35:-0.108
                      36: 0.618
                      37: 0.292
 
 I=  5/2- (4)  3.726  25:-0.180
                      30: 0.310
                      36: 0.097
                      37:-0.927
 
 I=  5/2- (5)  4.180  25:-0.078
                      28: 0.786
                      30:-0.474
                      35: 0.337
                      36:-0.159
                      37:-0.113

             ENERGY    K= OMEGA
 
 I=  7/2- (1)  2.338  26: 0.218
                      27:-0.067
                      29:-0.972
 
 I=  7/2- (2)  2.987  28: 0.287
                      30:-0.359
                      35: 0.513
                      36:-0.722
 
 I=  7/2- (3)  3.191  32: 0.746
                      33: 0.562
                      34: 0.327
                      38: 0.128
                      39:-0.064
 
 I=  7/2- (4)  3.310  25:-0.273
                      28:-0.475
                      29: 0.058
                      30:-0.490
                      35:-0.549
                      36:-0.336
                      37: 0.204
 
 I=  7/2- (5)  4.206  27: 0.092
                      28: 0.513
                      30:-0.697
                      35:-0.086
                      36: 0.481

             ENERGY    K= OMEGA
 
 I=  9/2- (1)  1.973  26: 0.065
                      27:-0.232
                      29: 0.179
                      31: 0.954
 
 I=  9/2- (2)  3.241  26: 0.294
                      27: 0.098
                      28: 0.052
                      29: 0.920
                      30: 0.109
                      31:-0.167
                      36:-0.108
 
 I=  9/2- (3)  3.426  25:-0.312
                      26:-0.055
                      28: 0.434
                      29:-0.145
                      30: 0.571
                      35:-0.330
                      36:-0.469
                      37: 0.183
 
 I=  9/2- (4)  4.464  32: 0.244
                      33:-0.609
                      34: 0.645
                      38:-0.392
 
 I=  9/2- (5)  4.535  25: 0.220
                      26:-0.063
                      27: 0.061
                      28:-0.116
                      30:-0.424
                      35:-0.681
                      36:-0.422
                      37:-0.326

             ENERGY    K= OMEGA
 
 I= 11/2- (1)  2.346  32:-0.692
                      33:-0.577
                      34:-0.389
                      38:-0.189
 
 I= 11/2- (2)  2.983  26:-0.109
                      27:-0.311
                      29: 0.248
                      31:-0.911
 
 I= 11/2- (3)  4.376  26: 0.349
                      27:-0.128
                      29:-0.886
                      30:-0.080
                      31:-0.238
                      35:-0.055
                      36:-0.086
 
 I= 11/2- (4)  4.910  28:-0.355
                      30: 0.419
                      31:-0.053
                      35:-0.520
                      36: 0.649
 
 I= 11/2- (5)  5.178  25:-0.376
                      28:-0.530
                      29: 0.126
                      30:-0.519
                      35:-0.406
                      36:-0.272
                      37: 0.230

             ENERGY    K= OMEGA
 
 I= 13/2- (1)  4.213  26:-0.148
                      27: 0.361
                      29:-0.295
                      31:-0.872
 
 I= 13/2- (2)  4.595  32: 0.229
                      33:-0.588
                      34: 0.653
                      38:-0.418
 
 I= 13/2- (3)  5.328  25:-0.406
                      28: 0.473
                      29: 0.098
                      30: 0.595
                      35:-0.259
                      36:-0.369
                      37: 0.205
 
 I= 13/2- (4)  5.757  26: 0.384
                      27: 0.154
                      28:-0.077
                      29: 0.850
                      31:-0.293
                      35: 0.104
 
 I= 13/2- (5)  7.202  25: 0.220
                      26:-0.062
                      27: 0.068
                      28:-0.100
                      29: 0.068
                      30:-0.286
                      35:-0.660
                      36:-0.542
                      37:-0.339

             ENERGY     K= 1/2
  35 LEVELS    TIME=  0.0 SEC



 ******************* EXCITATION ENERGIES, DOMINANT CONFIGURATION AND EXPECTATION VALUES (WITH S.P. UU+VV FACTORS) *******************

  NR  Eex(keV)  I   Kdom  NY    <Jz>  <Jx**2> <Jy**2> <Jz**2> <I.j>/|I|  <Rx**2> <Ry**2> <Rz**2> <R.j>/|R|  <HROTx> <HROTy> <HROTz>

   1    0.0   9/2-   9/2  31    3.80    2.59    2.59   19.50    4.41       2.80    2.80    0.00   -1.17      0.341   0.341   0.000
   2  199.4   3/2-  -3/2  35   -1.28    1.88    1.88    2.03    1.48       1.92    1.92    0.00   -1.50      0.234   0.234   0.000
   3  353.9   5/2-   5/2  36    0.86    2.77    2.77    4.16    2.46       1.96    1.96   -0.00   -1.23      0.239   0.239  -0.000
   4  364.5   7/2-  -7/2  29   -3.20    2.31    2.31   11.94    3.40       2.67    2.67    0.00   -1.33      0.325   0.325   0.000
   5  372.9  11/2-   1/2  32   -0.01   26.11   26.11    2.25    6.72       4.95    4.95   -0.00   -4.55      0.604   0.604  -0.000
  
   6  702.8   3/2-  -3/2  30   -1.34    4.54    4.54    2.09    1.47       4.61    4.61    0.00   -2.74      0.562   0.562   0.000
   7  840.0   1/2-   1/2  28    0.50    4.04    4.04    0.25    0.71       3.93    3.93   -0.00   -2.75      0.479   0.479  -0.000
   8  842.4   5/2-  -3/2  35   -1.20    1.97    1.97    2.36    1.01       4.54    4.54    0.00   -1.10      0.553   0.553   0.000
   9  920.9   1/2-   1/2  37    0.50    1.90    1.90    0.25    0.39       2.06    2.06   -0.00   -1.83      0.252   0.252  -0.000
  10  999.0   5/2-   5/2  36    0.77    3.56    3.56    3.04    1.76       4.26    4.26   -0.00   -1.70      0.519   0.519  -0.000
  
  11 1006.8   3/2-   1/2  28    0.20    3.60    3.60    0.55    0.62       4.54    4.54    0.00   -2.17      0.554   0.554   0.000
  12 1010.1  11/2-   9/2  31    3.21    2.85    2.85   18.81    3.96       6.47    6.47    0.00   -0.24      0.789   0.789   0.000
  13 1014.1   7/2-   5/2  36    0.75    2.47    2.47    4.20    1.91       4.87    4.87   -0.00   -0.50      0.594   0.594  -0.000
  14 1218.1   7/2-   1/2  32    0.02   25.28   25.28    1.72    6.40       8.63    8.63    0.00   -6.47      1.053   1.053   0.000
  15 1267.6   9/2-  -7/2  29   -2.64    2.47    2.47   11.69    2.95       6.02    6.02    0.00   -0.56      0.734   0.734   0.000
  
  16 1336.9   7/2-  -3/2  35   -0.37    2.86    2.86    2.06    1.50       5.83    5.83    0.00   -0.54      0.710   0.710   0.000
  17 1452.6   9/2-  -3/2  30   -0.00    4.07    4.07    2.75    2.37       6.05    6.05   -0.00    0.26      0.737   0.737  -0.000
  18 1655.8   3/2-   1/2  37    0.46    1.72    1.72    0.29   -0.40       4.52    4.52   -0.00   -1.50      0.551   0.551  -0.000
  19 1753.0   5/2-   1/2  37    0.33    1.69    1.69    0.50    0.45       4.99    4.99    0.00   -0.81      0.608   0.608   0.000
  20 2207.2   5/2-   1/2  28   -0.13    4.24    4.24    1.08   -0.39      10.30   10.30    0.00   -2.36      1.256   1.256   0.000
  
  21 2233.1   7/2-  -3/2  30   -0.05    3.78    3.78    2.74    0.67      10.38   10.38    0.00   -1.68      1.265   1.265   0.000
  22 2240.1  13/2-   9/2  31    2.71    3.07    3.07   18.18    3.64      11.11   11.11    0.00    0.23      1.354   1.354   0.000
  23 2402.6  11/2-  -7/2  29   -2.24    2.55    2.55   11.80    2.66      10.41   10.41    0.00   -0.22      1.269   1.269   0.000
  24 2490.5   9/2-   5/2  34   -0.02   25.70   25.70    5.33    5.74      12.18   12.18   -0.00   -5.71      1.485   1.485  -0.000
  25 2561.5   9/2-  -3/2  35   -0.45    2.33    2.33    2.71    1.08      10.70   10.70    0.00   -0.43      1.305   1.305   0.000
  
  26 2622.0  13/2-   5/2  34   -0.04   25.68   25.68    5.60    5.77      12.55   12.55   -0.00   -3.32      1.530   1.530  -0.000
  27 2742.9   3/2-   1/2  32    0.24   19.48   19.48    0.51    4.36      13.17   13.17    0.00   -6.05      1.606   1.606   0.000
  28 2937.0  11/2-   5/2  36    0.46    2.76    2.76    3.76    1.61      12.90   12.90    0.00    0.07      1.572   1.572   0.000
  29 3205.3  11/2-   1/2  28   -0.28    3.35    3.35    1.77    1.55      12.86   12.86    0.00    0.15      1.568   1.568   0.000
  30 3355.4  13/2-  -3/2  30   -0.11    4.61    4.61    2.04    2.40      13.25   13.25    0.00    1.07      1.616   1.616   0.000
  
  31 3581.0   1/2-   1/2  25    0.50    6.03    6.03    0.25    0.69       5.94    5.94   -0.00   -3.40      0.724   0.724  -0.000
  32 3784.1  13/2-  -7/2  29   -1.87    2.66    2.66   11.83    2.45      15.86   15.86    0.00   -0.01      1.933   1.933   0.000
  33 4444.3   1/2-   1/2  39    0.50   13.40   13.40    0.25   -2.22      15.82   15.82    0.00   -5.15      1.929   1.929   0.000
  34 5229.1  13/2-  -3/2  35    0.03    2.14    2.14    3.23    0.96      21.42   21.42    0.00   -0.12      2.612   2.612   0.000
  35 7510.0   1/2-   1/2  32    0.50   26.37   26.37    0.25   -3.64      30.02   30.02    0.00   -7.24      3.660   3.660   0.000
  
