1SPECTRUM OF (Z= 82 A=207) IN PARTICLE-ROTOR  MODEL WITH MODIFIED OSCILLATOR POTENTIAL


 PARITY=-   EPS= 0.345   GAMMA=  0.0   EPS4=0.000   EPS6=0.000   LEVELS:  24  25  26  27  28  29  30  31  32  33  34  35  36  37  38

 PAIRING FACTORS: GN0= 19.20  GN1=  7.40  IPAIR= 15 ***  E2PLUS(INPUT)=   0.730  E2PLUR(INPUT)=   0.000

 CORIOLIS ATTENUATION PARAMETERS:  CHSI=1.000  ETA=  1.00

 MOMENT OF INERTIA PARAMETERS:   A1=  0.122 MEV   A2=  0.122 MEV   A3=121.91922 MEV


 DELTA=0.903 MEV  LAMBDA=53.3617 MEV   HW0= 7.5195 MEV   LAMBDA/HW0= 7.0964

 E2ENERGY=0.730 MEV  HBAR**2/B=22069./A**(7/3)=3730.8/A**2 MEV

 IREC=0  =>  RECOIL TERMS j+j-, j+j+, jzjz, ETC TREATED AS ONE-BODY OPERATORS WITH UU+VV PAIRING FACTORS



 S. P. LEVEL   EQP       U     V        (UU + VV)**1.00

     24       4.525    0.100 0.995      1.000 1.000 0.999 0.997 0.991 0.957 0.956 0.936 0.819 0.616 0.605 0.300 0.295 0.269 0.253
     25       4.217    0.108 0.994      1.000 1.000 0.999 0.997 0.992 0.959 0.958 0.938 0.823 0.622 0.611 0.307 0.302 0.277 0.260
     26       3.091    0.148 0.989      0.999 0.999 1.000 0.999 0.996 0.970 0.969 0.951 0.845 0.653 0.642 0.345 0.340 0.315 0.299
     27       2.533    0.181 0.983      0.997 0.997 0.999 1.000 0.999 0.978 0.977 0.961 0.863 0.679 0.668 0.377 0.372 0.347 0.331
     28       1.982    0.234 0.972      0.991 0.992 0.996 0.999 1.000 0.988 0.987 0.975 0.889 0.717 0.707 0.427 0.422 0.398 0.382
     29       1.274    0.384 0.924      0.957 0.959 0.970 0.978 0.988 1.000 1.000 0.998 0.950 0.818 0.809 0.563 0.559 0.536 0.522
     30       1.262    0.388 0.922      0.956 0.958 0.969 0.977 0.987 1.000 1.000 0.998 0.951 0.821 0.812 0.567 0.563 0.541 0.526
     31       1.133    0.445 0.896      0.936 0.938 0.951 0.961 0.975 0.998 0.998 1.000 0.969 0.855 0.847 0.617 0.613 0.592 0.578
     32       0.912    0.653 0.757      0.819 0.823 0.845 0.863 0.889 0.950 0.951 0.969 1.000 0.957 0.952 0.793 0.790 0.774 0.763
     33       0.999    0.845 0.534      0.616 0.622 0.653 0.679 0.717 0.818 0.821 0.855 0.957 1.000 1.000 0.936 0.934 0.924 0.918
     34       1.013    0.853 0.522      0.605 0.611 0.642 0.668 0.707 0.809 0.812 0.847 0.952 1.000 1.000 0.941 0.939 0.930 0.923
     35       2.269    0.979 0.203      0.300 0.307 0.345 0.377 0.427 0.563 0.567 0.617 0.793 0.936 0.941 1.000 1.000 0.999 0.999
     36       2.326    0.980 0.198      0.295 0.302 0.340 0.372 0.422 0.559 0.563 0.613 0.790 0.934 0.939 1.000 1.000 1.000 0.999
     37       2.670    0.985 0.172      0.269 0.277 0.315 0.347 0.398 0.536 0.541 0.592 0.774 0.924 0.930 0.999 1.000 1.000 1.000
     38       2.951    0.988 0.155      0.253 0.260 0.299 0.331 0.382 0.522 0.526 0.578 0.763 0.918 0.923 0.999 0.999 1.000 1.000

  R CORE   ENERGY   A0R/A00=1.000    R3= 0     2  
   2( 1)    0.732                    1.000 0.000
   2( 2)  487.921                    0.000 1.000

  R CORE   ENERGY   A0R/A00=1.000    R3= 0     2  
   3( 1)  488.652                    0.000 1.000

  R CORE   ENERGY   A0R/A00=1.000    R3= 0     2     4  
   4( 1)    2.438                    1.000 0.000 0.000

  R CORE   ENERGY   A0R/A00=1.000    R3= 0     2     4  
   5( 1)  490.847                    0.000 1.000 0.000

  R CORE   ENERGY   A0R/A00=1.000    R3= 0     2     4     6  
   6( 1)    5.121                    1.000 0.000 0.000 0.000

  R CORE   ENERGY   A0R/A00=1.000    R3= 0     2     4     6  
   7( 1)  494.017                    0.000 1.000 0.000 0.000

          AXIAL SYMMETRY => K RESTRICTED TO OMEGA

                     K
     S.P. ORB#: 24 -5.50
     S.P. ORB#: 25  0.50
     S.P. ORB#: 26  2.50
     S.P. ORB#: 27 -3.50
     S.P. ORB#: 28  0.50
     S.P. ORB#: 29 -1.50
     S.P. ORB#: 30  0.50
     S.P. ORB#: 31 -1.50
     S.P. ORB#: 32 -3.50
     S.P. ORB#: 33  2.50
     S.P. ORB#: 34  4.50
     S.P. ORB#: 35 -3.50
     S.P. ORB#: 36  0.50
     S.P. ORB#: 37 -1.50
     S.P. ORB#: 38  2.50
 

             ENERGY    K= OMEGA
 
 I=  1/2- (1)  2.512  30: 0.999
 
 I=  1/2- (2)  5.692  28:-0.343
                      36: 0.939
 
 I=  1/2- (3)  5.811  25: 0.999
 
 I=  1/2- (4)  8.778  28:-0.939
                      36:-0.343
 
 I=  1/2- (5)147.436  31: 1.000

             ENERGY    K= OMEGA
 
 I=  3/2- (1)  2.386  25: 0.084
                      30:-0.241
                      31: 0.966
 
 I=  3/2- (2)  2.553  25:-0.202
                      30:-0.898
                      31:-0.194
                      37:-0.339

             ENERGY    K= OMEGA
 
 I=  5/2- (1)  2.515  25:-0.263
                      30: 0.458
                      31: 0.795
                      37:-0.122
                      38:-0.271
 
 I=  5/2- (2)  3.360  26:-0.063
                      30: 0.678
                      31:-0.443
                      37:-0.566
                      38: 0.133
 
 I=  5/2- (3)  3.664  25:-0.119
                      30: 0.263
                      31: 0.160
                      37: 0.394
                      38: 0.857
 
 I=  5/2- (4)  4.328  26: 0.088
                      30: 0.469
                      31:-0.318
                      37: 0.704
                      38:-0.417
 
 I=  5/2- (5)  4.881  26: 0.993
                      37:-0.113

             ENERGY    K= OMEGA
 
 I=  7/2- (1)  1.729  26:-0.186
                      32: 0.981
 
 I=  7/2- (2)  3.335  25:-0.137
                      30: 0.264
                      31:-0.836
                      37: 0.147
                      38:-0.435
 
 I=  7/2- (3)  3.504  25:-0.313
                      30:-0.819
                      31:-0.266
                      37:-0.397
 
 I=  7/2- (4)  3.639  28:-0.698
                      29:-0.584
                      33:-0.380
                      35:-0.165
 
 I=  7/2- (5)  4.370  26:-0.209
                      27:-0.887
                      30:-0.150
                      31: 0.167
                      37: 0.165
                      38:-0.302

             ENERGY    K= OMEGA
 
 I=  9/2- (1)  1.919  26:-0.078
                      27: 0.181
                      32:-0.266
                      34:-0.943
 
 I=  9/2- (2)  2.709  26: 0.254
                      27: 0.092
                      32: 0.923
                      34:-0.264
 
 I=  9/2- (3)  3.570  25:-0.375
                      30: 0.495
                      31: 0.701
                      32:-0.062
                      37:-0.181
                      38:-0.292
 
 I=  9/2- (4)  4.649  28:-0.221
                      29: 0.560
                      33:-0.671
                      35: 0.432
 
 I=  9/2- (5)  5.201  26: 0.098
                      30:-0.577
                      31: 0.484
                      32:-0.057
                      37: 0.614
                      38:-0.203

             ENERGY    K= OMEGA
 
 I= 11/2- (1)  3.009  28:-0.670
                      29:-0.580
                      33:-0.408
                      35:-0.212
                      36:-0.058
 
 I= 11/2- (2)  3.023  26:-0.131
                      27:-0.246
                      32: 0.361
                      34:-0.889
 
 I= 11/2- (3)  3.921  26:-0.296
                      27: 0.135
                      31: 0.062
                      32: 0.869
                      34: 0.360
                      38: 0.063
 
 I= 11/2- (4)  5.236  25: 0.244
                      30:-0.093
                      31: 0.824
                      32:-0.085
                      37:-0.130
                      38: 0.477
 
 I= 11/2- (5)  5.358  25: 0.338
                      30: 0.825
                      31: 0.107
                      37: 0.429
                      38:-0.085

             ENERGY    K= OMEGA
 
 I= 13/2- (1)  4.346  26: 0.177
                      27:-0.287
                      32: 0.422
                      34: 0.841
 
 I= 13/2- (2)  5.088  28: 0.217
                      29:-0.551
                      33: 0.668
                      35:-0.450
 
 I= 13/2- (3)  5.336  25: 0.185
                      26:-0.297
                      27:-0.164
                      30:-0.196
                      31:-0.301
                      32:-0.738
                      34: 0.384
                      37: 0.052
                      38: 0.163
 
 I= 13/2- (4)  5.545  25: 0.405
                      26: 0.132
                      27: 0.058
                      30:-0.465
                      31:-0.587
                      32: 0.369
                      34:-0.178
                      37: 0.186
                      38: 0.229
 
 I= 13/2- (5)  7.455  24: 0.999

             ENERGY     K= 5/2
  32 LEVELS    TIME=  0.0 SEC



 ******************* EXCITATION ENERGIES, DOMINANT CONFIGURATION AND EXPECTATION VALUES (WITH S.P. UU+VV FACTORS) *******************

  NR  Eex(keV)  I   Kdom  NY    <Jz>  <Jx**2> <Jy**2> <Jz**2> <I.j>/|I|  <Rx**2> <Ry**2> <Rz**2> <R.j>/|R|  <HROTx> <HROTy> <HROTz>

   1    0.0   7/2-  -7/2  32   -3.29    2.31    2.31   12.03    3.32       3.02    3.02   -0.00   -1.41      0.368   0.368  -0.000
   2  190.2   9/2-   9/2  34    3.66    2.52    2.52   19.33    4.24       3.49    3.49    0.00   -1.25      0.425   0.425   0.000
   3  656.7   3/2-  -3/2  31   -1.37    4.79    4.79    2.12    1.40       5.01    5.01    0.00   -2.84      0.611   0.611   0.000
   4  783.3   1/2-   1/2  30    0.50    4.83    4.83    0.25    0.26       5.10    5.10    0.00   -3.03      0.622   0.622   0.000
   5  786.2   5/2-  -3/2  31   -0.65    4.87    4.87    1.99    2.10       4.04    4.04    0.00   -1.95      0.492   0.492   0.000
  
   6  824.2   3/2-   1/2  30    0.20    4.23    4.23    0.55    1.15       4.16    4.16    0.00   -2.35      0.507   0.507   0.000
   7  980.0   9/2-  -7/2  32   -2.53    2.40    2.40   12.38    2.87       6.68    6.68   -0.00   -0.79      0.814   0.814  -0.000
   8 1279.8  11/2-   1/2  28   -0.02   24.03   24.03    2.46    6.24       5.80    5.80   -0.00   -3.87      0.707   0.707  -0.000
   9 1293.6  11/2-   9/2  34    2.93    2.73    2.73   18.48    3.69       7.76    7.76    0.00   -0.47      0.946   0.946   0.000
  10 1606.0   7/2-  -3/2  31   -0.57    4.33    4.33    2.85    1.62       7.20    7.20    0.00   -1.34      0.878   0.878   0.000
  
  11 1630.8   5/2-   1/2  30   -0.49    3.60    3.60    1.41    0.67       6.69    6.69    0.00   -1.81      0.815   0.815   0.000
  12 1775.0   7/2-   1/2  30    0.04    4.08    4.08    0.72    1.31       7.12    7.12    0.00   -0.98      0.868   0.868   0.000
  13 1841.3   9/2-  -3/2  31   -0.39    5.02    5.02    1.86    2.23       7.25    7.25    0.00   -0.22      0.884   0.884   0.000
  14 1910.3   7/2-   1/2  28   -0.00   23.66   23.66    2.12    6.11       8.34    8.34   -0.00   -6.17      1.016   1.016  -0.000
  15 1934.8   5/2-   5/2  38    1.61    2.14    2.14    5.03    1.80       3.70    3.70    0.00   -1.46      0.451   0.451   0.000
  
  16 2191.7  11/2-  -7/2  32   -1.90    2.49    2.49   12.70    2.57      11.33   11.33   -0.00   -0.48      1.381   1.381  -0.000
  17 2598.8   5/2-  -3/2  37   -0.33    2.98    2.98    2.54    0.05       8.48    8.48    0.00   -2.03      1.034   1.034   0.000
  18 2617.3  13/2-   9/2  34    2.34    2.91    2.91   17.73    3.32      12.94   12.94    0.00   -0.07      1.578   1.578   0.000
  19 2641.3   7/2-  -7/2  27   -2.49    5.57    5.57   10.62    2.83       7.54    7.54    0.00   -2.72      0.920   0.920   0.000
  20 2920.1   9/2-   5/2  33    0.03   24.37   24.37    5.82    5.27      13.44   13.44    0.00   -5.47      1.639   1.639   0.000
  
  21 3152.3   5/2-   5/2  26    2.45    5.98    5.98    6.19    2.06       7.37    7.37    0.00   -3.14      0.898   0.898   0.000
  22 3359.3  13/2-   5/2  33   -0.02   24.37   24.37    5.97    5.23      15.18   15.18    0.00   -3.29      1.851   1.851   0.000
  23 3471.7   9/2-  -3/2  37   -0.64    3.30    3.30    1.83    0.57      13.74   13.74    0.00   -1.06      1.675   1.675   0.000
  24 3506.5  11/2-  -3/2  31   -0.46    4.26    4.26    3.12    1.58      14.27   14.27    0.00   -0.42      1.740   1.740   0.000
  25 3606.4  13/2-  -7/2  32   -1.16    3.04    3.04   10.95    2.38      16.26   16.26    0.00   -0.07      1.983   1.983   0.000
  
  26 3629.0  11/2-   1/2  30    0.12    4.03    4.03    0.71    1.33      14.30   14.30    0.00   -0.15      1.743   1.743   0.000
  27 3816.3  13/2-  -3/2  31   -0.55    4.73    4.73    3.74    2.25      15.28   15.28    0.00    0.45      1.862   1.862   0.000
  28 3963.3   1/2-   1/2  36    0.50   12.31   12.31    0.25   -1.34      13.97   13.97    0.00   -4.92      1.703   1.703   0.000
  29 4082.3   1/2-   1/2  25    0.50    6.64    6.64    0.25    0.66       6.57    6.57    0.00   -3.57      0.800   0.800   0.000
  30 5725.5  13/2- -11/2  24   -5.49    2.76    2.76   30.20    4.32      12.04   12.04    0.00   -1.13      1.468   1.468   0.000
  
  31 7049.3   1/2-   1/2  28    0.50   24.15   24.15    0.25   -3.53      27.71   27.71    0.00   -6.93      3.378   3.378   0.000
  32*******   1/2-  -3/2  31    0.00    0.00    0.00    0.00   -0.00       0.00    0.00    0.00   -0.00      0.000   0.000   0.000
