1SPECTRUM OF (Z= 82 A=207) IN PARTICLE-ROTOR  MODEL WITH MODIFIED OSCILLATOR POTENTIAL


 PARITY=-   EPS= 0.270   GAMMA=  0.0   EPS4=0.000   EPS6=0.000   LEVELS:  24  25  26  27  28  29  30  31  32  33  34  35  36  37  38

 PAIRING FACTORS: GN0= 19.20  GN1=  7.40  IPAIR= 15 ***  E2PLUS(INPUT)=   0.730  E2PLUR(INPUT)=   0.000

 CORIOLIS ATTENUATION PARAMETERS:  CHSI=1.000  ETA=  1.00

 MOMENT OF INERTIA PARAMETERS:   A1=  0.122 MEV   A2=  0.122 MEV   A3=121.91924 MEV


 DELTA=0.946 MEV  LAMBDA=53.3363 MEV   HW0= 7.4756 MEV   LAMBDA/HW0= 7.1347

 E2ENERGY=0.730 MEV  HBAR**2/B=13517./A**(7/3)=2285.0/A**2 MEV

 IREC=0  =>  RECOIL TERMS j+j-, j+j+, jzjz, ETC TREATED AS ONE-BODY OPERATORS WITH UU+VV PAIRING FACTORS



 S. P. LEVEL   EQP       U     V        (UU + VV)**1.00

     24       5.085    0.093 0.996      1.000 1.000 0.999 0.998 0.979 0.977 0.972 0.935 0.825 0.639 0.399 0.389 0.348 0.282 0.272
     25       4.118    0.116 0.993      1.000 1.000 1.000 0.999 0.984 0.981 0.977 0.943 0.838 0.656 0.419 0.410 0.369 0.303 0.293
     26       3.657    0.130 0.991      0.999 1.000 1.000 1.000 0.986 0.984 0.980 0.948 0.846 0.667 0.433 0.423 0.382 0.318 0.308
     27       3.106    0.154 0.988      0.998 0.999 1.000 1.000 0.990 0.988 0.984 0.955 0.858 0.685 0.454 0.445 0.404 0.340 0.330
     28       1.689    0.293 0.956      0.979 0.984 0.986 0.990 1.000 1.000 0.999 0.987 0.922 0.781 0.576 0.568 0.530 0.470 0.461
     29       1.626    0.305 0.952      0.977 0.981 0.984 0.988 1.000 1.000 1.000 0.989 0.928 0.789 0.587 0.578 0.541 0.482 0.473
     30       1.534    0.326 0.945      0.972 0.977 0.980 0.984 0.999 1.000 1.000 0.992 0.935 0.803 0.604 0.596 0.559 0.501 0.492
     31       1.196    0.440 0.898      0.935 0.943 0.948 0.955 0.987 0.989 0.992 1.000 0.972 0.870 0.698 0.690 0.657 0.604 0.595
     32       0.962    0.639 0.769      0.825 0.838 0.846 0.858 0.922 0.928 0.935 0.972 1.000 0.962 0.847 0.841 0.816 0.774 0.768
     33       1.015    0.826 0.564      0.639 0.656 0.667 0.685 0.781 0.789 0.803 0.870 0.962 1.000 0.960 0.957 0.943 0.918 0.914
     34       1.596    0.950 0.312      0.399 0.419 0.433 0.454 0.576 0.587 0.604 0.698 0.847 0.960 1.000 1.000 0.998 0.992 0.991
     35       1.643    0.953 0.302      0.389 0.410 0.423 0.445 0.568 0.578 0.596 0.690 0.841 0.957 1.000 1.000 0.999 0.993 0.992
     36       1.892    0.966 0.259      0.348 0.369 0.382 0.404 0.530 0.541 0.559 0.657 0.816 0.943 0.998 0.999 1.000 0.998 0.997
     37       2.519    0.982 0.191      0.282 0.303 0.318 0.340 0.470 0.482 0.501 0.604 0.774 0.918 0.992 0.993 0.998 1.000 1.000
     38       2.656    0.983 0.181      0.272 0.293 0.308 0.330 0.461 0.473 0.492 0.595 0.768 0.914 0.991 0.992 0.997 1.000 1.000

  R CORE   ENERGY   A0R/A00=1.000    R3= 0     2  
   2( 1)    0.732                    1.000 0.000
   2( 2)  487.921                    0.000 1.000

  R CORE   ENERGY   A0R/A00=1.000    R3= 0     2  
   3( 1)  488.652                    0.000 1.000

  R CORE   ENERGY   A0R/A00=1.000    R3= 0     2     4  
   4( 1)    2.438                    1.000 0.000 0.000

  R CORE   ENERGY   A0R/A00=1.000    R3= 0     2     4  
   5( 1)  490.847                    0.000 1.000 0.000

  R CORE   ENERGY   A0R/A00=1.000    R3= 0     2     4     6  
   6( 1)    5.121                    1.000 0.000 0.000 0.000

  R CORE   ENERGY   A0R/A00=1.000    R3= 0     2     4     6  
   7( 1)  494.017                    0.000 1.000 0.000 0.000

          AXIAL SYMMETRY => K RESTRICTED TO OMEGA

                     K
     S.P. ORB#: 24  2.50
     S.P. ORB#: 25  0.50
     S.P. ORB#: 26  2.50
     S.P. ORB#: 27 -3.50
     S.P. ORB#: 28  0.50
     S.P. ORB#: 29 -3.50
     S.P. ORB#: 30 -1.50
     S.P. ORB#: 31  4.50
     S.P. ORB#: 32  0.50
     S.P. ORB#: 33 -1.50
     S.P. ORB#: 34  2.50
     S.P. ORB#: 35 -1.50
     S.P. ORB#: 36  2.50
     S.P. ORB#: 37  0.50
     S.P. ORB#: 38 -3.50
 

             ENERGY    K= OMEGA
 
 I=  1/2- (1)  2.803  28: 0.578
                      37: 0.816
 
 I=  1/2- (2)  2.871  25:-0.067
                      28: 0.815
                      37:-0.575
 
 I=  1/2- (3)  5.548  25: 0.997
                      37:-0.059
 
 I=  1/2- (4)  8.188  32: 1.000
 
 I=  1/2- (5)147.318  33: 1.000

             ENERGY    K= OMEGA
 
 I=  3/2- (1)  2.134  25: 0.078
                      28: 0.293
                      30: 0.166
                      35: 0.934
                      37:-0.088
 
 I=  3/2- (2)  2.692  25:-0.087
                      28: 0.244
                      30:-0.955
                      35: 0.109
                      37: 0.097

             ENERGY    K= OMEGA
 
 I=  5/2- (1)  2.295  25:-0.134
                      28: 0.271
                      30: 0.398
                      35:-0.428
                      36:-0.747
                      37: 0.093
 
 I=  5/2- (2)  2.777  25: 0.085
                      26:-0.054
                      28: 0.114
                      30:-0.447
                      35:-0.832
                      36: 0.245
                      37:-0.157
 
 I=  5/2- (3)  2.940  24: 0.064
                      25:-0.225
                      28: 0.477
                      30: 0.511
                      35:-0.119
                      36: 0.592
                      37: 0.304
 
 I=  5/2- (4)  3.675  25:-0.180
                      28: 0.051
                      30: 0.315
                      36: 0.093
                      37:-0.925
 
 I=  5/2- (5)  4.177  24: 0.061
                      25: 0.085
                      28:-0.796
                      30: 0.464
                      35:-0.329
                      36: 0.145
                      37: 0.108

             ENERGY    K= OMEGA
 
 I=  7/2- (1)  2.372  26:-0.220
                      27: 0.085
                      29: 0.968
                      36: 0.052
 
 I=  7/2- (2)  2.947  27: 0.060
                      28:-0.272
                      30: 0.359
                      35:-0.510
                      36: 0.728
 
 I=  7/2- (3)  3.205  32: 0.739
                      33: 0.571
                      34: 0.333
                      38: 0.130
 
 I=  7/2- (4)  3.279  24:-0.065
                      25: 0.267
                      27: 0.050
                      28: 0.457
                      29:-0.078
                      30: 0.495
                      35: 0.567
                      36: 0.314
                      37:-0.203
 
 I=  7/2- (5)  4.142  24:-0.155
                      27: 0.129
                      28:-0.469
                      30: 0.680
                      36:-0.523

             ENERGY    K= OMEGA
 
 I=  9/2- (1)  1.978  24: 0.061
                      26:-0.059
                      27: 0.257
                      29:-0.165
                      31:-0.948
 
 I=  9/2- (2)  3.242  24:-0.091
                      25: 0.119
                      26:-0.276
                      27:-0.139
                      28:-0.141
                      29:-0.859
                      30:-0.252
                      31: 0.111
                      35: 0.058
                      36: 0.203
                      37:-0.071
 
 I=  9/2- (3)  3.398  24:-0.053
                      25: 0.288
                      26: 0.122
                      28:-0.400
                      29: 0.354
                      30:-0.531
                      31:-0.105
                      35: 0.322
                      36: 0.433
                      37:-0.170
 
 I=  9/2- (4)  4.467  32:-0.246
                      33: 0.609
                      34:-0.644
                      38: 0.392
 
 I=  9/2- (5)  4.472  24:-0.094
                      25: 0.207
                      28:-0.085
                      29: 0.076
                      30:-0.429
                      35:-0.695
                      36:-0.412
                      37:-0.310

             ENERGY    K= OMEGA
 
 I= 11/2- (1)  2.339  32:-0.696
                      33:-0.574
                      34:-0.388
                      38:-0.189
 
 I= 11/2- (2)  2.936  24: 0.106
                      26:-0.096
                      27:-0.359
                      29: 0.215
                      31:-0.896
 
 I= 11/2- (3)  4.351  24: 0.114
                      25:-0.059
                      26: 0.344
                      27:-0.175
                      29:-0.873
                      30:-0.167
                      31:-0.152
                      36:-0.134
 
 I= 11/2- (4)  4.851  24: 0.079
                      26:-0.081
                      27:-0.064
                      28: 0.302
                      29: 0.125
                      30:-0.462
                      31: 0.124
                      35: 0.479
                      36:-0.645
 
 I= 11/2- (5)  5.133  24:-0.093
                      25: 0.363
                      28: 0.540
                      29:-0.184
                      30: 0.475
                      31:-0.092
                      35: 0.469
                      36: 0.165
                      37:-0.226

             ENERGY    K= OMEGA
 
 I= 13/2- (1)  4.087  24: 0.152
                      26:-0.123
                      27: 0.429
                      29:-0.237
                      30: 0.077
                      31:-0.843
                      36:-0.053
 
 I= 13/2- (2)  4.593  32: 0.233
                      33:-0.588
                      34: 0.653
                      38:-0.417
 
 I= 13/2- (3)  5.236  24:-0.123
                      25: 0.387
                      26:-0.099
                      27:-0.065
                      28:-0.437
                      29:-0.232
                      30:-0.594
                      31:-0.098
                      35: 0.226
                      36: 0.353
                      37:-0.196
 
 I= 13/2- (4)  5.736  24: 0.093
                      25: 0.102
                      26: 0.378
                      27: 0.179
                      28:-0.155
                      29: 0.833
                      30:-0.098
                      31:-0.211
                      35: 0.165
                      36: 0.059
 
 I= 13/2- (5)  7.143  24: 0.084
                      25:-0.204
                      28: 0.060
                      29:-0.100
                      30: 0.300
                      35: 0.683
                      36: 0.525
                      37: 0.323

             ENERGY     K=-7/2
  32 LEVELS    TIME=  0.0 SEC



 ******************* EXCITATION ENERGIES, DOMINANT CONFIGURATION AND EXPECTATION VALUES (WITH S.P. UU+VV FACTORS) *******************

  NR  Eex(keV)  I   Kdom  NY    <Jz>  <Jx**2> <Jy**2> <Jz**2> <I.j>/|I|  <Rx**2> <Ry**2> <Rz**2> <R.j>/|R|  <HROTx> <HROTy> <HROTz>

   1    0.0   9/2-   9/2  31    3.73    2.67    2.67   19.39    4.46       2.54    2.54   -0.00   -1.12      0.310   0.310  -0.000
   2  155.5   3/2-  -3/2  35   -1.30    1.85    1.85    2.05    1.46       1.92    1.92   -0.00   -1.49      0.234   0.234  -0.000
   3  317.0   5/2-   5/2  36    0.93    2.66    2.66    4.28    2.44       1.95    1.95   -0.00   -1.20      0.237   0.237  -0.000
   4  361.3  11/2-   1/2  32   -0.00   25.94   25.94    2.24    6.69       4.94    4.94   -0.00   -4.49      0.602   0.602  -0.000
   5  393.9   7/2-  -7/2  29   -3.18    2.28    2.28   11.90    3.41       2.59    2.59    0.00   -1.29      0.315   0.315   0.000
  
   6  713.6   3/2-  -3/2  30   -1.35    4.53    4.53    2.10    1.48       4.59    4.59    0.00   -2.74      0.559   0.559   0.000
   7  799.0   5/2-  -3/2  35   -1.15    1.97    1.97    2.42    1.04       4.47    4.47   -0.00   -1.10      0.545   0.545  -0.000
   8  824.6   1/2-   1/2  37    0.50    2.63    2.63    0.25    0.97       2.30    2.30    0.00   -2.18      0.280   0.280   0.000
   9  892.5   1/2-   1/2  28    0.50    3.29    3.29    0.25    0.14       3.67    3.67    0.00   -2.48      0.448   0.448   0.000
  10  958.2  11/2-   9/2  31    3.05    3.07    3.07   18.52    4.09       5.77    5.77   -0.00   -0.06      0.703   0.703  -0.000
  
  11  962.0   5/2-   5/2  36    0.66    3.60    3.60    2.93    1.79       4.13    4.13    0.00   -1.68      0.504   0.504   0.000
  12  969.4   7/2-   5/2  36    0.77    2.49    2.49    4.28    1.94       4.81    4.81   -0.00   -0.50      0.586   0.586  -0.000
  13 1227.3   7/2-   1/2  32    0.00   25.97   25.97    1.77    6.55       8.72    8.72   -0.00   -6.63      1.064   1.064  -0.000
  14 1263.9   9/2-  -7/2  29   -2.36    2.63    2.63   10.46    2.94       5.59    5.59    0.00   -0.32      0.682   0.682   0.000
  15 1300.9   7/2-  -3/2  35   -0.46    2.87    2.87    2.11    1.53       5.72    5.72    0.00   -0.52      0.698   0.698   0.000
  
  16 1420.0   9/2-  -3/2  30   -0.32    3.92    3.92    3.98    2.47       6.02    6.02    0.00    0.13      0.734   0.734   0.000
  17 1697.3   5/2-   1/2  37    0.32    1.70    1.70    0.51    0.47       4.95    4.95    0.00   -0.80      0.603   0.603   0.000
  18 2108.6  13/2-   9/2  31    2.45    3.47    3.47   17.58    3.85       9.76    9.76   -0.00    0.53      1.190   1.190  -0.000
  19 2164.2   7/2-  -3/2  30    0.10    3.74    3.74    3.17    0.89       9.67    9.67    0.00   -1.62      1.179   1.179   0.000
  20 2199.4   5/2-   1/2  28   -0.10    4.27    4.27    1.05   -0.34      10.18   10.18   -0.00   -2.35      1.241   1.241  -0.000
  
  21 2372.8  11/2-  -7/2  29   -2.34    2.55    2.55   11.17    2.71       9.81    9.81    0.00   -0.02      1.196   1.196   0.000
  22 2489.0   9/2-   5/2  34   -0.02   25.73   25.73    5.32    5.75      12.15   12.15   -0.00   -5.71      1.481   1.481  -0.000
  23 2494.4   9/2-  -3/2  35   -0.49    2.24    2.24    2.75    1.09      10.58   10.58    0.00   -0.40      1.290   1.290   0.000
  24 2614.6  13/2-   5/2  34   -0.04   25.68   25.68    5.59    5.78      12.50   12.50    0.00   -3.32      1.524   1.524   0.000
  25 2873.2  11/2-   5/2  36    0.46    2.97    2.97    4.26    1.73      12.66   12.66    0.00    0.02      1.543   1.543   0.000
  
  26 3155.0  11/2-   1/2  28   -0.42    3.31    3.31    1.95    1.58      12.69   12.69    0.00    0.18      1.547   1.547   0.000
  27 3257.7  13/2-  -3/2  30   -0.20    4.54    4.54    2.85    2.52      12.77   12.77   -0.00    1.12      1.557   1.557  -0.000
  28 3569.6   1/2-   1/2  25    0.50    6.00    6.00    0.25    0.69       5.90    5.90    0.00   -3.39      0.720   0.720   0.000
  29 3758.2  13/2-  -7/2  29   -1.99    2.71    2.71   10.87    2.47      15.31   15.31    0.00    0.17      1.866   1.866   0.000
  30 5164.5  13/2-  -3/2  35   -0.08    2.03    2.03    3.20    0.94      21.41   21.41   -0.00   -0.10      2.610   2.610  -0.000
  
  31 6210.4   1/2-   1/2  32    0.50   25.85   25.85    0.25   -3.80      29.64   29.64    0.00   -7.17      3.613   3.613   0.000
  32*******   1/2-  -3/2  33    0.00    0.00    0.00    0.00   -0.00       0.00    0.00    0.00   -0.00      0.000   0.000   0.000
