1SPECTRUM OF (Z= 82 A=207) IN PARTICLE-ROTOR  MODEL WITH MODIFIED OSCILLATOR POTENTIAL


 PARITY=-   EPS= 0.285   GAMMA=  0.0   EPS4=0.000   EPS6=0.000   LEVELS:  25  26  27  28  29  30  31  32  33  34  35  36  37  38  39

 PAIRING FACTORS: GN0= 19.20  GN1=  7.40  IPAIR= 15 ***  E2PLUS(INPUT)=   0.730  E2PLUR(INPUT)=   0.000

 CORIOLIS ATTENUATION PARAMETERS:  CHSI=1.000  ETA=  1.00

 MOMENT OF INERTIA PARAMETERS:   A1=  0.122 MEV   A2=  0.122 MEV   A3=121.91924 MEV


 DELTA=0.951 MEV  LAMBDA=53.3019 MEV   HW0= 7.4834 MEV   LAMBDA/HW0= 7.1227

 E2ENERGY=0.730 MEV  HBAR**2/B=15061./A**(7/3)=2546.0/A**2 MEV

 IREC=0  =>  RECOIL TERMS j+j-, j+j+, jzjz, ETC TREATED AS ONE-BODY OPERATORS WITH UU+VV PAIRING FACTORS



 S. P. LEVEL   EQP       U     V        (UU + VV)**1.00

     25       4.114    0.116 0.993      1.000 1.000 0.999 0.979 0.970 0.969 0.904 0.900 0.730 0.445 0.374 0.341 0.298 0.288 0.250
     26       3.517    0.136 0.991      1.000 1.000 1.000 0.983 0.975 0.974 0.912 0.909 0.744 0.463 0.393 0.360 0.317 0.307 0.269
     27       2.965    0.163 0.987      0.999 1.000 1.000 0.987 0.980 0.979 0.923 0.919 0.761 0.486 0.417 0.385 0.342 0.332 0.295
     28       1.584    0.316 0.949      0.979 0.983 0.987 1.000 0.999 0.999 0.972 0.970 0.854 0.618 0.555 0.526 0.486 0.477 0.442
     29       1.434    0.355 0.935      0.970 0.975 0.980 0.999 1.000 1.000 0.981 0.979 0.875 0.650 0.589 0.560 0.521 0.512 0.478
     30       1.419    0.359 0.933      0.969 0.974 0.979 0.999 1.000 1.000 0.982 0.980 0.877 0.653 0.592 0.564 0.525 0.516 0.482
     31       1.058    0.530 0.848      0.904 0.912 0.923 0.972 0.981 0.982 1.000 1.000 0.952 0.785 0.735 0.711 0.678 0.670 0.640
     32       1.049    0.538 0.843      0.900 0.909 0.919 0.970 0.979 0.980 1.000 1.000 0.955 0.791 0.741 0.717 0.685 0.677 0.647
     33       0.964    0.763 0.646      0.730 0.744 0.761 0.854 0.875 0.877 0.952 0.955 1.000 0.937 0.907 0.891 0.870 0.864 0.844
     34       1.495    0.941 0.338      0.445 0.463 0.486 0.618 0.650 0.653 0.785 0.791 0.937 1.000 0.997 0.994 0.987 0.986 0.978
     35       1.868    0.965 0.264      0.374 0.393 0.417 0.555 0.589 0.592 0.735 0.741 0.907 0.997 1.000 0.999 0.997 0.996 0.991
     36       2.128    0.973 0.230      0.341 0.360 0.385 0.526 0.560 0.564 0.711 0.717 0.891 0.994 0.999 1.000 0.999 0.998 0.995
     37       2.617    0.983 0.185      0.298 0.317 0.342 0.486 0.521 0.525 0.678 0.685 0.870 0.987 0.997 0.999 1.000 1.000 0.999
     38       2.766    0.985 0.175      0.288 0.307 0.332 0.477 0.512 0.516 0.670 0.677 0.864 0.986 0.996 0.998 1.000 1.000 0.999
     39       3.545    0.991 0.135      0.250 0.269 0.295 0.442 0.478 0.482 0.640 0.647 0.844 0.978 0.991 0.995 0.999 0.999 1.000

  R CORE   ENERGY   A0R/A00=1.000    R3= 0     2  
   2( 1)    0.732                    1.000 0.000
   2( 2)  487.921                    0.000 1.000

  R CORE   ENERGY   A0R/A00=1.000    R3= 0     2  
   3( 1)  488.652                    0.000 1.000

  R CORE   ENERGY   A0R/A00=1.000    R3= 0     2     4  
   4( 1)    2.438                    1.000 0.000 0.000

  R CORE   ENERGY   A0R/A00=1.000    R3= 0     2     4  
   5( 1)  490.847                    0.000 1.000 0.000

  R CORE   ENERGY   A0R/A00=1.000    R3= 0     2     4     6  
   6( 1)    5.121                    1.000 0.000 0.000 0.000

  R CORE   ENERGY   A0R/A00=1.000    R3= 0     2     4     6  
   7( 1)  494.017                    0.000 1.000 0.000 0.000

          AXIAL SYMMETRY => K RESTRICTED TO OMEGA

                     K
     S.P. ORB#: 25  0.50
     S.P. ORB#: 26  2.50
     S.P. ORB#: 27 -3.50
     S.P. ORB#: 28  0.50
     S.P. ORB#: 29 -1.50
     S.P. ORB#: 30 -3.50
     S.P. ORB#: 31  4.50
     S.P. ORB#: 32  0.50
     S.P. ORB#: 33 -1.50
     S.P. ORB#: 34  2.50
     S.P. ORB#: 35 -1.50
     S.P. ORB#: 36  2.50
     S.P. ORB#: 37 -3.50
     S.P. ORB#: 38  0.50
     S.P. ORB#: 39  0.50
 

             ENERGY    K= OMEGA
 
 I=  1/2- (1)  2.759  28:-0.993
                      38:-0.113
 
 I=  1/2- (2)  3.084  25:-0.066
                      28: 0.110
                      38:-0.992
 
 I=  1/2- (3)  5.584  25: 0.997
                      38:-0.062
 
 I=  1/2- (4)  6.355  32: 0.624
                      39:-0.782
 
 I=  1/2- (5)  9.244  32:-0.782
                      39:-0.624

             ENERGY    K= OMEGA
 
 I=  3/2- (1)  2.314  25: 0.113
                      28: 0.393
                      29: 0.258
                      35: 0.868
                      38:-0.110
 
 I=  3/2- (2)  2.617  25:-0.067
                      28: 0.321
                      29:-0.932
                      35: 0.147
                      38: 0.055

             ENERGY    K= OMEGA
 
 I=  5/2- (1)  2.425  25:-0.188
                      28: 0.353
                      29: 0.553
                      35:-0.340
                      36:-0.634
                      38: 0.129
 
 I=  5/2- (2)  2.933  25: 0.125
                      26:-0.054
                      29:-0.539
                      35:-0.805
                      36:-0.086
                      38:-0.184
 
 I=  5/2- (3)  3.057  25: 0.172
                      28:-0.500
                      29:-0.252
                      35: 0.284
                      36:-0.738
                      38:-0.178
 
 I=  5/2- (4)  3.906  25:-0.155
                      28:-0.078
                      29: 0.318
                      36: 0.114
                      38:-0.924
 
 I=  5/2- (5)  4.160  25:-0.096
                      28: 0.754
                      29:-0.428
                      35: 0.388
                      36:-0.181
                      38:-0.235

             ENERGY    K= OMEGA
 
 I=  7/2- (1)  2.182  26: 0.214
                      27:-0.063
                      30:-0.974
 
 I=  7/2- (2)  3.114  28:-0.312
                      29: 0.449
                      35:-0.464
                      36: 0.694
 
 I=  7/2- (3)  3.215  32: 0.742
                      33: 0.567
                      34: 0.331
                      37: 0.130
                      39:-0.050
 
 I=  7/2- (4)  3.351  25:-0.294
                      28:-0.531
                      29:-0.503
                      35:-0.519
                      36:-0.252
                      38: 0.207
 
 I=  7/2- (5)  4.211  26: 0.061
                      27: 0.118
                      28: 0.540
                      29:-0.626
                      35:-0.186
                      36: 0.514

             ENERGY    K= OMEGA
 
 I=  9/2- (1)  1.880  26:-0.065
                      27: 0.226
                      30:-0.183
                      31:-0.954
 
 I=  9/2- (2)  3.093  26:-0.292
                      27:-0.095
                      29:-0.071
                      30:-0.929
                      31: 0.175
                      36: 0.070
 
 I=  9/2- (3)  3.453  25:-0.335
                      28: 0.457
                      29: 0.614
                      30:-0.088
                      35:-0.282
                      36:-0.421
                      38: 0.188
 
 I=  9/2- (4)  4.463  32:-0.241
                      33: 0.606
                      34:-0.647
                      37: 0.395
 
 I=  9/2- (5)  4.667  25: 0.196
                      26:-0.075
                      27: 0.076
                      28:-0.068
                      29:-0.393
                      35:-0.707
                      36:-0.456
                      38:-0.283

             ENERGY    K= OMEGA
 
 I= 11/2- (1)  2.410  32: 0.690
                      33: 0.577
                      34: 0.390
                      37: 0.191
 
 I= 11/2- (2)  2.903  26:-0.109
                      27:-0.305
                      30: 0.254
                      31:-0.911
 
 I= 11/2- (3)  4.233  26: 0.344
                      27:-0.126
                      29:-0.070
                      30:-0.890
                      31:-0.246
                      36:-0.072
 
 I= 11/2- (4)  5.017  28: 0.350
                      29:-0.501
                      35: 0.465
                      36:-0.634
 
 I= 11/2- (5)  5.183  25:-0.384
                      28:-0.578
                      29:-0.495
                      30: 0.102
                      35:-0.413
                      36:-0.200
                      38: 0.228

             ENERGY    K= OMEGA
 
 I= 13/2- (1)  4.145  26:-0.148
                      27: 0.354
                      30:-0.302
                      31:-0.872
 
 I= 13/2- (2)  4.640  32: 0.227
                      33:-0.585
                      34: 0.654
                      37:-0.421
 
 I= 13/2- (3)  5.332  25:-0.410
                      26: 0.070
                      28: 0.474
                      29: 0.606
                      30: 0.160
                      35:-0.226
                      36:-0.340
                      38: 0.201
 
 I= 13/2- (4)  5.625  25:-0.079
                      26:-0.374
                      27:-0.151
                      28: 0.113
                      29: 0.087
                      30:-0.842
                      31: 0.298
                      35:-0.106
 
 I= 13/2- (5)  7.357  25: 0.205
                      26:-0.074
                      27: 0.079
                      28:-0.069
                      29:-0.274
                      30: 0.064
                      31: 0.051
                      35:-0.681
                      36:-0.546
                      38:-0.313

             ENERGY     K= 1/2
  32 LEVELS    TIME=  0.0 SEC



 ******************* EXCITATION ENERGIES, DOMINANT CONFIGURATION AND EXPECTATION VALUES (WITH S.P. UU+VV FACTORS) *******************

  NR  Eex(keV)  I   Kdom  NY    <Jz>  <Jx**2> <Jy**2> <Jz**2> <I.j>/|I|  <Rx**2> <Ry**2> <Rz**2> <R.j>/|R|  <HROTx> <HROTy> <HROTz>

   1    0.0   9/2-   9/2  31    3.81    2.58    2.58   19.51    4.39       2.88    2.88    0.00   -1.18      0.351   0.351   0.000
   2  301.6   7/2-  -7/2  30   -3.21    2.31    2.31   11.96    3.39       2.70    2.70   -0.00   -1.34      0.329   0.329  -0.000
   3  434.0   3/2-  -3/2  35   -1.14    2.11    2.11    1.89    1.53       1.96    1.96    0.00   -1.59      0.239   0.239   0.000
   4  529.8  11/2-   1/2  32   -0.01   25.79   25.79    2.27    6.63       5.17    5.17    0.00   -4.42      0.630   0.630   0.000
   5  545.2   5/2-   5/2  36    0.46    3.39    3.39    3.50    2.49       2.16    2.16    0.00   -1.41      0.263   0.263   0.000
  
   6  737.1   3/2-  -3/2  29   -1.28    4.61    4.61    2.03    1.45       4.68    4.68    0.00   -2.75      0.571   0.571   0.000
   7  878.7   1/2-   1/2  28    0.50    4.59    4.59    0.25    0.40       4.74    4.74    0.00   -2.95      0.578   0.578   0.000
   8 1022.8  11/2-   9/2  31    3.22    2.84    2.84   18.82    3.93       6.62    6.62    0.00   -0.27      0.807   0.807   0.000
   9 1052.5   5/2-  -3/2  35   -1.36    2.23    2.23    2.19    1.05       4.59    4.59    0.00   -1.17      0.559   0.559   0.000
  10 1176.8   5/2-   5/2  36    1.30    3.00    3.00    3.80    1.68       4.31    4.31    0.00   -1.65      0.525   0.525   0.000
  
  11 1204.2   1/2-   1/2  38    0.50    1.44    1.44    0.25    0.69       1.34    1.34    0.00   -1.54      0.164   0.164   0.000
  12 1212.4   9/2-  -7/2  30   -2.70    2.45    2.45   11.88    2.95       6.09    6.09   -0.00   -0.60      0.742   0.742  -0.000
  13 1234.2   7/2-   5/2  36    0.62    2.77    2.77    4.01    1.91       5.05    5.05    0.00   -0.61      0.616   0.616   0.000
  14 1335.1   7/2-   1/2  32    0.01   25.08   25.08    1.75    6.34       8.66    8.66    0.00   -6.43      1.056   1.056   0.000
  15 1470.8   7/2-   1/2  28   -0.42    3.13    3.13    1.71    1.52       5.83    5.83    0.00   -0.57      0.711   0.711   0.000
  
  16 1572.7   9/2-  -3/2  29   -0.09    4.37    4.37    2.34    2.38       6.07    6.07    0.00    0.22      0.740   0.740   0.000
  17 2026.2   5/2-   1/2  38    0.32    1.78    1.78    0.53    0.43       5.17    5.17    0.00   -0.88      0.630   0.630   0.000
  18 2265.2  13/2-   9/2  31    2.72    3.05    3.05   18.19    3.61      11.32   11.32    0.00    0.19      1.380   1.380   0.000
  19 2279.9   5/2-   1/2  28   -0.10    4.00    4.00    1.12   -0.38      10.06   10.06    0.00   -2.28      1.227   1.227   0.000
  20 2331.0   7/2-  -3/2  29    0.13    3.60    3.60    2.88    0.66      10.28   10.28    0.00   -1.64      1.253   1.253   0.000
  
  21 2353.1  11/2-  -7/2  30   -2.25    2.54    2.54   11.91    2.66      10.48   10.48    0.00   -0.24      1.278   1.278   0.000
  22 2582.9   9/2-   5/2  34   -0.02   25.48   25.48    5.36    5.66      12.36   12.36   -0.00   -5.66      1.507   1.507  -0.000
  23 2759.8  13/2-   5/2  34   -0.04   25.46   25.46    5.63    5.69      12.92   12.92   -0.00   -3.31      1.575   1.575  -0.000
  24 2787.3   9/2-  -3/2  35   -0.41    2.21    2.21    2.94    1.05      10.83   10.83    0.00   -0.46      1.320   1.320   0.000
  25 3137.3  11/2-   5/2  36    0.37    3.02    3.02    3.69    1.62      13.05   13.05    0.00   -0.01      1.591   1.591   0.000
  
  26 3302.8  11/2-   1/2  28   -0.29    3.50    3.50    1.46    1.55      12.85   12.85    0.00    0.16      1.566   1.566   0.000
  27 3451.7  13/2-  -3/2  29   -0.20    4.71    4.71    2.16    2.41      13.30   13.30    0.00    1.02      1.622   1.622   0.000
  28 3703.4   1/2-   1/2  25    0.50    6.16    6.16    0.25    0.68       6.07    6.07    0.00   -3.44      0.740   0.740   0.000
  29 3744.8  13/2-  -7/2  30   -1.83    2.71    2.71   11.69    2.44      15.93   15.93   -0.00   -0.02      1.942   1.942  -0.000
  30 4474.6   1/2-   1/2  39    0.50   13.18   13.18    0.25   -2.11      15.50   15.50    0.00   -5.11      1.890   1.890   0.000
  
  31 5477.4  13/2-  -3/2  35   -0.00    2.10    2.10    3.32    0.94      21.54   21.54    0.00   -0.14      2.626   2.626   0.000
  32 7363.7   1/2-   1/2  32    0.50   26.01   26.01    0.25   -3.60      29.63   29.63    0.00   -7.19      3.612   3.612   0.000
