1SPECTRUM OF (Z= 82 A=207) IN PARTICLE-ROTOR  MODEL WITH MODIFIED OSCILLATOR POTENTIAL


 PARITY=-   EPS= 0.233   GAMMA=  0.0   EPS4=0.000   EPS6=0.000   LEVELS:  25  26  27  28  29  30  31  32  33  34  35  36  37  38  39

 PAIRING FACTORS: GN0= 19.20  GN1=  7.40  IPAIR= 15 ***  E2PLUS(INPUT)=   0.730  E2PLUR(INPUT)=   0.000

 CORIOLIS ATTENUATION PARAMETERS:  CHSI=1.000  ETA=  1.00

 MOMENT OF INERTIA PARAMETERS:   A1=  0.122 MEV   A2=  0.122 MEV   A3=121.91924 MEV


 DELTA=0.940 MEV  LAMBDA=53.4563 MEV   HW0= 7.4585 MEV   LAMBDA/HW0= 7.1672

 E2ENERGY=0.730 MEV  HBAR**2/B=10066./A**(7/3)=1701.7/A**2 MEV

 IREC=0  =>  RECOIL TERMS j+j-, j+j+, jzjz, ETC TREATED AS ONE-BODY OPERATORS WITH UU+VV PAIRING FACTORS



 S. P. LEVEL   EQP       U     V        (UU + VV)**1.00

     25       4.135    0.114 0.993      1.000 1.000 1.000 0.995 0.991 0.988 0.984 0.638 0.555 0.511 0.479 0.374 0.362 0.286 0.235
     26       4.019    0.118 0.993      1.000 1.000 1.000 0.995 0.992 0.988 0.985 0.641 0.558 0.514 0.482 0.378 0.365 0.290 0.238
     27       3.479    0.136 0.991      1.000 1.000 1.000 0.997 0.994 0.991 0.988 0.655 0.573 0.530 0.499 0.395 0.383 0.308 0.257
     28       2.212    0.218 0.976      0.995 0.995 0.997 1.000 1.000 0.999 0.997 0.715 0.639 0.598 0.568 0.469 0.458 0.385 0.335
     29       1.977    0.245 0.969      0.991 0.992 0.994 1.000 1.000 1.000 0.999 0.735 0.660 0.621 0.592 0.494 0.483 0.411 0.362
     30       1.814    0.269 0.963      0.988 0.988 0.991 0.999 1.000 1.000 1.000 0.751 0.679 0.640 0.611 0.515 0.504 0.433 0.385
     31       1.701    0.289 0.957      0.984 0.985 0.988 0.997 0.999 1.000 1.000 0.764 0.693 0.655 0.627 0.533 0.522 0.452 0.404
     32       1.028    0.838 0.546      0.638 0.641 0.655 0.715 0.735 0.751 0.764 1.000 0.995 0.988 0.982 0.953 0.949 0.920 0.898
     33       1.158    0.890 0.456      0.555 0.558 0.573 0.639 0.660 0.679 0.693 0.995 1.000 0.999 0.996 0.979 0.976 0.956 0.939
     34       1.258    0.912 0.410      0.511 0.514 0.530 0.598 0.621 0.640 0.655 0.988 0.999 1.000 0.999 0.988 0.986 0.970 0.956
     35       1.350    0.927 0.376      0.479 0.482 0.499 0.568 0.592 0.611 0.627 0.982 0.996 0.999 1.000 0.993 0.992 0.978 0.966
     36       1.834    0.964 0.266      0.374 0.378 0.395 0.469 0.494 0.515 0.533 0.953 0.979 0.988 0.993 1.000 1.000 0.996 0.989
     37       1.918    0.967 0.253      0.362 0.365 0.383 0.458 0.483 0.504 0.522 0.949 0.976 0.986 0.992 1.000 1.000 0.997 0.991
     38       2.729    0.985 0.175      0.286 0.290 0.308 0.385 0.411 0.433 0.452 0.920 0.956 0.970 0.978 0.996 0.997 1.000 0.999
     39       3.868    0.992 0.122      0.235 0.238 0.257 0.335 0.362 0.385 0.404 0.898 0.939 0.956 0.966 0.989 0.991 0.999 1.000

  R CORE   ENERGY   A0R/A00=1.000    R3= 0     2  
   2( 1)    0.732                    1.000 0.000
   2( 2)  487.921                    0.000 1.000

  R CORE   ENERGY   A0R/A00=1.000    R3= 0     2  
   3( 1)  488.652                    0.000 1.000

  R CORE   ENERGY   A0R/A00=1.000    R3= 0     2     4  
   4( 1)    2.438                    1.000 0.000 0.000

  R CORE   ENERGY   A0R/A00=1.000    R3= 0     2     4  
   5( 1)  490.847                    0.000 1.000 0.000

  R CORE   ENERGY   A0R/A00=1.000    R3= 0     2     4     6  
   6( 1)    5.121                    1.000 0.000 0.000 0.000

  R CORE   ENERGY   A0R/A00=1.000    R3= 0     2     4     6  
   7( 1)  494.017                    0.000 1.000 0.000 0.000

          AXIAL SYMMETRY => K RESTRICTED TO OMEGA

                     K
     S.P. ORB#: 25  0.50
     S.P. ORB#: 26  2.50
     S.P. ORB#: 27 -3.50
     S.P. ORB#: 28 -3.50
     S.P. ORB#: 29  0.50
     S.P. ORB#: 30 -1.50
     S.P. ORB#: 31  4.50
     S.P. ORB#: 32  0.50
     S.P. ORB#: 33 -1.50
     S.P. ORB#: 34 -1.50
     S.P. ORB#: 35  2.50
     S.P. ORB#: 36  2.50
     S.P. ORB#: 37  0.50
     S.P. ORB#: 38 -3.50
     S.P. ORB#: 39  4.50
 

             ENERGY    K= OMEGA
 
 I=  1/2- (1)  2.200  25:-0.055
                      37:-0.998
 
 I=  1/2- (2)  3.083  29: 0.999
 
 I=  1/2- (3)  5.455  25: 0.998
                      37:-0.056
 
 I=  1/2- (4)  8.620  32: 1.000
 
 I=  1/2- (5)147.461  33:-1.000

             ENERGY    K= OMEGA
 
 I=  3/2- (1)  1.669  29: 0.190
                      30: 0.101
                      33: 0.973
                      37:-0.066
 
 I=  3/2- (2)  2.769  25: 0.087
                      29: 0.224
                      30: 0.460
                      33:-0.153
                      37:-0.841

             ENERGY    K= OMEGA
 
 I=  5/2- (1)  1.829  25: 0.063
                      29:-0.158
                      30:-0.201
                      33: 0.477
                      35: 0.837
 
 I=  5/2- (2)  2.330  29: 0.190
                      30:-0.199
                      33:-0.839
                      35: 0.462
                      37:-0.072
 
 I=  5/2- (3)  2.788  25:-0.123
                      29: 0.302
                      30: 0.412
                      35: 0.206
                      37: 0.825
 
 I=  5/2- (4)  3.318  25:-0.323
                      29: 0.367
                      30: 0.648
                      33: 0.070
                      35: 0.178
                      37:-0.552
 
 I=  5/2- (5)  4.385  25:-0.067
                      29: 0.811
                      30:-0.514
                      33: 0.247
                      35:-0.107

             ENERGY    K= OMEGA
 
 I=  7/2- (1)  2.472  29:-0.206
                      30: 0.220
                      33:-0.551
                      35: 0.776
 
 I=  7/2- (2)  2.912  25: 0.100
                      26:-0.216
                      27: 0.076
                      28:-0.797
                      29: 0.191
                      30: 0.184
                      33: 0.392
                      35: 0.264
                      37:-0.094
 
 I=  7/2- (3)  3.048  25: 0.162
                      26: 0.093
                      28: 0.552
                      29: 0.301
                      30: 0.295
                      33: 0.545
                      35: 0.400
                      37:-0.159
 
 I=  7/2- (4)  3.353  32:-0.738
                      34:-0.571
                      36:-0.335
                      38:-0.133
 
 I=  7/2- (5)  4.209  25:-0.223
                      29:-0.120
                      30:-0.603
                      33: 0.337
                      35: 0.360
                      37: 0.572

             ENERGY    K= OMEGA
 
 I=  9/2- (1)  2.476  26:-0.072
                      27: 0.247
                      28: 0.180
                      31:-0.948
 
 I=  9/2- (2)  3.144  25: 0.218
                      29:-0.339
                      30:-0.418
                      31:-0.059
                      33: 0.466
                      35: 0.644
                      37:-0.159
 
 I=  9/2- (3)  3.822  26:-0.316
                      27:-0.107
                      28: 0.889
                      29: 0.054
                      30:-0.078
                      31: 0.166
                      33:-0.222
                      35: 0.107
 
 I=  9/2- (4)  4.214  25:-0.195
                      28: 0.203
                      29: 0.085
                      30: 0.461
                      33: 0.654
                      35: 0.056
                      37: 0.518
 
 I=  9/2- (5)  4.350  25:-0.150
                      28:-0.175
                      29: 0.421
                      31:-0.054
                      33:-0.412
                      35: 0.683
                      37: 0.355

             ENERGY    K= OMEGA
 
 I= 11/2- (1)  2.270  32: 0.674
                      34: 0.566
                      36: 0.401
                      38: 0.233
                      39: 0.099
 
 I= 11/2- (2)  3.453  26:-0.119
                      27:-0.328
                      28:-0.248
                      31:-0.901
                      35:-0.059
 
 I= 11/2- (3)  4.430  29:-0.296
                      30: 0.291
                      31:-0.090
                      33:-0.580
                      35: 0.693
 
 I= 11/2- (4)  4.867  25: 0.199
                      26:-0.297
                      27: 0.116
                      28:-0.649
                      29: 0.275
                      30: 0.304
                      31: 0.174
                      33: 0.354
                      35: 0.306
                      37:-0.143
 
 I= 11/2- (5)  5.120  25:-0.255
                      26:-0.215
                      27: 0.077
                      28:-0.604
                      29:-0.353
                      30:-0.356
                      31: 0.168
                      33:-0.342
                      35:-0.291
                      37: 0.192

             ENERGY    K= OMEGA
 
 I= 13/2- (1)  4.041  32: 0.193
                      34:-0.498
                      36: 0.608
                      38:-0.513
                      39: 0.286
 
 I= 13/2- (2)  4.649  26:-0.159
                      27: 0.376
                      28: 0.292
                      31:-0.854
                      33:-0.071
                      35:-0.091
 
 I= 13/2- (3)  5.177  25:-0.346
                      28:-0.056
                      29: 0.432
                      30: 0.512
                      31: 0.123
                      33:-0.374
                      35:-0.479
                      37: 0.211
 
 I= 13/2- (4)  6.301  26:-0.399
                      27:-0.164
                      28: 0.814
                      29: 0.056
                      30:-0.084
                      31: 0.286
                      33:-0.221
                      35: 0.087
 
 I= 13/2- (5)  6.803  25:-0.245
                      27:-0.057
                      28: 0.147
                      29: 0.166
                      30: 0.328
                      33: 0.548
                      35: 0.458
                      37: 0.519

             ENERGY     K= 9/2
  32 LEVELS    TIME=  0.0 SEC



 ******************* EXCITATION ENERGIES, DOMINANT CONFIGURATION AND EXPECTATION VALUES (WITH S.P. UU+VV FACTORS) *******************

  NR  Eex(keV)  I   Kdom  NY    <Jz>  <Jx**2> <Jy**2> <Jz**2> <I.j>/|I|  <Rx**2> <Ry**2> <Rz**2> <R.j>/|R|  <HROTx> <HROTy> <HROTz>

   1    0.0   3/2-  -3/2  33   -1.41    1.65    1.65    2.16    1.40       1.91    1.91    0.00   -1.42      0.233   0.233   0.000
   2  159.4   5/2-   5/2  35    1.37    1.97    1.97    4.99    2.33       1.95    1.95    0.00   -1.03      0.238   0.238   0.000
   3  531.1   1/2-   1/2  37    0.50    1.34    1.34    0.25    0.82       1.13    1.13   -0.00   -1.48      0.138   0.138  -0.000
   4  600.6  11/2-   1/2  32    0.00   26.88   26.88    2.70    7.08       3.77    3.77    0.00   -5.14      0.459   0.459   0.000
   5  660.6   5/2-  -3/2  33   -0.56    1.65    1.65    3.03    1.07       4.37    4.37    0.00   -1.07      0.533   0.533   0.000
  
   6  803.1   7/2-   5/2  35    0.99    2.03    2.03    4.60    1.91       4.62    4.62    0.00   -0.35      0.563   0.563   0.000
   7  806.3   9/2-   9/2  31    3.73    2.63    2.63   19.38    4.44       2.62    2.62    0.00   -1.12      0.319   0.319   0.000
   8 1099.4   3/2-   1/2  37    0.03    2.22    2.22    0.72    0.46       3.57    3.57    0.00   -1.60      0.435   0.435   0.000
   9 1119.1   5/2-   1/2  37    0.24    2.55    2.55    0.84    1.27       3.58    3.58   -0.00   -0.81      0.436   0.436  -0.000
  10 1242.8   7/2-  -7/2  28   -2.21    2.23    2.23    9.01    2.82       3.43    3.43    0.00   -0.87      0.418   0.418   0.000
  
  11 1378.4   7/2-  -7/2  28   -1.15    2.15    2.15    5.70    1.92       5.26    5.26    0.00   -0.73      0.641   0.641   0.000
  12 1413.4   1/2-   1/2  29    0.50    4.31    4.31    0.25    0.33       4.52    4.52   -0.00   -2.85      0.551   0.551  -0.000
  13 1474.5   9/2-   5/2  35    0.56    3.02    3.02    3.61    2.20       6.28    6.28    0.00    0.36      0.766   0.766   0.000
  14 1648.6   5/2-  -3/2  30   -0.29    3.20    3.20    1.29    1.08       5.02    5.02    0.00   -1.42      0.613   0.613   0.000
  15 1683.3   7/2-   1/2  32    0.00   27.09   27.09    1.79    6.83       8.73    8.73    0.00   -6.90      1.065   1.065   0.000
  
  16 1784.1  11/2-   9/2  31    3.10    2.92    2.92   18.61    4.01       6.15    6.15    0.00   -0.14      0.750   0.750   0.000
  17 2153.2   9/2-  -7/2  28   -2.48    2.43    2.43   11.20    2.87       6.13    6.13    0.00   -0.51      0.747   0.747   0.000
  18 2371.8  13/2-   5/2  36    0.02   25.64   25.64    7.75    6.56       8.12    8.12    0.00   -3.29      0.989   0.989   0.000
  19 2539.9   7/2-  -3/2  30   -0.20    3.07    3.07    2.01    0.56       9.74    9.74   -0.00   -1.35      1.188   1.188  -0.000
  20 2544.7   9/2-  -3/2  33   -0.94    2.16    2.16    2.06    1.03      10.44   10.44    0.00   -0.27      1.273   1.273   0.000
  
  21 2680.9   9/2-   5/2  35    0.98    2.50    2.50    3.84    1.11      11.30   11.30    0.00   -0.70      1.377   1.377   0.000
  22 2716.0   5/2-   1/2  29   -0.13    4.29    4.29    0.97   -0.37      10.25   10.25    0.00   -2.35      1.249   1.249   0.000
  23 2761.0  11/2-   5/2  35    0.65    2.30    2.30    4.15    1.63      12.48   12.48    0.00    0.21      1.521   1.521   0.000
  24 2979.6  13/2-   9/2  31    2.57    3.16    3.16   17.77    3.69      10.65   10.65    0.00    0.36      1.298   1.298   0.000
  25 3197.7  11/2-  -7/2  28   -1.19    2.57    2.57    7.60    2.21      11.04   11.04    0.00    0.10      1.346   1.346   0.000
  
  26 3450.9  11/2-  -7/2  28   -1.09    2.65    2.65    6.53    1.93      12.28   12.28    0.00   -0.07      1.497   1.497   0.000
  27 3508.0  13/2-  -3/2  30    0.20    3.92    3.92    2.77    2.34      13.32   13.32    0.00    1.11      1.624   1.624   0.000
  28 3786.1   1/2-   1/2  25    0.50    5.56    5.56    0.25    0.70       5.45    5.45    0.00   -3.26      0.665   0.665   0.000
  29 4631.7  13/2-  -7/2  28   -1.71    2.63    2.63   11.28    2.40      15.87   15.87    0.00    0.04      1.935   1.935   0.000
  30 5133.7  13/2-  -3/2  33    0.01    2.27    2.27    2.63    1.01      20.91   20.91    0.00   -0.02      2.549   2.549   0.000
  
  31 6951.0   1/2-   1/2  32    0.50   27.23   27.23    0.25   -3.93      31.14   31.14   -0.00   -7.36      3.796   3.796  -0.000
  32*******   1/2-  -3/2  33    0.00    0.00    0.00    0.00   -0.00       0.00    0.00    0.00   -0.00      0.000   0.000   0.000
