1SPECTRUM OF (Z= 82 A=207) IN PARTICLE-ROTOR  MODEL WITH MODIFIED OSCILLATOR POTENTIAL


 PARITY=-   EPS= 0.368   GAMMA=  0.0   EPS4=0.000   EPS6=0.000   LEVELS:  24  25  26  27  28  29  30  31  32  33  34  35  36  37  38

 PAIRING FACTORS: GN0= 19.20  GN1=  7.40  IPAIR= 15 ***  E2PLUS(INPUT)=   0.730  E2PLUR(INPUT)=   0.000

 CORIOLIS ATTENUATION PARAMETERS:  CHSI=1.000  ETA=  1.00

 MOMENT OF INERTIA PARAMETERS:   A1=  0.122 MEV   A2=  0.122 MEV   A3=121.91923 MEV


 DELTA=0.877 MEV  LAMBDA=53.4243 MEV   HW0= 7.5356 MEV   LAMBDA/HW0= 7.0896

 E2ENERGY=0.730 MEV  HBAR**2/B=25110./A**(7/3)=4244.8/A**2 MEV

 IREC=0  =>  RECOIL TERMS j+j-, j+j+, jzjz, ETC TREATED AS ONE-BODY OPERATORS WITH UU+VV PAIRING FACTORS



 S. P. LEVEL   EQP       U     V        (UU + VV)**1.00

     24       4.271    0.103 0.995      1.000 1.000 0.999 0.997 0.996 0.983 0.947 0.921 0.734 0.701 0.498 0.345 0.313 0.250 0.237
     25       4.187    0.105 0.994      1.000 1.000 0.999 0.997 0.997 0.983 0.948 0.922 0.736 0.703 0.499 0.347 0.315 0.252 0.239
     26       2.946    0.150 0.989      0.999 0.999 1.000 1.000 0.999 0.991 0.961 0.939 0.766 0.735 0.538 0.390 0.358 0.296 0.283
     27       2.495    0.179 0.984      0.997 0.997 1.000 1.000 1.000 0.994 0.969 0.948 0.784 0.754 0.562 0.416 0.384 0.323 0.311
     28       2.386    0.187 0.982      0.996 0.997 0.999 1.000 1.000 0.995 0.971 0.951 0.789 0.759 0.569 0.424 0.392 0.331 0.319
     29       1.612    0.284 0.959      0.983 0.983 0.991 0.994 0.995 1.000 0.990 0.977 0.846 0.820 0.648 0.511 0.481 0.423 0.411
     30       1.155    0.418 0.909      0.947 0.948 0.961 0.969 0.971 0.990 1.000 0.997 0.914 0.893 0.750 0.629 0.602 0.549 0.537
     31       1.037    0.482 0.876      0.921 0.922 0.939 0.948 0.951 0.977 0.997 1.000 0.941 0.924 0.796 0.684 0.658 0.608 0.597
     32       0.884    0.751 0.661      0.734 0.736 0.766 0.784 0.789 0.846 0.914 0.941 1.000 0.999 0.954 0.891 0.874 0.841 0.834
     33       0.899    0.781 0.624      0.701 0.703 0.735 0.754 0.759 0.820 0.893 0.924 0.999 1.000 0.967 0.911 0.896 0.866 0.859
     34       1.182    0.914 0.405      0.498 0.499 0.538 0.562 0.569 0.648 0.750 0.796 0.954 0.967 1.000 0.986 0.980 0.964 0.961
     35       1.832    0.969 0.247      0.345 0.347 0.390 0.416 0.424 0.511 0.629 0.684 0.891 0.911 0.986 1.000 0.999 0.995 0.994
     36       2.105    0.977 0.213      0.313 0.315 0.358 0.384 0.392 0.481 0.602 0.658 0.874 0.896 0.980 0.999 1.000 0.998 0.997
     37       2.971    0.989 0.149      0.250 0.252 0.296 0.323 0.331 0.423 0.549 0.608 0.841 0.866 0.964 0.995 0.998 1.000 1.000
     38       3.256    0.991 0.136      0.237 0.239 0.283 0.311 0.319 0.411 0.537 0.597 0.834 0.859 0.961 0.994 0.997 1.000 1.000

  R CORE   ENERGY   A0R/A00=1.000    R3= 0     2  
   2( 1)    0.732                    1.000 0.000
   2( 2)  487.921                    0.000 1.000

  R CORE   ENERGY   A0R/A00=1.000    R3= 0     2  
   3( 1)  488.652                    0.000 1.000

  R CORE   ENERGY   A0R/A00=1.000    R3= 0     2     4  
   4( 1)    2.438                    1.000 0.000 0.000

  R CORE   ENERGY   A0R/A00=1.000    R3= 0     2     4  
   5( 1)  490.847                    0.000 1.000 0.000

  R CORE   ENERGY   A0R/A00=1.000    R3= 0     2     4     6  
   6( 1)    5.121                    1.000 0.000 0.000 0.000

  R CORE   ENERGY   A0R/A00=1.000    R3= 0     2     4     6  
   7( 1)  494.017                    0.000 1.000 0.000 0.000

          AXIAL SYMMETRY => K RESTRICTED TO OMEGA

                     K
     S.P. ORB#: 24  0.50
     S.P. ORB#: 25 -5.50
     S.P. ORB#: 26  2.50
     S.P. ORB#: 27  0.50
     S.P. ORB#: 28 -3.50
     S.P. ORB#: 29 -1.50
     S.P. ORB#: 30  0.50
     S.P. ORB#: 31 -1.50
     S.P. ORB#: 32  2.50
     S.P. ORB#: 33 -3.50
     S.P. ORB#: 34  4.50
     S.P. ORB#: 35  0.50
     S.P. ORB#: 36 -3.50
     S.P. ORB#: 37 -1.50
     S.P. ORB#: 38  2.50
 

             ENERGY    K= OMEGA
 
 I=  1/2- (1)  2.430  30: 0.999
 
 I=  1/2- (2)  5.218  27: 0.275
                      35:-0.961
 
 I=  1/2- (3)  5.909  24: 0.999
 
 I=  1/2- (4)  8.970  27: 0.961
                      35: 0.275
 
 I=  1/2- (5)147.340  31: 1.000

             ENERGY    K= OMEGA
 
 I=  3/2- (1)  2.315  24:-0.073
                      30: 0.282
                      31:-0.956
 
 I=  3/2- (2)  2.506  24:-0.202
                      30:-0.915
                      31:-0.253
                      37:-0.241

             ENERGY    K= OMEGA
 
 I=  5/2- (1)  2.480  24:-0.259
                      30: 0.464
                      31: 0.813
                      37:-0.094
                      38:-0.217
 
 I=  5/2- (2)  3.372  24:-0.055
                      26:-0.060
                      30: 0.767
                      31:-0.461
                      37:-0.414
                      38: 0.146
 
 I=  5/2- (3)  3.953  24:-0.099
                      26: 0.079
                      30: 0.180
                      31: 0.142
                      37: 0.472
                      38: 0.842
 
 I=  5/2- (4)  4.534  26:-0.258
                      30:-0.348
                      31: 0.254
                      37:-0.728
                      38: 0.466
 
 I=  5/2- (5)  4.753  26:-0.961
                      30: 0.072
                      37: 0.257
                      38:-0.071

             ENERGY    K= OMEGA
 
 I=  7/2- (1)  1.748  26: 0.169
                      33:-0.984
 
 I=  7/2- (2)  3.318  24: 0.144
                      30:-0.264
                      31: 0.876
                      37:-0.103
                      38: 0.359
 
 I=  7/2- (3)  3.481  24:-0.305
                      30:-0.860
                      31:-0.236
                      37:-0.331
 
 I=  7/2- (4)  3.876  27: 0.654
                      29: 0.587
                      32: 0.436
                      36: 0.194
 
 I=  7/2- (5)  4.263  26: 0.200
                      28: 0.964
                      30: 0.057
                      31:-0.065
                      37:-0.060
                      38: 0.136

             ENERGY    K= OMEGA
 
 I=  9/2- (1)  2.104  26:-0.085
                      28: 0.167
                      33:-0.322
                      34:-0.928
 
 I=  9/2- (2)  2.776  26:-0.228
                      28:-0.096
                      31:-0.056
                      33:-0.911
                      34: 0.320
                      38: 0.053
 
 I=  9/2- (3)  3.564  24:-0.371
                      30: 0.500
                      31: 0.717
                      33:-0.073
                      37:-0.157
                      38:-0.260
 
 I=  9/2- (4)  4.687  27: 0.211
                      29:-0.550
                      32: 0.684
                      36:-0.430
 
 I=  9/2- (5)  5.239  26: 0.103
                      30:-0.659
                      31: 0.498
                      33:-0.056
                      37: 0.493
                      38:-0.240

             ENERGY    K= OMEGA
 
 I= 11/2- (1)  3.229  26:-0.138
                      28:-0.226
                      33: 0.417
                      34:-0.869
 
 I= 11/2- (2)  3.276  27:-0.640
                      29:-0.582
                      32:-0.442
                      35:-0.068
                      36:-0.226
 
 I= 11/2- (3)  4.033  26:-0.267
                      28: 0.142
                      31: 0.072
                      33: 0.852
                      34: 0.415
                      38: 0.070
 
 I= 11/2- (4)  5.234  24:-0.283
                      31:-0.857
                      33: 0.103
                      37: 0.056
                      38:-0.412
 
 I= 11/2- (5)  5.349  24:-0.298
                      30:-0.862
                      37:-0.389
                      38: 0.118

             ENERGY    K= OMEGA
 
 I= 13/2- (1)  4.579  26: 0.183
                      28:-0.265
                      33: 0.472
                      34: 0.819
 
 I= 13/2- (2)  5.185  27:-0.214
                      29: 0.551
                      32:-0.675
                      36: 0.440
 
 I= 13/2- (3)  5.434  24:-0.319
                      26: 0.206
                      28: 0.138
                      30: 0.356
                      31: 0.507
                      33: 0.528
                      34:-0.333
                      37:-0.109
                      38:-0.228
 
 I= 13/2- (4)  5.614  24:-0.305
                      26:-0.208
                      28:-0.119
                      30: 0.362
                      31: 0.439
                      33:-0.613
                      34: 0.335
                      37:-0.138
                      38:-0.135
 
 I= 13/2- (5)  7.117  25:-0.999

             ENERGY     K= 5/2
  32 LEVELS    TIME=  0.0 SEC



 ******************* EXCITATION ENERGIES, DOMINANT CONFIGURATION AND EXPECTATION VALUES (WITH S.P. UU+VV FACTORS) *******************

  NR  Eex(keV)  I   Kdom  NY    <Jz>  <Jx**2> <Jy**2> <Jz**2> <I.j>/|I|  <Rx**2> <Ry**2> <Rz**2> <R.j>/|R|  <HROTx> <HROTy> <HROTz>

   1    0.0   7/2-  -7/2  33   -3.32    2.31    2.31   12.07    3.27       3.22    3.22    0.00   -1.45      0.393   0.393   0.000
   2  355.6   9/2-   9/2  34    3.43    2.51    2.51   19.10    4.16       3.71    3.71    0.00   -1.24      0.452   0.452   0.000
   3  566.5   3/2-  -3/2  31   -1.33    4.90    4.90    2.08    1.38       5.13    5.13   -0.00   -2.87      0.625   0.625  -0.000
   4  681.9   1/2-   1/2  30    0.50    4.92    4.92    0.25    0.25       5.20    5.20    0.00   -3.06      0.634   0.634   0.000
   5  731.5   5/2-  -3/2  31   -0.74    5.03    5.03    1.88    2.00       4.42    4.42   -0.00   -2.02      0.539   0.539  -0.000
  
   6  757.3   3/2-   1/2  30    0.26    4.51    4.51    0.49    1.04       4.62    4.62    0.00   -2.47      0.563   0.563   0.000
   7 1027.6   9/2-  -7/2  33   -2.34    2.39    2.39   12.70    2.83       7.05    7.05    0.00   -0.91      0.859   0.859   0.000
   8 1480.7  11/2-   9/2  34    2.65    2.68    2.68   18.19    3.59       8.20    8.20    0.00   -0.52      0.999   0.999   0.000
   9 1527.4  11/2-   1/2  27    0.01   23.49   23.49    2.72    6.17       5.82    5.82   -0.00   -3.75      0.709   0.709  -0.000
  10 1569.6   7/2-  -3/2  31   -0.80    4.60    4.60    2.61    1.51       7.78    7.78    0.00   -1.47      0.948   0.948   0.000
  
  11 1624.0   5/2-   1/2  30   -0.22    4.18    4.18    1.17    0.50       7.67    7.67    0.00   -2.06      0.935   0.935   0.000
  12 1732.4   7/2-   1/2  30    0.17    4.35    4.35    0.60    1.25       7.55    7.55    0.00   -1.11      0.920   0.920   0.000
  13 1815.8   9/2-  -3/2  31   -0.46    5.15    5.15    1.80    2.17       7.61    7.61    0.00   -0.33      0.927   0.927   0.000
  14 2127.9   7/2-   1/2  27    0.04   23.18   23.18    2.53    6.07       8.23    8.23   -0.00   -6.11      1.003   1.003  -0.000
  15 2205.1   5/2-   5/2  38    1.44    2.02    2.02    5.02    1.81       3.55    3.55    0.00   -1.39      0.433   0.433   0.000
  
  16 2284.4  11/2-  -7/2  33   -1.65    2.47    2.47   13.12    2.51      11.87   11.87    0.00   -0.62      1.447   1.447   0.000
  17 2514.4   7/2-  -7/2  28   -3.12    6.10    6.10   11.78    3.10       7.57    7.57    0.00   -3.00      0.923   0.923   0.000
  18 2785.7   5/2-  -3/2  37   -0.12    2.81    2.81    3.14    0.40       7.57    7.57    0.00   -1.95      0.923   0.923   0.000
  19 2831.1  13/2-   9/2  34    2.07    2.85    2.85   17.43    3.20      13.58   13.58    0.00   -0.15      1.656   1.656   0.000
  20 2939.1   9/2-   5/2  32    0.09   24.01   24.01    5.88    5.20      13.47   13.47   -0.00   -5.40      1.643   1.643  -0.000
  
  21 3004.3   5/2-   5/2  26    2.22    5.75    5.75    5.95    1.92       7.43    7.43    0.00   -3.05      0.906   0.906   0.000
  22 3436.9  13/2-   5/2  32    0.03   24.01   24.01    5.92    5.14      15.46   15.46   -0.00   -3.25      1.885   1.885  -0.000
  23 3469.5   1/2-   1/2  35    0.50   12.25   12.25    0.25   -1.08      13.68   13.68    0.00   -4.91      1.668   1.668   0.000
  24 3486.1  11/2-  -3/2  31   -0.68    4.51    4.51    2.90    1.55      14.59   14.59    0.00   -0.50      1.778   1.778   0.000
  25 3490.6   9/2-   1/2  30   -0.36    3.80    3.80    1.69    0.51      14.46   14.46    0.00   -1.25      1.763   1.763   0.000
  
  26 3600.7  11/2-   1/2  30    0.22    4.25    4.25    0.65    1.28      14.81   14.81    0.00   -0.28      1.805   1.805   0.000
  27 3686.0  13/2-  -7/2  33   -0.60    4.02    4.02    7.15    2.33      15.70   15.70    0.00    0.19      1.914   1.914   0.000
  28 3865.2  13/2-  -7/2  33   -0.91    3.82    3.82    7.98    2.19      16.88   16.88    0.00   -0.05      2.058   2.058   0.000
  29 4160.7   1/2-   1/2  24    0.50    6.81    6.81    0.25    0.65       6.75    6.75    0.00   -3.62      0.822   0.822   0.000
  30 5368.4  13/2- -11/2  25   -5.48    2.75    2.75   30.21    4.32      12.04   12.04    0.00   -1.13      1.468   1.468   0.000
  
  31 7221.4   1/2-   1/2  27    0.50   23.26   23.26    0.25   -3.47      26.76   26.76    0.00   -6.80      3.263   3.263   0.000
  32*******   1/2-  -3/2  31    0.00    0.00    0.00    0.00   -0.00       0.00    0.00    0.00   -0.00      0.000   0.000   0.000
