1SPECTRUM OF (Z= 82 A=207) IN PARTICLE-ROTOR  MODEL WITH MODIFIED OSCILLATOR POTENTIAL


 PARITY=-   EPS= 0.253   GAMMA=  0.0   EPS4=0.000   EPS6=0.000   LEVELS:  25  26  27  28  29  30  31  32  33  34  35  36  37  38  39

 PAIRING FACTORS: GN0= 19.20  GN1=  7.40  IPAIR= 15 ***  E2PLUS(INPUT)=   0.730  E2PLUR(INPUT)=   0.000

 CORIOLIS ATTENUATION PARAMETERS:  CHSI=1.000  ETA=  1.00

 MOMENT OF INERTIA PARAMETERS:   A1=  0.122 MEV   A2=  0.122 MEV   A3=121.91922 MEV


 DELTA=0.938 MEV  LAMBDA=53.3929 MEV   HW0= 7.4674 MEV   LAMBDA/HW0= 7.1501

 E2ENERGY=0.730 MEV  HBAR**2/B=11868./A**(7/3)=2006.3/A**2 MEV

 IREC=0  =>  RECOIL TERMS j+j-, j+j+, jzjz, ETC TREATED AS ONE-BODY OPERATORS WITH UU+VV PAIRING FACTORS



 S. P. LEVEL   EQP       U     V        (UU + VV)**1.00

     25       4.131    0.114 0.993      1.000 1.000 1.000 0.989 0.988 0.983 0.969 0.749 0.582 0.465 0.410 0.396 0.325 0.289 0.233
     26       3.826    0.124 0.992      1.000 1.000 1.000 0.991 0.989 0.985 0.971 0.755 0.590 0.473 0.418 0.404 0.334 0.298 0.242
     27       3.279    0.145 0.989      1.000 1.000 1.000 0.993 0.992 0.988 0.976 0.769 0.607 0.492 0.438 0.424 0.354 0.318 0.262
     28       1.889    0.257 0.966      0.989 0.991 0.993 1.000 1.000 0.999 0.995 0.837 0.694 0.588 0.538 0.525 0.459 0.424 0.371
     29       1.822    0.267 0.964      0.988 0.989 0.992 1.000 1.000 1.000 0.996 0.843 0.701 0.597 0.547 0.534 0.468 0.434 0.381
     30       1.662    0.296 0.955      0.983 0.985 0.988 0.999 1.000 1.000 0.998 0.859 0.722 0.620 0.571 0.558 0.494 0.460 0.408
     31       1.410    0.356 0.934      0.969 0.971 0.976 0.995 0.996 0.998 1.000 0.890 0.765 0.669 0.623 0.610 0.549 0.516 0.466
     32       0.943    0.744 0.669      0.749 0.755 0.769 0.837 0.843 0.859 0.890 1.000 0.975 0.935 0.911 0.905 0.870 0.850 0.818
     33       1.105    0.874 0.485      0.582 0.590 0.607 0.694 0.701 0.722 0.765 0.975 1.000 0.990 0.980 0.977 0.958 0.947 0.926
     34       1.395    0.933 0.360      0.465 0.473 0.492 0.588 0.597 0.620 0.669 0.935 0.990 1.000 0.998 0.997 0.988 0.982 0.969
     35       1.624    0.953 0.303      0.410 0.418 0.438 0.538 0.547 0.571 0.623 0.911 0.980 0.998 1.000 1.000 0.996 0.992 0.982
     36       1.700    0.958 0.288      0.396 0.404 0.424 0.525 0.534 0.558 0.610 0.905 0.977 0.997 1.000 1.000 0.997 0.994 0.985
     37       2.232    0.977 0.215      0.325 0.334 0.354 0.459 0.468 0.494 0.549 0.870 0.958 0.988 0.996 0.997 1.000 0.999 0.995
     38       2.686    0.984 0.177      0.289 0.298 0.318 0.424 0.434 0.460 0.516 0.850 0.947 0.982 0.992 0.994 0.999 1.000 0.998
     39       3.943    0.993 0.120      0.233 0.242 0.262 0.371 0.381 0.408 0.466 0.818 0.926 0.969 0.982 0.985 0.995 0.998 1.000

  R CORE   ENERGY   A0R/A00=1.000    R3= 0     2  
   2( 1)    0.732                    1.000 0.000
   2( 2)  487.921                    0.000 1.000

  R CORE   ENERGY   A0R/A00=1.000    R3= 0     2  
   3( 1)  488.652                    0.000 1.000

  R CORE   ENERGY   A0R/A00=1.000    R3= 0     2     4  
   4( 1)    2.438                    1.000 0.000 0.000

  R CORE   ENERGY   A0R/A00=1.000    R3= 0     2     4  
   5( 1)  490.847                    0.000 1.000 0.000

  R CORE   ENERGY   A0R/A00=1.000    R3= 0     2     4     6  
   6( 1)    5.121                    1.000 0.000 0.000 0.000

  R CORE   ENERGY   A0R/A00=1.000    R3= 0     2     4     6  
   7( 1)  494.017                    0.000 1.000 0.000 0.000

          AXIAL SYMMETRY => K RESTRICTED TO OMEGA

                     K
     S.P. ORB#: 25  0.50
     S.P. ORB#: 26  2.50
     S.P. ORB#: 27 -3.50
     S.P. ORB#: 28 -3.50
     S.P. ORB#: 29  0.50
     S.P. ORB#: 30 -1.50
     S.P. ORB#: 31  4.50
     S.P. ORB#: 32  0.50
     S.P. ORB#: 33 -1.50
     S.P. ORB#: 34 -1.50
     S.P. ORB#: 35  2.50
     S.P. ORB#: 36  2.50
     S.P. ORB#: 37  0.50
     S.P. ORB#: 38 -3.50
     S.P. ORB#: 39  4.50
 

             ENERGY    K= OMEGA
 
 I=  1/2- (1)  2.526  25:-0.054
                      29:-0.065
                      37:-0.996
 
 I=  1/2- (2)  2.958  29: 0.997
                      37:-0.063
 
 I=  1/2- (3)  5.513  25: 0.998
                      37:-0.056
 
 I=  1/2- (4)  8.342  32: 1.000
 
 I=  1/2- (5)147.408  33: 1.000

             ENERGY    K= OMEGA
 
 I=  3/2- (1)  1.905  25: 0.057
                      29: 0.224
                      30: 0.120
                      34: 0.963
                      37:-0.073
 
 I=  3/2- (2)  2.785  25:-0.107
                      29: 0.142
                      30:-0.952
                      34: 0.109
                      37: 0.223

             ENERGY    K= OMEGA
 
 I=  5/2- (1)  2.083  25: 0.088
                      29:-0.199
                      30:-0.267
                      34: 0.475
                      35: 0.808
                      37:-0.060
 
 I=  5/2- (2)  2.569  29: 0.181
                      30:-0.266
                      34:-0.833
                      35: 0.437
                      37:-0.094
 
 I=  5/2- (3)  2.911  25:-0.221
                      29: 0.429
                      30: 0.591
                      35: 0.353
                      37: 0.541
 
 I=  5/2- (4)  3.447  25:-0.242
                      29: 0.204
                      30: 0.441
                      34: 0.056
                      35: 0.128
                      37:-0.828
 
 I=  5/2- (5)  4.267  25:-0.069
                      29: 0.806
                      30:-0.502
                      34: 0.274
                      35:-0.125

             ENERGY    K= OMEGA
 
 I=  7/2- (1)  2.632  26: 0.222
                      27:-0.077
                      28:-0.960
                      30:-0.065
                      35:-0.137
 
 I=  7/2- (2)  2.731  26: 0.052
                      28:-0.109
                      29:-0.239
                      30: 0.257
                      34:-0.555
                      35: 0.744
 
 I=  7/2- (3)  3.188  25: 0.227
                      28:-0.108
                      29: 0.400
                      30: 0.416
                      34: 0.614
                      35: 0.436
                      37:-0.193
 
 I=  7/2- (4)  3.232  32:-0.740
                      33:-0.570
                      36:-0.332
                      38:-0.130
 
 I=  7/2- (5)  4.230  25:-0.145
                      27: 0.066
                      29: 0.281
                      30:-0.792
                      34: 0.142
                      35: 0.457
                      37: 0.196

             ENERGY    K= OMEGA
 
 I=  9/2- (1)  2.200  26:-0.067
                      27: 0.239
                      28:-0.177
                      31:-0.952
 
 I=  9/2- (2)  3.315  25: 0.266
                      28:-0.089
                      29:-0.383
                      30:-0.497
                      34: 0.402
                      35: 0.579
                      37:-0.171
 
 I=  9/2- (3)  3.534  26:-0.309
                      27:-0.098
                      28:-0.920
                      29: 0.056
                      31: 0.170
                      34:-0.127
 
 I=  9/2- (4)  4.300  32: 0.224
                      33:-0.558
                      36: 0.623
                      38:-0.455
                      39: 0.210
 
 I=  9/2- (5)  4.351  25:-0.239
                      28:-0.078
                      29: 0.148
                      30: 0.477
                      34: 0.654
                      35: 0.274
                      37: 0.424

             ENERGY    K= OMEGA
 
 I= 11/2- (1)  2.229  32:-0.676
                      33:-0.566
                      36:-0.400
                      38:-0.231
                      39:-0.096
 
 I= 11/2- (2)  3.193  26:-0.112
                      27:-0.320
                      28: 0.245
                      31:-0.907
 
 I= 11/2- (3)  4.646  25:-0.060
                      26: 0.338
                      27:-0.136
                      28:-0.844
                      30:-0.187
                      31:-0.211
                      35:-0.268
 
 I= 11/2- (4)  4.683  26: 0.118
                      28:-0.193
                      29:-0.334
                      30: 0.299
                      31:-0.110
                      34:-0.579
                      35: 0.631
 
 I= 11/2- (5)  5.145  25:-0.347
                      28: 0.218
                      29:-0.473
                      30:-0.495
                      31: 0.059
                      34:-0.427
                      35:-0.348
                      37: 0.232

             ENERGY    K= OMEGA
 
 I= 13/2- (1)  4.004  32: 0.193
                      33:-0.501
                      36: 0.611
                      38:-0.511
                      39: 0.280
 
 I= 13/2- (2)  4.406  26:-0.151
                      27: 0.369
                      28:-0.291
                      31:-0.867
 
 I= 13/2- (3)  5.287  25:-0.382
                      28: 0.053
                      29: 0.457
                      30: 0.559
                      34:-0.320
                      35:-0.427
                      37: 0.209
 
 I= 13/2- (4)  6.024  26:-0.395
                      27:-0.159
                      28:-0.845
                      29: 0.051
                      31: 0.288
                      34:-0.132
 
 I= 13/2- (5)  6.969  25:-0.243
                      27:-0.057
                      28:-0.090
                      29: 0.142
                      30: 0.318
                      34: 0.618
                      35: 0.507
                      37: 0.408

             ENERGY     K= 9/2
  32 LEVELS    TIME=  0.0 SEC



 ******************* EXCITATION ENERGIES, DOMINANT CONFIGURATION AND EXPECTATION VALUES (WITH S.P. UU+VV FACTORS) *******************

  NR  Eex(keV)  I   Kdom  NY    <Jz>  <Jx**2> <Jy**2> <Jz**2> <I.j>/|I|  <Rx**2> <Ry**2> <Rz**2> <R.j>/|R|  <HROTx> <HROTy> <HROTz>

   1    0.0   3/2-  -3/2  34   -1.38    1.72    1.72    2.13    1.41       1.93    1.93   -0.00   -1.45      0.236   0.236  -0.000
   2  177.5   5/2-   5/2  35    1.21    2.18    2.18    4.76    2.36       1.96    1.96    0.00   -1.08      0.239   0.239   0.000
   3  294.5   9/2-   9/2  31    3.78    2.61    2.61   19.47    4.43       2.70    2.70   -0.00   -1.15      0.329   0.329  -0.000
   4  323.4  11/2-   1/2  32    0.00   26.33   26.33    2.67    6.94       4.07    4.07    0.00   -4.86      0.496   0.496   0.000
   5  621.2   1/2-   1/2  37    0.50    1.42    1.42    0.25    0.83       1.19    1.19    0.00   -1.53      0.145   0.145   0.000
  
   6  663.9   5/2-  -3/2  34   -0.64    1.72    1.72    2.94    1.06       4.44    4.44    0.00   -1.09      0.542   0.542   0.000
   7  726.8   7/2-  -7/2  28   -3.08    2.30    2.30   11.79    3.38       2.64    2.64    0.00   -1.29      0.322   0.322   0.000
   8  825.5   7/2-   5/2  35    0.81    2.18    2.18    4.49    1.91       4.72    4.72    0.00   -0.41      0.576   0.576   0.000
   9  879.2   3/2-  -3/2  30   -1.34    4.34    4.34    2.09    1.49       4.37    4.37    0.00   -2.67      0.533   0.533   0.000
  10 1005.9   5/2-  -3/2  30    0.05    3.65    3.65    1.70    1.70       3.84    3.84    0.00   -1.43      0.469   0.469   0.000
  
  11 1052.9   1/2-   1/2  29    0.50    4.39    4.39    0.25    0.29       4.64    4.64    0.00   -2.88      0.565   0.565   0.000
  12 1282.6   7/2-  -3/2  34   -0.26    2.38    2.38    2.63    1.41       5.97    5.97   -0.00   -0.52      0.728   0.728  -0.000
  13 1287.8  11/2-   9/2  31    3.17    2.88    2.88   18.75    3.99       6.29    6.29    0.00   -0.19      0.767   0.767   0.000
  14 1327.1   7/2-   1/2  32    0.00   26.49   26.49    1.76    6.69       8.71    8.71    0.00   -6.76      1.062   1.062   0.000
  15 1410.1   9/2-   5/2  35    0.32    3.48    3.48    3.20    2.28       6.11    6.11   -0.00    0.34      0.745   0.745  -0.000
  
  16 1542.2   5/2-   1/2  37    0.14    2.09    2.09    0.74    0.59       5.10    5.10    0.00   -1.00      0.622   0.622   0.000
  17 1628.2   9/2-  -7/2  28   -2.65    2.47    2.47   11.70    2.95       6.02    6.02    0.00   -0.57      0.734   0.734   0.000
  18 2098.8  13/2-   5/2  36    0.02   25.35   25.35    7.69    6.47       8.40    8.40    0.00   -3.23      1.024   1.024   0.000
  19 2325.1   7/2-  -3/2  30   -0.39    3.90    3.90    2.85    0.76      10.20   10.20    0.00   -1.69      1.244   1.244   0.000
  20 2361.6   5/2-   1/2  29   -0.12    4.32    4.32    1.00   -0.37      10.29   10.29    0.00   -2.37      1.254   1.254   0.000
  
  21 2394.3   9/2-   5/2  36    0.00   25.68   25.68    6.56    6.23      10.33   10.33    0.00   -5.92      1.260   1.260   0.000
  22 2445.9   9/2-  -3/2  34   -0.69    2.46    2.46    2.12    1.09      10.46   10.46   -0.00   -0.35      1.276   1.276  -0.000
  23 2500.9  13/2-   9/2  31    2.67    3.11    3.11   18.10    3.68      10.85   10.85   -0.00    0.29      1.323   1.323  -0.000
  24 2740.8  11/2-  -7/2  28   -1.94    2.55    2.55   11.09    2.59      10.46   10.46    0.00   -0.15      1.275   1.275   0.000
  25 2777.6  11/2-   5/2  35    0.38    2.47    2.47    4.26    1.65      12.59   12.59    0.00    0.13      1.535   1.535   0.000
  
  26 3239.7  11/2-  -3/2  30   -0.29    3.00    3.00    2.48    1.53      12.95   12.95    0.00    0.13      1.579   1.579   0.000
  27 3381.3  13/2-  -3/2  30    0.03    4.30    4.30    2.25    2.36      13.29   13.29    0.00    1.10      1.620   1.620   0.000
  28 3607.5   1/2-   1/2  25    0.50    5.81    5.81    0.25    0.69       5.70    5.70    0.00   -3.33      0.696   0.696   0.000
  29 4119.0  13/2-  -7/2  28   -1.84    2.65    2.65   11.76    2.45      15.78   15.78    0.00    0.01      1.923   1.923   0.000
  30 5063.4  13/2-  -3/2  34    0.01    2.24    2.24    2.93    0.99      21.18   21.18    0.00   -0.08      2.582   2.582   0.000
  
  31 6436.5   1/2-   1/2  32    0.50   26.50   26.50    0.25   -3.86      30.34   30.34   -0.00   -7.26      3.699   3.699  -0.000
  32*******   1/2-  -3/2  33    0.00    0.00    0.00    0.00   -0.00       0.00    0.00    0.00   -0.00      0.000   0.000   0.000
