1SPECTRUM OF (Z= 82 A=207) IN PARTICLE-ROTOR  MODEL WITH MODIFIED OSCILLATOR POTENTIAL


 PARITY=-   EPS= 0.424   GAMMA=  0.0   EPS4=0.000   EPS6=0.000   LEVELS:  25  26  27  28  29  30  31  32  33  34  35  36  37  38  39

 PAIRING FACTORS: GN0= 19.20  GN1=  7.40  IPAIR= 15 ***  E2PLUS(INPUT)=   0.730  E2PLUR(INPUT)=   0.000

 CORIOLIS ATTENUATION PARAMETERS:  CHSI=1.000  ETA=  1.00

 MOMENT OF INERTIA PARAMETERS:   A1=  0.122 MEV   A2=  0.122 MEV   A3=121.91923 MEV


 DELTA=0.847 MEV  LAMBDA=53.4886 MEV   HW0= 7.5803 MEV   LAMBDA/HW0= 7.0562

 E2ENERGY=0.730 MEV  HBAR**2/B=33334./A**(7/3)=5635.0/A**2 MEV

 IREC=0  =>  RECOIL TERMS j+j-, j+j+, jzjz, ETC TREATED AS ONE-BODY OPERATORS WITH UU+VV PAIRING FACTORS



 S. P. LEVEL   EQP       U     V        (UU + VV)**1.00

     25       3.777    0.113 0.994      1.000 1.000 0.998 0.998 0.993 0.928 0.876 0.818 0.631 0.419 0.346 0.333 0.263 0.243 0.222
     26       3.245    0.132 0.991      1.000 1.000 0.999 0.999 0.995 0.935 0.885 0.828 0.645 0.436 0.364 0.351 0.281 0.262 0.240
     27       2.525    0.170 0.985      0.998 0.999 1.000 1.000 0.998 0.948 0.903 0.850 0.675 0.470 0.400 0.387 0.318 0.299 0.278
     28       2.478    0.173 0.985      0.998 0.999 1.000 1.000 0.999 0.949 0.904 0.851 0.677 0.474 0.403 0.390 0.322 0.302 0.281
     29       1.928    0.225 0.974      0.993 0.995 0.998 0.999 1.000 0.965 0.925 0.878 0.715 0.519 0.451 0.438 0.371 0.352 0.331
     30       1.014    0.474 0.880      0.928 0.935 0.948 0.949 0.965 1.000 0.993 0.973 0.874 0.726 0.671 0.660 0.603 0.587 0.568
     31       0.898    0.578 0.816      0.876 0.885 0.903 0.904 0.925 0.993 1.000 0.994 0.927 0.804 0.756 0.746 0.695 0.681 0.664
     32       0.853    0.664 0.748      0.818 0.828 0.850 0.851 0.878 0.973 0.994 1.000 0.963 0.865 0.823 0.815 0.770 0.757 0.743
     33       0.932    0.842 0.539      0.631 0.645 0.675 0.677 0.715 0.874 0.927 0.963 1.000 0.969 0.946 0.942 0.914 0.906 0.896
     34       1.422    0.950 0.314      0.419 0.436 0.470 0.474 0.519 0.726 0.804 0.865 0.969 1.000 0.997 0.996 0.986 0.983 0.978
     35       1.828    0.971 0.238      0.346 0.364 0.400 0.403 0.451 0.671 0.756 0.823 0.946 0.997 1.000 1.000 0.996 0.994 0.992
     36       1.934    0.974 0.225      0.333 0.351 0.387 0.390 0.438 0.660 0.746 0.815 0.942 0.996 1.000 1.000 0.997 0.996 0.993
     37       2.810    0.988 0.152      0.263 0.281 0.318 0.322 0.371 0.603 0.695 0.770 0.914 0.986 0.996 0.997 1.000 1.000 0.999
     38       3.227    0.991 0.132      0.243 0.262 0.299 0.302 0.352 0.587 0.681 0.757 0.906 0.983 0.994 0.996 1.000 1.000 1.000
     39       3.865    0.994 0.110      0.222 0.240 0.278 0.281 0.331 0.568 0.664 0.743 0.896 0.978 0.992 0.993 0.999 1.000 1.000

  R CORE   ENERGY   A0R/A00=1.000    R3= 0     2  
   2( 1)    0.732                    1.000 0.000
   2( 2)  487.921                    0.000 1.000

  R CORE   ENERGY   A0R/A00=1.000    R3= 0     2  
   3( 1)  488.652                    0.000 1.000

  R CORE   ENERGY   A0R/A00=1.000    R3= 0     2     4  
   4( 1)    2.438                    1.000 0.000 0.000

  R CORE   ENERGY   A0R/A00=1.000    R3= 0     2     4  
   5( 1)  490.847                    0.000 1.000 0.000

  R CORE   ENERGY   A0R/A00=1.000    R3= 0     2     4     6  
   6( 1)    5.121                    1.000 0.000 0.000 0.000

  R CORE   ENERGY   A0R/A00=1.000    R3= 0     2     4     6  
   7( 1)  494.017                    0.000 1.000 0.000 0.000

          AXIAL SYMMETRY => K RESTRICTED TO OMEGA

                     K
     S.P. ORB#: 25  0.50
     S.P. ORB#: 26 -5.50
     S.P. ORB#: 27 -1.50
     S.P. ORB#: 28  2.50
     S.P. ORB#: 29 -3.50
     S.P. ORB#: 30  2.50
     S.P. ORB#: 31  0.50
     S.P. ORB#: 32 -1.50
     S.P. ORB#: 33  0.50
     S.P. ORB#: 34 -3.50
     S.P. ORB#: 35 -3.50
     S.P. ORB#: 36  4.50
     S.P. ORB#: 37  0.50
     S.P. ORB#: 38 -1.50
     S.P. ORB#: 39 -1.50
 

             ENERGY    K= OMEGA
 
 I=  1/2- (1)  2.237  31:-1.000
 
 I=  1/2- (2)  3.754  25:-0.228
                      33: 0.920
                      37:-0.319
 
 I=  1/2- (3)  6.818  25:-0.268
                      33: 0.255
                      37: 0.929
 
 I=  1/2- (4)  9.953  25: 0.936
                      33: 0.297
                      37: 0.189
 
 I=  1/2- (5)147.156  32:-1.000

             ENERGY    K= OMEGA
 
 I=  3/2- (1)  2.179  31: 0.520
                      32:-0.854
 
 I=  3/2- (2)  2.504  31: 0.840
                      32: 0.518
                      39: 0.159

             ENERGY    K= OMEGA
 
 I=  5/2- (1)  2.744  31:-0.472
                      32:-0.878
                      39: 0.064
 
 I=  5/2- (2)  3.285  28: 0.072
                      31:-0.840
                      32: 0.467
                      39: 0.267
 
 I=  5/2- (3)  3.860  25:-0.180
                      33: 0.822
                      37:-0.462
                      38:-0.277
 
 I=  5/2- (4)  4.271  28: 0.992
                      31: 0.061
                      32:-0.084
                      39: 0.071
 
 I=  5/2- (5)  5.267  28: 0.090
                      31:-0.261
                      32: 0.065
                      39:-0.959

             ENERGY    K= OMEGA
 
 I=  7/2- (1)  2.330  28: 0.150
                      34:-0.988
 
 I=  7/2- (2)  3.350  31:-0.735
                      32: 0.654
                      39:-0.172
 
 I=  7/2- (3)  3.840  28: 0.193
                      29: 0.962
                      31:-0.132
                      32:-0.127
                      39:-0.064
 
 I=  7/2- (4)  3.976  25: 0.068
                      27:-0.124
                      30:-0.147
                      33:-0.875
                      35:-0.055
                      37:-0.250
                      38:-0.357
 
 I=  7/2- (5)  3.979  28: 0.074
                      29:-0.210
                      31:-0.591
                      32:-0.732
                      39:-0.253

             ENERGY    K= OMEGA
 
 I=  9/2- (1)  2.852  28: 0.094
                      29:-0.200
                      34: 0.377
                      36: 0.899
 
 I=  9/2- (2)  3.432  28: 0.197
                      29: 0.121
                      34: 0.899
                      36:-0.371
 
 I=  9/2- (3)  4.491  28: 0.062
                      31: 0.597
                      32: 0.779
                      39:-0.173
 
 I=  9/2- (4)  4.670  25: 0.111
                      27: 0.086
                      30:-0.164
                      33:-0.758
                      35: 0.085
                      37: 0.499
                      38: 0.351
 
 I=  9/2- (5)  4.994  28: 0.268
                      29:-0.915
                      31:-0.160
                      32: 0.072
                      36:-0.221
                      39: 0.099

             ENERGY    K= OMEGA
 
 I= 11/2- (1)  3.817  25:-0.497
                      27:-0.559
                      30:-0.480
                      33:-0.353
                      35:-0.212
                      37:-0.112
                      38:-0.162
 
 I= 11/2- (2)  3.991  26: 0.078
                      28: 0.138
                      29: 0.266
                      34:-0.439
                      36: 0.843
 
 I= 11/2- (3)  4.586  26: 0.987
                      34: 0.154
 
 I= 11/2- (4)  4.758  26: 0.140
                      28: 0.229
                      29:-0.178
                      34:-0.840
                      36:-0.433
 
 I= 11/2- (5)  5.187  25: 0.335
                      27: 0.196
                      30: 0.150
                      33:-0.771
                      35: 0.084
                      37:-0.287
                      38:-0.378

             ENERGY    K= OMEGA
 
 I= 13/2- (1)  5.371  26: 0.082
                      28:-0.174
                      29: 0.309
                      34:-0.469
                      36:-0.804
 
 I= 13/2- (2)  5.609  25: 0.178
                      27:-0.557
                      30: 0.674
                      33: 0.190
                      35:-0.374
                      37:-0.088
                      38:-0.139
 
 I= 13/2- (3)  6.166  26:-0.963
                      28:-0.084
                      34:-0.248
                      36: 0.058
 
 I= 13/2- (4)  6.317  26:-0.256
                      28: 0.249
                      29: 0.218
                      32: 0.052
                      34: 0.784
                      36:-0.455
 
 I= 13/2- (5)  6.447  25:-0.183
                      27: 0.150
                      30:-0.127
                      33: 0.714
                      35: 0.081
                      37:-0.530
                      38:-0.362

             ENERGY     K=-3/2
  32 LEVELS    TIME=  0.0 SEC



 ******************* EXCITATION ENERGIES, DOMINANT CONFIGURATION AND EXPECTATION VALUES (WITH S.P. UU+VV FACTORS) *******************

  NR  Eex(keV)  I   Kdom  NY    <Jz>  <Jx**2> <Jy**2> <Jz**2> <I.j>/|I|  <Rx**2> <Ry**2> <Rz**2> <R.j>/|R|  <HROTx> <HROTy> <HROTz>

   1    0.0   3/2-  -3/2  32   -0.96    5.09    5.09    1.71    1.26       5.38    5.38    0.00   -2.88      0.655   0.655   0.000
   2   57.4   1/2-   1/2  31    0.50    5.05    5.05    0.25    0.07       5.49    5.49    0.00   -3.11      0.669   0.669   0.000
   3  150.1   7/2-  -7/2  34   -3.36    2.32    2.32   12.11    3.18       3.62    3.62   -0.00   -1.53      0.441   0.441  -0.000
   4  325.0   3/2-   1/2  31   -0.09    4.91    4.91    0.84    0.45       6.33    6.33    0.00   -2.75      0.772   0.772   0.000
   5  564.1   5/2-  -3/2  32   -1.05    5.11    5.11    1.82    0.93       7.65    7.65    0.00   -2.37      0.932   0.932   0.000
  
   6  672.4   9/2-   9/2  36    3.03    2.56    2.56   18.67    4.07       4.04    4.04    0.00   -1.25      0.493   0.493   0.000
   7 1105.9   5/2-   1/2  31   -0.07    4.73    4.73    0.86    0.21       8.93    8.93    0.00   -2.30      1.089   1.089   0.000
   8 1170.2   7/2-   1/2  31   -0.42    5.06    5.06    1.18    0.95       9.76    9.76    0.00   -1.71      1.190   1.190   0.000
   9 1253.0   9/2-  -7/2  34   -2.17    2.39    2.39   13.11    2.73       7.76    7.76    0.00   -1.10      0.946   0.946   0.000
  10 1574.4   1/2-   1/2  33    0.50   10.60   10.60    0.25    1.06      10.18   10.18    0.00   -4.55      1.241   1.241   0.000
  
  11 1637.6  11/2-  -3/2  27    0.10   23.59   23.59    2.85    6.12       6.31    6.31    0.00   -3.79      0.769   0.769   0.000
  12 1660.5   7/2-  -7/2  29   -3.17    6.21    6.21   11.62    3.03       7.87    7.87    0.00   -3.03      0.959   0.959   0.000
  13 1680.8   5/2-   1/2  33    0.35   11.22   11.22    0.41    2.21       9.26    9.26    0.00   -3.79      1.129   1.129   0.000
  14 1796.9   7/2-   1/2  33    0.25   15.04   15.04    0.70    3.18      10.63   10.63    0.00   -3.94      1.296   1.296   0.000
  15 1799.2   7/2-  -3/2  32   -0.87    4.77    4.77    2.02    0.49      11.73   11.73    0.00   -1.99      1.430   1.430   0.000
  
  16 1811.3  11/2-   9/2  36    2.29    2.75    2.75   17.93    3.48       8.77    8.77    0.00   -0.62      1.069   1.069   0.000
  17 2091.9   5/2-   5/2  28    2.44    6.08    6.08    6.18    2.08       7.40    7.40   -0.00   -3.17      0.902   0.902  -0.000
  18 2311.9   9/2-  -3/2  32   -0.78    5.08    5.08    1.58    0.76      14.45   14.45    0.00   -1.48      1.762   1.762   0.000
  19 2407.0  11/2- -11/2  26   -5.44    2.75    2.75   29.77    4.99       5.68    5.68    0.00   -1.61      0.693   0.693   0.000
  20 2490.3   9/2-   1/2  33    0.26   12.52   12.52    0.76    2.66      12.03   12.03    0.00   -2.56      1.466   1.466   0.000
  
  21 2578.8  11/2-  -7/2  34   -1.72    2.50    2.50   13.77    2.41      12.85   12.85    0.00   -0.86      1.567   1.567   0.000
  22 2814.1   9/2-  -7/2  29   -2.55    5.96    5.96   11.75    2.36      12.46   12.46    0.00   -2.39      1.520   1.520   0.000
  23 3007.9  11/2-   1/2  33    0.15   13.15   13.15    0.83    2.94      13.88   13.88    0.00   -1.82      1.692   1.692   0.000
  24 3087.5   5/2-  -3/2  39   -1.33    2.17    2.17    2.15    0.32       6.68    6.68    0.00   -1.52      0.814   0.814   0.000
  25 3191.3  13/2-   9/2  36    1.84    2.91    2.91   17.36    3.08      14.45   14.45    0.00   -0.31      1.762   1.762   0.000
  
  26 3429.5  13/2-   5/2  30    0.19   23.26   23.26    5.32    4.93      15.87   15.87    0.00   -3.09      1.935   1.935   0.000
  27 3986.8  13/2- -11/2  26   -5.28    2.74    2.74   28.92    4.17      12.48   12.48    0.00   -1.06      1.522   1.522   0.000
  28 4137.1  13/2-  -7/2  34   -1.60    2.61    2.61   14.68    2.23      18.78   18.78    0.00   -0.71      2.290   2.290   0.000
  29 4267.8  13/2-   1/2  33    0.20   11.99   11.99    0.73    2.59      18.65   18.65    0.00   -1.09      2.274   2.274   0.000
  30 4638.7   1/2-   1/2  37    0.50   15.75   15.75    0.25   -0.46      16.65   16.65    0.00   -5.57      2.031   2.031   0.000
  
  31 7773.4   1/2-   1/2  25    0.50   22.98   22.98    0.25   -3.49      26.50   26.50    0.00   -6.76      3.231   3.231   0.000
  32*******   1/2-  -3/2  32    0.00    0.00    0.00    0.00    0.00       0.00    0.00    0.00   -0.00      0.000   0.000   0.000
