1SPECTRUM OF (Z= 82 A=207) IN PARTICLE-ROTOR  MODEL WITH MODIFIED OSCILLATOR POTENTIAL


 PARITY=-   EPS= 0.328   GAMMA=  0.0   EPS4=0.000   EPS6=0.000   LEVELS:  26  27  28  29  30  31  32  33  34  35  36  37  38  39  40

 PAIRING FACTORS: GN0= 19.20  GN1=  7.40  IPAIR= 15 ***  E2PLUS(INPUT)=   0.730  E2PLUR(INPUT)=   0.000

 CORIOLIS ATTENUATION PARAMETERS:  CHSI=1.000  ETA=  1.00

 MOMENT OF INERTIA PARAMETERS:   A1=  0.122 MEV   A2=  0.122 MEV   A3=121.91924 MEV


 DELTA=0.923 MEV  LAMBDA=53.3180 MEV   HW0= 7.5084 MEV   LAMBDA/HW0= 7.1011

 E2ENERGY=0.730 MEV  HBAR**2/B=19948./A**(7/3)=3372.2/A**2 MEV

 IREC=0  =>  RECOIL TERMS j+j-, j+j+, jzjz, ETC TREATED AS ONE-BODY OPERATORS WITH UU+VV PAIRING FACTORS



 S. P. LEVEL   EQP       U     V        (UU + VV)**1.00

     26       3.195    0.146 0.989      1.000 0.999 0.988 0.973 0.958 0.935 0.902 0.728 0.582 0.338 0.333 0.316 0.313 0.281 0.257
     27       2.638    0.178 0.984      0.999 1.000 0.993 0.980 0.967 0.946 0.916 0.750 0.608 0.368 0.363 0.346 0.344 0.311 0.288
     28       1.638    0.295 0.956      0.988 0.993 1.000 0.997 0.991 0.978 0.957 0.824 0.699 0.477 0.472 0.456 0.454 0.423 0.401
     29       1.341    0.371 0.929      0.973 0.980 0.997 1.000 0.998 0.992 0.977 0.867 0.754 0.546 0.542 0.526 0.524 0.495 0.473
     30       1.206    0.422 0.907      0.958 0.967 0.991 0.998 1.000 0.997 0.988 0.893 0.790 0.592 0.588 0.573 0.571 0.543 0.522
     31       1.084    0.488 0.873      0.935 0.946 0.978 0.992 0.997 1.000 0.997 0.924 0.833 0.650 0.646 0.632 0.630 0.603 0.583
     32       0.996    0.559 0.829      0.902 0.916 0.957 0.977 0.988 0.997 1.000 0.953 0.876 0.711 0.707 0.694 0.692 0.667 0.649
     33       0.949    0.784 0.620      0.728 0.750 0.824 0.867 0.893 0.924 0.953 1.000 0.981 0.891 0.889 0.880 0.879 0.862 0.850
     34       1.135    0.889 0.457      0.582 0.608 0.699 0.754 0.790 0.833 0.876 0.981 1.000 0.962 0.960 0.955 0.955 0.944 0.935
     35       2.391    0.980 0.197      0.338 0.368 0.477 0.546 0.592 0.650 0.711 0.891 0.962 1.000 1.000 1.000 1.000 0.998 0.996
     36       2.456    0.981 0.192      0.333 0.363 0.472 0.542 0.588 0.646 0.707 0.889 0.960 1.000 1.000 1.000 1.000 0.999 0.997
     37       2.697    0.985 0.174      0.316 0.346 0.456 0.526 0.573 0.632 0.694 0.880 0.955 1.000 1.000 1.000 1.000 0.999 0.998
     38       2.733    0.985 0.171      0.313 0.344 0.454 0.524 0.571 0.630 0.692 0.879 0.955 1.000 1.000 1.000 1.000 0.999 0.998
     39       3.388    0.990 0.138      0.281 0.311 0.423 0.495 0.543 0.603 0.667 0.862 0.944 0.998 0.999 0.999 0.999 1.000 1.000
     40       4.106    0.994 0.113      0.257 0.288 0.401 0.473 0.522 0.583 0.649 0.850 0.935 0.996 0.997 0.998 0.998 1.000 1.000

  R CORE   ENERGY   A0R/A00=1.000    R3= 0     2  
   2( 1)    0.732                    1.000 0.000
   2( 2)  487.921                    0.000 1.000

  R CORE   ENERGY   A0R/A00=1.000    R3= 0     2  
   3( 1)  488.652                    0.000 1.000

  R CORE   ENERGY   A0R/A00=1.000    R3= 0     2     4  
   4( 1)    2.438                    1.000 0.000 0.000

  R CORE   ENERGY   A0R/A00=1.000    R3= 0     2     4  
   5( 1)  490.847                    0.000 1.000 0.000

  R CORE   ENERGY   A0R/A00=1.000    R3= 0     2     4     6  
   6( 1)    5.121                    1.000 0.000 0.000 0.000

  R CORE   ENERGY   A0R/A00=1.000    R3= 0     2     4     6  
   7( 1)  494.017                    0.000 1.000 0.000 0.000

          AXIAL SYMMETRY => K RESTRICTED TO OMEGA

                     K
     S.P. ORB#: 26  2.50
     S.P. ORB#: 27 -3.50
     S.P. ORB#: 28  0.50
     S.P. ORB#: 29  0.50
     S.P. ORB#: 30 -1.50
     S.P. ORB#: 31 -1.50
     S.P. ORB#: 32 -3.50
     S.P. ORB#: 33  4.50
     S.P. ORB#: 34  2.50
     S.P. ORB#: 35 -3.50
     S.P. ORB#: 36 -1.50
     S.P. ORB#: 37  0.50
     S.P. ORB#: 38  2.50
     S.P. ORB#: 39  0.50
     S.P. ORB#: 40  4.50
 

             ENERGY    K= OMEGA
 
 I=  1/2- (1)  2.576  29: 0.999
 
 I=  1/2- (2)  3.737  39:-0.999
 
 I=  1/2- (3)  5.984  28: 0.422
                      37:-0.906
 
 I=  1/2- (4)  8.746  28: 0.906
                      37: 0.422
 
 I=  1/2- (5)147.387  31:-1.000

             ENERGY    K= OMEGA
 
 I=  3/2- (1)  2.453  29: 0.397
                      30:-0.917
 
 I=  3/2- (2)  2.674  29:-0.734
                      30:-0.321
                      36:-0.576
                      39: 0.161

             ENERGY    K= OMEGA
 
 I=  5/2- (1)  2.741  29:-0.395
                      30:-0.769
                      36: 0.176
                      38: 0.434
                      39:-0.182
 
 I=  5/2- (2)  3.301  26:-0.066
                      29: 0.530
                      30:-0.429
                      36:-0.727
 
 I=  5/2- (3)  3.520  29:-0.452
                      30:-0.224
                      36:-0.182
                      38:-0.819
                      39:-0.203
 
 I=  5/2- (4)  4.201  29: 0.530
                      30:-0.399
                      36: 0.607
                      38:-0.375
                      39: 0.221
 
 I=  5/2- (5)  4.646  26:-0.085
                      29:-0.277
                      30:-0.119
                      36:-0.174
                      39: 0.934

             ENERGY    K= OMEGA
 
 I=  7/2- (1)  1.792  26:-0.196
                      27: 0.051
                      32: 0.979
 
 I=  7/2- (2)  3.340  29:-0.479
                      30: 0.661
                      36:-0.309
                      38: 0.485
 
 I=  7/2- (3)  3.468  28:-0.718
                      31:-0.581
                      34:-0.353
                      35:-0.148
 
 I=  7/2- (4)  3.882  26: 0.061
                      29:-0.588
                      30:-0.500
                      36:-0.532
                      38:-0.234
                      39: 0.248
 
 I=  7/2- (5)  4.373  26:-0.165
                      27:-0.550
                      29:-0.358
                      30: 0.341
                      36: 0.310
                      38:-0.574

             ENERGY    K= OMEGA
 
 I=  9/2- (1)  1.834  26:-0.072
                      27: 0.196
                      32:-0.231
                      33:-0.950
 
 I=  9/2- (2)  2.745  26: 0.269
                      27: 0.090
                      32: 0.930
                      33:-0.227
 
 I=  9/2- (3)  4.107  29:-0.429
                      30:-0.673
                      36: 0.276
                      38: 0.475
                      39:-0.239
 
 I=  9/2- (4)  4.369  28: 0.202
                      31:-0.517
                      34: 0.635
                      35:-0.489
                      40: 0.221
 
 I=  9/2- (5)  5.120  26:-0.104
                      27: 0.060
                      29: 0.438
                      30:-0.483
                      32: 0.059
                      36:-0.731
                      38: 0.074
                      39:-0.127

             ENERGY    K= OMEGA
 
 I= 11/2- (1)  2.719  28:-0.655
                      31:-0.566
                      34:-0.412
                      35:-0.257
                      37:-0.055
                      40:-0.111
 
 I= 11/2- (2)  2.918  26:-0.123
                      27:-0.265
                      32: 0.319
                      33:-0.902
 
 I= 11/2- (3)  3.929  26:-0.315
                      27: 0.130
                      32: 0.882
                      33: 0.317
                      38: 0.057
 
 I= 11/2- (4)  5.239  29: 0.502
                      30:-0.595
                      36: 0.378
                      38:-0.496
 
 I= 11/2- (5)  5.717  28:-0.489
                      31:-0.111
                      34: 0.425
                      35: 0.624
                      40: 0.421

             ENERGY    K= OMEGA
 
 I= 13/2- (1)  4.220  26:-0.168
                      27: 0.310
                      32:-0.378
                      33:-0.856
 
 I= 13/2- (2)  4.317  28:-0.172
                      31: 0.455
                      34:-0.611
                      35: 0.546
                      40:-0.303
 
 I= 13/2- (3)  5.346  26: 0.345
                      27: 0.167
                      30: 0.068
                      32: 0.837
                      33:-0.376
                      38:-0.074
 
 I= 13/2- (4)  6.455  29:-0.444
                      30:-0.635
                      32: 0.069
                      36: 0.308
                      38: 0.468
                      39:-0.279
 
 I= 13/2- (5)  7.916  26:-0.105
                      27: 0.069
                      29: 0.361
                      30:-0.483
                      32: 0.097
                      36:-0.744
                      39:-0.237

             ENERGY     K= 9/2
  32 LEVELS    TIME=  0.0 SEC



 ******************* EXCITATION ENERGIES, DOMINANT CONFIGURATION AND EXPECTATION VALUES (WITH S.P. UU+VV FACTORS) *******************

  NR  Eex(keV)  I   Kdom  NY    <Jz>  <Jx**2> <Jy**2> <Jz**2> <I.j>/|I|  <Rx**2> <Ry**2> <Rz**2> <R.j>/|R|  <HROTx> <HROTy> <HROTz>

   1    0.0   7/2-  -7/2  32   -3.26    2.31    2.31   12.01    3.35       2.89    2.89    0.00   -1.39      0.353   0.353   0.000
   2   42.1   9/2-   9/2  33    3.76    2.54    2.54   19.45    4.29       3.31    3.31    0.00   -1.24      0.403   0.403   0.000
   3  661.0   3/2-  -3/2  30   -1.18    4.72    4.72    1.93    1.31       5.02    5.02    0.00   -2.79      0.612   0.612   0.000
   4  783.7   1/2-   1/2  29    0.50    4.71    4.71    0.25    0.19       5.05    5.05    0.00   -2.99      0.615   0.615   0.000
   5  881.8   3/2-   1/2  29   -0.37    3.45    3.45    1.12    1.08       3.79    3.79    0.00   -2.15      0.462   0.462   0.000
  
   6  927.2  11/2-   1/2  28   -0.02   24.45   24.45    2.94    6.46       5.17    5.17    0.00   -4.11      0.630   0.630   0.000
   7  948.4   5/2-  -3/2  30   -0.37    4.10    4.10    2.63    1.76       4.57    4.57   -0.00   -1.85      0.557   0.557  -0.000
   8  952.7   9/2-  -7/2  32   -2.64    2.41    2.41   12.20    2.90       6.46    6.46    0.00   -0.72      0.788   0.788   0.000
   9 1125.9  11/2-   9/2  33    3.09    2.76    2.76   18.66    3.77       7.43    7.43    0.00   -0.43      0.906   0.906   0.000
  10 1508.3   5/2-  -3/2  36   -0.92    2.89    2.89    1.70    0.82       5.68    5.68    0.00   -1.50      0.692   0.692   0.000
  
  11 1547.9   7/2-  -3/2  30   -0.10    3.90    3.90    2.76    1.64       6.65    6.65   -0.00   -1.11      0.811   0.811  -0.000
  12 1675.8   7/2-   1/2  28   -0.01   24.10   24.10    1.93    6.17       8.46    8.46    0.00   -6.24      1.031   1.031   0.000
  13 1727.9   5/2-   5/2  38    1.68    2.51    2.51    4.44    1.51       4.64    4.64    0.00   -1.64      0.565   0.565   0.000
  14 1944.9   1/2-   1/2  39    0.50    1.56    1.56    0.25    0.70       1.45    1.45    0.00   -1.62      0.177   0.177   0.000
  15 2089.9   7/2-   1/2  29   -0.45    3.25    3.25    1.68    0.89       8.41    8.41   -0.00   -1.13      1.026   1.026  -0.000
  
  16 2136.5  11/2-  -7/2  32   -2.08    2.50    2.50   12.41    2.60      11.01   11.01    0.00   -0.39      1.343   1.343   0.000
  17 2315.0   9/2-  -3/2  30   -0.12    3.83    3.83    2.71    1.63       9.47    9.47    0.00   -0.52      1.155   1.155   0.000
  18 2409.2   5/2-  -3/2  36   -0.27    3.30    3.30    2.16   -0.05       8.91    8.91    0.00   -2.11      1.086   1.086   0.000
  19 2428.2  13/2-   9/2  33    2.53    2.96    2.96   17.94    3.41      12.46   12.46    0.00   -0.00      1.519   1.519   0.000
  20 2524.3  13/2-   5/2  34    0.01   24.13   24.13    8.32    6.06      10.37   10.37    0.00   -3.14      1.264   1.264   0.000
  
  21 2576.6   9/2-   5/2  34    0.01   24.39   24.39    7.05    5.80      11.41   11.41    0.00   -5.64      1.391   1.391   0.000
  22 2580.3   7/2-   5/2  38   -0.42    3.85    3.85    6.45    1.66       8.36    8.36    0.00   -1.85      1.019   1.019   0.000
  23 2853.3   5/2-   1/2  39    0.43    1.78    1.78    0.38    0.10       6.05    6.05    0.00   -1.05      0.737   0.737   0.000
  24 3327.3   9/2-  -3/2  36   -1.03    2.76    2.76    1.97    0.64      12.92   12.92    0.00   -0.84      1.575   1.575   0.000
  25 3446.6  11/2-  -3/2  30   -0.01    3.74    3.74    2.79    1.49      14.11   14.11    0.00   -0.26      1.721   1.721   0.000
  
  26 3554.2  13/2-  -7/2  32   -1.61    2.59    2.59   12.58    2.39      16.56   16.56    0.00   -0.18      2.019   2.019   0.000
  27 3924.3  11/2-  -7/2  35   -0.01   23.18   23.18    9.57    5.30      14.13   14.13    0.00   -4.56      1.723   1.723   0.000
  28 4191.2   1/2-   1/2  37    0.50   12.40   12.40    0.25   -1.56      14.25   14.25    0.00   -4.95      1.738   1.738   0.000
  29 4663.2  13/2-  -3/2  30   -0.07    3.73    3.73    2.68    1.52      18.86   18.86    0.00    0.07      2.299   2.299   0.000
  30 6124.2  13/2-  -3/2  36   -1.10    2.55    2.55    2.08    0.57      23.99   23.99    0.00   -0.46      2.925   2.925   0.000
  
  31 6954.2   1/2-   1/2  28    0.50   24.79   24.79    0.25   -3.56      28.38   28.38    0.00   -7.02      3.460   3.460   0.000
  32*******   1/2-  -3/2  31    0.00    0.00    0.00    0.00    0.00       0.00    0.00    0.00   -0.00      0.000   0.000   0.000
