1SPECTRUM OF (Z= 82 A=207) IN PARTICLE-ROTOR  MODEL WITH MODIFIED OSCILLATOR POTENTIAL


 PARITY=-   EPS= 0.183   GAMMA=  0.0   EPS4=0.000   EPS6=0.000   LEVELS:  24  25  26  27  28  29  30  31  32  33  34  35  36  37  38

 PAIRING FACTORS: GN0= 19.20  GN1=  7.40  IPAIR= 15 ***  E2PLUS(INPUT)=   0.730  E2PLUR(INPUT)=   0.000

 CORIOLIS ATTENUATION PARAMETERS:  CHSI=1.000  ETA=  1.00

 MOMENT OF INERTIA PARAMETERS:   A1=  0.122 MEV   A2=  0.122 MEV   A3=121.91924 MEV


 DELTA=0.915 MEV  LAMBDA=53.4611 MEV   HW0= 7.4398 MEV   LAMBDA/HW0= 7.1858

 E2ENERGY=0.730 MEV  HBAR**2/B= 6209./A**(7/3)=1049.7/A**2 MEV

 IREC=0  =>  RECOIL TERMS j+j-, j+j+, jzjz, ETC TREATED AS ONE-BODY OPERATORS WITH UU+VV PAIRING FACTORS



 S. P. LEVEL   EQP       U     V        (UU + VV)**1.00

     24       5.150    0.089 0.996      1.000 1.000 1.000 0.999 0.997 0.994 0.992 0.989 0.777 0.671 0.449 0.385 0.344 0.290 0.243
     25       4.310    0.107 0.994      1.000 1.000 1.000 1.000 0.998 0.996 0.994 0.992 0.788 0.684 0.464 0.402 0.360 0.306 0.260
     26       3.925    0.117 0.993      1.000 1.000 1.000 1.000 0.999 0.997 0.995 0.993 0.794 0.692 0.474 0.411 0.370 0.317 0.270
     27       3.799    0.121 0.993      0.999 1.000 1.000 1.000 0.999 0.997 0.996 0.994 0.797 0.695 0.477 0.415 0.374 0.320 0.274
     28       2.875    0.161 0.987      0.997 0.998 0.999 0.999 1.000 0.999 0.999 0.997 0.820 0.723 0.512 0.451 0.411 0.358 0.313
     29       2.338    0.200 0.980      0.994 0.996 0.997 0.997 0.999 1.000 1.000 0.999 0.842 0.750 0.546 0.486 0.446 0.394 0.349
     30       2.185    0.214 0.977      0.992 0.994 0.995 0.996 0.999 1.000 1.000 1.000 0.850 0.759 0.558 0.499 0.460 0.408 0.363
     31       2.025    0.232 0.973      0.989 0.992 0.993 0.994 0.997 0.999 1.000 1.000 0.860 0.771 0.573 0.515 0.476 0.425 0.381
     32       0.915    0.697 0.718      0.777 0.788 0.794 0.797 0.820 0.842 0.850 0.860 1.000 0.988 0.911 0.881 0.858 0.828 0.800
     33       0.951    0.798 0.602      0.671 0.684 0.692 0.695 0.723 0.750 0.759 0.771 0.988 1.000 0.964 0.943 0.927 0.904 0.882
     34       1.339    0.930 0.367      0.449 0.464 0.474 0.477 0.512 0.546 0.558 0.573 0.911 0.964 1.000 0.998 0.993 0.985 0.976
     35       1.590    0.953 0.302      0.385 0.402 0.411 0.415 0.451 0.486 0.499 0.515 0.881 0.943 0.998 1.000 0.999 0.995 0.989
     36       1.830    0.966 0.259      0.344 0.360 0.370 0.374 0.411 0.446 0.460 0.476 0.858 0.927 0.993 0.999 1.000 0.998 0.994
     37       2.300    0.979 0.203      0.290 0.306 0.317 0.320 0.358 0.394 0.408 0.425 0.828 0.904 0.985 0.995 0.998 1.000 0.999
     38       2.980    0.988 0.155      0.243 0.260 0.270 0.274 0.313 0.349 0.363 0.381 0.800 0.882 0.976 0.989 0.994 0.999 1.000

  R CORE   ENERGY   A0R/A00=1.000    R3= 0     2  
   2( 1)    0.732                    1.000 0.000
   2( 2)  487.921                    0.000 1.000

  R CORE   ENERGY   A0R/A00=1.000    R3= 0     2  
   3( 1)  488.652                    0.000 1.000

  R CORE   ENERGY   A0R/A00=1.000    R3= 0     2     4  
   4( 1)    2.438                    1.000 0.000 0.000

  R CORE   ENERGY   A0R/A00=1.000    R3= 0     2     4  
   5( 1)  490.847                    0.000 1.000 0.000

  R CORE   ENERGY   A0R/A00=1.000    R3= 0     2     4     6  
   6( 1)    5.121                    1.000 0.000 0.000 0.000

  R CORE   ENERGY   A0R/A00=1.000    R3= 0     2     4     6  
   7( 1)  494.017                    0.000 1.000 0.000 0.000

          AXIAL SYMMETRY => K RESTRICTED TO OMEGA

                     K
     S.P. ORB#: 24  2.50
     S.P. ORB#: 25  2.50
     S.P. ORB#: 26  0.50
     S.P. ORB#: 27 -3.50
     S.P. ORB#: 28 -3.50
     S.P. ORB#: 29  4.50
     S.P. ORB#: 30  0.50
     S.P. ORB#: 31 -1.50
     S.P. ORB#: 32 -1.50
     S.P. ORB#: 33  2.50
     S.P. ORB#: 34  0.50
     S.P. ORB#: 35  0.50
     S.P. ORB#: 36 -1.50
     S.P. ORB#: 37  2.50
     S.P. ORB#: 38 -3.50
 

             ENERGY    K= OMEGA
 
 I=  1/2- (1)  1.582  26:-0.062
                      34:-0.998
 
 I=  1/2- (2)  3.207  30: 1.000
 
 I=  1/2- (3)  5.069  26: 0.998
                      34:-0.062
 
 I=  1/2- (4)  9.619  35: 1.000
 
 I=  1/2- (5)147.218  32:-1.000

             ENERGY    K= OMEGA
 
 I=  3/2- (1)  1.390  30: 0.191
                      31: 0.110
                      32: 0.971
                      34:-0.082
 
 I=  3/2- (2)  2.238  30:-0.148
                      31:-0.123
                      32: 0.126
                      34: 0.973

             ENERGY    K= OMEGA
 
 I=  5/2- (1)  1.419  30: 0.133
                      31: 0.179
                      32:-0.406
                      33:-0.882
                      34: 0.065
 
 I=  5/2- (2)  2.004  30: 0.226
                      31:-0.166
                      32:-0.871
                      33: 0.398
 
 I=  5/2- (3)  2.260  30: 0.142
                      31: 0.186
                      33: 0.126
                      34: 0.964
 
 I=  5/2- (4)  3.268  24: 0.072
                      26:-0.383
                      30: 0.448
                      31: 0.742
                      32: 0.072
                      33: 0.186
                      34:-0.240
 
 I=  5/2- (5)  4.538  24: 0.063
                      26: 0.074
                      30:-0.802
                      31: 0.519
                      32:-0.261
                      33: 0.099

             ENERGY    K= OMEGA
 
 I=  7/2- (1)  2.053  30: 0.180
                      31:-0.215
                      32: 0.498
                      33:-0.820
 
 I=  7/2- (2)  2.649  25:-0.070
                      26:-0.175
                      28: 0.070
                      30:-0.347
                      31:-0.300
                      32:-0.718
                      33:-0.437
                      34: 0.201
 
 I=  7/2- (3)  3.587  24:-0.069
                      25: 0.246
                      27: 0.142
                      28:-0.947
                      30:-0.069
                      34: 0.100
 
 I=  7/2- (4)  3.840  26: 0.085
                      28:-0.091
                      30: 0.135
                      31: 0.238
                      32:-0.312
                      33:-0.214
                      34:-0.874
 
 I=  7/2- (5)  4.000  35: 0.722
                      36: 0.575
                      37: 0.354
                      38: 0.151

             ENERGY    K= OMEGA
 
 I=  9/2- (1)  2.707  26: 0.177
                      27:-0.104
                      29: 0.160
                      30:-0.299
                      31:-0.363
                      32: 0.461
                      33: 0.680
                      34:-0.180
 
 I=  9/2- (2)  3.057  24: 0.069
                      25: 0.070
                      27: 0.277
                      28: 0.178
                      29:-0.919
                      30:-0.070
                      31:-0.061
                      32: 0.103
                      33: 0.118
 
 I=  9/2- (3)  3.813  24: 0.072
                      25:-0.129
                      26:-0.058
                      27: 0.063
                      28:-0.183
                      30:-0.153
                      31: 0.340
                      32: 0.734
                      33:-0.251
                      34: 0.443
 
 I=  9/2- (4)  3.883  25:-0.051
                      26: 0.087
                      28:-0.095
                      30:-0.309
                      31:-0.074
                      32: 0.205
                      33:-0.537
                      34:-0.740
 
 I=  9/2- (5)  4.478  24: 0.117
                      25:-0.300
                      26:-0.068
                      27: 0.178
                      28:-0.870
                      29:-0.133
                      30: 0.137
                      32:-0.158
                      33: 0.177
                      34:-0.101

             ENERGY    K= OMEGA
 
 I= 11/2- (1)  2.842  35: 0.684
                      36: 0.576
                      37: 0.400
                      38: 0.201
 
 I= 11/2- (2)  3.817  24: 0.106
                      25: 0.113
                      27:-0.329
                      28:-0.161
                      29:-0.617
                      30: 0.163
                      31:-0.229
                      32: 0.349
                      33:-0.510
 
 I= 11/2- (3)  4.065  24: 0.073
                      27:-0.228
                      28:-0.160
                      29:-0.614
                      30:-0.225
                      31: 0.182
                      32:-0.437
                      33: 0.512
 
 I= 11/2- (4)  4.596  24: 0.081
                      25:-0.124
                      26:-0.283
                      27:-0.056
                      28: 0.177
                      29: 0.062
                      30:-0.404
                      31:-0.414
                      32:-0.544
                      33:-0.415
                      34: 0.238
 
 I= 11/2- (5)  5.557  24:-0.139
                      25: 0.359
                      26:-0.094
                      27: 0.219
                      28:-0.846
                      29: 0.168
                      30:-0.151
                      31:-0.074
                      32:-0.053
                      33:-0.075
                      34: 0.120

             ENERGY    K= OMEGA
 
 I= 13/2- (1)  4.642  24: 0.117
                      25: 0.086
                      26:-0.265
                      27: 0.239
                      28: 0.089
                      29:-0.311
                      30: 0.356
                      31: 0.429
                      32:-0.376
                      33:-0.503
                      34: 0.204
 
 I= 13/2- (2)  5.057  35:-0.231
                      36: 0.579
                      37:-0.653
                      38: 0.430
 
 I= 13/2- (3)  5.108  24: 0.124
                      25: 0.129
                      26: 0.137
                      27: 0.395
                      28: 0.243
                      29:-0.758
                      30:-0.197
                      31:-0.182
                      32: 0.186
                      33: 0.195
                      34:-0.123
 
 I= 13/2- (4)  6.376  24: 0.156
                      25:-0.248
                      26:-0.104
                      27: 0.135
                      28:-0.378
                      29:-0.055
                      30:-0.106
                      31: 0.332
                      32: 0.654
                      34: 0.434
 
 I= 13/2- (5)  6.535  25:-0.149
                      26: 0.101
                      27: 0.107
                      28:-0.296
                      30:-0.294
                      32: 0.101
                      33:-0.608
                      34:-0.632

             ENERGY     K=-7/2
  32 LEVELS    TIME=  0.0 SEC



 ******************* EXCITATION ENERGIES, DOMINANT CONFIGURATION AND EXPECTATION VALUES (WITH S.P. UU+VV FACTORS) *******************

  NR  Eex(keV)  I   Kdom  NY    <Jz>  <Jx**2> <Jy**2> <Jz**2> <I.j>/|I|  <Rx**2> <Ry**2> <Rz**2> <R.j>/|R|  <HROTx> <HROTy> <HROTz>

   1    0.0   3/2-  -3/2  32   -1.41    1.53    1.53    2.16    1.46       1.66    1.66    0.00   -1.31      0.203   0.203   0.000
   2   29.6   5/2-   5/2  33    1.67    1.80    1.80    5.32    2.42       1.66    1.66    0.00   -0.96      0.203   0.203   0.000
   3  192.5   1/2-   1/2  34    0.50    1.18    1.18    0.25    0.83       0.96    0.96    0.00   -1.37      0.117   0.117   0.000
   4  614.0   5/2-  -3/2  32   -0.75    1.54    1.54    2.79    1.11       4.02    4.02    0.00   -0.91      0.490   0.490   0.000
   5  663.1   7/2-   5/2  33    1.25    1.93    1.93    4.89    2.04       4.16    4.16    0.00   -0.23      0.507   0.507   0.000
  
   6  848.1   3/2-   1/2  34    0.44    1.30    1.30    0.31   -0.14       3.60    3.60    0.00   -1.18      0.438   0.438   0.000
   7  870.3   5/2-   1/2  34    0.46    1.53    1.53    0.42    0.84       3.63    3.63    0.00   -0.37      0.443   0.443   0.000
   8 1259.5   7/2-  -3/2  32   -0.34    1.74    1.74    2.71    1.39       5.46    5.46    0.00   -0.21      0.666   0.666   0.000
   9 1317.3   9/2-   5/2  33    0.80    2.80    2.80    4.38    2.40       5.45    5.45    0.00    0.59      0.664   0.664   0.000
  10 1452.0  11/2-   1/2  35   -0.01   28.28   28.28    2.36    7.23       4.11    4.11    0.00   -5.47      0.501   0.501   0.000
  
  11 1667.2   9/2-   9/2  29    3.46    2.74    2.74   18.63    4.41       2.47    2.47    0.00   -0.97      0.302   0.302   0.000
  12 1817.1   1/2-   1/2  30    0.50    4.03    4.03    0.25    0.40       4.18    4.18   -0.00   -2.75      0.510   0.510  -0.000
  13 1878.4   5/2-  -3/2  31   -0.53    3.79    3.79    1.60    1.65       4.09    4.09    0.00   -1.51      0.499   0.499   0.000
  14 2196.7   7/2-  -7/2  28   -3.04    2.27    2.27   11.65    3.39       2.53    2.53   -0.00   -1.22      0.309   0.309  -0.000
  15 2422.7   9/2-  -3/2  32   -0.79    1.54    1.54    2.52    1.00      10.21   10.21    0.00   -0.14      1.244   1.244   0.000
  
  16 2426.9  11/2-   9/2  29    1.70    3.09    3.09   11.52    3.23       7.40    7.40   -0.00    0.42      0.903   0.903  -0.000
  17 2449.7   7/2-   1/2  34    0.25    1.68    1.68    0.95   -0.02      10.11   10.11    0.00   -0.98      1.233   1.233   0.000
  18 2492.8   9/2-   1/2  34    0.94    2.01    2.01    2.22    1.02      10.43   10.43    0.00   -0.26      1.272   1.272   0.000
  19 2609.7   7/2-   1/2  35   -0.00   28.42   28.42    1.94    7.10       9.06    9.06    0.00   -7.18      1.105   1.105   0.000
  20 2675.0  11/2-   9/2  29    1.78    2.47    2.47   10.78    2.75       9.31    9.31   -0.00    0.16      1.135   1.135  -0.000
  
  21 3087.9   9/2-  -7/2  28   -2.36    2.33    2.33   10.93    2.77       6.38    6.38   -0.00   -0.50      0.778   0.778  -0.000
  22 3148.2   5/2-   1/2  30   -0.15    4.10    4.10    1.01   -0.39      10.14   10.14    0.00   -2.30      1.236   1.236   0.000
  23 3205.7  11/2-  -3/2  32   -0.17    2.19    2.19    2.84    1.63      11.71   11.71    0.00    0.53      1.428   1.428   0.000
  24 3252.1  13/2-   5/2  33    0.52    3.77    3.77    5.26    2.81      11.16   11.16    0.00    1.44      1.361   1.361   0.000
  25 3666.7  13/2-   5/2  37   -0.06   27.20   27.20    5.69    6.13      11.59   11.59    0.00   -3.59      1.413   1.413   0.000
  
  26 3679.4   1/2-   1/2  26    0.50    4.83    4.83    0.25    0.68       4.74    4.74    0.00   -3.03      0.578   0.578   0.000
  27 3717.9  13/2-   9/2  29    1.94    3.50    3.50   14.87    3.57      10.41   10.41   -0.00    0.66      1.269   1.269  -0.000
  28 4166.7  11/2-  -7/2  28   -2.15    2.47    2.47   10.91    2.62      10.14   10.14   -0.00   -0.04      1.237   1.237  -0.000
  29 4986.4  13/2-  -3/2  32   -1.04    1.88    1.88    3.84    1.36      18.70   18.70   -0.00    0.31      2.280   2.280  -0.000
  30 5144.7  13/2-   1/2  34    0.87    2.12    2.12    3.83    1.13      20.53   20.53   -0.00   -0.03      2.503   2.503  -0.000
  
  31 8229.5   1/2-   1/2  35    0.50   28.89   28.89    0.25   -4.08      32.93   32.93    0.00   -7.59      4.015   4.015   0.000
  32*******   1/2-  -3/2  32    0.00    0.00    0.00    0.00   -0.00       0.00    0.00    0.00   -0.00      0.000   0.000   0.000
