1SPECTRUM OF (Z= 82 A=207) IN PARTICLE-ROTOR  MODEL WITH MODIFIED OSCILLATOR POTENTIAL


 PARITY=-   EPS= 0.351   GAMMA=  0.0   EPS4=0.000   EPS6=0.000   LEVELS:  26  27  28  29  30  31  32  33  34  35  36  37  38  39  40

 PAIRING FACTORS: GN0= 19.20  GN1=  7.40  IPAIR= 15 ***  E2PLUS(INPUT)=   0.730  E2PLUR(INPUT)=   0.000

 CORIOLIS ATTENUATION PARAMETERS:  CHSI=1.000  ETA=  1.00

 MOMENT OF INERTIA PARAMETERS:   A1=  0.122 MEV   A2=  0.122 MEV   A3=121.91923 MEV


 DELTA=0.896 MEV  LAMBDA=53.3787 MEV   HW0= 7.5236 MEV   LAMBDA/HW0= 7.0948

 E2ENERGY=0.730 MEV  HBAR**2/B=22844./A**(7/3)=3861.7/A**2 MEV

 IREC=0  =>  RECOIL TERMS j+j-, j+j+, jzjz, ETC TREATED AS ONE-BODY OPERATORS WITH UU+VV PAIRING FACTORS



 S. P. LEVEL   EQP       U     V        (UU + VV)**1.00

     26       3.055    0.148 0.989      1.000 0.999 0.998 0.978 0.967 0.949 0.820 0.682 0.614 0.351 0.349 0.310 0.295 0.268 0.256
     27       2.496    0.183 0.983      0.999 1.000 0.999 0.984 0.975 0.959 0.839 0.707 0.641 0.384 0.381 0.343 0.328 0.301 0.290
     28       2.113    0.217 0.976      0.998 0.999 1.000 0.990 0.983 0.969 0.858 0.731 0.667 0.416 0.413 0.376 0.361 0.335 0.324
     29       1.356    0.353 0.936      0.978 0.984 0.990 1.000 0.999 0.994 0.922 0.821 0.766 0.541 0.538 0.503 0.489 0.465 0.454
     30       1.235    0.395 0.919      0.967 0.975 0.983 0.999 1.000 0.998 0.939 0.846 0.794 0.578 0.575 0.541 0.528 0.504 0.494
     31       1.108    0.453 0.891      0.949 0.959 0.969 0.994 0.998 1.000 0.959 0.878 0.832 0.629 0.627 0.595 0.582 0.559 0.549
     32       0.897    0.688 0.726      0.820 0.839 0.858 0.922 0.939 0.959 1.000 0.978 0.955 0.824 0.822 0.798 0.789 0.771 0.764
     33       0.960    0.824 0.566      0.682 0.707 0.731 0.821 0.846 0.878 0.978 1.000 0.996 0.924 0.923 0.907 0.900 0.888 0.882
     34       1.049    0.872 0.490      0.614 0.641 0.667 0.766 0.794 0.832 0.955 0.996 1.000 0.955 0.954 0.941 0.935 0.925 0.921
     35       2.195    0.978 0.209      0.351 0.384 0.416 0.541 0.578 0.629 0.824 0.924 0.955 1.000 1.000 0.999 0.998 0.996 0.995
     36       2.225    0.979 0.206      0.349 0.381 0.413 0.538 0.575 0.627 0.822 0.923 0.954 1.000 1.000 0.999 0.998 0.996 0.995
     37       2.746    0.986 0.165      0.310 0.343 0.376 0.503 0.541 0.595 0.798 0.907 0.941 0.999 0.999 1.000 1.000 0.999 0.998
     38       3.028    0.989 0.150      0.295 0.328 0.361 0.489 0.528 0.582 0.789 0.900 0.935 0.998 0.998 1.000 1.000 1.000 0.999
     39       3.689    0.992 0.122      0.268 0.301 0.335 0.465 0.504 0.559 0.771 0.888 0.925 0.996 0.996 0.999 1.000 1.000 1.000
     40       4.085    0.994 0.110      0.256 0.290 0.324 0.454 0.494 0.549 0.764 0.882 0.921 0.995 0.995 0.998 0.999 1.000 1.000

  R CORE   ENERGY   A0R/A00=1.000    R3= 0     2  
   2( 1)    0.732                    1.000 0.000
   2( 2)  487.921                    0.000 1.000

  R CORE   ENERGY   A0R/A00=1.000    R3= 0     2  
   3( 1)  488.652                    0.000 1.000

  R CORE   ENERGY   A0R/A00=1.000    R3= 0     2     4  
   4( 1)    2.438                    1.000 0.000 0.000

  R CORE   ENERGY   A0R/A00=1.000    R3= 0     2     4  
   5( 1)  490.847                    0.000 1.000 0.000

  R CORE   ENERGY   A0R/A00=1.000    R3= 0     2     4     6  
   6( 1)    5.121                    1.000 0.000 0.000 0.000

  R CORE   ENERGY   A0R/A00=1.000    R3= 0     2     4     6  
   7( 1)  494.017                    0.000 1.000 0.000 0.000

          AXIAL SYMMETRY => K RESTRICTED TO OMEGA

                     K
     S.P. ORB#: 26  2.50
     S.P. ORB#: 27 -3.50
     S.P. ORB#: 28  0.50
     S.P. ORB#: 29 -1.50
     S.P. ORB#: 30  0.50
     S.P. ORB#: 31 -1.50
     S.P. ORB#: 32 -3.50
     S.P. ORB#: 33  2.50
     S.P. ORB#: 34  4.50
     S.P. ORB#: 35  0.50
     S.P. ORB#: 36 -3.50
     S.P. ORB#: 37 -1.50
     S.P. ORB#: 38  2.50
     S.P. ORB#: 39  0.50
     S.P. ORB#: 40  4.50
 

             ENERGY    K= OMEGA
 
 I=  1/2- (1)  2.497  30: 0.999
 
 I=  1/2- (2)  4.048  39:-0.999
 
 I=  1/2- (3)  5.574  28:-0.320
                      35: 0.947
 
 I=  1/2- (4)  8.815  28: 0.947
                      35: 0.320
 
 I=  1/2- (5)147.411  31:-1.000

             ENERGY    K= OMEGA
 
 I=  3/2- (1)  2.380  30: 0.409
                      31:-0.912
 
 I=  3/2- (2)  2.676  30:-0.834
                      31:-0.376
                      37:-0.374
                      39: 0.153

             ENERGY    K= OMEGA
 
 I=  5/2- (1)  2.733  30: 0.409
                      31: 0.829
                      37:-0.113
                      38:-0.320
                      39: 0.174
 
 I=  5/2- (2)  3.378  26:-0.062
                      30: 0.725
                      31:-0.401
                      37:-0.549
                      38: 0.087
 
 I=  5/2- (3)  3.757  26:-0.052
                      30:-0.302
                      31:-0.188
                      37:-0.393
                      38:-0.830
                      39:-0.166
 
 I=  5/2- (4)  4.362  26: 0.097
                      30: 0.413
                      31:-0.318
                      37: 0.701
                      38:-0.448
                      39: 0.164
 
 I=  5/2- (5)  4.840  26: 0.962
                      37:-0.077
                      39:-0.260

             ENERGY    K= OMEGA
 
 I=  7/2- (1)  1.722  26:-0.182
                      32: 0.982
 
 I=  7/2- (2)  3.357  30:-0.518
                      31: 0.722
                      37:-0.238
                      38: 0.390
 
 I=  7/2- (3)  3.702  28:-0.688
                      29:-0.585
                      33:-0.393
                      36:-0.172
 
 I=  7/2- (4)  3.904  26: 0.063
                      30:-0.669
                      31:-0.507
                      37:-0.437
                      38:-0.206
                      39: 0.241
 
 I=  7/2- (5)  4.349  26:-0.208
                      27:-0.926
                      30:-0.116
                      31: 0.122
                      37: 0.118
                      38:-0.238

             ENERGY    K= OMEGA
 
 I=  9/2- (1)  1.961  26:-0.080
                      27: 0.177
                      32:-0.281
                      34:-0.940
 
 I=  9/2- (2)  2.715  26: 0.248
                      27: 0.092
                      32: 0.921
                      34:-0.279
 
 I=  9/2- (3)  4.140  30:-0.445
                      31:-0.725
                      37: 0.219
                      38: 0.409
                      39:-0.238
 
 I=  9/2- (4)  4.413  28: 0.189
                      29:-0.494
                      33: 0.644
                      36:-0.503
                      40: 0.230
 
 I=  9/2- (5)  5.217  26:-0.113
                      27: 0.075
                      30: 0.590
                      31:-0.464
                      32: 0.056
                      37:-0.628
                      38: 0.132

             ENERGY    K= OMEGA
 
 I= 11/2- (1)  2.983  28:-0.629
                      29:-0.563
                      33:-0.436
                      35:-0.058
                      36:-0.281
                      40:-0.125
 
 I= 11/2- (2)  3.072  26: 0.134
                      27: 0.240
                      32:-0.378
                      34: 0.884
 
 I= 11/2- (3)  3.939  26:-0.289
                      27: 0.137
                      31: 0.053
                      32: 0.865
                      34: 0.377
                      38: 0.061
 
 I= 11/2- (4)  5.282  30:-0.538
                      31: 0.641
                      32:-0.055
                      37:-0.325
                      38: 0.435
 
 I= 11/2- (5)  5.786  28:-0.504
                      29:-0.150
                      33: 0.397
                      36: 0.620
                      40: 0.425

             ENERGY    K= OMEGA
 
 I= 13/2- (1)  4.405  26:-0.181
                      27: 0.281
                      32:-0.438
                      34:-0.834
 
 I= 13/2- (2)  4.429  28: 0.165
                      29:-0.439
                      33: 0.612
                      36:-0.555
                      40: 0.312
 
 I= 13/2- (3)  5.396  26: 0.315
                      27: 0.178
                      31: 0.077
                      32: 0.815
                      34:-0.438
                      38:-0.081
 
 I= 13/2- (4)  6.504  30: 0.456
                      31: 0.674
                      32:-0.087
                      37:-0.262
                      38:-0.424
                      39: 0.279
 
 I= 13/2- (5)  8.029  26: 0.118
                      27:-0.076
                      30:-0.511
                      31: 0.479
                      32:-0.098
                      37: 0.672
                      38:-0.123
                      39: 0.115

             ENERGY     K= 9/2
  32 LEVELS    TIME=  0.0 SEC



 ******************* EXCITATION ENERGIES, DOMINANT CONFIGURATION AND EXPECTATION VALUES (WITH S.P. UU+VV FACTORS) *******************

  NR  Eex(keV)  I   Kdom  NY    <Jz>  <Jx**2> <Jy**2> <Jz**2> <I.j>/|I|  <Rx**2> <Ry**2> <Rz**2> <R.j>/|R|  <HROTx> <HROTy> <HROTz>

   1    0.0   7/2-  -7/2  32   -3.30    2.31    2.31   12.04    3.31       3.07    3.07    0.00   -1.42      0.374   0.374   0.000
   2  238.6   9/2-   9/2  34    3.61    2.52    2.52   19.28    4.22       3.55    3.55    0.00   -1.25      0.433   0.433   0.000
   3  657.9   3/2-  -3/2  31   -1.16    4.81    4.81    1.91    1.31       5.12    5.12    0.00   -2.82      0.624   0.624   0.000
   4  774.6   1/2-   1/2  30    0.50    4.80    4.80    0.25    0.17       5.16    5.16    0.00   -3.02      0.629   0.629   0.000
   5  954.4   3/2-   1/2  30   -0.06    4.14    4.14    0.81    0.80       4.88    4.88    0.00   -2.42      0.595   0.595   0.000
  
   6  992.5   9/2-  -7/2  32   -2.49    2.39    2.39   12.48    2.86       6.78    6.78    0.00   -0.83      0.827   0.827   0.000
   7 1010.6   5/2-  -3/2  31   -0.69    4.46    4.46    2.27    1.56       5.36    5.36    0.00   -2.01      0.653   0.653   0.000
   8 1261.4  11/2-   1/2  28   -0.01   23.84   23.84    3.28    6.37       5.29    5.29    0.00   -3.97      0.645   0.645   0.000
   9 1350.3  11/2-   9/2  34    2.86    2.72    2.72   18.39    3.66       7.90    7.90    0.00   -0.49      0.963   0.963   0.000
  10 1635.2   7/2-  -3/2  31   -0.36    4.31    4.31    2.34    1.48       7.50    7.50    0.00   -1.32      0.914   0.914   0.000
  
  11 1655.9   5/2-   1/2  30   -0.40    3.70    3.70    1.24    0.60       6.92    6.92    0.00   -1.85      0.843   0.843   0.000
  12 1980.2   7/2-   1/2  28    0.01   23.52   23.52    2.22    6.10       8.30    8.30    0.00   -6.15      1.012   1.012   0.000
  13 2034.5   5/2-   5/2  38    1.50    2.14    2.14    4.78    1.65       4.04    4.04    0.00   -1.48      0.492   0.492   0.000
  14 2182.4   7/2-   1/2  30   -0.31    3.68    3.68    1.43    0.83       8.98    8.98    0.00   -1.30      1.094   1.094   0.000
  15 2216.6  11/2-  -7/2  32   -1.83    2.48    2.48   12.84    2.56      11.49   11.49    0.00   -0.52      1.400   1.400   0.000
  
  16 2326.2   1/2-   1/2  39    0.50    1.60    1.60    0.25    0.70       1.49    1.49    0.00   -1.64      0.182   0.182   0.000
  17 2418.2   9/2-  -3/2  31   -0.33    4.13    4.13    2.45    1.54      10.09   10.09    0.00   -0.68      1.230   1.230   0.000
  18 2626.5   7/2-  -7/2  27   -2.79    5.83    5.83   11.20    2.97       7.51    7.51   -0.00   -2.86      0.916   0.916  -0.000
  19 2639.9   5/2-  -3/2  37   -0.26    2.84    2.84    2.70    0.19       8.01    8.01    0.00   -1.96      0.977   0.977   0.000
  20 2682.9  13/2-   9/2  34    2.27    2.89    2.89   17.62    3.28      13.14   13.14    0.00   -0.09      1.602   1.602   0.000
  
  21 2690.9   9/2-   5/2  33    0.04   24.01   24.01    7.32    5.72      11.61   11.61    0.00   -5.58      1.415   1.415   0.000
  22 2706.7  13/2-   5/2  33    0.02   23.79   23.79    8.52    5.94      10.94   10.94    0.00   -3.12      1.333   1.333   0.000
  23 3118.3   5/2-   5/2  26    2.34    5.71    5.71    5.82    1.97       7.16    7.16   -0.00   -3.01      0.873   0.873  -0.000
  24 3494.6   9/2-  -3/2  37   -0.70    3.32    3.32    1.76    0.57      13.73   13.73    0.00   -1.06      1.674   1.674   0.000
  25 3560.2  11/2-  -3/2  31   -0.17    4.07    4.07    2.49    1.41      14.76   14.76    0.00   -0.41      1.800   1.800   0.000
  
  26 3673.5  13/2-  -7/2  32   -1.31    2.56    2.56   13.08    2.34      17.17   17.17    0.00   -0.32      2.094   2.094   0.000
  27 3852.3   1/2-   1/2  35    0.50   12.29   12.29    0.25   -1.27      13.89   13.89   -0.00   -4.92      1.694   1.694  -0.000
  28 4064.1  11/2-  -7/2  36   -0.05   22.85   22.85    9.48    5.22      14.24   14.24    0.00   -4.49      1.736   1.736   0.000
  29 4782.4  13/2-  -3/2  31   -0.21    3.97    3.97    2.52    1.47      19.32   19.32    0.00   -0.03      2.356   2.356   0.000
  30 6306.4  13/2-  -3/2  37   -0.86    3.07    3.07    1.98    0.52      24.82   24.82    0.00   -0.64      3.026   3.026   0.000
  
  31 7093.4   1/2-   1/2  28    0.50   23.91   23.91    0.25   -3.52      27.45   27.45    0.00   -6.90      3.347   3.347   0.000
  32*******   1/2-  -3/2  31    0.00    0.00    0.00    0.00    0.00       0.00    0.00    0.00   -0.00      0.000   0.000   0.000
