1SPECTRUM OF (Z= 82 A=207) IN PARTICLE-ROTOR  MODEL WITH MODIFIED OSCILLATOR POTENTIAL


 PARITY=-   EPS= 0.322   GAMMA=  0.0   EPS4=0.000   EPS6=0.000   LEVELS:  24  25  26  27  28  29  30  31  32  33  34  35  36  37  38

 PAIRING FACTORS: GN0= 19.20  GN1=  7.40  IPAIR= 15 ***  E2PLUS(INPUT)=   0.730  E2PLUR(INPUT)=   0.000

 CORIOLIS ATTENUATION PARAMETERS:  CHSI=1.000  ETA=  1.00

 MOMENT OF INERTIA PARAMETERS:   A1=  0.122 MEV   A2=  0.122 MEV   A3=121.91924 MEV


 DELTA=0.930 MEV  LAMBDA=53.3061 MEV   HW0= 7.5047 MEV   LAMBDA/HW0= 7.1030

 E2ENERGY=0.730 MEV  HBAR**2/B=19225./A**(7/3)=3249.9/A**2 MEV

 IREC=0  =>  RECOIL TERMS j+j-, j+j+, jzjz, ETC TREATED AS ONE-BODY OPERATORS WITH UU+VV PAIRING FACTORS



 S. P. LEVEL   EQP       U     V        (UU + VV)**1.00

     24       4.861    0.096 0.995      1.000 1.000 0.999 0.997 0.974 0.962 0.946 0.897 0.896 0.725 0.519 0.293 0.288 0.272 0.261
     25       4.158    0.113 0.994      1.000 1.000 0.999 0.998 0.977 0.966 0.951 0.904 0.903 0.737 0.533 0.309 0.304 0.288 0.277
     26       3.234    0.145 0.989      0.999 0.999 1.000 1.000 0.984 0.974 0.961 0.917 0.917 0.759 0.561 0.340 0.336 0.319 0.309
     27       2.677    0.176 0.984      0.997 0.998 1.000 1.000 0.989 0.981 0.969 0.930 0.929 0.779 0.587 0.369 0.365 0.349 0.338
     28       1.529    0.321 0.947      0.974 0.977 0.984 0.989 1.000 0.999 0.995 0.974 0.974 0.864 0.701 0.504 0.500 0.485 0.475
     29       1.370    0.365 0.931      0.962 0.966 0.974 0.981 0.999 1.000 0.999 0.984 0.983 0.886 0.733 0.543 0.539 0.524 0.515
     30       1.234    0.414 0.910      0.946 0.951 0.961 0.969 0.995 0.999 1.000 0.992 0.992 0.910 0.769 0.587 0.584 0.570 0.560
     31       1.039    0.527 0.850      0.897 0.904 0.917 0.930 0.974 0.984 0.992 1.000 1.000 0.955 0.844 0.686 0.683 0.670 0.661
     32       1.036    0.529 0.849      0.896 0.903 0.917 0.929 0.974 0.983 0.992 1.000 1.000 0.956 0.845 0.688 0.684 0.672 0.663
     33       0.939    0.755 0.656      0.725 0.737 0.759 0.779 0.864 0.886 0.910 0.955 0.956 1.000 0.965 0.871 0.868 0.860 0.854
     34       1.188    0.901 0.435      0.519 0.533 0.561 0.587 0.701 0.733 0.769 0.844 0.845 0.965 1.000 0.969 0.968 0.964 0.960
     35       2.379    0.980 0.200      0.293 0.309 0.340 0.369 0.504 0.543 0.587 0.686 0.688 0.871 0.969 1.000 1.000 1.000 0.999
     36       2.432    0.981 0.195      0.288 0.304 0.336 0.365 0.500 0.539 0.584 0.683 0.684 0.868 0.968 1.000 1.000 1.000 1.000
     37       2.654    0.984 0.178      0.272 0.288 0.319 0.349 0.485 0.524 0.570 0.670 0.672 0.860 0.964 1.000 1.000 1.000 1.000
     38       2.826    0.986 0.167      0.261 0.277 0.309 0.338 0.475 0.515 0.560 0.661 0.663 0.854 0.960 0.999 1.000 1.000 1.000

  R CORE   ENERGY   A0R/A00=1.000    R3= 0     2  
   2( 1)    0.732                    1.000 0.000
   2( 2)  487.921                    0.000 1.000

  R CORE   ENERGY   A0R/A00=1.000    R3= 0     2  
   3( 1)  488.652                    0.000 1.000

  R CORE   ENERGY   A0R/A00=1.000    R3= 0     2     4  
   4( 1)    2.438                    1.000 0.000 0.000

  R CORE   ENERGY   A0R/A00=1.000    R3= 0     2     4  
   5( 1)  490.847                    0.000 1.000 0.000

  R CORE   ENERGY   A0R/A00=1.000    R3= 0     2     4     6  
   6( 1)    5.121                    1.000 0.000 0.000 0.000

  R CORE   ENERGY   A0R/A00=1.000    R3= 0     2     4     6  
   7( 1)  494.017                    0.000 1.000 0.000 0.000

          AXIAL SYMMETRY => K RESTRICTED TO OMEGA

                     K
     S.P. ORB#: 24 -5.50
     S.P. ORB#: 25  0.50
     S.P. ORB#: 26  2.50
     S.P. ORB#: 27 -3.50
     S.P. ORB#: 28  0.50
     S.P. ORB#: 29  0.50
     S.P. ORB#: 30 -1.50
     S.P. ORB#: 31 -3.50
     S.P. ORB#: 32 -1.50
     S.P. ORB#: 33  4.50
     S.P. ORB#: 34  2.50
     S.P. ORB#: 35 -1.50
     S.P. ORB#: 36 -3.50
     S.P. ORB#: 37  2.50
     S.P. ORB#: 38  0.50
 

             ENERGY    K= OMEGA
 
 I=  1/2- (1)  2.595  29: 0.999
 
 I=  1/2- (2)  5.705  25: 0.999
 
 I=  1/2- (3)  6.066  28:-0.454
                      38: 0.891
 
 I=  1/2- (4)  8.766  28:-0.891
                      38:-0.454
 
 I=  1/2- (5)147.339  32:-1.000

             ENERGY    K= OMEGA
 
 I=  3/2- (1)  2.457  25:-0.107
                      29: 0.148
                      30:-0.976
                      35:-0.115
 
 I=  3/2- (2)  2.564  25:-0.179
                      29:-0.837
                      35:-0.514

             ENERGY    K= OMEGA
 
 I=  5/2- (1)  2.535  25:-0.259
                      29: 0.445
                      30: 0.757
                      35:-0.173
                      37:-0.363
 
 I=  5/2- (2)  3.269  26:-0.066
                      29: 0.467
                      30:-0.449
                      35:-0.759
 
 I=  5/2- (3)  3.414  25:-0.150
                      29: 0.425
                      30: 0.150
                      35: 0.150
                      37: 0.867
 
 I=  5/2- (4)  4.192  29:-0.600
                      30: 0.394
                      35:-0.605
                      37: 0.339
 
 I=  5/2- (5)  5.018  26:-0.996
                      35: 0.078

             ENERGY    K= OMEGA
 
 I=  7/2- (1)  1.829  26:-0.199
                      27: 0.053
                      31: 0.978
 
 I=  7/2- (2)  3.314  25:-0.103
                      29: 0.303
                      30:-0.741
                      35: 0.242
                      37:-0.536
 
 I=  7/2- (3)  3.415  28:-0.723
                      32:-0.579
                      34:-0.347
                      36:-0.144
 
 I=  7/2- (4)  3.502  25: 0.323
                      29: 0.734
                      30: 0.364
                      35: 0.467
                      37: 0.060
 
 I=  7/2- (5)  4.348  26:-0.142
                      27:-0.409
                      29:-0.396
                      30: 0.411
                      35: 0.365
                      37:-0.595

             ENERGY    K= OMEGA
 
 I=  9/2- (1)  1.816  26:-0.070
                      27: 0.201
                      31:-0.220
                      33:-0.952
 
 I=  9/2- (2)  2.773  26:-0.273
                      27:-0.090
                      31:-0.930
                      33: 0.216
 
 I=  9/2- (3)  3.566  25:-0.373
                      29: 0.487
                      30: 0.679
                      31:-0.058
                      35:-0.217
                      37:-0.336
 
 I=  9/2- (4)  4.575  28:-0.232
                      32: 0.583
                      34:-0.657
                      36: 0.417
 
 I=  9/2- (5)  5.094  25:-0.078
                      26: 0.109
                      27:-0.076
                      29:-0.376
                      30: 0.481
                      31:-0.058
                      35: 0.774

             ENERGY    K= OMEGA
 
 I= 11/2- (1)  2.729  28: 0.685
                      32: 0.579
                      34: 0.391
                      36: 0.199
                      38: 0.055
 
 I= 11/2- (2)  2.889  26:-0.119
                      27:-0.272
                      31: 0.305
                      33:-0.905
 
 I= 11/2- (3)  3.947  26:-0.320
                      27: 0.128
                      30: 0.059
                      31: 0.884
                      33: 0.301
                      37: 0.060
 
 I= 11/2- (4)  5.201  25:-0.161
                      29: 0.243
                      30:-0.733
                      31: 0.066
                      35: 0.261
                      37:-0.549
 
 I= 11/2- (5)  5.350  25: 0.386
                      29: 0.746
                      30: 0.303
                      31:-0.057
                      35: 0.444

             ENERGY    K= OMEGA
 
 I= 13/2- (1)  4.181  26: 0.163
                      27:-0.317
                      31: 0.361
                      33: 0.861
 
 I= 13/2- (2)  4.925  28: 0.223
                      32:-0.565
                      34: 0.660
                      36:-0.441
 
 I= 13/2- (3)  5.330  25: 0.176
                      26:-0.324
                      27:-0.155
                      29:-0.183
                      30:-0.281
                      31:-0.769
                      33: 0.327
                      37: 0.163
 
 I= 13/2- (4)  5.524  25: 0.409
                      26: 0.138
                      27: 0.051
                      29:-0.465
                      30:-0.581
                      31: 0.351
                      33:-0.153
                      35: 0.211
                      37: 0.257
 
 I= 13/2- (5)  7.789  24: 0.994
                      27:-0.063
                      37: 0.057

             ENERGY     K= 1/2
  32 LEVELS    TIME=  0.0 SEC



 ******************* EXCITATION ENERGIES, DOMINANT CONFIGURATION AND EXPECTATION VALUES (WITH S.P. UU+VV FACTORS) *******************

  NR  Eex(keV)  I   Kdom  NY    <Jz>  <Jx**2> <Jy**2> <Jz**2> <I.j>/|I|  <Rx**2> <Ry**2> <Rz**2> <R.j>/|R|  <HROTx> <HROTy> <HROTz>

   1    0.0   9/2-   9/2  33    3.78    2.55    2.55   19.47    4.30       3.24    3.24    0.00   -1.24      0.395   0.395   0.001
   2   12.4   7/2-  -7/2  31   -3.26    2.31    2.31   12.00    3.36       2.86    2.86    0.00   -1.38      0.348   0.348   0.000
   3  641.2   3/2-  -3/2  30   -1.43    4.59    4.59    2.18    1.42       4.81    4.81    0.00   -2.78      0.586   0.586   0.000
   4  718.5   5/2-  -3/2  30   -0.44    4.60    4.60    2.25    2.23       3.51    3.51    0.00   -1.83      0.428   0.428   0.000
   5  748.0   3/2-   1/2  29   -0.03    3.74    3.74    0.78    1.32       3.44    3.44    0.00   -2.17      0.419   0.419   0.000
  
   6  778.7   1/2-   1/2  29    0.50    4.74    4.74    0.25    0.28       5.00    5.00    0.00   -3.00      0.610   0.610   0.000
   7  913.1  11/2-   1/2  28   -0.02   24.69   24.69    2.31    6.37       5.65    5.65    0.00   -4.05      0.689   0.689   0.000
   8  956.4   9/2-  -7/2  31   -2.66    2.42    2.42   12.13    2.91       6.38    6.38    0.00   -0.70      0.778   0.778   0.000
   9 1072.9  11/2-   9/2  33    3.13    2.77    2.77   18.72    3.80       7.28    7.28    0.00   -0.40      0.888   0.888   0.001
  10 1452.8   5/2-  -3/2  35   -1.04    2.71    2.71    1.83    0.85       5.48    5.48    0.00   -1.43      0.668   0.668   0.000
  
  11 1497.5   7/2-  -3/2  30   -0.15    3.88    3.88    3.22    1.76       6.39    6.39    0.00   -1.12      0.779   0.779   0.000
  12 1597.6   5/2-   5/2  37    1.91    2.53    2.53    4.85    1.78       4.08    4.08    0.00   -1.63      0.498   0.498   0.000
  13 1598.4   7/2-   1/2  28   -0.01   24.25   24.25    1.89    6.19       8.50    8.50    0.00   -6.26      1.036   1.036   0.000
  14 1685.4   7/2-   1/2  29   -0.19    3.75    3.75    0.99    1.37       6.68    6.68    0.00   -0.84      0.815   0.815   0.000
  15 1750.0   9/2-  -3/2  30   -0.30    4.83    4.83    1.99    2.27       6.89    6.89   -0.00   -0.09      0.840   0.840  -0.000
  
  16 2130.8  11/2-  -7/2  31   -2.13    2.51    2.51   12.30    2.62      10.89   10.89    0.00   -0.36      1.328   1.328   0.000
  17 2364.6  13/2-   9/2  33    2.58    2.97    2.97   18.03    3.45      12.25   12.25    0.00    0.03      1.494   1.494   0.001
  18 2375.5   5/2-  -3/2  35   -0.31    3.51    3.51    1.99   -0.21       9.50    9.50    0.00   -2.21      1.158   1.158   0.000
  19 2531.5   7/2-   5/2  37   -0.02    3.40    3.40    5.10    1.26       8.84    8.84    0.00   -1.64      1.078   1.078   0.000
  20 2759.1   9/2-   5/2  34   -0.01   24.78   24.78    5.61    5.39      13.14   13.14    0.00   -5.53      1.602   1.602   0.000
  
  21 3109.2  13/2-   5/2  34   -0.04   24.77   24.77    5.84    5.39      14.46   14.46    0.00   -3.30      1.763   1.763   0.000
  22 3201.4   5/2-   5/2  26    2.47    6.00    6.00    6.22    2.08       7.34    7.34    0.00   -3.15      0.895   0.895   0.000
  23 3278.1   9/2-  -3/2  35   -1.17    2.59    2.59    2.10    0.66      12.73   12.73    0.00   -0.79      1.553   1.553   0.000
  24 3384.4  11/2-  -3/2  30   -0.13    3.85    3.85    3.37    1.60      13.84   13.84    0.00   -0.29      1.688   1.688   0.000
  25 3514.1  13/2-  -7/2  31   -1.44    2.99    2.99   10.73    2.42      15.84   15.84    0.00    0.03      1.931   1.931   0.000
  
  26 3534.0  11/2-   1/2  29   -0.09    3.86    3.86    0.88    1.39      13.85   13.85    0.00   -0.05      1.688   1.688   0.000
  27 3707.5  13/2-  -3/2  30   -0.50    4.67    4.67    3.50    2.29      14.82   14.82   -0.00    0.57      1.807   1.807  -0.000
  28 3888.5   1/2-   1/2  25    0.50    6.45    6.45    0.25    0.67       6.37    6.37    0.00   -3.52      0.776   0.776   0.000
  29 4250.0   1/2-   1/2  38    0.50   12.47   12.47    0.25   -1.64      14.39   14.39    0.00   -4.96      1.754   1.754   0.000
  30 5972.5  13/2- -11/2  24   -5.45    2.76    2.76   30.00    4.30      12.11   12.11    0.00   -1.12      1.477   1.477   0.000
  
  31 6950.0   1/2-   1/2  28    0.50   25.00   25.00    0.25   -3.56      28.58   28.58    0.00   -7.05      3.485   3.485   0.000
  32*******   1/2-  -3/2  32    0.00    0.00    0.00    0.00   -0.00       0.00    0.00    0.00   -0.00      0.000   0.000   0.000
