1SPECTRUM OF (Z= 82 A=207) IN PARTICLE-ROTOR  MODEL WITH MODIFIED OSCILLATOR POTENTIAL


 PARITY=-   EPS= 0.362   GAMMA=  0.0   EPS4=0.000   EPS6=0.000   LEVELS:  25  26  27  28  29  30  31  32  33  34  35  36  37  38  39

 PAIRING FACTORS: GN0= 19.20  GN1=  7.40  IPAIR= 15 ***  E2PLUS(INPUT)=   0.730  E2PLUR(INPUT)=   0.000

 CORIOLIS ATTENUATION PARAMETERS:  CHSI=1.000  ETA=  1.00

 MOMENT OF INERTIA PARAMETERS:   A1=  0.122 MEV   A2=  0.122 MEV   A3=121.91924 MEV


 DELTA=0.884 MEV  LAMBDA=53.4091 MEV   HW0= 7.5313 MEV   LAMBDA/HW0= 7.0916

 E2ENERGY=0.730 MEV  HBAR**2/B=24298./A**(7/3)=4107.5/A**2 MEV

 IREC=0  =>  RECOIL TERMS j+j-, j+j+, jzjz, ETC TREATED AS ONE-BODY OPERATORS WITH UU+VV PAIRING FACTORS



 S. P. LEVEL   EQP       U     V        (UU + VV)**1.00

     25       4.259    0.104 0.995      1.000 0.999 0.997 0.996 0.979 0.950 0.926 0.737 0.705 0.525 0.332 0.311 0.257 0.243 0.219
     26       2.986    0.150 0.989      0.999 1.000 0.999 0.999 0.987 0.963 0.943 0.767 0.736 0.564 0.375 0.354 0.301 0.287 0.263
     27       2.427    0.185 0.983      0.997 0.999 1.000 1.000 0.992 0.973 0.954 0.789 0.760 0.593 0.408 0.388 0.335 0.322 0.298
     28       2.358    0.191 0.982      0.996 0.999 1.000 1.000 0.993 0.974 0.956 0.793 0.764 0.598 0.413 0.393 0.340 0.327 0.303
     29       1.519    0.305 0.952      0.979 0.987 0.992 0.993 1.000 0.994 0.984 0.859 0.835 0.688 0.518 0.499 0.449 0.436 0.414
     30       1.184    0.409 0.913      0.950 0.963 0.973 0.974 0.994 1.000 0.998 0.911 0.891 0.764 0.609 0.592 0.545 0.533 0.512
     31       1.063    0.471 0.882      0.926 0.943 0.954 0.956 0.984 0.998 1.000 0.937 0.920 0.807 0.663 0.646 0.602 0.591 0.570
     32       0.890    0.749 0.662      0.737 0.767 0.789 0.793 0.859 0.911 0.937 1.000 0.999 0.962 0.883 0.872 0.843 0.835 0.821
     33       0.904    0.779 0.627      0.705 0.736 0.760 0.764 0.835 0.891 0.920 0.999 1.000 0.974 0.903 0.894 0.867 0.860 0.847
     34       1.130    0.901 0.434      0.525 0.564 0.593 0.598 0.688 0.764 0.807 0.962 0.974 1.000 0.977 0.972 0.957 0.953 0.945
     35       1.958    0.973 0.232      0.332 0.375 0.408 0.413 0.518 0.609 0.663 0.883 0.903 0.977 1.000 1.000 0.997 0.996 0.993
     36       2.146    0.978 0.211      0.311 0.354 0.388 0.393 0.499 0.592 0.646 0.872 0.894 0.972 1.000 1.000 0.998 0.997 0.995
     37       2.890    0.988 0.155      0.257 0.301 0.335 0.340 0.449 0.545 0.602 0.843 0.867 0.957 0.997 0.998 1.000 1.000 0.999
     38       3.174    0.990 0.141      0.243 0.287 0.322 0.327 0.436 0.533 0.591 0.835 0.860 0.953 0.996 0.997 1.000 1.000 1.000
     39       3.836    0.993 0.116      0.219 0.263 0.298 0.303 0.414 0.512 0.570 0.821 0.847 0.945 0.993 0.995 0.999 1.000 1.000

  R CORE   ENERGY   A0R/A00=1.000    R3= 0     2  
   2( 1)    0.732                    1.000 0.000
   2( 2)  487.921                    0.000 1.000

  R CORE   ENERGY   A0R/A00=1.000    R3= 0     2  
   3( 1)  488.652                    0.000 1.000

  R CORE   ENERGY   A0R/A00=1.000    R3= 0     2     4  
   4( 1)    2.438                    1.000 0.000 0.000

  R CORE   ENERGY   A0R/A00=1.000    R3= 0     2     4  
   5( 1)  490.847                    0.000 1.000 0.000

  R CORE   ENERGY   A0R/A00=1.000    R3= 0     2     4     6  
   6( 1)    5.121                    1.000 0.000 0.000 0.000

  R CORE   ENERGY   A0R/A00=1.000    R3= 0     2     4     6  
   7( 1)  494.017                    0.000 1.000 0.000 0.000

          AXIAL SYMMETRY => K RESTRICTED TO OMEGA

                     K
     S.P. ORB#: 25  0.50
     S.P. ORB#: 26  2.50
     S.P. ORB#: 27 -3.50
     S.P. ORB#: 28  0.50
     S.P. ORB#: 29 -1.50
     S.P. ORB#: 30  0.50
     S.P. ORB#: 31 -1.50
     S.P. ORB#: 32 -3.50
     S.P. ORB#: 33  2.50
     S.P. ORB#: 34  4.50
     S.P. ORB#: 35  0.50
     S.P. ORB#: 36 -3.50
     S.P. ORB#: 37 -1.50
     S.P. ORB#: 38  2.50
     S.P. ORB#: 39  0.50
 

             ENERGY    K= OMEGA
 
 I=  1/2- (1)  2.451  30: 0.998
 
 I=  1/2- (2)  4.191  25:-0.077
                      39:-0.997
 
 I=  1/2- (3)  5.346  28: 0.288
                      35:-0.958
 
 I=  1/2- (4)  5.896  25: 0.996
                      39:-0.076
 
 I=  1/2- (5)  8.908  28:-0.958
                      35:-0.288

             ENERGY    K= OMEGA
 
 I=  3/2- (1)  2.329  25: 0.088
                      30:-0.202
                      31: 0.973
                      39:-0.051
 
 I=  3/2- (2)  2.489  25:-0.190
                      30:-0.927
                      31:-0.160
                      37:-0.255
                      39: 0.114

             ENERGY    K= OMEGA
 
 I=  5/2- (1)  2.442  25:-0.252
                      30: 0.467
                      31: 0.802
                      37:-0.089
                      38:-0.218
                      39: 0.138
 
 I=  5/2- (2)  3.375  25: 0.050
                      26: 0.061
                      30:-0.749
                      31: 0.460
                      37: 0.446
                      38:-0.151
 
 I=  5/2- (3)  3.859  25:-0.087
                      26: 0.065
                      30: 0.186
                      31: 0.124
                      37: 0.473
                      38: 0.838
                      39: 0.111
 
 I=  5/2- (4)  4.463  26:-0.156
                      30:-0.358
                      31: 0.288
                      37:-0.720
                      38: 0.475
                      39:-0.146
 
 I=  5/2- (5)  4.782  26:-0.980
                      37: 0.159
                      39: 0.111

             ENERGY    K= OMEGA
 
 I=  7/2- (1)  1.731  26:-0.174
                      32: 0.983
 
 I=  7/2- (2)  3.296  25:-0.230
                      31:-0.896
                      38:-0.353
                      39: 0.121
 
 I=  7/2- (3)  3.414  25:-0.228
                      30:-0.883
                      31: 0.074
                      37:-0.360
                      38: 0.118
                      39: 0.134
 
 I=  7/2- (4)  3.816  28:-0.667
                      29:-0.586
                      33:-0.420
                      36:-0.186
 
 I=  7/2- (5)  4.296  26:-0.203
                      27:-0.957
                      30:-0.072
                      31: 0.079
                      37: 0.074
                      38:-0.162

             ENERGY    K= OMEGA
 
 I=  9/2- (1)  2.049  26:-0.084
                      27: 0.170
                      32:-0.308
                      34:-0.932
 
 I=  9/2- (2)  2.745  26: 0.235
                      27: 0.094
                      31: 0.059
                      32: 0.914
                      34:-0.306
                      38:-0.053
 
 I=  9/2- (3)  3.464  25:-0.359
                      30: 0.500
                      31: 0.708
                      32:-0.077
                      37:-0.143
                      38:-0.250
                      39: 0.176
 
 I=  9/2- (4)  4.676  28:-0.213
                      29: 0.551
                      33:-0.681
                      36: 0.433
 
 I=  9/2- (5)  5.234  26: 0.103
                      30:-0.641
                      31: 0.490
                      32:-0.056
                      37: 0.530
                      38:-0.225

             ENERGY    K= OMEGA
 
 I= 11/2- (1)  3.170  26: 0.137
                      27: 0.230
                      32:-0.405
                      34: 0.874
 
 I= 11/2- (2)  3.208  28: 0.648
                      29: 0.581
                      33: 0.433
                      35: 0.064
                      36: 0.223
 
 I= 11/2- (3)  3.991  26: 0.274
                      27:-0.141
                      31:-0.073
                      32:-0.855
                      34:-0.404
                      38:-0.069
 
 I= 11/2- (4)  5.116  25:-0.379
                      30:-0.442
                      31:-0.714
                      32: 0.098
                      37:-0.154
                      38:-0.281
                      39: 0.194
 
 I= 11/2- (5)  5.302  25:-0.099
                      30:-0.721
                      31: 0.461
                      37:-0.372
                      38: 0.334
                      39: 0.068

             ENERGY    K= OMEGA
 
 I= 13/2- (1)  4.515  26:-0.184
                      27: 0.269
                      32:-0.463
                      34:-0.823
 
 I= 13/2- (2)  5.160  28:-0.215
                      29: 0.549
                      33:-0.674
                      36: 0.445
 
 I= 13/2- (3)  5.312  25:-0.373
                      26: 0.147
                      27: 0.101
                      30: 0.438
                      31: 0.598
                      32: 0.350
                      34:-0.232
                      37:-0.125
                      38:-0.243
                      39: 0.171
 
 I= 13/2- (4)  5.524  25: 0.202
                      26: 0.262
                      27: 0.151
                      30:-0.255
                      31:-0.288
                      32: 0.731
                      34:-0.403
                      37: 0.096
                      38: 0.065
                      39:-0.092
 
 I= 13/2- (5)  8.058  26:-0.112
                      27: 0.056
                      30: 0.575
                      31:-0.490
                      32: 0.098
                      37:-0.594
                      38: 0.212
                      39:-0.072

             ENERGY     K= 1/2
  32 LEVELS    TIME=  0.0 SEC



 ******************* EXCITATION ENERGIES, DOMINANT CONFIGURATION AND EXPECTATION VALUES (WITH S.P. UU+VV FACTORS) *******************

  NR  Eex(keV)  I   Kdom  NY    <Jz>  <Jx**2> <Jy**2> <Jz**2> <I.j>/|I|  <Rx**2> <Ry**2> <Rz**2> <R.j>/|R|  <HROTx> <HROTy> <HROTz>

   1    0.0   7/2-  -7/2  32   -3.31    2.31    2.31   12.06    3.29       3.17    3.17    0.00   -1.44      0.386   0.386   0.000
   2  317.8   9/2-   9/2  34    3.50    2.51    2.51   19.16    4.18       3.65    3.65    0.00   -1.25      0.445   0.445   0.000
   3  597.7   3/2-  -3/2  31   -1.40    4.85    4.85    2.15    1.43       5.03    5.03    0.00   -2.86      0.613   0.613   0.000
   4  711.0   5/2-  -3/2  31   -0.71    4.99    4.99    1.84    2.12       4.02    4.02    0.00   -1.96      0.490   0.490   0.000
   5  719.9   1/2-   1/2  30    0.50    4.90    4.90    0.25    0.29       5.16    5.16   -0.00   -3.06      0.629   0.629  -0.000
  
   6  758.1   3/2-   1/2  30    0.32    4.41    4.41    0.43    1.13       4.31    4.31   -0.00   -2.41      0.526   0.526  -0.000
   7 1014.3   9/2-  -7/2  32   -2.39    2.39    2.39   12.60    2.84       6.95    6.95    0.00   -0.88      0.847   0.847   0.000
   8 1439.6  11/2-   9/2  34    2.72    2.70    2.70   18.24    3.61       8.10    8.10    0.00   -0.51      0.988   0.988   0.000
   9 1477.3  11/2-   1/2  28   -0.00   23.62   23.62    2.65    6.19       5.82    5.82    0.00   -3.78      0.709   0.709   0.000
  10 1565.6   7/2-  -3/2  31   -0.86    4.53    4.53    2.64    1.64       7.21    7.21    0.00   -1.37      0.879   0.879   0.000
  
  11 1644.2   5/2-   1/2  30   -0.27    4.06    4.06    1.23    0.54       7.46    7.46    0.00   -2.01      0.909   0.909   0.000
  12 1682.9   7/2-   1/2  30    0.26    4.22    4.22    0.61    1.29       7.27    7.27    0.00   -1.03      0.886   0.886   0.000
  13 1732.9   9/2-  -3/2  31   -0.44    5.12    5.12    1.75    2.29       6.99    6.99    0.00   -0.16      0.852   0.852   0.000
  14 2084.7   7/2-   1/2  28    0.03   23.29   23.29    2.41    6.08       8.24    8.24    0.00   -6.12      1.005   1.005   0.000
  15 2128.3   5/2-   5/2  38    1.44    2.00    2.00    4.97    1.84       3.42    3.42    0.00   -1.35      0.417   0.417   0.000
  
  16 2259.8  11/2-  -7/2  32   -1.70    2.48    2.48   13.01    2.53      11.72   11.72    0.00   -0.58      1.429   1.429   0.000
  17 2459.7   1/2-   1/2  39    0.50    1.57    1.57    0.25    0.71       1.45    1.45    0.00   -1.63      0.177   0.177   0.000
  18 2565.1   7/2-  -7/2  27   -3.05    6.05    6.05   11.66    3.08       7.54    7.54   -0.00   -2.97      0.920   0.920  -0.000
  19 2731.9   5/2-  -3/2  37   -0.20    2.72    2.72    2.95    0.32       7.61    7.61    0.00   -1.90      0.928   0.928   0.000
  20 2784.6  13/2-   9/2  34    2.13    2.87    2.87   17.46    3.23      13.45   13.45    0.00   -0.13      1.640   1.640   0.000
  
  21 2945.1   9/2-   5/2  33    0.07   24.11   24.11    5.89    5.22      13.48   13.48    0.00   -5.42      1.643   1.643   0.000
  22 3051.2   5/2-   5/2  26    2.37    5.88    5.88    6.07    2.01       7.34    7.34    0.00   -3.10      0.894   0.894   0.000
  23 3385.1  11/2-  -3/2  31   -0.44    4.43    4.43    1.92    1.66      13.36   13.36   -0.00   -0.17      1.629   1.629  -0.000
  24 3428.8  13/2-   5/2  33    0.01   24.10   24.10    5.95    5.16      15.41   15.41    0.00   -3.26      1.878   1.878   0.000
  25 3503.2   9/2-   1/2  30   -0.44    3.66    3.66    1.71    0.53      14.24   14.24   -0.00   -1.20      1.737   1.737  -0.000
  
  26 3571.0  11/2-   1/2  30    0.02    4.12    4.12    1.67    1.32      14.93   14.93    0.00   -0.37      1.821   1.821   0.000
  27 3581.4  13/2-  -3/2  31   -0.40    4.68    4.68    4.15    2.40      14.39   14.39    0.00    0.60      1.755   1.755   0.000
  28 3615.4   1/2-   1/2  35    0.50   12.27   12.27    0.25   -1.14      13.76   13.76    0.00   -4.91      1.677   1.677   0.000
  29 3793.0  13/2-  -7/2  32   -1.12    3.13    3.13   10.82    2.25      17.19   17.19    0.00   -0.23      2.096   2.096   0.000
  30 4165.1   1/2-   1/2  25    0.50    6.81    6.81    0.25    0.65       6.75    6.75    0.00   -3.62      0.823   0.823   0.000
  
  31 6327.1  13/2-  -3/2  37   -0.62    3.38    3.38    1.93    0.49      25.31   25.31   -0.00   -0.74      3.086   3.086  -0.000
  32 7177.6   1/2-   1/2  28    0.50   23.48   23.48    0.25   -3.49      27.00   27.00    0.00   -6.84      3.292   3.292   0.000
