1SPECTRUM OF (Z= 82 A=207) IN PARTICLE-ROTOR  MODEL WITH MODIFIED OSCILLATOR POTENTIAL


 PARITY=-   EPS= 0.215   GAMMA=  0.0   EPS4=0.000   EPS6=0.000   LEVELS:  25  26  27  28  29  30  31  32  33  34  35  36  37  38  39

 PAIRING FACTORS: GN0= 19.20  GN1=  7.40  IPAIR= 15 ***  E2PLUS(INPUT)=   0.730  E2PLUR(INPUT)=   0.000

 CORIOLIS ATTENUATION PARAMETERS:  CHSI=1.000  ETA=  1.00

 MOMENT OF INERTIA PARAMETERS:   A1=  0.122 MEV   A2=  0.122 MEV   A3=121.91924 MEV


 DELTA=0.946 MEV  LAMBDA=53.4846 MEV   HW0= 7.4512 MEV   LAMBDA/HW0= 7.1780

 E2ENERGY=0.730 MEV  HBAR**2/B= 8571./A**(7/3)=1448.9/A**2 MEV

 IREC=0  =>  RECOIL TERMS j+j-, j+j+, jzjz, ETC TREATED AS ONE-BODY OPERATORS WITH UU+VV PAIRING FACTORS



 S. P. LEVEL   EQP       U     V        (UU + VV)**1.00

     25       4.159    0.114 0.993      1.000 1.000 1.000 0.997 0.993 0.991 0.990 0.647 0.555 0.544 0.456 0.402 0.355 0.283 0.237
     26       4.100    0.116 0.993      1.000 1.000 1.000 0.997 0.993 0.991 0.990 0.649 0.556 0.546 0.457 0.403 0.357 0.285 0.239
     27       3.627    0.132 0.991      1.000 1.000 1.000 0.998 0.995 0.993 0.992 0.660 0.569 0.559 0.471 0.418 0.371 0.300 0.254
     28       2.482    0.194 0.981      0.997 0.997 0.998 1.000 0.999 0.998 0.998 0.707 0.620 0.610 0.526 0.474 0.430 0.360 0.315
     29       2.089    0.233 0.973      0.993 0.993 0.995 0.999 1.000 1.000 1.000 0.734 0.650 0.641 0.559 0.509 0.465 0.396 0.352
     30       1.957    0.250 0.968      0.991 0.991 0.993 0.998 1.000 1.000 1.000 0.746 0.663 0.654 0.574 0.524 0.480 0.412 0.368
     31       1.926    0.254 0.967      0.990 0.990 0.992 0.998 1.000 1.000 1.000 0.749 0.667 0.658 0.577 0.527 0.484 0.416 0.372
     32       1.023    0.831 0.556      0.647 0.649 0.660 0.707 0.734 0.746 0.749 1.000 0.993 0.992 0.973 0.958 0.942 0.914 0.894
     33       1.166    0.890 0.456      0.555 0.556 0.569 0.620 0.650 0.663 0.667 0.993 1.000 1.000 0.993 0.985 0.975 0.955 0.940
     34       1.187    0.896 0.445      0.544 0.546 0.559 0.610 0.641 0.654 0.658 0.992 1.000 1.000 0.995 0.987 0.978 0.959 0.944
     35       1.439    0.936 0.351      0.456 0.457 0.471 0.526 0.559 0.574 0.577 0.973 0.993 0.995 1.000 0.998 0.994 0.983 0.973
     36       1.681    0.956 0.294      0.402 0.403 0.418 0.474 0.509 0.524 0.527 0.958 0.985 0.987 0.998 1.000 0.999 0.992 0.985
     37       1.983    0.969 0.246      0.355 0.357 0.371 0.430 0.465 0.480 0.484 0.942 0.975 0.978 0.994 0.999 1.000 0.997 0.992
     38       2.798    0.985 0.172      0.283 0.285 0.300 0.360 0.396 0.412 0.416 0.914 0.955 0.959 0.983 0.992 0.997 1.000 0.999
     39       3.834    0.992 0.124      0.237 0.239 0.254 0.315 0.352 0.368 0.372 0.894 0.940 0.944 0.973 0.985 0.992 0.999 1.000

  R CORE   ENERGY   A0R/A00=1.000    R3= 0     2  
   2( 1)    0.732                    1.000 0.000
   2( 2)  487.921                    0.000 1.000

  R CORE   ENERGY   A0R/A00=1.000    R3= 0     2  
   3( 1)  488.652                    0.000 1.000

  R CORE   ENERGY   A0R/A00=1.000    R3= 0     2     4  
   4( 1)    2.438                    1.000 0.000 0.000

  R CORE   ENERGY   A0R/A00=1.000    R3= 0     2     4  
   5( 1)  490.847                    0.000 1.000 0.000

  R CORE   ENERGY   A0R/A00=1.000    R3= 0     2     4     6  
   6( 1)    5.121                    1.000 0.000 0.000 0.000

  R CORE   ENERGY   A0R/A00=1.000    R3= 0     2     4     6  
   7( 1)  494.017                    0.000 1.000 0.000 0.000

          AXIAL SYMMETRY => K RESTRICTED TO OMEGA

                     K
     S.P. ORB#: 25  2.50
     S.P. ORB#: 26  0.50
     S.P. ORB#: 27 -3.50
     S.P. ORB#: 28 -3.50
     S.P. ORB#: 29  0.50
     S.P. ORB#: 30  4.50
     S.P. ORB#: 31 -1.50
     S.P. ORB#: 32 -1.50
     S.P. ORB#: 33  2.50
     S.P. ORB#: 34  0.50
     S.P. ORB#: 35 -1.50
     S.P. ORB#: 36  0.50
     S.P. ORB#: 37  2.50
     S.P. ORB#: 38 -3.50
     S.P. ORB#: 39  4.50
 

             ENERGY    K= OMEGA
 
 I=  1/2- (1)  1.950  26:-0.057
                      36:-0.998
 
 I=  1/2- (2)  3.165  29: 0.999
 
 I=  1/2- (3)  5.361  26: 0.998
                      36:-0.057
 
 I=  1/2- (4)  8.946  34: 1.000
 
 I=  1/2- (5)147.326  32:-1.000

             ENERGY    K= OMEGA
 
 I=  3/2- (1)  1.524  29: 0.183
                      31: 0.099
                      32: 0.975
                      36:-0.068
 
 I=  3/2- (2)  2.573  29: 0.201
                      31: 0.211
                      32:-0.127
                      36:-0.948
 
 I=  3/2- (3)  3.017  26: 0.082
                      29:-0.326
                      31: 0.930
                      36: 0.145
 
 I=  3/2- (4)  3.392  26:-0.337
                      29:-0.856
                      31:-0.224
                      32: 0.181
                      36:-0.266
 
 I=  3/2- (5)  5.696  34: 0.865
                      35: 0.503

             ENERGY    K= OMEGA
 
 I=  5/2- (1)  1.647  26:-0.054
                      29: 0.144
                      31: 0.183
                      32:-0.457
                      33:-0.855
 
 I=  5/2- (2)  2.170  29: 0.200
                      31:-0.177
                      32:-0.850
                      33: 0.447
                      36:-0.062
 
 I=  5/2- (3)  2.600  26:-0.057
                      29: 0.211
                      31: 0.276
                      33: 0.150
                      36: 0.924
 
 I=  5/2- (4)  3.313  26: 0.356
                      29:-0.427
                      31:-0.719
                      32:-0.074
                      33:-0.187
                      36: 0.365
 
 I=  5/2- (5)  4.478  26: 0.066
                      29:-0.809
                      31: 0.520
                      32:-0.244
                      33: 0.103

             ENERGY    K= OMEGA
 
 I=  7/2- (1)  2.286  29: 0.193
                      31:-0.209
                      32: 0.539
                      33:-0.791
 
 I=  7/2- (2)  2.841  25: 0.088
                      26:-0.171
                      28: 0.164
                      29:-0.335
                      31:-0.307
                      32:-0.688
                      33:-0.473
                      36: 0.179
 
 I=  7/2- (3)  3.230  25:-0.225
                      27: 0.083
                      28:-0.953
                      29:-0.078
                      31:-0.072
                      32:-0.108
                      33:-0.083
                      36: 0.054
 
 I=  7/2- (4)  3.543  34: 0.733
                      35: 0.572
                      37: 0.341
                      38: 0.138
 
 I=  7/2- (5)  4.102  26: 0.166
                      29: 0.195
                      31: 0.384
                      32:-0.335
                      33:-0.264
                      36:-0.777

             ENERGY    K= OMEGA
 
 I=  9/2- (1)  2.712  25:-0.079
                      27: 0.254
                      28: 0.182
                      30:-0.932
                      31: 0.053
                      32:-0.084
                      33:-0.123
 
 I=  9/2- (2)  2.982  26:-0.192
                      29: 0.314
                      30: 0.168
                      31: 0.376
                      32:-0.477
                      33:-0.663
                      36: 0.160
 
 I=  9/2- (3)  3.964  25:-0.249
                      27:-0.085
                      28: 0.571
                      29: 0.143
                      30: 0.112
                      31:-0.257
                      32:-0.613
                      33: 0.305
                      36:-0.186
 
 I=  9/2- (4)  4.135  25:-0.096
                      26:-0.172
                      27:-0.070
                      28: 0.356
                      29: 0.233
                      31: 0.319
                      32: 0.244
                      33: 0.328
                      36: 0.711
 
 I=  9/2- (5)  4.242  25:-0.184
                      26: 0.057
                      28: 0.633
                      29:-0.285
                      30: 0.134
                      31: 0.074
                      32: 0.433
                      33:-0.472
                      36:-0.211

             ENERGY    K= OMEGA
 
 I= 11/2- (1)  2.397  34:-0.670
                      35:-0.566
                      37:-0.405
                      38:-0.238
                      39:-0.103
 
 I= 11/2- (2)  3.675  25: 0.128
                      27: 0.334
                      28: 0.252
                      30: 0.885
                      32:-0.091
                      33: 0.119
 
 I= 11/2- (3)  4.237  29:-0.284
                      30:-0.165
                      31: 0.276
                      32:-0.574
                      33: 0.695
 
 I= 11/2- (4)  4.826  25: 0.157
                      26:-0.278
                      27:-0.067
                      28: 0.269
                      29:-0.396
                      30:-0.068
                      31:-0.411
                      32:-0.504
                      33:-0.435
                      36: 0.220
 
 I= 11/2- (5)  5.284  25:-0.338
                      26:-0.125
                      27: 0.132
                      28:-0.837
                      29:-0.175
                      30: 0.237
                      31:-0.160
                      32:-0.128
                      33:-0.102
                      36: 0.112

             ENERGY    K= OMEGA
 
 I= 13/2- (1)  4.132  34:-0.191
                      35: 0.493
                      37:-0.606
                      38: 0.517
                      39:-0.293
 
 I= 13/2- (2)  4.832  25:-0.161
                      26:-0.122
                      27: 0.357
                      28: 0.269
                      29: 0.166
                      30:-0.765
                      31: 0.188
                      32:-0.201
                      33:-0.254
                      36: 0.077
 
 I= 13/2- (3)  5.061  26: 0.296
                      27: 0.134
                      28: 0.140
                      29:-0.384
                      30:-0.385
                      31:-0.444
                      32: 0.361
                      33: 0.455
                      36:-0.205
 
 I= 13/2- (4)  6.486  25:-0.377
                      26: 0.054
                      27:-0.157
                      28: 0.702
                      29: 0.089
                      30: 0.268
                      31:-0.193
                      32:-0.424
                      33: 0.138
                      36:-0.147
 
 I= 13/2- (5)  6.704  25:-0.077
                      26:-0.211
                      27:-0.079
                      28: 0.268
                      29: 0.197
                      31: 0.263
                      32: 0.387
                      33: 0.479
                      36: 0.620

             ENERGY     K= 9/2
  35 LEVELS    TIME=  0.0 SEC



 ******************* EXCITATION ENERGIES, DOMINANT CONFIGURATION AND EXPECTATION VALUES (WITH S.P. UU+VV FACTORS) *******************

  NR  Eex(keV)  I   Kdom  NY    <Jz>  <Jx**2> <Jy**2> <Jz**2> <I.j>/|I|  <Rx**2> <Ry**2> <Rz**2> <R.j>/|R|  <HROTx> <HROTy> <HROTz>

   1    0.0   3/2-  -3/2  32   -1.42    1.61    1.61    2.17    1.41       1.83    1.83   -0.00   -1.38      0.224   0.224  -0.000
   2  123.1   5/2-   5/2  33    1.48    1.90    1.90    5.12    2.36       1.87    1.87   -0.00   -1.01      0.228   0.228  -0.000
   3  425.8   1/2-   1/2  36    0.50    1.29    1.29    0.25    0.82       1.07    1.07    0.00   -1.44      0.131   0.131   0.000
   4  646.0   5/2-  -3/2  32   -0.61    1.61    1.61    2.97    1.08       4.26    4.26    0.00   -1.02      0.520   0.520   0.000
   5  762.0   7/2-   5/2  33    1.08    1.99    1.99    4.70    1.95       4.46    4.46    0.00   -0.31      0.544   0.544   0.000
  
   6  872.7  11/2-   1/2  34    0.00   27.34   27.34    2.77    7.19       3.61    3.61    0.00   -5.38      0.440   0.440   0.000
   7 1049.1   3/2-   1/2  36    0.38    1.56    1.56    0.37    0.02       3.58    3.58   -0.00   -1.29      0.437   0.437  -0.000
   8 1075.6   5/2-   1/2  36    0.39    1.92    1.92    0.54    0.99       3.63    3.63    0.00   -0.54      0.443   0.443   0.000
   9 1188.2   9/2-   9/2  30    3.60    2.66    2.66   18.93    4.40       2.60    2.60    0.00   -1.03      0.317   0.317   0.000
  10 1316.8   7/2-  -3/2  32   -0.28    1.90    1.90    3.11    1.40       5.76    5.76    0.00   -0.39      0.702   0.702   0.000
  
  11 1457.2   9/2-   5/2  33    0.75    2.81    2.81    4.21    2.24       6.16    6.16   -0.00    0.37      0.751   0.751  -0.000
  12 1492.5   3/2-  -3/2  31   -1.23    4.08    4.08    1.98    1.33       4.37    4.37   -0.00   -2.56      0.533   0.533  -0.000
  13 1641.0   1/2-   1/2  29    0.50    4.21    4.21    0.25    0.35       4.41    4.41    0.00   -2.82      0.537   0.537   0.000
  14 1705.5   7/2-  -7/2  28   -3.08    2.33    2.33   11.61    3.32       2.81    2.81   -0.00   -1.29      0.343   0.343  -0.000
  15 1788.5   5/2-  -3/2  31   -0.48    3.71    3.71    1.51    1.40       4.70    4.70   -0.00   -1.56      0.573   0.573  -0.000
  
  16 1867.6   3/2-   1/2  29    0.33    3.50    3.50    0.42    0.45       4.70    4.70    0.00   -2.13      0.573   0.573   0.000
  17 2018.7   7/2-   1/2  34    0.00   27.59   27.59    1.83    6.95       8.82    8.82    0.00   -7.01      1.075   1.075   0.000
  18 2150.9  11/2-   9/2  30    2.97    2.95    2.95   18.22    3.99       6.07    6.07    0.00   -0.07      0.740   0.740   0.000
  19 2439.9   9/2-  -3/2  32   -1.36    2.02    2.02    6.32    1.78       8.68    8.68    0.00   -0.35      1.058   1.058   0.000
  20 2577.7   7/2-   1/2  36    0.11    2.25    2.25    1.21    0.21       9.89    9.89    0.00   -1.09      1.205   1.205   0.000
  
  21 2608.1  13/2-   5/2  37    0.02   25.87   25.87    7.87    6.62       7.93    7.93   -0.00   -3.36      0.967   0.967  -0.000
  22 2610.8   9/2-   1/2  36   -0.11    2.32    2.32    2.89    1.35       9.42    9.42   -0.00   -0.19      1.148   1.148  -0.000
  23 2712.4  11/2-   5/2  33    0.76    2.24    2.24    4.53    1.71      12.13   12.13    0.00    0.25      1.479   1.479   0.000
  24 2717.8   9/2-  -7/2  28   -0.91    2.28    2.28    7.38    1.76       9.60    9.60    0.00   -0.73      1.171   1.171   0.000
  25 2954.0   5/2-   1/2  29   -0.14    4.22    4.22    0.98   -0.39      10.24   10.24   -0.00   -2.34      1.249   1.249  -0.000
  
  26 3301.6  11/2-  -3/2  32   -0.21    2.39    2.39    3.39    1.62      12.25   12.25   -0.00    0.31      1.494   1.494  -0.000
  27 3308.0  13/2-   9/2  30    2.07    3.29    3.29   15.05    3.50      10.76   10.76    0.00    0.61      1.311   1.311   0.000
  28 3536.5  13/2-   5/2  33    0.70    3.60    3.60    5.57    2.55      12.93   12.93   -0.00    0.99      1.577   1.577  -0.000
  29 3759.2  11/2-  -7/2  28   -1.98    2.60    2.60   10.83    2.50      10.94   10.94    0.00   -0.23      1.334   1.334   0.000
  30 3836.5   1/2-   1/2  26    0.50    5.32    5.32    0.25    0.69       5.21    5.21    0.00   -3.18      0.636   0.636   0.000
  
  31 4171.7   3/2-   1/2  34   -0.01   27.82   27.82    0.76    6.11      18.23   18.23    0.00   -7.38      2.223   2.223   0.000
  32 4961.9  13/2-  -7/2  28   -1.40    2.47    2.47    9.30    2.10      16.81   16.81    0.00    0.08      2.050   2.050   0.000
  33 5179.7  13/2-   1/2  36    0.22    2.21    2.21    3.04    1.08      20.57   20.57    0.00    0.01      2.508   2.508   0.000
  34 7421.3   1/2-   1/2  34    0.50   27.86   27.86    0.25   -3.99      31.82   31.82    0.00   -7.45      3.879   3.879   0.000
  35*******   1/2-  -3/2  32    0.00    0.00    0.00    0.00   -0.00       0.00    0.00    0.00   -0.00      0.000   0.000   0.000
  
