1SPECTRUM OF (Z= 82 A=207) IN PARTICLE-ROTOR  MODEL WITH MODIFIED OSCILLATOR POTENTIAL


 PARITY=-   EPS= 0.261   GAMMA=  0.0   EPS4=0.000   EPS6=0.000   LEVELS:  25  26  27  28  29  30  31  32  33  34  35  36  37  38  39

 PAIRING FACTORS: GN0= 19.20  GN1=  7.40  IPAIR= 15 ***  E2PLUS(INPUT)=   0.730  E2PLUR(INPUT)=   0.000

 CORIOLIS ATTENUATION PARAMETERS:  CHSI=1.000  ETA=  1.00

 MOMENT OF INERTIA PARAMETERS:   A1=  0.122 MEV   A2=  0.122 MEV   A3=121.91924 MEV


 DELTA=0.941 MEV  LAMBDA=53.3649 MEV   HW0= 7.4712 MEV   LAMBDA/HW0= 7.1427

 E2ENERGY=0.730 MEV  HBAR**2/B=12631./A**(7/3)=2135.2/A**2 MEV

 IREC=0  =>  RECOIL TERMS j+j-, j+j+, jzjz, ETC TREATED AS ONE-BODY OPERATORS WITH UU+VV PAIRING FACTORS



 S. P. LEVEL   EQP       U     V        (UU + VV)**1.00

     25       4.124    0.115 0.993      1.000 1.000 0.999 0.986 0.986 0.980 0.959 0.793 0.615 0.437 0.406 0.389 0.314 0.291 0.234
     26       3.746    0.127 0.992      1.000 1.000 1.000 0.988 0.988 0.982 0.962 0.800 0.625 0.447 0.417 0.400 0.325 0.302 0.245
     27       3.197    0.149 0.989      0.999 1.000 1.000 0.991 0.991 0.986 0.968 0.813 0.642 0.467 0.437 0.420 0.347 0.323 0.267
     28       1.762    0.278 0.961      0.986 0.988 0.991 1.000 1.000 0.999 0.993 0.883 0.737 0.580 0.552 0.536 0.467 0.445 0.392
     29       1.758    0.279 0.960      0.986 0.988 0.991 1.000 1.000 0.999 0.993 0.883 0.738 0.580 0.553 0.537 0.468 0.446 0.392
     30       1.600    0.309 0.951      0.980 0.982 0.986 0.999 0.999 1.000 0.996 0.898 0.759 0.606 0.579 0.563 0.496 0.474 0.421
     31       1.303    0.393 0.920      0.959 0.962 0.968 0.993 0.993 0.996 1.000 0.933 0.814 0.674 0.649 0.635 0.571 0.551 0.500
     32       0.941    0.697 0.717      0.793 0.800 0.813 0.883 0.883 0.898 0.933 1.000 0.968 0.895 0.879 0.870 0.828 0.814 0.778
     33       1.059    0.854 0.521      0.615 0.625 0.642 0.737 0.738 0.759 0.814 0.968 1.000 0.978 0.970 0.966 0.942 0.933 0.910
     34       1.509    0.944 0.330      0.437 0.447 0.467 0.580 0.580 0.606 0.674 0.895 0.978 1.000 0.999 0.999 0.991 0.988 0.977
     35       1.651    0.954 0.299      0.406 0.417 0.437 0.552 0.553 0.579 0.649 0.879 0.970 0.999 1.000 1.000 0.995 0.992 0.983
     36       1.749    0.960 0.280      0.389 0.400 0.420 0.536 0.537 0.563 0.635 0.870 0.966 0.999 1.000 1.000 0.997 0.995 0.987
     37       2.367    0.979 0.203      0.314 0.325 0.347 0.467 0.468 0.496 0.571 0.828 0.942 0.991 0.995 0.997 1.000 1.000 0.996
     38       2.673    0.984 0.179      0.291 0.302 0.323 0.445 0.446 0.474 0.551 0.814 0.933 0.988 0.992 0.995 1.000 1.000 0.998
     39       3.939    0.993 0.120      0.234 0.245 0.267 0.392 0.392 0.421 0.500 0.778 0.910 0.977 0.983 0.987 0.996 0.998 1.000

  R CORE   ENERGY   A0R/A00=1.000    R3= 0     2  
   2( 1)    0.732                    1.000 0.000
   2( 2)  487.921                    0.000 1.000

  R CORE   ENERGY   A0R/A00=1.000    R3= 0     2  
   3( 1)  488.652                    0.000 1.000

  R CORE   ENERGY   A0R/A00=1.000    R3= 0     2     4  
   4( 1)    2.438                    1.000 0.000 0.000

  R CORE   ENERGY   A0R/A00=1.000    R3= 0     2     4  
   5( 1)  490.847                    0.000 1.000 0.000

  R CORE   ENERGY   A0R/A00=1.000    R3= 0     2     4     6  
   6( 1)    5.121                    1.000 0.000 0.000 0.000

  R CORE   ENERGY   A0R/A00=1.000    R3= 0     2     4     6  
   7( 1)  494.017                    0.000 1.000 0.000 0.000

          AXIAL SYMMETRY => K RESTRICTED TO OMEGA

                     K
     S.P. ORB#: 25  0.50
     S.P. ORB#: 26  2.50
     S.P. ORB#: 27 -3.50
     S.P. ORB#: 28 -3.50
     S.P. ORB#: 29  0.50
     S.P. ORB#: 30 -1.50
     S.P. ORB#: 31  4.50
     S.P. ORB#: 32  0.50
     S.P. ORB#: 33 -1.50
     S.P. ORB#: 34 -1.50
     S.P. ORB#: 35  2.50
     S.P. ORB#: 36  2.50
     S.P. ORB#: 37  0.50
     S.P. ORB#: 38 -3.50
     S.P. ORB#: 39  0.50
 

             ENERGY    K= OMEGA
 
 I=  1/2- (1)  2.664  25:-0.052
                      29:-0.124
                      37:-0.991
 
 I=  1/2- (2)  2.908  29: 0.992
                      37:-0.121
 
 I=  1/2- (3)  5.529  25: 0.998
                      37:-0.057
 
 I=  1/2- (4)  6.503  32:-0.675
                      39: 0.738
 
 I=  1/2- (5)  9.730  32: 0.738
                      39: 0.675

             ENERGY    K= OMEGA
 
 I=  3/2- (1)  2.013  25: 0.065
                      29: 0.251
                      30: 0.137
                      34: 0.953
                      37:-0.079
 
 I=  3/2- (2)  2.741  25:-0.097
                      29: 0.200
                      30:-0.959
                      34: 0.103
                      37: 0.142

             ENERGY    K= OMEGA
 
 I=  5/2- (1)  2.188  25: 0.106
                      29:-0.228
                      30:-0.318
                      34: 0.460
                      36: 0.787
                      37:-0.072
 
 I=  5/2- (2)  2.672  29: 0.170
                      30:-0.322
                      34:-0.835
                      36: 0.392
                      37:-0.112
 
 I=  5/2- (3)  2.931  25:-0.236
                      29: 0.457
                      30: 0.596
                      36: 0.443
                      37: 0.428
 
 I=  5/2- (4)  3.549  25:-0.212
                      29: 0.137
                      30: 0.368
                      36: 0.109
                      37:-0.887
 
 I=  5/2- (5)  4.226  25: 0.072
                      29:-0.801
                      30: 0.494
                      34:-0.294
                      36: 0.136
                      37: 0.066

             ENERGY    K= OMEGA
 
 I=  7/2- (1)  2.511  26: 0.222
                      27:-0.072
                      28:-0.969
                      36:-0.067
 
 I=  7/2- (2)  2.837  29:-0.256
                      30: 0.293
                      34:-0.542
                      36: 0.742
 
 I=  7/2- (3)  3.190  32: 0.749
                      33: 0.559
                      35: 0.324
                      38: 0.126
                      39:-0.077
 
 I=  7/2- (4)  3.245  25: 0.246
                      28:-0.080
                      29: 0.428
                      30: 0.449
                      34: 0.588
                      36: 0.403
                      37:-0.198
 
 I=  7/2- (5)  4.219  25:-0.089
                      27: 0.076
                      29: 0.412
                      30:-0.767
                      36: 0.464
                      37: 0.103

             ENERGY    K= OMEGA
 
 I=  9/2- (1)  2.100  26:-0.066
                      27: 0.237
                      28:-0.177
                      31:-0.953
 
 I=  9/2- (2)  3.359  25:-0.265
                      26: 0.108
                      27: 0.065
                      28: 0.370
                      29: 0.368
                      30: 0.499
                      34:-0.319
                      36:-0.512
                      37: 0.165
 
 I=  9/2- (3)  3.423  25:-0.112
                      26:-0.285
                      27:-0.079
                      28:-0.851
                      29: 0.178
                      30: 0.187
                      31: 0.165
                      34:-0.214
                      36:-0.176
                      37: 0.067
 
 I=  9/2- (4)  4.418  25:-0.237
                      26: 0.052
                      28:-0.061
                      29: 0.145
                      30: 0.459
                      34: 0.661
                      36: 0.348
                      37: 0.381
 
 I=  9/2- (5)  4.482  32:-0.247
                      33: 0.609
                      35:-0.644
                      38: 0.392

             ENERGY    K= OMEGA
 
 I= 11/2- (1)  2.304  32:-0.694
                      33:-0.576
                      35:-0.388
                      38:-0.188
 
 I= 11/2- (2)  3.100  26:-0.110
                      27:-0.317
                      28: 0.245
                      31:-0.909
 
 I= 11/2- (3)  4.536  26: 0.352
                      27:-0.131
                      28:-0.878
                      30:-0.104
                      31:-0.232
                      34:-0.070
                      36:-0.119
 
 I= 11/2- (4)  4.779  26: 0.053
                      29:-0.339
                      30: 0.359
                      31:-0.063
                      34:-0.554
                      36: 0.662
 
 I= 11/2- (5)  5.163  25:-0.361
                      28: 0.166
                      29:-0.495
                      30:-0.511
                      34:-0.418
                      36:-0.323
                      37: 0.232

             ENERGY    K= OMEGA
 
 I= 13/2- (1)  4.319  26:-0.149
                      27: 0.366
                      28:-0.291
                      31:-0.870
 
 I= 13/2- (2)  4.575  32: 0.232
                      33:-0.590
                      35: 0.652
                      38:-0.416
 
 I= 13/2- (3)  5.311  25:-0.394
                      28: 0.065
                      29: 0.465
                      30: 0.576
                      34:-0.294
                      36:-0.402
                      37: 0.208
 
 I= 13/2- (4)  5.912  26:-0.391
                      27:-0.157
                      28:-0.849
                      29: 0.058
                      31: 0.289
                      34:-0.116
 
 I= 13/2- (5)  7.056  25:-0.235
                      27:-0.060
                      28:-0.078
                      29: 0.127
                      30: 0.305
                      34: 0.636
                      36: 0.525
                      37: 0.376

             ENERGY     K= 1/2
  32 LEVELS    TIME=  0.0 SEC



 ******************* EXCITATION ENERGIES, DOMINANT CONFIGURATION AND EXPECTATION VALUES (WITH S.P. UU+VV FACTORS) *******************

  NR  Eex(keV)  I   Kdom  NY    <Jz>  <Jx**2> <Jy**2> <Jz**2> <I.j>/|I|  <Rx**2> <Ry**2> <Rz**2> <R.j>/|R|  <HROTx> <HROTy> <HROTz>

   1    0.0   3/2-  -3/2  34   -1.35    1.77    1.77    2.10    1.43       1.93    1.93   -0.00   -1.46      0.235   0.235  -0.000
   2   87.3   9/2-   9/2  31    3.79    2.60    2.60   19.48    4.42       2.73    2.73    0.00   -1.15      0.333   0.333   0.000
   3  174.6   5/2-   5/2  36    1.11    2.35    2.35    4.59    2.39       1.94    1.94   -0.00   -1.12      0.237   0.237  -0.000
   4  291.0  11/2-   1/2  32   -0.00   26.41   26.41    2.24    6.80       4.73    4.73    0.00   -4.68      0.577   0.577   0.000
   5  497.6   7/2-  -7/2  28   -3.17    2.31    2.31   11.90    3.40       2.64    2.64    0.00   -1.32      0.322   0.322   0.000
  
   6  651.1   1/2-   1/2  37    0.50    1.49    1.49    0.25    0.87       1.24    1.24   -0.00   -1.57      0.151   0.151  -0.000
   7  659.3   5/2-  -3/2  34   -0.79    1.78    1.78    2.79    1.04       4.47    4.47   -0.00   -1.09      0.545   0.545  -0.000
   8  728.0   3/2-  -3/2  30   -1.36    4.46    4.46    2.11    1.49       4.50    4.50   -0.00   -2.71      0.548   0.548  -0.000
   9  824.1   7/2-   5/2  36    0.83    2.27    2.27    4.36    1.90       4.78    4.78    0.00   -0.44      0.583   0.583   0.000
  10  894.8   1/2-   1/2  29    0.50    4.37    4.37    0.25    0.25       4.66    4.66    0.00   -2.88      0.568   0.568   0.000
  
  11  918.4   5/2-  -3/2  30    0.18    3.81    3.81    2.14    1.76       4.05    4.05    0.00   -1.60      0.494   0.494   0.000
  12 1086.8  11/2-   9/2  31    3.19    2.87    2.87   18.78    3.98       6.35    6.35    0.00   -0.21      0.775   0.775   0.000
  13 1176.6   7/2-   1/2  32    0.02   25.48   25.48    1.70    6.46       8.58    8.58    0.00   -6.53      1.046   1.046   0.000
  14 1232.1   7/2-  -3/2  34   -0.30    2.56    2.56    2.40    1.45       5.90    5.90    0.00   -0.52      0.719   0.719   0.000
  15 1345.6   9/2-   5/2  36   -0.21    3.51    3.51    4.32    2.43       5.97    5.97    0.00    0.21      0.728   0.728   0.000
  
  16 1410.0   9/2-  -7/2  28   -2.25    2.68    2.68   10.40    2.84       6.10    6.10    0.00   -0.46      0.744   0.744   0.000
  17 1536.2   5/2-   1/2  37    0.25    1.84    1.84    0.60    0.50       5.04    5.04   -0.00   -0.88      0.614   0.614  -0.000
  18 2205.8   7/2-  -3/2  30   -0.27    3.91    3.91    2.80    0.72      10.34   10.34   -0.00   -1.71      1.260   1.260  -0.000
  19 2213.1   5/2-   1/2  29   -0.12    4.31    4.31    1.02   -0.38      10.31   10.31   -0.00   -2.37      1.257   1.257  -0.000
  20 2306.3  13/2-   9/2  31    2.69    3.09    3.09   18.15    3.67      10.94   10.94    0.00    0.27      1.334   1.334   0.000
  
  21 2404.6   9/2-  -3/2  34   -0.57    2.44    2.44    2.37    1.09      10.55   10.55    0.00   -0.39      1.287   1.287   0.000
  22 2469.5   9/2-   5/2  35   -0.03   25.92   25.92    5.32    5.81      12.05   12.05    0.00   -5.75      1.469   1.469   0.000
  23 2522.8  11/2-  -7/2  28   -2.19    2.56    2.56   11.64    2.66      10.36   10.36    0.00   -0.19      1.263   1.263   0.000
  24 2561.8  13/2-   5/2  35   -0.04   25.90   25.90    5.57    5.84      12.26   12.26    0.00   -3.35      1.495   1.495   0.000
  25 2765.9  11/2-   5/2  36    0.52    2.56    2.56    3.88    1.60      12.78   12.78    0.00    0.12      1.558   1.558   0.000
  
  26 3150.2  11/2-  -3/2  30   -0.27    3.15    3.15    2.12    1.53      12.91   12.91   -0.00    0.15      1.575   1.575  -0.000
  27 3297.6  13/2-  -3/2  30   -0.03    4.44    4.44    2.13    2.38      13.26   13.26   -0.00    1.09      1.617   1.617  -0.000
  28 3516.2   1/2-   1/2  25    0.50    5.90    5.90    0.25    0.69       5.80    5.80    0.00   -3.36      0.707   0.707   0.000
  29 3899.4  13/2-  -7/2  28   -1.87    2.65    2.65   11.82    2.45      15.80   15.80    0.00    0.00      1.926   1.926   0.000
  30 4489.8   1/2-   1/2  39    0.50   13.61   13.61    0.25   -2.32      16.12   16.12   -0.00   -5.19      1.965   1.965  -0.000
  
  31 5042.7  13/2-  -3/2  34    0.03    2.20    2.20    3.07    0.98      21.28   21.28    0.00   -0.10      2.595   2.595   0.000
  32 7717.3   1/2-   1/2  32    0.50   26.74   26.74    0.25   -3.69      30.44   30.44   -0.00   -7.30      3.712   3.712  -0.000
