1SPECTRUM OF (Z= 82 A=207) IN PARTICLE-ROTOR  MODEL WITH MODIFIED OSCILLATOR POTENTIAL


 PARITY=-   EPS= 0.176   GAMMA=  0.0   EPS4=0.000   EPS6=0.000   LEVELS:  24  25  26  27  28  29  30  31  32  33  34  35  36  37  38

 PAIRING FACTORS: GN0= 19.20  GN1=  7.40  IPAIR= 15 ***  E2PLUS(INPUT)=   0.730  E2PLUR(INPUT)=   0.000

 CORIOLIS ATTENUATION PARAMETERS:  CHSI=1.000  ETA=  1.00

 MOMENT OF INERTIA PARAMETERS:   A1=  0.122 MEV   A2=  0.122 MEV   A3=121.91922 MEV


 DELTA=0.898 MEV  LAMBDA=53.4461 MEV   HW0= 7.4376 MEV   LAMBDA/HW0= 7.1860

 E2ENERGY=0.730 MEV  HBAR**2/B= 5744./A**(7/3)= 970.9/A**2 MEV

 IREC=0  =>  RECOIL TERMS j+j-, j+j+, jzjz, ETC TREATED AS ONE-BODY OPERATORS WITH UU+VV PAIRING FACTORS



 S. P. LEVEL   EQP       U     V        (UU + VV)**1.00

     24       5.125    0.088 0.996      1.000 1.000 1.000 1.000 0.998 0.995 0.992 0.990 0.803 0.699 0.462 0.360 0.325 0.278 0.236
     25       4.328    0.104 0.995      1.000 1.000 1.000 1.000 0.999 0.996 0.994 0.992 0.813 0.711 0.477 0.375 0.340 0.294 0.252
     26       3.870    0.117 0.993      1.000 1.000 1.000 1.000 0.999 0.997 0.996 0.994 0.820 0.719 0.488 0.387 0.352 0.306 0.265
     27       3.823    0.118 0.993      1.000 1.000 1.000 1.000 0.999 0.997 0.996 0.994 0.821 0.720 0.489 0.388 0.354 0.307 0.266
     28       2.947    0.154 0.988      0.998 0.999 0.999 0.999 1.000 0.999 0.998 0.997 0.841 0.745 0.520 0.421 0.387 0.342 0.301
     29       2.409    0.190 0.982      0.995 0.996 0.997 0.997 0.999 1.000 1.000 0.999 0.860 0.769 0.551 0.454 0.420 0.375 0.335
     30       2.190    0.210 0.978      0.992 0.994 0.996 0.996 0.998 1.000 1.000 1.000 0.870 0.781 0.567 0.472 0.439 0.394 0.354
     31       2.030    0.227 0.974      0.990 0.992 0.994 0.994 0.997 0.999 1.000 1.000 0.879 0.793 0.582 0.487 0.455 0.410 0.371
     32       0.904    0.664 0.747      0.803 0.813 0.820 0.821 0.841 0.860 0.870 0.879 1.000 0.987 0.900 0.845 0.825 0.796 0.769
     33       0.916    0.774 0.633      0.699 0.711 0.719 0.720 0.745 0.769 0.781 0.793 0.987 1.000 0.957 0.919 0.904 0.881 0.860
     34       1.271    0.924 0.382      0.462 0.477 0.488 0.489 0.520 0.551 0.567 0.582 0.900 0.957 1.000 0.994 0.989 0.980 0.971
     35       1.692    0.961 0.276      0.360 0.375 0.387 0.388 0.421 0.454 0.472 0.487 0.845 0.919 0.994 1.000 0.999 0.996 0.992
     36       1.924    0.971 0.241      0.325 0.340 0.352 0.354 0.387 0.420 0.439 0.455 0.825 0.904 0.989 0.999 1.000 0.999 0.996
     37       2.376    0.981 0.193      0.278 0.294 0.306 0.307 0.342 0.375 0.394 0.410 0.796 0.881 0.980 0.996 0.999 1.000 0.999
     38       3.027    0.989 0.150      0.236 0.252 0.265 0.266 0.301 0.335 0.354 0.371 0.769 0.860 0.971 0.992 0.996 0.999 1.000

  R CORE   ENERGY   A0R/A00=1.000    R3= 0     2  
   2( 1)    0.732                    1.000 0.000
   2( 2)  487.921                    0.000 1.000

  R CORE   ENERGY   A0R/A00=1.000    R3= 0     2  
   3( 1)  488.652                    0.000 1.000

  R CORE   ENERGY   A0R/A00=1.000    R3= 0     2     4  
   4( 1)    2.438                    1.000 0.000 0.000

  R CORE   ENERGY   A0R/A00=1.000    R3= 0     2     4  
   5( 1)  490.847                    0.000 1.000 0.000

  R CORE   ENERGY   A0R/A00=1.000    R3= 0     2     4     6  
   6( 1)    5.121                    1.000 0.000 0.000 0.000

  R CORE   ENERGY   A0R/A00=1.000    R3= 0     2     4     6  
   7( 1)  494.017                    0.000 1.000 0.000 0.000

          AXIAL SYMMETRY => K RESTRICTED TO OMEGA

                     K
     S.P. ORB#: 24  2.50
     S.P. ORB#: 25  2.50
     S.P. ORB#: 26  0.50
     S.P. ORB#: 27 -3.50
     S.P. ORB#: 28 -3.50
     S.P. ORB#: 29  4.50
     S.P. ORB#: 30  0.50
     S.P. ORB#: 31 -1.50
     S.P. ORB#: 32 -1.50
     S.P. ORB#: 33  2.50
     S.P. ORB#: 34  0.50
     S.P. ORB#: 35  0.50
     S.P. ORB#: 36 -1.50
     S.P. ORB#: 37  2.50
     S.P. ORB#: 38 -3.50
 

             ENERGY    K= OMEGA
 
 I=  1/2- (1)  1.509  26:-0.063
                      34:-0.998
 
 I=  1/2- (2)  3.199  30: 1.000
 
 I=  1/2- (3)  4.986  26: 0.998
                      34:-0.063
 
 I=  1/2- (4)  9.775  35: 1.000
 
 I=  1/2- (5)147.207  32: 1.000

             ENERGY    K= OMEGA
 
 I=  3/2- (1)  1.373  26: 0.050
                      30: 0.194
                      31: 0.113
                      32: 0.969
                      34:-0.087
 
 I=  3/2- (2)  2.169  30:-0.141
                      31:-0.114
                      32: 0.129
                      34: 0.975

             ENERGY    K= OMEGA
 
 I=  5/2- (1)  1.381  30: 0.132
                      31: 0.181
                      32:-0.395
                      33:-0.886
                      34: 0.070
 
 I=  5/2- (2)  1.981  30: 0.232
                      31:-0.165
                      32:-0.875
                      33: 0.387
 
 I=  5/2- (3)  2.190  30: 0.133
                      31: 0.175
                      33: 0.125
                      34: 0.967
 
 I=  5/2- (4)  3.250  24: 0.071
                      26:-0.390
                      30: 0.451
                      31: 0.741
                      32: 0.074
                      33: 0.188
                      34:-0.224
 
 I=  5/2- (5)  4.537  24: 0.063
                      26: 0.073
                      30:-0.798
                      31: 0.522
                      32:-0.265
                      33: 0.101

             ENERGY    K= OMEGA
 
 I=  7/2- (1)  2.013  30: 0.177
                      31:-0.219
                      32: 0.487
                      33:-0.825
 
 I=  7/2- (2)  2.618  25:-0.068
                      26:-0.178
                      28: 0.062
                      30:-0.352
                      31:-0.298
                      32:-0.722
                      33:-0.425
                      34: 0.207
 
 I=  7/2- (3)  3.652  24:-0.071
                      25: 0.248
                      27: 0.148
                      28:-0.932
                      30:-0.080
                      34: 0.184
 
 I=  7/2- (4)  3.785  26: 0.069
                      28:-0.183
                      30: 0.119
                      31: 0.211
                      32:-0.310
                      33:-0.208
                      34:-0.872
 
 I=  7/2- (5)  4.111  35: 0.720
                      36: 0.575
                      37: 0.358
                      38: 0.154

             ENERGY    K= OMEGA
 
 I=  9/2- (1)  2.662  26: 0.177
                      27:-0.092
                      29: 0.120
                      30:-0.301
                      31:-0.365
                      32: 0.461
                      33: 0.687
                      34:-0.188
 
 I=  9/2- (2)  3.119  24: 0.072
                      25: 0.074
                      27: 0.285
                      28: 0.182
                      29:-0.923
                      30:-0.059
                      32: 0.084
                      33: 0.087
 
 I=  9/2- (3)  3.780  24:-0.069
                      25: 0.108
                      26: 0.063
                      28: 0.139
                      30: 0.105
                      31:-0.336
                      32:-0.681
                      33: 0.145
                      34:-0.591
 
 I=  9/2- (4)  3.828  25:-0.071
                      26: 0.065
                      28:-0.113
                      30:-0.327
                      32: 0.352
                      33:-0.572
                      34:-0.646
 
 I=  9/2- (5)  4.535  24: 0.132
                      25:-0.301
                      26:-0.110
                      27: 0.189
                      28:-0.855
                      29:-0.128
                      30: 0.162
                      31: 0.065
                      32:-0.115
                      33: 0.189
                      34:-0.129

             ENERGY    K= OMEGA
 
 I= 11/2- (1)  2.937  35: 0.682
                      36: 0.576
                      37: 0.402
                      38: 0.204
 
 I= 11/2- (2)  3.812  24: 0.089
                      25: 0.102
                      27:-0.277
                      28:-0.127
                      29:-0.478
                      30: 0.201
                      31:-0.267
                      32: 0.422
                      33:-0.609
 
 I= 11/2- (3)  4.080  24: 0.096
                      25: 0.072
                      27:-0.293
                      28:-0.191
                      29:-0.722
                      30:-0.191
                      31: 0.130
                      32:-0.361
                      33: 0.397
 
 I= 11/2- (4)  4.560  24:-0.076
                      25: 0.119
                      26: 0.286
                      28:-0.163
                      29:-0.075
                      30: 0.408
                      31: 0.411
                      32: 0.548
                      33: 0.412
                      34:-0.242
 
 I= 11/2- (5)  5.614  24:-0.149
                      25: 0.362
                      26:-0.092
                      27: 0.230
                      28:-0.843
                      29: 0.165
                      30:-0.146
                      31:-0.066
                      33:-0.062
                      34: 0.128

             ENERGY    K= OMEGA
 
 I= 13/2- (1)  4.601  24:-0.105
                      25:-0.080
                      26: 0.271
                      27:-0.210
                      28:-0.074
                      29: 0.254
                      30:-0.368
                      31:-0.438
                      32: 0.389
                      33: 0.519
                      34:-0.215
 
 I= 13/2- (2)  5.135  35:-0.230
                      36: 0.578
                      37:-0.653
                      38: 0.432
 
 I= 13/2- (3)  5.146  24: 0.135
                      25: 0.138
                      26: 0.117
                      27: 0.414
                      28: 0.252
                      29:-0.774
                      30:-0.173
                      31:-0.149
                      32: 0.160
                      33: 0.156
                      34:-0.113
 
 I= 13/2- (4)  6.361  24:-0.145
                      25: 0.214
                      26: 0.104
                      27:-0.116
                      28: 0.309
                      30: 0.092
                      31:-0.330
                      32:-0.649
                      34:-0.522
 
 I= 13/2- (5)  6.491  24: 0.063
                      25:-0.160
                      26: 0.076
                      27: 0.110
                      28:-0.296
                      30:-0.307
                      31: 0.066
                      32: 0.202
                      33:-0.615
                      34:-0.589

             ENERGY     K=-7/2
  32 LEVELS    TIME=  0.0 SEC



 ******************* EXCITATION ENERGIES, DOMINANT CONFIGURATION AND EXPECTATION VALUES (WITH S.P. UU+VV FACTORS) *******************

  NR  Eex(keV)  I   Kdom  NY    <Jz>  <Jx**2> <Jy**2> <Jz**2> <I.j>/|I|  <Rx**2> <Ry**2> <Rz**2> <R.j>/|R|  <HROTx> <HROTy> <HROTz>

   1    0.0   3/2-  -3/2  32   -1.40    1.51    1.51    2.15    1.47       1.62    1.62    0.00   -1.30      0.198   0.198   0.000
   2    7.7   5/2-   5/2  33    1.70    1.79    1.79    5.35    2.44       1.62    1.62    0.00   -0.95      0.198   0.198   0.000
   3  136.3   1/2-   1/2  34    0.50    1.16    1.16    0.25    0.84       0.93    0.93    0.00   -1.35      0.114   0.114   0.000
   4  607.6   5/2-  -3/2  32   -0.78    1.53    1.53    2.75    1.12       3.96    3.96    0.00   -0.89      0.483   0.483   0.000
   5  639.7   7/2-   5/2  33    1.29    1.92    1.92    4.93    2.06       4.10    4.10    0.00   -0.21      0.500   0.500   0.000
  
   6  796.4   3/2-   1/2  34    0.44    1.26    1.26    0.31   -0.16       3.59    3.59    0.00   -1.17      0.438   0.438   0.000
   7  817.0   5/2-   1/2  34    0.47    1.47    1.47    0.41    0.82       3.62    3.62    0.00   -0.34      0.442   0.442   0.000
   8 1245.1   7/2-  -3/2  32   -0.37    1.71    1.71    2.65    1.39       5.38    5.38    0.00   -0.16      0.656   0.656   0.000
   9 1289.3   9/2-   5/2  33    0.78    2.78    2.78    4.18    2.37       5.43    5.43    0.00    0.63      0.662   0.662   0.000
  10 1564.2  11/2-   1/2  35   -0.01   28.44   28.44    2.38    7.26       4.11    4.11    0.00   -5.53      0.501   0.501   0.000
  
  11 1745.8   9/2-   9/2  29    3.47    2.77    2.77   18.80    4.46       2.37    2.37    0.00   -0.99      0.289   0.289   0.000
  12 1826.2   1/2-   1/2  30    0.50    3.99    3.99    0.25    0.41       4.13    4.13    0.00   -2.74      0.504   0.504   0.000
  13 1877.5   5/2-  -3/2  31   -0.53    3.77    3.77    1.60    1.67       4.00    4.00    0.00   -1.48      0.488   0.488   0.000
  14 2279.0   7/2-  -7/2  28   -2.93    2.26    2.26   11.33    3.31       2.68    2.68   -0.00   -1.18      0.326   0.326  -0.000
  15 2407.5   9/2-  -3/2  32   -0.66    1.46    1.46    1.89    0.92      10.20   10.20    0.00   -0.05      1.244   1.244   0.000
  
  16 2412.3   7/2-   1/2  34    0.17    1.61    1.61    1.22    0.03       9.99    9.99    0.00   -0.97      1.218   1.218   0.000
  17 2438.8  11/2-   5/2  33    1.32    2.88    2.88    8.77    2.76       8.61    8.61    0.00    0.48      1.050   1.050   0.000
  18 2454.8   9/2-   1/2  34    0.86    1.97    1.97    2.67    1.04      10.52   10.52    0.00   -0.32      1.283   1.283   0.000
  19 2707.1  11/2-   9/2  29    2.15    2.69    2.69   13.46    3.23       7.96    7.96    0.00    0.12      0.970   0.970   0.000
  20 2738.3   7/2-   1/2  35   -0.00   28.58   28.58    1.96    7.14       9.12    9.12    0.00   -7.21      1.112   1.112   0.000
  
  21 3161.5   9/2-  -7/2  28   -2.25    2.37    2.37   10.68    2.77       6.32    6.32    0.00   -0.47      0.771   0.771   0.000
  22 3164.1   5/2-   1/2  30   -0.16    4.06    4.06    1.02   -0.40      10.14   10.14    0.00   -2.30      1.236   1.236   0.000
  23 3187.1  11/2-  -3/2  32   -0.15    2.13    2.13    2.78    1.63      11.66   11.66   -0.00    0.56      1.422   1.422  -0.000
  24 3228.4  13/2-   5/2  33    0.45    3.72    3.72    4.54    2.73      11.33   11.33    0.00    1.48      1.381   1.381   0.000
  25 3613.0   1/2-   1/2  26    0.50    4.71    4.71    0.25    0.67       4.63    4.63   -0.00   -2.99      0.564   0.564  -0.000
  
  26 3762.3  13/2-   5/2  37   -0.06   27.31   27.31    5.72    6.15      11.59   11.59   -0.00   -3.61      1.413   1.413  -0.000
  27 3773.3  13/2-   9/2  29    1.99    3.55    3.55   15.53    3.67      10.08   10.08    0.00    0.66      1.229   1.229   0.000
  28 4241.0  11/2-  -7/2  28   -2.14    2.47    2.47   10.91    2.63      10.07   10.07   -0.00   -0.03      1.228   1.228  -0.000
  29 4987.6  13/2-  -3/2  32   -0.85    1.74    1.74    3.07    1.20      19.30   19.30    0.00    0.29      2.353   2.353   0.000
  30 5118.3  13/2-   5/2  33    0.83    2.10    2.10    3.99    1.14      20.48   20.48   -0.00   -0.03      2.497   2.497  -0.000
  
  31 8402.4   1/2-   1/2  35    0.50   29.10   29.10    0.25   -4.10      33.15   33.15    0.00   -7.61      4.042   4.042   0.000
  32*******   1/2-  -3/2  32    0.00    0.00    0.00    0.00   -0.00       0.00    0.00    0.00   -0.00      0.000   0.000   0.000
