1SPECTRUM OF (Z= 82 A=207) IN PARTICLE-ROTOR  MODEL WITH MODIFIED OSCILLATOR POTENTIAL


 PARITY=-   EPS= 0.293   GAMMA=  0.0   EPS4=0.000   EPS6=0.000   LEVELS:  25  26  27  28  29  30  31  32  33  34  35  36  37  38  39

 PAIRING FACTORS: GN0= 19.20  GN1=  7.40  IPAIR= 15 ***  E2PLUS(INPUT)=   0.730  E2PLUR(INPUT)=   0.000

 CORIOLIS ATTENUATION PARAMETERS:  CHSI=1.000  ETA=  1.00

 MOMENT OF INERTIA PARAMETERS:   A1=  0.122 MEV   A2=  0.122 MEV   A3=121.91924 MEV


 DELTA=0.951 MEV  LAMBDA=53.2919 MEV   HW0= 7.4877 MEV   LAMBDA/HW0= 7.1172

 E2ENERGY=0.730 MEV  HBAR**2/B=15918./A**(7/3)=2690.9/A**2 MEV

 IREC=0  =>  RECOIL TERMS j+j-, j+j+, jzjz, ETC TREATED AS ONE-BODY OPERATORS WITH UU+VV PAIRING FACTORS



 S. P. LEVEL   EQP       U     V        (UU + VV)**1.00

     25       4.117    0.116 0.993      1.000 1.000 0.999 0.976 0.966 0.960 0.925 0.876 0.772 0.461 0.358 0.329 0.300 0.280 0.255
     26       3.449    0.139 0.990      1.000 1.000 1.000 0.981 0.972 0.966 0.934 0.887 0.786 0.481 0.380 0.350 0.322 0.302 0.278
     27       2.896    0.167 0.986      0.999 1.000 1.000 0.986 0.978 0.973 0.943 0.899 0.803 0.505 0.405 0.376 0.348 0.329 0.304
     28       1.533    0.328 0.945      0.976 0.981 0.986 1.000 0.999 0.998 0.985 0.959 0.891 0.642 0.552 0.525 0.499 0.481 0.459
     29       1.386    0.369 0.929      0.966 0.972 0.978 0.999 1.000 1.000 0.992 0.971 0.910 0.674 0.587 0.562 0.536 0.519 0.497
     30       1.321    0.391 0.920      0.960 0.966 0.973 0.998 1.000 1.000 0.995 0.976 0.920 0.692 0.606 0.581 0.556 0.539 0.517
     31       1.122    0.485 0.875      0.925 0.934 0.943 0.985 0.992 0.995 1.000 0.993 0.955 0.763 0.686 0.663 0.640 0.624 0.603
     32       1.005    0.581 0.814      0.876 0.887 0.899 0.959 0.971 0.976 0.993 1.000 0.983 0.832 0.764 0.744 0.723 0.709 0.690
     33       0.952    0.721 0.693      0.772 0.786 0.803 0.891 0.910 0.920 0.955 0.983 1.000 0.920 0.870 0.854 0.838 0.827 0.812
     34       1.435    0.935 0.354      0.461 0.481 0.505 0.642 0.674 0.692 0.763 0.832 0.920 1.000 0.994 0.990 0.985 0.981 0.976
     35       1.985    0.969 0.247      0.358 0.380 0.405 0.552 0.587 0.606 0.686 0.764 0.870 0.994 1.000 1.000 0.998 0.997 0.994
     36       2.249    0.976 0.217      0.329 0.350 0.376 0.525 0.562 0.581 0.663 0.744 0.854 0.990 1.000 1.000 1.000 0.999 0.997
     37       2.588    0.982 0.187      0.300 0.322 0.348 0.499 0.536 0.556 0.640 0.723 0.838 0.985 0.998 1.000 1.000 1.000 0.999
     38       2.891    0.986 0.167      0.280 0.302 0.329 0.481 0.519 0.539 0.624 0.709 0.827 0.981 0.997 0.999 1.000 1.000 1.000
     39       3.402    0.990 0.141      0.255 0.278 0.304 0.459 0.497 0.517 0.603 0.690 0.812 0.976 0.994 0.997 0.999 1.000 1.000

  R CORE   ENERGY   A0R/A00=1.000    R3= 0     2  
   2( 1)    0.732                    1.000 0.000
   2( 2)  487.921                    0.000 1.000

  R CORE   ENERGY   A0R/A00=1.000    R3= 0     2  
   3( 1)  488.652                    0.000 1.000

  R CORE   ENERGY   A0R/A00=1.000    R3= 0     2     4  
   4( 1)    2.438                    1.000 0.000 0.000

  R CORE   ENERGY   A0R/A00=1.000    R3= 0     2     4  
   5( 1)  490.847                    0.000 1.000 0.000

  R CORE   ENERGY   A0R/A00=1.000    R3= 0     2     4     6  
   6( 1)    5.121                    1.000 0.000 0.000 0.000

  R CORE   ENERGY   A0R/A00=1.000    R3= 0     2     4     6  
   7( 1)  494.017                    0.000 1.000 0.000 0.000

          AXIAL SYMMETRY => K RESTRICTED TO OMEGA

                     K
     S.P. ORB#: 25  0.50
     S.P. ORB#: 26  2.50
     S.P. ORB#: 27 -3.50
     S.P. ORB#: 28  0.50
     S.P. ORB#: 29 -1.50
     S.P. ORB#: 30 -3.50
     S.P. ORB#: 31  0.50
     S.P. ORB#: 32  4.50
     S.P. ORB#: 33 -1.50
     S.P. ORB#: 34  2.50
     S.P. ORB#: 35 -1.50
     S.P. ORB#: 36  2.50
     S.P. ORB#: 37 -3.50
     S.P. ORB#: 38  0.50
     S.P. ORB#: 39  0.50
 

             ENERGY    K= OMEGA
 
 I=  1/2- (1)  2.719  28:-0.996
                      38:-0.079
 
 I=  1/2- (2)  3.213  25:-0.067
                      28: 0.076
                      38:-0.995
 
 I=  1/2- (3)  5.607  25: 0.997
                      38:-0.064
 
 I=  1/2- (4)  6.314  31:-0.596
                      39: 0.803
 
 I=  1/2- (5)  9.098  31:-0.803
                      39:-0.596

             ENERGY    K= OMEGA
 
 I=  3/2- (1)  2.389  25: 0.138
                      28: 0.449
                      29: 0.352
                      35: 0.800
                      38:-0.124
 
 I=  3/2- (2)  2.583  28:-0.386
                      29: 0.900
                      35:-0.193

             ENERGY    K= OMEGA
 
 I=  5/2- (1)  2.464  25:-0.213
                      28: 0.390
                      29: 0.626
                      35:-0.285
                      36:-0.556
                      38: 0.143
 
 I=  5/2- (2)  3.006  25: 0.121
                      26:-0.056
                      28: 0.060
                      29:-0.522
                      35:-0.790
                      36:-0.231
                      38:-0.170
 
 I=  5/2- (3)  3.130  25: 0.147
                      28:-0.509
                      29:-0.132
                      35: 0.321
                      36:-0.762
                      38:-0.135
 
 I=  5/2- (4)  4.013  25:-0.125
                      28:-0.249
                      29: 0.382
                      35:-0.154
                      36: 0.163
                      38:-0.852
 
 I=  5/2- (5)  4.171  25:-0.125
                      28: 0.690
                      29:-0.343
                      35: 0.405
                      36:-0.176
                      38:-0.443

             ENERGY    K= OMEGA
 
 I=  7/2- (1)  2.089  26: 0.211
                      27:-0.061
                      30:-0.975
 
 I=  7/2- (2)  3.182  28:-0.315
                      29: 0.524
                      35:-0.414
                      36: 0.670
 
 I=  7/2- (3)  3.241  31: 0.738
                      33: 0.570
                      34: 0.333
                      37: 0.132
 
 I=  7/2- (4)  3.369  25:-0.302
                      28:-0.577
                      29:-0.485
                      35:-0.511
                      36:-0.187
                      38: 0.206
 
 I=  7/2- (5)  4.227  26:-0.072
                      27:-0.144
                      28:-0.532
                      29: 0.581
                      35: 0.244
                      36:-0.542

             ENERGY    K= OMEGA
 
 I=  9/2- (1)  1.837  26:-0.065
                      27: 0.222
                      30:-0.187
                      32:-0.955
 
 I=  9/2- (2)  3.005  26:-0.289
                      27:-0.093
                      29:-0.062
                      30:-0.931
                      32: 0.180
                      36: 0.060
 
 I=  9/2- (3)  3.463  25:-0.344
                      28: 0.467
                      29: 0.634
                      30:-0.076
                      35:-0.256
                      36:-0.391
                      38: 0.189
 
 I=  9/2- (4)  4.473  31: 0.239
                      33:-0.604
                      34: 0.648
                      37:-0.398
 
 I=  9/2- (5)  4.760  25: 0.180
                      26:-0.084
                      27: 0.086
                      29:-0.381
                      35:-0.727
                      36:-0.457
                      38:-0.261

             ENERGY    K= OMEGA
 
 I= 11/2- (1)  2.462  31:-0.689
                      33:-0.578
                      34:-0.390
                      37:-0.192
 
 I= 11/2- (2)  2.870  26: 0.110
                      27: 0.299
                      30:-0.260
                      32: 0.911
 
 I= 11/2- (3)  4.151  26: 0.340
                      27:-0.126
                      29:-0.066
                      30:-0.890
                      32:-0.254
                      36:-0.067
 
 I= 11/2- (4)  5.074  25: 0.082
                      28:-0.307
                      29: 0.580
                      35:-0.402
                      36: 0.627
 
 I= 11/2- (5)  5.184  25:-0.382
                      28:-0.629
                      29:-0.437
                      30: 0.089
                      35:-0.440
                      36:-0.121
                      38: 0.224

             ENERGY    K= OMEGA
 
 I= 13/2- (1)  4.122  26:-0.150
                      27: 0.348
                      30:-0.310
                      32:-0.871
 
 I= 13/2- (2)  4.684  31:-0.225
                      33: 0.582
                      34:-0.655
                      37: 0.424
 
 I= 13/2- (3)  5.328  25:-0.406
                      26: 0.102
                      27: 0.054
                      28: 0.466
                      29: 0.604
                      30: 0.228
                      32:-0.064
                      35:-0.203
                      36:-0.322
                      38: 0.196
 
 I= 13/2- (4)  5.553  25:-0.115
                      26:-0.361
                      27:-0.147
                      28: 0.153
                      29: 0.142
                      30:-0.826
                      32: 0.301
                      35:-0.114
                      38: 0.054
 
 I= 13/2- (5)  7.461  25: 0.195
                      26:-0.083
                      27: 0.088
                      29:-0.271
                      30: 0.063
                      32: 0.054
                      35:-0.695
                      36:-0.541
                      38:-0.300

             ENERGY     K= 1/2
  32 LEVELS    TIME=  0.0 SEC



 ******************* EXCITATION ENERGIES, DOMINANT CONFIGURATION AND EXPECTATION VALUES (WITH S.P. UU+VV FACTORS) *******************

  NR  Eex(keV)  I   Kdom  NY    <Jz>  <Jx**2> <Jy**2> <Jz**2> <I.j>/|I|  <Rx**2> <Ry**2> <Rz**2> <R.j>/|R|  <HROTx> <HROTy> <HROTz>

   1    0.0   9/2-   9/2  32    3.82    2.57    2.57   19.51    4.37       2.94    2.94    0.00   -1.20      0.359   0.359   0.000
   2  251.5   7/2-  -7/2  30   -3.22    2.31    2.31   11.97    3.39       2.73    2.73    0.00   -1.35      0.333   0.333   0.000
   3  552.0   3/2-  -3/2  35   -1.03    2.38    2.38    1.78    1.57       2.11    2.11    0.00   -1.70      0.257   0.257   0.000
   4  624.8  11/2-   1/2  31   -0.01   25.56   25.56    2.27    6.57       5.29    5.29   -0.00   -4.34      0.645   0.645  -0.000
   5  626.3   5/2-  -3/2  29    0.17    3.81    3.81    3.05    2.47       2.40    2.40    0.00   -1.53      0.293   0.293   0.000
  
   6  745.9   3/2-  -3/2  29   -1.19    4.63    4.63    1.94    1.43       4.69    4.69    0.00   -2.75      0.572   0.572   0.000
   7  881.8   1/2-   1/2  28    0.50    4.63    4.63    0.25    0.36       4.81    4.81    0.00   -2.96      0.587   0.587   0.000
   8 1032.7  11/2-   9/2  32    3.22    2.82    2.82   18.82    3.91       6.74    6.74   -0.00   -0.30      0.822   0.822  -0.001
   9 1167.6   9/2-  -7/2  30   -2.70    2.44    2.44   11.93    2.94       6.14    6.14   -0.00   -0.62      0.748   0.748  -0.000
  10 1168.6   5/2-  -3/2  35   -1.18    2.22    2.22    2.38    1.09       4.55    4.55    0.00   -1.19      0.555   0.555   0.000
  
  11 1292.5   5/2-   5/2  36    1.42    2.81    2.81    3.97    1.63       4.33    4.33    0.00   -1.61      0.528   0.528   0.000
  12 1344.4   7/2-   5/2  36    0.50    3.01    3.01    3.88    1.91       5.26    5.26    0.00   -0.72      0.641   0.641   0.000
  13 1375.9   1/2-   1/2  38    0.50    1.45    1.45    0.25    0.71       1.33    1.33    0.00   -1.55      0.162   0.162   0.000
  14 1403.8   7/2-   1/2  31    0.00   24.93   24.93    1.78    6.31       8.65    8.65    0.00   -6.39      1.055   1.055   0.000
  15 1531.3   7/2-   1/2  28   -0.43    3.27    3.27    1.48    1.52       5.87    5.87    0.00   -0.59      0.715   0.715   0.000
  
  16 1625.5   9/2-  -3/2  29   -0.15    4.52    4.52    2.19    2.38       6.13    6.13    0.00    0.18      0.748   0.748   0.000
  17 2175.3   5/2-   1/2  38    0.21    2.19    2.19    0.75    0.34       5.92    5.92    0.00   -1.20      0.722   0.722   0.000
  18 2284.8  13/2-   9/2  32    2.71    3.04    3.04   18.19    3.58      11.49   11.49    0.00    0.16      1.401   1.401   0.000
  19 2313.3  11/2-  -7/2  30   -2.25    2.54    2.54   11.97    2.65      10.54   10.54    0.00   -0.26      1.285   1.285   0.000
  20 2333.3   5/2-   1/2  28    0.00    3.48    3.48    1.00   -0.29       9.23    9.23    0.00   -2.06      1.125   1.125   0.000
  
  21 2389.4   7/2-  -3/2  29    0.22    3.46    3.46    3.09    0.69      10.12   10.12    0.00   -1.61      1.234   1.234   0.000
  22 2636.1   9/2-   5/2  34   -0.02   25.33   25.33    5.40    5.61      12.51   12.51    0.00   -5.63      1.525   1.525   0.000
  23 2847.1  13/2-   5/2  34   -0.04   25.31   25.31    5.66    5.63      13.21   13.21   -0.00   -3.30      1.610   1.610  -0.000
  24 2922.2   9/2-  -3/2  35   -0.45    2.15    2.15    3.01    1.03      10.91   10.91    0.00   -0.47      1.331   1.331   0.000
  25 3236.4  11/2-   5/2  36    0.29    3.24    3.24    3.70    1.64      13.18   13.18    0.00   -0.08      1.607   1.607   0.000
  
  26 3346.9  11/2-   1/2  28   -0.27    3.54    3.54    1.21    1.53      12.87   12.87    0.00    0.17      1.569   1.569   0.000
  27 3490.9  13/2-  -3/2  29   -0.29    4.70    4.70    2.48    2.42      13.40   13.40    0.00    0.97      1.633   1.633   0.000
  28 3715.8  13/2-  -7/2  30   -1.75    2.79    2.79   11.37    2.42      15.95   15.95    0.00   -0.01      1.945   1.945   0.000
  29 3769.3   1/2-   1/2  25    0.50    6.24    6.24    0.25    0.68       6.15    6.15    0.00   -3.46      0.750   0.750   0.000
  30 4476.9   1/2-   1/2  39    0.50   13.02   13.02    0.25   -2.02      15.27   15.27    0.00   -5.07      1.861   1.861   0.000
  
  31 5623.7  13/2-  -3/2  35   -0.05    2.07    2.07    3.36    0.93      21.61   21.61    0.00   -0.15      2.635   2.635   0.000
  32 7261.1   1/2-   1/2  31    0.50   25.79   25.79    0.25   -3.58      29.39   29.39    0.00   -7.16      3.583   3.583   0.000
