1SPECTRUM OF (Z= 82 A=207) IN PARTICLE-ROTOR  MODEL WITH MODIFIED OSCILLATOR POTENTIAL


 PARITY=-   EPS= 0.388   GAMMA=  0.0   EPS4=0.000   EPS6=0.000   LEVELS:  25  26  27  28  29  30  31  32  33  34  35  36  37  38  39

 PAIRING FACTORS: GN0= 19.20  GN1=  7.40  IPAIR= 15 ***  E2PLUS(INPUT)=   0.730  E2PLUR(INPUT)=   0.000

 CORIOLIS ATTENUATION PARAMETERS:  CHSI=1.000  ETA=  1.00

 MOMENT OF INERTIA PARAMETERS:   A1=  0.122 MEV   A2=  0.122 MEV   A3=121.91924 MEV


 DELTA=0.854 MEV  LAMBDA=53.4643 MEV   HW0= 7.5506 MEV   LAMBDA/HW0= 7.0808

 E2ENERGY=0.730 MEV  HBAR**2/B=27914./A**(7/3)=4718.8/A**2 MEV

 IREC=0  =>  RECOIL TERMS j+j-, j+j+, jzjz, ETC TREATED AS ONE-BODY OPERATORS WITH UU+VV PAIRING FACTORS



 S. P. LEVEL   EQP       U     V        (UU + VV)**1.00

     25       3.871    0.111 0.994      1.000 0.999 0.999 0.996 0.993 0.935 0.902 0.831 0.587 0.426 0.416 0.328 0.241 0.236 0.231
     26       2.953    0.146 0.989      0.999 1.000 1.000 0.999 0.997 0.947 0.917 0.850 0.615 0.458 0.448 0.361 0.275 0.270 0.265
     27       2.798    0.154 0.988      0.999 1.000 1.000 0.999 0.997 0.950 0.920 0.855 0.622 0.465 0.455 0.369 0.284 0.278 0.273
     28       2.239    0.194 0.981      0.996 0.999 0.999 1.000 0.999 0.962 0.935 0.875 0.653 0.500 0.491 0.406 0.322 0.317 0.312
     29       1.934    0.227 0.974      0.993 0.997 0.997 0.999 1.000 0.970 0.946 0.891 0.678 0.529 0.520 0.436 0.353 0.348 0.343
     30       1.052    0.456 0.890      0.935 0.947 0.950 0.962 0.970 1.000 0.996 0.974 0.835 0.719 0.711 0.641 0.569 0.565 0.560
     31       0.950    0.530 0.848      0.902 0.917 0.920 0.935 0.946 0.996 1.000 0.990 0.879 0.775 0.768 0.704 0.637 0.632 0.628
     32       0.866    0.645 0.764      0.831 0.850 0.855 0.875 0.891 0.974 0.990 1.000 0.938 0.857 0.851 0.798 0.740 0.736 0.733
     33       0.995    0.870 0.493      0.587 0.615 0.622 0.653 0.678 0.835 0.879 0.938 1.000 0.983 0.980 0.957 0.927 0.925 0.923
     34       1.397    0.947 0.323      0.426 0.458 0.465 0.500 0.529 0.719 0.775 0.857 0.983 1.000 1.000 0.994 0.981 0.980 0.979
     35       1.438    0.950 0.313      0.416 0.448 0.455 0.491 0.520 0.711 0.768 0.851 0.980 1.000 1.000 0.995 0.983 0.982 0.981
     36       1.981    0.975 0.221      0.328 0.361 0.369 0.406 0.436 0.641 0.704 0.798 0.957 0.994 0.995 1.000 0.996 0.995 0.995
     37       3.261    0.991 0.132      0.241 0.275 0.284 0.322 0.353 0.569 0.637 0.740 0.927 0.981 0.983 0.996 1.000 1.000 1.000
     38       3.404    0.992 0.126      0.236 0.270 0.278 0.317 0.348 0.565 0.632 0.736 0.925 0.980 0.982 0.995 1.000 1.000 1.000
     39       3.549    0.993 0.121      0.231 0.265 0.273 0.312 0.343 0.560 0.628 0.733 0.923 0.979 0.981 0.995 1.000 1.000 1.000

  R CORE   ENERGY   A0R/A00=1.000    R3= 0     2  
   2( 1)    0.732                    1.000 0.000
   2( 2)  487.921                    0.000 1.000

  R CORE   ENERGY   A0R/A00=1.000    R3= 0     2  
   3( 1)  488.652                    0.000 1.000

  R CORE   ENERGY   A0R/A00=1.000    R3= 0     2     4  
   4( 1)    2.438                    1.000 0.000 0.000

  R CORE   ENERGY   A0R/A00=1.000    R3= 0     2     4  
   5( 1)  490.847                    0.000 1.000 0.000

  R CORE   ENERGY   A0R/A00=1.000    R3= 0     2     4     6  
   6( 1)    5.121                    1.000 0.000 0.000 0.000

  R CORE   ENERGY   A0R/A00=1.000    R3= 0     2     4     6  
   7( 1)  494.017                    0.000 1.000 0.000 0.000

          AXIAL SYMMETRY => K RESTRICTED TO OMEGA

                     K
     S.P. ORB#: 25 -5.50
     S.P. ORB#: 26  0.50
     S.P. ORB#: 27  2.50
     S.P. ORB#: 28 -3.50
     S.P. ORB#: 29 -1.50
     S.P. ORB#: 30  0.50
     S.P. ORB#: 31 -1.50
     S.P. ORB#: 32  2.50
     S.P. ORB#: 33 -3.50
     S.P. ORB#: 34  4.50
     S.P. ORB#: 35  0.50
     S.P. ORB#: 36 -3.50
     S.P. ORB#: 37 -1.50
     S.P. ORB#: 38  0.50
     S.P. ORB#: 39  2.50
 

             ENERGY    K= OMEGA
 
 I=  1/2- (1)  2.356  30: 1.000
 
 I=  1/2- (2)  4.387  26:-0.192
                      35: 0.912
                      38:-0.363
 
 I=  1/2- (3)  7.317  26:-0.351
                      35: 0.282
                      38: 0.893
 
 I=  1/2- (4)  9.374  26: 0.916
                      35: 0.299
                      38: 0.266
 
 I=  1/2- (5)147.253  31: 1.000

             ENERGY    K= OMEGA
 
 I=  3/2- (1)  2.257  30: 0.454
                      31:-0.890
 
 I=  3/2- (2)  2.619  30: 0.867
                      31: 0.448
                      37: 0.218
 
 I=  3/2- (3)  3.952  30: 0.205
                      31: 0.078
                      37:-0.976
 
 I=  3/2- (4)  4.369  26: 0.295
                      35:-0.947
                      38:-0.118
 
 I=  3/2- (5)  6.147  26: 0.740
                      29: 0.619
                      35: 0.263

             ENERGY    K= OMEGA
 
 I=  5/2- (1)  2.721  30: 0.398
                      31: 0.882
                      37:-0.077
                      39:-0.237
 
 I=  5/2- (2)  3.356  27: 0.056
                      30:-0.847
                      31: 0.386
                      37: 0.348
                      39:-0.092
 
 I=  5/2- (3)  4.263  27:-0.203
                      30:-0.196
                      31:-0.163
                      37:-0.479
                      39:-0.815
 
 I=  5/2- (4)  4.587  27:-0.941
                      30:-0.071
                      31: 0.140
                      37:-0.101
                      39: 0.283
 
 I=  5/2- (5)  4.794  26:-0.143
                      35: 0.798
                      38:-0.584

             ENERGY    K= OMEGA
 
 I=  7/2- (1)  1.873  27:-0.154
                      33: 0.986
 
 I=  7/2- (2)  3.299  30: 0.567
                      31:-0.752
                      37: 0.174
                      39:-0.284
 
 I=  7/2- (3)  3.993  27:-0.076
                      30: 0.736
                      31: 0.549
                      37: 0.327
                      39: 0.207
 
 I=  7/2- (4)  4.079  26: 0.612
                      29: 0.588
                      32: 0.484
                      36: 0.213
 
 I=  7/2- (5)  4.131  27:-0.191
                      28:-0.976
                      39:-0.087

             ENERGY    K= OMEGA
 
 I=  9/2- (1)  2.325  27:-0.087
                      28: 0.163
                      33:-0.359
                      34:-0.915
 
 I=  9/2- (2)  2.941  27: 0.206
                      28: 0.101
                      33: 0.903
                      34:-0.357
                      39:-0.053
 
 I=  9/2- (3)  4.266  30: 0.441
                      31: 0.792
                      33:-0.064
                      37:-0.188
                      39:-0.369
 
 I=  9/2- (4)  4.760  26: 0.208
                      29:-0.552
                      32: 0.692
                      36:-0.416
 
 I=  9/2- (5)  5.233  27: 0.227
                      28:-0.507
                      30:-0.586
                      31: 0.402
                      33:-0.056
                      34:-0.096
                      37: 0.411
                      39:-0.076

             ENERGY    K= OMEGA
 
 I= 11/2- (1)  3.464  27:-0.137
                      28:-0.221
                      33: 0.446
                      34:-0.856
 
 I= 11/2- (2)  3.500  26:-0.608
                      29:-0.588
                      32:-0.470
                      35:-0.102
                      36:-0.230
 
 I= 11/2- (3)  4.232  27:-0.242
                      28: 0.150
                      31: 0.072
                      33: 0.844
                      34: 0.441
                      39: 0.076
 
 I= 11/2- (4)  5.215  25: 0.998
 
 I= 11/2- (5)  5.259  25:-0.051
                      30: 0.580
                      31:-0.679
                      33: 0.086
                      37: 0.258
                      39:-0.351

             ENERGY    K= OMEGA
 
 I= 13/2- (1)  4.835  27: 0.177
                      28:-0.260
                      33: 0.491
                      34: 0.811
 
 I= 13/2- (2)  5.308  26: 0.215
                      29:-0.563
                      32: 0.679
                      36:-0.418
 
 I= 13/2- (3)  5.750  27:-0.268
                      28:-0.190
                      31:-0.104
                      33:-0.797
                      34: 0.482
                      39: 0.102
 
 I= 13/2- (4)  6.748  25: 0.107
                      30:-0.449
                      31:-0.725
                      33: 0.122
                      34:-0.057
                      37: 0.257
                      39: 0.419
 
 I= 13/2- (5)  6.802  25: 0.992
                      31: 0.076
                      34: 0.053

             ENERGY     K= 5/2
  35 LEVELS    TIME=  0.0 SEC



 ******************* EXCITATION ENERGIES, DOMINANT CONFIGURATION AND EXPECTATION VALUES (WITH S.P. UU+VV FACTORS) *******************

  NR  Eex(keV)  I   Kdom  NY    <Jz>  <Jx**2> <Jy**2> <Jz**2> <I.j>/|I|  <Rx**2> <Ry**2> <Rz**2> <R.j>/|R|  <HROTx> <HROTy> <HROTz>

   1    0.0   7/2-  -7/2  33   -3.35    2.30    2.30   12.09    3.23       3.41    3.41   -0.00   -1.49      0.415   0.415  -0.000
   2  384.3   3/2-  -3/2  31   -1.09    4.96    4.96    1.84    1.28       5.27    5.27   -0.00   -2.86      0.642   0.642  -0.000
   3  452.3   9/2-   9/2  34    3.24    2.50    2.50   18.89    4.11       3.88    3.88    0.00   -1.24      0.473   0.473   0.000
   4  483.6   1/2-   1/2  30    0.50    4.93    4.93    0.25    0.10       5.35    5.35   -0.00   -3.07      0.652   0.652  -0.000
   5  746.3   3/2-   1/2  30    0.00    4.71    4.71    0.75    0.46       6.08    6.08   -0.00   -2.66      0.741   0.741  -0.000
  
   6  848.3   5/2-  -3/2  31   -0.95    4.81    4.81    2.16    1.26       6.53    6.53   -0.00   -2.23      0.796   0.796  -0.000
   7 1068.0   9/2-  -7/2  33   -2.20    2.37    2.37   12.98    2.79       7.37    7.37    0.00   -1.00      0.899   0.899   0.000
   8 1426.4   7/2-  -3/2  31   -0.53    4.70    4.70    1.95    1.31       8.35    8.35   -0.00   -1.50      1.017   1.017  -0.000
   9 1483.7   5/2-   1/2  30   -0.02    4.43    4.43    0.86    0.31       8.31    8.31   -0.00   -2.16      1.013   1.013  -0.000
  10 1591.2  11/2-   9/2  34    2.47    2.66    2.66   18.01    3.52       8.51    8.51    0.00   -0.56      1.038   1.038   0.000
  
  11 1627.0  11/2-   1/2  26    0.04   23.25   23.25    2.90    6.14       5.85    5.85    0.00   -3.70      0.713   0.713   0.000
  12 2078.9   3/2-  -3/2  37   -1.42    2.03    2.03    2.17    0.89       3.27    3.27    0.00   -1.76      0.399   0.399   0.000
  13 2120.4   7/2-   1/2  30   -0.22    4.34    4.34    1.37    0.54      10.74   10.74   -0.00   -1.70      1.309   1.309  -0.000
  14 2206.1   7/2-   1/2  26    0.10   22.84   22.84    2.89    6.03       8.25    8.25    0.00   -6.07      1.006   1.006   0.000
  15 2258.0   7/2-  -7/2  28   -3.23    6.19    6.19   11.95    3.12       7.64    7.64    0.00   -3.05      0.932   0.932   0.000
  
  16 2359.0  11/2-  -7/2  33   -1.55    2.46    2.46   13.38    2.46      12.34   12.34    0.00   -0.73      1.504   1.504   0.000
  17 2390.7   5/2-   5/2  39    1.40    2.14    2.14    4.99    1.69       4.01    4.01    0.00   -1.51      0.489   0.489   0.000
  18 2393.0   9/2-  -3/2  31   -0.57    4.52    4.52    2.47    1.29      11.72   11.72   -0.00   -1.05      1.428   1.428  -0.000
  19 2495.9   3/2-   1/2  35    0.50   12.54   12.54    0.25    1.64      11.36   11.36   -0.00   -4.65      1.385   1.385  -0.000
  20 2514.1   1/2-   1/2  35    0.50   11.16   11.16    0.25    1.00      10.80   10.80   -0.00   -4.67      1.317   1.317  -0.000
  
  21 2714.1   5/2-   5/2  27    2.37    5.68    5.68    6.10    1.98       7.26    7.26    0.00   -3.05      0.885   0.885   0.000
  22 2887.4   9/2-   5/2  32    0.16   23.70   23.70    5.81    5.13      13.47   13.47    0.00   -5.34      1.642   1.642   0.000
  23 2921.5   5/2-   1/2  35    0.50   11.31   11.31    0.26    1.67      10.89   10.89    0.00   -3.85      1.327   1.327   0.000
  24 2961.8  13/2-   9/2  34    1.95    2.81    2.81   17.34    3.12      14.06   14.06    0.00   -0.22      1.714   1.714   0.000
  25 3341.8  11/2- -11/2  25   -5.47    2.76    2.76   30.15    5.04       5.55    5.55    0.00   -1.65      0.677   0.677   0.000
  
  26 3360.8   9/2-   1/2  30   -1.05    4.60    4.60    4.56    1.06      13.99   13.99    0.00   -1.61      1.706   1.706   0.000
  27 3385.9  11/2-  -3/2  31   -0.35    4.46    4.46    2.25    1.32      15.55   15.55   -0.00   -0.58      1.896   1.896  -0.000
  28 3435.3  13/2-   5/2  32    0.09   23.71   23.71    5.75    5.06      15.63   15.63   -0.00   -3.19      1.905   1.905  -0.000
  29 3877.2  13/2-  -7/2  33   -1.13    2.56    2.56   13.54    2.21      18.27   18.27    0.00   -0.53      2.228   2.228   0.000
  30 4274.4   3/2-   1/2  26   -0.27   23.00   23.00    1.02    5.30      15.13   15.13    0.00   -6.68      1.844   1.844   0.000
  
  31 4874.8  13/2-  -3/2  31   -0.45    4.26    4.26    3.09    1.31      21.03   21.03   -0.00   -0.38      2.565   2.565  -0.000
  32 4929.5  13/2- -11/2  25   -5.42    2.77    2.77   29.90    4.29      12.17   12.17    0.00   -1.12      1.483   1.483   0.000
  33 5443.9   1/2-   1/2  38    0.50   15.90   15.90    0.25   -0.59      16.92   16.92    0.00   -5.60      2.062   2.062   0.000
  34 7501.3   1/2-   1/2  26    0.50   23.28   23.28    0.25   -3.44      26.76   26.76    0.00   -6.81      3.262   3.262   0.000
  35*******   1/2-  -3/2  31    0.00    0.00    0.00    0.00    0.00       0.00    0.00   -0.00   -0.00      0.000   0.000  -0.000
  
