1SPECTRUM OF (Z= 82 A=207) IN PARTICLE-ROTOR  MODEL WITH MODIFIED OSCILLATOR POTENTIAL


 PARITY=-   EPS= 0.278   GAMMA=  0.0   EPS4=0.000   EPS6=0.000   LEVELS:  24  25  26  27  28  29  30  31  32  33  34  35  36  37  38

 PAIRING FACTORS: GN0= 19.20  GN1=  7.40  IPAIR= 15 ***  E2PLUS(INPUT)=   0.730  E2PLUR(INPUT)=   0.000

 CORIOLIS ATTENUATION PARAMETERS:  CHSI=1.000  ETA=  1.00

 MOMENT OF INERTIA PARAMETERS:   A1=  0.122 MEV   A2=  0.122 MEV   A3=121.91924 MEV


 DELTA=0.949 MEV  LAMBDA=53.3156 MEV   HW0= 7.4797 MEV   LAMBDA/HW0= 7.1280

 E2ENERGY=0.730 MEV  HBAR**2/B=14330./A**(7/3)=2422.4/A**2 MEV

 IREC=0  =>  RECOIL TERMS j+j-, j+j+, jzjz, ETC TREATED AS ONE-BODY OPERATORS WITH UU+VV PAIRING FACTORS



 S. P. LEVEL   EQP       U     V        (UU + VV)**1.00

     24       5.066    0.094 0.996      1.000 1.000 0.999 0.998 0.977 0.970 0.968 0.915 0.862 0.679 0.412 0.369 0.332 0.275 0.274
     25       4.114    0.116 0.993      1.000 1.000 1.000 0.999 0.981 0.975 0.973 0.924 0.873 0.695 0.433 0.390 0.353 0.296 0.295
     26       3.581    0.134 0.991      0.999 1.000 1.000 1.000 0.985 0.979 0.977 0.931 0.882 0.707 0.448 0.406 0.370 0.313 0.312
     27       3.029    0.159 0.987      0.998 0.999 1.000 1.000 0.989 0.984 0.982 0.940 0.893 0.725 0.471 0.429 0.393 0.337 0.336
     28       1.632    0.305 0.952      0.977 0.981 0.985 0.989 1.000 1.000 0.999 0.980 0.951 0.820 0.598 0.560 0.527 0.475 0.474
     29       1.512    0.333 0.943      0.970 0.975 0.979 0.984 1.000 1.000 1.000 0.986 0.959 0.837 0.621 0.584 0.551 0.500 0.499
     30       1.479    0.341 0.940      0.968 0.973 0.977 0.982 0.999 1.000 1.000 0.987 0.962 0.841 0.628 0.591 0.559 0.508 0.507
     31       1.116    0.487 0.874      0.915 0.924 0.931 0.940 0.980 0.986 0.987 1.000 0.993 0.917 0.744 0.712 0.684 0.638 0.638
     32       1.000    0.585 0.811      0.862 0.873 0.882 0.893 0.951 0.959 0.962 0.993 1.000 0.957 0.817 0.789 0.764 0.724 0.723
     33       0.984    0.795 0.607      0.679 0.695 0.707 0.725 0.820 0.837 0.841 0.917 0.957 1.000 0.949 0.933 0.918 0.893 0.892
     34       1.544    0.946 0.325      0.412 0.433 0.448 0.471 0.598 0.621 0.628 0.744 0.817 0.949 1.000 0.999 0.996 0.989 0.989
     35       1.764    0.960 0.280      0.369 0.390 0.406 0.429 0.560 0.584 0.591 0.712 0.789 0.933 0.999 1.000 0.999 0.995 0.995
     36       2.019    0.970 0.242      0.332 0.353 0.370 0.393 0.527 0.551 0.559 0.684 0.764 0.918 0.996 0.999 1.000 0.998 0.998
     37       2.637    0.983 0.183      0.275 0.296 0.313 0.337 0.475 0.500 0.508 0.638 0.724 0.893 0.989 0.995 0.998 1.000 1.000
     38       2.652    0.983 0.182      0.274 0.295 0.312 0.336 0.474 0.499 0.507 0.638 0.723 0.892 0.989 0.995 0.998 1.000 1.000

  R CORE   ENERGY   A0R/A00=1.000    R3= 0     2  
   2( 1)    0.732                    1.000 0.000
   2( 2)  487.921                    0.000 1.000

  R CORE   ENERGY   A0R/A00=1.000    R3= 0     2  
   3( 1)  488.652                    0.000 1.000

  R CORE   ENERGY   A0R/A00=1.000    R3= 0     2     4  
   4( 1)    2.438                    1.000 0.000 0.000

  R CORE   ENERGY   A0R/A00=1.000    R3= 0     2     4  
   5( 1)  490.847                    0.000 1.000 0.000

  R CORE   ENERGY   A0R/A00=1.000    R3= 0     2     4     6  
   6( 1)    5.121                    1.000 0.000 0.000 0.000

  R CORE   ENERGY   A0R/A00=1.000    R3= 0     2     4     6  
   7( 1)  494.017                    0.000 1.000 0.000 0.000

          AXIAL SYMMETRY => K RESTRICTED TO OMEGA

                     K
     S.P. ORB#: 24  2.50
     S.P. ORB#: 25  0.50
     S.P. ORB#: 26  2.50
     S.P. ORB#: 27 -3.50
     S.P. ORB#: 28  0.50
     S.P. ORB#: 29 -3.50
     S.P. ORB#: 30 -1.50
     S.P. ORB#: 31  4.50
     S.P. ORB#: 32  0.50
     S.P. ORB#: 33 -1.50
     S.P. ORB#: 34  2.50
     S.P. ORB#: 35 -1.50
     S.P. ORB#: 36  2.50
     S.P. ORB#: 37 -3.50
     S.P. ORB#: 38  0.50
 

             ENERGY    K= OMEGA
 
 I=  1/2- (1)  2.794  28:-0.979
                      38:-0.200
 
 I=  1/2- (2)  2.970  25:-0.068
                      28: 0.197
                      38:-0.978
 
 I=  1/2- (3)  5.566  25: 0.997
                      38:-0.061
 
 I=  1/2- (4)  8.144  32: 1.000
 
 I=  1/2- (5)147.287  33:-1.000

             ENERGY    K= OMEGA
 
 I=  3/2- (1)  2.235  25: 0.095
                      28: 0.343
                      30: 0.206
                      35: 0.906
                      38:-0.099
 
 I=  3/2- (2)  2.650  25:-0.078
                      28: 0.282
                      30:-0.946
                      35: 0.124
                      38: 0.072

             ENERGY    K= OMEGA
 
 I=  5/2- (1)  2.372  25:-0.164
                      28: 0.316
                      30: 0.486
                      35:-0.383
                      36:-0.691
                      38: 0.114
 
 I=  5/2- (2)  2.857  24:-0.050
                      25: 0.123
                      26:-0.058
                      30:-0.538
                      35:-0.807
                      38:-0.188
 
 I=  5/2- (3)  2.989  24: 0.052
                      25:-0.191
                      28: 0.489
                      30: 0.349
                      35:-0.261
                      36: 0.696
                      38: 0.215
 
 I=  5/2- (4)  3.797  25: 0.163
                      30:-0.303
                      36:-0.097
                      38: 0.933
 
 I=  5/2- (5)  4.157  24: 0.059
                      25: 0.093
                      28:-0.780
                      30: 0.442
                      35:-0.362
                      36: 0.161
                      38: 0.165

             ENERGY    K= OMEGA
 
 I=  7/2- (1)  2.263  26:-0.218
                      27: 0.081
                      29: 0.970
 
 I=  7/2- (2)  3.036  27:-0.071
                      28: 0.284
                      30:-0.424
                      35: 0.473
                      36:-0.711
 
 I=  7/2- (3)  3.211  32:-0.738
                      33:-0.572
                      34:-0.334
                      37:-0.131
 
 I=  7/2- (4)  3.310  24:-0.070
                      25: 0.282
                      27: 0.054
                      28: 0.495
                      29:-0.066
                      30: 0.503
                      35: 0.553
                      36: 0.246
                      38:-0.205
 
 I=  7/2- (5)  4.148  24:-0.151
                      27: 0.131
                      28:-0.509
                      30: 0.628
                      35: 0.081
                      36:-0.546

             ENERGY    K= OMEGA
 
 I=  9/2- (1)  1.906  24: 0.060
                      26:-0.059
                      27: 0.254
                      29:-0.167
                      31:-0.949
 
 I=  9/2- (2)  3.147  24: 0.080
                      25:-0.074
                      26: 0.289
                      27: 0.133
                      28: 0.080
                      29: 0.905
                      30: 0.167
                      31:-0.130
                      36:-0.124
 
 I=  9/2- (3)  3.408  24:-0.075
                      25: 0.317
                      26: 0.074
                      28:-0.430
                      29: 0.220
                      30:-0.592
                      31:-0.086
                      35: 0.292
                      36: 0.422
                      38:-0.182
 
 I=  9/2- (4)  4.462  32: 0.245
                      33:-0.607
                      34: 0.645
                      37:-0.393
 
 I=  9/2- (5)  4.560  24:-0.095
                      25: 0.190
                      26:-0.055
                      29: 0.067
                      30:-0.406
                      35:-0.715
                      36:-0.435
                      38:-0.280

             ENERGY    K= OMEGA
 
 I= 11/2- (1)  2.379  32:-0.695
                      33:-0.574
                      34:-0.388
                      37:-0.190
 
 I= 11/2- (2)  2.873  24: 0.105
                      26:-0.096
                      27:-0.354
                      29: 0.218
                      31:-0.897
 
 I= 11/2- (3)  4.255  24:-0.109
                      25: 0.051
                      26:-0.344
                      27: 0.171
                      29: 0.880
                      30: 0.148
                      31: 0.161
                      36: 0.111
 
 I= 11/2- (4)  4.914  24:-0.104
                      25: 0.083
                      26: 0.074
                      27: 0.084
                      28:-0.263
                      29:-0.126
                      30: 0.542
                      31:-0.132
                      35:-0.412
                      36: 0.635
 
 I= 11/2- (5)  5.139  24: 0.088
                      25:-0.363
                      28:-0.590
                      29: 0.150
                      30:-0.425
                      31: 0.076
                      35:-0.497
                      36:-0.081
                      38: 0.222

             ENERGY    K= OMEGA
 
 I= 13/2- (1)  4.033  24: 0.150
                      26:-0.123
                      27: 0.425
                      29:-0.241
                      30: 0.073
                      31:-0.845
 
 I= 13/2- (2)  4.617  32: 0.231
                      33:-0.586
                      34: 0.654
                      37:-0.419
 
 I= 13/2- (3)  5.226  24:-0.133
                      25: 0.384
                      26:-0.124
                      27:-0.083
                      28:-0.430
                      29:-0.284
                      30:-0.596
                      31:-0.077
                      35: 0.200
                      36: 0.330
                      38:-0.190
 
 I= 13/2- (4)  5.653  24:-0.078
                      25:-0.132
                      26:-0.367
                      27:-0.171
                      28: 0.184
                      29:-0.820
                      30: 0.146
                      31: 0.222
                      35:-0.160
                      36:-0.075
                      38: 0.064
 
 I= 13/2- (5)  7.246  24:-0.089
                      25: 0.191
                      29: 0.093
                      30:-0.294
                      35:-0.702
                      36:-0.522
                      38:-0.303

             ENERGY     K= 1/2
  32 LEVELS    TIME=  0.0 SEC



 ******************* EXCITATION ENERGIES, DOMINANT CONFIGURATION AND EXPECTATION VALUES (WITH S.P. UU+VV FACTORS) *******************

  NR  Eex(keV)  I   Kdom  NY    <Jz>  <Jx**2> <Jy**2> <Jz**2> <I.j>/|I|  <Rx**2> <Ry**2> <Rz**2> <R.j>/|R|  <HROTx> <HROTy> <HROTz>

   1    0.0   9/2-   9/2  31    3.74    2.66    2.66   19.40    4.45       2.60    2.60    0.00   -1.13      0.317   0.317   0.000
   2  328.4   3/2-  -3/2  35   -1.23    1.96    1.96    1.98    1.50       1.92    1.92    0.00   -1.53      0.234   0.234   0.000
   3  357.2   7/2-  -7/2  29   -3.19    2.28    2.28   11.92    3.40       2.61    2.61   -0.00   -1.31      0.319   0.319  -0.000
   4  466.2   5/2-   5/2  36    0.69    3.06    3.06    3.88    2.49       2.02    2.02    0.00   -1.32      0.246   0.246   0.000
   5  472.6  11/2-   1/2  32   -0.00   25.70   25.70    2.25    6.62       5.10    5.10    0.00   -4.40      0.622   0.622   0.000
  
   6  744.1   3/2-  -3/2  30   -1.32    4.57    4.57    2.07    1.46       4.65    4.65    0.00   -2.75      0.566   0.566   0.000
   7  887.9   1/2-   1/2  28    0.50    4.50    4.50    0.25    0.47       4.59    4.59    0.00   -2.92      0.560   0.560   0.000
   8  950.4   5/2-  -3/2  35   -1.37    2.21    2.21    2.17    1.08       4.49    4.49    0.00   -1.14      0.547   0.547   0.000
   9  967.2  11/2-   9/2  31    3.06    3.05    3.05   18.55    4.07       5.87    5.87   -0.00   -0.09      0.716   0.716  -0.000
  10 1063.6   1/2-   1/2  38    0.50    1.48    1.48    0.25    0.62       1.44    1.44    0.00   -1.57      0.175   0.175   0.000
  
  11 1082.5   5/2-   5/2  36    1.09    3.17    3.17    3.56    1.72       4.23    4.23    0.00   -1.65      0.516   0.516   0.000
  12 1129.9   7/2-   5/2  36    0.68    2.71    2.71    4.19    1.96       4.88    4.88   -0.00   -0.58      0.595   0.595  -0.000
  13 1240.6   9/2-  -7/2  29   -2.62    2.48    2.48   11.31    2.97       5.72    5.72   -0.00   -0.44      0.698   0.698  -0.000
  14 1304.9   7/2-   1/2  32    0.00   25.73   25.73    1.78    6.49       8.73    8.73   -0.00   -6.57      1.064   1.064  -0.000
  15 1403.3   7/2-  -3/2  35   -0.51    3.04    3.04    1.86    1.55       5.70    5.70    0.00   -0.53      0.695   0.695   0.000
  
  16 1501.9   9/2-  -3/2  30   -0.16    4.27    4.27    3.00    2.46       5.92    5.92    0.00    0.20      0.722   0.722   0.000
  17 1890.9   5/2-   1/2  38    0.34    1.70    1.70    0.50    0.45       4.99    4.99    0.00   -0.81      0.608   0.608   0.000
  18 2127.1  13/2-   9/2  31    2.47    3.44    3.44   17.63    3.83       9.90    9.90   -0.00    0.50      1.208   1.208  -0.000
  19 2241.5   7/2-  -3/2  30    0.27    3.61    3.61    3.19    0.86       9.66    9.66    0.00   -1.59      1.178   1.178   0.000
  20 2250.5   5/2-   1/2  28   -0.09    4.16    4.16    1.08   -0.35      10.11   10.11    0.00   -2.32      1.233   1.233   0.000
  
  21 2348.8  11/2-  -7/2  29   -2.37    2.54    2.54   11.32    2.71       9.88    9.88   -0.00   -0.05      1.204   1.204  -0.000
  22 2555.9   9/2-   5/2  34   -0.02   25.58   25.58    5.34    5.70      12.26   12.26    0.00   -5.68      1.494   1.494   0.000
  23 2653.7   9/2-  -3/2  35   -0.47    2.15    2.15    2.88    1.06      10.69   10.69    0.00   -0.41      1.303   1.303   0.000
  24 2710.6  13/2-   5/2  34   -0.04   25.53   25.53    5.61    5.73      12.72   12.72    0.00   -3.31      1.551   1.551   0.000
  25 3007.4  11/2-   5/2  36    0.39    3.25    3.25    4.32    1.78      12.65   12.65    0.00   -0.04      1.542   1.542   0.000
  
  26 3232.9  11/2-   1/2  28   -0.40    3.34    3.34    1.59    1.56      12.71   12.71    0.00    0.21      1.549   1.549   0.000
  27 3320.0  13/2-  -3/2  30   -0.33    4.56    4.56    3.07    2.54      12.75   12.75    0.00    1.09      1.555   1.555   0.000
  28 3659.4   1/2-   1/2  25    0.50    6.09    6.09    0.25    0.69       5.99    5.99   -0.00   -3.42      0.731   0.731  -0.000
  29 3747.2  13/2-  -7/2  29   -1.91    2.80    2.80   10.63    2.45      15.40   15.40    0.00    0.16      1.877   1.877   0.000
  30 5339.7  13/2-  -3/2  35   -0.13    1.99    1.99    3.22    0.93      21.50   21.50    0.00   -0.11      2.622   2.622   0.000
  
  31 6237.8   1/2-   1/2  32    0.50   25.54   25.54    0.25   -3.77      29.30   29.30    0.00   -7.13      3.572   3.572   0.000
  32*******   1/2-  -3/2  33    0.00    0.00    0.00    0.00   -0.00       0.00    0.00    0.00   -0.00      0.000   0.000   0.000
