1SPECTRUM OF (Z= 82 A=207) IN PARTICLE-ROTOR  MODEL WITH MODIFIED OSCILLATOR POTENTIAL


 PARITY=-   EPS= 0.382   GAMMA=  0.0   EPS4=0.000   EPS6=0.000   LEVELS:  24  25  26  27  28  29  30  31  32  33  34  35  36  37  38

 PAIRING FACTORS: GN0= 19.20  GN1=  7.40  IPAIR= 15 ***  E2PLUS(INPUT)=   0.730  E2PLUR(INPUT)=   0.000

 CORIOLIS ATTENUATION PARAMETERS:  CHSI=1.000  ETA=  1.00

 MOMENT OF INERTIA PARAMETERS:   A1=  0.122 MEV   A2=  0.122 MEV   A3=121.91924 MEV


 DELTA=0.860 MEV  LAMBDA=53.4543 MEV   HW0= 7.5460 MEV   LAMBDA/HW0= 7.0838

 E2ENERGY=0.730 MEV  HBAR**2/B=27057./A**(7/3)=4573.9/A**2 MEV

 IREC=0  =>  RECOIL TERMS j+j-, j+j+, jzjz, ETC TREATED AS ONE-BODY OPERATORS WITH UU+VV PAIRING FACTORS



 S. P. LEVEL   EQP       U     V        (UU + VV)**1.00

     24       4.290    0.101 0.995      1.000 1.000 0.999 0.999 0.996 0.990 0.937 0.905 0.800 0.615 0.438 0.385 0.316 0.236 0.225
     25       3.968    0.109 0.994      1.000 1.000 0.999 0.999 0.997 0.991 0.940 0.909 0.805 0.621 0.446 0.392 0.324 0.244 0.233
     26       2.845    0.153 0.988      0.999 0.999 1.000 1.000 0.999 0.996 0.954 0.927 0.830 0.655 0.485 0.433 0.365 0.287 0.276
     27       2.815    0.155 0.988      0.999 0.999 1.000 1.000 0.999 0.996 0.954 0.927 0.831 0.657 0.486 0.434 0.367 0.288 0.277
     28       2.285    0.192 0.981      0.996 0.997 0.999 0.999 1.000 0.999 0.965 0.941 0.852 0.685 0.519 0.468 0.402 0.324 0.313
     29       1.836    0.241 0.970      0.990 0.991 0.996 0.996 0.999 1.000 0.977 0.957 0.877 0.721 0.562 0.512 0.448 0.372 0.361
     30       1.084    0.443 0.897      0.937 0.940 0.954 0.954 0.965 0.977 1.000 0.997 0.959 0.852 0.725 0.683 0.628 0.561 0.551
     31       0.976    0.513 0.858      0.905 0.909 0.927 0.927 0.941 0.957 0.997 1.000 0.979 0.891 0.778 0.740 0.689 0.626 0.617
     32       0.863    0.678 0.735      0.800 0.805 0.830 0.831 0.852 0.877 0.959 0.979 1.000 0.965 0.890 0.862 0.822 0.772 0.764
     33       0.955    0.847 0.532      0.615 0.621 0.655 0.657 0.685 0.721 0.852 0.891 0.965 1.000 0.978 0.965 0.943 0.912 0.907
     34       1.326    0.938 0.345      0.438 0.446 0.485 0.486 0.519 0.562 0.725 0.778 0.890 0.978 1.000 0.998 0.991 0.977 0.974
     35       1.551    0.957 0.290      0.385 0.392 0.433 0.434 0.468 0.512 0.683 0.740 0.862 0.965 0.998 1.000 0.997 0.988 0.986
     36       2.016    0.976 0.219      0.316 0.324 0.365 0.367 0.402 0.448 0.628 0.689 0.822 0.943 0.991 0.997 1.000 0.997 0.996
     37       3.170    0.991 0.137      0.236 0.244 0.287 0.288 0.324 0.372 0.561 0.626 0.772 0.912 0.977 0.988 0.997 1.000 1.000
     38       3.458    0.992 0.125      0.225 0.233 0.276 0.277 0.313 0.361 0.551 0.617 0.764 0.907 0.974 0.986 0.996 1.000 1.000

  R CORE   ENERGY   A0R/A00=1.000    R3= 0     2  
   2( 1)    0.732                    1.000 0.000
   2( 2)  487.921                    0.000 1.000

  R CORE   ENERGY   A0R/A00=1.000    R3= 0     2  
   3( 1)  488.652                    0.000 1.000

  R CORE   ENERGY   A0R/A00=1.000    R3= 0     2     4  
   4( 1)    2.438                    1.000 0.000 0.000

  R CORE   ENERGY   A0R/A00=1.000    R3= 0     2     4  
   5( 1)  490.847                    0.000 1.000 0.000

  R CORE   ENERGY   A0R/A00=1.000    R3= 0     2     4     6  
   6( 1)    5.121                    1.000 0.000 0.000 0.000

  R CORE   ENERGY   A0R/A00=1.000    R3= 0     2     4     6  
   7( 1)  494.017                    0.000 1.000 0.000 0.000

          AXIAL SYMMETRY => K RESTRICTED TO OMEGA

                     K
     S.P. ORB#: 24  0.50
     S.P. ORB#: 25 -5.50
     S.P. ORB#: 26  2.50
     S.P. ORB#: 27  0.50
     S.P. ORB#: 28 -3.50
     S.P. ORB#: 29 -1.50
     S.P. ORB#: 30  0.50
     S.P. ORB#: 31 -1.50
     S.P. ORB#: 32  2.50
     S.P. ORB#: 33 -3.50
     S.P. ORB#: 34  4.50
     S.P. ORB#: 35  0.50
     S.P. ORB#: 36 -3.50
     S.P. ORB#: 37 -1.50
     S.P. ORB#: 38  2.50
 

             ENERGY    K= OMEGA
 
 I=  1/2- (1)  2.373  30: 0.999
 
 I=  1/2- (2)  4.915  27:-0.255
                      35: 0.967
 
 I=  1/2- (3)  5.953  24: 0.999
 
 I=  1/2- (4)  9.135  27:-0.967
                      35:-0.255
 
 I=  1/2- (5)147.279  31:-1.000

             ENERGY    K= OMEGA
 
 I=  3/2- (1)  2.268  24: 0.066
                      30:-0.307
                      31: 0.949
 
 I=  3/2- (2)  2.463  24:-0.198
                      30:-0.916
                      31:-0.282
                      37:-0.203

             ENERGY    K= OMEGA
 
 I=  5/2- (1)  2.451  24:-0.254
                      30: 0.466
                      31: 0.820
                      37:-0.083
                      38:-0.195
 
 I=  5/2- (2)  3.351  24:-0.060
                      26:-0.060
                      30: 0.795
                      31:-0.471
                      37:-0.348
                      38: 0.136
 
 I=  5/2- (3)  4.149  24:-0.091
                      26: 0.131
                      30: 0.153
                      31: 0.128
                      37: 0.494
                      38: 0.831
 
 I=  5/2- (4)  4.612  26: 0.869
                      30: 0.157
                      31:-0.163
                      37: 0.302
                      38:-0.319
 
 I=  5/2- (5)  4.748  26: 0.472
                      30:-0.257
                      31: 0.157
                      37:-0.732
                      38: 0.387

             ENERGY    K= OMEGA
 
 I=  7/2- (1)  1.825  26:-0.159
                      33: 0.986
 
 I=  7/2- (2)  3.292  24: 0.136
                      30:-0.289
                      31: 0.884
                      37:-0.094
                      38: 0.324
 
 I=  7/2- (3)  3.452  24:-0.303
                      30:-0.868
                      31:-0.253
                      37:-0.296
 
 I=  7/2- (4)  4.017  27: 0.624
                      29: 0.588
                      32: 0.471
                      36: 0.208
 
 I=  7/2- (5)  4.173  26:-0.194
                      28:-0.974
                      38:-0.098

             ENERGY    K= OMEGA
 
 I=  9/2- (1)  2.252  26:-0.087
                      28: 0.163
                      33:-0.350
                      34:-0.918
 
 I=  9/2- (2)  2.880  26: 0.213
                      28: 0.099
                      31: 0.067
                      33: 0.903
                      34:-0.348
                      38:-0.058
 
 I=  9/2- (3)  3.554  24:-0.367
                      30: 0.503
                      31: 0.723
                      33:-0.087
                      37:-0.146
                      38:-0.246
 
 I=  9/2- (4)  4.732  27:-0.208
                      29: 0.551
                      32:-0.690
                      36: 0.421
 
 I=  9/2- (5)  5.232  24:-0.052
                      26:-0.122
                      28: 0.092
                      30: 0.685
                      31:-0.507
                      33: 0.057
                      37:-0.439
                      38: 0.226

             ENERGY    K= OMEGA
 
 I= 11/2- (1)  3.388  26:-0.138
                      28:-0.221
                      33: 0.439
                      34:-0.859
 
 I= 11/2- (2)  3.435  27:-0.620
                      29:-0.586
                      32:-0.462
                      35:-0.078
                      36:-0.230
 
 I= 11/2- (3)  4.162  26:-0.249
                      28: 0.147
                      31: 0.085
                      33: 0.844
                      34: 0.436
                      38: 0.077
 
 I= 11/2- (4)  5.221  24:-0.282
                      31:-0.868
                      33: 0.118
                      38:-0.385
 
 I= 11/2- (5)  5.312  25:-0.998

             ENERGY    K= OMEGA
 
 I= 13/2- (1)  4.752  26: 0.180
                      28:-0.259
                      33: 0.488
                      34: 0.811
 
 I= 13/2- (2)  5.264  27: 0.214
                      29:-0.559
                      32: 0.678
                      36:-0.426
 
 I= 13/2- (3)  5.477  24:-0.395
                      26: 0.122
                      28: 0.098
                      30: 0.453
                      31: 0.625
                      33: 0.297
                      34:-0.225
                      37:-0.142
                      38:-0.255
 
 I= 13/2- (4)  5.728  24:-0.187
                      26:-0.245
                      28:-0.160
                      30: 0.234
                      31: 0.256
                      33:-0.749
                      34: 0.432
                      37:-0.091
 
 I= 13/2- (5)  6.898  25:-0.998

             ENERGY     K= 5/2
  32 LEVELS    TIME=  0.0 SEC



 ******************* EXCITATION ENERGIES, DOMINANT CONFIGURATION AND EXPECTATION VALUES (WITH S.P. UU+VV FACTORS) *******************

  NR  Eex(keV)  I   Kdom  NY    <Jz>  <Jx**2> <Jy**2> <Jz**2> <I.j>/|I|  <Rx**2> <Ry**2> <Rz**2> <R.j>/|R|  <HROTx> <HROTy> <HROTz>

   1    0.0   7/2-  -7/2  33   -3.34    2.31    2.31   12.09    3.24       3.35    3.35    0.00   -1.48      0.409   0.409   0.000
   2  427.8   9/2-   9/2  34    3.29    2.50    2.50   18.95    4.12       3.83    3.83    0.00   -1.24      0.467   0.467   0.000
   3  443.1   3/2-  -3/2  31   -1.30    4.95    4.95    2.05    1.37       5.20    5.20    0.00   -2.88      0.634   0.634   0.000
   4  548.5   1/2-   1/2  30    0.50    4.97    4.97    0.25    0.24       5.26    5.26    0.00   -3.08      0.641   0.641   0.000
   5  626.1   5/2-  -3/2  31   -0.78    5.09    5.09    1.84    1.95       4.62    4.62    0.00   -2.06      0.563   0.563   0.000
  
   6  637.9   3/2-   1/2  30    0.26    4.63    4.63    0.49    1.00       4.82    4.82    0.00   -2.52      0.588   0.588   0.000
   7 1055.7   9/2-  -7/2  33   -2.23    2.38    2.38   12.87    2.80       7.27    7.27    0.00   -0.97      0.886   0.886   0.000
   8 1467.5   7/2-  -3/2  31   -0.87    4.71    4.71    2.49    1.46       8.05    8.05    0.00   -1.53      0.982   0.982   0.000
   9 1526.3   5/2-   1/2  30   -0.14    4.42    4.42    1.07    0.41       8.10    8.10    0.00   -2.16      0.988   0.988   0.000
  10 1563.1  11/2-   9/2  34    2.52    2.67    2.67   18.05    3.54       8.43    8.43    0.00   -0.55      1.028   1.028   0.000
  
  11 1610.3  11/2-   1/2  27    0.03   23.23   23.23    2.85    6.14       5.84    5.84    0.00   -3.69      0.712   0.712   0.000
  12 1627.5   7/2-   1/2  30    0.20    4.49    4.49    0.57    1.23       7.76    7.76    0.00   -1.18      0.946   0.946   0.000
  13 1729.6   9/2-  -3/2  31   -0.50    5.20    5.20    1.80    2.14       7.83    7.83    0.00   -0.39      0.954   0.954   0.000
  14 2192.4   7/2-   1/2  27    0.08   22.96   22.96    2.79    6.05       8.24    8.24    0.00   -6.09      1.004   1.004   0.000
  15 2324.7   5/2-   5/2  38    1.40    2.03    2.03    5.02    1.82       3.53    3.53   -0.00   -1.39      0.431   0.431  -0.000
  
  16 2337.6  11/2-  -7/2  33   -1.56    2.47    2.47   13.29    2.48      12.19   12.19    0.00   -0.69      1.486   1.486   0.000
  17 2348.5   7/2-  -7/2  28   -3.21    6.18    6.18   11.92    3.12       7.62    7.62    0.00   -3.04      0.929   0.929   0.001
  18 2787.4   5/2-   5/2  26    1.98    5.23    5.23    5.63    1.75       7.25    7.25    0.00   -2.87      0.884   0.884   0.000
  19 2907.5   9/2-   5/2  32    0.14   23.81   23.81    5.84    5.15      13.47   13.47    0.00   -5.36      1.643   1.643   0.000
  20 2923.1   5/2-  -3/2  37    0.12    3.14    3.14    3.61    0.66       7.37    7.37    0.00   -2.07      0.898   0.898   0.000
  
  21 2927.7  13/2-   9/2  34    1.97    2.82    2.82   17.32    3.14      13.93   13.93    0.00   -0.20      1.698   1.698   0.000
  22 3090.7   1/2-   1/2  35    0.50   12.16   12.16    0.25   -0.92      13.46   13.46    0.00   -4.89      1.641   1.641   0.000
  23 3396.0  11/2-  -3/2  31   -0.77    4.61    4.61    2.87    1.53      14.78   14.78    0.00   -0.54      1.802   1.802   0.000
  24 3407.8   9/2-   1/2  30   -0.31    4.05    4.05    1.69    0.50      14.80   14.80    0.00   -1.34      1.804   1.804   0.000
  25 3439.7  13/2-   5/2  32    0.07   23.80   23.80    5.81    5.09      15.58   15.58    0.00   -3.21      1.899   1.899   0.000
  
  26 3486.9  11/2- -11/2  25   -5.47    2.75    2.75   30.16    5.04       5.55    5.55    0.00   -1.65      0.676   0.676   0.000
  27 3652.0  13/2-  -3/2  31   -0.35    4.86    4.86    3.74    2.28      15.17   15.17    0.00    0.45      1.850   1.850   0.000
  28 3903.3  13/2-  -7/2  33   -1.13    3.01    3.01   11.57    2.16      18.06   18.06    0.00   -0.41      2.202   2.202   0.000
  29 4128.1   1/2-   1/2  24    0.50    6.91    6.91    0.25    0.64       6.85    6.85   -0.00   -3.65      0.835   0.835  -0.000
  30 5073.7  13/2- -11/2  25   -5.48    2.75    2.75   30.20    4.32      12.05   12.05    0.00   -1.13      1.469   1.469   0.000
  
  31 7310.8   1/2-   1/2  27    0.50   22.79   22.79    0.25   -3.43      26.26   26.26    0.00   -6.73      3.201   3.201   0.000
  32*******   1/2-  -3/2  31    0.00    0.00    0.00    0.00   -0.00       0.00    0.00    0.00   -0.00      0.000   0.000   0.000
