1SPECTRUM OF (Z= 82 A=207) IN PARTICLE-ROTOR  MODEL WITH MODIFIED OSCILLATOR POTENTIAL


 PARITY=-   EPS= 0.352   GAMMA=  0.0   EPS4=0.000   EPS6=0.000   LEVELS:  24  25  26  27  28  29  30  31  32  33  34  35  36  37  38

 PAIRING FACTORS: GN0= 19.20  GN1=  7.40  IPAIR= 15 ***  E2PLUS(INPUT)=   0.730  E2PLUR(INPUT)=   0.000

 CORIOLIS ATTENUATION PARAMETERS:  CHSI=1.000  ETA=  1.00

 MOMENT OF INERTIA PARAMETERS:   A1=  0.122 MEV   A2=  0.122 MEV   A3=121.91922 MEV


 DELTA=0.895 MEV  LAMBDA=53.3815 MEV   HW0= 7.5243 MEV   LAMBDA/HW0= 7.0946

 E2ENERGY=0.730 MEV  HBAR**2/B=22974./A**(7/3)=3883.7/A**2 MEV

 IREC=0  =>  RECOIL TERMS j+j-, j+j+, jzjz, ETC TREATED AS ONE-BODY OPERATORS WITH UU+VV PAIRING FACTORS



 S. P. LEVEL   EQP       U     V        (UU + VV)**1.00

     24       4.424    0.102 0.995      1.000 1.000 0.999 0.997 0.993 0.968 0.954 0.932 0.787 0.652 0.571 0.309 0.305 0.264 0.248
     25       4.235    0.106 0.994      1.000 1.000 0.999 0.997 0.994 0.969 0.955 0.934 0.790 0.655 0.575 0.313 0.309 0.268 0.253
     26       3.049    0.148 0.989      0.999 0.999 1.000 0.999 0.998 0.979 0.967 0.948 0.815 0.687 0.609 0.353 0.349 0.309 0.294
     27       2.490    0.183 0.983      0.997 0.997 0.999 1.000 0.999 0.985 0.975 0.959 0.835 0.712 0.636 0.386 0.382 0.342 0.327
     28       2.135    0.215 0.977      0.993 0.994 0.998 0.999 1.000 0.990 0.982 0.967 0.853 0.734 0.661 0.415 0.411 0.372 0.357
     29       1.370    0.348 0.937      0.968 0.969 0.979 0.985 0.990 1.000 0.999 0.993 0.917 0.821 0.759 0.538 0.534 0.498 0.484
     30       1.230    0.396 0.918      0.954 0.955 0.967 0.975 0.982 0.999 1.000 0.998 0.936 0.850 0.791 0.581 0.577 0.542 0.528
     31       1.104    0.455 0.891      0.932 0.934 0.948 0.959 0.967 0.993 0.998 1.000 0.957 0.882 0.829 0.632 0.629 0.595 0.582
     32       0.895    0.693 0.721      0.787 0.790 0.815 0.835 0.853 0.917 0.936 0.957 1.000 0.981 0.956 0.830 0.827 0.802 0.793
     33       0.954    0.821 0.571      0.652 0.655 0.687 0.712 0.734 0.821 0.850 0.882 0.981 1.000 0.995 0.923 0.921 0.903 0.897
     34       1.056    0.875 0.484      0.571 0.575 0.609 0.636 0.661 0.759 0.791 0.829 0.956 0.995 1.000 0.957 0.956 0.943 0.937
     35       2.173    0.978 0.211      0.309 0.313 0.353 0.386 0.415 0.538 0.581 0.632 0.830 0.923 0.957 1.000 1.000 0.999 0.998
     36       2.217    0.979 0.206      0.305 0.309 0.349 0.382 0.411 0.534 0.577 0.629 0.827 0.921 0.956 1.000 1.000 0.999 0.998
     37       2.759    0.986 0.164      0.264 0.268 0.309 0.342 0.372 0.498 0.542 0.595 0.802 0.903 0.943 0.999 0.999 1.000 1.000
     38       3.041    0.989 0.149      0.248 0.253 0.294 0.327 0.357 0.484 0.528 0.582 0.793 0.897 0.937 0.998 0.998 1.000 1.000

  R CORE   ENERGY   A0R/A00=1.000    R3= 0     2  
   2( 1)    0.732                    1.000 0.000
   2( 2)  487.921                    0.000 1.000

  R CORE   ENERGY   A0R/A00=1.000    R3= 0     2  
   3( 1)  488.652                    0.000 1.000

  R CORE   ENERGY   A0R/A00=1.000    R3= 0     2     4  
   4( 1)    2.438                    1.000 0.000 0.000

  R CORE   ENERGY   A0R/A00=1.000    R3= 0     2     4  
   5( 1)  490.847                    0.000 1.000 0.000

  R CORE   ENERGY   A0R/A00=1.000    R3= 0     2     4     6  
   6( 1)    5.121                    1.000 0.000 0.000 0.000

  R CORE   ENERGY   A0R/A00=1.000    R3= 0     2     4     6  
   7( 1)  494.017                    0.000 1.000 0.000 0.000

          AXIAL SYMMETRY => K RESTRICTED TO OMEGA

                     K
     S.P. ORB#: 24 -5.50
     S.P. ORB#: 25  0.50
     S.P. ORB#: 26  2.50
     S.P. ORB#: 27 -3.50
     S.P. ORB#: 28  0.50
     S.P. ORB#: 29 -1.50
     S.P. ORB#: 30  0.50
     S.P. ORB#: 31 -1.50
     S.P. ORB#: 32 -3.50
     S.P. ORB#: 33  2.50
     S.P. ORB#: 34  4.50
     S.P. ORB#: 35  0.50
     S.P. ORB#: 36 -3.50
     S.P. ORB#: 37 -1.50
     S.P. ORB#: 38  2.50
 

             ENERGY    K= OMEGA
 
 I=  1/2- (1)  2.488  30: 0.999
 
 I=  1/2- (2)  5.554  28:-0.317
                      35: 0.948
 
 I=  1/2- (3)  5.844  25: 0.999
 
 I=  1/2- (4)  8.823  28:-0.948
                      35:-0.317
 
 I=  1/2- (5)147.407  31: 1.000

             ENERGY    K= OMEGA
 
 I=  3/2- (1)  2.365  25: 0.081
                      30:-0.255
                      31: 0.963
 
 I=  3/2- (2)  2.542  25:-0.203
                      30:-0.906
                      31:-0.214
                      37:-0.303

             ENERGY    K= OMEGA
 
 I=  5/2- (1)  2.506  25:-0.262
                      30: 0.460
                      31: 0.802
                      37:-0.112
                      38:-0.252
 
 I=  5/2- (2)  3.371  26:-0.062
                      30: 0.713
                      31:-0.448
                      37:-0.514
                      38: 0.144
 
 I=  5/2- (3)  3.748  25:-0.112
                      26: 0.053
                      30: 0.231
                      31: 0.156
                      37: 0.427
                      38: 0.851
 
 I=  5/2- (4)  4.384  26: 0.112
                      30: 0.431
                      31:-0.297
                      37: 0.723
                      38:-0.436
 
 I=  5/2- (5)  4.842  26: 0.990
                      37:-0.134

             ENERGY    K= OMEGA
 
 I=  7/2- (1)  1.721  26:-0.181
                      32: 0.982
 
 I=  7/2- (2)  3.333  25:-0.142
                      30: 0.259
                      31:-0.852
                      37: 0.129
                      38:-0.409
 
 I=  7/2- (3)  3.500  25: 0.310
                      30: 0.836
                      31: 0.250
                      37: 0.376
 
 I=  7/2- (4)  3.713  28: 0.686
                      29: 0.585
                      33: 0.396
                      36: 0.174
 
 I=  7/2- (5)  4.344  26:-0.208
                      27:-0.931
                      30:-0.105
                      31: 0.120
                      37: 0.116
                      38:-0.226

             ENERGY    K= OMEGA
 
 I=  9/2- (1)  1.968  26:-0.080
                      27: 0.176
                      32:-0.283
                      34:-0.939
 
 I=  9/2- (2)  2.715  26: 0.247
                      27: 0.093
                      31: 0.050
                      32: 0.920
                      34:-0.282
 
 I=  9/2- (3)  3.570  25:-0.374
                      30: 0.497
                      31: 0.707
                      32:-0.064
                      37:-0.173
                      38:-0.281
 
 I=  9/2- (4)  4.661  28: 0.218
                      29:-0.555
                      33: 0.675
                      36:-0.434
 
 I=  9/2- (5)  5.219  26:-0.098
                      30: 0.609
                      31:-0.487
                      32: 0.057
                      37:-0.572
                      38: 0.225

             ENERGY    K= OMEGA
 
 I= 11/2- (1)  3.078  26:-0.134
                      27:-0.239
                      32: 0.380
                      34:-0.883
 
 I= 11/2- (2)  3.093  28:-0.662
                      29:-0.580
                      33:-0.418
                      35:-0.060
                      36:-0.217
 
 I= 11/2- (3)  3.940  26:-0.288
                      27: 0.137
                      31: 0.064
                      32: 0.864
                      34: 0.379
                      38: 0.065
 
 I= 11/2- (4)  5.239  25: 0.261
                      30:-0.054
                      31: 0.838
                      32:-0.090
                      37:-0.101
                      38: 0.455
 
 I= 11/2- (5)  5.358  25:-0.323
                      30:-0.839
                      31:-0.058
                      37:-0.419
                      38: 0.102

             ENERGY    K= OMEGA
 
 I= 13/2- (1)  4.411  26: 0.181
                      27:-0.279
                      32: 0.439
                      34: 0.833
 
 I= 13/2- (2)  5.120  28: 0.216
                      29:-0.549
                      33: 0.671
                      36:-0.449
 
 I= 13/2- (3)  5.360  25: 0.210
                      26:-0.279
                      27:-0.163
                      30:-0.225
                      31:-0.340
                      32:-0.706
                      34: 0.389
                      37: 0.063
                      38: 0.176
 
 I= 13/2- (4)  5.558  25: 0.392
                      26: 0.146
                      27: 0.069
                      30:-0.453
                      31:-0.569
                      32: 0.415
                      34:-0.208
                      37: 0.176
                      38: 0.212
 
 I= 13/2- (5)  7.354  24: 0.999

             ENERGY     K= 5/2
  32 LEVELS    TIME=  0.0 SEC



 ******************* EXCITATION ENERGIES, DOMINANT CONFIGURATION AND EXPECTATION VALUES (WITH S.P. UU+VV FACTORS) *******************

  NR  Eex(keV)  I   Kdom  NY    <Jz>  <Jx**2> <Jy**2> <Jz**2> <I.j>/|I|  <Rx**2> <Ry**2> <Rz**2> <R.j>/|R|  <HROTx> <HROTy> <HROTz>

   1    0.0   7/2-  -7/2  32   -3.30    2.31    2.31   12.04    3.31       3.08    3.08   -0.00   -1.42      0.375   0.375  -0.000
   2  246.6   9/2-   9/2  34    3.60    2.52    2.52   19.27    4.21       3.56    3.56    0.00   -1.25      0.434   0.434   0.000
   3  644.0   3/2-  -3/2  31   -1.36    4.82    4.82    2.11    1.40       5.05    5.05    0.00   -2.85      0.615   0.615   0.000
   4  767.5   1/2-   1/2  30    0.50    4.86    4.86    0.25    0.26       5.13    5.13    0.00   -3.04      0.626   0.626   0.000
   5  785.5   5/2-  -3/2  31   -0.68    4.93    4.93    1.94    2.07       4.17    4.17    0.00   -1.97      0.508   0.508   0.000
  
   6  821.2   3/2-   1/2  30    0.23    4.33    4.33    0.52    1.11       4.32    4.32    0.00   -2.39      0.527   0.527   0.000
   7  993.8   9/2-  -7/2  32   -2.48    2.40    2.40   12.47    2.86       6.79    6.79    0.00   -0.83      0.828   0.828   0.000
   8 1357.4  11/2-   9/2  34    2.85    2.71    2.71   18.39    3.66       7.90    7.90    0.00   -0.49      0.963   0.963   0.000
   9 1371.8  11/2-   1/2  28   -0.01   23.85   23.85    2.53    6.22       5.81    5.81    0.00   -3.83      0.709   0.709   0.000
  10 1612.5   7/2-  -3/2  31   -0.66    4.42    4.42    2.77    1.58       7.40    7.40    0.00   -1.39      0.902   0.902   0.000
  
  11 1649.8   5/2-   1/2  30   -0.38    3.81    3.81    1.33    0.62       7.02    7.02    0.00   -1.90      0.856   0.856   0.000
  12 1779.2   7/2-   1/2  30    0.09    4.17    4.17    0.67    1.29       7.26    7.26    0.00   -1.02      0.885   0.885   0.000
  13 1849.1   9/2-  -3/2  31   -0.42    5.06    5.06    1.84    2.21       7.36    7.36    0.00   -0.25      0.897   0.897   0.000
  14 1991.7   7/2-   1/2  28    0.01   23.50   23.50    2.23    6.10       8.29    8.29    0.00   -6.15      1.011   1.011   0.000
  15 2026.8   5/2-   5/2  38    1.54    2.08    2.08    5.03    1.80       3.64    3.64    0.00   -1.43      0.443   0.443   0.000
  
  16 2218.9  11/2-  -7/2  32   -1.82    2.48    2.48   12.83    2.56      11.49   11.49    0.00   -0.52      1.401   1.401   0.000
  17 2623.1   7/2-  -7/2  27   -2.83    5.86    5.86   11.27    2.99       7.52    7.52   -0.00   -2.87      0.916   0.916  -0.000
  18 2663.5   5/2-  -3/2  37   -0.32    2.85    2.85    2.69    0.13       8.19    8.19    0.00   -1.98      0.998   0.998   0.000
  19 2689.6  13/2-   9/2  34    2.25    2.89    2.89   17.62    3.28      13.14   13.14    0.00   -0.09      1.602   1.602   0.000
  20 2940.1   9/2-   5/2  33    0.04   24.26   24.26    5.86    5.25      13.47   13.47    0.00   -5.45      1.642   1.642   0.000
  
  21 3121.1   5/2-   5/2  26    2.42    5.96    5.96    6.17    2.04       7.38    7.38    0.00   -3.14      0.900   0.900   0.000
  22 3398.9  13/2-   5/2  33   -0.01   24.25   24.25    5.97    5.20      15.30   15.30   -0.00   -3.28      1.865   1.865  -0.000
  23 3497.9   9/2-   1/2  30   -0.53    3.47    3.47    1.79    0.56      13.98   13.98    0.00   -1.13      1.704   1.704   0.000
  24 3517.7  11/2-  -3/2  31   -0.54    4.35    4.35    3.05    1.57      14.37   14.37    0.00   -0.44      1.752   1.752   0.000
  25 3637.4  11/2-   1/2  30    0.16    4.09    4.09    0.69    1.31      14.46   14.46    0.00   -0.19      1.762   1.762   0.000
  
  26 3639.2  13/2-  -7/2  32   -1.02    3.18    3.18   10.48    2.37      16.27   16.27    0.00   -0.05      1.983   1.983   0.000
  27 3833.3   1/2-   1/2  35    0.50   12.29   12.29    0.25   -1.26      13.88   13.88    0.00   -4.92      1.692   1.692   0.000
  28 3836.6  13/2-  -3/2  31   -0.62    4.61    4.61    4.35    2.23      15.58   15.58    0.00    0.36      1.899   1.899   0.000
  29 4122.5   1/2-   1/2  25    0.50    6.69    6.69    0.25    0.66       6.62    6.62    0.00   -3.59      0.807   0.807   0.000
  30 5633.1  13/2- -11/2  24   -5.49    2.76    2.76   30.21    4.32      12.04   12.04    0.00   -1.13      1.468   1.468   0.000
  
  31 7101.8   1/2-   1/2  28    0.50   23.87   23.87    0.25   -3.51      27.41   27.41    0.00   -6.89      3.342   3.342   0.000
  32*******   1/2-  -3/2  31    0.00    0.00    0.00    0.00   -0.00       0.00    0.00    0.00   -0.00      0.000   0.000   0.000
