1SPECTRUM OF (Z= 82 A=207) IN PARTICLE-ROTOR  MODEL WITH MODIFIED OSCILLATOR POTENTIAL


 PARITY=-   EPS= 0.466   GAMMA=  0.0   EPS4=0.000   EPS6=0.000   LEVELS:  25  26  27  28  29  30  31  32  33  34  35  36  37  38  39

 PAIRING FACTORS: GN0= 19.20  GN1=  7.40  IPAIR= 15 ***  E2PLUS(INPUT)=   0.730  E2PLUR(INPUT)=   0.000

 CORIOLIS ATTENUATION PARAMETERS:  CHSI=1.000  ETA=  1.00

 MOMENT OF INERTIA PARAMETERS:   A1=  0.122 MEV   A2=  0.122 MEV   A3=121.91924 MEV


 DELTA=0.848 MEV  LAMBDA=53.4602 MEV   HW0= 7.6194 MEV   LAMBDA/HW0= 7.0163

 E2ENERGY=0.730 MEV  HBAR**2/B=40265./A**(7/3)=6806.7/A**2 MEV

 IREC=0  =>  RECOIL TERMS j+j-, j+j+, jzjz, ETC TREATED AS ONE-BODY OPERATORS WITH UU+VV PAIRING FACTORS



 S. P. LEVEL   EQP       U     V        (UU + VV)**1.00

     25       4.164    0.102 0.995      1.000 0.999 0.997 0.994 0.981 0.967 0.904 0.712 0.633 0.352 0.301 0.293 0.259 0.254 0.199
     26       3.192    0.134 0.991      0.999 1.000 0.999 0.997 0.987 0.975 0.917 0.734 0.657 0.381 0.331 0.323 0.290 0.285 0.231
     27       2.441    0.176 0.984      0.997 0.999 1.000 0.999 0.993 0.984 0.934 0.762 0.689 0.421 0.371 0.364 0.330 0.326 0.272
     28       2.031    0.214 0.977      0.994 0.997 0.999 1.000 0.997 0.990 0.946 0.786 0.716 0.455 0.406 0.399 0.366 0.362 0.309
     29       1.509    0.294 0.956      0.981 0.987 0.993 0.997 1.000 0.998 0.970 0.835 0.772 0.527 0.481 0.473 0.442 0.438 0.386
     30       1.288    0.352 0.936      0.967 0.975 0.984 0.990 0.998 1.000 0.983 0.867 0.809 0.578 0.533 0.526 0.496 0.492 0.442
     31       0.958    0.518 0.856      0.904 0.917 0.934 0.946 0.970 0.983 1.000 0.944 0.903 0.718 0.679 0.673 0.647 0.643 0.599
     32       0.864    0.772 0.636      0.712 0.734 0.762 0.786 0.835 0.867 0.944 1.000 0.994 0.908 0.884 0.880 0.863 0.860 0.830
     33       0.923    0.835 0.550      0.633 0.657 0.689 0.716 0.772 0.809 0.903 0.994 1.000 0.947 0.929 0.926 0.912 0.910 0.885
     34       1.727    0.967 0.254      0.352 0.381 0.421 0.455 0.527 0.578 0.718 0.908 0.947 1.000 0.999 0.998 0.995 0.995 0.987
     35       2.149    0.979 0.201      0.301 0.331 0.371 0.406 0.481 0.533 0.679 0.884 0.929 0.999 1.000 1.000 0.999 0.999 0.995
     36       2.235    0.981 0.193      0.293 0.323 0.364 0.399 0.473 0.526 0.673 0.880 0.926 0.998 1.000 1.000 0.999 0.999 0.995
     37       2.707    0.987 0.159      0.259 0.290 0.330 0.366 0.442 0.496 0.647 0.863 0.912 0.995 0.999 0.999 1.000 1.000 0.998
     38       2.785    0.988 0.154      0.254 0.285 0.326 0.362 0.438 0.492 0.643 0.860 0.910 0.995 0.999 0.999 1.000 1.000 0.998
     39       4.348    0.995 0.098      0.199 0.231 0.272 0.309 0.386 0.442 0.599 0.830 0.885 0.987 0.995 0.995 0.998 0.998 1.000

  R CORE   ENERGY   A0R/A00=1.000    R3= 0     2  
   2( 1)    0.732                    1.000 0.000
   2( 2)  487.921                    0.000 1.000

  R CORE   ENERGY   A0R/A00=1.000    R3= 0     2  
   3( 1)  488.652                    0.000 1.000

  R CORE   ENERGY   A0R/A00=1.000    R3= 0     2     4  
   4( 1)    2.438                    1.000 0.000 0.000

  R CORE   ENERGY   A0R/A00=1.000    R3= 0     2     4  
   5( 1)  490.847                    0.000 1.000 0.000

  R CORE   ENERGY   A0R/A00=1.000    R3= 0     2     4     6  
   6( 1)    5.121                    1.000 0.000 0.000 0.000

  R CORE   ENERGY   A0R/A00=1.000    R3= 0     2     4     6  
   7( 1)  494.017                    0.000 1.000 0.000 0.000

          AXIAL SYMMETRY => K RESTRICTED TO OMEGA

                     K
     S.P. ORB#: 25  0.50
     S.P. ORB#: 26 -1.50
     S.P. ORB#: 27 -5.50
     S.P. ORB#: 28  2.50
     S.P. ORB#: 29 -3.50
     S.P. ORB#: 30  2.50
     S.P. ORB#: 31  0.50
     S.P. ORB#: 32  0.50
     S.P. ORB#: 33 -1.50
     S.P. ORB#: 34 -3.50
     S.P. ORB#: 35 -3.50
     S.P. ORB#: 36  0.50
     S.P. ORB#: 37  4.50
     S.P. ORB#: 38 -1.50
     S.P. ORB#: 39  4.50
 

             ENERGY    K= OMEGA
 
 I=  1/2- (1)  2.233  32: 0.999
 
 I=  1/2- (2)  4.168  31: 0.930
                      36:-0.369
 
 I=  1/2- (3)  5.947  25: 0.999
 
 I=  1/2- (4)  6.502  31: 0.369
                      36: 0.930
 
 I=  1/2- (5)147.226  33: 1.000

             ENERGY    K= OMEGA
 
 I=  3/2- (1)  2.255  32: 0.627
                      33:-0.779
 
 I=  3/2- (2)  2.469  25:-0.157
                      32:-0.769
                      33:-0.620
 
 I=  3/2- (3)  4.222  26:-0.080
                      31:-0.968
                      36:-0.119
                      38:-0.204
 
 I=  3/2- (4)  6.700  25: 0.988
                      32:-0.126
                      33:-0.093
 
 I=  3/2- (5)  6.742  26:-0.133
                      31: 0.055
                      36:-0.931
                      38: 0.334

             ENERGY    K= OMEGA
 
 I=  5/2- (1)  2.660  25: 0.210
                      28:-0.061
                      32:-0.518
                      33:-0.827
 
 I=  5/2- (2)  3.433  25: 0.059
                      28: 0.116
                      32:-0.837
                      33: 0.531
 
 I=  5/2- (3)  3.844  28:-0.991
                      32:-0.066
                      33: 0.113
 
 I=  5/2- (4)  4.450  26: 0.115
                      30:-0.095
                      31:-0.829
                      36: 0.477
                      38: 0.252
 
 I=  5/2- (5)  6.285  26: 0.489
                      30:-0.846
                      36:-0.206

             ENERGY    K= OMEGA
 
 I=  7/2- (1)  3.042  28: 0.214
                      29:-0.060
                      35:-0.974
 
 I=  7/2- (2)  3.434  28:-0.183
                      29:-0.908
                      32:-0.259
                      33: 0.273
 
 I=  7/2- (3)  3.477  29: 0.375
                      32:-0.725
                      33: 0.572
                      35:-0.058
 
 I=  7/2- (4)  3.779  25:-0.278
                      28: 0.075
                      29:-0.065
                      32:-0.601
                      33:-0.741
 
 I=  7/2- (5)  4.494  26:-0.263
                      30:-0.263
                      31:-0.839
                      34:-0.102
                      36:-0.248
                      38:-0.293

             ENERGY    K= OMEGA
 
 I=  9/2- (1)  3.517  28:-0.137
                      29: 0.404
                      35:-0.317
                      37:-0.846
 
 I=  9/2- (2)  4.080  25: 0.213
                      28:-0.238
                      29:-0.169
                      32:-0.350
                      33:-0.502
                      35:-0.665
                      37: 0.231
 
 I=  9/2- (3)  4.149  25: 0.254
                      28: 0.110
                      29: 0.174
                      32:-0.430
                      33:-0.568
                      35: 0.606
                      37:-0.135
 
 I=  9/2- (4)  4.732  28: 0.265
                      29:-0.848
                      32:-0.059
                      37:-0.454
 
 I=  9/2- (5)  5.084  26:-0.377
                      30: 0.530
                      31: 0.516
                      34:-0.391
                      36:-0.267
                      38:-0.222
                      39: 0.193

             ENERGY    K= OMEGA
 
 I= 11/2- (1)  3.779  27: 0.998
                      37: 0.051
 
 I= 11/2- (2)  4.602  27:-0.053
                      28: 0.182
                      29: 0.467
                      35:-0.357
                      37: 0.786
 
 I= 11/2- (3)  5.007  26:-0.403
                      30:-0.521
                      31:-0.519
                      34:-0.404
                      36:-0.188
                      38:-0.216
                      39:-0.228
 
 I= 11/2- (4)  5.391  28: 0.304
                      29:-0.279
                      32: 0.065
                      33:-0.139
                      35:-0.848
                      37:-0.294
 
 I= 11/2- (5)  5.654  25:-0.114
                      29:-0.062
                      32:-0.854
                      33: 0.486
                      35:-0.133

             ENERGY    K= OMEGA
 
 I= 13/2- (1)  5.359  27: 0.994
                      37:-0.094
 
 I= 13/2- (2)  5.700  26: 0.396
                      30:-0.586
                      31:-0.236
                      34: 0.548
                      36: 0.081
                      38: 0.126
                      39:-0.348
 
 I= 13/2- (3)  5.947  27:-0.105
                      28:-0.217
                      29: 0.493
                      33:-0.065
                      35:-0.376
                      37:-0.742
 
 I= 13/2- (4)  6.443  25: 0.411
                      28:-0.088
                      29:-0.061
                      32:-0.551
                      33:-0.707
                      35:-0.050
                      37: 0.114
 
 I= 13/2- (5)  6.934  25:-0.058
                      28:-0.316
                      29:-0.308
                      32: 0.091
                      33: 0.069
                      35:-0.837
                      37: 0.297

             ENERGY     K= 9/2
  35 LEVELS    TIME=  0.0 SEC



 ******************* EXCITATION ENERGIES, DOMINANT CONFIGURATION AND EXPECTATION VALUES (WITH S.P. UU+VV FACTORS) *******************

  NR  Eex(keV)  I   Kdom  NY    <Jz>  <Jx**2> <Jy**2> <Jz**2> <I.j>/|I|  <Rx**2> <Ry**2> <Rz**2> <R.j>/|R|  <HROTx> <HROTy> <HROTz>

   1    0.0   1/2-   1/2  32    0.50    5.21    5.21    0.25    0.15       5.58    5.58    0.00   -3.16      0.681   0.681   0.000
   2   22.7   3/2-  -3/2  33   -0.71    5.20    5.20    1.46    1.16       5.56    5.56    0.00   -2.88      0.678   0.678   0.000
   3  236.2   3/2-   1/2  32   -0.27    5.19    5.19    1.02    0.73       6.15    6.15    0.00   -2.84      0.750   0.750   0.000
   4  427.3   5/2-  -3/2  33   -0.86    5.36    5.36    1.64    1.34       6.58    6.58    0.00   -2.31      0.803   0.803   0.000
   5  809.4   7/2-  -7/2  35   -3.22    2.43    2.43   11.95    3.17       3.71    3.71   -0.00   -1.55      0.452   0.452  -0.000
  
   6 1201.0   5/2-   1/2  32   -0.04    5.24    5.24    0.89   -0.10      10.36   10.36    0.00   -2.56      1.263   1.263   0.000
   7 1201.4   7/2-  -7/2  29   -2.88    6.15    6.15   10.50    2.80       8.18    8.18   -0.00   -2.89      0.997   0.997  -0.000
   8 1244.6   7/2-   1/2  32   -0.73    5.34    5.34    2.64    1.09      10.22   10.22   -0.00   -1.99      1.245   1.245  -0.000
   9 1284.1   9/2-   9/2  37    2.34    3.13    3.13   17.86    4.02       4.41    4.41   -0.00   -1.38      0.538   0.538  -0.000
  10 1546.6   7/2-  -3/2  33   -0.61    5.29    5.29    1.46    0.80      10.73   10.73    0.00   -1.92      1.308   1.308   0.000
  
  11 1546.7  11/2- -11/2  27   -5.47    2.75    2.75   30.22    5.06       5.49    5.49    0.00   -1.65      0.669   0.669   0.000
  12 1612.0   5/2-   5/2  28    2.44    6.13    6.13    6.17    2.05       7.52    7.52    0.00   -3.19      0.916   0.916   0.000
  13 1847.3   9/2-  -7/2  35   -1.56    3.91    3.91    7.81    2.16       9.44    9.44   -0.00   -1.12      1.150   1.150  -0.000
  14 1916.8   9/2-  -7/2  35   -1.64    4.25    4.25    6.10    1.88      10.31   10.31   -0.00   -1.15      1.258   1.258  -0.000
  15 1935.5   1/2-   1/2  31    0.50   12.76   12.76    0.25    0.93      12.45   12.45   -0.00   -5.00      1.518   1.518  -0.000
  
  16 1989.2   3/2-   1/2  31    0.40   14.33   14.33    0.35    1.77      12.94   12.94    0.00   -5.03      1.578   1.578   0.000
  17 2217.2   5/2-   1/2  31    0.36   13.31   13.31    0.46    1.82      12.52   12.52    0.00   -4.33      1.527   1.527   0.000
  18 2261.8   7/2-   1/2  31    0.29   16.45   16.45    1.10    3.05      12.78   12.78    0.00   -4.33      1.558   1.558   0.000
  19 2369.7  11/2-   9/2  37    1.64    3.43    3.43   17.04    3.44       9.24    9.24   -0.00   -0.77      1.126   1.126  -0.000
  20 2500.0   9/2-  -7/2  29   -1.41    5.49    5.49   13.42    2.52      12.06   12.06   -0.00   -2.42      1.471   1.471  -0.000
  
  21 2775.0  11/2-   5/2  30    0.18   20.37   20.37    5.29    4.67      12.98   12.98   -0.00   -3.56      1.582   1.582  -0.000
  22 2851.7   9/2-   5/2  30    0.21   19.35   19.35    4.90    4.16      13.50   13.50    0.00   -4.41      1.645   1.645   0.000
  23 3126.7  13/2- -11/2  27   -5.40    2.75    2.75   30.11    4.33      11.97   11.97    0.00   -1.10      1.459   1.459   0.000
  24 3158.7  11/2-  -7/2  35   -2.20    2.87    2.87   12.14    2.23      13.47   13.47   -0.00   -0.87      1.642   1.642  -0.000
  25 3421.2  11/2-   1/2  32   -0.06    5.12    5.12    0.99    0.70      19.30   19.30    0.00   -1.13      2.353   2.353   0.000
  
  26 3467.5  13/2-   5/2  30    0.12   21.97   21.97    8.68    5.14      14.77   14.77    0.00   -3.07      1.800   1.800   0.000
  27 3714.7  13/2-   9/2  37    1.18    3.61    3.61   16.51    3.04      14.99   14.99    0.00   -0.45      1.827   1.827   0.000
  28 3714.9   1/2-   1/2  25    0.50    7.40    7.40    0.25    0.65       7.34    7.34   -0.00   -3.78      0.895   0.895  -0.000
  29 4052.2   5/2-   5/2  30    1.45   22.57   22.57    5.03    3.72      18.45   18.45    0.00   -6.45      2.250   2.250   0.000
  30 4210.8  13/2-  -3/2  33   -0.46    5.66    5.66    1.63    1.51      20.31   20.31    0.00   -0.38      2.476   2.476   0.000
  
  31 4269.4   1/2-   1/2  36    0.50   17.07   17.07    0.25   -0.73      18.21   18.21    0.00   -5.81      2.220   2.220   0.000
  32 4467.4   3/2-   1/2  25    0.48    7.44    7.44    0.27   -0.66      10.73   10.73   -0.00   -3.55      1.309   1.309  -0.000
  33 4509.8   3/2-   1/2  36    0.24   15.95   15.95    0.51   -0.05      18.18   18.18    0.00   -5.39      2.216   2.216   0.000
  34 4701.6  13/2-  -7/2  35   -2.14    2.94    2.94   12.17    1.95      19.76   19.76   -0.00   -0.70      2.409   2.409  -0.000
  35*******   1/2-  -3/2  33    0.00    0.00    0.00    0.00   -0.00       0.00    0.00    0.00   -0.00      0.000   0.000   0.000
  
