1SPECTRUM OF (Z= 82 A=207) IN PARTICLE-ROTOR  MODEL WITH MODIFIED OSCILLATOR POTENTIAL


 PARITY=-   EPS= 0.397   GAMMA=  0.0   EPS4=0.000   EPS6=0.000   LEVELS:  25  26  27  28  29  30  31  32  33  34  35  36  37  38  39

 PAIRING FACTORS: GN0= 19.20  GN1=  7.40  IPAIR= 15 ***  E2PLUS(INPUT)=   0.730  E2PLUR(INPUT)=   0.000

 CORIOLIS ATTENUATION PARAMETERS:  CHSI=1.000  ETA=  1.00

 MOMENT OF INERTIA PARAMETERS:   A1=  0.122 MEV   A2=  0.122 MEV   A3=121.91922 MEV


 DELTA=0.846 MEV  LAMBDA=53.4762 MEV   HW0= 7.5578 MEV   LAMBDA/HW0= 7.0757

 E2ENERGY=0.730 MEV  HBAR**2/B=29224./A**(7/3)=4940.2/A**2 MEV

 IREC=0  =>  RECOIL TERMS j+j-, j+j+, jzjz, ETC TREATED AS ONE-BODY OPERATORS WITH UU+VV PAIRING FACTORS



 S. P. LEVEL   EQP       U     V        (UU + VV)**1.00

     25       3.721    0.114 0.993      1.000 1.000 0.999 0.996 0.996 0.927 0.889 0.866 0.539 0.458 0.400 0.335 0.244 0.238 0.233
     26       3.159    0.135 0.991      1.000 1.000 1.000 0.998 0.997 0.935 0.898 0.876 0.556 0.477 0.419 0.354 0.264 0.258 0.253
     27       2.723    0.157 0.988      0.999 1.000 1.000 0.999 0.999 0.942 0.908 0.887 0.575 0.496 0.439 0.375 0.286 0.280 0.275
     28       2.166    0.199 0.980      0.996 0.998 0.999 1.000 1.000 0.956 0.925 0.906 0.609 0.533 0.477 0.414 0.327 0.321 0.316
     29       2.081    0.208 0.978      0.996 0.997 0.999 1.000 1.000 0.958 0.928 0.909 0.616 0.540 0.484 0.422 0.335 0.329 0.324
     30       1.006    0.479 0.878      0.927 0.935 0.942 0.956 0.958 1.000 0.996 0.990 0.815 0.758 0.714 0.664 0.590 0.585 0.581
     31       0.914    0.557 0.830      0.889 0.898 0.908 0.925 0.928 0.996 1.000 0.999 0.865 0.815 0.775 0.729 0.662 0.657 0.653
     32       0.884    0.596 0.803      0.866 0.876 0.887 0.906 0.909 0.990 0.999 1.000 0.888 0.842 0.805 0.761 0.697 0.692 0.689
     33       1.073    0.899 0.439      0.539 0.556 0.575 0.609 0.616 0.815 0.865 0.888 1.000 0.996 0.988 0.974 0.949 0.947 0.945
     34       1.279    0.935 0.354      0.458 0.477 0.496 0.533 0.540 0.758 0.815 0.842 0.996 1.000 0.998 0.991 0.974 0.972 0.971
     35       1.514    0.956 0.292      0.400 0.419 0.439 0.477 0.484 0.714 0.775 0.805 0.988 0.998 1.000 0.998 0.987 0.985 0.985
     36       1.933    0.974 0.225      0.335 0.354 0.375 0.414 0.422 0.664 0.729 0.761 0.974 0.991 0.998 1.000 0.996 0.995 0.994
     37       3.244    0.991 0.132      0.244 0.264 0.286 0.327 0.335 0.590 0.662 0.697 0.949 0.974 0.987 0.996 1.000 1.000 1.000
     38       3.401    0.992 0.125      0.238 0.258 0.280 0.321 0.329 0.585 0.657 0.692 0.947 0.972 0.985 0.995 1.000 1.000 1.000
     39       3.543    0.993 0.120      0.233 0.253 0.275 0.316 0.324 0.581 0.653 0.689 0.945 0.971 0.985 0.994 1.000 1.000 1.000

  R CORE   ENERGY   A0R/A00=1.000    R3= 0     2  
   2( 1)    0.732                    1.000 0.000
   2( 2)  487.921                    0.000 1.000

  R CORE   ENERGY   A0R/A00=1.000    R3= 0     2  
   3( 1)  488.652                    0.000 1.000

  R CORE   ENERGY   A0R/A00=1.000    R3= 0     2     4  
   4( 1)    2.438                    1.000 0.000 0.000

  R CORE   ENERGY   A0R/A00=1.000    R3= 0     2     4  
   5( 1)  490.847                    0.000 1.000 0.000

  R CORE   ENERGY   A0R/A00=1.000    R3= 0     2     4     6  
   6( 1)    5.121                    1.000 0.000 0.000 0.000

  R CORE   ENERGY   A0R/A00=1.000    R3= 0     2     4     6  
   7( 1)  494.017                    0.000 1.000 0.000 0.000

          AXIAL SYMMETRY => K RESTRICTED TO OMEGA

                     K
     S.P. ORB#: 25 -5.50
     S.P. ORB#: 26  0.50
     S.P. ORB#: 27  2.50
     S.P. ORB#: 28 -3.50
     S.P. ORB#: 29 -1.50
     S.P. ORB#: 30  0.50
     S.P. ORB#: 31 -1.50
     S.P. ORB#: 32  2.50
     S.P. ORB#: 33 -3.50
     S.P. ORB#: 34  0.50
     S.P. ORB#: 35  4.50
     S.P. ORB#: 36 -3.50
     S.P. ORB#: 37  0.50
     S.P. ORB#: 38 -1.50
     S.P. ORB#: 39 -1.50
 

             ENERGY    K= OMEGA
 
 I=  1/2- (1)  2.319  30: 1.000
 
 I=  1/2- (2)  4.207  26:-0.194
                      34: 0.914
                      37:-0.355
 
 I=  1/2- (3)  7.197  26:-0.322
                      34: 0.283
                      37: 0.903
 
 I=  1/2- (4)  9.489  26: 0.927
                      34: 0.290
                      37: 0.240
 
 I=  1/2- (5)147.217  31:-1.000

             ENERGY    K= OMEGA
 
 I=  3/2- (1)  2.228  30:-0.465
                      31: 0.885
 
 I=  3/2- (2)  2.584  30:-0.866
                      31:-0.460
                      38:-0.196
 
 I=  3/2- (3)  4.009  26: 0.260
                      29: 0.061
                      34:-0.925
                      37:-0.114
                      39: 0.246
 
 I=  3/2- (4)  4.090  30: 0.186
                      31: 0.069
                      38:-0.980
 
 I=  3/2- (5)  6.266  26: 0.720
                      29: 0.635
                      34: 0.269
                      39: 0.075

             ENERGY    K= OMEGA
 
 I=  5/2- (1)  2.785  30: 0.454
                      31: 0.887
                      38:-0.064
 
 I=  5/2- (2)  3.345  27: 0.063
                      30:-0.830
                      31: 0.446
                      38: 0.328
 
 I=  5/2- (3)  4.245  26: 0.147
                      29:-0.053
                      34:-0.801
                      37: 0.495
                      39:-0.296
 
 I=  5/2- (4)  4.496  27:-0.962
                      30:-0.115
                      31: 0.090
                      38:-0.229
 
 I=  5/2- (5)  4.825  27:-0.260
                      30: 0.301
                      31:-0.075
                      38: 0.914

             ENERGY    K= OMEGA
 
 I=  7/2- (1)  1.965  27: 0.150
                      33:-0.988
 
 I=  7/2- (2)  3.416  30:-0.700
                      31: 0.691
                      38:-0.176
 
 I=  7/2- (3)  4.023  27:-0.173
                      28:-0.469
                      30: 0.546
                      31: 0.607
                      38: 0.288
 
 I=  7/2- (4)  4.086  29: 0.121
                      32: 0.169
                      34: 0.870
                      36: 0.072
                      37: 0.233
                      39:-0.373
 
 I=  7/2- (5)  4.087  27: 0.110
                      28: 0.864
                      30: 0.298
                      31: 0.362
                      38: 0.144

             ENERGY    K= OMEGA
 
 I=  9/2- (1)  2.442  27: 0.087
                      28:-0.166
                      33: 0.368
                      35: 0.911
 
 I=  9/2- (2)  3.051  27:-0.200
                      28:-0.100
                      33:-0.903
                      35: 0.366
 
 I=  9/2- (3)  4.534  27: 0.054
                      30: 0.584
                      31: 0.788
                      38:-0.182
 
 I=  9/2- (4)  4.778  26: 0.156
                      29:-0.510
                      32: 0.672
                      34: 0.252
                      36:-0.392
                      37:-0.150
                      39: 0.159
 
 I=  9/2- (5)  5.024  26: 0.178
                      29:-0.210
                      32: 0.189
                      34:-0.702
                      36:-0.117
                      37: 0.521
                      39:-0.331

             ENERGY    K= OMEGA
 
 I= 11/2- (1)  3.541  26: 0.563
                      29: 0.573
                      32: 0.479
                      34: 0.234
                      36: 0.227
                      37: 0.069
                      39:-0.118
 
 I= 11/2- (2)  3.586  27:-0.135
                      28:-0.226
                      33: 0.448
                      35:-0.854
 
 I= 11/2- (3)  4.361  27:-0.236
                      28: 0.148
                      33: 0.850
                      35: 0.443
 
 I= 11/2- (4)  5.017  26: 0.277
                      29: 0.129
                      34:-0.812
                      37:-0.278
                      39: 0.408
 
 I= 11/2- (5)  5.065  25: 0.999

             ENERGY    K= OMEGA
 
 I= 13/2- (1)  4.963  27: 0.173
                      28:-0.266
                      33: 0.488
                      35: 0.811
 
 I= 13/2- (2)  5.326  26:-0.198
                      29: 0.553
                      32:-0.680
                      34:-0.120
                      36: 0.404
                      39:-0.115
 
 I= 13/2- (3)  5.900  25: 0.058
                      27: 0.264
                      28: 0.186
                      33: 0.811
                      35:-0.482
 
 I= 13/2- (4)  6.652  25: 0.997
                      35: 0.057
 
 I= 13/2- (5)  6.685  26:-0.137
                      29: 0.116
                      32:-0.064
                      34: 0.706
                      37:-0.563
                      39: 0.382

             ENERGY     K=-3/2
  35 LEVELS    TIME=  0.0 SEC



 ******************* EXCITATION ENERGIES, DOMINANT CONFIGURATION AND EXPECTATION VALUES (WITH S.P. UU+VV FACTORS) *******************

  NR  Eex(keV)  I   Kdom  NY    <Jz>  <Jx**2> <Jy**2> <Jz**2> <I.j>/|I|  <Rx**2> <Ry**2> <Rz**2> <R.j>/|R|  <HROTx> <HROTy> <HROTz>

   1    0.0   7/2-  -7/2  33   -3.37    2.30    2.30   12.11    3.21       3.50    3.50    0.00   -1.51      0.426   0.426   0.000
   2  263.0   3/2-  -3/2  31   -1.07    4.99    4.99    1.82    1.28       5.30    5.30    0.00   -2.86      0.646   0.646   0.000
   3  354.7   1/2-   1/2  30    0.50    4.96    4.96    0.25    0.09       5.39    5.39    0.00   -3.08      0.657   0.657   0.000
   4  477.8   9/2-   9/2  35    3.18    2.50    2.50   18.84    4.09       3.94    3.94    0.00   -1.24      0.480   0.480   0.000
   5  619.6   3/2-   1/2  30   -0.00    4.78    4.78    0.75    0.44       6.17    6.17    0.00   -2.69      0.753   0.753   0.000
  
   6  820.4   5/2-  -3/2  31   -1.08    5.01    5.01    1.85    0.94       7.54    7.54    0.00   -2.34      0.919   0.919   0.000
   7 1086.2   9/2-  -7/2  33   -2.19    2.37    2.37   13.08    2.76       7.55    7.55    0.00   -1.05      0.921   0.921   0.000
   8 1380.1   5/2-   1/2  30   -0.10    4.52    4.52    0.89    0.26       8.58    8.58    0.00   -2.21      1.046   1.046   0.000
   9 1450.9   7/2-   1/2  30   -0.52    4.97    4.97    1.28    0.94       9.75    9.75    0.00   -1.69      1.188   1.188   0.000
  10 1576.7  11/2-  -3/2  29    0.07   23.68   23.68    2.93    6.22       5.82    5.82   -0.00   -3.84      0.710   0.710  -0.000
  
  11 1621.1  11/2-   9/2  35    2.44    2.66    2.66   17.99    3.50       8.62    8.62    0.00   -0.58      1.051   1.051   0.000
  12 2044.7   3/2-   1/2  34    0.37   12.65   12.65    0.38    2.43      10.00   10.00    0.00   -4.69      1.219   1.219   0.000
  13 2058.7   7/2-  -3/2  31   -1.23    4.88    4.88    3.98    1.08      10.44   10.44    0.00   -2.07      1.273   1.273   0.000
  14 2120.9   7/2-   1/2  34    0.23   15.47   15.47    0.79    3.53       9.75    9.75   -0.00   -4.02      1.189   1.189  -0.000
  15 2122.8   7/2-  -7/2  28   -2.77    5.85    5.85    9.59    2.44       8.85    8.85    0.00   -2.76      1.078   1.078   0.001
  
  16 2124.8   3/2-  -3/2  38   -1.43    2.00    2.00    2.18    0.91       3.21    3.21    0.00   -1.75      0.391   0.391   0.000
  17 2242.2   1/2-   1/2  34    0.50   11.10   11.10    0.25    1.04      10.70   10.70    0.00   -4.66      1.304   1.304   0.000
  18 2280.1   5/2-   1/2  34    0.32   11.57   11.57    0.43    2.36       9.19    9.19    0.00   -3.87      1.121   1.121   0.000
  19 2395.9  11/2-  -7/2  33   -1.59    2.45    2.45   13.50    2.42      12.63   12.63    0.00   -0.79      1.540   1.540   0.000
  20 2531.1   5/2-   5/2  27    2.23    5.85    5.85    5.93    2.00       7.28    7.28    0.00   -3.07      0.887   0.887   0.000
  
  21 2568.9   9/2-  -3/2  31   -0.81    4.98    4.98    1.60    0.77      14.35   14.35    0.00   -1.45      1.750   1.750   0.000
  22 2813.4   9/2-   5/2  32    0.22   23.09   23.09    5.37    5.01      13.21   13.21   -0.00   -5.18      1.611   1.611  -0.000
  23 2860.2   5/2-  -3/2  38   -1.05    2.47    2.47    2.34    0.35       6.98    6.98    0.00   -1.67      0.851   0.851   0.000
  24 2998.4  13/2-   9/2  35    1.94    2.81    2.81   17.37    3.10      14.22   14.22    0.00   -0.25      1.734   1.734   0.000
  25 3052.3  11/2-   1/2  34    0.13   13.75   13.75    0.64    3.25      12.51   12.51    0.00   -1.74      1.526   1.526   0.000
  
  26 3059.8   9/2-   1/2  34    0.21   12.56   12.56    0.94    2.74      11.78   11.78   -0.00   -2.56      1.437   1.437  -0.000
  27 3100.3  11/2- -11/2  25   -5.48    2.75    2.75   30.22    5.05       5.54    5.54    0.00   -1.66      0.675   0.675   0.001
  28 3361.5  13/2-   5/2  32    0.13   23.78   23.78    5.62    5.08      15.46   15.46   -0.00   -3.18      1.885   1.885  -0.000
  29 3935.1  13/2-  -7/2  33   -1.23    2.54    2.54   13.73    2.16      18.71   18.71    0.00   -0.61      2.281   2.281   0.000
  30 4301.7   3/2-   1/2  26   -0.32   22.59   22.59    1.07    5.13      15.07   15.07    0.00   -6.61      1.837   1.837   0.000
  
  31 4687.7  13/2- -11/2  25   -5.46    2.75    2.75   30.18    4.32      12.07   12.07    0.00   -1.13      1.471   1.471   0.001
  32 4720.8  13/2-   1/2  34    0.18   12.08   12.08    0.62    2.68      18.07   18.07    0.00   -1.01      2.203   2.203   0.000
  33 5232.2   1/2-   1/2  37    0.50   15.89   15.89    0.25   -0.58      16.89   16.89    0.00   -5.60      2.059   2.059   0.000
  34 7524.3   1/2-   1/2  26    0.50   23.10   23.10    0.25   -3.45      26.59   26.59    0.00   -6.78      3.241   3.241   0.000
  35*******   1/2-  -3/2  31    0.00    0.00    0.00    0.00    0.00       0.00    0.00    0.00   -0.00      0.000   0.000   0.000
  
