1SPECTRUM OF (Z= 82 A=207) IN PARTICLE-ROTOR  MODEL WITH MODIFIED OSCILLATOR POTENTIAL


 PARITY=-   EPS= 0.234   GAMMA=  0.0   EPS4=0.000   EPS6=0.000   LEVELS:  27  28  29  30  31  32  33  34  35  36  37  38  39  40  40

 PAIRING FACTORS: GN0= 19.20  GN1=  7.40  IPAIR= 15 ***  E2PLUS(INPUT)=   0.730  E2PLUR(INPUT)=   0.000

 CORIOLIS ATTENUATION PARAMETERS:  CHSI=1.000  ETA=  1.00

 MOMENT OF INERTIA PARAMETERS:   A1=  0.122 MEV   A2=  0.122 MEV   A3=121.91924 MEV


 DELTA=0.940 MEV  LAMBDA=53.4537 MEV   HW0= 7.4589 MEV   LAMBDA/HW0= 7.1664

 E2ENERGY=0.730 MEV  HBAR**2/B=10153./A**(7/3)=1716.3/A**2 MEV

 IREC=0  =>  RECOIL TERMS j+j-, j+j+, jzjz, ETC TREATED AS ONE-BODY OPERATORS WITH UU+VV PAIRING FACTORS



 S. P. LEVEL   EQP       U     V        (UU + VV)**1.00

     27       3.470    0.137 0.991      1.000 0.996 0.994 0.991 0.987 0.661 0.569 0.534 0.495 0.396 0.381 0.308 0.257 0.243 0.243
     28       2.197    0.219 0.976      0.996 1.000 1.000 0.999 0.997 0.721 0.635 0.603 0.566 0.472 0.457 0.387 0.337 0.324 0.324
     29       1.970    0.246 0.969      0.994 1.000 1.000 1.000 0.999 0.740 0.657 0.625 0.589 0.496 0.482 0.412 0.363 0.350 0.350
     30       1.807    0.270 0.963      0.991 0.999 1.000 1.000 1.000 0.756 0.675 0.644 0.608 0.517 0.503 0.434 0.386 0.373 0.373
     31       1.687    0.291 0.957      0.987 0.997 0.999 1.000 1.000 0.771 0.691 0.660 0.626 0.536 0.522 0.454 0.406 0.393 0.393
     32       1.021    0.834 0.552      0.661 0.721 0.740 0.756 0.771 1.000 0.993 0.987 0.979 0.951 0.946 0.918 0.895 0.889 0.889
     33       1.168    0.893 0.451      0.569 0.635 0.657 0.675 0.691 0.993 1.000 0.999 0.996 0.981 0.977 0.958 0.941 0.936 0.936
     34       1.249    0.911 0.413      0.534 0.603 0.625 0.644 0.660 0.987 0.999 1.000 0.999 0.988 0.985 0.969 0.954 0.950 0.950
     35       1.362    0.928 0.372      0.495 0.566 0.589 0.608 0.626 0.979 0.996 0.999 1.000 0.994 0.992 0.979 0.967 0.963 0.963
     36       1.826    0.964 0.267      0.396 0.472 0.496 0.517 0.536 0.951 0.981 0.988 0.994 1.000 1.000 0.996 0.989 0.987 0.987
     37       1.932    0.968 0.251      0.381 0.457 0.482 0.503 0.522 0.946 0.977 0.985 0.992 1.000 1.000 0.997 0.991 0.989 0.989
     38       2.726    0.985 0.175      0.308 0.387 0.412 0.434 0.454 0.918 0.958 0.969 0.979 0.996 0.997 1.000 0.999 0.998 0.998
     39       3.871    0.992 0.122      0.257 0.337 0.363 0.386 0.406 0.895 0.941 0.954 0.967 0.989 0.991 0.999 1.000 1.000 1.000
     40       4.359    0.994 0.108      0.243 0.324 0.350 0.373 0.393 0.889 0.936 0.950 0.963 0.987 0.989 0.998 1.000 1.000 1.000
     40       4.359    0.994 0.108      0.243 0.324 0.350 0.373 0.393 0.889 0.936 0.950 0.963 0.987 0.989 0.998 1.000 1.000 1.000

  R CORE   ENERGY   A0R/A00=1.000    R3= 0     2  
   2( 1)    0.732                    1.000 0.000
   2( 2)  487.921                    0.000 1.000

  R CORE   ENERGY   A0R/A00=1.000    R3= 0     2  
   3( 1)  488.652                    0.000 1.000

  R CORE   ENERGY   A0R/A00=1.000    R3= 0     2     4  
   4( 1)    2.438                    1.000 0.000 0.000

  R CORE   ENERGY   A0R/A00=1.000    R3= 0     2     4  
   5( 1)  490.847                    0.000 1.000 0.000

  R CORE   ENERGY   A0R/A00=1.000    R3= 0     2     4     6  
   6( 1)    5.121                    1.000 0.000 0.000 0.000

  R CORE   ENERGY   A0R/A00=1.000    R3= 0     2     4     6  
   7( 1)  494.017                    0.000 1.000 0.000 0.000

          AXIAL SYMMETRY => K RESTRICTED TO OMEGA

                     K
     S.P. ORB#: 27 -3.50
     S.P. ORB#: 28 -3.50
     S.P. ORB#: 29  0.50
     S.P. ORB#: 30 -1.50
     S.P. ORB#: 31  4.50
     S.P. ORB#: 32  0.50
     S.P. ORB#: 33 -1.50
     S.P. ORB#: 34 -1.50
     S.P. ORB#: 35  2.50
     S.P. ORB#: 36  2.50
     S.P. ORB#: 37  0.50
     S.P. ORB#: 38 -3.50
     S.P. ORB#: 39  4.50
     S.P. ORB#: 40  0.50
     S.P. ORB#: 40  0.50
 

             ENERGY    K= OMEGA
 
 I=  1/2- (1)  2.225  37:-0.999
 
 I=  1/2- (2)  3.080  29: 0.999
 
 I=  1/2- (3)  4.420  40:-0.707
                      40: 0.707
 
 I=  1/2- (4)  7.476  32: 0.906
                      40:-0.300
                      40:-0.300
 
 I=  1/2- (5) 13.747  32:-0.424
                      40:-0.640
                      40:-0.640

             ENERGY    K= OMEGA
 
 I=  3/2- (1)  1.688  29:-0.172
                      30:-0.087
                      33:-0.979
                      37: 0.068
 
 I=  3/2- (2)  2.797  29:-0.160
                      30:-0.422
                      33: 0.127
                      37: 0.883

             ENERGY    K= OMEGA
 
 I=  5/2- (1)  1.856  29: 0.137
                      30: 0.171
                      33:-0.482
                      35:-0.847
 
 I=  5/2- (2)  2.347  29: 0.196
                      30:-0.193
                      33:-0.838
                      35: 0.466
                      37:-0.071
 
 I=  5/2- (3)  2.835  29:-0.242
                      30:-0.322
                      35:-0.157
                      37:-0.902
 
 I=  5/2- (4)  3.686  29:-0.380
                      30:-0.804
                      35:-0.178
                      37: 0.420
 
 I=  5/2- (5)  4.396  29: 0.860
                      30:-0.429
                      33: 0.252
                      35:-0.094
                      37:-0.059

             ENERGY    K= OMEGA
 
 I=  7/2- (1)  2.486  29: 0.200
                      30:-0.228
                      33: 0.541
                      35:-0.781
 
 I=  7/2- (2)  3.127  27: 0.116
                      28:-0.802
                      29: 0.173
                      30: 0.134
                      33: 0.461
                      35: 0.269
                      37:-0.103
 
 I=  7/2- (3)  3.177  28: 0.582
                      29: 0.217
                      30: 0.226
                      33: 0.588
                      35: 0.440
                      37:-0.149
 
 I=  7/2- (4)  3.287  32:-0.754
                      34:-0.550
                      36:-0.319
                      38:-0.125
                      40: 0.075
                      40: 0.075
 
 I=  7/2- (5)  4.323  29: 0.251
                      30:-0.730
                      33: 0.075
                      35: 0.316
                      37: 0.546

             ENERGY    K= OMEGA
 
 I=  9/2- (1)  2.483  27: 0.245
                      28: 0.129
                      31:-0.960
 
 I=  9/2- (2)  3.329  28: 0.060
                      29:-0.251
                      30:-0.305
                      33: 0.530
                      35: 0.732
                      37:-0.143
 
 I=  9/2- (3)  4.231  27: 0.149
                      28:-0.771
                      29:-0.164
                      30: 0.164
                      31:-0.060
                      33: 0.498
                      35:-0.262
                      37: 0.095
 
 I=  9/2- (4)  4.296  27: 0.078
                      28:-0.583
                      29: 0.100
                      30:-0.319
                      31:-0.067
                      33:-0.573
                      35: 0.297
                      37:-0.348
 
 I=  9/2- (5)  4.384  32:-0.223
                      34: 0.552
                      36:-0.621
                      38: 0.461
                      39:-0.219

             ENERGY    K= OMEGA
 
 I= 11/2- (1)  2.264  32:-0.672
                      34:-0.568
                      36:-0.402
                      38:-0.233
                      39:-0.099
 
 I= 11/2- (2)  3.500  27: 0.329
                      28: 0.161
                      31: 0.928
                      35: 0.059
 
 I= 11/2- (3)  4.445  28:-0.068
                      29:-0.284
                      30: 0.308
                      31:-0.064
                      33:-0.563
                      35: 0.705
 
 I= 11/2- (4)  5.465  27:-0.100
                      28: 0.346
                      29:-0.329
                      30:-0.303
                      33:-0.626
                      35:-0.470
                      37: 0.240
 
 I= 11/2- (5)  5.634  27: 0.168
                      28:-0.909
                      29:-0.095
                      30:-0.171
                      31: 0.109
                      33:-0.198
                      35:-0.211
                      37: 0.106

             ENERGY    K= OMEGA
 
 I= 13/2- (1)  4.036  32: 0.191
                      34:-0.499
                      36: 0.608
                      38:-0.513
                      39: 0.285
 
 I= 13/2- (2)  4.751  27: 0.384
                      28: 0.176
                      31:-0.902
                      35:-0.074
 
 I= 13/2- (3)  5.719  28: 0.067
                      29:-0.321
                      30:-0.377
                      31:-0.082
                      33: 0.516
                      35: 0.655
                      37:-0.218
 
 I= 13/2- (4)  7.018  30:-0.364
                      33:-0.552
                      37:-0.748
 
 I= 13/2- (5)  7.124  27: 0.183
                      28:-0.705
                      29:-0.293
                      30: 0.080
                      33: 0.376
                      35:-0.408
                      37:-0.260

             ENERGY     K= 1/2
  32 LEVELS    TIME=  0.0 SEC



 ******************* EXCITATION ENERGIES, DOMINANT CONFIGURATION AND EXPECTATION VALUES (WITH S.P. UU+VV FACTORS) *******************

  NR  Eex(keV)  I   Kdom  NY    <Jz>  <Jx**2> <Jy**2> <Jz**2> <I.j>/|I|  <Rx**2> <Ry**2> <Rz**2> <R.j>/|R|  <HROTx> <HROTy> <HROTz>

   1    0.0   3/2-  -3/2  33   -1.43    1.65    1.65    2.18    1.35       2.00    2.00    0.00   -1.43      0.244   0.244   0.000
   2  167.8   5/2-   5/2  35    1.41    1.87    1.87    5.08    2.26       2.11    2.11    0.00   -1.04      0.257   0.257   0.000
   3  537.3   1/2-   1/2  37    0.50    1.42    1.42    0.25    0.83       1.20    1.20    0.00   -1.53      0.146   0.146   0.000
   4  575.8  11/2-   1/2  32    0.00   27.03   27.03    2.71    7.11       3.77    3.77   -0.00   -5.20      0.459   0.459  -0.006
   5  659.1   5/2-  -3/2  33   -0.54    1.66    1.66    3.03    1.06       4.42    4.42    0.00   -1.08      0.539   0.539   0.000
  
   6  795.1   9/2-   9/2  31    3.88    2.58    2.58   19.61    4.41       2.80    2.80    0.00   -1.18      0.341   0.341   0.000
   7  797.9   7/2-   5/2  35    1.01    2.03    2.03    4.65    1.92       4.62    4.62    0.00   -0.36      0.564   0.564   0.000
   8 1109.2   3/2-   1/2  37    0.11    1.96    1.96    0.64    0.24       3.68    3.68    0.00   -1.51      0.449   0.449   0.000
   9 1147.3   5/2-   1/2  37    0.34    1.98    1.98    0.61    0.96       3.80    3.80    0.00   -0.62      0.464   0.464   0.000
  10 1392.5   1/2-   1/2  29    0.50    4.24    4.24    0.25    0.21       4.55    4.55    0.00   -2.83      0.555   0.555   0.000
  
  11 1439.5   7/2-  -7/2  28   -2.44    1.94    1.94    9.03    2.36       4.96    4.96   -0.00   -1.12      0.605   0.605  -0.000
  12 1489.5   7/2-  -3/2  33   -1.27    1.89    1.89    6.29    1.67       6.28    6.28    0.00   -0.97      0.766   0.766   0.000
  13 1599.0   7/2-   1/2  32    0.04   25.64   25.64    1.66    6.53       8.41    8.41   -0.00   -6.58      1.026   1.026  -0.340
  14 1641.3   9/2-   5/2  35    0.81    2.26    2.26    4.31    1.79       7.89    7.89    0.00    0.02      0.962   0.962   0.000
  15 1812.6  11/2-   9/2  31    3.42    2.80    2.80   19.11    3.95       6.60    6.60    0.00   -0.30      0.805   0.805   0.000
  
  16 1997.7   5/2-  -3/2  30   -0.73    3.51    3.51    1.74    0.40       7.58    7.58    0.00   -1.95      0.924   0.924   0.000
  17 2348.0  13/2-   5/2  36    0.02   25.66   25.66    7.75    6.56       8.12    8.12   -0.00   -3.29      0.990   0.990  -0.002
  18 2542.8   9/2-  -7/2  28   -2.37    1.90    1.90    8.69    1.81       9.59    9.59   -0.00   -0.79      1.170   1.170  -0.000
  19 2608.0   9/2-  -7/2  28   -1.55    1.82    1.82    5.88    1.32      10.58   10.58    0.00   -0.64      1.290   1.290   0.000
  20 2634.9   7/2-  -3/2  30   -0.38    3.24    3.24    1.94    0.45      10.31   10.31    0.00   -1.46      1.257   1.257   0.000
  
  21 2696.6   9/2-   5/2  36    0.00   25.96   25.96    6.68    6.33      10.19   10.19   -0.00   -6.01      1.242   1.242  -0.000
  22 2707.6   5/2-   1/2  29    0.02    4.15    4.15    0.80   -0.47      10.30   10.30    0.00   -2.31      1.256   1.256   0.000
  23 2731.8   1/2-   1/2  40    0.00    0.00    0.00    0.00    0.00       0.25    0.25    0.25   -0.00      0.030   0.030  30.480
  24 2757.1  11/2-   5/2  35    0.66    2.31    2.31    4.21    1.64      12.49   12.49    0.00    0.20      1.523   1.523   0.000
  25 3063.4  13/2-   9/2  31    3.05    2.98    2.98   18.72    3.62      11.44   11.44    0.00    0.13      1.394   1.394   0.000
  
  26 3777.5  11/2-  -3/2  33   -0.54    1.93    1.93    4.10    0.97      16.07   16.07    0.00   -0.38      1.960   1.960   0.000
  27 3945.9  11/2-  -7/2  28   -2.92    2.00    2.00   11.15    1.85      14.36   14.36   -0.00   -0.76      1.751   1.751  -0.000
  28 4030.7  13/2-   5/2  35    0.55    2.54    2.54    3.84    1.63      17.42   17.42    0.00    0.42      2.124   2.124   0.000
  29 5330.3  13/2-   1/2  37   -0.37    1.63    1.63    1.14    0.67      21.88   21.88    0.00    0.04      2.668   2.668   0.000
  30 5435.9  13/2-  -7/2  28   -1.58    2.04    2.04    7.94    1.29      21.37   21.37   -0.00   -0.46      2.605   2.605  -0.000
  
  31 5788.0   1/2-   1/2  32    0.59   20.52   20.52    0.29   -3.40      24.01   24.01   -0.04   -6.39      2.927   2.927  -5.483
  3212059.5   1/2-   1/2  40    0.91   35.66   35.66    0.46   -5.31      40.97   40.97   -0.21   -8.45      4.995   4.995 -24.997
