1SPECTRUM OF (Z= 82 A=207) IN PARTICLE-ROTOR  MODEL WITH MODIFIED OSCILLATOR POTENTIAL


 PARITY=-   EPS= 0.187   GAMMA=  0.0   EPS4=0.000   EPS6=0.000   LEVELS:  25  26  27  28  29  30  31  32  33  34  35  36  37  38  39

 PAIRING FACTORS: GN0= 19.20  GN1=  7.40  IPAIR= 15 ***  E2PLUS(INPUT)=   0.730  E2PLUR(INPUT)=   0.000

 CORIOLIS ATTENUATION PARAMETERS:  CHSI=1.000  ETA=  1.00

 MOMENT OF INERTIA PARAMETERS:   A1=  0.122 MEV   A2=  0.122 MEV   A3=121.91924 MEV


 DELTA=0.923 MEV  LAMBDA=53.4684 MEV   HW0= 7.4411 MEV   LAMBDA/HW0= 7.1855

 E2ENERGY=0.730 MEV  HBAR**2/B= 6484./A**(7/3)=1096.1/A**2 MEV

 IREC=0  =>  RECOIL TERMS j+j-, j+j+, jzjz, ETC TREATED AS ONE-BODY OPERATORS WITH UU+VV PAIRING FACTORS



 S. P. LEVEL   EQP       U     V        (UU + VV)**1.00

     25       4.297    0.108 0.994      1.000 1.000 1.000 0.998 0.995 0.994 0.992 0.773 0.669 0.457 0.418 0.372 0.313 0.264 0.228
     26       3.955    0.117 0.993      1.000 1.000 1.000 0.999 0.996 0.995 0.993 0.779 0.676 0.466 0.426 0.381 0.322 0.273 0.237
     27       3.784    0.123 0.992      1.000 1.000 1.000 0.999 0.997 0.995 0.993 0.782 0.680 0.471 0.431 0.386 0.328 0.278 0.242
     28       2.831    0.165 0.986      0.998 0.999 0.999 1.000 0.999 0.999 0.997 0.808 0.710 0.508 0.469 0.425 0.368 0.319 0.283
     29       2.295    0.205 0.979      0.995 0.996 0.997 0.999 1.000 1.000 1.000 0.831 0.739 0.543 0.505 0.462 0.405 0.358 0.322
     30       2.180    0.217 0.976      0.994 0.995 0.995 0.999 1.000 1.000 1.000 0.838 0.746 0.552 0.515 0.472 0.416 0.368 0.333
     31       2.019    0.235 0.972      0.992 0.993 0.993 0.997 1.000 1.000 1.000 0.848 0.759 0.568 0.531 0.488 0.433 0.386 0.351
     32       0.923    0.715 0.700      0.773 0.779 0.782 0.808 0.831 0.838 0.848 1.000 0.989 0.918 0.900 0.877 0.845 0.816 0.794
     33       0.973    0.811 0.584      0.669 0.676 0.680 0.710 0.739 0.746 0.759 0.989 1.000 0.967 0.955 0.939 0.916 0.894 0.876
     34       1.378    0.933 0.359      0.457 0.466 0.471 0.508 0.543 0.552 0.568 0.918 0.967 1.000 0.999 0.996 0.988 0.978 0.970
     35       1.534    0.948 0.317      0.418 0.426 0.431 0.469 0.505 0.515 0.531 0.900 0.955 0.999 1.000 0.999 0.994 0.987 0.980
     36       1.777    0.963 0.270      0.372 0.381 0.386 0.425 0.462 0.472 0.488 0.877 0.939 0.996 0.999 1.000 0.998 0.993 0.989
     37       2.257    0.978 0.209      0.313 0.322 0.328 0.368 0.405 0.416 0.433 0.845 0.916 0.988 0.994 0.998 1.000 0.999 0.996
     38       2.954    0.987 0.158      0.264 0.273 0.278 0.319 0.358 0.368 0.386 0.816 0.894 0.978 0.987 0.993 0.999 1.000 0.999
     39       3.838    0.993 0.121      0.228 0.237 0.242 0.283 0.322 0.333 0.351 0.794 0.876 0.970 0.980 0.989 0.996 0.999 1.000

  R CORE   ENERGY   A0R/A00=1.000    R3= 0     2  
   2( 1)    0.732                    1.000 0.000
   2( 2)  487.921                    0.000 1.000

  R CORE   ENERGY   A0R/A00=1.000    R3= 0     2  
   3( 1)  488.652                    0.000 1.000

  R CORE   ENERGY   A0R/A00=1.000    R3= 0     2     4  
   4( 1)    2.438                    1.000 0.000 0.000

  R CORE   ENERGY   A0R/A00=1.000    R3= 0     2     4  
   5( 1)  490.847                    0.000 1.000 0.000

  R CORE   ENERGY   A0R/A00=1.000    R3= 0     2     4     6  
   6( 1)    5.121                    1.000 0.000 0.000 0.000

  R CORE   ENERGY   A0R/A00=1.000    R3= 0     2     4     6  
   7( 1)  494.017                    0.000 1.000 0.000 0.000

          AXIAL SYMMETRY => K RESTRICTED TO OMEGA

                     K
     S.P. ORB#: 25  2.50
     S.P. ORB#: 26  0.50
     S.P. ORB#: 27 -3.50
     S.P. ORB#: 28 -3.50
     S.P. ORB#: 29  4.50
     S.P. ORB#: 30  0.50
     S.P. ORB#: 31 -1.50
     S.P. ORB#: 32 -1.50
     S.P. ORB#: 33  2.50
     S.P. ORB#: 34  0.50
     S.P. ORB#: 35  0.50
     S.P. ORB#: 36 -1.50
     S.P. ORB#: 37  2.50
     S.P. ORB#: 38 -3.50
     S.P. ORB#: 39  4.50
 

             ENERGY    K= OMEGA
 
 I=  1/2- (1)  1.625  26:-0.061
                      34:-0.998
 
 I=  1/2- (2)  3.209  30: 0.999
 
 I=  1/2- (3)  5.114  26: 0.998
                      34:-0.061
 
 I=  1/2- (4)  9.531  35:-1.000
 
 I=  1/2- (5)147.226  32: 1.000

             ENERGY    K= OMEGA
 
 I=  3/2- (1)  1.401  30: 0.189
                      31: 0.108
                      32: 0.972
                      34:-0.080
 
 I=  3/2- (2)  2.277  30:-0.153
                      31:-0.129
                      32: 0.124
                      34: 0.972
 
 I=  3/2- (3)  3.057  26: 0.098
                      30:-0.288
                      31: 0.948
                      34: 0.086
 
 I=  3/2- (4)  3.418  26:-0.372
                      30:-0.866
                      31:-0.198
                      32: 0.194
                      34:-0.187
 
 I=  3/2- (5)  6.192  35:-0.860
                      36:-0.510

             ENERGY    K= OMEGA
 
 I=  5/2- (1)  1.447  26: 0.051
                      30:-0.135
                      31:-0.182
                      32: 0.412
                      33: 0.879
                      34:-0.064
 
 I=  5/2- (2)  2.019  30:-0.222
                      31: 0.166
                      32: 0.869
                      33:-0.404
 
 I=  5/2- (3)  2.302  30: 0.146
                      31: 0.188
                      33: 0.128
                      34: 0.963
 
 I=  5/2- (4)  3.298  26: 0.383
                      30:-0.454
                      31:-0.738
                      32:-0.078
                      33:-0.191
                      34: 0.244
 
 I=  5/2- (5)  4.548  26:-0.065
                      30: 0.799
                      31:-0.529
                      32: 0.256
                      33:-0.104

             ENERGY    K= OMEGA
 
 I=  7/2- (1)  2.078  30: 0.181
                      31:-0.216
                      32: 0.502
                      33:-0.816
 
 I=  7/2- (2)  2.673  25:-0.068
                      26:-0.173
                      28: 0.069
                      30:-0.347
                      31:-0.293
                      32:-0.719
                      33:-0.445
                      34: 0.198
 
 I=  7/2- (3)  3.563  25:-0.243
                      27:-0.103
                      28: 0.955
                      30: 0.059
                      31: 0.062
                      34:-0.098
 
 I=  7/2- (4)  3.878  26: 0.088
                      28:-0.107
                      30: 0.153
                      31: 0.226
                      32:-0.310
                      33:-0.207
                      34:-0.876
 
 I=  7/2- (5)  3.937  35: 0.724
                      36: 0.574
                      37: 0.353
                      38: 0.149

             ENERGY    K= OMEGA
 
 I=  9/2- (1)  2.740  26: 0.175
                      27:-0.090
                      29: 0.159
                      30:-0.299
                      31:-0.355
                      32: 0.470
                      33: 0.682
                      34:-0.174
 
 I=  9/2- (2)  3.045  25: 0.078
                      27: 0.248
                      28: 0.196
                      29:-0.927
                      30:-0.068
                      31:-0.080
                      32: 0.082
                      33: 0.110
                      34:-0.051
 
 I=  9/2- (3)  3.854  25: 0.125
                      28: 0.170
                      30: 0.195
                      31:-0.314
                      32:-0.757
                      33: 0.345
                      34:-0.349
 
 I=  9/2- (4)  3.917  26: 0.099
                      28:-0.090
                      30:-0.288
                      31:-0.126
                      32: 0.097
                      33:-0.492
                      34:-0.792
 
 I=  9/2- (5)  4.487  25:-0.308
                      27: 0.121
                      28:-0.896
                      29:-0.185
                      30: 0.092
                      31:-0.063
                      32:-0.165
                      33: 0.121

             ENERGY    K= OMEGA
 
 I= 11/2- (1)  2.705  35:-0.659
                      36:-0.565
                      37:-0.413
                      38:-0.251
                      39:-0.113
 
 I= 11/2- (2)  3.876  25:-0.127
                      27: 0.274
                      28: 0.187
                      29: 0.607
                      30:-0.188
                      31: 0.197
                      32:-0.398
                      33: 0.521
 
 I= 11/2- (3)  4.089  25: 0.066
                      27:-0.206
                      28:-0.196
                      29:-0.651
                      30:-0.202
                      31: 0.206
                      32:-0.395
                      33: 0.501
 
 I= 11/2- (4)  4.654  25:-0.102
                      26:-0.286
                      28: 0.125
                      30:-0.417
                      31:-0.404
                      32:-0.549
                      33:-0.439
                      34: 0.242
 
 I= 11/2- (5)  5.594  25:-0.369
                      26: 0.090
                      27:-0.158
                      28: 0.853
                      29:-0.257
                      30: 0.114
                      31: 0.106
                      34:-0.113

             ENERGY    K= OMEGA
 
 I= 13/2- (1)  4.350  35:-0.185
                      36: 0.481
                      37:-0.602
                      38: 0.527
                      39:-0.307
 
 I= 13/2- (2)  4.742  25:-0.082
                      26: 0.279
                      27:-0.140
                      28:-0.082
                      29: 0.212
                      30:-0.386
                      31:-0.433
                      32: 0.421
                      33: 0.533
                      34:-0.215
 
 I= 13/2- (3)  5.180  25: 0.167
                      26: 0.106
                      27: 0.363
                      28: 0.308
                      29:-0.815
                      30:-0.134
                      31:-0.153
                      32: 0.086
                      33: 0.109
                      34:-0.097
 
 I= 13/2- (4)  6.495  25:-0.153
                      26:-0.127
                      27: 0.050
                      28:-0.179
                      29:-0.148
                      31: 0.311
                      32: 0.604
                      33: 0.119
                      34: 0.654
 
 I= 13/2- (5)  6.580  25: 0.209
                      26:-0.077
                      27:-0.118
                      28: 0.368
                      29: 0.087
                      30: 0.329
                      31:-0.106
                      32:-0.326
                      33: 0.636
                      34: 0.405

             ENERGY     K= 9/2
  35 LEVELS    TIME=  0.0 SEC



 ******************* EXCITATION ENERGIES, DOMINANT CONFIGURATION AND EXPECTATION VALUES (WITH S.P. UU+VV FACTORS) *******************

  NR  Eex(keV)  I   Kdom  NY    <Jz>  <Jx**2> <Jy**2> <Jz**2> <I.j>/|I|  <Rx**2> <Ry**2> <Rz**2> <R.j>/|R|  <HROTx> <HROTy> <HROTz>

   1    0.0   3/2-  -3/2  32   -1.41    1.54    1.54    2.16    1.45       1.68    1.68   -0.00   -1.32      0.205   0.205  -0.000
   2   46.1   5/2-   5/2  33    1.64    1.85    1.85    5.29    2.42       1.71    1.71    0.00   -0.99      0.208   0.208   0.000
   3  224.1   1/2-   1/2  34    0.50    1.20    1.20    0.25    0.83       0.97    0.97    0.00   -1.38      0.119   0.119   0.000
   4  617.8   5/2-  -3/2  32   -0.73    1.55    1.55    2.81    1.11       4.05    4.05   -0.00   -0.92      0.494   0.494  -0.000
   5  676.9   7/2-   5/2  33    1.23    1.95    1.95    4.87    2.03       4.19    4.19    0.00   -0.24      0.511   0.511   0.000
  
   6  876.3   3/2-   1/2  34    0.44    1.32    1.32    0.31   -0.13       3.60    3.60    0.00   -1.19      0.439   0.439   0.000
   7  901.3   5/2-   1/2  34    0.46    1.55    1.55    0.42    0.84       3.65    3.65    0.00   -0.39      0.445   0.445   0.000
   8 1271.7   7/2-  -3/2  32   -0.32    1.74    1.74    2.73    1.36       5.57    5.57    0.00   -0.24      0.680   0.680   0.000
   9 1304.0  11/2-   1/2  35    0.00   27.98   27.98    2.92    7.33       3.49    3.49    0.00   -5.70      0.426   0.426   0.000
  10 1339.1   9/2-   5/2  33    0.81    2.72    2.72    4.36    2.34       5.62    5.62    0.00    0.55      0.685   0.685   0.000
  
  11 1644.1   9/2-   9/2  29    3.55    2.67    2.67   18.78    4.37       2.68    2.68    0.00   -1.02      0.327   0.327   0.000
  12 1656.3   3/2-  -3/2  31   -1.30    3.97    3.97    2.05    1.40       4.16    4.16    0.00   -2.52      0.507   0.507   0.000
  13 1808.0   1/2-   1/2  30    0.50    4.05    4.05    0.25    0.39       4.21    4.21    0.00   -2.76      0.513   0.513   0.000
  14 1896.6   5/2-  -3/2  31   -0.53    3.82    3.82    1.57    1.59       4.28    4.28    0.00   -1.54      0.522   0.522   0.000
  15 2016.6   3/2-   1/2  30    0.35    3.33    3.33    0.40    0.52       4.40    4.40    0.00   -2.04      0.537   0.537   0.000
  
  16 2162.0   7/2-  -7/2  28   -3.08    2.36    2.36   11.68    3.38       2.68    2.68    0.00   -1.30      0.327   0.327   0.000
  17 2452.9   9/2-  -3/2  32   -0.69    1.53    1.53    2.80    0.94      10.63   10.63    0.00   -0.26      1.296   1.296   0.000
  18 2474.8  11/2-   9/2  29    1.72    2.72    2.72   11.07    2.99       8.24    8.24    0.00    0.34      1.004   1.004   0.000
  19 2477.5   7/2-   1/2  34    0.25    1.69    1.69    0.94   -0.03      10.14   10.14    0.00   -0.98      1.237   1.237   0.000
  20 2516.3   9/2-   1/2  34    0.90    2.03    2.03    1.89    1.01      10.33   10.33    0.00   -0.20      1.259   1.259   0.000
  
  21 2536.2   7/2-   1/2  35    0.00   28.32   28.32    1.92    7.09       9.03    9.03    0.00   -7.16      1.101   1.101   0.000
  22 2687.9  11/2-   9/2  29    1.99    2.52    2.52   11.63    2.83       9.28    9.28   -0.00    0.06      1.132   1.132  -0.000
  23 2948.6  13/2-   5/2  37    0.03   26.20   26.20    8.10    6.72       7.73    7.73    0.00   -3.46      0.943   0.943   0.000
  24 3086.4   9/2-  -7/2  28   -2.47    2.47    2.47   11.45    2.81       6.60    6.60    0.00   -0.67      0.805   0.805   0.000
  25 3146.6   5/2-   1/2  30   -0.17    4.10    4.10    1.01   -0.43      10.25   10.25    0.00   -2.31      1.249   1.249   0.000
  
  26 3252.8  11/2-  -3/2  32   -0.09    2.13    2.13    2.62    1.52      12.21   12.21    0.00    0.45      1.489   1.489   0.000
  27 3341.4  13/2-   5/2  33    0.43    3.48    3.48    3.94    2.51      12.31   12.31   -0.00    1.33      1.501   1.501  -0.000
  28 3713.1   1/2-   1/2  26    0.50    4.89    4.89    0.25    0.68       4.80    4.80    0.00   -3.05      0.585   0.585   0.000
  29 3778.8  13/2-   9/2  29    2.27    3.30    3.30   16.56    3.62      10.69   10.69    0.00    0.46      1.303   1.303   0.000
  30 4192.7  11/2-  -7/2  28   -2.00    2.63    2.63   11.44    2.60      10.67   10.67    0.00   -0.25      1.301   1.301   0.000
  
  31 4790.6   3/2-   1/2  35   -0.02   28.65   28.65    0.77    6.23      18.84   18.84    0.00   -7.49      2.297   2.297   0.000
  32 5094.0  13/2-   1/2  34   -0.40    1.72    1.72    2.25    0.94      20.68   20.68    0.00    0.13      2.522   2.522   0.000
  33 5179.4  13/2-   5/2  33    0.59    2.17    2.17    5.12    1.27      20.26   20.26    0.00   -0.10      2.471   2.471   0.000
  34 8130.2   1/2-   1/2  35    0.50   28.77   28.77    0.25   -4.07      32.80   32.80   -0.00   -7.57      3.999   3.999  -0.000
  35*******   1/2-  -3/2  32    0.00    0.00    0.00    0.00   -0.00       0.00    0.00   -0.00   -0.00      0.000   0.000  -0.000
  
