1SPECTRUM OF (Z= 82 A=207) IN PARTICLE-ROTOR  MODEL WITH MODIFIED OSCILLATOR POTENTIAL


 PARITY=-   EPS= 0.479   GAMMA=  0.0   EPS4=0.000   EPS6=0.000   LEVELS:  25  26  27  28  29  30  31  32  33  34  35  36  37  38  39

 PAIRING FACTORS: GN0= 19.20  GN1=  7.40  IPAIR= 15 ***  E2PLUS(INPUT)=   0.730  E2PLUR(INPUT)=   0.000

 CORIOLIS ATTENUATION PARAMETERS:  CHSI=1.000  ETA=  1.00

 MOMENT OF INERTIA PARAMETERS:   A1=  0.122 MEV   A2=  0.122 MEV   A3=121.91923 MEV


 DELTA=0.848 MEV  LAMBDA=53.4479 MEV   HW0= 7.6326 MEV   LAMBDA/HW0= 7.0026

 E2ENERGY=0.730 MEV  HBAR**2/B=42543./A**(7/3)=7191.8/A**2 MEV

 IREC=0  =>  RECOIL TERMS j+j-, j+j+, jzjz, ETC TREATED AS ONE-BODY OPERATORS WITH UU+VV PAIRING FACTORS



 S. P. LEVEL   EQP       U     V        (UU + VV)**1.00

     25       4.118    0.104 0.995      1.000 1.000 0.995 0.992 0.974 0.974 0.944 0.651 0.576 0.356 0.309 0.280 0.263 0.246 0.199
     26       3.397    0.126 0.992      1.000 1.000 0.997 0.994 0.979 0.979 0.951 0.667 0.595 0.377 0.330 0.302 0.285 0.268 0.221
     27       2.187    0.198 0.980      0.995 0.997 1.000 0.999 0.991 0.991 0.971 0.720 0.652 0.444 0.398 0.371 0.354 0.337 0.291
     28       1.885    0.231 0.973      0.992 0.994 0.999 1.000 0.995 0.995 0.978 0.743 0.677 0.474 0.429 0.402 0.386 0.369 0.324
     29       1.382    0.324 0.946      0.974 0.979 0.991 0.995 1.000 1.000 0.994 0.805 0.745 0.557 0.515 0.489 0.473 0.458 0.414
     30       1.378    0.325 0.946      0.974 0.979 0.991 0.995 1.000 1.000 0.994 0.805 0.746 0.558 0.516 0.490 0.474 0.458 0.415
     31       1.098    0.427 0.904      0.944 0.951 0.971 0.978 0.994 0.994 1.000 0.865 0.815 0.646 0.607 0.583 0.568 0.553 0.512
     32       0.906    0.823 0.568      0.651 0.667 0.720 0.743 0.805 0.805 0.865 1.000 0.996 0.941 0.923 0.911 0.904 0.896 0.874
     33       0.994    0.872 0.489      0.576 0.595 0.652 0.677 0.745 0.746 0.815 0.996 1.000 0.969 0.955 0.946 0.940 0.934 0.916
     34       1.703    0.966 0.258      0.356 0.377 0.444 0.474 0.557 0.558 0.646 0.941 0.969 1.000 0.999 0.997 0.995 0.993 0.987
     35       2.074    0.978 0.209      0.309 0.330 0.398 0.429 0.515 0.516 0.607 0.923 0.955 0.999 1.000 1.000 0.999 0.998 0.994
     36       2.399    0.984 0.180      0.280 0.302 0.371 0.402 0.489 0.490 0.583 0.911 0.946 0.997 1.000 1.000 1.000 0.999 0.996
     37       2.654    0.987 0.162      0.263 0.285 0.354 0.386 0.473 0.474 0.568 0.904 0.940 0.995 0.999 1.000 1.000 1.000 0.998
     38       2.965    0.990 0.145      0.246 0.268 0.337 0.369 0.458 0.458 0.553 0.896 0.934 0.993 0.998 0.999 1.000 1.000 0.999
     39       4.416    0.995 0.096      0.199 0.221 0.291 0.324 0.414 0.415 0.512 0.874 0.916 0.987 0.994 0.996 0.998 0.999 1.000

  R CORE   ENERGY   A0R/A00=1.000    R3= 0     2  
   2( 1)    0.732                    1.000 0.000
   2( 2)  487.921                    0.000 1.000

  R CORE   ENERGY   A0R/A00=1.000    R3= 0     2  
   3( 1)  488.652                    0.000 1.000

  R CORE   ENERGY   A0R/A00=1.000    R3= 0     2     4  
   4( 1)    2.438                    1.000 0.000 0.000

  R CORE   ENERGY   A0R/A00=1.000    R3= 0     2     4  
   5( 1)  490.847                    0.000 1.000 0.000

  R CORE   ENERGY   A0R/A00=1.000    R3= 0     2     4     6  
   6( 1)    5.121                    1.000 0.000 0.000 0.000

  R CORE   ENERGY   A0R/A00=1.000    R3= 0     2     4     6  
   7( 1)  494.017                    0.000 1.000 0.000 0.000

          AXIAL SYMMETRY => K RESTRICTED TO OMEGA

                     K
     S.P. ORB#: 25  0.50
     S.P. ORB#: 26 -1.50
     S.P. ORB#: 27 -5.50
     S.P. ORB#: 28  2.50
     S.P. ORB#: 29  2.50
     S.P. ORB#: 30 -3.50
     S.P. ORB#: 31  0.50
     S.P. ORB#: 32  0.50
     S.P. ORB#: 33 -1.50
     S.P. ORB#: 34 -3.50
     S.P. ORB#: 35  0.50
     S.P. ORB#: 36 -3.50
     S.P. ORB#: 37 -1.50
     S.P. ORB#: 38  4.50
     S.P. ORB#: 39  4.50
 

             ENERGY    K= OMEGA
 
 I=  1/2- (1)  2.286  32: 0.999
 
 I=  1/2- (2)  4.318  31: 0.924
                      35:-0.383
 
 I=  1/2- (3)  5.917  25: 0.999
 
 I=  1/2- (4)  6.361  31:-0.383
                      35:-0.924
 
 I=  1/2- (5)147.297  33:-1.000

             ENERGY    K= OMEGA
 
 I=  3/2- (1)  2.324  32: 0.676
                      33:-0.737
 
 I=  3/2- (2)  2.545  25:-0.146
                      32:-0.728
                      33:-0.670

             ENERGY    K= OMEGA
 
 I=  5/2- (1)  2.760  25: 0.200
                      28:-0.075
                      32:-0.524
                      33:-0.825
 
 I=  5/2- (2)  3.490  25: 0.057
                      28: 0.217
                      32:-0.825
                      33: 0.518
 
 I=  5/2- (3)  3.708  28:-0.973
                      32:-0.144
                      33: 0.179
 
 I=  5/2- (4)  4.652  26:-0.124
                      29: 0.104
                      31: 0.826
                      35:-0.481
                      37:-0.246
 
 I=  5/2- (5)  6.358  26: 0.480
                      29:-0.842
                      35:-0.241

             ENERGY    K= OMEGA
 
 I=  7/2- (1)  3.269  28:-0.239
                      30: 0.227
                      33: 0.072
                      36: 0.941
 
 I=  7/2- (2)  3.315  28:-0.220
                      30:-0.957
                      33: 0.077
                      36: 0.168
 
 I=  7/2- (3)  3.538  30: 0.070
                      32:-0.783
                      33: 0.608
                      36:-0.099
 
 I=  7/2- (4)  3.892  25:-0.262
                      28: 0.095
                      32:-0.588
                      33:-0.755
                      36: 0.074
 
 I=  7/2- (5)  4.703  28:-0.941
                      30: 0.159
                      33:-0.131
                      36:-0.267

             ENERGY    K= OMEGA
 
 I=  9/2- (1)  3.668  28:-0.162
                      30: 0.542
                      36:-0.262
                      38:-0.781
 
 I=  9/2- (2)  4.240  25: 0.265
                      28:-0.226
                      30:-0.145
                      32:-0.460
                      33:-0.650
                      36:-0.453
                      38: 0.137
 
 I=  9/2- (3)  4.327  25:-0.172
                      28:-0.203
                      30:-0.278
                      32: 0.312
                      33: 0.395
                      36:-0.769
                      38: 0.084
 
 I=  9/2- (4)  4.731  28:-0.289
                      30: 0.742
                      32: 0.072
                      36:-0.068
                      38: 0.594
 
 I=  9/2- (5)  5.240  26: 0.393
                      29:-0.565
                      31:-0.453
                      34: 0.438
                      35: 0.213
                      37: 0.190
                      39:-0.220

             ENERGY    K= OMEGA
 
 I= 11/2- (1)  3.526  27:-0.999
 
 I= 11/2- (2)  4.724  28: 0.202
                      30: 0.571
                      36:-0.301
                      38: 0.735
 
 I= 11/2- (3)  5.192  26:-0.412
                      29:-0.544
                      31:-0.461
                      34:-0.441
                      35:-0.172
                      37:-0.184
                      39:-0.254
 
 I= 11/2- (4)  5.558  28: 0.356
                      30:-0.302
                      32: 0.150
                      33:-0.208
                      36:-0.820
                      38:-0.209
 
 I= 11/2- (5)  5.726  25: 0.101
                      30: 0.098
                      32: 0.832
                      33:-0.484
                      36: 0.232

             ENERGY    K= OMEGA
 
 I= 13/2- (1)  5.108  27:-0.998
                      38: 0.061
 
 I= 13/2- (2)  5.836  26:-0.393
                      29: 0.583
                      31: 0.219
                      34:-0.559
                      35:-0.063
                      37:-0.112
                      39: 0.357
 
 I= 13/2- (3)  6.050  27:-0.064
                      28:-0.233
                      30: 0.579
                      33:-0.059
                      36:-0.325
                      38:-0.704
 
 I= 13/2- (4)  6.641  25: 0.396
                      28:-0.109
                      30:-0.074
                      32:-0.550
                      33:-0.711
                      36:-0.076
                      38: 0.107
 
 I= 13/2- (5)  7.096  25:-0.069
                      28:-0.365
                      30:-0.324
                      32: 0.112
                      33: 0.087
                      36:-0.829
                      38: 0.222

             ENERGY     K= 9/2
  32 LEVELS    TIME=  0.0 SEC



 ******************* EXCITATION ENERGIES, DOMINANT CONFIGURATION AND EXPECTATION VALUES (WITH S.P. UU+VV FACTORS) *******************

  NR  Eex(keV)  I   Kdom  NY    <Jz>  <Jx**2> <Jy**2> <Jz**2> <I.j>/|I|  <Rx**2> <Ry**2> <Rz**2> <R.j>/|R|  <HROTx> <HROTy> <HROTz>

   1    0.0   1/2-   1/2  32    0.50    5.24    5.24    0.25    0.13       5.63    5.63   -0.00   -3.17      0.687   0.687  -0.000
   2   38.0   3/2-  -3/2  33   -0.59    5.23    5.23    1.34    1.11       5.62    5.62    0.00   -2.88      0.685   0.685   0.000
   3  258.4   3/2-   1/2  32   -0.40    5.23    5.23    1.15    0.73       6.28    6.28    0.00   -2.88      0.765   0.765   0.000
   4  473.9   5/2-  -3/2  33   -0.85    5.38    5.38    1.64    1.27       6.81    6.81    0.00   -2.34      0.830   0.830   0.000
   5  982.4   7/2-  -7/2  36   -3.14    2.59    2.59   11.84    3.14       3.94    3.94   -0.00   -1.63      0.480   0.480  -0.000
  
   6 1028.6   7/2-  -7/2  30   -3.19    6.30    6.30   11.88    3.12       7.73    7.73    0.00   -3.08      0.943   0.943   0.001
   7 1204.0   5/2-   1/2  32    0.06    5.30    5.30    1.07   -0.02      10.27   10.27    0.00   -2.59      1.252   1.252   0.000
   8 1239.9  11/2- -11/2  27   -5.49    2.75    2.75   30.23    5.06       5.49    5.49    0.00   -1.65      0.669   0.669   0.000
   9 1251.9   7/2-   1/2  32   -0.30    5.20    5.20    1.17    0.78      10.56   10.56    0.00   -1.84      1.287   1.287   0.000
  10 1382.0   9/2-   9/2  38    1.54    3.70    3.70   16.96    3.91       5.08    5.08    0.00   -1.53      0.619   0.619   0.000
  
  11 1421.9   5/2-   5/2  28    2.33    6.11    6.11    6.00    1.96       7.68    7.68    0.00   -3.17      0.936   0.936   0.000
  12 1606.2   7/2-  -3/2  33   -0.65    5.32    5.32    1.54    0.73      11.06   11.06    0.00   -1.97      1.349   1.349   0.000
  13 1954.2   9/2-  -3/2  33   -1.07    4.82    4.82    4.48    1.71      10.94   10.94    0.00   -1.20      1.333   1.333   0.000
  14 2031.5   1/2-   1/2  31    0.50   12.91   12.91    0.25    0.91      12.62   12.62    0.00   -5.03      1.539   1.539   0.000
  15 2040.4   9/2-  -7/2  36   -2.38    3.55    3.55    8.98    2.18       9.58    9.58    0.00   -1.20      1.168   1.168   0.000
  
  16 2365.7   5/2-   1/2  31    0.37   13.52   13.52    0.47    1.70      13.11   13.11   -0.00   -4.39      1.598   1.598  -0.000
  17 2416.8   7/2-   5/2  28    1.85    5.90    5.90    6.75    1.42      11.51   11.51    0.00   -2.69      1.403   1.403   0.000
  18 2437.4  11/2-   9/2  38    1.07    3.90    3.90   16.34    3.38       9.74    9.74    0.00   -0.89      1.187   1.187   0.000
  19 2444.5   9/2-  -7/2  30   -0.15    4.91    4.91   14.48    2.67      11.26   11.26    0.00   -2.33      1.373   1.373   0.001
  20 2821.7  13/2- -11/2  27   -5.46    2.75    2.75   30.20    4.33      11.97   11.97    0.00   -1.11      1.459   1.459   0.000
  
  21 2905.3  11/2-   5/2  29    0.16   20.74   20.74    6.05    4.76      13.15   13.15   -0.00   -3.71      1.604   1.604  -0.000
  22 2953.9   9/2-   5/2  29    0.18   20.19   20.19    5.82    4.39      13.62   13.62   -0.00   -4.66      1.660   1.660  -0.000
  23 3272.2  11/2-  -7/2  36   -2.21    3.18    3.18   11.14    2.13      13.89   13.89    0.00   -0.90      1.694   1.694   0.000
  24 3440.2  11/2-   1/2  32   -0.22    5.05    5.05    1.48    0.75      19.20   19.20    0.00   -1.15      2.341   2.341   0.000
  25 3549.4  13/2-   5/2  29    0.11   21.94   21.94    8.93    5.13      14.97   14.97   -0.00   -3.11      1.825   1.825  -0.000
  
  26 3630.6   1/2-   1/2  25    0.50    7.47    7.47    0.25    0.65       7.40    7.40    0.00   -3.80      0.903   0.903   0.000
  27 3763.7  13/2-   9/2  38    0.80    4.01    4.01   15.92    3.00      15.36   15.36    0.00   -0.53      1.873   1.873   0.000
  28 4072.2   5/2-   5/2  29    1.46   22.34   22.34    4.97    3.67      18.34   18.34   -0.00   -6.40      2.235   2.235  -0.000
  29 4074.7   1/2-   1/2  35    0.50   17.04   17.04    0.25   -0.73      18.17   18.17    0.00   -5.80      2.215   2.215   0.000
  30 4354.7  13/2-  -3/2  33   -0.49    5.65    5.65    1.70    1.40      21.08   21.08    0.00   -0.49      2.570   2.570   0.000
  
  31 4809.5  13/2-  -7/2  36   -2.22    3.15    3.15   11.56    1.91      19.95   19.95    0.00   -0.71      2.433   2.433   0.000
  32*******   1/2-  -3/2  33    0.00    0.00    0.00    0.00   -0.00       0.00    0.00   -0.00   -0.00      0.000   0.000  -0.000
