1SPECTRUM OF (Z= 82 A=207) IN PARTICLE-ROTOR  MODEL WITH MODIFIED OSCILLATOR POTENTIAL


 PARITY=-   EPS= 0.365   GAMMA=  0.0   EPS4=0.000   EPS6=0.000   LEVELS:  24  25  26  27  28  29  30  31  32  33  34  35  36  37  38

 PAIRING FACTORS: GN0= 19.20  GN1=  7.40  IPAIR= 15 ***  E2PLUS(INPUT)=   0.730  E2PLUR(INPUT)=   0.000

 CORIOLIS ATTENUATION PARAMETERS:  CHSI=1.000  ETA=  1.00

 MOMENT OF INERTIA PARAMETERS:   A1=  0.122 MEV   A2=  0.122 MEV   A3=121.91923 MEV


 DELTA=0.880 MEV  LAMBDA=53.4169 MEV   HW0= 7.5334 MEV   LAMBDA/HW0= 7.0906

 E2ENERGY=0.730 MEV  HBAR**2/B=24702./A**(7/3)=4175.9/A**2 MEV

 IREC=0  =>  RECOIL TERMS j+j-, j+j+, jzjz, ETC TREATED AS ONE-BODY OPERATORS WITH UU+VV PAIRING FACTORS



 S. P. LEVEL   EQP       U     V        (UU + VV)**1.00

     24       4.265    0.104 0.995      1.000 1.000 0.999 0.997 0.997 0.981 0.949 0.924 0.720 0.719 0.511 0.339 0.312 0.254 0.240
     25       4.232    0.105 0.995      1.000 1.000 0.999 0.997 0.997 0.981 0.949 0.924 0.720 0.720 0.512 0.339 0.313 0.254 0.241
     26       2.966    0.150 0.989      0.999 0.999 1.000 0.999 0.999 0.989 0.962 0.941 0.751 0.751 0.551 0.382 0.356 0.299 0.285
     27       2.426    0.185 0.983      0.997 0.997 0.999 1.000 1.000 0.994 0.971 0.952 0.774 0.774 0.580 0.414 0.389 0.332 0.319
     28       2.407    0.186 0.983      0.997 0.997 0.999 1.000 1.000 0.994 0.972 0.952 0.775 0.775 0.581 0.416 0.390 0.333 0.320
     29       1.565    0.294 0.956      0.981 0.981 0.989 0.994 0.994 1.000 0.992 0.980 0.840 0.840 0.668 0.514 0.490 0.436 0.423
     30       1.169    0.413 0.911      0.949 0.949 0.962 0.971 0.972 0.992 1.000 0.997 0.902 0.902 0.757 0.619 0.597 0.547 0.535
     31       1.050    0.477 0.879      0.924 0.924 0.941 0.952 0.952 0.980 0.997 1.000 0.931 0.930 0.801 0.673 0.652 0.605 0.594
     32       0.893    0.765 0.644      0.720 0.720 0.751 0.774 0.775 0.840 0.902 0.931 1.000 1.000 0.965 0.897 0.884 0.854 0.847
     33       0.893    0.766 0.643      0.719 0.720 0.751 0.774 0.775 0.840 0.902 0.930 1.000 1.000 0.965 0.897 0.884 0.854 0.847
     34       1.156    0.908 0.419      0.511 0.512 0.551 0.580 0.581 0.668 0.757 0.801 0.965 0.965 1.000 0.982 0.976 0.961 0.957
     35       1.895    0.971 0.239      0.339 0.339 0.382 0.414 0.416 0.514 0.619 0.673 0.897 0.897 0.982 1.000 1.000 0.996 0.995
     36       2.125    0.977 0.212      0.312 0.313 0.356 0.389 0.390 0.490 0.597 0.652 0.884 0.884 0.976 1.000 1.000 0.998 0.997
     37       2.930    0.988 0.152      0.254 0.254 0.299 0.332 0.333 0.436 0.547 0.605 0.854 0.854 0.961 0.996 0.998 1.000 1.000
     38       3.215    0.990 0.138      0.240 0.241 0.285 0.319 0.320 0.423 0.535 0.594 0.847 0.847 0.957 0.995 0.997 1.000 1.000

  R CORE   ENERGY   A0R/A00=1.000    R3= 0     2  
   2( 1)    0.732                    1.000 0.000
   2( 2)  487.921                    0.000 1.000

  R CORE   ENERGY   A0R/A00=1.000    R3= 0     2  
   3( 1)  488.652                    0.000 1.000

  R CORE   ENERGY   A0R/A00=1.000    R3= 0     2     4  
   4( 1)    2.438                    1.000 0.000 0.000

  R CORE   ENERGY   A0R/A00=1.000    R3= 0     2     4  
   5( 1)  490.847                    0.000 1.000 0.000

  R CORE   ENERGY   A0R/A00=1.000    R3= 0     2     4     6  
   6( 1)    5.121                    1.000 0.000 0.000 0.000

  R CORE   ENERGY   A0R/A00=1.000    R3= 0     2     4     6  
   7( 1)  494.017                    0.000 1.000 0.000 0.000

          AXIAL SYMMETRY => K RESTRICTED TO OMEGA

                     K
     S.P. ORB#: 24  0.50
     S.P. ORB#: 25 -5.50
     S.P. ORB#: 26  2.50
     S.P. ORB#: 27  0.50
     S.P. ORB#: 28 -3.50
     S.P. ORB#: 29 -1.50
     S.P. ORB#: 30  0.50
     S.P. ORB#: 31 -1.50
     S.P. ORB#: 32  2.50
     S.P. ORB#: 33 -3.50
     S.P. ORB#: 34  4.50
     S.P. ORB#: 35  0.50
     S.P. ORB#: 36 -3.50
     S.P. ORB#: 37 -1.50
     S.P. ORB#: 38  2.50
 

             ENERGY    K= OMEGA
 
 I=  1/2- (1)  2.442  30: 0.999
 
 I=  1/2- (2)  5.282  27:-0.281
                      35: 0.960
 
 I=  1/2- (3)  5.898  24: 0.999
 
 I=  1/2- (4)  8.938  27:-0.960
                      35:-0.281
 
 I=  1/2- (5)147.353  31:-1.000

             ENERGY    K= OMEGA
 
 I=  3/2- (1)  2.325  24:-0.074
                      30: 0.277
                      31:-0.958
 
 I=  3/2- (2)  2.513  24:-0.202
                      30:-0.914
                      31:-0.246
                      37:-0.251

             ENERGY    K= OMEGA
 
 I=  5/2- (1)  2.486  24:-0.260
                      30: 0.463
                      31: 0.811
                      37:-0.097
                      38:-0.223
 
 I=  5/2- (2)  3.375  24:-0.053
                      26:-0.060
                      30: 0.759
                      31:-0.459
                      37:-0.431
                      38: 0.147
 
 I=  5/2- (3)  3.913  24:-0.101
                      26: 0.073
                      30: 0.188
                      31: 0.145
                      37: 0.466
                      38: 0.843
 
 I=  5/2- (4)  4.505  26:-0.209
                      30:-0.364
                      31: 0.262
                      37:-0.735
                      38: 0.463
 
 I=  5/2- (5)  4.769  26: 0.973
                      30:-0.056
                      37:-0.217
                      38: 0.052

             ENERGY    K= OMEGA
 
 I=  7/2- (1)  1.739  26: 0.172
                      33:-0.984
 
 I=  7/2- (2)  3.322  24: 0.144
                      30:-0.261
                      31: 0.873
                      37:-0.107
                      38: 0.368
 
 I=  7/2- (3)  3.486  24:-0.305
                      30:-0.857
                      31:-0.236
                      37:-0.339
 
 I=  7/2- (4)  3.846  27: 0.661
                      29: 0.587
                      32: 0.428
                      36: 0.190
 
 I=  7/2- (5)  4.280  26:-0.202
                      28:-0.961
                      30:-0.063
                      31: 0.072
                      37: 0.067
                      38:-0.148

             ENERGY    K= OMEGA
 
 I=  9/2- (1)  2.075  26: 0.084
                      28:-0.168
                      33: 0.315
                      34: 0.930
 
 I=  9/2- (2)  2.760  26: 0.232
                      28: 0.095
                      31: 0.055
                      33: 0.912
                      34:-0.313
                      38:-0.052
 
 I=  9/2- (3)  3.566  24:-0.372
                      30: 0.500
                      31: 0.715
                      33:-0.071
                      37:-0.160
                      38:-0.264
 
 I=  9/2- (4)  4.681  27:-0.212
                      29: 0.550
                      32:-0.682
                      36: 0.432
 
 I=  9/2- (5)  5.237  26:-0.101
                      30: 0.652
                      31:-0.496
                      33: 0.056
                      37:-0.506
                      38: 0.240

             ENERGY    K= OMEGA
 
 I= 11/2- (1)  3.198  26:-0.137
                      28:-0.228
                      33: 0.411
                      34:-0.872
 
 I= 11/2- (2)  3.242  27:-0.644
                      29:-0.582
                      32:-0.438
                      35:-0.066
                      36:-0.225
 
 I= 11/2- (3)  4.011  26:-0.271
                      28: 0.141
                      31: 0.070
                      33: 0.854
                      34: 0.409
                      38: 0.069
 
 I= 11/2- (4)  5.236  24:-0.280
                      31:-0.855
                      33: 0.100
                      37: 0.062
                      38:-0.419
 
 I= 11/2- (5)  5.352  24:-0.302
                      30:-0.859
                      37:-0.395
                      38: 0.117

             ENERGY    K= OMEGA
 
 I= 13/2- (1)  4.545  26: 0.183
                      28:-0.267
                      33: 0.467
                      34: 0.822
 
 I= 13/2- (2)  5.172  27: 0.214
                      29:-0.550
                      32: 0.674
                      36:-0.443
 
 I= 13/2- (3)  5.421  24:-0.295
                      26: 0.224
                      28: 0.146
                      30: 0.327
                      31: 0.471
                      33: 0.575
                      34:-0.353
                      37:-0.099
                      38:-0.218
 
 I= 13/2- (4)  5.598  24:-0.329
                      26:-0.195
                      28:-0.108
                      30: 0.388
                      31: 0.476
                      33:-0.570
                      34: 0.307
                      37:-0.148
                      38:-0.154
 
 I= 13/2- (5)  7.162  25:-0.999

             ENERGY     K= 5/2
  32 LEVELS    TIME=  0.0 SEC



 ******************* EXCITATION ENERGIES, DOMINANT CONFIGURATION AND EXPECTATION VALUES (WITH S.P. UU+VV FACTORS) *******************

  NR  Eex(keV)  I   Kdom  NY    <Jz>  <Jx**2> <Jy**2> <Jz**2> <I.j>/|I|  <Rx**2> <Ry**2> <Rz**2> <R.j>/|R|  <HROTx> <HROTy> <HROTz>

   1    0.0   7/2-  -7/2  33   -3.32    2.31    2.31   12.06    3.28       3.20    3.20    0.00   -1.45      0.390   0.390   0.000
   2  336.7   9/2-   9/2  34    3.47    2.51    2.51   19.13    4.17       3.68    3.68   -0.00   -1.25      0.449   0.449  -0.000
   3  585.9   3/2-  -3/2  31   -1.34    4.88    4.88    2.09    1.39       5.12    5.12    0.00   -2.87      0.624   0.624   0.000
   4  703.1   1/2-   1/2  30    0.50    4.91    4.91    0.25    0.25       5.19    5.19    0.00   -3.06      0.633   0.633   0.000
   5  746.9   5/2-  -3/2  31   -0.73    5.01    5.01    1.89    2.01       4.37    4.37    0.00   -2.01      0.533   0.533   0.000
  
   6  774.8   3/2-   1/2  30    0.25    4.48    4.48    0.50    1.05       4.57    4.57    0.00   -2.45      0.557   0.557   0.000
   7 1021.1   9/2-  -7/2  33   -2.37    2.39    2.39   12.66    2.83       7.00    7.00    0.00   -0.89      0.854   0.854   0.000
   8 1459.3  11/2-   9/2  34    2.69    2.69    2.69   18.22    3.60       8.14    8.14   -0.00   -0.51      0.993   0.993  -0.000
   9 1503.4  11/2-   1/2  27    0.00   23.56   23.56    2.68    6.18       5.82    5.82    0.00   -3.76      0.709   0.709   0.000
  10 1583.5   7/2-  -3/2  31   -0.78    4.57    4.57    2.64    1.52       7.71    7.71    0.00   -1.46      0.940   0.940   0.000
  
  11 1635.8   5/2-   1/2  30   -0.24    4.12    4.12    1.19    0.52       7.56    7.56    0.00   -2.03      0.922   0.922   0.000
  12 1746.9   7/2-   1/2  30    0.16    4.32    4.32    0.61    1.26       7.50    7.50    0.00   -1.10      0.914   0.914   0.000
  13 1827.2   9/2-  -3/2  31   -0.45    5.13    5.13    1.81    2.18       7.56    7.56    0.00   -0.31      0.922   0.922   0.000
  14 2107.5   7/2-   1/2  27    0.03   23.24   23.24    2.47    6.08       8.24    8.24    0.00   -6.12      1.004   1.004   0.000
  15 2174.7   5/2-   5/2  38    1.46    2.02    2.02    5.03    1.81       3.56    3.56    0.00   -1.39      0.434   0.434   0.000
  
  16 2272.0  11/2-  -7/2  33   -1.68    2.47    2.47   13.07    2.52      11.80   11.80    0.00   -0.60      1.438   1.438   0.000
  17 2541.2   7/2-  -7/2  28   -3.09    6.08    6.08   11.73    3.09       7.55    7.55   -0.00   -2.99      0.921   0.921  -0.000
  18 2765.9   5/2-  -3/2  37   -0.20    2.76    2.76    3.02    0.33       7.68    7.68    0.00   -1.93      0.937   0.937   0.000
  19 2806.5  13/2-   9/2  34    2.10    2.86    2.86   17.46    3.22      13.50   13.50   -0.00   -0.14      1.646   1.646  -0.000
  20 2942.8   9/2-   5/2  32    0.08   24.06   24.06    5.89    5.21      13.48   13.48   -0.00   -5.41      1.643   1.643  -0.000
  
  21 3029.9   5/2-   5/2  26    2.30    5.84    5.84    6.04    1.97       7.42    7.42    0.00   -3.09      0.904   0.904   0.000
  22 3433.5  13/2-   5/2  32    0.02   24.05   24.05    5.94    5.15      15.43   15.43    0.00   -3.25      1.882   1.882   0.000
  23 3497.6  11/2-  -3/2  31   -0.65    4.49    4.49    2.92    1.55      14.55   14.55    0.00   -0.49      1.773   1.773   0.000
  24 3498.7   9/2-   1/2  30   -0.39    3.74    3.74    1.71    0.52      14.37   14.37    0.00   -1.23      1.752   1.752   0.000
  25 3543.6   1/2-   1/2  35    0.50   12.26   12.26    0.25   -1.11      13.72   13.72    0.00   -4.91      1.673   1.673   0.000
  
  26 3613.3  11/2-   1/2  30    0.21    4.22    4.22    0.66    1.28      14.75   14.75    0.00   -0.26      1.798   1.798   0.000
  27 3682.4  13/2-  -7/2  33   -0.68    3.80    3.80    8.03    2.34      15.87   15.87    0.00    0.12      1.934   1.934   0.000
  28 3859.5  13/2-  -7/2  33   -0.85    4.03    4.03    7.06    2.20      16.57   16.57    0.00    0.04      2.021   2.021   0.000
  29 4159.1   1/2-   1/2  24    0.50    6.79    6.79    0.25    0.65       6.72    6.72    0.00   -3.62      0.820   0.820   0.000
  30 5423.4  13/2- -11/2  25   -5.48    2.75    2.75   30.21    4.32      12.04   12.04    0.00   -1.13      1.468   1.468   0.000
  
  31 7199.6   1/2-   1/2  27    0.50   23.37   23.37    0.25   -3.48      26.88   26.88    0.00   -6.82      3.277   3.277   0.000
  32*******   1/2-  -3/2  31    0.00    0.00    0.00    0.00   -0.00       0.00    0.00    0.00   -0.00      0.000   0.000   0.000
