1SPECTRUM OF (Z= 82 A=207) IN PARTICLE-ROTOR  MODEL WITH MODIFIED OSCILLATOR POTENTIAL


 PARITY=-   EPS= 0.398   GAMMA=  0.0   EPS4=0.000   EPS6=0.000   LEVELS:  25  26  27  28  29  30  31  32  33  34  35  36  37  38  39

 PAIRING FACTORS: GN0= 19.20  GN1=  7.40  IPAIR= 15 ***  E2PLUS(INPUT)=   0.730  E2PLUR(INPUT)=   0.000

 CORIOLIS ATTENUATION PARAMETERS:  CHSI=1.000  ETA=  1.00

 MOMENT OF INERTIA PARAMETERS:   A1=  0.122 MEV   A2=  0.122 MEV   A3=121.91924 MEV


 DELTA=0.846 MEV  LAMBDA=53.4773 MEV   HW0= 7.5586 MEV   LAMBDA/HW0= 7.0751

 E2ENERGY=0.730 MEV  HBAR**2/B=29371./A**(7/3)=4965.1/A**2 MEV

 IREC=0  =>  RECOIL TERMS j+j-, j+j+, jzjz, ETC TREATED AS ONE-BODY OPERATORS WITH UU+VV PAIRING FACTORS



 S. P. LEVEL   EQP       U     V        (UU + VV)**1.00

     25       3.704    0.115 0.993      1.000 1.000 0.999 0.996 0.996 0.926 0.887 0.869 0.534 0.464 0.397 0.335 0.245 0.238 0.234
     26       3.182    0.134 0.991      1.000 1.000 1.000 0.998 0.997 0.933 0.896 0.879 0.550 0.481 0.415 0.354 0.264 0.257 0.253
     27       2.715    0.158 0.987      0.999 1.000 1.000 0.999 0.999 0.941 0.906 0.890 0.570 0.501 0.436 0.376 0.287 0.280 0.276
     28       2.157    0.200 0.980      0.996 0.998 0.999 1.000 1.000 0.955 0.924 0.909 0.605 0.538 0.475 0.415 0.328 0.321 0.317
     29       2.098    0.206 0.979      0.996 0.997 0.999 1.000 1.000 0.957 0.926 0.911 0.609 0.543 0.480 0.421 0.333 0.326 0.322
     30       1.001    0.482 0.876      0.926 0.933 0.941 0.955 0.957 1.000 0.996 0.992 0.814 0.764 0.714 0.667 0.593 0.587 0.584
     31       0.911    0.561 0.828      0.887 0.896 0.906 0.924 0.926 0.996 1.000 0.999 0.864 0.820 0.776 0.732 0.665 0.659 0.656
     32       0.887    0.591 0.807      0.869 0.879 0.890 0.909 0.911 0.992 0.999 1.000 0.882 0.841 0.799 0.757 0.693 0.687 0.684
     33       1.083    0.901 0.433      0.534 0.550 0.570 0.605 0.609 0.814 0.864 0.882 1.000 0.997 0.988 0.976 0.951 0.948 0.947
     34       1.263    0.933 0.359      0.464 0.481 0.501 0.538 0.543 0.764 0.820 0.841 0.997 1.000 0.997 0.990 0.973 0.971 0.970
     35       1.528    0.957 0.289      0.397 0.415 0.436 0.475 0.480 0.714 0.776 0.799 0.988 0.997 1.000 0.998 0.987 0.986 0.985
     36       1.929    0.974 0.225      0.335 0.354 0.376 0.415 0.421 0.667 0.732 0.757 0.976 0.990 0.998 1.000 0.996 0.995 0.994
     37       3.227    0.991 0.132      0.245 0.264 0.287 0.328 0.333 0.593 0.665 0.693 0.951 0.973 0.987 0.996 1.000 1.000 1.000
     38       3.417    0.992 0.125      0.238 0.257 0.280 0.321 0.326 0.587 0.659 0.687 0.948 0.971 0.986 0.995 1.000 1.000 1.000
     39       3.531    0.993 0.121      0.234 0.253 0.276 0.317 0.322 0.584 0.656 0.684 0.947 0.970 0.985 0.994 1.000 1.000 1.000

  R CORE   ENERGY   A0R/A00=1.000    R3= 0     2  
   2( 1)    0.732                    1.000 0.000
   2( 2)  487.921                    0.000 1.000

  R CORE   ENERGY   A0R/A00=1.000    R3= 0     2  
   3( 1)  488.652                    0.000 1.000

  R CORE   ENERGY   A0R/A00=1.000    R3= 0     2     4  
   4( 1)    2.438                    1.000 0.000 0.000

  R CORE   ENERGY   A0R/A00=1.000    R3= 0     2     4  
   5( 1)  490.847                    0.000 1.000 0.000

  R CORE   ENERGY   A0R/A00=1.000    R3= 0     2     4     6  
   6( 1)    5.121                    1.000 0.000 0.000 0.000

  R CORE   ENERGY   A0R/A00=1.000    R3= 0     2     4     6  
   7( 1)  494.017                    0.000 1.000 0.000 0.000

          AXIAL SYMMETRY => K RESTRICTED TO OMEGA

                     K
     S.P. ORB#: 25 -5.50
     S.P. ORB#: 26  0.50
     S.P. ORB#: 27  2.50
     S.P. ORB#: 28 -3.50
     S.P. ORB#: 29 -1.50
     S.P. ORB#: 30  0.50
     S.P. ORB#: 31 -1.50
     S.P. ORB#: 32  2.50
     S.P. ORB#: 33 -3.50
     S.P. ORB#: 34  0.50
     S.P. ORB#: 35  4.50
     S.P. ORB#: 36 -3.50
     S.P. ORB#: 37  0.50
     S.P. ORB#: 38 -1.50
     S.P. ORB#: 39 -1.50
 

             ENERGY    K= OMEGA
 
 I=  1/2- (1)  2.315  30:-1.000
 
 I=  1/2- (2)  4.188  26:-0.195
                      34: 0.915
                      37:-0.354
 
 I=  1/2- (3)  7.183  26:-0.319
                      34: 0.283
                      37: 0.905
 
 I=  1/2- (4)  9.503  26: 0.927
                      34: 0.289
                      37: 0.237
 
 I=  1/2- (5)147.214  31:-1.000

             ENERGY    K= OMEGA
 
 I=  3/2- (1)  2.225  30:-0.466
                      31: 0.884
 
 I=  3/2- (2)  2.580  30:-0.865
                      31:-0.462
                      38:-0.194
 
 I=  3/2- (3)  3.997  26: 0.258
                      29: 0.060
                      34:-0.925
                      37:-0.115
                      39: 0.245
 
 I=  3/2- (4)  4.105  30:-0.184
                      31:-0.068
                      38: 0.981
 
 I=  3/2- (5)  6.281  26: 0.719
                      29: 0.636
                      34: 0.267
                      39: 0.077

             ENERGY    K= OMEGA
 
 I=  5/2- (1)  2.782  30:-0.454
                      31:-0.887
                      38: 0.064
 
 I=  5/2- (2)  3.342  27:-0.063
                      30: 0.832
                      31:-0.446
                      38:-0.325
 
 I=  5/2- (3)  4.226  26: 0.148
                      29:-0.052
                      34:-0.802
                      37: 0.494
                      39:-0.296
 
 I=  5/2- (4)  4.489  27: 0.967
                      30: 0.109
                      31:-0.089
                      38: 0.214
 
 I=  5/2- (5)  4.839  27:-0.244
                      30: 0.300
                      31:-0.075
                      38: 0.919

             ENERGY    K= OMEGA
 
 I=  7/2- (1)  1.975  27: 0.149
                      33:-0.988
 
 I=  7/2- (2)  3.412  30: 0.701
                      31:-0.690
                      38: 0.175
 
 I=  7/2- (3)  4.019  27:-0.177
                      28:-0.496
                      30: 0.537
                      31: 0.596
                      38: 0.280
 
 I=  7/2- (4)  4.077  26:-0.050
                      29: 0.115
                      32: 0.164
                      34: 0.871
                      36: 0.069
                      37: 0.234
                      39:-0.373
 
 I=  7/2- (5)  4.081  27: 0.104
                      28: 0.849
                      30: 0.315
                      31: 0.382
                      38: 0.152

             ENERGY    K= OMEGA
 
 I=  9/2- (1)  2.456  27:-0.087
                      28: 0.167
                      33:-0.369
                      35:-0.910
 
 I=  9/2- (2)  3.063  27: 0.199
                      28: 0.101
                      33: 0.903
                      35:-0.367
 
 I=  9/2- (3)  4.531  27: 0.054
                      30: 0.584
                      31: 0.789
                      38:-0.181
 
 I=  9/2- (4)  4.783  26: 0.149
                      29:-0.503
                      32: 0.665
                      34: 0.275
                      36:-0.387
                      37:-0.167
                      39: 0.169
 
 I=  9/2- (5)  5.009  26:-0.183
                      29: 0.226
                      32:-0.211
                      34: 0.695
                      36: 0.130
                      37:-0.515
                      39: 0.325

             ENERGY    K= OMEGA
 
 I= 11/2- (1)  3.552  26: 0.561
                      29: 0.573
                      32: 0.480
                      34: 0.238
                      36: 0.227
                      37: 0.071
                      39:-0.119
 
 I= 11/2- (2)  3.599  27:-0.135
                      28:-0.226
                      33: 0.448
                      35:-0.853
 
 I= 11/2- (3)  4.374  27:-0.235
                      28: 0.149
                      33: 0.850
                      35: 0.443
 
 I= 11/2- (4)  5.016  26: 0.279
                      29: 0.131
                      34:-0.811
                      37:-0.279
                      39: 0.407
 
 I= 11/2- (5)  5.048  25: 0.999

             ENERGY    K= OMEGA
 
 I= 13/2- (1)  4.977  27: 0.173
                      28:-0.267
                      33: 0.488
                      35: 0.811
 
 I= 13/2- (2)  5.336  26: 0.197
                      29:-0.554
                      32: 0.680
                      34: 0.122
                      36:-0.402
                      39: 0.115
 
 I= 13/2- (3)  5.914  25:-0.060
                      27:-0.264
                      28:-0.186
                      33:-0.812
                      35: 0.481
 
 I= 13/2- (4)  6.635  25: 0.997
                      35: 0.059
 
 I= 13/2- (5)  6.669  26: 0.139
                      29:-0.117
                      32: 0.066
                      34:-0.706
                      37: 0.562
                      39:-0.382

             ENERGY     K=-3/2
  35 LEVELS    TIME=  0.0 SEC



 ******************* EXCITATION ENERGIES, DOMINANT CONFIGURATION AND EXPECTATION VALUES (WITH S.P. UU+VV FACTORS) *******************

  NR  Eex(keV)  I   Kdom  NY    <Jz>  <Jx**2> <Jy**2> <Jz**2> <I.j>/|I|  <Rx**2> <Ry**2> <Rz**2> <R.j>/|R|  <HROTx> <HROTy> <HROTz>

   1    0.0   7/2-  -7/2  33   -3.37    2.30    2.30   12.11    3.21       3.50    3.50    0.00   -1.51      0.427   0.427   0.000
   2  249.3   3/2-  -3/2  31   -1.07    5.00    5.00    1.82    1.28       5.30    5.30    0.00   -2.87      0.646   0.646   0.000
   3  340.0   1/2-   1/2  30    0.50    4.97    4.97    0.25    0.09       5.39    5.39   -0.00   -3.08      0.657   0.657  -0.000
   4  480.3   9/2-   9/2  35    3.17    2.50    2.50   18.83    4.09       3.94    3.94    0.00   -1.24      0.481   0.481   0.000
   5  605.0   3/2-   1/2  30   -0.00    4.78    4.78    0.75    0.44       6.18    6.18    0.00   -2.69      0.754   0.754   0.000
  
   6  806.9   5/2-  -3/2  31   -1.08    5.01    5.01    1.85    0.94       7.54    7.54    0.00   -2.34      0.920   0.920   0.000
   7 1087.4   9/2-  -7/2  33   -2.19    2.37    2.37   13.08    2.76       7.56    7.56    0.00   -1.05      0.922   0.922   0.000
   8 1366.7   5/2-   1/2  30   -0.10    4.53    4.53    0.88    0.25       8.60    8.60    0.00   -2.22      1.048   1.048   0.000
   9 1436.7   7/2-   1/2  30   -0.51    4.97    4.97    1.28    0.94       9.75    9.75    0.00   -1.70      1.189   1.189   0.000
  10 1576.5  11/2-  -3/2  29    0.07   23.67   23.67    2.93    6.22       5.83    5.83    0.00   -3.83      0.711   0.711   0.000
  
  11 1623.9  11/2-   9/2  35    2.43    2.67    2.67   17.99    3.50       8.63    8.63    0.00   -0.58      1.052   1.052   0.000
  12 2021.3   3/2-   1/2  34    0.37   12.63   12.63    0.38    2.42      10.01   10.01    0.00   -4.68      1.220   1.220   0.000
  13 2043.5   7/2-  -3/2  31   -1.29    4.94    4.94    4.27    1.16      10.34   10.34    0.00   -2.10      1.261   1.261   0.000
  14 2101.5   7/2-   1/2  34    0.23   15.38   15.38    0.77    3.50       9.77    9.77    0.00   -4.00      1.191   1.191   0.000
  15 2105.3   7/2-  -7/2  28   -2.70    5.80    5.80    9.30    2.36       8.96    8.96    0.00   -2.73      1.093   1.093   0.000
  
  16 2130.0   3/2-  -3/2  38   -1.43    2.00    2.00    2.18    0.91       3.20    3.20    0.00   -1.75      0.391   0.391   0.000
  17 2212.1   1/2-   1/2  34    0.50   11.09   11.09    0.25    1.04      10.69   10.69    0.00   -4.66      1.303   1.303   0.000
  18 2250.8   5/2-   1/2  34    0.32   11.56   11.56    0.43    2.35       9.19    9.19    0.00   -3.87      1.121   1.121   0.000
  19 2398.1  11/2-  -7/2  33   -1.60    2.45    2.45   13.51    2.41      12.65   12.65    0.00   -0.79      1.542   1.542   0.000
  20 2513.5   5/2-   5/2  27    2.26    5.88    5.88    5.96    2.01       7.29    7.29    0.00   -3.08      0.888   0.888   0.000
  
  21 2555.7   9/2-  -3/2  31   -0.81    4.99    4.99    1.60    0.76      14.36   14.36    0.00   -1.45      1.750   1.750   0.000
  22 2807.1   9/2-   5/2  32    0.22   22.89   22.89    5.27    4.97      13.18   13.18    0.00   -5.13      1.607   1.607   0.000
  23 2863.2   5/2-  -3/2  38   -1.08    2.44    2.44    2.31    0.34       6.95    6.95    0.00   -1.65      0.848   0.848   0.000
  24 3001.9  13/2-   9/2  35    1.94    2.81    2.81   17.37    3.10      14.23   14.23    0.00   -0.25      1.735   1.735   0.000
  25 3034.0   9/2-   1/2  34    0.21   12.74   12.74    1.03    2.78      11.82   11.82    0.00   -2.61      1.442   1.442   0.000
  
  26 3040.2  11/2-   1/2  34    0.14   13.74   13.74    0.64    3.24      12.55   12.55    0.00   -1.74      1.530   1.530   0.000
  27 3072.1  11/2- -11/2  25   -5.48    2.75    2.75   30.21    5.05       5.54    5.54    0.00   -1.66      0.675   0.675   0.000
  28 3360.3  13/2-   5/2  32    0.14   23.76   23.76    5.61    5.08      15.48   15.48    0.00   -3.17      1.887   1.887   0.000
  29 3938.3  13/2-  -7/2  33   -1.23    2.54    2.54   13.73    2.16      18.73   18.73    0.00   -0.61      2.283   2.283   0.000
  30 4305.3   3/2-   1/2  26   -0.32   22.56   22.56    1.07    5.12      15.06   15.06    0.00   -6.61      1.836   1.836   0.000
  
  31 4659.6  13/2- -11/2  25   -5.46    2.75    2.75   30.17    4.32      12.07   12.07    0.00   -1.13      1.472   1.472   0.000
  32 4693.4  13/2-   1/2  34    0.18   12.08   12.08    0.62    2.68      18.08   18.08    0.00   -1.01      2.204   2.204   0.000
  33 5207.9   1/2-   1/2  37    0.50   15.88   15.88    0.25   -0.58      16.89   16.89    0.00   -5.60      2.059   2.059   0.000
  34 7527.5   1/2-   1/2  26    0.50   23.09   23.09    0.25   -3.45      26.57   26.57    0.00   -6.78      3.239   3.239   0.000
  35*******   1/2-  -3/2  31    0.00    0.00    0.00    0.00    0.00       0.00    0.00   -0.00   -0.00      0.000   0.000  -0.000
  
