1SPECTRUM OF (Z= 82 A=207) IN PARTICLE-ROTOR  MODEL WITH MODIFIED OSCILLATOR POTENTIAL


 PARITY=-   EPS= 0.421   GAMMA=  0.0   EPS4=0.000   EPS6=0.000   LEVELS:  25  26  27  28  29  30  31  32  33  34  35  36  37  38  39

 PAIRING FACTORS: GN0= 19.20  GN1=  7.40  IPAIR= 15 ***  E2PLUS(INPUT)=   0.730  E2PLUR(INPUT)=   0.000

 CORIOLIS ATTENUATION PARAMETERS:  CHSI=1.000  ETA=  1.00

 MOMENT OF INERTIA PARAMETERS:   A1=  0.122 MEV   A2=  0.122 MEV   A3=121.91924 MEV


 DELTA=0.845 MEV  LAMBDA=53.4890 MEV   HW0= 7.5777 MEV   LAMBDA/HW0= 7.0587

 E2ENERGY=0.730 MEV  HBAR**2/B=32864./A**(7/3)=5555.6/A**2 MEV

 IREC=0  =>  RECOIL TERMS j+j-, j+j+, jzjz, ETC TREATED AS ONE-BODY OPERATORS WITH UU+VV PAIRING FACTORS



 S. P. LEVEL   EQP       U     V        (UU + VV)**1.00

     25       3.709    0.115 0.993      1.000 1.000 0.998 0.998 0.994 0.924 0.885 0.829 0.609 0.431 0.347 0.341 0.262 0.244 0.225
     26       3.300    0.129 0.992      1.000 1.000 0.999 0.999 0.996 0.930 0.891 0.837 0.621 0.444 0.360 0.354 0.276 0.258 0.239
     27       2.507    0.171 0.985      0.998 0.999 1.000 1.000 0.999 0.944 0.910 0.859 0.653 0.482 0.400 0.394 0.317 0.299 0.280
     28       2.477    0.173 0.985      0.998 0.999 1.000 1.000 0.999 0.945 0.911 0.860 0.655 0.484 0.402 0.396 0.319 0.301 0.282
     29       1.956    0.222 0.975      0.994 0.996 0.999 0.999 1.000 0.960 0.930 0.884 0.692 0.526 0.446 0.441 0.365 0.347 0.329
     30       0.996    0.486 0.874      0.924 0.930 0.944 0.945 0.960 1.000 0.996 0.980 0.866 0.743 0.679 0.674 0.611 0.596 0.580
     31       0.907    0.565 0.825      0.885 0.891 0.910 0.911 0.930 0.996 1.000 0.994 0.909 0.802 0.744 0.740 0.682 0.668 0.653
     32       0.855    0.651 0.759      0.829 0.837 0.859 0.860 0.884 0.980 0.994 1.000 0.949 0.862 0.812 0.809 0.757 0.745 0.732
     33       0.958    0.858 0.514      0.609 0.621 0.653 0.655 0.692 0.866 0.909 0.949 1.000 0.978 0.955 0.953 0.925 0.917 0.910
     34       1.376    0.946 0.325      0.431 0.444 0.482 0.484 0.526 0.743 0.802 0.862 0.978 1.000 0.996 0.995 0.984 0.980 0.976
     35       1.837    0.972 0.237      0.347 0.360 0.400 0.402 0.446 0.679 0.744 0.812 0.955 0.996 1.000 1.000 0.996 0.994 0.992
     36       1.883    0.973 0.231      0.341 0.354 0.394 0.396 0.441 0.674 0.740 0.809 0.953 0.995 1.000 1.000 0.997 0.995 0.993
     37       2.855    0.989 0.150      0.262 0.276 0.317 0.319 0.365 0.611 0.682 0.757 0.925 0.984 0.996 0.997 1.000 1.000 0.999
     38       3.260    0.991 0.131      0.244 0.258 0.299 0.301 0.347 0.596 0.668 0.745 0.917 0.980 0.994 0.995 1.000 1.000 1.000
     39       3.811    0.994 0.112      0.225 0.239 0.280 0.282 0.329 0.580 0.653 0.732 0.910 0.976 0.992 0.993 0.999 1.000 1.000

  R CORE   ENERGY   A0R/A00=1.000    R3= 0     2  
   2( 1)    0.732                    1.000 0.000
   2( 2)  487.921                    0.000 1.000

  R CORE   ENERGY   A0R/A00=1.000    R3= 0     2  
   3( 1)  488.652                    0.000 1.000

  R CORE   ENERGY   A0R/A00=1.000    R3= 0     2     4  
   4( 1)    2.438                    1.000 0.000 0.000

  R CORE   ENERGY   A0R/A00=1.000    R3= 0     2     4  
   5( 1)  490.847                    0.000 1.000 0.000

  R CORE   ENERGY   A0R/A00=1.000    R3= 0     2     4     6  
   6( 1)    5.121                    1.000 0.000 0.000 0.000

  R CORE   ENERGY   A0R/A00=1.000    R3= 0     2     4     6  
   7( 1)  494.017                    0.000 1.000 0.000 0.000

          AXIAL SYMMETRY => K RESTRICTED TO OMEGA

                     K
     S.P. ORB#: 25  0.50
     S.P. ORB#: 26 -5.50
     S.P. ORB#: 27  2.50
     S.P. ORB#: 28 -1.50
     S.P. ORB#: 29 -3.50
     S.P. ORB#: 30  2.50
     S.P. ORB#: 31  0.50
     S.P. ORB#: 32 -1.50
     S.P. ORB#: 33  0.50
     S.P. ORB#: 34 -3.50
     S.P. ORB#: 35 -3.50
     S.P. ORB#: 36  4.50
     S.P. ORB#: 37  0.50
     S.P. ORB#: 38 -1.50
     S.P. ORB#: 39 -1.50
 

             ENERGY    K= OMEGA
 
 I=  1/2- (1)  2.243  31:-1.000
 
 I=  1/2- (2)  3.795  25:-0.223
                      33: 0.919
                      37:-0.324
 
 I=  1/2- (3)  6.861  25:-0.273
                      33: 0.260
                      37: 0.926
 
 I=  1/2- (4)  9.894  25: 0.936
                      33: 0.295
                      37: 0.193
 
 I=  1/2- (5)147.158  32: 1.000

             ENERGY    K= OMEGA
 
 I=  3/2- (1)  2.181  31: 0.511
                      32:-0.859
 
 I=  3/2- (2)  2.510  31:-0.845
                      32:-0.510
                      39:-0.162

             ENERGY    K= OMEGA
 
 I=  5/2- (1)  2.745  31: 0.468
                      32: 0.880
                      39:-0.064
 
 I=  5/2- (2)  3.290  27:-0.070
                      31: 0.840
                      32:-0.464
                      39:-0.272
 
 I=  5/2- (3)  3.888  25:-0.175
                      33: 0.820
                      37:-0.467
                      38: 0.279
 
 I=  5/2- (4)  4.299  27:-0.992
                      31:-0.062
                      32: 0.083
                      39:-0.078
 
 I=  5/2- (5)  5.213  27:-0.097
                      31: 0.265
                      32:-0.066
                      39: 0.957

             ENERGY    K= OMEGA
 
 I=  7/2- (1)  2.283  27:-0.149
                      34: 0.988
 
 I=  7/2- (2)  3.354  31:-0.730
                      32: 0.660
                      39:-0.172
 
 I=  7/2- (3)  3.866  27:-0.195
                      29:-0.954
                      31: 0.154
                      32: 0.152
                      39: 0.074
 
 I=  7/2- (4)  3.972  25: 0.069
                      28:-0.118
                      30:-0.145
                      33:-0.875
                      35:-0.055
                      37:-0.248
                      38: 0.360
 
 I=  7/2- (5)  3.985  27:-0.065
                      29: 0.244
                      31: 0.591
                      32: 0.722
                      39: 0.256

             ENERGY    K= OMEGA
 
 I=  9/2- (1)  2.802  27:-0.092
                      29: 0.194
                      34:-0.377
                      36:-0.901
 
 I=  9/2- (2)  3.386  27: 0.196
                      29: 0.117
                      34: 0.899
                      36:-0.372
 
 I=  9/2- (3)  4.493  27:-0.061
                      31:-0.594
                      32:-0.782
                      39: 0.173
 
 I=  9/2- (4)  4.682  25: 0.100
                      28: 0.098
                      30:-0.181
                      33:-0.752
                      35: 0.094
                      37: 0.499
                      38:-0.352
 
 I=  9/2- (5)  5.016  27: 0.269
                      29:-0.914
                      31:-0.169
                      32: 0.081
                      36:-0.213
                      39: 0.106

             ENERGY    K= OMEGA
 
 I= 11/2- (1)  3.787  25:-0.504
                      28:-0.561
                      30:-0.481
                      33:-0.342
                      35:-0.214
                      37:-0.108
                      38: 0.159
 
 I= 11/2- (2)  3.943  26: 0.067
                      27: 0.137
                      29: 0.259
                      34:-0.442
                      36: 0.845
 
 I= 11/2- (3)  4.636  26:-0.946
                      27: 0.084
                      34:-0.299
                      36:-0.086
 
 I= 11/2- (4)  4.716  26: 0.316
                      27: 0.216
                      29:-0.171
                      34:-0.800
                      36:-0.427
 
 I= 11/2- (5)  5.143  25:-0.330
                      28:-0.191
                      30:-0.140
                      33: 0.776
                      35:-0.079
                      37: 0.286
                      38:-0.381

             ENERGY    K= OMEGA
 
 I= 13/2- (1)  5.325  26: 0.074
                      27:-0.173
                      29: 0.302
                      34:-0.473
                      36:-0.806
 
 I= 13/2- (2)  5.576  25:-0.181
                      28: 0.558
                      30:-0.675
                      33:-0.182
                      35: 0.377
                      37: 0.084
                      38:-0.137
 
 I= 13/2- (3)  6.205  26: 0.824
                      27: 0.160
                      29: 0.088
                      34: 0.490
                      36:-0.215
 
 I= 13/2- (4)  6.286  26: 0.562
                      27:-0.207
                      29:-0.195
                      34:-0.658
                      36: 0.410
 
 I= 13/2- (5)  6.447  25: 0.177
                      28:-0.146
                      30: 0.121
                      33:-0.713
                      35:-0.078
                      37: 0.534
                      38:-0.365

             ENERGY     K=-3/2
  32 LEVELS    TIME=  0.0 SEC



 ******************* EXCITATION ENERGIES, DOMINANT CONFIGURATION AND EXPECTATION VALUES (WITH S.P. UU+VV FACTORS) *******************

  NR  Eex(keV)  I   Kdom  NY    <Jz>  <Jx**2> <Jy**2> <Jz**2> <I.j>/|I|  <Rx**2> <Ry**2> <Rz**2> <R.j>/|R|  <HROTx> <HROTy> <HROTz>

   1    0.0   3/2-  -3/2  32   -0.98    5.08    5.08    1.73    1.27       5.37    5.37   -0.00   -2.88      0.655   0.655  -0.000
   2   62.0   1/2-   1/2  31    0.50    5.04    5.04    0.25    0.07       5.48    5.48    0.00   -3.10      0.668   0.668   0.000
   3  101.8   7/2-  -7/2  34   -3.37    2.32    2.32   12.11    3.18       3.61    3.61   -0.00   -1.53      0.440   0.440  -0.000
   4  329.3   3/2-   1/2  31   -0.07    4.90    4.90    0.82    0.45       6.32    6.32    0.00   -2.74      0.770   0.770   0.000
   5  563.5   5/2-  -3/2  32   -1.05    5.10    5.10    1.82    0.93       7.64    7.64   -0.00   -2.37      0.931   0.931  -0.000
  
   6  621.2   9/2-   9/2  36    3.04    2.55    2.55   18.69    4.07       4.03    4.03   -0.00   -1.25      0.492   0.492  -0.000
   7 1109.1   5/2-   1/2  31   -0.07    4.72    4.72    0.86    0.21       8.91    8.91    0.00   -2.29      1.086   1.086   0.000
   8 1173.2   7/2-   1/2  31   -0.43    5.05    5.05    1.20    0.95       9.77    9.77   -0.00   -1.71      1.191   1.191  -0.000
   9 1204.4   9/2-  -7/2  34   -2.16    2.39    2.39   13.12    2.73       7.74    7.74   -0.00   -1.10      0.944   0.944  -0.000
  10 1606.3  11/2-  -3/2  28    0.10   23.59   23.59    2.87    6.13       6.24    6.24    0.00   -3.79      0.761   0.761   0.000
  
  11 1613.7   1/2-   1/2  33    0.50   10.68   10.68    0.25    1.07      10.26   10.26    0.00   -4.57      1.251   1.251   0.000
  12 1684.7   7/2-  -7/2  29   -3.12    6.18    6.18   11.45    2.99       7.91    7.91   -0.00   -3.00      0.964   0.964  -0.000
  13 1707.0   5/2-   1/2  33    0.34   11.27   11.27    0.41    2.24       9.23    9.23    0.00   -3.80      1.126   1.126   0.000
  14 1762.3  11/2-   9/2  36    2.32    2.73    2.73   17.93    3.48       8.76    8.76    0.00   -0.62      1.068   1.068   0.000
  15 1791.2   7/2-   1/2  33    0.24   15.04   15.04    0.70    3.22      10.50   10.50    0.00   -3.93      1.281   1.281   0.000
  
  16 1803.4   7/2-  -3/2  32   -0.91    4.78    4.78    2.17    0.52      11.67   11.67   -0.00   -2.00      1.422   1.422  -0.000
  17 2118.2   5/2-   5/2  27    2.44    6.07    6.07    6.17    2.08       7.39    7.39    0.00   -3.17      0.901   0.901   0.000
  18 2311.9   9/2-  -3/2  32   -0.78    5.07    5.07    1.59    0.76      14.45   14.45    0.00   -1.48      1.761   1.761   0.000
  19 2454.9  11/2- -11/2  26   -5.19    2.72    2.72   28.38    4.77       6.26    6.26    0.00   -1.50      0.763   0.763   0.000
  20 2501.1   9/2-   1/2  33    0.26   12.71   12.71    0.82    2.72      11.95   11.95    0.00   -2.60      1.457   1.457   0.000
  
  21 2535.2  11/2-  -7/2  34   -1.96    2.51    2.51   15.22    2.63      12.24   12.24    0.00   -0.91      1.493   1.493   0.000
  22 2835.0   9/2-  -7/2  29   -2.55    5.96    5.96   11.65    2.35      12.47   12.47   -0.00   -2.38      1.520   1.520  -0.000
  23 2962.0  11/2-   1/2  33    0.15   13.24   13.24    0.81    2.98      13.67   13.67    0.00   -1.81      1.667   1.667   0.000
  24 3031.4   5/2-  -3/2  39   -1.32    2.18    2.18    2.15    0.32       6.69    6.69    0.00   -1.52      0.816   0.816   0.000
  25 3143.4  13/2-   9/2  36    1.87    2.89    2.89   17.36    3.08      14.44   14.44   -0.00   -0.30      1.761   1.761  -0.000
  
  26 3395.0  13/2-   5/2  30    0.18   23.32   23.32    5.35    4.95      15.82   15.82    0.00   -3.10      1.929   1.929   0.000
  27 4023.5  13/2- -11/2  26   -4.33    2.69    2.69   24.67    3.61      14.21   14.21    0.00   -0.91      1.733   1.733   0.000
  28 4105.0  13/2-  -7/2  34   -2.52    2.65    2.65   19.00    2.79      17.01   17.01   -0.00   -0.82      2.074   2.074  -0.000
  29 4265.7  13/2-   1/2  33    0.20   12.01   12.01    0.72    2.61      18.53   18.53    0.00   -1.07      2.259   2.259   0.000
  30 4679.8   1/2-   1/2  37    0.50   15.77   15.77    0.25   -0.49      16.70   16.70    0.00   -5.58      2.036   2.036   0.000
  
  31 7712.6   1/2-   1/2  25    0.50   22.96   22.96    0.25   -3.48      26.47   26.47   -0.00   -6.76      3.228   3.228  -0.000
  32*******   1/2-  -3/2  32    0.00    0.00    0.00    0.00    0.00       0.00    0.00    0.00   -0.00      0.000   0.000   0.000
