1SPECTRUM OF (Z= 82 A=207) IN PARTICLE-ROTOR  MODEL WITH MODIFIED OSCILLATOR POTENTIAL


 PARITY=-   EPS= 0.393   GAMMA=  0.0   EPS4=0.000   EPS6=0.000   LEVELS:  25  26  27  28  29  30  31  32  33  34  35  36  37  38  39

 PAIRING FACTORS: GN0= 19.20  GN1=  7.40  IPAIR= 15 ***  E2PLUS(INPUT)=   0.730  E2PLUR(INPUT)=   0.000

 CORIOLIS ATTENUATION PARAMETERS:  CHSI=1.000  ETA=  1.00

 MOMENT OF INERTIA PARAMETERS:   A1=  0.122 MEV   A2=  0.122 MEV   A3=121.91924 MEV


 DELTA=0.849 MEV  LAMBDA=53.4714 MEV   HW0= 7.5546 MEV   LAMBDA/HW0= 7.0780

 E2ENERGY=0.730 MEV  HBAR**2/B=28638./A**(7/3)=4841.2/A**2 MEV

 IREC=0  =>  RECOIL TERMS j+j-, j+j+, jzjz, ETC TREATED AS ONE-BODY OPERATORS WITH UU+VV PAIRING FACTORS



 S. P. LEVEL   EQP       U     V        (UU + VV)**1.00

     25       3.788    0.113 0.994      1.000 1.000 0.999 0.996 0.995 0.931 0.895 0.851 0.559 0.438 0.411 0.331 0.240 0.239 0.230
     26       3.067    0.140 0.990      1.000 1.000 1.000 0.998 0.997 0.940 0.907 0.865 0.582 0.463 0.435 0.357 0.267 0.266 0.257
     27       2.757    0.156 0.988      0.999 1.000 1.000 0.999 0.998 0.946 0.913 0.873 0.595 0.477 0.450 0.372 0.282 0.281 0.272
     28       2.198    0.197 0.980      0.996 0.998 0.999 1.000 1.000 0.959 0.930 0.893 0.628 0.513 0.487 0.411 0.322 0.321 0.312
     29       2.016    0.216 0.976      0.995 0.997 0.998 1.000 1.000 0.964 0.937 0.901 0.643 0.530 0.503 0.428 0.340 0.339 0.330
     30       1.026    0.468 0.884      0.931 0.940 0.946 0.959 0.964 1.000 0.996 0.984 0.824 0.736 0.715 0.653 0.578 0.577 0.570
     31       0.930    0.544 0.839      0.895 0.907 0.913 0.930 0.937 0.996 1.000 0.996 0.870 0.793 0.774 0.718 0.648 0.647 0.640
     32       0.874    0.618 0.786      0.851 0.865 0.873 0.893 0.901 0.984 0.996 1.000 0.911 0.845 0.828 0.777 0.714 0.713 0.707
     33       1.036    0.887 0.462      0.559 0.582 0.595 0.628 0.643 0.824 0.870 0.911 1.000 0.990 0.986 0.967 0.939 0.939 0.935
     34       1.348    0.943 0.334      0.438 0.463 0.477 0.513 0.530 0.736 0.793 0.845 0.990 1.000 1.000 0.993 0.978 0.978 0.976
     35       1.461    0.952 0.305      0.411 0.435 0.450 0.487 0.503 0.715 0.774 0.828 0.986 1.000 1.000 0.996 0.984 0.984 0.982
     36       1.954    0.975 0.223      0.331 0.357 0.372 0.411 0.428 0.653 0.718 0.777 0.967 0.993 0.996 1.000 0.995 0.995 0.994
     37       3.314    0.992 0.129      0.240 0.267 0.282 0.322 0.340 0.578 0.648 0.714 0.939 0.978 0.984 0.995 1.000 1.000 1.000
     38       3.338    0.992 0.128      0.239 0.266 0.281 0.321 0.339 0.577 0.647 0.713 0.939 0.978 0.984 0.995 1.000 1.000 1.000
     39       3.594    0.993 0.119      0.230 0.257 0.272 0.312 0.330 0.570 0.640 0.707 0.935 0.976 0.982 0.994 1.000 1.000 1.000

  R CORE   ENERGY   A0R/A00=1.000    R3= 0     2  
   2( 1)    0.732                    1.000 0.000
   2( 2)  487.921                    0.000 1.000

  R CORE   ENERGY   A0R/A00=1.000    R3= 0     2  
   3( 1)  488.652                    0.000 1.000

  R CORE   ENERGY   A0R/A00=1.000    R3= 0     2     4  
   4( 1)    2.438                    1.000 0.000 0.000

  R CORE   ENERGY   A0R/A00=1.000    R3= 0     2     4  
   5( 1)  490.847                    0.000 1.000 0.000

  R CORE   ENERGY   A0R/A00=1.000    R3= 0     2     4     6  
   6( 1)    5.121                    1.000 0.000 0.000 0.000

  R CORE   ENERGY   A0R/A00=1.000    R3= 0     2     4     6  
   7( 1)  494.017                    0.000 1.000 0.000 0.000

          AXIAL SYMMETRY => K RESTRICTED TO OMEGA

                     K
     S.P. ORB#: 25 -5.50
     S.P. ORB#: 26  0.50
     S.P. ORB#: 27  2.50
     S.P. ORB#: 28 -3.50
     S.P. ORB#: 29 -1.50
     S.P. ORB#: 30  0.50
     S.P. ORB#: 31 -1.50
     S.P. ORB#: 32  2.50
     S.P. ORB#: 33 -3.50
     S.P. ORB#: 34  0.50
     S.P. ORB#: 35  4.50
     S.P. ORB#: 36 -3.50
     S.P. ORB#: 37  0.50
     S.P. ORB#: 38 -1.50
     S.P. ORB#: 39 -1.50
 

             ENERGY    K= OMEGA
 
 I=  1/2- (1)  2.336  30: 1.000
 
 I=  1/2- (2)  4.286  26:-0.192
                      34: 0.913
                      37:-0.359
 
 I=  1/2- (3)  7.251  26:-0.334
                      34: 0.283
                      37: 0.899
 
 I=  1/2- (4)  9.435  26: 0.923
                      34: 0.293
                      37: 0.251
 
 I=  1/2- (5)147.233  31:-1.000

             ENERGY    K= OMEGA
 
 I=  3/2- (1)  2.240  30: 0.460
                      31:-0.888
 
 I=  3/2- (2)  2.600  30: 0.867
                      31: 0.455
                      38: 0.205
 
 I=  3/2- (3)  4.027  30:-0.194
                      31:-0.073
                      38: 0.978
 
 I=  3/2- (4)  4.061  26: 0.266
                      29: 0.068
                      34:-0.922
                      37:-0.113
                      39: 0.248
 
 I=  3/2- (5)  6.209  26: 0.721
                      29: 0.631
                      34: 0.276
                      39: 0.067

             ENERGY    K= OMEGA
 
 I=  5/2- (1)  2.797  30: 0.454
                      31: 0.888
                      38:-0.065
 
 I=  5/2- (2)  3.355  27: 0.063
                      30:-0.826
                      31: 0.444
                      38: 0.342
 
 I=  5/2- (3)  4.321  26: 0.146
                      29:-0.058
                      34:-0.798
                      37: 0.499
                      39:-0.299
 
 I=  5/2- (4)  4.520  27: 0.936
                      30: 0.145
                      31:-0.098
                      38: 0.307
 
 I=  5/2- (5)  4.774  27:-0.345
                      30: 0.302
                      31:-0.072
                      38: 0.886

             ENERGY    K= OMEGA
 
 I=  7/2- (1)  1.923  27: 0.152
                      33:-0.988
 
 I=  7/2- (2)  3.429  30:-0.697
                      31: 0.693
                      38:-0.179
 
 I=  7/2- (3)  4.039  27:-0.160
                      28:-0.374
                      30: 0.572
                      31: 0.640
                      38: 0.313
 
 I=  7/2- (4)  4.115  27: 0.129
                      28: 0.909
                      30: 0.238
                      31: 0.293
                      38: 0.117
 
 I=  7/2- (5)  4.120  26: 0.172
                      29: 0.311
                      32: 0.326
                      34: 0.772
                      36: 0.142
                      37: 0.201
                      39:-0.331

             ENERGY    K= OMEGA
 
 I=  9/2- (1)  2.389  27:-0.087
                      28: 0.165
                      33:-0.364
                      35:-0.912
 
 I=  9/2- (2)  3.003  27:-0.203
                      28:-0.099
                      33:-0.904
                      35: 0.363
 
 I=  9/2- (3)  4.544  27: 0.052
                      30: 0.584
                      31: 0.787
                      38:-0.186
 
 I=  9/2- (4)  4.758  26: 0.172
                      29:-0.525
                      32: 0.685
                      34: 0.187
                      36:-0.404
                      37:-0.104
                      39: 0.129
 
 I=  9/2- (5)  5.091  26:-0.162
                      29: 0.167
                      32:-0.127
                      34: 0.719
                      36: 0.081
                      37:-0.536
                      39: 0.346

             ENERGY    K= OMEGA
 
 I= 11/2- (1)  3.499  26: 0.572
                      29: 0.574
                      32: 0.477
                      34: 0.218
                      36: 0.229
                      37: 0.063
                      39:-0.111
 
 I= 11/2- (2)  3.531  27:-0.135
                      28:-0.223
                      33: 0.447
                      35:-0.855
 
 I= 11/2- (3)  4.309  27:-0.239
                      28: 0.146
                      33: 0.850
                      35: 0.443
 
 I= 11/2- (4)  5.027  26: 0.270
                      29: 0.119
                      34:-0.816
                      37:-0.276
                      39: 0.412
 
 I= 11/2- (5)  5.132  25: 0.999

             ENERGY    K= OMEGA
 
 I= 13/2- (1)  4.906  27: 0.175
                      28:-0.264
                      33: 0.489
                      35: 0.812
 
 I= 13/2- (2)  5.289  26:-0.199
                      29: 0.551
                      32:-0.680
                      34:-0.112
                      36: 0.409
                      39:-0.112
 
 I= 13/2- (3)  5.844  25:-0.051
                      27:-0.267
                      28:-0.184
                      33:-0.810
                      35: 0.484
 
 I= 13/2- (4)  6.719  25: 0.998
                      35: 0.052
 
 I= 13/2- (5)  6.756  26:-0.134
                      29: 0.114
                      32:-0.056
                      34: 0.703
                      37:-0.567
                      39: 0.384

             ENERGY     K=-3/2
  35 LEVELS    TIME=  0.0 SEC



 ******************* EXCITATION ENERGIES, DOMINANT CONFIGURATION AND EXPECTATION VALUES (WITH S.P. UU+VV FACTORS) *******************

  NR  Eex(keV)  I   Kdom  NY    <Jz>  <Jx**2> <Jy**2> <Jz**2> <I.j>/|I|  <Rx**2> <Ry**2> <Rz**2> <R.j>/|R|  <HROTx> <HROTy> <HROTz>

   1    0.0   7/2-  -7/2  33   -3.36    2.30    2.30   12.11    3.22       3.47    3.47    0.00   -1.50      0.423   0.423   0.000
   2  317.6   3/2-  -3/2  31   -1.08    4.98    4.98    1.83    1.28       5.28    5.28    0.00   -2.86      0.644   0.644   0.000
   3  412.9   1/2-   1/2  30    0.50    4.95    4.95    0.25    0.09       5.37    5.37    0.00   -3.07      0.655   0.655   0.000
   4  466.5   9/2-   9/2  35    3.21    2.50    2.50   18.86    4.10       3.91    3.91    0.00   -1.24      0.477   0.477   0.000
   5  677.0   3/2-   1/2  30    0.00    4.75    4.75    0.75    0.45       6.13    6.13    0.00   -2.68      0.748   0.748   0.000
  
   6  874.1   5/2-  -3/2  31   -1.08    5.00    5.00    1.85    0.94       7.52    7.52    0.00   -2.34      0.917   0.917   0.000
   7 1080.8   9/2-  -7/2  33   -2.20    2.37    2.37   13.05    2.77       7.50    7.50    0.00   -1.04      0.915   0.915   0.000
   8 1432.1   5/2-   1/2  30   -0.12    4.48    4.48    0.90    0.27       8.49    8.49    0.00   -2.19      1.035   1.035   0.000
   9 1506.3   7/2-   1/2  30   -0.52    4.95    4.95    1.29    0.94       9.73    9.73    0.00   -1.69      1.186   1.186   0.000
  10 1576.5  11/2-  -3/2  29    0.06   23.70   23.70    2.93    6.23       5.78    5.78    0.00   -3.84      0.705   0.705   0.000
  
  11 1608.2  11/2-   9/2  35    2.46    2.66    2.66   18.01    3.51       8.58    8.58    0.00   -0.57      1.046   1.046   0.000
  12 2104.3   3/2-  -3/2  38   -1.43    2.01    2.01    2.18    0.90       3.23    3.23   -0.00   -1.75      0.394   0.394  -0.000
  13 2116.2   7/2-  -3/2  31   -1.02    4.70    4.70    3.10    0.85      10.74   10.74    0.00   -1.97      1.309   1.309   0.000
  14 2138.4   3/2-   1/2  34    0.37   12.69   12.69    0.38    2.48       9.95    9.95    0.00   -4.70      1.213   1.213   0.000
  15 2192.5   7/2-  -7/2  28   -2.97    5.98    5.98   10.47    2.67       8.48    8.48   -0.00   -2.87      1.034   1.034  -0.000
  
  16 2197.8   7/2-   1/2  34    0.22   18.93   18.93    1.54    4.50       9.71    9.71    0.00   -4.89      1.184   1.184   0.000
  17 2363.0   1/2-   1/2  34    0.50   11.13   11.13    0.25    1.02      10.75   10.75    0.00   -4.66      1.310   1.310   0.000
  18 2386.0  11/2-  -7/2  33   -1.59    2.45    2.45   13.49    2.43      12.56   12.56   -0.00   -0.77      1.531   1.531  -0.000
  19 2398.0   5/2-   1/2  34    0.31   11.59   11.59    0.44    2.36       9.20    9.20    0.00   -3.88      1.122   1.122   0.000
  20 2597.8   5/2-   5/2  27    2.04    5.66    5.66    5.71    1.91       7.23    7.23    0.00   -2.99      0.881   0.881   0.000
  
  21 2621.3   9/2-  -3/2  31   -0.81    4.97    4.97    1.59    0.77      14.32   14.32    0.00   -1.44      1.746   1.746   0.000
  22 2835.8   9/2-   5/2  32    0.20   23.56   23.56    5.61    5.12      13.29   13.29    0.00   -5.29      1.620   1.620   0.000
  23 2850.9   5/2-  -3/2  38   -0.84    2.68    2.68    2.54    0.42       7.09    7.09   -0.00   -1.77      0.864   0.864  -0.000
  24 2983.0  13/2-   9/2  35    1.95    2.81    2.81   17.37    3.11      14.15   14.15    0.00   -0.24      1.726   1.726   0.000
  25 3103.9  11/2-   1/2  34    0.13   13.81   13.81    0.63    3.28      12.36   12.36    0.00   -1.73      1.507   1.507   0.000
  
  26 3168.3   9/2-   1/2  34    0.21   12.17   12.17    0.72    2.66      11.69   11.69    0.00   -2.45      1.425   1.425   0.000
  27 3208.9  11/2- -11/2  25   -5.48    2.75    2.75   30.22    5.05       5.53    5.53    0.00   -1.66      0.674   0.674   0.000
  28 3366.8  13/2-   5/2  32    0.12   23.84   23.84    5.66    5.11      15.41   15.41    0.00   -3.19      1.878   1.878   0.000
  29 3921.1  13/2-  -7/2  33   -1.20    2.53    2.53   13.72    2.17      18.61   18.61    0.00   -0.60      2.269   2.269   0.000
  30 4286.7   3/2-   1/2  26   -0.31   22.70   22.70    1.06    5.15      15.13   15.13    0.00   -6.63      1.845   1.845   0.000
  
  31 4796.1  13/2- -11/2  25   -5.47    2.75    2.75   30.19    4.32      12.06   12.06    0.00   -1.13      1.470   1.470   0.000
  32 4833.1  13/2-   1/2  34    0.18   12.09   12.09    0.61    2.68      18.06   18.06    0.00   -1.01      2.202   2.202   0.000
  33 5328.0   1/2-   1/2  37    0.50   15.89   15.89    0.25   -0.59      16.90   16.90    0.00   -5.60      2.061   2.061   0.000
  34 7512.7   1/2-   1/2  26    0.50   23.18   23.18    0.25   -3.44      26.66   26.66    0.00   -6.79      3.250   3.250   0.000
  35*******   1/2-  -3/2  31    0.00    0.00    0.00    0.00    0.00       0.00    0.00    0.00   -0.00      0.000   0.000   0.000
  
