1SPECTRUM OF (Z= 82 A=207) IN PARTICLE-ROTOR  MODEL WITH MODIFIED OSCILLATOR POTENTIAL


 PARITY=-   EPS= 0.257   GAMMA=  0.0   EPS4=0.000   EPS6=0.000   LEVELS:  25  26  27  28  29  30  31  32  33  34  35  36  37  38  39

 PAIRING FACTORS: GN0= 19.20  GN1=  7.40  IPAIR= 15 ***  E2PLUS(INPUT)=   0.730  E2PLUR(INPUT)=   0.000

 CORIOLIS ATTENUATION PARAMETERS:  CHSI=1.000  ETA=  1.00

 MOMENT OF INERTIA PARAMETERS:   A1=  0.122 MEV   A2=  0.122 MEV   A3=121.91924 MEV


 DELTA=0.939 MEV  LAMBDA=53.3787 MEV   HW0= 7.4693 MEV   LAMBDA/HW0= 7.1464

 E2ENERGY=0.730 MEV  HBAR**2/B=12247./A**(7/3)=2070.3/A**2 MEV

 IREC=0  =>  RECOIL TERMS j+j-, j+j+, jzjz, ETC TREATED AS ONE-BODY OPERATORS WITH UU+VV PAIRING FACTORS



 S. P. LEVEL   EQP       U     V        (UU + VV)**1.00

     25       4.128    0.115 0.993      1.000 1.000 0.999 0.988 0.987 0.982 0.964 0.771 0.598 0.450 0.401 0.399 0.320 0.290 0.232
     26       3.786    0.125 0.992      1.000 1.000 1.000 0.990 0.989 0.984 0.967 0.778 0.607 0.459 0.410 0.409 0.330 0.300 0.243
     27       3.238    0.147 0.989      0.999 1.000 1.000 0.992 0.992 0.987 0.972 0.791 0.624 0.479 0.430 0.428 0.350 0.321 0.264
     28       1.825    0.267 0.964      0.988 0.990 0.992 1.000 1.000 0.999 0.994 0.861 0.715 0.583 0.538 0.536 0.463 0.435 0.380
     29       1.790    0.273 0.962      0.987 0.989 0.992 1.000 1.000 1.000 0.994 0.864 0.719 0.588 0.543 0.541 0.468 0.440 0.386
     30       1.631    0.302 0.953      0.982 0.984 0.987 0.999 1.000 1.000 0.997 0.879 0.740 0.612 0.568 0.567 0.495 0.467 0.414
     31       1.355    0.374 0.928      0.964 0.967 0.972 0.994 0.994 0.997 1.000 0.912 0.789 0.671 0.629 0.628 0.559 0.533 0.482
     32       0.940    0.721 0.693      0.771 0.778 0.791 0.861 0.864 0.879 0.912 1.000 0.971 0.916 0.892 0.891 0.850 0.833 0.798
     33       1.081    0.865 0.503      0.598 0.607 0.624 0.715 0.719 0.740 0.789 0.971 1.000 0.985 0.974 0.973 0.950 0.940 0.918
     34       1.451    0.939 0.345      0.450 0.459 0.479 0.583 0.588 0.612 0.671 0.916 0.985 1.000 0.999 0.998 0.990 0.985 0.973
     35       1.676    0.956 0.293      0.401 0.410 0.430 0.538 0.543 0.568 0.629 0.892 0.974 0.999 1.000 1.000 0.996 0.993 0.984
     36       1.686    0.957 0.291      0.399 0.409 0.428 0.536 0.541 0.567 0.628 0.891 0.973 0.998 1.000 1.000 0.996 0.993 0.985
     37       2.299    0.978 0.209      0.320 0.330 0.350 0.463 0.468 0.495 0.559 0.850 0.950 0.990 0.996 0.996 1.000 1.000 0.996
     38       2.679    0.984 0.178      0.290 0.300 0.321 0.435 0.440 0.467 0.533 0.833 0.940 0.985 0.993 0.993 1.000 1.000 0.998
     39       3.960    0.993 0.119      0.232 0.243 0.264 0.380 0.386 0.414 0.482 0.798 0.918 0.973 0.984 0.985 0.996 0.998 1.000

  R CORE   ENERGY   A0R/A00=1.000    R3= 0     2  
   2( 1)    0.732                    1.000 0.000
   2( 2)  487.921                    0.000 1.000

  R CORE   ENERGY   A0R/A00=1.000    R3= 0     2  
   3( 1)  488.652                    0.000 1.000

  R CORE   ENERGY   A0R/A00=1.000    R3= 0     2     4  
   4( 1)    2.438                    1.000 0.000 0.000

  R CORE   ENERGY   A0R/A00=1.000    R3= 0     2     4  
   5( 1)  490.847                    0.000 1.000 0.000

  R CORE   ENERGY   A0R/A00=1.000    R3= 0     2     4     6  
   6( 1)    5.121                    1.000 0.000 0.000 0.000

  R CORE   ENERGY   A0R/A00=1.000    R3= 0     2     4     6  
   7( 1)  494.017                    0.000 1.000 0.000 0.000

          AXIAL SYMMETRY => K RESTRICTED TO OMEGA

                     K
     S.P. ORB#: 25  0.50
     S.P. ORB#: 26  2.50
     S.P. ORB#: 27 -3.50
     S.P. ORB#: 28 -3.50
     S.P. ORB#: 29  0.50
     S.P. ORB#: 30 -1.50
     S.P. ORB#: 31  4.50
     S.P. ORB#: 32  0.50
     S.P. ORB#: 33 -1.50
     S.P. ORB#: 34 -1.50
     S.P. ORB#: 35  2.50
     S.P. ORB#: 36  2.50
     S.P. ORB#: 37  0.50
     S.P. ORB#: 38 -3.50
     S.P. ORB#: 39  4.50
 

             ENERGY    K= OMEGA
 
 I=  1/2- (1)  2.595  25:-0.053
                      29:-0.087
                      37:-0.995
 
 I=  1/2- (2)  2.933  29: 0.995
                      37:-0.084
 
 I=  1/2- (3)  5.521  25: 0.998
                      37:-0.057
 
 I=  1/2- (4)  8.299  32:-1.000
 
 I=  1/2- (5)147.384  33:-1.000

             ENERGY    K= OMEGA
 
 I=  3/2- (1)  1.959  25: 0.061
                      29: 0.237
                      30: 0.127
                      34: 0.958
                      37:-0.075
 
 I=  3/2- (2)  2.763  25:-0.102
                      29: 0.176
                      30:-0.958
                      34: 0.104
                      37: 0.175

             ENERGY    K= OMEGA
 
 I=  5/2- (1)  2.136  25: 0.096
                      29:-0.212
                      30:-0.290
                      34: 0.469
                      36: 0.798
                      37:-0.066
 
 I=  5/2- (2)  2.621  29: 0.177
                      30:-0.291
                      34:-0.834
                      36: 0.419
                      37:-0.102
 
 I=  5/2- (3)  2.922  25:-0.231
                      29: 0.445
                      30: 0.600
                      36: 0.395
                      37: 0.482
 
 I=  5/2- (4)  3.496  25:-0.226
                      29: 0.169
                      30: 0.401
                      34: 0.051
                      36: 0.117
                      37:-0.862
 
 I=  5/2- (5)  4.246  25: 0.070
                      29:-0.804
                      30: 0.498
                      34:-0.283
                      36: 0.130
                      37: 0.057

             ENERGY    K= OMEGA
 
 I=  7/2- (1)  2.571  26: 0.223
                      27:-0.074
                      28:-0.966
                      36:-0.086
 
 I=  7/2- (2)  2.784  28:-0.054
                      29:-0.247
                      30: 0.275
                      34:-0.548
                      36: 0.746
 
 I=  7/2- (3)  3.218  25: 0.236
                      28:-0.091
                      29: 0.414
                      30: 0.433
                      34: 0.601
                      36: 0.420
                      37:-0.196
 
 I=  7/2- (4)  3.220  32: 0.740
                      33: 0.570
                      35: 0.332
                      38: 0.130
 
 I=  7/2- (5)  4.225  25:-0.116
                      27: 0.071
                      29: 0.354
                      30:-0.784
                      34: 0.089
                      36: 0.461
                      37: 0.143

             ENERGY    K= OMEGA
 
 I=  9/2- (1)  2.149  26:-0.066
                      27: 0.238
                      28:-0.177
                      31:-0.952
 
 I=  9/2- (2)  3.341  25: 0.274
                      28:-0.154
                      29:-0.389
                      30:-0.512
                      34: 0.377
                      36: 0.559
                      37:-0.173
 
 I=  9/2- (3)  3.475  26:-0.305
                      27:-0.094
                      28:-0.913
                      29: 0.084
                      30: 0.055
                      31: 0.171
                      34:-0.142
 
 I=  9/2- (4)  4.289  32:-0.223
                      33: 0.558
                      35:-0.623
                      38: 0.454
                      39:-0.208
 
 I=  9/2- (5)  4.383  25:-0.239
                      28:-0.068
                      29: 0.149
                      30: 0.470
                      34: 0.656
                      36: 0.313
                      37: 0.402

             ENERGY    K= OMEGA
 
 I= 11/2- (1)  2.233  32:-0.676
                      33:-0.566
                      35:-0.400
                      38:-0.231
                      39:-0.096
 
 I= 11/2- (2)  3.145  26:-0.111
                      27:-0.318
                      28: 0.245
                      31:-0.908
 
 I= 11/2- (3)  4.591  25:-0.053
                      26: 0.352
                      27:-0.132
                      28:-0.871
                      30:-0.122
                      31:-0.228
                      34:-0.069
                      36:-0.146
 
 I= 11/2- (4)  4.731  26: 0.061
                      28:-0.055
                      29:-0.334
                      30: 0.340
                      31:-0.071
                      34:-0.565
                      36: 0.663
 
 I= 11/2- (5)  5.155  25:-0.355
                      28: 0.188
                      29:-0.484
                      30:-0.504
                      31: 0.050
                      34:-0.423
                      36:-0.337
                      37: 0.232

             ENERGY    K= OMEGA
 
 I= 13/2- (1)  4.005  32: 0.192
                      33:-0.501
                      35: 0.611
                      38:-0.511
                      39: 0.280
 
 I= 13/2- (2)  4.362  26:-0.150
                      27: 0.368
                      28:-0.291
                      31:-0.869
 
 I= 13/2- (3)  5.300  25:-0.388
                      28: 0.058
                      29: 0.461
                      30: 0.568
                      34:-0.307
                      36:-0.414
                      37: 0.208
 
 I= 13/2- (4)  5.968  26:-0.393
                      27:-0.158
                      28:-0.847
                      29: 0.054
                      31: 0.288
                      34:-0.123
 
 I= 13/2- (5)  7.011  25:-0.240
                      27:-0.058
                      28:-0.083
                      29: 0.135
                      30: 0.311
                      34: 0.628
                      36: 0.516
                      37: 0.391

             ENERGY     K= 9/2
  32 LEVELS    TIME=  0.0 SEC



 ******************* EXCITATION ENERGIES, DOMINANT CONFIGURATION AND EXPECTATION VALUES (WITH S.P. UU+VV FACTORS) *******************

  NR  Eex(keV)  I   Kdom  NY    <Jz>  <Jx**2> <Jy**2> <Jz**2> <I.j>/|I|  <Rx**2> <Ry**2> <Rz**2> <R.j>/|R|  <HROTx> <HROTy> <HROTz>

   1    0.0   3/2-  -3/2  34   -1.37    1.74    1.74    2.12    1.42       1.93    1.93   -0.00   -1.46      0.236   0.236  -0.000
   2  177.0   5/2-   5/2  36    1.17    2.25    2.25    4.68    2.37       1.95    1.95    0.00   -1.10      0.238   0.238   0.000
   3  190.2   9/2-   9/2  31    3.79    2.60    2.60   19.48    4.42       2.71    2.71    0.00   -1.15      0.331   0.331   0.001
   4  274.5  11/2-   1/2  32    0.00   26.22   26.22    2.68    6.91       4.14    4.14    0.00   -4.80      0.505   0.505   0.000
   5  612.3   7/2-  -7/2  28   -3.15    2.31    2.31   11.87    3.40       2.63    2.63    0.00   -1.31      0.321   0.321   0.000
  
   6  636.5   1/2-   1/2  37    0.50    1.44    1.44    0.25    0.85       1.21    1.21    0.00   -1.54      0.147   0.147   0.000
   7  662.1   5/2-  -3/2  34   -0.71    1.75    1.75    2.87    1.05       4.45    4.45    0.00   -1.09      0.543   0.543   0.000
   8  804.3   3/2-  -3/2  30   -1.36    4.41    4.41    2.11    1.50       4.44    4.44    0.00   -2.69      0.542   0.542   0.000
   9  825.2   7/2-   5/2  36    0.85    2.22    2.22    4.40    1.90       4.76    4.76    0.00   -0.42      0.580   0.580   0.000
  10  963.1   5/2-  -3/2  30    0.09    3.76    3.76    1.91    1.74       3.95    3.95    0.00   -1.53      0.481   0.481   0.000
  
  11  973.7   1/2-   1/2  29    0.50    4.39    4.39    0.25    0.27       4.65    4.65    0.00   -2.88      0.567   0.567   0.000
  12 1186.5  11/2-   9/2  31    3.18    2.88    2.88   18.76    3.98       6.32    6.32    0.00   -0.20      0.770   0.770   0.000
  13 1258.9   7/2-  -3/2  34   -0.28    2.47    2.47    2.51    1.43       5.94    5.94    0.00   -0.52      0.724   0.724   0.000
  14 1261.5   7/2-   1/2  32    0.00   26.37   26.37    1.76    6.66       8.71    8.71    0.00   -6.73      1.062   1.062   0.000
  15 1382.2   9/2-   5/2  36    0.21    3.58    3.58    3.25    2.32       6.06    6.06    0.00    0.32      0.738   0.738   0.000
  
  16 1516.6   9/2-  -7/2  28   -2.61    2.49    2.49   11.57    2.94       6.04    6.04    0.00   -0.56      0.737   0.737   0.000
  17 1537.0   5/2-   1/2  37    0.20    1.94    1.94    0.66    0.53       5.07    5.07    0.00   -0.93      0.618   0.618   0.000
  18 2045.9  13/2-   5/2  35    0.01   25.29   25.29    7.68    6.45       8.47    8.47    0.00   -3.21      1.032   1.032   0.000
  19 2266.0   7/2-  -3/2  30   -0.34    3.92    3.92    2.84    0.74      10.28   10.28    0.00   -1.71      1.254   1.254   0.000
  20 2286.8   5/2-   1/2  29   -0.12    4.32    4.32    1.01   -0.37      10.30   10.30    0.00   -2.37      1.255   1.255   0.000
  
  21 2329.9   9/2-   5/2  35    0.00   25.62   25.62    6.55    6.21      10.37   10.37    0.00   -5.90      1.264   1.264   0.000
  22 2402.8  13/2-   9/2  31    2.68    3.10    3.10   18.12    3.67      10.89   10.89    0.00    0.28      1.328   1.328   0.000
  23 2424.4   9/2-  -3/2  34   -0.63    2.46    2.46    2.24    1.09      10.50   10.50    0.00   -0.37      1.281   1.281   0.000
  24 2632.6  11/2-  -7/2  28   -2.15    2.56    2.56   11.53    2.65      10.35   10.35    0.00   -0.18      1.262   1.262   0.000
  25 2772.2  11/2-   5/2  36    0.52    2.51    2.51    3.93    1.61      12.74   12.74    0.00    0.13      1.553   1.553   0.000
  
  26 3196.0  11/2-  -3/2  30   -0.27    3.08    3.08    2.28    1.53      12.93   12.93    0.00    0.14      1.577   1.577   0.000
  27 3341.1  13/2-  -3/2  30    0.00    4.37    4.37    2.18    2.37      13.27   13.27    0.00    1.10      1.618   1.618   0.000
  28 3562.3   1/2-   1/2  25    0.50    5.85    5.85    0.25    0.69       5.75    5.75    0.00   -3.35      0.701   0.701   0.000
  29 4009.0  13/2-  -7/2  28   -1.86    2.65    2.65   11.79    2.45      15.79   15.79    0.00    0.01      1.925   1.925   0.000
  30 5052.0  13/2-  -3/2  34    0.02    2.22    2.22    3.00    0.98      21.23   21.23    0.00   -0.09      2.589   2.589   0.000
  
  31 6339.7   1/2-   1/2  32    0.50   26.35   26.35    0.25   -3.85      30.18   30.18    0.00   -7.24      3.679   3.679   0.000
  32*******   1/2-  -3/2  33    0.00    0.00    0.00    0.00   -0.00       0.00    0.00    0.00   -0.00      0.000   0.000   0.000
