1SPECTRUM OF (Z= 82 A=207) IN PARTICLE-ROTOR  MODEL WITH MODIFIED OSCILLATOR POTENTIAL


 PARITY=-   EPS= 0.441   GAMMA=  0.0   EPS4=0.000   EPS6=0.000   LEVELS:  25  26  27  28  29  30  31  32  33  34  35  36  37  38  39

 PAIRING FACTORS: GN0= 19.20  GN1=  7.40  IPAIR= 15 ***  E2PLUS(INPUT)=   0.730  E2PLUR(INPUT)=   0.000

 CORIOLIS ATTENUATION PARAMETERS:  CHSI=1.000  ETA=  1.00

 MOMENT OF INERTIA PARAMETERS:   A1=  0.122 MEV   A2=  0.122 MEV   A3=121.91924 MEV


 DELTA=0.853 MEV  LAMBDA=53.4788 MEV   HW0= 7.5956 MEV   LAMBDA/HW0= 7.0408

 E2ENERGY=0.730 MEV  HBAR**2/B=36060./A**(7/3)=6095.9/A**2 MEV

 IREC=0  =>  RECOIL TERMS j+j-, j+j+, jzjz, ETC TREATED AS ONE-BODY OPERATORS WITH UU+VV PAIRING FACTORS



 S. P. LEVEL   EQP       U     V        (UU + VV)**1.00

     25       4.160    0.103 0.995      1.000 0.999 0.999 0.996 0.989 0.946 0.818 0.758 0.746 0.358 0.345 0.294 0.269 0.243 0.204
     26       2.925    0.147 0.989      0.999 1.000 1.000 0.999 0.995 0.960 0.843 0.786 0.775 0.399 0.387 0.337 0.312 0.286 0.248
     27       2.796    0.154 0.988      0.999 1.000 1.000 0.999 0.995 0.962 0.846 0.790 0.779 0.406 0.393 0.343 0.319 0.293 0.255
     28       2.303    0.189 0.982      0.996 0.999 0.999 1.000 0.998 0.971 0.864 0.811 0.800 0.437 0.425 0.376 0.351 0.326 0.288
     29       1.762    0.250 0.968      0.989 0.995 0.995 0.998 1.000 0.984 0.894 0.846 0.836 0.493 0.481 0.433 0.409 0.384 0.348
     30       1.121    0.419 0.908      0.946 0.960 0.962 0.971 0.984 1.000 0.960 0.928 0.921 0.640 0.630 0.587 0.566 0.543 0.510
     31       0.861    0.657 0.754      0.818 0.843 0.846 0.864 0.894 0.960 1.000 0.995 0.993 0.830 0.823 0.791 0.775 0.757 0.731
     32       0.855    0.727 0.686      0.758 0.786 0.790 0.811 0.846 0.928 0.995 1.000 1.000 0.881 0.874 0.847 0.833 0.817 0.794
     33       0.857    0.740 0.673      0.746 0.775 0.779 0.800 0.836 0.921 0.993 1.000 1.000 0.889 0.883 0.856 0.842 0.827 0.805
     34       1.702    0.966 0.260      0.358 0.399 0.406 0.437 0.493 0.640 0.830 0.881 0.889 1.000 1.000 0.998 0.996 0.993 0.987
     35       1.785    0.969 0.247      0.345 0.387 0.393 0.425 0.481 0.630 0.823 0.874 0.883 1.000 1.000 0.999 0.997 0.994 0.989
     36       2.238    0.981 0.194      0.294 0.337 0.343 0.376 0.433 0.587 0.791 0.847 0.856 0.998 0.999 1.000 1.000 0.999 0.996
     37       2.570    0.986 0.168      0.269 0.312 0.319 0.351 0.409 0.566 0.775 0.833 0.842 0.996 0.997 1.000 1.000 1.000 0.998
     38       3.047    0.990 0.141      0.243 0.286 0.293 0.326 0.384 0.543 0.757 0.817 0.827 0.993 0.994 0.999 1.000 1.000 0.999
     39       4.186    0.995 0.102      0.204 0.248 0.255 0.288 0.348 0.510 0.731 0.794 0.805 0.987 0.989 0.996 0.998 0.999 1.000

  R CORE   ENERGY   A0R/A00=1.000    R3= 0     2  
   2( 1)    0.732                    1.000 0.000
   2( 2)  487.921                    0.000 1.000

  R CORE   ENERGY   A0R/A00=1.000    R3= 0     2  
   3( 1)  488.652                    0.000 1.000

  R CORE   ENERGY   A0R/A00=1.000    R3= 0     2     4  
   4( 1)    2.438                    1.000 0.000 0.000

  R CORE   ENERGY   A0R/A00=1.000    R3= 0     2     4  
   5( 1)  490.847                    0.000 1.000 0.000

  R CORE   ENERGY   A0R/A00=1.000    R3= 0     2     4     6  
   6( 1)    5.121                    1.000 0.000 0.000 0.000

  R CORE   ENERGY   A0R/A00=1.000    R3= 0     2     4     6  
   7( 1)  494.017                    0.000 1.000 0.000 0.000

          AXIAL SYMMETRY => K RESTRICTED TO OMEGA

                     K
     S.P. ORB#: 25  0.50
     S.P. ORB#: 26 -5.50
     S.P. ORB#: 27 -1.50
     S.P. ORB#: 28  2.50
     S.P. ORB#: 29 -3.50
     S.P. ORB#: 30  2.50
     S.P. ORB#: 31  0.50
     S.P. ORB#: 32  0.50
     S.P. ORB#: 33 -1.50
     S.P. ORB#: 34 -3.50
     S.P. ORB#: 35 -3.50
     S.P. ORB#: 36  4.50
     S.P. ORB#: 37  0.50
     S.P. ORB#: 38 -1.50
     S.P. ORB#: 39 -1.50
 

             ENERGY    K= OMEGA
 
 I=  1/2- (1)  2.216  31:-1.000
 
 I=  1/2- (2)  3.588  25:-0.260
                      32: 0.922
                      37:-0.286
 
 I=  1/2- (3)  6.579  25:-0.244
                      32: 0.224
                      37: 0.944
 
 I=  1/2- (4) 10.301  25: 0.934
                      32: 0.315
                      37: 0.166
 
 I=  1/2- (5)147.160  33: 1.000

             ENERGY    K= OMEGA
 
 I=  3/2- (1)  2.186  31:-0.575
                      33: 0.817
 
 I=  3/2- (2)  2.487  31:-0.805
                      33:-0.575
                      39:-0.145

             ENERGY    K= OMEGA
 
 I=  5/2- (1)  2.755  28:-0.054
                      31:-0.495
                      33:-0.864
                      39: 0.071
 
 I=  5/2- (2)  3.270  28: 0.086
                      31:-0.831
                      33: 0.491
                      39: 0.246
 
 I=  5/2- (3)  3.795  25:-0.214
                      32: 0.836
                      37:-0.433
                      38:-0.260
 
 I=  5/2- (4)  4.104  28:-0.993
                      31:-0.060
                      33: 0.093
 
 I=  5/2- (5)  5.592  28:-0.064
                      31: 0.245
                      33:-0.058
                      39: 0.966

             ENERGY    K= OMEGA
 
 I=  7/2- (1)  2.609  28: 0.165
                      34:-0.985
 
 I=  7/2- (2)  3.336  31:-0.766
                      33: 0.616
                      39:-0.179
 
 I=  7/2- (3)  3.683  28: 0.182
                      29: 0.978
                      31:-0.073
                      33:-0.053
 
 I=  7/2- (4)  3.964  28: 0.108
                      29:-0.113
                      31:-0.569
                      33:-0.772
                      39:-0.233
 
 I=  7/2- (5)  4.093  25: 0.053
                      27:-0.167
                      30:-0.176
                      32:-0.870
                      35:-0.065
                      37:-0.253
                      38:-0.337

             ENERGY    K= OMEGA
 
 I=  9/2- (1)  3.133  28:-0.105
                      29: 0.251
                      34:-0.367
                      36:-0.890
 
 I=  9/2- (2)  3.706  28: 0.212
                      29: 0.150
                      34: 0.898
                      36:-0.353
 
 I=  9/2- (3)  4.496  28: 0.063
                      29:-0.055
                      31: 0.618
                      33: 0.760
                      39:-0.180
 
 I=  9/2- (4)  4.717  25: 0.154
                      27: 0.070
                      30:-0.134
                      32:-0.777
                      35: 0.066
                      37: 0.480
                      38: 0.338
 
 I=  9/2- (5)  4.867  28: 0.264
                      29:-0.910
                      31:-0.130
                      36:-0.280
                      39: 0.074

             ENERGY    K= OMEGA
 
 I= 11/2- (1)  3.996  25:-0.470
                      27:-0.558
                      30:-0.481
                      32:-0.388
                      35:-0.207
                      37:-0.123
                      38:-0.165
 
 I= 11/2- (2)  4.217  26: 0.685
                      28: 0.105
                      29: 0.233
                      34:-0.291
                      36: 0.616
 
 I= 11/2- (3)  4.308  26: 0.727
                      28:-0.111
                      29:-0.224
                      34: 0.308
                      36:-0.560
 
 I= 11/2- (4)  5.021  28:-0.249
                      29: 0.211
                      33: 0.055
                      34: 0.854
                      36: 0.399
 
 I= 11/2- (5)  5.397  31: 0.809
                      33:-0.518
                      39: 0.273

             ENERGY    K= OMEGA
 
 I= 13/2- (1)  5.613  26:-0.262
                      28: 0.177
                      29:-0.354
                      34: 0.423
                      36: 0.772
 
 I= 13/2- (2)  5.803  25: 0.166
                      27:-0.560
                      30: 0.674
                      32: 0.207
                      35:-0.366
                      37:-0.090
                      38:-0.140
 
 I= 13/2- (3)  5.866  26:-0.964
                      28:-0.065
                      29: 0.099
                      34:-0.155
                      36:-0.182
 
 I= 13/2- (4)  6.567  28:-0.279
                      29:-0.250
                      33:-0.069
                      34:-0.823
                      36: 0.419
 
 I= 13/2- (5)  6.602  25:-0.216
                      27: 0.151
                      30:-0.137
                      32: 0.723
                      35: 0.086
                      37:-0.509
                      38:-0.349

             ENERGY     K=-3/2
  32 LEVELS    TIME=  0.0 SEC



 ******************* EXCITATION ENERGIES, DOMINANT CONFIGURATION AND EXPECTATION VALUES (WITH S.P. UU+VV FACTORS) *******************

  NR  Eex(keV)  I   Kdom  NY    <Jz>  <Jx**2> <Jy**2> <Jz**2> <I.j>/|I|  <Rx**2> <Ry**2> <Rz**2> <R.j>/|R|  <HROTx> <HROTy> <HROTz>

   1    0.0   3/2-  -3/2  33   -0.84    5.15    5.15    1.59    1.24       5.42    5.42    0.00   -2.88      0.660   0.660   0.000
   2   30.0   1/2-   1/2  31    0.50    5.11    5.11    0.25    0.06       5.55    5.55    0.00   -3.12      0.677   0.677   0.000
   3  301.4   3/2-   1/2  31   -0.20    4.98    4.98    0.95    0.49       6.38    6.38    0.00   -2.79      0.778   0.778   0.000
   4  423.2   7/2-  -7/2  34   -3.34    2.34    2.34   12.08    3.18       3.65    3.65   -0.00   -1.54      0.446   0.446  -0.000
   5  569.9   5/2-  -3/2  33   -1.00    5.16    5.16    1.77    0.92       7.70    7.70    0.00   -2.39      0.938   0.938   0.000
  
   6  947.0   9/2-   9/2  36    2.90    2.67    2.67   18.51    4.06       4.09    4.09   -0.00   -1.27      0.498   0.498  -0.000
   7 1085.0   5/2-   1/2  31   -0.09    4.82    4.82    0.90    0.21       9.01    9.01    0.00   -2.33      1.099   1.099   0.000
   8 1150.8   7/2-   1/2  31   -0.32    5.11    5.11    1.09    0.96       9.71    9.71    0.00   -1.70      1.184   1.184   0.000
   9 1402.8   1/2-   1/2  32    0.50   10.09   10.09    0.25    1.01       9.72    9.72    0.00   -4.44      1.185   1.185   0.000
  10 1497.4   7/2-  -7/2  29   -3.27    6.28    6.28   11.95    3.10       7.82    7.82    0.00   -3.08      0.954   0.954   0.000
  
  11 1520.4   9/2-  -7/2  34   -2.23    2.44    2.44   12.96    2.71       7.83    7.83   -0.00   -1.11      0.955   0.955  -0.000
  12 1609.3   5/2-   1/2  32    0.36   10.82   10.82    0.39    1.99       9.50    9.50    0.00   -3.70      1.159   1.159   0.000
  13 1778.5   7/2-  -3/2  33   -0.83    4.82    4.82    1.79    0.43      11.88   11.88    0.00   -1.99      1.448   1.448   0.000
  14 1810.1  11/2-  -3/2  27    0.12   23.61   23.61    2.83    6.06       6.64    6.64    0.00   -3.78      0.809   0.809   0.000
  15 1907.8   7/2-   1/2  32    0.26   15.25   15.25    0.77    3.03      11.50   11.50   -0.00   -4.02      1.403   1.403  -0.000
  
  16 1918.9   5/2-   5/2  28    2.45    6.10    6.10    6.19    2.07       7.45    7.45    0.00   -3.18      0.908   0.908   0.000
  17 2031.3  11/2- -11/2  26   -1.34    2.82    2.82   23.68    4.26       7.08    7.08   -0.00   -1.03      0.863   0.863  -0.000
  18 2122.3  11/2- -11/2  26   -1.98    2.84    2.84   24.20    4.27       7.30    7.30    0.00   -1.14      0.890   0.890   0.000
  19 2310.7   9/2-  -3/2  33   -0.73    5.13    5.13    1.55    0.77      14.43   14.43    0.00   -1.48      1.760   1.760   0.000
  20 2531.8   9/2-   1/2  32    0.28   11.99   11.99    0.65    2.39      12.80   12.80   -0.00   -2.52      1.560   1.560  -0.000
  
  21 2681.7   9/2-  -7/2  29   -2.38    5.91    5.91   12.19    2.40      12.44   12.44   -0.00   -2.42      1.516   1.516  -0.000
  22 2835.8  11/2-  -7/2  34   -1.85    2.58    2.58   13.14    2.33      13.10   13.10   -0.00   -0.85      1.598   1.598  -0.000
  23 3211.7  11/2-   1/2  31   -0.19    4.99    4.99    0.96    0.96      17.58   17.58    0.00   -0.87      2.144   2.144   0.000
  24 3406.8   5/2-  -3/2  39   -1.36    2.14    2.14    2.15    0.31       6.67    6.67    0.00   -1.51      0.813   0.813   0.000
  25 3427.6  13/2-   9/2  36    1.32    3.06    3.06   18.05    3.18      14.28   14.28   -0.00   -0.37      1.741   1.741  -0.000
  
  26 3617.7  13/2-   5/2  30    0.21   23.05   23.05    5.25    4.85      16.19   16.19   -0.00   -3.07      1.973   1.973  -0.000
  27 3680.5  13/2- -11/2  26   -5.07    2.78    2.78   29.21    4.22      12.33   12.33    0.00   -1.08      1.504   1.504   0.000
  28 4381.7  13/2-  -7/2  34   -1.63    2.70    2.70   13.17    2.05      19.36   19.36   -0.00   -0.69      2.361   2.361  -0.000
  29 4393.8   1/2-   1/2  37    0.50   15.65   15.65    0.25   -0.31      16.41   16.41    0.00   -5.55      2.001   2.001   0.000
  30 4416.1  13/2-   1/2  32    0.22   11.72   11.72    0.74    2.39      19.79   19.79    0.00   -1.19      2.412   2.412   0.000
  
  31 8115.4   1/2-   1/2  25    0.50   23.16   23.16    0.25   -3.53      26.71   26.71    0.00   -6.79      3.257   3.257   0.000
  32*******   1/2-  -3/2  33    0.00    0.00    0.00    0.00   -0.00       0.00    0.00    0.00   -0.00      0.000   0.000   0.000
