1SPECTRUM OF (Z= 82 A=207) IN PARTICLE-ROTOR  MODEL WITH MODIFIED OSCILLATOR POTENTIAL


 PARITY=-   EPS= 0.390   GAMMA=  0.0   EPS4=0.000   EPS6=0.000   LEVELS:  24  25  26  27  28  29  30  31  32  33  34  35  36  37  38

 PAIRING FACTORS: GN0= 19.20  GN1=  7.40  IPAIR= 15 ***  E2PLUS(INPUT)=   0.730  E2PLUR(INPUT)=   0.000

 CORIOLIS ATTENUATION PARAMETERS:  CHSI=1.000  ETA=  1.00

 MOMENT OF INERTIA PARAMETERS:   A1=  0.122 MEV   A2=  0.122 MEV   A3=121.91924 MEV


 DELTA=0.852 MEV  LAMBDA=53.4673 MEV   HW0= 7.5522 MEV   LAMBDA/HW0= 7.0797

 E2ENERGY=0.730 MEV  HBAR**2/B=28202./A**(7/3)=4767.5/A**2 MEV

 IREC=0  =>  RECOIL TERMS j+j-, j+j+, jzjz, ETC TREATED AS ONE-BODY OPERATORS WITH UU+VV PAIRING FACTORS



 S. P. LEVEL   EQP       U     V        (UU + VV)**1.00

     24       4.296    0.100 0.995      1.000 1.000 0.999 0.998 0.995 0.992 0.929 0.894 0.833 0.566 0.414 0.408 0.318 0.229 0.226
     25       3.838    0.112 0.994      1.000 1.000 0.999 0.999 0.996 0.994 0.934 0.899 0.839 0.576 0.425 0.419 0.329 0.240 0.237
     26       2.998    0.144 0.990      0.999 0.999 1.000 1.000 0.999 0.997 0.945 0.913 0.856 0.602 0.453 0.448 0.359 0.271 0.268
     27       2.782    0.155 0.988      0.998 0.999 1.000 1.000 0.999 0.998 0.948 0.917 0.862 0.611 0.464 0.459 0.370 0.283 0.280
     28       2.223    0.195 0.981      0.995 0.996 0.999 0.999 1.000 1.000 0.961 0.933 0.882 0.643 0.500 0.495 0.408 0.322 0.319
     29       1.966    0.222 0.975      0.992 0.994 0.997 0.998 1.000 1.000 0.968 0.942 0.895 0.663 0.523 0.518 0.433 0.347 0.345
     30       1.042    0.460 0.888      0.929 0.934 0.945 0.948 0.961 0.968 1.000 0.996 0.978 0.830 0.721 0.717 0.646 0.572 0.570
     31       0.942    0.535 0.845      0.894 0.899 0.913 0.917 0.933 0.942 0.996 1.000 0.993 0.875 0.778 0.774 0.709 0.641 0.639
     32       0.869    0.634 0.773      0.833 0.839 0.856 0.862 0.882 0.895 0.978 0.993 1.000 0.928 0.849 0.846 0.790 0.729 0.727
     33       1.010    0.877 0.481      0.566 0.576 0.602 0.611 0.643 0.663 0.830 0.875 0.928 1.000 0.985 0.984 0.962 0.932 0.931
     34       1.401    0.947 0.321      0.414 0.425 0.453 0.464 0.500 0.523 0.721 0.778 0.849 0.985 1.000 1.000 0.995 0.981 0.980
     35       1.422    0.949 0.315      0.408 0.419 0.448 0.459 0.495 0.518 0.717 0.774 0.846 0.984 1.000 1.000 0.995 0.982 0.981
     36       1.970    0.975 0.222      0.318 0.329 0.359 0.370 0.408 0.433 0.646 0.709 0.790 0.962 0.995 0.995 1.000 0.996 0.995
     37       3.291    0.991 0.131      0.229 0.240 0.271 0.283 0.322 0.347 0.572 0.641 0.729 0.932 0.981 0.982 0.996 1.000 1.000
     38       3.368    0.992 0.127      0.226 0.237 0.268 0.280 0.319 0.345 0.570 0.639 0.727 0.931 0.980 0.981 0.995 1.000 1.000

  R CORE   ENERGY   A0R/A00=1.000    R3= 0     2  
   2( 1)    0.732                    1.000 0.000
   2( 2)  487.921                    0.000 1.000

  R CORE   ENERGY   A0R/A00=1.000    R3= 0     2  
   3( 1)  488.652                    0.000 1.000

  R CORE   ENERGY   A0R/A00=1.000    R3= 0     2     4  
   4( 1)    2.438                    1.000 0.000 0.000

  R CORE   ENERGY   A0R/A00=1.000    R3= 0     2     4  
   5( 1)  490.847                    0.000 1.000 0.000

  R CORE   ENERGY   A0R/A00=1.000    R3= 0     2     4     6  
   6( 1)    5.121                    1.000 0.000 0.000 0.000

  R CORE   ENERGY   A0R/A00=1.000    R3= 0     2     4     6  
   7( 1)  494.017                    0.000 1.000 0.000 0.000

          AXIAL SYMMETRY => K RESTRICTED TO OMEGA

                     K
     S.P. ORB#: 24  0.50
     S.P. ORB#: 25 -5.50
     S.P. ORB#: 26  0.50
     S.P. ORB#: 27  2.50
     S.P. ORB#: 28 -3.50
     S.P. ORB#: 29 -1.50
     S.P. ORB#: 30  0.50
     S.P. ORB#: 31 -1.50
     S.P. ORB#: 32  2.50
     S.P. ORB#: 33 -3.50
     S.P. ORB#: 34  0.50
     S.P. ORB#: 35  4.50
     S.P. ORB#: 36 -3.50
     S.P. ORB#: 37 -1.50
     S.P. ORB#: 38  0.50
 

             ENERGY    K= OMEGA
 
 I=  1/2- (1)  2.339  30: 0.999
 
 I=  1/2- (2)  4.346  26: 0.192
                      34:-0.912
                      38: 0.362
 
 I=  1/2- (3)  5.971  24: 0.999
 
 I=  1/2- (4)  7.290  26: 0.344
                      34:-0.283
                      38:-0.895
 
 I=  1/2- (5)  9.398  26: 0.919
                      34: 0.296
                      38: 0.260

             ENERGY    K= OMEGA
 
 I=  3/2- (1)  2.241  24:-0.061
                      30: 0.327
                      31:-0.943
 
 I=  3/2- (2)  2.436  24:-0.196
                      30:-0.914
                      31:-0.303
                      37:-0.187

             ENERGY    K= OMEGA
 
 I=  5/2- (1)  2.500  24:-0.261
                      30: 0.506
                      31: 0.818
                      37:-0.071
 
 I=  5/2- (2)  3.351  27: 0.067
                      30:-0.778
                      31: 0.522
                      37: 0.340
 
 I=  5/2- (3)  4.534  27: 0.888
                      30: 0.176
                      31:-0.115
                      37: 0.408
 
 I=  5/2- (4)  4.730  24: 0.064
                      27: 0.453
                      30:-0.265
                      31: 0.092
                      37:-0.844
 
 I=  5/2- (5)  4.753  26: 0.144
                      34:-0.800
                      38: 0.581

             ENERGY    K= OMEGA
 
 I=  7/2- (1)  1.894  27:-0.153
                      33: 0.987
 
 I=  7/2- (2)  3.419  24: 0.188
                      30: 0.913
                      31:-0.240
                      37: 0.272
 
 I=  7/2- (3)  3.487  24:-0.276
                      27: 0.074
                      30:-0.159
                      31:-0.938
                      37:-0.104
 
 I=  7/2- (4)  4.100  26: 0.608
                      29: 0.588
                      32: 0.489
                      36: 0.214
 
 I=  7/2- (5)  4.128  27: 0.182
                      28: 0.982

             ENERGY    K= OMEGA
 
 I=  9/2- (1)  2.350  27: 0.087
                      28:-0.164
                      33: 0.360
                      35: 0.914
 
 I=  9/2- (2)  2.970  27: 0.206
                      28: 0.098
                      33: 0.904
                      35:-0.359
 
 I=  9/2- (3)  3.708  24:-0.389
                      30: 0.563
                      31: 0.716
                      37:-0.129
 
 I=  9/2- (4)  4.771  26: 0.208
                      29:-0.552
                      32: 0.692
                      36:-0.414
 
 I=  9/2- (5)  5.228  27:-0.271
                      28: 0.724
                      30: 0.399
                      31:-0.350
                      33: 0.051
                      35: 0.140
                      37:-0.314

             ENERGY    K= OMEGA
 
 I= 11/2- (1)  3.490  27: 0.136
                      28: 0.222
                      33:-0.445
                      35: 0.856
 
 I= 11/2- (2)  3.523  26:-0.605
                      29:-0.588
                      32:-0.472
                      34:-0.105
                      36:-0.230
 
 I= 11/2- (3)  4.270  27: 0.242
                      28:-0.145
                      33:-0.850
                      35:-0.442
 
 I= 11/2- (4)  5.181  25:-0.999
 
 I= 11/2- (5)  5.303  24:-0.362
                      30:-0.840
                      31:-0.236
                      37:-0.323

             ENERGY    K= OMEGA
 
 I= 13/2- (1)  4.862  27:-0.176
                      28: 0.262
                      33:-0.488
                      35:-0.812
 
 I= 13/2- (2)  5.325  26:-0.216
                      29: 0.564
                      32:-0.679
                      36: 0.416
 
 I= 13/2- (3)  5.734  24:-0.410
                      27: 0.150
                      28: 0.087
                      30: 0.492
                      31: 0.593
                      33: 0.361
                      35:-0.251
                      37:-0.118
 
 I= 13/2- (4)  5.823  24: 0.220
                      27: 0.225
                      28: 0.161
                      30:-0.281
                      31:-0.294
                      33: 0.725
                      35:-0.416
                      37: 0.095
 
 I= 13/2- (5)  6.768  25:-0.998

             ENERGY     K= 1/2
  32 LEVELS    TIME=  0.0 SEC



 ******************* EXCITATION ENERGIES, DOMINANT CONFIGURATION AND EXPECTATION VALUES (WITH S.P. UU+VV FACTORS) *******************

  NR  Eex(keV)  I   Kdom  NY    <Jz>  <Jx**2> <Jy**2> <Jz**2> <I.j>/|I|  <Rx**2> <Ry**2> <Rz**2> <R.j>/|R|  <HROTx> <HROTy> <HROTz>

   1    0.0   7/2-  -7/2  33   -3.36    2.30    2.30   12.11    3.22       3.45    3.45    0.00   -1.50      0.420   0.420   0.000
   2  347.5   3/2-  -3/2  31   -1.28    4.98    4.98    2.03    1.36       5.23    5.23   -0.00   -2.89      0.638   0.638  -0.000
   3  445.6   1/2-   1/2  30    0.50    4.99    4.99    0.25    0.23       5.29    5.29    0.00   -3.08      0.645   0.645   0.000
   4  456.2   9/2-   9/2  35    3.23    2.50    2.50   18.89    4.11       3.89    3.89    0.00   -1.24      0.475   0.475   0.000
   5  541.8   3/2-   1/2  30    0.25    4.69    4.69    0.50    0.98       4.92    4.92    0.00   -2.54      0.600   0.600   0.000
  
   6  606.0   5/2-  -3/2  31   -0.85    5.26    5.26    1.61    1.74       5.29    5.29    0.00   -2.14      0.645   0.645   0.000
   7 1075.8   9/2-  -7/2  33   -2.21    2.37    2.37   13.02    2.77       7.46    7.46    0.00   -1.03      0.910   0.910   0.000
   8 1457.3   5/2-   1/2  30   -0.27    4.49    4.49    1.05    0.32       8.46    8.46    0.00   -2.21      1.031   1.031   0.000
   9 1525.6   7/2-   1/2  30    0.24    4.66    4.66    0.51    1.05       8.62    8.62    0.00   -1.36      1.051   1.051   0.000
  10 1592.9   7/2-  -3/2  31   -1.28    4.97    4.97    2.08    1.17       9.23    9.23   -0.00   -1.71      1.125   1.125  -0.000
  
  11 1596.5  11/2-   9/2  35    2.47    2.66    2.66   18.02    3.51       8.54    8.54    0.00   -0.57      1.041   1.041   0.000
  12 1629.7  11/2-   1/2  26    0.04   23.22   23.22    2.91    6.14       5.86    5.86    0.00   -3.70      0.714   0.714   0.000
  13 1814.7   9/2-  -3/2  31   -0.56    5.50    5.50    1.33    1.93       8.96    8.96   -0.00   -0.65      1.093   1.093  -0.000
  14 2206.3   7/2-   1/2  26    0.10   22.83   22.83    2.93    6.02       8.26    8.26    0.00   -6.07      1.007   1.007   0.000
  15 2233.8   7/2-  -7/2  28   -3.30    6.24    6.24   12.03    3.12       7.74    7.74    0.00   -3.08      0.944   0.944   0.000
  
  16 2376.7  11/2-  -7/2  33   -1.58    2.45    2.45   13.45    2.44      12.49   12.49    0.00   -0.76      1.523   1.523   0.000
  17 2452.3   1/2-   1/2  34    0.50   11.15   11.15    0.25    1.01      10.78   10.78   -0.00   -4.67      1.314   1.314  -0.000
  18 2640.1   5/2-   5/2  27    1.72    5.35    5.35    5.34    1.77       7.16    7.16    0.00   -2.86      0.873   0.873   0.000
  19 2835.9   5/2-  -3/2  37   -0.53    3.04    3.04    2.92    0.62       7.04    7.04    0.00   -1.91      0.858   0.858   0.000
  20 2858.8   5/2-   1/2  34    0.50   11.30   11.30    0.26    1.66      10.88   10.88   -0.00   -3.84      1.327   1.327  -0.000
  
  21 2877.5   9/2-   5/2  32    0.16   23.67   23.67    5.80    5.12      13.47   13.47   -0.00   -5.33      1.642   1.642  -0.000
  22 2968.7  13/2-   9/2  35    1.96    2.81    2.81   17.35    3.12      14.10   14.10    0.00   -0.23      1.719   1.719   0.000
  23 3287.6  11/2- -11/2  25   -5.48    2.75    2.75   30.22    5.05       5.53    5.53    0.00   -1.66      0.674   0.674   0.000
  24 3333.8   9/2-  -7/2  28   -1.83    5.22    5.22    7.85    1.67      13.21   13.21    0.00   -1.94      1.611   1.611   0.000
  25 3409.0  11/2-   1/2  30    0.17    4.52    4.52    0.61    1.32      14.77   14.77    0.00   -0.32      1.801   1.801   0.000
  
  26 3430.8  13/2-   5/2  32    0.09   23.68   23.68    5.73    5.05      15.65   15.65    0.00   -3.19      1.908   1.908   0.000
  27 3840.1  13/2-  -3/2  31   -0.49    5.00    5.00    4.04    2.10      16.73   16.73    0.00    0.11      2.039   2.039   0.000
  28 3929.8  13/2-  -7/2  33   -1.12    3.20    3.20   10.87    2.12      18.21   18.21    0.00   -0.41      2.220   2.220   0.000
  29 4077.7   1/2-   1/2  24    0.50    6.96    6.96    0.25    0.64       6.90    6.90    0.00   -3.66      0.842   0.842   0.000
  30 4874.7  13/2- -11/2  25   -5.47    2.75    2.75   30.20    4.32      12.06   12.06    0.00   -1.13      1.470   1.470   0.000
  
  31 5396.7   1/2-   1/2  38    0.50   15.90   15.90    0.25   -0.59      16.91   16.91    0.00   -5.60      2.062   2.062   0.000
  32 7504.0   1/2-   1/2  26    0.50   23.24   23.24    0.25   -3.44      26.72   26.72   -0.00   -6.80      3.257   3.257  -0.000
