1SPECTRUM OF (Z= 82 A=207) IN PARTICLE-ROTOR  MODEL WITH MODIFIED OSCILLATOR POTENTIAL


 PARITY=-   EPS= 0.285   GAMMA=  0.0   EPS4=0.000   EPS6=0.000   LEVELS:  26  27  28  29  30  31  32  33  34  35  36  37  38  39  40

 PAIRING FACTORS: GN0= 19.20  GN1=  7.40  IPAIR= 15 ***  E2PLUS(INPUT)=   0.730  E2PLUR(INPUT)=   0.000

 CORIOLIS ATTENUATION PARAMETERS:  CHSI=1.000  ETA=  1.00

 MOMENT OF INERTIA PARAMETERS:   A1=  0.122 MEV   A2=  0.122 MEV   A3=121.91924 MEV


 DELTA=0.951 MEV  LAMBDA=53.3019 MEV   HW0= 7.4834 MEV   LAMBDA/HW0= 7.1227

 E2ENERGY=0.730 MEV  HBAR**2/B=15061./A**(7/3)=2546.0/A**2 MEV

 IREC=0  =>  RECOIL TERMS j+j-, j+j+, jzjz, ETC TREATED AS ONE-BODY OPERATORS WITH UU+VV PAIRING FACTORS



 S. P. LEVEL   EQP       U     V        (UU + VV)**1.00

     26       3.517    0.136 0.991      1.000 1.000 0.983 0.975 0.974 0.912 0.909 0.744 0.463 0.393 0.360 0.317 0.307 0.269 0.252
     27       2.965    0.163 0.987      1.000 1.000 0.987 0.980 0.979 0.923 0.919 0.761 0.486 0.417 0.385 0.342 0.332 0.295 0.278
     28       1.584    0.316 0.949      0.983 0.987 1.000 0.999 0.999 0.972 0.970 0.854 0.618 0.555 0.526 0.486 0.477 0.442 0.426
     29       1.434    0.355 0.935      0.975 0.980 0.999 1.000 1.000 0.981 0.979 0.875 0.650 0.589 0.560 0.521 0.512 0.478 0.462
     30       1.419    0.359 0.933      0.974 0.979 0.999 1.000 1.000 0.982 0.980 0.877 0.653 0.592 0.564 0.525 0.516 0.482 0.466
     31       1.058    0.530 0.848      0.912 0.923 0.972 0.981 0.982 1.000 1.000 0.952 0.785 0.735 0.711 0.678 0.670 0.640 0.626
     32       1.049    0.538 0.843      0.909 0.919 0.970 0.979 0.980 1.000 1.000 0.955 0.791 0.741 0.717 0.685 0.677 0.647 0.633
     33       0.964    0.763 0.646      0.744 0.761 0.854 0.875 0.877 0.952 0.955 1.000 0.937 0.907 0.891 0.870 0.864 0.844 0.834
     34       1.495    0.941 0.338      0.463 0.486 0.618 0.650 0.653 0.785 0.791 0.937 1.000 0.997 0.994 0.987 0.986 0.978 0.974
     35       1.868    0.965 0.264      0.393 0.417 0.555 0.589 0.592 0.735 0.741 0.907 0.997 1.000 0.999 0.997 0.996 0.991 0.989
     36       2.128    0.973 0.230      0.360 0.385 0.526 0.560 0.564 0.711 0.717 0.891 0.994 0.999 1.000 0.999 0.998 0.995 0.994
     37       2.617    0.983 0.185      0.317 0.342 0.486 0.521 0.525 0.678 0.685 0.870 0.987 0.997 0.999 1.000 1.000 0.999 0.998
     38       2.766    0.985 0.175      0.307 0.332 0.477 0.512 0.516 0.670 0.677 0.864 0.986 0.996 0.998 1.000 1.000 0.999 0.998
     39       3.545    0.991 0.135      0.269 0.295 0.442 0.478 0.482 0.640 0.647 0.844 0.978 0.991 0.995 0.999 0.999 1.000 1.000
     40       4.065    0.993 0.118      0.252 0.278 0.426 0.462 0.466 0.626 0.633 0.834 0.974 0.989 0.994 0.998 0.998 1.000 1.000

  R CORE   ENERGY   A0R/A00=1.000    R3= 0     2  
   2( 1)    0.732                    1.000 0.000
   2( 2)  487.921                    0.000 1.000

  R CORE   ENERGY   A0R/A00=1.000    R3= 0     2  
   3( 1)  488.652                    0.000 1.000

  R CORE   ENERGY   A0R/A00=1.000    R3= 0     2     4  
   4( 1)    2.438                    1.000 0.000 0.000

  R CORE   ENERGY   A0R/A00=1.000    R3= 0     2     4  
   5( 1)  490.847                    0.000 1.000 0.000

  R CORE   ENERGY   A0R/A00=1.000    R3= 0     2     4     6  
   6( 1)    5.121                    1.000 0.000 0.000 0.000

  R CORE   ENERGY   A0R/A00=1.000    R3= 0     2     4     6  
   7( 1)  494.017                    0.000 1.000 0.000 0.000

          AXIAL SYMMETRY => K RESTRICTED TO OMEGA

                     K
     S.P. ORB#: 26  2.50
     S.P. ORB#: 27 -3.50
     S.P. ORB#: 28  0.50
     S.P. ORB#: 29 -1.50
     S.P. ORB#: 30 -3.50
     S.P. ORB#: 31  4.50
     S.P. ORB#: 32  0.50
     S.P. ORB#: 33 -1.50
     S.P. ORB#: 34  2.50
     S.P. ORB#: 35 -1.50
     S.P. ORB#: 36  2.50
     S.P. ORB#: 37 -3.50
     S.P. ORB#: 38  0.50
     S.P. ORB#: 39  0.50
     S.P. ORB#: 40  4.50
 

             ENERGY    K= OMEGA
 
 I=  1/2- (1)  2.762  28: 0.991
                      38: 0.130
 
 I=  1/2- (2)  3.095  28: 0.130
                      38:-0.991
 
 I=  1/2- (3)  6.355  32: 0.624
                      39:-0.782
 
 I=  1/2- (4)  9.244  32: 0.782
                      39: 0.624
 
 I=  1/2- (5)147.267  33: 1.000

             ENERGY    K= OMEGA
 
 I=  3/2- (1)  2.353  28: 0.330
                      29: 0.160
                      35: 0.924
                      38:-0.104
 
 I=  3/2- (2)  2.630  28:-0.382
                      29: 0.922
                      38:-0.053
 
 I=  3/2- (3)  3.142  28: 0.794
                      29: 0.295
                      35:-0.377
                      38:-0.374
 
 I=  3/2- (4)  3.887  28:-0.338
                      29:-0.192
                      35: 0.051
                      38:-0.920
 
 I=  3/2- (5)  4.729  32: 0.819
                      33: 0.370
                      39:-0.439

             ENERGY    K= OMEGA
 
 I=  5/2- (1)  2.532  28:-0.264
                      29:-0.415
                      35: 0.420
                      36: 0.754
                      38:-0.113
 
 I=  5/2- (2)  2.963  26:-0.054
                      28: 0.216
                      29:-0.440
                      35:-0.816
                      36: 0.268
                      38:-0.138
 
 I=  5/2- (3)  3.210  28: 0.486
                      29: 0.540
                      36: 0.555
                      38: 0.402
 
 I=  5/2- (4)  3.985  28:-0.173
                      29: 0.535
                      35:-0.138
                      36: 0.193
                      38:-0.792
 
 I=  5/2- (5)  4.203  28:-0.786
                      29: 0.235
                      35:-0.365
                      36: 0.121
                      38: 0.423

             ENERGY    K= OMEGA
 
 I=  7/2- (1)  2.182  26:-0.214
                      27: 0.063
                      30: 0.974
 
 I=  7/2- (2)  3.115  28: 0.338
                      29:-0.425
                      35: 0.483
                      36:-0.684
 
 I=  7/2- (3)  3.215  32:-0.742
                      33:-0.567
                      34:-0.331
                      37:-0.130
                      39: 0.050
 
 I=  7/2- (4)  3.689  28:-0.382
                      29:-0.443
                      35:-0.670
                      36:-0.390
                      38: 0.228
 
 I=  7/2- (5)  4.211  26: 0.061
                      27: 0.118
                      28: 0.540
                      29:-0.626
                      35:-0.186
                      36: 0.514

             ENERGY    K= OMEGA
 
 I=  9/2- (1)  1.880  26: 0.065
                      27:-0.226
                      30: 0.183
                      31: 0.954
 
 I=  9/2- (2)  3.094  26:-0.293
                      27:-0.094
                      30:-0.932
                      31: 0.176
                      36: 0.052
 
 I=  9/2- (3)  3.907  28: 0.355
                      29: 0.500
                      35:-0.428
                      36:-0.628
                      38: 0.203
 
 I=  9/2- (4)  4.262  32:-0.217
                      33: 0.556
                      34:-0.628
                      37: 0.457
                      40:-0.204
 
 I=  9/2- (5)  4.800  26: 0.069
                      28:-0.158
                      29: 0.508
                      30:-0.070
                      35: 0.768
                      36:-0.105
                      38: 0.325

             ENERGY    K= OMEGA
 
 I= 11/2- (1)  2.341  32:-0.668
                      33:-0.568
                      34:-0.404
                      37:-0.237
                      40:-0.098
 
 I= 11/2- (2)  2.903  26:-0.109
                      27:-0.305
                      30: 0.254
                      31:-0.911
 
 I= 11/2- (3)  4.236  26:-0.344
                      27: 0.126
                      30: 0.892
                      31: 0.247
                      36: 0.066
 
 I= 11/2- (4)  5.019  28:-0.399
                      29: 0.456
                      35:-0.496
                      36: 0.617
 
 I= 11/2- (5)  5.757  32: 0.497
                      33: 0.059
                      34:-0.432
                      37:-0.615
                      39:-0.082
                      40:-0.422

             ENERGY    K= OMEGA
 
 I= 13/2- (1)  4.062  32: 0.184
                      33:-0.494
                      34: 0.613
                      37:-0.516
                      40: 0.281
 
 I= 13/2- (2)  4.145  26: 0.148
                      27:-0.354
                      30: 0.303
                      31: 0.872
 
 I= 13/2- (3)  5.611  26: 0.378
                      27: 0.157
                      29: 0.070
                      30: 0.855
                      31:-0.296
                      36:-0.085
 
 I= 13/2- (4)  6.260  28: 0.395
                      29: 0.520
                      30:-0.055
                      31: 0.062
                      35:-0.420
                      36:-0.566
                      38: 0.258
 
 I= 13/2- (5)  7.562  26: 0.065
                      28:-0.057
                      29: 0.462
                      30:-0.094
                      35: 0.706
                      36: 0.094
                      38: 0.511

             ENERGY     K= 9/2
  35 LEVELS    TIME=  0.0 SEC



 ******************* EXCITATION ENERGIES, DOMINANT CONFIGURATION AND EXPECTATION VALUES (WITH S.P. UU+VV FACTORS) *******************

  NR  Eex(keV)  I   Kdom  NY    <Jz>  <Jx**2> <Jy**2> <Jz**2> <I.j>/|I|  <Rx**2> <Ry**2> <Rz**2> <R.j>/|R|  <HROTx> <HROTy> <HROTz>

   1    0.0   9/2-   9/2  31    3.81    2.58    2.58   19.51    4.39       2.88    2.88    0.00   -1.18      0.351   0.351   0.000
   2  301.7   7/2-  -7/2  30   -3.22    2.31    2.31   11.96    3.39       2.70    2.70   -0.00   -1.34      0.330   0.330  -0.000
   3  461.2  11/2-   1/2  32   -0.00   25.70   25.70    2.74    6.75       4.62    4.62    0.00   -4.55      0.563   0.563   0.000
   4  473.4   3/2-  -3/2  35   -1.26    1.94    1.94    2.01    1.39       2.12    2.12    0.00   -1.55      0.259   0.259   0.000
   5  652.4   5/2-   5/2  36    0.94    2.56    2.56    4.36    2.25       2.46    2.46    0.00   -1.27      0.300   0.300   0.000
  
   6  750.0   3/2-  -3/2  29   -1.20    4.52    4.52    1.95    1.33       4.80    4.80    0.00   -2.72      0.585   0.585   0.000
   7  882.1   1/2-   1/2  28    0.50    4.52    4.52    0.25    0.31       4.75    4.75    0.00   -2.93      0.579   0.579   0.000
   8 1022.8  11/2-   9/2  31    3.22    2.84    2.84   18.82    3.93       6.62    6.62    0.00   -0.27      0.807   0.807   0.000
   9 1082.8   5/2-  -3/2  35   -1.07    2.06    2.06    2.42    0.99       4.72    4.72    0.00   -1.18      0.576   0.576   0.000
  10 1214.2   9/2-  -7/2  30   -2.72    2.43    2.43   11.94    2.95       6.11    6.11   -0.00   -0.61      0.745   0.745  -0.000
  
  11 1215.4   1/2-   1/2  38    0.50    1.49    1.49    0.25    0.64       1.43    1.43    0.00   -1.58      0.175   0.175   0.000
  12 1235.0   7/2-   5/2  36    0.60    2.74    2.74    3.92    1.89       5.06    5.06    0.00   -0.59      0.616   0.616   0.000
  13 1262.0   3/2-   1/2  28    0.04    3.66    3.66    0.71    0.15       5.60    5.60    0.00   -2.31      0.682   0.682   0.000
  14 1330.1   5/2-   5/2  36    0.53    3.26    3.26    2.69    1.22       5.37    5.37    0.00   -1.71      0.655   0.655   0.000
  15 1335.2   7/2-   1/2  32    0.01   25.08   25.08    1.75    6.34       8.66    8.66    0.00   -6.43      1.056   1.056   0.000
  
  16 1808.9   7/2-  -3/2  35   -0.49    2.37    2.37    2.50    0.98       7.62    7.62    0.00   -0.86      0.929   0.929   0.000
  17 2007.0   3/2-   1/2  38    0.42    2.10    2.10    0.33   -0.63       5.36    5.36    0.00   -1.76      0.654   0.654   0.000
  18 2027.2   9/2-   5/2  36    0.41    3.00    3.00    3.54    1.76       8.37    8.37    0.00   -0.19      1.021   1.021   0.000
  19 2104.6   5/2-   1/2  38   -0.04    2.59    2.59    1.08    0.21       6.88    6.88    0.00   -1.52      0.838   0.838   0.000
  20 2181.8  13/2-   5/2  34    0.01   24.88   24.88    7.77    6.31       9.06    9.06    0.00   -3.16      1.105   1.105   0.000
  
  21 2265.2  13/2-   9/2  31    2.72    3.05    3.05   18.19    3.61      11.32   11.32    0.00    0.19      1.380   1.380   0.000
  22 2323.4   5/2-   1/2  28    0.15    3.49    3.49    0.72   -0.50       9.71    9.71    0.00   -2.08      1.184   1.184   0.000
  23 2331.0   7/2-  -3/2  29    0.12    3.60    3.60    2.88    0.66      10.28   10.28    0.00   -1.64      1.253   1.253   0.000
  24 2355.7  11/2-  -7/2  30   -2.27    2.54    2.54   11.96    2.66      10.51   10.51   -0.00   -0.25      1.281   1.281  -0.000
  25 2382.3   9/2-   5/2  34    0.00   25.17   25.17    6.57    6.05      10.71   10.71    0.00   -5.79      1.305   1.305   0.000
  
  26 2848.7   3/2-   1/2  32    0.23   19.38   19.38    0.52    4.31      13.17   13.17    0.00   -6.03      1.606   1.606   0.000
  27 2920.1   9/2-  -3/2  35   -1.19    2.13    2.13    2.11    0.70      12.09   12.09    0.00   -0.59      1.473   1.473   0.000
  28 3138.7  11/2-   5/2  36    0.35    2.96    2.96    3.52    1.59      13.06   13.06    0.00    0.02      1.592   1.592   0.000
  29 3730.7  13/2-  -7/2  30   -1.88    2.63    2.63   11.98    2.45      15.91   15.91   -0.00   -0.03      1.939   1.939  -0.000
  30 3876.5  11/2-  -7/2  37    0.07   23.51   23.51    9.48    5.33      14.26   14.26   -0.00   -4.61      1.739   1.739  -0.000
  
  31 4380.1  13/2-   5/2  36    0.25    3.15    3.15    3.20    1.58      18.09   18.09    0.00    0.25      2.206   2.206   0.000
  32 4474.6   1/2-   1/2  39    0.50   13.18   13.18    0.25   -2.11      15.51   15.51    0.00   -5.11      1.890   1.890   0.000
  33 5682.2  13/2-  -3/2  35   -0.94    1.98    1.98    1.89    0.65      22.75   22.75    0.00   -0.19      2.773   2.773   0.000
  34 7363.7   1/2-   1/2  32    0.50   26.01   26.01    0.25   -3.60      29.63   29.63    0.00   -7.19      3.612   3.612   0.000
  35*******   1/2-  -3/2  33    0.00    0.00    0.00    0.00   -0.00       0.00    0.00   -0.00   -0.00      0.000   0.000  -0.000
  
