1SPECTRUM OF (Z= 82 A=207) IN PARTICLE-ROTOR  MODEL WITH MODIFIED OSCILLATOR POTENTIAL


 PARITY=-   EPS= 0.220   GAMMA=  0.0   EPS4=0.000   EPS6=0.000   LEVELS:  25  26  27  28  29  30  31  32  33  34  35  36  37  38  39

 PAIRING FACTORS: GN0= 19.20  GN1=  7.40  IPAIR= 15 ***  E2PLUS(INPUT)=   0.730  E2PLUR(INPUT)=   0.000

 CORIOLIS ATTENUATION PARAMETERS:  CHSI=1.000  ETA=  1.00

 MOMENT OF INERTIA PARAMETERS:   A1=  0.122 MEV   A2=  0.122 MEV   A3=121.91924 MEV


 DELTA=0.945 MEV  LAMBDA=53.4801 MEV   HW0= 7.4532 MEV   LAMBDA/HW0= 7.1755

 E2ENERGY=0.730 MEV  HBAR**2/B= 8974./A**(7/3)=1517.1/A**2 MEV

 IREC=0  =>  RECOIL TERMS j+j-, j+j+, jzjz, ETC TREATED AS ONE-BODY OPERATORS WITH UU+VV PAIRING FACTORS



 S. P. LEVEL   EQP       U     V        (UU + VV)**1.00

     25       4.124    0.115 0.993      1.000 1.000 1.000 0.996 0.993 0.990 0.989 0.622 0.570 0.534 0.472 0.391 0.362 0.285 0.238
     26       4.114    0.116 0.993      1.000 1.000 1.000 0.996 0.993 0.990 0.989 0.623 0.570 0.534 0.472 0.392 0.362 0.285 0.238
     27       3.590    0.133 0.991      1.000 1.000 1.000 0.998 0.995 0.992 0.992 0.636 0.584 0.549 0.487 0.408 0.378 0.302 0.255
     28       2.410    0.200 0.980      0.996 0.996 0.998 1.000 0.999 0.998 0.998 0.687 0.638 0.604 0.545 0.469 0.440 0.366 0.320
     29       2.062    0.236 0.972      0.993 0.993 0.995 0.999 1.000 1.000 1.000 0.713 0.666 0.633 0.576 0.501 0.473 0.400 0.354
     30       1.898    0.258 0.966      0.990 0.990 0.992 0.998 1.000 1.000 1.000 0.729 0.683 0.650 0.594 0.520 0.493 0.421 0.375
     31       1.888    0.259 0.966      0.989 0.989 0.992 0.998 1.000 1.000 1.000 0.730 0.684 0.651 0.595 0.521 0.494 0.422 0.377
     32       1.054    0.849 0.528      0.622 0.623 0.636 0.687 0.713 0.729 0.730 1.000 0.998 0.994 0.984 0.964 0.955 0.928 0.908
     33       1.136    0.882 0.471      0.570 0.570 0.584 0.638 0.666 0.683 0.684 0.998 1.000 0.999 0.993 0.979 0.972 0.950 0.934
     34       1.211    0.902 0.433      0.534 0.534 0.549 0.604 0.633 0.650 0.651 0.994 0.999 1.000 0.997 0.987 0.981 0.963 0.948
     35       1.385    0.930 0.367      0.472 0.472 0.487 0.545 0.576 0.594 0.595 0.984 0.993 0.997 1.000 0.996 0.993 0.980 0.969
     36       1.742    0.959 0.283      0.391 0.392 0.408 0.469 0.501 0.520 0.521 0.964 0.979 0.987 0.996 1.000 0.999 0.994 0.987
     37       1.939    0.968 0.252      0.362 0.362 0.378 0.440 0.473 0.493 0.494 0.955 0.972 0.981 0.993 0.999 1.000 0.997 0.992
     38       2.776    0.985 0.173      0.285 0.285 0.302 0.366 0.400 0.421 0.422 0.928 0.950 0.963 0.980 0.994 0.997 1.000 0.999
     39       3.840    0.992 0.124      0.238 0.238 0.255 0.320 0.354 0.375 0.377 0.908 0.934 0.948 0.969 0.987 0.992 0.999 1.000

  R CORE   ENERGY   A0R/A00=1.000    R3= 0     2  
   2( 1)    0.732                    1.000 0.000
   2( 2)  487.921                    0.000 1.000

  R CORE   ENERGY   A0R/A00=1.000    R3= 0     2  
   3( 1)  488.652                    0.000 1.000

  R CORE   ENERGY   A0R/A00=1.000    R3= 0     2     4  
   4( 1)    2.438                    1.000 0.000 0.000

  R CORE   ENERGY   A0R/A00=1.000    R3= 0     2     4  
   5( 1)  490.847                    0.000 1.000 0.000

  R CORE   ENERGY   A0R/A00=1.000    R3= 0     2     4     6  
   6( 1)    5.121                    1.000 0.000 0.000 0.000

  R CORE   ENERGY   A0R/A00=1.000    R3= 0     2     4     6  
   7( 1)  494.017                    0.000 1.000 0.000 0.000

          AXIAL SYMMETRY => K RESTRICTED TO OMEGA

                     K
     S.P. ORB#: 25  2.50
     S.P. ORB#: 26  0.50
     S.P. ORB#: 27 -3.50
     S.P. ORB#: 28 -3.50
     S.P. ORB#: 29  0.50
     S.P. ORB#: 30 -1.50
     S.P. ORB#: 31  4.50
     S.P. ORB#: 32 -1.50
     S.P. ORB#: 33  0.50
     S.P. ORB#: 34  2.50
     S.P. ORB#: 35 -1.50
     S.P. ORB#: 36  0.50
     S.P. ORB#: 37  2.50
     S.P. ORB#: 38 -3.50
     S.P. ORB#: 39  4.50
 

             ENERGY    K= OMEGA
 
 I=  1/2- (1)  2.015  26:-0.056
                      36:-0.998
 
 I=  1/2- (2)  3.146  29: 0.999
 
 I=  1/2- (3)  5.392  26: 0.998
                      36:-0.057
 
 I=  1/2- (4)  8.850  33:-1.000
 
 I=  1/2- (5)147.357  32: 1.000

             ENERGY    K= OMEGA
 
 I=  3/2- (1)  1.558  29: 0.184
                      30: 0.099
                      32: 0.975
                      36:-0.067
 
 I=  3/2- (2)  2.629  29:-0.213
                      30:-0.246
                      32: 0.132
                      36: 0.935

             ENERGY    K= OMEGA
 
 I=  5/2- (1)  1.693  26:-0.056
                      29: 0.147
                      30: 0.185
                      32:-0.464
                      34:-0.850
 
 I=  5/2- (2)  2.209  29: 0.197
                      30:-0.181
                      32:-0.847
                      34: 0.453
                      36:-0.064
 
 I=  5/2- (3)  2.654  26:-0.071
                      29: 0.230
                      30: 0.304
                      34: 0.160
                      36: 0.908
 
 I=  5/2- (4)  3.311  26:-0.349
                      29: 0.417
                      30: 0.708
                      32: 0.073
                      34: 0.187
                      36:-0.404
 
 I=  5/2- (5)  4.456  26: 0.066
                      29:-0.810
                      30: 0.518
                      32:-0.244
                      34: 0.103

             ENERGY    K= OMEGA
 
 I=  7/2- (1)  2.333  29: 0.196
                      30:-0.210
                      32: 0.544
                      34:-0.787
 
 I=  7/2- (2)  2.876  25: 0.101
                      26:-0.171
                      28: 0.223
                      29:-0.331
                      30:-0.309
                      32:-0.674
                      34:-0.469
                      36: 0.175
 
 I=  7/2- (3)  3.165  25:-0.218
                      26:-0.053
                      27: 0.078
                      28:-0.942
                      29:-0.098
                      30:-0.091
                      32:-0.150
                      34:-0.115
                      36: 0.061
 
 I=  7/2- (4)  3.484  33:-0.735
                      35:-0.572
                      37:-0.339
                      38:-0.137
 
 I=  7/2- (5)  4.137  26:-0.184
                      29:-0.192
                      30:-0.432
                      32: 0.341
                      34: 0.284
                      36: 0.737

             ENERGY    K= OMEGA
 
 I=  9/2- (1)  2.650  25:-0.076
                      27: 0.252
                      28: 0.182
                      31:-0.940
                      32:-0.058
                      34:-0.085
 
 I=  9/2- (2)  3.024  26:-0.198
                      29: 0.320
                      30: 0.386
                      31: 0.117
                      32:-0.479
                      34:-0.662
                      36: 0.159
 
 I=  9/2- (3)  3.951  25:-0.288
                      27:-0.099
                      28: 0.720
                      29: 0.114
                      30:-0.200
                      31: 0.138
                      32:-0.489
                      34: 0.248
                      36:-0.126
 
 I=  9/2- (4)  4.153  25:-0.093
                      26:-0.172
                      27:-0.066
                      28: 0.402
                      29: 0.139
                      30: 0.383
                      31: 0.054
                      32: 0.456
                      34: 0.155
                      36: 0.629
 
 I=  9/2- (5)  4.251  25:-0.112
                      26: 0.104
                      28: 0.420
                      29:-0.362
                      31: 0.098
                      32: 0.426
                      34:-0.593
                      36:-0.354

             ENERGY    K= OMEGA
 
 I= 11/2- (1)  2.354  33:-0.671
                      35:-0.566
                      37:-0.403
                      38:-0.236
                      39:-0.102
 
 I= 11/2- (2)  3.617  25: 0.125
                      27: 0.333
                      28: 0.251
                      31: 0.891
                      32:-0.073
                      34: 0.096
 
 I= 11/2- (3)  4.286  29:-0.287
                      30: 0.279
                      31:-0.137
                      32:-0.578
                      34: 0.695
 
 I= 11/2- (4)  4.853  25: 0.182
                      26:-0.272
                      27:-0.076
                      28: 0.335
                      29:-0.384
                      30:-0.404
                      31:-0.087
                      32:-0.485
                      34:-0.421
                      36: 0.210
 
 I= 11/2- (5)  5.227  25:-0.323
                      26:-0.147
                      27: 0.124
                      28:-0.816
                      29:-0.205
                      30:-0.192
                      31: 0.229
                      32:-0.167
                      34:-0.137
                      36: 0.124

             ENERGY    K= OMEGA
 
 I= 13/2- (1)  4.102  33: 0.191
                      35:-0.495
                      37: 0.606
                      38:-0.516
                      39: 0.291
 
 I= 13/2- (2)  4.791  25:-0.164
                      26:-0.080
                      27: 0.372
                      28: 0.284
                      29: 0.110
                      30: 0.124
                      31:-0.815
                      32:-0.143
                      34:-0.181
 
 I= 13/2- (3)  5.088  26: 0.317
                      27: 0.080
                      28: 0.099
                      29:-0.408
                      30:-0.474
                      31:-0.267
                      32: 0.381
                      34: 0.480
                      36:-0.211
 
 I= 13/2- (4)  6.446  25:-0.390
                      27:-0.162
                      28: 0.751
                      29: 0.079
                      30:-0.154
                      31: 0.277
                      32:-0.352
                      34: 0.128
                      36:-0.100
 
 I= 13/2- (5)  6.728  26: 0.224
                      27: 0.070
                      28:-0.226
                      29:-0.183
                      30:-0.293
                      32:-0.452
                      34:-0.460
                      36:-0.597

             ENERGY     K= 9/2
  32 LEVELS    TIME=  0.0 SEC



 ******************* EXCITATION ENERGIES, DOMINANT CONFIGURATION AND EXPECTATION VALUES (WITH S.P. UU+VV FACTORS) *******************

  NR  Eex(keV)  I   Kdom  NY    <Jz>  <Jx**2> <Jy**2> <Jz**2> <I.j>/|I|  <Rx**2> <Ry**2> <Rz**2> <R.j>/|R|  <HROTx> <HROTy> <HROTz>

   1    0.0   3/2-  -3/2  32   -1.42    1.62    1.62    2.17    1.41       1.86    1.86   -0.00   -1.39      0.226   0.226  -0.000
   2  134.7   5/2-   5/2  34    1.45    1.92    1.92    5.09    2.35       1.90    1.90    0.00   -1.02      0.231   0.231   0.000
   3  457.3   1/2-   1/2  36    0.50    1.30    1.30    0.25    0.82       1.09    1.09    0.00   -1.45      0.133   0.133   0.000
   4  650.7   5/2-  -3/2  32   -0.59    1.62    1.62    2.99    1.08       4.30    4.30    0.00   -1.04      0.524   0.524   0.000
   5  775.2   7/2-   5/2  34    1.05    2.00    2.00    4.67    1.94       4.51    4.51    0.00   -0.32      0.550   0.550   0.000
  
   6  796.3  11/2-   1/2  33    0.00   27.21   27.21    2.75    7.16       3.64    3.64    0.00   -5.32      0.444   0.444   0.000
   7 1071.4   3/2-   1/2  36    0.34    1.64    1.64    0.41    0.08       3.57    3.57    0.00   -1.33      0.436   0.436   0.000
   8 1092.1   9/2-   9/2  31    3.67    2.65    2.65   19.19    4.43       2.58    2.58   -0.00   -1.08      0.315   0.315  -0.000
   9 1096.2   5/2-   1/2  36    0.37    2.04    2.04    0.59    1.04       3.62    3.62    0.00   -0.59      0.441   0.441   0.000
  10 1318.2   7/2-  -3/2  32   -0.34    1.94    1.94    3.34    1.47       5.68    5.68    0.00   -0.42      0.692   0.692   0.000
  
  11 1466.1   9/2-   5/2  34    0.67    2.85    2.85    3.93    2.20       6.23    6.23    0.00    0.37      0.760   0.760   0.000
  12 1588.3   1/2-   1/2  29    0.50    4.24    4.24    0.25    0.35       4.44    4.44    0.00   -2.83      0.541   0.541   0.000
  13 1606.5   7/2-  -7/2  28   -3.01    2.31    2.31   11.39    3.26       2.94    2.94   -0.00   -1.27      0.359   0.359  -0.000
  14 1753.1   5/2-  -3/2  30   -0.44    3.63    3.63    1.47    1.34       4.79    4.79    0.00   -1.55      0.584   0.584   0.000
  15 1925.6   7/2-   1/2  33    0.00   27.46   27.46    1.82    6.92       8.79    8.79    0.00   -6.98      1.072   1.072   0.000
  
  16 2059.0  11/2-   9/2  31    3.02    2.94    2.94   18.39    4.00       6.08    6.08   -0.00   -0.10      0.741   0.741  -0.000
  17 2393.4   9/2-  -7/2  28   -1.81    2.21    2.21    8.39    2.27       7.50    7.50   -0.00   -0.39      0.914   0.914  -0.000
  18 2544.1  13/2-   5/2  37    0.02   25.81   25.81    7.83    6.61       7.97    7.97    0.00   -3.34      0.972   0.972   0.000
  19 2579.4   7/2-   1/2  36    0.05    2.43    2.43    1.36    0.29       9.82    9.82    0.00   -1.14      1.197   1.197   0.000
  20 2595.2   9/2-   1/2  36   -0.79    2.19    2.19    3.20    1.33       9.56    9.56    0.00   -0.22      1.165   1.165   0.000
  
  21 2692.4   9/2-   5/2  34    0.20    2.35    2.35    5.12    1.33      10.67   10.67    0.00   -0.69      1.301   1.301   0.000
  22 2727.6  11/2-   5/2  34    0.71    2.25    2.25    4.37    1.68      12.25   12.25    0.00    0.24      1.493   1.493   0.000
  23 2897.5   5/2-   1/2  29   -0.13    4.24    4.24    0.97   -0.38      10.24   10.24    0.00   -2.34      1.249   1.249   0.000
  24 3233.4  13/2-   9/2  31    2.33    3.23    3.23   16.61    3.62      10.62   10.62   -0.00    0.48      1.295   1.295  -0.000
  25 3294.5  11/2-  -3/2  32   -0.32    2.44    2.44    3.87    1.70      12.11   12.11    0.00    0.28      1.476   1.476   0.000
  
  26 3529.6  13/2-   5/2  34    0.44    3.70    3.70    4.00    2.42      13.17   13.17    0.00    1.07      1.605   1.605   0.000
  27 3669.0  11/2-  -7/2  28   -1.90    2.60    2.60   10.33    2.43      11.13   11.13   -0.00   -0.22      1.357   1.357  -0.000
  28 3834.0   1/2-   1/2  26    0.50    5.38    5.38    0.25    0.70       5.28    5.28   -0.00   -3.20      0.644   0.644  -0.000
  29 4887.9  13/2-  -7/2  28   -1.51    2.55    2.55   10.16    2.24      16.36   16.36    0.00    0.07      1.995   1.995   0.000
  30 5170.4  13/2-   1/2  36    0.12    2.22    2.22    2.78    1.04      20.70   20.70    0.00    0.01      2.524   2.524   0.000
  
  31 7291.7   1/2-   1/2  33    0.50   27.69   27.69    0.25   -3.98      31.63   31.63    0.00   -7.43      3.857   3.857   0.000
  32*******   1/2-  -3/2  32    0.00    0.00    0.00    0.00   -0.00       0.00    0.00    0.00   -0.00      0.000   0.000   0.000
