1SPECTRUM OF (Z= 82 A=207) IN PARTICLE-ROTOR  MODEL WITH MODIFIED OSCILLATOR POTENTIAL


 PARITY=-   EPS= 0.280   GAMMA=  0.0   EPS4=0.000   EPS6=0.000   LEVELS:  25  26  27  28  29  30  31  32  33  34  35  36  37  38  39

 PAIRING FACTORS: GN0= 19.20  GN1=  7.40  IPAIR= 15 ***  E2PLUS(INPUT)=   0.730  E2PLUR(INPUT)=   0.000

 CORIOLIS ATTENUATION PARAMETERS:  CHSI=1.000  ETA=  1.00

 MOMENT OF INERTIA PARAMETERS:   A1=  0.122 MEV   A2=  0.122 MEV   A3=121.91924 MEV


 DELTA=0.950 MEV  LAMBDA=53.3112 MEV   HW0= 7.4808 MEV   LAMBDA/HW0= 7.1264

 E2ENERGY=0.730 MEV  HBAR**2/B=14537./A**(7/3)=2457.4/A**2 MEV

 IREC=0  =>  RECOIL TERMS j+j-, j+j+, jzjz, ETC TREATED AS ONE-BODY OPERATORS WITH UU+VV PAIRING FACTORS



 S. P. LEVEL   EQP       U     V        (UU + VV)**1.00

     25       4.114    0.116 0.993      1.000 1.000 0.999 0.981 0.974 0.972 0.919 0.881 0.705 0.436 0.385 0.350 0.297 0.293 0.246
     26       3.562    0.135 0.991      1.000 1.000 1.000 0.984 0.978 0.976 0.926 0.890 0.718 0.453 0.402 0.367 0.314 0.310 0.264
     27       3.011    0.160 0.987      0.999 1.000 1.000 0.988 0.983 0.982 0.935 0.901 0.735 0.475 0.425 0.391 0.338 0.335 0.289
     28       1.618    0.309 0.951      0.981 0.984 0.988 1.000 0.999 0.999 0.978 0.957 0.830 0.604 0.559 0.527 0.478 0.475 0.431
     29       1.485    0.340 0.940      0.974 0.978 0.983 0.999 1.000 1.000 0.985 0.966 0.848 0.630 0.586 0.555 0.507 0.504 0.461
     30       1.466    0.345 0.939      0.972 0.976 0.982 0.999 1.000 1.000 0.986 0.967 0.851 0.634 0.590 0.559 0.511 0.508 0.466
     31       1.098    0.499 0.867      0.919 0.926 0.935 0.978 0.985 0.986 1.000 0.996 0.928 0.756 0.718 0.691 0.650 0.647 0.609
     32       1.012    0.572 0.820      0.881 0.890 0.901 0.957 0.966 0.967 0.996 1.000 0.956 0.810 0.776 0.751 0.713 0.710 0.675
     33       0.978    0.786 0.618      0.705 0.718 0.735 0.830 0.848 0.851 0.928 0.956 1.000 0.946 0.926 0.911 0.886 0.885 0.861
     34       1.530    0.945 0.328      0.436 0.453 0.475 0.604 0.630 0.634 0.756 0.810 0.946 1.000 0.998 0.996 0.989 0.988 0.980
     35       1.794    0.961 0.275      0.385 0.402 0.425 0.559 0.586 0.590 0.718 0.776 0.926 0.998 1.000 0.999 0.996 0.995 0.989
     36       2.050    0.971 0.239      0.350 0.367 0.391 0.527 0.555 0.559 0.691 0.751 0.911 0.996 0.999 1.000 0.998 0.998 0.994
     37       2.632    0.983 0.184      0.297 0.314 0.338 0.478 0.507 0.511 0.650 0.713 0.886 0.989 0.996 0.998 1.000 1.000 0.999
     38       2.685    0.984 0.180      0.293 0.310 0.335 0.475 0.504 0.508 0.647 0.710 0.885 0.988 0.995 0.998 1.000 1.000 0.999
     39       3.631    0.991 0.132      0.246 0.264 0.289 0.431 0.461 0.466 0.609 0.675 0.861 0.980 0.989 0.994 0.999 0.999 1.000

  R CORE   ENERGY   A0R/A00=1.000    R3= 0     2  
   2( 1)    0.732                    1.000 0.000
   2( 2)  487.921                    0.000 1.000

  R CORE   ENERGY   A0R/A00=1.000    R3= 0     2  
   3( 1)  488.652                    0.000 1.000

  R CORE   ENERGY   A0R/A00=1.000    R3= 0     2     4  
   4( 1)    2.438                    1.000 0.000 0.000

  R CORE   ENERGY   A0R/A00=1.000    R3= 0     2     4  
   5( 1)  490.847                    0.000 1.000 0.000

  R CORE   ENERGY   A0R/A00=1.000    R3= 0     2     4     6  
   6( 1)    5.121                    1.000 0.000 0.000 0.000

  R CORE   ENERGY   A0R/A00=1.000    R3= 0     2     4     6  
   7( 1)  494.017                    0.000 1.000 0.000 0.000

          AXIAL SYMMETRY => K RESTRICTED TO OMEGA

                     K
     S.P. ORB#: 25  0.50
     S.P. ORB#: 26  2.50
     S.P. ORB#: 27 -3.50
     S.P. ORB#: 28  0.50
     S.P. ORB#: 29 -3.50
     S.P. ORB#: 30 -1.50
     S.P. ORB#: 31  4.50
     S.P. ORB#: 32  0.50
     S.P. ORB#: 33 -1.50
     S.P. ORB#: 34  2.50
     S.P. ORB#: 35 -1.50
     S.P. ORB#: 36  2.50
     S.P. ORB#: 37 -3.50
     S.P. ORB#: 38  0.50
     S.P. ORB#: 39  0.50
 

             ENERGY    K= OMEGA
 
 I=  1/2- (1)  2.784  28:-0.986
                      38:-0.162
 
 I=  1/2- (2)  3.002  25:-0.067
                      28: 0.160
                      38:-0.985
 
 I=  1/2- (3)  5.571  25: 0.997
                      38:-0.061
 
 I=  1/2- (4)  6.379  32:-0.638
                      39: 0.770
 
 I=  1/2- (5)  9.341  32: 0.770
                      39: 0.638

             ENERGY    K= OMEGA
 
 I=  3/2- (1)  2.258  25: 0.100
                      28: 0.357
                      30: 0.218
                      35: 0.897
                      38:-0.102
 
 I=  3/2- (2)  2.641  25:-0.075
                      28: 0.292
                      30:-0.942
                      35: 0.129
                      38: 0.067
 
 I=  3/2- (3)  2.973  25:-0.220
                      28:-0.826
                      30:-0.162
                      35: 0.421
                      38: 0.258
 
 I=  3/2- (4)  3.734  25:-0.154
                      28:-0.220
                      30:-0.121
                      38:-0.955
 
 I=  3/2- (5)  4.720  32: 0.821
                      33: 0.367
                      39:-0.437

             ENERGY    K= OMEGA
 
 I=  5/2- (1)  2.390  25: 0.170
                      28:-0.326
                      30:-0.500
                      35: 0.374
                      36: 0.679
                      38:-0.117
 
 I=  5/2- (2)  2.886  25: 0.115
                      26:-0.053
                      28: 0.069
                      30:-0.521
                      35:-0.821
                      38:-0.180
 
 I=  5/2- (3)  3.016  25:-0.195
                      28: 0.496
                      30: 0.352
                      35:-0.219
                      36: 0.704
                      38: 0.220
 
 I=  5/2- (4)  3.832  25:-0.166
                      30: 0.305
                      36: 0.102
                      38:-0.932
 
 I=  5/2- (5)  4.165  25:-0.086
                      28: 0.771
                      30:-0.453
                      35: 0.367
                      36:-0.173
                      38:-0.168

             ENERGY    K= OMEGA
 
 I=  7/2- (1)  2.245  26: 0.216
                      27:-0.065
                      29:-0.973
 
 I=  7/2- (2)  3.065  28:-0.304
                      30: 0.408
                      35:-0.488
                      36: 0.707
 
 I=  7/2- (3)  3.203  32:-0.744
                      33:-0.565
                      34:-0.329
                      37:-0.129
                      39: 0.056
 
 I=  7/2- (4)  3.336  25:-0.286
                      28:-0.506
                      29: 0.050
                      30:-0.502
                      35:-0.529
                      36:-0.289
                      38: 0.206
 
 I=  7/2- (5)  4.206  26: 0.055
                      27: 0.106
                      28: 0.535
                      30:-0.655
                      35:-0.147
                      36: 0.498

             ENERGY    K= OMEGA
 
 I=  9/2- (1)  1.914  26: 0.065
                      27:-0.229
                      29: 0.181
                      31: 0.954
 
 I=  9/2- (2)  3.152  26:-0.294
                      27:-0.096
                      29:-0.927
                      30:-0.081
                      31: 0.172
                      36: 0.080
 
 I=  9/2- (3)  3.443  25:-0.327
                      28: 0.449
                      29:-0.102
                      30: 0.599
                      35:-0.301
                      36:-0.441
                      38: 0.187
 
 I=  9/2- (4)  4.461  32: 0.242
                      33:-0.607
                      34: 0.646
                      37:-0.393
 
 I=  9/2- (5)  4.611  25: 0.206
                      26:-0.070
                      27: 0.069
                      28:-0.090
                      30:-0.405
                      35:-0.696
                      36:-0.446
                      38:-0.300

             ENERGY    K= OMEGA
 
 I= 11/2- (1)  2.381  32:-0.691
                      33:-0.577
                      34:-0.390
                      37:-0.190
 
 I= 11/2- (2)  2.931  26:-0.109
                      27:-0.307
                      29: 0.251
                      31:-0.911
 
 I= 11/2- (3)  4.290  26: 0.346
                      27:-0.127
                      29:-0.889
                      30:-0.073
                      31:-0.243
                      36:-0.077
 
 I= 11/2- (4)  4.976  28:-0.357
                      30: 0.463
                      35:-0.491
                      36: 0.640
 
 I= 11/2- (5)  5.182  25:-0.382
                      28:-0.555
                      29: 0.111
                      30:-0.511
                      35:-0.406
                      36:-0.234
                      38: 0.229

             ENERGY    K= OMEGA
 
 I= 13/2- (1)  4.168  26: 0.148
                      27:-0.357
                      29: 0.299
                      31: 0.872
 
 I= 13/2- (2)  4.618  32: 0.227
                      33:-0.587
                      34: 0.654
                      37:-0.420
 
 I= 13/2- (3)  5.332  25:-0.410
                      26: 0.056
                      28: 0.474
                      29: 0.129
                      30: 0.603
                      35:-0.239
                      36:-0.352
                      38: 0.203
 
 I= 13/2- (4)  5.677  25:-0.062
                      26:-0.379
                      27:-0.152
                      28: 0.095
                      29:-0.847
                      30: 0.062
                      31: 0.296
                      35:-0.104
 
 I= 13/2- (5)  7.292  25: 0.211
                      26:-0.069
                      27: 0.074
                      28:-0.082
                      29: 0.065
                      30:-0.278
                      35:-0.673
                      36:-0.546
                      38:-0.323

             ENERGY     K= 1/2
  35 LEVELS    TIME=  0.0 SEC



 ******************* EXCITATION ENERGIES, DOMINANT CONFIGURATION AND EXPECTATION VALUES (WITH S.P. UU+VV FACTORS) *******************

  NR  Eex(keV)  I   Kdom  NY    <Jz>  <Jx**2> <Jy**2> <Jz**2> <I.j>/|I|  <Rx**2> <Ry**2> <Rz**2> <R.j>/|R|  <HROTx> <HROTy> <HROTz>

   1    0.0   9/2-   9/2  31    3.81    2.59    2.59   19.51    4.40       2.84    2.84    0.00   -1.18      0.346   0.346   0.000
   2  330.4   7/2-  -7/2  29   -3.21    2.31    2.31   11.95    3.40       2.69    2.69    0.00   -1.34      0.328   0.328   0.000
   3  344.1   3/2-  -3/2  35   -1.21    2.00    2.00    1.96    1.51       1.93    1.93    0.00   -1.54      0.235   0.235   0.000
   4  466.9  11/2-   1/2  32   -0.01   25.92   25.92    2.26    6.66       5.08    5.08    0.00   -4.47      0.619   0.619   0.000
   5  476.1   5/2-   5/2  36    0.64    3.12    3.12    3.80    2.48       2.05    2.05    0.00   -1.33      0.250   0.250   0.000
  
   6  726.4   3/2-  -3/2  30   -1.31    4.58    4.58    2.06    1.46       4.66    4.66    0.00   -2.75      0.568   0.568   0.000
   7  870.1   1/2-   1/2  28    0.50    4.54    4.54    0.25    0.44       4.66    4.66   -0.00   -2.93      0.568   0.568  -0.000
   8  972.1   5/2-  -3/2  35   -1.38    2.15    2.15    2.17    1.02       4.58    4.58    0.00   -1.14      0.559   0.559   0.000
   9 1017.2  11/2-   9/2  31    3.21    2.84    2.84   18.82    3.94       6.55    6.55    0.00   -0.26      0.799   0.799   0.000
  10 1059.0   3/2-   1/2  28    0.09    3.62    3.62    0.66    0.60       4.66    4.66    0.00   -2.21      0.568   0.568   0.000
  
  11 1088.2   1/2-   1/2  38    0.50    1.45    1.45    0.25    0.65       1.39    1.39    0.00   -1.55      0.169   0.169   0.000
  12 1101.9   5/2-   5/2  36    1.15    3.22    3.22    3.57    1.72       4.30    4.30    0.00   -1.68      0.524   0.524   0.000
  13 1150.6   7/2-   5/2  36    0.68    2.63    2.63    4.09    1.91       4.96    4.96    0.00   -0.56      0.605   0.605   0.000
  14 1238.1   9/2-  -7/2  29   -2.68    2.45    2.45   11.83    2.95       6.06    6.06    0.00   -0.59      0.739   0.739   0.000
  15 1288.7   7/2-   1/2  32    0.01   25.17   25.17    1.74    6.36       8.66    8.66    0.00   -6.45      1.055   1.055   0.000
  
  16 1422.1   7/2-  -3/2  35   -0.41    3.03    3.03    1.86    1.51       5.82    5.82    0.00   -0.56      0.710   0.710   0.000
  17 1529.3   9/2-  -3/2  30   -0.04    4.25    4.25    2.47    2.38       6.05    6.05    0.00    0.24      0.738   0.738   0.000
  18 1819.6   3/2-   1/2  38    0.47    1.65    1.65    0.28   -0.41       4.45    4.45    0.00   -1.46      0.543   0.543   0.000
  19 1918.2   5/2-   1/2  38    0.34    1.71    1.71    0.50    0.44       5.04    5.04    0.00   -0.83      0.614   0.614   0.000
  20 2250.4   5/2-   1/2  28   -0.12    4.14    4.14    1.11   -0.39      10.22   10.22    0.00   -2.33      1.246   1.246   0.000
  
  21 2254.2  13/2-   9/2  31    2.72    3.06    3.06   18.19    3.62      11.23   11.23    0.00    0.21      1.369   1.369   0.000
  22 2292.2   7/2-  -3/2  30    0.06    3.68    3.68    2.79    0.66      10.34   10.34    0.00   -1.66      1.260   1.260   0.000
  23 2376.0  11/2-  -7/2  29   -2.25    2.55    2.55   11.87    2.66      10.45   10.45    0.00   -0.23      1.274   1.274   0.000
  24 2546.7   9/2-   5/2  34   -0.02   25.57   25.57    5.35    5.70      12.28   12.28   -0.00   -5.68      1.497   1.497  -0.000
  25 2696.5   9/2-  -3/2  35   -0.41    2.26    2.26    2.86    1.06      10.78   10.78    0.00   -0.45      1.314   1.314   0.000
  
  26 2703.9  13/2-   5/2  34   -0.04   25.55   25.55    5.62    5.73      12.75   12.75    0.00   -3.31      1.555   1.555   0.000
  27 2806.0   3/2-   1/2  32    0.23   19.43   19.43    0.52    4.33      13.17   13.17    0.00   -6.04      1.606   1.606   0.000
  28 3061.6  11/2-   5/2  36    0.41    2.90    2.90    3.71    1.61      12.98   12.98    0.00    0.03      1.583   1.583   0.000
  29 3267.6  11/2-   1/2  28   -0.29    3.45    3.45    1.59    1.55      12.85   12.85    0.00    0.16      1.566   1.566   0.000
  30 3417.6  13/2-  -3/2  30   -0.16    4.68    4.68    2.07    2.41      13.27   13.27    0.00    1.05      1.618   1.618   0.000
  
  31 3656.4   1/2-   1/2  25    0.50    6.11    6.11    0.25    0.69       6.01    6.01    0.00   -3.42      0.733   0.733   0.000
  32 3762.7  13/2-  -7/2  29   -1.86    2.68    2.68   11.78    2.44      15.90   15.90    0.00   -0.02      1.938   1.938   0.000
  33 4465.2   1/2-   1/2  39    0.50   13.27   13.27    0.25   -2.16      15.64   15.64    0.00   -5.12      1.907   1.907   0.000
  34 5378.1  13/2-  -3/2  35    0.02    2.11    2.11    3.29    0.95      21.49   21.49    0.00   -0.13      2.620   2.620   0.000
  35 7427.1   1/2-   1/2  32    0.50   26.15   26.15    0.25   -3.62      29.79   29.79    0.00   -7.22      3.631   3.631   0.000
  
