1SPECTRUM OF (Z= 82 A=207) IN PARTICLE-ROTOR  MODEL WITH MODIFIED OSCILLATOR POTENTIAL


 PARITY=-   EPS= 0.307   GAMMA=  0.0   EPS4=0.000   EPS6=0.000   LEVELS:  24  25  26  27  28  29  30  31  32  33  34  35  36  37  38

 PAIRING FACTORS: GN0= 19.20  GN1=  7.40  IPAIR= 15 ***  E2PLUS(INPUT)=   0.730  E2PLUR(INPUT)=   0.000

 CORIOLIS ATTENUATION PARAMETERS:  CHSI=1.000  ETA=  1.00

 MOMENT OF INERTIA PARAMETERS:   A1=  0.122 MEV   A2=  0.122 MEV   A3=121.91922 MEV


 DELTA=0.945 MEV  LAMBDA=53.2891 MEV   HW0= 7.4957 MEV   LAMBDA/HW0= 7.1093

 E2ENERGY=0.730 MEV  HBAR**2/B=17476./A**(7/3)=2954.2/A**2 MEV

 IREC=0  =>  RECOIL TERMS j+j-, j+j+, jzjz, ETC TREATED AS ONE-BODY OPERATORS WITH UU+VV PAIRING FACTORS



 S. P. LEVEL   EQP       U     V        (UU + VV)**1.00

     24       5.033    0.094 0.996      1.000 1.000 0.999 0.997 0.966 0.953 0.951 0.930 0.830 0.802 0.473 0.313 0.288 0.283 0.247
     25       4.131    0.115 0.993      1.000 1.000 1.000 0.998 0.971 0.959 0.957 0.938 0.841 0.815 0.492 0.333 0.308 0.303 0.267
     26       3.339    0.143 0.990      0.999 1.000 1.000 1.000 0.978 0.966 0.965 0.947 0.856 0.831 0.516 0.359 0.335 0.329 0.294
     27       2.784    0.172 0.985      0.997 0.998 1.000 1.000 0.984 0.974 0.972 0.956 0.871 0.847 0.541 0.387 0.363 0.357 0.322
     28       1.450    0.347 0.938      0.966 0.971 0.978 0.984 1.000 0.999 0.998 0.993 0.946 0.929 0.684 0.547 0.525 0.520 0.488
     29       1.309    0.392 0.920      0.953 0.959 0.966 0.974 0.999 1.000 1.000 0.998 0.960 0.946 0.719 0.587 0.566 0.561 0.530
     30       1.292    0.399 0.917      0.951 0.957 0.965 0.972 0.998 1.000 1.000 0.998 0.962 0.948 0.724 0.593 0.571 0.566 0.535
     31       1.170    0.453 0.892      0.930 0.938 0.947 0.956 0.993 0.998 0.998 1.000 0.977 0.965 0.764 0.640 0.619 0.615 0.585
     32       0.964    0.634 0.774      0.830 0.841 0.856 0.871 0.946 0.960 0.962 0.977 1.000 0.999 0.884 0.790 0.773 0.770 0.745
     33       0.950    0.670 0.742      0.802 0.815 0.831 0.847 0.929 0.946 0.948 0.965 0.999 1.000 0.906 0.818 0.803 0.799 0.776
     34       1.320    0.922 0.388      0.473 0.492 0.516 0.541 0.684 0.719 0.724 0.764 0.884 0.906 1.000 0.985 0.980 0.979 0.970
     35       2.181    0.975 0.222      0.313 0.333 0.359 0.387 0.547 0.587 0.593 0.640 0.790 0.818 0.985 1.000 1.000 0.999 0.998
     36       2.451    0.980 0.197      0.288 0.308 0.335 0.363 0.525 0.566 0.571 0.619 0.773 0.803 0.980 1.000 1.000 1.000 0.999
     37       2.522    0.982 0.191      0.283 0.303 0.329 0.357 0.520 0.561 0.566 0.615 0.770 0.799 0.979 0.999 1.000 1.000 0.999
     38       3.100    0.988 0.154      0.247 0.267 0.294 0.322 0.488 0.530 0.535 0.585 0.745 0.776 0.970 0.998 0.999 0.999 1.000

  R CORE   ENERGY   A0R/A00=1.000    R3= 0     2  
   2( 1)    0.732                    1.000 0.000
   2( 2)  487.921                    0.000 1.000

  R CORE   ENERGY   A0R/A00=1.000    R3= 0     2  
   3( 1)  488.652                    0.000 1.000

  R CORE   ENERGY   A0R/A00=1.000    R3= 0     2     4  
   4( 1)    2.438                    1.000 0.000 0.000

  R CORE   ENERGY   A0R/A00=1.000    R3= 0     2     4  
   5( 1)  490.847                    0.000 1.000 0.000

  R CORE   ENERGY   A0R/A00=1.000    R3= 0     2     4     6  
   6( 1)    5.121                    1.000 0.000 0.000 0.000

  R CORE   ENERGY   A0R/A00=1.000    R3= 0     2     4     6  
   7( 1)  494.017                    0.000 1.000 0.000 0.000

          AXIAL SYMMETRY => K RESTRICTED TO OMEGA

                     K
     S.P. ORB#: 24  2.50
     S.P. ORB#: 25  0.50
     S.P. ORB#: 26  2.50
     S.P. ORB#: 27 -3.50
     S.P. ORB#: 28  0.50
     S.P. ORB#: 29 -1.50
     S.P. ORB#: 30  0.50
     S.P. ORB#: 31 -3.50
     S.P. ORB#: 32 -1.50
     S.P. ORB#: 33  4.50
     S.P. ORB#: 34  2.50
     S.P. ORB#: 35 -1.50
     S.P. ORB#: 36  2.50
     S.P. ORB#: 37 -3.50
     S.P. ORB#: 38  0.50
 

             ENERGY    K= OMEGA
 
 I=  1/2- (1)  2.655  28:-0.998
                      38:-0.056
 
 I=  1/2- (2)  3.428  25:-0.069
                      28: 0.053
                      38:-0.996
 
 I=  1/2- (3)  5.654  25: 0.997
                      38:-0.067
 
 I=  1/2- (4)  8.131  30:-1.000
 
 I=  1/2- (5)147.267  32:-1.000

             ENERGY    K= OMEGA
 
 I=  3/2- (1)  2.463  25:-0.175
                      28:-0.377
                      29:-0.714
                      35:-0.547
                      38: 0.136
 
 I=  3/2- (2)  2.541  28:-0.641
                      29: 0.657
                      35:-0.395

             ENERGY    K= OMEGA
 
 I=  5/2- (1)  2.480  25:-0.241
                      28: 0.426
                      29: 0.721
                      35:-0.197
                      36:-0.419
                      38: 0.154
 
 I=  5/2- (2)  3.126  24:-0.058
                      25: 0.079
                      26:-0.068
                      28: 0.185
                      29:-0.456
                      35:-0.789
                      36:-0.327
                      38:-0.121
 
 I=  5/2- (3)  3.255  25:-0.125
                      28: 0.525
                      35:-0.248
                      36: 0.797
                      38: 0.106
 
 I=  5/2- (4)  4.098  24: 0.064
                      28:-0.572
                      29: 0.455
                      35:-0.452
                      36: 0.276
                      38:-0.425
 
 I=  5/2- (5)  4.292  25:-0.169
                      28: 0.367
                      29:-0.056
                      35: 0.262
                      36:-0.069
                      38:-0.871

             ENERGY    K= OMEGA
 
 I=  7/2- (1)  1.942  26: 0.207
                      27:-0.070
                      31:-0.974
 
 I=  7/2- (2)  3.223  24: 0.103
                      25:-0.136
                      27:-0.120
                      28: 0.172
                      29:-0.733
                      31: 0.052
                      35: 0.206
                      36:-0.582
                      38: 0.068
 
 I=  7/2- (3)  3.310  30:-0.729
                      32:-0.578
                      34:-0.340
                      37:-0.137
 
 I=  7/2- (4)  3.380  25: 0.284
                      28: 0.702
                      29: 0.282
                      35: 0.550
                      36:-0.056
                      38:-0.188
 
 I=  7/2- (5)  4.249  24:-0.158
                      27: 0.228
                      28:-0.472
                      29: 0.433
                      35: 0.308
                      36:-0.644

             ENERGY    K= OMEGA
 
 I=  9/2- (1)  1.783  24: 0.055
                      26:-0.061
                      27: 0.236
                      31:-0.186
                      33:-0.950
 
 I=  9/2- (2)  2.854  24:-0.064
                      26:-0.282
                      27:-0.121
                      29:-0.098
                      31:-0.926
                      33: 0.164
                      36: 0.065
 
 I=  9/2- (3)  3.419  24:-0.103
                      25: 0.348
                      27:-0.070
                      28:-0.461
                      29:-0.667
                      31: 0.123
                      33:-0.070
                      35: 0.204
                      36: 0.332
                      38:-0.183
 
 I=  9/2- (4)  4.516  30:-0.239
                      32: 0.595
                      34:-0.651
                      37: 0.405
 
 I=  9/2- (5)  4.888  24:-0.136
                      25: 0.096
                      26:-0.064
                      27:-0.124
                      28: 0.203
                      29:-0.389
                      31: 0.064
                      35:-0.794
                      36:-0.305
                      38:-0.176

             ENERGY    K= OMEGA
 
 I= 11/2- (1)  2.590  30: 0.693
                      32: 0.576
                      34: 0.388
                      37: 0.195
 
 I= 11/2- (2)  2.793  24: 0.098
                      26:-0.100
                      27:-0.334
                      31: 0.244
                      33:-0.899
 
 I= 11/2- (3)  3.983  24:-0.097
                      26:-0.332
                      27: 0.167
                      29: 0.120
                      31: 0.888
                      33: 0.200
                      36: 0.081
 
 I= 11/2- (4)  4.998  24: 0.177
                      25:-0.257
                      26:-0.051
                      27:-0.144
                      29:-0.752
                      31: 0.149
                      33: 0.158
                      35: 0.094
                      36:-0.491
                      38: 0.126
 
 I= 11/2- (5)  5.198  25:-0.286
                      28:-0.738
                      35:-0.541
                      36: 0.210
                      38: 0.175

             ENERGY    K= OMEGA
 
 I= 13/2- (1)  3.996  24: 0.144
                      26:-0.129
                      27: 0.406
                      29: 0.067
                      31:-0.269
                      33:-0.847
 
 I= 13/2- (2)  4.798  30: 0.227
                      32:-0.574
                      34: 0.657
                      37:-0.432
 
 I= 13/2- (3)  5.153  24:-0.158
                      25: 0.333
                      26:-0.222
                      27:-0.144
                      28:-0.364
                      29:-0.544
                      31:-0.512
                      35: 0.120
                      36: 0.254
                      38:-0.156
 
 I= 13/2- (4)  5.462  25: 0.249
                      26: 0.298
                      27: 0.129
                      28:-0.306
                      29:-0.343
                      31: 0.704
                      33:-0.262
                      35: 0.158
                      36: 0.137
                      38:-0.117
 
 I= 13/2- (5)  7.590  24: 0.274
                      27: 0.300
                      28:-0.298
                      29: 0.331
                      31:-0.105
                      33: 0.220
                      35: 0.720
                      36: 0.189
                      38: 0.148

             ENERGY     K= 1/2
  32 LEVELS    TIME=  0.0 SEC



 ******************* EXCITATION ENERGIES, DOMINANT CONFIGURATION AND EXPECTATION VALUES (WITH S.P. UU+VV FACTORS) *******************

  NR  Eex(keV)  I   Kdom  NY    <Jz>  <Jx**2> <Jy**2> <Jz**2> <I.j>/|I|  <Rx**2> <Ry**2> <Rz**2> <R.j>/|R|  <HROTx> <HROTy> <HROTz>

   1    0.0   9/2-   9/2  33    3.76    2.63    2.63   19.42    4.39       2.88    2.88    0.00   -1.19      0.351   0.351   0.000
   2  159.0   7/2-  -7/2  31   -3.23    2.29    2.29   11.97    3.38       2.73    2.73    0.00   -1.34      0.333   0.333   0.000
   3  679.7   3/2-  -3/2  29   -1.12    3.32    3.32    1.87    1.57       3.09    3.09   -0.00   -2.20      0.377   0.377  -0.000
   4  696.7   5/2-  -3/2  29   -0.26    4.39    4.39    2.44    2.41       2.85    2.85   -0.00   -1.71      0.348   0.348  -0.000
   5  758.0   3/2-  -3/2  29   -0.67    4.34    4.34    1.42    1.39       4.23    4.23    0.00   -2.55      0.516   0.516   0.000
  
   6  806.3  11/2-   1/2  30   -0.01   24.85   24.85    2.27    6.41       5.56    5.56    0.00   -4.10      0.678   0.678   0.000
   7  871.4   1/2-   1/2  28    0.50    4.69    4.69    0.25    0.34       4.90    4.90    0.00   -2.98      0.597   0.597   0.000
   8 1010.1  11/2-   9/2  33    3.08    2.99    2.99   18.58    3.97       6.40    6.40    0.00   -0.23      0.781   0.781   0.000
   9 1070.5   9/2-  -7/2  31   -2.73    2.42    2.42   11.80    2.95       6.01    6.01    0.00   -0.56      0.733   0.733   0.000
  10 1342.9   5/2-  -3/2  35   -0.93    2.15    2.15    2.60    1.14       4.44    4.44   -0.00   -1.18      0.541   0.541  -0.000
  
  11 1439.9   7/2-  -3/2  29   -0.03    3.84    3.84    3.72    2.01       5.60    5.60    0.00   -1.02      0.682   0.682   0.000
  12 1471.4   5/2-   5/2  36    1.65    2.73    2.73    4.19    1.64       4.35    4.35    0.00   -1.63      0.531   0.531   0.000
  13 1526.8   7/2-   1/2  30   -0.01   24.83   24.83    1.84    6.30       8.62    8.62    0.00   -6.38      1.051   1.051   0.000
  14 1596.6   7/2-   1/2  28   -0.26    3.35    3.35    1.07    1.49       5.87    5.87    0.00   -0.55      0.715   0.715   0.000
  15 1635.5   9/2-  -3/2  29   -0.29    4.81    4.81    2.29    2.47       6.04    6.04   -0.00    0.11      0.736   0.736  -0.000
  
  16 1645.1   1/2-   1/2  38    0.50    1.47    1.47    0.25    0.72       1.35    1.35    0.00   -1.56      0.164   0.164   0.000
  17 2199.6  11/2-  -7/2  31   -2.39    2.52    2.52   11.64    2.68      10.19   10.19    0.00   -0.15      1.243   1.243   0.001
  18 2213.1  13/2-   9/2  33    2.49    3.38    3.38   17.69    3.72      10.65   10.65    0.00    0.33      1.298   1.298   0.000
  19 2314.6   5/2-   1/2  28   -0.16    3.50    3.50    1.56   -0.04       8.76    8.76    0.00   -2.07      1.068   1.068   0.000
  20 2466.2   7/2-   5/2  36    0.61    3.08    3.08    4.09    1.03       8.93    8.93    0.00   -1.46      1.088   1.088   0.000
  
  21 2508.3   5/2-   1/2  38    0.37    1.91    1.91    0.43    0.18       5.97    5.97    0.00   -1.08      0.728   0.728   0.000
  22 2732.3   9/2-   5/2  34   -0.02   25.03   25.03    5.48    5.49      12.82   12.82    0.00   -5.57      1.563   1.563   0.000
  23 3015.0  13/2-   5/2  34   -0.04   25.00   25.00    5.74    5.50      13.83   13.83    0.00   -3.29      1.686   1.686   0.000
  24 3104.9   9/2-  -3/2  35   -0.90    2.20    2.20    2.78    0.95      11.23   11.23    0.00   -0.52      1.369   1.369   0.000
  25 3215.0  11/2-  -3/2  29   -0.17    4.24    4.24    4.06    1.95      12.51   12.51    0.00   -0.18      1.526   1.526   0.000
  
  26 3370.3  13/2-  -3/2  29   -0.97    4.22    4.22    5.11    2.58      13.10   13.10    0.00    0.88      1.598   1.598   0.000
  27 3414.7  11/2-   1/2  28   -0.01    3.36    3.36    1.14    1.44      13.19   13.19    0.00    0.15      1.609   1.609   0.000
  28 3678.9  13/2-  -7/2  31   -1.34    3.40    3.40    8.69    2.38      15.52   15.52    0.00    0.20      1.892   1.892   0.000
  29 3870.7   1/2-   1/2  25    0.50    6.37    6.37    0.25    0.67       6.29    6.29    0.00   -3.50      0.767   0.767   0.000
  30 5806.7  13/2-  -3/2  35   -0.75    3.02    3.02    4.35    1.10      21.89   21.89    0.00   -0.41      2.669   2.669   0.000
  
  31 6347.8   1/2-   1/2  30    0.50   24.39   24.39    0.25   -3.65      28.05   28.05    0.00   -6.97      3.420   3.420   0.000
  32*******   1/2-  -3/2  32    0.00    0.00    0.00    0.00   -0.00       0.00    0.00    0.00   -0.00      0.000   0.000   0.000
