1SPECTRUM OF (Z= 82 A=207) IN PARTICLE-ROTOR  MODEL WITH MODIFIED OSCILLATOR POTENTIAL


 PARITY=-   EPS= 0.331   GAMMA=  0.0   EPS4=0.000   EPS6=0.000   LEVELS:  25  26  27  28  29  30  31  32  33  34  35  36  37  38  39

 PAIRING FACTORS: GN0= 19.20  GN1=  7.40  IPAIR= 15 ***  E2PLUS(INPUT)=   0.730  E2PLUR(INPUT)=   0.000

 CORIOLIS ATTENUATION PARAMETERS:  CHSI=1.000  ETA=  1.00

 MOMENT OF INERTIA PARAMETERS:   A1=  0.122 MEV   A2=  0.122 MEV   A3=121.91924 MEV


 DELTA=0.919 MEV  LAMBDA=53.3247 MEV   HW0= 7.5104 MEV   LAMBDA/HW0= 7.1002

 E2ENERGY=0.730 MEV  HBAR**2/B=20315./A**(7/3)=3434.2/A**2 MEV

 IREC=0  =>  RECOIL TERMS j+j-, j+j+, jzjz, ETC TREATED AS ONE-BODY OPERATORS WITH UU+VV PAIRING FACTORS



 S. P. LEVEL   EQP       U     V        (UU + VV)**1.00

     25       4.179    0.111 0.994      1.000 0.999 0.998 0.985 0.963 0.946 0.930 0.877 0.687 0.564 0.305 0.295 0.285 0.276 0.244
     26       3.176    0.146 0.989      0.999 1.000 0.999 0.990 0.972 0.957 0.943 0.894 0.713 0.594 0.339 0.329 0.320 0.311 0.279
     27       2.619    0.178 0.984      0.998 0.999 1.000 0.994 0.979 0.966 0.953 0.908 0.735 0.619 0.370 0.360 0.350 0.341 0.310
     28       1.696    0.283 0.959      0.985 0.990 0.994 1.000 0.995 0.988 0.980 0.947 0.803 0.700 0.467 0.458 0.448 0.440 0.410
     29       1.326    0.374 0.928      0.963 0.972 0.979 0.995 1.000 0.998 0.995 0.974 0.857 0.765 0.550 0.541 0.532 0.525 0.496
     30       1.193    0.426 0.905      0.946 0.957 0.966 0.988 0.998 1.000 0.999 0.985 0.885 0.801 0.597 0.588 0.580 0.572 0.545
     31       1.112    0.468 0.884      0.930 0.943 0.953 0.980 0.995 0.999 1.000 0.992 0.906 0.828 0.633 0.625 0.617 0.610 0.583
     32       0.977    0.575 0.818      0.877 0.894 0.908 0.947 0.974 0.985 0.992 1.000 0.952 0.892 0.725 0.718 0.711 0.704 0.680
     33       0.956    0.798 0.602      0.687 0.713 0.735 0.803 0.857 0.885 0.906 0.952 1.000 0.988 0.902 0.897 0.892 0.888 0.872
     34       1.109    0.883 0.469      0.564 0.594 0.619 0.700 0.765 0.801 0.828 0.892 0.988 1.000 0.958 0.955 0.952 0.949 0.938
     35       2.370    0.980 0.198      0.305 0.339 0.370 0.467 0.550 0.597 0.633 0.725 0.902 0.958 1.000 1.000 1.000 1.000 0.998
     36       2.493    0.982 0.188      0.295 0.329 0.360 0.458 0.541 0.588 0.625 0.718 0.897 0.955 1.000 1.000 1.000 1.000 0.999
     37       2.632    0.984 0.177      0.285 0.320 0.350 0.448 0.532 0.580 0.617 0.711 0.892 0.952 1.000 1.000 1.000 1.000 0.999
     38       2.771    0.986 0.168      0.276 0.311 0.341 0.440 0.525 0.572 0.610 0.704 0.888 0.949 1.000 1.000 1.000 1.000 0.999
     39       3.428    0.991 0.135      0.244 0.279 0.310 0.410 0.496 0.545 0.583 0.680 0.872 0.938 0.998 0.999 0.999 0.999 1.000

  R CORE   ENERGY   A0R/A00=1.000    R3= 0     2  
   2( 1)    0.732                    1.000 0.000
   2( 2)  487.921                    0.000 1.000

  R CORE   ENERGY   A0R/A00=1.000    R3= 0     2  
   3( 1)  488.652                    0.000 1.000

  R CORE   ENERGY   A0R/A00=1.000    R3= 0     2     4  
   4( 1)    2.438                    1.000 0.000 0.000

  R CORE   ENERGY   A0R/A00=1.000    R3= 0     2     4  
   5( 1)  490.847                    0.000 1.000 0.000

  R CORE   ENERGY   A0R/A00=1.000    R3= 0     2     4     6  
   6( 1)    5.121                    1.000 0.000 0.000 0.000

  R CORE   ENERGY   A0R/A00=1.000    R3= 0     2     4     6  
   7( 1)  494.017                    0.000 1.000 0.000 0.000

          AXIAL SYMMETRY => K RESTRICTED TO OMEGA

                     K
     S.P. ORB#: 25  0.50
     S.P. ORB#: 26  2.50
     S.P. ORB#: 27 -3.50
     S.P. ORB#: 28  0.50
     S.P. ORB#: 29  0.50
     S.P. ORB#: 30 -1.50
     S.P. ORB#: 31 -1.50
     S.P. ORB#: 32 -3.50
     S.P. ORB#: 33  4.50
     S.P. ORB#: 34  2.50
     S.P. ORB#: 35 -3.50
     S.P. ORB#: 36 -1.50
     S.P. ORB#: 37  0.50
     S.P. ORB#: 38  2.50
     S.P. ORB#: 39  0.50
 

             ENERGY    K= OMEGA
 
 I=  1/2- (1)  2.559  29:-0.998
 
 I=  1/2- (2)  3.768  25:-0.072
                      39:-0.997
 
 I=  1/2- (3)  5.755  25: 0.996
                      39:-0.070
 
 I=  1/2- (4)  5.938  28:-0.407
                      37: 0.914
 
 I=  1/2- (5)  8.743  28:-0.914
                      37:-0.407

             ENERGY    K= OMEGA
 
 I=  3/2- (1)  2.419  25:-0.115
                      29: 0.087
                      30:-0.980
                      36:-0.115
                      39: 0.074
 
 I=  3/2- (2)  2.536  25:-0.174
                      29:-0.888
                      36:-0.408
                      39: 0.119

             ENERGY    K= OMEGA
 
 I=  5/2- (1)  2.483  25:-0.254
                      29: 0.456
                      30: 0.773
                      36:-0.132
                      38:-0.301
                      39: 0.149
 
 I=  5/2- (2)  3.315  26: 0.066
                      29:-0.568
                      30: 0.433
                      36: 0.695
 
 I=  5/2- (3)  3.488  25:-0.118
                      29: 0.356
                      30: 0.112
                      36: 0.273
                      38: 0.869
                      39: 0.126
 
 I=  5/2- (4)  4.218  26: 0.051
                      29: 0.514
                      30:-0.390
                      36: 0.624
                      38:-0.388
                      39: 0.204
 
 I=  5/2- (5)  4.610  25:-0.164
                      26: 0.061
                      29: 0.185
                      36: 0.165
                      39:-0.952

             ENERGY    K= OMEGA
 
 I=  7/2- (1)  1.777  26:-0.195
                      27: 0.051
                      32: 0.979
 
 I=  7/2- (2)  3.311  25:-0.195
                      29: 0.065
                      30:-0.843
                      36: 0.076
                      38:-0.477
                      39: 0.103
 
 I=  7/2- (3)  3.419  25:-0.261
                      29:-0.816
                      30:-0.089
                      36:-0.466
                      38: 0.114
                      39: 0.163
 
 I=  7/2- (4)  3.497  28: 0.715
                      31: 0.582
                      34: 0.356
                      35: 0.150
 
 I=  7/2- (5)  4.380  26: 0.180
                      27: 0.625
                      29: 0.312
                      30:-0.322
                      36:-0.315
                      38: 0.526

             ENERGY    K= OMEGA
 
 I=  9/2- (1)  1.846  26:-0.073
                      27: 0.193
                      32:-0.236
                      33:-0.950
 
 I=  9/2- (2)  2.733  26:-0.266
                      27:-0.091
                      30:-0.052
                      32:-0.928
                      33: 0.233
 
 I=  9/2- (3)  3.473  25:-0.361
                      29: 0.492
                      30: 0.687
                      32:-0.065
                      36:-0.177
                      38:-0.294
                      39: 0.182
 
 I=  9/2- (4)  4.611  28: 0.229
                      31:-0.573
                      34: 0.662
                      35:-0.424
 
 I=  9/2- (5)  5.131  26:-0.117
                      27: 0.095
                      29: 0.417
                      30:-0.456
                      32: 0.056
                      36:-0.758
                      39:-0.120

             ENERGY    K= OMEGA
 
 I= 11/2- (1)  2.836  28:-0.682
                      31:-0.579
                      34:-0.395
                      35:-0.203
                      37:-0.056
 
 I= 11/2- (2)  2.934  26:-0.124
                      27:-0.262
                      32: 0.326
                      33:-0.900
 
 I= 11/2- (3)  3.921  26: 0.312
                      27:-0.131
                      30:-0.063
                      32:-0.879
                      33:-0.324
                      38:-0.061
 
 I= 11/2- (4)  5.141  25:-0.370
                      29:-0.358
                      30:-0.737
                      32: 0.091
                      36:-0.121
                      38:-0.364
                      39: 0.190
 
 I= 11/2- (5)  5.265  25: 0.143
                      29: 0.710
                      30:-0.334
                      36: 0.465
                      38:-0.368
                      39:-0.096

             ENERGY    K= OMEGA
 
 I= 13/2- (1)  4.240  26: 0.170
                      27:-0.306
                      32: 0.386
                      33: 0.854
 
 I= 13/2- (2)  5.000  28: 0.221
                      31:-0.558
                      34: 0.663
                      35:-0.446
 
 I= 13/2- (3)  5.276  25:-0.297
                      26: 0.249
                      27: 0.130
                      29: 0.336
                      30: 0.470
                      32: 0.587
                      33:-0.275
                      36:-0.099
                      38:-0.223
                      39: 0.137
 
 I= 13/2- (4)  5.428  25:-0.309
                      26:-0.235
                      27:-0.107
                      29: 0.373
                      30: 0.448
                      32:-0.597
                      33: 0.272
                      36:-0.152
                      38:-0.160
                      39: 0.142
 
 I= 13/2- (5)  7.898  25:-0.117
                      26: 0.135
                      27:-0.141
                      29:-0.207
                      30: 0.361
                      32:-0.083
                      33:-0.060
                      36: 0.781
                      38: 0.320
                      39: 0.230

             ENERGY     K= 1/2
  32 LEVELS    TIME=  0.0 SEC



 ******************* EXCITATION ENERGIES, DOMINANT CONFIGURATION AND EXPECTATION VALUES (WITH S.P. UU+VV FACTORS) *******************

  NR  Eex(keV)  I   Kdom  NY    <Jz>  <Jx**2> <Jy**2> <Jz**2> <I.j>/|I|  <Rx**2> <Ry**2> <Rz**2> <R.j>/|R|  <HROTx> <HROTy> <HROTz>

   1    0.0   7/2-  -7/2  32   -3.27    2.31    2.31   12.01    3.35       2.91    2.91    0.00   -1.39      0.355   0.355   0.000
   2   69.0   9/2-   9/2  33    3.74    2.54    2.54   19.43    4.28       3.34    3.34   -0.00   -1.24      0.407   0.407  -0.000
   3  642.7   3/2-  -3/2  30   -1.45    4.62    4.62    2.20    1.47       4.74    4.74   -0.00   -2.79      0.578   0.578  -0.000
   4  706.2   5/2-  -3/2  30   -0.55    4.76    4.76    2.02    2.25       3.50    3.50   -0.00   -1.85      0.427   0.427  -0.000
   5  759.5   3/2-   1/2  29    0.17    4.01    4.01    0.58    1.28       3.69    3.69    0.00   -2.25      0.450   0.450   0.000
  
   6  782.3   1/2-   1/2  29    0.50    4.79    4.79    0.25    0.31       5.02    5.02    0.00   -3.02      0.612   0.612   0.000
   7  956.1   9/2-  -7/2  32   -2.62    2.42    2.42   12.21    2.90       6.48    6.48    0.00   -0.73      0.790   0.790   0.000
   8 1059.6  11/2-   1/2  28   -0.02   24.42   24.42    2.35    6.31       5.73    5.73   -0.00   -3.97      0.699   0.699  -0.000
   9 1157.0  11/2-   9/2  33    3.07    2.75    2.75   18.63    3.76       7.49    7.49   -0.00   -0.44      0.913   0.913  -0.000
  10 1534.2   7/2-  -3/2  30   -0.49    4.16    4.16    3.08    1.75       6.61    6.61   -0.00   -1.22      0.806   0.806  -0.000
  
  11 1538.1   5/2-  -3/2  36   -0.83    3.05    3.05    1.63    0.79       5.89    5.89   -0.00   -1.57      0.718   0.718  -0.000
  12 1641.8   7/2-   1/2  29    0.08    3.76    3.76    0.79    1.41       6.43    6.43    0.00   -0.76      0.784   0.784   0.000
  13 1696.6   9/2-  -3/2  30   -0.35    4.94    4.94    1.83    2.34       6.59    6.59   -0.00   -0.02      0.804   0.804  -0.000
  14 1711.5   5/2-   5/2  38    1.84    2.31    2.31    4.96    1.84       3.73    3.73    0.00   -1.52      0.455   0.455   0.000
  15 1719.8   7/2-   1/2  28   -0.01   24.02   24.02    1.96    6.16       8.44    8.44   -0.00   -6.22      1.029   1.029  -0.000
  
  16 1990.8   1/2-   1/2  39    0.50    1.52    1.52    0.25    0.72       1.39    1.39    0.00   -1.59      0.170   0.170   0.000
  17 2143.8  11/2-  -7/2  32   -2.04    2.51    2.51   12.43    2.60      11.05   11.05    0.00   -0.40      1.347   1.347   0.000
  18 2441.4   5/2-  -3/2  36   -0.28    3.24    3.24    2.25   -0.02       8.81    8.81    0.00   -2.10      1.074   1.074   0.000
  19 2463.6  13/2-   9/2  33    2.50    2.95    2.95   17.90    3.40      12.55   12.55   -0.00   -0.02      1.530   1.530  -0.000
  20 2603.1   7/2-  -7/2  27   -0.85    4.13    4.13    7.19    1.88       8.15    8.15   -0.00   -1.98      0.993   0.993  -0.000
  
  21 2832.8   5/2-   1/2  39    0.45    1.64    1.64    0.33    0.34       5.18    5.18    0.00   -0.81      0.632   0.632   0.000
  22 2834.0   9/2-   5/2  34   -0.00   24.62   24.62    5.70    5.34      13.30   13.30    0.00   -5.50      1.621   1.621   0.000
  23 3223.6  13/2-   5/2  34   -0.04   24.60   24.60    5.90    5.32      14.80   14.80   -0.00   -3.31      1.805   1.805  -0.000
  24 3354.4   9/2-  -3/2  36   -1.08    2.67    2.67    2.06    0.68      12.67   12.67    0.00   -0.79      1.545   1.545   0.000
  25 3364.6  11/2-  -3/2  30   -0.38    4.21    4.21    2.27    1.68      13.19   13.19   -0.00   -0.13      1.608   1.608  -0.000
  
  26 3487.8  11/2-   1/2  29    0.11    3.67    3.67    1.75    1.40      14.04   14.04    0.00   -0.14      1.712   1.712   0.000
  27 3499.0  13/2-  -7/2  32   -0.88    3.83    3.83    7.24    2.43      14.83   14.83    0.00    0.38      1.808   1.808   0.000
  28 3650.7  13/2-  -7/2  32   -0.96    3.90    3.90    7.07    2.33      15.52   15.52    0.00    0.26      1.892   1.892   0.000
  29 3978.4   1/2-   1/2  25    0.50    6.58    6.58    0.25    0.66       6.50    6.50   -0.00   -3.56      0.793   0.793  -0.000
  30 4161.1   1/2-   1/2  37    0.50   12.38   12.38    0.25   -1.52      14.19   14.19   -0.00   -4.94      1.730   1.730  -0.000
  
  31 6121.1  13/2-  -3/2  36   -0.83    2.23    2.23    2.84    0.77      22.65   22.65    0.00   -0.29      2.762   2.762   0.000
  32 6966.2   1/2-   1/2  28    0.50   24.69   24.69    0.25   -3.56      28.27   28.27    0.00   -7.01      3.446   3.446   0.000
