1SPECTRUM OF (Z= 82 A=207) IN PARTICLE-ROTOR  MODEL WITH MODIFIED OSCILLATOR POTENTIAL


 PARITY=-   EPS= 0.318   GAMMA=  0.0   EPS4=0.000   EPS6=0.000   LEVELS:  25  26  27  28  29  30  31  32  33  34  35  36  37  38  39

 PAIRING FACTORS: GN0= 19.20  GN1=  7.40  IPAIR= 15 ***  E2PLUS(INPUT)=   0.730  E2PLUR(INPUT)=   0.000

 CORIOLIS ATTENUATION PARAMETERS:  CHSI=1.000  ETA=  1.00

 MOMENT OF INERTIA PARAMETERS:   A1=  0.122 MEV   A2=  0.122 MEV   A3=121.91923 MEV


 DELTA=0.935 MEV  LAMBDA=53.2997 MEV   HW0= 7.5022 MEV   LAMBDA/HW0= 7.1045

 E2ENERGY=0.730 MEV  HBAR**2/B=18750./A**(7/3)=3169.7/A**2 MEV

 IREC=0  =>  RECOIL TERMS j+j-, j+j+, jzjz, ETC TREATED AS ONE-BODY OPERATORS WITH UU+VV PAIRING FACTORS



 S. P. LEVEL   EQP       U     V        (UU + VV)**1.00

     25       4.149    0.113 0.994      1.000 0.999 0.998 0.973 0.968 0.953 0.914 0.888 0.758 0.521 0.315 0.304 0.293 0.274 0.256
     26       3.261    0.145 0.989      0.999 1.000 1.000 0.980 0.975 0.962 0.927 0.902 0.779 0.548 0.345 0.334 0.323 0.304 0.287
     27       2.705    0.176 0.984      0.998 1.000 1.000 0.985 0.982 0.970 0.938 0.915 0.798 0.574 0.374 0.363 0.352 0.333 0.317
     28       1.461    0.340 0.940      0.973 0.980 0.985 1.000 1.000 0.997 0.983 0.970 0.889 0.705 0.526 0.516 0.506 0.489 0.473
     29       1.391    0.360 0.933      0.968 0.975 0.982 1.000 1.000 0.999 0.987 0.975 0.898 0.720 0.544 0.534 0.525 0.507 0.492
     30       1.253    0.409 0.913      0.953 0.962 0.970 0.997 0.999 1.000 0.994 0.986 0.920 0.755 0.587 0.578 0.569 0.552 0.537
     31       1.070    0.506 0.862      0.914 0.927 0.938 0.983 0.987 0.994 1.000 0.998 0.957 0.822 0.673 0.664 0.655 0.640 0.626
     32       1.010    0.557 0.830      0.888 0.902 0.915 0.970 0.975 0.986 0.998 1.000 0.973 0.855 0.716 0.707 0.699 0.685 0.672
     33       0.937    0.734 0.679      0.758 0.779 0.798 0.889 0.898 0.920 0.957 0.973 1.000 0.952 0.857 0.851 0.845 0.835 0.825
     34       1.223    0.907 0.421      0.521 0.548 0.574 0.705 0.720 0.755 0.822 0.855 0.952 1.000 0.974 0.971 0.969 0.963 0.959
     35       2.327    0.979 0.205      0.315 0.345 0.374 0.526 0.544 0.587 0.673 0.716 0.857 0.974 1.000 1.000 1.000 0.999 0.998
     36       2.458    0.981 0.194      0.304 0.334 0.363 0.516 0.534 0.578 0.664 0.707 0.851 0.971 1.000 1.000 1.000 1.000 0.999
     37       2.601    0.983 0.183      0.293 0.323 0.352 0.506 0.525 0.569 0.655 0.699 0.845 0.969 1.000 1.000 1.000 1.000 0.999
     38       2.910    0.987 0.163      0.274 0.304 0.333 0.489 0.507 0.552 0.640 0.685 0.835 0.963 0.999 1.000 1.000 1.000 1.000
     39       3.254    0.989 0.145      0.256 0.287 0.317 0.473 0.492 0.537 0.626 0.672 0.825 0.959 0.998 0.999 0.999 1.000 1.000

  R CORE   ENERGY   A0R/A00=1.000    R3= 0     2  
   2( 1)    0.732                    1.000 0.000
   2( 2)  487.921                    0.000 1.000

  R CORE   ENERGY   A0R/A00=1.000    R3= 0     2  
   3( 1)  488.652                    0.000 1.000

  R CORE   ENERGY   A0R/A00=1.000    R3= 0     2     4  
   4( 1)    2.438                    1.000 0.000 0.000

  R CORE   ENERGY   A0R/A00=1.000    R3= 0     2     4  
   5( 1)  490.847                    0.000 1.000 0.000

  R CORE   ENERGY   A0R/A00=1.000    R3= 0     2     4     6  
   6( 1)    5.121                    1.000 0.000 0.000 0.000

  R CORE   ENERGY   A0R/A00=1.000    R3= 0     2     4     6  
   7( 1)  494.017                    0.000 1.000 0.000 0.000

          AXIAL SYMMETRY => K RESTRICTED TO OMEGA

                     K
     S.P. ORB#: 25  0.50
     S.P. ORB#: 26  2.50
     S.P. ORB#: 27 -3.50
     S.P. ORB#: 28  0.50
     S.P. ORB#: 29  0.50
     S.P. ORB#: 30 -1.50
     S.P. ORB#: 31 -3.50
     S.P. ORB#: 32 -1.50
     S.P. ORB#: 33  4.50
     S.P. ORB#: 34  2.50
     S.P. ORB#: 35 -1.50
     S.P. ORB#: 36 -3.50
     S.P. ORB#: 37  2.50
     S.P. ORB#: 38  0.50
     S.P. ORB#: 39  0.50
 

             ENERGY    K= OMEGA
 
 I=  1/2- (1)  2.608  29:-0.998
 
 I=  1/2- (2)  3.588  25:-0.070
                      39:-0.997
 
 I=  1/2- (3)  5.697  25: 0.997
                      39:-0.068
 
 I=  1/2- (4)  6.115  28:-0.476
                      38: 0.879
 
 I=  1/2- (5)  8.789  28: 0.879
                      38: 0.476

             ENERGY    K= OMEGA
 
 I=  3/2- (1)  2.455  25:-0.145
                      29:-0.074
                      30:-0.949
                      35:-0.251
                      39: 0.102
 
 I=  3/2- (2)  2.538  25: 0.134
                      29: 0.828
                      30:-0.224
                      35: 0.486
                      39:-0.102

             ENERGY    K= OMEGA
 
 I=  5/2- (1)  2.492  25:-0.249
                      29: 0.446
                      30: 0.747
                      35:-0.165
                      37:-0.361
                      39: 0.153
 
 I=  5/2- (2)  3.236  26:-0.066
                      29: 0.378
                      30:-0.441
                      35:-0.794
                      37:-0.141
                      39:-0.078
 
 I=  5/2- (3)  3.357  25:-0.130
                      29: 0.478
                      30: 0.065
                      37: 0.857
                      39: 0.124
 
 I=  5/2- (4)  4.154  29: 0.569
                      30:-0.438
                      35: 0.544
                      37:-0.336
                      39: 0.273
 
 I=  5/2- (5)  4.436  25:-0.167
                      29: 0.247
                      35: 0.198
                      39:-0.932

             ENERGY    K= OMEGA
 
 I=  7/2- (1)  1.856  26:-0.201
                      27: 0.054
                      31: 0.977
 
 I=  7/2- (2)  3.296  25:-0.148
                      29: 0.171
                      30:-0.776
                      35: 0.176
                      37:-0.554
                      39: 0.075
 
 I=  7/2- (3)  3.382  28:-0.726
                      32:-0.578
                      34:-0.344
                      36:-0.141
 
 I=  7/2- (4)  3.405  25:-0.287
                      29:-0.755
                      30:-0.241
                      35:-0.502
                      39: 0.183
 
 I=  7/2- (5)  4.328  26:-0.127
                      27:-0.340
                      29:-0.428
                      30: 0.436
                      35: 0.360
                      37:-0.604

             ENERGY    K= OMEGA
 
 I=  9/2- (1)  1.808  26:-0.069
                      27: 0.204
                      31:-0.214
                      33:-0.953
 
 I=  9/2- (2)  2.795  26: 0.276
                      27: 0.090
                      30: 0.052
                      31: 0.930
                      33:-0.209
 
 I=  9/2- (3)  3.473  25:-0.359
                      29: 0.487
                      30: 0.673
                      31:-0.065
                      35:-0.198
                      37:-0.320
                      39: 0.185
 
 I=  9/2- (4)  4.558  28: 0.234
                      32:-0.587
                      34: 0.656
                      36:-0.414
 
 I=  9/2- (5)  5.030  25:-0.106
                      26: 0.115
                      27:-0.115
                      29:-0.209
                      30: 0.411
                      35: 0.794
                      37: 0.286
                      39: 0.186

             ENERGY    K= OMEGA
 
 I= 11/2- (1)  2.685  28: 0.686
                      32: 0.579
                      34: 0.390
                      36: 0.197
                      38: 0.055
 
 I= 11/2- (2)  2.877  26:-0.118
                      27:-0.277
                      31: 0.297
                      33:-0.906
 
 I= 11/2- (3)  3.965  26: 0.324
                      27:-0.128
                      30:-0.062
                      31:-0.885
                      33:-0.293
                      37:-0.061
 
 I= 11/2- (4)  5.144  25:-0.343
                      29:-0.248
                      30:-0.761
                      31: 0.090
                      37:-0.446
                      39: 0.176
 
 I= 11/2- (5)  5.229  25: 0.199
                      29: 0.726
                      30:-0.192
                      35: 0.515
                      37:-0.334
                      39:-0.127

             ENERGY    K= OMEGA
 
 I= 13/2- (1)  4.165  26:-0.161
                      27: 0.323
                      31:-0.353
                      33:-0.863
 
 I= 13/2- (2)  4.889  28: 0.223
                      32:-0.568
                      34: 0.659
                      36:-0.438
 
 I= 13/2- (3)  5.291  25:-0.327
                      26: 0.231
                      27: 0.114
                      29: 0.370
                      30: 0.507
                      31: 0.534
                      33:-0.220
                      35:-0.121
                      37:-0.248
                      39: 0.153
 
 I= 13/2- (4)  5.434  25:-0.277
                      26:-0.271
                      27:-0.116
                      29: 0.335
                      30: 0.392
                      31:-0.658
                      33: 0.276
                      35:-0.154
                      37:-0.147
                      39: 0.128
 
 I= 13/2- (5)  7.764  25:-0.157
                      26: 0.116
                      27:-0.126
                      29:-0.070
                      30: 0.299
                      31:-0.070
                      33:-0.062
                      35: 0.748
                      37: 0.463
                      39: 0.263

             ENERGY     K= 1/2
  32 LEVELS    TIME=  0.0 SEC



 ******************* EXCITATION ENERGIES, DOMINANT CONFIGURATION AND EXPECTATION VALUES (WITH S.P. UU+VV FACTORS) *******************

  NR  Eex(keV)  I   Kdom  NY    <Jz>  <Jx**2> <Jy**2> <Jz**2> <I.j>/|I|  <Rx**2> <Ry**2> <Rz**2> <R.j>/|R|  <HROTx> <HROTy> <HROTz>

   1    0.0   9/2-   9/2  33    3.79    2.55    2.55   19.48    4.32       3.20    3.20    0.00   -1.23      0.390   0.390   0.000
   2   48.4   7/2-  -7/2  31   -3.25    2.31    2.31   12.00    3.36       2.84    2.84    0.00   -1.37      0.346   0.346   0.000
   3  647.4   3/2-  -3/2  30   -1.43    4.28    4.28    2.18    1.51       4.32    4.32    0.00   -2.66      0.526   0.526   0.000
   4  683.9   5/2-  -3/2  30   -0.41    4.57    4.57    2.20    2.32       3.20    3.20    0.00   -1.78      0.390   0.390   0.000
   5  730.0   3/2-   1/2  29   -0.07    3.89    3.89    0.82    1.36       3.54    3.54    0.00   -2.24      0.432   0.432   0.000
  
   6  800.4   1/2-   1/2  29    0.50    4.74    4.74    0.25    0.32       4.96    4.96   -0.00   -3.00      0.604   0.604  -0.000
   7  876.6  11/2-   1/2  28   -0.02   24.81   24.81    2.30    6.39       5.61    5.61    0.00   -4.09      0.684   0.684   0.000
   8  987.3   9/2-  -7/2  31   -2.67    2.42    2.42   12.09    2.92       6.34    6.34    0.00   -0.68      0.773   0.773   0.000
   9 1069.1  11/2-   9/2  33    3.15    2.78    2.78   18.74    3.81       7.22    7.22    0.00   -0.39      0.880   0.880   0.000
  10 1428.2   5/2-  -3/2  35   -1.10    2.44    2.44    2.05    0.94       5.06    5.06    0.00   -1.30      0.617   0.617   0.000
  
  11 1488.2   7/2-  -3/2  30   -0.17    3.87    3.87    3.39    1.82       6.21    6.21    0.00   -1.11      0.758   0.758   0.000
  12 1548.7   5/2-   5/2  37    1.96    2.64    2.64    4.67    1.77       4.11    4.11    0.00   -1.64      0.501   0.501   0.000
  13 1574.3   7/2-   1/2  28   -0.01   24.36   24.36    1.87    6.21       8.53    8.53    0.00   -6.28      1.040   1.040   0.000
  14 1597.1   7/2-   1/2  29   -0.12    3.57    3.57    0.90    1.46       6.11    6.11    0.00   -0.64      0.745   0.745   0.000
  15 1665.0   9/2-  -3/2  30   -0.30    4.84    4.84    1.91    2.36       6.42    6.42    0.00    0.05      0.783   0.783   0.000
  
  16 1779.7   1/2-   1/2  39    0.50    1.49    1.49    0.25    0.72       1.37    1.37    0.00   -1.58      0.167   0.167   0.000
  17 2156.8  11/2-  -7/2  31   -2.15    2.52    2.52   12.23    2.62      10.83   10.83    0.00   -0.34      1.321   1.321   0.000
  18 2345.9   5/2-   1/2  29   -0.25    3.50    3.50    1.91   -0.11       9.16    9.16    0.00   -2.16      1.117   1.117   0.000
  19 2356.7  13/2-   9/2  33    2.62    2.98    2.98   18.05    3.47      12.16   12.16    0.00    0.04      1.483   1.483   0.000
  20 2520.2   7/2-   5/2  37    0.16    3.28    3.28    4.56    1.09       9.10    9.10    0.00   -1.59      1.109   1.109   0.000
  
  21 2628.1   5/2-   1/2  39    0.43    1.68    1.68    0.34    0.29       5.36    5.36    0.00   -0.87      0.654   0.654   0.000
  22 2750.2   9/2-   5/2  34   -0.01   24.86   24.86    5.57    5.42      13.05   13.05    0.00   -5.54      1.592   1.592   0.000
  23 3081.2  13/2-   5/2  34   -0.04   24.84   24.84    5.81    5.42      14.29   14.29    0.00   -3.30      1.742   1.742   0.000
  24 3221.6   9/2-  -3/2  35   -0.97    2.23    2.23    2.62    0.86      11.63   11.63    0.00   -0.58      1.418   1.418   0.000
  25 3336.3  11/2-  -3/2  30   -0.30    4.08    4.08    2.73    1.70      13.17   13.17    0.00   -0.14      1.606   1.606   0.000
  
  26 3421.1  11/2-   1/2  29    0.12    3.46    3.46    1.56    1.42      13.60   13.60    0.00    0.01      1.658   1.658   0.000
  27 3482.7  13/2-  -7/2  31   -0.81    4.04    4.04    6.03    2.44      14.38   14.38    0.00    0.55      1.753   1.753   0.000
  28 3625.9  13/2-  -7/2  31   -1.14    3.62    3.62    8.06    2.36      15.56   15.56    0.00    0.21      1.897   1.897   0.000
  29 3889.4   1/2-   1/2  25    0.50    6.47    6.47    0.25    0.67       6.39    6.39    0.00   -3.53      0.779   0.779   0.000
  30 4306.8   1/2-   1/2  38    0.50   12.52   12.52    0.25   -1.69      14.49   14.49    0.00   -4.97      1.767   1.767   0.000
  
  31 5955.9  13/2-  -3/2  35   -0.41    2.09    2.09    3.24    0.87      21.99   21.99    0.00   -0.20      2.681   2.681   0.000
  32 6981.2   1/2-   1/2  28    0.50   25.12   25.12    0.25   -3.56      28.71   28.71    0.00   -7.07      3.500   3.500   0.000
