1SPECTRUM OF (Z= 82 A=207) IN PARTICLE-ROTOR  MODEL WITH MODIFIED OSCILLATOR POTENTIAL


 PARITY=-   EPS= 0.287   GAMMA=  0.0   EPS4=0.000   EPS6=0.000   LEVELS:  24  25  26  27  28  29  30  31  32  33  34  35  36  37  38

 PAIRING FACTORS: GN0= 19.20  GN1=  7.40  IPAIR= 15 ***  E2PLUS(INPUT)=   0.730  E2PLUR(INPUT)=   0.000

 CORIOLIS ATTENUATION PARAMETERS:  CHSI=1.000  ETA=  1.00

 MOMENT OF INERTIA PARAMETERS:   A1=  0.122 MEV   A2=  0.122 MEV   A3=121.91923 MEV


 DELTA=0.951 MEV  LAMBDA=53.2989 MEV   HW0= 7.4845 MEV   LAMBDA/HW0= 7.1213

 E2ENERGY=0.730 MEV  HBAR**2/B=15273./A**(7/3)=2581.8/A**2 MEV

 IREC=0  =>  RECOIL TERMS j+j-, j+j+, jzjz, ETC TREATED AS ONE-BODY OPERATORS WITH UU+VV PAIRING FACTORS



 S. P. LEVEL   EQP       U     V        (UU + VV)**1.00

     24       5.049    0.095 0.996      1.000 1.000 0.999 0.998 0.974 0.963 0.961 0.897 0.887 0.726 0.429 0.350 0.317 0.278 0.265
     25       4.114    0.116 0.993      1.000 1.000 1.000 0.999 0.978 0.969 0.967 0.907 0.897 0.741 0.449 0.370 0.338 0.299 0.286
     26       3.500    0.137 0.991      0.999 1.000 1.000 1.000 0.982 0.974 0.972 0.915 0.906 0.755 0.467 0.390 0.358 0.318 0.306
     27       2.947    0.164 0.987      0.998 0.999 1.000 1.000 0.987 0.980 0.978 0.926 0.917 0.772 0.491 0.414 0.383 0.344 0.331
     28       1.571    0.319 0.948      0.974 0.978 0.982 0.987 1.000 0.999 0.999 0.974 0.969 0.864 0.624 0.554 0.526 0.490 0.478
     29       1.422    0.358 0.934      0.963 0.969 0.974 0.980 0.999 1.000 1.000 0.983 0.979 0.884 0.656 0.588 0.560 0.525 0.514
     30       1.394    0.367 0.930      0.961 0.967 0.972 0.978 0.999 1.000 1.000 0.984 0.980 0.888 0.663 0.596 0.568 0.533 0.522
     31       1.065    0.524 0.851      0.897 0.907 0.915 0.926 0.974 0.983 0.984 1.000 1.000 0.955 0.784 0.727 0.703 0.673 0.664
     32       1.043    0.543 0.840      0.887 0.897 0.906 0.917 0.969 0.979 0.980 1.000 1.000 0.961 0.797 0.742 0.719 0.689 0.680
     33       0.960    0.753 0.657      0.726 0.741 0.755 0.772 0.864 0.884 0.888 0.955 0.961 1.000 0.933 0.898 0.883 0.862 0.856
     34       1.481    0.940 0.342      0.429 0.449 0.467 0.491 0.624 0.656 0.663 0.784 0.797 0.933 1.000 0.996 0.993 0.987 0.985
     35       1.898    0.966 0.260      0.350 0.370 0.390 0.414 0.554 0.588 0.596 0.727 0.742 0.898 0.996 1.000 0.999 0.997 0.996
     36       2.158    0.974 0.226      0.317 0.338 0.358 0.383 0.526 0.560 0.568 0.703 0.719 0.883 0.993 0.999 1.000 0.999 0.999
     37       2.610    0.983 0.185      0.278 0.299 0.318 0.344 0.490 0.525 0.533 0.673 0.689 0.862 0.987 0.997 0.999 1.000 1.000
     38       2.797    0.985 0.173      0.265 0.286 0.306 0.331 0.478 0.514 0.522 0.664 0.680 0.856 0.985 0.996 0.999 1.000 1.000

  R CORE   ENERGY   A0R/A00=1.000    R3= 0     2  
   2( 1)    0.732                    1.000 0.000
   2( 2)  487.921                    0.000 1.000

  R CORE   ENERGY   A0R/A00=1.000    R3= 0     2  
   3( 1)  488.652                    0.000 1.000

  R CORE   ENERGY   A0R/A00=1.000    R3= 0     2     4  
   4( 1)    2.438                    1.000 0.000 0.000

  R CORE   ENERGY   A0R/A00=1.000    R3= 0     2     4  
   5( 1)  490.847                    0.000 1.000 0.000

  R CORE   ENERGY   A0R/A00=1.000    R3= 0     2     4     6  
   6( 1)    5.121                    1.000 0.000 0.000 0.000

  R CORE   ENERGY   A0R/A00=1.000    R3= 0     2     4     6  
   7( 1)  494.017                    0.000 1.000 0.000 0.000

          AXIAL SYMMETRY => K RESTRICTED TO OMEGA

                     K
     S.P. ORB#: 24  2.50
     S.P. ORB#: 25  0.50
     S.P. ORB#: 26  2.50
     S.P. ORB#: 27 -3.50
     S.P. ORB#: 28  0.50
     S.P. ORB#: 29 -1.50
     S.P. ORB#: 30 -3.50
     S.P. ORB#: 31  0.50
     S.P. ORB#: 32  4.50
     S.P. ORB#: 33 -1.50
     S.P. ORB#: 34  2.50
     S.P. ORB#: 35 -1.50
     S.P. ORB#: 36  2.50
     S.P. ORB#: 37 -3.50
     S.P. ORB#: 38  0.50
 

             ENERGY    K= OMEGA
 
 I=  1/2- (1)  2.749  28:-0.994
                      38:-0.101
 
 I=  1/2- (2)  3.117  25:-0.067
                      28: 0.099
                      38:-0.993
 
 I=  1/2- (3)  5.589  25: 0.997
                      38:-0.063
 
 I=  1/2- (4)  8.115  31:-1.000
 
 I=  1/2- (5)147.263  33:-1.000

             ENERGY    K= OMEGA
 
 I=  3/2- (1)  2.335  25: 0.119
                      28: 0.408
                      29: 0.277
                      35: 0.854
                      38:-0.114
 
 I=  3/2- (2)  2.608  25:-0.063
                      28: 0.335
                      29:-0.926
                      35: 0.156

             ENERGY    K= OMEGA
 
 I=  5/2- (1)  2.433  25: 0.197
                      28:-0.364
                      29:-0.584
                      35: 0.319
                      36: 0.606
                      38:-0.135
 
 I=  5/2- (2)  2.936  24:-0.060
                      25: 0.134
                      26:-0.061
                      29:-0.550
                      35:-0.773
                      36:-0.200
                      38:-0.186
 
 I=  5/2- (3)  3.068  25:-0.152
                      28: 0.496
                      29: 0.172
                      35:-0.365
                      36: 0.739
                      38: 0.143
 
 I=  5/2- (4)  3.928  25: 0.140
                      28: 0.140
                      29:-0.331
                      35: 0.081
                      36:-0.123
                      38: 0.910
 
 I=  5/2- (5)  4.151  24: 0.053
                      25: 0.112
                      28:-0.743
                      29: 0.391
                      35:-0.398
                      36: 0.173
                      38: 0.301

             ENERGY    K= OMEGA
 
 I=  7/2- (1)  2.152  26:-0.215
                      27: 0.077
                      30: 0.971
 
 I=  7/2- (2)  3.119  24: 0.060
                      27:-0.085
                      28: 0.281
                      29:-0.516
                      35: 0.412
                      36:-0.686
 
 I=  7/2- (3)  3.229  31: 0.736
                      33: 0.573
                      34: 0.336
                      37: 0.132
 
 I=  7/2- (4)  3.335  24:-0.071
                      25: 0.292
                      27: 0.052
                      28: 0.550
                      29: 0.480
                      30:-0.056
                      35: 0.550
                      36: 0.156
                      38:-0.205
 
 I=  7/2- (5)  4.165  24:-0.146
                      27: 0.135
                      28:-0.525
                      29: 0.570
                      35: 0.161
                      36:-0.577

             ENERGY    K= OMEGA
 
 I=  9/2- (1)  1.846  24: 0.058
                      26:-0.059
                      27: 0.249
                      30:-0.171
                      32:-0.949
 
 I=  9/2- (2)  3.044  24:-0.073
                      25: 0.054
                      26:-0.289
                      27:-0.128
                      28:-0.056
                      29:-0.130
                      30:-0.918
                      32: 0.141
                      36: 0.091
 
 I=  9/2- (3)  3.416  24: 0.087
                      25:-0.332
                      26:-0.052
                      27: 0.054
                      28: 0.445
                      29: 0.626
                      30:-0.165
                      32: 0.077
                      35:-0.259
                      36:-0.392
                      38: 0.185
 
 I=  9/2- (4)  4.466  31: 0.243
                      33:-0.605
                      34: 0.647
                      37:-0.395
 
 I=  9/2- (5)  4.664  24: 0.097
                      25:-0.168
                      26: 0.062
                      29: 0.389
                      30:-0.061
                      35: 0.740
                      36: 0.439
                      38: 0.250

             ENERGY    K= OMEGA
 
 I= 11/2- (1)  2.433  31:-0.694
                      33:-0.575
                      34:-0.389
                      37:-0.191
 
 I= 11/2- (2)  2.825  24: 0.103
                      26:-0.096
                      27:-0.349
                      30: 0.224
                      32:-0.898
 
 I= 11/2- (3)  4.157  24: 0.104
                      26: 0.341
                      27:-0.169
                      29:-0.135
                      30:-0.885
                      32:-0.172
                      36:-0.096
 
 I= 11/2- (4)  4.963  24:-0.133
                      25: 0.144
                      26: 0.068
                      27: 0.107
                      28:-0.182
                      29: 0.637
                      30:-0.136
                      32:-0.144
                      35:-0.309
                      36: 0.607
                      38:-0.061
 
 I= 11/2- (5)  5.151  24: 0.070
                      25:-0.350
                      28:-0.651
                      29:-0.321
                      30: 0.113
                      32: 0.050
                      35:-0.532
                      38: 0.213

             ENERGY    K= OMEGA
 
 I= 13/2- (1)  3.996  24: 0.148
                      26:-0.124
                      27: 0.420
                      29: 0.070
                      30:-0.247
                      32:-0.846
 
 I= 13/2- (2)  4.657  31: 0.230
                      33:-0.584
                      34: 0.655
                      37:-0.422
 
 I= 13/2- (3)  5.209  24:-0.143
                      25: 0.375
                      26:-0.156
                      27:-0.102
                      28:-0.416
                      29:-0.589
                      30:-0.354
                      32:-0.051
                      35: 0.173
                      36: 0.306
                      38:-0.182
 
 I= 13/2- (4)  5.575  24: 0.060
                      25: 0.169
                      26: 0.350
                      27: 0.159
                      28:-0.222
                      29:-0.207
                      30: 0.795
                      32:-0.235
                      35: 0.158
                      36: 0.096
                      38:-0.081
 
 I= 13/2- (5)  7.364  24:-0.099
                      25: 0.174
                      26:-0.050
                      29:-0.294
                      30: 0.088
                      35:-0.726
                      36:-0.505
                      38:-0.283

             ENERGY     K= 1/2
  32 LEVELS    TIME=  0.0 SEC



 ******************* EXCITATION ENERGIES, DOMINANT CONFIGURATION AND EXPECTATION VALUES (WITH S.P. UU+VV FACTORS) *******************

  NR  Eex(keV)  I   Kdom  NY    <Jz>  <Jx**2> <Jy**2> <Jz**2> <I.j>/|I|  <Rx**2> <Ry**2> <Rz**2> <R.j>/|R|  <HROTx> <HROTy> <HROTz>

   1    0.0   9/2-   9/2  32    3.75    2.65    2.65   19.41    4.44       2.67    2.67    0.00   -1.15      0.326   0.326   0.001
   2  305.9   7/2-  -7/2  30   -3.20    2.29    2.29   11.94    3.40       2.65    2.65    0.00   -1.32      0.323   0.323   0.000
   3  488.7   3/2-  -3/2  35   -1.11    2.17    2.17    1.86    1.54       1.99    1.99   -0.00   -1.61      0.242   0.242  -0.000
   4  586.9   5/2-   5/2  36    0.35    3.57    3.57    3.34    2.50       2.21    2.21    0.00   -1.46      0.270   0.270   0.000
   5  587.4  11/2-   1/2  31   -0.00   25.44   25.44    2.26    6.55       5.26    5.26    0.00   -4.30      0.642   0.642   0.000
  
   6  762.4   3/2-  -3/2  29   -1.26    4.61    4.61    2.01    1.45       4.69    4.69    0.00   -2.75      0.572   0.572   0.000
   7  902.9   1/2-   1/2  28    0.50    4.60    4.60    0.25    0.38       4.76    4.76    0.00   -2.95      0.581   0.581   0.000
   8  978.7  11/2-   9/2  32    3.08    3.03    3.03   18.57    4.04       6.01    6.01    0.00   -0.13      0.732   0.732   0.001
   9 1089.7   5/2-  -3/2  35   -1.20    2.30    2.30    2.33    1.15       4.44    4.44   -0.00   -1.19      0.542   0.542  -0.000
  10 1198.4   9/2-  -7/2  30   -2.70    2.44    2.44   11.57    2.97       5.82    5.82    0.00   -0.49      0.710   0.710   0.000
  
  11 1222.0   5/2-   5/2  36    1.27    2.80    2.80    3.86    1.63       4.30    4.30    0.00   -1.59      0.524   0.524   0.000
  12 1271.0   1/2-   1/2  38    0.50    1.44    1.44    0.25    0.70       1.33    1.33    0.00   -1.54      0.163   0.163   0.000
  13 1272.7   7/2-   5/2  36    0.54    3.02    3.02    4.07    1.99       5.03    5.03    0.00   -0.70      0.613   0.613   0.000
  14 1383.1   7/2-   1/2  31   -0.00   25.45   25.45    1.79    6.43       8.71    8.71    0.00   -6.51      1.062   1.062   0.000
  15 1489.2   7/2-   1/2  28   -0.53    3.18    3.18    1.57    1.54       5.71    5.71    0.00   -0.53      0.697   0.697   0.000
  
  16 1570.4   9/2-  -3/2  29   -0.19    4.50    4.50    2.63    2.47       5.91    5.91    0.00    0.19      0.721   0.721   0.000
  17 2082.4   5/2-   1/2  38    0.30    1.89    1.89    0.59    0.43       5.29    5.29    0.00   -0.95      0.645   0.645   0.000
  18 2150.2  13/2-   9/2  32    2.48    3.42    3.42   17.67    3.80      10.10   10.10    0.00    0.45      1.231   1.231   0.001
  19 2304.9   5/2-   1/2  28   -0.06    3.87    3.87    1.07   -0.33       9.76    9.76    0.00   -2.22      1.190   1.190   0.000
  20 2311.3  11/2-  -7/2  30   -2.39    2.53    2.53   11.44    2.70       9.97    9.97    0.00   -0.08      1.215   1.215   0.000
  
  21 2319.5   7/2-   5/2  36    0.43    3.43    3.43    3.31    0.85       9.58    9.58    0.00   -1.55      1.169   1.169   0.000
  22 2620.5   9/2-   5/2  34   -0.02   25.41   25.41    5.37    5.64      12.40   12.40    0.00   -5.65      1.512   1.512   0.000
  23 2811.3  13/2-   5/2  34   -0.04   25.37   25.37    5.64    5.66      13.02   13.02    0.00   -3.30      1.587   1.587   0.000
  24 2818.3   9/2-  -3/2  35   -0.50    2.07    2.07    2.94    1.03      10.81   10.81    0.00   -0.43      1.317   1.317   0.000
  25 3116.8  11/2-  -3/2  29    0.24    3.62    3.62    4.37    1.85      12.61   12.61    0.00   -0.11      1.538   1.538   0.000
  
  26 3304.7  11/2-   1/2  28   -0.30    3.30    3.30    1.27    1.51      12.80   12.80    0.00    0.23      1.560   1.560   0.000
  27 3362.7  13/2-  -3/2  29   -0.51    4.52    4.52    3.52    2.56      12.79   12.79    0.00    1.05      1.559   1.559   0.000
  28 3729.4  13/2-  -7/2  30   -1.77    2.94    2.94   10.19    2.43      15.47   15.47    0.00    0.16      1.887   1.887   0.000
  29 3743.1   1/2-   1/2  25    0.50    6.18    6.18    0.25    0.68       6.09    6.09    0.00   -3.44      0.742   0.742   0.000
  30 5518.0  13/2-  -3/2  35   -0.22    1.96    1.96    3.20    0.90      21.62   21.62    0.00   -0.12      2.636   2.636   0.000
  
  31 6269.6   1/2-   1/2  31    0.50   25.18   25.18    0.25   -3.73      28.91   28.91    0.00   -7.08      3.525   3.525   0.000
  32*******   1/2-  -3/2  33    0.00    0.00    0.00    0.00   -0.00       0.00    0.00    0.00   -0.00      0.000   0.000   0.000
