1SPECTRUM OF (Z= 82 A=207) IN PARTICLE-ROTOR  MODEL WITH MODIFIED OSCILLATOR POTENTIAL


 PARITY=-   EPS= 0.323   GAMMA=  0.0   EPS4=0.000   EPS6=0.000   LEVELS:  25  26  27  28  29  30  31  32  33  34  35  36  37  38  39

 PAIRING FACTORS: GN0= 19.20  GN1=  7.40  IPAIR= 15 ***  E2PLUS(INPUT)=   0.730  E2PLUR(INPUT)=   0.000

 CORIOLIS ATTENUATION PARAMETERS:  CHSI=1.000  ETA=  1.00

 MOMENT OF INERTIA PARAMETERS:   A1=  0.122 MEV   A2=  0.122 MEV   A3=121.91922 MEV


 DELTA=0.929 MEV  LAMBDA=53.3079 MEV   HW0= 7.5053 MEV   LAMBDA/HW0= 7.1027

 E2ENERGY=0.730 MEV  HBAR**2/B=19345./A**(7/3)=3270.2/A**2 MEV

 IREC=0  =>  RECOIL TERMS j+j-, j+j+, jzjz, ETC TREATED AS ONE-BODY OPERATORS WITH UU+VV PAIRING FACTORS



 S. P. LEVEL   EQP       U     V        (UU + VV)**1.00

     25       4.160    0.112 0.994      1.000 0.999 0.998 0.978 0.966 0.951 0.906 0.901 0.731 0.537 0.307 0.304 0.286 0.278 0.252
     26       3.227    0.145 0.989      0.999 1.000 0.999 0.985 0.974 0.960 0.920 0.915 0.754 0.565 0.339 0.336 0.318 0.310 0.284
     27       2.671    0.177 0.984      0.998 0.999 1.000 0.990 0.981 0.969 0.932 0.927 0.774 0.590 0.368 0.366 0.348 0.340 0.314
     28       1.547    0.317 0.949      0.978 0.985 0.990 1.000 0.999 0.994 0.974 0.972 0.857 0.700 0.498 0.496 0.479 0.471 0.447
     29       1.365    0.366 0.931      0.966 0.974 0.981 0.999 1.000 0.999 0.985 0.983 0.883 0.737 0.543 0.540 0.524 0.517 0.493
     30       1.229    0.416 0.910      0.951 0.960 0.969 0.994 0.999 1.000 0.993 0.991 0.907 0.772 0.587 0.585 0.570 0.562 0.540
     31       1.043    0.522 0.853      0.906 0.920 0.932 0.974 0.985 0.993 1.000 1.000 0.951 0.843 0.681 0.678 0.665 0.658 0.637
     32       1.031    0.532 0.847      0.901 0.915 0.927 0.972 0.983 0.991 1.000 1.000 0.955 0.849 0.689 0.687 0.673 0.667 0.646
     33       0.940    0.760 0.650      0.731 0.754 0.774 0.857 0.883 0.907 0.951 0.955 1.000 0.968 0.874 0.872 0.863 0.858 0.844
     34       1.179    0.899 0.438      0.537 0.565 0.590 0.700 0.737 0.772 0.843 0.849 0.968 1.000 0.968 0.967 0.962 0.960 0.952
     35       2.392    0.980 0.198      0.307 0.339 0.368 0.498 0.543 0.587 0.681 0.689 0.874 0.968 1.000 1.000 1.000 1.000 0.998
     36       2.425    0.981 0.195      0.304 0.336 0.366 0.496 0.540 0.585 0.678 0.687 0.872 0.967 1.000 1.000 1.000 1.000 0.998
     37       2.668    0.984 0.177      0.286 0.318 0.348 0.479 0.524 0.570 0.665 0.673 0.863 0.962 1.000 1.000 1.000 1.000 0.999
     38       2.804    0.986 0.168      0.278 0.310 0.340 0.471 0.517 0.562 0.658 0.667 0.858 0.960 1.000 1.000 1.000 1.000 1.000
     39       3.322    0.990 0.141      0.252 0.284 0.314 0.447 0.493 0.540 0.637 0.646 0.844 0.952 0.998 0.998 0.999 1.000 1.000

  R CORE   ENERGY   A0R/A00=1.000    R3= 0     2  
   2( 1)    0.732                    1.000 0.000
   2( 2)  487.921                    0.000 1.000

  R CORE   ENERGY   A0R/A00=1.000    R3= 0     2  
   3( 1)  488.652                    0.000 1.000

  R CORE   ENERGY   A0R/A00=1.000    R3= 0     2     4  
   4( 1)    2.438                    1.000 0.000 0.000

  R CORE   ENERGY   A0R/A00=1.000    R3= 0     2     4  
   5( 1)  490.847                    0.000 1.000 0.000

  R CORE   ENERGY   A0R/A00=1.000    R3= 0     2     4     6  
   6( 1)    5.121                    1.000 0.000 0.000 0.000

  R CORE   ENERGY   A0R/A00=1.000    R3= 0     2     4     6  
   7( 1)  494.017                    0.000 1.000 0.000 0.000

          AXIAL SYMMETRY => K RESTRICTED TO OMEGA

                     K
     S.P. ORB#: 25  0.50
     S.P. ORB#: 26  2.50
     S.P. ORB#: 27 -3.50
     S.P. ORB#: 28  0.50
     S.P. ORB#: 29  0.50
     S.P. ORB#: 30 -1.50
     S.P. ORB#: 31 -1.50
     S.P. ORB#: 32 -3.50
     S.P. ORB#: 33  4.50
     S.P. ORB#: 34  2.50
     S.P. ORB#: 35 -1.50
     S.P. ORB#: 36 -3.50
     S.P. ORB#: 37  2.50
     S.P. ORB#: 38  0.50
     S.P. ORB#: 39  0.50
 

             ENERGY    K= OMEGA
 
 I=  1/2- (1)  2.589  29:-0.998
 
 I=  1/2- (2)  3.658  25:-0.071
                      39:-0.997
 
 I=  1/2- (3)  5.719  25: 0.997
                      39:-0.069
 
 I=  1/2- (4)  6.053  28:-0.449
                      38: 0.893
 
 I=  1/2- (5)  8.762  28: 0.893
                      38: 0.449

             ENERGY    K= OMEGA
 
 I=  3/2- (1)  2.443  25:-0.131
                      30:-0.971
                      35:-0.178
                      39: 0.088
 
 I=  3/2- (2)  2.539  25: 0.155
                      29: 0.859
                      30:-0.107
                      35: 0.462
                      39:-0.113

             ENERGY    K= OMEGA
 
 I=  5/2- (1)  2.489  25:-0.252
                      29: 0.450
                      30: 0.759
                      35:-0.150
                      37:-0.335
                      39: 0.152
 
 I=  5/2- (2)  3.271  26:-0.066
                      29: 0.462
                      30:-0.436
                      35:-0.765
                      37:-0.060
                      39:-0.058
 
 I=  5/2- (3)  3.405  25:-0.126
                      29: 0.433
                      30: 0.086
                      35: 0.133
                      37: 0.869
                      39: 0.126
 
 I=  5/2- (4)  4.176  29: 0.551
                      30:-0.420
                      35: 0.578
                      37:-0.357
                      39: 0.239
 
 I=  5/2- (5)  4.503  25:-0.166
                      29: 0.218
                      35: 0.182
                      39:-0.943

             ENERGY    K= OMEGA
 
 I=  7/2- (1)  1.823  26:-0.199
                      27: 0.053
                      32: 0.978
 
 I=  7/2- (2)  3.304  25: 0.169
                      29:-0.126
                      30: 0.809
                      35:-0.132
                      37: 0.523
                      39:-0.088
 
 I=  7/2- (3)  3.411  25:-0.277
                      29:-0.782
                      30:-0.177
                      35:-0.491
                      37: 0.081
                      39: 0.175
 
 I=  7/2- (4)  3.423  28: 0.722
                      31: 0.580
                      34: 0.348
                      36: 0.144
 
 I=  7/2- (5)  4.352  26: 0.146
                      27: 0.429
                      29: 0.392
                      30:-0.400
                      35:-0.358
                      37: 0.594

             ENERGY    K= OMEGA
 
 I=  9/2- (1)  1.818  26:-0.070
                      27: 0.200
                      32:-0.221
                      33:-0.952
 
 I=  9/2- (2)  2.767  26: 0.272
                      27: 0.090
                      30: 0.052
                      32: 0.930
                      33:-0.217
 
 I=  9/2- (3)  3.473  25:-0.360
                      29: 0.489
                      30: 0.679
                      32:-0.065
                      35:-0.189
                      37:-0.310
                      39: 0.184
 
 I=  9/2- (4)  4.579  28:-0.232
                      31: 0.582
                      34:-0.658
                      36: 0.418
 
 I=  9/2- (5)  5.074  25:-0.083
                      26: 0.118
                      27:-0.112
                      29:-0.289
                      30: 0.430
                      32:-0.052
                      35: 0.793
                      37: 0.198
                      39: 0.163

             ENERGY    K= OMEGA
 
 I= 11/2- (1)  2.741  28: 0.685
                      31: 0.579
                      34: 0.391
                      36: 0.199
                      38: 0.055
 
 I= 11/2- (2)  2.895  26:-0.120
                      27:-0.271
                      32: 0.307
                      33:-0.904
 
 I= 11/2- (3)  3.943  26: 0.319
                      27:-0.129
                      30:-0.062
                      32:-0.883
                      33:-0.304
                      37:-0.061
 
 I= 11/2- (4)  5.144  25:-0.358
                      29:-0.304
                      30:-0.750
                      32: 0.091
                      35:-0.087
                      37:-0.407
                      39: 0.184
 
 I= 11/2- (5)  5.244  25: 0.171
                      29: 0.717
                      30:-0.262
                      35: 0.495
                      37:-0.357
                      39:-0.112

             ENERGY    K= OMEGA
 
 I= 13/2- (1)  4.190  26:-0.164
                      27: 0.316
                      32:-0.365
                      33:-0.860
 
 I= 13/2- (2)  4.934  28:-0.222
                      31: 0.564
                      34:-0.661
                      36: 0.442
 
 I= 13/2- (3)  5.283  25:-0.311
                      26: 0.243
                      27: 0.122
                      29: 0.351
                      30: 0.486
                      32: 0.567
                      33:-0.245
                      35:-0.110
                      37:-0.235
                      39: 0.144
 
 I= 13/2- (4)  5.428  25: 0.295
                      26: 0.253
                      27: 0.110
                      29:-0.356
                      30:-0.423
                      32: 0.625
                      33:-0.271
                      35: 0.155
                      37: 0.156
                      39:-0.136
 
 I= 13/2- (5)  7.818  25:-0.145
                      26: 0.124
                      27:-0.134
                      29:-0.112
                      30: 0.317
                      32:-0.075
                      33:-0.062
                      35: 0.762
                      37: 0.423
                      39: 0.254

             ENERGY     K= 1/2
  32 LEVELS    TIME=  0.0 SEC



 ******************* EXCITATION ENERGIES, DOMINANT CONFIGURATION AND EXPECTATION VALUES (WITH S.P. UU+VV FACTORS) *******************

  NR  Eex(keV)  I   Kdom  NY    <Jz>  <Jx**2> <Jy**2> <Jz**2> <I.j>/|I|  <Rx**2> <Ry**2> <Rz**2> <R.j>/|R|  <HROTx> <HROTy> <HROTz>

   1    0.0   9/2-   9/2  33    3.78    2.54    2.54   19.47    4.30       3.25    3.25    0.00   -1.24      0.396   0.396   0.000
   2    4.7   7/2-  -7/2  32   -3.26    2.31    2.31   12.00    3.36       2.86    2.86    0.00   -1.38      0.349   0.349   0.001
   3  624.6   3/2-  -3/2  30   -1.45    4.47    4.47    2.20    1.49       4.55    4.55    0.00   -2.73      0.555   0.555   0.000
   4  671.4   5/2-  -3/2  30   -0.47    4.65    4.65    2.12    2.29       3.32    3.32    0.00   -1.81      0.405   0.405   0.000
   5  720.8   3/2-   1/2  29    0.05    3.90    3.90    0.70    1.33       3.54    3.54   -0.00   -2.22      0.432   0.432  -0.000
  
   6  770.9   1/2-   1/2  29    0.50    4.76    4.76    0.25    0.32       4.98    4.98    0.00   -3.01      0.607   0.607   0.000
   7  922.8  11/2-   1/2  28   -0.02   24.66   24.66    2.31    6.36       5.66    5.66    0.00   -4.04      0.690   0.690   0.000
   8  949.5   9/2-  -7/2  32   -2.65    2.42    2.42   12.13    2.91       6.39    6.39    0.00   -0.70      0.779   0.779   0.000
   9 1076.6  11/2-   9/2  33    3.13    2.77    2.77   18.70    3.79       7.32    7.32   -0.00   -0.41      0.893   0.893  -0.000
  10 1453.4   5/2-  -3/2  35   -1.03    2.66    2.66    1.85    0.87       5.38    5.38   -0.00   -1.40      0.656   0.656  -0.000
  
  11 1486.3   7/2-  -3/2  30   -0.30    4.00    4.00    3.27    1.80       6.38    6.38    0.00   -1.16      0.778   0.778   0.000
  12 1587.1   5/2-   5/2  37    1.96    2.51    2.51    4.83    1.81       3.95    3.95    0.00   -1.60      0.481   0.481   0.000
  13 1593.1   7/2-   1/2  29   -0.03    3.63    3.63    0.85    1.44       6.22    6.22   -0.00   -0.68      0.758   0.758  -0.000
  14 1605.2   7/2-   1/2  28   -0.01   24.23   24.23    1.90    6.19       8.49    8.49    0.00   -6.26      1.036   1.036   0.000
  15 1655.5   9/2-  -3/2  30   -0.32    4.88    4.88    1.88    2.35       6.49    6.49    0.00    0.02      0.791   0.791   0.000
  
  16 1839.9   1/2-   1/2  39    0.50    1.50    1.50    0.25    0.72       1.38    1.38    0.00   -1.58      0.168   0.168   0.000
  17 2125.4  11/2-  -7/2  32   -2.11    2.51    2.51   12.30    2.61      10.91   10.91    0.00   -0.36      1.330   1.330   0.000
  18 2358.2   5/2-  -3/2  35   -0.26    3.41    3.41    2.05   -0.09       9.07    9.07   -0.00   -2.14      1.106   1.106  -0.000
  19 2371.8  13/2-   9/2  33    2.58    2.97    2.97   18.00    3.44      12.31   12.31   -0.00    0.02      1.501   1.501  -0.000
  20 2533.9   7/2-   5/2  37   -0.06    3.45    3.45    5.27    1.31       8.77    8.77    0.00   -1.67      1.069   1.069   0.000
  
  21 2685.1   5/2-   1/2  39    0.44    1.65    1.65    0.33    0.31       5.27    5.27    0.00   -0.83      0.642   0.642   0.000
  22 2761.5   9/2-   5/2  34   -0.01   24.76   24.76    5.62    5.38      13.16   13.16    0.00   -5.53      1.604   1.604   0.000
  23 3116.2  13/2-   5/2  34   -0.04   24.75   24.75    5.85    5.38      14.50   14.50    0.00   -3.30      1.768   1.768   0.000
  24 3255.6   9/2-  -3/2  35   -1.08    2.36    2.36    2.40    0.79      11.99   11.99   -0.00   -0.65      1.462   1.462  -0.000
  25 3326.1  11/2-  -3/2  30   -0.34    4.14    4.14    2.51    1.69      13.16   13.16    0.00   -0.13      1.605   1.605   0.000
  
  26 3425.8  11/2-   1/2  29    0.13    3.54    3.54    1.68    1.42      13.78   13.78    0.00   -0.05      1.680   1.680   0.000
  27 3465.0  13/2-  -7/2  32   -0.87    3.92    3.92    6.67    2.44      14.59   14.59    0.00    0.47      1.779   1.779   0.000
  28 3610.5  13/2-  -7/2  32   -1.05    3.77    3.77    7.48    2.35      15.49   15.49    0.00    0.25      1.889   1.889   0.000
  29 3901.1   1/2-   1/2  25    0.50    6.51    6.51    0.25    0.67       6.43    6.43    0.00   -3.54      0.784   0.784   0.000
  30 4235.3   1/2-   1/2  38    0.50   12.46   12.46    0.25   -1.63      14.36   14.36    0.00   -4.96      1.751   1.751   0.000
  
  31 6000.3  13/2-  -3/2  35   -0.55    2.12    2.12    3.14    0.84      22.17   22.17   -0.00   -0.22      2.703   2.703  -0.000
  32 6943.7   1/2-   1/2  28    0.50   24.96   24.96    0.25   -3.56      28.55   28.55    0.00   -7.05      3.481   3.481   0.000
