1SPECTRUM OF (Z= 82 A=207) IN PARTICLE-ROTOR  MODEL WITH MODIFIED OSCILLATOR POTENTIAL


 PARITY=-   EPS= 0.406   GAMMA=  0.0   EPS4=0.000   EPS6=0.000   LEVELS:  25  26  27  28  29  30  31  32  33  34  35  36  37  38  39

 PAIRING FACTORS: GN0= 19.20  GN1=  7.40  IPAIR= 15 ***  E2PLUS(INPUT)=   0.730  E2PLUR(INPUT)=   0.000

 CORIOLIS ATTENUATION PARAMETERS:  CHSI=1.000  ETA=  1.00

 MOMENT OF INERTIA PARAMETERS:   A1=  0.122 MEV   A2=  0.122 MEV   A3=121.91924 MEV


 DELTA=0.843 MEV  LAMBDA=53.4843 MEV   HW0= 7.5651 MEV   LAMBDA/HW0= 7.0699

 E2ENERGY=0.730 MEV  HBAR**2/B=30564./A**(7/3)=5166.7/A**2 MEV

 IREC=0  =>  RECOIL TERMS j+j-, j+j+, jzjz, ETC TREATED AS ONE-BODY OPERATORS WITH UU+VV PAIRING FACTORS



 S. P. LEVEL   EQP       U     V        (UU + VV)**1.00

     25       3.566    0.119 0.993      1.000 1.000 0.999 0.997 0.996 0.916 0.894 0.872 0.511 0.497 0.379 0.343 0.254 0.241 0.237
     26       3.366    0.126 0.992      1.000 1.000 0.999 0.998 0.997 0.919 0.897 0.876 0.517 0.503 0.385 0.350 0.261 0.248 0.244
     27       2.645    0.161 0.987      0.999 0.999 1.000 0.999 0.999 0.932 0.913 0.892 0.547 0.534 0.418 0.383 0.296 0.282 0.278
     28       2.230    0.193 0.981      0.997 0.998 0.999 1.000 1.000 0.943 0.925 0.906 0.573 0.560 0.446 0.412 0.326 0.312 0.308
     29       2.089    0.206 0.979      0.996 0.997 0.999 1.000 1.000 0.948 0.930 0.912 0.584 0.572 0.459 0.424 0.339 0.325 0.322
     30       0.964    0.507 0.862      0.916 0.919 0.932 0.943 0.948 1.000 0.999 0.995 0.812 0.803 0.718 0.691 0.621 0.610 0.606
     31       0.916    0.551 0.835      0.894 0.897 0.913 0.925 0.930 0.999 1.000 0.999 0.841 0.833 0.753 0.727 0.660 0.650 0.647
     32       0.885    0.589 0.808      0.872 0.876 0.892 0.906 0.912 0.995 0.999 1.000 0.866 0.858 0.783 0.758 0.695 0.685 0.682
     33       1.138    0.914 0.405      0.511 0.517 0.547 0.573 0.584 0.812 0.841 0.866 1.000 1.000 0.989 0.983 0.961 0.957 0.956
     34       1.172    0.921 0.390      0.497 0.503 0.534 0.560 0.572 0.803 0.833 0.858 1.000 1.000 0.991 0.986 0.966 0.962 0.961
     35       1.644    0.964 0.266      0.379 0.385 0.418 0.446 0.459 0.718 0.753 0.783 0.989 0.991 1.000 0.999 0.991 0.989 0.989
     36       1.892    0.973 0.229      0.343 0.350 0.383 0.412 0.424 0.691 0.727 0.758 0.983 0.986 0.999 1.000 0.996 0.994 0.994
     37       3.091    0.990 0.138      0.254 0.261 0.296 0.326 0.339 0.621 0.660 0.695 0.961 0.966 0.991 0.996 1.000 1.000 1.000
     38       3.433    0.992 0.124      0.241 0.248 0.282 0.312 0.325 0.610 0.650 0.685 0.957 0.962 0.989 0.994 1.000 1.000 1.000
     39       3.549    0.993 0.120      0.237 0.244 0.278 0.308 0.322 0.606 0.647 0.682 0.956 0.961 0.989 0.994 1.000 1.000 1.000

  R CORE   ENERGY   A0R/A00=1.000    R3= 0     2  
   2( 1)    0.732                    1.000 0.000
   2( 2)  487.921                    0.000 1.000

  R CORE   ENERGY   A0R/A00=1.000    R3= 0     2  
   3( 1)  488.652                    0.000 1.000

  R CORE   ENERGY   A0R/A00=1.000    R3= 0     2     4  
   4( 1)    2.438                    1.000 0.000 0.000

  R CORE   ENERGY   A0R/A00=1.000    R3= 0     2     4  
   5( 1)  490.847                    0.000 1.000 0.000

  R CORE   ENERGY   A0R/A00=1.000    R3= 0     2     4     6  
   6( 1)    5.121                    1.000 0.000 0.000 0.000

  R CORE   ENERGY   A0R/A00=1.000    R3= 0     2     4     6  
   7( 1)  494.017                    0.000 1.000 0.000 0.000

          AXIAL SYMMETRY => K RESTRICTED TO OMEGA

                     K
     S.P. ORB#: 25 -5.50
     S.P. ORB#: 26  0.50
     S.P. ORB#: 27  2.50
     S.P. ORB#: 28 -1.50
     S.P. ORB#: 29 -3.50
     S.P. ORB#: 30  0.50
     S.P. ORB#: 31  2.50
     S.P. ORB#: 32 -1.50
     S.P. ORB#: 33  0.50
     S.P. ORB#: 34 -3.50
     S.P. ORB#: 35  4.50
     S.P. ORB#: 36 -3.50
     S.P. ORB#: 37  0.50
     S.P. ORB#: 38 -1.50
     S.P. ORB#: 39 -1.50
 

             ENERGY    K= OMEGA
 
 I=  1/2- (1)  2.286  30:-1.000
 
 I=  1/2- (2)  4.038  26:-0.201
                      33: 0.917
                      37:-0.346
 
 I=  1/2- (3)  7.073  26:-0.300
                      33: 0.278
                      37: 0.913
 
 I=  1/2- (4)  9.625  26: 0.933
                      33: 0.287
                      37: 0.219
 
 I=  1/2- (5)147.188  32:-1.000

             ENERGY    K= OMEGA
 
 I=  3/2- (1)  2.204  30: 0.479
                      32:-0.878
 
 I=  3/2- (2)  2.552  30:-0.861
                      32:-0.475
                      39:-0.180

             ENERGY    K= OMEGA
 
 I=  5/2- (1)  2.763  30: 0.457
                      32: 0.886
                      39:-0.063
 
 I=  5/2- (2)  3.322  27:-0.065
                      30: 0.838
                      32:-0.450
                      39:-0.302
 
 I=  5/2- (3)  4.088  26:-0.154
                      33: 0.809
                      37:-0.486
                      38: 0.290
 
 I=  5/2- (4)  4.428  27:-0.984
                      30:-0.081
                      32: 0.083
                      39:-0.138
 
 I=  5/2- (5)  4.958  27:-0.162
                      30: 0.288
                      32:-0.074
                      39: 0.941

             ENERGY    K= OMEGA
 
 I=  7/2- (1)  2.071  27: 0.147
                      34:-0.988
 
 I=  7/2- (2)  3.388  30:-0.709
                      32: 0.683
                      39:-0.172
 
 I=  7/2- (3)  3.978  27:-0.202
                      29:-0.764
                      30: 0.392
                      32: 0.428
                      39: 0.195
 
 I=  7/2- (4)  4.018  26: 0.067
                      28:-0.104
                      31:-0.146
                      33:-0.875
                      36:-0.059
                      37:-0.240
                      38: 0.370
 
 I=  7/2- (5)  4.034  29:-0.619
                      30:-0.484
                      32:-0.574
                      39:-0.225

             ENERGY    K= OMEGA
 
 I=  9/2- (1)  2.570  27:-0.088
                      29: 0.173
                      34:-0.374
                      35:-0.907
 
 I=  9/2- (2)  3.167  27:-0.195
                      29:-0.105
                      34:-0.901
                      35: 0.371
 
 I=  9/2- (3)  4.513  27: 0.057
                      30: 0.585
                      32: 0.789
                      39:-0.176
 
 I=  9/2- (4)  4.790  28: 0.344
                      31:-0.488
                      33:-0.575
                      36: 0.275
                      37: 0.383
                      38:-0.298
 
 I=  9/2- (5)  4.935  26: 0.236
                      28:-0.434
                      31: 0.502
                      33:-0.488
                      36:-0.293
                      37: 0.371
                      38:-0.206

             ENERGY    K= OMEGA
 
 I= 11/2- (1)  3.636  26: 0.542
                      28: 0.569
                      31: 0.482
                      33: 0.275
                      36: 0.222
                      37: 0.084
                      38:-0.134
 
 I= 11/2- (2)  3.715  27:-0.134
                      29:-0.234
                      34: 0.449
                      35:-0.851
 
 I= 11/2- (3)  4.484  25: 0.060
                      27:-0.231
                      29: 0.154
                      34: 0.850
                      35: 0.441
 
 I= 11/2- (4)  4.911  25: 0.997
                      35:-0.059
 
 I= 11/2- (5)  5.022  26:-0.295
                      28:-0.152
                      31:-0.082
                      33: 0.801
                      37: 0.283
                      38:-0.399

             ENERGY    K= OMEGA
 
 I= 13/2- (1)  5.097  27: 0.172
                      29:-0.275
                      34: 0.486
                      35: 0.810
 
 I= 13/2- (2)  5.416  26: 0.194
                      28:-0.557
                      31: 0.679
                      33: 0.140
                      36:-0.392
                      37:-0.059
                      38: 0.122
 
 I= 13/2- (3)  6.030  25:-0.088
                      27:-0.260
                      29:-0.191
                      34:-0.813
                      35: 0.474
 
 I= 13/2- (4)  6.499  25: 0.995
                      35: 0.077
 
 I= 13/2- (5)  6.553  26: 0.149
                      28:-0.125
                      31: 0.083
                      33:-0.710
                      36:-0.058
                      37: 0.553
                      38:-0.377

             ENERGY     K=-3/2
  32 LEVELS    TIME=  0.0 SEC



 ******************* EXCITATION ENERGIES, DOMINANT CONFIGURATION AND EXPECTATION VALUES (WITH S.P. UU+VV FACTORS) *******************

  NR  Eex(keV)  I   Kdom  NY    <Jz>  <Jx**2> <Jy**2> <Jz**2> <I.j>/|I|  <Rx**2> <Ry**2> <Rz**2> <R.j>/|R|  <HROTx> <HROTy> <HROTz>

   1    0.0   7/2-  -7/2  34   -3.37    2.31    2.31   12.12    3.20       3.55    3.55    0.00   -1.52      0.433   0.433   0.000
   2  132.4   3/2-  -3/2  32   -1.04    5.03    5.03    1.79    1.28       5.33    5.33   -0.00   -2.87      0.649   0.649  -0.000
   3  214.6   1/2-   1/2  30    0.50    4.99    4.99    0.25    0.08       5.42    5.42    0.00   -3.09      0.661   0.661   0.000
   4  480.7   3/2-   1/2  30   -0.02    4.83    4.83    0.77    0.44       6.24    6.24   -0.00   -2.71      0.761   0.761  -0.000
   5  499.1   9/2-   9/2  35    3.12    2.51    2.51   18.78    4.08       3.99    3.99   -0.00   -1.24      0.486   0.486  -0.000
  
   6  692.0   5/2-  -3/2  32   -1.07    5.04    5.04    1.84    0.93       7.58    7.58   -0.00   -2.35      0.924   0.924  -0.000
   7 1095.7   9/2-  -7/2  34   -2.17    2.37    2.37   13.12    2.75       7.64    7.64    0.00   -1.07      0.932   0.932   0.000
   8 1250.6   5/2-   1/2  30   -0.08    4.61    4.61    0.86    0.23       8.74    8.74   -0.00   -2.25      1.065   1.065  -0.000
   9 1316.6   7/2-   1/2  30   -0.49    5.00    5.00    1.25    0.94       9.77    9.77   -0.00   -1.70      1.191   1.191  -0.000
  10 1564.7  11/2-  -3/2  28    0.08   23.63   23.63    2.92    6.19       5.94    5.94   -0.00   -3.82      0.725   0.725  -0.000
  
  11 1644.1  11/2-   9/2  35    2.39    2.68    2.68   17.96    3.48       8.70    8.70    0.00   -0.59      1.061   1.061   0.000
  12 1906.8   7/2-  -7/2  29   -2.20    5.59    5.59    7.95    2.12       9.04    9.04    0.00   -2.52      1.102   1.102   0.000
  13 1946.6   7/2-   1/2  33    0.23   15.13   15.13    0.72    3.37       9.98    9.98    0.00   -3.94      1.216   1.216   0.000
  14 1962.3   7/2-  -7/2  29   -1.80    5.24    5.24    5.63    1.40      10.38   10.38    0.00   -2.32      1.266   1.266   0.000
  15 1966.8   1/2-   1/2  33    0.50   10.98   10.98    0.25    1.06      10.57   10.57   -0.00   -4.63      1.288   1.288  -0.000
  
  16 2016.6   5/2-   1/2  33    0.33   11.49   11.49    0.42    2.33       9.19    9.19    0.00   -3.85      1.120   1.120   0.000
  17 2357.1   5/2-   5/2  27    2.38    6.00    6.00    6.11    2.06       7.34    7.34   -0.00   -3.14      0.895   0.895  -0.000
  18 2412.5  11/2-  -7/2  34   -1.63    2.46    2.46   13.54    2.40      12.76   12.76    0.00   -0.81      1.555   1.555   0.000
  19 2442.0   9/2-  -3/2  32   -0.81    5.02    5.02    1.60    0.76      14.40   14.40   -0.00   -1.46      1.756   1.756  -0.000
  20 2718.3   9/2-   1/2  33    0.26   18.01   18.01    3.00    3.92      12.40   12.40   -0.00   -3.92      1.512   1.512  -0.000
  
  21 2839.7  11/2- -11/2  25   -5.46    2.75    2.75   30.18    5.04       5.56    5.56    0.00   -1.66      0.678   0.678   0.000
  22 2864.1   9/2-   5/2  31    0.20   17.45   17.45    3.26    3.77      12.68   12.68   -0.00   -3.85      1.546   1.546  -0.000
  23 2886.4   5/2-  -3/2  39   -1.23    2.28    2.28    2.19    0.32       6.81    6.81   -0.00   -1.57      0.831   0.831  -0.000
  24 2950.8  11/2-   1/2  33    0.14   13.60   13.60    0.68    3.17      12.89   12.89   -0.00   -1.76      1.571   1.571  -0.000
  25 3025.3  13/2-   9/2  35    1.92    2.83    2.83   17.36    3.09      14.34   14.34   -0.00   -0.27      1.748   1.748  -0.000
  
  26 3344.6  13/2-   5/2  31    0.16   23.61   23.61    5.51    5.03      15.59   15.59    0.00   -3.15      1.901   1.901   0.000
  27 3958.3  13/2-  -7/2  34   -1.31    2.55    2.55   13.76    2.14      18.86   18.86    0.00   -0.64      2.300   2.300   0.000
  28 4427.8  13/2- -11/2  25   -5.43    2.75    2.75   30.11    4.31      12.11   12.11    0.00   -1.13      1.476   1.476   0.000
  29 4482.0  13/2-   1/2  33    0.19   12.06   12.06    0.65    2.67      18.15   18.15   -0.00   -1.02      2.212   2.212  -0.000
  30 5001.7   1/2-   1/2  37    0.50   15.86   15.86    0.25   -0.56      16.85   16.85    0.00   -5.59      2.054   2.054   0.000
  
  31 7553.2   1/2-   1/2  26    0.50   22.98   22.98    0.25   -3.45      26.47   26.47   -0.00   -6.76      3.228   3.228  -0.000
  32*******   1/2-  -3/2  32    0.00    0.00    0.00    0.00    0.00       0.00    0.00    0.00   -0.00      0.000   0.000   0.000
