1SPECTRUM OF (Z= 82 A=207) IN PARTICLE-ROTOR  MODEL WITH MODIFIED OSCILLATOR POTENTIAL


 PARITY=-   EPS= 0.376   GAMMA=  0.0   EPS4=0.000   EPS6=0.000   LEVELS:  26  27  28  29  30  31  32  33  34  35  36  37  38  39  40

 PAIRING FACTORS: GN0= 19.20  GN1=  7.40  IPAIR= 15 ***  E2PLUS(INPUT)=   0.730  E2PLUR(INPUT)=   0.000

 CORIOLIS ATTENUATION PARAMETERS:  CHSI=1.000  ETA=  1.00

 MOMENT OF INERTIA PARAMETERS:   A1=  0.122 MEV   A2=  0.122 MEV   A3=121.91925 MEV


 DELTA=0.867 MEV  LAMBDA=53.4425 MEV   HW0= 7.5415 MEV   LAMBDA/HW0= 7.0865

 E2ENERGY=0.730 MEV  HBAR**2/B=26214./A**(7/3)=4431.4/A**2 MEV

 IREC=0  =>  RECOIL TERMS j+j-, j+j+, jzjz, ETC TREATED AS ONE-BODY OPERATORS WITH UU+VV PAIRING FACTORS



 S. P. LEVEL   EQP       U     V        (UU + VV)**1.00

     26       2.890    0.152 0.988      1.000 1.000 0.999 0.994 0.957 0.932 0.804 0.690 0.507 0.413 0.362 0.291 0.279 0.270 0.264
     27       2.677    0.164 0.986      1.000 1.000 1.000 0.995 0.961 0.937 0.811 0.699 0.518 0.424 0.374 0.303 0.291 0.282 0.276
     28       2.330    0.189 0.982      0.999 1.000 1.000 0.998 0.968 0.945 0.826 0.717 0.539 0.447 0.397 0.327 0.315 0.306 0.300
     29       1.739    0.258 0.966      0.994 0.995 0.998 1.000 0.983 0.966 0.864 0.764 0.597 0.509 0.461 0.393 0.381 0.372 0.367
     30       1.115    0.431 0.902      0.957 0.961 0.968 0.983 1.000 0.997 0.942 0.869 0.734 0.658 0.616 0.555 0.544 0.536 0.531
     31       1.002    0.499 0.867      0.932 0.937 0.945 0.966 0.997 1.000 0.965 0.905 0.784 0.714 0.675 0.617 0.607 0.600 0.595
     32       0.867    0.710 0.704      0.804 0.811 0.826 0.864 0.942 0.965 1.000 0.985 0.920 0.874 0.845 0.803 0.795 0.789 0.786
     33       0.924    0.820 0.572      0.690 0.699 0.717 0.764 0.869 0.905 0.985 1.000 0.974 0.944 0.925 0.893 0.888 0.883 0.880
     34       1.261    0.929 0.370      0.507 0.518 0.539 0.597 0.734 0.784 0.920 0.974 1.000 0.994 0.987 0.972 0.969 0.967 0.965
     35       1.669    0.963 0.270      0.413 0.424 0.447 0.509 0.658 0.714 0.874 0.944 0.994 1.000 0.998 0.991 0.990 0.988 0.987
     36       2.053    0.976 0.216      0.362 0.374 0.397 0.461 0.616 0.675 0.845 0.925 0.987 0.998 1.000 0.997 0.996 0.995 0.995
     37       3.083    0.990 0.142      0.291 0.303 0.327 0.393 0.555 0.617 0.803 0.893 0.972 0.991 0.997 1.000 1.000 1.000 1.000
     38       3.370    0.992 0.130      0.279 0.291 0.315 0.381 0.544 0.607 0.795 0.888 0.969 0.990 0.996 1.000 1.000 1.000 1.000
     39       3.629    0.993 0.120      0.270 0.282 0.306 0.372 0.536 0.600 0.789 0.883 0.967 0.988 0.995 1.000 1.000 1.000 1.000
     40       3.817    0.993 0.114      0.264 0.276 0.300 0.367 0.531 0.595 0.786 0.880 0.965 0.987 0.995 1.000 1.000 1.000 1.000

  R CORE   ENERGY   A0R/A00=1.000    R3= 0     2  
   2( 1)    0.732                    1.000 0.000
   2( 2)  487.921                    0.000 1.000

  R CORE   ENERGY   A0R/A00=1.000    R3= 0     2  
   3( 1)  488.652                    0.000 1.000

  R CORE   ENERGY   A0R/A00=1.000    R3= 0     2     4  
   4( 1)    2.438                    1.000 0.000 0.000

  R CORE   ENERGY   A0R/A00=1.000    R3= 0     2     4  
   5( 1)  490.847                    0.000 1.000 0.000

  R CORE   ENERGY   A0R/A00=1.000    R3= 0     2     4     6  
   6( 1)    5.121                    1.000 0.000 0.000 0.000

  R CORE   ENERGY   A0R/A00=1.000    R3= 0     2     4     6  
   7( 1)  494.017                    0.000 1.000 0.000 0.000

          AXIAL SYMMETRY => K RESTRICTED TO OMEGA

                     K
     S.P. ORB#: 26  2.50
     S.P. ORB#: 27  0.50
     S.P. ORB#: 28 -3.50
     S.P. ORB#: 29 -1.50
     S.P. ORB#: 30  0.50
     S.P. ORB#: 31 -1.50
     S.P. ORB#: 32  2.50
     S.P. ORB#: 33 -3.50
     S.P. ORB#: 34  4.50
     S.P. ORB#: 35  0.50
     S.P. ORB#: 36 -3.50
     S.P. ORB#: 37 -1.50
     S.P. ORB#: 38  2.50
     S.P. ORB#: 39  0.50
     S.P. ORB#: 40 -1.50
 

             ENERGY    K= OMEGA
 
 I=  1/2- (1)  2.406  30: 1.000
 
 I=  1/2- (2)  4.639  27:-0.196
                      35: 0.908
                      39:-0.371
 
 I=  1/2- (3)  7.467  27:-0.403
                      35: 0.270
                      39: 0.874
 
 I=  1/2- (4)  9.253  27: 0.894
                      35: 0.321
                      39: 0.313
 
 I=  1/2- (5)147.305  31:-1.000

             ENERGY    K= OMEGA
 
 I=  3/2- (1)  2.299  30:-0.444
                      31: 0.896
 
 I=  3/2- (2)  2.663  30:-0.863
                      31:-0.435
                      37:-0.256
 
 I=  3/2- (3)  3.782  30:-0.240
                      31:-0.093
                      37: 0.966
 
 I=  3/2- (4)  4.288  27: 0.313
                      29: 0.109
                      35:-0.902
                      39:-0.105
                      40: 0.256
 
 I=  3/2- (5)  5.987  27: 0.712
                      29: 0.617
                      35: 0.334

             ENERGY    K= OMEGA
 
 I=  5/2- (1)  2.752  30: 0.397
                      31: 0.874
                      37:-0.089
                      38:-0.263
 
 I=  5/2- (2)  3.380  26: 0.057
                      30:-0.824
                      31: 0.385
                      37: 0.402
                      38:-0.093
 
 I=  5/2- (3)  4.096  26:-0.112
                      30:-0.226
                      31:-0.190
                      37:-0.457
                      38:-0.831
 
 I=  5/2- (4)  4.603  26: 0.567
                      30: 0.280
                      31:-0.220
                      37: 0.603
                      38:-0.434
 
 I=  5/2- (5)  4.671  27:-0.150
                      29: 0.092
                      35: 0.782
                      39:-0.511
                      40: 0.311

             ENERGY    K= OMEGA
 
 I=  7/2- (1)  1.786  26:-0.163
                      33: 0.985
 
 I=  7/2- (2)  3.328  30: 0.555
                      31:-0.746
                      37: 0.191
                      38:-0.312
 
 I=  7/2- (3)  3.954  27:-0.645
                      29:-0.584
                      32:-0.446
                      35: 0.059
                      36:-0.198
 
 I=  7/2- (4)  4.026  26:-0.073
                      30: 0.724
                      31: 0.537
                      37: 0.365
                      38: 0.220
 
 I=  7/2- (5)  4.213  26:-0.197
                      28:-0.971
                      31: 0.052
                      38:-0.111

             ENERGY    K= OMEGA
 
 I=  9/2- (1)  2.185  26:-0.086
                      28: 0.164
                      33:-0.339
                      34:-0.922
 
 I=  9/2- (2)  2.831  26:-0.219
                      28:-0.097
                      33:-0.908
                      34: 0.337
 
 I=  9/2- (3)  4.282  30: 0.439
                      31: 0.776
                      33:-0.057
                      37:-0.210
                      38:-0.396
 
 I=  9/2- (4)  4.687  27: 0.195
                      29:-0.536
                      32: 0.691
                      35: 0.089
                      36:-0.425
                      40: 0.084
 
 I=  9/2- (5)  5.250  26:-0.144
                      28: 0.173
                      30: 0.679
                      31:-0.452
                      33: 0.055
                      37:-0.509
                      38: 0.141

             ENERGY    K= OMEGA
 
 I= 11/2- (1)  3.318  26: 0.138
                      28: 0.222
                      33:-0.432
                      34: 0.863
 
 I= 11/2- (2)  3.322  27:-0.607
                      29:-0.576
                      32:-0.460
                      35:-0.162
                      36:-0.231
                      40: 0.085
 
 I= 11/2- (3)  4.104  26:-0.256
                      28: 0.146
                      31: 0.062
                      33: 0.848
                      34: 0.430
                      38: 0.070
 
 I= 11/2- (4)  5.119  27: 0.256
                      29: 0.086
                      35:-0.823
                      39:-0.262
                      40: 0.423
 
 I= 11/2- (5)  5.279  30:-0.568
                      31: 0.672
                      33:-0.073
                      37:-0.276
                      38: 0.376

             ENERGY    K= OMEGA
 
 I= 13/2- (1)  4.679  26:-0.181
                      28: 0.261
                      33:-0.483
                      34:-0.815
 
 I= 13/2- (2)  5.164  27:-0.202
                      29: 0.542
                      32:-0.679
                      35:-0.090
                      36: 0.430
                      40:-0.105
 
 I= 13/2- (3)  5.607  26:-0.281
                      28:-0.187
                      31:-0.087
                      33:-0.800
                      34: 0.480
                      38: 0.091
 
 I= 13/2- (4)  6.754  30:-0.448
                      31:-0.713
                      33: 0.103
                      34:-0.056
                      37: 0.280
                      38: 0.444
 
 I= 13/2- (5)  7.107  27: 0.125
                      29:-0.111
                      35:-0.690
                      39: 0.583
                      40:-0.393

             ENERGY     K=-3/2
  35 LEVELS    TIME=  0.0 SEC



 ******************* EXCITATION ENERGIES, DOMINANT CONFIGURATION AND EXPECTATION VALUES (WITH S.P. UU+VV FACTORS) *******************

  NR  Eex(keV)  I   Kdom  NY    <Jz>  <Jx**2> <Jy**2> <Jz**2> <I.j>/|I|  <Rx**2> <Ry**2> <Rz**2> <R.j>/|R|  <HROTx> <HROTy> <HROTz>

   1    0.0   7/2-  -7/2  33   -3.33    2.31    2.31   12.08    3.26       3.30    3.30    0.00   -1.47      0.402   0.402   0.000
   2  399.3   9/2-   9/2  34    3.35    2.50    2.50   19.01    4.14       3.78    3.78   -0.00   -1.24      0.461   0.461  -0.000
   3  513.4   3/2-  -3/2  31   -1.11    4.92    4.92    1.86    1.29       5.22    5.22   -0.00   -2.84      0.637   0.637  -0.000
   4  620.5   1/2-   1/2  30    0.50    4.89    4.89    0.25    0.10       5.30    5.30    0.00   -3.05      0.646   0.646   0.000
   5  877.5   3/2-   1/2  30   -0.01    4.60    4.60    0.76    0.49       5.91    5.91   -0.00   -2.62      0.720   0.720  -0.000
  
   6  966.6   5/2-  -3/2  31   -0.90    4.72    4.72    2.22    1.30       6.35    6.35   -0.00   -2.19      0.775   0.775  -0.000
   7 1045.5   9/2-  -7/2  33   -2.28    2.37    2.37   12.84    2.81       7.20    7.20    0.00   -0.95      0.878   0.878   0.000
   8 1532.2  11/2-   9/2  34    2.57    2.67    2.67   18.09    3.55       8.35    8.35   -0.00   -0.54      1.018   1.018  -0.000
   9 1536.6  11/2-   1/2  27    0.03   23.88   23.88    2.84    6.27       5.70    5.70    0.00   -3.89      0.695   0.695   0.000
  10 1542.3   7/2-  -3/2  31   -0.50    4.60    4.60    2.04    1.35       8.14    8.14   -0.00   -1.46      0.992   0.992  -0.000
  
  11 1593.9   5/2-   1/2  30   -0.09    4.25    4.25    0.94    0.39       7.95    7.95    0.00   -2.08      0.969   0.969   0.000
  12 1995.7   3/2-  -3/2  37   -1.38    2.08    2.08    2.13    0.84       3.40    3.40   -0.00   -1.79      0.415   0.415  -0.000
  13 2168.1   7/2-   1/2  27    0.06   22.54   22.54    2.60    5.94       8.13    8.13    0.00   -5.97      0.992   0.992   0.000
  14 2240.4   7/2-   1/2  30   -0.24    4.19    4.19    1.43    0.57      10.51   10.51    0.00   -1.64      1.282   1.282   0.000
  15 2310.5   5/2-   5/2  38    1.42    2.07    2.07    4.96    1.64       4.07    4.07   -0.00   -1.49      0.496   0.496  -0.000
  
  16 2318.5  11/2-  -7/2  33   -1.59    2.46    2.46   13.27    2.49      12.09   12.09    0.00   -0.67      1.474   1.474   0.000
  17 2427.4   7/2-  -7/2  28   -3.18    6.15    6.15   11.87    3.12       7.60    7.60    0.00   -3.03      0.927   0.927   0.000
  18 2496.4   9/2-  -3/2  31   -0.49    4.40    4.40    2.54    1.32      11.46   11.46   -0.00   -0.99      1.397   1.397  -0.000
  19 2501.8   3/2-   1/2  35    0.35   12.81   12.81    0.40    2.70       9.66    9.66    0.00   -4.73      1.178   1.178   0.000
  20 2817.4   5/2-  -3/2  37    0.70    3.68    3.68    4.13    0.95       7.31    7.31    0.00   -2.27      0.891   0.891   0.000
  
  21 2852.9   1/2-   1/2  35    0.50   11.21   11.21    0.25    0.92      10.91   10.91    0.00   -4.68      1.330   1.330   0.000
  22 2885.6   5/2-   1/2  35    0.29   11.65   11.65    0.46    2.36       9.27    9.27    0.00   -3.90      1.130   1.130   0.000
  23 2892.9  13/2-   9/2  34    2.02    2.83    2.83   17.36    3.16      13.82   13.82    0.00   -0.18      1.685   1.685   0.000
  24 2900.8   9/2-   5/2  32    0.14   24.10   24.10    5.87    5.24      13.35   13.35    0.00   -5.42      1.627   1.627   0.000
  25 3332.8  11/2-   1/2  35    0.13   13.98   13.98    0.64    3.42      11.75   11.75    0.00   -1.69      1.432   1.432   0.000
  
  26 3378.2  13/2-   5/2  32    0.07   24.13   24.13    5.85    5.19      15.21   15.21    0.00   -3.24      1.854   1.854   0.000
  27 3464.4   9/2-   1/2  30   -0.47    3.90    3.90    1.84    0.55      14.48   14.48   -0.00   -1.29      1.765   1.765  -0.000
  28 3493.3  11/2-  -3/2  31   -0.29    4.36    4.36    2.25    1.34      15.36   15.36    0.00   -0.54      1.873   1.873   0.000
  29 3821.2  13/2-  -7/2  33   -1.11    2.55    2.55   13.49    2.25      17.96   17.96    0.00   -0.48      2.190   2.190   0.000
  30 4201.1   3/2-   1/2  27   -0.26   23.16   23.16    1.01    5.19      15.49   15.49    0.00   -6.70      1.888   1.888   0.000
  
  31 4968.7  13/2-  -3/2  31   -0.31    4.17    4.17    2.81    1.30      20.91   20.91   -0.00   -0.33      2.549   2.549  -0.000
  32 5321.2  13/2-   1/2  35    0.17   12.09   12.09    0.60    2.67      18.15   18.15    0.00   -1.02      2.212   2.212   0.000
  33 5681.4   1/2-   1/2  39    0.50   15.95   15.95    0.25   -0.60      16.96   16.96   -0.00   -5.61      2.068   2.068  -0.000
  34 7467.1   1/2-   1/2  27    0.50   23.56   23.56    0.25   -3.40      27.01   27.01   -0.00   -6.85      3.293   3.293  -0.000
  35*******   1/2-  -3/2  31    0.00    0.00    0.00    0.00    0.00       0.00    0.00    0.00   -0.00      0.000   0.000   0.000
  
