1SPECTRUM OF (Z= 82 A=207) IN PARTICLE-ROTOR  MODEL WITH MODIFIED OSCILLATOR POTENTIAL


 PARITY=-   EPS= 0.438   GAMMA=  0.0   EPS4=0.000   EPS6=0.000   LEVELS:  25  26  27  28  29  30  31  32  33  34  35  36  37  38  39

 PAIRING FACTORS: GN0= 19.20  GN1=  7.40  IPAIR= 15 ***  E2PLUS(INPUT)=   0.730  E2PLUR(INPUT)=   0.000

 CORIOLIS ATTENUATION PARAMETERS:  CHSI=1.000  ETA=  1.00

 MOMENT OF INERTIA PARAMETERS:   A1=  0.122 MEV   A2=  0.122 MEV   A3=121.91923 MEV


 DELTA=0.853 MEV  LAMBDA=53.4812 MEV   HW0= 7.5928 MEV   LAMBDA/HW0= 7.0437

 E2ENERGY=0.730 MEV  HBAR**2/B=35572./A**(7/3)=6013.3/A**2 MEV

 IREC=0  =>  RECOIL TERMS j+j-, j+j+, jzjz, ETC TREATED AS ONE-BODY OPERATORS WITH UU+VV PAIRING FACTORS



 S. P. LEVEL   EQP       U     V        (UU + VV)**1.00

     25       4.092    0.105 0.995      1.000 0.999 0.999 0.997 0.990 0.944 0.829 0.759 0.736 0.368 0.345 0.301 0.268 0.243 0.207
     26       2.983    0.144 0.990      0.999 1.000 1.000 0.999 0.995 0.956 0.851 0.785 0.762 0.404 0.383 0.339 0.306 0.281 0.246
     27       2.749    0.157 0.988      0.999 1.000 1.000 1.000 0.996 0.960 0.858 0.793 0.770 0.416 0.394 0.351 0.318 0.294 0.259
     28       2.335    0.186 0.983      0.997 0.999 1.000 1.000 0.998 0.968 0.872 0.810 0.789 0.442 0.421 0.378 0.346 0.321 0.287
     29       1.793    0.245 0.969      0.990 0.995 0.996 0.998 1.000 0.981 0.900 0.844 0.825 0.496 0.476 0.434 0.402 0.378 0.345
     30       1.102    0.428 0.904      0.944 0.956 0.960 0.968 0.981 1.000 0.967 0.932 0.918 0.655 0.637 0.599 0.572 0.550 0.519
     31       0.866    0.643 0.766      0.829 0.851 0.858 0.872 0.900 0.967 1.000 0.993 0.989 0.824 0.811 0.782 0.761 0.743 0.719
     32       0.854    0.727 0.687      0.759 0.785 0.793 0.810 0.844 0.932 0.993 1.000 0.999 0.884 0.873 0.849 0.830 0.816 0.794
     33       0.859    0.751 0.661      0.736 0.762 0.770 0.789 0.825 0.918 0.989 0.999 1.000 0.900 0.890 0.867 0.850 0.836 0.815
     34       1.650    0.963 0.268      0.368 0.404 0.416 0.442 0.496 0.655 0.824 0.884 0.900 1.000 1.000 0.997 0.994 0.991 0.986
     35       1.792    0.969 0.245      0.345 0.383 0.394 0.421 0.476 0.637 0.811 0.873 0.890 1.000 1.000 0.999 0.997 0.994 0.990
     36       2.183    0.980 0.199      0.301 0.339 0.351 0.378 0.434 0.599 0.782 0.849 0.867 0.997 0.999 1.000 0.999 0.998 0.995
     37       2.611    0.986 0.166      0.268 0.306 0.318 0.346 0.402 0.572 0.761 0.830 0.850 0.994 0.997 0.999 1.000 1.000 0.998
     38       3.078    0.990 0.140      0.243 0.281 0.294 0.321 0.378 0.550 0.743 0.816 0.836 0.991 0.994 0.998 1.000 1.000 0.999
     39       4.128    0.995 0.104      0.207 0.246 0.259 0.287 0.345 0.519 0.719 0.794 0.815 0.986 0.990 0.995 0.998 0.999 1.000

  R CORE   ENERGY   A0R/A00=1.000    R3= 0     2  
   2( 1)    0.732                    1.000 0.000
   2( 2)  487.921                    0.000 1.000

  R CORE   ENERGY   A0R/A00=1.000    R3= 0     2  
   3( 1)  488.652                    0.000 1.000

  R CORE   ENERGY   A0R/A00=1.000    R3= 0     2     4  
   4( 1)    2.438                    1.000 0.000 0.000

  R CORE   ENERGY   A0R/A00=1.000    R3= 0     2     4  
   5( 1)  490.847                    0.000 1.000 0.000

  R CORE   ENERGY   A0R/A00=1.000    R3= 0     2     4     6  
   6( 1)    5.121                    1.000 0.000 0.000 0.000

  R CORE   ENERGY   A0R/A00=1.000    R3= 0     2     4     6  
   7( 1)  494.017                    0.000 1.000 0.000 0.000

          AXIAL SYMMETRY => K RESTRICTED TO OMEGA

                     K
     S.P. ORB#: 25  0.50
     S.P. ORB#: 26 -5.50
     S.P. ORB#: 27 -1.50
     S.P. ORB#: 28  2.50
     S.P. ORB#: 29 -3.50
     S.P. ORB#: 30  2.50
     S.P. ORB#: 31  0.50
     S.P. ORB#: 32 -1.50
     S.P. ORB#: 33  0.50
     S.P. ORB#: 34 -3.50
     S.P. ORB#: 35 -3.50
     S.P. ORB#: 36  4.50
     S.P. ORB#: 37  0.50
     S.P. ORB#: 38 -1.50
     S.P. ORB#: 39 -1.50
 

             ENERGY    K= OMEGA
 
 I=  1/2- (1)  2.217  31:-1.000
 
 I=  1/2- (2)  3.608  25:-0.255
                      33: 0.922
                      37:-0.292
 
 I=  1/2- (3)  6.621  25:-0.248
                      33: 0.230
                      37: 0.941
 
 I=  1/2- (4) 10.239  25: 0.935
                      33: 0.312
                      37: 0.170
 
 I=  1/2- (5)147.157  32: 1.000

             ENERGY    K= OMEGA
 
 I=  3/2- (1)  2.182  31:-0.564
                      32: 0.824
 
 I=  3/2- (2)  2.488  31: 0.813
                      32: 0.564
                      39: 0.148

             ENERGY    K= OMEGA
 
 I=  5/2- (1)  2.751  28:-0.053
                      31:-0.491
                      32:-0.867
                      39: 0.069
 
 I=  5/2- (2)  3.271  28: 0.082
                      31:-0.833
                      32: 0.487
                      39: 0.250
 
 I=  5/2- (3)  3.795  25:-0.208
                      33: 0.833
                      37:-0.438
                      38:-0.264
 
 I=  5/2- (4)  4.135  28: 0.993
                      31: 0.060
                      32:-0.091
 
 I=  5/2- (5)  5.533  28: 0.067
                      31:-0.248
                      32: 0.059
                      39:-0.965

             ENERGY    K= OMEGA
 
 I=  7/2- (1)  2.558  28: 0.161
                      34:-0.986
 
 I=  7/2- (2)  3.337  31:-0.760
                      32: 0.624
                      39:-0.178
 
 I=  7/2- (3)  3.712  28: 0.184
                      29: 0.977
                      31:-0.079
                      32:-0.062
 
 I=  7/2- (4)  3.964  28:-0.103
                      29: 0.123
                      31: 0.575
                      32: 0.766
                      39: 0.236
 
 I=  7/2- (5)  4.061  25: 0.057
                      27:-0.158
                      30:-0.169
                      33:-0.871
                      35:-0.062
                      37:-0.252
                      38:-0.341

             ENERGY    K= OMEGA
 
 I=  9/2- (1)  3.083  28:-0.103
                      29: 0.240
                      34:-0.370
                      36:-0.892
 
 I=  9/2- (2)  3.657  28: 0.208
                      29: 0.144
                      34: 0.898
                      36:-0.358
 
 I=  9/2- (3)  4.494  28:-0.063
                      29: 0.051
                      31:-0.614
                      32:-0.764
                      39: 0.178
 
 I=  9/2- (4)  4.694  25: 0.147
                      27: 0.070
                      30:-0.135
                      33:-0.775
                      35: 0.067
                      37: 0.484
                      38: 0.341
 
 I=  9/2- (5)  4.889  28: 0.264
                      29:-0.913
                      31:-0.133
                      36:-0.267
                      39: 0.077

             ENERGY    K= OMEGA
 
 I= 11/2- (1)  3.962  25: 0.473
                      27: 0.557
                      30: 0.480
                      33: 0.386
                      35: 0.207
                      37: 0.123
                      38: 0.167
 
 I= 11/2- (2)  4.197  26: 0.342
                      28: 0.137
                      29: 0.292
                      34:-0.393
                      36: 0.790
 
 I= 11/2- (3)  4.339  26:-0.939
                      28: 0.061
                      29: 0.108
                      34:-0.174
                      36: 0.269
 
 I= 11/2- (4)  4.975  28:-0.245
                      29: 0.204
                      32: 0.052
                      34: 0.854
                      36: 0.407
 
 I= 11/2- (5)  5.402  31: 0.805
                      32:-0.525
                      39: 0.272

             ENERGY    K= OMEGA
 
 I= 13/2- (1)  5.575  26:-0.190
                      28: 0.179
                      29:-0.349
                      34: 0.438
                      36: 0.786
 
 I= 13/2- (2)  5.768  25: 0.167
                      27:-0.559
                      30: 0.674
                      33: 0.208
                      35:-0.366
                      37:-0.093
                      38:-0.142
 
 I= 13/2- (3)  5.919  26: 0.980
                      28: 0.054
                      29:-0.068
                      34: 0.132
                      36: 0.121
 
 I= 13/2- (4)  6.523  26:-0.056
                      28: 0.275
                      29: 0.244
                      32: 0.066
                      34: 0.821
                      36:-0.428
 
 I= 13/2- (5)  6.556  25:-0.211
                      27: 0.154
                      30:-0.140
                      33: 0.720
                      35: 0.087
                      37:-0.513
                      38:-0.351

             ENERGY     K=-3/2
  32 LEVELS    TIME=  0.0 SEC



 ******************* EXCITATION ENERGIES, DOMINANT CONFIGURATION AND EXPECTATION VALUES (WITH S.P. UU+VV FACTORS) *******************

  NR  Eex(keV)  I   Kdom  NY    <Jz>  <Jx**2> <Jy**2> <Jz**2> <I.j>/|I|  <Rx**2> <Ry**2> <Rz**2> <R.j>/|R|  <HROTx> <HROTy> <HROTz>

   1    0.0   3/2-  -3/2  32   -0.86    5.14    5.14    1.61    1.24       5.41    5.41   -0.00   -2.88      0.659   0.659  -0.000
   2   35.0   1/2-   1/2  31    0.50    5.10    5.10    0.25    0.06       5.54    5.54    0.00   -3.12      0.676   0.676   0.000
   3  305.4   3/2-   1/2  31   -0.18    4.97    4.97    0.93    0.48       6.38    6.38   -0.00   -2.78      0.777   0.777  -0.000
   4  375.9   7/2-  -7/2  34   -3.34    2.34    2.34   12.09    3.18       3.65    3.65   -0.00   -1.54      0.445   0.445  -0.000
   5  568.8   5/2-  -3/2  32   -1.01    5.15    5.15    1.78    0.92       7.69    7.69   -0.00   -2.39      0.937   0.937  -0.000
  
   6  900.9   9/2-   9/2  36    2.93    2.65    2.65   18.55    4.06       4.08    4.08    0.00   -1.27      0.497   0.497   0.001
   7 1088.9   5/2-   1/2  31   -0.08    4.81    4.81    0.89    0.21       9.00    9.00   -0.00   -2.33      1.098   1.098  -0.000
   8 1154.6   7/2-   1/2  31   -0.34    5.10    5.10    1.11    0.96       9.72    9.72   -0.00   -1.70      1.185   1.185  -0.000
   9 1425.9   1/2-   1/2  33    0.50   10.19   10.19    0.25    1.02       9.80    9.80   -0.00   -4.46      1.195   1.195  -0.000
  10 1475.0   9/2-  -7/2  34   -2.21    2.43    2.43   13.00    2.71       7.82    7.82    0.00   -1.11      0.953   0.953   0.000
  
  11 1529.8   7/2-  -7/2  29   -3.26    6.27    6.27   11.92    3.09       7.82    7.82   -0.00   -3.08      0.954   0.954  -0.000
  12 1612.2   5/2-   1/2  33    0.36   10.89   10.89    0.39    2.03       9.44    9.44    0.00   -3.72      1.151   1.151   0.000
  13 1779.4  11/2-  -3/2  27    0.11   23.61   23.61    2.83    6.07       6.59    6.59    0.00   -3.78      0.803   0.803   0.000
  14 1781.9   7/2-  -3/2  32   -0.83    4.81    4.81    1.80    0.43      11.86   11.86   -0.00   -1.99      1.446   1.446  -0.000
  15 1878.9   7/2-   1/2  33    0.26   15.18   15.18    0.75    3.05      11.34   11.34    0.00   -3.99      1.382   1.382   0.000
  
  16 1952.6   5/2-   5/2  28    2.45    6.10    6.10    6.19    2.07       7.44    7.44    0.00   -3.18      0.907   0.907   0.000
  17 2014.9  11/2-   9/2  36    1.38    2.85    2.85   19.23    3.68       8.34    8.34    0.00   -0.72      1.017   1.017   0.000
  18 2157.0  11/2- -11/2  26   -4.66    2.77    2.77   28.68    4.84       6.03    6.03    0.00   -1.52      0.736   0.736   0.000
  19 2311.2   9/2-  -3/2  32   -0.74    5.12    5.12    1.56    0.77      14.44   14.44   -0.00   -1.48      1.761   1.761  -0.000
  20 2511.5   9/2-   1/2  33    0.28   12.05   12.05    0.65    2.44      12.62   12.62    0.00   -2.51      1.539   1.539   0.000
  
  21 2706.9   9/2-  -7/2  29   -2.43    5.93    5.93   12.12    2.40      12.45   12.45   -0.00   -2.42      1.517   1.517  -0.000
  22 2792.5  11/2-  -7/2  34   -1.81    2.56    2.56   13.21    2.33      13.08   13.08    0.00   -0.85      1.595   1.595   0.000
  23 3219.3  11/2-   1/2  31   -0.20    4.98    4.98    0.97    0.96      17.62   17.62   -0.00   -0.88      2.148   2.148  -0.000
  24 3351.1   5/2-  -3/2  39   -1.36    2.14    2.14    2.15    0.31       6.66    6.66   -0.00   -1.51      0.813   0.813  -0.000
  25 3392.5  13/2-   9/2  36    1.56    3.04    3.04   17.64    3.13      14.39   14.39    0.00   -0.35      1.754   1.754   0.000
  
  26 3585.2  13/2-   5/2  30    0.21   23.07   23.07    5.25    4.86      16.13   16.13    0.00   -3.07      1.967   1.967   0.000
  27 3736.3  13/2- -11/2  26   -5.29    2.77    2.77   29.64    4.26      12.21   12.21    0.00   -1.10      1.489   1.489   0.000
  28 4340.4  13/2-  -7/2  34   -1.58    2.68    2.68   13.27    2.06      19.33   19.33    0.00   -0.69      2.356   2.356   0.000
  29 4373.8  13/2-   1/2  33    0.21   11.79   11.79    0.75    2.44      19.53   19.53    0.00   -1.17      2.382   2.382   0.000
  30 4438.4   1/2-   1/2  37    0.50   15.66   15.66    0.25   -0.34      16.45   16.45    0.00   -5.55      2.006   2.006   0.000
  
  31 8056.7   1/2-   1/2  25    0.50   23.13   23.13    0.25   -3.52      26.67   26.67   -0.00   -6.78      3.252   3.252  -0.000
  32*******   1/2-  -3/2  32    0.00    0.00    0.00    0.00    0.00       0.00    0.00    0.00   -0.00      0.000   0.000   0.000
