1SPECTRUM OF (Z= 82 A=207) IN PARTICLE-ROTOR  MODEL WITH MODIFIED OSCILLATOR POTENTIAL


 PARITY=-   EPS= 0.248   GAMMA=  0.0   EPS4=0.000   EPS6=0.000   LEVELS:  24  25  26  27  28  29  30  31  32  33  34  35  36  37  38

 PAIRING FACTORS: GN0= 19.20  GN1=  7.40  IPAIR= 15 ***  E2PLUS(INPUT)=   0.730  E2PLUR(INPUT)=   0.000

 CORIOLIS ATTENUATION PARAMETERS:  CHSI=1.000  ETA=  1.00

 MOMENT OF INERTIA PARAMETERS:   A1=  0.122 MEV   A2=  0.122 MEV   A3=121.91924 MEV


 DELTA=0.937 MEV  LAMBDA=53.4105 MEV   HW0= 7.4651 MEV   LAMBDA/HW0= 7.1547

 E2ENERGY=0.730 MEV  HBAR**2/B=11404./A**(7/3)=1927.8/A**2 MEV

 IREC=0  =>  RECOIL TERMS j+j-, j+j+, jzjz, ETC TREATED AS ONE-BODY OPERATORS WITH UU+VV PAIRING FACTORS



 S. P. LEVEL   EQP       U     V        (UU + VV)**1.00

     24       5.152    0.091 0.996      1.000 1.000 1.000 0.999 0.988 0.985 0.980 0.969 0.705 0.544 0.465 0.404 0.369 0.312 0.266
     25       4.135    0.114 0.993      1.000 1.000 1.000 1.000 0.991 0.989 0.984 0.974 0.721 0.563 0.485 0.425 0.390 0.333 0.288
     26       3.877    0.122 0.993      1.000 1.000 1.000 1.000 0.992 0.990 0.986 0.976 0.727 0.569 0.492 0.432 0.397 0.341 0.295
     27       3.331    0.142 0.990      0.999 1.000 1.000 1.000 0.994 0.993 0.989 0.980 0.741 0.586 0.509 0.451 0.416 0.360 0.315
     28       1.970    0.245 0.969      0.988 0.991 0.992 0.994 1.000 1.000 0.999 0.996 0.807 0.668 0.597 0.542 0.509 0.456 0.413
     29       1.862    0.261 0.965      0.985 0.989 0.990 0.993 1.000 1.000 1.000 0.997 0.817 0.680 0.610 0.555 0.523 0.470 0.427
     30       1.701    0.288 0.958      0.980 0.984 0.986 0.989 0.999 1.000 1.000 0.999 0.832 0.700 0.632 0.578 0.546 0.495 0.452
     31       1.481    0.336 0.942      0.969 0.974 0.976 0.980 0.996 0.997 0.999 1.000 0.860 0.736 0.670 0.619 0.588 0.538 0.497
     32       0.954    0.770 0.638      0.705 0.721 0.727 0.741 0.807 0.817 0.832 0.860 1.000 0.978 0.955 0.933 0.919 0.893 0.871
     33       1.138    0.885 0.465      0.544 0.563 0.569 0.586 0.668 0.680 0.700 0.736 0.978 1.000 0.996 0.987 0.981 0.967 0.954
     34       1.328    0.924 0.382      0.465 0.485 0.492 0.509 0.597 0.610 0.632 0.670 0.955 0.996 1.000 0.998 0.994 0.986 0.977
     35       1.550    0.948 0.319      0.404 0.425 0.432 0.451 0.542 0.555 0.578 0.619 0.933 0.987 0.998 1.000 0.999 0.995 0.989
     36       1.731    0.959 0.282      0.369 0.390 0.397 0.416 0.509 0.523 0.546 0.588 0.919 0.981 0.994 0.999 1.000 0.998 0.994
     37       2.149    0.975 0.224      0.312 0.333 0.341 0.360 0.456 0.470 0.495 0.538 0.893 0.967 0.986 0.995 0.998 1.000 0.999
     38       2.694    0.984 0.177      0.266 0.288 0.295 0.315 0.413 0.427 0.452 0.497 0.871 0.954 0.977 0.989 0.994 0.999 1.000

  R CORE   ENERGY   A0R/A00=1.000    R3= 0     2  
   2( 1)    0.732                    1.000 0.000
   2( 2)  487.921                    0.000 1.000

  R CORE   ENERGY   A0R/A00=1.000    R3= 0     2  
   3( 1)  488.652                    0.000 1.000

  R CORE   ENERGY   A0R/A00=1.000    R3= 0     2     4  
   4( 1)    2.438                    1.000 0.000 0.000

  R CORE   ENERGY   A0R/A00=1.000    R3= 0     2     4  
   5( 1)  490.847                    0.000 1.000 0.000

  R CORE   ENERGY   A0R/A00=1.000    R3= 0     2     4     6  
   6( 1)    5.121                    1.000 0.000 0.000 0.000

  R CORE   ENERGY   A0R/A00=1.000    R3= 0     2     4     6  
   7( 1)  494.017                    0.000 1.000 0.000 0.000

          AXIAL SYMMETRY => K RESTRICTED TO OMEGA

                     K
     S.P. ORB#: 24  2.50
     S.P. ORB#: 25  0.50
     S.P. ORB#: 26  2.50
     S.P. ORB#: 27 -3.50
     S.P. ORB#: 28 -3.50
     S.P. ORB#: 29  0.50
     S.P. ORB#: 30 -1.50
     S.P. ORB#: 31  4.50
     S.P. ORB#: 32  0.50
     S.P. ORB#: 33 -1.50
     S.P. ORB#: 34 -1.50
     S.P. ORB#: 35  2.50
     S.P. ORB#: 36  2.50
     S.P. ORB#: 37  0.50
     S.P. ORB#: 38 -3.50
 

             ENERGY    K= OMEGA
 
 I=  1/2- (1)  2.441  25:-0.054
                      37:-0.997
 
 I=  1/2- (2)  2.991  29: 0.998
 
 I=  1/2- (3)  5.502  25: 0.998
                      37:-0.056
 
 I=  1/2- (4)  8.402  32: 1.000
 
 I=  1/2- (5)147.441  33: 1.000

             ENERGY    K= OMEGA
 
 I=  3/2- (1)  1.840  25: 0.053
                      29: 0.212
                      30: 0.113
                      34: 0.967
                      37:-0.070
 
 I=  3/2- (2)  2.807  25: 0.115
                      29:-0.076
                      30: 0.928
                      34:-0.121
                      37:-0.325

             ENERGY    K= OMEGA
 
 I=  5/2- (1)  2.016  25: 0.078
                      29:-0.184
                      30:-0.241
                      34: 0.479
                      35: 0.818
                      37:-0.054
 
 I=  5/2- (2)  2.505  29: 0.182
                      30:-0.248
                      34:-0.833
                      35: 0.449
                      37:-0.089
 
 I=  5/2- (3)  2.877  24: 0.060
                      25:-0.207
                      29: 0.405
                      30: 0.577
                      35: 0.311
                      37: 0.600
 
 I=  5/2- (4)  3.385  24:-0.052
                      25: 0.257
                      29:-0.229
                      30:-0.486
                      34:-0.054
                      35:-0.135
                      37: 0.788
 
 I=  5/2- (5)  4.283  24: 0.063
                      25: 0.077
                      29:-0.814
                      30: 0.491
                      34:-0.267
                      35: 0.112

             ENERGY    K= OMEGA
 
 I=  7/2- (1)  2.658  27: 0.072
                      28: 0.275
                      29:-0.205
                      30: 0.260
                      34:-0.499
                      35: 0.747
 
 I=  7/2- (2)  2.703  26:-0.228
                      27: 0.079
                      28: 0.915
                      29: 0.106
                      34: 0.257
                      35:-0.154
 
 I=  7/2- (3)  3.141  25:-0.217
                      28: 0.160
                      29:-0.380
                      30:-0.408
                      34:-0.623
                      35:-0.436
                      37: 0.190
 
 I=  7/2- (4)  3.253  32: 0.740
                      33: 0.570
                      36: 0.333
                      38: 0.131
 
 I=  7/2- (5)  4.159  24:-0.158
                      25: 0.156
                      27: 0.116
                      29:-0.225
                      30: 0.770
                      34:-0.186
                      35:-0.460
                      37:-0.217

             ENERGY    K= OMEGA
 
 I=  9/2- (1)  2.241  24: 0.065
                      26:-0.062
                      27: 0.267
                      28:-0.163
                      31:-0.944
 
 I=  9/2- (2)  3.256  24: 0.066
                      25:-0.256
                      27: 0.066
                      28: 0.118
                      29: 0.367
                      30: 0.493
                      34:-0.399
                      35:-0.586
                      37: 0.170
 
 I=  9/2- (3)  3.582  24: 0.071
                      26: 0.311
                      27: 0.130
                      28: 0.907
                      29:-0.070
                      31:-0.140
                      34: 0.182
 
 I=  9/2- (4)  4.282  24:-0.089
                      25: 0.229
                      28: 0.137
                      29:-0.129
                      30:-0.483
                      34:-0.651
                      35:-0.254
                      37:-0.424
 
 I=  9/2- (5)  4.506  25:-0.137
                      28: 0.108
                      29: 0.432
                      34:-0.489
                      35: 0.707
                      37: 0.201

             ENERGY    K= OMEGA
 
 I= 11/2- (1)  2.295  32: 0.697
                      33: 0.574
                      36: 0.387
                      38: 0.187
 
 I= 11/2- (2)  3.178  24: 0.112
                      26:-0.099
                      27:-0.369
                      28: 0.212
                      31:-0.890
 
 I= 11/2- (3)  4.582  24:-0.110
                      25: 0.058
                      26:-0.160
                      27: 0.139
                      28: 0.463
                      29:-0.185
                      30: 0.395
                      34:-0.360
                      35: 0.637
 
 I= 11/2- (4)  4.662  24:-0.079
                      25: 0.092
                      26:-0.310
                      27: 0.121
                      28: 0.686
                      29: 0.280
                      31: 0.167
                      34: 0.471
                      35:-0.264
                      37:-0.070
 
 I= 11/2- (5)  5.112  24: 0.061
                      25:-0.327
                      26:-0.098
                      28: 0.342
                      29:-0.445
                      30:-0.472
                      31: 0.128
                      34:-0.428
                      35:-0.305
                      37: 0.224

             ENERGY    K= OMEGA
 
 I= 13/2- (1)  4.305  24: 0.159
                      26:-0.126
                      27: 0.438
                      28:-0.231
                      29: 0.051
                      30: 0.098
                      31:-0.831
                      35:-0.080
 
 I= 13/2- (2)  4.584  32:-0.236
                      33: 0.590
                      36:-0.651
                      38: 0.416
 
 I= 13/2- (3)  5.215  24:-0.088
                      25: 0.368
                      26:-0.051
                      28:-0.140
                      29:-0.433
                      30:-0.558
                      31:-0.157
                      34: 0.302
                      35: 0.421
                      37:-0.205
 
 I= 13/2- (4)  6.002  24:-0.128
                      26:-0.395
                      27:-0.198
                      28:-0.834
                      29: 0.103
                      31: 0.184
                      34:-0.215
 
 I= 13/2- (5)  6.897  24:-0.073
                      25: 0.234
                      28: 0.150
                      29:-0.122
                      30:-0.327
                      34:-0.618
                      35:-0.497
                      37:-0.407

             ENERGY     K=-7/2
  32 LEVELS    TIME=  0.0 SEC



 ******************* EXCITATION ENERGIES, DOMINANT CONFIGURATION AND EXPECTATION VALUES (WITH S.P. UU+VV FACTORS) *******************

  NR  Eex(keV)  I   Kdom  NY    <Jz>  <Jx**2> <Jy**2> <Jz**2> <I.j>/|I|  <Rx**2> <Ry**2> <Rz**2> <R.j>/|R|  <HROTx> <HROTy> <HROTz>

   1    0.0   3/2-  -3/2  34   -1.39    1.70    1.70    2.14    1.40       1.93    1.93    0.00   -1.44      0.236   0.236   0.000
   2  175.4   5/2-   5/2  35    1.26    2.08    2.08    4.84    2.34       1.97    1.97    0.00   -1.06      0.240   0.240   0.000
   3  400.5   9/2-   9/2  31    3.69    2.70    2.70   19.32    4.49       2.42    2.42    0.00   -1.09      0.295   0.295   0.000
   4  454.6  11/2-   1/2  32   -0.00   26.58   26.58    2.23    6.86       4.52    4.52    0.00   -4.77      0.551   0.551   0.000
   5  600.9   1/2-   1/2  37    0.50    1.39    1.39    0.25    0.83       1.18    1.18    0.00   -1.51      0.143   0.143   0.000
  
   6  664.5   5/2-  -3/2  34   -0.60    1.70    1.70    2.98    1.06       4.42    4.42    0.00   -1.09      0.539   0.539   0.000
   7  817.7   7/2-   5/2  35    0.66    2.14    2.14    5.22    2.05       4.48    4.48    0.00   -0.45      0.547   0.547   0.000
   8  863.0   7/2-  -7/2  28   -2.85    2.27    2.27   10.97    3.25       2.76    2.76    0.00   -1.12      0.336   0.336   0.000
   9  966.9   3/2-  -3/2  30   -1.25    4.17    4.17    2.00    1.45       4.23    4.23    0.00   -2.59      0.516   0.516   0.000
  10 1036.8   5/2-   1/2  37    0.03    3.49    3.49    1.52    1.69       3.64    3.64    0.00   -1.30      0.443   0.443   0.000
  
  11 1150.1   1/2-   1/2  29    0.50    4.37    4.37    0.25    0.30       4.61    4.61    0.00   -2.88      0.562   0.562   0.000
  12 1300.6   7/2-  -3/2  34   -0.33    2.34    2.34    2.83    1.44       5.93    5.93    0.00   -0.53      0.723   0.723   0.000
  13 1337.8  11/2-   9/2  31    2.99    3.12    3.12   18.41    4.12       5.55    5.55    0.00    0.00      0.677   0.677   0.000
  14 1412.3   7/2-   1/2  32    0.00   26.64   26.64    1.77    6.73       8.71    8.71    0.00   -6.80      1.062   1.062   0.000
  15 1415.8   9/2-   5/2  35    0.33    3.48    3.48    3.41    2.34       5.93    5.93    0.00    0.37      0.723   0.723   0.000
  
  16 1544.8   5/2-   1/2  37    0.06    2.27    2.27    0.86    0.68       5.05    5.05    0.00   -1.06      0.615   0.615   0.000
  17 1741.8   9/2-  -7/2  28   -2.64    2.39    2.39   11.40    2.94       5.82    5.82    0.00   -0.45      0.710   0.710   0.000
  18 2318.7   7/2-  -3/2  30   -0.34    3.86    3.86    3.09    0.96       9.46    9.46    0.00   -1.61      1.153   1.153   0.000
  19 2441.3   9/2-  -3/2  34   -0.74    2.42    2.42    2.25    1.14      10.27   10.27    0.00   -0.32      1.252   1.252   0.000
  20 2442.2   5/2-   1/2  29   -0.09    4.33    4.33    0.97   -0.32      10.15   10.15    0.00   -2.35      1.237   1.237   0.000
  
  21 2464.1  13/2-   9/2  31    2.35    3.54    3.54   17.30    3.89       9.44    9.44    0.00    0.63      1.151   1.151   0.000
  22 2665.9   9/2-   5/2  35    0.97    2.42    2.42    3.91    1.00      11.77   11.77    0.00   -0.78      1.436   1.436   0.000
  23 2741.2  11/2-   5/2  35   -0.12    2.64    2.64    6.28    2.04      11.44   11.44    0.00    0.14      1.395   1.395   0.000
  24 2743.1  13/2-   5/2  36   -0.04   26.09   26.09    5.56    5.90      12.04   12.04    0.00   -3.37      1.468   1.468   0.000
  25 2821.1  11/2-  -7/2  28   -1.43    2.43    2.43    8.11    2.26      10.84   10.84    0.00    0.12      1.322   1.322   0.000
  
  26 3271.3  11/2-  -3/2  30   -0.50    2.98    2.98    3.43    1.64      12.78   12.78    0.00    0.08      1.559   1.559   0.000
  27 3374.8  13/2-  -3/2  30    0.09    4.25    4.25    2.91    2.45      12.97   12.97    0.00    1.12      1.581   1.581   0.000
  28 3661.1   1/2-   1/2  25    0.50    5.75    5.75    0.25    0.69       5.64    5.64    0.00   -3.32      0.688   0.688   0.000
  29 4161.4  13/2-  -7/2  28   -2.05    2.59    2.59   10.88    2.48      15.07   15.07    0.00    0.23      1.837   1.837   0.000
  30 5056.7  13/2-  -3/2  34   -0.06    2.16    2.16    3.04    1.00      21.08   21.08    0.00   -0.06      2.570   2.570   0.000
  
  31 6561.4   1/2-   1/2  32    0.50   26.68   26.68    0.25   -3.88      30.54   30.54   -0.00   -7.29      3.724   3.724  -0.000
  32*******   1/2-  -3/2  33    0.00    0.00    0.00    0.00   -0.00       0.00    0.00   -0.00   -0.00      0.000   0.000  -0.000
