1SPECTRUM OF (Z= 82 A=207) IN PARTICLE-ROTOR  MODEL WITH MODIFIED OSCILLATOR POTENTIAL


 PARITY=-   EPS= 0.343   GAMMA=  0.0   EPS4=0.000   EPS6=0.000   LEVELS:  24  25  26  27  28  29  30  31  32  33  34  35  36  37  38

 PAIRING FACTORS: GN0= 19.20  GN1=  7.40  IPAIR= 15 ***  E2PLUS(INPUT)=   0.730  E2PLUR(INPUT)=   0.000

 CORIOLIS ATTENUATION PARAMETERS:  CHSI=1.000  ETA=  1.00

 MOMENT OF INERTIA PARAMETERS:   A1=  0.122 MEV   A2=  0.122 MEV   A3=121.91924 MEV


 DELTA=0.905 MEV  LAMBDA=53.3561 MEV   HW0= 7.5182 MEV   LAMBDA/HW0= 7.0969

 E2ENERGY=0.730 MEV  HBAR**2/B=21814./A**(7/3)=3687.7/A**2 MEV

 IREC=0  =>  RECOIL TERMS j+j-, j+j+, jzjz, ETC TREATED AS ONE-BODY OPERATORS WITH UU+VV PAIRING FACTORS



 S. P. LEVEL   EQP       U     V        (UU + VV)**1.00

     24       4.554    0.100 0.995      1.000 1.000 0.999 0.997 0.990 0.956 0.954 0.937 0.827 0.615 0.607 0.299 0.292 0.271 0.254
     25       4.211    0.108 0.994      1.000 1.000 0.999 0.997 0.991 0.959 0.956 0.940 0.832 0.622 0.613 0.307 0.300 0.279 0.262
     26       3.103    0.147 0.989      0.999 0.999 1.000 0.999 0.996 0.969 0.967 0.952 0.853 0.652 0.644 0.345 0.337 0.317 0.301
     27       2.545    0.181 0.984      0.997 0.997 0.999 1.000 0.998 0.977 0.975 0.962 0.870 0.677 0.670 0.376 0.369 0.349 0.333
     28       1.940    0.240 0.971      0.990 0.991 0.996 0.998 1.000 0.988 0.987 0.977 0.899 0.721 0.714 0.432 0.425 0.405 0.389
     29       1.271    0.386 0.922      0.956 0.959 0.969 0.977 0.988 1.000 1.000 0.998 0.955 0.818 0.812 0.565 0.558 0.540 0.526
     30       1.248    0.394 0.919      0.954 0.956 0.967 0.975 0.987 1.000 1.000 0.999 0.958 0.824 0.818 0.572 0.566 0.548 0.534
     31       1.141    0.442 0.897      0.937 0.940 0.952 0.962 0.977 0.998 0.999 1.000 0.972 0.852 0.847 0.614 0.608 0.591 0.577
     32       0.919    0.642 0.767      0.827 0.832 0.853 0.870 0.899 0.955 0.958 0.972 1.000 0.952 0.949 0.784 0.779 0.765 0.754
     33       1.003    0.846 0.533      0.615 0.622 0.652 0.677 0.721 0.818 0.824 0.852 0.952 1.000 1.000 0.936 0.934 0.926 0.919
     34       1.013    0.851 0.524      0.607 0.613 0.644 0.670 0.714 0.812 0.818 0.847 0.949 1.000 1.000 0.940 0.937 0.930 0.923
     35       2.283    0.979 0.202      0.299 0.307 0.345 0.376 0.432 0.565 0.572 0.614 0.784 0.936 0.940 1.000 1.000 1.000 0.999
     36       2.370    0.981 0.195      0.292 0.300 0.337 0.369 0.425 0.558 0.566 0.608 0.779 0.934 0.937 1.000 1.000 1.000 0.999
     37       2.644    0.985 0.174      0.271 0.279 0.317 0.349 0.405 0.540 0.548 0.591 0.765 0.926 0.930 1.000 1.000 1.000 1.000
     38       2.925    0.988 0.157      0.254 0.262 0.301 0.333 0.389 0.526 0.534 0.577 0.754 0.919 0.923 0.999 0.999 1.000 1.000

  R CORE   ENERGY   A0R/A00=1.000    R3= 0     2  
   2( 1)    0.732                    1.000 0.000
   2( 2)  487.921                    0.000 1.000

  R CORE   ENERGY   A0R/A00=1.000    R3= 0     2  
   3( 1)  488.652                    0.000 1.000

  R CORE   ENERGY   A0R/A00=1.000    R3= 0     2     4  
   4( 1)    2.438                    1.000 0.000 0.000

  R CORE   ENERGY   A0R/A00=1.000    R3= 0     2     4  
   5( 1)  490.847                    0.000 1.000 0.000

  R CORE   ENERGY   A0R/A00=1.000    R3= 0     2     4     6  
   6( 1)    5.121                    1.000 0.000 0.000 0.000

  R CORE   ENERGY   A0R/A00=1.000    R3= 0     2     4     6  
   7( 1)  494.017                    0.000 1.000 0.000 0.000

          AXIAL SYMMETRY => K RESTRICTED TO OMEGA

                     K
     S.P. ORB#: 24 -5.50
     S.P. ORB#: 25  0.50
     S.P. ORB#: 26  2.50
     S.P. ORB#: 27 -3.50
     S.P. ORB#: 28  0.50
     S.P. ORB#: 29  0.50
     S.P. ORB#: 30 -1.50
     S.P. ORB#: 31 -1.50
     S.P. ORB#: 32 -3.50
     S.P. ORB#: 33  4.50
     S.P. ORB#: 34  2.50
     S.P. ORB#: 35 -3.50
     S.P. ORB#: 36  0.50
     S.P. ORB#: 37 -1.50
     S.P. ORB#: 38  2.50
 

             ENERGY    K= OMEGA
 
 I=  1/2- (1)  2.519  29: 0.999
 
 I=  1/2- (2)  5.730  28: 0.351
                      36:-0.936
 
 I=  1/2- (3)  5.802  25: 0.999
 
 I=  1/2- (4)  8.769  28:-0.936
                      36:-0.351
 
 I=  1/2- (5)147.444  31: 1.000

             ENERGY    K= OMEGA
 
 I=  3/2- (1)  2.392  25: 0.086
                      29:-0.236
                      31: 0.967
 
 I=  3/2- (2)  2.556  25:-0.202
                      29:-0.895
                      31:-0.187
                      37:-0.350

             ENERGY    K= OMEGA
 
 I=  5/2- (1)  2.518  25:-0.263
                      29: 0.458
                      31: 0.793
                      37:-0.125
                      38:-0.277
 
 I=  5/2- (2)  3.356  26:-0.063
                      29: 0.667
                      31:-0.442
                      37:-0.582
                      38: 0.128
 
 I=  5/2- (3)  3.641  25:-0.122
                      29: 0.273
                      31: 0.161
                      37: 0.382
                      38: 0.858
 
 I=  5/2- (4)  4.313  26:-0.083
                      29:-0.480
                      31: 0.325
                      37:-0.698
                      38: 0.412
 
 I=  5/2- (5)  4.893  26: 0.993
                      37:-0.108

             ENERGY    K= OMEGA
 
 I=  7/2- (1)  1.733  26: 0.187
                      32:-0.980
 
 I=  7/2- (2)  3.335  25: 0.135
                      29:-0.266
                      31: 0.830
                      37:-0.153
                      38: 0.443
 
 I=  7/2- (3)  3.505  25:-0.314
                      29:-0.814
                      31:-0.272
                      37:-0.403
 
 I=  7/2- (4)  3.618  28: 0.701
                      30: 0.584
                      34: 0.376
                      35: 0.163
 
 I=  7/2- (5)  4.376  26: 0.209
                      27: 0.867
                      29: 0.167
                      31:-0.185
                      37:-0.184
                      38: 0.329

             ENERGY    K= OMEGA
 
 I=  9/2- (1)  1.907  26: 0.077
                      27:-0.183
                      32: 0.262
                      33: 0.944
 
 I=  9/2- (2)  2.709  26:-0.256
                      27:-0.091
                      32:-0.924
                      33: 0.260
 
 I=  9/2- (3)  3.570  25:-0.375
                      29: 0.495
                      31: 0.700
                      32:-0.061
                      37:-0.184
                      38:-0.295
 
 I=  9/2- (4)  4.645  28: 0.222
                      30:-0.562
                      34: 0.670
                      35:-0.432
 
 I=  9/2- (5)  5.195  26:-0.099
                      29: 0.567
                      31:-0.484
                      32: 0.058
                      37:-0.627
                      38: 0.194

             ENERGY    K= OMEGA
 
 I= 11/2- (1)  2.985  28:-0.672
                      30:-0.580
                      34:-0.406
                      35:-0.210
                      36:-0.058
 
 I= 11/2- (2)  3.008  26:-0.130
                      27:-0.248
                      32: 0.356
                      33:-0.891
 
 I= 11/2- (3)  3.917  26: 0.299
                      27:-0.134
                      31:-0.061
                      32:-0.871
                      33:-0.355
                      38:-0.062
 
 I= 11/2- (4)  5.234  25: 0.238
                      29:-0.105
                      31: 0.819
                      32:-0.083
                      37:-0.140
                      38: 0.483
 
 I= 11/2- (5)  5.358  25: 0.342
                      29: 0.820
                      31: 0.123
                      37: 0.432
                      38:-0.078

             ENERGY    K= OMEGA
 
 I= 13/2- (1)  4.329  26: 0.176
                      27:-0.290
                      32: 0.416
                      33: 0.843
 
 I= 13/2- (2)  5.078  28:-0.218
                      30: 0.551
                      34:-0.667
                      35: 0.450
 
 I= 13/2- (3)  5.330  25:-0.180
                      26: 0.301
                      27: 0.164
                      29: 0.190
                      31: 0.293
                      32: 0.745
                      33:-0.381
                      37:-0.050
                      38:-0.160
 
 I= 13/2- (4)  5.542  25: 0.408
                      26: 0.130
                      27: 0.055
                      29:-0.467
                      31:-0.589
                      32: 0.360
                      33:-0.172
                      37: 0.188
                      38: 0.233
 
 I= 13/2- (5)  7.484  24: 0.998

             ENERGY     K= 5/2
  32 LEVELS    TIME=  0.0 SEC



 ******************* EXCITATION ENERGIES, DOMINANT CONFIGURATION AND EXPECTATION VALUES (WITH S.P. UU+VV FACTORS) *******************

  NR  Eex(keV)  I   Kdom  NY    <Jz>  <Jx**2> <Jy**2> <Jz**2> <I.j>/|I|  <Rx**2> <Ry**2> <Rz**2> <R.j>/|R|  <HROTx> <HROTy> <HROTz>

   1    0.0   7/2-  -7/2  32   -3.28    2.31    2.31   12.03    3.33       3.00    3.00    0.00   -1.41      0.366   0.366   0.000
   2  173.7   9/2-   9/2  33    3.67    2.52    2.52   19.35    4.24       3.47    3.47   -0.00   -1.25      0.423   0.423  -0.000
   3  658.6   3/2-  -3/2  31   -1.37    4.78    4.78    2.12    1.40       5.00    5.00    0.00   -2.83      0.609   0.609   0.000
   4  784.5   5/2-  -3/2  31   -0.63    4.86    4.86    2.00    2.11       4.00    4.00    0.00   -1.94      0.488   0.488   0.000
   5  786.2   1/2-   1/2  29    0.50    4.83    4.83    0.25    0.27       5.09    5.09    0.00   -3.03      0.621   0.621   0.000
  
   6  822.9   3/2-   1/2  29    0.18    4.19    4.19    0.57    1.16       4.11    4.11    0.00   -2.34      0.501   0.501   0.000
   7  976.4   9/2-  -7/2  32   -2.55    2.41    2.41   12.35    2.88       6.65    6.65    0.00   -0.78      0.811   0.811   0.000
   8 1251.4  11/2-   1/2  28   -0.02   24.08   24.08    2.44    6.25       5.79    5.79    0.00   -3.88      0.706   0.706   0.000
   9 1274.8  11/2-   9/2  33    2.95    2.73    2.73   18.51    3.70       7.72    7.72    0.00   -0.47      0.941   0.941   0.000
  10 1601.7   7/2-  -3/2  31   -0.54    4.30    4.30    2.88    1.63       7.14    7.14    0.00   -1.32      0.871   0.871   0.000
  
  11 1622.5   5/2-   1/2  29   -0.53    3.54    3.54    1.44    0.69       6.59    6.59    0.00   -1.78      0.803   0.803   0.000
  12 1771.7   7/2-   1/2  29    0.03    4.05    4.05    0.74    1.31       7.08    7.08   -0.00   -0.97      0.864   0.864  -0.000
  13 1837.2   9/2-  -3/2  31   -0.39    5.01    5.01    1.87    2.23       7.22    7.22    0.00   -0.21      0.880   0.880   0.000
  14 1885.3   7/2-   1/2  28   -0.00   23.71   23.71    2.10    6.12       8.35    8.35    0.00   -6.18      1.018   1.018   0.000
  15 1907.6   5/2-   5/2  38    1.63    2.16    2.16    5.02    1.80       3.72    3.72    0.00   -1.47      0.453   0.453   0.000
  
  16 2184.3  11/2-  -7/2  32   -1.93    2.49    2.49   12.66    2.58      11.29   11.29    0.00   -0.47      1.376   1.376   0.000
  17 2579.9   5/2-  -3/2  37   -0.33    3.02    3.02    2.49    0.02       8.57    8.57    0.00   -2.04      1.045   1.045   0.000
  18 2596.0  13/2-   9/2  33    2.37    2.92    2.92   17.76    3.34      12.88   12.88    0.00   -0.06      1.571   1.571   0.000
  19 2642.7   7/2-  -7/2  27   -2.34    5.44    5.44   10.33    2.75       7.57    7.57   -0.00   -2.65      0.923   0.923  -0.000
  20 2912.1   9/2-   5/2  34    0.02   24.41   24.41    5.81    5.28      13.43   13.43    0.00   -5.47      1.637   1.637   0.000
  
  21 3159.6   5/2-   5/2  26    2.45    5.98    5.98    6.20    2.06       7.36    7.36    0.00   -3.14      0.898   0.898   0.000
  22 3345.1  13/2-   5/2  34   -0.03   24.40   24.40    5.96    5.24      15.14   15.14    0.00   -3.30      1.846   1.846   0.000
  23 3461.5   9/2-  -3/2  37   -0.68    3.25    3.25    1.84    0.58      13.67   13.67    0.00   -1.05      1.667   1.667   0.000
  24 3501.0  11/2-  -3/2  31   -0.44    4.23    4.23    3.15    1.58      14.24   14.24    0.00   -0.41      1.736   1.736   0.000
  25 3596.9  13/2-  -7/2  32   -1.19    3.01    3.01   11.02    2.38      16.25   16.25    0.00   -0.07      1.981   1.981   0.000
  
  26 3624.6  11/2-   1/2  29    0.10    4.01    4.01    0.72    1.34      14.25   14.25    0.00   -0.14      1.738   1.738   0.000
  27 3809.4  13/2-  -3/2  31   -0.54    4.74    4.74    3.62    2.25      15.21   15.21    0.00    0.47      1.854   1.854   0.000
  28 3997.2   1/2-   1/2  36    0.50   12.32   12.32    0.25   -1.37      14.00   14.00    0.00   -4.93      1.707   1.707   0.000
  29 4068.8   1/2-   1/2  25    0.50    6.62    6.62    0.25    0.66       6.55    6.55   -0.00   -3.57      0.798   0.798  -0.000
  30 5750.7  13/2- -11/2  24   -5.49    2.76    2.76   30.20    4.32      12.04   12.04    0.00   -1.13      1.468   1.468   0.000
  
  31 7035.5   1/2-   1/2  28    0.50   24.23   24.23    0.25   -3.54      27.79   27.79    0.00   -6.94      3.388   3.388   0.000
  32*******   1/2-  -3/2  31    0.00    0.00    0.00    0.00   -0.00       0.00    0.00    0.00   -0.00      0.000   0.000   0.000
