1SPECTRUM OF (Z= 82 A=207) IN PARTICLE-ROTOR  MODEL WITH MODIFIED OSCILLATOR POTENTIAL


 PARITY=-   EPS= 0.242   GAMMA=  0.0   EPS4=0.000   EPS6=0.000   LEVELS:  27  28  29  30  31  32  33  34  35  36  37  38  39  40  40

 PAIRING FACTORS: GN0= 19.20  GN1=  7.40  IPAIR= 15 ***  E2PLUS(INPUT)=   0.730  E2PLUR(INPUT)=   0.000

 CORIOLIS ATTENUATION PARAMETERS:  CHSI=1.000  ETA=  1.00

 MOMENT OF INERTIA PARAMETERS:   A1=  0.122 MEV   A2=  0.122 MEV   A3=121.91924 MEV


 DELTA=0.938 MEV  LAMBDA=53.4306 MEV   HW0= 7.4624 MEV   LAMBDA/HW0= 7.1600

 E2ENERGY=0.730 MEV  HBAR**2/B=10859./A**(7/3)=1835.7/A**2 MEV

 IREC=0  =>  RECOIL TERMS j+j-, j+j+, jzjz, ETC TREATED AS ONE-BODY OPERATORS WITH UU+VV PAIRING FACTORS



 S. P. LEVEL   EQP       U     V        (UU + VV)**1.00

     27       3.392    0.140 0.990      1.000 0.995 0.993 0.990 0.984 0.706 0.563 0.533 0.468 0.407 0.368 0.312 0.258 0.249 0.249
     28       2.068    0.233 0.972      0.995 1.000 1.000 0.999 0.996 0.770 0.639 0.611 0.550 0.492 0.455 0.401 0.349 0.340 0.340
     29       1.909    0.254 0.967      0.993 1.000 1.000 1.000 0.998 0.784 0.655 0.628 0.568 0.510 0.474 0.420 0.369 0.360 0.360
     30       1.747    0.279 0.960      0.990 0.999 1.000 1.000 0.999 0.800 0.675 0.648 0.589 0.533 0.497 0.444 0.394 0.385 0.385
     31       1.568    0.315 0.949      0.984 0.996 0.998 0.999 1.000 0.822 0.702 0.676 0.619 0.564 0.529 0.477 0.428 0.419 0.419
     32       0.976    0.800 0.601      0.706 0.770 0.784 0.800 0.822 1.000 0.983 0.975 0.956 0.934 0.918 0.893 0.866 0.862 0.862
     33       1.182    0.897 0.442      0.563 0.639 0.655 0.675 0.702 0.983 1.000 0.999 0.994 0.984 0.976 0.961 0.944 0.941 0.941
     34       1.254    0.912 0.410      0.533 0.611 0.628 0.648 0.676 0.975 0.999 1.000 0.997 0.990 0.983 0.970 0.955 0.952 0.952
     35       1.465    0.940 0.340      0.468 0.550 0.568 0.589 0.619 0.956 0.994 0.997 1.000 0.998 0.994 0.986 0.975 0.972 0.972
     36       1.770    0.961 0.276      0.407 0.492 0.510 0.533 0.564 0.934 0.984 0.990 0.998 1.000 0.999 0.995 0.988 0.986 0.986
     37       2.053    0.972 0.235      0.368 0.455 0.474 0.497 0.529 0.918 0.976 0.983 0.994 0.999 1.000 0.998 0.993 0.992 0.992
     38       2.706    0.984 0.176      0.312 0.401 0.420 0.444 0.477 0.893 0.961 0.970 0.986 0.995 0.998 1.000 0.998 0.998 0.998
     39       3.898    0.993 0.121      0.258 0.349 0.369 0.394 0.428 0.866 0.944 0.955 0.975 0.988 0.993 0.998 1.000 1.000 1.000
     40       4.232    0.994 0.111      0.249 0.340 0.360 0.385 0.419 0.862 0.941 0.952 0.972 0.986 0.992 0.998 1.000 1.000 1.000
     40       4.232    0.994 0.111      0.249 0.340 0.360 0.385 0.419 0.862 0.941 0.952 0.972 0.986 0.992 0.998 1.000 1.000 1.000

  R CORE   ENERGY   A0R/A00=1.000    R3= 0     2  
   2( 1)    0.732                    1.000 0.000
   2( 2)  487.921                    0.000 1.000

  R CORE   ENERGY   A0R/A00=1.000    R3= 0     2  
   3( 1)  488.652                    0.000 1.000

  R CORE   ENERGY   A0R/A00=1.000    R3= 0     2     4  
   4( 1)    2.438                    1.000 0.000 0.000

  R CORE   ENERGY   A0R/A00=1.000    R3= 0     2     4  
   5( 1)  490.847                    0.000 1.000 0.000

  R CORE   ENERGY   A0R/A00=1.000    R3= 0     2     4     6  
   6( 1)    5.121                    1.000 0.000 0.000 0.000

  R CORE   ENERGY   A0R/A00=1.000    R3= 0     2     4     6  
   7( 1)  494.017                    0.000 1.000 0.000 0.000

          AXIAL SYMMETRY => K RESTRICTED TO OMEGA

                     K
     S.P. ORB#: 27 -3.50
     S.P. ORB#: 28 -3.50
     S.P. ORB#: 29  0.50
     S.P. ORB#: 30 -1.50
     S.P. ORB#: 31  4.50
     S.P. ORB#: 32  0.50
     S.P. ORB#: 33 -1.50
     S.P. ORB#: 34 -1.50
     S.P. ORB#: 35  2.50
     S.P. ORB#: 36  2.50
     S.P. ORB#: 37  0.50
     S.P. ORB#: 38 -3.50
     S.P. ORB#: 39  4.50
     S.P. ORB#: 40  0.50
     S.P. ORB#: 40  0.50
 

             ENERGY    K= OMEGA
 
 I=  1/2- (1)  2.351  37:-0.999
 
 I=  1/2- (2)  3.033  29: 0.999
 
 I=  1/2- (3)  4.293  40: 0.707
                      40:-0.707
 
 I=  1/2- (4)  7.352  32: 0.904
                      40:-0.302
                      40:-0.302
 
 I=  1/2- (5) 13.545  32:-0.427
                      40:-0.639
                      40:-0.639

             ENERGY    K= OMEGA
 
 I=  3/2- (1)  1.776  29:-0.179
                      30:-0.089
                      34:-0.977
                      37: 0.069
 
 I=  3/2- (2)  2.852  29:-0.103
                      30: 0.823
                      34:-0.095
                      37:-0.551
 
 I=  3/2- (3)  2.949  29: 0.548
                      30:-0.423
                      34:-0.112
                      37:-0.713
 
 I=  3/2- (4)  3.633  29: 0.811
                      30: 0.370
                      34:-0.152
                      37: 0.427
 
 I=  3/2- (5)  4.658  40:-0.707
                      40: 0.707

             ENERGY    K= OMEGA
 
 I=  5/2- (1)  1.957  29: 0.145
                      30: 0.183
                      34:-0.488
                      35:-0.840
 
 I=  5/2- (2)  2.438  29: 0.197
                      30:-0.208
                      34:-0.833
                      35: 0.468
                      37:-0.076
 
 I=  5/2- (3)  2.929  29:-0.281
                      30:-0.381
                      35:-0.183
                      37:-0.862
 
 I=  5/2- (4)  3.678  29:-0.349
                      30:-0.775
                      35:-0.180
                      37: 0.494
 
 I=  5/2- (5)  4.348  29:-0.860
                      30: 0.422
                      34:-0.259
                      35: 0.098
                      37: 0.071

             ENERGY    K= OMEGA
 
 I=  7/2- (1)  2.584  28: 0.076
                      29: 0.210
                      30:-0.241
                      34: 0.541
                      35:-0.773
 
 I=  7/2- (2)  3.016  27: 0.117
                      28:-0.985
                      34: 0.118
 
 I=  7/2- (3)  3.234  32:-0.755
                      33:-0.550
                      36:-0.318
                      38:-0.124
                      40: 0.071
                      40: 0.071
 
 I=  7/2- (4)  3.251  28:-0.102
                      29:-0.280
                      30:-0.278
                      34:-0.732
                      35:-0.515
                      37: 0.183
 
 I=  7/2- (5)  4.308  29: 0.442
                      30:-0.797
                      35: 0.331
                      37: 0.237

             ENERGY    K= OMEGA
 
 I=  9/2- (1)  2.370  27: 0.242
                      28: 0.129
                      31:-0.961
 
 I=  9/2- (2)  3.427  28: 0.076
                      29:-0.258
                      30:-0.321
                      34: 0.524
                      35: 0.725
                      37:-0.144
 
 I=  9/2- (3)  4.127  27: 0.160
                      28:-0.968
                      29:-0.072
                      31:-0.090
                      34: 0.146
 
 I=  9/2- (4)  4.342  32: 0.223
                      33:-0.555
                      36: 0.622
                      38:-0.458
                      39: 0.215
 
 I=  9/2- (5)  4.364  28:-0.124
                      29: 0.164
                      30:-0.378
                      34:-0.747
                      35: 0.375
                      37:-0.341

             ENERGY    K= OMEGA
 
 I= 11/2- (1)  2.235  32: 0.673
                      33: 0.568
                      36: 0.401
                      38: 0.232
                      39: 0.098
 
 I= 11/2- (2)  3.392  27: 0.326
                      28: 0.160
                      31: 0.930
 
 I= 11/2- (3)  4.543  28:-0.079
                      29:-0.293
                      30: 0.321
                      34:-0.559
                      35: 0.699
 
 I= 11/2- (4)  5.460  27: 0.182
                      28:-0.876
                      29: 0.180
                      30: 0.105
                      31: 0.082
                      34: 0.322
                      35: 0.184
                      37:-0.105
 
 I= 11/2- (5)  5.600  28:-0.423
                      29:-0.299
                      30:-0.346
                      31: 0.074
                      34:-0.567
                      35:-0.473
                      37: 0.243

             ENERGY    K= OMEGA
 
 I= 13/2- (1)  4.014  32:-0.191
                      33: 0.501
                      36:-0.609
                      38: 0.511
                      39:-0.283
 
 I= 13/2- (2)  4.647  27: 0.381
                      28: 0.176
                      31:-0.905
                      35:-0.060
 
 I= 13/2- (3)  5.820  28: 0.073
                      29:-0.327
                      30:-0.391
                      31:-0.064
                      34: 0.508
                      35: 0.651
                      37:-0.219
 
 I= 13/2- (4)  7.052  27: 0.209
                      28:-0.920
                      29:-0.153
                      31:-0.086
                      34: 0.135
                      35:-0.160
                      37:-0.186
 
 I= 13/2- (5)  7.107  28: 0.069
                      30:-0.384
                      34:-0.594
                      37:-0.703

             ENERGY     K= 1/2
  35 LEVELS    TIME=  0.0 SEC



 ******************* EXCITATION ENERGIES, DOMINANT CONFIGURATION AND EXPECTATION VALUES (WITH S.P. UU+VV FACTORS) *******************

  NR  Eex(keV)  I   Kdom  NY    <Jz>  <Jx**2> <Jy**2> <Jz**2> <I.j>/|I|  <Rx**2> <Ry**2> <Rz**2> <R.j>/|R|  <HROTx> <HROTy> <HROTz>

   1    0.0   3/2-  -3/2  34   -1.43    1.67    1.67    2.18    1.35       2.03    2.03   -0.00   -1.45      0.247   0.247  -0.000
   2  180.3   5/2-   5/2  35    1.37    1.90    1.90    5.03    2.25       2.14    2.14    0.00   -1.05      0.261   0.261   0.000
   3  458.4  11/2-   1/2  32   -0.00   26.88   26.88    2.70    7.06       3.86    3.86   -0.00   -5.11      0.471   0.471  -0.012
   4  574.5   1/2-   1/2  37    0.50    1.44    1.44    0.25    0.83       1.22    1.22    0.00   -1.54      0.149   0.149   0.000
   5  594.1   9/2-   9/2  31    3.90    2.57    2.57   19.63    4.41       2.82    2.82    0.00   -1.19      0.344   0.344   0.000
  
   6  661.3   5/2-  -3/2  34   -0.54    1.68    1.68    3.04    1.05       4.46    4.46   -0.00   -1.10      0.543   0.543  -0.000
   7  807.5   7/2-   5/2  35    0.96    2.07    2.07    4.63    1.91       4.66    4.66    0.00   -0.38      0.568   0.568   0.000
   8 1075.4   3/2-  -3/2  30   -0.87    3.48    3.48    1.62    1.04       4.16    4.16    0.00   -2.28      0.507   0.507   0.000
   9 1152.6   5/2-   1/2  37    0.28    2.18    2.18    0.74    1.02       3.90    3.90    0.00   -0.75      0.476   0.476   0.000
  10 1172.6   3/2-   1/2  37    0.12    2.54    2.54    0.63    0.32       4.12    4.12   -0.00   -1.78      0.502   0.502  -0.000
  
  11 1239.2   7/2-  -7/2  28   -3.46    2.06    2.06   12.08    3.05       3.86    3.86    0.00   -1.47      0.471   0.471   0.000
  12 1256.3   1/2-   1/2  29    0.50    4.27    4.27    0.25    0.19       4.61    4.61    0.00   -2.84      0.561   0.561   0.000
  13 1457.6   7/2-   1/2  32    0.04   25.47   25.47    1.65    6.49       8.43    8.43   -0.00   -6.54      1.028   1.028  -0.310
  14 1474.4   7/2-  -3/2  34   -0.24    1.83    1.83    3.19    0.97       7.45    7.45   -0.00   -0.78      0.908   0.908  -0.000
  15 1616.1  11/2-   9/2  31    3.44    2.79    2.79   19.16    3.95       6.63    6.63    0.00   -0.31      0.809   0.809   0.000
  
  16 1651.0   9/2-   5/2  35    0.77    2.31    2.31    4.28    1.78       7.96    7.96    0.00   -0.01      0.971   0.971   0.000
  17 1856.9   3/2-   1/2  29    0.18    3.94    3.94    0.57   -0.52       7.12    7.12    0.00   -2.51      0.868   0.868   0.000
  18 1901.4   5/2-  -3/2  30   -0.64    3.36    3.36    1.65    0.34       7.57    7.57    0.00   -1.90      0.923   0.923   0.000
  19 2237.3  13/2-   5/2  36    0.02   25.55   25.55    7.72    6.53       8.22    8.22   -0.00   -3.27      1.002   1.002  -0.003
  20 2350.6   9/2-  -7/2  28   -3.36    2.02    2.02   12.02    2.41       8.40    8.40    0.00   -0.99      1.024   1.024   0.000
  
  21 2516.2   1/2-   1/2  40    0.00    0.00    0.00    0.00    0.00       0.25    0.25    0.25    0.00      0.030   0.030  30.480
  22 2531.6   7/2-  -3/2  30   -0.56    3.83    3.83    2.21    0.60      10.42   10.42    0.00   -1.64      1.270   1.270   0.000
  23 2565.3   9/2-   5/2  36    0.00   25.85   25.85    6.62    6.29      10.24   10.24    0.00   -5.97      1.249   1.249   0.000
  24 2571.9   5/2-   1/2  29    0.03    4.16    4.16    0.80   -0.47      10.32   10.32   -0.00   -2.31      1.258   1.258  -0.000
  25 2587.1   9/2-  -3/2  34   -0.68    1.75    1.75    2.69    0.73      11.84   11.84   -0.00   -0.53      1.443   1.443  -0.000
  
  26 2766.4  11/2-   5/2  35    0.62    2.35    2.35    4.15    1.63      12.59   12.59    0.00    0.17      1.535   1.535   0.000
  27 2871.1  13/2-   9/2  31    3.08    2.97    2.97   18.78    3.62      11.48   11.48    0.00    0.11      1.400   1.400   0.000
  28 2881.9   3/2-   1/2  40    0.00    0.00    0.00    0.00    0.00       1.75    1.75    0.25   -0.00      0.213   0.213  30.480
  29 3683.8  11/2-  -7/2  28   -2.84    1.99    1.99   10.43    1.82      14.21   14.21    0.00   -0.66      1.733   1.733   0.000
  30 3823.5  11/2-  -3/2  34   -0.64    2.02    2.02    4.76    0.99      16.33   16.33    0.00   -0.50      1.991   1.991   0.000
  
  31 4043.5  13/2-   5/2  35    0.52    2.59    2.59    3.77    1.61      17.57   17.57    0.00    0.39      2.143   2.143   0.000
  32 5275.7  13/2-  -7/2  28   -3.02    2.02    2.02   11.26    1.67      20.36   20.36    0.00   -0.57      2.483   2.483   0.000
  33 5330.6  13/2-   1/2  37   -0.52    1.68    1.68    1.31    0.67      22.07   22.07   -0.00   -0.00      2.690   2.690  -0.000
  34 5576.0   1/2-   1/2  32    0.59   20.26   20.26    0.30   -3.35      23.71   23.71   -0.05   -6.35      2.891   2.891  -5.562
  3511768.9   1/2-   1/2  40    0.91   35.41   35.41    0.45   -5.21      40.63   40.63   -0.20   -8.42      4.954   4.954 -24.917
  
