1SPECTRUM OF (Z= 82 A=207) IN PARTICLE-ROTOR  MODEL WITH MODIFIED OSCILLATOR POTENTIAL


 PARITY=-   EPS= 0.449   GAMMA=  3.4   EPS4=0.000   EPS6=0.000   LEVELS:  24  25  26  27  28  29  30  31  32  33  34  35  36  37  38

 PAIRING FACTORS: GN0= 19.20  GN1=  7.40  IPAIR= 15 ***  E2PLUS(INPUT)=   0.730  E2PLUR(INPUT)=   0.000

 CORIOLIS ATTENUATION PARAMETERS:  CHSI=1.000  ETA=  1.00

 MOMENT OF INERTIA PARAMETERS:   A1=  0.130 MEV   A2=  0.113 MEV   A3= 25.32514 MEV


 DELTA=0.838 MEV  LAMBDA=53.4770 MEV   HW0= 7.6027 MEV   LAMBDA/HW0= 7.0339

 E2ENERGY=0.730 MEV  HBAR**2/B=37037./A**(7/3)=6261.0/A**2 MEV

 IREC=0  =>  RECOIL TERMS j+j-, j+j+, jzjz, ETC TREATED AS ONE-BODY OPERATORS WITH UU+VV PAIRING FACTORS



 S. P. LEVEL   EQP       U     V        (UU + VV)**1.00

     24       4.327    0.097 0.995      1.000 1.000 0.999 0.999 0.996 0.987 0.955 0.840 0.800 0.617 0.341 0.333 0.277 0.270 0.236
     25       4.135    0.102 0.995      1.000 1.000 0.999 0.999 0.996 0.988 0.956 0.843 0.803 0.621 0.345 0.338 0.281 0.275 0.240
     26       2.906    0.146 0.989      0.999 0.999 1.000 1.000 0.999 0.994 0.968 0.865 0.829 0.655 0.386 0.379 0.324 0.317 0.283
     27       2.798    0.151 0.988      0.999 0.999 1.000 1.000 0.999 0.995 0.970 0.868 0.832 0.659 0.392 0.384 0.329 0.322 0.288
     28       2.244    0.190 0.982      0.996 0.996 0.999 0.999 1.000 0.998 0.979 0.887 0.853 0.688 0.428 0.420 0.366 0.359 0.326
     29       1.711    0.253 0.967      0.987 0.988 0.994 0.995 0.998 1.000 0.990 0.915 0.885 0.734 0.485 0.478 0.425 0.419 0.386
     30       1.171    0.388 0.922      0.955 0.956 0.968 0.970 0.979 0.990 1.000 0.963 0.942 0.823 0.605 0.598 0.550 0.544 0.513
     31       0.860    0.622 0.783      0.840 0.843 0.865 0.868 0.887 0.915 0.963 1.000 0.998 0.945 0.796 0.792 0.754 0.749 0.725
     32       0.841    0.674 0.738      0.800 0.803 0.829 0.832 0.853 0.885 0.942 0.998 1.000 0.966 0.836 0.832 0.798 0.793 0.771
     33       0.924    0.843 0.538      0.617 0.621 0.655 0.659 0.688 0.734 0.823 0.945 0.966 1.000 0.950 0.948 0.927 0.924 0.910
     34       1.744    0.969 0.248      0.341 0.345 0.386 0.392 0.428 0.485 0.605 0.796 0.836 0.950 1.000 1.000 0.998 0.997 0.994
     35       1.797    0.971 0.240      0.333 0.338 0.379 0.384 0.420 0.478 0.598 0.792 0.832 0.948 1.000 1.000 0.998 0.998 0.995
     36       2.338    0.983 0.182      0.277 0.281 0.324 0.329 0.366 0.425 0.550 0.754 0.798 0.927 0.998 0.998 1.000 1.000 0.999
     37       2.427    0.985 0.175      0.270 0.275 0.317 0.322 0.359 0.419 0.544 0.749 0.793 0.924 0.997 0.998 1.000 1.000 0.999
     38       3.023    0.990 0.140      0.236 0.240 0.283 0.288 0.326 0.386 0.513 0.725 0.771 0.910 0.994 0.995 0.999 0.999 1.000

  R CORE   ENERGY   A0R/A00=1.000    R3= 0     2  
   2( 1)    0.730                    1.000-0.000
   2( 2)  101.544                    0.000 1.000

  R CORE   ENERGY   A0R/A00=1.000    R3= 0     2  
   3( 1)  102.274                    0.000 1.000

  R CORE   ENERGY   A0R/A00=1.000    R3= 0     2     4  
   4( 1)    2.433                    1.000-0.001 0.000

  R CORE   ENERGY   A0R/A00=1.000    R3= 0     2     4  
   5( 1)  104.464                    0.000 1.000-0.000

  R CORE   ENERGY   A0R/A00=1.000    R3= 0     2     4     6  
   6( 1)    5.109                    1.000-0.002 0.000-0.000

  R CORE   ENERGY   A0R/A00=1.000    R3= 0     2     4     6  
   7( 1)  107.627                    0.000 1.000-0.001 0.000
 

             ENERGY     K= 1/2
 
 I=  1/2- (1)  3.701  24:-0.273
                      30: 0.117
                      32:-0.897
                      37:-0.314
                      38:-0.073
 
 I=  1/2- (2)  5.307  28: 0.115
                      31:-0.813
                      33: 0.569
 
 I=  1/2- (3)  6.692  24:-0.280
                      30: 0.061
                      32:-0.238
                      37: 0.891
                      38: 0.255
 
 I=  1/2- (4) 10.534  24: 0.917
                      26:-0.053
                      32:-0.346
                      37: 0.179
                      38: 0.058
 
 I=  1/2- (5) 13.411  25: 1.000

             ENERGY     K= 1/2  -3/2
 
 I=  3/2- (1)  3.980  24: 0.302 0.001
                      26:-0.053 0.025
                      30:-0.130-0.001
                      32: 0.915 0.004
                      37:-0.076-0.057
                      38:-0.036 0.203
 
 I=  3/2- (2)  5.367  28:-0.079 0.017
                      29: 0.022-0.084
                      31: 0.562-0.410
                      33:-0.393-0.589

             ENERGY     K= 5/2   1/2  -3/2
 
 I=  5/2- (1)  3.909  24:-0.000 0.228-0.001
                      30:-0.007-0.103 0.001
                      32:-0.001 0.819-0.005
                      37: 0.000 0.436 0.067
                      38: 0.000 0.109-0.237
 
 I=  5/2- (2)  4.951  28: 0.989-0.002-0.002
                      31: 0.103 0.015 0.048
                      33:-0.052-0.011 0.069
 
 I=  5/2- (3)  5.867  25: 0.001-0.112 0.000
                      28: 0.080 0.065 0.019
                      29: 0.001-0.018-0.095
                      31: 0.008-0.454-0.464
                      33:-0.004 0.318-0.667
 
 I=  5/2- (4)  6.247  24: 0.015 0.198-0.039
                      26: 0.001-0.012-0.598
                      30: 0.764 0.001 0.004
                      32: 0.103-0.049-0.022
                      37:-0.018-0.054 0.011
 
 I=  5/2- (5)  6.535  28: 0.032-0.095 0.013
                      29: 0.000 0.026-0.065
                      31: 0.003 0.672-0.320
                      33:-0.002-0.469-0.459

             ENERGY     K= 5/2   1/2  -3/2  -7/2
 
 I=  7/2- (1)  4.295  28: 0.169-0.000 0.000-0.007
                      29: 0.002 0.000-0.001 0.972
                      31: 0.017 0.001-0.005-0.086
                      33:-0.009-0.001-0.007-0.079
                      35:-0.000-0.000-0.000 0.109
 
 I=  7/2- (2)  4.532  24:-0.004 0.074-0.012-0.000
                      26:-0.000-0.035-0.168-0.001
                      30:-0.176-0.121 0.000-0.000
                      32:-0.024 0.863-0.000 0.000
                      34: 0.000-0.002-0.031-0.067
                      37: 0.004-0.215-0.093 0.003
                      38: 0.001-0.075 0.329-0.006
 
 I=  7/2- (3)  4.620  28: 0.275-0.000 0.000 0.001
                      29: 0.003 0.000-0.002-0.153
                      35:-0.000-0.000-0.000 0.948
 
 I=  7/2- (4)  4.969  24: 0.011 0.570 0.037 0.000
                      26: 0.000-0.044 0.570 0.002
                      30: 0.513-0.032-0.004 0.000
                      32: 0.069 0.134 0.022-0.000
                      34:-0.000-0.001-0.012 0.223
                      37:-0.012-0.054-0.022-0.010
                      38:-0.003-0.016 0.075 0.020
 
 I=  7/2- (5)  5.939  28:-0.927 0.006-0.003-0.001
                      29:-0.012-0.001 0.017 0.130
                      31:-0.096-0.037 0.085-0.013
                      33: 0.049 0.026 0.121-0.013
                      35: 0.000 0.000 0.001 0.296

             ENERGY     K= 9/2   5/2   1/2  -3/2  -7/2
 
 I=  9/2- (1)  4.496  28:-0.000-0.106 0.000 0.000-0.003
                      29:-0.000-0.001-0.000-0.001 0.460
                      35: 0.001 0.000 0.000-0.000 0.178
                      36: 0.861-0.000-0.000 0.000-0.000
 
 I=  9/2- (2)  4.881  24:-0.000-0.002 0.183 0.002 0.000
                      30:-0.000-0.075-0.094 0.001 0.000
                      32:-0.000-0.010 0.773-0.005-0.000
                      37:-0.000 0.001 0.481 0.088-0.002
                      38:-0.000 0.000 0.122-0.310 0.003
 
 I=  9/2- (3)  5.519  24:-0.000-0.015-0.213 0.037 0.000
                      26: 0.000-0.000 0.016 0.566 0.004
                      30:-0.000-0.687 0.006-0.004 0.000
                      32:-0.000-0.092-0.025 0.020-0.000
                      34: 0.000 0.000-0.001-0.003 0.383
 
 I=  9/2- (4)  5.602  28:-0.000-0.308 0.001 0.001-0.005
                      29:-0.000-0.004-0.000-0.003 0.760
                      31: 0.000-0.032-0.004-0.015-0.068
                      33:-0.000 0.016 0.003-0.021-0.063
                      35:-0.000 0.000 0.000-0.000 0.252
                      36:-0.503 0.001-0.000 0.000-0.000
 
 I=  9/2- (5)  5.628  28: 0.000 0.287-0.001-0.001-0.003
                      29: 0.000 0.004 0.000 0.002 0.401
                      35:-0.000-0.000-0.000 0.001-0.868

             ENERGY     K= 9/2   5/2   1/2  -3/2  -7/2 -11/2
 
 I= 11/2- (1)  4.306  24: 0.000-0.010-0.500-0.038-0.000 0.000
                      26: 0.000-0.000 0.022-0.576-0.002 0.000
                      30: 0.000-0.475-0.037 0.003-0.000 0.000
                      32: 0.000-0.064 0.342-0.018 0.000-0.000
                      34:-0.000 0.000-0.001-0.009-0.200 0.000
                      37:-0.000 0.011-0.092-0.037 0.009-0.000
                      38:-0.000 0.003-0.032 0.133-0.018 0.000
 
 I= 11/2- (2)  4.460  27: 0.000-0.000 0.000-0.000-0.000 0.999
 
 I= 11/2- (3)  5.590  28:-0.000-0.149 0.000-0.000 0.004 0.000
                      29:-0.000-0.002-0.000 0.002-0.521-0.001
                      35: 0.001 0.000 0.000 0.000-0.228 0.001
                      36: 0.805-0.000-0.000-0.000 0.000-0.000
 
 I= 11/2- (4)  6.033  24: 0.000 0.003 0.339 0.010 0.000-0.000
                      26:-0.000 0.000-0.050 0.166 0.001-0.000
                      30: 0.000 0.134-0.116-0.002 0.000-0.000
                      32: 0.000 0.017 0.767 0.012-0.000 0.000
                      34: 0.000-0.000-0.004-0.037 0.079-0.000
                      37: 0.000-0.003-0.273-0.104-0.003 0.000
                      38: 0.000-0.001-0.089 0.367 0.007-0.000
 
 I= 11/2- (5)  6.875  28:-0.000-0.423 0.001-0.001-0.001-0.000
                      29:-0.000-0.005-0.000 0.005 0.162 0.000
                      35:-0.000 0.000 0.000 0.001-0.861 0.000
                      36:-0.218 0.000-0.000-0.000 0.001-0.000

             ENERGY     K=13/2   9/2   5/2   1/2  -3/2  -7/2 -11/2
 
 I= 13/2- (1)  6.039  27:-0.000 0.000-0.000 0.000 0.000 0.001-0.997
                      36: 0.000-0.063 0.000-0.000-0.000 0.000 0.000
 
 I= 13/2- (2)  6.151  24:-0.000 0.000 0.015 0.167-0.038-0.000 0.000
                      26: 0.000-0.000 0.000-0.004-0.571-0.004 0.000
                      30:-0.000-0.000 0.660 0.023 0.003-0.000 0.000
                      32:-0.000 0.000 0.089-0.213-0.018 0.000-0.000
                      34:-0.000 0.000-0.000-0.002-0.009-0.354 0.000
                      37:-0.000 0.000-0.015-0.096-0.035 0.016-0.000
                      38:-0.000 0.000-0.004-0.023 0.129-0.032 0.000
 
 I= 13/2- (3)  6.798  24: 0.000-0.000-0.003-0.230 0.010 0.000-0.000
                      26:-0.000 0.000-0.000 0.039 0.156 0.001-0.000
                      30: 0.000-0.000-0.137 0.086-0.002 0.000-0.000
                      32: 0.000-0.000-0.018-0.714 0.012-0.000 0.000
                      34: 0.000-0.000 0.000-0.011-0.032 0.083-0.000
                      37:-0.000-0.000 0.004-0.497-0.092-0.004 0.000
                      38: 0.000-0.000 0.001-0.128 0.324 0.007-0.000
 
 I= 13/2- (4)  6.942  27:-0.000 0.000-0.000 0.000 0.000-0.007 0.067
                      28:-0.000 0.000 0.183-0.001-0.000 0.004 0.000
                      29:-0.000 0.000 0.002 0.000 0.002-0.547-0.002
                      35: 0.000-0.001-0.000-0.000 0.000-0.261 0.002
                      36: 0.001-0.768 0.001 0.000-0.000 0.000-0.000
 
 I= 13/2- (5)  8.367  28:-0.000-0.000 0.453-0.003-0.001-0.002-0.000
                      29:-0.000-0.000 0.006 0.001 0.006 0.199 0.000
                      35:-0.000 0.000-0.000-0.000 0.002-0.828 0.001
                      36:-0.000 0.248-0.000 0.000-0.000 0.001-0.000

             ENERGY     K=13/2   9/2   5/2   1/2  -3/2  -7/2 -11/2
  32 LEVELS    TIME=  0.0 SEC



 ******************* EXCITATION ENERGIES, DOMINANT CONFIGURATION AND EXPECTATION VALUES (WITH S.P. UU+VV FACTORS) *******************

  NR  Eex(keV)  I   Kdom  NY    <Jz>  <Jx**2> <Jy**2> <Jz**2> <I.j>/|I|  <Rx**2> <Ry**2> <Rz**2> <R.j>/|R|  <HROTx> <HROTy> <HROTz>

   1    0.0   1/2-   1/2  32    0.50    9.90    9.91    0.26    1.17       9.37    9.40    0.01   -4.39      1.219   1.065   0.139
   2  208.5   5/2-   1/2  32    0.38   10.77   10.62    0.38    1.93       9.61    9.50    0.00   -3.68      1.250   1.076   0.095
   3  279.4   3/2-   1/2  32    0.41   10.37   10.86    0.35    1.37       9.76   10.26    0.01   -4.23      1.270   1.162   0.269
   4  594.4   7/2-   7/2  29   -3.31    6.47    6.15   12.01    3.12       7.93    7.63    0.03   -3.10      1.031   0.864   0.684
   5  605.4  11/2-   3/2  26    0.09   24.04   23.15    2.82    6.12       6.16    6.38    0.01   -3.78      0.802   0.723   0.211
  
   6  759.3  11/2-  11/2  27   -5.48    2.77    2.72   30.17    5.05       5.51    5.46    0.01   -1.65      0.717   0.619   0.328
   7  795.4   9/2-   9/2  36    2.49    3.42    3.12   17.97    4.03       4.67    4.47    0.05   -1.48      0.608   0.506   1.200
   8  830.6   7/2-   1/2  32    0.26   14.66   15.00    0.80    2.80      11.71   12.22    0.01   -3.95      1.524   1.384   0.345
   9  918.6   7/2-   7/2  35   -3.02    2.66    2.44   11.70    3.14       3.87    3.71    0.07   -1.57      0.503   0.420   1.869
  10 1179.9   9/2-   1/2  32    0.29   11.61   11.38    0.51    2.20      13.24   13.09    0.00   -2.44      1.722   1.482   0.085
  
  11 1249.6   5/2-   5/2  28    2.47    6.07    6.17    6.24    2.12       7.26    7.37    0.04   -3.19      0.945   0.835   0.955
  12 1268.2   7/2-   3/2  26    0.17   20.37   19.69    3.12    5.33       8.37    8.23    0.01   -5.40      1.089   0.932   0.143
  13 1606.2   1/2-   1/2  31    0.46    5.04    5.26    0.33    0.10       5.42    5.67    0.12   -3.15      0.705   0.643   3.057
  14 1665.6   3/2-   3/2  33   -0.54    4.94    5.36    1.34    1.08       5.32    5.76    0.12   -2.85      0.692   0.652   3.114
  15 1818.4   9/2-   5/2  30    0.22   23.33   22.19    5.54    4.89      13.64   13.50    0.01   -5.13      1.775   1.529   0.254
  
  16 1889.2  11/2-   9/2  36    1.80    3.73    3.42   17.18    3.44       9.50    9.37    0.05   -0.86      1.236   1.061   1.162
  17 1900.6   9/2-   7/2  29   -0.90    5.28    4.99   13.60    2.61      11.47   11.16    0.04   -2.29      1.493   1.264   0.928
  18 1927.3   9/2-   7/2  35   -2.97    3.11    2.92   11.65    2.52       8.69    8.60    0.07   -1.24      1.131   0.974   1.706
  19 2166.4   5/2-   3/2  33   -0.81    4.97    5.49    1.67    1.08       6.89    7.50    0.12   -2.35      0.896   0.850   3.163
  20 2237.7   7/2-   5/2  28    1.78    5.76    5.83    6.78    1.48      11.16   11.18    0.04   -2.64      1.452   1.266   1.073
  
  21 2331.9  11/2-   1/2  32    0.16   11.78   12.35    0.80    2.33      16.11   16.75    0.01   -1.92      2.095   1.897   0.273
  22 2337.8  13/2-  11/2  27   -5.45    2.78    2.72   30.14    4.33      11.98   11.96    0.01   -1.11      1.559   1.354   0.332
  23 2449.6  13/2-   5/2  30    0.19   23.52   22.34    5.12    4.81      16.16   16.46    0.01   -3.05      2.102   1.864   0.254
  24 2545.6   5/2-   5/2  30    0.96   23.44   22.24    4.53    4.32      17.06   16.32    0.01   -6.48      2.219   1.848   0.256
  25 2833.7   5/2-   1/2  31   -0.15    4.99    5.33    0.95   -0.16      10.25   10.62    0.12   -2.57      1.333   1.203   3.090
  
  26 2990.7   1/2-   1/2  37    0.50   15.06   15.72    0.26   -0.41      15.89   16.61    0.01   -5.51      2.067   1.881   0.223
  27 3096.7  13/2-   1/2  32    0.23   11.76   11.52    0.73    2.29      20.42   20.36    0.00   -1.26      2.656   2.306   0.071
  28 3173.9  11/2-   7/2  35   -2.01    3.07    2.89   11.44    2.21      13.32   13.38    0.07   -0.81      1.732   1.516   1.729
  29 3240.6  13/2-   9/2  36    1.40    3.90    3.59   16.71    3.05      15.20   15.15    0.05   -0.53      1.977   1.715   1.145
  30 4666.0  13/2-   7/2  35   -1.73    3.21    3.05   11.38    1.94      19.52   19.71    0.07   -0.65      2.538   2.232   1.683
  
  31 6832.7   1/2-   1/2  24    0.50   23.44   23.45    0.26   -3.55      27.00   27.04    0.00   -6.83      3.512   3.063   0.120
  32 9710.2   1/2-   1/2  25    0.55    4.78   10.11    0.60    0.71       4.61   10.10    0.30   -3.84      0.600   1.143   7.537
