1SPECTRUM OF (Z= 82 A=207) IN PARTICLE-ROTOR  MODEL WITH MODIFIED OSCILLATOR POTENTIAL


 PARITY=-   EPS= 0.191   GAMMA=  0.0   EPS4=0.000   EPS6=0.000   LEVELS:  24  25  26  27  28  29  30  31  32  33  34  35  36  37  38

 PAIRING FACTORS: GN0= 19.20  GN1=  7.40  IPAIR= 15 ***  E2PLUS(INPUT)=   0.730  E2PLUR(INPUT)=   0.000

 CORIOLIS ATTENUATION PARAMETERS:  CHSI=1.000  ETA=  1.00

 MOMENT OF INERTIA PARAMETERS:   A1=  0.122 MEV   A2=  0.122 MEV   A3=121.91924 MEV


 DELTA=0.929 MEV  LAMBDA=53.4746 MEV   HW0= 7.4425 MEV   LAMBDA/HW0= 7.1851

 E2ENERGY=0.730 MEV  HBAR**2/B= 6764./A**(7/3)=1143.5/A**2 MEV

 IREC=0  =>  RECOIL TERMS j+j-, j+j+, jzjz, ETC TREATED AS ONE-BODY OPERATORS WITH UU+VV PAIRING FACTORS



 S. P. LEVEL   EQP       U     V        (UU + VV)**1.00

     24       5.174    0.090 0.996      1.000 1.000 1.000 0.999 0.997 0.993 0.991 0.989 0.744 0.638 0.433 0.417 0.366 0.302 0.249
     25       4.283    0.109 0.994      1.000 1.000 1.000 1.000 0.998 0.995 0.994 0.991 0.757 0.653 0.450 0.434 0.384 0.320 0.268
     26       3.982    0.118 0.993      1.000 1.000 1.000 1.000 0.999 0.995 0.995 0.993 0.762 0.659 0.458 0.442 0.391 0.328 0.276
     27       3.767    0.124 0.992      0.999 1.000 1.000 1.000 0.999 0.996 0.995 0.993 0.767 0.664 0.464 0.448 0.398 0.335 0.282
     28       2.787    0.169 0.986      0.997 0.998 0.999 0.999 1.000 0.999 0.999 0.998 0.795 0.698 0.503 0.488 0.439 0.377 0.325
     29       2.252    0.211 0.977      0.993 0.995 0.995 0.996 0.999 1.000 1.000 1.000 0.820 0.728 0.540 0.525 0.477 0.416 0.366
     30       2.173    0.219 0.976      0.991 0.994 0.995 0.995 0.999 1.000 1.000 1.000 0.825 0.733 0.547 0.532 0.484 0.424 0.373
     31       2.012    0.238 0.971      0.989 0.991 0.993 0.993 0.998 1.000 1.000 1.000 0.836 0.746 0.563 0.548 0.501 0.441 0.391
     32       0.932    0.732 0.681      0.744 0.757 0.762 0.767 0.795 0.820 0.825 0.836 1.000 0.989 0.924 0.917 0.894 0.862 0.832
     33       0.996    0.824 0.566      0.638 0.653 0.659 0.664 0.698 0.728 0.733 0.746 0.989 1.000 0.970 0.966 0.950 0.927 0.904
     34       1.418    0.937 0.350      0.433 0.450 0.458 0.464 0.503 0.540 0.547 0.563 0.924 0.970 1.000 1.000 0.997 0.990 0.981
     35       1.479    0.943 0.333      0.417 0.434 0.442 0.448 0.488 0.525 0.532 0.548 0.917 0.966 1.000 1.000 0.998 0.992 0.984
     36       1.726    0.960 0.281      0.366 0.384 0.391 0.398 0.439 0.477 0.484 0.501 0.894 0.950 0.997 0.998 1.000 0.998 0.992
     37       2.216    0.977 0.215      0.302 0.320 0.328 0.335 0.377 0.416 0.424 0.441 0.862 0.927 0.990 0.992 0.998 1.000 0.998
     38       2.929    0.987 0.161      0.249 0.268 0.276 0.282 0.325 0.366 0.373 0.391 0.832 0.904 0.981 0.984 0.992 0.998 1.000

  R CORE   ENERGY   A0R/A00=1.000    R3= 0     2  
   2( 1)    0.732                    1.000 0.000
   2( 2)  487.921                    0.000 1.000

  R CORE   ENERGY   A0R/A00=1.000    R3= 0     2  
   3( 1)  488.652                    0.000 1.000

  R CORE   ENERGY   A0R/A00=1.000    R3= 0     2     4  
   4( 1)    2.438                    1.000 0.000 0.000

  R CORE   ENERGY   A0R/A00=1.000    R3= 0     2     4  
   5( 1)  490.847                    0.000 1.000 0.000

  R CORE   ENERGY   A0R/A00=1.000    R3= 0     2     4     6  
   6( 1)    5.121                    1.000 0.000 0.000 0.000

  R CORE   ENERGY   A0R/A00=1.000    R3= 0     2     4     6  
   7( 1)  494.017                    0.000 1.000 0.000 0.000

          AXIAL SYMMETRY => K RESTRICTED TO OMEGA

                     K
     S.P. ORB#: 24  2.50
     S.P. ORB#: 25  2.50
     S.P. ORB#: 26  0.50
     S.P. ORB#: 27 -3.50
     S.P. ORB#: 28 -3.50
     S.P. ORB#: 29  4.50
     S.P. ORB#: 30  0.50
     S.P. ORB#: 31 -1.50
     S.P. ORB#: 32 -1.50
     S.P. ORB#: 33  2.50
     S.P. ORB#: 34  0.50
     S.P. ORB#: 35  0.50
     S.P. ORB#: 36 -1.50
     S.P. ORB#: 37  2.50
     S.P. ORB#: 38 -3.50
 

             ENERGY    K= OMEGA
 
 I=  1/2- (1)  1.668  26:-0.060
                      34:-0.998
 
 I=  1/2- (2)  3.209  30: 0.999
 
 I=  1/2- (3)  5.156  26: 0.998
                      34:-0.061
 
 I=  1/2- (4)  9.444  35:-1.000
 
 I=  1/2- (5)147.235  32:-1.000

             ENERGY    K= OMEGA
 
 I=  3/2- (1)  1.414  30: 0.188
                      31: 0.106
                      32: 0.972
                      34:-0.078
 
 I=  3/2- (2)  2.318  30: 0.158
                      31: 0.135
                      32:-0.123
                      34:-0.970

             ENERGY    K= OMEGA
 
 I=  5/2- (1)  1.467  26:-0.050
                      30: 0.134
                      31: 0.177
                      32:-0.419
                      33:-0.877
                      34: 0.060
 
 I=  5/2- (2)  2.035  30: 0.219
                      31:-0.167
                      32:-0.866
                      33: 0.411
 
 I=  5/2- (3)  2.342  30: 0.155
                      31: 0.202
                      33: 0.128
                      34: 0.958
 
 I=  5/2- (4)  3.283  24: 0.073
                      26:-0.376
                      30: 0.442
                      31: 0.742
                      32: 0.071
                      33: 0.185
                      34:-0.262
 
 I=  5/2- (5)  4.532  24: 0.064
                      26: 0.074
                      30:-0.806
                      31: 0.516
                      32:-0.256
                      33: 0.098

             ENERGY    K= OMEGA
 
 I=  7/2- (1)  2.103  30: 0.183
                      31:-0.211
                      32: 0.509
                      33:-0.812
 
 I=  7/2- (2)  2.689  25:-0.072
                      26:-0.173
                      28: 0.082
                      30:-0.342
                      31:-0.302
                      32:-0.713
                      33:-0.449
                      34: 0.195
 
 I=  7/2- (3)  3.504  24: 0.064
                      25:-0.242
                      27:-0.132
                      28: 0.951
                      30: 0.066
                      34:-0.068
 
 I=  7/2- (4)  3.876  35: 0.725
                      36: 0.574
                      37: 0.351
                      38: 0.147
 
 I=  7/2- (5)  3.903  26:-0.102
                      28: 0.055
                      30:-0.148
                      31:-0.273
                      32: 0.314
                      33: 0.223
                      34: 0.860

             ENERGY    K= OMEGA
 
 I=  9/2- (1)  2.757  26: 0.174
                      27:-0.133
                      29: 0.255
                      30:-0.291
                      31:-0.356
                      32: 0.453
                      33: 0.661
                      34:-0.168
 
 I=  9/2- (2)  2.985  24: 0.063
                      25: 0.063
                      26: 0.055
                      27: 0.261
                      28: 0.172
                      29:-0.900
                      30:-0.099
                      31:-0.099
                      32: 0.149
                      33: 0.190
                      34:-0.060
 
 I=  9/2- (3)  3.848  24: 0.076
                      25:-0.147
                      26:-0.060
                      27: 0.074
                      28:-0.232
                      30:-0.163
                      31: 0.339
                      32: 0.742
                      33:-0.289
                      34: 0.365
 
 I=  9/2- (4)  3.949  26:-0.108
                      28: 0.097
                      30: 0.306
                      31: 0.126
                      32:-0.131
                      33: 0.519
                      34: 0.761
 
 I=  9/2- (5)  4.407  24: 0.101
                      25:-0.292
                      27: 0.164
                      28:-0.869
                      29:-0.135
                      30: 0.128
                      32:-0.206
                      33: 0.187
                      34:-0.084

             ENERGY    K= OMEGA
 
 I= 11/2- (1)  2.738  35: 0.686
                      36: 0.576
                      37: 0.397
                      38: 0.199
 
 I= 11/2- (2)  3.793  24: 0.120
                      25: 0.119
                      27:-0.371
                      28:-0.192
                      29:-0.748
                      30: 0.110
                      31:-0.174
                      32: 0.244
                      33:-0.368
 
 I= 11/2- (3)  4.075  27:-0.141
                      28:-0.117
                      29:-0.451
                      30:-0.256
                      31: 0.232
                      32:-0.510
                      33: 0.617
 
 I= 11/2- (4)  4.638  24: 0.087
                      25:-0.133
                      26:-0.281
                      27:-0.067
                      28: 0.199
                      30:-0.399
                      31:-0.417
                      32:-0.538
                      33:-0.416
                      34: 0.234
 
 I= 11/2- (5)  5.486  24:-0.127
                      25: 0.354
                      26:-0.100
                      27: 0.206
                      28:-0.847
                      29: 0.171
                      30:-0.159
                      31:-0.087
                      32:-0.074
                      33:-0.091
                      34: 0.115

             ENERGY    K= OMEGA
 
 I= 13/2- (1)  4.680  24: 0.134
                      25: 0.098
                      26:-0.250
                      27: 0.286
                      28: 0.114
                      29:-0.403
                      30: 0.331
                      31: 0.408
                      32:-0.349
                      33:-0.470
                      34: 0.185
 
 I= 13/2- (2)  4.970  35:-0.233
                      36: 0.581
                      37:-0.652
                      38: 0.427
 
 I= 13/2- (3)  5.068  24: 0.105
                      25: 0.115
                      26: 0.170
                      27: 0.359
                      28: 0.230
                      29:-0.718
                      30:-0.237
                      31:-0.236
                      32: 0.229
                      33: 0.256
                      34:-0.142
 
 I= 13/2- (4)  6.386  24: 0.166
                      25:-0.284
                      26:-0.101
                      27: 0.156
                      28:-0.460
                      29:-0.068
                      30:-0.110
                      31: 0.321
                      32: 0.634
                      34: 0.348
 
 I= 13/2- (5)  6.584  25:-0.141
                      26: 0.129
                      27: 0.105
                      28:-0.307
                      30:-0.277
                      31:-0.058
                      33:-0.591
                      34:-0.654

             ENERGY     K=-7/2
  32 LEVELS    TIME=  0.0 SEC



 ******************* EXCITATION ENERGIES, DOMINANT CONFIGURATION AND EXPECTATION VALUES (WITH S.P. UU+VV FACTORS) *******************

  NR  Eex(keV)  I   Kdom  NY    <Jz>  <Jx**2> <Jy**2> <Jz**2> <I.j>/|I|  <Rx**2> <Ry**2> <Rz**2> <R.j>/|R|  <HROTx> <HROTy> <HROTz>

   1    0.0   3/2-  -3/2  32   -1.41    1.55    1.55    2.16    1.45       1.71    1.71   -0.00   -1.33      0.208   0.208  -0.001
   2   53.8   5/2-   5/2  33    1.62    1.81    1.81    5.28    2.40       1.71    1.71    0.00   -0.97      0.209   0.209   0.000
   3  254.7   1/2-   1/2  34    0.50    1.21    1.21    0.25    0.83       0.99    0.99    0.00   -1.38      0.121   0.121   0.000
   4  621.7   5/2-  -3/2  32   -0.71    1.56    1.56    2.83    1.11       4.08    4.08   -0.00   -0.94      0.497   0.497  -0.001
   5  689.1   7/2-   5/2  33    1.21    1.94    1.94    4.84    2.02       4.23    4.23    0.00   -0.25      0.516   0.516   0.001
  
   6  904.0   3/2-   1/2  34    0.43    1.34    1.34    0.32   -0.12       3.60    3.60    0.00   -1.20      0.439   0.439   0.000
   7  928.0   5/2-   1/2  34    0.45    1.60    1.60    0.43    0.86       3.63    3.63   -0.00   -0.40      0.443   0.443  -0.000
   8 1275.6   7/2-  -3/2  32   -0.32    1.78    1.78    2.79    1.39       5.55    5.55   -0.00   -0.26      0.677   0.677  -0.001
   9 1324.1  11/2-   1/2  35   -0.01   28.09   28.09    2.34    7.19       4.11    4.11    0.00   -5.40      0.502   0.502   0.000
  10 1343.6   9/2-   5/2  33    0.90    2.85    2.85    5.09    2.50       5.32    5.32    0.00    0.51      0.648   0.648   0.001
  
  11 1571.0   9/2-   9/2  29    3.37    2.70    2.70   17.94    4.28       2.75    2.75   -0.00   -0.87      0.335   0.335  -0.000
  12 1795.4   1/2-   1/2  30    0.50    4.08    4.08    0.25    0.39       4.24    4.24    0.00   -2.77      0.517   0.517   0.000
  13 1869.1   5/2-  -3/2  31   -0.53    3.81    3.81    1.60    1.62       4.20    4.20   -0.00   -1.53      0.512   0.512  -0.000
  14 2090.6   7/2-  -7/2  28   -3.07    2.27    2.27   11.71    3.39       2.54    2.54    0.00   -1.24      0.310   0.310   0.000
  15 2379.4  11/2-   9/2  29    2.19    3.25    3.25   14.70    3.73       6.15    6.15    0.00    0.32      0.750   0.750   0.000
  
  16 2434.2   9/2-  -3/2  32   -0.85    1.63    1.63    2.96    1.08      10.11   10.11   -0.00   -0.19      1.232   1.232  -0.002
  17 2462.4   7/2-   1/2  35    0.00   28.22   28.22    1.91    7.07       9.00    9.00    0.00   -7.14      1.097   1.097   0.000
  18 2489.6   7/2-   1/2  34    0.24    1.80    1.80    0.95    0.02      10.06   10.06    0.00   -0.99      1.227   1.227   0.001
  19 2535.5   9/2-   1/2  34    0.94    2.09    2.09    2.08    1.04      10.34   10.34    0.00   -0.24      1.260   1.260   0.000
  20 2661.5  11/2-   5/2  33    1.32    2.29    2.29    7.65    2.21      10.74   10.74    0.00    0.22      1.310   1.310   0.001
  
  21 2993.7   9/2-  -7/2  28   -2.38    2.29    2.29   10.88    2.71       6.61    6.61    0.00   -0.54      0.806   0.806   0.000
  22 3118.5   5/2-   1/2  30   -0.14    4.14    4.14    1.00   -0.38      10.14   10.14    0.00   -2.31      1.236   1.236   0.001
  23 3224.5  11/2-  -3/2  32   -0.20    2.26    2.26    2.94    1.65      11.74   11.74   -0.00    0.50      1.431   1.431  -0.001
  24 3266.1  13/2-   5/2  33    0.69    3.84    3.84    6.70    2.97      10.80   10.80    0.00    1.37      1.317   1.317   0.001
  25 3556.8  13/2-   5/2  37   -0.06   27.07   27.07    5.67    6.11      11.61   11.61    0.00   -3.56      1.415   1.415   0.000
  
  26 3654.2  13/2-   9/2  29    1.80    3.44    3.44   13.49    3.38      10.95   10.95    0.00    0.69      1.335   1.335   0.000
  27 3742.8   1/2-   1/2  26    0.50    4.96    4.96    0.25    0.68       4.86    4.86   -0.00   -3.07      0.593   0.593  -0.000
  28 4072.3  11/2-  -7/2  28   -2.15    2.47    2.47   10.87    2.60      10.25   10.25    0.00   -0.06      1.250   1.250   0.001
  29 4972.5  13/2-  -3/2  32   -1.21    2.04    2.04    4.84    1.55      17.97   17.97   -0.00    0.32      2.191   2.191  -0.001
  30 5170.0  13/2-   1/2  34    0.81    2.16    2.16    3.74    1.13      20.48   20.48    0.00   -0.02      2.497   2.497   0.000
  
  31 8030.2   1/2-   1/2  35    0.50   28.65   28.65    0.25   -4.06      32.66   32.66    0.00   -7.55      3.982   3.982   0.000
  32*******   1/2-  -3/2  32    0.00    0.00    0.00    0.00   -0.00       0.00    0.00    0.00   -0.00      0.000   0.000   0.000
