1SPECTRUM OF (Z= 82 A=207) IN PARTICLE-ROTOR  MODEL WITH MODIFIED OSCILLATOR POTENTIAL


 PARITY=-   EPS= 0.165   GAMMA=  0.0   EPS4=0.000   EPS6=0.000   LEVELS:  25  26  27  28  29  30  31  32  33  34  35  36  37  38  39

 PAIRING FACTORS: GN0= 19.20  GN1=  7.40  IPAIR= 15 ***  E2PLUS(INPUT)=   0.730  E2PLUR(INPUT)=   0.000

 CORIOLIS ATTENUATION PARAMETERS:  CHSI=1.000  ETA=  1.00

 MOMENT OF INERTIA PARAMETERS:   A1=  0.122 MEV   A2=  0.122 MEV   A3=121.91922 MEV


 DELTA=0.867 MEV  LAMBDA=53.4185 MEV   HW0= 7.4343 MEV   LAMBDA/HW0= 7.1854

 E2ENERGY=0.730 MEV  HBAR**2/B= 5048./A**(7/3)= 853.4/A**2 MEV

 IREC=0  =>  RECOIL TERMS j+j-, j+j+, jzjz, ETC TREATED AS ONE-BODY OPERATORS WITH UU+VV PAIRING FACTORS



 S. P. LEVEL   EQP       U     V        (UU + VV)**1.00

     25       4.350    0.100 0.995      1.000 1.000 1.000 0.999 0.997 0.995 0.993 0.848 0.751 0.495 0.336 0.311 0.274 0.240 0.212
     26       3.855    0.113 0.994      1.000 1.000 1.000 1.000 0.998 0.996 0.994 0.855 0.760 0.506 0.349 0.323 0.287 0.252 0.224
     27       3.772    0.116 0.993      1.000 1.000 1.000 1.000 0.998 0.996 0.995 0.856 0.762 0.509 0.351 0.325 0.289 0.255 0.227
     28       3.055    0.143 0.990      0.999 1.000 1.000 1.000 0.999 0.998 0.997 0.870 0.779 0.532 0.377 0.352 0.316 0.282 0.254
     29       2.515    0.175 0.985      0.997 0.998 0.998 0.999 1.000 1.000 0.999 0.886 0.799 0.559 0.407 0.382 0.346 0.312 0.285
     30       2.190    0.202 0.979      0.995 0.996 0.996 0.998 1.000 1.000 1.000 0.898 0.815 0.582 0.432 0.407 0.372 0.338 0.311
     31       2.031    0.219 0.976      0.993 0.994 0.995 0.997 0.999 1.000 1.000 0.905 0.825 0.596 0.447 0.422 0.387 0.354 0.327
     32       0.895    0.612 0.791      0.848 0.855 0.856 0.870 0.886 0.898 0.905 1.000 0.987 0.880 0.784 0.767 0.742 0.718 0.698
     33       0.869    0.732 0.681      0.751 0.760 0.762 0.779 0.799 0.815 0.825 0.987 1.000 0.945 0.874 0.861 0.841 0.821 0.804
     34       1.169    0.914 0.406      0.495 0.506 0.509 0.532 0.559 0.582 0.596 0.880 0.945 1.000 0.985 0.980 0.971 0.962 0.954
     35       1.858    0.971 0.240      0.336 0.349 0.351 0.377 0.407 0.432 0.447 0.784 0.874 0.985 1.000 1.000 0.998 0.995 0.992
     36       2.076    0.977 0.214      0.311 0.323 0.325 0.352 0.382 0.407 0.422 0.767 0.861 0.980 1.000 1.000 0.999 0.997 0.995
     37       2.498    0.984 0.176      0.274 0.287 0.289 0.316 0.346 0.372 0.387 0.742 0.841 0.971 0.998 0.999 1.000 0.999 0.998
     38       3.104    0.990 0.141      0.240 0.252 0.255 0.282 0.312 0.338 0.354 0.718 0.821 0.962 0.995 0.997 0.999 1.000 1.000
     39       3.873    0.994 0.113      0.212 0.224 0.227 0.254 0.285 0.311 0.327 0.698 0.804 0.954 0.992 0.995 0.998 1.000 1.000

  R CORE   ENERGY   A0R/A00=1.000    R3= 0     2  
   2( 1)    0.732                    1.000 0.000
   2( 2)  487.921                    0.000 1.000

  R CORE   ENERGY   A0R/A00=1.000    R3= 0     2  
   3( 1)  488.652                    0.000 1.000

  R CORE   ENERGY   A0R/A00=1.000    R3= 0     2     4  
   4( 1)    2.438                    1.000 0.000 0.000

  R CORE   ENERGY   A0R/A00=1.000    R3= 0     2     4  
   5( 1)  490.847                    0.000 1.000 0.000

  R CORE   ENERGY   A0R/A00=1.000    R3= 0     2     4     6  
   6( 1)    5.121                    1.000 0.000 0.000 0.000

  R CORE   ENERGY   A0R/A00=1.000    R3= 0     2     4     6  
   7( 1)  494.017                    0.000 1.000 0.000 0.000

          AXIAL SYMMETRY => K RESTRICTED TO OMEGA

                     K
     S.P. ORB#: 25  2.50
     S.P. ORB#: 26 -3.50
     S.P. ORB#: 27  0.50
     S.P. ORB#: 28 -3.50
     S.P. ORB#: 29  4.50
     S.P. ORB#: 30  0.50
     S.P. ORB#: 31 -1.50
     S.P. ORB#: 32 -1.50
     S.P. ORB#: 33  2.50
     S.P. ORB#: 34  0.50
     S.P. ORB#: 35  0.50
     S.P. ORB#: 36 -1.50
     S.P. ORB#: 37  2.50
     S.P. ORB#: 38 -3.50
     S.P. ORB#: 39  4.50
 

             ENERGY    K= OMEGA
 
 I=  1/2- (1)  1.397  27:-0.064
                      34:-0.998
 
 I=  1/2- (2)  3.178  30: 1.000
 
 I=  1/2- (3)  4.844  27: 0.998
                      34:-0.064
 
 I=  1/2- (4) 10.023  35:-1.000
 
 I=  1/2- (5)147.199  32:-1.000

             ENERGY    K= OMEGA
 
 I=  3/2- (1)  1.354  27: 0.053
                      30: 0.200
                      31: 0.120
                      32: 0.966
                      34:-0.097
 
 I=  3/2- (2)  2.065  30: 0.131
                      31: 0.102
                      32:-0.138
                      34:-0.976
 
 I=  3/2- (3)  3.027  27: 0.109
                      30:-0.271
                      31: 0.952
                      32:-0.061
                      34: 0.071
 
 I=  3/2- (4)  3.377  27:-0.405
                      30:-0.860
                      31:-0.174
                      32: 0.206
                      34:-0.158
 
 I=  3/2- (5)  5.955  27: 0.906
                      30:-0.361
                      31:-0.198
                      34:-0.085

             ENERGY    K= OMEGA
 
 I=  5/2- (1)  1.332  27: 0.052
                      30:-0.132
                      31:-0.191
                      32: 0.378
                      33: 0.891
                      34:-0.081
 
 I=  5/2- (2)  1.952  30:-0.244
                      31: 0.163
                      32: 0.879
                      33:-0.372
 
 I=  5/2- (3)  2.083  30:-0.116
                      31:-0.157
                      33:-0.127
                      34:-0.972
 
 I=  5/2- (4)  3.234  27: 0.404
                      30:-0.463
                      31:-0.733
                      32:-0.083
                      33:-0.196
                      34: 0.199
 
 I=  5/2- (5)  4.537  27:-0.065
                      30: 0.789
                      31:-0.536
                      32: 0.270
                      33:-0.109

             ENERGY    K= OMEGA
 
 I=  7/2- (1)  1.957  30: 0.172
                      31:-0.229
                      32: 0.469
                      33:-0.834
 
 I=  7/2- (2)  2.580  25:-0.062
                      27:-0.183
                      30:-0.363
                      31:-0.291
                      32:-0.729
                      33:-0.405
                      34: 0.217
 
 I=  7/2- (3)  3.683  25:-0.105
                      27: 0.062
                      28: 0.297
                      30: 0.128
                      31: 0.175
                      32:-0.279
                      33:-0.175
                      34:-0.860
 
 I=  7/2- (4)  3.797  25: 0.230
                      26: 0.113
                      28:-0.910
                      32:-0.127
                      33:-0.079
                      34:-0.290
 
 I=  7/2- (5)  4.292  35: 0.715
                      36: 0.576
                      37: 0.363
                      38: 0.159

             ENERGY    K= OMEGA
 
 I=  9/2- (1)  2.598  26:-0.069
                      27: 0.177
                      29: 0.075
                      30:-0.304
                      31:-0.364
                      32: 0.459
                      33: 0.693
                      34:-0.199
 
 I=  9/2- (2)  3.240  25: 0.092
                      26: 0.261
                      28: 0.211
                      29:-0.931
                      31:-0.053
                      34:-0.060
 
 I=  9/2- (3)  3.723  27: 0.062
                      29: 0.059
                      30:-0.121
                      31:-0.199
                      32:-0.246
                      33:-0.272
                      34:-0.896
 
 I=  9/2- (4)  3.774  25: 0.106
                      28: 0.122
                      30: 0.327
                      31:-0.231
                      32:-0.730
                      33: 0.526
 
 I=  9/2- (5)  4.698  25:-0.314
                      26: 0.147
                      27: 0.101
                      28:-0.883
                      29:-0.187
                      31:-0.162
                      32:-0.152
                      34: 0.076

             ENERGY    K= OMEGA
 
 I= 11/2- (1)  2.998  35:-0.650
                      36:-0.563
                      37:-0.420
                      38:-0.263
                      39:-0.122
 
 I= 11/2- (2)  3.797  25: 0.085
                      26:-0.155
                      28:-0.083
                      29:-0.246
                      30: 0.249
                      31:-0.285
                      32: 0.510
                      33:-0.706
 
 I= 11/2- (3)  4.202  25: 0.131
                      26:-0.312
                      28:-0.276
                      29:-0.846
                      30:-0.094
                      31: 0.101
                      32:-0.165
                      33: 0.218
 
 I= 11/2- (4)  4.536  25:-0.084
                      27:-0.296
                      28: 0.085
                      30:-0.432
                      31:-0.395
                      32:-0.566
                      33:-0.411
                      34: 0.254
 
 I= 11/2- (5)  5.801  25: 0.377
                      26: 0.177
                      27:-0.091
                      28:-0.832
                      29: 0.268
                      30:-0.099
                      31:-0.110
                      34: 0.171

             ENERGY    K= OMEGA
 
 I= 13/2- (1)  4.558  35:-0.179
                      36: 0.471
                      37:-0.598
                      38: 0.535
                      39:-0.319
 
 I= 13/2- (2)  4.576  25:-0.068
                      26:-0.104
                      27: 0.282
                      28:-0.054
                      29: 0.124
                      30:-0.396
                      31:-0.440
                      32: 0.426
                      33: 0.548
                      34:-0.235
 
 I= 13/2- (3)  5.329  25: 0.190
                      26: 0.379
                      27: 0.081
                      28: 0.330
                      29:-0.819
                      30:-0.099
                      31:-0.111
                      34:-0.094
 
 I= 13/2- (4)  6.365  27: 0.093
                      29: 0.105
                      30:-0.092
                      31:-0.182
                      32:-0.362
                      33:-0.356
                      34:-0.825
 
 I= 13/2- (5)  6.490  25:-0.181
                      26: 0.097
                      28:-0.244
                      29:-0.084
                      30:-0.347
                      31: 0.270
                      32: 0.619
                      33:-0.558
                      34:-0.064

             ENERGY     K= 9/2
  35 LEVELS    TIME=  0.0 SEC



 ******************* EXCITATION ENERGIES, DOMINANT CONFIGURATION AND EXPECTATION VALUES (WITH S.P. UU+VV FACTORS) *******************

  NR  Eex(keV)  I   Kdom  NY    <Jz>  <Jx**2> <Jy**2> <Jz**2> <I.j>/|I|  <Rx**2> <Ry**2> <Rz**2> <R.j>/|R|  <HROTx> <HROTy> <HROTz>

   1    0.0   5/2-   5/2  33    1.73    1.82    1.82    5.37    2.47       1.57    1.57    0.00   -0.96      0.192   0.192   0.000
   2   22.4   3/2-  -3/2  32   -1.40    1.49    1.49    2.15    1.48       1.56    1.56   -0.00   -1.27      0.190   0.190  -0.000
   3   65.8   1/2-   1/2  34    0.50    1.12    1.12    0.25    0.84       0.89    0.89    0.00   -1.32      0.109   0.109   0.000
   4  620.8   5/2-  -3/2  32   -0.82    1.52    1.52    2.69    1.14       3.88    3.88   -0.00   -0.85      0.473   0.473  -0.000
   5  625.4   7/2-   5/2  33    1.34    1.94    1.94    4.99    2.09       4.00    4.00   -0.00   -0.20      0.487   0.487  -0.000
  
   6  733.1   3/2-   1/2  34    0.44    1.21    1.21    0.31   -0.18       3.58    3.58    0.00   -1.15      0.437   0.437   0.000
   7  751.7   5/2-   1/2  34    0.48    1.39    1.39    0.40    0.79       3.63    3.63    0.00   -0.31      0.442   0.442   0.000
   8 1247.9   7/2-  -3/2  32   -0.41    1.64    1.64    2.52    1.38       5.30    5.30    0.00   -0.10      0.646   0.646   0.000
   9 1266.2   9/2-   5/2  33    0.78    2.69    2.69    4.00    2.35       5.39    5.39    0.00    0.70      0.657   0.657   0.000
  10 1666.8  11/2-   1/2  35    0.00   28.42   28.42    3.08    7.42       3.45    3.45    0.00   -5.91      0.421   0.421   0.000
  
  11 1695.0   3/2-  -3/2  31   -1.32    3.84    3.84    2.07    1.43       3.98    3.98    0.00   -2.48      0.486   0.486   0.000
  12 1846.5   1/2-   1/2  30    0.50    3.92    3.92    0.25    0.43       4.05    4.05   -0.00   -2.71      0.493   0.493  -0.000
  13 1902.2   5/2-  -3/2  31   -0.51    3.74    3.74    1.57    1.66       3.98    3.98    0.00   -1.46      0.486   0.486   0.000
  14 1908.0   9/2-   9/2  29    3.53    2.72    2.72   19.00    4.45       2.48    2.48    0.00   -1.04      0.302   0.302   0.000
  15 2045.1   3/2-   1/2  30    0.36    3.13    3.13    0.39    0.54       4.15    4.15    0.00   -1.94      0.506   0.506   0.000
  
  16 2350.9   7/2-   1/2  34    0.00    1.59    1.59    1.81    0.25       9.36    9.36   -0.00   -0.92      1.141   1.141  -0.000
  17 2390.9   9/2-   1/2  34    0.46    1.53    1.53    0.97    0.81      10.36   10.36    0.00   -0.00      1.264   1.264   0.000
  18 2442.5   9/2-  -3/2  32   -0.16    1.68    1.68    3.35    1.01      10.70   10.70   -0.00   -0.36      1.304   1.304  -0.000
  19 2465.4   7/2-  -7/2  28   -2.77    2.27    2.27   10.72    3.01       3.57    3.57   -0.00   -1.24      0.435   0.435  -0.000
  20 2465.4  11/2-   5/2  33    0.95    2.38    2.38    5.55    2.11      10.39   10.39    0.00    0.51      1.267   1.267   0.000
  
  21 2870.6  11/2-   9/2  29    2.72    2.93    2.93   17.11    3.80       6.62    6.62    0.00   -0.06      0.807   0.807   0.000
  22 2960.1   7/2-   1/2  35   -0.00   28.83   28.83    2.01    7.18       9.21    9.21   -0.00   -7.26      1.123   1.123  -0.000
  23 3204.7  11/2-  -3/2  32   -0.13    1.97    1.97    2.37    1.52      11.95   11.95    0.00    0.57      1.456   1.456   0.000
  24 3205.3   5/2-   1/2  30   -0.19    3.99    3.99    1.05   -0.45      10.22   10.22    0.00   -2.29      1.246   1.246   0.000
  25 3225.9  13/2-   5/2  37    0.03   26.41   26.41    8.31    6.78       7.63    7.63   -0.00   -3.54      0.930   0.930  -0.000
  
  26 3244.2  13/2-   5/2  33    0.37    3.42    3.42    3.30    2.49      12.07   12.07    0.00    1.47      1.471   1.471   0.000
  27 3366.7   9/2-  -7/2  28   -2.46    2.48    2.48   11.25    2.80       6.55    6.55   -0.00   -0.63      0.799   0.799  -0.000
  28 3512.7   1/2-   1/2  27    0.50    4.52    4.52    0.25    0.66       4.45    4.45    0.00   -2.92      0.542   0.542   0.000
  29 3997.1  13/2-   9/2  29    2.22    3.37    3.37   16.95    3.71      10.31   10.31    0.00    0.49      1.257   1.257   0.001
  30 4469.2  11/2-  -7/2  28   -1.84    2.66    2.66   11.25    2.56      10.88   10.88   -0.00   -0.28      1.327   1.327  -0.000
  
  31 4623.8   3/2-   1/2  27    0.42    5.19    5.19    0.33   -1.52      10.18   10.18    0.00   -3.03      1.241   1.241   0.000
  32 5033.6  13/2-   1/2  34    0.47    1.56    1.56    1.56    0.78      21.29   21.29   -0.00    0.11      2.596   2.596  -0.000
  33 5158.3  13/2-  -3/2  32    0.03    1.85    1.85    4.19    1.07      20.84   20.84   -0.00   -0.06      2.541   2.541  -0.000
  34 8691.7   1/2-   1/2  35    0.50   29.41   29.41    0.25   -4.13      33.49   33.49    0.00   -7.66      4.083   4.083   0.000
  35*******   1/2-  -3/2  32    0.00    0.00    0.00    0.00   -0.00       0.00    0.00    0.00   -0.00      0.000   0.000   0.000
  
