1SPECTRUM OF (Z= 82 A=207) IN PARTICLE-ROTOR  MODEL WITH MODIFIED OSCILLATOR POTENTIAL


 PARITY=-   EPS= 0.391   GAMMA=  0.0   EPS4=0.000   EPS6=0.000   LEVELS:  24  25  26  27  28  29  30  31  32  33  34  35  36  37  38

 PAIRING FACTORS: GN0= 19.20  GN1=  7.40  IPAIR= 15 ***  E2PLUS(INPUT)=   0.730  E2PLUR(INPUT)=   0.000

 CORIOLIS ATTENUATION PARAMETERS:  CHSI=1.000  ETA=  1.00

 MOMENT OF INERTIA PARAMETERS:   A1=  0.122 MEV   A2=  0.122 MEV   A3=121.91924 MEV


 DELTA=0.851 MEV  LAMBDA=53.4687 MEV   HW0= 7.5530 MEV   LAMBDA/HW0= 7.0791

 E2ENERGY=0.730 MEV  HBAR**2/B=28347./A**(7/3)=4792.0/A**2 MEV

 IREC=0  =>  RECOIL TERMS j+j-, j+j+, jzjz, ETC TREATED AS ONE-BODY OPERATORS WITH UU+VV PAIRING FACTORS



 S. P. LEVEL   EQP       U     V        (UU + VV)**1.00

     24       4.296    0.100 0.995      1.000 1.000 0.999 0.998 0.995 0.993 0.928 0.892 0.837 0.560 0.418 0.405 0.318 0.228 0.226
     25       3.821    0.112 0.994      1.000 1.000 1.000 0.999 0.996 0.994 0.933 0.898 0.843 0.570 0.429 0.416 0.330 0.240 0.238
     26       3.021    0.142 0.990      0.999 1.000 1.000 1.000 0.999 0.997 0.943 0.911 0.859 0.595 0.456 0.444 0.359 0.269 0.268
     27       2.773    0.155 0.988      0.998 0.999 1.000 1.000 0.999 0.998 0.948 0.916 0.866 0.605 0.468 0.456 0.371 0.282 0.280
     28       2.215    0.196 0.981      0.995 0.996 0.999 0.999 1.000 1.000 0.960 0.932 0.886 0.638 0.504 0.492 0.409 0.321 0.320
     29       1.983    0.220 0.976      0.993 0.994 0.997 0.998 1.000 1.000 0.967 0.941 0.897 0.656 0.525 0.513 0.431 0.345 0.343
     30       1.037    0.463 0.886      0.928 0.933 0.943 0.948 0.960 0.967 1.000 0.996 0.980 0.828 0.726 0.716 0.648 0.574 0.573
     31       0.938    0.538 0.843      0.892 0.898 0.911 0.916 0.932 0.941 0.996 1.000 0.994 0.874 0.783 0.774 0.712 0.643 0.642
     32       0.870    0.628 0.778      0.837 0.843 0.859 0.866 0.886 0.897 0.980 0.994 1.000 0.922 0.847 0.840 0.786 0.724 0.723
     33       1.018    0.880 0.474      0.560 0.570 0.595 0.605 0.638 0.656 0.828 0.874 0.922 1.000 0.987 0.984 0.964 0.934 0.934
     34       1.383    0.946 0.325      0.418 0.429 0.456 0.468 0.504 0.525 0.726 0.783 0.847 0.987 1.000 1.000 0.994 0.980 0.979
     35       1.435    0.950 0.312      0.405 0.416 0.444 0.456 0.492 0.513 0.716 0.774 0.840 0.984 1.000 1.000 0.996 0.983 0.982
     36       1.965    0.975 0.222      0.318 0.330 0.359 0.371 0.409 0.431 0.648 0.712 0.786 0.964 0.994 0.996 1.000 0.996 0.995
     37       3.307    0.992 0.130      0.228 0.240 0.269 0.282 0.321 0.345 0.574 0.643 0.724 0.934 0.980 0.983 0.996 1.000 1.000
     38       3.350    0.992 0.128      0.226 0.238 0.268 0.280 0.320 0.343 0.573 0.642 0.723 0.934 0.979 0.982 0.995 1.000 1.000

  R CORE   ENERGY   A0R/A00=1.000    R3= 0     2  
   2( 1)    0.732                    1.000 0.000
   2( 2)  487.921                    0.000 1.000

  R CORE   ENERGY   A0R/A00=1.000    R3= 0     2  
   3( 1)  488.652                    0.000 1.000

  R CORE   ENERGY   A0R/A00=1.000    R3= 0     2     4  
   4( 1)    2.438                    1.000 0.000 0.000

  R CORE   ENERGY   A0R/A00=1.000    R3= 0     2     4  
   5( 1)  490.847                    0.000 1.000 0.000

  R CORE   ENERGY   A0R/A00=1.000    R3= 0     2     4     6  
   6( 1)    5.121                    1.000 0.000 0.000 0.000

  R CORE   ENERGY   A0R/A00=1.000    R3= 0     2     4     6  
   7( 1)  494.017                    0.000 1.000 0.000 0.000

          AXIAL SYMMETRY => K RESTRICTED TO OMEGA

                     K
     S.P. ORB#: 24  0.50
     S.P. ORB#: 25 -5.50
     S.P. ORB#: 26  0.50
     S.P. ORB#: 27  2.50
     S.P. ORB#: 28 -3.50
     S.P. ORB#: 29 -1.50
     S.P. ORB#: 30  0.50
     S.P. ORB#: 31 -1.50
     S.P. ORB#: 32  2.50
     S.P. ORB#: 33 -3.50
     S.P. ORB#: 34  0.50
     S.P. ORB#: 35  4.50
     S.P. ORB#: 36 -3.50
     S.P. ORB#: 37 -1.50
     S.P. ORB#: 38  0.50
 

             ENERGY    K= OMEGA
 
 I=  1/2- (1)  2.335  30: 0.999
 
 I=  1/2- (2)  4.326  26: 0.192
                      34:-0.913
                      38: 0.361
 
 I=  1/2- (3)  5.973  24: 0.999
 
 I=  1/2- (4)  7.277  26:-0.341
                      34: 0.283
                      38: 0.897
 
 I=  1/2- (5)  9.410  26:-0.920
                      34:-0.295
                      38:-0.256

             ENERGY    K= OMEGA
 
 I=  3/2- (1)  2.238  24: 0.061
                      30:-0.327
                      31: 0.943
 
 I=  3/2- (2)  2.432  24:-0.195
                      30:-0.914
                      31:-0.304
                      37:-0.185

             ENERGY    K= OMEGA
 
 I=  5/2- (1)  2.497  24:-0.261
                      30: 0.506
                      31: 0.818
                      37:-0.071
 
 I=  5/2- (2)  3.348  27: 0.067
                      30:-0.780
                      31: 0.522
                      37: 0.336
 
 I=  5/2- (3)  4.530  27: 0.907
                      30: 0.164
                      31:-0.111
                      37: 0.372
 
 I=  5/2- (4)  4.732  26: 0.144
                      34:-0.801
                      38: 0.580
 
 I=  5/2- (5)  4.740  24: 0.064
                      27: 0.415
                      30:-0.269
                      31: 0.095
                      37:-0.862

             ENERGY    K= OMEGA
 
 I=  7/2- (1)  1.903  27: 0.153
                      33:-0.988
 
 I=  7/2- (2)  3.416  24: 0.185
                      30: 0.912
                      31:-0.250
                      37: 0.269
 
 I=  7/2- (3)  3.485  24:-0.278
                      27: 0.074
                      30:-0.168
                      31:-0.936
                      37:-0.106
 
 I=  7/2- (4)  4.111  26: 0.605
                      29: 0.588
                      32: 0.491
                      36: 0.215
 
 I=  7/2- (5)  4.120  27: 0.182
                      28: 0.982

             ENERGY    K= OMEGA
 
 I=  9/2- (1)  2.363  27: 0.087
                      28:-0.164
                      33: 0.362
                      35: 0.914
 
 I=  9/2- (2)  2.981  27: 0.205
                      28: 0.098
                      33: 0.904
                      35:-0.360
 
 I=  9/2- (3)  3.708  24:-0.389
                      30: 0.563
                      31: 0.716
                      37:-0.129
 
 I=  9/2- (4)  4.777  26: 0.208
                      29:-0.553
                      32: 0.693
                      36:-0.413
 
 I=  9/2- (5)  5.222  27: 0.273
                      28:-0.743
                      30:-0.384
                      31: 0.335
                      35:-0.144
                      37: 0.300

             ENERGY    K= OMEGA
 
 I= 11/2- (1)  3.503  27:-0.136
                      28:-0.223
                      33: 0.445
                      35:-0.856
 
 I= 11/2- (2)  3.535  26: 0.604
                      29: 0.588
                      32: 0.473
                      34: 0.107
                      36: 0.230
 
 I= 11/2- (3)  4.283  27: 0.241
                      28:-0.145
                      33:-0.850
                      35:-0.442
 
 I= 11/2- (4)  5.165  25:-0.999
 
 I= 11/2- (5)  5.301  24:-0.361
                      30:-0.842
                      31:-0.232
                      37:-0.322

             ENERGY    K= OMEGA
 
 I= 13/2- (1)  4.877  27:-0.176
                      28: 0.263
                      33:-0.488
                      35:-0.812
 
 I= 13/2- (2)  5.333  26:-0.216
                      29: 0.565
                      32:-0.680
                      36: 0.415
 
 I= 13/2- (3)  5.737  24:-0.421
                      27: 0.138
                      28: 0.078
                      30: 0.507
                      31: 0.608
                      33: 0.321
                      35:-0.228
                      37:-0.123
 
 I= 13/2- (4)  5.834  24: 0.198
                      27: 0.232
                      28: 0.166
                      30:-0.254
                      31:-0.262
                      33: 0.744
                      35:-0.428
                      37: 0.089
 
 I= 13/2- (5)  6.752  25:-0.998

             ENERGY     K= 1/2
  32 LEVELS    TIME=  0.0 SEC



 ******************* EXCITATION ENERGIES, DOMINANT CONFIGURATION AND EXPECTATION VALUES (WITH S.P. UU+VV FACTORS) *******************

  NR  Eex(keV)  I   Kdom  NY    <Jz>  <Jx**2> <Jy**2> <Jz**2> <I.j>/|I|  <Rx**2> <Ry**2> <Rz**2> <R.j>/|R|  <HROTx> <HROTy> <HROTz>

   1    0.0   7/2-  -7/2  33   -3.36    2.30    2.30   12.11    3.22       3.45    3.45    0.00   -1.50      0.421   0.421   0.000
   2  334.8   3/2-  -3/2  31   -1.28    4.99    4.99    2.03    1.36       5.24    5.24   -0.00   -2.89      0.639   0.639  -0.000
   3  432.1   1/2-   1/2  30    0.50    5.00    5.00    0.25    0.23       5.29    5.29    0.00   -3.09      0.645   0.645   0.000
   4  459.7   9/2-   9/2  35    3.22    2.50    2.50   18.88    4.10       3.90    3.90    0.00   -1.24      0.476   0.476   0.000
   5  529.1   3/2-   1/2  30    0.25    4.69    4.69    0.50    0.97       4.93    4.93   -0.00   -2.55      0.601   0.601  -0.000
  
   6  594.4   5/2-  -3/2  31   -0.85    5.26    5.26    1.61    1.74       5.30    5.30   -0.00   -2.15      0.646   0.646  -0.000
   7 1077.4   9/2-  -7/2  33   -2.21    2.37    2.37   13.02    2.77       7.47    7.47    0.00   -1.03      0.911   0.911   0.000
   8 1445.3   5/2-   1/2  30   -0.26    4.50    4.50    1.05    0.31       8.48    8.48   -0.00   -2.22      1.034   1.034  -0.000
   9 1512.8   7/2-   1/2  30    0.23    4.67    4.67    0.52    1.05       8.65    8.65   -0.00   -1.37      1.054   1.054  -0.000
  10 1581.5   7/2-  -3/2  31   -1.27    4.97    4.97    2.08    1.17       9.22    9.22   -0.00   -1.71      1.124   1.124  -0.000
  
  11 1600.4  11/2-   9/2  35    2.47    2.66    2.66   18.01    3.51       8.55    8.55    0.00   -0.57      1.043   1.043   0.000
  12 1632.3  11/2-   1/2  26    0.04   23.21   23.21    2.92    6.14       5.86    5.86    0.00   -3.70      0.715   0.715   0.000
  13 1804.7   9/2-  -3/2  31   -0.56    5.50    5.50    1.33    1.92       8.98    8.98   -0.00   -0.65      1.095   1.095  -0.000
  14 2207.4   7/2-   1/2  26    0.10   22.82   22.82    2.94    6.02       8.27    8.27    0.00   -6.07      1.008   1.008   0.000
  15 2216.5   7/2-  -7/2  28   -3.30    6.24    6.24   12.03    3.12       7.74    7.74    0.00   -3.08      0.944   0.944   0.000
  
  16 2379.6  11/2-  -7/2  33   -1.58    2.45    2.45   13.46    2.43      12.51   12.51    0.00   -0.76      1.526   1.526   0.000
  17 2422.7   1/2-   1/2  34    0.50   11.14   11.14    0.25    1.01      10.77   10.77   -0.00   -4.67      1.313   1.313  -0.000
  18 2626.7   5/2-   5/2  27    1.84    5.47    5.47    5.48    1.83       7.18    7.18   -0.00   -2.91      0.876   0.876  -0.000
  19 2828.9   5/2-   1/2  34    0.50   11.29   11.29    0.26    1.66      10.88   10.88   -0.00   -3.84      1.327   1.327  -0.000
  20 2836.7   5/2-  -3/2  37   -0.66    2.91    2.91    2.79    0.57       7.00    7.00   -0.00   -1.85      0.853   0.853  -0.000
  
  21 2874.0   9/2-   5/2  32    0.17   23.66   23.66    5.79    5.12      13.47   13.47    0.00   -5.33      1.643   1.643   0.000
  22 2973.4  13/2-   9/2  35    1.96    2.81    2.81   17.35    3.12      14.11   14.11    0.00   -0.23      1.721   1.721   0.000
  23 3261.7  11/2- -11/2  25   -5.48    2.75    2.75   30.22    5.05       5.53    5.53    0.00   -1.66      0.674   0.674   0.000
  24 3319.1   9/2-  -7/2  28   -1.89    5.29    5.29    8.17    1.73      13.14   13.14    0.00   -1.98      1.602   1.602   0.000
  25 3397.8  11/2-   1/2  30    0.18    4.52    4.52    0.60    1.32      14.79   14.79   -0.00   -0.32      1.803   1.803  -0.000
  
  26 3430.0  13/2-   5/2  32    0.10   23.67   23.67    5.72    5.05      15.66   15.66    0.00   -3.18      1.909   1.909   0.000
  27 3834.3  13/2-  -3/2  31   -0.46    5.13    5.13    3.50    2.09      16.67   16.67    0.00    0.14      2.032   2.032   0.000
  28 3931.4  13/2-  -7/2  33   -1.15    3.07    3.07   11.42    2.13      18.31   18.31    0.00   -0.45      2.233   2.233   0.000
  29 4070.4   1/2-   1/2  24    0.50    6.97    6.97    0.25    0.64       6.91    6.91    0.00   -3.67      0.843   0.843   0.000
  30 4848.8  13/2- -11/2  25   -5.47    2.75    2.75   30.19    4.32      12.06   12.06    0.00   -1.13      1.470   1.470   0.000
  
  31 5374.1   1/2-   1/2  38    0.50   15.90   15.90    0.25   -0.59      16.91   16.91    0.00   -5.60      2.061   2.061   0.000
  32 7506.9   1/2-   1/2  26    0.50   23.22   23.22    0.25   -3.44      26.70   26.70    0.00   -6.80      3.255   3.255   0.000
