1SPECTRUM OF (Z= 82 A=207) IN PARTICLE-ROTOR  MODEL WITH MODIFIED OSCILLATOR POTENTIAL


 PARITY=-   EPS= 0.376   GAMMA=  0.0   EPS4=0.000   EPS6=0.000   LEVELS:  25  26  27  28  29  30  31  32  33  34  35  36  37  38  39

 PAIRING FACTORS: GN0= 19.20  GN1=  7.40  IPAIR= 15 ***  E2PLUS(INPUT)=   0.730  E2PLUR(INPUT)=   0.000

 CORIOLIS ATTENUATION PARAMETERS:  CHSI=1.000  ETA=  1.00

 MOMENT OF INERTIA PARAMETERS:   A1=  0.122 MEV   A2=  0.122 MEV   A3=121.91925 MEV


 DELTA=0.867 MEV  LAMBDA=53.4425 MEV   HW0= 7.5415 MEV   LAMBDA/HW0= 7.0865

 E2ENERGY=0.730 MEV  HBAR**2/B=26214./A**(7/3)=4431.4/A**2 MEV

 IREC=0  =>  RECOIL TERMS j+j-, j+j+, jzjz, ETC TREATED AS ONE-BODY OPERATORS WITH UU+VV PAIRING FACTORS



 S. P. LEVEL   EQP       U     V        (UU + VV)**1.00

     25       4.063    0.107 0.994      1.000 0.999 0.998 0.997 0.988 0.943 0.915 0.776 0.656 0.468 0.372 0.320 0.247 0.235 0.226
     26       2.890    0.152 0.988      0.999 1.000 1.000 0.999 0.994 0.957 0.932 0.804 0.690 0.507 0.413 0.362 0.291 0.279 0.270
     27       2.677    0.164 0.986      0.998 1.000 1.000 1.000 0.995 0.961 0.937 0.811 0.699 0.518 0.424 0.374 0.303 0.291 0.282
     28       2.330    0.189 0.982      0.997 0.999 1.000 1.000 0.998 0.968 0.945 0.826 0.717 0.539 0.447 0.397 0.327 0.315 0.306
     29       1.739    0.258 0.966      0.988 0.994 0.995 0.998 1.000 0.983 0.966 0.864 0.764 0.597 0.509 0.461 0.393 0.381 0.372
     30       1.115    0.431 0.902      0.943 0.957 0.961 0.968 0.983 1.000 0.997 0.942 0.869 0.734 0.658 0.616 0.555 0.544 0.536
     31       1.002    0.499 0.867      0.915 0.932 0.937 0.945 0.966 0.997 1.000 0.965 0.905 0.784 0.714 0.675 0.617 0.607 0.600
     32       0.867    0.710 0.704      0.776 0.804 0.811 0.826 0.864 0.942 0.965 1.000 0.985 0.920 0.874 0.845 0.803 0.795 0.789
     33       0.924    0.820 0.572      0.656 0.690 0.699 0.717 0.764 0.869 0.905 0.985 1.000 0.974 0.944 0.925 0.893 0.888 0.883
     34       1.261    0.929 0.370      0.468 0.507 0.518 0.539 0.597 0.734 0.784 0.920 0.974 1.000 0.994 0.987 0.972 0.969 0.967
     35       1.669    0.963 0.270      0.372 0.413 0.424 0.447 0.509 0.658 0.714 0.874 0.944 0.994 1.000 0.998 0.991 0.990 0.988
     36       2.053    0.976 0.216      0.320 0.362 0.374 0.397 0.461 0.616 0.675 0.845 0.925 0.987 0.998 1.000 0.997 0.996 0.995
     37       3.083    0.990 0.142      0.247 0.291 0.303 0.327 0.393 0.555 0.617 0.803 0.893 0.972 0.991 0.997 1.000 1.000 1.000
     38       3.370    0.992 0.130      0.235 0.279 0.291 0.315 0.381 0.544 0.607 0.795 0.888 0.969 0.990 0.996 1.000 1.000 1.000
     39       3.629    0.993 0.120      0.226 0.270 0.282 0.306 0.372 0.536 0.600 0.789 0.883 0.967 0.988 0.995 1.000 1.000 1.000

  R CORE   ENERGY   A0R/A00=1.000    R3= 0     2  
   2( 1)    0.732                    1.000 0.000
   2( 2)  487.921                    0.000 1.000

  R CORE   ENERGY   A0R/A00=1.000    R3= 0     2  
   3( 1)  488.652                    0.000 1.000

  R CORE   ENERGY   A0R/A00=1.000    R3= 0     2     4  
   4( 1)    2.438                    1.000 0.000 0.000

  R CORE   ENERGY   A0R/A00=1.000    R3= 0     2     4  
   5( 1)  490.847                    0.000 1.000 0.000

  R CORE   ENERGY   A0R/A00=1.000    R3= 0     2     4     6  
   6( 1)    5.121                    1.000 0.000 0.000 0.000

  R CORE   ENERGY   A0R/A00=1.000    R3= 0     2     4     6  
   7( 1)  494.017                    0.000 1.000 0.000 0.000

          AXIAL SYMMETRY => K RESTRICTED TO OMEGA

                     K
     S.P. ORB#: 25 -5.50
     S.P. ORB#: 26  2.50
     S.P. ORB#: 27  0.50
     S.P. ORB#: 28 -3.50
     S.P. ORB#: 29 -1.50
     S.P. ORB#: 30  0.50
     S.P. ORB#: 31 -1.50
     S.P. ORB#: 32  2.50
     S.P. ORB#: 33 -3.50
     S.P. ORB#: 34  4.50
     S.P. ORB#: 35  0.50
     S.P. ORB#: 36 -3.50
     S.P. ORB#: 37 -1.50
     S.P. ORB#: 38  2.50
     S.P. ORB#: 39  0.50
 

             ENERGY    K= OMEGA
 
 I=  1/2- (1)  2.406  30:-1.000
 
 I=  1/2- (2)  4.639  27:-0.196
                      35: 0.908
                      39:-0.371
 
 I=  1/2- (3)  7.467  27:-0.403
                      35: 0.271
                      39: 0.874
 
 I=  1/2- (4)  9.253  27: 0.894
                      35: 0.321
                      39: 0.313
 
 I=  1/2- (5)147.305  31: 1.000

             ENERGY    K= OMEGA
 
 I=  3/2- (1)  2.299  30:-0.444
                      31: 0.896
 
 I=  3/2- (2)  2.663  30:-0.863
                      31:-0.435
                      37:-0.256

             ENERGY    K= OMEGA
 
 I=  5/2- (1)  2.752  30: 0.397
                      31: 0.874
                      37:-0.089
                      38:-0.263
 
 I=  5/2- (2)  3.380  26:-0.057
                      30: 0.824
                      31:-0.385
                      37:-0.402
                      38: 0.093
 
 I=  5/2- (3)  4.096  26:-0.112
                      30:-0.226
                      31:-0.190
                      37:-0.457
                      38:-0.831
 
 I=  5/2- (4)  4.603  26: 0.567
                      30: 0.280
                      31:-0.220
                      37: 0.603
                      38:-0.434
 
 I=  5/2- (5)  4.726  26: 0.813
                      30:-0.186
                      31: 0.061
                      37:-0.508
                      38: 0.206

             ENERGY    K= OMEGA
 
 I=  7/2- (1)  1.786  26:-0.163
                      33: 0.985
 
 I=  7/2- (2)  3.328  30: 0.555
                      31:-0.746
                      37: 0.191
                      38:-0.312
 
 I=  7/2- (3)  3.956  27: 0.638
                      29: 0.587
                      32: 0.456
                      36: 0.202
 
 I=  7/2- (4)  4.026  26:-0.073
                      30: 0.724
                      31: 0.537
                      37: 0.365
                      38: 0.220
 
 I=  7/2- (5)  4.213  26:-0.197
                      28:-0.971
                      31: 0.052
                      38:-0.111

             ENERGY    K= OMEGA
 
 I=  9/2- (1)  2.185  26: 0.086
                      28:-0.164
                      33: 0.339
                      34: 0.922
 
 I=  9/2- (2)  2.831  26:-0.219
                      28:-0.097
                      33:-0.908
                      34: 0.337
 
 I=  9/2- (3)  4.282  30:-0.439
                      31:-0.776
                      33: 0.057
                      37: 0.210
                      38: 0.396
 
 I=  9/2- (4)  4.708  27:-0.210
                      29: 0.550
                      32:-0.687
                      36: 0.425
 
 I=  9/2- (5)  5.250  26: 0.144
                      28:-0.173
                      30:-0.679
                      31: 0.452
                      33:-0.055
                      37: 0.509
                      38:-0.141

             ENERGY    K= OMEGA
 
 I= 11/2- (1)  3.316  26:-0.138
                      28:-0.222
                      33: 0.431
                      34:-0.863
 
 I= 11/2- (2)  3.362  27: 0.626
                      29: 0.585
                      32: 0.454
                      35: 0.086
                      36: 0.229
 
 I= 11/2- (3)  4.104  26: 0.256
                      28:-0.145
                      31:-0.062
                      33:-0.849
                      34:-0.428
                      38:-0.070
 
 I= 11/2- (4)  5.279  30: 0.568
                      31:-0.672
                      33: 0.073
                      37: 0.276
                      38:-0.376
 
 I= 11/2- (5)  5.407  25: 0.999

             ENERGY    K= OMEGA
 
 I= 13/2- (1)  4.676  26: 0.181
                      28:-0.261
                      33: 0.481
                      34: 0.816
 
 I= 13/2- (2)  5.225  27:-0.215
                      29: 0.555
                      32:-0.677
                      36: 0.432
 
 I= 13/2- (3)  5.605  26:-0.282
                      28:-0.185
                      31:-0.087
                      33:-0.801
                      34: 0.478
                      38: 0.091
 
 I= 13/2- (4)  6.754  30:-0.448
                      31:-0.713
                      33: 0.102
                      34:-0.054
                      37: 0.280
                      38: 0.444
 
 I= 13/2- (5)  6.994  25: 0.998

             ENERGY     K= 1/2
  32 LEVELS    TIME=  0.0 SEC



 ******************* EXCITATION ENERGIES, DOMINANT CONFIGURATION AND EXPECTATION VALUES (WITH S.P. UU+VV FACTORS) *******************

  NR  Eex(keV)  I   Kdom  NY    <Jz>  <Jx**2> <Jy**2> <Jz**2> <I.j>/|I|  <Rx**2> <Ry**2> <Rz**2> <R.j>/|R|  <HROTx> <HROTy> <HROTz>

   1    0.0   7/2-  -7/2  33   -3.33    2.31    2.31   12.08    3.26       3.30    3.30    0.00   -1.47      0.402   0.402   0.000
   2  399.3   9/2-   9/2  34    3.35    2.50    2.50   19.01    4.14       3.78    3.78    0.00   -1.24      0.461   0.461   0.000
   3  513.4   3/2-  -3/2  31   -1.11    4.92    4.92    1.86    1.29       5.22    5.22   -0.00   -2.84      0.637   0.637  -0.000
   4  620.7   1/2-   1/2  30    0.50    4.89    4.89    0.25    0.10       5.30    5.30    0.00   -3.05      0.646   0.646   0.000
   5  877.5   3/2-   1/2  30   -0.01    4.60    4.60    0.76    0.49       5.91    5.91   -0.00   -2.62      0.720   0.720  -0.000
  
   6  966.5   5/2-  -3/2  31   -0.90    4.72    4.72    2.22    1.30       6.35    6.35   -0.00   -2.19      0.775   0.775  -0.000
   7 1045.5   9/2-  -7/2  33   -2.28    2.37    2.37   12.84    2.81       7.20    7.20    0.00   -0.95      0.878   0.878   0.000
   8 1530.6  11/2-   9/2  34    2.57    2.67    2.67   18.11    3.56       8.33    8.33   -0.00   -0.54      1.016   1.016  -0.000
   9 1542.3   7/2-  -3/2  31   -0.50    4.60    4.60    2.04    1.35       8.14    8.14   -0.00   -1.46      0.992   0.992  -0.000
  10 1576.0  11/2-   1/2  27    0.02   23.42   23.42    2.80    6.17       5.82    5.82    0.00   -3.74      0.709   0.709   0.000
  
  11 1593.9   5/2-   1/2  30   -0.09    4.25    4.25    0.94    0.39       7.95    7.95    0.00   -2.08      0.969   0.969   0.000
  12 2170.0   7/2-   1/2  27    0.06   22.99   22.99    2.67    6.04       8.21    8.21    0.00   -6.09      1.001   1.001   0.000
  13 2240.4   7/2-   1/2  30   -0.24    4.19    4.19    1.43    0.57      10.51   10.51   -0.00   -1.64      1.282   1.282  -0.000
  14 2310.5   5/2-   5/2  38    1.42    2.07    2.07    4.96    1.64       4.07    4.07   -0.00   -1.49      0.496   0.496  -0.000
  15 2317.8  11/2-  -7/2  33   -1.60    2.46    2.46   13.26    2.49      12.08   12.08    0.00   -0.67      1.473   1.473   0.000
  
  16 2427.4   7/2-  -7/2  28   -3.18    6.15    6.15   11.87    3.12       7.60    7.60    0.00   -3.03      0.927   0.927   0.000
  17 2496.4   9/2-  -3/2  31   -0.49    4.40    4.40    2.54    1.32      11.46   11.46   -0.00   -0.99      1.397   1.397  -0.000
  18 2817.4   5/2-  -3/2  37    0.70    3.67    3.67    4.13    0.95       7.31    7.31   -0.00   -2.27      0.891   0.891  -0.000
  19 2852.9   1/2-   1/2  35    0.50   11.21   11.21    0.25    0.92      10.91   10.91    0.00   -4.68      1.330   1.330   0.000
  20 2890.0  13/2-   9/2  34    2.02    2.83    2.83   17.39    3.17      13.79   13.79   -0.00   -0.18      1.682   1.682  -0.000
  
  21 2922.4   9/2-   5/2  32    0.12   23.88   23.88    5.86    5.17      13.46   13.46    0.00   -5.38      1.641   1.641   0.000
  22 2940.2   5/2-   5/2  26    1.38    4.76    4.76    5.00    1.39       7.52    7.52    0.00   -2.68      0.917   0.917   0.000
  23 3439.4  13/2-   5/2  32    0.05   23.89   23.89    5.86    5.11      15.51   15.51    0.00   -3.22      1.892   1.892   0.000
  24 3464.4   9/2-   1/2  30   -0.47    3.90    3.90    1.84    0.55      14.48   14.48    0.00   -1.29      1.765   1.765   0.000
  25 3493.3  11/2-  -3/2  31   -0.30    4.36    4.36    2.26    1.34      15.36   15.36   -0.00   -0.54      1.873   1.873  -0.000
  
  26 3621.4  11/2- -11/2  25   -5.49    2.75    2.75   30.22    5.05       5.53    5.53    0.00   -1.66      0.674   0.674   0.001
  27 3819.6  13/2-  -7/2  33   -1.14    2.55    2.55   13.49    2.25      17.94   17.94    0.00   -0.48      2.188   2.188   0.000
  28 4968.6  13/2-  -3/2  31   -0.32    4.17    4.17    2.82    1.30      20.90   20.90   -0.00   -0.33      2.548   2.548  -0.000
  29 5208.2  13/2- -11/2  25   -5.48    2.75    2.75   30.20    4.32      12.05   12.05    0.00   -1.13      1.469   1.469   0.001
  30 5681.4   1/2-   1/2  39    0.50   15.95   15.95    0.25   -0.60      16.96   16.96    0.00   -5.61      2.068   2.068   0.000
  
  31 7467.1   1/2-   1/2  27    0.50   23.56   23.56    0.25   -3.40      27.01   27.01   -0.00   -6.85      3.293   3.293  -0.000
  32*******   1/2-  -3/2  31    0.00    0.00    0.00    0.00    0.00       0.00    0.00    0.00   -0.00      0.000   0.000   0.000
