1SPECTRUM OF (Z= 82 A=207) IN PARTICLE-ROTOR  MODEL WITH MODIFIED OSCILLATOR POTENTIAL


 PARITY=-   EPS= 0.177   GAMMA=  0.0   EPS4=0.000   EPS6=0.000   LEVELS:  25  26  27  28  29  30  31  32  33  34  35  36  37  38  39

 PAIRING FACTORS: GN0= 19.20  GN1=  7.40  IPAIR= 15 ***  E2PLUS(INPUT)=   0.730  E2PLUR(INPUT)=   0.000

 CORIOLIS ATTENUATION PARAMETERS:  CHSI=1.000  ETA=  1.00

 MOMENT OF INERTIA PARAMETERS:   A1=  0.122 MEV   A2=  0.122 MEV   A3=121.91922 MEV


 DELTA=0.901 MEV  LAMBDA=53.4484 MEV   HW0= 7.4379 MEV   LAMBDA/HW0= 7.1860

 E2ENERGY=0.730 MEV  HBAR**2/B= 5809./A**(7/3)= 982.0/A**2 MEV

 IREC=0  =>  RECOIL TERMS j+j-, j+j+, jzjz, ETC TREATED AS ONE-BODY OPERATORS WITH UU+VV PAIRING FACTORS



 S. P. LEVEL   EQP       U     V        (UU + VV)**1.00

     25       4.326    0.105 0.995      1.000 1.000 1.000 0.999 0.996 0.994 0.992 0.809 0.707 0.475 0.379 0.343 0.296 0.253 0.221
     26       3.878    0.117 0.993      1.000 1.000 1.000 0.999 0.997 0.996 0.994 0.816 0.716 0.486 0.390 0.355 0.308 0.265 0.233
     27       3.820    0.119 0.993      1.000 1.000 1.000 0.999 0.997 0.996 0.994 0.817 0.717 0.487 0.392 0.357 0.309 0.267 0.235
     28       2.937    0.155 0.988      0.999 0.999 0.999 1.000 0.999 0.998 0.997 0.838 0.742 0.519 0.425 0.391 0.344 0.302 0.270
     29       2.399    0.191 0.982      0.996 0.997 0.997 0.999 1.000 1.000 0.999 0.857 0.766 0.550 0.458 0.424 0.378 0.337 0.306
     30       2.190    0.210 0.978      0.994 0.996 0.996 0.998 1.000 1.000 1.000 0.867 0.778 0.566 0.475 0.442 0.396 0.355 0.324
     31       2.030    0.228 0.974      0.992 0.994 0.994 0.997 0.999 1.000 1.000 0.876 0.790 0.581 0.491 0.458 0.413 0.372 0.341
     32       0.906    0.669 0.743      0.809 0.816 0.817 0.838 0.857 0.867 0.876 1.000 0.988 0.901 0.850 0.830 0.801 0.773 0.752
     33       0.921    0.777 0.629      0.707 0.716 0.717 0.742 0.766 0.778 0.790 0.988 1.000 0.958 0.922 0.907 0.885 0.863 0.846
     34       1.281    0.925 0.380      0.475 0.486 0.487 0.519 0.550 0.566 0.581 0.901 0.958 1.000 0.994 0.990 0.981 0.972 0.963
     35       1.677    0.960 0.280      0.379 0.390 0.392 0.425 0.458 0.475 0.491 0.850 0.922 0.994 1.000 0.999 0.996 0.991 0.986
     36       1.910    0.970 0.243      0.343 0.355 0.357 0.391 0.424 0.442 0.458 0.830 0.907 0.990 0.999 1.000 0.999 0.996 0.992
     37       2.365    0.981 0.194      0.296 0.308 0.309 0.344 0.378 0.396 0.413 0.801 0.885 0.981 0.996 0.999 1.000 0.999 0.997
     38       3.020    0.989 0.151      0.253 0.265 0.267 0.302 0.337 0.355 0.372 0.773 0.863 0.972 0.991 0.996 0.999 1.000 0.999
     39       3.851    0.993 0.118      0.221 0.233 0.235 0.270 0.306 0.324 0.341 0.752 0.846 0.963 0.986 0.992 0.997 0.999 1.000

  R CORE   ENERGY   A0R/A00=1.000    R3= 0     2  
   2( 1)    0.732                    1.000 0.000
   2( 2)  487.921                    0.000 1.000

  R CORE   ENERGY   A0R/A00=1.000    R3= 0     2  
   3( 1)  488.652                    0.000 1.000

  R CORE   ENERGY   A0R/A00=1.000    R3= 0     2     4  
   4( 1)    2.438                    1.000 0.000 0.000

  R CORE   ENERGY   A0R/A00=1.000    R3= 0     2     4  
   5( 1)  490.847                    0.000 1.000 0.000

  R CORE   ENERGY   A0R/A00=1.000    R3= 0     2     4     6  
   6( 1)    5.121                    1.000 0.000 0.000 0.000

  R CORE   ENERGY   A0R/A00=1.000    R3= 0     2     4     6  
   7( 1)  494.017                    0.000 1.000 0.000 0.000

          AXIAL SYMMETRY => K RESTRICTED TO OMEGA

                     K
     S.P. ORB#: 25  2.50
     S.P. ORB#: 26  0.50
     S.P. ORB#: 27 -3.50
     S.P. ORB#: 28 -3.50
     S.P. ORB#: 29  4.50
     S.P. ORB#: 30  0.50
     S.P. ORB#: 31 -1.50
     S.P. ORB#: 32 -1.50
     S.P. ORB#: 33  2.50
     S.P. ORB#: 34  0.50
     S.P. ORB#: 35  0.50
     S.P. ORB#: 36 -1.50
     S.P. ORB#: 37  2.50
     S.P. ORB#: 38 -3.50
     S.P. ORB#: 39  4.50
 

             ENERGY    K= OMEGA
 
 I=  1/2- (1)  1.520  26:-0.062
                      34:-0.998
 
 I=  1/2- (2)  3.201  30: 1.000
 
 I=  1/2- (3)  4.998  26: 0.998
                      34:-0.063
 
 I=  1/2- (4)  9.753  35: 1.000
 
 I=  1/2- (5)147.209  32: 1.000

             ENERGY    K= OMEGA
 
 I=  3/2- (1)  1.375  26: 0.050
                      30: 0.193
                      31: 0.113
                      32: 0.969
                      34:-0.087
 
 I=  3/2- (2)  2.179  30:-0.142
                      31:-0.115
                      32: 0.129
                      34: 0.975
 
 I=  3/2- (3)  3.049  26: 0.103
                      30:-0.280
                      31: 0.950
                      32:-0.053
                      34: 0.078
 
 I=  3/2- (4)  3.405  26:-0.386
                      30:-0.864
                      31:-0.187
                      32: 0.199
                      34:-0.173
 
 I=  3/2- (5)  6.095  26: 0.915
                      30:-0.343
                      31:-0.192
                      34:-0.082

             ENERGY    K= OMEGA
 
 I=  5/2- (1)  1.391  26: 0.051
                      30:-0.133
                      31:-0.186
                      32: 0.396
                      33: 0.885
                      34:-0.071
 
 I=  5/2- (2)  1.984  30:-0.231
                      31: 0.165
                      32: 0.874
                      33:-0.389
 
 I=  5/2- (3)  2.202  30:-0.132
                      31:-0.172
                      33:-0.127
                      34:-0.968
 
 I=  5/2- (4)  3.274  26: 0.393
                      30:-0.459
                      31:-0.737
                      32:-0.080
                      33:-0.193
                      34: 0.221
 
 I=  5/2- (5)  4.548  26:-0.065
                      30: 0.795
                      31:-0.532
                      32: 0.262
                      33:-0.106

             ENERGY    K= OMEGA
 
 I=  7/2- (1)  2.019  30: 0.177
                      31:-0.221
                      32: 0.487
                      33:-0.825
 
 I=  7/2- (2)  2.626  25:-0.065
                      26:-0.176
                      28: 0.057
                      30:-0.354
                      31:-0.292
                      32:-0.725
                      33:-0.428
                      34: 0.206
 
 I=  7/2- (3)  3.661  25:-0.245
                      27:-0.110
                      28: 0.927
                      30: 0.074
                      31: 0.089
                      34:-0.225
 
 I=  7/2- (4)  3.801  26: 0.064
                      28:-0.245
                      30: 0.127
                      31: 0.184
                      32:-0.305
                      33:-0.197
                      34:-0.867
 
 I=  7/2- (5)  4.095  35: 0.720
                      36: 0.575
                      37: 0.357
                      38: 0.154

             ENERGY    K= OMEGA
 
 I=  9/2- (1)  2.673  26: 0.176
                      27:-0.076
                      29: 0.105
                      30:-0.302
                      31:-0.359
                      32: 0.468
                      33: 0.690
                      34:-0.186
 
 I=  9/2- (2)  3.136  25: 0.085
                      27: 0.255
                      28: 0.203
                      29:-0.932
                      30:-0.053
                      31:-0.061
                      32: 0.053
                      33: 0.068
 
 I=  9/2- (3)  3.807  25: 0.097
                      26: 0.052
                      28: 0.107
                      30: 0.124
                      31:-0.322
                      32:-0.695
                      33: 0.188
                      34:-0.580
 
 I=  9/2- (4)  3.835  25:-0.067
                      26: 0.068
                      28:-0.109
                      30:-0.324
                      32: 0.326
                      33:-0.567
                      34:-0.666
 
 I=  9/2- (5)  4.586  25:-0.317
                      27: 0.130
                      28:-0.900
                      29:-0.190
                      30: 0.081
                      31:-0.056
                      32:-0.133
                      33: 0.095

             ENERGY    K= OMEGA
 
 I= 11/2- (1)  2.835  35: 0.655
                      36: 0.564
                      37: 0.416
                      38: 0.256
                      39: 0.117
 
 I= 11/2- (2)  3.852  25:-0.103
                      27: 0.202
                      28: 0.123
                      29: 0.384
                      30:-0.235
                      31: 0.256
                      32:-0.488
                      33: 0.653
 
 I= 11/2- (3)  4.128  25: 0.107
                      27:-0.280
                      28:-0.249
                      29:-0.799
                      30:-0.136
                      31: 0.142
                      32:-0.254
                      33: 0.327
 
 I= 11/2- (4)  4.597  25:-0.093
                      26:-0.289
                      28: 0.104
                      30:-0.424
                      31:-0.399
                      32:-0.558
                      33:-0.428
                      34: 0.247
 
 I= 11/2- (5)  5.692  25:-0.374
                      26: 0.089
                      27:-0.166
                      28: 0.847
                      29:-0.262
                      30: 0.106
                      31: 0.105
                      34:-0.131

             ENERGY    K= OMEGA
 
 I= 13/2- (1)  4.442  35:-0.182
                      36: 0.477
                      37:-0.600
                      38: 0.531
                      39:-0.312
 
 I= 13/2- (2)  4.666  25:-0.074
                      26: 0.281
                      27:-0.119
                      28:-0.065
                      29: 0.160
                      30:-0.392
                      31:-0.438
                      32: 0.426
                      33: 0.543
                      34:-0.226
 
 I= 13/2- (3)  5.250  25: 0.178
                      26: 0.090
                      27: 0.373
                      28: 0.318
                      29:-0.821
                      30:-0.112
                      31:-0.127
                      32: 0.057
                      33: 0.072
                      34:-0.092
 
 I= 13/2- (4)  6.442  25:-0.082
                      26:-0.118
                      28:-0.059
                      29:-0.119
                      31: 0.256
                      32: 0.492
                      33: 0.255
                      34: 0.766
 
 I= 13/2- (5)  6.536  25:-0.203
                      27: 0.110
                      28:-0.312
                      29:-0.089
                      30:-0.342
                      31: 0.207
                      32: 0.508
                      33:-0.608
                      34:-0.229

             ENERGY     K= 9/2
  35 LEVELS    TIME=  0.0 SEC



 ******************* EXCITATION ENERGIES, DOMINANT CONFIGURATION AND EXPECTATION VALUES (WITH S.P. UU+VV FACTORS) *******************

  NR  Eex(keV)  I   Kdom  NY    <Jz>  <Jx**2> <Jy**2> <Jz**2> <I.j>/|I|  <Rx**2> <Ry**2> <Rz**2> <R.j>/|R|  <HROTx> <HROTy> <HROTz>

   1    0.0   3/2-  -3/2  32   -1.41    1.52    1.52    2.16    1.47       1.63    1.63    0.00   -1.30      0.198   0.198   0.000
   2   15.5   5/2-   5/2  33    1.68    1.84    1.84    5.33    2.44       1.65    1.65   -0.00   -0.98      0.201   0.201  -0.000
   3  144.5   1/2-   1/2  34    0.50    1.16    1.16    0.25    0.84       0.94    0.94    0.00   -1.35      0.114   0.114   0.000
   4  608.5   5/2-  -3/2  32   -0.78    1.53    1.53    2.75    1.12       3.97    3.97   -0.00   -0.89      0.484   0.484  -0.000
   5  643.9   7/2-   5/2  33    1.28    1.95    1.95    4.93    2.06       4.10    4.10   -0.00   -0.22      0.500   0.500  -0.000
  
   6  804.0   3/2-   1/2  34    0.44    1.27    1.27    0.31   -0.15       3.59    3.59    0.00   -1.17      0.438   0.438   0.000
   7  826.5   5/2-   1/2  34    0.47    1.47    1.47    0.41    0.81       3.64    3.64    0.00   -0.35      0.444   0.444   0.000
   8 1251.1   7/2-  -3/2  32   -0.36    1.69    1.69    2.64    1.37       5.45    5.45    0.00   -0.18      0.665   0.665   0.000
   9 1298.2   9/2-   5/2  33    0.78    2.70    2.70    4.11    2.33       5.55    5.55   -0.00    0.62      0.677   0.677  -0.000
  10 1459.5  11/2-   1/2  35    0.00   28.19   28.19    2.99    7.37       3.47    3.47    0.00   -5.80      0.423   0.423   0.000
  
  11 1673.7   3/2-  -3/2  31   -1.31    3.92    3.92    2.06    1.42       4.08    4.08    0.00   -2.50      0.497   0.497   0.000
  12 1761.0   9/2-   9/2  29    3.56    2.69    2.69   18.99    4.42       2.56    2.56   -0.00   -1.05      0.312   0.312  -0.001
  13 1825.4   1/2-   1/2  30    0.50    3.99    3.99    0.25    0.41       4.14    4.14    0.00   -2.74      0.505   0.505   0.000
  14 1898.7   5/2-  -3/2  31   -0.52    3.79    3.79    1.57    1.63       4.14    4.14    0.00   -1.51      0.505   0.505   0.000
  15 2029.6   3/2-   1/2  30    0.35    3.24    3.24    0.40    0.53       4.29    4.29    0.00   -2.00      0.523   0.523   0.000
  
  16 2286.2   7/2-  -7/2  28   -2.89    2.35    2.35   11.10    3.22       2.98    2.98    0.00   -1.23      0.363   0.363   0.001
  17 2425.7   7/2-   1/2  34    0.09    1.60    1.60    1.47    0.08       9.90    9.90    0.00   -0.98      1.207   1.207   0.000
  18 2431.9   9/2-  -3/2  32   -0.62    1.41    1.41    1.88    0.84      10.54   10.54    0.00   -0.11      1.285   1.285   0.000
  19 2460.1   9/2-   1/2  34    0.88    1.98    1.98    2.59    1.03      10.51   10.51    0.00   -0.31      1.282   1.282   0.000
  20 2477.3  11/2-   5/2  33    1.13    2.50    2.50    7.11    2.36       9.79    9.79   -0.00    0.46      1.194   1.194  -0.000
  
  21 2720.0   7/2-   1/2  35   -0.00   28.56   28.56    1.96    7.13       9.11    9.11    0.00   -7.21      1.111   1.111   0.000
  22 2752.5  11/2-   9/2  29    2.56    2.78    2.78   15.58    3.50       7.50    7.50   -0.00   -0.05      0.914   0.914  -0.001
  23 3066.4  13/2-   5/2  37    0.03   26.30   26.30    8.20    6.74       7.68    7.68    0.00   -3.50      0.937   0.937   0.000
  24 3173.3   5/2-   1/2  30   -0.18    4.05    4.05    1.03   -0.44      10.24   10.24    0.00   -2.30      1.248   1.248   0.000
  25 3210.6   9/2-  -7/2  28   -2.49    2.51    2.51   11.60    2.86       6.46    6.46    0.00   -0.66      0.787   0.787   0.000
  
  26 3222.3  11/2-  -3/2  32   -0.10    2.05    2.05    2.50    1.52      12.10   12.10    0.00    0.50      1.475   1.475   0.000
  27 3291.1  13/2-   5/2  33    0.38    3.45    3.45    3.52    2.49      12.23   12.23   -0.00    1.40      1.492   1.492  -0.000
  28 3623.1   1/2-   1/2  26    0.50    4.73    4.73    0.25    0.67       4.64    4.64    0.00   -2.99      0.566   0.566   0.000
  29 3875.3  13/2-   9/2  29    2.27    3.33    3.33   16.88    3.67      10.49   10.49   -0.00    0.46      1.279   1.279  -0.001
  30 4316.5  11/2-  -7/2  28   -1.94    2.65    2.65   11.42    2.60      10.71   10.71    0.00   -0.26      1.306   1.306   0.000
  
  31 4719.7   3/2-   1/2  26    0.42    5.35    5.35    0.33   -1.49      10.27   10.27    0.00   -3.07      1.252   1.252   0.000
  32 5067.2  13/2-   1/2  34    0.07    1.62    1.62    1.63    0.82      21.10   21.10    0.00    0.13      2.573   2.573   0.000
  33 5160.8  13/2-   5/2  33    0.31    2.02    2.02    4.79    1.18      20.57   20.57    0.00   -0.10      2.508   2.508   0.000
  34 8377.9   1/2-   1/2  35    0.50   29.07   29.07    0.25   -4.10      33.12   33.12    0.00   -7.61      4.038   4.038   0.000
  35*******   1/2-  -3/2  32    0.00    0.00    0.00    0.00   -0.00       0.00    0.00    0.00   -0.00      0.000   0.000   0.000
  
