1SPECTRUM OF (Z= 82 A=207) IN PARTICLE-ROTOR  MODEL WITH MODIFIED OSCILLATOR POTENTIAL


 PARITY=-   EPS= 0.279   GAMMA=  0.0   EPS4=0.000   EPS6=0.000   LEVELS:  25  26  27  28  29  30  31  32  33  34  35  36  37  38  39

 PAIRING FACTORS: GN0= 19.20  GN1=  7.40  IPAIR= 15 ***  E2PLUS(INPUT)=   0.730  E2PLUR(INPUT)=   0.000

 CORIOLIS ATTENUATION PARAMETERS:  CHSI=1.000  ETA=  1.00

 MOMENT OF INERTIA PARAMETERS:   A1=  0.122 MEV   A2=  0.122 MEV   A3=121.91924 MEV


 DELTA=0.949 MEV  LAMBDA=53.3134 MEV   HW0= 7.4802 MEV   LAMBDA/HW0= 7.1272

 E2ENERGY=0.730 MEV  HBAR**2/B=14433./A**(7/3)=2439.9/A**2 MEV

 IREC=0  =>  RECOIL TERMS j+j-, j+j+, jzjz, ETC TREATED AS ONE-BODY OPERATORS WITH UU+VV PAIRING FACTORS



 S. P. LEVEL   EQP       U     V        (UU + VV)**1.00

     25       4.114    0.116 0.993      1.000 1.000 0.999 0.981 0.974 0.973 0.921 0.877 0.700 0.434 0.388 0.352 0.296 0.294 0.246
     26       3.571    0.134 0.991      1.000 1.000 1.000 0.984 0.978 0.977 0.928 0.886 0.713 0.451 0.404 0.368 0.313 0.311 0.263
     27       3.020    0.159 0.987      0.999 1.000 1.000 0.988 0.983 0.982 0.938 0.897 0.730 0.473 0.427 0.392 0.337 0.335 0.287
     28       1.625    0.307 0.952      0.981 0.984 0.988 1.000 1.000 0.999 0.979 0.954 0.825 0.601 0.559 0.527 0.476 0.474 0.429
     29       1.499    0.336 0.942      0.974 0.978 0.983 1.000 1.000 1.000 0.985 0.963 0.842 0.626 0.585 0.553 0.503 0.501 0.457
     30       1.473    0.343 0.939      0.973 0.977 0.982 0.999 1.000 1.000 0.986 0.965 0.846 0.631 0.591 0.559 0.510 0.507 0.463
     31       1.107    0.493 0.870      0.921 0.928 0.938 0.979 0.985 0.986 1.000 0.995 0.922 0.750 0.715 0.688 0.644 0.642 0.603
     32       1.006    0.579 0.816      0.877 0.886 0.897 0.954 0.963 0.965 0.995 1.000 0.957 0.813 0.782 0.758 0.718 0.717 0.681
     33       0.981    0.791 0.612      0.700 0.713 0.730 0.825 0.842 0.846 0.922 0.957 1.000 0.947 0.930 0.915 0.890 0.888 0.864
     34       1.537    0.945 0.327      0.434 0.451 0.473 0.601 0.626 0.631 0.750 0.813 0.947 1.000 0.999 0.996 0.989 0.989 0.980
     35       1.779    0.961 0.278      0.388 0.404 0.427 0.559 0.585 0.591 0.715 0.782 0.930 0.999 1.000 0.999 0.995 0.995 0.989
     36       2.034    0.971 0.240      0.352 0.368 0.392 0.527 0.553 0.559 0.688 0.758 0.915 0.996 0.999 1.000 0.998 0.998 0.994
     37       2.635    0.983 0.183      0.296 0.313 0.337 0.476 0.503 0.510 0.644 0.718 0.890 0.989 0.995 0.998 1.000 1.000 0.999
     38       2.668    0.984 0.181      0.294 0.311 0.335 0.474 0.501 0.507 0.642 0.717 0.888 0.989 0.995 0.998 1.000 1.000 0.999
     39       3.648    0.991 0.131      0.246 0.263 0.287 0.429 0.457 0.463 0.603 0.681 0.864 0.980 0.989 0.994 0.999 0.999 1.000

  R CORE   ENERGY   A0R/A00=1.000    R3= 0     2  
   2( 1)    0.732                    1.000 0.000
   2( 2)  487.921                    0.000 1.000

  R CORE   ENERGY   A0R/A00=1.000    R3= 0     2  
   3( 1)  488.652                    0.000 1.000

  R CORE   ENERGY   A0R/A00=1.000    R3= 0     2     4  
   4( 1)    2.438                    1.000 0.000 0.000

  R CORE   ENERGY   A0R/A00=1.000    R3= 0     2     4  
   5( 1)  490.847                    0.000 1.000 0.000

  R CORE   ENERGY   A0R/A00=1.000    R3= 0     2     4     6  
   6( 1)    5.121                    1.000 0.000 0.000 0.000

  R CORE   ENERGY   A0R/A00=1.000    R3= 0     2     4     6  
   7( 1)  494.017                    0.000 1.000 0.000 0.000

          AXIAL SYMMETRY => K RESTRICTED TO OMEGA

                     K
     S.P. ORB#: 25  0.50
     S.P. ORB#: 26  2.50
     S.P. ORB#: 27 -3.50
     S.P. ORB#: 28  0.50
     S.P. ORB#: 29 -3.50
     S.P. ORB#: 30 -1.50
     S.P. ORB#: 31  4.50
     S.P. ORB#: 32  0.50
     S.P. ORB#: 33 -1.50
     S.P. ORB#: 34  2.50
     S.P. ORB#: 35 -1.50
     S.P. ORB#: 36  2.50
     S.P. ORB#: 37 -3.50
     S.P. ORB#: 38  0.50
     S.P. ORB#: 39  0.50
 

             ENERGY    K= OMEGA
 
 I=  1/2- (1)  2.789  28:-0.983
                      38:-0.179
 
 I=  1/2- (2)  2.986  25:-0.067
                      28: 0.177
                      38:-0.982
 
 I=  1/2- (3)  5.568  25: 0.997
                      38:-0.061
 
 I=  1/2- (4)  6.384  32:-0.641
                      39: 0.768
 
 I=  1/2- (5)  9.361  32: 0.768
                      39: 0.641

             ENERGY    K= OMEGA
 
 I=  3/2- (1)  2.247  25: 0.097
                      28: 0.350
                      30: 0.210
                      35: 0.902
                      38:-0.100
 
 I=  3/2- (2)  2.645  25:-0.077
                      28: 0.285
                      30:-0.945
                      35: 0.125
                      38: 0.070
 
 I=  3/2- (3)  2.974  25:-0.220
                      28:-0.829
                      30:-0.158
                      35: 0.412
                      38: 0.264
 
 I=  3/2- (4)  3.719  25:-0.155
                      28:-0.226
                      30:-0.123
                      38:-0.953
 
 I=  3/2- (5)  4.719  32:-0.822
                      33:-0.366
                      39: 0.437

             ENERGY    K= OMEGA
 
 I=  5/2- (1)  2.382  25: 0.166
                      28:-0.321
                      30:-0.489
                      35: 0.381
                      36: 0.687
                      38:-0.115
 
 I=  5/2- (2)  2.877  25: 0.111
                      26:-0.053
                      28: 0.076
                      30:-0.513
                      35:-0.824
                      36: 0.071
                      38:-0.178
 
 I=  5/2- (3)  3.009  25:-0.199
                      28: 0.494
                      30: 0.373
                      35:-0.203
                      36: 0.695
                      38: 0.230
 
 I=  5/2- (4)  3.817  25:-0.168
                      30: 0.304
                      36: 0.101
                      38:-0.932
 
 I=  5/2- (5)  4.166  25:-0.085
                      28: 0.773
                      30:-0.457
                      35: 0.362
                      36:-0.171
                      38:-0.159

             ENERGY    K= OMEGA
 
 I=  7/2- (1)  2.257  26: 0.216
                      27:-0.065
                      29:-0.973
 
 I=  7/2- (2)  3.054  28:-0.301
                      30: 0.401
                      35:-0.492
                      36: 0.709
 
 I=  7/2- (3)  3.201  32:-0.744
                      33:-0.564
                      34:-0.329
                      37:-0.129
                      39: 0.057
 
 I=  7/2- (4)  3.333  25:-0.284
                      28:-0.501
                      29: 0.051
                      30:-0.501
                      35:-0.532
                      36:-0.296
                      38: 0.206
 
 I=  7/2- (5)  4.206  26: 0.054
                      27: 0.104
                      28: 0.532
                      30:-0.661
                      35:-0.138
                      36: 0.496

             ENERGY    K= OMEGA
 
 I=  9/2- (1)  1.922  26: 0.065
                      27:-0.229
                      29: 0.180
                      31: 0.954
 
 I=  9/2- (2)  3.165  26: 0.294
                      27: 0.096
                      29: 0.926
                      30: 0.083
                      31:-0.171
                      36:-0.082
 
 I=  9/2- (3)  3.441  25:-0.325
                      28: 0.447
                      29:-0.106
                      30: 0.596
                      35:-0.305
                      36:-0.445
                      38: 0.187
 
 I=  9/2- (4)  4.461  32:-0.243
                      33: 0.608
                      34:-0.646
                      37: 0.393
 
 I=  9/2- (5)  4.600  25: 0.209
                      26:-0.069
                      27: 0.068
                      28:-0.095
                      30:-0.407
                      35:-0.693
                      36:-0.444
                      38:-0.303

             ENERGY    K= OMEGA
 
 I= 11/2- (1)  2.376  32:-0.691
                      33:-0.577
                      34:-0.390
                      37:-0.190
 
 I= 11/2- (2)  2.938  26:-0.109
                      27:-0.308
                      29: 0.250
                      31:-0.911
 
 I= 11/2- (3)  4.302  26: 0.347
                      27:-0.127
                      29:-0.888
                      30:-0.074
                      31:-0.242
                      36:-0.078
 
 I= 11/2- (4)  4.967  28:-0.357
                      30: 0.456
                      35:-0.496
                      36: 0.641
 
 I= 11/2- (5)  5.182  25:-0.381
                      28:-0.551
                      29: 0.113
                      30:-0.512
                      35:-0.406
                      36:-0.240
                      38: 0.229

             ENERGY    K= OMEGA
 
 I= 13/2- (1)  4.174  26: 0.148
                      27:-0.358
                      29: 0.298
                      31: 0.872
 
 I= 13/2- (2)  4.614  32: 0.228
                      33:-0.587
                      34: 0.654
                      37:-0.419
 
 I= 13/2- (3)  5.331  25:-0.410
                      26: 0.053
                      28: 0.474
                      29: 0.124
                      30: 0.602
                      35:-0.242
                      36:-0.354
                      38: 0.204
 
 I= 13/2- (4)  5.688  25:-0.059
                      26:-0.380
                      27:-0.152
                      28: 0.092
                      29:-0.848
                      30: 0.057
                      31: 0.295
                      35:-0.104
 
 I= 13/2- (5)  7.280  25: 0.212
                      26:-0.068
                      27: 0.074
                      28:-0.085
                      29: 0.065
                      30:-0.279
                      35:-0.671
                      36:-0.546
                      38:-0.325

             ENERGY     K= 1/2
  35 LEVELS    TIME=  0.0 SEC



 ******************* EXCITATION ENERGIES, DOMINANT CONFIGURATION AND EXPECTATION VALUES (WITH S.P. UU+VV FACTORS) *******************

  NR  Eex(keV)  I   Kdom  NY    <Jz>  <Jx**2> <Jy**2> <Jz**2> <I.j>/|I|  <Rx**2> <Ry**2> <Rz**2> <R.j>/|R|  <HROTx> <HROTy> <HROTz>

   1    0.0   9/2-   9/2  31    3.81    2.59    2.59   19.51    4.40       2.83    2.83    0.00   -1.18      0.346   0.346   0.000
   2  325.0   3/2-  -3/2  35   -1.22    1.98    1.98    1.97    1.50       1.92    1.92   -0.00   -1.53      0.235   0.235  -0.000
   3  335.6   7/2-  -7/2  29   -3.21    2.31    2.31   11.95    3.40       2.68    2.68   -0.00   -1.34      0.327   0.327  -0.000
   4  453.8  11/2-   1/2  32   -0.01   25.95   25.95    2.26    6.67       5.06    5.06    0.00   -4.48      0.617   0.617   0.000
   5  460.0   5/2-   5/2  36    0.68    3.07    3.07    3.85    2.48       2.03    2.03    0.00   -1.32      0.248   0.248   0.000
  
   6  723.3   3/2-  -3/2  30   -1.32    4.58    4.58    2.07    1.46       4.65    4.65    0.00   -2.75      0.567   0.567   0.000
   7  867.4   1/2-   1/2  28    0.50    4.52    4.52    0.25    0.45       4.63    4.63    0.00   -2.93      0.564   0.564   0.000
   8  955.6   5/2-  -3/2  35   -1.37    2.13    2.13    2.18    1.02       4.58    4.58   -0.00   -1.13      0.558   0.558  -0.001
   9 1016.2  11/2-   9/2  31    3.21    2.84    2.84   18.81    3.94       6.54    6.54    0.00   -0.25      0.798   0.798   0.000
  10 1051.9   3/2-   1/2  28    0.11    3.62    3.62    0.64    0.60       4.65    4.65    0.00   -2.20      0.567   0.567   0.000
  
  11 1064.2   1/2-   1/2  38    0.50    1.46    1.46    0.25    0.64       1.41    1.41   -0.00   -1.56      0.172   0.172  -0.000
  12 1086.7   5/2-   5/2  36    1.11    3.27    3.27    3.51    1.73       4.29    4.29    0.00   -1.69      0.524   0.524   0.000
  13 1132.1   7/2-   5/2  36    0.69    2.61    2.61    4.11    1.91       4.95    4.95    0.00   -0.55      0.603   0.603   0.001
  14 1242.8   9/2-  -7/2  29   -2.68    2.45    2.45   11.82    2.95       6.06    6.06   -0.00   -0.59      0.738   0.738  -0.000
  15 1278.9   7/2-   1/2  32    0.01   25.18   25.18    1.73    6.37       8.65    8.65    0.00   -6.45      1.055   1.055   0.000
  
  16 1411.6   7/2-  -3/2  35   -0.40    3.00    3.00    1.88    1.51       5.82    5.82   -0.00   -0.55      0.710   0.710  -0.001
  17 1519.1   9/2-  -3/2  30   -0.04    4.23    4.23    2.50    2.37       6.05    6.05    0.00    0.24      0.737   0.737   0.000
  18 1796.8   3/2-   1/2  38    0.47    1.65    1.65    0.28   -0.41       4.46    4.46    0.00   -1.47      0.544   0.544   0.000
  19 1895.4   5/2-   1/2  38    0.34    1.70    1.70    0.50    0.44       5.02    5.02    0.00   -0.82      0.613   0.613   0.000
  20 2244.1   5/2-   1/2  28   -0.12    4.16    4.16    1.11   -0.39      10.24   10.24    0.00   -2.34      1.248   1.248   0.000
  
  21 2252.1  13/2-   9/2  31    2.72    3.06    3.06   18.19    3.63      11.21   11.21    0.00    0.21      1.366   1.366   0.000
  22 2284.2   7/2-  -3/2  30    0.04    3.70    3.70    2.79    0.66      10.34   10.34   -0.00   -1.66      1.261   1.261  -0.000
  23 2380.2  11/2-  -7/2  29   -2.25    2.55    2.55   11.86    2.66      10.44   10.44   -0.00   -0.23      1.273   1.273  -0.000
  24 2539.0   9/2-   5/2  34   -0.02   25.59   25.59    5.35    5.70      12.26   12.26    0.00   -5.69      1.495   1.495   0.000
  25 2678.2   9/2-  -3/2  35   -0.41    2.27    2.27    2.85    1.06      10.77   10.77   -0.00   -0.45      1.313   1.313  -0.001
  
  26 2692.4  13/2-   5/2  34   -0.04   25.57   25.57    5.61    5.73      12.72   12.72   -0.00   -3.32      1.551   1.551  -0.000
  27 2797.2   3/2-   1/2  32    0.23   19.43   19.43    0.52    4.33      13.17   13.17    0.00   -6.04      1.606   1.606   0.000
  28 3044.7  11/2-   5/2  36    0.42    2.88    2.88    3.72    1.61      12.97   12.97    0.00    0.03      1.581   1.581   0.001
  29 3260.0  11/2-   1/2  28   -0.29    3.43    3.43    1.62    1.55      12.85   12.85   -0.00    0.15      1.566   1.566  -0.001
  30 3409.4  13/2-  -3/2  30   -0.15    4.67    4.67    2.06    2.41      13.27   13.27    0.00    1.05      1.618   1.618   0.000
  
  31 3646.2   1/2-   1/2  25    0.50    6.10    6.10    0.25    0.69       6.00    6.00   -0.00   -3.42      0.732   0.732  -0.000
  32 3765.9  13/2-  -7/2  29   -1.86    2.68    2.68   11.79    2.44      15.89   15.89   -0.00   -0.02      1.938   1.938  -0.000
  33 4462.6   1/2-   1/2  39    0.50   13.29   13.29    0.25   -2.17      15.67   15.67    0.00   -5.13      1.910   1.910   0.000
  34 5357.8  13/2-  -3/2  35    0.02    2.12    2.12    3.28    0.95      21.48   21.48   -0.00   -0.13      2.619   2.619  -0.000
  35 7439.4   1/2-   1/2  32    0.50   26.18   26.18    0.25   -3.62      29.82   29.82    0.00   -7.22      3.635   3.635   0.000
  
