1SPECTRUM OF (Z= 82 A=207) IN PARTICLE-ROTOR  MODEL WITH MODIFIED OSCILLATOR POTENTIAL


 PARITY=-   EPS= 0.338   GAMMA=  0.0   EPS4=0.000   EPS6=0.000   LEVELS:  25  26  27  28  29  30  31  32  33  34  35  36  37  38  39

 PAIRING FACTORS: GN0= 19.20  GN1=  7.40  IPAIR= 15 ***  E2PLUS(INPUT)=   0.730  E2PLUR(INPUT)=   0.000

 CORIOLIS ATTENUATION PARAMETERS:  CHSI=1.000  ETA=  1.00

 MOMENT OF INERTIA PARAMETERS:   A1=  0.122 MEV   A2=  0.122 MEV   A3=121.91922 MEV


 DELTA=0.911 MEV  LAMBDA=53.3424 MEV   HW0= 7.5149 MEV   LAMBDA/HW0= 7.0982

 E2ENERGY=0.730 MEV  HBAR**2/B=21183./A**(7/3)=3580.9/A**2 MEV

 IREC=0  =>  RECOIL TERMS j+j-, j+j+, jzjz, ETC TREATED AS ONE-BODY OPERATORS WITH UU+VV PAIRING FACTORS



 S. P. LEVEL   EQP       U     V        (UU + VV)**1.00

     25       4.198    0.109 0.994      1.000 0.999 0.997 0.989 0.961 0.947 0.942 0.852 0.649 0.592 0.306 0.293 0.286 0.268 0.238
     26       3.133    0.147 0.989      0.999 1.000 0.999 0.994 0.971 0.958 0.954 0.871 0.677 0.622 0.342 0.329 0.322 0.305 0.275
     27       2.575    0.180 0.984      0.997 0.999 1.000 0.997 0.978 0.967 0.964 0.887 0.701 0.648 0.373 0.361 0.353 0.336 0.307
     28       1.835    0.257 0.966      0.989 0.994 0.997 1.000 0.991 0.984 0.982 0.921 0.755 0.706 0.445 0.433 0.426 0.409 0.381
     29       1.293    0.381 0.925      0.961 0.971 0.978 0.991 1.000 0.999 0.998 0.964 0.834 0.792 0.558 0.547 0.540 0.525 0.498
     30       1.187    0.423 0.906      0.947 0.958 0.967 0.984 0.999 1.000 1.000 0.975 0.859 0.820 0.596 0.585 0.579 0.564 0.538
     31       1.162    0.435 0.900      0.942 0.954 0.964 0.982 0.998 1.000 1.000 0.978 0.866 0.827 0.607 0.596 0.590 0.575 0.549
     32       0.940    0.614 0.790      0.852 0.871 0.887 0.921 0.964 0.975 0.978 1.000 0.951 0.926 0.759 0.750 0.745 0.733 0.711
     33       0.980    0.827 0.562      0.649 0.677 0.701 0.755 0.834 0.859 0.866 0.951 1.000 0.997 0.923 0.918 0.915 0.907 0.894
     34       1.051    0.866 0.500      0.592 0.622 0.648 0.706 0.792 0.820 0.827 0.926 0.997 1.000 0.949 0.944 0.942 0.935 0.924
     35       2.320    0.980 0.200      0.306 0.342 0.373 0.445 0.558 0.596 0.607 0.759 0.923 0.949 1.000 1.000 1.000 0.999 0.997
     36       2.480    0.982 0.187      0.293 0.329 0.361 0.433 0.547 0.585 0.596 0.750 0.918 0.944 1.000 1.000 1.000 1.000 0.998
     37       2.581    0.984 0.179      0.286 0.322 0.353 0.426 0.540 0.579 0.590 0.745 0.915 0.942 1.000 1.000 1.000 1.000 0.999
     38       2.861    0.987 0.161      0.268 0.305 0.336 0.409 0.525 0.564 0.575 0.733 0.907 0.935 0.999 1.000 1.000 1.000 1.000
     39       3.519    0.991 0.131      0.238 0.275 0.307 0.381 0.498 0.538 0.549 0.711 0.894 0.924 0.997 0.998 0.999 1.000 1.000

  R CORE   ENERGY   A0R/A00=1.000    R3= 0     2  
   2( 1)    0.732                    1.000 0.000
   2( 2)  487.921                    0.000 1.000

  R CORE   ENERGY   A0R/A00=1.000    R3= 0     2  
   3( 1)  488.652                    0.000 1.000

  R CORE   ENERGY   A0R/A00=1.000    R3= 0     2     4  
   4( 1)    2.438                    1.000 0.000 0.000

  R CORE   ENERGY   A0R/A00=1.000    R3= 0     2     4  
   5( 1)  490.847                    0.000 1.000 0.000

  R CORE   ENERGY   A0R/A00=1.000    R3= 0     2     4     6  
   6( 1)    5.121                    1.000 0.000 0.000 0.000

  R CORE   ENERGY   A0R/A00=1.000    R3= 0     2     4     6  
   7( 1)  494.017                    0.000 1.000 0.000 0.000

          AXIAL SYMMETRY => K RESTRICTED TO OMEGA

                     K
     S.P. ORB#: 25  0.50
     S.P. ORB#: 26  2.50
     S.P. ORB#: 27 -3.50
     S.P. ORB#: 28  0.50
     S.P. ORB#: 29  0.50
     S.P. ORB#: 30 -1.50
     S.P. ORB#: 31 -1.50
     S.P. ORB#: 32 -3.50
     S.P. ORB#: 33  4.50
     S.P. ORB#: 34  2.50
     S.P. ORB#: 35 -3.50
     S.P. ORB#: 36  0.50
     S.P. ORB#: 37 -1.50
     S.P. ORB#: 38  2.50
     S.P. ORB#: 39  0.50
 

             ENERGY    K= OMEGA
 
 I=  1/2- (1)  2.534  29: 0.998
 
 I=  1/2- (2)  3.862  25:-0.073
                      39:-0.997
 
 I=  1/2- (3)  5.788  25: 0.996
                      39:-0.071
 
 I=  1/2- (4)  5.821  28:-0.373
                      36: 0.928
 
 I=  1/2- (5)  8.751  28:-0.928
                      36:-0.373

             ENERGY    K= OMEGA
 
 I=  3/2- (1)  2.399  25: 0.107
                      29:-0.128
                      31: 0.980
                      37: 0.084
                      39:-0.066
 
 I=  3/2- (2)  2.531  25:-0.182
                      29:-0.903
                      31:-0.059
                      37:-0.364
                      39: 0.120

             ENERGY    K= OMEGA
 
 I=  5/2- (1)  2.476  25:-0.255
                      29: 0.460
                      31: 0.782
                      37:-0.119
                      38:-0.277
                      39: 0.147
 
 I=  5/2- (2)  3.342  26:-0.064
                      29: 0.632
                      31:-0.436
                      37:-0.629
                      38: 0.101
 
 I=  5/2- (3)  3.566  25:-0.109
                      29: 0.299
                      31: 0.124
                      37: 0.353
                      38: 0.862
                      39: 0.123
 
 I=  5/2- (4)  4.262  26:-0.063
                      29:-0.478
                      31: 0.365
                      37:-0.657
                      38: 0.412
                      39:-0.184
 
 I=  5/2- (5)  4.702  25:-0.163
                      26: 0.095
                      29: 0.166
                      37: 0.153
                      39:-0.955

             ENERGY    K= OMEGA
 
 I=  7/2- (1)  1.748  26:-0.191
                      32: 0.980
 
 I=  7/2- (2)  3.313  25: 0.210
                      31: 0.862
                      38: 0.441
                      39:-0.111
 
 I=  7/2- (3)  3.423  25:-0.250
                      29:-0.837
                      37:-0.441
                      38: 0.127
                      39: 0.154
 
 I=  7/2- (4)  3.567  28: 0.708
                      30: 0.583
                      34: 0.367
                      35: 0.157
 
 I=  7/2- (5)  4.385  26: 0.202
                      27: 0.791
                      29: 0.225
                      31:-0.237
                      37:-0.237
                      38: 0.413

             ENERGY    K= OMEGA
 
 I=  9/2- (1)  1.878  26:-0.075
                      27: 0.187
                      32:-0.251
                      33:-0.947
 
 I=  9/2- (2)  2.715  26:-0.260
                      27:-0.091
                      31:-0.052
                      32:-0.926
                      33: 0.248
 
 I=  9/2- (3)  3.473  25:-0.361
                      29: 0.495
                      31: 0.692
                      32:-0.066
                      37:-0.168
                      38:-0.283
                      39: 0.181
 
 I=  9/2- (4)  4.633  28:-0.225
                      30: 0.566
                      34:-0.667
                      35: 0.429
 
 I=  9/2- (5)  5.169  26:-0.111
                      27: 0.074
                      29: 0.504
                      31:-0.468
                      32: 0.057
                      37:-0.702
                      38: 0.075
                      39:-0.085

             ENERGY    K= OMEGA
 
 I= 11/2- (1)  2.923  28:-0.677
                      30:-0.579
                      34:-0.400
                      35:-0.207
                      36:-0.057
 
 I= 11/2- (2)  2.976  26: 0.128
                      27: 0.254
                      32:-0.344
                      33: 0.895
 
 I= 11/2- (3)  3.914  26: 0.304
                      27:-0.133
                      31:-0.064
                      32:-0.874
                      33:-0.342
                      38:-0.062
 
 I= 11/2- (4)  5.138  25:-0.375
                      29:-0.387
                      31:-0.729
                      32: 0.091
                      37:-0.136
                      38:-0.338
                      39: 0.193
 
 I= 11/2- (5)  5.279  25:-0.128
                      29:-0.710
                      31: 0.375
                      37:-0.441
                      38: 0.366
                      39: 0.086

             ENERGY    K= OMEGA
 
 I= 13/2- (1)  4.292  26: 0.174
                      27:-0.297
                      32: 0.404
                      33: 0.847
 
 I= 13/2- (2)  5.049  28:-0.219
                      30: 0.554
                      34:-0.666
                      35: 0.449
 
 I= 13/2- (3)  5.277  25:-0.300
                      26: 0.241
                      27: 0.132
                      29: 0.341
                      31: 0.477
                      32: 0.575
                      33:-0.289
                      37:-0.098
                      38:-0.221
                      39: 0.138
 
 I= 13/2- (4)  5.434  25:-0.306
                      26:-0.231
                      27:-0.110
                      29: 0.370
                      31: 0.445
                      32:-0.600
                      33: 0.286
                      37:-0.145
                      38:-0.152
                      39: 0.140
 
 I= 13/2- (5)  7.957  25: 0.081
                      26:-0.138
                      27: 0.133
                      29: 0.321
                      31:-0.410
                      32: 0.092
                      33: 0.051
                      37:-0.777
                      38:-0.178
                      39:-0.197

             ENERGY     K= 1/2
  32 LEVELS    TIME=  0.0 SEC



 ******************* EXCITATION ENERGIES, DOMINANT CONFIGURATION AND EXPECTATION VALUES (WITH S.P. UU+VV FACTORS) *******************

  NR  Eex(keV)  I   Kdom  NY    <Jz>  <Jx**2> <Jy**2> <Jz**2> <I.j>/|I|  <Rx**2> <Ry**2> <Rz**2> <R.j>/|R|  <HROTx> <HROTy> <HROTz>

   1    0.0   7/2-  -7/2  32   -3.28    2.31    2.31   12.02    3.34       2.96    2.96   -0.00   -1.40      0.361   0.361  -0.000
   2  130.6   9/2-   9/2  33    3.71    2.53    2.53   19.39    4.26       3.41    3.41    0.00   -1.25      0.416   0.416   0.000
   3  651.3   3/2-  -3/2  31   -1.44    4.70    4.70    2.19    1.46       4.84    4.84    0.00   -2.81      0.590   0.590   0.000
   4  728.1   5/2-  -3/2  31   -0.60    4.83    4.83    1.96    2.21       3.64    3.64    0.00   -1.88      0.444   0.444   0.000
   5  782.7   3/2-   1/2  29    0.23    4.12    4.12    0.52    1.24       3.85    3.85    0.00   -2.29      0.469   0.469   0.000
  
   6  786.6   1/2-   1/2  29    0.50    4.82    4.82    0.25    0.30       5.05    5.05    0.00   -3.03      0.616   0.616   0.000
   7  967.3   9/2-  -7/2  32   -2.58    2.41    2.41   12.28    2.88       6.58    6.58    0.00   -0.76      0.802   0.802   0.000
   8 1174.9  11/2-   1/2  28   -0.02   24.22   24.22    2.40    6.27       5.77    5.77    0.00   -3.92      0.704   0.704   0.000
   9 1227.7  11/2-   9/2  33    3.01    2.74    2.74   18.56    3.72       7.64    7.64    0.00   -0.46      0.931   0.931   0.000
  10 1564.7   7/2-  -3/2  31   -0.61    4.27    4.27    2.94    1.72       6.78    6.78    0.00   -1.26      0.826   0.826   0.000
  
  11 1593.9   5/2-   1/2  29   -0.64    3.35    3.35    1.51    0.73       6.31    6.31    0.00   -1.70      0.769   0.769   0.000
  12 1675.0   7/2-   1/2  29    0.14    3.87    3.87    0.75    1.38       6.63    6.63    0.00   -0.82      0.808   0.808   0.000
  13 1725.2   9/2-  -3/2  31   -0.37    4.99    4.99    1.80    2.33       6.69    6.69    0.00   -0.06      0.815   0.815   0.000
  14 1817.9   5/2-   5/2  38    1.71    2.19    2.19    4.99    1.84       3.61    3.61    0.00   -1.46      0.440   0.440   0.000
  15 1818.7   7/2-   1/2  28   -0.01   23.84   23.84    2.03    6.13       8.39    8.39   -0.00   -6.19      1.022   1.022  -0.000
  
  16 2114.5   1/2-   1/2  39    0.50    1.53    1.53    0.25    0.72       1.41    1.41    0.00   -1.60      0.171   0.171   0.000
  17 2166.5  11/2-  -7/2  32   -1.97    2.50    2.50   12.56    2.59      11.18   11.18    0.00   -0.44      1.363   1.363   0.000
  18 2514.4   5/2-  -3/2  37   -0.28    3.09    3.09    2.42    0.05       8.54    8.54   -0.00   -2.05      1.041   1.041  -0.000
  19 2543.9  13/2-   9/2  33    2.42    2.93    2.93   17.80    3.36      12.76   12.76   -0.00   -0.04      1.556   1.556  -0.000
  20 2636.9   7/2-  -7/2  27   -1.80    4.98    4.98    9.25    2.46       7.71    7.71   -0.00   -2.40      0.941   0.941  -0.000
  
  21 2885.0   9/2-   5/2  34    0.01   24.49   24.49    5.77    5.30      13.39   13.39    0.00   -5.49      1.632   1.632   0.000
  22 2954.4   5/2-   1/2  39    0.47    1.66    1.66    0.36    0.36       5.15    5.15    0.00   -0.81      0.628   0.628   0.000
  23 3301.3  13/2-   5/2  34   -0.03   24.48   24.48    5.94    5.27      15.02   15.02    0.00   -3.30      1.831   1.831   0.000
  24 3390.2  11/2-  -3/2  31   -0.40    4.27    4.27    2.15    1.67      13.22   13.22    0.00   -0.13      1.612   1.612   0.000
  25 3421.0   9/2-  -3/2  37   -0.92    2.97    2.97    1.89    0.62      13.19   13.19    0.00   -0.92      1.608   1.608   0.000
  
  26 3529.2  13/2-  -7/2  32   -0.82    3.87    3.87    7.21    2.43      14.91   14.91    0.00    0.37      1.818   1.818   0.000
  27 3531.6  11/2-   1/2  29    0.09    3.78    3.78    1.76    1.38      14.26   14.26    0.00   -0.20      1.739   1.739   0.000
  28 3686.4  13/2-  -7/2  32   -0.95    3.88    3.88    7.25    2.32      15.70   15.70    0.00    0.21      1.914   1.914   0.000
  29 4040.2   1/2-   1/2  25    0.50    6.63    6.63    0.25    0.66       6.56    6.56    0.00   -3.57      0.800   0.800   0.000
  30 4073.4   1/2-   1/2  36    0.50   12.34   12.34    0.25   -1.43      14.07   14.07    0.00   -4.93      1.716   1.716   0.000
  
  31 6208.9  13/2-  -3/2  37   -1.04    2.45    2.45    2.46    0.67      23.37   23.37    0.00   -0.39      2.849   2.849   0.000
  32 7002.9   1/2-   1/2  28    0.50   24.42   24.42    0.25   -3.55      27.99   27.99    0.00   -6.97      3.413   3.413   0.000
