1SPECTRUM OF (Z= 82 A=207) IN PARTICLE-ROTOR  MODEL WITH MODIFIED OSCILLATOR POTENTIAL


 PARITY=-   EPS= 0.327   GAMMA=  0.0   EPS4=0.000   EPS6=0.000   LEVELS:  24  25  26  27  28  29  30  31  32  33  34  35  36  37  38

 PAIRING FACTORS: GN0= 19.20  GN1=  7.40  IPAIR= 15 ***  E2PLUS(INPUT)=   0.730  E2PLUR(INPUT)=   0.000

 CORIOLIS ATTENUATION PARAMETERS:  CHSI=1.000  ETA=  1.00

 MOMENT OF INERTIA PARAMETERS:   A1=  0.122 MEV   A2=  0.122 MEV   A3=121.91923 MEV


 DELTA=0.924 MEV  LAMBDA=53.3158 MEV   HW0= 7.5078 MEV   LAMBDA/HW0= 7.1014

 E2ENERGY=0.730 MEV  HBAR**2/B=19827./A**(7/3)=3351.7/A**2 MEV

 IREC=0  =>  RECOIL TERMS j+j-, j+j+, jzjz, ETC TREATED AS ONE-BODY OPERATORS WITH UU+VV PAIRING FACTORS



 S. P. LEVEL   EQP       U     V        (UU + VV)**1.00

     24       4.786    0.097 0.995      1.000 1.000 0.999 0.997 0.979 0.961 0.944 0.913 0.883 0.699 0.538 0.291 0.287 0.267 0.267
     25       4.169    0.112 0.994      1.000 1.000 0.999 0.998 0.982 0.965 0.948 0.919 0.890 0.709 0.550 0.305 0.301 0.281 0.281
     26       3.201    0.146 0.989      0.999 0.999 1.000 0.999 0.988 0.973 0.959 0.932 0.905 0.733 0.579 0.338 0.334 0.314 0.314
     27       2.644    0.178 0.984      0.997 0.998 0.999 1.000 0.992 0.980 0.967 0.943 0.918 0.755 0.604 0.368 0.364 0.345 0.345
     28       1.620    0.299 0.954      0.979 0.982 0.988 0.992 1.000 0.997 0.991 0.977 0.960 0.831 0.699 0.481 0.477 0.459 0.459
     29       1.345    0.370 0.929      0.961 0.965 0.973 0.980 0.997 1.000 0.998 0.990 0.979 0.870 0.751 0.545 0.542 0.524 0.524
     30       1.211    0.421 0.907      0.944 0.948 0.959 0.967 0.991 0.998 1.000 0.997 0.988 0.896 0.786 0.591 0.588 0.571 0.571
     31       1.076    0.494 0.869      0.913 0.919 0.932 0.943 0.977 0.990 0.997 1.000 0.998 0.930 0.835 0.656 0.653 0.637 0.637
     32       1.003    0.553 0.833      0.883 0.890 0.905 0.918 0.960 0.979 0.988 0.998 1.000 0.953 0.871 0.706 0.703 0.689 0.689
     33       0.947    0.780 0.626      0.699 0.709 0.733 0.755 0.831 0.870 0.896 0.930 0.953 1.000 0.979 0.888 0.886 0.876 0.876
     34       1.144    0.891 0.453      0.538 0.550 0.579 0.604 0.699 0.751 0.786 0.835 0.871 0.979 1.000 0.963 0.962 0.956 0.956
     35       2.398    0.980 0.197      0.291 0.305 0.338 0.368 0.481 0.545 0.591 0.656 0.706 0.888 0.963 1.000 1.000 1.000 1.000
     36       2.443    0.981 0.193      0.287 0.301 0.334 0.364 0.477 0.542 0.588 0.653 0.703 0.886 0.962 1.000 1.000 1.000 1.000
     37       2.719    0.985 0.173      0.267 0.281 0.314 0.345 0.459 0.524 0.571 0.637 0.689 0.876 0.956 1.000 1.000 1.000 1.000
     38       2.720    0.985 0.173      0.267 0.281 0.314 0.345 0.459 0.524 0.571 0.637 0.689 0.876 0.956 1.000 1.000 1.000 1.000

  R CORE   ENERGY   A0R/A00=1.000    R3= 0     2  
   2( 1)    0.732                    1.000 0.000
   2( 2)  487.921                    0.000 1.000

  R CORE   ENERGY   A0R/A00=1.000    R3= 0     2  
   3( 1)  488.652                    0.000 1.000

  R CORE   ENERGY   A0R/A00=1.000    R3= 0     2     4  
   4( 1)    2.438                    1.000 0.000 0.000

  R CORE   ENERGY   A0R/A00=1.000    R3= 0     2     4  
   5( 1)  490.847                    0.000 1.000 0.000

  R CORE   ENERGY   A0R/A00=1.000    R3= 0     2     4     6  
   6( 1)    5.121                    1.000 0.000 0.000 0.000

  R CORE   ENERGY   A0R/A00=1.000    R3= 0     2     4     6  
   7( 1)  494.017                    0.000 1.000 0.000 0.000

          AXIAL SYMMETRY => K RESTRICTED TO OMEGA

                     K
     S.P. ORB#: 24 -5.50
     S.P. ORB#: 25  0.50
     S.P. ORB#: 26  2.50
     S.P. ORB#: 27 -3.50
     S.P. ORB#: 28  0.50
     S.P. ORB#: 29  0.50
     S.P. ORB#: 30 -1.50
     S.P. ORB#: 31 -1.50
     S.P. ORB#: 32 -3.50
     S.P. ORB#: 33  4.50
     S.P. ORB#: 34  2.50
     S.P. ORB#: 35 -3.50
     S.P. ORB#: 36 -1.50
     S.P. ORB#: 37  0.50
     S.P. ORB#: 38  2.50
 

             ENERGY    K= OMEGA
 
 I=  1/2- (1)  2.576  29: 0.999
 
 I=  1/2- (2)  5.727  25: 0.999
 
 I=  1/2- (3)  5.998  28: 0.428
                      37:-0.904
 
 I=  1/2- (4)  8.749  28:-0.904
                      37:-0.428
 
 I=  1/2- (5)147.379  31: 1.000

             ENERGY    K= OMEGA
 
 I=  3/2- (1)  2.441  25:-0.100
                      29: 0.182
                      30:-0.975
                      36:-0.083
 
 I=  3/2- (2)  2.566  25:-0.189
                      29:-0.857
                      30:-0.100
                      36:-0.469

             ENERGY    K= OMEGA
 
 I=  5/2- (1)  2.532  25:-0.261
                      29: 0.449
                      30: 0.768
                      36:-0.159
                      38:-0.338
 
 I=  5/2- (2)  3.297  26:-0.066
                      29: 0.530
                      30:-0.442
                      36:-0.720
 
 I=  5/2- (3)  3.464  25:-0.143
                      29: 0.384
                      30: 0.156
                      36: 0.227
                      38: 0.869
 
 I=  5/2- (4)  4.215  26:-0.053
                      29:-0.572
                      30: 0.377
                      36:-0.631
                      38: 0.358
 
 I=  5/2- (5)  4.986  26: 0.996
                      36:-0.083

             ENERGY    K= OMEGA
 
 I=  7/2- (1)  1.798  26: 0.197
                      27:-0.052
                      32:-0.978
 
 I=  7/2- (2)  3.323  25:-0.113
                      29: 0.292
                      30:-0.768
                      36: 0.216
                      38:-0.512
 
 I=  7/2- (3)  3.459  28: 0.719
                      31: 0.581
                      34: 0.352
                      35: 0.147
 
 I=  7/2- (4)  3.504  25:-0.321
                      29:-0.757
                      30:-0.338
                      36:-0.453
 
 I=  7/2- (5)  4.369  26: 0.164
                      27: 0.521
                      29: 0.352
                      30:-0.368
                      36:-0.349
                      38: 0.567

             ENERGY    K= OMEGA
 
 I=  9/2- (1)  1.830  26:-0.072
                      27: 0.196
                      32:-0.228
                      33:-0.951
 
 I=  9/2- (2)  2.749  26:-0.269
                      27:-0.090
                      32:-0.929
                      33: 0.225
 
 I=  9/2- (3)  3.568  25:-0.374
                      29: 0.489
                      30: 0.685
                      32:-0.058
                      36:-0.208
                      38:-0.325
 
 I=  9/2- (4)  4.596  28:-0.230
                      31: 0.578
                      34:-0.660
                      35: 0.421
 
 I=  9/2- (5)  5.125  25: 0.051
                      26:-0.106
                      27: 0.065
                      29: 0.438
                      30:-0.482
                      32: 0.059
                      36:-0.742
                      38: 0.054

             ENERGY    K= OMEGA
 
 I= 11/2- (1)  2.788  28:-0.684
                      31:-0.579
                      34:-0.393
                      35:-0.201
                      37:-0.056
 
 I= 11/2- (2)  2.910  26:-0.122
                      27:-0.266
                      32: 0.315
                      33:-0.902
 
 I= 11/2- (3)  3.930  26:-0.316
                      27: 0.129
                      30: 0.059
                      32: 0.882
                      33: 0.313
                      38: 0.060
 
 I= 11/2- (4)  5.212  25:-0.181
                      29: 0.211
                      30:-0.759
                      32: 0.070
                      36: 0.230
                      38:-0.534
 
 I= 11/2- (5)  5.352  25: 0.377
                      29: 0.768
                      30: 0.260
                      32:-0.052
                      36: 0.444

             ENERGY    K= OMEGA
 
 I= 13/2- (1)  4.210  26: 0.166
                      27:-0.311
                      32: 0.373
                      33: 0.857
 
 I= 13/2- (2)  4.968  28: 0.222
                      31:-0.561
                      34: 0.662
                      35:-0.444
 
 I= 13/2- (3)  5.321  25: 0.169
                      26:-0.322
                      27:-0.158
                      29:-0.175
                      30:-0.273
                      32:-0.770
                      33: 0.342
                      38: 0.157
 
 I= 13/2- (4)  5.526  25: 0.413
                      26: 0.130
                      29:-0.469
                      30:-0.588
                      32: 0.338
                      33:-0.151
                      36: 0.206
                      38: 0.254
 
 I= 13/2- (5)  7.715  24: 0.997
                      27:-0.055

             ENERGY     K= 5/2
  32 LEVELS    TIME=  0.0 SEC



 ******************* EXCITATION ENERGIES, DOMINANT CONFIGURATION AND EXPECTATION VALUES (WITH S.P. UU+VV FACTORS) *******************

  NR  Eex(keV)  I   Kdom  NY    <Jz>  <Jx**2> <Jy**2> <Jz**2> <I.j>/|I|  <Rx**2> <Ry**2> <Rz**2> <R.j>/|R|  <HROTx> <HROTy> <HROTz>

   1    0.0   7/2-  -7/2  32   -3.26    2.31    2.31   12.01    3.35       2.89    2.89    0.00   -1.39      0.352   0.352   0.000
   2   32.0   9/2-   9/2  33    3.76    2.54    2.54   19.45    4.29       3.30    3.30    0.00   -1.24      0.402   0.402   0.000
   3  643.3   3/2-  -3/2  30   -1.41    4.66    4.66    2.16    1.41       4.87    4.87    0.00   -2.80      0.594   0.594   0.000
   4  734.1   5/2-  -3/2  30   -0.50    4.68    4.68    2.17    2.19       3.64    3.64    0.00   -1.86      0.444   0.444   0.000
   5  768.5   3/2-   1/2  29    0.04    3.86    3.86    0.71    1.28       3.61    3.61    0.00   -2.21      0.440   0.440   0.000
  
   6  777.9   1/2-   1/2  29    0.50    4.76    4.76    0.25    0.28       5.02    5.02    0.00   -3.01      0.612   0.612   0.000
   7  950.6   9/2-  -7/2  32   -2.64    2.42    2.42   12.18    2.90       6.44    6.44    0.00   -0.72      0.785   0.785   0.000
   8  989.9  11/2-   1/2  28   -0.02   24.54   24.54    2.33    6.33       5.70    5.70    0.00   -4.01      0.695   0.695   0.000
   9 1112.3  11/2-   9/2  33    3.10    2.76    2.76   18.68    3.78       7.39    7.39    0.00   -0.42      0.901   0.901   0.000
  10 1499.3   5/2-  -3/2  36   -0.92    2.92    2.92    1.71    0.81       5.74    5.74    0.00   -1.52      0.700   0.700   0.000
  
  11 1524.6   7/2-  -3/2  30   -0.26    4.00    4.00    3.13    1.73       6.59    6.59    0.00   -1.18      0.804   0.804   0.000
  12 1660.7   7/2-   1/2  28   -0.01   24.12   24.12    1.93    6.17       8.47    8.47    0.00   -6.24      1.032   1.032   0.000
  13 1666.4   5/2-   5/2  38    1.86    2.42    2.42    4.94    1.79       3.97    3.97    0.00   -1.59      0.484   0.484   0.000
  14 1706.0   7/2-   1/2  29   -0.13    3.83    3.83    0.92    1.36       6.77    6.77    0.00   -0.87      0.826   0.826   0.000
  15 1769.7   9/2-  -3/2  30   -0.33    4.88    4.88    1.96    2.26       6.97    6.97   -0.00   -0.12      0.850   0.850  -0.000
  
  16 2131.9  11/2-  -7/2  32   -2.09    2.51    2.51   12.37    2.61      10.98   10.98    0.00   -0.38      1.338   1.338   0.000
  17 2411.5  13/2-   9/2  33    2.54    2.96    2.96   17.98    3.43      12.40   12.40    0.00    0.01      1.512   1.512   0.000
  18 2416.5   5/2-  -3/2  36   -0.32    3.39    3.39    2.12   -0.16       9.29    9.29   -0.00   -2.17      1.133   1.133  -0.000
  19 2570.5   7/2-   5/2  38   -0.40    3.72    3.72    6.10    1.56       8.47    8.47    0.00   -1.79      1.032   1.032   0.000
  20 2797.8   9/2-   5/2  34   -0.01   24.69   24.69    5.66    5.36      13.23   13.23    0.00   -5.52      1.613   1.613   0.000
  
  21 3170.4  13/2-   5/2  34   -0.04   24.68   24.68    5.87    5.35      14.66   14.66    0.00   -3.31      1.787   1.787   0.000
  22 3188.4   5/2-   5/2  26    2.47    5.99    5.99    6.22    2.07       7.35    7.35    0.00   -3.15      0.896   0.896   0.000
  23 3326.9   9/2-  -3/2  36   -1.07    2.76    2.76    2.00    0.63      13.00   13.00    0.00   -0.86      1.585   1.585   0.000
  24 3414.0  11/2-  -3/2  30   -0.21    3.95    3.95    3.33    1.60      13.95   13.95    0.00   -0.32      1.701   1.701   0.000
  25 3522.9  13/2-  -7/2  32   -1.41    2.96    2.96   10.95    2.41      15.96   15.96    0.00   -0.00      1.946   1.946   0.000
  
  26 3554.2  11/2-   1/2  29   -0.04    3.89    3.89    0.82    1.38      13.93   13.93    0.00   -0.07      1.698   1.698   0.000
  27 3728.4  13/2-  -3/2  30   -0.49    4.73    4.73    3.38    2.28      14.87   14.87    0.00    0.57      1.813   1.813   0.000
  28 3929.1   1/2-   1/2  25    0.50    6.49    6.49    0.25    0.67       6.41    6.41    0.00   -3.53      0.782   0.782   0.000
  29 4200.1   1/2-   1/2  37    0.50   12.41   12.41    0.25   -1.57      14.27   14.27    0.00   -4.95      1.740   1.740   0.000
  30 5917.3  13/2- -11/2  24   -5.48    2.76    2.76   30.15    4.32      12.06   12.06    0.00   -1.12      1.470   1.470   0.000
  
  31 6950.5   1/2-   1/2  28    0.50   24.83   24.83    0.25   -3.56      28.41   28.41    0.00   -7.03      3.464   3.464   0.000
  32*******   1/2-  -3/2  31    0.00    0.00    0.00    0.00   -0.00       0.00    0.00    0.00   -0.00      0.000   0.000   0.000
