1SPECTRUM OF (Z= 82 A=207) IN PARTICLE-ROTOR  MODEL WITH MODIFIED OSCILLATOR POTENTIAL


 PARITY=-   EPS= 0.202   GAMMA=  0.0   EPS4=0.000   EPS6=0.000   LEVELS:  24  25  26  27  28  29  30  31  32  33  34  35  36  37  38

 PAIRING FACTORS: GN0= 19.20  GN1=  7.40  IPAIR= 15 ***  E2PLUS(INPUT)=   0.730  E2PLUR(INPUT)=   0.000

 CORIOLIS ATTENUATION PARAMETERS:  CHSI=1.000  ETA=  1.00

 MOMENT OF INERTIA PARAMETERS:   A1=  0.122 MEV   A2=  0.122 MEV   A3=121.91924 MEV


 DELTA=0.942 MEV  LAMBDA=53.4853 MEV   HW0= 7.4463 MEV   LAMBDA/HW0= 7.1828

 E2ENERGY=0.730 MEV  HBAR**2/B= 7566./A**(7/3)=1279.0/A**2 MEV

 IREC=0  =>  RECOIL TERMS j+j-, j+j+, jzjz, ETC TREATED AS ONE-BODY OPERATORS WITH UU+VV PAIRING FACTORS



 S. P. LEVEL   EQP       U     V        (UU + VV)**1.00

     24       5.197    0.091 0.996      1.000 1.000 1.000 0.999 0.996 0.991 0.990 0.988 0.694 0.592 0.464 0.410 0.397 0.318 0.256
     25       4.235    0.112 0.994      1.000 1.000 1.000 1.000 0.998 0.993 0.993 0.991 0.709 0.609 0.482 0.429 0.416 0.337 0.276
     26       4.046    0.117 0.993      1.000 1.000 1.000 1.000 0.998 0.994 0.994 0.992 0.713 0.613 0.487 0.434 0.421 0.342 0.281
     27       3.711    0.128 0.992      0.999 1.000 1.000 1.000 0.999 0.995 0.995 0.993 0.721 0.621 0.496 0.443 0.431 0.353 0.292
     28       2.655    0.180 0.984      0.996 0.998 0.998 0.999 1.000 0.999 0.999 0.998 0.756 0.662 0.542 0.490 0.478 0.402 0.342
     29       2.144    0.226 0.974      0.991 0.993 0.994 0.995 0.999 1.000 1.000 1.000 0.786 0.696 0.580 0.530 0.518 0.443 0.385
     30       2.124    0.228 0.974      0.990 0.993 0.994 0.995 0.999 1.000 1.000 1.000 0.787 0.697 0.582 0.532 0.520 0.446 0.387
     31       1.981    0.245 0.969      0.988 0.991 0.992 0.993 0.998 1.000 1.000 1.000 0.798 0.710 0.596 0.547 0.535 0.461 0.403
     32       0.965    0.780 0.626      0.694 0.709 0.713 0.721 0.756 0.786 0.787 0.798 1.000 0.991 0.960 0.941 0.936 0.903 0.873
     33       1.066    0.857 0.516      0.592 0.609 0.613 0.621 0.662 0.696 0.697 0.710 0.991 1.000 0.989 0.978 0.975 0.952 0.931
     34       1.337    0.924 0.381      0.464 0.482 0.487 0.496 0.542 0.580 0.582 0.596 0.960 0.989 1.000 0.998 0.997 0.987 0.975
     35       1.533    0.946 0.325      0.410 0.429 0.434 0.443 0.490 0.530 0.532 0.547 0.941 0.978 0.998 1.000 1.000 0.995 0.987
     36       1.589    0.950 0.312      0.397 0.416 0.421 0.431 0.478 0.518 0.520 0.535 0.936 0.975 0.997 1.000 1.000 0.996 0.989
     37       2.105    0.973 0.230      0.318 0.337 0.342 0.353 0.402 0.443 0.446 0.461 0.903 0.952 0.987 0.995 0.996 1.000 0.998
     38       2.865    0.986 0.167      0.256 0.276 0.281 0.292 0.342 0.385 0.387 0.403 0.873 0.931 0.975 0.987 0.989 0.998 1.000

  R CORE   ENERGY   A0R/A00=1.000    R3= 0     2  
   2( 1)    0.732                    1.000 0.000
   2( 2)  487.921                    0.000 1.000

  R CORE   ENERGY   A0R/A00=1.000    R3= 0     2  
   3( 1)  488.652                    0.000 1.000

  R CORE   ENERGY   A0R/A00=1.000    R3= 0     2     4  
   4( 1)    2.438                    1.000 0.000 0.000

  R CORE   ENERGY   A0R/A00=1.000    R3= 0     2     4  
   5( 1)  490.847                    0.000 1.000 0.000

  R CORE   ENERGY   A0R/A00=1.000    R3= 0     2     4     6  
   6( 1)    5.121                    1.000 0.000 0.000 0.000

  R CORE   ENERGY   A0R/A00=1.000    R3= 0     2     4     6  
   7( 1)  494.017                    0.000 1.000 0.000 0.000

          AXIAL SYMMETRY => K RESTRICTED TO OMEGA

                     K
     S.P. ORB#: 24  2.50
     S.P. ORB#: 25  2.50
     S.P. ORB#: 26  0.50
     S.P. ORB#: 27 -3.50
     S.P. ORB#: 28 -3.50
     S.P. ORB#: 29  0.50
     S.P. ORB#: 30  4.50
     S.P. ORB#: 31 -1.50
     S.P. ORB#: 32 -1.50
     S.P. ORB#: 33  2.50
     S.P. ORB#: 34  0.50
     S.P. ORB#: 35  0.50
     S.P. ORB#: 36 -1.50
     S.P. ORB#: 37  2.50
     S.P. ORB#: 38 -3.50
 

             ENERGY    K= OMEGA
 
 I=  1/2- (1)  1.792  26:-0.059
                      35:-0.998
 
 I=  1/2- (2)  3.199  29: 0.999
 
 I=  1/2- (3)  5.261  26: 0.998
                      35:-0.059
 
 I=  1/2- (4)  9.209  34:-1.000
 
 I=  1/2- (5)147.268  32:-1.000

             ENERGY    K= OMEGA
 
 I=  3/2- (1)  1.456  29: 0.185
                      31: 0.102
                      32: 0.974
                      35:-0.073
 
 I=  3/2- (2)  2.432  29:-0.174
                      31:-0.160
                      32: 0.122
                      35: 0.964

             ENERGY    K= OMEGA
 
 I=  5/2- (1)  1.542  26:-0.051
                      29: 0.137
                      31: 0.175
                      32:-0.437
                      33:-0.868
                      35: 0.054
 
 I=  5/2- (2)  2.088  29:-0.210
                      31: 0.170
                      32: 0.859
                      33:-0.428
                      35: 0.055
 
 I=  5/2- (3)  2.457  29:-0.176
                      31:-0.232
                      33:-0.134
                      35:-0.946
 
 I=  5/2- (4)  3.292  24: 0.073
                      26:-0.365
                      29: 0.433
                      31: 0.737
                      32: 0.069
                      33: 0.183
                      35:-0.302
 
 I=  5/2- (5)  4.511  24: 0.064
                      26: 0.074
                      29:-0.810
                      31: 0.512
                      32:-0.251
                      33: 0.097

             ENERGY    K= OMEGA
 
 I=  7/2- (1)  2.180  29: 0.187
                      31:-0.208
                      32: 0.524
                      33:-0.803
 
 I=  7/2- (2)  2.751  25:-0.078
                      26:-0.171
                      28: 0.109
                      29:-0.337
                      31:-0.308
                      32:-0.702
                      33:-0.462
                      35: 0.188
 
 I=  7/2- (3)  3.381  24: 0.057
                      25:-0.235
                      27:-0.120
                      28: 0.953
                      29: 0.069
                      32: 0.073
                      33: 0.061
                      35:-0.053
 
 I=  7/2- (4)  3.715  34: 0.729
                      36: 0.573
                      37: 0.346
                      38: 0.143
 
 I=  7/2- (5)  3.990  24: 0.058
                      26:-0.131
                      29:-0.159
                      31:-0.336
                      32: 0.321
                      33: 0.245
                      35: 0.823

             ENERGY    K= OMEGA
 
 I=  9/2- (1)  2.793  24: 0.070
                      25: 0.070
                      26:-0.123
                      27: 0.246
                      28: 0.120
                      29: 0.201
                      30:-0.686
                      31: 0.257
                      32:-0.314
                      33:-0.461
                      35: 0.109
 
 I=  9/2- (2)  2.914  26:-0.140
                      27:-0.150
                      28:-0.126
                      29: 0.237
                      30: 0.639
                      31: 0.273
                      32:-0.363
                      33:-0.502
                      35: 0.131
 
 I=  9/2- (3)  3.893  24: 0.086
                      25:-0.181
                      26:-0.067
                      27: 0.093
                      28:-0.337
                      29:-0.148
                      31: 0.337
                      32: 0.722
                      33:-0.286
                      35: 0.308
 
 I=  9/2- (4)  4.041  25:-0.051
                      26: 0.137
                      28:-0.138
                      29:-0.315
                      31:-0.180
                      32: 0.069
                      33:-0.512
                      35:-0.747
 
 I=  9/2- (5)  4.309  24:-0.079
                      25: 0.268
                      27:-0.139
                      28: 0.838
                      29:-0.146
                      30: 0.134
                      31: 0.082
                      32: 0.304
                      33:-0.242
                      35: 0.060

             ENERGY    K= OMEGA
 
 I= 11/2- (1)  2.606  34: 0.689
                      36: 0.576
                      37: 0.394
                      38: 0.195
 
 I= 11/2- (2)  3.717  24: 0.124
                      25: 0.116
                      27:-0.388
                      28:-0.209
                      29: 0.058
                      30:-0.832
                      31:-0.115
                      32: 0.137
                      33:-0.220
 
 I= 11/2- (3)  4.132  27: 0.055
                      28: 0.074
                      29: 0.275
                      30: 0.282
                      31:-0.264
                      32: 0.554
                      33:-0.678
 
 I= 11/2- (4)  4.698  24:-0.098
                      25: 0.151
                      26: 0.277
                      27: 0.084
                      28:-0.247
                      29: 0.390
                      31: 0.421
                      32: 0.525
                      33: 0.409
                      35:-0.225
 
 I= 11/2- (5)  5.382  24:-0.108
                      25: 0.344
                      26:-0.113
                      27: 0.187
                      28:-0.841
                      29:-0.176
                      30: 0.175
                      31:-0.114
                      32:-0.109
                      33:-0.120
                      35: 0.115

             ENERGY    K= OMEGA
 
 I= 13/2- (1)  4.700  24: 0.159
                      25: 0.117
                      26:-0.204
                      27: 0.367
                      28: 0.162
                      29: 0.263
                      30:-0.576
                      31: 0.341
                      32:-0.276
                      33:-0.381
                      35: 0.142
 
 I= 13/2- (2)  4.861  34:-0.234
                      36: 0.584
                      37:-0.651
                      38: 0.424
 
 I= 13/2- (3)  5.037  24: 0.061
                      25: 0.086
                      26: 0.232
                      27: 0.269
                      28: 0.195
                      29:-0.314
                      30:-0.595
                      31:-0.339
                      32: 0.304
                      33: 0.365
                      35:-0.177
 
 I= 13/2- (4)  6.380  24: 0.174
                      25:-0.331
                      26:-0.089
                      27: 0.181
                      28:-0.576
                      29:-0.105
                      30:-0.092
                      31: 0.283
                      32: 0.571
                      33:-0.056
                      35: 0.242
 
 I= 13/2- (5)  6.644  25:-0.129
                      26: 0.167
                      27: 0.101
                      28:-0.324
                      29:-0.247
                      31:-0.149
                      32:-0.166
                      33:-0.551
                      35:-0.652

             ENERGY     K=-7/2
  32 LEVELS    TIME=  0.0 SEC



 ******************* EXCITATION ENERGIES, DOMINANT CONFIGURATION AND EXPECTATION VALUES (WITH S.P. UU+VV FACTORS) *******************

  NR  Eex(keV)  I   Kdom  NY    <Jz>  <Jx**2> <Jy**2> <Jz**2> <I.j>/|I|  <Rx**2> <Ry**2> <Rz**2> <R.j>/|R|  <HROTx> <HROTy> <HROTz>

   1    0.0   3/2-  -3/2  32   -1.42    1.58    1.58    2.17    1.43       1.77    1.77    0.00   -1.36      0.215   0.215   0.000
   2   85.9   5/2-   5/2  33    1.56    1.83    1.83    5.22    2.38       1.78    1.78   -0.00   -0.98      0.217   0.217  -0.000
   3  336.5   1/2-   1/2  35    0.50    1.24    1.24    0.25    0.83       1.03    1.03    0.00   -1.41      0.125   0.125   0.000
   4  632.7   5/2-  -3/2  32   -0.66    1.58    1.58    2.90    1.09       4.16    4.16    0.00   -0.98      0.508   0.508   0.000
   5  724.0   7/2-   5/2  33    1.15    1.95    1.95    4.78    1.99       4.34    4.34   -0.00   -0.27      0.529   0.529  -0.000
  
   6  976.2   3/2-   1/2  35    0.42    1.42    1.42    0.33   -0.07       3.60    3.60    0.00   -1.23      0.439   0.439   0.000
   7 1001.0   5/2-   1/2  35    0.43    1.72    1.72    0.47    0.91       3.63    3.63    0.00   -0.45      0.442   0.442   0.000
   8 1149.9  11/2-   1/2  34   -0.00   27.82   27.82    2.30    7.14       4.13    4.13    0.00   -5.30      0.504   0.504   0.000
   9 1295.2   7/2-  -3/2  32   -0.29    1.84    1.84    2.91    1.39       5.64    5.64   -0.00   -0.32      0.688   0.688  -0.000
  10 1337.6   9/2-   9/2  30    2.20    2.91    2.91   12.23    3.59       3.55    3.55    0.00   -0.08      0.433   0.433   0.003
  
  11 1458.7   9/2-   9/2  30    2.07    2.66    2.66   10.82    3.17       4.69    4.69    0.00   -0.12      0.572   0.572   0.002
  12 1743.0   1/2-   1/2  29    0.50    4.14    4.14    0.25    0.37       4.32    4.32    0.00   -2.79      0.526   0.526   0.000
  13 1836.4   5/2-  -3/2  31   -0.52    3.79    3.79    1.58    1.55       4.36    4.36    0.00   -1.55      0.532   0.532   0.000
  14 1925.3   7/2-  -7/2  28   -3.08    2.27    2.27   11.71    3.37       2.60    2.60   -0.00   -1.25      0.317   0.317  -0.010
  15 2259.6   7/2-   1/2  34    0.00   27.94   27.94    1.87    7.02       8.91    8.91    0.00   -7.09      1.086   1.086   0.000
  
  16 2261.1  11/2-   9/2  30    2.59    3.28    3.28   16.97    4.04       5.46    5.46    0.00    0.20      0.665   0.665   0.007
  17 2437.7   9/2-  -3/2  32   -1.01    1.77    1.77    3.73    1.28       9.66    9.66   -0.00   -0.21      1.178   1.178  -0.003
  18 2534.3   7/2-   1/2  35    0.19    2.02    2.02    1.08    0.13       9.92    9.92   -0.00   -1.03      1.210   1.210  -0.000
  19 2585.1   9/2-   1/2  35    0.87    2.25    2.25    2.17    1.12      10.16   10.16   -0.00   -0.25      1.238   1.238  -0.001
  20 2676.0  11/2-   5/2  33    0.95    2.23    2.23    5.45    1.86      11.69   11.69    0.00    0.25      1.425   1.425   0.000
  
  21 2853.1   9/2-  -7/2  28   -2.24    2.23    2.23   10.28    2.50       7.30    7.30   -0.00   -0.60      0.890   0.890  -0.010
  22 3055.6   5/2-   1/2  29   -0.12    4.19    4.19    0.98   -0.37      10.14   10.14    0.00   -2.32      1.236   1.236   0.000
  23 3242.0  11/2-  -3/2  32   -0.27    2.36    2.36    3.18    1.69      11.70   11.70   -0.00    0.46      1.427   1.427  -0.002
  24 3244.4  13/2-   9/2  30    1.17    3.89    3.89   10.31    3.36       9.97    9.97    0.00    1.20      1.215   1.215   0.006
  25 3405.1  13/2-   5/2  37   -0.05   26.89   26.89    5.64    6.08      11.63   11.63    0.00   -3.52      1.418   1.418   0.000
  
  26 3581.3  13/2-   9/2  30    1.35    3.43    3.43    9.95    2.97      12.01   12.01    0.00    0.81      1.464   1.464   0.005
  27 3805.5   1/2-   1/2  26    0.50    5.13    5.13    0.25    0.69       5.03    5.03    0.00   -3.12      0.613   0.613   0.000
  28 3926.0  11/2-  -7/2  28   -2.11    2.47    2.47   10.69    2.55      10.47   10.47   -0.00   -0.09      1.277   1.277  -0.014
  29 4924.3  13/2-  -7/2  28   -1.45    2.24    2.24    6.47    1.86      16.88   16.88   -0.00    0.35      2.057   2.057  -0.009
  30 5188.6  13/2-   1/2  35    0.58    2.20    2.20    3.67    1.15      20.36   20.36   -0.00   -0.00      2.482   2.482  -0.003
  
  31 7753.6   1/2-   1/2  34    0.50   28.30   28.30    0.25   -4.03      32.29   32.29   -0.00   -7.51      3.936   3.936  -0.000
  32*******   1/2-  -3/2  32    0.00    0.00    0.00    0.00   -0.00       0.00    0.00   -0.00   -0.00      0.000   0.000  -0.000
