1SPECTRUM OF (Z= 82 A=207) IN PARTICLE-ROTOR  MODEL WITH MODIFIED OSCILLATOR POTENTIAL


 PARITY=-   EPS= 0.288   GAMMA=  0.0   EPS4=0.000   EPS6=0.000   LEVELS:  26  27  28  29  30  31  32  33  34  35  36  37  38  39  40

 PAIRING FACTORS: GN0= 19.20  GN1=  7.40  IPAIR= 15 ***  E2PLUS(INPUT)=   0.730  E2PLUR(INPUT)=   0.000

 CORIOLIS ATTENUATION PARAMETERS:  CHSI=1.000  ETA=  1.00

 MOMENT OF INERTIA PARAMETERS:   A1=  0.122 MEV   A2=  0.122 MEV   A3=121.91924 MEV


 DELTA=0.951 MEV  LAMBDA=53.2975 MEV   HW0= 7.4850 MEV   LAMBDA/HW0= 7.1206

 E2ENERGY=0.730 MEV  HBAR**2/B=15379./A**(7/3)=2599.9/A**2 MEV

 IREC=0  =>  RECOIL TERMS j+j-, j+j+, jzjz, ETC TREATED AS ONE-BODY OPERATORS WITH UU+VV PAIRING FACTORS



 S. P. LEVEL   EQP       U     V        (UU + VV)**1.00

     26       3.491    0.138 0.990      1.000 1.000 0.982 0.974 0.971 0.919 0.903 0.760 0.470 0.388 0.356 0.319 0.305 0.272 0.253
     27       2.939    0.164 0.986      1.000 1.000 0.987 0.979 0.977 0.929 0.914 0.777 0.493 0.412 0.381 0.344 0.331 0.298 0.279
     28       1.565    0.321 0.947      0.982 0.987 1.000 0.999 0.999 0.976 0.968 0.868 0.627 0.554 0.525 0.491 0.479 0.448 0.430
     29       1.416    0.360 0.933      0.974 0.979 0.999 1.000 1.000 0.985 0.977 0.888 0.659 0.588 0.560 0.527 0.515 0.485 0.467
     30       1.382    0.371 0.929      0.971 0.977 0.999 1.000 1.000 0.987 0.980 0.893 0.667 0.597 0.570 0.537 0.525 0.495 0.477
     31       1.074    0.518 0.856      0.919 0.929 0.976 0.985 0.987 1.000 0.999 0.955 0.780 0.720 0.697 0.668 0.657 0.630 0.615
     32       1.036    0.549 0.836      0.903 0.914 0.968 0.977 0.980 0.999 1.000 0.965 0.803 0.746 0.723 0.695 0.685 0.659 0.644
     33       0.958    0.748 0.663      0.760 0.777 0.868 0.888 0.893 0.955 0.965 1.000 0.931 0.894 0.878 0.859 0.851 0.832 0.821
     34       1.473    0.939 0.344      0.470 0.493 0.627 0.659 0.667 0.780 0.803 0.931 1.000 0.996 0.992 0.987 0.984 0.977 0.973
     35       1.912    0.966 0.257      0.388 0.412 0.554 0.588 0.597 0.720 0.746 0.894 0.996 1.000 0.999 0.997 0.996 0.993 0.990
     36       2.174    0.974 0.225      0.356 0.381 0.525 0.560 0.570 0.697 0.723 0.878 0.992 0.999 1.000 0.999 0.999 0.996 0.994
     37       2.606    0.983 0.186      0.319 0.344 0.491 0.527 0.537 0.668 0.695 0.859 0.987 0.997 0.999 1.000 1.000 0.999 0.998
     38       2.813    0.985 0.172      0.305 0.331 0.479 0.515 0.525 0.657 0.685 0.851 0.984 0.996 0.999 1.000 1.000 0.999 0.999
     39       3.492    0.990 0.138      0.272 0.298 0.448 0.485 0.495 0.630 0.659 0.832 0.977 0.993 0.996 0.999 0.999 1.000 1.000
     40       4.073    0.993 0.118      0.253 0.279 0.430 0.467 0.477 0.615 0.644 0.821 0.973 0.990 0.994 0.998 0.999 1.000 1.000

  R CORE   ENERGY   A0R/A00=1.000    R3= 0     2  
   2( 1)    0.732                    1.000 0.000
   2( 2)  487.921                    0.000 1.000

  R CORE   ENERGY   A0R/A00=1.000    R3= 0     2  
   3( 1)  488.652                    0.000 1.000

  R CORE   ENERGY   A0R/A00=1.000    R3= 0     2     4  
   4( 1)    2.438                    1.000 0.000 0.000

  R CORE   ENERGY   A0R/A00=1.000    R3= 0     2     4  
   5( 1)  490.847                    0.000 1.000 0.000

  R CORE   ENERGY   A0R/A00=1.000    R3= 0     2     4     6  
   6( 1)    5.121                    1.000 0.000 0.000 0.000

  R CORE   ENERGY   A0R/A00=1.000    R3= 0     2     4     6  
   7( 1)  494.017                    0.000 1.000 0.000 0.000

          AXIAL SYMMETRY => K RESTRICTED TO OMEGA

                     K
     S.P. ORB#: 26  2.50
     S.P. ORB#: 27 -3.50
     S.P. ORB#: 28  0.50
     S.P. ORB#: 29 -1.50
     S.P. ORB#: 30 -3.50
     S.P. ORB#: 31  0.50
     S.P. ORB#: 32  4.50
     S.P. ORB#: 33 -1.50
     S.P. ORB#: 34  2.50
     S.P. ORB#: 35 -1.50
     S.P. ORB#: 36  2.50
     S.P. ORB#: 37 -3.50
     S.P. ORB#: 38  0.50
     S.P. ORB#: 39  0.50
     S.P. ORB#: 40  4.50
 

             ENERGY    K= OMEGA
 
 I=  1/2- (1)  2.747  28: 0.994
                      38: 0.111
 
 I=  1/2- (2)  3.144  28: 0.111
                      38:-0.994
 
 I=  1/2- (3)  6.340  31: 0.614
                      39:-0.789
 
 I=  1/2- (4)  9.187  31:-0.789
                      39:-0.614
 
 I=  1/2- (5)147.261  33:-1.000

             ENERGY    K= OMEGA
 
 I=  3/2- (1)  2.390  28: 0.351
                      29: 0.171
                      35: 0.914
                      38:-0.108
 
 I=  3/2- (2)  2.616  28:-0.385
                      29: 0.921
                      38:-0.050
 
 I=  3/2- (3)  3.142  28: 0.793
                      29: 0.299
                      35:-0.402
                      38:-0.347
 
 I=  3/2- (4)  3.927  28:-0.316
                      29:-0.181
                      38:-0.930
 
 I=  3/2- (5)  4.736  31: 0.817
                      33: 0.372
                      39:-0.440

             ENERGY    K= OMEGA
 
 I=  5/2- (1)  2.563  28:-0.278
                      29:-0.446
                      35: 0.405
                      36: 0.738
                      38:-0.122
 
 I=  5/2- (2)  2.993  26:-0.056
                      28: 0.218
                      29:-0.461
                      35:-0.815
                      36: 0.228
                      38:-0.142
 
 I=  5/2- (3)  3.225  28: 0.494
                      29: 0.513
                      35:-0.059
                      36: 0.590
                      38: 0.376
 
 I=  5/2- (4)  4.013  28: 0.253
                      29:-0.539
                      35: 0.184
                      36:-0.206
                      38: 0.755
 
 I=  5/2- (5)  4.212  28:-0.753
                      29: 0.187
                      35:-0.362
                      36: 0.111
                      38: 0.504

             ENERGY    K= OMEGA
 
 I=  7/2- (1)  2.146  26:-0.213
                      27: 0.062
                      30: 0.974
 
 I=  7/2- (2)  3.143  28: 0.350
                      29:-0.444
                      35: 0.473
                      36:-0.673
 
 I=  7/2- (3)  3.224  31:-0.741
                      33:-0.568
                      34:-0.332
                      37:-0.131
 
 I=  7/2- (4)  3.711  26: 0.051
                      28:-0.394
                      29:-0.454
                      35:-0.663
                      36:-0.375
                      38: 0.231
 
 I=  7/2- (5)  4.216  26: 0.065
                      27: 0.128
                      28: 0.538
                      29:-0.608
                      35:-0.198
                      36: 0.530

             ENERGY    K= OMEGA
 
 I=  9/2- (1)  1.862  26: 0.065
                      27:-0.225
                      30: 0.185
                      32: 0.954
 
 I=  9/2- (2)  3.060  26: 0.292
                      27: 0.094
                      30: 0.933
                      32:-0.178
                      36:-0.051
 
 I=  9/2- (3)  3.930  28:-0.363
                      29:-0.515
                      35: 0.417
                      36: 0.617
                      38:-0.208
 
 I=  9/2- (4)  4.265  31: 0.216
                      33:-0.555
                      34: 0.628
                      37:-0.458
                      40: 0.204
 
 I=  9/2- (5)  4.827  26: 0.072
                      28:-0.168
                      29: 0.510
                      30:-0.069
                      35: 0.771
                      36:-0.089
                      38: 0.315

             ENERGY    K= OMEGA
 
 I= 11/2- (1)  2.360  31:-0.667
                      33:-0.568
                      34:-0.405
                      37:-0.237
                      40:-0.099
 
 I= 11/2- (2)  2.889  26:-0.109
                      27:-0.303
                      30: 0.256
                      32:-0.911
 
 I= 11/2- (3)  4.204  26:-0.343
                      27: 0.126
                      30: 0.893
                      32: 0.250
                      36: 0.064
 
 I= 11/2- (4)  5.042  28:-0.408
                      29: 0.468
                      35:-0.488
                      36: 0.609
 
 I= 11/2- (5)  5.753  31:-0.496
                      33:-0.062
                      34: 0.433
                      37: 0.615
                      39: 0.079
                      40: 0.421

             ENERGY    K= OMEGA
 
 I= 13/2- (1)  4.074  31:-0.183
                      33: 0.493
                      34:-0.613
                      37: 0.518
                      40:-0.281
 
 I= 13/2- (2)  4.135  26: 0.149
                      27:-0.352
                      30: 0.305
                      32: 0.872
 
 I= 13/2- (3)  5.580  26: 0.377
                      27: 0.157
                      29: 0.069
                      30: 0.855
                      32:-0.299
                      36:-0.082
 
 I= 13/2- (4)  6.280  28:-0.400
                      29:-0.530
                      30: 0.055
                      32:-0.060
                      35: 0.411
                      36: 0.559
                      38:-0.261
 
 I= 13/2- (5)  7.592  26: 0.068
                      28:-0.073
                      29: 0.465
                      30:-0.094
                      35: 0.715
                      36: 0.093
                      38: 0.493

             ENERGY     K= 9/2
  35 LEVELS    TIME=  0.0 SEC



 ******************* EXCITATION ENERGIES, DOMINANT CONFIGURATION AND EXPECTATION VALUES (WITH S.P. UU+VV FACTORS) *******************

  NR  Eex(keV)  I   Kdom  NY    <Jz>  <Jx**2> <Jy**2> <Jz**2> <I.j>/|I|  <Rx**2> <Ry**2> <Rz**2> <R.j>/|R|  <HROTx> <HROTy> <HROTz>

   1    0.0   9/2-   9/2  32    3.81    2.58    2.58   19.51    4.38       2.90    2.90    0.00   -1.19      0.354   0.354   0.000
   2  283.6   7/2-  -7/2  30   -3.22    2.31    2.31   11.96    3.39       2.71    2.71   -0.00   -1.34      0.331   0.331  -0.000
   3  497.1  11/2-   1/2  31   -0.01   25.62   25.62    2.75    6.72       4.66    4.66    0.00   -4.51      0.569   0.569   0.000
   4  527.4   3/2-  -3/2  35   -1.23    1.99    1.99    1.98    1.40       2.15    2.15    0.00   -1.57      0.262   0.262   0.000
   5  700.7   5/2-   5/2  36    0.86    2.66    2.66    4.25    2.24       2.54    2.54    0.00   -1.31      0.310   0.310   0.000
  
   6  753.2   3/2-  -3/2  29   -1.20    4.54    4.54    1.95    1.33       4.81    4.81    0.00   -2.72      0.587   0.587   0.000
   7  884.9   1/2-   1/2  28    0.50    4.54    4.54    0.25    0.29       4.79    4.79   -0.00   -2.93      0.584   0.584  -0.000
   8 1026.4  11/2-   9/2  32    3.22    2.83    2.83   18.82    3.92       6.67    6.67    0.00   -0.28      0.813   0.813   0.000
   9 1130.4   5/2-  -3/2  35   -1.14    2.10    2.10    2.34    0.97       4.78    4.78    0.00   -1.19      0.583   0.583   0.000
  10 1197.8   9/2-  -7/2  30   -2.72    2.43    2.43   11.95    2.95       6.12    6.12    0.00   -0.62      0.747   0.747   0.000
  
  11 1279.1   3/2-   1/2  28   -0.00    3.69    3.69    0.75    0.14       5.67    5.67    0.00   -2.34      0.692   0.692   0.000
  12 1280.2   7/2-   5/2  36    0.56    2.82    2.82    3.85    1.89       5.12    5.12    0.00   -0.62      0.625   0.625   0.000
  13 1281.6   1/2-   1/2  38    0.50    1.49    1.49    0.25    0.66       1.42    1.42   -0.00   -1.58      0.173   0.173  -0.000
  14 1361.6   7/2-   1/2  31    0.01   25.03   25.03    1.76    6.33       8.66    8.66    0.00   -6.41      1.056   1.056   0.000
  15 1362.8   5/2-   5/2  36    0.66    3.22    3.22    2.87    1.24       5.37    5.37    0.00   -1.72      0.655   0.655   0.000
  
  16 1848.3   7/2-  -3/2  35   -0.51    2.42    2.42    2.43    0.97       7.65    7.65    0.00   -0.87      0.933   0.933   0.000
  17 2064.6   3/2-   1/2  38    0.43    2.04    2.04    0.32   -0.62       5.27    5.27    0.00   -1.72      0.643   0.643   0.000
  18 2067.6   9/2-   5/2  36    0.38    3.06    3.06    3.47    1.76       8.43    8.43    0.00   -0.21      1.027   1.027   0.000
  19 2150.7   5/2-   1/2  38   -0.06    2.76    2.76    1.15    0.19       7.15    7.15    0.00   -1.62      0.871   0.871   0.000
  20 2211.7  13/2-   5/2  34    0.01   24.83   24.83    7.79    6.30       9.14    9.14    0.00   -3.16      1.114   1.114   0.000
  
  21 2272.2  13/2-   9/2  32    2.72    3.05    3.05   18.19    3.60      11.38   11.38    0.00    0.18      1.388   1.388   0.000
  22 2341.1  11/2-  -7/2  30   -2.27    2.54    2.54   11.98    2.66      10.53   10.53    0.00   -0.26      1.283   1.283   0.000
  23 2349.8   5/2-   1/2  28    0.20    3.25    3.25    0.66   -0.47       9.35    9.35    0.00   -1.98      1.140   1.140   0.000
  24 2353.4   7/2-  -3/2  29    0.19    3.55    3.55    2.98    0.68      10.21   10.21    0.00   -1.63      1.245   1.245   0.000
  25 2402.2   9/2-   5/2  34    0.00   25.12   25.12    6.58    6.04      10.75   10.75    0.00   -5.78      1.311   1.311   0.000
  
  26 2873.5   3/2-   1/2  31    0.22   19.34   19.34    0.53    4.30      13.16   13.16    0.00   -6.02      1.604   1.604   0.000
  27 2964.3   9/2-  -3/2  35   -1.20    2.15    2.15    2.10    0.69      12.12   12.12    0.00   -0.60      1.478   1.478   0.000
  28 3179.9  11/2-   5/2  36    0.33    3.02    3.02    3.47    1.59      13.11   13.11    0.00    0.00      1.599   1.599   0.000
  29 3717.8  13/2-  -7/2  30   -1.88    2.62    2.62   12.01    2.44      15.93   15.93    0.00   -0.03      1.942   1.942   0.000
  30 3890.8  11/2-  -7/2  37    0.06   23.49   23.49    9.48    5.33      14.26   14.26   -0.00   -4.61      1.739   1.739  -0.000
  
  31 4417.6  13/2-   5/2  36    0.23    3.20    3.20    3.15    1.58      18.13   18.13    0.00    0.24      2.210   2.210   0.000
  32 4477.4   1/2-   1/2  39    0.50   13.12   13.12    0.25   -2.08      15.42   15.42    0.00   -5.09      1.880   1.880   0.000
  33 5729.4  13/2-  -3/2  35   -0.97    2.00    2.00    1.92    0.65      22.81   22.81    0.00   -0.21      2.781   2.781   0.000
  34 7325.0   1/2-   1/2  31    0.50   25.92   25.92    0.25   -3.60      29.54   29.54    0.00   -7.18      3.601   3.601   0.000
  35*******   1/2-  -3/2  33    0.00    0.00    0.00    0.00   -0.00       0.00    0.00    0.00   -0.00      0.000   0.000   0.000
  
