1SPECTRUM OF (Z= 82 A=207) IN PARTICLE-ROTOR  MODEL WITH MODIFIED OSCILLATOR POTENTIAL


 PARITY=-   EPS= 0.322   GAMMA=  0.0   EPS4=0.000   EPS6=0.000   LEVELS:  25  26  27  28  29  30  31  32  33  34  35  36  37  38  39

 PAIRING FACTORS: GN0= 19.20  GN1=  7.40  IPAIR= 15 ***  E2PLUS(INPUT)=   0.730  E2PLUR(INPUT)=   0.000

 CORIOLIS ATTENUATION PARAMETERS:  CHSI=1.000  ETA=  1.00

 MOMENT OF INERTIA PARAMETERS:   A1=  0.122 MEV   A2=  0.122 MEV   A3=121.91924 MEV


 DELTA=0.930 MEV  LAMBDA=53.3061 MEV   HW0= 7.5047 MEV   LAMBDA/HW0= 7.1030

 E2ENERGY=0.730 MEV  HBAR**2/B=19225./A**(7/3)=3249.9/A**2 MEV

 IREC=0  =>  RECOIL TERMS j+j-, j+j+, jzjz, ETC TREATED AS ONE-BODY OPERATORS WITH UU+VV PAIRING FACTORS



 S. P. LEVEL   EQP       U     V        (UU + VV)**1.00

     25       4.158    0.113 0.994      1.000 0.999 0.998 0.977 0.966 0.951 0.904 0.903 0.737 0.533 0.309 0.304 0.288 0.277 0.253
     26       3.234    0.145 0.989      0.999 1.000 1.000 0.984 0.974 0.961 0.917 0.917 0.759 0.561 0.340 0.336 0.319 0.309 0.284
     27       2.677    0.176 0.984      0.998 1.000 1.000 0.989 0.981 0.969 0.930 0.929 0.779 0.587 0.369 0.365 0.349 0.338 0.314
     28       1.529    0.321 0.947      0.977 0.984 0.989 1.000 0.999 0.995 0.974 0.974 0.864 0.701 0.504 0.500 0.485 0.475 0.452
     29       1.370    0.365 0.931      0.966 0.974 0.981 0.999 1.000 0.999 0.984 0.983 0.886 0.733 0.543 0.539 0.524 0.515 0.493
     30       1.234    0.414 0.910      0.951 0.961 0.969 0.995 0.999 1.000 0.992 0.992 0.910 0.769 0.587 0.584 0.570 0.560 0.539
     31       1.039    0.527 0.850      0.904 0.917 0.930 0.974 0.984 0.992 1.000 1.000 0.955 0.844 0.686 0.683 0.670 0.661 0.642
     32       1.036    0.529 0.849      0.903 0.917 0.929 0.974 0.983 0.992 1.000 1.000 0.956 0.845 0.688 0.684 0.672 0.663 0.644
     33       0.939    0.755 0.656      0.737 0.759 0.779 0.864 0.886 0.910 0.955 0.956 1.000 0.965 0.871 0.868 0.860 0.854 0.840
     34       1.188    0.901 0.435      0.533 0.561 0.587 0.701 0.733 0.769 0.844 0.845 0.965 1.000 0.969 0.968 0.964 0.960 0.953
     35       2.379    0.980 0.200      0.309 0.340 0.369 0.504 0.543 0.587 0.686 0.688 0.871 0.969 1.000 1.000 1.000 0.999 0.998
     36       2.432    0.981 0.195      0.304 0.336 0.365 0.500 0.539 0.584 0.683 0.684 0.868 0.968 1.000 1.000 1.000 1.000 0.999
     37       2.654    0.984 0.178      0.288 0.319 0.349 0.485 0.524 0.570 0.670 0.672 0.860 0.964 1.000 1.000 1.000 1.000 0.999
     38       2.826    0.986 0.167      0.277 0.309 0.338 0.475 0.515 0.560 0.661 0.663 0.854 0.960 0.999 1.000 1.000 1.000 1.000
     39       3.308    0.990 0.142      0.253 0.284 0.314 0.452 0.493 0.539 0.642 0.644 0.840 0.953 0.998 0.999 0.999 1.000 1.000

  R CORE   ENERGY   A0R/A00=1.000    R3= 0     2  
   2( 1)    0.732                    1.000 0.000
   2( 2)  487.921                    0.000 1.000

  R CORE   ENERGY   A0R/A00=1.000    R3= 0     2  
   3( 1)  488.652                    0.000 1.000

  R CORE   ENERGY   A0R/A00=1.000    R3= 0     2     4  
   4( 1)    2.438                    1.000 0.000 0.000

  R CORE   ENERGY   A0R/A00=1.000    R3= 0     2     4  
   5( 1)  490.847                    0.000 1.000 0.000

  R CORE   ENERGY   A0R/A00=1.000    R3= 0     2     4     6  
   6( 1)    5.121                    1.000 0.000 0.000 0.000

  R CORE   ENERGY   A0R/A00=1.000    R3= 0     2     4     6  
   7( 1)  494.017                    0.000 1.000 0.000 0.000

          AXIAL SYMMETRY => K RESTRICTED TO OMEGA

                     K
     S.P. ORB#: 25  0.50
     S.P. ORB#: 26  2.50
     S.P. ORB#: 27 -3.50
     S.P. ORB#: 28  0.50
     S.P. ORB#: 29  0.50
     S.P. ORB#: 30 -1.50
     S.P. ORB#: 31 -3.50
     S.P. ORB#: 32 -1.50
     S.P. ORB#: 33  4.50
     S.P. ORB#: 34  2.50
     S.P. ORB#: 35 -1.50
     S.P. ORB#: 36 -3.50
     S.P. ORB#: 37  2.50
     S.P. ORB#: 38  0.50
     S.P. ORB#: 39  0.50
 

             ENERGY    K= OMEGA
 
 I=  1/2- (1)  2.593  29:-0.998
 
 I=  1/2- (2)  3.644  25:-0.071
                      39:-0.997
 
 I=  1/2- (3)  5.715  25: 0.997
                      39:-0.069
 
 I=  1/2- (4)  6.066  28: 0.455
                      38:-0.891
 
 I=  1/2- (5)  8.766  28:-0.891
                      38:-0.455

             ENERGY    K= OMEGA
 
 I=  3/2- (1)  2.445  25:-0.133
                      30:-0.969
                      35:-0.190
                      39: 0.091
 
 I=  3/2- (2)  2.539  25: 0.152
                      29: 0.854
                      30:-0.127
                      35: 0.468
                      39:-0.111

             ENERGY    K= OMEGA
 
 I=  5/2- (1)  2.490  25:-0.251
                      29: 0.450
                      30: 0.756
                      35:-0.153
                      37:-0.340
                      39: 0.152
 
 I=  5/2- (2)  3.265  26: 0.066
                      29:-0.446
                      30: 0.436
                      35: 0.772
                      37: 0.075
                      39: 0.062
 
 I=  5/2- (3)  3.395  25:-0.127
                      29: 0.443
                      30: 0.082
                      35: 0.111
                      37: 0.868
                      39: 0.126
 
 I=  5/2- (4)  4.171  29:-0.555
                      30: 0.424
                      35:-0.572
                      37: 0.353
                      39:-0.245
 
 I=  5/2- (5)  4.490  25:-0.166
                      29: 0.223
                      35: 0.185
                      39:-0.941

             ENERGY    K= OMEGA
 
 I=  7/2- (1)  1.829  26:-0.199
                      27: 0.053
                      31: 0.978
 
 I=  7/2- (2)  3.303  25:-0.165
                      29: 0.135
                      30:-0.803
                      35: 0.140
                      37:-0.529
                      39: 0.086
 
 I=  7/2- (3)  3.410  25:-0.279
                      29:-0.777
                      30:-0.189
                      35:-0.494
                      37: 0.075
                      39: 0.177
 
 I=  7/2- (4)  3.415  28:-0.723
                      32:-0.579
                      34:-0.347
                      36:-0.144
 
 I=  7/2- (5)  4.347  26: 0.142
                      27: 0.408
                      29: 0.400
                      30:-0.408
                      35:-0.360
                      37: 0.597

             ENERGY    K= OMEGA
 
 I=  9/2- (1)  1.816  26: 0.070
                      27:-0.201
                      31: 0.220
                      33: 0.952
 
 I=  9/2- (2)  2.772  26: 0.273
                      27: 0.090
                      30: 0.052
                      31: 0.930
                      33:-0.216
 
 I=  9/2- (3)  3.473  25:-0.360
                      29: 0.489
                      30: 0.678
                      31:-0.065
                      35:-0.191
                      37:-0.312
                      39: 0.185
 
 I=  9/2- (4)  4.575  28:-0.232
                      32: 0.583
                      34:-0.657
                      36: 0.417
 
 I=  9/2- (5)  5.065  25:-0.088
                      26: 0.118
                      27:-0.113
                      29:-0.272
                      30: 0.426
                      31:-0.051
                      35: 0.794
                      37: 0.217
                      39: 0.168

             ENERGY    K= OMEGA
 
 I= 11/2- (1)  2.729  28:-0.685
                      32:-0.579
                      34:-0.391
                      36:-0.199
                      38:-0.055
 
 I= 11/2- (2)  2.891  26:-0.120
                      27:-0.272
                      31: 0.305
                      33:-0.905
 
 I= 11/2- (3)  3.947  26: 0.320
                      27:-0.128
                      30:-0.062
                      31:-0.884
                      33:-0.302
                      37:-0.061
 
 I= 11/2- (4)  5.144  25:-0.356
                      29:-0.295
                      30:-0.752
                      31: 0.091
                      35:-0.080
                      37:-0.414
                      39: 0.183
 
 I= 11/2- (5)  5.241  25: 0.176
                      29: 0.718
                      30:-0.250
                      35: 0.499
                      37:-0.354
                      39:-0.114

             ENERGY    K= OMEGA
 
 I= 13/2- (1)  4.185  26: 0.164
                      27:-0.318
                      31: 0.363
                      33: 0.860
 
 I= 13/2- (2)  4.925  28:-0.223
                      32: 0.565
                      34:-0.660
                      36: 0.441
 
 I= 13/2- (3)  5.284  25:-0.313
                      26: 0.242
                      27: 0.121
                      29: 0.354
                      30: 0.489
                      31: 0.562
                      33:-0.241
                      35:-0.111
                      37:-0.237
                      39: 0.146
 
 I= 13/2- (4)  5.429  25:-0.292
                      26:-0.256
                      27:-0.111
                      29: 0.353
                      30: 0.418
                      31:-0.630
                      33: 0.271
                      35:-0.155
                      37:-0.155
                      39: 0.135
 
 I= 13/2- (5)  7.808  25:-0.147
                      26: 0.122
                      27:-0.132
                      29:-0.103
                      30: 0.313
                      31:-0.074
                      33:-0.062
                      35: 0.759
                      37: 0.432
                      39: 0.256

             ENERGY     K= 1/2
  32 LEVELS    TIME=  0.0 SEC



 ******************* EXCITATION ENERGIES, DOMINANT CONFIGURATION AND EXPECTATION VALUES (WITH S.P. UU+VV FACTORS) *******************

  NR  Eex(keV)  I   Kdom  NY    <Jz>  <Jx**2> <Jy**2> <Jz**2> <I.j>/|I|  <Rx**2> <Ry**2> <Rz**2> <R.j>/|R|  <HROTx> <HROTy> <HROTz>

   1    0.0   9/2-   9/2  33    3.78    2.55    2.55   19.47    4.30       3.24    3.24    0.00   -1.24      0.395   0.395   0.001
   2   12.4   7/2-  -7/2  31   -3.26    2.31    2.31   12.00    3.36       2.86    2.86    0.00   -1.38      0.348   0.348   0.000
   3  629.1   3/2-  -3/2  30   -1.45    4.44    4.44    2.20    1.50       4.52    4.52    0.00   -2.72      0.551   0.551   0.000
   4  673.7   5/2-  -3/2  30   -0.46    4.64    4.64    2.14    2.29       3.30    3.30   -0.00   -1.80      0.402   0.402  -0.000
   5  722.5   3/2-   1/2  29    0.03    3.89    3.89    0.72    1.34       3.53    3.53    0.00   -2.22      0.431   0.431   0.000
  
   6  776.5   1/2-   1/2  29    0.50    4.75    4.75    0.25    0.32       4.98    4.98    0.00   -3.00      0.607   0.607   0.000
   7  913.1  11/2-   1/2  28   -0.02   24.69   24.69    2.31    6.37       5.65    5.65    0.00   -4.05      0.689   0.689   0.000
   8  956.1   9/2-  -7/2  31   -2.66    2.42    2.42   12.12    2.91       6.38    6.38    0.00   -0.70      0.778   0.778   0.000
   9 1075.1  11/2-   9/2  33    3.13    2.77    2.77   18.71    3.80       7.30    7.30    0.00   -0.41      0.890   0.890   0.001
  10 1448.6   5/2-  -3/2  35   -1.05    2.61    2.61    1.88    0.89       5.31    5.31    0.00   -1.38      0.648   0.648   0.000
  
  11 1486.7   7/2-  -3/2  30   -0.28    3.98    3.98    3.29    1.80       6.35    6.35    0.00   -1.15      0.774   0.774   0.000
  12 1579.0   5/2-   5/2  37    1.97    2.54    2.54    4.80    1.80       3.98    3.98    0.00   -1.61      0.485   0.485   0.000
  13 1593.7   7/2-   1/2  29   -0.05    3.62    3.62    0.86    1.44       6.20    6.20    0.00   -0.67      0.756   0.756   0.000
  14 1598.4   7/2-   1/2  28   -0.01   24.25   24.25    1.89    6.19       8.50    8.50    0.00   -6.26      1.036   1.036   0.000
  15 1657.1   9/2-  -3/2  30   -0.31    4.87    4.87    1.88    2.35       6.47    6.47    0.00    0.02      0.789   0.789   0.000
  
  16 1827.7   1/2-   1/2  39    0.50    1.50    1.50    0.25    0.72       1.37    1.37    0.00   -1.58      0.167   0.167   0.000
  17 2130.7  11/2-  -7/2  31   -2.12    2.51    2.51   12.29    2.62      10.89   10.89    0.00   -0.36      1.328   1.328   0.000
  18 2355.2   5/2-  -3/2  35   -0.26    3.43    3.43    2.02   -0.09       9.09    9.09    0.00   -2.15      1.109   1.109   0.000
  19 2368.6  13/2-   9/2  33    2.59    2.97    2.97   18.01    3.45      12.28   12.28    0.00    0.02      1.497   1.497   0.000
  20 2531.1   7/2-   5/2  37   -0.00    3.40    3.40    5.10    1.26       8.84    8.84    0.00   -1.65      1.077   1.077   0.000
  
  21 2673.4   5/2-   1/2  39    0.44    1.66    1.66    0.34    0.31       5.28    5.28    0.00   -0.84      0.644   0.644   0.000
  22 2759.1   9/2-   5/2  34   -0.01   24.78   24.78    5.61    5.39      13.14   13.14    0.00   -5.53      1.602   1.602   0.000
  23 3109.2  13/2-   5/2  34   -0.04   24.77   24.77    5.84    5.39      14.46   14.46    0.00   -3.30      1.763   1.763   0.000
  24 3249.0   9/2-  -3/2  35   -1.06    2.33    2.33    2.44    0.81      11.91   11.91    0.00   -0.63      1.453   1.453   0.000
  25 3328.0  11/2-  -3/2  30   -0.33    4.12    4.12    2.54    1.69      13.16   13.16   -0.00   -0.13      1.605   1.605  -0.000
  
  26 3424.7  11/2-   1/2  29    0.13    3.52    3.52    1.66    1.42      13.75   13.75    0.00   -0.04      1.676   1.676   0.000
  27 3468.0  13/2-  -7/2  31   -0.86    3.94    3.94    6.57    2.44      14.55   14.55    0.00    0.48      1.775   1.775   0.000
  28 3612.8  13/2-  -7/2  31   -1.06    3.74    3.74    7.57    2.35      15.50   15.50    0.00    0.24      1.890   1.890   0.000
  29 3898.4   1/2-   1/2  25    0.50    6.50    6.50    0.25    0.67       6.43    6.43    0.00   -3.54      0.783   0.783   0.000
  30 4250.0   1/2-   1/2  38    0.50   12.47   12.47    0.25   -1.64      14.39   14.39    0.00   -4.96      1.754   1.754   0.000
  
  31 5991.4  13/2-  -3/2  35   -0.52    2.11    2.11    3.16    0.85      22.13   22.13    0.00   -0.22      2.698   2.698   0.000
  32 6949.9   1/2-   1/2  28    0.50   25.00   25.00    0.25   -3.56      28.58   28.58    0.00   -7.05      3.485   3.485   0.000
