1SPECTRUM OF (Z= 82 A=207) IN PARTICLE-ROTOR  MODEL WITH MODIFIED OSCILLATOR POTENTIAL


 PARITY=-   EPS= 0.488   GAMMA=  0.0   EPS4=0.000   EPS6=0.000   LEVELS:  25  26  27  28  29  30  31  32  33  34  35  36  37  38  39

 PAIRING FACTORS: GN0= 19.20  GN1=  7.40  IPAIR= 15 ***  E2PLUS(INPUT)=   0.730  E2PLUR(INPUT)=   0.000

 CORIOLIS ATTENUATION PARAMETERS:  CHSI=1.000  ETA=  1.00

 MOMENT OF INERTIA PARAMETERS:   A1=  0.122 MEV   A2=  0.122 MEV   A3=121.91924 MEV


 DELTA=0.849 MEV  LAMBDA=53.4328 MEV   HW0= 7.6419 MEV   LAMBDA/HW0= 6.9921

 E2ENERGY=0.730 MEV  HBAR**2/B=44156./A**(7/3)=7464.6/A**2 MEV

 IREC=0  =>  RECOIL TERMS j+j-, j+j+, jzjz, ETC TREATED AS ONE-BODY OPERATORS WITH UU+VV PAIRING FACTORS



 S. P. LEVEL   EQP       U     V        (UU + VV)**1.00

     25       4.078    0.105 0.995      1.000 1.000 0.994 0.990 0.978 0.968 0.960 0.607 0.539 0.359 0.322 0.270 0.269 0.239 0.199
     26       3.533    0.121 0.993      1.000 1.000 0.995 0.992 0.981 0.972 0.965 0.620 0.553 0.375 0.337 0.286 0.285 0.255 0.215
     27       2.007    0.217 0.976      0.994 0.995 1.000 1.000 0.995 0.990 0.986 0.693 0.631 0.463 0.427 0.377 0.376 0.347 0.309
     28       1.779    0.246 0.969      0.990 0.992 1.000 1.000 0.998 0.994 0.990 0.715 0.654 0.489 0.454 0.405 0.404 0.376 0.338
     29       1.443    0.309 0.951      0.978 0.981 0.995 0.998 1.000 0.999 0.997 0.759 0.702 0.546 0.512 0.464 0.464 0.436 0.399
     30       1.287    0.353 0.936      0.968 0.972 0.990 0.994 0.999 1.000 1.000 0.788 0.734 0.584 0.551 0.505 0.504 0.477 0.440
     31       1.212    0.379 0.926      0.960 0.965 0.986 0.990 0.997 1.000 1.000 0.805 0.753 0.606 0.573 0.528 0.528 0.501 0.465
     32       0.955    0.854 0.521      0.607 0.620 0.693 0.715 0.759 0.788 0.805 1.000 0.997 0.960 0.948 0.929 0.929 0.917 0.900
     33       1.061    0.894 0.448      0.539 0.553 0.631 0.654 0.702 0.734 0.753 0.997 1.000 0.980 0.971 0.957 0.956 0.947 0.933
     34       1.694    0.966 0.260      0.359 0.375 0.463 0.489 0.546 0.584 0.606 0.960 0.980 1.000 0.999 0.996 0.995 0.992 0.986
     35       1.973    0.975 0.221      0.322 0.337 0.427 0.454 0.512 0.551 0.573 0.948 0.971 0.999 1.000 0.999 0.998 0.996 0.992
     36       2.570    0.986 0.168      0.270 0.286 0.377 0.405 0.464 0.505 0.528 0.929 0.957 0.996 0.999 1.000 1.000 0.999 0.997
     37       2.584    0.986 0.167      0.269 0.285 0.376 0.404 0.464 0.504 0.528 0.929 0.956 0.995 0.998 1.000 1.000 1.000 0.997
     38       3.153    0.991 0.136      0.239 0.255 0.347 0.376 0.436 0.477 0.501 0.917 0.947 0.992 0.996 0.999 1.000 1.000 0.999
     39       4.471    0.995 0.095      0.199 0.215 0.309 0.338 0.399 0.440 0.465 0.900 0.933 0.986 0.992 0.997 0.997 0.999 1.000

  R CORE   ENERGY   A0R/A00=1.000    R3= 0     2  
   2( 1)    0.732                    1.000 0.000
   2( 2)  487.921                    0.000 1.000

  R CORE   ENERGY   A0R/A00=1.000    R3= 0     2  
   3( 1)  488.652                    0.000 1.000

  R CORE   ENERGY   A0R/A00=1.000    R3= 0     2     4  
   4( 1)    2.438                    1.000 0.000 0.000

  R CORE   ENERGY   A0R/A00=1.000    R3= 0     2     4  
   5( 1)  490.847                    0.000 1.000 0.000

  R CORE   ENERGY   A0R/A00=1.000    R3= 0     2     4     6  
   6( 1)    5.121                    1.000 0.000 0.000 0.000

  R CORE   ENERGY   A0R/A00=1.000    R3= 0     2     4     6  
   7( 1)  494.017                    0.000 1.000 0.000 0.000

          AXIAL SYMMETRY => K RESTRICTED TO OMEGA

                     K
     S.P. ORB#: 25  0.50
     S.P. ORB#: 26 -1.50
     S.P. ORB#: 27 -5.50
     S.P. ORB#: 28  2.50
     S.P. ORB#: 29  2.50
     S.P. ORB#: 30 -3.50
     S.P. ORB#: 31  0.50
     S.P. ORB#: 32  0.50
     S.P. ORB#: 33 -1.50
     S.P. ORB#: 34 -3.50
     S.P. ORB#: 35  0.50
     S.P. ORB#: 36 -1.50
     S.P. ORB#: 37 -3.50
     S.P. ORB#: 38  4.50
     S.P. ORB#: 39  4.50
 

             ENERGY    K= OMEGA
 
 I=  1/2- (1)  2.343  32: 0.999
 
 I=  1/2- (2)  4.427  31: 0.916
                      35:-0.401
 
 I=  1/2- (3)  5.887  25: 0.999
 
 I=  1/2- (4)  6.286  31:-0.401
                      35:-0.916
 
 I=  1/2- (5)147.364  33:-1.000

             ENERGY    K= OMEGA
 
 I=  3/2- (1)  2.389  32: 0.703
                      33:-0.711
 
 I=  3/2- (2)  2.615  25:-0.139
                      32:-0.703
                      33:-0.698

             ENERGY    K= OMEGA
 
 I=  5/2- (1)  2.845  25:-0.193
                      28: 0.092
                      32: 0.526
                      33: 0.823
 
 I=  5/2- (2)  3.530  25: 0.055
                      28: 0.572
                      32:-0.712
                      33: 0.403
 
 I=  5/2- (3)  3.627  28:-0.815
                      32:-0.441
                      33: 0.376
 
 I=  5/2- (4)  4.778  26: 0.126
                      29:-0.108
                      31:-0.820
                      35: 0.489
                      36: 0.246
 
 I=  5/2- (5)  6.405  26:-0.474
                      29: 0.839
                      35: 0.265

             ENERGY    K= OMEGA
 
 I=  7/2- (1)  3.224  28:-0.157
                      30:-0.986
 
 I=  7/2- (2)  3.425  28: 0.346
                      32: 0.084
                      33:-0.137
                      37:-0.924
 
 I=  7/2- (3)  3.603  32: 0.786
                      33:-0.592
                      37: 0.164
 
 I=  7/2- (4)  3.985  25:-0.251
                      28: 0.112
                      32:-0.581
                      33:-0.758
                      37: 0.104
 
 I=  7/2- (5)  4.629  28:-0.918
                      30: 0.155
                      33:-0.155
                      37:-0.326

             ENERGY    K= OMEGA
 
 I=  9/2- (1)  3.732  28: 0.180
                      30:-0.651
                      37: 0.211
                      38: 0.706
 
 I=  9/2- (2)  4.352  25: 0.259
                      28:-0.256
                      30:-0.156
                      32:-0.462
                      33:-0.658
                      37:-0.433
                      38: 0.094
 
 I=  9/2- (3)  4.452  25:-0.164
                      28:-0.240
                      30:-0.306
                      32: 0.307
                      33: 0.384
                      37:-0.761
 
 I=  9/2- (4)  4.778  28:-0.317
                      30: 0.633
                      32: 0.087
                      33: 0.060
                      37:-0.099
                      38: 0.690
 
 I=  9/2- (5)  5.332  26:-0.397
                      29: 0.578
                      31: 0.418
                      34:-0.463
                      35:-0.185
                      36:-0.175
                      39: 0.234

             ENERGY    K= OMEGA
 
 I= 11/2- (1)  3.346  27:-0.999
 
 I= 11/2- (2)  4.772  28:-0.214
                      30:-0.646
                      37: 0.257
                      38:-0.685
 
 I= 11/2- (3)  5.302  26:-0.413
                      29:-0.553
                      31:-0.427
                      34:-0.462
                      35:-0.164
                      36:-0.167
                      39:-0.268
 
 I= 11/2- (4)  5.658  28: 0.404
                      30:-0.296
                      32: 0.231
                      33:-0.271
                      37:-0.774
                      38:-0.153
 
 I= 11/2- (5)  5.799  25: 0.094
                      28:-0.073
                      30: 0.127
                      32: 0.808
                      33:-0.464
                      37: 0.318

             ENERGY    K= OMEGA
 
 I= 13/2- (1)  4.928  27: 0.998
                      38:-0.050
 
 I= 13/2- (2)  5.922  26: 0.391
                      29:-0.581
                      31:-0.210
                      34: 0.566
                      35: 0.053
                      36: 0.106
                      39:-0.363
 
 I= 13/2- (3)  6.088  27:-0.051
                      28:-0.242
                      30: 0.638
                      33:-0.053
                      37:-0.285
                      38:-0.668
 
 I= 13/2- (4)  6.787  25: 0.384
                      28:-0.137
                      30:-0.085
                      32:-0.545
                      33:-0.712
                      37:-0.108
                      38: 0.103
 
 I= 13/2- (5)  7.196  25:-0.085
                      28:-0.413
                      30:-0.320
                      32: 0.138
                      33: 0.114
                      37:-0.811
                      38: 0.173

             ENERGY     K= 9/2
  32 LEVELS    TIME=  0.0 SEC



 ******************* EXCITATION ENERGIES, DOMINANT CONFIGURATION AND EXPECTATION VALUES (WITH S.P. UU+VV FACTORS) *******************

  NR  Eex(keV)  I   Kdom  NY    <Jz>  <Jx**2> <Jy**2> <Jz**2> <I.j>/|I|  <Rx**2> <Ry**2> <Rz**2> <R.j>/|R|  <HROTx> <HROTy> <HROTz>

   1    0.0   1/2-   1/2  32    0.50    5.27    5.27    0.25    0.12       5.67    5.67   -0.00   -3.17      0.691   0.691  -0.000
   2   46.4   3/2-  -3/2  33   -0.51    5.26    5.26    1.26    1.09       5.66    5.66   -0.00   -2.87      0.690   0.690  -0.000
   3  272.5   3/2-   1/2  32   -0.47    5.27    5.27    1.22    0.73       6.35    6.35   -0.00   -2.90      0.774   0.774  -0.000
   4  502.2   5/2-  -3/2  33   -0.84    5.40    5.40    1.66    1.23       6.95    6.95   -0.00   -2.36      0.847   0.847  -0.000
   5  880.9   7/2-  -7/2  30   -3.35    6.30    6.30   12.09    3.11       7.89    7.89    0.00   -3.11      0.962   0.962   0.000
  
   6 1002.9  11/2- -11/2  27   -5.49    2.75    2.75   30.24    5.06       5.49    5.49    0.00   -1.65      0.669   0.669   0.000
   7 1081.8   7/2-  -7/2  37   -2.72    2.80    2.80   11.26    3.10       4.01    4.01   -0.00   -1.61      0.489   0.489  -0.000
   8 1187.1   5/2-   1/2  32    0.83    5.58    5.58    2.54    0.63       9.34    9.34   -0.00   -2.73      1.139   1.139  -0.000
   9 1260.3   7/2-   1/2  32   -0.32    5.17    5.17    1.29    0.81      10.50   10.50   -0.00   -1.84      1.280   1.280  -0.000
  10 1284.4   5/2-   5/2  28    1.55    5.87    5.87    4.52    1.30       8.65    8.65    0.00   -2.98      1.055   1.055   0.000
  
  11 1389.1   9/2-   9/2  38    0.68    4.24    4.24   16.02    3.76       5.92    5.92    0.00   -1.69      0.721   0.721   0.000
  12 1642.4   7/2-  -3/2  33   -0.67    5.33    5.33    1.63    0.70      11.25   11.25   -0.00   -2.01      1.372   1.372  -0.000
  13 2008.8   9/2-  -3/2  33   -1.05    4.92    4.92    4.23    1.63      11.29   11.29   -0.00   -1.25      1.377   1.377  -0.000
  14 2083.9   1/2-   1/2  31    0.50   12.99   12.99    0.25    0.94      12.68   12.68   -0.00   -5.05      1.546   1.546  -0.000
  15 2108.8   9/2-  -7/2  37   -2.37    3.62    3.62    8.98    2.16       9.74    9.74   -0.00   -1.24      1.187   1.187  -0.000
  
  16 2286.1   7/2-   5/2  28    1.62    5.77    5.77    6.92    1.43      11.44   11.44    0.00   -2.68      1.395   1.395   0.000
  17 2429.1  11/2-   9/2  38    0.53    4.28    4.28   15.73    3.31      10.26   10.26    0.00   -1.00      1.251   1.251   0.000
  18 2435.4   5/2-   1/2  31    0.37   13.63   13.63    0.47    1.64      13.38   13.38    0.00   -4.42      1.631   1.631   0.000
  19 2435.5   9/2-   9/2  38    0.95    4.41    4.41   15.31    2.82      10.42   10.42    0.00   -2.21      1.270   1.270   0.000
  20 2585.3  13/2- -11/2  27   -5.47    2.75    2.75   30.21    4.33      11.97   11.97    0.00   -1.11      1.460   1.460   0.000
  
  21 2959.0  11/2-   5/2  29    0.15   20.91   20.91    6.49    4.82      13.24   13.24   -0.00   -3.79      1.614   1.614  -0.000
  22 2989.0   9/2-   5/2  29    0.15   20.53   20.53    6.29    4.50      13.65   13.65   -0.00   -4.78      1.664   1.664  -0.000
  23 3315.3  11/2-  -7/2  37   -1.97    3.51    3.51   10.08    2.02      14.37   14.37   -0.00   -0.94      1.753   1.753  -0.000
  24 3455.7  11/2-   1/2  32   -0.39    4.94    4.94    2.12    0.83      18.94   18.94   -0.00   -1.15      2.309   2.309  -0.000
  25 3544.3   1/2-   1/2  25    0.50    7.51    7.51    0.25    0.65       7.44    7.44    0.00   -3.81      0.908   0.908   0.000
  
  26 3579.1  13/2-   5/2  29    0.09   21.91   21.91    9.08    5.12      15.08   15.08   -0.00   -3.12      1.839   1.839  -0.000
  27 3745.4  13/2-   9/2  38    0.43    4.31    4.31   15.47    2.97      15.72   15.72    0.00   -0.60      1.916   1.916   0.000
  28 3942.8   1/2-   1/2  35    0.50   17.03   17.03    0.25   -0.76      18.19   18.19   -0.00   -5.80      2.218   2.218  -0.000
  29 4062.5   5/2-   5/2  29    1.45   22.18   22.18    4.92    3.64      18.26   18.26    0.00   -6.38      2.226   2.226   0.000
  30 4444.0  13/2-  -3/2  33   -0.51    5.63    5.63    1.82    1.34      21.56   21.56    0.00   -0.57      2.629   2.629   0.000
  
  31 4852.7  13/2-  -7/2  37   -2.11    3.34    3.34   11.02    1.88      20.12   20.12   -0.00   -0.72      2.453   2.453  -0.000
  32*******   1/2-  -3/2  33    0.00    0.00    0.00    0.00   -0.00       0.00    0.00   -0.00   -0.00      0.000   0.000  -0.000
