1SPECTRUM OF (Z= 82 A=207) IN PARTICLE-ROTOR  MODEL WITH MODIFIED OSCILLATOR POTENTIAL


 PARITY=-   EPS= 0.220   GAMMA=  0.0   EPS4=0.000   EPS6=0.000   LEVELS:  24  25  26  27  28  29  30  31  32  33  34  35  36  37  38

 PAIRING FACTORS: GN0= 19.20  GN1=  7.40  IPAIR= 15 ***  E2PLUS(INPUT)=   0.730  E2PLUR(INPUT)=   0.000

 CORIOLIS ATTENUATION PARAMETERS:  CHSI=1.000  ETA=  1.00

 MOMENT OF INERTIA PARAMETERS:   A1=  0.122 MEV   A2=  0.122 MEV   A3=121.91924 MEV


 DELTA=0.945 MEV  LAMBDA=53.4801 MEV   HW0= 7.4532 MEV   LAMBDA/HW0= 7.1755

 E2ENERGY=0.730 MEV  HBAR**2/B= 8974./A**(7/3)=1517.1/A**2 MEV

 IREC=0  =>  RECOIL TERMS j+j-, j+j+, jzjz, ETC TREATED AS ONE-BODY OPERATORS WITH UU+VV PAIRING FACTORS



 S. P. LEVEL   EQP       U     V        (UU + VV)**1.00

     24       5.206    0.091 0.996      1.000 1.000 1.000 0.999 0.994 0.989 0.986 0.985 0.603 0.550 0.513 0.450 0.369 0.339 0.262
     25       4.124    0.115 0.993      1.000 1.000 1.000 1.000 0.996 0.993 0.990 0.989 0.622 0.570 0.534 0.472 0.391 0.362 0.285
     26       4.114    0.116 0.993      1.000 1.000 1.000 1.000 0.996 0.993 0.990 0.989 0.623 0.570 0.534 0.472 0.392 0.362 0.285
     27       3.590    0.133 0.991      0.999 1.000 1.000 1.000 0.998 0.995 0.992 0.992 0.636 0.584 0.549 0.487 0.408 0.378 0.302
     28       2.410    0.200 0.980      0.994 0.996 0.996 0.998 1.000 0.999 0.998 0.998 0.687 0.638 0.604 0.545 0.469 0.440 0.366
     29       2.062    0.236 0.972      0.989 0.993 0.993 0.995 0.999 1.000 1.000 1.000 0.713 0.666 0.633 0.576 0.501 0.473 0.400
     30       1.898    0.258 0.966      0.986 0.990 0.990 0.992 0.998 1.000 1.000 1.000 0.729 0.683 0.650 0.594 0.520 0.493 0.421
     31       1.888    0.259 0.966      0.985 0.989 0.989 0.992 0.998 1.000 1.000 1.000 0.730 0.684 0.651 0.595 0.521 0.494 0.422
     32       1.054    0.849 0.528      0.603 0.622 0.623 0.636 0.687 0.713 0.729 0.730 1.000 0.998 0.994 0.984 0.964 0.955 0.928
     33       1.136    0.882 0.471      0.550 0.570 0.570 0.584 0.638 0.666 0.683 0.684 0.998 1.000 0.999 0.993 0.979 0.972 0.950
     34       1.211    0.902 0.433      0.513 0.534 0.534 0.549 0.604 0.633 0.650 0.651 0.994 0.999 1.000 0.997 0.987 0.981 0.963
     35       1.385    0.930 0.367      0.450 0.472 0.472 0.487 0.545 0.576 0.594 0.595 0.984 0.993 0.997 1.000 0.996 0.993 0.980
     36       1.742    0.959 0.283      0.369 0.391 0.392 0.408 0.469 0.501 0.520 0.521 0.964 0.979 0.987 0.996 1.000 0.999 0.994
     37       1.939    0.968 0.252      0.339 0.362 0.362 0.378 0.440 0.473 0.493 0.494 0.955 0.972 0.981 0.993 0.999 1.000 0.997
     38       2.776    0.985 0.173      0.262 0.285 0.285 0.302 0.366 0.400 0.421 0.422 0.928 0.950 0.963 0.980 0.994 0.997 1.000

  R CORE   ENERGY   A0R/A00=1.000    R3= 0     2  
   2( 1)    0.732                    1.000 0.000
   2( 2)  487.921                    0.000 1.000

  R CORE   ENERGY   A0R/A00=1.000    R3= 0     2  
   3( 1)  488.652                    0.000 1.000

  R CORE   ENERGY   A0R/A00=1.000    R3= 0     2     4  
   4( 1)    2.438                    1.000 0.000 0.000

  R CORE   ENERGY   A0R/A00=1.000    R3= 0     2     4  
   5( 1)  490.847                    0.000 1.000 0.000

  R CORE   ENERGY   A0R/A00=1.000    R3= 0     2     4     6  
   6( 1)    5.121                    1.000 0.000 0.000 0.000

  R CORE   ENERGY   A0R/A00=1.000    R3= 0     2     4     6  
   7( 1)  494.017                    0.000 1.000 0.000 0.000

          AXIAL SYMMETRY => K RESTRICTED TO OMEGA

                     K
     S.P. ORB#: 24  2.50
     S.P. ORB#: 25  2.50
     S.P. ORB#: 26  0.50
     S.P. ORB#: 27 -3.50
     S.P. ORB#: 28 -3.50
     S.P. ORB#: 29  0.50
     S.P. ORB#: 30 -1.50
     S.P. ORB#: 31  4.50
     S.P. ORB#: 32 -1.50
     S.P. ORB#: 33  0.50
     S.P. ORB#: 34  2.50
     S.P. ORB#: 35 -1.50
     S.P. ORB#: 36  0.50
     S.P. ORB#: 37  2.50
     S.P. ORB#: 38 -3.50
 

             ENERGY    K= OMEGA
 
 I=  1/2- (1)  2.015  26:-0.056
                      36:-0.998
 
 I=  1/2- (2)  3.146  29: 0.999
 
 I=  1/2- (3)  5.392  26: 0.998
                      36:-0.057
 
 I=  1/2- (4)  8.850  33:-1.000
 
 I=  1/2- (5)147.357  32: 1.000

             ENERGY    K= OMEGA
 
 I=  3/2- (1)  1.558  29: 0.184
                      30: 0.099
                      32: 0.975
                      36:-0.067
 
 I=  3/2- (2)  2.629  29:-0.213
                      30:-0.246
                      32: 0.132
                      36: 0.935

             ENERGY    K= OMEGA
 
 I=  5/2- (1)  1.691  26:-0.055
                      29: 0.146
                      30: 0.181
                      32:-0.464
                      34:-0.851
 
 I=  5/2- (2)  2.209  29: 0.196
                      30:-0.182
                      32:-0.847
                      34: 0.453
                      36:-0.064
 
 I=  5/2- (3)  2.650  26:-0.075
                      29: 0.234
                      30: 0.316
                      34: 0.160
                      36: 0.902
 
 I=  5/2- (4)  3.290  24:-0.071
                      26: 0.344
                      29:-0.404
                      30:-0.709
                      32:-0.066
                      34:-0.181
                      36: 0.417
 
 I=  5/2- (5)  4.443  24: 0.064
                      26: 0.075
                      29:-0.815
                      30: 0.505
                      32:-0.247
                      34: 0.097

             ENERGY    K= OMEGA
 
 I=  7/2- (1)  2.333  29: 0.196
                      30:-0.209
                      32: 0.544
                      34:-0.787
 
 I=  7/2- (2)  2.868  25:-0.108
                      26: 0.171
                      27: 0.059
                      28:-0.246
                      29: 0.325
                      30: 0.319
                      32: 0.666
                      34: 0.460
                      36:-0.174
 
 I=  7/2- (3)  3.157  25:-0.216
                      26:-0.055
                      27: 0.097
                      28:-0.932
                      29:-0.110
                      30:-0.084
                      32:-0.171
                      34:-0.135
                      36: 0.064
 
 I=  7/2- (4)  3.484  33: 0.735
                      35: 0.572
                      37: 0.339
                      38: 0.137
 
 I=  7/2- (5)  4.113  24:-0.093
                      26: 0.188
                      27: 0.053
                      29: 0.131
                      30: 0.513
                      32:-0.329
                      34:-0.316
                      36:-0.682

             ENERGY    K= OMEGA
 
 I=  9/2- (1)  2.620  24: 0.072
                      25:-0.068
                      27: 0.281
                      28: 0.164
                      30: 0.062
                      31:-0.930
                      32:-0.059
                      34:-0.097
 
 I=  9/2- (2)  3.020  26: 0.200
                      29:-0.320
                      30:-0.393
                      31:-0.147
                      32: 0.470
                      34: 0.657
                      36:-0.160
 
 I=  9/2- (3)  3.904  24: 0.104
                      25: 0.287
                      26:-0.057
                      27: 0.142
                      28:-0.713
                      29:-0.088
                      30: 0.239
                      31:-0.093
                      32: 0.499
                      34:-0.169
                      36: 0.157
 
 I=  9/2- (4)  4.149  25: 0.106
                      26: 0.178
                      27: 0.056
                      28:-0.426
                      29:-0.167
                      30:-0.374
                      31:-0.070
                      32:-0.398
                      34:-0.215
                      36:-0.628
 
 I=  9/2- (5)  4.243  25:-0.101
                      26: 0.096
                      28: 0.400
                      29:-0.359
                      31: 0.078
                      32: 0.477
                      34:-0.608
                      36:-0.291

             ENERGY    K= OMEGA
 
 I= 11/2- (1)  2.426  33:-0.693
                      35:-0.575
                      37:-0.390
                      38:-0.191
 
 I= 11/2- (2)  3.532  24: 0.120
                      25:-0.108
                      27:-0.384
                      28:-0.213
                      30:-0.069
                      31:-0.872
                      32: 0.061
                      34:-0.109
 
 I= 11/2- (3)  4.284  28:-0.051
                      29:-0.282
                      30: 0.289
                      31:-0.154
                      32:-0.569
                      34: 0.697
 
 I= 11/2- (4)  4.780  24:-0.122
                      25:-0.215
                      26: 0.258
                      27: 0.126
                      28:-0.420
                      29: 0.356
                      30: 0.404
                      32: 0.478
                      34: 0.351
                      36:-0.196
 
 I= 11/2- (5)  5.206  24: 0.064
                      25: 0.302
                      26: 0.171
                      27:-0.143
                      28: 0.779
                      29: 0.249
                      30: 0.214
                      31:-0.179
                      32: 0.213
                      34: 0.205
                      36:-0.144

             ENERGY    K= OMEGA
 
 I= 13/2- (1)  4.609  24: 0.170
                      25:-0.131
                      26:-0.107
                      27: 0.437
                      28: 0.216
                      29: 0.128
                      30: 0.191
                      31:-0.769
                      32:-0.131
                      34:-0.196
                      36: 0.064
 
 I= 13/2- (2)  4.709  33: 0.236
                      35:-0.587
                      37: 0.650
                      38:-0.420
 
 I= 13/2- (3)  5.084  26:-0.311
                      27:-0.097
                      28:-0.130
                      29: 0.397
                      30: 0.469
                      31: 0.328
                      32:-0.363
                      34:-0.464
                      36: 0.207
 
 I= 13/2- (4)  6.298  24: 0.168
                      25: 0.383
                      27: 0.206
                      28:-0.740
                      29:-0.089
                      30: 0.178
                      31:-0.137
                      32: 0.405
                      36: 0.098
 
 I= 13/2- (5)  6.723  25: 0.081
                      26: 0.220
                      27: 0.071
                      28:-0.285
                      29:-0.186
                      30:-0.282
                      32:-0.425
                      34:-0.478
                      36:-0.576

             ENERGY     K=-7/2
  32 LEVELS    TIME=  0.0 SEC



 ******************* EXCITATION ENERGIES, DOMINANT CONFIGURATION AND EXPECTATION VALUES (WITH S.P. UU+VV FACTORS) *******************

  NR  Eex(keV)  I   Kdom  NY    <Jz>  <Jx**2> <Jy**2> <Jz**2> <I.j>/|I|  <Rx**2> <Ry**2> <Rz**2> <R.j>/|R|  <HROTx> <HROTy> <HROTz>

   1    0.0   3/2-  -3/2  32   -1.42    1.62    1.62    2.17    1.41       1.86    1.86   -0.00   -1.39      0.226   0.226  -0.000
   2  132.6   5/2-   5/2  34    1.45    1.88    1.88    5.10    2.34       1.89    1.89    0.00   -1.00      0.230   0.230   0.000
   3  457.4   1/2-   1/2  36    0.50    1.30    1.30    0.25    0.82       1.09    1.09    0.00   -1.45      0.133   0.133   0.000
   4  650.8   5/2-  -3/2  32   -0.59    1.62    1.62    2.99    1.08       4.29    4.29    0.00   -1.04      0.524   0.524   0.000
   5  775.3   7/2-   5/2  34    1.05    1.99    1.99    4.67    1.94       4.51    4.51    0.00   -0.32      0.550   0.550   0.000
  
   6  868.1  11/2-   1/2  33   -0.00   27.36   27.36    2.26    7.05       4.21    4.21    0.00   -5.11      0.513   0.513   0.000
   7 1062.3   9/2-   9/2  31    3.56    2.77    2.77   18.95    4.48       2.31    2.31   -0.00   -1.01      0.282   0.282  -0.000
   8 1071.4   3/2-   1/2  36    0.34    1.64    1.64    0.41    0.08       3.57    3.57    0.00   -1.33      0.436   0.436   0.000
   9 1091.9   5/2-   1/2  36    0.35    2.08    2.08    0.61    1.07       3.58    3.58    0.00   -0.59      0.436   0.436   0.000
  10 1310.2   7/2-  -3/2  32   -0.40    1.98    1.98    3.46    1.53       5.51    5.51    0.00   -0.41      0.672   0.672   0.000
  
  11 1461.9   9/2-   5/2  34    0.69    2.91    2.91    4.05    2.24       6.15    6.15    0.00    0.37      0.750   0.750   0.000
  12 1588.4   1/2-   1/2  29    0.50    4.24    4.24    0.25    0.35       4.44    4.44    0.00   -2.83      0.541   0.541   0.000
  13 1598.7   7/2-  -7/2  28   -2.95    2.25    2.25   11.25    3.23       2.94    2.94   -0.00   -1.21      0.359   0.359  -0.000
  14 1731.8   5/2-  -3/2  30   -0.44    3.59    3.59    1.49    1.37       4.67    4.67    0.00   -1.51      0.569   0.569   0.000
  15 1925.7   7/2-   1/2  33    0.00   27.46   27.46    1.82    6.92       8.79    8.79    0.00   -6.98      1.072   1.072   0.000
  
  16 1973.8  11/2-   9/2  31    2.83    3.21    3.21   18.02    4.14       5.36    5.36   -0.00    0.09      0.653   0.653  -0.000
  17 2345.5   9/2-  -7/2  28   -1.95    2.19    2.19    8.10    2.33       7.04    7.04   -0.00   -0.24      0.859   0.859  -0.000
  18 2554.8   7/2-   1/2  36   -0.04    2.68    2.68    1.68    0.46       9.56    9.56    0.00   -1.19      1.166   1.166   0.000
  19 2590.7   9/2-   1/2  36   -0.70    2.29    2.29    3.51    1.42       9.34    9.34   -0.00   -0.23      1.138   1.138  -0.000
  20 2685.0   9/2-   5/2  34    0.18    2.23    2.23    5.05    1.26      10.87   10.87    0.00   -0.70      1.326   1.326   0.000
  
  21 2725.8  11/2-   5/2  34    0.74    2.29    2.29    4.49    1.71      12.20   12.20    0.00    0.23      1.488   1.488   0.000
  22 2885.1   5/2-   1/2  29   -0.10    4.26    4.26    0.96   -0.34      10.12   10.12    0.00   -2.33      1.234   1.234   0.000
  23 3050.8  13/2-   9/2  31    1.98    3.74    3.74   15.56    3.82       9.22    9.22   -0.00    0.85      1.124   1.124  -0.000
  24 3151.5  13/2-   5/2  37   -0.05   26.59   26.59    5.59    6.02      11.73   11.73    0.00   -3.46      1.430   1.430   0.000
  25 3221.9  11/2-  -3/2  32   -0.68    2.55    2.55    4.45    1.92      11.18   11.18    0.00    0.41      1.363   1.363   0.000
  
  26 3525.7  13/2-  -3/2  30    0.56    3.70    3.70    4.73    2.49      13.05   13.05    0.00    1.03      1.591   1.591   0.000
  27 3647.5  11/2-  -7/2  28   -1.79    2.50    2.50    9.43    2.32      11.24   11.24   -0.00   -0.12      1.370   1.370  -0.000
  28 3834.1   1/2-   1/2  26    0.50    5.38    5.38    0.25    0.70       5.28    5.28   -0.00   -3.20      0.644   0.644  -0.000
  29 4739.9  13/2-  -7/2  28   -1.82    2.48    2.48    9.15    2.29      15.42   15.42    0.00    0.34      1.881   1.881   0.000
  30 5165.2  13/2-   1/2  36    0.12    2.23    2.23    3.26    1.10      20.53   20.53    0.00   -0.00      2.503   2.503   0.000
  
  31 7291.7   1/2-   1/2  33    0.50   27.69   27.69    0.25   -3.98      31.63   31.63    0.00   -7.43      3.857   3.857   0.000
  32*******   1/2-  -3/2  32    0.00    0.00    0.00    0.00   -0.00       0.00    0.00    0.00   -0.00      0.000   0.000   0.000
