1SPECTRUM OF (Z= 82 A=207) IN PARTICLE-ROTOR  MODEL WITH MODIFIED OSCILLATOR POTENTIAL


 PARITY=-   EPS= 0.442   GAMMA=  0.0   EPS4=0.000   EPS6=0.000   LEVELS:  26  27  28  29  30  31  32  33  34  35  36  37  38  39  40

 PAIRING FACTORS: GN0= 19.20  GN1=  7.40  IPAIR= 15 ***  E2PLUS(INPUT)=   0.730  E2PLUR(INPUT)=   0.000

 CORIOLIS ATTENUATION PARAMETERS:  CHSI=1.000  ETA=  1.00

 MOMENT OF INERTIA PARAMETERS:   A1=  0.122 MEV   A2=  0.122 MEV   A3=121.91924 MEV


 DELTA=0.853 MEV  LAMBDA=53.4780 MEV   HW0= 7.5965 MEV   LAMBDA/HW0= 7.0398

 E2ENERGY=0.730 MEV  HBAR**2/B=36224./A**(7/3)=6123.6/A**2 MEV

 IREC=0  =>  RECOIL TERMS j+j-, j+j+, jzjz, ETC TREATED AS ONE-BODY OPERATORS WITH UU+VV PAIRING FACTORS



 S. P. LEVEL   EQP       U     V        (UU + VV)**1.00

     26       2.906    0.148 0.989      1.000 1.000 0.999 0.994 0.961 0.840 0.794 0.771 0.397 0.388 0.336 0.314 0.287 0.249 0.248
     27       2.812    0.154 0.988      1.000 1.000 0.999 0.995 0.962 0.842 0.797 0.774 0.402 0.393 0.341 0.319 0.292 0.253 0.253
     28       2.292    0.190 0.982      0.999 0.999 1.000 0.998 0.972 0.862 0.818 0.797 0.435 0.426 0.375 0.353 0.327 0.289 0.288
     29       1.752    0.252 0.968      0.994 0.995 0.998 1.000 0.985 0.892 0.853 0.834 0.492 0.483 0.433 0.412 0.386 0.349 0.348
     30       1.128    0.416 0.909      0.961 0.962 0.972 0.985 1.000 0.957 0.931 0.917 0.636 0.628 0.583 0.564 0.541 0.507 0.506
     31       0.860    0.662 0.750      0.840 0.842 0.862 0.892 0.957 1.000 0.997 0.993 0.832 0.826 0.794 0.779 0.761 0.735 0.734
     32       0.854    0.719 0.695      0.794 0.797 0.818 0.853 0.931 0.997 1.000 0.999 0.874 0.869 0.840 0.827 0.811 0.786 0.786
     33       0.858    0.744 0.668      0.771 0.774 0.797 0.834 0.917 0.993 0.999 1.000 0.891 0.886 0.859 0.846 0.831 0.808 0.808
     34       1.719    0.966 0.257      0.397 0.402 0.435 0.492 0.636 0.832 0.874 0.891 1.000 1.000 0.998 0.996 0.993 0.988 0.987
     35       1.783    0.969 0.247      0.388 0.393 0.426 0.483 0.628 0.826 0.869 0.886 1.000 1.000 0.998 0.997 0.994 0.989 0.989
     36       2.256    0.981 0.193      0.336 0.341 0.375 0.433 0.583 0.794 0.840 0.859 0.998 0.998 1.000 1.000 0.999 0.996 0.996
     37       2.556    0.986 0.169      0.314 0.319 0.353 0.412 0.564 0.779 0.827 0.846 0.996 0.997 1.000 1.000 1.000 0.998 0.998
     38       3.037    0.990 0.142      0.287 0.292 0.327 0.386 0.541 0.761 0.811 0.831 0.993 0.994 0.999 1.000 1.000 0.999 0.999
     39       4.205    0.995 0.102      0.249 0.253 0.289 0.349 0.507 0.735 0.786 0.808 0.988 0.989 0.996 0.998 0.999 1.000 1.000
     40       4.238    0.995 0.101      0.248 0.253 0.288 0.348 0.506 0.734 0.786 0.808 0.987 0.989 0.996 0.998 0.999 1.000 1.000

  R CORE   ENERGY   A0R/A00=1.000    R3= 0     2  
   2( 1)    0.732                    1.000 0.000
   2( 2)  487.921                    0.000 1.000

  R CORE   ENERGY   A0R/A00=1.000    R3= 0     2  
   3( 1)  488.652                    0.000 1.000

  R CORE   ENERGY   A0R/A00=1.000    R3= 0     2     4  
   4( 1)    2.438                    1.000 0.000 0.000

  R CORE   ENERGY   A0R/A00=1.000    R3= 0     2     4  
   5( 1)  490.847                    0.000 1.000 0.000

  R CORE   ENERGY   A0R/A00=1.000    R3= 0     2     4     6  
   6( 1)    5.121                    1.000 0.000 0.000 0.000

  R CORE   ENERGY   A0R/A00=1.000    R3= 0     2     4     6  
   7( 1)  494.017                    0.000 1.000 0.000 0.000

          AXIAL SYMMETRY => K RESTRICTED TO OMEGA

                     K
     S.P. ORB#: 26 -5.50
     S.P. ORB#: 27 -1.50
     S.P. ORB#: 28  2.50
     S.P. ORB#: 29 -3.50
     S.P. ORB#: 30  2.50
     S.P. ORB#: 31  0.50
     S.P. ORB#: 32  0.50
     S.P. ORB#: 33 -1.50
     S.P. ORB#: 34 -3.50
     S.P. ORB#: 35 -3.50
     S.P. ORB#: 36  4.50
     S.P. ORB#: 37  0.50
     S.P. ORB#: 38 -1.50
     S.P. ORB#: 39 -1.50
     S.P. ORB#: 40  4.50
 

             ENERGY    K= OMEGA
 
 I=  1/2- (1)  2.215  31: 1.000
 
 I=  1/2- (2)  4.008  32:-0.927
                      37: 0.374
 
 I=  1/2- (3)  6.822  32:-0.374
                      37:-0.927
 
 I=  1/2- (4)147.161  33:-1.000
 
 I=  1/2- (5)149.115  27: 1.000

             ENERGY    K= OMEGA
 
 I=  3/2- (1)  2.187  31: 0.579
                      33:-0.814
 
 I=  3/2- (2)  2.487  31: 0.803
                      33: 0.579
                      39: 0.145

             ENERGY    K= OMEGA
 
 I=  5/2- (1)  2.757  28:-0.054
                      31:-0.497
                      33:-0.863
                      39: 0.071
 
 I=  5/2- (2)  3.270  28:-0.087
                      31: 0.830
                      33:-0.493
                      39:-0.245
 
 I=  5/2- (3)  4.094  28: 0.993
                      31: 0.061
                      33:-0.094
 
 I=  5/2- (4)  4.132  27:-0.087
                      30: 0.075
                      32: 0.822
                      37:-0.488
                      38:-0.269
 
 I=  5/2- (5)  5.612  28: 0.063
                      31:-0.245
                      33: 0.058
                      39:-0.966

             ENERGY    K= OMEGA
 
 I=  7/2- (1)  2.626  28: 0.166
                      34:-0.985
 
 I=  7/2- (2)  3.336  31: 0.768
                      33:-0.613
                      39: 0.180
 
 I=  7/2- (3)  3.674  28:-0.182
                      29:-0.979
                      31: 0.072
                      33: 0.051
 
 I=  7/2- (4)  3.964  28: 0.110
                      29:-0.110
                      31:-0.567
                      33:-0.774
                      39:-0.231
 
 I=  7/2- (5)  4.109  27: 0.208
                      30: 0.207
                      32: 0.859
                      35: 0.077
                      37: 0.248
                      38: 0.330

             ENERGY    K= OMEGA
 
 I=  9/2- (1)  3.149  28:-0.106
                      29: 0.255
                      34:-0.365
                      36:-0.889
 
 I=  9/2- (2)  3.723  28:-0.213
                      29:-0.152
                      34:-0.898
                      36: 0.352
 
 I=  9/2- (3)  4.497  28: 0.063
                      29:-0.056
                      31: 0.619
                      33: 0.758
                      39:-0.180
 
 I=  9/2- (4)  4.771  27:-0.312
                      30: 0.433
                      32: 0.620
                      35:-0.297
                      37:-0.375
                      38:-0.285
                      40: 0.141
 
 I=  9/2- (5)  4.860  28:-0.263
                      29: 0.909
                      31: 0.129
                      36: 0.284
                      39:-0.073

             ENERGY    K= OMEGA
 
 I= 11/2- (1)  4.213  26: 0.805
                      28: 0.084
                      29: 0.192
                      34:-0.231
                      36: 0.505
 
 I= 11/2- (2)  4.308  26: 0.593
                      28:-0.128
                      29:-0.266
                      34: 0.353
                      36:-0.661
 
 I= 11/2- (3)  4.647  27:-0.362
                      30:-0.462
                      32:-0.617
                      35:-0.336
                      37:-0.222
                      38:-0.283
                      40:-0.183
 
 I= 11/2- (4)  5.037  28: 0.250
                      29:-0.213
                      33:-0.057
                      34:-0.855
                      36:-0.396
 
 I= 11/2- (5)  5.396  31: 0.810
                      33:-0.516
                      39: 0.274

             ENERGY    K= OMEGA
 
 I= 13/2- (1)  5.437  27:-0.390
                      30: 0.587
                      32: 0.264
                      35:-0.534
                      37:-0.120
                      38:-0.155
                      40: 0.332
 
 I= 13/2- (2)  5.625  26:-0.297
                      28: 0.176
                      29:-0.354
                      34: 0.415
                      36: 0.763
 
 I= 13/2- (3)  5.850  26: 0.954
                      28: 0.071
                      29:-0.113
                      34: 0.167
                      36: 0.210
 
 I= 13/2- (4)  6.582  28: 0.281
                      29: 0.252
                      33: 0.071
                      34: 0.823
                      36:-0.415
 
 I= 13/2- (5)  6.970  30: 0.114
                      32:-0.684
                      35:-0.291
                      37: 0.515
                      38: 0.341
                      40: 0.230

             ENERGY     K= 9/2
  32 LEVELS    TIME=  0.0 SEC



 ******************* EXCITATION ENERGIES, DOMINANT CONFIGURATION AND EXPECTATION VALUES (WITH S.P. UU+VV FACTORS) *******************

  NR  Eex(keV)  I   Kdom  NY    <Jz>  <Jx**2> <Jy**2> <Jz**2> <I.j>/|I|  <Rx**2> <Ry**2> <Rz**2> <R.j>/|R|  <HROTx> <HROTy> <HROTz>

   1    0.0   3/2-  -3/2  33   -0.83    5.15    5.15    1.58    1.24       5.42    5.42    0.00   -2.88      0.661   0.661   0.000
   2   28.5   1/2-   1/2  31    0.50    5.11    5.11    0.25    0.06       5.56    5.56    0.00   -3.12      0.678   0.678   0.000
   3  300.2   3/2-   1/2  31   -0.21    4.98    4.98    0.96    0.49       6.39    6.39    0.00   -2.79      0.779   0.779   0.000
   4  439.6   7/2-  -7/2  34   -3.33    2.34    2.34   12.08    3.18       3.66    3.66    0.00   -1.54      0.446   0.446   0.000
   5  570.3   5/2-  -3/2  33   -0.99    5.17    5.17    1.77    0.92       7.70    7.70    0.00   -2.39      0.939   0.939   0.000
  
   6  962.4   9/2-   9/2  36    2.89    2.68    2.68   18.50    4.06       4.09    4.09    0.00   -1.28      0.499   0.499   0.000
   7 1083.8   5/2-   1/2  31   -0.09    4.83    4.83    0.90    0.22       9.02    9.02   -0.00   -2.34      1.099   1.099  -0.000
   8 1149.6   7/2-   1/2  31   -0.32    5.11    5.11    1.09    0.96       9.70    9.70    0.00   -1.70      1.183   1.183   0.000
   9 1487.1   7/2-  -7/2  29   -3.27    6.28    6.28   11.95    3.10       7.82    7.82    0.00   -3.08      0.954   0.954   0.000
  10 1536.1   9/2-  -7/2  34   -2.24    2.45    2.45   12.95    2.71       7.84    7.84    0.00   -1.11      0.956   0.956   0.000
  
  11 1777.6   7/2-  -3/2  33   -0.84    4.83    4.83    1.79    0.43      11.88   11.88    0.00   -2.00      1.448   1.448   0.000
  12 1821.5   1/2-   1/2  32    0.50   12.41   12.41    0.25    1.10      11.96   11.96    0.00   -4.93      1.458   1.458   0.000
  13 1907.5   5/2-   5/2  28    2.45    6.11    6.11    6.19    2.07       7.45    7.45   -0.00   -3.18      0.908   0.908  -0.000
  14 1922.6   7/2-   1/2  32    0.26   16.15   16.15    0.88    3.26      11.53   11.53    0.00   -4.22      1.405   1.405   0.000
  15 1945.3   5/2-   1/2  32    0.35   12.85   12.85    0.44    2.16      11.07   11.07    0.00   -4.20      1.349   1.349   0.000
  
  16 2026.7  11/2- -11/2  26   -2.71    2.80    2.80   25.90    4.54       6.49    6.49    0.00   -1.21      0.792   0.792   0.001
  17 2121.7  11/2-   9/2  36   -0.61    2.87    2.87   21.97    3.99       7.90    7.90    0.00   -0.98      0.963   0.963   0.000
  18 2310.6   9/2-  -3/2  33   -0.73    5.13    5.13    1.55    0.77      14.43   14.43    0.00   -1.48      1.760   1.760   0.000
  19 2460.1  11/2-   1/2  32    0.19   19.53   19.53    3.97    4.53      12.31   12.31    0.00   -3.22      1.500   1.500   0.000
  20 2584.3   9/2-   1/2  32    0.24   17.22   17.22    3.19    3.71      12.75   12.75    0.00   -3.80      1.554   1.554   0.000
  
  21 2673.5   9/2-  -7/2  29   -2.36    5.90    5.90   12.22    2.40      12.43   12.43    0.00   -2.42      1.516   1.516   0.001
  22 2850.6  11/2-  -7/2  34   -1.86    2.58    2.58   13.11    2.32      13.11   13.11    0.00   -0.85      1.599   1.599   0.000
  23 3209.2  11/2-   1/2  31   -0.19    4.99    4.99    0.95    0.97      17.57   17.57    0.00   -0.87      2.142   2.142   0.000
  24 3250.8  13/2-   5/2  30    0.14   21.96   21.96    8.30    5.19      14.26   14.26    0.00   -2.99      1.738   1.738   0.000
  25 3425.3   5/2-  -3/2  39   -1.36    2.14    2.14    2.15    0.31       6.67    6.67    0.00   -1.51      0.813   0.813   0.000
  
  26 3438.4  13/2-   9/2  36    1.17    3.06    3.06   18.30    3.20      14.22   14.22    0.00   -0.39      1.733   1.733   0.000
  27 3663.7  13/2- -11/2  26   -4.94    2.79    2.79   28.95    4.19      12.40   12.40    0.00   -1.06      1.512   1.512   0.000
  28 4395.8  13/2-  -7/2  34   -1.64    2.71    2.71   13.14    2.04      19.37   19.37    0.00   -0.69      2.362   2.362   0.000
  29 4635.4   1/2-   1/2  37    0.50   17.21   17.21    0.25   -0.88      18.47   18.47    0.00   -5.83      2.252   2.252   0.000
  30 4783.5  13/2-   1/2  32    0.17   14.31   14.31    2.64    2.70      21.12   21.12    0.00   -1.90      2.575   2.575   0.000
  
  31*******   1/2-  -3/2  33    0.00    0.00    0.00    0.00   -0.00       0.00    0.00    0.00   -0.00      0.000   0.000   0.000
  32*******   1/2-  -3/2  27    0.00    0.00    0.00    0.00   -0.00       0.00    0.00    0.00   -0.00      0.000   0.000   0.000
