1SPECTRUM OF (Z= 82 A=207) IN PARTICLE-ROTOR  MODEL WITH MODIFIED OSCILLATOR POTENTIAL


 PARITY=-   EPS= 0.233   GAMMA=  0.0   EPS4=0.000   EPS6=0.000   LEVELS:  26  27  28  29  30  31  32  33  34  35  36  37  38  39  40

 PAIRING FACTORS: GN0= 19.20  GN1=  7.40  IPAIR= 15 ***  E2PLUS(INPUT)=   0.730  E2PLUR(INPUT)=   0.000

 CORIOLIS ATTENUATION PARAMETERS:  CHSI=1.000  ETA=  1.00

 MOMENT OF INERTIA PARAMETERS:   A1=  0.122 MEV   A2=  0.122 MEV   A3=121.91924 MEV


 DELTA=0.940 MEV  LAMBDA=53.4563 MEV   HW0= 7.4585 MEV   LAMBDA/HW0= 7.1672

 E2ENERGY=0.730 MEV  HBAR**2/B=10066./A**(7/3)=1701.7/A**2 MEV

 IREC=0  =>  RECOIL TERMS j+j-, j+j+, jzjz, ETC TREATED AS ONE-BODY OPERATORS WITH UU+VV PAIRING FACTORS



 S. P. LEVEL   EQP       U     V        (UU + VV)**1.00

     26       4.019    0.118 0.993      1.000 1.000 0.995 0.992 0.988 0.985 0.641 0.558 0.514 0.482 0.378 0.365 0.290 0.238 0.224
     27       3.479    0.136 0.991      1.000 1.000 0.997 0.994 0.991 0.988 0.655 0.573 0.530 0.499 0.395 0.383 0.308 0.257 0.243
     28       2.212    0.218 0.976      0.995 0.997 1.000 1.000 0.999 0.997 0.715 0.639 0.598 0.568 0.469 0.458 0.385 0.335 0.322
     29       1.977    0.245 0.969      0.992 0.994 1.000 1.000 1.000 0.999 0.735 0.660 0.621 0.592 0.494 0.483 0.411 0.362 0.349
     30       1.814    0.269 0.963      0.988 0.991 0.999 1.000 1.000 1.000 0.751 0.679 0.640 0.611 0.515 0.504 0.433 0.385 0.371
     31       1.701    0.289 0.957      0.985 0.988 0.997 0.999 1.000 1.000 0.764 0.693 0.655 0.627 0.533 0.522 0.452 0.404 0.390
     32       1.028    0.838 0.546      0.641 0.655 0.715 0.735 0.751 0.764 1.000 0.995 0.988 0.982 0.953 0.949 0.920 0.898 0.892
     33       1.158    0.890 0.456      0.558 0.573 0.639 0.660 0.679 0.693 0.995 1.000 0.999 0.996 0.979 0.976 0.956 0.939 0.934
     34       1.258    0.912 0.410      0.514 0.530 0.598 0.621 0.640 0.655 0.988 0.999 1.000 0.999 0.988 0.986 0.970 0.956 0.951
     35       1.350    0.927 0.376      0.482 0.499 0.568 0.592 0.611 0.627 0.982 0.996 0.999 1.000 0.993 0.992 0.978 0.966 0.962
     36       1.834    0.964 0.266      0.378 0.395 0.469 0.494 0.515 0.533 0.953 0.979 0.988 0.993 1.000 1.000 0.996 0.989 0.987
     37       1.918    0.967 0.253      0.365 0.383 0.458 0.483 0.504 0.522 0.949 0.976 0.986 0.992 1.000 1.000 0.997 0.991 0.989
     38       2.729    0.985 0.175      0.290 0.308 0.385 0.411 0.433 0.452 0.920 0.956 0.970 0.978 0.996 0.997 1.000 0.999 0.998
     39       3.868    0.992 0.122      0.238 0.257 0.335 0.362 0.385 0.404 0.898 0.939 0.956 0.966 0.989 0.991 0.999 1.000 1.000
     40       4.375    0.994 0.108      0.224 0.243 0.322 0.349 0.371 0.390 0.892 0.934 0.951 0.962 0.987 0.989 0.998 1.000 1.000

  R CORE   ENERGY   A0R/A00=1.000    R3= 0     2  
   2( 1)    0.732                    1.000 0.000
   2( 2)  487.921                    0.000 1.000

  R CORE   ENERGY   A0R/A00=1.000    R3= 0     2  
   3( 1)  488.652                    0.000 1.000

  R CORE   ENERGY   A0R/A00=1.000    R3= 0     2     4  
   4( 1)    2.438                    1.000 0.000 0.000

  R CORE   ENERGY   A0R/A00=1.000    R3= 0     2     4  
   5( 1)  490.847                    0.000 1.000 0.000

  R CORE   ENERGY   A0R/A00=1.000    R3= 0     2     4     6  
   6( 1)    5.121                    1.000 0.000 0.000 0.000

  R CORE   ENERGY   A0R/A00=1.000    R3= 0     2     4     6  
   7( 1)  494.017                    0.000 1.000 0.000 0.000

          AXIAL SYMMETRY => K RESTRICTED TO OMEGA

                     K
     S.P. ORB#: 26  2.50
     S.P. ORB#: 27 -3.50
     S.P. ORB#: 28 -3.50
     S.P. ORB#: 29  0.50
     S.P. ORB#: 30 -1.50
     S.P. ORB#: 31  4.50
     S.P. ORB#: 32  0.50
     S.P. ORB#: 33 -1.50
     S.P. ORB#: 34 -1.50
     S.P. ORB#: 35  2.50
     S.P. ORB#: 36  2.50
     S.P. ORB#: 37  0.50
     S.P. ORB#: 38 -3.50
     S.P. ORB#: 39  4.50
     S.P. ORB#: 40  0.50
 

             ENERGY    K= OMEGA
 
 I=  1/2- (1)  2.210  37:-0.999
 
 I=  1/2- (2)  3.086  29: 0.999
 
 I=  1/2- (3)  6.876  32:-0.699
                      40: 0.715
 
 I=  1/2- (4) 10.285  32: 0.715
                      40: 0.699
 
 I=  1/2- (5)147.461  33:-1.000

             ENERGY    K= OMEGA
 
 I=  3/2- (1)  1.678  29:-0.172
                      30:-0.086
                      33:-0.979
                      37: 0.068
 
 I=  3/2- (2)  2.786  29:-0.170
                      30:-0.392
                      33: 0.126
                      37: 0.895
 
 I=  3/2- (3)  2.955  29: 0.479
                      30:-0.835
                      37:-0.271
 
 I=  3/2- (4)  3.669  29: 0.844
                      30: 0.377
                      33:-0.157
                      37: 0.348
 
 I=  3/2- (5)  4.960  32:-0.826
                      34:-0.361
                      40: 0.432

             ENERGY    K= OMEGA
 
 I=  5/2- (1)  1.843  29: 0.137
                      30: 0.169
                      33:-0.484
                      35:-0.846
 
 I=  5/2- (2)  2.330  29: 0.194
                      30:-0.193
                      33:-0.836
                      35: 0.468
                      37:-0.070
 
 I=  5/2- (3)  2.823  29:-0.238
                      30:-0.316
                      35:-0.155
                      37:-0.905
 
 I=  5/2- (4)  3.687  29:-0.384
                      30:-0.806
                      35:-0.178
                      37: 0.412
 
 I=  5/2- (5)  4.401  29:-0.860
                      30: 0.431
                      33:-0.250
                      35: 0.094
                      37: 0.058

             ENERGY    K= OMEGA
 
 I=  7/2- (1)  2.473  29:-0.201
                      30: 0.225
                      33:-0.547
                      35: 0.779
 
 I=  7/2- (2)  2.933  26:-0.234
                      27: 0.081
                      28:-0.918
                      29: 0.079
                      30: 0.075
                      33: 0.243
                      35: 0.151
 
 I=  7/2- (3)  3.163  28: 0.313
                      29: 0.261
                      30: 0.252
                      33: 0.701
                      35: 0.498
                      37:-0.174
 
 I=  7/2- (4)  3.316  32: 0.748
                      34: 0.557
                      36: 0.325
                      38: 0.128
                      40:-0.095
 
 I=  7/2- (5)  4.320  29: 0.216
                      30:-0.705
                      33: 0.096
                      35: 0.309
                      37: 0.591

             ENERGY    K= OMEGA
 
 I=  9/2- (1)  2.476  26: 0.072
                      27:-0.247
                      28:-0.180
                      31: 0.948
 
 I=  9/2- (2)  3.316  29:-0.252
                      30:-0.301
                      31:-0.058
                      33: 0.537
                      35: 0.729
                      37:-0.142
 
 I=  9/2- (3)  3.823  26:-0.316
                      27:-0.108
                      28: 0.891
                      29: 0.057
                      30:-0.073
                      31: 0.165
                      33:-0.208
                      35: 0.124
 
 I=  9/2- (4)  4.276  28: 0.254
                      29:-0.164
                      30: 0.350
                      33: 0.721
                      35:-0.381
                      37: 0.344
 
 I=  9/2- (5)  4.391  32:-0.222
                      34: 0.551
                      36:-0.620
                      38: 0.462
                      39:-0.220

             ENERGY    K= OMEGA
 
 I= 11/2- (1)  2.269  32: 0.673
                      34: 0.567
                      36: 0.401
                      38: 0.233
                      39: 0.099
 
 I= 11/2- (2)  3.453  26: 0.119
                      27: 0.328
                      28: 0.248
                      31: 0.901
                      35: 0.060
 
 I= 11/2- (3)  4.431  29: 0.285
                      30:-0.303
                      31: 0.089
                      33: 0.572
                      35:-0.700
 
 I= 11/2- (4)  4.939  26:-0.363
                      27: 0.139
                      28:-0.846
                      29: 0.074
                      30: 0.095
                      31: 0.229
                      33: 0.197
                      35: 0.159
                      37:-0.050
 
 I= 11/2- (5)  5.508  26:-0.054
                      28:-0.272
                      29:-0.326
                      30:-0.336
                      31: 0.080
                      33:-0.618
                      35:-0.499
                      37: 0.257

             ENERGY    K= OMEGA
 
 I= 13/2- (1)  4.040  32:-0.191
                      34: 0.499
                      36:-0.608
                      38: 0.513
                      39:-0.286
 
 I= 13/2- (2)  4.651  26: 0.159
                      27:-0.377
                      28:-0.294
                      31: 0.859
                      33: 0.057
                      35: 0.073
 
 I= 13/2- (3)  5.705  29:-0.322
                      30:-0.373
                      31:-0.102
                      33: 0.522
                      35: 0.652
                      37:-0.217
 
 I= 13/2- (4)  6.302  26: 0.399
                      27: 0.167
                      28:-0.819
                      29:-0.055
                      30: 0.083
                      31:-0.283
                      33: 0.194
                      35:-0.120
 
 I= 13/2- (5)  7.010  28: 0.155
                      29: 0.059
                      30: 0.350
                      33: 0.499
                      35: 0.078
                      37: 0.770

             ENERGY     K= 1/2
  35 LEVELS    TIME=  0.0 SEC



 ******************* EXCITATION ENERGIES, DOMINANT CONFIGURATION AND EXPECTATION VALUES (WITH S.P. UU+VV FACTORS) *******************

  NR  Eex(keV)  I   Kdom  NY    <Jz>  <Jx**2> <Jy**2> <Jz**2> <I.j>/|I|  <Rx**2> <Ry**2> <Rz**2> <R.j>/|R|  <HROTx> <HROTy> <HROTz>

   1    0.0   3/2-  -3/2  33   -1.43    1.65    1.65    2.18    1.35       2.00    2.00    0.00   -1.43      0.244   0.244   0.000
   2  165.4   5/2-   5/2  35    1.41    1.87    1.87    5.07    2.26       2.10    2.10    0.00   -1.04      0.256   0.256   0.000
   3  532.2   1/2-   1/2  37    0.50    1.42    1.42    0.25    0.83       1.20    1.20   -0.00   -1.53      0.146   0.146  -0.000
   4  591.4  11/2-   1/2  32    0.00   26.96   26.96    2.71    7.10       3.76    3.76    0.00   -5.18      0.459   0.459   0.000
   5  652.3   5/2-  -3/2  33   -0.53    1.66    1.66    3.05    1.08       4.37    4.37    0.00   -1.07      0.533   0.533   0.000
  
   6  794.7   7/2-   5/2  35    1.01    2.04    2.04    4.62    1.92       4.62    4.62    0.00   -0.36      0.563   0.563   0.000
   7  797.9   9/2-   9/2  31    3.74    2.63    2.63   19.39    4.44       2.62    2.62    0.00   -1.12      0.319   0.319   0.000
   8 1108.4   3/2-   1/2  37    0.16    1.89    1.89    0.59    0.20       3.67    3.67    0.00   -1.47      0.447   0.447   0.000
   9 1145.3   5/2-   1/2  37    0.35    1.96    1.96    0.59    0.96       3.80    3.80    0.00   -0.61      0.463   0.463   0.000
  10 1255.2   7/2-  -7/2  28   -2.87    2.28    2.28   11.04    3.23       2.87    2.87   -0.00   -1.16      0.350   0.350  -0.000
  
  11 1277.6   3/2-  -3/2  30   -0.90    3.91    3.91    1.65    1.09       4.50    4.50    0.00   -2.45      0.548   0.548   0.000
  12 1408.2   1/2-   1/2  29    0.50    4.23    4.23    0.25    0.21       4.55    4.55   -0.00   -2.83      0.554   0.554  -0.000
  13 1484.9   7/2-  -3/2  33   -0.50    1.82    1.82    4.03    1.16       7.10    7.10    0.00   -0.81      0.866   0.866   0.000
  14 1637.8   9/2-   5/2  35    0.81    2.26    2.26    4.29    1.79       7.88    7.88   -0.00    0.02      0.961   0.961  -0.000
  15 1638.2   7/2-   1/2  32    0.02   26.06   26.06    1.70    6.62       8.51    8.51    0.00   -6.68      1.037   1.037   0.000
  
  16 1775.5  11/2-   9/2  31    3.10    2.92    2.92   18.61    4.01       6.15    6.15    0.00   -0.14      0.750   0.750   0.000
  17 1990.9   3/2-   1/2  29    0.17    4.06    4.06    0.58   -0.47       7.14    7.14    0.00   -2.54      0.871   0.871   0.000
  18 2009.2   5/2-  -3/2  30   -0.74    3.53    3.53    1.74    0.41       7.57    7.57    0.00   -1.95      0.923   0.923   0.000
  19 2145.0   9/2-  -7/2  28   -2.48    2.43    2.43   11.24    2.88       6.12    6.12    0.00   -0.51      0.746   0.746   0.000
  20 2362.0  13/2-   5/2  36    0.02   25.66   25.66    7.76    6.56       8.11    8.11    0.00   -3.30      0.989   0.989   0.000
  
  21 2598.5   9/2-  -3/2  33   -0.74    1.72    1.72    3.23    0.83      11.60   11.60   -0.00   -0.53      1.414   1.414  -0.000
  22 2642.4   7/2-  -3/2  30   -0.33    3.10    3.10    1.86    0.41      10.29   10.29    0.00   -1.42      1.255   1.255   0.000
  23 2712.8   9/2-   5/2  36    0.00   25.97   25.97    6.69    6.33      10.18   10.18    0.00   -6.01      1.241   1.241   0.000
  24 2723.1   5/2-   1/2  29    0.02    4.15    4.15    0.80   -0.46      10.29   10.29    0.00   -2.31      1.255   1.255   0.000
  25 2752.9  11/2-   5/2  35    0.67    2.31    2.31    4.20    1.64      12.48   12.48    0.00    0.20      1.521   1.521   0.000
  
  26 2973.5  13/2-   9/2  31    2.59    3.15    3.15   17.92    3.70      10.66   10.66    0.00    0.35      1.299   1.299   0.000
  27 3261.5  11/2-  -7/2  28   -2.01    2.53    2.53   11.16    2.59      10.50   10.50    0.00   -0.16      1.280   1.280   0.000
  28 3281.8   3/2-   1/2  32    0.24   20.25   20.25    0.51    4.62      13.44   13.44    0.00   -6.19      1.638   1.638   0.000
  29 3830.2  11/2-  -3/2  33   -0.25    1.98    1.98    3.77    0.89      16.41   16.41    0.00   -0.42      2.000   2.000   0.000
  30 4027.2  13/2-   5/2  35    0.56    2.54    2.54    3.86    1.64      17.41   17.41    0.00    0.42      2.122   2.122   0.000
  
  31 4624.3  13/2-  -7/2  28   -1.71    2.63    2.63   11.35    2.41      15.85   15.85    0.00    0.04      1.932   1.932   0.000
  32 5198.2   1/2-   1/2  40    0.50   14.28   14.28    0.25   -2.52      16.96   16.96    0.00   -5.32      2.068   2.068   0.000
  33 5332.6  13/2-   1/2  37   -0.33    1.65    1.65    1.34    0.72      21.69   21.69    0.00    0.06      2.644   2.644   0.000
  34 8607.0   1/2-   1/2  32    0.50   27.46   27.46    0.25   -3.81      31.26   31.26    0.00   -7.40      3.811   3.811   0.000
  35*******   1/2-  -3/2  33    0.00    0.00    0.00    0.00   -0.00       0.00    0.00    0.00   -0.00      0.000   0.000   0.000
  
