1SPECTRUM OF (Z= 82 A=207) IN PARTICLE-ROTOR  MODEL WITH MODIFIED OSCILLATOR POTENTIAL


 PARITY=-   EPS= 0.360   GAMMA=  0.0   EPS4=0.000   EPS6=0.000   LEVELS:  25  26  27  28  29  30  31  32  33  34  35  36  37  38  39

 PAIRING FACTORS: GN0= 19.20  GN1=  7.40  IPAIR= 15 ***  E2PLUS(INPUT)=   0.730  E2PLUR(INPUT)=   0.000

 CORIOLIS ATTENUATION PARAMETERS:  CHSI=1.000  ETA=  1.00

 MOMENT OF INERTIA PARAMETERS:   A1=  0.122 MEV   A2=  0.122 MEV   A3=121.91924 MEV


 DELTA=0.886 MEV  LAMBDA=53.4037 MEV   HW0= 7.5299 MEV   LAMBDA/HW0= 7.0923

 E2ENERGY=0.730 MEV  HBAR**2/B=24030./A**(7/3)=4062.3/A**2 MEV

 IREC=0  =>  RECOIL TERMS j+j-, j+j+, jzjz, ETC TREATED AS ONE-BODY OPERATORS WITH UU+VV PAIRING FACTORS



 S. P. LEVEL   EQP       U     V        (UU + VV)**1.00

     25       4.255    0.105 0.995      1.000 0.999 0.997 0.996 0.977 0.951 0.928 0.748 0.695 0.535 0.328 0.311 0.259 0.245 0.220
     26       2.999    0.149 0.989      0.999 1.000 0.999 0.999 0.986 0.964 0.944 0.777 0.726 0.572 0.370 0.353 0.302 0.288 0.264
     27       2.439    0.185 0.983      0.997 0.999 1.000 1.000 0.991 0.973 0.955 0.799 0.751 0.602 0.403 0.387 0.336 0.323 0.299
     28       2.313    0.195 0.981      0.996 0.999 1.000 1.000 0.993 0.976 0.958 0.806 0.758 0.610 0.413 0.397 0.346 0.333 0.309
     29       1.488    0.313 0.950      0.977 0.986 0.991 0.993 1.000 0.995 0.986 0.872 0.832 0.702 0.521 0.506 0.458 0.445 0.422
     30       1.193    0.406 0.914      0.951 0.964 0.973 0.976 0.995 1.000 0.998 0.916 0.883 0.769 0.603 0.589 0.544 0.532 0.510
     31       1.071    0.468 0.884      0.928 0.944 0.955 0.958 0.986 0.998 1.000 0.941 0.913 0.811 0.656 0.643 0.600 0.589 0.568
     32       0.889    0.738 0.674      0.748 0.777 0.799 0.806 0.872 0.916 0.941 1.000 0.997 0.961 0.872 0.863 0.835 0.827 0.812
     33       0.913    0.788 0.616      0.695 0.726 0.751 0.758 0.832 0.883 0.913 0.997 1.000 0.979 0.907 0.900 0.875 0.868 0.855
     34       1.114    0.896 0.444      0.535 0.572 0.602 0.610 0.702 0.769 0.811 0.961 0.979 1.000 0.974 0.969 0.955 0.950 0.942
     35       2.001    0.974 0.227      0.328 0.370 0.403 0.413 0.521 0.603 0.656 0.872 0.907 0.974 1.000 1.000 0.997 0.996 0.994
     36       2.160    0.978 0.210      0.311 0.353 0.387 0.397 0.506 0.589 0.643 0.863 0.900 0.969 1.000 1.000 0.999 0.998 0.996
     37       2.863    0.988 0.157      0.259 0.302 0.336 0.346 0.458 0.544 0.600 0.835 0.875 0.955 0.997 0.999 1.000 1.000 0.999
     38       3.147    0.990 0.142      0.245 0.288 0.323 0.333 0.445 0.532 0.589 0.827 0.868 0.950 0.996 0.998 1.000 1.000 1.000
     39       3.809    0.993 0.117      0.220 0.264 0.299 0.309 0.422 0.510 0.568 0.812 0.855 0.942 0.994 0.996 0.999 1.000 1.000

  R CORE   ENERGY   A0R/A00=1.000    R3= 0     2  
   2( 1)    0.732                    1.000 0.000
   2( 2)  487.921                    0.000 1.000

  R CORE   ENERGY   A0R/A00=1.000    R3= 0     2  
   3( 1)  488.652                    0.000 1.000

  R CORE   ENERGY   A0R/A00=1.000    R3= 0     2     4  
   4( 1)    2.438                    1.000 0.000 0.000

  R CORE   ENERGY   A0R/A00=1.000    R3= 0     2     4  
   5( 1)  490.847                    0.000 1.000 0.000

  R CORE   ENERGY   A0R/A00=1.000    R3= 0     2     4     6  
   6( 1)    5.121                    1.000 0.000 0.000 0.000

  R CORE   ENERGY   A0R/A00=1.000    R3= 0     2     4     6  
   7( 1)  494.017                    0.000 1.000 0.000 0.000

          AXIAL SYMMETRY => K RESTRICTED TO OMEGA

                     K
     S.P. ORB#: 25  0.50
     S.P. ORB#: 26  2.50
     S.P. ORB#: 27 -3.50
     S.P. ORB#: 28  0.50
     S.P. ORB#: 29 -1.50
     S.P. ORB#: 30  0.50
     S.P. ORB#: 31 -1.50
     S.P. ORB#: 32 -3.50
     S.P. ORB#: 33  2.50
     S.P. ORB#: 34  4.50
     S.P. ORB#: 35  0.50
     S.P. ORB#: 36 -3.50
     S.P. ORB#: 37 -1.50
     S.P. ORB#: 38  2.50
     S.P. ORB#: 39  0.50
 

             ENERGY    K= OMEGA
 
 I=  1/2- (1)  2.458  30: 0.998
 
 I=  1/2- (2)  4.162  25:-0.077
                      39:-0.997
 
 I=  1/2- (3)  5.389  28:-0.293
                      35: 0.956
 
 I=  1/2- (4)  5.888  25: 0.996
                      39:-0.075
 
 I=  1/2- (5)  8.889  28:-0.956
                      35:-0.293

             ENERGY    K= OMEGA
 
 I=  3/2- (1)  2.335  25: 0.090
                      30:-0.198
                      31: 0.974
                      39:-0.052
 
 I=  3/2- (2)  2.494  25:-0.190
                      30:-0.926
                      31:-0.154
                      37:-0.262
                      39: 0.114

             ENERGY    K= OMEGA
 
 I=  5/2- (1)  2.445  25:-0.253
                      30: 0.466
                      31: 0.801
                      37:-0.091
                      38:-0.222
                      39: 0.139
 
 I=  5/2- (2)  3.375  26: 0.061
                      30:-0.742
                      31: 0.458
                      37: 0.458
                      38:-0.151
 
 I=  5/2- (3)  3.833  25:-0.088
                      26: 0.062
                      30: 0.192
                      31: 0.125
                      37: 0.467
                      38: 0.839
                      39: 0.112
 
 I=  5/2- (4)  4.444  26: 0.141
                      30: 0.367
                      31:-0.293
                      37: 0.718
                      38:-0.471
                      39: 0.149
 
 I=  5/2- (5)  4.793  26:-0.981
                      37: 0.143
                      39: 0.123

             ENERGY    K= OMEGA
 
 I=  7/2- (1)  1.727  26:-0.175
                      32: 0.983
 
 I=  7/2- (2)  3.299  25:-0.229
                      31:-0.894
                      38:-0.359
                      39: 0.121
 
 I=  7/2- (3)  3.416  25:-0.229
                      30:-0.880
                      31: 0.069
                      37:-0.366
                      38: 0.121
                      39: 0.135
 
 I=  7/2- (4)  3.795  28:-0.671
                      29:-0.586
                      33:-0.415
                      36:-0.184
 
 I=  7/2- (5)  4.306  26: 0.204
                      27: 0.953
                      30: 0.078
                      31:-0.085
                      37:-0.080
                      38: 0.173

             ENERGY    K= OMEGA
 
 I=  9/2- (1)  2.032  26:-0.083
                      27: 0.171
                      32:-0.303
                      34:-0.934
 
 I=  9/2- (2)  2.737  26: 0.238
                      27: 0.094
                      31: 0.058
                      32: 0.915
                      34:-0.302
                      38:-0.052
 
 I=  9/2- (3)  3.465  25:-0.359
                      30: 0.500
                      31: 0.707
                      32:-0.075
                      37:-0.145
                      38:-0.253
                      39: 0.177
 
 I=  9/2- (4)  4.673  28: 0.214
                      29:-0.551
                      33: 0.680
                      36:-0.433
 
 I=  9/2- (5)  5.232  26: 0.102
                      30:-0.635
                      31: 0.488
                      32:-0.056
                      37: 0.541
                      38:-0.221

             ENERGY    K= OMEGA
 
 I= 11/2- (1)  3.152  26: 0.137
                      27: 0.232
                      32:-0.401
                      34: 0.876
 
 I= 11/2- (2)  3.185  28:-0.651
                      29:-0.581
                      33:-0.430
                      35:-0.063
                      36:-0.222
 
 I= 11/2- (3)  3.979  26: 0.277
                      27:-0.140
                      31:-0.072
                      32:-0.856
                      34:-0.400
                      38:-0.068
 
 I= 11/2- (4)  5.119  25:-0.379
                      30:-0.439
                      31:-0.715
                      32: 0.097
                      37:-0.154
                      38:-0.285
                      39: 0.194
 
 I= 11/2- (5)  5.302  25:-0.101
                      30:-0.720
                      31: 0.456
                      37:-0.377
                      38: 0.337
                      39: 0.069

             ENERGY    K= OMEGA
 
 I= 13/2- (1)  4.494  26:-0.183
                      27: 0.271
                      32:-0.459
                      34:-0.825
 
 I= 13/2- (2)  5.152  28:-0.215
                      29: 0.549
                      33:-0.673
                      36: 0.446
 
 I= 13/2- (3)  5.309  25:-0.367
                      26: 0.156
                      27: 0.105
                      30: 0.429
                      31: 0.588
                      32: 0.374
                      34:-0.241
                      37:-0.123
                      38:-0.242
                      39: 0.168
 
 I= 13/2- (4)  5.511  25: 0.214
                      26: 0.260
                      27: 0.148
                      30:-0.269
                      31:-0.307
                      32: 0.720
                      34:-0.393
                      37: 0.101
                      38: 0.074
                      39:-0.098
 
 I= 13/2- (5)  8.054  26:-0.113
                      27: 0.060
                      30: 0.566
                      31:-0.488
                      32: 0.098
                      37:-0.608
                      38: 0.198
                      39:-0.078

             ENERGY     K= 1/2
  32 LEVELS    TIME=  0.0 SEC



 ******************* EXCITATION ENERGIES, DOMINANT CONFIGURATION AND EXPECTATION VALUES (WITH S.P. UU+VV FACTORS) *******************

  NR  Eex(keV)  I   Kdom  NY    <Jz>  <Jx**2> <Jy**2> <Jz**2> <I.j>/|I|  <Rx**2> <Ry**2> <Rz**2> <R.j>/|R|  <HROTx> <HROTy> <HROTz>

   1    0.0   7/2-  -7/2  32   -3.31    2.31    2.31   12.05    3.29       3.15    3.15    0.00   -1.44      0.384   0.384   0.000
   2  304.8   9/2-   9/2  34    3.52    2.51    2.51   19.18    4.19       3.63    3.63   -0.00   -1.25      0.443   0.443  -0.000
   3  607.7   3/2-  -3/2  31   -1.40    4.84    4.84    2.15    1.43       5.02    5.02    0.00   -2.86      0.612   0.612   0.000
   4  718.4   5/2-  -3/2  31   -0.70    4.98    4.98    1.85    2.13       3.99    3.99    0.00   -1.95      0.487   0.487   0.000
   5  731.1   1/2-   1/2  30    0.50    4.90    4.90    0.25    0.29       5.15    5.15   -0.00   -3.05      0.628   0.628  -0.000
  
   6  766.7   3/2-   1/2  30    0.31    4.39    4.39    0.44    1.14       4.28    4.28   -0.00   -2.40      0.522   0.522  -0.000
   7 1010.1   9/2-  -7/2  32   -2.41    2.39    2.39   12.58    2.84       6.91    6.91    0.00   -0.87      0.843   0.843   0.000
   8 1424.7  11/2-   9/2  34    2.75    2.70    2.70   18.27    3.62       8.07    8.07    0.00   -0.50      0.983   0.983   0.000
   9 1458.4  11/2-   1/2  28   -0.00   23.66   23.66    2.63    6.19       5.82    5.82   -0.00   -3.79      0.709   0.709  -0.000
  10 1571.9   7/2-  -3/2  31   -0.85    4.52    4.52    2.65    1.65       7.18    7.18    0.00   -1.36      0.875   0.875   0.000
  
  11 1648.2   5/2-   1/2  30   -0.29    4.02    4.02    1.25    0.56       7.37    7.37   -0.00   -1.99      0.899   0.899  -0.000
  12 1689.1   7/2-   1/2  30    0.25    4.19    4.19    0.62    1.30       7.22    7.22   -0.00   -1.01      0.881   0.881  -0.000
  13 1738.2   9/2-  -3/2  31   -0.43    5.11    5.11    1.75    2.29       6.97    6.97    0.00   -0.15      0.849   0.849   0.000
  14 2068.2   7/2-   1/2  28    0.02   23.33   23.33    2.38    6.08       8.25    8.25   -0.00   -6.13      1.006   1.006  -0.000
  15 2106.2   5/2-   5/2  38    1.45    2.01    2.01    4.97    1.84       3.43    3.43   -0.00   -1.35      0.418   0.418  -0.000
  
  16 2251.6  11/2-  -7/2  32   -1.72    2.48    2.48   12.98    2.54      11.68   11.68    0.00   -0.57      1.423   1.423   0.000
  17 2435.4   1/2-   1/2  39    0.50    1.57    1.57    0.25    0.71       1.45    1.45    0.00   -1.63      0.177   0.177   0.000
  18 2579.2   7/2-  -7/2  27   -3.02    6.02    6.02   11.61    3.07       7.54    7.54    0.00   -2.96      0.919   0.919   0.000
  19 2716.5   5/2-  -3/2  37   -0.22    2.73    2.73    2.90    0.30       7.68    7.68   -0.00   -1.91      0.936   0.936  -0.000
  20 2767.4  13/2-   9/2  34    2.15    2.87    2.87   17.48    3.24      13.39   13.39    0.00   -0.12      1.633   1.633   0.000
  
  21 2945.8   9/2-   5/2  33    0.07   24.14   24.14    5.88    5.22      13.48   13.48   -0.00   -5.43      1.643   1.643  -0.000
  22 3066.2   5/2-   5/2  26    2.39    5.89    5.89    6.08    2.02       7.32    7.32   -0.00   -3.10      0.893   0.893  -0.000
  23 3391.6  11/2-  -3/2  31   -0.44    4.42    4.42    1.93    1.66      13.35   13.35    0.00   -0.17      1.627   1.627   0.000
  24 3424.6  13/2-   5/2  33    0.01   24.13   24.13    5.96    5.17      15.39   15.39   -0.00   -3.27      1.876   1.876  -0.000
  25 3504.5   9/2-   1/2  30   -0.46    3.62    3.62    1.73    0.54      14.18   14.18   -0.00   -1.18      1.728   1.728  -0.000
  
  26 3574.8  11/2-   1/2  30    0.02    4.10    4.10    1.68    1.33      14.88   14.88    0.00   -0.36      1.814   1.814   0.000
  27 3582.4  13/2-  -3/2  31   -0.43    4.60    4.60    4.45    2.40      14.44   14.44    0.00    0.58      1.761   1.761   0.000
  28 3661.5   1/2-   1/2  35    0.50   12.27   12.27    0.25   -1.17      13.78   13.78    0.00   -4.92      1.680   1.680   0.000
  29 3784.1  13/2-  -7/2  32   -1.11    3.21    3.21   10.48    2.26      17.05   17.05    0.00   -0.19      2.079   2.079   0.000
  30 4160.8   1/2-   1/2  25    0.50    6.80    6.80    0.25    0.65       6.74    6.74    0.00   -3.62      0.821   0.821   0.000
  
  31 6327.1  13/2-  -3/2  37   -0.66    3.33    3.33    1.94    0.49      25.24   25.24    0.00   -0.73      3.077   3.077   0.000
  32 7162.4   1/2-   1/2  28    0.50   23.56   23.56    0.25   -3.49      27.08   27.08    0.00   -6.85      3.302   3.302   0.000
