1SPECTRUM OF (Z= 82 A=207) IN PARTICLE-ROTOR  MODEL WITH MODIFIED OSCILLATOR POTENTIAL


 PARITY=-   EPS= 0.179   GAMMA=  0.0   EPS4=0.000   EPS6=0.000   LEVELS:  24  25  26  27  28  29  30  31  32  33  34  35  36  37  38

 PAIRING FACTORS: GN0= 19.20  GN1=  7.40  IPAIR= 15 ***  E2PLUS(INPUT)=   0.730  E2PLUR(INPUT)=   0.000

 CORIOLIS ATTENUATION PARAMETERS:  CHSI=1.000  ETA=  1.00

 MOMENT OF INERTIA PARAMETERS:   A1=  0.122 MEV   A2=  0.122 MEV   A3=121.91921 MEV


 DELTA=0.906 MEV  LAMBDA=53.4529 MEV   HW0= 7.4385 MEV   LAMBDA/HW0= 7.1860

 E2ENERGY=0.730 MEV  HBAR**2/B= 5941./A**(7/3)=1004.3/A**2 MEV

 IREC=0  =>  RECOIL TERMS j+j-, j+j+, jzjz, ETC TREATED AS ONE-BODY OPERATORS WITH UU+VV PAIRING FACTORS



 S. P. LEVEL   EQP       U     V        (UU + VV)**1.00

     24       5.136    0.089 0.996      1.000 1.000 1.000 1.000 0.998 0.994 0.992 0.990 0.792 0.687 0.456 0.371 0.333 0.283 0.239
     25       4.321    0.105 0.994      1.000 1.000 1.000 1.000 0.999 0.996 0.994 0.992 0.802 0.699 0.471 0.386 0.349 0.299 0.256
     26       3.894    0.117 0.993      1.000 1.000 1.000 1.000 0.999 0.997 0.995 0.994 0.809 0.708 0.482 0.397 0.360 0.311 0.267
     27       3.814    0.120 0.993      1.000 1.000 1.000 1.000 0.999 0.997 0.996 0.994 0.811 0.709 0.484 0.399 0.362 0.313 0.269
     28       2.917    0.157 0.988      0.998 0.999 0.999 0.999 1.000 0.999 0.998 0.997 0.832 0.736 0.517 0.434 0.397 0.349 0.306
     29       2.379    0.194 0.981      0.994 0.996 0.997 0.997 0.999 1.000 1.000 0.999 0.852 0.761 0.549 0.467 0.431 0.384 0.341
     30       2.189    0.212 0.977      0.992 0.994 0.995 0.996 0.998 1.000 1.000 1.000 0.862 0.772 0.563 0.483 0.448 0.400 0.358
     31       2.028    0.229 0.973      0.990 0.992 0.994 0.994 0.997 0.999 1.000 1.000 0.871 0.783 0.578 0.499 0.464 0.417 0.375
     32       0.908    0.678 0.735      0.792 0.802 0.809 0.811 0.832 0.852 0.862 0.871 1.000 0.988 0.905 0.861 0.839 0.810 0.782
     33       0.931    0.785 0.620      0.687 0.699 0.708 0.709 0.736 0.761 0.772 0.783 0.988 1.000 0.960 0.929 0.914 0.891 0.870
     34       1.300    0.927 0.376      0.456 0.471 0.482 0.484 0.517 0.549 0.563 0.578 0.905 0.960 1.000 0.996 0.991 0.983 0.973
     35       1.648    0.958 0.287      0.371 0.386 0.397 0.399 0.434 0.467 0.483 0.499 0.861 0.929 0.996 1.000 0.999 0.996 0.990
     36       1.883    0.969 0.248      0.333 0.349 0.360 0.362 0.397 0.431 0.448 0.464 0.839 0.914 0.991 0.999 1.000 0.999 0.995
     37       2.343    0.980 0.197      0.283 0.299 0.311 0.313 0.349 0.384 0.400 0.417 0.810 0.891 0.983 0.996 0.999 1.000 0.999
     38       3.007    0.988 0.152      0.239 0.256 0.267 0.269 0.306 0.341 0.358 0.375 0.782 0.870 0.973 0.990 0.995 0.999 1.000

  R CORE   ENERGY   A0R/A00=1.000    R3= 0     2  
   2( 1)    0.732                    1.000 0.000
   2( 2)  487.921                    0.000 1.000

  R CORE   ENERGY   A0R/A00=1.000    R3= 0     2  
   3( 1)  488.652                    0.000 1.000

  R CORE   ENERGY   A0R/A00=1.000    R3= 0     2     4  
   4( 1)    2.438                    1.000 0.000 0.000

  R CORE   ENERGY   A0R/A00=1.000    R3= 0     2     4  
   5( 1)  490.847                    0.000 1.000 0.000

  R CORE   ENERGY   A0R/A00=1.000    R3= 0     2     4     6  
   6( 1)    5.121                    1.000 0.000 0.000 0.000

  R CORE   ENERGY   A0R/A00=1.000    R3= 0     2     4     6  
   7( 1)  494.017                    0.000 1.000 0.000 0.000

          AXIAL SYMMETRY => K RESTRICTED TO OMEGA

                     K
     S.P. ORB#: 24  2.50
     S.P. ORB#: 25  2.50
     S.P. ORB#: 26  0.50
     S.P. ORB#: 27 -3.50
     S.P. ORB#: 28 -3.50
     S.P. ORB#: 29  4.50
     S.P. ORB#: 30  0.50
     S.P. ORB#: 31 -1.50
     S.P. ORB#: 32 -1.50
     S.P. ORB#: 33  2.50
     S.P. ORB#: 34  0.50
     S.P. ORB#: 35  0.50
     S.P. ORB#: 36 -1.50
     S.P. ORB#: 37  2.50
     S.P. ORB#: 38 -3.50
 

             ENERGY    K= OMEGA
 
 I=  1/2- (1)  1.540  26:-0.062
                      34:-0.998
 
 I=  1/2- (2)  3.203  30: 1.000
 
 I=  1/2- (3)  5.022  26: 0.998
                      34:-0.062
 
 I=  1/2- (4)  9.708  35:-1.000
 
 I=  1/2- (5)147.211  32: 1.000

             ENERGY    K= OMEGA
 
 I=  3/2- (1)  1.380  30: 0.193
                      31: 0.112
                      32: 0.970
                      34:-0.085
 
 I=  3/2- (2)  2.199  30:-0.144
                      31:-0.118
                      32: 0.127
                      34: 0.974

             ENERGY    K= OMEGA
 
 I=  5/2- (1)  1.397  30: 0.132
                      31: 0.180
                      32:-0.399
                      33:-0.885
                      34: 0.068
 
 I=  5/2- (2)  1.990  30: 0.229
                      31:-0.165
                      32:-0.873
                      33: 0.392
 
 I=  5/2- (3)  2.220  30: 0.137
                      31: 0.179
                      33: 0.125
                      34: 0.966
 
 I=  5/2- (4)  3.259  24: 0.072
                      26:-0.387
                      30: 0.450
                      31: 0.741
                      32: 0.073
                      33: 0.187
                      34:-0.230
 
 I=  5/2- (5)  4.538  24: 0.063
                      26: 0.073
                      30:-0.800
                      31: 0.521
                      32:-0.263
                      33: 0.100

             ENERGY    K= OMEGA
 
 I=  7/2- (1)  2.029  30: 0.178
                      31:-0.217
                      32: 0.492
                      33:-0.823
 
 I=  7/2- (2)  2.631  25:-0.068
                      26:-0.176
                      28: 0.066
                      30:-0.350
                      31:-0.299
                      32:-0.721
                      33:-0.430
                      34: 0.204
 
 I=  7/2- (3)  3.625  24:-0.071
                      25: 0.247
                      27: 0.146
                      28:-0.941
                      30:-0.074
                      34: 0.135
 
 I=  7/2- (4)  3.808  26: 0.076
                      28:-0.130
                      30: 0.127
                      31: 0.223
                      32:-0.311
                      33:-0.210
                      34:-0.876
 
 I=  7/2- (5)  4.063  35: 0.721
                      36: 0.575
                      37: 0.356
                      38: 0.153

             ENERGY    K= OMEGA
 
 I=  9/2- (1)  2.681  26: 0.177
                      27:-0.097
                      29: 0.134
                      30:-0.300
                      31:-0.364
                      32: 0.461
                      33: 0.685
                      34:-0.184
 
 I=  9/2- (2)  3.093  24: 0.071
                      25: 0.072
                      27: 0.282
                      28: 0.181
                      29:-0.922
                      30:-0.063
                      31:-0.051
                      32: 0.090
                      33: 0.098
 
 I=  9/2- (3)  3.795  24:-0.071
                      25: 0.119
                      26: 0.060
                      27:-0.056
                      28: 0.159
                      30: 0.134
                      31:-0.339
                      32:-0.714
                      33: 0.205
                      34:-0.514
 
 I=  9/2- (4)  3.851  25:-0.060
                      26: 0.075
                      28:-0.102
                      30:-0.317
                      32: 0.274
                      33:-0.555
                      34:-0.703
 
 I=  9/2- (5)  4.511  24: 0.125
                      25:-0.302
                      26:-0.089
                      27: 0.185
                      28:-0.864
                      29:-0.130
                      30: 0.149
                      32:-0.134
                      33: 0.181
                      34:-0.115

             ENERGY    K= OMEGA
 
 I= 11/2- (1)  2.896  35: 0.683
                      36: 0.576
                      37: 0.401
                      38: 0.203
 
 I= 11/2- (2)  3.817  24: 0.097
                      25: 0.107
                      27:-0.299
                      28:-0.141
                      29:-0.536
                      30: 0.187
                      31:-0.253
                      32: 0.395
                      33:-0.572
 
 I= 11/2- (3)  4.071  24: 0.087
                      25: 0.062
                      27:-0.268
                      28:-0.179
                      29:-0.682
                      30:-0.205
                      31: 0.152
                      32:-0.393
                      33: 0.445
 
 I= 11/2- (4)  4.575  24:-0.078
                      25: 0.121
                      26: 0.285
                      27: 0.050
                      28:-0.168
                      29:-0.070
                      30: 0.406
                      31: 0.412
                      32: 0.546
                      33: 0.413
                      34:-0.241
 
 I= 11/2- (5)  5.590  24:-0.145
                      25: 0.361
                      26:-0.093
                      27: 0.225
                      28:-0.845
                      29: 0.166
                      30:-0.148
                      31:-0.069
                      33:-0.067
                      34: 0.124

             ENERGY    K= OMEGA
 
 I= 13/2- (1)  4.619  24: 0.110
                      25: 0.082
                      26:-0.269
                      27: 0.221
                      28: 0.080
                      29:-0.276
                      30: 0.364
                      31: 0.435
                      32:-0.384
                      33:-0.513
                      34: 0.211
 
 I= 13/2- (2)  5.101  35:-0.231
                      36: 0.579
                      37:-0.653
                      38: 0.431
 
 I= 13/2- (3)  5.130  24: 0.131
                      25: 0.134
                      26: 0.125
                      27: 0.407
                      28: 0.248
                      29:-0.769
                      30:-0.182
                      31:-0.161
                      32: 0.170
                      33: 0.171
                      34:-0.117
 
 I= 13/2- (4)  6.368  24: 0.150
                      25:-0.229
                      26:-0.105
                      27: 0.125
                      28:-0.339
                      29:-0.050
                      30:-0.100
                      31: 0.332
                      32: 0.654
                      34: 0.483
 
 I= 13/2- (5)  6.510  24: 0.056
                      25:-0.155
                      26: 0.087
                      27: 0.108
                      28:-0.295
                      30:-0.302
                      32: 0.157
                      33:-0.613
                      34:-0.611

             ENERGY     K=-7/2
  32 LEVELS    TIME=  0.0 SEC



 ******************* EXCITATION ENERGIES, DOMINANT CONFIGURATION AND EXPECTATION VALUES (WITH S.P. UU+VV FACTORS) *******************

  NR  Eex(keV)  I   Kdom  NY    <Jz>  <Jx**2> <Jy**2> <Jz**2> <I.j>/|I|  <Rx**2> <Ry**2> <Rz**2> <R.j>/|R|  <HROTx> <HROTy> <HROTz>

   1    0.0   3/2-  -3/2  32   -1.41    1.52    1.52    2.16    1.46       1.64    1.64    0.00   -1.31      0.200   0.200   0.000
   2   17.1   5/2-   5/2  33    1.68    1.79    1.79    5.34    2.43       1.64    1.64   -0.00   -0.95      0.200   0.200  -0.000
   3  160.7   1/2-   1/2  34    0.50    1.17    1.17    0.25    0.84       0.94    0.94    0.00   -1.36      0.115   0.115   0.000
   4  610.4   5/2-  -3/2  32   -0.77    1.54    1.54    2.76    1.12       3.99    3.99    0.00   -0.90      0.486   0.486   0.000
   5  649.8   7/2-   5/2  33    1.27    1.93    1.93    4.91    2.05       4.12    4.12    0.00   -0.22      0.503   0.503   0.000
  
   6  819.0   3/2-   1/2  34    0.44    1.28    1.28    0.31   -0.15       3.59    3.59    0.00   -1.18      0.438   0.438   0.000
   7  840.4   5/2-   1/2  34    0.47    1.50    1.50    0.41    0.83       3.63    3.63    0.00   -0.35      0.442   0.442   0.000
   8 1251.3   7/2-  -3/2  32   -0.36    1.72    1.72    2.68    1.39       5.42    5.42   -0.00   -0.18      0.660   0.660  -0.000
   9 1301.7   9/2-   5/2  33    0.78    2.78    2.78    4.25    2.38       5.44    5.44    0.00    0.61      0.664   0.664   0.000
  10 1516.2  11/2-   1/2  35   -0.01   28.37   28.37    2.37    7.25       4.11    4.11   -0.00   -5.51      0.501   0.501  -0.000
  
  11 1713.3   9/2-   9/2  29    3.47    2.76    2.76   18.75    4.44       2.41    2.41    0.00   -0.99      0.293   0.293   0.000
  12 1823.4   1/2-   1/2  30    0.50    4.01    4.01    0.25    0.41       4.15    4.15    0.00   -2.74      0.506   0.506   0.000
  13 1879.0   5/2-  -3/2  31   -0.53    3.78    3.78    1.60    1.66       4.04    4.04    0.00   -1.49      0.493   0.493   0.000
  14 2245.5   7/2-  -7/2  28   -3.00    2.26    2.26   11.54    3.36       2.57    2.57    0.00   -1.20      0.313   0.313   0.000
  15 2414.9   9/2-  -3/2  32   -0.74    1.50    1.50    2.21    0.96      10.21   10.21    0.00   -0.10      1.245   1.245   0.000
  
  16 2428.4   7/2-   1/2  34    0.23    1.64    1.64    1.03   -0.02      10.09   10.09    0.00   -0.97      1.230   1.230   0.000
  17 2436.8  11/2-   5/2  33    1.47    2.97    2.97    9.83    2.95       8.13    8.13    0.00    0.46      0.992   0.992   0.000
  18 2470.9   9/2-   1/2  34    0.92    1.99    1.99    2.42    1.02      10.48   10.48    0.00   -0.28      1.278   1.278   0.000
  19 2683.3   7/2-   1/2  35   -0.00   28.51   28.51    1.95    7.12       9.10    9.10   -0.00   -7.20      1.109   1.109  -0.000
  20 2691.6  11/2-   9/2  29    2.01    2.60    2.60   12.43    3.04       8.50    8.50    0.00    0.14      1.036   1.036   0.000
  
  21 3131.5   9/2-  -7/2  28   -2.32    2.35    2.35   10.84    2.78       6.33    6.33    0.00   -0.48      0.771   0.771   0.000
  22 3158.4   5/2-   1/2  30   -0.15    4.08    4.08    1.02   -0.40      10.14   10.14    0.00   -2.30      1.236   1.236   0.000
  23 3195.3  11/2-  -3/2  32   -0.16    2.16    2.16    2.80    1.63      11.68   11.68    0.00    0.54      1.425   1.425   0.000
  24 3239.6  13/2-   5/2  33    0.47    3.74    3.74    4.81    2.76      11.27   11.27    0.00    1.47      1.374   1.374   0.000
  25 3642.7   1/2-   1/2  26    0.50    4.76    4.76    0.25    0.67       4.67    4.67   -0.00   -3.00      0.570   0.570  -0.000
  
  26 3721.5  13/2-   5/2  37   -0.06   27.26   27.26    5.71    6.14      11.59   11.59    0.00   -3.60      1.413   1.413   0.000
  27 3750.1  13/2-   9/2  29    1.97    3.53    3.53   15.30    3.63      10.21   10.21    0.00    0.66      1.244   1.244   0.000
  28 4210.4  11/2-  -7/2  28   -2.15    2.47    2.47   10.92    2.63      10.10   10.10    0.00   -0.03      1.231   1.231   0.000
  29 4988.4  13/2-  -3/2  32   -0.94    1.80    1.80    3.39    1.26      19.05   19.05    0.00    0.30      2.322   2.322   0.000
  30 5130.0  13/2-   5/2  33    0.86    2.11    2.11    3.91    1.13      20.51   20.51    0.00   -0.03      2.501   2.501   0.000
  
  31 8328.6   1/2-   1/2  35    0.50   29.01   29.01    0.25   -4.10      33.06   33.06   -0.00   -7.60      4.030   4.030  -0.000
  32*******   1/2-  -3/2  32    0.00    0.00    0.00    0.00   -0.00       0.00    0.00   -0.00   -0.00      0.000   0.000  -0.000
