1SPECTRUM OF (Z= 82 A=207) IN PARTICLE-ROTOR  MODEL WITH MODIFIED OSCILLATOR POTENTIAL


 PARITY=-   EPS= 0.423   GAMMA=  1.8   EPS4=0.000   EPS6=0.000   LEVELS:  25  26  27  28  29  30  31  32  33  34  35  36  37  38  39

 PAIRING FACTORS: GN0= 19.20  GN1=  7.40  IPAIR= 15 ***  E2PLUS(INPUT)=   0.730  E2PLUR(INPUT)=   0.000

 CORIOLIS ATTENUATION PARAMETERS:  CHSI=1.000  ETA=  1.00

 MOMENT OF INERTIA PARAMETERS:   A1=  0.126 MEV   A2=  0.117 MEV   A3= 90.48329 MEV


 DELTA=0.844 MEV  LAMBDA=53.4924 MEV   HW0= 7.5794 MEV   LAMBDA/HW0= 7.0576

 E2ENERGY=0.730 MEV  HBAR**2/B=33042./A**(7/3)=5585.7/A**2 MEV

 IREC=0  =>  RECOIL TERMS j+j-, j+j+, jzjz, ETC TREATED AS ONE-BODY OPERATORS WITH UU+VV PAIRING FACTORS



 S. P. LEVEL   EQP       U     V        (UU + VV)**1.00

     25       3.755    0.113 0.994      1.000 1.000 0.998 0.998 0.994 0.928 0.895 0.795 0.621 0.424 0.346 0.336 0.263 0.242 0.223
     26       3.273    0.130 0.992      1.000 1.000 0.999 0.999 0.996 0.934 0.902 0.805 0.634 0.440 0.362 0.352 0.279 0.259 0.239
     27       2.507    0.171 0.985      0.998 0.999 1.000 1.000 0.999 0.948 0.919 0.829 0.666 0.476 0.400 0.391 0.318 0.298 0.279
     28       2.497    0.171 0.985      0.998 0.999 1.000 1.000 0.999 0.948 0.920 0.830 0.666 0.477 0.401 0.391 0.319 0.299 0.280
     29       1.948    0.222 0.975      0.994 0.996 0.999 0.999 1.000 0.963 0.939 0.857 0.704 0.522 0.448 0.438 0.368 0.348 0.329
     30       1.008    0.476 0.880      0.928 0.934 0.948 0.948 0.963 1.000 0.997 0.964 0.869 0.732 0.672 0.664 0.604 0.587 0.571
     31       0.924    0.544 0.839      0.895 0.902 0.919 0.920 0.939 0.997 1.000 0.982 0.905 0.784 0.728 0.721 0.665 0.649 0.634
     32       0.845    0.692 0.722      0.795 0.805 0.829 0.830 0.857 0.964 0.982 1.000 0.969 0.886 0.844 0.838 0.794 0.781 0.768
     33       0.940    0.849 0.528      0.621 0.634 0.666 0.666 0.704 0.869 0.905 0.969 1.000 0.973 0.950 0.947 0.919 0.911 0.902
     34       1.395    0.948 0.319      0.424 0.440 0.476 0.477 0.522 0.732 0.784 0.886 0.973 1.000 0.996 0.995 0.985 0.981 0.977
     35       1.825    0.971 0.238      0.346 0.362 0.400 0.401 0.448 0.672 0.728 0.844 0.950 0.996 1.000 1.000 0.996 0.994 0.992
     36       1.903    0.974 0.228      0.336 0.352 0.391 0.391 0.438 0.664 0.721 0.838 0.947 0.995 1.000 1.000 0.997 0.995 0.993
     37       2.812    0.988 0.152      0.263 0.279 0.318 0.319 0.368 0.604 0.665 0.794 0.919 0.985 0.996 0.997 1.000 1.000 0.999
     38       3.254    0.991 0.131      0.242 0.259 0.298 0.299 0.348 0.587 0.649 0.781 0.911 0.981 0.994 0.995 1.000 1.000 1.000
     39       3.818    0.994 0.111      0.223 0.239 0.279 0.280 0.329 0.571 0.634 0.768 0.902 0.977 0.992 0.993 0.999 1.000 1.000

  R CORE   ENERGY   A0R/A00=1.000    R3= 0     2  
   2( 1)    0.730                    1.000-0.000
   2( 2)  362.177                    0.000 1.000

  R CORE   ENERGY   A0R/A00=1.000    R3= 0     2  
   3( 1)  362.907                    0.000 1.000

  R CORE   ENERGY   A0R/A00=1.000    R3= 0     2     4  
   4( 1)    2.433                    1.000-0.000 0.000

  R CORE   ENERGY   A0R/A00=1.000    R3= 0     2     4  
   5( 1)  365.097                    0.000 1.000-0.000

  R CORE   ENERGY   A0R/A00=1.000    R3= 0     2     4     6  
   6( 1)    5.110                    1.000-0.000 0.000-0.000

  R CORE   ENERGY   A0R/A00=1.000    R3= 0     2     4     6  
   7( 1)  368.260                    0.000 1.000-0.000 0.000
 

             ENERGY     K= 1/2
 
 I=  1/2- (1)  3.965  25: 0.233
                      33: 0.897
                      37:-0.369
                      38:-0.056
 
 I=  1/2- (2)  4.706  28:-0.062
                      31: 0.888
                      32:-0.455
 
 I=  1/2- (3)  7.013  25:-0.327
                      33:-0.288
                      37:-0.885
                      38:-0.163
 
 I=  1/2- (4) 10.051  25: 0.915
                      33:-0.332
                      37:-0.222
 
 I=  1/2- (5)354.008  34: 0.060
                      39: 0.998

             ENERGY     K= 1/2  -3/2
 
 I=  3/2- (1)  4.070  25:-0.297-0.002
                      27:-0.024 0.052
                      33:-0.916-0.004
                      37:-0.086-0.043
                      38:-0.027 0.238
 
 I=  3/2- (2)  4.718  31: 0.534-0.363
                      32:-0.274-0.710

             ENERGY     K= 5/2   1/2  -3/2
 
 I=  5/2- (1)  4.006  25:-0.000 0.183-0.001
                      33:-0.000 0.802-0.004
                      37:-0.000-0.488-0.049
                      38:-0.000-0.078 0.270
 
 I=  5/2- (2)  4.905  28: 0.977-0.004-0.001
                      31: 0.056 0.052 0.090
                      32:-0.024-0.027 0.175
 
 I=  5/2- (3)  5.315  28: 0.199 0.031 0.005
                      29:-0.000 0.004 0.052
                      31: 0.011-0.442-0.384
                      32:-0.005 0.227-0.749
 
 I=  5/2- (4)  5.911  28: 0.049-0.053 0.003
                      31: 0.003 0.768-0.227
                      32:-0.001-0.394-0.444
 
 I=  5/2- (5)  6.101  25: 0.009 0.219-0.025
                      27:-0.000 0.008 0.619
                      30:-0.748 0.001-0.001
                      37: 0.009 0.059-0.005

             ENERGY     K= 5/2   1/2  -3/2  -7/2
 
 I=  7/2- (1)  2.821  28:-0.145 0.000-0.000-0.000
                      34: 0.000 0.000 0.000-0.988
                      39:-0.000-0.000-0.001 0.052
 
 I=  7/2- (2)  4.275  28:-0.144 0.000-0.000 0.001
                      29: 0.000 0.000-0.001 0.987
                      32: 0.004 0.001 0.009 0.051
 
 I=  7/2- (3)  4.353  25:-0.001 0.182-0.001-0.000
                      30: 0.074 0.047 0.000 0.000
                      33:-0.004 0.871 0.004 0.000
                      37:-0.001 0.229 0.067-0.000
                      38:-0.000 0.052-0.373 0.001
 
 I=  7/2- (4)  4.649  25: 0.007 0.577 0.024 0.000
                      27:-0.000 0.022-0.594-0.001
                      30:-0.512 0.005 0.001-0.000
                      33: 0.025-0.050 0.008-0.000
                      35:-0.000-0.000-0.002 0.219
 
 I=  7/2- (5)  5.792  28: 0.800-0.021 0.002 0.000
                      29:-0.001-0.003 0.029 0.125
                      31: 0.046 0.295-0.212 0.005
                      32:-0.020-0.151-0.413 0.007
                      34:-0.000-0.000-0.003-0.120

             ENERGY     K= 9/2   5/2   1/2  -3/2  -7/2
 
 I=  9/2- (1)  3.684  28:-0.000-0.182 0.000 0.000-0.000
                      29: 0.000 0.000 0.000 0.001-0.172
                      34: 0.000 0.000 0.000-0.000 0.795
                      36: 0.550-0.000-0.000 0.000-0.000
 
 I=  9/2- (2)  4.145  28: 0.000-0.101 0.000 0.000 0.000
                      29:-0.000 0.000 0.000 0.000 0.277
                      34:-0.000 0.000 0.000-0.000 0.567
                      36:-0.769 0.000-0.000 0.000-0.000
 
 I=  9/2- (3)  4.800  25:-0.000-0.001 0.134 0.001 0.000
                      30: 0.000 0.086 0.032-0.000-0.000
                      33:-0.000-0.004 0.753-0.004-0.000
                      37: 0.000-0.001-0.525-0.062 0.000
                      38: 0.000-0.000-0.085 0.342-0.002
 
 I=  9/2- (4)  5.290  25: 0.000 0.009 0.220-0.023-0.000
                      27: 0.000-0.000 0.009 0.567 0.002
                      30:-0.000-0.686 0.004-0.001 0.000
                      35: 0.000-0.000 0.000 0.002-0.391
                      37: 0.000 0.008-0.058 0.001-0.004
 
 I=  9/2- (5)  5.487  28: 0.000 0.218-0.000-0.000 0.001
                      29:-0.000-0.000-0.000-0.002 0.918
                      36: 0.323-0.000 0.000-0.000-0.000

             ENERGY     K= 9/2   5/2   1/2  -3/2  -7/2 -11/2
 
 I= 11/2- (1)  4.037  25:-0.000 0.006 0.542 0.023 0.000 0.000
                      27:-0.000-0.000 0.018-0.578-0.001 0.000
                      30: 0.000-0.475-0.007 0.000-0.000 0.000
                      33: 0.000 0.023-0.278 0.006-0.000 0.000
                      35:-0.000-0.000-0.000 0.003 0.210-0.000
                      37:-0.000 0.006-0.079-0.023 0.002-0.000
                      38:-0.000 0.001-0.018 0.127-0.009 0.000
 
 I= 11/2- (2)  4.788  26:-0.000-0.000 0.000-0.000-0.006 0.343
                      28: 0.000 0.197-0.000 0.000-0.000 0.000
                      29:-0.000-0.000-0.000 0.001-0.244 0.004
                      34:-0.000-0.000-0.000-0.000 0.663 0.005
                      36:-0.585 0.000 0.000 0.000-0.000-0.000
 
 I= 11/2- (3)  4.892  26:-0.000-0.000-0.000-0.000-0.003-0.937
                      28:-0.000 0.084-0.000 0.000-0.000-0.000
                      29:-0.000-0.000-0.000 0.000-0.077-0.010
                      34:-0.000-0.000-0.000-0.000 0.287-0.013
                      36:-0.162 0.000 0.000 0.000-0.000 0.000
 
 I= 11/2- (4)  5.455  26: 0.000-0.000 0.000-0.000-0.012 0.065
                      28: 0.000 0.143-0.000 0.000 0.000 0.000
                      29: 0.000-0.000-0.000 0.001 0.337 0.001
                      34: 0.000-0.000-0.000-0.000 0.639 0.001
                      36: 0.673-0.000 0.000 0.000-0.000-0.000
 
 I= 11/2- (5)  5.465  25: 0.000 0.001 0.310 0.005 0.000-0.000
                      27:-0.000-0.000 0.023-0.142-0.000-0.000
                      30:-0.000-0.076 0.046 0.000-0.000-0.000
                      33: 0.000 0.004 0.791 0.007-0.000-0.000
                      37: 0.000 0.001 0.278 0.072 0.000-0.000
                      38:-0.000 0.000 0.059-0.401-0.002 0.000

             ENERGY     K=13/2   9/2   5/2   1/2  -3/2  -7/2 -11/2
 
 I= 13/2- (1)  5.864  25:-0.000-0.000 0.009 0.185-0.023-0.000 0.000
                      27:-0.000 0.000-0.000 0.005 0.565 0.002-0.000
                      30: 0.000-0.000-0.665-0.006-0.000 0.000 0.000
                      33:-0.000 0.000 0.032-0.189-0.006 0.000-0.000
                      35:-0.000-0.000-0.000-0.000-0.004-0.373 0.000
                      37: 0.000-0.000 0.008 0.096 0.024-0.004 0.000
                      38: 0.000-0.000 0.001 0.015-0.134 0.016-0.000
 
 I= 13/2- (2)  6.151  26: 0.000-0.000-0.000 0.000 0.000 0.006-0.162
                      28: 0.000 0.000 0.234-0.000-0.000 0.000-0.000
                      29:-0.000-0.000-0.000-0.000-0.001 0.307-0.002
                      34:-0.000-0.000-0.000-0.000 0.000-0.660-0.002
                      36: 0.000-0.621 0.000 0.000-0.000 0.000 0.000
 
 I= 13/2- (3)  6.467  26:-0.000-0.000-0.000 0.000 0.000 0.002 0.982
                      28:-0.000-0.000 0.059-0.000-0.000 0.000 0.000
                      34: 0.000-0.000-0.000-0.000 0.000-0.172 0.013
 
 I= 13/2- (4)  6.542  25: 0.000-0.000-0.002-0.185 0.006 0.000 0.000
                      27:-0.000-0.000 0.000-0.017-0.156-0.000 0.000
                      30:-0.000 0.000 0.124-0.030 0.000-0.000-0.000
                      33: 0.000-0.000-0.006-0.703 0.007-0.000 0.000
                      35:-0.000 0.000 0.000-0.002-0.016 0.078-0.000
                      37:-0.000 0.000-0.002 0.537 0.064 0.001-0.000
                      38:-0.000 0.000-0.000 0.088-0.352-0.003 0.000
 
 I= 13/2- (5)  6.999  26: 0.000 0.000-0.000 0.000 0.000 0.013-0.094
                      28:-0.000-0.000 0.176-0.000-0.000-0.000-0.000
                      29:-0.000 0.000-0.000-0.000-0.001-0.368-0.001
                      34: 0.000 0.000-0.000-0.000 0.000-0.665-0.001
                      36:-0.000 0.617-0.000 0.000-0.000 0.000 0.000

             ENERGY     K=13/2   9/2   5/2   1/2  -3/2  -7/2 -11/2
  32 LEVELS    TIME=  0.0 SEC



 ******************* EXCITATION ENERGIES, DOMINANT CONFIGURATION AND EXPECTATION VALUES (WITH S.P. UU+VV FACTORS) *******************

  NR  Eex(keV)  I   Kdom  NY    <Jz>  <Jx**2> <Jy**2> <Jz**2> <I.j>/|I|  <Rx**2> <Ry**2> <Rz**2> <R.j>/|R|  <HROTx> <HROTy> <HROTz>

   1    0.0   7/2-   7/2  34   -3.37    2.31    2.35   12.13    3.18       3.61    3.66    0.01   -1.54      0.455   0.429   0.512
   2  863.9   9/2-   7/2  34   -0.88    2.63    2.61   14.46    3.32       5.73    5.71    0.01   -0.95      0.723   0.670   0.686
   3 1144.0   1/2-   1/2  33    0.50   10.50   10.65    0.25    1.30       9.86   10.04    0.00   -4.55      1.244   1.177   0.188
   4 1185.6   5/2-   1/2  33    0.35   11.25   11.25    0.41    2.29       9.02    9.09    0.00   -3.79      1.138   1.065   0.133
   5 1216.9  11/2-   3/2  27    0.07   23.80   23.26    2.84    6.19       5.78    5.91    0.00   -3.78      0.729   0.693   0.218
  
   6 1249.7   3/2-   1/2  33    0.38   11.40   11.89    0.38    1.97       9.69   10.10    0.00   -4.46      1.222   1.184   0.319
   7 1324.0   9/2-   9/2  36    1.28    2.56    2.50   16.89    3.45       6.18    6.17    0.01   -1.36      0.780   0.723   0.891
   8 1454.2   7/2-   7/2  29   -3.37    6.29    6.22   12.11    3.12       7.84    7.77    0.00   -3.10      0.989   0.911   0.419
   9 1532.3   7/2-   1/2  33    0.22   13.34   13.82    0.59    2.87      10.16   10.54    0.00   -3.59      1.282   1.235   0.364
  10 1828.2   7/2-   3/2  27    0.13   22.70   22.17    3.11    5.97       8.23    8.10    0.00   -6.01      1.039   0.949   0.169
  
  11 1885.4   1/2-   1/2  31    0.49    5.03    5.07    0.27    0.07       5.46    5.52    0.03   -3.11      0.688   0.647   2.458
  12 1897.5   3/2-   3/2  32   -0.77    4.99    5.15    1.53    1.19       5.32    5.48    0.03   -2.85      0.671   0.643   2.522
  13 1967.8  11/2-   7/2  34   -0.77    2.86    2.82   16.85    3.33       9.23    9.20    0.01   -0.61      1.164   1.079   0.678
  14 1979.7   9/2-   1/2  33    0.26   11.99   11.93    0.56    2.57      11.80   11.83    0.00   -2.40      1.489   1.386   0.122
  15 2071.5  11/2-  11/2  26   -5.00    2.77    2.75   28.21    4.77       6.20    6.19    0.00   -1.47      0.783   0.726   0.315
  
  16 2083.9   5/2-   5/2  28    2.34    5.98    6.13    6.08    2.11       7.15    7.30    0.01   -3.14      0.902   0.855   0.725
  17 2469.1   9/2-   5/2  30    0.19   23.40   22.73    5.56    4.98      13.49   13.38    0.00   -5.19      1.702   1.569   0.263
  18 2494.0   5/2-   3/2  32   -0.84    5.03    5.21    1.92    0.87       7.76    7.98    0.03   -2.41      0.979   0.936   2.457
  19 2634.6  11/2-   9/2  36    0.23    2.69    2.65   15.80    2.74      12.01   12.05    0.01   -0.96      1.515   1.413   0.807
  20 2644.1  11/2-   1/2  33    0.13   12.79   13.27    0.69    2.90      13.73   14.03    0.00   -1.78      1.731   1.645   0.306
  
  21 2666.7   9/2-   7/2  29   -2.38    5.87    5.80   12.78    2.45      12.46   12.36    0.01   -2.46      1.572   1.449   0.502
  22 2971.7   7/2-   5/2  28    1.23    5.65    5.80    4.91    1.35      10.62   10.76    0.01   -2.38      1.340   1.261   1.251
  23 3043.8  13/2-   5/2  30    0.15   23.58   22.91    5.25    4.93      15.71   15.88    0.00   -3.08      1.981   1.861   0.271
  24 3090.5   5/2-   1/2  31    0.00    5.00    5.10    0.78   -0.19      10.29   10.41    0.03   -2.51      1.297   1.221   2.487
  25 3280.6   5/2-   5/2  30    0.85   23.55   22.80    4.39    4.35      17.10   16.63    0.00   -6.52      2.156   1.949   0.272
  
  26 3330.8  13/2-   7/2  34   -0.13    3.06    3.01   15.47    2.87      15.10   15.09    0.01   -0.27      1.905   1.769   0.723
  27 3646.1  13/2-  11/2  26   -5.40    2.76    2.75   29.59    4.25      12.23   12.22    0.00   -1.09      1.543   1.433   0.282
  28 3721.1  13/2-   1/2  33    0.20   12.07   11.99    0.72    2.61      18.51   18.53    0.00   -1.07      2.334   2.172   0.101
  29 4178.3  13/2-   7/2  34   -0.29    2.79    2.76   15.25    2.32      18.53   18.61    0.01   -0.75      2.337   2.182   0.764
  30 4192.3   1/2-   1/2  37    0.50   15.41   15.74    0.25   -0.69      16.49   16.86    0.00   -5.54      2.080   1.976   0.189
  
  31 7230.0   1/2-   1/2  25    0.50   23.30   23.15    0.25   -3.50      26.83   26.68    0.00   -6.80      3.384   3.127   0.145
  32*******   1/2-   1/2  39   -1.40    2.22    1.47    2.22   -0.72       2.45    1.58    3.86   -2.32      0.309   0.185 349.705
