1SPECTRUM OF (Z= 82 A=207) IN PARTICLE-ROTOR  MODEL WITH MODIFIED OSCILLATOR POTENTIAL


 PARITY=-   EPS= 0.454   GAMMA=  0.0   EPS4=0.000   EPS6=0.000   LEVELS:  25  26  27  28  29  30  31  32  33  34  35  36  37  38  39

 PAIRING FACTORS: GN0= 19.20  GN1=  7.40  IPAIR= 15 ***  E2PLUS(INPUT)=   0.730  E2PLUR(INPUT)=   0.000

 CORIOLIS ATTENUATION PARAMETERS:  CHSI=1.000  ETA=  1.00

 MOMENT OF INERTIA PARAMETERS:   A1=  0.122 MEV   A2=  0.122 MEV   A3=121.91924 MEV


 DELTA=0.852 MEV  LAMBDA=53.4685 MEV   HW0= 7.6077 MEV   LAMBDA/HW0= 7.0282

 E2ENERGY=0.730 MEV  HBAR**2/B=38218./A**(7/3)=6460.6/A**2 MEV

 IREC=0  =>  RECOIL TERMS j+j-, j+j+, jzjz, ETC TREATED AS ONE-BODY OPERATORS WITH UU+VV PAIRING FACTORS



 S. P. LEVEL   EQP       U     V        (UU + VV)**1.00

     25       4.200    0.102 0.995      1.000 0.999 0.998 0.995 0.985 0.958 0.845 0.765 0.687 0.348 0.325 0.280 0.274 0.248 0.201
     26       3.001    0.143 0.990      0.999 1.000 1.000 0.998 0.991 0.969 0.867 0.791 0.717 0.387 0.364 0.320 0.314 0.288 0.241
     27       2.674    0.161 0.987      0.998 1.000 1.000 0.999 0.994 0.974 0.876 0.802 0.729 0.404 0.381 0.337 0.331 0.306 0.259
     28       2.162    0.201 0.980      0.995 0.998 0.999 1.000 0.997 0.982 0.894 0.826 0.756 0.440 0.418 0.375 0.369 0.344 0.298
     29       1.630    0.271 0.962      0.985 0.991 0.994 0.997 1.000 0.993 0.924 0.864 0.802 0.504 0.482 0.441 0.435 0.411 0.366
     30       1.206    0.382 0.924      0.958 0.969 0.974 0.982 0.993 1.000 0.963 0.917 0.866 0.602 0.582 0.543 0.538 0.515 0.472
     31       0.877    0.618 0.786      0.845 0.867 0.876 0.894 0.924 0.963 1.000 0.991 0.969 0.795 0.780 0.750 0.746 0.728 0.693
     32       0.852    0.719 0.695      0.765 0.791 0.802 0.826 0.864 0.917 0.991 1.000 0.994 0.870 0.858 0.833 0.829 0.814 0.784
     33       0.881    0.793 0.609      0.687 0.717 0.729 0.756 0.802 0.866 0.969 0.994 1.000 0.920 0.910 0.890 0.887 0.874 0.850
     34       1.755    0.968 0.251      0.348 0.387 0.404 0.440 0.504 0.602 0.795 0.870 0.920 1.000 1.000 0.997 0.997 0.994 0.988
     35       1.930    0.974 0.227      0.325 0.364 0.381 0.418 0.482 0.582 0.780 0.858 0.910 1.000 1.000 0.999 0.999 0.997 0.992
     36       2.394    0.984 0.181      0.280 0.320 0.337 0.375 0.441 0.543 0.750 0.833 0.890 0.997 0.999 1.000 1.000 0.999 0.997
     37       2.480    0.985 0.174      0.274 0.314 0.331 0.369 0.435 0.538 0.746 0.829 0.887 0.997 0.999 1.000 1.000 1.000 0.997
     38       2.912    0.989 0.148      0.248 0.288 0.306 0.344 0.411 0.515 0.728 0.814 0.874 0.994 0.997 0.999 1.000 1.000 0.999
     39       4.293    0.995 0.100      0.201 0.241 0.259 0.298 0.366 0.472 0.693 0.784 0.850 0.988 0.992 0.997 0.997 0.999 1.000

  R CORE   ENERGY   A0R/A00=1.000    R3= 0     2  
   2( 1)    0.732                    1.000 0.000
   2( 2)  487.921                    0.000 1.000

  R CORE   ENERGY   A0R/A00=1.000    R3= 0     2  
   3( 1)  488.652                    0.000 1.000

  R CORE   ENERGY   A0R/A00=1.000    R3= 0     2     4  
   4( 1)    2.438                    1.000 0.000 0.000

  R CORE   ENERGY   A0R/A00=1.000    R3= 0     2     4  
   5( 1)  490.847                    0.000 1.000 0.000

  R CORE   ENERGY   A0R/A00=1.000    R3= 0     2     4     6  
   6( 1)    5.121                    1.000 0.000 0.000 0.000

  R CORE   ENERGY   A0R/A00=1.000    R3= 0     2     4     6  
   7( 1)  494.017                    0.000 1.000 0.000 0.000

          AXIAL SYMMETRY => K RESTRICTED TO OMEGA

                     K
     S.P. ORB#: 25  0.50
     S.P. ORB#: 26 -1.50
     S.P. ORB#: 27 -5.50
     S.P. ORB#: 28  2.50
     S.P. ORB#: 29 -3.50
     S.P. ORB#: 30  2.50
     S.P. ORB#: 31  0.50
     S.P. ORB#: 32  0.50
     S.P. ORB#: 33 -1.50
     S.P. ORB#: 34 -3.50
     S.P. ORB#: 35 -3.50
     S.P. ORB#: 36  0.50
     S.P. ORB#: 37  4.50
     S.P. ORB#: 38 -1.50
     S.P. ORB#: 39  4.50
 

             ENERGY    K= OMEGA
 
 I=  1/2- (1)  2.210  32: 0.999
 
 I=  1/2- (2)  4.062  31:-0.930
                      36: 0.368
 
 I=  1/2- (3)  5.969  25: 0.999
 
 I=  1/2- (4)  6.658  31: 0.368
                      36: 0.930
 
 I=  1/2- (5)147.185  33:-1.000

             ENERGY    K= OMEGA
 
 I=  3/2- (1)  2.215  32:-0.572
                      33: 0.820
 
 I=  3/2- (2)  2.425  25:-0.167
                      32:-0.809
                      33:-0.563
 
 I=  3/2- (3)  4.081  26:-0.072
                      31:-0.967
                      36:-0.117
                      38:-0.214
 
 I=  3/2- (4)  6.741  25: 0.986
                      32:-0.135
                      33:-0.099
 
 I=  3/2- (5)  6.907  26: 0.196
                      36: 0.871
                      38:-0.450

             ENERGY    K= OMEGA
 
 I=  5/2- (1)  2.590  25:-0.220
                      28: 0.054
                      32: 0.511
                      33: 0.829
 
 I=  5/2- (2)  3.404  25: 0.061
                      28: 0.085
                      32:-0.842
                      33: 0.530
 
 I=  5/2- (3)  3.971  28:-0.995
                      33: 0.090
 
 I=  5/2- (4)  4.268  26:-0.102
                      30: 0.085
                      31: 0.827
                      36:-0.480
                      38:-0.260
 
 I=  5/2- (5)  6.218  26: 0.498
                      30:-0.848
                      36:-0.176

             ENERGY    K= OMEGA
 
 I=  7/2- (1)  2.833  28: 0.185
                      35:-0.981
 
 I=  7/2- (2)  3.434  28:-0.075
                      29:-0.119
                      32:-0.734
                      33: 0.663
 
 I=  7/2- (3)  3.558  28:-0.171
                      29:-0.969
                      32: 0.175
 
 I=  7/2- (4)  3.697  25:-0.291
                      28: 0.050
                      29:-0.135
                      32:-0.618
                      33:-0.715
 
 I=  7/2- (5)  4.281  26:-0.235
                      30:-0.232
                      31:-0.851
                      34:-0.087
                      36:-0.248
                      38:-0.312

             ENERGY    K= OMEGA
 
 I=  9/2- (1)  3.342  28:-0.119
                      29: 0.315
                      35:-0.348
                      37:-0.874
 
 I=  9/2- (2)  3.910  25:-0.105
                      28: 0.236
                      29: 0.174
                      32: 0.161
                      33: 0.245
                      35: 0.847
                      37:-0.315
 
 I=  9/2- (3)  4.016  25: 0.328
                      29: 0.077
                      32:-0.528
                      33:-0.715
                      35: 0.304
                      37:-0.068
 
 I=  9/2- (4)  4.786  28:-0.257
                      29: 0.897
                      32: 0.054
                      37: 0.356
 
 I=  9/2- (5)  4.921  26:-0.348
                      30: 0.481
                      31: 0.577
                      34:-0.340
                      36:-0.326
                      38:-0.257
                      39: 0.164

             ENERGY    K= OMEGA
 
 I= 11/2- (1)  4.010  27: 0.995
                      37: 0.093
 
 I= 11/2- (2)  4.454  27:-0.101
                      28: 0.165
                      29: 0.387
                      35:-0.394
                      37: 0.810
 
 I= 11/2- (3)  4.821  26: 0.386
                      30: 0.492
                      31: 0.573
                      34: 0.367
                      36: 0.207
                      38: 0.251
                      39: 0.203
 
 I= 11/2- (4)  5.220  28:-0.272
                      29: 0.245
                      33: 0.102
                      35: 0.854
                      37: 0.355
 
 I= 11/2- (5)  5.616  25:-0.134
                      32:-0.872
                      33: 0.460
                      35:-0.084

             ENERGY    K= OMEGA
 
 I= 13/2- (1)  5.566  26:-0.395
                      30: 0.587
                      31: 0.253
                      34:-0.539
                      36:-0.102
                      38:-0.141
                      39: 0.338
 
 I= 13/2- (2)  5.581  27: 0.963
                      29: 0.108
                      35:-0.091
                      37:-0.226
 
 I= 13/2- (3)  5.823  27:-0.268
                      28:-0.198
                      29: 0.413
                      33:-0.065
                      35:-0.406
                      37:-0.739
 
 I= 13/2- (4)  6.278  25: 0.425
                      28:-0.078
                      29:-0.051
                      32:-0.549
                      33:-0.703
                      37: 0.117
 
 I= 13/2- (5)  6.770  25:-0.055
                      28:-0.286
                      29:-0.281
                      32: 0.082
                      33: 0.064
                      35:-0.835
                      37: 0.357

             ENERGY     K= 9/2
  35 LEVELS    TIME=  0.0 SEC



 ******************* EXCITATION ENERGIES, DOMINANT CONFIGURATION AND EXPECTATION VALUES (WITH S.P. UU+VV FACTORS) *******************

  NR  Eex(keV)  I   Kdom  NY    <Jz>  <Jx**2> <Jy**2> <Jz**2> <I.j>/|I|  <Rx**2> <Ry**2> <Rz**2> <R.j>/|R|  <HROTx> <HROTy> <HROTz>

   1    0.0   1/2-   1/2  32    0.50    5.18    5.18    0.25    0.16       5.54    5.54    0.00   -3.15      0.675   0.675   0.000
   2    5.1   3/2-  -3/2  33   -0.85    5.17    5.17    1.60    1.20       5.51    5.51    0.00   -2.89      0.671   0.671   0.000
   3  215.3   3/2-   1/2  32   -0.13    5.14    5.14    0.88    0.73       6.03    6.03    0.00   -2.80      0.735   0.735   0.000
   4  379.9   5/2-  -3/2  33   -0.87    5.34    5.34    1.64    1.41       6.36    6.36    0.00   -2.29      0.776   0.776   0.000
   5  623.3   7/2-  -7/2  35   -3.29    2.37    2.37   12.03    3.17       3.68    3.68   -0.00   -1.55      0.448   0.448  -0.000
  
   6 1132.0   9/2-   9/2  37    2.70    2.84    2.84   18.28    4.06       4.18    4.18   -0.00   -1.31      0.509   0.509  -0.000
   7 1194.6   5/2-   1/2  32   -0.05    5.20    5.20    0.86   -0.11      10.34   10.34   -0.00   -2.55      1.261   1.261  -0.000
   8 1224.4   7/2-   1/2  32   -0.43    5.16    5.16    1.35    0.82      10.44   10.44    0.00   -1.84      1.273   1.273   0.000
   9 1348.3   7/2-  -7/2  29   -3.20    6.27    6.27   11.69    3.04       7.92    7.92    0.00   -3.06      0.966   0.966   0.000
  10 1487.4   7/2-  -3/2  33   -0.60    5.26    5.26    1.52    0.89      10.36   10.36    0.00   -1.87      1.264   1.264   0.000
  
  11 1699.8   9/2-  -7/2  35   -2.10    2.83    2.83   11.67    2.59       8.15    8.15   -0.00   -1.10      0.993   0.993  -0.000
  12 1761.2   5/2-   5/2  28    2.46    6.13    6.13    6.20    2.07       7.47    7.47   -0.00   -3.19      0.911   0.911  -0.000
  13 1800.2  11/2- -11/2  27   -5.41    2.75    2.75   30.13    5.05       5.49    5.49    0.00   -1.64      0.670   0.670   0.000
  14 1806.6   9/2-  -3/2  33   -0.90    5.22    5.22    2.55    1.59      10.98   10.98    0.00   -1.09      1.339   1.339   0.000
  15 1852.0   1/2-   1/2  31    0.50   12.59   12.59    0.25    1.01      12.22   12.22    0.00   -4.97      1.490   1.490   0.000
  
  16 1871.1   3/2-   1/2  31    0.40   14.34   14.34    0.35    1.94      12.63   12.63    0.00   -5.03      1.540   1.540   0.000
  17 2058.0   5/2-   1/2  31    0.36   13.08   13.08    0.45    1.98      11.81   11.81    0.00   -4.27      1.440   1.440   0.000
  18 2070.8   7/2-   1/2  31    0.27   16.27   16.27    0.97    3.13      12.19   12.19    0.00   -4.27      1.486   1.486   0.000
  19 2244.2  11/2-   9/2  37    1.90    3.12    3.12   17.52    3.47       9.00    9.00    0.00   -0.71      1.097   1.097   0.000
  20 2576.3   9/2-  -7/2  29   -2.08    5.79    5.79   12.83    2.46      12.36   12.36    0.00   -2.45      1.507   1.507   0.000
  
  21 2610.9  11/2-   1/2  31    0.19   19.93   19.93    4.56    4.58      12.70   12.70    0.00   -3.38      1.548   1.548   0.000
  22 2711.0   9/2-   1/2  31    0.23   18.24   18.24    3.93    3.89      13.22   13.22    0.00   -4.09      1.611   1.611   0.000
  23 3010.0  11/2-  -7/2  35   -2.02    2.70    2.70   12.70    2.29      13.25   13.25   -0.00   -0.86      1.616   1.616  -0.000
  24 3356.5  13/2-   5/2  30    0.13   21.96   21.96    8.45    5.16      14.53   14.53    0.00   -3.03      1.771   1.771   0.000
  25 3371.3  13/2- -11/2  27   -4.93    2.78    2.78   29.33    4.26      12.04   12.04    0.00   -1.04      1.468   1.468   0.000
  
  26 3405.8  11/2-   1/2  32    0.04    5.10    5.10    0.79    0.69      19.22   19.22    0.00   -1.10      2.343   2.343   0.000
  27 3613.0  13/2-   9/2  37    0.98    3.30    3.30   17.61    3.12      14.70   14.70    0.00   -0.45      1.792   1.792   0.000
  28 3759.4   1/2-   1/2  25    0.50    7.34    7.34    0.25    0.64       7.28    7.28    0.00   -3.77      0.888   0.888   0.000
  29 4007.9   5/2-   5/2  30    1.44   22.79   22.79    5.06    3.76      18.57   18.57    0.00   -6.48      2.264   2.264   0.000
  30 4068.3  13/2-  -3/2  33   -0.44    5.67    5.67    1.61    1.61      19.58   19.58    0.00   -0.27      2.387   2.387   0.000
  
  31 4447.8   1/2-   1/2  36    0.50   17.14   17.14    0.25   -0.80      18.33   18.33    0.00   -5.82      2.235   2.235   0.000
  32 4530.8   3/2-   1/2  25    0.48    7.39    7.39    0.27   -0.72      10.80   10.80    0.00   -3.54      1.317   1.317   0.000
  33 4560.5  13/2-  -7/2  35   -1.94    2.81    2.81   12.63    1.99      19.60   19.60    0.00   -0.69      2.389   2.389   0.000
  34 4696.9   3/2-   1/2  36    0.02   15.97   15.97    0.73    0.12      17.99   17.99    0.00   -5.41      2.193   2.193   0.000
  35*******   1/2-  -3/2  33    0.00    0.00    0.00    0.00   -0.00       0.00    0.00    0.00   -0.00      0.000   0.000   0.000
  
