1SPECTRUM OF (Z= 82 A=207) IN PARTICLE-ROTOR  MODEL WITH MODIFIED OSCILLATOR POTENTIAL


 PARITY=-   EPS= 0.344   GAMMA=  0.0   EPS4=0.000   EPS6=0.000   LEVELS:  26  27  28  29  30  31  32  33  34  35  36  37  38  39  40

 PAIRING FACTORS: GN0= 19.20  GN1=  7.40  IPAIR= 15 ***  E2PLUS(INPUT)=   0.730  E2PLUR(INPUT)=   0.000

 CORIOLIS ATTENUATION PARAMETERS:  CHSI=1.000  ETA=  1.00

 MOMENT OF INERTIA PARAMETERS:   A1=  0.122 MEV   A2=  0.122 MEV   A3=121.91924 MEV


 DELTA=0.904 MEV  LAMBDA=53.3589 MEV   HW0= 7.5188 MEV   LAMBDA/HW0= 7.0967

 E2ENERGY=0.730 MEV  HBAR**2/B=21942./A**(7/3)=3709.2/A**2 MEV

 IREC=0  =>  RECOIL TERMS j+j-, j+j+, jzjz, ETC TREATED AS ONE-BODY OPERATORS WITH UU+VV PAIRING FACTORS



 S. P. LEVEL   EQP       U     V        (UU + VV)**1.00

     26       3.097    0.148 0.989      1.000 0.999 0.996 0.969 0.969 0.952 0.849 0.649 0.647 0.345 0.339 0.316 0.300 0.272 0.257
     27       2.539    0.181 0.983      0.999 1.000 0.998 0.977 0.976 0.962 0.867 0.674 0.673 0.377 0.370 0.348 0.332 0.304 0.289
     28       1.961    0.237 0.971      0.996 0.998 1.000 0.988 0.987 0.976 0.894 0.716 0.714 0.429 0.423 0.401 0.386 0.358 0.344
     29       1.266    0.387 0.922      0.969 0.977 0.988 1.000 1.000 0.998 0.953 0.817 0.815 0.566 0.561 0.540 0.526 0.501 0.487
     30       1.261    0.389 0.921      0.969 0.976 0.987 1.000 1.000 0.998 0.954 0.818 0.817 0.568 0.562 0.542 0.528 0.503 0.489
     31       1.137    0.443 0.896      0.952 0.962 0.976 0.998 0.998 1.000 0.970 0.851 0.850 0.616 0.611 0.591 0.578 0.553 0.540
     32       0.916    0.648 0.762      0.849 0.867 0.894 0.953 0.954 0.970 1.000 0.953 0.952 0.789 0.785 0.769 0.758 0.739 0.728
     33       1.006    0.848 0.529      0.649 0.674 0.716 0.817 0.818 0.851 0.953 1.000 1.000 0.938 0.936 0.927 0.920 0.909 0.902
     34       1.008    0.849 0.528      0.647 0.673 0.714 0.815 0.817 0.850 0.952 1.000 1.000 0.939 0.936 0.928 0.921 0.909 0.903
     35       2.276    0.979 0.203      0.345 0.377 0.429 0.566 0.568 0.616 0.789 0.938 0.939 1.000 1.000 1.000 0.999 0.997 0.996
     36       2.348    0.981 0.196      0.339 0.370 0.423 0.561 0.562 0.611 0.785 0.936 0.936 1.000 1.000 1.000 0.999 0.998 0.996
     37       2.657    0.985 0.173      0.316 0.348 0.401 0.540 0.542 0.591 0.769 0.927 0.928 1.000 1.000 1.000 1.000 0.999 0.998
     38       2.938    0.988 0.156      0.300 0.332 0.386 0.526 0.528 0.578 0.758 0.920 0.921 0.999 0.999 1.000 1.000 1.000 0.999
     39       3.597    0.992 0.127      0.272 0.304 0.358 0.501 0.503 0.553 0.739 0.909 0.909 0.997 0.998 0.999 1.000 1.000 1.000
     40       4.092    0.994 0.111      0.257 0.289 0.344 0.487 0.489 0.540 0.728 0.902 0.903 0.996 0.996 0.998 0.999 1.000 1.000

  R CORE   ENERGY   A0R/A00=1.000    R3= 0     2  
   2( 1)    0.732                    1.000 0.000
   2( 2)  487.921                    0.000 1.000

  R CORE   ENERGY   A0R/A00=1.000    R3= 0     2  
   3( 1)  488.652                    0.000 1.000

  R CORE   ENERGY   A0R/A00=1.000    R3= 0     2     4  
   4( 1)    2.438                    1.000 0.000 0.000

  R CORE   ENERGY   A0R/A00=1.000    R3= 0     2     4  
   5( 1)  490.847                    0.000 1.000 0.000

  R CORE   ENERGY   A0R/A00=1.000    R3= 0     2     4     6  
   6( 1)    5.121                    1.000 0.000 0.000 0.000

  R CORE   ENERGY   A0R/A00=1.000    R3= 0     2     4     6  
   7( 1)  494.017                    0.000 1.000 0.000 0.000

          AXIAL SYMMETRY => K RESTRICTED TO OMEGA

                     K
     S.P. ORB#: 26  2.50
     S.P. ORB#: 27 -3.50
     S.P. ORB#: 28  0.50
     S.P. ORB#: 29  0.50
     S.P. ORB#: 30 -1.50
     S.P. ORB#: 31 -1.50
     S.P. ORB#: 32 -3.50
     S.P. ORB#: 33  2.50
     S.P. ORB#: 34  4.50
     S.P. ORB#: 35 -3.50
     S.P. ORB#: 36  0.50
     S.P. ORB#: 37 -1.50
     S.P. ORB#: 38  2.50
     S.P. ORB#: 39  0.50
     S.P. ORB#: 40  4.50
 

             ENERGY    K= OMEGA
 
 I=  1/2- (1)  2.520  29:-0.999
 
 I=  1/2- (2)  3.953  39: 0.999
 
 I=  1/2- (3)  5.711  28: 0.347
                      36:-0.938
 
 I=  1/2- (4)  8.773  28: 0.938
                      36: 0.347
 
 I=  1/2- (5)147.440  31:-1.000

             ENERGY    K= OMEGA
 
 I=  3/2- (1)  2.401  29: 0.405
                      31:-0.913
 
 I=  3/2- (2)  2.683  29: 0.814
                      31: 0.363
                      37: 0.425
                      39:-0.157

             ENERGY    K= OMEGA
 
 I=  5/2- (1)  2.739  29:-0.406
                      31:-0.816
                      37: 0.128
                      38: 0.348
                      39:-0.177
 
 I=  5/2- (2)  3.363  26:-0.063
                      29: 0.680
                      31:-0.404
                      37:-0.604
                      38: 0.069
 
 I=  5/2- (3)  3.679  29: 0.344
                      31: 0.198
                      37: 0.346
                      38: 0.831
                      39: 0.176
 
 I=  5/2- (4)  4.305  26: 0.076
                      29: 0.449
                      31:-0.341
                      37: 0.679
                      38:-0.429
                      39: 0.177
 
 I=  5/2- (5)  4.839  26:-0.492
                      29:-0.190
                      31:-0.092
                      37:-0.092
                      39: 0.839

             ENERGY    K= OMEGA
 
 I=  7/2- (1)  1.731  26:-0.187
                      32: 0.981
 
 I=  7/2- (2)  3.357  29:-0.508
                      31: 0.707
                      37:-0.257
                      38: 0.417
 
 I=  7/2- (3)  3.629  28: 0.699
                      30: 0.584
                      33: 0.378
                      35: 0.164
 
 I=  7/2- (4)  3.903  26:-0.062
                      29: 0.649
                      31: 0.504
                      37: 0.465
                      38: 0.213
                      39:-0.244
 
 I=  7/2- (5)  4.373  26:-0.208
                      27:-0.878
                      29:-0.166
                      31: 0.170
                      37: 0.167
                      38:-0.320

             ENERGY    K= OMEGA
 
 I=  9/2- (1)  1.913  26:-0.077
                      27: 0.182
                      32:-0.264
                      34:-0.944
 
 I=  9/2- (2)  2.710  26: 0.255
                      27: 0.091
                      32: 0.924
                      34:-0.262
 
 I=  9/2- (3)  4.134  29:-0.442
                      31:-0.712
                      37: 0.235
                      38: 0.428
                      39:-0.239
 
 I=  9/2- (4)  4.403  28: 0.193
                      30:-0.499
                      33: 0.641
                      35:-0.500
                      40: 0.228
 
 I=  9/2- (5)  5.193  26:-0.110
                      27: 0.069
                      29: 0.550
                      31:-0.469
                      32: 0.057
                      37:-0.663
                      38: 0.116
                      39:-0.062

             ENERGY    K= OMEGA
 
 I= 11/2- (1)  2.905  28: 0.639
                      30: 0.564
                      33: 0.427
                      35: 0.273
                      36: 0.057
                      40: 0.120
 
 I= 11/2- (2)  3.017  26:-0.131
                      27:-0.247
                      32: 0.359
                      34:-0.890
 
 I= 11/2- (3)  3.921  26:-0.297
                      27: 0.135
                      31: 0.051
                      32: 0.871
                      34: 0.359
                      38: 0.060
 
 I= 11/2- (4)  5.273  29: 0.528
                      31:-0.629
                      32: 0.051
                      37: 0.340
                      38:-0.453
 
 I= 11/2- (5)  5.750  28: 0.498
                      30: 0.138
                      33:-0.408
                      35:-0.622
                      40:-0.423

             ENERGY    K= OMEGA
 
 I= 13/2- (1)  4.341  26:-0.177
                      27: 0.289
                      32:-0.420
                      34:-0.842
 
 I= 13/2- (2)  4.399  28:-0.166
                      30: 0.442
                      33:-0.611
                      35: 0.554
                      40:-0.311
 
 I= 13/2- (3)  5.365  26: 0.325
                      27: 0.175
                      31: 0.073
                      32: 0.822
                      34:-0.420
                      38:-0.078
 
 I= 13/2- (4)  6.494  29:-0.453
                      31:-0.663
                      32: 0.080
                      37: 0.275
                      38: 0.437
                      39:-0.280
 
 I= 13/2- (5)  8.001  26:-0.114
                      27: 0.073
                      29: 0.471
                      31:-0.480
                      32: 0.098
                      37:-0.698
                      38: 0.099
                      39:-0.147

             ENERGY     K= 9/2
  32 LEVELS    TIME=  0.0 SEC



 ******************* EXCITATION ENERGIES, DOMINANT CONFIGURATION AND EXPECTATION VALUES (WITH S.P. UU+VV FACTORS) *******************

  NR  Eex(keV)  I   Kdom  NY    <Jz>  <Jx**2> <Jy**2> <Jz**2> <I.j>/|I|  <Rx**2> <Ry**2> <Rz**2> <R.j>/|R|  <HROTx> <HROTy> <HROTz>

   1    0.0   7/2-  -7/2  32   -3.29    2.31    2.31   12.03    3.32       3.01    3.01    0.00   -1.41      0.367   0.367   0.000
   2  181.8   9/2-   9/2  34    3.66    2.52    2.52   19.34    4.24       3.48    3.48   -0.00   -1.25      0.424   0.424  -0.000
   3  670.3   3/2-  -3/2  31   -1.17    4.79    4.79    1.92    1.31       5.09    5.09    0.00   -2.81      0.620   0.620   0.000
   4  789.1   1/2-   1/2  29    0.50    4.78    4.78    0.25    0.17       5.13    5.13    0.00   -3.01      0.625   0.625   0.000
   5  951.9   3/2-   1/2  29   -0.13    3.98    3.98    0.88    0.87       4.61    4.61    0.00   -2.36      0.563   0.563   0.000
  
   6  978.9   9/2-  -7/2  32   -2.55    2.40    2.40   12.38    2.87       6.68    6.68    0.00   -0.79      0.814   0.814   0.000
   7 1007.7   5/2-  -3/2  31   -0.62    4.37    4.37    2.34    1.61       5.16    5.16    0.00   -1.97      0.629   0.629   0.000
   8 1173.9  11/2-   1/2  28   -0.01   24.02   24.02    3.16    6.39       5.27    5.27    0.00   -4.00      0.642   0.642   0.000
   9 1286.1  11/2-   9/2  34    2.94    2.73    2.73   18.49    3.69       7.76    7.76    0.00   -0.47      0.946   0.946   0.000
  10 1625.6   7/2-  -3/2  31   -0.29    4.20    4.20    2.45    1.52       7.27    7.27   -0.00   -1.26      0.886   0.886  -0.000
  
  11 1632.2   5/2-   1/2  29   -0.54    3.48    3.48    1.36    0.67       6.54    6.54    0.00   -1.75      0.798   0.798   0.000
  12 1897.8   7/2-   1/2  28   -0.00   23.69   23.69    2.11    6.12       8.34    8.34    0.00   -6.17      1.017   1.017   0.000
  13 1947.5   5/2-   5/2  38    1.57    2.23    2.23    4.72    1.61       4.19    4.19   -0.00   -1.52      0.511   0.511  -0.000
  14 2171.5   7/2-   1/2  29   -0.35    3.56    3.56    1.50    0.85       8.81    8.81    0.00   -1.25      1.074   1.074   0.000
  15 2189.6  11/2-  -7/2  32   -1.91    2.49    2.49   12.70    2.57      11.33   11.33   -0.00   -0.48      1.381   1.381  -0.000
  
  16 2222.2   1/2-   1/2  39    0.50    1.59    1.59    0.25    0.70       1.48    1.48    0.00   -1.64      0.180   0.180   0.000
  17 2403.2   9/2-  -3/2  31   -0.27    4.05    4.05    2.52    1.56       9.92    9.92    0.00   -0.64      1.209   1.209   0.000
  18 2574.2   5/2-  -3/2  37   -0.28    2.96    2.96    2.54    0.11       8.29    8.29    0.00   -2.00      1.011   1.011   0.000
  19 2610.2  13/2-   9/2  34    2.35    2.91    2.91   17.72    3.32      12.94   12.94   -0.00   -0.07      1.578   1.578  -0.000
  20 2642.2   7/2-  -7/2  27   -2.40    5.51    5.51   10.48    2.79       7.55    7.55   -0.00   -2.68      0.921   0.921  -0.000
  
  21 2667.5  13/2-   5/2  33    0.01   23.89   23.89    8.49    5.98      10.78   10.78    0.00   -3.13      1.314   1.314   0.000
  22 2672.3   9/2-   5/2  33    0.03   24.12   24.12    7.26    5.74      11.56   11.56    0.00   -5.60      1.410   1.410   0.000
  23 3107.8   5/2-   1/2  39    0.95    2.75    2.75    1.74    0.65       6.06    6.06    0.00   -1.52      0.738   0.738   0.000
  24 3462.3   9/2-  -3/2  37   -0.80    3.15    3.15    1.82    0.60      13.47   13.47    0.00   -0.99      1.643   1.643   0.000
  25 3542.3  11/2-  -3/2  31   -0.12    3.98    3.98    2.57    1.43      14.57   14.57    0.00   -0.36      1.777   1.777   0.000
  
  26 3633.7  13/2-  -7/2  32   -1.40    2.57    2.57   12.93    2.35      16.97   16.97   -0.00   -0.28      2.069   2.069  -0.000
  27 3980.3   1/2-   1/2  36    0.50   12.31   12.31    0.25   -1.35      13.98   13.98   -0.00   -4.93      1.705   1.705  -0.000
  28 4019.3  11/2-  -7/2  35   -0.04   22.96   22.96    9.51    5.25      14.18   14.18    0.00   -4.51      1.729   1.729   0.000
  29 4762.4  13/2-  -3/2  31   -0.17    3.90    3.90    2.56    1.49      19.19   19.19    0.00    0.00      2.339   2.339   0.000
  30 6269.5  13/2-  -3/2  37   -0.95    2.91    2.91    2.01    0.53      24.57   24.57    0.00   -0.59      2.996   2.996   0.000
  
  31 7042.2   1/2-   1/2  28    0.50   24.19   24.19    0.25   -3.53      27.75   27.75    0.00   -6.94      3.383   3.383   0.000
  32*******   1/2-  -3/2  31    0.00    0.00    0.00    0.00    0.00       0.00    0.00    0.00   -0.00      0.000   0.000   0.000
