1SPECTRUM OF (Z= 82 A=207) IN PARTICLE-ROTOR  MODEL WITH MODIFIED OSCILLATOR POTENTIAL


 PARITY=-   EPS= 0.337   GAMMA=  0.0   EPS4=0.000   EPS6=0.000   LEVELS:  26  27  28  29  30  31  32  33  34  35  36  37  38  39  40

 PAIRING FACTORS: GN0= 19.20  GN1=  7.40  IPAIR= 15 ***  E2PLUS(INPUT)=   0.730  E2PLUR(INPUT)=   0.000

 CORIOLIS ATTENUATION PARAMETERS:  CHSI=1.000  ETA=  1.00

 MOMENT OF INERTIA PARAMETERS:   A1=  0.122 MEV   A2=  0.122 MEV   A3=121.91924 MEV


 DELTA=0.912 MEV  LAMBDA=53.3398 MEV   HW0= 7.5142 MEV   LAMBDA/HW0= 7.0985

 E2ENERGY=0.730 MEV  HBAR**2/B=21058./A**(7/3)=3559.8/A**2 MEV

 IREC=0  =>  RECOIL TERMS j+j-, j+j+, jzjz, ETC TREATED AS ONE-BODY OPERATORS WITH UU+VV PAIRING FACTORS



 S. P. LEVEL   EQP       U     V        (UU + VV)**1.00

     26       3.139    0.147 0.989      1.000 0.999 0.993 0.971 0.956 0.955 0.875 0.682 0.618 0.342 0.328 0.323 0.305 0.275 0.257
     27       2.581    0.180 0.984      0.999 1.000 0.997 0.978 0.966 0.964 0.890 0.706 0.644 0.373 0.359 0.354 0.337 0.307 0.289
     28       1.815    0.260 0.966      0.993 0.997 1.000 0.992 0.984 0.983 0.925 0.762 0.705 0.448 0.435 0.430 0.413 0.385 0.367
     29       1.298    0.380 0.925      0.971 0.978 0.992 1.000 0.999 0.998 0.965 0.838 0.788 0.557 0.545 0.541 0.525 0.498 0.481
     30       1.176    0.429 0.903      0.956 0.966 0.984 0.999 1.000 1.000 0.978 0.866 0.821 0.601 0.590 0.585 0.570 0.544 0.528
     31       1.167    0.434 0.901      0.955 0.964 0.983 0.998 1.000 1.000 0.979 0.868 0.823 0.605 0.594 0.589 0.574 0.548 0.532
     32       0.945    0.608 0.794      0.875 0.890 0.925 0.965 0.978 0.979 1.000 0.951 0.922 0.754 0.745 0.741 0.729 0.707 0.693
     33       0.976    0.823 0.567      0.682 0.706 0.762 0.838 0.866 0.868 0.951 1.000 0.996 0.920 0.914 0.912 0.905 0.891 0.882
     34       1.059    0.868 0.496      0.618 0.644 0.705 0.788 0.821 0.823 0.922 0.996 1.000 0.950 0.945 0.944 0.937 0.926 0.919
     35       2.327    0.980 0.200      0.342 0.373 0.448 0.557 0.601 0.605 0.754 0.920 0.950 1.000 1.000 1.000 0.999 0.998 0.996
     36       2.501    0.983 0.186      0.328 0.359 0.435 0.545 0.590 0.594 0.745 0.914 0.945 1.000 1.000 1.000 1.000 0.998 0.997
     37       2.569    0.984 0.180      0.323 0.354 0.430 0.541 0.585 0.589 0.741 0.912 0.944 1.000 1.000 1.000 1.000 0.999 0.998
     38       2.848    0.987 0.162      0.305 0.337 0.413 0.525 0.570 0.574 0.729 0.905 0.937 0.999 1.000 1.000 1.000 1.000 0.999
     39       3.506    0.991 0.131      0.275 0.307 0.385 0.498 0.544 0.548 0.707 0.891 0.926 0.998 0.998 0.999 1.000 1.000 1.000
     40       4.098    0.994 0.112      0.257 0.289 0.367 0.481 0.528 0.532 0.693 0.882 0.919 0.996 0.997 0.998 0.999 1.000 1.000

  R CORE   ENERGY   A0R/A00=1.000    R3= 0     2  
   2( 1)    0.732                    1.000 0.000
   2( 2)  487.921                    0.000 1.000

  R CORE   ENERGY   A0R/A00=1.000    R3= 0     2  
   3( 1)  488.652                    0.000 1.000

  R CORE   ENERGY   A0R/A00=1.000    R3= 0     2     4  
   4( 1)    2.438                    1.000 0.000 0.000

  R CORE   ENERGY   A0R/A00=1.000    R3= 0     2     4  
   5( 1)  490.847                    0.000 1.000 0.000

  R CORE   ENERGY   A0R/A00=1.000    R3= 0     2     4     6  
   6( 1)    5.121                    1.000 0.000 0.000 0.000

  R CORE   ENERGY   A0R/A00=1.000    R3= 0     2     4     6  
   7( 1)  494.017                    0.000 1.000 0.000 0.000

          AXIAL SYMMETRY => K RESTRICTED TO OMEGA

                     K
     S.P. ORB#: 26  2.50
     S.P. ORB#: 27 -3.50
     S.P. ORB#: 28  0.50
     S.P. ORB#: 29  0.50
     S.P. ORB#: 30 -1.50
     S.P. ORB#: 31 -1.50
     S.P. ORB#: 32 -3.50
     S.P. ORB#: 33  4.50
     S.P. ORB#: 34  2.50
     S.P. ORB#: 35 -3.50
     S.P. ORB#: 36  0.50
     S.P. ORB#: 37 -1.50
     S.P. ORB#: 38  2.50
     S.P. ORB#: 39  0.50
     S.P. ORB#: 40  4.50
 

             ENERGY    K= OMEGA
 
 I=  1/2- (1)  2.544  29: 0.999
 
 I=  1/2- (2)  3.859  39:-0.999
 
 I=  1/2- (3)  5.839  28: 0.377
                      36:-0.926
 
 I=  1/2- (4)  8.748  28: 0.926
                      36: 0.377
 
 I=  1/2- (5)147.470  31:-1.000

             ENERGY    K= OMEGA
 
 I=  3/2- (1)  2.424  29: 0.402
                      31:-0.915
 
 I=  3/2- (2)  2.684  29: 0.786
                      31: 0.348
                      37: 0.485
                      39:-0.160

             ENERGY    K= OMEGA
 
 I=  5/2- (1)  2.742  29: 0.403
                      31: 0.799
                      37:-0.146
                      38:-0.382
                      39: 0.180
 
 I=  5/2- (2)  3.341  26:-0.065
                      29: 0.624
                      31:-0.411
                      37:-0.660
 
 I=  5/2- (3)  3.606  29:-0.391
                      31:-0.209
                      37:-0.285
                      38:-0.829
                      39:-0.187
 
 I=  5/2- (4)  4.256  26: 0.062
                      29: 0.485
                      31:-0.365
                      37: 0.652
                      38:-0.407
                      39: 0.193
 
 I=  5/2- (5)  4.759  26:-0.163
                      29:-0.242
                      31:-0.117
                      37:-0.153
                      39: 0.937

             ENERGY    K= OMEGA
 
 I=  7/2- (1)  1.751  26:-0.191
                      32: 0.980
 
 I=  7/2- (2)  3.352  29:-0.497
                      31: 0.690
                      37:-0.278
                      38: 0.445
 
 I=  7/2- (3)  3.556  28:-0.709
                      30:-0.583
                      34:-0.365
                      35:-0.156
 
 I=  7/2- (4)  3.897  26: 0.062
                      29:-0.625
                      31:-0.502
                      37:-0.494
                      38:-0.221
                      39: 0.246
 
 I=  7/2- (5)  4.385  26: 0.199
                      27: 0.773
                      29: 0.244
                      31:-0.241
                      37:-0.235
                      38: 0.436

             ENERGY    K= OMEGA
 
 I=  9/2- (1)  1.873  26:-0.075
                      27: 0.188
                      32:-0.248
                      33:-0.947
 
 I=  9/2- (2)  2.718  26: 0.261
                      27: 0.091
                      32: 0.927
                      33:-0.246
 
 I=  9/2- (3)  4.125  29: 0.437
                      31: 0.696
                      37:-0.252
                      38:-0.448
                      39: 0.239
 
 I=  9/2- (4)  4.391  28: 0.197
                      30:-0.506
                      34: 0.639
                      35:-0.496
                      40: 0.225
 
 I=  9/2- (5)  5.165  26:-0.108
                      27: 0.065
                      29: 0.504
                      31:-0.475
                      32: 0.058
                      37:-0.695
                      38: 0.099
                      39:-0.088

             ENERGY    K= OMEGA
 
 I= 11/2- (1)  2.824  28: 0.647
                      30: 0.565
                      34: 0.419
                      35: 0.265
                      36: 0.056
                      40: 0.116
 
 I= 11/2- (2)  2.969  26:-0.127
                      27:-0.255
                      32: 0.341
                      33:-0.896
 
 I= 11/2- (3)  3.916  26:-0.305
                      27: 0.132
                      32: 0.876
                      33: 0.340
                      38: 0.059
 
 I= 11/2- (4)  5.261  29: 0.517
                      31:-0.615
                      37: 0.356
                      38:-0.471
 
 I= 11/2- (5)  5.728  28: 0.493
                      30: 0.126
                      34:-0.417
                      35:-0.623
                      40:-0.422

             ENERGY    K= OMEGA
 
 I= 13/2- (1)  4.284  26:-0.173
                      27: 0.298
                      32:-0.401
                      33:-0.848
 
 I= 13/2- (2)  4.366  28:-0.168
                      30: 0.446
                      34:-0.611
                      35: 0.552
                      40:-0.308
 
 I= 13/2- (3)  5.348  26: 0.334
                      27: 0.171
                      31: 0.071
                      32: 0.829
                      33:-0.401
                      38:-0.076
 
 I= 13/2- (4)  6.479  29:-0.449
                      31:-0.652
                      32: 0.075
                      37: 0.289
                      38: 0.450
                      39:-0.280
 
 I= 13/2- (5)  7.967  26: 0.111
                      27:-0.071
                      29:-0.425
                      31: 0.482
                      32:-0.098
                      37: 0.722
                      38:-0.072
                      39: 0.184

             ENERGY     K= 9/2
  32 LEVELS    TIME=  0.0 SEC



 ******************* EXCITATION ENERGIES, DOMINANT CONFIGURATION AND EXPECTATION VALUES (WITH S.P. UU+VV FACTORS) *******************

  NR  Eex(keV)  I   Kdom  NY    <Jz>  <Jx**2> <Jy**2> <Jz**2> <I.j>/|I|  <Rx**2> <Ry**2> <Rz**2> <R.j>/|R|  <HROTx> <HROTy> <HROTz>

   1    0.0   7/2-  -7/2  32   -3.28    2.31    2.31   12.02    3.34       2.96    2.96   -0.00   -1.40      0.360   0.360  -0.000
   2  121.8   9/2-   9/2  33    3.71    2.53    2.53   19.40    4.26       3.40    3.40    0.00   -1.25      0.415   0.415   0.000
   3  672.1   3/2-  -3/2  31   -1.17    4.76    4.76    1.92    1.31       5.06    5.06    0.00   -2.80      0.617   0.617   0.000
   4  792.7   1/2-   1/2  29    0.50    4.75    4.75    0.25    0.18       5.09    5.09    0.00   -3.01      0.621   0.621   0.000
   5  932.5   3/2-   1/2  29   -0.21    3.78    3.78    0.96    0.95       4.29    4.29   -0.00   -2.28      0.523   0.523  -0.000
  
   6  966.6   9/2-  -7/2  32   -2.59    2.41    2.41   12.30    2.89       6.58    6.58   -0.00   -0.76      0.802   0.802  -0.000
   7  990.6   5/2-  -3/2  31   -0.52    4.27    4.27    2.45    1.67       4.93    4.93    0.00   -1.93      0.601   0.601   0.000
   8 1072.6  11/2-   1/2  28   -0.01   24.20   24.20    3.05    6.42       5.24    5.24   -0.00   -4.04      0.638   0.638  -0.000
   9 1217.7  11/2-   9/2  33    3.02    2.74    2.74   18.57    3.73       7.62    7.62    0.00   -0.45      0.929   0.929   0.000
  10 1589.8   5/2-  -3/2  37   -0.70    3.23    3.23    1.50    0.74       6.15    6.15   -0.00   -1.64      0.750   0.750  -0.000
  
  11 1600.9   7/2-  -3/2  31   -0.22    4.08    4.08    2.57    1.57       7.01    7.01   -0.00   -1.20      0.855   0.855  -0.000
  12 1804.9   7/2-   1/2  28   -0.01   23.86   23.86    2.02    6.14       8.39    8.39   -0.00   -6.20      1.023   1.023  -0.000
  13 1854.6   5/2-   5/2  38    1.63    2.34    2.34    4.63    1.57       4.37    4.37    0.00   -1.57      0.533   0.533   0.000
  14 2107.6   1/2-   1/2  39    0.50    1.58    1.58    0.25    0.70       1.47    1.47    0.00   -1.63      0.179   0.179   0.000
  15 2145.1   7/2-   1/2  29   -0.39    3.43    3.43    1.57    0.87       8.64    8.64    0.00   -1.20      1.053   1.053   0.000
  
  16 2164.7  11/2-  -7/2  32   -1.99    2.49    2.49   12.56    2.59      11.18   11.18   -0.00   -0.44      1.363   1.363  -0.000
  17 2373.4   9/2-  -3/2  31   -0.21    3.96    3.96    2.59    1.59       9.73    9.73   -0.00   -0.59      1.186   1.186  -0.000
  18 2504.2   5/2-  -3/2  37   -0.28    3.10    3.10    2.38    0.03       8.57    8.57   -0.00   -2.05      1.045   1.045  -0.000
  19 2532.6  13/2-   9/2  33    2.44    2.93    2.93   17.82    3.36      12.73   12.73   -0.00   -0.04      1.552   1.552  -0.000
  20 2614.3  13/2-   5/2  34    0.01   23.99   23.99    8.43    6.01      10.61   10.61    0.00   -3.14      1.294   1.294   0.000
  
  21 2634.0   7/2-  -7/2  27   -1.66    4.88    4.88    9.03    2.40       7.75    7.75    0.00   -2.36      0.945   0.945   0.000
  22 2639.4   9/2-   5/2  34    0.02   24.23   24.23    7.18    5.77      11.51   11.51    0.00   -5.62      1.403   1.403   0.000
  23 3007.5   5/2-   1/2  39    0.48    1.83    1.83    0.48    0.18       5.93    5.93    0.00   -1.05      0.723   0.723   0.000
  24 3413.2   9/2-  -3/2  37   -0.90    2.98    2.98    1.89    0.62      13.22   13.22   -0.00   -0.93      1.612   1.612  -0.000
  25 3509.3  11/2-  -3/2  31   -0.08    3.88    3.88    2.66    1.46      14.37   14.37   -0.00   -0.32      1.753   1.753  -0.000
  
  26 3596.6  13/2-  -7/2  32   -1.50    2.58    2.58   12.77    2.37      16.78   16.78   -0.00   -0.24      2.046   2.046  -0.000
  27 3976.6  11/2-  -7/2  35   -0.03   23.06   23.06    9.54    5.28      14.15   14.15    0.00   -4.53      1.725   1.725   0.000
  28 4087.2   1/2-   1/2  36    0.50   12.34   12.34    0.25   -1.44      14.09   14.09    0.00   -4.93      1.717   1.717   0.000
  29 4727.5  13/2-  -3/2  31   -0.12    3.83    3.83    2.61    1.50      19.05   19.05   -0.00    0.03      2.322   2.322  -0.000
  30 6215.8  13/2-  -3/2  37   -1.03    2.75    2.75    2.04    0.55      24.32   24.32   -0.00   -0.53      2.965   2.965  -0.000
  
  31 6996.9   1/2-   1/2  28    0.50   24.46   24.46    0.25   -3.55      28.03   28.03    0.00   -6.98      3.418   3.418   0.000
  32*******   1/2-  -3/2  31    0.00    0.00    0.00    0.00    0.00       0.00    0.00    0.00   -0.00      0.000   0.000   0.000
