1SPECTRUM OF (Z= 82 A=207) IN PARTICLE-ROTOR  MODEL WITH MODIFIED OSCILLATOR POTENTIAL


 PARITY=-   EPS= 0.184   GAMMA=  0.0   EPS4=0.000   EPS6=0.000   LEVELS:  25  26  27  28  29  30  31  32  33  34  35  36  37  38  39

 PAIRING FACTORS: GN0= 19.20  GN1=  7.40  IPAIR= 15 ***  E2PLUS(INPUT)=   0.730  E2PLUR(INPUT)=   0.000

 CORIOLIS ATTENUATION PARAMETERS:  CHSI=1.000  ETA=  1.00

 MOMENT OF INERTIA PARAMETERS:   A1=  0.122 MEV   A2=  0.122 MEV   A3=121.91923 MEV


 DELTA=0.917 MEV  LAMBDA=53.4631 MEV   HW0= 7.4401 MEV   LAMBDA/HW0= 7.1858

 E2ENERGY=0.730 MEV  HBAR**2/B= 6278./A**(7/3)=1061.2/A**2 MEV

 IREC=0  =>  RECOIL TERMS j+j-, j+j+, jzjz, ETC TREATED AS ONE-BODY OPERATORS WITH UU+VV PAIRING FACTORS



 S. P. LEVEL   EQP       U     V        (UU + VV)**1.00

     25       4.307    0.107 0.994      1.000 1.000 1.000 0.998 0.995 0.994 0.992 0.784 0.680 0.463 0.406 0.363 0.308 0.261 0.226
     26       3.933    0.117 0.993      1.000 1.000 1.000 0.999 0.996 0.995 0.993 0.790 0.688 0.472 0.415 0.373 0.318 0.271 0.236
     27       3.796    0.122 0.993      1.000 1.000 1.000 0.999 0.997 0.996 0.994 0.793 0.691 0.476 0.419 0.377 0.322 0.275 0.240
     28       2.864    0.162 0.987      0.998 0.999 0.999 1.000 0.999 0.999 0.997 0.817 0.720 0.511 0.456 0.415 0.361 0.314 0.280
     29       2.327    0.201 0.980      0.995 0.996 0.997 0.999 1.000 1.000 0.999 0.839 0.747 0.545 0.491 0.450 0.397 0.351 0.317
     30       2.184    0.215 0.977      0.994 0.995 0.996 0.999 1.000 1.000 1.000 0.847 0.756 0.557 0.503 0.463 0.410 0.365 0.331
     31       2.023    0.233 0.972      0.992 0.993 0.994 0.997 0.999 1.000 1.000 0.857 0.768 0.572 0.519 0.479 0.427 0.382 0.348
     32       0.917    0.701 0.713      0.784 0.790 0.793 0.817 0.839 0.847 0.857 1.000 0.988 0.913 0.885 0.863 0.832 0.804 0.782
     33       0.956    0.802 0.598      0.680 0.688 0.691 0.720 0.747 0.756 0.768 0.988 1.000 0.965 0.946 0.930 0.907 0.885 0.868
     34       1.348    0.931 0.365      0.463 0.472 0.476 0.511 0.545 0.557 0.572 0.913 0.965 1.000 0.998 0.994 0.986 0.977 0.968
     35       1.576    0.952 0.305      0.406 0.415 0.419 0.456 0.491 0.503 0.519 0.885 0.946 0.998 1.000 0.999 0.995 0.988 0.982
     36       1.816    0.965 0.261      0.363 0.373 0.377 0.415 0.450 0.463 0.479 0.863 0.930 0.994 0.999 1.000 0.998 0.994 0.990
     37       2.289    0.979 0.205      0.308 0.318 0.322 0.361 0.397 0.410 0.427 0.832 0.907 0.986 0.995 0.998 1.000 0.999 0.996
     38       2.974    0.988 0.156      0.261 0.271 0.275 0.314 0.351 0.365 0.382 0.804 0.885 0.977 0.988 0.994 0.999 1.000 0.999
     39       3.841    0.993 0.120      0.226 0.236 0.240 0.280 0.317 0.331 0.348 0.782 0.868 0.968 0.982 0.990 0.996 0.999 1.000

  R CORE   ENERGY   A0R/A00=1.000    R3= 0     2  
   2( 1)    0.732                    1.000 0.000
   2( 2)  487.921                    0.000 1.000

  R CORE   ENERGY   A0R/A00=1.000    R3= 0     2  
   3( 1)  488.652                    0.000 1.000

  R CORE   ENERGY   A0R/A00=1.000    R3= 0     2     4  
   4( 1)    2.438                    1.000 0.000 0.000

  R CORE   ENERGY   A0R/A00=1.000    R3= 0     2     4  
   5( 1)  490.847                    0.000 1.000 0.000

  R CORE   ENERGY   A0R/A00=1.000    R3= 0     2     4     6  
   6( 1)    5.121                    1.000 0.000 0.000 0.000

  R CORE   ENERGY   A0R/A00=1.000    R3= 0     2     4     6  
   7( 1)  494.017                    0.000 1.000 0.000 0.000

          AXIAL SYMMETRY => K RESTRICTED TO OMEGA

                     K
     S.P. ORB#: 25  2.50
     S.P. ORB#: 26  0.50
     S.P. ORB#: 27 -3.50
     S.P. ORB#: 28 -3.50
     S.P. ORB#: 29  4.50
     S.P. ORB#: 30  0.50
     S.P. ORB#: 31 -1.50
     S.P. ORB#: 32 -1.50
     S.P. ORB#: 33  2.50
     S.P. ORB#: 34  0.50
     S.P. ORB#: 35  0.50
     S.P. ORB#: 36 -1.50
     S.P. ORB#: 37  2.50
     S.P. ORB#: 38 -3.50
     S.P. ORB#: 39  4.50
 

             ENERGY    K= OMEGA
 
 I=  1/2- (1)  1.593  26:-0.061
                      34:-0.998
 
 I=  1/2- (2)  3.208  30: 0.999
 
 I=  1/2- (3)  5.081  26: 0.998
                      34:-0.062
 
 I=  1/2- (4)  9.597  35:-1.000
 
 I=  1/2- (5)147.220  32:-1.000

             ENERGY    K= OMEGA
 
 I=  3/2- (1)  1.392  30: 0.190
                      31: 0.109
                      32: 0.971
                      34:-0.082
 
 I=  3/2- (2)  2.248  30:-0.150
                      31:-0.124
                      32: 0.125
                      34: 0.973

             ENERGY    K= OMEGA
 
 I=  5/2- (1)  1.429  26: 0.051
                      30:-0.134
                      31:-0.183
                      32: 0.407
                      33: 0.881
                      34:-0.066
 
 I=  5/2- (2)  2.007  30:-0.225
                      31: 0.165
                      32: 0.871
                      33:-0.400
 
 I=  5/2- (3)  2.272  30: 0.142
                      31: 0.183
                      33: 0.128
                      34: 0.964
 
 I=  5/2- (4)  3.291  26: 0.386
                      30:-0.456
                      31:-0.738
                      32:-0.078
                      33:-0.191
                      34: 0.237
 
 I=  5/2- (5)  4.549  26:-0.065
                      30: 0.798
                      31:-0.529
                      32: 0.258
                      33:-0.105

             ENERGY    K= OMEGA
 
 I=  7/2- (1)  2.060  30: 0.180
                      31:-0.217
                      32: 0.498
                      33:-0.819
 
 I=  7/2- (2)  2.658  25:-0.067
                      26:-0.174
                      28: 0.065
                      30:-0.349
                      31:-0.293
                      32:-0.721
                      33:-0.440
                      34: 0.200
 
 I=  7/2- (3)  3.594  25:-0.245
                      27:-0.106
                      28: 0.952
                      30: 0.061
                      31: 0.066
                      34:-0.118
 
 I=  7/2- (4)  3.854  26: 0.081
                      28:-0.130
                      30: 0.146
                      31: 0.214
                      32:-0.309
                      33:-0.204
                      34:-0.879
 
 I=  7/2- (5)  3.984  35: 0.723
                      36: 0.574
                      37: 0.354
                      38: 0.150

             ENERGY    K= OMEGA
 
 I=  9/2- (1)  2.720  26: 0.176
                      27:-0.085
                      29: 0.137
                      30:-0.301
                      31:-0.357
                      32: 0.470
                      33: 0.686
                      34:-0.178
 
 I=  9/2- (2)  3.073  25: 0.080
                      27: 0.250
                      28: 0.198
                      29:-0.930
                      30:-0.062
                      31:-0.072
                      32: 0.071
                      33: 0.094
 
 I=  9/2- (3)  3.840  25: 0.119
                      28: 0.154
                      30: 0.190
                      31:-0.316
                      32:-0.753
                      33: 0.325
                      34:-0.385
 
 I=  9/2- (4)  3.892  26: 0.092
                      28:-0.090
                      30:-0.291
                      31:-0.105
                      32: 0.131
                      33:-0.504
                      34:-0.782
 
 I=  9/2- (5)  4.517  25:-0.311
                      27: 0.124
                      28:-0.898
                      29:-0.187
                      30: 0.088
                      31:-0.060
                      32:-0.153
                      33: 0.112

             ENERGY    K= OMEGA
 
 I= 11/2- (1)  2.743  35:-0.658
                      36:-0.565
                      37:-0.414
                      38:-0.253
                      39:-0.114
 
 I= 11/2- (2)  3.873  25:-0.120
                      27: 0.251
                      28: 0.166
                      29: 0.531
                      30:-0.208
                      31: 0.220
                      32:-0.437
                      33: 0.575
 
 I= 11/2- (3)  4.096  25: 0.081
                      27:-0.235
                      28:-0.217
                      29:-0.713
                      30:-0.180
                      31: 0.185
                      32:-0.347
                      33: 0.442
 
 I= 11/2- (4)  4.636  25:-0.099
                      26:-0.287
                      28: 0.118
                      30:-0.419
                      31:-0.402
                      32:-0.552
                      33:-0.436
                      34: 0.244
 
 I= 11/2- (5)  5.624  25:-0.370
                      26: 0.089
                      27:-0.160
                      28: 0.852
                      29:-0.259
                      30: 0.111
                      31: 0.105
                      34:-0.117

             ENERGY    K= OMEGA
 
 I= 13/2- (1)  4.377  35:-0.184
                      36: 0.480
                      37:-0.601
                      38: 0.528
                      39:-0.309
 
 I= 13/2- (2)  4.720  25:-0.079
                      26: 0.280
                      27:-0.132
                      28:-0.075
                      29: 0.193
                      30:-0.388
                      31:-0.435
                      32: 0.423
                      33: 0.537
                      34:-0.219
 
 I= 13/2- (3)  5.202  25: 0.171
                      26: 0.100
                      27: 0.367
                      28: 0.311
                      29:-0.818
                      30:-0.126
                      31:-0.144
                      32: 0.076
                      33: 0.095
                      34:-0.094
 
 I= 13/2- (4)  6.481  25:-0.129
                      26:-0.126
                      28:-0.136
                      29:-0.137
                      31: 0.297
                      32: 0.574
                      33: 0.164
                      34: 0.695
 
 I= 13/2- (5)  6.567  25: 0.209
                      26:-0.063
                      27:-0.116
                      28: 0.353
                      29: 0.088
                      30: 0.335
                      31:-0.141
                      32:-0.391
                      33: 0.631
                      34: 0.351

             ENERGY     K= 9/2
  32 LEVELS    TIME=  0.0 SEC



 ******************* EXCITATION ENERGIES, DOMINANT CONFIGURATION AND EXPECTATION VALUES (WITH S.P. UU+VV FACTORS) *******************

  NR  Eex(keV)  I   Kdom  NY    <Jz>  <Jx**2> <Jy**2> <Jz**2> <I.j>/|I|  <Rx**2> <Ry**2> <Rz**2> <R.j>/|R|  <HROTx> <HROTy> <HROTz>

   1    0.0   3/2-  -3/2  32   -1.41    1.53    1.53    2.16    1.46       1.67    1.67    0.00   -1.32      0.203   0.203   0.000
   2   36.9   5/2-   5/2  33    1.65    1.85    1.85    5.30    2.43       1.69    1.69    0.00   -0.99      0.206   0.206   0.000
   3  200.5   1/2-   1/2  34    0.50    1.19    1.19    0.25    0.83       0.96    0.96   -0.00   -1.37      0.117   0.117  -0.000
   4  614.9   5/2-  -3/2  32   -0.75    1.54    1.54    2.79    1.11       4.03    4.03    0.00   -0.91      0.491   0.491   0.000
   5  667.1   7/2-   5/2  33    1.24    1.95    1.95    4.89    2.04       4.17    4.17    0.00   -0.24      0.508   0.508   0.000
  
   6  855.3   3/2-   1/2  34    0.44    1.30    1.30    0.31   -0.14       3.60    3.60   -0.00   -1.19      0.438   0.438  -0.000
   7  879.4   5/2-   1/2  34    0.47    1.53    1.53    0.41    0.83       3.65    3.65   -0.00   -0.37      0.445   0.445  -0.000
   8 1265.6   7/2-  -3/2  32   -0.33    1.72    1.72    2.71    1.36       5.54    5.54    0.00   -0.22      0.675   0.675   0.000
   9 1327.4   9/2-   5/2  33    0.79    2.72    2.72    4.25    2.33       5.61    5.61   -0.00    0.57      0.684   0.684  -0.000
  10 1350.5  11/2-   1/2  35    0.00   28.04   28.04    2.94    7.34       3.48    3.48    0.00   -5.73      0.425   0.425   0.000
  
  11 1680.7   9/2-   9/2  29    3.56    2.68    2.68   18.88    4.40       2.63    2.63    0.00   -1.04      0.321   0.321   0.000
  12 1815.2   1/2-   1/2  30    0.50    4.03    4.03    0.25    0.40       4.19    4.19   -0.00   -2.75      0.511   0.511  -0.000
  13 1899.0   5/2-  -3/2  31   -0.53    3.81    3.81    1.57    1.60       4.24    4.24    0.00   -1.53      0.517   0.517   0.000
  14 2201.6   7/2-  -7/2  28   -3.05    2.36    2.36   11.62    3.36       2.70    2.70    0.00   -1.29      0.329   0.329   0.000
  15 2447.5   9/2-  -3/2  32   -0.69    1.50    1.50    2.64    0.92      10.63   10.63    0.00   -0.23      1.296   1.296   0.000
  
  16 2461.9   7/2-   1/2  34    0.23    1.65    1.65    0.99   -0.03      10.14   10.14   -0.00   -0.98      1.236   1.236  -0.000
  17 2481.0  11/2-   5/2  33    1.48    2.64    2.64    9.53    2.75       8.83    8.83    0.00    0.39      1.077   1.077   0.000
  18 2499.5   9/2-   1/2  34    0.92    2.00    2.00    1.97    1.00      10.37   10.37   -0.00   -0.22      1.264   1.264  -0.000
  19 2591.4   7/2-   1/2  35   -0.00   28.39   28.39    1.93    7.10       9.05    9.05    0.00   -7.18      1.104   1.104   0.000
  20 2703.7  11/2-   9/2  29    2.22    2.61    2.61   13.18    3.09       8.62    8.62    0.00    0.01      1.051   1.051   0.000
  
  21 2984.1  13/2-   5/2  37    0.03   26.23   26.23    8.13    6.72       7.72    7.72   -0.00   -3.47      0.941   0.941  -0.000
  22 3125.0   9/2-  -7/2  28   -2.48    2.48    2.48   11.51    2.83       6.55    6.55   -0.00   -0.67      0.798   0.798  -0.000
  23 3156.6   5/2-   1/2  30   -0.17    4.08    4.08    1.02   -0.43      10.24   10.24    0.00   -2.31      1.249   1.249   0.000
  24 3243.9  11/2-  -3/2  32   -0.09    2.10    2.10    2.59    1.52      12.18   12.18    0.00    0.47      1.485   1.485   0.000
  25 3327.2  13/2-   5/2  33    0.41    3.47    3.47    3.77    2.50      12.30   12.30    0.00    1.35      1.499   1.499   0.000
  
  26 3688.2   1/2-   1/2  26    0.50    4.84    4.84    0.25    0.68       4.75    4.75    0.00   -3.03      0.580   0.580   0.000
  27 3809.2  13/2-   9/2  29    2.28    3.31    3.31   16.70    3.64      10.62   10.62    0.00    0.46      1.295   1.295   0.000
  28 4231.4  11/2-  -7/2  28   -1.98    2.64    2.64   11.44    2.60      10.68   10.68    0.00   -0.25      1.302   1.302   0.000
  29 5088.2  13/2-   1/2  34   -0.25    1.68    1.68    1.97    0.89      20.85   20.85    0.00    0.13      2.542   2.542   0.000
  30 5174.2  13/2-   5/2  33    0.52    2.13    2.13    5.06    1.24      20.36   20.36   -0.00   -0.10      2.482   2.482  -0.000
  
  31 8204.9   1/2-   1/2  35    0.50   28.86   28.86    0.25   -4.08      32.90   32.90    0.00   -7.58      4.011   4.011   0.000
  32*******   1/2-  -3/2  32    0.00    0.00    0.00    0.00   -0.00       0.00    0.00    0.00   -0.00      0.000   0.000   0.000
