1SPECTRUM OF (Z= 82 A=207) IN PARTICLE-ROTOR  MODEL WITH MODIFIED OSCILLATOR POTENTIAL


 PARITY=-   EPS= 0.249   GAMMA=  0.0   EPS4=0.000   EPS6=0.000   LEVELS:  25  26  27  28  29  30  31  32  33  34  35  36  37  38  39

 PAIRING FACTORS: GN0= 19.20  GN1=  7.40  IPAIR= 15 ***  E2PLUS(INPUT)=   0.730  E2PLUR(INPUT)=   0.000

 CORIOLIS ATTENUATION PARAMETERS:  CHSI=1.000  ETA=  1.00

 MOMENT OF INERTIA PARAMETERS:   A1=  0.122 MEV   A2=  0.122 MEV   A3=121.91924 MEV


 DELTA=0.937 MEV  LAMBDA=53.4070 MEV   HW0= 7.4656 MEV   LAMBDA/HW0= 7.1538

 E2ENERGY=0.730 MEV  HBAR**2/B=11496./A**(7/3)=1943.4/A**2 MEV

 IREC=0  =>  RECOIL TERMS j+j-, j+j+, jzjz, ETC TREATED AS ONE-BODY OPERATORS WITH UU+VV PAIRING FACTORS



 S. P. LEVEL   EQP       U     V        (UU + VV)**1.00

     25       4.134    0.114 0.993      1.000 1.000 1.000 0.991 0.989 0.984 0.973 0.727 0.567 0.481 0.422 0.391 0.332 0.288 0.233
     26       3.867    0.122 0.993      1.000 1.000 1.000 0.992 0.990 0.985 0.975 0.733 0.573 0.488 0.429 0.398 0.339 0.296 0.241
     27       3.321    0.143 0.990      1.000 1.000 1.000 0.994 0.993 0.989 0.979 0.746 0.590 0.506 0.448 0.417 0.359 0.315 0.261
     28       1.954    0.248 0.969      0.991 0.992 0.994 1.000 1.000 0.999 0.995 0.813 0.673 0.595 0.541 0.512 0.456 0.415 0.362
     29       1.854    0.262 0.965      0.989 0.990 0.993 1.000 1.000 1.000 0.997 0.822 0.684 0.607 0.553 0.525 0.470 0.429 0.376
     30       1.693    0.289 0.957      0.984 0.985 0.989 0.999 1.000 1.000 0.999 0.838 0.704 0.629 0.577 0.549 0.494 0.454 0.402
     31       1.466    0.340 0.940      0.973 0.975 0.979 0.995 0.997 0.999 1.000 0.866 0.741 0.670 0.619 0.592 0.540 0.501 0.451
     32       0.951    0.765 0.644      0.727 0.733 0.746 0.813 0.822 0.838 0.866 1.000 0.978 0.952 0.929 0.916 0.889 0.867 0.837
     33       1.131    0.883 0.469      0.567 0.573 0.590 0.673 0.684 0.704 0.741 0.978 1.000 0.995 0.986 0.980 0.965 0.952 0.933
     34       1.341    0.926 0.377      0.481 0.488 0.506 0.595 0.607 0.629 0.670 0.952 0.995 1.000 0.998 0.995 0.987 0.978 0.965
     35       1.564    0.949 0.316      0.422 0.429 0.448 0.541 0.553 0.577 0.619 0.929 0.986 0.998 1.000 0.999 0.995 0.990 0.980
     36       1.725    0.959 0.283      0.391 0.398 0.417 0.512 0.525 0.549 0.592 0.916 0.980 0.995 0.999 1.000 0.998 0.994 0.986
     37       2.166    0.975 0.222      0.332 0.339 0.359 0.456 0.470 0.494 0.540 0.889 0.965 0.987 0.995 0.998 1.000 0.999 0.995
     38       2.692    0.984 0.177      0.288 0.296 0.315 0.415 0.429 0.454 0.501 0.867 0.952 0.978 0.990 0.994 0.999 1.000 0.998
     39       3.926    0.993 0.120      0.233 0.241 0.261 0.362 0.376 0.402 0.451 0.837 0.933 0.965 0.980 0.986 0.995 0.998 1.000

  R CORE   ENERGY   A0R/A00=1.000    R3= 0     2  
   2( 1)    0.732                    1.000 0.000
   2( 2)  487.921                    0.000 1.000

  R CORE   ENERGY   A0R/A00=1.000    R3= 0     2  
   3( 1)  488.652                    0.000 1.000

  R CORE   ENERGY   A0R/A00=1.000    R3= 0     2     4  
   4( 1)    2.438                    1.000 0.000 0.000

  R CORE   ENERGY   A0R/A00=1.000    R3= 0     2     4  
   5( 1)  490.847                    0.000 1.000 0.000

  R CORE   ENERGY   A0R/A00=1.000    R3= 0     2     4     6  
   6( 1)    5.121                    1.000 0.000 0.000 0.000

  R CORE   ENERGY   A0R/A00=1.000    R3= 0     2     4     6  
   7( 1)  494.017                    0.000 1.000 0.000 0.000

          AXIAL SYMMETRY => K RESTRICTED TO OMEGA

                     K
     S.P. ORB#: 25  0.50
     S.P. ORB#: 26  2.50
     S.P. ORB#: 27 -3.50
     S.P. ORB#: 28 -3.50
     S.P. ORB#: 29  0.50
     S.P. ORB#: 30 -1.50
     S.P. ORB#: 31  4.50
     S.P. ORB#: 32  0.50
     S.P. ORB#: 33 -1.50
     S.P. ORB#: 34 -1.50
     S.P. ORB#: 35  2.50
     S.P. ORB#: 36  2.50
     S.P. ORB#: 37  0.50
     S.P. ORB#: 38 -3.50
     S.P. ORB#: 39  4.50
 

             ENERGY    K= OMEGA
 
 I=  1/2- (1)  2.458  25:-0.054
                      29:-0.052
                      37:-0.997
 
 I=  1/2- (2)  2.984  29: 0.998
 
 I=  1/2- (3)  5.504  25: 0.998
                      37:-0.056
 
 I=  1/2- (4)  8.389  32:-1.000
 
 I=  1/2- (5)147.435  33: 1.000

             ENERGY    K= OMEGA
 
 I=  3/2- (1)  1.853  25: 0.054
                      29: 0.214
                      30: 0.114
                      34: 0.966
                      37:-0.071
 
 I=  3/2- (2)  2.803  25:-0.113
                      29: 0.093
                      30:-0.936
                      34: 0.118
                      37: 0.299

             ENERGY    K= OMEGA
 
 I=  5/2- (1)  2.030  25: 0.081
                      29:-0.188
                      30:-0.248
                      34: 0.478
                      35: 0.815
                      37:-0.056
 
 I=  5/2- (2)  2.518  29: 0.184
                      30:-0.247
                      34:-0.833
                      35: 0.448
                      37:-0.088
 
 I=  5/2- (3)  2.897  25:-0.207
                      29: 0.410
                      30: 0.569
                      35: 0.316
                      37: 0.604
 
 I=  5/2- (4)  3.406  25:-0.260
                      29: 0.240
                      30: 0.485
                      34: 0.060
                      35: 0.140
                      37:-0.785
 
 I=  5/2- (5)  4.290  25:-0.069
                      29: 0.808
                      30:-0.505
                      34: 0.266
                      35:-0.120

             ENERGY    K= OMEGA
 
 I=  7/2- (1)  2.671  26:-0.067
                      27: 0.068
                      28: 0.386
                      29:-0.196
                      30: 0.247
                      34:-0.472
                      35: 0.721
 
 I=  7/2- (2)  2.700  26: 0.220
                      27:-0.052
                      28:-0.882
                      29:-0.125
                      30: 0.061
                      34:-0.302
                      35: 0.245
 
 I=  7/2- (3)  3.156  25: 0.217
                      28:-0.131
                      29: 0.388
                      30: 0.399
                      34: 0.624
                      35: 0.448
                      37:-0.190
 
 I=  7/2- (4)  3.248  32:-0.740
                      33:-0.570
                      36:-0.332
                      38:-0.130
 
 I=  7/2- (5)  4.234  25:-0.174
                      27: 0.060
                      29: 0.195
                      30:-0.786
                      34: 0.197
                      35: 0.449
                      37: 0.263

             ENERGY    K= OMEGA
 
 I=  9/2- (1)  2.253  26:-0.068
                      27: 0.241
                      28:-0.177
                      31:-0.951
 
 I=  9/2- (2)  3.286  25: 0.255
                      28:-0.060
                      29:-0.374
                      30:-0.479
                      34: 0.420
                      35: 0.596
                      37:-0.168
 
 I=  9/2- (3)  3.593  26:-0.311
                      27:-0.100
                      28:-0.919
                      31: 0.170
                      34:-0.128
 
 I=  9/2- (4)  4.313  32: 0.224
                      33:-0.557
                      36: 0.622
                      38:-0.456
                      39: 0.211
 
 I=  9/2- (5)  4.321  25: 0.235
                      28: 0.091
                      29:-0.142
                      30:-0.482
                      34:-0.654
                      35:-0.231
                      37:-0.446

             ENERGY    K= OMEGA
 
 I= 11/2- (1)  2.228  32:-0.676
                      33:-0.566
                      36:-0.400
                      38:-0.231
                      39:-0.097
 
 I= 11/2- (2)  3.244  26:-0.113
                      27:-0.321
                      28: 0.245
                      31:-0.906
 
 I= 11/2- (3)  4.630  28: 0.090
                      29:-0.306
                      30: 0.333
                      34:-0.554
                      35: 0.690
 
 I= 11/2- (4)  4.704  25:-0.078
                      26: 0.357
                      27:-0.128
                      28:-0.849
                      29:-0.131
                      30:-0.101
                      31:-0.233
                      34:-0.202
                      35:-0.070
                      37: 0.052
 
 I= 11/2- (5)  5.134  25:-0.338
                      26:-0.061
                      28: 0.257
                      29:-0.462
                      30:-0.483
                      31: 0.071
                      34:-0.429
                      35:-0.356
                      37: 0.231

             ENERGY    K= OMEGA
 
 I= 13/2- (1)  4.006  32: 0.193
                      33:-0.501
                      36: 0.610
                      38:-0.511
                      39: 0.281
 
 I= 13/2- (2)  4.454  26:-0.152
                      27: 0.371
                      28:-0.291
                      31:-0.866
                      35:-0.051
 
 I= 13/2- (3)  5.270  25:-0.375
                      28: 0.050
                      29: 0.452
                      30: 0.550
                      31: 0.055
                      34:-0.332
                      35:-0.439
                      37: 0.209
 
 I= 13/2- (4)  6.081  26:-0.396
                      27:-0.160
                      28:-0.841
                      31: 0.288
                      34:-0.143
 
 I= 13/2- (5)  6.929  25:-0.246
                      27:-0.056
                      28:-0.097
                      29: 0.148
                      30: 0.323
                      34: 0.607
                      35: 0.497
                      37: 0.428

             ENERGY     K= 9/2
  32 LEVELS    TIME=  0.0 SEC



 ******************* EXCITATION ENERGIES, DOMINANT CONFIGURATION AND EXPECTATION VALUES (WITH S.P. UU+VV FACTORS) *******************

  NR  Eex(keV)  I   Kdom  NY    <Jz>  <Jx**2> <Jy**2> <Jz**2> <I.j>/|I|  <Rx**2> <Ry**2> <Rz**2> <R.j>/|R|  <HROTx> <HROTy> <HROTz>

   1    0.0   3/2-  -3/2  34   -1.39    1.71    1.71    2.14    1.40       1.93    1.93    0.00   -1.44      0.236   0.236   0.000
   2  176.4   5/2-   5/2  35    1.25    2.11    2.11    4.82    2.34       1.97    1.97    0.00   -1.07      0.240   0.240   0.000
   3  374.8  11/2-   1/2  32    0.00   26.45   26.45    2.68    6.97       4.00    4.00   -0.00   -4.92      0.487   0.487  -0.000
   4  400.3   9/2-   9/2  31    3.77    2.61    2.61   19.46    4.43       2.68    2.68    0.00   -1.14      0.327   0.327   0.000
   5  605.0   1/2-   1/2  37    0.50    1.40    1.40    0.25    0.83       1.18    1.18    0.00   -1.51      0.144   0.144   0.000
  
   6  664.7   5/2-  -3/2  34   -0.60    1.70    1.70    2.98    1.06       4.43    4.43    0.00   -1.09      0.540   0.540   0.000
   7  818.1   7/2-   5/2  35    0.37    2.12    2.12    5.81    2.15       4.35    4.35    0.00   -0.51      0.530   0.530   0.000
   8  846.4   7/2-  -7/2  28   -2.59    2.33    2.33   10.45    3.13       2.99    2.99    0.00   -1.09      0.365   0.365   0.000
   9  950.0   3/2-  -3/2  30   -1.28    4.22    4.22    2.03    1.47       4.27    4.27    0.00   -2.61      0.520   0.520   0.000
  10 1044.0   5/2-   1/2  37    0.05    3.48    3.48    1.50    1.64       3.75    3.75   -0.00   -1.32      0.457   0.457  -0.000
  
  11 1130.8   1/2-   1/2  29    0.50    4.38    4.38    0.25    0.30       4.62    4.62   -0.00   -2.88      0.563   0.563  -0.000
  12 1303.1   7/2-  -3/2  34   -0.26    2.30    2.30    2.76    1.40       6.01    6.01    0.00   -0.52      0.732   0.732   0.000
  13 1390.4  11/2-   9/2  31    3.16    2.89    2.89   18.73    3.99       6.26    6.26    0.00   -0.18      0.763   0.763   0.000
  14 1394.9   7/2-   1/2  32    0.00   26.61   26.61    1.77    6.72       8.71    8.71   -0.00   -6.79      1.062   1.062  -0.000
  15 1432.4   9/2-   5/2  35    0.38    3.38    3.38    3.26    2.26       6.16    6.16    0.00    0.34      0.751   0.751   0.000
  
  16 1552.5   5/2-   1/2  37    0.06    2.28    2.28    0.85    0.66       5.13    5.13    0.00   -1.08      0.625   0.625   0.000
  17 1739.7   9/2-  -7/2  28   -2.64    2.46    2.46   11.71    2.95       6.01    6.01    0.00   -0.56      0.732   0.732   0.000
  18 2152.6  13/2-   5/2  36    0.02   25.41   25.41    7.70    6.49       8.34    8.34    0.00   -3.24      1.016   1.016   0.000
  19 2380.9   7/2-  -3/2  30   -0.43    3.83    3.83    2.82    0.76      10.09   10.09   -0.00   -1.66      1.231   1.231  -0.000
  20 2436.4   5/2-   1/2  29   -0.12    4.32    4.32    0.99   -0.37      10.28   10.28    0.00   -2.36      1.253   1.253   0.000
  
  21 2459.4   9/2-   5/2  36    0.00   25.74   25.74    6.58    6.25      10.30   10.30    0.00   -5.94      1.256   1.256   0.000
  22 2468.0   9/2-  -3/2  34   -0.75    2.43    2.43    2.02    1.08      10.44   10.44    0.00   -0.33      1.273   1.273   0.000
  23 2600.4  13/2-   9/2  31    2.66    3.12    3.12   18.07    3.68      10.80   10.80    0.00    0.31      1.317   1.317   0.000
  24 2776.6  11/2-   5/2  35    0.58    2.41    2.41    4.10    1.62      12.65   12.65    0.00    0.15      1.543   1.543   0.000
  25 2850.4  11/2-  -7/2  28   -2.07    2.58    2.58   11.07    2.61      10.37   10.37    0.00   -0.13      1.264   1.264   0.000
  
  26 3280.9  11/2-  -3/2  30   -0.32    2.92    2.92    2.77    1.54      12.95   12.95    0.00    0.12      1.579   1.579   0.000
  27 3417.0  13/2-  -3/2  30    0.06    4.22    4.22    2.32    2.36      13.30   13.30    0.00    1.10      1.622   1.622   0.000
  28 3650.7   1/2-   1/2  25    0.50    5.76    5.76    0.25    0.69       5.66    5.66   -0.00   -3.32      0.690   0.690  -0.000
  29 4228.0  13/2-  -7/2  28   -1.83    2.65    2.65   11.71    2.45      15.77   15.77    0.00    0.02      1.923   1.923   0.000
  30 5076.3  13/2-  -3/2  34    0.01    2.26    2.26    2.86    0.99      21.12   21.12    0.00   -0.07      2.575   2.575   0.000
  
  31 6536.1   1/2-   1/2  32    0.50   26.65   26.65    0.25   -3.88      30.50   30.50   -0.00   -7.28      3.719   3.719  -0.000
  32*******   1/2-  -3/2  33    0.00    0.00    0.00    0.00   -0.00       0.00    0.00   -0.00   -0.00      0.000   0.000  -0.000
