1SPECTRUM OF (Z= 82 A=207) IN PARTICLE-ROTOR  MODEL WITH MODIFIED OSCILLATOR POTENTIAL


 PARITY=-   EPS= 0.366   GAMMA=  0.0   EPS4=0.000   EPS6=0.000   LEVELS:  25  26  27  28  29  30  31  32  33  34  35  36  37  38  39

 PAIRING FACTORS: GN0= 19.20  GN1=  7.40  IPAIR= 15 ***  E2PLUS(INPUT)=   0.730  E2PLUR(INPUT)=   0.000

 CORIOLIS ATTENUATION PARAMETERS:  CHSI=1.000  ETA=  1.00

 MOMENT OF INERTIA PARAMETERS:   A1=  0.122 MEV   A2=  0.122 MEV   A3=121.91924 MEV


 DELTA=0.879 MEV  LAMBDA=53.4194 MEV   HW0= 7.5342 MEV   LAMBDA/HW0= 7.0903

 E2ENERGY=0.730 MEV  HBAR**2/B=24838./A**(7/3)=4198.8/A**2 MEV

 IREC=0  =>  RECOIL TERMS j+j-, j+j+, jzjz, ETC TREATED AS ONE-BODY OPERATORS WITH UU+VV PAIRING FACTORS



 S. P. LEVEL   EQP       U     V        (UU + VV)**1.00

     25       4.217    0.105 0.994      1.000 0.999 0.997 0.997 0.982 0.948 0.923 0.725 0.714 0.508 0.342 0.313 0.254 0.240 0.219
     26       2.960    0.150 0.989      0.999 1.000 0.999 0.999 0.990 0.962 0.940 0.756 0.746 0.547 0.385 0.357 0.298 0.285 0.263
     27       2.449    0.182 0.983      0.997 0.999 1.000 1.000 0.994 0.970 0.951 0.777 0.767 0.574 0.415 0.387 0.329 0.316 0.295
     28       2.400    0.186 0.982      0.997 0.999 1.000 1.000 0.994 0.971 0.952 0.780 0.770 0.577 0.418 0.391 0.333 0.320 0.299
     29       1.581    0.291 0.957      0.982 0.990 0.994 0.994 1.000 0.991 0.979 0.842 0.834 0.661 0.513 0.487 0.432 0.419 0.399
     30       1.165    0.415 0.910      0.948 0.962 0.970 0.971 0.991 1.000 0.997 0.906 0.899 0.755 0.622 0.598 0.547 0.536 0.517
     31       1.046    0.479 0.878      0.923 0.940 0.951 0.952 0.979 0.997 1.000 0.934 0.928 0.800 0.677 0.654 0.606 0.595 0.577
     32       0.890    0.760 0.649      0.725 0.756 0.777 0.780 0.842 0.906 0.934 1.000 1.000 0.961 0.895 0.881 0.850 0.842 0.830
     33       0.895    0.771 0.637      0.714 0.746 0.767 0.770 0.834 0.899 0.928 1.000 1.000 0.966 0.902 0.888 0.858 0.851 0.839
     34       1.164    0.910 0.415      0.508 0.547 0.574 0.577 0.661 0.755 0.800 0.961 0.966 1.000 0.983 0.977 0.962 0.958 0.952
     35       1.874    0.970 0.242      0.342 0.385 0.415 0.418 0.513 0.622 0.677 0.895 0.902 0.983 1.000 1.000 0.996 0.994 0.992
     36       2.119    0.977 0.212      0.313 0.357 0.387 0.391 0.487 0.598 0.654 0.881 0.888 0.977 1.000 1.000 0.998 0.997 0.995
     37       2.944    0.989 0.151      0.254 0.298 0.329 0.333 0.432 0.547 0.606 0.850 0.858 0.962 0.996 0.998 1.000 1.000 0.999
     38       3.229    0.991 0.137      0.240 0.285 0.316 0.320 0.419 0.536 0.595 0.842 0.851 0.958 0.994 0.997 1.000 1.000 1.000
     39       3.826    0.993 0.116      0.219 0.263 0.295 0.299 0.399 0.517 0.577 0.830 0.839 0.952 0.992 0.995 0.999 1.000 1.000

  R CORE   ENERGY   A0R/A00=1.000    R3= 0     2  
   2( 1)    0.732                    1.000 0.000
   2( 2)  487.921                    0.000 1.000

  R CORE   ENERGY   A0R/A00=1.000    R3= 0     2  
   3( 1)  488.652                    0.000 1.000

  R CORE   ENERGY   A0R/A00=1.000    R3= 0     2     4  
   4( 1)    2.438                    1.000 0.000 0.000

  R CORE   ENERGY   A0R/A00=1.000    R3= 0     2     4  
   5( 1)  490.847                    0.000 1.000 0.000

  R CORE   ENERGY   A0R/A00=1.000    R3= 0     2     4     6  
   6( 1)    5.121                    1.000 0.000 0.000 0.000

  R CORE   ENERGY   A0R/A00=1.000    R3= 0     2     4     6  
   7( 1)  494.017                    0.000 1.000 0.000 0.000

          AXIAL SYMMETRY => K RESTRICTED TO OMEGA

                     K
     S.P. ORB#: 25 -5.50
     S.P. ORB#: 26  2.50
     S.P. ORB#: 27  0.50
     S.P. ORB#: 28 -3.50
     S.P. ORB#: 29 -1.50
     S.P. ORB#: 30  0.50
     S.P. ORB#: 31 -1.50
     S.P. ORB#: 32  2.50
     S.P. ORB#: 33 -3.50
     S.P. ORB#: 34  4.50
     S.P. ORB#: 35  0.50
     S.P. ORB#: 36 -3.50
     S.P. ORB#: 37 -1.50
     S.P. ORB#: 38  2.50
     S.P. ORB#: 39  0.50
 

             ENERGY    K= OMEGA
 
 I=  1/2- (1)  2.446  30:-1.000
 
 I=  1/2- (2)  4.855  27:-0.206
                      35: 0.904
                      39:-0.375
 
 I=  1/2- (3)  7.581  27:-0.459
                      35: 0.249
                      39: 0.853
 
 I=  1/2- (4)  9.183  27: 0.864
                      35: 0.348
                      39: 0.364
 
 I=  1/2- (5)147.349  31: 1.000

             ENERGY    K= OMEGA
 
 I=  3/2- (1)  2.334  30: 0.438
                      31:-0.898
 
 I=  3/2- (2)  2.694  30: 0.854
                      31: 0.425
                      37: 0.300

             ENERGY    K= OMEGA
 
 I=  5/2- (1)  2.775  30: 0.396
                      31: 0.864
                      37:-0.102
                      38:-0.292
 
 I=  5/2- (2)  3.388  26:-0.059
                      30: 0.794
                      31:-0.385
                      37:-0.457
                      38: 0.091
 
 I=  5/2- (3)  3.966  26:-0.081
                      30:-0.260
                      31:-0.211
                      37:-0.429
                      38:-0.835
 
 I=  5/2- (4)  4.516  26:-0.231
                      30:-0.372
                      31: 0.246
                      37:-0.736
                      38: 0.454
 
 I=  5/2- (5)  4.765  26: 0.967
                      30:-0.076
                      37:-0.236
                      38: 0.054

             ENERGY    K= OMEGA
 
 I=  7/2- (1)  1.741  26:-0.171
                      33: 0.984
 
 I=  7/2- (2)  3.346  30: 0.544
                      31:-0.737
                      37: 0.209
                      38:-0.339
 
 I=  7/2- (3)  3.855  27:-0.660
                      29:-0.586
                      32:-0.430
                      36:-0.191
 
 I=  7/2- (4)  4.044  26:-0.072
                      30: 0.708
                      31: 0.527
                      37: 0.403
                      38: 0.231
 
 I=  7/2- (5)  4.274  26:-0.202
                      28:-0.962
                      30:-0.057
                      31: 0.073
                      37: 0.067
                      38:-0.142

             ENERGY    K= OMEGA
 
 I=  9/2- (1)  2.085  26: 0.084
                      28:-0.168
                      33: 0.317
                      34: 0.930
 
 I=  9/2- (2)  2.766  26:-0.231
                      28:-0.095
                      33:-0.913
                      34: 0.316
 
 I=  9/2- (3)  4.288  30:-0.436
                      31:-0.758
                      33: 0.052
                      37: 0.231
                      38: 0.421
 
 I=  9/2- (4)  4.682  27: 0.213
                      29:-0.550
                      32: 0.683
                      36:-0.431
 
 I=  9/2- (5)  5.246  26:-0.123
                      28: 0.102
                      30: 0.657
                      31:-0.460
                      33: 0.055
                      37:-0.551
                      38: 0.154

             ENERGY    K= OMEGA
 
 I= 11/2- (1)  3.208  26:-0.137
                      28:-0.227
                      33: 0.413
                      34:-0.871
 
 I= 11/2- (2)  3.250  27: 0.641
                      29: 0.583
                      32: 0.439
                      35: 0.076
                      36: 0.225
 
 I= 11/2- (3)  4.019  26: 0.269
                      28:-0.142
                      31:-0.056
                      33:-0.855
                      34:-0.411
                      38:-0.066
 
 I= 11/2- (4)  5.287  30: 0.557
                      31:-0.662
                      33: 0.065
                      37: 0.294
                      38:-0.399
 
 I= 11/2- (5)  5.560  25: 0.999

             ENERGY    K= OMEGA
 
 I= 13/2- (1)  4.557  26: 0.182
                      28:-0.267
                      33: 0.468
                      34: 0.822
 
 I= 13/2- (2)  5.175  27:-0.215
                      29: 0.551
                      32:-0.674
                      36: 0.442
 
 I= 13/2- (3)  5.504  26:-0.295
                      28:-0.182
                      31:-0.077
                      33:-0.805
                      34: 0.466
                      38: 0.085
 
 I= 13/2- (4)  6.749  30:-0.445
                      31:-0.696
                      33: 0.089
                      34:-0.052
                      37: 0.299
                      38: 0.463
 
 I= 13/2- (5)  7.147  25: 0.999

             ENERGY     K= 1/2
  32 LEVELS    TIME=  0.0 SEC



 ******************* EXCITATION ENERGIES, DOMINANT CONFIGURATION AND EXPECTATION VALUES (WITH S.P. UU+VV FACTORS) *******************

  NR  Eex(keV)  I   Kdom  NY    <Jz>  <Jx**2> <Jy**2> <Jz**2> <I.j>/|I|  <Rx**2> <Ry**2> <Rz**2> <R.j>/|R|  <HROTx> <HROTy> <HROTz>

   1    0.0   7/2-  -7/2  33   -3.32    2.31    2.31   12.07    3.28       3.21    3.21   -0.00   -1.45      0.391   0.391  -0.000
   2  343.2   9/2-   9/2  34    3.46    2.51    2.51   19.12    4.17       3.69    3.69   -0.00   -1.25      0.450   0.450  -0.000
   3  592.3   3/2-  -3/2  31   -1.12    4.88    4.88    1.87    1.29       5.18    5.18    0.00   -2.83      0.632   0.632   0.000
   4  704.3   1/2-   1/2  30    0.50    4.85    4.85    0.25    0.11       5.25    5.25   -0.00   -3.04      0.641   0.641  -0.000
   5  952.9   3/2-   1/2  30   -0.04    4.48    4.48    0.79    0.54       5.71    5.71    0.00   -2.58      0.696   0.696   0.000
  
   6 1024.4   9/2-  -7/2  33   -2.37    2.38    2.38   12.70    2.83       7.03    7.03    0.00   -0.90      0.858   0.858   0.000
   7 1033.2   5/2-  -3/2  31   -0.84    4.64    4.64    2.28    1.35       6.16    6.16    0.00   -2.16      0.751   0.751   0.000
   8 1466.8  11/2-   9/2  34    2.68    2.69    2.69   18.21    3.60       8.16    8.16   -0.00   -0.51      0.995   0.995  -0.001
   9 1508.8  11/2-   1/2  27    0.00   23.60   23.60    2.70    6.19       5.81    5.81    0.00   -3.78      0.708   0.708   0.000
  10 1604.2   7/2-  -3/2  31   -0.45    4.49    4.49    2.14    1.39       7.91    7.91   -0.00   -1.41      0.965   0.965  -0.000
  
  11 1647.1   5/2-   1/2  30   -0.19    4.06    4.06    1.03    0.47       7.57    7.57    0.00   -2.00      0.924   0.924   0.000
  12 2114.0   7/2-   1/2  27    0.04   23.15   23.15    2.48    6.06       8.22    8.22   -0.00   -6.10      1.002   1.002  -0.000
  13 2224.9   5/2-   5/2  38    1.45    2.11    2.11    4.93    1.60       4.22    4.22    0.00   -1.52      0.514   0.514   0.000
  14 2277.9  11/2-  -7/2  33   -1.68    2.46    2.46   13.12    2.52      11.84   11.84   -0.00   -0.61      1.444   1.444  -0.000
  15 2302.9   7/2-   1/2  30   -0.27    4.04    4.04    1.49    0.60      10.27   10.27    0.00   -1.58      1.252   1.252   0.000
  
  16 2532.6   7/2-  -7/2  28   -3.10    6.09    6.09   11.75    3.09       7.56    7.56    0.00   -2.99      0.922   0.922   0.000
  17 2546.2   9/2-  -3/2  31   -0.42    4.29    4.29    2.63    1.36      11.19   11.19   -0.00   -0.93      1.364   1.364  -0.000
  18 2774.8   5/2-  -3/2  37   -0.18    2.78    2.78    3.01    0.33       7.69    7.69    0.00   -1.94      0.937   0.937   0.000
  19 2815.4  13/2-   9/2  34    2.10    2.85    2.85   17.47    3.21      13.53   13.53   -0.00   -0.14      1.650   1.650  -0.000
  20 2940.8   9/2-   5/2  32    0.08   24.03   24.03    5.88    5.20      13.46   13.46    0.00   -5.41      1.641   1.641   0.000
  
  21 3023.8   5/2-   5/2  26    2.27    5.79    5.79    5.99    1.93       7.45    7.45    0.00   -3.07      0.908   0.908   0.000
  22 3113.9   1/2-   1/2  35    0.50   11.23   11.23    0.25    0.84      11.00   11.00    0.00   -4.69      1.341   1.341   0.000
  23 3433.7  13/2-   5/2  32    0.02   24.04   24.04    5.93    5.15      15.43   15.43    0.00   -3.25      1.881   1.881   0.000
  24 3505.0   9/2-   1/2  30   -0.51    3.68    3.68    1.68    0.53      14.26   14.26    0.00   -1.20      1.739   1.739   0.000
  25 3545.7  11/2-  -3/2  31   -0.25    4.25    4.25    2.34    1.36      15.14   15.14   -0.00   -0.49      1.846   1.846  -0.000
  
  26 3762.6  13/2-  -7/2  33   -1.19    2.55    2.55   13.37    2.29      17.64   17.64   -0.00   -0.42      2.150   2.150  -0.000
  27 3819.0  11/2- -11/2  25   -5.49    2.75    2.75   30.23    5.05       5.52    5.52    0.00   -1.66      0.673   0.673   0.000
  28 5008.1  13/2-  -3/2  31   -0.25    4.07    4.07    2.86    1.32      20.66   20.66   -0.00   -0.28      2.519   2.519  -0.000
  29 5405.8  13/2- -11/2  25   -5.48    2.75    2.75   30.21    4.32      12.04   12.04    0.00   -1.13      1.469   1.469   0.000
  30 5839.3   1/2-   1/2  39    0.50   16.05   16.05    0.25   -0.61      17.09   17.09    0.00   -5.63      2.083   2.083   0.000
  
  31 7441.4   1/2-   1/2  27    0.50   23.76   23.76    0.25   -3.35      27.15   27.15    0.00   -6.87      3.310   3.310   0.000
  32*******   1/2-  -3/2  31    0.00    0.00    0.00    0.00    0.00       0.00    0.00   -0.00   -0.00      0.000   0.000  -0.000
