1SPECTRUM OF (Z= 82 A=207) IN PARTICLE-ROTOR  MODEL WITH MODIFIED OSCILLATOR POTENTIAL


 PARITY=-   EPS= 0.284   GAMMA=  0.0   EPS4=0.000   EPS6=0.000   LEVELS:  24  25  26  27  28  29  30  31  32  33  34  35  36  37  38

 PAIRING FACTORS: GN0= 19.20  GN1=  7.40  IPAIR= 15 ***  E2PLUS(INPUT)=   0.730  E2PLUR(INPUT)=   0.000

 CORIOLIS ATTENUATION PARAMETERS:  CHSI=1.000  ETA=  1.00

 MOMENT OF INERTIA PARAMETERS:   A1=  0.122 MEV   A2=  0.122 MEV   A3=121.91923 MEV


 DELTA=0.951 MEV  LAMBDA=53.3036 MEV   HW0= 7.4829 MEV   LAMBDA/HW0= 7.1234

 E2ENERGY=0.730 MEV  HBAR**2/B=14955./A**(7/3)=2528.1/A**2 MEV

 IREC=0  =>  RECOIL TERMS j+j-, j+j+, jzjz, ETC TREATED AS ONE-BODY OPERATORS WITH UU+VV PAIRING FACTORS



 S. P. LEVEL   EQP       U     V        (UU + VV)**1.00

     24       5.054    0.094 0.996      1.000 1.000 0.999 0.998 0.975 0.965 0.964 0.897 0.886 0.710 0.423 0.356 0.322 0.277 0.268
     25       4.114    0.116 0.993      1.000 1.000 1.000 0.999 0.979 0.970 0.970 0.907 0.896 0.725 0.443 0.376 0.343 0.298 0.289
     26       3.526    0.136 0.991      0.999 1.000 1.000 1.000 0.983 0.975 0.974 0.915 0.905 0.739 0.461 0.395 0.362 0.317 0.308
     27       2.974    0.162 0.987      0.998 0.999 1.000 1.000 0.988 0.981 0.980 0.925 0.916 0.756 0.484 0.419 0.386 0.341 0.333
     28       1.591    0.315 0.949      0.975 0.979 0.983 0.988 1.000 0.999 0.999 0.973 0.967 0.850 0.615 0.556 0.526 0.485 0.477
     29       1.441    0.353 0.936      0.965 0.970 0.975 0.981 0.999 1.000 1.000 0.982 0.977 0.870 0.646 0.589 0.560 0.519 0.511
     30       1.432    0.355 0.935      0.964 0.970 0.974 0.980 0.999 1.000 1.000 0.982 0.977 0.871 0.648 0.591 0.562 0.522 0.514
     31       1.065    0.524 0.852      0.897 0.907 0.915 0.925 0.973 0.982 0.982 1.000 1.000 0.948 0.780 0.732 0.707 0.672 0.665
     32       1.041    0.545 0.839      0.886 0.896 0.905 0.916 0.967 0.977 0.977 1.000 1.000 0.955 0.795 0.748 0.724 0.690 0.683
     33       0.967    0.768 0.640      0.710 0.725 0.739 0.756 0.850 0.870 0.871 0.948 0.955 1.000 0.939 0.911 0.895 0.873 0.869
     34       1.502    0.942 0.336      0.423 0.443 0.461 0.484 0.615 0.646 0.648 0.780 0.795 0.939 1.000 0.997 0.994 0.988 0.986
     35       1.853    0.964 0.266      0.356 0.376 0.395 0.419 0.556 0.589 0.591 0.732 0.748 0.911 0.997 1.000 0.999 0.997 0.996
     36       2.112    0.973 0.231      0.322 0.343 0.362 0.386 0.526 0.560 0.562 0.707 0.724 0.895 0.994 0.999 1.000 0.999 0.998
     37       2.620    0.983 0.185      0.277 0.298 0.317 0.341 0.485 0.519 0.522 0.672 0.690 0.873 0.988 0.997 0.999 1.000 1.000
     38       2.750    0.984 0.176      0.268 0.289 0.308 0.333 0.477 0.511 0.514 0.665 0.683 0.869 0.986 0.996 0.998 1.000 1.000

  R CORE   ENERGY   A0R/A00=1.000    R3= 0     2  
   2( 1)    0.732                    1.000 0.000
   2( 2)  487.921                    0.000 1.000

  R CORE   ENERGY   A0R/A00=1.000    R3= 0     2  
   3( 1)  488.652                    0.000 1.000

  R CORE   ENERGY   A0R/A00=1.000    R3= 0     2     4  
   4( 1)    2.438                    1.000 0.000 0.000

  R CORE   ENERGY   A0R/A00=1.000    R3= 0     2     4  
   5( 1)  490.847                    0.000 1.000 0.000

  R CORE   ENERGY   A0R/A00=1.000    R3= 0     2     4     6  
   6( 1)    5.121                    1.000 0.000 0.000 0.000

  R CORE   ENERGY   A0R/A00=1.000    R3= 0     2     4     6  
   7( 1)  494.017                    0.000 1.000 0.000 0.000

          AXIAL SYMMETRY => K RESTRICTED TO OMEGA

                     K
     S.P. ORB#: 24  2.50
     S.P. ORB#: 25  0.50
     S.P. ORB#: 26  2.50
     S.P. ORB#: 27 -3.50
     S.P. ORB#: 28  0.50
     S.P. ORB#: 29 -1.50
     S.P. ORB#: 30 -3.50
     S.P. ORB#: 31  4.50
     S.P. ORB#: 32  0.50
     S.P. ORB#: 33 -1.50
     S.P. ORB#: 34  2.50
     S.P. ORB#: 35 -1.50
     S.P. ORB#: 36  2.50
     S.P. ORB#: 37 -3.50
     S.P. ORB#: 38  0.50
 

             ENERGY    K= OMEGA
 
 I=  1/2- (1)  2.764  28:-0.992
                      38:-0.120
 
 I=  1/2- (2)  3.068  25:-0.066
                      28: 0.117
                      38:-0.991
 
 I=  1/2- (3)  5.581  25: 0.997
                      38:-0.062
 
 I=  1/2- (4)  8.122  32:-1.000
 
 I=  1/2- (5)147.270  33: 1.000

             ENERGY    K= OMEGA
 
 I=  3/2- (1)  2.303  25: 0.110
                      28: 0.386
                      29: 0.249
                      35: 0.875
                      38:-0.108
 
 I=  3/2- (2)  2.622  25:-0.069
                      28: 0.315
                      29:-0.934
                      35: 0.143
                      38: 0.057

             ENERGY    K= OMEGA
 
 I=  5/2- (1)  2.416  25: 0.187
                      28:-0.349
                      29:-0.553
                      35: 0.341
                      36: 0.636
                      38:-0.129
 
 I=  5/2- (2)  2.909  24:-0.058
                      25: 0.135
                      26:-0.060
                      29:-0.556
                      35:-0.781
                      36:-0.135
                      38:-0.191
 
 I=  5/2- (3)  3.040  25:-0.163
                      28: 0.493
                      29: 0.224
                      35:-0.343
                      36: 0.731
                      38: 0.162
 
 I=  5/2- (4)  3.886  25: 0.149
                      28: 0.090
                      29:-0.315
                      35: 0.050
                      36:-0.110
                      38: 0.924
 
 I=  5/2- (5)  4.150  24:-0.055
                      25:-0.104
                      28: 0.760
                      29:-0.413
                      35: 0.388
                      36:-0.171
                      38:-0.242

             ENERGY    K= OMEGA
 
 I=  7/2- (1)  2.188  26:-0.216
                      27: 0.078
                      30: 0.971
 
 I=  7/2- (2)  3.093  24: 0.054
                      27:-0.080
                      28: 0.285
                      29:-0.483
                      35: 0.435
                      36:-0.695
 
 I=  7/2- (3)  3.222  32:-0.736
                      33:-0.573
                      34:-0.335
                      37:-0.132
 
 I=  7/2- (4)  3.327  24:-0.071
                      25: 0.290
                      27: 0.053
                      28: 0.530
                      29: 0.492
                      30:-0.059
                      35: 0.550
                      36: 0.188
                      38:-0.205
 
 I=  7/2- (5)  4.158  24:-0.147
                      27: 0.133
                      28:-0.523
                      29: 0.589
                      35: 0.135
                      36:-0.566

             ENERGY    K= OMEGA
 
 I=  9/2- (1)  1.864  24: 0.059
                      26:-0.059
                      27: 0.251
                      30:-0.169
                      31:-0.949
 
 I=  9/2- (2)  3.078  24: 0.075
                      25:-0.059
                      26: 0.290
                      27: 0.129
                      28: 0.062
                      29: 0.139
                      30: 0.915
                      31:-0.138
                      36:-0.099
 
 I=  9/2- (3)  3.414  24:-0.083
                      25: 0.328
                      26: 0.058
                      28:-0.440
                      29:-0.616
                      30: 0.178
                      31:-0.079
                      35: 0.269
                      36: 0.402
                      38:-0.184
 
 I=  9/2- (4)  4.464  32: 0.244
                      33:-0.606
                      34: 0.646
                      37:-0.394
 
 I=  9/2- (5)  4.629  24: 0.096
                      25:-0.175
                      26: 0.060
                      29: 0.394
                      30:-0.062
                      35: 0.731
                      36: 0.440
                      38: 0.260

             ENERGY    K= OMEGA
 
 I= 11/2- (1)  2.414  32:-0.695
                      33:-0.574
                      34:-0.389
                      37:-0.191
 
 I= 11/2- (2)  2.838  24: 0.103
                      26:-0.096
                      27:-0.351
                      30: 0.222
                      31:-0.898
 
 I= 11/2- (3)  4.189  24: 0.105
                      26: 0.342
                      27:-0.169
                      29:-0.139
                      30:-0.884
                      31:-0.168
                      36:-0.101
 
 I= 11/2- (4)  4.949  24:-0.124
                      25: 0.122
                      26: 0.070
                      27: 0.100
                      28:-0.213
                      29: 0.606
                      30:-0.133
                      31:-0.140
                      35:-0.346
                      36: 0.618
 
 I= 11/2- (5)  5.146  24: 0.078
                      25:-0.356
                      28:-0.631
                      29:-0.361
                      30: 0.125
                      31: 0.059
                      35:-0.521
                      38: 0.217

             ENERGY    K= OMEGA
 
 I= 13/2- (1)  4.006  24: 0.149
                      26:-0.123
                      27: 0.421
                      29: 0.071
                      30:-0.244
                      31:-0.846
 
 I= 13/2- (2)  4.642  32: 0.230
                      33:-0.585
                      34: 0.654
                      37:-0.421
 
 I= 13/2- (3)  5.215  24:-0.140
                      25: 0.379
                      26:-0.145
                      27:-0.096
                      28:-0.421
                      29:-0.593
                      30:-0.330
                      31:-0.060
                      35: 0.182
                      36: 0.314
                      38:-0.185
 
 I= 13/2- (4)  5.600  24:-0.066
                      25:-0.156
                      26:-0.356
                      27:-0.163
                      28: 0.208
                      29: 0.186
                      30:-0.805
                      31: 0.231
                      35:-0.159
                      36:-0.089
                      38: 0.076
 
 I= 13/2- (5)  7.325  24:-0.094
                      25: 0.180
                      29:-0.293
                      30: 0.089
                      35:-0.718
                      36:-0.513
                      38:-0.290

             ENERGY     K= 1/2
  32 LEVELS    TIME=  0.0 SEC



 ******************* EXCITATION ENERGIES, DOMINANT CONFIGURATION AND EXPECTATION VALUES (WITH S.P. UU+VV FACTORS) *******************

  NR  Eex(keV)  I   Kdom  NY    <Jz>  <Jx**2> <Jy**2> <Jz**2> <I.j>/|I|  <Rx**2> <Ry**2> <Rz**2> <R.j>/|R|  <HROTx> <HROTy> <HROTz>

   1    0.0   9/2-   9/2  31    3.75    2.66    2.66   19.41    4.44       2.64    2.64    0.00   -1.14      0.322   0.322   0.000
   2  324.4   7/2-  -7/2  30   -3.20    2.29    2.29   11.94    3.40       2.64    2.64    0.00   -1.31      0.321   0.321   0.000
   3  439.8   3/2-  -3/2  35   -1.15    2.09    2.09    1.90    1.53       1.95    1.95   -0.00   -1.58      0.238   0.238  -0.000
   4  550.5  11/2-   1/2  32   -0.00   25.53   25.53    2.25    6.58       5.21    5.21   -0.00   -4.33      0.635   0.635  -0.000
   5  552.4   5/2-   5/2  36    0.47    3.40    3.40    3.52    2.50       2.13    2.13    0.00   -1.41      0.260   0.260   0.000
  
   6  758.3   3/2-  -3/2  29   -1.29    4.60    4.60    2.04    1.45       4.68    4.68    0.00   -2.75      0.571   0.571   0.000
   7  900.3   1/2-   1/2  28    0.50    4.58    4.58    0.25    0.40       4.73    4.73   -0.00   -2.95      0.577   0.577  -0.000
   8  974.7  11/2-   9/2  31    3.07    3.04    3.04   18.56    4.05       5.96    5.96    0.00   -0.12      0.727   0.727   0.000
   9 1045.8   5/2-  -3/2  35   -1.29    2.30    2.30    2.24    1.13       4.46    4.46   -0.00   -1.18      0.544   0.544  -0.000
  10 1176.1   5/2-   5/2  36    1.24    2.89    2.89    3.80    1.65       4.28    4.28    0.00   -1.60      0.522   0.522   0.000
  
  11 1204.4   1/2-   1/2  38    0.50    1.44    1.44    0.25    0.68       1.35    1.35   -0.00   -1.54      0.164   0.164  -0.000
  12 1214.1   9/2-  -7/2  30   -2.68    2.45    2.45   11.51    2.97       5.79    5.79    0.00   -0.48      0.706   0.706   0.000
  13 1229.8   7/2-   5/2  36    0.60    2.91    2.91    4.11    1.98       4.97    4.97    0.00   -0.65      0.606   0.606   0.000
  14 1358.1   7/2-   1/2  32   -0.00   25.54   25.54    1.79    6.45       8.72    8.72   -0.00   -6.53      1.063   1.063  -0.000
  15 1463.8   7/2-  -3/2  35   -0.53    3.14    3.14    1.67    1.55       5.71    5.71    0.00   -0.53      0.696   0.696   0.000
  
  16 1550.6   9/2-  -3/2  29   -0.17    4.43    4.43    2.72    2.46       5.91    5.91    0.00    0.20      0.720   0.720   0.000
  17 2022.5   5/2-   1/2  38    0.32    1.79    1.79    0.54    0.44       5.13    5.13    0.00   -0.88      0.626   0.626   0.000
  18 2142.2  13/2-   9/2  31    2.48    3.43    3.43   17.66    3.81      10.03   10.03    0.00    0.47      1.223   1.223   0.000
  19 2286.5   5/2-   1/2  28   -0.08    4.00    4.00    1.09   -0.34       9.94    9.94    0.00   -2.27      1.212   1.212   0.000
  20 2294.5   7/2-  -3/2  29    0.38    3.49    3.49    3.26    0.85       9.62    9.62    0.00   -1.57      1.173   1.173   0.000
  
  21 2325.2  11/2-  -7/2  30   -2.39    2.53    2.53   11.40    2.70       9.94    9.94    0.00   -0.07      1.211   1.211   0.000
  22 2600.1   9/2-   5/2  34   -0.02   25.47   25.47    5.36    5.66      12.35   12.35   -0.00   -5.66      1.506   1.506  -0.000
  23 2765.5   9/2-  -3/2  35   -0.48    2.10    2.10    2.93    1.04      10.77   10.77    0.00   -0.42      1.313   1.313   0.000
  24 2778.5  13/2-   5/2  34   -0.04   25.42   25.42    5.63    5.69      12.91   12.91   -0.00   -3.30      1.574   1.574  -0.000
  25 3085.4  11/2-   5/2  36    0.30    3.50    3.50    4.36    1.83      12.63   12.63    0.00   -0.09      1.539   1.539   0.000
  
  26 3282.4  11/2-   1/2  28   -0.34    3.31    3.31    1.36    1.52      12.76   12.76   -0.00    0.22      1.556   1.556  -0.000
  27 3351.6  13/2-  -3/2  29   -0.45    4.54    4.54    3.34    2.55      12.77   12.77    0.00    1.07      1.557   1.557   0.000
  28 3717.3   1/2-   1/2  25    0.50    6.15    6.15    0.25    0.68       6.06    6.06    0.00   -3.43      0.738   0.738   0.000
  29 3736.0  13/2-  -7/2  30   -1.82    2.89    2.89   10.36    2.43      15.45   15.45    0.00    0.15      1.884   1.884   0.000
  30 5461.1  13/2-  -3/2  35   -0.18    1.97    1.97    3.21    0.91      21.58   21.58   -0.00   -0.12      2.631   2.631  -0.000
  
  31 6258.9   1/2-   1/2  32    0.50   25.30   25.30    0.25   -3.74      29.04   29.04   -0.00   -7.10      3.541   3.541  -0.000
  32*******   1/2-  -3/2  33    0.00    0.00    0.00    0.00   -0.00       0.00    0.00    0.00   -0.00      0.000   0.000   0.000
