1SPECTRUM OF (Z= 82 A=207) IN PARTICLE-ROTOR  MODEL WITH MODIFIED OSCILLATOR POTENTIAL


 PARITY=-   EPS= 0.324   GAMMA=  0.0   EPS4=0.000   EPS6=0.000   LEVELS:  25  26  27  28  29  30  31  32  33  34  35  36  37  38  39

 PAIRING FACTORS: GN0= 19.20  GN1=  7.40  IPAIR= 15 ***  E2PLUS(INPUT)=   0.730  E2PLUR(INPUT)=   0.000

 CORIOLIS ATTENUATION PARAMETERS:  CHSI=1.000  ETA=  1.00

 MOMENT OF INERTIA PARAMETERS:   A1=  0.122 MEV   A2=  0.122 MEV   A3=121.91922 MEV


 DELTA=0.928 MEV  LAMBDA=53.3098 MEV   HW0= 7.5059 MEV   LAMBDA/HW0= 7.1023

 E2ENERGY=0.730 MEV  HBAR**2/B=19465./A**(7/3)=3290.4/A**2 MEV

 IREC=0  =>  RECOIL TERMS j+j-, j+j+, jzjz, ETC TREATED AS ONE-BODY OPERATORS WITH UU+VV PAIRING FACTORS



 S. P. LEVEL   EQP       U     V        (UU + VV)**1.00

     25       4.162    0.112 0.994      1.000 0.999 0.998 0.979 0.966 0.950 0.910 0.898 0.726 0.540 0.306 0.304 0.285 0.279 0.251
     26       3.221    0.146 0.989      0.999 1.000 0.999 0.985 0.974 0.960 0.923 0.913 0.748 0.568 0.337 0.336 0.317 0.311 0.283
     27       2.664    0.177 0.984      0.998 0.999 1.000 0.990 0.981 0.968 0.935 0.925 0.769 0.594 0.367 0.366 0.347 0.341 0.313
     28       1.565    0.312 0.950      0.979 0.985 0.990 1.000 0.998 0.994 0.975 0.969 0.851 0.700 0.493 0.492 0.474 0.468 0.442
     29       1.360    0.367 0.930      0.966 0.974 0.981 0.998 1.000 0.999 0.986 0.982 0.880 0.740 0.543 0.542 0.524 0.519 0.494
     30       1.224    0.417 0.909      0.950 0.960 0.968 0.994 0.999 1.000 0.994 0.991 0.904 0.776 0.588 0.587 0.570 0.565 0.540
     31       1.051    0.515 0.857      0.910 0.923 0.935 0.975 0.986 0.994 1.000 1.000 0.946 0.841 0.674 0.673 0.658 0.653 0.630
     32       1.024    0.537 0.843      0.898 0.913 0.925 0.969 0.982 0.991 1.000 1.000 0.954 0.855 0.693 0.692 0.677 0.672 0.650
     33       0.942    0.765 0.644      0.726 0.748 0.769 0.851 0.880 0.904 0.946 0.954 1.000 0.971 0.877 0.876 0.866 0.863 0.848
     34       1.170    0.897 0.442      0.540 0.568 0.594 0.700 0.740 0.776 0.841 0.855 0.971 1.000 0.966 0.966 0.961 0.959 0.950
     35       2.405    0.980 0.197      0.306 0.337 0.367 0.493 0.543 0.588 0.674 0.693 0.877 0.966 1.000 1.000 1.000 1.000 0.998
     36       2.418    0.981 0.196      0.304 0.336 0.366 0.492 0.542 0.587 0.673 0.692 0.876 0.966 1.000 1.000 1.000 1.000 0.998
     37       2.681    0.984 0.176      0.285 0.317 0.347 0.474 0.524 0.570 0.658 0.677 0.866 0.961 1.000 1.000 1.000 1.000 0.999
     38       2.783    0.986 0.169      0.279 0.311 0.341 0.468 0.519 0.565 0.653 0.672 0.863 0.959 1.000 1.000 1.000 1.000 1.000
     39       3.335    0.990 0.141      0.251 0.283 0.313 0.442 0.494 0.540 0.630 0.650 0.848 0.950 0.998 0.998 0.999 1.000 1.000

  R CORE   ENERGY   A0R/A00=1.000    R3= 0     2  
   2( 1)    0.732                    1.000 0.000
   2( 2)  487.921                    0.000 1.000

  R CORE   ENERGY   A0R/A00=1.000    R3= 0     2  
   3( 1)  488.652                    0.000 1.000

  R CORE   ENERGY   A0R/A00=1.000    R3= 0     2     4  
   4( 1)    2.438                    1.000 0.000 0.000

  R CORE   ENERGY   A0R/A00=1.000    R3= 0     2     4  
   5( 1)  490.847                    0.000 1.000 0.000

  R CORE   ENERGY   A0R/A00=1.000    R3= 0     2     4     6  
   6( 1)    5.121                    1.000 0.000 0.000 0.000

  R CORE   ENERGY   A0R/A00=1.000    R3= 0     2     4     6  
   7( 1)  494.017                    0.000 1.000 0.000 0.000

          AXIAL SYMMETRY => K RESTRICTED TO OMEGA

                     K
     S.P. ORB#: 25  0.50
     S.P. ORB#: 26  2.50
     S.P. ORB#: 27 -3.50
     S.P. ORB#: 28  0.50
     S.P. ORB#: 29  0.50
     S.P. ORB#: 30 -1.50
     S.P. ORB#: 31 -1.50
     S.P. ORB#: 32 -3.50
     S.P. ORB#: 33  4.50
     S.P. ORB#: 34  2.50
     S.P. ORB#: 35 -1.50
     S.P. ORB#: 36 -3.50
     S.P. ORB#: 37  2.50
     S.P. ORB#: 38  0.50
     S.P. ORB#: 39  0.50
 

             ENERGY    K= OMEGA
 
 I=  1/2- (1)  2.585  29:-0.998
 
 I=  1/2- (2)  3.672  25:-0.071
                      39:-0.997
 
 I=  1/2- (3)  5.723  25: 0.997
                      39:-0.069
 
 I=  1/2- (4)  6.040  28: 0.444
                      38: 0.896
 
 I=  1/2- (5)  8.758  28:-0.896
                      38: 0.444

             ENERGY    K= OMEGA
 
 I=  3/2- (1)  2.440  25:-0.128
                      30:-0.973
                      35:-0.168
                      39: 0.086
 
 I=  3/2- (2)  2.539  25: 0.159
                      29: 0.864
                      30:-0.089
                      35: 0.455
                      39:-0.114

             ENERGY    K= OMEGA
 
 I=  5/2- (1)  2.489  25:-0.252
                      29: 0.451
                      30: 0.760
                      35:-0.148
                      37:-0.331
                      39: 0.151
 
 I=  5/2- (2)  3.278  26:-0.066
                      29: 0.477
                      30:-0.435
                      35:-0.757
                      39:-0.054
 
 I=  5/2- (3)  3.415  25:-0.126
                      29: 0.424
                      30: 0.090
                      35: 0.153
                      37: 0.870
                      39: 0.127
 
 I=  5/2- (4)  4.181  29: 0.547
                      30:-0.416
                      35: 0.584
                      37:-0.361
                      39: 0.233
 
 I=  5/2- (5)  4.516  25:-0.166
                      29: 0.213
                      35: 0.180
                      39:-0.944

             ENERGY    K= OMEGA
 
 I=  7/2- (1)  1.816  26:-0.198
                      27: 0.052
                      32: 0.978
 
 I=  7/2- (2)  3.305  25:-0.173
                      29: 0.118
                      30:-0.814
                      35: 0.124
                      37:-0.517
                      39: 0.090
 
 I=  7/2- (3)  3.412  25:-0.275
                      29:-0.787
                      30:-0.165
                      35:-0.488
                      37: 0.086
                      39: 0.174
 
 I=  7/2- (4)  3.432  28: 0.722
                      31: 0.580
                      34: 0.349
                      36: 0.145
 
 I=  7/2- (5)  4.356  26: 0.150
                      27: 0.449
                      29: 0.384
                      30:-0.392
                      35:-0.356
                      37: 0.589

             ENERGY    K= OMEGA
 
 I=  9/2- (1)  1.821  26:-0.071
                      27: 0.199
                      32:-0.223
                      33:-0.952
 
 I=  9/2- (2)  2.762  26: 0.272
                      27: 0.090
                      30: 0.052
                      32: 0.929
                      33:-0.219
 
 I=  9/2- (3)  3.473  25:-0.360
                      29: 0.489
                      30: 0.680
                      32:-0.065
                      35:-0.187
                      37:-0.308
                      39: 0.184
 
 I=  9/2- (4)  4.584  28: 0.232
                      31:-0.581
                      34: 0.658
                      36:-0.419
 
 I=  9/2- (5)  5.082  25:-0.077
                      26: 0.118
                      27:-0.111
                      29:-0.305
                      30: 0.434
                      32:-0.052
                      35: 0.791
                      37: 0.179
                      39: 0.158

             ENERGY    K= OMEGA
 
 I= 11/2- (1)  2.752  28: 0.685
                      31: 0.579
                      34: 0.391
                      36: 0.199
                      38:-0.055
 
 I= 11/2- (2)  2.899  26:-0.121
                      27:-0.270
                      32: 0.309
                      33:-0.904
 
 I= 11/2- (3)  3.940  26: 0.319
                      27:-0.129
                      30:-0.062
                      32:-0.883
                      33:-0.307
                      37:-0.061
 
 I= 11/2- (4)  5.144  25:-0.360
                      29:-0.313
                      30:-0.748
                      32: 0.091
                      35:-0.092
                      37:-0.401
                      39: 0.186
 
 I= 11/2- (5)  5.247  25: 0.167
                      29: 0.716
                      30:-0.273
                      35: 0.491
                      37:-0.359
                      39:-0.109

             ENERGY    K= OMEGA
 
 I= 13/2- (1)  4.196  26:-0.165
                      27: 0.315
                      32:-0.367
                      33:-0.859
 
 I= 13/2- (2)  4.943  28: 0.222
                      31:-0.563
                      34: 0.661
                      36:-0.442
 
 I= 13/2- (3)  5.282  25:-0.308
                      26: 0.245
                      27: 0.124
                      29: 0.348
                      30: 0.483
                      32: 0.572
                      33:-0.250
                      35:-0.108
                      37:-0.233
                      39: 0.143
 
 I= 13/2- (4)  5.428  25:-0.298
                      26:-0.250
                      27:-0.109
                      29: 0.360
                      30: 0.428
                      32:-0.620
                      33: 0.270
                      35:-0.155
                      37:-0.158
                      39: 0.137
 
 I= 13/2- (5)  7.829  25:-0.142
                      26: 0.125
                      27:-0.135
                      29:-0.122
                      30: 0.321
                      32:-0.075
                      33:-0.062
                      35: 0.764
                      37: 0.413
                      39: 0.251

             ENERGY     K= 1/2
  32 LEVELS    TIME=  0.0 SEC



 ******************* EXCITATION ENERGIES, DOMINANT CONFIGURATION AND EXPECTATION VALUES (WITH S.P. UU+VV FACTORS) *******************

  NR  Eex(keV)  I   Kdom  NY    <Jz>  <Jx**2> <Jy**2> <Jz**2> <I.j>/|I|  <Rx**2> <Ry**2> <Rz**2> <R.j>/|R|  <HROTx> <HROTy> <HROTz>

   1    0.0   7/2-  -7/2  32   -3.26    2.31    2.31   12.00    3.36       2.87    2.87    0.00   -1.38      0.350   0.350   0.000
   2    5.0   9/2-   9/2  33    3.77    2.54    2.54   19.46    4.30       3.26    3.26   -0.00   -1.24      0.398   0.398  -0.000
   3  623.8   3/2-  -3/2  30   -1.45    4.49    4.49    2.20    1.49       4.59    4.59    0.00   -2.74      0.559   0.559   0.000
   4  672.6   5/2-  -3/2  30   -0.48    4.67    4.67    2.11    2.28       3.35    3.35    0.00   -1.81      0.408   0.408   0.000
   5  722.7   3/2-   1/2  29    0.07    3.91    3.91    0.68    1.33       3.55    3.55    0.00   -2.22      0.433   0.433   0.000
  
   6  769.0   1/2-   1/2  29    0.50    4.76    4.76    0.25    0.32       4.99    4.99    0.00   -3.01      0.608   0.608   0.000
   7  936.3  11/2-   1/2  28   -0.02   24.63   24.63    2.32    6.35       5.67    5.67   -0.00   -4.03      0.691   0.691  -0.000
   8  946.2   9/2-  -7/2  32   -2.65    2.42    2.42   12.14    2.91       6.40    6.40    0.00   -0.70      0.780   0.780   0.000
   9 1083.1  11/2-   9/2  33    3.12    2.77    2.77   18.69    3.79       7.34    7.34    0.00   -0.41      0.895   0.895   0.000
  10 1461.6   5/2-  -3/2  35   -1.01    2.71    2.71    1.81    0.86       5.44    5.44    0.00   -1.42      0.664   0.664   0.000
  
  11 1489.4   7/2-  -3/2  30   -0.33    4.02    4.02    3.24    1.79       6.42    6.42    0.00   -1.17      0.782   0.782   0.000
  12 1596.1   7/2-   1/2  29   -0.02    3.65    3.65    0.84    1.44       6.24    6.24    0.00   -0.69      0.761   0.761   0.000
  13 1598.9   5/2-   5/2  37    1.95    2.49    2.49    4.86    1.82       3.92    3.92    0.00   -1.59      0.478   0.478   0.000
  14 1615.7   7/2-   1/2  28   -0.01   24.20   24.20    1.90    6.18       8.49    8.49    0.00   -6.25      1.035   1.035   0.000
  15 1657.4   9/2-  -3/2  30   -0.32    4.89    4.89    1.87    2.35       6.50    6.50    0.00    0.01      0.793   0.793   0.000
  
  16 1855.7   1/2-   1/2  39    0.50    1.50    1.50    0.25    0.72       1.38    1.38    0.00   -1.59      0.168   0.168   0.000
  17 2123.5  11/2-  -7/2  32   -2.11    2.51    2.51   12.32    2.61      10.92   10.92    0.00   -0.37      1.332   1.332   0.000
  18 2364.8   5/2-  -3/2  35   -0.27    3.39    3.39    2.07   -0.08       9.04    9.04    0.00   -2.14      1.102   1.102   0.000
  19 2379.7  13/2-   9/2  33    2.57    2.97    2.97   17.99    3.44      12.34   12.34   -0.00    0.01      1.505   1.505  -0.000
  20 2540.2   7/2-   5/2  37   -0.13    3.51    3.51    5.45    1.36       8.69    8.69   -0.00   -1.69      1.060   1.060  -0.000
  
  21 2700.3   5/2-   1/2  39    0.44    1.65    1.65    0.33    0.32       5.25    5.25    0.00   -0.83      0.640   0.640   0.000
  22 2767.5   9/2-   5/2  34   -0.01   24.74   24.74    5.63    5.38      13.18   13.18   -0.00   -5.52      1.607   1.607  -0.000
  23 3126.8  13/2-   5/2  34   -0.04   24.73   24.73    5.85    5.37      14.54   14.54   -0.00   -3.30      1.773   1.773  -0.000
  24 3265.6   9/2-  -3/2  35   -1.09    2.39    2.39    2.35    0.78      12.07   12.07    0.00   -0.66      1.472   1.472   0.000
  25 3327.8  11/2-  -3/2  30   -0.35    4.15    4.15    2.47    1.69      13.16   13.16   -0.00   -0.13      1.605   1.605  -0.000
  
  26 3430.5  11/2-   1/2  29    0.13    3.55    3.55    1.69    1.42      13.81   13.81    0.00   -0.06      1.684   1.684   0.000
  27 3465.5  13/2-  -7/2  32   -0.88    3.90    3.90    6.78    2.44      14.63   14.63    0.00    0.45      1.784   1.784   0.000
  28 3611.7  13/2-  -7/2  32   -1.03    3.79    3.79    7.39    2.35      15.49   15.49    0.00    0.25      1.888   1.888   0.000
  29 3907.4   1/2-   1/2  25    0.50    6.52    6.52    0.25    0.66       6.44    6.44   -0.00   -3.54      0.785   0.785  -0.000
  30 4223.9   1/2-   1/2  38    0.50   12.44   12.44    0.25   -1.61      14.34   14.34    0.00   -4.95      1.748   1.748   0.000
  
  31 6012.7  13/2-  -3/2  35   -0.58    2.13    2.13    3.11    0.84      22.21   22.21    0.00   -0.23      2.708   2.708   0.000
  32 6941.6   1/2-   1/2  28    0.50   24.93   24.93    0.25   -3.56      28.51   28.51   -0.00   -7.04      3.476   3.476  -0.000
