1SPECTRUM OF (Z= 82 A=207) IN PARTICLE-ROTOR  MODEL WITH MODIFIED OSCILLATOR POTENTIAL


 PARITY=-   EPS= 0.311   GAMMA=  0.0   EPS4=0.000   EPS6=0.000   LEVELS:  24  25  26  27  28  29  30  31  32  33  34  35  36  37  38

 PAIRING FACTORS: GN0= 19.20  GN1=  7.40  IPAIR= 15 ***  E2PLUS(INPUT)=   0.730  E2PLUR(INPUT)=   0.000

 CORIOLIS ATTENUATION PARAMETERS:  CHSI=1.000  ETA=  1.00

 MOMENT OF INERTIA PARAMETERS:   A1=  0.122 MEV   A2=  0.122 MEV   A3=121.91924 MEV


 DELTA=0.942 MEV  LAMBDA=53.2917 MEV   HW0= 7.4980 MEV   LAMBDA/HW0= 7.1074

 E2ENERGY=0.730 MEV  HBAR**2/B=17934./A**(7/3)=3031.7/A**2 MEV

 IREC=0  =>  RECOIL TERMS j+j-, j+j+, jzjz, ETC TREATED AS ONE-BODY OPERATORS WITH UU+VV PAIRING FACTORS



 S. P. LEVEL   EQP       U     V        (UU + VV)**1.00

     24       5.030    0.094 0.996      1.000 1.000 0.999 0.997 0.965 0.958 0.951 0.922 0.849 0.782 0.484 0.307 0.283 0.283 0.248
     25       4.137    0.115 0.993      1.000 1.000 1.000 0.998 0.970 0.963 0.957 0.930 0.859 0.795 0.502 0.326 0.303 0.303 0.268
     26       3.310    0.144 0.990      0.999 1.000 1.000 1.000 0.977 0.971 0.965 0.940 0.874 0.812 0.527 0.354 0.331 0.330 0.296
     27       2.754    0.174 0.985      0.997 0.998 1.000 1.000 0.983 0.978 0.972 0.950 0.888 0.830 0.553 0.382 0.359 0.359 0.325
     28       1.428    0.352 0.936      0.965 0.970 0.977 0.983 1.000 1.000 0.999 0.991 0.958 0.918 0.697 0.546 0.525 0.525 0.494
     29       1.350    0.376 0.926      0.958 0.963 0.971 0.978 1.000 1.000 1.000 0.994 0.965 0.928 0.715 0.567 0.547 0.547 0.516
     30       1.288    0.399 0.917      0.951 0.957 0.965 0.972 0.999 1.000 1.000 0.997 0.971 0.937 0.732 0.587 0.567 0.567 0.537
     31       1.132    0.472 0.882      0.922 0.930 0.940 0.950 0.991 0.994 0.997 1.000 0.987 0.962 0.785 0.651 0.632 0.632 0.604
     32       0.977    0.606 0.795      0.849 0.859 0.874 0.888 0.958 0.965 0.971 0.987 1.000 0.993 0.873 0.764 0.748 0.747 0.723
     33       0.942    0.694 0.720      0.782 0.795 0.812 0.830 0.918 0.928 0.937 0.962 0.993 1.000 0.924 0.833 0.819 0.819 0.798
     34       1.286    0.917 0.400      0.484 0.502 0.527 0.553 0.697 0.715 0.732 0.785 0.873 0.924 1.000 0.981 0.976 0.976 0.968
     35       2.235    0.976 0.216      0.307 0.326 0.354 0.382 0.546 0.567 0.587 0.651 0.764 0.833 0.981 1.000 1.000 1.000 0.998
     36       2.500    0.981 0.192      0.283 0.303 0.331 0.359 0.525 0.547 0.567 0.632 0.748 0.819 0.976 1.000 1.000 1.000 0.999
     37       2.507    0.982 0.191      0.283 0.303 0.330 0.359 0.525 0.547 0.567 0.632 0.747 0.819 0.976 1.000 1.000 1.000 0.999
     38       3.054    0.988 0.156      0.248 0.268 0.296 0.325 0.494 0.516 0.537 0.604 0.723 0.798 0.968 0.998 0.999 0.999 1.000

  R CORE   ENERGY   A0R/A00=1.000    R3= 0     2  
   2( 1)    0.732                    1.000 0.000
   2( 2)  487.921                    0.000 1.000

  R CORE   ENERGY   A0R/A00=1.000    R3= 0     2  
   3( 1)  488.652                    0.000 1.000

  R CORE   ENERGY   A0R/A00=1.000    R3= 0     2     4  
   4( 1)    2.438                    1.000 0.000 0.000

  R CORE   ENERGY   A0R/A00=1.000    R3= 0     2     4  
   5( 1)  490.847                    0.000 1.000 0.000

  R CORE   ENERGY   A0R/A00=1.000    R3= 0     2     4     6  
   6( 1)    5.121                    1.000 0.000 0.000 0.000

  R CORE   ENERGY   A0R/A00=1.000    R3= 0     2     4     6  
   7( 1)  494.017                    0.000 1.000 0.000 0.000

          AXIAL SYMMETRY => K RESTRICTED TO OMEGA

                     K
     S.P. ORB#: 24 -5.50
     S.P. ORB#: 25  0.50
     S.P. ORB#: 26  2.50
     S.P. ORB#: 27 -3.50
     S.P. ORB#: 28  0.50
     S.P. ORB#: 29  0.50
     S.P. ORB#: 30 -1.50
     S.P. ORB#: 31 -3.50
     S.P. ORB#: 32 -1.50
     S.P. ORB#: 33  4.50
     S.P. ORB#: 34  2.50
     S.P. ORB#: 35 -1.50
     S.P. ORB#: 36 -3.50
     S.P. ORB#: 37  2.50
     S.P. ORB#: 38  0.50
 

             ENERGY    K= OMEGA
 
 I=  1/2- (1)  2.640  28: 0.999
 
 I=  1/2- (2)  5.659  25: 0.999
 
 I=  1/2- (3)  6.187  29:-0.514
                      38: 0.858
 
 I=  1/2- (4)  8.849  29:-0.858
                      38:-0.514
 
 I=  1/2- (5)147.280  32: 1.000

             ENERGY    K= OMEGA
 
 I=  3/2- (1)  2.489  25:-0.147
                      28:-0.066
                      30:-0.933
                      35:-0.322
 
 I=  3/2- (2)  2.548  25: 0.121
                      28: 0.765
                      30:-0.270
                      35: 0.571

             ENERGY    K= OMEGA
 
 I=  5/2- (1)  2.534  25:-0.250
                      28: 0.430
                      30: 0.720
                      35:-0.215
                      37:-0.433
 
 I=  5/2- (2)  3.190  25:-0.064
                      26: 0.065
                      28:-0.306
                      30: 0.478
                      35: 0.809
                      37: 0.128
 
 I=  5/2- (3)  3.310  25:-0.160
                      28: 0.493
                      30: 0.143
                      37: 0.842
 
 I=  5/2- (4)  4.156  28: 0.659
                      30:-0.427
                      35: 0.541
                      37:-0.295
 
 I=  5/2- (5)  5.091  26: 0.997
                      35:-0.069

             ENERGY    K= OMEGA
 
 I=  7/2- (1)  1.912  26:-0.204
                      27: 0.056
                      31: 0.977
 
 I=  7/2- (2)  3.282  25:-0.077
                      28: 0.322
                      30:-0.667
                      35: 0.308
                      37:-0.590
 
 I=  7/2- (3)  3.332  29: 0.730
                      32: 0.576
                      34: 0.340
                      36: 0.138
 
 I=  7/2- (4)  3.493  25:-0.325
                      28:-0.675
                      30:-0.423
                      35:-0.496
                      37:-0.106
 
 I=  7/2- (5)  4.295  26: 0.107
                      27: 0.255
                      28: 0.465
                      30:-0.482
                      35:-0.347
                      37: 0.595

             ENERGY    K= OMEGA
 
 I=  9/2- (1)  1.802  26: 0.067
                      27:-0.210
                      31: 0.204
                      33: 0.954
 
 I=  9/2- (2)  2.844  26: 0.280
                      27: 0.091
                      31: 0.932
                      33:-0.199
 
 I=  9/2- (3)  3.561  25:-0.368
                      28: 0.480
                      30: 0.664
                      31:-0.058
                      35:-0.240
                      37:-0.364
 
 I=  9/2- (4)  4.528  29:-0.236
                      32: 0.593
                      34:-0.653
                      36: 0.408
 
 I=  9/2- (5)  5.010  25:-0.144
                      26: 0.108
                      27:-0.091
                      28:-0.215
                      30: 0.473
                      31:-0.055
                      35: 0.806
                      37: 0.194

             ENERGY    K= OMEGA
 
 I= 11/2- (1)  2.612  29:-0.687
                      32:-0.579
                      34:-0.389
                      36:-0.195
                      38:-0.053
 
 I= 11/2- (2)  2.858  26:-0.115
                      27:-0.284
                      31: 0.283
                      33:-0.908
 
 I= 11/2- (3)  4.005  26:-0.329
                      27: 0.126
                      30: 0.059
                      31: 0.889
                      33: 0.279
                      37: 0.061
 
 I= 11/2- (4)  5.166  25:-0.117
                      28: 0.301
                      30:-0.667
                      31: 0.056
                      35: 0.330
                      37:-0.578
 
 I= 11/2- (5)  5.347  25: 0.401
                      28: 0.696
                      30: 0.387
                      31:-0.068
                      35: 0.440
                      37: 0.082

             ENERGY    K= OMEGA
 
 I= 13/2- (1)  4.133  26: 0.156
                      27:-0.331
                      31: 0.337
                      33: 0.867
 
 I= 13/2- (2)  4.825  29: 0.224
                      32:-0.573
                      34: 0.658
                      36:-0.434
 
 I= 13/2- (3)  5.369  25: 0.216
                      26:-0.317
                      27:-0.146
                      28:-0.226
                      30:-0.334
                      31:-0.738
                      33: 0.286
                      35: 0.073
                      37: 0.194
 
 I= 13/2- (4)  5.523  25:-0.388
                      26:-0.176
                      27:-0.065
                      28: 0.442
                      30: 0.542
                      31:-0.425
                      33: 0.177
                      35:-0.220
                      37:-0.254
 
 I= 13/2- (5)  7.779  25:-0.232
                      26: 0.115
                      27:-0.120
                      28:-0.058
                      30: 0.371
                      31:-0.079
                      33:-0.057
                      35: 0.763
                      37: 0.428

             ENERGY     K= 1/2
  32 LEVELS    TIME=  0.0 SEC



 ******************* EXCITATION ENERGIES, DOMINANT CONFIGURATION AND EXPECTATION VALUES (WITH S.P. UU+VV FACTORS) *******************

  NR  Eex(keV)  I   Kdom  NY    <Jz>  <Jx**2> <Jy**2> <Jz**2> <I.j>/|I|  <Rx**2> <Ry**2> <Rz**2> <R.j>/|R|  <HROTx> <HROTy> <HROTz>

   1    0.0   9/2-   9/2  33    3.80    2.56    2.56   19.50    4.33       3.12    3.12    0.00   -1.22      0.380   0.380   0.000
   2  110.5   7/2-  -7/2  31   -3.24    2.31    2.31   11.99    3.37       2.80    2.80    0.00   -1.37      0.341   0.341   0.000
   3  687.7   3/2-  -3/2  30   -1.45    4.10    4.10    2.20    1.45       4.27    4.27    0.00   -2.60      0.521   0.521   0.000
   4  732.7   5/2-  -3/2  30   -0.26    4.35    4.35    2.50    2.31       3.16    3.16    0.00   -1.75      0.385   0.385   0.000
   5  746.9   3/2-   1/2  28   -0.30    3.71    3.71    1.05    1.40       3.39    3.39    0.00   -2.21      0.414   0.414   0.000
  
   6  810.5  11/2-   1/2  29   -0.02   25.02   25.02    2.29    6.44       5.53    5.53   -0.00   -4.16      0.674   0.674  -0.000
   7  838.2   1/2-   1/2  28    0.50    4.70    4.70    0.25    0.29       4.95    4.95   -0.00   -2.99      0.603   0.603  -0.000
   8 1042.1   9/2-  -7/2  31   -2.69    2.43    2.43   12.05    2.93       6.27    6.27    0.00   -0.66      0.765   0.765   0.000
   9 1056.1  11/2-   9/2  33    3.18    2.79    2.79   18.78    3.85       7.06    7.06    0.00   -0.36      0.860   0.860   0.000
  10 1388.1   5/2-  -3/2  35   -1.22    2.35    2.35    2.14    0.93       5.04    5.04    0.00   -1.29      0.615   0.615   0.000
  
  11 1480.7   7/2-  -3/2  30    0.10    3.58    3.58    3.45    1.83       5.93    5.93    0.00   -0.97      0.723   0.723   0.000
  12 1508.4   5/2-   5/2  37    1.87    2.75    2.75    4.55    1.72       4.30    4.30    0.00   -1.69      0.524   0.524   0.000
  13 1530.5   7/2-   1/2  29   -0.01   24.53   24.53    1.84    6.24       8.57    8.57   -0.00   -6.32      1.045   1.045  -0.000
  14 1691.2   7/2-   1/2  28   -0.33    3.58    3.58    1.19    1.39       6.52    6.52    0.00   -0.78      0.795   0.795   0.000
  15 1759.9   9/2-  -3/2  30   -0.24    4.71    4.71    2.09    2.29       6.72    6.72   -0.00   -0.03      0.820   0.820  -0.000
  
  16 2203.3  11/2-  -7/2  31   -2.20    2.52    2.52   12.15    2.63      10.74   10.74    0.00   -0.32      1.309   1.309   0.000
  17 2331.4  13/2-   9/2  33    2.66    3.00    3.00   18.13    3.51      11.93   11.93    0.00    0.08      1.454   1.454   0.000
  18 2354.1   5/2-   1/2  28   -0.27    3.78    3.78    1.73   -0.30       9.90    9.90    0.00   -2.29      1.207   1.207   0.000
  19 2493.0   7/2-   5/2  37    0.27    3.22    3.22    3.93    0.90       9.48    9.48    0.00   -1.56      1.156   1.156   0.000
  20 2726.9   9/2-   5/2  34   -0.02   24.99   24.99    5.51    5.47      12.90   12.90    0.00   -5.57      1.572   1.572   0.000
  
  21 3023.7  13/2-   5/2  34   -0.04   24.97   24.97    5.76    5.48      13.98   13.98   -0.00   -3.30      1.704   1.704  -0.000
  22 3208.3   9/2-  -3/2  35   -1.19    2.33    2.33    2.43    0.76      12.14   12.14   -0.00   -0.67      1.481   1.481  -0.000
  23 3289.9   5/2-   5/2  26    2.48    6.00    6.00    6.23    2.08       7.33    7.33    0.00   -3.15      0.894   0.894   0.000
  24 3364.5  11/2-  -3/2  30    0.05    3.61    3.61    3.46    1.61      13.59   13.59    0.00   -0.20      1.656   1.656   0.000
  25 3545.3  11/2-   1/2  28   -0.19    3.78    3.78    1.04    1.42      13.70   13.70    0.00   -0.02      1.671   1.671   0.000
  
  26 3567.0  13/2-  -7/2  31   -1.40    3.17    3.17    9.74    2.43      15.45   15.45    0.00    0.16      1.884   1.884   0.000
  27 3721.5  13/2-  -3/2  30   -0.61    4.42    4.42    4.35    2.31      14.86   14.86    0.00    0.54      1.812   1.812   0.000
  28 3857.7   1/2-   1/2  25    0.50    6.35    6.35    0.25    0.68       6.27    6.27    0.00   -3.49      0.764   0.764   0.000
  29 4385.8   1/2-   1/2  38    0.50   12.64   12.64    0.25   -1.79      14.69   14.69    0.00   -5.00      1.792   1.792   0.000
  30 5977.1  13/2-  -3/2  35   -0.63    2.26    2.26    3.25    0.81      22.59   22.59    0.00   -0.31      2.754   2.754   0.000
  
  31 7047.0   1/2-   1/2  29    0.50   25.32   25.32    0.25   -3.57      28.91   28.91    0.00   -7.10      3.525   3.525   0.000
  32*******   1/2-  -3/2  32    0.00    0.00    0.00    0.00   -0.00       0.00    0.00    0.00   -0.00      0.000   0.000   0.000
