1SPECTRUM OF (Z= 82 A=207) IN PARTICLE-ROTOR  MODEL WITH MODIFIED OSCILLATOR POTENTIAL


 PARITY=-   EPS= 0.222   GAMMA=  0.0   EPS4=0.000   EPS6=0.000   LEVELS:  24  25  26  27  28  29  30  31  32  33  34  35  36  37  38

 PAIRING FACTORS: GN0= 19.20  GN1=  7.40  IPAIR= 15 ***  E2PLUS(INPUT)=   0.730  E2PLUR(INPUT)=   0.000

 CORIOLIS ATTENUATION PARAMETERS:  CHSI=1.000  ETA=  1.00

 MOMENT OF INERTIA PARAMETERS:   A1=  0.122 MEV   A2=  0.122 MEV   A3=121.91924 MEV


 DELTA=0.944 MEV  LAMBDA=53.4775 MEV   HW0= 7.4540 MEV   LAMBDA/HW0= 7.1744

 E2ENERGY=0.730 MEV  HBAR**2/B= 9138./A**(7/3)=1544.8/A**2 MEV

 IREC=0  =>  RECOIL TERMS j+j-, j+j+, jzjz, ETC TREATED AS ONE-BODY OPERATORS WITH UU+VV PAIRING FACTORS



 S. P. LEVEL   EQP       U     V        (UU + VV)**1.00

     24       5.205    0.091 0.996      1.000 1.000 1.000 0.999 0.994 0.989 0.985 0.985 0.593 0.560 0.504 0.456 0.364 0.341 0.262
     25       4.119    0.115 0.993      1.000 1.000 1.000 1.000 0.996 0.992 0.989 0.989 0.612 0.580 0.525 0.478 0.387 0.364 0.286
     26       4.109    0.116 0.993      1.000 1.000 1.000 1.000 0.996 0.992 0.989 0.989 0.612 0.581 0.526 0.478 0.387 0.364 0.286
     27       3.574    0.133 0.991      0.999 1.000 1.000 1.000 0.998 0.994 0.992 0.991 0.626 0.595 0.541 0.493 0.404 0.381 0.303
     28       2.381    0.202 0.979      0.994 0.996 0.996 0.998 1.000 0.999 0.998 0.998 0.679 0.650 0.598 0.553 0.467 0.445 0.369
     29       2.050    0.237 0.971      0.989 0.992 0.992 0.994 0.999 1.000 1.000 1.000 0.705 0.676 0.626 0.582 0.498 0.476 0.402
     30       1.887    0.259 0.966      0.985 0.989 0.989 0.992 0.998 1.000 1.000 1.000 0.721 0.693 0.644 0.601 0.517 0.496 0.422
     31       1.860    0.263 0.965      0.985 0.989 0.989 0.991 0.998 1.000 1.000 1.000 0.724 0.696 0.647 0.604 0.521 0.499 0.426
     32       1.067    0.856 0.517      0.593 0.612 0.612 0.626 0.679 0.705 0.721 0.724 1.000 0.999 0.994 0.987 0.966 0.959 0.933
     33       1.117    0.876 0.482      0.560 0.580 0.581 0.595 0.650 0.676 0.693 0.696 0.999 1.000 0.998 0.993 0.976 0.970 0.946
     34       1.230    0.906 0.424      0.504 0.525 0.526 0.541 0.598 0.626 0.644 0.647 0.994 0.998 1.000 0.998 0.988 0.984 0.966
     35       1.364    0.928 0.373      0.456 0.478 0.478 0.493 0.553 0.582 0.601 0.604 0.987 0.993 0.998 1.000 0.995 0.992 0.978
     36       1.768    0.961 0.278      0.364 0.387 0.387 0.404 0.467 0.498 0.517 0.521 0.966 0.976 0.988 0.995 1.000 1.000 0.994
     37       1.921    0.967 0.254      0.341 0.364 0.364 0.381 0.445 0.476 0.496 0.499 0.959 0.970 0.984 0.992 1.000 1.000 0.997
     38       2.768    0.985 0.173      0.262 0.286 0.286 0.303 0.369 0.402 0.422 0.426 0.933 0.946 0.966 0.978 0.994 0.997 1.000

  R CORE   ENERGY   A0R/A00=1.000    R3= 0     2  
   2( 1)    0.732                    1.000 0.000
   2( 2)  487.921                    0.000 1.000

  R CORE   ENERGY   A0R/A00=1.000    R3= 0     2  
   3( 1)  488.652                    0.000 1.000

  R CORE   ENERGY   A0R/A00=1.000    R3= 0     2     4  
   4( 1)    2.438                    1.000 0.000 0.000

  R CORE   ENERGY   A0R/A00=1.000    R3= 0     2     4  
   5( 1)  490.847                    0.000 1.000 0.000

  R CORE   ENERGY   A0R/A00=1.000    R3= 0     2     4     6  
   6( 1)    5.121                    1.000 0.000 0.000 0.000

  R CORE   ENERGY   A0R/A00=1.000    R3= 0     2     4     6  
   7( 1)  494.017                    0.000 1.000 0.000 0.000

          AXIAL SYMMETRY => K RESTRICTED TO OMEGA

                     K
     S.P. ORB#: 24  2.50
     S.P. ORB#: 25  0.50
     S.P. ORB#: 26  2.50
     S.P. ORB#: 27 -3.50
     S.P. ORB#: 28 -3.50
     S.P. ORB#: 29  0.50
     S.P. ORB#: 30 -1.50
     S.P. ORB#: 31  4.50
     S.P. ORB#: 32 -1.50
     S.P. ORB#: 33  0.50
     S.P. ORB#: 34  2.50
     S.P. ORB#: 35 -1.50
     S.P. ORB#: 36  0.50
     S.P. ORB#: 37  2.50
     S.P. ORB#: 38 -3.50
 

             ENERGY    K= OMEGA
 
 I=  1/2- (1)  2.042  25:-0.056
                      36:-0.998
 
 I=  1/2- (2)  3.138  29: 0.999
 
 I=  1/2- (3)  5.403  25: 0.998
                      36:-0.057
 
 I=  1/2- (4)  8.812  33: 1.000
 
 I=  1/2- (5)147.370  32: 1.000

             ENERGY    K= OMEGA
 
 I=  3/2- (1)  1.573  29: 0.184
                      30: 0.099
                      32: 0.975
                      36:-0.067
 
 I=  3/2- (2)  2.652  29: 0.218
                      30: 0.265
                      32:-0.134
                      36:-0.929

             ENERGY    K= OMEGA
 
 I=  5/2- (1)  1.710  25:-0.056
                      29: 0.147
                      30: 0.183
                      32:-0.467
                      34:-0.849
 
 I=  5/2- (2)  2.225  29: 0.195
                      30:-0.184
                      32:-0.845
                      34: 0.455
                      36:-0.066
 
 I=  5/2- (3)  2.671  25: 0.081
                      29:-0.243
                      30:-0.330
                      34:-0.165
                      36:-0.893
 
 I=  5/2- (4)  3.290  24:-0.071
                      25: 0.341
                      29:-0.398
                      30:-0.702
                      32:-0.066
                      34:-0.180
                      36: 0.436
 
 I=  5/2- (5)  4.433  24: 0.064
                      25: 0.075
                      29:-0.816
                      30: 0.504
                      32:-0.247
                      34: 0.098

             ENERGY    K= OMEGA
 
 I=  7/2- (1)  2.353  29: 0.197
                      30:-0.211
                      32: 0.545
                      34:-0.785
 
 I=  7/2- (2)  2.881  25: 0.170
                      26:-0.117
                      27: 0.063
                      28:-0.286
                      29: 0.321
                      30: 0.318
                      32: 0.656
                      34: 0.453
                      36:-0.171
 
 I=  7/2- (3)  3.132  25:-0.063
                      26:-0.210
                      27: 0.093
                      28:-0.921
                      29:-0.124
                      30:-0.099
                      32:-0.200
                      34:-0.156
                      36: 0.071
 
 I=  7/2- (4)  3.461  33:-0.735
                      35:-0.571
                      37:-0.338
                      38:-0.136
 
 I=  7/2- (5)  4.123  24:-0.099
                      25: 0.194
                      27: 0.057
                      29: 0.120
                      30: 0.540
                      32:-0.327
                      34:-0.328
                      36:-0.655

             ENERGY    K= OMEGA
 
 I=  9/2- (1)  2.595  24: 0.071
                      26:-0.068
                      27: 0.280
                      28: 0.164
                      30: 0.057
                      31:-0.933
                      32:-0.052
                      34:-0.087
 
 I=  9/2- (2)  3.037  25:-0.203
                      29: 0.322
                      30: 0.398
                      31: 0.133
                      32:-0.469
                      34:-0.655
                      36: 0.160
 
 I=  9/2- (3)  3.892  24: 0.103
                      25:-0.051
                      26: 0.296
                      27: 0.145
                      28:-0.753
                      29:-0.080
                      30: 0.217
                      31:-0.101
                      32: 0.455
                      34:-0.149
                      36: 0.134
 
 I=  9/2- (4)  4.154  25: 0.179
                      26: 0.097
                      28:-0.415
                      29:-0.139
                      30:-0.395
                      31:-0.071
                      32:-0.465
                      34:-0.165
                      36:-0.599
 
 I=  9/2- (5)  4.255  25: 0.110
                      26:-0.080
                      28: 0.334
                      29:-0.377
                      31: 0.068
                      32: 0.463
                      34:-0.633
                      36:-0.325

             ENERGY    K= OMEGA
 
 I= 11/2- (1)  2.410  33:-0.694
                      35:-0.575
                      37:-0.390
                      38:-0.191
 
 I= 11/2- (2)  3.508  24: 0.119
                      26:-0.107
                      27:-0.383
                      28:-0.213
                      30:-0.066
                      31:-0.874
                      32: 0.056
                      34:-0.101
 
 I= 11/2- (3)  4.304  28:-0.051
                      29:-0.282
                      30: 0.292
                      31:-0.146
                      32:-0.568
                      34: 0.698
 
 I= 11/2- (4)  4.785  24:-0.125
                      25: 0.253
                      26:-0.227
                      27: 0.132
                      28:-0.451
                      29: 0.348
                      30: 0.397
                      32: 0.468
                      34: 0.338
                      36:-0.190
 
 I= 11/2- (5)  5.188  24: 0.057
                      25: 0.182
                      26: 0.293
                      27:-0.136
                      28: 0.762
                      29: 0.263
                      30: 0.233
                      31:-0.179
                      32: 0.231
                      34: 0.219
                      36:-0.151

             ENERGY    K= OMEGA
 
 I= 13/2- (1)  4.591  24: 0.170
                      25:-0.099
                      26:-0.131
                      27: 0.439
                      28: 0.219
                      29: 0.118
                      30: 0.179
                      31:-0.779
                      32:-0.120
                      34:-0.181
                      36: 0.058
 
 I= 13/2- (2)  4.695  33: 0.236
                      35:-0.588
                      37: 0.650
                      38:-0.419
 
 I= 13/2- (3)  5.094  25:-0.317
                      27:-0.083
                      28:-0.126
                      29: 0.401
                      30: 0.477
                      31: 0.307
                      32:-0.362
                      34:-0.466
                      36: 0.208
 
 I= 13/2- (4)  6.283  24: 0.166
                      26: 0.387
                      27: 0.207
                      28:-0.753
                      29:-0.088
                      30: 0.165
                      31:-0.142
                      32: 0.386
                      36: 0.086
 
 I= 13/2- (5)  6.732  25: 0.224
                      26: 0.074
                      27: 0.067
                      28:-0.275
                      29:-0.180
                      30:-0.292
                      32:-0.447
                      34:-0.475
                      36:-0.564

             ENERGY     K=-7/2
  32 LEVELS    TIME=  0.0 SEC



 ******************* EXCITATION ENERGIES, DOMINANT CONFIGURATION AND EXPECTATION VALUES (WITH S.P. UU+VV FACTORS) *******************

  NR  Eex(keV)  I   Kdom  NY    <Jz>  <Jx**2> <Jy**2> <Jz**2> <I.j>/|I|  <Rx**2> <Ry**2> <Rz**2> <R.j>/|R|  <HROTx> <HROTy> <HROTz>

   1    0.0   3/2-  -3/2  32   -1.42    1.63    1.63    2.17    1.40       1.87    1.87    0.00   -1.40      0.228   0.228   0.000
   2  136.7   5/2-   5/2  34    1.44    1.89    1.89    5.08    2.34       1.90    1.90    0.00   -1.00      0.232   0.232   0.000
   3  469.4   1/2-   1/2  36    0.50    1.31    1.31    0.25    0.82       1.10    1.10   -0.00   -1.45      0.134   0.134  -0.000
   4  652.4   5/2-  -3/2  32   -0.58    1.62    1.62    3.00    1.08       4.31    4.31    0.00   -1.04      0.525   0.525   0.000
   5  779.9   7/2-   5/2  34    1.04    2.00    2.00    4.66    1.93       4.53    4.53    0.00   -0.32      0.552   0.552   0.000
  
   6  836.9  11/2-   1/2  33   -0.00   27.30   27.30    2.26    7.04       4.22    4.22   -0.00   -5.09      0.515   0.515  -0.000
   7 1021.9   9/2-   9/2  31    3.58    2.76    2.76   19.02    4.49       2.31    2.31    0.00   -1.03      0.282   0.282   0.000
   8 1078.9   3/2-   1/2  36    0.32    1.69    1.69    0.43    0.11       3.57    3.57    0.00   -1.35      0.435   0.435   0.000
   9 1098.3   5/2-   1/2  36    0.34    2.14    2.14    0.64    1.10       3.57    3.57    0.00   -0.62      0.435   0.435   0.000
  10 1307.9   7/2-  -3/2  32   -0.47    2.01    2.01    3.67    1.59       5.41    5.41    0.00   -0.42      0.660   0.660   0.000
  
  11 1463.9   9/2-   5/2  34    0.66    2.93    2.93    3.97    2.24       6.16    6.16    0.00    0.37      0.751   0.751   0.000
  12 1558.8   7/2-  -7/2  28   -2.88    2.24    2.24   11.04    3.17       3.06    3.06    0.00   -1.19      0.373   0.373   0.000
  13 1564.9   1/2-   1/2  29    0.50    4.25    4.25    0.25    0.34       4.45    4.45    0.00   -2.83      0.543   0.543   0.000
  14 1716.6   5/2-  -3/2  30   -0.42    3.54    3.54    1.47    1.34       4.70    4.70    0.00   -1.50      0.574   0.574   0.000
  15 1888.1   7/2-   1/2  33    0.00   27.40   27.40    1.81    6.90       8.78    8.78   -0.00   -6.97      1.070   1.070  -0.000
  
  16 1935.2  11/2-   9/2  31    2.85    3.20    3.20   18.07    4.14       5.37    5.37   -0.00    0.08      0.654   0.654  -0.000
  17 2319.0   9/2-  -7/2  28   -2.08    2.24    2.24    8.74    2.46       6.72    6.72    0.00   -0.26      0.820   0.820   0.000
  18 2550.2   7/2-   1/2  36   -0.07    2.79    2.79    1.79    0.51       9.52    9.52   -0.00   -1.22      1.160   1.160  -0.000
  19 2580.6   9/2-   1/2  36   -0.85    2.25    2.25    3.41    1.37       9.50    9.50    0.00   -0.25      1.158   1.158   0.000
  20 2681.7   9/2-   5/2  34    0.46    2.27    2.27    4.57    1.18      11.05   11.05    0.00   -0.69      1.348   1.348   0.000
  
  21 2730.9  11/2-   5/2  34    0.73    2.30    2.30    4.45    1.70      12.24   12.24    0.00    0.22      1.492   1.492   0.000
  22 2860.2   5/2-   1/2  29   -0.10    4.27    4.27    0.96   -0.34      10.12   10.12    0.00   -2.33      1.234   1.234   0.000
  23 3017.8  13/2-   9/2  31    2.03    3.72    3.72   15.84    3.84       9.21    9.21   -0.00    0.82      1.123   1.123  -0.000
  24 3122.3  13/2-   5/2  37   -0.05   26.55   26.55    5.59    6.01      11.74   11.74    0.00   -3.45      1.431   1.431   0.000
  25 3211.7  11/2-  -3/2  32   -0.77    2.57    2.57    4.76    1.97      11.06   11.06    0.00    0.40      1.349   1.349   0.000
  
  26 3520.9  13/2-  -3/2  30    0.51    3.74    3.74    4.44    2.47      13.08   13.08    0.00    1.04      1.595   1.595   0.000
  27 3615.2  11/2-  -7/2  28   -1.71    2.51    2.51    9.11    2.27      11.38   11.38    0.00   -0.12      1.388   1.388   0.000
  28 3830.5   1/2-   1/2  25    0.50    5.41    5.41    0.25    0.70       5.31    5.31    0.00   -3.21      0.647   0.647   0.000
  29 4709.6  13/2-  -7/2  28   -1.85    2.49    2.49    9.38    2.32      15.33   15.33    0.00    0.34      1.869   1.869   0.000
  30 5158.8  13/2-   1/2  36    0.08    2.23    2.23    3.21    1.09      20.57   20.57    0.00   -0.00      2.508   2.508   0.000
  
  31 7239.5   1/2-   1/2  33    0.50   27.62   27.62    0.25   -3.97      31.56   31.56    0.00   -7.42      3.848   3.848   0.000
  32*******   1/2-  -3/2  32    0.00    0.00    0.00    0.00   -0.00       0.00    0.00    0.00   -0.00      0.000   0.000   0.000
