1SPECTRUM OF (Z= 82 A=207) IN PARTICLE-ROTOR  MODEL WITH MODIFIED OSCILLATOR POTENTIAL


 PARITY=-   EPS= 0.269   GAMMA=  0.0   EPS4=0.000   EPS6=0.000   LEVELS:  25  26  27  28  29  30  31  32  33  34  35  36  37  38  39

 PAIRING FACTORS: GN0= 19.20  GN1=  7.40  IPAIR= 15 ***  E2PLUS(INPUT)=   0.730  E2PLUR(INPUT)=   0.000

 CORIOLIS ATTENUATION PARAMETERS:  CHSI=1.000  ETA=  1.00

 MOMENT OF INERTIA PARAMETERS:   A1=  0.122 MEV   A2=  0.122 MEV   A3=121.91923 MEV


 DELTA=0.945 MEV  LAMBDA=53.3392 MEV   HW0= 7.4751 MEV   LAMBDA/HW0= 7.1356

 E2ENERGY=0.730 MEV  HBAR**2/B=13417./A**(7/3)=2268.1/A**2 MEV

 IREC=0  =>  RECOIL TERMS j+j-, j+j+, jzjz, ETC TREATED AS ONE-BODY OPERATORS WITH UU+VV PAIRING FACTORS



 S. P. LEVEL   EQP       U     V        (UU + VV)**1.00

     25       4.118    0.116 0.993      1.000 1.000 0.999 0.984 0.982 0.977 0.945 0.833 0.651 0.418 0.413 0.371 0.305 0.293 0.239
     26       3.666    0.130 0.992      1.000 1.000 1.000 0.986 0.984 0.980 0.950 0.841 0.662 0.431 0.426 0.384 0.318 0.307 0.253
     27       3.116    0.153 0.988      0.999 1.000 1.000 0.990 0.988 0.985 0.957 0.854 0.680 0.452 0.447 0.406 0.341 0.330 0.276
     28       1.697    0.291 0.957      0.984 0.986 0.990 1.000 1.000 0.999 0.988 0.918 0.776 0.573 0.569 0.531 0.470 0.459 0.408
     29       1.640    0.302 0.953      0.982 0.984 0.988 1.000 1.000 1.000 0.990 0.923 0.784 0.583 0.578 0.540 0.480 0.469 0.419
     30       1.541    0.324 0.946      0.977 0.980 0.985 0.999 1.000 1.000 0.993 0.932 0.798 0.602 0.597 0.560 0.500 0.490 0.440
     31       1.208    0.434 0.901      0.945 0.950 0.957 0.988 0.990 0.993 1.000 0.968 0.864 0.692 0.688 0.654 0.600 0.590 0.544
     32       0.958    0.646 0.764      0.833 0.841 0.854 0.918 0.923 0.932 0.968 1.000 0.962 0.851 0.848 0.823 0.781 0.773 0.736
     33       1.019    0.829 0.559      0.651 0.662 0.680 0.776 0.784 0.798 0.864 0.962 1.000 0.962 0.960 0.946 0.921 0.916 0.892
     34       1.602    0.951 0.310      0.418 0.431 0.452 0.573 0.583 0.602 0.692 0.851 0.962 1.000 1.000 0.999 0.993 0.991 0.982
     35       1.628    0.952 0.305      0.413 0.426 0.447 0.569 0.578 0.597 0.688 0.848 0.960 1.000 1.000 0.999 0.993 0.992 0.983
     36       1.876    0.965 0.261      0.371 0.384 0.406 0.531 0.540 0.560 0.654 0.823 0.946 0.999 0.999 1.000 0.998 0.997 0.990
     37       2.502    0.981 0.192      0.305 0.318 0.341 0.470 0.480 0.500 0.600 0.781 0.921 0.993 0.993 0.998 1.000 1.000 0.998
     38       2.658    0.984 0.181      0.293 0.307 0.330 0.459 0.469 0.490 0.590 0.773 0.916 0.991 0.992 0.997 1.000 1.000 0.998
     39       3.813    0.992 0.125      0.239 0.253 0.276 0.408 0.419 0.440 0.544 0.736 0.892 0.982 0.983 0.990 0.998 0.998 1.000

  R CORE   ENERGY   A0R/A00=1.000    R3= 0     2  
   2( 1)    0.732                    1.000 0.000
   2( 2)  487.921                    0.000 1.000

  R CORE   ENERGY   A0R/A00=1.000    R3= 0     2  
   3( 1)  488.652                    0.000 1.000

  R CORE   ENERGY   A0R/A00=1.000    R3= 0     2     4  
   4( 1)    2.438                    1.000 0.000 0.000

  R CORE   ENERGY   A0R/A00=1.000    R3= 0     2     4  
   5( 1)  490.847                    0.000 1.000 0.000

  R CORE   ENERGY   A0R/A00=1.000    R3= 0     2     4     6  
   6( 1)    5.121                    1.000 0.000 0.000 0.000

  R CORE   ENERGY   A0R/A00=1.000    R3= 0     2     4     6  
   7( 1)  494.017                    0.000 1.000 0.000 0.000

          AXIAL SYMMETRY => K RESTRICTED TO OMEGA

                     K
     S.P. ORB#: 25  0.50
     S.P. ORB#: 26  2.50
     S.P. ORB#: 27 -3.50
     S.P. ORB#: 28  0.50
     S.P. ORB#: 29 -3.50
     S.P. ORB#: 30 -1.50
     S.P. ORB#: 31  4.50
     S.P. ORB#: 32  0.50
     S.P. ORB#: 33 -1.50
     S.P. ORB#: 34  2.50
     S.P. ORB#: 35 -1.50
     S.P. ORB#: 36  2.50
     S.P. ORB#: 37  0.50
     S.P. ORB#: 38 -3.50
     S.P. ORB#: 39  0.50
 

             ENERGY    K= OMEGA
 
 I=  1/2- (1)  2.792  28: 0.455
                      37: 0.890
 
 I=  1/2- (2)  2.870  25:-0.063
                      28: 0.890
                      37:-0.452
 
 I=  1/2- (3)  5.545  25: 0.997
                      37:-0.059
 
 I=  1/2- (4)  6.442  32: 0.662
                      39:-0.749
 
 I=  1/2- (5)  9.565  32:-0.749
                      39:-0.662

             ENERGY    K= OMEGA
 
 I=  3/2- (1)  2.120  25: 0.077
                      28: 0.288
                      30: 0.162
                      35: 0.937
                      37:-0.087
 
 I=  3/2- (2)  2.697  25:-0.088
                      28: 0.240
                      30:-0.955
                      35: 0.108
                      37: 0.101

             ENERGY    K= OMEGA
 
 I=  5/2- (1)  2.284  25: 0.130
                      28:-0.265
                      30:-0.385
                      35: 0.434
                      36: 0.754
                      37:-0.089
 
 I=  5/2- (2)  2.770  25: 0.069
                      28: 0.142
                      30:-0.403
                      35:-0.838
                      36: 0.298
                      37:-0.140
 
 I=  5/2- (3)  2.955  25:-0.232
                      28: 0.476
                      30: 0.541
                      35:-0.057
                      36: 0.557
                      37: 0.335
 
 I=  5/2- (4)  3.666  25:-0.189
                      28: 0.077
                      30: 0.323
                      36: 0.098
                      37:-0.919
 
 I=  5/2- (5)  4.193  25: 0.076
                      28:-0.792
                      30: 0.482
                      35:-0.321
                      36: 0.151
                      37: 0.093

             ENERGY    K= OMEGA
 
 I=  7/2- (1)  2.394  26: 0.220
                      27:-0.068
                      29:-0.971
 
 I=  7/2- (2)  2.939  28: 0.276
                      30:-0.334
                      35: 0.525
                      36:-0.730
 
 I=  7/2- (3)  3.188  32:-0.747
                      33:-0.561
                      34:-0.326
                      38:-0.127
                      39: 0.068
 
 I=  7/2- (4)  3.291  25: 0.264
                      28: 0.458
                      29:-0.064
                      30: 0.479
                      35: 0.561
                      36: 0.360
                      37:-0.203
 
 I=  7/2- (5)  4.209  27: 0.086
                      28: 0.490
                      30:-0.721
                      36: 0.473
                      37: 0.051

             ENERGY    K= OMEGA
 
 I=  9/2- (1)  2.012  26:-0.065
                      27: 0.233
                      29:-0.178
                      31:-0.954
 
 I=  9/2- (2)  3.293  25: 0.071
                      26:-0.291
                      27:-0.100
                      28:-0.082
                      29:-0.906
                      30:-0.150
                      31: 0.161
                      36: 0.150
 
 I=  9/2- (3)  3.413  25:-0.299
                      26:-0.079
                      28: 0.420
                      29:-0.213
                      30: 0.546
                      31: 0.059
                      35:-0.347
                      36:-0.478
                      37: 0.178
 
 I=  9/2- (4)  4.468  32: 0.245
                      33:-0.609
                      34: 0.644
                      38:-0.392
 
 I=  9/2- (5)  4.493  25: 0.226
                      26:-0.060
                      27: 0.057
                      28:-0.128
                      29: 0.051
                      30:-0.436
                      35:-0.674
                      36:-0.402
                      37:-0.343

             ENERGY    K= OMEGA
 
 I= 11/2- (1)  2.329  32: 0.693
                      33: 0.576
                      34: 0.389
                      38: 0.189
 
 I= 11/2- (2)  3.018  26:-0.109
                      27:-0.313
                      29: 0.247
                      31:-0.910
 
 I= 11/2- (3)  4.428  26: 0.351
                      27:-0.129
                      29:-0.884
                      30:-0.086
                      31:-0.236
                      35:-0.060
                      36:-0.093
 
 I= 11/2- (4)  4.869  28:-0.351
                      30: 0.397
                      31:-0.055
                      35:-0.533
                      36: 0.654
 
 I= 11/2- (5)  5.175  25:-0.372
                      28:-0.517
                      29: 0.136
                      30:-0.519
                      35:-0.408
                      36:-0.291
                      37: 0.231

             ENERGY    K= OMEGA
 
 I= 13/2- (1)  4.245  26:-0.148
                      27: 0.363
                      29:-0.293
                      31:-0.871
 
 I= 13/2- (2)  4.586  32: 0.230
                      33:-0.589
                      34: 0.653
                      38:-0.417
 
 I= 13/2- (3)  5.324  25:-0.403
                      28: 0.471
                      29: 0.084
                      30: 0.589
                      35:-0.270
                      36:-0.380
                      37: 0.206
 
 I= 13/2- (4)  5.807  26: 0.387
                      27: 0.155
                      28:-0.069
                      29: 0.851
                      31:-0.291
                      35: 0.107
 
 I= 13/2- (5)  7.152  25: 0.225
                      26:-0.057
                      27: 0.065
                      28:-0.109
                      29: 0.071
                      30:-0.292
                      35:-0.653
                      36:-0.537
                      37:-0.350

             ENERGY     K= 1/2
  32 LEVELS    TIME=  0.0 SEC



 ******************* EXCITATION ENERGIES, DOMINANT CONFIGURATION AND EXPECTATION VALUES (WITH S.P. UU+VV FACTORS) *******************

  NR  Eex(keV)  I   Kdom  NY    <Jz>  <Jx**2> <Jy**2> <Jz**2> <I.j>/|I|  <Rx**2> <Ry**2> <Rz**2> <R.j>/|R|  <HROTx> <HROTy> <HROTz>

   1    0.0   9/2-   9/2  31    3.80    2.59    2.59   19.50    4.41       2.77    2.77    0.00   -1.16      0.338   0.338   0.000
   2  108.4   3/2-  -3/2  35   -1.31    1.84    1.84    2.06    1.46       1.92    1.92   -0.00   -1.49      0.234   0.234  -0.000
   3  272.3   5/2-   5/2  36    0.96    2.61    2.61    4.33    2.43       1.95    1.95    0.00   -1.19      0.237   0.237   0.000
   4  317.2  11/2-   1/2  32   -0.01   26.21   26.21    2.25    6.75       4.88    4.88    0.00   -4.59      0.595   0.595   0.000
   5  381.8   7/2-  -7/2  29   -3.19    2.31    2.31   11.93    3.40       2.66    2.66    0.00   -1.33      0.324   0.324   0.000
  
   6  685.0   3/2-  -3/2  30   -1.35    4.52    4.52    2.10    1.48       4.58    4.58   -0.00   -2.73      0.558   0.558  -0.000
   7  758.4   5/2-  -3/2  35   -1.05    1.89    1.89    2.53    1.02       4.51    4.51   -0.00   -1.09      0.550   0.550  -0.000
   8  779.6   1/2-   1/2  37    0.50    2.21    2.21    0.25    0.98       1.86    1.86    0.00   -1.98      0.227   0.227   0.000
   9  858.1   1/2-   1/2  28    0.50    3.71    3.71    0.25    0.13       4.10    4.10    0.00   -2.64      0.500   0.500   0.000
  10  927.2   7/2-   5/2  36    0.78    2.39    2.39    4.26    1.91       4.83    4.83    0.00   -0.48      0.589   0.589   0.000
  
  11  942.7   5/2-   5/2  36    0.53    3.71    3.71    2.70    1.77       4.21    4.21    0.00   -1.69      0.513   0.513   0.000
  12 1006.4  11/2-   9/2  31    3.20    2.86    2.86   18.80    3.96       6.43    6.43    0.00   -0.23      0.784   0.784   0.000
  13 1175.9   7/2-   1/2  32    0.02   25.35   25.35    1.71    6.42       8.62    8.62    0.00   -6.49      1.051   1.051   0.000
  14 1279.2   7/2-  -3/2  35   -0.34    2.76    2.76    2.17    1.48       5.84    5.84    0.00   -0.53      0.712   0.712   0.000
  15 1281.2   9/2-  -7/2  29   -2.55    2.51    2.51   11.42    2.94       5.99    5.99    0.00   -0.53      0.730   0.730   0.000
  
  16 1401.1   9/2-  -3/2  30   -0.04    3.92    3.92    3.11    2.37       6.07    6.07    0.00    0.24      0.740   0.740   0.000
  17 1653.6   5/2-   1/2  37    0.31    1.72    1.72    0.52    0.46       4.99    4.99   -0.00   -0.82      0.609   0.609  -0.000
  18 2181.1   5/2-   1/2  28   -0.13    4.27    4.27    1.06   -0.38      10.31   10.31    0.00   -2.36      1.257   1.257   0.000
  19 2196.9   7/2-  -3/2  30   -0.12    3.84    3.84    2.74    0.68      10.38   10.38   -0.00   -1.69      1.266   1.266  -0.000
  20 2232.8  13/2-   9/2  31    2.71    3.08    3.08   18.18    3.65      11.05   11.05    0.00    0.25      1.347   1.347   0.000
  
  21 2415.7  11/2-  -7/2  29   -2.23    2.55    2.55   11.76    2.66      10.39   10.39    0.00   -0.21      1.266   1.266   0.001
  22 2455.8   9/2-   5/2  34   -0.03   25.77   25.77    5.33    5.77      12.13   12.13    0.00   -5.72      1.479   1.479   0.000
  23 2481.3   9/2-  -3/2  35   -0.48    2.37    2.37    2.61    1.08      10.66   10.66    0.00   -0.42      1.299   1.299   0.000
  24 2573.6  13/2-   5/2  34   -0.04   25.75   25.75    5.59    5.80      12.45   12.45    0.00   -3.33      1.517   1.517   0.000
  25 2856.8  11/2-   5/2  36    0.48    2.68    2.68    3.80    1.61      12.85   12.85   -0.00    0.09      1.567   1.567  -0.000
  
  26 3162.8  11/2-  -3/2  30   -0.27    3.29    3.29    1.88    1.54      12.88   12.88    0.00    0.15      1.570   1.570   0.000
  27 3312.4  13/2-  -3/2  30   -0.08    4.56    4.56    2.05    2.39      13.25   13.25   -0.00    1.08      1.615   1.615  -0.000
  28 3533.4   1/2-   1/2  25    0.50    5.99    5.99    0.25    0.69       5.89    5.89    0.00   -3.39      0.718   0.718   0.000
  29 3794.9  13/2-  -7/2  29   -1.87    2.66    2.66   11.84    2.45      15.84   15.84    0.00   -0.01      1.931   1.931   0.000
  30 4430.4   1/2-   1/2  39    0.50   13.47   13.47    0.25   -2.26      15.92   15.92    0.00   -5.16      1.941   1.941   0.000
  
  31 5139.8  13/2-  -3/2  35    0.03    2.16    2.16    3.18    0.97      21.38   21.38    0.00   -0.12      2.607   2.607   0.000
  32 7553.4   1/2-   1/2  32    0.50   26.49   26.49    0.25   -3.66      30.16   30.16    0.00   -7.26      3.677   3.677   0.000
