1SPECTRUM OF (Z= 82 A=207) IN PARTICLE-ROTOR  MODEL WITH MODIFIED OSCILLATOR POTENTIAL


 PARITY=-   EPS= 0.252   GAMMA=  0.0   EPS4=0.000   EPS6=0.000   LEVELS:  26  27  28  29  30  31  32  33  34  35  36  37  38  39  40

 PAIRING FACTORS: GN0= 19.20  GN1=  7.40  IPAIR= 15 ***  E2PLUS(INPUT)=   0.730  E2PLUR(INPUT)=   0.000

 CORIOLIS ATTENUATION PARAMETERS:  CHSI=1.000  ETA=  1.00

 MOMENT OF INERTIA PARAMETERS:   A1=  0.122 MEV   A2=  0.122 MEV   A3=121.91924 MEV


 DELTA=0.938 MEV  LAMBDA=53.3964 MEV   HW0= 7.4669 MEV   LAMBDA/HW0= 7.1510

 E2ENERGY=0.730 MEV  HBAR**2/B=11775./A**(7/3)=1990.5/A**2 MEV

 IREC=0  =>  RECOIL TERMS j+j-, j+j+, jzjz, ETC TREATED AS ONE-BODY OPERATORS WITH UU+VV PAIRING FACTORS



 S. P. LEVEL   EQP       U     V        (UU + VV)**1.00

     26       3.836    0.123 0.992      1.000 1.000 0.991 0.989 0.985 0.972 0.750 0.586 0.477 0.421 0.403 0.335 0.297 0.241 0.237
     27       3.290    0.144 0.990      1.000 1.000 0.994 0.992 0.988 0.977 0.764 0.603 0.495 0.440 0.422 0.355 0.317 0.262 0.258
     28       1.905    0.255 0.967      0.991 0.994 1.000 1.000 0.999 0.995 0.831 0.689 0.590 0.538 0.521 0.458 0.422 0.369 0.365
     29       1.830    0.266 0.964      0.989 0.992 1.000 1.000 1.000 0.996 0.838 0.697 0.599 0.548 0.531 0.469 0.433 0.380 0.376
     30       1.669    0.294 0.956      0.985 0.988 0.999 1.000 1.000 0.998 0.853 0.718 0.622 0.572 0.556 0.494 0.459 0.406 0.403
     31       1.424    0.352 0.936      0.972 0.977 0.995 0.996 0.998 1.000 0.884 0.759 0.669 0.622 0.606 0.547 0.512 0.462 0.458
     32       0.945    0.749 0.663      0.750 0.764 0.831 0.838 0.853 0.884 1.000 0.975 0.939 0.916 0.908 0.875 0.855 0.823 0.821
     33       1.112    0.877 0.481      0.586 0.603 0.689 0.697 0.718 0.759 0.975 1.000 0.992 0.982 0.978 0.960 0.948 0.928 0.926
     34       1.381    0.931 0.365      0.477 0.495 0.590 0.599 0.622 0.669 0.939 0.992 1.000 0.998 0.997 0.988 0.981 0.968 0.967
     35       1.609    0.952 0.306      0.421 0.440 0.538 0.548 0.572 0.622 0.916 0.982 0.998 1.000 1.000 0.996 0.991 0.982 0.981
     36       1.706    0.958 0.287      0.403 0.422 0.521 0.531 0.556 0.606 0.908 0.978 0.997 1.000 1.000 0.997 0.994 0.985 0.985
     37       2.215    0.976 0.217      0.335 0.355 0.458 0.469 0.494 0.547 0.875 0.960 0.988 0.996 0.997 1.000 0.999 0.995 0.995
     38       2.687    0.984 0.177      0.297 0.317 0.422 0.433 0.459 0.512 0.855 0.948 0.981 0.991 0.994 0.999 1.000 0.998 0.998
     39       3.939    0.993 0.120      0.241 0.262 0.369 0.380 0.406 0.462 0.823 0.928 0.968 0.982 0.985 0.995 0.998 1.000 1.000
     40       4.077    0.993 0.116      0.237 0.258 0.365 0.376 0.403 0.458 0.821 0.926 0.967 0.981 0.985 0.995 0.998 1.000 1.000

  R CORE   ENERGY   A0R/A00=1.000    R3= 0     2  
   2( 1)    0.732                    1.000 0.000
   2( 2)  487.921                    0.000 1.000

  R CORE   ENERGY   A0R/A00=1.000    R3= 0     2  
   3( 1)  488.652                    0.000 1.000

  R CORE   ENERGY   A0R/A00=1.000    R3= 0     2     4  
   4( 1)    2.438                    1.000 0.000 0.000

  R CORE   ENERGY   A0R/A00=1.000    R3= 0     2     4  
   5( 1)  490.847                    0.000 1.000 0.000

  R CORE   ENERGY   A0R/A00=1.000    R3= 0     2     4     6  
   6( 1)    5.121                    1.000 0.000 0.000 0.000

  R CORE   ENERGY   A0R/A00=1.000    R3= 0     2     4     6  
   7( 1)  494.017                    0.000 1.000 0.000 0.000

          AXIAL SYMMETRY => K RESTRICTED TO OMEGA

                     K
     S.P. ORB#: 26  2.50
     S.P. ORB#: 27 -3.50
     S.P. ORB#: 28 -3.50
     S.P. ORB#: 29  0.50
     S.P. ORB#: 30 -1.50
     S.P. ORB#: 31  4.50
     S.P. ORB#: 32  0.50
     S.P. ORB#: 33 -1.50
     S.P. ORB#: 34 -1.50
     S.P. ORB#: 35  2.50
     S.P. ORB#: 36  2.50
     S.P. ORB#: 37  0.50
     S.P. ORB#: 38 -3.50
     S.P. ORB#: 39  4.50
     S.P. ORB#: 40  0.50
 

             ENERGY    K= OMEGA
 
 I=  1/2- (1)  2.518  29:-0.074
                      37:-0.997
 
 I=  1/2- (2)  2.969  29: 0.997
                      37:-0.074
 
 I=  1/2- (3)  6.593  32:-0.685
                      40: 0.728
 
 I=  1/2- (4)  9.913  32: 0.728
                      40: 0.685
 
 I=  1/2- (5)147.415  33:-1.000

             ENERGY    K= OMEGA
 
 I=  3/2- (1)  1.904  29:-0.195
                      30:-0.095
                      34:-0.973
                      37: 0.072
 
 I=  3/2- (2)  2.814  29:-0.310
                      30: 0.932
                      37:-0.185
 
 I=  3/2- (3)  3.035  29: 0.567
                      34:-0.175
                      37:-0.805
 
 I=  3/2- (4)  3.617  29: 0.738
                      30: 0.350
                      34:-0.141
                      37: 0.559
 
 I=  3/2- (5)  4.780  32: 0.826
                      33: 0.357
                      40:-0.435

             ENERGY    K= OMEGA
 
 I=  5/2- (1)  2.094  29: 0.160
                      30: 0.207
                      34:-0.492
                      35:-0.829
                      37: 0.053
 
 I=  5/2- (2)  2.558  29: 0.199
                      30:-0.238
                      34:-0.825
                      35: 0.464
                      37:-0.085
 
 I=  5/2- (3)  3.031  29: 0.340
                      30: 0.472
                      35: 0.235
                      37: 0.779
 
 I=  5/2- (4)  3.693  29:-0.287
                      30:-0.714
                      35:-0.179
                      37: 0.612
 
 I=  5/2- (5)  4.291  29:-0.858
                      30: 0.409
                      34:-0.274
                      35: 0.106
                      37: 0.094

             ENERGY    K= OMEGA
 
 I=  7/2- (1)  2.648  26:-0.220
                      27: 0.079
                      28: 0.954
                      30: 0.067
                      35: 0.170
 
 I=  7/2- (2)  2.718  26: 0.063
                      28:-0.157
                      29:-0.231
                      30: 0.256
                      34:-0.551
                      35: 0.740
 
 I=  7/2- (3)  3.208  32: 0.749
                      33: 0.558
                      36: 0.323
                      38: 0.126
                      40:-0.085
 
 I=  7/2- (4)  3.362  28:-0.097
                      29: 0.291
                      30: 0.308
                      34: 0.720
                      35: 0.507
                      37:-0.189
 
 I=  7/2- (5)  4.264  27:-0.063
                      29:-0.505
                      30: 0.773
                      34: 0.090
                      35:-0.350
                      37:-0.108

             ENERGY    K= OMEGA
 
 I=  9/2- (1)  2.213  26:-0.067
                      27: 0.240
                      28:-0.177
                      31:-0.952
 
 I=  9/2- (2)  3.536  26: 0.230
                      27: 0.106
                      28: 0.745
                      29: 0.148
                      30: 0.237
                      31:-0.112
                      34:-0.242
                      35:-0.472
                      37: 0.097
 
 I=  9/2- (3)  3.566  26: 0.208
                      28: 0.546
                      29:-0.233
                      30:-0.256
                      31:-0.130
                      34: 0.472
                      35: 0.534
                      37:-0.115
 
 I=  9/2- (4)  4.303  32: 0.223
                      33:-0.558
                      36: 0.623
                      38:-0.455
                      39: 0.210
 
 I=  9/2- (5)  4.470  28:-0.121
                      29:-0.146
                      30: 0.416
                      34: 0.745
                      35:-0.329
                      37: 0.355

             ENERGY    K= OMEGA
 
 I= 11/2- (1)  2.226  32:-0.674
                      33:-0.567
                      36:-0.401
                      38:-0.231
                      39:-0.097
 
 I= 11/2- (2)  3.206  26: 0.112
                      27: 0.320
                      28:-0.245
                      31: 0.907
 
 I= 11/2- (3)  4.661  26: 0.196
                      27:-0.110
                      28:-0.557
                      29: 0.227
                      30:-0.300
                      31:-0.100
                      34: 0.379
                      35:-0.586
 
 I= 11/2- (4)  4.680  26:-0.303
                      27: 0.082
                      28: 0.684
                      29: 0.218
                      30:-0.169
                      31: 0.221
                      34: 0.424
                      35:-0.359
 
 I= 11/2- (5)  5.688  28: 0.147
                      29:-0.350
                      30:-0.386
                      34:-0.626
                      35:-0.491
                      37: 0.268

             ENERGY    K= OMEGA
 
 I= 13/2- (1)  4.002  32: 0.191
                      33:-0.502
                      36: 0.611
                      38:-0.510
                      39: 0.280
 
 I= 13/2- (2)  4.419  26: 0.151
                      27:-0.370
                      28: 0.291
                      31: 0.867
 
 I= 13/2- (3)  5.941  27:-0.056
                      28:-0.183
                      29:-0.329
                      30:-0.416
                      34: 0.471
                      35: 0.639
                      37:-0.222
 
 I= 13/2- (4)  6.041  26: 0.392
                      27: 0.153
                      28: 0.826
                      29:-0.092
                      31:-0.292
                      34: 0.206
 
 I= 13/2- (5)  7.213  28: 0.114
                      30:-0.410
                      34:-0.586
                      35:-0.059
                      37:-0.685

             ENERGY     K= 1/2
  35 LEVELS    TIME=  0.0 SEC



 ******************* EXCITATION ENERGIES, DOMINANT CONFIGURATION AND EXPECTATION VALUES (WITH S.P. UU+VV FACTORS) *******************

  NR  Eex(keV)  I   Kdom  NY    <Jz>  <Jx**2> <Jy**2> <Jz**2> <I.j>/|I|  <Rx**2> <Ry**2> <Rz**2> <R.j>/|R|  <HROTx> <HROTy> <HROTz>

   1    0.0   3/2-  -3/2  34   -1.41    1.70    1.70    2.16    1.35       2.04    2.04   -0.00   -1.46      0.249   0.249  -0.000
   2  190.6   5/2-   5/2  35    1.30    1.97    1.97    4.94    2.24       2.17    2.17    0.00   -1.07      0.265   0.265   0.000
   3  309.7   9/2-   9/2  31    3.78    2.61    2.61   19.47    4.43       2.69    2.69    0.00   -1.15      0.328   0.328   0.000
   4  321.8  11/2-   1/2  32    0.00   26.53   26.53    2.68    6.98       4.03    4.03   -0.00   -4.94      0.491   0.491  -0.000
   5  614.2   1/2-   1/2  37    0.50    1.49    1.49    0.25    0.85       1.25    1.25    0.00   -1.57      0.152   0.152   0.000
  
   6  654.1   5/2-  -3/2  34   -0.54    1.73    1.73    3.02    1.07       4.44    4.44   -0.00   -1.11      0.541   0.541  -0.000
   7  744.2   7/2-  -7/2  28   -3.03    2.29    2.29   11.73    3.37       2.67    2.67    0.00   -1.28      0.325   0.325   0.000
   8  814.3   7/2-   5/2  35    0.76    2.18    2.18    4.60    1.93       4.69    4.69    0.00   -0.43      0.572   0.572   0.000
   9  910.4   3/2-  -3/2  30   -1.24    4.28    4.28    1.99    1.34       4.56    4.56   -0.00   -2.64      0.556   0.556  -0.000
  10 1065.4   1/2-   1/2  29    0.50    4.30    4.30    0.25    0.16       4.66    4.66   -0.00   -2.85      0.569   0.569  -0.000
  
  11 1127.5   5/2-   1/2  37    0.17    2.56    2.56    1.03    1.11       4.16    4.16   -0.00   -0.99      0.508   0.508  -0.000
  12 1131.3   3/2-   1/2  37    0.44    2.16    2.16    0.31    0.11       3.98    3.98   -0.00   -1.57      0.485   0.485  -0.000
  13 1302.1  11/2-   9/2  31    3.17    2.88    2.88   18.74    3.99       6.28    6.28    0.00   -0.19      0.766   0.766   0.000
  14 1304.4   7/2-   1/2  32    0.02   25.65   25.65    1.69    6.51       8.54    8.54   -0.00   -6.57      1.041   1.041  -0.000
  15 1458.1   7/2-  -3/2  34   -0.25    1.90    1.90    3.14    0.98       7.46    7.46    0.00   -0.79      0.910   0.910   0.000
  
  16 1632.4   9/2-  -7/2  28   -1.39    2.37    2.37    9.17    2.54       6.67    6.67    0.00   -0.34      0.814   0.814   0.000
  17 1662.0   9/2-  -7/2  28   -0.55    2.49    2.49    6.72    2.18       7.38    7.38    0.00   -0.22      0.900   0.900   0.000
  18 1713.3   3/2-   1/2  29    0.22    3.63    3.63    0.53   -0.61       6.95    6.95   -0.00   -2.41      0.848   0.848  -0.000
  19 1789.6   5/2-  -3/2  30   -0.46    3.05    3.05    1.47    0.25       7.41    7.41   -0.00   -1.77      0.904   0.904  -0.000
  20 2098.3  13/2-   5/2  36    0.01   25.40   25.40    7.69    6.48       8.37    8.37    0.00   -3.24      1.021   1.021   0.000
  
  21 2360.4   7/2-  -3/2  30   -0.48    3.91    3.91    2.25    0.62      10.45   10.45   -0.00   -1.66      1.274   1.274  -0.000
  22 2387.2   5/2-   1/2  29    0.04    4.17    4.17    0.80   -0.47      10.34   10.34   -0.00   -2.32      1.260   1.260  -0.000
  23 2398.9   9/2-   5/2  36    0.00   25.70   25.70    6.57    6.24      10.32   10.32    0.00   -5.93      1.259   1.259   0.000
  24 2514.8  13/2-   9/2  31    2.67    3.11    3.11   18.11    3.68      10.84   10.84    0.00    0.29      1.322   1.322   0.000
  25 2566.2   9/2-  -3/2  34   -0.80    1.83    1.83    2.55    0.73      11.85   11.85   -0.00   -0.53      1.445   1.445  -0.000
  
  26 2757.4  11/2-   5/2  35   -0.45    2.43    2.43    7.08    2.02      11.78   11.78    0.00    0.03      1.436   1.436   0.000
  27 2776.5  11/2-  -7/2  28   -1.18    2.58    2.58    8.65    2.26      11.29   11.29    0.00   -0.07      1.377   1.377   0.000
  28 2875.9   3/2-   1/2  32    0.24   19.74   19.74    0.51    4.47      13.20   13.20    0.00   -6.09      1.610   1.610   0.000
  29 3783.9  11/2-  -3/2  34   -0.18    2.10    2.10    3.08    0.80      16.74   16.74    0.00   -0.43      2.041   2.041   0.000
  30 4037.4  13/2-   5/2  35    0.39    2.66    2.66    3.95    1.63      17.62   17.62    0.00    0.36      2.149   2.149   0.000
  
  31 4137.0  13/2-  -7/2  28   -1.75    2.66    2.66   11.45    2.42      15.87   15.87    0.00    0.02      1.935   1.935   0.000
  32 4689.3   1/2-   1/2  40    0.50   13.78   13.78    0.25   -2.39      16.35   16.35    0.00   -5.23      1.994   1.994   0.000
  33 5309.0  13/2-   1/2  37   -0.57    1.79    1.79    1.46    0.69      22.06   22.06   -0.00   -0.03      2.690   2.690  -0.000
  34 8009.3   1/2-   1/2  32    0.50   27.01   27.01    0.25   -3.73      30.74   30.74    0.00   -7.33      3.748   3.748   0.000
  35*******   1/2-  -3/2  33    0.00    0.00    0.00    0.00   -0.00       0.00    0.00    0.00   -0.00      0.000   0.000   0.000
  
