1SPECTRUM OF (Z= 82 A=207) IN PARTICLE-ROTOR  MODEL WITH MODIFIED OSCILLATOR POTENTIAL


 PARITY=-   EPS= 0.334   GAMMA=  0.0   EPS4=0.000   EPS6=0.000   LEVELS:  24  25  26  27  28  29  30  31  32  33  34  35  36  37  38

 PAIRING FACTORS: GN0= 19.20  GN1=  7.40  IPAIR= 15 ***  E2PLUS(INPUT)=   0.730  E2PLUR(INPUT)=   0.000

 CORIOLIS ATTENUATION PARAMETERS:  CHSI=1.000  ETA=  1.00

 MOMENT OF INERTIA PARAMETERS:   A1=  0.122 MEV   A2=  0.122 MEV   A3=121.91924 MEV


 DELTA=0.916 MEV  LAMBDA=53.3320 MEV   HW0= 7.5123 MEV   LAMBDA/HW0= 7.0993

 E2ENERGY=0.730 MEV  HBAR**2/B=20685./A**(7/3)=3496.7/A**2 MEV

 IREC=0  =>  RECOIL TERMS j+j-, j+j+, jzjz, ETC TREATED AS ONE-BODY OPERATORS WITH UU+VV PAIRING FACTORS



 S. P. LEVEL   EQP       U     V        (UU + VV)**1.00

     24       4.684    0.098 0.995      1.000 1.000 0.999 0.997 0.985 0.959 0.941 0.934 0.861 0.662 0.566 0.294 0.280 0.277 0.261
     25       4.187    0.110 0.994      1.000 1.000 0.999 0.998 0.987 0.962 0.945 0.938 0.867 0.670 0.576 0.306 0.291 0.288 0.273
     26       3.158    0.147 0.989      0.999 0.999 1.000 0.999 0.992 0.972 0.956 0.950 0.884 0.697 0.605 0.340 0.326 0.324 0.308
     27       2.600    0.179 0.984      0.997 0.998 0.999 1.000 0.996 0.979 0.965 0.960 0.899 0.721 0.631 0.371 0.357 0.354 0.339
     28       1.755    0.271 0.963      0.985 0.987 0.992 0.996 1.000 0.994 0.986 0.982 0.937 0.783 0.702 0.457 0.444 0.441 0.426
     29       1.312    0.377 0.926      0.959 0.962 0.972 0.979 0.994 1.000 0.998 0.997 0.970 0.847 0.777 0.554 0.541 0.539 0.525
     30       1.179    0.430 0.903      0.941 0.945 0.956 0.965 0.986 0.998 1.000 1.000 0.982 0.877 0.812 0.601 0.589 0.587 0.573
     31       1.143    0.448 0.894      0.934 0.938 0.950 0.960 0.982 0.997 1.000 1.000 0.986 0.886 0.824 0.617 0.605 0.603 0.590
     32       0.960    0.591 0.806      0.861 0.867 0.884 0.899 0.937 0.970 0.982 0.986 1.000 0.951 0.907 0.740 0.730 0.728 0.716
     33       0.965    0.811 0.585      0.662 0.670 0.697 0.721 0.783 0.847 0.877 0.886 0.951 1.000 0.993 0.911 0.905 0.904 0.897
     34       1.084    0.876 0.482      0.566 0.576 0.605 0.631 0.702 0.777 0.812 0.824 0.907 0.993 1.000 0.954 0.950 0.949 0.944
     35       2.349    0.980 0.199      0.294 0.306 0.340 0.371 0.457 0.554 0.601 0.617 0.740 0.911 0.954 1.000 1.000 1.000 0.999
     36       2.531    0.983 0.184      0.280 0.291 0.326 0.357 0.444 0.541 0.589 0.605 0.730 0.905 0.950 1.000 1.000 1.000 1.000
     37       2.567    0.983 0.181      0.277 0.288 0.324 0.354 0.441 0.539 0.587 0.603 0.728 0.904 0.949 1.000 1.000 1.000 1.000
     38       2.810    0.986 0.165      0.261 0.273 0.308 0.339 0.426 0.525 0.573 0.590 0.716 0.897 0.944 0.999 1.000 1.000 1.000

  R CORE   ENERGY   A0R/A00=1.000    R3= 0     2  
   2( 1)    0.732                    1.000 0.000
   2( 2)  487.921                    0.000 1.000

  R CORE   ENERGY   A0R/A00=1.000    R3= 0     2  
   3( 1)  488.652                    0.000 1.000

  R CORE   ENERGY   A0R/A00=1.000    R3= 0     2     4  
   4( 1)    2.438                    1.000 0.000 0.000

  R CORE   ENERGY   A0R/A00=1.000    R3= 0     2     4  
   5( 1)  490.847                    0.000 1.000 0.000

  R CORE   ENERGY   A0R/A00=1.000    R3= 0     2     4     6  
   6( 1)    5.121                    1.000 0.000 0.000 0.000

  R CORE   ENERGY   A0R/A00=1.000    R3= 0     2     4     6  
   7( 1)  494.017                    0.000 1.000 0.000 0.000

          AXIAL SYMMETRY => K RESTRICTED TO OMEGA

                     K
     S.P. ORB#: 24 -5.50
     S.P. ORB#: 25  0.50
     S.P. ORB#: 26  2.50
     S.P. ORB#: 27 -3.50
     S.P. ORB#: 28  0.50
     S.P. ORB#: 29  0.50
     S.P. ORB#: 30 -1.50
     S.P. ORB#: 31 -1.50
     S.P. ORB#: 32 -3.50
     S.P. ORB#: 33  4.50
     S.P. ORB#: 34  2.50
     S.P. ORB#: 35 -3.50
     S.P. ORB#: 36 -1.50
     S.P. ORB#: 37  0.50
     S.P. ORB#: 38  2.50
 

             ENERGY    K= OMEGA
 
 I=  1/2- (1)  2.551  29: 0.999
 
 I=  1/2- (2)  5.759  25: 0.999
 
 I=  1/2- (3)  5.890  28:-0.392
                      37: 0.920
 
 I=  1/2- (4)  8.744  28: 0.920
                      37: 0.392
 
 I=  1/2- (5)147.446  31: 1.000

             ENERGY    K= OMEGA
 
 I=  3/2- (1)  2.419  25:-0.092
                      29: 0.212
                      30:-0.971
                      36:-0.058
 
 I=  3/2- (2)  2.565  25:-0.197
                      29:-0.878
                      30:-0.148
                      36:-0.411

             ENERGY    K= OMEGA
 
 I=  5/2- (1)  2.527  25:-0.263
                      29: 0.454
                      30: 0.781
                      36:-0.142
                      38:-0.308
 
 I=  5/2- (2)  3.328  26: 0.065
                      29:-0.601
                      30: 0.439
                      36: 0.659
                      38:-0.089
 
 I=  5/2- (3)  3.539  25:-0.134
                      29: 0.330
                      30: 0.161
                      36: 0.311
                      38: 0.866
 
 I=  5/2- (4)  4.253  26: 0.064
                      29: 0.531
                      30:-0.354
                      36: 0.663
                      38:-0.383
 
 I=  5/2- (5)  4.944  26:-0.995
                      36: 0.093

             ENERGY    K= OMEGA
 
 I=  7/2- (1)  1.763  26: 0.193
                      32:-0.979
 
 I=  7/2- (2)  3.331  25:-0.124
                      29: 0.279
                      30:-0.799
                      36: 0.185
                      38:-0.480
 
 I=  7/2- (3)  3.506  25:-0.318
                      29:-0.785
                      30:-0.305
                      36:-0.431
 
 I=  7/2- (4)  3.526  28: 0.712
                      31: 0.582
                      34: 0.361
                      35: 0.153
 
 I=  7/2- (5)  4.385  26: 0.193
                      27: 0.704
                      29: 0.270
                      30:-0.289
                      36:-0.288
                      38: 0.478

             ENERGY    K= OMEGA
 
 I=  9/2- (1)  1.859  26:-0.074
                      27: 0.191
                      32:-0.242
                      33:-0.948
 
 I=  9/2- (2)  2.724  26:-0.264
                      27:-0.091
                      32:-0.927
                      33: 0.239
 
 I=  9/2- (3)  3.569  25:-0.375
                      29: 0.492
                      30: 0.692
                      32:-0.059
                      36:-0.197
                      38:-0.311
 
 I=  9/2- (4)  4.621  28:-0.227
                      31: 0.570
                      34:-0.664
                      35: 0.426
 
 I=  9/2- (5)  5.160  26:-0.102
                      27: 0.051
                      29: 0.506
                      30:-0.482
                      32: 0.059
                      36:-0.690
                      38: 0.133

             ENERGY    K= OMEGA
 
 I= 11/2- (1)  2.873  28:-0.680
                      31:-0.579
                      34:-0.397
                      35:-0.204
                      37:-0.057
 
 I= 11/2- (2)  2.949  26:-0.125
                      27:-0.258
                      32: 0.333
                      33:-0.898
 
 I= 11/2- (3)  3.916  26:-0.309
                      27: 0.131
                      30: 0.060
                      32: 0.877
                      33: 0.331
                      38: 0.061
 
 I= 11/2- (4)  5.224  25:-0.208
                      29: 0.164
                      30:-0.790
                      32: 0.076
                      36: 0.188
                      38:-0.512
 
 I= 11/2- (5)  5.355  25: 0.363
                      29: 0.793
                      30: 0.199
                      36: 0.441

             ENERGY    K= OMEGA
 
 I= 13/2- (1)  4.258  26: 0.171
                      27:-0.302
                      32: 0.392
                      33: 0.851
 
 I= 13/2- (2)  5.022  28: 0.220
                      31:-0.556
                      34: 0.664
                      35:-0.448
 
 I= 13/2- (3)  5.317  25: 0.168
                      26:-0.315
                      27:-0.161
                      29:-0.175
                      30:-0.273
                      32:-0.765
                      33: 0.361
                      38: 0.155
 
 I= 13/2- (4)  5.532  25: 0.413
                      26: 0.126
                      29:-0.471
                      30:-0.593
                      32: 0.337
                      33:-0.155
                      36: 0.198
                      38: 0.247
 
 I= 13/2- (5)  7.613  24: 0.998

             ENERGY     K= 5/2
  32 LEVELS    TIME=  0.0 SEC



 ******************* EXCITATION ENERGIES, DOMINANT CONFIGURATION AND EXPECTATION VALUES (WITH S.P. UU+VV FACTORS) *******************

  NR  Eex(keV)  I   Kdom  NY    <Jz>  <Jx**2> <Jy**2> <Jz**2> <I.j>/|I|  <Rx**2> <Ry**2> <Rz**2> <R.j>/|R|  <HROTx> <HROTy> <HROTz>

   1    0.0   7/2-  -7/2  32   -3.27    2.31    2.31   12.02    3.34       2.93    2.93    0.00   -1.40      0.358   0.358   0.000
   2   95.9   9/2-   9/2  33    3.73    2.53    2.53   19.41    4.27       3.37    3.37   -0.00   -1.25      0.411   0.411  -0.000
   3  656.1   3/2-  -3/2  30   -1.39    4.72    4.72    2.14    1.41       4.94    4.94    0.00   -2.82      0.602   0.602   0.000
   4  763.7   5/2-  -3/2  30   -0.57    4.77    4.77    2.08    2.15       3.81    3.81    0.00   -1.90      0.465   0.465   0.000
   5  787.4   1/2-   1/2  29    0.50    4.79    4.79    0.25    0.27       5.05    5.05    0.00   -3.02      0.616   0.616   0.000
  
   6  801.5   3/2-   1/2  29    0.12    4.02    4.02    0.63    1.22       3.85    3.85    0.00   -2.28      0.469   0.469   0.000
   7  961.0   9/2-  -7/2  32   -2.60    2.41    2.41   12.25    2.89       6.53    6.53    0.00   -0.74      0.796   0.796   0.000
   8 1110.2  11/2-   1/2  28   -0.02   24.33   24.33    2.37    6.30       5.75    5.75    0.00   -3.95      0.701   0.701   0.000
   9 1185.8  11/2-   9/2  33    3.04    2.75    2.75   18.61    3.75       7.54    7.54   -0.00   -0.44      0.919   0.919  -0.000
  10 1565.2   5/2-  -3/2  36   -0.73    3.21    3.21    1.58    0.76       6.12    6.12    0.00   -1.64      0.746   0.746   0.000
  
  11 1567.5   7/2-  -3/2  30   -0.39    4.14    4.14    3.01    1.68       6.85    6.85    0.00   -1.25      0.835   0.835   0.000
  12 1742.6   7/2-   1/2  29   -0.06    3.93    3.93    0.83    1.34       6.90    6.90    0.00   -0.91      0.842   0.842   0.000
  13 1763.0   7/2-   1/2  28   -0.01   23.94   23.94    1.99    6.15       8.41    8.41   -0.00   -6.21      1.026   1.026  -0.000
  14 1776.2   5/2-   5/2  38    1.76    2.28    2.28    5.00    1.80       3.84    3.84    0.00   -1.53      0.468   0.468   0.000
  15 1806.2   9/2-  -3/2  30   -0.36    4.94    4.94    1.91    2.25       7.08    7.08    0.00   -0.16      0.863   0.863   0.000
  
  16 2153.3  11/2-  -7/2  32   -2.02    2.50    2.50   12.49    2.60      11.10   11.10   -0.00   -0.42      1.354   1.354  -0.000
  17 2489.9   5/2-  -3/2  36   -0.33    3.22    3.22    2.29   -0.08       8.98    8.98    0.00   -2.12      1.095   1.095   0.000
  18 2494.9  13/2-   9/2  33    2.47    2.94    2.94   17.89    3.39      12.61   12.61    0.00   -0.02      1.538   1.538   0.000
  19 2621.8   7/2-  -7/2  27   -1.28    4.51    4.51    8.12    2.14       7.93    7.93    0.00   -2.16      0.967   0.967   0.000
  20 2857.9   9/2-   5/2  34    0.00   24.56   24.56    5.73    5.32      13.34   13.34   -0.00   -5.50      1.626   1.626  -0.000
  
  21 3181.0   5/2-   5/2  26    2.46    5.99    5.99    6.21    2.07       7.35    7.35    0.00   -3.15      0.896   0.896   0.000
  22 3259.3  13/2-   5/2  34   -0.04   24.55   24.55    5.92    5.30      14.90   14.90   -0.00   -3.30      1.817   1.817  -0.000
  23 3397.0   9/2-  -3/2  36   -0.89    2.99    2.99    1.91    0.60      13.32   13.32    0.00   -0.95      1.624   1.624   0.000
  24 3461.1  11/2-  -3/2  30   -0.32    4.09    4.09    3.25    1.59      14.09   14.09    0.00   -0.36      1.718   1.718   0.000
  25 3554.4  13/2-  -7/2  32   -1.33    2.95    2.95   11.09    2.40      16.11   16.11    0.00   -0.04      1.964   1.964   0.000
  
  26 3591.9  11/2-   1/2  29    0.03    3.94    3.94    0.76    1.36      14.06   14.06    0.00   -0.10      1.714   1.714   0.000
  27 3769.1  13/2-  -3/2  30   -0.50    4.76    4.76    3.36    2.27      14.98   14.98    0.00    0.54      1.826   1.826   0.000
  28 3996.4   1/2-   1/2  25    0.50    6.55    6.55    0.25    0.67       6.47    6.47    0.00   -3.55      0.789   0.789   0.000
  29 4126.5   1/2-   1/2  37    0.50   12.36   12.36    0.25   -1.48      14.14   14.14   -0.00   -4.94      1.724   1.724  -0.000
  30 5850.0  13/2- -11/2  24   -5.49    2.76    2.76   30.18    4.32      12.05   12.05    0.00   -1.13      1.469   1.469   0.000
  
  31 6980.6   1/2-   1/2  28    0.50   24.58   24.58    0.25   -3.55      28.15   28.15   -0.00   -6.99      3.432   3.432  -0.000
  32*******   1/2-  -3/2  31    0.00    0.00    0.00    0.00   -0.00       0.00    0.00    0.00   -0.00      0.000   0.000   0.000
