1SPECTRUM OF (Z= 82 A=207) IN PARTICLE-ROTOR  MODEL WITH MODIFIED OSCILLATOR POTENTIAL


 PARITY=-   EPS= 0.363   GAMMA=  0.0   EPS4=0.000   EPS6=0.000   LEVELS:  24  25  26  27  28  29  30  31  32  33  34  35  36  37  38

 PAIRING FACTORS: GN0= 19.20  GN1=  7.40  IPAIR= 15 ***  E2PLUS(INPUT)=   0.730  E2PLUR(INPUT)=   0.000

 CORIOLIS ATTENUATION PARAMETERS:  CHSI=1.000  ETA=  1.00

 MOMENT OF INERTIA PARAMETERS:   A1=  0.122 MEV   A2=  0.122 MEV   A3=121.91924 MEV


 DELTA=0.882 MEV  LAMBDA=53.4117 MEV   HW0= 7.5320 MEV   LAMBDA/HW0= 7.0913

 E2ENERGY=0.730 MEV  HBAR**2/B=24432./A**(7/3)=4130.3/A**2 MEV

 IREC=0  =>  RECOIL TERMS j+j-, j+j+, jzjz, ETC TREATED AS ONE-BODY OPERATORS WITH UU+VV PAIRING FACTORS



 S. P. LEVEL   EQP       U     V        (UU + VV)**1.00

     24       4.262    0.104 0.995      1.000 1.000 0.999 0.997 0.996 0.980 0.950 0.925 0.731 0.710 0.521 0.334 0.312 0.256 0.242
     25       4.261    0.104 0.995      1.000 1.000 0.999 0.997 0.996 0.980 0.950 0.925 0.731 0.710 0.521 0.334 0.312 0.256 0.242
     26       2.979    0.150 0.989      0.999 0.999 1.000 0.999 0.999 0.988 0.963 0.942 0.762 0.741 0.559 0.377 0.355 0.300 0.286
     27       2.420    0.186 0.983      0.997 0.997 0.999 1.000 1.000 0.993 0.972 0.954 0.785 0.765 0.589 0.411 0.389 0.334 0.321
     28       2.381    0.189 0.982      0.996 0.996 0.999 1.000 1.000 0.993 0.973 0.954 0.787 0.767 0.592 0.413 0.392 0.337 0.324
     29       1.534    0.302 0.953      0.980 0.980 0.988 0.993 0.993 1.000 0.993 0.983 0.853 0.837 0.681 0.517 0.496 0.445 0.432
     30       1.179    0.410 0.912      0.950 0.950 0.963 0.972 0.973 0.993 1.000 0.998 0.908 0.895 0.762 0.613 0.593 0.546 0.534
     31       1.059    0.473 0.881      0.925 0.925 0.942 0.954 0.954 0.983 0.998 1.000 0.935 0.924 0.805 0.666 0.648 0.603 0.592
     32       0.891    0.755 0.656      0.731 0.731 0.762 0.785 0.787 0.853 0.908 0.935 1.000 1.000 0.963 0.887 0.876 0.847 0.839
     33       0.901    0.775 0.632      0.710 0.710 0.741 0.765 0.767 0.837 0.895 0.924 1.000 1.000 0.971 0.901 0.891 0.863 0.855
     34       1.138    0.903 0.429      0.521 0.521 0.559 0.589 0.592 0.681 0.762 0.805 0.963 0.971 1.000 0.979 0.973 0.959 0.954
     35       1.937    0.972 0.234      0.334 0.334 0.377 0.411 0.413 0.517 0.613 0.666 0.887 0.901 0.979 1.000 1.000 0.997 0.995
     36       2.139    0.977 0.211      0.312 0.312 0.355 0.389 0.392 0.496 0.593 0.648 0.876 0.891 0.973 1.000 1.000 0.998 0.997
     37       2.903    0.988 0.154      0.256 0.256 0.300 0.334 0.337 0.445 0.546 0.603 0.847 0.863 0.959 0.997 0.998 1.000 1.000
     38       3.188    0.990 0.140      0.242 0.242 0.286 0.321 0.324 0.432 0.534 0.592 0.839 0.855 0.954 0.995 0.997 1.000 1.000

  R CORE   ENERGY   A0R/A00=1.000    R3= 0     2  
   2( 1)    0.732                    1.000 0.000
   2( 2)  487.921                    0.000 1.000

  R CORE   ENERGY   A0R/A00=1.000    R3= 0     2  
   3( 1)  488.652                    0.000 1.000

  R CORE   ENERGY   A0R/A00=1.000    R3= 0     2     4  
   4( 1)    2.438                    1.000 0.000 0.000

  R CORE   ENERGY   A0R/A00=1.000    R3= 0     2     4  
   5( 1)  490.847                    0.000 1.000 0.000

  R CORE   ENERGY   A0R/A00=1.000    R3= 0     2     4     6  
   6( 1)    5.121                    1.000 0.000 0.000 0.000

  R CORE   ENERGY   A0R/A00=1.000    R3= 0     2     4     6  
   7( 1)  494.017                    0.000 1.000 0.000 0.000

          AXIAL SYMMETRY => K RESTRICTED TO OMEGA

                     K
     S.P. ORB#: 24 -5.50
     S.P. ORB#: 25  0.50
     S.P. ORB#: 26  2.50
     S.P. ORB#: 27 -3.50
     S.P. ORB#: 28  0.50
     S.P. ORB#: 29 -1.50
     S.P. ORB#: 30  0.50
     S.P. ORB#: 31 -1.50
     S.P. ORB#: 32 -3.50
     S.P. ORB#: 33  2.50
     S.P. ORB#: 34  4.50
     S.P. ORB#: 35  0.50
     S.P. ORB#: 36 -3.50
     S.P. ORB#: 37 -1.50
     S.P. ORB#: 38  2.50
 

             ENERGY    K= OMEGA
 
 I=  1/2- (1)  2.449  30: 0.999
 
 I=  1/2- (2)  5.325  28:-0.286
                      35: 0.958
 
 I=  1/2- (3)  5.890  25: 0.999
 
 I=  1/2- (4)  8.918  28:-0.958
                      35:-0.286
 
 I=  1/2- (5)147.362  31: 1.000

             ENERGY    K= OMEGA
 
 I=  3/2- (1)  2.331  25: 0.075
                      30:-0.274
                      31: 0.959
 
 I=  3/2- (2)  2.519  25:-0.202
                      30:-0.914
                      31:-0.241
                      37:-0.257

             ENERGY    K= OMEGA
 
 I=  5/2- (1)  2.489  25:-0.260
                      30: 0.463
                      31: 0.810
                      37:-0.099
                      38:-0.227
 
 I=  5/2- (2)  3.375  25: 0.052
                      26: 0.061
                      30:-0.753
                      31: 0.457
                      37: 0.443
                      38:-0.147
 
 I=  5/2- (3)  3.887  25:-0.102
                      26: 0.069
                      30: 0.194
                      31: 0.147
                      37: 0.461
                      38: 0.845
 
 I=  5/2- (4)  4.485  26:-0.185
                      30:-0.374
                      31: 0.267
                      37:-0.737
                      38: 0.460
 
 I=  5/2- (5)  4.780  26: 0.978
                      37:-0.196

             ENERGY    K= OMEGA
 
 I=  7/2- (1)  1.733  26:-0.173
                      32: 0.983
 
 I=  7/2- (2)  3.325  25: 0.144
                      30:-0.260
                      31: 0.870
                      37:-0.110
                      38: 0.374
 
 I=  7/2- (3)  3.489  25:-0.306
                      30:-0.854
                      31:-0.237
                      37:-0.344
 
 I=  7/2- (4)  3.826  28: 0.665
                      29: 0.586
                      33: 0.423
                      36: 0.187
 
 I=  7/2- (5)  4.291  26: 0.203
                      27: 0.958
                      30: 0.068
                      31:-0.078
                      37:-0.072
                      38: 0.157

             ENERGY    K= OMEGA
 
 I=  9/2- (1)  2.058  26: 0.084
                      27:-0.169
                      32: 0.310
                      34: 0.932
 
 I=  9/2- (2)  2.750  26: 0.234
                      27: 0.095
                      31: 0.054
                      32: 0.914
                      34:-0.309
                      38:-0.052
 
 I=  9/2- (3)  3.567  25:-0.372
                      30: 0.499
                      31: 0.714
                      32:-0.070
                      37:-0.162
                      38:-0.266
 
 I=  9/2- (4)  4.678  28:-0.213
                      29: 0.550
                      33:-0.681
                      36: 0.433
 
 I=  9/2- (5)  5.236  26: 0.100
                      30:-0.646
                      31: 0.494
                      32:-0.056
                      37: 0.515
                      38:-0.239

             ENERGY    K= OMEGA
 
 I= 11/2- (1)  3.178  26:-0.137
                      27:-0.229
                      32: 0.407
                      34:-0.873
 
 I= 11/2- (2)  3.219  28:-0.647
                      29:-0.582
                      33:-0.435
                      35:-0.065
                      36:-0.224
 
 I= 11/2- (3)  3.997  26:-0.273
                      27: 0.141
                      31: 0.069
                      32: 0.855
                      34: 0.405
                      38: 0.068
 
 I= 11/2- (4)  5.237  25: 0.278
                      31: 0.853
                      32:-0.099
                      37:-0.067
                      38: 0.424
 
 I= 11/2- (5)  5.354  25: 0.304
                      30: 0.856
                      37: 0.399
                      38:-0.116

             ENERGY    K= OMEGA
 
 I= 13/2- (1)  4.523  26: 0.183
                      27:-0.269
                      32: 0.463
                      34: 0.823
 
 I= 13/2- (2)  5.164  28: 0.214
                      29:-0.550
                      33: 0.674
                      36:-0.444
 
 I= 13/2- (3)  5.412  25: 0.280
                      26:-0.235
                      27:-0.151
                      30:-0.308
                      31:-0.446
                      32:-0.603
                      34: 0.364
                      37: 0.093
                      38: 0.211
 
 I= 13/2- (4)  5.589  25: 0.343
                      26: 0.186
                      27: 0.101
                      30:-0.403
                      31:-0.497
                      32: 0.542
                      34:-0.288
                      37: 0.153
                      38: 0.166
 
 I= 13/2- (5)  7.242  24: 0.999

             ENERGY     K= 5/2
  32 LEVELS    TIME=  0.0 SEC



 ******************* EXCITATION ENERGIES, DOMINANT CONFIGURATION AND EXPECTATION VALUES (WITH S.P. UU+VV FACTORS) *******************

  NR  Eex(keV)  I   Kdom  NY    <Jz>  <Jx**2> <Jy**2> <Jz**2> <I.j>/|I|  <Rx**2> <Ry**2> <Rz**2> <R.j>/|R|  <HROTx> <HROTy> <HROTz>

   1    0.0   7/2-  -7/2  32   -3.31    2.31    2.31   12.06    3.28       3.18    3.18    0.00   -1.44      0.387   0.387   0.000
   2  324.6   9/2-   9/2  34    3.49    2.51    2.51   19.15    4.18       3.66    3.66    0.00   -1.25      0.447   0.447   0.000
   3  598.2   3/2-  -3/2  31   -1.34    4.87    4.87    2.09    1.39       5.11    5.11    0.00   -2.86      0.622   0.622   0.000
   4  716.3   1/2-   1/2  30    0.50    4.90    4.90    0.25    0.25       5.18    5.18   -0.00   -3.05      0.632   0.632  -0.000
   5  756.3   5/2-  -3/2  31   -0.73    5.00    5.00    1.90    2.02       4.34    4.34    0.00   -2.01      0.530   0.530   0.000
  
   6  785.7   3/2-   1/2  30    0.25    4.46    4.46    0.50    1.06       4.54    4.54   -0.00   -2.45      0.553   0.553  -0.000
   7 1016.9   9/2-  -7/2  32   -2.38    2.39    2.39   12.63    2.84       6.97    6.97    0.00   -0.88      0.850   0.850   0.000
   8 1445.6  11/2-   9/2  34    2.71    2.69    2.69   18.24    3.61       8.11    8.11    0.00   -0.51      0.988   0.988   0.000
   9 1486.5  11/2-   1/2  28    0.00   23.60   23.60    2.66    6.19       5.82    5.82    0.00   -3.77      0.709   0.709   0.000
  10 1591.7   7/2-  -3/2  31   -0.77    4.55    4.55    2.66    1.53       7.67    7.67    0.00   -1.45      0.935   0.935   0.000
  
  11 1642.2   5/2-   1/2  30   -0.26    4.08    4.08    1.21    0.53       7.48    7.48   -0.00   -2.02      0.912   0.912  -0.000
  12 1755.6   7/2-   1/2  30    0.15    4.30    4.30    0.61    1.26       7.46    7.46   -0.00   -1.09      0.910   0.910  -0.000
  13 1833.9   9/2-  -3/2  31   -0.45    5.12    5.12    1.81    2.19       7.53    7.53    0.00   -0.30      0.918   0.918   0.000
  14 2092.9   7/2-   1/2  28    0.03   23.27   23.27    2.43    6.08       8.24    8.24    0.00   -6.12      1.005   1.005   0.000
  15 2154.3   5/2-   5/2  38    1.47    2.03    2.03    5.03    1.81       3.57    3.57    0.00   -1.40      0.435   0.435   0.000
  
  16 2264.0  11/2-  -7/2  32   -1.70    2.47    2.47   13.04    2.53      11.75   11.75    0.00   -0.59      1.432   1.432   0.000
  17 2557.6   7/2-  -7/2  27   -3.07    6.06    6.06   11.69    3.08       7.55    7.55    0.00   -2.98      0.920   0.920   0.000
  18 2752.3   5/2-  -3/2  37   -0.24    2.75    2.75    2.95    0.29       7.76    7.76   -0.00   -1.93      0.946   0.946  -0.000
  19 2790.5  13/2-   9/2  34    2.12    2.86    2.86   17.48    3.23      13.45   13.45    0.00   -0.13      1.640   1.640   0.000
  20 2944.8   9/2-   5/2  33    0.07   24.09   24.09    5.89    5.21      13.48   13.48    0.00   -5.42      1.643   1.643   0.000
  
  21 3047.0   5/2-   5/2  26    2.34    5.87    5.87    6.08    1.99       7.41    7.41    0.00   -3.10      0.903   0.903   0.000
  22 3430.8  13/2-   5/2  33    0.01   24.09   24.09    5.95    5.16      15.42   15.42    0.00   -3.26      1.879   1.879   0.000
  23 3502.9   9/2-   1/2  30   -0.40    3.70    3.70    1.72    0.53      14.31   14.31    0.00   -1.22      1.745   1.745   0.000
  24 3504.4  11/2-  -3/2  31   -0.64    4.47    4.47    2.94    1.55      14.52   14.52    0.00   -0.48      1.770   1.770   0.000
  25 3592.0   1/2-   1/2  35    0.50   12.26   12.26    0.25   -1.13      13.74   13.74    0.00   -4.91      1.676   1.676   0.000
  
  26 3620.7  11/2-   1/2  30    0.21    4.20    4.20    0.67    1.29      14.70   14.70   -0.00   -0.25      1.793   1.793  -0.000
  27 3678.6  13/2-  -7/2  32   -0.74    3.67    3.67    8.57    2.34      15.97   15.97   -0.00    0.08      1.947   1.947  -0.000
  28 3856.5  13/2-  -7/2  32   -0.80    4.15    4.15    6.48    2.20      16.38   16.38    0.00    0.10      1.997   1.997   0.000
  29 4157.1   1/2-   1/2  25    0.50    6.77    6.77    0.25    0.65       6.71    6.71   -0.00   -3.61      0.818   0.818  -0.000
  30 5509.2  13/2- -11/2  24   -5.49    2.75    2.75   30.21    4.32      12.04   12.04    0.00   -1.13      1.468   1.468   0.050
  
  31 7185.3   1/2-   1/2  28    0.50   23.44   23.44    0.25   -3.48      26.96   26.96    0.00   -6.83      3.287   3.287   0.000
  32*******   1/2-  -3/2  31    0.00    0.00    0.00    0.00   -0.00       0.00    0.00    0.00   -0.00      0.000   0.000   0.000
