1SPECTRUM OF (Z= 82 A=207) IN PARTICLE-ROTOR  MODEL WITH MODIFIED OSCILLATOR POTENTIAL


 PARITY=-   EPS= 0.228   GAMMA=  0.0   EPS4=0.000   EPS6=0.000   LEVELS:  25  26  27  28  29  30  31  32  33  34  35  36  37  38  39

 PAIRING FACTORS: GN0= 19.20  GN1=  7.40  IPAIR= 15 ***  E2PLUS(INPUT)=   0.730  E2PLUR(INPUT)=   0.000

 CORIOLIS ATTENUATION PARAMETERS:  CHSI=1.000  ETA=  1.00

 MOMENT OF INERTIA PARAMETERS:   A1=  0.122 MEV   A2=  0.122 MEV   A3=121.91925 MEV


 DELTA=0.942 MEV  LAMBDA=53.4675 MEV   HW0= 7.4564 MEV   LAMBDA/HW0= 7.1707

 E2ENERGY=0.730 MEV  HBAR**2/B= 9639./A**(7/3)=1629.4/A**2 MEV

 IREC=0  =>  RECOIL TERMS j+j-, j+j+, jzjz, ETC TREATED AS ONE-BODY OPERATORS WITH UU+VV PAIRING FACTORS



 S. P. LEVEL   EQP       U     V        (UU + VV)**1.00

     25       4.130    0.115 0.993      1.000 1.000 1.000 0.995 0.992 0.988 0.986 0.611 0.581 0.500 0.496 0.373 0.370 0.286 0.236
     26       4.062    0.117 0.993      1.000 1.000 1.000 0.996 0.992 0.989 0.987 0.613 0.582 0.501 0.497 0.375 0.371 0.288 0.238
     27       3.524    0.135 0.991      1.000 1.000 1.000 0.997 0.994 0.991 0.990 0.627 0.597 0.517 0.513 0.392 0.388 0.305 0.256
     28       2.290    0.210 0.978      0.995 0.996 0.997 1.000 0.999 0.998 0.998 0.685 0.657 0.581 0.577 0.461 0.458 0.377 0.329
     29       2.012    0.241 0.970      0.992 0.992 0.994 0.999 1.000 1.000 0.999 0.708 0.680 0.607 0.603 0.489 0.486 0.407 0.359
     30       1.849    0.264 0.964      0.988 0.989 0.991 0.998 1.000 1.000 1.000 0.724 0.697 0.625 0.622 0.510 0.506 0.428 0.381
     31       1.775    0.276 0.961      0.986 0.987 0.990 0.998 0.999 1.000 1.000 0.733 0.706 0.635 0.631 0.520 0.517 0.439 0.392
     32       1.065    0.856 0.516      0.611 0.613 0.627 0.685 0.708 0.724 0.733 1.000 0.999 0.991 0.990 0.962 0.961 0.933 0.913
     33       1.113    0.875 0.483      0.581 0.582 0.597 0.657 0.680 0.697 0.706 0.999 1.000 0.995 0.995 0.972 0.971 0.946 0.928
     34       1.292    0.918 0.397      0.500 0.501 0.517 0.581 0.607 0.625 0.635 0.991 0.995 1.000 1.000 0.990 0.990 0.973 0.960
     35       1.304    0.920 0.393      0.496 0.497 0.513 0.577 0.603 0.622 0.631 0.990 0.995 1.000 1.000 0.991 0.990 0.974 0.961
     36       1.847    0.964 0.264      0.373 0.375 0.392 0.461 0.489 0.510 0.520 0.962 0.972 0.990 0.991 1.000 1.000 0.996 0.990
     37       1.872    0.965 0.261      0.370 0.371 0.388 0.458 0.486 0.506 0.517 0.961 0.971 0.990 0.990 1.000 1.000 0.996 0.990
     38       2.745    0.985 0.174      0.286 0.288 0.305 0.377 0.407 0.428 0.439 0.933 0.946 0.973 0.974 0.996 0.996 1.000 0.999
     39       3.855    0.992 0.123      0.236 0.238 0.256 0.329 0.359 0.381 0.392 0.913 0.928 0.960 0.961 0.990 0.990 0.999 1.000

  R CORE   ENERGY   A0R/A00=1.000    R3= 0     2  
   2( 1)    0.732                    1.000 0.000
   2( 2)  487.921                    0.000 1.000

  R CORE   ENERGY   A0R/A00=1.000    R3= 0     2  
   3( 1)  488.652                    0.000 1.000

  R CORE   ENERGY   A0R/A00=1.000    R3= 0     2     4  
   4( 1)    2.438                    1.000 0.000 0.000

  R CORE   ENERGY   A0R/A00=1.000    R3= 0     2     4  
   5( 1)  490.847                    0.000 1.000 0.000

  R CORE   ENERGY   A0R/A00=1.000    R3= 0     2     4     6  
   6( 1)    5.121                    1.000 0.000 0.000 0.000

  R CORE   ENERGY   A0R/A00=1.000    R3= 0     2     4     6  
   7( 1)  494.017                    0.000 1.000 0.000 0.000

          AXIAL SYMMETRY => K RESTRICTED TO OMEGA

                     K
     S.P. ORB#: 25  0.50
     S.P. ORB#: 26  2.50
     S.P. ORB#: 27 -3.50
     S.P. ORB#: 28 -3.50
     S.P. ORB#: 29  0.50
     S.P. ORB#: 30 -1.50
     S.P. ORB#: 31  4.50
     S.P. ORB#: 32  0.50
     S.P. ORB#: 33 -1.50
     S.P. ORB#: 34  2.50
     S.P. ORB#: 35 -1.50
     S.P. ORB#: 36  0.50
     S.P. ORB#: 37  2.50
     S.P. ORB#: 38 -3.50
     S.P. ORB#: 39  4.50
 

             ENERGY    K= OMEGA
 
 I=  1/2- (1)  2.126  25:-0.055
                      36:-0.998
 
 I=  1/2- (2)  3.109  29: 0.999
 
 I=  1/2- (3)  5.434  25: 0.998
                      36:-0.056
 
 I=  1/2- (4)  8.705  32:-1.000
 
 I=  1/2- (5)147.416  33:-1.000

             ENERGY    K= OMEGA
 
 I=  3/2- (1)  1.622  29: 0.187
                      30: 0.099
                      33: 0.974
                      36:-0.066
 
 I=  3/2- (2)  2.718  25: 0.065
                      29: 0.230
                      30: 0.344
                      33:-0.143
                      36:-0.897

             ENERGY    K= OMEGA
 
 I=  5/2- (1)  1.773  25: 0.060
                      29:-0.153
                      30:-0.193
                      33: 0.473
                      34: 0.842
 
 I=  5/2- (2)  2.279  29: 0.192
                      30:-0.191
                      33:-0.842
                      34: 0.460
                      36:-0.069
 
 I=  5/2- (3)  2.739  25:-0.100
                      29: 0.271
                      30: 0.365
                      34: 0.184
                      36: 0.866
 
 I=  5/2- (4)  3.312  25:-0.335
                      29: 0.391
                      30: 0.678
                      33: 0.072
                      34: 0.183
                      36:-0.486
 
 I=  5/2- (5)  4.414  25:-0.066
                      29: 0.811
                      30:-0.516
                      33: 0.245
                      34:-0.105

             ENERGY    K= OMEGA
 
 I=  7/2- (1)  2.416  29: 0.201
                      30:-0.215
                      33: 0.549
                      34:-0.780
 
 I=  7/2- (2)  2.922  25: 0.154
                      26:-0.157
                      27: 0.058
                      28:-0.487
                      29: 0.295
                      30: 0.282
                      33: 0.593
                      34: 0.413
                      36:-0.151
 
 I=  7/2- (3)  3.069  25: 0.102
                      26: 0.177
                      27:-0.060
                      28: 0.838
                      29: 0.190
                      30: 0.183
                      33: 0.332
                      34: 0.249
                      36:-0.105
 
 I=  7/2- (4)  3.398  32:-0.737
                      35:-0.571
                      37:-0.337
                      38:-0.134
 
 I=  7/2- (5)  4.186  25:-0.212
                      29:-0.164
                      30:-0.530
                      33: 0.345
                      34: 0.328
                      36: 0.647

             ENERGY    K= OMEGA
 
 I=  9/2- (1)  2.545  26:-0.073
                      27: 0.249
                      28: 0.181
                      31:-0.946
                      34:-0.055
 
 I=  9/2- (2)  3.097  25: 0.210
                      29:-0.331
                      30:-0.404
                      31:-0.075
                      33: 0.473
                      34: 0.654
                      36:-0.158
 
 I=  9/2- (3)  3.883  26:-0.314
                      27:-0.107
                      28: 0.856
                      29: 0.071
                      30:-0.112
                      31: 0.161
                      33:-0.296
                      34: 0.150
                      36:-0.054
 
 I=  9/2- (4)  4.185  25:-0.181
                      28: 0.275
                      29: 0.076
                      30: 0.440
                      33: 0.626
                      36: 0.542
 
 I=  9/2- (5)  4.306  25:-0.143
                      28:-0.226
                      29: 0.409
                      31:-0.064
                      33:-0.398
                      34: 0.663
                      36: 0.393

             ENERGY    K= OMEGA
 
 I= 11/2- (1)  2.297  32:-0.673
                      35:-0.566
                      37:-0.402
                      38:-0.234
                      39:-0.100
 
 I= 11/2- (2)  3.518  26:-0.121
                      27:-0.330
                      28:-0.249
                      31:-0.898
                      33: 0.053
                      34:-0.071
 
 I= 11/2- (3)  4.372  29:-0.293
                      30: 0.285
                      31:-0.105
                      33:-0.581
                      34: 0.694
 
 I= 11/2- (4)  4.876  25:-0.241
                      26: 0.247
                      27:-0.099
                      28: 0.510
                      29:-0.336
                      30:-0.363
                      31:-0.135
                      33:-0.424
                      34:-0.369
                      36: 0.179
 
 I= 11/2- (5)  5.149  25: 0.206
                      26: 0.273
                      27:-0.101
                      28: 0.723
                      29: 0.287
                      30: 0.282
                      31:-0.202
                      33: 0.266
                      34: 0.225
                      36:-0.162

             ENERGY    K= OMEGA
 
 I= 13/2- (1)  4.061  32: 0.192
                      35:-0.497
                      37: 0.607
                      38:-0.514
                      39: 0.288
 
 I= 13/2- (2)  4.708  26:-0.161
                      27: 0.376
                      28: 0.291
                      29: 0.062
                      30: 0.068
                      31:-0.846
                      33:-0.091
                      34:-0.115
 
 I= 13/2- (3)  5.142  25: 0.336
                      28: 0.066
                      29:-0.425
                      30:-0.499
                      31:-0.162
                      33: 0.382
                      34: 0.485
                      36:-0.212
 
 I= 13/2- (4)  6.362  26:-0.398
                      27:-0.165
                      28: 0.797
                      29: 0.063
                      30:-0.106
                      31: 0.284
                      33:-0.262
                      34: 0.103
                      36:-0.054
 
 I= 13/2- (5)  6.772  25:-0.239
                      27:-0.060
                      28: 0.172
                      29: 0.171
                      30: 0.321
                      33: 0.520
                      34: 0.452
                      36: 0.550

             ENERGY     K= 9/2
  32 LEVELS    TIME=  0.0 SEC



 ******************* EXCITATION ENERGIES, DOMINANT CONFIGURATION AND EXPECTATION VALUES (WITH S.P. UU+VV FACTORS) *******************

  NR  Eex(keV)  I   Kdom  NY    <Jz>  <Jx**2> <Jy**2> <Jz**2> <I.j>/|I|  <Rx**2> <Ry**2> <Rz**2> <R.j>/|R|  <HROTx> <HROTy> <HROTz>

   1    0.0   3/2-  -3/2  33   -1.42    1.64    1.64    2.17    1.40       1.89    1.89    0.00   -1.41      0.231   0.231   0.000
   2  150.9   5/2-   5/2  34    1.40    1.95    1.95    5.03    2.33       1.93    1.93    0.00   -1.03      0.236   0.236   0.000
   3  504.3   1/2-   1/2  36    0.50    1.33    1.33    0.25    0.82       1.12    1.12    0.00   -1.47      0.136   0.136   0.000
   4  657.3   5/2-  -3/2  33   -0.56    1.64    1.64    3.02    1.07       4.35    4.35    0.00   -1.06      0.530   0.530   0.000
   5  675.3  11/2-   1/2  32    0.00   27.01   27.01    2.72    7.11       3.71    3.71   -0.00   -5.21      0.453   0.453  -0.000
  
   6  793.5   7/2-   5/2  34    1.02    2.01    2.01    4.63    1.92       4.58    4.58    0.00   -0.34      0.558   0.558   0.000
   7  922.6   9/2-   9/2  31    3.72    2.63    2.63   19.34    4.44       2.60    2.60    0.00   -1.11      0.317   0.317   0.000
   8 1096.0   3/2-   1/2  36    0.22    1.89    1.89    0.53    0.25       3.56    3.56    0.00   -1.44      0.434   0.434   0.000
   9 1117.0   5/2-   1/2  36    0.30    2.31    2.31    0.72    1.17       3.59    3.59    0.00   -0.70      0.438   0.438   0.000
  10 1299.6   7/2-  -3/2  33   -0.93    2.08    2.08    5.17    1.93       4.89    4.89    0.00   -0.54      0.597   0.597   0.000
  
  11 1447.0   7/2-  -7/2  28   -2.42    2.25    2.25    9.56    2.80       3.78    3.78    0.00   -1.07      0.460   0.460   0.000
  12 1474.8   9/2-   5/2  34    0.60    2.95    2.95    3.72    2.19       6.28    6.28    0.00    0.36      0.766   0.766   0.000
  13 1487.3   1/2-   1/2  29    0.50    4.28    4.28    0.25    0.34       4.49    4.49    0.00   -2.84      0.547   0.547   0.000
  14 1689.5   5/2-  -3/2  30   -0.36    3.41    3.41    1.38    1.20       4.94    4.94    0.00   -1.48      0.602   0.602   0.000
  15 1776.4   7/2-   1/2  32    0.00   27.23   27.23    1.80    6.87       8.75    8.75    0.00   -6.93      1.067   1.067   0.000
  
  16 1896.3  11/2-   9/2  31    3.07    2.93    2.93   18.54    4.01       6.12    6.12    0.00   -0.13      0.746   0.746   0.001
  17 2261.3   9/2-  -7/2  28   -2.33    2.39    2.39   10.63    2.76       6.36    6.36    0.00   -0.47      0.775   0.775   0.000
  18 2439.1  13/2-   5/2  37    0.02   25.71   25.71    7.78    6.58       8.06    8.06    0.00   -3.31      0.982   0.982   0.000
  19 2563.4   9/2-  -3/2  33   -0.97    2.10    2.10    2.39    1.08      10.30   10.30    0.00   -0.27      1.256   1.256   0.000
  20 2563.9   7/2-   1/2  36   -0.09    2.79    2.79    1.72    0.45       9.74    9.74    0.00   -1.25      1.188   1.188   0.000
  
  21 2683.5   9/2-   5/2  34    0.87    2.48    2.48    3.92    1.14      11.14   11.14    0.00   -0.68      1.358   1.358   0.000
  22 2749.7  11/2-   5/2  34    0.67    2.28    2.28    4.22    1.65      12.40   12.40    0.00    0.22      1.511   1.511   0.000
  23 2791.6   5/2-   1/2  29   -0.13    4.27    4.27    0.97   -0.38      10.24   10.24    0.00   -2.35      1.249   1.249   0.000
  24 3085.6  13/2-   9/2  31    2.51    3.18    3.18   17.54    3.68      10.61   10.61    0.00    0.39      1.294   1.294   0.000
  25 3254.1  11/2-  -7/2  28   -0.73    2.53    2.53    5.66    1.95      11.56   11.56    0.00    0.20      1.410   1.410   0.000
  
  26 3520.1  13/2-  -3/2  30    0.26    3.84    3.84    3.04    2.35      13.30   13.30    0.00    1.11      1.621   1.621   0.000
  27 3526.9  11/2-  -7/2  28   -1.52    2.62    2.62    8.51    2.18      11.73   11.73    0.00   -0.15      1.430   1.430   0.000
  28 3811.9   1/2-   1/2  25    0.50    5.49    5.49    0.25    0.70       5.39    5.39    0.00   -3.24      0.657   0.657   0.000
  29 4739.9  13/2-  -7/2  28   -1.65    2.61    2.61   10.99    2.36      15.98   15.98    0.00    0.05      1.948   1.948   0.000
  30 5149.8  13/2-   1/2  36    0.03    2.25    2.25    2.63    1.02      20.84   20.84    0.00   -0.00      2.541   2.541   0.000
  
  31 7082.5   1/2-   1/2  32    0.50   27.41   27.41    0.25   -3.95      31.33   31.33    0.00   -7.39      3.820   3.820   0.000
  32*******   1/2-  -3/2  33    0.00    0.00    0.00    0.00   -0.00       0.00    0.00    0.00   -0.00      0.000   0.000   0.000
