1SPECTRUM OF (Z= 82 A=207) IN PARTICLE-ROTOR  MODEL WITH MODIFIED OSCILLATOR POTENTIAL


 PARITY=-   EPS= 0.287   GAMMA=  0.0   EPS4=0.000   EPS6=0.000   LEVELS:  25  26  27  28  29  30  31  32  33  34  35  36  37  38  39

 PAIRING FACTORS: GN0= 19.20  GN1=  7.40  IPAIR= 15 ***  E2PLUS(INPUT)=   0.730  E2PLUR(INPUT)=   0.000

 CORIOLIS ATTENUATION PARAMETERS:  CHSI=1.000  ETA=  1.00

 MOMENT OF INERTIA PARAMETERS:   A1=  0.122 MEV   A2=  0.122 MEV   A3=121.91923 MEV


 DELTA=0.951 MEV  LAMBDA=53.2989 MEV   HW0= 7.4845 MEV   LAMBDA/HW0= 7.1213

 E2ENERGY=0.730 MEV  HBAR**2/B=15273./A**(7/3)=2581.8/A**2 MEV

 IREC=0  =>  RECOIL TERMS j+j-, j+j+, jzjz, ETC TREATED AS ONE-BODY OPERATORS WITH UU+VV PAIRING FACTORS



 S. P. LEVEL   EQP       U     V        (UU + VV)**1.00

     25       4.114    0.116 0.993      1.000 1.000 0.999 0.978 0.969 0.967 0.907 0.897 0.741 0.449 0.370 0.338 0.299 0.286 0.251
     26       3.500    0.137 0.991      1.000 1.000 1.000 0.982 0.974 0.972 0.915 0.906 0.755 0.467 0.390 0.358 0.318 0.306 0.271
     27       2.947    0.164 0.987      0.999 1.000 1.000 0.987 0.980 0.978 0.926 0.917 0.772 0.491 0.414 0.383 0.344 0.331 0.297
     28       1.571    0.319 0.948      0.978 0.982 0.987 1.000 0.999 0.999 0.974 0.969 0.864 0.624 0.554 0.526 0.490 0.478 0.446
     29       1.422    0.358 0.934      0.969 0.974 0.980 0.999 1.000 1.000 0.983 0.979 0.884 0.656 0.588 0.560 0.525 0.514 0.483
     30       1.394    0.367 0.930      0.967 0.972 0.978 0.999 1.000 1.000 0.984 0.980 0.888 0.663 0.596 0.568 0.533 0.522 0.491
     31       1.065    0.524 0.851      0.907 0.915 0.926 0.974 0.983 0.984 1.000 1.000 0.955 0.784 0.727 0.703 0.673 0.664 0.636
     32       1.043    0.543 0.840      0.897 0.906 0.917 0.969 0.979 0.980 1.000 1.000 0.961 0.797 0.742 0.719 0.689 0.680 0.653
     33       0.960    0.753 0.657      0.741 0.755 0.772 0.864 0.884 0.888 0.955 0.961 1.000 0.933 0.898 0.883 0.862 0.856 0.836
     34       1.481    0.940 0.342      0.449 0.467 0.491 0.624 0.656 0.663 0.784 0.797 0.933 1.000 0.996 0.993 0.987 0.985 0.978
     35       1.898    0.966 0.260      0.370 0.390 0.414 0.554 0.588 0.596 0.727 0.742 0.898 0.996 1.000 0.999 0.997 0.996 0.992
     36       2.158    0.974 0.226      0.338 0.358 0.383 0.526 0.560 0.568 0.703 0.719 0.883 0.993 0.999 1.000 0.999 0.999 0.996
     37       2.610    0.983 0.185      0.299 0.318 0.344 0.490 0.525 0.533 0.673 0.689 0.862 0.987 0.997 0.999 1.000 1.000 0.999
     38       2.797    0.985 0.173      0.286 0.306 0.331 0.478 0.514 0.522 0.664 0.680 0.856 0.985 0.996 0.999 1.000 1.000 0.999
     39       3.510    0.991 0.137      0.251 0.271 0.297 0.446 0.483 0.491 0.636 0.653 0.836 0.978 0.992 0.996 0.999 0.999 1.000

  R CORE   ENERGY   A0R/A00=1.000    R3= 0     2  
   2( 1)    0.732                    1.000 0.000
   2( 2)  487.921                    0.000 1.000

  R CORE   ENERGY   A0R/A00=1.000    R3= 0     2  
   3( 1)  488.652                    0.000 1.000

  R CORE   ENERGY   A0R/A00=1.000    R3= 0     2     4  
   4( 1)    2.438                    1.000 0.000 0.000

  R CORE   ENERGY   A0R/A00=1.000    R3= 0     2     4  
   5( 1)  490.847                    0.000 1.000 0.000

  R CORE   ENERGY   A0R/A00=1.000    R3= 0     2     4     6  
   6( 1)    5.121                    1.000 0.000 0.000 0.000

  R CORE   ENERGY   A0R/A00=1.000    R3= 0     2     4     6  
   7( 1)  494.017                    0.000 1.000 0.000 0.000

          AXIAL SYMMETRY => K RESTRICTED TO OMEGA

                     K
     S.P. ORB#: 25  0.50
     S.P. ORB#: 26  2.50
     S.P. ORB#: 27 -3.50
     S.P. ORB#: 28  0.50
     S.P. ORB#: 29 -1.50
     S.P. ORB#: 30 -3.50
     S.P. ORB#: 31  0.50
     S.P. ORB#: 32  4.50
     S.P. ORB#: 33 -1.50
     S.P. ORB#: 34  2.50
     S.P. ORB#: 35 -1.50
     S.P. ORB#: 36  2.50
     S.P. ORB#: 37 -3.50
     S.P. ORB#: 38  0.50
     S.P. ORB#: 39  0.50
 

             ENERGY    K= OMEGA
 
 I=  1/2- (1)  2.749  28:-0.994
                      38:-0.101
 
 I=  1/2- (2)  3.117  25:-0.067
                      28: 0.099
                      38:-0.993
 
 I=  1/2- (3)  5.589  25: 0.997
                      38:-0.063
 
 I=  1/2- (4)  6.345  31:-0.617
                      39: 0.787
 
 I=  1/2- (5)  9.206  31:-0.787
                      39:-0.617

             ENERGY    K= OMEGA
 
 I=  3/2- (1)  2.335  25: 0.119
                      28: 0.408
                      29: 0.277
                      35: 0.854
                      38:-0.114
 
 I=  3/2- (2)  2.608  25: 0.063
                      28:-0.335
                      29: 0.926
                      35:-0.156

             ENERGY    K= OMEGA
 
 I=  5/2- (1)  2.437  25:-0.195
                      28: 0.363
                      29: 0.573
                      35:-0.327
                      36:-0.615
                      38: 0.133
 
 I=  5/2- (2)  2.951  25: 0.126
                      26:-0.054
                      29:-0.539
                      35:-0.799
                      36:-0.130
                      38:-0.182
 
 I=  5/2- (3)  3.075  25: 0.165
                      28:-0.502
                      29:-0.216
                      35: 0.301
                      36:-0.746
                      38:-0.164
 
 I=  5/2- (4)  3.935  25:-0.149
                      28:-0.110
                      29: 0.328
                      35:-0.063
                      36: 0.122
                      38:-0.916
 
 I=  5/2- (5)  4.160  25:-0.101
                      28: 0.744
                      29:-0.414
                      35: 0.396
                      36:-0.183
                      38:-0.272

             ENERGY    K= OMEGA
 
 I=  7/2- (1)  2.158  26: 0.214
                      27:-0.062
                      30:-0.974
 
 I=  7/2- (2)  3.133  28:-0.315
                      29: 0.467
                      35:-0.453
                      36: 0.689
 
 I=  7/2- (3)  3.221  31: 0.741
                      33: 0.567
                      34: 0.331
                      37: 0.130
 
 I=  7/2- (4)  3.356  25:-0.296
                      28:-0.541
                      29:-0.501
                      35:-0.516
                      36:-0.237
                      38: 0.207
 
 I=  7/2- (5)  4.214  26:-0.064
                      27:-0.124
                      28:-0.539
                      29: 0.615
                      35: 0.201
                      36:-0.520

             ENERGY    K= OMEGA
 
 I=  9/2- (1)  1.868  26:-0.065
                      27: 0.225
                      30:-0.184
                      32:-0.954
 
 I=  9/2- (2)  3.070  26:-0.292
                      27:-0.094
                      29:-0.068
                      30:-0.929
                      32: 0.176
                      36: 0.067
 
 I=  9/2- (3)  3.456  25:-0.337
                      28: 0.460
                      29: 0.620
                      30:-0.084
                      35:-0.275
                      36:-0.413
                      38: 0.189
 
 I=  9/2- (4)  4.465  31: 0.241
                      33:-0.606
                      34: 0.647
                      37:-0.395
 
 I=  9/2- (5)  4.690  25: 0.192
                      26:-0.077
                      27: 0.078
                      28:-0.059
                      29:-0.389
                      35:-0.712
                      36:-0.457
                      38:-0.277

             ENERGY    K= OMEGA
 
 I= 11/2- (1)  2.422  31: 0.690
                      33: 0.578
                      34: 0.390
                      37: 0.192
 
 I= 11/2- (2)  2.893  26: 0.109
                      27: 0.303
                      30:-0.255
                      32: 0.911
 
 I= 11/2- (3)  4.212  26: 0.343
                      27:-0.126
                      29:-0.069
                      30:-0.890
                      32:-0.248
                      36:-0.071
 
 I= 11/2- (4)  5.033  28:-0.344
                      29: 0.518
                      35:-0.452
                      36: 0.632
 
 I= 11/2- (5)  5.183  25:-0.385
                      28:-0.589
                      29:-0.485
                      30: 0.099
                      35:-0.417
                      36:-0.184
                      38: 0.227

             ENERGY    K= OMEGA
 
 I= 13/2- (1)  4.138  26:-0.149
                      27: 0.352
                      30:-0.304
                      32:-0.872
 
 I= 13/2- (2)  4.650  31:-0.226
                      33: 0.585
                      34:-0.655
                      37: 0.422
 
 I= 13/2- (3)  5.331  25:-0.410
                      26: 0.077
                      28: 0.473
                      29: 0.606
                      30: 0.174
                      35:-0.220
                      36:-0.336
                      38: 0.200
 
 I= 13/2- (4)  5.606  25:-0.087
                      26:-0.371
                      27:-0.150
                      28: 0.122
                      29: 0.099
                      30:-0.839
                      32: 0.299
                      35:-0.107
 
 I= 13/2- (5)  7.383  25: 0.202
                      26:-0.076
                      27: 0.082
                      28:-0.064
                      29:-0.273
                      30: 0.063
                      32: 0.052
                      35:-0.685
                      36:-0.545
                      38:-0.309

             ENERGY     K= 1/2
  32 LEVELS    TIME=  0.0 SEC



 ******************* EXCITATION ENERGIES, DOMINANT CONFIGURATION AND EXPECTATION VALUES (WITH S.P. UU+VV FACTORS) *******************

  NR  Eex(keV)  I   Kdom  NY    <Jz>  <Jx**2> <Jy**2> <Jz**2> <I.j>/|I|  <Rx**2> <Ry**2> <Rz**2> <R.j>/|R|  <HROTx> <HROTy> <HROTz>

   1    0.0   9/2-   9/2  32    3.81    2.58    2.58   19.51    4.39       2.89    2.89    0.00   -1.19      0.353   0.353   0.001
   2  289.9   7/2-  -7/2  30   -3.22    2.31    2.31   11.96    3.39       2.71    2.71    0.00   -1.34      0.330   0.330   0.000
   3  466.5   3/2-  -3/2  35   -1.11    2.17    2.17    1.86    1.54       1.99    1.99   -0.00   -1.61      0.242   0.242  -0.000
   4  554.2  11/2-   1/2  31   -0.01   25.73   25.73    2.27    6.61       5.20    5.20    0.00   -4.40      0.634   0.634   0.000
   5  568.7   5/2-   5/2  36    0.39    3.50    3.50    3.39    2.49       2.21    2.21    0.00   -1.44      0.270   0.270   0.000
  
   6  740.3   3/2-  -3/2  29   -1.26    4.61    4.61    2.01    1.45       4.69    4.69    0.00   -2.75      0.572   0.572   0.000
   7  880.7   1/2-   1/2  28    0.50    4.60    4.60    0.25    0.38       4.76    4.76    0.00   -2.95      0.581   0.581   0.000
   8 1025.2  11/2-   9/2  32    3.22    2.83    2.83   18.82    3.92       6.65    6.65    0.00   -0.28      0.811   0.811   0.001
   9 1082.6   5/2-  -3/2  35   -1.32    2.24    2.24    2.23    1.06       4.58    4.58    0.00   -1.18      0.559   0.559   0.000
  10 1202.0   9/2-  -7/2  30   -2.70    2.44    2.44   11.89    2.95       6.10    6.10    0.00   -0.61      0.744   0.744   0.000
  
  11 1206.6   5/2-   5/2  36    1.34    2.93    2.93    3.86    1.66       4.31    4.31    0.00   -1.63      0.526   0.526   0.000
  12 1248.8   1/2-   1/2  38    0.50    1.44    1.44    0.25    0.70       1.33    1.33    0.00   -1.54      0.163   0.163   0.000
  13 1264.5   7/2-   5/2  36    0.59    2.82    2.82    3.98    1.91       5.10    5.10    0.00   -0.64      0.621   0.621   0.000
  14 1352.8   7/2-   1/2  31    0.01   25.05   25.05    1.76    6.33       8.66    8.66   -0.00   -6.42      1.056   1.056  -0.000
  15 1487.8   7/2-   1/2  28   -0.43    3.17    3.17    1.65    1.52       5.84    5.84    0.00   -0.57      0.712   0.712   0.000
  
  16 1587.7   9/2-  -3/2  29   -0.10    4.41    4.41    2.30    2.38       6.09    6.09    0.00    0.21      0.742   0.742   0.000
  17 2066.6   5/2-   1/2  38    0.31    1.84    1.84    0.56    0.42       5.26    5.26    0.00   -0.93      0.642   0.642   0.000
  18 2269.9  13/2-   9/2  32    2.72    3.05    3.05   18.19    3.60      11.36   11.36    0.00    0.18      1.385   1.385   0.001
  19 2292.0   5/2-   1/2  28   -0.09    3.92    3.92    1.11   -0.37       9.95    9.95    0.00   -2.25      1.213   1.213   0.000
  20 2343.8  11/2-  -7/2  30   -2.25    2.54    2.54   11.92    2.66      10.50   10.50    0.00   -0.25      1.280   1.280   0.000
  
  21 2346.0   7/2-  -3/2  29    0.15    3.56    3.56    2.92    0.67      10.24   10.24    0.00   -1.63      1.249   1.249   0.000
  22 2596.7   9/2-   5/2  34   -0.02   25.45   25.45    5.37    5.65      12.39   12.39    0.00   -5.65      1.511   1.511   0.000
  23 2781.9  13/2-   5/2  34   -0.04   25.42   25.42    5.64    5.68      12.98   12.98    0.00   -3.31      1.583   1.583   0.000
  24 2822.2   9/2-  -3/2  35   -0.42    2.19    2.19    2.97    1.05      10.85   10.85    0.00   -0.46      1.323   1.323   0.000
  25 3164.6  11/2-   5/2  36    0.35    3.07    3.07    3.69    1.62      13.08   13.08    0.00   -0.02      1.595   1.595   0.000
  
  26 3315.1  11/2-   1/2  28   -0.29    3.51    3.51    1.40    1.55      12.85   12.85    0.00    0.16      1.566   1.566   0.000
  27 3463.2  13/2-  -3/2  29   -0.22    4.71    4.71    2.21    2.42      13.32   13.32    0.00    1.01      1.624   1.624   0.000
  28 3721.0   1/2-   1/2  25    0.50    6.18    6.18    0.25    0.68       6.09    6.09    0.00   -3.44      0.742   0.742   0.000
  29 3737.7  13/2-  -7/2  30   -1.81    2.72    2.72   11.63    2.43      15.94   15.94    0.00   -0.02      1.943   1.943   0.000
  30 4476.7   1/2-   1/2  39    0.50   13.14   13.14    0.25   -2.09      15.45   15.45    0.00   -5.10      1.883   1.883   0.000
  
  31 5515.4  13/2-  -3/2  35   -0.01    2.09    2.09    3.34    0.94      21.56   21.56    0.00   -0.14      2.628   2.628   0.000
  32 7338.0   1/2-   1/2  31    0.50   25.95   25.95    0.25   -3.60      29.57   29.57    0.00   -7.19      3.605   3.605   0.000
