1SPECTRUM OF (Z= 82 A=207) IN PARTICLE-ROTOR  MODEL WITH MODIFIED OSCILLATOR POTENTIAL


 PARITY=-   EPS= 0.240   GAMMA=  0.0   EPS4=0.000   EPS6=0.000   LEVELS:  25  26  27  28  29  30  31  32  33  34  35  36  37  38  39

 PAIRING FACTORS: GN0= 19.20  GN1=  7.40  IPAIR= 15 ***  E2PLUS(INPUT)=   0.730  E2PLUR(INPUT)=   0.000

 CORIOLIS ATTENUATION PARAMETERS:  CHSI=1.000  ETA=  1.00

 MOMENT OF INERTIA PARAMETERS:   A1=  0.122 MEV   A2=  0.122 MEV   A3=121.91923 MEV


 DELTA=0.938 MEV  LAMBDA=53.4368 MEV   HW0= 7.4615 MEV   LAMBDA/HW0= 7.1616

 E2ENERGY=0.730 MEV  HBAR**2/B=10680./A**(7/3)=1805.5/A**2 MEV

 IREC=0  =>  RECOIL TERMS j+j-, j+j+, jzjz, ETC TREATED AS ONE-BODY OPERATORS WITH UU+VV PAIRING FACTORS



 S. P. LEVEL   EQP       U     V        (UU + VV)**1.00

     25       4.137    0.114 0.993      1.000 1.000 1.000 0.993 0.990 0.986 0.980 0.677 0.534 0.521 0.453 0.381 0.348 0.287 0.234
     26       3.955    0.119 0.993      1.000 1.000 1.000 0.994 0.991 0.987 0.981 0.681 0.539 0.525 0.457 0.386 0.353 0.292 0.239
     27       3.412    0.139 0.990      1.000 1.000 1.000 0.996 0.993 0.990 0.985 0.695 0.555 0.542 0.475 0.404 0.371 0.311 0.258
     28       2.100    0.229 0.973      0.993 0.994 0.996 1.000 1.000 0.999 0.997 0.758 0.630 0.617 0.554 0.487 0.455 0.397 0.346
     29       1.925    0.252 0.968      0.990 0.991 0.993 1.000 1.000 1.000 0.998 0.773 0.647 0.635 0.573 0.507 0.476 0.418 0.367
     30       1.763    0.277 0.961      0.986 0.987 0.990 0.999 1.000 1.000 0.999 0.789 0.667 0.655 0.594 0.529 0.498 0.441 0.391
     31       1.598    0.309 0.951      0.980 0.981 0.985 0.997 0.998 0.999 1.000 0.809 0.691 0.679 0.620 0.557 0.527 0.471 0.422
     32       0.986    0.809 0.588      0.677 0.681 0.695 0.758 0.773 0.789 0.809 1.000 0.984 0.981 0.963 0.939 0.926 0.899 0.874
     33       1.198    0.901 0.435      0.534 0.539 0.555 0.630 0.647 0.667 0.691 0.984 1.000 1.000 0.996 0.985 0.978 0.963 0.947
     34       1.231    0.908 0.420      0.521 0.525 0.542 0.617 0.635 0.655 0.679 0.981 1.000 1.000 0.997 0.988 0.982 0.967 0.952
     35       1.438    0.938 0.348      0.453 0.457 0.475 0.554 0.573 0.594 0.620 0.963 0.996 0.997 1.000 0.997 0.993 0.984 0.973
     36       1.784    0.962 0.273      0.381 0.386 0.404 0.487 0.507 0.529 0.557 0.939 0.985 0.988 0.997 1.000 0.999 0.995 0.988
     37       2.022    0.971 0.239      0.348 0.353 0.371 0.455 0.476 0.498 0.527 0.926 0.978 0.982 0.993 0.999 1.000 0.998 0.993
     38       2.710    0.984 0.176      0.287 0.292 0.311 0.397 0.418 0.441 0.471 0.899 0.963 0.967 0.984 0.995 0.998 1.000 0.998
     39       3.891    0.993 0.121      0.234 0.239 0.258 0.346 0.367 0.391 0.422 0.874 0.947 0.952 0.973 0.988 0.993 0.998 1.000

  R CORE   ENERGY   A0R/A00=1.000    R3= 0     2  
   2( 1)    0.732                    1.000 0.000
   2( 2)  487.921                    0.000 1.000

  R CORE   ENERGY   A0R/A00=1.000    R3= 0     2  
   3( 1)  488.652                    0.000 1.000

  R CORE   ENERGY   A0R/A00=1.000    R3= 0     2     4  
   4( 1)    2.438                    1.000 0.000 0.000

  R CORE   ENERGY   A0R/A00=1.000    R3= 0     2     4  
   5( 1)  490.847                    0.000 1.000 0.000

  R CORE   ENERGY   A0R/A00=1.000    R3= 0     2     4     6  
   6( 1)    5.121                    1.000 0.000 0.000 0.000

  R CORE   ENERGY   A0R/A00=1.000    R3= 0     2     4     6  
   7( 1)  494.017                    0.000 1.000 0.000 0.000

          AXIAL SYMMETRY => K RESTRICTED TO OMEGA

                     K
     S.P. ORB#: 25  0.50
     S.P. ORB#: 26  2.50
     S.P. ORB#: 27 -3.50
     S.P. ORB#: 28 -3.50
     S.P. ORB#: 29  0.50
     S.P. ORB#: 30 -1.50
     S.P. ORB#: 31  4.50
     S.P. ORB#: 32  0.50
     S.P. ORB#: 33 -1.50
     S.P. ORB#: 34 -1.50
     S.P. ORB#: 35  2.50
     S.P. ORB#: 36  2.50
     S.P. ORB#: 37  0.50
     S.P. ORB#: 38 -3.50
     S.P. ORB#: 39  4.50
 

             ENERGY    K= OMEGA
 
 I=  1/2- (1)  2.309  25:-0.054
                      37:-0.998
 
 I=  1/2- (2)  3.041  29: 0.999
 
 I=  1/2- (3)  5.480  25: 0.998
                      37:-0.056
 
 I=  1/2- (4)  8.511  32:-1.000
 
 I=  1/2- (5)147.501  33:-1.000

             ENERGY    K= OMEGA
 
 I=  3/2- (1)  1.744  29: 0.198
                      30: 0.105
                      34: 0.971
                      37:-0.067
 
 I=  3/2- (2)  2.815  25: 0.117
                      29: 0.119
                      30: 0.735
                      34:-0.154
                      37:-0.639

             ENERGY    K= OMEGA
 
 I=  5/2- (1)  1.913  25: 0.069
                      29:-0.168
                      30:-0.217
                      34: 0.480
                      35: 0.829
 
 I=  5/2- (2)  2.408  29: 0.187
                      30:-0.215
                      34:-0.836
                      35: 0.461
                      37:-0.078
 
 I=  5/2- (3)  2.847  25:-0.161
                      29: 0.352
                      30: 0.487
                      35: 0.246
                      37: 0.743
 
 I=  5/2- (4)  3.341  25:-0.300
                      29: 0.320
                      30: 0.587
                      34: 0.067
                      35: 0.165
                      37:-0.657
 
 I=  5/2- (5)  4.343  25:-0.067
                      29: 0.811
                      30:-0.510
                      34: 0.253
                      35:-0.112

             ENERGY    K= OMEGA
 
 I=  7/2- (1)  2.558  29: 0.213
                      30:-0.231
                      34: 0.551
                      35:-0.771
 
 I=  7/2- (2)  2.830  26:-0.232
                      27: 0.077
                      28:-0.938
                      29: 0.084
                      30: 0.075
                      34: 0.187
                      35: 0.098
 
 I=  7/2- (3)  3.084  25: 0.197
                      28: 0.248
                      29: 0.359
                      30: 0.360
                      34: 0.631
                      35: 0.459
                      37:-0.183
 
 I=  7/2- (4)  3.299  32:-0.739
                      33:-0.570
                      36:-0.334
                      38:-0.132
 
 I=  7/2- (5)  4.229  25:-0.220
                      30:-0.705
                      34: 0.299
                      35: 0.408
                      37: 0.442

             ENERGY    K= OMEGA
 
 I=  9/2- (1)  2.378  26:-0.070
                      27: 0.244
                      28: 0.178
                      31:-0.950
 
 I=  9/2- (2)  3.209  25: 0.233
                      29:-0.353
                      30:-0.442
                      34: 0.450
                      35: 0.627
                      37:-0.162
 
 I=  9/2- (3)  3.726  26:-0.315
                      27:-0.105
                      28: 0.909
                      31: 0.168
                      34:-0.161
                      35: 0.066
 
 I=  9/2- (4)  4.259  25:-0.217
                      28: 0.137
                      29: 0.113
                      30: 0.479
                      34: 0.659
                      35: 0.125
                      37: 0.490
 
 I=  9/2- (5)  4.351  32: 0.223
                      33:-0.554
                      36: 0.621
                      38:-0.459
                      39: 0.216

             ENERGY    K= OMEGA
 
 I= 11/2- (1)  2.243  32:-0.675
                      33:-0.566
                      36:-0.400
                      38:-0.231
                      39:-0.098
 
 I= 11/2- (2)  3.361  26:-0.116
                      27:-0.325
                      28:-0.246
                      31:-0.904
 
 I= 11/2- (3)  4.516  29: 0.303
                      30:-0.304
                      31: 0.073
                      34: 0.576
                      35:-0.690
 
 I= 11/2- (4)  4.813  25: 0.131
                      26:-0.341
                      27: 0.129
                      28:-0.788
                      29: 0.181
                      30: 0.205
                      31: 0.212
                      34: 0.247
                      35: 0.203
                      37:-0.090
 
 I= 11/2- (5)  5.113  25:-0.306
                      26:-0.128
                      28:-0.412
                      29:-0.421
                      30:-0.435
                      31: 0.114
                      34:-0.411
                      35:-0.349
                      37: 0.220

             ENERGY    K= OMEGA
 
 I= 13/2- (1)  4.020  32: 0.193
                      33:-0.500
                      36: 0.609
                      38:-0.512
                      39: 0.283
 
 I= 13/2- (2)  4.563  26:-0.156
                      27: 0.374
                      28: 0.291
                      31:-0.861
                      34:-0.054
                      35:-0.069
 
 I= 13/2- (3)  5.223  25:-0.359
                      29: 0.441
                      30: 0.529
                      31: 0.087
                      34:-0.358
                      35:-0.464
                      37: 0.210
 
 I= 13/2- (4)  6.208  26:-0.399
                      27:-0.163
                      28: 0.830
                      29: 0.051
                      30:-0.059
                      31: 0.287
                      34:-0.179
                      35: 0.069
 
 I= 13/2- (5)  6.853  25:-0.248
                      27:-0.055
                      28: 0.121
                      29: 0.160
                      30: 0.330
                      34: 0.578
                      35: 0.473
                      37: 0.477

             ENERGY     K= 9/2
  32 LEVELS    TIME=  0.0 SEC



 ******************* EXCITATION ENERGIES, DOMINANT CONFIGURATION AND EXPECTATION VALUES (WITH S.P. UU+VV FACTORS) *******************

  NR  Eex(keV)  I   Kdom  NY    <Jz>  <Jx**2> <Jy**2> <Jz**2> <I.j>/|I|  <Rx**2> <Ry**2> <Rz**2> <R.j>/|R|  <HROTx> <HROTy> <HROTz>

   1    0.0   3/2-  -3/2  34   -1.41    1.67    1.67    2.16    1.40       1.92    1.92   -0.00   -1.43      0.235   0.235  -0.000
   2  169.1   5/2-   5/2  35    1.32    2.02    2.02    4.93    2.33       1.96    1.96    0.00   -1.04      0.240   0.240   0.000
   3  498.9  11/2-   1/2  32    0.00   26.69   26.69    2.69    7.03       3.86    3.86    0.00   -5.05      0.470   0.470   0.000
   4  565.7   1/2-   1/2  37    0.50    1.36    1.36    0.25    0.82       1.15    1.15    0.00   -1.49      0.140   0.140   0.000
   5  634.0   9/2-   9/2  31    3.75    2.62    2.62   19.42    4.43       2.64    2.64   -0.00   -1.13      0.322   0.322  -0.000
  
   6  663.8   5/2-  -3/2  34   -0.56    1.67    1.67    3.02    1.07       4.40    4.40   -0.00   -1.08      0.537   0.537  -0.000
   7  813.9   7/2-   5/2  35    0.96    2.06    2.06    4.56    1.90       4.66    4.66    0.00   -0.37      0.569   0.569   0.000
   8 1071.1   3/2-  -3/2  30   -0.63    3.21    3.21    1.38    1.03       3.79    3.79    0.00   -2.11      0.462   0.462   0.000
   9 1086.3   7/2-  -7/2  28   -3.00    2.31    2.31   11.34    3.31       2.70    2.70    0.00   -1.21      0.329   0.329   0.000
  10 1103.0   5/2-   1/2  37    0.15    2.96    2.96    1.09    1.44       3.60    3.60    0.00   -1.02      0.439   0.439   0.000
  
  11 1297.5   1/2-   1/2  29    0.50    4.34    4.34    0.25    0.32       4.56    4.56    0.00   -2.86      0.556   0.556   0.000
  12 1340.3   7/2-  -3/2  34   -0.38    2.16    2.16    3.30    1.44       5.98    5.98    0.00   -0.55      0.729   0.729   0.000
  13 1464.9   9/2-   5/2  35    0.49    3.16    3.16    3.47    2.21       6.25    6.25    0.00    0.35      0.762   0.762   0.000
  14 1555.0   7/2-   1/2  32    0.00   26.88   26.88    1.78    6.79       8.72    8.72    0.00   -6.85      1.063   1.063   0.000
  15 1597.3   5/2-   1/2  37   -0.14    2.81    2.81    1.11    0.89       5.11    5.11   -0.00   -1.29      0.624   0.624  -0.000
  
  16 1617.3  11/2-   9/2  31    3.13    2.90    2.90   18.67    4.00       6.19    6.19    0.00   -0.16      0.755   0.755   0.000
  17 1981.9   9/2-  -7/2  28   -2.59    2.45    2.45   11.55    2.93       6.02    6.02    0.00   -0.54      0.734   0.734   0.000
  18 2276.4  13/2-   5/2  36    0.02   25.54   25.54    7.72    6.53       8.20    8.20   -0.00   -3.27      1.000   1.000  -0.000
  19 2485.6   7/2-  -3/2  30   -0.35    3.46    3.46    2.45    0.69       9.84    9.84   -0.00   -1.50      1.199   1.199  -0.000
  20 2514.9   9/2-  -3/2  34   -0.88    2.30    2.30    1.91    1.04      10.45   10.45   -0.00   -0.29      1.274   1.274  -0.000
  
  21 2599.5   5/2-   1/2  29   -0.12    4.30    4.30    0.97   -0.37      10.25   10.25    0.00   -2.36      1.250   1.250   0.000
  22 2607.6   9/2-   5/2  36    0.00   25.88   25.88    6.64    6.30      10.23   10.23    0.00   -5.98      1.247   1.247   0.000
  23 2772.4  11/2-   5/2  35    0.62    2.34    2.34    4.08    1.62      12.57   12.57    0.00    0.18      1.533   1.533   0.000
  24 2819.7  13/2-   9/2  31    2.62    3.14    3.14   17.95    3.69      10.71   10.71   -0.00    0.33      1.306   1.306  -0.000
  25 3069.7  11/2-  -7/2  28   -1.76    2.58    2.58    9.94    2.49      10.52   10.52    0.00   -0.04      1.282   1.282   0.000
  
  26 3369.6  11/2-  -3/2  30   -0.57    2.76    2.76    4.11    1.65      12.80   12.80    0.00    0.05      1.561   1.561   0.000
  27 3478.9  13/2-  -3/2  30    0.14    4.05    4.05    2.53    2.34      13.33   13.33    0.00    1.11      1.625   1.625   0.000
  28 3736.0   1/2-   1/2  25    0.50    5.65    5.65    0.25    0.70       5.54    5.54    0.00   -3.29      0.676   0.676   0.000
  29 4464.1  13/2-  -7/2  28   -1.77    2.64    2.64   11.54    2.43      15.80   15.80   -0.00    0.03      1.926   1.926  -0.000
  30 5108.7  13/2-  -3/2  34   -0.01    2.28    2.28    2.71    1.00      21.00   21.00    0.00   -0.04      2.560   2.560   0.000
  
  31 6767.7   1/2-   1/2  32    0.50   26.98   26.98    0.25   -3.91      30.86   30.86    0.00   -7.33      3.763   3.763   0.000
  32*******   1/2-  -3/2  33    0.00    0.00    0.00    0.00   -0.00       0.00    0.00    0.00   -0.00      0.000   0.000   0.000
