1SPECTRUM OF (Z= 82 A=207) IN PARTICLE-ROTOR  MODEL WITH MODIFIED OSCILLATOR POTENTIAL


 PARITY=-   EPS= 0.183   GAMMA=  0.0   EPS4=0.000   EPS6=0.000   LEVELS:  25  26  27  28  29  30  31  32  33  34  35  36  37  38  39

 PAIRING FACTORS: GN0= 19.20  GN1=  7.40  IPAIR= 15 ***  E2PLUS(INPUT)=   0.730  E2PLUR(INPUT)=   0.000

 CORIOLIS ATTENUATION PARAMETERS:  CHSI=1.000  ETA=  1.00

 MOMENT OF INERTIA PARAMETERS:   A1=  0.122 MEV   A2=  0.122 MEV   A3=121.91924 MEV


 DELTA=0.915 MEV  LAMBDA=53.4611 MEV   HW0= 7.4398 MEV   LAMBDA/HW0= 7.1858

 E2ENERGY=0.730 MEV  HBAR**2/B= 6209./A**(7/3)=1049.7/A**2 MEV

 IREC=0  =>  RECOIL TERMS j+j-, j+j+, jzjz, ETC TREATED AS ONE-BODY OPERATORS WITH UU+VV PAIRING FACTORS



 S. P. LEVEL   EQP       U     V        (UU + VV)**1.00

     25       4.310    0.107 0.994      1.000 1.000 1.000 0.998 0.996 0.994 0.992 0.788 0.684 0.464 0.402 0.360 0.306 0.260 0.225
     26       3.925    0.117 0.993      1.000 1.000 1.000 0.999 0.997 0.995 0.993 0.794 0.692 0.474 0.411 0.370 0.317 0.270 0.236
     27       3.799    0.121 0.993      1.000 1.000 1.000 0.999 0.997 0.996 0.994 0.797 0.695 0.477 0.415 0.374 0.320 0.274 0.239
     28       2.875    0.161 0.987      0.998 0.999 0.999 1.000 0.999 0.999 0.997 0.820 0.723 0.512 0.451 0.411 0.358 0.313 0.278
     29       2.338    0.200 0.980      0.996 0.997 0.997 0.999 1.000 1.000 0.999 0.842 0.750 0.546 0.486 0.446 0.394 0.349 0.316
     30       2.185    0.214 0.977      0.994 0.995 0.996 0.999 1.000 1.000 1.000 0.850 0.759 0.558 0.499 0.460 0.408 0.363 0.330
     31       2.025    0.232 0.973      0.992 0.993 0.994 0.997 0.999 1.000 1.000 0.860 0.771 0.573 0.515 0.476 0.425 0.381 0.347
     32       0.915    0.697 0.718      0.788 0.794 0.797 0.820 0.842 0.850 0.860 1.000 0.988 0.911 0.881 0.858 0.828 0.800 0.778
     33       0.951    0.798 0.602      0.684 0.692 0.695 0.723 0.750 0.759 0.771 0.988 1.000 0.964 0.943 0.927 0.904 0.882 0.865
     34       1.339    0.930 0.367      0.464 0.474 0.477 0.512 0.546 0.558 0.573 0.911 0.964 1.000 0.998 0.993 0.985 0.976 0.967
     35       1.590    0.953 0.302      0.402 0.411 0.415 0.451 0.486 0.499 0.515 0.881 0.943 0.998 1.000 0.999 0.995 0.989 0.983
     36       1.830    0.966 0.259      0.360 0.370 0.374 0.411 0.446 0.460 0.476 0.858 0.927 0.993 0.999 1.000 0.998 0.994 0.990
     37       2.300    0.979 0.203      0.306 0.317 0.320 0.358 0.394 0.408 0.425 0.828 0.904 0.985 0.995 0.998 1.000 0.999 0.996
     38       2.980    0.988 0.155      0.260 0.270 0.274 0.313 0.349 0.363 0.381 0.800 0.882 0.976 0.989 0.994 0.999 1.000 0.999
     39       3.842    0.993 0.120      0.225 0.236 0.239 0.278 0.316 0.330 0.347 0.778 0.865 0.967 0.983 0.990 0.996 0.999 1.000

  R CORE   ENERGY   A0R/A00=1.000    R3= 0     2  
   2( 1)    0.732                    1.000 0.000
   2( 2)  487.921                    0.000 1.000

  R CORE   ENERGY   A0R/A00=1.000    R3= 0     2  
   3( 1)  488.652                    0.000 1.000

  R CORE   ENERGY   A0R/A00=1.000    R3= 0     2     4  
   4( 1)    2.438                    1.000 0.000 0.000

  R CORE   ENERGY   A0R/A00=1.000    R3= 0     2     4  
   5( 1)  490.847                    0.000 1.000 0.000

  R CORE   ENERGY   A0R/A00=1.000    R3= 0     2     4     6  
   6( 1)    5.121                    1.000 0.000 0.000 0.000

  R CORE   ENERGY   A0R/A00=1.000    R3= 0     2     4     6  
   7( 1)  494.017                    0.000 1.000 0.000 0.000

          AXIAL SYMMETRY => K RESTRICTED TO OMEGA

                     K
     S.P. ORB#: 25  2.50
     S.P. ORB#: 26  0.50
     S.P. ORB#: 27 -3.50
     S.P. ORB#: 28 -3.50
     S.P. ORB#: 29  4.50
     S.P. ORB#: 30  0.50
     S.P. ORB#: 31 -1.50
     S.P. ORB#: 32 -1.50
     S.P. ORB#: 33  2.50
     S.P. ORB#: 34  0.50
     S.P. ORB#: 35  0.50
     S.P. ORB#: 36 -1.50
     S.P. ORB#: 37  2.50
     S.P. ORB#: 38 -3.50
     S.P. ORB#: 39  4.50
 

             ENERGY    K= OMEGA
 
 I=  1/2- (1)  1.582  26:-0.062
                      34:-0.998
 
 I=  1/2- (2)  3.207  30: 1.000
 
 I=  1/2- (3)  5.069  26: 0.998
                      34:-0.062
 
 I=  1/2- (4)  9.619  35: 1.000
 
 I=  1/2- (5)147.218  32:-1.000

             ENERGY    K= OMEGA
 
 I=  3/2- (1)  1.390  30: 0.191
                      31: 0.110
                      32: 0.971
                      34:-0.082
 
 I=  3/2- (2)  2.238  30:-0.148
                      31:-0.123
                      32: 0.126
                      34: 0.973
 
 I=  3/2- (3)  3.055  26: 0.100
                      30:-0.284
                      31: 0.949
                      34: 0.083
 
 I=  3/2- (4)  3.414  26:-0.377
                      30:-0.865
                      31:-0.194
                      32: 0.196
                      34:-0.181
 
 I=  3/2- (5)  6.159  26: 0.919
                      30:-0.334
                      31:-0.188
                      34:-0.081

             ENERGY    K= OMEGA
 
 I=  5/2- (1)  1.424  26: 0.051
                      30:-0.134
                      31:-0.184
                      32: 0.406
                      33: 0.881
                      34:-0.067
 
 I=  5/2- (2)  2.004  30:-0.226
                      31: 0.165
                      32: 0.871
                      33:-0.398
 
 I=  5/2- (3)  2.262  30:-0.141
                      31:-0.181
                      33:-0.128
                      34:-0.965
 
 I=  5/2- (4)  3.289  26: 0.387
                      30:-0.456
                      31:-0.738
                      32:-0.079
                      33:-0.191
                      34: 0.235
 
 I=  5/2- (5)  4.549  26:-0.065
                      30: 0.798
                      31:-0.530
                      32: 0.258
                      33:-0.105

             ENERGY    K= OMEGA
 
 I=  7/2- (1)  2.054  30: 0.179
                      31:-0.218
                      32: 0.496
                      33:-0.820
 
 I=  7/2- (2)  2.653  25:-0.067
                      26:-0.174
                      28: 0.064
                      30:-0.350
                      31:-0.292
                      32:-0.721
                      33:-0.438
                      34: 0.201
 
 I=  7/2- (3)  3.604  25:-0.245
                      27:-0.106
                      28: 0.950
                      30: 0.062
                      31: 0.068
                      34:-0.127
 
 I=  7/2- (4)  3.846  26: 0.079
                      28:-0.140
                      30: 0.144
                      31: 0.210
                      32:-0.309
                      33:-0.203
                      34:-0.879
 
 I=  7/2- (5)  4.000  35: 0.722
                      36: 0.575
                      37: 0.354
                      38: 0.151

             ENERGY    K= OMEGA
 
 I=  9/2- (1)  2.713  26: 0.176
                      27:-0.083
                      29: 0.131
                      30:-0.301
                      31:-0.357
                      32: 0.470
                      33: 0.687
                      34:-0.179
 
 I=  9/2- (2)  3.082  25: 0.081
                      27: 0.251
                      28: 0.199
                      29:-0.931
                      30:-0.060
                      31:-0.070
                      32: 0.067
                      33: 0.089
 
 I=  9/2- (3)  3.835  25: 0.117
                      28: 0.149
                      30: 0.186
                      31:-0.317
                      32:-0.751
                      33: 0.316
                      34:-0.401
 
 I=  9/2- (4)  3.884  26: 0.089
                      28:-0.091
                      30:-0.294
                      31:-0.096
                      32: 0.147
                      33:-0.510
                      34:-0.776
 
 I=  9/2- (5)  4.527  25:-0.312
                      27: 0.125
                      28:-0.898
                      29:-0.187
                      30: 0.087
                      31:-0.059
                      32:-0.150
                      33: 0.109

             ENERGY    K= OMEGA
 
 I= 11/2- (1)  2.756  35:-0.658
                      36:-0.564
                      37:-0.414
                      38:-0.253
                      39:-0.115
 
 I= 11/2- (2)  3.872  25:-0.118
                      27: 0.243
                      28: 0.159
                      29: 0.507
                      30:-0.213
                      31: 0.227
                      32:-0.447
                      33: 0.590
 
 I= 11/2- (3)  4.100  25: 0.086
                      27:-0.244
                      28:-0.223
                      29:-0.730
                      30:-0.173
                      31: 0.178
                      32:-0.332
                      33: 0.423
 
 I= 11/2- (4)  4.631  25:-0.098
                      26:-0.287
                      28: 0.116
                      30:-0.420
                      31:-0.402
                      32:-0.552
                      33:-0.435
                      34: 0.244
 
 I= 11/2- (5)  5.634  25:-0.371
                      26: 0.089
                      27:-0.161
                      28: 0.851
                      29:-0.259
                      30: 0.110
                      31: 0.105
                      34:-0.119

             ENERGY    K= OMEGA
 
 I= 13/2- (1)  4.386  35: 0.184
                      36:-0.480
                      37: 0.601
                      38:-0.528
                      39: 0.309
 
 I= 13/2- (2)  4.712  25:-0.078
                      26: 0.281
                      27:-0.130
                      28:-0.073
                      29: 0.187
                      30:-0.389
                      31:-0.435
                      32: 0.424
                      33: 0.538
                      34:-0.220
 
 I= 13/2- (3)  5.209  25: 0.172
                      26: 0.098
                      27: 0.368
                      28: 0.312
                      29:-0.819
                      30:-0.123
                      31:-0.141
                      32: 0.073
                      33: 0.091
                      34:-0.094
 
 I= 13/2- (4)  6.476  25:-0.121
                      26:-0.126
                      28:-0.123
                      29:-0.134
                      31: 0.292
                      32: 0.563
                      33: 0.178
                      34: 0.708
 
 I= 13/2- (5)  6.562  25: 0.209
                      26:-0.059
                      27:-0.116
                      28: 0.347
                      29: 0.089
                      30: 0.336
                      31:-0.152
                      32:-0.410
                      33: 0.629
                      34: 0.333

             ENERGY     K= 9/2
  35 LEVELS    TIME=  0.0 SEC



 ******************* EXCITATION ENERGIES, DOMINANT CONFIGURATION AND EXPECTATION VALUES (WITH S.P. UU+VV FACTORS) *******************

  NR  Eex(keV)  I   Kdom  NY    <Jz>  <Jx**2> <Jy**2> <Jz**2> <I.j>/|I|  <Rx**2> <Ry**2> <Rz**2> <R.j>/|R|  <HROTx> <HROTy> <HROTz>

   1    0.0   3/2-  -3/2  32   -1.41    1.53    1.53    2.16    1.46       1.66    1.66    0.00   -1.31      0.203   0.203   0.000
   2   33.9   5/2-   5/2  33    1.66    1.85    1.85    5.31    2.43       1.68    1.68    0.00   -0.99      0.205   0.205   0.000
   3  192.5   1/2-   1/2  34    0.50    1.18    1.18    0.25    0.83       0.96    0.96    0.00   -1.37      0.117   0.117   0.000
   4  614.0   5/2-  -3/2  32   -0.75    1.54    1.54    2.79    1.11       4.02    4.02    0.00   -0.91      0.490   0.490   0.000
   5  663.8   7/2-   5/2  33    1.25    1.95    1.95    4.89    2.05       4.16    4.16    0.00   -0.24      0.507   0.507   0.000
  
   6  847.9   3/2-   1/2  34    0.44    1.30    1.30    0.31   -0.14       3.60    3.60    0.00   -1.18      0.438   0.438   0.000
   7  871.7   5/2-   1/2  34    0.47    1.52    1.52    0.41    0.83       3.65    3.65    0.00   -0.37      0.445   0.445   0.000
   8 1263.5   7/2-  -3/2  32   -0.34    1.72    1.72    2.70    1.36       5.53    5.53   -0.00   -0.22      0.674   0.674  -0.000
   9 1323.3   9/2-   5/2  33    0.79    2.71    2.71    4.22    2.33       5.60    5.60    0.00    0.58      0.683   0.683   0.000
  10 1366.0  11/2-   1/2  35    0.00   28.07   28.07    2.95    7.35       3.48    3.48    0.00   -5.74      0.425   0.425   0.000
  
  11 1665.1   3/2-  -3/2  31   -1.30    3.95    3.95    2.05    1.41       4.13    4.13    0.00   -2.52      0.503   0.503   0.000
  12 1692.5   9/2-   9/2  29    3.56    2.68    2.68   18.91    4.40       2.62    2.62   -0.00   -1.04      0.319   0.319  -0.000
  13 1817.1   1/2-   1/2  30    0.50    4.03    4.03    0.25    0.40       4.18    4.18   -0.00   -2.75      0.510   0.510  -0.000
  14 1899.4   5/2-  -3/2  31   -0.53    3.81    3.81    1.57    1.60       4.23    4.23    0.00   -1.53      0.515   0.515   0.000
  15 2023.9   3/2-   1/2  30    0.35    3.30    3.30    0.40    0.52       4.36    4.36    0.00   -2.03      0.531   0.531   0.000
  
  16 2214.3   7/2-  -7/2  28   -3.04    2.36    2.36   11.59    3.36       2.72    2.72   -0.00   -1.29      0.331   0.331  -0.000
  17 2445.6   9/2-  -3/2  32   -0.69    1.49    1.49    2.58    0.91      10.63   10.63    0.00   -0.22      1.296   1.296   0.000
  18 2456.5   7/2-   1/2  34    0.23    1.64    1.64    1.01   -0.03      10.13   10.13    0.00   -0.98      1.235   1.235   0.000
  19 2481.8  11/2-   5/2  33    1.41    2.62    2.62    9.08    2.68       9.01    9.01    0.00    0.40      1.098   1.098   0.000
  20 2493.7   9/2-   1/2  34    0.92    2.00    2.00    2.01    1.00      10.38   10.38   -0.00   -0.22      1.266   1.266  -0.000
  
  21 2609.7   7/2-   1/2  35   -0.00   28.42   28.42    1.94    7.10       9.06    9.06    0.00   -7.18      1.105   1.105   0.000
  22 2709.8  11/2-   9/2  29    2.29    2.64    2.64   13.62    3.16       8.42    8.42   -0.00    0.00      1.026   1.026  -0.000
  23 2995.8  13/2-   5/2  37    0.03   26.24   26.24    8.14    6.73       7.71    7.71    0.00   -3.47      0.940   0.940   0.000
  24 3137.4   9/2-  -7/2  28   -2.48    2.49    2.49   11.52    2.83       6.53    6.53   -0.00   -0.67      0.796   0.796  -0.000
  25 3159.4   5/2-   1/2  30   -0.17    4.08    4.08    1.02   -0.43      10.24   10.24    0.00   -2.31      1.249   1.249   0.000
  
  26 3240.9  11/2-  -3/2  32   -0.09    2.09    2.09    2.57    1.52      12.17   12.17    0.00    0.47      1.483   1.483   0.000
  27 3322.2  13/2-   5/2  33    0.40    3.47    3.47    3.73    2.49      12.29   12.29    0.00    1.36      1.499   1.499   0.000
  28 3679.4   1/2-   1/2  26    0.50    4.83    4.83    0.25    0.68       4.74    4.74    0.00   -3.03      0.578   0.578   0.000
  29 3819.0  13/2-   9/2  29    2.28    3.31    3.31   16.74    3.65      10.60   10.60   -0.00    0.46      1.292   1.292  -0.000
  30 4243.9  11/2-  -7/2  28   -1.98    2.64    2.64   11.44    2.60      10.68   10.68   -0.00   -0.25      1.302   1.302  -0.000
  
  31 4768.9   3/2-   1/2  26    0.43    5.42    5.42    0.32   -1.48      10.32   10.32    0.00   -3.09      1.258   1.258   0.000
  32 5085.8  13/2-   1/2  34   -0.21    1.67    1.67    1.89    0.87      20.90   20.90    0.00    0.13      2.548   2.548   0.000
  33 5172.4  13/2-   5/2  33    0.49    2.12    2.12    5.03    1.23      20.39   20.39   -0.00   -0.10      2.486   2.486  -0.000
  34 8229.6   1/2-   1/2  35    0.50   28.89   28.89    0.25   -4.08      32.93   32.93    0.00   -7.59      4.015   4.015   0.000
  35*******   1/2-  -3/2  32    0.00    0.00    0.00    0.00   -0.00       0.00    0.00    0.00   -0.00      0.000   0.000   0.000
  
