1SPECTRUM OF (Z= 82 A=207) IN PARTICLE-ROTOR  MODEL WITH MODIFIED OSCILLATOR POTENTIAL


 PARITY=-   EPS= 0.160   GAMMA=  0.0   EPS4=0.000   EPS6=0.000   LEVELS:  24  25  26  27  28  29  30  31  32  33  34  35  36  37  38

 PAIRING FACTORS: GN0= 19.20  GN1=  7.40  IPAIR= 15 ***  E2PLUS(INPUT)=   0.730  E2PLUR(INPUT)=   0.000

 CORIOLIS ATTENUATION PARAMETERS:  CHSI=1.000  ETA=  1.00

 MOMENT OF INERTIA PARAMETERS:   A1=  0.122 MEV   A2=  0.122 MEV   A3=121.91924 MEV


 DELTA=0.851 MEV  LAMBDA=53.4051 MEV   HW0= 7.4328 MEV   LAMBDA/HW0= 7.1850

 E2ENERGY=0.730 MEV  HBAR**2/B= 4747./A**(7/3)= 802.4/A**2 MEV

 IREC=0  =>  RECOIL TERMS j+j-, j+j+, jzjz, ETC TREATED AS ONE-BODY OPERATORS WITH UU+VV PAIRING FACTORS



 S. P. LEVEL   EQP       U     V        (UU + VV)**1.00

     24       5.059    0.084 0.996      1.000 1.000 1.000 1.000 0.999 0.996 0.993 0.991 0.856 0.761 0.492 0.307 0.285 0.252 0.220
     25       4.357    0.098 0.995      1.000 1.000 1.000 1.000 0.999 0.997 0.995 0.993 0.863 0.770 0.504 0.320 0.298 0.265 0.233
     26       3.869    0.111 0.994      1.000 1.000 1.000 1.000 1.000 0.998 0.996 0.994 0.869 0.778 0.515 0.332 0.310 0.277 0.246
     27       3.725    0.115 0.993      1.000 1.000 1.000 1.000 1.000 0.999 0.996 0.995 0.871 0.780 0.518 0.336 0.314 0.281 0.250
     28       3.103    0.138 0.990      0.999 0.999 1.000 1.000 1.000 1.000 0.998 0.997 0.882 0.795 0.538 0.359 0.336 0.304 0.273
     29       2.563    0.168 0.986      0.996 0.997 0.998 0.999 1.000 1.000 1.000 0.999 0.896 0.813 0.564 0.387 0.365 0.333 0.302
     30       2.187    0.199 0.980      0.993 0.995 0.996 0.996 0.998 1.000 1.000 1.000 0.909 0.830 0.589 0.415 0.393 0.361 0.331
     31       2.029    0.215 0.977      0.991 0.993 0.994 0.995 0.997 0.999 1.000 1.000 0.916 0.839 0.602 0.430 0.408 0.377 0.346
     32       0.895    0.588 0.809      0.856 0.863 0.869 0.871 0.882 0.896 0.909 0.916 1.000 0.987 0.872 0.756 0.740 0.716 0.693
     33       0.851    0.711 0.703      0.761 0.770 0.778 0.780 0.795 0.813 0.830 0.839 0.987 1.000 0.939 0.851 0.839 0.820 0.801
     34       1.124    0.909 0.417      0.492 0.504 0.515 0.518 0.538 0.564 0.589 0.602 0.872 0.939 1.000 0.980 0.975 0.966 0.958
     35       1.935    0.974 0.226      0.307 0.320 0.332 0.336 0.359 0.387 0.415 0.430 0.756 0.851 0.980 1.000 1.000 0.998 0.996
     36       2.146    0.979 0.203      0.285 0.298 0.310 0.314 0.336 0.365 0.393 0.408 0.740 0.839 0.975 1.000 1.000 0.999 0.998
     37       2.554    0.986 0.169      0.252 0.265 0.277 0.281 0.304 0.333 0.361 0.377 0.716 0.820 0.966 0.998 0.999 1.000 0.999
     38       3.140    0.991 0.137      0.220 0.233 0.246 0.250 0.273 0.302 0.331 0.346 0.693 0.801 0.958 0.996 0.998 0.999 1.000

  R CORE   ENERGY   A0R/A00=1.000    R3= 0     2  
   2( 1)    0.732                    1.000 0.000
   2( 2)  487.921                    0.000 1.000

  R CORE   ENERGY   A0R/A00=1.000    R3= 0     2  
   3( 1)  488.652                    0.000 1.000

  R CORE   ENERGY   A0R/A00=1.000    R3= 0     2     4  
   4( 1)    2.438                    1.000 0.000 0.000

  R CORE   ENERGY   A0R/A00=1.000    R3= 0     2     4  
   5( 1)  490.847                    0.000 1.000 0.000

  R CORE   ENERGY   A0R/A00=1.000    R3= 0     2     4     6  
   6( 1)    5.121                    1.000 0.000 0.000 0.000

  R CORE   ENERGY   A0R/A00=1.000    R3= 0     2     4     6  
   7( 1)  494.017                    0.000 1.000 0.000 0.000

          AXIAL SYMMETRY => K RESTRICTED TO OMEGA

                     K
     S.P. ORB#: 24  2.50
     S.P. ORB#: 25  2.50
     S.P. ORB#: 26 -3.50
     S.P. ORB#: 27  0.50
     S.P. ORB#: 28 -3.50
     S.P. ORB#: 29  4.50
     S.P. ORB#: 30  0.50
     S.P. ORB#: 31 -1.50
     S.P. ORB#: 32 -1.50
     S.P. ORB#: 33  2.50
     S.P. ORB#: 34  0.50
     S.P. ORB#: 35  0.50
     S.P. ORB#: 36 -1.50
     S.P. ORB#: 37  2.50
     S.P. ORB#: 38 -3.50
 

             ENERGY    K= OMEGA
 
 I=  1/2- (1)  1.347  27:-0.065
                      34:-0.998
 
 I=  1/2- (2)  3.166  30: 1.000
 
 I=  1/2- (3)  4.777  27: 0.997
                      34:-0.065
 
 I=  1/2- (4) 10.136  35:-1.000
 
 I=  1/2- (5)147.198  32:-1.000

             ENERGY    K= OMEGA
 
 I=  3/2- (1)  1.349  27: 0.055
                      30: 0.203
                      31: 0.123
                      32: 0.964
                      34:-0.103
 
 I=  3/2- (2)  2.017  30: 0.127
                      31: 0.098
                      32:-0.143
                      34:-0.977

             ENERGY    K= OMEGA
 
 I=  5/2- (1)  1.305  27:-0.051
                      30: 0.131
                      31: 0.189
                      32:-0.371
                      33:-0.894
                      34: 0.083
 
 I=  5/2- (2)  1.943  30:-0.249
                      31: 0.163
                      32: 0.880
                      33:-0.366
 
 I=  5/2- (3)  2.034  30:-0.110
                      31:-0.156
                      33:-0.124
                      34:-0.973
 
 I=  5/2- (4)  3.196  24: 0.069
                      27:-0.405
                      30: 0.458
                      31: 0.735
                      32: 0.078
                      33: 0.193
                      34:-0.195
 
 I=  5/2- (5)  4.519  24: 0.061
                      27: 0.073
                      30:-0.789
                      31: 0.529
                      32:-0.277
                      33: 0.105

             ENERGY    K= OMEGA
 
 I=  7/2- (1)  1.933  30: 0.171
                      31:-0.230
                      32: 0.463
                      33:-0.838
 
 I=  7/2- (2)  2.559  25:-0.063
                      27:-0.187
                      30:-0.365
                      31:-0.299
                      32:-0.727
                      33:-0.395
                      34: 0.223
 
 I=  7/2- (3)  3.647  25:-0.070
                      27: 0.053
                      28: 0.158
                      30: 0.118
                      31: 0.167
                      32:-0.298
                      33:-0.186
                      34:-0.895
 
 I=  7/2- (4)  3.808  24:-0.096
                      25: 0.244
                      26: 0.176
                      28:-0.929
                      32:-0.090
                      33:-0.070
                      34:-0.143
 
 I=  7/2- (5)  4.375  35: 0.713
                      36: 0.576
                      37: 0.365
                      38: 0.162

             ENERGY    K= OMEGA
 
 I=  9/2- (1)  2.566  26:-0.078
                      27: 0.179
                      29: 0.077
                      30:-0.305
                      31:-0.370
                      32: 0.451
                      33: 0.691
                      34:-0.206
 
 I=  9/2- (2)  3.254  24: 0.076
                      25: 0.082
                      26: 0.295
                      28: 0.191
                      29:-0.923
                      30:-0.051
                      32: 0.066
                      34:-0.050
 
 I=  9/2- (3)  3.673  27:-0.060
                      30: 0.103
                      31: 0.207
                      32: 0.274
                      33: 0.263
                      34: 0.891
 
 I=  9/2- (4)  3.749  25: 0.111
                      26:-0.057
                      28: 0.138
                      30: 0.330
                      31:-0.236
                      32:-0.720
                      33: 0.522
                      34: 0.092
 
 I=  9/2- (5)  4.609  24: 0.158
                      25:-0.187
                      26: 0.137
                      27:-0.411
                      28:-0.486
                      29:-0.062
                      30: 0.358
                      31: 0.405
                      32: 0.096
                      33: 0.333
                      34:-0.317

             ENERGY    K= OMEGA
 
 I= 11/2- (1)  3.166  35: 0.677
                      36: 0.576
                      37: 0.407
                      38: 0.209
 
 I= 11/2- (2)  3.756  24:-0.060
                      25:-0.081
                      26: 0.193
                      28: 0.077
                      29: 0.272
                      30:-0.233
                      31: 0.305
                      32:-0.479
                      33: 0.704
 
 I= 11/2- (3)  4.161  24: 0.121
                      25: 0.101
                      26:-0.361
                      28:-0.222
                      29:-0.809
                      30:-0.151
                      32:-0.259
                      33: 0.214
 
 I= 11/2- (4)  4.488  24: 0.064
                      25:-0.112
                      27:-0.294
                      28: 0.145
                      29: 0.117
                      30:-0.416
                      31:-0.405
                      32:-0.551
                      33:-0.398
                      34: 0.251
 
 I= 11/2- (5)  5.735  24:-0.174
                      25: 0.364
                      26: 0.257
                      27:-0.089
                      28:-0.829
                      29: 0.158
                      30:-0.140
                      31:-0.055
                      34: 0.163

             ENERGY    K= OMEGA
 
 I= 13/2- (1)  4.501  24:-0.085
                      25:-0.070
                      26:-0.165
                      27: 0.278
                      28:-0.055
                      29: 0.175
                      30:-0.383
                      31:-0.447
                      32: 0.401
                      33: 0.536
                      34:-0.233
 
 I= 13/2- (2)  5.237  24:-0.148
                      25:-0.155
                      26:-0.439
                      27:-0.091
                      28:-0.266
                      29: 0.786
                      30: 0.141
                      31: 0.102
                      32:-0.121
                      33:-0.094
                      34: 0.103
 
 I= 13/2- (3)  5.324  35:-0.227
                      36: 0.574
                      37:-0.654
                      38: 0.437
 
 I= 13/2- (4)  6.300  24:-0.103
                      25: 0.116
                      26:-0.063
                      27: 0.091
                      28: 0.138
                      29: 0.050
                      31:-0.257
                      32:-0.519
                      33:-0.217
                      34:-0.748
 
 I= 13/2- (5)  6.409  24:-0.104
                      25: 0.195
                      26:-0.121
                      28: 0.307
                      30: 0.335
                      31:-0.221
                      32:-0.473
                      33: 0.581
                      34: 0.345

             ENERGY     K=-7/2
  32 LEVELS    TIME=  0.0 SEC



 ******************* EXCITATION ENERGIES, DOMINANT CONFIGURATION AND EXPECTATION VALUES (WITH S.P. UU+VV FACTORS) *******************

  NR  Eex(keV)  I   Kdom  NY    <Jz>  <Jx**2> <Jy**2> <Jz**2> <I.j>/|I|  <Rx**2> <Ry**2> <Rz**2> <R.j>/|R|  <HROTx> <HROTy> <HROTz>

   1    0.0   5/2-   5/2  33    1.75    1.76    1.76    5.40    2.47       1.52    1.52    0.00   -0.92      0.185   0.185   0.000
   2   42.3   1/2-   1/2  34    0.50    1.10    1.10    0.25    0.84       0.87    0.87   -0.00   -1.31      0.106   0.106  -0.000
   3   43.7   3/2-  -3/2  32   -1.39    1.47    1.47    2.14    1.49       1.53    1.53    0.00   -1.26      0.186   0.186   0.000
   4  628.3   7/2-   5/2  33    1.36    1.91    1.91    5.02    2.10       3.96    3.96    0.00   -0.18      0.482   0.482   0.000
   5  638.1   5/2-  -3/2  32   -0.83    1.51    1.51    2.67    1.14       3.84    3.84    0.00   -0.84      0.468   0.468   0.000
  
   6  712.4   3/2-   1/2  34    0.44    1.19    1.19    0.31   -0.19       3.58    3.58    0.00   -1.14      0.436   0.436   0.000
   7  728.5   5/2-   1/2  34    0.48    1.35    1.35    0.39    0.79       3.60    3.60   -0.00   -0.29      0.439   0.439  -0.000
   8 1254.2   7/2-  -3/2  32   -0.43    1.64    1.64    2.49    1.41       5.18    5.18    0.00   -0.06      0.631   0.631   0.000
   9 1260.6   9/2-   5/2  33    0.78    2.74    2.74    4.00    2.39       5.25    5.25    0.00    0.73      0.640   0.640   0.000
  10 1860.9   1/2-   1/2  30    0.50    3.89    3.89    0.25    0.44       4.01    4.01   -0.00   -2.70      0.489   0.489  -0.000
  
  11 1861.0  11/2-   1/2  35   -0.01   28.78   28.78    2.43    7.32       4.13    4.13    0.00   -5.66      0.503   0.503   0.000
  12 1890.5   5/2-  -3/2  31   -0.51    3.70    3.70    1.59    1.72       3.79    3.79    0.00   -1.42      0.463   0.463   0.000
  13 1948.4   9/2-   9/2  29    3.43    2.82    2.82   18.85    4.50       2.24    2.24    0.00   -1.00      0.273   0.273   0.001
  14 2341.8   7/2-   1/2  34    0.24    1.48    1.48    1.03   -0.03      10.00   10.00    0.00   -0.92      1.219   1.219   0.000
  15 2367.9   9/2-   1/2  34    0.41    1.47    1.47    0.94    0.80      10.31   10.31    0.00    0.03      1.257   1.257   0.000
  
  16 2443.5   9/2-  -3/2  32   -0.16    1.72    1.72    3.40    1.07      10.48   10.48    0.00   -0.33      1.278   1.278   0.000
  17 2451.2  11/2-   5/2  33    0.99    2.58    2.58    5.93    2.26       9.93    9.93    0.00    0.54      1.211   1.211   0.000
  18 2502.7   7/2-  -7/2  28   -2.95    2.23    2.23   11.45    3.31       2.71    2.71   -0.00   -1.20      0.330   0.330  -0.000
  19 2856.0  11/2-   9/2  29    2.40    3.03    3.03   16.06    3.78       6.34    6.34    0.00    0.13      0.773   0.773   0.000
  20 3069.7   7/2-   1/2  35   -0.00   28.93   28.93    2.03    7.20       9.25    9.25    0.00   -7.28      1.128   1.128   0.000
  
  21 3183.0  11/2-  -3/2  32   -0.12    2.02    2.02    2.77    1.64      11.49   11.49    0.00    0.62      1.400   1.400   0.000
  22 3195.5  13/2-   5/2  33    0.38    3.61    3.61    3.75    2.64      11.42   11.42    0.00    1.56      1.392   1.392   0.000
  23 3214.2   5/2-   1/2  30   -0.18    3.98    3.98    1.05   -0.42      10.13   10.13   -0.00   -2.28      1.235   1.235  -0.000
  24 3304.2   9/2-  -7/2  28   -0.51    2.79    2.79    4.76    1.83       8.44    8.44    0.00   -0.30      1.029   1.029   0.000
  25 3471.5   1/2-   1/2  27    0.50    4.43    4.43    0.25    0.65       4.36    4.36    0.00   -2.89      0.532   0.532   0.000
  
  26 3932.2  13/2-   9/2  29    1.98    3.67    3.67   16.15    3.80       9.62    9.62    0.00    0.69      1.173   1.173   0.000
  27 4019.3  13/2-   5/2  37   -0.07   27.54   27.54    5.77    6.19      11.58   11.58    0.00   -3.66      1.412   1.412   0.000
  28 4430.4  11/2-  -7/2  28   -2.09    2.47    2.47   10.78    2.63      10.01   10.01    0.00    0.00      1.220   1.220   0.000
  29 4994.4  13/2-   1/2  34   -0.11    1.47    1.47    1.67    0.87      20.63   20.63    0.00    0.22      2.516   2.516   0.000
  30 5104.3  13/2-   5/2  33    0.29    2.05    2.05    4.43    1.24      19.98   19.98    0.00    0.02      2.436   2.436   0.000
  
  31 8831.1   1/2-   1/2  35    0.50   29.55   29.55    0.25   -4.14      33.63   33.63    0.00   -7.67      4.101   4.101   0.000
  32*******   1/2-  -3/2  32    0.00    0.00    0.00    0.00   -0.00       0.00    0.00    0.00   -0.00      0.000   0.000   0.000
