1SPECTRUM OF (Z= 82 A=207) IN PARTICLE-ROTOR  MODEL WITH MODIFIED OSCILLATOR POTENTIAL


 PARITY=-   EPS= 0.224   GAMMA=  0.0   EPS4=0.000   EPS6=0.000   LEVELS:  25  26  27  28  29  30  31  32  33  34  35  36  37  38  39

 PAIRING FACTORS: GN0= 19.20  GN1=  7.40  IPAIR= 15 ***  E2PLUS(INPUT)=   0.730  E2PLUR(INPUT)=   0.000

 CORIOLIS ATTENUATION PARAMETERS:  CHSI=1.000  ETA=  1.00

 MOMENT OF INERTIA PARAMETERS:   A1=  0.122 MEV   A2=  0.122 MEV   A3=121.91924 MEV


 DELTA=0.943 MEV  LAMBDA=53.4746 MEV   HW0= 7.4548 MEV   LAMBDA/HW0= 7.1732

 E2ENERGY=0.730 MEV  HBAR**2/B= 9304./A**(7/3)=1572.8/A**2 MEV

 IREC=0  =>  RECOIL TERMS j+j-, j+j+, jzjz, ETC TREATED AS ONE-BODY OPERATORS WITH UU+VV PAIRING FACTORS



 S. P. LEVEL   EQP       U     V        (UU + VV)**1.00

     25       4.123    0.115 0.993      1.000 1.000 1.000 0.996 0.992 0.989 0.988 0.602 0.590 0.517 0.484 0.382 0.366 0.286 0.237
     26       4.094    0.116 0.993      1.000 1.000 1.000 0.996 0.992 0.989 0.988 0.602 0.591 0.517 0.484 0.383 0.367 0.287 0.238
     27       3.558    0.134 0.991      1.000 1.000 1.000 0.997 0.994 0.992 0.991 0.616 0.606 0.533 0.500 0.400 0.383 0.304 0.255
     28       2.351    0.205 0.979      0.996 0.996 0.997 1.000 0.999 0.998 0.998 0.672 0.661 0.592 0.561 0.465 0.449 0.372 0.324
     29       2.038    0.238 0.971      0.992 0.992 0.994 0.999 1.000 1.000 1.000 0.697 0.687 0.620 0.589 0.495 0.479 0.403 0.357
     30       1.875    0.261 0.965      0.989 0.989 0.992 0.998 1.000 1.000 1.000 0.713 0.703 0.638 0.608 0.515 0.499 0.424 0.378
     31       1.832    0.267 0.964      0.988 0.988 0.991 0.998 1.000 1.000 1.000 0.718 0.708 0.643 0.613 0.521 0.505 0.430 0.384
     32       1.081    0.863 0.506      0.602 0.602 0.616 0.672 0.697 0.713 0.718 1.000 1.000 0.995 0.990 0.968 0.964 0.937 0.919
     33       1.099    0.870 0.494      0.590 0.591 0.606 0.661 0.687 0.703 0.708 1.000 1.000 0.996 0.992 0.972 0.967 0.942 0.924
     34       1.250    0.910 0.415      0.517 0.517 0.533 0.592 0.620 0.638 0.643 0.995 0.996 1.000 0.999 0.989 0.986 0.968 0.954
     35       1.343    0.925 0.380      0.484 0.484 0.500 0.561 0.589 0.608 0.613 0.990 0.992 0.999 1.000 0.994 0.992 0.977 0.965
     36       1.794    0.962 0.273      0.382 0.383 0.400 0.465 0.495 0.515 0.521 0.968 0.972 0.989 0.994 1.000 1.000 0.995 0.988
     37       1.905    0.967 0.256      0.366 0.367 0.383 0.449 0.479 0.499 0.505 0.964 0.967 0.986 0.992 1.000 1.000 0.996 0.991
     38       2.760    0.985 0.174      0.286 0.287 0.304 0.372 0.403 0.424 0.430 0.937 0.942 0.968 0.977 0.995 0.996 1.000 0.999
     39       3.847    0.992 0.124      0.237 0.238 0.255 0.324 0.357 0.378 0.384 0.919 0.924 0.954 0.965 0.988 0.991 0.999 1.000

  R CORE   ENERGY   A0R/A00=1.000    R3= 0     2  
   2( 1)    0.732                    1.000 0.000
   2( 2)  487.921                    0.000 1.000

  R CORE   ENERGY   A0R/A00=1.000    R3= 0     2  
   3( 1)  488.652                    0.000 1.000

  R CORE   ENERGY   A0R/A00=1.000    R3= 0     2     4  
   4( 1)    2.438                    1.000 0.000 0.000

  R CORE   ENERGY   A0R/A00=1.000    R3= 0     2     4  
   5( 1)  490.847                    0.000 1.000 0.000

  R CORE   ENERGY   A0R/A00=1.000    R3= 0     2     4     6  
   6( 1)    5.121                    1.000 0.000 0.000 0.000

  R CORE   ENERGY   A0R/A00=1.000    R3= 0     2     4     6  
   7( 1)  494.017                    0.000 1.000 0.000 0.000

          AXIAL SYMMETRY => K RESTRICTED TO OMEGA

                     K
     S.P. ORB#: 25  0.50
     S.P. ORB#: 26  2.50
     S.P. ORB#: 27 -3.50
     S.P. ORB#: 28 -3.50
     S.P. ORB#: 29  0.50
     S.P. ORB#: 30 -1.50
     S.P. ORB#: 31  4.50
     S.P. ORB#: 32 -1.50
     S.P. ORB#: 33  0.50
     S.P. ORB#: 34  2.50
     S.P. ORB#: 35 -1.50
     S.P. ORB#: 36  0.50
     S.P. ORB#: 37  2.50
     S.P. ORB#: 38 -3.50
     S.P. ORB#: 39  4.50
 

             ENERGY    K= OMEGA
 
 I=  1/2- (1)  2.070  25:-0.056
                      36:-0.998
 
 I=  1/2- (2)  3.129  29: 0.999
 
 I=  1/2- (3)  5.414  25: 0.998
                      36:-0.056
 
 I=  1/2- (4)  8.776  33: 1.000
 
 I=  1/2- (5)147.385  32: 1.000

             ENERGY    K= OMEGA
 
 I=  3/2- (1)  1.588  29: 0.185
                      30: 0.099
                      32: 0.974
                      36:-0.067
 
 I=  3/2- (2)  2.674  25: 0.052
                      29: 0.223
                      30: 0.286
                      32:-0.137
                      36:-0.920

             ENERGY    K= OMEGA
 
 I=  5/2- (1)  1.732  25: 0.058
                      29:-0.150
                      30:-0.189
                      32: 0.469
                      34: 0.846
 
 I=  5/2- (2)  2.243  29: 0.194
                      30:-0.186
                      32:-0.844
                      34: 0.457
                      36:-0.066
 
 I=  5/2- (3)  2.697  25:-0.084
                      29: 0.249
                      30: 0.332
                      34: 0.170
                      36: 0.890
 
 I=  5/2- (4)  3.310  25:-0.343
                      29: 0.406
                      30: 0.695
                      32: 0.072
                      34: 0.185
                      36:-0.441
 
 I=  5/2- (5)  4.435  25:-0.066
                      29: 0.811
                      30:-0.517
                      32: 0.244
                      34:-0.104

             ENERGY    K= OMEGA
 
 I=  7/2- (1)  2.373  29: 0.198
                      30:-0.212
                      32: 0.546
                      34:-0.784
 
 I=  7/2- (2)  2.903  25: 0.168
                      26:-0.120
                      28:-0.312
                      29: 0.323
                      30: 0.305
                      32: 0.652
                      34: 0.456
                      36:-0.168
 
 I=  7/2- (3)  3.113  25: 0.069
                      26: 0.206
                      27:-0.072
                      28: 0.916
                      29: 0.129
                      30: 0.122
                      32: 0.212
                      34: 0.161
                      36:-0.075
 
 I=  7/2- (4)  3.439  33: 0.736
                      35: 0.571
                      37: 0.338
                      38: 0.135
 
 I=  7/2- (5)  4.163  25:-0.199
                      29:-0.183
                      30:-0.478
                      32: 0.345
                      34: 0.304
                      36: 0.696

             ENERGY    K= OMEGA
 
 I=  9/2- (1)  2.598  26:-0.075
                      27: 0.250
                      28: 0.182
                      31:-0.944
                      34:-0.067
 
 I=  9/2- (2)  3.060  25: 0.204
                      29:-0.325
                      30:-0.394
                      31:-0.092
                      32: 0.477
                      34: 0.659
                      36:-0.158
 
 I=  9/2- (3)  3.923  26:-0.306
                      27:-0.105
                      28: 0.806
                      29: 0.090
                      30:-0.151
                      31: 0.153
                      32:-0.382
                      34: 0.195
                      36:-0.083
 
 I=  9/2- (4)  4.167  25:-0.173
                      26:-0.064
                      27:-0.054
                      28: 0.347
                      29: 0.091
                      30: 0.417
                      32: 0.569
                      34: 0.065
                      36: 0.574
 
 I=  9/2- (5)  4.274  25: 0.130
                      26:-0.073
                      28: 0.297
                      29:-0.393
                      31: 0.077
                      32: 0.403
                      34:-0.638
                      36:-0.398

             ENERGY    K= OMEGA
 
 I= 11/2- (1)  2.324  33:-0.672
                      35:-0.566
                      37:-0.403
                      38:-0.235
                      39:-0.101
 
 I= 11/2- (2)  3.568  26: 0.123
                      27: 0.331
                      28: 0.250
                      31: 0.895
                      32:-0.062
                      34: 0.082
 
 I= 11/2- (3)  4.327  29: 0.290
                      30:-0.282
                      31: 0.119
                      32: 0.580
                      34:-0.695
 
 I= 11/2- (4)  4.869  25: 0.261
                      26:-0.211
                      27: 0.086
                      28:-0.410
                      29: 0.367
                      30: 0.390
                      31: 0.108
                      32: 0.462
                      34: 0.401
                      36:-0.198
 
 I= 11/2- (5)  5.185  25: 0.172
                      26: 0.304
                      27:-0.115
                      28: 0.782
                      29: 0.240
                      30: 0.231
                      31:-0.219
                      32: 0.210
                      34: 0.176
                      36:-0.140

             ENERGY    K= OMEGA
 
 I= 13/2- (1)  4.080  33: 0.192
                      35:-0.496
                      37: 0.607
                      38:-0.515
                      39: 0.289
 
 I= 13/2- (2)  4.751  25:-0.058
                      26:-0.163
                      27: 0.375
                      28: 0.289
                      29: 0.081
                      30: 0.091
                      31:-0.835
                      32:-0.112
                      34:-0.142
 
 I= 13/2- (3)  5.114  25: 0.327
                      27: 0.053
                      28: 0.079
                      29:-0.418
                      30:-0.488
                      31:-0.205
                      32: 0.384
                      34: 0.486
                      36:-0.212
 
 I= 13/2- (4)  6.406  26:-0.395
                      27:-0.164
                      28: 0.778
                      29: 0.070
                      30:-0.128
                      31: 0.281
                      32:-0.303
                      34: 0.115
                      36:-0.074
 
 I= 13/2- (5)  6.749  25:-0.232
                      27:-0.064
                      28: 0.197
                      29: 0.176
                      30: 0.310
                      32: 0.490
                      34: 0.453
                      36: 0.574

             ENERGY     K= 9/2
  32 LEVELS    TIME=  0.0 SEC



 ******************* EXCITATION ENERGIES, DOMINANT CONFIGURATION AND EXPECTATION VALUES (WITH S.P. UU+VV FACTORS) *******************

  NR  Eex(keV)  I   Kdom  NY    <Jz>  <Jx**2> <Jy**2> <Jz**2> <I.j>/|I|  <Rx**2> <Ry**2> <Rz**2> <R.j>/|R|  <HROTx> <HROTy> <HROTz>

   1    0.0   3/2-  -3/2  32   -1.42    1.63    1.63    2.17    1.40       1.87    1.87   -0.00   -1.40      0.229   0.229  -0.000
   2  143.1   5/2-   5/2  34    1.42    1.93    1.93    5.06    2.34       1.92    1.92   -0.00   -1.02      0.234   0.234  -0.000
   3  481.4   1/2-   1/2  36    0.50    1.31    1.31    0.25    0.82       1.10    1.10    0.00   -1.46      0.134   0.134   0.000
   4  654.2   5/2-  -3/2  32   -0.57    1.63    1.63    3.01    1.08       4.32    4.32   -0.00   -1.05      0.527   0.527  -0.000
   5  735.5  11/2-   1/2  33    0.00   27.11   27.11    2.73    7.14       3.68    3.68    0.00   -5.27      0.448   0.448   0.000
  
   6  784.6   7/2-   5/2  34    1.03    2.00    2.00    4.65    1.93       4.54    4.54   -0.00   -0.33      0.554   0.554  -0.000
   7 1009.5   9/2-   9/2  31    3.70    2.64    2.64   19.28    4.44       2.59    2.59    0.00   -1.10      0.316   0.316   0.000
   8 1085.7   3/2-   1/2  36    0.30    1.74    1.74    0.45    0.14       3.56    3.56    0.00   -1.37      0.434   0.434   0.000
   9 1108.8   5/2-   1/2  36    0.34    2.16    2.16    0.64    1.10       3.60    3.60    0.00   -0.64      0.439   0.439   0.000
  10 1314.1   7/2-  -3/2  32   -0.49    1.99    1.99    3.81    1.59       5.47    5.47    0.00   -0.45      0.667   0.667   0.000
  
  11 1471.4   9/2-   5/2  34    0.63    2.89    2.89    3.81    2.19       6.26    6.26   -0.00    0.37      0.764   0.764  -0.000
  12 1524.8   7/2-  -7/2  28   -2.86    2.30    2.30   10.92    3.14       3.18    3.18    0.00   -1.21      0.387   0.387   0.000
  13 1540.4   1/2-   1/2  29    0.50    4.26    4.26    0.25    0.34       4.46    4.46   -0.00   -2.84      0.544   0.544  -0.000
  14 1721.8   5/2-  -3/2  30   -0.41    3.54    3.54    1.43    1.27       4.86    4.86    0.00   -1.52      0.593   0.593   0.000
  15 1850.7   7/2-   1/2  33    0.00   27.34   27.34    1.81    6.89       8.77    8.77    0.00   -6.96      1.069   1.069   0.000
  
  16 1979.8  11/2-   9/2  31    3.05    2.93    2.93   18.48    4.01       6.10    6.10    0.00   -0.11      0.743   0.743   0.000
  17 2335.0   9/2-  -7/2  28   -2.12    2.33    2.33    9.77    2.58       6.77    6.77    0.00   -0.44      0.825   0.825   0.000
  18 2492.0  13/2-   5/2  37    0.02   25.76   25.76    7.81    6.59       8.01    8.01    0.00   -3.32      0.977   0.977   0.000
  19 2574.7   7/2-   1/2  36   -0.02    2.60    2.60    1.52    0.37       9.78    9.78    0.00   -1.19      1.192   1.192   0.000
  20 2578.6   9/2-   1/2  36   -0.96    2.10    2.10    2.81    1.18      10.00   10.00    0.00   -0.25      1.219   1.219   0.000
  
  21 2685.9   9/2-   5/2  34    0.67    2.43    2.43    4.23    1.19      10.99   10.99   -0.00   -0.67      1.339   1.339  -0.000
  22 2739.0  11/2-   5/2  34    0.69    2.26    2.26    4.28    1.67      12.32   12.32    0.00    0.23      1.503   1.503   0.000
  23 2847.0   5/2-   1/2  29   -0.13    4.26    4.26    0.97   -0.38      10.24   10.24    0.00   -2.34      1.249   1.249   0.000
  24 3162.9  13/2-   9/2  31    2.44    3.20    3.20   17.20    3.66      10.60   10.60    0.00    0.43      1.292   1.292   0.000
  25 3280.1  11/2-  -3/2  32   -0.48    2.49    2.49    4.56    1.80      11.90   11.90    0.00    0.25      1.450   1.450   0.000
  
  26 3525.6  13/2-  -3/2  30    0.33    3.77    3.77    3.39    2.38      13.25   13.25    0.00    1.10      1.616   1.616   0.000
  27 3596.2  11/2-  -7/2  28   -1.76    2.60    2.60    9.64    2.33      11.38   11.38    0.00   -0.19      1.387   1.387   0.000
  28 3825.8   1/2-   1/2  25    0.50    5.44    5.44    0.25    0.70       5.34    5.34    0.00   -3.22      0.651   0.651   0.000
  29 4817.9  13/2-  -7/2  28   -1.59    2.59    2.59   10.65    2.31      16.13   16.13    0.00    0.06      1.967   1.967   0.000
  30 5160.9  13/2-   1/2  36    0.07    2.24    2.24    2.67    1.03      20.78   20.78    0.00    0.00      2.533   2.533   0.000
  
  31 7187.3   1/2-   1/2  33    0.50   27.55   27.55    0.25   -3.96      31.48   31.48    0.00   -7.41      3.838   3.838   0.000
  32*******   1/2-  -3/2  32    0.00    0.00    0.00    0.00   -0.00       0.00    0.00    0.00   -0.00      0.000   0.000   0.000
