1SPECTRUM OF (Z= 82 A=207) IN PARTICLE-ROTOR  MODEL WITH MODIFIED OSCILLATOR POTENTIAL


 PARITY=-   EPS= 0.321   GAMMA=  0.0   EPS4=0.000   EPS6=0.000   LEVELS:  25  26  27  28  29  30  31  32  33  34  35  36  37  38  39

 PAIRING FACTORS: GN0= 19.20  GN1=  7.40  IPAIR= 15 ***  E2PLUS(INPUT)=   0.730  E2PLUR(INPUT)=   0.000

 CORIOLIS ATTENUATION PARAMETERS:  CHSI=1.000  ETA=  1.00

 MOMENT OF INERTIA PARAMETERS:   A1=  0.122 MEV   A2=  0.122 MEV   A3=121.91924 MEV


 DELTA=0.931 MEV  LAMBDA=53.3044 MEV   HW0= 7.5041 MEV   LAMBDA/HW0= 7.1034

 E2ENERGY=0.730 MEV  HBAR**2/B=19106./A**(7/3)=3229.8/A**2 MEV

 IREC=0  =>  RECOIL TERMS j+j-, j+j+, jzjz, ETC TREATED AS ONE-BODY OPERATORS WITH UU+VV PAIRING FACTORS



 S. P. LEVEL   EQP       U     V        (UU + VV)**1.00

     25       4.156    0.113 0.994      1.000 0.999 0.998 0.976 0.967 0.952 0.907 0.899 0.742 0.530 0.310 0.304 0.289 0.276 0.254
     26       3.240    0.145 0.989      0.999 1.000 1.000 0.983 0.975 0.961 0.920 0.913 0.764 0.558 0.341 0.335 0.320 0.307 0.285
     27       2.684    0.176 0.984      0.998 1.000 1.000 0.988 0.981 0.969 0.932 0.926 0.784 0.584 0.370 0.365 0.350 0.337 0.315
     28       1.512    0.326 0.945      0.976 0.983 0.988 1.000 0.999 0.996 0.977 0.973 0.870 0.702 0.509 0.504 0.490 0.478 0.457
     29       1.375    0.363 0.932      0.967 0.975 0.981 0.999 1.000 0.999 0.984 0.981 0.889 0.730 0.543 0.538 0.525 0.513 0.493
     30       1.239    0.413 0.911      0.952 0.961 0.969 0.996 0.999 1.000 0.992 0.990 0.912 0.765 0.587 0.582 0.569 0.558 0.539
     31       1.046    0.522 0.853      0.907 0.920 0.932 0.977 0.984 0.992 1.000 1.000 0.956 0.839 0.682 0.678 0.666 0.656 0.638
     32       1.029    0.536 0.844      0.899 0.913 0.926 0.973 0.981 0.990 1.000 1.000 0.960 0.848 0.695 0.690 0.679 0.669 0.651
     33       0.939    0.750 0.662      0.742 0.764 0.784 0.870 0.889 0.912 0.956 0.960 1.000 0.962 0.867 0.864 0.856 0.849 0.837
     34       1.197    0.902 0.431      0.530 0.558 0.584 0.702 0.730 0.765 0.839 0.848 0.962 1.000 0.970 0.969 0.965 0.961 0.955
     35       2.366    0.980 0.201      0.310 0.341 0.370 0.509 0.543 0.587 0.682 0.695 0.867 0.970 1.000 1.000 1.000 0.999 0.998
     36       2.438    0.981 0.195      0.304 0.335 0.365 0.504 0.538 0.582 0.678 0.690 0.864 0.969 1.000 1.000 1.000 1.000 0.999
     37       2.641    0.984 0.179      0.289 0.320 0.350 0.490 0.525 0.569 0.666 0.679 0.856 0.965 1.000 1.000 1.000 1.000 0.999
     38       2.847    0.986 0.166      0.276 0.307 0.337 0.478 0.513 0.558 0.656 0.669 0.849 0.961 0.999 1.000 1.000 1.000 1.000
     39       3.295    0.990 0.143      0.254 0.285 0.315 0.457 0.493 0.539 0.638 0.651 0.837 0.955 0.998 0.999 0.999 1.000 1.000

  R CORE   ENERGY   A0R/A00=1.000    R3= 0     2  
   2( 1)    0.732                    1.000 0.000
   2( 2)  487.921                    0.000 1.000

  R CORE   ENERGY   A0R/A00=1.000    R3= 0     2  
   3( 1)  488.652                    0.000 1.000

  R CORE   ENERGY   A0R/A00=1.000    R3= 0     2     4  
   4( 1)    2.438                    1.000 0.000 0.000

  R CORE   ENERGY   A0R/A00=1.000    R3= 0     2     4  
   5( 1)  490.847                    0.000 1.000 0.000

  R CORE   ENERGY   A0R/A00=1.000    R3= 0     2     4     6  
   6( 1)    5.121                    1.000 0.000 0.000 0.000

  R CORE   ENERGY   A0R/A00=1.000    R3= 0     2     4     6  
   7( 1)  494.017                    0.000 1.000 0.000 0.000

          AXIAL SYMMETRY => K RESTRICTED TO OMEGA

                     K
     S.P. ORB#: 25  0.50
     S.P. ORB#: 26  2.50
     S.P. ORB#: 27 -3.50
     S.P. ORB#: 28  0.50
     S.P. ORB#: 29  0.50
     S.P. ORB#: 30 -1.50
     S.P. ORB#: 31 -3.50
     S.P. ORB#: 32 -1.50
     S.P. ORB#: 33  4.50
     S.P. ORB#: 34  2.50
     S.P. ORB#: 35 -1.50
     S.P. ORB#: 36 -3.50
     S.P. ORB#: 37  2.50
     S.P. ORB#: 38  0.50
     S.P. ORB#: 39  0.50
 

             ENERGY    K= OMEGA
 
 I=  1/2- (1)  2.597  29:-0.998
 
 I=  1/2- (2)  3.630  25:-0.071
                      39:-0.997
 
 I=  1/2- (3)  5.710  25: 0.997
                      39:-0.069
 
 I=  1/2- (4)  6.079  28: 0.460
                      38:-0.888
 
 I=  1/2- (5)  8.771  28:-0.888
                      38:-0.460

             ENERGY    K= OMEGA
 
 I=  3/2- (1)  2.448  25:-0.136
                      30:-0.965
                      35:-0.203
                      39: 0.093
 
 I=  3/2- (2)  2.539  25: 0.148
                      29: 0.849
                      30:-0.148
                      35: 0.473
                      39:-0.110

             ENERGY    K= OMEGA
 
 I=  5/2- (1)  2.491  25:-0.251
                      29: 0.449
                      30: 0.754
                      35:-0.156
                      37:-0.345
                      39: 0.152
 
 I=  5/2- (2)  3.258  26: 0.066
                      29:-0.430
                      30: 0.437
                      35: 0.779
                      37: 0.092
                      39: 0.066
 
 I=  5/2- (3)  3.386  25:-0.128
                      29: 0.452
                      30: 0.078
                      35: 0.090
                      37: 0.866
                      39: 0.126
 
 I=  5/2- (4)  4.167  29: 0.559
                      30:-0.427
                      35: 0.565
                      37:-0.349
                      39: 0.251
 
 I=  5/2- (5)  4.476  25:-0.167
                      29: 0.228
                      35: 0.188
                      39:-0.939

             ENERGY    K= OMEGA
 
 I=  7/2- (1)  1.836  26:-0.200
                      27: 0.053
                      31: 0.978
 
 I=  7/2- (2)  3.302  25:-0.161
                      29: 0.143
                      30:-0.797
                      35: 0.149
                      37:-0.536
                      39: 0.083
 
 I=  7/2- (3)  3.406  28: 0.724
                      32: 0.579
                      34: 0.346
                      36: 0.143
 
 I=  7/2- (4)  3.409  25: 0.281
                      29: 0.772
                      30: 0.202
                      35: 0.496
                      37:-0.069
                      39:-0.179
 
 I=  7/2- (5)  4.343  26: 0.138
                      27: 0.390
                      29: 0.408
                      30:-0.415
                      35:-0.361
                      37: 0.600

             ENERGY    K= OMEGA
 
 I=  9/2- (1)  1.813  26:-0.070
                      27: 0.202
                      31:-0.218
                      33:-0.952
 
 I=  9/2- (2)  2.778  26: 0.274
                      27: 0.090
                      30: 0.052
                      31: 0.930
                      33:-0.214
 
 I=  9/2- (3)  3.473  25:-0.360
                      29: 0.488
                      30: 0.677
                      31:-0.065
                      35:-0.192
                      37:-0.314
                      39: 0.185
 
 I=  9/2- (4)  4.571  28: 0.233
                      32:-0.584
                      34: 0.657
                      36:-0.416
 
 I=  9/2- (5)  5.057  25:-0.093
                      26: 0.117
                      27:-0.114
                      29:-0.256
                      30: 0.423
                      31:-0.051
                      35: 0.795
                      37: 0.235
                      39: 0.173

             ENERGY    K= OMEGA
 
 I= 11/2- (1)  2.718  28: 0.686
                      32: 0.579
                      34: 0.390
                      36: 0.198
                      38: 0.055
 
 I= 11/2- (2)  2.887  26:-0.119
                      27:-0.273
                      31: 0.303
                      33:-0.905
 
 I= 11/2- (3)  3.951  26: 0.321
                      27:-0.128
                      30:-0.062
                      31:-0.884
                      33:-0.300
                      37:-0.061
 
 I= 11/2- (4)  5.144  25:-0.353
                      29:-0.285
                      30:-0.754
                      31: 0.091
                      35:-0.073
                      37:-0.421
                      39: 0.182
 
 I= 11/2- (5)  5.238  25: 0.181
                      29: 0.720
                      30:-0.237
                      35: 0.503
                      37:-0.350
                      39:-0.117

             ENERGY    K= OMEGA
 
 I= 13/2- (1)  4.179  26: 0.163
                      27:-0.319
                      31: 0.360
                      33: 0.861
 
 I= 13/2- (2)  4.916  28: 0.223
                      32:-0.566
                      34: 0.660
                      36:-0.440
 
 I= 13/2- (3)  5.286  25:-0.316
                      26: 0.239
                      27: 0.119
                      29: 0.358
                      30: 0.494
                      31: 0.556
                      33:-0.236
                      35:-0.114
                      37:-0.240
                      39: 0.147
 
 I= 13/2- (4)  5.430  25:-0.289
                      26:-0.259
                      27:-0.112
                      29: 0.349
                      30: 0.412
                      31:-0.637
                      33: 0.272
                      35:-0.155
                      37:-0.153
                      39: 0.133
 
 I= 13/2- (5)  7.797  25:-0.150
                      26: 0.121
                      27:-0.131
                      29:-0.094
                      30: 0.309
                      31:-0.073
                      33:-0.062
                      35: 0.756
                      37: 0.441
                      39: 0.258

             ENERGY     K= 1/2
  32 LEVELS    TIME=  0.0 SEC



 ******************* EXCITATION ENERGIES, DOMINANT CONFIGURATION AND EXPECTATION VALUES (WITH S.P. UU+VV FACTORS) *******************

  NR  Eex(keV)  I   Kdom  NY    <Jz>  <Jx**2> <Jy**2> <Jz**2> <I.j>/|I|  <Rx**2> <Ry**2> <Rz**2> <R.j>/|R|  <HROTx> <HROTy> <HROTz>

   1    0.0   9/2-   9/2  33    3.78    2.55    2.55   19.47    4.31       3.23    3.23   -0.00   -1.23      0.394   0.394  -0.000
   2   22.3   7/2-  -7/2  31   -3.25    2.31    2.31   12.00    3.36       2.85    2.85    0.00   -1.38      0.348   0.348   0.000
   3  634.5   3/2-  -3/2  30   -1.45    4.41    4.41    2.20    1.50       4.48    4.48    0.00   -2.71      0.546   0.546   0.000
   4  677.0   5/2-  -3/2  30   -0.45    4.62    4.62    2.15    2.30       3.27    3.27    0.00   -1.80      0.399   0.399   0.000
   5  725.1   3/2-   1/2  29    0.01    3.89    3.89    0.74    1.34       3.53    3.53    0.00   -2.22      0.430   0.430   0.000
  
   6  783.2   1/2-   1/2  29    0.50    4.75    4.75    0.25    0.32       4.97    4.97    0.00   -3.00      0.606   0.606   0.000
   7  904.4  11/2-   1/2  28   -0.02   24.72   24.72    2.31    6.37       5.64    5.64   -0.00   -4.06      0.688   0.688  -0.000
   8  964.7   9/2-  -7/2  31   -2.66    2.42    2.42   12.11    2.91       6.37    6.37    0.00   -0.69      0.776   0.776   0.000
   9 1073.6  11/2-   9/2  33    3.14    2.77    2.77   18.72    3.80       7.28    7.28   -0.00   -0.40      0.888   0.888  -0.000
  10 1444.6   5/2-  -3/2  35   -1.07    2.57    2.57    1.92    0.90       5.25    5.25    0.00   -1.36      0.640   0.640   0.000
  
  11 1488.0   7/2-  -3/2  30   -0.25    3.95    3.95    3.32    1.81       6.32    6.32    0.00   -1.14      0.770   0.770   0.000
  12 1572.0   5/2-   5/2  37    1.97    2.56    2.56    4.77    1.80       4.01    4.01    0.00   -1.62      0.489   0.489   0.000
  13 1592.7   7/2-   1/2  28   -0.01   24.28   24.28    1.89    6.20       8.51    8.51    0.00   -6.27      1.037   1.037   0.000
  14 1595.3   7/2-   1/2  29   -0.06    3.60    3.60    0.87    1.45       6.17    6.17    0.00   -0.67      0.753   0.753   0.000
  15 1659.8   9/2-  -3/2  30   -0.31    4.86    4.86    1.89    2.36       6.46    6.46    0.00    0.03      0.788   0.788   0.000
  
  16 1816.5   1/2-   1/2  39    0.50    1.50    1.50    0.25    0.72       1.37    1.37    0.00   -1.58      0.167   0.167   0.000
  17 2137.9  11/2-  -7/2  31   -2.13    2.52    2.52   12.27    2.62      10.88   10.88    0.00   -0.35      1.326   1.326   0.000
  18 2353.4   5/2-  -3/2  35   -0.26    3.45    3.45    1.99   -0.10       9.12    9.12    0.00   -2.15      1.111   1.111   0.000
  19 2365.8  13/2-   9/2  33    2.59    2.97    2.97   18.02    3.45      12.25   12.25   -0.00    0.03      1.494   1.494  -0.000
  20 2529.3   7/2-   5/2  37    0.05    3.36    3.36    4.95    1.21       8.90    8.90    0.00   -1.63      1.086   1.086   0.000
  
  21 2662.7   5/2-   1/2  39    0.43    1.66    1.66    0.34    0.31       5.30    5.30    0.00   -0.85      0.646   0.646   0.000
  22 2757.4   9/2-   5/2  34   -0.01   24.80   24.80    5.60    5.40      13.12   13.12    0.00   -5.53      1.599   1.599   0.000
  23 3102.7  13/2-   5/2  34   -0.04   24.78   24.78    5.83    5.39      14.42   14.42   -0.00   -3.30      1.758   1.758  -0.000
  24 3243.2   9/2-  -3/2  35   -1.04    2.30    2.30    2.49    0.82      11.84   11.84    0.00   -0.62      1.443   1.443   0.000
  25 3330.9  11/2-  -3/2  30   -0.32    4.11    4.11    2.58    1.69      13.16   13.16    0.00   -0.14      1.605   1.605   0.000
  
  26 3424.5  11/2-   1/2  29    0.12    3.50    3.50    1.64    1.42      13.71   13.71    0.00   -0.03      1.672   1.672   0.000
  27 3472.4  13/2-  -7/2  31   -0.85    3.96    3.96    6.44    2.44      14.51   14.51    0.00    0.50      1.769   1.769   0.000
  28 3616.7  13/2-  -7/2  31   -1.08    3.71    3.71    7.69    2.35      15.51   15.51    0.00    0.23      1.891   1.891   0.000
  29 3896.8   1/2-   1/2  25    0.50    6.49    6.49    0.25    0.67       6.42    6.42    0.00   -3.53      0.782   0.782   0.000
  30 4265.3   1/2-   1/2  38    0.50   12.48   12.48    0.25   -1.65      14.41   14.41    0.00   -4.96      1.757   1.757   0.000
  
  31 5983.4  13/2-  -3/2  35   -0.49    2.10    2.10    3.18    0.86      22.09   22.09    0.00   -0.21      2.693   2.693   0.000
  32 6957.7   1/2-   1/2  28    0.50   25.03   25.03    0.25   -3.56      28.61   28.61   -0.00   -7.06      3.489   3.489  -0.000
