1SPECTRUM OF (Z= 82 A=207) IN PARTICLE-ROTOR  MODEL WITH MODIFIED OSCILLATOR POTENTIAL


 PARITY=-   EPS= 0.352   GAMMA=  0.0   EPS4=0.000   EPS6=0.000   LEVELS:  26  27  28  29  30  31  32  33  34  35  36  37  38  39  40

 PAIRING FACTORS: GN0= 19.20  GN1=  7.40  IPAIR= 15 ***  E2PLUS(INPUT)=   0.730  E2PLUR(INPUT)=   0.000

 CORIOLIS ATTENUATION PARAMETERS:  CHSI=1.000  ETA=  1.00

 MOMENT OF INERTIA PARAMETERS:   A1=  0.122 MEV   A2=  0.122 MEV   A3=121.91922 MEV


 DELTA=0.895 MEV  LAMBDA=53.3815 MEV   HW0= 7.5243 MEV   LAMBDA/HW0= 7.0946

 E2ENERGY=0.730 MEV  HBAR**2/B=22974./A**(7/3)=3883.7/A**2 MEV

 IREC=0  =>  RECOIL TERMS j+j-, j+j+, jzjz, ETC TREATED AS ONE-BODY OPERATORS WITH UU+VV PAIRING FACTORS



 S. P. LEVEL   EQP       U     V        (UU + VV)**1.00

     26       3.049    0.148 0.989      1.000 0.999 0.998 0.979 0.967 0.948 0.815 0.687 0.609 0.353 0.349 0.309 0.294 0.268 0.256
     27       2.490    0.183 0.983      0.999 1.000 0.999 0.985 0.975 0.959 0.835 0.712 0.636 0.386 0.382 0.342 0.327 0.301 0.290
     28       2.135    0.215 0.977      0.998 0.999 1.000 0.990 0.982 0.967 0.853 0.734 0.661 0.415 0.411 0.372 0.357 0.332 0.321
     29       1.370    0.348 0.937      0.979 0.985 0.990 1.000 0.999 0.993 0.917 0.821 0.759 0.538 0.534 0.498 0.484 0.460 0.450
     30       1.230    0.396 0.918      0.967 0.975 0.982 0.999 1.000 0.998 0.936 0.850 0.791 0.581 0.577 0.542 0.528 0.505 0.495
     31       1.104    0.455 0.891      0.948 0.959 0.967 0.993 0.998 1.000 0.957 0.882 0.829 0.632 0.629 0.595 0.582 0.560 0.550
     32       0.895    0.693 0.721      0.815 0.835 0.853 0.917 0.936 0.957 1.000 0.981 0.956 0.830 0.827 0.802 0.793 0.776 0.769
     33       0.954    0.821 0.571      0.687 0.712 0.734 0.821 0.850 0.882 0.981 1.000 0.995 0.923 0.921 0.903 0.897 0.884 0.879
     34       1.056    0.875 0.484      0.609 0.636 0.661 0.759 0.791 0.829 0.956 0.995 1.000 0.957 0.956 0.943 0.937 0.927 0.923
     35       2.173    0.978 0.211      0.353 0.386 0.415 0.538 0.581 0.632 0.830 0.923 0.957 1.000 1.000 0.999 0.998 0.996 0.995
     36       2.217    0.979 0.206      0.349 0.382 0.411 0.534 0.577 0.629 0.827 0.921 0.956 1.000 1.000 0.999 0.998 0.996 0.995
     37       2.759    0.986 0.164      0.309 0.342 0.372 0.498 0.542 0.595 0.802 0.903 0.943 0.999 0.999 1.000 1.000 0.999 0.999
     38       3.041    0.989 0.149      0.294 0.327 0.357 0.484 0.528 0.582 0.793 0.897 0.937 0.998 0.998 1.000 1.000 1.000 0.999
     39       3.702    0.993 0.122      0.268 0.301 0.332 0.460 0.505 0.560 0.776 0.884 0.927 0.996 0.996 0.999 1.000 1.000 1.000
     40       4.084    0.994 0.110      0.256 0.290 0.321 0.450 0.495 0.550 0.769 0.879 0.923 0.995 0.995 0.999 0.999 1.000 1.000

  R CORE   ENERGY   A0R/A00=1.000    R3= 0     2  
   2( 1)    0.732                    1.000 0.000
   2( 2)  487.921                    0.000 1.000

  R CORE   ENERGY   A0R/A00=1.000    R3= 0     2  
   3( 1)  488.652                    0.000 1.000

  R CORE   ENERGY   A0R/A00=1.000    R3= 0     2     4  
   4( 1)    2.438                    1.000 0.000 0.000

  R CORE   ENERGY   A0R/A00=1.000    R3= 0     2     4  
   5( 1)  490.847                    0.000 1.000 0.000

  R CORE   ENERGY   A0R/A00=1.000    R3= 0     2     4     6  
   6( 1)    5.121                    1.000 0.000 0.000 0.000

  R CORE   ENERGY   A0R/A00=1.000    R3= 0     2     4     6  
   7( 1)  494.017                    0.000 1.000 0.000 0.000

          AXIAL SYMMETRY => K RESTRICTED TO OMEGA

                     K
     S.P. ORB#: 26  2.50
     S.P. ORB#: 27 -3.50
     S.P. ORB#: 28  0.50
     S.P. ORB#: 29 -1.50
     S.P. ORB#: 30  0.50
     S.P. ORB#: 31 -1.50
     S.P. ORB#: 32 -3.50
     S.P. ORB#: 33  2.50
     S.P. ORB#: 34  4.50
     S.P. ORB#: 35  0.50
     S.P. ORB#: 36 -3.50
     S.P. ORB#: 37 -1.50
     S.P. ORB#: 38  2.50
     S.P. ORB#: 39  0.50
     S.P. ORB#: 40  4.50
 

             ENERGY    K= OMEGA
 
 I=  1/2- (1)  2.493  30:-0.999
 
 I=  1/2- (2)  4.062  39: 0.999
 
 I=  1/2- (3)  5.554  28:-0.317
                      35: 0.948
 
 I=  1/2- (4)  8.823  28: 0.948
                      35: 0.317
 
 I=  1/2- (5)147.407  31: 1.000

             ENERGY    K= OMEGA
 
 I=  3/2- (1)  2.377  30: 0.409
                      31:-0.912
 
 I=  3/2- (2)  2.675  30:-0.836
                      31:-0.377
                      37:-0.368
                      39: 0.153
 
 I=  3/2- (3)  3.487  30:-0.339
                      31:-0.134
                      37: 0.930
                      39: 0.052
 
 I=  3/2- (4)  4.767  30:-0.136
                      31:-0.092
                      39:-0.986
 
 I=  3/2- (5)  4.855  28: 0.520
                      29: 0.197
                      35:-0.831

             ENERGY    K= OMEGA
 
 I=  5/2- (1)  2.732  30: 0.409
                      31: 0.830
                      37:-0.111
                      38:-0.316
                      39: 0.173
 
 I=  5/2- (2)  3.379  26:-0.061
                      30: 0.730
                      31:-0.401
                      37:-0.542
                      38: 0.090
 
 I=  5/2- (3)  3.768  26: 0.053
                      30: 0.296
                      31: 0.187
                      37: 0.399
                      38: 0.830
                      39: 0.164
 
 I=  5/2- (4)  4.370  26:-0.100
                      30:-0.407
                      31: 0.315
                      37:-0.703
                      38: 0.451
                      39:-0.163
 
 I=  5/2- (5)  4.836  26: 0.969
                      37:-0.087
                      39:-0.228

             ENERGY    K= OMEGA
 
 I=  7/2- (1)  1.721  26: 0.181
                      32:-0.982
 
 I=  7/2- (2)  3.357  30:-0.519
                      31: 0.724
                      37:-0.236
                      38: 0.387
 
 I=  7/2- (3)  3.713  28:-0.686
                      29:-0.585
                      33:-0.396
                      36:-0.174
 
 I=  7/2- (4)  3.904  26: 0.063
                      30:-0.672
                      31:-0.507
                      37:-0.433
                      38:-0.205
                      39: 0.240
 
 I=  7/2- (5)  4.344  26:-0.207
                      27:-0.931
                      30:-0.110
                      31: 0.117
                      37: 0.112
                      38:-0.229

             ENERGY    K= OMEGA
 
 I=  9/2- (1)  1.968  26: 0.080
                      27:-0.176
                      32: 0.283
                      34: 0.939
 
 I=  9/2- (2)  2.716  26: 0.246
                      27: 0.093
                      32: 0.921
                      34:-0.282
 
 I=  9/2- (3)  4.141  30:-0.446
                      31:-0.727
                      37: 0.217
                      38: 0.406
                      39:-0.237
 
 I=  9/2- (4)  4.414  28: 0.189
                      29:-0.493
                      33: 0.644
                      36:-0.503
                      40: 0.230
 
 I=  9/2- (5)  5.220  26:-0.114
                      27: 0.076
                      30: 0.596
                      31:-0.464
                      32: 0.056
                      37:-0.623
                      38: 0.133

             ENERGY    K= OMEGA
 
 I= 11/2- (1)  2.994  28:-0.627
                      29:-0.563
                      33:-0.438
                      35:-0.058
                      36:-0.282
                      40:-0.126
 
 I= 11/2- (2)  3.080  26:-0.134
                      27:-0.239
                      32: 0.381
                      34:-0.883
 
 I= 11/2- (3)  3.942  26:-0.287
                      27: 0.138
                      31: 0.053
                      32: 0.864
                      34: 0.380
                      38: 0.062
 
 I= 11/2- (4)  5.283  30: 0.540
                      31:-0.642
                      32: 0.055
                      37: 0.323
                      38:-0.432
 
 I= 11/2- (5)  5.792  28: 0.505
                      29: 0.152
                      33:-0.395
                      36:-0.620
                      40:-0.426

             ENERGY    K= OMEGA
 
 I= 13/2- (1)  4.414  26: 0.181
                      27:-0.280
                      32: 0.441
                      34: 0.833
 
 I= 13/2- (2)  4.433  28: 0.165
                      29:-0.439
                      33: 0.612
                      36:-0.555
                      40: 0.312
 
 I= 13/2- (3)  5.400  26: 0.314
                      27: 0.178
                      31: 0.077
                      32: 0.814
                      34:-0.441
                      38:-0.081
 
 I= 13/2- (4)  6.506  30: 0.457
                      31: 0.676
                      32:-0.088
                      37:-0.261
                      38:-0.422
                      39: 0.279
 
 I= 13/2- (5)  8.032  26: 0.119
                      27:-0.077
                      30:-0.517
                      31: 0.478
                      32:-0.098
                      37: 0.668
                      38:-0.126
                      39: 0.110

             ENERGY     K= 9/2
  35 LEVELS    TIME=  0.0 SEC



 ******************* EXCITATION ENERGIES, DOMINANT CONFIGURATION AND EXPECTATION VALUES (WITH S.P. UU+VV FACTORS) *******************

  NR  Eex(keV)  I   Kdom  NY    <Jz>  <Jx**2> <Jy**2> <Jz**2> <I.j>/|I|  <Rx**2> <Ry**2> <Rz**2> <R.j>/|R|  <HROTx> <HROTy> <HROTz>

   1    0.0   7/2-  -7/2  32   -3.30    2.31    2.31   12.04    3.31       3.08    3.08    0.00   -1.42      0.375   0.375   0.000
   2  246.6   9/2-   9/2  34    3.60    2.52    2.52   19.27    4.21       3.56    3.56    0.00   -1.25      0.434   0.434   0.000
   3  655.9   3/2-  -3/2  31   -1.16    4.82    4.82    1.91    1.31       5.12    5.12    0.00   -2.82      0.624   0.624   0.000
   4  772.2   1/2-   1/2  30    0.50    4.81    4.81    0.25    0.17       5.16    5.16    0.00   -3.03      0.630   0.630   0.000
   5  954.1   3/2-   1/2  30   -0.05    4.16    4.16    0.80    0.79       4.92    4.92    0.00   -2.43      0.599   0.599   0.000
  
   6  994.6   9/2-  -7/2  32   -2.48    2.39    2.39   12.49    2.86       6.80    6.80    0.00   -0.83      0.829   0.829   0.000
   7 1010.6   5/2-  -3/2  31   -0.70    4.47    4.47    2.26    1.55       5.38    5.38    0.00   -2.01      0.656   0.656   0.000
   8 1273.4  11/2-   1/2  28   -0.00   23.82   23.82    3.30    6.36       5.29    5.29    0.00   -3.96      0.645   0.645   0.000
   9 1359.2  11/2-   9/2  34    2.85    2.71    2.71   18.38    3.66       7.91    7.91    0.00   -0.49      0.965   0.965   0.000
  10 1636.0   7/2-  -3/2  31   -0.37    4.32    4.32    2.33    1.47       7.53    7.53    0.00   -1.32      0.918   0.918   0.000
  
  11 1658.4   5/2-   1/2  30   -0.39    3.73    3.73    1.23    0.59       6.97    6.97    0.00   -1.86      0.849   0.849   0.000
  12 1766.1   3/2-  -3/2  37   -1.26    2.28    2.28    2.01    0.69       3.82    3.82    0.00   -1.89      0.465   0.465   0.000
  13 1991.6   7/2-   1/2  28    0.01   23.50   23.50    2.23    6.10       8.29    8.29    0.00   -6.15      1.011   1.011   0.000
  14 2046.8   5/2-   5/2  38    1.50    2.13    2.13    4.79    1.65       4.02    4.02    0.00   -1.47      0.490   0.490   0.000
  15 2183.3   7/2-   1/2  30   -0.30    3.70    3.70    1.43    0.83       9.00    9.00    0.00   -1.30      1.097   1.097   0.000
  
  16 2220.7  11/2-  -7/2  32   -1.82    2.48    2.48   12.86    2.55      11.51   11.51    0.00   -0.53      1.403   1.403   0.000
  17 2341.0   1/2-   1/2  39    0.50    1.60    1.60    0.25    0.70       1.49    1.49    0.00   -1.65      0.182   0.182   0.000
  18 2419.8   9/2-  -3/2  31   -0.33    4.15    4.15    2.44    1.53      10.11   10.11    0.00   -0.69      1.233   1.233   0.000
  19 2623.0   7/2-  -7/2  27   -2.83    5.86    5.86   11.27    2.99       7.51    7.51    0.00   -2.87      0.916   0.916   0.000
  20 2649.4   5/2-  -3/2  37   -0.26    2.82    2.82    2.72    0.20       7.98    7.98    0.00   -1.95      0.972   0.972   0.000
  
  21 2693.0  13/2-   9/2  34    2.25    2.89    2.89   17.61    3.28      13.17   13.17    0.00   -0.10      1.606   1.606   0.000
  22 2693.2   9/2-   5/2  33    0.04   24.00   24.00    7.32    5.71      11.61   11.61    0.00   -5.58      1.416   1.416   0.000
  23 2712.0  13/2-   5/2  33    0.02   23.78   23.78    8.53    5.94      10.96   10.96    0.00   -3.12      1.336   1.336   0.000
  24 3045.6   3/2-   1/2  39    0.48    1.74    1.74    0.27   -0.46       4.64    4.64    0.00   -1.52      0.566   0.566   0.000
  25 3114.8   5/2-   5/2  26    2.36    5.77    5.77    5.90    1.99       7.20    7.20    0.00   -3.04      0.878   0.878   0.000
  
  26 3134.2   3/2-   1/2  35    0.42   13.29   13.29    0.33    2.15      11.17   11.17    0.00   -4.81      1.362   1.362   0.000
  27 3498.5   9/2-  -3/2  37   -0.68    3.35    3.35    1.75    0.57      13.77   13.77    0.00   -1.07      1.678   1.678   0.000
  28 3562.2  11/2-  -3/2  31   -0.17    4.08    4.08    2.48    1.41      14.79   14.79    0.00   -0.41      1.803   1.803   0.000
  29 3679.5  13/2-  -7/2  32   -1.30    2.56    2.56   13.10    2.33      17.20   17.20    0.00   -0.33      2.097   2.097   0.000
  30 3833.2   1/2-   1/2  35    0.50   12.29   12.29    0.25   -1.26      13.88   13.88    0.00   -4.92      1.692   1.692   0.000
  
  31 4071.4  11/2-  -7/2  36   -0.05   22.84   22.84    9.47    5.22      14.25   14.25    0.00   -4.49      1.737   1.737   0.000
  32 4784.6  13/2-  -3/2  31   -0.22    3.98    3.98    2.52    1.47      19.34   19.34    0.00   -0.03      2.358   2.358   0.000
  33 6311.0  13/2-  -3/2  37   -0.85    3.09    3.09    1.97    0.52      24.85   24.85    0.00   -0.65      3.030   3.030   0.000
  34 7101.7   1/2-   1/2  28    0.50   23.87   23.87    0.25   -3.51      27.41   27.41    0.00   -6.89      3.342   3.342   0.000
  35*******   1/2-  -3/2  31    0.00    0.00    0.00    0.00   -0.00       0.00    0.00    0.00   -0.00      0.000   0.000   0.000
  
