1SPECTRUM OF (Z= 82 A=207) IN PARTICLE-ROTOR  MODEL WITH MODIFIED OSCILLATOR POTENTIAL


 PARITY=-   EPS= 0.256   GAMMA=  0.0   EPS4=0.000   EPS6=0.000   LEVELS:  26  27  28  29  30  31  32  33  34  35  36  37  38  39  40

 PAIRING FACTORS: GN0= 19.20  GN1=  7.40  IPAIR= 15 ***  E2PLUS(INPUT)=   0.730  E2PLUR(INPUT)=   0.000

 CORIOLIS ATTENUATION PARAMETERS:  CHSI=1.000  ETA=  1.00

 MOMENT OF INERTIA PARAMETERS:   A1=  0.122 MEV   A2=  0.122 MEV   A3=121.91923 MEV


 DELTA=0.939 MEV  LAMBDA=53.3823 MEV   HW0= 7.4688 MEV   LAMBDA/HW0= 7.1474

 E2ENERGY=0.730 MEV  HBAR**2/B=12152./A**(7/3)=2054.2/A**2 MEV

 IREC=0  =>  RECOIL TERMS j+j-, j+j+, jzjz, ETC TREATED AS ONE-BODY OPERATORS WITH UU+VV PAIRING FACTORS



 S. P. LEVEL   EQP       U     V        (UU + VV)**1.00

     26       3.796    0.125 0.992      1.000 1.000 0.990 0.989 0.984 0.968 0.772 0.602 0.463 0.411 0.409 0.331 0.299 0.242 0.241
     27       3.248    0.146 0.989      1.000 1.000 0.993 0.992 0.987 0.973 0.786 0.620 0.482 0.431 0.429 0.351 0.320 0.263 0.262
     28       1.841    0.264 0.964      0.990 0.993 1.000 1.000 0.999 0.994 0.855 0.710 0.584 0.536 0.534 0.462 0.432 0.378 0.376
     29       1.798    0.271 0.962      0.989 0.992 1.000 1.000 1.000 0.995 0.859 0.715 0.590 0.542 0.541 0.468 0.438 0.385 0.383
     30       1.638    0.300 0.954      0.984 0.987 0.999 1.000 1.000 0.997 0.874 0.736 0.614 0.568 0.566 0.494 0.465 0.412 0.411
     31       1.369    0.369 0.929      0.968 0.973 0.994 0.995 0.997 1.000 0.907 0.783 0.670 0.626 0.624 0.556 0.529 0.478 0.476
     32       0.941    0.727 0.687      0.772 0.786 0.855 0.859 0.874 0.907 1.000 0.972 0.920 0.896 0.895 0.855 0.837 0.803 0.802
     33       1.087    0.867 0.498      0.602 0.620 0.710 0.715 0.736 0.783 0.972 1.000 0.986 0.975 0.975 0.952 0.942 0.920 0.920
     34       1.437    0.937 0.349      0.463 0.482 0.584 0.590 0.614 0.670 0.920 0.986 1.000 0.998 0.998 0.990 0.984 0.972 0.972
     35       1.670    0.956 0.294      0.411 0.431 0.536 0.542 0.568 0.626 0.896 0.975 0.998 1.000 1.000 0.996 0.993 0.984 0.984
     36       1.682    0.956 0.292      0.409 0.429 0.534 0.541 0.566 0.624 0.895 0.975 0.998 1.000 1.000 0.996 0.993 0.984 0.984
     37       2.282    0.978 0.210      0.331 0.351 0.462 0.468 0.494 0.556 0.855 0.952 0.990 0.996 0.996 1.000 0.999 0.996 0.996
     38       2.681    0.984 0.178      0.299 0.320 0.432 0.438 0.465 0.529 0.837 0.942 0.984 0.993 0.993 0.999 1.000 0.998 0.998
     39       3.956    0.993 0.120      0.242 0.263 0.378 0.385 0.412 0.478 0.803 0.920 0.972 0.984 0.984 0.996 0.998 1.000 1.000
     40       4.016    0.993 0.118      0.241 0.262 0.376 0.383 0.411 0.476 0.802 0.920 0.972 0.984 0.984 0.996 0.998 1.000 1.000

  R CORE   ENERGY   A0R/A00=1.000    R3= 0     2  
   2( 1)    0.732                    1.000 0.000
   2( 2)  487.921                    0.000 1.000

  R CORE   ENERGY   A0R/A00=1.000    R3= 0     2  
   3( 1)  488.652                    0.000 1.000

  R CORE   ENERGY   A0R/A00=1.000    R3= 0     2     4  
   4( 1)    2.438                    1.000 0.000 0.000

  R CORE   ENERGY   A0R/A00=1.000    R3= 0     2     4  
   5( 1)  490.847                    0.000 1.000 0.000

  R CORE   ENERGY   A0R/A00=1.000    R3= 0     2     4     6  
   6( 1)    5.121                    1.000 0.000 0.000 0.000

  R CORE   ENERGY   A0R/A00=1.000    R3= 0     2     4     6  
   7( 1)  494.017                    0.000 1.000 0.000 0.000

          AXIAL SYMMETRY => K RESTRICTED TO OMEGA

                     K
     S.P. ORB#: 26  2.50
     S.P. ORB#: 27 -3.50
     S.P. ORB#: 28 -3.50
     S.P. ORB#: 29  0.50
     S.P. ORB#: 30 -1.50
     S.P. ORB#: 31  4.50
     S.P. ORB#: 32  0.50
     S.P. ORB#: 33 -1.50
     S.P. ORB#: 34 -1.50
     S.P. ORB#: 35  2.50
     S.P. ORB#: 36  2.50
     S.P. ORB#: 37  0.50
     S.P. ORB#: 38 -3.50
     S.P. ORB#: 39  4.50
     S.P. ORB#: 40  0.50
 

             ENERGY    K= OMEGA
 
 I=  1/2- (1)  2.586  29:-0.097
                      37:-0.995
 
 I=  1/2- (2)  2.944  29: 0.995
                      37:-0.097
 
 I=  1/2- (3)  6.550  32:-0.681
                      40: 0.732
 
 I=  1/2- (4)  9.832  32:-0.732
                      40:-0.681
 
 I=  1/2- (5)147.390  33:-1.000

             ENERGY    K= OMEGA
 
 I=  3/2- (1)  1.958  29:-0.204
                      30:-0.099
                      34:-0.971
                      37: 0.074
 
 I=  3/2- (2)  2.791  29:-0.331
                      30: 0.932
                      37:-0.141

             ENERGY    K= OMEGA
 
 I=  5/2- (1)  2.151  29: 0.168
                      30: 0.221
                      34:-0.490
                      35:-0.824
                      37: 0.057
 
 I=  5/2- (2)  2.610  29: 0.201
                      30:-0.253
                      34:-0.823
                      35: 0.457
                      37:-0.089
 
 I=  5/2- (3)  3.064  29: 0.365
                      30: 0.508
                      35: 0.262
                      37: 0.735
 
 I=  5/2- (4)  3.711  29:-0.254
                      30:-0.683
                      35:-0.177
                      37: 0.661
 
 I=  5/2- (5)  4.270  29:-0.857
                      30: 0.403
                      34:-0.283
                      35: 0.110
                      37: 0.107

             ENERGY    K= OMEGA
 
 I=  7/2- (1)  2.587  26:-0.223
                      27: 0.074
                      28: 0.967
                      35: 0.090
 
 I=  7/2- (2)  2.771  28:-0.063
                      29:-0.241
                      30: 0.275
                      34:-0.547
                      35: 0.748
 
 I=  7/2- (3)  3.197  32: 0.749
                      33: 0.558
                      36: 0.323
                      38: 0.126
                      40:-0.081
 
 I=  7/2- (4)  3.407  28:-0.085
                      29: 0.298
                      30: 0.322
                      34: 0.716
                      35: 0.499
                      37:-0.192
 
 I=  7/2- (5)  4.249  27:-0.066
                      29:-0.516
                      30: 0.760
                      34: 0.102
                      35:-0.363
                      37:-0.085

             ENERGY    K= OMEGA
 
 I=  9/2- (1)  2.162  26:-0.067
                      27: 0.238
                      28:-0.177
                      31:-0.952
 
 I=  9/2- (2)  3.484  26: 0.301
                      27: 0.105
                      28: 0.919
                      30: 0.080
                      31:-0.162
                      35:-0.143
 
 I=  9/2- (3)  3.608  26: 0.068
                      28: 0.115
                      29:-0.283
                      30:-0.354
                      31:-0.056
                      34: 0.521
                      35: 0.691
                      37:-0.153
 
 I=  9/2- (4)  4.291  32: 0.223
                      33:-0.558
                      36: 0.623
                      38:-0.454
                      39: 0.209
 
 I=  9/2- (5)  4.513  28:-0.109
                      29:-0.141
                      30: 0.431
                      34: 0.748
                      35:-0.306
                      37: 0.358

             ENERGY    K= OMEGA
 
 I= 11/2- (1)  2.229  32:-0.674
                      33:-0.568
                      36:-0.401
                      38:-0.231
                      39:-0.096
 
 I= 11/2- (2)  3.158  26: 0.111
                      27: 0.319
                      28:-0.245
                      31: 0.908
 
 I= 11/2- (3)  4.613  26: 0.352
                      27:-0.134
                      28:-0.881
                      30:-0.086
                      31:-0.229
                      35:-0.145
 
 I= 11/2- (4)  4.719  26:-0.071
                      28: 0.081
                      29: 0.323
                      30:-0.344
                      31: 0.079
                      34: 0.562
                      35:-0.666
 
 I= 11/2- (5)  5.725  28: 0.134
                      29:-0.357
                      30:-0.397
                      34:-0.624
                      35:-0.483
                      37: 0.271

             ENERGY    K= OMEGA
 
 I= 13/2- (1)  4.002  32:-0.190
                      33: 0.502
                      36:-0.611
                      38: 0.510
                      39:-0.280
 
 I= 13/2- (2)  4.373  26: 0.150
                      27:-0.368
                      28: 0.291
                      31: 0.869
 
 I= 13/2- (3)  5.963  26: 0.297
                      27: 0.143
                      28: 0.687
                      29: 0.190
                      30: 0.297
                      31:-0.189
                      34:-0.218
                      35:-0.436
                      37: 0.148
 
 I= 13/2- (4)  6.009  26: 0.259
                      27: 0.075
                      28: 0.499
                      29:-0.291
                      30:-0.308
                      31:-0.223
                      34: 0.455
                      35: 0.461
                      37:-0.172
 
 I= 13/2- (5)  7.256  28: 0.109
                      30:-0.419
                      34:-0.601
                      35:-0.063
                      37:-0.666

             ENERGY     K= 1/2
  32 LEVELS    TIME=  0.0 SEC



 ******************* EXCITATION ENERGIES, DOMINANT CONFIGURATION AND EXPECTATION VALUES (WITH S.P. UU+VV FACTORS) *******************

  NR  Eex(keV)  I   Kdom  NY    <Jz>  <Jx**2> <Jy**2> <Jz**2> <I.j>/|I|  <Rx**2> <Ry**2> <Rz**2> <R.j>/|R|  <HROTx> <HROTy> <HROTz>

   1    0.0   3/2-  -3/2  34   -1.41    1.72    1.72    2.16    1.35       2.05    2.05    0.00   -1.47      0.250   0.250   0.000
   2  193.1   5/2-   5/2  35    1.28    2.00    2.00    4.91    2.25       2.18    2.18    0.00   -1.08      0.266   0.266   0.000
   3  203.7   9/2-   9/2  31    3.78    2.60    2.60   19.47    4.42       2.71    2.71    0.00   -1.15      0.330   0.330   0.001
   4  270.3  11/2-   1/2  32    0.00   26.43   26.43    2.69    6.95       4.10    4.10    0.00   -4.89      0.500   0.500   0.000
   5  628.1   1/2-   1/2  37    0.50    1.52    1.52    0.25    0.87       1.27    1.27    0.00   -1.59      0.154   0.154   0.000
  
   6  628.7   7/2-  -7/2  28   -3.15    2.31    2.31   11.88    3.40       2.64    2.64    0.00   -1.31      0.321   0.321   0.001
   7  652.0   5/2-  -3/2  34   -0.56    1.75    1.75    2.99    1.07       4.45    4.45    0.00   -1.11      0.543   0.543   0.000
   8  812.4   7/2-   5/2  35    0.85    2.21    2.21    4.43    1.90       4.75    4.75    0.00   -0.42      0.579   0.579   0.000
   9  832.8   3/2-  -3/2  30   -1.24    4.34    4.34    1.99    1.34       4.60    4.60    0.00   -2.66      0.561   0.561   0.000
  10  985.5   1/2-   1/2  29    0.50    4.30    4.30    0.25    0.13       4.68    4.68    0.00   -2.85      0.571   0.571   0.000
  
  11 1106.2   5/2-   1/2  37    0.12    2.73    2.73    1.18    1.14       4.33    4.33    0.00   -1.11      0.527   0.527   0.000
  12 1199.2  11/2-   9/2  31    3.18    2.88    2.88   18.76    3.98       6.31    6.31    0.00   -0.20      0.769   0.769   0.001
  13 1239.2   7/2-   1/2  32    0.02   25.57   25.57    1.69    6.49       8.55    8.55    0.00   -6.55      1.043   1.043   0.000
  14 1449.2   7/2-  -3/2  34   -0.26    1.94    1.94    3.07    0.98       7.47    7.47    0.00   -0.80      0.911   0.911   0.000
  15 1526.2   9/2-  -7/2  28   -2.61    2.43    2.43   11.72    2.94       6.02    6.02    0.00   -0.56      0.734   0.734   0.000
  
  16 1649.2   9/2-   5/2  35    0.63    2.48    2.48    4.17    1.78       8.07    8.07    0.00   -0.06      0.984   0.984   0.000
  17 1752.6   5/2-  -3/2  30   -0.37    2.90    2.90    1.37    0.22       7.30    7.30    0.00   -1.70      0.890   0.890   0.000
  18 2043.5  13/2-   5/2  36    0.01   25.34   25.34    7.68    6.46       8.44    8.44    0.00   -3.22      1.029   1.029   0.000
  19 2290.4   7/2-  -3/2  30   -0.43    3.90    3.90    2.28    0.62      10.46   10.46    0.00   -1.67      1.275   1.275   0.000
  20 2311.9   5/2-   1/2  29    0.04    4.16    4.16    0.81   -0.48      10.35   10.35    0.00   -2.32      1.261   1.261   0.000
  
  21 2332.9   9/2-   5/2  36    0.00   25.64   25.64    6.55    6.22      10.36   10.36    0.00   -5.91      1.263   1.263   0.000
  22 2415.0  13/2-   9/2  31    2.68    3.10    3.10   18.13    3.68      10.88   10.88    0.00    0.28      1.327   1.327   0.000
  23 2555.0   9/2-  -3/2  34   -0.85    1.86    1.86    2.46    0.72      11.87   11.87    0.00   -0.53      1.447   1.447   0.000
  24 2655.0  11/2-  -7/2  28   -2.19    2.54    2.54   11.71    2.66      10.39   10.39    0.00   -0.20      1.267   1.267   0.000
  25 2760.9  11/2-   5/2  35    0.52    2.51    2.51    4.02    1.62      12.72   12.72    0.00    0.13      1.551   1.551   0.000
  
  26 3767.2  11/2-  -3/2  34   -0.19    2.15    2.15    2.99    0.80      16.76   16.76    0.00   -0.44      2.043   2.043   0.000
  27 4004.7  13/2-  -7/2  28   -1.04    2.62    2.62    8.81    2.15      16.40   16.40    0.00    0.16      1.999   1.999   0.000
  28 4050.3  13/2-  -7/2  28   -0.36    2.75    2.75    6.58    1.90      17.15   17.15    0.00    0.20      2.091   2.091   0.000
  29 4591.5   1/2-   1/2  40    0.50   13.70   13.70    0.25   -2.36      16.24   16.24    0.00   -5.21      1.981   1.981   0.000
  30 5298.2  13/2-   1/2  37   -0.62    1.81    1.81    1.51    0.69      22.14   22.14    0.00   -0.05      2.699   2.699   0.000
  
  31 7874.0   1/2-   1/2  32    0.50   26.89   26.89    0.25   -3.72      30.61   30.61    0.00   -7.32      3.732   3.732   0.000
  32*******   1/2-  -3/2  33    0.00    0.00    0.00    0.00   -0.00       0.00    0.00    0.00   -0.00      0.000   0.000   0.000
