1SPECTRUM OF (Z= 82 A=207) IN PARTICLE-ROTOR  MODEL WITH MODIFIED OSCILLATOR POTENTIAL


 PARITY=-   EPS= 0.368   GAMMA=  0.0   EPS4=0.000   EPS6=0.000   LEVELS:  26  27  28  29  30  31  32  33  34  35  36  37  38  39  40

 PAIRING FACTORS: GN0= 19.20  GN1=  7.40  IPAIR= 15 ***  E2PLUS(INPUT)=   0.730  E2PLUR(INPUT)=   0.000

 CORIOLIS ATTENUATION PARAMETERS:  CHSI=1.000  ETA=  1.00

 MOMENT OF INERTIA PARAMETERS:   A1=  0.122 MEV   A2=  0.122 MEV   A3=121.91923 MEV


 DELTA=0.877 MEV  LAMBDA=53.4243 MEV   HW0= 7.5356 MEV   LAMBDA/HW0= 7.0896

 E2ENERGY=0.730 MEV  HBAR**2/B=25110./A**(7/3)=4244.8/A**2 MEV

 IREC=0  =>  RECOIL TERMS j+j-, j+j+, jzjz, ETC TREATED AS ONE-BODY OPERATORS WITH UU+VV PAIRING FACTORS



 S. P. LEVEL   EQP       U     V        (UU + VV)**1.00

     26       2.946    0.150 0.989      1.000 1.000 0.999 0.991 0.961 0.939 0.766 0.735 0.538 0.390 0.358 0.296 0.283 0.265 0.261
     27       2.495    0.179 0.984      1.000 1.000 1.000 0.994 0.969 0.948 0.784 0.754 0.562 0.416 0.384 0.323 0.311 0.292 0.288
     28       2.386    0.187 0.982      0.999 1.000 1.000 0.995 0.971 0.951 0.789 0.759 0.569 0.424 0.392 0.331 0.319 0.300 0.296
     29       1.612    0.284 0.959      0.991 0.994 0.995 1.000 0.990 0.977 0.846 0.820 0.648 0.511 0.481 0.423 0.411 0.393 0.390
     30       1.155    0.418 0.909      0.961 0.969 0.971 0.990 1.000 0.997 0.914 0.893 0.750 0.629 0.602 0.549 0.537 0.521 0.517
     31       1.037    0.482 0.876      0.939 0.948 0.951 0.977 0.997 1.000 0.941 0.924 0.796 0.684 0.658 0.608 0.597 0.581 0.578
     32       0.884    0.751 0.661      0.766 0.784 0.789 0.846 0.914 0.941 1.000 0.999 0.954 0.891 0.874 0.841 0.834 0.823 0.820
     33       0.899    0.781 0.624      0.735 0.754 0.759 0.820 0.893 0.924 0.999 1.000 0.967 0.911 0.896 0.866 0.859 0.849 0.847
     34       1.182    0.914 0.405      0.538 0.562 0.569 0.648 0.750 0.796 0.954 0.967 1.000 0.986 0.980 0.964 0.961 0.955 0.954
     35       1.832    0.969 0.247      0.390 0.416 0.424 0.511 0.629 0.684 0.891 0.911 0.986 1.000 0.999 0.995 0.994 0.991 0.991
     36       2.105    0.977 0.213      0.358 0.384 0.392 0.481 0.602 0.658 0.874 0.896 0.980 0.999 1.000 0.998 0.997 0.995 0.995
     37       2.971    0.989 0.149      0.296 0.323 0.331 0.423 0.549 0.608 0.841 0.866 0.964 0.995 0.998 1.000 1.000 0.999 0.999
     38       3.256    0.991 0.136      0.283 0.311 0.319 0.411 0.537 0.597 0.834 0.859 0.961 0.994 0.997 1.000 1.000 1.000 1.000
     39       3.786    0.993 0.117      0.265 0.292 0.300 0.393 0.521 0.581 0.823 0.849 0.955 0.991 0.995 0.999 1.000 1.000 1.000
     40       3.919    0.994 0.113      0.261 0.288 0.296 0.390 0.517 0.578 0.820 0.847 0.954 0.991 0.995 0.999 1.000 1.000 1.000

  R CORE   ENERGY   A0R/A00=1.000    R3= 0     2  
   2( 1)    0.732                    1.000 0.000
   2( 2)  487.921                    0.000 1.000

  R CORE   ENERGY   A0R/A00=1.000    R3= 0     2  
   3( 1)  488.652                    0.000 1.000

  R CORE   ENERGY   A0R/A00=1.000    R3= 0     2     4  
   4( 1)    2.438                    1.000 0.000 0.000

  R CORE   ENERGY   A0R/A00=1.000    R3= 0     2     4  
   5( 1)  490.847                    0.000 1.000 0.000

  R CORE   ENERGY   A0R/A00=1.000    R3= 0     2     4     6  
   6( 1)    5.121                    1.000 0.000 0.000 0.000

  R CORE   ENERGY   A0R/A00=1.000    R3= 0     2     4     6  
   7( 1)  494.017                    0.000 1.000 0.000 0.000

          AXIAL SYMMETRY => K RESTRICTED TO OMEGA

                     K
     S.P. ORB#: 26  2.50
     S.P. ORB#: 27  0.50
     S.P. ORB#: 28 -3.50
     S.P. ORB#: 29 -1.50
     S.P. ORB#: 30  0.50
     S.P. ORB#: 31 -1.50
     S.P. ORB#: 32  2.50
     S.P. ORB#: 33 -3.50
     S.P. ORB#: 34  4.50
     S.P. ORB#: 35  0.50
     S.P. ORB#: 36 -3.50
     S.P. ORB#: 37 -1.50
     S.P. ORB#: 38  2.50
     S.P. ORB#: 39  0.50
     S.P. ORB#: 40  0.50
 

             ENERGY    K= OMEGA
 
 I=  1/2- (1)  2.436  30: 0.999
 
 I=  1/2- (2)  4.287  40:-0.999
 
 I=  1/2- (3)  4.812  27:-0.203
                      35: 0.905
                      39:-0.375
 
 I=  1/2- (4)  7.559  27:-0.447
                      35: 0.254
                      39: 0.857
 
 I=  1/2- (5)  9.194  27: 0.871
                      35: 0.342
                      39: 0.353

             ENERGY    K= OMEGA
 
 I=  3/2- (1)  2.325  30:-0.418
                      31: 0.908
 
 I=  3/2- (2)  2.641  30:-0.861
                      31:-0.398
                      37:-0.282
                      40: 0.142

             ENERGY    K= OMEGA
 
 I=  5/2- (1)  2.705  30: 0.413
                      31: 0.850
                      37:-0.088
                      38:-0.265
                      40: 0.165
 
 I=  5/2- (2)  3.385  26:-0.059
                      30: 0.795
                      31:-0.403
                      37:-0.435
                      38: 0.106
 
 I=  5/2- (3)  3.964  26:-0.081
                      30:-0.226
                      31:-0.163
                      37:-0.463
                      38:-0.824
                      40:-0.147
 
 I=  5/2- (4)  4.523  26: 0.230
                      30: 0.329
                      31:-0.272
                      37: 0.716
                      38:-0.485
                      40: 0.135
 
 I=  5/2- (5)  4.749  26: 0.966
                      30:-0.051
                      37:-0.223
                      38: 0.062
                      40:-0.106

             ENERGY    K= OMEGA
 
 I=  7/2- (1)  1.748  26:-0.169
                      33: 0.984
 
 I=  7/2- (2)  3.342  30: 0.537
                      31:-0.746
                      37: 0.201
                      38:-0.335
 
 I=  7/2- (3)  3.876  27:-0.656
                      29:-0.586
                      32:-0.435
                      36:-0.193
 
 I=  7/2- (4)  3.889  26:-0.064
                      30: 0.706
                      31: 0.516
                      37: 0.374
                      38: 0.191
                      40:-0.232
 
 I=  7/2- (5)  4.263  26:-0.200
                      28:-0.964
                      30:-0.060
                      31: 0.064
                      37: 0.058
                      38:-0.137

             ENERGY    K= OMEGA
 
 I=  9/2- (1)  2.104  26:-0.085
                      28: 0.167
                      33:-0.322
                      34:-0.928
 
 I=  9/2- (2)  2.777  26:-0.228
                      28:-0.095
                      33:-0.912
                      34: 0.321
 
 I=  9/2- (3)  4.138  30: 0.452
                      31: 0.753
                      33:-0.056
                      37:-0.187
                      38:-0.368
                      40: 0.234
 
 I=  9/2- (4)  4.686  27: 0.213
                      29:-0.550
                      32: 0.684
                      36:-0.430
 
 I=  9/2- (5)  5.248  26:-0.127
                      28: 0.113
                      30: 0.663
                      31:-0.458
                      33: 0.055
                      37:-0.544
                      38: 0.151

             ENERGY    K= OMEGA
 
 I= 11/2- (1)  3.231  26:-0.138
                      28:-0.226
                      33: 0.418
                      34:-0.869
 
 I= 11/2- (2)  3.272  27:-0.638
                      29:-0.583
                      32:-0.442
                      35:-0.078
                      36:-0.226
 
 I= 11/2- (3)  4.035  26:-0.266
                      28: 0.143
                      31: 0.059
                      33: 0.853
                      34: 0.417
                      38: 0.067
 
 I= 11/2- (4)  5.286  30:-0.560
                      31: 0.664
                      33:-0.066
                      37:-0.290
                      38: 0.394
 
 I= 11/2- (5)  6.076  26:-0.063
                      30: 0.631
                      31: 0.542
                      33:-0.072
                      37: 0.387
                      38: 0.258
                      40:-0.287

             ENERGY    K= OMEGA
 
 I= 13/2- (1)  4.583  26:-0.183
                      28: 0.265
                      33:-0.473
                      34:-0.820
 
 I= 13/2- (2)  5.184  27: 0.215
                      29:-0.551
                      32: 0.675
                      36:-0.440
 
 I= 13/2- (3)  5.523  26:-0.292
                      28:-0.184
                      31:-0.091
                      33:-0.801
                      34: 0.471
                      38: 0.090
 
 I= 13/2- (4)  6.513  30:-0.462
                      31:-0.697
                      33: 0.108
                      34:-0.054
                      37: 0.234
                      38: 0.392
                      40:-0.277
 
 I= 13/2- (5)  8.071  26: 0.131
                      28:-0.092
                      30:-0.589
                      31: 0.474
                      33:-0.100
                      37: 0.603
                      38:-0.163
                      40: 0.053

             ENERGY     K= 1/2
  32 LEVELS    TIME=  0.0 SEC



 ******************* EXCITATION ENERGIES, DOMINANT CONFIGURATION AND EXPECTATION VALUES (WITH S.P. UU+VV FACTORS) *******************

  NR  Eex(keV)  I   Kdom  NY    <Jz>  <Jx**2> <Jy**2> <Jz**2> <I.j>/|I|  <Rx**2> <Ry**2> <Rz**2> <R.j>/|R|  <HROTx> <HROTy> <HROTz>

   1    0.0   7/2-  -7/2  33   -3.32    2.31    2.31   12.07    3.27       3.22    3.22    0.00   -1.45      0.393   0.393   0.000
   2  355.6   9/2-   9/2  34    3.43    2.51    2.51   19.10    4.16       3.71    3.71    0.00   -1.24      0.452   0.452   0.000
   3  576.7   3/2-  -3/2  31   -1.15    4.88    4.88    1.90    1.30       5.19    5.19    0.00   -2.84      0.632   0.632   0.000
   4  687.2   1/2-   1/2  30    0.50    4.87    4.87    0.25    0.15       5.24    5.24    0.00   -3.04      0.638   0.638   0.000
   5  892.6   3/2-   1/2  30    0.02    4.42    4.42    0.73    0.68       5.35    5.35    0.00   -2.53      0.652   0.652   0.000
  
   6  956.7   5/2-  -3/2  31   -0.82    4.63    4.63    2.14    1.47       5.73    5.73    0.00   -2.08      0.698   0.698   0.000
   7 1028.6   9/2-  -7/2  33   -2.35    2.38    2.38   12.73    2.82       7.07    7.07    0.00   -0.91      0.861   0.861   0.000
   8 1482.4  11/2-   9/2  34    2.65    2.68    2.68   18.17    3.58       8.21    8.21    0.00   -0.52      1.001   1.001   0.000
   9 1524.1  11/2-   1/2  27    0.01   23.56   23.56    2.72    6.19       5.81    5.81    0.00   -3.77      0.708   0.708   0.000
  10 1593.8   7/2-  -3/2  31   -0.48    4.52    4.52    2.14    1.39       7.96    7.96    0.00   -1.42      0.971   0.971   0.000
  
  11 1636.7   5/2-   1/2  30   -0.17    4.12    4.12    1.04    0.45       7.68    7.68    0.00   -2.03      0.936   0.936   0.000
  12 2127.2   7/2-   1/2  27    0.04   23.12   23.12    2.52    6.06       8.22    8.22   -0.00   -6.10      1.002   1.002  -0.000
  13 2140.9   7/2-   1/2  30   -0.23    3.95    3.95    1.32    0.79       9.34    9.34    0.00   -1.40      1.139   1.139   0.000
  14 2215.9   5/2-   5/2  38    1.39    2.03    2.03    4.85    1.70       3.79    3.79    0.00   -1.40      0.462   0.462   0.000
  15 2286.5  11/2-  -7/2  33   -1.65    2.46    2.46   13.15    2.51      11.89   11.89    0.00   -0.63      1.450   1.450   0.000
  
  16 2389.2   9/2-  -3/2  31   -0.45    4.31    4.31    2.32    1.48      10.46   10.46   -0.00   -0.78      1.275   1.275  -0.000
  17 2514.2   7/2-  -7/2  28   -3.12    6.10    6.10   11.78    3.10       7.57    7.57    0.00   -3.00      0.923   0.923   0.000
  18 2538.2   1/2-   1/2  40    0.50    1.62    1.62    0.25    0.69       1.52    1.52    0.00   -1.66      0.186   0.186   0.000
  19 2774.1   5/2-  -3/2  37   -0.10    2.75    2.75    3.15    0.43       7.41    7.41    0.00   -1.91      0.904   0.904   0.000
  20 2834.5  13/2-   9/2  34    2.08    2.85    2.85   17.42    3.20      13.61   13.61    0.00   -0.15      1.660   1.660   0.000
  
  21 2937.9   9/2-   5/2  32    0.09   24.00   24.00    5.88    5.20      13.46   13.46   -0.00   -5.40      1.641   1.641  -0.000
  22 3000.6   5/2-   5/2  26    2.27    5.77    5.77    5.97    1.95       7.36    7.36    0.00   -3.06      0.897   0.897   0.000
  23 3063.2   1/2-   1/2  35    0.50   11.22   11.22    0.25    0.86      10.98   10.98    0.00   -4.68      1.339   1.339   0.000
  24 3435.5  13/2-   5/2  32    0.03   24.01   24.01    5.91    5.14      15.45   15.45   -0.00   -3.25      1.883   1.883  -0.000
  25 3499.7   9/2-   1/2  30   -0.50    3.72    3.72    1.69    0.53      14.31   14.31    0.00   -1.21      1.744   1.744   0.000
  
  26 3537.8  11/2-  -3/2  31   -0.26    4.27    4.27    2.32    1.36      15.19   15.19    0.00   -0.50      1.852   1.852   0.000
  27 3774.3  13/2-  -7/2  33   -1.15    2.56    2.56   13.37    2.28      17.69   17.69    0.00   -0.43      2.157   2.157   0.000
  28 4327.9  11/2-   1/2  30   -0.27    3.70    3.70    1.62    0.79      17.68   17.68    0.00   -0.73      2.156   2.156   0.000
  29 4764.3  13/2-  -3/2  31   -0.31    4.12    4.12    2.46    1.45      19.61   19.61    0.00   -0.09      2.391   2.391   0.000
  30 5810.7   1/2-   1/2  39    0.50   16.02   16.02    0.25   -0.61      17.05   17.05    0.00   -5.62      2.079   2.079   0.000
  
  31 6322.7  13/2-  -3/2  37   -0.66    3.43    3.43    1.92    0.49      25.35   25.35    0.00   -0.75      3.091   3.091   0.000
  32 7445.9   1/2-   1/2  27    0.50   23.72   23.72    0.25   -3.36      27.13   27.13    0.00   -6.87      3.308   3.308   0.000
