1SPECTRUM OF (Z= 82 A=207) IN PARTICLE-ROTOR  MODEL WITH MODIFIED OSCILLATOR POTENTIAL


 PARITY=-   EPS= 0.218   GAMMA=  0.0   EPS4=0.000   EPS6=0.000   LEVELS:  25  26  27  28  29  30  31  32  33  34  35  36  37  38  39

 PAIRING FACTORS: GN0= 19.20  GN1=  7.40  IPAIR= 15 ***  E2PLUS(INPUT)=   0.730  E2PLUR(INPUT)=   0.000

 CORIOLIS ATTENUATION PARAMETERS:  CHSI=1.000  ETA=  1.00

 MOMENT OF INERTIA PARAMETERS:   A1=  0.122 MEV   A2=  0.122 MEV   A3=121.91923 MEV


 DELTA=0.945 MEV  LAMBDA=53.4822 MEV   HW0= 7.4524 MEV   LAMBDA/HW0= 7.1765

 E2ENERGY=0.730 MEV  HBAR**2/B= 8812./A**(7/3)=1489.6/A**2 MEV

 IREC=0  =>  RECOIL TERMS j+j-, j+j+, jzjz, ETC TREATED AS ONE-BODY OPERATORS WITH UU+VV PAIRING FACTORS



 S. P. LEVEL   EQP       U     V        (UU + VV)**1.00

     25       4.139    0.115 0.993      1.000 1.000 1.000 0.996 0.993 0.990 0.990 0.632 0.560 0.542 0.465 0.396 0.359 0.284 0.237
     26       4.109    0.116 0.993      1.000 1.000 1.000 0.997 0.993 0.990 0.990 0.633 0.560 0.543 0.466 0.396 0.360 0.285 0.238
     27       3.605    0.132 0.991      1.000 1.000 1.000 0.998 0.995 0.992 0.992 0.646 0.574 0.557 0.481 0.412 0.375 0.301 0.254
     28       2.439    0.198 0.980      0.996 0.997 0.998 1.000 0.999 0.998 0.998 0.695 0.627 0.610 0.538 0.471 0.436 0.364 0.318
     29       2.073    0.235 0.972      0.993 0.993 0.995 0.999 1.000 1.000 1.000 0.722 0.656 0.640 0.569 0.504 0.470 0.399 0.353
     30       1.916    0.255 0.967      0.990 0.990 0.992 0.998 1.000 1.000 1.000 0.736 0.672 0.656 0.586 0.522 0.488 0.418 0.373
     31       1.910    0.256 0.967      0.990 0.990 0.992 0.998 1.000 1.000 1.000 0.737 0.673 0.657 0.587 0.523 0.489 0.419 0.374
     32       1.041    0.842 0.539      0.632 0.633 0.646 0.695 0.722 0.736 0.737 1.000 0.996 0.994 0.980 0.962 0.950 0.923 0.903
     33       1.156    0.888 0.461      0.560 0.560 0.574 0.627 0.656 0.672 0.673 0.996 1.000 1.000 0.994 0.983 0.974 0.954 0.938
     34       1.193    0.897 0.442      0.542 0.543 0.557 0.610 0.640 0.656 0.657 0.994 1.000 1.000 0.996 0.986 0.979 0.960 0.945
     35       1.406    0.933 0.360      0.465 0.466 0.481 0.538 0.569 0.586 0.587 0.980 0.994 0.996 1.000 0.997 0.993 0.981 0.970
     36       1.717    0.958 0.287      0.396 0.396 0.412 0.471 0.504 0.522 0.523 0.962 0.983 0.986 0.997 1.000 0.999 0.993 0.986
     37       1.956    0.968 0.250      0.359 0.360 0.375 0.436 0.470 0.488 0.489 0.950 0.974 0.979 0.993 0.999 1.000 0.997 0.992
     38       2.784    0.985 0.172      0.284 0.285 0.301 0.364 0.399 0.418 0.419 0.923 0.954 0.960 0.981 0.993 0.997 1.000 0.999
     39       3.838    0.992 0.124      0.237 0.238 0.254 0.318 0.353 0.373 0.374 0.903 0.938 0.945 0.970 0.986 0.992 0.999 1.000

  R CORE   ENERGY   A0R/A00=1.000    R3= 0     2  
   2( 1)    0.732                    1.000 0.000
   2( 2)  487.921                    0.000 1.000

  R CORE   ENERGY   A0R/A00=1.000    R3= 0     2  
   3( 1)  488.652                    0.000 1.000

  R CORE   ENERGY   A0R/A00=1.000    R3= 0     2     4  
   4( 1)    2.438                    1.000 0.000 0.000

  R CORE   ENERGY   A0R/A00=1.000    R3= 0     2     4  
   5( 1)  490.847                    0.000 1.000 0.000

  R CORE   ENERGY   A0R/A00=1.000    R3= 0     2     4     6  
   6( 1)    5.121                    1.000 0.000 0.000 0.000

  R CORE   ENERGY   A0R/A00=1.000    R3= 0     2     4     6  
   7( 1)  494.017                    0.000 1.000 0.000 0.000

          AXIAL SYMMETRY => K RESTRICTED TO OMEGA

                     K
     S.P. ORB#: 25  2.50
     S.P. ORB#: 26  0.50
     S.P. ORB#: 27 -3.50
     S.P. ORB#: 28 -3.50
     S.P. ORB#: 29  0.50
     S.P. ORB#: 30  4.50
     S.P. ORB#: 31 -1.50
     S.P. ORB#: 32 -1.50
     S.P. ORB#: 33  0.50
     S.P. ORB#: 34  2.50
     S.P. ORB#: 35 -1.50
     S.P. ORB#: 36  0.50
     S.P. ORB#: 37  2.50
     S.P. ORB#: 38 -3.50
     S.P. ORB#: 39  4.50
 

             ENERGY    K= OMEGA
 
 I=  1/2- (1)  1.989  26:-0.056
                      36:-0.998
 
 I=  1/2- (2)  3.154  29: 0.999
 
 I=  1/2- (3)  5.380  26: 0.998
                      36:-0.057
 
 I=  1/2- (4)  8.888  33: 1.000
 
 I=  1/2- (5)147.344  32: 1.000

             ENERGY    K= OMEGA
 
 I=  3/2- (1)  1.544  29: 0.184
                      31: 0.099
                      32: 0.975
                      36:-0.068
 
 I=  3/2- (2)  2.607  29: 0.208
                      31: 0.231
                      32:-0.130
                      36:-0.941
 
 I=  3/2- (3)  3.007  26: 0.079
                      29:-0.335
                      31: 0.925
                      36: 0.159
 
 I=  3/2- (4)  3.384  26:-0.333
                      29:-0.852
                      31:-0.227
                      32: 0.179
                      36:-0.282
 
 I=  3/2- (5)  5.648  33:-0.865
                      35:-0.502

             ENERGY    K= OMEGA
 
 I=  5/2- (1)  1.674  26:-0.055
                      29: 0.145
                      31: 0.184
                      32:-0.461
                      34:-0.852
 
 I=  5/2- (2)  2.193  29: 0.198
                      31:-0.180
                      32:-0.848
                      34: 0.451
                      36:-0.063
 
 I=  5/2- (3)  2.633  26:-0.065
                      29: 0.222
                      31: 0.292
                      34: 0.155
                      36: 0.915
 
 I=  5/2- (4)  3.312  26: 0.352
                      29:-0.421
                      31:-0.713
                      32:-0.073
                      34:-0.187
                      36: 0.387
 
 I=  5/2- (5)  4.465  26: 0.066
                      29:-0.810
                      31: 0.519
                      32:-0.244
                      34: 0.103

             ENERGY    K= OMEGA
 
 I=  7/2- (1)  2.314  29: 0.195
                      31:-0.210
                      32: 0.542
                      34:-0.789
 
 I=  7/2- (2)  2.862  25: 0.095
                      26:-0.171
                      28: 0.195
                      29:-0.333
                      31:-0.309
                      32:-0.680
                      34:-0.472
                      36: 0.177
 
 I=  7/2- (3)  3.191  25:-0.221
                      27: 0.080
                      28:-0.947
                      29:-0.088
                      31:-0.082
                      32:-0.130
                      34:-0.100
                      36: 0.057
 
 I=  7/2- (4)  3.507  33:-0.734
                      35:-0.572
                      37:-0.340
                      38:-0.137
 
 I=  7/2- (5)  4.124  26: 0.177
                      29: 0.194
                      31: 0.412
                      32:-0.339
                      34:-0.276
                      36:-0.754

             ENERGY    K= OMEGA
 
 I=  9/2- (1)  2.675  25:-0.077
                      27: 0.253
                      28: 0.182
                      30:-0.938
                      32:-0.066
                      34:-0.098
 
 I=  9/2- (2)  3.007  26:-0.196
                      29: 0.318
                      30: 0.134
                      31: 0.382
                      32:-0.479
                      34:-0.663
                      36: 0.159
 
 I=  9/2- (3)  3.959  25:-0.274
                      27:-0.094
                      28: 0.664
                      29: 0.126
                      30: 0.128
                      31:-0.225
                      32:-0.542
                      34: 0.273
                      36:-0.150
 
 I=  9/2- (4)  4.147  25: 0.100
                      26: 0.173
                      27: 0.070
                      28:-0.401
                      29:-0.176
                      30:-0.052
                      31:-0.360
                      32:-0.375
                      34:-0.223
                      36:-0.664
 
 I=  9/2- (5)  4.243  25:-0.140
                      26: 0.086
                      28: 0.504
                      29:-0.337
                      30: 0.112
                      32: 0.437
                      34:-0.555
                      36:-0.305

             ENERGY    K= OMEGA
 
 I= 11/2- (1)  2.371  33:-0.671
                      35:-0.566
                      37:-0.404
                      38:-0.237
                      39:-0.102
 
 I= 11/2- (2)  3.641  25: 0.127
                      27: 0.333
                      28: 0.252
                      30: 0.889
                      32:-0.079
                      34: 0.105
 
 I= 11/2- (3)  4.266  29:-0.286
                      30:-0.147
                      31: 0.278
                      32:-0.577
                      34: 0.695
 
 I= 11/2- (4)  4.843  25: 0.171
                      26:-0.275
                      27:-0.072
                      28: 0.305
                      29:-0.390
                      30:-0.078
                      31:-0.407
                      32:-0.494
                      34:-0.428
                      36: 0.215
 
 I= 11/2- (5)  5.249  25:-0.330
                      26:-0.137
                      27: 0.127
                      28:-0.826
                      29:-0.191
                      30: 0.233
                      31:-0.178
                      32:-0.150
                      34:-0.122
                      36: 0.118

             ENERGY    K= OMEGA
 
 I= 13/2- (1)  4.114  33: 0.191
                      35:-0.494
                      37: 0.606
                      38:-0.517
                      39: 0.292
 
 I= 13/2- (2)  4.809  25:-0.163
                      26:-0.094
                      27: 0.368
                      28: 0.280
                      29: 0.130
                      30:-0.800
                      31: 0.146
                      32:-0.163
                      34:-0.206
                      36: 0.058
 
 I= 13/2- (3)  5.076  26:-0.310
                      27:-0.099
                      28:-0.113
                      29: 0.400
                      30: 0.308
                      31: 0.464
                      32:-0.376
                      34:-0.474
                      36: 0.209
 
 I= 13/2- (4)  6.463  25:-0.385
                      27:-0.160
                      28: 0.734
                      29: 0.083
                      30: 0.274
                      31:-0.169
                      32:-0.379
                      34: 0.133
                      36:-0.117
 
 I= 13/2- (5)  6.718  25: 0.059
                      26: 0.219
                      27: 0.073
                      28:-0.242
                      29:-0.188
                      31:-0.283
                      32:-0.429
                      34:-0.466
                      36:-0.607

             ENERGY     K= 9/2
  35 LEVELS    TIME=  0.0 SEC



 ******************* EXCITATION ENERGIES, DOMINANT CONFIGURATION AND EXPECTATION VALUES (WITH S.P. UU+VV FACTORS) *******************

  NR  Eex(keV)  I   Kdom  NY    <Jz>  <Jx**2> <Jy**2> <Jz**2> <I.j>/|I|  <Rx**2> <Ry**2> <Rz**2> <R.j>/|R|  <HROTx> <HROTy> <HROTz>

   1    0.0   3/2-  -3/2  32   -1.42    1.62    1.62    2.17    1.41       1.85    1.85    0.00   -1.39      0.225   0.225   0.000
   2  130.1   5/2-   5/2  34    1.46    1.91    1.91    5.10    2.35       1.89    1.89    0.00   -1.02      0.230   0.230   0.000
   3  444.8   1/2-   1/2  36    0.50    1.30    1.30    0.25    0.82       1.08    1.08    0.00   -1.45      0.132   0.132   0.000
   4  648.8   5/2-  -3/2  32   -0.59    1.61    1.61    2.98    1.08       4.28    4.28    0.00   -1.03      0.522   0.522   0.000
   5  770.0   7/2-   5/2  34    1.06    1.99    1.99    4.68    1.94       4.49    4.49    0.00   -0.32      0.547   0.547   0.000
  
   6  826.7  11/2-   1/2  33    0.00   27.26   27.26    2.75    7.17       3.63    3.63    0.00   -5.34      0.442   0.442   0.000
   7 1062.8   3/2-   1/2  36    0.36    1.60    1.60    0.39    0.05       3.58    3.58   -0.00   -1.31      0.436   0.436  -0.000
   8 1088.4   5/2-   1/2  36    0.38    1.99    1.99    0.57    1.02       3.63    3.63    0.00   -0.57      0.442   0.442   0.000
   9 1131.2   9/2-   9/2  30    3.65    2.65    2.65   19.11    4.42       2.58    2.58   -0.00   -1.06      0.315   0.315  -0.000
  10 1318.2   7/2-  -3/2  32   -0.31    1.92    1.92    3.23    1.43       5.72    5.72   -0.00   -0.41      0.698   0.698  -0.000
  
  11 1462.6   9/2-   5/2  34    0.70    2.83    2.83    4.02    2.21       6.21    6.21    0.00    0.38      0.757   0.757   0.000
  12 1462.9   3/2-  -3/2  31   -1.21    4.07    4.07    1.96    1.31       4.39    4.39   -0.00   -2.56      0.535   0.535  -0.000
  13 1610.2   1/2-   1/2  29    0.50    4.23    4.23    0.25    0.35       4.43    4.43    0.00   -2.82      0.540   0.540   0.000
  14 1646.5   7/2-  -7/2  28   -3.05    2.32    2.32   11.50    3.29       2.88    2.88    0.00   -1.28      0.351   0.351   0.000
  15 1767.6   5/2-  -3/2  31   -0.46    3.67    3.67    1.49    1.36       4.75    4.75   -0.00   -1.55      0.580   0.580  -0.000
  
  16 1840.3   3/2-   1/2  29    0.33    3.50    3.50    0.42    0.44       4.74    4.74    0.00   -2.13      0.578   0.578   0.000
  17 1962.8   7/2-   1/2  33    0.00   27.51   27.51    1.82    6.93       8.80    8.80    0.00   -7.00      1.073   1.073   0.000
  18 2096.5  11/2-   9/2  30    3.00    2.95    2.95   18.33    4.00       6.08    6.08   -0.00   -0.09      0.741   0.741  -0.000
  19 2415.4   9/2-  -7/2  28   -1.62    2.14    2.14    7.56    2.08       7.96    7.96    0.00   -0.38      0.971   0.971   0.000
  20 2569.8  13/2-   5/2  37    0.02   25.83   25.83    7.85    6.61       7.96    7.96    0.00   -3.34      0.970   0.970   0.000
  
  21 2579.6   7/2-   1/2  36    0.08    2.35    2.35    1.30    0.26       9.85    9.85    0.00   -1.12      1.200   1.200   0.000
  22 2602.8   9/2-   1/2  36   -0.57    2.25    2.25    3.20    1.37       9.40    9.40    0.00   -0.20      1.146   1.146   0.000
  23 2699.3   9/2-   5/2  34   -0.20    2.31    2.31    5.90    1.47      10.35   10.35   -0.00   -0.71      1.262   1.262  -0.000
  24 2721.5  11/2-   5/2  34    0.73    2.25    2.25    4.42    1.69      12.20   12.20    0.00    0.25      1.488   1.488   0.000
  25 2920.9   5/2-   1/2  29   -0.14    4.23    4.23    0.97   -0.39      10.24   10.24    0.00   -2.34      1.249   1.249   0.000
  
  26 3265.1  13/2-   9/2  30    2.25    3.25    3.25   16.13    3.59      10.65   10.65   -0.00    0.52      1.299   1.299  -0.000
  27 3298.5  11/2-  -3/2  32   -0.26    2.42    2.42    3.65    1.66      12.18   12.18    0.00    0.29      1.485   1.485   0.000
  28 3531.6  13/2-   5/2  34    0.53    3.67    3.67    4.48    2.46      13.10   13.10    0.00    1.05      1.597   1.597   0.000
  29 3705.1  11/2-  -7/2  28   -1.94    2.60    2.60   10.57    2.46      11.04   11.04    0.00   -0.22      1.346   1.346   0.000
  30 3835.9   1/2-   1/2  26    0.50    5.36    5.36    0.25    0.70       5.26    5.26    0.00   -3.20      0.641   0.641   0.000
  
  31 4104.1   3/2-   1/2  33   -0.00   27.72   27.72    0.75    6.10      18.16   18.16    0.00   -7.36      2.215   2.215   0.000
  32 4919.2  13/2-  -7/2  28   -1.47    2.52    2.52    9.86    2.19      16.52   16.52   -0.00    0.07      2.014   2.014  -0.000
  33 5174.3  13/2-   1/2  36    0.16    2.22    2.22    2.87    1.06      20.65   20.65    0.00    0.01      2.518   2.518   0.000
  34 7343.5   1/2-   1/2  33    0.50   27.76   27.76    0.25   -3.98      31.71   31.71    0.00   -7.44      3.866   3.866   0.000
  35*******   1/2-  -3/2  32    0.00    0.00    0.00    0.00   -0.00       0.00    0.00    0.00   -0.00      0.000   0.000   0.000
  
