1SPECTRUM OF (Z= 82 A=207) IN PARTICLE-ROTOR  MODEL WITH MODIFIED OSCILLATOR POTENTIAL


 PARITY=-   EPS= 0.360   GAMMA=  0.0   EPS4=0.000   EPS6=0.000   LEVELS:  24  25  26  27  28  29  30  31  32  33  34  35  36  37  38

 PAIRING FACTORS: GN0= 19.20  GN1=  7.40  IPAIR= 15 ***  E2PLUS(INPUT)=   0.730  E2PLUR(INPUT)=   0.000

 CORIOLIS ATTENUATION PARAMETERS:  CHSI=1.000  ETA=  1.00

 MOMENT OF INERTIA PARAMETERS:   A1=  0.122 MEV   A2=  0.122 MEV   A3=121.91924 MEV


 DELTA=0.886 MEV  LAMBDA=53.4037 MEV   HW0= 7.5299 MEV   LAMBDA/HW0= 7.0923

 E2ENERGY=0.730 MEV  HBAR**2/B=24030./A**(7/3)=4062.3/A**2 MEV

 IREC=0  =>  RECOIL TERMS j+j-, j+j+, jzjz, ETC TREATED AS ONE-BODY OPERATORS WITH UU+VV PAIRING FACTORS



 S. P. LEVEL   EQP       U     V        (UU + VV)**1.00

     24       4.307    0.103 0.995      1.000 1.000 0.999 0.997 0.996 0.977 0.951 0.927 0.747 0.694 0.534 0.327 0.310 0.258 0.244
     25       4.255    0.105 0.995      1.000 1.000 0.999 0.997 0.996 0.977 0.951 0.928 0.748 0.695 0.535 0.328 0.311 0.259 0.245
     26       2.999    0.149 0.989      0.999 0.999 1.000 0.999 0.999 0.986 0.964 0.944 0.777 0.726 0.572 0.370 0.353 0.302 0.288
     27       2.439    0.185 0.983      0.997 0.997 0.999 1.000 1.000 0.991 0.973 0.955 0.799 0.751 0.602 0.403 0.387 0.336 0.323
     28       2.313    0.195 0.981      0.996 0.996 0.999 1.000 1.000 0.993 0.976 0.958 0.806 0.758 0.610 0.413 0.397 0.346 0.333
     29       1.488    0.313 0.950      0.977 0.977 0.986 0.991 0.993 1.000 0.995 0.986 0.872 0.832 0.702 0.521 0.506 0.458 0.445
     30       1.193    0.406 0.914      0.951 0.951 0.964 0.973 0.976 0.995 1.000 0.998 0.916 0.883 0.769 0.603 0.589 0.544 0.532
     31       1.071    0.468 0.884      0.927 0.928 0.944 0.955 0.958 0.986 0.998 1.000 0.941 0.913 0.811 0.656 0.643 0.600 0.589
     32       0.889    0.738 0.674      0.747 0.748 0.777 0.799 0.806 0.872 0.916 0.941 1.000 0.997 0.961 0.872 0.863 0.835 0.827
     33       0.913    0.788 0.616      0.694 0.695 0.726 0.751 0.758 0.832 0.883 0.913 0.997 1.000 0.979 0.907 0.900 0.875 0.868
     34       1.114    0.896 0.444      0.534 0.535 0.572 0.602 0.610 0.702 0.769 0.811 0.961 0.979 1.000 0.974 0.969 0.955 0.950
     35       2.001    0.974 0.227      0.327 0.328 0.370 0.403 0.413 0.521 0.603 0.656 0.872 0.907 0.974 1.000 1.000 0.997 0.996
     36       2.160    0.978 0.210      0.310 0.311 0.353 0.387 0.397 0.506 0.589 0.643 0.863 0.900 0.969 1.000 1.000 0.999 0.998
     37       2.863    0.988 0.157      0.258 0.259 0.302 0.336 0.346 0.458 0.544 0.600 0.835 0.875 0.955 0.997 0.999 1.000 1.000
     38       3.147    0.990 0.142      0.244 0.245 0.288 0.323 0.333 0.445 0.532 0.589 0.827 0.868 0.950 0.996 0.998 1.000 1.000

  R CORE   ENERGY   A0R/A00=1.000    R3= 0     2  
   2( 1)    0.732                    1.000 0.000
   2( 2)  487.921                    0.000 1.000

  R CORE   ENERGY   A0R/A00=1.000    R3= 0     2  
   3( 1)  488.652                    0.000 1.000

  R CORE   ENERGY   A0R/A00=1.000    R3= 0     2     4  
   4( 1)    2.438                    1.000 0.000 0.000

  R CORE   ENERGY   A0R/A00=1.000    R3= 0     2     4  
   5( 1)  490.847                    0.000 1.000 0.000

  R CORE   ENERGY   A0R/A00=1.000    R3= 0     2     4     6  
   6( 1)    5.121                    1.000 0.000 0.000 0.000

  R CORE   ENERGY   A0R/A00=1.000    R3= 0     2     4     6  
   7( 1)  494.017                    0.000 1.000 0.000 0.000

          AXIAL SYMMETRY => K RESTRICTED TO OMEGA

                     K
     S.P. ORB#: 24 -5.50
     S.P. ORB#: 25  0.50
     S.P. ORB#: 26  2.50
     S.P. ORB#: 27 -3.50
     S.P. ORB#: 28  0.50
     S.P. ORB#: 29 -1.50
     S.P. ORB#: 30  0.50
     S.P. ORB#: 31 -1.50
     S.P. ORB#: 32 -3.50
     S.P. ORB#: 33  2.50
     S.P. ORB#: 34  4.50
     S.P. ORB#: 35  0.50
     S.P. ORB#: 36 -3.50
     S.P. ORB#: 37 -1.50
     S.P. ORB#: 38  2.50
 

             ENERGY    K= OMEGA
 
 I=  1/2- (1)  2.460  30: 0.999
 
 I=  1/2- (2)  5.388  28:-0.293
                      35: 0.956
 
 I=  1/2- (3)  5.878  25: 0.999
 
 I=  1/2- (4)  8.890  28: 0.956
                      35: 0.293
 
 I=  1/2- (5)147.374  31:-1.000

             ENERGY    K= OMEGA
 
 I=  3/2- (1)  2.340  25: 0.077
                      30:-0.269
                      31: 0.960
 
 I=  3/2- (2)  2.526  25:-0.203
                      30:-0.912
                      31:-0.234
                      37:-0.269

             ENERGY    K= OMEGA
 
 I=  5/2- (1)  2.494  25:-0.261
                      30: 0.462
                      31: 0.808
                      37:-0.102
                      38:-0.233
 
 I=  5/2- (2)  3.376  25: 0.051
                      26: 0.061
                      30:-0.743
                      31: 0.455
                      37: 0.461
                      38:-0.148
 
 I=  5/2- (3)  3.848  25:-0.105
                      26: 0.064
                      30: 0.203
                      31: 0.150
                      37: 0.453
                      38: 0.846
 
 I=  5/2- (4)  4.457  26:-0.157
                      30:-0.389
                      31: 0.274
                      37:-0.736
                      38: 0.454
 
 I=  5/2- (5)  4.797  26: 0.983
                      37:-0.173

             ENERGY    K= OMEGA
 
 I=  7/2- (1)  1.727  26:-0.175
                      32: 0.983
 
 I=  7/2- (2)  3.328  25: 0.144
                      30:-0.258
                      31: 0.866
                      37:-0.114
                      38: 0.383
 
 I=  7/2- (3)  3.492  25:-0.307
                      30:-0.850
                      31:-0.239
                      37:-0.353
 
 I=  7/2- (4)  3.795  28: 0.671
                      29: 0.586
                      33: 0.415
                      36: 0.184
 
 I=  7/2- (5)  4.306  26:-0.204
                      27:-0.953
                      30:-0.075
                      31: 0.087
                      37: 0.081
                      38:-0.172

             ENERGY    K= OMEGA
 
 I=  9/2- (1)  2.032  26: 0.083
                      27:-0.171
                      32: 0.303
                      34: 0.934
 
 I=  9/2- (2)  2.738  26: 0.238
                      27: 0.094
                      31: 0.053
                      32: 0.915
                      34:-0.302
                      38:-0.051
 
 I=  9/2- (3)  3.568  25:-0.373
                      30: 0.499
                      31: 0.712
                      32:-0.068
                      37:-0.165
                      38:-0.270
 
 I=  9/2- (4)  4.673  28:-0.214
                      29: 0.551
                      33:-0.680
                      36: 0.433
 
 I=  9/2- (5)  5.233  26: 0.099
                      30:-0.637
                      31: 0.492
                      32:-0.056
                      37: 0.530
                      38:-0.237

             ENERGY    K= OMEGA
 
 I= 11/2- (1)  3.150  26:-0.137
                      27:-0.232
                      32: 0.400
                      34:-0.876
 
 I= 11/2- (2)  3.185  28:-0.651
                      29:-0.581
                      33:-0.430
                      35:-0.063
                      36:-0.222
 
 I= 11/2- (3)  3.979  26:-0.277
                      27: 0.140
                      31: 0.068
                      32: 0.857
                      34: 0.399
                      38: 0.067
 
 I= 11/2- (4)  5.238  25: 0.275
                      31: 0.849
                      32:-0.096
                      37:-0.074
                      38: 0.432
 
 I= 11/2- (5)  5.356  25: 0.309
                      30: 0.852
                      37: 0.404
                      38:-0.114

             ENERGY    K= OMEGA
 
 I= 13/2- (1)  4.492  26: 0.183
                      27:-0.271
                      32: 0.457
                      34: 0.826
 
 I= 13/2- (2)  5.152  28: 0.215
                      29:-0.549
                      33: 0.673
                      36:-0.446
 
 I= 13/2- (3)  5.397  25: 0.257
                      26:-0.250
                      27:-0.156
                      30:-0.281
                      31:-0.413
                      32:-0.639
                      34: 0.376
                      37: 0.083
                      38: 0.200
 
 I= 13/2- (4)  5.578  25: 0.361
                      26: 0.173
                      27: 0.090
                      30:-0.421
                      31:-0.524
                      32: 0.502
                      34:-0.263
                      37: 0.161
                      38: 0.181
 
 I= 13/2- (5)  7.237  24: 0.999

             ENERGY     K= 5/2
  32 LEVELS    TIME=  0.0 SEC



 ******************* EXCITATION ENERGIES, DOMINANT CONFIGURATION AND EXPECTATION VALUES (WITH S.P. UU+VV FACTORS) *******************

  NR  Eex(keV)  I   Kdom  NY    <Jz>  <Jx**2> <Jy**2> <Jz**2> <I.j>/|I|  <Rx**2> <Ry**2> <Rz**2> <R.j>/|R|  <HROTx> <HROTy> <HROTz>

   1    0.0   7/2-  -7/2  32   -3.31    2.31    2.31   12.05    3.29       3.15    3.15    0.00   -1.44      0.384   0.384   0.000
   2  304.7   9/2-   9/2  34    3.52    2.51    2.51   19.18    4.19       3.63    3.63    0.00   -1.25      0.443   0.443   0.000
   3  613.4   3/2-  -3/2  31   -1.34    4.86    4.86    2.09    1.39       5.09    5.09    0.00   -2.86      0.621   0.621   0.000
   4  733.2   1/2-   1/2  30    0.50    4.89    4.89    0.25    0.25       5.17    5.17   -0.00   -3.05      0.630   0.630  -0.000
   5  767.3   5/2-  -3/2  31   -0.72    4.98    4.98    1.91    2.03       4.30    4.30    0.00   -2.00      0.524   0.524   0.000
  
   6  798.7   3/2-   1/2  30    0.25    4.43    4.43    0.50    1.07       4.48    4.48    0.00   -2.43      0.546   0.546   0.000
   7 1010.5   9/2-  -7/2  32   -2.41    2.39    2.39   12.59    2.84       6.92    6.92    0.00   -0.87      0.843   0.843   0.000
   8 1423.0  11/2-   9/2  34    2.75    2.70    2.70   18.28    3.62       8.05    8.05   -0.00   -0.50      0.981   0.981  -0.000
   9 1458.4  11/2-   1/2  28   -0.00   23.66   23.66    2.63    6.19       5.82    5.82   -0.00   -3.79      0.709   0.709  -0.000
  10 1600.7   7/2-  -3/2  31   -0.74    4.52    4.52    2.68    1.55       7.60    7.60    0.00   -1.43      0.926   0.926   0.000
  
  11 1648.5   5/2-   1/2  30   -0.29    4.01    4.01    1.24    0.56       7.36    7.36    0.00   -1.99      0.898   0.898   0.000
  12 1765.3   7/2-   1/2  30    0.14    4.27    4.27    0.63    1.27       7.41    7.41   -0.00   -1.07      0.903   0.903  -0.000
  13 1841.0   9/2-  -3/2  31   -0.44    5.11    5.11    1.82    2.19       7.48    7.48    0.00   -0.29      0.912   0.912   0.000
  14 2068.2   7/2-   1/2  28    0.02   23.33   23.33    2.38    6.08       8.25    8.25   -0.00   -6.13      1.006   1.006  -0.000
  15 2121.4   5/2-   5/2  38    1.48    2.04    2.04    5.03    1.81       3.59    3.59   -0.00   -1.41      0.437   0.437  -0.000
  
  16 2251.5  11/2-  -7/2  32   -1.73    2.48    2.48   12.99    2.54      11.68   11.68    0.00   -0.57      1.424   1.424   0.000
  17 2579.2   7/2-  -7/2  27   -3.02    6.02    6.02   11.61    3.07       7.54    7.54    0.00   -2.96      0.919   0.919   0.000
  18 2729.6   5/2-  -3/2  37   -0.27    2.76    2.76    2.87    0.24       7.87    7.87   -0.00   -1.94      0.959   0.959  -0.000
  19 2764.5  13/2-   9/2  34    2.16    2.87    2.87   17.52    3.24      13.37   13.37    0.00   -0.12      1.630   1.630   0.000
  20 2945.8   9/2-   5/2  33    0.07   24.14   24.14    5.88    5.22      13.48   13.48    0.00   -5.43      1.643   1.643   0.000
  
  21 3069.7   5/2-   5/2  26    2.38    5.91    5.91    6.12    2.01       7.40    7.40   -0.00   -3.12      0.902   0.902  -0.000
  22 3424.6  13/2-   5/2  33    0.01   24.13   24.13    5.96    5.17      15.39   15.39   -0.00   -3.27      1.876   1.876  -0.000
  23 3505.5   9/2-   1/2  30   -0.43    3.64    3.64    1.74    0.53      14.23   14.23    0.00   -1.19      1.734   1.734   0.000
  24 3511.3  11/2-  -3/2  31   -0.62    4.44    4.44    2.96    1.56      14.48   14.48    0.00   -0.47      1.765   1.765   0.000
  25 3628.6  11/2-   1/2  30    0.20    4.17    4.17    0.68    1.30      14.64   14.64    0.00   -0.23      1.785   1.785   0.000
  
  26 3661.4   1/2-   1/2  35    0.50   12.27   12.27    0.25   -1.17      13.78   13.78    0.00   -4.92      1.680   1.680   0.000
  27 3670.2  13/2-  -7/2  32   -0.82    3.50    3.50    9.26    2.35      16.09   16.09    0.00    0.03      1.962   1.962   0.000
  28 3851.4  13/2-  -3/2  31   -0.74    4.32    4.32    5.74    2.21      16.12   16.12    0.00    0.19      1.965   1.965   0.000
  29 4151.0   1/2-   1/2  25    0.50    6.75    6.75    0.25    0.65       6.69    6.69    0.00   -3.61      0.815   0.815   0.000
  30 5509.5  13/2- -11/2  24   -5.49    2.75    2.75   30.21    4.32      12.04   12.04    0.00   -1.13      1.468   1.468   0.000
  
  31 7162.5   1/2-   1/2  28    0.50   23.56   23.56    0.25   -3.49      27.08   27.08    0.00   -6.85      3.302   3.302   0.000
  32*******   1/2-  -3/2  31    0.00    0.00    0.00    0.00   -0.00       0.00    0.00    0.00   -0.00      0.000   0.000   0.000
