1SPECTRUM OF (Z= 82 A=207) IN PARTICLE-ROTOR  MODEL WITH MODIFIED OSCILLATOR POTENTIAL


 PARITY=-   EPS= 0.499   GAMMA=  0.0   EPS4=0.000   EPS6=0.000   LEVELS:  25  26  27  28  29  30  31  32  33  34  35  36  37  38  39

 PAIRING FACTORS: GN0= 19.20  GN1=  7.40  IPAIR= 15 ***  E2PLUS(INPUT)=   0.730  E2PLUR(INPUT)=   0.000

 CORIOLIS ATTENUATION PARAMETERS:  CHSI=1.000  ETA=  1.00

 MOMENT OF INERTIA PARAMETERS:   A1=  0.122 MEV   A2=  0.122 MEV   A3=121.91924 MEV


 DELTA=0.849 MEV  LAMBDA=53.4094 MEV   HW0= 7.6537 MEV   LAMBDA/HW0= 6.9782

 E2ENERGY=0.730 MEV  HBAR**2/B=46170./A**(7/3)=7804.9/A**2 MEV

 IREC=0  =>  RECOIL TERMS j+j-, j+j+, jzjz, ETC TREATED AS ONE-BODY OPERATORS WITH UU+VV PAIRING FACTORS



 S. P. LEVEL   EQP       U     V        (UU + VV)**1.00

     25       4.021    0.106 0.994      1.000 1.000 0.990 0.986 0.982 0.974 0.956 0.556 0.495 0.362 0.337 0.278 0.257 0.231 0.199
     26       3.695    0.116 0.993      1.000 1.000 0.991 0.988 0.984 0.976 0.959 0.564 0.504 0.370 0.346 0.287 0.266 0.240 0.208
     27       1.783    0.246 0.969      0.990 0.991 1.000 1.000 0.999 0.996 0.988 0.668 0.613 0.490 0.467 0.411 0.391 0.366 0.336
     28       1.644    0.268 0.963      0.986 0.988 1.000 1.000 1.000 0.998 0.991 0.685 0.631 0.510 0.487 0.432 0.412 0.387 0.357
     29       1.515    0.293 0.956      0.982 0.984 0.999 1.000 1.000 0.999 0.994 0.703 0.651 0.532 0.510 0.455 0.436 0.412 0.382
     30       1.361    0.330 0.944      0.974 0.976 0.996 0.998 0.999 1.000 0.998 0.731 0.681 0.565 0.543 0.490 0.470 0.447 0.418
     31       1.175    0.393 0.919      0.956 0.959 0.988 0.991 0.994 0.998 1.000 0.775 0.728 0.619 0.598 0.547 0.529 0.506 0.478
     32       1.033    0.886 0.464      0.556 0.564 0.668 0.685 0.703 0.731 0.775 1.000 0.998 0.976 0.970 0.953 0.946 0.937 0.925
     33       1.157    0.916 0.400      0.495 0.504 0.613 0.631 0.651 0.681 0.728 0.998 1.000 0.989 0.985 0.972 0.967 0.960 0.950
     34       1.689    0.965 0.260      0.362 0.370 0.490 0.510 0.532 0.565 0.619 0.976 0.989 1.000 1.000 0.996 0.994 0.991 0.986
     35       1.857    0.972 0.235      0.337 0.346 0.467 0.487 0.510 0.543 0.598 0.970 0.985 1.000 1.000 0.998 0.996 0.994 0.990
     36       2.473    0.985 0.174      0.278 0.287 0.411 0.432 0.455 0.490 0.547 0.953 0.972 0.996 0.998 1.000 1.000 0.999 0.997
     37       2.819    0.988 0.152      0.257 0.266 0.391 0.412 0.436 0.470 0.529 0.946 0.967 0.994 0.996 1.000 1.000 1.000 0.998
     38       3.392    0.992 0.126      0.231 0.240 0.366 0.387 0.412 0.447 0.506 0.937 0.960 0.991 0.994 0.999 1.000 1.000 0.999
     39       4.546    0.996 0.094      0.199 0.208 0.336 0.357 0.382 0.418 0.478 0.925 0.950 0.986 0.990 0.997 0.998 0.999 1.000

  R CORE   ENERGY   A0R/A00=1.000    R3= 0     2  
   2( 1)    0.732                    1.000 0.000
   2( 2)  487.921                    0.000 1.000

  R CORE   ENERGY   A0R/A00=1.000    R3= 0     2  
   3( 1)  488.652                    0.000 1.000

  R CORE   ENERGY   A0R/A00=1.000    R3= 0     2     4  
   4( 1)    2.438                    1.000 0.000 0.000

  R CORE   ENERGY   A0R/A00=1.000    R3= 0     2     4  
   5( 1)  490.847                    0.000 1.000 0.000

  R CORE   ENERGY   A0R/A00=1.000    R3= 0     2     4     6  
   6( 1)    5.121                    1.000 0.000 0.000 0.000

  R CORE   ENERGY   A0R/A00=1.000    R3= 0     2     4     6  
   7( 1)  494.017                    0.000 1.000 0.000 0.000

          AXIAL SYMMETRY => K RESTRICTED TO OMEGA

                     K
     S.P. ORB#: 25  0.50
     S.P. ORB#: 26 -1.50
     S.P. ORB#: 27 -5.50
     S.P. ORB#: 28  2.50
     S.P. ORB#: 29  2.50
     S.P. ORB#: 30  0.50
     S.P. ORB#: 31 -3.50
     S.P. ORB#: 32  0.50
     S.P. ORB#: 33 -1.50
     S.P. ORB#: 34 -3.50
     S.P. ORB#: 35  0.50
     S.P. ORB#: 36 -1.50
     S.P. ORB#: 37 -3.50
     S.P. ORB#: 38  4.50
     S.P. ORB#: 39  4.50
 

             ENERGY    K= OMEGA
 
 I=  1/2- (1)  2.430  32: 0.999
 
 I=  1/2- (2)  4.557  30:-0.901
                      35: 0.435
 
 I=  1/2- (3)  5.843  25: 0.999
 
 I=  1/2- (4)  6.213  30:-0.435
                      35:-0.901
 
 I=  1/2- (5)147.460  33:-1.000

             ENERGY    K= OMEGA
 
 I=  3/2- (1)  2.484  32: 0.729
                      33:-0.685
 
 I=  3/2- (2)  2.717  25:-0.132
                      32:-0.677
                      33:-0.724

             ENERGY    K= OMEGA
 
 I=  5/2- (1)  2.961  25: 0.185
                      28:-0.136
                      32:-0.524
                      33:-0.820
 
 I=  5/2- (2)  3.456  28:-0.966
                      32: 0.256
 
 I=  5/2- (3)  3.664  28:-0.221
                      32:-0.800
                      33: 0.557
 
 I=  5/2- (4)  4.917  26:-0.126
                      29: 0.111
                      30: 0.810
                      35:-0.504
                      36:-0.248
 
 I=  5/2- (5)  6.457  26: 0.468
                      29:-0.834
                      35:-0.292

             ENERGY    K= OMEGA
 
 I=  7/2- (1)  3.116  28: 0.163
                      31: 0.986
 
 I=  7/2- (2)  3.589  28:-0.453
                      31: 0.068
                      32:-0.203
                      33: 0.252
                      37: 0.828
 
 I=  7/2- (3)  3.704  28:-0.082
                      32: 0.773
                      33:-0.545
                      37: 0.312
 
 I=  7/2- (4)  4.110  25:-0.238
                      28: 0.130
                      32:-0.571
                      33:-0.756
                      37: 0.166
 
 I=  7/2- (5)  4.563  28:-0.863
                      31: 0.146
                      32:-0.050
                      33:-0.199
                      37:-0.436

             ENERGY    K= OMEGA
 
 I=  9/2- (1)  3.754  28: 0.196
                      31:-0.763
                      37: 0.152
                      38: 0.596
 
 I=  9/2- (2)  4.484  25: 0.231
                      28:-0.349
                      31:-0.180
                      32:-0.419
                      33:-0.615
                      37:-0.486
                      38: 0.050
 
 I=  9/2- (3)  4.602  25: 0.187
                      28: 0.282
                      31: 0.267
                      32:-0.361
                      33:-0.453
                      37: 0.683
                      38: 0.108
 
 I=  9/2- (4)  4.891  28:-0.345
                      31: 0.509
                      32: 0.101
                      33: 0.075
                      37:-0.064
                      38: 0.775
 
 I=  9/2- (5)  5.434  26:-0.397
                      29: 0.588
                      30: 0.386
                      34:-0.486
                      35:-0.160
                      36:-0.161
                      39: 0.247

             ENERGY    K= OMEGA
 
 I= 11/2- (1)  3.123  27: 1.000
 
 I= 11/2- (2)  4.788  28: 0.226
                      31: 0.725
                      37:-0.205
                      38: 0.616
 
 I= 11/2- (3)  5.424  26:-0.412
                      29:-0.561
                      30:-0.393
                      34:-0.483
                      35:-0.159
                      36:-0.152
                      39:-0.282
 
 I= 11/2- (4)  5.758  28: 0.480
                      31:-0.271
                      32: 0.288
                      33:-0.320
                      37:-0.706
                      38:-0.112
 
 I= 11/2- (5)  5.904  25: 0.088
                      28:-0.148
                      31: 0.136
                      32: 0.787
                      33:-0.441
                      37: 0.370

             ENERGY    K= OMEGA
 
 I= 13/2- (1)  4.705  27: 0.999
 
 I= 13/2- (2)  6.025  26:-0.387
                      29: 0.578
                      30: 0.201
                      34:-0.573
                      36:-0.100
                      39: 0.368
 
 I= 13/2- (3)  6.097  28:-0.251
                      31: 0.702
                      37:-0.238
                      38:-0.618
 
 I= 13/2- (4)  6.966  25: 0.365
                      28:-0.201
                      31:-0.109
                      32:-0.527
                      33:-0.705
                      37:-0.174
                      38: 0.101
 
 I= 13/2- (5)  7.301  25:-0.121
                      28:-0.477
                      31:-0.296
                      32: 0.195
                      33: 0.180
                      37:-0.763
                      38: 0.129

             ENERGY     K= 9/2
  32 LEVELS    TIME=  0.0 SEC



 ******************* EXCITATION ENERGIES, DOMINANT CONFIGURATION AND EXPECTATION VALUES (WITH S.P. UU+VV FACTORS) *******************

  NR  Eex(keV)  I   Kdom  NY    <Jz>  <Jx**2> <Jy**2> <Jz**2> <I.j>/|I|  <Rx**2> <Ry**2> <Rz**2> <R.j>/|R|  <HROTx> <HROTy> <HROTz>

   1    0.0   1/2-   1/2  32    0.50    5.29    5.29    0.25    0.10       5.71    5.71    0.00   -3.18      0.696   0.696   0.000
   2   54.4   3/2-   1/2  32   -0.44    5.29    5.29    1.19    1.06       5.71    5.71   -0.00   -2.87      0.696   0.696  -0.000
   3  287.6   3/2-  -3/2  33   -0.55    5.30    5.30    1.30    0.72       6.43    6.43   -0.00   -2.93      0.784   0.784  -0.000
   4  531.0   5/2-  -3/2  33   -0.81    5.42    5.42    1.71    1.20       7.10    7.10   -0.00   -2.39      0.865   0.865  -0.000
   5  686.1   7/2-  -7/2  31   -3.34    6.33    6.33   12.08    3.11       7.91    7.91    0.00   -3.12      0.964   0.964   0.001
  
   6  693.3  11/2- -11/2  27   -5.49    2.75    2.75   30.24    5.06       5.49    5.49    0.00   -1.66      0.669   0.669   0.001
   7 1026.5   5/2-   5/2  28    2.37    6.13    6.13    5.85    1.98       7.58    7.58    0.00   -3.15      0.924   0.924   0.000
   8 1159.0   7/2-  -7/2  37   -1.98    3.38    3.38    9.89    2.84       4.91    4.91   -0.00   -1.71      0.599   0.599  -0.000
   9 1234.6   5/2-   1/2  32   -0.02    5.34    5.34    1.16   -0.06      10.49   10.49   -0.00   -2.63      1.279   1.279  -0.000
  10 1274.7   7/2-   1/2  32   -0.47    4.99    4.99    2.05    0.97      10.05   10.05   -0.00   -1.83      1.225   1.225  -0.000
  
  11 1324.4   9/2-  -7/2  31   -0.43    4.90    4.90   14.85    3.53       7.12    7.12    0.00   -1.87      0.868   0.868   0.000
  12 1680.6   7/2-  -3/2  33   -0.72    5.32    5.32    1.84    0.69      11.39   11.39   -0.00   -2.04      1.388   1.388  -0.000
  13 2054.5   9/2-  -3/2  33   -1.08    4.82    4.82    5.01    1.70      11.23   11.23   -0.00   -1.30      1.370   1.370  -0.000
  14 2127.5   1/2-   1/2  30    0.50   13.09   13.09    0.25    1.00      12.72   12.72    0.00   -5.07      1.551   1.551   0.000
  15 2133.0   7/2-   5/2  28    1.06    5.45    5.45    7.33    1.47      11.16   11.16    0.00   -2.62      1.360   1.360   0.000
  
  16 2172.5   9/2-  -7/2  37   -1.86    3.99    3.99    7.83    2.00      10.33   10.33   -0.00   -1.29      1.260   1.260  -0.000
  17 2275.9  13/2- -11/2  27   -5.48    2.75    2.75   30.22    4.33      11.97   11.97    0.00   -1.12      1.460   1.460   0.001
  18 2358.2  11/2-  -7/2  31   -0.16    4.74    4.74   14.98    3.20      10.98   10.98    0.00   -1.14      1.339   1.339   0.000
  19 2461.2   9/2-   9/2  38    2.08    3.92    3.92   16.14    2.99       9.51    9.51    0.00   -2.09      1.159   1.159   0.000
  20 2487.5   5/2-   1/2  30    0.37   13.75   13.75    0.48    1.60      13.63   13.63    0.00   -4.45      1.661   1.661   0.000
  
  21 2994.9  11/2-   5/2  29    0.13   21.04   21.04    6.91    4.86      13.33   13.33   -0.00   -3.87      1.625   1.625  -0.000
  22 3004.0   9/2-   5/2  29    0.12   20.79   20.79    6.74    4.59      13.70   13.70    0.00   -4.87      1.670   1.670   0.000
  23 3328.2  11/2-  -7/2  37   -1.48    3.92    3.92    8.95    1.90      14.94   14.94    0.00   -1.00      1.821   1.821   0.000
  24 3413.2   1/2-   1/2  25    0.50    7.56    7.56    0.25    0.66       7.49    7.49    0.00   -3.82      0.913   0.913   0.000
  25 3474.8  11/2-   1/2  32   -0.47    4.87    4.87    2.64    0.90      18.71   18.71   -0.00   -1.15      2.282   2.282  -0.000
  
  26 3595.3  13/2-   5/2  29    0.08   21.85   21.85    9.23    5.10      15.22   15.22    0.00   -3.14      1.856   1.856   0.000
  27 3667.0  13/2-  -7/2  31   -0.06    4.67    4.67   14.93    2.91      16.20   16.20    0.00   -0.70      1.975   1.975   0.000
  28 3783.3   1/2-   1/2  35    0.50   17.03   17.03    0.25   -0.83      18.25   18.25    0.00   -5.80      2.225   2.225   0.000
  29 4027.0   5/2-   5/2  29    1.45   22.01   22.01    4.86    3.59      18.19   18.19    0.00   -6.34      2.217   2.217   0.000
  30 4536.0  13/2-  -3/2  33   -0.54    5.58    5.58    2.20    1.29      22.02   22.02   -0.00   -0.65      2.685   2.685  -0.000
  
  31 4871.1  13/2-  -7/2  37   -1.72    3.68    3.68   10.06    1.81      20.46   20.46   -0.00   -0.75      2.495   2.495  -0.000
  32*******   1/2-  -3/2  33    0.00    0.00    0.00    0.00   -0.00       0.00    0.00    0.00   -0.00      0.000   0.000   0.000
