1SPECTRUM OF (Z= 82 A=207) IN PARTICLE-ROTOR  MODEL WITH MODIFIED OSCILLATOR POTENTIAL


 PARITY=-   EPS= 0.197   GAMMA=  0.0   EPS4=0.000   EPS6=0.000   LEVELS:  25  26  27  28  29  30  31  32  33  34  35  36  37  38  39

 PAIRING FACTORS: GN0= 19.20  GN1=  7.40  IPAIR= 15 ***  E2PLUS(INPUT)=   0.730  E2PLUR(INPUT)=   0.000

 CORIOLIS ATTENUATION PARAMETERS:  CHSI=1.000  ETA=  1.00

 MOMENT OF INERTIA PARAMETERS:   A1=  0.122 MEV   A2=  0.122 MEV   A3=121.91922 MEV


 DELTA=0.937 MEV  LAMBDA=53.4816 MEV   HW0= 7.4445 MEV   LAMBDA/HW0= 7.1840

 E2ENERGY=0.730 MEV  HBAR**2/B= 7196./A**(7/3)=1216.5/A**2 MEV

 IREC=0  =>  RECOIL TERMS j+j-, j+j+, jzjz, ETC TREATED AS ONE-BODY OPERATORS WITH UU+VV PAIRING FACTORS



 S. P. LEVEL   EQP       U     V        (UU + VV)**1.00

     25       4.259    0.111 0.994      1.000 1.000 1.000 0.998 0.994 0.994 0.991 0.732 0.629 0.460 0.439 0.401 0.330 0.272 0.232
     26       4.019    0.117 0.993      1.000 1.000 1.000 0.998 0.995 0.994 0.992 0.736 0.634 0.466 0.445 0.408 0.336 0.279 0.239
     27       3.738    0.126 0.992      1.000 1.000 1.000 0.999 0.995 0.995 0.993 0.742 0.641 0.474 0.453 0.416 0.345 0.288 0.248
     28       2.716    0.175 0.985      0.998 0.998 0.999 1.000 0.999 0.999 0.998 0.774 0.678 0.517 0.496 0.460 0.391 0.335 0.295
     29       2.183    0.220 0.975      0.994 0.995 0.995 0.999 1.000 1.000 1.000 0.803 0.711 0.555 0.535 0.500 0.432 0.377 0.339
     30       2.159    0.223 0.975      0.994 0.994 0.995 0.999 1.000 1.000 1.000 0.804 0.713 0.558 0.538 0.503 0.435 0.380 0.341
     31       1.997    0.242 0.970      0.991 0.992 0.993 0.998 1.000 1.000 1.000 0.816 0.727 0.574 0.554 0.520 0.452 0.398 0.360
     32       0.948    0.759 0.652      0.732 0.736 0.742 0.774 0.803 0.804 0.816 1.000 0.990 0.942 0.934 0.918 0.885 0.855 0.833
     33       1.032    0.842 0.539      0.629 0.634 0.641 0.678 0.711 0.713 0.727 0.990 1.000 0.980 0.975 0.965 0.941 0.919 0.902
     34       1.400    0.933 0.359      0.460 0.466 0.474 0.517 0.555 0.558 0.574 0.942 0.980 1.000 1.000 0.998 0.990 0.980 0.971
     35       1.480    0.942 0.336      0.439 0.445 0.453 0.496 0.535 0.538 0.554 0.934 0.975 1.000 1.000 0.999 0.993 0.984 0.976
     36       1.650    0.955 0.298      0.401 0.408 0.416 0.460 0.500 0.503 0.520 0.918 0.965 0.998 0.999 1.000 0.997 0.991 0.984
     37       2.155    0.975 0.223      0.330 0.336 0.345 0.391 0.432 0.435 0.452 0.885 0.941 0.990 0.993 0.997 1.000 0.998 0.995
     38       2.893    0.986 0.164      0.272 0.279 0.288 0.335 0.377 0.380 0.398 0.855 0.919 0.980 0.984 0.991 0.998 1.000 0.999
     39       3.830    0.992 0.123      0.232 0.239 0.248 0.295 0.339 0.341 0.360 0.833 0.902 0.971 0.976 0.984 0.995 0.999 1.000

  R CORE   ENERGY   A0R/A00=1.000    R3= 0     2  
   2( 1)    0.732                    1.000 0.000
   2( 2)  487.921                    0.000 1.000

  R CORE   ENERGY   A0R/A00=1.000    R3= 0     2  
   3( 1)  488.652                    0.000 1.000

  R CORE   ENERGY   A0R/A00=1.000    R3= 0     2     4  
   4( 1)    2.438                    1.000 0.000 0.000

  R CORE   ENERGY   A0R/A00=1.000    R3= 0     2     4  
   5( 1)  490.847                    0.000 1.000 0.000

  R CORE   ENERGY   A0R/A00=1.000    R3= 0     2     4     6  
   6( 1)    5.121                    1.000 0.000 0.000 0.000

  R CORE   ENERGY   A0R/A00=1.000    R3= 0     2     4     6  
   7( 1)  494.017                    0.000 1.000 0.000 0.000

          AXIAL SYMMETRY => K RESTRICTED TO OMEGA

                     K
     S.P. ORB#: 25  2.50
     S.P. ORB#: 26  0.50
     S.P. ORB#: 27 -3.50
     S.P. ORB#: 28 -3.50
     S.P. ORB#: 29  4.50
     S.P. ORB#: 30  0.50
     S.P. ORB#: 31 -1.50
     S.P. ORB#: 32 -1.50
     S.P. ORB#: 33  2.50
     S.P. ORB#: 34  0.50
     S.P. ORB#: 35  0.50
     S.P. ORB#: 36 -1.50
     S.P. ORB#: 37  2.50
     S.P. ORB#: 38 -3.50
     S.P. ORB#: 39  4.50
 

             ENERGY    K= OMEGA
 
 I=  1/2- (1)  1.735  26:-0.059
                      35:-0.998
 
 I=  1/2- (2)  3.205  30: 0.999
 
 I=  1/2- (3)  5.216  26: 0.998
                      35:-0.060
 
 I=  1/2- (4)  9.315  34: 1.000
 
 I=  1/2- (5)147.251  32: 1.000

             ENERGY    K= OMEGA
 
 I=  3/2- (1)  1.435  30: 0.186
                      31: 0.104
                      32: 0.973
                      35:-0.075
 
 I=  3/2- (2)  2.379  30: 0.166
                      31: 0.147
                      32:-0.122
                      35:-0.967

             ENERGY    K= OMEGA
 
 I=  5/2- (1)  1.510  26: 0.051
                      30:-0.137
                      31:-0.180
                      32: 0.429
                      33: 0.871
                      35:-0.058
 
 I=  5/2- (2)  2.063  30:-0.214
                      31: 0.168
                      32: 0.863
                      33:-0.420
                      35: 0.053
 
 I=  5/2- (3)  2.406  30:-0.164
                      31:-0.210
                      33:-0.132
                      35:-0.955
 
 I=  5/2- (4)  3.311  26: 0.374
                      30:-0.448
                      31:-0.736
                      32:-0.076
                      33:-0.189
                      35: 0.275
 
 I=  5/2- (5)  4.535  26:-0.065
                      30: 0.803
                      31:-0.525
                      32: 0.251
                      33:-0.103

             ENERGY    K= OMEGA
 
 I=  7/2- (1)  2.144  30: 0.185
                      31:-0.211
                      32: 0.516
                      33:-0.807
 
 I=  7/2- (2)  2.726  25:-0.071
                      26:-0.171
                      28: 0.086
                      30:-0.342
                      31:-0.297
                      32:-0.711
                      33:-0.459
                      35: 0.190
 
 I=  7/2- (3)  3.453  25:-0.238
                      27:-0.096
                      28: 0.959
                      30: 0.058
                      31: 0.056
                      35:-0.064
 
 I=  7/2- (4)  3.787  34: 0.727
                      36: 0.573
                      37: 0.348
                      38: 0.145
 
 I=  7/2- (5)  3.960  26:-0.111
                      28: 0.068
                      30:-0.171
                      31:-0.268
                      32: 0.316
                      33: 0.219
                      35: 0.857

             ENERGY    K= OMEGA
 
 I=  9/2- (1)  2.804  25: 0.057
                      26:-0.166
                      27: 0.136
                      28: 0.067
                      29:-0.342
                      30: 0.282
                      31: 0.335
                      32:-0.449
                      33:-0.642
                      35: 0.155
 
 I=  9/2- (2)  2.952  25:-0.064
                      26:-0.076
                      27:-0.222
                      28:-0.182
                      29: 0.879
                      30: 0.126
                      31: 0.149
                      32:-0.177
                      33:-0.245
                      35: 0.077
 
 I=  9/2- (3)  3.902  25:-0.148
                      28:-0.238
                      29:-0.053
                      30:-0.191
                      31: 0.312
                      32: 0.750
                      33:-0.364
                      35: 0.292
 
 I=  9/2- (4)  4.002  26: 0.124
                      28:-0.113
                      30:-0.293
                      31:-0.176
                      33:-0.478
                      35:-0.789
 
 I=  9/2- (5)  4.386  25:-0.293
                      27: 0.109
                      28:-0.881
                      29:-0.178
                      30: 0.113
                      31:-0.076
                      32:-0.219
                      33: 0.167

             ENERGY    K= OMEGA
 
 I= 11/2- (1)  2.584  34:-0.663
                      36:-0.565
                      37:-0.410
                      38:-0.246
                      39:-0.109
 
 I= 11/2- (2)  3.841  25:-0.138
                      27: 0.326
                      28: 0.239
                      29: 0.802
                      30:-0.107
                      31: 0.110
                      32:-0.237
                      33: 0.308
 
 I= 11/2- (3)  4.105  27: 0.095
                      28: 0.114
                      29: 0.397
                      30: 0.259
                      31:-0.258
                      32: 0.518
                      33:-0.646
 
 I= 11/2- (4)  4.714  25:-0.113
                      26:-0.284
                      27:-0.050
                      28: 0.155
                      30:-0.412
                      31:-0.408
                      32:-0.537
                      33:-0.445
                      35: 0.236
 
 I= 11/2- (5)  5.489  25:-0.362
                      26: 0.094
                      27:-0.150
                      28: 0.856
                      29:-0.251
                      30: 0.125
                      31: 0.113
                      32: 0.050
                      35:-0.103

             ENERGY    K= OMEGA
 
 I= 13/2- (1)  4.264  34:-0.187
                      36: 0.486
                      37:-0.603
                      38: 0.523
                      39:-0.302
 
 I= 13/2- (2)  4.814  25:-0.099
                      26: 0.269
                      27:-0.186
                      28:-0.119
                      29: 0.321
                      30:-0.368
                      31:-0.414
                      32: 0.403
                      33: 0.508
                      35:-0.198
 
 I= 13/2- (3)  5.106  25: 0.149
                      26: 0.142
                      27: 0.339
                      28: 0.289
                      29:-0.785
                      30:-0.183
                      31:-0.210
                      32: 0.143
                      33: 0.180
                      35:-0.116
 
 I= 13/2- (4)  6.528  25:-0.246
                      26:-0.116
                      27: 0.093
                      28:-0.366
                      29:-0.192
                      30:-0.070
                      31: 0.321
                      32: 0.642
                      35: 0.475
 
 I= 13/2- (5)  6.626  25:-0.188
                      26: 0.130
                      27: 0.117
                      28:-0.391
                      29:-0.075
                      30:-0.291
                      32: 0.060
                      33:-0.613
                      35:-0.557

             ENERGY     K= 9/2
  32 LEVELS    TIME=  0.0 SEC



 ******************* EXCITATION ENERGIES, DOMINANT CONFIGURATION AND EXPECTATION VALUES (WITH S.P. UU+VV FACTORS) *******************

  NR  Eex(keV)  I   Kdom  NY    <Jz>  <Jx**2> <Jy**2> <Jz**2> <I.j>/|I|  <Rx**2> <Ry**2> <Rz**2> <R.j>/|R|  <HROTx> <HROTy> <HROTz>

   1    0.0   3/2-  -3/2  32   -1.42    1.57    1.57    2.17    1.44       1.74    1.74    0.00   -1.35      0.212   0.212   0.000
   2   75.3   5/2-   5/2  33    1.58    1.87    1.87    5.24    2.40       1.77    1.77    0.00   -1.00      0.216   0.216   0.000
   3  299.9   1/2-   1/2  35    0.50    1.23    1.23    0.25    0.83       1.01    1.01    0.00   -1.40      0.123   0.123   0.000
   4  627.7   5/2-  -3/2  32   -0.69    1.57    1.57    2.87    1.10       4.13    4.13    0.00   -0.96      0.503   0.503   0.000
   5  708.8   7/2-   5/2  33    1.17    1.96    1.96    4.81    2.00       4.29    4.29    0.00   -0.27      0.523   0.523   0.000
  
   6  944.3   3/2-   1/2  35    0.43    1.38    1.38    0.32   -0.09       3.60    3.60    0.00   -1.22      0.439   0.439   0.000
   7  971.2   5/2-   1/2  35    0.45    1.65    1.65    0.44    0.87       3.66    3.66    0.00   -0.43      0.446   0.446   0.000
   8 1149.0  11/2-   1/2  34    0.00   27.76   27.76    2.86    7.28       3.52    3.52    0.00   -5.59      0.429   0.429   0.000
   9 1291.1   7/2-  -3/2  32   -0.29    1.78    1.78    2.83    1.36       5.68    5.68    0.00   -0.30      0.693   0.693   0.000
  10 1369.0   9/2-   5/2  33    1.08    2.75    2.75    5.98    2.57       5.31    5.31    0.00    0.41      0.648   0.648   0.000
  
  11 1516.7   9/2-   9/2  29    3.28    2.65    2.65   17.18    4.11       3.17    3.17    0.00   -0.81      0.386   0.386   0.000
  12 1770.3   1/2-   1/2  30    0.50    4.11    4.11    0.25    0.38       4.28    4.28    0.00   -2.78      0.522   0.522   0.000
  13 1875.9   5/2-  -3/2  31   -0.52    3.82    3.82    1.56    1.54       4.42    4.42    0.00   -1.56      0.539   0.539   0.000
  14 2018.0   7/2-  -7/2  28   -3.11    2.35    2.35   11.75    3.38       2.68    2.68    0.00   -1.31      0.326   0.326   0.000
  15 2351.8   7/2-   1/2  34    0.00   28.07   28.07    1.89    7.04       8.95    8.95    0.00   -7.11      1.091   1.091   0.000
  
  16 2406.3  11/2-   9/2  29    2.51    2.93    2.93   15.89    3.71       6.58    6.58    0.00    0.12      0.802   0.802   0.000
  17 2466.5   9/2-  -3/2  32   -0.74    1.63    1.63    3.26    1.03      10.50   10.50    0.00   -0.30      1.281   1.281   0.000
  18 2524.8   7/2-   1/2  35    0.24    1.83    1.83    0.94    0.02      10.09   10.09    0.00   -1.00      1.230   1.230   0.000
  19 2567.2   9/2-   1/2  35    0.84    2.15    2.15    1.87    1.06      10.20   10.20    0.00   -0.20      1.244   1.244   0.000
  20 2669.8  11/2-   5/2  33    1.21    2.29    2.29    6.84    2.07      11.18   11.18    0.00    0.21      1.363   1.363   0.000
  
  21 2829.3  13/2-   5/2  37    0.02   26.09   26.09    8.02    6.68       7.79    7.79    0.00   -3.42      0.950   0.950   0.000
  22 2951.0   9/2-  -7/2  28   -2.40    2.43    2.43   11.13    2.71       6.91    6.91    0.00   -0.68      0.842   0.842   0.000
  23 3099.7   5/2-   1/2  30   -0.15    4.15    4.15    1.00   -0.42      10.25   10.25    0.00   -2.32      1.249   1.249   0.000
  24 3279.2  11/2-  -3/2  32   -0.09    2.21    2.21    2.77    1.53      12.30   12.30    0.00    0.40      1.499   1.499   0.000
  25 3378.6  13/2-   5/2  33    0.59    3.50    3.50    5.17    2.62      12.20   12.20    0.00    1.23      1.488   1.488   0.000
  
  26 3670.8  13/2-   9/2  29    2.15    3.30    3.30   15.40    3.48      11.06   11.06    0.00    0.49      1.349   1.349   0.000
  27 3780.8   1/2-   1/2  26    0.50    5.05    5.05    0.25    0.69       4.95    4.95   -0.00   -3.10      0.604   0.604  -0.000
  28 4053.8  11/2-  -7/2  28   -2.03    2.62    2.62   11.39    2.59      10.69   10.69   -0.00   -0.24      1.303   1.303  -0.000
  29 5093.4  13/2-  -3/2  32   -0.83    1.94    1.94    4.10    1.24      19.68   19.68    0.00    0.11      2.399   2.399   0.000
  30 5190.6  13/2-   5/2  33    0.67    2.25    2.25    4.84    1.29      20.06   20.06    0.00   -0.06      2.446   2.446   0.000
  
  31 7879.8   1/2-   1/2  34    0.50   28.46   28.46    0.25   -4.05      32.46   32.46    0.00   -7.53      3.958   3.958   0.000
  32*******   1/2-  -3/2  32    0.00    0.00    0.00    0.00   -0.00       0.00    0.00    0.00   -0.00      0.000   0.000   0.000
