1SPECTRUM OF (Z= 82 A=207) IN PARTICLE-ROTOR  MODEL WITH MODIFIED OSCILLATOR POTENTIAL


 PARITY=-   EPS= 0.211   GAMMA=  0.0   EPS4=0.000   EPS6=0.000   LEVELS:  24  25  26  27  28  29  30  31  32  33  34  35  36  37  38

 PAIRING FACTORS: GN0= 19.20  GN1=  7.40  IPAIR= 15 ***  E2PLUS(INPUT)=   0.730  E2PLUR(INPUT)=   0.000

 CORIOLIS ATTENUATION PARAMETERS:  CHSI=1.000  ETA=  1.00

 MOMENT OF INERTIA PARAMETERS:   A1=  0.122 MEV   A2=  0.122 MEV   A3=121.91924 MEV


 DELTA=0.946 MEV  LAMBDA=53.4865 MEV   HW0= 7.4497 MEV   LAMBDA/HW0= 7.1797

 E2ENERGY=0.730 MEV  HBAR**2/B= 8255./A**(7/3)=1395.5/A**2 MEV

 IREC=0  =>  RECOIL TERMS j+j-, j+j+, jzjz, ETC TREATED AS ONE-BODY OPERATORS WITH UU+VV PAIRING FACTORS



 S. P. LEVEL   EQP       U     V        (UU + VV)**1.00

     24       5.206    0.091 0.996      1.000 1.000 1.000 0.999 0.995 0.990 0.988 0.987 0.650 0.552 0.505 0.423 0.389 0.329 0.260
     25       4.185    0.114 0.994      1.000 1.000 1.000 1.000 0.997 0.993 0.991 0.990 0.667 0.571 0.525 0.444 0.410 0.350 0.281
     26       4.086    0.117 0.993      1.000 1.000 1.000 1.000 0.997 0.993 0.992 0.991 0.669 0.573 0.527 0.446 0.413 0.353 0.284
     27       3.655    0.130 0.991      0.999 1.000 1.000 1.000 0.998 0.995 0.994 0.992 0.680 0.585 0.539 0.459 0.426 0.366 0.297
     28       2.537    0.190 0.982      0.995 0.997 0.997 0.998 1.000 0.999 0.999 0.998 0.722 0.633 0.589 0.511 0.479 0.421 0.354
     29       2.108    0.231 0.973      0.990 0.993 0.993 0.995 0.999 1.000 1.000 1.000 0.751 0.664 0.622 0.547 0.515 0.459 0.393
     30       2.010    0.242 0.970      0.988 0.991 0.992 0.994 0.999 1.000 1.000 1.000 0.759 0.673 0.631 0.557 0.526 0.469 0.404
     31       1.945    0.251 0.968      0.987 0.990 0.991 0.992 0.998 1.000 1.000 1.000 0.764 0.680 0.638 0.564 0.533 0.477 0.412
     32       1.003    0.816 0.578      0.650 0.667 0.669 0.680 0.722 0.751 0.759 0.764 1.000 0.993 0.984 0.964 0.953 0.931 0.903
     33       1.133    0.880 0.474      0.552 0.571 0.573 0.585 0.633 0.664 0.673 0.680 0.993 1.000 0.998 0.989 0.983 0.969 0.948
     34       1.230    0.905 0.424      0.505 0.525 0.527 0.539 0.589 0.622 0.631 0.638 0.984 0.998 1.000 0.996 0.992 0.981 0.965
     35       1.484    0.941 0.339      0.423 0.444 0.446 0.459 0.511 0.547 0.557 0.564 0.964 0.989 0.996 1.000 0.999 0.995 0.985
     36       1.633    0.953 0.304      0.389 0.410 0.413 0.426 0.479 0.515 0.526 0.533 0.953 0.983 0.992 0.999 1.000 0.998 0.991
     37       2.019    0.970 0.241      0.329 0.350 0.353 0.366 0.421 0.459 0.469 0.477 0.931 0.969 0.981 0.995 0.998 1.000 0.997
     38       2.817    0.985 0.170      0.260 0.281 0.284 0.297 0.354 0.393 0.404 0.412 0.903 0.948 0.965 0.985 0.991 0.997 1.000

  R CORE   ENERGY   A0R/A00=1.000    R3= 0     2  
   2( 1)    0.732                    1.000 0.000
   2( 2)  487.921                    0.000 1.000

  R CORE   ENERGY   A0R/A00=1.000    R3= 0     2  
   3( 1)  488.652                    0.000 1.000

  R CORE   ENERGY   A0R/A00=1.000    R3= 0     2     4  
   4( 1)    2.438                    1.000 0.000 0.000

  R CORE   ENERGY   A0R/A00=1.000    R3= 0     2     4  
   5( 1)  490.847                    0.000 1.000 0.000

  R CORE   ENERGY   A0R/A00=1.000    R3= 0     2     4     6  
   6( 1)    5.121                    1.000 0.000 0.000 0.000

  R CORE   ENERGY   A0R/A00=1.000    R3= 0     2     4     6  
   7( 1)  494.017                    0.000 1.000 0.000 0.000

          AXIAL SYMMETRY => K RESTRICTED TO OMEGA

                     K
     S.P. ORB#: 24  2.50
     S.P. ORB#: 25  2.50
     S.P. ORB#: 26  0.50
     S.P. ORB#: 27 -3.50
     S.P. ORB#: 28 -3.50
     S.P. ORB#: 29  0.50
     S.P. ORB#: 30  4.50
     S.P. ORB#: 31 -1.50
     S.P. ORB#: 32 -1.50
     S.P. ORB#: 33  2.50
     S.P. ORB#: 34  0.50
     S.P. ORB#: 35 -1.50
     S.P. ORB#: 36  0.50
     S.P. ORB#: 37  2.50
     S.P. ORB#: 38 -3.50
 

             ENERGY    K= OMEGA
 
 I=  1/2- (1)  1.900  26:-0.057
                      36:-0.998
 
 I=  1/2- (2)  3.178  29: 0.999
 
 I=  1/2- (3)  5.333  26: 0.998
                      36:-0.058
 
 I=  1/2- (4)  9.025  34:-1.000
 
 I=  1/2- (5)147.306  32: 1.000

             ENERGY    K= OMEGA
 
 I=  3/2- (1)  1.501  29: 0.183
                      31: 0.100
                      32: 0.974
                      36:-0.069
 
 I=  3/2- (2)  2.529  29: 0.191
                      31: 0.191
                      32:-0.125
                      36:-0.954

             ENERGY    K= OMEGA
 
 I=  5/2- (1)  1.611  26:-0.052
                      29: 0.141
                      31: 0.177
                      32:-0.451
                      33:-0.860
 
 I=  5/2- (2)  2.142  29:-0.203
                      31: 0.175
                      32: 0.853
                      33:-0.442
                      36: 0.060
 
 I=  5/2- (3)  2.553  26: 0.050
                      29:-0.200
                      31:-0.266
                      33:-0.143
                      36:-0.930
 
 I=  5/2- (4)  3.292  24: 0.073
                      26:-0.356
                      29: 0.422
                      31: 0.728
                      32: 0.068
                      33: 0.182
                      36:-0.349
 
 I=  5/2- (5)  4.482  24: 0.064
                      26: 0.074
                      29:-0.813
                      31: 0.508
                      32:-0.248
                      33: 0.096

             ENERGY    K= OMEGA
 
 I=  7/2- (1)  2.251  29: 0.191
                      31:-0.207
                      32: 0.535
                      33:-0.795
 
 I=  7/2- (2)  2.808  25: 0.087
                      26: 0.172
                      28:-0.149
                      29: 0.332
                      31: 0.314
                      32: 0.690
                      33: 0.468
                      36:-0.182
 
 I=  7/2- (3)  3.271  24: 0.051
                      25:-0.229
                      27:-0.110
                      28: 0.950
                      29: 0.080
                      32: 0.104
                      33: 0.084
                      36:-0.052
 
 I=  7/2- (4)  3.594  34:-0.732
                      35:-0.572
                      37:-0.342
                      38:-0.140
 
 I=  7/2- (5)  4.056  24:-0.072
                      26: 0.159
                      29: 0.158
                      31: 0.410
                      32:-0.327
                      33:-0.274
                      36:-0.770

             ENERGY    K= OMEGA
 
 I=  9/2- (1)  2.726  24: 0.075
                      25: 0.072
                      27: 0.284
                      28: 0.160
                      29: 0.077
                      30:-0.901
                      31: 0.110
                      32:-0.120
                      33:-0.186
 
 I=  9/2- (2)  2.950  26: 0.186
                      28: 0.062
                      29:-0.305
                      30:-0.267
                      31:-0.368
                      32: 0.464
                      33: 0.648
                      36:-0.160
 
 I=  9/2- (3)  3.918  24: 0.098
                      25:-0.229
                      26:-0.070
                      27: 0.117
                      28:-0.496
                      29:-0.123
                      30:-0.056
                      31: 0.314
                      32: 0.657
                      33:-0.247
                      36: 0.251
 
 I=  9/2- (4)  4.109  25: 0.080
                      26:-0.164
                      27:-0.053
                      28: 0.258
                      29: 0.300
                      31: 0.249
                      33: 0.465
                      36: 0.724
 
 I=  9/2- (5)  4.243  24: 0.058
                      25:-0.216
                      27: 0.101
                      28:-0.728
                      29: 0.216
                      30:-0.123
                      31:-0.115
                      32:-0.437
                      33: 0.378

             ENERGY    K= OMEGA
 
 I= 11/2- (1)  2.509  34:-0.691
                      35:-0.576
                      37:-0.392
                      38:-0.193
 
 I= 11/2- (2)  3.631  24: 0.122
                      25: 0.112
                      27:-0.387
                      28:-0.212
                      30:-0.859
                      31:-0.087
                      32: 0.089
                      33:-0.151
 
 I= 11/2- (3)  4.201  28: 0.057
                      29: 0.280
                      30: 0.202
                      31:-0.277
                      32: 0.566
                      33:-0.692
 
 I= 11/2- (4)  4.744  24:-0.109
                      25: 0.175
                      26: 0.272
                      27: 0.102
                      28:-0.312
                      29: 0.379
                      31: 0.419
                      32: 0.508
                      33: 0.391
                      36:-0.215
 
 I= 11/2- (5)  5.292  24:-0.090
                      25: 0.330
                      26:-0.134
                      27: 0.169
                      28:-0.824
                      29:-0.203
                      30: 0.178
                      31:-0.151
                      32:-0.150
                      33:-0.154
                      36: 0.124

             ENERGY    K= OMEGA
 
 I= 13/2- (1)  4.673  24: 0.170
                      25: 0.128
                      26:-0.151
                      27: 0.417
                      28: 0.197
                      29: 0.188
                      30:-0.701
                      31: 0.259
                      32:-0.196
                      33:-0.279
                      36: 0.097
 
 I= 13/2- (2)  4.780  34:-0.235
                      35: 0.586
                      37:-0.651
                      38: 0.422
 
 I= 13/2- (3)  5.047  25:-0.059
                      26:-0.280
                      27:-0.174
                      28:-0.157
                      29: 0.367
                      30: 0.450
                      31: 0.418
                      32:-0.349
                      33:-0.435
                      36: 0.199
 
 I= 13/2- (4)  6.352  24: 0.175
                      25:-0.362
                      26:-0.070
                      27: 0.197
                      28:-0.668
                      29:-0.096
                      30:-0.115
                      31: 0.235
                      32: 0.492
                      36: 0.163
 
 I= 13/2- (5)  6.686  25:-0.111
                      26: 0.197
                      27: 0.090
                      28:-0.318
                      29:-0.215
                      31:-0.224
                      32:-0.304
                      33:-0.510
                      36:-0.624

             ENERGY     K=-7/2
  32 LEVELS    TIME=  0.0 SEC



 ******************* EXCITATION ENERGIES, DOMINANT CONFIGURATION AND EXPECTATION VALUES (WITH S.P. UU+VV FACTORS) *******************

  NR  Eex(keV)  I   Kdom  NY    <Jz>  <Jx**2> <Jy**2> <Jz**2> <I.j>/|I|  <Rx**2> <Ry**2> <Rz**2> <R.j>/|R|  <HROTx> <HROTy> <HROTz>

   1    0.0   3/2-  -3/2  32   -1.42    1.60    1.60    2.17    1.42       1.81    1.81    0.00   -1.38      0.221   0.221   0.000
   2  110.4   5/2-   5/2  33    1.51    1.86    1.86    5.16    2.36       1.84    1.84    0.00   -0.99      0.224   0.224   0.000
   3  399.3   1/2-   1/2  36    0.50    1.27    1.27    0.25    0.82       1.06    1.06    0.00   -1.43      0.129   0.129   0.000
   4  641.9   5/2-  -3/2  32   -0.62    1.60    1.60    2.95    1.09       4.23    4.23    0.00   -1.01      0.516   0.516   0.000
   5  750.8   7/2-   5/2  33    1.10    1.97    1.97    4.72    1.96       4.42    4.42    0.00   -0.30      0.539   0.539   0.000
  
   6 1008.4  11/2-   1/2  34   -0.00   27.59   27.59    2.28    7.10       4.16    4.16    0.00   -5.21      0.507   0.507   0.000
   7 1028.6   3/2-   1/2  36    0.40    1.50    1.50    0.35   -0.02       3.59    3.59    0.00   -1.27      0.438   0.438   0.000
   8 1052.4   5/2-   1/2  36    0.40    1.86    1.86    0.52    0.98       3.61    3.61    0.00   -0.51      0.440   0.440   0.000
   9 1225.0   9/2-   9/2  30    3.36    2.82    2.82   18.09    4.39       2.38    2.38    0.00   -0.86      0.290   0.290   0.000
  10 1307.2   7/2-  -3/2  32   -0.29    1.90    1.90    3.06    1.42       5.66    5.66    0.00   -0.36      0.690   0.690   0.000
  
  11 1449.3   9/2-   5/2  33    0.91    2.79    2.79    4.95    2.34       5.99    5.99    0.00    0.33      0.730   0.730   0.000
  12 1677.4   1/2-   1/2  29    0.50    4.19    4.19    0.25    0.36       4.38    4.38   -0.00   -2.81      0.534   0.534  -0.000
  13 1770.5   7/2-  -7/2  28   -3.06    2.26    2.26   11.62    3.34       2.70    2.70    0.00   -1.25      0.329   0.329   0.000
  14 1791.7   5/2-  -3/2  31   -0.49    3.73    3.73    1.55    1.48       4.50    4.50   -0.00   -1.54      0.549   0.549  -0.000
  15 2093.0   7/2-   1/2  34    0.00   27.70   27.70    1.84    6.97       8.85    8.85    0.00   -7.04      1.078   1.078   0.000
  
  16 2130.3  11/2-   9/2  30    2.74    3.25    3.25   17.68    4.12       5.35    5.35   -0.00    0.13      0.652   0.652  -0.000
  17 2417.7   9/2-  -3/2  32   -1.34    1.95    1.95    5.23    1.66       8.69    8.69    0.00   -0.21      1.059   1.059   0.000
  18 2555.8   7/2-   1/2  36    0.10    2.29    2.29    1.30    0.27       9.76    9.76    0.00   -1.09      1.190   1.190   0.000
  19 2608.9   9/2-   1/2  36    0.54    2.38    2.38    2.57    1.27       9.73    9.73    0.00   -0.23      1.186   1.186   0.000
  20 2700.0  11/2-   5/2  33    0.82    2.25    2.25    4.78    1.76      12.01   12.01    0.00    0.25      1.464   1.464   0.000
  
  21 2742.5   9/2-  -7/2  28   -1.62    2.14    2.14    8.60    2.02       8.76    8.76    0.00   -0.67      1.069   1.069   0.000
  22 2981.6   5/2-   1/2  29   -0.11    4.23    4.23    0.97   -0.35      10.13   10.13   -0.00   -2.33      1.235   1.235  -0.000
  23 3172.1  13/2-   9/2  30    1.65    3.83    3.83   13.57    3.66       9.40    9.40    0.00    1.00      1.147   1.147   0.000
  24 3243.6  11/2-  -3/2  32   -0.41    2.46    2.46    3.58    1.77      11.55   11.55    0.00    0.43      1.408   1.408   0.000
  25 3279.3  13/2-   5/2  37   -0.05   26.74   26.74    5.61    6.05      11.67   11.67    0.00   -3.49      1.423   1.423   0.000
  
  26 3546.2  13/2-   9/2  30    0.88    3.53    3.53    6.71    2.65      12.73   12.73   -0.00    0.94      1.553   1.553  -0.000
  27 3791.3  11/2-  -7/2  28   -2.01    2.47    2.47   10.31    2.47      10.76   10.76    0.00   -0.11      1.312   1.312   0.001
  28 3832.4   1/2-   1/2  26    0.50    5.26    5.26    0.25    0.69       5.16    5.16    0.00   -3.17      0.629   0.629   0.000
  29 4850.9  13/2-  -7/2  28   -1.65    2.38    2.38    7.91    2.10      16.03   16.03    0.00    0.36      1.954   1.954   0.000
  30 5185.1  13/2-   1/2  36    0.33    2.22    2.22    3.51    1.14      20.38   20.38    0.00    0.00      2.484   2.484   0.000
  
  31 7524.2   1/2-   1/2  34    0.50   28.00   28.00    0.25   -4.00      31.97   31.97   -0.00   -7.47      3.897   3.897  -0.000
  32*******   1/2-  -3/2  32    0.00    0.00    0.00    0.00   -0.00       0.00    0.00   -0.00   -0.00      0.000   0.000  -0.000
