1SPECTRUM OF (Z= 82 A=207) IN PARTICLE-ROTOR  MODEL WITH MODIFIED OSCILLATOR POTENTIAL


 PARITY=-   EPS= 0.349   GAMMA=  0.0   EPS4=0.000   EPS6=0.000   LEVELS:  25  26  27  28  29  30  31  32  33  34  35  36  37  38  39

 PAIRING FACTORS: GN0= 19.20  GN1=  7.40  IPAIR= 15 ***  E2PLUS(INPUT)=   0.730  E2PLUR(INPUT)=   0.000

 CORIOLIS ATTENUATION PARAMETERS:  CHSI=1.000  ETA=  1.00

 MOMENT OF INERTIA PARAMETERS:   A1=  0.122 MEV   A2=  0.122 MEV   A3=121.91924 MEV


 DELTA=0.898 MEV  LAMBDA=53.3730 MEV   HW0= 7.5222 MEV   LAMBDA/HW0= 7.0954

 E2ENERGY=0.730 MEV  HBAR**2/B=22584./A**(7/3)=3817.8/A**2 MEV

 IREC=0  =>  RECOIL TERMS j+j-, j+j+, jzjz, ETC TREATED AS ONE-BODY OPERATORS WITH UU+VV PAIRING FACTORS



 S. P. LEVEL   EQP       U     V        (UU + VV)**1.00

     25       4.228    0.107 0.994      1.000 0.999 0.997 0.993 0.965 0.956 0.936 0.805 0.641 0.590 0.308 0.308 0.272 0.256 0.229
     26       3.067    0.148 0.989      0.999 1.000 0.999 0.997 0.975 0.968 0.950 0.829 0.672 0.623 0.348 0.348 0.312 0.296 0.269
     27       2.508    0.182 0.983      0.997 0.999 1.000 0.999 0.982 0.976 0.960 0.848 0.697 0.650 0.380 0.380 0.344 0.329 0.302
     28       2.069    0.223 0.975      0.993 0.997 0.999 1.000 0.989 0.984 0.971 0.869 0.726 0.681 0.418 0.418 0.383 0.368 0.341
     29       1.328    0.363 0.932      0.965 0.975 0.982 0.989 1.000 0.999 0.995 0.932 0.819 0.780 0.546 0.546 0.514 0.500 0.475
     30       1.244    0.393 0.920      0.956 0.968 0.976 0.984 0.999 1.000 0.998 0.943 0.837 0.800 0.573 0.573 0.541 0.527 0.503
     31       1.117    0.450 0.893      0.936 0.950 0.960 0.971 0.995 0.998 1.000 0.962 0.870 0.837 0.624 0.624 0.594 0.580 0.557
     32       0.901    0.676 0.737      0.805 0.829 0.848 0.869 0.932 0.943 0.962 1.000 0.971 0.954 0.813 0.813 0.790 0.780 0.762
     33       0.972    0.832 0.555      0.641 0.672 0.697 0.726 0.819 0.837 0.870 0.971 1.000 0.998 0.928 0.928 0.913 0.906 0.894
     34       1.037    0.866 0.500      0.590 0.623 0.650 0.681 0.780 0.800 0.837 0.954 0.998 1.000 0.950 0.950 0.937 0.932 0.921
     35       2.239    0.979 0.205      0.308 0.348 0.380 0.418 0.546 0.573 0.624 0.813 0.928 0.950 1.000 1.000 0.999 0.999 0.997
     36       2.239    0.979 0.205      0.308 0.348 0.380 0.418 0.546 0.573 0.624 0.813 0.928 0.950 1.000 1.000 0.999 0.999 0.997
     37       2.720    0.986 0.167      0.272 0.312 0.344 0.383 0.514 0.541 0.594 0.790 0.913 0.937 0.999 0.999 1.000 1.000 0.999
     38       3.002    0.988 0.151      0.256 0.296 0.329 0.368 0.500 0.527 0.580 0.780 0.906 0.932 0.999 0.999 1.000 1.000 1.000
     39       3.662    0.992 0.124      0.229 0.269 0.302 0.341 0.475 0.503 0.557 0.762 0.894 0.921 0.997 0.997 0.999 1.000 1.000

  R CORE   ENERGY   A0R/A00=1.000    R3= 0     2  
   2( 1)    0.732                    1.000 0.000
   2( 2)  487.921                    0.000 1.000

  R CORE   ENERGY   A0R/A00=1.000    R3= 0     2  
   3( 1)  488.652                    0.000 1.000

  R CORE   ENERGY   A0R/A00=1.000    R3= 0     2     4  
   4( 1)    2.438                    1.000 0.000 0.000

  R CORE   ENERGY   A0R/A00=1.000    R3= 0     2     4  
   5( 1)  490.847                    0.000 1.000 0.000

  R CORE   ENERGY   A0R/A00=1.000    R3= 0     2     4     6  
   6( 1)    5.121                    1.000 0.000 0.000 0.000

  R CORE   ENERGY   A0R/A00=1.000    R3= 0     2     4     6  
   7( 1)  494.017                    0.000 1.000 0.000 0.000

          AXIAL SYMMETRY => K RESTRICTED TO OMEGA

                     K
     S.P. ORB#: 25  0.50
     S.P. ORB#: 26  2.50
     S.P. ORB#: 27 -3.50
     S.P. ORB#: 28  0.50
     S.P. ORB#: 29 -1.50
     S.P. ORB#: 30  0.50
     S.P. ORB#: 31 -1.50
     S.P. ORB#: 32 -3.50
     S.P. ORB#: 33  2.50
     S.P. ORB#: 34  4.50
     S.P. ORB#: 35  0.50
     S.P. ORB#: 36 -3.50
     S.P. ORB#: 37 -1.50
     S.P. ORB#: 38  2.50
     S.P. ORB#: 39  0.50
 

             ENERGY    K= OMEGA
 
 I=  1/2- (1)  2.497  30: 0.998
 
 I=  1/2- (2)  4.011  25:-0.075
                      39:-0.997
 
 I=  1/2- (3)  5.614  28: 0.327
                      35:-0.945
 
 I=  1/2- (4)  5.840  25: 0.996
                      39:-0.073
 
 I=  1/2- (5)  8.802  28: 0.945
                      35: 0.327

             ENERGY    K= OMEGA
 
 I=  3/2- (1)  2.367  25: 0.097
                      30:-0.169
                      31: 0.978
                      37: 0.055
                      39:-0.058
 
 I=  3/2- (2)  2.515  25:-0.188
                      30:-0.918
                      31:-0.116
                      37:-0.307
                      39: 0.118

             ENERGY    K= OMEGA
 
 I=  5/2- (1)  2.462  25:-0.254
                      30: 0.463
                      31: 0.793
                      37:-0.103
                      38:-0.246
                      39: 0.143
 
 I=  5/2- (2)  3.367  26: 0.062
                      30:-0.699
                      31: 0.446
                      37: 0.535
                      38:-0.141
 
 I=  5/2- (3)  3.695  25:-0.097
                      30: 0.235
                      31: 0.128
                      37: 0.427
                      38: 0.849
                      39: 0.117
 
 I=  5/2- (4)  4.345  26: 0.090
                      30: 0.421
                      31:-0.327
                      37: 0.695
                      38:-0.445
                      39: 0.164
 
 I=  5/2- (5)  4.834  25: 0.114
                      26:-0.651
                      30:-0.101
                      39: 0.742

             ENERGY    K= OMEGA
 
 I=  7/2- (1)  1.723  26:-0.183
                      32: 0.981
 
 I=  7/2- (2)  3.309  25:-0.223
                      31:-0.881
                      38:-0.395
                      39: 0.118
 
 I=  7/2- (3)  3.424  25:-0.237
                      30:-0.862
                      37:-0.402
                      38: 0.129
                      39: 0.143
 
 I=  7/2- (4)  3.681  28:-0.692
                      29:-0.585
                      33:-0.389
                      36:-0.170
 
 I=  7/2- (5)  4.357  26: 0.209
                      27: 0.916
                      30: 0.125
                      31:-0.136
                      37:-0.133
                      38: 0.257

             ENERGY    K= OMEGA
 
 I=  9/2- (1)  1.946  26:-0.079
                      27: 0.178
                      32:-0.276
                      34:-0.941
 
 I=  9/2- (2)  2.710  26: 0.250
                      27: 0.092
                      31: 0.054
                      32: 0.921
                      34:-0.274
                      38:-0.050
 
 I=  9/2- (3)  3.471  25:-0.361
                      30: 0.497
                      31: 0.700
                      32:-0.070
                      37:-0.155
                      38:-0.266
                      39: 0.179
 
 I=  9/2- (4)  4.656  28:-0.219
                      29: 0.557
                      33:-0.673
                      36: 0.433
 
 I=  9/2- (5)  5.209  26: 0.104
                      30:-0.587
                      31: 0.479
                      32:-0.057
                      37: 0.612
                      38:-0.179

             ENERGY    K= OMEGA
 
 I= 11/2- (1)  3.056  26: 0.133
                      27: 0.242
                      32:-0.373
                      34: 0.886
 
 I= 11/2- (2)  3.057  28:-0.666
                      29:-0.580
                      33:-0.413
                      35:-0.059
                      36:-0.215
 
 I= 11/2- (3)  3.930  26: 0.291
                      27:-0.136
                      31:-0.067
                      32:-0.865
                      34:-0.372
                      38:-0.065
 
 I= 11/2- (4)  5.130  25:-0.378
                      30:-0.417
                      31:-0.721
                      32: 0.093
                      37:-0.148
                      38:-0.308
                      39: 0.194
 
 I= 11/2- (5)  5.296  25:-0.112
                      30:-0.714
                      31: 0.422
                      37:-0.407
                      38: 0.353
                      39: 0.076

             ENERGY    K= OMEGA
 
 I= 13/2- (1)  4.386  26:-0.180
                      27: 0.283
                      32:-0.434
                      34:-0.836
 
 I= 13/2- (2)  5.107  28: 0.217
                      29:-0.549
                      33: 0.670
                      36:-0.450
 
 I= 13/2- (3)  5.291  25:-0.327
                      26: 0.208
                      27: 0.125
                      30: 0.377
                      31: 0.523
                      32: 0.501
                      34:-0.283
                      37:-0.108
                      38:-0.230
                      39: 0.150
 
 I= 13/2- (4)  5.459  25: 0.274
                      26: 0.242
                      27: 0.125
                      30:-0.336
                      31:-0.399
                      32: 0.650
                      34:-0.332
                      37: 0.127
                      38: 0.121
                      39:-0.125
 
 I= 13/2- (5)  8.020  26:-0.125
                      27: 0.092
                      30: 0.484
                      31:-0.468
                      32: 0.098
                      37:-0.701
                      38: 0.066
                      39:-0.127

             ENERGY     K= 1/2
  32 LEVELS    TIME=  0.0 SEC



 ******************* EXCITATION ENERGIES, DOMINANT CONFIGURATION AND EXPECTATION VALUES (WITH S.P. UU+VV FACTORS) *******************

  NR  Eex(keV)  I   Kdom  NY    <Jz>  <Jx**2> <Jy**2> <Jz**2> <I.j>/|I|  <Rx**2> <Ry**2> <Rz**2> <R.j>/|R|  <HROTx> <HROTy> <HROTz>

   1    0.0   7/2-  -7/2  32   -3.29    2.31    2.31   12.04    3.31       3.05    3.05   -0.00   -1.42      0.372   0.372  -0.000
   2  223.0   9/2-   9/2  34    3.62    2.52    2.52   19.30    4.22       3.53    3.53   -0.00   -1.25      0.430   0.430  -0.000
   3  644.4   3/2-  -3/2  31   -1.42    4.78    4.78    2.17    1.45       4.94    4.94    0.00   -2.84      0.602   0.602   0.000
   4  739.5   5/2-  -3/2  31   -0.66    4.91    4.91    1.90    2.17       3.83    3.83    0.00   -1.92      0.467   0.467   0.000
   5  773.7   1/2-   1/2  30    0.50    4.86    4.86    0.25    0.30       5.10    5.10   -0.00   -3.04      0.622   0.622  -0.000
  
   6  792.5   3/2-   1/2  30    0.28    4.27    4.27    0.47    1.18       4.08    4.08   -0.00   -2.35      0.498   0.498  -0.000
   7  987.5   9/2-  -7/2  32   -2.50    2.40    2.40   12.42    2.86       6.74    6.74    0.00   -0.81      0.821   0.821   0.000
   8 1332.6  11/2-   9/2  34    2.88    2.72    2.72   18.42    3.67       7.86    7.86   -0.00   -0.48      0.958   0.958  -0.000
   9 1334.2  11/2-   1/2  28   -0.01   23.92   23.92    2.50    6.23       5.81    5.81   -0.00   -3.85      0.708   0.708  -0.000
  10 1586.0   7/2-  -3/2  31   -0.75    4.41    4.41    2.77    1.68       6.99    6.99    0.00   -1.31      0.852   0.852   0.000
  
  11 1644.0   5/2-   1/2  30   -0.42    3.73    3.73    1.36    0.64       6.88    6.88    0.00   -1.86      0.839   0.839   0.000
  12 1700.7   7/2-   1/2  30    0.21    4.04    4.04    0.69    1.34       6.94    6.94    0.00   -0.93      0.846   0.846   0.000
  13 1747.7   9/2-  -3/2  31   -0.41    5.05    5.05    1.77    2.31       6.83    6.83    0.00   -0.11      0.833   0.833   0.000
  14 1958.3   7/2-   1/2  28    0.00   23.57   23.57    2.19    6.10       8.31    8.31   -0.00   -6.16      1.013   1.013  -0.000
  15 1972.2   5/2-   5/2  38    1.55    2.07    2.07    4.99    1.84       3.49    3.49    0.00   -1.39      0.426   0.426   0.000
  
  16 2207.1  11/2-  -7/2  32   -1.85    2.49    2.49   12.77    2.56      11.42   11.42    0.00   -0.51      1.392   1.392   0.000
  17 2287.9   1/2-   1/2  39    0.50    1.55    1.55    0.25    0.72       1.43    1.43    0.00   -1.61      0.174   0.174   0.000
  18 2622.1   5/2-  -3/2  37   -0.27    2.88    2.88    2.67    0.17       8.09    8.09    0.00   -1.97      0.987   0.987   0.000
  19 2633.6   7/2-  -7/2  27   -2.71    5.76    5.76   11.04    2.93       7.52    7.52    0.00   -2.82      0.917   0.917   0.000
  20 2662.6  13/2-   9/2  34    2.29    2.90    2.90   17.64    3.30      13.08   13.08   -0.00   -0.08      1.595   1.595  -0.000
  
  21 2933.4   9/2-   5/2  33    0.04   24.31   24.31    5.85    5.26      13.46   13.46    0.00   -5.46      1.641   1.641   0.000
  22 3111.5   5/2-   1/2  39    1.34    3.48    3.48    2.80    1.13       5.93    5.93    0.00   -1.87      0.723   0.723   0.000
  23 3384.2  13/2-   5/2  33   -0.02   24.30   24.30    5.97    5.22      15.25   15.25    0.00   -3.29      1.859   1.859   0.000
  24 3407.2  11/2-  -3/2  31   -0.42    4.35    4.35    2.02    1.66      13.28   13.28    0.00   -0.15      1.619   1.619   0.000
  25 3485.9   9/2-  -3/2  37   -0.65    3.34    3.34    1.78    0.57      13.76   13.76    0.00   -1.07      1.678   1.678   0.000
  
  26 3567.9  13/2-  -3/2  31   -0.63    4.15    4.15    6.20    2.41      14.77   14.77    0.00    0.43      1.801   1.801   0.000
  27 3572.6  11/2-   1/2  30    0.06    3.95    3.95    1.73    1.36      14.58   14.58    0.00   -0.28      1.778   1.778   0.000
  28 3736.5  13/2-  -7/2  32   -1.02    3.63    3.63    8.50    2.29      16.26   16.26    0.00    0.04      1.983   1.983   0.000
  29 3891.4   1/2-   1/2  35    0.50   12.30   12.30    0.25   -1.29      13.92   13.92    0.00   -4.92      1.697   1.697   0.000
  30 4116.7   1/2-   1/2  25    0.50    6.72    6.72    0.25    0.65       6.65    6.65    0.00   -3.60      0.811   0.811   0.000
  
  31 6297.3  13/2-  -3/2  37   -0.95    2.95    2.95    2.02    0.54      24.59   24.59    0.00   -0.60      2.997   2.997   0.000
  32 7078.9   1/2-   1/2  28    0.50   23.99   23.99    0.25   -3.52      27.54   27.54    0.00   -6.91      3.357   3.357   0.000
