1SPECTRUM OF (Z= 82 A=207) IN PARTICLE-ROTOR  MODEL WITH MODIFIED OSCILLATOR POTENTIAL


 PARITY=-   EPS= 0.367   GAMMA=  0.0   EPS4=0.000   EPS6=0.000   LEVELS:  26  27  28  29  30  31  32  33  34  35  36  37  38  39  40

 PAIRING FACTORS: GN0= 19.20  GN1=  7.40  IPAIR= 15 ***  E2PLUS(INPUT)=   0.730  E2PLUR(INPUT)=   0.000

 CORIOLIS ATTENUATION PARAMETERS:  CHSI=1.000  ETA=  1.00

 MOMENT OF INERTIA PARAMETERS:   A1=  0.122 MEV   A2=  0.122 MEV   A3=121.91925 MEV


 DELTA=0.878 MEV  LAMBDA=53.4219 MEV   HW0= 7.5349 MEV   LAMBDA/HW0= 7.0899

 E2ENERGY=0.730 MEV  HBAR**2/B=24974./A**(7/3)=4221.8/A**2 MEV

 IREC=0  =>  RECOIL TERMS j+j-, j+j+, jzjz, ETC TREATED AS ONE-BODY OPERATORS WITH UU+VV PAIRING FACTORS



 S. P. LEVEL   EQP       U     V        (UU + VV)**1.00

     26       2.953    0.150 0.989      1.000 1.000 0.999 0.990 0.962 0.939 0.761 0.740 0.543 0.387 0.357 0.297 0.284 0.264 0.261
     27       2.472    0.181 0.984      1.000 1.000 1.000 0.994 0.969 0.949 0.781 0.760 0.568 0.415 0.386 0.326 0.313 0.293 0.291
     28       2.393    0.187 0.982      0.999 1.000 1.000 0.995 0.971 0.951 0.784 0.764 0.573 0.421 0.391 0.332 0.319 0.299 0.297
     29       1.596    0.287 0.958      0.990 0.994 0.995 1.000 0.990 0.978 0.844 0.827 0.655 0.512 0.484 0.428 0.415 0.396 0.394
     30       1.160    0.416 0.909      0.962 0.969 0.971 0.990 1.000 0.997 0.910 0.896 0.752 0.626 0.600 0.548 0.536 0.519 0.516
     31       1.042    0.480 0.877      0.939 0.949 0.951 0.978 0.997 1.000 0.937 0.926 0.798 0.680 0.656 0.607 0.596 0.579 0.577
     32       0.887    0.756 0.655      0.761 0.781 0.784 0.844 0.910 0.937 1.000 0.999 0.958 0.893 0.878 0.845 0.838 0.827 0.825
     33       0.897    0.776 0.631      0.740 0.760 0.764 0.827 0.896 0.926 0.999 1.000 0.966 0.907 0.892 0.862 0.855 0.844 0.842
     34       1.173    0.912 0.410      0.543 0.568 0.573 0.655 0.752 0.798 0.958 0.966 1.000 0.985 0.978 0.963 0.960 0.953 0.953
     35       1.853    0.970 0.244      0.387 0.415 0.421 0.512 0.626 0.680 0.893 0.907 0.985 1.000 0.999 0.995 0.994 0.992 0.991
     36       2.112    0.977 0.213      0.357 0.386 0.391 0.484 0.600 0.656 0.878 0.892 0.978 0.999 1.000 0.998 0.997 0.995 0.995
     37       2.957    0.989 0.150      0.297 0.326 0.332 0.428 0.548 0.607 0.845 0.862 0.963 0.995 0.998 1.000 1.000 0.999 0.999
     38       3.243    0.991 0.137      0.284 0.313 0.319 0.415 0.536 0.596 0.838 0.855 0.960 0.994 0.997 1.000 1.000 1.000 1.000
     39       3.806    0.993 0.116      0.264 0.293 0.299 0.396 0.519 0.579 0.827 0.844 0.953 0.992 0.995 0.999 1.000 1.000 1.000
     40       3.905    0.994 0.113      0.261 0.291 0.297 0.394 0.516 0.577 0.825 0.842 0.953 0.991 0.995 0.999 1.000 1.000 1.000

  R CORE   ENERGY   A0R/A00=1.000    R3= 0     2  
   2( 1)    0.732                    1.000 0.000
   2( 2)  487.921                    0.000 1.000

  R CORE   ENERGY   A0R/A00=1.000    R3= 0     2  
   3( 1)  488.652                    0.000 1.000

  R CORE   ENERGY   A0R/A00=1.000    R3= 0     2     4  
   4( 1)    2.438                    1.000 0.000 0.000

  R CORE   ENERGY   A0R/A00=1.000    R3= 0     2     4  
   5( 1)  490.847                    0.000 1.000 0.000

  R CORE   ENERGY   A0R/A00=1.000    R3= 0     2     4     6  
   6( 1)    5.121                    1.000 0.000 0.000 0.000

  R CORE   ENERGY   A0R/A00=1.000    R3= 0     2     4     6  
   7( 1)  494.017                    0.000 1.000 0.000 0.000

          AXIAL SYMMETRY => K RESTRICTED TO OMEGA

                     K
     S.P. ORB#: 26  2.50
     S.P. ORB#: 27  0.50
     S.P. ORB#: 28 -3.50
     S.P. ORB#: 29 -1.50
     S.P. ORB#: 30  0.50
     S.P. ORB#: 31 -1.50
     S.P. ORB#: 32  2.50
     S.P. ORB#: 33 -3.50
     S.P. ORB#: 34  4.50
     S.P. ORB#: 35  0.50
     S.P. ORB#: 36 -3.50
     S.P. ORB#: 37 -1.50
     S.P. ORB#: 38  2.50
     S.P. ORB#: 39  0.50
     S.P. ORB#: 40  0.50
 

             ENERGY    K= OMEGA
 
 I=  1/2- (1)  2.439  30:-0.999
 
 I=  1/2- (2)  4.272  40: 0.999
 
 I=  1/2- (3)  4.833  27:-0.205
                      35: 0.904
                      39:-0.375
 
 I=  1/2- (4)  7.570  27:-0.453
                      35: 0.252
                      39: 0.855
 
 I=  1/2- (5)  9.188  27: 0.868
                      35: 0.345
                      39: 0.358

             ENERGY    K= OMEGA
 
 I=  3/2- (1)  2.329  30: 0.418
                      31:-0.908
 
 I=  3/2- (2)  2.644  30:-0.860
                      31:-0.397
                      37:-0.287
                      40: 0.143
 
 I=  3/2- (3)  3.664  30: 0.267
                      31: 0.103
                      37:-0.958
 
 I=  3/2- (4)  4.659  27: 0.390
                      29: 0.103
                      35:-0.909
                      39:-0.107
 
 I=  3/2- (5)  4.969  30:-0.121
                      31:-0.085
                      40:-0.989

             ENERGY    K= OMEGA
 
 I=  5/2- (1)  2.707  30: 0.413
                      31: 0.849
                      37:-0.089
                      38:-0.268
                      40: 0.166
 
 I=  5/2- (2)  3.386  26:-0.059
                      30: 0.792
                      31:-0.403
                      37:-0.441
                      38: 0.105
 
 I=  5/2- (3)  3.951  26: 0.079
                      30: 0.229
                      31: 0.165
                      37: 0.460
                      38: 0.825
                      40: 0.148
 
 I=  5/2- (4)  4.512  26: 0.213
                      30: 0.334
                      31:-0.274
                      37: 0.718
                      38:-0.483
                      40: 0.138
 
 I=  5/2- (5)  4.754  26: 0.969
                      37:-0.209
                      38: 0.055
                      40:-0.107

             ENERGY    K= OMEGA
 
 I=  7/2- (1)  1.745  26:-0.170
                      33: 0.984
 
 I=  7/2- (2)  3.344  30: 0.536
                      31:-0.745
                      37: 0.203
                      38:-0.338
 
 I=  7/2- (3)  3.865  27: 0.658
                      29: 0.586
                      32: 0.433
                      36: 0.192
 
 I=  7/2- (4)  3.891  26:-0.064
                      30: 0.704
                      31: 0.515
                      37: 0.378
                      38: 0.192
                      40:-0.233
 
 I=  7/2- (5)  4.268  26:-0.200
                      28:-0.963
                      30:-0.061
                      31: 0.066
                      37: 0.061
                      38:-0.141

             ENERGY    K= OMEGA
 
 I=  9/2- (1)  2.094  26: 0.085
                      28:-0.167
                      33: 0.319
                      34: 0.929
 
 I=  9/2- (2)  2.771  26:-0.230
                      28:-0.095
                      33:-0.913
                      34: 0.318
 
 I=  9/2- (3)  4.138  30:-0.452
                      31:-0.751
                      33: 0.055
                      37: 0.188
                      38: 0.370
                      40:-0.234
 
 I=  9/2- (4)  4.684  27:-0.213
                      29: 0.550
                      32:-0.683
                      36: 0.431
 
 I=  9/2- (5)  5.247  26:-0.125
                      28: 0.109
                      30: 0.660
                      31:-0.458
                      33: 0.055
                      37:-0.549
                      38: 0.150

             ENERGY    K= OMEGA
 
 I= 11/2- (1)  3.220  26: 0.138
                      28: 0.227
                      33:-0.416
                      34: 0.870
 
 I= 11/2- (2)  3.261  27: 0.639
                      29: 0.583
                      32: 0.441
                      35: 0.077
                      36: 0.226
 
 I= 11/2- (3)  4.027  26:-0.267
                      28: 0.143
                      31: 0.059
                      33: 0.853
                      34: 0.414
                      38: 0.066
 
 I= 11/2- (4)  5.287  30:-0.558
                      31: 0.663
                      33:-0.066
                      37:-0.292
                      38: 0.396
 
 I= 11/2- (5)  6.078  26: 0.063
                      30:-0.630
                      31:-0.541
                      33: 0.072
                      37:-0.389
                      38:-0.259
                      40: 0.287

             ENERGY    K= OMEGA
 
 I= 13/2- (1)  4.571  26:-0.183
                      28: 0.266
                      33:-0.471
                      34:-0.821
 
 I= 13/2- (2)  5.179  27: 0.215
                      29:-0.551
                      32: 0.675
                      36:-0.441
 
 I= 13/2- (3)  5.513  26: 0.293
                      28: 0.184
                      31: 0.090
                      33: 0.802
                      34:-0.469
                      38:-0.089
 
 I= 13/2- (4)  6.513  30:-0.462
                      31:-0.695
                      33: 0.107
                      34:-0.053
                      37: 0.235
                      38: 0.394
                      40:-0.277
 
 I= 13/2- (5)  8.070  26: 0.130
                      28:-0.090
                      30:-0.586
                      31: 0.474
                      33:-0.100
                      37: 0.607
                      38:-0.161
                      40: 0.056

             ENERGY     K= 1/2
  35 LEVELS    TIME=  0.0 SEC



 ******************* EXCITATION ENERGIES, DOMINANT CONFIGURATION AND EXPECTATION VALUES (WITH S.P. UU+VV FACTORS) *******************

  NR  Eex(keV)  I   Kdom  NY    <Jz>  <Jx**2> <Jy**2> <Jz**2> <I.j>/|I|  <Rx**2> <Ry**2> <Rz**2> <R.j>/|R|  <HROTx> <HROTy> <HROTz>

   1    0.0   7/2-  -7/2  33   -3.32    2.31    2.31   12.07    3.28       3.22    3.22    0.00   -1.45      0.392   0.392   0.000
   2  348.9   9/2-   9/2  34    3.45    2.51    2.51   19.11    4.17       3.70    3.70   -0.00   -1.24      0.451   0.451  -0.000
   3  583.6   3/2-  -3/2  31   -1.15    4.88    4.88    1.90    1.30       5.18    5.18    0.00   -2.84      0.632   0.632   0.000
   4  694.3   1/2-   1/2  30    0.50    4.86    4.86    0.25    0.15       5.23    5.23   -0.00   -3.04      0.638   0.638  -0.000
   5  898.7   3/2-   1/2  30    0.02    4.41    4.41    0.73    0.68       5.33    5.33    0.00   -2.52      0.649   0.649   0.000
  
   6  962.2   5/2-  -3/2  31   -0.81    4.62    4.62    2.14    1.47       5.71    5.71    0.00   -2.08      0.696   0.696   0.000
   7 1026.4   9/2-  -7/2  33   -2.36    2.38    2.38   12.71    2.83       7.05    7.05    0.00   -0.91      0.859   0.859   0.000
   8 1475.0  11/2-   9/2  34    2.67    2.69    2.69   18.19    3.59       8.19    8.19   -0.00   -0.52      0.999   0.999  -0.000
   9 1516.2  11/2-   1/2  27    0.01   23.58   23.58    2.71    6.19       5.81    5.81   -0.00   -3.78      0.708   0.708  -0.000
  10 1598.6   7/2-  -3/2  31   -0.47    4.51    4.51    2.15    1.39       7.94    7.94    0.00   -1.42      0.968   0.968   0.000
  
  11 1640.7   5/2-   1/2  30   -0.18    4.10    4.10    1.05    0.46       7.64    7.64    0.00   -2.02      0.932   0.932   0.000
  12 1918.4   3/2-  -3/2  37   -1.36    2.12    2.12    2.11    0.80       3.50    3.50    0.00   -1.81      0.427   0.427   0.000
  13 2120.3   7/2-   1/2  27    0.04   23.14   23.14    2.50    6.06       8.22    8.22   -0.00   -6.10      1.002   1.002  -0.000
  14 2145.9   7/2-   1/2  30   -0.24    3.93    3.93    1.32    0.79       9.32    9.32    0.00   -1.40      1.137   1.137   0.000
  15 2206.3   5/2-   5/2  38    1.40    2.03    2.03    4.85    1.70       3.80    3.80    0.00   -1.41      0.463   0.463   0.000
  
  16 2282.3  11/2-  -7/2  33   -1.66    2.46    2.46   13.13    2.51      11.87   11.87    0.00   -0.62      1.447   1.447   0.000
  17 2393.4   9/2-  -3/2  31   -0.44    4.30    4.30    2.32    1.49      10.44   10.44    0.00   -0.77      1.273   1.273   0.000
  18 2522.9   7/2-  -7/2  28   -3.11    6.09    6.09   11.76    3.10       7.56    7.56    0.00   -3.00      0.922   0.922   0.000
  19 2527.0   1/2-   1/2  40    0.50    1.62    1.62    0.25    0.69       1.52    1.52   -0.00   -1.66      0.185   0.185  -0.000
  20 2767.4   5/2-  -3/2  37   -0.12    2.73    2.73    3.11    0.41       7.44    7.44    0.00   -1.91      0.908   0.908   0.000
  
  21 2826.0  13/2-   9/2  34    2.09    2.85    2.85   17.43    3.20      13.59   13.59    0.00   -0.15      1.657   1.657   0.000
  22 2913.5   3/2-   1/2  35    0.48   12.79   12.79    0.27    1.94      11.04   11.04   -0.00   -4.70      1.346   1.346  -0.000
  23 2939.0   9/2-   5/2  32    0.09   24.02   24.02    5.88    5.20      13.46   13.46   -0.00   -5.40      1.641   1.641  -0.000
  24 3009.3   5/2-   5/2  26    2.30    5.80    5.80    5.99    1.97       7.36    7.36    0.00   -3.07      0.897   0.897   0.000
  25 3088.3   1/2-   1/2  35    0.50   11.22   11.22    0.25    0.85      10.99   10.99    0.00   -4.69      1.340   1.340   0.000
  
  26 3223.6   3/2-   1/2  40    0.49    1.74    1.74    0.26   -0.44       4.61    4.61    0.00   -1.52      0.562   0.562   0.000
  27 3434.2  13/2-   5/2  32    0.03   24.02   24.02    5.92    5.14      15.44   15.44   -0.00   -3.25      1.882   1.882  -0.000
  28 3502.2   9/2-   1/2  30   -0.50    3.69    3.69    1.69    0.53      14.28   14.28    0.00   -1.21      1.741   1.741   0.000
  29 3541.6  11/2-  -3/2  31   -0.25    4.26    4.26    2.33    1.36      15.17   15.17    0.00   -0.49      1.849   1.849   0.000
  30 3768.3  13/2-  -7/2  33   -1.15    2.56    2.56   13.35    2.28      17.66   17.66    0.00   -0.42      2.153   2.153   0.000
  
  31 4333.1  11/2-   1/2  30   -0.27    3.69    3.69    1.63    0.79      17.67   17.67    0.00   -0.72      2.155   2.155   0.000
  32 4767.9  13/2-  -3/2  31   -0.30    4.11    4.11    2.46    1.45      19.59   19.59    0.00   -0.09      2.389   2.389   0.000
  33 5824.9   1/2-   1/2  39    0.50   16.04   16.04    0.25   -0.61      17.07   17.07   -0.00   -5.62      2.081   2.081  -0.000
  34 6324.6  13/2-  -3/2  37   -0.67    3.41    3.41    1.92    0.49      25.32   25.32    0.00   -0.75      3.087   3.087   0.000
  35 7443.3   1/2-   1/2  27    0.50   23.74   23.74    0.25   -3.35      27.14   27.14   -0.00   -6.87      3.309   3.309  -0.000
  
