1SPECTRUM OF (Z= 82 A=207) IN PARTICLE-ROTOR  MODEL WITH MODIFIED OSCILLATOR POTENTIAL


 PARITY=-   EPS= 0.385   GAMMA=  2.0   EPS4=0.000   EPS6=0.000   LEVELS:  25  26  27  28  29  30  31  32  33  34  35  36  37  38  39

 PAIRING FACTORS: GN0= 19.20  GN1=  7.40  IPAIR= 15 ***  E2PLUS(INPUT)=   0.730  E2PLUR(INPUT)=   0.000

 CORIOLIS ATTENUATION PARAMETERS:  CHSI=1.000  ETA=  1.00

 MOMENT OF INERTIA PARAMETERS:   A1=  0.127 MEV   A2=  0.117 MEV   A3= 74.73689 MEV


 DELTA=0.858 MEV  LAMBDA=53.4611 MEV   HW0= 7.5483 MEV   LAMBDA/HW0= 7.0826

 E2ENERGY=0.730 MEV  HBAR**2/B=27360./A**(7/3)=4625.1/A**2 MEV

 IREC=0  =>  RECOIL TERMS j+j-, j+j+, jzjz, ETC TREATED AS ONE-BODY OPERATORS WITH UU+VV PAIRING FACTORS



 S. P. LEVEL   EQP       U     V        (UU + VV)**1.00

     25       3.929    0.110 0.994      1.000 0.999 0.999 0.997 0.992 0.945 0.889 0.819 0.608 0.438 0.403 0.326 0.244 0.234 0.233
     26       2.884    0.151 0.989      0.999 1.000 1.000 0.999 0.996 0.958 0.907 0.841 0.640 0.475 0.440 0.365 0.283 0.274 0.272
     27       2.831    0.153 0.988      0.999 1.000 1.000 0.999 0.997 0.959 0.908 0.843 0.642 0.477 0.443 0.368 0.286 0.276 0.275
     28       2.273    0.192 0.981      0.997 0.999 0.999 1.000 0.999 0.969 0.924 0.864 0.672 0.512 0.478 0.404 0.324 0.314 0.313
     29       1.881    0.235 0.972      0.992 0.996 0.997 0.999 1.000 0.979 0.940 0.885 0.704 0.548 0.515 0.443 0.365 0.355 0.354
     30       1.109    0.428 0.904      0.945 0.958 0.959 0.969 0.979 1.000 0.990 0.961 0.834 0.708 0.679 0.617 0.547 0.538 0.537
     31       0.932    0.552 0.834      0.889 0.907 0.908 0.924 0.940 0.990 1.000 0.991 0.904 0.801 0.777 0.723 0.661 0.653 0.652
     32       0.865    0.661 0.751      0.819 0.841 0.843 0.864 0.885 0.961 0.991 1.000 0.954 0.875 0.856 0.810 0.757 0.750 0.749
     33       0.970    0.856 0.517      0.608 0.640 0.642 0.672 0.704 0.834 0.904 0.954 1.000 0.980 0.972 0.949 0.918 0.914 0.914
     34       1.353    0.942 0.337      0.438 0.475 0.477 0.512 0.548 0.708 0.801 0.875 0.980 1.000 0.999 0.993 0.979 0.976 0.976
     35       1.500    0.954 0.300      0.403 0.440 0.443 0.478 0.515 0.679 0.777 0.856 0.972 0.999 1.000 0.997 0.986 0.984 0.984
     36       1.996    0.975 0.220      0.326 0.365 0.368 0.404 0.443 0.617 0.723 0.810 0.949 0.993 0.997 1.000 0.996 0.995 0.995
     37       3.189    0.991 0.136      0.244 0.283 0.286 0.324 0.365 0.547 0.661 0.757 0.918 0.979 0.986 0.996 1.000 1.000 1.000
     38       3.442    0.992 0.126      0.234 0.274 0.276 0.314 0.355 0.538 0.653 0.750 0.914 0.976 0.984 0.995 1.000 1.000 1.000
     39       3.474    0.992 0.125      0.233 0.272 0.275 0.313 0.354 0.537 0.652 0.749 0.914 0.976 0.984 0.995 1.000 1.000 1.000

  R CORE   ENERGY   A0R/A00=1.000    R3= 0     2  
   2( 1)    0.730                    1.000-0.000
   2( 2)  299.191                    0.000 1.000

  R CORE   ENERGY   A0R/A00=1.000    R3= 0     2  
   3( 1)  299.921                    0.000 1.000

  R CORE   ENERGY   A0R/A00=1.000    R3= 0     2     4  
   4( 1)    2.433                    1.000-0.000 0.000

  R CORE   ENERGY   A0R/A00=1.000    R3= 0     2     4  
   5( 1)  302.111                    0.000 1.000-0.000

  R CORE   ENERGY   A0R/A00=1.000    R3= 0     2     4     6  
   6( 1)    5.110                    1.000-0.000 0.000-0.000

  R CORE   ENERGY   A0R/A00=1.000    R3= 0     2     4     6  
   7( 1)  305.274                    0.000 1.000-0.000 0.000
 

             ENERGY     K= 1/2
 
 I=  1/2- (1)  3.525  27:-0.064
                      30: 0.887
                      31:-0.456
 
 I=  1/2- (2)  4.883  26: 0.264
                      35: 0.959
                      38:-0.098
 
 I=  1/2- (3)  9.216  26: 0.963
                      35:-0.261
                      38: 0.052
 
 I=  1/2- (4) 30.298  35:-0.108
                      38:-0.994
 
 I=  1/2- (5)281.686  37:-0.687
                      39: 0.724

             ENERGY     K= 1/2  -3/2
 
 I=  3/2- (1)  3.460  28:-0.003 0.056
                      30: 0.431-0.398
                      31:-0.222-0.776
 
 I=  3/2- (2)  3.854  27:-0.056-0.002
                      30: 0.775 0.221
                      31:-0.399 0.431

             ENERGY     K= 5/2   1/2  -3/2
 
 I=  5/2- (1)  4.006  27:-0.078 0.028 0.004
                      28: 0.000 0.003 0.057
                      30:-0.005-0.394-0.406
                      31: 0.002 0.203-0.792
 
 I=  5/2- (2)  4.686  27:-0.136-0.057 0.002
                      30:-0.008 0.790-0.197
                      31: 0.004-0.406-0.383
                      37:-0.001 0.001 0.051
 
 I=  5/2- (3)  5.018  27:-0.985 0.006-0.001
                      30:-0.058-0.079 0.060
                      31: 0.025 0.040 0.116
 
 I=  5/2- (4)  5.840  26:-0.010-0.312 0.032
                      29:-0.000-0.019-0.609
                      32: 0.664-0.015 0.000
                      35:-0.024-0.294 0.006
 
 I=  5/2- (5)  6.158  26:-0.004 0.142 0.011
                      29:-0.000 0.016-0.208
                      32: 0.289 0.034 0.000
                      35:-0.011 0.913 0.002
                      38:-0.003-0.133-0.002

             ENERGY     K= 5/2   1/2  -3/2  -7/2
 
 I=  7/2- (1)  2.260  27:-0.158 0.000-0.000-0.000
                      33: 0.000 0.000 0.000-0.986
                      37:-0.001-0.000-0.002 0.052
 
 I=  7/2- (2)  4.181  26:-0.007-0.648-0.031-0.000
                      29:-0.000-0.034 0.587 0.001
                      32: 0.448-0.011-0.000 0.000
                      36:-0.000 0.000-0.003 0.176
 
 I=  7/2- (3)  4.352  27: 0.159-0.001 0.000-0.001
                      28:-0.000-0.000 0.003-0.984
                      31:-0.004-0.008-0.034-0.054
 
 I=  7/2- (4)  4.662  27:-0.064 0.041-0.004-0.000
                      28: 0.000 0.005-0.049-0.051
                      30:-0.004-0.566 0.348-0.002
                      31: 0.002 0.291 0.678-0.003
 
 I=  7/2- (5)  5.411  27: 0.154 0.049 0.003 0.000
                      30: 0.009-0.677-0.284 0.001
                      31:-0.004 0.348-0.553 0.002
                      37: 0.003-0.000 0.059 0.002

             ENERGY     K= 9/2   5/2   1/2  -3/2  -7/2
 
 I=  9/2- (1)  2.434  27: 0.000 0.064-0.000-0.000 0.000
                      28:-0.000-0.000-0.000-0.000 0.172
                      33:-0.000-0.000-0.000-0.000-0.255
                      34:-0.948 0.000 0.000-0.000 0.000
 
 I=  9/2- (2)  3.300  27: 0.000 0.220-0.000-0.000-0.000
                      28:-0.000-0.000-0.000-0.001-0.064
                      33: 0.000-0.000-0.000 0.000-0.937
                      34: 0.256 0.000 0.000-0.000 0.000
 
 I=  9/2- (3)  5.008  26: 0.000 0.011 0.221-0.030-0.000
                      29: 0.000 0.000 0.012 0.572 0.002
                      32:-0.000-0.688 0.003-0.000 0.000
                      36:-0.000 0.000-0.000-0.003 0.386
 
 I=  9/2- (4)  5.499  27:-0.000-0.227 0.002 0.000-0.001
                      28: 0.000 0.000 0.000 0.006-0.949
                      31:-0.000 0.006 0.017-0.082-0.052
                      34:-0.178 0.000-0.000 0.000 0.000
 
 I=  9/2- (5)  5.759  27:-0.000 0.064-0.033-0.004-0.000
                      28: 0.000-0.000-0.004-0.054-0.114
                      30:-0.000 0.004 0.455 0.385-0.004
                      31: 0.000-0.002-0.234 0.750-0.007

             ENERGY     K= 9/2   5/2   1/2  -3/2  -7/2 -11/2
 
 I= 11/2- (1)  3.586  27:-0.000-0.107 0.000-0.000 0.000-0.000
                      28: 0.000 0.000 0.000-0.000 0.236-0.000
                      33: 0.000 0.000 0.000 0.000-0.342-0.001
                      34: 0.901-0.000-0.000-0.000 0.000 0.000
 
 I= 11/2- (2)  3.621  26: 0.000 0.007 0.634 0.031 0.000 0.000
                      29: 0.000 0.000 0.033-0.588-0.001 0.000
                      32:-0.000-0.450 0.008 0.000-0.000-0.000
                      35: 0.000 0.016-0.062 0.006-0.000 0.000
                      36:-0.000 0.000 0.000 0.003-0.209 0.000
 
 I= 11/2- (3)  4.574  27:-0.000-0.262 0.000-0.000-0.000 0.000
                      28: 0.000 0.000 0.000-0.002-0.104 0.000
                      33:-0.000 0.000 0.000 0.000-0.893 0.001
                      34:-0.343-0.001-0.000-0.000 0.000-0.000
 
 I= 11/2- (4)  5.442  25: 0.000 0.000-0.000-0.000 0.001-0.999
 
 I= 11/2- (5)  6.804  27:-0.000 0.131-0.041 0.003-0.000 0.000
                      28: 0.000-0.000-0.005 0.045-0.244 0.000
                      30:-0.000 0.008 0.578-0.317-0.008 0.000
                      31: 0.000-0.003-0.297-0.618-0.013 0.000
                      33: 0.000 0.000-0.001-0.010-0.057 0.000
                      34: 0.063 0.002 0.000-0.000 0.000-0.000
                      37:-0.000 0.005 0.000-0.062 0.003-0.000

             ENERGY     K=13/2   9/2   5/2   1/2  -3/2  -7/2 -11/2
 
 I= 13/2- (1)  4.965  27: 0.000 0.000 0.146-0.000-0.000 0.000-0.000
                      28:-0.000-0.000-0.000-0.000-0.001 0.279-0.000
                      33: 0.000-0.000-0.000-0.000 0.000-0.397-0.001
                      34: 0.000-0.860 0.000 0.000-0.000 0.000 0.000
 
 I= 13/2- (2)  5.546  26: 0.000 0.000 0.010 0.224-0.030-0.000 0.000
                      29: 0.000 0.000 0.000 0.012 0.575 0.003-0.000
                      32:-0.000-0.000-0.676 0.003-0.000 0.000-0.000
                      36: 0.000-0.000 0.000 0.000-0.003 0.400-0.000
 
 I= 13/2- (3)  6.080  27: 0.000-0.000-0.294 0.000 0.000 0.000-0.000
                      28: 0.000 0.000 0.000 0.000 0.002 0.140-0.000
                      33: 0.000-0.000 0.000 0.000-0.000 0.854-0.001
                      34: 0.000-0.398-0.001-0.000 0.000-0.000 0.000
 
 I= 13/2- (4)  7.026  25:-0.000-0.000-0.000-0.000 0.000 0.001-0.998
 
 I= 13/2- (5)  8.445  27:-0.000 0.000-0.175 0.032 0.004-0.000 0.000
                      28: 0.000-0.000 0.000 0.004 0.050-0.314 0.000
                      30:-0.000 0.000-0.010-0.442-0.352-0.011 0.000
                      31: 0.000-0.000 0.004 0.228-0.686-0.016 0.000
                      33:-0.000-0.000-0.000 0.000-0.010-0.089 0.000
                      34: 0.000-0.100-0.003-0.000-0.000 0.000-0.000
                      37:-0.000 0.001-0.007-0.001-0.055 0.005-0.000
                      39: 0.000-0.005 0.058 0.001-0.006 0.000-0.000

             ENERGY     K=13/2   9/2   5/2   1/2  -3/2  -7/2 -11/2
  32 LEVELS    TIME=  0.0 SEC



 ******************* EXCITATION ENERGIES, DOMINANT CONFIGURATION AND EXPECTATION VALUES (WITH S.P. UU+VV FACTORS) *******************

  NR  Eex(keV)  I   Kdom  NY    <Jz>  <Jx**2> <Jy**2> <Jz**2> <I.j>/|I|  <Rx**2> <Ry**2> <Rz**2> <R.j>/|R|  <HROTx> <HROTy> <HROTz>

   1    0.0   7/2-   7/2  33   -3.35    2.30    2.33   12.10    3.24       3.38    3.42    0.01   -1.49      0.428   0.399   0.409
   2  173.2   9/2-   9/2  34    3.73    2.49    2.49   19.43    4.18       3.78    3.81    0.00   -1.32      0.479   0.444   0.144
   3 1040.1   9/2-   7/2  33   -2.68    2.37    2.41   12.48    2.73       7.41    7.46    0.01   -0.96      0.938   0.871   0.394
   4 1199.8   3/2-   3/2  31   -1.03    4.89    4.99    1.78    1.26       5.19    5.31    0.02   -2.84      0.657   0.620   1.184
   5 1264.3   1/2-   1/2  30    0.49    4.91    4.94    0.26    0.10       5.31    5.35    0.02   -3.06      0.673   0.625   1.147
  
   6 1325.8  11/2-   9/2  34    3.08    2.65    2.65   18.71    3.59       8.38    8.42    0.00   -0.62      1.060   0.983   0.160
   7 1360.5  11/2-   1/2  26    0.04   23.38   22.77    2.68    6.12       5.65    5.77    0.00   -3.62      0.715   0.674   0.149
   8 1593.9   3/2-   1/2  30    0.02    4.88    4.94    0.73    0.23       6.68    6.73    0.02   -2.76      0.845   0.786   1.167
   9 1746.1   5/2-   3/2  31   -1.08    4.90    5.01    1.88    0.96       7.36    7.51    0.02   -2.32      0.931   0.877   1.189
  10 1920.8   7/2-   1/2  26    0.09   22.85   22.30    2.52    5.97       8.08    7.93    0.00   -5.99      1.023   0.926   0.129
  
  11 2092.0   7/2-   7/2  28   -3.34    6.22    6.22   12.07    3.12       7.73    7.74    0.00   -3.08      0.978   0.904   0.191
  12 2313.3  11/2-   7/2  33   -2.14    2.44    2.48   12.78    2.39      12.40   12.47    0.01   -0.69      1.570   1.456   0.382
  13 2401.7   7/2-   3/2  31   -0.67    4.91    4.99    1.49    0.90       9.94   10.09    0.02   -1.75      1.258   1.178   1.191
  14 2425.5   5/2-   1/2  30    0.16    4.89    4.95    0.75   -0.10       9.90   10.01    0.02   -2.44      1.253   1.169   1.166
  15 2622.5   1/2-   1/2  35    0.50   11.48   11.97    0.25   -0.45      12.30   12.93    0.00   -4.80      1.556   1.509   0.203
  
  16 2704.2  13/2-   9/2  34    2.55    2.80    2.81   18.07    3.19      13.89   13.96    0.00   -0.26      1.758   1.630   0.172
  17 2747.2   9/2-   5/2  32    0.20   24.13   23.38    5.54    5.11      13.52   13.43    0.00   -5.32      1.711   1.568   0.261
  18 2757.8   5/2-   5/2  27    2.42    5.94    6.14    6.14    2.03       7.36    7.57    0.01   -3.16      0.932   0.884   0.424
  19 3150.3   7/2-   1/2  30   -0.24    4.87    4.96    1.21    0.13      12.82   12.94    0.02   -2.07      1.623   1.511   1.186
  20 3182.0  11/2-  11/2  25   -5.49    2.75    2.75   30.22    5.05       5.52    5.53    0.00   -1.66      0.699   0.646   0.174
  
  21 3239.1   9/2-   7/2  28   -2.91    6.04    6.05   12.09    2.40      12.49   12.50    0.00   -2.44      1.580   1.460   0.207
  22 3286.1  13/2-   5/2  32    0.11   24.13   23.38    5.58    5.06      15.48   15.72    0.00   -3.18      1.960   1.836   0.265
  23 3498.7   9/2-   3/2  31   -0.97    4.92    5.01    1.90    0.77      14.34   14.59    0.02   -1.49      1.815   1.703   1.204
  24 3580.0   5/2-   5/2  32    0.64   22.32   21.78    3.64    3.78      17.21   16.93    0.00   -6.26      2.179   1.977   0.184
  25 3819.6  13/2-   7/2  33   -1.71    2.52    2.57   13.02    2.15      18.37   18.45    0.00   -0.51      2.325   2.154   0.372
  
  26 3898.0   5/2-   1/2  35    0.58   13.29   13.70    0.84    0.18      17.17   18.34    0.00   -4.58      2.173   2.141   0.319
  27 4543.2  11/2-   3/2  31   -0.68    4.98    5.04    2.18    0.90      18.47   18.67    0.02   -1.12      2.337   2.180   1.143
  28 4765.7  13/2-  11/2  25   -5.48    2.75    2.76   30.19    4.32      12.04   12.06    0.00   -1.13      1.525   1.408   0.174
  29 6184.5  13/2-   3/2  31   -1.02    4.99    5.07    3.15    0.82      25.07   25.39    0.01   -1.05      3.173   2.964   1.102
  30 6955.2   1/2-   1/2  26    0.50   22.66   22.41    0.25   -3.34      26.04   25.82    0.00   -6.70      3.296   3.015   0.116
  
  3128037.5   1/2-   1/2  38    0.35   20.51   11.94    0.40    0.59      20.61   11.66    0.31   -5.67      2.609   1.362  22.909
  32*******   1/2-   1/2  39    1.01    2.47    1.15    4.48    1.00       2.40    1.00    3.72   -2.71      0.304   0.117 277.933
