1SPECTRUM OF (Z= 82 A=207) IN PARTICLE-ROTOR  MODEL WITH MODIFIED OSCILLATOR POTENTIAL


 PARITY=-   EPS= 0.480   GAMMA=  0.0   EPS4=0.000   EPS6=0.000   LEVELS:  25  26  27  28  29  30  31  32  33  34  35  36  37  38  39

 PAIRING FACTORS: GN0= 19.20  GN1=  7.40  IPAIR= 15 ***  E2PLUS(INPUT)=   0.730  E2PLUR(INPUT)=   0.000

 CORIOLIS ATTENUATION PARAMETERS:  CHSI=1.000  ETA=  1.00

 MOMENT OF INERTIA PARAMETERS:   A1=  0.122 MEV   A2=  0.122 MEV   A3=121.91923 MEV


 DELTA=0.848 MEV  LAMBDA=53.4465 MEV   HW0= 7.6336 MEV   LAMBDA/HW0= 7.0015

 E2ENERGY=0.730 MEV  HBAR**2/B=42721./A**(7/3)=7221.8/A**2 MEV

 IREC=0  =>  RECOIL TERMS j+j-, j+j+, jzjz, ETC TREATED AS ONE-BODY OPERATORS WITH UU+VV PAIRING FACTORS



 S. P. LEVEL   EQP       U     V        (UU + VV)**1.00

     25       4.114    0.104 0.995      1.000 1.000 0.995 0.991 0.975 0.974 0.946 0.646 0.572 0.357 0.310 0.279 0.264 0.245 0.199
     26       3.412    0.125 0.992      1.000 1.000 0.997 0.994 0.979 0.978 0.953 0.662 0.590 0.377 0.331 0.300 0.285 0.266 0.220
     27       2.167    0.200 0.980      0.995 0.997 1.000 0.999 0.992 0.991 0.973 0.717 0.649 0.446 0.401 0.371 0.356 0.338 0.293
     28       1.873    0.233 0.973      0.991 0.994 0.999 1.000 0.996 0.995 0.980 0.740 0.674 0.476 0.432 0.402 0.388 0.370 0.325
     29       1.389    0.323 0.947      0.975 0.979 0.992 0.996 1.000 1.000 0.994 0.800 0.740 0.556 0.514 0.486 0.472 0.455 0.412
     30       1.368    0.328 0.945      0.974 0.978 0.991 0.995 1.000 1.000 0.995 0.803 0.744 0.561 0.519 0.491 0.477 0.460 0.418
     31       1.110    0.421 0.907      0.946 0.953 0.973 0.980 0.994 0.995 1.000 0.859 0.808 0.641 0.603 0.576 0.563 0.547 0.507
     32       0.911    0.826 0.563      0.646 0.662 0.717 0.740 0.800 0.803 0.859 1.000 0.996 0.944 0.926 0.913 0.907 0.899 0.877
     33       1.001    0.875 0.484      0.572 0.590 0.649 0.674 0.740 0.744 0.808 0.996 1.000 0.970 0.957 0.947 0.942 0.935 0.918
     34       1.702    0.966 0.258      0.357 0.377 0.446 0.476 0.556 0.561 0.641 0.944 0.970 1.000 0.999 0.997 0.995 0.993 0.987
     35       2.062    0.978 0.210      0.310 0.331 0.401 0.432 0.514 0.519 0.603 0.926 0.957 0.999 1.000 0.999 0.999 0.998 0.993
     36       2.419    0.984 0.178      0.279 0.300 0.371 0.402 0.486 0.491 0.576 0.913 0.947 0.997 0.999 1.000 1.000 0.999 0.997
     37       2.644    0.987 0.162      0.264 0.285 0.356 0.388 0.472 0.477 0.563 0.907 0.942 0.995 0.999 1.000 1.000 1.000 0.998
     38       2.985    0.990 0.144      0.245 0.266 0.338 0.370 0.455 0.460 0.547 0.899 0.935 0.993 0.998 0.999 1.000 1.000 0.999
     39       4.422    0.995 0.096      0.199 0.220 0.293 0.325 0.412 0.418 0.507 0.877 0.918 0.987 0.993 0.997 0.998 0.999 1.000

  R CORE   ENERGY   A0R/A00=1.000    R3= 0     2  
   2( 1)    0.732                    1.000 0.000
   2( 2)  487.921                    0.000 1.000

  R CORE   ENERGY   A0R/A00=1.000    R3= 0     2  
   3( 1)  488.652                    0.000 1.000

  R CORE   ENERGY   A0R/A00=1.000    R3= 0     2     4  
   4( 1)    2.438                    1.000 0.000 0.000

  R CORE   ENERGY   A0R/A00=1.000    R3= 0     2     4  
   5( 1)  490.847                    0.000 1.000 0.000

  R CORE   ENERGY   A0R/A00=1.000    R3= 0     2     4     6  
   6( 1)    5.121                    1.000 0.000 0.000 0.000

  R CORE   ENERGY   A0R/A00=1.000    R3= 0     2     4     6  
   7( 1)  494.017                    0.000 1.000 0.000 0.000

          AXIAL SYMMETRY => K RESTRICTED TO OMEGA

                     K
     S.P. ORB#: 25  0.50
     S.P. ORB#: 26 -1.50
     S.P. ORB#: 27 -5.50
     S.P. ORB#: 28  2.50
     S.P. ORB#: 29  2.50
     S.P. ORB#: 30 -3.50
     S.P. ORB#: 31  0.50
     S.P. ORB#: 32  0.50
     S.P. ORB#: 33 -1.50
     S.P. ORB#: 34 -3.50
     S.P. ORB#: 35  0.50
     S.P. ORB#: 36 -3.50
     S.P. ORB#: 37 -1.50
     S.P. ORB#: 38  4.50
     S.P. ORB#: 39  4.50
 

             ENERGY    K= OMEGA
 
 I=  1/2- (1)  2.292  32: 0.999
 
 I=  1/2- (2)  4.330  31: 0.923
                      35:-0.384
 
 I=  1/2- (3)  5.914  25: 0.999
 
 I=  1/2- (4)  6.352  31:-0.384
                      35:-0.923
 
 I=  1/2- (5)147.304  33: 1.000

             ENERGY    K= OMEGA
 
 I=  3/2- (1)  2.331  32: 0.679
                      33:-0.734
 
 I=  3/2- (2)  2.552  25:-0.145
                      32:-0.725
                      33:-0.673

             ENERGY    K= OMEGA
 
 I=  5/2- (1)  2.769  25: 0.199
                      28:-0.077
                      32:-0.524
                      33:-0.825
 
 I=  5/2- (2)  3.495  25: 0.056
                      28: 0.235
                      32:-0.823
                      33: 0.515
 
 I=  5/2- (3)  3.698  28:-0.969
                      32:-0.158
                      33: 0.189
 
 I=  5/2- (4)  4.667  26:-0.124
                      29: 0.104
                      31: 0.825
                      35:-0.482
                      37:-0.246
 
 I=  5/2- (5)  6.364  26: 0.479
                      29:-0.842
                      35:-0.244

             ENERGY    K= OMEGA
 
 I=  7/2- (1)  3.284  28:-0.186
                      30: 0.446
                      33: 0.057
                      36: 0.873
 
 I=  7/2- (2)  3.307  28: 0.272
                      30: 0.877
                      33:-0.090
                      36:-0.383
 
 I=  7/2- (3)  3.544  30: 0.065
                      32:-0.783
                      33: 0.607
                      36:-0.104
 
 I=  7/2- (4)  3.902  25:-0.261
                      28: 0.097
                      32:-0.587
                      33:-0.755
                      36: 0.077
 
 I=  7/2- (5)  4.694  28:-0.939
                      30: 0.159
                      33:-0.133
                      36:-0.273

             ENERGY    K= OMEGA
 
 I=  9/2- (1)  3.677  28:-0.164
                      30: 0.554
                      36:-0.257
                      38:-0.774
 
 I=  9/2- (2)  4.253  25: 0.266
                      28:-0.227
                      30:-0.145
                      32:-0.463
                      33:-0.653
                      36:-0.446
                      38: 0.131
 
 I=  9/2- (3)  4.341  25:-0.170
                      28:-0.208
                      30:-0.284
                      32: 0.308
                      33: 0.390
                      36:-0.772
                      38: 0.073
 
 I=  9/2- (4)  4.734  28: 0.292
                      30:-0.731
                      32:-0.074
                      36: 0.073
                      38:-0.606
 
 I=  9/2- (5)  5.251  26: 0.394
                      29:-0.566
                      31:-0.449
                      34: 0.441
                      35: 0.209
                      37: 0.188
                      39:-0.221

             ENERGY    K= OMEGA
 
 I= 11/2- (1)  3.506  27:-0.999
 
 I= 11/2- (2)  4.730  28:-0.203
                      30:-0.579
                      36: 0.296
                      38:-0.730
 
 I= 11/2- (3)  5.205  26: 0.412
                      29: 0.545
                      31: 0.457
                      34: 0.444
                      35: 0.171
                      37: 0.182
                      39: 0.255
 
 I= 11/2- (4)  5.570  28: 0.361
                      30:-0.303
                      32: 0.159
                      33:-0.215
                      36:-0.816
                      38:-0.202
 
 I= 11/2- (5)  5.734  25: 0.100
                      30: 0.101
                      32: 0.829
                      33:-0.483
                      36: 0.241

             ENERGY    K= OMEGA
 
 I= 13/2- (1)  5.088  27:-0.998
                      38: 0.059
 
 I= 13/2- (2)  5.846  26:-0.393
                      29: 0.583
                      31: 0.218
                      34:-0.560
                      35:-0.062
                      37:-0.112
                      39: 0.358
 
 I= 13/2- (3)  6.055  27: 0.062
                      28: 0.234
                      30:-0.585
                      33: 0.059
                      36: 0.321
                      38: 0.701
 
 I= 13/2- (4)  6.657  25: 0.395
                      28:-0.112
                      30:-0.075
                      32:-0.550
                      33:-0.712
                      36:-0.079
                      38: 0.107
 
 I= 13/2- (5)  7.107  25:-0.071
                      28:-0.370
                      30:-0.325
                      32: 0.114
                      33: 0.089
                      36:-0.828
                      38: 0.216

             ENERGY     K= 9/2
  32 LEVELS    TIME=  0.0 SEC



 ******************* EXCITATION ENERGIES, DOMINANT CONFIGURATION AND EXPECTATION VALUES (WITH S.P. UU+VV FACTORS) *******************

  NR  Eex(keV)  I   Kdom  NY    <Jz>  <Jx**2> <Jy**2> <Jz**2> <I.j>/|I|  <Rx**2> <Ry**2> <Rz**2> <R.j>/|R|  <HROTx> <HROTy> <HROTz>

   1    0.0   1/2-   1/2  32    0.50    5.25    5.25    0.25    0.13       5.64    5.64   -0.00   -3.17      0.687   0.687  -0.000
   2   38.9   3/2-  -3/2  33   -0.58    5.23    5.23    1.33    1.11       5.62    5.62    0.00   -2.88      0.685   0.685   0.000
   3  260.0   3/2-   1/2  32   -0.41    5.24    5.24    1.16    0.73       6.28    6.28    0.00   -2.88      0.766   0.766   0.000
   4  477.2   5/2-  -3/2  33   -0.85    5.38    5.38    1.64    1.27       6.83    6.83    0.00   -2.34      0.832   0.832   0.000
   5  992.3   7/2-  -7/2  36   -3.28    2.99    2.99   12.00    3.11       4.50    4.50    0.00   -1.87      0.549   0.549   0.000
  
   6 1015.0   7/2-  -7/2  30   -3.03    5.91    5.91   11.70    3.14       7.18    7.18    0.00   -2.92      0.875   0.875   0.000
   7 1203.7   5/2-   1/2  32    0.08    5.31    5.31    1.11   -0.00      10.24   10.24    0.00   -2.59      1.249   1.249   0.000
   8 1214.5  11/2- -11/2  27   -5.49    2.75    2.75   30.23    5.06       5.49    5.49    0.00   -1.65      0.669   0.669   0.000
   9 1252.6   7/2-   1/2  32   -0.30    5.20    5.20    1.17    0.78      10.56   10.56    0.00   -1.84      1.287   1.287   0.000
  10 1385.4   9/2-   9/2  38    1.46    3.75    3.75   16.86    3.90       5.16    5.16    0.00   -1.55      0.629   0.629   0.000
  
  11 1405.9   5/2-   5/2  28    2.31    6.11    6.11    5.96    1.94       7.71    7.71   -0.00   -3.16      0.940   0.940  -0.000
  12 1610.4   7/2-  -3/2  33   -0.65    5.32    5.32    1.54    0.73      11.09   11.09    0.00   -1.98      1.352   1.352   0.000
  13 1960.9   9/2-  -3/2  33   -1.06    4.84    4.84    4.40    1.69      11.00   11.00    0.00   -1.21      1.341   1.341   0.000
  14 2038.1   1/2-   1/2  31    0.50   12.92   12.92    0.25    0.92      12.63   12.63   -0.00   -5.03      1.540   1.540  -0.000
  15 2048.8   9/2-  -7/2  36   -2.40    3.54    3.54    9.03    2.18       9.58    9.58    0.00   -1.20      1.168   1.168   0.000
  
  16 2374.9   5/2-   1/2  31    0.37   13.53   13.53    0.47    1.69      13.14   13.14   -0.00   -4.39      1.602   1.602  -0.000
  17 2402.4   7/2-   5/2  28    1.83    5.89    5.89    6.77    1.42      11.51   11.51   -0.00   -2.69      1.403   1.403  -0.000
  18 2438.7  11/2-   9/2  38    1.01    3.94    3.94   16.28    3.37       9.79    9.79    0.00   -0.90      1.193   1.193   0.000
  19 2441.8   9/2-  -7/2  30   -0.02    4.86    4.86   14.58    2.68      11.17   11.17    0.00   -2.31      1.362   1.362   0.000
  20 2796.5  13/2- -11/2  27   -5.46    2.75    2.75   30.20    4.33      11.97   11.97    0.00   -1.11      1.459   1.459   0.000
  
  21 2912.9  11/2-   5/2  29    0.16   20.76   20.76    6.10    4.77      13.16   13.16    0.00   -3.72      1.605   1.605   0.000
  22 2959.6   9/2-   5/2  29    0.18   20.23   20.23    5.87    4.41      13.62   13.62   -0.00   -4.68      1.661   1.661  -0.000
  23 3278.4  11/2-  -7/2  36   -2.20    3.22    3.22   11.03    2.12      13.94   13.94    0.00   -0.91      1.699   1.699   0.000
  24 3441.8  11/2-   1/2  32   -0.24    5.04    5.04    1.54    0.75      19.18   19.18    0.00   -1.15      2.338   2.338   0.000
  25 3554.2  13/2-   5/2  29    0.10   21.94   21.94    8.95    5.13      14.98   14.98    0.00   -3.11      1.826   1.826   0.000
  
  26 3622.1   1/2-   1/2  25    0.50    7.47    7.47    0.25    0.65       7.41    7.41    0.00   -3.80      0.903   0.903   0.000
  27 3763.7  13/2-   9/2  38    0.76    4.04    4.04   15.87    3.00      15.40   15.40    0.00   -0.54      1.877   1.877   0.000
  28 4060.0   1/2-   1/2  35    0.50   17.04   17.04    0.25   -0.73      18.17   18.17   -0.00   -5.80      2.215   2.215  -0.000
  29 4072.1   5/2-   5/2  29    1.45   22.32   22.32    4.96    3.67      18.33   18.33   -0.00   -6.40      2.234   2.234  -0.000
  30 4365.0  13/2-  -3/2  33   -0.49    5.65    5.65    1.71    1.40      21.13   21.13    0.00   -0.50      2.577   2.577   0.000
  
  31 4815.5  13/2-  -7/2  36   -2.22    3.16    3.16   11.51    1.91      19.97   19.97   -0.00   -0.71      2.435   2.435  -0.000
  32*******   1/2-  -3/2  33    0.00    0.00    0.00    0.00   -0.00       0.00    0.00   -0.00   -0.00      0.000   0.000  -0.000
