1SPECTRUM OF (Z= 82 A=207) IN PARTICLE-ROTOR  MODEL WITH MODIFIED OSCILLATOR POTENTIAL


 PARITY=-   EPS= 0.320   GAMMA=  0.0   EPS4=0.000   EPS6=0.000   LEVELS:  25  26  27  28  29  30  31  32  33  34  35  36  37  38  39

 PAIRING FACTORS: GN0= 19.20  GN1=  7.40  IPAIR= 15 ***  E2PLUS(INPUT)=   0.730  E2PLUR(INPUT)=   0.000

 CORIOLIS ATTENUATION PARAMETERS:  CHSI=1.000  ETA=  1.00

 MOMENT OF INERTIA PARAMETERS:   A1=  0.122 MEV   A2=  0.122 MEV   A3=121.91924 MEV


 DELTA=0.932 MEV  LAMBDA=53.3027 MEV   HW0= 7.5035 MEV   LAMBDA/HW0= 7.1037

 E2ENERGY=0.730 MEV  HBAR**2/B=18987./A**(7/3)=3209.7/A**2 MEV

 IREC=0  =>  RECOIL TERMS j+j-, j+j+, jzjz, ETC TREATED AS ONE-BODY OPERATORS WITH UU+VV PAIRING FACTORS



 S. P. LEVEL   EQP       U     V        (UU + VV)**1.00

     25       4.153    0.113 0.994      1.000 0.999 0.998 0.975 0.967 0.952 0.909 0.896 0.747 0.527 0.312 0.304 0.290 0.275 0.254
     26       3.247    0.145 0.989      0.999 1.000 1.000 0.982 0.975 0.962 0.922 0.910 0.769 0.554 0.342 0.335 0.321 0.306 0.286
     27       2.691    0.176 0.984      0.998 1.000 1.000 0.987 0.981 0.970 0.934 0.922 0.788 0.580 0.372 0.364 0.351 0.336 0.316
     28       1.495    0.331 0.944      0.975 0.982 0.987 1.000 0.999 0.996 0.979 0.972 0.876 0.703 0.515 0.508 0.495 0.482 0.463
     29       1.380    0.362 0.932      0.967 0.975 0.981 0.999 1.000 0.999 0.985 0.979 0.892 0.726 0.543 0.537 0.525 0.511 0.492
     30       1.243    0.411 0.911      0.952 0.962 0.970 0.996 0.999 1.000 0.993 0.989 0.915 0.762 0.587 0.581 0.569 0.556 0.538
     31       1.054    0.517 0.856      0.909 0.922 0.934 0.979 0.985 0.993 1.000 1.000 0.956 0.833 0.679 0.673 0.663 0.651 0.634
     32       1.023    0.543 0.840      0.896 0.910 0.922 0.972 0.979 0.989 1.000 1.000 0.965 0.850 0.702 0.696 0.685 0.674 0.658
     33       0.938    0.744 0.668      0.747 0.769 0.788 0.876 0.892 0.915 0.956 0.965 1.000 0.959 0.864 0.860 0.853 0.844 0.833
     34       1.206    0.904 0.428      0.527 0.554 0.580 0.703 0.726 0.762 0.833 0.850 0.959 1.000 0.972 0.970 0.966 0.962 0.956
     35       2.353    0.979 0.202      0.312 0.342 0.372 0.515 0.543 0.587 0.679 0.702 0.864 0.972 1.000 1.000 1.000 0.999 0.998
     36       2.445    0.981 0.194      0.304 0.335 0.364 0.508 0.537 0.581 0.673 0.696 0.860 0.970 1.000 1.000 1.000 1.000 0.999
     37       2.628    0.984 0.180      0.290 0.321 0.351 0.495 0.525 0.569 0.663 0.685 0.853 0.966 1.000 1.000 1.000 1.000 0.999
     38       2.868    0.986 0.165      0.275 0.306 0.336 0.482 0.511 0.556 0.651 0.674 0.844 0.962 0.999 1.000 1.000 1.000 1.000
     39       3.281    0.990 0.144      0.254 0.286 0.316 0.463 0.492 0.538 0.634 0.658 0.833 0.956 0.998 0.999 0.999 1.000 1.000

  R CORE   ENERGY   A0R/A00=1.000    R3= 0     2  
   2( 1)    0.732                    1.000 0.000
   2( 2)  487.921                    0.000 1.000

  R CORE   ENERGY   A0R/A00=1.000    R3= 0     2  
   3( 1)  488.652                    0.000 1.000

  R CORE   ENERGY   A0R/A00=1.000    R3= 0     2     4  
   4( 1)    2.438                    1.000 0.000 0.000

  R CORE   ENERGY   A0R/A00=1.000    R3= 0     2     4  
   5( 1)  490.847                    0.000 1.000 0.000

  R CORE   ENERGY   A0R/A00=1.000    R3= 0     2     4     6  
   6( 1)    5.121                    1.000 0.000 0.000 0.000

  R CORE   ENERGY   A0R/A00=1.000    R3= 0     2     4     6  
   7( 1)  494.017                    0.000 1.000 0.000 0.000

          AXIAL SYMMETRY => K RESTRICTED TO OMEGA

                     K
     S.P. ORB#: 25  0.50
     S.P. ORB#: 26  2.50
     S.P. ORB#: 27 -3.50
     S.P. ORB#: 28  0.50
     S.P. ORB#: 29  0.50
     S.P. ORB#: 30 -1.50
     S.P. ORB#: 31 -3.50
     S.P. ORB#: 32 -1.50
     S.P. ORB#: 33  4.50
     S.P. ORB#: 34  2.50
     S.P. ORB#: 35 -1.50
     S.P. ORB#: 36 -3.50
     S.P. ORB#: 37  2.50
     S.P. ORB#: 38  0.50
     S.P. ORB#: 39  0.50
 

             ENERGY    K= OMEGA
 
 I=  1/2- (1)  2.601  29:-0.998
 
 I=  1/2- (2)  3.616  25:-0.071
                      39:-0.997
 
 I=  1/2- (3)  5.706  25: 0.997
                      39:-0.069
 
 I=  1/2- (4)  6.091  28: 0.465
                      38:-0.885
 
 I=  1/2- (5)  8.777  28:-0.885
                      38:-0.465

             ENERGY    K= OMEGA
 
 I=  3/2- (1)  2.451  25:-0.139
                      30:-0.961
                      35:-0.217
                      39: 0.096
 
 I=  3/2- (2)  2.539  25: 0.144
                      29: 0.842
                      30:-0.173
                      35: 0.478
                      39:-0.107

             ENERGY    K= OMEGA
 
 I=  5/2- (1)  2.491  25:-0.250
                      29: 0.448
                      30: 0.752
                      35:-0.159
                      37:-0.350
                      39: 0.153
 
 I=  5/2- (2)  3.251  26: 0.066
                      29:-0.413
                      30: 0.438
                      35: 0.785
                      37: 0.108
                      39: 0.070
 
 I=  5/2- (3)  3.376  25:-0.129
                      29: 0.461
                      30: 0.073
                      35: 0.067
                      37: 0.863
                      39: 0.125
 
 I=  5/2- (4)  4.162  29:-0.562
                      30: 0.431
                      35:-0.558
                      37: 0.345
                      39:-0.258
 
 I=  5/2- (5)  4.463  25:-0.167
                      29: 0.234
                      35: 0.191
                      39:-0.937

             ENERGY    K= OMEGA
 
 I=  7/2- (1)  1.842  26:-0.200
                      27: 0.053
                      31: 0.978
 
 I=  7/2- (2)  3.300  25:-0.157
                      29: 0.152
                      30:-0.790
                      35: 0.157
                      37:-0.542
                      39: 0.081
 
 I=  7/2- (3)  3.398  28: 0.724
                      32: 0.579
                      34: 0.345
                      36: 0.143
 
 I=  7/2- (4)  3.408  25:-0.283
                      29:-0.766
                      30:-0.215
                      35:-0.498
                      37: 0.062
                      39: 0.180
 
 I=  7/2- (5)  4.338  26:-0.134
                      27:-0.372
                      29:-0.415
                      30: 0.423
                      35: 0.361
                      37:-0.602

             ENERGY    K= OMEGA
 
 I=  9/2- (1)  1.812  26:-0.070
                      27: 0.202
                      31:-0.217
                      33:-0.952
 
 I=  9/2- (2)  2.783  26: 0.275
                      27: 0.090
                      30: 0.052
                      31: 0.930
                      33:-0.213
 
 I=  9/2- (3)  3.473  25:-0.359
                      29: 0.488
                      30: 0.676
                      31:-0.065
                      35:-0.194
                      37:-0.316
                      39: 0.185
 
 I=  9/2- (4)  4.567  28: 0.233
                      32:-0.585
                      34: 0.656
                      36:-0.415
 
 I=  9/2- (5)  5.048  25:-0.097
                      26: 0.116
                      27:-0.115
                      29:-0.240
                      30: 0.419
                      35: 0.795
                      37: 0.253
                      39: 0.177

             ENERGY    K= OMEGA
 
 I= 11/2- (1)  2.707  28: 0.686
                      32: 0.579
                      34: 0.390
                      36: 0.198
                      38: 0.055
 
 I= 11/2- (2)  2.884  26:-0.119
                      27:-0.274
                      31: 0.301
                      33:-0.905
 
 I= 11/2- (3)  3.955  26: 0.322
                      27:-0.128
                      30:-0.062
                      31:-0.885
                      33:-0.298
                      37:-0.061
 
 I= 11/2- (4)  5.144  25:-0.350
                      29:-0.274
                      30:-0.757
                      31: 0.090
                      35:-0.066
                      37:-0.429
                      39: 0.180
 
 I= 11/2- (5)  5.235  25: 0.187
                      29: 0.722
                      30:-0.223
                      35: 0.507
                      37:-0.345
                      39:-0.120

             ENERGY    K= OMEGA
 
 I= 13/2- (1)  4.174  26:-0.162
                      27: 0.320
                      31:-0.358
                      33:-0.862
 
 I= 13/2- (2)  4.907  28:-0.223
                      32: 0.566
                      34:-0.660
                      36: 0.440
 
 I= 13/2- (3)  5.287  25:-0.320
                      26: 0.237
                      27: 0.118
                      29: 0.362
                      30: 0.498
                      31: 0.549
                      33:-0.231
                      35:-0.116
                      37:-0.242
                      39: 0.149
 
 I= 13/2- (4)  5.431  25:-0.285
                      26:-0.263
                      27:-0.113
                      29: 0.345
                      30: 0.406
                      31:-0.643
                      33: 0.274
                      35:-0.155
                      37:-0.152
                      39: 0.132
 
 I= 13/2- (5)  7.786  25:-0.152
                      26: 0.119
                      27:-0.129
                      29:-0.086
                      30: 0.305
                      31:-0.072
                      33:-0.062
                      35: 0.753
                      37: 0.449
                      39: 0.260

             ENERGY     K= 1/2
  32 LEVELS    TIME=  0.0 SEC



 ******************* EXCITATION ENERGIES, DOMINANT CONFIGURATION AND EXPECTATION VALUES (WITH S.P. UU+VV FACTORS) *******************

  NR  Eex(keV)  I   Kdom  NY    <Jz>  <Jx**2> <Jy**2> <Jz**2> <I.j>/|I|  <Rx**2> <Ry**2> <Rz**2> <R.j>/|R|  <HROTx> <HROTy> <HROTz>

   1    0.0   9/2-   9/2  33    3.79    2.55    2.55   19.48    4.31       3.22    3.22    0.00   -1.23      0.392   0.392   0.000
   2   30.5   7/2-  -7/2  31   -3.25    2.31    2.31   12.00    3.36       2.85    2.85   -0.00   -1.38      0.347   0.347  -0.000
   3  638.9   3/2-  -3/2  30   -1.44    4.37    4.37    2.19    1.50       4.43    4.43    0.00   -2.69      0.540   0.540   0.000
   4  679.3   5/2-  -3/2  30   -0.44    4.61    4.61    2.17    2.31       3.25    3.25    0.00   -1.79      0.396   0.396   0.000
   5  726.8   3/2-   1/2  29   -0.02    3.89    3.89    0.77    1.35       3.53    3.53    0.00   -2.23      0.430   0.430   0.000
  
   6  788.8   1/2-   1/2  29    0.50    4.74    4.74    0.25    0.32       4.97    4.97    0.00   -3.00      0.606   0.606   0.000
   7  894.9  11/2-   1/2  28   -0.02   24.75   24.75    2.30    6.38       5.63    5.63   -0.00   -4.07      0.686   0.686  -0.000
   8  971.7   9/2-  -7/2  31   -2.66    2.42    2.42   12.11    2.91       6.36    6.36   -0.00   -0.69      0.775   0.775  -0.000
   9 1072.1  11/2-   9/2  33    3.14    2.78    2.78   18.72    3.81       7.26    7.26    0.00   -0.40      0.885   0.885   0.000
  10 1439.3   5/2-  -3/2  35   -1.08    2.52    2.52    1.96    0.91       5.19    5.19    0.00   -1.34      0.632   0.632   0.000
  
  11 1488.2   7/2-  -3/2  30   -0.22    3.93    3.93    3.34    1.81       6.28    6.28    0.00   -1.13      0.766   0.766   0.000
  12 1564.1   5/2-   5/2  37    1.97    2.59    2.59    4.74    1.79       4.04    4.04    0.00   -1.63      0.493   0.493   0.000
  13 1586.3   7/2-   1/2  28   -0.01   24.31   24.31    1.88    6.20       8.51    8.51   -0.00   -6.27      1.038   1.038  -0.000
  14 1595.8   7/2-   1/2  29   -0.08    3.59    3.59    0.88    1.45       6.15    6.15    0.00   -0.66      0.750   0.750   0.000
  15 1661.5   9/2-  -3/2  30   -0.30    4.85    4.85    1.90    2.36       6.45    6.45   -0.00    0.03      0.786   0.786  -0.000
  
  16 1804.2   1/2-   1/2  39    0.50    1.50    1.50    0.25    0.72       1.37    1.37    0.00   -1.58      0.167   0.167   0.000
  17 2143.7  11/2-  -7/2  31   -2.13    2.52    2.52   12.26    2.62      10.86   10.86    0.00   -0.35      1.324   1.324   0.000
  18 2350.7   5/2-   1/2  29   -0.25    3.47    3.47    1.97   -0.10       9.13    9.13   -0.00   -2.15      1.114   1.114  -0.000
  19 2362.7  13/2-   9/2  33    2.60    2.98    2.98   18.03    3.46      12.22   12.22    0.00    0.03      1.490   1.490   0.000
  20 2526.2   7/2-   5/2  37    0.09    3.33    3.33    4.81    1.17       8.97    8.97    0.00   -1.61      1.094   1.094   0.000
  
  21 2651.1   5/2-   1/2  39    0.43    1.67    1.67    0.34    0.30       5.32    5.32    0.00   -0.85      0.648   0.648   0.000
  22 2754.9   9/2-   5/2  34   -0.01   24.82   24.82    5.59    5.41      13.10   13.10   -0.00   -5.54      1.597   1.597  -0.000
  23 3095.5  13/2-   5/2  34   -0.04   24.80   24.80    5.82    5.40      14.38   14.38   -0.00   -3.30      1.753   1.753  -0.000
  24 3236.1   9/2-  -3/2  35   -1.02    2.27    2.27    2.53    0.83      11.77   11.77    0.00   -0.60      1.435   1.435   0.000
  25 3332.7  11/2-  -3/2  30   -0.32    4.10    4.10    2.63    1.69      13.16   13.16    0.00   -0.14      1.605   1.605   0.000
  
  26 3423.4  11/2-   1/2  29    0.12    3.49    3.49    1.61    1.42      13.67   13.67    0.00   -0.02      1.667   1.667   0.000
  27 3475.7  13/2-  -7/2  31   -0.84    3.99    3.99    6.32    2.44      14.47   14.47   -0.00    0.51      1.764   1.764  -0.000
  28 3619.4  13/2-  -7/2  31   -1.10    3.69    3.69    7.80    2.35      15.52   15.52   -0.00    0.23      1.893   1.893  -0.000
  29 3894.2   1/2-   1/2  25    0.50    6.48    6.48    0.25    0.67       6.41    6.41    0.00   -3.53      0.781   0.781   0.000
  30 4279.5   1/2-   1/2  38    0.50   12.50   12.50    0.25   -1.67      14.44   14.44    0.00   -4.97      1.760   1.760   0.000
  
  31 5974.3  13/2-  -3/2  35   -0.46    2.10    2.10    3.20    0.86      22.05   22.05    0.00   -0.21      2.689   2.689   0.000
  32 6965.0   1/2-   1/2  28    0.50   25.06   25.06    0.25   -3.56      28.64   28.64    0.00   -7.06      3.492   3.492   0.000
