1SPECTRUM OF (Z= 82 A=207) IN PARTICLE-ROTOR  MODEL WITH MODIFIED OSCILLATOR POTENTIAL


 PARITY=-   EPS= 0.308   GAMMA=  0.0   EPS4=0.000   EPS6=0.000   LEVELS:  25  26  27  28  29  30  31  32  33  34  35  36  37  38  39

 PAIRING FACTORS: GN0= 19.20  GN1=  7.40  IPAIR= 15 ***  E2PLUS(INPUT)=   0.730  E2PLUR(INPUT)=   0.000

 CORIOLIS ATTENUATION PARAMETERS:  CHSI=1.000  ETA=  1.00

 MOMENT OF INERTIA PARAMETERS:   A1=  0.122 MEV   A2=  0.122 MEV   A3=121.91924 MEV


 DELTA=0.944 MEV  LAMBDA=53.2897 MEV   HW0= 7.4963 MEV   LAMBDA/HW0= 7.1088

 E2ENERGY=0.730 MEV  HBAR**2/B=17590./A**(7/3)=2973.5/A**2 MEV

 IREC=0  =>  RECOIL TERMS j+j-, j+j+, jzjz, ETC TREATED AS ONE-BODY OPERATORS WITH UU+VV PAIRING FACTORS



 S. P. LEVEL   EQP       U     V        (UU + VV)**1.00

     25       4.132    0.115 0.993      1.000 1.000 0.998 0.971 0.959 0.958 0.936 0.846 0.810 0.494 0.331 0.307 0.303 0.266 0.266
     26       3.331    0.143 0.990      1.000 1.000 1.000 0.978 0.966 0.966 0.945 0.861 0.826 0.519 0.358 0.334 0.330 0.293 0.293
     27       2.777    0.173 0.985      0.998 1.000 1.000 0.983 0.974 0.973 0.955 0.876 0.843 0.544 0.386 0.362 0.358 0.322 0.322
     28       1.445    0.349 0.937      0.971 0.978 0.983 1.000 0.999 0.999 0.993 0.949 0.926 0.687 0.547 0.525 0.521 0.488 0.488
     29       1.306    0.393 0.920      0.959 0.966 0.974 0.999 1.000 1.000 0.997 0.963 0.943 0.721 0.586 0.565 0.562 0.529 0.529
     30       1.304    0.394 0.919      0.958 0.966 0.973 0.999 1.000 1.000 0.998 0.963 0.944 0.722 0.587 0.566 0.562 0.530 0.530
     31       1.160    0.458 0.889      0.936 0.945 0.955 0.993 0.997 0.998 1.000 0.980 0.965 0.769 0.642 0.622 0.619 0.589 0.589
     32       0.967    0.627 0.779      0.846 0.861 0.876 0.949 0.963 0.963 0.980 1.000 0.998 0.882 0.783 0.767 0.764 0.739 0.739
     33       0.948    0.676 0.737      0.810 0.826 0.843 0.926 0.943 0.944 0.965 0.998 1.000 0.910 0.822 0.807 0.804 0.781 0.781
     34       1.312    0.920 0.391      0.494 0.519 0.544 0.687 0.721 0.722 0.769 0.882 0.910 1.000 0.984 0.979 0.978 0.969 0.969
     35       2.195    0.975 0.221      0.331 0.358 0.386 0.547 0.586 0.587 0.642 0.783 0.822 0.984 1.000 1.000 1.000 0.998 0.998
     36       2.465    0.981 0.195      0.307 0.334 0.362 0.525 0.565 0.566 0.622 0.767 0.807 0.979 1.000 1.000 1.000 0.999 0.999
     37       2.516    0.982 0.191      0.303 0.330 0.358 0.521 0.562 0.562 0.619 0.764 0.804 0.978 1.000 1.000 1.000 0.999 0.999
     38       3.114    0.988 0.153      0.266 0.293 0.322 0.488 0.529 0.530 0.589 0.739 0.781 0.969 0.998 0.999 0.999 1.000 1.000
     39       3.114    0.988 0.153      0.266 0.293 0.322 0.488 0.529 0.530 0.589 0.739 0.781 0.969 0.998 0.999 0.999 1.000 1.000

  R CORE   ENERGY   A0R/A00=1.000    R3= 0     2  
   2( 1)    0.732                    1.000 0.000
   2( 2)  487.921                    0.000 1.000

  R CORE   ENERGY   A0R/A00=1.000    R3= 0     2  
   3( 1)  488.652                    0.000 1.000

  R CORE   ENERGY   A0R/A00=1.000    R3= 0     2     4  
   4( 1)    2.438                    1.000 0.000 0.000

  R CORE   ENERGY   A0R/A00=1.000    R3= 0     2     4  
   5( 1)  490.847                    0.000 1.000 0.000

  R CORE   ENERGY   A0R/A00=1.000    R3= 0     2     4     6  
   6( 1)    5.121                    1.000 0.000 0.000 0.000

  R CORE   ENERGY   A0R/A00=1.000    R3= 0     2     4     6  
   7( 1)  494.017                    0.000 1.000 0.000 0.000

          AXIAL SYMMETRY => K RESTRICTED TO OMEGA

                     K
     S.P. ORB#: 25  0.50
     S.P. ORB#: 26  2.50
     S.P. ORB#: 27 -3.50
     S.P. ORB#: 28  0.50
     S.P. ORB#: 29  0.50
     S.P. ORB#: 30 -1.50
     S.P. ORB#: 31 -3.50
     S.P. ORB#: 32 -1.50
     S.P. ORB#: 33  4.50
     S.P. ORB#: 34  2.50
     S.P. ORB#: 35 -1.50
     S.P. ORB#: 36  2.50
     S.P. ORB#: 37 -3.50
     S.P. ORB#: 38  0.50
     S.P. ORB#: 39  0.50
 

             ENERGY    K= OMEGA
 
 I=  1/2- (1)  2.650  28:-0.998
                      39:-0.055
 
 I=  1/2- (2)  3.443  25:-0.069
                      28: 0.052
                      39:-0.996
 
 I=  1/2- (3)  5.658  25: 0.997
                      39:-0.067
 
 I=  1/2- (4)  6.214  29: 0.529
                      38:-0.849
 
 I=  1/2- (5)  8.881  29:-0.849
                      38:-0.529

             ENERGY    K= OMEGA
 
 I=  3/2- (1)  2.465  25:-0.174
                      28:-0.352
                      30:-0.748
                      35:-0.518
                      39: 0.134
 
 I=  3/2- (2)  2.540  28:-0.665
                      30: 0.618
                      35:-0.413
 
 I=  3/2- (3)  3.041  25:-0.169
                      28:-0.606
                      30:-0.173
                      35: 0.749
                      39: 0.118
 
 I=  3/2- (4)  4.147  25:-0.131
                      28:-0.132
                      30:-0.082
                      39:-0.979
 
 I=  3/2- (5)  4.808  29:-0.794
                      32:-0.382
                      38: 0.474

             ENERGY    K= OMEGA
 
 I=  5/2- (1)  2.492  25:-0.241
                      28: 0.432
                      30: 0.715
                      35:-0.202
                      36:-0.425
                      39: 0.154
 
 I=  5/2- (2)  3.150  25: 0.075
                      26:-0.062
                      28: 0.211
                      30:-0.461
                      35:-0.805
                      36:-0.266
                      39:-0.120
 
 I=  5/2- (3)  3.266  25: 0.132
                      28:-0.521
                      35: 0.187
                      36:-0.812
                      39:-0.117
 
 I=  5/2- (4)  4.116  28: 0.570
                      30:-0.468
                      35: 0.453
                      36:-0.290
                      39: 0.407
 
 I=  5/2- (5)  4.304  25:-0.168
                      28: 0.355
                      35: 0.256
                      36:-0.067
                      39:-0.879

             ENERGY    K= OMEGA
 
 I=  7/2- (1)  1.938  26:-0.206
                      27: 0.057
                      31: 0.976
 
 I=  7/2- (2)  3.267  25:-0.100
                      28: 0.256
                      30:-0.685
                      35: 0.279
                      36:-0.610
 
 I=  7/2- (3)  3.313  29:-0.731
                      32:-0.575
                      34:-0.339
                      37:-0.137
 
 I=  7/2- (4)  3.392  25:-0.302
                      28:-0.685
                      30:-0.369
                      35:-0.511
                      39: 0.197
 
 I=  7/2- (5)  4.281  26:-0.100
                      27:-0.229
                      28:-0.482
                      30: 0.497
                      35: 0.330
                      36:-0.591

             ENERGY    K= OMEGA
 
 I=  9/2- (1)  1.802  26:-0.067
                      27: 0.212
                      31:-0.201
                      33:-0.954
 
 I=  9/2- (2)  2.866  26:-0.282
                      27:-0.091
                      30:-0.055
                      31:-0.931
                      33: 0.195
                      36: 0.052
 
 I=  9/2- (3)  3.471  25:-0.355
                      28: 0.481
                      30: 0.661
                      31:-0.067
                      35:-0.217
                      36:-0.345
                      39: 0.188
 
 I=  9/2- (4)  4.517  29: 0.236
                      32:-0.595
                      34: 0.652
                      37:-0.406
 
 I=  9/2- (5)  4.929  25: 0.143
                      26:-0.103
                      27: 0.108
                      28: 0.085
                      30:-0.385
                      35:-0.770
                      36:-0.398
                      39:-0.221

             ENERGY    K= OMEGA
 
 I= 11/2- (1)  2.584  29: 0.688
                      32: 0.579
                      34: 0.389
                      37: 0.195
                      38: 0.053
 
 I= 11/2- (2)  2.856  26:-0.114
                      27:-0.287
                      31: 0.279
                      33:-0.909
 
 I= 11/2- (3)  4.025  26:-0.331
                      27: 0.126
                      30: 0.063
                      31: 0.889
                      33: 0.274
                      36: 0.062
 
 I= 11/2- (4)  5.136  25:-0.265
                      30:-0.761
                      31: 0.083
                      35: 0.120
                      36:-0.556
                      39: 0.130
 
 I= 11/2- (5)  5.201  25:-0.293
                      28:-0.742
                      30:-0.064
                      35:-0.535
                      36: 0.194
                      39: 0.178

             ENERGY    K= OMEGA
 
 I= 13/2- (1)  4.129  26:-0.156
                      27: 0.334
                      31:-0.333
                      33:-0.868
 
 I= 13/2- (2)  4.799  29:-0.224
                      32: 0.575
                      34:-0.657
                      37: 0.432
 
 I= 13/2- (3)  5.309  25:-0.368
                      26: 0.185
                      27: 0.091
                      28: 0.419
                      30: 0.561
                      31: 0.419
                      33:-0.154
                      35:-0.154
                      36:-0.280
                      39: 0.174
 
 I= 13/2- (4)  5.462  25:-0.216
                      26:-0.314
                      27:-0.131
                      28: 0.266
                      30: 0.295
                      31:-0.743
                      33: 0.293
                      35:-0.141
                      36:-0.110
                      39: 0.101
 
 I= 13/2- (5)  7.648  25: 0.174
                      26:-0.102
                      27: 0.110
                      30:-0.278
                      31: 0.065
                      33: 0.059
                      35:-0.724
                      36:-0.510
                      39:-0.278

             ENERGY     K= 1/2
  35 LEVELS    TIME=  0.0 SEC



 ******************* EXCITATION ENERGIES, DOMINANT CONFIGURATION AND EXPECTATION VALUES (WITH S.P. UU+VV FACTORS) *******************

  NR  Eex(keV)  I   Kdom  NY    <Jz>  <Jx**2> <Jy**2> <Jz**2> <I.j>/|I|  <Rx**2> <Ry**2> <Rz**2> <R.j>/|R|  <HROTx> <HROTy> <HROTz>

   1    0.0   9/2-   9/2  33    3.81    2.56    2.56   19.50    4.34       3.09    3.09    0.00   -1.22      0.377   0.377   0.000
   2  135.7   7/2-  -7/2  31   -3.24    2.31    2.31   11.98    3.37       2.79    2.79    0.00   -1.36      0.340   0.340   0.000
   3  662.3   3/2-  -3/2  30   -1.16    3.43    3.43    1.91    1.57       3.22    3.22    0.00   -2.26      0.393   0.393   0.000
   4  689.4   5/2-  -3/2  30   -0.24    4.36    4.36    2.44    2.38       2.91    2.91    0.00   -1.70      0.354   0.354   0.000
   5  737.7   3/2-   1/2  28   -0.61    4.28    4.28    1.36    1.39       4.15    4.15    0.00   -2.51      0.506   0.506   0.000
  
   6  781.3  11/2-   1/2  29   -0.02   25.11   25.11    2.28    6.46       5.49    5.49    0.00   -4.19      0.670   0.670   0.000
   7  848.1   1/2-   1/2  28    0.50    4.70    4.70    0.25    0.34       4.90    4.90    0.00   -2.99      0.598   0.598   0.000
   8 1053.9  11/2-   9/2  33    3.19    2.80    2.80   18.78    3.86       7.01    7.01    0.00   -0.35      0.855   0.855   0.000
   9 1064.1   9/2-  -7/2  31   -2.69    2.43    2.43   12.02    2.93       6.24    6.24    0.00   -0.65      0.761   0.761   0.000
  10 1239.0   3/2-  -3/2  35   -0.68    2.97    2.97    1.43    0.58       4.43    4.43    0.00   -2.10      0.540   0.540   0.000
  
  11 1347.4   5/2-  -3/2  35   -1.07    2.18    2.18    2.42    1.06       4.63    4.63    0.00   -1.20      0.565   0.565   0.000
  12 1464.3   5/2-   5/2  36    1.75    2.76    2.76    4.28    1.68       4.32    4.32    0.00   -1.65      0.526   0.526   0.000
  13 1465.0   7/2-  -3/2  30    0.14    3.55    3.55    3.61    1.87       5.82    5.82    0.00   -0.97      0.709   0.709   0.000
  14 1511.1   7/2-   1/2  29   -0.01   24.61   24.61    1.83    6.25       8.59    8.59    0.00   -6.33      1.047   1.047   0.000
  15 1589.8   7/2-   1/2  28   -0.29    3.45    3.45    1.08    1.49       5.97    5.97    0.00   -0.60      0.728   0.728   0.000
  
  16 1641.0   1/2-   1/2  39    0.50    1.47    1.47    0.25    0.72       1.35    1.35   -0.00   -1.57      0.164   0.164  -0.000
  17 1669.1   9/2-  -3/2  30   -0.25    4.73    4.73    2.00    2.37       6.30    6.30    0.00    0.10      0.768   0.768   0.000
  18 2222.4  11/2-  -7/2  31   -2.20    2.53    2.53   12.11    2.64      10.70   10.70    0.00   -0.30      1.304   1.304   0.000
  19 2313.3   5/2-   1/2  28   -0.18    3.52    3.52    1.60   -0.09       8.96    8.96    0.00   -2.10      1.092   1.092   0.000
  20 2326.7  13/2-   9/2  33    2.67    3.01    3.01   18.13    3.52      11.87   11.87    0.00    0.09      1.448   1.448   0.000
  
  21 2344.8   3/2-   1/2  39    0.49    1.58    1.58    0.26   -0.39       4.33    4.33   -0.00   -1.42      0.528   0.528  -0.000
  22 2478.5   7/2-   5/2  36    0.30    3.24    3.24    3.74    0.85       9.61    9.61    0.00   -1.56      1.172   1.172   0.000
  23 2502.1   5/2-   1/2  39    0.38    1.88    1.88    0.42    0.19       5.90    5.90    0.00   -1.05      0.719   0.719   0.000
  24 2714.5   9/2-   5/2  34   -0.02   25.05   25.05    5.49    5.49      12.83   12.83   -0.00   -5.58      1.564   1.564  -0.000
  25 2996.5  13/2-   5/2  34   -0.04   25.03   25.03    5.74    5.50      13.84   13.84   -0.00   -3.30      1.688   1.688  -0.000
  
  26 3005.7   3/2-   1/2  29    0.21   18.76   18.76    0.54    4.13      12.90   12.90   -0.00   -5.92      1.573   1.573  -0.000
  27 3126.3   9/2-  -3/2  35   -0.69    2.12    2.12    2.92    0.96      11.19   11.19    0.00   -0.51      1.364   1.364   0.000
  28 3334.2  11/2-  -3/2  30   -0.09    3.85    3.85    3.42    1.70      13.25   13.25    0.00   -0.18      1.616   1.616   0.000
  29 3398.5  11/2-   1/2  28   -0.01    3.40    3.40    1.10    1.44      13.19   13.19    0.00    0.14      1.608   1.608   0.000
  30 3507.1  13/2-  -3/2  30   -0.59    4.39    4.39    4.28    2.44      13.87   13.87    0.00    0.75      1.691   1.691   0.000
  
  31 3659.3  13/2-  -7/2  31   -1.42    3.22    3.22    9.67    2.38      15.79   15.79    0.00    0.09      1.925   1.925   0.000
  32 3855.5   1/2-   1/2  25    0.50    6.38    6.38    0.25    0.67       6.30    6.30    0.00   -3.50      0.768   0.768   0.000
  33 4411.7   1/2-   1/2  38    0.50   12.70   12.70    0.25   -1.83      14.79   14.79    0.00   -5.01      1.803   1.803   0.000
  34 5845.9  13/2-  -3/2  35   -0.21    2.06    2.06    3.34    0.91      21.78   21.78    0.00   -0.17      2.656   2.656   0.000
  35 7078.8   1/2-   1/2  29    0.50   25.40   25.40    0.25   -3.57      28.99   28.99    0.00   -7.11      3.534   3.534   0.000
  
