1SPECTRUM OF (Z= 82 A=207) IN PARTICLE-ROTOR  MODEL WITH MODIFIED OSCILLATOR POTENTIAL


 PARITY=-   EPS= 0.191   GAMMA=  0.0   EPS4=0.000   EPS6=0.000   LEVELS:  25  26  27  28  29  30  31  32  33  34  35  36  37  38  39

 PAIRING FACTORS: GN0= 19.20  GN1=  7.40  IPAIR= 15 ***  E2PLUS(INPUT)=   0.730  E2PLUR(INPUT)=   0.000

 CORIOLIS ATTENUATION PARAMETERS:  CHSI=1.000  ETA=  1.00

 MOMENT OF INERTIA PARAMETERS:   A1=  0.122 MEV   A2=  0.122 MEV   A3=121.91924 MEV


 DELTA=0.929 MEV  LAMBDA=53.4746 MEV   HW0= 7.4425 MEV   LAMBDA/HW0= 7.1851

 E2ENERGY=0.730 MEV  HBAR**2/B= 6764./A**(7/3)=1143.5/A**2 MEV

 IREC=0  =>  RECOIL TERMS j+j-, j+j+, jzjz, ETC TREATED AS ONE-BODY OPERATORS WITH UU+VV PAIRING FACTORS



 S. P. LEVEL   EQP       U     V        (UU + VV)**1.00

     25       4.283    0.109 0.994      1.000 1.000 1.000 0.998 0.995 0.994 0.991 0.757 0.653 0.450 0.434 0.384 0.320 0.268 0.230
     26       3.982    0.118 0.993      1.000 1.000 1.000 0.999 0.995 0.995 0.993 0.762 0.659 0.458 0.442 0.391 0.328 0.276 0.238
     27       3.767    0.124 0.992      1.000 1.000 1.000 0.999 0.996 0.995 0.993 0.767 0.664 0.464 0.448 0.398 0.335 0.282 0.245
     28       2.787    0.169 0.986      0.998 0.999 0.999 1.000 0.999 0.999 0.998 0.795 0.698 0.503 0.488 0.439 0.377 0.325 0.288
     29       2.252    0.211 0.977      0.995 0.995 0.996 0.999 1.000 1.000 1.000 0.820 0.728 0.540 0.525 0.477 0.416 0.366 0.329
     30       2.173    0.219 0.976      0.994 0.995 0.995 0.999 1.000 1.000 1.000 0.825 0.733 0.547 0.532 0.484 0.424 0.373 0.337
     31       2.012    0.238 0.971      0.991 0.993 0.993 0.998 1.000 1.000 1.000 0.836 0.746 0.563 0.548 0.501 0.441 0.391 0.355
     32       0.932    0.732 0.681      0.757 0.762 0.767 0.795 0.820 0.825 0.836 1.000 0.989 0.924 0.917 0.894 0.862 0.832 0.810
     33       0.996    0.824 0.566      0.653 0.659 0.664 0.698 0.728 0.733 0.746 0.989 1.000 0.970 0.966 0.950 0.927 0.904 0.887
     34       1.418    0.937 0.350      0.450 0.458 0.464 0.503 0.540 0.547 0.563 0.924 0.970 1.000 1.000 0.997 0.990 0.981 0.973
     35       1.479    0.943 0.333      0.434 0.442 0.448 0.488 0.525 0.532 0.548 0.917 0.966 1.000 1.000 0.998 0.992 0.984 0.976
     36       1.726    0.960 0.281      0.384 0.391 0.398 0.439 0.477 0.484 0.501 0.894 0.950 0.997 0.998 1.000 0.998 0.992 0.987
     37       2.216    0.977 0.215      0.320 0.328 0.335 0.377 0.416 0.424 0.441 0.862 0.927 0.990 0.992 0.998 1.000 0.998 0.996
     38       2.929    0.987 0.161      0.268 0.276 0.282 0.325 0.366 0.373 0.391 0.832 0.904 0.981 0.984 0.992 0.998 1.000 0.999
     39       3.834    0.993 0.122      0.230 0.238 0.245 0.288 0.329 0.337 0.355 0.810 0.887 0.973 0.976 0.987 0.996 0.999 1.000

  R CORE   ENERGY   A0R/A00=1.000    R3= 0     2  
   2( 1)    0.732                    1.000 0.000
   2( 2)  487.921                    0.000 1.000

  R CORE   ENERGY   A0R/A00=1.000    R3= 0     2  
   3( 1)  488.652                    0.000 1.000

  R CORE   ENERGY   A0R/A00=1.000    R3= 0     2     4  
   4( 1)    2.438                    1.000 0.000 0.000

  R CORE   ENERGY   A0R/A00=1.000    R3= 0     2     4  
   5( 1)  490.847                    0.000 1.000 0.000

  R CORE   ENERGY   A0R/A00=1.000    R3= 0     2     4     6  
   6( 1)    5.121                    1.000 0.000 0.000 0.000

  R CORE   ENERGY   A0R/A00=1.000    R3= 0     2     4     6  
   7( 1)  494.017                    0.000 1.000 0.000 0.000

          AXIAL SYMMETRY => K RESTRICTED TO OMEGA

                     K
     S.P. ORB#: 25  2.50
     S.P. ORB#: 26  0.50
     S.P. ORB#: 27 -3.50
     S.P. ORB#: 28 -3.50
     S.P. ORB#: 29  4.50
     S.P. ORB#: 30  0.50
     S.P. ORB#: 31 -1.50
     S.P. ORB#: 32 -1.50
     S.P. ORB#: 33  2.50
     S.P. ORB#: 34  0.50
     S.P. ORB#: 35  0.50
     S.P. ORB#: 36 -1.50
     S.P. ORB#: 37  2.50
     S.P. ORB#: 38 -3.50
     S.P. ORB#: 39  4.50
 

             ENERGY    K= OMEGA
 
 I=  1/2- (1)  1.668  26:-0.060
                      34:-0.998
 
 I=  1/2- (2)  3.209  30: 0.999
 
 I=  1/2- (3)  5.156  26: 0.998
                      34:-0.061
 
 I=  1/2- (4)  9.444  35:-1.000
 
 I=  1/2- (5)147.235  32: 1.000

             ENERGY    K= OMEGA
 
 I=  3/2- (1)  1.414  30: 0.188
                      31: 0.106
                      32: 0.972
                      34:-0.078
 
 I=  3/2- (2)  2.318  30: 0.158
                      31: 0.135
                      32:-0.123
                      34:-0.970

             ENERGY    K= OMEGA
 
 I=  5/2- (1)  1.471  26: 0.051
                      30:-0.135
                      31:-0.182
                      32: 0.419
                      33: 0.876
                      34:-0.062
 
 I=  5/2- (2)  2.035  30:-0.219
                      31: 0.167
                      32: 0.867
                      33:-0.411
 
 I=  5/2- (3)  2.343  30: 0.153
                      31: 0.196
                      33: 0.129
                      34: 0.960
 
 I=  5/2- (4)  3.304  26: 0.380
                      30:-0.452
                      31:-0.738
                      32:-0.077
                      33:-0.190
                      34: 0.256
 
 I=  5/2- (5)  4.544  26:-0.065
                      30: 0.801
                      31:-0.527
                      32: 0.253
                      33:-0.104

             ENERGY    K= OMEGA
 
 I=  7/2- (1)  2.103  30: 0.183
                      31:-0.214
                      32: 0.508
                      33:-0.813
 
 I=  7/2- (2)  2.693  25:-0.069
                      26:-0.172
                      28: 0.075
                      30:-0.345
                      31:-0.294
                      32:-0.716
                      33:-0.451
                      34: 0.195
 
 I=  7/2- (3)  3.520  25:-0.242
                      27:-0.100
                      28: 0.957
                      30: 0.057
                      31: 0.058
                      34:-0.080
 
 I=  7/2- (4)  3.876  35: 0.725
                      36: 0.574
                      37: 0.351
                      38: 0.147
 
 I=  7/2- (5)  3.911  26:-0.097
                      28: 0.087
                      30:-0.160
                      31:-0.242
                      32: 0.312
                      33: 0.211
                      34: 0.870

             ENERGY    K= OMEGA
 
 I=  9/2- (1)  2.767  26: 0.174
                      27:-0.101
                      29: 0.202
                      30:-0.297
                      31:-0.352
                      32: 0.468
                      33: 0.675
                      34:-0.169
 
 I=  9/2- (2)  3.007  25: 0.074
                      27: 0.242
                      28: 0.192
                      29:-0.920
                      30:-0.082
                      31:-0.096
                      32: 0.105
                      33: 0.143
                      34:-0.056
 
 I=  9/2- (3)  3.873  25: 0.134
                      28: 0.194
                      30: 0.197
                      31:-0.312
                      32:-0.756
                      33: 0.358
                      34:-0.319
 
 I=  9/2- (4)  3.951  26: 0.109
                      28:-0.095
                      30:-0.288
                      31:-0.148
                      32: 0.066
                      33:-0.483
                      34:-0.795
 
 I=  9/2- (5)  4.447  25:-0.303
                      27: 0.117
                      28:-0.892
                      29:-0.182
                      30: 0.099
                      31:-0.067
                      32:-0.183
                      33: 0.136

             ENERGY    K= OMEGA
 
 I= 11/2- (1)  2.655  35:-0.661
                      36:-0.565
                      37:-0.412
                      38:-0.249
                      39:-0.111
 
 I= 11/2- (2)  3.870  25:-0.135
                      27: 0.302
                      28: 0.214
                      29: 0.703
                      30:-0.155
                      31: 0.161
                      32:-0.334
                      33: 0.435
 
 I= 11/2- (3)  4.087  27:-0.160
                      28:-0.162
                      29:-0.549
                      30:-0.230
                      31: 0.233
                      32:-0.456
                      33: 0.574
 
 I= 11/2- (4)  4.678  25:-0.106
                      26:-0.285
                      28: 0.136
                      30:-0.415
                      31:-0.405
                      32:-0.544
                      33:-0.442
                      34: 0.240
 
 I= 11/2- (5)  5.553  25:-0.366
                      26: 0.091
                      27:-0.155
                      28: 0.855
                      29:-0.255
                      30: 0.118
                      31: 0.107
                      34:-0.108

             ENERGY    K= OMEGA
 
 I= 13/2- (1)  4.315  35:-0.186
                      36: 0.483
                      37:-0.602
                      38: 0.525
                      39:-0.305
 
 I= 13/2- (2)  4.772  25:-0.087
                      26: 0.277
                      27:-0.154
                      28:-0.093
                      29: 0.245
                      30:-0.381
                      31:-0.428
                      32: 0.416
                      33: 0.526
                      34:-0.210
 
 I= 13/2- (3)  5.150  25: 0.161
                      26: 0.116
                      27: 0.356
                      28: 0.302
                      29:-0.808
                      30:-0.148
                      31:-0.170
                      32: 0.104
                      33: 0.131
                      34:-0.102
 
 I= 13/2- (4)  6.512  25:-0.188
                      26:-0.126
                      27: 0.066
                      28:-0.246
                      29:-0.164
                      31: 0.322
                      32: 0.632
                      33: 0.059
                      34: 0.590
 
 I= 13/2- (5)  6.599  25: 0.205
                      26:-0.097
                      27:-0.119
                      28: 0.384
                      29: 0.084
                      30: 0.317
                      31:-0.053
                      32:-0.228
                      33: 0.634
                      34: 0.472

             ENERGY     K= 9/2
  32 LEVELS    TIME=  0.0 SEC



 ******************* EXCITATION ENERGIES, DOMINANT CONFIGURATION AND EXPECTATION VALUES (WITH S.P. UU+VV FACTORS) *******************

  NR  Eex(keV)  I   Kdom  NY    <Jz>  <Jx**2> <Jy**2> <Jz**2> <I.j>/|I|  <Rx**2> <Ry**2> <Rz**2> <R.j>/|R|  <HROTx> <HROTy> <HROTz>

   1    0.0   3/2-  -3/2  32   -1.41    1.55    1.55    2.16    1.45       1.71    1.71   -0.00   -1.33      0.208   0.208  -0.001
   2   57.7   5/2-   5/2  33    1.62    1.86    1.86    5.27    2.41       1.73    1.73    0.00   -0.99      0.211   0.211   0.001
   3  254.7   1/2-   1/2  34    0.50    1.21    1.21    0.25    0.83       0.99    0.99    0.00   -1.38      0.121   0.121   0.000
   4  621.8   5/2-  -3/2  32   -0.72    1.56    1.56    2.83    1.10       4.08    4.08   -0.00   -0.94      0.497   0.497  -0.001
   5  689.6   7/2-   5/2  33    1.21    1.96    1.96    4.85    2.02       4.23    4.23    0.00   -0.25      0.516   0.516   0.001
  
   6  904.1   3/2-   1/2  34    0.43    1.34    1.34    0.32   -0.12       3.60    3.60    0.00   -1.20      0.439   0.439   0.000
   7  929.8   5/2-   1/2  34    0.46    1.59    1.59    0.43    0.85       3.66    3.66   -0.00   -0.40      0.446   0.446  -0.000
   8 1241.8  11/2-   1/2  35    0.00   27.89   27.89    2.90    7.31       3.50    3.50    0.00   -5.66      0.427   0.427   0.000
   9 1279.8   7/2-  -3/2  32   -0.31    1.75    1.75    2.77    1.36       5.62    5.62   -0.00   -0.26      0.685   0.685  -0.001
  10 1353.0   9/2-   5/2  33    0.85    2.73    2.73    4.64    2.38       5.59    5.59    0.00    0.52      0.682   0.682   0.001
  
  11 1593.2   9/2-   9/2  29    3.51    2.66    2.66   18.51    4.33       2.78    2.78    0.00   -0.99      0.339   0.339   0.000
  12 1795.4   1/2-   1/2  30    0.50    4.08    4.08    0.25    0.39       4.24    4.24    0.00   -2.77      0.517   0.517   0.000
  13 1890.6   5/2-  -3/2  31   -0.53    3.82    3.82    1.57    1.57       4.34    4.34   -0.00   -1.55      0.529   0.529  -0.000
  14 2106.5   7/2-  -7/2  28   -3.09    2.36    2.36   11.72    3.38       2.67    2.67    0.00   -1.30      0.326   0.326   0.000
  15 2456.0  11/2-   9/2  29    2.07    2.83    2.83   13.30    3.33       7.43    7.43    0.00    0.25      0.906   0.906   0.000
  
  16 2459.3   9/2-  -3/2  32   -0.70    1.57    1.57    2.98    0.97      10.61   10.61   -0.00   -0.28      1.293   1.293  -0.001
  17 2462.4   7/2-   1/2  35    0.00   28.22   28.22    1.91    7.07       9.00    9.00    0.00   -7.14      1.097   1.097   0.000
  18 2497.2   7/2-   1/2  34    0.25    1.74    1.74    0.92   -0.01      10.13   10.13    0.00   -0.99      1.235   1.235   0.000
  19 2537.7   9/2-   1/2  34    0.88    2.07    2.07    1.85    1.02      10.28   10.28    0.00   -0.20      1.254   1.254   0.000
  20 2673.8  11/2-   5/2  33    1.64    2.41    2.41    9.41    2.48      10.19   10.19    0.00    0.13      1.242   1.242   0.001
  
  21 2901.1  13/2-   5/2  37    0.03   26.15   26.15    8.07    6.70       7.76    7.76    0.00   -3.44      0.946   0.946   0.000
  22 3033.4   9/2-  -7/2  28   -2.46    2.46    2.46   11.36    2.78       6.69    6.69    0.00   -0.67      0.816   0.816   0.000
  23 3130.1   5/2-   1/2  30   -0.16    4.12    4.12    1.00   -0.42      10.25   10.25    0.00   -2.32      1.249   1.249   0.001
  24 3264.1  11/2-  -3/2  32   -0.09    2.16    2.16    2.68    1.53      12.25   12.25   -0.00    0.43      1.494   1.494  -0.001
  25 3358.2  13/2-   5/2  33    0.47    3.49    3.49    4.26    2.53      12.30   12.30    0.00    1.30      1.500   1.500   0.001
  
  26 3736.2  13/2-   9/2  29    2.25    3.29    3.29   16.27    3.58      10.80   10.80   -0.00    0.46      1.317   1.317  -0.000
  27 3742.8   1/2-   1/2  26    0.50    4.96    4.96    0.25    0.68       4.86    4.86   -0.00   -3.07      0.593   0.593  -0.000
  28 4138.9  11/2-  -7/2  28   -2.01    2.63    2.63   11.43    2.60      10.67   10.67    0.00   -0.25      1.301   1.301   0.000
  29 5097.9  13/2-  -3/2  32   -0.58    1.79    1.79    2.81    1.03      20.37   20.37   -0.00    0.13      2.484   2.484  -0.001
  30 5185.1  13/2-   5/2  33    0.66    2.21    2.21    5.11    1.29      20.15   20.15    0.00   -0.09      2.457   2.457   0.000
  
  31 8030.2   1/2-   1/2  35    0.50   28.65   28.65    0.25   -4.06      32.66   32.66    0.00   -7.55      3.982   3.982   0.000
  32*******   1/2-  -3/2  32    0.00    0.00    0.00    0.00   -0.00       0.00    0.00    0.00   -0.00      0.000   0.000   0.000
