1SPECTRUM OF (Z= 82 A=207) IN PARTICLE-ROTOR  MODEL WITH MODIFIED OSCILLATOR POTENTIAL


 PARITY=-   EPS= 0.336   GAMMA=  0.0   EPS4=0.000   EPS6=0.000   LEVELS:  26  27  28  29  30  31  32  33  34  35  36  37  38  39  40

 PAIRING FACTORS: GN0= 19.20  GN1=  7.40  IPAIR= 15 ***  E2PLUS(INPUT)=   0.730  E2PLUR(INPUT)=   0.000

 CORIOLIS ATTENUATION PARAMETERS:  CHSI=1.000  ETA=  1.00

 MOMENT OF INERTIA PARAMETERS:   A1=  0.122 MEV   A2=  0.122 MEV   A3=121.91924 MEV


 DELTA=0.913 MEV  LAMBDA=53.3371 MEV   HW0= 7.5136 MEV   LAMBDA/HW0= 7.0988

 E2ENERGY=0.730 MEV  HBAR**2/B=20933./A**(7/3)=3538.7/A**2 MEV

 IREC=0  =>  RECOIL TERMS j+j-, j+j+, jzjz, ETC TREATED AS ONE-BODY OPERATORS WITH UU+VV PAIRING FACTORS



 S. P. LEVEL   EQP       U     V        (UU + VV)**1.00

     26       3.146    0.147 0.989      1.000 0.999 0.993 0.971 0.955 0.954 0.878 0.687 0.614 0.341 0.326 0.324 0.306 0.276 0.257
     27       2.588    0.179 0.984      0.999 1.000 0.996 0.978 0.965 0.964 0.893 0.711 0.639 0.372 0.357 0.355 0.338 0.308 0.289
     28       1.795    0.264 0.965      0.993 0.996 1.000 0.993 0.984 0.983 0.929 0.769 0.704 0.451 0.437 0.435 0.418 0.389 0.370
     29       1.303    0.379 0.925      0.971 0.978 0.993 1.000 0.998 0.998 0.967 0.841 0.785 0.556 0.543 0.541 0.525 0.498 0.480
     30       1.171    0.433 0.902      0.955 0.965 0.984 0.998 1.000 1.000 0.980 0.871 0.820 0.604 0.591 0.589 0.574 0.548 0.531
     31       1.165    0.436 0.900      0.954 0.964 0.983 0.998 1.000 1.000 0.981 0.873 0.822 0.607 0.594 0.592 0.577 0.551 0.534
     32       0.950    0.602 0.798      0.878 0.893 0.929 0.967 0.980 0.981 1.000 0.951 0.917 0.750 0.739 0.737 0.725 0.702 0.688
     33       0.972    0.819 0.573      0.687 0.711 0.769 0.841 0.871 0.873 0.951 1.000 0.995 0.917 0.911 0.910 0.902 0.888 0.879
     34       1.067    0.871 0.491      0.614 0.639 0.704 0.785 0.820 0.822 0.917 0.995 1.000 0.952 0.947 0.946 0.940 0.928 0.921
     35       2.334    0.980 0.200      0.341 0.372 0.451 0.556 0.604 0.607 0.750 0.917 0.952 1.000 1.000 1.000 0.999 0.998 0.996
     36       2.523    0.983 0.184      0.326 0.357 0.437 0.543 0.591 0.594 0.739 0.911 0.947 1.000 1.000 1.000 1.000 0.999 0.997
     37       2.556    0.983 0.182      0.324 0.355 0.435 0.541 0.589 0.592 0.737 0.910 0.946 1.000 1.000 1.000 1.000 0.999 0.998
     38       2.835    0.987 0.163      0.306 0.338 0.418 0.525 0.574 0.577 0.725 0.902 0.940 0.999 1.000 1.000 1.000 0.999 0.999
     39       3.493    0.991 0.132      0.276 0.308 0.389 0.498 0.548 0.551 0.702 0.888 0.928 0.998 0.999 0.999 0.999 1.000 1.000
     40       4.099    0.994 0.112      0.257 0.289 0.370 0.480 0.531 0.534 0.688 0.879 0.921 0.996 0.997 0.998 0.999 1.000 1.000

  R CORE   ENERGY   A0R/A00=1.000    R3= 0     2  
   2( 1)    0.732                    1.000 0.000
   2( 2)  487.921                    0.000 1.000

  R CORE   ENERGY   A0R/A00=1.000    R3= 0     2  
   3( 1)  488.652                    0.000 1.000

  R CORE   ENERGY   A0R/A00=1.000    R3= 0     2     4  
   4( 1)    2.438                    1.000 0.000 0.000

  R CORE   ENERGY   A0R/A00=1.000    R3= 0     2     4  
   5( 1)  490.847                    0.000 1.000 0.000

  R CORE   ENERGY   A0R/A00=1.000    R3= 0     2     4     6  
   6( 1)    5.121                    1.000 0.000 0.000 0.000

  R CORE   ENERGY   A0R/A00=1.000    R3= 0     2     4     6  
   7( 1)  494.017                    0.000 1.000 0.000 0.000

          AXIAL SYMMETRY => K RESTRICTED TO OMEGA

                     K
     S.P. ORB#: 26  2.50
     S.P. ORB#: 27 -3.50
     S.P. ORB#: 28  0.50
     S.P. ORB#: 29  0.50
     S.P. ORB#: 30 -1.50
     S.P. ORB#: 31 -1.50
     S.P. ORB#: 32 -3.50
     S.P. ORB#: 33  4.50
     S.P. ORB#: 34  2.50
     S.P. ORB#: 35 -3.50
     S.P. ORB#: 36  0.50
     S.P. ORB#: 37 -1.50
     S.P. ORB#: 38  2.50
     S.P. ORB#: 39  0.50
     S.P. ORB#: 40  4.50
 

             ENERGY    K= OMEGA
 
 I=  1/2- (1)  2.548  29:-0.999
 
 I=  1/2- (2)  3.846  39: 0.999
 
 I=  1/2- (3)  5.856  28: 0.382
                      36:-0.924
 
 I=  1/2- (4)  8.746  28: 0.924
                      36: 0.382
 
 I=  1/2- (5)147.468  31:-1.000

             ENERGY    K= OMEGA
 
 I=  3/2- (1)  2.427  29:-0.402
                      30: 0.915
 
 I=  3/2- (2)  2.684  29:-0.781
                      30:-0.345
                      37:-0.495
                      39: 0.160

             ENERGY    K= OMEGA
 
 I=  5/2- (1)  2.742  29:-0.402
                      30:-0.796
                      37: 0.149
                      38: 0.387
                      39:-0.180
 
 I=  5/2- (2)  3.337  26:-0.065
                      29: 0.614
                      30:-0.413
                      37:-0.668
 
 I=  5/2- (3)  3.596  29:-0.398
                      30:-0.210
                      37:-0.274
                      38:-0.828
                      39:-0.189
 
 I=  5/2- (4)  4.249  26: 0.060
                      29: 0.490
                      30:-0.369
                      37: 0.647
                      38:-0.403
                      39: 0.196
 
 I=  5/2- (5)  4.747  26:-0.147
                      29:-0.245
                      30:-0.118
                      37:-0.156
                      39: 0.938

             ENERGY    K= OMEGA
 
 I=  7/2- (1)  1.755  26:-0.192
                      32: 0.980
 
 I=  7/2- (2)  3.351  29:-0.495
                      30: 0.687
                      37:-0.282
                      38: 0.449
 
 I=  7/2- (3)  3.546  28:-0.710
                      31:-0.583
                      34:-0.364
                      35:-0.155
 
 I=  7/2- (4)  3.895  26: 0.062
                      29:-0.621
                      30:-0.502
                      37:-0.498
                      38:-0.222
                      39: 0.246
 
 I=  7/2- (5)  4.386  26:-0.196
                      27:-0.752
                      29:-0.257
                      30: 0.252
                      37: 0.245
                      38:-0.454

             ENERGY    K= OMEGA
 
 I=  9/2- (1)  1.868  26:-0.075
                      27: 0.189
                      32:-0.246
                      33:-0.948
 
 I=  9/2- (2)  2.720  26: 0.262
                      27: 0.091
                      32: 0.928
                      33:-0.244
 
 I=  9/2- (3)  4.123  29: 0.436
                      30: 0.694
                      37:-0.254
                      38:-0.451
                      39: 0.239
 
 I=  9/2- (4)  4.389  28: 0.197
                      31:-0.508
                      34: 0.638
                      35:-0.495
                      40: 0.225
 
 I=  9/2- (5)  5.160  26:-0.107
                      27: 0.064
                      29: 0.497
                      30:-0.475
                      32: 0.058
                      37:-0.700
                      38: 0.096
                      39:-0.092

             ENERGY    K= OMEGA
 
 I= 11/2- (1)  2.812  28: 0.648
                      31: 0.565
                      34: 0.418
                      35: 0.264
                      36: 0.055
                      40: 0.115
 
 I= 11/2- (2)  2.963  26:-0.127
                      27:-0.256
                      32: 0.338
                      33:-0.896
 
 I= 11/2- (3)  3.917  26:-0.306
                      27: 0.132
                      32: 0.877
                      33: 0.337
                      38: 0.058
 
 I= 11/2- (4)  5.259  29: 0.515
                      30:-0.613
                      37: 0.359
                      38:-0.474
 
 I= 11/2- (5)  5.726  28:-0.493
                      31:-0.124
                      34: 0.418
                      35: 0.623
                      40: 0.422

             ENERGY    K= OMEGA
 
 I= 13/2- (1)  4.276  26:-0.173
                      27: 0.299
                      32:-0.399
                      33:-0.849
 
 I= 13/2- (2)  4.361  28:-0.169
                      31: 0.447
                      34:-0.611
                      35: 0.551
                      40:-0.307
 
 I= 13/2- (3)  5.347  26: 0.335
                      27: 0.171
                      30: 0.070
                      32: 0.830
                      33:-0.398
                      38:-0.076
 
 I= 13/2- (4)  6.477  29:-0.449
                      30:-0.650
                      32: 0.074
                      37: 0.291
                      38: 0.452
                      39:-0.280
 
 I= 13/2- (5)  7.962  26:-0.110
                      27: 0.071
                      29: 0.418
                      30:-0.482
                      32: 0.098
                      37:-0.725
                      38: 0.068
                      39:-0.190

             ENERGY     K= 9/2
  32 LEVELS    TIME=  0.0 SEC



 ******************* EXCITATION ENERGIES, DOMINANT CONFIGURATION AND EXPECTATION VALUES (WITH S.P. UU+VV FACTORS) *******************

  NR  Eex(keV)  I   Kdom  NY    <Jz>  <Jx**2> <Jy**2> <Jz**2> <I.j>/|I|  <Rx**2> <Ry**2> <Rz**2> <R.j>/|R|  <HROTx> <HROTy> <HROTz>

   1    0.0   7/2-  -7/2  32   -3.27    2.31    2.31   12.02    3.34       2.95    2.95   -0.00   -1.40      0.359   0.359  -0.000
   2  112.9   9/2-   9/2  33    3.72    2.53    2.53   19.40    4.26       3.39    3.39    0.00   -1.25      0.414   0.414   0.000
   3  671.6   3/2-  -3/2  30   -1.18    4.75    4.75    1.93    1.31       5.05    5.05    0.00   -2.80      0.616   0.616   0.000
   4  792.4   1/2-   1/2  29    0.50    4.75    4.75    0.25    0.18       5.09    5.09    0.00   -3.00      0.620   0.620   0.000
   5  928.3   3/2-   1/2  29   -0.23    3.74    3.74    0.98    0.96       4.24    4.24    0.00   -2.27      0.517   0.517   0.000
  
   6  964.9   9/2-  -7/2  32   -2.60    2.41    2.41   12.29    2.89       6.56    6.56    0.00   -0.76      0.800   0.800   0.000
   7  987.0   5/2-  -3/2  30   -0.51    4.25    4.25    2.46    1.68       4.89    4.89    0.00   -1.92      0.597   0.597   0.000
   8 1057.2  11/2-   1/2  28   -0.02   24.23   24.23    3.04    6.42       5.23    5.23    0.00   -4.05      0.638   0.638   0.000
   9 1207.6  11/2-   9/2  33    3.03    2.74    2.74   18.58    3.73       7.60    7.60    0.00   -0.45      0.926   0.926   0.000
  10 1582.2   5/2-  -3/2  37   -0.72    3.19    3.19    1.52    0.75       6.10    6.10    0.00   -1.62      0.744   0.744   0.000
  
  11 1596.2   7/2-  -3/2  30   -0.21    4.06    4.06    2.59    1.58       6.97    6.97    0.00   -1.19      0.850   0.850   0.000
  12 1791.0   7/2-   1/2  28   -0.01   23.89   23.89    2.01    6.14       8.40    8.40    0.00   -6.20      1.024   1.024   0.000
  13 1841.0   5/2-   5/2  38    1.63    2.36    2.36    4.61    1.57       4.40    4.40   -0.00   -1.58      0.537   0.537  -0.000
  14 2090.4   1/2-   1/2  39    0.50    1.57    1.57    0.25    0.70       1.47    1.47   -0.00   -1.63      0.179   0.179  -0.000
  15 2140.1   7/2-   1/2  29   -0.40    3.41    3.41    1.58    0.87       8.61    8.61    0.00   -1.19      1.050   1.050   0.000
  
  16 2161.3  11/2-  -7/2  32   -2.00    2.49    2.49   12.55    2.59      11.16   11.16   -0.00   -0.43      1.361   1.361  -0.000
  17 2368.0   9/2-  -3/2  30   -0.20    3.95    3.95    2.61    1.59       9.70    9.70    0.00   -0.58      1.183   1.183   0.000
  18 2493.9   5/2-  -3/2  37   -0.28    3.13    3.13    2.36    0.02       8.61    8.61    0.00   -2.06      1.050   1.050   0.000
  19 2521.2  13/2-   9/2  33    2.45    2.94    2.94   17.84    3.37      12.70   12.70    0.00   -0.04      1.549   1.549   0.000
  20 2605.7  13/2-   5/2  34    0.01   24.01   24.01    8.42    6.02      10.59   10.59    0.00   -3.14      1.291   1.291   0.000
  
  21 2630.6   7/2-  -7/2  27   -1.52    4.77    4.77    8.75    2.32       7.80    7.80    0.00   -2.30      0.951   0.951   0.000
  22 2633.7   9/2-   5/2  34    0.02   24.25   24.25    7.17    5.77      11.50   11.50    0.00   -5.62      1.402   1.402   0.000
  23 2991.3   5/2-   1/2  39    0.47    1.82    1.82    0.46    0.16       5.94    5.94    0.00   -1.05      0.724   0.724   0.000
  24 3404.9   9/2-  -3/2  37   -0.92    2.95    2.95    1.90    0.62      13.19   13.19    0.00   -0.92      1.608   1.608   0.000
  25 3503.4  11/2-  -3/2  30   -0.07    3.86    3.86    2.68    1.46      14.35   14.35    0.00   -0.31      1.749   1.749   0.000
  
  26 3591.6  13/2-  -7/2  32   -1.51    2.58    2.58   12.75    2.37      16.75   16.75    0.00   -0.23      2.043   2.043   0.000
  27 3970.9  11/2-  -7/2  35   -0.02   23.08   23.08    9.55    5.28      14.14   14.14    0.00   -4.53      1.724   1.724   0.000
  28 4100.7   1/2-   1/2  36    0.50   12.35   12.35    0.25   -1.45      14.10   14.10   -0.00   -4.93      1.719   1.719  -0.000
  29 4721.4  13/2-  -3/2  30   -0.12    3.82    3.82    2.61    1.50      19.03   19.03    0.00    0.04      2.320   2.320   0.000
  30 6206.9  13/2-  -3/2  37   -1.04    2.73    2.73    2.05    0.55      24.28   24.28    0.00   -0.52      2.960   2.960   0.000
  
  31 6991.2   1/2-   1/2  28    0.50   24.50   24.50    0.25   -3.55      28.07   28.07    0.00   -6.98      3.423   3.423   0.000
  32*******   1/2-  -3/2  31    0.00    0.00    0.00    0.00    0.00       0.00    0.00   -0.00   -0.00      0.000   0.000  -0.000
