1SPECTRUM OF (Z= 82 A=207) IN PARTICLE-ROTOR  MODEL WITH MODIFIED OSCILLATOR POTENTIAL


 PARITY=-   EPS= 0.337   GAMMA=  0.0   EPS4=0.000   EPS6=0.000   LEVELS:  25  26  27  28  29  30  31  32  33  34  35  36  37  38  39

 PAIRING FACTORS: GN0= 19.20  GN1=  7.40  IPAIR= 15 ***  E2PLUS(INPUT)=   0.730  E2PLUR(INPUT)=   0.000

 CORIOLIS ATTENUATION PARAMETERS:  CHSI=1.000  ETA=  1.00

 MOMENT OF INERTIA PARAMETERS:   A1=  0.122 MEV   A2=  0.122 MEV   A3=121.91924 MEV


 DELTA=0.912 MEV  LAMBDA=53.3398 MEV   HW0= 7.5142 MEV   LAMBDA/HW0= 7.0985

 E2ENERGY=0.730 MEV  HBAR**2/B=21058./A**(7/3)=3559.8/A**2 MEV

 IREC=0  =>  RECOIL TERMS j+j-, j+j+, jzjz, ETC TREATED AS ONE-BODY OPERATORS WITH UU+VV PAIRING FACTORS



 S. P. LEVEL   EQP       U     V        (UU + VV)**1.00

     25       4.195    0.109 0.994      1.000 0.999 0.997 0.988 0.961 0.945 0.943 0.856 0.654 0.588 0.306 0.292 0.287 0.269 0.239
     26       3.139    0.147 0.989      0.999 1.000 0.999 0.993 0.971 0.956 0.955 0.875 0.682 0.618 0.342 0.328 0.323 0.305 0.275
     27       2.581    0.180 0.984      0.997 0.999 1.000 0.997 0.978 0.966 0.964 0.890 0.706 0.644 0.373 0.359 0.354 0.337 0.307
     28       1.815    0.260 0.966      0.988 0.993 0.997 1.000 0.992 0.984 0.983 0.925 0.762 0.705 0.448 0.435 0.430 0.413 0.385
     29       1.298    0.380 0.925      0.961 0.971 0.978 0.992 1.000 0.999 0.998 0.965 0.838 0.788 0.557 0.545 0.541 0.525 0.498
     30       1.176    0.429 0.903      0.945 0.956 0.966 0.984 0.999 1.000 1.000 0.978 0.866 0.821 0.601 0.590 0.585 0.570 0.544
     31       1.167    0.434 0.901      0.943 0.955 0.964 0.983 0.998 1.000 1.000 0.979 0.868 0.823 0.605 0.594 0.589 0.574 0.548
     32       0.945    0.608 0.794      0.856 0.875 0.890 0.925 0.965 0.978 0.979 1.000 0.951 0.922 0.754 0.745 0.741 0.729 0.707
     33       0.976    0.823 0.567      0.654 0.682 0.706 0.762 0.838 0.866 0.868 0.951 1.000 0.996 0.920 0.914 0.912 0.905 0.891
     34       1.059    0.868 0.496      0.588 0.618 0.644 0.705 0.788 0.821 0.823 0.922 0.996 1.000 0.950 0.945 0.944 0.937 0.926
     35       2.327    0.980 0.200      0.306 0.342 0.373 0.448 0.557 0.601 0.605 0.754 0.920 0.950 1.000 1.000 1.000 0.999 0.998
     36       2.501    0.983 0.186      0.292 0.328 0.359 0.435 0.545 0.590 0.594 0.745 0.914 0.945 1.000 1.000 1.000 1.000 0.998
     37       2.569    0.984 0.180      0.287 0.323 0.354 0.430 0.541 0.585 0.589 0.741 0.912 0.944 1.000 1.000 1.000 1.000 0.999
     38       2.848    0.987 0.162      0.269 0.305 0.337 0.413 0.525 0.570 0.574 0.729 0.905 0.937 0.999 1.000 1.000 1.000 1.000
     39       3.506    0.991 0.131      0.239 0.275 0.307 0.385 0.498 0.544 0.548 0.707 0.891 0.926 0.998 0.998 0.999 1.000 1.000

  R CORE   ENERGY   A0R/A00=1.000    R3= 0     2  
   2( 1)    0.732                    1.000 0.000
   2( 2)  487.921                    0.000 1.000

  R CORE   ENERGY   A0R/A00=1.000    R3= 0     2  
   3( 1)  488.652                    0.000 1.000

  R CORE   ENERGY   A0R/A00=1.000    R3= 0     2     4  
   4( 1)    2.438                    1.000 0.000 0.000

  R CORE   ENERGY   A0R/A00=1.000    R3= 0     2     4  
   5( 1)  490.847                    0.000 1.000 0.000

  R CORE   ENERGY   A0R/A00=1.000    R3= 0     2     4     6  
   6( 1)    5.121                    1.000 0.000 0.000 0.000

  R CORE   ENERGY   A0R/A00=1.000    R3= 0     2     4     6  
   7( 1)  494.017                    0.000 1.000 0.000 0.000

          AXIAL SYMMETRY => K RESTRICTED TO OMEGA

                     K
     S.P. ORB#: 25  0.50
     S.P. ORB#: 26  2.50
     S.P. ORB#: 27 -3.50
     S.P. ORB#: 28  0.50
     S.P. ORB#: 29  0.50
     S.P. ORB#: 30 -1.50
     S.P. ORB#: 31 -1.50
     S.P. ORB#: 32 -3.50
     S.P. ORB#: 33  4.50
     S.P. ORB#: 34  2.50
     S.P. ORB#: 35 -3.50
     S.P. ORB#: 36  0.50
     S.P. ORB#: 37 -1.50
     S.P. ORB#: 38  2.50
     S.P. ORB#: 39  0.50
 

             ENERGY    K= OMEGA
 
 I=  1/2- (1)  2.538  29: 0.998
 
 I=  1/2- (2)  3.849  25:-0.073
                      39:-0.997
 
 I=  1/2- (3)  5.783  25: 0.996
                      39:-0.071
 
 I=  1/2- (4)  5.839  28: 0.377
                      36:-0.926
 
 I=  1/2- (5)  8.748  28:-0.926
                      36:-0.377

             ENERGY    K= OMEGA
 
 I=  3/2- (1)  2.402  25: 0.108
                      29:-0.123
                      31: 0.980
                      37: 0.087
                      39:-0.067
 
 I=  3/2- (2)  2.532  25:-0.181
                      29:-0.902
                      31:-0.052
                      37:-0.370
                      39: 0.120

             ENERGY    K= OMEGA
 
 I=  5/2- (1)  2.477  25:-0.255
                      29: 0.459
                      31: 0.781
                      37:-0.121
                      38:-0.280
                      39: 0.147
 
 I=  5/2- (2)  3.339  26:-0.064
                      29: 0.624
                      31:-0.435
                      37:-0.638
                      38: 0.095
 
 I=  5/2- (3)  3.554  25:-0.110
                      29: 0.306
                      31: 0.122
                      37: 0.343
                      38: 0.863
                      39: 0.123
 
 I=  5/2- (4)  4.255  26:-0.061
                      29:-0.483
                      31: 0.368
                      37:-0.652
                      38: 0.409
                      39:-0.187
 
 I=  5/2- (5)  4.689  25:-0.163
                      26: 0.088
                      29: 0.168
                      37: 0.155
                      39:-0.955

             ENERGY    K= OMEGA
 
 I=  7/2- (1)  1.751  26:-0.191
                      32: 0.980
 
 I=  7/2- (2)  3.313  25: 0.208
                      31: 0.860
                      38: 0.446
                      39:-0.110
 
 I=  7/2- (3)  3.422  25:-0.252
                      29:-0.834
                      37:-0.445
                      38: 0.126
                      39: 0.155
 
 I=  7/2- (4)  3.556  28:-0.709
                      30:-0.583
                      34:-0.365
                      35:-0.156
 
 I=  7/2- (5)  4.385  26:-0.200
                      27:-0.771
                      29:-0.237
                      31: 0.249
                      37: 0.249
                      38:-0.430

             ENERGY    K= OMEGA
 
 I=  9/2- (1)  1.873  26:-0.075
                      27: 0.188
                      32:-0.248
                      33:-0.947
 
 I=  9/2- (2)  2.717  26:-0.261
                      27:-0.091
                      31:-0.052
                      32:-0.926
                      33: 0.246
 
 I=  9/2- (3)  3.473  25:-0.361
                      29: 0.494
                      31: 0.692
                      32:-0.066
                      37:-0.169
                      38:-0.284
                      39: 0.181
 
 I=  9/2- (4)  4.630  28: 0.226
                      30:-0.567
                      34: 0.666
                      35:-0.428
 
 I=  9/2- (5)  5.164  26: 0.112
                      27:-0.077
                      29:-0.493
                      31: 0.467
                      32:-0.057
                      37: 0.710
                      38:-0.061
                      39: 0.090

             ENERGY    K= OMEGA
 
 I= 11/2- (1)  2.910  28: 0.678
                      30: 0.579
                      34: 0.400
                      35: 0.206
                      36: 0.057
 
 I= 11/2- (2)  2.969  26: 0.127
                      27: 0.255
                      32:-0.341
                      33: 0.896
 
 I= 11/2- (3)  3.914  26: 0.306
                      27:-0.132
                      31:-0.064
                      32:-0.875
                      33:-0.340
                      38:-0.062
 
 I= 11/2- (4)  5.139  25:-0.374
                      29:-0.383
                      31:-0.730
                      32: 0.091
                      37:-0.134
                      38:-0.341
                      39: 0.192
 
 I= 11/2- (5)  5.278  25:-0.130
                      29:-0.710
                      31: 0.370
                      37:-0.444
                      38: 0.366
                      39: 0.087

             ENERGY    K= OMEGA
 
 I= 13/2- (1)  4.284  26: 0.174
                      27:-0.298
                      32: 0.402
                      33: 0.848
 
 I= 13/2- (2)  5.043  28: 0.219
                      30:-0.554
                      34: 0.665
                      35:-0.449
 
 I= 13/2- (3)  5.276  25:-0.298
                      26: 0.242
                      27: 0.132
                      29: 0.339
                      31: 0.475
                      32: 0.578
                      33:-0.288
                      37:-0.098
                      38:-0.221
                      39: 0.137
 
 I= 13/2- (4)  5.433  25:-0.307
                      26:-0.231
                      27:-0.109
                      29: 0.372
                      31: 0.447
                      32:-0.598
                      33: 0.283
                      37:-0.146
                      38:-0.154
                      39: 0.140
 
 I= 13/2- (5)  7.949  25:-0.087
                      26: 0.138
                      27:-0.135
                      29:-0.303
                      31: 0.403
                      32:-0.091
                      33:-0.053
                      37: 0.780
                      38: 0.201
                      39: 0.203

             ENERGY     K= 1/2
  32 LEVELS    TIME=  0.0 SEC



 ******************* EXCITATION ENERGIES, DOMINANT CONFIGURATION AND EXPECTATION VALUES (WITH S.P. UU+VV FACTORS) *******************

  NR  Eex(keV)  I   Kdom  NY    <Jz>  <Jx**2> <Jy**2> <Jz**2> <I.j>/|I|  <Rx**2> <Ry**2> <Rz**2> <R.j>/|R|  <HROTx> <HROTy> <HROTz>

   1    0.0   7/2-  -7/2  32   -3.27    2.31    2.31   12.02    3.34       2.95    2.95   -0.00   -1.40      0.360   0.360  -0.000
   2  121.8   9/2-   9/2  33    3.71    2.53    2.53   19.39    4.26       3.40    3.40    0.00   -1.25      0.415   0.415   0.000
   3  650.8   3/2-  -3/2  31   -1.44    4.69    4.69    2.19    1.46       4.83    4.83    0.00   -2.81      0.589   0.589   0.000
   4  725.7   5/2-  -3/2  31   -0.59    4.82    4.82    1.97    2.22       3.62    3.62    0.00   -1.88      0.441   0.441   0.000
   5  780.2   3/2-   1/2  29    0.22    4.10    4.10    0.53    1.25       3.83    3.83    0.00   -2.28      0.466   0.466   0.000
  
   6  786.5   1/2-   1/2  29    0.50    4.81    4.81    0.25    0.31       5.05    5.05    0.00   -3.02      0.615   0.615   0.000
   7  965.6   9/2-  -7/2  32   -2.59    2.41    2.41   12.27    2.89       6.56    6.56    0.00   -0.75      0.800   0.800   0.000
   8 1159.1  11/2-   1/2  28   -0.02   24.24   24.24    2.39    6.28       5.77    5.77    0.00   -3.93      0.703   0.703   0.000
   9 1217.7  11/2-   9/2  33    3.02    2.74    2.74   18.57    3.73       7.62    7.62    0.00   -0.45      0.928   0.928   0.000
  10 1561.2   7/2-  -3/2  31   -0.59    4.26    4.26    2.96    1.73       6.75    6.75    0.00   -1.26      0.823   0.823   0.000
  
  11 1587.1   5/2-  -3/2  37   -0.67    3.31    3.31    1.52    0.74       6.25    6.25   -0.00   -1.68      0.762   0.762  -0.000
  12 1671.1   7/2-   1/2  29    0.13    3.86    3.86    0.76    1.39       6.60    6.60   -0.00   -0.81      0.805   0.805  -0.000
  13 1721.7   9/2-  -3/2  31   -0.37    4.98    4.98    1.81    2.33       6.67    6.67    0.00   -0.05      0.814   0.814   0.000
  14 1802.9   5/2-   5/2  38    1.73    2.20    2.20    4.99    1.84       3.62    3.62   -0.00   -1.47      0.442   0.442  -0.000
  15 1805.1   7/2-   1/2  28   -0.01   23.86   23.86    2.02    6.14       8.39    8.39   -0.00   -6.20      1.023   1.023  -0.000
  
  16 2097.4   1/2-   1/2  39    0.50    1.53    1.53    0.25    0.72       1.40    1.40    0.00   -1.60      0.171   0.171   0.000
  17 2163.1  11/2-  -7/2  32   -1.98    2.50    2.50   12.54    2.59      11.16   11.16   -0.00   -0.43      1.361   1.361  -0.000
  18 2504.1   5/2-  -3/2  37   -0.28    3.11    3.11    2.40    0.04       8.58    8.58   -0.00   -2.05      1.046   1.046  -0.000
  19 2532.6  13/2-   9/2  33    2.44    2.93    2.93   17.82    3.36      12.73   12.73    0.00   -0.04      1.552   1.552   0.000
  20 2633.8   7/2-  -7/2  27   -1.68    4.87    4.87    8.99    2.39       7.76    7.76   -0.00   -2.35      0.946   0.946  -0.000
  
  21 2878.7   9/2-   5/2  34    0.01   24.51   24.51    5.76    5.30      13.38   13.38    0.00   -5.49      1.631   1.631   0.000
  22 2937.7   5/2-   1/2  39    0.46    1.65    1.65    0.35    0.35       5.16    5.16    0.00   -0.81      0.629   0.629   0.000
  23 3291.3  13/2-   5/2  34   -0.03   24.50   24.50    5.94    5.28      14.99   14.99    0.00   -3.30      1.828   1.828   0.000
  24 3387.2  11/2-  -3/2  31   -0.40    4.26    4.26    2.16    1.67      13.21   13.21    0.00   -0.13      1.611   1.611   0.000
  25 3412.8   9/2-  -3/2  37   -0.95    2.93    2.93    1.91    0.63      13.12   13.12   -0.00   -0.90      1.600   1.600  -0.000
  
  26 3525.1  13/2-  -7/2  32   -0.83    3.85    3.85    7.24    2.43      14.91   14.91    0.00    0.37      1.817   1.817   0.000
  27 3526.2  11/2-   1/2  29    0.10    3.77    3.77    1.76    1.39      14.23   14.23   -0.00   -0.19      1.735   1.735  -0.000
  28 3681.5  13/2-  -7/2  32   -0.95    3.89    3.89    7.19    2.32      15.66   15.66   -0.00    0.22      1.910   1.910  -0.000
  29 4032.0   1/2-   1/2  25    0.50    6.62    6.62    0.25    0.66       6.55    6.55   -0.00   -3.57      0.799   0.799  -0.000
  30 4087.3   1/2-   1/2  36    0.50   12.34   12.34    0.25   -1.44      14.09   14.09    0.00   -4.93      1.717   1.717   0.000
  
  31 6197.8  13/2-  -3/2  37   -1.02    2.41    2.41    2.52    0.69      23.25   23.25    0.00   -0.37      2.835   2.835   0.000
  32 6997.0   1/2-   1/2  28    0.50   24.46   24.46    0.25   -3.55      28.03   28.03    0.00   -6.98      3.418   3.418   0.000
