1SPECTRUM OF (Z= 82 A=207) IN PARTICLE-ROTOR  MODEL WITH MODIFIED OSCILLATOR POTENTIAL


 PARITY=-   EPS= 0.374   GAMMA=  0.0   EPS4=0.000   EPS6=0.000   LEVELS:  26  27  28  29  30  31  32  33  34  35  36  37  38  39  40

 PAIRING FACTORS: GN0= 19.20  GN1=  7.40  IPAIR= 15 ***  E2PLUS(INPUT)=   0.730  E2PLUR(INPUT)=   0.000

 CORIOLIS ATTENUATION PARAMETERS:  CHSI=1.000  ETA=  1.00

 MOMENT OF INERTIA PARAMETERS:   A1=  0.122 MEV   A2=  0.122 MEV   A3=121.91924 MEV


 DELTA=0.869 MEV  LAMBDA=53.4382 MEV   HW0= 7.5400 MEV   LAMBDA/HW0= 7.0873

 E2ENERGY=0.730 MEV  HBAR**2/B=25936./A**(7/3)=4384.4/A**2 MEV

 IREC=0  =>  RECOIL TERMS j+j-, j+j+, jzjz, ETC TREATED AS ONE-BODY OPERATORS WITH UU+VV PAIRING FACTORS



 S. P. LEVEL   EQP       U     V        (UU + VV)**1.00

     26       2.904    0.151 0.988      1.000 1.000 0.999 0.993 0.958 0.934 0.795 0.701 0.514 0.407 0.361 0.292 0.280 0.268 0.263
     27       2.632    0.168 0.986      1.000 1.000 1.000 0.995 0.963 0.940 0.804 0.713 0.528 0.422 0.376 0.308 0.295 0.284 0.279
     28       2.344    0.189 0.982      0.999 1.000 1.000 0.997 0.968 0.947 0.817 0.728 0.547 0.441 0.396 0.328 0.316 0.305 0.299
     29       1.707    0.264 0.965      0.993 0.995 0.997 1.000 0.985 0.969 0.859 0.778 0.610 0.509 0.466 0.400 0.388 0.377 0.372
     30       1.125    0.427 0.904      0.958 0.963 0.968 0.985 1.000 0.997 0.935 0.876 0.738 0.651 0.612 0.553 0.542 0.532 0.528
     31       1.011    0.495 0.869      0.934 0.940 0.947 0.969 0.997 1.000 0.959 0.910 0.787 0.706 0.670 0.615 0.604 0.595 0.590
     32       0.870    0.720 0.694      0.795 0.804 0.817 0.859 0.935 0.959 1.000 0.990 0.929 0.878 0.853 0.813 0.805 0.798 0.795
     33       0.916    0.811 0.585      0.701 0.713 0.728 0.778 0.876 0.910 0.990 1.000 0.972 0.937 0.918 0.887 0.881 0.875 0.872
     34       1.240    0.926 0.379      0.514 0.528 0.547 0.610 0.738 0.787 0.929 0.972 1.000 0.993 0.985 0.970 0.967 0.964 0.963
     35       1.709    0.965 0.264      0.407 0.422 0.441 0.509 0.651 0.706 0.878 0.937 0.993 1.000 0.999 0.993 0.991 0.989 0.988
     36       2.066    0.976 0.216      0.361 0.376 0.396 0.466 0.612 0.670 0.853 0.918 0.985 0.999 1.000 0.997 0.996 0.995 0.995
     37       3.055    0.990 0.144      0.292 0.308 0.328 0.400 0.553 0.615 0.813 0.887 0.970 0.993 0.997 1.000 1.000 1.000 1.000
     38       3.341    0.991 0.131      0.280 0.295 0.316 0.388 0.542 0.604 0.805 0.881 0.967 0.991 0.996 1.000 1.000 1.000 1.000
     39       3.668    0.993 0.119      0.268 0.284 0.305 0.377 0.532 0.595 0.798 0.875 0.964 0.989 0.995 1.000 1.000 1.000 1.000
     40       3.844    0.994 0.114      0.263 0.279 0.299 0.372 0.528 0.590 0.795 0.872 0.963 0.988 0.995 1.000 1.000 1.000 1.000

  R CORE   ENERGY   A0R/A00=1.000    R3= 0     2  
   2( 1)    0.732                    1.000 0.000
   2( 2)  487.921                    0.000 1.000

  R CORE   ENERGY   A0R/A00=1.000    R3= 0     2  
   3( 1)  488.652                    0.000 1.000

  R CORE   ENERGY   A0R/A00=1.000    R3= 0     2     4  
   4( 1)    2.438                    1.000 0.000 0.000

  R CORE   ENERGY   A0R/A00=1.000    R3= 0     2     4  
   5( 1)  490.847                    0.000 1.000 0.000

  R CORE   ENERGY   A0R/A00=1.000    R3= 0     2     4     6  
   6( 1)    5.121                    1.000 0.000 0.000 0.000

  R CORE   ENERGY   A0R/A00=1.000    R3= 0     2     4     6  
   7( 1)  494.017                    0.000 1.000 0.000 0.000

          AXIAL SYMMETRY => K RESTRICTED TO OMEGA

                     K
     S.P. ORB#: 26  2.50
     S.P. ORB#: 27  0.50
     S.P. ORB#: 28 -3.50
     S.P. ORB#: 29 -1.50
     S.P. ORB#: 30  0.50
     S.P. ORB#: 31 -1.50
     S.P. ORB#: 32  2.50
     S.P. ORB#: 33 -3.50
     S.P. ORB#: 34  4.50
     S.P. ORB#: 35  0.50
     S.P. ORB#: 36 -3.50
     S.P. ORB#: 37 -1.50
     S.P. ORB#: 38  2.50
     S.P. ORB#: 39  0.50
     S.P. ORB#: 40 -1.50
 

             ENERGY    K= OMEGA
 
 I=  1/2- (1)  2.415  30: 1.000
 
 I=  1/2- (2)  4.682  27:-0.197
                      35: 0.907
                      39:-0.372
 
 I=  1/2- (3)  7.491  27:-0.414
                      35: 0.267
                      39: 0.870
 
 I=  1/2- (4)  9.236  27: 0.889
                      35: 0.326
                      39: 0.322
 
 I=  1/2- (5)147.314  31: 1.000

             ENERGY    K= OMEGA
 
 I=  3/2- (1)  2.306  30:-0.443
                      31: 0.896
 
 I=  3/2- (2)  2.670  30: 0.862
                      31: 0.433
                      37: 0.264
 
 I=  3/2- (3)  3.755  30:-0.247
                      31:-0.096
                      37: 0.964
 
 I=  3/2- (4)  4.314  27: 0.321
                      29: 0.115
                      35:-0.898
                      39:-0.104
                      40: 0.257
 
 I=  3/2- (5)  5.963  27: 0.709
                      29: 0.615
                      35: 0.344

             ENERGY    K= OMEGA
 
 I=  5/2- (1)  2.757  30: 0.397
                      31: 0.872
                      37:-0.091
                      38:-0.269
 
 I=  5/2- (2)  3.382  26:-0.057
                      30: 0.819
                      31:-0.385
                      37:-0.412
                      38: 0.093
 
 I=  5/2- (3)  4.070  26:-0.104
                      30:-0.232
                      31:-0.194
                      37:-0.453
                      38:-0.832
 
 I=  5/2- (4)  4.590  26:-0.460
                      30:-0.309
                      31: 0.228
                      37:-0.662
                      38: 0.450
 
 I=  5/2- (5)  4.715  27:-0.152
                      29: 0.098
                      35: 0.779
                      39:-0.512
                      40: 0.312

             ENERGY    K= OMEGA
 
 I=  7/2- (1)  1.775  26:-0.164
                      33: 0.985
 
 I=  7/2- (2)  3.332  30: 0.553
                      31:-0.745
                      37: 0.194
                      38:-0.317
 
 I=  7/2- (3)  3.934  27: 0.649
                      29: 0.584
                      32: 0.441
                      35:-0.061
                      36: 0.195
 
 I=  7/2- (4)  4.031  26: 0.073
                      30:-0.721
                      31:-0.535
                      37:-0.372
                      38:-0.222
 
 I=  7/2- (5)  4.226  26:-0.198
                      28:-0.969
                      31: 0.056
                      38:-0.116

             ENERGY    K= OMEGA
 
 I=  9/2- (1)  2.165  26: 0.086
                      28:-0.164
                      33: 0.335
                      34: 0.924
 
 I=  9/2- (2)  2.817  26:-0.221
                      28:-0.097
                      33:-0.909
                      34: 0.334
 
 I=  9/2- (3)  4.284  30:-0.438
                      31:-0.772
                      33: 0.056
                      37: 0.214
                      38: 0.401
 
 I=  9/2- (4)  4.681  27: 0.196
                      29:-0.537
                      32: 0.690
                      35: 0.084
                      36:-0.427
                      40: 0.082
 
 I=  9/2- (5)  5.250  26: 0.139
                      28:-0.153
                      30:-0.677
                      31: 0.454
                      33:-0.055
                      37: 0.518
                      38:-0.145

             ENERGY    K= OMEGA
 
 I= 11/2- (1)  3.296  26: 0.138
                      28: 0.223
                      33:-0.429
                      34: 0.864
 
 I= 11/2- (2)  3.302  27:-0.610
                      29:-0.576
                      32:-0.458
                      35:-0.157
                      36:-0.231
                      40: 0.083
 
 I= 11/2- (3)  4.086  26:-0.258
                      28: 0.145
                      31: 0.061
                      33: 0.849
                      34: 0.427
                      38: 0.069
 
 I= 11/2- (4)  5.133  27: 0.255
                      29: 0.083
                      35:-0.823
                      39:-0.260
                      40: 0.424
 
 I= 11/2- (5)  5.281  30:-0.566
                      31: 0.670
                      33:-0.071
                      37:-0.280
                      38: 0.380

             ENERGY    K= OMEGA
 
 I= 13/2- (1)  4.655  26: 0.182
                      28:-0.262
                      33: 0.481
                      34: 0.816
 
 I= 13/2- (2)  5.153  27: 0.202
                      29:-0.541
                      32: 0.679
                      35: 0.088
                      36:-0.432
                      40: 0.104
 
 I= 13/2- (3)  5.586  26:-0.284
                      28:-0.186
                      31:-0.084
                      33:-0.800
                      34: 0.479
                      38: 0.090
 
 I= 13/2- (4)  6.754  30: 0.448
                      31: 0.710
                      33:-0.100
                      34: 0.055
                      37:-0.284
                      38:-0.448
 
 I= 13/2- (5)  7.152  27:-0.125
                      29: 0.112
                      35: 0.688
                      39:-0.585
                      40: 0.393

             ENERGY     K=-3/2
  35 LEVELS    TIME=  0.0 SEC



 ******************* EXCITATION ENERGIES, DOMINANT CONFIGURATION AND EXPECTATION VALUES (WITH S.P. UU+VV FACTORS) *******************

  NR  Eex(keV)  I   Kdom  NY    <Jz>  <Jx**2> <Jy**2> <Jz**2> <I.j>/|I|  <Rx**2> <Ry**2> <Rz**2> <R.j>/|R|  <HROTx> <HROTy> <HROTz>

   1    0.0   7/2-  -7/2  33   -3.33    2.31    2.31   12.08    3.26       3.28    3.28    0.00   -1.46      0.400   0.400   0.000
   2  389.5   9/2-   9/2  34    3.37    2.50    2.50   19.03    4.15       3.76    3.76    0.00   -1.24      0.459   0.459   0.000
   3  531.2   3/2-  -3/2  31   -1.11    4.91    4.91    1.86    1.29       5.21    5.21    0.00   -2.84      0.636   0.636   0.000
   4  639.4   1/2-   1/2  30    0.50    4.88    4.88    0.25    0.11       5.29    5.29    0.00   -3.05      0.645   0.645   0.000
   5  894.9   3/2-   1/2  30   -0.01    4.58    4.58    0.76    0.50       5.87    5.87    0.00   -2.62      0.716   0.716   0.000
  
   6  982.2   5/2-  -3/2  31   -0.89    4.71    4.71    2.23    1.31       6.32    6.32    0.00   -2.18      0.770   0.770   0.000
   7 1041.5   9/2-  -7/2  33   -2.30    2.38    2.38   12.82    2.81       7.17    7.17    0.00   -0.94      0.874   0.874   0.000
   8 1520.9  11/2-   9/2  34    2.59    2.68    2.68   18.11    3.56       8.32    8.32    0.00   -0.53      1.014   1.014   0.000
   9 1526.8  11/2-   1/2  27    0.03   23.91   23.91    2.82    6.27       5.70    5.70    0.00   -3.89      0.694   0.694   0.000
  10 1557.0   7/2-  -3/2  31   -0.49    4.58    4.58    2.06    1.36       8.10    8.10    0.00   -1.45      0.987   0.987   0.000
  
  11 1607.2   5/2-   1/2  30   -0.11    4.22    4.22    0.96    0.40       7.88    7.88    0.00   -2.07      0.961   0.961   0.000
  12 1979.6   3/2-  -3/2  37   -1.38    2.09    2.09    2.13    0.83       3.43    3.43   -0.00   -1.80      0.418   0.418  -0.000
  13 2158.4   7/2-   1/2  27    0.05   22.55   22.55    2.56    5.94       8.13    8.13   -0.00   -5.97      0.991   0.991  -0.000
  14 2255.4   7/2-   1/2  30   -0.24    4.16    4.16    1.44    0.58      10.47   10.47   -0.00   -1.63      1.276   1.276  -0.000
  15 2294.5   5/2-   5/2  38    1.42    2.08    2.08    4.96    1.63       4.10    4.10    0.00   -1.49      0.499   0.499   0.000
  
  16 2310.8  11/2-  -7/2  33   -1.60    2.46    2.46   13.24    2.49      12.04   12.04    0.00   -0.66      1.468   1.468   0.000
  17 2451.0   7/2-  -7/2  28   -3.17    6.14    6.14   11.85    3.11       7.59    7.59    0.00   -3.02      0.926   0.926   0.000
  18 2508.9   9/2-  -3/2  31   -0.48    4.38    4.38    2.56    1.33      11.41   11.41    0.00   -0.98      1.391   1.391   0.000
  19 2538.6   3/2-   1/2  35    0.34   12.82   12.82    0.41    2.72       9.63    9.63   -0.00   -4.74      1.174   1.174  -0.000
  20 2814.4   5/2-  -3/2  37    0.35    3.28    3.28    3.72    0.72       7.38    7.38    0.00   -2.12      0.900   0.900   0.000
  
  21 2879.4  13/2-   9/2  34    2.03    2.83    2.83   17.37    3.17      13.77   13.77    0.00   -0.17      1.679   1.679   0.000
  22 2905.6   9/2-   5/2  32    0.13   24.13   24.13    5.89    5.25      13.35   13.35   -0.00   -5.43      1.628   1.628  -0.000
  23 2906.4   1/2-   1/2  35    0.50   11.21   11.21    0.25    0.91      10.93   10.93   -0.00   -4.68      1.333   1.333  -0.000
  24 2939.5   5/2-   1/2  35    0.29   11.66   11.66    0.47    2.36       9.28    9.28    0.00   -3.90      1.131   1.131   0.000
  25 3357.9  11/2-   1/2  35    0.13   14.00   14.00    0.65    3.43      11.68   11.68    0.00   -1.68      1.424   1.424   0.000
  
  26 3377.6  13/2-   5/2  32    0.07   24.17   24.17    5.86    5.20      15.19   15.19    0.00   -3.25      1.851   1.851   0.000
  27 3475.3   9/2-   1/2  30   -0.47    3.85    3.85    1.77    0.54      14.45   14.45   -0.00   -1.27      1.761   1.761  -0.000
  28 3506.3  11/2-  -3/2  31   -0.29    4.34    4.34    2.27    1.34      15.32   15.32    0.00   -0.53      1.868   1.868   0.000
  29 3810.4  13/2-  -7/2  33   -1.12    2.55    2.55   13.48    2.26      17.90   17.90    0.00   -0.47      2.182   2.182   0.000
  30 4188.4   3/2-   1/2  27   -0.26   23.21   23.21    1.01    5.19      15.54   15.54    0.00   -6.71      1.894   1.894   0.000
  
  31 4979.2  13/2-  -3/2  31   -0.30    4.15    4.15    2.82    1.30      20.86   20.86    0.00   -0.32      2.543   2.543   0.000
  32 5377.2  13/2-   1/2  35    0.16   12.09   12.09    0.60    2.66      18.16   18.16   -0.00   -1.03      2.215   2.215  -0.000
  33 5715.8   1/2-   1/2  39    0.50   15.96   15.96    0.25   -0.60      16.98   16.98    0.00   -5.61      2.070   2.070   0.000
  34 7461.3   1/2-   1/2  27    0.50   23.61   23.61    0.25   -3.40      27.05   27.05    0.00   -6.85      3.297   3.297   0.000
  35*******   1/2-  -3/2  31    0.00    0.00    0.00    0.00    0.00       0.00    0.00    0.00   -0.00      0.000   0.000   0.000
  
