1SPECTRUM OF (Z= 82 A=207) IN PARTICLE-ROTOR  MODEL WITH MODIFIED OSCILLATOR POTENTIAL


 PARITY=-   EPS= 0.278   GAMMA=  0.0   EPS4=0.000   EPS6=0.000   LEVELS:  25  26  27  28  29  30  31  32  33  34  35  36  37  38  39

 PAIRING FACTORS: GN0= 19.20  GN1=  7.40  IPAIR= 15 ***  E2PLUS(INPUT)=   0.730  E2PLUR(INPUT)=   0.000

 CORIOLIS ATTENUATION PARAMETERS:  CHSI=1.000  ETA=  1.00

 MOMENT OF INERTIA PARAMETERS:   A1=  0.122 MEV   A2=  0.122 MEV   A3=121.91924 MEV


 DELTA=0.949 MEV  LAMBDA=53.3156 MEV   HW0= 7.4797 MEV   LAMBDA/HW0= 7.1280

 E2ENERGY=0.730 MEV  HBAR**2/B=14330./A**(7/3)=2422.4/A**2 MEV

 IREC=0  =>  RECOIL TERMS j+j-, j+j+, jzjz, ETC TREATED AS ONE-BODY OPERATORS WITH UU+VV PAIRING FACTORS



 S. P. LEVEL   EQP       U     V        (UU + VV)**1.00

     25       4.114    0.116 0.993      1.000 1.000 0.999 0.981 0.975 0.973 0.924 0.873 0.695 0.433 0.390 0.353 0.296 0.295 0.245
     26       3.581    0.134 0.991      1.000 1.000 1.000 0.985 0.979 0.977 0.931 0.882 0.707 0.448 0.406 0.370 0.313 0.312 0.262
     27       3.029    0.159 0.987      0.999 1.000 1.000 0.989 0.984 0.982 0.940 0.893 0.725 0.471 0.429 0.393 0.337 0.336 0.286
     28       1.632    0.305 0.952      0.981 0.985 0.989 1.000 1.000 0.999 0.980 0.951 0.820 0.598 0.560 0.527 0.475 0.474 0.427
     29       1.512    0.333 0.943      0.975 0.979 0.984 1.000 1.000 1.000 0.986 0.959 0.837 0.621 0.584 0.551 0.500 0.499 0.453
     30       1.479    0.341 0.940      0.973 0.977 0.982 0.999 1.000 1.000 0.987 0.962 0.841 0.628 0.591 0.559 0.508 0.507 0.461
     31       1.116    0.487 0.874      0.924 0.931 0.940 0.980 0.986 0.987 1.000 0.993 0.917 0.744 0.712 0.684 0.638 0.638 0.597
     32       1.000    0.585 0.811      0.873 0.882 0.893 0.951 0.959 0.962 0.993 1.000 0.957 0.817 0.789 0.764 0.724 0.723 0.686
     33       0.984    0.795 0.607      0.695 0.707 0.725 0.820 0.837 0.841 0.917 0.957 1.000 0.949 0.933 0.918 0.893 0.892 0.867
     34       1.544    0.946 0.325      0.433 0.448 0.471 0.598 0.621 0.628 0.744 0.817 0.949 1.000 0.999 0.996 0.989 0.989 0.980
     35       1.764    0.960 0.280      0.390 0.406 0.429 0.560 0.584 0.591 0.712 0.789 0.933 0.999 1.000 0.999 0.995 0.995 0.988
     36       2.019    0.970 0.242      0.353 0.370 0.393 0.527 0.551 0.559 0.684 0.764 0.918 0.996 0.999 1.000 0.998 0.998 0.994
     37       2.637    0.983 0.183      0.296 0.313 0.337 0.475 0.500 0.508 0.638 0.724 0.893 0.989 0.995 0.998 1.000 1.000 0.999
     38       2.652    0.983 0.182      0.295 0.312 0.336 0.474 0.499 0.507 0.638 0.723 0.892 0.989 0.995 0.998 1.000 1.000 0.999
     39       3.665    0.991 0.131      0.245 0.262 0.286 0.427 0.453 0.461 0.597 0.686 0.867 0.980 0.988 0.994 0.999 0.999 1.000

  R CORE   ENERGY   A0R/A00=1.000    R3= 0     2  
   2( 1)    0.732                    1.000 0.000
   2( 2)  487.921                    0.000 1.000

  R CORE   ENERGY   A0R/A00=1.000    R3= 0     2  
   3( 1)  488.652                    0.000 1.000

  R CORE   ENERGY   A0R/A00=1.000    R3= 0     2     4  
   4( 1)    2.438                    1.000 0.000 0.000

  R CORE   ENERGY   A0R/A00=1.000    R3= 0     2     4  
   5( 1)  490.847                    0.000 1.000 0.000

  R CORE   ENERGY   A0R/A00=1.000    R3= 0     2     4     6  
   6( 1)    5.121                    1.000 0.000 0.000 0.000

  R CORE   ENERGY   A0R/A00=1.000    R3= 0     2     4     6  
   7( 1)  494.017                    0.000 1.000 0.000 0.000

          AXIAL SYMMETRY => K RESTRICTED TO OMEGA

                     K
     S.P. ORB#: 25  0.50
     S.P. ORB#: 26  2.50
     S.P. ORB#: 27 -3.50
     S.P. ORB#: 28  0.50
     S.P. ORB#: 29 -3.50
     S.P. ORB#: 30 -1.50
     S.P. ORB#: 31  4.50
     S.P. ORB#: 32  0.50
     S.P. ORB#: 33 -1.50
     S.P. ORB#: 34  2.50
     S.P. ORB#: 35 -1.50
     S.P. ORB#: 36  2.50
     S.P. ORB#: 37 -3.50
     S.P. ORB#: 38  0.50
     S.P. ORB#: 39  0.50
 

             ENERGY    K= OMEGA
 
 I=  1/2- (1)  2.794  28:-0.979
                      38:-0.200
 
 I=  1/2- (2)  2.970  25:-0.068
                      28: 0.197
                      38:-0.978
 
 I=  1/2- (3)  5.566  25: 0.997
                      38:-0.061
 
 I=  1/2- (4)  6.390  32: 0.643
                      39:-0.766
 
 I=  1/2- (5)  9.381  32: 0.766
                      39: 0.643

             ENERGY    K= OMEGA
 
 I=  3/2- (1)  2.235  25: 0.095
                      28: 0.343
                      30: 0.206
                      35: 0.906
                      38:-0.099
 
 I=  3/2- (2)  2.650  25:-0.078
                      28: 0.282
                      30:-0.946
                      35: 0.124
                      38: 0.072

             ENERGY    K= OMEGA
 
 I=  5/2- (1)  2.374  25: 0.162
                      28:-0.315
                      30:-0.478
                      35: 0.387
                      36: 0.695
                      38:-0.112
 
 I=  5/2- (2)  2.867  25: 0.108
                      26:-0.052
                      28: 0.082
                      30:-0.505
                      35:-0.827
                      36: 0.097
                      38:-0.175
 
 I=  5/2- (3)  3.002  25:-0.204
                      28: 0.493
                      30: 0.393
                      35:-0.188
                      36: 0.684
                      38: 0.240
 
 I=  5/2- (4)  3.802  25:-0.170
                      30: 0.304
                      36: 0.099
                      38:-0.932
 
 I=  5/2- (5)  4.168  25: 0.084
                      28:-0.776
                      30: 0.460
                      35:-0.358
                      36: 0.169
                      38: 0.149

             ENERGY    K= OMEGA
 
 I=  7/2- (1)  2.270  26: 0.217
                      27:-0.065
                      29:-0.973
 
 I=  7/2- (2)  3.044  28:-0.299
                      30: 0.393
                      35:-0.496
                      36: 0.712
 
 I=  7/2- (3)  3.199  32: 0.744
                      33: 0.564
                      34: 0.328
                      37: 0.128
                      39:-0.058
 
 I=  7/2- (4)  3.329  25:-0.282
                      28:-0.497
                      29: 0.052
                      30:-0.500
                      35:-0.534
                      36:-0.303
                      38: 0.206
 
 I=  7/2- (5)  4.206  26:-0.053
                      27:-0.102
                      28:-0.531
                      30: 0.667
                      35: 0.130
                      36:-0.493

             ENERGY    K= OMEGA
 
 I=  9/2- (1)  1.929  26: 0.065
                      27:-0.230
                      29: 0.180
                      31: 0.954
 
 I=  9/2- (2)  3.177  26: 0.294
                      27: 0.096
                      29: 0.926
                      30: 0.086
                      31:-0.170
                      36:-0.085
 
 I=  9/2- (3)  3.439  25:-0.323
                      28: 0.445
                      29:-0.110
                      30: 0.592
                      35:-0.309
                      36:-0.449
                      38: 0.186
 
 I=  9/2- (4)  4.461  32: 0.243
                      33:-0.608
                      34: 0.646
                      37:-0.393
 
 I=  9/2- (5)  4.588  25: 0.210
                      26:-0.068
                      27: 0.067
                      28:-0.098
                      30:-0.410
                      35:-0.692
                      36:-0.441
                      38:-0.307

             ENERGY    K= OMEGA
 
 I= 11/2- (1)  2.370  32:-0.691
                      33:-0.577
                      34:-0.390
                      37:-0.190
 
 I= 11/2- (2)  2.944  26:-0.109
                      27:-0.309
                      29: 0.250
                      31:-0.911
 
 I= 11/2- (3)  4.314  26: 0.347
                      27:-0.127
                      29:-0.888
                      30:-0.075
                      31:-0.241
                      36:-0.079
 
 I= 11/2- (4)  4.958  28:-0.357
                      30: 0.449
                      31:-0.050
                      35:-0.500
                      36: 0.642
 
 I= 11/2- (5)  5.181  25:-0.381
                      28:-0.547
                      29: 0.115
                      30:-0.514
                      35:-0.405
                      36:-0.246
                      38: 0.229

             ENERGY    K= OMEGA
 
 I= 13/2- (1)  4.179  26: 0.148
                      27:-0.358
                      29: 0.297
                      31: 0.872
 
 I= 13/2- (2)  4.611  32: 0.228
                      33:-0.587
                      34: 0.654
                      37:-0.419
 
 I= 13/2- (3)  5.331  25:-0.409
                      26: 0.050
                      28: 0.474
                      29: 0.119
                      30: 0.601
                      35:-0.245
                      36:-0.356
                      38: 0.204
 
 I= 13/2- (4)  5.699  25: 0.057
                      26: 0.380
                      27: 0.153
                      28:-0.089
                      29: 0.848
                      30:-0.053
                      31:-0.295
                      35: 0.104
 
 I= 13/2- (5)  7.266  25: 0.214
                      26:-0.067
                      27: 0.073
                      28:-0.087
                      29: 0.066
                      30:-0.280
                      35:-0.669
                      36:-0.545
                      38:-0.327

             ENERGY     K= 1/2
  32 LEVELS    TIME=  0.0 SEC



 ******************* EXCITATION ENERGIES, DOMINANT CONFIGURATION AND EXPECTATION VALUES (WITH S.P. UU+VV FACTORS) *******************

  NR  Eex(keV)  I   Kdom  NY    <Jz>  <Jx**2> <Jy**2> <Jz**2> <I.j>/|I|  <Rx**2> <Ry**2> <Rz**2> <R.j>/|R|  <HROTx> <HROTy> <HROTz>

   1    0.0   9/2-   9/2  31    3.81    2.59    2.59   19.51    4.40       2.83    2.83   -0.00   -1.17      0.345   0.345  -0.000
   2  305.3   3/2-  -3/2  35   -1.23    1.96    1.96    1.98    1.50       1.92    1.92    0.00   -1.53      0.234   0.234   0.000
   3  341.0   7/2-  -7/2  29   -3.21    2.31    2.31   11.95    3.40       2.68    2.68   -0.00   -1.34      0.327   0.327  -0.000
   4  441.1  11/2-   1/2  32   -0.01   25.98   25.98    2.26    6.68       5.05    5.05    0.00   -4.49      0.615   0.615   0.000
   5  444.5   5/2-   5/2  36    0.71    3.02    3.02    3.91    2.48       2.02    2.02    0.00   -1.30      0.246   0.246   0.000
  
   6  720.9   3/2-  -3/2  30   -1.32    4.57    4.57    2.07    1.46       4.65    4.65    0.00   -2.75      0.566   0.566   0.000
   7  864.7   1/2-   1/2  28    0.50    4.50    4.50    0.25    0.47       4.59    4.59    0.00   -2.92      0.560   0.560   0.000
   8  937.6   5/2-  -3/2  35   -1.35    2.10    2.10    2.20    1.02       4.57    4.57    0.00   -1.12      0.557   0.557   0.000
   9 1015.1  11/2-   9/2  31    3.21    2.85    2.85   18.81    3.95       6.53    6.53   -0.00   -0.25      0.796   0.796  -0.000
  10 1040.4   1/2-   1/2  38    0.50    1.48    1.48    0.25    0.62       1.44    1.44    0.00   -1.57      0.175   0.175   0.000
  
  11 1072.4   5/2-   5/2  36    1.06    3.32    3.32    3.44    1.73       4.29    4.29   -0.00   -1.69      0.523   0.523  -0.000
  12 1114.2   7/2-   5/2  36    0.70    2.58    2.58    4.13    1.91       4.93    4.93    0.00   -0.54      0.601   0.601   0.000
  13 1247.5   9/2-  -7/2  29   -2.68    2.45    2.45   11.80    2.95       6.05    6.05   -0.00   -0.58      0.738   0.738  -0.000
  14 1269.5   7/2-   1/2  32    0.01   25.20   25.20    1.73    6.37       8.65    8.65    0.00   -6.45      1.055   1.055   0.000
  15 1400.1   7/2-  -3/2  35   -0.40    2.98    2.98    1.91    1.51       5.82    5.82   -0.00   -0.55      0.710   0.710  -0.000
  
  16 1509.6   9/2-  -3/2  30   -0.03    4.21    4.21    2.54    2.37       6.05    6.05    0.00    0.25      0.737   0.737   0.000
  17 1872.9   5/2-   1/2  38    0.34    1.70    1.70    0.49    0.44       5.01    5.01    0.00   -0.82      0.611   0.611   0.000
  18 2238.8   5/2-   1/2  28   -0.12    4.17    4.17    1.10   -0.39      10.25   10.25    0.00   -2.34      1.250   1.250   0.000
  19 2250.1  13/2-   9/2  31    2.72    3.06    3.06   18.19    3.63      11.19   11.19   -0.00    0.22      1.364   1.364  -0.000
  20 2276.3   7/2-  -3/2  30    0.03    3.71    3.71    2.77    0.66      10.35   10.35    0.00   -1.66      1.262   1.262   0.000
  
  21 2384.4  11/2-  -7/2  29   -2.25    2.55    2.55   11.85    2.66      10.43   10.43   -0.00   -0.23      1.272   1.272  -0.000
  22 2531.7   9/2-   5/2  34   -0.02   25.61   25.61    5.34    5.71      12.25   12.25    0.00   -5.69      1.493   1.493   0.000
  23 2659.1   9/2-  -3/2  35   -0.42    2.28    2.28    2.82    1.07      10.76   10.76    0.00   -0.45      1.312   1.312   0.000
  24 2681.3  13/2-   5/2  34   -0.04   25.59   25.59    5.61    5.74      12.69   12.69    0.00   -3.32      1.547   1.547   0.000
  25 3028.5  11/2-   5/2  36    0.43    2.86    2.86    3.72    1.61      12.96   12.96   -0.00    0.04      1.579   1.579  -0.000
  
  26 3251.7  11/2-   1/2  28   -0.29    3.42    3.42    1.64    1.55      12.85   12.85    0.00    0.15      1.567   1.567   0.000
  27 3401.9  13/2-  -3/2  30   -0.14    4.66    4.66    2.05    2.41      13.27   13.27    0.00    1.05      1.617   1.617   0.000
  28 3636.3   1/2-   1/2  25    0.50    6.09    6.09    0.25    0.69       5.99    5.99   -0.00   -3.42      0.731   0.731  -0.000
  29 3769.4  13/2-  -7/2  29   -1.86    2.68    2.68   11.80    2.44      15.89   15.89   -0.00   -0.02      1.937   1.937  -0.000
  30 4460.4   1/2-   1/2  39    0.50   13.31   13.31    0.25   -2.18      15.69   15.69    0.00   -5.13      1.913   1.913   0.000
  
  31 5337.0  13/2-  -3/2  35    0.02    2.12    2.12    3.27    0.95      21.47   21.47    0.00   -0.13      2.618   2.618   0.000
  32 7452.0   1/2-   1/2  32    0.50   26.21   26.21    0.25   -3.63      29.85   29.85    0.00   -7.22      3.640   3.640   0.000
