1SPECTRUM OF (Z= 82 A=207) IN PARTICLE-ROTOR  MODEL WITH MODIFIED OSCILLATOR POTENTIAL


 PARITY=-   EPS= 0.240   GAMMA=  0.0   EPS4=0.000   EPS6=0.000   LEVELS:  27  28  29  30  31  32  33  34  35  36  37  38  39  40  40

 PAIRING FACTORS: GN0= 19.20  GN1=  7.40  IPAIR= 15 ***  E2PLUS(INPUT)=   0.730  E2PLUR(INPUT)=   0.000

 CORIOLIS ATTENUATION PARAMETERS:  CHSI=1.000  ETA=  1.00

 MOMENT OF INERTIA PARAMETERS:   A1=  0.122 MEV   A2=  0.122 MEV   A3=121.91923 MEV


 DELTA=0.938 MEV  LAMBDA=53.4368 MEV   HW0= 7.4615 MEV   LAMBDA/HW0= 7.1616

 E2ENERGY=0.730 MEV  HBAR**2/B=10680./A**(7/3)=1805.5/A**2 MEV

 IREC=0  =>  RECOIL TERMS j+j-, j+j+, jzjz, ETC TREATED AS ONE-BODY OPERATORS WITH UU+VV PAIRING FACTORS



 S. P. LEVEL   EQP       U     V        (UU + VV)**1.00

     27       3.412    0.139 0.990      1.000 0.996 0.993 0.990 0.985 0.695 0.555 0.542 0.475 0.404 0.371 0.311 0.258 0.248 0.248
     28       2.100    0.229 0.973      0.996 1.000 1.000 0.999 0.997 0.758 0.630 0.617 0.554 0.487 0.455 0.397 0.346 0.336 0.336
     29       1.925    0.252 0.968      0.993 1.000 1.000 1.000 0.998 0.773 0.647 0.635 0.573 0.507 0.476 0.418 0.367 0.357 0.357
     30       1.763    0.277 0.961      0.990 0.999 1.000 1.000 0.999 0.789 0.667 0.655 0.594 0.529 0.498 0.441 0.391 0.382 0.382
     31       1.598    0.309 0.951      0.985 0.997 0.998 0.999 1.000 0.809 0.691 0.679 0.620 0.557 0.527 0.471 0.422 0.412 0.412
     32       0.986    0.809 0.588      0.695 0.758 0.773 0.789 0.809 1.000 0.984 0.981 0.963 0.939 0.926 0.899 0.874 0.869 0.869
     33       1.198    0.901 0.435      0.555 0.630 0.647 0.667 0.691 0.984 1.000 1.000 0.996 0.985 0.978 0.963 0.947 0.943 0.943
     34       1.231    0.908 0.420      0.542 0.617 0.635 0.655 0.679 0.981 1.000 1.000 0.997 0.988 0.982 0.967 0.952 0.949 0.949
     35       1.438    0.938 0.348      0.475 0.554 0.573 0.594 0.620 0.963 0.996 0.997 1.000 0.997 0.993 0.984 0.973 0.970 0.970
     36       1.784    0.962 0.273      0.404 0.487 0.507 0.529 0.557 0.939 0.985 0.988 0.997 1.000 0.999 0.995 0.988 0.986 0.986
     37       2.022    0.971 0.239      0.371 0.455 0.476 0.498 0.527 0.926 0.978 0.982 0.993 0.999 1.000 0.998 0.993 0.992 0.992
     38       2.710    0.984 0.176      0.311 0.397 0.418 0.441 0.471 0.899 0.963 0.967 0.984 0.995 0.998 1.000 0.998 0.998 0.998
     39       3.891    0.993 0.121      0.258 0.346 0.367 0.391 0.422 0.874 0.947 0.952 0.973 0.988 0.993 0.998 1.000 1.000 1.000
     40       4.263    0.994 0.111      0.248 0.336 0.357 0.382 0.412 0.869 0.943 0.949 0.970 0.986 0.992 0.998 1.000 1.000 1.000
     40       4.263    0.994 0.111      0.248 0.336 0.357 0.382 0.412 0.869 0.943 0.949 0.970 0.986 0.992 0.998 1.000 1.000 1.000

  R CORE   ENERGY   A0R/A00=1.000    R3= 0     2  
   2( 1)    0.732                    1.000 0.000
   2( 2)  487.921                    0.000 1.000

  R CORE   ENERGY   A0R/A00=1.000    R3= 0     2  
   3( 1)  488.652                    0.000 1.000

  R CORE   ENERGY   A0R/A00=1.000    R3= 0     2     4  
   4( 1)    2.438                    1.000 0.000 0.000

  R CORE   ENERGY   A0R/A00=1.000    R3= 0     2     4  
   5( 1)  490.847                    0.000 1.000 0.000

  R CORE   ENERGY   A0R/A00=1.000    R3= 0     2     4     6  
   6( 1)    5.121                    1.000 0.000 0.000 0.000

  R CORE   ENERGY   A0R/A00=1.000    R3= 0     2     4     6  
   7( 1)  494.017                    0.000 1.000 0.000 0.000

          AXIAL SYMMETRY => K RESTRICTED TO OMEGA

                     K
     S.P. ORB#: 27 -3.50
     S.P. ORB#: 28 -3.50
     S.P. ORB#: 29  0.50
     S.P. ORB#: 30 -1.50
     S.P. ORB#: 31  4.50
     S.P. ORB#: 32  0.50
     S.P. ORB#: 33 -1.50
     S.P. ORB#: 34 -1.50
     S.P. ORB#: 35  2.50
     S.P. ORB#: 36  2.50
     S.P. ORB#: 37  0.50
     S.P. ORB#: 38 -3.50
     S.P. ORB#: 39  4.50
     S.P. ORB#: 40  0.50
     S.P. ORB#: 40  0.50
 

             ENERGY    K= OMEGA
 
 I=  1/2- (1)  2.319  37:-0.999
 
 I=  1/2- (2)  3.045  29: 0.999
 
 I=  1/2- (3)  4.324  40:-0.707
                      40: 0.707
 
 I=  1/2- (4)  7.381  32:-0.904
                      40: 0.302
                      40: 0.302
 
 I=  1/2- (5) 13.596  32:-0.427
                      40:-0.640
                      40:-0.640

             ENERGY    K= OMEGA
 
 I=  3/2- (1)  1.753  29:-0.177
                      30:-0.088
                      34:-0.978
                      37: 0.068
 
 I=  3/2- (2)  2.847  30: 0.720
                      34:-0.111
                      37:-0.685
 
 I=  3/2- (3)  2.942  29: 0.544
                      30:-0.579
                      34:-0.088
                      37:-0.601
 
 I=  3/2- (4)  3.640  29: 0.820
                      30: 0.372
                      34:-0.154
                      37: 0.406
 
 I=  3/2- (5)  4.690  40:-0.707
                      40: 0.707

             ENERGY    K= OMEGA
 
 I=  5/2- (1)  1.931  29: 0.143
                      30: 0.179
                      34:-0.487
                      35:-0.842
 
 I=  5/2- (2)  2.414  29: 0.196
                      30:-0.203
                      34:-0.834
                      35: 0.468
                      37:-0.075
 
 I=  5/2- (3)  2.906  29:-0.270
                      30:-0.364
                      35:-0.176
                      37:-0.874
 
 I=  5/2- (4)  3.678  29:-0.358
                      30:-0.784
                      35:-0.180
                      37: 0.474
 
 I=  5/2- (5)  4.360  29: 0.860
                      30:-0.424
                      34: 0.257
                      35:-0.097
                      37:-0.068

             ENERGY    K= OMEGA
 
 I=  7/2- (1)  2.559  28: 0.067
                      29: 0.207
                      30:-0.237
                      34: 0.541
                      35:-0.775
 
 I=  7/2- (2)  3.047  27: 0.119
                      28:-0.982
                      29: 0.054
                      34: 0.136
 
 I=  7/2- (3)  3.229  28:-0.132
                      29:-0.277
                      30:-0.273
                      34:-0.730
                      35:-0.515
                      37: 0.181
 
 I=  7/2- (4)  3.246  32: 0.755
                      33: 0.550
                      36: 0.318
                      38: 0.124
                      40:-0.072
                      40:-0.072
 
 I=  7/2- (5)  4.315  29: 0.415
                      30:-0.796
                      35: 0.329
                      37: 0.288

             ENERGY    K= OMEGA
 
 I=  9/2- (1)  2.399  27: 0.243
                      28: 0.129
                      31:-0.961
 
 I=  9/2- (2)  3.402  28: 0.071
                      29:-0.256
                      30:-0.316
                      34: 0.526
                      35: 0.727
                      37:-0.143
 
 I=  9/2- (3)  4.157  27: 0.162
                      28:-0.962
                      29:-0.080
                      31:-0.088
                      34: 0.174
                      35:-0.055
 
 I=  9/2- (4)  4.342  28:-0.162
                      29: 0.163
                      30:-0.372
                      34:-0.740
                      35: 0.378
                      37:-0.342
 
 I=  9/2- (5)  4.351  32: 0.223
                      33:-0.554
                      36: 0.621
                      38:-0.459
                      39: 0.216

             ENERGY    K= OMEGA
 
 I= 11/2- (1)  2.240  32: 0.673
                      33: 0.568
                      36: 0.401
                      38: 0.232
                      39: 0.098
 
 I= 11/2- (2)  3.420  27: 0.327
                      28: 0.160
                      31: 0.930
 
 I= 11/2- (3)  4.518  28:-0.076
                      29:-0.290
                      30: 0.317
                      31:-0.053
                      34:-0.560
                      35: 0.701
 
 I= 11/2- (4)  5.478  27: 0.171
                      28:-0.781
                      29: 0.231
                      30: 0.167
                      31: 0.066
                      34: 0.422
                      35: 0.274
                      37:-0.148
 
 I= 11/2- (5)  5.593  27: 0.084
                      28:-0.580
                      29:-0.259
                      30:-0.317
                      31: 0.088
                      34:-0.499
                      35:-0.430
                      37: 0.219

             ENERGY    K= OMEGA
 
 I= 13/2- (1)  4.018  32:-0.191
                      33: 0.500
                      36:-0.609
                      38: 0.512
                      39:-0.283
 
 I= 13/2- (2)  4.673  27: 0.382
                      28: 0.176
                      31:-0.905
                      35:-0.063
 
 I= 13/2- (3)  5.795  28: 0.072
                      29:-0.325
                      30:-0.387
                      31:-0.068
                      34: 0.511
                      35: 0.652
                      37:-0.218
 
 I= 13/2- (4)  7.076  27: 0.191
                      28:-0.820
                      29:-0.170
                      30:-0.150
                      31:-0.072
                      35:-0.194
                      37:-0.441
 
 I= 13/2- (5)  7.086  27:-0.084
                      28: 0.369
                      29: 0.053
                      30:-0.350
                      34:-0.612
                      35: 0.059
                      37:-0.593

             ENERGY     K= 1/2
  35 LEVELS    TIME=  0.0 SEC



 ******************* EXCITATION ENERGIES, DOMINANT CONFIGURATION AND EXPECTATION VALUES (WITH S.P. UU+VV FACTORS) *******************

  NR  Eex(keV)  I   Kdom  NY    <Jz>  <Jx**2> <Jy**2> <Jz**2> <I.j>/|I|  <Rx**2> <Ry**2> <Rz**2> <R.j>/|R|  <HROTx> <HROTy> <HROTz>

   1    0.0   3/2-  -3/2  34   -1.43    1.67    1.67    2.18    1.35       2.02    2.02   -0.00   -1.44      0.246   0.246  -0.000
   2  177.5   5/2-   5/2  35    1.38    1.89    1.89    5.04    2.25       2.13    2.13    0.00   -1.05      0.260   0.260   0.000
   3  487.4  11/2-   1/2  32   -0.00   26.92   26.92    2.70    7.08       3.84    3.84   -0.00   -5.14      0.468   0.468  -0.011
   4  565.7   1/2-   1/2  37    0.50    1.44    1.44    0.25    0.83       1.22    1.22    0.00   -1.54      0.148   0.148   0.000
   5  645.6   9/2-   9/2  31    3.89    2.57    2.57   19.63    4.41       2.81    2.81   -0.00   -1.19      0.343   0.343  -0.000
  
   6  661.0   5/2-  -3/2  34   -0.54    1.68    1.68    3.04    1.06       4.45    4.45    0.00   -1.10      0.542   0.542   0.000
   7  805.6   7/2-   5/2  35    0.98    2.06    2.06    4.63    1.91       4.65    4.65    0.00   -0.38      0.568   0.568   0.000
   8 1093.9   3/2-  -3/2  30   -0.56    2.97    2.97    1.31    0.79       3.97    3.97    0.00   -2.03      0.485   0.485   0.000
   9 1153.1   5/2-   1/2  37    0.30    2.13    2.13    0.70    1.01       3.87    3.87    0.00   -0.71      0.472   0.472   0.000
  10 1188.6   3/2-   1/2  37   -0.19    2.99    2.99    0.94    0.55       4.27    4.27   -0.00   -2.00      0.521   0.521  -0.000
  
  11 1292.0   1/2-   1/2  29    0.50    4.26    4.26    0.25    0.20       4.59    4.59    0.00   -2.84      0.560   0.560   0.000
  12 1293.8   7/2-  -7/2  28   -3.45    2.05    2.05   12.02    3.04       3.87    3.87    0.00   -1.46      0.472   0.472   0.000
  13 1475.9   7/2-  -3/2  34   -0.26    1.82    1.82    3.27    0.99       7.42    7.42   -0.00   -0.78      0.904   0.904  -0.000
  14 1492.5   7/2-   1/2  32    0.04   25.51   25.51    1.65    6.50       8.42    8.42   -0.00   -6.55      1.027   1.027  -0.318
  15 1649.4   9/2-   5/2  35    0.78    2.29    2.29    4.29    1.78       7.95    7.95    0.00   -0.00      0.969   0.969   0.000
  
  16 1666.5  11/2-   9/2  31    3.43    2.80    2.80   19.15    3.95       6.63    6.63   -0.00   -0.31      0.808   0.808  -0.000
  17 1887.0   3/2-   1/2  29    0.18    3.98    3.98    0.57   -0.51       7.13    7.13    0.00   -2.52      0.869   0.869   0.000
  18 1925.4   5/2-  -3/2  30   -0.67    3.41    3.41    1.67    0.35       7.58    7.58    0.00   -1.91      0.924   0.924   0.000
  19 2265.1  13/2-   5/2  36    0.02   25.58   25.58    7.72    6.53       8.19    8.19   -0.00   -3.27      0.999   0.999  -0.003
  20 2404.3   9/2-  -7/2  28   -3.33    2.01    2.01   11.91    2.39       8.43    8.43    0.00   -0.98      1.028   1.028   0.000
  
  21 2561.9   7/2-  -3/2  30   -0.56    3.78    3.78    2.19    0.59      10.40   10.40    0.00   -1.62      1.268   1.268   0.000
  22 2571.0   1/2-   1/2  40    0.00    0.00    0.00    0.00    0.00       0.25    0.25    0.25    0.00      0.030   0.030  30.480
  23 2589.4   9/2-  -3/2  34   -0.69    1.75    1.75    2.81    0.75      11.79   11.79    0.00   -0.53      1.437   1.437   0.000
  24 2598.4   9/2-   5/2  36    0.00   25.87   25.87    6.64    6.30      10.23   10.23   -0.00   -5.98      1.247   1.247  -0.000
  25 2607.1   5/2-   1/2  29    0.03    4.16    4.16    0.80   -0.47      10.31   10.31    0.00   -2.31      1.257   1.257   0.000
  
  26 2765.0  11/2-   5/2  35    0.64    2.34    2.34    4.17    1.63      12.56   12.56    0.00    0.18      1.532   1.532   0.000
  27 2920.4  13/2-   9/2  31    3.07    2.97    2.97   18.76    3.62      11.47   11.47    0.00    0.12      1.398   1.398   0.000
  28 2936.6   3/2-   1/2  40    0.00    0.00    0.00    0.00   -0.00       1.75    1.75    0.25   -0.00      0.213   0.213  30.480
  29 3724.6  11/2-  -7/2  28   -2.30    1.98    1.98    8.87    1.62      14.63   14.63    0.00   -0.58      1.783   1.783   0.000
  30 3839.5  11/2-  -7/2  28   -1.17    2.01    2.01    6.33    1.20      15.89   15.89    0.00   -0.57      1.937   1.937   0.000
  
  31 4041.6  13/2-   5/2  35    0.52    2.57    2.57    3.79    1.62      17.54   17.54    0.00    0.40      2.139   2.139   0.000
  32 5322.7  13/2-  -7/2  28   -2.29    2.00    2.00    9.14    1.50      20.44   20.44    0.00   -0.41      2.492   2.492   0.000
  33 5333.0  13/2-  -3/2  34   -1.06    1.69    1.69    3.01    0.79      22.04   22.04    0.00   -0.13      2.687   2.687   0.000
  34 5627.6   1/2-   1/2  32    0.59   20.32   20.32    0.30   -3.37      23.78   23.78   -0.05   -6.36      2.899   2.899  -5.545
  3511843.4   1/2-   1/2  40    0.91   35.48   35.48    0.45   -5.24      40.72   40.72   -0.20   -8.43      4.965   4.965 -24.934
  
