1SPECTRUM OF (Z= 82 A=207) IN PARTICLE-ROTOR  MODEL WITH MODIFIED OSCILLATOR POTENTIAL


 PARITY=-   EPS= 0.462   GAMMA=  5.0   EPS4=0.000   EPS6=0.000   LEVELS:  25  26  27  28  29  30  31  32  33  34  35  36  37  38  39

 PAIRING FACTORS: GN0= 19.20  GN1=  7.40  IPAIR= 15 ***  E2PLUS(INPUT)=   0.730  E2PLUR(INPUT)=   0.000

 CORIOLIS ATTENUATION PARAMETERS:  CHSI=1.000  ETA=  1.00

 MOMENT OF INERTIA PARAMETERS:   A1=  0.134 MEV   A2=  0.109 MEV   A3= 11.83115 MEV


 DELTA=0.819 MEV  LAMBDA=53.4591 MEV   HW0= 7.6148 MEV   LAMBDA/HW0= 7.0204

 E2ENERGY=0.730 MEV  HBAR**2/B=38898./A**(7/3)=6575.6/A**2 MEV

 IREC=0  =>  RECOIL TERMS j+j-, j+j+, jzjz, ETC TREATED AS ONE-BODY OPERATORS WITH UU+VV PAIRING FACTORS



 S. P. LEVEL   EQP       U     V        (UU + VV)**1.00

     25       3.994    0.103 0.995      1.000 1.000 0.998 0.996 0.986 0.968 0.868 0.821 0.507 0.348 0.310 0.286 0.265 0.241 0.198
     26       3.081    0.134 0.991      1.000 1.000 1.000 0.998 0.991 0.976 0.883 0.839 0.534 0.377 0.340 0.316 0.295 0.271 0.229
     27       2.566    0.162 0.987      0.998 1.000 1.000 0.999 0.994 0.981 0.896 0.853 0.557 0.403 0.366 0.343 0.321 0.298 0.256
     28       2.123    0.197 0.980      0.996 0.998 0.999 1.000 0.998 0.988 0.911 0.871 0.587 0.435 0.399 0.376 0.355 0.332 0.290
     29       1.603    0.265 0.964      0.986 0.991 0.994 0.998 1.000 0.996 0.938 0.904 0.642 0.497 0.462 0.440 0.419 0.397 0.356
     30       1.254    0.349 0.937      0.968 0.976 0.981 0.988 0.996 1.000 0.965 0.938 0.707 0.571 0.538 0.517 0.497 0.476 0.437
     31       0.864    0.583 0.812      0.868 0.883 0.896 0.911 0.938 0.965 1.000 0.996 0.868 0.767 0.741 0.724 0.708 0.691 0.659
     32       0.828    0.652 0.758      0.821 0.839 0.853 0.871 0.904 0.938 0.996 1.000 0.908 0.821 0.797 0.782 0.768 0.752 0.722
     33       1.083    0.909 0.416      0.507 0.534 0.557 0.587 0.642 0.707 0.868 0.908 1.000 0.984 0.977 0.971 0.965 0.959 0.945
     34       1.697    0.968 0.249      0.348 0.377 0.403 0.435 0.497 0.571 0.767 0.821 0.984 1.000 0.999 0.998 0.996 0.994 0.988
     35       1.990    0.978 0.211      0.310 0.340 0.366 0.399 0.462 0.538 0.741 0.797 0.977 0.999 1.000 1.000 0.999 0.997 0.993
     36       2.240    0.983 0.186      0.286 0.316 0.343 0.376 0.440 0.517 0.724 0.782 0.971 0.998 1.000 1.000 1.000 0.999 0.996
     37       2.536    0.987 0.164      0.265 0.295 0.321 0.355 0.419 0.497 0.708 0.768 0.965 0.996 0.999 1.000 1.000 1.000 0.998
     38       2.960    0.990 0.140      0.241 0.271 0.298 0.332 0.397 0.476 0.691 0.752 0.959 0.994 0.997 0.999 1.000 1.000 0.999
     39       4.283    0.995 0.096      0.198 0.229 0.256 0.290 0.356 0.437 0.659 0.722 0.945 0.988 0.993 0.996 0.998 0.999 1.000

  R CORE   ENERGY   A0R/A00=1.000    R3= 0     2  
   2( 1)    0.730                    1.000-0.001
   2( 2)   47.568                    0.001 1.000

  R CORE   ENERGY   A0R/A00=1.000    R3= 0     2  
   3( 1)   48.298                    0.000 1.000

  R CORE   ENERGY   A0R/A00=1.000    R3= 0     2     4  
   4( 1)    2.433                    1.000-0.004 0.000

  R CORE   ENERGY   A0R/A00=1.000    R3= 0     2     4  
   5( 1)   50.488                    0.000 1.000-0.001

  R CORE   ENERGY   A0R/A00=1.000    R3= 0     2     4     6  
   6( 1)    5.108                    1.000-0.008 0.000-0.000

  R CORE   ENERGY   A0R/A00=1.000    R3= 0     2     4     6  
   7( 1)   53.651                    0.000 1.000-0.002 0.000
 

             ENERGY     K= 1/2
 
 I=  1/2- (1)  4.182  30: 0.183
                      31:-0.889
                      36: 0.395
                      38: 0.125
 
 I=  1/2- (2)  5.155  28: 0.163
                      29:-0.062
                      32:-0.773
                      33: 0.610
 
 I=  1/2- (3)  6.898  30: 0.122
                      31:-0.398
                      36:-0.849
                      38:-0.321
 
 I=  1/2- (4) 12.127  25: 1.000
 
 I=  1/2- (5) 49.179  28: 0.484
                      29:-0.130
                      32:-0.464
                      33:-0.730

             ENERGY     K= 1/2  -3/2
 
 I=  3/2- (1)  4.388  26:-0.054-0.066
                      30:-0.214-0.001
                      31: 0.946 0.001
                      36: 0.044 0.075
                      38: 0.035-0.204
 
 I=  3/2- (2)  5.209  28:-0.111 0.037
                      29: 0.043-0.121
                      32: 0.529-0.439
                      33:-0.418-0.568

             ENERGY     K= 5/2   1/2  -3/2
 
 I=  5/2- (1)  4.404  26:-0.000-0.043 0.088
                      30:-0.066-0.160 0.001
                      31:-0.015 0.802-0.000
                      36:-0.002-0.479-0.084
                      38:-0.001-0.157 0.231
 
 I=  5/2- (2)  4.971  28:-0.980 0.005 0.005
                      32:-0.149-0.019-0.060
                      33: 0.076 0.015-0.077
 
 I=  5/2- (3)  5.727  25:-0.000 0.111-0.000
                      28: 0.095 0.090 0.042
                      29: 0.004-0.034-0.136
                      32: 0.014-0.422-0.496
                      33:-0.007 0.334-0.642
 
 I=  5/2- (4)  6.378  28:-0.034 0.136-0.028
                      29:-0.001-0.052 0.092
                      32:-0.004-0.644 0.333
                      33: 0.002 0.506 0.430
 
 I=  5/2- (5)  6.618  26:-0.003 0.003 0.495
                      30:-0.828-0.007-0.007
                      31:-0.193-0.007 0.029
                      36:-0.029 0.158 0.016
                      38:-0.010 0.058-0.041

             ENERGY     K= 5/2   1/2  -3/2  -7/2
 
 I=  7/2- (1)  4.287  28: 0.149-0.000 0.000-0.024
                      29: 0.006 0.000-0.002 0.970
                      32: 0.023 0.001-0.005-0.145
                      33:-0.011-0.001-0.006-0.101
                      35:-0.000-0.000 0.000 0.052
 
 I=  7/2- (2)  4.702  26: 0.001 0.046 0.227 0.001
                      30: 0.219 0.196-0.001 0.000
                      31: 0.051-0.836 0.007-0.000
                      34:-0.000 0.008 0.046 0.084
                      36: 0.008-0.200-0.108 0.009
                      38: 0.003-0.089 0.298-0.011
 
 I=  7/2- (3)  4.954  28:-0.355 0.001-0.001-0.003
                      29:-0.014-0.000 0.004 0.104
                      32:-0.054-0.004 0.017-0.009
                      35: 0.000 0.000 0.001-0.926
 
 I=  7/2- (4)  5.980  28:-0.886 0.014-0.010-0.003
                      29:-0.035-0.005 0.030 0.118
                      32:-0.135-0.058 0.113-0.020
                      33: 0.068 0.046 0.146-0.017
                      35: 0.000 0.000 0.001 0.369
 
 I=  7/2- (5)  6.203  26: 0.002-0.020 0.389 0.006
                      30: 0.691-0.060-0.006 0.000
                      31: 0.162 0.264 0.025-0.001
                      34:-0.001-0.002-0.024 0.492
                      36: 0.023 0.055 0.048 0.052
                      38: 0.008 0.025-0.127-0.064

             ENERGY     K= 9/2   5/2   1/2  -3/2  -7/2
 
 I=  9/2- (1)  4.753  28:-0.000-0.129 0.001 0.000-0.014
                      29:-0.000-0.005-0.000-0.003 0.590
                      32:-0.000-0.019-0.001-0.005-0.089
                      33: 0.000 0.010 0.001-0.006-0.063
                      35: 0.004 0.000 0.000-0.000 0.157
                      37: 0.773-0.000-0.000 0.000-0.001
 
 I=  9/2- (2)  5.226  26:-0.000-0.001-0.033 0.292 0.003
                      30:-0.001-0.371-0.131-0.002 0.000
                      31:-0.000-0.088 0.654 0.010-0.000
                      34:-0.000 0.001 0.025 0.039 0.244
                      36: 0.000-0.011-0.394-0.095 0.026
                      38: 0.000-0.004-0.129 0.263-0.032
                      39: 0.101-0.001 0.001 0.000 0.000
 
 I=  9/2- (3)  5.703  28:-0.000-0.162 0.001 0.001-0.019
                      29: 0.000-0.007-0.000-0.004 0.758
                      32: 0.000-0.025-0.002-0.009-0.113
                      33:-0.000 0.013 0.002-0.011-0.077
                      35:-0.003 0.000 0.000 0.000-0.097
                      37:-0.607 0.002-0.000 0.000 0.000
 
 I=  9/2- (4)  5.943  28:-0.000-0.446 0.003 0.002 0.003
                      29:-0.000-0.018-0.001-0.007-0.116
                      32:-0.000-0.067-0.009-0.029 0.011
                      35:-0.001 0.000 0.000-0.002 0.867
                      37:-0.163 0.000-0.000 0.000-0.003
 
 I=  9/2- (5)  6.008  26: 0.000 0.002-0.023-0.292-0.006
                      30: 0.002 0.527-0.069 0.005-0.000
                      31: 0.000 0.123 0.376-0.020 0.001
                      34: 0.000-0.001 0.021 0.024-0.511
                      36:-0.001 0.019-0.332-0.053-0.053
                      38:-0.000 0.006-0.113 0.140 0.065
                      39:-0.244 0.004 0.001 0.000-0.000

             ENERGY     K= 9/2   5/2   1/2  -3/2  -7/2 -11/2
 
 I= 11/2- (1)  4.255  27: 0.000 0.000-0.000-0.000 0.002-0.998
 
 I= 11/2- (2)  5.330  26:-0.000-0.002-0.027-0.388-0.005-0.000
                      30:-0.001-0.479-0.136 0.004-0.000-0.000
                      31:-0.000-0.113 0.568-0.018 0.000 0.000
                      34:-0.000 0.001-0.008-0.035-0.354-0.001
                      36: 0.000-0.017 0.182 0.085-0.037-0.000
                      38: 0.000-0.006 0.078-0.237 0.046 0.000
                      39: 0.179-0.001 0.000-0.000-0.000-0.000
 
 I= 11/2- (3)  5.828  28:-0.000-0.166 0.001-0.001 0.015 0.000
                      29:-0.000-0.007-0.000 0.004-0.612-0.001
                      32:-0.000-0.025-0.001 0.007 0.093 0.000
                      33: 0.000 0.013 0.001 0.009 0.066-0.000
                      35: 0.004 0.000 0.000 0.001-0.201 0.001
                      37: 0.736-0.001-0.000-0.000 0.001-0.000
 
 I= 11/2- (4)  6.571  26: 0.000 0.001-0.037 0.115 0.006 0.000
                      30: 0.003 0.356-0.141-0.003 0.000 0.000
                      31: 0.001 0.083 0.590 0.012-0.001-0.000
                      34: 0.000-0.001-0.009-0.041 0.509 0.001
                      36:-0.001 0.011 0.197 0.093 0.052 0.000
                      38:-0.000 0.004 0.083-0.251-0.063-0.000
                      39:-0.313 0.002 0.000-0.000 0.000 0.000
 
 I= 11/2- (5)  7.176  28: 0.000 0.390-0.003 0.002 0.010-0.000
                      29: 0.000 0.016 0.001-0.006-0.390 0.001
                      32:-0.000 0.059 0.008-0.029 0.052-0.000
                      35:-0.000-0.000-0.000-0.003 0.827-0.002

             ENERGY     K=13/2   9/2   5/2   1/2  -3/2  -7/2 -11/2
 
 I= 13/2- (1)  5.835  27: 0.000 0.000 0.000-0.000 0.000-0.003 0.998
 
 I= 13/2- (2)  6.089  26:-0.000-0.000-0.002-0.012 0.402 0.007 0.000
                      30: 0.000-0.002-0.571-0.062-0.004 0.000 0.000
                      31: 0.000-0.001-0.135 0.292 0.018-0.001-0.000
                      34: 0.000-0.000 0.001 0.009 0.020 0.514 0.001
                      36:-0.000 0.001-0.018-0.130-0.052 0.054 0.000
                      38: 0.000 0.000-0.006-0.040 0.146-0.065-0.000
                      39:-0.001 0.299-0.001 0.000 0.000 0.000 0.000
 
 I= 13/2- (3)  7.170  28:-0.000 0.000 0.195-0.002-0.001 0.015 0.000
                      29:-0.000 0.000 0.008 0.000 0.006-0.618-0.001
                      32:-0.000 0.000 0.029 0.002 0.009 0.094-0.000
                      33: 0.000-0.000-0.015-0.002 0.012 0.067-0.000
                      35: 0.000-0.003-0.000-0.000 0.001-0.232 0.002
                      37: 0.002-0.713 0.001 0.000-0.000 0.001-0.000
 
 I= 13/2- (4)  7.552  30:-0.000 0.003 0.138-0.127 0.003-0.000-0.000
                      31:-0.000 0.001 0.031 0.660-0.009 0.001 0.000
                      34:-0.000 0.000-0.000 0.031 0.047-0.321-0.001
                      36: 0.000-0.000 0.007-0.488-0.108-0.032-0.000
                      38:-0.000-0.000 0.003-0.164 0.295 0.038 0.000
                      39: 0.000-0.230 0.001 0.001 0.000-0.000-0.000
 
 I= 13/2- (5)  8.662  28: 0.000 0.001-0.494 0.008 0.004 0.006 0.000
                      29: 0.000 0.000-0.020-0.002-0.011-0.237 0.000
                      32:-0.000 0.000-0.075-0.022-0.049 0.030-0.000
                      33: 0.000-0.000 0.038 0.017-0.063 0.013-0.000
                      35: 0.000-0.001 0.000 0.000-0.004 0.804-0.003
                      37: 0.000-0.191 0.000-0.000 0.000-0.003 0.000

             ENERGY     K=13/2   9/2   5/2   1/2  -3/2  -7/2 -11/2
  32 LEVELS    TIME=  0.0 SEC



 ******************* EXCITATION ENERGIES, DOMINANT CONFIGURATION AND EXPECTATION VALUES (WITH S.P. UU+VV FACTORS) *******************

  NR  Eex(keV)  I   Kdom  NY    <Jz>  <Jx**2> <Jy**2> <Jz**2> <I.j>/|I|  <Rx**2> <Ry**2> <Rz**2> <R.j>/|R|  <HROTx> <HROTy> <HROTz>

   1    0.0   1/2-   1/2  31    0.50   12.82   12.45    0.26    1.15      12.32   11.95    0.01   -4.98      1.650   1.307   0.093
   2   73.6  11/2-  11/2  27   -5.48    2.79    2.70   30.11    5.05       5.52    5.45    0.03   -1.64      0.739   0.597   0.356
   3  105.6   7/2-   7/2  29   -3.33    6.57    6.04   11.95    3.10       8.08    7.58    0.07   -3.09      1.082   0.829   0.782
   4  206.5   3/2-   1/2  31    0.40   13.97   14.13    0.38    1.66      12.74   13.04    0.02   -4.97      1.706   1.426   0.256
   5  221.8   5/2-   1/2  31    0.37   13.29   12.88    0.42    1.89      12.28   11.86    0.01   -4.27      1.645   1.298   0.073
  
   6  520.1   7/2-   1/2  31    0.27   15.83   16.23    0.97    2.95      12.43   12.93    0.03   -4.23      1.665   1.415   0.323
   7  571.7   9/2-   9/2  37    1.36    4.12    3.62   16.62    3.82       5.66    5.36    0.10   -1.61      0.758   0.587   1.238
   8  771.8   7/2-   7/2  35   -2.67    2.91    2.58   11.27    3.08       4.06    3.85    0.17   -1.60      0.543   0.421   1.991
   9  789.5   5/2-   5/2  28    2.45    6.11    6.16    6.23    2.11       7.28    7.35    0.09   -3.19      0.976   0.805   1.115
  10  973.1   1/2-   1/2  32    0.44    4.95    5.45    0.43    0.07       5.33    5.88    0.24   -3.18      0.714   0.643   2.835
  
  11 1027.3   3/2-   3/2  33   -0.56    4.84    5.55    1.43    1.07       5.21    5.97    0.24   -2.88      0.697   0.653   2.873
  12 1044.2   9/2-   1/2  31    0.26   16.48   16.17    2.38    3.18      14.24   13.91    0.02   -3.62      1.907   1.522   0.186
  13 1148.3  11/2-   1/2  31    0.17   19.66   19.83    4.31    4.43      13.00   13.58    0.03   -3.36      1.741   1.486   0.398
  14 1521.7   9/2-   7/2  29   -0.39    4.98    4.51   14.79    2.71      11.26   10.67    0.09   -2.30      1.509   1.167   1.075
  15 1545.2   5/2-   3/2  33   -0.82    4.86    5.69    1.77    1.03       6.87    7.88    0.25   -2.40      0.920   0.863   2.904
  
  16 1646.1  11/2-   9/2  37    0.99    4.29    3.79   16.13    3.30      10.26   10.08    0.10   -0.98      1.374   1.103   1.220
  17 1653.1  13/2-  11/2  27   -5.47    2.79    2.70   30.09    4.32      11.97   11.97    0.03   -1.10      1.604   1.310   0.357
  18 1761.4   9/2-   7/2  35   -2.01    3.20    2.90   11.03    2.52       8.36    8.33    0.16   -1.12      1.119   0.911   1.895
  19 1798.1   7/2-   5/2  28    1.44    5.60    5.60    6.97    1.51      10.94   10.88    0.11   -2.60      1.465   1.191   1.301
  20 1826.1   9/2-   5/2  30    0.03   19.98   19.38    6.59    3.90      15.79   16.04    0.03   -4.70      2.115   1.755   0.314
  
  21 1907.6  13/2-   5/2  30    0.08   21.84   21.31    7.68    4.95      14.99   15.48    0.04   -2.95      2.007   1.693   0.423
  22 2021.2   7/2-   5/2  30    0.17   22.02   21.81    6.56    3.98      17.05   17.44    0.03   -5.89      2.283   1.909   0.366
  23 2196.5   5/2-   1/2  32   -0.13    4.91    5.51    1.01   -0.18      10.15   10.82    0.24   -2.59      1.360   1.184   2.855
  24 2389.5  11/2-   1/2  31   -0.08   18.99   18.49    6.34    3.60      17.90   18.62    0.03   -3.69      2.398   2.037   0.405
  25 2436.0   5/2-   5/2  30    1.45   22.60   22.76    5.06    3.75      18.29   18.67    0.03   -6.47      2.449   2.043   0.404
  
  26 2716.2   1/2-   1/2  36    0.51   16.65   17.69    0.29   -0.92      17.95   19.01    0.03   -5.83      2.404   2.080   0.333
  27 2988.3  13/2-   9/2  37    0.79    4.37    3.87   15.83    2.95      15.80   15.78    0.10   -0.62      2.116   1.727   1.217
  28 2994.4  11/2-   7/2  35   -2.51    3.44    3.17   11.11    2.09      14.12   14.16    0.15   -0.98      1.891   1.550   1.795
  29 3370.1  13/2-   1/2  31    0.12   15.10   14.44    2.88    2.48      23.30   23.27    0.01   -2.22      3.120   2.546   0.147
  30 4480.5  13/2-   7/2  35   -1.65    3.50    3.25   10.79    1.87      19.77   20.20    0.15   -0.70      2.648   2.210   1.798
  
  31 7944.9   1/2-   1/2  25    0.58    4.09   11.12    0.87    0.73       3.88   11.14    0.54   -3.92      0.520   1.219   6.397
  3244997.4   1/2-   1/2  33   -0.64    5.21    5.57    3.04   -0.52       5.61    5.93    3.93   -3.63      0.752   0.649  46.497
