1SPECTRUM OF (Z= 82 A=207) IN PARTICLE-ROTOR  MODEL WITH MODIFIED OSCILLATOR POTENTIAL


 PARITY=-   EPS= 0.389   GAMMA=  0.0   EPS4=0.000   EPS6=0.000   LEVELS:  24  25  26  27  28  29  30  31  32  33  34  35  36  37  38

 PAIRING FACTORS: GN0= 19.20  GN1=  7.40  IPAIR= 15 ***  E2PLUS(INPUT)=   0.730  E2PLUR(INPUT)=   0.000

 CORIOLIS ATTENUATION PARAMETERS:  CHSI=1.000  ETA=  1.00

 MOMENT OF INERTIA PARAMETERS:   A1=  0.122 MEV   A2=  0.122 MEV   A3=121.91924 MEV


 DELTA=0.853 MEV  LAMBDA=53.4658 MEV   HW0= 7.5514 MEV   LAMBDA/HW0= 7.0802

 E2ENERGY=0.730 MEV  HBAR**2/B=28058./A**(7/3)=4743.1/A**2 MEV

 IREC=0  =>  RECOIL TERMS j+j-, j+j+, jzjz, ETC TREATED AS ONE-BODY OPERATORS WITH UU+VV PAIRING FACTORS



 S. P. LEVEL   EQP       U     V        (UU + VV)**1.00

     24       4.295    0.100 0.995      1.000 1.000 0.999 0.998 0.995 0.992 0.930 0.895 0.829 0.572 0.412 0.410 0.317 0.230 0.225
     25       3.854    0.111 0.994      1.000 1.000 0.999 0.999 0.996 0.993 0.934 0.900 0.835 0.581 0.423 0.420 0.328 0.241 0.237
     26       2.975    0.145 0.989      0.999 0.999 1.000 1.000 0.999 0.997 0.946 0.915 0.853 0.608 0.453 0.451 0.360 0.273 0.269
     27       2.790    0.155 0.988      0.998 0.999 1.000 1.000 0.999 0.997 0.949 0.919 0.859 0.616 0.462 0.460 0.369 0.283 0.279
     28       2.231    0.195 0.981      0.995 0.996 0.999 0.999 1.000 1.000 0.961 0.934 0.879 0.648 0.498 0.495 0.407 0.322 0.318
     29       1.950    0.224 0.975      0.992 0.993 0.997 0.997 1.000 1.000 0.969 0.944 0.893 0.670 0.524 0.521 0.434 0.350 0.346
     30       1.047    0.458 0.889      0.930 0.934 0.946 0.949 0.961 0.969 1.000 0.996 0.976 0.833 0.718 0.716 0.643 0.571 0.567
     31       0.946    0.532 0.847      0.895 0.900 0.915 0.919 0.934 0.944 0.996 1.000 0.991 0.877 0.775 0.773 0.707 0.639 0.636
     32       0.867    0.639 0.769      0.829 0.835 0.853 0.859 0.879 0.893 0.976 0.991 1.000 0.933 0.851 0.850 0.794 0.735 0.732
     33       1.002    0.873 0.487      0.572 0.581 0.608 0.616 0.648 0.670 0.833 0.877 0.933 1.000 0.983 0.983 0.960 0.930 0.928
     34       1.410    0.948 0.319      0.412 0.423 0.453 0.462 0.498 0.524 0.718 0.775 0.851 0.983 1.000 1.000 0.995 0.981 0.981
     35       1.419    0.949 0.317      0.410 0.420 0.451 0.460 0.495 0.521 0.716 0.773 0.850 0.983 1.000 1.000 0.995 0.982 0.981
     36       1.975    0.975 0.221      0.317 0.328 0.360 0.369 0.407 0.434 0.643 0.707 0.794 0.960 0.995 0.995 1.000 0.996 0.995
     37       3.276    0.991 0.131      0.230 0.241 0.273 0.283 0.322 0.350 0.571 0.639 0.735 0.930 0.981 0.982 0.996 1.000 1.000
     38       3.386    0.992 0.127      0.225 0.237 0.269 0.279 0.318 0.346 0.567 0.636 0.732 0.928 0.981 0.981 0.995 1.000 1.000

  R CORE   ENERGY   A0R/A00=1.000    R3= 0     2  
   2( 1)    0.732                    1.000 0.000
   2( 2)  487.921                    0.000 1.000

  R CORE   ENERGY   A0R/A00=1.000    R3= 0     2  
   3( 1)  488.652                    0.000 1.000

  R CORE   ENERGY   A0R/A00=1.000    R3= 0     2     4  
   4( 1)    2.438                    1.000 0.000 0.000

  R CORE   ENERGY   A0R/A00=1.000    R3= 0     2     4  
   5( 1)  490.847                    0.000 1.000 0.000

  R CORE   ENERGY   A0R/A00=1.000    R3= 0     2     4     6  
   6( 1)    5.121                    1.000 0.000 0.000 0.000

  R CORE   ENERGY   A0R/A00=1.000    R3= 0     2     4     6  
   7( 1)  494.017                    0.000 1.000 0.000 0.000

          AXIAL SYMMETRY => K RESTRICTED TO OMEGA

                     K
     S.P. ORB#: 24  0.50
     S.P. ORB#: 25 -5.50
     S.P. ORB#: 26  0.50
     S.P. ORB#: 27  2.50
     S.P. ORB#: 28 -3.50
     S.P. ORB#: 29 -1.50
     S.P. ORB#: 30  0.50
     S.P. ORB#: 31 -1.50
     S.P. ORB#: 32  2.50
     S.P. ORB#: 33 -3.50
     S.P. ORB#: 34  4.50
     S.P. ORB#: 35  0.50
     S.P. ORB#: 36 -3.50
     S.P. ORB#: 37 -1.50
     S.P. ORB#: 38  0.50
 

             ENERGY    K= OMEGA
 
 I=  1/2- (1)  2.344  30: 0.999
 
 I=  1/2- (2)  4.366  26:-0.192
                      35: 0.912
                      38:-0.363
 
 I=  1/2- (3)  5.969  24: 0.999
 
 I=  1/2- (4)  7.304  26: 0.348
                      35:-0.282
                      38:-0.894
 
 I=  1/2- (5)  9.386  26: 0.918
                      35: 0.297
                      38: 0.263

             ENERGY    K= OMEGA
 
 I=  3/2- (1)  2.244  24:-0.061
                      30: 0.324
                      31:-0.944
 
 I=  3/2- (2)  2.439  24:-0.196
                      30:-0.915
                      31:-0.299
                      37:-0.189

             ENERGY    K= OMEGA
 
 I=  5/2- (1)  2.502  24:-0.262
                      30: 0.505
                      31: 0.818
                      37:-0.071
 
 I=  5/2- (2)  3.353  27: 0.067
                      30:-0.777
                      31: 0.521
                      37: 0.344
 
 I=  5/2- (3)  4.537  27: 0.866
                      30: 0.190
                      31:-0.120
                      37: 0.446
 
 I=  5/2- (4)  4.720  24: 0.063
                      27: 0.495
                      30:-0.259
                      31: 0.088
                      37:-0.823
 
 I=  5/2- (5)  4.773  26: 0.143
                      35:-0.799
                      38: 0.583

             ENERGY    K= OMEGA
 
 I=  7/2- (1)  1.885  27: 0.154
                      33:-0.987
 
 I=  7/2- (2)  3.423  24: 0.191
                      30: 0.914
                      31:-0.231
                      37: 0.275
 
 I=  7/2- (3)  3.488  24:-0.275
                      27: 0.074
                      30:-0.149
                      31:-0.941
                      37:-0.101
 
 I=  7/2- (4)  4.089  26:-0.610
                      29:-0.588
                      32:-0.486
                      36:-0.214
 
 I=  7/2- (5)  4.135  27: 0.182
                      28: 0.982

             ENERGY    K= OMEGA
 
 I=  9/2- (1)  2.337  27:-0.087
                      28: 0.164
                      33:-0.359
                      34:-0.915
 
 I=  9/2- (2)  2.959  27: 0.206
                      28: 0.097
                      33: 0.905
                      34:-0.357
 
 I=  9/2- (3)  3.709  24:-0.390
                      30: 0.563
                      31: 0.716
                      37:-0.130
 
 I=  9/2- (4)  4.766  26: 0.208
                      29:-0.552
                      32: 0.692
                      36:-0.415
 
 I=  9/2- (5)  5.232  27: 0.268
                      28:-0.705
                      30:-0.413
                      31: 0.363
                      33:-0.051
                      34:-0.136
                      37: 0.328

             ENERGY    K= OMEGA
 
 I= 11/2- (1)  3.476  27:-0.136
                      28:-0.222
                      33: 0.443
                      34:-0.857
 
 I= 11/2- (2)  3.512  26: 0.607
                      29: 0.588
                      32: 0.471
                      35: 0.103
                      36: 0.230
 
 I= 11/2- (3)  4.258  27: 0.243
                      28:-0.144
                      33:-0.850
                      34:-0.441
 
 I= 11/2- (4)  5.197  25: 0.999
 
 I= 11/2- (5)  5.305  24:-0.363
                      30:-0.838
                      31:-0.240
                      37:-0.324

             ENERGY    K= OMEGA
 
 I= 13/2- (1)  4.848  27:-0.176
                      28: 0.262
                      33:-0.488
                      34:-0.812
 
 I= 13/2- (2)  5.316  26: 0.215
                      29:-0.564
                      32: 0.679
                      36:-0.417
 
 I= 13/2- (3)  5.730  24:-0.396
                      27: 0.165
                      28: 0.096
                      30: 0.473
                      31: 0.573
                      33: 0.406
                      34:-0.276
                      37:-0.112
 
 I= 13/2- (4)  5.813  24: 0.246
                      27: 0.216
                      28: 0.155
                      30:-0.311
                      31:-0.331
                      33: 0.701
                      34:-0.399
                      37: 0.103
 
 I= 13/2- (5)  6.784  25:-0.998

             ENERGY     K= 1/2
  32 LEVELS    TIME=  0.0 SEC



 ******************* EXCITATION ENERGIES, DOMINANT CONFIGURATION AND EXPECTATION VALUES (WITH S.P. UU+VV FACTORS) *******************

  NR  Eex(keV)  I   Kdom  NY    <Jz>  <Jx**2> <Jy**2> <Jz**2> <I.j>/|I|  <Rx**2> <Ry**2> <Rz**2> <R.j>/|R|  <HROTx> <HROTy> <HROTz>

   1    0.0   7/2-  -7/2  33   -3.36    2.30    2.30   12.11    3.22       3.44    3.44    0.00   -1.50      0.419   0.419   0.000
   2  359.4   3/2-  -3/2  31   -1.28    4.98    4.98    2.03    1.36       5.23    5.23    0.00   -2.89      0.638   0.638   0.000
   3  451.7   9/2-   9/2  34    3.24    2.50    2.50   18.90    4.11       3.89    3.89   -0.00   -1.24      0.474   0.474  -0.001
   4  458.9   1/2-   1/2  30    0.50    4.99    4.99    0.25    0.23       5.29    5.29    0.00   -3.08      0.644   0.644   0.000
   5  554.1   3/2-   1/2  30    0.25    4.68    4.68    0.50    0.98       4.91    4.91    0.00   -2.54      0.598   0.598   0.000
  
   6  617.1   5/2-  -3/2  31   -0.85    5.25    5.25    1.61    1.74       5.28    5.28    0.00   -2.14      0.643   0.643   0.000
   7 1074.0   9/2-  -7/2  33   -2.22    2.37    2.37   13.00    2.77       7.45    7.45    0.00   -1.02      0.908   0.908   0.000
   8 1468.5   5/2-   1/2  30   -0.27    4.48    4.48    1.06    0.32       8.43    8.43    0.00   -2.21      1.028   1.028   0.000
   9 1537.7   7/2-   1/2  30    0.24    4.65    4.65    0.51    1.06       8.59    8.59    0.00   -1.35      1.047   1.047   0.000
  10 1591.6  11/2-   9/2  34    2.48    2.66    2.66   18.03    3.52       8.53    8.53   -0.00   -0.56      1.039   1.039  -0.000
  
  11 1603.6   7/2-  -3/2  31   -1.29    4.97    4.97    2.09    1.17       9.24    9.24    0.00   -1.72      1.126   1.126   0.000
  12 1626.8  11/2-   1/2  26    0.04   23.23   23.23    2.91    6.14       5.85    5.85    0.00   -3.70      0.714   0.714   0.000
  13 1824.0   9/2-  -3/2  31   -0.56    5.50    5.50    1.33    1.93       8.94    8.94    0.00   -0.65      1.091   1.091   0.000
  14 2204.5   7/2-   1/2  26    0.10   22.83   22.83    2.91    6.02       8.26    8.26   -0.00   -6.07      1.007   1.007  -0.000
  15 2249.9   7/2-  -7/2  28   -3.30    6.23    6.23   12.03    3.12       7.74    7.74    0.00   -3.08      0.943   0.943   0.001
  
  16 2373.4  11/2-  -7/2  33   -1.59    2.45    2.45   13.44    2.44      12.47   12.47   -0.00   -0.75      1.521   1.521  -0.000
  17 2481.5   1/2-   1/2  35    0.50   11.16   11.16    0.25    1.00      10.79   10.79    0.00   -4.67      1.316   1.316   0.000
  18 2652.1   5/2-   5/2  27    1.57    5.21    5.21    5.18    1.70       7.13    7.13    0.00   -2.80      0.870   0.870   0.000
  19 2835.5   5/2-  -3/2  37   -0.38    3.19    3.19    3.09    0.68       7.08    7.08    0.00   -1.98      0.863   0.863   0.000
  20 2880.8   9/2-   5/2  32    0.16   23.69   23.69    5.80    5.12      13.47   13.47    0.00   -5.33      1.642   1.642   0.000
  
  21 2888.5   5/2-   1/2  35    0.50   11.30   11.30    0.26    1.66      10.88   10.88    0.00   -3.85      1.327   1.327   0.000
  22 2963.1  13/2-   9/2  34    1.97    2.81    2.81   17.36    3.12      14.08   14.08   -0.00   -0.23      1.716   1.716  -0.000
  23 3312.5  11/2- -11/2  25   -5.48    2.75    2.75   30.23    5.05       5.53    5.53    0.00   -1.66      0.674   0.674   0.000
  24 3347.6   9/2-  -7/2  28   -1.76    5.15    5.15    7.52    1.61      13.28   13.28    0.00   -1.91      1.619   1.619   0.000
  25 3419.9  11/2-   1/2  30    0.17    4.51    4.51    0.61    1.33      14.76   14.76    0.00   -0.31      1.799   1.799   0.000
  
  26 3431.4  13/2-   5/2  32    0.09   23.70   23.70    5.74    5.06      15.64   15.64    0.00   -3.19      1.907   1.907   0.000
  27 3844.9  13/2-  -3/2  31   -0.52    4.83    4.83    4.73    2.11      16.81   16.81   -0.00    0.06      2.049   2.049  -0.000
  28 3928.3  13/2-  -7/2  33   -1.08    3.37    3.37   10.18    2.11      18.08   18.08   -0.00   -0.36      2.204   2.204  -0.000
  29 4084.6   1/2-   1/2  24    0.50    6.95    6.95    0.25    0.64       6.90    6.90    0.00   -3.66      0.841   0.841   0.000
  30 4899.6  13/2- -11/2  25   -5.47    2.75    2.75   30.20    4.32      12.05   12.05    0.00   -1.13      1.470   1.470   0.000
  
  31 5418.8   1/2-   1/2  38    0.50   15.90   15.90    0.25   -0.59      16.91   16.91    0.00   -5.60      2.062   2.062   0.000
  32 7501.0   1/2-   1/2  26    0.50   23.26   23.26    0.25   -3.44      26.74   26.74    0.00   -6.80      3.260   3.260   0.000
