1SPECTRUM OF (Z= 82 A=207) IN PARTICLE-ROTOR  MODEL WITH MODIFIED OSCILLATOR POTENTIAL


 PARITY=-   EPS= 0.222   GAMMA=  0.0   EPS4=0.000   EPS6=0.000   LEVELS:  26  27  28  29  30  31  32  33  34  35  36  37  38  39  40

 PAIRING FACTORS: GN0= 19.20  GN1=  7.40  IPAIR= 15 ***  E2PLUS(INPUT)=   0.730  E2PLUR(INPUT)=   0.000

 CORIOLIS ATTENUATION PARAMETERS:  CHSI=1.000  ETA=  1.00

 MOMENT OF INERTIA PARAMETERS:   A1=  0.122 MEV   A2=  0.122 MEV   A3=121.91924 MEV


 DELTA=0.944 MEV  LAMBDA=53.4775 MEV   HW0= 7.4540 MEV   LAMBDA/HW0= 7.1744

 E2ENERGY=0.730 MEV  HBAR**2/B= 9138./A**(7/3)=1544.8/A**2 MEV

 IREC=0  =>  RECOIL TERMS j+j-, j+j+, jzjz, ETC TREATED AS ONE-BODY OPERATORS WITH UU+VV PAIRING FACTORS



 S. P. LEVEL   EQP       U     V        (UU + VV)**1.00

     26       4.109    0.116 0.993      1.000 1.000 0.996 0.992 0.989 0.989 0.612 0.581 0.526 0.478 0.387 0.364 0.286 0.238 0.218
     27       3.574    0.133 0.991      1.000 1.000 0.998 0.994 0.992 0.991 0.626 0.595 0.541 0.493 0.404 0.381 0.303 0.255 0.236
     28       2.381    0.202 0.979      0.996 0.998 1.000 0.999 0.998 0.998 0.679 0.650 0.598 0.553 0.467 0.445 0.369 0.322 0.303
     29       2.050    0.237 0.971      0.992 0.994 0.999 1.000 1.000 1.000 0.705 0.676 0.626 0.582 0.498 0.476 0.402 0.356 0.337
     30       1.887    0.259 0.966      0.989 0.992 0.998 1.000 1.000 1.000 0.721 0.693 0.644 0.601 0.517 0.496 0.422 0.377 0.358
     31       1.860    0.263 0.965      0.989 0.991 0.998 1.000 1.000 1.000 0.724 0.696 0.647 0.604 0.521 0.499 0.426 0.380 0.362
     32       1.067    0.856 0.517      0.612 0.626 0.679 0.705 0.721 0.724 1.000 0.999 0.994 0.987 0.966 0.959 0.933 0.913 0.905
     33       1.117    0.876 0.482      0.581 0.595 0.650 0.676 0.693 0.696 0.999 1.000 0.998 0.993 0.976 0.970 0.946 0.929 0.921
     34       1.230    0.906 0.424      0.526 0.541 0.598 0.626 0.644 0.647 0.994 0.998 1.000 0.998 0.988 0.984 0.966 0.951 0.945
     35       1.364    0.928 0.373      0.478 0.493 0.553 0.582 0.601 0.604 0.987 0.993 0.998 1.000 0.995 0.992 0.978 0.967 0.962
     36       1.768    0.961 0.278      0.387 0.404 0.467 0.498 0.517 0.521 0.966 0.976 0.988 0.995 1.000 1.000 0.994 0.988 0.984
     37       1.921    0.967 0.254      0.364 0.381 0.445 0.476 0.496 0.499 0.959 0.970 0.984 0.992 1.000 1.000 0.997 0.991 0.988
     38       2.768    0.985 0.173      0.286 0.303 0.369 0.402 0.422 0.426 0.933 0.946 0.966 0.978 0.994 0.997 1.000 0.999 0.998
     39       3.843    0.992 0.124      0.238 0.255 0.322 0.356 0.377 0.380 0.913 0.929 0.951 0.967 0.988 0.991 0.999 1.000 1.000
     40       4.558    0.995 0.104      0.218 0.236 0.303 0.337 0.358 0.362 0.905 0.921 0.945 0.962 0.984 0.988 0.998 1.000 1.000

  R CORE   ENERGY   A0R/A00=1.000    R3= 0     2  
   2( 1)    0.732                    1.000 0.000
   2( 2)  487.921                    0.000 1.000

  R CORE   ENERGY   A0R/A00=1.000    R3= 0     2  
   3( 1)  488.652                    0.000 1.000

  R CORE   ENERGY   A0R/A00=1.000    R3= 0     2     4  
   4( 1)    2.438                    1.000 0.000 0.000

  R CORE   ENERGY   A0R/A00=1.000    R3= 0     2     4  
   5( 1)  490.847                    0.000 1.000 0.000

  R CORE   ENERGY   A0R/A00=1.000    R3= 0     2     4     6  
   6( 1)    5.121                    1.000 0.000 0.000 0.000

  R CORE   ENERGY   A0R/A00=1.000    R3= 0     2     4     6  
   7( 1)  494.017                    0.000 1.000 0.000 0.000

          AXIAL SYMMETRY => K RESTRICTED TO OMEGA

                     K
     S.P. ORB#: 26  2.50
     S.P. ORB#: 27 -3.50
     S.P. ORB#: 28 -3.50
     S.P. ORB#: 29  0.50
     S.P. ORB#: 30 -1.50
     S.P. ORB#: 31  4.50
     S.P. ORB#: 32 -1.50
     S.P. ORB#: 33  0.50
     S.P. ORB#: 34  2.50
     S.P. ORB#: 35 -1.50
     S.P. ORB#: 36  0.50
     S.P. ORB#: 37  2.50
     S.P. ORB#: 38 -3.50
     S.P. ORB#: 39  4.50
     S.P. ORB#: 40  0.50
 

             ENERGY    K= OMEGA
 
 I=  1/2- (1)  2.053  36:-1.000
 
 I=  1/2- (2)  3.141  29: 1.000
 
 I=  1/2- (3)  7.099  33:-0.704
                      40: 0.711
 
 I=  1/2- (4) 10.493  33: 0.711
                      40: 0.704
 
 I=  1/2- (5)147.370  32: 1.000

             ENERGY    K= OMEGA
 
 I=  3/2- (1)  1.581  29: 0.168
                      30: 0.086
                      32: 0.980
                      36:-0.069
 
 I=  3/2- (2)  2.657  29:-0.191
                      30:-0.233
                      32: 0.120
                      36: 0.946

             ENERGY    K= OMEGA
 
 I=  5/2- (1)  1.724  29: 0.130
                      30: 0.161
                      32:-0.471
                      34:-0.856
 
 I=  5/2- (2)  2.225  29: 0.198
                      30:-0.180
                      32:-0.844
                      34: 0.458
                      36:-0.065
 
 I=  5/2- (3)  2.690  29:-0.201
                      30:-0.261
                      34:-0.136
                      36:-0.934
 
 I=  5/2- (4)  3.711  29:-0.410
                      30:-0.825
                      34:-0.175
                      36: 0.344
 
 I=  5/2- (5)  4.460  29:-0.858
                      30: 0.439
                      32:-0.247
                      34: 0.091

             ENERGY    K= OMEGA
 
 I=  7/2- (1)  2.353  29: 0.193
                      30:-0.215
                      32: 0.541
                      34:-0.788
 
 I=  7/2- (2)  2.993  26:-0.158
                      27: 0.059
                      28:-0.464
                      29: 0.232
                      30: 0.214
                      32: 0.658
                      34: 0.448
                      36:-0.151
 
 I=  7/2- (3)  3.160  26:-0.180
                      27: 0.063
                      28:-0.850
                      29:-0.140
                      30:-0.129
                      32:-0.358
                      34:-0.257
                      36: 0.101
 
 I=  7/2- (4)  3.422  33:-0.745
                      35:-0.558
                      37:-0.327
                      38:-0.131
                      40: 0.098
 
 I=  7/2- (5)  4.237  29:-0.084
                      30:-0.382
                      32: 0.218
                      34: 0.214
                      36: 0.868

             ENERGY    K= OMEGA
 
 I=  9/2- (1)  2.625  26: 0.075
                      27:-0.251
                      28:-0.182
                      31: 0.944
                      34: 0.065
 
 I=  9/2- (2)  3.192  29: 0.246
                      30: 0.289
                      31: 0.090
                      32:-0.537
                      34:-0.732
                      36: 0.146
 
 I=  9/2- (3)  3.941  26: 0.299
                      27: 0.106
                      28:-0.778
                      29:-0.118
                      30: 0.151
                      31:-0.145
                      32: 0.404
                      34:-0.257
                      36: 0.081
 
 I=  9/2- (4)  4.208  26:-0.110
                      28: 0.480
                      29:-0.127
                      30: 0.309
                      31: 0.088
                      32: 0.623
                      34:-0.302
                      36: 0.396
 
 I=  9/2- (5)  4.324  28:-0.148
                      29: 0.313
                      30: 0.130
                      32:-0.170
                      34: 0.438
                      36: 0.799

             ENERGY    K= OMEGA
 
 I= 11/2- (1)  2.338  33:-0.671
                      35:-0.567
                      37:-0.403
                      38:-0.236
                      39:-0.101
 
 I= 11/2- (2)  3.593  26: 0.124
                      27: 0.332
                      28: 0.251
                      31: 0.893
                      32:-0.066
                      34: 0.089
 
 I= 11/2- (3)  4.307  29: 0.277
                      30:-0.292
                      31: 0.127
                      32: 0.570
                      34:-0.703
 
 I= 11/2- (4)  5.055  26:-0.345
                      27: 0.137
                      28:-0.763
                      29: 0.140
                      30: 0.159
                      31: 0.208
                      32: 0.329
                      34: 0.272
                      36:-0.100
 
 I= 11/2- (5)  5.438  26:-0.134
                      28:-0.449
                      29:-0.302
                      30:-0.296
                      31: 0.131
                      32:-0.563
                      34:-0.454
                      36: 0.244

             ENERGY    K= OMEGA
 
 I= 13/2- (1)  4.090  33: 0.191
                      35:-0.496
                      37: 0.607
                      38:-0.515
                      39: 0.290
 
 I= 13/2- (2)  4.781  26: 0.165
                      27:-0.380
                      28:-0.296
                      31: 0.849
                      32: 0.083
                      34: 0.105
 
 I= 13/2- (3)  5.571  28:-0.051
                      29: 0.317
                      30: 0.359
                      31: 0.145
                      32:-0.524
                      34:-0.650
                      36: 0.222
 
 I= 13/2- (4)  6.431  26: 0.393
                      27: 0.168
                      28:-0.778
                      29:-0.084
                      30: 0.126
                      31:-0.274
                      32: 0.277
                      34:-0.182
                      36: 0.072
 
 I= 13/2- (5)  6.904  28:-0.191
                      29:-0.086
                      30:-0.298
                      32:-0.415
                      34:-0.143
                      36:-0.819

             ENERGY     K= 1/2
  32 LEVELS    TIME=  0.0 SEC



 ******************* EXCITATION ENERGIES, DOMINANT CONFIGURATION AND EXPECTATION VALUES (WITH S.P. UU+VV FACTORS) *******************

  NR  Eex(keV)  I   Kdom  NY    <Jz>  <Jx**2> <Jy**2> <Jz**2> <I.j>/|I|  <Rx**2> <Ry**2> <Rz**2> <R.j>/|R|  <HROTx> <HROTy> <HROTz>

   1    0.0   3/2-  -3/2  32   -1.43    1.62    1.62    2.18    1.36       1.96    1.96    0.00   -1.41      0.238   0.238   0.000
   2  143.1   5/2-   5/2  34    1.47    1.84    1.84    5.14    2.28       2.04    2.04    0.00   -1.03      0.249   0.249   0.000
   3  471.8   1/2-   1/2  36    0.50    1.38    1.38    0.25    0.83       1.17    1.17   -0.00   -1.51      0.143   0.143  -0.000
   4  644.4   5/2-  -3/2  32   -0.57    1.63    1.63    3.01    1.08       4.31    4.31    0.00   -1.04      0.525   0.525   0.000
   5  757.4  11/2-   1/2  33    0.00   27.21   27.21    2.74    7.16       3.66    3.66    0.00   -5.31      0.446   0.446   0.000
  
   6  772.0   7/2-   5/2  34    1.06    2.00    2.00    4.68    1.94       4.53    4.53    0.00   -0.33      0.552   0.552   0.000
   7 1043.8   9/2-   9/2  31    3.70    2.64    2.64   19.30    4.44       2.59    2.59   -0.00   -1.10      0.315   0.315  -0.000
   8 1076.3   3/2-   1/2  36    0.36    1.56    1.56    0.39    0.00       3.62    3.62    0.00   -1.30      0.441   0.441   0.000
   9 1109.1   5/2-   1/2  36    0.40    1.78    1.78    0.50    0.90       3.74    3.74   -0.00   -0.51      0.456   0.456  -0.000
  10 1411.5   7/2-  -3/2  32   -0.88    1.87    1.87    5.19    1.64       5.82    5.82    0.00   -0.71      0.709   0.709   0.000
  
  11 1559.8   1/2-   1/2  29    0.50    4.18    4.18    0.25    0.23       4.47    4.47    0.00   -2.81      0.546   0.546   0.000
  12 1579.0   7/2-  -7/2  28   -2.50    2.18    2.18    9.85    2.76       4.04    4.04    0.00   -1.15      0.492   0.492   0.000
  13 1610.5   9/2-   5/2  34    0.86    2.22    2.22    4.39    1.82       7.72    7.72    0.00    0.06      0.941   0.941   0.000
  14 1840.8   7/2-   1/2  33    0.02   26.35   26.35    1.72    6.69       8.53    8.53   -0.00   -6.75      1.040   1.040  -0.000
  15 2011.9  11/2-   9/2  31    3.04    2.94    2.94   18.44    4.00       6.09    6.09    0.00   -0.11      0.742   0.742   0.000
  
  16 2129.5   5/2-  -3/2  30   -0.80    3.61    3.61    1.80    0.46       7.51    7.51    0.00   -1.97      0.916   0.916   0.000
  17 2360.3   9/2-  -7/2  28   -1.94    2.29    2.29    9.38    2.48       7.03    7.03    0.00   -0.43      0.857   0.857   0.000
  18 2509.0  13/2-   5/2  37    0.02   25.80   25.80    7.82    6.60       7.99    7.99    0.00   -3.33      0.974   0.974   0.000
  19 2626.8   9/2-  -3/2  32   -1.16    1.78    1.78    4.78    1.21      10.55   10.55    0.00   -0.51      1.286   1.286   0.000
  20 2655.8   7/2-   1/2  36    0.20    1.88    1.88    0.92   -0.02      10.28   10.28   -0.00   -1.05      1.254   1.254  -0.000
  
  21 2725.9  11/2-   5/2  34    0.73    2.27    2.27    4.38    1.68      12.29   12.29    0.00    0.23      1.498   1.498   0.000
  22 2743.1   9/2-   1/2  36    0.71    1.96    1.96    1.81    0.89      10.79   10.79    0.00   -0.28      1.316   1.316   0.000
  23 2879.2   5/2-   1/2  29    0.01    4.11    4.11    0.81   -0.47      10.29   10.29    0.00   -2.30      1.254   1.254   0.000
  24 3200.2  13/2-   9/2  31    2.52    3.18    3.18   17.69    3.70      10.58   10.58   -0.00    0.39      1.289   1.289  -0.000
  25 3474.4  11/2-  -7/2  28   -1.61    2.42    2.42    9.75    2.34      11.16   11.16    0.00   -0.12      1.360   1.360   0.000
  
  26 3857.3  11/2-  -3/2  32   -0.61    2.02    2.02    5.19    1.16      15.57   15.57    0.00   -0.41      1.898   1.898   0.000
  27 3989.6  13/2-   5/2  34    0.61    2.50    2.50    4.04    1.69      17.12   17.12    0.00    0.47      2.087   2.087   0.000
  28 4849.6  13/2-  -7/2  28   -1.54    2.57    2.57   10.65    2.31      16.16   16.16    0.00    0.06      1.970   1.970   0.000
  29 5322.6  13/2-   1/2  36   -0.13    1.60    1.60    1.38    0.75      21.43   21.43    0.00    0.10      2.613   2.613   0.000
  30 5517.5   1/2-   1/2  40    0.50   14.65   14.65    0.25   -2.60      17.40   17.40    0.00   -5.39      2.122   2.122   0.000
  
  31 8911.6   1/2-   1/2  33    0.50   27.64   27.64    0.25   -3.84      31.46   31.46    0.00   -7.42      3.836   3.836   0.000
  32*******   1/2-  -3/2  32    0.00    0.00    0.00    0.00   -0.00       0.00    0.00    0.00   -0.00      0.000   0.000   0.000
