1SPECTRUM OF (Z= 82 A=207) IN PARTICLE-ROTOR  MODEL WITH MODIFIED OSCILLATOR POTENTIAL


 PARITY=-   EPS= 0.317   GAMMA=  0.0   EPS4=0.000   EPS6=0.000   LEVELS:  26  27  28  29  30  31  32  33  34  35  36  37  38  39  40

 PAIRING FACTORS: GN0= 19.20  GN1=  7.40  IPAIR= 15 ***  E2PLUS(INPUT)=   0.730  E2PLUR(INPUT)=   0.000

 CORIOLIS ATTENUATION PARAMETERS:  CHSI=1.000  ETA=  1.00

 MOMENT OF INERTIA PARAMETERS:   A1=  0.122 MEV   A2=  0.122 MEV   A3=121.91923 MEV


 DELTA=0.936 MEV  LAMBDA=53.2983 MEV   HW0= 7.5016 MEV   LAMBDA/HW0= 7.1049

 E2ENERGY=0.730 MEV  HBAR**2/B=18633./A**(7/3)=3149.8/A**2 MEV

 IREC=0  =>  RECOIL TERMS j+j-, j+j+, jzjz, ETC TREATED AS ONE-BODY OPERATORS WITH UU+VV PAIRING FACTORS



 S. P. LEVEL   EQP       U     V        (UU + VV)**1.00

     26       3.267    0.145 0.989      1.000 1.000 0.979 0.975 0.963 0.929 0.899 0.784 0.545 0.346 0.333 0.324 0.303 0.288 0.257
     27       2.711    0.175 0.985      1.000 1.000 0.985 0.982 0.971 0.940 0.912 0.802 0.571 0.375 0.362 0.353 0.332 0.317 0.287
     28       1.444    0.345 0.939      0.979 0.985 1.000 1.000 0.998 0.985 0.970 0.895 0.706 0.532 0.520 0.512 0.492 0.478 0.450
     29       1.396    0.359 0.933      0.975 0.982 1.000 1.000 0.999 0.988 0.973 0.901 0.716 0.544 0.533 0.525 0.505 0.491 0.464
     30       1.258    0.407 0.913      0.963 0.971 0.998 0.999 1.000 0.994 0.984 0.922 0.752 0.587 0.576 0.568 0.550 0.536 0.509
     31       1.078    0.501 0.865      0.929 0.940 0.985 0.988 0.994 1.000 0.997 0.958 0.817 0.669 0.659 0.652 0.635 0.622 0.597
     32       1.004    0.564 0.826      0.899 0.912 0.970 0.973 0.984 0.997 1.000 0.977 0.858 0.723 0.713 0.706 0.690 0.679 0.655
     33       0.937    0.728 0.685      0.784 0.802 0.895 0.901 0.922 0.958 0.977 1.000 0.948 0.854 0.847 0.842 0.829 0.820 0.802
     34       1.232    0.909 0.418      0.545 0.571 0.706 0.716 0.752 0.817 0.858 0.948 1.000 0.975 0.972 0.970 0.964 0.960 0.950
     35       2.314    0.978 0.207      0.346 0.375 0.532 0.544 0.587 0.669 0.723 0.854 0.975 1.000 1.000 1.000 0.999 0.998 0.996
     36       2.464    0.981 0.194      0.333 0.362 0.520 0.533 0.576 0.659 0.713 0.847 0.972 1.000 1.000 1.000 0.999 0.999 0.997
     37       2.588    0.983 0.184      0.324 0.353 0.512 0.525 0.568 0.652 0.706 0.842 0.970 1.000 1.000 1.000 1.000 0.999 0.998
     38       2.930    0.987 0.162      0.303 0.332 0.492 0.505 0.550 0.635 0.690 0.829 0.964 0.999 0.999 1.000 1.000 1.000 0.999
     39       3.240    0.989 0.146      0.288 0.317 0.478 0.491 0.536 0.622 0.679 0.820 0.960 0.998 0.999 0.999 1.000 1.000 1.000
     40       4.109    0.993 0.115      0.257 0.287 0.450 0.464 0.509 0.597 0.655 0.802 0.950 0.996 0.997 0.998 0.999 1.000 1.000

  R CORE   ENERGY   A0R/A00=1.000    R3= 0     2  
   2( 1)    0.732                    1.000 0.000
   2( 2)  487.921                    0.000 1.000

  R CORE   ENERGY   A0R/A00=1.000    R3= 0     2  
   3( 1)  488.652                    0.000 1.000

  R CORE   ENERGY   A0R/A00=1.000    R3= 0     2     4  
   4( 1)    2.438                    1.000 0.000 0.000

  R CORE   ENERGY   A0R/A00=1.000    R3= 0     2     4  
   5( 1)  490.847                    0.000 1.000 0.000

  R CORE   ENERGY   A0R/A00=1.000    R3= 0     2     4     6  
   6( 1)    5.121                    1.000 0.000 0.000 0.000

  R CORE   ENERGY   A0R/A00=1.000    R3= 0     2     4     6  
   7( 1)  494.017                    0.000 1.000 0.000 0.000

          AXIAL SYMMETRY => K RESTRICTED TO OMEGA

                     K
     S.P. ORB#: 26  2.50
     S.P. ORB#: 27 -3.50
     S.P. ORB#: 28  0.50
     S.P. ORB#: 29  0.50
     S.P. ORB#: 30 -1.50
     S.P. ORB#: 31 -3.50
     S.P. ORB#: 32 -1.50
     S.P. ORB#: 33  4.50
     S.P. ORB#: 34  2.50
     S.P. ORB#: 35 -1.50
     S.P. ORB#: 36 -3.50
     S.P. ORB#: 37  2.50
     S.P. ORB#: 38  0.50
     S.P. ORB#: 39  0.50
     S.P. ORB#: 40  4.50
 

             ENERGY    K= OMEGA
 
 I=  1/2- (1)  2.618  29:-0.998
                      39:-0.055
 
 I=  1/2- (2)  3.584  29:-0.055
                      39: 0.998
 
 I=  1/2- (3)  6.126  28: 0.482
                      38:-0.876
 
 I=  1/2- (4)  8.796  28: 0.876
                      38: 0.482
 
 I=  1/2- (5)147.307  32:-1.000

             ENERGY    K= OMEGA
 
 I=  3/2- (1)  2.493  29: 0.390
                      30:-0.920
 
 I=  3/2- (2)  2.639  29:-0.643
                      30:-0.273
                      35:-0.699
                      39: 0.154
 
 I=  3/2- (3)  3.196  29: 0.630
                      30: 0.253
                      35:-0.715
                      39:-0.165
 
 I=  3/2- (4)  4.317  29: 0.193
                      30: 0.122
                      39: 0.973
 
 I=  3/2- (5)  4.848  28: 0.773
                      32: 0.376
                      38:-0.511

             ENERGY    K= OMEGA
 
 I=  5/2- (1)  2.727  29:-0.379
                      30:-0.714
                      35: 0.226
                      37: 0.514
                      39:-0.179
 
 I=  5/2- (2)  3.232  26:-0.066
                      29: 0.399
                      30:-0.464
                      35:-0.783
                      39:-0.084
 
 I=  5/2- (3)  3.426  29:-0.508
                      30:-0.256
                      37:-0.790
                      39:-0.226
 
 I=  5/2- (4)  4.150  29:-0.571
                      30: 0.443
                      35:-0.537
                      37: 0.333
                      39:-0.277
 
 I=  5/2- (5)  4.506  26:-0.056
                      29:-0.336
                      30:-0.110
                      35:-0.199
                      39: 0.912

             ENERGY    K= OMEGA
 
 I=  7/2- (1)  1.864  26:-0.202
                      27: 0.054
                      31: 0.977
 
 I=  7/2- (2)  3.313  29: 0.453
                      30:-0.615
                      35: 0.353
                      37:-0.539
 
 I=  7/2- (3)  3.374  28:-0.726
                      32:-0.578
                      34:-0.343
                      36:-0.141
 
 I=  7/2- (4)  3.854  26: 0.060
                      29:-0.536
                      30:-0.498
                      35:-0.576
                      37:-0.256
                      39: 0.248
 
 I=  7/2- (5)  4.325  26: 0.120
                      27: 0.331
                      29: 0.447
                      30:-0.427
                      35:-0.317
                      37: 0.627

             ENERGY    K= OMEGA
 
 I=  9/2- (1)  1.806  26:-0.069
                      27: 0.205
                      31:-0.212
                      33:-0.953
 
 I=  9/2- (2)  2.803  26: 0.277
                      27: 0.090
                      31: 0.932
                      33:-0.208
 
 I=  9/2- (3)  4.077  29: 0.417
                      30: 0.639
                      35:-0.310
                      37:-0.512
                      39: 0.236
 
 I=  9/2- (4)  4.334  28: 0.207
                      32:-0.531
                      34: 0.633
                      36:-0.478
                      40: 0.215
 
 I=  9/2- (5)  5.053  26:-0.098
                      27: 0.053
                      29: 0.352
                      30:-0.494
                      31: 0.060
                      35:-0.762
                      39:-0.180

             ENERGY    K= OMEGA
 
 I= 11/2- (1)  2.598  28: 0.661
                      32: 0.568
                      34: 0.407
                      36: 0.249
                      38: 0.054
                      40: 0.106
 
 I= 11/2- (2)  2.873  26:-0.117
                      27:-0.278
                      31: 0.295
                      33:-0.907
 
 I= 11/2- (3)  3.972  26:-0.324
                      27: 0.127
                      31: 0.887
                      33: 0.291
                      37: 0.057
 
 I= 11/2- (4)  5.203  29:-0.480
                      30: 0.566
                      35:-0.407
                      37: 0.527
 
 I= 11/2- (5)  5.720  28: 0.489
                      32: 0.095
                      34:-0.431
                      36:-0.622
                      40:-0.420

             ENERGY    K= OMEGA
 
 I= 13/2- (1)  4.159  26:-0.160
                      27: 0.324
                      31:-0.351
                      33:-0.864
 
 I= 13/2- (2)  4.246  28: 0.176
                      32:-0.467
                      34: 0.611
                      36:-0.538
                      40: 0.296
 
 I= 13/2- (3)  5.374  26: 0.356
                      27: 0.163
                      30: 0.067
                      31: 0.845
                      33:-0.348
                      37:-0.073
 
 I= 13/2- (4)  6.420  29: 0.435
                      30: 0.611
                      31:-0.063
                      33: 0.050
                      35:-0.333
                      37:-0.491
                      39: 0.278
 
 I= 13/2- (5)  7.843  26:-0.097
                      27: 0.065
                      29: 0.276
                      30:-0.481
                      31: 0.096
                      35:-0.758
                      39:-0.307

             ENERGY     K= 9/2
  35 LEVELS    TIME=  0.0 SEC



 ******************* EXCITATION ENERGIES, DOMINANT CONFIGURATION AND EXPECTATION VALUES (WITH S.P. UU+VV FACTORS) *******************

  NR  Eex(keV)  I   Kdom  NY    <Jz>  <Jx**2> <Jy**2> <Jz**2> <I.j>/|I|  <Rx**2> <Ry**2> <Rz**2> <R.j>/|R|  <HROTx> <HROTy> <HROTz>

   1    0.0   9/2-   9/2  33    3.79    2.55    2.55   19.49    4.32       3.19    3.19    0.00   -1.23      0.388   0.388   0.000
   2   58.3   7/2-  -7/2  31   -3.25    2.31    2.31   12.00    3.36       2.83    2.83    0.00   -1.37      0.345   0.345   0.000
   3  686.9   3/2-  -3/2  30   -1.19    4.66    4.66    1.94    1.31       4.97    4.97   -0.00   -2.77      0.605   0.605  -0.000
   4  792.5  11/2-   1/2  28   -0.02   24.78   24.78    2.85    6.53       5.06    5.06    0.00   -4.21      0.617   0.617   0.000
   5  812.2   1/2-   1/2  29    0.50    4.67    4.67    0.25    0.21       4.99    4.99    0.00   -2.98      0.608   0.608   0.000
  
   6  832.9   3/2-  -3/2  35   -0.63    2.96    2.96    1.38    1.24       3.12    3.12    0.00   -1.96      0.381   0.381   0.000
   7  921.2   5/2-  -3/2  30   -0.09    3.80    3.80    2.96    1.91       4.02    4.02    0.00   -1.74      0.490   0.490   0.000
   8  996.9   9/2-  -7/2  31   -2.68    2.42    2.42   12.11    2.92       6.34    6.34    0.00   -0.69      0.773   0.773   0.000
   9 1067.6  11/2-   9/2  33    3.16    2.78    2.78   18.74    3.82       7.20    7.20    0.00   -0.39      0.878   0.878   0.000
  10 1390.4   3/2-  -3/2  35   -0.65    3.19    3.19    1.40    0.25       5.28    5.28    0.00   -2.25      0.644   0.644   0.000
  
  11 1426.7   5/2-  -3/2  35   -1.14    2.54    2.54    1.94    0.89       5.25    5.25    0.00   -1.35      0.640   0.640   0.000
  12 1507.2   7/2-  -3/2  30    0.07    3.64    3.64    3.03    1.73       6.18    6.18   -0.00   -0.98      0.753   0.753  -0.000
  13 1568.7   7/2-   1/2  28   -0.01   24.38   24.38    1.86    6.21       8.54    8.54    0.00   -6.29      1.041   1.041   0.000
  14 1620.0   5/2-   5/2  37    1.61    2.72    2.72    4.13    1.43       4.92    4.92    0.00   -1.70      0.600   0.600   0.000
  15 1778.5   1/2-   1/2  39    0.50    1.54    1.54    0.25    0.70       1.43    1.43    0.00   -1.61      0.175   0.175   0.000
  
  16 2048.4   7/2-  -3/2  35   -0.53    3.02    3.02    1.84    0.92       8.16    8.16    0.00   -1.04      0.995   0.995   0.000
  17 2165.9  11/2-  -7/2  31   -2.16    2.51    2.51   12.25    2.62      10.84   10.84    0.00   -0.34      1.321   1.321   0.000
  18 2271.3   9/2-  -3/2  30    0.00    3.65    3.65    2.88    1.67       9.16    9.16    0.00   -0.44      1.116   1.116   0.000
  19 2344.1   5/2-   1/2  29   -0.25    3.52    3.52    1.89   -0.12       9.19    9.19    0.00   -2.16      1.120   1.120   0.000
  20 2353.8  13/2-   9/2  33    2.62    2.98    2.98   18.06    3.47      12.13   12.13    0.00    0.05      1.479   1.479   0.000
  
  21 2439.9  13/2-   5/2  34    0.01   24.32   24.32    8.15    6.12      10.04   10.04    0.00   -3.14      1.224   1.224   0.000
  22 2511.5   3/2-   1/2  39    0.47    1.79    1.79    0.28   -0.52       4.82    4.82   -0.00   -1.57      0.588   0.588  -0.000
  23 2519.3   7/2-   5/2  37    0.31    3.30    3.30    4.58    1.09       9.11    9.11    0.00   -1.60      1.111   1.111   0.000
  24 2528.2   9/2-   5/2  34    0.01   24.59   24.59    6.88    5.86      11.25   11.25    0.00   -5.67      1.371   1.371   0.000
  25 2700.2   5/2-   1/2  39    0.40    1.82    1.82    0.37    0.03       6.29    6.29    0.00   -1.11      0.767   0.767   0.000
  
  26 3042.1   3/2-   1/2  28    0.22   18.15   18.15    0.53    3.96      12.62   12.62    0.00   -5.81      1.539   1.539   0.000
  27 3247.1   9/2-  -3/2  35   -1.15    2.52    2.52    2.05    0.67      12.61   12.61    0.00   -0.75      1.537   1.537   0.000
  28 3397.1  11/2-  -3/2  30    0.08    3.56    3.56    2.96    1.52      13.80   13.80   -0.00   -0.18      1.682   1.682  -0.000
  29 3568.5  13/2-  -7/2  31   -1.73    2.60    2.60   12.37    2.41      16.33   16.33    0.00   -0.13      1.991   1.991   0.000
  30 3914.0  11/2-  -7/2  36    0.01   23.29   23.29    9.56    5.32      14.15   14.15    0.00   -4.58      1.725   1.725   0.000
  
  31 4320.5   1/2-   1/2  38    0.50   12.54   12.54    0.25   -1.71      14.52   14.52    0.00   -4.98      1.770   1.770   0.000
  32 4614.1  13/2-  -3/2  30    0.01    3.60    3.60    2.78    1.54      18.63   18.63   -0.00    0.12      2.272   2.272  -0.000
  33 6036.9  13/2-  -3/2  35   -1.14    2.34    2.34    2.09    0.59      23.61   23.61    0.00   -0.38      2.878   2.878   0.000
  34 6990.6   1/2-   1/2  28    0.50   25.15   25.15    0.25   -3.56      28.74   28.74    0.00   -7.07      3.504   3.504   0.000
  35*******   1/2-  -3/2  32    0.00    0.00    0.00    0.00    0.00       0.00    0.00    0.00   -0.00      0.000   0.000   0.000
  
