1SPECTRUM OF (Z= 82 A=207) IN PARTICLE-ROTOR  MODEL WITH MODIFIED OSCILLATOR POTENTIAL


 PARITY=-   EPS= 0.316   GAMMA=  0.0   EPS4=0.000   EPS6=0.000   LEVELS:  26  27  28  29  30  31  32  33  34  35  36  37  38  39  40

 PAIRING FACTORS: GN0= 19.20  GN1=  7.40  IPAIR= 15 ***  E2PLUS(INPUT)=   0.730  E2PLUR(INPUT)=   0.000

 CORIOLIS ATTENUATION PARAMETERS:  CHSI=1.000  ETA=  1.00

 MOMENT OF INERTIA PARAMETERS:   A1=  0.122 MEV   A2=  0.122 MEV   A3=121.91923 MEV


 DELTA=0.937 MEV  LAMBDA=53.2970 MEV   HW0= 7.5010 MEV   LAMBDA/HW0= 7.1053

 E2ENERGY=0.730 MEV  HBAR**2/B=18515./A**(7/3)=3130.0/A**2 MEV

 IREC=0  =>  RECOIL TERMS j+j-, j+j+, jzjz, ETC TREATED AS ONE-BODY OPERATORS WITH UU+VV PAIRING FACTORS



 S. P. LEVEL   EQP       U     V        (UU + VV)**1.00

     26       3.274    0.145 0.989      1.000 1.000 0.977 0.976 0.963 0.931 0.895 0.788 0.542 0.347 0.333 0.325 0.302 0.288 0.257
     27       2.718    0.175 0.985      1.000 1.000 0.984 0.982 0.971 0.942 0.908 0.807 0.568 0.376 0.362 0.354 0.331 0.318 0.287
     28       1.428    0.350 0.937      0.977 0.984 1.000 1.000 0.998 0.987 0.969 0.901 0.707 0.537 0.525 0.518 0.496 0.484 0.455
     29       1.401    0.358 0.934      0.976 0.982 1.000 1.000 0.999 0.988 0.971 0.904 0.713 0.544 0.532 0.525 0.503 0.491 0.463
     30       1.263    0.406 0.914      0.963 0.971 0.998 0.999 1.000 0.995 0.982 0.925 0.748 0.587 0.575 0.568 0.547 0.536 0.508
     31       1.087    0.496 0.868      0.931 0.942 0.987 0.988 0.995 1.000 0.996 0.959 0.812 0.666 0.655 0.649 0.630 0.618 0.593
     32       0.999    0.571 0.821      0.895 0.908 0.969 0.971 0.982 0.996 1.000 0.980 0.860 0.729 0.719 0.713 0.696 0.685 0.662
     33       0.938    0.723 0.691      0.788 0.807 0.901 0.904 0.925 0.959 0.980 1.000 0.944 0.851 0.843 0.838 0.824 0.816 0.797
     34       1.241    0.910 0.415      0.542 0.568 0.707 0.713 0.748 0.812 0.860 0.944 1.000 0.976 0.973 0.971 0.965 0.961 0.952
     35       2.301    0.978 0.208      0.347 0.376 0.537 0.544 0.587 0.666 0.729 0.851 0.976 1.000 1.000 1.000 0.999 0.998 0.996
     36       2.470    0.981 0.193      0.333 0.362 0.525 0.532 0.575 0.655 0.719 0.843 0.973 1.000 1.000 1.000 0.999 0.999 0.997
     37       2.575    0.983 0.185      0.325 0.354 0.518 0.525 0.568 0.649 0.713 0.838 0.971 1.000 1.000 1.000 1.000 0.999 0.997
     38       2.951    0.987 0.161      0.302 0.331 0.496 0.503 0.547 0.630 0.696 0.824 0.965 0.999 0.999 1.000 1.000 1.000 0.999
     39       3.227    0.989 0.147      0.288 0.318 0.484 0.491 0.536 0.618 0.685 0.816 0.961 0.998 0.999 0.999 1.000 1.000 0.999
     40       4.109    0.993 0.115      0.257 0.287 0.455 0.463 0.508 0.593 0.662 0.797 0.952 0.996 0.997 0.997 0.999 0.999 1.000

  R CORE   ENERGY   A0R/A00=1.000    R3= 0     2  
   2( 1)    0.732                    1.000 0.000
   2( 2)  487.921                    0.000 1.000

  R CORE   ENERGY   A0R/A00=1.000    R3= 0     2  
   3( 1)  488.652                    0.000 1.000

  R CORE   ENERGY   A0R/A00=1.000    R3= 0     2     4  
   4( 1)    2.438                    1.000 0.000 0.000

  R CORE   ENERGY   A0R/A00=1.000    R3= 0     2     4  
   5( 1)  490.847                    0.000 1.000 0.000

  R CORE   ENERGY   A0R/A00=1.000    R3= 0     2     4     6  
   6( 1)    5.121                    1.000 0.000 0.000 0.000

  R CORE   ENERGY   A0R/A00=1.000    R3= 0     2     4     6  
   7( 1)  494.017                    0.000 1.000 0.000 0.000

          AXIAL SYMMETRY => K RESTRICTED TO OMEGA

                     K
     S.P. ORB#: 26  2.50
     S.P. ORB#: 27 -3.50
     S.P. ORB#: 28  0.50
     S.P. ORB#: 29  0.50
     S.P. ORB#: 30 -1.50
     S.P. ORB#: 31 -3.50
     S.P. ORB#: 32 -1.50
     S.P. ORB#: 33  4.50
     S.P. ORB#: 34  2.50
     S.P. ORB#: 35 -1.50
     S.P. ORB#: 36 -3.50
     S.P. ORB#: 37  2.50
     S.P. ORB#: 38  0.50
     S.P. ORB#: 39  0.50
     S.P. ORB#: 40  4.50
 

             ENERGY    K= OMEGA
 
 I=  1/2- (1)  2.622  29: 0.998
                      39: 0.056
 
 I=  1/2- (2)  3.570  29: 0.056
                      39:-0.998
 
 I=  1/2- (3)  6.137  28: 0.487
                      38:-0.873
 
 I=  1/2- (4)  8.804  28: 0.873
                      38: 0.487
 
 I=  1/2- (5)147.302  32:-1.000

             ENERGY    K= OMEGA
 
 I=  3/2- (1)  2.496  29: 0.389
                      30:-0.921
 
 I=  3/2- (2)  2.634  29: 0.634
                      30: 0.267
                      35: 0.710
                      39:-0.152
 
 I=  3/2- (3)  3.191  29: 0.639
                      30: 0.257
                      35:-0.704
                      39:-0.170
 
 I=  3/2- (4)  4.304  29: 0.196
                      30: 0.123
                      39: 0.973
 
 I=  3/2- (5)  4.843  28: 0.776
                      32: 0.378
                      38:-0.506

             ENERGY    K= OMEGA
 
 I=  5/2- (1)  2.725  29:-0.377
                      30:-0.707
                      35: 0.231
                      37: 0.522
                      39:-0.178
 
 I=  5/2- (2)  3.225  26:-0.066
                      29: 0.387
                      30:-0.468
                      35:-0.786
                      39:-0.088
 
 I=  5/2- (3)  3.418  29: 0.511
                      30: 0.261
                      37: 0.786
                      39: 0.228
 
 I=  5/2- (4)  4.146  29: 0.574
                      30:-0.447
                      35: 0.530
                      37:-0.329
                      39: 0.284
 
 I=  5/2- (5)  4.493  26:-0.054
                      29:-0.343
                      30:-0.108
                      35:-0.202
                      39: 0.909

             ENERGY    K= OMEGA
 
 I=  7/2- (1)  1.871  26:-0.202
                      27: 0.054
                      31: 0.977
 
 I=  7/2- (2)  3.310  29: 0.450
                      30:-0.610
                      35: 0.357
                      37:-0.544
 
 I=  7/2- (3)  3.367  28:-0.727
                      32:-0.578
                      34:-0.343
                      36:-0.140
 
 I=  7/2- (4)  3.851  26: 0.060
                      29:-0.531
                      30:-0.498
                      35:-0.580
                      37:-0.259
                      39: 0.248
 
 I=  7/2- (5)  4.320  26: 0.117
                      27: 0.317
                      29: 0.453
                      30:-0.433
                      35:-0.314
                      37: 0.627

             ENERGY    K= OMEGA
 
 I=  9/2- (1)  1.805  26:-0.069
                      27: 0.206
                      31:-0.211
                      33:-0.953
 
 I=  9/2- (2)  2.809  26: 0.277
                      27: 0.090
                      31: 0.932
                      33:-0.207
 
 I=  9/2- (3)  4.074  29:-0.415
                      30:-0.636
                      35: 0.313
                      37: 0.516
                      39:-0.235
 
 I=  9/2- (4)  4.331  28: 0.207
                      32:-0.532
                      34: 0.632
                      36:-0.477
                      40: 0.214
 
 I=  9/2- (5)  5.046  26:-0.097
                      27: 0.052
                      29: 0.344
                      30:-0.495
                      31: 0.061
                      35:-0.764
                      39:-0.185

             ENERGY    K= OMEGA
 
 I= 11/2- (1)  2.588  28: 0.661
                      32: 0.568
                      34: 0.407
                      36: 0.248
                      38: 0.054
                      40: 0.105
 
 I= 11/2- (2)  2.871  26:-0.117
                      27:-0.279
                      31: 0.293
                      33:-0.907
 
 I= 11/2- (3)  3.977  26:-0.325
                      27: 0.127
                      31: 0.888
                      33: 0.289
                      37: 0.057
 
 I= 11/2- (4)  5.199  29: 0.478
                      30:-0.563
                      35: 0.410
                      37:-0.530
 
 I= 11/2- (5)  5.721  28:-0.489
                      32:-0.093
                      34: 0.431
                      36: 0.622
                      40: 0.420

             ENERGY    K= OMEGA
 
 I= 13/2- (1)  4.156  26:-0.160
                      27: 0.325
                      31:-0.349
                      33:-0.864
 
 I= 13/2- (2)  4.239  28: 0.176
                      32:-0.468
                      34: 0.611
                      36:-0.537
                      40: 0.295
 
 I= 13/2- (3)  5.378  26: 0.357
                      27: 0.163
                      30: 0.066
                      31: 0.846
                      33:-0.346
                      37:-0.073
 
 I= 13/2- (4)  6.416  29: 0.434
                      30: 0.609
                      31:-0.063
                      33: 0.050
                      35:-0.335
                      37:-0.494
                      39: 0.277
 
 I= 13/2- (5)  7.835  26:-0.097
                      27: 0.064
                      29: 0.268
                      30:-0.481
                      31: 0.096
                      35:-0.758
                      39:-0.314

             ENERGY     K= 9/2
  35 LEVELS    TIME=  0.0 SEC



 ******************* EXCITATION ENERGIES, DOMINANT CONFIGURATION AND EXPECTATION VALUES (WITH S.P. UU+VV FACTORS) *******************

  NR  Eex(keV)  I   Kdom  NY    <Jz>  <Jx**2> <Jy**2> <Jz**2> <I.j>/|I|  <Rx**2> <Ry**2> <Rz**2> <R.j>/|R|  <HROTx> <HROTy> <HROTz>

   1    0.0   9/2-   9/2  33    3.80    2.55    2.55   19.49    4.32       3.17    3.17    0.00   -1.23      0.387   0.387   0.000
   2   66.5   7/2-  -7/2  31   -3.25    2.31    2.31   12.00    3.37       2.83    2.83   -0.00   -1.37      0.345   0.345  -0.000
   3  691.5   3/2-  -3/2  30   -1.19    4.66    4.66    1.94    1.31       4.96    4.96    0.00   -2.77      0.605   0.605   0.000
   4  783.1  11/2-   1/2  28   -0.02   24.81   24.81    2.85    6.53       5.05    5.05   -0.00   -4.22      0.615   0.615  -0.000
   5  817.1   1/2-   1/2  29    0.50    4.66    4.66    0.25    0.21       4.98    4.98    0.00   -2.98      0.608   0.608   0.000
  
   6  828.9   3/2-  -3/2  35   -0.65    2.92    2.92    1.40    1.26       3.06    3.06   -0.00   -1.94      0.373   0.373  -0.000
   7  920.0   5/2-  -3/2  30   -0.06    3.77    3.77    2.99    1.92       3.97    3.97   -0.00   -1.73      0.484   0.484  -0.000
   8 1004.1   9/2-  -7/2  31   -2.68    2.42    2.42   12.10    2.92       6.33    6.33   -0.00   -0.68      0.772   0.772  -0.000
   9 1066.1  11/2-   9/2  33    3.16    2.78    2.78   18.75    3.82       7.18    7.18    0.00   -0.39      0.875   0.875   0.000
  10 1386.5   3/2-  -3/2  35   -0.62    3.23    3.23    1.37    0.24       5.33    5.33   -0.00   -2.26      0.650   0.650  -0.000
  
  11 1420.7   5/2-  -3/2  35   -1.16    2.51    2.51    1.96    0.89       5.23    5.23   -0.00   -1.34      0.637   0.637  -0.000
  12 1504.8   7/2-  -3/2  30    0.08    3.61    3.61    3.05    1.73       6.13    6.13    0.00   -0.97      0.748   0.748   0.000
  13 1562.1   7/2-   1/2  28   -0.01   24.41   24.41    1.86    6.22       8.54    8.54   -0.00   -6.29      1.041   1.041  -0.000
  14 1612.8   5/2-   5/2  37    1.60    2.74    2.74    4.10    1.43       4.94    4.94    0.00   -1.70      0.602   0.602   0.000
  15 1765.1   1/2-   1/2  39    0.50    1.54    1.54    0.25    0.70       1.43    1.43    0.00   -1.61      0.174   0.174   0.000
  
  16 2046.1   7/2-  -3/2  35   -0.53    2.99    2.99    1.86    0.92       8.14    8.14    0.00   -1.04      0.992   0.992   0.000
  17 2171.8  11/2-  -7/2  31   -2.17    2.51    2.51   12.24    2.62      10.82   10.82   -0.00   -0.34      1.319   1.319  -0.000
  18 2268.9   9/2-  -3/2  30    0.02    3.63    3.63    2.90    1.67       9.13    9.13    0.00   -0.43      1.113   1.113   0.000
  19 2341.1   5/2-   1/2  29   -0.24    3.54    3.54    1.87   -0.12       9.20    9.20   -0.00   -2.17      1.122   1.122  -0.000
  20 2350.7  13/2-   9/2  33    2.63    2.99    2.99   18.07    3.48      12.10   12.10    0.00    0.05      1.476   1.476   0.000
  
  21 2434.1  13/2-   5/2  34    0.01   24.34   24.34    8.13    6.13      10.01   10.01    0.00   -3.14      1.220   1.220   0.000
  22 2499.2   3/2-   1/2  39    0.47    1.80    1.80    0.28   -0.52       4.83    4.83    0.00   -1.57      0.589   0.589   0.000
  23 2515.4   7/2-   5/2  37    0.34    3.28    3.28    4.47    1.06       9.17    9.17   -0.00   -1.59      1.118   1.118  -0.000
  24 2525.8   9/2-   5/2  34    0.01   24.61   24.61    6.86    5.87      11.23   11.23   -0.00   -5.67      1.369   1.369  -0.000
  25 2688.4   5/2-   1/2  39    0.40    1.83    1.83    0.37    0.02       6.32    6.32    0.00   -1.11      0.771   0.771   0.000
  
  26 3038.5   3/2-   1/2  28    0.21   18.24   18.24    0.54    3.99      12.66   12.66   -0.00   -5.82      1.543   1.543  -0.000
  27 3241.3   9/2-  -3/2  35   -1.16    2.50    2.50    2.06    0.67      12.58   12.58    0.00   -0.75      1.534   1.534   0.000
  28 3394.1  11/2-  -3/2  30    0.09    3.54    3.54    2.98    1.53      13.77   13.77   -0.00   -0.18      1.679   1.679  -0.000
  29 3573.3  13/2-  -7/2  31   -1.73    2.60    2.60   12.36    2.41      16.31   16.31    0.00   -0.13      1.989   1.989   0.000
  30 3915.9  11/2-  -7/2  36    0.01   23.30   23.30    9.56    5.32      14.15   14.15    0.00   -4.58      1.726   1.726   0.000
  
  31 4332.4   1/2-   1/2  38    0.50   12.56   12.56    0.25   -1.72      14.55   14.55    0.00   -4.98      1.774   1.774   0.000
  32 4611.3  13/2-  -3/2  30    0.02    3.59    3.59    2.79    1.54      18.61   18.61    0.00    0.13      2.269   2.269   0.000
  33 6030.4  13/2-  -3/2  35   -1.15    2.32    2.32    2.09    0.60      23.57   23.57    0.00   -0.37      2.874   2.874   0.000
  34 6998.9   1/2-   1/2  28    0.50   25.18   25.18    0.25   -3.57      28.77   28.77    0.00   -7.08      3.507   3.507   0.000
  35*******   1/2-  -3/2  32    0.00    0.00    0.00    0.00    0.00       0.00    0.00    0.00   -0.00      0.000   0.000   0.000
  
