1SPECTRUM OF (Z= 82 A=207) IN PARTICLE-ROTOR  MODEL WITH MODIFIED OSCILLATOR POTENTIAL


 PARITY=-   EPS= 0.372   GAMMA=  2.1   EPS4=0.000   EPS6=0.000   LEVELS:  26  27  28  29  30  31  32  33  34  35  36  37  38  39  40

 PAIRING FACTORS: GN0= 19.20  GN1=  7.40  IPAIR= 15 ***  E2PLUS(INPUT)=   0.730  E2PLUR(INPUT)=   0.000

 CORIOLIS ATTENUATION PARAMETERS:  CHSI=1.000  ETA=  1.00

 MOMENT OF INERTIA PARAMETERS:   A1=  0.127 MEV   A2=  0.117 MEV   A3= 69.82492 MEV


 DELTA=0.874 MEV  LAMBDA=53.4344 MEV   HW0= 7.5385 MEV   LAMBDA/HW0= 7.0882

 E2ENERGY=0.730 MEV  HBAR**2/B=25539./A**(7/3)=4317.3/A**2 MEV

 IREC=0  =>  RECOIL TERMS j+j-, j+j+, jzjz, ETC TREATED AS ONE-BODY OPERATORS WITH UU+VV PAIRING FACTORS



 S. P. LEVEL   EQP       U     V        (UU + VV)**1.00

     26       2.927    0.151 0.989      1.000 1.000 0.999 0.992 0.965 0.923 0.785 0.716 0.526 0.400 0.360 0.295 0.282 0.268 0.261
     27       2.585    0.172 0.985      1.000 1.000 1.000 0.995 0.970 0.931 0.798 0.731 0.543 0.419 0.380 0.315 0.302 0.288 0.281
     28       2.368    0.188 0.982      0.999 1.000 1.000 0.996 0.974 0.937 0.808 0.742 0.557 0.434 0.395 0.330 0.318 0.304 0.297
     29       1.671    0.272 0.962      0.992 0.995 0.996 1.000 0.990 0.963 0.856 0.797 0.626 0.510 0.473 0.410 0.398 0.385 0.378
     30       1.179    0.406 0.914      0.965 0.970 0.974 0.990 1.000 0.992 0.920 0.875 0.731 0.627 0.593 0.536 0.525 0.512 0.506
     31       0.984    0.520 0.854      0.923 0.931 0.937 0.963 0.992 1.000 0.963 0.930 0.812 0.722 0.692 0.640 0.630 0.618 0.613
     32       0.876    0.731 0.683      0.785 0.798 0.808 0.856 0.920 0.963 1.000 0.995 0.939 0.882 0.861 0.823 0.816 0.807 0.803
     33       0.909    0.798 0.603      0.716 0.731 0.742 0.797 0.875 0.930 0.995 1.000 0.970 0.926 0.909 0.878 0.872 0.864 0.861
     34       1.214    0.920 0.391      0.526 0.543 0.557 0.626 0.731 0.812 0.939 0.970 1.000 0.990 0.983 0.968 0.965 0.961 0.959
     35       1.757    0.966 0.257      0.400 0.419 0.434 0.510 0.627 0.722 0.882 0.926 0.990 1.000 0.999 0.994 0.992 0.990 0.989
     36       2.078    0.977 0.215      0.360 0.380 0.395 0.473 0.593 0.692 0.861 0.909 0.983 0.999 1.000 0.998 0.997 0.995 0.995
     37       3.002    0.989 0.147      0.295 0.315 0.330 0.410 0.536 0.640 0.823 0.878 0.968 0.994 0.998 1.000 1.000 1.000 0.999
     38       3.285    0.991 0.134      0.282 0.302 0.318 0.398 0.525 0.630 0.816 0.872 0.965 0.992 0.997 1.000 1.000 1.000 1.000
     39       3.685    0.993 0.119      0.268 0.288 0.304 0.385 0.512 0.618 0.807 0.864 0.961 0.990 0.995 1.000 1.000 1.000 1.000
     40       3.906    0.994 0.113      0.261 0.281 0.297 0.378 0.506 0.613 0.803 0.861 0.959 0.989 0.995 0.999 1.000 1.000 1.000

  R CORE   ENERGY   A0R/A00=1.000    R3= 0     2  
   2( 1)    0.730                    1.000-0.000
   2( 2)  279.543                    0.000 1.000

  R CORE   ENERGY   A0R/A00=1.000    R3= 0     2  
   3( 1)  280.273                    0.000 1.000

  R CORE   ENERGY   A0R/A00=1.000    R3= 0     2     4  
   4( 1)    2.433                    1.000-0.000 0.000

  R CORE   ENERGY   A0R/A00=1.000    R3= 0     2     4  
   5( 1)  282.463                    0.000 1.000-0.000

  R CORE   ENERGY   A0R/A00=1.000    R3= 0     2     4     6  
   6( 1)    5.110                    1.000-0.001 0.000-0.000

  R CORE   ENERGY   A0R/A00=1.000    R3= 0     2     4     6  
   7( 1)  285.626                    0.000 1.000-0.000 0.000
 

             ENERGY     K= 1/2
 
 I=  1/2- (1)  3.307  26: 0.064
                      30:-0.887
                      31: 0.457
 
 I=  1/2- (2)  4.828  27:-0.216
                      35:-0.896
                      39:-0.368
                      40:-0.120
 
 I=  1/2- (3)  7.566  27: 0.462
                      35: 0.253
                      39:-0.792
                      40:-0.305
 
 I=  1/2- (4)  9.379  27:-0.858
                      35: 0.363
                      39:-0.333
                      40:-0.135
 
 I=  1/2- (5)263.461  37:-0.684
                      38: 0.727

             ENERGY     K= 1/2  -3/2
 
 I=  3/2- (1)  3.227  28:-0.003 0.057
                      30: 0.412-0.403
                      31:-0.212-0.786
 
 I=  3/2- (2)  3.639  26: 0.056 0.002
                      30:-0.785-0.212
                      31: 0.404-0.413

             ENERGY     K= 5/2   1/2  -3/2
 
 I=  5/2- (1)  3.771  26:-0.060 0.028 0.004
                      28: 0.000 0.003 0.058
                      30:-0.004-0.391-0.408
                      31: 0.002 0.201-0.795
 
 I=  5/2- (2)  4.467  26:-0.074-0.057 0.002
                      30:-0.004 0.794-0.199
                      31: 0.002-0.409-0.387
                      37:-0.001 0.001 0.052
 
 I=  5/2- (3)  4.845  27: 0.000 0.167-0.007
                      29: 0.000 0.017 0.120
                      35: 0.001 0.768-0.007
                      39:-0.000 0.492 0.110
                      40:-0.000 0.170-0.290
 
 I=  5/2- (4)  5.059  26: 0.993-0.003 0.000
                      30: 0.059 0.036-0.039
                      31:-0.026-0.019-0.076
 
 I=  5/2- (5)  5.842  27: 0.011 0.248-0.037
                      29: 0.001 0.013 0.653
                      32:-0.698 0.001-0.000
                      35: 0.025-0.110-0.006
                      39:-0.008-0.095 0.001

             ENERGY     K= 5/2   1/2  -3/2  -7/2
 
 I=  7/2- (1)  2.311  26: 0.177-0.000 0.000 0.000
                      33:-0.000-0.000-0.000 0.983
 
 I=  7/2- (2)  3.999  27:-0.006-0.670-0.032-0.000
                      29:-0.000-0.040 0.565 0.001
                      32: 0.396-0.018-0.000 0.000
                      35:-0.014-0.177-0.007 0.000
                      36: 0.000 0.001-0.007 0.173
                      40: 0.002 0.021-0.082-0.006
 
 I=  7/2- (3)  4.415  26:-0.159 0.022-0.002 0.001
                      28: 0.000 0.002-0.029 0.807
                      30:-0.009-0.307 0.204 0.028
                      31: 0.004 0.158 0.397 0.044
 
 I=  7/2- (4)  4.441  28:-0.000 0.004-0.041-0.566
                      30: 0.002-0.464 0.288-0.020
                      31:-0.001 0.239 0.562-0.031
 
 I=  7/2- (5)  4.550  29:-0.000 0.009 0.159 0.001
                      32: 0.241 0.033 0.000 0.000
                      35:-0.008 0.845 0.006 0.000
                      36: 0.000-0.003 0.014 0.121
                      39: 0.003-0.185-0.134 0.002
                      40: 0.001-0.088 0.354-0.004

             ENERGY     K= 9/2   5/2   1/2  -3/2  -7/2
 
 I=  9/2- (1)  2.298  26: 0.000 0.060-0.000-0.000 0.000
                      28:-0.000-0.000-0.000-0.000 0.179
                      33:-0.000-0.000-0.000 0.000-0.221
                      34:-0.956 0.000 0.000-0.000 0.000
 
 I=  9/2- (2)  3.318  26: 0.000 0.247-0.000-0.000-0.000
                      33: 0.000-0.000-0.000 0.000-0.940
                      34: 0.225 0.000 0.000-0.000 0.000
 
 I=  9/2- (3)  4.838  27:-0.000-0.011-0.203 0.031 0.000
                      29: 0.000-0.001-0.011-0.542-0.003
                      32: 0.000 0.686-0.001 0.000-0.000
                      35:-0.000-0.024 0.063 0.004-0.001
                      36: 0.000 0.000-0.000 0.001-0.428
                      40:-0.000 0.003 0.005-0.063 0.015
 
 I=  9/2- (4)  5.512  26: 0.000-0.128 0.031 0.004-0.000
                      28:-0.000 0.000 0.003 0.053-0.277
                      30: 0.000-0.008-0.431-0.370-0.010
                      31:-0.000 0.003 0.222-0.722-0.015
                      33:-0.000-0.000 0.001-0.011-0.052
                      34:-0.051-0.002-0.000-0.000 0.000
 
 I=  9/2- (5)  5.591  26: 0.000 0.184 0.011 0.001 0.001
                      28:-0.000-0.000 0.001 0.016 0.915
                      30:-0.000 0.011-0.153-0.114 0.032
                      31: 0.000-0.005 0.079-0.222 0.050
                      34: 0.173-0.002-0.000-0.000-0.000

             ENERGY     K= 9/2   5/2   1/2  -3/2  -7/2 -11/2
 
 I= 11/2- (1)  3.414  27: 0.000 0.007 0.628 0.033 0.000 0.000
                      29: 0.000 0.000 0.035-0.577-0.002 0.000
                      32:-0.000-0.447 0.006 0.000-0.000 0.000
                      35: 0.000 0.016-0.116 0.004-0.001 0.000
                      36:-0.000-0.000 0.000 0.001-0.226 0.000
                      40: 0.000-0.002 0.012-0.058 0.008-0.000
 
 I= 11/2- (2)  3.445  26: 0.000 0.104-0.000 0.000-0.000-0.000
                      28:-0.000-0.000-0.000 0.000-0.246-0.000
                      33:-0.000-0.000-0.000-0.000 0.307 0.000
                      34:-0.912 0.000 0.000 0.000-0.000-0.000
 
 I= 11/2- (3)  4.559  26: 0.000 0.293-0.000 0.000 0.000-0.000
                      28:-0.000-0.000-0.000 0.002 0.082 0.000
                      33: 0.000-0.000-0.000-0.000 0.897-0.000
                      34: 0.314 0.001 0.000 0.000-0.000 0.000
 
 I= 11/2- (4)  5.287  27: 0.000 0.001-0.246-0.003 0.000-0.000
                      29:-0.000 0.000-0.022 0.051-0.001 0.000
                      32:-0.000-0.094-0.036-0.000-0.000-0.000
                      35: 0.000 0.003-0.820-0.009-0.000-0.000
                      36: 0.000-0.000 0.002-0.017-0.064 0.000
                      39: 0.000-0.001 0.232 0.152-0.001 0.000
                      40: 0.000-0.000 0.105-0.402 0.002-0.000
 
 I= 11/2- (5)  6.582  26: 0.000-0.061 0.043-0.003 0.000-0.000
                      30: 0.000-0.003-0.599 0.331 0.001-0.000
                      31:-0.000 0.002 0.308 0.646 0.002-0.000
                      37: 0.000-0.006-0.000 0.068-0.002 0.000
                      38:-0.000 0.052 0.000 0.007-0.000 0.000

             ENERGY     K=13/2   9/2   5/2   1/2  -3/2  -7/2 -11/2
 
 I= 13/2- (1)  4.814  26:-0.000 0.000 0.145-0.000-0.000 0.000 0.000
                      28:-0.000-0.000-0.000-0.000-0.001 0.290 0.000
                      33:-0.000-0.000-0.000-0.000 0.000-0.365 0.000
                      34: 0.000-0.871 0.000 0.000-0.000 0.000 0.000
 
 I= 13/2- (2)  5.303  27:-0.000-0.000-0.011-0.205 0.031 0.000-0.000
                      29:-0.000-0.000-0.001-0.011-0.542-0.003 0.000
                      32:-0.000 0.000 0.676-0.001 0.000-0.000 0.000
                      35: 0.000-0.000-0.024 0.079 0.003-0.001 0.000
                      36: 0.000-0.000 0.000-0.000-0.000-0.434 0.000
                      40: 0.000-0.000 0.003 0.005-0.091 0.015-0.000
 
 I= 13/2- (3)  6.037  26: 0.000-0.000-0.327 0.000 0.000 0.000 0.000
                      28:-0.000-0.000 0.000 0.000 0.002 0.119 0.000
                      33: 0.000-0.000 0.000 0.000-0.000 0.857-0.000
                      34: 0.000-0.375-0.001-0.000 0.000-0.000 0.000
 
 I= 13/2- (4)  7.275  27:-0.000-0.000-0.000-0.127 0.006 0.000 0.000
                      29:-0.000-0.000-0.000-0.014-0.111-0.000 0.000
                      35: 0.000-0.000-0.001-0.683 0.009-0.000 0.000
                      39:-0.000-0.000 0.001-0.558-0.139-0.000 0.000
                      40:-0.000-0.000 0.000-0.197 0.366 0.000-0.000
 
 I= 13/2- (5)  8.219  26: 0.000-0.000 0.075-0.035-0.004 0.000-0.000
                      28: 0.000 0.000-0.000-0.004-0.053 0.059-0.000
                      30:-0.000-0.000 0.004 0.485 0.375 0.002-0.000
                      31:-0.000 0.000-0.002-0.250 0.731 0.002-0.000
                      33:-0.000 0.000 0.000-0.001 0.012 0.068-0.000
                      37: 0.000-0.000 0.008 0.001 0.066-0.003 0.000
                      38:-0.000 0.001-0.069-0.001 0.007-0.000 0.000

             ENERGY     K=13/2   9/2   5/2   1/2  -3/2  -7/2 -11/2
  32 LEVELS    TIME=  0.0 SEC



 ******************* EXCITATION ENERGIES, DOMINANT CONFIGURATION AND EXPECTATION VALUES (WITH S.P. UU+VV FACTORS) *******************

  NR  Eex(keV)  I   Kdom  NY    <Jz>  <Jx**2> <Jy**2> <Jz**2> <I.j>/|I|  <Rx**2> <Ry**2> <Rz**2> <R.j>/|R|  <HROTx> <HROTy> <HROTz>

   1    0.0   9/2-   9/2  34    3.84    2.49    2.50   19.55    4.21       3.69    3.72    0.00   -1.32      0.468   0.433   0.149
   2   12.9   7/2-   7/2  33   -3.31    2.33    2.38   12.07    3.27       3.24    3.29    0.01   -1.48      0.410   0.384   0.539
   3  928.6   3/2-   3/2  31   -1.07    4.85    4.94    1.82    1.27       5.15    5.25    0.01   -2.83      0.653   0.612   0.906
   4 1009.1   1/2-   1/2  30    0.50    4.86    4.89    0.26    0.11       5.26    5.30    0.01   -3.05      0.667   0.618   0.878
   5 1020.3   9/2-   7/2  33   -2.73    2.41    2.46   12.29    2.77       7.13    7.21    0.01   -0.89      0.904   0.840   0.519
  
   6 1116.3  11/2-   1/2  27    0.02   24.07   23.50    2.74    6.25       5.60    5.70    0.00   -3.85      0.710   0.665   0.133
   7 1146.9  11/2-   9/2  34    3.24    2.67    2.67   18.85    3.64       8.21    8.25    0.00   -0.60      1.040   0.962   0.165
   8 1341.0   3/2-   1/2  30    0.06    4.84    4.89    0.69    0.21       6.64    6.69    0.01   -2.74      0.842   0.781   0.894
   9 1472.6   5/2-   3/2  31   -1.09    4.85    4.95    1.88    0.96       7.31    7.45    0.01   -2.30      0.927   0.869   0.914
  10 1700.6   7/2-   1/2  27    0.04   21.65   21.20    2.21    5.67       7.96    7.83    0.00   -5.67      1.009   0.913   0.081
  
  11 2117.6   7/2-   7/2  28   -2.47    5.73    5.79    8.66    2.41       8.34    8.42    0.01   -2.59      1.057   0.981   0.413
  12 2142.7   7/2-   7/2  28   -1.58    5.30    5.35    4.93    1.60       9.24    9.36    0.01   -2.14      1.171   1.091   0.681
  13 2169.0   5/2-   1/2  30    0.12    4.83    4.88    0.68   -0.13       9.91   10.01    0.01   -2.42      1.256   1.167   0.906
  14 2252.6   7/2-   1/2  35    0.22   16.11   16.26    1.11    3.86       9.19    9.39    0.00   -4.21      1.165   1.094   0.196
  15 2261.5  11/2-   7/2  33   -2.19    2.49    2.55   12.52    2.44      12.01   12.10    0.01   -0.60      1.522   1.410   0.500
  
  16 2515.9  13/2-   9/2  34    2.71    2.84    2.84   18.20    3.24      13.63   13.70    0.00   -0.24      1.727   1.598   0.178
  17 2529.6   1/2-   1/2  35    0.50   11.14   11.22    0.25    0.95      10.79   10.93    0.00   -4.68      1.367   1.275   0.099
  18 2540.6   9/2-   5/2  32    0.11   24.41   23.91    5.88    5.25      13.36   13.34    0.00   -5.43      1.694   1.555   0.168
  19 2547.5   5/2-   1/2  35    0.28   11.73   11.63    0.48    2.38       9.23    9.29    0.00   -3.90      1.170   1.083   0.083
  20 2760.8   5/2-   5/2  26    2.47    5.94    6.15    6.22    2.08       7.27    7.49    0.01   -3.16      0.921   0.873   0.362
  
  21 2988.6  11/2-   1/2  35    0.13   14.04   14.28    0.73    3.48      11.51   11.72    0.00   -1.72      1.459   1.366   0.142
  22 3004.8  13/2-   5/2  32    0.05   24.46   23.95    5.87    5.21      15.06   15.26    0.00   -3.25      1.908   1.779   0.169
  23 3214.1   9/2-   3/2  31   -1.10    4.95    5.03    2.70    0.91      14.06   14.26    0.01   -1.53      1.782   1.663   0.868
  24 3292.9   9/2-   7/2  28   -2.81    5.89    5.94   11.29    2.24      12.73   12.82    0.00   -2.37      1.614   1.495   0.255
  25 3543.8   5/2-   5/2  32    0.62   24.20   23.59    4.03    4.24      17.91   17.56    0.00   -6.59      2.270   2.047   0.161
  
  26 3738.6  13/2-   7/2  33   -1.73    2.57    2.63   12.72    2.21      17.87   17.98    0.01   -0.42      2.265   2.096   0.482
  27 4284.6  11/2-   3/2  31   -0.57    4.87    4.92    1.41    0.81      18.48   18.71    0.01   -1.04      2.342   2.181   0.952
  28 4977.0  13/2-   1/2  35    0.17   12.18   12.00    0.59    2.66      18.11   18.23    0.00   -1.02      2.295   2.125   0.077
  29 5267.8   1/2-   1/2  39    0.50   16.06   15.99    0.25   -0.68      17.12   17.12    0.00   -5.62      2.169   1.996   0.057
  30 5921.0  13/2-   3/2  31   -0.88    4.85    4.93    1.78    0.70      25.07   25.44    0.01   -0.94      3.177   2.966   0.977
  
  31 7081.3   1/2-   1/2  27    0.50   23.83   23.47    0.25   -3.36      27.23   26.89    0.00   -6.86      3.451   3.135   0.172
  32*******   1/2-   1/2  38    1.02    2.45    1.15    4.49    1.01       2.37    1.00    3.72   -2.71      0.300   0.116 259.899
