1SPECTRUM OF (Z= 82 A=207) IN PARTICLE-ROTOR  MODEL WITH MODIFIED OSCILLATOR POTENTIAL


 PARITY=-   EPS= 0.367   GAMMA=  0.0   EPS4=0.000   EPS6=0.000   LEVELS:  25  26  27  28  29  30  31  32  33  34  35  36  37  38  39

 PAIRING FACTORS: GN0= 19.20  GN1=  7.40  IPAIR= 15 ***  E2PLUS(INPUT)=   0.730  E2PLUR(INPUT)=   0.000

 CORIOLIS ATTENUATION PARAMETERS:  CHSI=1.000  ETA=  1.00

 MOMENT OF INERTIA PARAMETERS:   A1=  0.122 MEV   A2=  0.122 MEV   A3=121.91925 MEV


 DELTA=0.878 MEV  LAMBDA=53.4219 MEV   HW0= 7.5349 MEV   LAMBDA/HW0= 7.0899

 E2ENERGY=0.730 MEV  HBAR**2/B=24974./A**(7/3)=4221.8/A**2 MEV

 IREC=0  =>  RECOIL TERMS j+j-, j+j+, jzjz, ETC TREATED AS ONE-BODY OPERATORS WITH UU+VV PAIRING FACTORS



 S. P. LEVEL   EQP       U     V        (UU + VV)**1.00

     25       4.202    0.105 0.994      1.000 0.999 0.997 0.997 0.983 0.948 0.923 0.731 0.709 0.504 0.345 0.314 0.253 0.240 0.220
     26       2.953    0.150 0.989      0.999 1.000 1.000 0.999 0.990 0.962 0.939 0.761 0.740 0.543 0.387 0.357 0.297 0.284 0.264
     27       2.472    0.181 0.984      0.997 1.000 1.000 1.000 0.994 0.969 0.949 0.781 0.760 0.568 0.415 0.386 0.326 0.313 0.293
     28       2.393    0.187 0.982      0.997 0.999 1.000 1.000 0.995 0.971 0.951 0.784 0.764 0.573 0.421 0.391 0.332 0.319 0.299
     29       1.596    0.287 0.958      0.983 0.990 0.994 0.995 1.000 0.990 0.978 0.844 0.827 0.655 0.512 0.484 0.428 0.415 0.396
     30       1.160    0.416 0.909      0.948 0.962 0.969 0.971 0.990 1.000 0.997 0.910 0.896 0.752 0.626 0.600 0.548 0.536 0.519
     31       1.042    0.480 0.877      0.923 0.939 0.949 0.951 0.978 0.997 1.000 0.937 0.926 0.798 0.680 0.656 0.607 0.596 0.579
     32       0.887    0.756 0.655      0.731 0.761 0.781 0.784 0.844 0.910 0.937 1.000 0.999 0.958 0.893 0.878 0.845 0.838 0.827
     33       0.897    0.776 0.631      0.709 0.740 0.760 0.764 0.827 0.896 0.926 0.999 1.000 0.966 0.907 0.892 0.862 0.855 0.844
     34       1.173    0.912 0.410      0.504 0.543 0.568 0.573 0.655 0.752 0.798 0.958 0.966 1.000 0.985 0.978 0.963 0.960 0.953
     35       1.853    0.970 0.244      0.345 0.387 0.415 0.421 0.512 0.626 0.680 0.893 0.907 0.985 1.000 0.999 0.995 0.994 0.992
     36       2.112    0.977 0.213      0.314 0.357 0.386 0.391 0.484 0.600 0.656 0.878 0.892 0.978 0.999 1.000 0.998 0.997 0.995
     37       2.957    0.989 0.150      0.253 0.297 0.326 0.332 0.428 0.548 0.607 0.845 0.862 0.963 0.995 0.998 1.000 1.000 0.999
     38       3.243    0.991 0.137      0.240 0.284 0.313 0.319 0.415 0.536 0.596 0.838 0.855 0.960 0.994 0.997 1.000 1.000 1.000
     39       3.806    0.993 0.116      0.220 0.264 0.293 0.299 0.396 0.519 0.579 0.827 0.844 0.953 0.992 0.995 0.999 1.000 1.000

  R CORE   ENERGY   A0R/A00=1.000    R3= 0     2  
   2( 1)    0.732                    1.000 0.000
   2( 2)  487.921                    0.000 1.000

  R CORE   ENERGY   A0R/A00=1.000    R3= 0     2  
   3( 1)  488.652                    0.000 1.000

  R CORE   ENERGY   A0R/A00=1.000    R3= 0     2     4  
   4( 1)    2.438                    1.000 0.000 0.000

  R CORE   ENERGY   A0R/A00=1.000    R3= 0     2     4  
   5( 1)  490.847                    0.000 1.000 0.000

  R CORE   ENERGY   A0R/A00=1.000    R3= 0     2     4     6  
   6( 1)    5.121                    1.000 0.000 0.000 0.000

  R CORE   ENERGY   A0R/A00=1.000    R3= 0     2     4     6  
   7( 1)  494.017                    0.000 1.000 0.000 0.000

          AXIAL SYMMETRY => K RESTRICTED TO OMEGA

                     K
     S.P. ORB#: 25 -5.50
     S.P. ORB#: 26  2.50
     S.P. ORB#: 27  0.50
     S.P. ORB#: 28 -3.50
     S.P. ORB#: 29 -1.50
     S.P. ORB#: 30  0.50
     S.P. ORB#: 31 -1.50
     S.P. ORB#: 32  2.50
     S.P. ORB#: 33 -3.50
     S.P. ORB#: 34  4.50
     S.P. ORB#: 35  0.50
     S.P. ORB#: 36 -3.50
     S.P. ORB#: 37 -1.50
     S.P. ORB#: 38  2.50
     S.P. ORB#: 39  0.50
 

             ENERGY    K= OMEGA
 
 I=  1/2- (1)  2.442  30:-1.000
 
 I=  1/2- (2)  4.833  27:-0.205
                      35: 0.904
                      39:-0.375
 
 I=  1/2- (3)  7.570  27:-0.453
                      35: 0.252
                      39: 0.855
 
 I=  1/2- (4)  9.188  27: 0.868
                      35: 0.345
                      39: 0.358
 
 I=  1/2- (5)147.345  31: 1.000

             ENERGY    K= OMEGA
 
 I=  3/2- (1)  2.330  30: 0.439
                      31:-0.898
 
 I=  3/2- (2)  2.692  30:-0.855
                      31:-0.426
                      37:-0.295

             ENERGY    K= OMEGA
 
 I=  5/2- (1)  2.773  30: 0.396
                      31: 0.865
                      37:-0.101
                      38:-0.289
 
 I=  5/2- (2)  3.388  26:-0.058
                      30: 0.798
                      31:-0.385
                      37:-0.451
                      38: 0.091
 
 I=  5/2- (3)  3.979  26:-0.084
                      30:-0.256
                      31:-0.209
                      37:-0.432
                      38:-0.835
 
 I=  5/2- (4)  4.526  26:-0.247
                      30:-0.366
                      31: 0.244
                      37:-0.733
                      38: 0.456
 
 I=  5/2- (5)  4.760  26: 0.963
                      30:-0.082
                      37:-0.250
                      38: 0.060

             ENERGY    K= OMEGA
 
 I=  7/2- (1)  1.745  26:-0.170
                      33: 0.984
 
 I=  7/2- (2)  3.344  30:-0.545
                      31: 0.738
                      37:-0.207
                      38: 0.336
 
 I=  7/2- (3)  3.866  27: 0.658
                      29: 0.586
                      32: 0.433
                      36: 0.192
 
 I=  7/2- (4)  4.043  26:-0.072
                      30: 0.710
                      31: 0.528
                      37: 0.399
                      38: 0.230
 
 I=  7/2- (5)  4.268  26:-0.201
                      28:-0.963
                      30:-0.055
                      31: 0.070
                      37: 0.064
                      38:-0.138

             ENERGY    K= OMEGA
 
 I=  9/2- (1)  2.094  26:-0.085
                      28: 0.167
                      33:-0.319
                      34:-0.929
 
 I=  9/2- (2)  2.772  26:-0.229
                      28:-0.095
                      33:-0.913
                      34: 0.318
 
 I=  9/2- (3)  4.287  30: 0.436
                      31: 0.760
                      33:-0.053
                      37:-0.229
                      38:-0.419
 
 I=  9/2- (4)  4.684  27:-0.213
                      29: 0.550
                      32:-0.683
                      36: 0.431
 
 I=  9/2- (5)  5.247  26:-0.125
                      28: 0.107
                      30: 0.660
                      31:-0.459
                      33: 0.055
                      37:-0.547
                      38: 0.153

             ENERGY    K= OMEGA
 
 I= 11/2- (1)  3.218  26:-0.138
                      28:-0.227
                      33: 0.414
                      34:-0.870
 
 I= 11/2- (2)  3.261  27:-0.639
                      29:-0.583
                      32:-0.441
                      35:-0.077
                      36:-0.226
 
 I= 11/2- (3)  4.027  26: 0.268
                      28:-0.142
                      31:-0.057
                      33:-0.854
                      34:-0.413
                      38:-0.066
 
 I= 11/2- (4)  5.287  30: 0.558
                      31:-0.663
                      33: 0.066
                      37: 0.292
                      38:-0.396
 
 I= 11/2- (5)  5.546  25: 0.999

             ENERGY    K= OMEGA
 
 I= 13/2- (1)  4.568  26: 0.182
                      28:-0.266
                      33: 0.469
                      34: 0.821
 
 I= 13/2- (2)  5.179  27:-0.215
                      29: 0.551
                      32:-0.675
                      36: 0.441
 
 I= 13/2- (3)  5.514  26:-0.294
                      28:-0.182
                      31:-0.078
                      33:-0.805
                      34: 0.467
                      38: 0.085
 
 I= 13/2- (4)  6.750  30:-0.445
                      31:-0.698
                      33: 0.090
                      34:-0.052
                      37: 0.297
                      38: 0.461
 
 I= 13/2- (5)  7.132  25: 0.999

             ENERGY     K= 1/2
  32 LEVELS    TIME=  0.0 SEC



 ******************* EXCITATION ENERGIES, DOMINANT CONFIGURATION AND EXPECTATION VALUES (WITH S.P. UU+VV FACTORS) *******************

  NR  Eex(keV)  I   Kdom  NY    <Jz>  <Jx**2> <Jy**2> <Jz**2> <I.j>/|I|  <Rx**2> <Ry**2> <Rz**2> <R.j>/|R|  <HROTx> <HROTy> <HROTz>

   1    0.0   7/2-  -7/2  33   -3.32    2.31    2.31   12.07    3.28       3.22    3.22    0.00   -1.45      0.392   0.392   0.000
   2  348.9   9/2-   9/2  34    3.45    2.51    2.51   19.11    4.17       3.70    3.70   -0.00   -1.24      0.451   0.451  -0.000
   3  585.2   3/2-  -3/2  31   -1.11    4.88    4.88    1.86    1.29       5.19    5.19    0.00   -2.83      0.632   0.632   0.000
   4  696.8   1/2-   1/2  30    0.50    4.85    4.85    0.25    0.11       5.26    5.26   -0.00   -3.04      0.641   0.641  -0.000
   5  946.5   3/2-   1/2  30   -0.04    4.50    4.50    0.79    0.53       5.73    5.73    0.00   -2.58      0.699   0.699   0.000
  
   6 1026.5   9/2-  -7/2  33   -2.36    2.38    2.38   12.71    2.83       7.05    7.05    0.00   -0.91      0.860   0.860   0.000
   7 1027.4   5/2-  -3/2  31   -0.85    4.65    4.65    2.27    1.35       6.18    6.18    0.00   -2.16      0.753   0.753   0.000
   8 1473.3  11/2-   9/2  34    2.67    2.69    2.69   18.20    3.59       8.18    8.18    0.00   -0.52      0.997   0.997   0.000
   9 1516.2  11/2-   1/2  27    0.01   23.58   23.58    2.71    6.19       5.81    5.81    0.00   -3.78      0.708   0.708   0.000
  10 1599.1   7/2-  -3/2  31   -0.46    4.51    4.51    2.13    1.39       7.94    7.94    0.00   -1.41      0.968   0.968   0.000
  
  11 1643.0   5/2-   1/2  30   -0.18    4.08    4.08    1.02    0.46       7.61    7.61    0.00   -2.01      0.928   0.928   0.000
  12 2120.4   7/2-   1/2  27    0.04   23.14   23.14    2.50    6.06       8.22    8.22   -0.00   -6.10      1.002   1.002  -0.000
  13 2233.7   5/2-   5/2  38    1.45    2.10    2.10    4.93    1.60       4.20    4.20    0.00   -1.52      0.512   0.512   0.000
  14 2281.9  11/2-  -7/2  33   -1.67    2.46    2.46   13.13    2.52      11.87   11.87    0.00   -0.62      1.447   1.447   0.000
  15 2297.8   7/2-   1/2  30   -0.26    4.05    4.05    1.49    0.60      10.30   10.30    0.00   -1.59      1.255   1.255   0.000
  
  16 2522.9   7/2-  -7/2  28   -3.11    6.10    6.10   11.77    3.10       7.56    7.56    0.00   -3.00      0.922   0.922   0.000
  17 2542.3   9/2-  -3/2  31   -0.42    4.30    4.30    2.62    1.36      11.22   11.22    0.00   -0.94      1.368   1.368   0.000
  18 2780.7   5/2-  -3/2  37   -0.16    2.80    2.80    3.06    0.36       7.65    7.65    0.00   -1.94      0.932   0.932   0.000
  19 2823.1  13/2-   9/2  34    2.09    2.85    2.85   17.46    3.21      13.56   13.56   -0.00   -0.15      1.653   1.653  -0.001
  20 2938.9   9/2-   5/2  32    0.09   24.02   24.02    5.88    5.20      13.46   13.46   -0.00   -5.40      1.641   1.641  -0.000
  
  21 3014.7   5/2-   5/2  26    2.24    5.76    5.76    5.96    1.91       7.45    7.45    0.00   -3.06      0.909   0.909   0.000
  22 3088.3   1/2-   1/2  35    0.50   11.22   11.22    0.25    0.85      10.99   10.99    0.00   -4.69      1.340   1.340   0.000
  23 3434.2  13/2-   5/2  32    0.03   24.02   24.02    5.92    5.14      15.44   15.44   -0.00   -3.25      1.882   1.882  -0.000
  24 3502.3   9/2-   1/2  30   -0.50    3.70    3.70    1.68    0.53      14.29   14.29    0.00   -1.21      1.742   1.742   0.000
  25 3541.6  11/2-  -3/2  31   -0.25    4.26    4.26    2.33    1.36      15.17   15.17    0.00   -0.49      1.849   1.849   0.000
  
  26 3768.4  13/2-  -7/2  33   -1.18    2.55    2.55   13.39    2.28      17.67   17.67    0.00   -0.43      2.154   2.154   0.000
  27 3800.7  11/2- -11/2  25   -5.49    2.75    2.75   30.23    5.05       5.52    5.52    0.00   -1.66      0.673   0.673   0.000
  28 5005.3  13/2-  -3/2  31   -0.25    4.08    4.08    2.86    1.32      20.69   20.69    0.00   -0.28      2.522   2.522   0.000
  29 5387.4  13/2- -11/2  25   -5.48    2.75    2.75   30.21    4.32      12.05   12.05    0.00   -1.13      1.469   1.469   0.000
  30 5824.8   1/2-   1/2  39    0.50   16.04   16.04    0.25   -0.61      17.07   17.07   -0.00   -5.62      2.081   2.081  -0.000
  
  31 7443.3   1/2-   1/2  27    0.50   23.74   23.74    0.25   -3.35      27.14   27.14   -0.00   -6.87      3.309   3.309  -0.000
  32*******   1/2-  -3/2  31    0.00    0.00    0.00    0.00    0.00       0.00    0.00   -0.00   -0.00      0.000   0.000  -0.000
