1SPECTRUM OF (Z= 82 A=207) IN PARTICLE-ROTOR  MODEL WITH MODIFIED OSCILLATOR POTENTIAL


 PARITY=-   EPS= 0.359   GAMMA=  0.0   EPS4=0.000   EPS6=0.000   LEVELS:  26  27  28  29  30  31  32  33  34  35  36  37  38  39  40

 PAIRING FACTORS: GN0= 19.20  GN1=  7.40  IPAIR= 15 ***  E2PLUS(INPUT)=   0.730  E2PLUR(INPUT)=   0.000

 CORIOLIS ATTENUATION PARAMETERS:  CHSI=1.000  ETA=  1.00

 MOMENT OF INERTIA PARAMETERS:   A1=  0.122 MEV   A2=  0.122 MEV   A3=121.91923 MEV


 DELTA=0.887 MEV  LAMBDA=53.4010 MEV   HW0= 7.5292 MEV   LAMBDA/HW0= 7.0926

 E2ENERGY=0.730 MEV  HBAR**2/B=23897./A**(7/3)=4039.7/A**2 MEV

 IREC=0  =>  RECOIL TERMS j+j-, j+j+, jzjz, ETC TREATED AS ONE-BODY OPERATORS WITH UU+VV PAIRING FACTORS



 S. P. LEVEL   EQP       U     V        (UU + VV)**1.00

     26       3.005    0.149 0.989      1.000 0.999 0.999 0.985 0.965 0.944 0.782 0.721 0.577 0.368 0.353 0.303 0.289 0.265 0.259
     27       2.446    0.184 0.983      0.999 1.000 1.000 0.991 0.973 0.956 0.804 0.746 0.606 0.401 0.386 0.337 0.323 0.299 0.294
     28       2.291    0.197 0.980      0.999 1.000 1.000 0.992 0.976 0.959 0.812 0.754 0.616 0.413 0.398 0.349 0.336 0.311 0.306
     29       1.473    0.317 0.948      0.985 0.991 0.992 1.000 0.996 0.987 0.878 0.830 0.709 0.523 0.509 0.463 0.450 0.427 0.422
     30       1.198    0.405 0.914      0.965 0.973 0.976 0.996 1.000 0.998 0.919 0.879 0.772 0.600 0.587 0.544 0.531 0.510 0.505
     31       1.075    0.466 0.885      0.944 0.956 0.959 0.987 0.998 1.000 0.944 0.909 0.813 0.653 0.641 0.600 0.588 0.567 0.563
     32       0.889    0.733 0.680      0.782 0.804 0.812 0.878 0.919 0.944 1.000 0.996 0.960 0.867 0.859 0.831 0.823 0.808 0.805
     33       0.917    0.792 0.610      0.721 0.746 0.754 0.830 0.879 0.909 0.996 1.000 0.982 0.909 0.903 0.879 0.871 0.859 0.856
     34       1.106    0.894 0.449      0.577 0.606 0.616 0.709 0.772 0.813 0.960 0.982 1.000 0.972 0.968 0.953 0.949 0.940 0.939
     35       2.022    0.974 0.225      0.368 0.401 0.413 0.523 0.600 0.653 0.867 0.909 0.972 1.000 1.000 0.998 0.997 0.994 0.993
     36       2.167    0.978 0.209      0.353 0.386 0.398 0.509 0.587 0.641 0.859 0.903 0.968 1.000 1.000 0.999 0.998 0.996 0.995
     37       2.850    0.988 0.158      0.303 0.337 0.349 0.463 0.544 0.600 0.831 0.879 0.953 0.998 0.999 1.000 1.000 0.999 0.999
     38       3.134    0.990 0.143      0.289 0.323 0.336 0.450 0.531 0.588 0.823 0.871 0.949 0.997 0.998 1.000 1.000 1.000 1.000
     39       3.795    0.993 0.118      0.265 0.299 0.311 0.427 0.510 0.567 0.808 0.859 0.940 0.994 0.996 0.999 1.000 1.000 1.000
     40       3.968    0.994 0.112      0.259 0.294 0.306 0.422 0.505 0.563 0.805 0.856 0.939 0.993 0.995 0.999 1.000 1.000 1.000

  R CORE   ENERGY   A0R/A00=1.000    R3= 0     2  
   2( 1)    0.732                    1.000 0.000
   2( 2)  487.921                    0.000 1.000

  R CORE   ENERGY   A0R/A00=1.000    R3= 0     2  
   3( 1)  488.652                    0.000 1.000

  R CORE   ENERGY   A0R/A00=1.000    R3= 0     2     4  
   4( 1)    2.438                    1.000 0.000 0.000

  R CORE   ENERGY   A0R/A00=1.000    R3= 0     2     4  
   5( 1)  490.847                    0.000 1.000 0.000

  R CORE   ENERGY   A0R/A00=1.000    R3= 0     2     4     6  
   6( 1)    5.121                    1.000 0.000 0.000 0.000

  R CORE   ENERGY   A0R/A00=1.000    R3= 0     2     4     6  
   7( 1)  494.017                    0.000 1.000 0.000 0.000

          AXIAL SYMMETRY => K RESTRICTED TO OMEGA

                     K
     S.P. ORB#: 26  2.50
     S.P. ORB#: 27 -3.50
     S.P. ORB#: 28  0.50
     S.P. ORB#: 29 -1.50
     S.P. ORB#: 30  0.50
     S.P. ORB#: 31 -1.50
     S.P. ORB#: 32 -3.50
     S.P. ORB#: 33  2.50
     S.P. ORB#: 34  4.50
     S.P. ORB#: 35  0.50
     S.P. ORB#: 36 -3.50
     S.P. ORB#: 37 -1.50
     S.P. ORB#: 38  2.50
     S.P. ORB#: 39  0.50
     S.P. ORB#: 40  0.50
 

             ENERGY    K= OMEGA
 
 I=  1/2- (1)  2.469  30: 0.999
 
 I=  1/2- (2)  4.159  39: 0.999
 
 I=  1/2- (3)  5.009  28:-0.217
                      35: 0.901
                      40:-0.377
 
 I=  1/2- (4)  7.650  28:-0.505
                      35: 0.227
                      40: 0.833
 
 I=  1/2- (5)  9.154  28: 0.836
                      35: 0.371
                      40: 0.405

             ENERGY    K= OMEGA
 
 I=  3/2- (1)  2.355  30: 0.413
                      31:-0.910
 
 I=  3/2- (2)  2.663  30:-0.850
                      31:-0.387
                      37:-0.326
                      39: 0.148

             ENERGY    K= OMEGA
 
 I=  5/2- (1)  2.722  30: 0.411
                      31: 0.840
                      37:-0.100
                      38:-0.292
                      39: 0.170
 
 I=  5/2- (2)  3.386  26:-0.060
                      30: 0.763
                      31:-0.401
                      37:-0.492
                      38: 0.100
 
 I=  5/2- (3)  3.851  26: 0.064
                      30: 0.262
                      31: 0.177
                      37: 0.432
                      38: 0.828
                      39: 0.156
 
 I=  5/2- (4)  4.434  26:-0.135
                      30:-0.373
                      31: 0.295
                      37:-0.717
                      38: 0.468
                      39:-0.152
 
 I=  5/2- (5)  4.799  26: 0.981
                      37:-0.136
                      39:-0.132

             ENERGY    K= OMEGA
 
 I=  7/2- (1)  1.726  26:-0.176
                      32: 0.983
 
 I=  7/2- (2)  3.353  30: 0.527
                      31:-0.735
                      37: 0.219
                      38:-0.363
 
 I=  7/2- (3)  3.784  28:-0.674
                      29:-0.585
                      33:-0.412
                      36:-0.182
 
 I=  7/2- (4)  3.901  26: 0.063
                      30:-0.688
                      31:-0.510
                      37:-0.406
                      38:-0.199
                      39: 0.237
 
 I=  7/2- (5)  4.311  26:-0.204
                      27:-0.951
                      30:-0.082
                      31: 0.088
                      37: 0.083
                      38:-0.179

             ENERGY    K= OMEGA
 
 I=  9/2- (1)  2.023  26: 0.083
                      27:-0.171
                      32: 0.300
                      34: 0.935
 
 I=  9/2- (2)  2.735  26: 0.239
                      27: 0.094
                      32: 0.917
                      34:-0.299
 
 I=  9/2- (3)  4.142  30: 0.449
                      31: 0.739
                      32:-0.052
                      37:-0.203
                      38:-0.389
                      39: 0.236
 
 I=  9/2- (4)  4.670  28:-0.216
                      29: 0.552
                      33:-0.679
                      36: 0.433
 
 I=  9/2- (5)  5.236  26:-0.118
                      27: 0.087
                      30: 0.629
                      31:-0.461
                      32: 0.055
                      37:-0.588
                      38: 0.144

             ENERGY    K= OMEGA
 
 I= 11/2- (1)  3.142  26:-0.137
                      27:-0.233
                      32: 0.398
                      34:-0.877
 
 I= 11/2- (2)  3.172  28:-0.651
                      29:-0.582
                      33:-0.428
                      35:-0.071
                      36:-0.222
 
 I= 11/2- (3)  3.975  26:-0.278
                      27: 0.140
                      31: 0.055
                      32: 0.859
                      34: 0.397
                      38: 0.064
 
 I= 11/2- (4)  5.287  30: 0.549
                      31:-0.653
                      32: 0.060
                      37: 0.308
                      38:-0.415
 
 I= 11/2- (5)  6.089  26: 0.060
                      30:-0.617
                      31:-0.537
                      32: 0.071
                      37:-0.408
                      38:-0.266
                      39: 0.290

             ENERGY    K= OMEGA
 
 I= 13/2- (1)  4.484  26: 0.183
                      27:-0.272
                      32: 0.456
                      34: 0.827
 
 I= 13/2- (2)  5.146  28:-0.216
                      29: 0.549
                      33:-0.673
                      36: 0.446
 
 I= 13/2- (3)  5.446  26: 0.304
                      27: 0.181
                      31: 0.082
                      32: 0.808
                      34:-0.456
                      38:-0.084
 
 I= 13/2- (4)  6.512  30: 0.459
                      31: 0.686
                      32:-0.096
                      34: 0.050
                      37:-0.249
                      38:-0.409
                      39: 0.278
 
 I= 13/2- (5)  8.053  26:-0.123
                      27: 0.082
                      30: 0.552
                      31:-0.476
                      32: 0.099
                      37:-0.640
                      38: 0.145
                      39:-0.082

             ENERGY     K= 1/2
  32 LEVELS    TIME=  0.0 SEC



 ******************* EXCITATION ENERGIES, DOMINANT CONFIGURATION AND EXPECTATION VALUES (WITH S.P. UU+VV FACTORS) *******************

  NR  Eex(keV)  I   Kdom  NY    <Jz>  <Jx**2> <Jy**2> <Jz**2> <I.j>/|I|  <Rx**2> <Ry**2> <Rz**2> <R.j>/|R|  <HROTx> <HROTy> <HROTz>

   1    0.0   7/2-  -7/2  32   -3.31    2.31    2.31   12.05    3.29       3.14    3.14    0.00   -1.44      0.383   0.383   0.000
   2  297.4   9/2-   9/2  34    3.53    2.51    2.51   19.20    4.19       3.63    3.63   -0.00   -1.25      0.442   0.442  -0.000
   3  629.3   3/2-  -3/2  31   -1.16    4.85    4.85    1.91    1.30       5.15    5.15    0.00   -2.83      0.628   0.628   0.000
   4  743.3   1/2-   1/2  30    0.50    4.83    4.83    0.25    0.16       5.20    5.20   -0.00   -3.03      0.634   0.634  -0.000
   5  937.4   3/2-   1/2  30   -0.01    4.29    4.29    0.76    0.73       5.13    5.13    0.00   -2.47      0.625   0.625   0.000
  
   6  996.3   5/2-  -3/2  31   -0.76    4.55    4.55    2.20    1.51       5.55    5.55    0.00   -2.05      0.677   0.677   0.000
   7 1009.2   9/2-  -7/2  32   -2.43    2.39    2.39   12.59    2.84       6.92    6.92    0.00   -0.87      0.843   0.843   0.000
   8 1416.6  11/2-   9/2  34    2.76    2.70    2.70   18.29    3.62       8.05    8.05   -0.00   -0.50      0.981   0.981  -0.000
   9 1446.0  11/2-   1/2  28   -0.01   23.75   23.75    2.62    6.21       5.81    5.81    0.00   -3.81      0.708   0.708   0.000
  10 1627.4   7/2-  -3/2  31   -0.42    4.42    4.42    2.24    1.43       7.73    7.73    0.00   -1.37      0.943   0.943   0.000
  
  11 1660.4   5/2-   1/2  30   -0.28    3.92    3.92    1.14    0.53       7.30    7.30    0.00   -1.94      0.890   0.890   0.000
  12 2058.6   7/2-   1/2  28    0.02   23.29   23.29    2.35    6.07       8.24    8.24    0.00   -6.12      1.005   1.005   0.000
  13 2125.3   5/2-   5/2  38    1.44    2.07    2.07    4.82    1.68       3.90    3.90    0.00   -1.44      0.476   0.476   0.000
  14 2175.2   7/2-   1/2  30   -0.27    3.81    3.81    1.37    0.81       9.16    9.16    0.00   -1.35      1.116   1.116   0.000
  15 2249.2  11/2-  -7/2  32   -1.74    2.47    2.47   12.99    2.54      11.68   11.68    0.00   -0.57      1.423   1.423   0.000
  
  16 2416.5   9/2-  -3/2  31   -0.39    4.22    4.22    2.38    1.51      10.28   10.28    0.00   -0.73      1.253   1.253   0.000
  17 2433.1   1/2-   1/2  39    0.50    1.61    1.61    0.25    0.70       1.51    1.51   -0.00   -1.65      0.184   0.184  -0.000
  18 2585.9   7/2-  -7/2  27   -3.00    6.01    6.01   11.58    3.06       7.53    7.53    0.00   -2.95      0.918   0.918   0.000
  19 2708.4   5/2-  -3/2  37   -0.23    2.74    2.74    2.87    0.28       7.72    7.72    0.00   -1.91      0.941   0.941   0.000
  20 2758.6  13/2-   9/2  34    2.17    2.87    2.87   17.52    3.24      13.37   13.37    0.00   -0.12      1.630   1.630   0.000
  
  21 2944.6   9/2-   5/2  33    0.06   24.14   24.14    5.88    5.22      13.47   13.47    0.00   -5.43      1.642   1.642   0.000
  22 3073.5   5/2-   5/2  26    2.39    5.89    5.89    6.07    2.02       7.31    7.31    0.00   -3.10      0.891   0.891   0.000
  23 3283.0   1/2-   1/2  35    0.50   11.23   11.23    0.25    0.77      11.06   11.06    0.00   -4.69      1.349   1.349   0.000
  24 3420.7  13/2-   5/2  33    0.00   24.14   24.14    5.96    5.17      15.37   15.37    0.00   -3.27      1.874   1.874   0.000
  25 3510.4   9/2-   1/2  30   -0.59    3.51    3.51    1.71    0.55      14.01   14.01    0.00   -1.13      1.709   1.709   0.000
  
  26 3561.7  11/2-  -3/2  31   -0.21    4.17    4.17    2.40    1.38      14.97   14.97    0.00   -0.45      1.825   1.825   0.000
  27 3720.9  13/2-  -7/2  32   -1.22    2.56    2.56   13.23    2.31      17.42   17.42    0.00   -0.38      2.123   2.123   0.000
  28 4363.5  11/2-   1/2  30   -0.28    3.60    3.60    1.67    0.79      17.60   17.60    0.00   -0.70      2.145   2.145   0.000
  29 4786.1  13/2-  -3/2  31   -0.26    4.04    4.04    2.49    1.46      19.46   19.46   -0.00   -0.06      2.373   2.373  -0.000
  30 5924.8   1/2-   1/2  40    0.50   16.21   16.21    0.25   -0.64      17.26   17.26    0.00   -5.65      2.105   2.105   0.000
  
  31 6327.5  13/2-  -3/2  37   -0.76    3.24    3.24    1.94    0.50      25.08   25.08    0.00   -0.69      3.058   3.058   0.000
  32 7428.3   1/2-   1/2  28    0.50   23.83   23.83    0.25   -3.27      27.17   27.17   -0.00   -6.88      3.312   3.312  -0.000
