1SPECTRUM OF (Z= 82 A=207) IN PARTICLE-ROTOR  MODEL WITH MODIFIED OSCILLATOR POTENTIAL


 PARITY=-   EPS= 0.369   GAMMA=  0.0   EPS4=0.000   EPS6=0.000   LEVELS:  24  25  26  27  28  29  30  31  32  33  34  35  36  37  38

 PAIRING FACTORS: GN0= 19.20  GN1=  7.40  IPAIR= 15 ***  E2PLUS(INPUT)=   0.730  E2PLUR(INPUT)=   0.000

 CORIOLIS ATTENUATION PARAMETERS:  CHSI=1.000  ETA=  1.00

 MOMENT OF INERTIA PARAMETERS:   A1=  0.122 MEV   A2=  0.122 MEV   A3=121.91926 MEV


 DELTA=0.875 MEV  LAMBDA=53.4268 MEV   HW0= 7.5363 MEV   LAMBDA/HW0= 7.0892

 E2ENERGY=0.730 MEV  HBAR**2/B=25247./A**(7/3)=4267.9/A**2 MEV

 IREC=0  =>  RECOIL TERMS j+j-, j+j+, jzjz, ETC TREATED AS ONE-BODY OPERATORS WITH UU+VV PAIRING FACTORS



 S. P. LEVEL   EQP       U     V        (UU + VV)**1.00

     24       4.273    0.103 0.995      1.000 1.000 0.999 0.997 0.996 0.984 0.946 0.920 0.739 0.695 0.493 0.348 0.313 0.249 0.236
     25       4.172    0.106 0.994      1.000 1.000 0.999 0.997 0.997 0.984 0.947 0.921 0.741 0.697 0.495 0.350 0.315 0.252 0.239
     26       2.939    0.151 0.989      0.999 0.999 1.000 1.000 0.999 0.991 0.961 0.938 0.771 0.729 0.534 0.393 0.358 0.296 0.283
     27       2.517    0.177 0.984      0.997 0.997 1.000 1.000 1.000 0.994 0.968 0.947 0.787 0.747 0.556 0.417 0.383 0.321 0.308
     28       2.380    0.187 0.982      0.996 0.997 0.999 1.000 1.000 0.995 0.970 0.950 0.794 0.754 0.565 0.426 0.393 0.331 0.318
     29       1.628    0.280 0.960      0.984 0.984 0.991 0.994 0.995 1.000 0.989 0.976 0.848 0.813 0.641 0.511 0.479 0.419 0.407
     30       1.150    0.419 0.908      0.946 0.947 0.961 0.968 0.970 0.989 1.000 0.997 0.917 0.890 0.748 0.632 0.603 0.549 0.538
     31       1.033    0.484 0.875      0.920 0.921 0.938 0.947 0.950 0.976 0.997 1.000 0.944 0.921 0.794 0.687 0.660 0.609 0.598
     32       0.881    0.746 0.666      0.739 0.741 0.771 0.787 0.794 0.848 0.917 0.944 1.000 0.998 0.950 0.888 0.871 0.836 0.829
     33       0.901    0.786 0.618      0.695 0.697 0.729 0.747 0.754 0.813 0.890 0.921 0.998 1.000 0.968 0.916 0.900 0.869 0.863
     34       1.192    0.916 0.401      0.493 0.495 0.534 0.556 0.565 0.641 0.748 0.794 0.950 0.968 1.000 0.987 0.981 0.965 0.962
     35       1.812    0.968 0.249      0.348 0.350 0.393 0.417 0.426 0.511 0.632 0.687 0.888 0.916 0.987 1.000 0.999 0.995 0.993
     36       2.098    0.977 0.214      0.313 0.315 0.358 0.383 0.393 0.479 0.603 0.660 0.871 0.900 0.981 0.999 1.000 0.998 0.997
     37       2.985    0.989 0.148      0.249 0.252 0.296 0.321 0.331 0.419 0.549 0.609 0.836 0.869 0.965 0.995 0.998 1.000 1.000
     38       3.270    0.991 0.135      0.236 0.239 0.283 0.308 0.318 0.407 0.538 0.598 0.829 0.863 0.962 0.993 0.997 1.000 1.000

  R CORE   ENERGY   A0R/A00=1.000    R3= 0     2  
   2( 1)    0.732                    1.000 0.000
   2( 2)  487.921                    0.000 1.000

  R CORE   ENERGY   A0R/A00=1.000    R3= 0     2  
   3( 1)  488.652                    0.000 1.000

  R CORE   ENERGY   A0R/A00=1.000    R3= 0     2     4  
   4( 1)    2.438                    1.000 0.000 0.000

  R CORE   ENERGY   A0R/A00=1.000    R3= 0     2     4  
   5( 1)  490.847                    0.000 1.000 0.000

  R CORE   ENERGY   A0R/A00=1.000    R3= 0     2     4     6  
   6( 1)    5.121                    1.000 0.000 0.000 0.000

  R CORE   ENERGY   A0R/A00=1.000    R3= 0     2     4     6  
   7( 1)  494.017                    0.000 1.000 0.000 0.000

          AXIAL SYMMETRY => K RESTRICTED TO OMEGA

                     K
     S.P. ORB#: 24  0.50
     S.P. ORB#: 25 -5.50
     S.P. ORB#: 26  2.50
     S.P. ORB#: 27  0.50
     S.P. ORB#: 28 -3.50
     S.P. ORB#: 29 -1.50
     S.P. ORB#: 30  0.50
     S.P. ORB#: 31 -1.50
     S.P. ORB#: 32  2.50
     S.P. ORB#: 33 -3.50
     S.P. ORB#: 34  4.50
     S.P. ORB#: 35  0.50
     S.P. ORB#: 36 -3.50
     S.P. ORB#: 37 -1.50
     S.P. ORB#: 38  2.50
 

             ENERGY    K= OMEGA
 
 I=  1/2- (1)  2.426  30: 0.999
 
 I=  1/2- (2)  5.196  27: 0.273
                      35:-0.962
 
 I=  1/2- (3)  5.913  24: 0.999
 
 I=  1/2- (4)  8.981  27:-0.962
                      35:-0.273
 
 I=  1/2- (5)147.336  31:-1.000

             ENERGY    K= OMEGA
 
 I=  3/2- (1)  2.312  24: 0.073
                      30:-0.283
                      31: 0.956
 
 I=  3/2- (2)  2.503  24:-0.201
                      30:-0.916
                      31:-0.255
                      37:-0.238

             ENERGY    K= OMEGA
 
 I=  5/2- (1)  2.478  24:-0.259
                      30: 0.464
                      31: 0.814
                      37:-0.093
                      38:-0.216
 
 I=  5/2- (2)  3.371  24:-0.055
                      26:-0.060
                      30: 0.769
                      31:-0.462
                      37:-0.409
                      38: 0.145
 
 I=  5/2- (3)  3.967  24:-0.098
                      26: 0.082
                      30: 0.178
                      31: 0.142
                      37: 0.474
                      38: 0.841
 
 I=  5/2- (4)  4.544  26:-0.279
                      30:-0.342
                      31: 0.252
                      37:-0.723
                      38: 0.467
 
 I=  5/2- (5)  4.747  26: 0.954
                      30:-0.078
                      37:-0.275
                      38: 0.080

             ENERGY    K= OMEGA
 
 I=  7/2- (1)  1.752  26:-0.168
                      33: 0.984
 
 I=  7/2- (2)  3.317  24: 0.144
                      30:-0.265
                      31: 0.877
                      37:-0.102
                      38: 0.356
 
 I=  7/2- (3)  3.479  24:-0.305
                      30:-0.861
                      31:-0.237
                      37:-0.328
 
 I=  7/2- (4)  3.886  27: 0.652
                      29: 0.587
                      32: 0.439
                      36: 0.195
 
 I=  7/2- (5)  4.256  26:-0.200
                      28:-0.965
                      30:-0.055
                      31: 0.063
                      37: 0.057
                      38:-0.133

             ENERGY    K= OMEGA
 
 I=  9/2- (1)  2.114  26:-0.085
                      28: 0.166
                      33:-0.324
                      34:-0.927
 
 I=  9/2- (2)  2.782  26:-0.227
                      28:-0.096
                      31:-0.057
                      33:-0.910
                      34: 0.323
                      38: 0.053
 
 I=  9/2- (3)  3.563  24:-0.371
                      30: 0.501
                      31: 0.717
                      33:-0.074
                      37:-0.156
                      38:-0.259
 
 I=  9/2- (4)  4.690  27: 0.211
                      29:-0.550
                      32: 0.684
                      36:-0.430
 
 I=  9/2- (5)  5.239  26:-0.103
                      30: 0.662
                      31:-0.499
                      33: 0.056
                      37:-0.489
                      38: 0.240

             ENERGY    K= OMEGA
 
 I= 11/2- (1)  3.240  26:-0.138
                      28:-0.225
                      33: 0.419
                      34:-0.868
 
 I= 11/2- (2)  3.287  27: 0.638
                      29: 0.583
                      32: 0.444
                      35: 0.068
                      36: 0.227
 
 I= 11/2- (3)  4.041  26:-0.265
                      28: 0.143
                      31: 0.073
                      33: 0.851
                      34: 0.417
                      38: 0.071
 
 I= 11/2- (4)  5.234  24:-0.283
                      31:-0.858
                      33: 0.104
                      37: 0.054
                      38:-0.410
 
 I= 11/2- (5)  5.348  24:-0.297
                      30:-0.864
                      37:-0.387
                      38: 0.118

             ENERGY    K= OMEGA
 
 I= 13/2- (1)  4.591  26: 0.183
                      28:-0.264
                      33: 0.473
                      34: 0.819
 
 I= 13/2- (2)  5.190  27: 0.214
                      29:-0.552
                      32: 0.675
                      36:-0.439
 
 I= 13/2- (3)  5.439  24:-0.327
                      26: 0.199
                      28: 0.136
                      30: 0.365
                      31: 0.518
                      33: 0.510
                      34:-0.325
                      37:-0.113
                      38:-0.232
 
 I= 13/2- (4)  5.619  24:-0.296
                      26:-0.212
                      28:-0.123
                      30: 0.353
                      31: 0.426
                      33:-0.626
                      34: 0.344
                      37:-0.135
                      38:-0.128
 
 I= 13/2- (5)  7.102  25: 0.999

             ENERGY     K= 5/2
  32 LEVELS    TIME=  0.0 SEC



 ******************* EXCITATION ENERGIES, DOMINANT CONFIGURATION AND EXPECTATION VALUES (WITH S.P. UU+VV FACTORS) *******************

  NR  Eex(keV)  I   Kdom  NY    <Jz>  <Jx**2> <Jy**2> <Jz**2> <I.j>/|I|  <Rx**2> <Ry**2> <Rz**2> <R.j>/|R|  <HROTx> <HROTy> <HROTz>

   1    0.0   7/2-  -7/2  33   -3.32    2.31    2.31   12.07    3.27       3.23    3.23    0.00   -1.45      0.394   0.394   0.000
   2  361.4   9/2-   9/2  34    3.42    2.50    2.50   19.09    4.16       3.72    3.72   -0.00   -1.24      0.453   0.453  -0.000
   3  559.3   3/2-  -3/2  31   -1.33    4.90    4.90    2.08    1.38       5.13    5.13    0.00   -2.87      0.626   0.626   0.000
   4  674.1   1/2-   1/2  30    0.50    4.92    4.92    0.25    0.25       5.21    5.21   -0.00   -3.06      0.635   0.635  -0.000
   5  725.8   5/2-  -3/2  31   -0.75    5.03    5.03    1.87    2.00       4.43    4.43    0.00   -2.02      0.541   0.541   0.000
  
   6  750.5   3/2-   1/2  30    0.26    4.52    4.52    0.49    1.03       4.64    4.64    0.00   -2.47      0.565   0.565   0.000
   7 1029.7   9/2-  -7/2  33   -2.33    2.39    2.39   12.71    2.82       7.07    7.07    0.00   -0.91      0.861   0.861   0.000
   8 1487.2  11/2-   9/2  34    2.64    2.68    2.68   18.17    3.58       8.21    8.21    0.00   -0.52      1.001   1.001   0.000
   9 1534.7  11/2-   1/2  27    0.01   23.47   23.47    2.73    6.17       5.82    5.82   -0.00   -3.75      0.709   0.709  -0.000
  10 1564.2   7/2-  -3/2  31   -0.81    4.61    4.61    2.60    1.51       7.80    7.80    0.00   -1.48      0.951   0.951   0.000
  
  11 1619.2   5/2-   1/2  30   -0.21    4.20    4.20    1.16    0.49       7.71    7.71   -0.00   -2.07      0.939   0.939  -0.000
  12 1726.8   7/2-   1/2  30    0.18    4.36    4.36    0.59    1.25       7.57    7.57    0.00   -1.12      0.922   0.922   0.000
  13 1811.2   9/2-  -3/2  31   -0.46    5.15    5.15    1.80    2.17       7.62    7.62    0.00   -0.33      0.929   0.929   0.000
  14 2134.0   7/2-   1/2  27    0.04   23.17   23.17    2.55    6.07       8.23    8.23    0.00   -6.11      1.003   1.003   0.000
  15 2214.6   5/2-   5/2  38    1.44    2.01    2.01    5.02    1.81       3.55    3.55   -0.00   -1.39      0.433   0.433  -0.000
  
  16 2288.4  11/2-  -7/2  33   -1.64    2.47    2.47   13.14    2.51      11.89   11.89    0.00   -0.63      1.450   1.450   0.000
  17 2504.0   7/2-  -7/2  28   -3.13    6.11    6.11   11.80    3.10       7.57    7.57    0.00   -3.01      0.923   0.923   0.000
  18 2791.4   5/2-  -3/2  37   -0.08    2.84    2.84    3.20    0.43       7.54    7.54   -0.00   -1.96      0.919   0.919  -0.000
  19 2838.7  13/2-   9/2  34    2.06    2.85    2.85   17.42    3.20      13.61   13.61   -0.00   -0.15      1.659   1.659  -0.000
  20 2937.5   9/2-   5/2  32    0.09   24.00   24.00    5.88    5.19      13.47   13.47    0.00   -5.40      1.643   1.643   0.000
  
  21 2995.2   5/2-   5/2  26    2.18    5.70    5.70    5.91    1.89       7.43    7.43    0.00   -3.04      0.906   0.906   0.000
  22 3437.7  13/2-   5/2  32    0.03   24.00   24.00    5.91    5.14      15.47   15.47    0.00   -3.24      1.886   1.886   0.000
  23 3444.1   1/2-   1/2  35    0.50   12.24   12.24    0.25   -1.06      13.66   13.66   -0.00   -4.91      1.666   1.666  -0.000
  24 3481.4  11/2-  -3/2  31   -0.68    4.52    4.52    2.90    1.55      14.60   14.60    0.00   -0.50      1.780   1.780   0.000
  25 3487.0   9/2-   1/2  30   -0.36    3.82    3.82    1.69    0.51      14.49   14.49    0.00   -1.26      1.766   1.766   0.000
  
  26 3595.6  11/2-   1/2  30    0.23    4.26    4.26    0.65    1.28      14.83   14.83    0.00   -0.28      1.808   1.808   0.000
  27 3686.2  13/2-  -3/2  31   -0.57    4.09    4.09    6.85    2.33      15.65   15.65    0.00    0.22      1.908   1.908   0.000
  28 3867.1  13/2-  -7/2  33   -0.94    3.75    3.75    8.30    2.19      16.98   16.98    0.00   -0.09      2.070   2.070   0.000
  29 4160.3   1/2-   1/2  24    0.50    6.82    6.82    0.25    0.65       6.75    6.75    0.00   -3.62      0.823   0.823   0.000
  30 5349.3  13/2- -11/2  25   -5.48    2.75    2.75   30.21    4.32      12.04   12.04    0.00   -1.13      1.468   1.468   0.000
  
  31 7228.3   1/2-   1/2  27    0.50   23.22   23.22    0.25   -3.46      26.72   26.72    0.00   -6.80      3.258   3.258   0.000
  32*******   1/2-  -3/2  31    0.00    0.00    0.00    0.00   -0.00       0.00    0.00    0.00   -0.00      0.000   0.000   0.000
