1SPECTRUM OF (Z= 82 A=207) IN PARTICLE-ROTOR  MODEL WITH MODIFIED OSCILLATOR POTENTIAL


 PARITY=-   EPS= 0.365   GAMMA=  0.0   EPS4=0.000   EPS6=0.000   LEVELS:  25  26  27  28  29  30  31  32  33  34  35  36  37  38  39

 PAIRING FACTORS: GN0= 19.20  GN1=  7.40  IPAIR= 15 ***  E2PLUS(INPUT)=   0.730  E2PLUR(INPUT)=   0.000

 CORIOLIS ATTENUATION PARAMETERS:  CHSI=1.000  ETA=  1.00

 MOMENT OF INERTIA PARAMETERS:   A1=  0.122 MEV   A2=  0.122 MEV   A3=121.91923 MEV


 DELTA=0.880 MEV  LAMBDA=53.4169 MEV   HW0= 7.5334 MEV   LAMBDA/HW0= 7.0906

 E2ENERGY=0.730 MEV  HBAR**2/B=24702./A**(7/3)=4175.9/A**2 MEV

 IREC=0  =>  RECOIL TERMS j+j-, j+j+, jzjz, ETC TREATED AS ONE-BODY OPERATORS WITH UU+VV PAIRING FACTORS



 S. P. LEVEL   EQP       U     V        (UU + VV)**1.00

     25       4.232    0.105 0.995      1.000 0.999 0.997 0.997 0.981 0.949 0.924 0.720 0.720 0.512 0.339 0.313 0.254 0.241 0.218
     26       2.966    0.150 0.989      0.999 1.000 0.999 0.999 0.989 0.962 0.941 0.751 0.751 0.551 0.382 0.356 0.299 0.285 0.263
     27       2.426    0.185 0.983      0.997 0.999 1.000 1.000 0.994 0.971 0.952 0.774 0.774 0.580 0.414 0.389 0.332 0.319 0.296
     28       2.407    0.186 0.983      0.997 0.999 1.000 1.000 0.994 0.972 0.952 0.775 0.775 0.581 0.416 0.390 0.333 0.320 0.298
     29       1.565    0.294 0.956      0.981 0.989 0.994 0.994 1.000 0.992 0.980 0.840 0.840 0.668 0.514 0.490 0.436 0.423 0.402
     30       1.169    0.413 0.911      0.949 0.962 0.971 0.972 0.992 1.000 0.997 0.902 0.902 0.757 0.619 0.597 0.547 0.535 0.515
     31       1.050    0.477 0.879      0.924 0.941 0.952 0.952 0.980 0.997 1.000 0.931 0.930 0.801 0.673 0.652 0.605 0.594 0.575
     32       0.893    0.765 0.644      0.720 0.751 0.774 0.775 0.840 0.902 0.931 1.000 1.000 0.965 0.897 0.884 0.854 0.847 0.834
     33       0.893    0.766 0.643      0.720 0.751 0.774 0.775 0.840 0.902 0.930 1.000 1.000 0.965 0.897 0.884 0.854 0.847 0.835
     34       1.156    0.908 0.419      0.512 0.551 0.580 0.581 0.668 0.757 0.801 0.965 0.965 1.000 0.982 0.976 0.961 0.957 0.950
     35       1.895    0.971 0.239      0.339 0.382 0.414 0.416 0.514 0.619 0.673 0.897 0.897 0.982 1.000 1.000 0.996 0.995 0.992
     36       2.125    0.977 0.212      0.313 0.356 0.389 0.390 0.490 0.597 0.652 0.884 0.884 0.976 1.000 1.000 0.998 0.997 0.995
     37       2.930    0.988 0.152      0.254 0.299 0.332 0.333 0.436 0.547 0.605 0.854 0.854 0.961 0.996 0.998 1.000 1.000 0.999
     38       3.215    0.990 0.138      0.241 0.285 0.319 0.320 0.423 0.535 0.594 0.847 0.847 0.957 0.995 0.997 1.000 1.000 1.000
     39       3.846    0.993 0.115      0.218 0.263 0.296 0.298 0.402 0.515 0.575 0.834 0.835 0.950 0.992 0.995 0.999 1.000 1.000

  R CORE   ENERGY   A0R/A00=1.000    R3= 0     2  
   2( 1)    0.732                    1.000 0.000
   2( 2)  487.921                    0.000 1.000

  R CORE   ENERGY   A0R/A00=1.000    R3= 0     2  
   3( 1)  488.652                    0.000 1.000

  R CORE   ENERGY   A0R/A00=1.000    R3= 0     2     4  
   4( 1)    2.438                    1.000 0.000 0.000

  R CORE   ENERGY   A0R/A00=1.000    R3= 0     2     4  
   5( 1)  490.847                    0.000 1.000 0.000

  R CORE   ENERGY   A0R/A00=1.000    R3= 0     2     4     6  
   6( 1)    5.121                    1.000 0.000 0.000 0.000

  R CORE   ENERGY   A0R/A00=1.000    R3= 0     2     4     6  
   7( 1)  494.017                    0.000 1.000 0.000 0.000

          AXIAL SYMMETRY => K RESTRICTED TO OMEGA

                     K
     S.P. ORB#: 25 -5.50
     S.P. ORB#: 26  2.50
     S.P. ORB#: 27  0.50
     S.P. ORB#: 28 -3.50
     S.P. ORB#: 29 -1.50
     S.P. ORB#: 30  0.50
     S.P. ORB#: 31 -1.50
     S.P. ORB#: 32  2.50
     S.P. ORB#: 33 -3.50
     S.P. ORB#: 34  4.50
     S.P. ORB#: 35  0.50
     S.P. ORB#: 36 -3.50
     S.P. ORB#: 37 -1.50
     S.P. ORB#: 38  2.50
     S.P. ORB#: 39  0.50
 

             ENERGY    K= OMEGA
 
 I=  1/2- (1)  2.450  30:-1.000
 
 I=  1/2- (2)  4.877  27:-0.207
                      35: 0.903
                      39:-0.375
 
 I=  1/2- (3)  7.591  27:-0.466
                      35: 0.246
                      39: 0.850
 
 I=  1/2- (4)  9.178  27: 0.860
                      35: 0.351
                      39: 0.370
 
 I=  1/2- (5)147.353  31:-1.000

             ENERGY    K= OMEGA
 
 I=  3/2- (1)  2.337  30:-0.438
                      31: 0.899
 
 I=  3/2- (2)  2.697  30:-0.853
                      31:-0.424
                      37:-0.305

             ENERGY    K= OMEGA
 
 I=  5/2- (1)  2.776  30: 0.396
                      31: 0.863
                      37:-0.104
                      38:-0.295
 
 I=  5/2- (2)  3.389  26:-0.059
                      30: 0.791
                      31:-0.385
                      37:-0.463
                      38: 0.090
 
 I=  5/2- (3)  3.954  26:-0.079
                      30:-0.264
                      31:-0.213
                      37:-0.426
                      38:-0.835
 
 I=  5/2- (4)  4.506  26:-0.216
                      30:-0.378
                      31: 0.248
                      37:-0.737
                      38: 0.453
 
 I=  5/2- (5)  4.770  26: 0.971
                      30:-0.071
                      37:-0.224

             ENERGY    K= OMEGA
 
 I=  7/2- (1)  1.739  26:-0.172
                      33: 0.984
 
 I=  7/2- (2)  3.347  30:-0.543
                      31: 0.736
                      37:-0.211
                      38: 0.342
 
 I=  7/2- (3)  3.845  27:-0.662
                      29:-0.585
                      32:-0.427
                      36:-0.189
 
 I=  7/2- (4)  4.046  26: 0.071
                      30:-0.706
                      31:-0.526
                      37:-0.407
                      38:-0.232
 
 I=  7/2- (5)  4.280  26:-0.202
                      28:-0.961
                      30:-0.059
                      31: 0.075
                      37: 0.069
                      38:-0.146

             ENERGY    K= OMEGA
 
 I=  9/2- (1)  2.075  26: 0.084
                      28:-0.168
                      33: 0.315
                      34: 0.930
 
 I=  9/2- (2)  2.761  26:-0.232
                      28:-0.095
                      33:-0.914
                      34: 0.313
 
 I=  9/2- (3)  4.288  30:-0.435
                      31:-0.756
                      33: 0.052
                      37: 0.233
                      38: 0.424
 
 I=  9/2- (4)  4.680  27: 0.214
                      29:-0.550
                      32: 0.682
                      36:-0.431
 
 I=  9/2- (5)  5.245  26:-0.122
                      28: 0.098
                      30: 0.654
                      31:-0.461
                      33: 0.055
                      37:-0.555
                      38: 0.155

             ENERGY    K= OMEGA
 
 I= 11/2- (1)  3.198  26:-0.137
                      28:-0.228
                      33: 0.410
                      34:-0.872
 
 I= 11/2- (2)  3.239  27:-0.642
                      29:-0.582
                      32:-0.438
                      35:-0.075
                      36:-0.225
 
 I= 11/2- (3)  4.012  26: 0.270
                      28:-0.141
                      31:-0.056
                      33:-0.855
                      34:-0.409
                      38:-0.065
 
 I= 11/2- (4)  5.287  30: 0.555
                      31:-0.661
                      33: 0.064
                      37: 0.296
                      38:-0.401
 
 I= 11/2- (5)  5.575  25: 0.999

             ENERGY    K= OMEGA
 
 I= 13/2- (1)  4.546  26: 0.182
                      28:-0.267
                      33: 0.466
                      34: 0.823
 
 I= 13/2- (2)  5.171  27:-0.215
                      29: 0.550
                      32:-0.674
                      36: 0.442
 
 I= 13/2- (3)  5.495  26:-0.297
                      28:-0.182
                      31:-0.076
                      33:-0.806
                      34: 0.464
                      38: 0.084
 
 I= 13/2- (4)  6.748  30:-0.445
                      31:-0.695
                      33: 0.087
                      34:-0.052
                      37: 0.301
                      38: 0.465
 
 I= 13/2- (5)  7.162  25: 0.999

             ENERGY     K= 1/2
  32 LEVELS    TIME=  0.0 SEC



 ******************* EXCITATION ENERGIES, DOMINANT CONFIGURATION AND EXPECTATION VALUES (WITH S.P. UU+VV FACTORS) *******************

  NR  Eex(keV)  I   Kdom  NY    <Jz>  <Jx**2> <Jy**2> <Jz**2> <I.j>/|I|  <Rx**2> <Ry**2> <Rz**2> <R.j>/|R|  <HROTx> <HROTy> <HROTz>

   1    0.0   7/2-  -7/2  33   -3.32    2.31    2.31   12.06    3.28       3.20    3.20    0.00   -1.45      0.390   0.390   0.000
   2  336.6   9/2-   9/2  34    3.47    2.51    2.51   19.13    4.17       3.68    3.68   -0.00   -1.25      0.449   0.449  -0.000
   3  598.3   3/2-  -3/2  31   -1.12    4.87    4.87    1.87    1.29       5.18    5.18    0.00   -2.83      0.631   0.631   0.000
   4  710.7   1/2-   1/2  30    0.50    4.85    4.85    0.25    0.11       5.25    5.25    0.00   -3.04      0.640   0.640   0.000
   5  958.2   3/2-   1/2  30   -0.04    4.47    4.47    0.79    0.55       5.68    5.68    0.00   -2.57      0.693   0.693   0.000
  
   6 1022.2   9/2-  -7/2  33   -2.38    2.38    2.38   12.68    2.83       7.02    7.02    0.00   -0.90      0.856   0.856   0.000
   7 1037.6   5/2-  -3/2  31   -0.83    4.63    4.63    2.29    1.36       6.14    6.14    0.00   -2.15      0.748   0.748   0.000
   8 1459.3  11/2-   9/2  34    2.69    2.69    2.69   18.23    3.60       8.14    8.14   -0.00   -0.51      0.993   0.993  -0.000
   9 1500.3  11/2-   1/2  27    0.00   23.62   23.62    2.69    6.19       5.81    5.81    0.00   -3.78      0.708   0.708   0.000
  10 1608.2   7/2-  -3/2  31   -0.44    4.48    4.48    2.15    1.40       7.89    7.89    0.00   -1.40      0.962   0.962   0.000
  
  11 1649.9   5/2-   1/2  30   -0.20    4.04    4.04    1.05    0.47       7.53    7.53    0.00   -1.99      0.918   0.918   0.000
  12 2106.4   7/2-   1/2  27    0.04   23.17   23.17    2.46    6.06       8.22    8.22    0.00   -6.10      1.002   1.002   0.000
  13 2215.0   5/2-   5/2  38    1.45    2.11    2.11    4.93    1.59       4.24    4.24    0.00   -1.52      0.516   0.516   0.000
  14 2273.6  11/2-  -7/2  33   -1.69    2.47    2.47   13.10    2.52      11.82   11.82    0.00   -0.61      1.441   1.441   0.000
  15 2306.8   7/2-   1/2  30   -0.27    4.02    4.02    1.50    0.61      10.24   10.24    0.00   -1.58      1.249   1.249   0.000
  
  16 2541.0   7/2-  -7/2  28   -3.09    6.08    6.08   11.73    3.09       7.56    7.56   -0.00   -2.99      0.921   0.921  -0.000
  17 2548.9   9/2-  -3/2  31   -0.41    4.28    4.28    2.64    1.37      11.16   11.16    0.00   -0.93      1.361   1.361   0.000
  18 2767.6   5/2-  -3/2  37   -0.21    2.77    2.77    2.97    0.30       7.72    7.72    0.00   -1.93      0.942   0.942   0.000
  19 2806.9  13/2-   9/2  34    2.11    2.85    2.85   17.48    3.22      13.51   13.51   -0.00   -0.14      1.647   1.647  -0.000
  20 2941.5   9/2-   5/2  32    0.08   24.05   24.05    5.88    5.21      13.46   13.46    0.00   -5.41      1.642   1.642   0.000
  
  21 3031.6   5/2-   5/2  26    2.29    5.82    5.82    6.02    1.95       7.44    7.44    0.00   -3.08      0.907   0.907   0.000
  22 3138.3   1/2-   1/2  35    0.50   11.23   11.23    0.25    0.83      11.01   11.01    0.00   -4.69      1.342   1.342   0.000
  23 3432.0  13/2-   5/2  32    0.02   24.05   24.05    5.93    5.15      15.42   15.42    0.00   -3.25      1.880   1.880   0.000
  24 3506.5   9/2-   1/2  30   -0.51    3.66    3.66    1.68    0.53      14.24   14.24    0.00   -1.19      1.736   1.736   0.000
  25 3548.6  11/2-  -3/2  31   -0.24    4.24    4.24    2.35    1.37      15.12   15.12    0.00   -0.48      1.843   1.843   0.000
  
  26 3756.5  13/2-  -7/2  33   -1.20    2.55    2.55   13.36    2.29      17.60   17.60    0.00   -0.41      2.146   2.146   0.000
  27 3836.7  11/2- -11/2  25   -5.49    2.75    2.75   30.23    5.05       5.52    5.52    0.00   -1.66      0.673   0.673   0.000
  28 5009.7  13/2-  -3/2  31   -0.24    4.06    4.06    2.87    1.32      20.64   20.64    0.00   -0.27      2.516   2.516   0.000
  29 5423.4  13/2- -11/2  25   -5.48    2.75    2.75   30.21    4.32      12.04   12.04    0.00   -1.13      1.468   1.468   0.000
  30 5852.3   1/2-   1/2  39    0.50   16.07   16.07    0.25   -0.62      17.11   17.11    0.00   -5.63      2.086   2.086   0.000
  
  31 7438.8   1/2-   1/2  27    0.50   23.77   23.77    0.25   -3.34      27.16   27.16    0.00   -6.88      3.311   3.311   0.000
  32*******   1/2-  -3/2  31    0.00    0.00    0.00    0.00    0.00       0.00    0.00    0.00   -0.00      0.000   0.000   0.000
