1SPECTRUM OF (Z= 82 A=207) IN PARTICLE-ROTOR  MODEL WITH MODIFIED OSCILLATOR POTENTIAL


 PARITY=-   EPS= 0.417   GAMMA=  0.0   EPS4=0.000   EPS6=0.000   LEVELS:  25  26  27  28  29  30  31  32  33  34  35  36  37  38  39

 PAIRING FACTORS: GN0= 19.20  GN1=  7.40  IPAIR= 15 ***  E2PLUS(INPUT)=   0.730  E2PLUR(INPUT)=   0.000

 CORIOLIS ATTENUATION PARAMETERS:  CHSI=1.000  ETA=  1.00

 MOMENT OF INERTIA PARAMETERS:   A1=  0.122 MEV   A2=  0.122 MEV   A3=121.91922 MEV


 DELTA=0.844 MEV  LAMBDA=53.4889 MEV   HW0= 7.5743 MEV   LAMBDA/HW0= 7.0619

 E2ENERGY=0.730 MEV  HBAR**2/B=32242./A**(7/3)=5450.5/A**2 MEV

 IREC=0  =>  RECOIL TERMS j+j-, j+j+, jzjz, ETC TREATED AS ONE-BODY OPERATORS WITH UU+VV PAIRING FACTORS



 S. P. LEVEL   EQP       U     V        (UU + VV)**1.00

     25       3.618    0.117 0.993      1.000 1.000 0.999 0.998 0.995 0.918 0.895 0.843 0.582 0.449 0.352 0.347 0.261 0.244 0.229
     26       3.372    0.126 0.992      1.000 1.000 0.999 0.999 0.996 0.921 0.899 0.847 0.589 0.456 0.360 0.355 0.270 0.253 0.238
     27       2.545    0.168 0.986      0.999 0.999 1.000 1.000 0.999 0.937 0.917 0.869 0.623 0.494 0.399 0.395 0.311 0.294 0.279
     28       2.411    0.178 0.984      0.998 0.999 1.000 1.000 0.999 0.941 0.921 0.874 0.630 0.502 0.408 0.404 0.320 0.303 0.288
     29       1.992    0.217 0.976      0.995 0.996 0.999 0.999 1.000 0.953 0.935 0.893 0.661 0.536 0.444 0.440 0.357 0.341 0.326
     30       0.972    0.502 0.865      0.918 0.921 0.937 0.941 0.953 1.000 0.999 0.987 0.857 0.766 0.694 0.690 0.623 0.609 0.597
     31       0.920    0.548 0.837      0.895 0.899 0.917 0.921 0.935 0.999 1.000 0.994 0.883 0.800 0.732 0.729 0.664 0.651 0.639
     32       0.861    0.634 0.774      0.843 0.847 0.869 0.874 0.893 0.987 0.994 1.000 0.928 0.859 0.800 0.798 0.740 0.728 0.718
     33       0.998    0.876 0.482      0.582 0.589 0.623 0.630 0.661 0.857 0.883 0.928 1.000 0.988 0.966 0.965 0.937 0.931 0.925
     34       1.318    0.940 0.340      0.449 0.456 0.494 0.502 0.536 0.766 0.800 0.859 0.988 1.000 0.994 0.994 0.980 0.976 0.973
     35       1.816    0.971 0.239      0.352 0.360 0.399 0.408 0.444 0.694 0.732 0.800 0.966 0.994 1.000 1.000 0.996 0.994 0.992
     36       1.850    0.972 0.235      0.347 0.355 0.395 0.404 0.440 0.690 0.729 0.798 0.965 0.994 1.000 1.000 0.996 0.994 0.992
     37       2.915    0.989 0.146      0.261 0.270 0.311 0.320 0.357 0.623 0.664 0.740 0.937 0.980 0.996 0.996 1.000 1.000 0.999
     38       3.305    0.992 0.129      0.244 0.253 0.294 0.303 0.341 0.609 0.651 0.728 0.931 0.976 0.994 0.994 1.000 1.000 1.000
     39       3.739    0.994 0.114      0.229 0.238 0.279 0.288 0.326 0.597 0.639 0.718 0.925 0.973 0.992 0.992 0.999 1.000 1.000

  R CORE   ENERGY   A0R/A00=1.000    R3= 0     2  
   2( 1)    0.732                    1.000 0.000
   2( 2)  487.921                    0.000 1.000

  R CORE   ENERGY   A0R/A00=1.000    R3= 0     2  
   3( 1)  488.652                    0.000 1.000

  R CORE   ENERGY   A0R/A00=1.000    R3= 0     2     4  
   4( 1)    2.438                    1.000 0.000 0.000

  R CORE   ENERGY   A0R/A00=1.000    R3= 0     2     4  
   5( 1)  490.847                    0.000 1.000 0.000

  R CORE   ENERGY   A0R/A00=1.000    R3= 0     2     4     6  
   6( 1)    5.121                    1.000 0.000 0.000 0.000

  R CORE   ENERGY   A0R/A00=1.000    R3= 0     2     4     6  
   7( 1)  494.017                    0.000 1.000 0.000 0.000

          AXIAL SYMMETRY => K RESTRICTED TO OMEGA

                     K
     S.P. ORB#: 25  0.50
     S.P. ORB#: 26 -5.50
     S.P. ORB#: 27  2.50
     S.P. ORB#: 28 -1.50
     S.P. ORB#: 29 -3.50
     S.P. ORB#: 30  2.50
     S.P. ORB#: 31  0.50
     S.P. ORB#: 32 -1.50
     S.P. ORB#: 33  0.50
     S.P. ORB#: 34 -3.50
     S.P. ORB#: 35  4.50
     S.P. ORB#: 36 -3.50
     S.P. ORB#: 37  0.50
     S.P. ORB#: 38 -1.50
     S.P. ORB#: 39 -1.50
 

             ENERGY    K= OMEGA
 
 I=  1/2- (1)  2.253  31:-1.000
 
 I=  1/2- (2)  3.854  25:-0.216
                      33: 0.919
                      37:-0.330
 
 I=  1/2- (3)  6.918  25:-0.279
                      33: 0.266
                      37: 0.923
 
 I=  1/2- (4)  9.817  25: 0.936
                      33: 0.292
                      37: 0.199
 
 I=  1/2- (5)147.164  32: 1.000

             ENERGY    K= OMEGA
 
 I=  3/2- (1)  2.185  31:-0.501
                      32: 0.865
 
 I=  3/2- (2)  2.520  31: 0.850
                      32: 0.499
                      39: 0.166
 
 I=  3/2- (3)  3.789  25: 0.252
                      33:-0.931
                      37:-0.121
                      38: 0.233
 
 I=  3/2- (4)  4.427  31:-0.159
                      32:-0.057
                      39: 0.986
 
 I=  3/2- (5)  6.566  25: 0.697
                      28: 0.654
                      33: 0.256
                      37:-0.068
                      38: 0.129

             ENERGY    K= OMEGA
 
 I=  5/2- (1)  2.747  31: 0.464
                      32: 0.882
                      39:-0.063
 
 I=  5/2- (2)  3.297  27:-0.068
                      31: 0.841
                      32:-0.459
                      39:-0.279
 
 I=  5/2- (3)  3.932  25:-0.168
                      33: 0.817
                      37:-0.472
                      38: 0.283
 
 I=  5/2- (4)  4.335  27:-0.991
                      31:-0.065
                      32: 0.082
                      39:-0.089
 
 I=  5/2- (5)  5.141  27:-0.109
                      31: 0.270
                      32:-0.068
                      39: 0.954

             ENERGY    K= OMEGA
 
 I=  7/2- (1)  2.223  27:-0.147
                      34: 0.988
 
 I=  7/2- (2)  3.362  31:-0.724
                      32: 0.667
                      39:-0.171
 
 I=  7/2- (3)  3.899  27: 0.199
                      29: 0.935
                      31:-0.193
                      32:-0.198
                      39:-0.094
 
 I=  7/2- (4)  3.974  25:-0.070
                      28: 0.112
                      30: 0.143
                      33: 0.875
                      36: 0.055
                      37: 0.247
                      38:-0.363
 
 I=  7/2- (5)  3.994  29:-0.306
                      31:-0.584
                      32:-0.704
                      39:-0.257

             ENERGY    K= OMEGA
 
 I=  9/2- (1)  2.739  27:-0.091
                      29: 0.187
                      34:-0.377
                      35:-0.902
 
 I=  9/2- (2)  3.325  27: 0.195
                      29: 0.113
                      34: 0.900
                      35:-0.373
 
 I=  9/2- (3)  4.497  27: 0.060
                      31: 0.591
                      32: 0.784
                      39:-0.173
 
 I=  9/2- (4)  4.707  25: 0.083
                      28: 0.123
                      30:-0.214
                      33:-0.740
                      36: 0.114
                      37: 0.497
                      38:-0.353
 
 I=  9/2- (5)  4.985  25:-0.230
                      28: 0.541
                      30:-0.669
                      33: 0.184
                      36: 0.381
                      37:-0.160
                      38: 0.053

             ENERGY    K= OMEGA
 
 I= 11/2- (1)  3.748  25:-0.514
                      28:-0.563
                      30:-0.482
                      33:-0.326
                      36:-0.216
                      37:-0.102
                      38: 0.153
 
 I= 11/2- (2)  3.882  26: 0.057
                      27: 0.136
                      29: 0.251
                      34:-0.445
                      35: 0.847
 
 I= 11/2- (3)  4.639  26: 0.306
                      27:-0.222
                      29: 0.151
                      34: 0.819
                      35: 0.402
 
 I= 11/2- (4)  4.724  26: 0.950
                      27: 0.062
                      29:-0.073
                      34:-0.237
                      35:-0.177
 
 I= 11/2- (5)  5.095  25:-0.321
                      28:-0.182
                      30:-0.126
                      33: 0.783
                      36:-0.071
                      37: 0.285
                      38:-0.386

             ENERGY    K= OMEGA
 
 I= 13/2- (1)  5.264  26:-0.065
                      27: 0.172
                      29:-0.293
                      34: 0.477
                      35: 0.807
 
 I= 13/2- (2)  5.533  25:-0.185
                      28: 0.558
                      30:-0.676
                      33:-0.170
                      36: 0.381
                      37: 0.078
                      38:-0.133
 
 I= 13/2- (3)  6.186  26: 0.316
                      27: 0.251
                      29: 0.184
                      34: 0.786
                      35:-0.427
 
 I= 13/2- (4)  6.315  26: 0.946
                      27:-0.069
                      29:-0.097
                      34:-0.231
                      35: 0.192
 
 I= 13/2- (5)  6.458  25:-0.169
                      28: 0.140
                      30:-0.111
                      33: 0.713
                      36: 0.073
                      37:-0.539
                      38: 0.368

             ENERGY     K=-3/2
  35 LEVELS    TIME=  0.0 SEC



 ******************* EXCITATION ENERGIES, DOMINANT CONFIGURATION AND EXPECTATION VALUES (WITH S.P. UU+VV FACTORS) *******************

  NR  Eex(keV)  I   Kdom  NY    <Jz>  <Jx**2> <Jy**2> <Jz**2> <I.j>/|I|  <Rx**2> <Ry**2> <Rz**2> <R.j>/|R|  <HROTx> <HROTy> <HROTz>

   1    0.0   3/2-  -3/2  32   -1.00    5.07    5.07    1.75    1.27       5.36    5.36   -0.00   -2.88      0.653   0.653  -0.000
   2   38.2   7/2-  -7/2  34   -3.37    2.31    2.31   12.12    3.19       3.60    3.60    0.00   -1.53      0.439   0.439   0.000
   3   67.9   1/2-   1/2  31    0.50    5.03    5.03    0.25    0.08       5.46    5.46    0.00   -3.10      0.666   0.666   0.000
   4  334.8   3/2-   1/2  31   -0.05    4.88    4.88    0.80    0.44       6.30    6.30   -0.00   -2.74      0.768   0.768  -0.000
   5  554.0   9/2-   9/2  35    3.06    2.54    2.54   18.71    4.07       4.02    4.02    0.00   -1.25      0.491   0.491   0.000
  
   6  562.2   5/2-  -3/2  32   -1.06    5.08    5.08    1.83    0.93       7.62    7.62   -0.00   -2.37      0.929   0.929  -0.000
   7 1112.6   5/2-   1/2  31   -0.07    4.69    4.69    0.85    0.21       8.87    8.87   -0.00   -2.28      1.081   1.081  -0.000
   8 1140.0   9/2-  -7/2  34   -2.16    2.38    2.38   13.13    2.73       7.72    7.72    0.00   -1.09      0.941   0.941   0.000
   9 1176.8   7/2-   1/2  31   -0.45    5.04    5.04    1.21    0.94       9.77    9.77   -0.00   -1.71      1.191   1.191  -0.000
  10 1563.0  11/2-  -3/2  28    0.10   23.60   23.60    2.88    6.15       6.16    6.16    0.00   -3.80      0.751   0.751   0.000
  
  11 1603.8   3/2-   1/2  33    0.39   12.22   12.22    0.36    2.15      10.12   10.12    0.00   -4.59      1.234   1.234   0.000
  12 1669.0   1/2-   1/2  33    0.50   10.78   10.78    0.25    1.07      10.35   10.35    0.00   -4.59      1.262   1.262   0.000
  13 1697.1  11/2-   9/2  35    2.34    2.71    2.71   17.93    3.48       8.76    8.76    0.00   -0.61      1.067   1.067   0.000
  14 1714.0   7/2-  -7/2  29   -3.02    6.11    6.11   11.08    2.90       8.01    8.01    0.00   -2.95      0.977   0.977   0.000
  15 1747.3   5/2-   1/2  33    0.34   11.34   11.34    0.41    2.27       9.21    9.21    0.00   -3.82      1.123   1.123   0.000
  
  16 1789.6   7/2-   1/2  33    0.24   15.05   15.05    0.70    3.26      10.35   10.35    0.00   -3.93      1.261   1.261   0.000
  17 1809.0   7/2-  -3/2  32   -1.00    4.81    4.81    2.52    0.61      11.53   11.53   -0.00   -2.03      1.406   1.406  -0.000
  18 2150.6   5/2-   5/2  27    2.43    6.06    6.06    6.17    2.07       7.38    7.38    0.00   -3.16      0.900   0.900   0.000
  19 2242.5   3/2-  -3/2  39   -1.45    1.98    1.98    2.20    0.93       3.15    3.15   -0.00   -1.74      0.385   0.385  -0.000
  20 2311.7   9/2-  -3/2  32   -0.79    5.06    5.06    1.59    0.76      14.44   14.44   -0.00   -1.47      1.761   1.761  -0.000
  
  21 2454.6  11/2-  -7/2  34   -2.09    2.50    2.50   14.91    2.62      12.19   12.19    0.00   -0.87      1.487   1.487   0.000
  22 2522.0   9/2-   1/2  33    0.26   13.12   13.12    0.96    2.83      11.89   11.89    0.00   -2.69      1.450   1.450   0.000
  23 2539.0  11/2- -11/2  26   -5.03    2.73    2.73   28.74    4.80       6.26    6.26   -0.00   -1.55      0.763   0.763  -0.001
  24 2799.9   9/2-   5/2  30    0.23   22.08   22.08    5.26    4.76      13.40   13.40    0.00   -4.97      1.634   1.634   0.000
  25 2910.0  11/2-   1/2  33    0.15   13.35   13.35    0.77    3.04      13.43   13.43    0.00   -1.79      1.638   1.638   0.000
  
  26 2956.5   5/2-  -3/2  39   -1.31    2.20    2.20    2.15    0.32       6.71    6.71   -0.00   -1.53      0.818   0.818  -0.000
  27 3079.0  13/2-   9/2  35    1.89    2.87    2.87   17.36    3.08      14.43   14.43    0.00   -0.30      1.759   1.759   0.000
  28 3348.0  13/2-   5/2  30    0.18   23.40   23.40    5.39    4.97      15.75   15.75    0.00   -3.11      1.921   1.921   0.000
  29 4001.4  13/2-  -7/2  34   -1.86    2.59    2.59   15.11    2.32      18.34   18.34    0.00   -0.68      2.236   2.236   0.000
  30 4130.3  13/2- -11/2  26   -4.97    2.74    2.74   28.63    4.10      12.82   12.82   -0.00   -1.09      1.564   1.564  -0.001
  
  31 4273.5  13/2-   1/2  33    0.19   12.03   12.03    0.70    2.63      18.39   18.39    0.00   -1.05      2.242   2.242   0.000
  32 4381.4   3/2-   1/2  25   -0.39   22.04   22.04    1.14    4.93      14.94   14.94   -0.00   -6.53      1.822   1.822  -0.000
  33 4733.0   1/2-   1/2  37    0.50   15.80   15.80    0.25   -0.51      16.75   16.75   -0.00   -5.58      2.042   2.042  -0.000
  34 7632.5   1/2-   1/2  25    0.50   22.94   22.94    0.25   -3.47      26.45   26.45   -0.00   -6.76      3.225   3.225  -0.000
  35*******   1/2-  -3/2  32    0.00    0.00    0.00    0.00    0.00       0.00    0.00    0.00   -0.00      0.000   0.000   0.000
  
