1SPECTRUM OF (Z= 82 A=207) IN PARTICLE-ROTOR  MODEL WITH MODIFIED OSCILLATOR POTENTIAL


 PARITY=-   EPS= 0.301   GAMMA=  0.0   EPS4=0.000   EPS6=0.000   LEVELS:  24  25  26  27  28  29  30  31  32  33  34  35  36  37  38

 PAIRING FACTORS: GN0= 19.20  GN1=  7.40  IPAIR= 15 ***  E2PLUS(INPUT)=   0.730  E2PLUR(INPUT)=   0.000

 CORIOLIS ATTENUATION PARAMETERS:  CHSI=1.000  ETA=  1.00

 MOMENT OF INERTIA PARAMETERS:   A1=  0.122 MEV   A2=  0.122 MEV   A3=121.91923 MEV


 DELTA=0.949 MEV  LAMBDA=53.2881 MEV   HW0= 7.4922 MEV   LAMBDA/HW0= 7.1124

 E2ENERGY=0.730 MEV  HBAR**2/B=16799./A**(7/3)=2839.9/A**2 MEV

 IREC=0  =>  RECOIL TERMS j+j-, j+j+, jzjz, ETC TREATED AS ONE-BODY OPERATORS WITH UU+VV PAIRING FACTORS



 S. P. LEVEL   EQP       U     V        (UU + VV)**1.00

     24       5.035    0.095 0.996      1.000 1.000 0.999 0.997 0.968 0.956 0.941 0.938 0.831 0.800 0.459 0.323 0.296 0.281 0.252
     25       4.123    0.116 0.993      1.000 1.000 1.000 0.998 0.974 0.962 0.948 0.945 0.843 0.812 0.478 0.343 0.317 0.302 0.273
     26       3.385    0.142 0.990      0.999 1.000 1.000 1.000 0.979 0.969 0.956 0.953 0.856 0.827 0.500 0.368 0.341 0.326 0.298
     27       2.830    0.170 0.985      0.997 0.998 1.000 1.000 0.985 0.975 0.964 0.962 0.871 0.843 0.525 0.394 0.368 0.353 0.325
     28       1.485    0.340 0.941      0.968 0.974 0.979 0.985 1.000 0.999 0.996 0.995 0.943 0.924 0.666 0.549 0.525 0.511 0.485
     29       1.341    0.383 0.924      0.956 0.962 0.969 0.975 0.999 1.000 0.999 0.998 0.958 0.941 0.700 0.587 0.564 0.551 0.525
     30       1.232    0.426 0.905      0.941 0.948 0.956 0.964 0.996 0.999 1.000 1.000 0.970 0.956 0.732 0.624 0.602 0.589 0.564
     31       1.213    0.434 0.901      0.938 0.945 0.953 0.962 0.995 0.998 1.000 1.000 0.972 0.958 0.739 0.632 0.609 0.597 0.572
     32       0.968    0.633 0.775      0.831 0.843 0.856 0.871 0.943 0.958 0.970 0.972 1.000 0.999 0.876 0.795 0.778 0.768 0.748
     33       0.953    0.673 0.740      0.800 0.812 0.827 0.843 0.924 0.941 0.956 0.958 0.999 1.000 0.900 0.827 0.810 0.801 0.782
     34       1.371    0.928 0.373      0.459 0.478 0.500 0.525 0.666 0.700 0.732 0.739 0.876 0.900 1.000 0.989 0.985 0.982 0.975
     35       2.099    0.973 0.232      0.323 0.343 0.368 0.394 0.549 0.587 0.624 0.632 0.795 0.827 0.989 1.000 1.000 0.999 0.997
     36       2.366    0.979 0.205      0.296 0.317 0.341 0.368 0.525 0.564 0.602 0.609 0.778 0.810 0.985 1.000 1.000 1.000 0.999
     37       2.552    0.982 0.189      0.281 0.302 0.326 0.353 0.511 0.551 0.589 0.597 0.768 0.801 0.982 0.999 1.000 1.000 1.000
     38       3.012    0.987 0.159      0.252 0.273 0.298 0.325 0.485 0.525 0.564 0.572 0.748 0.782 0.975 0.997 0.999 1.000 1.000

  R CORE   ENERGY   A0R/A00=1.000    R3= 0     2  
   2( 1)    0.732                    1.000 0.000
   2( 2)  487.921                    0.000 1.000

  R CORE   ENERGY   A0R/A00=1.000    R3= 0     2  
   3( 1)  488.652                    0.000 1.000

  R CORE   ENERGY   A0R/A00=1.000    R3= 0     2     4  
   4( 1)    2.438                    1.000 0.000 0.000

  R CORE   ENERGY   A0R/A00=1.000    R3= 0     2     4  
   5( 1)  490.847                    0.000 1.000 0.000

  R CORE   ENERGY   A0R/A00=1.000    R3= 0     2     4     6  
   6( 1)    5.121                    1.000 0.000 0.000 0.000

  R CORE   ENERGY   A0R/A00=1.000    R3= 0     2     4     6  
   7( 1)  494.017                    0.000 1.000 0.000 0.000

          AXIAL SYMMETRY => K RESTRICTED TO OMEGA

                     K
     S.P. ORB#: 24  2.50
     S.P. ORB#: 25  0.50
     S.P. ORB#: 26  2.50
     S.P. ORB#: 27 -3.50
     S.P. ORB#: 28  0.50
     S.P. ORB#: 29 -1.50
     S.P. ORB#: 30 -3.50
     S.P. ORB#: 31  0.50
     S.P. ORB#: 32  4.50
     S.P. ORB#: 33 -1.50
     S.P. ORB#: 34  2.50
     S.P. ORB#: 35 -1.50
     S.P. ORB#: 36  2.50
     S.P. ORB#: 37 -3.50
     S.P. ORB#: 38  0.50
 

             ENERGY    K= OMEGA
 
 I=  1/2- (1)  2.682  28:-0.997
                      38:-0.063
 
 I=  1/2- (2)  3.338  25:-0.068
                      28: 0.060
                      38:-0.996
 
 I=  1/2- (3)  5.633  25: 0.997
                      38:-0.065
 
 I=  1/2- (4)  8.115  31: 1.000
 
 I=  1/2- (5)147.256  33: 1.000

             ENERGY    K= OMEGA
 
 I=  3/2- (1)  2.442  25:-0.165
                      28:-0.461
                      29:-0.519
                      35:-0.688
                      38: 0.136
 
 I=  3/2- (2)  2.555  28: 0.502
                      29:-0.817
                      35: 0.284

             ENERGY    K= OMEGA
 
 I=  5/2- (1)  2.475  25:-0.232
                      28: 0.414
                      29: 0.692
                      35:-0.227
                      36:-0.468
                      38: 0.152
 
 I=  5/2- (2)  3.067  24: 0.060
                      25:-0.101
                      26: 0.065
                      28:-0.110
                      29: 0.480
                      35: 0.776
                      36: 0.341
                      38: 0.143
 
 I=  5/2- (3)  3.201  25: 0.127
                      28:-0.520
                      35: 0.325
                      36:-0.771
                      38:-0.106
 
 I=  5/2- (4)  4.070  24:-0.063
                      25: 0.052
                      28: 0.504
                      29:-0.452
                      35: 0.359
                      36:-0.237
                      38: 0.591
 
 I=  5/2- (5)  4.222  25: 0.164
                      28:-0.495
                      29: 0.148
                      35:-0.328
                      36: 0.108
                      38: 0.765

             ENERGY    K= OMEGA
 
 I=  7/2- (1)  1.999  26:-0.209
                      27: 0.072
                      30: 0.974
 
 I=  7/2- (2)  3.203  24: 0.091
                      25:-0.108
                      27:-0.111
                      28: 0.218
                      29:-0.676
                      35: 0.271
                      36:-0.621
                      38: 0.051
 
 I=  7/2- (3)  3.279  31:-0.731
                      33:-0.577
                      34:-0.339
                      37:-0.135
 
 I=  7/2- (4)  3.367  24:-0.057
                      25: 0.291
                      28: 0.658
                      29: 0.357
                      35: 0.556
                      38:-0.196
 
 I=  7/2- (5)  4.218  24:-0.147
                      27: 0.169
                      28:-0.500
                      29: 0.480
                      35: 0.272
                      36:-0.627

             ENERGY    K= OMEGA
 
 I=  9/2- (1)  1.792  24: 0.056
                      26:-0.061
                      27: 0.240
                      30:-0.181
                      32:-0.950
 
 I=  9/2- (2)  2.904  24:-0.066
                      26:-0.285
                      27:-0.122
                      29:-0.104
                      30:-0.925
                      32: 0.156
                      36: 0.070
 
 I=  9/2- (3)  3.420  24: 0.099
                      25:-0.345
                      27: 0.066
                      28: 0.457
                      29: 0.657
                      30:-0.130
                      32: 0.071
                      35:-0.218
                      36:-0.348
                      38: 0.184
 
 I=  9/2- (4)  4.495  31:-0.241
                      33: 0.599
                      34:-0.650
                      37: 0.402
 
 I=  9/2- (5)  4.825  24:-0.114
                      25: 0.125
                      26:-0.069
                      27:-0.071
                      28: 0.121
                      29:-0.384
                      30: 0.061
                      35:-0.782
                      36:-0.377
                      38:-0.205

             ENERGY    K= OMEGA
 
 I= 11/2- (1)  2.537  31:-0.693
                      33:-0.575
                      34:-0.389
                      37:-0.193
 
 I= 11/2- (2)  2.792  24: 0.100
                      26:-0.099
                      27:-0.339
                      30: 0.237
                      32:-0.899
 
 I= 11/2- (3)  4.028  24: 0.099
                      26: 0.335
                      27:-0.167
                      29:-0.123
                      30:-0.888
                      32:-0.191
                      36:-0.084
 
 I= 11/2- (4)  4.996  24:-0.168
                      25: 0.233
                      26: 0.056
                      27: 0.135
                      29: 0.734
                      30:-0.148
                      32:-0.156
                      35:-0.144
                      36: 0.527
                      38:-0.112
 
 I= 11/2- (5)  5.182  25:-0.305
                      28:-0.721
                      29:-0.118
                      30: 0.059
                      35:-0.551
                      36: 0.177
                      38: 0.186

             ENERGY    K= OMEGA
 
 I= 13/2- (1)  3.984  24: 0.145
                      26:-0.127
                      27: 0.411
                      29: 0.068
                      30:-0.261
                      32:-0.847
 
 I= 13/2- (2)  4.749  31: 0.228
                      33:-0.577
                      34: 0.656
                      37:-0.429
 
 I= 13/2- (3)  5.171  24:-0.155
                      25: 0.347
                      26:-0.205
                      27:-0.133
                      28:-0.381
                      29:-0.560
                      30:-0.470
                      35: 0.134
                      36: 0.268
                      38:-0.164
 
 I= 13/2- (4)  5.487  25: 0.228
                      26: 0.314
                      27: 0.138
                      28:-0.283
                      29:-0.306
                      30: 0.733
                      32:-0.254
                      35: 0.159
                      36: 0.127
                      38:-0.108
 
 I= 13/2- (5)  7.537  24:-0.164
                      25: 0.121
                      27:-0.113
                      28: 0.142
                      29:-0.320
                      30: 0.096
                      32:-0.099
                      35:-0.769
                      36:-0.396
                      38:-0.234

             ENERGY     K= 1/2
  32 LEVELS    TIME=  0.0 SEC



 ******************* EXCITATION ENERGIES, DOMINANT CONFIGURATION AND EXPECTATION VALUES (WITH S.P. UU+VV FACTORS) *******************

  NR  Eex(keV)  I   Kdom  NY    <Jz>  <Jx**2> <Jy**2> <Jz**2> <I.j>/|I|  <Rx**2> <Ry**2> <Rz**2> <R.j>/|R|  <HROTx> <HROTy> <HROTz>

   1    0.0   9/2-   9/2  32    3.76    2.64    2.64   19.42    4.40       2.81    2.81    0.00   -1.17      0.343   0.343   0.000
   2  206.9   7/2-  -7/2  30   -3.22    2.29    2.29   11.96    3.39       2.70    2.70   -0.00   -1.33      0.330   0.330  -0.000
   3  650.6   3/2-  -3/2  35   -0.98    2.80    2.80    1.73    1.58       2.49    2.49   -0.00   -1.92      0.303   0.303  -0.000
   4  683.3   5/2-  -3/2  29   -0.12    4.21    4.21    2.64    2.45       2.66    2.66    0.00   -1.65      0.325   0.325   0.000
   5  745.1  11/2-   1/2  31   -0.01   25.02   25.02    2.27    6.45       5.48    5.48    0.00   -4.16      0.668   0.668   0.000
  
   6  763.3   3/2-  -3/2  29   -1.00    4.56    4.56    1.75    1.41       4.58    4.58    0.00   -2.69      0.558   0.558   0.000
   7  889.7   1/2-   1/2  28    0.50    4.67    4.67    0.25    0.35       4.87    4.87   -0.00   -2.98      0.593   0.593  -0.000
   8  999.9  11/2-   9/2  32    3.09    3.00    3.00   18.58    4.00       6.27    6.27   -0.00   -0.20      0.765   0.765  -0.000
   9 1112.4   9/2-  -7/2  30   -2.73    2.42    2.42   11.75    2.96       5.95    5.95   -0.00   -0.54      0.726   0.726  -0.000
  10 1275.6   5/2-  -3/2  35   -0.92    2.15    2.15    2.66    1.18       4.37    4.37    0.00   -1.17      0.532   0.532   0.000
  
  11 1408.7   5/2-   5/2  36    1.48    2.71    2.71    4.04    1.60       4.37    4.37    0.00   -1.60      0.532   0.532   0.000
  12 1411.3   7/2-  -3/2  29    0.17    3.61    3.61    3.85    2.02       5.41    5.41    0.00   -0.93      0.660   0.660   0.000
  13 1487.3   7/2-   1/2  31   -0.01   25.01   25.01    1.82    6.34       8.65    8.65    0.00   -6.42      1.055   1.055   0.000
  14 1546.0   1/2-   1/2  38    0.50    1.46    1.46    0.25    0.72       1.34    1.34   -0.00   -1.56      0.163   0.163  -0.000
  15 1575.1   7/2-   1/2  28   -0.37    3.30    3.30    1.19    1.50       5.79    5.79   -0.00   -0.53      0.706   0.706  -0.000
  
  16 1627.7   9/2-  -3/2  29   -0.26    4.73    4.73    2.36    2.47       5.99    5.99    0.00    0.14      0.730   0.730   0.000
  17 2192.6  13/2-   9/2  32    2.49    3.39    3.39   17.69    3.74      10.47   10.47    0.00    0.37      1.276   1.276   0.000
  18 2236.0  11/2-  -7/2  30   -2.39    2.52    2.52   11.58    2.69      10.12   10.12   -0.00   -0.12      1.234   1.234  -0.000
  19 2278.3   5/2-   1/2  38   -0.05    3.18    3.18    1.28    0.09       7.92    7.92    0.00   -1.85      0.966   0.966   0.000
  20 2426.4   7/2-   5/2  36    0.61    3.14    3.14    3.70    0.91       9.25    9.25    0.00   -1.48      1.128   1.128   0.000
  
  21 2430.2   5/2-   1/2  38    0.27    2.35    2.35    0.59    0.02       6.95    6.95    0.00   -1.40      0.848   0.848   0.000
  22 2703.3   9/2-   5/2  34   -0.02   25.14   25.14    5.44    5.54      12.68   12.68   -0.00   -5.59      1.546   1.546  -0.000
  23 2957.1  13/2-   5/2  34   -0.04   25.11   25.11    5.71    5.55      13.57   13.57    0.00   -3.29      1.654   1.654   0.000
  24 3033.4   9/2-  -3/2  35   -0.73    2.07    2.07    2.85    0.97      11.05   11.05   -0.00   -0.46      1.348   1.348  -0.000
  25 3203.7  11/2-  -3/2  29   -0.06    4.11    4.11    4.19    1.93      12.53   12.53    0.00   -0.17      1.528   1.528   0.000
  
  26 3379.2  13/2-  -3/2  29   -0.84    4.32    4.32    4.60    2.58      12.98   12.98    0.00    0.94      1.582   1.582   0.000
  27 3390.3  11/2-   1/2  28   -0.08    3.30    3.30    1.12    1.45      13.06   13.06    0.00    0.19      1.593   1.593   0.000
  28 3695.1  13/2-  -7/2  30   -1.47    3.26    3.26    9.16    2.39      15.52   15.52    0.00    0.18      1.892   1.892   0.000
  29 3840.7   1/2-   1/2  25    0.50    6.31    6.31    0.25    0.68       6.23    6.23   -0.00   -3.48      0.760   0.760  -0.000
  30 5745.3  13/2-  -3/2  35   -0.56    2.11    2.11    3.21    0.89      21.88   21.88   -0.00   -0.18      2.668   2.668  -0.000
  
  31 6323.5   1/2-   1/2  31    0.50   24.63   24.63    0.25   -3.68      28.31   28.31   -0.00   -7.00      3.451   3.451  -0.000
  32*******   1/2-  -3/2  33    0.00    0.00    0.00    0.00   -0.00       0.00    0.00   -0.00   -0.00      0.000   0.000  -0.000
