1SPECTRUM OF (Z= 82 A=207) IN PARTICLE-ROTOR  MODEL WITH MODIFIED OSCILLATOR POTENTIAL


 PARITY=-   EPS= 0.364   GAMMA=  0.0   EPS4=0.000   EPS6=0.000   LEVELS:  24  25  26  27  28  29  30  31  32  33  34  35  36  37  38

 PAIRING FACTORS: GN0= 19.20  GN1=  7.40  IPAIR= 15 ***  E2PLUS(INPUT)=   0.730  E2PLUR(INPUT)=   0.000

 CORIOLIS ATTENUATION PARAMETERS:  CHSI=1.000  ETA=  1.00

 MOMENT OF INERTIA PARAMETERS:   A1=  0.122 MEV   A2=  0.122 MEV   A3=121.91924 MEV


 DELTA=0.881 MEV  LAMBDA=53.4143 MEV   HW0= 7.5327 MEV   LAMBDA/HW0= 7.0910

 E2ENERGY=0.730 MEV  HBAR**2/B=24567./A**(7/3)=4153.0/A**2 MEV

 IREC=0  =>  RECOIL TERMS j+j-, j+j+, jzjz, ETC TREATED AS ONE-BODY OPERATORS WITH UU+VV PAIRING FACTORS



 S. P. LEVEL   EQP       U     V        (UU + VV)**1.00

     24       4.263    0.104 0.995      1.000 1.000 0.999 0.997 0.997 0.980 0.949 0.925 0.725 0.715 0.516 0.336 0.312 0.255 0.241
     25       4.247    0.104 0.995      1.000 1.000 0.999 0.997 0.997 0.980 0.949 0.925 0.725 0.715 0.516 0.337 0.312 0.255 0.242
     26       2.973    0.150 0.989      0.999 0.999 1.000 0.999 0.999 0.988 0.963 0.941 0.756 0.746 0.555 0.380 0.356 0.299 0.286
     27       2.413    0.186 0.983      0.997 0.997 0.999 1.000 1.000 0.993 0.972 0.953 0.780 0.770 0.585 0.413 0.389 0.334 0.321
     28       2.404    0.187 0.982      0.997 0.997 0.999 1.000 1.000 0.993 0.972 0.953 0.780 0.771 0.586 0.414 0.390 0.335 0.321
     29       1.549    0.298 0.955      0.980 0.980 0.988 0.993 0.993 1.000 0.993 0.982 0.847 0.838 0.675 0.515 0.493 0.440 0.428
     30       1.174    0.412 0.911      0.949 0.949 0.963 0.972 0.972 0.993 1.000 0.998 0.905 0.899 0.759 0.616 0.595 0.546 0.534
     31       1.054    0.475 0.880      0.925 0.925 0.941 0.953 0.953 0.982 0.998 1.000 0.933 0.927 0.803 0.670 0.650 0.604 0.593
     32       0.892    0.760 0.650      0.725 0.725 0.756 0.780 0.780 0.847 0.905 0.933 1.000 1.000 0.964 0.892 0.880 0.851 0.843
     33       0.897    0.770 0.638      0.715 0.715 0.746 0.770 0.771 0.838 0.899 0.927 1.000 1.000 0.968 0.899 0.887 0.858 0.851
     34       1.147    0.906 0.424      0.516 0.516 0.555 0.585 0.586 0.675 0.759 0.803 0.964 0.968 1.000 0.980 0.975 0.960 0.956
     35       1.916    0.972 0.237      0.336 0.337 0.380 0.413 0.414 0.515 0.616 0.670 0.892 0.899 0.980 1.000 1.000 0.996 0.995
     36       2.132    0.977 0.211      0.312 0.312 0.356 0.389 0.390 0.493 0.595 0.650 0.880 0.887 0.975 1.000 1.000 0.998 0.997
     37       2.917    0.988 0.153      0.255 0.255 0.299 0.334 0.335 0.440 0.546 0.604 0.851 0.858 0.960 0.996 0.998 1.000 1.000
     38       3.201    0.990 0.139      0.241 0.242 0.286 0.321 0.321 0.428 0.534 0.593 0.843 0.851 0.956 0.995 0.997 1.000 1.000

  R CORE   ENERGY   A0R/A00=1.000    R3= 0     2  
   2( 1)    0.732                    1.000 0.000
   2( 2)  487.921                    0.000 1.000

  R CORE   ENERGY   A0R/A00=1.000    R3= 0     2  
   3( 1)  488.652                    0.000 1.000

  R CORE   ENERGY   A0R/A00=1.000    R3= 0     2     4  
   4( 1)    2.438                    1.000 0.000 0.000

  R CORE   ENERGY   A0R/A00=1.000    R3= 0     2     4  
   5( 1)  490.847                    0.000 1.000 0.000

  R CORE   ENERGY   A0R/A00=1.000    R3= 0     2     4     6  
   6( 1)    5.121                    1.000 0.000 0.000 0.000

  R CORE   ENERGY   A0R/A00=1.000    R3= 0     2     4     6  
   7( 1)  494.017                    0.000 1.000 0.000 0.000

          AXIAL SYMMETRY => K RESTRICTED TO OMEGA

                     K
     S.P. ORB#: 24  0.50
     S.P. ORB#: 25 -5.50
     S.P. ORB#: 26  2.50
     S.P. ORB#: 27 -3.50
     S.P. ORB#: 28  0.50
     S.P. ORB#: 29 -1.50
     S.P. ORB#: 30  0.50
     S.P. ORB#: 31 -1.50
     S.P. ORB#: 32 -3.50
     S.P. ORB#: 33  2.50
     S.P. ORB#: 34  4.50
     S.P. ORB#: 35  0.50
     S.P. ORB#: 36 -3.50
     S.P. ORB#: 37 -1.50
     S.P. ORB#: 38  2.50
 

             ENERGY    K= OMEGA
 
 I=  1/2- (1)  2.445  30: 0.999
 
 I=  1/2- (2)  5.304  28:-0.284
                      35: 0.959
 
 I=  1/2- (3)  5.894  24: 0.999
 
 I=  1/2- (4)  8.928  28: 0.959
                      35: 0.284
 
 I=  1/2- (5)147.357  31:-1.000

             ENERGY    K= OMEGA
 
 I=  3/2- (1)  2.328  24: 0.075
                      30:-0.275
                      31: 0.958
 
 I=  3/2- (2)  2.516  24:-0.202
                      30:-0.914
                      31:-0.243
                      37:-0.254

             ENERGY    K= OMEGA
 
 I=  5/2- (1)  2.487  24:-0.260
                      30: 0.463
                      31: 0.811
                      37:-0.098
                      38:-0.225
 
 I=  5/2- (2)  3.375  24: 0.053
                      26: 0.061
                      30:-0.756
                      31: 0.458
                      37: 0.437
                      38:-0.147
 
 I=  5/2- (3)  3.900  24:-0.102
                      26: 0.071
                      30: 0.191
                      31: 0.146
                      37: 0.463
                      38: 0.844
 
 I=  5/2- (4)  4.495  26:-0.196
                      30:-0.369
                      31: 0.264
                      37:-0.736
                      38: 0.461
 
 I=  5/2- (5)  4.774  26:-0.976
                      30: 0.052
                      37: 0.206

             ENERGY    K= OMEGA
 
 I=  7/2- (1)  1.736  26:-0.172
                      32: 0.983
 
 I=  7/2- (2)  3.323  24:-0.144
                      30: 0.260
                      31:-0.871
                      37: 0.108
                      38:-0.371
 
 I=  7/2- (3)  3.487  24:-0.306
                      30:-0.855
                      31:-0.237
                      37:-0.341
 
 I=  7/2- (4)  3.836  28: 0.663
                      29: 0.586
                      33: 0.426
                      36: 0.189
 
 I=  7/2- (5)  4.286  26: 0.202
                      27: 0.960
                      30: 0.065
                      31:-0.075
                      37:-0.069
                      38: 0.152

             ENERGY    K= OMEGA
 
 I=  9/2- (1)  2.067  26: 0.084
                      27:-0.169
                      32: 0.313
                      34: 0.931
 
 I=  9/2- (2)  2.755  26: 0.233
                      27: 0.095
                      31: 0.054
                      32: 0.913
                      34:-0.311
                      38:-0.052
 
 I=  9/2- (3)  3.566  24:-0.372
                      30: 0.500
                      31: 0.714
                      32:-0.071
                      37:-0.161
                      38:-0.265
 
 I=  9/2- (4)  4.680  28:-0.213
                      29: 0.550
                      33:-0.682
                      36: 0.432
 
 I=  9/2- (5)  5.237  26:-0.100
                      30: 0.649
                      31:-0.495
                      32: 0.056
                      37:-0.511
                      38: 0.240

             ENERGY    K= OMEGA
 
 I= 11/2- (1)  3.189  26:-0.137
                      27:-0.229
                      32: 0.409
                      34:-0.872
 
 I= 11/2- (2)  3.231  28: 0.646
                      29: 0.582
                      33: 0.436
                      35: 0.065
                      36: 0.224
 
 I= 11/2- (3)  4.004  26: 0.272
                      27:-0.141
                      31:-0.070
                      32:-0.854
                      34:-0.407
                      38:-0.069
 
 I= 11/2- (4)  5.237  24:-0.279
                      31:-0.854
                      32: 0.099
                      37: 0.064
                      38:-0.421
 
 I= 11/2- (5)  5.353  24:-0.303
                      30:-0.857
                      37:-0.397
                      38: 0.117

             ENERGY    K= OMEGA
 
 I= 13/2- (1)  4.535  26: 0.183
                      27:-0.268
                      32: 0.465
                      34: 0.822
 
 I= 13/2- (2)  5.168  28: 0.214
                      29:-0.550
                      33: 0.674
                      36:-0.443
 
 I= 13/2- (3)  5.416  24:-0.288
                      26: 0.229
                      27: 0.148
                      30: 0.318
                      31: 0.459
                      32: 0.589
                      34:-0.359
                      37:-0.096
                      38:-0.215
 
 I= 13/2- (4)  5.594  24:-0.336
                      26:-0.190
                      27:-0.104
                      30: 0.395
                      31: 0.487
                      32:-0.556
                      34: 0.298
                      37:-0.151
                      38:-0.160
 
 I= 13/2- (5)  7.178  25:-0.999

             ENERGY     K= 5/2
  32 LEVELS    TIME=  0.0 SEC



 ******************* EXCITATION ENERGIES, DOMINANT CONFIGURATION AND EXPECTATION VALUES (WITH S.P. UU+VV FACTORS) *******************

  NR  Eex(keV)  I   Kdom  NY    <Jz>  <Jx**2> <Jy**2> <Jz**2> <I.j>/|I|  <Rx**2> <Ry**2> <Rz**2> <R.j>/|R|  <HROTx> <HROTy> <HROTz>

   1    0.0   7/2-  -7/2  32   -3.32    2.31    2.31   12.06    3.28       3.19    3.19   -0.00   -1.45      0.388   0.388  -0.000
   2  331.3   9/2-   9/2  34    3.48    2.51    2.51   19.14    4.18       3.67    3.67    0.00   -1.25      0.448   0.448   0.000
   3  592.1   3/2-  -3/2  31   -1.34    4.88    4.88    2.09    1.39       5.11    5.11   -0.00   -2.86      0.623   0.623  -0.000
   4  709.8   1/2-   1/2  30    0.50    4.90    4.90    0.25    0.25       5.18    5.18   -0.00   -3.06      0.632   0.632  -0.000
   5  751.6   5/2-  -3/2  31   -0.73    5.01    5.01    1.89    2.02       4.36    4.36   -0.00   -2.01      0.532   0.532  -0.000
  
   6  780.5   3/2-   1/2  30    0.25    4.47    4.47    0.50    1.05       4.55    4.55    0.00   -2.45      0.555   0.555   0.000
   7 1019.0   9/2-  -7/2  32   -2.37    2.39    2.39   12.65    2.83       6.98    6.98   -0.00   -0.89      0.852   0.852  -0.000
   8 1453.0  11/2-   9/2  34    2.70    2.69    2.69   18.23    3.61       8.12    8.12    0.00   -0.51      0.990   0.990   0.001
   9 1495.1  11/2-   1/2  28    0.00   23.58   23.58    2.67    6.18       5.82    5.82    0.00   -3.77      0.709   0.709   0.000
  10 1587.7   7/2-  -3/2  31   -0.77    4.56    4.56    2.65    1.53       7.69    7.69   -0.00   -1.45      0.937   0.937  -0.000
  
  11 1639.2   5/2-   1/2  30   -0.25    4.10    4.10    1.20    0.53       7.52    7.52   -0.00   -2.02      0.917   0.917  -0.000
  12 1751.4   7/2-   1/2  30    0.16    4.31    4.31    0.61    1.26       7.48    7.48    0.00   -1.09      0.912   0.912   0.000
  13 1830.6   9/2-  -3/2  31   -0.45    5.13    5.13    1.81    2.18       7.54    7.54   -0.00   -0.31      0.920   0.920  -0.000
  14 2100.2   7/2-   1/2  28    0.03   23.26   23.26    2.45    6.08       8.24    8.24    0.00   -6.12      1.004   1.004   0.000
  15 2164.5   5/2-   5/2  38    1.46    2.03    2.03    5.03    1.81       3.57    3.57    0.00   -1.40      0.435   0.435   0.000
  
  16 2268.1  11/2-  -7/2  32   -1.69    2.47    2.47   13.06    2.53      11.77   11.77    0.00   -0.60      1.435   1.435   0.000
  17 2549.9   7/2-  -7/2  27   -3.08    6.07    6.07   11.71    3.09       7.55    7.55    0.00   -2.98      0.921   0.921   0.000
  18 2759.2   5/2-  -3/2  37   -0.22    2.76    2.76    2.98    0.31       7.72    7.72   -0.00   -1.93      0.941   0.941  -0.000
  19 2799.0  13/2-   9/2  34    2.11    2.86    2.86   17.47    3.22      13.48   13.48    0.00   -0.13      1.643   1.643   0.000
  20 2943.9   9/2-   5/2  33    0.08   24.07   24.07    5.89    5.21      13.48   13.48    0.00   -5.42      1.643   1.643   0.000
  
  21 3038.7   5/2-   5/2  26    2.32    5.86    5.86    6.06    1.98       7.41    7.41    0.00   -3.10      0.904   0.904   0.000
  22 3432.2  13/2-   5/2  33    0.02   24.07   24.07    5.94    5.15      15.42   15.42    0.00   -3.26      1.880   1.880   0.000
  23 3501.0   9/2-   1/2  30   -0.39    3.72    3.72    1.72    0.52      14.34   14.34    0.00   -1.22      1.749   1.749   0.000
  24 3501.1  11/2-  -3/2  31   -0.65    4.48    4.48    2.93    1.55      14.53   14.53   -0.00   -0.48      1.772   1.772  -0.000
  25 3567.9   1/2-   1/2  35    0.50   12.26   12.26    0.25   -1.12      13.73   13.73    0.00   -4.91      1.674   1.674   0.000
  
  26 3617.2  11/2-   1/2  30    0.21    4.21    4.21    0.67    1.29      14.72   14.72    0.00   -0.26      1.795   1.795   0.000
  27 3680.7  13/2-  -7/2  32   -0.71    3.74    3.74    8.30    2.34      15.91   15.91   -0.00    0.10      1.940   1.940  -0.000
  28 3858.0  13/2-  -7/2  32   -0.82    4.09    4.09    6.77    2.20      16.48   16.48   -0.00    0.07      2.009   2.009  -0.000
  29 4158.3   1/2-   1/2  24    0.50    6.78    6.78    0.25    0.65       6.72    6.72    0.00   -3.61      0.819   0.819   0.000
  30 5441.9  13/2- -11/2  25   -5.49    2.75    2.75   30.21    4.32      12.04   12.04    0.00   -1.13      1.468   1.468   0.000
  
  31 7192.5   1/2-   1/2  28    0.50   23.40   23.40    0.25   -3.48      26.92   26.92    0.00   -6.82      3.282   3.282   0.000
  32*******   1/2-  -3/2  31    0.00    0.00    0.00    0.00   -0.00       0.00    0.00    0.00   -0.00      0.000   0.000   0.000
