1SPECTRUM OF (Z= 82 A=207) IN PARTICLE-ROTOR  MODEL WITH MODIFIED OSCILLATOR POTENTIAL


 PARITY=-   EPS= 0.251   GAMMA=  0.0   EPS4=0.000   EPS6=0.000   LEVELS:  24  25  26  27  28  29  30  31  32  33  34  35  36  37  38

 PAIRING FACTORS: GN0= 19.20  GN1=  7.40  IPAIR= 15 ***  E2PLUS(INPUT)=   0.730  E2PLUR(INPUT)=   0.000

 CORIOLIS ATTENUATION PARAMETERS:  CHSI=1.000  ETA=  1.00

 MOMENT OF INERTIA PARAMETERS:   A1=  0.122 MEV   A2=  0.122 MEV   A3=121.91924 MEV


 DELTA=0.938 MEV  LAMBDA=53.4000 MEV   HW0= 7.4665 MEV   LAMBDA/HW0= 7.1520

 E2ENERGY=0.730 MEV  HBAR**2/B=11682./A**(7/3)=1974.7/A**2 MEV

 IREC=0  =>  RECOIL TERMS j+j-, j+j+, jzjz, ETC TREATED AS ONE-BODY OPERATORS WITH UU+VV PAIRING FACTORS



 S. P. LEVEL   EQP       U     V        (UU + VV)**1.00

     24       5.142    0.092 0.996      1.000 1.000 1.000 0.999 0.987 0.985 0.979 0.965 0.723 0.556 0.452 0.395 0.372 0.307 0.267
     25       4.133    0.114 0.993      1.000 1.000 1.000 1.000 0.990 0.988 0.983 0.971 0.738 0.574 0.473 0.416 0.393 0.329 0.288
     26       3.847    0.123 0.992      1.000 1.000 1.000 1.000 0.991 0.990 0.985 0.973 0.744 0.581 0.480 0.424 0.401 0.337 0.297
     27       3.300    0.144 0.990      0.999 1.000 1.000 1.000 0.994 0.992 0.988 0.978 0.758 0.598 0.498 0.443 0.420 0.356 0.317
     28       1.921    0.252 0.968      0.987 0.990 0.991 0.994 1.000 1.000 0.999 0.995 0.825 0.683 0.591 0.539 0.518 0.458 0.420
     29       1.838    0.265 0.964      0.985 0.988 0.990 0.992 1.000 1.000 1.000 0.996 0.833 0.693 0.602 0.550 0.529 0.469 0.431
     30       1.677    0.292 0.956      0.979 0.983 0.985 0.988 0.999 1.000 1.000 0.998 0.848 0.713 0.624 0.574 0.553 0.494 0.457
     31       1.438    0.348 0.938      0.965 0.971 0.973 0.978 0.995 0.996 0.998 1.000 0.878 0.753 0.669 0.621 0.601 0.544 0.508
     32       0.947    0.754 0.656      0.723 0.738 0.744 0.758 0.825 0.833 0.848 0.878 1.000 0.976 0.943 0.920 0.911 0.880 0.859
     33       1.118    0.879 0.477      0.556 0.574 0.581 0.598 0.683 0.693 0.713 0.753 0.976 1.000 0.993 0.983 0.979 0.962 0.949
     34       1.368    0.930 0.369      0.452 0.473 0.480 0.498 0.591 0.602 0.624 0.669 0.943 0.993 1.000 0.998 0.996 0.988 0.980
     35       1.594    0.951 0.309      0.395 0.416 0.424 0.443 0.539 0.550 0.574 0.621 0.920 0.983 0.998 1.000 1.000 0.996 0.991
     36       1.712    0.958 0.286      0.372 0.393 0.401 0.420 0.518 0.529 0.553 0.601 0.911 0.979 0.996 1.000 1.000 0.998 0.994
     37       2.199    0.976 0.219      0.307 0.329 0.337 0.356 0.458 0.469 0.494 0.544 0.880 0.962 0.988 0.996 0.998 1.000 0.999
     38       2.689    0.984 0.177      0.267 0.288 0.297 0.317 0.420 0.431 0.457 0.508 0.859 0.949 0.980 0.991 0.994 0.999 1.000

  R CORE   ENERGY   A0R/A00=1.000    R3= 0     2  
   2( 1)    0.732                    1.000 0.000
   2( 2)  487.921                    0.000 1.000

  R CORE   ENERGY   A0R/A00=1.000    R3= 0     2  
   3( 1)  488.652                    0.000 1.000

  R CORE   ENERGY   A0R/A00=1.000    R3= 0     2     4  
   4( 1)    2.438                    1.000 0.000 0.000

  R CORE   ENERGY   A0R/A00=1.000    R3= 0     2     4  
   5( 1)  490.847                    0.000 1.000 0.000

  R CORE   ENERGY   A0R/A00=1.000    R3= 0     2     4     6  
   6( 1)    5.121                    1.000 0.000 0.000 0.000

  R CORE   ENERGY   A0R/A00=1.000    R3= 0     2     4     6  
   7( 1)  494.017                    0.000 1.000 0.000 0.000

          AXIAL SYMMETRY => K RESTRICTED TO OMEGA

                     K
     S.P. ORB#: 24  2.50
     S.P. ORB#: 25  0.50
     S.P. ORB#: 26  2.50
     S.P. ORB#: 27 -3.50
     S.P. ORB#: 28 -3.50
     S.P. ORB#: 29  0.50
     S.P. ORB#: 30 -1.50
     S.P. ORB#: 31  4.50
     S.P. ORB#: 32  0.50
     S.P. ORB#: 33 -1.50
     S.P. ORB#: 34 -1.50
     S.P. ORB#: 35  2.50
     S.P. ORB#: 36  2.50
     S.P. ORB#: 37  0.50
     S.P. ORB#: 38 -3.50
 

             ENERGY    K= OMEGA
 
 I=  1/2- (1)  2.492  25:-0.054
                      29:-0.058
                      37:-0.997
 
 I=  1/2- (2)  2.971  29: 0.998
                      37:-0.056
 
 I=  1/2- (3)  5.508  25: 0.998
                      37:-0.056
 
 I=  1/2- (4)  8.365  32: 1.000
 
 I=  1/2- (5)147.421  33:-1.000

             ENERGY    K= OMEGA
 
 I=  3/2- (1)  1.879  25: 0.055
                      29: 0.219
                      30: 0.117
                      34: 0.964
                      37:-0.072
 
 I=  3/2- (2)  2.794  25:-0.110
                      29: 0.120
                      30:-0.946
                      34: 0.113
                      37: 0.257

             ENERGY    K= OMEGA
 
 I=  5/2- (1)  2.056  25: 0.083
                      29:-0.192
                      30:-0.254
                      34: 0.477
                      35: 0.812
                      37:-0.057
 
 I=  5/2- (2)  2.543  29: 0.180
                      30:-0.263
                      34:-0.832
                      35: 0.441
                      37:-0.094
 
 I=  5/2- (3)  2.887  24: 0.062
                      25:-0.218
                      29: 0.419
                      30: 0.594
                      35: 0.339
                      37: 0.552
 
 I=  5/2- (4)  3.416  25: 0.243
                      29:-0.202
                      30:-0.452
                      34:-0.051
                      35:-0.126
                      37: 0.821
 
 I=  5/2- (5)  4.265  24: 0.063
                      25: 0.078
                      29:-0.813
                      30: 0.488
                      34:-0.273
                      35: 0.116
                      37: 0.050

             ENERGY    K= OMEGA
 
 I=  7/2- (1)  2.651  26:-0.215
                      27: 0.103
                      28: 0.928
                      30: 0.122
                      34:-0.055
                      35: 0.246
 
 I=  7/2- (2)  2.706  26: 0.083
                      28:-0.243
                      29:-0.234
                      30: 0.238
                      34:-0.554
                      35: 0.717
 
 I=  7/2- (3)  3.164  25:-0.224
                      28: 0.138
                      29:-0.389
                      30:-0.422
                      34:-0.617
                      35:-0.426
                      37: 0.192
 
 I=  7/2- (4)  3.240  32:-0.740
                      33:-0.570
                      36:-0.332
                      38:-0.130
 
 I=  7/2- (5)  4.156  24: 0.160
                      25:-0.140
                      27:-0.120
                      29: 0.268
                      30:-0.768
                      34: 0.162
                      35: 0.469
                      37: 0.179

             ENERGY    K= OMEGA
 
 I=  9/2- (1)  2.200  24: 0.064
                      26:-0.061
                      27: 0.266
                      28:-0.163
                      31:-0.945
 
 I=  9/2- (2)  3.276  24: 0.072
                      25:-0.263
                      27: 0.073
                      28: 0.151
                      29: 0.371
                      30: 0.505
                      34:-0.382
                      35:-0.571
                      37: 0.171
 
 I=  9/2- (3)  3.541  24: 0.065
                      26: 0.309
                      27: 0.125
                      28: 0.905
                      29:-0.084
                      31:-0.143
                      34: 0.182
                      35: 0.058
 
 I=  9/2- (4)  4.303  24:-0.091
                      25: 0.230
                      28: 0.124
                      29:-0.129
                      30:-0.479
                      34:-0.656
                      35:-0.282
                      37:-0.407
 
 I=  9/2- (5)  4.513  32:-0.249
                      33: 0.609
                      36:-0.643
                      38: 0.393

             ENERGY    K= OMEGA
 
 I= 11/2- (1)  2.294  32:-0.697
                      33:-0.574
                      36:-0.387
                      38:-0.187
 
 I= 11/2- (2)  3.140  24: 0.111
                      26:-0.098
                      27:-0.368
                      28: 0.212
                      31:-0.891
 
 I= 11/2- (3)  4.577  24:-0.132
                      25: 0.083
                      26:-0.280
                      27: 0.178
                      28: 0.722
                      29:-0.061
                      30: 0.339
                      31: 0.069
                      34:-0.137
                      35: 0.448
 
 I= 11/2- (4)  4.666  26:-0.214
                      28: 0.433
                      29: 0.326
                      30:-0.208
                      31: 0.157
                      34: 0.564
                      35:-0.518
 
 I= 11/2- (5)  5.115  24: 0.069
                      25:-0.335
                      26:-0.084
                      28: 0.309
                      29:-0.457
                      30:-0.482
                      31: 0.122
                      34:-0.434
                      35:-0.293
                      37: 0.225

             ENERGY    K= OMEGA
 
 I= 13/2- (1)  4.270  24: 0.158
                      26:-0.125
                      27: 0.437
                      28:-0.232
                      30: 0.094
                      31:-0.833
                      35:-0.075
 
 I= 13/2- (2)  4.579  32:-0.236
                      33: 0.590
                      36:-0.651
                      38: 0.416
 
 I= 13/2- (3)  5.223  24:-0.094
                      25: 0.373
                      26:-0.056
                      28:-0.148
                      29:-0.435
                      30:-0.565
                      31:-0.147
                      34: 0.291
                      35: 0.412
                      37:-0.205
 
 I= 13/2- (4)  5.964  24:-0.123
                      26:-0.393
                      27:-0.196
                      28:-0.837
                      29: 0.107
                      31: 0.187
                      34:-0.204
 
 I= 13/2- (5)  6.925  24:-0.075
                      25: 0.231
                      28: 0.140
                      29:-0.115
                      30:-0.324
                      34:-0.629
                      35:-0.503
                      37:-0.392

             ENERGY     K=-7/2
  32 LEVELS    TIME=  0.0 SEC



 ******************* EXCITATION ENERGIES, DOMINANT CONFIGURATION AND EXPECTATION VALUES (WITH S.P. UU+VV FACTORS) *******************

  NR  Eex(keV)  I   Kdom  NY    <Jz>  <Jx**2> <Jy**2> <Jz**2> <I.j>/|I|  <Rx**2> <Ry**2> <Rz**2> <R.j>/|R|  <HROTx> <HROTy> <HROTz>

   1    0.0   3/2-  -3/2  34   -1.39    1.72    1.72    2.14    1.41       1.93    1.93   -0.00   -1.45      0.236   0.236  -0.000
   2  177.0   5/2-   5/2  35    1.23    2.13    2.13    4.80    2.35       1.96    1.96    0.00   -1.07      0.239   0.239   0.000
   3  321.0   9/2-   9/2  31    3.70    2.70    2.70   19.33    4.48       2.44    2.44   -0.00   -1.10      0.297   0.297  -0.001
   4  415.1  11/2-   1/2  32   -0.00   26.49   26.49    2.23    6.84       4.57    4.57    0.00   -4.73      0.558   0.558   0.000
   5  613.3   1/2-   1/2  37    0.50    1.41    1.41    0.25    0.83       1.19    1.19    0.00   -1.52      0.145   0.145   0.000
  
   6  664.0   5/2-  -3/2  34   -0.63    1.72    1.72    2.95    1.06       4.43    4.43    0.00   -1.09      0.540   0.540   0.000
   7  771.8   7/2-  -7/2  28   -2.81    2.26    2.26   11.40    3.33       2.64    2.64   -0.00   -1.19      0.321   0.321  -0.000
   8  826.6   7/2-   5/2  35    0.58    2.19    2.19    4.82    1.98       4.62    4.62    0.00   -0.44      0.563   0.563   0.000
   9  915.4   3/2-  -3/2  30   -1.32    4.29    4.29    2.07    1.48       4.32    4.32    0.00   -2.64      0.527   0.527   0.000
  10 1008.5   5/2-  -3/2  30    0.03    3.62    3.62    1.67    1.73       3.70    3.70    0.00   -1.39      0.451   0.451   0.000
  
  11 1092.1   1/2-   1/2  29    0.50    4.38    4.38    0.25    0.29       4.63    4.63   -0.00   -2.88      0.564   0.564  -0.000
  12 1261.1  11/2-   9/2  31    3.00    3.11    3.11   18.43    4.12       5.58    5.58   -0.00   -0.01      0.680   0.680  -0.001
  13 1284.8   7/2-  -3/2  34   -0.33    2.41    2.41    2.71    1.45       5.90    5.90    0.00   -0.52      0.720   0.720   0.000
  14 1360.8   7/2-   1/2  32    0.00   26.55   26.55    1.77    6.70       8.71    8.71   -0.00   -6.77      1.062   1.062  -0.000
  15 1396.9   9/2-   5/2  35    0.26    3.55    3.55    3.42    2.37       5.86    5.86    0.00    0.37      0.715   0.715   0.000
  
  16 1536.9   5/2-   1/2  37    0.12    2.12    2.12    0.78    0.62       5.04    5.04    0.00   -1.00      0.614   0.614   0.000
  17 1661.6   9/2-  -7/2  28   -2.62    2.41    2.41   11.36    2.94       5.86    5.86   -0.00   -0.46      0.714   0.714  -0.000
  18 2276.8   7/2-  -3/2  30   -0.30    3.88    3.88    3.13    0.96       9.50    9.50    0.00   -1.62      1.158   1.158   0.000
  19 2386.4   5/2-   1/2  29   -0.09    4.33    4.33    0.98   -0.32      10.16   10.16    0.00   -2.35      1.238   1.238   0.000
  20 2390.9  13/2-   9/2  31    2.37    3.53    3.53   17.36    3.88       9.48    9.48   -0.00    0.62      1.156   1.156  -0.001
  
  21 2423.9   9/2-  -3/2  34   -0.70    2.42    2.42    2.31    1.13      10.30   10.30    0.00   -0.33      1.256   1.256   0.000
  22 2634.3   9/2-   5/2  36   -0.03   26.09   26.09    5.32    5.86      11.97   11.97    0.00   -5.79      1.459   1.459   0.000
  23 2697.8  11/2-  -7/2  28   -1.37    2.66    2.66    9.02    2.48      10.23   10.23   -0.00    0.10      1.248   1.248  -0.000
  24 2700.5  13/2-   5/2  36   -0.04   26.03   26.03    5.56    5.89      12.09   12.09    0.00   -3.36      1.474   1.474   0.000
  25 2787.1  11/2-  -3/2  34   -0.25    2.45    2.45    5.62    1.85      12.06   12.06    0.00    0.11      1.471   1.471   0.000
  
  26 3236.2  11/2-  -3/2  30   -0.47    3.04    3.04    3.12    1.62      12.78   12.78   -0.00    0.10      1.558   1.558  -0.000
  27 3344.1  13/2-  -3/2  30    0.05    4.31    4.31    2.85    2.46      12.94   12.94    0.00    1.12      1.577   1.577   0.000
  28 3629.5   1/2-   1/2  25    0.50    5.78    5.78    0.25    0.69       5.68    5.68    0.00   -3.33      0.693   0.693   0.000
  29 4085.4  13/2-  -7/2  28   -2.06    2.60    2.60   10.93    2.48      15.09   15.09   -0.00    0.22      1.840   1.840  -0.000
  30 5046.3  13/2-  -3/2  34   -0.06    2.15    2.15    3.06    0.99      21.13   21.13    0.00   -0.07      2.576   2.576   0.000
  
  31 6486.1   1/2-   1/2  32    0.50   26.57   26.57    0.25   -3.87      30.42   30.42   -0.00   -7.27      3.709   3.709  -0.000
  32*******   1/2-  -3/2  33    0.00    0.00    0.00    0.00   -0.00       0.00    0.00   -0.00   -0.00      0.000   0.000  -0.000
