1SPECTRUM OF (Z= 82 A=207) IN PARTICLE-ROTOR  MODEL WITH MODIFIED OSCILLATOR POTENTIAL


 PARITY=-   EPS= 0.430   GAMMA=  0.0   EPS4=0.000   EPS6=0.000   LEVELS:  25  26  27  28  29  30  31  32  33  34  35  36  37  38  39

 PAIRING FACTORS: GN0= 19.20  GN1=  7.40  IPAIR= 15 ***  E2PLUS(INPUT)=   0.730  E2PLUR(INPUT)=   0.000

 CORIOLIS ATTENUATION PARAMETERS:  CHSI=1.000  ETA=  1.00

 MOMENT OF INERTIA PARAMETERS:   A1=  0.122 MEV   A2=  0.122 MEV   A3=121.91924 MEV


 DELTA=0.850 MEV  LAMBDA=53.4863 MEV   HW0= 7.5856 MEV   LAMBDA/HW0= 7.0510

 E2ENERGY=0.730 MEV  HBAR**2/B=34284./A**(7/3)=5795.6/A**2 MEV

 IREC=0  =>  RECOIL TERMS j+j-, j+j+, jzjz, ETC TREATED AS ONE-BODY OPERATORS WITH UU+VV PAIRING FACTORS



 S. P. LEVEL   EQP       U     V        (UU + VV)**1.00

     25       3.913    0.109 0.994      1.000 1.000 0.998 0.998 0.992 0.936 0.858 0.794 0.676 0.395 0.346 0.319 0.265 0.243 0.215
     26       3.134    0.137 0.991      1.000 1.000 1.000 0.999 0.995 0.945 0.872 0.811 0.696 0.421 0.372 0.345 0.292 0.270 0.242
     27       2.622    0.164 0.986      0.998 1.000 1.000 1.000 0.998 0.954 0.885 0.827 0.715 0.446 0.398 0.371 0.318 0.296 0.269
     28       2.418    0.179 0.984      0.998 0.999 1.000 1.000 0.998 0.958 0.892 0.835 0.726 0.459 0.411 0.384 0.332 0.310 0.283
     29       1.871    0.233 0.972      0.992 0.995 0.998 0.998 1.000 0.973 0.916 0.864 0.763 0.508 0.461 0.435 0.384 0.363 0.337
     30       1.051    0.453 0.891      0.936 0.945 0.954 0.958 0.973 1.000 0.984 0.958 0.892 0.694 0.655 0.633 0.588 0.570 0.546
     31       0.882    0.605 0.796      0.858 0.872 0.885 0.892 0.916 0.984 1.000 0.994 0.959 0.811 0.779 0.761 0.723 0.707 0.687
     32       0.850    0.691 0.723      0.794 0.811 0.827 0.835 0.864 0.958 0.994 1.000 0.985 0.872 0.845 0.829 0.797 0.783 0.765
     33       0.891    0.807 0.591      0.676 0.696 0.715 0.726 0.763 0.892 0.959 0.985 1.000 0.944 0.926 0.914 0.890 0.879 0.865
     34       1.517    0.956 0.293      0.395 0.421 0.446 0.459 0.508 0.694 0.811 0.872 0.944 1.000 0.999 0.997 0.990 0.987 0.982
     35       1.812    0.970 0.242      0.346 0.372 0.398 0.411 0.461 0.655 0.779 0.845 0.926 0.999 1.000 1.000 0.996 0.994 0.991
     36       2.039    0.977 0.213      0.319 0.345 0.371 0.384 0.435 0.633 0.761 0.829 0.914 0.997 1.000 1.000 0.998 0.997 0.994
     37       2.723    0.987 0.158      0.265 0.292 0.318 0.332 0.384 0.588 0.723 0.797 0.890 0.990 0.996 0.998 1.000 1.000 0.999
     38       3.162    0.991 0.136      0.243 0.270 0.296 0.310 0.363 0.570 0.707 0.783 0.879 0.987 0.994 0.997 1.000 1.000 1.000
     39       3.976    0.994 0.107      0.215 0.242 0.269 0.283 0.337 0.546 0.687 0.765 0.865 0.982 0.991 0.994 0.999 1.000 1.000

  R CORE   ENERGY   A0R/A00=1.000    R3= 0     2  
   2( 1)    0.732                    1.000 0.000
   2( 2)  487.921                    0.000 1.000

  R CORE   ENERGY   A0R/A00=1.000    R3= 0     2  
   3( 1)  488.652                    0.000 1.000

  R CORE   ENERGY   A0R/A00=1.000    R3= 0     2     4  
   4( 1)    2.438                    1.000 0.000 0.000

  R CORE   ENERGY   A0R/A00=1.000    R3= 0     2     4  
   5( 1)  490.847                    0.000 1.000 0.000

  R CORE   ENERGY   A0R/A00=1.000    R3= 0     2     4     6  
   6( 1)    5.121                    1.000 0.000 0.000 0.000

  R CORE   ENERGY   A0R/A00=1.000    R3= 0     2     4     6  
   7( 1)  494.017                    0.000 1.000 0.000 0.000

          AXIAL SYMMETRY => K RESTRICTED TO OMEGA

                     K
     S.P. ORB#: 25  0.50
     S.P. ORB#: 26 -5.50
     S.P. ORB#: 27 -1.50
     S.P. ORB#: 28  2.50
     S.P. ORB#: 29 -3.50
     S.P. ORB#: 30  2.50
     S.P. ORB#: 31  0.50
     S.P. ORB#: 32 -1.50
     S.P. ORB#: 33  0.50
     S.P. ORB#: 34 -3.50
     S.P. ORB#: 35 -3.50
     S.P. ORB#: 36  4.50
     S.P. ORB#: 37  0.50
     S.P. ORB#: 38 -1.50
     S.P. ORB#: 39 -1.50
 

             ENERGY    K= OMEGA
 
 I=  1/2- (1)  2.226  31: 1.000
 
 I=  1/2- (2)  3.682  25:-0.239
                      33: 0.921
                      37:-0.308
 
 I=  1/2- (3)  6.733  25:-0.260
                      33: 0.245
                      37: 0.934
 
 I=  1/2- (4) 10.074  25: 0.936
                      33: 0.303
                      37: 0.181
 
 I=  1/2- (5)147.153  32: 1.000

             ENERGY    K= OMEGA
 
 I=  3/2- (1)  2.178  31:-0.537
                      32: 0.842
 
 I=  3/2- (2)  2.495  31:-0.830
                      32:-0.536
                      39:-0.154

             ENERGY    K= OMEGA
 
 I=  5/2- (1)  2.744  28:-0.051
                      31:-0.479
                      32:-0.874
                      39: 0.066
 
 I=  5/2- (2)  3.277  28:-0.076
                      31: 0.838
                      32:-0.474
                      39:-0.259
 
 I=  5/2- (3)  3.819  25:-0.192
                      33: 0.827
                      37:-0.452
                      38:-0.272
 
 I=  5/2- (4)  4.214  28: 0.993
                      31: 0.059
                      32:-0.086
                      39: 0.060
 
 I=  5/2- (5)  5.379  28: 0.079
                      31:-0.255
                      32: 0.062
                      39:-0.962

             ENERGY    K= OMEGA
 
 I=  7/2- (1)  2.425  28: 0.154
                      34:-0.987
 
 I=  7/2- (2)  3.342  31: 0.745
                      32:-0.642
                      39: 0.174
 
 I=  7/2- (3)  3.786  28:-0.188
                      29:-0.971
                      31: 0.102
                      32: 0.092
 
 I=  7/2- (4)  3.970  28: 0.088
                      29:-0.162
                      31:-0.587
                      32:-0.748
                      39:-0.246
 
 I=  7/2- (5)  3.999  25: 0.065
                      27:-0.136
                      30:-0.154
                      33:-0.874
                      35:-0.057
                      37:-0.251
                      38:-0.351

             ENERGY    K= OMEGA
 
 I=  9/2- (1)  2.950  28:-0.097
                      29: 0.215
                      34:-0.375
                      36:-0.897
 
 I=  9/2- (2)  3.528  28: 0.201
                      29: 0.129
                      34: 0.899
                      36:-0.366
 
 I=  9/2- (3)  4.490  28:-0.062
                      31:-0.603
                      32:-0.773
                      39: 0.175
 
 I=  9/2- (4)  4.663  25: 0.128
                      27: 0.074
                      30:-0.145
                      33:-0.766
                      35: 0.073
                      37: 0.494
                      38: 0.347
 
 I=  9/2- (5)  4.948  28: 0.266
                      29:-0.916
                      31:-0.146
                      32: 0.055
                      36:-0.238
                      39: 0.088

             ENERGY    K= OMEGA
 
 I= 11/2- (1)  3.877  25:-0.485
                      27:-0.557
                      30:-0.480
                      33:-0.371
                      35:-0.209
                      37:-0.118
                      38:-0.167
 
 I= 11/2- (2)  4.083  26:-0.117
                      28:-0.141
                      29:-0.282
                      34: 0.431
                      36:-0.837
 
 I= 11/2- (3)  4.479  26:-0.991
                      34:-0.104
                      36: 0.069
 
 I= 11/2- (4)  4.850  26: 0.062
                      28: 0.236
                      29:-0.188
                      34:-0.850
                      36:-0.424
 
 I= 11/2- (5)  5.296  25: 0.343
                      27: 0.204
                      30: 0.166
                      33:-0.763
                      35: 0.093
                      37:-0.288
                      38:-0.372

             ENERGY    K= OMEGA
 
 I= 13/2- (1)  5.460  26: 0.108
                      28:-0.177
                      29: 0.326
                      34:-0.459
                      36:-0.800
 
 I= 13/2- (2)  5.675  25: 0.172
                      27:-0.557
                      30: 0.673
                      33: 0.202
                      35:-0.370
                      37:-0.094
                      38:-0.143
 
 I= 13/2- (3)  6.063  26:-0.988
                      28:-0.051
                      34:-0.137
 
 I= 13/2- (4)  6.403  26: 0.106
                      28:-0.264
                      29:-0.229
                      32:-0.058
                      34:-0.814
                      36: 0.448
 
 I= 13/2- (5)  6.472  25:-0.196
                      27: 0.155
                      30:-0.137
                      33: 0.715
                      35: 0.086
                      37:-0.522
                      38:-0.357

             ENERGY     K=-3/2
  32 LEVELS    TIME=  0.0 SEC



 ******************* EXCITATION ENERGIES, DOMINANT CONFIGURATION AND EXPECTATION VALUES (WITH S.P. UU+VV FACTORS) *******************

  NR  Eex(keV)  I   Kdom  NY    <Jz>  <Jx**2> <Jy**2> <Jz**2> <I.j>/|I|  <Rx**2> <Ry**2> <Rz**2> <R.j>/|R|  <HROTx> <HROTy> <HROTz>

   1    0.0   3/2-  -3/2  32   -0.92    5.11    5.11    1.67    1.26       5.39    5.39   -0.00   -2.88      0.657   0.657  -0.000
   2   48.1   1/2-   1/2  31    0.50    5.07    5.07    0.25    0.07       5.51    5.51    0.00   -3.11      0.672   0.672   0.000
   3  247.0   7/2-  -7/2  34   -3.36    2.32    2.32   12.10    3.18       3.64    3.64    0.00   -1.53      0.443   0.443   0.000
   4  316.5   3/2-   1/2  31   -0.12    4.94    4.94    0.87    0.46       6.35    6.35   -0.00   -2.76      0.774   0.774  -0.000
   5  565.9   5/2-  -3/2  32   -1.03    5.13    5.13    1.80    0.93       7.66    7.66   -0.00   -2.38      0.934   0.934  -0.000
  
   6  771.7   9/2-   9/2  36    2.99    2.59    2.59   18.63    4.07       4.05    4.05    0.00   -1.26      0.494   0.494   0.000
   7 1098.9   5/2-   1/2  31   -0.07    4.77    4.77    0.87    0.21       8.97    8.97   -0.00   -2.31      1.093   1.093  -0.000
   8 1164.1   7/2-   1/2  31   -0.38    5.08    5.08    1.15    0.95       9.75    9.75   -0.00   -1.70      1.188   1.188  -0.000
   9 1349.2   9/2-  -7/2  34   -2.18    2.41    2.41   13.07    2.72       7.79    7.79    0.00   -1.10      0.949   0.949   0.000
  10 1503.3   1/2-   1/2  33    0.50   10.43   10.43    0.25    1.05      10.02   10.02    0.00   -4.51      1.222   1.222   0.000
  
  11 1608.1   7/2-  -7/2  29   -3.22    6.24    6.24   11.80    3.07       7.83    7.83   -0.00   -3.06      0.955   0.955  -0.000
  12 1640.4   5/2-   1/2  33    0.35   11.09   11.09    0.40    2.14       9.32    9.32   -0.00   -3.76      1.136   1.136  -0.000
  13 1698.7  11/2-  -3/2  27    0.11   23.59   23.59    2.83    6.10       6.44    6.44   -0.00   -3.78      0.785   0.785  -0.000
  14 1791.4   7/2-  -3/2  32   -0.83    4.78    4.78    1.87    0.45      11.81   11.81   -0.00   -1.98      1.439   1.439  -0.000
  15 1820.9   7/2-   1/2  33    0.25   15.07   15.07    0.72    3.12      10.91   10.91   -0.00   -3.95      1.331   1.331  -0.000
  
  16 1904.7  11/2-   9/2  36    2.20    2.79    2.79   17.98    3.50       8.74    8.74    0.00   -0.63      1.066   1.066   0.000
  17 2036.0   5/2-   5/2  28    2.45    6.09    6.09    6.18    2.08       7.42    7.42   -0.00   -3.17      0.904   0.904  -0.000
  18 2301.0  11/2- -11/2  26   -5.42    2.75    2.75   29.96    5.02       5.62    5.62    0.00   -1.63      0.685   0.685   0.000
  19 2311.8   9/2-  -3/2  32   -0.76    5.10    5.10    1.57    0.77      14.45   14.45   -0.00   -1.48      1.762   1.762  -0.000
  20 2484.4   9/2-   1/2  33    0.27   12.27   12.27    0.69    2.56      12.24   12.24   -0.00   -2.52      1.492   1.492  -0.000
  
  21 2671.5  11/2-  -7/2  34   -1.73    2.52    2.52   13.40    2.36      13.00   13.00    0.00   -0.85      1.585   1.585   0.000
  22 2770.1   9/2-  -7/2  29   -2.52    5.96    5.96   11.92    2.38      12.46   12.46   -0.00   -2.40      1.519   1.519  -0.000
  23 3118.1  11/2-   1/2  33    0.16   12.96   12.96    0.88    2.83      14.35   14.35   -0.00   -1.84      1.749   1.749  -0.000
  24 3200.7   5/2-  -3/2  39   -1.35    2.16    2.16    2.14    0.32       6.67    6.67    0.00   -1.51      0.813   0.813   0.000
  25 3282.1  13/2-   9/2  36    1.78    2.96    2.96   17.39    3.09      14.46   14.46    0.00   -0.32      1.762   1.762   0.000
  
  26 3497.1  13/2-   5/2  30    0.20   23.16   23.16    5.27    4.90      15.98   15.98   -0.00   -3.08      1.948   1.948  -0.000
  27 3884.8  13/2- -11/2  26   -5.43    2.75    2.75   29.82    4.28      12.15   12.15    0.00   -1.10      1.482   1.482   0.000
  28 4224.2  13/2-  -7/2  34   -1.49    2.63    2.63   13.60    2.09      19.20   19.20    0.00   -0.69      2.341   2.341   0.000
  29 4294.0  13/2-   1/2  33    0.21   11.93   11.93    0.75    2.54      18.97   18.97   -0.00   -1.12      2.313   2.313  -0.000
  30 4554.7   1/2-   1/2  37    0.50   15.71   15.71    0.25   -0.41      16.57   16.57   -0.00   -5.56      2.020   2.020  -0.000
  
  31 7895.8   1/2-   1/2  25    0.50   23.04   23.04    0.25   -3.50      26.57   26.57   -0.00   -6.77      3.239   3.239  -0.000
  32*******   1/2-  -3/2  32    0.00    0.00    0.00    0.00    0.00       0.00    0.00    0.00   -0.00      0.000   0.000   0.000
