1SPECTRUM OF (Z= 82 A=207) IN PARTICLE-ROTOR  MODEL WITH MODIFIED OSCILLATOR POTENTIAL


 PARITY=-   EPS= 0.339   GAMMA=  0.0   EPS4=0.000   EPS6=0.000   LEVELS:  26  27  28  29  30  31  32  33  34  35  36  37  38  39  40

 PAIRING FACTORS: GN0= 19.20  GN1=  7.40  IPAIR= 15 ***  E2PLUS(INPUT)=   0.730  E2PLUR(INPUT)=   0.000

 CORIOLIS ATTENUATION PARAMETERS:  CHSI=1.000  ETA=  1.00

 MOMENT OF INERTIA PARAMETERS:   A1=  0.122 MEV   A2=  0.122 MEV   A3=121.91924 MEV


 DELTA=0.910 MEV  LAMBDA=53.3451 MEV   HW0= 7.5155 MEV   LAMBDA/HW0= 7.0980

 E2ENERGY=0.730 MEV  HBAR**2/B=21309./A**(7/3)=3602.2/A**2 MEV

 IREC=0  =>  RECOIL TERMS j+j-, j+j+, jzjz, ETC TREATED AS ONE-BODY OPERATORS WITH UU+VV PAIRING FACTORS



 S. P. LEVEL   EQP       U     V        (UU + VV)**1.00

     26       3.127    0.147 0.989      1.000 0.999 0.994 0.970 0.960 0.954 0.868 0.672 0.626 0.343 0.331 0.321 0.304 0.274 0.257
     27       2.569    0.180 0.984      0.999 1.000 0.997 0.978 0.969 0.964 0.884 0.696 0.652 0.374 0.362 0.352 0.335 0.306 0.289
     28       1.856    0.253 0.967      0.994 0.997 1.000 0.991 0.985 0.981 0.916 0.748 0.707 0.442 0.431 0.422 0.405 0.377 0.360
     29       1.289    0.382 0.924      0.970 0.978 0.991 1.000 0.999 0.998 0.962 0.831 0.796 0.560 0.549 0.540 0.525 0.499 0.483
     30       1.199    0.417 0.909      0.960 0.969 0.985 0.999 1.000 1.000 0.972 0.852 0.819 0.591 0.581 0.573 0.558 0.532 0.516
     31       1.158    0.437 0.900      0.954 0.964 0.981 0.998 1.000 1.000 0.977 0.863 0.831 0.608 0.598 0.590 0.575 0.550 0.534
     32       0.935    0.619 0.785      0.868 0.884 0.916 0.962 0.972 0.977 1.000 0.951 0.931 0.764 0.756 0.749 0.737 0.716 0.703
     33       0.984    0.831 0.556      0.672 0.696 0.748 0.831 0.852 0.863 0.951 1.000 0.998 0.926 0.921 0.917 0.910 0.896 0.888
     34       1.044    0.863 0.505      0.626 0.652 0.707 0.796 0.819 0.831 0.931 0.998 1.000 0.947 0.943 0.939 0.933 0.921 0.914
     35       2.313    0.980 0.201      0.343 0.374 0.442 0.560 0.591 0.608 0.764 0.926 0.947 1.000 1.000 1.000 0.999 0.997 0.996
     36       2.458    0.982 0.188      0.331 0.362 0.431 0.549 0.581 0.598 0.756 0.921 0.943 1.000 1.000 1.000 1.000 0.998 0.997
     37       2.594    0.984 0.178      0.321 0.352 0.422 0.540 0.573 0.590 0.749 0.917 0.939 1.000 1.000 1.000 1.000 0.999 0.998
     38       2.874    0.987 0.160      0.304 0.335 0.405 0.525 0.558 0.575 0.737 0.910 0.933 0.999 1.000 1.000 1.000 1.000 0.999
     39       3.532    0.992 0.130      0.274 0.306 0.377 0.499 0.532 0.550 0.716 0.896 0.921 0.997 0.998 0.999 1.000 1.000 1.000
     40       4.097    0.994 0.112      0.257 0.289 0.360 0.483 0.516 0.534 0.703 0.888 0.914 0.996 0.997 0.998 0.999 1.000 1.000

  R CORE   ENERGY   A0R/A00=1.000    R3= 0     2  
   2( 1)    0.732                    1.000 0.000
   2( 2)  487.921                    0.000 1.000

  R CORE   ENERGY   A0R/A00=1.000    R3= 0     2  
   3( 1)  488.652                    0.000 1.000

  R CORE   ENERGY   A0R/A00=1.000    R3= 0     2     4  
   4( 1)    2.438                    1.000 0.000 0.000

  R CORE   ENERGY   A0R/A00=1.000    R3= 0     2     4  
   5( 1)  490.847                    0.000 1.000 0.000

  R CORE   ENERGY   A0R/A00=1.000    R3= 0     2     4     6  
   6( 1)    5.121                    1.000 0.000 0.000 0.000

  R CORE   ENERGY   A0R/A00=1.000    R3= 0     2     4     6  
   7( 1)  494.017                    0.000 1.000 0.000 0.000

          AXIAL SYMMETRY => K RESTRICTED TO OMEGA

                     K
     S.P. ORB#: 26  2.50
     S.P. ORB#: 27 -3.50
     S.P. ORB#: 28  0.50
     S.P. ORB#: 29  0.50
     S.P. ORB#: 30 -1.50
     S.P. ORB#: 31 -1.50
     S.P. ORB#: 32 -3.50
     S.P. ORB#: 33  4.50
     S.P. ORB#: 34  2.50
     S.P. ORB#: 35 -3.50
     S.P. ORB#: 36  0.50
     S.P. ORB#: 37 -1.50
     S.P. ORB#: 38  2.50
     S.P. ORB#: 39  0.50
     S.P. ORB#: 40  4.50
 

             ENERGY    K= OMEGA
 
 I=  1/2- (1)  2.537  29:-0.999
 
 I=  1/2- (2)  3.886  39: 0.999
 
 I=  1/2- (3)  5.804  28: 0.368
                      36:-0.930
 
 I=  1/2- (4)  8.754  28: 0.930
                      36: 0.368
 
 I=  1/2- (5)147.461  31: 1.000

             ENERGY    K= OMEGA
 
 I=  3/2- (1)  2.417  29:-0.403
                      31: 0.915
 
 I=  3/2- (2)  2.684  29: 0.795
                      31: 0.353
                      37: 0.467
                      39:-0.159

             ENERGY    K= OMEGA
 
 I=  5/2- (1)  2.741  29:-0.404
                      31:-0.804
                      37: 0.140
                      38: 0.372
                      39:-0.179
 
 I=  5/2- (2)  3.348  26:-0.064
                      29: 0.641
                      31:-0.409
                      37:-0.644
 
 I=  5/2- (3)  3.626  29:-0.377
                      31:-0.205
                      37:-0.304
                      38:-0.830
                      39:-0.184
 
 I=  5/2- (4)  4.269  26: 0.065
                      29: 0.475
                      31:-0.358
                      37: 0.660
                      38:-0.413
                      39: 0.188
 
 I=  5/2- (5)  4.784  26:-0.204
                      29:-0.233
                      31:-0.115
                      37:-0.146
                      39: 0.932

             ENERGY    K= OMEGA
 
 I=  7/2- (1)  1.744  26:-0.190
                      32: 0.980
 
 I=  7/2- (2)  3.354  29:-0.500
                      31: 0.695
                      37:-0.272
                      38: 0.437
 
 I=  7/2- (3)  3.577  28:-0.706
                      30:-0.583
                      34:-0.368
                      35:-0.158
 
 I=  7/2- (4)  3.899  26: 0.062
                      29:-0.632
                      31:-0.502
                      37:-0.485
                      38:-0.218
                      39: 0.246
 
 I=  7/2- (5)  4.384  26:-0.203
                      27:-0.811
                      29:-0.219
                      31: 0.218
                      37: 0.214
                      38:-0.400

             ENERGY    K= OMEGA
 
 I=  9/2- (1)  1.884  26:-0.076
                      27: 0.186
                      32:-0.253
                      33:-0.946
 
 I=  9/2- (2)  2.714  26: 0.259
                      27: 0.091
                      32: 0.926
                      33:-0.250
 
 I=  9/2- (3)  4.128  29: 0.438
                      31: 0.701
                      37:-0.247
                      38:-0.442
                      39: 0.239
 
 I=  9/2- (4)  4.395  28: 0.195
                      30:-0.504
                      34: 0.639
                      35:-0.498
                      40: 0.226
 
 I=  9/2- (5)  5.173  26:-0.109
                      27: 0.066
                      29: 0.518
                      31:-0.473
                      32: 0.057
                      37:-0.687
                      38: 0.104
                      39:-0.081

             ENERGY    K= OMEGA
 
 I= 11/2- (1)  2.847  28:-0.645
                      30:-0.565
                      34:-0.421
                      35:-0.267
                      36:-0.056
                      40:-0.117
 
 I= 11/2- (2)  2.982  26:-0.128
                      27:-0.253
                      32: 0.346
                      33:-0.894
 
 I= 11/2- (3)  3.916  26:-0.303
                      27: 0.133
                      32: 0.875
                      33: 0.345
                      38: 0.059
 
 I= 11/2- (4)  5.265  29: 0.520
                      31:-0.619
                      37: 0.352
                      38:-0.466
 
 I= 11/2- (5)  5.733  28:-0.494
                      30:-0.130
                      34: 0.415
                      35: 0.623
                      40: 0.422

             ENERGY    K= OMEGA
 
 I= 13/2- (1)  4.300  26:-0.175
                      27: 0.295
                      32:-0.407
                      33:-0.846
 
 I= 13/2- (2)  4.376  28:-0.168
                      30: 0.445
                      34:-0.611
                      35: 0.552
                      40:-0.309
 
 I= 13/2- (3)  5.351  26: 0.332
                      27: 0.172
                      31: 0.071
                      32: 0.827
                      33:-0.407
                      38:-0.076
 
 I= 13/2- (4)  6.483  29:-0.450
                      31:-0.655
                      32: 0.076
                      37: 0.285
                      38: 0.446
                      39:-0.280
 
 I= 13/2- (5)  7.977  26: 0.112
                      27:-0.072
                      29:-0.439
                      31: 0.482
                      32:-0.098
                      37: 0.715
                      38:-0.080
                      39: 0.173

             ENERGY     K= 9/2
  32 LEVELS    TIME=  0.0 SEC



 ******************* EXCITATION ENERGIES, DOMINANT CONFIGURATION AND EXPECTATION VALUES (WITH S.P. UU+VV FACTORS) *******************

  NR  Eex(keV)  I   Kdom  NY    <Jz>  <Jx**2> <Jy**2> <Jz**2> <I.j>/|I|  <Rx**2> <Ry**2> <Rz**2> <R.j>/|R|  <HROTx> <HROTy> <HROTz>

   1    0.0   7/2-  -7/2  32   -3.28    2.31    2.31   12.03    3.33       2.97    2.97   -0.00   -1.40      0.362   0.362  -0.000
   2  139.4   9/2-   9/2  33    3.70    2.53    2.53   19.38    4.25       3.43    3.43    0.00   -1.25      0.418   0.418   0.000
   3  672.8   3/2-  -3/2  31   -1.17    4.76    4.76    1.92    1.31       5.07    5.07   -0.00   -2.80      0.618   0.618  -0.000
   4  792.9   1/2-   1/2  29    0.50    4.76    4.76    0.25    0.18       5.10    5.10    0.00   -3.01      0.622   0.622   0.000
   5  940.0   3/2-   1/2  29   -0.18    3.84    3.84    0.93    0.93       4.39    4.39   -0.00   -2.30      0.535   0.535  -0.000
  
   6  970.0   9/2-  -7/2  32   -2.58    2.40    2.40   12.32    2.88       6.60    6.60   -0.00   -0.77      0.805   0.805  -0.000
   7  997.1   5/2-  -3/2  31   -0.55    4.30    4.30    2.41    1.65       5.00    5.00    0.00   -1.94      0.610   0.610   0.000
   8 1103.0  11/2-   1/2  28   -0.01   24.15   24.15    3.08    6.41       5.25    5.25    0.00   -4.03      0.640   0.640   0.000
   9 1237.8  11/2-   9/2  33    3.00    2.74    2.74   18.55    3.72       7.66    7.66    0.00   -0.46      0.933   0.933   0.000
  10 1604.0   5/2-  -3/2  37   -0.65    3.30    3.30    1.45    0.72       6.27    6.27   -0.00   -1.67      0.764   0.764  -0.000
  
  11 1609.7   7/2-  -3/2  31   -0.24    4.12    4.12    2.53    1.56       7.09    7.09   -0.00   -1.22      0.864   0.864  -0.000
  12 1832.5   7/2-   1/2  28   -0.01   23.81   23.81    2.04    6.13       8.38    8.38   -0.00   -6.19      1.021   1.021  -0.000
  13 1882.0   5/2-   5/2  38    1.61    2.30    2.30    4.66    1.58       4.32    4.32    0.00   -1.56      0.527   0.527   0.000
  14 2141.7   1/2-   1/2  39    0.50    1.58    1.58    0.25    0.70       1.47    1.47    0.00   -1.63      0.179   0.179   0.000
  15 2154.4   7/2-   1/2  29   -0.38    3.46    3.46    1.55    0.86       8.69    8.69   -0.00   -1.21      1.059   1.059  -0.000
  
  16 2171.6  11/2-  -7/2  32   -1.97    2.49    2.49   12.60    2.58      11.22   11.22   -0.00   -0.45      1.368   1.368  -0.000
  17 2383.6   9/2-  -3/2  31   -0.23    3.99    3.99    2.57    1.58       9.78    9.78    0.00   -0.61      1.193   1.193   0.000
  18 2524.8   5/2-  -3/2  37   -0.28    3.06    3.06    2.43    0.05       8.49    8.49   -0.00   -2.04      1.035   1.035  -0.000
  19 2555.4  13/2-   9/2  33    2.42    2.93    2.93   17.80    3.35      12.79   12.79    0.00   -0.05      1.560   1.560   0.000
  20 2631.2  13/2-   5/2  34    0.01   23.96   23.96    8.45    6.00      10.66   10.66    0.00   -3.13      1.300   1.300   0.000
  
  21 2639.5   7/2-  -7/2  27   -1.91    5.10    5.10    9.53    2.54       7.67    7.67    0.00   -2.47      0.935   0.935   0.000
  22 2650.5   9/2-   5/2  34    0.02   24.20   24.20    7.20    5.76      11.52   11.52    0.00   -5.61      1.405   1.405   0.000
  23 3039.3   5/2-   1/2  39    0.51    1.90    1.90    0.57    0.22       5.91    5.91    0.00   -1.08      0.721   0.721   0.000
  24 3429.0   9/2-  -3/2  37   -0.87    3.03    3.03    1.87    0.61      13.29   13.29   -0.00   -0.95      1.620   1.620  -0.000
  25 3520.4  11/2-  -3/2  31   -0.09    3.91    3.91    2.64    1.45      14.43   14.43    0.00   -0.33      1.760   1.760   0.000
  
  26 3607.0  13/2-  -7/2  32   -1.47    2.58    2.58   12.82    2.37      16.83   16.83    0.00   -0.25      2.052   2.052   0.000
  27 3988.8  11/2-  -7/2  35   -0.03   23.04   23.04    9.53    5.27      14.15   14.15    0.00   -4.53      1.726   1.726   0.000
  28 4059.2   1/2-   1/2  36    0.50   12.33   12.33    0.25   -1.41      14.06   14.06    0.00   -4.93      1.714   1.714   0.000
  29 4739.1  13/2-  -3/2  31   -0.14    3.85    3.85    2.59    1.49      19.09   19.09    0.00    0.02      2.327   2.327   0.000
  30 6233.0  13/2-  -3/2  37   -1.01    2.80    2.80    2.03    0.54      24.39   24.39   -0.00   -0.55      2.974   2.974  -0.000
  
  31 7009.2   1/2-   1/2  28    0.50   24.38   24.38    0.25   -3.54      27.95   27.95    0.00   -6.97      3.408   3.408   0.000
  32*******   1/2-  -3/2  31    0.00    0.00    0.00    0.00   -0.00       0.00    0.00    0.00   -0.00      0.000   0.000   0.000
