1SPECTRUM OF (Z= 82 A=207) IN PARTICLE-ROTOR  MODEL WITH MODIFIED OSCILLATOR POTENTIAL


 PARITY=-   EPS= 0.356   GAMMA=  0.0   EPS4=0.000   EPS6=0.000   LEVELS:  24  25  26  27  28  29  30  31  32  33  34  35  36  37  38

 PAIRING FACTORS: GN0= 19.20  GN1=  7.40  IPAIR= 15 ***  E2PLUS(INPUT)=   0.730  E2PLUR(INPUT)=   0.000

 CORIOLIS ATTENUATION PARAMETERS:  CHSI=1.000  ETA=  1.00

 MOMENT OF INERTIA PARAMETERS:   A1=  0.122 MEV   A2=  0.122 MEV   A3=121.91925 MEV


 DELTA=0.890 MEV  LAMBDA=53.3928 MEV   HW0= 7.5271 MEV   LAMBDA/HW0= 7.0935

 E2ENERGY=0.730 MEV  HBAR**2/B=23499./A**(7/3)=3972.5/A**2 MEV

 IREC=0  =>  RECOIL TERMS j+j-, j+j+, jzjz, ETC TREATED AS ONE-BODY OPERATORS WITH UU+VV PAIRING FACTORS



 S. P. LEVEL   EQP       U     V        (UU + VV)**1.00

     24       4.366    0.103 0.995      1.000 1.000 0.999 0.997 0.995 0.973 0.952 0.930 0.768 0.673 0.552 0.317 0.307 0.261 0.246
     25       4.245    0.105 0.994      1.000 1.000 0.999 0.997 0.995 0.973 0.953 0.931 0.770 0.675 0.555 0.320 0.310 0.264 0.249
     26       3.024    0.149 0.989      0.999 0.999 1.000 0.999 0.998 0.983 0.966 0.946 0.797 0.706 0.590 0.361 0.351 0.306 0.291
     27       2.465    0.184 0.983      0.997 0.997 0.999 1.000 1.000 0.989 0.974 0.957 0.818 0.731 0.619 0.394 0.384 0.339 0.325
     28       2.224    0.205 0.979      0.995 0.995 0.998 1.000 1.000 0.991 0.979 0.963 0.830 0.745 0.635 0.414 0.404 0.359 0.345
     29       1.428    0.330 0.944      0.973 0.973 0.983 0.989 0.991 1.000 0.997 0.990 0.895 0.826 0.730 0.529 0.519 0.477 0.464
     30       1.212    0.401 0.916      0.952 0.953 0.966 0.974 0.979 0.997 1.000 0.998 0.927 0.866 0.780 0.592 0.583 0.543 0.530
     31       1.088    0.461 0.887      0.930 0.931 0.946 0.957 0.963 0.990 0.998 1.000 0.950 0.898 0.820 0.644 0.636 0.598 0.585
     32       0.891    0.716 0.698      0.768 0.770 0.797 0.818 0.830 0.895 0.927 0.950 1.000 0.991 0.958 0.851 0.846 0.819 0.810
     33       0.932    0.805 0.593      0.673 0.675 0.706 0.731 0.745 0.826 0.866 0.898 0.991 1.000 0.988 0.915 0.911 0.890 0.883
     34       1.084    0.886 0.464      0.552 0.555 0.590 0.619 0.635 0.730 0.780 0.820 0.958 0.988 1.000 0.966 0.963 0.949 0.944
     35       2.087    0.976 0.219      0.317 0.320 0.361 0.394 0.414 0.529 0.592 0.644 0.851 0.915 0.966 1.000 1.000 0.998 0.997
     36       2.189    0.978 0.208      0.307 0.310 0.351 0.384 0.404 0.519 0.583 0.636 0.846 0.911 0.963 1.000 1.000 0.999 0.998
     37       2.811    0.987 0.160      0.261 0.264 0.306 0.339 0.359 0.477 0.543 0.598 0.819 0.890 0.949 0.998 0.999 1.000 1.000
     38       3.094    0.989 0.145      0.246 0.249 0.291 0.325 0.345 0.464 0.530 0.585 0.810 0.883 0.944 0.997 0.998 1.000 1.000

  R CORE   ENERGY   A0R/A00=1.000    R3= 0     2  
   2( 1)    0.732                    1.000 0.000
   2( 2)  487.921                    0.000 1.000

  R CORE   ENERGY   A0R/A00=1.000    R3= 0     2  
   3( 1)  488.652                    0.000 1.000

  R CORE   ENERGY   A0R/A00=1.000    R3= 0     2     4  
   4( 1)    2.438                    1.000 0.000 0.000

  R CORE   ENERGY   A0R/A00=1.000    R3= 0     2     4  
   5( 1)  490.847                    0.000 1.000 0.000

  R CORE   ENERGY   A0R/A00=1.000    R3= 0     2     4     6  
   6( 1)    5.121                    1.000 0.000 0.000 0.000

  R CORE   ENERGY   A0R/A00=1.000    R3= 0     2     4     6  
   7( 1)  494.017                    0.000 1.000 0.000 0.000

          AXIAL SYMMETRY => K RESTRICTED TO OMEGA

                     K
     S.P. ORB#: 24 -5.50
     S.P. ORB#: 25  0.50
     S.P. ORB#: 26  2.50
     S.P. ORB#: 27 -3.50
     S.P. ORB#: 28  0.50
     S.P. ORB#: 29 -1.50
     S.P. ORB#: 30  0.50
     S.P. ORB#: 31 -1.50
     S.P. ORB#: 32 -3.50
     S.P. ORB#: 33  2.50
     S.P. ORB#: 34  4.50
     S.P. ORB#: 35  0.50
     S.P. ORB#: 36 -3.50
     S.P. ORB#: 37 -1.50
     S.P. ORB#: 38  2.50
 

             ENERGY    K= OMEGA
 
 I=  1/2- (1)  2.475  30: 0.999
 
 I=  1/2- (2)  5.472  28:-0.304
                      35: 0.953
 
 I=  1/2- (3)  5.861  25: 0.999
 
 I=  1/2- (4)  8.854  28: 0.953
                      35: 0.304
 
 I=  1/2- (5)147.391  31:-1.000

             ENERGY    K= OMEGA
 
 I=  3/2- (1)  2.353  25: 0.079
                      30:-0.262
                      31: 0.962
 
 I=  3/2- (2)  2.534  25:-0.203
                      30:-0.910
                      31:-0.224
                      37:-0.285

             ENERGY    K= OMEGA
 
 I=  5/2- (1)  2.501  25:-0.261
                      30: 0.461
                      31: 0.805
                      37:-0.106
                      38:-0.242
 
 I=  5/2- (2)  3.374  26: 0.061
                      30:-0.729
                      31: 0.452
                      37: 0.487
                      38:-0.147
 
 I=  5/2- (3)  3.797  25:-0.108
                      26: 0.058
                      30: 0.216
                      31: 0.153
                      37: 0.441
                      38: 0.849
 
 I=  5/2- (4)  4.420  26:-0.131
                      30:-0.410
                      31: 0.285
                      37:-0.731
                      38: 0.445
 
 I=  5/2- (5)  4.819  26: 0.987
                      37:-0.150

             ENERGY    K= OMEGA
 
 I=  7/2- (1)  1.723  26:-0.178
                      32: 0.982
 
 I=  7/2- (2)  3.331  25: 0.143
                      30:-0.258
                      31: 0.860
                      37:-0.121
                      38: 0.396
 
 I=  7/2- (3)  3.497  25:-0.308
                      30:-0.843
                      31:-0.243
                      37:-0.364
 
 I=  7/2- (4)  3.754  28: 0.679
                      29: 0.586
                      33: 0.405
                      36: 0.179
 
 I=  7/2- (5)  4.326  26: 0.206
                      27: 0.944
                      30: 0.089
                      31:-0.101
                      37:-0.096
                      38: 0.196

             ENERGY    K= OMEGA
 
 I=  9/2- (1)  1.999  26: 0.082
                      27:-0.173
                      32: 0.293
                      34: 0.937
 
 I=  9/2- (2)  2.725  26: 0.242
                      27: 0.093
                      31: 0.051
                      32: 0.917
                      34:-0.292
                      38:-0.050
 
 I=  9/2- (3)  3.569  25:-0.374
                      30: 0.498
                      31: 0.709
                      32:-0.066
                      37:-0.169
                      38:-0.275
 
 I=  9/2- (4)  4.667  28:-0.216
                      29: 0.553
                      33:-0.678
                      36: 0.434
 
 I=  9/2- (5)  5.227  26: 0.098
                      30:-0.624
                      31: 0.490
                      32:-0.056
                      37: 0.550
                      38:-0.232

             ENERGY    K= OMEGA
 
 I= 11/2- (1)  3.113  26:-0.136
                      27:-0.235
                      32: 0.390
                      34:-0.879
 
 I= 11/2- (2)  3.140  28:-0.657
                      29:-0.581
                      33:-0.424
                      35:-0.062
                      36:-0.220
 
 I= 11/2- (3)  3.958  26:-0.282
                      27: 0.138
                      31: 0.066
                      32: 0.860
                      34: 0.389
                      38: 0.066
 
 I= 11/2- (4)  5.239  25: 0.268
                      31: 0.844
                      32:-0.093
                      37:-0.087
                      38: 0.443
 
 I= 11/2- (5)  5.357  25:-0.316
                      30:-0.846
                      37:-0.412
                      38: 0.109

             ENERGY    K= OMEGA
 
 I= 13/2- (1)  4.450  26: 0.182
                      27:-0.275
                      32: 0.449
                      34: 0.830
 
 I= 13/2- (2)  5.136  28: 0.215
                      29:-0.549
                      33: 0.672
                      36:-0.448
 
 I= 13/2- (3)  5.378  25: 0.232
                      26:-0.266
                      27:-0.160
                      30:-0.251
                      31:-0.373
                      32:-0.677
                      34: 0.386
                      37: 0.072
                      38: 0.187
 
 I= 13/2- (4)  5.567  25: 0.379
                      26: 0.158
                      27: 0.079
                      30:-0.440
                      31:-0.550
                      32: 0.455
                      34:-0.233
                      37: 0.169
                      38: 0.198
 
 I= 13/2- (5)  7.296  24: 0.999

             ENERGY     K= 5/2
  32 LEVELS    TIME=  0.0 SEC



 ******************* EXCITATION ENERGIES, DOMINANT CONFIGURATION AND EXPECTATION VALUES (WITH S.P. UU+VV FACTORS) *******************

  NR  Eex(keV)  I   Kdom  NY    <Jz>  <Jx**2> <Jy**2> <Jz**2> <I.j>/|I|  <Rx**2> <Ry**2> <Rz**2> <R.j>/|R|  <HROTx> <HROTy> <HROTz>

   1    0.0   7/2-  -7/2  32   -3.30    2.31    2.31   12.05    3.30       3.11    3.11    0.00   -1.43      0.379   0.379   0.000
   2  276.3   9/2-   9/2  34    3.56    2.51    2.51   19.23    4.20       3.60    3.60    0.00   -1.25      0.438   0.438   0.000
   3  630.2   3/2-  -3/2  31   -1.35    4.84    4.84    2.10    1.39       5.07    5.07    0.00   -2.85      0.618   0.618   0.000
   4  752.0   1/2-   1/2  30    0.50    4.87    4.87    0.25    0.26       5.15    5.15    0.00   -3.05      0.628   0.628   0.000
   5  778.1   5/2-  -3/2  31   -0.70    4.96    4.96    1.92    2.05       4.23    4.23    0.00   -1.99      0.516   0.516   0.000
  
   6  811.9   3/2-   1/2  30    0.24    4.38    4.38    0.51    1.09       4.41    4.41    0.00   -2.41      0.537   0.537   0.000
   7 1002.0   9/2-  -7/2  32   -2.44    2.39    2.39   12.53    2.85       6.85    6.85    0.00   -0.85      0.836   0.836   0.000
   8 1390.9  11/2-   9/2  34    2.80    2.71    2.71   18.34    3.64       7.97    7.97    0.00   -0.49      0.972   0.972   0.000
   9 1417.0  11/2-   1/2  28   -0.01   23.75   23.75    2.58    6.21       5.82    5.82    0.00   -3.81      0.709   0.709   0.000
  10 1608.6   7/2-  -3/2  31   -0.70    4.47    4.47    2.73    1.56       7.50    7.50    0.00   -1.41      0.914   0.914   0.000
  
  11 1651.6   5/2-   1/2  30   -0.33    3.92    3.92    1.28    0.59       7.20    7.20    0.00   -1.94      0.877   0.877   0.000
  12 1774.2   7/2-   1/2  30    0.12    4.22    4.22    0.65    1.28       7.34    7.34    0.00   -1.05      0.894   0.894   0.000
  13 1846.7   9/2-  -3/2  31   -0.43    5.09    5.09    1.83    2.20       7.42    7.42    0.00   -0.27      0.905   0.905   0.000
  14 2031.7   7/2-   1/2  28    0.01   23.42   23.42    2.30    6.09       8.27    8.27    0.00   -6.14      1.008   1.008   0.000
  15 2074.9   5/2-   5/2  38    1.51    2.06    2.06    5.03    1.80       3.61    3.61   -0.00   -1.42      0.440   0.440  -0.000
  
  16 2235.0  11/2-  -7/2  32   -1.78    2.48    2.48   12.91    2.55      11.58   11.58    0.00   -0.55      1.412   1.412   0.000
  17 2603.9   7/2-  -7/2  27   -2.94    5.96    5.96   11.47    3.04       7.52    7.52    0.00   -2.92      0.917   0.917   0.001
  18 2697.1   5/2-  -3/2  37   -0.30    2.80    2.80    2.77    0.18       8.02    8.02   -0.00   -1.96      0.978   0.978  -0.000
  19 2727.9  13/2-   9/2  34    2.20    2.88    2.88   17.57    3.26      13.26   13.26    0.00   -0.11      1.616   1.616   0.000
  20 2944.4   9/2-   5/2  33    0.05   24.20   24.20    5.88    5.23      13.48   13.48    0.00   -5.44      1.643   1.643   0.000
  
  21 3096.9   5/2-   5/2  26    2.41    5.94    5.94    6.15    2.03       7.39    7.39    0.00   -3.13      0.901   0.901   0.000
  22 3413.5  13/2-   5/2  33   -0.00   24.19   24.19    5.97    5.19      15.35   15.35   -0.00   -3.28      1.871   1.871  -0.000
  23 3504.1   9/2-   1/2  30   -0.47    3.56    3.56    1.76    0.55      14.10   14.10    0.00   -1.16      1.719   1.719   0.000
  24 3516.4  11/2-  -3/2  31   -0.58    4.40    4.40    3.00    1.56      14.43   14.43    0.00   -0.46      1.759   1.759   0.000
  25 3634.9  11/2-   1/2  30    0.18    4.13    4.13    0.68    1.30      14.55   14.55   -0.00   -0.21      1.774   1.774  -0.000
  
  26 3655.7  13/2-  -7/2  32   -0.92    3.31    3.31    9.97    2.36      16.20   16.20    0.00   -0.02      1.975   1.975   0.000
  27 3749.7   1/2-   1/2  35    0.50   12.28   12.28    0.25   -1.21      13.83   13.83   -0.00   -4.92      1.686   1.686  -0.000
  28 3844.3  13/2-  -3/2  31   -0.67    4.49    4.49    4.95    2.22      15.82   15.82    0.00    0.28      1.929   1.929   0.000
  29 4138.6   1/2-   1/2  25    0.50    6.72    6.72    0.25    0.66       6.65    6.65    0.00   -3.60      0.811   0.811   0.000
  30 5573.3  13/2- -11/2  24   -5.49    2.75    2.75   30.21    4.32      12.04   12.04    0.00   -1.13      1.468   1.468   0.000
  
  31 7131.7   1/2-   1/2  28    0.50   23.71   23.71    0.25   -3.50      27.25   27.25   -0.00   -6.87      3.322   3.322  -0.000
  32*******   1/2-  -3/2  31    0.00    0.00    0.00    0.00   -0.00       0.00    0.00   -0.00   -0.00      0.000   0.000  -0.000
