1SPECTRUM OF (Z= 82 A=207) IN PARTICLE-ROTOR  MODEL WITH MODIFIED OSCILLATOR POTENTIAL


 PARITY=-   EPS= 0.297   GAMMA=  0.0   EPS4=0.000   EPS6=0.000   LEVELS:  25  26  27  28  29  30  31  32  33  34  35  36  37  38  39

 PAIRING FACTORS: GN0= 19.20  GN1=  7.40  IPAIR= 15 ***  E2PLUS(INPUT)=   0.730  E2PLUR(INPUT)=   0.000

 CORIOLIS ATTENUATION PARAMETERS:  CHSI=1.000  ETA=  1.00

 MOMENT OF INERTIA PARAMETERS:   A1=  0.122 MEV   A2=  0.122 MEV   A3=121.91923 MEV


 DELTA=0.950 MEV  LAMBDA=53.2892 MEV   HW0= 7.4900 MEV   LAMBDA/HW0= 7.1147

 E2ENERGY=0.730 MEV  HBAR**2/B=16356./A**(7/3)=2764.9/A**2 MEV

 IREC=0  =>  RECOIL TERMS j+j-, j+j+, jzjz, ETC TREATED AS ONE-BODY OPERATORS WITH UU+VV PAIRING FACTORS



 S. P. LEVEL   EQP       U     V        (UU + VV)**1.00

     25       4.120    0.116 0.993      1.000 1.000 0.999 0.975 0.964 0.954 0.936 0.860 0.792 0.469 0.351 0.323 0.301 0.277 0.258
     26       3.416    0.140 0.990      1.000 1.000 1.000 0.980 0.970 0.961 0.944 0.872 0.807 0.491 0.374 0.346 0.324 0.300 0.282
     27       2.863    0.168 0.986      0.999 1.000 1.000 0.985 0.977 0.969 0.953 0.886 0.823 0.515 0.400 0.372 0.351 0.327 0.309
     28       1.509    0.334 0.943      0.975 0.980 0.985 1.000 0.999 0.997 0.991 0.952 0.908 0.654 0.550 0.525 0.506 0.483 0.467
     29       1.363    0.376 0.927      0.964 0.970 0.977 0.999 1.000 0.999 0.996 0.965 0.926 0.687 0.587 0.563 0.544 0.522 0.506
     30       1.275    0.408 0.913      0.954 0.961 0.969 0.997 0.999 1.000 0.998 0.973 0.939 0.712 0.615 0.591 0.573 0.551 0.536
     31       1.165    0.459 0.888      0.936 0.944 0.953 0.991 0.996 0.998 1.000 0.985 0.957 0.750 0.659 0.636 0.618 0.598 0.582
     32       0.985    0.607 0.795      0.860 0.872 0.886 0.952 0.965 0.973 0.985 1.000 0.993 0.854 0.780 0.761 0.746 0.729 0.715
     33       0.951    0.698 0.716      0.792 0.807 0.823 0.908 0.926 0.939 0.957 0.993 1.000 0.910 0.849 0.833 0.820 0.805 0.794
     34       1.404    0.932 0.363      0.469 0.491 0.515 0.654 0.687 0.712 0.750 0.854 0.910 1.000 0.992 0.987 0.983 0.978 0.974
     35       2.042    0.971 0.240      0.351 0.374 0.400 0.550 0.587 0.615 0.659 0.780 0.849 0.992 1.000 1.000 0.999 0.997 0.995
     36       2.308    0.978 0.211      0.323 0.346 0.372 0.525 0.563 0.591 0.636 0.761 0.833 0.987 1.000 1.000 1.000 0.999 0.998
     37       2.571    0.982 0.188      0.301 0.324 0.351 0.506 0.544 0.573 0.618 0.746 0.820 0.983 0.999 1.000 1.000 1.000 0.999
     38       2.952    0.987 0.163      0.277 0.300 0.327 0.483 0.522 0.551 0.598 0.729 0.805 0.978 0.997 0.999 1.000 1.000 1.000
     39       3.327    0.990 0.144      0.258 0.282 0.309 0.467 0.506 0.536 0.582 0.715 0.794 0.974 0.995 0.998 0.999 1.000 1.000

  R CORE   ENERGY   A0R/A00=1.000    R3= 0     2  
   2( 1)    0.732                    1.000 0.000
   2( 2)  487.921                    0.000 1.000

  R CORE   ENERGY   A0R/A00=1.000    R3= 0     2  
   3( 1)  488.652                    0.000 1.000

  R CORE   ENERGY   A0R/A00=1.000    R3= 0     2     4  
   4( 1)    2.438                    1.000 0.000 0.000

  R CORE   ENERGY   A0R/A00=1.000    R3= 0     2     4  
   5( 1)  490.847                    0.000 1.000 0.000

  R CORE   ENERGY   A0R/A00=1.000    R3= 0     2     4     6  
   6( 1)    5.121                    1.000 0.000 0.000 0.000

  R CORE   ENERGY   A0R/A00=1.000    R3= 0     2     4     6  
   7( 1)  494.017                    0.000 1.000 0.000 0.000

          AXIAL SYMMETRY => K RESTRICTED TO OMEGA

                     K
     S.P. ORB#: 25  0.50
     S.P. ORB#: 26  2.50
     S.P. ORB#: 27 -3.50
     S.P. ORB#: 28  0.50
     S.P. ORB#: 29 -1.50
     S.P. ORB#: 30 -3.50
     S.P. ORB#: 31  0.50
     S.P. ORB#: 32  4.50
     S.P. ORB#: 33 -1.50
     S.P. ORB#: 34  2.50
     S.P. ORB#: 35 -1.50
     S.P. ORB#: 36  2.50
     S.P. ORB#: 37 -3.50
     S.P. ORB#: 38  0.50
     S.P. ORB#: 39  0.50
 

             ENERGY    K= OMEGA
 
 I=  1/2- (1)  2.700  28:-0.997
                      38:-0.070
 
 I=  1/2- (2)  3.276  25:-0.068
                      28: 0.067
                      38:-0.995
 
 I=  1/2- (3)  5.619  25: 0.997
                      38:-0.065
 
 I=  1/2- (4)  6.292  31:-0.580
                      39: 0.815
 
 I=  1/2- (5)  9.032  31:-0.815
                      39:-0.580

             ENERGY    K= OMEGA
 
 I=  3/2- (1)  2.419  25:-0.152
                      28:-0.465
                      29:-0.423
                      35:-0.751
                      38: 0.131
 
 I=  3/2- (2)  2.568  28:-0.435
                      29: 0.870
                      35:-0.230

             ENERGY    K= OMEGA
 
 I=  5/2- (1)  2.476  25:-0.223
                      28: 0.404
                      29: 0.656
                      35:-0.260
                      36:-0.517
                      38: 0.148
 
 I=  5/2- (2)  3.044  25:-0.112
                      26: 0.057
                      28:-0.085
                      29: 0.504
                      35: 0.790
                      36: 0.270
                      38: 0.158
 
 I=  5/2- (3)  3.167  25: 0.139
                      28:-0.515
                      29:-0.093
                      35: 0.310
                      36:-0.771
                      38:-0.124
 
 I=  5/2- (4)  4.054  25: 0.097
                      28: 0.375
                      29:-0.429
                      35: 0.247
                      36:-0.203
                      38: 0.751
 
 I=  5/2- (5)  4.190  25:-0.145
                      28: 0.613
                      29:-0.260
                      35: 0.383
                      36:-0.153
                      38:-0.604

             ENERGY    K= OMEGA
 
 I=  7/2- (1)  2.045  26: 0.210
                      27:-0.060
                      30:-0.975
 
 I=  7/2- (2)  3.210  25: 0.053
                      28:-0.309
                      29: 0.566
                      35:-0.383
                      36: 0.657
 
 I=  7/2- (3)  3.257  31: 0.737
                      33: 0.571
                      34: 0.335
                      37: 0.133
 
 I=  7/2- (4)  3.376  25:-0.305
                      28:-0.603
                      29:-0.465
                      35:-0.509
                      36:-0.150
                      38: 0.205
 
 I=  7/2- (5)  4.238  26:-0.079
                      27:-0.161
                      28:-0.523
                      29: 0.559
                      35: 0.270
                      36:-0.556

             ENERGY    K= OMEGA
 
 I=  9/2- (1)  1.823  26:-0.065
                      27: 0.220
                      30:-0.190
                      32:-0.955
 
 I=  9/2- (2)  2.964  26:-0.287
                      27:-0.092
                      29:-0.060
                      30:-0.931
                      32: 0.184
                      36: 0.057
 
 I=  9/2- (3)  3.466  25:-0.348
                      28: 0.472
                      29: 0.642
                      30:-0.072
                      35:-0.245
                      36:-0.377
                      38: 0.189
 
 I=  9/2- (4)  4.482  31:-0.239
                      33: 0.602
                      34:-0.649
                      37: 0.399
 
 I=  9/2- (5)  4.806  25: 0.171
                      26:-0.089
                      27: 0.092
                      29:-0.378
                      35:-0.738
                      36:-0.450
                      38:-0.250

             ENERGY    K= OMEGA
 
 I= 11/2- (1)  2.491  31:-0.689
                      33:-0.578
                      34:-0.390
                      37:-0.193
 
 I= 11/2- (2)  2.861  26: 0.111
                      27: 0.296
                      30:-0.265
                      32: 0.911
 
 I= 11/2- (3)  4.113  26: 0.338
                      27:-0.126
                      29:-0.065
                      30:-0.890
                      32:-0.259
                      36:-0.066
 
 I= 11/2- (4)  5.097  25: 0.118
                      28:-0.258
                      29: 0.631
                      30:-0.056
                      35:-0.353
                      36: 0.622
 
 I= 11/2- (5)  5.186  25:-0.374
                      28:-0.664
                      29:-0.381
                      30: 0.081
                      35:-0.464
                      36:-0.060
                      38: 0.220

             ENERGY    K= OMEGA
 
 I= 13/2- (1)  4.118  26:-0.151
                      27: 0.345
                      30:-0.315
                      32:-0.871
 
 I= 13/2- (2)  4.711  31:-0.225
                      33: 0.581
                      34:-0.656
                      37: 0.426
 
 I= 13/2- (3)  5.325  25:-0.400
                      26: 0.122
                      27: 0.062
                      28: 0.459
                      29: 0.599
                      30: 0.272
                      32:-0.084
                      35:-0.191
                      36:-0.312
                      38: 0.192
 
 I= 13/2- (4)  5.523  25:-0.139
                      26:-0.353
                      27:-0.144
                      28: 0.179
                      29: 0.177
                      30:-0.812
                      32: 0.302
                      35:-0.120
                      36:-0.059
                      38: 0.065
 
 I= 13/2- (5)  7.512  25: 0.189
                      26:-0.088
                      27: 0.094
                      29:-0.271
                      30: 0.063
                      32: 0.055
                      35:-0.702
                      36:-0.536
                      38:-0.294

             ENERGY     K= 1/2
  32 LEVELS    TIME=  0.0 SEC



 ******************* EXCITATION ENERGIES, DOMINANT CONFIGURATION AND EXPECTATION VALUES (WITH S.P. UU+VV FACTORS) *******************

  NR  Eex(keV)  I   Kdom  NY    <Jz>  <Jx**2> <Jy**2> <Jz**2> <I.j>/|I|  <Rx**2> <Ry**2> <Rz**2> <R.j>/|R|  <HROTx> <HROTy> <HROTz>

   1    0.0   9/2-   9/2  32    3.82    2.57    2.57   19.51    4.37       2.98    2.98    0.00   -1.20      0.363   0.363   0.000
   2  222.0   7/2-  -7/2  30   -3.23    2.31    2.31   11.97    3.38       2.74    2.74   -0.00   -1.35      0.334   0.334  -0.000
   3  595.8   3/2-  -3/2  35   -0.99    2.56    2.56    1.74    1.58       2.26    2.26    0.00   -1.79      0.275   0.275   0.000
   4  652.5   5/2-  -3/2  29    0.04    3.98    3.98    2.85    2.45       2.54    2.54    0.00   -1.59      0.309   0.309   0.000
   5  668.0  11/2-   1/2  31   -0.01   25.44   25.44    2.28    6.54       5.35    5.35    0.00   -4.30      0.652   0.652   0.000
  
   6  745.0   3/2-  -3/2  29   -1.12    4.61    4.61    1.87    1.42       4.67    4.67    0.00   -2.73      0.569   0.569   0.000
   7  876.8   1/2-   1/2  28    0.50    4.65    4.65    0.25    0.35       4.84    4.84    0.00   -2.97      0.590   0.590   0.000
   8 1038.0  11/2-   9/2  32    3.21    2.82    2.82   18.81    3.89       6.81    6.81    0.00   -0.31      0.830   0.830   0.000
   9 1141.1   9/2-  -7/2  30   -2.70    2.44    2.44   11.95    2.94       6.16    6.16   -0.00   -0.63      0.751   0.751  -0.000
  10 1220.6   5/2-  -3/2  35   -1.11    2.19    2.19    2.46    1.10       4.53    4.53    0.00   -1.19      0.553   0.553   0.000
  
  11 1343.7   5/2-   5/2  36    1.48    2.78    2.78    4.03    1.63       4.35    4.35    0.00   -1.62      0.530   0.530   0.000
  12 1386.6   7/2-   5/2  36    0.42    3.15    3.15    3.81    1.90       5.39    5.39    0.00   -0.78      0.657   0.657   0.000
  13 1434.0   7/2-   1/2  31    0.00   24.85   24.85    1.79    6.29       8.64    8.64    0.00   -6.38      1.054   1.054   0.000
  14 1452.8   1/2-   1/2  38    0.50    1.45    1.45    0.25    0.72       1.33    1.33    0.00   -1.55      0.162   0.162   0.000
  15 1552.4   7/2-   1/2  28   -0.41    3.33    3.33    1.36    1.51       5.89    5.89    0.00   -0.59      0.718   0.718   0.000
  
  16 1642.8   9/2-  -3/2  29   -0.18    4.58    4.58    2.13    2.38       6.17    6.17    0.00    0.16      0.752   0.752   0.000
  17 2230.6   5/2-   1/2  38    0.09    2.65    2.65    0.99    0.23       6.84    6.84    0.00   -1.52      0.834   0.834   0.000
  18 2289.8  11/2-  -7/2  30   -2.24    2.54    2.54   12.01    2.65      10.58   10.58    0.00   -0.27      1.290   1.290   0.000
  19 2295.2  13/2-   9/2  32    2.71    3.03    3.03   18.17    3.57      11.59   11.59    0.00    0.14      1.412   1.412   0.000
  20 2367.1   5/2-   1/2  28    0.12    2.97    2.97    0.82   -0.17       8.25    8.25    0.00   -1.79      1.006   1.006   0.000
  
  21 2414.9   7/2-  -3/2  29    0.26    3.39    3.39    3.22    0.72      10.01   10.01    0.00   -1.60      1.221   1.221   0.000
  22 2658.8   9/2-   5/2  34   -0.02   25.26   25.26    5.42    5.58      12.59   12.59    0.00   -5.62      1.535   1.535   0.000
  23 2888.0  13/2-   5/2  34   -0.04   25.23   25.23    5.68    5.60      13.37   13.37    0.00   -3.30      1.630   1.630   0.000
  24 2982.3   9/2-  -3/2  35   -0.49    2.13    2.13    3.02    1.02      10.96   10.96    0.00   -0.48      1.337   1.337   0.000
  25 3273.5  11/2-  -3/2  29    0.22    3.38    3.38    3.72    1.65      13.24   13.24    0.00   -0.12      1.614   1.614   0.000
  
  26 3362.4  11/2-   1/2  28   -0.24    3.53    3.53    1.08    1.51      12.90   12.90    0.00    0.18      1.573   1.573   0.000
  27 3501.5  13/2-  -3/2  29   -0.35    4.66    4.66    2.79    2.43      13.48   13.48   -0.00    0.93      1.643   1.643  -0.000
  28 3699.5  13/2-  -7/2  30   -1.69    2.87    2.87   11.09    2.41      15.94   15.94   -0.00    0.00      1.944   1.944  -0.000
  29 3795.9   1/2-   1/2  25    0.50    6.28    6.28    0.25    0.68       6.19    6.19    0.00   -3.47      0.755   0.755   0.000
  30 4468.4   1/2-   1/2  39    0.50   12.93   12.93    0.25   -1.97      15.14   15.14    0.00   -5.06      1.846   1.846   0.000
  
  31 5688.8  13/2-  -3/2  35   -0.08    2.07    2.07    3.36    0.93      21.65   21.65    0.00   -0.16      2.640   2.640   0.000
  32 7209.2   1/2-   1/2  31    0.50   25.68   25.68    0.25   -3.58      29.28   29.28    0.00   -7.15      3.570   3.570   0.000
