1SPECTRUM OF (Z= 82 A=207) IN PARTICLE-ROTOR  MODEL WITH MODIFIED OSCILLATOR POTENTIAL


 PARITY=-   EPS= 0.481   GAMMA=  0.0   EPS4=0.000   EPS6=0.000   LEVELS:  25  26  27  28  29  30  31  32  33  34  35  36  37  38  39

 PAIRING FACTORS: GN0= 19.20  GN1=  7.40  IPAIR= 15 ***  E2PLUS(INPUT)=   0.730  E2PLUR(INPUT)=   0.000

 CORIOLIS ATTENUATION PARAMETERS:  CHSI=1.000  ETA=  1.00

 MOMENT OF INERTIA PARAMETERS:   A1=  0.122 MEV   A2=  0.122 MEV   A3=121.91924 MEV


 DELTA=0.848 MEV  LAMBDA=53.4450 MEV   HW0= 7.6346 MEV   LAMBDA/HW0= 7.0004

 E2ENERGY=0.730 MEV  HBAR**2/B=42899./A**(7/3)=7251.9/A**2 MEV

 IREC=0  =>  RECOIL TERMS j+j-, j+j+, jzjz, ETC TREATED AS ONE-BODY OPERATORS WITH UU+VV PAIRING FACTORS



 S. P. LEVEL   EQP       U     V        (UU + VV)**1.00

     25       4.109    0.104 0.995      1.000 1.000 0.995 0.991 0.975 0.973 0.948 0.641 0.568 0.357 0.312 0.278 0.265 0.244 0.199
     26       3.427    0.125 0.992      1.000 1.000 0.997 0.994 0.980 0.978 0.954 0.657 0.585 0.377 0.332 0.298 0.285 0.265 0.220
     27       2.147    0.202 0.979      0.995 0.997 1.000 0.999 0.992 0.991 0.975 0.714 0.647 0.448 0.404 0.371 0.359 0.339 0.295
     28       1.862    0.234 0.972      0.991 0.994 0.999 1.000 0.996 0.995 0.982 0.737 0.672 0.477 0.435 0.402 0.390 0.370 0.327
     29       1.396    0.321 0.947      0.975 0.980 0.992 0.996 1.000 1.000 0.995 0.795 0.736 0.554 0.514 0.483 0.471 0.453 0.410
     30       1.358    0.331 0.944      0.973 0.978 0.991 0.995 1.000 1.000 0.996 0.801 0.743 0.563 0.523 0.492 0.480 0.462 0.420
     31       1.122    0.415 0.910      0.948 0.954 0.975 0.982 0.995 0.996 1.000 0.852 0.801 0.636 0.598 0.570 0.558 0.541 0.501
     32       0.916    0.830 0.558      0.641 0.657 0.714 0.737 0.795 0.801 0.852 1.000 0.996 0.946 0.929 0.915 0.910 0.901 0.880
     33       1.008    0.878 0.479      0.568 0.585 0.647 0.672 0.736 0.743 0.801 0.996 1.000 0.972 0.959 0.948 0.944 0.937 0.920
     34       1.700    0.966 0.258      0.357 0.377 0.448 0.477 0.554 0.563 0.636 0.946 0.972 1.000 0.999 0.997 0.995 0.993 0.986
     35       2.051    0.977 0.212      0.312 0.332 0.404 0.435 0.514 0.523 0.598 0.929 0.959 0.999 1.000 0.999 0.999 0.998 0.993
     36       2.439    0.984 0.177      0.278 0.298 0.371 0.402 0.483 0.492 0.570 0.915 0.948 0.997 0.999 1.000 1.000 0.999 0.997
     37       2.635    0.987 0.163      0.265 0.285 0.359 0.390 0.471 0.480 0.558 0.910 0.944 0.995 0.999 1.000 1.000 1.000 0.998
     38       3.006    0.990 0.143      0.244 0.265 0.339 0.370 0.453 0.462 0.541 0.901 0.937 0.993 0.998 0.999 1.000 1.000 0.999
     39       4.427    0.995 0.096      0.199 0.220 0.295 0.327 0.410 0.420 0.501 0.880 0.920 0.986 0.993 0.997 0.998 0.999 1.000

  R CORE   ENERGY   A0R/A00=1.000    R3= 0     2  
   2( 1)    0.732                    1.000 0.000
   2( 2)  487.921                    0.000 1.000

  R CORE   ENERGY   A0R/A00=1.000    R3= 0     2  
   3( 1)  488.652                    0.000 1.000

  R CORE   ENERGY   A0R/A00=1.000    R3= 0     2     4  
   4( 1)    2.438                    1.000 0.000 0.000

  R CORE   ENERGY   A0R/A00=1.000    R3= 0     2     4  
   5( 1)  490.847                    0.000 1.000 0.000

  R CORE   ENERGY   A0R/A00=1.000    R3= 0     2     4     6  
   6( 1)    5.121                    1.000 0.000 0.000 0.000

  R CORE   ENERGY   A0R/A00=1.000    R3= 0     2     4     6  
   7( 1)  494.017                    0.000 1.000 0.000 0.000

          AXIAL SYMMETRY => K RESTRICTED TO OMEGA

                     K
     S.P. ORB#: 25  0.50
     S.P. ORB#: 26 -1.50
     S.P. ORB#: 27 -5.50
     S.P. ORB#: 28  2.50
     S.P. ORB#: 29  2.50
     S.P. ORB#: 30 -3.50
     S.P. ORB#: 31  0.50
     S.P. ORB#: 32  0.50
     S.P. ORB#: 33 -1.50
     S.P. ORB#: 34 -3.50
     S.P. ORB#: 35  0.50
     S.P. ORB#: 36 -3.50
     S.P. ORB#: 37 -1.50
     S.P. ORB#: 38  4.50
     S.P. ORB#: 39  4.50
 

             ENERGY    K= OMEGA
 
 I=  1/2- (1)  2.297  32: 0.999
 
 I=  1/2- (2)  4.342  31:-0.922
                      35: 0.386
 
 I=  1/2- (3)  5.911  25: 0.999
 
 I=  1/2- (4)  6.343  31: 0.386
                      35: 0.922
 
 I=  1/2- (5)147.311  33:-1.000

             ENERGY    K= OMEGA
 
 I=  3/2- (1)  2.337  32: 0.682
                      33:-0.731
 
 I=  3/2- (2)  2.559  25:-0.145
                      32:-0.722
                      33:-0.677

             ENERGY    K= OMEGA
 
 I=  5/2- (1)  2.778  25: 0.198
                      28:-0.078
                      32:-0.524
                      33:-0.824
 
 I=  5/2- (2)  3.501  25: 0.056
                      28: 0.255
                      32:-0.819
                      33: 0.511
 
 I=  5/2- (3)  3.687  28:-0.964
                      32:-0.175
                      33: 0.201
 
 I=  5/2- (4)  4.681  26: 0.124
                      29:-0.105
                      31:-0.825
                      35: 0.482
                      37: 0.246
 
 I=  5/2- (5)  6.369  26: 0.479
                      29:-0.841
                      35:-0.247

             ENERGY    K= OMEGA
 
 I=  7/2- (1)  3.289  30: 0.897
                      36: 0.441
 
 I=  7/2- (2)  3.309  28:-0.334
                      30:-0.405
                      32:-0.054
                      33: 0.109
                      36: 0.842
 
 I=  7/2- (3)  3.551  30: 0.061
                      32:-0.784
                      33: 0.606
                      36:-0.109
 
 I=  7/2- (4)  3.912  25:-0.259
                      28: 0.099
                      32:-0.586
                      33:-0.756
                      36: 0.080
 
 I=  7/2- (5)  4.685  28:-0.937
                      30: 0.158
                      33:-0.135
                      36:-0.279

             ENERGY    K= OMEGA
 
 I=  9/2- (1)  3.686  28:-0.166
                      30: 0.566
                      36:-0.251
                      38:-0.766
 
 I=  9/2- (2)  4.265  25: 0.266
                      28:-0.229
                      30:-0.146
                      32:-0.464
                      33:-0.656
                      36:-0.441
                      38: 0.126
 
 I=  9/2- (3)  4.355  25:-0.168
                      28:-0.212
                      30:-0.289
                      32: 0.306
                      33: 0.385
                      36:-0.773
                      38: 0.063
 
 I=  9/2- (4)  4.737  28:-0.295
                      30: 0.719
                      32: 0.075
                      36:-0.077
                      38: 0.617
 
 I=  9/2- (5)  5.262  26: 0.394
                      29:-0.568
                      31:-0.444
                      34: 0.444
                      35: 0.206
                      37: 0.186
                      39:-0.223

             ENERGY    K= OMEGA
 
 I= 11/2- (1)  3.487  27:-0.999
 
 I= 11/2- (2)  4.737  28:-0.205
                      30:-0.588
                      36: 0.292
                      38:-0.725
 
 I= 11/2- (3)  5.217  26: 0.412
                      29: 0.546
                      31: 0.453
                      34: 0.446
                      35: 0.170
                      37: 0.180
                      39: 0.257
 
 I= 11/2- (4)  5.582  28: 0.366
                      30:-0.303
                      32: 0.168
                      33:-0.222
                      36:-0.811
                      38:-0.196
 
 I= 11/2- (5)  5.741  25: 0.099
                      30: 0.105
                      32: 0.827
                      33:-0.481
                      36: 0.251

             ENERGY    K= OMEGA
 
 I= 13/2- (1)  5.069  27: 0.998
                      38:-0.058
 
 I= 13/2- (2)  5.855  26:-0.393
                      29: 0.583
                      31: 0.217
                      34:-0.561
                      35:-0.061
                      37:-0.111
                      39: 0.359
 
 I= 13/2- (3)  6.061  27: 0.061
                      28: 0.235
                      30:-0.592
                      33: 0.058
                      36: 0.316
                      38: 0.697
 
 I= 13/2- (4)  6.673  25: 0.394
                      28:-0.114
                      30:-0.076
                      32:-0.549
                      33:-0.712
                      36:-0.082
                      38: 0.106
 
 I= 13/2- (5)  7.119  25:-0.072
                      28:-0.375
                      30:-0.325
                      32: 0.116
                      33: 0.092
                      36:-0.826
                      38: 0.210

             ENERGY     K= 9/2
  32 LEVELS    TIME=  0.0 SEC



 ******************* EXCITATION ENERGIES, DOMINANT CONFIGURATION AND EXPECTATION VALUES (WITH S.P. UU+VV FACTORS) *******************

  NR  Eex(keV)  I   Kdom  NY    <Jz>  <Jx**2> <Jy**2> <Jz**2> <I.j>/|I|  <Rx**2> <Ry**2> <Rz**2> <R.j>/|R|  <HROTx> <HROTy> <HROTz>

   1    0.0   1/2-   1/2  32    0.50    5.25    5.25    0.25    0.13       5.64    5.64    0.00   -3.17      0.688   0.688   0.000
   2   40.0   3/2-  -3/2  33   -0.57    5.24    5.24    1.32    1.11       5.62    5.62    0.00   -2.88      0.686   0.686   0.000
   3  261.6   3/2-   1/2  32   -0.42    5.24    5.24    1.17    0.73       6.29    6.29    0.00   -2.89      0.767   0.767   0.000
   4  480.5   5/2-  -3/2  33   -0.85    5.38    5.38    1.65    1.26       6.84    6.84    0.00   -2.34      0.834   0.834   0.000
   5  991.6   7/2-  -7/2  30   -3.50    5.31    5.31   12.25    3.09       7.06    7.06    0.00   -2.83      0.860   0.860   0.000
  
   6 1011.9   7/2-  -7/2  36   -2.80    3.62    3.62   11.43    3.16       4.65    4.65    0.00   -2.00      0.566   0.566   0.000
   7 1189.4  11/2- -11/2  27   -5.49    2.75    2.75   30.24    5.06       5.49    5.49    0.00   -1.65      0.669   0.669   0.000
   8 1203.3   5/2-   1/2  32    0.11    5.32    5.32    1.16    0.02      10.21   10.21    0.00   -2.60      1.245   1.245   0.000
   9 1253.6   7/2-   1/2  32   -0.29    5.20    5.20    1.18    0.78      10.55   10.55    0.00   -1.84      1.287   1.287   0.000
  10 1388.5   9/2-   9/2  38    1.37    3.81    3.81   16.77    3.88       5.24    5.24    0.00   -1.56      0.639   0.639   0.001
  
  11 1389.8   5/2-   5/2  28    2.28    6.10    6.10    5.90    1.92       7.75    7.75    0.00   -3.16      0.945   0.945   0.000
  12 1614.5   7/2-  -3/2  33   -0.66    5.32    5.32    1.55    0.72      11.11   11.11    0.00   -1.98      1.354   1.354   0.000
  13 1967.5   9/2-  -3/2  33   -1.05    4.87    4.87    4.33    1.68      11.05   11.05    0.00   -1.21      1.348   1.348   0.000
  14 2044.4   1/2-   1/2  31    0.50   12.93   12.93    0.25    0.92      12.64   12.64   -0.00   -5.04      1.541   1.541  -0.000
  15 2057.1   9/2-  -7/2  36   -2.42    3.54    3.54    9.07    2.18       9.58    9.58    0.00   -1.21      1.168   1.168   0.000
  
  16 2383.7   5/2-   1/2  31    0.37   13.54   13.54    0.47    1.68      13.18   13.18   -0.00   -4.40      1.606   1.606  -0.000
  17 2388.0   7/2-   5/2  28    1.81    5.88    5.88    6.78    1.42      11.50   11.50    0.00   -2.69      1.402   1.402   0.000
  18 2439.7  11/2-   9/2  38    0.95    3.98    3.98   16.21    3.36       9.84    9.84    0.00   -0.91      1.200   1.200   0.000
  19 2439.9   9/2-  -7/2  30    0.10    4.80    4.80   14.67    2.70      11.08   11.08    0.00   -2.30      1.351   1.351   0.000
  20 2771.4  13/2- -11/2  27   -5.46    2.75    2.75   30.20    4.33      11.97   11.97    0.00   -1.11      1.459   1.459   0.000
  
  21 2919.7  11/2-   5/2  29    0.16   20.78   20.78    6.16    4.78      13.17   13.17    0.00   -3.73      1.606   1.606   0.000
  22 2964.2   9/2-   5/2  29    0.17   20.28   20.28    5.93    4.42      13.62   13.62    0.00   -4.69      1.661   1.661   0.000
  23 3284.4  11/2-  -7/2  36   -2.18    3.25    3.25   10.92    2.11      13.99   13.99    0.00   -0.91      1.705   1.705   0.000
  24 3443.4  11/2-   1/2  32   -0.26    5.03    5.03    1.61    0.76      19.15   19.15    0.00   -1.15      2.335   2.335   0.000
  25 3557.8  13/2-   5/2  29    0.10   21.94   21.94    8.97    5.13      14.99   14.99    0.00   -3.11      1.828   1.828   0.000
  
  26 3613.4   1/2-   1/2  25    0.50    7.48    7.48    0.25    0.65       7.41    7.41    0.00   -3.80      0.904   0.904   0.000
  27 3763.5  13/2-   9/2  38    0.72    4.07    4.07   15.82    3.00      15.44   15.44    0.00   -0.55      1.882   1.882   0.000
  28 4045.2   1/2-   1/2  35    0.50   17.04   17.04    0.25   -0.73      18.17   18.17   -0.00   -5.80      2.215   2.215  -0.000
  29 4071.8   5/2-   5/2  29    1.45   22.30   22.30    4.96    3.66      18.32   18.32    0.00   -6.40      2.233   2.233   0.000
  30 4375.3  13/2-  -3/2  33   -0.49    5.65    5.65    1.72    1.39      21.19   21.19    0.00   -0.51      2.583   2.583   0.000
  
  31 4821.4  13/2-  -7/2  36   -2.21    3.18    3.18   11.45    1.90      19.99   19.99    0.00   -0.72      2.437   2.437   0.000
  32*******   1/2-  -3/2  33    0.00    0.00    0.00    0.00    0.00       0.00    0.00    0.00   -0.00      0.000   0.000   0.000
