1SPECTRUM OF (Z= 82 A=207) IN PARTICLE-ROTOR  MODEL WITH MODIFIED OSCILLATOR POTENTIAL


 PARITY=-   EPS= 0.195   GAMMA=  0.0   EPS4=0.000   EPS6=0.000   LEVELS:  24  25  26  27  28  29  30  31  32  33  34  35  36  37  38

 PAIRING FACTORS: GN0= 19.20  GN1=  7.40  IPAIR= 15 ***  E2PLUS(INPUT)=   0.730  E2PLUR(INPUT)=   0.000

 CORIOLIS ATTENUATION PARAMETERS:  CHSI=1.000  ETA=  1.00

 MOMENT OF INERTIA PARAMETERS:   A1=  0.122 MEV   A2=  0.122 MEV   A3=121.91924 MEV


 DELTA=0.935 MEV  LAMBDA=53.4796 MEV   HW0= 7.4438 MEV   LAMBDA/HW0= 7.1844

 E2ENERGY=0.730 MEV  HBAR**2/B= 7051./A**(7/3)=1191.9/A**2 MEV

 IREC=0  =>  RECOIL TERMS j+j-, j+j+, jzjz, ETC TREATED AS ONE-BODY OPERATORS WITH UU+VV PAIRING FACTORS



 S. P. LEVEL   EQP       U     V        (UU + VV)**1.00

     24       5.183    0.091 0.996      1.000 1.000 1.000 0.999 0.997 0.992 0.991 0.988 0.727 0.622 0.433 0.425 0.377 0.308 0.252
     25       4.267    0.110 0.994      1.000 1.000 1.000 1.000 0.998 0.994 0.994 0.991 0.740 0.637 0.451 0.442 0.395 0.327 0.271
     26       4.007    0.117 0.993      1.000 1.000 1.000 1.000 0.998 0.995 0.994 0.992 0.745 0.643 0.458 0.449 0.402 0.333 0.278
     27       3.748    0.126 0.992      0.999 1.000 1.000 1.000 0.999 0.996 0.995 0.993 0.751 0.649 0.465 0.456 0.410 0.341 0.286
     28       2.740    0.173 0.985      0.997 0.998 0.998 0.999 1.000 0.999 0.999 0.998 0.781 0.685 0.507 0.499 0.453 0.386 0.332
     29       2.206    0.217 0.976      0.992 0.994 0.995 0.996 0.999 1.000 1.000 1.000 0.809 0.717 0.545 0.537 0.492 0.427 0.373
     30       2.164    0.222 0.975      0.991 0.994 0.994 0.995 0.999 1.000 1.000 1.000 0.811 0.720 0.549 0.541 0.496 0.431 0.378
     31       2.002    0.241 0.971      0.988 0.991 0.992 0.993 0.998 1.000 1.000 1.000 0.822 0.733 0.565 0.557 0.513 0.449 0.396
     32       0.942    0.750 0.662      0.727 0.740 0.745 0.751 0.781 0.809 0.811 0.822 1.000 0.990 0.934 0.931 0.910 0.877 0.848
     33       1.020    0.836 0.548      0.622 0.637 0.643 0.649 0.685 0.717 0.720 0.733 0.990 1.000 0.975 0.973 0.960 0.937 0.915
     34       1.426    0.937 0.350      0.433 0.451 0.458 0.465 0.507 0.545 0.549 0.565 0.934 0.975 1.000 1.000 0.998 0.991 0.981
     35       1.459    0.940 0.341      0.425 0.442 0.449 0.456 0.499 0.537 0.541 0.557 0.931 0.973 1.000 1.000 0.999 0.992 0.983
     36       1.675    0.956 0.292      0.377 0.395 0.402 0.410 0.453 0.492 0.496 0.513 0.910 0.960 0.998 0.999 1.000 0.997 0.991
     37       2.175    0.975 0.220      0.308 0.327 0.333 0.341 0.386 0.427 0.431 0.449 0.877 0.937 0.991 0.992 0.997 1.000 0.998
     38       2.905    0.987 0.163      0.252 0.271 0.278 0.286 0.332 0.373 0.378 0.396 0.848 0.915 0.981 0.983 0.991 0.998 1.000

  R CORE   ENERGY   A0R/A00=1.000    R3= 0     2  
   2( 1)    0.732                    1.000 0.000
   2( 2)  487.921                    0.000 1.000

  R CORE   ENERGY   A0R/A00=1.000    R3= 0     2  
   3( 1)  488.652                    0.000 1.000

  R CORE   ENERGY   A0R/A00=1.000    R3= 0     2     4  
   4( 1)    2.438                    1.000 0.000 0.000

  R CORE   ENERGY   A0R/A00=1.000    R3= 0     2     4  
   5( 1)  490.847                    0.000 1.000 0.000

  R CORE   ENERGY   A0R/A00=1.000    R3= 0     2     4     6  
   6( 1)    5.121                    1.000 0.000 0.000 0.000

  R CORE   ENERGY   A0R/A00=1.000    R3= 0     2     4     6  
   7( 1)  494.017                    0.000 1.000 0.000 0.000

          AXIAL SYMMETRY => K RESTRICTED TO OMEGA

                     K
     S.P. ORB#: 24  2.50
     S.P. ORB#: 25  2.50
     S.P. ORB#: 26  0.50
     S.P. ORB#: 27 -3.50
     S.P. ORB#: 28 -3.50
     S.P. ORB#: 29  4.50
     S.P. ORB#: 30  0.50
     S.P. ORB#: 31 -1.50
     S.P. ORB#: 32 -1.50
     S.P. ORB#: 33  2.50
     S.P. ORB#: 34  0.50
     S.P. ORB#: 35  0.50
     S.P. ORB#: 36 -1.50
     S.P. ORB#: 37  2.50
     S.P. ORB#: 38 -3.50
 

             ENERGY    K= OMEGA
 
 I=  1/2- (1)  1.713  26:-0.060
                      35:-0.998
 
 I=  1/2- (2)  3.207  30: 0.999
 
 I=  1/2- (3)  5.197  26: 0.998
                      35:-0.060
 
 I=  1/2- (4)  9.358  34: 1.000
 
 I=  1/2- (5)147.246  32:-1.000

             ENERGY    K= OMEGA
 
 I=  3/2- (1)  1.427  30: 0.187
                      31: 0.105
                      32: 0.973
                      35:-0.076
 
 I=  3/2- (2)  2.359  30: 0.163
                      31: 0.143
                      32:-0.122
                      35:-0.968

             ENERGY    K= OMEGA
 
 I=  5/2- (1)  1.494  26:-0.050
                      30: 0.135
                      31: 0.176
                      32:-0.426
                      33:-0.874
                      35: 0.058
 
 I=  5/2- (2)  2.053  30: 0.215
                      31:-0.168
                      32:-0.864
                      33: 0.417
                      35:-0.052
 
 I=  5/2- (3)  2.383  30:-0.162
                      31:-0.212
                      33:-0.129
                      35:-0.955
 
 I=  5/2- (4)  3.288  24: 0.073
                      26:-0.372
                      30: 0.440
                      31: 0.741
                      32: 0.070
                      33: 0.184
                      35:-0.275
 
 I=  5/2- (5)  4.527  24: 0.064
                      26: 0.074
                      30:-0.807
                      31: 0.514
                      32:-0.254
                      33: 0.097

             ENERGY    K= OMEGA
 
 I=  7/2- (1)  2.130  30: 0.185
                      31:-0.210
                      32: 0.515
                      33:-0.809
 
 I=  7/2- (2)  2.711  25:-0.074
                      26:-0.172
                      28: 0.090
                      30:-0.340
                      31:-0.304
                      32:-0.709
                      33:-0.455
                      35: 0.192
 
 I=  7/2- (3)  3.460  24: 0.061
                      25:-0.239
                      27:-0.128
                      28: 0.952
                      30: 0.066
                      32: 0.056
                      35:-0.060
 
 I=  7/2- (4)  3.816  34: 0.727
                      36: 0.574
                      37: 0.349
                      38: 0.146
 
 I=  7/2- (5)  3.935  24: 0.050
                      26:-0.112
                      30:-0.153
                      31:-0.293
                      32: 0.316
                      33: 0.230
                      35: 0.849

             ENERGY    K= OMEGA
 
 I=  9/2- (1)  2.780  24:-0.050
                      25:-0.053
                      26: 0.168
                      27:-0.161
                      28:-0.059
                      29: 0.354
                      30:-0.279
                      31:-0.344
                      32: 0.435
                      33: 0.634
                      35:-0.158
 
 I=  9/2- (2)  2.951  24: 0.057
                      25: 0.056
                      26: 0.074
                      27: 0.243
                      28: 0.166
                      29:-0.867
                      30:-0.131
                      31:-0.139
                      32: 0.199
                      33: 0.262
                      35:-0.076
 
 I=  9/2- (3)  3.865  24: 0.079
                      25:-0.157
                      26:-0.062
                      27: 0.080
                      28:-0.263
                      30:-0.160
                      31: 0.339
                      32: 0.739
                      33:-0.293
                      35: 0.342
 
 I=  9/2- (4)  3.983  26:-0.118
                      28: 0.106
                      30: 0.309
                      31: 0.146
                      32:-0.108
                      33: 0.517
                      35: 0.759
 
 I=  9/2- (5)  4.371  24: 0.093
                      25:-0.286
                      27: 0.156
                      28:-0.863
                      29:-0.135
                      30: 0.130
                      32:-0.236
                      33: 0.200
                      35:-0.077

             ENERGY    K= OMEGA
 
 I= 11/2- (1)  2.688  34: 0.687
                      36: 0.576
                      37: 0.396
                      38: 0.198
 
 I= 11/2- (2)  3.770  24: 0.123
                      25: 0.119
                      27:-0.381
                      28:-0.201
                      29:-0.790
                      30: 0.088
                      31:-0.149
                      32: 0.197
                      33:-0.305
 
 I= 11/2- (3)  4.091  27: 0.104
                      28: 0.098
                      29: 0.379
                      30: 0.266
                      31:-0.247
                      32: 0.532
                      33:-0.648
 
 I= 11/2- (4)  4.660  24: 0.091
                      25:-0.138
                      26:-0.279
                      27:-0.073
                      28: 0.214
                      30:-0.396
                      31:-0.419
                      32:-0.533
                      33:-0.414
                      35: 0.231
 
 I= 11/2- (5)  5.449  24:-0.120
                      25: 0.351
                      26:-0.104
                      27: 0.199
                      28:-0.846
                      29: 0.173
                      30:-0.164
                      31:-0.095
                      32:-0.086
                      33:-0.101
                      35: 0.114

             ENERGY    K= OMEGA
 
 I= 13/2- (1)  4.693  24: 0.143
                      25: 0.105
                      26:-0.237
                      27: 0.314
                      28: 0.130
                      29:-0.462
                      30: 0.312
                      31: 0.389
                      32:-0.328
                      33:-0.444
                      35: 0.172
 
 I= 13/2- (2)  4.929  34:-0.233
                      36: 0.582
                      37:-0.652
                      38: 0.426
 
 I= 13/2- (3)  5.053  24: 0.092
                      25: 0.106
                      26: 0.191
                      27: 0.333
                      28: 0.219
                      29:-0.684
                      30:-0.263
                      31:-0.270
                      32: 0.255
                      33: 0.294
                      35:-0.154
 
 I= 13/2- (4)  6.387  24: 0.170
                      25:-0.302
                      26:-0.098
                      27: 0.165
                      28:-0.502
                      29:-0.076
                      30:-0.109
                      31: 0.310
                      32: 0.616
                      33:-0.055
                      35: 0.309
 
 I= 13/2- (5)  6.607  25:-0.137
                      26: 0.143
                      27: 0.105
                      28:-0.314
                      30:-0.267
                      31:-0.091
                      32:-0.062
                      33:-0.579
                      35:-0.657

             ENERGY     K=-7/2
  32 LEVELS    TIME=  0.0 SEC



 ******************* EXCITATION ENERGIES, DOMINANT CONFIGURATION AND EXPECTATION VALUES (WITH S.P. UU+VV FACTORS) *******************

  NR  Eex(keV)  I   Kdom  NY    <Jz>  <Jx**2> <Jy**2> <Jz**2> <I.j>/|I|  <Rx**2> <Ry**2> <Rz**2> <R.j>/|R|  <HROTx> <HROTy> <HROTz>

   1    0.0   3/2-  -3/2  32   -1.41    1.56    1.56    2.16    1.44       1.73    1.73    0.00   -1.34      0.211   0.211   0.000
   2   66.1   5/2-   5/2  33    1.60    1.82    1.82    5.26    2.39       1.74    1.74    0.00   -0.97      0.212   0.212   0.000
   3  285.1   1/2-   1/2  35    0.50    1.22    1.22    0.25    0.83       1.00    1.00   -0.00   -1.39      0.122   0.122  -0.000
   4  625.8   5/2-  -3/2  32   -0.70    1.56    1.56    2.86    1.10       4.11    4.11    0.00   -0.95      0.501   0.501   0.000
   5  702.4   7/2-   5/2  33    1.19    1.94    1.94    4.82    2.00       4.27    4.27    0.00   -0.26      0.521   0.521   0.000
  
   6  931.1   3/2-   1/2  35    0.43    1.37    1.37    0.32   -0.10       3.60    3.60   -0.00   -1.21      0.439   0.439  -0.000
   7  955.6   5/2-   1/2  35    0.44    1.64    1.64    0.44    0.88       3.63    3.63    0.00   -0.42      0.443   0.443   0.000
   8 1260.6  11/2-   1/2  34   -0.01   27.99   27.99    2.32    7.18       4.12    4.12   -0.00   -5.37      0.502   0.502  -0.000
   9 1283.1   7/2-  -3/2  32   -0.30    1.80    1.80    2.83    1.39       5.59    5.59    0.00   -0.28      0.681   0.681   0.000
  10 1352.3   9/2-   5/2  33    1.08    2.88    2.88    6.16    2.67       5.04    5.04    0.00    0.43      0.615   0.615   0.000
  
  11 1523.5   9/2-   9/2  29    3.19    2.68    2.68   16.88    4.10       3.09    3.09   -0.00   -0.74      0.377   0.377  -0.000
  12 1779.7   1/2-   1/2  30    0.50    4.10    4.10    0.25    0.38       4.27    4.27    0.00   -2.78      0.520   0.520   0.000
  13 1860.1   5/2-  -3/2  31   -0.53    3.81    3.81    1.59    1.60       4.26    4.26    0.00   -1.54      0.519   0.519   0.000
  14 2033.0   7/2-  -7/2  28   -3.08    2.27    2.27   11.72    3.39       2.56    2.56   -0.00   -1.24      0.312   0.312  -0.000
  15 2343.0  11/2-   9/2  29    2.37    3.28    3.28   15.80    3.89       5.78    5.78   -0.00    0.27      0.704   0.704  -0.000
  
  16 2388.7   7/2-   1/2  34    0.00   28.12   28.12    1.89    7.05       8.96    8.96   -0.00   -7.12      1.093   1.093  -0.000
  17 2437.4   9/2-  -3/2  32   -0.89    1.68    1.68    3.19    1.13      10.00   10.00    0.00   -0.20      1.219   1.219   0.000
  18 2507.8   7/2-   1/2  35    0.23    1.87    1.87    0.98    0.05      10.02   10.02    0.00   -1.01      1.221   1.221   0.000
  19 2555.3   9/2-   1/2  35    0.92    2.14    2.14    2.08    1.06      10.28   10.28    0.00   -0.24      1.254   1.254   0.000
  20 2663.9  11/2-   5/2  33    1.15    2.25    2.25    6.57    2.04      11.20   11.20    0.00    0.24      1.366   1.366   0.000
  
  21 2943.5   9/2-  -7/2  28   -2.36    2.27    2.27   10.75    2.66       6.79    6.79    0.00   -0.56      0.828   0.828   0.000
  22 3099.1   5/2-   1/2  30   -0.13    4.16    4.16    0.99   -0.38      10.14   10.14    0.00   -2.31      1.236   1.236   0.000
  23 3232.1  11/2-  -3/2  32   -0.22    2.30    2.30    3.01    1.66      11.74   11.74    0.00    0.48      1.431   1.431   0.000
  24 3265.6  13/2-   9/2  29    0.83    3.87    3.87    7.80    3.10      10.53   10.53    0.00    1.32      1.284   1.284   0.000
  25 3501.8  13/2-   5/2  37   -0.06   27.01   27.01    5.66    6.10      11.61   11.61   -0.00   -3.54      1.416   1.416  -0.000
  
  26 3625.1  13/2-   9/2  29    1.67    3.42    3.42   12.42    3.25      11.30   11.30    0.00    0.72      1.378   1.378   0.000
  27 3769.2   1/2-   1/2  26    0.50    5.02    5.02    0.25    0.69       4.92    4.92    0.00   -3.09      0.600   0.600   0.000
  28 4021.2  11/2-  -7/2  28   -2.14    2.47    2.47   10.83    2.58      10.32   10.32   -0.00   -0.07      1.258   1.258  -0.000
  29 4959.2  13/2-  -3/2  32   -1.30    2.11    2.11    5.40    1.66      17.58   17.58    0.00    0.33      2.144   2.144   0.000
  30 5179.5  13/2-   1/2  35    0.75    2.18    2.18    3.72    1.14      20.43   20.43    0.00   -0.02      2.491   2.491   0.000
  
  31 7930.1   1/2-   1/2  34    0.50   28.52   28.52    0.25   -4.05      32.53   32.53    0.00   -7.54      3.966   3.966   0.000
  32*******   1/2-  -3/2  32    0.00    0.00    0.00    0.00   -0.00       0.00    0.00    0.00   -0.00      0.000   0.000   0.000
