1SPECTRUM OF (Z= 82 A=207) IN PARTICLE-ROTOR  MODEL WITH MODIFIED OSCILLATOR POTENTIAL


 PARITY=-   EPS= 0.174   GAMMA=  0.0   EPS4=0.000   EPS6=0.000   LEVELS:  25  26  27  28  29  30  31  32  33  34  35  36  37  38  39

 PAIRING FACTORS: GN0= 19.20  GN1=  7.40  IPAIR= 15 ***  E2PLUS(INPUT)=   0.730  E2PLUR(INPUT)=   0.000

 CORIOLIS ATTENUATION PARAMETERS:  CHSI=1.000  ETA=  1.00

 MOMENT OF INERTIA PARAMETERS:   A1=  0.122 MEV   A2=  0.122 MEV   A3=121.91922 MEV


 DELTA=0.893 MEV  LAMBDA=53.4414 MEV   HW0= 7.4370 MEV   LAMBDA/HW0= 7.1859

 E2ENERGY=0.730 MEV  HBAR**2/B= 5614./A**(7/3)= 949.0/A**2 MEV

 IREC=0  =>  RECOIL TERMS j+j-, j+j+, jzjz, ETC TREATED AS ONE-BODY OPERATORS WITH UU+VV PAIRING FACTORS



 S. P. LEVEL   EQP       U     V        (UU + VV)**1.00

     25       4.333    0.104 0.995      1.000 1.000 1.000 0.999 0.996 0.994 0.992 0.819 0.718 0.480 0.368 0.335 0.290 0.250 0.219
     26       3.853    0.117 0.993      1.000 1.000 1.000 0.999 0.997 0.996 0.994 0.827 0.727 0.491 0.380 0.347 0.303 0.263 0.232
     27       3.830    0.117 0.993      1.000 1.000 1.000 0.999 0.998 0.996 0.994 0.827 0.728 0.492 0.381 0.348 0.304 0.264 0.232
     28       2.968    0.152 0.988      0.999 0.999 0.999 1.000 0.999 0.998 0.997 0.846 0.751 0.522 0.413 0.381 0.337 0.297 0.266
     29       2.429    0.187 0.982      0.996 0.997 0.998 0.999 1.000 1.000 0.999 0.865 0.774 0.552 0.445 0.413 0.370 0.331 0.300
     30       2.191    0.208 0.978      0.994 0.996 0.996 0.998 1.000 1.000 1.000 0.875 0.788 0.570 0.464 0.433 0.390 0.351 0.321
     31       2.031    0.226 0.974      0.992 0.994 0.994 0.997 0.999 1.000 1.000 0.884 0.799 0.585 0.480 0.449 0.406 0.368 0.338
     32       0.902    0.655 0.756      0.819 0.827 0.827 0.846 0.865 0.875 0.884 1.000 0.987 0.896 0.834 0.815 0.786 0.760 0.739
     33       0.907    0.767 0.642      0.718 0.727 0.728 0.751 0.774 0.788 0.799 0.987 1.000 0.955 0.911 0.896 0.874 0.853 0.836
     34       1.253    0.922 0.386      0.480 0.491 0.492 0.522 0.552 0.570 0.585 0.896 0.955 1.000 0.992 0.987 0.979 0.969 0.961
     35       1.721    0.963 0.269      0.368 0.380 0.381 0.413 0.445 0.464 0.480 0.834 0.911 0.992 1.000 0.999 0.997 0.992 0.988
     36       1.951    0.972 0.235      0.335 0.347 0.348 0.381 0.413 0.433 0.449 0.815 0.896 0.987 0.999 1.000 0.999 0.996 0.993
     37       2.398    0.982 0.190      0.290 0.303 0.304 0.337 0.370 0.390 0.406 0.786 0.874 0.979 0.997 0.999 1.000 0.999 0.997
     38       3.041    0.989 0.148      0.250 0.263 0.264 0.297 0.331 0.351 0.368 0.760 0.853 0.969 0.992 0.996 0.999 1.000 0.999
     39       3.856    0.993 0.117      0.219 0.232 0.232 0.266 0.300 0.321 0.338 0.739 0.836 0.961 0.988 0.993 0.997 0.999 1.000

  R CORE   ENERGY   A0R/A00=1.000    R3= 0     2  
   2( 1)    0.732                    1.000 0.000
   2( 2)  487.921                    0.000 1.000

  R CORE   ENERGY   A0R/A00=1.000    R3= 0     2  
   3( 1)  488.652                    0.000 1.000

  R CORE   ENERGY   A0R/A00=1.000    R3= 0     2     4  
   4( 1)    2.438                    1.000 0.000 0.000

  R CORE   ENERGY   A0R/A00=1.000    R3= 0     2     4  
   5( 1)  490.847                    0.000 1.000 0.000

  R CORE   ENERGY   A0R/A00=1.000    R3= 0     2     4     6  
   6( 1)    5.121                    1.000 0.000 0.000 0.000

  R CORE   ENERGY   A0R/A00=1.000    R3= 0     2     4     6  
   7( 1)  494.017                    0.000 1.000 0.000 0.000

          AXIAL SYMMETRY => K RESTRICTED TO OMEGA

                     K
     S.P. ORB#: 25  2.50
     S.P. ORB#: 26  0.50
     S.P. ORB#: 27 -3.50
     S.P. ORB#: 28 -3.50
     S.P. ORB#: 29  4.50
     S.P. ORB#: 30  0.50
     S.P. ORB#: 31 -1.50
     S.P. ORB#: 32 -1.50
     S.P. ORB#: 33  2.50
     S.P. ORB#: 34  0.50
     S.P. ORB#: 35  0.50
     S.P. ORB#: 36 -1.50
     S.P. ORB#: 37  2.50
     S.P. ORB#: 38 -3.50
     S.P. ORB#: 39  4.50
 

             ENERGY    K= OMEGA
 
 I=  1/2- (1)  1.489  26:-0.063
                      34:-0.998
 
 I=  1/2- (2)  3.196  30: 1.000
 
 I=  1/2- (3)  4.961  26: 0.998
                      34:-0.063
 
 I=  1/2- (4)  9.820  35:-1.000
 
 I=  1/2- (5)147.205  32:-1.000

             ENERGY    K= OMEGA
 
 I=  3/2- (1)  1.369  26: 0.051
                      30: 0.195
                      31: 0.115
                      32: 0.969
                      34:-0.089
 
 I=  3/2- (2)  2.150  30:-0.139
                      31:-0.112
                      32: 0.130
                      34: 0.975
 
 I=  3/2- (3)  3.044  26: 0.105
                      30:-0.278
                      31: 0.950
                      32:-0.055
                      34: 0.076
 
 I=  3/2- (4)  3.399  26:-0.391
                      30:-0.863
                      31:-0.184
                      32: 0.200
                      34:-0.169
 
 I=  3/2- (5)  6.061  26: 0.913
                      30:-0.347
                      31:-0.193
                      34:-0.083

             ENERGY    K= OMEGA
 
 I=  5/2- (1)  1.375  26: 0.051
                      30:-0.133
                      31:-0.187
                      32: 0.392
                      33: 0.887
                      34:-0.073
 
 I=  5/2- (2)  1.975  30:-0.234
                      31: 0.164
                      32: 0.876
                      33:-0.384
 
 I=  5/2- (3)  2.172  30:-0.128
                      31:-0.167
                      33:-0.127
                      34:-0.969
 
 I=  5/2- (4)  3.265  26: 0.395
                      30:-0.460
                      31:-0.736
                      32:-0.081
                      33:-0.194
                      34: 0.215
 
 I=  5/2- (5)  4.547  26:-0.065
                      30: 0.794
                      31:-0.533
                      32: 0.264
                      33:-0.107

             ENERGY    K= OMEGA
 
 I=  7/2- (1)  2.003  30: 0.176
                      31:-0.223
                      32: 0.483
                      33:-0.827
 
 I=  7/2- (2)  2.614  25:-0.064
                      26:-0.178
                      28: 0.055
                      30:-0.356
                      31:-0.291
                      32:-0.726
                      33:-0.422
                      34: 0.208
 
 I=  7/2- (3)  3.685  25:-0.239
                      26: 0.053
                      27:-0.109
                      28: 0.884
                      30: 0.088
                      31: 0.111
                      32:-0.079
                      34:-0.343
 
 I=  7/2- (4)  3.781  25: 0.070
                      26: 0.052
                      28:-0.371
                      30: 0.112
                      31: 0.162
                      32:-0.296
                      33:-0.190
                      34:-0.832
 
 I=  7/2- (5)  4.144  35: 0.719
                      36: 0.575
                      37: 0.358
                      38: 0.155

             ENERGY    K= OMEGA
 
 I=  9/2- (1)  2.654  26: 0.176
                      27:-0.074
                      29: 0.095
                      30:-0.303
                      31:-0.360
                      32: 0.466
                      33: 0.691
                      34:-0.189
 
 I=  9/2- (2)  3.163  25: 0.086
                      27: 0.257
                      28: 0.205
                      29:-0.932
                      30:-0.051
                      31:-0.058
                      33: 0.060
                      34:-0.051
 
 I=  9/2- (3)  3.790  25: 0.074
                      26: 0.063
                      28: 0.070
                      29: 0.050
                      31:-0.306
                      32:-0.587
                      34:-0.736
 
 I=  9/2- (4)  3.814  25:-0.088
                      28:-0.125
                      30:-0.344
                      31: 0.082
                      32: 0.496
                      33:-0.595
                      34:-0.497
 
 I=  9/2- (5)  4.614  25:-0.319
                      27: 0.133
                      28:-0.900
                      29:-0.192
                      30: 0.078
                      31:-0.056
                      32:-0.126
                      33: 0.088

             ENERGY    K= OMEGA
 
 I= 11/2- (1)  2.875  35:-0.654
                      36:-0.564
                      37:-0.417
                      38:-0.258
                      39:-0.118
 
 I= 11/2- (2)  3.840  25: 0.098
                      27:-0.187
                      28:-0.110
                      29:-0.338
                      30: 0.241
                      31:-0.265
                      32: 0.499
                      33:-0.672
 
 I= 11/2- (3)  4.145  25: 0.115
                      27:-0.292
                      28:-0.258
                      29:-0.818
                      30:-0.122
                      31: 0.128
                      32:-0.225
                      33: 0.290
 
 I= 11/2- (4)  4.581  25:-0.091
                      26:-0.291
                      28: 0.099
                      30:-0.426
                      31:-0.398
                      32:-0.560
                      33:-0.424
                      34: 0.249
 
 I= 11/2- (5)  5.719  25:-0.375
                      26: 0.089
                      27:-0.169
                      28: 0.844
                      29:-0.264
                      30: 0.104
                      31: 0.105
                      34:-0.138

             ENERGY    K= OMEGA
 
 I= 13/2- (1)  4.470  35: 0.181
                      36:-0.475
                      37: 0.600
                      38:-0.532
                      39: 0.314
 
 I= 13/2- (2)  4.643  25:-0.072
                      26: 0.282
                      27:-0.114
                      28:-0.061
                      29: 0.149
                      30:-0.393
                      31:-0.438
                      32: 0.426
                      33: 0.544
                      34:-0.228
 
 I= 13/2- (3)  5.271  25: 0.181
                      26: 0.087
                      27: 0.375
                      28: 0.321
                      29:-0.821
                      30:-0.108
                      31:-0.122
                      32: 0.051
                      33: 0.064
                      34:-0.092
 
 I= 13/2- (4)  6.424  25: 0.066
                      26: 0.112
                      29: 0.114
                      30:-0.062
                      31:-0.237
                      32:-0.456
                      33:-0.287
                      34:-0.786
 
 I= 13/2- (5)  6.524  25: 0.198
                      27:-0.107
                      28: 0.294
                      29: 0.088
                      30: 0.344
                      31:-0.228
                      32:-0.545
                      33: 0.595
                      34: 0.181

             ENERGY     K= 9/2
  35 LEVELS    TIME=  0.0 SEC



 ******************* EXCITATION ENERGIES, DOMINANT CONFIGURATION AND EXPECTATION VALUES (WITH S.P. UU+VV FACTORS) *******************

  NR  Eex(keV)  I   Kdom  NY    <Jz>  <Jx**2> <Jy**2> <Jz**2> <I.j>/|I|  <Rx**2> <Ry**2> <Rz**2> <R.j>/|R|  <HROTx> <HROTy> <HROTz>

   1    0.0   3/2-  -3/2  32   -1.40    1.51    1.51    2.15    1.47       1.61    1.61   -0.00   -1.29      0.196   0.196  -0.000
   2    6.2   5/2-   5/2  33    1.70    1.84    1.84    5.34    2.45       1.63    1.63    0.00   -0.98      0.199   0.199   0.000
   3  120.0   1/2-   1/2  34    0.50    1.15    1.15    0.25    0.84       0.93    0.93    0.00   -1.34      0.113   0.113   0.000
   4  605.9   5/2-  -3/2  32   -0.79    1.53    1.53    2.74    1.12       3.95    3.95   -0.00   -0.88      0.481   0.481  -0.000
   5  633.9   7/2-   5/2  33    1.30    1.94    1.94    4.95    2.07       4.08    4.08    0.00   -0.22      0.497   0.497   0.000
  
   6  781.4   3/2-   1/2  34    0.44    1.25    1.25    0.31   -0.16       3.59    3.59    0.00   -1.17      0.438   0.438   0.000
   7  802.9   5/2-   1/2  34    0.48    1.45    1.45    0.40    0.81       3.64    3.64    0.00   -0.34      0.444   0.444   0.000
   8 1244.8   7/2-  -3/2  32   -0.37    1.68    1.68    2.61    1.37       5.42    5.42    0.00   -0.16      0.660   0.660   0.000
   9 1285.2   9/2-   5/2  33    0.78    2.70    2.70    4.07    2.33       5.51    5.51   -0.00    0.64      0.672   0.672  -0.000
  10 1506.1  11/2-   1/2  35    0.00   28.25   28.25    3.01    7.39       3.47    3.47    0.00   -5.83      0.423   0.423   0.000
  
  11 1675.4   3/2-  -3/2  31   -1.31    3.90    3.90    2.06    1.42       4.06    4.06    0.00   -2.50      0.494   0.494   0.000
  12 1794.2   9/2-   9/2  29    3.56    2.70    2.70   19.01    4.43       2.53    2.53    0.00   -1.05      0.309   0.309   0.000
  13 1827.3   1/2-   1/2  30    0.50    3.98    3.98    0.25    0.42       4.12    4.12   -0.00   -2.73      0.502   0.502  -0.000
  14 1896.1   5/2-  -3/2  31   -0.52    3.78    3.78    1.57    1.63       4.10    4.10    0.00   -1.50      0.500   0.500   0.000
  15 2030.1   3/2-   1/2  30    0.35    3.22    3.22    0.40    0.53       4.26    4.26   -0.00   -1.99      0.519   0.519  -0.000
  
  16 2316.4   7/2-  -7/2  28   -2.59    2.29    2.29   10.17    2.95       3.54    3.54    0.00   -1.14      0.432   0.432   0.000
  17 2412.7   7/2-   1/2  34   -0.20    1.63    1.63    2.39    0.34       9.34    9.34    0.00   -0.99      1.139   1.139   0.000
  18 2421.6   9/2-   1/2  34   -0.37    1.40    1.40    1.28    0.80      10.44   10.44    0.00   -0.02      1.273   1.273   0.000
  19 2445.7   9/2-   5/2  33    0.65    1.94    1.94    3.14    1.06      10.62   10.62    0.00   -0.38      1.295   1.295   0.000
  20 2471.0  11/2-   5/2  33    1.05    2.45    2.45    6.51    2.27      10.03   10.03    0.00    0.48      1.223   1.223   0.000
  
  21 2775.0   7/2-   1/2  35   -0.00   28.63   28.63    1.97    7.14       9.14    9.14    0.00   -7.22      1.114   1.114   0.000
  22 2776.5  11/2-   9/2  29    2.63    2.82    2.82   16.17    3.61       7.19    7.19    0.00   -0.06      0.876   0.876   0.000
  23 3101.2  13/2-   5/2  37    0.03   26.33   26.33    8.23    6.75       7.67    7.67    0.00   -3.51      0.935   0.935   0.000
  24 3177.8   5/2-   1/2  30   -0.18    4.04    4.04    1.03   -0.44      10.23   10.23   -0.00   -2.30      1.248   1.248  -0.000
  25 3212.6  11/2-  -3/2  32   -0.11    2.03    2.03    2.47    1.52      12.06   12.06    0.00    0.52      1.470   1.470   0.000
  
  26 3245.3   9/2-  -7/2  28   -2.48    2.51    2.51   11.63    2.87       6.43    6.43    0.00   -0.66      0.784   0.784   0.000
  27 3274.6  13/2-   5/2  33    0.38    3.44    3.44    3.45    2.48      12.20   12.20    0.00    1.42      1.487   1.487   0.000
  28 3592.3   1/2-   1/2  26    0.50    4.67    4.67    0.25    0.67       4.59    4.59    0.00   -2.98      0.560   0.560   0.000
  29 3902.2  13/2-   9/2  29    2.26    3.34    3.34   16.92    3.69      10.44   10.44    0.00    0.47      1.273   1.273   0.000
  30 4350.5  11/2-  -7/2  28   -1.92    2.65    2.65   11.39    2.59      10.74   10.74    0.00   -0.26      1.310   1.310   0.000
  
  31 4692.4   3/2-   1/2  26    0.42    5.31    5.31    0.33   -1.50      10.25   10.25    0.00   -3.06      1.249   1.249   0.000
  32 5055.3  13/2-   1/2  34    0.19    1.60    1.60    1.58    0.80      21.17   21.17   -0.00    0.13      2.581   2.581  -0.000
  33 5154.7  13/2-   5/2  33    0.23    1.98    1.98    4.64    1.15      20.65   20.65    0.00   -0.09      2.518   2.518   0.000
  34 8451.5   1/2-   1/2  35    0.50   29.16   29.16    0.25   -4.11      33.22   33.22    0.00   -7.62      4.050   4.050   0.000
  35*******   1/2-  -3/2  32    0.00    0.00    0.00    0.00   -0.00       0.00    0.00    0.00   -0.00      0.000   0.000   0.000
  
