1SPECTRUM OF (Z= 82 A=207) IN PARTICLE-ROTOR  MODEL WITH MODIFIED OSCILLATOR POTENTIAL


 PARITY=-   EPS= 0.250   GAMMA=  0.0   EPS4=0.000   EPS6=0.000   LEVELS:  24  25  26  27  28  29  30  31  32  33  34  35  36  37  38

 PAIRING FACTORS: GN0= 19.20  GN1=  7.40  IPAIR= 15 ***  E2PLUS(INPUT)=   0.730  E2PLUR(INPUT)=   0.000

 CORIOLIS ATTENUATION PARAMETERS:  CHSI=1.000  ETA=  1.00

 MOMENT OF INERTIA PARAMETERS:   A1=  0.122 MEV   A2=  0.122 MEV   A3=121.91924 MEV


 DELTA=0.938 MEV  LAMBDA=53.4035 MEV   HW0= 7.4660 MEV   LAMBDA/HW0= 7.1529

 E2ENERGY=0.730 MEV  HBAR**2/B=11589./A**(7/3)=1959.0/A**2 MEV

 IREC=0  =>  RECOIL TERMS j+j-, j+j+, jzjz, ETC TREATED AS ONE-BODY OPERATORS WITH UU+VV PAIRING FACTORS



 S. P. LEVEL   EQP       U     V        (UU + VV)**1.00

     24       5.145    0.091 0.996      1.000 1.000 1.000 0.999 0.987 0.985 0.979 0.967 0.717 0.552 0.456 0.398 0.371 0.309 0.266
     25       4.133    0.114 0.993      1.000 1.000 1.000 1.000 0.990 0.988 0.984 0.972 0.733 0.571 0.477 0.419 0.392 0.330 0.288
     26       3.857    0.122 0.992      1.000 1.000 1.000 1.000 0.992 0.990 0.985 0.974 0.738 0.577 0.484 0.426 0.400 0.338 0.296
     27       3.310    0.143 0.990      0.999 1.000 1.000 1.000 0.994 0.992 0.989 0.979 0.752 0.594 0.502 0.445 0.419 0.358 0.316
     28       1.938    0.250 0.968      0.987 0.990 0.992 0.994 1.000 1.000 0.999 0.995 0.819 0.678 0.593 0.540 0.515 0.457 0.417
     29       1.846    0.263 0.965      0.985 0.988 0.990 0.992 1.000 1.000 1.000 0.996 0.827 0.688 0.604 0.552 0.527 0.469 0.430
     30       1.685    0.291 0.957      0.979 0.984 0.985 0.989 0.999 1.000 1.000 0.998 0.843 0.709 0.627 0.575 0.551 0.494 0.456
     31       1.452    0.344 0.939      0.967 0.972 0.974 0.979 0.995 0.996 0.998 1.000 0.872 0.747 0.669 0.620 0.597 0.542 0.505
     32       0.949    0.760 0.650      0.717 0.733 0.738 0.752 0.819 0.827 0.843 0.872 1.000 0.977 0.947 0.925 0.913 0.884 0.863
     33       1.125    0.881 0.473      0.552 0.571 0.577 0.594 0.678 0.688 0.709 0.747 0.977 1.000 0.994 0.985 0.979 0.964 0.951
     34       1.354    0.928 0.373      0.456 0.477 0.484 0.502 0.593 0.604 0.627 0.669 0.947 0.994 1.000 0.998 0.996 0.987 0.979
     35       1.579    0.950 0.312      0.398 0.419 0.426 0.445 0.540 0.552 0.575 0.620 0.925 0.985 0.998 1.000 1.000 0.995 0.990
     36       1.718    0.959 0.285      0.371 0.392 0.400 0.419 0.515 0.527 0.551 0.597 0.913 0.979 0.996 1.000 1.000 0.998 0.994
     37       2.182    0.975 0.220      0.309 0.330 0.338 0.358 0.457 0.469 0.494 0.542 0.884 0.964 0.987 0.995 0.998 1.000 0.999
     38       2.691    0.984 0.177      0.266 0.288 0.296 0.316 0.417 0.430 0.456 0.505 0.863 0.951 0.979 0.990 0.994 0.999 1.000

  R CORE   ENERGY   A0R/A00=1.000    R3= 0     2  
   2( 1)    0.732                    1.000 0.000
   2( 2)  487.921                    0.000 1.000

  R CORE   ENERGY   A0R/A00=1.000    R3= 0     2  
   3( 1)  488.652                    0.000 1.000

  R CORE   ENERGY   A0R/A00=1.000    R3= 0     2     4  
   4( 1)    2.438                    1.000 0.000 0.000

  R CORE   ENERGY   A0R/A00=1.000    R3= 0     2     4  
   5( 1)  490.847                    0.000 1.000 0.000

  R CORE   ENERGY   A0R/A00=1.000    R3= 0     2     4     6  
   6( 1)    5.121                    1.000 0.000 0.000 0.000

  R CORE   ENERGY   A0R/A00=1.000    R3= 0     2     4     6  
   7( 1)  494.017                    0.000 1.000 0.000 0.000

          AXIAL SYMMETRY => K RESTRICTED TO OMEGA

                     K
     S.P. ORB#: 24  2.50
     S.P. ORB#: 25  0.50
     S.P. ORB#: 26  2.50
     S.P. ORB#: 27 -3.50
     S.P. ORB#: 28 -3.50
     S.P. ORB#: 29  0.50
     S.P. ORB#: 30 -1.50
     S.P. ORB#: 31  4.50
     S.P. ORB#: 32  0.50
     S.P. ORB#: 33 -1.50
     S.P. ORB#: 34 -1.50
     S.P. ORB#: 35  2.50
     S.P. ORB#: 36  2.50
     S.P. ORB#: 37  0.50
     S.P. ORB#: 38 -3.50
 

             ENERGY    K= OMEGA
 
 I=  1/2- (1)  2.475  25:-0.054
                      29:-0.055
                      37:-0.997
 
 I=  1/2- (2)  2.978  29: 0.998
                      37:-0.053
 
 I=  1/2- (3)  5.506  25: 0.998
                      37:-0.056
 
 I=  1/2- (4)  8.377  32: 1.000
 
 I=  1/2- (5)147.428  33:-1.000

             ENERGY    K= OMEGA
 
 I=  3/2- (1)  1.866  25: 0.055
                      29: 0.216
                      30: 0.115
                      34: 0.965
                      37:-0.071
 
 I=  3/2- (2)  2.799  25:-0.112
                      29: 0.107
                      30:-0.941
                      34: 0.115
                      37: 0.277

             ENERGY    K= OMEGA
 
 I=  5/2- (1)  2.043  25: 0.082
                      29:-0.190
                      30:-0.250
                      34: 0.478
                      35: 0.814
                      37:-0.056
 
 I=  5/2- (2)  2.530  29: 0.180
                      30:-0.258
                      34:-0.832
                      35: 0.444
                      37:-0.092
 
 I=  5/2- (3)  2.884  24: 0.061
                      25:-0.214
                      29: 0.415
                      30: 0.589
                      35: 0.330
                      37: 0.567
 
 I=  5/2- (4)  3.405  25: 0.247
                      29:-0.211
                      30:-0.463
                      34:-0.052
                      35:-0.129
                      37: 0.811
 
 I=  5/2- (5)  4.271  24: 0.063
                      25: 0.078
                      29:-0.814
                      30: 0.489
                      34:-0.271
                      35: 0.114

             ENERGY    K= OMEGA
 
 I=  7/2- (1)  2.662  26:-0.194
                      27: 0.106
                      28: 0.857
                      29:-0.069
                      30: 0.169
                      34:-0.164
                      35: 0.392
 
 I=  7/2- (2)  2.695  26: 0.126
                      28:-0.428
                      29:-0.223
                      30: 0.204
                      34:-0.534
                      35: 0.651
 
 I=  7/2- (3)  3.156  25:-0.221
                      28: 0.145
                      29:-0.386
                      30:-0.417
                      34:-0.619
                      35:-0.430
                      37: 0.191
 
 I=  7/2- (4)  3.244  32: 0.740
                      33: 0.570
                      36: 0.332
                      38: 0.130
 
 I=  7/2- (5)  4.157  24:-0.160
                      25: 0.145
                      27: 0.119
                      29:-0.254
                      30: 0.769
                      34:-0.170
                      35:-0.466
                      37:-0.191

             ENERGY    K= OMEGA
 
 I=  9/2- (1)  2.214  24: 0.065
                      26:-0.061
                      27: 0.266
                      28:-0.163
                      31:-0.945
 
 I=  9/2- (2)  3.270  24: 0.070
                      25:-0.261
                      27: 0.071
                      28: 0.139
                      29: 0.370
                      30: 0.501
                      34:-0.388
                      35:-0.576
                      37: 0.171
 
 I=  9/2- (3)  3.554  24:-0.067
                      26:-0.310
                      27:-0.127
                      28:-0.906
                      29: 0.079
                      31: 0.142
                      34:-0.181
 
 I=  9/2- (4)  4.296  24:-0.090
                      25: 0.230
                      28: 0.128
                      29:-0.129
                      30:-0.481
                      34:-0.654
                      35:-0.273
                      37:-0.413
 
 I=  9/2- (5)  4.517  32:-0.249
                      33: 0.609
                      36:-0.643
                      38: 0.393

             ENERGY    K= OMEGA
 
 I= 11/2- (1)  2.294  32: 0.697
                      33: 0.574
                      36: 0.387
                      38: 0.187
 
 I= 11/2- (2)  3.153  24: 0.111
                      26:-0.099
                      27:-0.368
                      28: 0.212
                      31:-0.890
 
 I= 11/2- (3)  4.582  24:-0.129
                      25: 0.078
                      26:-0.249
                      27: 0.170
                      28: 0.657
                      29:-0.099
                      30: 0.365
                      34:-0.206
                      35: 0.515
 
 I= 11/2- (4)  4.661  25:-0.063
                      26: 0.247
                      27:-0.070
                      28:-0.519
                      29:-0.318
                      30: 0.155
                      31:-0.163
                      34:-0.547
                      35: 0.453
                      37: 0.056
 
 I= 11/2- (5)  5.114  24: 0.067
                      25:-0.332
                      26:-0.088
                      28: 0.319
                      29:-0.453
                      30:-0.479
                      31: 0.124
                      34:-0.432
                      35:-0.297
                      37: 0.225

             ENERGY    K= OMEGA
 
 I= 13/2- (1)  4.281  24: 0.158
                      26:-0.125
                      27: 0.437
                      28:-0.231
                      30: 0.095
                      31:-0.832
                      35:-0.077
 
 I= 13/2- (2)  4.581  32: 0.236
                      33:-0.590
                      36: 0.651
                      38:-0.416
 
 I= 13/2- (3)  5.221  24:-0.092
                      25: 0.371
                      26:-0.055
                      28:-0.145
                      29:-0.435
                      30:-0.563
                      31:-0.150
                      34: 0.295
                      35: 0.415
                      37:-0.205
 
 I= 13/2- (4)  5.976  24:-0.125
                      26:-0.394
                      27:-0.196
                      28:-0.836
                      29: 0.106
                      31: 0.186
                      34:-0.207
 
 I= 13/2- (5)  6.916  24: 0.075
                      25:-0.232
                      28:-0.143
                      29: 0.117
                      30: 0.325
                      34: 0.625
                      35: 0.501
                      37: 0.397

             ENERGY     K=-7/2
  32 LEVELS    TIME=  0.0 SEC



 ******************* EXCITATION ENERGIES, DOMINANT CONFIGURATION AND EXPECTATION VALUES (WITH S.P. UU+VV FACTORS) *******************

  NR  Eex(keV)  I   Kdom  NY    <Jz>  <Jx**2> <Jy**2> <Jz**2> <I.j>/|I|  <Rx**2> <Ry**2> <Rz**2> <R.j>/|R|  <HROTx> <HROTy> <HROTz>

   1    0.0   3/2-  -3/2  34   -1.39    1.71    1.71    2.14    1.41       1.93    1.93    0.00   -1.44      0.236   0.236   0.000
   2  176.5   5/2-   5/2  35    1.24    2.11    2.11    4.81    2.34       1.96    1.96    0.00   -1.06      0.239   0.239   0.000
   3  347.7   9/2-   9/2  31    3.70    2.70    2.70   19.33    4.48       2.43    2.43   -0.00   -1.10      0.296   0.296  -0.001
   4  428.1  11/2-   1/2  32   -0.00   26.52   26.52    2.23    6.85       4.56    4.56    0.00   -4.74      0.556   0.556   0.000
   5  609.2   1/2-   1/2  37    0.50    1.40    1.40    0.25    0.83       1.18    1.18   -0.00   -1.52      0.144   0.144  -0.000
  
   6  664.1   5/2-  -3/2  34   -0.62    1.71    1.71    2.96    1.06       4.43    4.43    0.00   -1.09      0.540   0.540   0.000
   7  796.3   7/2-  -7/2  28   -2.21    2.24    2.24   10.48    3.14       2.91    2.91   -0.00   -1.04      0.354   0.354  -0.000
   8  829.1   7/2-   5/2  35   -0.01    2.20    2.20    5.74    2.17       4.34    4.34   -0.00   -0.52      0.530   0.530  -0.000
   9  932.9   3/2-  -3/2  30   -1.30    4.26    4.26    2.05    1.48       4.30    4.30   -0.00   -2.63      0.524   0.524  -0.000
  10 1018.3   5/2-  -3/2  30    0.03    3.58    3.58    1.62    1.72       3.68    3.68    0.00   -1.36      0.449   0.449   0.000
  
  11 1111.6   1/2-   1/2  29    0.50    4.38    4.38    0.25    0.30       4.62    4.62    0.00   -2.88      0.564   0.564   0.000
  12 1286.7  11/2-   9/2  31    2.99    3.11    3.11   18.42    4.12       5.57    5.57   -0.00   -0.00      0.679   0.679  -0.000
  13 1290.3   7/2-  -3/2  34   -0.33    2.39    2.39    2.75    1.44       5.91    5.91    0.00   -0.52      0.721   0.721   0.000
  14 1377.8   7/2-   1/2  32    0.00   26.58   26.58    1.77    6.71       8.71    8.71    0.00   -6.78      1.062   1.062   0.000
  15 1403.5   9/2-   5/2  35    0.28    3.53    3.53    3.41    2.36       5.88    5.88    0.00    0.37      0.717   0.717   0.000
  
  16 1539.1   5/2-   1/2  37    0.10    2.17    2.17    0.80    0.64       5.04    5.04   -0.00   -1.02      0.615   0.615  -0.000
  17 1687.9   9/2-  -7/2  28   -2.63    2.40    2.40   11.38    2.94       5.84    5.84   -0.00   -0.46      0.712   0.712  -0.000
  18 2290.8   7/2-  -3/2  30   -0.31    3.87    3.87    3.12    0.96       9.49    9.49   -0.00   -1.62      1.156   1.156  -0.000
  19 2405.0   5/2-   1/2  29   -0.09    4.33    4.33    0.98   -0.32      10.15   10.15   -0.00   -2.35      1.238   1.238  -0.000
  20 2415.4  13/2-   9/2  31    2.36    3.53    3.53   17.34    3.88       9.47    9.47   -0.00    0.62      1.154   1.154  -0.000
  
  21 2429.6   9/2-  -3/2  34   -0.72    2.42    2.42    2.29    1.13      10.29   10.29    0.00   -0.33      1.255   1.255   0.000
  22 2651.4   9/2-   5/2  36   -0.03   26.11   26.11    5.32    5.87      11.96   11.96    0.00   -5.80      1.458   1.458   0.000
  23 2714.8  13/2-   5/2  36   -0.04   26.05   26.05    5.56    5.89      12.07   12.07    0.00   -3.36      1.472   1.472   0.000
  24 2715.7  11/2-  -7/2  28   -1.00    2.67    2.67    8.24    2.36      10.56   10.56   -0.00    0.12      1.287   1.287  -0.000
  25 2794.9  11/2-  -3/2  34   -0.60    2.43    2.43    6.33    1.96      11.74   11.74   -0.00    0.11      1.431   1.431  -0.000
  
  26 3247.9  11/2-  -3/2  30   -0.48    3.02    3.02    3.22    1.63      12.78   12.78   -0.00    0.09      1.559   1.559  -0.000
  27 3354.6  13/2-  -3/2  30    0.07    4.29    4.29    2.87    2.46      12.95   12.95    0.00    1.12      1.579   1.579   0.000
  28 3640.2   1/2-   1/2  25    0.50    5.77    5.77    0.25    0.69       5.67    5.67    0.00   -3.32      0.691   0.691   0.000
  29 4110.4  13/2-  -7/2  28   -2.06    2.60    2.60   10.91    2.48      15.08   15.08   -0.00    0.22      1.839   1.839  -0.000
  30 5049.6  13/2-  -3/2  34   -0.06    2.15    2.15    3.05    0.99      21.12   21.12    0.00   -0.06      2.574   2.574   0.000
  
  31 6511.0   1/2-   1/2  32    0.50   26.61   26.61    0.25   -3.87      30.46   30.46    0.00   -7.28      3.714   3.714   0.000
  32*******   1/2-  -3/2  33    0.00    0.00    0.00    0.00   -0.00       0.00    0.00    0.00   -0.00      0.000   0.000   0.000
