1SPECTRUM OF (Z= 82 A=207) IN PARTICLE-ROTOR  MODEL WITH MODIFIED OSCILLATOR POTENTIAL


 PARITY=-   EPS= 0.329   GAMMA=  0.0   EPS4=0.000   EPS6=0.000   LEVELS:  25  26  27  28  29  30  31  32  33  34  35  36  37  38  39

 PAIRING FACTORS: GN0= 19.20  GN1=  7.40  IPAIR= 15 ***  E2PLUS(INPUT)=   0.730  E2PLUR(INPUT)=   0.000

 CORIOLIS ATTENUATION PARAMETERS:  CHSI=1.000  ETA=  1.00

 MOMENT OF INERTIA PARAMETERS:   A1=  0.122 MEV   A2=  0.122 MEV   A3=121.91924 MEV


 DELTA=0.922 MEV  LAMBDA=53.3202 MEV   HW0= 7.5091 MEV   LAMBDA/HW0= 7.1008

 E2ENERGY=0.730 MEV  HBAR**2/B=20070./A**(7/3)=3392.8/A**2 MEV

 IREC=0  =>  RECOIL TERMS j+j-, j+j+, jzjz, ETC TREATED AS ONE-BODY OPERATORS WITH UU+VV PAIRING FACTORS



 S. P. LEVEL   EQP       U     V        (UU + VV)**1.00

     25       4.174    0.111 0.994      1.000 0.999 0.998 0.983 0.964 0.947 0.925 0.883 0.698 0.557 0.305 0.298 0.283 0.279 0.246
     26       3.189    0.146 0.989      0.999 1.000 0.999 0.989 0.973 0.958 0.938 0.899 0.723 0.586 0.338 0.332 0.317 0.313 0.280
     27       2.632    0.178 0.984      0.998 0.999 1.000 0.993 0.980 0.967 0.948 0.913 0.745 0.612 0.369 0.362 0.347 0.343 0.311
     28       1.657    0.291 0.957      0.983 0.989 0.993 1.000 0.996 0.990 0.979 0.954 0.817 0.699 0.474 0.467 0.454 0.449 0.419
     29       1.336    0.372 0.928      0.964 0.973 0.980 0.996 1.000 0.998 0.993 0.976 0.864 0.758 0.548 0.542 0.528 0.524 0.495
     30       1.202    0.423 0.906      0.947 0.958 0.967 0.990 0.998 1.000 0.998 0.987 0.891 0.794 0.594 0.588 0.575 0.572 0.543
     31       1.093    0.481 0.877      0.925 0.938 0.948 0.979 0.993 0.998 1.000 0.995 0.918 0.831 0.644 0.639 0.627 0.623 0.596
     32       0.990    0.564 0.826      0.883 0.899 0.913 0.954 0.976 0.987 0.995 1.000 0.952 0.881 0.716 0.711 0.700 0.696 0.672
     33       0.951    0.789 0.614      0.698 0.723 0.745 0.817 0.864 0.891 0.918 0.952 1.000 0.983 0.895 0.892 0.884 0.882 0.866
     34       1.126    0.887 0.461      0.557 0.586 0.612 0.699 0.758 0.794 0.831 0.881 0.983 1.000 0.961 0.959 0.954 0.953 0.942
     35       2.384    0.980 0.197      0.305 0.338 0.369 0.474 0.548 0.594 0.644 0.716 0.895 0.961 1.000 1.000 1.000 1.000 0.998
     36       2.468    0.982 0.190      0.298 0.332 0.362 0.467 0.542 0.588 0.639 0.711 0.892 0.959 1.000 1.000 1.000 1.000 0.999
     37       2.676    0.985 0.175      0.283 0.317 0.347 0.454 0.528 0.575 0.627 0.700 0.884 0.954 1.000 1.000 1.000 1.000 0.999
     38       2.746    0.985 0.170      0.279 0.313 0.343 0.449 0.524 0.572 0.623 0.696 0.882 0.953 1.000 1.000 1.000 1.000 0.999
     39       3.401    0.991 0.137      0.246 0.280 0.311 0.419 0.495 0.543 0.596 0.672 0.866 0.942 0.998 0.999 0.999 0.999 1.000

  R CORE   ENERGY   A0R/A00=1.000    R3= 0     2  
   2( 1)    0.732                    1.000 0.000
   2( 2)  487.921                    0.000 1.000

  R CORE   ENERGY   A0R/A00=1.000    R3= 0     2  
   3( 1)  488.652                    0.000 1.000

  R CORE   ENERGY   A0R/A00=1.000    R3= 0     2     4  
   4( 1)    2.438                    1.000 0.000 0.000

  R CORE   ENERGY   A0R/A00=1.000    R3= 0     2     4  
   5( 1)  490.847                    0.000 1.000 0.000

  R CORE   ENERGY   A0R/A00=1.000    R3= 0     2     4     6  
   6( 1)    5.121                    1.000 0.000 0.000 0.000

  R CORE   ENERGY   A0R/A00=1.000    R3= 0     2     4     6  
   7( 1)  494.017                    0.000 1.000 0.000 0.000

          AXIAL SYMMETRY => K RESTRICTED TO OMEGA

                     K
     S.P. ORB#: 25  0.50
     S.P. ORB#: 26  2.50
     S.P. ORB#: 27 -3.50
     S.P. ORB#: 28  0.50
     S.P. ORB#: 29  0.50
     S.P. ORB#: 30 -1.50
     S.P. ORB#: 31 -1.50
     S.P. ORB#: 32 -3.50
     S.P. ORB#: 33  4.50
     S.P. ORB#: 34  2.50
     S.P. ORB#: 35 -3.50
     S.P. ORB#: 36 -1.50
     S.P. ORB#: 37  0.50
     S.P. ORB#: 38  2.50
     S.P. ORB#: 39  0.50
 

             ENERGY    K= OMEGA
 
 I=  1/2- (1)  2.566  29:-0.998
 
 I=  1/2- (2)  3.740  25:-0.072
                      39:-0.997
 
 I=  1/2- (3)  5.746  25: 0.996
                      39:-0.070
 
 I=  1/2- (4)  5.969  28:-0.417
                      37: 0.909
 
 I=  1/2- (5)  8.745  28:-0.909
                      37:-0.417

             ENERGY    K= OMEGA
 
 I=  3/2- (1)  2.425  25:-0.119
                      29: 0.072
                      30:-0.979
                      36:-0.127
                      39: 0.077
 
 I=  3/2- (2)  2.537  25:-0.170
                      29:-0.882
                      36:-0.422
                      39: 0.118

             ENERGY    K= OMEGA
 
 I=  5/2- (1)  2.485  25:-0.254
                      29: 0.455
                      30: 0.769
                      36:-0.136
                      38:-0.309
                      39: 0.150
 
 I=  5/2- (2)  3.306  26:-0.066
                      29: 0.545
                      30:-0.433
                      36:-0.714
 
 I=  5/2- (3)  3.467  25:-0.120
                      29: 0.375
                      30: 0.107
                      36: 0.243
                      38: 0.871
                      39: 0.127
 
 I=  5/2- (4)  4.207  29:-0.523
                      30: 0.398
                      36:-0.613
                      38: 0.380
                      39:-0.211
 
 I=  5/2- (5)  4.583  25:-0.165
                      26: 0.055
                      29: 0.192
                      36: 0.169
                      39:-0.950

             ENERGY    K= OMEGA
 
 I=  7/2- (1)  1.787  26:-0.196
                      27: 0.051
                      32: 0.979
 
 I=  7/2- (2)  3.310  25:-0.189
                      29: 0.079
                      30:-0.836
                      36: 0.088
                      38:-0.488
                      39: 0.100
 
 I=  7/2- (3)  3.417  25:-0.265
                      29:-0.808
                      30:-0.109
                      36:-0.473
                      38: 0.108
                      39: 0.166
 
 I=  7/2- (4)  3.477  28: 0.717
                      31: 0.581
                      34: 0.354
                      35: 0.149
 
 I=  7/2- (5)  4.375  26: 0.172
                      27: 0.571
                      29: 0.335
                      30:-0.344
                      36:-0.331
                      38: 0.551

             ENERGY    K= OMEGA
 
 I=  9/2- (1)  1.838  26:-0.072
                      27: 0.195
                      32:-0.232
                      33:-0.950
 
 I=  9/2- (2)  2.740  26:-0.268
                      27:-0.090
                      30:-0.052
                      32:-0.928
                      33: 0.229
 
 I=  9/2- (3)  3.474  25:-0.361
                      29: 0.491
                      30: 0.685
                      32:-0.065
                      36:-0.180
                      38:-0.298
                      39: 0.183
 
 I=  9/2- (4)  4.603  28: 0.230
                      31:-0.576
                      34: 0.661
                      35:-0.423
 
 I=  9/2- (5)  5.118  25: 0.051
                      26:-0.118
                      27: 0.100
                      29: 0.387
                      30:-0.451
                      32: 0.055
                      36:-0.771
                      38:-0.079
                      39:-0.131

             ENERGY    K= OMEGA
 
 I= 11/2- (1)  2.812  28:-0.683
                      31:-0.579
                      34:-0.394
                      35:-0.202
                      37:-0.056
 
 I= 11/2- (2)  2.923  26:-0.123
                      27:-0.264
                      32: 0.321
                      33:-0.901
 
 I= 11/2- (3)  3.925  26: 0.314
                      27:-0.130
                      30:-0.062
                      32:-0.880
                      33:-0.319
                      38:-0.061
 
 I= 11/2- (4)  5.142  25:-0.368
                      29:-0.347
                      30:-0.739
                      32: 0.091
                      36:-0.114
                      38:-0.373
                      39: 0.189
 
 I= 11/2- (5)  5.260  25: 0.149
                      29: 0.711
                      30:-0.319
                      36: 0.472
                      38:-0.367
                      39:-0.099

             ENERGY    K= OMEGA
 
 I= 13/2- (1)  4.227  26:-0.168
                      27: 0.309
                      32:-0.380
                      33:-0.855
 
 I= 13/2- (2)  4.985  28:-0.221
                      31: 0.560
                      34:-0.663
                      35: 0.445
 
 I= 13/2- (3)  5.277  25:-0.299
                      26: 0.249
                      27: 0.129
                      29: 0.338
                      30: 0.471
                      32: 0.586
                      33:-0.269
                      36:-0.101
                      38:-0.225
                      39: 0.138
 
 I= 13/2- (4)  5.427  25:-0.308
                      26:-0.238
                      27:-0.107
                      29: 0.371
                      30: 0.444
                      32:-0.601
                      33: 0.270
                      36:-0.154
                      38:-0.160
                      39: 0.141
 
 I= 13/2- (5)  7.879  25:-0.126
                      26: 0.132
                      27:-0.140
                      29:-0.179
                      30: 0.348
                      32:-0.081
                      33:-0.061
                      36: 0.777
                      38: 0.352
                      39: 0.238

             ENERGY     K= 1/2
  32 LEVELS    TIME=  0.0 SEC



 ******************* EXCITATION ENERGIES, DOMINANT CONFIGURATION AND EXPECTATION VALUES (WITH S.P. UU+VV FACTORS) *******************

  NR  Eex(keV)  I   Kdom  NY    <Jz>  <Jx**2> <Jy**2> <Jz**2> <I.j>/|I|  <Rx**2> <Ry**2> <Rz**2> <R.j>/|R|  <HROTx> <HROTy> <HROTz>

   1    0.0   7/2-  -7/2  32   -3.26    2.31    2.31   12.01    3.35       2.90    2.90    0.00   -1.39      0.354   0.354   0.000
   2   50.4   9/2-   9/2  33    3.75    2.54    2.54   19.44    4.28       3.32    3.32   -0.00   -1.24      0.405   0.405  -0.000
   3  638.3   3/2-  -3/2  30   -1.45    4.59    4.59    2.20    1.48       4.71    4.71   -0.00   -2.78      0.574   0.574  -0.000
   4  697.6   5/2-  -3/2  30   -0.53    4.73    4.73    2.05    2.26       3.46    3.46   -0.00   -1.84      0.422   0.422  -0.000
   5  750.2   3/2-   1/2  29    0.14    3.98    3.98    0.61    1.30       3.65    3.65   -0.00   -2.24      0.445   0.445  -0.000
  
   6  779.2   1/2-   1/2  29    0.50    4.78    4.78    0.25    0.31       5.01    5.01   -0.00   -3.01      0.611   0.611  -0.000
   7  953.1   9/2-  -7/2  32   -2.63    2.42    2.42   12.19    2.90       6.46    6.46    0.00   -0.72      0.787   0.787   0.000
   8 1024.8  11/2-   1/2  28   -0.02   24.48   24.48    2.34    6.32       5.71    5.71   -0.00   -3.99      0.697   0.697  -0.000
   9 1135.6  11/2-   9/2  33    3.09    2.76    2.76   18.65    3.76       7.45    7.45   -0.00   -0.43      0.908   0.908  -0.000
  10 1518.3   5/2-  -3/2  36   -0.88    2.95    2.95    1.67    0.81       5.77    5.77   -0.00   -1.53      0.703   0.703  -0.000
  
  11 1522.8   7/2-  -3/2  30   -0.45    4.13    4.13    3.13    1.76       6.56    6.56    0.00   -1.21      0.800   0.800   0.000
  12 1629.8   7/2-   1/2  29    0.05    3.73    3.73    0.81    1.42       6.37    6.37   -0.00   -0.74      0.777   0.777  -0.000
  13 1679.5   5/2-   5/2  38    1.88    2.36    2.36    4.94    1.83       3.78    3.78    0.00   -1.54      0.461   0.461   0.000
  14 1686.3   9/2-  -3/2  30   -0.34    4.93    4.93    1.84    2.34       6.57    6.57    0.00   -0.01      0.801   0.801   0.000
  15 1690.0   7/2-   1/2  28   -0.01   24.07   24.07    1.94    6.16       8.45    8.45   -0.00   -6.23      1.030   1.030  -0.000
  
  16 1953.2   1/2-   1/2  39    0.50    1.51    1.51    0.25    0.72       1.39    1.39    0.00   -1.59      0.169   0.169   0.000
  17 2137.7  11/2-  -7/2  32   -2.06    2.51    2.51   12.40    2.60      11.01   11.01    0.00   -0.39      1.342   1.342   0.000
  18 2419.7   5/2-  -3/2  36   -0.27    3.29    3.29    2.20   -0.04       8.88    8.88   -0.00   -2.11      1.083   1.083  -0.000
  19 2439.4  13/2-   9/2  33    2.52    2.95    2.95   17.93    3.41      12.49   12.49    0.00   -0.01      1.523   1.523   0.000
  20 2587.5   7/2-  -7/2  27   -0.60    3.91    3.91    6.62    1.71       8.30    8.30    0.00   -1.88      1.012   1.012   0.000
  
  21 2795.9   5/2-   1/2  39    0.45    1.64    1.64    0.33    0.33       5.20    5.20    0.00   -0.82      0.634   0.634   0.000
  22 2816.3   9/2-   5/2  34   -0.00   24.65   24.65    5.68    5.35      13.27   13.27    0.00   -5.51      1.617   1.617   0.000
  23 3197.5  13/2-   5/2  34   -0.04   24.64   24.64    5.89    5.33      14.73   14.73   -0.00   -3.31      1.796   1.796  -0.000
  24 3331.2   9/2-  -3/2  36   -1.10    2.59    2.59    2.13    0.71      12.50   12.50   -0.00   -0.76      1.524   1.524  -0.000
  25 3355.1  11/2-  -3/2  30   -0.37    4.19    4.19    2.32    1.68      13.18   13.18   -0.00   -0.13      1.607   1.607  -0.000
  
  26 3472.5  11/2-   1/2  29    0.12    3.64    3.64    1.74    1.41      13.98   13.98    0.00   -0.12      1.704   1.704   0.000
  27 3489.6  13/2-  -7/2  32   -0.89    3.84    3.84    7.16    2.44      14.79   14.79   -0.00    0.40      1.803   1.803  -0.000
  28 3639.7  13/2-  -7/2  32   -0.97    3.88    3.88    7.11    2.34      15.50   15.50    0.00    0.26      1.889   1.889   0.000
  29 3958.8   1/2-   1/2  25    0.50    6.56    6.56    0.25    0.66       6.49    6.49    0.00   -3.55      0.791   0.791   0.000
  30 4181.4   1/2-   1/2  37    0.50   12.39   12.39    0.25   -1.54      14.23   14.23    0.00   -4.94      1.735   1.735   0.000
  
  31 6091.9  13/2-  -3/2  36   -0.76    2.19    2.19    2.94    0.79      22.50   22.50   -0.00   -0.27      2.743   2.743  -0.000
  32 6957.6   1/2-   1/2  28    0.50   24.76   24.76    0.25   -3.56      28.34   28.34   -0.00   -7.02      3.455   3.455  -0.000
