1SPECTRUM OF (Z= 82 A=207) IN PARTICLE-ROTOR  MODEL WITH MODIFIED OSCILLATOR POTENTIAL


 PARITY=-   EPS= 0.300   GAMMA=  0.0   EPS4=0.000   EPS6=0.000   LEVELS:  25  26  27  28  29  30  31  32  33  34  35  36  37  38  39

 PAIRING FACTORS: GN0= 19.20  GN1=  7.40  IPAIR= 15 ***  E2PLUS(INPUT)=   0.730  E2PLUR(INPUT)=   0.000

 CORIOLIS ATTENUATION PARAMETERS:  CHSI=1.000  ETA=  1.00

 MOMENT OF INERTIA PARAMETERS:   A1=  0.122 MEV   A2=  0.122 MEV   A3=121.91924 MEV


 DELTA=0.949 MEV  LAMBDA=53.2882 MEV   HW0= 7.4917 MEV   LAMBDA/HW0= 7.1130

 E2ENERGY=0.730 MEV  HBAR**2/B=16688./A**(7/3)=2821.0/A**2 MEV

 IREC=0  =>  RECOIL TERMS j+j-, j+j+, jzjz, ETC TREATED AS ONE-BODY OPERATORS WITH UU+VV PAIRING FACTORS



 S. P. LEVEL   EQP       U     V        (UU + VV)**1.00

     25       4.122    0.116 0.993      1.000 1.000 0.999 0.974 0.962 0.950 0.943 0.847 0.807 0.476 0.345 0.318 0.302 0.274 0.260
     26       3.392    0.141 0.990      1.000 1.000 1.000 0.979 0.969 0.957 0.951 0.860 0.822 0.498 0.369 0.342 0.326 0.298 0.285
     27       2.838    0.170 0.986      0.999 1.000 1.000 0.985 0.976 0.965 0.960 0.875 0.838 0.523 0.396 0.369 0.353 0.326 0.312
     28       1.491    0.338 0.941      0.974 0.979 0.985 1.000 0.999 0.996 0.994 0.946 0.920 0.663 0.549 0.525 0.510 0.485 0.473
     29       1.347    0.381 0.925      0.962 0.969 0.976 0.999 1.000 0.999 0.998 0.959 0.937 0.696 0.587 0.564 0.549 0.525 0.513
     30       1.242    0.421 0.907      0.950 0.957 0.965 0.996 0.999 1.000 1.000 0.971 0.952 0.727 0.622 0.599 0.585 0.561 0.550
     31       1.200    0.440 0.898      0.943 0.951 0.960 0.994 0.998 1.000 1.000 0.976 0.958 0.742 0.638 0.616 0.602 0.579 0.567
     32       0.972    0.626 0.780      0.847 0.860 0.875 0.946 0.959 0.971 0.976 1.000 0.998 0.870 0.791 0.774 0.762 0.743 0.734
     33       0.952    0.679 0.734      0.807 0.822 0.838 0.920 0.937 0.952 0.958 0.998 1.000 0.903 0.832 0.816 0.806 0.788 0.780
     34       1.379    0.929 0.370      0.476 0.498 0.523 0.663 0.696 0.727 0.742 0.870 0.903 1.000 0.990 0.985 0.982 0.976 0.973
     35       2.085    0.972 0.234      0.345 0.369 0.396 0.549 0.587 0.622 0.638 0.791 0.832 0.990 1.000 1.000 0.999 0.997 0.996
     36       2.352    0.979 0.206      0.318 0.342 0.369 0.525 0.564 0.599 0.616 0.774 0.816 0.985 1.000 1.000 1.000 0.999 0.998
     37       2.557    0.982 0.189      0.302 0.326 0.353 0.510 0.549 0.585 0.602 0.762 0.806 0.982 0.999 1.000 1.000 1.000 0.999
     38       2.997    0.987 0.160      0.274 0.298 0.326 0.485 0.525 0.561 0.579 0.743 0.788 0.976 0.997 0.999 1.000 1.000 1.000
     39       3.270    0.989 0.147      0.260 0.285 0.312 0.473 0.513 0.550 0.567 0.734 0.780 0.973 0.996 0.998 0.999 1.000 1.000

  R CORE   ENERGY   A0R/A00=1.000    R3= 0     2  
   2( 1)    0.732                    1.000 0.000
   2( 2)  487.921                    0.000 1.000

  R CORE   ENERGY   A0R/A00=1.000    R3= 0     2  
   3( 1)  488.652                    0.000 1.000

  R CORE   ENERGY   A0R/A00=1.000    R3= 0     2     4  
   4( 1)    2.438                    1.000 0.000 0.000

  R CORE   ENERGY   A0R/A00=1.000    R3= 0     2     4  
   5( 1)  490.847                    0.000 1.000 0.000

  R CORE   ENERGY   A0R/A00=1.000    R3= 0     2     4     6  
   6( 1)    5.121                    1.000 0.000 0.000 0.000

  R CORE   ENERGY   A0R/A00=1.000    R3= 0     2     4     6  
   7( 1)  494.017                    0.000 1.000 0.000 0.000

          AXIAL SYMMETRY => K RESTRICTED TO OMEGA

                     K
     S.P. ORB#: 25  0.50
     S.P. ORB#: 26  2.50
     S.P. ORB#: 27 -3.50
     S.P. ORB#: 28  0.50
     S.P. ORB#: 29 -1.50
     S.P. ORB#: 30 -3.50
     S.P. ORB#: 31  0.50
     S.P. ORB#: 32  4.50
     S.P. ORB#: 33 -1.50
     S.P. ORB#: 34  2.50
     S.P. ORB#: 35 -1.50
     S.P. ORB#: 36  2.50
     S.P. ORB#: 37 -3.50
     S.P. ORB#: 38  0.50
     S.P. ORB#: 39  0.50
 

             ENERGY    K= OMEGA
 
 I=  1/2- (1)  2.686  28:-0.997
                      38:-0.065
 
 I=  1/2- (2)  3.323  25:-0.068
                      28: 0.062
                      38:-0.996
 
 I=  1/2- (3)  5.629  25: 0.997
                      38:-0.065
 
 I=  1/2- (4)  6.273  31:-0.567
                      39: 0.824
 
 I=  1/2- (5)  8.987  31:-0.824
                      39:-0.567

             ENERGY    K= OMEGA
 
 I=  3/2- (1)  2.437  25:-0.162
                      28:-0.465
                      29:-0.492
                      35:-0.705
                      38: 0.135
 
 I=  3/2- (2)  2.558  28:-0.483
                      29: 0.833
                      35:-0.268
 
 I=  3/2- (3)  3.001  25:-0.190
                      28:-0.691
                      29:-0.183
                      35: 0.656
                      38: 0.151
 
 I=  3/2- (4)  4.033  25:-0.135
                      28:-0.149
                      29:-0.090
                      38:-0.975
 
 I=  3/2- (5)  4.775  31:-0.806
                      33:-0.380
                      39: 0.454

             ENERGY    K= OMEGA
 
 I=  5/2- (1)  2.482  25:-0.229
                      28: 0.413
                      29: 0.675
                      35:-0.242
                      36:-0.490
                      38: 0.150
 
 I=  5/2- (2)  3.073  25:-0.103
                      26: 0.058
                      28:-0.111
                      29: 0.491
                      35: 0.793
                      36: 0.285
                      38: 0.149
 
 I=  5/2- (3)  3.194  25: 0.136
                      28:-0.520
                      29:-0.072
                      35: 0.290
                      36:-0.780
                      38:-0.119
 
 I=  5/2- (4)  4.077  25: 0.072
                      28: 0.462
                      29:-0.457
                      35: 0.319
                      36:-0.233
                      38: 0.646
 
 I=  5/2- (5)  4.214  25:-0.157
                      28: 0.535
                      29:-0.188
                      35: 0.349
                      36:-0.127
                      38:-0.717

             ENERGY    K= OMEGA
 
 I=  7/2- (1)  2.014  26: 0.209
                      27:-0.059
                      30:-0.975
 
 I=  7/2- (2)  3.228  25: 0.064
                      28:-0.300
                      29: 0.598
                      35:-0.357
                      36: 0.645
 
 I=  7/2- (3)  3.271  31:-0.735
                      33:-0.572
                      34:-0.336
                      37:-0.134
 
 I=  7/2- (4)  3.380  25:-0.305
                      28:-0.624
                      29:-0.445
                      35:-0.510
                      36:-0.122
                      38: 0.203
 
 I=  7/2- (5)  4.248  26:-0.084
                      27:-0.176
                      28:-0.513
                      29: 0.542
                      35: 0.288
                      36:-0.567

             ENERGY    K= OMEGA
 
 I=  9/2- (1)  1.814  26: 0.066
                      27:-0.218
                      30: 0.193
                      32: 0.954
 
 I=  9/2- (2)  2.936  26:-0.286
                      27:-0.092
                      29:-0.058
                      30:-0.931
                      32: 0.186
                      36: 0.055
 
 I=  9/2- (3)  3.468  25:-0.350
                      28: 0.474
                      29: 0.648
                      30:-0.070
                      35:-0.236
                      36:-0.368
                      38: 0.189
 
 I=  9/2- (4)  4.490  31:-0.238
                      33: 0.600
                      34:-0.650
                      37: 0.401
 
 I=  9/2- (5)  4.840  25: 0.164
                      26:-0.092
                      27: 0.097
                      29:-0.378
                      35:-0.746
                      36:-0.441
                      38:-0.242

             ENERGY    K= OMEGA
 
 I= 11/2- (1)  2.515  31: 0.688
                      33: 0.578
                      34: 0.390
                      37: 0.193
 
 I= 11/2- (2)  2.856  26: 0.111
                      27: 0.294
                      30:-0.268
                      32: 0.911
 
 I= 11/2- (3)  4.087  26: 0.336
                      27:-0.126
                      29:-0.064
                      30:-0.890
                      32:-0.262
                      36:-0.064
 
 I= 11/2- (4)  5.111  25: 0.153
                      28:-0.201
                      29: 0.673
                      30:-0.063
                      35:-0.303
                      36: 0.615
                      38:-0.065
 
 I= 11/2- (5)  5.188  25:-0.362
                      28:-0.692
                      29:-0.317
                      30: 0.073
                      35:-0.487
                      38: 0.213

             ENERGY    K= OMEGA
 
 I= 13/2- (1)  4.117  26:-0.152
                      27: 0.342
                      30:-0.319
                      32:-0.870
 
 I= 13/2- (2)  4.733  31: 0.225
                      33:-0.579
                      34: 0.656
                      37:-0.428
 
 I= 13/2- (3)  5.321  25:-0.394
                      26: 0.138
                      27: 0.069
                      28: 0.451
                      29: 0.592
                      30: 0.309
                      32:-0.101
                      35:-0.182
                      36:-0.304
                      38: 0.188
 
 I= 13/2- (4)  5.503  25:-0.158
                      26:-0.344
                      27:-0.141
                      28: 0.201
                      29: 0.207
                      30:-0.798
                      32: 0.301
                      35:-0.126
                      36:-0.072
                      38: 0.074
 
 I= 13/2- (5)  7.550  25: 0.186
                      26:-0.091
                      27: 0.098
                      29:-0.271
                      30: 0.063
                      32: 0.056
                      35:-0.708
                      36:-0.531
                      38:-0.289

             ENERGY     K= 1/2
  35 LEVELS    TIME=  0.0 SEC



 ******************* EXCITATION ENERGIES, DOMINANT CONFIGURATION AND EXPECTATION VALUES (WITH S.P. UU+VV FACTORS) *******************

  NR  Eex(keV)  I   Kdom  NY    <Jz>  <Jx**2> <Jy**2> <Jz**2> <I.j>/|I|  <Rx**2> <Ry**2> <Rz**2> <R.j>/|R|  <HROTx> <HROTy> <HROTz>

   1    0.0   9/2-   9/2  32    3.81    2.57    2.57   19.51    4.36       3.01    3.01   -0.00   -1.21      0.367   0.367  -0.001
   2  200.4   7/2-  -7/2  30   -3.23    2.31    2.31   11.98    3.38       2.75    2.75    0.00   -1.35      0.336   0.336   0.000
   3  623.3   3/2-  -3/2  35   -0.98    2.74    2.74    1.73    1.58       2.42    2.42    0.00   -1.88      0.295   0.295   0.000
   4  668.3   5/2-  -3/2  29   -0.05    4.10    4.10    2.72    2.43       2.64    2.64   -0.00   -1.62      0.322   0.322  -0.000
   5  700.7  11/2-   1/2  31   -0.01   25.36   25.36    2.28    6.52       5.39    5.39    0.00   -4.27      0.657   0.657   0.000
  
   6  744.2   3/2-  -3/2  29   -1.03    4.58    4.58    1.78    1.41       4.61    4.61    0.00   -2.70      0.562   0.562   0.000
   7  872.2   1/2-   1/2  28    0.50    4.66    4.66    0.25    0.35       4.86    4.86   -0.00   -2.97      0.592   0.592  -0.000
   8 1042.3  11/2-   9/2  32    3.21    2.81    2.81   18.81    3.88       6.86    6.86    0.00   -0.32      0.837   0.837   0.000
   9 1121.8   9/2-  -7/2  30   -2.70    2.44    2.44   11.97    2.94       6.18    6.18    0.00   -0.63      0.754   0.754   0.000
  10 1187.4   3/2-   1/2  28   -0.43    3.25    3.25    1.18    0.55       4.63    4.63    0.00   -2.17      0.565   0.565   0.000
  
  11 1258.9   5/2-  -3/2  35   -1.07    2.17    2.17    2.50    1.10       4.53    4.53   -0.00   -1.19      0.553   0.553  -0.000
  12 1380.5   5/2-   5/2  36    1.54    2.77    2.77    4.08    1.63       4.35    4.35   -0.00   -1.62      0.530   0.530  -0.000
  13 1414.4   7/2-   5/2  36    0.35    3.26    3.26    3.76    1.89       5.50    5.50   -0.00   -0.83      0.670   0.670  -0.000
  14 1456.9   7/2-   1/2  31   -0.00   24.79   24.79    1.80    6.28       8.63    8.63    0.00   -6.36      1.052   1.052   0.000
  15 1508.6   1/2-   1/2  38    0.50    1.46    1.46    0.25    0.72       1.34    1.34   -0.00   -1.56      0.163   0.163  -0.000
  
  16 1566.6   7/2-   1/2  28   -0.39    3.37    3.37    1.28    1.51       5.91    5.91    0.00   -0.59      0.720   0.720   0.000
  17 1654.1   9/2-  -3/2  29   -0.20    4.63    4.63    2.09    2.38       6.20    6.20    0.00    0.14      0.756   0.756   0.000
  18 2218.7   3/2-   1/2  38    0.48    1.58    1.58    0.27   -0.39       4.35    4.35   -0.00   -1.42      0.531   0.531  -0.000
  19 2263.0   5/2-   1/2  38   -0.01    3.02    3.02    1.20    0.11       7.66    7.66    0.00   -1.76      0.934   0.934   0.000
  20 2272.8  11/2-  -7/2  30   -2.23    2.53    2.53   12.03    2.65      10.61   10.61    0.00   -0.28      1.293   1.293   0.000
  
  21 2303.6  13/2-   9/2  32    2.70    3.02    3.02   18.17    3.55      11.66   11.66    0.00    0.13      1.422   1.422   0.000
  22 2400.0   5/2-   1/2  38    0.22    2.54    2.54    0.67   -0.04       7.38    7.38   -0.00   -1.53      0.900   0.900  -0.000
  23 2434.3   7/2-   5/2  36    0.28    3.34    3.34    3.34    0.75       9.92    9.92   -0.00   -1.58      1.209   1.209  -0.000
  24 2676.2   9/2-   5/2  34   -0.02   25.20   25.20    5.43    5.56      12.65   12.65    0.00   -5.60      1.542   1.542   0.000
  25 2919.4  13/2-   5/2  34   -0.04   25.18   25.18    5.70    5.57      13.49   13.49    0.00   -3.30      1.645   1.645   0.000
  
  26 2961.2   3/2-   1/2  31    0.21   19.09   19.09    0.54    4.22      13.05   13.05    0.00   -5.98      1.592   1.592   0.000
  27 3025.9   9/2-  -3/2  35   -0.53    2.12    2.12    3.02    1.00      11.01   11.01   -0.00   -0.48      1.342   1.342  -0.000
  28 3297.3  11/2-  -3/2  29    0.15    3.50    3.50    3.72    1.67      13.27   13.27   -0.00   -0.15      1.618   1.618  -0.000
  29 3373.8  11/2-   1/2  28   -0.20    3.50    3.50    1.00    1.49      12.94   12.94    0.00    0.18      1.578   1.578   0.000
  30 3507.5  13/2-  -3/2  29   -0.40    4.61    4.61    3.10    2.43      13.56   13.56    0.00    0.89      1.653   1.653   0.000
  
  31 3688.8  13/2-  -7/2  30   -1.63    2.94    2.94   10.79    2.40      15.92   15.92    0.00    0.02      1.941   1.941   0.000
  32 3815.3   1/2-   1/2  25    0.50    6.31    6.31    0.25    0.68       6.22    6.22    0.00   -3.48      0.758   0.758   0.000
  33 4459.2   1/2-   1/2  39    0.50   12.87   12.87    0.25   -1.94      15.04   15.04    0.00   -5.04      1.834   1.834   0.000
  34 5735.9  13/2-  -3/2  35   -0.11    2.06    2.06    3.37    0.92      21.68   21.68   -0.00   -0.16      2.643   2.643  -0.000
  35 7172.7   1/2-   1/2  31    0.50   25.61   25.61    0.25   -3.57      29.20   29.20    0.00   -7.14      3.560   3.560   0.000
  
