1SPECTRUM OF (Z= 82 A=207) IN PARTICLE-ROTOR  MODEL WITH MODIFIED OSCILLATOR POTENTIAL


 PARITY=-   EPS= 0.344   GAMMA=  0.0   EPS4=0.000   EPS6=0.000   LEVELS:  24  25  26  27  28  29  30  31  32  33  34  35  36  37  38

 PAIRING FACTORS: GN0= 19.20  GN1=  7.40  IPAIR= 15 ***  E2PLUS(INPUT)=   0.730  E2PLUR(INPUT)=   0.000

 CORIOLIS ATTENUATION PARAMETERS:  CHSI=1.000  ETA=  1.00

 MOMENT OF INERTIA PARAMETERS:   A1=  0.122 MEV   A2=  0.122 MEV   A3=121.91924 MEV


 DELTA=0.904 MEV  LAMBDA=53.3589 MEV   HW0= 7.5188 MEV   LAMBDA/HW0= 7.0967

 E2ENERGY=0.730 MEV  HBAR**2/B=21942./A**(7/3)=3709.2/A**2 MEV

 IREC=0  =>  RECOIL TERMS j+j-, j+j+, jzjz, ETC TREATED AS ONE-BODY OPERATORS WITH UU+VV PAIRING FACTORS



 S. P. LEVEL   EQP       U     V        (UU + VV)**1.00

     24       4.540    0.100 0.995      1.000 1.000 0.999 0.997 0.990 0.956 0.956 0.936 0.823 0.612 0.610 0.300 0.293 0.270 0.254
     25       4.214    0.108 0.994      1.000 1.000 0.999 0.997 0.991 0.958 0.958 0.939 0.827 0.618 0.616 0.307 0.301 0.278 0.261
     26       3.097    0.148 0.989      0.999 0.999 1.000 0.999 0.996 0.969 0.969 0.952 0.849 0.649 0.647 0.345 0.339 0.316 0.300
     27       2.539    0.181 0.983      0.997 0.997 0.999 1.000 0.998 0.977 0.976 0.962 0.867 0.674 0.673 0.377 0.370 0.348 0.332
     28       1.961    0.237 0.971      0.990 0.991 0.996 0.998 1.000 0.988 0.987 0.976 0.894 0.716 0.714 0.429 0.423 0.401 0.386
     29       1.266    0.387 0.922      0.956 0.958 0.969 0.977 0.988 1.000 1.000 0.998 0.953 0.817 0.815 0.566 0.561 0.540 0.526
     30       1.261    0.389 0.921      0.956 0.958 0.969 0.976 0.987 1.000 1.000 0.998 0.954 0.818 0.817 0.568 0.562 0.542 0.528
     31       1.137    0.443 0.896      0.936 0.939 0.952 0.962 0.976 0.998 0.998 1.000 0.970 0.851 0.850 0.616 0.611 0.591 0.578
     32       0.916    0.648 0.762      0.823 0.827 0.849 0.867 0.894 0.953 0.954 0.970 1.000 0.953 0.952 0.789 0.785 0.769 0.758
     33       1.006    0.848 0.529      0.612 0.618 0.649 0.674 0.716 0.817 0.818 0.851 0.953 1.000 1.000 0.938 0.936 0.927 0.920
     34       1.008    0.849 0.528      0.610 0.616 0.647 0.673 0.714 0.815 0.817 0.850 0.952 1.000 1.000 0.939 0.936 0.928 0.921
     35       2.276    0.979 0.203      0.300 0.307 0.345 0.377 0.429 0.566 0.568 0.616 0.789 0.938 0.939 1.000 1.000 1.000 0.999
     36       2.348    0.981 0.196      0.293 0.301 0.339 0.370 0.423 0.561 0.562 0.611 0.785 0.936 0.936 1.000 1.000 1.000 0.999
     37       2.657    0.985 0.173      0.270 0.278 0.316 0.348 0.401 0.540 0.542 0.591 0.769 0.927 0.928 1.000 1.000 1.000 1.000
     38       2.938    0.988 0.156      0.254 0.261 0.300 0.332 0.386 0.526 0.528 0.578 0.758 0.920 0.921 0.999 0.999 1.000 1.000

  R CORE   ENERGY   A0R/A00=1.000    R3= 0     2  
   2( 1)    0.732                    1.000 0.000
   2( 2)  487.921                    0.000 1.000

  R CORE   ENERGY   A0R/A00=1.000    R3= 0     2  
   3( 1)  488.652                    0.000 1.000

  R CORE   ENERGY   A0R/A00=1.000    R3= 0     2     4  
   4( 1)    2.438                    1.000 0.000 0.000

  R CORE   ENERGY   A0R/A00=1.000    R3= 0     2     4  
   5( 1)  490.847                    0.000 1.000 0.000

  R CORE   ENERGY   A0R/A00=1.000    R3= 0     2     4     6  
   6( 1)    5.121                    1.000 0.000 0.000 0.000

  R CORE   ENERGY   A0R/A00=1.000    R3= 0     2     4     6  
   7( 1)  494.017                    0.000 1.000 0.000 0.000

          AXIAL SYMMETRY => K RESTRICTED TO OMEGA

                     K
     S.P. ORB#: 24 -5.50
     S.P. ORB#: 25  0.50
     S.P. ORB#: 26  2.50
     S.P. ORB#: 27 -3.50
     S.P. ORB#: 28  0.50
     S.P. ORB#: 29  0.50
     S.P. ORB#: 30 -1.50
     S.P. ORB#: 31 -1.50
     S.P. ORB#: 32 -3.50
     S.P. ORB#: 33  2.50
     S.P. ORB#: 34  4.50
     S.P. ORB#: 35 -3.50
     S.P. ORB#: 36  0.50
     S.P. ORB#: 37 -1.50
     S.P. ORB#: 38  2.50
 

             ENERGY    K= OMEGA
 
 I=  1/2- (1)  2.516  29: 0.999
 
 I=  1/2- (2)  5.711  28:-0.347
                      36: 0.938
 
 I=  1/2- (3)  5.807  25: 0.999
 
 I=  1/2- (4)  8.773  28:-0.938
                      36:-0.347
 
 I=  1/2- (5)147.440  31:-1.000

             ENERGY    K= OMEGA
 
 I=  3/2- (1)  2.389  25: 0.085
                      29:-0.239
                      31: 0.967
 
 I=  3/2- (2)  2.555  25:-0.202
                      29:-0.897
                      31:-0.190
                      37:-0.344

             ENERGY    K= OMEGA
 
 I=  5/2- (1)  2.516  25:-0.263
                      29: 0.458
                      31: 0.794
                      37:-0.123
                      38:-0.274
 
 I=  5/2- (2)  3.358  26:-0.063
                      29: 0.673
                      31:-0.442
                      37:-0.574
                      38: 0.131
 
 I=  5/2- (3)  3.652  25:-0.121
                      29: 0.268
                      31: 0.160
                      37: 0.388
                      38: 0.857
 
 I=  5/2- (4)  4.320  26:-0.085
                      29:-0.474
                      31: 0.321
                      37:-0.701
                      38: 0.415
 
 I=  5/2- (5)  4.887  26: 0.993
                      37:-0.111

             ENERGY    K= OMEGA
 
 I=  7/2- (1)  1.731  26: 0.187
                      32:-0.981
 
 I=  7/2- (2)  3.335  25: 0.136
                      29:-0.265
                      31: 0.833
                      37:-0.150
                      38: 0.439
 
 I=  7/2- (3)  3.504  25:-0.313
                      29:-0.817
                      31:-0.269
                      37:-0.400
 
 I=  7/2- (4)  3.629  28:-0.699
                      30:-0.584
                      33:-0.378
                      35:-0.164
 
 I=  7/2- (5)  4.373  26: 0.209
                      27: 0.878
                      29: 0.158
                      31:-0.176
                      37:-0.175
                      38: 0.315

             ENERGY    K= OMEGA
 
 I=  9/2- (1)  1.913  26: 0.077
                      27:-0.182
                      32: 0.264
                      34: 0.944
 
 I=  9/2- (2)  2.709  26:-0.255
                      27:-0.092
                      32:-0.924
                      34: 0.262
 
 I=  9/2- (3)  3.570  25:-0.375
                      29: 0.495
                      31: 0.701
                      32:-0.062
                      37:-0.183
                      38:-0.293
 
 I=  9/2- (4)  4.647  28: 0.222
                      30:-0.561
                      33: 0.670
                      35:-0.432
 
 I=  9/2- (5)  5.198  26:-0.098
                      29: 0.572
                      31:-0.484
                      32: 0.057
                      37:-0.620
                      38: 0.198

             ENERGY    K= OMEGA
 
 I= 11/2- (1)  2.997  28: 0.671
                      30: 0.580
                      33: 0.407
                      35: 0.211
                      36: 0.058
 
 I= 11/2- (2)  3.015  26:-0.131
                      27:-0.247
                      32: 0.359
                      34:-0.890
 
 I= 11/2- (3)  3.919  26:-0.298
                      27: 0.134
                      31: 0.062
                      32: 0.870
                      34: 0.357
                      38: 0.063
 
 I= 11/2- (4)  5.235  25:-0.241
                      29: 0.099
                      31:-0.821
                      32: 0.084
                      37: 0.135
                      38:-0.480
 
 I= 11/2- (5)  5.358  25:-0.340
                      29:-0.822
                      31:-0.115
                      37:-0.431
                      38: 0.082

             ENERGY    K= OMEGA
 
 I= 13/2- (1)  4.338  26: 0.177
                      27:-0.289
                      32: 0.419
                      34: 0.842
 
 I= 13/2- (2)  5.083  28:-0.218
                      30: 0.551
                      33:-0.668
                      35: 0.450
 
 I= 13/2- (3)  5.333  25: 0.183
                      26:-0.299
                      27:-0.164
                      29:-0.193
                      31:-0.297
                      32:-0.742
                      34: 0.382
                      37: 0.051
                      38: 0.162
 
 I= 13/2- (4)  5.544  25: 0.406
                      26: 0.131
                      27: 0.056
                      29:-0.466
                      31:-0.588
                      32: 0.364
                      34:-0.175
                      37: 0.187
                      38: 0.231
 
 I= 13/2- (5)  7.469  24: 0.998

             ENERGY     K= 5/2
  32 LEVELS    TIME=  0.0 SEC



 ******************* EXCITATION ENERGIES, DOMINANT CONFIGURATION AND EXPECTATION VALUES (WITH S.P. UU+VV FACTORS) *******************

  NR  Eex(keV)  I   Kdom  NY    <Jz>  <Jx**2> <Jy**2> <Jz**2> <I.j>/|I|  <Rx**2> <Ry**2> <Rz**2> <R.j>/|R|  <HROTx> <HROTy> <HROTz>

   1    0.0   7/2-  -7/2  32   -3.28    2.31    2.31   12.03    3.32       3.01    3.01    0.00   -1.41      0.367   0.367   0.000
   2  181.9   9/2-   9/2  34    3.66    2.52    2.52   19.34    4.24       3.48    3.48   -0.00   -1.25      0.424   0.424  -0.000
   3  657.6   3/2-  -3/2  31   -1.37    4.78    4.78    2.12    1.40       5.00    5.00    0.00   -2.84      0.610   0.610   0.000
   4  784.8   1/2-   1/2  29    0.50    4.83    4.83    0.25    0.27       5.10    5.10    0.00   -3.03      0.622   0.622   0.000
   5  785.3   5/2-  -3/2  31   -0.64    4.87    4.87    1.99    2.10       4.02    4.02    0.00   -1.94      0.490   0.490   0.000
  
   6  823.6   3/2-   1/2  29    0.19    4.21    4.21    0.56    1.15       4.13    4.13    0.00   -2.35      0.504   0.504   0.000
   7  978.2   9/2-  -7/2  32   -2.54    2.40    2.40   12.36    2.87       6.67    6.67    0.00   -0.79      0.813   0.813   0.000
   8 1265.7  11/2-   1/2  28   -0.02   24.05   24.05    2.45    6.25       5.80    5.80    0.00   -3.88      0.707   0.707   0.000
   9 1284.2  11/2-   9/2  34    2.94    2.73    2.73   18.50    3.70       7.74    7.74   -0.00   -0.47      0.944   0.944  -0.000
  10 1603.8   7/2-  -3/2  31   -0.56    4.31    4.31    2.87    1.62       7.17    7.17   -0.00   -1.33      0.874   0.874  -0.000
  
  11 1626.7   5/2-   1/2  29   -0.51    3.57    3.57    1.43    0.68       6.64    6.64    0.00   -1.80      0.809   0.809   0.000
  12 1773.4   7/2-   1/2  29    0.04    4.07    4.07    0.73    1.31       7.10    7.10    0.00   -0.97      0.866   0.866   0.000
  13 1839.2   9/2-  -3/2  31   -0.39    5.01    5.01    1.87    2.23       7.24    7.24   -0.00   -0.21      0.882   0.882  -0.000
  14 1897.8   7/2-   1/2  28   -0.00   23.69   23.69    2.11    6.12       8.34    8.34    0.00   -6.17      1.017   1.017   0.000
  15 1921.1   5/2-   5/2  38    1.62    2.15    2.15    5.03    1.80       3.71    3.71   -0.00   -1.47      0.452   0.452  -0.000
  
  16 2187.9  11/2-  -7/2  32   -1.91    2.49    2.49   12.68    2.57      11.31   11.31   -0.00   -0.48      1.379   1.379  -0.000
  17 2589.2   5/2-  -3/2  37   -0.33    3.00    3.00    2.51    0.03       8.53    8.53    0.00   -2.04      1.040   1.040   0.000
  18 2606.6  13/2-   9/2  34    2.35    2.91    2.91   17.74    3.33      12.91   12.91   -0.00   -0.06      1.574   1.574  -0.000
  19 2642.4   7/2-  -7/2  27   -2.42    5.51    5.51   10.48    2.79       7.56    7.56   -0.00   -2.68      0.921   0.921  -0.000
  20 2916.3   9/2-   5/2  33    0.02   24.39   24.39    5.81    5.27      13.44   13.44    0.00   -5.47      1.638   1.638   0.000
  
  21 3155.9   5/2-   5/2  26    2.45    5.98    5.98    6.19    2.06       7.37    7.37    0.00   -3.14      0.898   0.898   0.000
  22 3352.4  13/2-   5/2  33   -0.03   24.38   24.38    5.96    5.24      15.16   15.16    0.00   -3.30      1.848   1.848   0.000
  23 3466.6   9/2-  -3/2  37   -0.66    3.27    3.27    1.84    0.58      13.71   13.71    0.00   -1.06      1.671   1.671   0.000
  24 3503.8  11/2-  -3/2  31   -0.45    4.25    4.25    3.14    1.58      14.26   14.26   -0.00   -0.41      1.738   1.738  -0.000
  25 3601.7  13/2-  -7/2  32   -1.18    3.02    3.02   10.98    2.38      16.26   16.26    0.00   -0.07      1.982   1.982   0.000
  
  26 3626.9  11/2-   1/2  29    0.11    4.02    4.02    0.71    1.33      14.27   14.27    0.00   -0.15      1.740   1.740   0.000
  27 3812.8  13/2-  -3/2  31   -0.54    4.74    4.74    3.68    2.25      15.24   15.24    0.00    0.46      1.858   1.858   0.000
  28 3980.3   1/2-   1/2  36    0.50   12.31   12.31    0.25   -1.35      13.98   13.98   -0.00   -4.93      1.705   1.705  -0.000
  29 4075.6   1/2-   1/2  25    0.50    6.63    6.63    0.25    0.66       6.56    6.56    0.00   -3.57      0.799   0.799   0.000
  30 5738.3  13/2- -11/2  24   -5.49    2.76    2.76   30.20    4.32      12.04   12.04    0.00   -1.13      1.468   1.468   0.000
  
  31 7042.2   1/2-   1/2  28    0.50   24.19   24.19    0.25   -3.53      27.75   27.75    0.00   -6.94      3.383   3.383   0.000
  32*******   1/2-  -3/2  31    0.00    0.00    0.00    0.00   -0.00       0.00    0.00    0.00   -0.00      0.000   0.000   0.000
