1SPECTRUM OF (Z= 82 A=207) IN PARTICLE-ROTOR  MODEL WITH MODIFIED OSCILLATOR POTENTIAL


 PARITY=-   EPS= 0.370   GAMMA=  0.0   EPS4=0.000   EPS6=0.000   LEVELS:  24  25  26  27  28  29  30  31  32  33  34  35  36  37  38

 PAIRING FACTORS: GN0= 19.20  GN1=  7.40  IPAIR= 15 ***  E2PLUS(INPUT)=   0.730  E2PLUR(INPUT)=   0.000

 CORIOLIS ATTENUATION PARAMETERS:  CHSI=1.000  ETA=  1.00

 MOMENT OF INERTIA PARAMETERS:   A1=  0.122 MEV   A2=  0.122 MEV   A3=121.91924 MEV


 DELTA=0.874 MEV  LAMBDA=53.4291 MEV   HW0= 7.5371 MEV   LAMBDA/HW0= 7.0889

 E2ENERGY=0.730 MEV  HBAR**2/B=25384./A**(7/3)=4291.1/A**2 MEV

 IREC=0  =>  RECOIL TERMS j+j-, j+j+, jzjz, ETC TREATED AS ONE-BODY OPERATORS WITH UU+VV PAIRING FACTORS



 S. P. LEVEL   EQP       U     V        (UU + VV)**1.00

     24       4.275    0.103 0.995      1.000 1.000 0.999 0.997 0.996 0.984 0.946 0.919 0.744 0.689 0.489 0.350 0.313 0.248 0.235
     25       4.156    0.106 0.994      1.000 1.000 0.999 0.998 0.997 0.985 0.947 0.920 0.746 0.691 0.491 0.353 0.316 0.251 0.238
     26       2.932    0.151 0.989      0.999 0.999 1.000 1.000 0.999 0.992 0.960 0.937 0.776 0.724 0.530 0.395 0.359 0.295 0.282
     27       2.540    0.175 0.985      0.997 0.998 1.000 1.000 1.000 0.995 0.967 0.945 0.791 0.740 0.551 0.417 0.381 0.318 0.305
     28       2.373    0.188 0.982      0.996 0.997 0.999 1.000 1.000 0.996 0.970 0.949 0.799 0.749 0.561 0.429 0.393 0.330 0.318
     29       1.643    0.277 0.961      0.984 0.985 0.992 0.995 0.996 1.000 0.988 0.974 0.850 0.806 0.635 0.510 0.476 0.415 0.403
     30       1.145    0.421 0.907      0.946 0.947 0.960 0.967 0.970 0.988 1.000 0.997 0.921 0.888 0.746 0.636 0.605 0.550 0.539
     31       1.029    0.486 0.874      0.919 0.920 0.937 0.945 0.949 0.974 0.997 1.000 0.947 0.919 0.793 0.691 0.662 0.610 0.599
     32       0.878    0.741 0.672      0.744 0.746 0.776 0.791 0.799 0.850 0.921 0.947 1.000 0.997 0.946 0.886 0.867 0.832 0.824
     33       0.904    0.791 0.611      0.689 0.691 0.724 0.740 0.749 0.806 0.888 0.919 0.997 1.000 0.969 0.920 0.904 0.873 0.866
     34       1.201    0.918 0.396      0.489 0.491 0.530 0.551 0.561 0.635 0.746 0.793 0.946 0.969 1.000 0.988 0.982 0.966 0.963
     35       1.791    0.968 0.252      0.350 0.353 0.395 0.417 0.429 0.510 0.636 0.691 0.886 0.920 0.988 1.000 0.999 0.994 0.993
     36       2.092    0.977 0.214      0.313 0.316 0.359 0.381 0.393 0.476 0.605 0.662 0.867 0.904 0.982 0.999 1.000 0.998 0.997
     37       2.999    0.989 0.147      0.248 0.251 0.295 0.318 0.330 0.415 0.550 0.610 0.832 0.873 0.966 0.994 0.998 1.000 1.000
     38       3.284    0.991 0.134      0.235 0.238 0.282 0.305 0.318 0.403 0.539 0.599 0.824 0.866 0.963 0.993 0.997 1.000 1.000

  R CORE   ENERGY   A0R/A00=1.000    R3= 0     2  
   2( 1)    0.732                    1.000 0.000
   2( 2)  487.921                    0.000 1.000

  R CORE   ENERGY   A0R/A00=1.000    R3= 0     2  
   3( 1)  488.652                    0.000 1.000

  R CORE   ENERGY   A0R/A00=1.000    R3= 0     2     4  
   4( 1)    2.438                    1.000 0.000 0.000

  R CORE   ENERGY   A0R/A00=1.000    R3= 0     2     4  
   5( 1)  490.847                    0.000 1.000 0.000

  R CORE   ENERGY   A0R/A00=1.000    R3= 0     2     4     6  
   6( 1)    5.121                    1.000 0.000 0.000 0.000

  R CORE   ENERGY   A0R/A00=1.000    R3= 0     2     4     6  
   7( 1)  494.017                    0.000 1.000 0.000 0.000

          AXIAL SYMMETRY => K RESTRICTED TO OMEGA

                     K
     S.P. ORB#: 24  0.50
     S.P. ORB#: 25 -5.50
     S.P. ORB#: 26  2.50
     S.P. ORB#: 27  0.50
     S.P. ORB#: 28 -3.50
     S.P. ORB#: 29 -1.50
     S.P. ORB#: 30  0.50
     S.P. ORB#: 31 -1.50
     S.P. ORB#: 32  2.50
     S.P. ORB#: 33 -3.50
     S.P. ORB#: 34  4.50
     S.P. ORB#: 35  0.50
     S.P. ORB#: 36 -3.50
     S.P. ORB#: 37 -1.50
     S.P. ORB#: 38  2.50
 

             ENERGY    K= OMEGA
 
 I=  1/2- (1)  2.422  30: 0.999
 
 I=  1/2- (2)  5.175  27:-0.271
                      35: 0.962
 
 I=  1/2- (3)  5.916  24: 0.999
 
 I=  1/2- (4)  8.992  27: 0.962
                      35: 0.271
 
 I=  1/2- (5)147.332  31:-1.000

             ENERGY    K= OMEGA
 
 I=  3/2- (1)  2.308  24:-0.072
                      30: 0.284
                      31:-0.956
 
 I=  3/2- (2)  2.500  24:-0.201
                      30:-0.916
                      31:-0.256
                      37:-0.234

             ENERGY    K= OMEGA
 
 I=  5/2- (1)  2.476  24:-0.258
                      30: 0.464
                      31: 0.814
                      37:-0.092
                      38:-0.214
 
 I=  5/2- (2)  3.370  24: 0.056
                      26: 0.060
                      30:-0.771
                      31: 0.463
                      37: 0.404
                      38:-0.144
 
 I=  5/2- (3)  3.981  24:-0.098
                      26: 0.085
                      30: 0.176
                      31: 0.140
                      37: 0.476
                      38: 0.840
 
 I=  5/2- (4)  4.554  26: 0.303
                      30: 0.336
                      31:-0.249
                      37: 0.717
                      38:-0.468
 
 I=  5/2- (5)  4.742  26: 0.947
                      30:-0.086
                      37:-0.295
                      38: 0.090

             ENERGY    K= OMEGA
 
 I=  7/2- (1)  1.756  26:-0.168
                      33: 0.984
 
 I=  7/2- (2)  3.315  24:-0.143
                      30: 0.266
                      31:-0.878
                      37: 0.101
                      38:-0.354
 
 I=  7/2- (3)  3.477  24:-0.304
                      30:-0.862
                      31:-0.237
                      37:-0.325
 
 I=  7/2- (4)  3.896  27: 0.650
                      29: 0.587
                      32: 0.441
                      36: 0.196
 
 I=  7/2- (5)  4.251  26: 0.199
                      28: 0.966
                      30: 0.054
                      31:-0.061
                      37:-0.055
                      38: 0.129

             ENERGY    K= OMEGA
 
 I=  9/2- (1)  2.123  26:-0.085
                      28: 0.166
                      33:-0.326
                      34:-0.927
 
 I=  9/2- (2)  2.788  26: 0.226
                      28: 0.096
                      31: 0.057
                      33: 0.910
                      34:-0.324
                      38:-0.054
 
 I=  9/2- (3)  3.563  24:-0.371
                      30: 0.501
                      31: 0.718
                      33:-0.075
                      37:-0.155
                      38:-0.258
 
 I=  9/2- (4)  4.692  27:-0.211
                      29: 0.549
                      32:-0.685
                      36: 0.429
 
 I=  9/2- (5)  5.240  26: 0.104
                      30:-0.664
                      31: 0.500
                      33:-0.056
                      37: 0.484
                      38:-0.239

             ENERGY    K= OMEGA
 
 I= 11/2- (1)  3.249  26:-0.138
                      28:-0.225
                      33: 0.420
                      34:-0.867
 
 I= 11/2- (2)  3.298  27:-0.637
                      29:-0.583
                      32:-0.445
                      35:-0.069
                      36:-0.227
 
 I= 11/2- (3)  4.049  26: 0.264
                      28:-0.143
                      31:-0.074
                      33:-0.850
                      34:-0.419
                      38:-0.071
 
 I= 11/2- (4)  5.233  24:-0.284
                      31:-0.859
                      33: 0.105
                      37: 0.052
                      38:-0.407
 
 I= 11/2- (5)  5.347  24:-0.296
                      30:-0.865
                      37:-0.385
                      38: 0.118

             ENERGY    K= OMEGA
 
 I= 13/2- (1)  4.602  26: 0.182
                      28:-0.264
                      33: 0.475
                      34: 0.818
 
 I= 13/2- (2)  5.195  27:-0.214
                      29: 0.552
                      32:-0.676
                      36: 0.438
 
 I= 13/2- (3)  5.442  24:-0.334
                      26: 0.193
                      28: 0.133
                      30: 0.374
                      31: 0.529
                      33: 0.494
                      34:-0.318
                      37:-0.116
                      38:-0.235
 
 I= 13/2- (4)  5.625  24:-0.288
                      26:-0.216
                      28:-0.126
                      30: 0.344
                      31: 0.413
                      33:-0.639
                      34: 0.353
                      37:-0.131
                      38:-0.122
 
 I= 13/2- (5)  7.086  25:-0.999

             ENERGY     K= 5/2
  32 LEVELS    TIME=  0.0 SEC



 ******************* EXCITATION ENERGIES, DOMINANT CONFIGURATION AND EXPECTATION VALUES (WITH S.P. UU+VV FACTORS) *******************

  NR  Eex(keV)  I   Kdom  NY    <Jz>  <Jx**2> <Jy**2> <Jz**2> <I.j>/|I|  <Rx**2> <Ry**2> <Rz**2> <R.j>/|R|  <HROTx> <HROTy> <HROTz>

   1    0.0   7/2-  -7/2  33   -3.32    2.31    2.31   12.07    3.27       3.24    3.24    0.00   -1.46      0.395   0.395   0.000
   2  366.5   9/2-   9/2  34    3.42    2.50    2.50   19.08    4.16       3.73    3.73   -0.00   -1.24      0.455   0.455  -0.000
   3  552.1   3/2-  -3/2  31   -1.33    4.90    4.90    2.08    1.38       5.14    5.14    0.00   -2.87      0.627   0.627   0.000
   4  666.3   1/2-   1/2  30    0.50    4.92    4.92    0.25    0.25       5.21    5.21    0.00   -3.06      0.635   0.635   0.000
   5  719.9   5/2-  -3/2  31   -0.75    5.04    5.04    1.87    1.99       4.45    4.45    0.00   -2.03      0.542   0.542   0.000
  
   6  743.8   3/2-   1/2  30    0.26    4.53    4.53    0.49    1.03       4.65    4.65    0.00   -2.47      0.567   0.567   0.000
   7 1031.6   9/2-  -7/2  33   -2.32    2.39    2.39   12.73    2.82       7.08    7.08    0.00   -0.92      0.863   0.863   0.000
   8 1493.2  11/2-   9/2  34    2.63    2.68    2.68   18.17    3.58       8.23    8.23    0.00   -0.52      1.003   1.003   0.000
   9 1542.0  11/2-   1/2  27    0.01   23.45   23.45    2.74    6.17       5.82    5.82    0.00   -3.74      0.709   0.709   0.000
  10 1558.8   7/2-  -3/2  31   -0.82    4.62    4.62    2.59    1.50       7.82    7.82    0.00   -1.48      0.953   0.953   0.000
  
  11 1614.3   5/2-   1/2  30   -0.21    4.22    4.22    1.15    0.48       7.74    7.74    0.00   -2.07      0.944   0.944   0.000
  12 1721.1   7/2-   1/2  30    0.18    4.37    4.37    0.59    1.25       7.58    7.58    0.00   -1.12      0.924   0.924   0.000
  13 1806.9   9/2-  -3/2  31   -0.47    5.15    5.15    1.80    2.17       7.64    7.64    0.00   -0.34      0.931   0.931   0.000
  14 2140.1   7/2-   1/2  27    0.05   23.15   23.15    2.57    6.07       8.23    8.23    0.00   -6.11      1.003   1.003   0.000
  15 2224.4   5/2-   5/2  38    1.43    2.01    2.01    5.02    1.81       3.54    3.54    0.00   -1.39      0.432   0.432   0.000
  
  16 2292.4  11/2-  -7/2  33   -1.64    2.47    2.47   13.15    2.51      11.92   11.92    0.00   -0.63      1.453   1.453   0.000
  17 2494.4   7/2-  -7/2  28   -3.14    6.12    6.12   11.81    3.10       7.58    7.58   -0.00   -3.01      0.924   0.924  -0.001
  18 2797.4   5/2-  -3/2  37   -0.03    2.88    2.88    3.26    0.47       7.50    7.50    0.00   -1.97      0.915   0.915   0.000
  19 2845.9  13/2-   9/2  34    2.06    2.84    2.84   17.41    3.19      13.64   13.64   -0.00   -0.16      1.663   1.663  -0.000
  20 2935.9   9/2-   5/2  32    0.10   23.99   23.99    5.88    5.19      13.47   13.47    0.00   -5.40      1.643   1.643   0.000
  
  21 2986.3   5/2-   5/2  26    2.14    5.65    5.65    5.85    1.86       7.44    7.44    0.00   -3.02      0.907   0.907   0.000
  22 3418.6   1/2-   1/2  35    0.50   12.24   12.24    0.25   -1.05      13.65   13.65   -0.00   -4.91      1.664   1.664  -0.000
  23 3438.5  13/2-   5/2  32    0.03   23.98   23.98    5.91    5.13      15.47   15.47    0.00   -3.24      1.887   1.887   0.000
  24 3476.8  11/2-  -3/2  31   -0.69    4.53    4.53    2.89    1.54      14.61   14.61    0.00   -0.50      1.782   1.782   0.000
  25 3483.4   9/2-   1/2  30   -0.35    3.83    3.83    1.68    0.51      14.51   14.51    0.00   -1.26      1.770   1.770   0.000
  
  26 3590.5  11/2-   1/2  30    0.23    4.27    4.27    0.65    1.27      14.85   14.85    0.00   -0.29      1.810   1.810   0.000
  27 3686.3  13/2-  -3/2  31   -0.55    4.17    4.17    6.56    2.32      15.60   15.60    0.00    0.24      1.901   1.901   0.000
  28 3869.2  13/2-  -7/2  33   -0.96    3.68    3.68    8.60    2.19      17.08   17.08    0.00   -0.12      2.082   2.082   0.000
  29 4159.9   1/2-   1/2  24    0.50    6.82    6.82    0.25    0.65       6.76    6.76    0.00   -3.63      0.824   0.824   0.000
  30 5329.7  13/2- -11/2  25   -5.48    2.75    2.75   30.21    4.32      12.04   12.04    0.00   -1.13      1.468   1.468   0.000
  
  31 7235.4   1/2-   1/2  27    0.50   23.19   23.19    0.25   -3.46      26.68   26.68    0.00   -6.79      3.253   3.253   0.000
  32*******   1/2-  -3/2  31    0.00    0.00    0.00    0.00   -0.00       0.00    0.00    0.00   -0.00      0.000   0.000   0.000
