1SPECTRUM OF (Z= 82 A=207) IN PARTICLE-ROTOR  MODEL WITH MODIFIED OSCILLATOR POTENTIAL


 PARITY=-   EPS= 0.387   GAMMA=  0.0   EPS4=0.000   EPS6=0.000   LEVELS:  24  25  26  27  28  29  30  31  32  33  34  35  36  37  38

 PAIRING FACTORS: GN0= 19.20  GN1=  7.40  IPAIR= 15 ***  E2PLUS(INPUT)=   0.730  E2PLUR(INPUT)=   0.000

 CORIOLIS ATTENUATION PARAMETERS:  CHSI=1.000  ETA=  1.00

 MOMENT OF INERTIA PARAMETERS:   A1=  0.122 MEV   A2=  0.122 MEV   A3=121.91924 MEV


 DELTA=0.855 MEV  LAMBDA=53.4628 MEV   HW0= 7.5499 MEV   LAMBDA/HW0= 7.0813

 E2ENERGY=0.730 MEV  HBAR**2/B=27770./A**(7/3)=4694.5/A**2 MEV

 IREC=0  =>  RECOIL TERMS j+j-, j+j+, jzjz, ETC TREATED AS ONE-BODY OPERATORS WITH UU+VV PAIRING FACTORS



 S. P. LEVEL   EQP       U     V        (UU + VV)**1.00

     24       4.294    0.100 0.995      1.000 1.000 0.999 0.999 0.995 0.991 0.932 0.898 0.821 0.584 0.419 0.402 0.317 0.231 0.224
     25       3.887    0.111 0.994      1.000 1.000 0.999 0.999 0.996 0.993 0.936 0.903 0.827 0.592 0.429 0.412 0.327 0.242 0.235
     26       2.930    0.147 0.989      0.999 0.999 1.000 1.000 0.999 0.997 0.948 0.918 0.847 0.622 0.462 0.445 0.362 0.278 0.271
     27       2.806    0.154 0.988      0.999 0.999 1.000 1.000 0.999 0.997 0.951 0.921 0.851 0.627 0.468 0.451 0.368 0.284 0.277
     28       2.247    0.194 0.981      0.995 0.996 0.999 0.999 1.000 0.999 0.962 0.936 0.871 0.658 0.503 0.487 0.405 0.322 0.316
     29       1.917    0.229 0.973      0.991 0.993 0.997 0.997 0.999 1.000 0.971 0.948 0.888 0.685 0.534 0.518 0.438 0.356 0.350
     30       1.057    0.453 0.891      0.932 0.936 0.948 0.951 0.962 0.971 1.000 0.996 0.972 0.838 0.719 0.706 0.639 0.568 0.562
     31       0.954    0.527 0.850      0.898 0.903 0.918 0.921 0.936 0.948 0.996 1.000 0.988 0.881 0.775 0.763 0.701 0.635 0.630
     32       0.865    0.650 0.760      0.821 0.827 0.847 0.851 0.871 0.888 0.972 0.988 1.000 0.943 0.863 0.853 0.802 0.745 0.741
     33       0.987    0.866 0.500      0.584 0.592 0.622 0.627 0.658 0.685 0.838 0.881 0.943 1.000 0.982 0.978 0.955 0.925 0.922
     34       1.385    0.945 0.326      0.419 0.429 0.462 0.468 0.503 0.534 0.719 0.775 0.863 0.982 1.000 1.000 0.994 0.980 0.979
     35       1.456    0.951 0.308      0.402 0.412 0.445 0.451 0.487 0.518 0.706 0.763 0.853 0.978 1.000 1.000 0.996 0.984 0.982
     36       1.987    0.975 0.221      0.317 0.327 0.362 0.368 0.405 0.438 0.639 0.701 0.802 0.955 0.994 0.996 1.000 0.996 0.995
     37       3.245    0.991 0.133      0.231 0.242 0.278 0.284 0.322 0.356 0.568 0.635 0.745 0.925 0.980 0.984 0.996 1.000 1.000
     38       3.423    0.992 0.126      0.224 0.235 0.271 0.277 0.316 0.350 0.562 0.630 0.741 0.922 0.979 0.982 0.995 1.000 1.000

  R CORE   ENERGY   A0R/A00=1.000    R3= 0     2  
   2( 1)    0.732                    1.000 0.000
   2( 2)  487.921                    0.000 1.000

  R CORE   ENERGY   A0R/A00=1.000    R3= 0     2  
   3( 1)  488.652                    0.000 1.000

  R CORE   ENERGY   A0R/A00=1.000    R3= 0     2     4  
   4( 1)    2.438                    1.000 0.000 0.000

  R CORE   ENERGY   A0R/A00=1.000    R3= 0     2     4  
   5( 1)  490.847                    0.000 1.000 0.000

  R CORE   ENERGY   A0R/A00=1.000    R3= 0     2     4     6  
   6( 1)    5.121                    1.000 0.000 0.000 0.000

  R CORE   ENERGY   A0R/A00=1.000    R3= 0     2     4     6  
   7( 1)  494.017                    0.000 1.000 0.000 0.000

          AXIAL SYMMETRY => K RESTRICTED TO OMEGA

                     K
     S.P. ORB#: 24  0.50
     S.P. ORB#: 25 -5.50
     S.P. ORB#: 26  0.50
     S.P. ORB#: 27  2.50
     S.P. ORB#: 28 -3.50
     S.P. ORB#: 29 -1.50
     S.P. ORB#: 30  0.50
     S.P. ORB#: 31 -1.50
     S.P. ORB#: 32  2.50
     S.P. ORB#: 33 -3.50
     S.P. ORB#: 34  4.50
     S.P. ORB#: 35  0.50
     S.P. ORB#: 36 -3.50
     S.P. ORB#: 37 -1.50
     S.P. ORB#: 38  0.50
 

             ENERGY    K= OMEGA
 
 I=  1/2- (1)  2.352  30: 0.999
 
 I=  1/2- (2)  4.407  26: 0.192
                      35:-0.911
                      38: 0.364
 
 I=  1/2- (3)  5.965  24: 0.999
 
 I=  1/2- (4)  7.330  26:-0.355
                      35: 0.281
                      38: 0.892
 
 I=  1/2- (5)  9.362  26: 0.915
                      35: 0.300
                      38: 0.269

             ENERGY    K= OMEGA
 
 I=  3/2- (1)  2.251  24: 0.063
                      30:-0.318
                      31: 0.946
 
 I=  3/2- (2)  2.446  24:-0.197
                      30:-0.915
                      31:-0.294
                      37:-0.192

             ENERGY    K= OMEGA
 
 I=  5/2- (1)  2.507  24:-0.263
                      30: 0.505
                      31: 0.818
                      37:-0.072
 
 I=  5/2- (2)  3.358  27:-0.067
                      30: 0.774
                      31:-0.520
                      37:-0.352
 
 I=  5/2- (3)  4.540  27: 0.805
                      30: 0.222
                      31:-0.131
                      37: 0.534
 
 I=  5/2- (4)  4.705  24:-0.060
                      27:-0.589
                      30: 0.242
                      31:-0.078
                      37: 0.765
 
 I=  5/2- (5)  4.815  26: 0.143
                      35:-0.797
                      38: 0.585

             ENERGY    K= OMEGA
 
 I=  7/2- (1)  1.867  27:-0.155
                      33: 0.987
 
 I=  7/2- (2)  3.429  24:-0.198
                      30:-0.916
                      31: 0.209
                      37:-0.280
 
 I=  7/2- (3)  3.493  24:-0.271
                      27: 0.073
                      30:-0.127
                      31:-0.946
                      37:-0.096
 
 I=  7/2- (4)  4.068  26: 0.614
                      29: 0.588
                      32: 0.482
                      36: 0.212
 
 I=  7/2- (5)  4.150  27: 0.183
                      28: 0.982

             ENERGY    K= OMEGA
 
 I=  9/2- (1)  2.312  27: 0.087
                      28:-0.163
                      33: 0.356
                      34: 0.916
 
 I=  9/2- (2)  2.938  27: 0.208
                      28: 0.097
                      33: 0.905
                      34:-0.355
 
 I=  9/2- (3)  3.711  24:-0.391
                      30: 0.562
                      31: 0.715
                      37:-0.130
 
 I=  9/2- (4)  4.755  26: 0.209
                      29:-0.552
                      32: 0.691
                      36:-0.417
 
 I=  9/2- (5)  5.241  27:-0.262
                      28: 0.663
                      30: 0.440
                      31:-0.390
                      33: 0.053
                      34: 0.127
                      37:-0.356

             ENERGY    K= OMEGA
 
 I= 11/2- (1)  3.451  27:-0.136
                      28:-0.222
                      33: 0.442
                      34:-0.858
 
 I= 11/2- (2)  3.488  26:-0.610
                      29:-0.587
                      32:-0.468
                      35:-0.100
                      36:-0.230
 
 I= 11/2- (3)  4.234  27: 0.245
                      28:-0.144
                      33:-0.850
                      34:-0.440
 
 I= 11/2- (4)  5.231  25:-0.999
 
 I= 11/2- (5)  5.308  24:-0.366
                      30:-0.834
                      31:-0.247
                      37:-0.326

             ENERGY    K= OMEGA
 
 I= 13/2- (1)  4.821  27:-0.177
                      28: 0.262
                      33:-0.487
                      34:-0.813
 
 I= 13/2- (2)  5.300  26: 0.215
                      29:-0.562
                      32: 0.679
                      36:-0.420
 
 I= 13/2- (3)  5.720  24:-0.355
                      27: 0.196
                      28: 0.118
                      30: 0.421
                      31: 0.517
                      33: 0.506
                      34:-0.332
                      37:-0.095
 
 I= 13/2- (4)  5.795  24:-0.303
                      27:-0.190
                      28:-0.139
                      30: 0.378
                      31: 0.413
                      33:-0.632
                      34: 0.354
                      37:-0.119
 
 I= 13/2- (5)  6.818  25: 0.998

             ENERGY     K= 1/2
  32 LEVELS    TIME=  0.0 SEC



 ******************* EXCITATION ENERGIES, DOMINANT CONFIGURATION AND EXPECTATION VALUES (WITH S.P. UU+VV FACTORS) *******************

  NR  Eex(keV)  I   Kdom  NY    <Jz>  <Jx**2> <Jy**2> <Jz**2> <I.j>/|I|  <Rx**2> <Ry**2> <Rz**2> <R.j>/|R|  <HROTx> <HROTy> <HROTz>

   1    0.0   7/2-  -7/2  33   -3.35    2.30    2.30   12.10    3.23       3.42    3.42    0.00   -1.49      0.417   0.417   0.000
   2  384.0   3/2-  -3/2  31   -1.29    4.97    4.97    2.04    1.37       5.22    5.22    0.00   -2.89      0.636   0.636   0.000
   3  445.3   9/2-   9/2  34    3.26    2.50    2.50   18.91    4.11       3.87    3.87   -0.00   -1.24      0.472   0.472  -0.000
   4  485.0   1/2-   1/2  30    0.50    4.98    4.98    0.25    0.24       5.28    5.28    0.00   -3.08      0.644   0.644   0.000
   5  578.7   3/2-   1/2  30    0.25    4.67    4.67    0.50    0.98       4.88    4.88    0.00   -2.53      0.596   0.596   0.000
  
   6  639.5   5/2-  -3/2  31   -0.85    5.25    5.25    1.61    1.75       5.25    5.25    0.00   -2.14      0.641   0.641   0.000
   7 1070.8   9/2-  -7/2  33   -2.23    2.37    2.37   12.99    2.78       7.42    7.42   -0.00   -1.01      0.905   0.905  -0.000
   8 1491.2   5/2-   1/2  30   -0.28    4.45    4.45    1.07    0.33       8.38    8.38    0.00   -2.20      1.022   1.022   0.000
   9 1562.0   7/2-   1/2  30    0.26    4.62    4.62    0.49    1.07       8.52    8.52    0.00   -1.34      1.039   1.039   0.000
  10 1584.0  11/2-   9/2  34    2.49    2.66    2.66   18.04    3.52       8.50    8.50   -0.00   -0.56      1.036   1.036  -0.000
  
  11 1620.9  11/2-   1/2  26    0.04   23.26   23.26    2.89    6.14       5.84    5.84    0.00   -3.71      0.713   0.713   0.000
  12 1625.7   7/2-  -3/2  31   -1.30    4.97    4.97    2.11    1.17       9.27    9.27    0.00   -1.72      1.130   1.130   0.000
  13 1843.5   9/2-  -3/2  31   -0.56    5.50    5.50    1.33    1.93       8.91    8.91    0.00   -0.64      1.086   1.086   0.000
  14 2201.4   7/2-   1/2  26    0.09   22.85   22.85    2.87    6.03       8.25    8.25    0.00   -6.07      1.005   1.005   0.000
  15 2282.6   7/2-  -7/2  28   -3.29    6.23    6.23   12.03    3.12       7.73    7.73    0.00   -3.08      0.943   0.943   0.001
  
  16 2367.4  11/2-  -7/2  33   -1.59    2.45    2.45   13.43    2.44      12.43   12.43   -0.00   -0.75      1.515   1.515  -0.000
  17 2540.2   1/2-   1/2  35    0.50   11.17   11.17    0.25    0.99      10.81   10.81   -0.00   -4.67      1.318   1.318  -0.000
  18 2673.1   5/2-   5/2  27    1.19    4.84    4.84    4.74    1.52       7.08    7.08    0.00   -2.64      0.863   0.863   0.000
  19 2838.0   5/2-  -3/2  37    0.01    3.57    3.57    3.51    0.85       7.18    7.18    0.00   -2.15      0.875   0.875   0.000
  20 2887.8   9/2-   5/2  32    0.15   23.72   23.72    5.81    5.13      13.47   13.47    0.00   -5.34      1.642   1.642   0.000
  
  21 2948.2   5/2-   1/2  35    0.50   11.32   11.32    0.26    1.67      10.89   10.89    0.00   -3.85      1.328   1.328   0.000
  22 2953.8  13/2-   9/2  34    1.97    2.82    2.82   17.36    3.13      14.04   14.04   -0.00   -0.22      1.711   1.711  -0.000
  23 3364.0  11/2- -11/2  25   -5.49    2.75    2.75   30.23    5.05       5.53    5.53    0.00   -1.66      0.674   0.674   0.001
  24 3374.4   9/2-  -7/2  28   -1.62    5.00    5.00    6.85    1.48      13.43   13.43    0.00   -1.83      1.637   1.637   0.000
  25 3433.1  13/2-   5/2  32    0.09   23.73   23.73    5.76    5.06      15.62   15.62    0.00   -3.19      1.904   1.904   0.000
  
  26 3441.4  11/2-   1/2  30    0.16    4.50    4.50    0.62    1.33      14.72   14.72    0.00   -0.30      1.795   1.795   0.000
  27 3852.5  13/2-  -3/2  31   -0.62    4.38    4.38    6.51    2.14      17.05   17.05    0.00   -0.05      2.078   2.078   0.000
  28 3928.2  13/2-  -7/2  33   -0.98    3.81    3.81    8.39    2.10      17.74   17.74    0.00   -0.23      2.162   2.162   0.000
  29 4097.9   1/2-   1/2  24    0.50    6.94    6.94    0.25    0.64       6.88    6.88    0.00   -3.66      0.839   0.839   0.000
  30 4951.0  13/2- -11/2  25   -5.48    2.75    2.75   30.20    4.32      12.05   12.05    0.00   -1.13      1.469   1.469   0.001
  
  31 5462.6   1/2-   1/2  38    0.50   15.91   15.91    0.25   -0.59      16.92   16.92    0.00   -5.60      2.062   2.062   0.000
  32 7495.4   1/2-   1/2  26    0.50   23.31   23.31    0.25   -3.43      26.78   26.78   -0.00   -6.81      3.265   3.265  -0.000
