1SPECTRUM OF (Z= 82 A=207) IN PARTICLE-ROTOR  MODEL WITH MODIFIED OSCILLATOR POTENTIAL


 PARITY=-   EPS= 0.402   GAMMA=  0.0   EPS4=0.000   EPS6=0.000   LEVELS:  25  26  27  28  29  30  31  32  33  34  35  36  37  38  39

 PAIRING FACTORS: GN0= 19.20  GN1=  7.40  IPAIR= 15 ***  E2PLUS(INPUT)=   0.730  E2PLUR(INPUT)=   0.000

 CORIOLIS ATTENUATION PARAMETERS:  CHSI=1.000  ETA=  1.00

 MOMENT OF INERTIA PARAMETERS:   A1=  0.122 MEV   A2=  0.122 MEV   A3=121.91924 MEV


 DELTA=0.844 MEV  LAMBDA=53.4812 MEV   HW0= 7.5618 MEV   LAMBDA/HW0= 7.0726

 E2ENERGY=0.730 MEV  HBAR**2/B=29964./A**(7/3)=5065.4/A**2 MEV

 IREC=0  =>  RECOIL TERMS j+j-, j+j+, jzjz, ETC TREATED AS ONE-BODY OPERATORS WITH UU+VV PAIRING FACTORS



 S. P. LEVEL   EQP       U     V        (UU + VV)**1.00

     25       3.635    0.117 0.993      1.000 1.000 0.999 0.997 0.996 0.921 0.882 0.880 0.515 0.486 0.387 0.339 0.250 0.237 0.237
     26       3.274    0.130 0.992      1.000 1.000 1.000 0.998 0.997 0.926 0.888 0.886 0.526 0.498 0.399 0.351 0.262 0.250 0.250
     27       2.681    0.159 0.987      0.999 1.000 1.000 0.999 0.999 0.937 0.902 0.900 0.551 0.523 0.427 0.379 0.291 0.279 0.279
     28       2.164    0.199 0.980      0.997 0.998 0.999 1.000 1.000 0.950 0.918 0.916 0.584 0.557 0.463 0.416 0.329 0.317 0.317
     29       2.124    0.203 0.979      0.996 0.997 0.999 1.000 1.000 0.952 0.920 0.918 0.587 0.560 0.466 0.420 0.333 0.321 0.321
     30       0.982    0.494 0.870      0.921 0.926 0.937 0.950 0.952 1.000 0.996 0.995 0.808 0.788 0.715 0.678 0.607 0.596 0.596
     31       0.900    0.570 0.821      0.882 0.888 0.902 0.918 0.920 0.996 1.000 1.000 0.858 0.840 0.776 0.742 0.676 0.666 0.666
     32       0.897    0.575 0.818      0.880 0.886 0.900 0.916 0.918 0.995 1.000 1.000 0.860 0.843 0.779 0.745 0.680 0.670 0.670
     33       1.126    0.912 0.411      0.515 0.526 0.551 0.584 0.587 0.808 0.858 0.860 1.000 0.999 0.990 0.981 0.959 0.955 0.955
     34       1.198    0.925 0.381      0.486 0.498 0.523 0.557 0.560 0.788 0.840 0.843 0.999 1.000 0.994 0.987 0.968 0.964 0.964
     35       1.585    0.961 0.277      0.387 0.399 0.427 0.463 0.466 0.715 0.776 0.779 0.990 0.994 1.000 0.999 0.989 0.987 0.987
     36       1.910    0.974 0.227      0.339 0.351 0.379 0.416 0.420 0.678 0.742 0.745 0.981 0.987 0.999 1.000 0.996 0.994 0.994
     37       3.158    0.991 0.135      0.250 0.262 0.291 0.329 0.333 0.607 0.676 0.680 0.959 0.968 0.989 0.996 1.000 1.000 1.000
     38       3.481    0.993 0.122      0.237 0.250 0.279 0.317 0.321 0.596 0.666 0.670 0.955 0.964 0.987 0.994 1.000 1.000 1.000
     39       3.482    0.993 0.122      0.237 0.250 0.279 0.317 0.321 0.596 0.666 0.670 0.955 0.964 0.987 0.994 1.000 1.000 1.000

  R CORE   ENERGY   A0R/A00=1.000    R3= 0     2  
   2( 1)    0.732                    1.000 0.000
   2( 2)  487.921                    0.000 1.000

  R CORE   ENERGY   A0R/A00=1.000    R3= 0     2  
   3( 1)  488.652                    0.000 1.000

  R CORE   ENERGY   A0R/A00=1.000    R3= 0     2     4  
   4( 1)    2.438                    1.000 0.000 0.000

  R CORE   ENERGY   A0R/A00=1.000    R3= 0     2     4  
   5( 1)  490.847                    0.000 1.000 0.000

  R CORE   ENERGY   A0R/A00=1.000    R3= 0     2     4     6  
   6( 1)    5.121                    1.000 0.000 0.000 0.000

  R CORE   ENERGY   A0R/A00=1.000    R3= 0     2     4     6  
   7( 1)  494.017                    0.000 1.000 0.000 0.000

          AXIAL SYMMETRY => K RESTRICTED TO OMEGA

                     K
     S.P. ORB#: 25 -5.50
     S.P. ORB#: 26  0.50
     S.P. ORB#: 27  2.50
     S.P. ORB#: 28 -1.50
     S.P. ORB#: 29 -3.50
     S.P. ORB#: 30  0.50
     S.P. ORB#: 31  2.50
     S.P. ORB#: 32 -1.50
     S.P. ORB#: 33 -3.50
     S.P. ORB#: 34  0.50
     S.P. ORB#: 35  4.50
     S.P. ORB#: 36 -3.50
     S.P. ORB#: 37  0.50
     S.P. ORB#: 38 -1.50
     S.P. ORB#: 39 -1.50
 

             ENERGY    K= OMEGA
 
 I=  1/2- (1)  2.300  30: 1.000
 
 I=  1/2- (2)  4.112  26:-0.197
                      34: 0.916
                      37:-0.350
 
 I=  1/2- (3)  7.129  26:-0.309
                      34: 0.281
                      37: 0.909
 
 I=  1/2- (4)  9.562  26: 0.930
                      34: 0.288
                      37: 0.227
 
 I=  1/2- (5)147.200  32:-1.000

             ENERGY    K= OMEGA
 
 I=  3/2- (1)  2.214  30:-0.472
                      32: 0.881
 
 I=  3/2- (2)  2.566  30: 0.864
                      32: 0.468
                      39: 0.187

             ENERGY    K= OMEGA
 
 I=  5/2- (1)  2.772  30:-0.456
                      32:-0.887
                      39: 0.063
 
 I=  5/2- (2)  3.332  27:-0.064
                      30: 0.835
                      32:-0.448
                      39:-0.313
 
 I=  5/2- (3)  4.155  26:-0.150
                      34: 0.805
                      37:-0.490
                      38: 0.293
 
 I=  5/2- (4)  4.460  27: 0.978
                      30: 0.092
                      32:-0.085
                      39: 0.169
 
 I=  5/2- (5)  4.896  27: 0.196
                      30:-0.294
                      32: 0.075
                      39:-0.932

             ENERGY    K= OMEGA
 
 I=  7/2- (1)  2.022  27: 0.148
                      33:-0.988
 
 I=  7/2- (2)  3.400  30: 0.705
                      32:-0.687
                      39: 0.173
 
 I=  7/2- (3)  4.000  27:-0.192
                      29:-0.631
                      30: 0.478
                      32: 0.527
                      39: 0.242
 
 I=  7/2- (4)  4.045  26: 0.062
                      28:-0.106
                      31:-0.151
                      34:-0.874
                      36:-0.063
                      37:-0.238
                      38: 0.372
 
 I=  7/2- (5)  4.056  27:-0.071
                      29:-0.755
                      30:-0.400
                      32:-0.478
                      39:-0.190

             ENERGY    K= OMEGA
 
 I=  9/2- (1)  2.512  27:-0.088
                      29: 0.169
                      33:-0.372
                      35:-0.908
 
 I=  9/2- (2)  3.114  27:-0.197
                      29:-0.103
                      33:-0.902
                      35: 0.370
 
 I=  9/2- (3)  4.522  27: 0.056
                      30: 0.584
                      32: 0.789
                      39:-0.178
 
 I=  9/2- (4)  4.795  26:-0.109
                      28: 0.453
                      31:-0.613
                      34:-0.405
                      36: 0.352
                      37: 0.260
                      38:-0.226
 
 I=  9/2- (5)  4.959  26: 0.211
                      28:-0.316
                      31: 0.336
                      34:-0.632
                      36:-0.201
                      37: 0.471
                      38:-0.286

             ENERGY    K= OMEGA
 
 I= 11/2- (1)  3.594  26:-0.552
                      28:-0.571
                      31:-0.481
                      34:-0.256
                      36:-0.225
                      37:-0.077
                      38: 0.127
 
 I= 11/2- (2)  3.657  27:-0.134
                      29:-0.229
                      33: 0.449
                      35:-0.852
 
 I= 11/2- (3)  4.428  27:-0.233
                      29: 0.151
                      33: 0.850
                      35: 0.443
 
 I= 11/2- (4)  4.980  25: 0.998
                      35:-0.051
 
 I= 11/2- (5)  5.015  26:-0.286
                      28:-0.142
                      31:-0.066
                      34: 0.806
                      37: 0.281
                      38:-0.403

             ENERGY    K= OMEGA
 
 I= 13/2- (1)  5.037  27: 0.172
                      29:-0.271
                      33: 0.487
                      35: 0.811
 
 I= 13/2- (2)  5.375  26: 0.196
                      28:-0.555
                      31: 0.679
                      34: 0.130
                      36:-0.397
                      37:-0.053
                      38: 0.118
 
 I= 13/2- (3)  5.971  25: 0.071
                      27: 0.261
                      29: 0.188
                      33: 0.812
                      35:-0.478
 
 I= 13/2- (4)  6.567  25: 0.996
                      35: 0.066
 
 I= 13/2- (5)  6.607  26: 0.143
                      28:-0.120
                      31: 0.074
                      34:-0.708
                      36:-0.053
                      37: 0.557
                      38:-0.379

             ENERGY     K=-3/2
  32 LEVELS    TIME=  0.0 SEC



 ******************* EXCITATION ENERGIES, DOMINANT CONFIGURATION AND EXPECTATION VALUES (WITH S.P. UU+VV FACTORS) *******************

  NR  Eex(keV)  I   Kdom  NY    <Jz>  <Jx**2> <Jy**2> <Jz**2> <I.j>/|I|  <Rx**2> <Ry**2> <Rz**2> <R.j>/|R|  <HROTx> <HROTy> <HROTz>

   1    0.0   7/2-  -7/2  33   -3.37    2.31    2.31   12.12    3.20       3.53    3.53   -0.00   -1.51      0.430   0.430  -0.000
   2  192.1   3/2-  -3/2  32   -1.05    5.01    5.01    1.80    1.28       5.31    5.31   -0.00   -2.87      0.648   0.648  -0.000
   3  278.7   1/2-   1/2  30    0.50    4.98    4.98    0.25    0.09       5.41    5.41    0.00   -3.08      0.659   0.659   0.000
   4  490.8   9/2-   9/2  35    3.15    2.51    2.51   18.80    4.08       3.97    3.97   -0.00   -1.24      0.484   0.484  -0.000
   5  544.3   3/2-   1/2  30   -0.01    4.81    4.81    0.76    0.44       6.21    6.21   -0.00   -2.70      0.757   0.757  -0.000
  
   6  750.7   5/2-  -3/2  32   -1.08    5.03    5.03    1.84    0.93       7.56    7.56   -0.00   -2.35      0.922   0.922  -0.000
   7 1092.1   9/2-  -7/2  33   -2.17    2.37    2.37   13.10    2.75       7.60    7.60   -0.00   -1.06      0.927   0.927  -0.000
   8 1310.3   5/2-   1/2  30   -0.09    4.57    4.57    0.87    0.24       8.67    8.67   -0.00   -2.23      1.057   1.057  -0.000
   9 1378.1   7/2-   1/2  30   -0.50    4.99    4.99    1.27    0.94       9.76    9.76   -0.00   -1.70      1.190   1.190  -0.000
  10 1572.7  11/2-  -3/2  28    0.08   23.65   23.65    2.93    6.21       5.88    5.88    0.00   -3.82      0.717   0.717   0.000
  
  11 1635.3  11/2-   9/2  35    2.41    2.67    2.67   17.97    3.49       8.67    8.67    0.00   -0.59      1.057   1.057   0.000
  12 1978.9   7/2-  -7/2  29   -1.69    5.24    5.24    5.92    1.59       9.75    9.75   -0.00   -2.28      1.189   1.189  -0.000
  13 2023.6   7/2-   1/2  34    0.23   15.21   15.21    0.73    3.42       9.86    9.86   -0.00   -3.95      1.203   1.203  -0.000
  14 2034.1   7/2-  -7/2  29   -2.30    5.54    5.54    7.65    1.92       9.61    9.61   -0.00   -2.53      1.172   1.172  -0.000
  15 2090.0   1/2-   1/2  34    0.50   11.04   11.04    0.25    1.05      10.63   10.63    0.00   -4.65      1.296   1.296   0.000
  
  16 2133.5   5/2-   1/2  34    0.32   11.53   11.53    0.43    2.34       9.19    9.19    0.00   -3.86      1.120   1.120   0.000
  17 2406.2  11/2-  -7/2  33   -1.61    2.45    2.45   13.52    2.41      12.71   12.71    0.00   -0.80      1.549   1.549   0.000
  18 2438.3   5/2-   5/2  27    2.34    5.95    5.95    6.06    2.04       7.32    7.32    0.00   -3.12      0.892   0.892   0.000
  19 2500.2   9/2-  -3/2  32   -0.81    5.00    5.00    1.60    0.76      14.38   14.38   -0.00   -1.46      1.753   1.753  -0.000
  20 2773.4   9/2-   5/2  31    0.24   21.31   21.31    4.51    4.63      12.91   12.91   -0.00   -4.74      1.574   1.574  -0.000
  
  21 2874.9   5/2-  -3/2  39   -1.17    2.34    2.34    2.23    0.32       6.87    6.87    0.00   -1.61      0.838   0.838   0.000
  22 2938.0   9/2-   1/2  34    0.20   14.24   14.24    1.77    3.09      12.13   12.13    0.00   -3.02      1.478   1.478   0.000
  23 2958.1  11/2- -11/2  25   -5.47    2.75    2.75   30.20    5.05       5.54    5.54    0.00   -1.66      0.676   0.676   0.000
  24 2993.2  11/2-   1/2  34    0.14   13.67   13.67    0.66    3.20      12.72   12.72    0.00   -1.75      1.550   1.550   0.000
  25 3015.2  13/2-   9/2  35    1.93    2.82    2.82   17.36    3.09      14.29   14.29   -0.00   -0.26      1.742   1.742  -0.000
  
  26 3353.5  13/2-   5/2  31    0.15   23.69   23.69    5.56    5.06      15.53   15.53   -0.00   -3.16      1.894   1.894  -0.000
  27 3949.7  13/2-  -7/2  33   -1.26    2.54    2.54   13.74    2.15      18.81   18.81    0.00   -0.63      2.293   2.293   0.000
  28 4545.8  13/2- -11/2  25   -5.45    2.75    2.75   30.15    4.31      12.08   12.08    0.00   -1.13      1.473   1.473   0.000
  29 4585.5  13/2-   1/2  34    0.18   12.07   12.07    0.63    2.67      18.10   18.10    0.00   -1.02      2.207   2.207   0.000
  30 5107.0   1/2-   1/2  37    0.50   15.87   15.87    0.25   -0.57      16.87   16.87    0.00   -5.59      2.057   2.057   0.000
  
  31 7540.2   1/2-   1/2  26    0.50   23.03   23.03    0.25   -3.45      26.51   26.51    0.00   -6.77      3.233   3.233   0.000
  32*******   1/2-  -3/2  32    0.00    0.00    0.00    0.00    0.00       0.00    0.00    0.00   -0.00      0.000   0.000   0.000
