1SPECTRUM OF (Z= 82 A=207) IN PARTICLE-ROTOR  MODEL WITH MODIFIED OSCILLATOR POTENTIAL


 PARITY=-   EPS= 0.380   GAMMA=  0.0   EPS4=0.000   EPS6=0.000   LEVELS:  25  26  27  28  29  30  31  32  33  34  35  36  37  38  39

 PAIRING FACTORS: GN0= 19.20  GN1=  7.40  IPAIR= 15 ***  E2PLUS(INPUT)=   0.730  E2PLUR(INPUT)=   0.000

 CORIOLIS ATTENUATION PARAMETERS:  CHSI=1.000  ETA=  1.00

 MOMENT OF INERTIA PARAMETERS:   A1=  0.122 MEV   A2=  0.122 MEV   A3=121.91923 MEV


 DELTA=0.862 MEV  LAMBDA=53.4506 MEV   HW0= 7.5445 MEV   LAMBDA/HW0= 7.0847

 E2ENERGY=0.730 MEV  HBAR**2/B=26774./A**(7/3)=4526.2/A**2 MEV

 IREC=0  =>  RECOIL TERMS j+j-, j+j+, jzjz, ETC TREATED AS ONE-BODY OPERATORS WITH UU+VV PAIRING FACTORS



 S. P. LEVEL   EQP       U     V        (UU + VV)**1.00

     25       4.000    0.108 0.994      1.000 0.999 0.999 0.997 0.990 0.941 0.911 0.796 0.633 0.453 0.385 0.322 0.245 0.234 0.229
     26       2.860    0.153 0.988      0.999 1.000 1.000 0.999 0.995 0.955 0.929 0.822 0.667 0.492 0.426 0.364 0.288 0.277 0.272
     27       2.769    0.158 0.987      0.999 1.000 1.000 0.999 0.996 0.957 0.930 0.825 0.671 0.497 0.430 0.369 0.293 0.282 0.277
     28       2.300    0.191 0.982      0.997 0.999 0.999 1.000 0.998 0.966 0.942 0.843 0.695 0.526 0.461 0.400 0.325 0.314 0.310
     29       1.804    0.247 0.969      0.990 0.995 0.996 0.998 1.000 0.979 0.960 0.873 0.735 0.573 0.511 0.452 0.379 0.368 0.363
     30       1.094    0.439 0.899      0.941 0.955 0.957 0.966 0.979 1.000 0.997 0.954 0.858 0.728 0.675 0.624 0.559 0.549 0.545
     31       0.985    0.508 0.861      0.911 0.929 0.930 0.942 0.960 0.997 1.000 0.975 0.896 0.780 0.731 0.684 0.623 0.614 0.610
     32       0.863    0.688 0.725      0.796 0.822 0.825 0.843 0.873 0.954 0.975 1.000 0.973 0.900 0.865 0.830 0.782 0.775 0.772
     33       0.943    0.838 0.545      0.633 0.667 0.671 0.695 0.735 0.858 0.896 0.973 1.000 0.977 0.958 0.937 0.906 0.901 0.899
     34       1.304    0.935 0.353      0.453 0.492 0.497 0.526 0.573 0.728 0.780 0.900 0.977 1.000 0.997 0.990 0.975 0.973 0.972
     35       1.590    0.959 0.283      0.385 0.426 0.430 0.461 0.511 0.675 0.731 0.865 0.958 0.997 1.000 0.998 0.989 0.987 0.987
     36       2.028    0.976 0.218      0.322 0.364 0.369 0.400 0.452 0.624 0.684 0.830 0.937 0.990 0.998 1.000 0.997 0.996 0.995
     37       3.141    0.990 0.139      0.245 0.288 0.293 0.325 0.379 0.559 0.623 0.782 0.906 0.975 0.989 0.997 1.000 1.000 1.000
     38       3.428    0.992 0.127      0.234 0.277 0.282 0.314 0.368 0.549 0.614 0.775 0.901 0.973 0.987 0.996 1.000 1.000 1.000
     39       3.553    0.992 0.122      0.229 0.272 0.277 0.310 0.363 0.545 0.610 0.772 0.899 0.972 0.987 0.995 1.000 1.000 1.000

  R CORE   ENERGY   A0R/A00=1.000    R3= 0     2  
   2( 1)    0.732                    1.000 0.000
   2( 2)  487.921                    0.000 1.000

  R CORE   ENERGY   A0R/A00=1.000    R3= 0     2  
   3( 1)  488.652                    0.000 1.000

  R CORE   ENERGY   A0R/A00=1.000    R3= 0     2     4  
   4( 1)    2.438                    1.000 0.000 0.000

  R CORE   ENERGY   A0R/A00=1.000    R3= 0     2     4  
   5( 1)  490.847                    0.000 1.000 0.000

  R CORE   ENERGY   A0R/A00=1.000    R3= 0     2     4     6  
   6( 1)    5.121                    1.000 0.000 0.000 0.000

  R CORE   ENERGY   A0R/A00=1.000    R3= 0     2     4     6  
   7( 1)  494.017                    0.000 1.000 0.000 0.000

          AXIAL SYMMETRY => K RESTRICTED TO OMEGA

                     K
     S.P. ORB#: 25 -5.50
     S.P. ORB#: 26  2.50
     S.P. ORB#: 27  0.50
     S.P. ORB#: 28 -3.50
     S.P. ORB#: 29 -1.50
     S.P. ORB#: 30  0.50
     S.P. ORB#: 31 -1.50
     S.P. ORB#: 32  2.50
     S.P. ORB#: 33 -3.50
     S.P. ORB#: 34  4.50
     S.P. ORB#: 35  0.50
     S.P. ORB#: 36 -3.50
     S.P. ORB#: 37 -1.50
     S.P. ORB#: 38  2.50
     S.P. ORB#: 39  0.50
 

             ENERGY    K= OMEGA
 
 I=  1/2- (1)  2.390  30: 1.000
 
 I=  1/2- (2)  4.553  27:-0.194
                      35: 0.909
                      39:-0.369
 
 I=  1/2- (3)  7.418  27:-0.384
                      35: 0.276
                      39: 0.881
 
 I=  1/2- (4)  9.289  27: 0.903
                      35: 0.312
                      39: 0.296
 
 I=  1/2- (5)147.288  31: 1.000

             ENERGY    K= OMEGA
 
 I=  3/2- (1)  2.285  30: 0.447
                      31:-0.894
 
 I=  3/2- (2)  2.649  30:-0.865
                      31:-0.439
                      37:-0.242

             ENERGY    K= OMEGA
 
 I=  5/2- (1)  2.742  30: 0.397
                      31: 0.877
                      37:-0.085
                      38:-0.254
 
 I=  5/2- (2)  3.373  26: 0.057
                      30:-0.833
                      31: 0.385
                      37: 0.382
                      38:-0.093
 
 I=  5/2- (3)  4.151  26:-0.132
                      30:-0.214
                      31:-0.182
                      37:-0.466
                      38:-0.828
 
 I=  5/2- (4)  4.615  26: 0.793
                      30: 0.195
                      31:-0.188
                      37: 0.407
                      38:-0.364
 
 I=  5/2- (5)  4.736  26: 0.591
                      30:-0.254
                      31: 0.119
                      37:-0.681
                      38: 0.329

             ENERGY    K= OMEGA
 
 I=  7/2- (1)  1.811  26:-0.160
                      33: 0.986
 
 I=  7/2- (2)  3.319  30: 0.559
                      31:-0.749
                      37: 0.185
                      38:-0.302
 
 I=  7/2- (3)  3.996  27: 0.630
                      29: 0.587
                      32: 0.465
                      36: 0.206
 
 I=  7/2- (4)  4.016  26:-0.074
                      30: 0.729
                      31: 0.541
                      37: 0.351
                      38: 0.215
 
 I=  7/2- (5)  4.187  26:-0.195
                      28:-0.973
                      38:-0.102

             ENERGY    K= OMEGA
 
 I=  9/2- (1)  2.230  26: 0.087
                      28:-0.163
                      33: 0.346
                      34: 0.920
 
 I=  9/2- (2)  2.864  26:-0.214
                      28:-0.098
                      33:-0.906
                      34: 0.345
                      38: 0.051
 
 I=  9/2- (3)  4.278  30:-0.439
                      31:-0.782
                      33: 0.059
                      37: 0.202
                      38: 0.387
 
 I=  9/2- (4)  4.723  27:-0.210
                      29: 0.550
                      32:-0.689
                      36: 0.422
 
 I=  9/2- (5)  5.248  26: 0.160
                      28:-0.232
                      30:-0.678
                      31: 0.447
                      33:-0.055
                      37: 0.489
                      38:-0.130

             ENERGY    K= OMEGA
 
 I= 11/2- (1)  3.364  26:-0.138
                      28:-0.221
                      33: 0.437
                      34:-0.860
 
 I= 11/2- (2)  3.407  27: 0.620
                      29: 0.586
                      32: 0.460
                      35: 0.090
                      36: 0.230
 
 I= 11/2- (3)  4.143  26: 0.251
                      28:-0.147
                      31:-0.065
                      33:-0.847
                      34:-0.434
                      38:-0.072
 
 I= 11/2- (4)  5.273  30: 0.573
                      31:-0.675
                      33: 0.077
                      37: 0.270
                      38:-0.367
 
 I= 11/2- (5)  5.344  25: 0.999

             ENERGY    K= OMEGA
 
 I= 13/2- (1)  4.727  26: 0.180
                      28:-0.260
                      33: 0.485
                      34: 0.814
 
 I= 13/2- (2)  5.250  27:-0.215
                      29: 0.558
                      32:-0.678
                      36: 0.428
 
 I= 13/2- (3)  5.651  26:-0.277
                      28:-0.187
                      31:-0.091
                      33:-0.799
                      34: 0.480
                      38: 0.094
 
 I= 13/2- (4)  6.754  30:-0.449
                      31:-0.719
                      33: 0.109
                      34:-0.056
                      37: 0.273
                      38: 0.436
 
 I= 13/2- (5)  6.931  25: 0.998

             ENERGY     K= 1/2
  32 LEVELS    TIME=  0.0 SEC



 ******************* EXCITATION ENERGIES, DOMINANT CONFIGURATION AND EXPECTATION VALUES (WITH S.P. UU+VV FACTORS) *******************

  NR  Eex(keV)  I   Kdom  NY    <Jz>  <Jx**2> <Jy**2> <Jz**2> <I.j>/|I|  <Rx**2> <Ry**2> <Rz**2> <R.j>/|R|  <HROTx> <HROTy> <HROTz>

   1    0.0   7/2-  -7/2  33   -3.34    2.30    2.30   12.09    3.25       3.34    3.34   -0.00   -1.47      0.407   0.407  -0.000
   2  418.9   9/2-   9/2  34    3.31    2.50    2.50   18.97    4.13       3.82    3.82    0.00   -1.24      0.465   0.465   0.000
   3  474.4   3/2-  -3/2  31   -1.10    4.93    4.93    1.85    1.29       5.24    5.24    0.00   -2.85      0.639   0.639   0.000
   4  579.3   1/2-   1/2  30    0.50    4.90    4.90    0.25    0.10       5.31    5.31    0.00   -3.06      0.648   0.648   0.000
   5  838.5   3/2-   1/2  30   -0.00    4.64    4.64    0.75    0.48       5.97    5.97    0.00   -2.64      0.728   0.728   0.000
  
   6  931.8   5/2-  -3/2  31   -0.92    4.75    4.75    2.20    1.29       6.42    6.42    0.00   -2.20      0.783   0.783   0.000
   7 1053.6   9/2-  -7/2  33   -2.25    2.37    2.37   12.89    2.80       7.26    7.26   -0.00   -0.97      0.885   0.885  -0.001
   8 1508.7   7/2-  -3/2  31   -0.51    4.63    4.63    2.01    1.33       8.21    8.21    0.00   -1.47      1.001   1.001   0.000
   9 1553.0  11/2-   9/2  34    2.54    2.67    2.67   18.07    3.54       8.40    8.40   -0.00   -0.54      1.024   1.024  -0.000
  10 1562.6   5/2-   1/2  30   -0.06    4.32    4.32    0.91    0.36       8.08    8.08    0.00   -2.11      0.985   0.985   0.000
  
  11 1596.4  11/2-   1/2  27    0.03   23.36   23.36    2.84    6.16       5.82    5.82    0.00   -3.73      0.710   0.710   0.000
  12 2185.8   7/2-   1/2  27    0.07   22.93   22.93    2.75    6.04       8.22    8.22    0.00   -6.08      1.002   1.002   0.000
  13 2205.8   7/2-   1/2  30   -0.23    4.24    4.24    1.40    0.56      10.60   10.60    0.00   -1.67      1.292   1.292   0.000
  14 2332.7  11/2-  -7/2  33   -1.58    2.46    2.46   13.31    2.48      12.17   12.17   -0.00   -0.69      1.484   1.484  -0.000
  15 2340.4   5/2-   5/2  38    1.41    2.07    2.07    4.97    1.66       4.03    4.03   -0.00   -1.49      0.492   0.492  -0.000
  
  16 2376.1   7/2-  -7/2  28   -3.20    6.17    6.17   11.90    3.12       7.61    7.61    0.00   -3.04      0.928   0.928   0.001
  17 2467.3   9/2-  -3/2  31   -0.52    4.44    4.44    2.52    1.31      11.55   11.55    0.00   -1.01      1.408   1.408   0.000
  18 2742.9   1/2-   1/2  35    0.50   11.20   11.20    0.25    0.95      10.88   10.88    0.00   -4.68      1.326   1.326   0.000
  19 2804.4   5/2-   5/2  26    1.62    4.78    4.78    5.22    1.53       7.24    7.24    0.00   -2.69      0.883   0.883   0.000
  20 2912.2   9/2-   5/2  32    0.13   23.82   23.82    5.84    5.16      13.46   13.46    0.00   -5.36      1.641   1.641   0.000
  
  21 2916.4  13/2-   9/2  34    1.99    2.82    2.82   17.37    3.15      13.89   13.89    0.00   -0.19      1.693   1.693   0.000
  22 2925.6   5/2-  -3/2  37    0.46    3.60    3.60    3.95    0.83       7.48    7.48   -0.00   -2.24      0.912   0.912  -0.000
  23 3437.2   9/2-   1/2  30   -0.51    4.02    4.02    2.10    0.59      14.50   14.50    0.00   -1.34      1.768   1.768   0.000
  24 3439.2  13/2-   5/2  32    0.06   23.83   23.83    5.82    5.09      15.55   15.55    0.00   -3.21      1.896   1.896   0.000
  25 3462.9  11/2-  -3/2  31   -0.32    4.39    4.39    2.25    1.33      15.43   15.43    0.00   -0.55      1.881   1.881   0.000
  
  26 3533.4  11/2- -11/2  25   -5.48    2.75    2.75   30.20    5.05       5.54    5.54    0.00   -1.66      0.675   0.675   0.001
  27 3840.5  13/2-  -7/2  33   -1.13    2.55    2.55   13.52    2.24      18.06   18.06   -0.00   -0.50      2.202   2.202  -0.000
  28 4943.1  13/2-  -3/2  31   -0.34    4.21    4.21    2.82    1.29      20.98   20.98    0.00   -0.34      2.558   2.558   0.000
  29 5120.3  13/2- -11/2  25   -5.47    2.75    2.75   30.18    4.32      12.06   12.06    0.00   -1.13      1.470   1.470   0.001
  30 5607.9   1/2-   1/2  39    0.50   15.93   15.93    0.25   -0.59      16.94   16.94   -0.00   -5.60      2.065   2.065  -0.000
  
  31 7478.4   1/2-   1/2  27    0.50   23.47   23.47    0.25   -3.42      26.93   26.93    0.00   -6.83      3.283   3.283   0.000
  32*******   1/2-  -3/2  31    0.00    0.00    0.00    0.00    0.00       0.00    0.00    0.00   -0.00      0.000   0.000   0.000
