1SPECTRUM OF (Z= 82 A=207) IN PARTICLE-ROTOR  MODEL WITH MODIFIED OSCILLATOR POTENTIAL


 PARITY=-   EPS= 0.367   GAMMA=  0.0   EPS4=0.000   EPS6=0.000   LEVELS:  24  25  26  27  28  29  30  31  32  33  34  35  36  37  38

 PAIRING FACTORS: GN0= 19.20  GN1=  7.40  IPAIR= 15 ***  E2PLUS(INPUT)=   0.730  E2PLUR(INPUT)=   0.000

 CORIOLIS ATTENUATION PARAMETERS:  CHSI=1.000  ETA=  1.00

 MOMENT OF INERTIA PARAMETERS:   A1=  0.122 MEV   A2=  0.122 MEV   A3=121.91925 MEV


 DELTA=0.878 MEV  LAMBDA=53.4219 MEV   HW0= 7.5349 MEV   LAMBDA/HW0= 7.0899

 E2ENERGY=0.730 MEV  HBAR**2/B=24974./A**(7/3)=4221.8/A**2 MEV

 IREC=0  =>  RECOIL TERMS j+j-, j+j+, jzjz, ETC TREATED AS ONE-BODY OPERATORS WITH UU+VV PAIRING FACTORS



 S. P. LEVEL   EQP       U     V        (UU + VV)**1.00

     24       4.269    0.103 0.995      1.000 1.000 0.999 0.997 0.996 0.982 0.947 0.922 0.730 0.707 0.502 0.343 0.313 0.251 0.238
     25       4.202    0.105 0.994      1.000 1.000 0.999 0.997 0.997 0.983 0.948 0.923 0.731 0.709 0.504 0.345 0.314 0.253 0.240
     26       2.953    0.150 0.989      0.999 0.999 1.000 1.000 0.999 0.990 0.962 0.939 0.761 0.740 0.543 0.387 0.357 0.297 0.284
     27       2.472    0.181 0.984      0.997 0.997 1.000 1.000 1.000 0.994 0.969 0.949 0.781 0.760 0.568 0.415 0.386 0.326 0.313
     28       2.393    0.187 0.982      0.996 0.997 0.999 1.000 1.000 0.995 0.971 0.951 0.784 0.764 0.573 0.421 0.391 0.332 0.319
     29       1.596    0.287 0.958      0.982 0.983 0.990 0.994 0.995 1.000 0.990 0.978 0.844 0.827 0.655 0.512 0.484 0.428 0.415
     30       1.160    0.416 0.909      0.947 0.948 0.962 0.969 0.971 0.990 1.000 0.997 0.910 0.896 0.752 0.626 0.600 0.548 0.536
     31       1.042    0.480 0.877      0.922 0.923 0.939 0.949 0.951 0.978 0.997 1.000 0.937 0.926 0.798 0.680 0.656 0.607 0.596
     32       0.887    0.756 0.655      0.730 0.731 0.761 0.781 0.784 0.844 0.910 0.937 1.000 0.999 0.958 0.893 0.878 0.845 0.838
     33       0.897    0.776 0.631      0.707 0.709 0.740 0.760 0.764 0.827 0.896 0.926 0.999 1.000 0.966 0.907 0.892 0.862 0.855
     34       1.173    0.912 0.410      0.502 0.504 0.543 0.568 0.573 0.655 0.752 0.798 0.958 0.966 1.000 0.985 0.978 0.963 0.960
     35       1.853    0.970 0.244      0.343 0.345 0.387 0.415 0.421 0.512 0.626 0.680 0.893 0.907 0.985 1.000 0.999 0.995 0.994
     36       2.112    0.977 0.213      0.313 0.314 0.357 0.386 0.391 0.484 0.600 0.656 0.878 0.892 0.978 0.999 1.000 0.998 0.997
     37       2.957    0.989 0.150      0.251 0.253 0.297 0.326 0.332 0.428 0.548 0.607 0.845 0.862 0.963 0.995 0.998 1.000 1.000
     38       3.243    0.991 0.137      0.238 0.240 0.284 0.313 0.319 0.415 0.536 0.596 0.838 0.855 0.960 0.994 0.997 1.000 1.000

  R CORE   ENERGY   A0R/A00=1.000    R3= 0     2  
   2( 1)    0.732                    1.000 0.000
   2( 2)  487.921                    0.000 1.000

  R CORE   ENERGY   A0R/A00=1.000    R3= 0     2  
   3( 1)  488.652                    0.000 1.000

  R CORE   ENERGY   A0R/A00=1.000    R3= 0     2     4  
   4( 1)    2.438                    1.000 0.000 0.000

  R CORE   ENERGY   A0R/A00=1.000    R3= 0     2     4  
   5( 1)  490.847                    0.000 1.000 0.000

  R CORE   ENERGY   A0R/A00=1.000    R3= 0     2     4     6  
   6( 1)    5.121                    1.000 0.000 0.000 0.000

  R CORE   ENERGY   A0R/A00=1.000    R3= 0     2     4     6  
   7( 1)  494.017                    0.000 1.000 0.000 0.000

          AXIAL SYMMETRY => K RESTRICTED TO OMEGA

                     K
     S.P. ORB#: 24  0.50
     S.P. ORB#: 25 -5.50
     S.P. ORB#: 26  2.50
     S.P. ORB#: 27  0.50
     S.P. ORB#: 28 -3.50
     S.P. ORB#: 29 -1.50
     S.P. ORB#: 30  0.50
     S.P. ORB#: 31 -1.50
     S.P. ORB#: 32  2.50
     S.P. ORB#: 33 -3.50
     S.P. ORB#: 34  4.50
     S.P. ORB#: 35  0.50
     S.P. ORB#: 36 -3.50
     S.P. ORB#: 37 -1.50
     S.P. ORB#: 38  2.50
 

             ENERGY    K= OMEGA
 
 I=  1/2- (1)  2.434  30: 0.999
 
 I=  1/2- (2)  5.239  27:-0.277
                      35: 0.961
 
 I=  1/2- (3)  5.905  24: 0.999
 
 I=  1/2- (4)  8.959  27:-0.961
                      35:-0.277
 
 I=  1/2- (5)147.345  31: 1.000

             ENERGY    K= OMEGA
 
 I=  3/2- (1)  2.318  24:-0.073
                      30: 0.280
                      31:-0.957
 
 I=  3/2- (2)  2.508  24:-0.202
                      30:-0.915
                      31:-0.250
                      37:-0.244

             ENERGY    K= OMEGA
 
 I=  5/2- (1)  2.482  24:-0.259
                      30: 0.463
                      31: 0.813
                      37:-0.095
                      38:-0.219
 
 I=  5/2- (2)  3.373  24: 0.054
                      26: 0.060
                      30:-0.764
                      31: 0.461
                      37: 0.420
                      38:-0.146
 
 I=  5/2- (3)  3.940  24:-0.100
                      26: 0.077
                      30: 0.183
                      31: 0.143
                      37: 0.470
                      38: 0.842
 
 I=  5/2- (4)  4.524  26:-0.239
                      30:-0.353
                      31: 0.257
                      37:-0.731
                      38: 0.465
 
 I=  5/2- (5)  4.758  26:-0.966
                      30: 0.066
                      37: 0.242
                      38:-0.064

             ENERGY    K= OMEGA
 
 I=  7/2- (1)  1.745  26:-0.170
                      33: 0.984
 
 I=  7/2- (2)  3.320  24:-0.144
                      30: 0.262
                      31:-0.875
                      37: 0.104
                      38:-0.362
 
 I=  7/2- (3)  3.483  24:-0.305
                      30:-0.859
                      31:-0.236
                      37:-0.333
 
 I=  7/2- (4)  3.866  27: 0.656
                      29: 0.587
                      32: 0.433
                      36: 0.192
 
 I=  7/2- (5)  4.268  26: 0.201
                      28: 0.963
                      30: 0.059
                      31:-0.068
                      37:-0.062
                      38: 0.140

             ENERGY    K= OMEGA
 
 I=  9/2- (1)  2.094  26:-0.085
                      28: 0.167
                      33:-0.319
                      34:-0.929
 
 I=  9/2- (2)  2.770  26:-0.230
                      28:-0.095
                      31:-0.056
                      33:-0.911
                      34: 0.318
                      38: 0.053
 
 I=  9/2- (3)  3.565  24:-0.371
                      30: 0.500
                      31: 0.716
                      33:-0.073
                      37:-0.158
                      38:-0.261
 
 I=  9/2- (4)  4.685  27: 0.212
                      29:-0.550
                      32: 0.683
                      36:-0.431
 
 I=  9/2- (5)  5.239  26:-0.102
                      30: 0.657
                      31:-0.497
                      33: 0.056
                      37:-0.497
                      38: 0.240

             ENERGY    K= OMEGA
 
 I= 11/2- (1)  3.218  26:-0.138
                      28:-0.227
                      33: 0.415
                      34:-0.870
 
 I= 11/2- (2)  3.264  27:-0.641
                      29:-0.582
                      32:-0.441
                      35:-0.067
                      36:-0.226
 
 I= 11/2- (3)  4.025  26:-0.268
                      28: 0.142
                      31: 0.072
                      33: 0.852
                      34: 0.413
                      38: 0.070
 
 I= 11/2- (4)  5.235  24:-0.282
                      31:-0.856
                      33: 0.102
                      37: 0.058
                      38:-0.414
 
 I= 11/2- (5)  5.350  24:-0.299
                      30:-0.861
                      37:-0.391
                      38: 0.118

             ENERGY    K= OMEGA
 
 I= 13/2- (1)  4.568  26: 0.183
                      28:-0.266
                      33: 0.470
                      34: 0.820
 
 I= 13/2- (2)  5.181  27: 0.214
                      29:-0.551
                      32: 0.675
                      36:-0.441
 
 I= 13/2- (3)  5.430  24:-0.311
                      26: 0.212
                      28: 0.141
                      30: 0.346
                      31: 0.495
                      33: 0.544
                      34:-0.340
                      37:-0.106
                      38:-0.225
 
 I= 13/2- (4)  5.608  24:-0.313
                      26:-0.204
                      28:-0.115
                      30: 0.371
                      31: 0.452
                      33:-0.599
                      34: 0.326
                      37:-0.141
                      38:-0.142
 
 I= 13/2- (5)  7.132  25:-0.999

             ENERGY     K= 5/2
  32 LEVELS    TIME=  0.0 SEC



 ******************* EXCITATION ENERGIES, DOMINANT CONFIGURATION AND EXPECTATION VALUES (WITH S.P. UU+VV FACTORS) *******************

  NR  Eex(keV)  I   Kdom  NY    <Jz>  <Jx**2> <Jy**2> <Jz**2> <I.j>/|I|  <Rx**2> <Ry**2> <Rz**2> <R.j>/|R|  <HROTx> <HROTy> <HROTz>

   1    0.0   7/2-  -7/2  33   -3.32    2.31    2.31   12.07    3.28       3.21    3.21    0.00   -1.45      0.392   0.392   0.000
   2  349.0   9/2-   9/2  34    3.45    2.51    2.51   19.11    4.17       3.70    3.70   -0.00   -1.24      0.451   0.451  -0.000
   3  573.1   3/2-  -3/2  31   -1.33    4.89    4.89    2.08    1.39       5.12    5.12    0.00   -2.87      0.625   0.625   0.000
   4  689.2   1/2-   1/2  30    0.50    4.91    4.91    0.25    0.25       5.20    5.20   -0.00   -3.06      0.634   0.634  -0.000
   5  736.9   5/2-  -3/2  31   -0.74    5.02    5.02    1.88    2.01       4.40    4.40    0.00   -2.02      0.537   0.537   0.000
  
   6  763.3   3/2-   1/2  30    0.26    4.50    4.50    0.49    1.04       4.60    4.60    0.00   -2.46      0.561   0.561   0.000
   7 1025.3   9/2-  -7/2  33   -2.35    2.39    2.39   12.68    2.83       7.03    7.03    0.00   -0.90      0.858   0.858   0.000
   8 1473.3  11/2-   9/2  34    2.67    2.69    2.69   18.20    3.59       8.18    8.18    0.00   -0.52      0.997   0.997   0.000
   9 1519.5  11/2-   1/2  27    0.01   23.51   23.51    2.71    6.18       5.82    5.82   -0.00   -3.76      0.709   0.709  -0.000
  10 1574.6   7/2-  -3/2  31   -0.80    4.59    4.59    2.62    1.52       7.75    7.75    0.00   -1.47      0.945   0.945   0.000
  
  11 1628.2   5/2-   1/2  30   -0.23    4.16    4.16    1.18    0.50       7.63    7.63    0.00   -2.05      0.931   0.931   0.000
  12 1737.6   7/2-   1/2  30    0.17    4.34    4.34    0.60    1.26       7.53    7.53    0.00   -1.11      0.918   0.918   0.000
  13 1819.7   9/2-  -3/2  31   -0.46    5.14    5.14    1.81    2.18       7.59    7.59    0.00   -0.32      0.925   0.925   0.000
  14 2121.1   7/2-   1/2  27    0.04   23.20   23.20    2.51    6.07       8.23    8.23   -0.00   -6.12      1.003   1.003  -0.000
  15 2195.0   5/2-   5/2  38    1.45    2.02    2.02    5.02    1.81       3.55    3.55    0.00   -1.39      0.433   0.433   0.000
  
  16 2280.2  11/2-  -7/2  33   -1.66    2.47    2.47   13.10    2.52      11.85   11.85   -0.00   -0.61      1.444   1.444  -0.000
  17 2523.0   7/2-  -7/2  28   -3.11    6.10    6.10   11.77    3.10       7.56    7.56    0.00   -3.00      0.922   0.922   0.000
  18 2779.3   5/2-  -3/2  37   -0.15    2.79    2.79    3.10    0.37       7.61    7.61    0.00   -1.94      0.928   0.928   0.000
  19 2822.7  13/2-   9/2  34    2.08    2.85    2.85   17.44    3.21      13.56   13.56   -0.00   -0.14      1.653   1.653  -0.000
  20 2940.2   9/2-   5/2  32    0.09   24.03   24.03    5.89    5.20      13.47   13.47   -0.00   -5.41      1.643   1.643  -0.000
  
  21 3012.9   5/2-   5/2  26    2.26    5.78    5.78    5.99    1.94       7.42    7.42    0.00   -3.07      0.905   0.905   0.000
  22 3435.7  13/2-   5/2  32    0.03   24.02   24.02    5.92    5.14      15.45   15.45    0.00   -3.25      1.884   1.884   0.000
  23 3490.1  11/2-  -3/2  31   -0.67    4.50    4.50    2.91    1.55      14.57   14.57    0.00   -0.49      1.777   1.777   0.000
  24 3493.6   9/2-   1/2  30   -0.37    3.78    3.78    1.70    0.52      14.43   14.43    0.00   -1.24      1.759   1.759   0.000
  25 3494.4   1/2-   1/2  35    0.50   12.25   12.25    0.25   -1.09      13.69   13.69    0.00   -4.91      1.669   1.669   0.000
  
  26 3605.1  11/2-   1/2  30    0.22    4.24    4.24    0.66    1.28      14.79   14.79    0.00   -0.27      1.803   1.803   0.000
  27 3685.0  13/2-  -7/2  33   -0.63    3.95    3.95    7.45    2.33      15.76   15.76    0.00    0.17      1.921   1.921   0.000
  28 3863.1  13/2-  -7/2  33   -0.89    3.89    3.89    7.67    2.19      16.77   16.77   -0.00   -0.02      2.045   2.045  -0.000
  29 4160.3   1/2-   1/2  24    0.50    6.80    6.80    0.25    0.65       6.74    6.74    0.00   -3.62      0.822   0.822   0.000
  30 5387.4  13/2- -11/2  25   -5.48    2.75    2.75   30.21    4.32      12.04   12.04    0.00   -1.13      1.468   1.468   0.000
  
  31 7214.1   1/2-   1/2  27    0.50   23.29   23.29    0.25   -3.47      26.80   26.80    0.00   -6.81      3.267   3.267   0.000
  32*******   1/2-  -3/2  31    0.00    0.00    0.00    0.00   -0.00       0.00    0.00    0.00   -0.00      0.000   0.000   0.000
