1SPECTRUM OF (Z= 82 A=207) IN PARTICLE-ROTOR  MODEL WITH MODIFIED OSCILLATOR POTENTIAL


 PARITY=-   EPS= 0.199   GAMMA=  0.0   EPS4=0.000   EPS6=0.000   LEVELS:  24  25  26  27  28  29  30  31  32  33  34  35  36  37  38

 PAIRING FACTORS: GN0= 19.20  GN1=  7.40  IPAIR= 15 ***  E2PLUS(INPUT)=   0.730  E2PLUR(INPUT)=   0.000

 CORIOLIS ATTENUATION PARAMETERS:  CHSI=1.000  ETA=  1.00

 MOMENT OF INERTIA PARAMETERS:   A1=  0.122 MEV   A2=  0.122 MEV   A3=121.91924 MEV


 DELTA=0.939 MEV  LAMBDA=53.4833 MEV   HW0= 7.4453 MEV   LAMBDA/HW0= 7.1835

 E2ENERGY=0.730 MEV  HBAR**2/B= 7343./A**(7/3)=1241.3/A**2 MEV

 IREC=0  =>  RECOIL TERMS j+j-, j+j+, jzjz, ETC TREATED AS ONE-BODY OPERATORS WITH UU+VV PAIRING FACTORS



 S. P. LEVEL   EQP       U     V        (UU + VV)**1.00

     24       5.192    0.091 0.996      1.000 1.000 1.000 0.999 0.996 0.991 0.991 0.988 0.709 0.605 0.451 0.416 0.389 0.313 0.254
     25       4.249    0.111 0.994      1.000 1.000 1.000 1.000 0.998 0.994 0.993 0.991 0.723 0.621 0.469 0.435 0.407 0.333 0.274
     26       4.030    0.117 0.993      1.000 1.000 1.000 1.000 0.998 0.994 0.994 0.992 0.727 0.626 0.474 0.440 0.413 0.339 0.280
     27       3.727    0.127 0.992      0.999 1.000 1.000 1.000 0.999 0.995 0.995 0.993 0.734 0.633 0.483 0.449 0.422 0.348 0.289
     28       2.692    0.177 0.984      0.996 0.998 0.998 0.999 1.000 0.999 0.999 0.998 0.767 0.672 0.527 0.494 0.467 0.395 0.338
     29       2.160    0.223 0.975      0.991 0.994 0.994 0.995 0.999 1.000 1.000 1.000 0.797 0.706 0.566 0.534 0.508 0.438 0.381
     30       2.153    0.224 0.975      0.991 0.993 0.994 0.995 0.999 1.000 1.000 1.000 0.797 0.706 0.566 0.535 0.509 0.438 0.382
     31       1.991    0.243 0.970      0.988 0.991 0.992 0.993 0.998 1.000 1.000 1.000 0.809 0.720 0.583 0.551 0.526 0.456 0.400
     32       0.955    0.767 0.642      0.709 0.723 0.727 0.734 0.767 0.797 0.797 0.809 1.000 0.990 0.949 0.937 0.926 0.892 0.863
     33       1.045    0.848 0.530      0.605 0.621 0.626 0.633 0.672 0.706 0.706 0.720 0.990 1.000 0.983 0.976 0.969 0.946 0.924
     34       1.374    0.930 0.368      0.451 0.469 0.474 0.483 0.527 0.566 0.566 0.583 0.949 0.983 1.000 0.999 0.998 0.989 0.978
     35       1.501    0.943 0.332      0.416 0.435 0.440 0.449 0.494 0.534 0.535 0.551 0.937 0.976 0.999 1.000 1.000 0.994 0.985
     36       1.626    0.953 0.303      0.389 0.407 0.413 0.422 0.467 0.508 0.509 0.526 0.926 0.969 0.998 1.000 1.000 0.997 0.990
     37       2.135    0.974 0.226      0.313 0.333 0.339 0.348 0.395 0.438 0.438 0.456 0.892 0.946 0.989 0.994 0.997 1.000 0.998
     38       2.881    0.986 0.165      0.254 0.274 0.280 0.289 0.338 0.381 0.382 0.400 0.863 0.924 0.978 0.985 0.990 0.998 1.000

  R CORE   ENERGY   A0R/A00=1.000    R3= 0     2  
   2( 1)    0.732                    1.000 0.000
   2( 2)  487.921                    0.000 1.000

  R CORE   ENERGY   A0R/A00=1.000    R3= 0     2  
   3( 1)  488.652                    0.000 1.000

  R CORE   ENERGY   A0R/A00=1.000    R3= 0     2     4  
   4( 1)    2.438                    1.000 0.000 0.000

  R CORE   ENERGY   A0R/A00=1.000    R3= 0     2     4  
   5( 1)  490.847                    0.000 1.000 0.000

  R CORE   ENERGY   A0R/A00=1.000    R3= 0     2     4     6  
   6( 1)    5.121                    1.000 0.000 0.000 0.000

  R CORE   ENERGY   A0R/A00=1.000    R3= 0     2     4     6  
   7( 1)  494.017                    0.000 1.000 0.000 0.000

          AXIAL SYMMETRY => K RESTRICTED TO OMEGA

                     K
     S.P. ORB#: 24  2.50
     S.P. ORB#: 25  2.50
     S.P. ORB#: 26  0.50
     S.P. ORB#: 27 -3.50
     S.P. ORB#: 28 -3.50
     S.P. ORB#: 29  4.50
     S.P. ORB#: 30  0.50
     S.P. ORB#: 31 -1.50
     S.P. ORB#: 32 -1.50
     S.P. ORB#: 33  2.50
     S.P. ORB#: 34  0.50
     S.P. ORB#: 35  0.50
     S.P. ORB#: 36 -1.50
     S.P. ORB#: 37  2.50
     S.P. ORB#: 38 -3.50
 

             ENERGY    K= OMEGA
 
 I=  1/2- (1)  1.758  26:-0.059
                      35:-0.998
 
 I=  1/2- (2)  3.203  30: 0.999
 
 I=  1/2- (3)  5.234  26: 0.998
                      35:-0.060
 
 I=  1/2- (4)  9.272  34: 1.000
 
 I=  1/2- (5)147.258  32:-1.000

             ENERGY    K= OMEGA
 
 I=  3/2- (1)  1.443  30: 0.185
                      31: 0.103
                      32: 0.973
                      35:-0.074
 
 I=  3/2- (2)  2.400  30: 0.169
                      31: 0.152
                      32:-0.122
                      35:-0.966

             ENERGY    K= OMEGA
 
 I=  5/2- (1)  1.520  26:-0.051
                      30: 0.136
                      31: 0.176
                      32:-0.432
                      33:-0.870
                      35: 0.055
 
 I=  5/2- (2)  2.072  30:-0.212
                      31: 0.169
                      32: 0.861
                      33:-0.424
                      35: 0.054
 
 I=  5/2- (3)  2.425  30:-0.170
                      31:-0.222
                      33:-0.131
                      35:-0.950
 
 I=  5/2- (4)  3.291  24: 0.073
                      26:-0.368
                      30: 0.436
                      31: 0.739
                      32: 0.069
                      33: 0.184
                      35:-0.289
 
 I=  5/2- (5)  4.519  24: 0.064
                      26: 0.074
                      30:-0.809
                      31: 0.513
                      32:-0.252
                      33: 0.097

             ENERGY    K= OMEGA
 
 I=  7/2- (1)  2.158  30: 0.186
                      31:-0.208
                      32: 0.520
                      33:-0.805
 
 I=  7/2- (2)  2.733  25:-0.076
                      26:-0.171
                      28: 0.100
                      30:-0.338
                      31:-0.306
                      32:-0.705
                      33:-0.459
                      35: 0.190
 
 I=  7/2- (3)  3.416  24: 0.059
                      25:-0.237
                      27:-0.124
                      28: 0.953
                      30: 0.068
                      32: 0.065
                      33: 0.055
                      35:-0.055
 
 I=  7/2- (4)  3.758  34: 0.728
                      36: 0.573
                      37: 0.347
                      38: 0.144
 
 I=  7/2- (5)  3.967  24: 0.054
                      26:-0.122
                      30:-0.157
                      31:-0.316
                      32: 0.319
                      33: 0.238
                      35: 0.835

             ENERGY    K= OMEGA
 
 I=  9/2- (1)  2.794  24: 0.062
                      25: 0.062
                      26:-0.151
                      27: 0.206
                      28: 0.090
                      29:-0.523
                      30: 0.248
                      31: 0.310
                      32:-0.387
                      33:-0.565
                      35: 0.137
 
 I=  9/2- (2)  2.924  26:-0.107
                      27:-0.204
                      28:-0.150
                      29: 0.778
                      30: 0.185
                      31: 0.207
                      32:-0.283
                      33:-0.385
                      35: 0.104
 
 I=  9/2- (3)  3.882  24: 0.083
                      25:-0.170
                      26:-0.065
                      27: 0.087
                      28:-0.301
                      30:-0.154
                      31: 0.338
                      32: 0.731
                      33:-0.291
                      35: 0.322
 
 I=  9/2- (4)  4.016  26:-0.129
                      28: 0.121
                      30: 0.313
                      31: 0.165
                      32:-0.087
                      33: 0.515
                      35: 0.753
 
 I=  9/2- (5)  4.335  24:-0.086
                      25: 0.277
                      27:-0.147
                      28: 0.852
                      29: 0.135
                      30:-0.137
                      31: 0.068
                      32: 0.271
                      33:-0.220
                      35: 0.069

             ENERGY    K= OMEGA
 
 I= 11/2- (1)  2.640  34: 0.688
                      36: 0.576
                      37: 0.395
                      38: 0.196
 
 I= 11/2- (2)  3.742  24: 0.124
                      25: 0.118
                      27:-0.386
                      28:-0.206
                      29:-0.817
                      30: 0.069
                      31:-0.128
                      32: 0.160
                      33:-0.253
 
 I= 11/2- (3)  4.113  27: 0.073
                      28: 0.083
                      29: 0.319
                      30: 0.272
                      31:-0.258
                      32: 0.546
                      33:-0.668
 
 I= 11/2- (4)  4.681  24: 0.095
                      25:-0.145
                      26:-0.278
                      27:-0.079
                      28: 0.231
                      30:-0.393
                      31:-0.420
                      32:-0.529
                      33:-0.412
                      35: 0.228
 
 I= 11/2- (5)  5.411  24:-0.114
                      25: 0.348
                      26:-0.109
                      27: 0.193
                      28:-0.844
                      29: 0.174
                      30:-0.170
                      31:-0.105
                      32:-0.098
                      33:-0.111
                      35: 0.114

             ENERGY    K= OMEGA
 
 I= 13/2- (1)  4.700  24: 0.153
                      25: 0.112
                      26:-0.220
                      27: 0.344
                      28: 0.148
                      29:-0.526
                      30: 0.286
                      31: 0.364
                      32:-0.301
                      33:-0.411
                      35: 0.156
 
 I= 13/2- (2)  4.890  34:-0.234
                      36: 0.583
                      37:-0.652
                      38: 0.425
 
 I= 13/2- (3)  5.042  24: 0.075
                      25: 0.095
                      26: 0.214
                      27: 0.299
                      28: 0.206
                      29:-0.638
                      30:-0.292
                      31:-0.309
                      32: 0.283
                      33: 0.334
                      35:-0.167
 
 I= 13/2- (4)  6.384  24: 0.173
                      25:-0.318
                      26:-0.093
                      27: 0.175
                      28:-0.544
                      29:-0.085
                      30:-0.107
                      31: 0.296
                      32: 0.592
                      33:-0.056
                      35: 0.270
 
 I= 13/2- (5)  6.629  25:-0.133
                      26: 0.157
                      27: 0.103
                      28:-0.321
                      30:-0.256
                      31:-0.124
                      32:-0.120
                      33:-0.564
                      35:-0.656

             ENERGY     K=-7/2
  32 LEVELS    TIME=  0.0 SEC



 ******************* EXCITATION ENERGIES, DOMINANT CONFIGURATION AND EXPECTATION VALUES (WITH S.P. UU+VV FACTORS) *******************

  NR  Eex(keV)  I   Kdom  NY    <Jz>  <Jx**2> <Jy**2> <Jz**2> <I.j>/|I|  <Rx**2> <Ry**2> <Rz**2> <R.j>/|R|  <HROTx> <HROTy> <HROTz>

   1    0.0   3/2-  -3/2  32   -1.42    1.57    1.57    2.17    1.43       1.75    1.75    0.00   -1.35      0.213   0.213   0.000
   2   77.5   5/2-   5/2  33    1.58    1.83    1.83    5.24    2.38       1.76    1.76    0.00   -0.98      0.215   0.215   0.000
   3  314.7   1/2-   1/2  35    0.50    1.23    1.23    0.25    0.83       1.02    1.02   -0.00   -1.40      0.124   0.124  -0.000
   4  629.6   5/2-  -3/2  32   -0.68    1.57    1.57    2.88    1.10       4.14    4.14    0.00   -0.97      0.505   0.505   0.000
   5  714.9   7/2-   5/2  33    1.16    1.95    1.95    4.79    1.99       4.31    4.31    0.00   -0.27      0.525   0.525   0.000
  
   6  957.3   3/2-   1/2  35    0.42    1.39    1.39    0.33   -0.09       3.60    3.60    0.00   -1.22      0.439   0.439   0.000
   7  982.0   5/2-   1/2  35    0.44    1.69    1.69    0.46    0.90       3.63    3.63   -0.00   -0.43      0.443   0.443  -0.000
   8 1197.3  11/2-   1/2  34   -0.01   27.90   27.90    2.31    7.16       4.13    4.13    0.00   -5.33      0.503   0.503   0.000
   9 1290.2   7/2-  -3/2  32   -0.29    1.82    1.82    2.88    1.39       5.62    5.62    0.00   -0.30      0.685   0.685   0.000
  10 1351.3   9/2-   5/2  33    1.55    2.91    2.91    8.77    3.08       4.38    4.38    0.00    0.24      0.533   0.533   0.000
  
  11 1481.3   9/2-   9/2  29    2.72    2.65    2.65   14.27    3.69       3.82    3.82    0.00   -0.45      0.466   0.466   0.000
  12 1760.2   1/2-   1/2  30    0.50    4.12    4.12    0.25    0.38       4.30    4.30    0.00   -2.79      0.524   0.524   0.000
  13 1847.8   5/2-  -3/2  31   -0.52    3.80    3.80    1.59    1.57       4.32    4.32    0.00   -1.54      0.526   0.526   0.000
  14 1972.7   7/2-  -7/2  28   -3.08    2.27    2.27   11.72    3.38       2.58    2.58   -0.00   -1.25      0.315   0.315  -0.000
  15 2299.2  11/2-   9/2  29    2.51    3.29    3.29   16.56    3.99       5.56    5.56    0.00    0.23      0.677   0.677   0.000
  
  16 2315.0   7/2-   1/2  34    0.00   28.02   28.02    1.88    7.03       8.93    8.93    0.00   -7.10      1.089   1.089   0.000
  17 2438.7   9/2-  -3/2  32   -0.95    1.73    1.73    3.46    1.20       9.84    9.84    0.00   -0.21      1.200   1.200   0.000
  18 2523.9   7/2-   1/2  35    0.21    1.95    1.95    1.03    0.09       9.97    9.97    0.00   -1.02      1.215   1.215   0.000
  19 2573.2   9/2-   1/2  35    0.90    2.20    2.20    2.12    1.09      10.22   10.22    0.00   -0.24      1.246   1.246   0.000
  20 2669.9  11/2-   5/2  33    1.02    2.23    2.23    5.84    1.93      11.52   11.52    0.00    0.25      1.404   1.404   0.000
  
  21 2892.1   9/2-  -7/2  28   -2.31    2.25    2.25   10.53    2.58       7.04    7.04   -0.00   -0.58      0.859   0.859  -0.000
  22 3075.6   5/2-   1/2  30   -0.13    4.17    4.17    0.99   -0.37      10.14   10.14    0.00   -2.32      1.236   1.236   0.000
  23 3238.5  11/2-  -3/2  32   -0.25    2.33    2.33    3.10    1.68      11.72   11.72   -0.00    0.47      1.429   1.429  -0.000
  24 3257.2  13/2-   9/2  29    1.01    3.89    3.89    9.15    3.24      10.22   10.22    0.00    1.26      1.245   1.245   0.000
  25 3446.6  13/2-   5/2  37   -0.05   26.94   26.94    5.65    6.09      11.62   11.62    0.00   -3.53      1.417   1.417   0.000
  
  26 3598.8  13/2-   9/2  29    1.50    3.42    3.42   11.09    3.10      11.70   11.70    0.00    0.77      1.427   1.427   0.000
  27 3791.5   1/2-   1/2  26    0.50    5.08    5.08    0.25    0.69       4.98    4.98    0.00   -3.11      0.608   0.608   0.000
  28 3967.8  11/2-  -7/2  28   -2.12    2.47    2.47   10.76    2.56      10.40   10.40   -0.00   -0.08      1.268   1.268  -0.000
  29 4941.4  13/2-  -3/2  32   -1.39    2.19    2.19    6.00    1.77      17.18   17.18   -0.00    0.34      2.095   2.095  -0.000
  30 5185.9  13/2-   1/2  35    0.66    2.19    2.19    3.70    1.15      20.39   20.39   -0.00   -0.01      2.486   2.486  -0.000
  
  31 7829.5   1/2-   1/2  34    0.50   28.39   28.39    0.25   -4.04      32.39   32.39    0.00   -7.52      3.949   3.949   0.000
  32*******   1/2-  -3/2  32    0.00    0.00    0.00    0.00   -0.00       0.00    0.00    0.00   -0.00      0.000   0.000   0.000
