1SPECTRUM OF (Z= 82 A=207) IN PARTICLE-ROTOR  MODEL WITH MODIFIED OSCILLATOR POTENTIAL


 PARITY=-   EPS= 0.380   GAMMA=  0.0   EPS4=0.000   EPS6=0.000   LEVELS:  24  25  26  27  28  29  30  31  32  33  34  35  36  37  38

 PAIRING FACTORS: GN0= 19.20  GN1=  7.40  IPAIR= 15 ***  E2PLUS(INPUT)=   0.730  E2PLUR(INPUT)=   0.000

 CORIOLIS ATTENUATION PARAMETERS:  CHSI=1.000  ETA=  1.00

 MOMENT OF INERTIA PARAMETERS:   A1=  0.122 MEV   A2=  0.122 MEV   A3=121.91923 MEV


 DELTA=0.862 MEV  LAMBDA=53.4506 MEV   HW0= 7.5445 MEV   LAMBDA/HW0= 7.0847

 E2ENERGY=0.730 MEV  HBAR**2/B=26774./A**(7/3)=4526.2/A**2 MEV

 IREC=0  =>  RECOIL TERMS j+j-, j+j+, jzjz, ETC TREATED AS ONE-BODY OPERATORS WITH UU+VV PAIRING FACTORS



 S. P. LEVEL   EQP       U     V        (UU + VV)**1.00

     24       4.288    0.101 0.995      1.000 1.000 0.999 0.998 0.996 0.989 0.938 0.908 0.791 0.627 0.446 0.378 0.315 0.238 0.226
     25       4.000    0.108 0.994      1.000 1.000 0.999 0.999 0.997 0.990 0.941 0.911 0.796 0.633 0.453 0.385 0.322 0.245 0.234
     26       2.860    0.153 0.988      0.999 0.999 1.000 1.000 0.999 0.995 0.955 0.929 0.822 0.667 0.492 0.426 0.364 0.288 0.277
     27       2.769    0.158 0.987      0.998 0.999 1.000 1.000 0.999 0.996 0.957 0.930 0.825 0.671 0.497 0.430 0.369 0.293 0.282
     28       2.300    0.191 0.982      0.996 0.997 0.999 0.999 1.000 0.998 0.966 0.942 0.843 0.695 0.526 0.461 0.400 0.325 0.314
     29       1.804    0.247 0.969      0.989 0.990 0.995 0.996 0.998 1.000 0.979 0.960 0.873 0.735 0.573 0.511 0.452 0.379 0.368
     30       1.094    0.439 0.899      0.938 0.941 0.955 0.957 0.966 0.979 1.000 0.997 0.954 0.858 0.728 0.675 0.624 0.559 0.549
     31       0.985    0.508 0.861      0.908 0.911 0.929 0.930 0.942 0.960 0.997 1.000 0.975 0.896 0.780 0.731 0.684 0.623 0.614
     32       0.863    0.688 0.725      0.791 0.796 0.822 0.825 0.843 0.873 0.954 0.975 1.000 0.973 0.900 0.865 0.830 0.782 0.775
     33       0.943    0.838 0.545      0.627 0.633 0.667 0.671 0.695 0.735 0.858 0.896 0.973 1.000 0.977 0.958 0.937 0.906 0.901
     34       1.304    0.935 0.353      0.446 0.453 0.492 0.497 0.526 0.573 0.728 0.780 0.900 0.977 1.000 0.997 0.990 0.975 0.973
     35       1.590    0.959 0.283      0.378 0.385 0.426 0.430 0.461 0.511 0.675 0.731 0.865 0.958 0.997 1.000 0.998 0.989 0.987
     36       2.028    0.976 0.218      0.315 0.322 0.364 0.369 0.400 0.452 0.624 0.684 0.830 0.937 0.990 0.998 1.000 0.997 0.996
     37       3.141    0.990 0.139      0.238 0.245 0.288 0.293 0.325 0.379 0.559 0.623 0.782 0.906 0.975 0.989 0.997 1.000 1.000
     38       3.428    0.992 0.127      0.226 0.234 0.277 0.282 0.314 0.368 0.549 0.614 0.775 0.901 0.973 0.987 0.996 1.000 1.000

  R CORE   ENERGY   A0R/A00=1.000    R3= 0     2  
   2( 1)    0.732                    1.000 0.000
   2( 2)  487.921                    0.000 1.000

  R CORE   ENERGY   A0R/A00=1.000    R3= 0     2  
   3( 1)  488.652                    0.000 1.000

  R CORE   ENERGY   A0R/A00=1.000    R3= 0     2     4  
   4( 1)    2.438                    1.000 0.000 0.000

  R CORE   ENERGY   A0R/A00=1.000    R3= 0     2     4  
   5( 1)  490.847                    0.000 1.000 0.000

  R CORE   ENERGY   A0R/A00=1.000    R3= 0     2     4     6  
   6( 1)    5.121                    1.000 0.000 0.000 0.000

  R CORE   ENERGY   A0R/A00=1.000    R3= 0     2     4     6  
   7( 1)  494.017                    0.000 1.000 0.000 0.000

          AXIAL SYMMETRY => K RESTRICTED TO OMEGA

                     K
     S.P. ORB#: 24  0.50
     S.P. ORB#: 25 -5.50
     S.P. ORB#: 26  2.50
     S.P. ORB#: 27  0.50
     S.P. ORB#: 28 -3.50
     S.P. ORB#: 29 -1.50
     S.P. ORB#: 30  0.50
     S.P. ORB#: 31 -1.50
     S.P. ORB#: 32  2.50
     S.P. ORB#: 33 -3.50
     S.P. ORB#: 34  4.50
     S.P. ORB#: 35  0.50
     S.P. ORB#: 36 -3.50
     S.P. ORB#: 37 -1.50
     S.P. ORB#: 38  2.50
 

             ENERGY    K= OMEGA
 
 I=  1/2- (1)  2.382  30: 0.999
 
 I=  1/2- (2)  4.959  27:-0.257
                      35: 0.966
 
 I=  1/2- (3)  5.947  24: 0.999
 
 I=  1/2- (4)  9.110  27: 0.966
                      35: 0.257
 
 I=  1/2- (5)147.288  31:-1.000

             ENERGY    K= OMEGA
 
 I=  3/2- (1)  2.275  24:-0.066
                      30: 0.306
                      31:-0.950
 
 I=  3/2- (2)  2.469  24:-0.199
                      30:-0.916
                      31:-0.279
                      37:-0.208

             ENERGY    K= OMEGA
 
 I=  5/2- (1)  2.455  24:-0.255
                      30: 0.466
                      31: 0.819
                      37:-0.084
                      38:-0.198
 
 I=  5/2- (2)  3.355  24:-0.059
                      26:-0.060
                      30: 0.791
                      31:-0.470
                      37:-0.357
                      38: 0.138
 
 I=  5/2- (3)  4.121  24:-0.092
                      26: 0.120
                      30: 0.156
                      31: 0.130
                      37: 0.492
                      38: 0.833
 
 I=  5/2- (4)  4.615  26: 0.796
                      30: 0.196
                      31:-0.185
                      37: 0.405
                      38:-0.361
 
 I=  5/2- (5)  4.733  26: 0.590
                      30:-0.237
                      31: 0.136
                      37:-0.678
                      38: 0.342

             ENERGY    K= OMEGA
 
 I=  7/2- (1)  1.810  26:-0.160
                      33: 0.986
 
 I=  7/2- (2)  3.296  24: 0.137
                      30:-0.284
                      31: 0.883
                      37:-0.095
                      38: 0.328
 
 I=  7/2- (3)  3.457  24:-0.303
                      30:-0.868
                      31:-0.249
                      37:-0.301
 
 I=  7/2- (4)  3.997  27: 0.628
                      29: 0.588
                      32: 0.466
                      36: 0.206
 
 I=  7/2- (5)  4.187  26:-0.194
                      28:-0.973
                      38:-0.102

             ENERGY    K= OMEGA
 
 I=  9/2- (1)  2.229  26: 0.087
                      28:-0.163
                      33: 0.347
                      34: 0.920
 
 I=  9/2- (2)  2.862  26: 0.215
                      28: 0.098
                      31: 0.065
                      33: 0.904
                      34:-0.345
                      38:-0.057
 
 I=  9/2- (3)  3.556  24:-0.368
                      30: 0.502
                      31: 0.722
                      33:-0.085
                      37:-0.147
                      38:-0.248
 
 I=  9/2- (4)  4.724  27:-0.208
                      29: 0.550
                      32:-0.689
                      36: 0.423
 
 I=  9/2- (5)  5.235  24:-0.051
                      26:-0.118
                      28: 0.077
                      30: 0.683
                      31:-0.506
                      33: 0.057
                      37:-0.446
                      38: 0.230

             ENERGY    K= OMEGA
 
 I= 11/2- (1)  3.363  26: 0.138
                      28: 0.221
                      33:-0.437
                      34: 0.860
 
 I= 11/2- (2)  3.412  27:-0.623
                      29:-0.585
                      32:-0.460
                      35:-0.076
                      36:-0.230
 
 I= 11/2- (3)  4.141  26:-0.251
                      28: 0.147
                      31: 0.083
                      33: 0.845
                      34: 0.434
                      38: 0.076
 
 I= 11/2- (4)  5.223  24:-0.284
                      31:-0.867
                      33: 0.115
                      38:-0.388
 
 I= 11/2- (5)  5.331  24:-0.290
                      30:-0.874
                      37:-0.365
                      38: 0.109

             ENERGY    K= OMEGA
 
 I= 13/2- (1)  4.726  26: 0.181
                      28:-0.260
                      33: 0.487
                      34: 0.812
 
 I= 13/2- (2)  5.251  27:-0.214
                      29: 0.558
                      32:-0.678
                      36: 0.428
 
 I= 13/2- (3)  5.473  24:-0.388
                      26: 0.132
                      28: 0.103
                      30: 0.444
                      31: 0.615
                      33: 0.325
                      34:-0.238
                      37:-0.139
                      38:-0.254
 
 I= 13/2- (4)  5.707  24:-0.201
                      26:-0.243
                      28:-0.156
                      30: 0.249
                      31: 0.279
                      33:-0.737
                      34: 0.423
                      37:-0.097
                      38:-0.059
 
 I= 13/2- (5)  6.931  25: 0.998

             ENERGY     K= 5/2
  32 LEVELS    TIME=  0.0 SEC



 ******************* EXCITATION ENERGIES, DOMINANT CONFIGURATION AND EXPECTATION VALUES (WITH S.P. UU+VV FACTORS) *******************

  NR  Eex(keV)  I   Kdom  NY    <Jz>  <Jx**2> <Jy**2> <Jz**2> <I.j>/|I|  <Rx**2> <Ry**2> <Rz**2> <R.j>/|R|  <HROTx> <HROTy> <HROTz>

   1    0.0   7/2-  -7/2  33   -3.34    2.31    2.31   12.08    3.25       3.34    3.34   -0.00   -1.47      0.407   0.407  -0.000
   2  419.0   9/2-   9/2  34    3.31    2.50    2.50   18.97    4.13       3.82    3.82   -0.00   -1.24      0.465   0.465  -0.000
   3  464.1   3/2-  -3/2  31   -1.30    4.95    4.95    2.05    1.37       5.19    5.19    0.00   -2.88      0.632   0.632   0.000
   4  571.1   1/2-   1/2  30    0.50    4.96    4.96    0.25    0.24       5.25    5.25    0.00   -3.07      0.640   0.640   0.000
   5  644.7   5/2-  -3/2  31   -0.78    5.09    5.09    1.85    1.96       4.59    4.59    0.00   -2.05      0.559   0.559   0.000
  
   6  658.6   3/2-   1/2  30    0.26    4.61    4.61    0.49    1.00       4.79    4.79    0.00   -2.51      0.585   0.585   0.000
   7 1052.0   9/2-  -7/2  33   -2.24    2.38    2.38   12.85    2.80       7.24    7.24   -0.00   -0.96      0.882   0.882  -0.000
   8 1486.0   7/2-  -3/2  31   -0.87    4.70    4.70    2.51    1.46       8.02    8.02    0.00   -1.52      0.977   0.977   0.000
   9 1544.7   5/2-   1/2  30   -0.15    4.39    4.39    1.08    0.42       8.05    8.05    0.00   -2.14      0.981   0.981   0.000
  10 1553.0  11/2-   9/2  34    2.53    2.67    2.67   18.07    3.54       8.40    8.40   -0.00   -0.54      1.024   1.024  -0.000
  
  11 1601.3  11/2-   1/2  27    0.03   23.27   23.27    2.84    6.14       5.83    5.83    0.00   -3.70      0.711   0.711   0.000
  12 1646.3   7/2-   1/2  30    0.20    4.47    4.47    0.57    1.23       7.73    7.73    0.00   -1.17      0.943   0.943   0.000
  13 1745.3   9/2-  -3/2  31   -0.49    5.19    5.19    1.80    2.15       7.79    7.79    0.00   -0.38      0.950   0.950   0.000
  14 2186.1   7/2-   1/2  27    0.07   22.99   22.99    2.76    6.05       8.23    8.23    0.00   -6.09      1.004   1.004   0.000
  15 2310.1   5/2-   5/2  38    1.40    2.02    2.02    5.02    1.82       3.53    3.53    0.00   -1.39      0.430   0.430   0.000
  
  16 2330.7  11/2-  -7/2  33   -1.57    2.47    2.47   13.28    2.48      12.15   12.15   -0.00   -0.68      1.481   1.481  -0.000
  17 2376.1   7/2-  -7/2  28   -3.20    6.17    6.17   11.90    3.12       7.61    7.61    0.00   -3.04      0.928   0.928   0.000
  18 2804.4   5/2-   5/2  26    1.63    4.79    4.79    5.23    1.53       7.25    7.25    0.00   -2.70      0.883   0.883   0.000
  19 2913.4   9/2-   5/2  32    0.13   23.84   23.84    5.85    5.16      13.47   13.47    0.00   -5.37      1.643   1.643   0.000
  20 2915.7  13/2-   9/2  34    1.98    2.82    2.82   17.33    3.15      13.88   13.88    0.00   -0.19      1.693   1.693   0.000
  
  21 2922.6   5/2-  -3/2  37    0.47    3.60    3.60    3.99    0.86       7.42    7.42    0.00   -2.25      0.905   0.905   0.000
  22 3148.1   1/2-   1/2  35    0.50   12.18   12.18    0.25   -0.94      13.50   13.50    0.00   -4.89      1.645   1.645   0.000
  23 3412.6  11/2-  -3/2  31   -0.76    4.60    4.60    2.87    1.53      14.75   14.75    0.00   -0.54      1.799   1.799   0.000
  24 3424.2   9/2-   1/2  30   -0.31    4.01    4.01    1.67    0.50      14.76   14.76    0.00   -1.33      1.799   1.799   0.000
  25 3440.6  13/2-   5/2  32    0.06   23.83   23.83    5.83    5.09      15.56   15.56    0.00   -3.21      1.897   1.897   0.000
  
  26 3520.3  11/2-   1/2  30    0.24    4.36    4.36    0.68    1.27      15.00   15.00   -0.00   -0.33      1.829   1.829  -0.000
  27 3662.0  13/2-  -3/2  31   -0.37    4.78    4.78    4.07    2.29      15.21   15.21    0.00    0.43      1.854   1.854   0.000
  28 3896.9  13/2-  -7/2  33   -1.11    3.09    3.09   11.22    2.17      17.93   17.93   -0.00   -0.38      2.186   2.186  -0.000
  29 4136.9   1/2-   1/2  24    0.50    6.89    6.89    0.25    0.65       6.83    6.83    0.00   -3.65      0.833   0.833   0.000
  30 5120.3  13/2- -11/2  25   -5.48    2.75    2.75   30.21    4.32      12.05   12.05    0.00   -1.13      1.469   1.469   0.001
  
  31 7299.5   1/2-   1/2  27    0.50   22.85   22.85    0.25   -3.43      26.32   26.32    0.00   -6.74      3.209   3.209   0.000
  32*******   1/2-  -3/2  31    0.00    0.00    0.00    0.00   -0.00       0.00    0.00    0.00   -0.00      0.000   0.000   0.000
