1SPECTRUM OF (Z= 82 A=207) IN PARTICLE-ROTOR  MODEL WITH MODIFIED OSCILLATOR POTENTIAL


 PARITY=-   EPS= 0.359   GAMMA=  0.0   EPS4=0.000   EPS6=0.000   LEVELS:  24  25  26  27  28  29  30  31  32  33  34  35  36  37  38

 PAIRING FACTORS: GN0= 19.20  GN1=  7.40  IPAIR= 15 ***  E2PLUS(INPUT)=   0.730  E2PLUR(INPUT)=   0.000

 CORIOLIS ATTENUATION PARAMETERS:  CHSI=1.000  ETA=  1.00

 MOMENT OF INERTIA PARAMETERS:   A1=  0.122 MEV   A2=  0.122 MEV   A3=121.91923 MEV


 DELTA=0.887 MEV  LAMBDA=53.4010 MEV   HW0= 7.5292 MEV   LAMBDA/HW0= 7.0926

 E2ENERGY=0.730 MEV  HBAR**2/B=23897./A**(7/3)=4039.7/A**2 MEV

 IREC=0  =>  RECOIL TERMS j+j-, j+j+, jzjz, ETC TREATED AS ONE-BODY OPERATORS WITH UU+VV PAIRING FACTORS



 S. P. LEVEL   EQP       U     V        (UU + VV)**1.00

     24       4.322    0.103 0.995      1.000 1.000 0.999 0.997 0.995 0.976 0.951 0.928 0.752 0.688 0.538 0.324 0.309 0.259 0.244
     25       4.252    0.105 0.994      1.000 1.000 0.999 0.997 0.996 0.976 0.952 0.929 0.753 0.690 0.540 0.326 0.311 0.260 0.246
     26       3.005    0.149 0.989      0.999 0.999 1.000 0.999 0.999 0.985 0.965 0.944 0.782 0.721 0.577 0.368 0.353 0.303 0.289
     27       2.446    0.184 0.983      0.997 0.997 0.999 1.000 1.000 0.991 0.973 0.956 0.804 0.746 0.606 0.401 0.386 0.337 0.323
     28       2.291    0.197 0.980      0.995 0.996 0.999 1.000 1.000 0.992 0.976 0.959 0.812 0.754 0.616 0.413 0.398 0.349 0.336
     29       1.473    0.317 0.948      0.976 0.976 0.985 0.991 0.992 1.000 0.996 0.987 0.878 0.830 0.709 0.523 0.509 0.463 0.450
     30       1.198    0.405 0.914      0.951 0.952 0.965 0.973 0.976 0.996 1.000 0.998 0.919 0.879 0.772 0.600 0.587 0.544 0.531
     31       1.075    0.466 0.885      0.928 0.929 0.944 0.956 0.959 0.987 0.998 1.000 0.944 0.909 0.813 0.653 0.641 0.600 0.588
     32       0.889    0.733 0.680      0.752 0.753 0.782 0.804 0.812 0.878 0.919 0.944 1.000 0.996 0.960 0.867 0.859 0.831 0.823
     33       0.917    0.792 0.610      0.688 0.690 0.721 0.746 0.754 0.830 0.879 0.909 0.996 1.000 0.982 0.909 0.903 0.879 0.871
     34       1.106    0.894 0.449      0.538 0.540 0.577 0.606 0.616 0.709 0.772 0.813 0.960 0.982 1.000 0.972 0.968 0.953 0.949
     35       2.022    0.974 0.225      0.324 0.326 0.368 0.401 0.413 0.523 0.600 0.653 0.867 0.909 0.972 1.000 1.000 0.998 0.997
     36       2.167    0.978 0.209      0.309 0.311 0.353 0.386 0.398 0.509 0.587 0.641 0.859 0.903 0.968 1.000 1.000 0.999 0.998
     37       2.850    0.988 0.158      0.259 0.260 0.303 0.337 0.349 0.463 0.544 0.600 0.831 0.879 0.953 0.998 0.999 1.000 1.000
     38       3.134    0.990 0.143      0.244 0.246 0.289 0.323 0.336 0.450 0.531 0.588 0.823 0.871 0.949 0.997 0.998 1.000 1.000

  R CORE   ENERGY   A0R/A00=1.000    R3= 0     2  
   2( 1)    0.732                    1.000 0.000
   2( 2)  487.921                    0.000 1.000

  R CORE   ENERGY   A0R/A00=1.000    R3= 0     2  
   3( 1)  488.652                    0.000 1.000

  R CORE   ENERGY   A0R/A00=1.000    R3= 0     2     4  
   4( 1)    2.438                    1.000 0.000 0.000

  R CORE   ENERGY   A0R/A00=1.000    R3= 0     2     4  
   5( 1)  490.847                    0.000 1.000 0.000

  R CORE   ENERGY   A0R/A00=1.000    R3= 0     2     4     6  
   6( 1)    5.121                    1.000 0.000 0.000 0.000

  R CORE   ENERGY   A0R/A00=1.000    R3= 0     2     4     6  
   7( 1)  494.017                    0.000 1.000 0.000 0.000

          AXIAL SYMMETRY => K RESTRICTED TO OMEGA

                     K
     S.P. ORB#: 24 -5.50
     S.P. ORB#: 25  0.50
     S.P. ORB#: 26  2.50
     S.P. ORB#: 27 -3.50
     S.P. ORB#: 28  0.50
     S.P. ORB#: 29 -1.50
     S.P. ORB#: 30  0.50
     S.P. ORB#: 31 -1.50
     S.P. ORB#: 32 -3.50
     S.P. ORB#: 33  2.50
     S.P. ORB#: 34  4.50
     S.P. ORB#: 35  0.50
     S.P. ORB#: 36 -3.50
     S.P. ORB#: 37 -1.50
     S.P. ORB#: 38  2.50
 

             ENERGY    K= OMEGA
 
 I=  1/2- (1)  2.464  30: 0.999
 
 I=  1/2- (2)  5.410  28: 0.296
                      35:-0.955
 
 I=  1/2- (3)  5.874  25: 0.999
 
 I=  1/2- (4)  8.880  28:-0.955
                      35:-0.296
 
 I=  1/2- (5)147.378  31:-1.000

             ENERGY    K= OMEGA
 
 I=  3/2- (1)  2.344  25: 0.077
                      30:-0.267
                      31: 0.960
 
 I=  3/2- (2)  2.528  25:-0.203
                      30:-0.912
                      31:-0.231
                      37:-0.272

             ENERGY    K= OMEGA
 
 I=  5/2- (1)  2.496  25:-0.261
                      30: 0.462
                      31: 0.807
                      37:-0.103
                      38:-0.235
 
 I=  5/2- (2)  3.375  26: 0.061
                      30:-0.740
                      31: 0.454
                      37: 0.467
                      38:-0.147
 
 I=  5/2- (3)  3.835  25:-0.106
                      26: 0.062
                      30: 0.206
                      31: 0.150
                      37: 0.450
                      38: 0.847
 
 I=  5/2- (4)  4.447  26:-0.150
                      30:-0.394
                      31: 0.277
                      37:-0.735
                      38: 0.452
 
 I=  5/2- (5)  4.803  26: 0.984
                      37:-0.166

             ENERGY    K= OMEGA
 
 I=  7/2- (1)  1.726  26:-0.176
                      32: 0.983
 
 I=  7/2- (2)  3.329  25: 0.144
                      30:-0.258
                      31: 0.865
                      37:-0.116
                      38: 0.386
 
 I=  7/2- (3)  3.494  25:-0.307
                      30:-0.848
                      31:-0.240
                      37:-0.355
 
 I=  7/2- (4)  3.785  28: 0.673
                      29: 0.586
                      33: 0.413
                      36: 0.182
 
 I=  7/2- (5)  4.312  26:-0.205
                      27:-0.951
                      30:-0.078
                      31: 0.090
                      37: 0.084
                      38:-0.177

             ENERGY    K= OMEGA
 
 I=  9/2- (1)  2.023  26: 0.083
                      27:-0.171
                      32: 0.300
                      34: 0.935
 
 I=  9/2- (2)  2.734  26: 0.239
                      27: 0.094
                      31: 0.052
                      32: 0.916
                      34:-0.299
                      38:-0.051
 
 I=  9/2- (3)  3.568  25:-0.373
                      30: 0.499
                      31: 0.711
                      32:-0.068
                      37:-0.166
                      38:-0.271
 
 I=  9/2- (4)  4.671  28:-0.215
                      29: 0.552
                      33:-0.679
                      36: 0.434
 
 I=  9/2- (5)  5.231  26: 0.098
                      30:-0.634
                      31: 0.492
                      32:-0.056
                      37: 0.535
                      38:-0.236

             ENERGY    K= OMEGA
 
 I= 11/2- (1)  3.140  26:-0.136
                      27:-0.232
                      32: 0.397
                      34:-0.877
 
 I= 11/2- (2)  3.174  28:-0.653
                      29:-0.581
                      33:-0.428
                      35:-0.063
                      36:-0.222
 
 I= 11/2- (3)  3.973  26:-0.279
                      27: 0.139
                      31: 0.067
                      32: 0.858
                      34: 0.396
                      38: 0.067
 
 I= 11/2- (4)  5.239  25: 0.273
                      31: 0.848
                      32:-0.095
                      37:-0.077
                      38: 0.435
 
 I= 11/2- (5)  5.356  25: 0.311
                      30: 0.850
                      37: 0.406
                      38:-0.113

             ENERGY    K= OMEGA
 
 I= 13/2- (1)  4.481  26: 0.182
                      27:-0.272
                      32: 0.455
                      34: 0.827
 
 I= 13/2- (2)  5.148  28: 0.215
                      29:-0.549
                      33: 0.673
                      36:-0.447
 
 I= 13/2- (3)  5.392  25: 0.250
                      26:-0.254
                      27:-0.157
                      30:-0.273
                      31:-0.402
                      32:-0.650
                      34: 0.379
                      37: 0.080
                      38: 0.197
 
 I= 13/2- (4)  5.575  25:-0.366
                      26:-0.169
                      27:-0.087
                      30: 0.426
                      31: 0.532
                      32:-0.489
                      34: 0.254
                      37:-0.163
                      38:-0.186
 
 I= 13/2- (5)  7.251  24: 0.999

             ENERGY     K= 5/2
  32 LEVELS    TIME=  0.0 SEC



 ******************* EXCITATION ENERGIES, DOMINANT CONFIGURATION AND EXPECTATION VALUES (WITH S.P. UU+VV FACTORS) *******************

  NR  Eex(keV)  I   Kdom  NY    <Jz>  <Jx**2> <Jy**2> <Jz**2> <I.j>/|I|  <Rx**2> <Ry**2> <Rz**2> <R.j>/|R|  <HROTx> <HROTy> <HROTz>

   1    0.0   7/2-  -7/2  32   -3.31    2.31    2.31   12.05    3.29       3.14    3.14    0.00   -1.44      0.383   0.383   0.000
   2  297.4   9/2-   9/2  34    3.53    2.51    2.51   19.20    4.19       3.63    3.63   -0.00   -1.25      0.442   0.442  -0.000
   3  618.1   3/2-  -3/2  31   -1.35    4.86    4.86    2.10    1.39       5.08    5.08    0.00   -2.86      0.620   0.620   0.000
   4  738.4   1/2-   1/2  30    0.50    4.89    4.89    0.25    0.26       5.16    5.16   -0.00   -3.05      0.630   0.630  -0.000
   5  770.4   5/2-  -3/2  31   -0.71    4.98    4.98    1.91    2.04       4.28    4.28    0.00   -2.00      0.522   0.522   0.000
  
   6  802.5   3/2-   1/2  30    0.24    4.41    4.41    0.51    1.07       4.46    4.46    0.00   -2.43      0.544   0.544   0.000
   7 1008.3   9/2-  -7/2  32   -2.42    2.39    2.39   12.57    2.84       6.90    6.90    0.00   -0.86      0.842   0.842   0.000
   8 1414.8  11/2-   9/2  34    2.76    2.70    2.70   18.30    3.63       8.03    8.03    0.00   -0.50      0.979   0.979   0.000
   9 1448.6  11/2-   1/2  28   -0.00   23.69   23.69    2.61    6.20       5.82    5.82   -0.00   -3.79      0.709   0.709  -0.000
  10 1603.2   7/2-  -3/2  31   -0.73    4.51    4.51    2.69    1.55       7.57    7.57    0.00   -1.43      0.923   0.923   0.000
  
  11 1649.8   5/2-   1/2  30   -0.30    3.99    3.99    1.25    0.56       7.32    7.32    0.00   -1.98      0.893   0.893   0.000
  12 1768.1   7/2-   1/2  30    0.13    4.25    4.25    0.63    1.27       7.39    7.39    0.00   -1.06      0.901   0.901   0.000
  13 1842.9   9/2-  -3/2  31   -0.44    5.10    5.10    1.82    2.20       7.47    7.47    0.00   -0.29      0.910   0.910   0.000
  14 2059.5   7/2-   1/2  28    0.02   23.35   23.35    2.36    6.09       8.26    8.26    0.00   -6.13      1.007   1.007   0.000
  15 2109.9   5/2-   5/2  38    1.49    2.04    2.04    5.03    1.81       3.59    3.59    0.00   -1.41      0.438   0.438   0.000
  
  16 2247.4  11/2-  -7/2  32   -1.74    2.48    2.48   12.97    2.54      11.65   11.65    0.00   -0.57      1.421   1.421   0.000
  17 2586.0   7/2-  -7/2  27   -3.00    6.01    6.01   11.58    3.06       7.53    7.53    0.00   -2.95      0.918   0.918   0.000
  18 2721.7   5/2-  -3/2  37   -0.28    2.77    2.77    2.84    0.22       7.91    7.91   -0.00   -1.94      0.964   0.964  -0.000
  19 2755.2  13/2-   9/2  34    2.17    2.87    2.87   17.53    3.25      13.34   13.34   -0.00   -0.12      1.626   1.626  -0.000
  20 2945.9   9/2-   5/2  33    0.06   24.15   24.15    5.88    5.22      13.48   13.48    0.00   -5.43      1.643   1.643   0.000
  
  21 3077.2   5/2-   5/2  26    2.38    5.92    5.92    6.13    2.02       7.40    7.40    0.00   -3.12      0.902   0.902   0.000
  22 3422.3  13/2-   5/2  33    0.00   24.15   24.15    5.96    5.17      15.38   15.38    0.00   -3.27      1.875   1.875   0.000
  23 3505.8   9/2-   1/2  30   -0.44    3.62    3.62    1.75    0.54      14.20   14.20    0.00   -1.19      1.731   1.731   0.000
  24 3513.1  11/2-  -3/2  31   -0.61    4.43    4.43    2.97    1.56      14.47   14.47    0.00   -0.47      1.764   1.764   0.000
  25 3630.7  11/2-   1/2  30    0.19    4.16    4.16    0.68    1.30      14.61   14.61    0.00   -0.23      1.782   1.782   0.000
  
  26 3666.8  13/2-  -7/2  32   -0.85    3.45    3.45    9.46    2.35      16.12   16.12    0.00    0.01      1.966   1.966   0.000
  27 3684.1   1/2-   1/2  35    0.50   12.28   12.28    0.25   -1.18      13.79   13.79   -0.00   -4.92      1.682   1.682  -0.000
  28 3849.8  13/2-  -3/2  31   -0.72    4.37    4.37    5.51    2.21      16.04   16.04   -0.00    0.21      1.955   1.955  -0.000
  29 4148.4   1/2-   1/2  25    0.50    6.74    6.74    0.25    0.65       6.68    6.68    0.00   -3.60      0.814   0.814   0.000
  30 5525.8  13/2- -11/2  24   -5.49    2.75    2.75   30.21    4.32      12.04   12.04    0.00   -1.13      1.468   1.468   0.000
  
  31 7154.9   1/2-   1/2  28    0.50   23.59   23.59    0.25   -3.49      27.12   27.12    0.00   -6.85      3.307   3.307   0.000
  32*******   1/2-  -3/2  31    0.00    0.00    0.00    0.00   -0.00       0.00    0.00    0.00   -0.00      0.000   0.000   0.000
