1SPECTRUM OF (Z= 82 A=207) IN PARTICLE-ROTOR  MODEL WITH MODIFIED OSCILLATOR POTENTIAL


 PARITY=-   EPS= 0.350   GAMMA=  0.0   EPS4=0.000   EPS6=0.000   LEVELS:  24  25  26  27  28  29  30  31  32  33  34  35  36  37  38

 PAIRING FACTORS: GN0= 19.20  GN1=  7.40  IPAIR= 15 ***  E2PLUS(INPUT)=   0.730  E2PLUR(INPUT)=   0.000

 CORIOLIS ATTENUATION PARAMETERS:  CHSI=1.000  ETA=  1.00

 MOMENT OF INERTIA PARAMETERS:   A1=  0.122 MEV   A2=  0.122 MEV   A3=121.91923 MEV


 DELTA=0.897 MEV  LAMBDA=53.3759 MEV   HW0= 7.5229 MEV   LAMBDA/HW0= 7.0951

 E2ENERGY=0.730 MEV  HBAR**2/B=22714./A**(7/3)=3839.7/A**2 MEV

 IREC=0  =>  RECOIL TERMS j+j-, j+j+, jzjz, ETC TREATED AS ONE-BODY OPERATORS WITH UU+VV PAIRING FACTORS



 S. P. LEVEL   EQP       U     V        (UU + VV)**1.00

     24       4.453    0.101 0.995      1.000 1.000 0.999 0.997 0.993 0.965 0.954 0.933 0.797 0.642 0.580 0.305 0.303 0.265 0.250
     25       4.230    0.107 0.994      1.000 1.000 0.999 0.997 0.993 0.967 0.956 0.935 0.800 0.646 0.585 0.310 0.308 0.271 0.255
     26       3.061    0.148 0.989      0.999 0.999 1.000 0.999 0.997 0.976 0.967 0.949 0.824 0.677 0.618 0.349 0.348 0.311 0.295
     27       2.502    0.182 0.983      0.997 0.997 0.999 1.000 0.999 0.983 0.976 0.959 0.843 0.702 0.645 0.382 0.380 0.343 0.328
     28       2.091    0.220 0.976      0.993 0.993 0.997 0.999 1.000 0.990 0.983 0.970 0.863 0.729 0.674 0.417 0.415 0.379 0.364
     29       1.342    0.358 0.934      0.965 0.967 0.976 0.983 0.990 1.000 0.999 0.995 0.927 0.820 0.773 0.543 0.542 0.508 0.494
     30       1.239    0.394 0.919      0.954 0.956 0.967 0.976 0.983 0.999 1.000 0.998 0.941 0.841 0.797 0.575 0.574 0.541 0.528
     31       1.112    0.452 0.892      0.933 0.935 0.949 0.959 0.970 0.995 0.998 1.000 0.961 0.874 0.834 0.627 0.625 0.594 0.581
     32       0.899    0.682 0.731      0.797 0.800 0.824 0.843 0.863 0.927 0.941 0.961 1.000 0.975 0.955 0.818 0.818 0.794 0.784
     33       0.966    0.828 0.561      0.642 0.646 0.677 0.702 0.729 0.820 0.841 0.874 0.975 1.000 0.997 0.926 0.926 0.910 0.903
     34       1.043    0.869 0.495      0.580 0.585 0.618 0.645 0.674 0.773 0.797 0.834 0.955 0.997 1.000 0.952 0.952 0.939 0.933
     35       2.217    0.978 0.207      0.305 0.310 0.349 0.382 0.417 0.543 0.575 0.627 0.818 0.926 0.952 1.000 1.000 0.999 0.998
     36       2.232    0.979 0.205      0.303 0.308 0.348 0.380 0.415 0.542 0.574 0.625 0.818 0.926 0.952 1.000 1.000 0.999 0.998
     37       2.733    0.986 0.166      0.265 0.271 0.311 0.343 0.379 0.508 0.541 0.594 0.794 0.910 0.939 0.999 0.999 1.000 1.000
     38       3.015    0.989 0.150      0.250 0.255 0.295 0.328 0.364 0.494 0.528 0.581 0.784 0.903 0.933 0.998 0.998 1.000 1.000

  R CORE   ENERGY   A0R/A00=1.000    R3= 0     2  
   2( 1)    0.732                    1.000 0.000
   2( 2)  487.921                    0.000 1.000

  R CORE   ENERGY   A0R/A00=1.000    R3= 0     2  
   3( 1)  488.652                    0.000 1.000

  R CORE   ENERGY   A0R/A00=1.000    R3= 0     2     4  
   4( 1)    2.438                    1.000 0.000 0.000

  R CORE   ENERGY   A0R/A00=1.000    R3= 0     2     4  
   5( 1)  490.847                    0.000 1.000 0.000

  R CORE   ENERGY   A0R/A00=1.000    R3= 0     2     4     6  
   6( 1)    5.121                    1.000 0.000 0.000 0.000

  R CORE   ENERGY   A0R/A00=1.000    R3= 0     2     4     6  
   7( 1)  494.017                    0.000 1.000 0.000 0.000

          AXIAL SYMMETRY => K RESTRICTED TO OMEGA

                     K
     S.P. ORB#: 24 -5.50
     S.P. ORB#: 25  0.50
     S.P. ORB#: 26  2.50
     S.P. ORB#: 27 -3.50
     S.P. ORB#: 28  0.50
     S.P. ORB#: 29 -1.50
     S.P. ORB#: 30  0.50
     S.P. ORB#: 31 -1.50
     S.P. ORB#: 32 -3.50
     S.P. ORB#: 33  2.50
     S.P. ORB#: 34  4.50
     S.P. ORB#: 35  0.50
     S.P. ORB#: 36 -3.50
     S.P. ORB#: 37 -1.50
     S.P. ORB#: 38  2.50
 

             ENERGY    K= OMEGA
 
 I=  1/2- (1)  2.495  30: 0.999
 
 I=  1/2- (2)  5.595  28:-0.324
                      35: 0.946
 
 I=  1/2- (3)  5.834  25: 0.999
 
 I=  1/2- (4)  8.809  28: 0.946
                      35: 0.324
 
 I=  1/2- (5)147.416  31: 1.000

             ENERGY    K= OMEGA
 
 I=  3/2- (1)  2.371  25: 0.082
                      30:-0.251
                      31: 0.964
 
 I=  3/2- (2)  2.546  25:-0.203
                      30:-0.904
                      31:-0.209
                      37:-0.312

             ENERGY    K= OMEGA
 
 I=  5/2- (1)  2.509  25:-0.262
                      30: 0.460
                      31: 0.800
                      37:-0.114
                      38:-0.257
 
 I=  5/2- (2)  3.368  26:-0.062
                      30: 0.704
                      31:-0.447
                      37:-0.528
                      38: 0.142
 
 I=  5/2- (3)  3.724  25:-0.114
                      26: 0.050
                      30: 0.240
                      31: 0.157
                      37: 0.418
                      38: 0.853
 
 I=  5/2- (4)  4.368  26:-0.104
                      30:-0.441
                      31: 0.303
                      37:-0.718
                      38: 0.431
 
 I=  5/2- (5)  4.853  26: 0.991
                      37:-0.127

             ENERGY    K= OMEGA
 
 I=  7/2- (1)  1.722  26:-0.183
                      32: 0.981
 
 I=  7/2- (2)  3.334  25: 0.141
                      30:-0.260
                      31: 0.848
                      37:-0.134
                      38: 0.416
 
 I=  7/2- (3)  3.502  25:-0.311
                      30:-0.831
                      31:-0.254
                      37:-0.382
 
 I=  7/2- (4)  3.692  28:-0.690
                      29:-0.585
                      33:-0.391
                      36:-0.171
 
 I=  7/2- (5)  4.352  26:-0.209
                      27:-0.922
                      30:-0.116
                      31: 0.131
                      37: 0.128
                      38:-0.245

             ENERGY    K= OMEGA
 
 I=  9/2- (1)  1.953  26:-0.080
                      27: 0.178
                      32:-0.278
                      34:-0.941
 
 I=  9/2- (2)  2.712  26: 0.249
                      27: 0.092
                      32: 0.921
                      34:-0.277
 
 I=  9/2- (3)  3.570  25:-0.374
                      30: 0.497
                      31: 0.705
                      32:-0.064
                      37:-0.175
                      38:-0.284
 
 I=  9/2- (4)  4.658  28:-0.219
                      29: 0.556
                      33:-0.674
                      36: 0.434
 
 I=  9/2- (5)  5.214  26: 0.098
                      30:-0.601
                      31: 0.486
                      32:-0.057
                      37: 0.583
                      38:-0.220

             ENERGY    K= OMEGA
 
 I= 11/2- (1)  3.062  26:-0.133
                      27:-0.241
                      32: 0.375
                      34:-0.885
 
 I= 11/2- (2)  3.069  28:-0.664
                      29:-0.580
                      33:-0.415
                      35:-0.060
                      36:-0.215
 
 I= 11/2- (3)  3.933  26:-0.290
                      27: 0.136
                      31: 0.063
                      32: 0.865
                      34: 0.373
                      38: 0.064
 
 I= 11/2- (4)  5.238  25: 0.256
                      30:-0.065
                      31: 0.834
                      32:-0.088
                      37:-0.108
                      38: 0.461
 
 I= 11/2- (5)  5.358  25:-0.327
                      30:-0.835
                      31:-0.071
                      37:-0.422
                      38: 0.098

             ENERGY    K= OMEGA
 
 I= 13/2- (1)  4.392  26: 0.180
                      27:-0.282
                      32: 0.434
                      34: 0.835
 
 I= 13/2- (2)  5.112  28: 0.216
                      29:-0.549
                      33: 0.670
                      36:-0.450
 
 I= 13/2- (3)  5.352  25: 0.202
                      26:-0.285
                      27:-0.163
                      30:-0.215
                      31:-0.327
                      32:-0.717
                      34: 0.389
                      37: 0.059
                      38: 0.172
 
 I= 13/2- (4)  5.554  25: 0.396
                      26: 0.141
                      27: 0.065
                      30:-0.457
                      31:-0.576
                      32: 0.400
                      34:-0.198
                      37: 0.179
                      38: 0.217
 
 I= 13/2- (5)  7.383  24: 0.999

             ENERGY     K= 5/2
  32 LEVELS    TIME=  0.0 SEC



 ******************* EXCITATION ENERGIES, DOMINANT CONFIGURATION AND EXPECTATION VALUES (WITH S.P. UU+VV FACTORS) *******************

  NR  Eex(keV)  I   Kdom  NY    <Jz>  <Jx**2> <Jy**2> <Jz**2> <I.j>/|I|  <Rx**2> <Ry**2> <Rz**2> <R.j>/|R|  <HROTx> <HROTy> <HROTz>

   1    0.0   7/2-  -7/2  32   -3.29    2.31    2.31   12.04    3.31       3.06    3.06    0.00   -1.42      0.373   0.373   0.000
   2  230.7   9/2-   9/2  34    3.61    2.52    2.52   19.29    4.22       3.54    3.54    0.00   -1.25      0.431   0.431   0.000
   3  648.4   3/2-  -3/2  31   -1.36    4.81    4.81    2.11    1.40       5.04    5.04    0.00   -2.85      0.614   0.614   0.000
   4  773.0   1/2-   1/2  30    0.50    4.85    4.85    0.25    0.26       5.13    5.13    0.00   -3.04      0.625   0.625   0.000
   5  786.6   5/2-  -3/2  31   -0.67    4.91    4.91    1.96    2.07       4.13    4.13    0.00   -1.97      0.504   0.504   0.000
  
   6  823.2   3/2-   1/2  30    0.22    4.30    4.30    0.53    1.12       4.28    4.28    0.00   -2.38      0.522   0.522   0.000
   7  989.7   9/2-  -7/2  32   -2.50    2.40    2.40   12.44    2.86       6.76    6.76    0.00   -0.82      0.824   0.824   0.000
   8 1339.5  11/2-   9/2  34    2.87    2.72    2.72   18.42    3.67       7.86    7.86    0.00   -0.48      0.958   0.958   0.000
   9 1346.8  11/2-   1/2  28   -0.01   23.90   23.90    2.51    6.22       5.81    5.81    0.00   -3.84      0.708   0.708   0.000
  10 1611.8   7/2-  -3/2  31   -0.63    4.40    4.40    2.79    1.59       7.34    7.34    0.00   -1.37      0.895   0.895   0.000
  
  11 1646.0   5/2-   1/2  30   -0.41    3.75    3.75    1.35    0.63       6.93    6.93    0.00   -1.88      0.845   0.845   0.000
  12 1779.2   7/2-   1/2  30    0.08    4.15    4.15    0.69    1.30       7.22    7.22    0.00   -1.01      0.880   0.880   0.000
  13 1847.8   9/2-  -3/2  31   -0.41    5.05    5.05    1.85    2.22       7.33    7.33    0.00   -0.24      0.894   0.894   0.000
  14 1969.4   7/2-   1/2  28    0.00   23.55   23.55    2.20    6.10       8.30    8.30   -0.00   -6.15      1.012   1.012  -0.000
  15 2001.2   5/2-   5/2  38    1.56    2.10    2.10    5.03    1.80       3.65    3.65   -0.00   -1.44      0.445   0.445  -0.000
  
  16 2210.9  11/2-  -7/2  32   -1.84    2.48    2.48   12.79    2.56      11.44   11.44    0.00   -0.51      1.395   1.395   0.000
  17 2630.0   7/2-  -7/2  27   -2.76    5.80    5.80   11.13    2.95       7.52    7.52    0.00   -2.84      0.916   0.916   0.000
  18 2645.3   5/2-  -3/2  37   -0.32    2.89    2.89    2.64    0.11       8.27    8.27    0.00   -1.99      1.008   1.008   0.000
  19 2669.3  13/2-   9/2  34    2.28    2.90    2.90   17.65    3.30      13.09   13.09    0.00   -0.08      1.595   1.595   0.000
  20 2935.7   9/2-   5/2  33    0.04   24.29   24.29    5.85    5.25      13.47   13.47    0.00   -5.46      1.642   1.642   0.000
  
  21 3130.8   5/2-   5/2  26    2.43    5.97    5.97    6.18    2.05       7.38    7.38    0.00   -3.14      0.899   0.899   0.000
  22 3389.2  13/2-   5/2  33   -0.02   24.29   24.29    5.97    5.21      15.27   15.27    0.00   -3.29      1.861   1.861   0.000
  23 3491.9   9/2-   1/2  30   -0.55    3.42    3.42    1.80    0.56      13.91   13.91    0.00   -1.11      1.696   1.696   0.000
  24 3515.6  11/2-  -3/2  31   -0.52    4.33    4.33    3.07    1.57      14.34   14.34    0.00   -0.43      1.749   1.749   0.000
  25 3630.0  13/2-  -7/2  32   -1.06    3.13    3.13   10.65    2.37      16.27   16.27    0.00   -0.06      1.984   1.984   0.000
  
  26 3636.1  11/2-   1/2  30    0.15    4.07    4.07    0.70    1.32      14.41   14.41    0.00   -0.18      1.757   1.757   0.000
  27 3831.3  13/2-  -3/2  31   -0.59    4.65    4.65    4.14    2.24      15.48   15.48    0.00    0.39      1.887   1.887   0.000
  28 3872.2   1/2-   1/2  35    0.50   12.30   12.30    0.25   -1.28      13.91   13.91    0.00   -4.92      1.695   1.695   0.000
  29 4112.1   1/2-   1/2  25    0.50    6.68    6.68    0.25    0.66       6.61    6.61    0.00   -3.59      0.805   0.805   0.000
  30 5660.6  13/2- -11/2  24   -5.49    2.76    2.76   30.20    4.32      12.04   12.04    0.00   -1.13      1.468   1.468   0.000
  
  31 7086.2   1/2-   1/2  28    0.50   23.95   23.95    0.25   -3.52      27.50   27.50    0.00   -6.90      3.352   3.352   0.000
  32*******   1/2-  -3/2  31    0.00    0.00    0.00    0.00   -0.00       0.00    0.00    0.00   -0.00      0.000   0.000   0.000
