1SPECTRUM OF (Z= 82 A=207) IN PARTICLE-ROTOR  MODEL WITH MODIFIED OSCILLATOR POTENTIAL


 PARITY=-   EPS= 0.341   GAMMA=  0.0   EPS4=0.000   EPS6=0.000   LEVELS:  25  26  27  28  29  30  31  32  33  34  35  36  37  38  39

 PAIRING FACTORS: GN0= 19.20  GN1=  7.40  IPAIR= 15 ***  E2PLUS(INPUT)=   0.730  E2PLUR(INPUT)=   0.000

 CORIOLIS ATTENUATION PARAMETERS:  CHSI=1.000  ETA=  1.00

 MOMENT OF INERTIA PARAMETERS:   A1=  0.122 MEV   A2=  0.122 MEV   A3=121.91924 MEV


 DELTA=0.907 MEV  LAMBDA=53.3505 MEV   HW0= 7.5169 MEV   LAMBDA/HW0= 7.0975

 E2ENERGY=0.730 MEV  HBAR**2/B=21561./A**(7/3)=3644.8/A**2 MEV

 IREC=0  =>  RECOIL TERMS j+j-, j+j+, jzjz, ETC TREATED AS ONE-BODY OPERATORS WITH UU+VV PAIRING FACTORS



 S. P. LEVEL   EQP       U     V        (UU + VV)**1.00

     25       4.206    0.109 0.994      1.000 0.999 0.997 0.990 0.960 0.953 0.941 0.840 0.632 0.605 0.307 0.297 0.282 0.265 0.235
     26       3.115    0.147 0.989      0.999 1.000 0.999 0.995 0.970 0.964 0.953 0.861 0.662 0.635 0.344 0.334 0.319 0.302 0.273
     27       2.557    0.180 0.984      0.997 0.999 1.000 0.998 0.977 0.972 0.963 0.877 0.687 0.661 0.375 0.365 0.351 0.334 0.305
     28       1.898    0.247 0.969      0.990 0.995 0.998 1.000 0.990 0.986 0.979 0.908 0.735 0.710 0.437 0.428 0.413 0.397 0.369
     29       1.280    0.384 0.923      0.960 0.970 0.977 0.990 1.000 1.000 0.998 0.959 0.825 0.804 0.562 0.554 0.540 0.525 0.499
     30       1.223    0.406 0.914      0.953 0.964 0.972 0.986 1.000 1.000 0.999 0.965 0.838 0.818 0.582 0.573 0.560 0.545 0.520
     31       1.150    0.439 0.898      0.941 0.953 0.963 0.979 0.998 0.999 1.000 0.974 0.858 0.839 0.611 0.603 0.590 0.576 0.551
     32       0.927    0.631 0.776      0.840 0.861 0.877 0.908 0.959 0.965 0.974 1.000 0.951 0.940 0.774 0.767 0.757 0.746 0.725
     33       0.993    0.839 0.545      0.632 0.662 0.687 0.735 0.825 0.838 0.858 0.951 1.000 0.999 0.931 0.928 0.921 0.914 0.902
     34       1.028    0.857 0.515      0.605 0.635 0.661 0.710 0.804 0.818 0.839 0.940 0.999 1.000 0.944 0.940 0.935 0.928 0.916
     35       2.298    0.979 0.202      0.307 0.344 0.375 0.437 0.562 0.582 0.611 0.774 0.931 0.944 1.000 1.000 1.000 0.999 0.997
     36       2.414    0.981 0.191      0.297 0.334 0.365 0.428 0.554 0.573 0.603 0.767 0.928 0.940 1.000 1.000 1.000 0.999 0.998
     37       2.619    0.984 0.176      0.282 0.319 0.351 0.413 0.540 0.560 0.590 0.757 0.921 0.935 1.000 1.000 1.000 1.000 0.999
     38       2.899    0.987 0.158      0.265 0.302 0.334 0.397 0.525 0.545 0.576 0.746 0.914 0.928 0.999 0.999 1.000 1.000 1.000
     39       3.558    0.992 0.129      0.235 0.273 0.305 0.369 0.499 0.520 0.551 0.725 0.902 0.916 0.997 0.998 0.999 1.000 1.000

  R CORE   ENERGY   A0R/A00=1.000    R3= 0     2  
   2( 1)    0.732                    1.000 0.000
   2( 2)  487.921                    0.000 1.000

  R CORE   ENERGY   A0R/A00=1.000    R3= 0     2  
   3( 1)  488.652                    0.000 1.000

  R CORE   ENERGY   A0R/A00=1.000    R3= 0     2     4  
   4( 1)    2.438                    1.000 0.000 0.000

  R CORE   ENERGY   A0R/A00=1.000    R3= 0     2     4  
   5( 1)  490.847                    0.000 1.000 0.000

  R CORE   ENERGY   A0R/A00=1.000    R3= 0     2     4     6  
   6( 1)    5.121                    1.000 0.000 0.000 0.000

  R CORE   ENERGY   A0R/A00=1.000    R3= 0     2     4     6  
   7( 1)  494.017                    0.000 1.000 0.000 0.000

          AXIAL SYMMETRY => K RESTRICTED TO OMEGA

                     K
     S.P. ORB#: 25  0.50
     S.P. ORB#: 26  2.50
     S.P. ORB#: 27 -3.50
     S.P. ORB#: 28  0.50
     S.P. ORB#: 29  0.50
     S.P. ORB#: 30 -1.50
     S.P. ORB#: 31 -1.50
     S.P. ORB#: 32 -3.50
     S.P. ORB#: 33  4.50
     S.P. ORB#: 34  2.50
     S.P. ORB#: 35 -3.50
     S.P. ORB#: 36  0.50
     S.P. ORB#: 37 -1.50
     S.P. ORB#: 38  2.50
     S.P. ORB#: 39  0.50
 

             ENERGY    K= OMEGA
 
 I=  1/2- (1)  2.524  29: 0.998
 
 I=  1/2- (2)  3.903  25:-0.073
                      39:-0.997
 
 I=  1/2- (3)  5.767  28:-0.359
                      36: 0.933
 
 I=  1/2- (4)  5.802  25: 0.996
                      39:-0.072
 
 I=  1/2- (5)  8.760  28:-0.933
                      36:-0.359

             ENERGY    K= OMEGA
 
 I=  3/2- (1)  2.390  25: 0.103
                      29:-0.141
                      31: 0.980
                      37: 0.074
                      39:-0.064
 
 I=  3/2- (2)  2.527  25:-0.184
                      29:-0.908
                      31:-0.077
                      37:-0.347
                      39: 0.120

             ENERGY    K= OMEGA
 
 I=  5/2- (1)  2.473  25:-0.255
                      29: 0.461
                      31: 0.785
                      37:-0.114
                      38:-0.268
                      39: 0.146
 
 I=  5/2- (2)  3.350  26:-0.064
                      29: 0.654
                      31:-0.438
                      37:-0.602
                      38: 0.117
 
 I=  5/2- (3)  3.600  25:-0.106
                      29: 0.279
                      31: 0.126
                      37: 0.378
                      38: 0.858
                      39: 0.121
 
 I=  5/2- (4)  4.283  26:-0.069
                      29:-0.462
                      31: 0.354
                      37:-0.669
                      38: 0.422
                      39:-0.178
 
 I=  5/2- (5)  4.742  25:-0.162
                      26: 0.126
                      29: 0.158
                      37: 0.146
                      39:-0.954

             ENERGY    K= OMEGA
 
 I=  7/2- (1)  1.738  26:-0.189
                      32: 0.980
 
 I=  7/2- (2)  3.312  25: 0.214
                      31: 0.869
                      38: 0.427
                      39:-0.113
 
 I=  7/2- (3)  3.424  25:-0.246
                      29:-0.845
                      37:-0.430
                      38: 0.129
                      39: 0.151
 
 I=  7/2- (4)  3.598  28:-0.704
                      30:-0.583
                      34:-0.372
                      35:-0.160
 
 I=  7/2- (5)  4.380  26: 0.207
                      27: 0.842
                      29: 0.191
                      31:-0.202
                      37:-0.202
                      38: 0.362

             ENERGY    K= OMEGA
 
 I=  9/2- (1)  1.895  26:-0.076
                      27: 0.185
                      32:-0.257
                      33:-0.945
 
 I=  9/2- (2)  2.711  26:-0.258
                      27:-0.091
                      31:-0.052
                      32:-0.924
                      33: 0.255
 
 I=  9/2- (3)  3.473  25:-0.361
                      29: 0.495
                      31: 0.695
                      32:-0.067
                      37:-0.164
                      38:-0.278
                      39: 0.180
 
 I=  9/2- (4)  4.641  28:-0.224
                      30: 0.564
                      34:-0.668
                      35: 0.431
 
 I=  9/2- (5)  5.182  26:-0.109
                      27: 0.066
                      29: 0.532
                      31:-0.472
                      32: 0.057
                      37:-0.676
                      38: 0.112
                      39:-0.073

             ENERGY    K= OMEGA
 
 I= 11/2- (1)  2.960  28:-0.674
                      30:-0.579
                      34:-0.404
                      35:-0.209
                      36:-0.058
 
 I= 11/2- (2)  2.996  26: 0.129
                      27: 0.250
                      32:-0.352
                      33: 0.893
 
 I= 11/2- (3)  3.915  26: 0.301
                      27:-0.134
                      31:-0.064
                      32:-0.872
                      33:-0.350
                      38:-0.063
 
 I= 11/2- (4)  5.136  25:-0.376
                      29:-0.397
                      31:-0.726
                      32: 0.091
                      37:-0.140
                      38:-0.328
                      39: 0.193
 
 I= 11/2- (5)  5.285  25:-0.123
                      29:-0.711
                      31: 0.390
                      37:-0.431
                      38: 0.363
                      39: 0.083

             ENERGY    K= OMEGA
 
 I= 13/2- (1)  4.316  26:-0.176
                      27: 0.293
                      32:-0.413
                      33:-0.844
 
 I= 13/2- (2)  5.067  28:-0.218
                      30: 0.552
                      34:-0.667
                      35: 0.450
 
 I= 13/2- (3)  5.279  25:-0.304
                      26: 0.234
                      27: 0.131
                      29: 0.347
                      31: 0.486
                      32: 0.562
                      33:-0.291
                      37:-0.099
                      38:-0.222
                      39: 0.139
 
 I= 13/2- (4)  5.439  25:-0.301
                      26:-0.232
                      27:-0.113
                      29: 0.365
                      31: 0.439
                      32:-0.609
                      33: 0.295
                      37:-0.141
                      38:-0.146
                      39: 0.137
 
 I= 13/2- (5)  7.978  25:-0.063
                      26: 0.136
                      27:-0.124
                      29:-0.372
                      31: 0.431
                      32:-0.095
                      37: 0.764
                      38: 0.106
                      39: 0.178

             ENERGY     K= 1/2
  32 LEVELS    TIME=  0.0 SEC



 ******************* EXCITATION ENERGIES, DOMINANT CONFIGURATION AND EXPECTATION VALUES (WITH S.P. UU+VV FACTORS) *******************

  NR  Eex(keV)  I   Kdom  NY    <Jz>  <Jx**2> <Jy**2> <Jz**2> <I.j>/|I|  <Rx**2> <Ry**2> <Rz**2> <R.j>/|R|  <HROTx> <HROTy> <HROTz>

   1    0.0   7/2-  -7/2  32   -3.28    2.31    2.31   12.03    3.33       2.98    2.98   -0.00   -1.41      0.364   0.364  -0.000
   2  156.9   9/2-   9/2  33    3.69    2.53    2.53   19.37    4.25       3.45    3.45   -0.00   -1.25      0.420   0.420  -0.000
   3  652.4   3/2-  -3/2  31   -1.43    4.72    4.72    2.18    1.46       4.87    4.87    0.00   -2.82      0.594   0.594   0.000
   4  734.5   5/2-  -3/2  31   -0.61    4.85    4.85    1.94    2.20       3.69    3.69    0.00   -1.89      0.450   0.450   0.000
   5  786.1   1/2-   1/2  29    0.50    4.83    4.83    0.25    0.30       5.07    5.07    0.00   -3.03      0.618   0.618   0.000
  
   6  789.1   3/2-   1/2  29    0.25    4.16    4.16    0.50    1.23       3.92    3.92    0.00   -2.31      0.477   0.477   0.000
   7  972.5   9/2-  -7/2  32   -2.56    2.41    2.41   12.32    2.88       6.62    6.62   -0.00   -0.77      0.807   0.807  -0.000
   8 1221.9  11/2-   1/2  28   -0.02   24.13   24.13    2.42    6.26       5.79    5.79    0.00   -3.90      0.706   0.706   0.000
   9 1257.7  11/2-   9/2  33    2.97    2.73    2.73   18.52    3.71       7.70    7.70    0.00   -0.46      0.938   0.938   0.000
  10 1574.2   7/2-  -3/2  31   -0.65    4.31    4.31    2.89    1.71       6.84    6.84    0.00   -1.28      0.834   0.834   0.000
  
  11 1612.5   5/2-   1/2  29   -0.57    3.46    3.46    1.46    0.71       6.47    6.47    0.00   -1.75      0.789   0.789   0.000
  12 1685.8   7/2-   1/2  29    0.16    3.92    3.92    0.73    1.37       6.72    6.72    0.00   -0.85      0.819   0.819   0.000
  13 1734.6   9/2-  -3/2  31   -0.38    5.01    5.01    1.79    2.32       6.73    6.73    0.00   -0.07      0.820   0.820   0.000
  14 1859.6   7/2-   1/2  28   -0.01   23.76   23.76    2.07    6.12       8.36    8.36    0.00   -6.18      1.020   1.020   0.000
  15 1862.3   5/2-   5/2  38    1.66    2.15    2.15    4.99    1.84       3.57    3.57    0.00   -1.44      0.435   0.435   0.000
  
  16 2164.7   1/2-   1/2  39    0.50    1.54    1.54    0.25    0.72       1.41    1.41    0.00   -1.60      0.172   0.172   0.000
  17 2177.1  11/2-  -7/2  32   -1.94    2.50    2.50   12.61    2.58      11.24   11.24   -0.00   -0.46      1.371   1.371  -0.000
  18 2545.2   5/2-  -3/2  37   -0.28    3.03    3.03    2.49    0.08       8.42    8.42    0.00   -2.03      1.026   1.026   0.000
  19 2577.7  13/2-   9/2  33    2.39    2.92    2.92   17.76    3.34      12.85   12.85    0.00   -0.05      1.567   1.567   0.000
  20 2641.8   7/2-  -7/2  27   -2.15    5.28    5.28    9.95    2.65       7.61    7.61    0.00   -2.56      0.928   0.928   0.000
  
  21 2902.6   9/2-   5/2  34    0.02   24.44   24.44    5.79    5.29      13.42   13.42    0.00   -5.48      1.636   1.636   0.000
  22 3003.7   5/2-   1/2  39    0.49    1.69    1.69    0.39    0.38       5.15    5.15    0.00   -0.83      0.628   0.628   0.000
  23 3329.1  13/2-   5/2  34   -0.03   24.43   24.43    5.95    5.26      15.09   15.09    0.00   -3.30      1.840   1.840   0.000
  24 3398.2  11/2-  -3/2  31   -0.41    4.29    4.29    2.11    1.67      13.24   13.24    0.00   -0.14      1.614   1.614   0.000
  25 3443.8   9/2-  -3/2  37   -0.84    3.08    3.08    1.85    0.60      13.37   13.37    0.00   -0.97      1.630   1.630   0.000
  
  26 3541.4  13/2-  -7/2  32   -0.78    3.92    3.92    7.05    2.42      14.91   14.91    0.00    0.37      1.817   1.817   0.000
  27 3546.7  11/2-   1/2  29    0.09    3.83    3.83    1.76    1.38      14.35   14.35    0.00   -0.22      1.750   1.750   0.000
  28 3700.9  13/2-  -7/2  32   -0.96    3.84    3.84    7.46    2.31      15.81   15.81   -0.00    0.18      1.928   1.928  -0.000
  29 4029.3   1/2-   1/2  36    0.50   12.32   12.32    0.25   -1.39      14.03   14.03    0.00   -4.93      1.710   1.710   0.000
  30 4064.2   1/2-   1/2  25    0.50    6.66    6.66    0.25    0.66       6.59    6.59    0.00   -3.58      0.803   0.803   0.000
  
  31 6239.6  13/2-  -3/2  37   -1.07    2.58    2.58    2.30    0.63      23.73   23.73    0.00   -0.45      2.894   2.894   0.000
  32 7022.3   1/2-   1/2  28    0.50   24.31   24.31    0.25   -3.54      27.87   27.87    0.00   -6.96      3.398   3.398   0.000
