1SPECTRUM OF (Z= 82 A=207) IN PARTICLE-ROTOR  MODEL WITH MODIFIED OSCILLATOR POTENTIAL


 PARITY=-   EPS= 0.195   GAMMA=  0.0   EPS4=0.000   EPS6=0.000   LEVELS:  25  26  27  28  29  30  31  32  33  34  35  36  37  38  39

 PAIRING FACTORS: GN0= 19.20  GN1=  7.40  IPAIR= 15 ***  E2PLUS(INPUT)=   0.730  E2PLUR(INPUT)=   0.000

 CORIOLIS ATTENUATION PARAMETERS:  CHSI=1.000  ETA=  1.00

 MOMENT OF INERTIA PARAMETERS:   A1=  0.122 MEV   A2=  0.122 MEV   A3=121.91924 MEV


 DELTA=0.935 MEV  LAMBDA=53.4796 MEV   HW0= 7.4438 MEV   LAMBDA/HW0= 7.1844

 E2ENERGY=0.730 MEV  HBAR**2/B= 7051./A**(7/3)=1191.9/A**2 MEV

 IREC=0  =>  RECOIL TERMS j+j-, j+j+, jzjz, ETC TREATED AS ONE-BODY OPERATORS WITH UU+VV PAIRING FACTORS



 S. P. LEVEL   EQP       U     V        (UU + VV)**1.00

     25       4.267    0.110 0.994      1.000 1.000 1.000 0.998 0.994 0.994 0.991 0.740 0.637 0.451 0.442 0.395 0.327 0.271 0.232
     26       4.007    0.117 0.993      1.000 1.000 1.000 0.998 0.995 0.994 0.992 0.745 0.643 0.458 0.449 0.402 0.333 0.278 0.239
     27       3.748    0.126 0.992      1.000 1.000 1.000 0.999 0.996 0.995 0.993 0.751 0.649 0.465 0.456 0.410 0.341 0.286 0.247
     28       2.740    0.173 0.985      0.998 0.998 0.999 1.000 0.999 0.999 0.998 0.781 0.685 0.507 0.499 0.453 0.386 0.332 0.293
     29       2.206    0.217 0.976      0.994 0.995 0.996 0.999 1.000 1.000 1.000 0.809 0.717 0.545 0.537 0.492 0.427 0.373 0.335
     30       2.164    0.222 0.975      0.994 0.994 0.995 0.999 1.000 1.000 1.000 0.811 0.720 0.549 0.541 0.496 0.431 0.378 0.340
     31       2.002    0.241 0.971      0.991 0.992 0.993 0.998 1.000 1.000 1.000 0.822 0.733 0.565 0.557 0.513 0.449 0.396 0.358
     32       0.942    0.750 0.662      0.740 0.745 0.751 0.781 0.809 0.811 0.822 1.000 0.990 0.934 0.931 0.910 0.877 0.848 0.826
     33       1.020    0.836 0.548      0.637 0.643 0.649 0.685 0.717 0.720 0.733 0.990 1.000 0.975 0.973 0.960 0.937 0.915 0.897
     34       1.426    0.937 0.350      0.451 0.458 0.465 0.507 0.545 0.549 0.565 0.934 0.975 1.000 1.000 0.998 0.991 0.981 0.973
     35       1.459    0.940 0.341      0.442 0.449 0.456 0.499 0.537 0.541 0.557 0.931 0.973 1.000 1.000 0.999 0.992 0.983 0.975
     36       1.675    0.956 0.292      0.395 0.402 0.410 0.453 0.492 0.496 0.513 0.910 0.960 0.998 0.999 1.000 0.997 0.991 0.985
     37       2.175    0.975 0.220      0.327 0.333 0.341 0.386 0.427 0.431 0.449 0.877 0.937 0.991 0.992 0.997 1.000 0.998 0.995
     38       2.905    0.987 0.163      0.271 0.278 0.286 0.332 0.373 0.378 0.396 0.848 0.915 0.981 0.983 0.991 0.998 1.000 0.999
     39       3.831    0.992 0.123      0.232 0.239 0.247 0.293 0.335 0.340 0.358 0.826 0.897 0.973 0.975 0.985 0.995 0.999 1.000

  R CORE   ENERGY   A0R/A00=1.000    R3= 0     2  
   2( 1)    0.732                    1.000 0.000
   2( 2)  487.921                    0.000 1.000

  R CORE   ENERGY   A0R/A00=1.000    R3= 0     2  
   3( 1)  488.652                    0.000 1.000

  R CORE   ENERGY   A0R/A00=1.000    R3= 0     2     4  
   4( 1)    2.438                    1.000 0.000 0.000

  R CORE   ENERGY   A0R/A00=1.000    R3= 0     2     4  
   5( 1)  490.847                    0.000 1.000 0.000

  R CORE   ENERGY   A0R/A00=1.000    R3= 0     2     4     6  
   6( 1)    5.121                    1.000 0.000 0.000 0.000

  R CORE   ENERGY   A0R/A00=1.000    R3= 0     2     4     6  
   7( 1)  494.017                    0.000 1.000 0.000 0.000

          AXIAL SYMMETRY => K RESTRICTED TO OMEGA

                     K
     S.P. ORB#: 25  2.50
     S.P. ORB#: 26  0.50
     S.P. ORB#: 27 -3.50
     S.P. ORB#: 28 -3.50
     S.P. ORB#: 29  4.50
     S.P. ORB#: 30  0.50
     S.P. ORB#: 31 -1.50
     S.P. ORB#: 32 -1.50
     S.P. ORB#: 33  2.50
     S.P. ORB#: 34  0.50
     S.P. ORB#: 35  0.50
     S.P. ORB#: 36 -1.50
     S.P. ORB#: 37  2.50
     S.P. ORB#: 38 -3.50
     S.P. ORB#: 39  4.50
 

             ENERGY    K= OMEGA
 
 I=  1/2- (1)  1.713  26:-0.060
                      35:-0.998
 
 I=  1/2- (2)  3.207  30: 0.999
 
 I=  1/2- (3)  5.197  26: 0.998
                      35:-0.060
 
 I=  1/2- (4)  9.358  34:-1.000
 
 I=  1/2- (5)147.245  32: 1.000

             ENERGY    K= OMEGA
 
 I=  3/2- (1)  1.427  30: 0.187
                      31: 0.105
                      32: 0.973
                      35:-0.076
 
 I=  3/2- (2)  2.359  30: 0.163
                      31: 0.143
                      32:-0.122
                      35:-0.968
 
 I=  3/2- (3)  3.056  26: 0.094
                      30:-0.295
                      31: 0.945
                      35: 0.096
 
 I=  3/2- (4)  3.420  26:-0.361
                      30:-0.866
                      31:-0.205
                      32: 0.190
                      35:-0.203
 
 I=  3/2- (5)  6.043  34:-0.861
                      36:-0.508

             ENERGY    K= OMEGA
 
 I=  5/2- (1)  1.497  26: 0.051
                      30:-0.136
                      31:-0.181
                      32: 0.426
                      33: 0.873
                      35:-0.059
 
 I=  5/2- (2)  2.053  30:-0.215
                      31: 0.168
                      32: 0.864
                      33:-0.417
                      35: 0.052
 
 I=  5/2- (3)  2.385  30:-0.160
                      31:-0.205
                      33:-0.131
                      35:-0.956
 
 I=  5/2- (4)  3.309  26: 0.376
                      30:-0.450
                      31:-0.737
                      32:-0.076
                      33:-0.189
                      35: 0.268
 
 I=  5/2- (5)  4.538  26:-0.065
                      30: 0.803
                      31:-0.526
                      32: 0.252
                      33:-0.103

             ENERGY    K= OMEGA
 
 I=  7/2- (1)  2.130  30: 0.184
                      31:-0.212
                      32: 0.514
                      33:-0.809
 
 I=  7/2- (2)  2.715  25:-0.071
                      26:-0.171
                      28: 0.082
                      30:-0.343
                      31:-0.296
                      32:-0.712
                      33:-0.457
                      35: 0.192
 
 I=  7/2- (3)  3.475  25:-0.239
                      27:-0.097
                      28: 0.958
                      30: 0.057
                      31: 0.057
                      35:-0.069
 
 I=  7/2- (4)  3.816  34: 0.727
                      36: 0.574
                      37: 0.349
                      38: 0.146
 
 I=  7/2- (5)  3.944  26:-0.106
                      28: 0.073
                      30:-0.168
                      31:-0.258
                      32: 0.314
                      33: 0.216
                      35: 0.862

             ENERGY    K= OMEGA
 
 I=  9/2- (1)  2.793  25: 0.053
                      26:-0.170
                      27: 0.120
                      28: 0.054
                      29:-0.279
                      30: 0.290
                      31: 0.343
                      32:-0.460
                      33:-0.659
                      35: 0.161
 
 I=  9/2- (2)  2.970  25: 0.069
                      26: 0.064
                      27: 0.231
                      28: 0.187
                      29:-0.901
                      30:-0.106
                      31:-0.125
                      32: 0.145
                      33: 0.199
                      35:-0.067
 
 I=  9/2- (3)  3.892  25:-0.143
                      28:-0.222
                      30:-0.194
                      31: 0.312
                      32: 0.753
                      33:-0.363
                      35: 0.300
 
 I=  9/2- (4)  3.985  26:-0.119
                      28: 0.106
                      30: 0.291
                      31: 0.167
                      33: 0.479
                      35: 0.792
 
 I=  9/2- (5)  4.406  25:-0.297
                      27: 0.112
                      28:-0.885
                      29:-0.180
                      30: 0.108
                      31:-0.073
                      32:-0.205
                      33: 0.155

             ENERGY    K= OMEGA
 
 I= 11/2- (1)  2.607  34:-0.663
                      36:-0.565
                      37:-0.410
                      38:-0.247
                      39:-0.110
 
 I= 11/2- (2)  3.853  25:-0.138
                      27: 0.321
                      28: 0.233
                      29: 0.775
                      30:-0.122
                      31: 0.126
                      32:-0.267
                      33: 0.347
 
 I= 11/2- (3)  4.097  27:-0.115
                      28:-0.129
                      29:-0.444
                      30:-0.251
                      31: 0.252
                      32:-0.502
                      33: 0.627
 
 I= 11/2- (4)  4.702  25:-0.111
                      26:-0.284
                      28: 0.148
                      30:-0.413
                      31:-0.407
                      32:-0.540
                      33:-0.444
                      35: 0.238
 
 I= 11/2- (5)  5.510  25:-0.363
                      26: 0.093
                      27:-0.151
                      28: 0.855
                      29:-0.253
                      30: 0.122
                      31: 0.111
                      35:-0.105

             ENERGY    K= OMEGA
 
 I= 13/2- (1)  4.281  34: 0.186
                      36:-0.485
                      37: 0.603
                      38:-0.524
                      39: 0.303
 
 I= 13/2- (2)  4.800  25:-0.094
                      26: 0.273
                      27:-0.173
                      28:-0.108
                      29: 0.291
                      30:-0.374
                      31:-0.421
                      32: 0.409
                      33: 0.515
                      35:-0.203
 
 I= 13/2- (3)  5.121  25: 0.154
                      26: 0.132
                      27: 0.346
                      28: 0.294
                      29:-0.795
                      30:-0.169
                      31:-0.194
                      32: 0.128
                      33: 0.160
                      35:-0.110
 
 I= 13/2- (4)  6.524  25:-0.227
                      26:-0.120
                      27: 0.084
                      28:-0.324
                      29:-0.182
                      30:-0.060
                      31: 0.325
                      32: 0.644
                      35: 0.515
 
 I= 13/2- (5)  6.617  25: 0.195
                      26:-0.119
                      27:-0.118
                      28: 0.391
                      29: 0.079
                      30: 0.300
                      32:-0.118
                      33: 0.622
                      35: 0.532

             ENERGY     K= 9/2
  35 LEVELS    TIME=  0.0 SEC



 ******************* EXCITATION ENERGIES, DOMINANT CONFIGURATION AND EXPECTATION VALUES (WITH S.P. UU+VV FACTORS) *******************

  NR  Eex(keV)  I   Kdom  NY    <Jz>  <Jx**2> <Jy**2> <Jz**2> <I.j>/|I|  <Rx**2> <Ry**2> <Rz**2> <R.j>/|R|  <HROTx> <HROTy> <HROTz>

   1    0.0   3/2-  -3/2  32   -1.41    1.56    1.56    2.16    1.44       1.73    1.73    0.00   -1.34      0.211   0.211   0.000
   2   69.8   5/2-   5/2  33    1.60    1.86    1.86    5.25    2.40       1.76    1.76    0.00   -1.00      0.214   0.214   0.000
   3  285.1   1/2-   1/2  35    0.50    1.22    1.22    0.25    0.83       1.00    1.00   -0.00   -1.39      0.122   0.122  -0.000
   4  625.7   5/2-  -3/2  32   -0.70    1.56    1.56    2.86    1.10       4.11    4.11    0.00   -0.95      0.501   0.501   0.000
   5  702.8   7/2-   5/2  33    1.18    1.96    1.96    4.82    2.01       4.27    4.27    0.00   -0.26      0.520   0.520   0.000
  
   6  931.1   3/2-   1/2  35    0.43    1.37    1.37    0.32   -0.10       3.60    3.60   -0.00   -1.21      0.439   0.439  -0.000
   7  957.5   5/2-   1/2  35    0.45    1.63    1.63    0.44    0.87       3.66    3.66    0.00   -0.42      0.446   0.446   0.000
   8 1180.0  11/2-   1/2  34    0.00   27.81   27.81    2.87    7.29       3.51    3.51   -0.00   -5.61      0.428   0.428  -0.000
   9 1287.5   7/2-  -3/2  32   -0.29    1.77    1.77    2.81    1.36       5.66    5.66    0.00   -0.29      0.690   0.690   0.000
  10 1365.2   9/2-   5/2  33    0.96    2.74    2.74    5.29    2.47       5.47    5.47    0.00    0.46      0.667   0.667   0.000
  
  11 1542.4   9/2-   9/2  29    3.41    2.66    2.66   17.87    4.22       2.98    2.98   -0.00   -0.90      0.363   0.363  -0.000
  12 1628.2   3/2-  -3/2  31   -1.29    4.01    4.01    2.04    1.39       4.22    4.22   -0.00   -2.54      0.514   0.514  -0.000
  13 1779.7   1/2-   1/2  30    0.50    4.10    4.10    0.25    0.38       4.27    4.27    0.00   -2.78      0.520   0.520   0.000
  14 1881.8   5/2-  -3/2  31   -0.53    3.83    3.83    1.56    1.55       4.39    4.39   -0.00   -1.56      0.536   0.536  -0.000
  15 1992.1   3/2-   1/2  30    0.34    3.39    3.39    0.41    0.51       4.49    4.49    0.00   -2.07      0.547   0.547   0.000
  
  16 2048.0   7/2-  -7/2  28   -3.10    2.35    2.35   11.74    3.38       2.67    2.67   -0.00   -1.31      0.326   0.326  -0.000
  17 2388.7   7/2-   1/2  34    0.00   28.12   28.12    1.89    7.05       8.96    8.96   -0.00   -7.12      1.093   1.093  -0.000
  18 2426.0  11/2-   9/2  29    2.38    2.90    2.90   15.17    3.61       6.80    6.80    0.00    0.16      0.829   0.829   0.000
  19 2464.4   9/2-  -3/2  32   -0.72    1.61    1.61    3.16    1.01      10.55   10.55    0.00   -0.30      1.286   1.286   0.000
  20 2516.1   7/2-   1/2  35    0.24    1.80    1.80    0.93    0.01      10.11   10.11    0.00   -1.00      1.232   1.232   0.000
  
  21 2557.9   9/2-   1/2  35    0.85    2.12    2.12    1.86    1.04      10.23   10.23    0.00   -0.20      1.247   1.247   0.000
  22 2669.6  11/2-   5/2  33    1.33    2.32    2.32    7.55    2.18      10.91   10.91    0.00    0.19      1.331   1.331   0.000
  23 2853.3  13/2-   5/2  37    0.03   26.11   26.11    8.03    6.69       7.78    7.78   -0.00   -3.43      0.949   0.949  -0.000
  24 2978.6   9/2-  -7/2  28   -2.43    2.44    2.44   11.22    2.73       6.82    6.82   -0.00   -0.68      0.832   0.832  -0.000
  25 3110.8   5/2-   1/2  30   -0.16    4.14    4.14    1.00   -0.42      10.25   10.25    0.00   -2.32      1.249   1.249   0.000
  
  26 3274.5  11/2-  -3/2  32   -0.09    2.19    2.19    2.74    1.53      12.28   12.28    0.00    0.41      1.498   1.498   0.000
  27 3373.0  13/2-   5/2  33    0.53    3.50    3.50    4.78    2.58      12.25   12.25    0.00    1.26      1.494   1.494   0.000
  28 3693.1  13/2-   9/2  29    2.19    3.29    3.29   15.77    3.52      10.96   10.96   -0.00    0.48      1.336   1.336  -0.000
  29 3769.2   1/2-   1/2  26    0.50    5.02    5.02    0.25    0.69       4.92    4.92    0.00   -3.09      0.600   0.600   0.000
  30 4082.7  11/2-  -7/2  28   -2.03    2.62    2.62   11.41    2.60      10.68   10.68   -0.00   -0.25      1.302   1.302  -0.000
  
  31 4615.2   3/2-   1/2  34   -0.02   28.42   28.42    0.77    6.20      18.67   18.67   -0.00   -7.46      2.276   2.276  -0.000
  32 5096.4  13/2-  -3/2  32   -0.75    1.88    1.88    3.61    1.16      19.94   19.94    0.00    0.12      2.431   2.431   0.000
  33 5189.4  13/2-   5/2  33    0.68    2.24    2.24    4.96    1.29      20.08   20.08    0.00   -0.07      2.448   2.448   0.000
  34 7930.1   1/2-   1/2  34    0.50   28.52   28.52    0.25   -4.05      32.53   32.53    0.00   -7.54      3.966   3.966   0.000
  35*******   1/2-  -3/2  32    0.00    0.00    0.00    0.00   -0.00       0.00    0.00    0.00   -0.00      0.000   0.000   0.000
  
