1SPECTRUM OF (Z= 82 A=207) IN PARTICLE-ROTOR  MODEL WITH MODIFIED OSCILLATOR POTENTIAL


 PARITY=-   EPS= 0.329   GAMMA=  0.0   EPS4=0.000   EPS6=0.000   LEVELS:  26  27  28  29  30  31  32  33  34  35  36  37  38  39  40

 PAIRING FACTORS: GN0= 19.20  GN1=  7.40  IPAIR= 15 ***  E2PLUS(INPUT)=   0.730  E2PLUR(INPUT)=   0.000

 CORIOLIS ATTENUATION PARAMETERS:  CHSI=1.000  ETA=  1.00

 MOMENT OF INERTIA PARAMETERS:   A1=  0.122 MEV   A2=  0.122 MEV   A3=121.91924 MEV


 DELTA=0.922 MEV  LAMBDA=53.3202 MEV   HW0= 7.5091 MEV   LAMBDA/HW0= 7.1008

 E2ENERGY=0.730 MEV  HBAR**2/B=20070./A**(7/3)=3392.8/A**2 MEV

 IREC=0  =>  RECOIL TERMS j+j-, j+j+, jzjz, ETC TREATED AS ONE-BODY OPERATORS WITH UU+VV PAIRING FACTORS



 S. P. LEVEL   EQP       U     V        (UU + VV)**1.00

     26       3.189    0.146 0.989      1.000 0.999 0.989 0.973 0.958 0.938 0.899 0.723 0.586 0.338 0.332 0.317 0.313 0.280 0.257
     27       2.632    0.178 0.984      0.999 1.000 0.993 0.980 0.967 0.948 0.913 0.745 0.612 0.369 0.362 0.347 0.343 0.311 0.288
     28       1.657    0.291 0.957      0.989 0.993 1.000 0.996 0.990 0.979 0.954 0.817 0.699 0.474 0.467 0.454 0.449 0.419 0.397
     29       1.336    0.372 0.928      0.973 0.980 0.996 1.000 0.998 0.993 0.976 0.864 0.758 0.548 0.542 0.528 0.524 0.495 0.474
     30       1.202    0.423 0.906      0.958 0.967 0.990 0.998 1.000 0.998 0.987 0.891 0.794 0.594 0.588 0.575 0.572 0.543 0.523
     31       1.093    0.481 0.877      0.938 0.948 0.979 0.993 0.998 1.000 0.995 0.918 0.831 0.644 0.639 0.627 0.623 0.596 0.577
     32       0.990    0.564 0.826      0.899 0.913 0.954 0.976 0.987 0.995 1.000 0.952 0.881 0.716 0.711 0.700 0.696 0.672 0.654
     33       0.951    0.789 0.614      0.723 0.745 0.817 0.864 0.891 0.918 0.952 1.000 0.983 0.895 0.892 0.884 0.882 0.866 0.853
     34       1.126    0.887 0.461      0.586 0.612 0.699 0.758 0.794 0.831 0.881 0.983 1.000 0.961 0.959 0.954 0.953 0.942 0.934
     35       2.384    0.980 0.197      0.338 0.369 0.474 0.548 0.594 0.644 0.716 0.895 0.961 1.000 1.000 1.000 1.000 0.998 0.996
     36       2.468    0.982 0.190      0.332 0.362 0.467 0.542 0.588 0.639 0.711 0.892 0.959 1.000 1.000 1.000 1.000 0.999 0.997
     37       2.676    0.985 0.175      0.317 0.347 0.454 0.528 0.575 0.627 0.700 0.884 0.954 1.000 1.000 1.000 1.000 0.999 0.998
     38       2.746    0.985 0.170      0.313 0.343 0.449 0.524 0.572 0.623 0.696 0.882 0.953 1.000 1.000 1.000 1.000 0.999 0.998
     39       3.401    0.991 0.137      0.280 0.311 0.419 0.495 0.543 0.596 0.672 0.866 0.942 0.998 0.999 0.999 0.999 1.000 1.000
     40       4.105    0.994 0.113      0.257 0.288 0.397 0.474 0.523 0.577 0.654 0.853 0.934 0.996 0.997 0.998 0.998 1.000 1.000

  R CORE   ENERGY   A0R/A00=1.000    R3= 0     2  
   2( 1)    0.732                    1.000 0.000
   2( 2)  487.921                    0.000 1.000

  R CORE   ENERGY   A0R/A00=1.000    R3= 0     2  
   3( 1)  488.652                    0.000 1.000

  R CORE   ENERGY   A0R/A00=1.000    R3= 0     2     4  
   4( 1)    2.438                    1.000 0.000 0.000

  R CORE   ENERGY   A0R/A00=1.000    R3= 0     2     4  
   5( 1)  490.847                    0.000 1.000 0.000

  R CORE   ENERGY   A0R/A00=1.000    R3= 0     2     4     6  
   6( 1)    5.121                    1.000 0.000 0.000 0.000

  R CORE   ENERGY   A0R/A00=1.000    R3= 0     2     4     6  
   7( 1)  494.017                    0.000 1.000 0.000 0.000

          AXIAL SYMMETRY => K RESTRICTED TO OMEGA

                     K
     S.P. ORB#: 26  2.50
     S.P. ORB#: 27 -3.50
     S.P. ORB#: 28  0.50
     S.P. ORB#: 29  0.50
     S.P. ORB#: 30 -1.50
     S.P. ORB#: 31 -1.50
     S.P. ORB#: 32 -3.50
     S.P. ORB#: 33  4.50
     S.P. ORB#: 34  2.50
     S.P. ORB#: 35 -3.50
     S.P. ORB#: 36 -1.50
     S.P. ORB#: 37  0.50
     S.P. ORB#: 38  2.50
     S.P. ORB#: 39  0.50
     S.P. ORB#: 40  4.50
 

             ENERGY    K= OMEGA
 
 I=  1/2- (1)  2.572  29: 0.999
 
 I=  1/2- (2)  3.751  39:-0.999
 
 I=  1/2- (3)  5.969  28: 0.417
                      37:-0.909
 
 I=  1/2- (4)  8.745  28: 0.909
                      37: 0.417
 
 I=  1/2- (5)147.396  31: 1.000

             ENERGY    K= OMEGA
 
 I=  3/2- (1)  2.450  29: 0.398
                      30:-0.917
 
 I=  3/2- (2)  2.676  29:-0.741
                      30:-0.324
                      36:-0.565
                      39: 0.161

             ENERGY    K= OMEGA
 
 I=  5/2- (1)  2.741  29:-0.396
                      30:-0.773
                      36: 0.172
                      38: 0.428
                      39:-0.182
 
 I=  5/2- (2)  3.306  26:-0.066
                      29: 0.542
                      30:-0.427
                      36:-0.720
 
 I=  5/2- (3)  3.529  29: 0.446
                      30: 0.221
                      36: 0.195
                      38: 0.821
                      39: 0.201
 
 I=  5/2- (4)  4.207  29:-0.525
                      30: 0.395
                      36:-0.612
                      38: 0.379
                      39:-0.217
 
 I=  5/2- (5)  4.658  26:-0.090
                      29:-0.272
                      30:-0.119
                      36:-0.172
                      39: 0.935

             ENERGY    K= OMEGA
 
 I=  7/2- (1)  1.787  26:-0.196
                      27: 0.051
                      32: 0.979
 
 I=  7/2- (2)  3.342  29:-0.481
                      30: 0.664
                      36:-0.306
                      38: 0.481
 
 I=  7/2- (3)  3.477  28:-0.717
                      31:-0.581
                      34:-0.354
                      35:-0.149
 
 I=  7/2- (4)  3.884  26: 0.062
                      29:-0.593
                      30:-0.501
                      36:-0.527
                      38:-0.232
                      39: 0.248
 
 I=  7/2- (5)  4.376  26:-0.169
                      27:-0.576
                      29:-0.346
                      30: 0.331
                      36: 0.304
                      38:-0.563

             ENERGY    K= OMEGA
 
 I=  9/2- (1)  1.838  26:-0.072
                      27: 0.195
                      32:-0.232
                      33:-0.950
 
 I=  9/2- (2)  2.741  26: 0.268
                      27: 0.090
                      32: 0.930
                      33:-0.229
 
 I=  9/2- (3)  4.110  29:-0.430
                      30:-0.676
                      36: 0.273
                      38: 0.472
                      39:-0.239
 
 I=  9/2- (4)  4.372  28: 0.201
                      31:-0.516
                      34: 0.636
                      35:-0.490
                      40: 0.221
 
 I=  9/2- (5)  5.125  26:-0.105
                      27: 0.060
                      29: 0.446
                      30:-0.482
                      32: 0.059
                      36:-0.728
                      38: 0.077
                      39:-0.123

             ENERGY    K= OMEGA
 
 I= 11/2- (1)  2.731  28:-0.654
                      31:-0.566
                      34:-0.412
                      35:-0.257
                      37:-0.055
                      40:-0.111
 
 I= 11/2- (2)  2.923  26:-0.123
                      27:-0.264
                      32: 0.321
                      33:-0.901
 
 I= 11/2- (3)  3.927  26:-0.314
                      27: 0.130
                      32: 0.881
                      33: 0.319
                      38: 0.058
 
 I= 11/2- (4)  5.242  29: 0.503
                      30:-0.597
                      36: 0.376
                      38:-0.493
 
 I= 11/2- (5)  5.717  28:-0.490
                      31:-0.113
                      34: 0.425
                      35: 0.624
                      40: 0.421

             ENERGY    K= OMEGA
 
 I= 13/2- (1)  4.227  26:-0.168
                      27: 0.309
                      32:-0.380
                      33:-0.855
 
 I= 13/2- (2)  4.322  28: 0.171
                      31:-0.454
                      34: 0.611
                      35:-0.547
                      40: 0.304
 
 I= 13/2- (3)  5.346  26: 0.344
                      27: 0.168
                      30: 0.068
                      32: 0.836
                      33:-0.379
                      38:-0.074
 
 I= 13/2- (4)  6.458  29:-0.444
                      30:-0.637
                      32: 0.070
                      36: 0.305
                      38: 0.466
                      39:-0.279
 
 I= 13/2- (5)  7.923  26:-0.106
                      27: 0.069
                      29: 0.368
                      30:-0.483
                      32: 0.097
                      36:-0.742
                      39:-0.231

             ENERGY     K= 9/2
  32 LEVELS    TIME=  0.0 SEC



 ******************* EXCITATION ENERGIES, DOMINANT CONFIGURATION AND EXPECTATION VALUES (WITH S.P. UU+VV FACTORS) *******************

  NR  Eex(keV)  I   Kdom  NY    <Jz>  <Jx**2> <Jy**2> <Jz**2> <I.j>/|I|  <Rx**2> <Ry**2> <Rz**2> <R.j>/|R|  <HROTx> <HROTy> <HROTz>

   1    0.0   7/2-  -7/2  32   -3.27    2.31    2.31   12.01    3.35       2.90    2.90    0.00   -1.39      0.354   0.354   0.000
   2   50.3   9/2-   9/2  33    3.75    2.54    2.54   19.44    4.28       3.32    3.32   -0.00   -1.24      0.405   0.405  -0.000
   3  662.6   3/2-  -3/2  30   -1.18    4.72    4.72    1.93    1.31       5.02    5.02   -0.00   -2.79      0.612   0.612  -0.000
   4  785.0   1/2-   1/2  29    0.50    4.72    4.72    0.25    0.19       5.05    5.05   -0.00   -2.99      0.616   0.616  -0.000
   5  888.6   3/2-   1/2  29   -0.35    3.49    3.49    1.10    1.07       3.85    3.85   -0.00   -2.17      0.469   0.469  -0.000
  
   6  943.6  11/2-   1/2  28   -0.02   24.43   24.43    2.95    6.46       5.18    5.18    0.00   -4.10      0.632   0.632   0.000
   7  953.9   5/2-  -3/2  30   -0.39    4.12    4.12    2.60    1.75       4.61    4.61   -0.00   -1.86      0.563   0.563  -0.000
   8  954.1   9/2-  -7/2  32   -2.64    2.41    2.41   12.21    2.90       6.47    6.47   -0.00   -0.73      0.789   0.789  -0.000
   9 1135.5  11/2-   9/2  33    3.09    2.76    2.76   18.65    3.76       7.45    7.45   -0.00   -0.43      0.908   0.908  -0.000
  10 1518.4   5/2-  -3/2  36   -0.89    2.92    2.92    1.68    0.82       5.72    5.72   -0.00   -1.51      0.698   0.698  -0.000
  
  11 1554.7   7/2-  -3/2  30   -0.12    3.92    3.92    2.73    1.63       6.69    6.69   -0.00   -1.12      0.816   0.816  -0.000
  12 1690.1   7/2-   1/2  28   -0.01   24.07   24.07    1.94    6.16       8.45    8.45   -0.00   -6.23      1.030   1.030  -0.000
  13 1742.0   5/2-   5/2  38    1.67    2.49    2.49    4.47    1.52       4.61    4.61    0.00   -1.63      0.562   0.562   0.000
  14 1963.5   1/2-   1/2  39    0.50    1.56    1.56    0.25    0.70       1.45    1.45    0.00   -1.62      0.177   0.177   0.000
  15 2096.8   7/2-   1/2  29   -0.45    3.27    3.27    1.67    0.89       8.44    8.44   -0.00   -1.13      1.029   1.029  -0.000
  
  16 2139.3  11/2-  -7/2  32   -2.07    2.50    2.50   12.43    2.60      11.03   11.03    0.00   -0.40      1.345   1.345   0.000
  17 2322.2   9/2-  -3/2  30   -0.13    3.84    3.84    2.70    1.62       9.50    9.50    0.00   -0.53      1.159   1.159   0.000
  18 2419.7   5/2-  -3/2  36   -0.27    3.28    3.28    2.19   -0.04       8.87    8.87   -0.00   -2.11      1.082   1.082  -0.000
  19 2439.4  13/2-   9/2  33    2.52    2.95    2.95   17.93    3.41      12.49   12.49    0.00   -0.01      1.523   1.523   0.000
  20 2535.1  13/2-   5/2  34    0.01   24.12   24.12    8.33    6.05      10.40   10.40   -0.00   -3.14      1.268   1.268  -0.000
  
  21 2584.3   9/2-   5/2  34    0.01   24.37   24.37    7.06    5.80      11.42   11.42    0.00   -5.64      1.392   1.392   0.000
  22 2588.3   7/2-  -7/2  27   -0.54    3.95    3.95    6.71    1.74       8.28    8.28    0.00   -1.89      1.010   1.010   0.000
  23 2870.9   5/2-   1/2  39    0.43    1.78    1.78    0.39    0.11       6.03    6.03   -0.00   -1.04      0.735   0.735  -0.000
  24 3337.7   9/2-  -3/2  36   -1.02    2.78    2.78    1.96    0.64      12.95   12.95   -0.00   -0.85      1.579   1.579  -0.000
  25 3454.3  11/2-  -3/2  30   -0.02    3.76    3.76    2.77    1.48      14.14   14.14   -0.00   -0.27      1.724   1.724  -0.000
  
  26 3558.4  13/2-  -7/2  32   -1.60    2.59    2.59   12.60    2.39      16.58   16.58    0.00   -0.19      2.022   2.022   0.000
  27 3929.7  11/2-  -7/2  35   -0.01   23.17   23.17    9.57    5.30      14.13   14.13    0.00   -4.55      1.723   1.723   0.000
  28 4181.3   1/2-   1/2  37    0.50   12.39   12.39    0.25   -1.54      14.23   14.23    0.00   -4.94      1.735   1.735   0.000
  29 4671.0  13/2-  -3/2  30   -0.07    3.75    3.75    2.67    1.51      18.88   18.88    0.00    0.07      2.302   2.302   0.000
  30 6135.2  13/2-  -3/2  36   -1.10    2.57    2.57    2.07    0.57      24.03   24.03   -0.00   -0.47      2.929   2.929  -0.000
  
  31 6957.5   1/2-   1/2  28    0.50   24.76   24.76    0.25   -3.56      28.34   28.34   -0.00   -7.02      3.455   3.455  -0.000
  32*******   1/2-  -3/2  31    0.00    0.00    0.00    0.00    0.00       0.00    0.00   -0.00   -0.00      0.000   0.000  -0.000
