1SPECTRUM OF (Z= 82 A=207) IN PARTICLE-ROTOR  MODEL WITH MODIFIED OSCILLATOR POTENTIAL


 PARITY=-   EPS= 0.244   GAMMA=  0.0   EPS4=0.000   EPS6=0.000   LEVELS:  25  26  27  28  29  30  31  32  33  34  35  36  37  38  39

 PAIRING FACTORS: GN0= 19.20  GN1=  7.40  IPAIR= 15 ***  E2PLUS(INPUT)=   0.730  E2PLUR(INPUT)=   0.000

 CORIOLIS ATTENUATION PARAMETERS:  CHSI=1.000  ETA=  1.00

 MOMENT OF INERTIA PARAMETERS:   A1=  0.122 MEV   A2=  0.122 MEV   A3=121.91924 MEV


 DELTA=0.937 MEV  LAMBDA=53.4241 MEV   HW0= 7.4633 MEV   LAMBDA/HW0= 7.1582

 E2ENERGY=0.730 MEV  HBAR**2/B=11039./A**(7/3)=1866.1/A**2 MEV

 IREC=0  =>  RECOIL TERMS j+j-, j+j+, jzjz, ETC TREATED AS ONE-BODY OPERATORS WITH UU+VV PAIRING FACTORS



 S. P. LEVEL   EQP       U     V        (UU + VV)**1.00

     25       4.137    0.114 0.993      1.000 1.000 1.000 0.992 0.990 0.985 0.977 0.699 0.548 0.502 0.438 0.385 0.340 0.287 0.233
     26       3.916    0.121 0.993      1.000 1.000 1.000 0.993 0.990 0.986 0.979 0.704 0.554 0.508 0.444 0.391 0.347 0.294 0.240
     27       3.372    0.140 0.990      1.000 1.000 1.000 0.995 0.993 0.989 0.983 0.718 0.570 0.525 0.462 0.410 0.365 0.313 0.259
     28       2.035    0.237 0.972      0.992 0.993 0.995 1.000 1.000 0.999 0.996 0.783 0.648 0.606 0.547 0.497 0.455 0.405 0.353
     29       1.894    0.256 0.967      0.990 0.990 0.993 1.000 1.000 1.000 0.998 0.795 0.663 0.621 0.563 0.514 0.472 0.422 0.371
     30       1.732    0.282 0.959      0.985 0.986 0.989 0.999 1.000 1.000 0.999 0.811 0.683 0.642 0.585 0.537 0.496 0.447 0.396
     31       1.539    0.322 0.947      0.977 0.979 0.983 0.996 0.998 0.999 1.000 0.834 0.713 0.674 0.619 0.572 0.532 0.483 0.434
     32       0.968    0.790 0.613      0.699 0.704 0.718 0.783 0.795 0.811 0.834 1.000 0.981 0.969 0.949 0.929 0.910 0.886 0.858
     33       1.167    0.893 0.450      0.548 0.554 0.570 0.648 0.663 0.683 0.713 0.981 1.000 0.999 0.992 0.983 0.973 0.959 0.941
     34       1.278    0.916 0.400      0.502 0.508 0.525 0.606 0.621 0.642 0.674 0.969 0.999 1.000 0.997 0.992 0.984 0.973 0.958
     35       1.493    0.943 0.333      0.438 0.444 0.462 0.547 0.563 0.585 0.619 0.949 0.992 0.997 1.000 0.998 0.994 0.987 0.976
     36       1.757    0.961 0.278      0.385 0.391 0.410 0.497 0.514 0.537 0.572 0.929 0.983 0.992 0.998 1.000 0.999 0.995 0.987
     37       2.085    0.973 0.231      0.340 0.347 0.365 0.455 0.472 0.496 0.532 0.910 0.973 0.984 0.994 0.999 1.000 0.998 0.994
     38       2.702    0.984 0.176      0.287 0.294 0.313 0.405 0.422 0.447 0.483 0.886 0.959 0.973 0.987 0.995 0.998 1.000 0.998
     39       3.906    0.993 0.121      0.233 0.240 0.259 0.353 0.371 0.396 0.434 0.858 0.941 0.958 0.976 0.987 0.994 0.998 1.000

  R CORE   ENERGY   A0R/A00=1.000    R3= 0     2  
   2( 1)    0.732                    1.000 0.000
   2( 2)  487.921                    0.000 1.000

  R CORE   ENERGY   A0R/A00=1.000    R3= 0     2  
   3( 1)  488.652                    0.000 1.000

  R CORE   ENERGY   A0R/A00=1.000    R3= 0     2     4  
   4( 1)    2.438                    1.000 0.000 0.000

  R CORE   ENERGY   A0R/A00=1.000    R3= 0     2     4  
   5( 1)  490.847                    0.000 1.000 0.000

  R CORE   ENERGY   A0R/A00=1.000    R3= 0     2     4     6  
   6( 1)    5.121                    1.000 0.000 0.000 0.000

  R CORE   ENERGY   A0R/A00=1.000    R3= 0     2     4     6  
   7( 1)  494.017                    0.000 1.000 0.000 0.000

          AXIAL SYMMETRY => K RESTRICTED TO OMEGA

                     K
     S.P. ORB#: 25  0.50
     S.P. ORB#: 26  2.50
     S.P. ORB#: 27 -3.50
     S.P. ORB#: 28 -3.50
     S.P. ORB#: 29  0.50
     S.P. ORB#: 30 -1.50
     S.P. ORB#: 31  4.50
     S.P. ORB#: 32  0.50
     S.P. ORB#: 33 -1.50
     S.P. ORB#: 34 -1.50
     S.P. ORB#: 35  2.50
     S.P. ORB#: 36  2.50
     S.P. ORB#: 37  0.50
     S.P. ORB#: 38 -3.50
     S.P. ORB#: 39  4.50
 

             ENERGY    K= OMEGA
 
 I=  1/2- (1)  2.375  25:-0.054
                      37:-0.998
 
 I=  1/2- (2)  3.016  29: 0.998
 
 I=  1/2- (3)  5.491  25: 0.998
                      37:-0.056
 
 I=  1/2- (4)  8.455  32: 1.000
 
 I=  1/2- (5)147.470  33: 1.000

             ENERGY    K= OMEGA
 
 I=  3/2- (1)  1.791  25: 0.051
                      29: 0.204
                      30: 0.108
                      34: 0.969
                      37:-0.069
 
 I=  3/2- (2)  2.818  25: 0.120
                      30: 0.867
                      34:-0.138
                      37:-0.463

             ENERGY    K= OMEGA
 
 I=  5/2- (1)  1.964  25: 0.074
                      29:-0.176
                      30:-0.229
                      34: 0.481
                      35: 0.823
                      37:-0.052
 
 I=  5/2- (2)  2.456  29: 0.186
                      30:-0.227
                      34:-0.834
                      35: 0.457
                      37:-0.082
 
 I=  5/2- (3)  2.873  25:-0.183
                      29: 0.379
                      30: 0.528
                      35: 0.275
                      37: 0.684
 
 I=  5/2- (4)  3.365  25:-0.283
                      29: 0.286
                      30: 0.543
                      34: 0.065
                      35: 0.155
                      37:-0.717
 
 I=  5/2- (5)  4.319  25:-0.068
                      29: 0.810
                      30:-0.508
                      34: 0.258
                      35:-0.115

             ENERGY    K= OMEGA
 
 I=  7/2- (1)  2.609  28:-0.057
                      29:-0.218
                      30: 0.240
                      34:-0.548
                      35: 0.767
 
 I=  7/2- (2)  2.772  26: 0.232
                      27:-0.075
                      28: 0.953
                      29:-0.066
                      34:-0.153
 
 I=  7/2- (3)  3.116  25: 0.206
                      28: 0.178
                      29: 0.373
                      30: 0.378
                      34: 0.632
                      35: 0.458
                      37:-0.187
 
 I=  7/2- (4)  3.274  32: 0.740
                      33: 0.570
                      36: 0.333
                      38: 0.131
 
 I=  7/2- (5)  4.234  25:-0.205
                      27: 0.053
                      29: 0.078
                      30:-0.752
                      34: 0.260
                      35: 0.430
                      37: 0.361

             ENERGY    K= OMEGA
 
 I=  9/2- (1)  2.322  26:-0.069
                      27: 0.243
                      28: 0.178
                      31:-0.951
 
 I=  9/2- (2)  3.244  25: 0.243
                      29:-0.362
                      30:-0.458
                      34: 0.438
                      35: 0.614
                      37:-0.164
 
 I=  9/2- (3)  3.667  26:-0.313
                      27:-0.103
                      28: 0.915
                      31: 0.169
                      34:-0.141
 
 I=  9/2- (4)  4.286  25:-0.227
                      28: 0.113
                      29: 0.128
                      30: 0.483
                      34: 0.657
                      35: 0.172
                      37: 0.472
 
 I=  9/2- (5)  4.333  32:-0.223
                      33: 0.556
                      36:-0.622
                      38: 0.457
                      39:-0.214

             ENERGY    K= OMEGA
 
 I= 11/2- (1)  2.233  32:-0.676
                      33:-0.566
                      36:-0.400
                      38:-0.231
                      39:-0.097
 
 I= 11/2- (2)  3.308  26:-0.115
                      27:-0.323
                      28:-0.246
                      31:-0.905
 
 I= 11/2- (3)  4.567  29:-0.306
                      30: 0.314
                      31:-0.064
                      34:-0.571
                      35: 0.688
 
 I= 11/2- (4)  4.768  25: 0.102
                      26:-0.351
                      27: 0.131
                      28:-0.827
                      29: 0.144
                      30: 0.159
                      31: 0.223
                      34: 0.206
                      35: 0.153
                      37:-0.069
 
 I= 11/2- (5)  5.121  25:-0.323
                      26:-0.092
                      28:-0.329
                      29:-0.443
                      30:-0.461
                      31: 0.091
                      34:-0.425
                      35:-0.358
                      37: 0.227

             ENERGY    K= OMEGA
 
 I= 13/2- (1)  4.012  32:-0.193
                      33: 0.500
                      36:-0.609
                      38: 0.511
                      39:-0.282
 
 I= 13/2- (2)  4.514  26:-0.154
                      27: 0.373
                      28: 0.291
                      31:-0.863
                      35:-0.060
 
 I= 13/2- (3)  5.246  25:-0.366
                      29: 0.446
                      30: 0.538
                      31: 0.071
                      34:-0.347
                      35:-0.453
                      37: 0.210
 
 I= 13/2- (4)  6.152  26:-0.398
                      27:-0.162
                      28: 0.836
                      31: 0.287
                      34:-0.161
                      35: 0.060
 
 I= 13/2- (5)  6.885  25: 0.248
                      27: 0.055
                      28:-0.109
                      29:-0.155
                      30:-0.328
                      34:-0.592
                      35:-0.483
                      37:-0.454

             ENERGY     K= 9/2
  32 LEVELS    TIME=  0.0 SEC



 ******************* EXCITATION ENERGIES, DOMINANT CONFIGURATION AND EXPECTATION VALUES (WITH S.P. UU+VV FACTORS) *******************

  NR  Eex(keV)  I   Kdom  NY    <Jz>  <Jx**2> <Jy**2> <Jz**2> <I.j>/|I|  <Rx**2> <Ry**2> <Rz**2> <R.j>/|R|  <HROTx> <HROTy> <HROTz>

   1    0.0   3/2-  -3/2  34   -1.40    1.69    1.69    2.15    1.40       1.93    1.93    0.00   -1.44      0.235   0.235   0.000
   2  173.4   5/2-   5/2  35    1.29    2.06    2.06    4.88    2.33       1.97    1.97    0.00   -1.05      0.240   0.240   0.000
   3  442.6  11/2-   1/2  32    0.00   26.58   26.58    2.68    7.00       3.92    3.92   -0.00   -4.99      0.478   0.478  -0.000
   4  530.8   9/2-   9/2  31    3.76    2.62    2.62   19.44    4.43       2.66    2.66   -0.00   -1.14      0.324   0.324  -0.000
   5  583.8   1/2-   1/2  37    0.50    1.38    1.38    0.25    0.82       1.16    1.16    0.00   -1.50      0.142   0.142   0.000
  
   6  664.8   5/2-  -3/2  34   -0.57    1.68    1.68    3.01    1.06       4.42    4.42    0.00   -1.09      0.538   0.538   0.000
   7  818.4   7/2-   5/2  35    0.94    2.08    2.08    4.56    1.91       4.68    4.68    0.00   -0.38      0.571   0.571   0.000
   8  980.9   7/2-  -7/2  28   -3.09    2.32    2.32   11.59    3.36       2.65    2.65    0.00   -1.26      0.323   0.323   0.000
   9 1027.3   3/2-  -3/2  30   -1.04    3.83    3.83    1.79    1.32       4.04    4.04    0.00   -2.42      0.492   0.492   0.000
  10 1082.1   5/2-   1/2  37    0.09    3.21    3.21    1.26    1.54       3.65    3.65    0.00   -1.15      0.445   0.445   0.000
  
  11 1225.5   1/2-   1/2  29    0.50    4.36    4.36    0.25    0.31       4.59    4.59    0.00   -2.87      0.559   0.559   0.000
  12 1324.8   7/2-  -3/2  34   -0.29    2.21    2.21    2.97    1.40       6.02    6.02    0.00   -0.53      0.734   0.734   0.000
  13 1453.6   9/2-   5/2  35    0.45    3.25    3.25    3.38    2.23       6.21    6.21    0.00    0.35      0.758   0.758   0.000
  14 1482.9   7/2-   1/2  32    0.00   26.76   26.76    1.77    6.76       8.71    8.71    0.00   -6.82      1.062   1.062   0.000
  15 1517.2  11/2-   9/2  31    3.14    2.90    2.90   18.70    4.00       6.22    6.22    0.00   -0.17      0.759   0.759   0.000
  
  16 1573.9   5/2-   1/2  37   -0.05    2.57    2.57    0.99    0.78       5.14    5.14    0.00   -1.19      0.626   0.626   0.000
  17 1876.3   9/2-  -7/2  28   -2.62    2.45    2.45   11.64    2.94       6.00    6.00    0.00   -0.55      0.732   0.732   0.000
  18 2221.4  13/2-   5/2  36    0.02   25.48   25.48    7.71    6.51       8.26    8.26   -0.00   -3.25      1.007   1.007  -0.000
  19 2443.5   7/2-  -3/2  30   -0.41    3.66    3.66    2.67    0.74       9.94    9.94    0.00   -1.58      1.212   1.212   0.000
  20 2495.1   9/2-  -3/2  34   -0.82    2.37    2.37    1.93    1.06      10.43   10.43    0.00   -0.30      1.272   1.272   0.000
  
  21 2528.4   5/2-   1/2  29   -0.12    4.31    4.31    0.98   -0.37      10.26   10.26    0.00   -2.36      1.251   1.251   0.000
  22 2541.9   9/2-   5/2  36    0.00   25.82   25.82    6.61    6.28      10.26   10.26    0.00   -5.96      1.251   1.251   0.000
  23 2723.1  13/2-   9/2  31    2.64    3.13    3.13   18.01    3.69      10.75   10.75    0.00    0.32      1.311   1.311   0.000
  24 2776.1  11/2-   5/2  35    0.61    2.37    2.37    4.06    1.61      12.62   12.62    0.00    0.17      1.539   1.539   0.000
  25 2977.0  11/2-  -7/2  28   -1.95    2.58    2.58   10.66    2.57      10.40   10.40    0.00   -0.09      1.268   1.268   0.000
  
  26 3330.1  11/2-  -3/2  30   -0.42    2.83    2.83    3.33    1.58      12.91   12.91    0.00    0.09      1.575   1.575   0.000
  27 3454.9  13/2-  -3/2  30    0.10    4.13    4.13    2.43    2.35      13.32   13.32    0.00    1.11      1.624   1.624   0.000
  28 3700.6   1/2-   1/2  25    0.50    5.70    5.70    0.25    0.70       5.59    5.59    0.00   -3.30      0.682   0.682   0.000
  29 4361.2  13/2-  -7/2  28   -1.80    2.65    2.65   11.63    2.44      15.78   15.78    0.00    0.02      1.924   1.924   0.000
  30 5094.1  13/2-  -3/2  34   -0.00    2.27    2.27    2.77    1.00      21.05   21.05    0.00   -0.05      2.567   2.567   0.000
  
  31 6663.9   1/2-   1/2  32    0.50   26.83   26.83    0.25   -3.89      30.70   30.70   -0.00   -7.31      3.743   3.743  -0.000
  32*******   1/2-  -3/2  33    0.00    0.00    0.00    0.00   -0.00       0.00    0.00    0.00   -0.00      0.000   0.000   0.000
