1SPECTRUM OF (Z= 82 A=207) IN PARTICLE-ROTOR  MODEL WITH MODIFIED OSCILLATOR POTENTIAL


 PARITY=-   EPS= 0.171   GAMMA=  0.0   EPS4=0.000   EPS6=0.000   LEVELS:  24  25  26  27  28  29  30  31  32  33  34  35  36  37  38

 PAIRING FACTORS: GN0= 19.20  GN1=  7.40  IPAIR= 15 ***  E2PLUS(INPUT)=   0.730  E2PLUR(INPUT)=   0.000

 CORIOLIS ATTENUATION PARAMETERS:  CHSI=1.000  ETA=  1.00

 MOMENT OF INERTIA PARAMETERS:   A1=  0.122 MEV   A2=  0.122 MEV   A3=121.91923 MEV


 DELTA=0.885 MEV  LAMBDA=53.4340 MEV   HW0= 7.4361 MEV   LAMBDA/HW0= 7.1858

 E2ENERGY=0.730 MEV  HBAR**2/B= 5422./A**(7/3)= 916.6/A**2 MEV

 IREC=0  =>  RECOIL TERMS j+j-, j+j+, jzjz, ETC TREATED AS ONE-BODY OPERATORS WITH UU+VV PAIRING FACTORS



 S. P. LEVEL   EQP       U     V        (UU + VV)**1.00

     24       5.105    0.087 0.996      1.000 1.000 1.000 1.000 0.998 0.995 0.993 0.990 0.820 0.718 0.471 0.342 0.312 0.270 0.232
     25       4.339    0.102 0.995      1.000 1.000 1.000 1.000 0.999 0.997 0.994 0.992 0.829 0.729 0.485 0.357 0.327 0.285 0.247
     26       3.839    0.116 0.993      1.000 1.000 1.000 1.000 0.999 0.998 0.996 0.994 0.837 0.738 0.497 0.370 0.339 0.298 0.260
     27       3.827    0.116 0.993      1.000 1.000 1.000 1.000 0.999 0.998 0.996 0.994 0.837 0.739 0.497 0.370 0.340 0.298 0.260
     28       2.997    0.149 0.989      0.998 0.999 0.999 0.999 1.000 0.999 0.998 0.997 0.855 0.761 0.526 0.401 0.371 0.330 0.292
     29       2.458    0.183 0.983      0.995 0.997 0.998 0.998 0.999 1.000 1.000 0.999 0.872 0.782 0.555 0.432 0.402 0.362 0.325
     30       2.191    0.206 0.978      0.993 0.994 0.996 0.996 0.998 1.000 1.000 1.000 0.883 0.797 0.574 0.453 0.424 0.384 0.347
     31       2.032    0.223 0.975      0.990 0.992 0.994 0.994 0.997 0.999 1.000 1.000 0.891 0.807 0.588 0.469 0.440 0.400 0.363
     32       0.899    0.641 0.768      0.820 0.829 0.837 0.837 0.855 0.872 0.883 0.891 1.000 0.987 0.891 0.818 0.799 0.772 0.746
     33       0.894    0.755 0.655      0.718 0.729 0.738 0.739 0.761 0.782 0.797 0.807 0.987 1.000 0.952 0.900 0.885 0.864 0.843
     34       1.225    0.920 0.393      0.471 0.485 0.497 0.497 0.526 0.555 0.574 0.588 0.891 0.952 1.000 0.990 0.985 0.976 0.967
     35       1.766    0.966 0.259      0.342 0.357 0.370 0.370 0.401 0.432 0.453 0.469 0.818 0.900 0.990 1.000 0.999 0.997 0.993
     36       1.992    0.974 0.228      0.312 0.327 0.339 0.340 0.371 0.402 0.424 0.440 0.799 0.885 0.985 0.999 1.000 0.999 0.997
     37       2.431    0.983 0.185      0.270 0.285 0.298 0.298 0.330 0.362 0.384 0.400 0.772 0.864 0.976 0.997 0.999 1.000 0.999
     38       3.062    0.989 0.146      0.232 0.247 0.260 0.260 0.292 0.325 0.347 0.363 0.746 0.843 0.967 0.993 0.997 0.999 1.000

  R CORE   ENERGY   A0R/A00=1.000    R3= 0     2  
   2( 1)    0.732                    1.000 0.000
   2( 2)  487.921                    0.000 1.000

  R CORE   ENERGY   A0R/A00=1.000    R3= 0     2  
   3( 1)  488.652                    0.000 1.000

  R CORE   ENERGY   A0R/A00=1.000    R3= 0     2     4  
   4( 1)    2.438                    1.000 0.000 0.000

  R CORE   ENERGY   A0R/A00=1.000    R3= 0     2     4  
   5( 1)  490.847                    0.000 1.000 0.000

  R CORE   ENERGY   A0R/A00=1.000    R3= 0     2     4     6  
   6( 1)    5.121                    1.000 0.000 0.000 0.000

  R CORE   ENERGY   A0R/A00=1.000    R3= 0     2     4     6  
   7( 1)  494.017                    0.000 1.000 0.000 0.000

          AXIAL SYMMETRY => K RESTRICTED TO OMEGA

                     K
     S.P. ORB#: 24  2.50
     S.P. ORB#: 25  2.50
     S.P. ORB#: 26 -3.50
     S.P. ORB#: 27  0.50
     S.P. ORB#: 28 -3.50
     S.P. ORB#: 29  4.50
     S.P. ORB#: 30  0.50
     S.P. ORB#: 31 -1.50
     S.P. ORB#: 32 -1.50
     S.P. ORB#: 33  2.50
     S.P. ORB#: 34  0.50
     S.P. ORB#: 35  0.50
     S.P. ORB#: 36 -1.50
     S.P. ORB#: 37  2.50
     S.P. ORB#: 38 -3.50
 

             ENERGY    K= OMEGA
 
 I=  1/2- (1)  1.458  27:-0.063
                      34:-0.998
 
 I=  1/2- (2)  3.191  30: 1.000
 
 I=  1/2- (3)  4.923  27: 0.998
                      34:-0.063
 
 I=  1/2- (4)  9.888  35: 1.000
 
 I=  1/2- (5)147.202  32:-1.000

             ENERGY    K= OMEGA
 
 I=  3/2- (1)  1.363  27: 0.052
                      30: 0.196
                      31: 0.116
                      32: 0.968
                      34:-0.091
 
 I=  3/2- (2)  2.122  30: 0.137
                      31: 0.109
                      32:-0.132
                      34:-0.976

             ENERGY    K= OMEGA
 
 I=  5/2- (1)  1.355  27:-0.050
                      30: 0.131
                      31: 0.184
                      32:-0.387
                      33:-0.889
                      34: 0.074
 
 I=  5/2- (2)  1.967  30:-0.237
                      31: 0.165
                      32: 0.877
                      33:-0.380
 
 I=  5/2- (3)  2.141  30: 0.126
                      31: 0.168
                      33: 0.125
                      34: 0.969
 
 I=  5/2- (4)  3.235  24: 0.071
                      27:-0.395
                      30: 0.453
                      31: 0.739
                      32: 0.075
                      33: 0.189
                      34:-0.214
 
 I=  5/2- (5)  4.533  24: 0.062
                      27: 0.073
                      30:-0.796
                      31: 0.524
                      32:-0.269
                      33: 0.102

             ENERGY    K= OMEGA
 
 I=  7/2- (1)  1.986  30: 0.175
                      31:-0.222
                      32: 0.480
                      33:-0.829
 
 I=  7/2- (2)  2.598  25:-0.066
                      27:-0.180
                      28: 0.058
                      30:-0.356
                      31:-0.298
                      32:-0.724
                      33:-0.416
                      34: 0.211
 
 I=  7/2- (3)  3.691  24: 0.060
                      25:-0.233
                      26:-0.139
                      27: 0.051
                      28: 0.840
                      30: 0.108
                      31: 0.094
                      32:-0.100
                      33:-0.055
                      34:-0.424
 
 I=  7/2- (4)  3.753  24:-0.064
                      25: 0.091
                      26: 0.080
                      28:-0.438
                      30: 0.085
                      31: 0.177
                      32:-0.293
                      33:-0.197
                      34:-0.790
 
 I=  7/2- (5)  4.193  35: 0.718
                      36: 0.575
                      37: 0.360
                      38: 0.156

             ENERGY    K= OMEGA
 
 I=  9/2- (1)  2.631  26:-0.086
                      27: 0.178
                      29: 0.102
                      30:-0.303
                      31:-0.367
                      32: 0.458
                      33: 0.689
                      34:-0.193
 
 I=  9/2- (2)  3.162  24: 0.073
                      25: 0.076
                      26: 0.289
                      28: 0.185
                      29:-0.924
                      30:-0.055
                      32: 0.076
                      33: 0.071
 
 I=  9/2- (3)  3.753  24:-0.063
                      25: 0.081
                      27: 0.069
                      28: 0.094
                      31:-0.311
                      32:-0.561
                      34:-0.750
 
 I=  9/2- (4)  3.795  25: 0.094
                      26:-0.055
                      28: 0.134
                      30: 0.343
                      31:-0.107
                      32:-0.525
                      33: 0.588
                      34: 0.466
 
 I=  9/2- (5)  4.571  24: 0.146
                      25:-0.294
                      26: 0.192
                      27:-0.168
                      28:-0.822
                      29:-0.121
                      30: 0.201
                      31: 0.131
                      32:-0.074
                      33: 0.215
                      34:-0.168

             ENERGY    K= OMEGA
 
 I= 11/2- (1)  3.008  35: 0.680
                      36: 0.576
                      37: 0.403
                      38: 0.205
 
 I= 11/2- (2)  3.798  24:-0.078
                      25:-0.094
                      26: 0.244
                      28: 0.107
                      29: 0.394
                      30:-0.217
                      31: 0.283
                      32:-0.452
                      33: 0.653
 
 I= 11/2- (3)  4.101  24:-0.107
                      25:-0.084
                      26: 0.324
                      28: 0.205
                      29: 0.767
                      30: 0.172
                      31:-0.097
                      32: 0.316
                      33:-0.325
 
 I= 11/2- (4)  4.536  24: 0.072
                      25:-0.116
                      27:-0.288
                      28: 0.155
                      29: 0.086
                      30:-0.411
                      31:-0.409
                      32:-0.550
                      33:-0.408
                      34: 0.245
 
 I= 11/2- (5)  5.653  24:-0.157
                      25: 0.363
                      26: 0.238
                      27:-0.090
                      28:-0.840
                      29: 0.163
                      30:-0.144
                      31:-0.062
                      33:-0.053
                      34: 0.136

             ENERGY    K= OMEGA
 
 I= 13/2- (1)  4.570  24:-0.098
                      25:-0.076
                      26:-0.193
                      27: 0.274
                      28:-0.066
                      29: 0.224
                      30:-0.374
                      31:-0.442
                      32: 0.395
                      33: 0.527
                      34:-0.221
 
 I= 13/2- (2)  5.175  24:-0.140
                      25:-0.143
                      26:-0.424
                      27:-0.107
                      28:-0.256
                      29: 0.781
                      30: 0.160
                      31: 0.131
                      32:-0.145
                      33:-0.133
                      34: 0.108
 
 I= 13/2- (3)  5.193  35:-0.229
                      36: 0.577
                      37:-0.653
                      38: 0.434
 
 I= 13/2- (4)  6.346  24:-0.135
                      25: 0.187
                      26:-0.101
                      27: 0.103
                      28: 0.257
                      30: 0.073
                      31:-0.318
                      32:-0.628
                      33:-0.070
                      34:-0.593
 
 I= 13/2- (5)  6.462  24: 0.075
                      25:-0.171
                      26: 0.113
                      27: 0.057
                      28:-0.300
                      30:-0.318
                      31: 0.114
                      32: 0.283
                      33:-0.614
                      34:-0.536

             ENERGY     K=-7/2
  32 LEVELS    TIME=  0.0 SEC



 ******************* EXCITATION ENERGIES, DOMINANT CONFIGURATION AND EXPECTATION VALUES (WITH S.P. UU+VV FACTORS) *******************

  NR  Eex(keV)  I   Kdom  NY    <Jz>  <Jx**2> <Jy**2> <Jz**2> <I.j>/|I|  <Rx**2> <Ry**2> <Rz**2> <R.j>/|R|  <HROTx> <HROTy> <HROTz>

   1    0.0   5/2-   5/2  33    1.72    1.78    1.78    5.36    2.45       1.59    1.59   -0.00   -0.94      0.194   0.194  -0.000
   2    8.1   3/2-  -3/2  32   -1.40    1.50    1.50    2.15    1.48       1.59    1.59    0.00   -1.29      0.194   0.194   0.000
   3  102.9   1/2-   1/2  34    0.50    1.14    1.14    0.25    0.84       0.91    0.91    0.00   -1.34      0.112   0.112   0.000
   4  611.3   5/2-  -3/2  32   -0.80    1.52    1.52    2.72    1.13       3.93    3.93    0.00   -0.87      0.479   0.479   0.000
   5  630.8   7/2-   5/2  33    1.31    1.92    1.92    4.96    2.07       4.05    4.05   -0.00   -0.20      0.494   0.494  -0.000
  
   6  766.3   3/2-   1/2  34    0.44    1.24    1.24    0.31   -0.17       3.59    3.59    0.00   -1.16      0.437   0.437   0.000
   7  785.6   5/2-   1/2  34    0.47    1.44    1.44    0.40    0.81       3.62    3.62   -0.00   -0.33      0.441   0.441  -0.000
   8 1242.5   7/2-  -3/2  32   -0.39    1.69    1.69    2.60    1.40       5.32    5.32    0.00   -0.13      0.648   0.648   0.000
   9 1275.8   9/2-   5/2  33    0.78    2.76    2.76    4.10    2.37       5.38    5.38   -0.00    0.66      0.656   0.656  -0.000
  10 1652.3  11/2-   1/2  35   -0.01   28.55   28.55    2.40    7.28       4.12    4.12    0.00   -5.57      0.502   0.502   0.000
  
  11 1806.9   9/2-   9/2  29    3.46    2.79    2.79   18.84    4.48       2.32    2.32    0.00   -1.00      0.283   0.283   0.000
  12 1835.5   1/2-   1/2  30    0.50    3.96    3.96    0.25    0.42       4.09    4.09    0.00   -2.73      0.499   0.499   0.000
  13 1879.9   5/2-  -3/2  31   -0.52    3.75    3.75    1.60    1.69       3.94    3.94   -0.00   -1.47      0.480   0.480  -0.000
  14 2335.3   7/2-  -7/2  28   -2.32    2.14    2.14    9.36    2.71       3.93    3.93   -0.00   -1.03      0.480   0.480  -0.000
  15 2398.0   7/2-   1/2  34   -0.42    1.67    1.67    3.17    0.60       8.75    8.75   -0.00   -0.99      1.067   1.067  -0.000
  
  16 2398.1   9/2-   1/2  34   -0.34    1.43    1.43    1.26    0.85      10.19   10.19    0.00    0.03      1.243   1.243   0.000
  17 2439.4   9/2-   5/2  33    0.55    1.92    1.92    3.21    1.07      10.57   10.57    0.00   -0.37      1.289   1.289   0.000
  18 2443.1  11/2-   5/2  33    1.15    2.76    2.76    7.43    2.53       9.24    9.24    0.00    0.50      1.126   1.126   0.000
  19 2746.0  11/2-   9/2  29    2.30    2.83    2.83   14.75    3.49       7.23    7.23    0.00    0.11      0.882   0.882   0.000
  20 2837.5   7/2-   1/2  35   -0.00   28.69   28.69    1.98    7.16       9.16    9.16    0.00   -7.24      1.117   1.117   0.000
  
  21 3178.2   5/2-   1/2  30   -0.16    4.04    4.04    1.03   -0.41      10.14   10.14    0.00   -2.29      1.236   1.236   0.000
  22 3180.9  11/2-  -3/2  32   -0.14    2.09    2.09    2.76    1.63      11.62   11.62    0.00    0.58      1.416   1.416   0.000
  23 3215.2  13/2-   5/2  33    0.42    3.68    3.68    4.21    2.69      11.39   11.39   -0.00    1.51      1.389   1.389  -0.000
  24 3215.6   9/2-  -7/2  28   -2.03    2.43    2.43   10.05    2.69       6.46    6.46    0.00   -0.43      0.787   0.787   0.000
  25 3567.8   1/2-   1/2  27    0.50    4.62    4.62    0.25    0.67       4.55    4.55   -0.00   -2.96      0.554   0.554  -0.000
  
  26 3819.6  13/2-   9/2  29    2.00    3.59    3.59   15.82    3.72       9.91    9.91    0.00    0.67      1.208   1.208   0.000
  27 3838.1  13/2-   5/2  37   -0.06   27.38   27.38    5.73    6.16      11.58   11.58    0.00   -3.63      1.412   1.412   0.000
  28 4298.2  11/2-  -7/2  28   -2.13    2.47    2.47   10.89    2.63      10.04   10.04    0.00   -0.02      1.224   1.224   0.000
  29 4990.4  13/2-  -3/2  32   -0.67    1.65    1.65    2.55    1.08      19.73   19.73    0.00    0.27      2.405   2.405   0.000
  30 5106.9  13/2-   5/2  33    0.73    2.09    2.09    4.15    1.17      20.36   20.36   -0.00   -0.02      2.483   2.483  -0.000
  
  31 8532.6   1/2-   1/2  35    0.50   29.24   29.24    0.25   -4.12      33.31   33.31    0.00   -7.63      4.061   4.061   0.000
  32*******   1/2-  -3/2  32    0.00    0.00    0.00    0.00   -0.00       0.00    0.00    0.00   -0.00      0.000   0.000   0.000
