1SPECTRUM OF (Z= 82 A=207) IN PARTICLE-ROTOR  MODEL WITH MODIFIED OSCILLATOR POTENTIAL


 PARITY=-   EPS= 0.342   GAMMA=  0.0   EPS4=0.000   EPS6=0.000   LEVELS:  25  26  27  28  29  30  31  32  33  34  35  36  37  38  39

 PAIRING FACTORS: GN0= 19.20  GN1=  7.40  IPAIR= 15 ***  E2PLUS(INPUT)=   0.730  E2PLUR(INPUT)=   0.000

 CORIOLIS ATTENUATION PARAMETERS:  CHSI=1.000  ETA=  1.00

 MOMENT OF INERTIA PARAMETERS:   A1=  0.122 MEV   A2=  0.122 MEV   A3=121.91923 MEV


 DELTA=0.906 MEV  LAMBDA=53.3533 MEV   HW0= 7.5175 MEV   LAMBDA/HW0= 7.0972

 E2ENERGY=0.730 MEV  HBAR**2/B=21687./A**(7/3)=3666.2/A**2 MEV

 IREC=0  =>  RECOIL TERMS j+j-, j+j+, jzjz, ETC TREATED AS ONE-BODY OPERATORS WITH UU+VV PAIRING FACTORS



 S. P. LEVEL   EQP       U     V        (UU + VV)**1.00

     25       4.209    0.108 0.994      1.000 0.999 0.997 0.991 0.959 0.954 0.940 0.836 0.627 0.609 0.307 0.298 0.280 0.264 0.235
     26       3.109    0.147 0.989      0.999 1.000 0.999 0.995 0.970 0.965 0.953 0.857 0.657 0.640 0.344 0.335 0.318 0.301 0.273
     27       2.551    0.181 0.984      0.997 0.999 1.000 0.998 0.977 0.974 0.963 0.874 0.682 0.665 0.375 0.367 0.350 0.333 0.305
     28       1.919    0.243 0.970      0.991 0.995 0.998 1.000 0.989 0.986 0.978 0.903 0.728 0.712 0.434 0.426 0.409 0.393 0.366
     29       1.275    0.385 0.923      0.959 0.970 0.977 0.989 1.000 1.000 0.998 0.957 0.822 0.808 0.563 0.556 0.540 0.526 0.500
     30       1.236    0.400 0.916      0.954 0.965 0.974 0.986 1.000 1.000 0.999 0.962 0.831 0.818 0.577 0.569 0.554 0.539 0.514
     31       1.145    0.441 0.898      0.940 0.953 0.963 0.978 0.998 0.999 1.000 0.973 0.855 0.843 0.613 0.606 0.591 0.577 0.552
     32       0.923    0.636 0.772      0.836 0.857 0.874 0.903 0.957 0.962 0.973 1.000 0.952 0.944 0.779 0.773 0.761 0.750 0.730
     33       0.998    0.842 0.539      0.627 0.657 0.682 0.728 0.822 0.831 0.855 0.952 1.000 1.000 0.934 0.931 0.924 0.917 0.904
     34       1.021    0.855 0.519      0.609 0.640 0.665 0.712 0.808 0.818 0.843 0.944 1.000 1.000 0.942 0.939 0.932 0.926 0.914
     35       2.291    0.979 0.202      0.307 0.344 0.375 0.434 0.563 0.577 0.613 0.779 0.934 0.942 1.000 1.000 1.000 0.999 0.997
     36       2.392    0.981 0.193      0.298 0.335 0.367 0.426 0.556 0.569 0.606 0.773 0.931 0.939 1.000 1.000 1.000 0.999 0.998
     37       2.632    0.985 0.175      0.280 0.318 0.350 0.409 0.540 0.554 0.591 0.761 0.924 0.932 1.000 1.000 1.000 1.000 0.999
     38       2.912    0.988 0.158      0.264 0.301 0.333 0.393 0.526 0.539 0.577 0.750 0.917 0.926 0.999 0.999 1.000 1.000 1.000
     39       3.571    0.992 0.128      0.235 0.273 0.305 0.366 0.500 0.514 0.552 0.730 0.904 0.914 0.997 0.998 0.999 1.000 1.000

  R CORE   ENERGY   A0R/A00=1.000    R3= 0     2  
   2( 1)    0.732                    1.000 0.000
   2( 2)  487.921                    0.000 1.000

  R CORE   ENERGY   A0R/A00=1.000    R3= 0     2  
   3( 1)  488.652                    0.000 1.000

  R CORE   ENERGY   A0R/A00=1.000    R3= 0     2     4  
   4( 1)    2.438                    1.000 0.000 0.000

  R CORE   ENERGY   A0R/A00=1.000    R3= 0     2     4  
   5( 1)  490.847                    0.000 1.000 0.000

  R CORE   ENERGY   A0R/A00=1.000    R3= 0     2     4     6  
   6( 1)    5.121                    1.000 0.000 0.000 0.000

  R CORE   ENERGY   A0R/A00=1.000    R3= 0     2     4     6  
   7( 1)  494.017                    0.000 1.000 0.000 0.000

          AXIAL SYMMETRY => K RESTRICTED TO OMEGA

                     K
     S.P. ORB#: 25  0.50
     S.P. ORB#: 26  2.50
     S.P. ORB#: 27 -3.50
     S.P. ORB#: 28  0.50
     S.P. ORB#: 29  0.50
     S.P. ORB#: 30 -1.50
     S.P. ORB#: 31 -1.50
     S.P. ORB#: 32 -3.50
     S.P. ORB#: 33  4.50
     S.P. ORB#: 34  2.50
     S.P. ORB#: 35 -3.50
     S.P. ORB#: 36  0.50
     S.P. ORB#: 37 -1.50
     S.P. ORB#: 38  2.50
     S.P. ORB#: 39  0.50
 

             ENERGY    K= OMEGA
 
 I=  1/2- (1)  2.521  29: 0.998
 
 I=  1/2- (2)  3.916  25:-0.073
                      39:-0.997
 
 I=  1/2- (3)  5.749  28: 0.355
                      36:-0.935
 
 I=  1/2- (4)  5.807  25: 0.996
                      39:-0.072
 
 I=  1/2- (5)  8.764  28:-0.935
                      36:-0.355

             ENERGY    K= OMEGA
 
 I=  3/2- (1)  2.388  25: 0.103
                      29:-0.145
                      31: 0.979
                      37: 0.071
                      39:-0.063
 
 I=  3/2- (2)  2.526  25:-0.185
                      29:-0.910
                      31:-0.083
                      37:-0.342
                      39: 0.120

             ENERGY    K= OMEGA
 
 I=  5/2- (1)  2.471  25:-0.255
                      29: 0.461
                      31: 0.786
                      37:-0.113
                      38:-0.265
                      39: 0.145
 
 I=  5/2- (2)  3.353  26: 0.063
                      29:-0.660
                      31: 0.439
                      37: 0.593
                      38:-0.121
 
 I=  5/2- (3)  3.612  25:-0.105
                      29: 0.273
                      31: 0.127
                      37: 0.385
                      38: 0.857
                      39: 0.121
 
 I=  5/2- (4)  4.290  26:-0.071
                      29:-0.457
                      31: 0.351
                      37:-0.672
                      38: 0.424
                      39:-0.176
 
 I=  5/2- (5)  4.755  25:-0.161
                      26: 0.142
                      29: 0.155
                      37: 0.143
                      39:-0.952

             ENERGY    K= OMEGA
 
 I=  7/2- (1)  1.736  26:-0.188
                      32: 0.980
 
 I=  7/2- (2)  3.312  25:-0.216
                      31:-0.870
                      38:-0.423
                      39: 0.114
 
 I=  7/2- (3)  3.424  25:-0.245
                      29:-0.847
                      37:-0.427
                      38: 0.130
                      39: 0.150
 
 I=  7/2- (4)  3.608  28:-0.702
                      30:-0.584
                      34:-0.374
                      35:-0.161
 
 I=  7/2- (5)  4.378  26: 0.207
                      27: 0.854
                      29: 0.181
                      31:-0.193
                      37:-0.192
                      38: 0.347

             ENERGY    K= OMEGA
 
 I=  9/2- (1)  1.900  26:-0.077
                      27: 0.184
                      32:-0.259
                      33:-0.945
 
 I=  9/2- (2)  2.710  26:-0.257
                      27:-0.091
                      31:-0.053
                      32:-0.924
                      33: 0.257
 
 I=  9/2- (3)  3.472  25:-0.361
                      29: 0.496
                      31: 0.695
                      32:-0.067
                      37:-0.163
                      38:-0.277
                      39: 0.180
 
 I=  9/2- (4)  4.643  28: 0.223
                      30:-0.563
                      34: 0.669
                      35:-0.431
 
 I=  9/2- (5)  5.186  26: 0.108
                      27:-0.064
                      29:-0.540
                      31: 0.473
                      32:-0.057
                      37: 0.668
                      38:-0.123
                      39: 0.069

             ENERGY    K= OMEGA
 
 I= 11/2- (1)  2.972  28:-0.673
                      30:-0.579
                      34:-0.405
                      35:-0.210
                      36:-0.058
 
 I= 11/2- (2)  3.002  26: 0.130
                      27: 0.249
                      32:-0.354
                      33: 0.892
 
 I= 11/2- (3)  3.916  26: 0.300
                      27:-0.134
                      31:-0.065
                      32:-0.871
                      33:-0.353
                      38:-0.063
 
 I= 11/2- (4)  5.136  25:-0.377
                      29:-0.400
                      31:-0.725
                      32: 0.091
                      37:-0.142
                      38:-0.326
                      39: 0.193
 
 I= 11/2- (5)  5.286  25:-0.121
                      29:-0.711
                      31: 0.394
                      37:-0.428
                      38: 0.362
                      39: 0.082

             ENERGY    K= OMEGA
 
 I= 13/2- (1)  4.324  26:-0.177
                      27: 0.291
                      32:-0.415
                      33:-0.843
 
 I= 13/2- (2)  5.073  28:-0.218
                      30: 0.552
                      34:-0.667
                      35: 0.450
 
 I= 13/2- (3)  5.281  25:-0.307
                      26: 0.231
                      27: 0.131
                      29: 0.350
                      31: 0.490
                      32: 0.556
                      33:-0.291
                      37:-0.100
                      38:-0.223
                      39: 0.141
 
 I= 13/2- (4)  5.441  25:-0.298
                      26:-0.233
                      27:-0.114
                      29: 0.362
                      31: 0.435
                      32:-0.613
                      33: 0.299
                      37:-0.140
                      38:-0.143
                      39: 0.136
 
 I= 13/2- (5)  7.984  25: 0.057
                      26:-0.135
                      27: 0.120
                      29: 0.388
                      31:-0.437
                      32: 0.095
                      37:-0.759
                      38:-0.082
                      39:-0.172

             ENERGY     K= 1/2
  32 LEVELS    TIME=  0.0 SEC



 ******************* EXCITATION ENERGIES, DOMINANT CONFIGURATION AND EXPECTATION VALUES (WITH S.P. UU+VV FACTORS) *******************

  NR  Eex(keV)  I   Kdom  NY    <Jz>  <Jx**2> <Jy**2> <Jz**2> <I.j>/|I|  <Rx**2> <Ry**2> <Rz**2> <R.j>/|R|  <HROTx> <HROTy> <HROTz>

   1    0.0   7/2-  -7/2  32   -3.28    2.31    2.31   12.03    3.33       2.99    2.99   -0.00   -1.41      0.365   0.365  -0.000
   2  164.6   9/2-   9/2  33    3.68    2.53    2.53   19.36    4.25       3.46    3.46    0.00   -1.25      0.421   0.421   0.000
   3  651.9   3/2-  -3/2  31   -1.43    4.73    4.73    2.18    1.45       4.88    4.88    0.00   -2.83      0.595   0.595   0.000
   4  735.7   5/2-  -3/2  31   -0.62    4.86    4.86    1.94    2.19       3.71    3.71    0.00   -1.90      0.452   0.452   0.000
   5  784.8   1/2-   1/2  29    0.50    4.83    4.83    0.25    0.30       5.07    5.07    0.00   -3.03      0.618   0.618   0.000
  
   6  790.0   3/2-   1/2  29    0.25    4.18    4.18    0.50    1.22       3.94    3.94    0.00   -2.31      0.480   0.480   0.000
   7  974.2   9/2-  -7/2  32   -2.55    2.41    2.41   12.33    2.88       6.63    6.63   -0.00   -0.78      0.809   0.809  -0.000
   8 1236.5  11/2-   1/2  28   -0.02   24.11   24.11    2.43    6.26       5.79    5.79    0.00   -3.89      0.706   0.706   0.000
   9 1266.6  11/2-   9/2  33    2.96    2.73    2.73   18.51    3.70       7.72    7.72    0.00   -0.47      0.941   0.941   0.000
  10 1576.3   7/2-  -3/2  31   -0.67    4.33    4.33    2.87    1.71       6.86    6.86    0.00   -1.28      0.836   0.836   0.000
  
  11 1617.3   5/2-   1/2  29   -0.55    3.50    3.50    1.45    0.70       6.53    6.53    0.00   -1.76      0.796   0.796   0.000
  12 1688.2   7/2-   1/2  29    0.17    3.94    3.94    0.73    1.37       6.75    6.75    0.00   -0.86      0.822   0.822   0.000
  13 1736.7   9/2-  -3/2  31   -0.38    5.01    5.01    1.79    2.32       6.74    6.74    0.00   -0.07      0.822   0.822   0.000
  14 1872.2   7/2-   1/2  28   -0.01   23.74   23.74    2.08    6.12       8.36    8.36   -0.00   -6.18      1.019   1.019  -0.000
  15 1875.9   5/2-   5/2  38    1.64    2.13    2.13    4.99    1.84       3.56    3.56   -0.00   -1.43      0.434   0.434  -0.000
  
  16 2180.4   1/2-   1/2  39    0.50    1.54    1.54    0.25    0.72       1.41    1.41    0.00   -1.61      0.172   0.172   0.000
  17 2180.6  11/2-  -7/2  32   -1.93    2.49    2.49   12.63    2.58      11.27   11.27   -0.00   -0.46      1.373   1.373  -0.000
  18 2554.6   5/2-  -3/2  37   -0.28    3.01    3.01    2.51    0.09       8.38    8.38    0.00   -2.02      1.021   1.021   0.000
  19 2588.1  13/2-   9/2  33    2.38    2.92    2.92   17.75    3.34      12.88   12.88    0.00   -0.06      1.570   1.570   0.000
  20 2642.5   7/2-  -7/2  27   -2.24    5.36    5.36   10.13    2.70       7.59    7.59    0.00   -2.60      0.925   0.925   0.000
  
  21 2907.1   9/2-   5/2  34    0.02   24.42   24.42    5.80    5.28      13.42   13.42    0.00   -5.48      1.637   1.637   0.000
  22 3019.0   5/2-   1/2  39    0.50    1.71    1.71    0.42    0.38       5.15    5.15    0.00   -0.84      0.628   0.628   0.000
  23 3336.9  13/2-   5/2  34   -0.03   24.42   24.42    5.96    5.25      15.12   15.12    0.00   -3.30      1.843   1.843   0.000
  24 3399.8  11/2-  -3/2  31   -0.41    4.30    4.30    2.09    1.67      13.24   13.24    0.00   -0.14      1.614   1.614   0.000
  25 3450.0   9/2-  -3/2  37   -0.81    3.12    3.12    1.84    0.60      13.43   13.43    0.00   -0.98      1.637   1.637   0.000
  
  26 3544.9  13/2-  -7/2  32   -0.76    3.94    3.94    6.97    2.42      14.90   14.90   -0.00    0.38      1.816   1.816  -0.000
  27 3550.6  11/2-   1/2  29    0.08    3.84    3.84    1.75    1.37      14.38   14.38    0.00   -0.23      1.753   1.753   0.000
  28 3705.3  13/2-  -7/2  32   -0.96    3.82    3.82    7.57    2.31      15.86   15.86    0.00    0.16      1.934   1.934   0.000
  29 4013.2   1/2-   1/2  36    0.50   12.32   12.32    0.25   -1.38      14.01   14.01    0.00   -4.93      1.708   1.708   0.000
  30 4071.2   1/2-   1/2  25    0.50    6.66    6.66    0.25    0.66       6.60    6.60    0.00   -3.58      0.804   0.804   0.000
  
  31 6248.2  13/2-  -3/2  37   -1.07    2.63    2.63    2.25    0.61      23.85   23.85    0.00   -0.47      2.908   2.908   0.000
  32 7028.5   1/2-   1/2  28    0.50   24.27   24.27    0.25   -3.54      27.83   27.83    0.00   -6.95      3.393   3.393   0.000
