1SPECTRUM OF (Z= 82 A=207) IN PARTICLE-ROTOR  MODEL WITH MODIFIED OSCILLATOR POTENTIAL


 PARITY=-   EPS= 0.276   GAMMA=  0.0   EPS4=0.000   EPS6=0.000   LEVELS:  25  26  27  28  29  30  31  32  33  34  35  36  37  38  39

 PAIRING FACTORS: GN0= 19.20  GN1=  7.40  IPAIR= 15 ***  E2PLUS(INPUT)=   0.730  E2PLUR(INPUT)=   0.000

 CORIOLIS ATTENUATION PARAMETERS:  CHSI=1.000  ETA=  1.00

 MOMENT OF INERTIA PARAMETERS:   A1=  0.122 MEV   A2=  0.122 MEV   A3=121.91924 MEV


 DELTA=0.948 MEV  LAMBDA=53.3203 MEV   HW0= 7.4787 MEV   LAMBDA/HW0= 7.1296

 E2ENERGY=0.730 MEV  HBAR**2/B=14124./A**(7/3)=2387.7/A**2 MEV

 IREC=0  =>  RECOIL TERMS j+j-, j+j+, jzjz, ETC TREATED AS ONE-BODY OPERATORS WITH UU+VV PAIRING FACTORS



 S. P. LEVEL   EQP       U     V        (UU + VV)**1.00

     25       4.115    0.116 0.993      1.000 1.000 0.999 0.982 0.977 0.974 0.929 0.865 0.685 0.429 0.395 0.357 0.297 0.295 0.243
     26       3.599    0.133 0.991      1.000 1.000 1.000 0.985 0.980 0.978 0.935 0.873 0.697 0.444 0.410 0.373 0.313 0.312 0.260
     27       3.048    0.158 0.988      0.999 1.000 1.000 0.989 0.985 0.983 0.944 0.885 0.715 0.467 0.433 0.396 0.337 0.335 0.284
     28       1.646    0.302 0.953      0.982 0.985 0.989 1.000 1.000 0.999 0.982 0.944 0.811 0.593 0.562 0.528 0.473 0.471 0.423
     29       1.540    0.326 0.945      0.977 0.980 0.985 1.000 1.000 1.000 0.987 0.952 0.825 0.612 0.582 0.548 0.494 0.493 0.445
     30       1.493    0.337 0.941      0.974 0.978 0.983 0.999 1.000 1.000 0.989 0.956 0.832 0.622 0.592 0.559 0.505 0.504 0.456
     31       1.135    0.475 0.880      0.929 0.935 0.944 0.982 0.987 0.989 1.000 0.989 0.906 0.732 0.706 0.677 0.629 0.627 0.584
     32       0.988    0.599 0.801      0.865 0.873 0.885 0.944 0.952 0.956 0.989 1.000 0.958 0.825 0.803 0.778 0.736 0.735 0.697
     33       0.991    0.803 0.596      0.685 0.697 0.715 0.811 0.825 0.832 0.906 0.958 1.000 0.952 0.940 0.925 0.899 0.898 0.874
     34       1.557    0.947 0.321      0.429 0.444 0.467 0.593 0.612 0.622 0.732 0.825 0.952 1.000 0.999 0.997 0.990 0.990 0.981
     35       1.734    0.958 0.285      0.395 0.410 0.433 0.562 0.582 0.592 0.706 0.803 0.940 0.999 1.000 0.999 0.995 0.994 0.987
     36       1.987    0.969 0.246      0.357 0.373 0.396 0.528 0.548 0.559 0.677 0.778 0.925 0.997 0.999 1.000 0.998 0.998 0.993
     37       2.619    0.983 0.184      0.297 0.313 0.337 0.473 0.494 0.505 0.629 0.736 0.899 0.990 0.995 0.998 1.000 1.000 0.998
     38       2.642    0.983 0.182      0.295 0.312 0.335 0.471 0.493 0.504 0.627 0.735 0.898 0.990 0.994 0.998 1.000 1.000 0.999
     39       3.699    0.992 0.129      0.243 0.260 0.284 0.423 0.445 0.456 0.584 0.697 0.874 0.981 0.987 0.993 0.998 0.999 1.000

  R CORE   ENERGY   A0R/A00=1.000    R3= 0     2  
   2( 1)    0.732                    1.000 0.000
   2( 2)  487.921                    0.000 1.000

  R CORE   ENERGY   A0R/A00=1.000    R3= 0     2  
   3( 1)  488.652                    0.000 1.000

  R CORE   ENERGY   A0R/A00=1.000    R3= 0     2     4  
   4( 1)    2.438                    1.000 0.000 0.000

  R CORE   ENERGY   A0R/A00=1.000    R3= 0     2     4  
   5( 1)  490.847                    0.000 1.000 0.000

  R CORE   ENERGY   A0R/A00=1.000    R3= 0     2     4     6  
   6( 1)    5.121                    1.000 0.000 0.000 0.000

  R CORE   ENERGY   A0R/A00=1.000    R3= 0     2     4     6  
   7( 1)  494.017                    0.000 1.000 0.000 0.000

          AXIAL SYMMETRY => K RESTRICTED TO OMEGA

                     K
     S.P. ORB#: 25  0.50
     S.P. ORB#: 26  2.50
     S.P. ORB#: 27 -3.50
     S.P. ORB#: 28  0.50
     S.P. ORB#: 29 -3.50
     S.P. ORB#: 30 -1.50
     S.P. ORB#: 31  4.50
     S.P. ORB#: 32  0.50
     S.P. ORB#: 33 -1.50
     S.P. ORB#: 34  2.50
     S.P. ORB#: 35 -1.50
     S.P. ORB#: 36  2.50
     S.P. ORB#: 37  0.50
     S.P. ORB#: 38 -3.50
     S.P. ORB#: 39  0.50
 

             ENERGY    K= OMEGA
 
 I=  1/2- (1)  2.803  28:-0.965
                      37:-0.260
 
 I=  1/2- (2)  2.938  25:-0.069
                      28: 0.258
                      37:-0.964
 
 I=  1/2- (3)  5.561  25: 0.997
                      37:-0.060
 
 I=  1/2- (4)  6.400  32:-0.648
                      39: 0.762
 
 I=  1/2- (5)  9.422  32:-0.762
                      39:-0.648

             ENERGY    K= OMEGA
 
 I=  3/2- (1)  2.210  25: 0.090
                      28: 0.329
                      30: 0.194
                      35: 0.915
                      37:-0.096
 
 I=  3/2- (2)  2.660  25:-0.080
                      28: 0.272
                      30:-0.948
                      35: 0.119
                      37: 0.078

             ENERGY    K= OMEGA
 
 I=  5/2- (1)  2.356  25: 0.155
                      28:-0.304
                      30:-0.457
                      35: 0.399
                      36: 0.711
                      37:-0.107
 
 I=  5/2- (2)  2.847  25: 0.099
                      26:-0.052
                      28: 0.096
                      30:-0.485
                      35:-0.832
                      36: 0.149
                      37:-0.168
 
 I=  5/2- (3)  2.989  25:-0.212
                      28: 0.490
                      30: 0.433
                      35:-0.155
                      36: 0.660
                      37: 0.260
 
 I=  5/2- (4)  3.772  25:-0.174
                      30: 0.305
                      36: 0.098
                      37:-0.931
 
 I=  5/2- (5)  4.172  25: 0.081
                      28:-0.780
                      30: 0.467
                      35:-0.349
                      36: 0.165
                      37: 0.133

             ENERGY    K= OMEGA
 
 I=  7/2- (1)  2.298  26: 0.217
                      27:-0.066
                      29:-0.972
 
 I=  7/2- (2)  3.022  28: 0.295
                      30:-0.379
                      35: 0.503
                      36:-0.716
 
 I=  7/2- (3)  3.195  32:-0.745
                      33:-0.563
                      34:-0.328
                      38:-0.128
                      39: 0.061
 
 I=  7/2- (4)  3.322  25:-0.279
                      28:-0.488
                      29: 0.054
                      30:-0.497
                      35:-0.540
                      36:-0.317
                      37: 0.205
 
 I=  7/2- (5)  4.205  26: 0.050
                      27: 0.098
                      28: 0.525
                      30:-0.679
                      35:-0.113
                      36: 0.487

             ENERGY    K= OMEGA
 
 I=  9/2- (1)  1.946  26: 0.065
                      27:-0.231
                      29: 0.179
                      31: 0.954
 
 I=  9/2- (2)  3.203  26: 0.295
                      27: 0.097
                      29: 0.924
                      30: 0.094
                      31:-0.169
                      36:-0.093
 
 I=  9/2- (3)  3.434  25:-0.319
                      28: 0.441
                      29:-0.121
                      30: 0.584
                      35:-0.317
                      36:-0.457
                      37: 0.185
 
 I=  9/2- (4)  4.462  32:-0.243
                      33: 0.608
                      34:-0.645
                      38: 0.393
 
 I=  9/2- (5)  4.567  25: 0.214
                      26:-0.066
                      27: 0.065
                      28:-0.106
                      30:-0.415
                      35:-0.687
                      36:-0.434
                      37:-0.314

             ENERGY    K= OMEGA
 
 I= 11/2- (1)  2.360  32:-0.692
                      33:-0.577
                      34:-0.389
                      38:-0.190
 
 I= 11/2- (2)  2.959  26:-0.109
                      27:-0.310
                      29: 0.249
                      31:-0.911
 
 I= 11/2- (3)  4.339  26: 0.348
                      27:-0.127
                      29:-0.887
                      30:-0.077
                      31:-0.240
                      35:-0.051
                      36:-0.082
 
 I= 11/2- (4)  4.939  28:-0.357
                      30: 0.437
                      31:-0.051
                      35:-0.508
                      36: 0.645
 
 I= 11/2- (5)  5.180  25:-0.379
                      28:-0.540
                      29: 0.119
                      30:-0.517
                      35:-0.405
                      36:-0.257
                      37: 0.230

             ENERGY    K= OMEGA
 
 I= 13/2- (1)  4.192  26:-0.148
                      27: 0.359
                      29:-0.296
                      31:-0.872
 
 I= 13/2- (2)  4.604  32: 0.228
                      33:-0.588
                      34: 0.653
                      38:-0.419
 
 I= 13/2- (3)  5.330  25:-0.408
                      28: 0.474
                      29: 0.110
                      30: 0.599
                      35:-0.250
                      36:-0.361
                      37: 0.205
 
 I= 13/2- (4)  5.722  25: 0.051
                      26: 0.382
                      27: 0.153
                      28:-0.084
                      29: 0.849
                      31:-0.294
                      35: 0.104
 
 I= 13/2- (5)  7.241  25: 0.216
                      26:-0.065
                      27: 0.071
                      28:-0.092
                      29: 0.067
                      30:-0.283
                      35:-0.666
                      36:-0.544
                      37:-0.331

             ENERGY     K= 1/2
  32 LEVELS    TIME=  0.0 SEC



 ******************* EXCITATION ENERGIES, DOMINANT CONFIGURATION AND EXPECTATION VALUES (WITH S.P. UU+VV FACTORS) *******************

  NR  Eex(keV)  I   Kdom  NY    <Jz>  <Jx**2> <Jy**2> <Jz**2> <I.j>/|I|  <Rx**2> <Ry**2> <Rz**2> <R.j>/|R|  <HROTx> <HROTy> <HROTz>

   1    0.0   9/2-   9/2  31    3.81    2.59    2.59   19.50    4.40       2.81    2.81    0.00   -1.17      0.343   0.343   0.000
   2  263.8   3/2-  -3/2  35   -1.25    1.93    1.93    2.00    1.49       1.92    1.92    0.00   -1.52      0.234   0.234   0.000
   3  351.2   7/2-  -7/2  29   -3.20    2.31    2.31   11.94    3.40       2.68    2.68    0.00   -1.33      0.326   0.326   0.001
   4  409.7   5/2-   5/2  36    0.78    2.92    2.92    4.01    2.47       1.99    1.99    0.00   -1.27      0.243   0.243   0.000
   5  413.9  11/2-   1/2  32   -0.01   26.03   26.03    2.26    6.69       5.01    5.01    0.00   -4.52      0.611   0.611   0.000
  
   6  714.0   3/2-  -3/2  30   -1.33    4.56    4.56    2.08    1.47       4.63    4.63    0.00   -2.75      0.565   0.565   0.000
   7  857.0   1/2-   1/2  28    0.50    4.43    4.43    0.25    0.53       4.47    4.47    0.00   -2.89      0.545   0.545   0.000
   8  900.7   5/2-  -3/2  35   -1.31    2.05    2.05    2.25    1.01       4.56    4.56    0.00   -1.11      0.556   0.556   0.000
   9  991.4   1/2-   1/2  37    0.50    1.54    1.54    0.25    0.57       1.54    1.54   -0.00   -1.61      0.188   0.188  -0.000
  10 1013.1  11/2-   9/2  31    3.21    2.85    2.85   18.81    3.95       6.51    6.51    0.00   -0.25      0.793   0.793   0.000
  
  11 1042.4   5/2-   5/2  36    0.95    3.42    3.42    3.29    1.74       4.28    4.28    0.00   -1.70      0.522   0.522   0.000
  12 1075.2   7/2-   5/2  36    0.72    2.53    2.53    4.16    1.91       4.90    4.90    0.00   -0.52      0.598   0.598   0.000
  13 1249.0   7/2-   1/2  32    0.01   25.23   25.23    1.73    6.38       8.64    8.64    0.00   -6.46      1.054   1.054   0.000
  14 1256.3   9/2-  -7/2  29   -2.67    2.46    2.46   11.77    2.95       6.04    6.04    0.00   -0.58      0.736   0.736   0.001
  15 1375.8   7/2-  -3/2  35   -0.38    2.93    2.93    1.97    1.51       5.82    5.82    0.00   -0.55      0.710   0.710   0.000
  
  16 1487.6   9/2-  -3/2  30   -0.02    4.15    4.15    2.61    2.37       6.04    6.04    0.00    0.25      0.737   0.737   0.000
  17 1825.4   5/2-   1/2  37    0.33    1.69    1.69    0.49    0.44       5.00    5.00    0.00   -0.81      0.609   0.609   0.000
  18 2226.0   5/2-   1/2  28   -0.12    4.20    4.20    1.09   -0.39      10.28   10.28    0.00   -2.35      1.253   1.253   0.000
  19 2246.0  13/2-   9/2  31    2.72    3.07    3.07   18.19    3.64      11.16   11.16    0.00    0.22      1.360   1.360   0.000
  20 2259.0   7/2-  -3/2  30   -0.00    3.74    3.74    2.75    0.66      10.37   10.37    0.00   -1.67      1.264   1.264   0.000
  
  21 2392.4  11/2-  -7/2  29   -2.25    2.55    2.55   11.83    2.66      10.42   10.42    0.00   -0.22      1.271   1.271   0.001
  22 2515.2   9/2-   5/2  34   -0.02   25.65   25.65    5.34    5.72      12.22   12.22    0.00   -5.70      1.490   1.490   0.000
  23 2620.2   9/2-  -3/2  35   -0.43    2.30    2.30    2.78    1.07      10.74   10.74    0.00   -0.44      1.309   1.309   0.000
  24 2657.5  13/2-   5/2  34   -0.04   25.62   25.62    5.60    5.75      12.63   12.63    0.00   -3.32      1.540   1.540   0.000
  25 2992.9  11/2-   5/2  36    0.44    2.82    2.82    3.74    1.61      12.93   12.93    0.00    0.05      1.576   1.576   0.000
  
  26 3233.8  11/2-   1/2  28   -0.28    3.40    3.40    1.69    1.55      12.85   12.85    0.00    0.15      1.567   1.567   0.000
  27 3384.0  13/2-  -3/2  30   -0.13    4.64    4.64    2.04    2.40      13.26   13.26    0.00    1.06      1.617   1.617   0.000
  28 3614.5   1/2-   1/2  25    0.50    6.06    6.06    0.25    0.69       5.97    5.97   -0.00   -3.41      0.728   0.728  -0.000
  29 3775.8  13/2-  -7/2  29   -1.87    2.67    2.67   11.81    2.45      15.87   15.87    0.00   -0.01      1.935   1.935   0.000
  30 4454.1   1/2-   1/2  39    0.50   13.34   13.34    0.25   -2.20      15.75   15.75    0.00   -5.14      1.920   1.920   0.000
  
  31 5294.2  13/2-  -3/2  35    0.03    2.13    2.13    3.26    0.96      21.45   21.45    0.00   -0.13      2.616   2.616   0.000
  32 7475.4   1/2-   1/2  32    0.50   26.27   26.27    0.25   -3.63      29.92   29.92    0.00   -7.23      3.648   3.648   0.000
