1SPECTRUM OF (Z= 82 A=207) IN PARTICLE-ROTOR  MODEL WITH MODIFIED OSCILLATOR POTENTIAL


 PARITY=-   EPS= 0.443   GAMMA=  0.0   EPS4=0.000   EPS6=0.000   LEVELS:  25  26  27  28  29  30  31  32  33  34  35  36  37  38  39

 PAIRING FACTORS: GN0= 19.20  GN1=  7.40  IPAIR= 15 ***  E2PLUS(INPUT)=   0.730  E2PLUR(INPUT)=   0.000

 CORIOLIS ATTENUATION PARAMETERS:  CHSI=1.000  ETA=  1.00

 MOMENT OF INERTIA PARAMETERS:   A1=  0.122 MEV   A2=  0.122 MEV   A3=121.91923 MEV


 DELTA=0.853 MEV  LAMBDA=53.4772 MEV   HW0= 7.5974 MEV   LAMBDA/HW0= 7.0389

 E2ENERGY=0.730 MEV  HBAR**2/B=36388./A**(7/3)=6151.4/A**2 MEV

 IREC=0  =>  RECOIL TERMS j+j-, j+j+, jzjz, ETC TREATED AS ONE-BODY OPERATORS WITH UU+VV PAIRING FACTORS



 S. P. LEVEL   EQP       U     V        (UU + VV)**1.00

     25       4.204    0.102 0.995      1.000 0.999 0.999 0.996 0.988 0.948 0.810 0.772 0.736 0.351 0.345 0.290 0.270 0.243 0.202
     26       2.887    0.149 0.989      0.999 1.000 1.000 0.999 0.994 0.962 0.837 0.801 0.768 0.396 0.389 0.336 0.316 0.289 0.249
     27       2.828    0.153 0.988      0.999 1.000 1.000 0.999 0.995 0.963 0.838 0.803 0.770 0.399 0.392 0.339 0.319 0.292 0.252
     28       2.282    0.190 0.982      0.996 0.999 0.999 1.000 0.998 0.973 0.859 0.826 0.794 0.434 0.427 0.375 0.355 0.328 0.289
     29       1.742    0.253 0.967      0.988 0.994 0.995 0.998 1.000 0.986 0.890 0.860 0.831 0.491 0.484 0.433 0.414 0.388 0.350
     30       1.134    0.413 0.911      0.948 0.962 0.963 0.973 0.986 1.000 0.954 0.934 0.913 0.631 0.625 0.579 0.562 0.539 0.503
     31       0.859    0.667 0.745      0.810 0.837 0.838 0.859 0.890 0.954 1.000 0.998 0.993 0.834 0.830 0.797 0.784 0.766 0.739
     32       0.853    0.711 0.703      0.772 0.801 0.803 0.826 0.860 0.934 0.998 1.000 0.999 0.867 0.863 0.832 0.821 0.804 0.779
     33       0.859    0.748 0.663      0.736 0.768 0.770 0.794 0.831 0.913 0.993 0.999 1.000 0.892 0.889 0.861 0.850 0.835 0.812
     34       1.736    0.967 0.254      0.351 0.396 0.399 0.434 0.491 0.631 0.834 0.867 0.892 1.000 1.000 0.998 0.996 0.994 0.988
     35       1.781    0.969 0.247      0.345 0.389 0.392 0.427 0.484 0.625 0.830 0.863 0.889 1.000 1.000 0.998 0.997 0.994 0.989
     36       2.275    0.982 0.191      0.290 0.336 0.339 0.375 0.433 0.579 0.797 0.832 0.861 0.998 0.998 1.000 1.000 0.999 0.996
     37       2.542    0.985 0.170      0.270 0.316 0.319 0.355 0.414 0.562 0.784 0.821 0.850 0.996 0.997 1.000 1.000 1.000 0.998
     38       3.027    0.990 0.142      0.243 0.289 0.292 0.328 0.388 0.539 0.766 0.804 0.835 0.994 0.994 0.999 1.000 1.000 0.999
     39       4.225    0.995 0.102      0.202 0.249 0.252 0.289 0.350 0.503 0.739 0.779 0.812 0.988 0.989 0.996 0.998 0.999 1.000

  R CORE   ENERGY   A0R/A00=1.000    R3= 0     2  
   2( 1)    0.732                    1.000 0.000
   2( 2)  487.921                    0.000 1.000

  R CORE   ENERGY   A0R/A00=1.000    R3= 0     2  
   3( 1)  488.652                    0.000 1.000

  R CORE   ENERGY   A0R/A00=1.000    R3= 0     2     4  
   4( 1)    2.438                    1.000 0.000 0.000

  R CORE   ENERGY   A0R/A00=1.000    R3= 0     2     4  
   5( 1)  490.847                    0.000 1.000 0.000

  R CORE   ENERGY   A0R/A00=1.000    R3= 0     2     4     6  
   6( 1)    5.121                    1.000 0.000 0.000 0.000

  R CORE   ENERGY   A0R/A00=1.000    R3= 0     2     4     6  
   7( 1)  494.017                    0.000 1.000 0.000 0.000

          AXIAL SYMMETRY => K RESTRICTED TO OMEGA

                     K
     S.P. ORB#: 25  0.50
     S.P. ORB#: 26 -5.50
     S.P. ORB#: 27 -1.50
     S.P. ORB#: 28  2.50
     S.P. ORB#: 29 -3.50
     S.P. ORB#: 30  2.50
     S.P. ORB#: 31  0.50
     S.P. ORB#: 32  0.50
     S.P. ORB#: 33 -1.50
     S.P. ORB#: 34 -3.50
     S.P. ORB#: 35 -3.50
     S.P. ORB#: 36  4.50
     S.P. ORB#: 37  0.50
     S.P. ORB#: 38 -1.50
     S.P. ORB#: 39 -1.50
 

             ENERGY    K= OMEGA
 
 I=  1/2- (1)  2.215  31:-1.000
 
 I=  1/2- (2)  3.577  25:-0.264
                      32: 0.923
                      37:-0.282
 
 I=  1/2- (3)  6.552  25:-0.240
                      32: 0.220
                      37: 0.945
 
 I=  1/2- (4) 10.342  25: 0.934
                      32: 0.317
                      37: 0.164
 
 I=  1/2- (5)147.163  33: 1.000

             ENERGY    K= OMEGA
 
 I=  3/2- (1)  2.188  31: 0.582
                      33:-0.812
 
 I=  3/2- (2)  2.487  31:-0.800
                      33:-0.582
                      39:-0.144
 
 I=  3/2- (3)  3.691  25: 0.272
                      32:-0.931
                      37:-0.128
                      38:-0.207
 
 I=  3/2- (4)  4.920  31: 0.144
                      39:-0.989
 
 I=  3/2- (5)  6.911  25: 0.566
                      27: 0.640
                      32: 0.288
                      37:-0.240
                      38:-0.358

             ENERGY    K= OMEGA
 
 I=  5/2- (1)  2.759  28: 0.054
                      31: 0.499
                      33: 0.862
                      39:-0.071
 
 I=  5/2- (2)  3.270  28:-0.088
                      31: 0.830
                      33:-0.494
                      39:-0.244
 
 I=  5/2- (3)  3.798  25:-0.219
                      32: 0.837
                      37:-0.429
                      38:-0.258
 
 I=  5/2- (4)  4.084  28:-0.993
                      31:-0.061
                      33: 0.095
 
 I=  5/2- (5)  5.632  28:-0.062
                      31: 0.244
                      33:-0.057
                      39: 0.966

             ENERGY    K= OMEGA
 
 I=  7/2- (1)  2.643  28:-0.167
                      34: 0.985
 
 I=  7/2- (2)  3.336  31: 0.769
                      33:-0.611
                      39: 0.180
 
 I=  7/2- (3)  3.664  28:-0.182
                      29:-0.979
                      31: 0.070
 
 I=  7/2- (4)  3.965  28: 0.111
                      29:-0.107
                      31:-0.565
                      33:-0.776
                      39:-0.230
 
 I=  7/2- (5)  4.117  27:-0.174
                      30:-0.181
                      32:-0.869
                      35:-0.067
                      37:-0.252
                      38:-0.334

             ENERGY    K= OMEGA
 
 I=  9/2- (1)  3.166  28: 0.107
                      29:-0.259
                      34: 0.365
                      36: 0.888
 
 I=  9/2- (2)  3.739  28:-0.215
                      29:-0.155
                      34:-0.898
                      36: 0.350
 
 I=  9/2- (3)  4.498  28:-0.063
                      29: 0.057
                      31:-0.620
                      33:-0.757
                      39: 0.181
 
 I=  9/2- (4)  4.736  25:-0.158
                      27:-0.071
                      30: 0.134
                      32: 0.779
                      35:-0.066
                      37:-0.477
                      38:-0.336
 
 I=  9/2- (5)  4.853  28: 0.263
                      29:-0.908
                      31:-0.128
                      36:-0.289
                      39: 0.073

             ENERGY    K= OMEGA
 
 I= 11/2- (1)  4.019  25:-0.468
                      27:-0.559
                      30:-0.482
                      32:-0.390
                      35:-0.206
                      37:-0.123
                      38:-0.164
 
 I= 11/2- (2)  4.204  26: 0.885
                      28: 0.064
                      29: 0.151
                      34:-0.175
                      36: 0.398
 
 I= 11/2- (3)  4.314  26: 0.464
                      28:-0.140
                      29:-0.296
                      34: 0.382
                      36:-0.729
 
 I= 11/2- (4)  5.053  28: 0.252
                      29:-0.216
                      33:-0.058
                      34:-0.855
                      36:-0.394
 
 I= 11/2- (5)  5.395  31:-0.812
                      33: 0.514
                      39:-0.274

             ENERGY    K= OMEGA
 
 I= 13/2- (1)  5.636  26:-0.342
                      28: 0.173
                      29:-0.352
                      34: 0.406
                      36: 0.751
 
 I= 13/2- (2)  5.828  25:-0.165
                      27: 0.561
                      30:-0.675
                      32:-0.206
                      35: 0.365
                      37: 0.088
                      38: 0.138
 
 I= 13/2- (3)  5.835  26:-0.939
                      28:-0.079
                      29: 0.132
                      34:-0.184
                      36:-0.247
 
 I= 13/2- (4)  6.597  28: 0.282
                      29: 0.255
                      33: 0.072
                      34: 0.823
                      36:-0.412
 
 I= 13/2- (5)  6.636  25: 0.219
                      27:-0.149
                      30: 0.135
                      32:-0.725
                      35:-0.085
                      37: 0.507
                      38: 0.348

             ENERGY     K=-3/2
  35 LEVELS    TIME=  0.0 SEC



 ******************* EXCITATION ENERGIES, DOMINANT CONFIGURATION AND EXPECTATION VALUES (WITH S.P. UU+VV FACTORS) *******************

  NR  Eex(keV)  I   Kdom  NY    <Jz>  <Jx**2> <Jy**2> <Jz**2> <I.j>/|I|  <Rx**2> <Ry**2> <Rz**2> <R.j>/|R|  <HROTx> <HROTy> <HROTz>

   1    0.0   3/2-  -3/2  33   -0.82    5.15    5.15    1.57    1.24       5.42    5.42   -0.00   -2.88      0.661   0.661  -0.000
   2   27.0   1/2-   1/2  31    0.50    5.11    5.11    0.25    0.06       5.56    5.56   -0.00   -3.13      0.678   0.678  -0.000
   3  298.9   3/2-   1/2  31   -0.22    4.98    4.98    0.97    0.49       6.39    6.39    0.00   -2.79      0.779   0.779   0.000
   4  455.3   7/2-  -7/2  34   -3.33    2.35    2.35   12.08    3.18       3.66    3.66    0.00   -1.54      0.446   0.446   0.000
   5  570.7   5/2-  -3/2  33   -0.99    5.17    5.17    1.76    0.92       7.70    7.70   -0.00   -2.39      0.939   0.939  -0.000
  
   6  978.0   9/2-   9/2  36    2.87    2.69    2.69   18.48    4.06       4.09    4.09    0.00   -1.28      0.499   0.499   0.000
   7 1082.5   5/2-   1/2  31   -0.09    4.83    4.83    0.90    0.22       9.02    9.02   -0.00   -2.34      1.100   1.100  -0.000
   8 1148.4   7/2-   1/2  31   -0.31    5.11    5.11    1.08    0.96       9.70    9.70   -0.00   -1.70      1.183   1.183  -0.000
   9 1389.6   1/2-   1/2  32    0.50   10.03   10.03    0.25    1.00       9.67    9.67    0.00   -4.42      1.179   1.179   0.000
  10 1476.3   7/2-  -7/2  29   -3.28    6.28    6.28   11.96    3.10       7.82    7.82    0.00   -3.09      0.954   0.954   0.000
  
  11 1503.5   3/2-   1/2  32    0.41   11.20   11.20    0.34    1.61      10.12   10.12    0.00   -4.36      1.234   1.234   0.000
  12 1551.1   9/2-  -7/2  34   -2.24    2.45    2.45   12.94    2.70       7.84    7.84    0.00   -1.11      0.956   0.956   0.000
  13 1609.9   5/2-   1/2  32    0.37   10.77   10.77    0.39    1.96       9.54    9.54    0.00   -3.69      1.164   1.164   0.000
  14 1776.7   7/2-  -3/2  33   -0.84    4.83    4.83    1.79    0.43      11.88   11.88   -0.00   -2.00      1.449   1.449  -0.000
  15 1831.1  11/2-  -3/2  27    0.12   23.61   23.61    2.83    6.06       6.67    6.67   -0.00   -3.79      0.813   0.813  -0.000
  
  16 1896.1   5/2-   5/2  28    2.45    6.11    6.11    6.18    2.07       7.45    7.45    0.00   -3.18      0.908   0.908   0.000
  17 1929.4   7/2-   1/2  32    0.26   15.31   15.31    0.78    3.01      11.62   11.62    0.00   -4.03      1.417   1.417   0.000
  18 2016.0  11/2- -11/2  26   -3.78    2.78    2.78   27.60    4.75       6.06    6.06    0.00   -1.37      0.739   0.739   0.000
  19 2126.3  11/2-   9/2  36    0.44    2.91    2.91   20.25    3.77       8.34    8.34    0.00   -0.86      1.016   1.016   0.000
  20 2310.6   9/2-  -3/2  33   -0.72    5.14    5.14    1.55    0.78      14.43   14.43   -0.00   -1.48      1.759   1.759  -0.000
  
  21 2548.4   9/2-   1/2  32    0.28   11.95   11.95    0.65    2.36      12.92   12.92    0.00   -2.52      1.575   1.575   0.000
  22 2665.2   9/2-  -7/2  29   -2.34    5.89    5.89   12.25    2.40      12.43   12.43    0.00   -2.42      1.515   1.515   0.000
  23 2732.2   3/2-  -3/2  39   -1.46    1.98    1.98    2.21    0.93       3.17    3.17    0.00   -1.74      0.386   0.386   0.000
  24 2864.9  11/2-  -7/2  34   -1.87    2.59    2.59   13.09    2.32      13.12   13.12    0.00   -0.85      1.600   1.600   0.000
  25 3206.8  11/2-   1/2  31   -0.18    4.99    4.99    0.95    0.97      17.56   17.56   -0.00   -0.87      2.141   2.141  -0.000
  
  26 3444.0   5/2-  -3/2  39   -1.37    2.14    2.14    2.15    0.31       6.67    6.67    0.00   -1.51      0.813   0.813   0.000
  27 3448.4  13/2-   9/2  36    0.96    3.07    3.07   18.68    3.24      14.13   14.13    0.00   -0.41      1.722   1.722   0.000
  28 3639.7  13/2-   5/2  30    0.21   23.04   23.04    5.25    4.84      16.22   16.22   -0.00   -3.07      1.978   1.978  -0.000
  29 3646.7  13/2- -11/2  26   -4.74    2.81    2.81   28.56    4.15      12.50   12.50    0.00   -1.04      1.524   1.524   0.001
  30 4364.0   1/2-   1/2  37    0.50   15.64   15.64    0.25   -0.29      16.38   16.38    0.00   -5.55      1.998   1.998   0.000
  
  31 4409.4  13/2-  -7/2  34   -1.65    2.72    2.72   13.11    2.04      19.38   19.38    0.00   -0.69      2.363   2.363   0.000
  32 4448.1  13/2-   1/2  32    0.22   11.67   11.67    0.73    2.36      19.97   19.97    0.00   -1.21      2.434   2.434   0.000
  33 4723.1   3/2-  -3/2  27   -0.58   20.01   20.01    1.33    3.60      15.57   15.57   -0.00   -6.16      1.898   1.898  -0.000
  34 8154.1   1/2-   1/2  25    0.50   23.18   23.18    0.25   -3.53      26.73   26.73    0.00   -6.79      3.259   3.259   0.000
  35*******   1/2-  -3/2  33    0.00    0.00    0.00    0.00   -0.00       0.00    0.00   -0.00   -0.00      0.000   0.000  -0.000
  
