1SPECTRUM OF (Z= 82 A=207) IN PARTICLE-ROTOR  MODEL WITH MODIFIED OSCILLATOR POTENTIAL


 PARITY=-   EPS= 0.160   GAMMA=  0.0   EPS4=0.000   EPS6=0.000   LEVELS:  25  26  27  28  29  30  31  32  33  34  35  36  37  38  39

 PAIRING FACTORS: GN0= 19.20  GN1=  7.40  IPAIR= 15 ***  E2PLUS(INPUT)=   0.730  E2PLUR(INPUT)=   0.000

 CORIOLIS ATTENUATION PARAMETERS:  CHSI=1.000  ETA=  1.00

 MOMENT OF INERTIA PARAMETERS:   A1=  0.122 MEV   A2=  0.122 MEV   A3=121.91924 MEV


 DELTA=0.851 MEV  LAMBDA=53.4051 MEV   HW0= 7.4328 MEV   LAMBDA/HW0= 7.1850

 E2ENERGY=0.730 MEV  HBAR**2/B= 4747./A**(7/3)= 802.4/A**2 MEV

 IREC=0  =>  RECOIL TERMS j+j-, j+j+, jzjz, ETC TREATED AS ONE-BODY OPERATORS WITH UU+VV PAIRING FACTORS



 S. P. LEVEL   EQP       U     V        (UU + VV)**1.00

     25       4.357    0.098 0.995      1.000 1.000 1.000 0.999 0.997 0.995 0.993 0.863 0.770 0.504 0.320 0.298 0.265 0.233 0.207
     26       3.869    0.111 0.994      1.000 1.000 1.000 1.000 0.998 0.996 0.994 0.869 0.778 0.515 0.332 0.310 0.277 0.246 0.220
     27       3.725    0.115 0.993      1.000 1.000 1.000 1.000 0.999 0.996 0.995 0.871 0.780 0.518 0.336 0.314 0.281 0.250 0.224
     28       3.103    0.138 0.990      0.999 1.000 1.000 1.000 1.000 0.998 0.997 0.882 0.795 0.538 0.359 0.336 0.304 0.273 0.247
     29       2.563    0.168 0.986      0.997 0.998 0.999 1.000 1.000 1.000 0.999 0.896 0.813 0.564 0.387 0.365 0.333 0.302 0.276
     30       2.187    0.199 0.980      0.995 0.996 0.996 0.998 1.000 1.000 1.000 0.909 0.830 0.589 0.415 0.393 0.361 0.331 0.305
     31       2.029    0.215 0.977      0.993 0.994 0.995 0.997 0.999 1.000 1.000 0.916 0.839 0.602 0.430 0.408 0.377 0.346 0.321
     32       0.895    0.588 0.809      0.863 0.869 0.871 0.882 0.896 0.909 0.916 1.000 0.987 0.872 0.756 0.740 0.716 0.693 0.674
     33       0.851    0.711 0.703      0.770 0.778 0.780 0.795 0.813 0.830 0.839 0.987 1.000 0.939 0.851 0.839 0.820 0.801 0.784
     34       1.124    0.909 0.417      0.504 0.515 0.518 0.538 0.564 0.589 0.602 0.872 0.939 1.000 0.980 0.975 0.966 0.958 0.950
     35       1.935    0.974 0.226      0.320 0.332 0.336 0.359 0.387 0.415 0.430 0.756 0.851 0.980 1.000 1.000 0.998 0.996 0.993
     36       2.146    0.979 0.203      0.298 0.310 0.314 0.336 0.365 0.393 0.408 0.740 0.839 0.975 1.000 1.000 0.999 0.998 0.996
     37       2.554    0.986 0.169      0.265 0.277 0.281 0.304 0.333 0.361 0.377 0.716 0.820 0.966 0.998 0.999 1.000 0.999 0.998
     38       3.140    0.991 0.137      0.233 0.246 0.250 0.273 0.302 0.331 0.346 0.693 0.801 0.958 0.996 0.998 0.999 1.000 1.000
     39       3.883    0.994 0.110      0.207 0.220 0.224 0.247 0.276 0.305 0.321 0.674 0.784 0.950 0.993 0.996 0.998 1.000 1.000

  R CORE   ENERGY   A0R/A00=1.000    R3= 0     2  
   2( 1)    0.732                    1.000 0.000
   2( 2)  487.921                    0.000 1.000

  R CORE   ENERGY   A0R/A00=1.000    R3= 0     2  
   3( 1)  488.652                    0.000 1.000

  R CORE   ENERGY   A0R/A00=1.000    R3= 0     2     4  
   4( 1)    2.438                    1.000 0.000 0.000

  R CORE   ENERGY   A0R/A00=1.000    R3= 0     2     4  
   5( 1)  490.847                    0.000 1.000 0.000

  R CORE   ENERGY   A0R/A00=1.000    R3= 0     2     4     6  
   6( 1)    5.121                    1.000 0.000 0.000 0.000

  R CORE   ENERGY   A0R/A00=1.000    R3= 0     2     4     6  
   7( 1)  494.017                    0.000 1.000 0.000 0.000

          AXIAL SYMMETRY => K RESTRICTED TO OMEGA

                     K
     S.P. ORB#: 25  2.50
     S.P. ORB#: 26 -3.50
     S.P. ORB#: 27  0.50
     S.P. ORB#: 28 -3.50
     S.P. ORB#: 29  4.50
     S.P. ORB#: 30  0.50
     S.P. ORB#: 31 -1.50
     S.P. ORB#: 32 -1.50
     S.P. ORB#: 33  2.50
     S.P. ORB#: 34  0.50
     S.P. ORB#: 35  0.50
     S.P. ORB#: 36 -1.50
     S.P. ORB#: 37  2.50
     S.P. ORB#: 38 -3.50
     S.P. ORB#: 39  4.50
 

             ENERGY    K= OMEGA
 
 I=  1/2- (1)  1.347  27:-0.065
                      34:-0.998
 
 I=  1/2- (2)  3.166  30: 1.000
 
 I=  1/2- (3)  4.777  27: 0.997
                      34:-0.065
 
 I=  1/2- (4) 10.136  35:-1.000
 
 I=  1/2- (5)147.198  32: 1.000

             ENERGY    K= OMEGA
 
 I=  3/2- (1)  1.349  27: 0.055
                      30: 0.203
                      31: 0.123
                      32: 0.964
                      34:-0.103
 
 I=  3/2- (2)  2.018  30:-0.127
                      31:-0.098
                      32: 0.143
                      34: 0.977

             ENERGY    K= OMEGA
 
 I=  5/2- (1)  1.310  27:-0.052
                      30: 0.132
                      31: 0.194
                      32:-0.371
                      33:-0.893
                      34: 0.086
 
 I=  5/2- (2)  1.943  30:-0.249
                      31: 0.162
                      32: 0.880
                      33:-0.366
 
 I=  5/2- (3)  2.035  30:-0.108
                      31:-0.152
                      33:-0.125
                      34:-0.974
 
 I=  5/2- (4)  3.214  27: 0.409
                      30:-0.465
                      31:-0.731
                      32:-0.084
                      33:-0.198
                      34: 0.191
 
 I=  5/2- (5)  4.529  27:-0.065
                      30: 0.786
                      31:-0.537
                      32: 0.274
                      33:-0.111

             ENERGY    K= OMEGA
 
 I=  7/2- (1)  1.934  30: 0.170
                      31:-0.233
                      32: 0.461
                      33:-0.838
 
 I=  7/2- (2)  2.563  25:-0.061
                      27:-0.186
                      30:-0.368
                      31:-0.292
                      32:-0.730
                      33:-0.395
                      34: 0.223
 
 I=  7/2- (3)  3.647  25:-0.073
                      27: 0.053
                      28: 0.169
                      30: 0.119
                      31: 0.164
                      32:-0.296
                      33:-0.184
                      34:-0.894
 
 I=  7/2- (4)  3.839  25: 0.244
                      26: 0.124
                      28:-0.941
                      32:-0.083
                      34:-0.172
 
 I=  7/2- (5)  4.375  35: 0.713
                      36: 0.576
                      37: 0.365
                      38: 0.162

             ENERGY    K= OMEGA
 
 I=  9/2- (1)  2.568  26:-0.066
                      27: 0.178
                      29: 0.067
                      30:-0.306
                      31:-0.366
                      32: 0.455
                      33: 0.694
                      34:-0.205
 
 I=  9/2- (2)  3.281  25: 0.095
                      26: 0.263
                      28: 0.215
                      29:-0.929
                      31:-0.052
                      34:-0.070
 
 I=  9/2- (3)  3.681  27:-0.054
                      29:-0.068
                      30: 0.136
                      31: 0.169
                      32: 0.188
                      33: 0.311
                      34: 0.901
 
 I=  9/2- (4)  3.759  25: 0.103
                      28: 0.111
                      30: 0.323
                      31:-0.246
                      32:-0.747
                      33: 0.502
 
 I=  9/2- (5)  4.681  27: 0.515
                      30:-0.395
                      31:-0.534
                      32:-0.238
                      33:-0.326
                      34: 0.356

             ENERGY    K= OMEGA
 
 I= 11/2- (1)  3.068  35:-0.647
                      36:-0.563
                      37:-0.422
                      38:-0.266
                      39:-0.125
 
 I= 11/2- (2)  3.773  25: 0.080
                      26:-0.144
                      28:-0.074
                      29:-0.213
                      30: 0.250
                      31:-0.293
                      32: 0.510
                      33:-0.717
 
 I= 11/2- (3)  4.235  25: 0.138
                      26:-0.319
                      28:-0.283
                      29:-0.852
                      30:-0.084
                      31: 0.092
                      32:-0.143
                      33: 0.193
 
 I= 11/2- (4)  4.514  25:-0.081
                      27:-0.299
                      28: 0.078
                      30:-0.436
                      31:-0.393
                      32:-0.569
                      33:-0.402
                      34: 0.257
 
 I= 11/2- (5)  5.845  25: 0.377
                      26: 0.181
                      27:-0.093
                      28:-0.822
                      29: 0.269
                      30:-0.097
                      31:-0.114
                      32: 0.059
                      33: 0.064
                      34: 0.198

             ENERGY    K= OMEGA
 
 I= 13/2- (1)  4.539  25:-0.067
                      26:-0.100
                      27: 0.282
                      28:-0.051
                      29: 0.114
                      30:-0.397
                      31:-0.441
                      32: 0.424
                      33: 0.549
                      34:-0.239
 
 I= 13/2- (2)  4.607  35:-0.178
                      36: 0.469
                      37:-0.597
                      38: 0.537
                      39:-0.322
 
 I= 13/2- (3)  5.359  25:-0.195
                      26:-0.381
                      27:-0.078
                      28:-0.335
                      29: 0.817
                      30: 0.096
                      31: 0.106
                      34: 0.097
 
 I= 13/2- (4)  6.331  27: 0.081
                      29: 0.103
                      30:-0.101
                      31:-0.156
                      32:-0.321
                      33:-0.379
                      34:-0.837
 
 I= 13/2- (5)  6.474  25: 0.171
                      26:-0.093
                      28: 0.219
                      29: 0.080
                      30: 0.349
                      31:-0.283
                      32:-0.641
                      33: 0.542

             ENERGY     K= 9/2
  32 LEVELS    TIME=  0.0 SEC



 ******************* EXCITATION ENERGIES, DOMINANT CONFIGURATION AND EXPECTATION VALUES (WITH S.P. UU+VV FACTORS) *******************

  NR  Eex(keV)  I   Kdom  NY    <Jz>  <Jx**2> <Jy**2> <Jz**2> <I.j>/|I|  <Rx**2> <Ry**2> <Rz**2> <R.j>/|R|  <HROTx> <HROTy> <HROTz>

   1    0.0   5/2-   5/2  33    1.74    1.82    1.82    5.39    2.48       1.54    1.54    0.00   -0.96      0.188   0.188   0.000
   2   37.1   1/2-   1/2  34    0.50    1.10    1.10    0.25    0.84       0.87    0.87   -0.00   -1.31      0.106   0.106  -0.000
   3   38.6   3/2-  -3/2  32   -1.39    1.47    1.47    2.14    1.49       1.53    1.53    0.00   -1.26      0.186   0.186   0.000
   4  624.2   7/2-   5/2  33    1.36    1.93    1.93    5.02    2.11       3.95    3.95    0.00   -0.19      0.482   0.482   0.000
   5  632.9   5/2-  -3/2  32   -0.83    1.51    1.51    2.67    1.14       3.84    3.84    0.00   -0.84      0.468   0.468   0.000
  
   6  707.4   3/2-   1/2  34    0.44    1.19    1.19    0.31   -0.19       3.58    3.58   -0.00   -1.14      0.436   0.436  -0.000
   7  724.5   5/2-   1/2  34    0.48    1.35    1.35    0.39    0.78       3.62    3.62   -0.00   -0.29      0.441   0.441  -0.000
   8 1253.0   7/2-  -3/2  32   -0.43    1.62    1.62    2.47    1.39       5.23    5.23    0.00   -0.07      0.638   0.638   0.000
   9 1258.2   9/2-   5/2  33    0.78    2.69    2.69    3.97    2.36       5.32    5.32    0.00    0.73      0.648   0.648   0.000
  10 1758.0  11/2-   1/2  35    0.00   28.51   28.51    3.11    7.44       3.45    3.45    0.00   -5.96      0.420   0.420   0.000
  
  11 1855.7   1/2-   1/2  30    0.50    3.89    3.89    0.25    0.44       4.01    4.01   -0.00   -2.70      0.489   0.489  -0.000
  12 1904.2   5/2-  -3/2  31   -0.50    3.71    3.71    1.57    1.67       3.92    3.92    0.00   -1.44      0.478   0.478   0.000
  13 1970.8   9/2-   9/2  29    3.50    2.73    2.73   18.97    4.45       2.45    2.45    0.00   -1.04      0.299   0.299   0.000
  14 2336.7   7/2-   1/2  34    0.23    1.48    1.48    1.07   -0.02       9.96    9.96    0.00   -0.92      1.214   1.214   0.000
  15 2370.7   9/2-   1/2  34    0.58    1.52    1.52    1.06    0.81      10.38   10.38    0.00   -0.01      1.265   1.265   0.000
  
  16 2448.5   9/2-  -3/2  32   -0.27    1.62    1.62    3.24    0.99      10.67   10.67    0.00   -0.33      1.301   1.301   0.000
  17 2462.7  11/2-   5/2  33    0.93    2.36    2.36    5.29    2.08      10.46   10.46    0.00    0.53      1.276   1.276   0.000
  18 2528.9   7/2-  -7/2  28   -2.99    2.35    2.35   11.44    3.26       2.99    2.99   -0.00   -1.30      0.365   0.365  -0.000
  19 2925.0  11/2-   9/2  29    2.73    2.97    2.97   17.35    3.86       6.43    6.43    0.00   -0.05      0.784   0.784   0.001
  20 3064.6   7/2-   1/2  35   -0.00   28.93   28.93    2.03    7.20       9.25    9.25    0.00   -7.28      1.128   1.128   0.000
  
  21 3203.2  11/2-  -3/2  32   -0.15    1.94    1.94    2.31    1.52      11.88   11.88    0.00    0.60      1.448   1.448   0.000
  22 3219.0   5/2-   1/2  30   -0.20    3.96    3.96    1.06   -0.46      10.22   10.22    0.00   -2.29      1.245   1.245   0.000
  23 3229.1  13/2-   5/2  33    0.36    3.40    3.40    3.24    2.49      11.98   11.98    0.00    1.50      1.461   1.461   0.000
  24 3296.9  13/2-   5/2  37    0.04   26.46   26.46    8.36    6.79       7.61    7.61   -0.00   -3.56      0.928   0.928  -0.000
  25 3370.9   9/2-  -3/2  31    0.02    2.98    2.98    1.62    1.21      10.15   10.15    0.00   -0.35      1.238   1.238   0.000
  
  26 3466.3   1/2-   1/2  27    0.50    4.43    4.43    0.25    0.65       4.36    4.36    0.00   -2.89      0.532   0.532   0.000
  27 4049.1  13/2-   9/2  29    2.19    3.39    3.39   16.93    3.72      10.24   10.24    0.00    0.50      1.249   1.249   0.000
  28 4534.6  11/2-  -7/2  28   -1.78    2.66    2.66   11.10    2.52      11.03   11.03   -0.00   -0.29      1.345   1.345  -0.000
  29 5020.2  13/2-   1/2  34    0.57    1.53    1.53    1.59    0.77      21.33   21.33    0.00    0.11      2.601   2.601   0.000
  30 5164.0  13/2-  -3/2  32   -0.04    1.80    1.80    3.98    1.04      20.91   20.91    0.00   -0.05      2.550   2.550   0.000
  
  31 8825.9   1/2-   1/2  35    0.50   29.55   29.55    0.25   -4.14      33.63   33.63    0.00   -7.67      4.101   4.101   0.000
  32*******   1/2-  -3/2  32    0.00    0.00    0.00    0.00   -0.00       0.00    0.00    0.00   -0.00      0.000   0.000   0.000
