1SPECTRUM OF (Z= 82 A=207) IN PARTICLE-ROTOR  MODEL WITH MODIFIED OSCILLATOR POTENTIAL


 PARITY=-   EPS= 0.222   GAMMA=  0.0   EPS4=0.000   EPS6=0.000   LEVELS:  25  26  27  28  29  30  31  32  33  34  35  36  37  38  39

 PAIRING FACTORS: GN0= 19.20  GN1=  7.40  IPAIR= 15 ***  E2PLUS(INPUT)=   0.730  E2PLUR(INPUT)=   0.000

 CORIOLIS ATTENUATION PARAMETERS:  CHSI=1.000  ETA=  1.00

 MOMENT OF INERTIA PARAMETERS:   A1=  0.122 MEV   A2=  0.122 MEV   A3=121.91924 MEV


 DELTA=0.944 MEV  LAMBDA=53.4775 MEV   HW0= 7.4540 MEV   LAMBDA/HW0= 7.1744

 E2ENERGY=0.730 MEV  HBAR**2/B= 9138./A**(7/3)=1544.8/A**2 MEV

 IREC=0  =>  RECOIL TERMS j+j-, j+j+, jzjz, ETC TREATED AS ONE-BODY OPERATORS WITH UU+VV PAIRING FACTORS



 S. P. LEVEL   EQP       U     V        (UU + VV)**1.00

     25       4.119    0.115 0.993      1.000 1.000 1.000 0.996 0.992 0.989 0.989 0.612 0.580 0.525 0.478 0.387 0.364 0.286 0.237
     26       4.109    0.116 0.993      1.000 1.000 1.000 0.996 0.992 0.989 0.989 0.612 0.581 0.526 0.478 0.387 0.364 0.286 0.238
     27       3.574    0.133 0.991      1.000 1.000 1.000 0.998 0.994 0.992 0.991 0.626 0.595 0.541 0.493 0.404 0.381 0.303 0.255
     28       2.381    0.202 0.979      0.996 0.996 0.998 1.000 0.999 0.998 0.998 0.679 0.650 0.598 0.553 0.467 0.445 0.369 0.322
     29       2.050    0.237 0.971      0.992 0.992 0.994 0.999 1.000 1.000 1.000 0.705 0.676 0.626 0.582 0.498 0.476 0.402 0.356
     30       1.887    0.259 0.966      0.989 0.989 0.992 0.998 1.000 1.000 1.000 0.721 0.693 0.644 0.601 0.517 0.496 0.422 0.377
     31       1.860    0.263 0.965      0.989 0.989 0.991 0.998 1.000 1.000 1.000 0.724 0.696 0.647 0.604 0.521 0.499 0.426 0.380
     32       1.067    0.856 0.517      0.612 0.612 0.626 0.679 0.705 0.721 0.724 1.000 0.999 0.994 0.987 0.966 0.959 0.933 0.913
     33       1.117    0.876 0.482      0.580 0.581 0.595 0.650 0.676 0.693 0.696 0.999 1.000 0.998 0.993 0.976 0.970 0.946 0.929
     34       1.230    0.906 0.424      0.525 0.526 0.541 0.598 0.626 0.644 0.647 0.994 0.998 1.000 0.998 0.988 0.984 0.966 0.951
     35       1.364    0.928 0.373      0.478 0.478 0.493 0.553 0.582 0.601 0.604 0.987 0.993 0.998 1.000 0.995 0.992 0.978 0.967
     36       1.768    0.961 0.278      0.387 0.387 0.404 0.467 0.498 0.517 0.521 0.966 0.976 0.988 0.995 1.000 1.000 0.994 0.988
     37       1.921    0.967 0.254      0.364 0.364 0.381 0.445 0.476 0.496 0.499 0.959 0.970 0.984 0.992 1.000 1.000 0.997 0.991
     38       2.768    0.985 0.173      0.286 0.286 0.303 0.369 0.402 0.422 0.426 0.933 0.946 0.966 0.978 0.994 0.997 1.000 0.999
     39       3.843    0.992 0.124      0.237 0.238 0.255 0.322 0.356 0.377 0.380 0.913 0.929 0.951 0.967 0.988 0.991 0.999 1.000

  R CORE   ENERGY   A0R/A00=1.000    R3= 0     2  
   2( 1)    0.732                    1.000 0.000
   2( 2)  487.921                    0.000 1.000

  R CORE   ENERGY   A0R/A00=1.000    R3= 0     2  
   3( 1)  488.652                    0.000 1.000

  R CORE   ENERGY   A0R/A00=1.000    R3= 0     2     4  
   4( 1)    2.438                    1.000 0.000 0.000

  R CORE   ENERGY   A0R/A00=1.000    R3= 0     2     4  
   5( 1)  490.847                    0.000 1.000 0.000

  R CORE   ENERGY   A0R/A00=1.000    R3= 0     2     4     6  
   6( 1)    5.121                    1.000 0.000 0.000 0.000

  R CORE   ENERGY   A0R/A00=1.000    R3= 0     2     4     6  
   7( 1)  494.017                    0.000 1.000 0.000 0.000

          AXIAL SYMMETRY => K RESTRICTED TO OMEGA

                     K
     S.P. ORB#: 25  0.50
     S.P. ORB#: 26  2.50
     S.P. ORB#: 27 -3.50
     S.P. ORB#: 28 -3.50
     S.P. ORB#: 29  0.50
     S.P. ORB#: 30 -1.50
     S.P. ORB#: 31  4.50
     S.P. ORB#: 32 -1.50
     S.P. ORB#: 33  0.50
     S.P. ORB#: 34  2.50
     S.P. ORB#: 35 -1.50
     S.P. ORB#: 36  0.50
     S.P. ORB#: 37  2.50
     S.P. ORB#: 38 -3.50
     S.P. ORB#: 39  4.50
 

             ENERGY    K= OMEGA
 
 I=  1/2- (1)  2.042  25:-0.056
                      36:-0.998
 
 I=  1/2- (2)  3.138  29: 0.999
 
 I=  1/2- (3)  5.403  25: 0.998
                      36:-0.057
 
 I=  1/2- (4)  8.812  33: 1.000
 
 I=  1/2- (5)147.370  32: 1.000

             ENERGY    K= OMEGA
 
 I=  3/2- (1)  1.573  29: 0.184
                      30: 0.099
                      32: 0.975
                      36:-0.067
 
 I=  3/2- (2)  2.652  29: 0.218
                      30: 0.265
                      32:-0.134
                      36:-0.928

             ENERGY    K= OMEGA
 
 I=  5/2- (1)  1.712  25: 0.057
                      29:-0.148
                      30:-0.187
                      32: 0.466
                      34: 0.848
 
 I=  5/2- (2)  2.225  29: 0.195
                      30:-0.183
                      32:-0.846
                      34: 0.455
                      36:-0.065
 
 I=  5/2- (3)  2.676  25:-0.077
                      29: 0.239
                      30: 0.318
                      34: 0.165
                      36: 0.899
 
 I=  5/2- (4)  3.310  25:-0.346
                      29: 0.411
                      30: 0.702
                      32: 0.073
                      34: 0.186
                      36:-0.422
 
 I=  5/2- (5)  4.446  25:-0.066
                      29: 0.810
                      30:-0.518
                      32: 0.244
                      34:-0.104

             ENERGY    K= OMEGA
 
 I=  7/2- (1)  2.353  29: 0.197
                      30:-0.211
                      32: 0.545
                      34:-0.785
 
 I=  7/2- (2)  2.890  25: 0.170
                      26:-0.109
                      28:-0.261
                      29: 0.328
                      30: 0.308
                      32: 0.665
                      34: 0.464
                      36:-0.172
 
 I=  7/2- (3)  3.139  25: 0.060
                      26: 0.213
                      27:-0.075
                      28: 0.932
                      29: 0.111
                      30: 0.104
                      32: 0.176
                      34: 0.134
                      36:-0.067
 
 I=  7/2- (4)  3.461  33:-0.735
                      35:-0.571
                      37:-0.338
                      38:-0.136
 
 I=  7/2- (5)  4.151  25:-0.192
                      29:-0.189
                      30:-0.454
                      32: 0.343
                      34: 0.294
                      36: 0.718

             ENERGY    K= OMEGA
 
 I=  9/2- (1)  2.624  26:-0.075
                      27: 0.251
                      28: 0.182
                      31:-0.942
                      32:-0.051
                      34:-0.076
 
 I=  9/2- (2)  3.042  25: 0.201
                      29:-0.323
                      30:-0.390
                      31:-0.104
                      32: 0.478
                      34: 0.661
                      36:-0.158
 
 I=  9/2- (3)  3.939  26:-0.298
                      27:-0.102
                      28: 0.768
                      29: 0.102
                      30:-0.175
                      31: 0.146
                      32:-0.434
                      34: 0.221
                      36:-0.103
 
 I=  9/2- (4)  4.160  25:-0.172
                      26:-0.080
                      27:-0.060
                      28: 0.380
                      29: 0.110
                      30: 0.402
                      31: 0.051
                      32: 0.521
                      34: 0.102
                      36: 0.599
 
 I=  9/2- (5)  4.261  25: 0.119
                      26:-0.090
                      28: 0.351
                      29:-0.381
                      31: 0.086
                      32: 0.413
                      34:-0.620
                      36:-0.384

             ENERGY    K= OMEGA
 
 I= 11/2- (1)  2.339  33:-0.672
                      35:-0.566
                      37:-0.403
                      38:-0.236
                      39:-0.101
 
 I= 11/2- (2)  3.593  26: 0.124
                      27: 0.332
                      28: 0.251
                      31: 0.893
                      32:-0.067
                      34: 0.089
 
 I= 11/2- (3)  4.306  29: 0.289
                      30:-0.280
                      31: 0.127
                      32: 0.579
                      34:-0.695
 
 I= 11/2- (4)  4.861  25: 0.267
                      26:-0.195
                      27: 0.081
                      28:-0.370
                      29: 0.377
                      30: 0.398
                      31: 0.096
                      32: 0.475
                      34: 0.413
                      36:-0.205
 
 I= 11/2- (5)  5.205  25: 0.158
                      26: 0.315
                      27:-0.120
                      28: 0.801
                      29: 0.221
                      30: 0.210
                      31:-0.225
                      32: 0.187
                      34: 0.155
                      36:-0.131

             ENERGY    K= OMEGA
 
 I= 13/2- (1)  4.091  33:-0.192
                      35: 0.495
                      37:-0.607
                      38: 0.515
                      39:-0.290
 
 I= 13/2- (2)  4.772  25:-0.068
                      26:-0.163
                      27: 0.374
                      28: 0.287
                      29: 0.094
                      30: 0.106
                      31:-0.827
                      32:-0.126
                      34:-0.160
 
 I= 13/2- (3)  5.101  25: 0.323
                      27: 0.065
                      28: 0.088
                      29:-0.413
                      30:-0.482
                      31:-0.234
                      32: 0.383
                      34: 0.484
                      36:-0.212
 
 I= 13/2- (4)  6.427  26: 0.393
                      27: 0.163
                      28:-0.765
                      29:-0.074
                      30: 0.141
                      31:-0.279
                      32: 0.327
                      34:-0.122
                      36: 0.086
 
 I= 13/2- (5)  6.739  25:-0.229
                      27:-0.067
                      28: 0.210
                      29: 0.179
                      30: 0.302
                      32: 0.472
                      34: 0.456
                      36: 0.586

             ENERGY     K= 9/2
  32 LEVELS    TIME=  0.0 SEC



 ******************* EXCITATION ENERGIES, DOMINANT CONFIGURATION AND EXPECTATION VALUES (WITH S.P. UU+VV FACTORS) *******************

  NR  Eex(keV)  I   Kdom  NY    <Jz>  <Jx**2> <Jy**2> <Jz**2> <I.j>/|I|  <Rx**2> <Ry**2> <Rz**2> <R.j>/|R|  <HROTx> <HROTy> <HROTz>

   1    0.0   3/2-  -3/2  32   -1.42    1.63    1.63    2.17    1.40       1.87    1.87    0.00   -1.40      0.228   0.228   0.000
   2  138.9   5/2-   5/2  34    1.43    1.92    1.92    5.08    2.34       1.91    1.91    0.00   -1.02      0.233   0.233   0.000
   3  469.4   1/2-   1/2  36    0.50    1.31    1.31    0.25    0.82       1.10    1.10   -0.00   -1.45      0.134   0.134  -0.000
   4  652.4   5/2-  -3/2  32   -0.58    1.62    1.62    3.00    1.08       4.31    4.31    0.00   -1.04      0.525   0.525   0.000
   5  765.7  11/2-   1/2  33    0.00   27.16   27.16    2.74    7.15       3.66    3.66   -0.00   -5.29      0.446   0.446  -0.000
  
   6  779.9   7/2-   5/2  34    1.04    2.00    2.00    4.66    1.93       4.53    4.53    0.00   -0.33      0.552   0.552   0.000
   7 1051.4   9/2-   9/2  31    3.68    2.64    2.64   19.24    4.43       2.59    2.59    0.00   -1.09      0.315   0.315   0.000
   8 1079.0   3/2-   1/2  36    0.32    1.69    1.69    0.43    0.11       3.57    3.57   -0.00   -1.35      0.435   0.435  -0.000
   9 1103.0   5/2-   1/2  36    0.35    2.10    2.10    0.61    1.07       3.61    3.61    0.00   -0.61      0.440   0.440   0.000
  10 1316.8   7/2-  -3/2  32   -0.40    1.97    1.97    3.52    1.51       5.60    5.60    0.00   -0.43      0.683   0.683   0.000
  
  11 1468.9   9/2-   5/2  34    0.65    2.87    2.87    3.86    2.20       6.25    6.25    0.00    0.37      0.762   0.762   0.000
  12 1565.0   1/2-   1/2  29    0.50    4.25    4.25    0.25    0.34       4.45    4.45    0.00   -2.83      0.543   0.543   0.000
  13 1565.7   7/2-  -7/2  28   -2.96    2.31    2.31   11.21    3.21       3.03    3.03    0.00   -1.25      0.370   0.370   0.000
  14 1737.6   5/2-  -3/2  30   -0.43    3.59    3.59    1.45    1.31       4.83    4.83    0.00   -1.53      0.588   0.588   0.000
  15 1888.1   7/2-   1/2  33    0.00   27.40   27.40    1.81    6.90       8.78    8.78   -0.00   -6.97      1.070   1.070  -0.000
  
  16 2020.0  11/2-   9/2  31    3.04    2.94    2.94   18.44    4.00       6.09    6.09    0.00   -0.11      0.742   0.742   0.000
  17 2366.4   9/2-  -7/2  28   -1.98    2.28    2.28    9.14    2.44       7.09    7.09    0.00   -0.42      0.865   0.865   0.000
  18 2517.9  13/2-   5/2  37    0.02   25.78   25.78    7.82    6.60       7.99    7.99    0.00   -3.33      0.975   0.975   0.000
  19 2577.7   7/2-   1/2  36    0.02    2.51    2.51    1.44    0.33       9.80    9.80    0.00   -1.16      1.194   1.194   0.000
  20 2586.7   9/2-   1/2  36   -0.91    2.14    2.14    3.04    1.26       9.78    9.78    0.00   -0.24      1.193   1.193   0.000
  
  21 2688.2   9/2-   5/2  34    0.48    2.40    2.40    4.58    1.24      10.87   10.87    0.00   -0.68      1.325   1.325   0.000
  22 2733.3  11/2-   5/2  34    0.70    2.26    2.26    4.32    1.67      12.29   12.29    0.00    0.24      1.498   1.498   0.000
  23 2872.8   5/2-   1/2  29   -0.13    4.25    4.25    0.97   -0.38      10.24   10.24    0.00   -2.34      1.249   1.249   0.000
  24 3199.1  13/2-   9/2  31    2.39    3.21    3.21   16.95    3.65      10.60   10.60    0.00    0.45      1.293   1.293   0.000
  25 3288.5  11/2-  -3/2  32   -0.39    2.47    2.47    4.17    1.74      12.02   12.02    0.00    0.27      1.465   1.465   0.000
  
  26 3527.6  13/2-   5/2  34    0.38    3.74    3.74    3.65    2.39      13.22   13.22    0.00    1.09      1.612   1.612   0.000
  27 3632.4  11/2-  -7/2  28   -1.84    2.60    2.60   10.03    2.38      11.24   11.24    0.00   -0.21      1.371   1.371   0.000
  28 3830.5   1/2-   1/2  25    0.50    5.41    5.41    0.25    0.70       5.31    5.31    0.00   -3.21      0.647   0.647   0.000
  29 4854.0  13/2-  -7/2  28   -1.55    2.57    2.57   10.43    2.28      16.24   16.24    0.00    0.06      1.980   1.980   0.000
  30 5165.8  13/2-   1/2  36    0.09    2.23    2.23    2.72    1.03      20.74   20.74    0.00    0.01      2.529   2.529   0.000
  
  31 7239.5   1/2-   1/2  33    0.50   27.62   27.62    0.25   -3.97      31.56   31.56    0.00   -7.42      3.848   3.848   0.000
  32*******   1/2-  -3/2  32    0.00    0.00    0.00    0.00   -0.00       0.00    0.00    0.00   -0.00      0.000   0.000   0.000
