1SPECTRUM OF (Z= 82 A=207) IN PARTICLE-ROTOR  MODEL WITH MODIFIED OSCILLATOR POTENTIAL


 PARITY=-   EPS= 0.241   GAMMA=  0.0   EPS4=0.000   EPS6=0.000   LEVELS:  25  26  27  28  29  30  31  32  33  34  35  36  37  38  39

 PAIRING FACTORS: GN0= 19.20  GN1=  7.40  IPAIR= 15 ***  E2PLUS(INPUT)=   0.730  E2PLUR(INPUT)=   0.000

 CORIOLIS ATTENUATION PARAMETERS:  CHSI=1.000  ETA=  1.00

 MOMENT OF INERTIA PARAMETERS:   A1=  0.122 MEV   A2=  0.122 MEV   A3=121.91922 MEV


 DELTA=0.938 MEV  LAMBDA=53.4337 MEV   HW0= 7.4620 MEV   LAMBDA/HW0= 7.1608

 E2ENERGY=0.730 MEV  HBAR**2/B=10769./A**(7/3)=1820.5/A**2 MEV

 IREC=0  =>  RECOIL TERMS j+j-, j+j+, jzjz, ETC TREATED AS ONE-BODY OPERATORS WITH UU+VV PAIRING FACTORS



 S. P. LEVEL   EQP       U     V        (UU + VV)**1.00

     25       4.137    0.114 0.993      1.000 1.000 1.000 0.993 0.990 0.986 0.980 0.682 0.538 0.516 0.449 0.382 0.346 0.287 0.234
     26       3.945    0.120 0.993      1.000 1.000 1.000 0.994 0.991 0.987 0.981 0.686 0.543 0.521 0.454 0.388 0.351 0.292 0.239
     27       3.402    0.139 0.990      1.000 1.000 1.000 0.996 0.993 0.990 0.984 0.701 0.559 0.537 0.471 0.406 0.370 0.311 0.258
     28       2.084    0.231 0.973      0.993 0.994 0.996 1.000 1.000 0.999 0.997 0.764 0.634 0.614 0.552 0.489 0.455 0.399 0.348
     29       1.917    0.253 0.968      0.990 0.991 0.993 1.000 1.000 1.000 0.998 0.778 0.651 0.631 0.570 0.509 0.475 0.419 0.368
     30       1.755    0.278 0.961      0.986 0.987 0.990 0.999 1.000 1.000 0.999 0.795 0.671 0.651 0.592 0.531 0.498 0.443 0.393
     31       1.583    0.312 0.950      0.980 0.981 0.984 0.997 0.998 0.999 1.000 0.815 0.697 0.678 0.620 0.560 0.528 0.474 0.425
     32       0.981    0.804 0.594      0.682 0.686 0.701 0.764 0.778 0.795 0.815 1.000 0.983 0.978 0.960 0.936 0.922 0.896 0.870
     33       1.190    0.899 0.438      0.538 0.543 0.559 0.634 0.651 0.671 0.697 0.983 1.000 1.000 0.995 0.985 0.977 0.962 0.945
     34       1.242    0.910 0.415      0.516 0.521 0.537 0.614 0.631 0.651 0.678 0.978 1.000 1.000 0.997 0.989 0.982 0.969 0.954
     35       1.451    0.939 0.344      0.449 0.454 0.471 0.552 0.570 0.592 0.620 0.960 0.995 0.997 1.000 0.997 0.994 0.985 0.974
     36       1.777    0.962 0.274      0.382 0.388 0.406 0.489 0.509 0.531 0.560 0.936 0.985 0.989 0.997 1.000 0.999 0.995 0.988
     37       2.038    0.972 0.237      0.346 0.351 0.370 0.455 0.475 0.498 0.528 0.922 0.977 0.982 0.994 0.999 1.000 0.998 0.993
     38       2.708    0.984 0.176      0.287 0.292 0.311 0.399 0.419 0.443 0.474 0.896 0.962 0.969 0.985 0.995 0.998 1.000 0.998
     39       3.895    0.993 0.121      0.234 0.239 0.258 0.348 0.368 0.393 0.425 0.870 0.945 0.954 0.974 0.988 0.993 0.998 1.000

  R CORE   ENERGY   A0R/A00=1.000    R3= 0     2  
   2( 1)    0.732                    1.000 0.000
   2( 2)  487.921                    0.000 1.000

  R CORE   ENERGY   A0R/A00=1.000    R3= 0     2  
   3( 1)  488.652                    0.000 1.000

  R CORE   ENERGY   A0R/A00=1.000    R3= 0     2     4  
   4( 1)    2.438                    1.000 0.000 0.000

  R CORE   ENERGY   A0R/A00=1.000    R3= 0     2     4  
   5( 1)  490.847                    0.000 1.000 0.000

  R CORE   ENERGY   A0R/A00=1.000    R3= 0     2     4     6  
   6( 1)    5.121                    1.000 0.000 0.000 0.000

  R CORE   ENERGY   A0R/A00=1.000    R3= 0     2     4     6  
   7( 1)  494.017                    0.000 1.000 0.000 0.000

          AXIAL SYMMETRY => K RESTRICTED TO OMEGA

                     K
     S.P. ORB#: 25  0.50
     S.P. ORB#: 26  2.50
     S.P. ORB#: 27 -3.50
     S.P. ORB#: 28 -3.50
     S.P. ORB#: 29  0.50
     S.P. ORB#: 30 -1.50
     S.P. ORB#: 31  4.50
     S.P. ORB#: 32  0.50
     S.P. ORB#: 33 -1.50
     S.P. ORB#: 34 -1.50
     S.P. ORB#: 35  2.50
     S.P. ORB#: 36  2.50
     S.P. ORB#: 37  0.50
     S.P. ORB#: 38 -3.50
     S.P. ORB#: 39  4.50
 

             ENERGY    K= OMEGA
 
 I=  1/2- (1)  2.326  25:-0.054
                      37:-0.998
 
 I=  1/2- (2)  3.035  29: 0.999
 
 I=  1/2- (3)  5.483  25: 0.998
                      37:-0.056
 
 I=  1/2- (4)  8.497  32:-1.000
 
 I=  1/2- (5)147.493  33:-1.000

             ENERGY    K= OMEGA
 
 I=  3/2- (1)  1.755  29: 0.199
                      30: 0.106
                      34: 0.971
                      37:-0.068
 
 I=  3/2- (2)  2.817  25: 0.119
                      29: 0.092
                      30: 0.775
                      34:-0.151
                      37:-0.595

             ENERGY    K= OMEGA
 
 I=  5/2- (1)  1.925  25: 0.070
                      29:-0.170
                      30:-0.219
                      34: 0.480
                      35: 0.827
 
 I=  5/2- (2)  2.419  29: 0.187
                      30:-0.218
                      34:-0.835
                      35: 0.460
                      37:-0.079
 
 I=  5/2- (3)  2.854  25:-0.167
                      29: 0.359
                      30: 0.497
                      35: 0.253
                      37: 0.729
 
 I=  5/2- (4)  3.346  25:-0.296
                      29: 0.311
                      30: 0.576
                      34: 0.067
                      35: 0.163
                      37:-0.672
 
 I=  5/2- (5)  4.337  25:-0.067
                      29: 0.811
                      30:-0.510
                      34: 0.254
                      35:-0.112

             ENERGY    K= OMEGA
 
 I=  7/2- (1)  2.570  29:-0.214
                      30: 0.233
                      34:-0.550
                      35: 0.770
 
 I=  7/2- (2)  2.815  26: 0.232
                      27:-0.077
                      28: 0.943
                      29:-0.077
                      30:-0.067
                      34:-0.175
                      35:-0.084
 
 I=  7/2- (3)  3.092  25: 0.199
                      28: 0.226
                      29: 0.363
                      30: 0.365
                      34: 0.632
                      35: 0.459
                      37:-0.184
 
 I=  7/2- (4)  3.292  32: 0.739
                      33: 0.570
                      36: 0.334
                      38: 0.131
 
 I=  7/2- (5)  4.231  25:-0.217
                      30:-0.718
                      34: 0.290
                      35: 0.414
                      37: 0.422

             ENERGY    K= OMEGA
 
 I=  9/2- (1)  2.364  26:-0.069
                      27: 0.244
                      28: 0.178
                      31:-0.950
 
 I=  9/2- (2)  3.218  25: 0.235
                      29:-0.355
                      30:-0.446
                      34: 0.448
                      35: 0.624
                      37:-0.162
 
 I=  9/2- (3)  3.711  26:-0.315
                      27:-0.104
                      28: 0.911
                      31: 0.168
                      34:-0.156
                      35: 0.061
 
 I=  9/2- (4)  4.265  25:-0.220
                      28: 0.130
                      29: 0.117
                      30: 0.480
                      34: 0.659
                      35: 0.137
                      37: 0.486
 
 I=  9/2- (5)  4.346  32:-0.223
                      33: 0.555
                      36:-0.621
                      38: 0.458
                      39:-0.215

             ENERGY    K= OMEGA
 
 I= 11/2- (1)  2.240  32:-0.675
                      33:-0.566
                      36:-0.400
                      38:-0.231
                      39:-0.097
 
 I= 11/2- (2)  3.348  26:-0.116
                      27:-0.324
                      28:-0.246
                      31:-0.904
 
 I= 11/2- (3)  4.529  29:-0.304
                      30: 0.306
                      31:-0.071
                      34:-0.575
                      35: 0.689
 
 I= 11/2- (4)  4.802  25: 0.123
                      26:-0.344
                      27: 0.130
                      28:-0.800
                      29: 0.170
                      30: 0.192
                      31: 0.215
                      34: 0.235
                      35: 0.190
                      37:-0.084
 
 I= 11/2- (5)  5.115  25:-0.311
                      26:-0.118
                      28:-0.388
                      29:-0.427
                      30:-0.443
                      31: 0.108
                      34:-0.416
                      35:-0.353
                      37: 0.222

             ENERGY    K= OMEGA
 
 I= 13/2- (1)  4.018  32: 0.193
                      33:-0.500
                      36: 0.609
                      38:-0.511
                      39: 0.283
 
 I= 13/2- (2)  4.551  26:-0.155
                      27: 0.374
                      28: 0.291
                      31:-0.861
                      34:-0.052
                      35:-0.067
 
 I= 13/2- (3)  5.229  25:-0.361
                      29: 0.442
                      30: 0.531
                      31: 0.082
                      34:-0.355
                      35:-0.461
                      37: 0.210
 
 I= 13/2- (4)  6.194  26:-0.399
                      27:-0.163
                      28: 0.832
                      29: 0.050
                      30:-0.055
                      31: 0.287
                      34:-0.174
                      35: 0.066
 
 I= 13/2- (5)  6.860  25: 0.248
                      27: 0.055
                      28:-0.117
                      29:-0.159
                      30:-0.330
                      34:-0.582
                      35:-0.475
                      37:-0.471

             ENERGY     K= 9/2
  32 LEVELS    TIME=  0.0 SEC



 ******************* EXCITATION ENERGIES, DOMINANT CONFIGURATION AND EXPECTATION VALUES (WITH S.P. UU+VV FACTORS) *******************

  NR  Eex(keV)  I   Kdom  NY    <Jz>  <Jx**2> <Jy**2> <Jz**2> <I.j>/|I|  <Rx**2> <Ry**2> <Rz**2> <R.j>/|R|  <HROTx> <HROTy> <HROTz>

   1    0.0   3/2-  -3/2  34   -1.41    1.68    1.68    2.16    1.40       1.93    1.93    0.00   -1.43      0.235   0.235   0.000
   2  170.1   5/2-   5/2  35    1.31    2.03    2.03    4.92    2.33       1.97    1.97    0.00   -1.05      0.240   0.240   0.000
   3  484.5  11/2-   1/2  32    0.00   26.66   26.66    2.68    7.03       3.87    3.87    0.00   -5.03      0.472   0.472   0.000
   4  570.2   1/2-   1/2  37    0.50    1.37    1.37    0.25    0.82       1.16    1.16    0.00   -1.49      0.141   0.141   0.000
   5  608.4   9/2-   9/2  31    3.76    2.62    2.62   19.43    4.43       2.65    2.65   -0.00   -1.13      0.323   0.323  -0.000
  
   6  664.1   5/2-  -3/2  34   -0.56    1.67    1.67    3.02    1.07       4.41    4.41    0.00   -1.08      0.537   0.537   0.000
   7  815.1   7/2-   5/2  35    0.96    2.07    2.07    4.56    1.90       4.67    4.67    0.00   -0.37      0.569   0.569   0.000
   8 1060.1   7/2-  -7/2  28   -3.03    2.31    2.31   11.43    3.33       2.68    2.68   -0.00   -1.22      0.327   0.327  -0.000
   9 1062.1   3/2-  -3/2  30   -0.75    3.39    3.39    1.50    1.12       3.85    3.85    0.00   -2.20      0.469   0.469   0.000
  10 1098.5   5/2-   1/2  37    0.13    3.02    3.02    1.13    1.47       3.61    3.61    0.00   -1.05      0.440   0.440   0.000
  
  11 1279.7   1/2-   1/2  29    0.50    4.34    4.34    0.25    0.32       4.57    4.57    0.00   -2.87      0.557   0.557   0.000
  12 1336.3   7/2-  -3/2  34   -0.35    2.17    2.17    3.19    1.42       6.00    6.00    0.00   -0.55      0.732   0.732   0.000
  13 1462.4   9/2-   5/2  35    0.48    3.18    3.18    3.44    2.22       6.24    6.24    0.00    0.35      0.761   0.761   0.000
  14 1536.7   7/2-   1/2  32    0.00   26.85   26.85    1.78    6.78       8.71    8.71    0.00   -6.85      1.062   1.062   0.000
  15 1590.8   5/2-   1/2  37   -0.12    2.75    2.75    1.08    0.86       5.12    5.12    0.00   -1.26      0.625   0.625   0.000
  
  16 1592.4  11/2-   9/2  31    3.13    2.90    2.90   18.68    4.00       6.20    6.20   -0.00   -0.16      0.756   0.756  -0.000
  17 1955.4   9/2-  -7/2  28   -2.60    2.45    2.45   11.58    2.94       6.01    6.01   -0.00   -0.54      0.733   0.733  -0.000
  18 2262.4  13/2-   5/2  36    0.02   25.53   25.53    7.72    6.52       8.22    8.22    0.00   -3.26      1.002   1.002   0.000
  19 2475.7   7/2-  -3/2  30   -0.37    3.52    3.52    2.51    0.70       9.86    9.86    0.00   -1.52      1.202   1.202   0.000
  20 2510.1   9/2-  -3/2  34   -0.86    2.32    2.32    1.91    1.05      10.44   10.44    0.00   -0.29      1.273   1.273   0.000
  
  21 2581.8   5/2-   1/2  29   -0.12    4.31    4.31    0.98   -0.37      10.26   10.26    0.00   -2.36      1.250   1.250   0.000
  22 2591.0   9/2-   5/2  36    0.00   25.86   25.86    6.63    6.30      10.24   10.24    0.00   -5.98      1.248   1.248   0.000
  23 2773.4  11/2-   5/2  35    0.62    2.34    2.34    4.08    1.62      12.59   12.59    0.00    0.18      1.534   1.534   0.000
  24 2795.7  13/2-   9/2  31    2.62    3.14    3.14   17.96    3.69      10.72   10.72    0.00    0.33      1.307   1.307   0.000
  25 3047.1  11/2-  -7/2  28   -1.82    2.58    2.58   10.16    2.52      10.48   10.48   -0.00   -0.06      1.278   1.278  -0.000
  
  26 3359.3  11/2-  -3/2  30   -0.52    2.77    2.77    3.88    1.63      12.84   12.84    0.00    0.06      1.566   1.566   0.000
  27 3473.3  13/2-  -3/2  30    0.13    4.07    4.07    2.51    2.34      13.32   13.32    0.00    1.11      1.624   1.624   0.000
  28 3727.5   1/2-   1/2  25    0.50    5.66    5.66    0.25    0.70       5.56    5.56    0.00   -3.29      0.678   0.678   0.000
  29 4438.3  13/2-  -7/2  28   -1.78    2.64    2.64   11.56    2.44      15.79   15.79   -0.00    0.03      1.925   1.925  -0.000
  30 5105.0  13/2-  -3/2  34   -0.01    2.28    2.28    2.72    1.00      21.01   21.01    0.00   -0.04      2.562   2.562   0.000
  
  31 6741.5   1/2-   1/2  32    0.50   26.94   26.94    0.25   -3.91      30.82   30.82    0.00   -7.33      3.758   3.758   0.000
  32*******   1/2-  -3/2  33    0.00    0.00    0.00    0.00   -0.00       0.00    0.00    0.00   -0.00      0.000   0.000   0.000
