1SPECTRUM OF (Z= 82 A=207) IN PARTICLE-ROTOR  MODEL WITH MODIFIED OSCILLATOR POTENTIAL


 PARITY=-   EPS= 0.369   GAMMA=  0.0   EPS4=0.000   EPS6=0.000   LEVELS:  26  27  28  29  30  31  32  33  34  35  36  37  38  39  40

 PAIRING FACTORS: GN0= 19.20  GN1=  7.40  IPAIR= 15 ***  E2PLUS(INPUT)=   0.730  E2PLUR(INPUT)=   0.000

 CORIOLIS ATTENUATION PARAMETERS:  CHSI=1.000  ETA=  1.00

 MOMENT OF INERTIA PARAMETERS:   A1=  0.122 MEV   A2=  0.122 MEV   A3=121.91926 MEV


 DELTA=0.875 MEV  LAMBDA=53.4268 MEV   HW0= 7.5363 MEV   LAMBDA/HW0= 7.0892

 E2ENERGY=0.730 MEV  HBAR**2/B=25247./A**(7/3)=4267.9/A**2 MEV

 IREC=0  =>  RECOIL TERMS j+j-, j+j+, jzjz, ETC TREATED AS ONE-BODY OPERATORS WITH UU+VV PAIRING FACTORS



 S. P. LEVEL   EQP       U     V        (UU + VV)**1.00

     26       2.939    0.151 0.989      1.000 1.000 0.999 0.991 0.961 0.938 0.771 0.729 0.534 0.393 0.358 0.296 0.283 0.265 0.261
     27       2.517    0.177 0.984      1.000 1.000 1.000 0.994 0.968 0.947 0.787 0.747 0.556 0.417 0.383 0.321 0.308 0.291 0.286
     28       2.380    0.187 0.982      0.999 1.000 1.000 0.995 0.970 0.950 0.794 0.754 0.565 0.426 0.393 0.331 0.318 0.301 0.297
     29       1.628    0.280 0.960      0.991 0.994 0.995 1.000 0.989 0.976 0.848 0.813 0.641 0.511 0.479 0.419 0.407 0.391 0.386
     30       1.150    0.419 0.908      0.961 0.968 0.970 0.989 1.000 0.997 0.917 0.890 0.748 0.632 0.603 0.549 0.538 0.523 0.519
     31       1.033    0.484 0.875      0.938 0.947 0.950 0.976 0.997 1.000 0.944 0.921 0.794 0.687 0.660 0.609 0.598 0.583 0.580
     32       0.881    0.746 0.666      0.771 0.787 0.794 0.848 0.917 0.944 1.000 0.998 0.950 0.888 0.871 0.836 0.829 0.819 0.816
     33       0.901    0.786 0.618      0.729 0.747 0.754 0.813 0.890 0.921 0.998 1.000 0.968 0.916 0.900 0.869 0.863 0.853 0.851
     34       1.192    0.916 0.401      0.534 0.556 0.565 0.641 0.748 0.794 0.950 0.968 1.000 0.987 0.981 0.965 0.962 0.957 0.955
     35       1.812    0.968 0.249      0.393 0.417 0.426 0.511 0.632 0.687 0.888 0.916 0.987 1.000 0.999 0.995 0.993 0.991 0.990
     36       2.098    0.977 0.214      0.358 0.383 0.393 0.479 0.603 0.660 0.871 0.900 0.981 0.999 1.000 0.998 0.997 0.995 0.995
     37       2.985    0.989 0.148      0.296 0.321 0.331 0.419 0.549 0.609 0.836 0.869 0.965 0.995 0.998 1.000 1.000 1.000 0.999
     38       3.270    0.991 0.135      0.283 0.308 0.318 0.407 0.538 0.598 0.829 0.863 0.962 0.993 0.997 1.000 1.000 1.000 1.000
     39       3.766    0.993 0.117      0.265 0.291 0.301 0.391 0.523 0.583 0.819 0.853 0.957 0.991 0.995 1.000 1.000 1.000 1.000
     40       3.913    0.994 0.113      0.261 0.286 0.297 0.386 0.519 0.580 0.816 0.851 0.955 0.990 0.995 0.999 1.000 1.000 1.000

  R CORE   ENERGY   A0R/A00=1.000    R3= 0     2  
   2( 1)    0.732                    1.000 0.000
   2( 2)  487.921                    0.000 1.000

  R CORE   ENERGY   A0R/A00=1.000    R3= 0     2  
   3( 1)  488.652                    0.000 1.000

  R CORE   ENERGY   A0R/A00=1.000    R3= 0     2     4  
   4( 1)    2.438                    1.000 0.000 0.000

  R CORE   ENERGY   A0R/A00=1.000    R3= 0     2     4  
   5( 1)  490.847                    0.000 1.000 0.000

  R CORE   ENERGY   A0R/A00=1.000    R3= 0     2     4     6  
   6( 1)    5.121                    1.000 0.000 0.000 0.000

  R CORE   ENERGY   A0R/A00=1.000    R3= 0     2     4     6  
   7( 1)  494.017                    0.000 1.000 0.000 0.000

          AXIAL SYMMETRY => K RESTRICTED TO OMEGA

                     K
     S.P. ORB#: 26  2.50
     S.P. ORB#: 27  0.50
     S.P. ORB#: 28 -3.50
     S.P. ORB#: 29 -1.50
     S.P. ORB#: 30  0.50
     S.P. ORB#: 31 -1.50
     S.P. ORB#: 32  2.50
     S.P. ORB#: 33 -3.50
     S.P. ORB#: 34  4.50
     S.P. ORB#: 35  0.50
     S.P. ORB#: 36 -3.50
     S.P. ORB#: 37 -1.50
     S.P. ORB#: 38  2.50
     S.P. ORB#: 39  0.50
     S.P. ORB#: 40 -1.50
 

             ENERGY    K= OMEGA
 
 I=  1/2- (1)  2.434  30:-1.000
 
 I=  1/2- (2)  4.790  27:-0.202
                      35: 0.905
                      39:-0.374
 
 I=  1/2- (3)  7.548  27:-0.441
                      35: 0.257
                      39: 0.860
 
 I=  1/2- (4)  9.201  27: 0.874
                      35: 0.339
                      39: 0.348
 
 I=  1/2- (5)147.336  31:-1.000

             ENERGY    K= OMEGA
 
 I=  3/2- (1)  2.323  30: 0.440
                      31:-0.898
 
 I=  3/2- (2)  2.686  30:-0.858
                      31:-0.428
                      37:-0.285

             ENERGY    K= OMEGA
 
 I=  5/2- (1)  2.768  30: 0.396
                      31: 0.867
                      37:-0.098
                      38:-0.283
 
 I=  5/2- (2)  3.387  26:-0.058
                      30: 0.804
                      31:-0.385
                      37:-0.439
                      38: 0.092
 
 I=  5/2- (3)  4.004  26:-0.089
                      30:-0.249
                      31:-0.205
                      37:-0.439
                      38:-0.834
 
 I=  5/2- (4)  4.545  26:-0.288
                      30:-0.354
                      31: 0.240
                      37:-0.724
                      38: 0.458
 
 I=  5/2- (5)  4.750  26: 0.951
                      30:-0.095
                      37:-0.284
                      38: 0.077

             ENERGY    K= OMEGA
 
 I=  7/2- (1)  1.752  26:-0.168
                      33: 0.984
 
 I=  7/2- (2)  3.341  30:-0.547
                      31: 0.740
                      37:-0.203
                      38: 0.330
 
 I=  7/2- (3)  3.882  27: 0.660
                      29: 0.583
                      32: 0.427
                      35:-0.065
                      36: 0.189
 
 I=  7/2- (4)  4.040  26:-0.072
                      30: 0.713
                      31: 0.530
                      37: 0.391
                      38: 0.228
 
 I=  7/2- (5)  4.256  26:-0.200
                      28:-0.965
                      30:-0.052
                      31: 0.066
                      37: 0.060
                      38:-0.131

             ENERGY    K= OMEGA
 
 I=  9/2- (1)  2.114  26: 0.085
                      28:-0.166
                      33: 0.324
                      34: 0.927
 
 I=  9/2- (2)  2.783  26:-0.227
                      28:-0.096
                      33:-0.912
                      34: 0.323
 
 I=  9/2- (3)  4.287  30:-0.437
                      31:-0.764
                      33: 0.054
                      37: 0.224
                      38: 0.413
 
 I=  9/2- (4)  4.669  27:-0.199
                      29: 0.538
                      32:-0.689
                      35:-0.073
                      36: 0.431
                      40:-0.076
 
 I=  9/2- (5)  5.249  26: 0.128
                      28:-0.117
                      30:-0.666
                      31: 0.458
                      33:-0.055
                      37: 0.539
                      38:-0.151

             ENERGY    K= OMEGA
 
 I= 11/2- (1)  3.241  26: 0.138
                      28: 0.226
                      33:-0.420
                      34: 0.868
 
 I= 11/2- (2)  3.251  27:-0.620
                      29:-0.576
                      32:-0.451
                      35:-0.145
                      36:-0.229
                      40: 0.076
 
 I= 11/2- (3)  4.043  26:-0.265
                      28: 0.143
                      31: 0.058
                      33: 0.852
                      34: 0.418
                      38: 0.067
 
 I= 11/2- (4)  5.171  27: 0.255
                      29: 0.075
                      32:-0.066
                      35:-0.822
                      39:-0.254
                      40: 0.427
 
 I= 11/2- (5)  5.286  30:-0.560
                      31: 0.666
                      33:-0.067
                      37:-0.288
                      38: 0.392

             ENERGY    K= OMEGA
 
 I= 13/2- (1)  4.595  26: 0.183
                      28:-0.265
                      33: 0.474
                      34: 0.819
 
 I= 13/2- (2)  5.128  27: 0.203
                      29:-0.538
                      32: 0.678
                      35: 0.083
                      36:-0.437
                      40: 0.102
 
 I= 13/2- (3)  5.534  26:-0.291
                      28:-0.184
                      31:-0.080
                      33:-0.803
                      34: 0.473
                      38: 0.086
 
 I= 13/2- (4)  6.752  30: 0.446
                      31: 0.702
                      33:-0.093
                      34: 0.053
                      37:-0.294
                      38:-0.457
 
 I= 13/2- (5)  7.268  27:-0.125
                      29: 0.113
                      35: 0.684
                      39:-0.589
                      40: 0.396

             ENERGY     K=-3/2
  32 LEVELS    TIME=  0.0 SEC



 ******************* EXCITATION ENERGIES, DOMINANT CONFIGURATION AND EXPECTATION VALUES (WITH S.P. UU+VV FACTORS) *******************

  NR  Eex(keV)  I   Kdom  NY    <Jz>  <Jx**2> <Jy**2> <Jz**2> <I.j>/|I|  <Rx**2> <Ry**2> <Rz**2> <R.j>/|R|  <HROTx> <HROTy> <HROTz>

   1    0.0   7/2-  -7/2  33   -3.32    2.31    2.31   12.07    3.27       3.23    3.23    0.00   -1.46      0.394   0.394   0.000
   2  361.3   9/2-   9/2  34    3.42    2.50    2.50   19.09    4.16       3.72    3.72   -0.00   -1.24      0.453   0.453  -0.000
   3  571.0   3/2-  -3/2  31   -1.11    4.89    4.89    1.86    1.29       5.20    5.20    0.00   -2.84      0.633   0.633   0.000
   4  681.8   1/2-   1/2  30    0.50    4.86    4.86    0.25    0.11       5.27    5.27   -0.00   -3.04      0.642   0.642  -0.000
   5  933.4   3/2-   1/2  30   -0.03    4.52    4.52    0.78    0.52       5.77    5.77    0.00   -2.59      0.704   0.704   0.000
  
   6 1016.0   5/2-  -3/2  31   -0.86    4.67    4.67    2.26    1.34       6.22    6.22    0.00   -2.17      0.759   0.759   0.000
   7 1030.9   9/2-  -7/2  33   -2.34    2.38    2.38   12.74    2.82       7.08    7.08    0.00   -0.92      0.864   0.864   0.000
   8 1488.9  11/2-   9/2  34    2.64    2.68    2.68   18.16    3.58       8.23    8.23   -0.00   -0.52      1.003   1.003  -0.000
   9 1498.6  11/2-   1/2  27    0.02   23.98   23.98    2.78    6.28       5.69    5.69    0.00   -3.91      0.694   0.694   0.000
  10 1588.7   7/2-  -3/2  31   -0.47    4.53    4.53    2.10    1.38       7.98    7.98    0.00   -1.42      0.973   0.973   0.000
  
  11 1634.6   5/2-   1/2  30   -0.16    4.12    4.12    1.00    0.44       7.70    7.70    0.00   -2.03      0.938   0.938   0.000
  12 2129.7   7/2-   1/2  27    0.04   22.61   22.61    2.46    5.94       8.13    8.13   -0.00   -5.98      0.991   0.991  -0.000
  13 2251.8   5/2-   5/2  38    1.44    2.09    2.09    4.94    1.61       4.17    4.17    0.00   -1.51      0.508   0.508   0.000
  14 2287.5   7/2-   1/2  30   -0.26    4.09    4.09    1.47    0.59      10.35   10.35   -0.00   -1.60      1.262   1.262  -0.000
  15 2290.7  11/2-  -7/2  33   -1.65    2.46    2.46   13.17    2.51      11.92   11.92    0.00   -0.63      1.453   1.453   0.000
  
  16 2503.9   7/2-  -7/2  28   -3.13    6.11    6.11   11.80    3.10       7.57    7.57    0.00   -3.01      0.923   0.923   0.000
  17 2534.5   9/2-  -3/2  31   -0.44    4.32    4.32    2.60    1.35      11.27   11.27    0.00   -0.95      1.375   1.375   0.000
  18 2792.6   5/2-  -3/2  37   -0.08    2.85    2.85    3.17    0.42       7.57    7.57   -0.00   -1.96      0.923   0.923  -0.000
  19 2842.1  13/2-   9/2  34    2.07    2.85    2.85   17.41    3.19      13.64   13.64   -0.00   -0.16      1.663   1.663  -0.000
  20 2916.7   9/2-   5/2  32    0.12   24.22   24.22    5.91    5.26      13.36   13.36    0.00   -5.45      1.629   1.629   0.000
  
  21 2997.1   5/2-   5/2  26    2.16    5.67    5.67    5.87    1.87       7.47    7.47    0.00   -3.03      0.910   0.910   0.000
  22 3037.4   1/2-   1/2  35    0.50   11.22   11.22    0.25    0.87      10.97   10.97   -0.00   -4.68      1.338   1.338  -0.000
  23 3375.7  13/2-   5/2  32    0.05   24.25   24.25    5.91    5.22      15.14   15.14    0.00   -3.27      1.846   1.846   0.000
  24 3419.1  11/2-   1/2  35    0.13   14.05   14.05    0.68    3.47      11.52   11.52   -0.00   -1.67      1.405   1.405  -0.000
  25 3496.4   9/2-   1/2  30   -0.49    3.74    3.74    1.69    0.53      14.34   14.34    0.00   -1.22      1.748   1.748   0.000
  
  26 3533.2  11/2-  -3/2  31   -0.26    4.28    4.28    2.31    1.35      15.21   15.21    0.00   -0.50      1.855   1.855   0.000
  27 3781.8  13/2-  -7/2  33   -1.15    2.55    2.55   13.42    2.28      17.75   17.75    0.00   -0.44      2.164   2.164   0.000
  28 4999.6  13/2-  -3/2  31   -0.26    4.10    4.10    2.84    1.31      20.74   20.74    0.00   -0.29      2.529   2.529   0.000
  29 5516.0  13/2-   1/2  35    0.16   12.09   12.09    0.60    2.66      18.22   18.22    0.00   -1.03      2.221   2.221   0.000
  30 5795.7   1/2-   1/2  39    0.50   16.01   16.01    0.25   -0.61      17.04   17.04    0.00   -5.62      2.077   2.077   0.000
  
  31 7448.1   1/2-   1/2  27    0.50   23.71   23.71    0.25   -3.37      27.12   27.12    0.00   -6.87      3.307   3.307   0.000
  32*******   1/2-  -3/2  31    0.00    0.00    0.00    0.00    0.00       0.00    0.00   -0.00   -0.00      0.000   0.000  -0.000
