1SPECTRUM OF (Z= 82 A=207) IN PARTICLE-ROTOR  MODEL WITH MODIFIED OSCILLATOR POTENTIAL


 PARITY=-   EPS= 0.433   GAMMA=  0.0   EPS4=0.000   EPS6=0.000   LEVELS:  25  26  27  28  29  30  31  32  33  34  35  36  37  38  39

 PAIRING FACTORS: GN0= 19.20  GN1=  7.40  IPAIR= 15 ***  E2PLUS(INPUT)=   0.730  E2PLUR(INPUT)=   0.000

 CORIOLIS ATTENUATION PARAMETERS:  CHSI=1.000  ETA=  1.00

 MOMENT OF INERTIA PARAMETERS:   A1=  0.122 MEV   A2=  0.122 MEV   A3=121.91922 MEV


 DELTA=0.851 MEV  LAMBDA=53.4846 MEV   HW0= 7.5883 MEV   LAMBDA/HW0= 7.0483

 E2ENERGY=0.730 MEV  HBAR**2/B=34764./A**(7/3)=5876.8/A**2 MEV

 IREC=0  =>  RECOIL TERMS j+j-, j+j+, jzjz, ETC TREATED AS ONE-BODY OPERATORS WITH UU+VV PAIRING FACTORS



 S. P. LEVEL   EQP       U     V        (UU + VV)**1.00

     25       3.980    0.108 0.994      1.000 0.999 0.999 0.997 0.991 0.939 0.848 0.781 0.698 0.385 0.346 0.312 0.266 0.243 0.212
     26       3.078    0.140 0.990      0.999 1.000 1.000 0.999 0.995 0.949 0.864 0.801 0.721 0.414 0.376 0.342 0.297 0.274 0.244
     27       2.670    0.161 0.987      0.999 1.000 1.000 1.000 0.997 0.956 0.875 0.814 0.736 0.434 0.396 0.363 0.318 0.295 0.265
     28       2.387    0.181 0.983      0.997 0.999 1.000 1.000 0.998 0.962 0.885 0.826 0.750 0.452 0.415 0.382 0.337 0.314 0.285
     29       1.842    0.238 0.971      0.991 0.995 0.997 0.998 1.000 0.976 0.910 0.857 0.787 0.503 0.467 0.435 0.391 0.369 0.339
     30       1.070    0.444 0.896      0.939 0.949 0.956 0.962 0.976 1.000 0.979 0.949 0.902 0.679 0.648 0.620 0.582 0.562 0.536
     31       0.875    0.619 0.786      0.848 0.864 0.875 0.885 0.910 0.979 1.000 0.993 0.972 0.816 0.791 0.769 0.737 0.721 0.699
     32       0.851    0.704 0.710      0.781 0.801 0.814 0.826 0.857 0.949 0.993 1.000 0.992 0.877 0.856 0.837 0.809 0.795 0.776
     33       0.876    0.787 0.617      0.698 0.721 0.736 0.750 0.787 0.902 0.972 0.992 1.000 0.929 0.913 0.898 0.876 0.864 0.848
     34       1.566    0.959 0.283      0.385 0.414 0.434 0.452 0.503 0.679 0.816 0.877 0.929 1.000 0.999 0.997 0.992 0.989 0.984
     35       1.804    0.970 0.243      0.346 0.376 0.396 0.415 0.467 0.648 0.791 0.856 0.913 0.999 1.000 0.999 0.996 0.994 0.990
     36       2.092    0.978 0.208      0.312 0.342 0.363 0.382 0.435 0.620 0.769 0.837 0.898 0.997 0.999 1.000 0.999 0.997 0.995
     37       2.680    0.987 0.161      0.266 0.297 0.318 0.337 0.391 0.582 0.737 0.809 0.876 0.992 0.996 0.999 1.000 1.000 0.998
     38       3.131    0.991 0.137      0.243 0.274 0.295 0.314 0.369 0.562 0.721 0.795 0.864 0.989 0.994 0.997 1.000 1.000 1.000
     39       4.033    0.994 0.106      0.212 0.244 0.265 0.285 0.339 0.536 0.699 0.776 0.848 0.984 0.990 0.995 0.998 1.000 1.000

  R CORE   ENERGY   A0R/A00=1.000    R3= 0     2  
   2( 1)    0.732                    1.000 0.000
   2( 2)  487.921                    0.000 1.000

  R CORE   ENERGY   A0R/A00=1.000    R3= 0     2  
   3( 1)  488.652                    0.000 1.000

  R CORE   ENERGY   A0R/A00=1.000    R3= 0     2     4  
   4( 1)    2.438                    1.000 0.000 0.000

  R CORE   ENERGY   A0R/A00=1.000    R3= 0     2     4  
   5( 1)  490.847                    0.000 1.000 0.000

  R CORE   ENERGY   A0R/A00=1.000    R3= 0     2     4     6  
   6( 1)    5.121                    1.000 0.000 0.000 0.000

  R CORE   ENERGY   A0R/A00=1.000    R3= 0     2     4     6  
   7( 1)  494.017                    0.000 1.000 0.000 0.000

          AXIAL SYMMETRY => K RESTRICTED TO OMEGA

                     K
     S.P. ORB#: 25  0.50
     S.P. ORB#: 26 -5.50
     S.P. ORB#: 27 -1.50
     S.P. ORB#: 28  2.50
     S.P. ORB#: 29 -3.50
     S.P. ORB#: 30  2.50
     S.P. ORB#: 31  0.50
     S.P. ORB#: 32 -1.50
     S.P. ORB#: 33  0.50
     S.P. ORB#: 34 -3.50
     S.P. ORB#: 35 -3.50
     S.P. ORB#: 36  4.50
     S.P. ORB#: 37  0.50
     S.P. ORB#: 38 -1.50
     S.P. ORB#: 39 -1.50
 

             ENERGY    K= OMEGA
 
 I=  1/2- (1)  2.222  31:-1.000
 
 I=  1/2- (2)  3.651  25:-0.245
                      33: 0.921
                      37:-0.302
 
 I=  1/2- (3)  6.691  25:-0.255
                      33: 0.239
                      37: 0.937
 
 I=  1/2- (4) 10.136  25: 0.935
                      33: 0.307
                      37: 0.177
 
 I=  1/2- (5)147.154  32:-1.000

             ENERGY    K= OMEGA
 
 I=  3/2- (1)  2.179  31:-0.547
                      32: 0.836
 
 I=  3/2- (2)  2.491  31: 0.824
                      32: 0.546
                      39: 0.151
 
 I=  3/2- (3)  3.695  25: 0.263
                      33:-0.931
                      37:-0.126
                      38:-0.218
 
 I=  3/2- (4)  4.725  31: 0.148
                      32: 0.050
                      39:-0.988
 
 I=  3/2- (5)  6.798  25: 0.644
                      27: 0.664
                      33: 0.270
                      37:-0.130
                      38:-0.233

             ENERGY    K= OMEGA
 
 I=  5/2- (1)  2.746  28:-0.052
                      31:-0.483
                      32:-0.871
                      39: 0.067
 
 I=  5/2- (2)  3.275  28: 0.078
                      31:-0.836
                      32: 0.479
                      39: 0.255
 
 I=  5/2- (3)  3.805  25:-0.198
                      33: 0.829
                      37:-0.447
                      38:-0.269
 
 I=  5/2- (4)  4.185  28: 0.993
                      31: 0.059
                      32:-0.088
                      39: 0.055
 
 I=  5/2- (5)  5.436  28: 0.074
                      31:-0.252
                      32: 0.061
                      39:-0.963

             ENERGY    K= OMEGA
 
 I=  7/2- (1)  2.474  28: 0.156
                      34:-0.987
 
 I=  7/2- (2)  3.340  31:-0.751
                      32: 0.635
                      39:-0.176
 
 I=  7/2- (3)  3.759  28: 0.186
                      29: 0.974
                      31:-0.092
                      32:-0.079
 
 I=  7/2- (4)  3.967  28: 0.094
                      29:-0.145
                      31:-0.583
                      32:-0.755
                      39:-0.243
 
 I=  7/2- (5)  4.018  25:-0.063
                      27: 0.144
                      30: 0.159
                      33: 0.873
                      35: 0.059
                      37: 0.252
                      38: 0.347

             ENERGY    K= OMEGA
 
 I=  9/2- (1)  3.000  28:-0.099
                      29: 0.223
                      34:-0.373
                      36:-0.895
 
 I=  9/2- (2)  3.576  28: 0.203
                      29: 0.134
                      34: 0.898
                      36:-0.364
 
 I=  9/2- (3)  4.491  28: 0.063
                      31: 0.607
                      32: 0.770
                      39:-0.176
 
 I=  9/2- (4)  4.669  25: 0.136
                      27: 0.071
                      30:-0.140
                      33:-0.770
                      35: 0.070
                      37: 0.491
                      38: 0.345
 
 I=  9/2- (5)  4.926  28: 0.265
                      29:-0.916
                      31:-0.140
                      36:-0.248
                      39: 0.084

             ENERGY    K= OMEGA
 
 I= 11/2- (1)  3.908  25:-0.480
                      27:-0.557
                      30:-0.480
                      33:-0.378
                      35:-0.208
                      37:-0.121
                      38:-0.167
 
 I= 11/2- (2)  4.128  26: 0.157
                      28: 0.142
                      29: 0.289
                      34:-0.424
                      36: 0.831
 
 I= 11/2- (3)  4.425  26: 0.986
                      34: 0.109
                      36:-0.108
 
 I= 11/2- (4)  4.896  28:-0.239
                      29: 0.193
                      34: 0.852
                      36: 0.418
 
 I= 11/2- (5)  5.361  25:-0.346
                      27:-0.206
                      30:-0.173
                      33: 0.761
                      35:-0.097
                      37: 0.289
                      38: 0.369

             ENERGY    K= OMEGA
 
 I= 13/2- (1)  5.504  26:-0.129
                      28: 0.178
                      29:-0.334
                      34: 0.453
                      36: 0.796
 
 I= 13/2- (2)  5.710  25:-0.170
                      27: 0.558
                      30:-0.673
                      33:-0.206
                      35: 0.368
                      37: 0.094
                      38: 0.143
 
 I= 13/2- (3)  6.009  26:-0.988
                      34:-0.125
                      36:-0.061
 
 I= 13/2- (4)  6.447  26:-0.081
                      28: 0.268
                      29: 0.234
                      32: 0.061
                      34: 0.817
                      36:-0.441
 
 I= 13/2- (5)  6.497  25:-0.202
                      27: 0.156
                      30:-0.139
                      33: 0.717
                      35: 0.088
                      37:-0.518
                      38:-0.354

             ENERGY     K=-3/2
  35 LEVELS    TIME=  0.0 SEC



 ******************* EXCITATION ENERGIES, DOMINANT CONFIGURATION AND EXPECTATION VALUES (WITH S.P. UU+VV FACTORS) *******************

  NR  Eex(keV)  I   Kdom  NY    <Jz>  <Jx**2> <Jy**2> <Jz**2> <I.j>/|I|  <Rx**2> <Ry**2> <Rz**2> <R.j>/|R|  <HROTx> <HROTy> <HROTz>

   1    0.0   3/2-  -3/2  32   -0.90    5.12    5.12    1.65    1.25       5.40    5.40    0.00   -2.88      0.658   0.658   0.000
   2   43.2   1/2-   1/2  31    0.50    5.08    5.08    0.25    0.07       5.53    5.53    0.00   -3.12      0.674   0.674   0.000
   3  295.0   7/2-  -7/2  34   -3.35    2.33    2.33   12.10    3.18       3.64    3.64   -0.00   -1.54      0.444   0.444  -0.000
   4  312.2   3/2-   1/2  31   -0.14    4.95    4.95    0.89    0.47       6.36    6.36    0.00   -2.77      0.776   0.776   0.000
   5  567.0   5/2-  -3/2  32   -1.02    5.14    5.14    1.79    0.92       7.67    7.67    0.00   -2.38      0.936   0.936   0.000
  
   6  820.5   9/2-   9/2  36    2.97    2.61    2.61   18.60    4.06       4.06    4.06    0.00   -1.26      0.495   0.495   0.000
   7 1095.3   5/2-   1/2  31   -0.08    4.78    4.78    0.88    0.21       8.98    8.98    0.00   -2.32      1.095   1.095   0.000
   8 1160.6   7/2-   1/2  31   -0.37    5.09    5.09    1.13    0.96       9.74    9.74    0.00   -1.70      1.187   1.187   0.000
   9 1396.3   9/2-  -7/2  34   -2.19    2.41    2.41   13.05    2.72       7.80    7.80   -0.00   -1.10      0.951   0.951  -0.000
  10 1471.7   1/2-   1/2  33    0.50   10.34   10.34    0.25    1.04       9.94    9.94    0.00   -4.49      1.212   1.212   0.000
  
  11 1515.9   3/2-   1/2  33    0.40   11.63   11.63    0.35    1.84      10.12   10.12    0.00   -4.46      1.234   1.234   0.000
  12 1579.6   7/2-  -7/2  29   -3.24    6.25    6.25   11.86    3.08       7.83    7.83    0.00   -3.07      0.954   0.954   0.000
  13 1626.2   5/2-   1/2  33    0.35   11.01   11.01    0.40    2.11       9.36    9.36    0.00   -3.74      1.141   1.141   0.000
  14 1728.9  11/2-  -3/2  27    0.11   23.60   23.60    2.83    6.09       6.50    6.50    0.00   -3.78      0.792   0.792   0.000
  15 1787.8   7/2-  -3/2  32   -0.83    4.79    4.79    1.83    0.44      11.83   11.83    0.00   -1.99      1.442   1.442   0.000
  
  16 1839.1   7/2-   1/2  33    0.25   15.10   15.10    0.73    3.09      11.07   11.07    0.00   -3.97      1.349   1.349   0.000
  17 1949.1  11/2-   9/2  36    2.10    2.82    2.82   18.10    3.52       8.70    8.70    0.00   -0.65      1.061   1.061   0.000
  18 2005.8   5/2-   5/2  28    2.45    6.09    6.09    6.19    2.07       7.42    7.42    0.00   -3.18      0.905   0.905   0.000
  19 2245.9  11/2- -11/2  26   -5.34    2.75    2.75   29.85    5.00       5.66    5.66    0.00   -1.62      0.690   0.690   0.000
  20 2311.6   9/2-  -3/2  32   -0.75    5.11    5.11    1.57    0.77      14.45   14.45    0.00   -1.48      1.761   1.761   0.000
  
  21 2489.9   9/2-   1/2  33    0.27   12.17   12.17    0.67    2.52      12.37   12.37    0.00   -2.51      1.508   1.508   0.000
  22 2546.0   3/2-  -3/2  39   -1.46    1.98    1.98    2.21    0.93       3.16    3.16    0.00   -1.74      0.385   0.385   0.000
  23 2717.0  11/2-  -7/2  34   -1.76    2.53    2.53   13.32    2.35      13.04   13.04   -0.00   -0.85      1.589   1.589  -0.000
  24 2747.1   9/2-  -7/2  29   -2.49    5.95    5.95   11.99    2.39      12.45   12.45    0.00   -2.41      1.518   1.518   0.000
  25 3181.8  11/2-   1/2  33    0.16   12.86   12.86    0.90    2.77      14.62   14.62    0.00   -1.86      1.782   1.782   0.000
  
  26 3257.3   5/2-  -3/2  39   -1.35    2.15    2.15    2.14    0.32       6.66    6.66    0.00   -1.51      0.812   0.812   0.000
  27 3325.1  13/2-   9/2  36    1.73    2.99    2.99   17.43    3.10      14.45   14.45    0.00   -0.33      1.761   1.761   0.000
  28 3530.4  13/2-   5/2  30    0.20   23.12   23.12    5.26    4.88      16.04   16.04    0.00   -3.07      1.955   1.955   0.000
  29 3829.9  13/2- -11/2  26   -5.41    2.76    2.76   29.84    4.28      12.15   12.15    0.00   -1.11      1.481   1.481   0.000
  30 4268.0  13/2-  -7/2  34   -1.52    2.65    2.65   13.45    2.07      19.26   19.26   -0.00   -0.69      2.348   2.348  -0.000
  
  31 4318.0  13/2-   1/2  33    0.21   11.89   11.89    0.76    2.50      19.16   19.16    0.00   -1.14      2.336   2.336   0.000
  32 4511.5   1/2-   1/2  37    0.50   15.69   15.69    0.25   -0.38      16.52   16.52    0.00   -5.56      2.014   2.014   0.000
  33 4618.5   3/2-  -3/2  27   -0.49   21.27   21.27    1.24    4.46      15.13   15.13    0.00   -6.39      1.845   1.845   0.000
  34 7956.6   1/2-   1/2  25    0.50   23.07   23.07    0.25   -3.51      26.61   26.61    0.00   -6.78      3.244   3.244   0.000
  35*******   1/2-  -3/2  32    0.00    0.00    0.00    0.00    0.00       0.00    0.00    0.00   -0.00      0.000   0.000   0.000
  
