1SPECTRUM OF (Z= 82 A=207) IN PARTICLE-ROTOR  MODEL WITH MODIFIED OSCILLATOR POTENTIAL


 PARITY=-   EPS= 0.375   GAMMA=  0.0   EPS4=0.000   EPS6=0.000   LEVELS:  24  25  26  27  28  29  30  31  32  33  34  35  36  37  38

 PAIRING FACTORS: GN0= 19.20  GN1=  7.40  IPAIR= 15 ***  E2PLUS(INPUT)=   0.730  E2PLUR(INPUT)=   0.000

 CORIOLIS ATTENUATION PARAMETERS:  CHSI=1.000  ETA=  1.00

 MOMENT OF INERTIA PARAMETERS:   A1=  0.122 MEV   A2=  0.122 MEV   A3=121.91924 MEV


 DELTA=0.868 MEV  LAMBDA=53.4404 MEV   HW0= 7.5408 MEV   LAMBDA/HW0= 7.0869

 E2ENERGY=0.730 MEV  HBAR**2/B=26075./A**(7/3)=4407.8/A**2 MEV

 IREC=0  =>  RECOIL TERMS j+j-, j+j+, jzjz, ETC TREATED AS ONE-BODY OPERATORS WITH UU+VV PAIRING FACTORS



 S. P. LEVEL   EQP       U     V        (UU + VV)**1.00

     24       4.282    0.102 0.995      1.000 1.000 0.999 0.998 0.996 0.987 0.942 0.914 0.768 0.658 0.467 0.363 0.314 0.243 0.231
     25       4.079    0.107 0.994      1.000 1.000 0.999 0.998 0.997 0.988 0.944 0.916 0.772 0.662 0.471 0.368 0.319 0.248 0.236
     26       2.897    0.152 0.988      0.999 0.999 1.000 1.000 0.999 0.994 0.958 0.933 0.799 0.695 0.511 0.410 0.361 0.291 0.279
     27       2.654    0.166 0.986      0.998 0.998 1.000 1.000 1.000 0.995 0.962 0.938 0.808 0.706 0.523 0.423 0.375 0.305 0.293
     28       2.337    0.189 0.982      0.996 0.997 0.999 1.000 1.000 0.997 0.968 0.946 0.822 0.722 0.543 0.444 0.397 0.328 0.316
     29       1.723    0.261 0.965      0.987 0.988 0.994 0.995 0.997 1.000 0.984 0.967 0.861 0.771 0.603 0.509 0.463 0.396 0.385
     30       1.120    0.429 0.903      0.942 0.944 0.958 0.962 0.968 0.984 1.000 0.997 0.938 0.872 0.736 0.655 0.614 0.554 0.543
     31       1.007    0.497 0.868      0.914 0.916 0.933 0.938 0.946 0.967 0.997 1.000 0.962 0.907 0.786 0.710 0.673 0.616 0.606
     32       0.868    0.715 0.699      0.768 0.772 0.799 0.808 0.822 0.861 0.938 0.962 1.000 0.988 0.925 0.876 0.849 0.808 0.800
     33       0.920    0.816 0.578      0.658 0.662 0.695 0.706 0.722 0.771 0.872 0.907 0.988 1.000 0.973 0.940 0.921 0.890 0.884
     34       1.251    0.927 0.374      0.467 0.471 0.511 0.523 0.543 0.603 0.736 0.786 0.925 0.973 1.000 0.994 0.986 0.971 0.968
     35       1.689    0.964 0.267      0.363 0.368 0.410 0.423 0.444 0.509 0.655 0.710 0.876 0.940 0.994 1.000 0.999 0.992 0.990
     36       2.059    0.976 0.216      0.314 0.319 0.361 0.375 0.397 0.463 0.614 0.673 0.849 0.921 0.986 0.999 1.000 0.997 0.996
     37       3.069    0.990 0.143      0.243 0.248 0.291 0.305 0.328 0.396 0.554 0.616 0.808 0.890 0.971 0.992 0.997 1.000 1.000
     38       3.355    0.991 0.130      0.231 0.236 0.279 0.293 0.316 0.385 0.543 0.606 0.800 0.884 0.968 0.990 0.996 1.000 1.000

  R CORE   ENERGY   A0R/A00=1.000    R3= 0     2  
   2( 1)    0.732                    1.000 0.000
   2( 2)  487.921                    0.000 1.000

  R CORE   ENERGY   A0R/A00=1.000    R3= 0     2  
   3( 1)  488.652                    0.000 1.000

  R CORE   ENERGY   A0R/A00=1.000    R3= 0     2     4  
   4( 1)    2.438                    1.000 0.000 0.000

  R CORE   ENERGY   A0R/A00=1.000    R3= 0     2     4  
   5( 1)  490.847                    0.000 1.000 0.000

  R CORE   ENERGY   A0R/A00=1.000    R3= 0     2     4     6  
   6( 1)    5.121                    1.000 0.000 0.000 0.000

  R CORE   ENERGY   A0R/A00=1.000    R3= 0     2     4     6  
   7( 1)  494.017                    0.000 1.000 0.000 0.000

          AXIAL SYMMETRY => K RESTRICTED TO OMEGA

                     K
     S.P. ORB#: 24  0.50
     S.P. ORB#: 25 -5.50
     S.P. ORB#: 26  2.50
     S.P. ORB#: 27  0.50
     S.P. ORB#: 28 -3.50
     S.P. ORB#: 29 -1.50
     S.P. ORB#: 30  0.50
     S.P. ORB#: 31 -1.50
     S.P. ORB#: 32  2.50
     S.P. ORB#: 33 -3.50
     S.P. ORB#: 34  4.50
     S.P. ORB#: 35  0.50
     S.P. ORB#: 36 -3.50
     S.P. ORB#: 37 -1.50
     S.P. ORB#: 38  2.50
 

             ENERGY    K= OMEGA
 
 I=  1/2- (1)  2.402  30: 0.999
 
 I=  1/2- (2)  5.067  27: 0.263
                      35:-0.965
 
 I=  1/2- (3)  5.933  24: 0.999
 
 I=  1/2- (4)  9.049  27:-0.965
                      35:-0.263
 
 I=  1/2- (5)147.310  31:-1.000

             ENERGY    K= OMEGA
 
 I=  3/2- (1)  2.291  24: 0.069
                      30:-0.294
                      31: 0.953
 
 I=  3/2- (2)  2.485  24:-0.200
                      30:-0.917
                      31:-0.266
                      37:-0.220

             ENERGY    K= OMEGA
 
 I=  5/2- (1)  2.466  24:-0.257
                      30: 0.465
                      31: 0.817
                      37:-0.088
                      38:-0.205
 
 I=  5/2- (2)  3.364  24:-0.058
                      26:-0.060
                      30: 0.782
                      31:-0.466
                      37:-0.379
                      38: 0.141
 
 I=  5/2- (3)  4.050  24:-0.095
                      26: 0.099
                      30: 0.165
                      31: 0.136
                      37: 0.484
                      38: 0.837
 
 I=  5/2- (4)  4.596  26: 0.504
                      30: 0.290
                      31:-0.231
                      37: 0.638
                      38:-0.449
 
 I=  5/2- (5)  4.724  26:-0.855
                      30: 0.149
                      31:-0.062
                      37: 0.455
                      38:-0.185

             ENERGY    K= OMEGA
 
 I=  7/2- (1)  1.780  26: 0.164
                      33:-0.985
 
 I=  7/2- (2)  3.306  24: 0.141
                      30:-0.273
                      31: 0.881
                      37:-0.097
                      38: 0.341
 
 I=  7/2- (3)  3.468  24:-0.303
                      30:-0.866
                      31:-0.241
                      37:-0.313
 
 I=  7/2- (4)  3.946  27: 0.639
                      29: 0.587
                      32: 0.454
                      36: 0.201
 
 I=  7/2- (5)  4.220  26:-0.197
                      28:-0.970
                      31: 0.052
                      38:-0.114

             ENERGY    K= OMEGA
 
 I=  9/2- (1)  2.175  26:-0.086
                      28: 0.164
                      33:-0.337
                      34:-0.923
 
 I=  9/2- (2)  2.822  26:-0.220
                      28:-0.097
                      31:-0.061
                      33:-0.907
                      34: 0.335
                      38: 0.055
 
 I=  9/2- (3)  3.559  24:-0.369
                      30: 0.502
                      31: 0.720
                      33:-0.079
                      37:-0.151
                      38:-0.252
 
 I=  9/2- (4)  4.706  27: 0.209
                      29:-0.550
                      32: 0.687
                      36:-0.426
 
 I=  9/2- (5)  5.238  26: 0.109
                      28:-0.052
                      30:-0.675
                      31: 0.503
                      33:-0.056
                      37: 0.464
                      38:-0.237

             ENERGY    K= OMEGA
 
 I= 11/2- (1)  3.305  26:-0.138
                      28:-0.223
                      33: 0.430
                      34:-0.864
 
 I= 11/2- (2)  3.355  27:-0.630
                      29:-0.584
                      32:-0.453
                      35:-0.072
                      36:-0.229
 
 I= 11/2- (3)  4.092  26:-0.257
                      28: 0.145
                      31: 0.078
                      33: 0.847
                      34: 0.427
                      38: 0.073
 
 I= 11/2- (4)  5.228  24:-0.285
                      31:-0.863
                      33: 0.110
                      38:-0.397
 
 I= 11/2- (5)  5.340  24:-0.292
                      30:-0.870
                      37:-0.375
                      38: 0.115

             ENERGY    K= OMEGA
 
 I= 13/2- (1)  4.663  26: 0.182
                      28:-0.261
                      33: 0.482
                      34: 0.815
 
 I= 13/2- (2)  5.221  27:-0.214
                      29: 0.555
                      32:-0.677
                      36: 0.433
 
 I= 13/2- (3)  5.460  24:-0.366
                      26: 0.161
                      28: 0.117
                      30: 0.414
                      31: 0.580
                      33: 0.405
                      34:-0.277
                      37:-0.129
                      38:-0.247
 
 I= 13/2- (4)  5.662  24:-0.242
                      26:-0.233
                      28:-0.143
                      30: 0.295
                      31: 0.343
                      33:-0.697
                      34: 0.394
                      37:-0.113
                      38:-0.088
 
 I= 13/2- (5)  7.009  25:-0.999

             ENERGY     K= 5/2
  32 LEVELS    TIME=  0.0 SEC



 ******************* EXCITATION ENERGIES, DOMINANT CONFIGURATION AND EXPECTATION VALUES (WITH S.P. UU+VV FACTORS) *******************

  NR  Eex(keV)  I   Kdom  NY    <Jz>  <Jx**2> <Jy**2> <Jz**2> <I.j>/|I|  <Rx**2> <Ry**2> <Rz**2> <R.j>/|R|  <HROTx> <HROTy> <HROTz>

   1    0.0   7/2-  -7/2  33   -3.33    2.31    2.31   12.08    3.26       3.29    3.29    0.00   -1.47      0.401   0.401   0.000
   2  394.6   9/2-   9/2  34    3.36    2.50    2.50   19.02    4.14       3.77    3.77    0.00   -1.24      0.460   0.460   0.000
   3  511.3   3/2-  -3/2  31   -1.32    4.92    4.92    2.07    1.38       5.16    5.16   -0.00   -2.88      0.630   0.630  -0.000
   4  622.3   1/2-   1/2  30    0.50    4.94    4.94    0.25    0.24       5.23    5.23    0.00   -3.07      0.638   0.638   0.000
   5  685.7   5/2-  -3/2  31   -0.76    5.06    5.06    1.86    1.98       4.52    4.52   -0.00   -2.04      0.551   0.551  -0.000
  
   6  705.0   3/2-   1/2  30    0.26    4.57    4.57    0.49    1.01       4.73    4.73    0.00   -2.49      0.576   0.576   0.000
   7 1042.1   9/2-  -7/2  33   -2.28    2.38    2.38   12.79    2.81       7.16    7.16    0.00   -0.94      0.873   0.873   0.000
   8 1525.0  11/2-   9/2  34    2.58    2.67    2.67   18.11    3.56       8.32    8.32    0.00   -0.53      1.014   1.014   0.000
   9 1526.2   7/2-  -3/2  31   -0.85    4.66    4.66    2.55    1.48       7.92    7.92   -0.00   -1.50      0.966   0.966  -0.000
  10 1574.4  11/2-   1/2  27    0.02   23.36   23.36    2.79    6.16       5.82    5.82   -0.00   -3.72      0.710   0.710  -0.000
  
  11 1583.6   5/2-   1/2  30   -0.18    4.31    4.31    1.11    0.45       7.90    7.90    0.00   -2.11      0.964   0.964   0.000
  12 1687.5   7/2-   1/2  30    0.19    4.42    4.42    0.58    1.24       7.66    7.66    0.00   -1.15      0.934   0.934   0.000
  13 1779.3   9/2-  -3/2  31   -0.48    5.17    5.17    1.80    2.16       7.71    7.71   -0.00   -0.36      0.941   0.941  -0.000
  14 2166.2   7/2-   1/2  27    0.06   23.07   23.07    2.66    6.06       8.22    8.22   -0.00   -6.10      1.003   1.003  -0.000
  15 2269.4   5/2-   5/2  38    1.42    2.01    2.01    5.02    1.81       3.53    3.53    0.00   -1.38      0.431   0.431   0.000
  
  16 2312.2  11/2-  -7/2  33   -1.60    2.47    2.47   13.22    2.50      12.03   12.03    0.00   -0.66      1.467   1.467   0.000
  17 2439.9   7/2-  -7/2  28   -3.17    6.15    6.15   11.86    3.11       7.60    7.60    0.00   -3.03      0.926   0.926   0.000
  18 2816.2   5/2-  -3/2  37    0.49    3.44    3.44    3.90    0.82       7.33    7.33    0.00   -2.18      0.894   0.894   0.000
  19 2882.8  13/2-   9/2  34    2.01    2.83    2.83   17.37    3.17      13.76   13.76    0.00   -0.17      1.678   1.678   0.000
  20 2925.9   9/2-   5/2  32    0.11   23.91   23.91    5.87    5.18      13.47   13.47   -0.00   -5.38      1.642   1.642  -0.000
  
  21 2944.1   5/2-   5/2  26    1.61    5.03    5.03    5.27    1.54       7.47    7.47    0.00   -2.78      0.911   0.911   0.000
  22 3286.6   1/2-   1/2  35    0.50   12.21   12.21    0.25   -1.00      13.58   13.58    0.00   -4.90      1.655   1.655   0.000
  23 3440.6  13/2-   5/2  32    0.05   23.91   23.91    5.87    5.11      15.52   15.52   -0.00   -3.23      1.892   1.892  -0.000
  24 3448.3  11/2-  -3/2  31   -0.72    4.57    4.57    2.87    1.54      14.68   14.68   -0.00   -0.52      1.790   1.790  -0.000
  25 3458.3   9/2-   1/2  30   -0.32    3.92    3.92    1.66    0.50      14.64   14.64    0.00   -1.30      1.785   1.785   0.000
  
  26 3559.5  11/2-   1/2  30    0.24    4.32    4.32    0.63    1.27      14.94   14.94    0.00   -0.31      1.822   1.822   0.000
  27 3679.5  13/2-  -3/2  31   -0.44    4.51    4.51    5.15    2.31      15.36   15.36    0.00    0.35      1.872   1.872   0.000
  28 3881.9  13/2-  -7/2  33   -1.05    3.34    3.34   10.08    2.18      17.55   17.55    0.00   -0.26      2.140   2.140   0.000
  29 4152.5   1/2-   1/2  24    0.50    6.86    6.86    0.25    0.65       6.80    6.80    0.00   -3.64      0.829   0.829   0.000
  30 5229.0  13/2- -11/2  25   -5.48    2.75    2.75   30.21    4.32      12.04   12.04    0.00   -1.13      1.468   1.468   0.000
  
  31 7268.8   1/2-   1/2  27    0.50   23.01   23.01    0.25   -3.45      26.50   26.50    0.00   -6.77      3.231   3.231   0.000
  32*******   1/2-  -3/2  31    0.00    0.00    0.00    0.00   -0.00       0.00    0.00    0.00   -0.00      0.000   0.000   0.000
