1SPECTRUM OF (Z= 82 A=207) IN PARTICLE-ROTOR  MODEL WITH MODIFIED OSCILLATOR POTENTIAL


 PARITY=-   EPS= 0.485   GAMMA=  0.0   EPS4=0.000   EPS6=0.000   LEVELS:  25  26  27  28  29  30  31  32  33  34  35  36  37  38  39

 PAIRING FACTORS: GN0= 19.20  GN1=  7.40  IPAIR= 15 ***  E2PLUS(INPUT)=   0.730  E2PLUR(INPUT)=   0.000

 CORIOLIS ATTENUATION PARAMETERS:  CHSI=1.000  ETA=  1.00

 MOMENT OF INERTIA PARAMETERS:   A1=  0.122 MEV   A2=  0.122 MEV   A3=121.91924 MEV


 DELTA=0.849 MEV  LAMBDA=53.4385 MEV   HW0= 7.6388 MEV   LAMBDA/HW0= 6.9957

 E2ENERGY=0.730 MEV  HBAR**2/B=43615./A**(7/3)=7373.1/A**2 MEV

 IREC=0  =>  RECOIL TERMS j+j-, j+j+, jzjz, ETC TREATED AS ONE-BODY OPERATORS WITH UU+VV PAIRING FACTORS



 S. P. LEVEL   EQP       U     V        (UU + VV)**1.00

     25       4.092    0.104 0.995      1.000 1.000 0.994 0.990 0.977 0.970 0.955 0.622 0.551 0.358 0.317 0.273 0.268 0.241 0.199
     26       3.488    0.123 0.992      1.000 1.000 0.996 0.993 0.981 0.974 0.961 0.636 0.566 0.375 0.335 0.290 0.285 0.259 0.217
     27       2.067    0.210 0.978      0.994 0.996 1.000 0.999 0.994 0.990 0.981 0.702 0.637 0.456 0.417 0.374 0.369 0.344 0.303
     28       1.815    0.241 0.971      0.990 0.993 0.999 1.000 0.997 0.994 0.987 0.724 0.661 0.484 0.446 0.403 0.398 0.373 0.333
     29       1.423    0.314 0.949      0.977 0.981 0.994 0.997 1.000 1.000 0.996 0.774 0.716 0.549 0.512 0.472 0.467 0.443 0.404
     30       1.317    0.343 0.939      0.970 0.974 0.990 0.994 1.000 1.000 0.999 0.793 0.738 0.575 0.538 0.498 0.494 0.470 0.431
     31       1.173    0.394 0.919      0.955 0.961 0.981 0.987 0.996 0.999 1.000 0.825 0.773 0.618 0.583 0.545 0.540 0.517 0.480
     32       0.937    0.844 0.537      0.622 0.636 0.702 0.724 0.774 0.793 0.825 1.000 0.996 0.954 0.940 0.923 0.921 0.910 0.891
     33       1.037    0.887 0.461      0.551 0.566 0.637 0.661 0.716 0.738 0.773 0.996 1.000 0.976 0.966 0.953 0.951 0.943 0.927
     34       1.696    0.966 0.259      0.358 0.375 0.456 0.484 0.549 0.575 0.618 0.954 0.976 1.000 0.999 0.996 0.995 0.992 0.986
     35       2.006    0.976 0.217      0.317 0.335 0.417 0.446 0.512 0.538 0.583 0.940 0.966 0.999 1.000 0.999 0.999 0.997 0.992
     36       2.521    0.985 0.171      0.273 0.290 0.374 0.403 0.472 0.498 0.545 0.923 0.953 0.996 0.999 1.000 1.000 0.999 0.997
     37       2.598    0.986 0.166      0.268 0.285 0.369 0.398 0.467 0.494 0.540 0.921 0.951 0.995 0.999 1.000 1.000 1.000 0.998
     38       3.089    0.990 0.139      0.241 0.259 0.344 0.373 0.443 0.470 0.517 0.910 0.943 0.992 0.997 0.999 1.000 1.000 0.999
     39       4.452    0.995 0.096      0.199 0.217 0.303 0.333 0.404 0.431 0.480 0.891 0.927 0.986 0.992 0.997 0.998 0.999 1.000

  R CORE   ENERGY   A0R/A00=1.000    R3= 0     2  
   2( 1)    0.732                    1.000 0.000
   2( 2)  487.921                    0.000 1.000

  R CORE   ENERGY   A0R/A00=1.000    R3= 0     2  
   3( 1)  488.652                    0.000 1.000

  R CORE   ENERGY   A0R/A00=1.000    R3= 0     2     4  
   4( 1)    2.438                    1.000 0.000 0.000

  R CORE   ENERGY   A0R/A00=1.000    R3= 0     2     4  
   5( 1)  490.847                    0.000 1.000 0.000

  R CORE   ENERGY   A0R/A00=1.000    R3= 0     2     4     6  
   6( 1)    5.121                    1.000 0.000 0.000 0.000

  R CORE   ENERGY   A0R/A00=1.000    R3= 0     2     4     6  
   7( 1)  494.017                    0.000 1.000 0.000 0.000

          AXIAL SYMMETRY => K RESTRICTED TO OMEGA

                     K
     S.P. ORB#: 25  0.50
     S.P. ORB#: 26 -1.50
     S.P. ORB#: 27 -5.50
     S.P. ORB#: 28  2.50
     S.P. ORB#: 29  2.50
     S.P. ORB#: 30 -3.50
     S.P. ORB#: 31  0.50
     S.P. ORB#: 32  0.50
     S.P. ORB#: 33 -1.50
     S.P. ORB#: 34 -3.50
     S.P. ORB#: 35  0.50
     S.P. ORB#: 36 -3.50
     S.P. ORB#: 37 -1.50
     S.P. ORB#: 38  4.50
     S.P. ORB#: 39  4.50
 

             ENERGY    K= OMEGA
 
 I=  1/2- (1)  2.322  32: 0.999
 
 I=  1/2- (2)  4.390  31:-0.919
                      35: 0.394
 
 I=  1/2- (3)  5.898  25: 0.999
 
 I=  1/2- (4)  6.309  31: 0.394
                      35: 0.919
 
 I=  1/2- (5)147.340  33:-1.000

             ENERGY    K= OMEGA
 
 I=  3/2- (1)  2.366  32: 0.694
                      33:-0.720
 
 I=  3/2- (2)  2.590  25:-0.141
                      32:-0.711
                      33:-0.689
 
 I=  3/2- (3)  4.511  26:-0.088
                      31:-0.966
                      35:-0.133
                      37:-0.202
 
 I=  3/2- (4)  6.493  26: 0.091
                      31:-0.086
                      35: 0.958
                      37:-0.258
 
 I=  3/2- (5)  6.623  25: 0.990
                      32:-0.114
                      33:-0.086

             ENERGY    K= OMEGA
 
 I=  5/2- (1)  2.815  25:-0.195
                      28: 0.085
                      32: 0.525
                      33: 0.824
 
 I=  5/2- (2)  3.521  25: 0.056
                      28: 0.387
                      32:-0.788
                      33: 0.476
 
 I=  5/2- (3)  3.649  28:-0.918
                      32:-0.283
                      33: 0.276
 
 I=  5/2- (4)  4.738  26:-0.126
                      29: 0.107
                      31: 0.822
                      35:-0.486
                      37:-0.246
 
 I=  5/2- (5)  6.390  26: 0.476
                      29:-0.840
                      35:-0.257

             ENERGY    K= OMEGA
 
 I=  7/2- (1)  3.253  28:-0.150
                      30:-0.985
                      36:-0.068
 
 I=  7/2- (2)  3.375  28:-0.326
                      32:-0.066
                      33: 0.118
                      36: 0.936
 
 I=  7/2- (3)  3.580  32:-0.786
                      33: 0.599
                      36:-0.137
 
 I=  7/2- (4)  3.953  25:-0.255
                      28: 0.106
                      32:-0.583
                      33:-0.757
                      36: 0.093
 
 I=  7/2- (5)  4.652  28:-0.927
                      30: 0.157
                      33:-0.146
                      36:-0.304

             ENERGY    K= OMEGA
 
 I=  9/2- (1)  3.715  28:-0.174
                      30: 0.615
                      36:-0.229
                      38:-0.733
 
 I=  9/2- (2)  4.314  25: 0.263
                      28:-0.242
                      30:-0.151
                      32:-0.466
                      33:-0.660
                      36:-0.431
                      38: 0.107
 
 I=  9/2- (3)  4.410  25:-0.164
                      28:-0.228
                      30:-0.303
                      32: 0.303
                      33: 0.379
                      36:-0.770
 
 I=  9/2- (4)  4.757  28: 0.307
                      30:-0.671
                      32:-0.082
                      33:-0.055
                      36: 0.092
                      38:-0.660
 
 I=  9/2- (5)  5.303  26: 0.396
                      29:-0.574
                      31:-0.429
                      34: 0.455
                      35: 0.193
                      37: 0.179
                      39:-0.229

             ENERGY    K= OMEGA
 
 I= 11/2- (1)  3.406  27: 0.999
 
 I= 11/2- (2)  4.759  28: 0.210
                      30: 0.621
                      36:-0.272
                      38: 0.703
 
 I= 11/2- (3)  5.267  26:-0.413
                      29:-0.551
                      31:-0.438
                      34:-0.456
                      35:-0.167
                      37:-0.172
                      39:-0.264
 
 I= 11/2- (4)  5.627  28: 0.387
                      30:-0.301
                      32: 0.204
                      33:-0.250
                      36:-0.791
                      38:-0.170
 
 I= 11/2- (5)  5.773  25: 0.096
                      28:-0.053
                      30: 0.118
                      32: 0.816
                      33:-0.472
                      36: 0.290

             ENERGY    K= OMEGA
 
 I= 13/2- (1)  4.989  27: 0.998
                      38:-0.053
 
 I= 13/2- (2)  5.894  26:-0.392
                      29: 0.582
                      31: 0.213
                      34:-0.564
                      35:-0.056
                      37:-0.108
                      39: 0.361
 
 I= 13/2- (3)  6.079  27:-0.055
                      28:-0.239
                      30: 0.619
                      33:-0.055
                      36:-0.299
                      38:-0.681
 
 I= 13/2- (4)  6.738  25: 0.388
                      28:-0.126
                      30:-0.081
                      32:-0.547
                      33:-0.712
                      36:-0.096
                      38: 0.104
 
 I= 13/2- (5)  7.163  25:-0.079
                      28:-0.396
                      30:-0.323
                      32: 0.128
                      33: 0.103
                      36:-0.819
                      38: 0.188

             ENERGY     K= 9/2
  35 LEVELS    TIME=  0.0 SEC



 ******************* EXCITATION ENERGIES, DOMINANT CONFIGURATION AND EXPECTATION VALUES (WITH S.P. UU+VV FACTORS) *******************

  NR  Eex(keV)  I   Kdom  NY    <Jz>  <Jx**2> <Jy**2> <Jz**2> <I.j>/|I|  <Rx**2> <Ry**2> <Rz**2> <R.j>/|R|  <HROTx> <HROTy> <HROTz>

   1    0.0   1/2-   1/2  32    0.50    5.26    5.26    0.25    0.12       5.66    5.66    0.00   -3.17      0.690   0.690   0.000
   2   43.8   3/2-  -3/2  33   -0.54    5.25    5.25    1.29    1.10       5.64    5.64   -0.00   -2.88      0.688   0.688  -0.000
   3  267.9   3/2-   1/2  32   -0.45    5.26    5.26    1.20    0.73       6.33    6.33   -0.00   -2.90      0.771   0.771  -0.000
   4  493.2   5/2-  -3/2  33   -0.84    5.39    5.39    1.65    1.25       6.91    6.91   -0.00   -2.35      0.842   0.842  -0.000
   5  930.8   7/2-  -7/2  30   -3.36    6.27    6.27   12.10    3.11       7.87    7.87    0.00   -3.10      0.960   0.960   0.000
  
   6 1052.2   7/2-  -7/2  36   -2.82    2.74    2.74   11.42    3.13       3.92    3.92    0.00   -1.61      0.478   0.478   0.000
   7 1084.1  11/2- -11/2  27   -5.49    2.75    2.75   30.24    5.06       5.49    5.49    0.00   -1.65      0.669   0.669   0.000
   8 1198.4   5/2-   1/2  32    0.35    5.41    5.41    1.60    0.22       9.92    9.92   -0.00   -2.64      1.210   1.210  -0.000
   9 1257.3   7/2-   1/2  32   -0.30    5.19    5.19    1.22    0.79      10.53   10.53   -0.00   -1.84      1.284   1.284  -0.000
  10 1326.6   5/2-   5/2  28    2.03    6.03    6.03    5.46    1.72       8.06    8.06   -0.00   -3.10      0.982   0.982  -0.000
  
  11 1392.8   9/2-   9/2  38    0.99    4.05    4.05   16.36    3.82       5.61    5.61   -0.00   -1.63      0.684   0.684  -0.000
  12 1630.8   7/2-  -3/2  33   -0.67    5.33    5.33    1.59    0.71      11.19   11.19   -0.00   -2.00      1.365   1.365  -0.000
  13 1992.1   9/2-  -3/2  33   -1.04    4.91    4.91    4.20    1.64      11.22   11.22    0.00   -1.24      1.368   1.368   0.000
  14 2068.2   1/2-   1/2  31    0.50   12.97   12.97    0.25    0.93      12.66   12.66    0.00   -5.04      1.544   1.544   0.000
  15 2087.9   9/2-  -7/2  36   -2.42    3.57    3.57    9.08    2.18       9.65    9.65   -0.00   -1.23      1.176   1.176  -0.000
  
  16 2188.4   3/2-   1/2  31    0.40   14.38   14.38    0.35    1.61      13.32   13.32    0.00   -5.04      1.623   1.623   0.000
  17 2330.0   7/2-   5/2  28    1.71    5.82    5.82    6.86    1.42      11.48   11.48   -0.00   -2.68      1.399   1.399  -0.000
  18 2415.5   5/2-   1/2  31    0.37   13.59   13.59    0.47    1.66      13.30   13.30    0.00   -4.41      1.621   1.621   0.000
  19 2435.2   9/2-  -7/2  30    0.59    4.58    4.58   15.04    2.77      10.71   10.71   -0.00   -2.25      1.305   1.305  -0.000
  20 2437.0  11/2-   9/2  38    0.72    4.15    4.15   15.94    3.33      10.07   10.07   -0.00   -0.96      1.228   1.228  -0.000
  
  21 2666.3  13/2- -11/2  27   -5.47    2.75    2.75   30.21    4.33      11.97   11.97    0.00   -1.11      1.459   1.459   0.000
  22 2944.2  11/2-   5/2  29    0.15   20.86   20.86    6.35    4.80      13.21   13.21   -0.00   -3.77      1.611   1.611  -0.000
  23 2980.3   9/2-   5/2  29    0.16   20.44   20.44    6.15    4.47      13.64   13.64    0.00   -4.74      1.663   1.663   0.000
  24 3304.3  11/2-  -7/2  36   -2.08    3.39    3.39   10.45    2.06      14.20   14.20    0.00   -0.93      1.731   1.731   0.000
  25 3450.3  11/2-   1/2  32   -0.33    4.98    4.98    1.89    0.80      19.04   19.04    0.00   -1.15      2.321   2.321   0.000
  
  26 3571.5  13/2-   5/2  29    0.10   21.92   21.92    9.03    5.12      15.04   15.04    0.00   -3.12      1.834   1.834   0.000
  27 3575.6   1/2-   1/2  25    0.50    7.50    7.50    0.25    0.65       7.43    7.43   -0.00   -3.81      0.906   0.906  -0.000
  28 3756.3  13/2-   9/2  38    0.56    4.21    4.21   15.62    2.98      15.59   15.59   -0.00   -0.58      1.901   1.901  -0.000
  29 3986.6   1/2-   1/2  35    0.50   17.03   17.03    0.25   -0.75      18.18   18.18    0.00   -5.80      2.216   2.216   0.000
  30 4068.0   5/2-   5/2  29    1.45   22.23   22.23    4.94    3.65      18.29   18.29    0.00   -6.38      2.229   2.229   0.000
  
  31 4171.2   3/2-   1/2  35    0.35   16.00   16.00    0.40   -0.07      18.22   18.22    0.00   -5.39      2.221   2.221   0.000
  32 4301.1   3/2-   1/2  25    0.49    7.52    7.52    0.26   -0.58      10.64   10.64   -0.00   -3.56      1.297   1.297  -0.000
  33 4415.4  13/2-  -3/2  33   -0.50    5.64    5.64    1.77    1.36      21.41   21.41   -0.00   -0.54      2.610   2.610  -0.000
  34 4841.2  13/2-  -7/2  36   -2.17    3.27    3.27   11.22    1.89      20.06   20.06   -0.00   -0.72      2.445   2.445  -0.000
  35*******   1/2-  -3/2  33    0.00    0.00    0.00    0.00   -0.00       0.00    0.00   -0.00   -0.00      0.000   0.000  -0.000
  
