1SPECTRUM OF (Z= 82 A=207) IN PARTICLE-ROTOR  MODEL WITH MODIFIED OSCILLATOR POTENTIAL


 PARITY=-   EPS= 0.494   GAMMA=  0.0   EPS4=0.000   EPS6=0.000   LEVELS:  25  26  27  28  29  30  31  32  33  34  35  36  37  38  39

 PAIRING FACTORS: GN0= 19.20  GN1=  7.40  IPAIR= 15 ***  E2PLUS(INPUT)=   0.730  E2PLUR(INPUT)=   0.000

 CORIOLIS ATTENUATION PARAMETERS:  CHSI=1.000  ETA=  1.00

 MOMENT OF INERTIA PARAMETERS:   A1=  0.122 MEV   A2=  0.122 MEV   A3=121.91924 MEV


 DELTA=0.850 MEV  LAMBDA=53.4202 MEV   HW0= 7.6483 MEV   LAMBDA/HW0= 6.9846

 E2ENERGY=0.730 MEV  HBAR**2/B=45249./A**(7/3)=7649.2/A**2 MEV

 IREC=0  =>  RECOIL TERMS j+j-, j+j+, jzjz, ETC TREATED AS ONE-BODY OPERATORS WITH UU+VV PAIRING FACTORS



 S. P. LEVEL   EQP       U     V        (UU + VV)**1.00

     25       4.047    0.106 0.994      1.000 1.000 0.992 0.988 0.980 0.968 0.962 0.579 0.515 0.361 0.330 0.274 0.262 0.234 0.199
     26       3.621    0.118 0.993      1.000 1.000 0.993 0.990 0.983 0.971 0.965 0.589 0.525 0.372 0.342 0.287 0.274 0.247 0.212
     27       1.884    0.232 0.973      0.992 0.993 1.000 1.000 0.997 0.992 0.989 0.678 0.620 0.477 0.448 0.395 0.383 0.357 0.323
     28       1.706    0.258 0.966      0.988 0.990 1.000 1.000 0.999 0.995 0.993 0.698 0.641 0.500 0.472 0.420 0.408 0.382 0.348
     29       1.483    0.300 0.954      0.980 0.983 0.997 0.999 1.000 0.999 0.997 0.729 0.674 0.538 0.511 0.459 0.448 0.422 0.389
     30       1.292    0.351 0.936      0.968 0.971 0.992 0.995 0.999 1.000 1.000 0.764 0.713 0.583 0.556 0.506 0.495 0.470 0.438
     31       1.225    0.374 0.927      0.962 0.965 0.989 0.993 0.997 1.000 1.000 0.780 0.730 0.602 0.576 0.527 0.516 0.492 0.460
     32       0.996    0.872 0.489      0.579 0.589 0.678 0.698 0.729 0.764 0.780 1.000 0.997 0.969 0.961 0.943 0.939 0.929 0.914
     33       1.112    0.907 0.421      0.515 0.525 0.620 0.641 0.674 0.713 0.730 0.997 1.000 0.985 0.979 0.966 0.962 0.954 0.943
     34       1.691    0.966 0.260      0.361 0.372 0.477 0.500 0.538 0.583 0.602 0.969 0.985 1.000 0.999 0.996 0.995 0.991 0.986
     35       1.910    0.974 0.229      0.330 0.342 0.448 0.472 0.511 0.556 0.576 0.961 0.979 0.999 1.000 0.998 0.997 0.995 0.991
     36       2.517    0.985 0.171      0.274 0.287 0.395 0.420 0.459 0.506 0.527 0.943 0.966 0.996 0.998 1.000 1.000 0.999 0.997
     37       2.711    0.987 0.159      0.262 0.274 0.383 0.408 0.448 0.495 0.516 0.939 0.962 0.995 0.997 1.000 1.000 1.000 0.998
     38       3.283    0.991 0.131      0.234 0.247 0.357 0.382 0.422 0.470 0.492 0.929 0.954 0.991 0.995 0.999 1.000 1.000 0.999
     39       4.512    0.996 0.095      0.199 0.212 0.323 0.348 0.389 0.438 0.460 0.914 0.943 0.986 0.991 0.997 0.998 0.999 1.000

  R CORE   ENERGY   A0R/A00=1.000    R3= 0     2  
   2( 1)    0.732                    1.000 0.000
   2( 2)  487.921                    0.000 1.000

  R CORE   ENERGY   A0R/A00=1.000    R3= 0     2  
   3( 1)  488.652                    0.000 1.000

  R CORE   ENERGY   A0R/A00=1.000    R3= 0     2     4  
   4( 1)    2.438                    1.000 0.000 0.000

  R CORE   ENERGY   A0R/A00=1.000    R3= 0     2     4  
   5( 1)  490.847                    0.000 1.000 0.000

  R CORE   ENERGY   A0R/A00=1.000    R3= 0     2     4     6  
   6( 1)    5.121                    1.000 0.000 0.000 0.000

  R CORE   ENERGY   A0R/A00=1.000    R3= 0     2     4     6  
   7( 1)  494.017                    0.000 1.000 0.000 0.000

          AXIAL SYMMETRY => K RESTRICTED TO OMEGA

                     K
     S.P. ORB#: 25  0.50
     S.P. ORB#: 26 -1.50
     S.P. ORB#: 27 -5.50
     S.P. ORB#: 28  2.50
     S.P. ORB#: 29  2.50
     S.P. ORB#: 30  0.50
     S.P. ORB#: 31 -3.50
     S.P. ORB#: 32  0.50
     S.P. ORB#: 33 -1.50
     S.P. ORB#: 34 -3.50
     S.P. ORB#: 35  0.50
     S.P. ORB#: 36 -1.50
     S.P. ORB#: 37 -3.50
     S.P. ORB#: 38  4.50
     S.P. ORB#: 39  4.50
 

             ENERGY    K= OMEGA
 
 I=  1/2- (1)  2.388  32: 0.999
 
 I=  1/2- (2)  4.498  30:-0.908
                      35: 0.418
 
 I=  1/2- (3)  5.864  25: 0.999
 
 I=  1/2- (4)  6.244  30:-0.418
                      35:-0.908
 
 I=  1/2- (5)147.415  33: 1.000

             ENERGY    K= OMEGA
 
 I=  3/2- (1)  2.439  32: 0.718
                      33:-0.696
 
 I=  3/2- (2)  2.669  25:-0.135
                      32:-0.688
                      33:-0.713
 
 I=  3/2- (3)  4.656  26: 0.090
                      30: 0.963
                      35: 0.145
                      36: 0.207
 
 I=  3/2- (4)  6.388  26:-0.082
                      30: 0.099
                      35:-0.960
                      36: 0.248
 
 I=  3/2- (5)  6.578  25: 0.991
                      32:-0.108
                      33:-0.083

             ENERGY    K= OMEGA
 
 I=  5/2- (1)  2.907  25: 0.189
                      28:-0.111
                      32:-0.526
                      33:-0.822
 
 I=  5/2- (2)  3.505  28:-0.913
                      32: 0.384
                      33:-0.132
 
 I=  5/2- (3)  3.630  28:-0.393
                      32:-0.745
                      33: 0.538
 
 I=  5/2- (4)  4.856  26: 0.126
                      29:-0.110
                      30:-0.815
                      35: 0.497
                      36: 0.247
 
 I=  5/2- (5)  6.434  26: 0.471
                      29:-0.836
                      35:-0.280

             ENERGY    K= OMEGA
 
 I=  7/2- (1)  3.165  28:-0.162
                      31:-0.986
 
 I=  7/2- (2)  3.520  28: 0.400
                      31:-0.051
                      32: 0.141
                      33:-0.194
                      37:-0.883
 
 I=  7/2- (3)  3.656  32: 0.783
                      33:-0.571
                      37: 0.239
 
 I=  7/2- (4)  4.052  25:-0.244
                      28: 0.123
                      32:-0.576
                      33:-0.758
                      37: 0.134
 
 I=  7/2- (5)  4.588  28:-0.893
                      31: 0.151
                      33:-0.177
                      37:-0.381

             ENERGY    K= OMEGA
 
 I=  9/2- (1)  3.752  28: 0.190
                      31:-0.717
                      37: 0.177
                      38: 0.645
 
 I=  9/2- (2)  4.426  25: 0.247
                      28:-0.298
                      31:-0.169
                      32:-0.446
                      33:-0.642
                      37:-0.454
                      38: 0.068
 
 I=  9/2- (3)  4.535  25:-0.173
                      28:-0.264
                      31:-0.295
                      32: 0.329
                      33: 0.411
                      37:-0.728
                      38:-0.079
 
 I=  9/2- (4)  4.834  28:-0.336
                      31: 0.560
                      32: 0.096
                      33: 0.070
                      37:-0.094
                      38: 0.741
 
 I=  9/2- (5)  5.388  26: 0.397
                      29:-0.584
                      30:-0.400
                      34: 0.476
                      35: 0.170
                      36: 0.167
                      39:-0.241

             ENERGY    K= OMEGA
 
 I= 11/2- (1)  3.224  27: 1.000
 
 I= 11/2- (2)  4.787  28: 0.222
                      31: 0.692
                      37:-0.228
                      38: 0.647
 
 I= 11/2- (3)  5.370  26:-0.413
                      29:-0.558
                      30:-0.408
                      34:-0.474
                      35:-0.161
                      36:-0.158
                      39:-0.276
 
 I= 11/2- (4)  5.716  28: 0.443
                      31:-0.283
                      32: 0.273
                      33:-0.305
                      37:-0.735
                      38:-0.126
 
 I= 11/2- (5)  5.855  25: 0.091
                      28:-0.117
                      31: 0.138
                      32: 0.793
                      33:-0.448
                      37: 0.359

             ENERGY    K= OMEGA
 
 I= 13/2- (1)  4.806  27: 0.999
 
 I= 13/2- (2)  5.978  26:-0.389
                      29: 0.579
                      30: 0.205
                      34:-0.570
                      36:-0.103
                      39: 0.366
 
 I= 13/2- (3)  6.098  28: 0.248
                      31:-0.675
                      37: 0.259
                      38: 0.641
 
 I= 13/2- (4)  6.885  25: 0.375
                      28:-0.167
                      31:-0.097
                      32:-0.537
                      33:-0.710
                      37:-0.139
                      38: 0.101
 
 I= 13/2- (5)  7.256  25:-0.102
                      28:-0.449
                      31:-0.310
                      32: 0.165
                      33: 0.144
                      37:-0.789
                      38: 0.146

             ENERGY     K= 9/2
  35 LEVELS    TIME=  0.0 SEC



 ******************* EXCITATION ENERGIES, DOMINANT CONFIGURATION AND EXPECTATION VALUES (WITH S.P. UU+VV FACTORS) *******************

  NR  Eex(keV)  I   Kdom  NY    <Jz>  <Jx**2> <Jy**2> <Jz**2> <I.j>/|I|  <Rx**2> <Ry**2> <Rz**2> <R.j>/|R|  <HROTx> <HROTy> <HROTz>

   1    0.0   1/2-   1/2  32    0.50    5.28    5.28    0.25    0.11       5.69    5.69    0.00   -3.18      0.694   0.694   0.000
   2   51.2   3/2-   1/2  32   -0.47    5.27    5.27    1.22    1.07       5.68    5.68   -0.00   -2.87      0.693   0.693  -0.000
   3  281.1   3/2-  -3/2  33   -0.52    5.29    5.29    1.27    0.72       6.39    6.39   -0.00   -2.92      0.779   0.779  -0.000
   4  518.9   5/2-  -3/2  33   -0.83    5.41    5.41    1.68    1.21       7.04    7.04   -0.00   -2.37      0.858   0.858  -0.000
   5  776.2   7/2-  -7/2  31   -3.34    6.33    6.33   12.08    3.11       7.90    7.90    0.00   -3.12      0.963   0.963   0.000
  
   6  835.6  11/2- -11/2  27   -5.49    2.75    2.75   30.24    5.06       5.49    5.49    0.00   -1.66      0.669   0.669   0.000
   7 1116.9   5/2-   5/2  28    2.13    6.04    6.04    5.28    1.76       7.84    7.84   -0.00   -3.07      0.955   0.955  -0.000
   8 1131.7   7/2-  -7/2  37   -2.38    3.05    3.05   10.67    2.99       4.38    4.38    0.00   -1.65      0.534   0.534   0.000
   9 1241.8   5/2-   1/2  32    0.23    5.43    5.43    1.76    0.16      10.20   10.20   -0.00   -2.69      1.243   1.243  -0.000
  10 1267.3   7/2-   1/2  32   -0.38    5.10    5.10    1.60    0.87      10.32   10.32   -0.00   -1.84      1.258   1.258  -0.000
  
  11 1363.6   9/2-  -7/2  31    0.05    4.62    4.62   15.35    3.64       6.58    6.58    0.00   -1.79      0.802   0.802   0.001
  12 1664.2   7/2-  -3/2  33   -0.70    5.33    5.33    1.72    0.69      11.34   11.34   -0.00   -2.03      1.383   1.383  -0.000
  13 2037.4   9/2-  -3/2  33   -1.07    4.89    4.89    4.51    1.65      11.33   11.33    0.00   -1.28      1.381   1.381   0.000
  14 2110.2   1/2-   1/2  30    0.50   13.05   13.05    0.25    0.97      12.71   12.71    0.00   -5.06      1.549   1.549   0.000
  15 2146.3   9/2-  -7/2  37   -2.14    3.78    3.78    8.53    2.10       9.99    9.99    0.00   -1.27      1.218   1.218   0.000
  
  16 2199.7   7/2-   5/2  28    1.36    5.62    5.62    7.11    1.44      11.33   11.33   -0.00   -2.65      1.381   1.381  -0.000
  17 2267.5   3/2-   1/2  30    0.40   14.43   14.43    0.35    1.57      13.45   13.45   -0.00   -5.05      1.639   1.639  -0.000
  18 2398.5  11/2-  -7/2  31    0.15    4.54    4.54   15.31    3.25      10.66   10.66    0.00   -1.08      1.299   1.299   0.001
  19 2418.1  13/2- -11/2  27   -5.48    2.75    2.75   30.22    4.33      11.97   11.97    0.00   -1.12      1.460   1.460   0.000
  20 2445.8   9/2-   9/2  38    1.62    4.11    4.11   15.79    2.91       9.88    9.88    0.00   -2.14      1.205   1.205   0.000
  
  21 2467.5   5/2-   1/2  30    0.37   13.70   13.70    0.48    1.62      13.52   13.52   -0.00   -4.44      1.649   1.649  -0.000
  22 2981.7  11/2-   5/2  29    0.14   20.99   20.99    6.73    4.84      13.29   13.29    0.00   -3.83      1.620   1.620   0.000
  23 3000.0   9/2-   5/2  29    0.14   20.69   20.69    6.55    4.56      13.67   13.67    0.00   -4.83      1.667   1.667   0.000
  24 3328.1  11/2-  -7/2  37   -1.71    3.74    3.74    9.37    1.94      14.72   14.72    0.00   -0.97      1.794   1.794   0.000
  25 3466.7  11/2-   1/2  32   -0.47    4.88    4.88    2.51    0.88      18.76   18.76    0.00   -1.15      2.288   2.288   0.000
  
  26 3475.3   1/2-   1/2  25    0.50    7.54    7.54    0.25    0.66       7.47    7.47   -0.00   -3.82      0.911   0.911  -0.000
  27 3590.0  13/2-   5/2  29    0.09   21.88   21.88    9.16    5.11      15.16   15.16    0.00   -3.13      1.848   1.848   0.000
  28 3710.0  13/2-  -7/2  31    0.16    4.51    4.51   15.17    2.94      15.98   15.98    0.00   -0.66      1.948   1.948   0.000
  29 3855.7   1/2-   1/2  35    0.50   17.03   17.03    0.25   -0.80      18.22   18.22   -0.00   -5.80      2.221   2.221  -0.000
  30 3999.6   3/2-   1/2  35    0.36   16.02   16.02    0.39   -0.05      18.19   18.19   -0.00   -5.39      2.218   2.218  -0.000
  
  31 4045.8   5/2-   5/2  29    1.45   22.09   22.09    4.89    3.61      18.22   18.22    0.00   -6.36      2.221   2.221   0.000
  32 4189.5   3/2-   1/2  25    0.49    7.55    7.55    0.26   -0.54      10.61   10.61   -0.00   -3.56      1.293   1.293  -0.000
  33 4497.2  13/2-  -3/2  33   -0.53    5.61    5.61    1.97    1.31      21.84   21.84   -0.00   -0.61      2.662   2.662  -0.000
  34 4867.7  13/2-  -7/2  37   -1.93    3.51    3.51   10.55    1.85      20.27   20.27    0.00   -0.74      2.472   2.472   0.000
  35*******   1/2-  -3/2  33    0.00    0.00    0.00    0.00   -0.00       0.00    0.00   -0.00   -0.00      0.000   0.000  -0.000
  
