1SPECTRUM OF (Z= 82 A=207) IN PARTICLE-ROTOR  MODEL WITH MODIFIED OSCILLATOR POTENTIAL


 PARITY=-   EPS= 0.188   GAMMA=  0.0   EPS4=0.000   EPS6=0.000   LEVELS:  24  25  26  27  28  29  30  31  32  33  34  35  36  37  38

 PAIRING FACTORS: GN0= 19.20  GN1=  7.40  IPAIR= 15 ***  E2PLUS(INPUT)=   0.730  E2PLUR(INPUT)=   0.000

 CORIOLIS ATTENUATION PARAMETERS:  CHSI=1.000  ETA=  1.00

 MOMENT OF INERTIA PARAMETERS:   A1=  0.122 MEV   A2=  0.122 MEV   A3=121.91925 MEV


 DELTA=0.924 MEV  LAMBDA=53.4701 MEV   HW0= 7.4415 MEV   LAMBDA/HW0= 7.1854

 E2ENERGY=0.730 MEV  HBAR**2/B= 6553./A**(7/3)=1107.8/A**2 MEV

 IREC=0  =>  RECOIL TERMS j+j-, j+j+, jzjz, ETC TREATED AS ONE-BODY OPERATORS WITH UU+VV PAIRING FACTORS



 S. P. LEVEL   EQP       U     V        (UU + VV)**1.00

     24       5.165    0.090 0.996      1.000 1.000 1.000 0.999 0.997 0.993 0.992 0.989 0.757 0.651 0.439 0.405 0.358 0.297 0.247
     25       4.294    0.108 0.994      1.000 1.000 1.000 1.000 0.998 0.995 0.994 0.992 0.769 0.665 0.456 0.422 0.375 0.315 0.265
     26       3.962    0.117 0.993      1.000 1.000 1.000 1.000 0.999 0.996 0.995 0.993 0.775 0.672 0.464 0.430 0.383 0.324 0.274
     27       3.780    0.123 0.992      0.999 1.000 1.000 1.000 0.999 0.996 0.995 0.993 0.778 0.676 0.469 0.435 0.389 0.329 0.279
     28       2.820    0.166 0.986      0.997 0.998 0.999 0.999 1.000 0.999 0.999 0.997 0.805 0.707 0.507 0.474 0.428 0.370 0.321
     29       2.284    0.207 0.978      0.993 0.995 0.996 0.996 0.999 1.000 1.000 1.000 0.829 0.736 0.542 0.510 0.465 0.408 0.360
     30       2.179    0.217 0.976      0.992 0.994 0.995 0.995 0.999 1.000 1.000 1.000 0.835 0.743 0.551 0.519 0.475 0.418 0.370
     31       2.017    0.236 0.972      0.989 0.992 0.993 0.993 0.997 1.000 1.000 1.000 0.845 0.756 0.567 0.535 0.491 0.435 0.387
     32       0.925    0.719 0.695      0.757 0.769 0.775 0.778 0.805 0.829 0.835 0.845 1.000 0.989 0.920 0.904 0.881 0.849 0.820
     33       0.978    0.815 0.580      0.651 0.665 0.672 0.676 0.707 0.736 0.743 0.756 0.989 1.000 0.968 0.958 0.942 0.918 0.896
     34       1.388    0.934 0.356      0.439 0.456 0.464 0.469 0.507 0.542 0.551 0.567 0.920 0.968 1.000 0.999 0.996 0.988 0.979
     35       1.520    0.947 0.321      0.405 0.422 0.430 0.435 0.474 0.510 0.519 0.535 0.904 0.958 0.999 1.000 0.999 0.993 0.986
     36       1.764    0.962 0.272      0.358 0.375 0.383 0.389 0.428 0.465 0.475 0.491 0.881 0.942 0.996 0.999 1.000 0.998 0.993
     37       2.247    0.978 0.210      0.297 0.315 0.324 0.329 0.370 0.408 0.418 0.435 0.849 0.918 0.988 0.993 0.998 1.000 0.999
     38       2.948    0.987 0.159      0.247 0.265 0.274 0.279 0.321 0.360 0.370 0.387 0.820 0.896 0.979 0.986 0.993 0.999 1.000

  R CORE   ENERGY   A0R/A00=1.000    R3= 0     2  
   2( 1)    0.732                    1.000 0.000
   2( 2)  487.921                    0.000 1.000

  R CORE   ENERGY   A0R/A00=1.000    R3= 0     2  
   3( 1)  488.652                    0.000 1.000

  R CORE   ENERGY   A0R/A00=1.000    R3= 0     2     4  
   4( 1)    2.438                    1.000 0.000 0.000

  R CORE   ENERGY   A0R/A00=1.000    R3= 0     2     4  
   5( 1)  490.847                    0.000 1.000 0.000

  R CORE   ENERGY   A0R/A00=1.000    R3= 0     2     4     6  
   6( 1)    5.121                    1.000 0.000 0.000 0.000

  R CORE   ENERGY   A0R/A00=1.000    R3= 0     2     4     6  
   7( 1)  494.017                    0.000 1.000 0.000 0.000

          AXIAL SYMMETRY => K RESTRICTED TO OMEGA

                     K
     S.P. ORB#: 24  2.50
     S.P. ORB#: 25  2.50
     S.P. ORB#: 26  0.50
     S.P. ORB#: 27 -3.50
     S.P. ORB#: 28 -3.50
     S.P. ORB#: 29  4.50
     S.P. ORB#: 30  0.50
     S.P. ORB#: 31 -1.50
     S.P. ORB#: 32 -1.50
     S.P. ORB#: 33  2.50
     S.P. ORB#: 34  0.50
     S.P. ORB#: 35  0.50
     S.P. ORB#: 36 -1.50
     S.P. ORB#: 37  2.50
     S.P. ORB#: 38 -3.50
 

             ENERGY    K= OMEGA
 
 I=  1/2- (1)  1.636  26:-0.061
                      34:-0.998
 
 I=  1/2- (2)  3.209  30: 0.999
 
 I=  1/2- (3)  5.125  26: 0.998
                      34:-0.061
 
 I=  1/2- (4)  9.509  35: 1.000
 
 I=  1/2- (5)147.228  32:-1.000

             ENERGY    K= OMEGA
 
 I=  3/2- (1)  1.404  30: 0.189
                      31: 0.108
                      32: 0.972
                      34:-0.079
 
 I=  3/2- (2)  2.287  30:-0.154
                      31:-0.130
                      32: 0.124
                      34: 0.972

             ENERGY    K= OMEGA
 
 I=  5/2- (1)  1.449  30: 0.134
                      31: 0.177
                      32:-0.414
                      33:-0.879
                      34: 0.062
 
 I=  5/2- (2)  2.023  30:-0.221
                      31: 0.167
                      32: 0.868
                      33:-0.406
 
 I=  5/2- (3)  2.311  30: 0.150
                      31: 0.196
                      33: 0.127
                      34: 0.960
 
 I=  5/2- (4)  3.278  24: 0.072
                      26:-0.379
                      30: 0.445
                      31: 0.742
                      32: 0.071
                      33: 0.185
                      34:-0.253
 
 I=  5/2- (5)  4.535  24: 0.064
                      26: 0.074
                      30:-0.804
                      31: 0.517
                      32:-0.258
                      33: 0.098

             ENERGY    K= OMEGA
 
 I=  7/2- (1)  2.084  30: 0.182
                      31:-0.212
                      32: 0.505
                      33:-0.815
 
 I=  7/2- (2)  2.674  25:-0.071
                      26:-0.173
                      28: 0.077
                      30:-0.344
                      31:-0.301
                      32:-0.715
                      33:-0.445
                      34: 0.197
 
 I=  7/2- (3)  3.536  24:-0.066
                      25: 0.243
                      27: 0.136
                      28:-0.950
                      30:-0.067
                      34: 0.077
 
 I=  7/2- (4)  3.879  26:-0.096
                      28: 0.065
                      30:-0.144
                      31:-0.259
                      32: 0.313
                      33: 0.219
                      34: 0.866
 
 I=  7/2- (5)  3.922  35: 0.724
                      36: 0.574
                      37: 0.352
                      38: 0.149

             ENERGY    K= OMEGA
 
 I=  9/2- (1)  2.739  26: 0.175
                      27:-0.119
                      29: 0.209
                      30:-0.295
                      31:-0.360
                      32: 0.458
                      33: 0.671
                      34:-0.173
 
 I=  9/2- (2)  3.012  24: 0.066
                      25: 0.066
                      27: 0.269
                      28: 0.175
                      29:-0.911
                      30:-0.085
                      31:-0.080
                      32: 0.126
                      33: 0.155
                      34:-0.053
 
 I=  9/2- (3)  3.834  24: 0.075
                      25:-0.140
                      26:-0.059
                      27: 0.070
                      28:-0.212
                      30:-0.162
                      31: 0.339
                      32: 0.742
                      33:-0.281
                      34: 0.388
 
 I=  9/2- (4)  3.924  26: 0.100
                      28:-0.094
                      30:-0.306
                      31:-0.109
                      32: 0.152
                      33:-0.524
                      34:-0.758
 
 I=  9/2- (5)  4.434  24: 0.107
                      25:-0.296
                      27: 0.170
                      28:-0.871
                      29:-0.134
                      30: 0.129
                      32:-0.187
                      33: 0.181
                      34:-0.089

             ENERGY    K= OMEGA
 
 I= 11/2- (1)  2.776  35: 0.685
                      36: 0.576
                      37: 0.398
                      38: 0.200
 
 I= 11/2- (2)  3.806  24: 0.116
                      25: 0.118
                      27:-0.359
                      28:-0.182
                      29:-0.706
                      30: 0.130
                      31:-0.195
                      32: 0.283
                      33:-0.421
 
 I= 11/2- (3)  4.068  24: 0.053
                      27:-0.173
                      28:-0.133
                      29:-0.512
                      30:-0.247
                      31: 0.216
                      32:-0.487
                      33: 0.584
 
 I= 11/2- (4)  4.622  24: 0.085
                      25:-0.129
                      26:-0.282
                      27:-0.063
                      28: 0.190
                      29: 0.054
                      30:-0.401
                      31:-0.416
                      32:-0.540
                      33:-0.416
                      34: 0.236
 
 I= 11/2- (5)  5.513  24:-0.131
                      25: 0.356
                      26:-0.097
                      27: 0.211
                      28:-0.847
                      29: 0.170
                      30:-0.155
                      31:-0.082
                      32:-0.066
                      33:-0.085
                      34: 0.117

             ENERGY    K= OMEGA
 
 I= 13/2- (1)  4.667  24: 0.127
                      25: 0.093
                      26:-0.257
                      27: 0.267
                      28: 0.103
                      29:-0.365
                      30: 0.342
                      31: 0.418
                      32:-0.361
                      33:-0.485
                      34: 0.193
 
 I= 13/2- (2)  5.002  35:-0.232
                      36: 0.581
                      37:-0.652
                      38: 0.428
 
 I= 13/2- (3)  5.082  24: 0.114
                      25: 0.121
                      26: 0.156
                      27: 0.375
                      28: 0.236
                      29:-0.736
                      30:-0.220
                      31:-0.213
                      32: 0.211
                      33: 0.231
                      34:-0.134
 
 I= 13/2- (4)  6.383  24: 0.163
                      25:-0.271
                      26:-0.103
                      27: 0.148
                      28:-0.429
                      29:-0.062
                      30:-0.110
                      31: 0.327
                      32: 0.644
                      34: 0.379
 
 I= 13/2- (5)  6.566  25:-0.143
                      26: 0.118
                      27: 0.106
                      28:-0.302
                      30:-0.283
                      33:-0.598
                      34:-0.649

             ENERGY     K=-7/2
  32 LEVELS    TIME=  0.0 SEC



 ******************* EXCITATION ENERGIES, DOMINANT CONFIGURATION AND EXPECTATION VALUES (WITH S.P. UU+VV FACTORS) *******************

  NR  Eex(keV)  I   Kdom  NY    <Jz>  <Jx**2> <Jy**2> <Jz**2> <I.j>/|I|  <Rx**2> <Ry**2> <Rz**2> <R.j>/|R|  <HROTx> <HROTy> <HROTz>

   1    0.0   3/2-  -3/2  32   -1.41    1.54    1.54    2.16    1.45       1.69    1.69   -0.00   -1.33      0.206   0.206  -0.000
   2   45.0   5/2-   5/2  33    1.64    1.81    1.81    5.29    2.41       1.70    1.70   -0.00   -0.96      0.207   0.207  -0.000
   3  231.8   1/2-   1/2  34    0.50    1.20    1.20    0.25    0.83       0.98    0.98   -0.00   -1.38      0.119   0.119  -0.000
   4  618.9   5/2-  -3/2  32   -0.73    1.55    1.55    2.82    1.11       4.06    4.06   -0.00   -0.93      0.495   0.495  -0.000
   5  679.7   7/2-   5/2  33    1.22    1.94    1.94    4.86    2.02       4.21    4.21    0.00   -0.24      0.513   0.513   0.000
  
   6  883.5   3/2-   1/2  34    0.44    1.32    1.32    0.31   -0.12       3.60    3.60   -0.00   -1.19      0.439   0.439  -0.000
   7  906.8   5/2-   1/2  34    0.46    1.57    1.57    0.43    0.85       3.63    3.63    0.00   -0.39      0.443   0.443   0.000
   8 1269.7   7/2-  -3/2  32   -0.33    1.77    1.77    2.76    1.39       5.52    5.52    0.00   -0.24      0.673   0.673   0.000
   9 1335.1   9/2-   5/2  33    0.84    2.83    2.83    4.70    2.44       5.40    5.40    0.00    0.55      0.659   0.659   0.000
  10 1372.1  11/2-   1/2  35   -0.01   28.16   28.16    2.34    7.21       4.11    4.11    0.00   -5.43      0.501   0.501   0.000
  
  11 1608.3   9/2-   9/2  29    3.43    2.72    2.72   18.32    4.35       2.61    2.61    0.00   -0.93      0.318   0.318   0.000
  12 1805.2   1/2-   1/2  30    0.50    4.06    4.06    0.25    0.39       4.22    4.22    0.00   -2.76      0.514   0.514   0.000
  13 1874.1   5/2-  -3/2  31   -0.53    3.80    3.80    1.60    1.63       4.16    4.16    0.00   -1.52      0.507   0.507   0.000
  14 2131.8   7/2-  -7/2  28   -3.06    2.27    2.27   11.70    3.39       2.53    2.53    0.00   -1.23      0.308   0.308   0.000
  15 2402.0  11/2-   9/2  29    2.02    3.20    3.20   13.62    3.57       6.55    6.55    0.00    0.36      0.799   0.799   0.000
  
  16 2430.5   9/2-  -3/2  32   -0.82    1.60    1.60    2.81    1.05      10.16   10.16    0.00   -0.18      1.239   1.239   0.000
  17 2475.4   7/2-   1/2  34    0.25    1.75    1.75    0.94    0.00      10.09   10.09   -0.00   -0.99      1.230   1.230  -0.000
  18 2517.8   7/2-   1/2  35    0.00   28.29   28.29    1.92    7.08       9.02    9.02    0.00   -7.16      1.100   1.100   0.000
  19 2520.1   9/2-   1/2  34    0.94    2.06    2.06    2.10    1.03      10.37   10.37   -0.00   -0.24      1.264   1.264  -0.000
  20 2663.9  11/2-   5/2  33    1.48    2.34    2.34    8.71    2.39      10.27   10.27    0.00    0.20      1.253   1.253   0.000
  
  21 3030.2   9/2-  -7/2  28   -2.39    2.31    2.31   10.93    2.74       6.50    6.50    0.00   -0.53      0.793   0.793   0.000
  22 3131.5   5/2-   1/2  30   -0.14    4.12    4.12    1.00   -0.39      10.14   10.14    0.00   -2.31      1.236   1.236   0.000
  23 3217.8  11/2-  -3/2  32   -0.18    2.23    2.23    2.90    1.64      11.73   11.73    0.00    0.51      1.430   1.430   0.000
  24 3263.3  13/2-   5/2  33    0.61    3.82    3.82    6.06    2.90      10.96   10.96    0.00    1.40      1.337   1.337   0.000
  25 3598.2  13/2-   5/2  37   -0.06   27.12   27.12    5.68    6.12      11.60   11.60    0.00   -3.57      1.414   1.414   0.000
  
  26 3678.2  13/2-   9/2  29    1.87    3.46    3.46   14.11    3.46      10.72   10.72    0.00    0.68      1.307   1.307   0.000
  27 3720.9   1/2-   1/2  26    0.50    4.91    4.91    0.25    0.68       4.82    4.82   -0.00   -3.05      0.587   0.587  -0.000
  28 4109.0  11/2-  -7/2  28   -2.15    2.47    2.47   10.90    2.61      10.21   10.21    0.00   -0.05      1.244   1.244   0.000
  29 4979.4  13/2-  -3/2  32   -1.15    1.98    1.98    4.45    1.48      18.26   18.26    0.00    0.32      2.226   2.226   0.000
  30 5161.6  13/2-   1/2  34    0.85    2.14    2.14    3.76    1.13      20.51   20.51    0.00   -0.03      2.501   2.501   0.000
  
  31 8105.3   1/2-   1/2  35    0.50   28.74   28.74    0.25   -4.07      32.77   32.77    0.00   -7.57      3.995   3.995   0.000
  32*******   1/2-  -3/2  32    0.00    0.00    0.00    0.00   -0.00       0.00    0.00    0.00   -0.00      0.000   0.000   0.000
