1SPECTRUM OF (Z= 82 A=207) IN PARTICLE-ROTOR  MODEL WITH MODIFIED OSCILLATOR POTENTIAL


 PARITY=-   EPS= 0.434   GAMMA=  0.0   EPS4=0.000   EPS6=0.000   LEVELS:  25  26  27  28  29  30  31  32  33  34  35  36  37  38  39

 PAIRING FACTORS: GN0= 19.20  GN1=  7.40  IPAIR= 15 ***  E2PLUS(INPUT)=   0.730  E2PLUR(INPUT)=   0.000

 CORIOLIS ATTENUATION PARAMETERS:  CHSI=1.000  ETA=  1.00

 MOMENT OF INERTIA PARAMETERS:   A1=  0.122 MEV   A2=  0.122 MEV   A3=121.91923 MEV


 DELTA=0.851 MEV  LAMBDA=53.4840 MEV   HW0= 7.5892 MEV   LAMBDA/HW0= 7.0474

 E2ENERGY=0.730 MEV  HBAR**2/B=34925./A**(7/3)=5904.0/A**2 MEV

 IREC=0  =>  RECOIL TERMS j+j-, j+j+, jzjz, ETC TREATED AS ONE-BODY OPERATORS WITH UU+VV PAIRING FACTORS



 S. P. LEVEL   EQP       U     V        (UU + VV)**1.00

     25       4.003    0.107 0.994      1.000 0.999 0.999 0.997 0.991 0.940 0.844 0.777 0.706 0.381 0.346 0.310 0.266 0.243 0.211
     26       3.059    0.141 0.990      0.999 1.000 1.000 0.999 0.995 0.951 0.862 0.798 0.729 0.412 0.377 0.342 0.299 0.276 0.244
     27       2.686    0.161 0.987      0.999 1.000 1.000 1.000 0.997 0.957 0.872 0.810 0.743 0.431 0.396 0.361 0.318 0.295 0.264
     28       2.377    0.182 0.983      0.997 0.999 1.000 1.000 0.998 0.963 0.882 0.823 0.758 0.450 0.416 0.381 0.339 0.316 0.285
     29       1.832    0.239 0.971      0.991 0.995 0.997 0.998 1.000 0.977 0.908 0.854 0.794 0.502 0.469 0.434 0.393 0.371 0.340
     30       1.077    0.440 0.898      0.940 0.951 0.957 0.963 0.977 1.000 0.976 0.945 0.905 0.674 0.646 0.616 0.580 0.560 0.533
     31       0.873    0.624 0.782      0.844 0.862 0.872 0.882 0.908 0.976 1.000 0.993 0.976 0.818 0.795 0.771 0.742 0.725 0.703
     32       0.851    0.709 0.705      0.777 0.798 0.810 0.823 0.854 0.945 0.993 1.000 0.994 0.878 0.859 0.839 0.814 0.799 0.779
     33       0.872    0.780 0.626      0.706 0.729 0.743 0.758 0.794 0.905 0.976 0.994 1.000 0.924 0.909 0.892 0.871 0.859 0.842
     34       1.583    0.960 0.280      0.381 0.412 0.431 0.450 0.502 0.674 0.818 0.878 0.924 1.000 0.999 0.997 0.993 0.989 0.984
     35       1.802    0.970 0.244      0.346 0.377 0.396 0.416 0.469 0.646 0.795 0.859 0.909 0.999 1.000 0.999 0.997 0.994 0.990
     36       2.110    0.979 0.206      0.310 0.342 0.361 0.381 0.434 0.616 0.771 0.839 0.892 0.997 0.999 1.000 0.999 0.998 0.995
     37       2.666    0.987 0.162      0.266 0.299 0.318 0.339 0.393 0.580 0.742 0.814 0.871 0.993 0.997 0.999 1.000 1.000 0.998
     38       3.120    0.990 0.138      0.243 0.276 0.295 0.316 0.371 0.560 0.725 0.799 0.859 0.989 0.994 0.998 1.000 1.000 0.999
     39       4.052    0.994 0.106      0.211 0.244 0.264 0.285 0.340 0.533 0.703 0.779 0.842 0.984 0.990 0.995 0.998 0.999 1.000

  R CORE   ENERGY   A0R/A00=1.000    R3= 0     2  
   2( 1)    0.732                    1.000 0.000
   2( 2)  487.921                    0.000 1.000

  R CORE   ENERGY   A0R/A00=1.000    R3= 0     2  
   3( 1)  488.652                    0.000 1.000

  R CORE   ENERGY   A0R/A00=1.000    R3= 0     2     4  
   4( 1)    2.438                    1.000 0.000 0.000

  R CORE   ENERGY   A0R/A00=1.000    R3= 0     2     4  
   5( 1)  490.847                    0.000 1.000 0.000

  R CORE   ENERGY   A0R/A00=1.000    R3= 0     2     4     6  
   6( 1)    5.121                    1.000 0.000 0.000 0.000

  R CORE   ENERGY   A0R/A00=1.000    R3= 0     2     4     6  
   7( 1)  494.017                    0.000 1.000 0.000 0.000

          AXIAL SYMMETRY => K RESTRICTED TO OMEGA

                     K
     S.P. ORB#: 25  0.50
     S.P. ORB#: 26 -5.50
     S.P. ORB#: 27 -1.50
     S.P. ORB#: 28  2.50
     S.P. ORB#: 29 -3.50
     S.P. ORB#: 30  2.50
     S.P. ORB#: 31  0.50
     S.P. ORB#: 32 -1.50
     S.P. ORB#: 33  0.50
     S.P. ORB#: 34 -3.50
     S.P. ORB#: 35 -3.50
     S.P. ORB#: 36  4.50
     S.P. ORB#: 37  0.50
     S.P. ORB#: 38 -1.50
     S.P. ORB#: 39 -1.50
 

             ENERGY    K= OMEGA
 
 I=  1/2- (1)  2.221  31:-1.000
 
 I=  1/2- (2)  3.642  25:-0.247
                      33: 0.921
                      37:-0.300
 
 I=  1/2- (3)  6.677  25:-0.254
                      33: 0.237
                      37: 0.938
 
 I=  1/2- (4) 10.156  25: 0.935
                      33: 0.308
                      37: 0.175
 
 I=  1/2- (5)147.154  32: 1.000

             ENERGY    K= OMEGA
 
 I=  3/2- (1)  2.180  31:-0.551
                      32: 0.834
 
 I=  3/2- (2)  2.491  31:-0.822
                      32:-0.550
                      39:-0.151

             ENERGY    K= OMEGA
 
 I=  5/2- (1)  2.747  28:-0.052
                      31:-0.485
                      32:-0.871
                      39: 0.068
 
 I=  5/2- (2)  3.274  28: 0.079
                      31:-0.836
                      32: 0.480
                      39: 0.254
 
 I=  5/2- (3)  3.802  25:-0.200
                      33: 0.830
                      37:-0.446
                      38:-0.268
 
 I=  5/2- (4)  4.175  28: 0.993
                      31: 0.059
                      32:-0.088
                      39: 0.054
 
 I=  5/2- (5)  5.456  28: 0.072
                      31:-0.251
                      32: 0.061
                      39:-0.963

             ENERGY    K= OMEGA
 
 I=  7/2- (1)  2.491  28:-0.157
                      34: 0.987
 
 I=  7/2- (2)  3.339  31:-0.753
                      32: 0.633
                      39:-0.176
 
 I=  7/2- (3)  3.750  28:-0.186
                      29:-0.975
                      31: 0.089
                      32: 0.075
 
 I=  7/2- (4)  3.966  28:-0.096
                      29: 0.140
                      31: 0.582
                      32: 0.757
                      39: 0.242
 
 I=  7/2- (5)  4.026  25: 0.062
                      27:-0.146
                      30:-0.161
                      33:-0.873
                      35:-0.060
                      37:-0.252
                      38:-0.346

             ENERGY    K= OMEGA
 
 I=  9/2- (1)  3.016  28: 0.099
                      29:-0.226
                      34: 0.372
                      36: 0.895
 
 I=  9/2- (2)  3.592  28:-0.204
                      29:-0.136
                      34:-0.898
                      36: 0.363
 
 I=  9/2- (3)  4.491  28:-0.063
                      31:-0.608
                      32:-0.769
                      39: 0.177
 
 I=  9/2- (4)  4.672  25: 0.138
                      27: 0.071
                      30:-0.138
                      33:-0.771
                      35: 0.069
                      37: 0.490
                      38: 0.344
 
 I=  9/2- (5)  4.919  28:-0.265
                      29: 0.915
                      31: 0.139
                      36: 0.251
                      39:-0.082

             ENERGY    K= OMEGA
 
 I= 11/2- (1)  3.919  25:-0.479
                      27:-0.557
                      30:-0.480
                      33:-0.380
                      35:-0.208
                      37:-0.121
                      38:-0.167
 
 I= 11/2- (2)  4.143  26: 0.177
                      28: 0.142
                      29: 0.292
                      34:-0.421
                      36: 0.828
 
 I= 11/2- (3)  4.407  26:-0.983
                      29: 0.053
                      34:-0.114
                      36: 0.126
 
 I= 11/2- (4)  4.912  28:-0.240
                      29: 0.195
                      34: 0.852
                      36: 0.416
 
 I= 11/2- (5)  5.384  25: 0.347
                      27: 0.206
                      30: 0.175
                      33:-0.760
                      35: 0.099
                      37:-0.290
                      38:-0.368

             ENERGY    K= OMEGA
 
 I= 13/2- (1)  5.518  26: 0.138
                      28:-0.178
                      29: 0.337
                      34:-0.450
                      36:-0.795
 
 I= 13/2- (2)  5.721  25: 0.169
                      27:-0.558
                      30: 0.673
                      33: 0.207
                      35:-0.368
                      37:-0.094
                      38:-0.143
 
 I= 13/2- (3)  5.991  26:-0.988
                      34:-0.124
                      36:-0.072
 
 I= 13/2- (4)  6.462  26: 0.074
                      28:-0.269
                      29:-0.236
                      32:-0.062
                      34:-0.818
                      36: 0.438
 
 I= 13/2- (5)  6.507  25:-0.204
                      27: 0.156
                      30:-0.140
                      33: 0.717
                      35: 0.088
                      37:-0.517
                      38:-0.354

             ENERGY     K=-3/2
  32 LEVELS    TIME=  0.0 SEC



 ******************* EXCITATION ENERGIES, DOMINANT CONFIGURATION AND EXPECTATION VALUES (WITH S.P. UU+VV FACTORS) *******************

  NR  Eex(keV)  I   Kdom  NY    <Jz>  <Jx**2> <Jy**2> <Jz**2> <I.j>/|I|  <Rx**2> <Ry**2> <Rz**2> <R.j>/|R|  <HROTx> <HROTy> <HROTz>

   1    0.0   3/2-  -3/2  32   -0.89    5.12    5.12    1.64    1.25       5.40    5.40    0.00   -2.88      0.658   0.658   0.000
   2   41.5   1/2-   1/2  31    0.50    5.09    5.09    0.25    0.07       5.53    5.53   -0.00   -3.12      0.674   0.674  -0.000
   3  310.8   3/2-   1/2  31   -0.15    4.95    4.95    0.90    0.47       6.36    6.36    0.00   -2.77      0.776   0.776   0.000
   4  311.3   7/2-  -7/2  34   -3.35    2.33    2.33   12.10    3.18       3.64    3.64    0.00   -1.54      0.444   0.444   0.000
   5  567.4   5/2-  -3/2  32   -1.02    5.14    5.14    1.79    0.92       7.68    7.68    0.00   -2.38      0.936   0.936   0.000
  
   6  836.3   9/2-   9/2  36    2.96    2.62    2.62   18.59    4.06       4.06    4.06   -0.00   -1.26      0.495   0.495  -0.000
   7 1094.1   5/2-   1/2  31   -0.08    4.79    4.79    0.88    0.21       8.99    8.99    0.00   -2.32      1.096   1.096   0.000
   8 1159.3   7/2-   1/2  31   -0.36    5.09    5.09    1.13    0.96       9.73    9.73    0.00   -1.70      1.187   1.187   0.000
   9 1412.2   9/2-  -7/2  34   -2.20    2.42    2.42   13.04    2.72       7.80    7.80   -0.00   -1.10      0.951   0.951  -0.000
  10 1461.8   1/2-   1/2  33    0.50   10.31   10.31    0.25    1.04       9.91    9.91   -0.00   -4.49      1.209   1.209  -0.000
  
  11 1570.0   7/2-  -7/2  29   -3.25    6.26    6.26   11.87    3.09       7.82    7.82   -0.00   -3.07      0.954   0.954  -0.001
  12 1622.3   5/2-   1/2  33    0.36   10.99   10.99    0.40    2.09       9.38    9.38    0.00   -3.74      1.143   1.143   0.000
  13 1738.9  11/2-  -3/2  27    0.11   23.60   23.60    2.83    6.08       6.52    6.52    0.00   -3.78      0.795   0.795   0.000
  14 1786.5   7/2-  -3/2  32   -0.83    4.79    4.79    1.82    0.44      11.84   11.84   -0.00   -1.99      1.443   1.443  -0.000
  15 1846.1   7/2-   1/2  33    0.26   15.11   15.11    0.73    3.08      11.12   11.12    0.00   -3.97      1.356   1.356   0.000
  
  16 1963.0  11/2-   9/2  36    2.05    2.83    2.83   18.18    3.53       8.67    8.67   -0.00   -0.65      1.058   1.058  -0.000
  17 1995.5   5/2-   5/2  28    2.45    6.09    6.09    6.19    2.07       7.43    7.43    0.00   -3.18      0.905   0.905   0.000
  18 2227.1  11/2- -11/2  26   -5.30    2.76    2.76   29.77    4.99       5.69    5.69    0.00   -1.62      0.693   0.693   0.000
  19 2311.5   9/2-  -3/2  32   -0.75    5.11    5.11    1.57    0.77      14.45   14.45    0.00   -1.48      1.761   1.761   0.000
  20 2492.7   9/2-   1/2  33    0.27   12.14   12.14    0.67    2.50      12.42   12.42    0.00   -2.51      1.514   1.514   0.000
  
  21 2732.3  11/2-  -7/2  34   -1.77    2.54    2.54   13.30    2.34      13.04   13.04    0.00   -0.85      1.590   1.590   0.000
  22 2738.9   9/2-  -7/2  29   -2.48    5.95    5.95   12.02    2.39      12.45   12.45   -0.00   -2.41      1.518   1.518  -0.001
  23 3204.2  11/2-   1/2  33    0.17   12.83   12.83    0.91    2.75      14.71   14.71    0.00   -1.87      1.794   1.794   0.000
  24 3276.1   5/2-  -3/2  39   -1.35    2.15    2.15    2.14    0.32       6.66    6.66    0.00   -1.51      0.812   0.812   0.000
  25 3338.7  13/2-   9/2  36    1.71    3.00    3.00   17.45    3.10      14.44   14.44   -0.00   -0.33      1.760   1.760  -0.000
  
  26 3541.4  13/2-   5/2  30    0.20   23.11   23.11    5.25    4.88      16.05   16.05    0.00   -3.07      1.957   1.957   0.000
  27 3810.9  13/2- -11/2  26   -5.40    2.76    2.76   29.83    4.28      12.15   12.15    0.00   -1.11      1.482   1.482   0.000
  28 4282.6  13/2-  -7/2  34   -1.53    2.65    2.65   13.41    2.07      19.28   19.28   -0.00   -0.69      2.350   2.350  -0.000
  29 4327.6  13/2-   1/2  33    0.21   11.87   11.87    0.76    2.49      19.23   19.23    0.00   -1.15      2.345   2.345   0.000
  30 4497.0   1/2-   1/2  37    0.50   15.68   15.68    0.25   -0.37      16.51   16.51    0.00   -5.56      2.013   2.013   0.000
  
  31 7976.8   1/2-   1/2  25    0.50   23.08   23.08    0.25   -3.51      26.62   26.62   -0.00   -6.78      3.246   3.246  -0.000
  32*******   1/2-  -3/2  32    0.00    0.00    0.00    0.00    0.00       0.00    0.00   -0.00   -0.00      0.000   0.000  -0.000
