1SPECTRUM OF (Z= 82 A=207) IN PARTICLE-ROTOR  MODEL WITH MODIFIED OSCILLATOR POTENTIAL


 PARITY=-   EPS= 0.330   GAMMA=  0.0   EPS4=0.000   EPS6=0.000   LEVELS:  26  27  28  29  30  31  32  33  34  35  36  37  38  39  40

 PAIRING FACTORS: GN0= 19.20  GN1=  7.40  IPAIR= 15 ***  E2PLUS(INPUT)=   0.730  E2PLUR(INPUT)=   0.000

 CORIOLIS ATTENUATION PARAMETERS:  CHSI=1.000  ETA=  1.00

 MOMENT OF INERTIA PARAMETERS:   A1=  0.122 MEV   A2=  0.122 MEV   A3=121.91922 MEV


 DELTA=0.921 MEV  LAMBDA=53.3224 MEV   HW0= 7.5097 MEV   LAMBDA/HW0= 7.1005

 E2ENERGY=0.730 MEV  HBAR**2/B=20192./A**(7/3)=3413.4/A**2 MEV

 IREC=0  =>  RECOIL TERMS j+j-, j+j+, jzjz, ETC TREATED AS ONE-BODY OPERATORS WITH UU+VV PAIRING FACTORS



 S. P. LEVEL   EQP       U     V        (UU + VV)**1.00

     26       3.182    0.146 0.989      1.000 0.999 0.990 0.972 0.958 0.940 0.897 0.718 0.590 0.339 0.331 0.318 0.312 0.279 0.257
     27       2.625    0.178 0.984      0.999 1.000 0.994 0.980 0.967 0.951 0.910 0.740 0.616 0.369 0.361 0.349 0.342 0.310 0.288
     28       1.676    0.287 0.958      0.990 0.994 1.000 0.996 0.989 0.979 0.951 0.810 0.700 0.470 0.462 0.451 0.445 0.414 0.393
     29       1.331    0.373 0.928      0.972 0.980 0.996 1.000 0.998 0.994 0.975 0.860 0.762 0.549 0.541 0.530 0.524 0.496 0.475
     30       1.197    0.425 0.905      0.958 0.967 0.989 0.998 1.000 0.998 0.986 0.888 0.797 0.595 0.588 0.578 0.572 0.544 0.524
     31       1.103    0.474 0.880      0.940 0.951 0.979 0.994 0.998 1.000 0.994 0.912 0.829 0.639 0.632 0.622 0.616 0.590 0.570
     32       0.983    0.569 0.822      0.897 0.910 0.951 0.975 0.986 0.994 1.000 0.952 0.886 0.721 0.714 0.705 0.700 0.676 0.658
     33       0.953    0.794 0.608      0.718 0.740 0.810 0.860 0.888 0.912 0.952 1.000 0.986 0.898 0.894 0.888 0.885 0.869 0.857
     34       1.118    0.885 0.465      0.590 0.616 0.700 0.762 0.797 0.829 0.886 0.986 1.000 0.960 0.957 0.953 0.951 0.940 0.932
     35       2.377    0.980 0.198      0.339 0.369 0.470 0.549 0.595 0.639 0.721 0.898 0.960 1.000 1.000 1.000 1.000 0.998 0.996
     36       2.481    0.982 0.189      0.331 0.361 0.462 0.541 0.588 0.632 0.714 0.894 0.957 1.000 1.000 1.000 1.000 0.999 0.997
     37       2.654    0.984 0.176      0.318 0.349 0.451 0.530 0.578 0.622 0.705 0.888 0.953 1.000 1.000 1.000 1.000 0.999 0.998
     38       2.758    0.986 0.169      0.312 0.342 0.445 0.524 0.572 0.616 0.700 0.885 0.951 1.000 1.000 1.000 1.000 0.999 0.998
     39       3.414    0.991 0.136      0.279 0.310 0.414 0.496 0.544 0.590 0.676 0.869 0.940 0.998 0.999 0.999 0.999 1.000 1.000
     40       4.104    0.994 0.113      0.257 0.288 0.393 0.475 0.524 0.570 0.658 0.857 0.932 0.996 0.997 0.998 0.998 1.000 1.000

  R CORE   ENERGY   A0R/A00=1.000    R3= 0     2  
   2( 1)    0.732                    1.000 0.000
   2( 2)  487.921                    0.000 1.000

  R CORE   ENERGY   A0R/A00=1.000    R3= 0     2  
   3( 1)  488.652                    0.000 1.000

  R CORE   ENERGY   A0R/A00=1.000    R3= 0     2     4  
   4( 1)    2.438                    1.000 0.000 0.000

  R CORE   ENERGY   A0R/A00=1.000    R3= 0     2     4  
   5( 1)  490.847                    0.000 1.000 0.000

  R CORE   ENERGY   A0R/A00=1.000    R3= 0     2     4     6  
   6( 1)    5.121                    1.000 0.000 0.000 0.000

  R CORE   ENERGY   A0R/A00=1.000    R3= 0     2     4     6  
   7( 1)  494.017                    0.000 1.000 0.000 0.000

          AXIAL SYMMETRY => K RESTRICTED TO OMEGA

                     K
     S.P. ORB#: 26  2.50
     S.P. ORB#: 27 -3.50
     S.P. ORB#: 28  0.50
     S.P. ORB#: 29  0.50
     S.P. ORB#: 30 -1.50
     S.P. ORB#: 31 -1.50
     S.P. ORB#: 32 -3.50
     S.P. ORB#: 33  4.50
     S.P. ORB#: 34  2.50
     S.P. ORB#: 35 -3.50
     S.P. ORB#: 36 -1.50
     S.P. ORB#: 37  0.50
     S.P. ORB#: 38  2.50
     S.P. ORB#: 39  0.50
     S.P. ORB#: 40  4.50
 

             ENERGY    K= OMEGA
 
 I=  1/2- (1)  2.569  29: 0.999
 
 I=  1/2- (2)  3.764  39:-0.999
 
 I=  1/2- (3)  5.953  28: 0.412
                      37:-0.911
 
 I=  1/2- (4)  8.744  28: 0.911
                      37: 0.412
 
 I=  1/2- (5)147.406  31:-1.000

             ENERGY    K= OMEGA
 
 I=  3/2- (1)  2.446  29: 0.398
                      30:-0.916
 
 I=  3/2- (2)  2.677  29:-0.748
                      30:-0.328
                      36:-0.555
                      39: 0.161
 
 I=  3/2- (3)  3.279  29:-0.505
                      30:-0.203
                      36: 0.832
                      39: 0.110
 
 I=  3/2- (4)  4.485  29:-0.166
                      30:-0.108
                      39:-0.980
 
 I=  3/2- (5)  4.897  28: 0.718
                      31: 0.342
                      37:-0.606

             ENERGY    K= OMEGA
 
 I=  5/2- (1)  2.742  29:-0.397
                      30:-0.776
                      36: 0.168
                      38: 0.422
                      39:-0.181
 
 I=  5/2- (2)  3.311  26:-0.066
                      29: 0.553
                      30:-0.424
                      36:-0.713
 
 I=  5/2- (3)  3.539  29: 0.439
                      30: 0.220
                      36: 0.207
                      38: 0.822
                      39: 0.199
 
 I=  5/2- (4)  4.213  29:-0.520
                      30: 0.391
                      36:-0.618
                      38: 0.382
                      39:-0.214
 
 I=  5/2- (5)  4.671  26:-0.095
                      29:-0.268
                      30:-0.119
                      36:-0.170
                      39: 0.936

             ENERGY    K= OMEGA
 
 I=  7/2- (1)  1.782  26:-0.195
                      27: 0.051
                      32: 0.979
 
 I=  7/2- (2)  3.344  29:-0.483
                      30: 0.668
                      36:-0.302
                      38: 0.476
 
 I=  7/2- (3)  3.487  28: 0.716
                      31: 0.581
                      34: 0.355
                      35: 0.150
 
 I=  7/2- (4)  3.886  26: 0.062
                      29:-0.597
                      30:-0.501
                      36:-0.523
                      38:-0.230
                      39: 0.248
 
 I=  7/2- (5)  4.378  26:-0.174
                      27:-0.602
                      29:-0.335
                      30: 0.321
                      36: 0.298
                      38:-0.551

             ENERGY    K= OMEGA
 
 I=  9/2- (1)  1.841  26:-0.072
                      27: 0.194
                      32:-0.234
                      33:-0.950
 
 I=  9/2- (2)  2.738  26: 0.267
                      27: 0.090
                      32: 0.929
                      33:-0.231
 
 I=  9/2- (3)  4.112  29:-0.431
                      30:-0.679
                      36: 0.270
                      38: 0.469
                      39:-0.239
 
 I=  9/2- (4)  4.374  28: 0.200
                      31:-0.515
                      34: 0.636
                      35:-0.490
                      40: 0.222
 
 I=  9/2- (5)  5.130  26:-0.105
                      27: 0.061
                      29: 0.454
                      30:-0.481
                      32: 0.059
                      36:-0.724
                      38: 0.079
                      39:-0.118

             ENERGY    K= OMEGA
 
 I= 11/2- (1)  2.742  28:-0.653
                      31:-0.566
                      34:-0.413
                      35:-0.258
                      37:-0.055
                      40:-0.112
 
 I= 11/2- (2)  2.928  26:-0.124
                      27:-0.263
                      32: 0.323
                      33:-0.900
 
 I= 11/2- (3)  3.924  26:-0.313
                      27: 0.130
                      32: 0.881
                      33: 0.321
                      38: 0.058
 
 I= 11/2- (4)  5.244  29: 0.505
                      30:-0.600
                      36: 0.373
                      38:-0.490
 
 I= 11/2- (5)  5.717  28:-0.490
                      31:-0.115
                      34: 0.424
                      35: 0.624
                      40: 0.421

             ENERGY    K= OMEGA
 
 I= 13/2- (1)  4.233  26:-0.169
                      27: 0.307
                      32:-0.383
                      33:-0.855
 
 I= 13/2- (2)  4.328  28: 0.171
                      31:-0.453
                      34: 0.611
                      35:-0.548
                      40: 0.304
 
 I= 13/2- (3)  5.345  26: 0.342
                      27: 0.168
                      30: 0.069
                      32: 0.835
                      33:-0.382
                      38:-0.074
 
 I= 13/2- (4)  6.461  29:-0.445
                      30:-0.639
                      32: 0.070
                      36: 0.303
                      38: 0.464
                      39:-0.279
 
 I= 13/2- (5)  7.928  26:-0.106
                      27: 0.069
                      29: 0.375
                      30:-0.483
                      32: 0.097
                      36:-0.740
                      39:-0.225

             ENERGY     K= 9/2
  35 LEVELS    TIME=  0.0 SEC



 ******************* EXCITATION ENERGIES, DOMINANT CONFIGURATION AND EXPECTATION VALUES (WITH S.P. UU+VV FACTORS) *******************

  NR  Eex(keV)  I   Kdom  NY    <Jz>  <Jx**2> <Jy**2> <Jz**2> <I.j>/|I|  <Rx**2> <Ry**2> <Rz**2> <R.j>/|R|  <HROTx> <HROTy> <HROTz>

   1    0.0   7/2-  -7/2  32   -3.27    2.31    2.31   12.01    3.35       2.91    2.91    0.00   -1.39      0.354   0.354   0.000
   2   59.3   9/2-   9/2  33    3.75    2.54    2.54   19.44    4.28       3.33    3.33    0.00   -1.24      0.406   0.406   0.000
   3  664.2   3/2-  -3/2  30   -1.18    4.72    4.72    1.93    1.31       5.03    5.03   -0.00   -2.79      0.613   0.613  -0.000
   4  786.6   1/2-   1/2  29    0.50    4.72    4.72    0.25    0.19       5.06    5.06    0.00   -3.00      0.617   0.617   0.000
   5  895.4   3/2-   1/2  29   -0.33    3.53    3.53    1.08    1.05       3.91    3.91    0.00   -2.18      0.476   0.476   0.000
  
   6  955.6   9/2-  -7/2  32   -2.63    2.41    2.41   12.22    2.90       6.48    6.48    0.00   -0.73      0.791   0.791   0.000
   7  959.5   5/2-  -3/2  30   -0.41    4.14    4.14    2.58    1.74       4.66    4.66    0.00   -1.87      0.568   0.568   0.000
   8  960.3  11/2-   1/2  28   -0.02   24.40   24.40    2.96    6.45       5.19    5.19    0.00   -4.10      0.633   0.633   0.000
   9 1146.0  11/2-   9/2  33    3.08    2.76    2.76   18.64    3.76       7.47    7.47    0.00   -0.43      0.911   0.911   0.000
  10 1497.0   3/2-  -3/2  36   -0.97    2.75    2.75    1.72    0.43       4.64    4.64    0.00   -2.09      0.566   0.566   0.000
  
  11 1528.7   5/2-  -3/2  36   -0.87    2.96    2.96    1.65    0.81       5.78    5.78    0.00   -1.53      0.704   0.704   0.000
  12 1561.5   7/2-  -3/2  30   -0.13    3.94    3.94    2.71    1.62       6.73    6.73   -0.00   -1.13      0.821   0.821  -0.000
  13 1704.8   7/2-   1/2  28   -0.01   24.04   24.04    1.95    6.16       8.44    8.44    0.00   -6.23      1.029   1.029   0.000
  14 1756.5   5/2-   5/2  38    1.67    2.47    2.47    4.49    1.53       4.58    4.58    0.00   -1.63      0.558   0.558   0.000
  15 1982.3   1/2-   1/2  39    0.50    1.56    1.56    0.25    0.70       1.45    1.45    0.00   -1.62      0.177   0.177   0.000
  
  16 2103.9   7/2-   1/2  29   -0.44    3.29    3.29    1.65    0.89       8.46    8.46   -0.00   -1.14      1.032   1.032  -0.000
  17 2142.3  11/2-  -7/2  32   -2.06    2.50    2.50   12.44    2.60      11.05   11.05    0.00   -0.40      1.347   1.347   0.001
  18 2329.6   9/2-  -3/2  30   -0.14    3.86    3.86    2.68    1.62       9.53    9.53    0.00   -0.54      1.162   1.162   0.000
  19 2430.5   5/2-  -3/2  36   -0.27    3.26    3.26    2.21   -0.03       8.84    8.84    0.00   -2.10      1.077   1.077   0.000
  20 2451.2  13/2-   9/2  33    2.51    2.95    2.95   17.92    3.40      12.52   12.52    0.00   -0.01      1.527   1.527   0.000
  
  21 2545.9  13/2-   5/2  34    0.01   24.10   24.10    8.35    6.05      10.43   10.43    0.00   -3.14      1.271   1.271   0.000
  22 2592.0   9/2-   5/2  34    0.01   24.35   24.35    7.08    5.80      11.43   11.43   -0.00   -5.64      1.394   1.394  -0.000
  23 2596.2   7/2-  -7/2  27   -0.67    4.05    4.05    6.99    1.82       8.20    8.20    0.00   -1.94      1.000   1.000   0.000
  24 2702.6   3/2-   1/2  39    0.48    1.76    1.76    0.27   -0.49       4.73    4.73    0.00   -1.55      0.577   0.577   0.000
  25 2888.8   5/2-   1/2  39    0.43    1.78    1.78    0.39    0.11       6.02    6.02    0.00   -1.04      0.733   0.733   0.000
  
  26 3114.9   3/2-   1/2  28    0.27   16.63   16.63    0.48    3.48      12.01   12.01    0.00   -5.51      1.464   1.464   0.000
  27 3348.2   9/2-  -3/2  36   -1.00    2.80    2.80    1.95    0.64      12.98   12.98    0.00   -0.86      1.583   1.583   0.000
  28 3462.1  11/2-  -3/2  30   -0.03    3.77    3.77    2.76    1.48      14.17   14.17    0.00   -0.27      1.728   1.728   0.000
  29 3562.9  13/2-  -7/2  32   -1.59    2.59    2.59   12.62    2.39      16.61   16.61    0.00   -0.20      2.025   2.025   0.000
  30 3935.2  11/2-  -7/2  35   -0.01   23.15   23.15    9.57    5.30      14.13   14.13   -0.00   -4.55      1.723   1.723  -0.000
  
  31 4171.3   1/2-   1/2  37    0.50   12.39   12.39    0.25   -1.53      14.21   14.21    0.00   -4.94      1.733   1.733   0.000
  32 4679.0  13/2-  -3/2  30   -0.08    3.76    3.76    2.66    1.51      18.90   18.90   -0.00    0.06      2.304   2.304  -0.000
  33 6146.4  13/2-  -3/2  36   -1.09    2.60    2.60    2.07    0.56      24.06   24.06    0.00   -0.48      2.934   2.934   0.000
  34 6961.5   1/2-   1/2  28    0.50   24.72   24.72    0.25   -3.56      28.30   28.30   -0.00   -7.01      3.451   3.451  -0.000
  35*******   1/2-  -3/2  31    0.00    0.00    0.00    0.00    0.00       0.00    0.00    0.00   -0.00      0.000   0.000   0.000
  
