1SPECTRUM OF (Z= 82 A=207) IN PARTICLE-ROTOR  MODEL WITH MODIFIED OSCILLATOR POTENTIAL


 PARITY=-   EPS= 0.296   GAMMA=  0.0   EPS4=0.000   EPS6=0.000   LEVELS:  25  26  27  28  29  30  31  32  33  34  35  36  37  38  39

 PAIRING FACTORS: GN0= 19.20  GN1=  7.40  IPAIR= 15 ***  E2PLUS(INPUT)=   0.730  E2PLUR(INPUT)=   0.000

 CORIOLIS ATTENUATION PARAMETERS:  CHSI=1.000  ETA=  1.00

 MOMENT OF INERTIA PARAMETERS:   A1=  0.122 MEV   A2=  0.122 MEV   A3=121.91924 MEV


 DELTA=0.950 MEV  LAMBDA=53.2898 MEV   HW0= 7.4894 MEV   LAMBDA/HW0= 7.1153

 E2ENERGY=0.730 MEV  HBAR**2/B=16246./A**(7/3)=2746.3/A**2 MEV

 IREC=0  =>  RECOIL TERMS j+j-, j+j+, jzjz, ETC TREATED AS ONE-BODY OPERATORS WITH UU+VV PAIRING FACTORS



 S. P. LEVEL   EQP       U     V        (UU + VV)**1.00

     25       4.119    0.116 0.993      1.000 1.000 0.999 0.975 0.964 0.956 0.933 0.864 0.787 0.467 0.353 0.324 0.301 0.278 0.258
     26       3.424    0.140 0.990      1.000 1.000 1.000 0.980 0.971 0.962 0.942 0.876 0.802 0.488 0.375 0.347 0.324 0.301 0.281
     27       2.871    0.168 0.986      0.999 1.000 1.000 0.986 0.977 0.970 0.951 0.889 0.818 0.512 0.401 0.373 0.350 0.327 0.308
     28       1.515    0.333 0.943      0.975 0.980 0.986 1.000 0.999 0.997 0.990 0.954 0.904 0.651 0.551 0.525 0.504 0.483 0.465
     29       1.369    0.374 0.927      0.964 0.971 0.977 0.999 1.000 0.999 0.995 0.966 0.922 0.684 0.587 0.562 0.542 0.521 0.504
     30       1.287    0.404 0.915      0.956 0.962 0.970 0.997 0.999 1.000 0.998 0.974 0.934 0.707 0.613 0.589 0.568 0.548 0.531
     31       1.154    0.465 0.885      0.933 0.942 0.951 0.990 0.995 0.998 1.000 0.987 0.956 0.754 0.665 0.642 0.623 0.604 0.588
     32       0.990    0.601 0.800      0.864 0.876 0.889 0.954 0.966 0.974 0.987 1.000 0.991 0.849 0.776 0.757 0.740 0.724 0.709
     33       0.951    0.704 0.710      0.787 0.802 0.818 0.904 0.922 0.934 0.956 0.991 1.000 0.913 0.855 0.839 0.825 0.811 0.799
     34       1.412    0.933 0.361      0.467 0.488 0.512 0.651 0.684 0.707 0.754 0.849 0.913 1.000 0.992 0.988 0.984 0.979 0.975
     35       2.028    0.970 0.241      0.353 0.375 0.401 0.551 0.587 0.613 0.665 0.776 0.855 0.992 1.000 1.000 0.998 0.997 0.995
     36       2.293    0.977 0.212      0.324 0.347 0.373 0.525 0.562 0.589 0.642 0.757 0.839 0.988 1.000 1.000 1.000 0.999 0.998
     37       2.575    0.982 0.188      0.301 0.324 0.350 0.504 0.542 0.568 0.623 0.740 0.825 0.984 0.998 1.000 1.000 1.000 0.999
     38       2.937    0.986 0.164      0.278 0.301 0.327 0.483 0.521 0.548 0.604 0.724 0.811 0.979 0.997 0.999 1.000 1.000 1.000
     39       3.346    0.990 0.144      0.258 0.281 0.308 0.465 0.504 0.531 0.588 0.709 0.799 0.975 0.995 0.998 0.999 1.000 1.000

  R CORE   ENERGY   A0R/A00=1.000    R3= 0     2  
   2( 1)    0.732                    1.000 0.000
   2( 2)  487.921                    0.000 1.000

  R CORE   ENERGY   A0R/A00=1.000    R3= 0     2  
   3( 1)  488.652                    0.000 1.000

  R CORE   ENERGY   A0R/A00=1.000    R3= 0     2     4  
   4( 1)    2.438                    1.000 0.000 0.000

  R CORE   ENERGY   A0R/A00=1.000    R3= 0     2     4  
   5( 1)  490.847                    0.000 1.000 0.000

  R CORE   ENERGY   A0R/A00=1.000    R3= 0     2     4     6  
   6( 1)    5.121                    1.000 0.000 0.000 0.000

  R CORE   ENERGY   A0R/A00=1.000    R3= 0     2     4     6  
   7( 1)  494.017                    0.000 1.000 0.000 0.000

          AXIAL SYMMETRY => K RESTRICTED TO OMEGA

                     K
     S.P. ORB#: 25  0.50
     S.P. ORB#: 26  2.50
     S.P. ORB#: 27 -3.50
     S.P. ORB#: 28  0.50
     S.P. ORB#: 29 -1.50
     S.P. ORB#: 30 -3.50
     S.P. ORB#: 31  0.50
     S.P. ORB#: 32  4.50
     S.P. ORB#: 33 -1.50
     S.P. ORB#: 34  2.50
     S.P. ORB#: 35 -1.50
     S.P. ORB#: 36  2.50
     S.P. ORB#: 37 -3.50
     S.P. ORB#: 38  0.50
     S.P. ORB#: 39  0.50
 

             ENERGY    K= OMEGA
 
 I=  1/2- (1)  2.705  28:-0.997
                      38:-0.072
 
 I=  1/2- (2)  3.260  25:-0.067
                      28: 0.069
                      38:-0.995
 
 I=  1/2- (3)  5.616  25: 0.997
                      38:-0.064
 
 I=  1/2- (4)  6.297  31:-0.584
                      39: 0.812
 
 I=  1/2- (5)  9.048  31:-0.812
                      39:-0.584

             ENERGY    K= OMEGA
 
 I=  3/2- (1)  2.412  25: 0.149
                      28: 0.463
                      29: 0.403
                      35: 0.765
                      38:-0.130
 
 I=  3/2- (2)  2.572  28: 0.421
                      29:-0.879
                      35: 0.220

             ENERGY    K= OMEGA
 
 I=  5/2- (1)  2.473  25:-0.220
                      28: 0.401
                      29: 0.649
                      35:-0.266
                      36:-0.527
                      38: 0.147
 
 I=  5/2- (2)  3.034  25:-0.114
                      26: 0.056
                      28:-0.078
                      29: 0.509
                      35: 0.790
                      36: 0.262
                      38: 0.161
 
 I=  5/2- (3)  3.158  25: 0.141
                      28:-0.514
                      29:-0.101
                      35: 0.314
                      36:-0.769
                      38:-0.126
 
 I=  5/2- (4)  4.045  25: 0.104
                      28: 0.343
                      29:-0.418
                      35: 0.222
                      36:-0.192
                      38: 0.782
 
 I=  5/2- (5)  4.184  25:-0.140
                      28: 0.636
                      29:-0.283
                      35: 0.391
                      36:-0.161
                      38:-0.562

             ENERGY    K= OMEGA
 
 I=  7/2- (1)  2.056  26: 0.210
                      27:-0.060
                      30:-0.975
 
 I=  7/2- (2)  3.203  28:-0.311
                      29: 0.555
                      35:-0.391
                      36: 0.660
 
 I=  7/2- (3)  3.253  31: 0.737
                      33: 0.571
                      34: 0.334
                      37: 0.133
 
 I=  7/2- (4)  3.374  25:-0.304
                      28:-0.596
                      29:-0.471
                      35:-0.510
                      36:-0.160
                      38: 0.205
 
 I=  7/2- (5)  4.235  26:-0.077
                      27:-0.156
                      28:-0.525
                      29: 0.565
                      35: 0.264
                      36:-0.552

             ENERGY    K= OMEGA
 
 I=  9/2- (1)  1.826  26:-0.065
                      27: 0.220
                      30:-0.190
                      32:-0.955
 
 I=  9/2- (2)  2.974  26:-0.288
                      27:-0.093
                      29:-0.060
                      30:-0.931
                      32: 0.183
                      36: 0.058
 
 I=  9/2- (3)  3.465  25:-0.347
                      28: 0.471
                      29: 0.640
                      30:-0.073
                      35:-0.247
                      36:-0.381
                      38: 0.189
 
 I=  9/2- (4)  4.480  31: 0.239
                      33:-0.602
                      34: 0.649
                      37:-0.399
 
 I=  9/2- (5)  4.794  25: 0.173
                      26:-0.088
                      27: 0.091
                      29:-0.379
                      35:-0.735
                      36:-0.452
                      38:-0.253

             ENERGY    K= OMEGA
 
 I= 11/2- (1)  2.484  31:-0.689
                      33:-0.578
                      34:-0.390
                      37:-0.193
 
 I= 11/2- (2)  2.863  26: 0.111
                      27: 0.297
                      30:-0.263
                      32: 0.911
 
 I= 11/2- (3)  4.122  26: 0.339
                      27:-0.126
                      29:-0.065
                      30:-0.890
                      32:-0.257
                      36:-0.066
 
 I= 11/2- (4)  5.091  25: 0.108
                      28:-0.273
                      29: 0.618
                      30:-0.054
                      35:-0.367
                      36: 0.624
 
 I= 11/2- (5)  5.185  25:-0.377
                      28:-0.655
                      29:-0.397
                      30: 0.083
                      35:-0.458
                      36:-0.077
                      38: 0.221

             ENERGY    K= OMEGA
 
 I= 13/2- (1)  4.119  26: 0.151
                      27:-0.346
                      30: 0.314
                      32: 0.871
 
 I= 13/2- (2)  4.704  31:-0.225
                      33: 0.581
                      34:-0.656
                      37: 0.426
 
 I= 13/2- (3)  5.326  25:-0.402
                      26: 0.116
                      27: 0.060
                      28: 0.461
                      29: 0.601
                      30: 0.260
                      32:-0.079
                      35:-0.194
                      36:-0.315
                      38: 0.193
 
 I= 13/2- (4)  5.530  25:-0.133
                      26:-0.355
                      27:-0.145
                      28: 0.172
                      29: 0.168
                      30:-0.816
                      32: 0.302
                      35:-0.119
                      36:-0.055
                      38: 0.062
 
 I= 13/2- (5)  7.499  25: 0.191
                      26:-0.087
                      27: 0.092
                      29:-0.270
                      30: 0.063
                      32: 0.055
                      35:-0.700
                      36:-0.537
                      38:-0.295

             ENERGY     K= 1/2
  32 LEVELS    TIME=  0.0 SEC



 ******************* EXCITATION ENERGIES, DOMINANT CONFIGURATION AND EXPECTATION VALUES (WITH S.P. UU+VV FACTORS) *******************

  NR  Eex(keV)  I   Kdom  NY    <Jz>  <Jx**2> <Jy**2> <Jz**2> <I.j>/|I|  <Rx**2> <Ry**2> <Rz**2> <R.j>/|R|  <HROTx> <HROTy> <HROTz>

   1    0.0   9/2-   9/2  32    3.82    2.57    2.57   19.51    4.37       2.97    2.97    0.00   -1.20      0.362   0.362   0.000
   2  229.7   7/2-  -7/2  30   -3.23    2.31    2.31   11.97    3.39       2.74    2.74    0.00   -1.35      0.334   0.334   0.000
   3  586.0   3/2-  -3/2  35   -0.99    2.51    2.51    1.74    1.57       2.21    2.21    0.00   -1.77      0.270   0.270   0.000
   4  646.9   5/2-  -3/2  29    0.07    3.94    3.94    2.90    2.46       2.50    2.50    0.00   -1.57      0.305   0.305   0.000
   5  657.6  11/2-   1/2  31   -0.01   25.47   25.47    2.28    6.55       5.33    5.33    0.00   -4.31      0.650   0.650   0.000
  
   6  745.5   3/2-  -3/2  29   -1.14    4.62    4.62    1.89    1.43       4.68    4.68    0.00   -2.74      0.570   0.570   0.000
   7  878.6   1/2-   1/2  28    0.50    4.64    4.64    0.25    0.36       4.83    4.83   -0.00   -2.97      0.589   0.589  -0.000
   8 1036.7  11/2-   9/2  32    3.21    2.82    2.82   18.81    3.90       6.79    6.79    0.00   -0.31      0.828   0.828   0.000
   9 1148.0   9/2-  -7/2  30   -2.70    2.44    2.44   11.95    2.94       6.16    6.16    0.00   -0.62      0.750   0.750   0.000
  10 1208.1   5/2-  -3/2  35   -1.12    2.20    2.20    2.45    1.10       4.54    4.54    0.00   -1.19      0.553   0.553   0.000
  
  11 1331.6   5/2-   5/2  36    1.46    2.78    2.78    4.02    1.63       4.34    4.34    0.00   -1.61      0.529   0.529   0.000
  12 1377.0   7/2-   5/2  36    0.44    3.12    3.12    3.82    1.90       5.35    5.35    0.00   -0.77      0.653   0.653   0.000
  13 1426.9   7/2-   1/2  31    0.00   24.87   24.87    1.78    6.30       8.65    8.65    0.00   -6.38      1.054   1.054   0.000
  14 1434.3   1/2-   1/2  38    0.50    1.45    1.45    0.25    0.72       1.33    1.33   -0.00   -1.55      0.162   0.162  -0.000
  15 1547.8   7/2-   1/2  28   -0.41    3.32    3.32    1.39    1.51       5.88    5.88    0.00   -0.59      0.717   0.717   0.000
  
  16 1639.1   9/2-  -3/2  29   -0.17    4.57    4.57    2.14    2.38       6.16    6.16    0.00    0.16      0.751   0.751   0.000
  17 2218.4   5/2-   1/2  38    0.13    2.52    2.52    0.92    0.26       6.58    6.58    0.00   -1.43      0.802   0.802   0.000
  18 2292.6  13/2-   9/2  32    2.71    3.03    3.03   18.18    3.57      11.56   11.56   -0.00    0.14      1.410   1.410  -0.000
  19 2295.9  11/2-  -7/2  30   -2.24    2.54    2.54   12.00    2.65      10.57   10.57    0.00   -0.27      1.289   1.289   0.000
  20 2358.0   5/2-   1/2  28    0.09    3.11    3.11    0.88   -0.21       8.53    8.53    0.00   -1.87      1.040   1.040   0.000
  
  21 2408.9   7/2-  -3/2  29    0.25    3.41    3.41    3.19    0.71      10.04   10.04    0.00   -1.60      1.224   1.224   0.000
  22 2653.5   9/2-   5/2  34   -0.02   25.28   25.28    5.41    5.59      12.57   12.57    0.00   -5.62      1.532   1.532   0.000
  23 2878.1  13/2-   5/2  34   -0.04   25.25   25.25    5.68    5.61      13.33   13.33    0.00   -3.30      1.625   1.625   0.000
  24 2968.0   9/2-  -3/2  35   -0.48    2.13    2.13    3.02    1.02      10.95   10.95    0.00   -0.47      1.335   1.335   0.000
  25 3265.2  11/2-   5/2  36    0.24    3.34    3.34    3.72    1.65      13.23   13.23    0.00   -0.11      1.613   1.613   0.000
  
  26 3359.0  11/2-   1/2  28   -0.25    3.53    3.53    1.11    1.52      12.89   12.89    0.00    0.18      1.571   1.571   0.000
  27 3499.6  13/2-  -3/2  29   -0.33    4.68    4.68    2.70    2.43      13.46   13.46    0.00    0.94      1.640   1.640   0.000
  28 3703.7  13/2-  -7/2  30   -1.71    2.85    2.85   11.17    2.41      15.95   15.95    0.00   -0.00      1.944   1.944   0.000
  29 3789.8   1/2-   1/2  25    0.50    6.27    6.27    0.25    0.68       6.18    6.18    0.00   -3.47      0.753   0.753   0.000
  30 4471.3   1/2-   1/2  39    0.50   12.95   12.95    0.25   -1.99      15.17   15.17    0.00   -5.06      1.850   1.850   0.000
  
  31 5673.2  13/2-  -3/2  35   -0.07    2.07    2.07    3.36    0.93      21.64   21.64    0.00   -0.15      2.638   2.638   0.000
  32 7222.3   1/2-   1/2  31    0.50   25.71   25.71    0.25   -3.58      29.31   29.31    0.00   -7.15      3.573   3.573   0.000
