1SPECTRUM OF (Z= 82 A=207) IN PARTICLE-ROTOR  MODEL WITH MODIFIED OSCILLATOR POTENTIAL


 PARITY=-   EPS= 0.330   GAMMA=  0.0   EPS4=0.000   EPS6=0.000   LEVELS:  24  25  26  27  28  29  30  31  32  33  34  35  36  37  38

 PAIRING FACTORS: GN0= 19.20  GN1=  7.40  IPAIR= 15 ***  E2PLUS(INPUT)=   0.730  E2PLUR(INPUT)=   0.000

 CORIOLIS ATTENUATION PARAMETERS:  CHSI=1.000  ETA=  1.00

 MOMENT OF INERTIA PARAMETERS:   A1=  0.122 MEV   A2=  0.122 MEV   A3=121.91922 MEV


 DELTA=0.921 MEV  LAMBDA=53.3224 MEV   HW0= 7.5097 MEV   LAMBDA/HW0= 7.1005

 E2ENERGY=0.730 MEV  HBAR**2/B=20192./A**(7/3)=3413.4/A**2 MEV

 IREC=0  =>  RECOIL TERMS j+j-, j+j+, jzjz, ETC TREATED AS ONE-BODY OPERATORS WITH UU+VV PAIRING FACTORS



 S. P. LEVEL   EQP       U     V        (UU + VV)**1.00

     24       4.742    0.098 0.995      1.000 1.000 0.999 0.997 0.981 0.960 0.942 0.923 0.874 0.683 0.549 0.292 0.284 0.271 0.265
     25       4.177    0.111 0.994      1.000 1.000 0.999 0.998 0.984 0.964 0.947 0.928 0.880 0.693 0.561 0.305 0.297 0.284 0.278
     26       3.182    0.146 0.989      0.999 0.999 1.000 0.999 0.990 0.972 0.958 0.940 0.897 0.718 0.590 0.339 0.331 0.318 0.312
     27       2.625    0.178 0.984      0.997 0.998 0.999 1.000 0.994 0.980 0.967 0.951 0.910 0.740 0.616 0.369 0.361 0.349 0.342
     28       1.676    0.287 0.958      0.981 0.984 0.990 0.994 1.000 0.996 0.989 0.979 0.951 0.810 0.700 0.470 0.462 0.451 0.445
     29       1.331    0.373 0.928      0.960 0.964 0.972 0.980 0.996 1.000 0.998 0.994 0.975 0.860 0.762 0.549 0.541 0.530 0.524
     30       1.197    0.425 0.905      0.942 0.947 0.958 0.967 0.989 0.998 1.000 0.998 0.986 0.888 0.797 0.595 0.588 0.578 0.572
     31       1.103    0.474 0.880      0.923 0.928 0.940 0.951 0.979 0.994 0.998 1.000 0.994 0.912 0.829 0.639 0.632 0.622 0.616
     32       0.983    0.569 0.822      0.874 0.880 0.897 0.910 0.951 0.975 0.986 0.994 1.000 0.952 0.886 0.721 0.714 0.705 0.700
     33       0.953    0.794 0.608      0.683 0.693 0.718 0.740 0.810 0.860 0.888 0.912 0.952 1.000 0.986 0.898 0.894 0.888 0.885
     34       1.118    0.885 0.465      0.549 0.561 0.590 0.616 0.700 0.762 0.797 0.829 0.886 0.986 1.000 0.960 0.957 0.953 0.951
     35       2.377    0.980 0.198      0.292 0.305 0.339 0.369 0.470 0.549 0.595 0.639 0.721 0.898 0.960 1.000 1.000 1.000 1.000
     36       2.481    0.982 0.189      0.284 0.297 0.331 0.361 0.462 0.541 0.588 0.632 0.714 0.894 0.957 1.000 1.000 1.000 1.000
     37       2.654    0.984 0.176      0.271 0.284 0.318 0.349 0.451 0.530 0.578 0.622 0.705 0.888 0.953 1.000 1.000 1.000 1.000
     38       2.758    0.986 0.169      0.265 0.278 0.312 0.342 0.445 0.524 0.572 0.616 0.700 0.885 0.951 1.000 1.000 1.000 1.000

  R CORE   ENERGY   A0R/A00=1.000    R3= 0     2  
   2( 1)    0.732                    1.000 0.000
   2( 2)  487.921                    0.000 1.000

  R CORE   ENERGY   A0R/A00=1.000    R3= 0     2  
   3( 1)  488.652                    0.000 1.000

  R CORE   ENERGY   A0R/A00=1.000    R3= 0     2     4  
   4( 1)    2.438                    1.000 0.000 0.000

  R CORE   ENERGY   A0R/A00=1.000    R3= 0     2     4  
   5( 1)  490.847                    0.000 1.000 0.000

  R CORE   ENERGY   A0R/A00=1.000    R3= 0     2     4     6  
   6( 1)    5.121                    1.000 0.000 0.000 0.000

  R CORE   ENERGY   A0R/A00=1.000    R3= 0     2     4     6  
   7( 1)  494.017                    0.000 1.000 0.000 0.000

          AXIAL SYMMETRY => K RESTRICTED TO OMEGA

                     K
     S.P. ORB#: 24 -5.50
     S.P. ORB#: 25  0.50
     S.P. ORB#: 26  2.50
     S.P. ORB#: 27 -3.50
     S.P. ORB#: 28  0.50
     S.P. ORB#: 29  0.50
     S.P. ORB#: 30 -1.50
     S.P. ORB#: 31 -1.50
     S.P. ORB#: 32 -3.50
     S.P. ORB#: 33  4.50
     S.P. ORB#: 34  2.50
     S.P. ORB#: 35 -3.50
     S.P. ORB#: 36 -1.50
     S.P. ORB#: 37  0.50
     S.P. ORB#: 38  2.50
 

             ENERGY    K= OMEGA
 
 I=  1/2- (1)  2.565  29: 0.999
 
 I=  1/2- (2)  5.741  25: 0.999
 
 I=  1/2- (3)  5.953  28:-0.412
                      37: 0.911
 
 I=  1/2- (4)  8.744  28: 0.911
                      37: 0.412
 
 I=  1/2- (5)147.406  31:-1.000

             ENERGY    K= OMEGA
 
 I=  3/2- (1)  2.432  25: 0.096
                      29:-0.196
                      30: 0.973
                      36: 0.071
 
 I=  3/2- (2)  2.566  25:-0.193
                      29:-0.867
                      30:-0.124
                      36:-0.443

             ENERGY    K= OMEGA
 
 I=  5/2- (1)  2.530  25:-0.262
                      29: 0.451
                      30: 0.774
                      36:-0.151
                      38:-0.325
 
 I=  5/2- (2)  3.312  26:-0.066
                      29: 0.563
                      30:-0.440
                      36:-0.694
                      38: 0.061
 
 I=  5/2- (3)  3.496  25:-0.139
                      29: 0.360
                      30: 0.159
                      36: 0.267
                      38: 0.868
 
 I=  5/2- (4)  4.230  26:-0.058
                      29:-0.554
                      30: 0.367
                      36:-0.645
                      38: 0.369
 
 I=  5/2- (5)  4.968  26: 0.996
                      36:-0.087

             ENERGY    K= OMEGA
 
 I=  7/2- (1)  1.782  26: 0.195
                      27:-0.051
                      32:-0.979
 
 I=  7/2- (2)  3.327  25: 0.118
                      29:-0.287
                      30: 0.782
                      36:-0.202
                      38: 0.498
 
 I=  7/2- (3)  3.487  28:-0.716
                      31:-0.581
                      34:-0.355
                      35:-0.150
 
 I=  7/2- (4)  3.505  25:-0.320
                      29:-0.770
                      30:-0.323
                      36:-0.444
 
 I=  7/2- (5)  4.378  26: 0.177
                      27: 0.598
                      29: 0.319
                      30:-0.337
                      36:-0.328
                      38: 0.536

             ENERGY    K= OMEGA
 
 I=  9/2- (1)  1.841  26:-0.072
                      27: 0.194
                      32:-0.234
                      33:-0.950
 
 I=  9/2- (2)  2.737  26:-0.267
                      27:-0.090
                      32:-0.928
                      33: 0.231
 
 I=  9/2- (3)  3.568  25:-0.374
                      29: 0.490
                      30: 0.688
                      32:-0.059
                      36:-0.203
                      38:-0.318
 
 I=  9/2- (4)  4.607  28: 0.229
                      31:-0.575
                      34: 0.662
                      35:-0.423
 
 I=  9/2- (5)  5.141  26:-0.105
                      27: 0.059
                      29: 0.470
                      30:-0.482
                      32: 0.059
                      36:-0.720
                      38: 0.092

             ENERGY    K= OMEGA
 
 I= 11/2- (1)  2.824  28:-0.682
                      31:-0.579
                      34:-0.394
                      35:-0.202
                      37:-0.056
 
 I= 11/2- (2)  2.926  26:-0.123
                      27:-0.263
                      32: 0.323
                      33:-0.900
 
 I= 11/2- (3)  3.923  26:-0.313
                      27: 0.130
                      30: 0.059
                      32: 0.880
                      33: 0.320
                      38: 0.061
 
 I= 11/2- (4)  5.218  25:-0.193
                      29: 0.191
                      30:-0.773
                      32: 0.073
                      36: 0.211
                      38:-0.525
 
 I= 11/2- (5)  5.353  25: 0.371
                      29: 0.779
                      30: 0.234
                      36: 0.443

             ENERGY    K= OMEGA
 
 I= 13/2- (1)  4.230  26: 0.168
                      27:-0.307
                      32: 0.381
                      33: 0.855
 
 I= 13/2- (2)  4.993  28: 0.221
                      31:-0.559
                      34: 0.663
                      35:-0.446
 
 I= 13/2- (3)  5.318  25: 0.168
                      26:-0.319
                      27:-0.159
                      29:-0.174
                      30:-0.271
                      32:-0.769
                      33: 0.351
                      38: 0.156
 
 I= 13/2- (4)  5.529  25: 0.413
                      26: 0.128
                      29:-0.470
                      30:-0.591
                      32: 0.336
                      33:-0.152
                      36: 0.203
                      38: 0.251
 
 I= 13/2- (5)  7.671  24: 0.998
                      27:-0.052

             ENERGY     K= 5/2
  32 LEVELS    TIME=  0.0 SEC



 ******************* EXCITATION ENERGIES, DOMINANT CONFIGURATION AND EXPECTATION VALUES (WITH S.P. UU+VV FACTORS) *******************

  NR  Eex(keV)  I   Kdom  NY    <Jz>  <Jx**2> <Jy**2> <Jz**2> <I.j>/|I|  <Rx**2> <Ry**2> <Rz**2> <R.j>/|R|  <HROTx> <HROTy> <HROTz>

   1    0.0   7/2-  -7/2  32   -3.27    2.31    2.31   12.01    3.35       2.91    2.91    0.00   -1.39      0.354   0.354   0.000
   2   59.4   9/2-   9/2  33    3.75    2.54    2.54   19.44    4.28       3.33    3.33    0.00   -1.24      0.406   0.406   0.000
   3  649.7   3/2-  -3/2  30   -1.40    4.69    4.69    2.15    1.41       4.90    4.90   -0.00   -2.81      0.598   0.598  -0.000
   4  748.0   5/2-  -3/2  30   -0.53    4.72    4.72    2.13    2.18       3.72    3.72   -0.00   -1.88      0.453   0.453  -0.000
   5  782.8   1/2-   1/2  29    0.50    4.77    4.77    0.25    0.27       5.04    5.04    0.00   -3.01      0.614   0.614   0.000
  
   6  784.2   3/2-   1/2  29    0.08    3.93    3.93    0.67    1.25       3.72    3.72    0.00   -2.24      0.453   0.453   0.000
   7  954.9   9/2-  -7/2  32   -2.63    2.41    2.41   12.21    2.90       6.47    6.47    0.00   -0.73      0.789   0.789   0.000
   8 1042.1  11/2-   1/2  28   -0.02   24.45   24.45    2.34    6.32       5.72    5.72   -0.00   -3.98      0.698   0.698  -0.000
   9 1143.9  11/2-   9/2  33    3.08    2.76    2.76   18.66    3.76       7.45    7.45    0.00   -0.43      0.909   0.909   0.000
  10 1529.7   5/2-  -3/2  36   -0.83    3.04    3.04    1.65    0.79       5.90    5.90   -0.00   -1.57      0.720   0.720  -0.000
  
  11 1544.6   7/2-  -3/2  30   -0.32    4.06    4.06    3.08    1.71       6.71    6.71    0.00   -1.21      0.818   0.818   0.000
  12 1704.9   7/2-   1/2  28   -0.01   24.04   24.04    1.95    6.16       8.44    8.44    0.00   -6.23      1.029   1.029   0.000
  13 1713.9   5/2-   5/2  38    1.82    2.36    2.36    4.97    1.79       3.91    3.91    0.00   -1.57      0.477   0.477   0.000
  14 1722.9   7/2-   1/2  29   -0.10    3.87    3.87    0.88    1.35       6.83    6.83    0.00   -0.88      0.832   0.832   0.000
  15 1786.4   9/2-  -3/2  30   -0.34    4.91    4.91    1.94    2.26       7.02    7.02   -0.00   -0.14      0.856   0.856  -0.000
  
  16 2140.7  11/2-  -7/2  32   -2.06    2.51    2.51   12.42    2.60      11.03   11.03    0.00   -0.40      1.345   1.345   0.000
  17 2447.4  13/2-   9/2  33    2.51    2.95    2.95   17.94    3.41      12.49   12.49    0.00   -0.01      1.523   1.523   0.000
  18 2448.1   5/2-  -3/2  36   -0.32    3.31    3.31    2.19   -0.13       9.16    9.16    0.00   -2.15      1.116   1.116   0.000
  19 2595.9   7/2-  -7/2  27   -0.74    4.02    4.02    6.90    1.79       8.23    8.23    0.00   -1.93      1.003   1.003   0.000
  20 2825.0   9/2-   5/2  34   -0.00   24.63   24.63    5.69    5.34      13.28   13.28   -0.00   -5.51      1.619   1.619  -0.000
  
  21 3186.0   5/2-   5/2  26    2.47    5.99    5.99    6.21    2.07       7.35    7.35    0.00   -3.15      0.896   0.896   0.000
  22 3210.4  13/2-   5/2  34   -0.04   24.62   24.62    5.90    5.32      14.77   14.77   -0.00   -3.31      1.801   1.801  -0.000
  23 3358.9   9/2-  -3/2  36   -0.99    2.86    2.86    1.95    0.62      13.15   13.15    0.00   -0.90      1.603   1.603   0.000
  24 3435.7  11/2-  -3/2  30   -0.25    4.01    4.01    3.29    1.59      14.01   14.01   -0.00   -0.34      1.708   1.708  -0.000
  25 3536.1  13/2-  -7/2  32   -1.38    2.95    2.95   11.03    2.41      16.03   16.03    0.00   -0.02      1.954   1.954   0.001
  
  26 3571.3  11/2-   1/2  29   -0.01    3.91    3.91    0.79    1.37      13.98   13.98    0.00   -0.08      1.705   1.705   0.000
  27 3746.6  13/2-  -3/2  30   -0.49    4.75    4.75    3.35    2.28      14.91   14.91    0.00    0.56      1.818   1.818   0.000
  28 3958.8   1/2-   1/2  25    0.50    6.52    6.52    0.25    0.67       6.44    6.44    0.00   -3.54      0.785   0.785   0.000
  29 4171.4   1/2-   1/2  37    0.50   12.39   12.39    0.25   -1.53      14.21   14.21    0.00   -4.94      1.733   1.733   0.000
  30 5889.2  13/2- -11/2  24   -5.48    2.76    2.76   30.17    4.32      12.05   12.05    0.00   -1.12      1.469   1.469   0.000
  
  31 6961.6   1/2-   1/2  28    0.50   24.72   24.72    0.25   -3.56      28.30   28.30   -0.00   -7.01      3.451   3.451  -0.000
  32*******   1/2-  -3/2  31    0.00    0.00    0.00    0.00   -0.00       0.00    0.00    0.00   -0.00      0.000   0.000   0.000
