1SPECTRUM OF (Z= 82 A=207) IN PARTICLE-ROTOR  MODEL WITH MODIFIED OSCILLATOR POTENTIAL


 PARITY=-   EPS= 0.462   GAMMA=  0.0   EPS4=0.000   EPS6=0.000   LEVELS:  25  26  27  28  29  30  31  32  33  34  35  36  37  38  39

 PAIRING FACTORS: GN0= 19.20  GN1=  7.40  IPAIR= 15 ***  E2PLUS(INPUT)=   0.730  E2PLUR(INPUT)=   0.000

 CORIOLIS ATTENUATION PARAMETERS:  CHSI=1.000  ETA=  1.00

 MOMENT OF INERTIA PARAMETERS:   A1=  0.122 MEV   A2=  0.122 MEV   A3=121.91924 MEV


 DELTA=0.849 MEV  LAMBDA=53.4629 MEV   HW0= 7.6155 MEV   LAMBDA/HW0= 7.0203

 E2ENERGY=0.730 MEV  HBAR**2/B=39577./A**(7/3)=6690.3/A**2 MEV

 IREC=0  =>  RECOIL TERMS j+j-, j+j+, jzjz, ETC TREATED AS ONE-BODY OPERATORS WITH UU+VV PAIRING FACTORS



 S. P. LEVEL   EQP       U     V        (UU + VV)**1.00

     25       4.176    0.102 0.995      1.000 0.999 0.998 0.994 0.982 0.964 0.887 0.730 0.651 0.350 0.308 0.288 0.264 0.252 0.200
     26       3.128    0.137 0.991      0.999 1.000 0.999 0.997 0.988 0.973 0.903 0.753 0.677 0.383 0.341 0.322 0.297 0.286 0.234
     27       2.519    0.171 0.985      0.998 0.999 1.000 0.999 0.993 0.981 0.917 0.776 0.702 0.415 0.374 0.354 0.330 0.319 0.267
     28       2.074    0.209 0.978      0.994 0.997 0.999 1.000 0.997 0.987 0.932 0.800 0.729 0.450 0.409 0.390 0.367 0.356 0.305
     29       1.549    0.286 0.958      0.982 0.988 0.993 0.997 1.000 0.997 0.958 0.845 0.781 0.519 0.480 0.462 0.439 0.428 0.379
     30       1.260    0.361 0.932      0.964 0.973 0.981 0.987 0.997 1.000 0.977 0.885 0.828 0.585 0.548 0.531 0.509 0.499 0.452
     31       0.925    0.550 0.835      0.887 0.903 0.917 0.932 0.958 0.977 1.000 0.963 0.928 0.743 0.713 0.698 0.679 0.671 0.630
     32       0.858    0.755 0.656      0.730 0.753 0.776 0.800 0.845 0.885 0.963 1.000 0.994 0.896 0.875 0.865 0.852 0.846 0.816
     33       0.907    0.822 0.570      0.651 0.677 0.702 0.729 0.781 0.828 0.928 0.994 1.000 0.939 0.923 0.915 0.904 0.899 0.874
     34       1.736    0.968 0.253      0.350 0.383 0.415 0.450 0.519 0.585 0.743 0.896 0.939 1.000 0.999 0.998 0.996 0.995 0.988
     35       2.075    0.978 0.209      0.308 0.341 0.374 0.409 0.480 0.548 0.713 0.875 0.923 0.999 1.000 1.000 0.999 0.998 0.994
     36       2.288    0.982 0.189      0.288 0.322 0.354 0.390 0.462 0.531 0.698 0.865 0.915 0.998 1.000 1.000 1.000 0.999 0.996
     37       2.631    0.987 0.164      0.264 0.297 0.330 0.367 0.439 0.509 0.679 0.852 0.904 0.996 0.999 1.000 1.000 1.000 0.998
     38       2.827    0.988 0.152      0.252 0.286 0.319 0.356 0.428 0.499 0.671 0.846 0.899 0.995 0.998 0.999 1.000 1.000 0.999
     39       4.329    0.995 0.099      0.200 0.234 0.267 0.305 0.379 0.452 0.630 0.816 0.874 0.988 0.994 0.996 0.998 0.999 1.000

  R CORE   ENERGY   A0R/A00=1.000    R3= 0     2  
   2( 1)    0.732                    1.000 0.000
   2( 2)  487.921                    0.000 1.000

  R CORE   ENERGY   A0R/A00=1.000    R3= 0     2  
   3( 1)  488.652                    0.000 1.000

  R CORE   ENERGY   A0R/A00=1.000    R3= 0     2     4  
   4( 1)    2.438                    1.000 0.000 0.000

  R CORE   ENERGY   A0R/A00=1.000    R3= 0     2     4  
   5( 1)  490.847                    0.000 1.000 0.000

  R CORE   ENERGY   A0R/A00=1.000    R3= 0     2     4     6  
   6( 1)    5.121                    1.000 0.000 0.000 0.000

  R CORE   ENERGY   A0R/A00=1.000    R3= 0     2     4     6  
   7( 1)  494.017                    0.000 1.000 0.000 0.000

          AXIAL SYMMETRY => K RESTRICTED TO OMEGA

                     K
     S.P. ORB#: 25  0.50
     S.P. ORB#: 26 -1.50
     S.P. ORB#: 27 -5.50
     S.P. ORB#: 28  2.50
     S.P. ORB#: 29 -3.50
     S.P. ORB#: 30  2.50
     S.P. ORB#: 31  0.50
     S.P. ORB#: 32  0.50
     S.P. ORB#: 33 -1.50
     S.P. ORB#: 34 -3.50
     S.P. ORB#: 35 -3.50
     S.P. ORB#: 36  0.50
     S.P. ORB#: 37  4.50
     S.P. ORB#: 38 -1.50
     S.P. ORB#: 39  4.50
 

             ENERGY    K= OMEGA
 
 I=  1/2- (1)  2.222  32: 0.999
 
 I=  1/2- (2)  4.128  31: 0.930
                      36:-0.368
 
 I=  1/2- (3)  5.955  25: 0.999
 
 I=  1/2- (4)  6.552  31:-0.368
                      36:-0.930
 
 I=  1/2- (5)147.210  33: 1.000

             ENERGY    K= OMEGA
 
 I=  3/2- (1)  2.240  32: 0.610
                      33:-0.793
 
 I=  3/2- (2)  2.452  25:-0.160
                      32:-0.782
                      33:-0.602

             ENERGY    K= OMEGA
 
 I=  5/2- (1)  2.634  25: 0.213
                      28:-0.059
                      32:-0.516
                      33:-0.827
 
 I=  5/2- (2)  3.422  25: 0.059
                      28: 0.103
                      32:-0.839
                      33: 0.531
 
 I=  5/2- (3)  3.887  28:-0.993
                      32:-0.057
                      33: 0.103
 
 I=  5/2- (4)  4.387  26:-0.111
                      30: 0.091
                      31: 0.829
                      36:-0.477
                      38:-0.254
 
 I=  5/2- (5)  6.262  26: 0.492
                      30:-0.847
                      36:-0.196

             ENERGY    K= OMEGA
 
 I=  7/2- (1)  2.972  28: 0.203
                      29:-0.053
                      35:-0.977
 
 I=  7/2- (2)  3.449  28:-0.127
                      29:-0.443
                      32:-0.661
                      33: 0.590
 
 I=  7/2- (3)  3.487  28:-0.134
                      29:-0.876
                      32: 0.386
                      33:-0.251
 
 I=  7/2- (4)  3.749  25:-0.283
                      28: 0.069
                      29:-0.077
                      32:-0.607
                      33:-0.734
 
 I=  7/2- (5)  4.420  26:-0.254
                      30:-0.252
                      31:-0.844
                      34:-0.097
                      36:-0.248
                      38:-0.299

             ENERGY    K= OMEGA
 
 I=  9/2- (1)  3.462  28: 0.131
                      29:-0.371
                      35: 0.330
                      37: 0.858
 
 I=  9/2- (2)  4.026  25:-0.175
                      28: 0.242
                      29: 0.177
                      32: 0.281
                      33: 0.409
                      35: 0.750
                      37:-0.266
 
 I=  9/2- (3)  4.101  25: 0.287
                      28: 0.070
                      29: 0.135
                      32:-0.477
                      33:-0.637
                      35: 0.498
                      37:-0.115
 
 I=  9/2- (4)  4.747  28:-0.261
                      29: 0.868
                      32: 0.056
                      37: 0.417
 
 I=  9/2- (5)  5.031  26:-0.369
                      30: 0.515
                      31: 0.537
                      34:-0.374
                      36:-0.287
                      38:-0.233
                      39: 0.183

             ENERGY    K= OMEGA
 
 I= 11/2- (1)  3.857  27: 0.998
                      37: 0.060
 
 I= 11/2- (2)  4.556  27:-0.063
                      28: 0.176
                      29: 0.439
                      35:-0.371
                      37: 0.796
 
 I= 11/2- (3)  4.946  26:-0.399
                      30:-0.512
                      31:-0.537
                      34:-0.391
                      36:-0.194
                      38:-0.227
                      39:-0.220
 
 I= 11/2- (4)  5.336  28: 0.292
                      29:-0.268
                      33:-0.124
                      35:-0.851
                      37:-0.317
 
 I= 11/2- (5)  5.638  25:-0.120
                      29:-0.055
                      32:-0.859
                      33: 0.480
                      35:-0.113

             ENERGY    K= OMEGA
 
 I= 13/2- (1)  5.435  27:-0.991
                      29:-0.054
                      37: 0.116
 
 I= 13/2- (2)  5.656  26:-0.396
                      30: 0.587
                      31: 0.242
                      34:-0.545
                      36:-0.088
                      38:-0.131
                      39: 0.344
 
 I= 13/2- (3)  5.908  27:-0.132
                      28:-0.212
                      29: 0.468
                      33:-0.066
                      35:-0.390
                      37:-0.749
 
 I= 13/2- (4)  6.386  25: 0.416
                      28:-0.083
                      29:-0.058
                      32:-0.551
                      33:-0.706
                      37: 0.116
 
 I= 13/2- (5)  6.881  25:-0.056
                      28:-0.305
                      29:-0.300
                      32: 0.087
                      33: 0.066
                      35:-0.837
                      37: 0.319

             ENERGY     K= 9/2
  32 LEVELS    TIME=  0.0 SEC



 ******************* EXCITATION ENERGIES, DOMINANT CONFIGURATION AND EXPECTATION VALUES (WITH S.P. UU+VV FACTORS) *******************

  NR  Eex(keV)  I   Kdom  NY    <Jz>  <Jx**2> <Jy**2> <Jz**2> <I.j>/|I|  <Rx**2> <Ry**2> <Rz**2> <R.j>/|R|  <HROTx> <HROTy> <HROTz>

   1    0.0   1/2-   1/2  32    0.50    5.20    5.20    0.25    0.15       5.57    5.57   -0.00   -3.15      0.679   0.679  -0.000
   2   17.3   3/2-  -3/2  33   -0.76    5.19    5.19    1.51    1.17       5.54    5.54    0.00   -2.89      0.676   0.676   0.000
   3  229.3   3/2-   1/2  32   -0.23    5.17    5.17    0.98    0.73       6.11    6.11    0.00   -2.83      0.745   0.745   0.000
   4  411.9   5/2-  -3/2  33   -0.86    5.36    5.36    1.64    1.37       6.51    6.51    0.00   -2.30      0.794   0.794   0.000
   5  749.4   7/2-  -7/2  35   -3.25    2.41    2.41   11.98    3.17       3.69    3.69   -0.00   -1.55      0.450   0.450  -0.000
  
   6 1199.1   5/2-   1/2  32   -0.04    5.22    5.22    0.88   -0.11      10.36   10.36    0.00   -2.56      1.263   1.263   0.000
   7 1226.9   7/2-   1/2  32   -0.96    5.40    5.40    3.41    1.28       9.90    9.90    0.00   -2.05      1.207   1.207   0.000
   8 1239.3   9/2-   9/2  37    2.49    3.02    3.02   18.02    4.04       4.31    4.31    0.00   -1.35      0.525   0.525   0.000
   9 1264.2   7/2-  -7/2  29   -2.67    6.08    6.08    9.71    2.60       8.48    8.48   -0.00   -2.80      1.034   1.034  -0.000
  10 1527.1   7/2-  -3/2  33   -0.60    5.28    5.28    1.45    0.82      10.61   10.61    0.00   -1.90      1.294   1.294   0.000
  
  11 1634.4  11/2- -11/2  27   -5.46    2.75    2.75   30.20    5.06       5.49    5.49    0.00   -1.65      0.669   0.669   0.000
  12 1664.3   5/2-   5/2  28    2.45    6.13    6.13    6.19    2.06       7.50    7.50    0.00   -3.19      0.914   0.914   0.000
  13 1803.9   9/2-  -7/2  35   -1.81    3.45    3.45    9.48    2.36       8.84    8.84   -0.00   -1.11      1.078   1.078  -0.000
  14 1878.2   9/2-  -3/2  33   -1.31    4.67    4.67    4.55    1.73      10.69   10.69    0.00   -1.14      1.303   1.303   0.000
  15 1905.5   1/2-   1/2  31    0.50   12.71   12.71    0.25    0.95      12.38   12.38    0.00   -4.99      1.510   1.510   0.000
  
  16 2164.2   5/2-   1/2  31    0.36   13.23   13.23    0.45    1.87      12.30   12.30    0.00   -4.31      1.499   1.499   0.000
  17 2198.0   7/2-   1/2  31    0.28   16.38   16.38    1.05    3.07      12.60   12.60    0.00   -4.31      1.536   1.536   0.000
  18 2334.0  11/2-   9/2  37    1.75    3.31    3.31   17.20    3.45       9.14    9.14    0.00   -0.74      1.114   1.114   0.000
  19 2524.3   9/2-  -7/2  29   -1.68    5.61    5.61   13.19    2.49      12.20   12.20    0.00   -2.44      1.487   1.487   0.000
  20 2723.4  11/2-   1/2  31    0.18   20.23   20.23    5.04    4.64      12.90   12.90    0.00   -3.50      1.573   1.573   0.000
  
  21 2808.3   9/2-   1/2  31    0.22   19.00   19.00    4.57    4.07      13.43   13.43   -0.00   -4.31      1.637   1.637  -0.000
  22 3113.2  11/2-  -7/2  35   -2.14    2.81    2.81   12.36    2.25      13.38   13.38   -0.00   -0.87      1.632   1.632  -0.000
  23 3213.1  13/2- -11/2  27   -5.35    2.76    2.76   30.03    4.32      11.97   11.97    0.00   -1.10      1.459   1.459   0.000
  24 3416.0  11/2-   1/2  32   -0.02    5.12    5.12    0.91    0.70      19.29   19.29    0.00   -1.12      2.351   2.351   0.000
  25 3433.3  13/2-   5/2  30    0.13   21.97   21.97    8.60    5.15      14.69   14.69    0.00   -3.06      1.791   1.791   0.000
  
  26 3685.4  13/2-   9/2  37    1.23    3.51    3.51   16.71    3.06      14.90   14.90    0.00   -0.44      1.817   1.817   0.000
  27 3732.6   1/2-   1/2  25    0.50    7.38    7.38    0.25    0.64       7.32    7.32   -0.00   -3.78      0.893   0.893  -0.000
  28 4039.7   5/2-   5/2  30    1.45   22.65   22.65    5.04    3.74      18.49   18.49    0.00   -6.46      2.254   2.254   0.000
  29 4163.9  13/2-  -3/2  33   -0.45    5.66    5.66    1.62    1.54      20.07   20.07    0.00   -0.34      2.446   2.446   0.000
  30 4329.5   1/2-   1/2  36    0.50   17.09   17.09    0.25   -0.75      18.24   18.24   -0.00   -5.81      2.224   2.224  -0.000
  
  31 4658.6  13/2-  -7/2  35   -2.08    2.90    2.90   12.34    1.97      19.70   19.70   -0.00   -0.70      2.402   2.402  -0.000
  32*******   1/2-  -3/2  33    0.00    0.00    0.00    0.00    0.00       0.00    0.00    0.00   -0.00      0.000   0.000   0.000
