1SPECTRUM OF (Z= 82 A=207) IN PARTICLE-ROTOR  MODEL WITH MODIFIED OSCILLATOR POTENTIAL


 PARITY=-   EPS= 0.483   GAMMA=  0.0   EPS4=0.000   EPS6=0.000   LEVELS:  26  27  28  29  30  31  32  33  34  35  36  37  38  39  40

 PAIRING FACTORS: GN0= 19.20  GN1=  7.40  IPAIR= 15 ***  E2PLUS(INPUT)=   0.730  E2PLUR(INPUT)=   0.000

 CORIOLIS ATTENUATION PARAMETERS:  CHSI=1.000  ETA=  1.00

 MOMENT OF INERTIA PARAMETERS:   A1=  0.122 MEV   A2=  0.122 MEV   A3=121.91923 MEV


 DELTA=0.848 MEV  LAMBDA=53.4419 MEV   HW0= 7.6367 MEV   LAMBDA/HW0= 6.9980

 E2ENERGY=0.730 MEV  HBAR**2/B=43256./A**(7/3)=7312.4/A**2 MEV

 IREC=0  =>  RECOIL TERMS j+j-, j+j+, jzjz, ETC TREATED AS ONE-BODY OPERATORS WITH UU+VV PAIRING FACTORS



 S. P. LEVEL   EQP       U     V        (UU + VV)**1.00

     26       3.458    0.124 0.992      1.000 0.997 0.993 0.980 0.976 0.958 0.646 0.576 0.376 0.333 0.294 0.285 0.262 0.218 0.211
     27       2.107    0.206 0.979      0.997 1.000 0.999 0.993 0.991 0.978 0.708 0.642 0.452 0.411 0.373 0.364 0.341 0.299 0.292
     28       1.838    0.238 0.971      0.993 0.999 1.000 0.997 0.995 0.984 0.730 0.666 0.481 0.440 0.403 0.394 0.372 0.330 0.323
     29       1.410    0.317 0.948      0.980 0.993 0.997 1.000 1.000 0.996 0.785 0.726 0.552 0.513 0.477 0.469 0.448 0.407 0.400
     30       1.338    0.337 0.942      0.976 0.991 0.995 1.000 1.000 0.997 0.797 0.740 0.569 0.531 0.495 0.487 0.466 0.426 0.419
     31       1.147    0.404 0.915      0.958 0.978 0.984 0.996 0.997 1.000 0.839 0.787 0.627 0.591 0.557 0.549 0.529 0.490 0.484
     32       0.926    0.837 0.547      0.646 0.708 0.730 0.785 0.797 0.839 1.000 0.996 0.950 0.935 0.919 0.916 0.906 0.886 0.882
     33       1.022    0.883 0.470      0.576 0.642 0.666 0.726 0.740 0.787 0.996 1.000 0.974 0.963 0.951 0.948 0.940 0.924 0.921
     34       1.698    0.966 0.259      0.376 0.452 0.481 0.552 0.569 0.627 0.950 0.974 1.000 0.999 0.996 0.995 0.993 0.986 0.985
     35       2.028    0.977 0.214      0.333 0.411 0.440 0.513 0.531 0.591 0.935 0.963 0.999 1.000 0.999 0.999 0.997 0.993 0.992
     36       2.480    0.985 0.174      0.294 0.373 0.403 0.477 0.495 0.557 0.919 0.951 0.996 0.999 1.000 1.000 0.999 0.997 0.996
     37       2.616    0.986 0.164      0.285 0.364 0.394 0.469 0.487 0.549 0.916 0.948 0.995 0.999 1.000 1.000 1.000 0.998 0.997
     38       3.047    0.990 0.141      0.262 0.341 0.372 0.448 0.466 0.529 0.906 0.940 0.993 0.997 0.999 1.000 1.000 0.999 0.999
     39       4.439    0.995 0.096      0.218 0.299 0.330 0.407 0.426 0.490 0.886 0.924 0.986 0.993 0.997 0.998 0.999 1.000 1.000
     40       4.796    0.996 0.089      0.211 0.292 0.323 0.400 0.419 0.484 0.882 0.921 0.985 0.992 0.996 0.997 0.999 1.000 1.000

  R CORE   ENERGY   A0R/A00=1.000    R3= 0     2  
   2( 1)    0.732                    1.000 0.000
   2( 2)  487.921                    0.000 1.000

  R CORE   ENERGY   A0R/A00=1.000    R3= 0     2  
   3( 1)  488.652                    0.000 1.000

  R CORE   ENERGY   A0R/A00=1.000    R3= 0     2     4  
   4( 1)    2.438                    1.000 0.000 0.000

  R CORE   ENERGY   A0R/A00=1.000    R3= 0     2     4  
   5( 1)  490.847                    0.000 1.000 0.000

  R CORE   ENERGY   A0R/A00=1.000    R3= 0     2     4     6  
   6( 1)    5.121                    1.000 0.000 0.000 0.000

  R CORE   ENERGY   A0R/A00=1.000    R3= 0     2     4     6  
   7( 1)  494.017                    0.000 1.000 0.000 0.000

          AXIAL SYMMETRY => K RESTRICTED TO OMEGA

                     K
     S.P. ORB#: 26 -1.50
     S.P. ORB#: 27 -5.50
     S.P. ORB#: 28  2.50
     S.P. ORB#: 29  2.50
     S.P. ORB#: 30 -3.50
     S.P. ORB#: 31  0.50
     S.P. ORB#: 32  0.50
     S.P. ORB#: 33 -1.50
     S.P. ORB#: 34 -3.50
     S.P. ORB#: 35  0.50
     S.P. ORB#: 36 -3.50
     S.P. ORB#: 37 -1.50
     S.P. ORB#: 38  4.50
     S.P. ORB#: 39  4.50
     S.P. ORB#: 40 -1.50
 

             ENERGY    K= OMEGA
 
 I=  1/2- (1)  2.316  32: 1.000
 
 I=  1/2- (2)  4.366  31: 0.921
                      35:-0.390
 
 I=  1/2- (3)  6.325  31: 0.390
                      35: 0.921
 
 I=  1/2- (4)147.325  33: 1.000
 
 I=  1/2- (5)148.919  37: 1.000

             ENERGY    K= OMEGA
 
 I=  3/2- (1)  2.352  32: 0.666
                      33:-0.746
 
 I=  3/2- (2)  2.658  32:-0.746
                      33:-0.666

             ENERGY    K= OMEGA
 
 I=  5/2- (1)  2.950  28: 0.105
                      32: 0.481
                      33: 0.870
 
 I=  5/2- (2)  3.525  28: 0.299
                      32:-0.850
                      33: 0.434
 
 I=  5/2- (3)  3.668  28: 0.949
                      32: 0.214
                      33:-0.233
 
 I=  5/2- (4)  4.518  26: 0.109
                      29:-0.074
                      31:-0.760
                      35: 0.562
                      37: 0.223
                      40:-0.199
 
 I=  5/2- (5)  6.288  26:-0.450
                      29: 0.780
                      31: 0.152
                      35: 0.358
                      37:-0.068
                      40:-0.181

             ENERGY    K= OMEGA
 
 I=  7/2- (1)  3.272  28:-0.134
                      30:-0.983
                      36:-0.121
 
 I=  7/2- (2)  3.341  28:-0.319
                      30:-0.067
                      32:-0.066
                      33: 0.105
                      36: 0.937
 
 I=  7/2- (3)  3.571  30: 0.059
                      32:-0.733
                      33: 0.665
                      36:-0.131
 
 I=  7/2- (4)  4.237  28: 0.186
                      32:-0.671
                      33:-0.710
                      36: 0.092
 
 I=  7/2- (5)  4.677  28:-0.919
                      30: 0.154
                      32:-0.087
                      33:-0.206
                      36:-0.285

             ENERGY    K= OMEGA
 
 I=  9/2- (1)  3.702  28: 0.169
                      30:-0.591
                      36: 0.240
                      38: 0.751
 
 I=  9/2- (2)  4.353  28:-0.324
                      30:-0.316
                      33:-0.106
                      36:-0.878
                      38: 0.108
 
 I=  9/2- (3)  4.710  28:-0.274
                      30: 0.559
                      32:-0.296
                      33:-0.515
                      38: 0.508
 
 I=  9/2- (4)  4.801  28: 0.133
                      30:-0.427
                      32:-0.433
                      33:-0.660
                      36: 0.156
                      38:-0.392
 
 I=  9/2- (5)  5.155  26:-0.314
                      29: 0.406
                      31: 0.572
                      34:-0.299
                      35:-0.454
                      37:-0.222
                      39: 0.146
                      40: 0.208

             ENERGY    K= OMEGA
 
 I= 11/2- (1)  3.447  27:-0.999
 
 I= 11/2- (2)  4.749  28: 0.207
                      30: 0.605
                      36:-0.282
                      38: 0.714
 
 I= 11/2- (3)  5.136  26:-0.399
                      29:-0.521
                      31:-0.476
                      34:-0.408
                      35:-0.270
                      37:-0.176
                      39:-0.231
                      40:-0.139
 
 I= 11/2- (4)  5.605  28:-0.375
                      30: 0.302
                      32:-0.200
                      33: 0.234
                      36: 0.800
                      38: 0.182
 
 I= 11/2- (5)  5.778  30: 0.128
                      32: 0.725
                      33:-0.605
                      36: 0.300

             ENERGY    K= OMEGA
 
 I= 13/2- (1)  5.029  27: 0.998
                      38:-0.055
 
 I= 13/2- (2)  5.874  26:-0.392
                      29: 0.580
                      31: 0.224
                      34:-0.560
                      35:-0.074
                      37:-0.112
                      39: 0.358
 
 I= 13/2- (3)  6.072  27:-0.058
                      28:-0.235
                      30: 0.607
                      36:-0.307
                      38:-0.691
 
 I= 13/2- (4)  7.004  29:-0.085
                      31: 0.533
                      34: 0.193
                      35:-0.671
                      37:-0.206
                      39:-0.148
                      40: 0.394
 
 I= 13/2- (5)  7.113  28: 0.413
                      30: 0.320
                      32: 0.078
                      33: 0.176
                      36: 0.800
                      38:-0.223

             ENERGY     K=-3/2
  32 LEVELS    TIME=  0.0 SEC



 ******************* EXCITATION ENERGIES, DOMINANT CONFIGURATION AND EXPECTATION VALUES (WITH S.P. UU+VV FACTORS) *******************

  NR  Eex(keV)  I   Kdom  NY    <Jz>  <Jx**2> <Jy**2> <Jz**2> <I.j>/|I|  <Rx**2> <Ry**2> <Rz**2> <R.j>/|R|  <HROTx> <HROTy> <HROTz>

   1    0.0   1/2-   1/2  32    0.50    5.23    5.23    0.25    0.04       5.70    5.70    0.00   -3.16      0.695   0.695   0.000
   2   36.0   3/2-  -3/2  33   -0.61    5.25    5.25    1.36    1.12       5.63    5.63   -0.00   -2.89      0.686   0.686  -0.000
   3  341.4   3/2-   1/2  32   -0.39    5.24    5.24    1.14    0.39       6.93    6.93   -0.00   -2.92      0.844   0.844  -0.000
   4  633.8   5/2-  -3/2  33   -0.99    5.26    5.26    1.83    0.88       7.96    7.96   -0.00   -2.45      0.971   0.971  -0.000
   5  956.1   7/2-  -7/2  30   -3.39    6.20    6.20   12.13    3.10       7.83    7.83    0.00   -3.09      0.955   0.955   0.000
  
   6 1024.5   7/2-  -7/2  36   -2.85    2.76    2.76   11.48    3.14       3.91    3.91   -0.00   -1.62      0.477   0.477  -0.000
   7 1130.7  11/2- -11/2  27   -5.49    2.75    2.75   30.24    5.06       5.49    5.49    0.00   -1.65      0.669   0.669   0.001
   8 1208.4   5/2-   1/2  32    0.30    5.32    5.32    1.16    0.01      10.25   10.25   -0.00   -2.60      1.249   1.249  -0.000
   9 1254.8   7/2-   1/2  32   -0.46    5.20    5.20    1.39    0.81      10.55   10.55   -0.00   -1.87      1.287   1.287  -0.000
  10 1351.3   5/2-   5/2  28    2.19    6.08    6.08    5.76    1.85       7.85    7.85    0.00   -3.14      0.957   0.957   0.000
  
  11 1385.6   9/2-   9/2  38    1.19    3.93    3.93   16.58    3.86       5.41    5.41    0.00   -1.60      0.660   0.660   0.000
  12 1921.0   7/2-  -3/2  33   -0.48    5.26    5.26    1.59    0.19      13.19   13.19   -0.00   -2.21      1.609   1.609  -0.000
  13 2036.3   9/2-  -7/2  36   -2.75    2.96    2.96   11.58    2.54       8.47    8.47   -0.00   -1.18      1.033   1.033  -0.000
  14 2049.9   1/2-   1/2  31    0.50   12.95   12.95    0.25    0.92      12.65   12.65   -0.00   -5.04      1.542   1.542  -0.000
  15 2202.2   5/2-   1/2  31    0.31   13.59   13.59    0.49    2.21      11.67   11.67    0.00   -4.37      1.423   1.423   0.000
  
  16 2360.9   7/2-   5/2  28    1.69    5.84    5.84    6.66    1.36      11.65   11.65    0.00   -2.68      1.420   1.420   0.000
  17 2393.3   9/2-  -7/2  30   -0.10    4.89    4.89   10.15    2.01      12.35   12.35    0.00   -2.00      1.506   1.506   0.000
  18 2432.9  11/2-   9/2  38    0.84    4.07    4.07   16.08    3.35       9.95    9.95    0.00   -0.94      1.213   1.213   0.000
  19 2485.0   9/2-  -3/2  33   -0.55    4.99    4.99    6.78    1.39      13.86   13.86    0.00   -1.87      1.689   1.689   0.000
  20 2712.8  13/2- -11/2  27   -5.47    2.75    2.75   30.21    4.33      11.97   11.97    0.00   -1.11      1.459   1.459   0.001
  
  21 2819.9  11/2-   5/2  29    0.17   20.56   20.56    5.37    4.75      12.72   12.72    0.00   -3.59      1.550   1.550   0.000
  22 2839.2   9/2-   1/2  31    0.18   17.06   17.06    3.12    3.59      13.14   13.14    0.00   -3.78      1.602   1.602   0.000
  23 3288.4  11/2-  -7/2  36   -2.12    3.33    3.33   10.65    2.08      14.11   14.11    0.00   -0.92      1.721   1.721   0.000
  24 3462.1  11/2-   1/2  32   -0.66    4.97    4.97    2.27    0.81      19.15   19.15    0.00   -1.19      2.334   2.334   0.000
  25 3557.5  13/2-   5/2  29    0.10   21.85   21.85    8.93    5.11      15.03   15.03    0.00   -3.10      1.832   1.832   0.000
  
  26 3755.6  13/2-   9/2  38    0.65    4.13    4.13   15.79    2.99      15.50   15.50    0.00   -0.57      1.890   1.890   0.000
  27 3971.9   5/2-   5/2  29    1.24   22.04   22.04    4.38    3.75      17.53   17.53    0.00   -6.31      2.137   2.137   0.000
  28 4009.1   1/2-   1/2  35    0.50   17.03   17.03    0.25   -0.74      18.17   18.17    0.00   -5.80      2.216   2.216   0.000
  29 4687.7  13/2-   1/2  35    0.05   14.90   14.90    1.57    2.96      19.41   19.41    0.00   -1.72      2.367   2.367   0.000
  30 4796.9  13/2-  -7/2  36   -1.99    3.31    3.31   11.24    1.90      20.04   20.04   -0.00   -0.73      2.443   2.443  -0.000
  
  31*******   1/2-  -3/2  33    0.00    0.00    0.00    0.00   -0.00       0.00    0.00    0.00   -0.00      0.000   0.000   0.000
  32*******   1/2-  -3/2  37    0.00    0.00    0.00    0.00   -0.00       0.00    0.00    0.00   -0.00      0.000   0.000   0.000
