1SPECTRUM OF (Z= 82 A=207) IN PARTICLE-ROTOR  MODEL WITH MODIFIED OSCILLATOR POTENTIAL


 PARITY=-   EPS= 0.486   GAMMA=  0.0   EPS4=0.000   EPS6=0.000   LEVELS:  25  26  27  28  29  30  31  32  33  34  35  36  37  38  39

 PAIRING FACTORS: GN0= 19.20  GN1=  7.40  IPAIR= 15 ***  E2PLUS(INPUT)=   0.730  E2PLUR(INPUT)=   0.000

 CORIOLIS ATTENUATION PARAMETERS:  CHSI=1.000  ETA=  1.00

 MOMENT OF INERTIA PARAMETERS:   A1=  0.122 MEV   A2=  0.122 MEV   A3=121.91924 MEV


 DELTA=0.849 MEV  LAMBDA=53.4367 MEV   HW0= 7.6398 MEV   LAMBDA/HW0= 6.9945

 E2ENERGY=0.730 MEV  HBAR**2/B=43795./A**(7/3)=7403.5/A**2 MEV

 IREC=0  =>  RECOIL TERMS j+j-, j+j+, jzjz, ETC TREATED AS ONE-BODY OPERATORS WITH UU+VV PAIRING FACTORS



 S. P. LEVEL   EQP       U     V        (UU + VV)**1.00

     25       4.087    0.104 0.995      1.000 1.000 0.994 0.990 0.977 0.969 0.957 0.617 0.547 0.359 0.319 0.271 0.268 0.240 0.199
     26       3.503    0.122 0.993      1.000 1.000 0.996 0.992 0.981 0.973 0.962 0.631 0.562 0.375 0.336 0.288 0.285 0.258 0.216
     27       2.047    0.212 0.977      0.994 0.996 1.000 1.000 0.995 0.990 0.983 0.699 0.635 0.458 0.420 0.375 0.372 0.345 0.305
     28       1.803    0.243 0.970      0.990 0.992 1.000 1.000 0.997 0.994 0.988 0.721 0.659 0.486 0.448 0.404 0.401 0.374 0.334
     29       1.430    0.312 0.950      0.977 0.981 0.995 0.997 1.000 0.999 0.997 0.769 0.712 0.548 0.512 0.469 0.466 0.440 0.402
     30       1.307    0.346 0.938      0.969 0.973 0.990 0.994 0.999 1.000 0.999 0.792 0.736 0.578 0.542 0.500 0.497 0.472 0.434
     31       1.186    0.388 0.921      0.957 0.962 0.983 0.988 0.997 0.999 1.000 0.819 0.766 0.614 0.580 0.539 0.536 0.512 0.475
     32       0.943    0.847 0.531      0.617 0.631 0.699 0.721 0.769 0.792 0.819 1.000 0.996 0.956 0.943 0.925 0.924 0.912 0.894
     33       1.045    0.890 0.457      0.547 0.562 0.635 0.659 0.712 0.736 0.766 0.996 1.000 0.978 0.968 0.954 0.953 0.944 0.929
     34       1.696    0.966 0.259      0.359 0.375 0.458 0.486 0.548 0.578 0.614 0.956 0.978 1.000 0.999 0.996 0.995 0.992 0.986
     35       1.995    0.976 0.218      0.319 0.336 0.420 0.448 0.512 0.542 0.580 0.943 0.968 0.999 1.000 0.999 0.999 0.997 0.992
     36       2.542    0.986 0.169      0.271 0.288 0.375 0.404 0.469 0.500 0.539 0.925 0.954 0.996 0.999 1.000 1.000 0.999 0.997
     37       2.588    0.986 0.166      0.268 0.285 0.372 0.401 0.466 0.497 0.536 0.924 0.953 0.995 0.999 1.000 1.000 1.000 0.997
     38       3.111    0.990 0.138      0.240 0.258 0.345 0.374 0.440 0.472 0.512 0.912 0.944 0.992 0.997 0.999 1.000 1.000 0.999
     39       4.458    0.995 0.096      0.199 0.216 0.305 0.334 0.402 0.434 0.475 0.894 0.929 0.986 0.992 0.997 0.997 0.999 1.000

  R CORE   ENERGY   A0R/A00=1.000    R3= 0     2  
   2( 1)    0.732                    1.000 0.000
   2( 2)  487.921                    0.000 1.000

  R CORE   ENERGY   A0R/A00=1.000    R3= 0     2  
   3( 1)  488.652                    0.000 1.000

  R CORE   ENERGY   A0R/A00=1.000    R3= 0     2     4  
   4( 1)    2.438                    1.000 0.000 0.000

  R CORE   ENERGY   A0R/A00=1.000    R3= 0     2     4  
   5( 1)  490.847                    0.000 1.000 0.000

  R CORE   ENERGY   A0R/A00=1.000    R3= 0     2     4     6  
   6( 1)    5.121                    1.000 0.000 0.000 0.000

  R CORE   ENERGY   A0R/A00=1.000    R3= 0     2     4     6  
   7( 1)  494.017                    0.000 1.000 0.000 0.000

          AXIAL SYMMETRY => K RESTRICTED TO OMEGA

                     K
     S.P. ORB#: 25  0.50
     S.P. ORB#: 26 -1.50
     S.P. ORB#: 27 -5.50
     S.P. ORB#: 28  2.50
     S.P. ORB#: 29  2.50
     S.P. ORB#: 30 -3.50
     S.P. ORB#: 31  0.50
     S.P. ORB#: 32  0.50
     S.P. ORB#: 33 -1.50
     S.P. ORB#: 34 -3.50
     S.P. ORB#: 35  0.50
     S.P. ORB#: 36 -3.50
     S.P. ORB#: 37 -1.50
     S.P. ORB#: 38  4.50
     S.P. ORB#: 39  4.50
 

             ENERGY    K= OMEGA
 
 I=  1/2- (1)  2.329  32: 0.999
 
 I=  1/2- (2)  4.403  31:-0.918
                      35: 0.397
 
 I=  1/2- (3)  5.894  25: 0.999
 
 I=  1/2- (4)  6.301  31:-0.397
                      35:-0.918
 
 I=  1/2- (5)147.348  33: 1.000

             ENERGY    K= OMEGA
 
 I=  3/2- (1)  2.374  32: 0.697
                      33:-0.717
 
 I=  3/2- (2)  2.598  25:-0.141
                      32:-0.708
                      33:-0.692
 
 I=  3/2- (3)  4.527  26:-0.088
                      31:-0.966
                      35:-0.134
                      37:-0.203
 
 I=  3/2- (4)  6.481  26:-0.090
                      31: 0.087
                      35:-0.958
                      37: 0.257
 
 I=  3/2- (5)  6.619  25: 0.990
                      32:-0.113
                      33:-0.086

             ENERGY    K= OMEGA
 
 I=  5/2- (1)  2.825  25: 0.194
                      28:-0.088
                      32:-0.526
                      33:-0.824
 
 I=  5/2- (2)  3.525  25: 0.056
                      28: 0.438
                      32:-0.771
                      33: 0.459
 
 I=  5/2- (3)  3.641  28:-0.895
                      32:-0.327
                      33: 0.305
 
 I=  5/2- (4)  4.752  26: 0.126
                      29:-0.107
                      31:-0.822
                      35: 0.487
                      37: 0.246
 
 I=  5/2- (5)  6.395  26: 0.476
                      29:-0.839
                      35:-0.260

             ENERGY    K= OMEGA
 
 I=  7/2- (1)  3.244  28:-0.153
                      30:-0.986
                      36:-0.056
 
 I=  7/2- (2)  3.392  28: 0.332
                      32: 0.072
                      33:-0.124
                      36:-0.932
 
 I=  7/2- (3)  3.587  32:-0.786
                      33: 0.597
                      36:-0.146
 
 I=  7/2- (4)  3.964  25:-0.254
                      28: 0.108
                      32:-0.582
                      33:-0.758
                      36: 0.096
 
 I=  7/2- (5)  4.644  28:-0.924
                      30: 0.156
                      33:-0.149
                      36:-0.311

             ENERGY    K= OMEGA
 
 I=  9/2- (1)  3.722  28:-0.176
                      30: 0.627
                      36:-0.223
                      38:-0.724
 
 I=  9/2- (2)  4.327  25: 0.263
                      28:-0.245
                      30:-0.152
                      32:-0.466
                      33:-0.661
                      36:-0.428
                      38: 0.103
 
 I=  9/2- (3)  4.425  25:-0.163
                      28:-0.233
                      30:-0.305
                      32: 0.302
                      33: 0.378
                      36:-0.769
 
 I=  9/2- (4)  4.764  28: 0.310
                      30:-0.658
                      32:-0.083
                      33:-0.057
                      36: 0.095
                      38:-0.671
 
 I=  9/2- (5)  5.313  26:-0.396
                      29: 0.576
                      31: 0.425
                      34:-0.458
                      35:-0.191
                      37:-0.178
                      39: 0.231

             ENERGY    K= OMEGA
 
 I= 11/2- (1)  3.386  27:-0.999
 
 I= 11/2- (2)  4.765  28: 0.212
                      30: 0.630
                      36:-0.267
                      38: 0.697
 
 I= 11/2- (3)  5.279  26:-0.413
                      29:-0.552
                      31:-0.435
                      34:-0.458
                      35:-0.166
                      37:-0.170
                      39:-0.265
 
 I= 11/2- (4)  5.638  28: 0.393
                      30:-0.299
                      32: 0.215
                      33:-0.258
                      36:-0.785
                      38:-0.164
 
 I= 11/2- (5)  5.781  25: 0.096
                      28:-0.060
                      30: 0.122
                      32: 0.813
                      33:-0.469
                      36: 0.301

             ENERGY    K= OMEGA
 
 I= 13/2- (1)  4.968  27: 0.998
                      38:-0.052
 
 I= 13/2- (2)  5.904  26:-0.391
                      29: 0.582
                      31: 0.212
                      34:-0.564
                      35:-0.055
                      37:-0.107
                      39: 0.362
 
 I= 13/2- (3)  6.083  27: 0.054
                      28: 0.241
                      30:-0.625
                      33: 0.055
                      36: 0.294
                      38: 0.676
 
 I= 13/2- (4)  6.754  25:-0.387
                      28: 0.130
                      30: 0.082
                      32: 0.546
                      33: 0.712
                      36: 0.099
                      38:-0.104
 
 I= 13/2- (5)  7.175  25:-0.081
                      28:-0.402
                      30:-0.323
                      32: 0.131
                      33: 0.107
                      36:-0.816
                      38: 0.183

             ENERGY     K= 9/2
  35 LEVELS    TIME=  0.0 SEC



 ******************* EXCITATION ENERGIES, DOMINANT CONFIGURATION AND EXPECTATION VALUES (WITH S.P. UU+VV FACTORS) *******************

  NR  Eex(keV)  I   Kdom  NY    <Jz>  <Jx**2> <Jy**2> <Jz**2> <I.j>/|I|  <Rx**2> <Ry**2> <Rz**2> <R.j>/|R|  <HROTx> <HROTy> <HROTz>

   1    0.0   1/2-   1/2  32    0.50    5.26    5.26    0.25    0.12       5.66    5.66   -0.00   -3.17      0.690   0.690  -0.000
   2   44.7   3/2-  -3/2  33   -0.53    5.25    5.25    1.28    1.09       5.65    5.65    0.00   -2.87      0.689   0.689   0.000
   3  269.5   3/2-   1/2  32   -0.46    5.26    5.26    1.21    0.73       6.33    6.33    0.00   -2.90      0.772   0.772   0.000
   4  496.2   5/2-  -3/2  33   -0.84    5.39    5.39    1.65    1.24       6.92    6.92    0.00   -2.36      0.844   0.844   0.000
   5  914.7   7/2-  -7/2  30   -3.36    6.29    6.29   12.09    3.11       7.88    7.88    0.00   -3.11      0.961   0.961   0.000
  
   6 1057.3  11/2- -11/2  27   -5.49    2.75    2.75   30.24    5.06       5.49    5.49    0.00   -1.65      0.669   0.669   0.000
   7 1063.1   7/2-  -7/2  36   -2.79    2.76    2.76   11.37    3.12       3.94    3.94    0.00   -1.61      0.481   0.481   0.000
   8 1195.8   5/2-   1/2  32    0.46    5.45    5.45    1.82    0.32       9.78    9.78    0.00   -2.66      1.193   1.193   0.000
   9 1258.1   7/2-   1/2  32   -0.30    5.18    5.18    1.24    0.80      10.52   10.52    0.00   -1.84      1.283   1.283   0.000
  10 1311.8   5/2-   5/2  28    1.91    5.99    5.99    5.24    1.62       8.20    8.20    0.00   -3.07      1.000   1.000   0.000
  
  11 1393.0   9/2-   9/2  38    0.88    4.12    4.12   16.24    3.80       5.71    5.71    0.00   -1.65      0.696   0.696   0.000
  12 1634.8   7/2-  -3/2  33   -0.67    5.33    5.33    1.60    0.70      11.21   11.21    0.00   -2.00      1.367   1.367   0.000
  13 1998.0   9/2-  -3/2  33   -1.04    4.92    4.92    4.17    1.63      11.26   11.26    0.00   -1.24      1.373   1.373   0.000
  14 2073.7   1/2-   1/2  31    0.50   12.98   12.98    0.25    0.93      12.67   12.67    0.00   -5.05      1.545   1.545   0.000
  15 2095.6   9/2-  -7/2  36   -2.42    3.58    3.58    9.08    2.18       9.66    9.66    0.00   -1.23      1.178   1.178   0.000
  
  16 2197.8   3/2-   1/2  31    0.40   14.38   14.38    0.35    1.60      13.33   13.33   -0.00   -5.04      1.625   1.625  -0.000
  17 2315.5   7/2-   5/2  28    1.68    5.81    5.81    6.88    1.42      11.47   11.47    0.00   -2.68      1.398   1.398   0.000
  18 2422.6   5/2-   1/2  31    0.37   13.61   13.61    0.47    1.65      13.33   13.33    0.00   -4.42      1.625   1.625   0.000
  19 2435.5   9/2-   9/2  38    0.71    4.52    4.52   15.14    2.78      10.61   10.61    0.00   -2.24      1.293   1.293   0.000
  20 2435.6  11/2-   9/2  38    0.65    4.20    4.20   15.87    3.32      10.13   10.13    0.00   -0.98      1.235   1.235   0.000
  
  21 2639.5  13/2- -11/2  27   -5.47    2.75    2.75   30.21    4.33      11.97   11.97    0.00   -1.11      1.459   1.459   0.000
  22 2949.7  11/2-   5/2  29    0.15   20.88   20.88    6.39    4.80      13.22   13.22    0.00   -3.78      1.612   1.612   0.000
  23 2983.7   9/2-   5/2  29    0.16   20.47   20.47    6.19    4.48      13.65   13.65    0.00   -4.75      1.664   1.664   0.000
  24 3308.9  11/2-  -7/2  36   -2.04    3.43    3.43   10.32    2.04      14.26   14.26    0.00   -0.93      1.739   1.739   0.000
  25 3452.2  11/2-   1/2  32   -0.35    4.97    4.97    1.98    0.81      19.00   19.00    0.00   -1.15      2.317   2.317   0.000
  
  26 3565.5   1/2-   1/2  25    0.50    7.50    7.50    0.25    0.65       7.44    7.44   -0.00   -3.81      0.907   0.907  -0.000
  27 3574.6  13/2-   5/2  29    0.10   21.92   21.92    9.04    5.12      15.06   15.06    0.00   -3.12      1.836   1.836   0.000
  28 3753.8  13/2-   9/2  38    0.51    4.24    4.24   15.57    2.97      15.63   15.63   -0.00   -0.59      1.906   1.906  -0.000
  29 3972.0   1/2-   1/2  35    0.50   17.03   17.03    0.25   -0.75      18.18   18.18    0.00   -5.80      2.217   2.217   0.000
  30 4066.5   5/2-   5/2  29    1.45   22.22   22.22    4.93    3.64      18.28   18.28    0.00   -6.38      2.228   2.228   0.000
  
  31 4152.4   3/2-   1/2  35    0.35   16.00   16.00    0.40   -0.07      18.21   18.21    0.00   -5.39      2.221   2.221   0.000
  32 4289.6   3/2-   1/2  25    0.49    7.52    7.52    0.26   -0.57      10.64   10.64   -0.00   -3.56      1.297   1.297  -0.000
  33 4425.1  13/2-  -3/2  33   -0.51    5.64    5.64    1.78    1.35      21.46   21.46    0.00   -0.55      2.616   2.616   0.000
  34 4846.0  13/2-  -7/2  36   -2.15    3.29    3.29   11.15    1.89      20.08   20.08    0.00   -0.72      2.448   2.448   0.000
  35*******   1/2-  -3/2  33    0.00    0.00    0.00    0.00   -0.00       0.00    0.00   -0.00   -0.00      0.000   0.000  -0.000
  
