1SPECTRUM OF (Z= 82 A=207) IN PARTICLE-ROTOR  MODEL WITH MODIFIED OSCILLATOR POTENTIAL


 PARITY=-   EPS= 0.396   GAMMA=  0.0   EPS4=0.000   EPS6=0.000   LEVELS:  24  25  26  27  28  29  30  31  32  33  34  35  36  37  38

 PAIRING FACTORS: GN0= 19.20  GN1=  7.40  IPAIR= 15 ***  E2PLUS(INPUT)=   0.730  E2PLUR(INPUT)=   0.000

 CORIOLIS ATTENUATION PARAMETERS:  CHSI=1.000  ETA=  1.00

 MOMENT OF INERTIA PARAMETERS:   A1=  0.122 MEV   A2=  0.122 MEV   A3=121.91923 MEV


 DELTA=0.847 MEV  LAMBDA=53.4751 MEV   HW0= 7.5570 MEV   LAMBDA/HW0= 7.0763

 E2ENERGY=0.730 MEV  HBAR**2/B=29077./A**(7/3)=4915.4/A**2 MEV

 IREC=0  =>  RECOIL TERMS j+j-, j+j+, jzjz, ETC TREATED AS ONE-BODY OPERATORS WITH UU+VV PAIRING FACTORS



 S. P. LEVEL   EQP       U     V        (UU + VV)**1.00

     24       4.297    0.099 0.995      1.000 1.000 0.999 0.998 0.995 0.994 0.922 0.883 0.854 0.531 0.440 0.388 0.320 0.228 0.224
     25       3.738    0.114 0.993      1.000 1.000 1.000 0.999 0.996 0.995 0.928 0.890 0.862 0.544 0.453 0.402 0.334 0.243 0.238
     26       3.136    0.136 0.991      0.999 1.000 1.000 1.000 0.998 0.997 0.936 0.900 0.873 0.562 0.473 0.423 0.355 0.265 0.260
     27       2.732    0.157 0.988      0.998 0.999 1.000 1.000 0.999 0.999 0.943 0.909 0.883 0.580 0.491 0.442 0.374 0.285 0.280
     28       2.174    0.199 0.980      0.995 0.996 0.998 0.999 1.000 1.000 0.956 0.926 0.902 0.614 0.528 0.479 0.413 0.325 0.321
     29       2.065    0.210 0.978      0.994 0.995 0.997 0.999 1.000 1.000 0.960 0.930 0.907 0.622 0.537 0.489 0.424 0.336 0.331
     30       1.011    0.476 0.879      0.922 0.928 0.936 0.943 0.956 0.960 1.000 0.996 0.989 0.817 0.753 0.715 0.661 0.587 0.583
     31       0.918    0.554 0.833      0.883 0.890 0.900 0.909 0.926 0.930 0.996 1.000 0.998 0.866 0.809 0.775 0.726 0.658 0.654
     32       0.881    0.602 0.799      0.854 0.862 0.873 0.883 0.902 0.907 0.989 0.998 1.000 0.894 0.842 0.811 0.765 0.701 0.698
     33       1.063    0.896 0.444      0.531 0.544 0.562 0.580 0.614 0.622 0.817 0.866 0.894 1.000 0.995 0.987 0.973 0.946 0.945
     34       1.296    0.937 0.349      0.440 0.453 0.473 0.491 0.528 0.537 0.753 0.809 0.842 0.995 1.000 0.998 0.992 0.975 0.974
     35       1.501    0.955 0.295      0.388 0.402 0.423 0.442 0.479 0.489 0.715 0.775 0.811 0.987 0.998 1.000 0.997 0.986 0.985
     36       1.938    0.975 0.224      0.320 0.334 0.355 0.374 0.413 0.424 0.661 0.726 0.765 0.973 0.992 0.997 1.000 0.996 0.995
     37       3.261    0.991 0.131      0.228 0.243 0.265 0.285 0.325 0.336 0.587 0.658 0.701 0.946 0.975 0.986 0.996 1.000 1.000
     38       3.385    0.992 0.126      0.224 0.238 0.260 0.280 0.321 0.331 0.583 0.654 0.698 0.945 0.974 0.985 0.995 1.000 1.000

  R CORE   ENERGY   A0R/A00=1.000    R3= 0     2  
   2( 1)    0.732                    1.000 0.000
   2( 2)  487.921                    0.000 1.000

  R CORE   ENERGY   A0R/A00=1.000    R3= 0     2  
   3( 1)  488.652                    0.000 1.000

  R CORE   ENERGY   A0R/A00=1.000    R3= 0     2     4  
   4( 1)    2.438                    1.000 0.000 0.000

  R CORE   ENERGY   A0R/A00=1.000    R3= 0     2     4  
   5( 1)  490.847                    0.000 1.000 0.000

  R CORE   ENERGY   A0R/A00=1.000    R3= 0     2     4     6  
   6( 1)    5.121                    1.000 0.000 0.000 0.000

  R CORE   ENERGY   A0R/A00=1.000    R3= 0     2     4     6  
   7( 1)  494.017                    0.000 1.000 0.000 0.000

          AXIAL SYMMETRY => K RESTRICTED TO OMEGA

                     K
     S.P. ORB#: 24  0.50
     S.P. ORB#: 25 -5.50
     S.P. ORB#: 26  0.50
     S.P. ORB#: 27  2.50
     S.P. ORB#: 28 -3.50
     S.P. ORB#: 29 -1.50
     S.P. ORB#: 30  0.50
     S.P. ORB#: 31 -1.50
     S.P. ORB#: 32  2.50
     S.P. ORB#: 33 -3.50
     S.P. ORB#: 34  0.50
     S.P. ORB#: 35  4.50
     S.P. ORB#: 36 -3.50
     S.P. ORB#: 37  0.50
     S.P. ORB#: 38 -1.50
 

             ENERGY    K= OMEGA
 
 I=  1/2- (1)  2.315  30: 0.999
 
 I=  1/2- (2)  4.226  26:-0.194
                      34: 0.914
                      37:-0.356
 
 I=  1/2- (3)  5.983  24: 0.999
 
 I=  1/2- (4)  7.210  26:-0.325
                      34: 0.283
                      37: 0.902
 
 I=  1/2- (5)  9.475  26:-0.926
                      34:-0.290
                      37:-0.242

             ENERGY    K= OMEGA
 
 I=  3/2- (1)  2.223  24: 0.057
                      30:-0.340
                      31: 0.939
 
 I=  3/2- (2)  2.416  24:-0.194
                      30:-0.911
                      31:-0.319
                      38:-0.177

             ENERGY    K= OMEGA
 
 I=  5/2- (1)  2.487  24:-0.259
                      30: 0.507
                      31: 0.819
                      38:-0.070
 
 I=  5/2- (2)  3.335  27:-0.068
                      30: 0.785
                      31:-0.525
                      38:-0.319
 
 I=  5/2- (3)  4.502  27: 0.957
                      30: 0.120
                      31:-0.095
                      38: 0.248
 
 I=  5/2- (4)  4.632  26: 0.146
                      34:-0.806
                      37: 0.573
 
 I=  5/2- (5)  4.800  24: 0.066
                      27: 0.281
                      30:-0.275
                      31: 0.102
                      38:-0.912

             ENERGY    K= OMEGA
 
 I=  7/2- (1)  1.954  27: 0.150
                      33:-0.988
 
 I=  7/2- (2)  3.399  24:-0.174
                      30:-0.907
                      31: 0.283
                      38:-0.258
 
 I=  7/2- (3)  3.476  24:-0.282
                      27: 0.077
                      30:-0.203
                      31:-0.927
                      38:-0.113
 
 I=  7/2- (4)  4.081  27: 0.180
                      28: 0.982
 
 I=  7/2- (5)  4.164  26: 0.594
                      29: 0.589
                      32: 0.502
                      36: 0.219

             ENERGY    K= OMEGA
 
 I=  9/2- (1)  2.429  27:-0.087
                      28: 0.166
                      33:-0.367
                      35:-0.911
 
 I=  9/2- (2)  3.038  27: 0.201
                      28: 0.100
                      33: 0.903
                      35:-0.366
 
 I=  9/2- (3)  3.706  24:-0.386
                      30: 0.565
                      31: 0.716
                      38:-0.128
 
 I=  9/2- (4)  4.809  26:-0.208
                      29: 0.554
                      32:-0.694
                      36: 0.409
 
 I=  9/2- (5)  5.193  27:-0.278
                      28: 0.814
                      30: 0.318
                      31:-0.272
                      35: 0.160
                      38:-0.239

             ENERGY    K= OMEGA
 
 I= 11/2- (1)  3.572  27: 0.135
                      28: 0.225
                      33:-0.448
                      35: 0.854
 
 I= 11/2- (2)  3.596  26:-0.597
                      29:-0.590
                      32:-0.478
                      34:-0.116
                      36:-0.229
 
 I= 11/2- (3)  4.346  27:-0.237
                      28: 0.147
                      33: 0.849
                      35: 0.444
 
 I= 11/2- (4)  5.081  25:-0.999
 
 I= 11/2- (5)  5.291  24:-0.354
                      30:-0.852
                      31:-0.210
                      38:-0.319

             ENERGY    K= OMEGA
 
 I= 13/2- (1)  4.948  27:-0.174
                      28: 0.265
                      33:-0.489
                      35:-0.811
 
 I= 13/2- (2)  5.378  26:-0.216
                      29: 0.568
                      32:-0.680
                      36: 0.409
 
 I= 13/2- (3)  5.751  24:-0.446
                      27: 0.096
                      30: 0.544
                      31: 0.644
                      33: 0.190
                      35:-0.154
                      38:-0.136
 
 I= 13/2- (4)  5.897  24: 0.123
                      25: 0.054
                      27: 0.247
                      28: 0.179
                      30:-0.165
                      31:-0.155
                      33: 0.789
                      35:-0.459
                      38: 0.067
 
 I= 13/2- (5)  6.669  25:-0.997
                      35:-0.056

             ENERGY     K=-3/2
  32 LEVELS    TIME=  0.0 SEC



 ******************* EXCITATION ENERGIES, DOMINANT CONFIGURATION AND EXPECTATION VALUES (WITH S.P. UU+VV FACTORS) *******************

  NR  Eex(keV)  I   Kdom  NY    <Jz>  <Jx**2> <Jy**2> <Jz**2> <I.j>/|I|  <Rx**2> <Ry**2> <Rz**2> <R.j>/|R|  <HROTx> <HROTy> <HROTz>

   1    0.0   7/2-  -7/2  33   -3.36    2.30    2.30   12.11    3.21       3.49    3.49    0.00   -1.51      0.426   0.426   0.000
   2  269.4   3/2-  -3/2  31   -1.26    5.00    5.00    2.01    1.36       5.26    5.26    0.00   -2.90      0.641   0.641   0.000
   3  361.1   1/2-   1/2  30    0.50    5.01    5.01    0.25    0.23       5.31    5.31   -0.00   -3.09      0.648   0.648  -0.000
   4  462.1   3/2-   1/2  30    0.23    4.73    4.73    0.52    0.97       4.99    4.99    0.00   -2.56      0.608   0.608   0.000
   5  475.6   9/2-   9/2  35    3.18    2.50    2.50   18.84    4.09       3.93    3.93    0.00   -1.24      0.480   0.480   0.000
  
   6  533.9   5/2-  -3/2  31   -0.85    5.27    5.27    1.61    1.72       5.35    5.35    0.00   -2.16      0.653   0.653   0.000
   7 1084.7   9/2-  -7/2  33   -2.19    2.37    2.37   13.06    2.76       7.54    7.54   -0.00   -1.05      0.919   0.919  -0.000
   8 1381.9   5/2-   1/2  30   -0.25    4.56    4.56    1.03    0.29       8.59    8.59    0.00   -2.24      1.047   1.047   0.000
   9 1445.7   7/2-   1/2  30    0.21    4.72    4.72    0.54    1.03       8.77    8.77    0.00   -1.40      1.069   1.069   0.000
  10 1522.6   7/2-  -3/2  31   -1.24    4.97    4.97    2.05    1.18       9.20    9.20    0.00   -1.71      1.122   1.122   0.000
  
  11 1618.4  11/2-   9/2  35    2.44    2.66    2.66   17.99    3.50       8.61    8.61    0.00   -0.58      1.050   1.050   0.000
  12 1642.4  11/2-   1/2  26    0.05   23.16   23.16    2.95    6.12       5.89    5.89   -0.00   -3.69      0.718   0.718  -0.000
  13 1752.8   9/2-  -3/2  31   -0.56    5.51    5.51    1.34    1.91       9.07    9.07    0.00   -0.68      1.106   1.106   0.000
  14 2127.0   7/2-  -7/2  28   -3.30    6.24    6.24   12.03    3.12       7.75    7.75   -0.00   -3.08      0.945   0.945  -0.000
  15 2210.7   7/2-   1/2  26    0.12   22.79   22.79    3.03    6.02       8.31    8.31   -0.00   -6.07      1.013   1.013  -0.000
  
  16 2272.8   1/2-   1/2  34    0.50   11.10   11.10    0.25    1.03      10.71   10.71    0.00   -4.66      1.306   1.306   0.000
  17 2392.9  11/2-  -7/2  33   -1.58    2.45    2.45   13.49    2.42      12.61   12.61    0.00   -0.78      1.537   1.537   0.000
  18 2548.7   5/2-   5/2  27    2.19    5.81    5.81    5.88    1.98       7.26    7.26    0.00   -3.05      0.885   0.885   0.000
  19 2678.0   5/2-   1/2  34    0.50   11.26   11.26    0.25    1.65      10.87   10.87    0.00   -3.84      1.326   1.326   0.000
  20 2846.6   5/2-  -3/2  38   -1.02    2.54    2.54    2.41    0.43       6.84    6.84    0.00   -1.68      0.834   0.834   0.000
  
  21 2855.0   9/2-   5/2  32    0.18   23.58   23.58    5.77    5.10      13.49   13.49    0.00   -5.31      1.644   1.644   0.000
  22 2994.7  13/2-   9/2  35    1.94    2.81    2.81   17.34    3.10      14.20   14.20   -0.00   -0.25      1.731   1.731  -0.000
  23 3127.7  11/2- -11/2  25   -5.48    2.75    2.75   30.22    5.05       5.53    5.53    0.00   -1.66      0.675   0.675   0.000
  24 3239.7   9/2-  -7/2  28   -2.16    5.57    5.57    9.46    1.97      12.86   12.86   -0.00   -2.13      1.568   1.568  -0.000
  25 3337.7  11/2-   1/2  30    0.20    4.55    4.55    0.58    1.31      14.88   14.88    0.00   -0.34      1.814   1.814   0.000
  
  26 3424.4  13/2-   5/2  32    0.11   23.60   23.60    5.68    5.03      15.72   15.72    0.00   -3.17      1.916   1.916   0.000
  27 3797.7  13/2-  -3/2  31   -0.41    5.48    5.48    2.11    2.05      16.60   16.60    0.00    0.22      2.024   2.024   0.000
  28 3943.1  13/2-  -7/2  33   -1.23    2.73    2.73   12.82    2.13      18.63   18.63   -0.00   -0.56      2.271   2.271  -0.000
  29 4029.0   1/2-   1/2  24    0.50    7.00    7.00    0.25    0.64       6.94    6.94    0.00   -3.67      0.847   0.847   0.000
  30 4715.1  13/2- -11/2  25   -5.46    2.75    2.75   30.18    4.32      12.07   12.07    0.00   -1.13      1.471   1.471   0.000
  
  31 5256.9   1/2-   1/2  37    0.50   15.89   15.89    0.25   -0.58      16.90   16.90    0.00   -5.60      2.060   2.060   0.000
  32 7521.6   1/2-   1/2  26    0.50   23.12   23.12    0.25   -3.44      26.60   26.60    0.00   -6.78      3.243   3.243   0.000
