1SPECTRUM OF (Z= 82 A=207) IN PARTICLE-ROTOR  MODEL WITH MODIFIED OSCILLATOR POTENTIAL


 PARITY=-   EPS= 0.281   GAMMA=  0.0   EPS4=0.000   EPS6=0.000   LEVELS:  24  25  26  27  28  29  30  31  32  33  34  35  36  37  38

 PAIRING FACTORS: GN0= 19.20  GN1=  7.40  IPAIR= 15 ***  E2PLUS(INPUT)=   0.730  E2PLUR(INPUT)=   0.000

 CORIOLIS ATTENUATION PARAMETERS:  CHSI=1.000  ETA=  1.00

 MOMENT OF INERTIA PARAMETERS:   A1=  0.122 MEV   A2=  0.122 MEV   A3=121.91923 MEV


 DELTA=0.950 MEV  LAMBDA=53.3092 MEV   HW0= 7.4813 MEV   LAMBDA/HW0= 7.1257

 E2ENERGY=0.730 MEV  HBAR**2/B=14641./A**(7/3)=2475.0/A**2 MEV

 IREC=0  =>  RECOIL TERMS j+j-, j+j+, jzjz, ETC TREATED AS ONE-BODY OPERATORS WITH UU+VV PAIRING FACTORS



 S. P. LEVEL   EQP       U     V        (UU + VV)**1.00

     24       5.060    0.094 0.996      1.000 1.000 0.999 0.998 0.976 0.967 0.966 0.907 0.875 0.694 0.418 0.362 0.327 0.276 0.271
     25       4.114    0.116 0.993      1.000 1.000 1.000 0.999 0.980 0.973 0.972 0.916 0.885 0.710 0.438 0.383 0.348 0.297 0.292
     26       3.553    0.135 0.991      0.999 1.000 1.000 1.000 0.984 0.977 0.976 0.923 0.894 0.723 0.455 0.400 0.366 0.315 0.310
     27       3.001    0.160 0.987      0.998 0.999 1.000 1.000 0.988 0.982 0.981 0.933 0.905 0.741 0.477 0.424 0.389 0.339 0.334
     28       1.611    0.310 0.951      0.976 0.980 0.984 0.988 1.000 0.999 0.999 0.977 0.960 0.835 0.607 0.558 0.526 0.480 0.475
     29       1.472    0.344 0.939      0.967 0.973 0.977 0.982 0.999 1.000 1.000 0.984 0.969 0.854 0.635 0.587 0.556 0.510 0.506
     30       1.460    0.347 0.938      0.966 0.972 0.976 0.981 0.999 1.000 1.000 0.985 0.970 0.856 0.637 0.590 0.559 0.513 0.509
     31       1.090    0.505 0.863      0.907 0.916 0.923 0.933 0.977 0.984 0.985 1.000 0.997 0.933 0.762 0.722 0.695 0.655 0.651
     32       1.019    0.565 0.825      0.875 0.885 0.894 0.905 0.960 0.969 0.970 0.997 1.000 0.956 0.806 0.769 0.744 0.707 0.703
     33       0.975    0.782 0.623      0.694 0.710 0.723 0.741 0.835 0.854 0.856 0.933 0.956 1.000 0.944 0.922 0.907 0.883 0.881
     34       1.524    0.944 0.330      0.418 0.438 0.455 0.477 0.607 0.635 0.637 0.762 0.806 0.944 1.000 0.998 0.995 0.989 0.988
     35       1.809    0.962 0.273      0.362 0.383 0.400 0.424 0.558 0.587 0.590 0.722 0.769 0.922 0.998 1.000 0.999 0.996 0.995
     36       2.066    0.972 0.237      0.327 0.348 0.366 0.389 0.526 0.556 0.559 0.695 0.744 0.907 0.995 0.999 1.000 0.999 0.998
     37       2.629    0.983 0.184      0.276 0.297 0.315 0.339 0.480 0.510 0.513 0.655 0.707 0.883 0.989 0.996 0.999 1.000 1.000
     38       2.701    0.984 0.179      0.271 0.292 0.310 0.334 0.475 0.506 0.509 0.651 0.703 0.881 0.988 0.995 0.998 1.000 1.000

  R CORE   ENERGY   A0R/A00=1.000    R3= 0     2  
   2( 1)    0.732                    1.000 0.000
   2( 2)  487.921                    0.000 1.000

  R CORE   ENERGY   A0R/A00=1.000    R3= 0     2  
   3( 1)  488.652                    0.000 1.000

  R CORE   ENERGY   A0R/A00=1.000    R3= 0     2     4  
   4( 1)    2.438                    1.000 0.000 0.000

  R CORE   ENERGY   A0R/A00=1.000    R3= 0     2     4  
   5( 1)  490.847                    0.000 1.000 0.000

  R CORE   ENERGY   A0R/A00=1.000    R3= 0     2     4     6  
   6( 1)    5.121                    1.000 0.000 0.000 0.000

  R CORE   ENERGY   A0R/A00=1.000    R3= 0     2     4     6  
   7( 1)  494.017                    0.000 1.000 0.000 0.000

          AXIAL SYMMETRY => K RESTRICTED TO OMEGA

                     K
     S.P. ORB#: 24  2.50
     S.P. ORB#: 25  0.50
     S.P. ORB#: 26  2.50
     S.P. ORB#: 27 -3.50
     S.P. ORB#: 28  0.50
     S.P. ORB#: 29 -3.50
     S.P. ORB#: 30 -1.50
     S.P. ORB#: 31  4.50
     S.P. ORB#: 32  0.50
     S.P. ORB#: 33 -1.50
     S.P. ORB#: 34  2.50
     S.P. ORB#: 35 -1.50
     S.P. ORB#: 36  2.50
     S.P. ORB#: 37 -3.50
     S.P. ORB#: 38  0.50
 

             ENERGY    K= OMEGA
 
 I=  1/2- (1)  2.779  28:-0.988
                      38:-0.149
 
 I=  1/2- (2)  3.019  25:-0.067
                      28: 0.146
                      38:-0.987
 
 I=  1/2- (3)  5.573  25: 0.997
                      38:-0.061
 
 I=  1/2- (4)  8.132  32:-1.000
 
 I=  1/2- (5)147.278  33:-1.000

             ENERGY    K= OMEGA
 
 I=  3/2- (1)  2.270  25: 0.102
                      28: 0.364
                      30: 0.225
                      35: 0.892
                      38:-0.103
 
 I=  3/2- (2)  2.636  25:-0.073
                      28: 0.297
                      30:-0.940
                      35: 0.132
                      38: 0.065

             ENERGY    K= OMEGA
 
 I=  5/2- (1)  2.396  25:-0.176
                      28: 0.333
                      30: 0.520
                      35:-0.362
                      36:-0.664
                      38: 0.121
 
 I=  5/2- (2)  2.883  24:-0.055
                      25: 0.131
                      26:-0.059
                      30:-0.553
                      35:-0.793
                      36:-0.057
                      38:-0.192
 
 I=  5/2- (3)  3.013  25:-0.176
                      28: 0.491
                      30: 0.283
                      35:-0.308
                      36: 0.718
                      38: 0.186
 
 I=  5/2- (4)  3.842  25:-0.157
                      30: 0.306
                      36: 0.102
                      38:-0.931
 
 I=  5/2- (5)  4.152  24: 0.057
                      25: 0.098
                      28:-0.771
                      30: 0.430
                      35:-0.375
                      36: 0.166
                      38: 0.198

             ENERGY    K= OMEGA
 
 I=  7/2- (1)  2.225  26:-0.217
                      27: 0.080
                      29: 0.970
 
 I=  7/2- (2)  3.066  27:-0.075
                      28: 0.285
                      30:-0.453
                      35: 0.455
                      36:-0.704
 
 I=  7/2- (3)  3.216  32: 0.737
                      33: 0.572
                      34: 0.334
                      37: 0.131
 
 I=  7/2- (4)  3.319  24:-0.071
                      25: 0.286
                      27: 0.054
                      28: 0.512
                      29:-0.063
                      30: 0.500
                      35: 0.551
                      36: 0.218
                      38:-0.205
 
 I=  7/2- (5)  4.152  24:-0.149
                      27: 0.132
                      28:-0.518
                      30: 0.609
                      35: 0.108
                      36:-0.556

             ENERGY    K= OMEGA
 
 I=  9/2- (1)  1.884  24: 0.059
                      26:-0.059
                      27: 0.252
                      29:-0.168
                      31:-0.949
 
 I=  9/2- (2)  3.112  24: 0.077
                      25:-0.065
                      26: 0.290
                      27: 0.131
                      28: 0.070
                      29: 0.911
                      30: 0.151
                      31:-0.134
                      36:-0.109
 
 I=  9/2- (3)  3.411  24:-0.079
                      25: 0.323
                      26: 0.065
                      28:-0.436
                      29: 0.196
                      30:-0.605
                      31:-0.082
                      35: 0.280
                      36: 0.412
                      38:-0.183
 
 I=  9/2- (4)  4.462  32: 0.244
                      33:-0.607
                      34: 0.646
                      37:-0.394
 
 I=  9/2- (5)  4.594  24:-0.095
                      25: 0.183
                      26:-0.058
                      29: 0.064
                      30:-0.400
                      35:-0.723
                      36:-0.439
                      38:-0.269

             ENERGY    K= OMEGA
 
 I= 11/2- (1)  2.396  32:-0.695
                      33:-0.574
                      34:-0.389
                      37:-0.190
 
 I= 11/2- (2)  2.855  24: 0.104
                      26:-0.096
                      27:-0.353
                      29: 0.220
                      31:-0.897
 
 I= 11/2- (3)  4.221  24:-0.107
                      26:-0.343
                      27: 0.170
                      29: 0.882
                      30: 0.143
                      31: 0.165
                      36: 0.106
 
 I= 11/2- (4)  4.933  24:-0.114
                      25: 0.102
                      26: 0.072
                      27: 0.092
                      28:-0.241
                      29:-0.129
                      30: 0.574
                      31:-0.136
                      35:-0.381
                      36: 0.627
 
 I= 11/2- (5)  5.142  24: 0.084
                      25:-0.361
                      28:-0.610
                      29: 0.137
                      30:-0.396
                      31: 0.068
                      35:-0.509
                      38: 0.220

             ENERGY    K= OMEGA
 
 I= 13/2- (1)  4.018  24: 0.149
                      26:-0.123
                      27: 0.423
                      29:-0.242
                      30: 0.072
                      31:-0.845
 
 I= 13/2- (2)  4.629  32: 0.231
                      33:-0.585
                      34: 0.654
                      37:-0.420
 
 I= 13/2- (3)  5.221  24:-0.137
                      25: 0.382
                      26:-0.134
                      27:-0.089
                      28:-0.426
                      29:-0.307
                      30:-0.595
                      31:-0.069
                      35: 0.191
                      36: 0.322
                      38:-0.188
 
 I= 13/2- (4)  5.626  24:-0.072
                      25:-0.144
                      26:-0.362
                      27:-0.167
                      28: 0.196
                      29:-0.813
                      30: 0.166
                      31: 0.227
                      35:-0.159
                      36:-0.082
                      38: 0.070
 
 I= 13/2- (5)  7.285  24:-0.091
                      25: 0.186
                      29: 0.091
                      30:-0.293
                      35:-0.710
                      36:-0.518
                      38:-0.296

             ENERGY     K= 1/2
  32 LEVELS    TIME=  0.0 SEC



 ******************* EXCITATION ENERGIES, DOMINANT CONFIGURATION AND EXPECTATION VALUES (WITH S.P. UU+VV FACTORS) *******************

  NR  Eex(keV)  I   Kdom  NY    <Jz>  <Jx**2> <Jy**2> <Jz**2> <I.j>/|I|  <Rx**2> <Ry**2> <Rz**2> <R.j>/|R|  <HROTx> <HROTy> <HROTz>

   1    0.0   9/2-   9/2  31    3.75    2.66    2.66   19.40    4.45       2.62    2.62    0.00   -1.14      0.319   0.319   0.000
   2  341.1   7/2-  -7/2  29   -3.20    2.29    2.29   11.93    3.40       2.62    2.62    0.00   -1.31      0.320   0.320   0.000
   3  386.0   3/2-  -3/2  35   -1.19    2.02    2.02    1.94    1.51       1.93    1.93   -0.00   -1.55      0.236   0.236  -0.000
   4  511.9   5/2-   5/2  36    0.58    3.23    3.23    3.70    2.50       2.07    2.07    0.00   -1.36      0.252   0.252   0.000
   5  512.0  11/2-   1/2  32   -0.00   25.61   25.61    2.25    6.60       5.16    5.16    0.00   -4.37      0.629   0.629   0.000
  
   6  751.9   3/2-  -3/2  30   -1.30    4.59    4.59    2.05    1.46       4.66    4.66    0.00   -2.75      0.569   0.569   0.000
   7  895.2   1/2-   1/2  28    0.50    4.55    4.55    0.25    0.43       4.68    4.68    0.00   -2.94      0.571   0.571   0.000
   8  970.8  11/2-   9/2  31    3.07    3.05    3.05   18.55    4.06       5.91    5.91    0.00   -0.10      0.721   0.721   0.000
   9  999.4   5/2-  -3/2  35   -1.35    2.27    2.27    2.18    1.10       4.48    4.48    0.00   -1.16      0.546   0.546   0.000
  10 1129.1   5/2-   5/2  36    1.19    3.01    3.01    3.71    1.68       4.26    4.26    0.00   -1.63      0.519   0.519   0.000
  
  11 1134.8   1/2-   1/2  38    0.50    1.45    1.45    0.25    0.66       1.37    1.37   -0.00   -1.55      0.167   0.167  -0.000
  12 1181.9   7/2-   5/2  36    0.64    2.80    2.80    4.15    1.97       4.92    4.92    0.00   -0.61      0.600   0.600   0.000
  13 1227.9   9/2-  -7/2  29   -2.66    2.46    2.46   11.43    2.97       5.76    5.76    0.00   -0.46      0.702   0.702   0.000
  14 1331.9   7/2-   1/2  32   -0.00   25.63   25.63    1.78    6.47       8.72    8.72    0.00   -6.55      1.064   1.064   0.000
  15 1434.9   7/2-  -3/2  35   -0.53    3.10    3.10    1.76    1.55       5.70    5.70    0.00   -0.53      0.695   0.695   0.000
  
  16 1527.5   9/2-  -3/2  30   -0.16    4.36    4.36    2.84    2.46       5.91    5.91    0.00    0.20      0.721   0.721   0.000
  17 1958.2   5/2-   1/2  38    0.34    1.73    1.73    0.51    0.45       5.04    5.04   -0.00   -0.84      0.615   0.615  -0.000
  18 2134.4  13/2-   9/2  31    2.48    3.44    3.44   17.65    3.82       9.97    9.97    0.00    0.48      1.215   1.215   0.000
  19 2268.3   7/2-  -3/2  30    0.33    3.55    3.55    3.22    0.85       9.65    9.65    0.00   -1.58      1.176   1.176   0.000
  20 2268.3   5/2-   1/2  28   -0.09    4.10    4.10    1.09   -0.35      10.05   10.05    0.00   -2.30      1.225   1.225   0.000
  
  21 2337.3  11/2-  -7/2  29   -2.38    2.53    2.53   11.36    2.71       9.91    9.91    0.00   -0.06      1.208   1.208   0.000
  22 2578.4   9/2-   5/2  34   -0.02   25.52   25.52    5.35    5.68      12.30   12.30    0.00   -5.67      1.500   1.500   0.000
  23 2710.3   9/2-  -3/2  35   -0.47    2.12    2.12    2.91    1.05      10.73   10.73   -0.00   -0.42      1.308   1.308  -0.000
  24 2744.7  13/2-   5/2  34   -0.04   25.48   25.48    5.62    5.71      12.82   12.82    0.00   -3.30      1.562   1.562   0.000
  25 3048.7  11/2-   5/2  36    0.35    3.37    3.37    4.34    1.80      12.64   12.64    0.00   -0.06      1.541   1.541   0.000
  
  26 3258.3  11/2-   1/2  28   -0.37    3.33    3.33    1.47    1.54      12.73   12.73    0.00    0.21      1.552   1.552   0.000
  27 3337.1  13/2-  -3/2  30   -0.39    4.56    4.56    3.19    2.55      12.76   12.76    0.00    1.08      1.555   1.555   0.000
  28 3689.1   1/2-   1/2  25    0.50    6.12    6.12    0.25    0.68       6.02    6.02    0.00   -3.43      0.734   0.734   0.000
  29 3741.7  13/2-  -7/2  29   -1.87    2.84    2.84   10.51    2.44      15.43   15.43    0.00    0.15      1.881   1.881   0.000
  30 5401.3  13/2-  -3/2  35   -0.15    1.98    1.98    3.22    0.92      21.54   21.54    0.00   -0.11      2.626   2.626   0.000
  
  31 6248.0   1/2-   1/2  32    0.50   25.42   25.42    0.25   -3.76      29.17   29.17    0.00   -7.11      3.557   3.557   0.000
  32*******   1/2-  -3/2  33    0.00    0.00    0.00    0.00    0.00       0.00    0.00    0.00   -0.00      0.000   0.000   0.000
