1SPECTRUM OF (Z= 82 A=207) IN PARTICLE-ROTOR  MODEL WITH MODIFIED OSCILLATOR POTENTIAL


 PARITY=-   EPS= 0.448   GAMMA=  0.0   EPS4=0.000   EPS6=0.000   LEVELS:  25  26  27  28  29  30  31  32  33  34  35  36  37  38  39

 PAIRING FACTORS: GN0= 19.20  GN1=  7.40  IPAIR= 15 ***  E2PLUS(INPUT)=   0.730  E2PLUR(INPUT)=   0.000

 CORIOLIS ATTENUATION PARAMETERS:  CHSI=1.000  ETA=  1.00

 MOMENT OF INERTIA PARAMETERS:   A1=  0.122 MEV   A2=  0.122 MEV   A3=121.91924 MEV


 DELTA=0.853 MEV  LAMBDA=53.4731 MEV   HW0= 7.6021 MEV   LAMBDA/HW0= 7.0340

 E2ENERGY=0.730 MEV  HBAR**2/B=37214./A**(7/3)=6291.0/A**2 MEV

 IREC=0  =>  RECOIL TERMS j+j-, j+j+, jzjz, ETC TREATED AS ONE-BODY OPERATORS WITH UU+VV PAIRING FACTORS



 S. P. LEVEL   EQP       U     V        (UU + VV)**1.00

     25       4.218    0.102 0.995      1.000 0.999 0.999 0.996 0.987 0.953 0.807 0.790 0.714 0.346 0.338 0.282 0.274 0.245 0.201
     26       2.907    0.148 0.989      0.999 1.000 1.000 0.999 0.993 0.966 0.834 0.818 0.746 0.390 0.382 0.327 0.319 0.290 0.247
     27       2.790    0.155 0.988      0.999 1.000 1.000 0.999 0.994 0.968 0.837 0.821 0.750 0.396 0.388 0.333 0.325 0.296 0.253
     28       2.228    0.195 0.981      0.996 0.999 0.999 1.000 0.998 0.977 0.859 0.844 0.777 0.433 0.426 0.372 0.364 0.335 0.293
     29       1.692    0.261 0.965      0.987 0.993 0.994 0.998 1.000 0.989 0.892 0.879 0.818 0.493 0.486 0.434 0.426 0.398 0.357
     30       1.167    0.399 0.917      0.953 0.966 0.968 0.977 0.989 1.000 0.948 0.939 0.893 0.614 0.608 0.560 0.553 0.527 0.489
     31       0.858    0.670 0.743      0.807 0.834 0.837 0.859 0.892 0.948 1.000 1.000 0.990 0.833 0.829 0.794 0.789 0.770 0.741
     32       0.854    0.691 0.723      0.790 0.818 0.821 0.844 0.879 0.939 1.000 1.000 0.993 0.849 0.844 0.811 0.807 0.788 0.760
     33       0.868    0.769 0.639      0.714 0.746 0.750 0.777 0.818 0.893 0.990 0.993 1.000 0.904 0.901 0.873 0.869 0.854 0.830
     34       1.769    0.969 0.249      0.346 0.390 0.396 0.433 0.493 0.614 0.833 0.849 0.904 1.000 1.000 0.998 0.997 0.994 0.989
     35       1.824    0.971 0.241      0.338 0.382 0.388 0.426 0.486 0.608 0.829 0.844 0.901 1.000 1.000 0.998 0.998 0.995 0.990
     36       2.367    0.983 0.183      0.282 0.327 0.333 0.372 0.434 0.560 0.794 0.811 0.873 0.998 0.998 1.000 1.000 0.999 0.997
     37       2.475    0.985 0.175      0.274 0.319 0.325 0.364 0.426 0.553 0.789 0.807 0.869 0.997 0.998 1.000 1.000 1.000 0.997
     38       2.975    0.989 0.145      0.245 0.290 0.296 0.335 0.398 0.527 0.770 0.788 0.854 0.994 0.995 0.999 1.000 1.000 0.999
     39       4.265    0.995 0.101      0.201 0.247 0.253 0.293 0.357 0.489 0.741 0.760 0.830 0.989 0.990 0.997 0.997 0.999 1.000

  R CORE   ENERGY   A0R/A00=1.000    R3= 0     2  
   2( 1)    0.732                    1.000 0.000
   2( 2)  487.921                    0.000 1.000

  R CORE   ENERGY   A0R/A00=1.000    R3= 0     2  
   3( 1)  488.652                    0.000 1.000

  R CORE   ENERGY   A0R/A00=1.000    R3= 0     2     4  
   4( 1)    2.438                    1.000 0.000 0.000

  R CORE   ENERGY   A0R/A00=1.000    R3= 0     2     4  
   5( 1)  490.847                    0.000 1.000 0.000

  R CORE   ENERGY   A0R/A00=1.000    R3= 0     2     4     6  
   6( 1)    5.121                    1.000 0.000 0.000 0.000

  R CORE   ENERGY   A0R/A00=1.000    R3= 0     2     4     6  
   7( 1)  494.017                    0.000 1.000 0.000 0.000

          AXIAL SYMMETRY => K RESTRICTED TO OMEGA

                     K
     S.P. ORB#: 25  0.50
     S.P. ORB#: 26 -1.50
     S.P. ORB#: 27 -5.50
     S.P. ORB#: 28  2.50
     S.P. ORB#: 29 -3.50
     S.P. ORB#: 30  2.50
     S.P. ORB#: 31  0.50
     S.P. ORB#: 32  0.50
     S.P. ORB#: 33 -1.50
     S.P. ORB#: 34 -3.50
     S.P. ORB#: 35 -3.50
     S.P. ORB#: 36  4.50
     S.P. ORB#: 37  0.50
     S.P. ORB#: 38 -1.50
     S.P. ORB#: 39  4.50
 

             ENERGY    K= OMEGA
 
 I=  1/2- (1)  2.206  32: 0.999
 
 I=  1/2- (2)  4.027  31: 0.929
                      37:-0.371
 
 I=  1/2- (3)  5.979  25: 0.999
 
 I=  1/2- (4)  6.740  31: 0.371
                      37: 0.929
 
 I=  1/2- (5)147.171  33:-1.000

             ENERGY    K= OMEGA
 
 I=  3/2- (1)  2.201  32:-0.542
                      33: 0.841
 
 I=  3/2- (2)  2.411  25:-0.171
                      32:-0.829
                      33:-0.532

             ENERGY    K= OMEGA
 
 I=  5/2- (1)  2.561  25: 0.225
                      28:-0.052
                      32:-0.508
                      33:-0.830
 
 I=  5/2- (2)  3.397  25: 0.062
                      28: 0.076
                      32:-0.844
                      33: 0.528
 
 I=  5/2- (3)  4.034  28:-0.996
                      33: 0.083
 
 I=  5/2- (4)  4.192  26: 0.094
                      30:-0.080
                      31:-0.825
                      37: 0.484
                      38: 0.265
 
 I=  5/2- (5)  6.186  26: 0.503
                      30:-0.848
                      37:-0.163

             ENERGY    K= OMEGA
 
 I=  7/2- (1)  2.729  28: 0.174
                      35:-0.983
 
 I=  7/2- (2)  3.424  28: 0.069
                      29: 0.077
                      32: 0.722
                      33:-0.683
 
 I=  7/2- (3)  3.613  25:-0.102
                      28: 0.179
                      29: 0.922
                      32:-0.278
                      33:-0.176
 
 I=  7/2- (4)  3.667  25:-0.284
                      29:-0.340
                      32:-0.592
                      33:-0.673
 
 I=  7/2- (5)  4.188  26:-0.221
                      30:-0.219
                      31:-0.856
                      34:-0.081
                      37:-0.248
                      38:-0.321

             ENERGY    K= OMEGA
 
 I=  9/2- (1)  3.247  28: 0.112
                      29:-0.282
                      35: 0.358
                      36: 0.883
 
 I=  9/2- (2)  3.816  25:-0.072
                      28: 0.226
                      29: 0.162
                      32: 0.107
                      33: 0.170
                      35: 0.874
                      36:-0.337
 
 I=  9/2- (3)  3.963  25: 0.343
                      29: 0.053
                      32:-0.539
                      33:-0.735
                      35: 0.215
 
 I=  9/2- (4)  4.824  28:-0.255
                      29: 0.911
                      32: 0.053
                      36: 0.319
 
 I=  9/2- (5)  4.841  26: 0.330
                      30:-0.455
                      31:-0.602
                      34: 0.316
                      37: 0.353
                      38: 0.272
                      39:-0.151

             ENERGY    K= OMEGA
 
 I= 11/2- (1)  4.123  27: 0.983
                      29: 0.061
                      35:-0.057
                      36: 0.163
 
 I= 11/2- (2)  4.373  27:-0.183
                      28: 0.157
                      29: 0.351
                      35:-0.405
                      36: 0.809
 
 I= 11/2- (3)  4.730  26:-0.374
                      30:-0.476
                      31:-0.597
                      34:-0.350
                      37:-0.215
                      38:-0.268
                      39:-0.192
 
 I= 11/2- (4)  5.129  28: 0.260
                      29:-0.228
                      33:-0.089
                      35:-0.854
                      36:-0.378
 
 I= 11/2- (5)  5.604  25:-0.148
                      32:-0.884
                      33: 0.435
                      35:-0.067

             ENERGY    K= OMEGA
 
 I= 13/2- (1)  5.500  26:-0.393
                      30: 0.587
                      31: 0.260
                      34:-0.536
                      37:-0.112
                      38:-0.148
                      39: 0.335
 
 I= 13/2- (2)  5.658  27:-0.741
                      28: 0.122
                      29:-0.263
                      35: 0.270
                      36: 0.541
 
 I= 13/2- (3)  5.785  27:-0.671
                      28:-0.155
                      29: 0.297
                      33:-0.055
                      35:-0.338
                      36:-0.564
 
 I= 13/2- (4)  6.203  25: 0.431
                      28:-0.075
                      32:-0.547
                      33:-0.701
                      36: 0.118
 
 I= 13/2- (5)  6.684  25: 0.055
                      28: 0.275
                      29: 0.267
                      32:-0.080
                      33:-0.064
                      35: 0.832
                      36:-0.382

             ENERGY     K= 9/2
  32 LEVELS    TIME=  0.0 SEC



 ******************* EXCITATION ENERGIES, DOMINANT CONFIGURATION AND EXPECTATION VALUES (WITH S.P. UU+VV FACTORS) *******************

  NR  Eex(keV)  I   Kdom  NY    <Jz>  <Jx**2> <Jy**2> <Jz**2> <I.j>/|I|  <Rx**2> <Ry**2> <Rz**2> <R.j>/|R|  <HROTx> <HROTy> <HROTz>

   1    0.0   3/2-  -3/2  33   -0.91    5.15    5.15    1.66    1.23       5.48    5.48    0.00   -2.90      0.668   0.668   0.000
   2    5.1   1/2-   1/2  32    0.50    5.16    5.16    0.25    0.17       5.51    5.51    0.00   -3.14      0.672   0.672   0.000
   3  210.4   3/2-   1/2  32   -0.07    5.11    5.11    0.82    0.74       5.97    5.97    0.00   -2.78      0.727   0.727   0.000
   4  360.4   5/2-  -3/2  33   -0.87    5.34    5.34    1.64    1.45       6.25    6.25    0.00   -2.27      0.762   0.762   0.000
   5  528.2   7/2-  -7/2  35   -3.32    2.36    2.36   12.06    3.17       3.67    3.67    0.00   -1.54      0.447   0.447   0.000
  
   6 1046.1   9/2-   9/2  36    2.81    2.75    2.75   18.40    4.06       4.12    4.12    0.00   -1.29      0.503   0.503   0.000
   7 1196.2   5/2-   1/2  32   -0.05    5.18    5.18    0.84   -0.12      10.33   10.33    0.00   -2.54      1.259   1.259   0.000
   8 1223.4   7/2-   1/2  32   -0.45    5.14    5.14    1.30    0.81      10.45   10.45    0.00   -1.83      1.274   1.274   0.000
   9 1411.6   7/2-  -7/2  29   -2.89    6.16    6.16   10.70    2.85       8.07    8.07   -0.00   -2.91      0.984   0.984  -0.000
  10 1465.7   7/2-  -3/2  33   -0.87    5.35    5.35    2.55    1.13      10.00   10.00    0.00   -1.96      1.219   1.219   0.000
  
  11 1614.8   9/2-  -7/2  35   -2.16    2.63    2.63   12.36    2.66       7.95    7.95    0.00   -1.10      0.970   0.970   0.000
  12 1761.7   9/2-  -3/2  33   -0.77    5.38    5.38    1.96    1.58      10.89   10.89    0.00   -1.04      1.327   1.327   0.000
  13 1826.4   1/2-   1/2  31    0.50   12.50   12.50    0.25    1.06      12.09   12.09   -0.00   -4.95      1.474   1.474  -0.000
  14 1833.3   5/2-   5/2  28    2.47    6.12    6.12    6.21    2.08       7.46    7.46   -0.00   -3.19      0.909   0.909  -0.000
  15 1921.7  11/2- -11/2  27   -5.22    2.75    2.75   29.85    5.02       5.54    5.54    0.00   -1.61      0.675   0.675   0.001
  
  16 1986.8   7/2-   1/2  31    0.26   16.20   16.20    0.92    3.20      11.86   11.86    0.00   -4.24      1.446   1.446   0.000
  17 1990.7   5/2-   1/2  31    0.35   12.96   12.96    0.45    2.07      11.43   11.43    0.00   -4.23      1.393   1.393   0.000
  18 2172.1  11/2-   9/2  36    1.81    3.01    3.01   17.93    3.50       8.89    8.89    0.00   -0.71      1.084   1.084   0.000
  19 2528.9  11/2-   1/2  31    0.19   19.72   19.72    4.24    4.55      12.51   12.51   -0.00   -3.29      1.526   1.526  -0.000
  20 2622.8   9/2-  -7/2  29   -2.28    5.88    5.88   12.64    2.44      12.43   12.43   -0.00   -2.46      1.515   1.515  -0.000
  
  21 2640.2   9/2-   1/2  31    0.24   17.69   17.69    3.51    3.78      13.00   13.00   -0.00   -3.94      1.585   1.585  -0.000
  22 2928.3  11/2-  -7/2  35   -1.93    2.64    2.64   12.91    2.31      13.18   13.18    0.00   -0.86      1.607   1.607   0.000
  23 3299.1  13/2-   5/2  30    0.14   21.95   21.95    8.36    5.17      14.39   14.39    0.00   -3.01      1.755   1.755   0.000
  24 3403.4  11/2-   1/2  32    0.10    5.09    5.09    0.71    0.70      19.14   19.14    0.00   -1.08      2.334   2.334   0.000
  25 3456.8  13/2- -11/2  27   -2.16    2.94    2.94   24.36    3.81      12.91   12.91    0.00   -0.72      1.574   1.574   0.001
  
  26 3583.5  13/2- -11/2  27   -1.70    3.03    3.03   22.70    3.58      13.77   13.77    0.00   -0.72      1.678   1.678   0.000
  27 3778.1   1/2-   1/2  25    0.50    7.31    7.31    0.25    0.64       7.25    7.25    0.00   -3.76      0.884   0.884   0.000
  28 3984.4   5/2-   5/2  30    1.43   22.90   22.90    5.07    3.78      18.63   18.63    0.00   -6.50      2.272   2.272   0.000
  29 4001.5  13/2-  -3/2  33   -0.43    5.67    5.67    1.60    1.67      19.22   19.22    0.00   -0.21      2.343   2.343   0.000
  30 4482.6  13/2-  -7/2  35   -1.83    2.76    2.76   12.83    2.01      19.53   19.53    0.00   -0.69      2.381   2.381   0.000
  
  31 4538.5   1/2-   1/2  37    0.50   17.18   17.18    0.25   -0.84      18.40   18.40    0.00   -5.82      2.244   2.244   0.000
  32*******   1/2-  -3/2  33    0.00    0.00    0.00    0.00   -0.00       0.00    0.00    0.00   -0.00      0.000   0.000   0.000
