1SPECTRUM OF (Z= 82 A=207) IN PARTICLE-ROTOR  MODEL WITH MODIFIED OSCILLATOR POTENTIAL


 PARITY=-   EPS= 0.333   GAMMA=  0.0   EPS4=0.000   EPS6=0.000   LEVELS:  26  27  28  29  30  31  32  33  34  35  36  37  38  39  40

 PAIRING FACTORS: GN0= 19.20  GN1=  7.40  IPAIR= 15 ***  E2PLUS(INPUT)=   0.730  E2PLUR(INPUT)=   0.000

 CORIOLIS ATTENUATION PARAMETERS:  CHSI=1.000  ETA=  1.00

 MOMENT OF INERTIA PARAMETERS:   A1=  0.122 MEV   A2=  0.122 MEV   A3=121.91924 MEV


 DELTA=0.917 MEV  LAMBDA=53.3296 MEV   HW0= 7.5116 MEV   LAMBDA/HW0= 7.0996

 E2ENERGY=0.730 MEV  HBAR**2/B=20561./A**(7/3)=3475.8/A**2 MEV

 IREC=0  =>  RECOIL TERMS j+j-, j+j+, jzjz, ETC TREATED AS ONE-BODY OPERATORS WITH UU+VV PAIRING FACTORS



 S. P. LEVEL   EQP       U     V        (UU + VV)**1.00

     26       3.164    0.146 0.989      1.000 0.999 0.991 0.972 0.957 0.948 0.888 0.702 0.601 0.340 0.327 0.322 0.309 0.278 0.257
     27       2.606    0.179 0.984      0.999 1.000 0.995 0.979 0.966 0.958 0.902 0.725 0.627 0.371 0.358 0.353 0.340 0.309 0.288
     28       1.735    0.275 0.961      0.991 0.995 1.000 0.994 0.986 0.981 0.940 0.790 0.701 0.460 0.448 0.443 0.431 0.401 0.381
     29       1.317    0.376 0.927      0.972 0.979 0.994 1.000 0.998 0.996 0.971 0.851 0.773 0.552 0.541 0.536 0.525 0.497 0.478
     30       1.184    0.429 0.903      0.957 0.966 0.986 0.998 1.000 1.000 0.983 0.880 0.808 0.600 0.589 0.584 0.573 0.546 0.528
     31       1.132    0.455 0.891      0.948 0.958 0.981 0.996 1.000 1.000 0.988 0.893 0.825 0.622 0.612 0.607 0.596 0.570 0.552
     32       0.966    0.586 0.810      0.888 0.902 0.940 0.971 0.983 0.988 1.000 0.951 0.902 0.735 0.726 0.722 0.712 0.689 0.673
     33       0.962    0.807 0.591      0.702 0.725 0.790 0.851 0.880 0.893 0.951 1.000 0.991 0.908 0.902 0.900 0.894 0.879 0.868
     34       1.092    0.878 0.478      0.601 0.627 0.701 0.773 0.808 0.825 0.902 0.991 1.000 0.956 0.952 0.950 0.946 0.935 0.927
     35       2.356    0.980 0.199      0.340 0.371 0.460 0.552 0.600 0.622 0.735 0.908 0.956 1.000 1.000 1.000 0.999 0.998 0.996
     36       2.519    0.983 0.185      0.327 0.358 0.448 0.541 0.589 0.612 0.726 0.902 0.952 1.000 1.000 1.000 1.000 0.999 0.997
     37       2.589    0.984 0.180      0.322 0.353 0.443 0.536 0.584 0.607 0.722 0.900 0.950 1.000 1.000 1.000 1.000 0.999 0.998
     38       2.797    0.986 0.166      0.309 0.340 0.431 0.525 0.573 0.596 0.712 0.894 0.946 0.999 1.000 1.000 1.000 0.999 0.999
     39       3.454    0.991 0.134      0.278 0.309 0.401 0.497 0.546 0.570 0.689 0.879 0.935 0.998 0.999 0.999 0.999 1.000 1.000
     40       4.102    0.994 0.112      0.257 0.288 0.381 0.478 0.528 0.552 0.673 0.868 0.927 0.996 0.997 0.998 0.999 1.000 1.000

  R CORE   ENERGY   A0R/A00=1.000    R3= 0     2  
   2( 1)    0.732                    1.000 0.000
   2( 2)  487.921                    0.000 1.000

  R CORE   ENERGY   A0R/A00=1.000    R3= 0     2  
   3( 1)  488.652                    0.000 1.000

  R CORE   ENERGY   A0R/A00=1.000    R3= 0     2     4  
   4( 1)    2.438                    1.000 0.000 0.000

  R CORE   ENERGY   A0R/A00=1.000    R3= 0     2     4  
   5( 1)  490.847                    0.000 1.000 0.000

  R CORE   ENERGY   A0R/A00=1.000    R3= 0     2     4     6  
   6( 1)    5.121                    1.000 0.000 0.000 0.000

  R CORE   ENERGY   A0R/A00=1.000    R3= 0     2     4     6  
   7( 1)  494.017                    0.000 1.000 0.000 0.000

          AXIAL SYMMETRY => K RESTRICTED TO OMEGA

                     K
     S.P. ORB#: 26  2.50
     S.P. ORB#: 27 -3.50
     S.P. ORB#: 28  0.50
     S.P. ORB#: 29  0.50
     S.P. ORB#: 30 -1.50
     S.P. ORB#: 31 -1.50
     S.P. ORB#: 32 -3.50
     S.P. ORB#: 33  4.50
     S.P. ORB#: 34  2.50
     S.P. ORB#: 35 -3.50
     S.P. ORB#: 36 -1.50
     S.P. ORB#: 37  0.50
     S.P. ORB#: 38  2.50
     S.P. ORB#: 39  0.50
     S.P. ORB#: 40  4.50
 

             ENERGY    K= OMEGA
 
 I=  1/2- (1)  2.558  29: 0.999
 
 I=  1/2- (2)  3.805  39:-0.999
 
 I=  1/2- (3)  5.906  28: 0.397
                      37:-0.918
 
 I=  1/2- (4)  8.743  28: 0.918
                      37: 0.397
 
 I=  1/2- (5)147.436  31:-1.000

             ENERGY    K= OMEGA
 
 I=  3/2- (1)  2.436  29: 0.400
                      30:-0.916
 
 I=  3/2- (2)  2.681  29:-0.766
                      30:-0.337
                      36:-0.524
                      39: 0.161

             ENERGY    K= OMEGA
 
 I=  5/2- (1)  2.742  29:-0.400
                      30:-0.787
                      36: 0.158
                      38: 0.404
                      39:-0.181
 
 I=  5/2- (2)  3.325  26:-0.066
                      29: 0.585
                      30:-0.418
                      36:-0.691
 
 I=  5/2- (3)  3.567  29: 0.418
                      30: 0.215
                      36: 0.242
                      38: 0.826
                      39: 0.194
 
 I=  5/2- (4)  4.230  26:-0.055
                      29:-0.506
                      30: 0.380
                      36:-0.633
                      38: 0.393
                      39:-0.204
 
 I=  5/2- (5)  4.709  26:-0.116
                      29:-0.257
                      30:-0.119
                      36:-0.164
                      39: 0.938

             ENERGY    K= OMEGA
 
 I=  7/2- (1)  1.768  26:-0.193
                      27: 0.050
                      32: 0.979
 
 I=  7/2- (2)  3.348  29: 0.489
                      30:-0.678
                      36: 0.292
                      38:-0.463
 
 I=  7/2- (3)  3.516  28:-0.713
                      31:-0.582
                      34:-0.359
                      35:-0.152
 
 I=  7/2- (4)  3.891  26: 0.062
                      29:-0.609
                      30:-0.501
                      36:-0.511
                      38:-0.226
                      39: 0.247
 
 I=  7/2- (5)  4.384  26:-0.186
                      27:-0.681
                      29:-0.297
                      30: 0.287
                      36: 0.275
                      38:-0.506

             ENERGY    K= OMEGA
 
 I=  9/2- (1)  1.854  26:-0.073
                      27: 0.191
                      32:-0.240
                      33:-0.949
 
 I=  9/2- (2)  2.728  26: 0.265
                      27: 0.090
                      32: 0.929
                      33:-0.237
 
 I=  9/2- (3)  4.118  29:-0.434
                      30:-0.686
                      36: 0.262
                      38: 0.460
                      39:-0.239
 
 I=  9/2- (4)  4.382  28: 0.199
                      31:-0.511
                      34: 0.637
                      35:-0.493
                      40: 0.224
 
 I=  9/2- (5)  5.146  26: 0.106
                      27:-0.063
                      29:-0.476
                      30: 0.478
                      32:-0.058
                      36: 0.712
                      38:-0.088
                      39: 0.105

             ENERGY    K= OMEGA
 
 I= 11/2- (1)  2.777  28:-0.651
                      31:-0.566
                      34:-0.415
                      35:-0.261
                      37:-0.055
                      40:-0.113
 
 I= 11/2- (2)  2.945  26:-0.125
                      27:-0.260
                      32: 0.331
                      33:-0.899
 
 I= 11/2- (3)  3.919  26:-0.310
                      27: 0.131
                      32: 0.879
                      33: 0.329
                      38: 0.058
 
 I= 11/2- (4)  5.252  29: 0.510
                      30:-0.607
                      36: 0.366
                      38:-0.482
 
 I= 11/2- (5)  5.721  28:-0.491
                      31:-0.119
                      34: 0.421
                      35: 0.624
                      40: 0.421

             ENERGY    K= OMEGA
 
 I= 13/2- (1)  4.254  26:-0.171
                      27: 0.303
                      32:-0.391
                      33:-0.852
 
 I= 13/2- (2)  4.345  28:-0.170
                      31: 0.450
                      34:-0.611
                      35: 0.549
                      40:-0.306
 
 I= 13/2- (3)  5.345  26: 0.339
                      27: 0.170
                      30: 0.069
                      32: 0.833
                      33:-0.390
                      38:-0.075
 
 I= 13/2- (4)  6.469  29:-0.447
                      30:-0.644
                      32: 0.072
                      36: 0.297
                      38: 0.458
                      39:-0.280
 
 I= 13/2- (5)  7.946  26:-0.108
                      27: 0.070
                      29: 0.397
                      30:-0.482
                      32: 0.097
                      36:-0.733
                      38: 0.055
                      39:-0.207

             ENERGY     K= 9/2
  32 LEVELS    TIME=  0.0 SEC



 ******************* EXCITATION ENERGIES, DOMINANT CONFIGURATION AND EXPECTATION VALUES (WITH S.P. UU+VV FACTORS) *******************

  NR  Eex(keV)  I   Kdom  NY    <Jz>  <Jx**2> <Jy**2> <Jz**2> <I.j>/|I|  <Rx**2> <Ry**2> <Rz**2> <R.j>/|R|  <HROTx> <HROTy> <HROTz>

   1    0.0   7/2-  -7/2  32   -3.27    2.31    2.31   12.02    3.34       2.93    2.93    0.00   -1.39      0.357   0.357   0.000
   2   86.3   9/2-   9/2  33    3.74    2.53    2.53   19.42    4.27       3.36    3.36    0.00   -1.25      0.410   0.410   0.000
   3  668.7   3/2-  -3/2  30   -1.18    4.74    4.74    1.93    1.31       5.04    5.04    0.00   -2.79      0.614   0.614   0.000
   4  790.3   1/2-   1/2  29    0.50    4.73    4.73    0.25    0.19       5.07    5.07    0.00   -3.00      0.618   0.618   0.000
   5  913.5   3/2-   1/2  29   -0.28    3.64    3.64    1.03    1.01       4.08    4.08   -0.00   -2.23      0.497   0.497  -0.000
  
   6  960.1   9/2-  -7/2  32   -2.62    2.41    2.41   12.25    2.89       6.52    6.52    0.00   -0.74      0.795   0.795   0.000
   7  974.5   5/2-  -3/2  30   -0.46    4.20    4.20    2.52    1.71       4.78    4.78    0.00   -1.90      0.583   0.583   0.000
   8 1009.6  11/2-   1/2  28   -0.02   24.31   24.31    3.00    6.44       5.21    5.21    0.00   -4.07      0.635   0.635   0.000
   9 1177.0  11/2-   9/2  33    3.05    2.75    2.75   18.61    3.75       7.53    7.53    0.00   -0.44      0.918   0.918   0.000
  10 1557.2   5/2-  -3/2  36   -0.80    3.07    3.07    1.58    0.78       5.93    5.93   -0.00   -1.57      0.724   0.724  -0.000
  
  11 1580.2   7/2-  -3/2  30   -0.17    4.01    4.01    2.65    1.60       6.85    6.85    0.00   -1.16      0.836   0.836   0.000
  12 1748.4   7/2-   1/2  28   -0.01   23.97   23.97    1.98    6.15       8.42    8.42    0.00   -6.21      1.027   1.027   0.000
  13 1799.2   5/2-   5/2  38    1.66    2.41    2.41    4.55    1.55       4.49    4.49    0.00   -1.60      0.547   0.547   0.000
  14 2037.4   1/2-   1/2  39    0.50    1.57    1.57    0.25    0.70       1.46    1.46    0.00   -1.63      0.178   0.178   0.000
  15 2123.3   7/2-   1/2  29   -0.42    3.35    3.35    1.62    0.88       8.54    8.54   -0.00   -1.17      1.041   1.041  -0.000
  
  16 2151.6  11/2-  -7/2  32   -2.03    2.50    2.50   12.49    2.59      11.10   11.10    0.00   -0.42      1.354   1.354   0.000
  17 2350.0   9/2-  -3/2  30   -0.17    3.90    3.90    2.64    1.60       9.62    9.62    0.00   -0.56      1.173   1.173   0.000
  18 2462.5   5/2-  -3/2  36   -0.28    3.19    3.19    2.29   -0.01       8.73    8.73    0.00   -2.08      1.064   1.064   0.000
  19 2486.5  13/2-   9/2  33    2.48    2.94    2.94   17.88    3.39      12.61   12.61    0.00   -0.02      1.538   1.538   0.000
  20 2577.2  13/2-   5/2  34    0.01   24.05   24.05    8.39    6.03      10.51   10.51    0.00   -3.14      1.281   1.281   0.000
  
  21 2614.3   9/2-   5/2  34    0.02   24.30   24.30    7.12    5.78      11.47   11.47    0.00   -5.63      1.398   1.398   0.000
  22 2616.2   7/2-  -7/2  27   -1.09    4.40    4.40    7.87    2.07       7.98    7.98    0.00   -2.11      0.973   0.973   0.000
  23 2941.1   5/2-   1/2  39    0.45    1.79    1.79    0.41    0.13       5.97    5.97    0.00   -1.04      0.728   0.728   0.000
  24 3378.0   9/2-  -3/2  36   -0.96    2.88    2.88    1.93    0.63      13.08   13.08   -0.00   -0.89      1.595   1.595  -0.000
  25 3484.0  11/2-  -3/2  30   -0.05    3.82    3.82    2.72    1.47      14.26   14.26    0.00   -0.29      1.739   1.739   0.000
  
  26 3576.9  13/2-  -7/2  32   -1.55    2.58    2.58   12.69    2.38      16.68   16.68   -0.00   -0.21      2.033   2.033  -0.000
  27 3953.1  11/2-  -7/2  35   -0.02   23.12   23.12    9.56    5.29      14.13   14.13    0.00   -4.54      1.723   1.723   0.000
  28 4138.2   1/2-   1/2  37    0.50   12.36   12.36    0.25   -1.49      14.15   14.15   -0.00   -4.94      1.726   1.726  -0.000
  29 4701.4  13/2-  -3/2  30   -0.10    3.79    3.79    2.64    1.51      18.96   18.96    0.00    0.05      2.312   2.312   0.000
  30 6178.0  13/2-  -3/2  36   -1.07    2.66    2.66    2.06    0.56      24.17   24.17   -0.00   -0.50      2.947   2.947  -0.000
  
  31 6975.3   1/2-   1/2  28    0.50   24.61   24.61    0.25   -3.55      28.19   28.19   -0.00   -7.00      3.437   3.437  -0.000
  32*******   1/2-  -3/2  31    0.00    0.00    0.00    0.00    0.00       0.00    0.00    0.00   -0.00      0.000   0.000   0.000
