1SPECTRUM OF (Z= 82 A=207) IN PARTICLE-ROTOR  MODEL WITH MODIFIED OSCILLATOR POTENTIAL


 PARITY=-   EPS= 0.391   GAMMA=  0.0   EPS4=0.000   EPS6=0.000   LEVELS:  25  26  27  28  29  30  31  32  33  34  35  36  37  38  39

 PAIRING FACTORS: GN0= 19.20  GN1=  7.40  IPAIR= 15 ***  E2PLUS(INPUT)=   0.730  E2PLUR(INPUT)=   0.000

 CORIOLIS ATTENUATION PARAMETERS:  CHSI=1.000  ETA=  1.00

 MOMENT OF INERTIA PARAMETERS:   A1=  0.122 MEV   A2=  0.122 MEV   A3=121.91924 MEV


 DELTA=0.851 MEV  LAMBDA=53.4687 MEV   HW0= 7.5530 MEV   LAMBDA/HW0= 7.0791

 E2ENERGY=0.730 MEV  HBAR**2/B=28347./A**(7/3)=4792.0/A**2 MEV

 IREC=0  =>  RECOIL TERMS j+j-, j+j+, jzjz, ETC TREATED AS ONE-BODY OPERATORS WITH UU+VV PAIRING FACTORS



 S. P. LEVEL   EQP       U     V        (UU + VV)**1.00

     25       3.821    0.112 0.994      1.000 1.000 0.999 0.996 0.994 0.933 0.898 0.843 0.570 0.429 0.416 0.330 0.240 0.238 0.230
     26       3.021    0.142 0.990      1.000 1.000 1.000 0.999 0.997 0.943 0.911 0.859 0.595 0.456 0.444 0.359 0.269 0.268 0.259
     27       2.773    0.155 0.988      0.999 1.000 1.000 0.999 0.998 0.948 0.916 0.866 0.605 0.468 0.456 0.371 0.282 0.280 0.272
     28       2.215    0.196 0.981      0.996 0.999 0.999 1.000 1.000 0.960 0.932 0.886 0.638 0.504 0.492 0.409 0.321 0.320 0.311
     29       1.983    0.220 0.976      0.994 0.997 0.998 1.000 1.000 0.967 0.941 0.897 0.656 0.525 0.513 0.431 0.345 0.343 0.335
     30       1.037    0.463 0.886      0.933 0.943 0.948 0.960 0.967 1.000 0.996 0.980 0.828 0.726 0.716 0.648 0.574 0.573 0.565
     31       0.938    0.538 0.843      0.898 0.911 0.916 0.932 0.941 0.996 1.000 0.994 0.874 0.783 0.774 0.712 0.643 0.642 0.635
     32       0.870    0.628 0.778      0.843 0.859 0.866 0.886 0.897 0.980 0.994 1.000 0.922 0.847 0.840 0.786 0.724 0.723 0.717
     33       1.018    0.880 0.474      0.570 0.595 0.605 0.638 0.656 0.828 0.874 0.922 1.000 0.987 0.984 0.964 0.934 0.934 0.931
     34       1.383    0.946 0.325      0.429 0.456 0.468 0.504 0.525 0.726 0.783 0.847 0.987 1.000 1.000 0.994 0.980 0.979 0.978
     35       1.435    0.950 0.312      0.416 0.444 0.456 0.492 0.513 0.716 0.774 0.840 0.984 1.000 1.000 0.996 0.983 0.982 0.980
     36       1.965    0.975 0.222      0.330 0.359 0.371 0.409 0.431 0.648 0.712 0.786 0.964 0.994 0.996 1.000 0.996 0.995 0.995
     37       3.307    0.992 0.130      0.240 0.269 0.282 0.321 0.345 0.574 0.643 0.724 0.934 0.980 0.983 0.996 1.000 1.000 1.000
     38       3.350    0.992 0.128      0.238 0.268 0.280 0.320 0.343 0.573 0.642 0.723 0.934 0.979 0.982 0.995 1.000 1.000 1.000
     39       3.595    0.993 0.119      0.230 0.259 0.272 0.311 0.335 0.565 0.635 0.717 0.931 0.978 0.980 0.995 1.000 1.000 1.000

  R CORE   ENERGY   A0R/A00=1.000    R3= 0     2  
   2( 1)    0.732                    1.000 0.000
   2( 2)  487.921                    0.000 1.000

  R CORE   ENERGY   A0R/A00=1.000    R3= 0     2  
   3( 1)  488.652                    0.000 1.000

  R CORE   ENERGY   A0R/A00=1.000    R3= 0     2     4  
   4( 1)    2.438                    1.000 0.000 0.000

  R CORE   ENERGY   A0R/A00=1.000    R3= 0     2     4  
   5( 1)  490.847                    0.000 1.000 0.000

  R CORE   ENERGY   A0R/A00=1.000    R3= 0     2     4     6  
   6( 1)    5.121                    1.000 0.000 0.000 0.000

  R CORE   ENERGY   A0R/A00=1.000    R3= 0     2     4     6  
   7( 1)  494.017                    0.000 1.000 0.000 0.000

          AXIAL SYMMETRY => K RESTRICTED TO OMEGA

                     K
     S.P. ORB#: 25 -5.50
     S.P. ORB#: 26  0.50
     S.P. ORB#: 27  2.50
     S.P. ORB#: 28 -3.50
     S.P. ORB#: 29 -1.50
     S.P. ORB#: 30  0.50
     S.P. ORB#: 31 -1.50
     S.P. ORB#: 32  2.50
     S.P. ORB#: 33 -3.50
     S.P. ORB#: 34  0.50
     S.P. ORB#: 35  4.50
     S.P. ORB#: 36 -3.50
     S.P. ORB#: 37 -1.50
     S.P. ORB#: 38  0.50
     S.P. ORB#: 39  2.50
 

             ENERGY    K= OMEGA
 
 I=  1/2- (1)  2.344  30: 1.000
 
 I=  1/2- (2)  4.326  26:-0.192
                      34: 0.913
                      38:-0.361
 
 I=  1/2- (3)  7.277  26:-0.341
                      34: 0.283
                      38: 0.897
 
 I=  1/2- (4)  9.410  26: 0.920
                      34: 0.295
                      38: 0.256
 
 I=  1/2- (5)147.241  31:-1.000

             ENERGY    K= OMEGA
 
 I=  3/2- (1)  2.247  30: 0.457
                      31:-0.889
 
 I=  3/2- (2)  2.607  30: 0.867
                      31: 0.452
                      37: 0.210

             ENERGY    K= OMEGA
 
 I=  5/2- (1)  2.713  30: 0.399
                      31: 0.883
                      37:-0.075
                      39:-0.231
 
 I=  5/2- (2)  3.349  27: 0.056
                      30:-0.852
                      31: 0.387
                      37: 0.337
                      39:-0.091
 
 I=  5/2- (3)  4.306  27:-0.254
                      30:-0.191
                      31:-0.153
                      37:-0.481
                      39:-0.802
 
 I=  5/2- (4)  4.570  27:-0.942
                      31: 0.138
                      39: 0.301
 
 I=  5/2- (5)  4.732  26:-0.144
                      34: 0.801
                      38:-0.580

             ENERGY    K= OMEGA
 
 I=  7/2- (1)  1.900  27:-0.153
                      33: 0.987
 
 I=  7/2- (2)  3.291  30: 0.570
                      31:-0.753
                      37: 0.171
                      39:-0.278
 
 I=  7/2- (3)  3.984  27:-0.077
                      30: 0.738
                      31: 0.552
                      37: 0.318
                      39: 0.204
 
 I=  7/2- (4)  4.109  27:-0.190
                      28:-0.977
                      39:-0.083
 
 I=  7/2- (5)  4.111  26: 0.605
                      29: 0.588
                      32: 0.491
                      36: 0.215

             ENERGY    K= OMEGA
 
 I=  9/2- (1)  2.363  27: 0.087
                      28:-0.163
                      33: 0.363
                      35: 0.913
 
 I=  9/2- (2)  2.972  27: 0.204
                      28: 0.102
                      33: 0.902
                      35:-0.361
                      39:-0.054
 
 I=  9/2- (3)  4.260  30:-0.441
                      31:-0.796
                      33: 0.066
                      37: 0.184
                      39: 0.364
 
 I=  9/2- (4)  4.777  26: 0.208
                      29:-0.553
                      32: 0.693
                      36:-0.413
 
 I=  9/2- (5)  5.222  27: 0.259
                      28:-0.673
                      30:-0.473
                      31: 0.345
                      33:-0.052
                      35:-0.129
                      37: 0.342

             ENERGY    K= OMEGA
 
 I= 11/2- (1)  3.503  27:-0.136
                      28:-0.222
                      33: 0.448
                      35:-0.855
 
 I= 11/2- (2)  3.535  26:-0.604
                      29:-0.588
                      32:-0.473
                      34:-0.107
                      36:-0.230
 
 I= 11/2- (3)  4.267  27:-0.239
                      28: 0.151
                      31: 0.076
                      33: 0.843
                      35: 0.442
                      39: 0.078
 
 I= 11/2- (4)  5.165  25: 0.999
 
 I= 11/2- (5)  5.252  30: 0.584
                      31:-0.681
                      33: 0.090
                      37: 0.254
                      39:-0.345

             ENERGY    K= OMEGA
 
 I= 13/2- (1)  4.876  27:-0.176
                      28: 0.261
                      33:-0.491
                      35:-0.810
 
 I= 13/2- (2)  5.333  26:-0.216
                      29: 0.565
                      32:-0.680
                      36: 0.415
 
 I= 13/2- (3)  5.789  27:-0.264
                      28:-0.191
                      31:-0.109
                      33:-0.797
                      35: 0.482
                      39: 0.105
 
 I= 13/2- (4)  6.741  25: 0.496
                      30:-0.392
                      31:-0.637
                      33: 0.105
                      37: 0.221
                      39: 0.364
 
 I= 13/2- (5)  6.755  25: 0.866
                      30: 0.225
                      31: 0.361
                      33:-0.081
                      35: 0.074
                      37:-0.126
                      39:-0.202

             ENERGY     K= 5/2
  32 LEVELS    TIME=  0.0 SEC



 ******************* EXCITATION ENERGIES, DOMINANT CONFIGURATION AND EXPECTATION VALUES (WITH S.P. UU+VV FACTORS) *******************

  NR  Eex(keV)  I   Kdom  NY    <Jz>  <Jx**2> <Jy**2> <Jz**2> <I.j>/|I|  <Rx**2> <Ry**2> <Rz**2> <R.j>/|R|  <HROTx> <HROTy> <HROTz>

   1    0.0   7/2-  -7/2  33   -3.35    2.30    2.30   12.10    3.23       3.43    3.43    0.00   -1.49      0.418   0.418   0.000
   2  347.0   3/2-  -3/2  31   -1.08    4.97    4.97    1.83    1.28       5.28    5.28   -0.00   -2.86      0.643   0.643  -0.000
   3  444.0   1/2-   1/2  30    0.50    4.94    4.94    0.25    0.09       5.36    5.36    0.00   -3.07      0.654   0.654   0.000
   4  462.7   9/2-   9/2  35    3.21    2.50    2.50   18.87    4.10       3.90    3.90    0.00   -1.24      0.476   0.476   0.000
   5  707.5   3/2-   1/2  30    0.00    4.74    4.74    0.75    0.45       6.11    6.11   -0.00   -2.67      0.745   0.745  -0.000
  
   6  813.1   5/2-  -3/2  31   -0.96    4.83    4.83    2.15    1.25       6.57    6.57   -0.00   -2.23      0.801   0.801  -0.000
   7 1072.6   9/2-  -7/2  33   -2.19    2.37    2.37   13.01    2.78       7.41    7.41    0.00   -1.02      0.904   0.904   0.000
   8 1391.3   7/2-  -3/2  31   -0.54    4.72    4.72    1.93    1.30       8.39    8.39   -0.00   -1.51      1.023   1.023  -0.000
   9 1449.3   5/2-   1/2  30   -0.00    4.47    4.47    0.85    0.30       8.38    8.38   -0.00   -2.17      1.021   1.021  -0.000
  10 1603.2  11/2-   9/2  35    2.45    2.66    2.66   18.00    3.51       8.55    8.55    0.00   -0.57      1.043   1.043   0.000
  
  11 1635.6  11/2-   1/2  26    0.04   23.21   23.21    2.92    6.14       5.86    5.86    0.00   -3.70      0.715   0.715   0.000
  12 2083.9   7/2-   1/2  30   -0.22    4.37    4.37    1.36    0.54      10.78   10.78   -0.00   -1.71      1.315   1.315  -0.000
  13 2208.9   7/2-  -7/2  28   -3.23    6.20    6.20   11.96    3.13       7.65    7.65    0.00   -3.06      0.933   0.933   0.000
  14 2210.7   7/2-   1/2  26    0.10   22.82   22.82    2.94    6.02       8.27    8.27    0.00   -6.07      1.008   1.008   0.000
  15 2360.6   9/2-  -3/2  31   -0.59    4.54    4.54    2.45    1.28      11.77   11.77   -0.00   -1.06      1.435   1.435  -0.000
  
  16 2367.4  11/2-  -7/2  33   -1.55    2.46    2.46   13.39    2.45      12.39   12.39   -0.00   -0.74      1.511   1.511  -0.000
  17 2405.8   5/2-   5/2  39    1.41    2.23    2.23    5.01    1.71       4.04    4.04    0.00   -1.55      0.493   0.493   0.000
  18 2426.0   1/2-   1/2  34    0.50   11.14   11.14    0.25    1.01      10.77   10.77   -0.00   -4.67      1.313   1.313  -0.000
  19 2670.5   5/2-   5/2  27    2.42    5.67    5.67    6.16    2.00       7.22    7.22   -0.00   -3.05      0.880   0.880  -0.000
  20 2832.2   5/2-   1/2  34    0.50   11.29   11.29    0.26    1.66      10.88   10.88   -0.00   -3.84      1.327   1.327  -0.000
  
  21 2877.3   9/2-   5/2  32    0.17   23.66   23.66    5.79    5.12      13.47   13.47    0.00   -5.33      1.643   1.643   0.000
  22 2976.2  13/2-   9/2  35    1.94    2.81    2.81   17.34    3.11      14.12   14.12    0.00   -0.23      1.721   1.721   0.000
  23 3264.9  11/2- -11/2  25   -5.48    2.75    2.75   30.20    5.05       5.53    5.53    0.00   -1.66      0.675   0.675   0.000
  24 3322.2   9/2-  -7/2  28   -1.59    5.06    5.06    6.93    1.50      13.42   13.42    0.00   -1.85      1.636   1.636   0.000
  25 3352.1  11/2-  -3/2  31   -0.35    4.49    4.49    2.18    1.31      15.61   15.61   -0.00   -0.59      1.903   1.903  -0.000
  
  26 3433.3  13/2-   5/2  32    0.10   23.67   23.67    5.72    5.05      15.66   15.66    0.00   -3.18      1.909   1.909   0.000
  27 3888.8  13/2-  -7/2  33   -1.13    2.56    2.56   13.53    2.20      18.35   18.35    0.00   -0.54      2.237   2.237   0.000
  28 4841.6  13/2-  -3/2  31   -1.67    3.93    3.93    9.51    2.03      18.90   18.90    0.00   -0.52      2.304   2.304   0.000
  29 4855.4  13/2- -11/2  25   -4.22    3.13    3.13   23.48    3.56      14.36   14.36   -0.00   -0.90      1.750   1.750  -0.000
  30 5377.5   1/2-   1/2  38    0.50   15.90   15.90    0.25   -0.59      16.91   16.91    0.00   -5.60      2.061   2.061   0.000
  
  31 7510.2   1/2-   1/2  26    0.50   23.22   23.22    0.25   -3.44      26.70   26.70    0.00   -6.80      3.255   3.255   0.000
  32*******   1/2-  -3/2  31    0.00    0.00    0.00    0.00    0.00       0.00    0.00    0.00   -0.00      0.000   0.000   0.000
