1SPECTRUM OF (Z= 82 A=207) IN PARTICLE-ROTOR  MODEL WITH MODIFIED OSCILLATOR POTENTIAL


 PARITY=-   EPS= 0.254   GAMMA=  0.0   EPS4=0.000   EPS6=0.000   LEVELS:  25  26  27  28  29  30  31  32  33  34  35  36  37  38  39

 PAIRING FACTORS: GN0= 19.20  GN1=  7.40  IPAIR= 15 ***  E2PLUS(INPUT)=   0.730  E2PLUR(INPUT)=   0.000

 CORIOLIS ATTENUATION PARAMETERS:  CHSI=1.000  ETA=  1.00

 MOMENT OF INERTIA PARAMETERS:   A1=  0.122 MEV   A2=  0.122 MEV   A3=121.91924 MEV


 DELTA=0.938 MEV  LAMBDA=53.3893 MEV   HW0= 7.4679 MEV   LAMBDA/HW0= 7.1492

 E2ENERGY=0.730 MEV  HBAR**2/B=11962./A**(7/3)=2022.2/A**2 MEV

 IREC=0  =>  RECOIL TERMS j+j-, j+j+, jzjz, ETC TREATED AS ONE-BODY OPERATORS WITH UU+VV PAIRING FACTORS



 S. P. LEVEL   EQP       U     V        (UU + VV)**1.00

     25       4.130    0.114 0.993      1.000 1.000 1.000 0.989 0.988 0.983 0.968 0.755 0.586 0.461 0.407 0.397 0.324 0.289 0.232
     26       3.816    0.124 0.992      1.000 1.000 1.000 0.990 0.989 0.984 0.970 0.761 0.594 0.469 0.416 0.406 0.333 0.298 0.242
     27       3.269    0.145 0.989      1.000 1.000 1.000 0.993 0.992 0.988 0.975 0.775 0.611 0.488 0.435 0.425 0.353 0.319 0.262
     28       1.873    0.259 0.966      0.989 0.990 0.993 1.000 1.000 0.999 0.994 0.843 0.699 0.587 0.537 0.528 0.460 0.427 0.373
     29       1.814    0.269 0.963      0.988 0.989 0.992 1.000 1.000 1.000 0.995 0.848 0.706 0.594 0.545 0.536 0.468 0.435 0.382
     30       1.654    0.297 0.955      0.983 0.984 0.988 0.999 1.000 1.000 0.998 0.864 0.727 0.618 0.570 0.561 0.494 0.462 0.409
     31       1.396    0.360 0.933      0.968 0.970 0.975 0.994 0.995 0.998 1.000 0.895 0.771 0.669 0.624 0.615 0.551 0.520 0.469
     32       0.942    0.738 0.675      0.755 0.761 0.775 0.843 0.848 0.864 0.895 1.000 0.974 0.930 0.906 0.902 0.865 0.846 0.813
     33       1.099    0.872 0.490      0.586 0.594 0.611 0.699 0.706 0.727 0.771 0.974 1.000 0.989 0.979 0.976 0.956 0.945 0.924
     34       1.409    0.934 0.356      0.461 0.469 0.488 0.587 0.594 0.618 0.669 0.930 0.989 1.000 0.998 0.997 0.989 0.983 0.970
     35       1.640    0.954 0.300      0.407 0.416 0.435 0.537 0.545 0.570 0.624 0.906 0.979 0.998 1.000 1.000 0.996 0.992 0.983
     36       1.694    0.957 0.289      0.397 0.406 0.425 0.528 0.536 0.561 0.615 0.902 0.976 0.997 1.000 1.000 0.997 0.993 0.985
     37       2.249    0.977 0.214      0.324 0.333 0.353 0.460 0.468 0.494 0.551 0.865 0.956 0.989 0.996 0.997 1.000 0.999 0.995
     38       2.684    0.984 0.178      0.289 0.298 0.319 0.427 0.435 0.462 0.520 0.846 0.945 0.983 0.992 0.993 0.999 1.000 0.998
     39       3.947    0.993 0.120      0.232 0.242 0.262 0.373 0.382 0.409 0.469 0.813 0.924 0.970 0.983 0.985 0.995 0.998 1.000

  R CORE   ENERGY   A0R/A00=1.000    R3= 0     2  
   2( 1)    0.732                    1.000 0.000
   2( 2)  487.921                    0.000 1.000

  R CORE   ENERGY   A0R/A00=1.000    R3= 0     2  
   3( 1)  488.652                    0.000 1.000

  R CORE   ENERGY   A0R/A00=1.000    R3= 0     2     4  
   4( 1)    2.438                    1.000 0.000 0.000

  R CORE   ENERGY   A0R/A00=1.000    R3= 0     2     4  
   5( 1)  490.847                    0.000 1.000 0.000

  R CORE   ENERGY   A0R/A00=1.000    R3= 0     2     4     6  
   6( 1)    5.121                    1.000 0.000 0.000 0.000

  R CORE   ENERGY   A0R/A00=1.000    R3= 0     2     4     6  
   7( 1)  494.017                    0.000 1.000 0.000 0.000

          AXIAL SYMMETRY => K RESTRICTED TO OMEGA

                     K
     S.P. ORB#: 25  0.50
     S.P. ORB#: 26  2.50
     S.P. ORB#: 27 -3.50
     S.P. ORB#: 28 -3.50
     S.P. ORB#: 29  0.50
     S.P. ORB#: 30 -1.50
     S.P. ORB#: 31  4.50
     S.P. ORB#: 32  0.50
     S.P. ORB#: 33 -1.50
     S.P. ORB#: 34 -1.50
     S.P. ORB#: 35  2.50
     S.P. ORB#: 36  2.50
     S.P. ORB#: 37  0.50
     S.P. ORB#: 38 -3.50
     S.P. ORB#: 39  4.50
 

             ENERGY    K= OMEGA
 
 I=  1/2- (1)  2.544  25:-0.054
                      29:-0.070
                      37:-0.996
 
 I=  1/2- (2)  2.952  29: 0.997
                      37:-0.068
 
 I=  1/2- (3)  5.515  25: 0.998
                      37:-0.056
 
 I=  1/2- (4)  8.331  32:-1.000
 
 I=  1/2- (5)147.402  33: 1.000

             ENERGY    K= OMEGA
 
 I=  3/2- (1)  1.919  25: 0.058
                      29: 0.227
                      30: 0.122
                      34: 0.962
                      37:-0.073
 
 I=  3/2- (2)  2.779  25:-0.106
                      29: 0.151
                      30:-0.954
                      34: 0.107
                      37: 0.209

             ENERGY    K= OMEGA
 
 I=  5/2- (1)  2.096  25: 0.090
                      29:-0.202
                      30:-0.273
                      34: 0.473
                      35: 0.806
                      37:-0.061
 
 I=  5/2- (2)  2.582  29: 0.181
                      30:-0.272
                      34:-0.833
                      35: 0.433
                      37:-0.096
 
 I=  5/2- (3)  2.914  25:-0.224
                      29: 0.433
                      30: 0.595
                      35: 0.363
                      37: 0.525
 
 I=  5/2- (4)  3.459  25:-0.238
                      29: 0.195
                      30: 0.430
                      34: 0.055
                      35: 0.125
                      37:-0.838
 
 I=  5/2- (5)  4.262  25: 0.070
                      29:-0.806
                      30: 0.501
                      34:-0.276
                      35: 0.126
                      37: 0.051

             ENERGY    K= OMEGA
 
 I=  7/2- (1)  2.617  26: 0.223
                      27:-0.076
                      28:-0.963
                      30:-0.058
                      35:-0.117
 
 I=  7/2- (2)  2.744  28:-0.086
                      29:-0.241
                      30: 0.262
                      34:-0.553
                      35: 0.746
 
 I=  7/2- (3)  3.196  25: 0.229
                      28:-0.103
                      29: 0.404
                      30: 0.420
                      34: 0.611
                      35: 0.432
                      37:-0.194
 
 I=  7/2- (4)  3.229  32:-0.740
                      33:-0.570
                      36:-0.332
                      38:-0.130
 
 I=  7/2- (5)  4.229  25:-0.138
                      27: 0.067
                      29: 0.301
                      30:-0.791
                      34: 0.128
                      35: 0.458
                      37: 0.182

             ENERGY    K= OMEGA
 
 I=  9/2- (1)  2.187  26:-0.067
                      27: 0.239
                      28:-0.177
                      31:-0.952
 
 I=  9/2- (2)  3.322  25: 0.268
                      28:-0.100
                      29:-0.385
                      30:-0.501
                      34: 0.396
                      35: 0.574
                      37:-0.172
 
 I=  9/2- (3)  3.519  26:-0.308
                      27:-0.097
                      28:-0.919
                      29: 0.061
                      31: 0.171
                      34:-0.128
 
 I=  9/2- (4)  4.297  32: 0.224
                      33:-0.558
                      36: 0.623
                      38:-0.455
                      39: 0.209
 
 I=  9/2- (5)  4.359  25:-0.239
                      28:-0.075
                      29: 0.149
                      30: 0.476
                      34: 0.655
                      35: 0.285
                      37: 0.419

             ENERGY    K= OMEGA
 
 I= 11/2- (1)  2.229  32:-0.676
                      33:-0.566
                      36:-0.400
                      38:-0.231
                      39:-0.096
 
 I= 11/2- (2)  3.181  26:-0.112
                      27:-0.319
                      28: 0.245
                      31:-0.908
 
 I= 11/2- (3)  4.633  25:-0.059
                      26: 0.347
                      27:-0.135
                      28:-0.860
                      30:-0.155
                      31:-0.221
                      35:-0.205
 
 I= 11/2- (4)  4.695  26: 0.087
                      28:-0.116
                      29:-0.333
                      30: 0.319
                      31:-0.090
                      34:-0.575
                      35: 0.653
 
 I= 11/2- (5)  5.148  25:-0.349
                      28: 0.209
                      29:-0.476
                      30:-0.498
                      31: 0.057
                      34:-0.426
                      35:-0.345
                      37: 0.232

             ENERGY    K= OMEGA
 
 I= 13/2- (1)  4.004  32: 0.192
                      33:-0.501
                      36: 0.611
                      38:-0.511
                      39: 0.280
 
 I= 13/2- (2)  4.395  26:-0.151
                      27: 0.369
                      28:-0.291
                      31:-0.868
 
 I= 13/2- (3)  5.290  25:-0.384
                      28: 0.054
                      29: 0.458
                      30: 0.561
                      34:-0.316
                      35:-0.424
                      37: 0.209
 
 I= 13/2- (4)  6.010  26:-0.394
                      27:-0.159
                      28:-0.845
                      29: 0.052
                      31: 0.288
                      34:-0.129
 
 I= 13/2- (5)  6.979  25:-0.242
                      27:-0.057
                      28:-0.088
                      29: 0.140
                      30: 0.316
                      34: 0.620
                      35: 0.509
                      37: 0.404

             ENERGY     K= 9/2
  32 LEVELS    TIME=  0.0 SEC



 ******************* EXCITATION ENERGIES, DOMINANT CONFIGURATION AND EXPECTATION VALUES (WITH S.P. UU+VV FACTORS) *******************

  NR  Eex(keV)  I   Kdom  NY    <Jz>  <Jx**2> <Jy**2> <Jz**2> <I.j>/|I|  <Rx**2> <Ry**2> <Rz**2> <R.j>/|R|  <HROTx> <HROTy> <HROTz>

   1    0.0   3/2-  -3/2  34   -1.38    1.73    1.73    2.13    1.41       1.93    1.93    0.00   -1.45      0.236   0.236   0.000
   2  177.5   5/2-   5/2  35    1.20    2.19    2.19    4.74    2.36       1.96    1.96   -0.00   -1.08      0.239   0.239  -0.000
   3  268.6   9/2-   9/2  31    3.78    2.61    2.61   19.47    4.43       2.70    2.70    0.00   -1.15      0.329   0.329   0.000
   4  310.9  11/2-   1/2  32    0.00   26.31   26.31    2.67    6.93       4.09    4.09    0.00   -4.85      0.498   0.498   0.000
   5  625.1   1/2-   1/2  37    0.50    1.42    1.42    0.25    0.84       1.20    1.20    0.00   -1.53      0.146   0.146   0.000
  
   6  663.6   5/2-  -3/2  34   -0.66    1.73    1.73    2.92    1.05       4.45    4.45    0.00   -1.09      0.542   0.542   0.000
   7  698.4   7/2-  -7/2  28   -3.11    2.31    2.31   11.83    3.39       2.64    2.64    0.00   -1.30      0.321   0.321   0.000
   8  825.4   7/2-   5/2  35    0.83    2.19    2.19    4.45    1.90       4.74    4.74   -0.00   -0.41      0.577   0.577  -0.000
   9  860.7   3/2-  -3/2  30   -1.34    4.36    4.36    2.09    1.49       4.39    4.39   -0.00   -2.67      0.535   0.535  -0.000
  10  995.5   5/2-  -3/2  30    0.06    3.68    3.68    1.75    1.71       3.87    3.87   -0.00   -1.46      0.472   0.472  -0.000
  
  11 1033.1   1/2-   1/2  29    0.50    4.39    4.39    0.25    0.28       4.64    4.64    0.00   -2.88      0.566   0.566   0.000
  12 1262.6  11/2-   9/2  31    3.17    2.88    2.88   18.75    3.99       6.30    6.30    0.00   -0.19      0.768   0.768   0.000
  13 1277.0   7/2-  -3/2  34   -0.27    2.40    2.40    2.60    1.41       5.96    5.96   -0.00   -0.52      0.727   0.727  -0.000
  14 1310.4   7/2-   1/2  32    0.00   26.46   26.46    1.76    6.68       8.71    8.71   -0.00   -6.75      1.062   1.062  -0.000
  15 1403.6   9/2-   5/2  35    0.30    3.51    3.51    3.19    2.29       6.10    6.10    0.00    0.34      0.744   0.744   0.000
  
  16 1540.5   5/2-   1/2  37    0.16    2.05    2.05    0.72    0.57       5.09    5.09   -0.00   -0.98      0.621   0.621  -0.000
  17 1600.3   9/2-  -7/2  28   -2.65    2.47    2.47   11.69    2.95       6.02    6.02    0.00   -0.57      0.734   0.734   0.000
  18 2085.4  13/2-   5/2  36    0.02   25.34   25.34    7.69    6.46       8.42    8.42    0.00   -3.22      1.026   1.026   0.000
  19 2310.5   7/2-  -3/2  30   -0.38    3.91    3.91    2.85    0.75      10.22   10.22   -0.00   -1.70      1.246   1.246  -0.000
  20 2342.9   5/2-   1/2  29   -0.12    4.32    4.32    1.00   -0.37      10.29   10.29    0.00   -2.37      1.254   1.254   0.000
  
  21 2378.0   9/2-   5/2  36    0.00   25.66   25.66    6.56    6.23      10.34   10.34    0.00   -5.92      1.261   1.261   0.000
  22 2440.4   9/2-  -3/2  34   -0.67    2.46    2.46    2.15    1.09      10.47   10.47    0.00   -0.36      1.277   1.277   0.000
  23 2476.6  13/2-   9/2  31    2.68    3.11    3.11   18.11    3.68      10.86   10.86    0.00    0.29      1.324   1.324   0.000
  24 2714.4  11/2-  -7/2  28   -2.06    2.56    2.56   11.34    2.63      10.38   10.38    0.00   -0.16      1.266   1.266   0.000
  25 2776.0  11/2-   5/2  35    0.48    2.48    2.48    4.04    1.62      12.68   12.68   -0.00    0.14      1.546   1.546  -0.000
  
  26 3229.0  11/2-  -3/2  30   -0.28    3.02    3.02    2.43    1.53      12.95   12.95   -0.00    0.14      1.579   1.579  -0.000
  27 3371.5  13/2-  -3/2  30    0.02    4.31    4.31    2.23    2.37      13.28   13.28   -0.00    1.10      1.619   1.619  -0.000
  28 3596.4   1/2-   1/2  25    0.50    5.82    5.82    0.25    0.69       5.72    5.72    0.00   -3.34      0.697   0.697   0.000
  29 4091.7  13/2-  -7/2  28   -1.85    2.65    2.65   11.77    2.45      15.78   15.78    0.00    0.01      1.924   1.924   0.000
  30 5060.4  13/2-  -3/2  34    0.02    2.24    2.24    2.95    0.99      21.19   21.19    0.00   -0.08      2.584   2.584   0.000
  
  31 6412.0   1/2-   1/2  32    0.50   26.46   26.46    0.25   -3.86      30.30   30.30    0.00   -7.26      3.694   3.694   0.000
  32*******   1/2-  -3/2  33    0.00    0.00    0.00    0.00   -0.00       0.00    0.00    0.00   -0.00      0.000   0.000   0.000
