1SPECTRUM OF (Z= 82 A=207) IN PARTICLE-ROTOR  MODEL WITH MODIFIED OSCILLATOR POTENTIAL


 PARITY=-   EPS= 0.319   GAMMA=  0.0   EPS4=0.000   EPS6=0.000   LEVELS:  26  27  28  29  30  31  32  33  34  35  36  37  38  39  40

 PAIRING FACTORS: GN0= 19.20  GN1=  7.40  IPAIR= 15 ***  E2PLUS(INPUT)=   0.730  E2PLUR(INPUT)=   0.000

 CORIOLIS ATTENUATION PARAMETERS:  CHSI=1.000  ETA=  1.00

 MOMENT OF INERTIA PARAMETERS:   A1=  0.122 MEV   A2=  0.122 MEV   A3=121.91922 MEV


 DELTA=0.934 MEV  LAMBDA=53.3012 MEV   HW0= 7.5029 MEV   LAMBDA/HW0= 7.1041

 E2ENERGY=0.730 MEV  HBAR**2/B=18868./A**(7/3)=3189.7/A**2 MEV

 IREC=0  =>  RECOIL TERMS j+j-, j+j+, jzjz, ETC TREATED AS ONE-BODY OPERATORS WITH UU+VV PAIRING FACTORS



 S. P. LEVEL   EQP       U     V        (UU + VV)**1.00

     26       3.254    0.145 0.989      1.000 1.000 0.981 0.975 0.962 0.924 0.906 0.774 0.551 0.344 0.334 0.322 0.305 0.286 0.257
     27       2.698    0.176 0.984      1.000 1.000 0.986 0.981 0.970 0.936 0.919 0.793 0.577 0.373 0.364 0.352 0.335 0.316 0.287
     28       1.478    0.335 0.942      0.981 0.986 1.000 1.000 0.997 0.981 0.971 0.882 0.704 0.520 0.512 0.501 0.485 0.468 0.441
     29       1.386    0.361 0.932      0.975 0.981 1.000 1.000 0.999 0.986 0.977 0.895 0.723 0.544 0.535 0.525 0.509 0.492 0.466
     30       1.248    0.410 0.912      0.962 0.970 0.997 0.999 1.000 0.993 0.987 0.917 0.758 0.587 0.579 0.569 0.554 0.537 0.512
     31       1.062    0.511 0.859      0.924 0.936 0.981 0.986 0.993 1.000 0.999 0.957 0.828 0.676 0.669 0.659 0.645 0.630 0.606
     32       1.016    0.550 0.835      0.906 0.919 0.971 0.977 0.987 0.999 1.000 0.969 0.852 0.709 0.702 0.692 0.679 0.665 0.642
     33       0.938    0.739 0.674      0.774 0.793 0.882 0.895 0.917 0.957 0.969 1.000 0.955 0.861 0.856 0.849 0.839 0.829 0.811
     34       1.214    0.905 0.424      0.551 0.577 0.704 0.723 0.758 0.828 0.852 0.955 1.000 0.973 0.971 0.967 0.963 0.957 0.948
     35       2.340    0.979 0.204      0.344 0.373 0.520 0.544 0.587 0.676 0.709 0.861 0.973 1.000 1.000 1.000 0.999 0.998 0.996
     36       2.451    0.981 0.194      0.334 0.364 0.512 0.535 0.579 0.669 0.702 0.856 0.971 1.000 1.000 1.000 1.000 0.999 0.997
     37       2.615    0.983 0.182      0.322 0.352 0.501 0.525 0.569 0.659 0.692 0.849 0.967 1.000 1.000 1.000 1.000 0.999 0.998
     38       2.889    0.986 0.164      0.305 0.335 0.485 0.509 0.554 0.645 0.679 0.839 0.963 0.999 1.000 1.000 1.000 1.000 0.999
     39       3.268    0.990 0.144      0.286 0.316 0.468 0.492 0.537 0.630 0.665 0.829 0.957 0.998 0.999 0.999 1.000 1.000 1.000
     40       4.109    0.993 0.114      0.257 0.287 0.441 0.466 0.512 0.606 0.642 0.811 0.948 0.996 0.997 0.998 0.999 1.000 1.000

  R CORE   ENERGY   A0R/A00=1.000    R3= 0     2  
   2( 1)    0.732                    1.000 0.000
   2( 2)  487.921                    0.000 1.000

  R CORE   ENERGY   A0R/A00=1.000    R3= 0     2  
   3( 1)  488.652                    0.000 1.000

  R CORE   ENERGY   A0R/A00=1.000    R3= 0     2     4  
   4( 1)    2.438                    1.000 0.000 0.000

  R CORE   ENERGY   A0R/A00=1.000    R3= 0     2     4  
   5( 1)  490.847                    0.000 1.000 0.000

  R CORE   ENERGY   A0R/A00=1.000    R3= 0     2     4     6  
   6( 1)    5.121                    1.000 0.000 0.000 0.000

  R CORE   ENERGY   A0R/A00=1.000    R3= 0     2     4     6  
   7( 1)  494.017                    0.000 1.000 0.000 0.000

          AXIAL SYMMETRY => K RESTRICTED TO OMEGA

                     K
     S.P. ORB#: 26  2.50
     S.P. ORB#: 27 -3.50
     S.P. ORB#: 28  0.50
     S.P. ORB#: 29  0.50
     S.P. ORB#: 30 -1.50
     S.P. ORB#: 31 -3.50
     S.P. ORB#: 32 -1.50
     S.P. ORB#: 33  4.50
     S.P. ORB#: 34  2.50
     S.P. ORB#: 35 -1.50
     S.P. ORB#: 36 -3.50
     S.P. ORB#: 37  2.50
     S.P. ORB#: 38  0.50
     S.P. ORB#: 39  0.50
     S.P. ORB#: 40  4.50
 

             ENERGY    K= OMEGA
 
 I=  1/2- (1)  2.610  29: 0.999
                      39: 0.053
 
 I=  1/2- (2)  3.612  29: 0.053
                      39:-0.999
 
 I=  1/2- (3)  6.103  28: 0.471
                      38:-0.882
 
 I=  1/2- (4)  8.783  28: 0.882
                      38: 0.471
 
 I=  1/2- (5)147.319  32:-1.000

             ENERGY    K= OMEGA
 
 I=  3/2- (1)  2.485  29: 0.391
                      30:-0.919
 
 I=  3/2- (2)  2.647  29: 0.662
                      30: 0.283
                      35: 0.677
                      39:-0.156
 
 I=  3/2- (3)  3.206  29: 0.611
                      30: 0.246
                      35:-0.736
                      39:-0.156
 
 I=  3/2- (4)  4.343  29: 0.188
                      30: 0.120
                      39: 0.975
 
 I=  3/2- (5)  4.857  28: 0.767
                      32: 0.374
                      38:-0.522

             ENERGY    K= OMEGA
 
 I=  5/2- (1)  2.731  29:-0.383
                      30:-0.726
                      35: 0.215
                      37: 0.498
                      39:-0.180
 
 I=  5/2- (2)  3.246  26:-0.066
                      29: 0.423
                      30:-0.457
                      35:-0.775
                      39:-0.075
 
 I=  5/2- (3)  3.442  29: 0.500
                      30: 0.248
                      35: 0.068
                      37: 0.797
                      39: 0.221
 
 I=  5/2- (4)  4.158  29:-0.566
                      30: 0.435
                      35:-0.551
                      37: 0.341
                      39:-0.264
 
 I=  5/2- (5)  4.531  26:-0.059
                      29:-0.323
                      30:-0.113
                      35:-0.193
                      39: 0.918

             ENERGY    K= OMEGA
 
 I=  7/2- (1)  1.850  26:-0.201
                      27: 0.054
                      31: 0.978
 
 I=  7/2- (2)  3.319  29: 0.458
                      30:-0.624
                      35: 0.344
                      37:-0.529
 
 I=  7/2- (3)  3.390  28:-0.725
                      32:-0.579
                      34:-0.345
                      36:-0.142
 
 I=  7/2- (4)  3.860  26: 0.060
                      29:-0.546
                      30:-0.499
                      35:-0.568
                      37:-0.251
                      39: 0.249
 
 I=  7/2- (5)  4.335  26: 0.127
                      27: 0.361
                      29: 0.435
                      30:-0.413
                      35:-0.321
                      37: 0.625

             ENERGY    K= OMEGA
 
 I=  9/2- (1)  1.809  26:-0.069
                      27: 0.203
                      31:-0.215
                      33:-0.953
 
 I=  9/2- (2)  2.791  26: 0.275
                      27: 0.090
                      31: 0.932
                      33:-0.211
 
 I=  9/2- (3)  4.083  29: 0.419
                      30: 0.646
                      35:-0.303
                      37:-0.505
                      39: 0.237
 
 I=  9/2- (4)  4.341  28: 0.206
                      32:-0.529
                      34: 0.633
                      36:-0.480
                      40: 0.216
 
 I=  9/2- (5)  5.066  26:-0.099
                      27: 0.054
                      29: 0.368
                      30:-0.492
                      31: 0.060
                      35:-0.758
                      37: 0.053
                      39:-0.170

             ENERGY    K= OMEGA
 
 I= 11/2- (1)  2.619  28: 0.660
                      32: 0.567
                      34: 0.407
                      36: 0.250
                      38: 0.054
                      40: 0.107
 
 I= 11/2- (2)  2.880  26:-0.118
                      27:-0.275
                      31: 0.299
                      33:-0.906
 
 I= 11/2- (3)  3.962  26:-0.323
                      27: 0.128
                      31: 0.887
                      33: 0.296
                      37: 0.057
 
 I= 11/2- (4)  5.210  29:-0.484
                      30: 0.572
                      35:-0.402
                      37: 0.521
 
 I= 11/2- (5)  5.718  28: 0.489
                      32: 0.097
                      34:-0.430
                      36:-0.623
                      40:-0.420

             ENERGY    K= OMEGA
 
 I= 13/2- (1)  4.169  26:-0.162
                      27: 0.321
                      31:-0.355
                      33:-0.863
 
 I= 13/2- (2)  4.259  28:-0.175
                      32: 0.465
                      34:-0.611
                      36: 0.539
                      40:-0.297
 
 I= 13/2- (3)  5.367  26: 0.354
                      27: 0.164
                      30: 0.067
                      31: 0.844
                      33:-0.353
                      37:-0.073
 
 I= 13/2- (4)  6.427  29: 0.437
                      30: 0.616
                      31:-0.064
                      35:-0.328
                      37:-0.487
                      39: 0.278
 
 I= 13/2- (5)  7.857  26:-0.099
                      27: 0.066
                      29: 0.291
                      30:-0.482
                      31: 0.097
                      35:-0.757
                      39:-0.294

             ENERGY     K= 9/2
  35 LEVELS    TIME=  0.0 SEC



 ******************* EXCITATION ENERGIES, DOMINANT CONFIGURATION AND EXPECTATION VALUES (WITH S.P. UU+VV FACTORS) *******************

  NR  Eex(keV)  I   Kdom  NY    <Jz>  <Jx**2> <Jy**2> <Jz**2> <I.j>/|I|  <Rx**2> <Ry**2> <Rz**2> <R.j>/|R|  <HROTx> <HROTy> <HROTz>

   1    0.0   9/2-   9/2  33    3.79    2.55    2.55   19.48    4.31       3.21    3.21    0.00   -1.23      0.391   0.391   0.000
   2   40.2   7/2-  -7/2  31   -3.25    2.31    2.31   12.00    3.36       2.84    2.84    0.00   -1.38      0.346   0.346   0.000
   3  675.8   3/2-  -3/2  30   -1.19    4.67    4.67    1.94    1.31       4.97    4.97    0.00   -2.77      0.607   0.607   0.000
   4  800.6   1/2-   1/2  29    0.50    4.68    4.68    0.25    0.20       5.00    5.00    0.00   -2.98      0.610   0.610   0.000
   5  809.9  11/2-   1/2  28   -0.02   24.72   24.72    2.87    6.51       5.08    5.08    0.00   -4.19      0.620   0.620   0.000
  
   6  837.9   3/2-  -3/2  35   -0.58    3.05    3.05    1.33    1.21       3.24    3.24    0.00   -2.00      0.395   0.395   0.000
   7  921.3   5/2-  -3/2  30   -0.15    3.87    3.87    2.89    1.88       4.13    4.13    0.00   -1.76      0.504   0.504   0.000
   8  981.1   9/2-  -7/2  31   -2.67    2.42    2.42   12.13    2.91       6.36    6.36    0.00   -0.69      0.775   0.775   0.000
   9 1070.7  11/2-   9/2  33    3.15    2.78    2.78   18.73    3.81       7.24    7.24    0.00   -0.40      0.883   0.883   0.000
  10 1397.0   3/2-  -3/2  35   -0.70    3.12    3.12    1.45    0.28       5.19    5.19    0.00   -2.22      0.633   0.633   0.000
  
  11 1436.7   5/2-  -3/2  35   -1.11    2.59    2.59    1.90    0.88       5.31    5.31    0.00   -1.37      0.647   0.647   0.000
  12 1509.7   7/2-  -3/2  30    0.03    3.69    3.69    2.97    1.71       6.27    6.27    0.00   -1.01      0.764   0.764   0.000
  13 1580.5   7/2-   1/2  28   -0.01   24.33   24.33    1.87    6.20       8.52    8.52    0.00   -6.28      1.039   1.039   0.000
  14 1632.7   5/2-   5/2  37    1.64    2.69    2.69    4.19    1.45       4.87    4.87    0.00   -1.69      0.594   0.594   0.000
  15 1803.0   1/2-   1/2  39    0.50    1.55    1.55    0.25    0.70       1.44    1.44    0.00   -1.61      0.175   0.175   0.000
  
  16 2050.7   7/2-  -3/2  35   -0.52    3.06    3.06    1.81    0.92       8.20    8.20    0.00   -1.06      1.000   1.000   0.000
  17 2152.5  11/2-  -7/2  31   -2.15    2.51    2.51   12.28    2.62      10.87   10.87    0.00   -0.35      1.325   1.325   0.000
  18 2273.9   9/2-  -3/2  30   -0.02    3.68    3.68    2.85    1.66       9.21    9.21    0.00   -0.45      1.123   1.123   0.000
  19 2348.7   5/2-   1/2  29   -0.25    3.49    3.49    1.94   -0.11       9.15    9.15    0.00   -2.16      1.116   1.116   0.000
  20 2359.8  13/2-   9/2  33    2.61    2.98    2.98   18.04    3.46      12.19   12.19    0.00    0.04      1.486   1.486   0.000
  
  21 2449.8  13/2-   5/2  34    0.01   24.29   24.29    8.18    6.11      10.10   10.10    0.00   -3.14      1.231   1.231   0.000
  22 2525.4   7/2-   5/2  37    0.24    3.34    3.34    4.80    1.16       8.99    8.99    0.00   -1.62      1.097   1.097   0.000
  23 2531.3   9/2-   5/2  34    0.01   24.55   24.55    6.91    5.85      11.28   11.28   -0.00   -5.67      1.375   1.375  -0.000
  24 2533.9   3/2-   1/2  39    0.47    1.79    1.79    0.28   -0.52       4.80    4.80    0.00   -1.57      0.586   0.586   0.000
  25 2721.8   5/2-   1/2  39    0.41    1.81    1.81    0.37    0.04       6.23    6.23    0.00   -1.09      0.760   0.760   0.000
  
  26 3047.1   3/2-   1/2  28    0.22   17.97   17.97    0.53    3.91      12.54   12.54    0.00   -5.77      1.529   1.529   0.000
  27 3256.5   9/2-  -3/2  35   -1.13    2.56    2.56    2.04    0.66      12.66   12.66    0.00   -0.77      1.543   1.543   0.000
  28 3400.7  11/2-  -3/2  30    0.06    3.59    3.59    2.93    1.52      13.86   13.86    0.00   -0.20      1.689   1.689   0.000
  29 3557.6  13/2-  -7/2  31   -1.71    2.60    2.60   12.41    2.41      16.37   16.37    0.00   -0.14      1.996   1.996   0.000
  30 3908.9  11/2-  -7/2  36    0.01   23.27   23.27    9.57    5.32      14.14   14.14    0.00   -4.57      1.724   1.724   0.000
  
  31 4293.8   1/2-   1/2  38    0.50   12.51   12.51    0.25   -1.68      14.47   14.47    0.00   -4.97      1.764   1.764   0.000
  32 4617.4  13/2-  -3/2  30   -0.01    3.63    3.63    2.76    1.53      18.67   18.67    0.00    0.11      2.277   2.277   0.000
  33 6047.6  13/2-  -3/2  35   -1.14    2.37    2.37    2.09    0.59      23.67   23.67    0.00   -0.40      2.886   2.886   0.000
  34 6973.3   1/2-   1/2  28    0.50   25.09   25.09    0.25   -3.56      28.68   28.68   -0.00   -7.07      3.496   3.496  -0.000
  35*******   1/2-  -3/2  32    0.00    0.00    0.00    0.00    0.00       0.00    0.00    0.00   -0.00      0.000   0.000   0.000
  
