1SPECTRUM OF (Z= 82 A=207) IN PARTICLE-ROTOR  MODEL WITH MODIFIED OSCILLATOR POTENTIAL


 PARITY=-   EPS= 0.436   GAMMA=  5.3   EPS4=0.000   EPS6=0.000   LEVELS:  26  27  28  29  30  31  32  33  34  35  36  37  38  39  40

 PAIRING FACTORS: GN0= 19.20  GN1=  7.40  IPAIR= 15 ***  E2PLUS(INPUT)=   0.730  E2PLUR(INPUT)=   0.000

 CORIOLIS ATTENUATION PARAMETERS:  CHSI=1.000  ETA=  1.00

 MOMENT OF INERTIA PARAMETERS:   A1=  0.135 MEV   A2=  0.109 MEV   A3= 10.53735 MEV


 DELTA=0.823 MEV  LAMBDA=53.5045 MEV   HW0= 7.5904 MEV   LAMBDA/HW0= 7.0490

 E2ENERGY=0.730 MEV  HBAR**2/B=34579./A**(7/3)=5845.5/A**2 MEV

 IREC=0  =>  RECOIL TERMS j+j-, j+j+, jzjz, ETC TREATED AS ONE-BODY OPERATORS WITH UU+VV PAIRING FACTORS



 S. P. LEVEL   EQP       U     V        (UU + VV)**1.00

     26       3.096    0.134 0.991      1.000 1.000 0.999 0.996 0.957 0.919 0.716 0.644 0.410 0.371 0.337 0.294 0.261 0.241 0.232
     27       2.690    0.155 0.988      1.000 1.000 1.000 0.998 0.963 0.927 0.730 0.660 0.429 0.391 0.356 0.314 0.281 0.261 0.253
     28       2.431    0.172 0.985      0.999 1.000 1.000 0.999 0.967 0.933 0.742 0.673 0.444 0.407 0.372 0.330 0.297 0.278 0.269
     29       1.894    0.223 0.975      0.996 0.998 0.999 1.000 0.979 0.951 0.776 0.710 0.490 0.454 0.420 0.379 0.347 0.327 0.319
     30       1.088    0.416 0.909      0.957 0.963 0.967 0.979 1.000 0.994 0.888 0.838 0.657 0.625 0.595 0.559 0.530 0.512 0.505
     31       0.933    0.514 0.858      0.919 0.927 0.933 0.951 0.994 1.000 0.933 0.894 0.736 0.707 0.681 0.647 0.620 0.604 0.597
     32       0.848    0.788 0.616      0.716 0.730 0.742 0.776 0.888 0.933 1.000 0.995 0.930 0.914 0.899 0.878 0.861 0.850 0.846
     33       0.909    0.844 0.536      0.644 0.660 0.673 0.710 0.838 0.894 0.995 1.000 0.962 0.949 0.937 0.920 0.906 0.898 0.894
     34       1.511    0.959 0.284      0.410 0.429 0.444 0.490 0.657 0.736 0.930 0.962 1.000 0.999 0.997 0.992 0.987 0.984 0.982
     35       1.741    0.970 0.244      0.371 0.391 0.407 0.454 0.625 0.707 0.914 0.949 0.999 1.000 0.999 0.997 0.993 0.991 0.989
     36       2.029    0.978 0.207      0.337 0.356 0.372 0.420 0.595 0.681 0.899 0.937 0.997 0.999 1.000 0.999 0.997 0.995 0.994
     37       2.559    0.987 0.163      0.294 0.314 0.330 0.379 0.559 0.647 0.878 0.920 0.992 0.997 0.999 1.000 0.999 0.999 0.998
     38       3.218    0.992 0.129      0.261 0.281 0.297 0.347 0.530 0.620 0.861 0.906 0.987 0.993 0.997 0.999 1.000 1.000 1.000
     39       3.808    0.994 0.109      0.241 0.261 0.278 0.327 0.512 0.604 0.850 0.898 0.984 0.991 0.995 0.999 1.000 1.000 1.000
     40       4.144    0.995 0.100      0.232 0.253 0.269 0.319 0.505 0.597 0.846 0.894 0.982 0.989 0.994 0.998 1.000 1.000 1.000

  R CORE   ENERGY   A0R/A00=1.000    R3= 0     2  
   2( 1)    0.730                    1.000-0.001
   2( 2)   42.393                    0.001 1.000

  R CORE   ENERGY   A0R/A00=1.000    R3= 0     2  
   3( 1)   43.123                    0.000 1.000

  R CORE   ENERGY   A0R/A00=1.000    R3= 0     2     4  
   4( 1)    2.433                    1.000-0.004 0.000

  R CORE   ENERGY   A0R/A00=1.000    R3= 0     2     4  
   5( 1)   45.313                    0.000 1.000-0.001

  R CORE   ENERGY   A0R/A00=1.000    R3= 0     2     4     6  
   6( 1)    5.107                    1.000-0.009 0.000-0.000

  R CORE   ENERGY   A0R/A00=1.000    R3= 0     2     4     6  
   7( 1)   48.476                    0.000 1.000-0.002 0.000
 

             ENERGY     K= 1/2
 
 I=  1/2- (1)  4.180  30:-0.122
                      32:-0.887
                      37:-0.419
                      38: 0.141
 
 I=  1/2- (2)  4.904  28: 0.174
                      29: 0.062
                      31:-0.773
                      33: 0.606
 
 I=  1/2- (3)  7.222  30: 0.100
                      32: 0.431
                      37:-0.824
                      38: 0.353
 
 I=  1/2- (4) 36.473  34:-0.151
                      36:-0.083
                      39: 0.985
 
 I=  1/2- (5) 43.447  28:-0.282
                      29:-0.158
                      31: 0.535
                      33: 0.780

             ENERGY     K= 1/2  -3/2
 
 I=  3/2- (1)  4.338  30: 0.150 0.001
                      32: 0.951 0.006
                      37:-0.050-0.096
                      38: 0.050-0.232
 
 I=  3/2- (2)  4.930  28: 0.107-0.040
                      29: 0.038-0.138
                      31:-0.477 0.471
                      33: 0.374 0.613

             ENERGY     K= 5/2   1/2  -3/2
 
 I=  5/2- (1)  4.206  27:-0.000-0.034 0.057
                      30: 0.052 0.104-0.001
                      32:-0.008 0.792-0.005
                      37: 0.001 0.500 0.103
                      38:-0.000-0.177 0.246
 
 I=  5/2- (2)  4.954  28: 0.974-0.007-0.007
                      31: 0.155 0.027 0.083
                      33:-0.078-0.021 0.108
 
 I=  5/2- (3)  5.522  28:-0.135-0.088-0.043
                      29: 0.005-0.031-0.149
                      31:-0.021 0.391 0.509
                      33: 0.011-0.308 0.664
 
 I=  5/2- (4)  6.115  28: 0.040-0.150 0.026
                      29:-0.002-0.054 0.089
                      31: 0.005 0.667-0.304
                      33:-0.002-0.521-0.394
 
 I=  5/2- (5)  6.580  27: 0.003-0.004-0.506
                      30:-0.841-0.007-0.004
                      32: 0.136 0.003-0.024
                      37:-0.028 0.112 0.012

             ENERGY     K= 5/2   1/2  -3/2  -7/2
 
 I=  7/2- (1)  3.684  28:-0.186 0.001-0.000 0.000
                      34: 0.000 0.000 0.001-0.979
                      39: 0.000 0.000 0.000-0.067
 
 I=  7/2- (2)  4.308  28:-0.131 0.000-0.000 0.022
                      29: 0.005 0.000-0.003 0.973
                      31:-0.021-0.001 0.005 0.148
                      33: 0.010 0.001 0.007 0.101
 
 I=  7/2- (3)  4.446  27:-0.001-0.038-0.171-0.001
                      30: 0.176 0.141 0.001 0.000
                      32:-0.029 0.853 0.003 0.000
                      35: 0.000-0.002-0.045-0.068
                      37: 0.006-0.201-0.138 0.006
                      38:-0.002 0.108-0.334 0.008
 
 I=  7/2- (4)  5.883  28:-0.898 0.032-0.015-0.003
                      29: 0.036 0.011-0.051-0.131
                      31:-0.143-0.133 0.179-0.022
                      33: 0.072 0.104 0.233-0.017
                      34: 0.000 0.001 0.004 0.175
 
 I=  7/2- (5)  6.039  27: 0.003-0.016 0.412 0.007
                      30:-0.710 0.032 0.004-0.000
                      32: 0.116 0.208 0.023-0.001
                      35:-0.001-0.000-0.018 0.497
                      38: 0.009 0.023-0.100-0.057

             ENERGY     K= 9/2   5/2   1/2  -3/2  -7/2
 
 I=  9/2- (1)  4.051  28:-0.000-0.101 0.000 0.000-0.007
                      29: 0.000 0.004 0.000 0.002-0.309
                      34: 0.003 0.000-0.000-0.001 0.306
                      36: 0.892-0.001-0.000 0.000-0.002
 
 I=  9/2- (2)  4.761  28: 0.001 0.238-0.001-0.001-0.003
                      29:-0.000-0.010-0.000-0.002-0.121
                      34: 0.001-0.000 0.000 0.002-0.912
                      36: 0.300-0.001 0.000-0.000 0.006
                      39: 0.007-0.001-0.000 0.001-0.062
 
 I=  9/2- (3)  4.919  27: 0.000 0.001 0.027-0.206-0.003
                      30:-0.001-0.275-0.091 0.001 0.000
                      32: 0.000 0.046-0.697 0.001 0.000
                      35: 0.000-0.000-0.020-0.039-0.178
                      37: 0.000-0.007-0.463-0.123 0.015
                      38:-0.000 0.003 0.165-0.297 0.021
                      40:-0.075 0.001-0.001-0.000-0.000
 
 I=  9/2- (4)  5.525  28: 0.000 0.202-0.001-0.001 0.020
                      29:-0.000-0.008-0.000-0.006 0.903
                      31:-0.000 0.032 0.002 0.011 0.138
                      33: 0.000-0.016-0.002 0.014 0.094
                      36: 0.334-0.003 0.000-0.000-0.000
 
 I=  9/2- (5)  5.724  27: 0.000 0.002-0.015-0.341-0.008
                      30:-0.003-0.587 0.029-0.003 0.000
                      32: 0.000 0.097 0.265-0.019 0.002
                      35: 0.000-0.001 0.010 0.015-0.545
                      37: 0.001-0.019 0.255 0.040 0.044
                      38:-0.000 0.008-0.095 0.092 0.062
                      40:-0.267 0.006 0.001 0.000-0.000

             ENERGY     K= 9/2   5/2   1/2  -3/2  -7/2 -11/2
 
 I= 11/2- (1)  4.723  26:-0.000-0.000 0.000-0.000-0.002 0.994
                      36:-0.092 0.000 0.000 0.000-0.000-0.000
 
 I= 11/2- (2)  5.024  27:-0.000-0.002-0.023-0.330-0.005-0.000
                      30: 0.002 0.424 0.109-0.000 0.000 0.000
                      32:-0.000-0.071 0.643-0.007 0.001 0.000
                      35:-0.000 0.000-0.003-0.038-0.315-0.001
                      37:-0.000 0.014-0.202-0.120 0.026 0.000
                      38: 0.000-0.006 0.101-0.294 0.037 0.000
                      40: 0.161-0.001 0.001-0.000-0.000-0.000
 
 I= 11/2- (3)  5.169  26: 0.000-0.000 0.000-0.000-0.001-0.099
                      28: 0.001 0.147-0.001 0.001-0.008-0.000
                      29:-0.000-0.006-0.000 0.003-0.380-0.004
                      31: 0.000 0.023 0.001-0.005-0.061-0.000
                      34:-0.002-0.000 0.000-0.001 0.365-0.004
                      36:-0.827 0.002 0.000 0.000-0.002 0.000
 
 I= 11/2- (4)  6.060  28: 0.001 0.276-0.002 0.001 0.005 0.000
                      29:-0.000-0.011-0.000 0.003 0.192 0.001
                      34: 0.001-0.000-0.000-0.003 0.871-0.002
                      36: 0.345-0.001 0.000 0.000-0.006 0.000
                      39: 0.009-0.001-0.000-0.001 0.059-0.000
 
 I= 11/2- (5)  6.114  27: 0.000 0.002-0.030 0.196 0.008 0.000
                      30:-0.004-0.431 0.088 0.003-0.000-0.000
                      32: 0.001 0.071 0.526 0.017-0.002-0.000
                      35: 0.000-0.000-0.003-0.034 0.525 0.002
                      37: 0.001-0.013-0.169-0.098-0.042-0.000
                      38:-0.000 0.005 0.084-0.234-0.058-0.000
                      40:-0.321 0.004 0.000-0.000 0.000 0.000

             ENERGY     K=13/2   9/2   5/2   1/2  -3/2  -7/2 -11/2
 
 I= 13/2- (1)  5.826  27: 0.000-0.000-0.002-0.008 0.374 0.009 0.000
                      30:-0.000 0.003 0.564 0.044 0.001-0.000-0.000
                      32: 0.000-0.001-0.094 0.311 0.011-0.002-0.000
                      35: 0.000-0.000 0.000 0.008 0.020 0.519 0.002
                      37: 0.000-0.001 0.016 0.168 0.068-0.042-0.000
                      38:-0.000 0.000-0.007-0.058 0.169-0.059-0.000
                      40:-0.001 0.307-0.002 0.001 0.000 0.000 0.000
 
 I= 13/2- (2)  6.292  26:-0.000 0.000-0.000 0.000 0.000 0.004-0.965
                      29:-0.000-0.000-0.002-0.000-0.001 0.100-0.032
                      34: 0.000-0.001-0.000 0.000 0.000-0.084-0.036
                      36: 0.000-0.219 0.001 0.000-0.000 0.001 0.000
 
 I= 13/2- (3)  6.540  26:-0.000-0.000 0.000-0.000-0.000 0.001-0.257
                      28: 0.000-0.000-0.179 0.002 0.001-0.009-0.000
                      29:-0.000 0.000 0.007 0.000 0.005-0.408-0.009
                      31: 0.000-0.000-0.028-0.001-0.007-0.065-0.001
                      34:-0.000 0.002 0.000-0.000-0.002 0.387-0.011
                      36:-0.002 0.759-0.003-0.000 0.000-0.003 0.000
 
 I= 13/2- (4)  6.947  27: 0.000-0.000-0.001 0.028 0.062 0.004 0.000
                      30:-0.000 0.003 0.187-0.080 0.003-0.000-0.000
                      32: 0.000-0.000-0.030-0.648 0.014-0.001-0.000
                      35: 0.000-0.000 0.000-0.021-0.041 0.308 0.001
                      37: 0.000-0.001 0.009-0.501-0.125-0.024-0.000
                      38:-0.000 0.000-0.004 0.184-0.298-0.032-0.000
                      40:-0.000 0.214-0.002-0.001-0.000 0.000 0.000
 
 I= 13/2- (5)  7.590  28: 0.000-0.000-0.306 0.003 0.001 0.006 0.000
                      29:-0.000 0.000 0.012 0.000 0.003 0.236 0.001
                      34: 0.000-0.001 0.000-0.000-0.005 0.840-0.003
                      36: 0.001-0.367 0.002-0.000 0.000-0.006 0.000
                      39: 0.000-0.009 0.001 0.000-0.001 0.057-0.000

             ENERGY     K=13/2   9/2   5/2   1/2  -3/2  -7/2 -11/2
  32 LEVELS    TIME=  0.0 SEC



 ******************* EXCITATION ENERGIES, DOMINANT CONFIGURATION AND EXPECTATION VALUES (WITH S.P. UU+VV FACTORS) *******************

  NR  Eex(keV)  I   Kdom  NY    <Jz>  <Jx**2> <Jy**2> <Jz**2> <I.j>/|I|  <Rx**2> <Ry**2> <Rz**2> <R.j>/|R|  <HROTx> <HROTy> <HROTz>

   1    0.0   7/2-   7/2  34   -3.26    2.50    2.31   11.98    3.17       3.70    3.57    0.12   -1.55      0.498   0.388   1.243
   2  367.3   9/2-   9/2  36    2.89    3.00    2.61   18.25    4.05       4.26    3.96    0.10   -1.29      0.573   0.431   1.078
   3  495.8   1/2-   1/2  32    0.50   12.28   12.24    0.27    1.43      11.50   11.54    0.02   -4.90      1.549   1.255   0.173
   4  522.2   5/2-   1/2  32    0.35   12.80   12.53    0.43    2.29      10.53   10.44    0.01   -4.15      1.418   1.135   0.129
   5  624.3   7/2-   7/2  29   -3.37    6.40    6.05   12.03    3.09       7.97    7.65    0.05   -3.08      1.073   0.832   0.530
  
   6  654.1   3/2-   1/2  32    0.38   13.69   14.63    0.43    2.10      11.72   12.59    0.04   -5.00      1.579   1.369   0.376
   7  762.4   7/2-   1/2  32    0.23   15.38   16.43    0.86    3.27      10.76   11.66    0.04   -4.15      1.449   1.267   0.414
   8 1039.5  11/2-  11/2  26   -5.40    2.78    2.71   30.01    5.04       5.51    5.47    0.03   -1.62      0.741   0.595   0.307
   9 1077.4   9/2-   7/2  34   -2.41    2.55    2.38   12.53    2.65       7.85    7.86    0.12   -1.07      1.057   0.854   1.225
  10 1220.6   1/2-   1/2  31    0.41    4.98    5.21    0.41    0.03       5.39    5.67    0.25   -3.15      0.726   0.617   2.589
  
  11 1235.0   9/2-   1/2  32    0.25   14.80   14.54    1.51    3.05      12.66   12.59    0.02   -3.12      1.704   1.369   0.182
  12 1245.7   3/2-   3/2  33   -0.72    4.84    5.39    1.56    1.12       5.18    5.75    0.25   -2.87      0.697   0.625   2.647
  13 1270.1   5/2-   5/2  28    2.42    5.94    6.24    6.22    2.12       7.12    7.42    0.08   -3.17      0.959   0.807   0.834
  14 1340.6  11/2-   1/2  32    0.15   18.73   19.40    3.52    4.42      11.87   12.68    0.04   -3.08      1.599   1.378   0.448
  15 1485.0  11/2-   9/2  36    2.06    3.27    2.89   17.50    3.46       9.03    8.86    0.10   -0.70      1.216   0.963   1.035
  
  16 1837.9   5/2-   3/2  33   -0.88    4.83    5.44    1.86    0.82       7.52    8.27    0.25   -2.43      1.012   0.899   2.625
  17 1840.9   9/2-   7/2  29   -2.34    5.96    5.62   12.75    2.44      12.55   12.19    0.06   -2.45      1.690   1.325   0.606
  18 2039.9   9/2-   5/2  30    0.03   21.39   20.89    7.62    4.58      14.34   14.70    0.04   -5.03      1.931   1.598   0.381
  19 2142.3  13/2-   5/2  30    0.08   21.69   21.24    7.69    5.04      14.20   14.82    0.04   -2.87      1.912   1.611   0.426
  20 2198.9   7/2-   5/2  28    1.79    5.75    6.04    6.05    1.44      10.90   11.16    0.10   -2.58      1.467   1.214   1.023
  
  21 2354.9   7/2-   5/2  30    0.16   22.53   22.46    6.71    4.27      16.50   16.98    0.04   -6.00      2.222   1.845   0.424
  22 2375.9  11/2-   7/2  34   -2.06    2.68    2.52   12.64    2.28      13.03   13.23    0.11   -0.82      1.755   1.438   1.201
  23 2430.1  11/2-   1/2  32   -0.04   19.73   19.52    7.00    4.16      15.69   16.55    0.04   -3.76      2.113   1.799   0.425
  24 2430.9   5/2-   1/2  31   -0.05    4.93    5.27    0.89   -0.21      10.18   10.66    0.25   -2.55      1.371   1.159   2.614
  25 2608.0  13/2-  11/2  26   -4.96    2.81    2.73   29.29    4.26      12.01   12.05    0.03   -1.04      1.617   1.310   0.348
  
  26 2856.4  13/2-   9/2  36    1.16    3.42    3.07   17.62    3.11      14.63   14.66    0.09   -0.44      1.970   1.594   0.971
  27 2896.5   5/2-   5/2  30    1.43   23.00   23.21    5.08    3.79      18.54   19.02    0.05   -6.54      2.496   2.068   0.496
  28 3262.9  13/2-   1/2  32    0.15   14.76   14.20    2.74    2.86      20.16   20.40    0.02   -1.85      2.714   2.217   0.161
  29 3538.2   1/2-   1/2  37    0.51   16.76   17.96    0.29   -1.18      18.23   19.55    0.03   -5.86      2.455   2.125   0.334
  30 3906.6  13/2-   7/2  34   -1.83    2.80    2.65   12.66    2.00      19.15   19.63    0.11   -0.66      2.579   2.133   1.181
  
  3132789.3   1/2-   1/2  39   -0.39    2.90    0.73    2.42    0.13       2.96    0.56    3.06   -2.32      0.399   0.061  32.270
  3239763.6   1/2-   1/2  33   -1.19    4.87    5.48    2.46   -0.79       5.23    5.81    3.90   -3.49      0.704   0.631  41.050
