1SPECTRUM OF (Z= 82 A=207) IN PARTICLE-ROTOR  MODEL WITH MODIFIED OSCILLATOR POTENTIAL


 PARITY=-   EPS= 0.481   GAMMA=  0.0   EPS4=0.000   EPS6=0.000   LEVELS:  24  25  26  27  28  29  30  31  32  33  34  35  36  37  38

 PAIRING FACTORS: GN0= 19.20  GN1=  7.40  IPAIR= 15 ***  E2PLUS(INPUT)=   0.730  E2PLUR(INPUT)=   0.000

 CORIOLIS ATTENUATION PARAMETERS:  CHSI=1.000  ETA=  1.00

 MOMENT OF INERTIA PARAMETERS:   A1=  0.122 MEV   A2=  0.122 MEV   A3=121.91924 MEV


 DELTA=0.848 MEV  LAMBDA=53.4450 MEV   HW0= 7.6346 MEV   LAMBDA/HW0= 7.0004

 E2ENERGY=0.730 MEV  HBAR**2/B=42899./A**(7/3)=7251.9/A**2 MEV

 IREC=0  =>  RECOIL TERMS j+j-, j+j+, jzjz, ETC TREATED AS ONE-BODY OPERATORS WITH UU+VV PAIRING FACTORS



 S. P. LEVEL   EQP       U     V        (UU + VV)**1.00

     24       4.853    0.088 0.996      1.000 1.000 0.999 0.993 0.989 0.972 0.969 0.943 0.628 0.555 0.342 0.296 0.262 0.249 0.229
     25       4.109    0.104 0.995      1.000 1.000 1.000 0.995 0.991 0.975 0.973 0.948 0.641 0.568 0.357 0.312 0.278 0.265 0.244
     26       3.427    0.125 0.992      0.999 1.000 1.000 0.997 0.994 0.980 0.978 0.954 0.657 0.585 0.377 0.332 0.298 0.285 0.265
     27       2.147    0.202 0.979      0.993 0.995 0.997 1.000 0.999 0.992 0.991 0.975 0.714 0.647 0.448 0.404 0.371 0.359 0.339
     28       1.862    0.234 0.972      0.989 0.991 0.994 0.999 1.000 0.996 0.995 0.982 0.737 0.672 0.477 0.435 0.402 0.390 0.370
     29       1.396    0.321 0.947      0.972 0.975 0.980 0.992 0.996 1.000 1.000 0.995 0.795 0.736 0.554 0.514 0.483 0.471 0.453
     30       1.358    0.331 0.944      0.969 0.973 0.978 0.991 0.995 1.000 1.000 0.996 0.801 0.743 0.563 0.523 0.492 0.480 0.462
     31       1.122    0.415 0.910      0.943 0.948 0.954 0.975 0.982 0.995 0.996 1.000 0.852 0.801 0.636 0.598 0.570 0.558 0.541
     32       0.916    0.830 0.558      0.628 0.641 0.657 0.714 0.737 0.795 0.801 0.852 1.000 0.996 0.946 0.929 0.915 0.910 0.901
     33       1.008    0.878 0.479      0.555 0.568 0.585 0.647 0.672 0.736 0.743 0.801 0.996 1.000 0.972 0.959 0.948 0.944 0.937
     34       1.700    0.966 0.258      0.342 0.357 0.377 0.448 0.477 0.554 0.563 0.636 0.946 0.972 1.000 0.999 0.997 0.995 0.993
     35       2.051    0.977 0.212      0.296 0.312 0.332 0.404 0.435 0.514 0.523 0.598 0.929 0.959 0.999 1.000 0.999 0.999 0.998
     36       2.439    0.984 0.177      0.262 0.278 0.298 0.371 0.402 0.483 0.492 0.570 0.915 0.948 0.997 0.999 1.000 1.000 0.999
     37       2.635    0.987 0.163      0.249 0.265 0.285 0.359 0.390 0.471 0.480 0.558 0.910 0.944 0.995 0.999 1.000 1.000 1.000
     38       3.006    0.990 0.143      0.229 0.244 0.265 0.339 0.370 0.453 0.462 0.541 0.901 0.937 0.993 0.998 0.999 1.000 1.000

  R CORE   ENERGY   A0R/A00=1.000    R3= 0     2  
   2( 1)    0.732                    1.000 0.000
   2( 2)  487.921                    0.000 1.000

  R CORE   ENERGY   A0R/A00=1.000    R3= 0     2  
   3( 1)  488.652                    0.000 1.000

  R CORE   ENERGY   A0R/A00=1.000    R3= 0     2     4  
   4( 1)    2.438                    1.000 0.000 0.000

  R CORE   ENERGY   A0R/A00=1.000    R3= 0     2     4  
   5( 1)  490.847                    0.000 1.000 0.000

  R CORE   ENERGY   A0R/A00=1.000    R3= 0     2     4     6  
   6( 1)    5.121                    1.000 0.000 0.000 0.000

  R CORE   ENERGY   A0R/A00=1.000    R3= 0     2     4     6  
   7( 1)  494.017                    0.000 1.000 0.000 0.000

          AXIAL SYMMETRY => K RESTRICTED TO OMEGA

                     K
     S.P. ORB#: 24  2.50
     S.P. ORB#: 25  0.50
     S.P. ORB#: 26 -1.50
     S.P. ORB#: 27 -5.50
     S.P. ORB#: 28  2.50
     S.P. ORB#: 29  2.50
     S.P. ORB#: 30 -3.50
     S.P. ORB#: 31  0.50
     S.P. ORB#: 32  0.50
     S.P. ORB#: 33 -1.50
     S.P. ORB#: 34 -3.50
     S.P. ORB#: 35  0.50
     S.P. ORB#: 36 -3.50
     S.P. ORB#: 37 -1.50
     S.P. ORB#: 38  4.50
 

             ENERGY    K= OMEGA
 
 I=  1/2- (1)  2.297  32: 0.999
 
 I=  1/2- (2)  4.342  31:-0.922
                      35: 0.386
 
 I=  1/2- (3)  5.911  25: 0.999
 
 I=  1/2- (4)  6.343  31: 0.386
                      35: 0.922
 
 I=  1/2- (5)147.311  33:-1.000

             ENERGY    K= OMEGA
 
 I=  3/2- (1)  2.337  32: 0.682
                      33:-0.731
 
 I=  3/2- (2)  2.559  25:-0.145
                      32:-0.722
                      33:-0.677

             ENERGY    K= OMEGA
 
 I=  5/2- (1)  2.767  24:-0.050
                      25: 0.197
                      28:-0.087
                      32:-0.515
                      33:-0.828
 
 I=  5/2- (2)  3.493  25: 0.060
                      28: 0.279
                      32:-0.821
                      33: 0.493
 
 I=  5/2- (3)  3.684  28:-0.955
                      32:-0.194
                      33: 0.221
 
 I=  5/2- (4)  4.681  26:-0.124
                      29: 0.105
                      31: 0.825
                      35:-0.482
                      37:-0.246
 
 I=  5/2- (5)  6.369  26: 0.479
                      29:-0.841
                      35:-0.247

             ENERGY    K= OMEGA
 
 I=  7/2- (1)  3.021  24:-0.229
                      28: 0.069
                      30: 0.957
                      33: 0.112
                      36: 0.113
 
 I=  7/2- (2)  3.307  28: 0.308
                      30: 0.100
                      33:-0.095
                      36:-0.940
 
 I=  7/2- (3)  3.540  28: 0.060
                      30: 0.088
                      32: 0.757
                      33:-0.629
                      36: 0.130
 
 I=  7/2- (4)  3.891  24: 0.056
                      25:-0.258
                      28: 0.130
                      30: 0.059
                      32:-0.620
                      33:-0.719
                      36: 0.092
 
 I=  7/2- (5)  4.667  24:-0.062
                      28:-0.936
                      30: 0.105
                      33:-0.166
                      36:-0.280

             ENERGY    K= OMEGA
 
 I=  9/2- (1)  3.433  24:-0.238
                      28: 0.112
                      30:-0.754
                      33:-0.090
                      36: 0.116
                      38: 0.583
 
 I=  9/2- (2)  4.146  24: 0.152
                      25:-0.184
                      28: 0.246
                      30: 0.262
                      32: 0.305
                      33: 0.493
                      36: 0.606
                      38: 0.333
 
 I=  9/2- (3)  4.338  25: 0.250
                      28: 0.093
                      30: 0.274
                      32:-0.452
                      33:-0.582
                      36: 0.543
                      38: 0.122
 
 I=  9/2- (4)  4.531  24: 0.141
                      28:-0.317
                      30: 0.413
                      36:-0.421
                      38: 0.727
 
 I=  9/2- (5)  5.421  26: 0.406
                      29:-0.539
                      31:-0.567
                      34: 0.293
                      35: 0.286
                      37: 0.235

             ENERGY    K= OMEGA
 
 I= 11/2- (1)  3.487  27:-0.999
 
 I= 11/2- (2)  4.308  24:-0.292
                      28: 0.126
                      30: 0.770
                      33: 0.091
                      36:-0.126
                      38: 0.529
 
 I= 11/2- (3)  5.392  24: 0.176
                      28: 0.333
                      30:-0.280
                      32: 0.143
                      33:-0.305
                      36:-0.758
                      38: 0.301
 
 I= 11/2- (4)  5.471  26: 0.447
                      29: 0.528
                      31: 0.589
                      34: 0.267
                      35: 0.224
                      37: 0.231
 
 I= 11/2- (5)  5.740  25: 0.097
                      28:-0.051
                      30: 0.108
                      32: 0.814
                      33:-0.476
                      36: 0.293

             ENERGY    K= OMEGA
 
 I= 13/2- (1)  5.067  27:-0.993
                      30:-0.076
                      38: 0.083
 
 I= 13/2- (2)  5.435  24:-0.336
                      27: 0.115
                      28: 0.128
                      30:-0.769
                      33:-0.123
                      36: 0.121
                      38: 0.482
 
 I= 13/2- (3)  6.506  26:-0.503
                      29: 0.660
                      31: 0.362
                      34:-0.363
                      35:-0.130
                      37:-0.177
 
 I= 13/2- (4)  6.573  24:-0.114
                      25: 0.343
                      28:-0.236
                      32:-0.466
                      33:-0.659
                      36:-0.339
                      38:-0.216
 
 I= 13/2- (5)  6.978  24: 0.132
                      25: 0.193
                      28: 0.296
                      30: 0.296
                      32:-0.296
                      33:-0.280
                      36: 0.757
                      38: 0.179

             ENERGY     K= 9/2
  32 LEVELS    TIME=  0.0 SEC



 ******************* EXCITATION ENERGIES, DOMINANT CONFIGURATION AND EXPECTATION VALUES (WITH S.P. UU+VV FACTORS) *******************

  NR  Eex(keV)  I   Kdom  NY    <Jz>  <Jx**2> <Jy**2> <Jz**2> <I.j>/|I|  <Rx**2> <Ry**2> <Rz**2> <R.j>/|R|  <HROTx> <HROTy> <HROTz>

   1    0.0   1/2-   1/2  32    0.50    5.25    5.25    0.25    0.13       5.64    5.64    0.00   -3.17      0.688   0.688   0.000
   2   40.0   3/2-  -3/2  33   -0.57    5.24    5.24    1.32    1.11       5.62    5.62    0.00   -2.88      0.686   0.686   0.000
   3  261.6   3/2-   1/2  32   -0.42    5.24    5.24    1.17    0.73       6.29    6.29    0.00   -2.89      0.767   0.767   0.000
   4  469.1   5/2-  -3/2  33   -0.85    5.39    5.39    1.68    1.30       6.75    6.75    0.00   -2.34      0.823   0.823   0.000
   5  723.6   7/2-  -7/2  30   -3.13    6.35    6.35   11.77    3.55       6.02    6.02    0.00   -2.99      0.734   0.734   0.000
  
   6 1009.7   7/2-  -7/2  36   -2.90    2.77    2.77   11.56    3.16       3.89    3.89    0.00   -1.64      0.475   0.475   0.000
   7 1135.9   9/2-  -7/2  30   -0.35    5.14    5.14   14.45    3.90       5.33    5.33    0.00   -1.63      0.649   0.649   0.000
   8 1189.2  11/2- -11/2  27   -5.48    2.75    2.75   30.23    5.06       5.49    5.49    0.00   -1.65      0.669   0.669   0.000
   9 1195.3   5/2-   1/2  32    0.17    5.32    5.32    1.22    0.07      10.09   10.09    0.00   -2.59      1.231   1.231   0.000
  10 1242.6   7/2-   1/2  32   -0.38    5.18    5.18    1.36    0.83      10.44   10.44    0.00   -1.85      1.273   1.273   0.000
  
  11 1386.6   5/2-   5/2  28    2.23    6.05    6.05    5.83    1.88       7.78    7.78    0.00   -3.14      0.949   0.949   0.000
  12 1593.6   7/2-  -3/2  33   -0.54    5.32    5.32    1.55    0.76      10.96   10.96    0.00   -1.96      1.336   1.336   0.000
  13 1848.6   9/2-  -7/2  36   -1.12    4.00    4.00    8.68    2.41       8.73    8.73    0.00   -1.12      1.065   1.065   0.000
  14 2010.2  11/2-  -7/2  30   -0.63    5.45    5.45   13.82    3.57       8.88    8.88    0.00   -0.80      1.083   1.083   0.000
  15 2040.7   9/2-  -3/2  33   -1.57    4.51    4.51    5.72    1.77      10.92   10.92    0.00   -1.27      1.332   1.332   0.000
  
  16 2044.4   1/2-   1/2  31    0.50   12.93   12.93    0.25    0.92      12.64   12.64   -0.00   -5.04      1.541   1.541  -0.000
  17 2233.2   9/2-   9/2  38    1.46    3.70    3.70   15.71    3.17       8.17    8.17    0.00   -1.82      0.996   0.996   0.000
  18 2369.7   7/2-   5/2  28    1.85    5.78    5.78    6.66    1.41      11.38   11.38    0.00   -2.65      1.387   1.387   0.000
  19 2383.7   5/2-   1/2  31    0.37   13.54   13.54    0.47    1.68      13.17   13.17   -0.00   -4.40      1.606   1.606  -0.000
  20 2769.2  13/2- -11/2  27   -5.41    2.78    2.78   30.04    4.33      11.95   11.95    0.00   -1.10      1.457   1.457   0.000
  
  21 3094.1  11/2-  -7/2  36   -1.65    3.36    3.36   10.94    2.32      12.86   12.86    0.00   -0.75      1.568   1.568   0.000
  22 3123.8   9/2-   1/2  31    0.30   18.77   18.77    3.46    3.61      14.89   14.89    0.00   -4.22      1.815   1.815   0.000
  23 3137.5  13/2-  -7/2  30   -0.85    5.67    5.67   13.38    3.34      13.40   13.40    0.00   -0.27      1.634   1.634   0.000
  24 3173.8  11/2-   1/2  31    0.27   19.68   19.68    3.29    4.06      14.95   14.95    0.00   -3.37      1.822   1.822   0.000
  25 3442.9  11/2-   1/2  32   -0.33    4.96    4.96    1.91    0.80      19.00   19.00    0.00   -1.14      2.316   2.316   0.000
  
  26 3613.4   1/2-   1/2  25    0.50    7.48    7.48    0.25    0.65       7.41    7.41    0.00   -3.80      0.904   0.904   0.000
  27 4045.2   1/2-   1/2  35    0.50   17.04   17.04    0.25   -0.73      18.17   18.17   -0.00   -5.80      2.215   2.215  -0.000
  28 4071.7   5/2-   5/2  29    1.45   22.30   22.30    4.96    3.66      18.32   18.32   -0.00   -6.40      2.233   2.233  -0.000
  29 4208.4  13/2-   5/2  29    0.28   21.36   21.36    5.02    4.24      18.63   18.63    0.00   -2.97      2.271   2.271   0.000
  30 4275.2  13/2-  -3/2  33   -0.51    5.16    5.16    3.85    1.65      19.95   19.95    0.00   -0.42      2.432   2.432   0.000
  
  31 4680.9  13/2-  -7/2  36   -1.96    3.60    3.60    9.60    1.87      19.72   19.72    0.00   -0.60      2.404   2.404   0.000
  32*******   1/2-  -3/2  33    0.00    0.00    0.00    0.00    0.00       0.00    0.00    0.00   -0.00      0.000   0.000   0.000
