1SPECTRUM OF (Z= 82 A=207) IN PARTICLE-ROTOR  MODEL WITH MODIFIED OSCILLATOR POTENTIAL


 PARITY=-   EPS= 0.414   GAMMA=  0.0   EPS4=0.000   EPS6=0.000   LEVELS:  24  25  26  27  28  29  30  31  32  33  34  35  36  37  38

 PAIRING FACTORS: GN0= 19.20  GN1=  7.40  IPAIR= 15 ***  E2PLUS(INPUT)=   0.730  E2PLUR(INPUT)=   0.000

 CORIOLIS ATTENUATION PARAMETERS:  CHSI=1.000  ETA=  1.00

 MOMENT OF INERTIA PARAMETERS:   A1=  0.122 MEV   A2=  0.122 MEV   A3=121.91924 MEV


 DELTA=0.843 MEV  LAMBDA=53.4883 MEV   HW0= 7.5717 MEV   LAMBDA/HW0= 7.0642

 E2ENERGY=0.730 MEV  HBAR**2/B=31780./A**(7/3)=5372.4/A**2 MEV

 IREC=0  =>  RECOIL TERMS j+j-, j+j+, jzjz, ETC TREATED AS ONE-BODY OPERATORS WITH UU+VV PAIRING FACTORS



 S. P. LEVEL   EQP       U     V        (UU + VV)**1.00

     24       4.289    0.099 0.995      1.000 1.000 1.000 0.998 0.997 0.993 0.904 0.893 0.841 0.545 0.444 0.340 0.328 0.241 0.225
     25       3.550    0.120 0.993      1.000 1.000 1.000 0.999 0.998 0.995 0.913 0.902 0.852 0.562 0.462 0.360 0.348 0.261 0.245
     26       3.426    0.124 0.992      1.000 1.000 1.000 0.999 0.998 0.996 0.915 0.904 0.855 0.566 0.466 0.364 0.352 0.265 0.249
     27       2.573    0.166 0.986      0.998 0.999 0.999 1.000 1.000 0.999 0.931 0.921 0.876 0.601 0.504 0.404 0.391 0.306 0.290
     28       2.362    0.181 0.983      0.997 0.998 0.998 1.000 1.000 0.999 0.937 0.927 0.883 0.613 0.517 0.418 0.406 0.321 0.305
     29       2.019    0.214 0.977      0.993 0.995 0.996 0.999 0.999 1.000 0.948 0.939 0.898 0.639 0.545 0.447 0.435 0.352 0.336
     30       0.956    0.514 0.858      0.904 0.913 0.915 0.931 0.937 0.948 1.000 1.000 0.992 0.851 0.784 0.709 0.700 0.632 0.619
     31       0.931    0.536 0.844      0.893 0.902 0.904 0.921 0.927 0.939 1.000 1.000 0.995 0.864 0.800 0.727 0.718 0.652 0.639
     32       0.866    0.621 0.784      0.841 0.852 0.855 0.876 0.883 0.898 0.992 0.995 1.000 0.912 0.858 0.795 0.787 0.727 0.716
     33       1.033    0.888 0.460      0.545 0.562 0.566 0.601 0.613 0.639 0.851 0.864 0.912 1.000 0.993 0.974 0.971 0.945 0.939
     34       1.276    0.936 0.353      0.444 0.462 0.466 0.504 0.517 0.545 0.784 0.800 0.858 0.993 1.000 0.994 0.992 0.977 0.973
     35       1.768    0.969 0.246      0.340 0.360 0.364 0.404 0.418 0.447 0.709 0.727 0.795 0.974 0.994 1.000 1.000 0.995 0.993
     36       1.861    0.972 0.233      0.328 0.348 0.352 0.391 0.406 0.435 0.700 0.718 0.787 0.971 0.992 1.000 1.000 0.996 0.994
     37       2.962    0.990 0.144      0.241 0.261 0.265 0.306 0.321 0.352 0.632 0.652 0.727 0.945 0.977 0.995 0.996 1.000 1.000
     38       3.339    0.992 0.127      0.225 0.245 0.249 0.290 0.305 0.336 0.619 0.639 0.716 0.939 0.973 0.993 0.994 1.000 1.000

  R CORE   ENERGY   A0R/A00=1.000    R3= 0     2  
   2( 1)    0.732                    1.000 0.000
   2( 2)  487.921                    0.000 1.000

  R CORE   ENERGY   A0R/A00=1.000    R3= 0     2  
   3( 1)  488.652                    0.000 1.000

  R CORE   ENERGY   A0R/A00=1.000    R3= 0     2     4  
   4( 1)    2.438                    1.000 0.000 0.000

  R CORE   ENERGY   A0R/A00=1.000    R3= 0     2     4  
   5( 1)  490.847                    0.000 1.000 0.000

  R CORE   ENERGY   A0R/A00=1.000    R3= 0     2     4     6  
   6( 1)    5.121                    1.000 0.000 0.000 0.000

  R CORE   ENERGY   A0R/A00=1.000    R3= 0     2     4     6  
   7( 1)  494.017                    0.000 1.000 0.000 0.000

          AXIAL SYMMETRY => K RESTRICTED TO OMEGA

                     K
     S.P. ORB#: 24  0.50
     S.P. ORB#: 25  0.50
     S.P. ORB#: 26 -5.50
     S.P. ORB#: 27  2.50
     S.P. ORB#: 28 -1.50
     S.P. ORB#: 29 -3.50
     S.P. ORB#: 30  2.50
     S.P. ORB#: 31  0.50
     S.P. ORB#: 32 -1.50
     S.P. ORB#: 33  0.50
     S.P. ORB#: 34 -3.50
     S.P. ORB#: 35  4.50
     S.P. ORB#: 36 -3.50
     S.P. ORB#: 37  0.50
     S.P. ORB#: 38 -1.50
 

             ENERGY    K= OMEGA
 
 I=  1/2- (1)  2.252  31:-0.999
 
 I=  1/2- (2)  3.901  25: 0.211
                      33:-0.918
                      37: 0.335
 
 I=  1/2- (3)  6.002  24: 0.999
 
 I=  1/2- (4)  6.960  25:-0.284
                      33: 0.270
                      37: 0.920
 
 I=  1/2- (5)  9.762  25:-0.935
                      33:-0.290
                      37:-0.204

             ENERGY    K= OMEGA
 
 I=  3/2- (1)  2.185  31: 0.386
                      32:-0.922
 
 I=  3/2- (2)  2.416  24: 0.191
                      31: 0.909
                      32: 0.371

             ENERGY    K= OMEGA
 
 I=  5/2- (1)  2.481  24: 0.248
                      31:-0.488
                      32:-0.836
 
 I=  5/2- (2)  3.426  24: 0.067
                      27: 0.052
                      31:-0.853
                      32: 0.515
 
 I=  5/2- (3)  3.970  25:-0.164
                      33: 0.815
                      37:-0.476
                      38: 0.285
 
 I=  5/2- (4)  4.370  27:-0.998
                      32: 0.061
 
 I=  5/2- (5)  5.777  25: 0.207
                      28:-0.595
                      30: 0.775

             ENERGY    K= OMEGA
 
 I=  7/2- (1)  2.180  27:-0.147
                      34: 0.988
 
 I=  7/2- (2)  3.423  24:-0.064
                      27: 0.067
                      31: 0.515
                      32:-0.851
 
 I=  7/2- (3)  3.568  24: 0.329
                      31: 0.820
                      32: 0.466
 
 I=  7/2- (4)  3.934  27:-0.173
                      29:-0.983
                      32:-0.052
 
 I=  7/2- (5)  3.981  25:-0.070
                      28: 0.109
                      30: 0.143
                      33: 0.875
                      36: 0.055
                      37: 0.245
                      38:-0.365

             ENERGY    K= OMEGA
 
 I=  9/2- (1)  2.692  27: 0.090
                      29:-0.182
                      34: 0.377
                      35: 0.904
 
 I=  9/2- (2)  3.280  27:-0.195
                      29:-0.110
                      34:-0.899
                      35: 0.373
 
 I=  9/2- (3)  3.773  24: 0.379
                      31:-0.536
                      32:-0.750
                      34: 0.067
 
 I=  9/2- (4)  4.730  25:-0.064
                      28:-0.154
                      30: 0.255
                      33: 0.725
                      36:-0.138
                      37:-0.489
                      38: 0.351
 
 I=  9/2- (5)  4.963  25: 0.234
                      28:-0.532
                      30: 0.654
                      33:-0.228
                      36:-0.374
                      37: 0.191
                      38:-0.074

             ENERGY    K= OMEGA
 
 I= 11/2- (1)  3.718  25:-0.522
                      28:-0.565
                      30:-0.482
                      33:-0.312
                      36:-0.218
                      37:-0.097
                      38: 0.149
 
 I= 11/2- (2)  3.836  26:-0.052
                      27:-0.135
                      29:-0.245
                      34: 0.447
                      35:-0.848
 
 I= 11/2- (3)  4.599  26:-0.144
                      27: 0.228
                      29:-0.158
                      34:-0.846
                      35:-0.429
 
 I= 11/2- (4)  4.773  26: 0.988
                      34:-0.100
                      35:-0.104
 
 I= 11/2- (5)  5.067  25: 0.314
                      28: 0.174
                      30: 0.114
                      33:-0.788
                      36: 0.065
                      37:-0.285
                      38: 0.390

             ENERGY    K= OMEGA
 
 I= 13/2- (1)  5.218  26: 0.059
                      27:-0.172
                      29: 0.287
                      34:-0.480
                      35:-0.807
 
 I= 13/2- (2)  5.500  25:-0.188
                      28: 0.558
                      30:-0.677
                      33:-0.162
                      36: 0.384
                      37: 0.072
                      38:-0.130
 
 I= 13/2- (3)  5.894  24: 0.452
                      27:-0.090
                      31:-0.529
                      32:-0.688
                      34:-0.118
                      35: 0.133
 
 I= 13/2- (4)  6.160  24: 0.092
                      26: 0.189
                      27: 0.239
                      29: 0.190
                      31:-0.116
                      32:-0.122
                      34: 0.803
                      35:-0.436
 
 I= 13/2- (5)  6.364  26:-0.980
                      29: 0.070
                      34: 0.129
                      35:-0.131

             ENERGY     K=-3/2
  32 LEVELS    TIME=  0.0 SEC



 ******************* EXCITATION ENERGIES, DOMINANT CONFIGURATION AND EXPECTATION VALUES (WITH S.P. UU+VV FACTORS) *******************

  NR  Eex(keV)  I   Kdom  NY    <Jz>  <Jx**2> <Jy**2> <Jz**2> <I.j>/|I|  <Rx**2> <Ry**2> <Rz**2> <R.j>/|R|  <HROTx> <HROTy> <HROTz>

   1    0.0   7/2-  -7/2  34   -3.37    2.31    2.31   12.12    3.19       3.59    3.59   -0.00   -1.52      0.438   0.438  -0.000
   2    5.4   3/2-  -3/2  32   -1.20    5.06    5.06    1.95    1.33       5.34    5.34    0.00   -2.91      0.651   0.651   0.000
   3   72.3   1/2-   1/2  31    0.50    5.07    5.07    0.25    0.21       5.38    5.38   -0.00   -3.11      0.656   0.656  -0.000
   4  236.3   3/2-   1/2  31    0.22    4.95    4.95    0.53    0.76       5.62    5.62    0.00   -2.67      0.686   0.686   0.000
   5  301.8   5/2-  -3/2  32   -0.89    5.28    5.28    1.66    1.62       5.68    5.68    0.00   -2.20      0.693   0.693   0.000
  
   6  512.2   9/2-   9/2  35    3.08    2.53    2.53   18.73    4.07       4.02    4.02    0.00   -1.25      0.490   0.490   0.000
   7 1100.3   9/2-  -7/2  34   -2.15    2.39    2.39   13.10    2.74       7.70    7.70   -0.00   -1.09      0.939   0.939  -0.000
   8 1243.8   7/2-  -3/2  32   -0.95    5.08    5.08    1.75    0.88      10.32   10.32    0.00   -1.85      1.258   1.258   0.000
   9 1246.6   5/2-   1/2  31   -0.02    5.09    5.09    0.80   -0.12      10.22   10.22    0.00   -2.51      1.246   1.246   0.000
  10 1388.4   7/2-   1/2  31    0.06    5.02    5.02    0.71    0.98       9.37    9.37    0.00   -1.59      1.142   1.142   0.000
  
  11 1538.2  11/2-  -3/2  28    0.09   23.60   23.60    2.90    6.16       6.09    6.09    0.00   -3.80      0.743   0.743   0.000
  12 1593.5   9/2-  -3/2  32   -0.64    5.51    5.51    1.44    1.77       9.81    9.81    0.00   -0.83      1.196   1.196   0.000
  13 1656.4  11/2-   9/2  35    2.36    2.70    2.70   17.94    3.48       8.75    8.75    0.00   -0.61      1.066   1.066   0.000
  14 1721.6   1/2-   1/2  33    0.50   10.84   10.84    0.25    1.07      10.42   10.42    0.00   -4.60      1.270   1.270   0.000
  15 1754.4   7/2-  -7/2  29   -3.31    6.26    6.26   12.04    3.12       7.79    7.79    0.00   -3.09      0.950   0.950   0.000
  
  16 1790.3   5/2-   1/2  33    0.34   11.39   11.39    0.42    2.29       9.20    9.20    0.00   -3.83      1.122   1.122   0.000
  17 1801.6   7/2-   1/2  33    0.24   15.06   15.06    0.70    3.29      10.24   10.24    0.00   -3.93      1.248   1.248   0.000
  18 2190.0   5/2-   5/2  27    2.48    6.09    6.09    6.23    2.09       7.40    7.40    0.00   -3.18      0.902   0.902   0.000
  19 2419.2  11/2-  -7/2  34   -1.75    2.48    2.48   13.75    2.43      12.72   12.72   -0.00   -0.83      1.551   1.551  -0.000
  20 2550.6   9/2-   1/2  33    0.26   13.65   13.65    1.16    2.96      11.89   11.89    0.00   -2.82      1.450   1.450   0.000
  
  21 2593.8  11/2- -11/2  26   -5.36    2.75    2.75   29.91    5.00       5.70    5.70    0.00   -1.64      0.695   0.695   0.000
  22 2783.4   9/2-   5/2  30    0.22   21.63   21.63    5.07    4.67      13.33   13.33    0.00   -4.87      1.625   1.625   0.000
  23 2887.0  11/2-   1/2  33    0.14   13.42   13.42    0.74    3.08      13.27   13.27    0.00   -1.78      1.618   1.618   0.000
  24 3038.0  13/2-   9/2  35    1.89    2.86    2.86   17.32    3.08      14.41   14.41    0.00   -0.29      1.757   1.757   0.000
  25 3320.8  13/2-   5/2  30    0.17   23.46   23.46    5.42    4.99      15.71   15.71   -0.00   -3.12      1.915   1.915  -0.000
  
  26 3597.1   5/2-   5/2  30    0.99   23.47   23.47    4.56    4.35      17.26   17.26    0.00   -6.57      2.105   2.105   0.000
  27 3714.1  13/2-  -3/2  32   -0.43    5.60    5.60    1.81    1.91      17.52   17.52    0.00    0.06      2.136   2.136   0.000
  28 3822.7   1/2-   1/2  24    0.50    7.11    7.11    0.25    0.64       7.06    7.06    0.00   -3.70      0.861   0.861   0.000
  29 3980.3  13/2-  -7/2  34   -1.59    2.66    2.66   13.66    2.15      18.86   18.86   -0.00   -0.65      2.299   2.299  -0.000
  30 4183.9  13/2- -11/2  26   -5.27    2.75    2.75   29.65    4.24      12.34   12.34    0.00   -1.12      1.505   1.505   0.000
  
  31 4780.8   1/2-   1/2  37    0.50   15.82   15.82    0.25   -0.53      16.78   16.78    0.00   -5.58      2.046   2.046   0.000
  32 7582.4   1/2-   1/2  25    0.50   22.94   22.94    0.25   -3.47      26.44   26.44    0.00   -6.76      3.224   3.224   0.000
