1SPECTRUM OF (Z= 82 A=207) IN PARTICLE-ROTOR  MODEL WITH MODIFIED OSCILLATOR POTENTIAL


 PARITY=-   EPS= 0.471   GAMMA=  0.0   EPS4=0.000   EPS6=0.000   LEVELS:  24  25  26  27  28  29  30  31  32  33  34  35  36  37  38

 PAIRING FACTORS: GN0= 19.20  GN1=  7.40  IPAIR= 15 ***  E2PLUS(INPUT)=   0.730  E2PLUR(INPUT)=   0.000

 CORIOLIS ATTENUATION PARAMETERS:  CHSI=1.000  ETA=  1.00

 MOMENT OF INERTIA PARAMETERS:   A1=  0.122 MEV   A2=  0.122 MEV   A3=121.91924 MEV


 DELTA=0.847 MEV  LAMBDA=53.4564 MEV   HW0= 7.6244 MEV   LAMBDA/HW0= 7.0112

 E2ENERGY=0.730 MEV  HBAR**2/B=41134./A**(7/3)=6953.5/A**2 MEV

 IREC=0  =>  RECOIL TERMS j+j-, j+j+, jzjz, ETC TREATED AS ONE-BODY OPERATORS WITH UU+VV PAIRING FACTORS



 S. P. LEVEL   EQP       U     V        (UU + VV)**1.00

     24       4.838    0.088 0.996      1.000 1.000 0.999 0.995 0.991 0.975 0.967 0.916 0.678 0.599 0.339 0.285 0.278 0.243 0.239
     25       4.147    0.103 0.995      1.000 1.000 1.000 0.997 0.993 0.979 0.970 0.922 0.688 0.611 0.353 0.299 0.292 0.258 0.254
     26       3.271    0.131 0.991      0.999 1.000 1.000 0.999 0.996 0.984 0.977 0.932 0.709 0.633 0.380 0.325 0.319 0.285 0.281
     27       2.344    0.184 0.983      0.995 0.997 0.999 1.000 0.999 0.992 0.987 0.951 0.746 0.674 0.429 0.376 0.370 0.336 0.332
     28       1.975    0.220 0.976      0.991 0.993 0.996 0.999 1.000 0.996 0.992 0.961 0.770 0.700 0.462 0.410 0.404 0.370 0.366
     29       1.459    0.305 0.952      0.975 0.979 0.984 0.992 0.996 1.000 0.999 0.982 0.823 0.761 0.538 0.489 0.483 0.451 0.447
     30       1.324    0.340 0.940      0.967 0.970 0.977 0.987 0.992 0.999 1.000 0.988 0.843 0.784 0.569 0.521 0.515 0.484 0.480
     31       1.006    0.480 0.877      0.916 0.922 0.932 0.951 0.961 0.982 0.988 1.000 0.916 0.870 0.688 0.645 0.640 0.612 0.609
     32       0.876    0.792 0.610      0.678 0.688 0.709 0.746 0.770 0.823 0.843 0.916 1.000 0.995 0.922 0.898 0.895 0.878 0.876
     33       0.947    0.850 0.526      0.599 0.611 0.633 0.674 0.700 0.761 0.784 0.870 0.995 1.000 0.956 0.938 0.936 0.922 0.921
     34       1.716    0.967 0.255      0.339 0.353 0.380 0.429 0.462 0.538 0.569 0.688 0.922 0.956 1.000 0.998 0.998 0.995 0.995
     35       2.171    0.980 0.199      0.285 0.299 0.325 0.376 0.410 0.489 0.521 0.645 0.898 0.938 0.998 1.000 1.000 0.999 0.999
     36       2.243    0.981 0.193      0.278 0.292 0.319 0.370 0.404 0.483 0.515 0.640 0.895 0.936 0.998 1.000 1.000 0.999 0.999
     37       2.734    0.988 0.157      0.243 0.258 0.285 0.336 0.370 0.451 0.484 0.612 0.878 0.922 0.995 0.999 0.999 1.000 1.000
     38       2.804    0.988 0.153      0.239 0.254 0.281 0.332 0.366 0.447 0.480 0.609 0.876 0.921 0.995 0.999 0.999 1.000 1.000

  R CORE   ENERGY   A0R/A00=1.000    R3= 0     2  
   2( 1)    0.732                    1.000 0.000
   2( 2)  487.921                    0.000 1.000

  R CORE   ENERGY   A0R/A00=1.000    R3= 0     2  
   3( 1)  488.652                    0.000 1.000

  R CORE   ENERGY   A0R/A00=1.000    R3= 0     2     4  
   4( 1)    2.438                    1.000 0.000 0.000

  R CORE   ENERGY   A0R/A00=1.000    R3= 0     2     4  
   5( 1)  490.847                    0.000 1.000 0.000

  R CORE   ENERGY   A0R/A00=1.000    R3= 0     2     4     6  
   6( 1)    5.121                    1.000 0.000 0.000 0.000

  R CORE   ENERGY   A0R/A00=1.000    R3= 0     2     4     6  
   7( 1)  494.017                    0.000 1.000 0.000 0.000

          AXIAL SYMMETRY => K RESTRICTED TO OMEGA

                     K
     S.P. ORB#: 24  0.50
     S.P. ORB#: 25  0.50
     S.P. ORB#: 26 -1.50
     S.P. ORB#: 27 -5.50
     S.P. ORB#: 28  2.50
     S.P. ORB#: 29 -3.50
     S.P. ORB#: 30  2.50
     S.P. ORB#: 31  0.50
     S.P. ORB#: 32  0.50
     S.P. ORB#: 33 -1.50
     S.P. ORB#: 34 -3.50
     S.P. ORB#: 35  0.50
     S.P. ORB#: 36 -3.50
     S.P. ORB#: 37 -1.50
     S.P. ORB#: 38  4.50
 

             ENERGY    K= OMEGA
 
 I=  1/2- (1)  2.249  32:-0.999
 
 I=  1/2- (2)  3.636  24: 0.298
                      31:-0.925
                      35: 0.236
 
 I=  1/2- (3)  5.937  25: 0.999
 
 I=  1/2- (4)  6.194  24: 0.203
                      31:-0.180
                      35:-0.963
 
 I=  1/2- (5) 10.873  24: 0.933
                      31: 0.335
                      35: 0.134

             ENERGY    K= OMEGA
 
 I=  3/2- (1)  2.278  32:-0.647
                      33: 0.762
 
 I=  3/2- (2)  2.494  25: 0.153
                      32: 0.752
                      33: 0.641

             ENERGY    K= OMEGA
 
 I=  5/2- (1)  2.695  25:-0.206
                      28: 0.066
                      32: 0.521
                      33: 0.826
 
 I=  5/2- (2)  3.452  25:-0.058
                      28:-0.139
                      32: 0.835
                      33:-0.530
 
 I=  5/2- (3)  3.792  28: 0.988
                      32: 0.083
                      33:-0.129
 
 I=  5/2- (4)  4.026  24:-0.263
                      31: 0.855
                      35:-0.384
                      37:-0.230
 
 I=  5/2- (5)  6.143  24: 0.163
                      26:-0.547
                      30: 0.819

             ENERGY    K= OMEGA
 
 I=  7/2- (1)  3.129  28:-0.230
                      29: 0.074
                      33: 0.058
                      36: 0.968
 
 I=  7/2- (2)  3.390  28: 0.184
                      29: 0.972
                      32: 0.086
                      33:-0.120
 
 I=  7/2- (3)  3.495  29: 0.147
                      32:-0.771
                      33: 0.613
                      36:-0.069
 
 I=  7/2- (4)  3.820  25: 0.271
                      28:-0.083
                      29: 0.055
                      32: 0.595
                      33: 0.747
                      36:-0.057
 
 I=  7/2- (5)  4.586  26:-0.300
                      30:-0.298
                      31:-0.817
                      34:-0.119
                      35:-0.244
                      37:-0.280

             ENERGY    K= OMEGA
 
 I=  9/2- (1)  3.581  28:-0.146
                      29: 0.452
                      36:-0.299
                      38:-0.827
 
 I=  9/2- (2)  4.143  25: 0.247
                      28:-0.228
                      29:-0.154
                      32:-0.415
                      33:-0.588
                      36:-0.556
                      38: 0.187
 
 I=  9/2- (3)  4.215  25: 0.212
                      28: 0.155
                      29: 0.221
                      32:-0.369
                      33:-0.479
                      36: 0.706
                      38:-0.136
 
 I=  9/2- (4)  4.723  28:-0.272
                      29: 0.815
                      32: 0.063
                      38: 0.505
 
 I=  9/2- (5)  5.179  24:-0.189
                      26:-0.121
                      30: 0.191
                      31: 0.791
                      34:-0.098
                      35:-0.429
                      37:-0.307

             ENERGY    K= OMEGA
 
 I= 11/2- (1)  3.683  27:-0.999
 
 I= 11/2- (2)  4.399  24:-0.456
                      26:-0.572
                      30:-0.500
                      31:-0.375
                      34:-0.210
                      35:-0.112
                      37:-0.133
 
 I= 11/2- (3)  4.655  28: 0.189
                      29: 0.505
                      36:-0.337
                      38: 0.770
 
 I= 11/2- (4)  5.458  28:-0.321
                      29: 0.291
                      32:-0.091
                      33: 0.161
                      36: 0.841
                      38: 0.263
 
 I= 11/2- (5)  5.677  25: 0.109
                      29: 0.074
                      32: 0.846
                      33:-0.489
                      36: 0.165

             ENERGY    K= OMEGA
 
 I= 13/2- (1)  5.264  27:-0.996
                      38: 0.077
 
 I= 13/2- (2)  5.992  27: 0.084
                      28: 0.223
                      29:-0.525
                      33: 0.064
                      36: 0.358
                      38: 0.730
 
 I= 13/2- (3)  6.182  24: 0.168
                      26:-0.573
                      30: 0.688
                      31: 0.158
                      34:-0.364
                      37:-0.103
 
 I= 13/2- (4)  6.517  25: 0.406
                      28:-0.094
                      29:-0.065
                      32:-0.551
                      33:-0.709
                      36:-0.058
                      38: 0.112
 
 I= 13/2- (5)  6.999  25: 0.061
                      28: 0.332
                      29: 0.317
                      32:-0.097
                      33:-0.074
                      36: 0.836
                      38:-0.269

             ENERGY     K= 9/2
  32 LEVELS    TIME=  0.0 SEC



 ******************* EXCITATION ENERGIES, DOMINANT CONFIGURATION AND EXPECTATION VALUES (WITH S.P. UU+VV FACTORS) *******************

  NR  Eex(keV)  I   Kdom  NY    <Jz>  <Jx**2> <Jy**2> <Jz**2> <I.j>/|I|  <Rx**2> <Ry**2> <Rz**2> <R.j>/|R|  <HROTx> <HROTy> <HROTz>

   1    0.0   1/2-   1/2  32    0.50    5.22    5.22    0.25    0.14       5.60    5.60   -0.00   -3.16      0.683   0.683  -0.000
   2   29.1   3/2-  -3/2  33   -0.66    5.21    5.21    1.41    1.14       5.58    5.58   -0.00   -2.88      0.680   0.680  -0.000
   3  244.9   3/2-   1/2  32   -0.32    5.20    5.20    1.07    0.73       6.20    6.20   -0.00   -2.86      0.756   0.756  -0.000
   4  445.9   5/2-  -3/2  33   -0.86    5.37    5.37    1.64    1.32       6.67    6.67   -0.00   -2.32      0.814   0.814  -0.000
   5  880.3   7/2-  -7/2  36   -3.17    2.46    2.46   11.89    3.16       3.73    3.73    0.00   -1.56      0.455   0.455   0.000
  
   6 1140.4   7/2-  -7/2  29   -3.24    6.31    6.31   11.81    3.07       7.89    7.89    0.00   -3.08      0.962   0.962   0.000
   7 1203.0   5/2-   1/2  32   -0.02    5.25    5.25    0.93   -0.09      10.35   10.35    0.00   -2.57      1.262   1.262   0.000
   8 1245.6   7/2-   1/2  32   -0.36    5.21    5.21    1.32    0.81      10.52   10.52   -0.00   -1.86      1.282   1.282  -0.000
   9 1331.8   9/2-   9/2  38    2.10    3.31    3.31   17.58    4.00       4.60    4.60   -0.00   -1.43      0.561   0.561  -0.000
  10 1386.6   1/2-   1/2  31    0.50    9.43    9.43    0.25    0.93       9.12    9.12    0.00   -4.28      1.112   1.112   0.000
  
  11 1433.7  11/2- -11/2  27   -5.48    2.75    2.75   30.23    5.06       5.49    5.49    0.00   -1.65      0.669   0.669   0.000
  12 1543.0   5/2-   5/2  28    2.42    6.13    6.13    6.14    2.04       7.55    7.55    0.00   -3.19      0.921   0.921   0.000
  13 1570.3   7/2-  -3/2  33   -0.63    5.30    5.30    1.48    0.77      10.86   10.86   -0.00   -1.94      1.325   1.325  -0.000
  14 1777.2   5/2-   1/2  31    0.39   10.23   10.23    0.36    1.54      10.22   10.22    0.00   -3.59      1.246   1.246   0.000
  15 1893.5   9/2-  -3/2  33   -1.28    4.41    4.41    5.96    1.93      10.17   10.17    0.00   -1.15      1.240   1.240   0.000
  
  16 1966.2   9/2-  -7/2  36   -2.02    3.81    3.81    7.79    2.05       9.86    9.86    0.00   -1.17      1.202   1.202   0.000
  17 2150.1  11/2-  -3/2  26    0.13   23.48   23.48    2.97    6.00       6.97    6.97    0.00   -3.77      0.850   0.850   0.000
  18 2336.4   7/2-   1/2  31    0.29   17.30   17.30    1.29    3.27      12.83   12.83    0.00   -4.52      1.564   1.564   0.000
  19 2405.6  11/2-   9/2  38    1.45    3.59    3.59   16.80    3.42       9.39    9.39    0.00   -0.81      1.145   1.145   0.000
  20 2473.7   9/2-  -7/2  29   -1.00    5.31    5.31   13.78    2.56      11.82   11.82    0.00   -2.39      1.442   1.442   0.000
  
  21 2930.0   9/2-   1/2  31    0.32   12.07   12.07    0.80    2.02      14.79   14.79    0.00   -2.74      1.804   1.804   0.000
  22 3014.6  13/2- -11/2  27   -5.44    2.75    2.75   30.16    4.33      11.97   11.97    0.00   -1.11      1.459   1.459   0.000
  23 3209.0  11/2-  -7/2  36   -2.24    2.97    2.97   11.82    2.20      13.60   13.60    0.00   -0.88      1.658   1.658   0.000
  24 3428.1  11/2-   1/2  32   -0.11    5.10    5.10    1.12    0.71      19.30   19.30    0.00   -1.14      2.352   2.352   0.000
  25 3687.7   1/2-   1/2  25    0.50    7.43    7.43    0.25    0.65       7.37    7.37   -0.00   -3.79      0.898   0.898  -0.000
  
  26 3743.0  13/2-   9/2  38    1.07    3.75    3.75   16.28    3.03      15.11   15.11    0.00   -0.48      1.842   1.842   0.000
  27 3893.6   5/2-   5/2  30    1.24   22.78   22.78    4.88    4.26      16.98   16.98   -0.00   -6.49      2.071   2.071  -0.000
  28 3932.8  13/2-   5/2  30    0.24   22.88   22.88    5.36    4.77      16.64   16.64    0.00   -3.09      2.029   2.029   0.000
  29 3944.5   1/2-   1/2  35    0.50   15.61   15.61    0.25   -0.10      16.20   16.20    0.00   -5.55      1.975   1.975   0.000
  30 4267.8  13/2-  -3/2  33   -0.47    5.66    5.66    1.65    1.47      20.61   20.61   -0.00   -0.42      2.513   2.513  -0.000
  
  31 4749.3  13/2-  -7/2  36   -2.20    3.01    3.01   11.96    1.94      19.83   19.83    0.00   -0.71      2.418   2.418   0.000
  32 8624.1   1/2-   1/2  24    0.50   23.14   23.14    0.25   -3.54      26.71   26.71    0.00   -6.79      3.256   3.256   0.000
