1SPECTRUM OF (Z= 82 A=207) IN PARTICLE-ROTOR  MODEL WITH MODIFIED OSCILLATOR POTENTIAL


 PARITY=-   EPS= 0.584   GAMMA=  0.0   EPS4=0.000   EPS6=0.000   LEVELS:  24  25  26  27  28  29  30  31  32  33  34  35  36  37  38

 PAIRING FACTORS: GN0= 19.20  GN1=  7.40  IPAIR= 15 ***  E2PLUS(INPUT)=   0.730  E2PLUR(INPUT)=   0.000

 CORIOLIS ATTENUATION PARAMETERS:  CHSI=1.000  ETA=  1.00

 MOMENT OF INERTIA PARAMETERS:   A1=  0.122 MEV   A2=  0.122 MEV   A3=121.91924 MEV


 DELTA=0.922 MEV  LAMBDA=53.5832 MEV   HW0= 7.7584 MEV   LAMBDA/HW0= 6.9065

 E2ENERGY=0.730 MEV  HBAR**2/B=63238./A**(7/3)=******/A**2 MEV

 IREC=0  =>  RECOIL TERMS j+j-, j+j+, jzjz, ETC TREATED AS ONE-BODY OPERATORS WITH UU+VV PAIRING FACTORS



 S. P. LEVEL   EQP       U     V        (UU + VV)**1.00

     24       4.552    0.102 0.995      1.000 1.000 1.000 0.999 0.996 0.900 0.731 0.729 0.630 0.430 0.415 0.368 0.343 0.212 0.205
     25       4.284    0.108 0.994      1.000 1.000 1.000 0.999 0.996 0.903 0.736 0.734 0.635 0.436 0.421 0.374 0.349 0.218 0.211
     26       3.856    0.120 0.993      1.000 1.000 1.000 0.999 0.997 0.908 0.744 0.742 0.644 0.447 0.432 0.386 0.361 0.230 0.223
     27       3.062    0.152 0.988      0.999 0.999 0.999 1.000 0.999 0.921 0.765 0.763 0.668 0.475 0.461 0.415 0.391 0.261 0.254
     28       2.419    0.194 0.981      0.996 0.996 0.997 0.999 1.000 0.937 0.792 0.790 0.699 0.512 0.498 0.453 0.430 0.302 0.295
     29       1.031    0.525 0.851      0.900 0.903 0.908 0.921 0.937 1.000 0.955 0.955 0.905 0.780 0.770 0.737 0.718 0.616 0.611
     30       0.930    0.753 0.658      0.731 0.736 0.744 0.765 0.792 0.955 1.000 1.000 0.990 0.930 0.924 0.903 0.892 0.821 0.817
     31       0.931    0.755 0.656      0.729 0.734 0.742 0.763 0.790 0.955 1.000 1.000 0.991 0.931 0.925 0.905 0.893 0.823 0.819
     32       1.006    0.837 0.547      0.630 0.635 0.644 0.668 0.699 0.905 0.990 0.991 1.000 0.972 0.968 0.954 0.946 0.893 0.889
     33       1.457    0.942 0.336      0.430 0.436 0.447 0.475 0.512 0.780 0.930 0.931 0.972 1.000 1.000 0.998 0.996 0.973 0.972
     34       1.518    0.947 0.320      0.415 0.421 0.432 0.461 0.498 0.770 0.924 0.925 0.968 1.000 1.000 0.999 0.997 0.977 0.975
     35       1.762    0.962 0.272      0.368 0.374 0.386 0.415 0.453 0.737 0.903 0.905 0.954 0.998 0.999 1.000 1.000 0.987 0.985
     36       1.933    0.969 0.246      0.343 0.349 0.361 0.391 0.430 0.718 0.892 0.893 0.946 0.996 0.997 1.000 1.000 0.991 0.990
     37       4.178    0.994 0.111      0.212 0.218 0.230 0.261 0.302 0.616 0.821 0.823 0.893 0.973 0.977 0.987 0.991 1.000 1.000
     38       4.458    0.995 0.104      0.205 0.211 0.223 0.254 0.295 0.611 0.817 0.819 0.889 0.972 0.975 0.985 0.990 1.000 1.000

  R CORE   ENERGY   A0R/A00=1.000    R3= 0     2  
   2( 1)    0.732                    1.000 0.000
   2( 2)  487.921                    0.000 1.000

  R CORE   ENERGY   A0R/A00=1.000    R3= 0     2  
   3( 1)  488.652                    0.000 1.000

  R CORE   ENERGY   A0R/A00=1.000    R3= 0     2     4  
   4( 1)    2.438                    1.000 0.000 0.000

  R CORE   ENERGY   A0R/A00=1.000    R3= 0     2     4  
   5( 1)  490.847                    0.000 1.000 0.000

  R CORE   ENERGY   A0R/A00=1.000    R3= 0     2     4     6  
   6( 1)    5.121                    1.000 0.000 0.000 0.000

  R CORE   ENERGY   A0R/A00=1.000    R3= 0     2     4     6  
   7( 1)  494.017                    0.000 1.000 0.000 0.000

          AXIAL SYMMETRY => K RESTRICTED TO OMEGA

                     K
     S.P. ORB#: 24  2.50
     S.P. ORB#: 25  4.50
     S.P. ORB#: 26  0.50
     S.P. ORB#: 27  0.50
     S.P. ORB#: 28  2.50
     S.P. ORB#: 29  2.50
     S.P. ORB#: 30 -5.50
     S.P. ORB#: 31 -3.50
     S.P. ORB#: 32  0.50
     S.P. ORB#: 33 -3.50
     S.P. ORB#: 34 -1.50
     S.P. ORB#: 35  0.50
     S.P. ORB#: 36 -1.50
     S.P. ORB#: 37 -1.50
     S.P. ORB#: 38 -3.50
 

             ENERGY    K= OMEGA
 
 I=  1/2- (1)  3.220  35:-0.999
 
 I=  1/2- (2)  4.851  27:-0.425
                      32: 0.905
 
 I=  1/2- (3)  5.764  26: 0.999
 
 I=  1/2- (4)  6.927  27: 0.905
                      32: 0.425
 
 I=  1/2- (5)147.822  34:-1.000

             ENERGY    K= OMEGA
 
 I=  3/2- (1)  3.289  35:-0.798
                      36:-0.602
 
 I=  3/2- (2)  3.530  26:-0.119
                      35: 0.595
                      36:-0.795

             ENERGY    K= OMEGA
 
 I=  5/2- (1)  2.853  29: 0.995
                      36: 0.098
 
 I=  5/2- (2)  3.848  26: 0.185
                      29: 0.094
                      35: 0.526
                      36:-0.824
 
 I=  5/2- (3)  4.450  26:-0.051
                      35:-0.838
                      36:-0.541
 
 I=  5/2- (4)  4.767  27: 0.488
                      32:-0.771
                      34:-0.294
                      37: 0.284
 
 I=  5/2- (5)  6.286  27: 0.094
                      28: 0.140
                      32: 0.360
                      34:-0.909
                      37:-0.129

             ENERGY    K= OMEGA
 
 I=  7/2- (1)  2.742  24:-0.168
                      29: 0.152
                      31: 0.974
 
 I=  7/2- (2)  3.549  24:-0.059
                      29:-0.938
                      31: 0.134
                      36: 0.134
                      38: 0.281
 
 I=  7/2- (3)  4.508  29:-0.086
                      35:-0.832
                      36:-0.543
                      38: 0.053
 
 I=  7/2- (4)  4.978  24:-0.059
                      26: 0.227
                      29: 0.074
                      35:-0.530
                      36: 0.806
                      38:-0.093
 
 I=  7/2- (5)  5.356  27: 0.338
                      32: 0.850
                      34: 0.115
                      37: 0.383

             ENERGY    K= OMEGA
 
 I=  9/2- (1)  3.617  24:-0.238
                      25: 0.050
                      29: 0.202
                      31:-0.948
 
 I=  9/2- (2)  4.470  24: 0.086
                      29: 0.891
                      31: 0.173
                      36: 0.170
                      38: 0.369
 
 I=  9/2- (3)  5.516  26:-0.295
                      29:-0.132
                      31:-0.058
                      35:-0.540
                      36: 0.765
                      38:-0.114
 
 I=  9/2- (4)  5.534  27:-0.489
                      32: 0.740
                      34: 0.280
                      37:-0.367
 
 I=  9/2- (5)  6.612  24:-0.071
                      25:-0.226
                      26:-0.078
                      35:-0.770
                      36:-0.535
                      38: 0.237

             ENERGY    K= OMEGA
 
 I= 11/2- (1)  2.110  25: 0.163
                      30: 0.986
 
 I= 11/2- (2)  4.713  24:-0.290
                      25: 0.060
                      29: 0.230
                      31: 0.925
 
 I= 11/2- (3)  5.628  24:-0.109
                      29:-0.857
                      31: 0.194
                      36: 0.182
                      38: 0.423
 
 I= 11/2- (4)  6.426  27:-0.383
                      28:-0.078
                      32:-0.799
                      33:-0.050
                      34:-0.142
                      37:-0.432
 
 I= 11/2- (5)  6.707  26: 0.068
                      29:-0.097
                      31: 0.053
                      35:-0.848
                      36:-0.503
                      38: 0.095

             ENERGY    K= OMEGA
 
 I= 13/2- (1)  3.514  25:-0.231
                      30: 0.973
 
 I= 13/2- (2)  6.034  24:-0.331
                      25: 0.061
                      29: 0.245
                      31:-0.905
                      38: 0.067
 
 I= 13/2- (3)  7.012  24: 0.128
                      26:-0.065
                      29: 0.824
                      31: 0.197
                      35:-0.073
                      36: 0.220
                      38: 0.454
 
 I= 13/2- (4)  7.228  27:-0.482
                      32: 0.725
                      34: 0.263
                      37:-0.415
 
 I= 13/2- (5)  8.106  26: 0.376
                      29: 0.158
                      31: 0.098
                      35: 0.533
                      36:-0.715
                      38: 0.163

             ENERGY     K=-7/2
  32 LEVELS    TIME=  0.0 SEC



 ******************* EXCITATION ENERGIES, DOMINANT CONFIGURATION AND EXPECTATION VALUES (WITH S.P. UU+VV FACTORS) *******************

  NR  Eex(keV)  I   Kdom  NY    <Jz>  <Jx**2> <Jy**2> <Jz**2> <I.j>/|I|  <Rx**2> <Ry**2> <Rz**2> <R.j>/|R|  <HROTx> <HROTy> <HROTz>

   1    0.0  11/2- -11/2  30   -5.23    2.88    2.88   29.98    5.23       4.47    4.47    0.00   -1.49      0.545   0.545   0.000
   2  631.7   7/2-  -7/2  31   -3.19    6.51    6.51   11.94    3.37       7.00    7.00    0.00   -3.10      0.853   0.853   0.000
   3  743.5   5/2-   5/2  29    2.46    6.25    6.25    6.21    2.13       7.42    7.42   -0.00   -3.22      0.905   0.905  -0.000
   4 1110.6   1/2-   1/2  35    0.50    5.50    5.50    0.25    0.04       5.96    5.96   -0.00   -3.25      0.727   0.727  -0.000
   5 1179.2   3/2-   1/2  35   -0.22    5.50    5.50    0.97    0.96       6.00    6.00    0.00   -2.92      0.732   0.732   0.000
  
   6 1403.8  13/2- -11/2  30   -4.96    3.01    3.01   29.70    4.64       9.86    9.86    0.00   -0.75      1.202   1.202   0.000
   7 1419.8   3/2-  -3/2  36   -0.76    5.54    5.54    1.51    0.77       6.68    6.68    0.00   -3.04      0.815   0.815   0.000
   8 1439.4   7/2-   5/2  29    1.85    5.89    5.89    6.75    2.02       9.11    9.11    0.00   -2.46      1.110   1.110   0.000
   9 1507.6   9/2-  -7/2  31   -2.90    6.62    6.62   11.68    2.96      10.11   10.11    0.00   -2.27      1.233   1.233   0.000
  10 1738.3   5/2-  -3/2  36   -0.84    5.62    5.62    1.67    1.03       7.79    7.79    0.00   -2.50      0.950   0.950   0.000
  
  11 2340.4   5/2-   1/2  35   -0.08    5.51    5.51    0.85   -0.16      10.79   10.79    0.00   -2.66      1.315   1.315   0.000
  12 2360.4   9/2-   5/2  29    1.38    5.63    5.63    7.12    1.93      11.96   11.96    0.00   -1.79      1.458   1.458   0.000
  13 2398.4   7/2-   1/2  35   -0.09    5.50    5.50    0.93    0.71      11.02   11.02   -0.00   -1.94      1.343   1.343  -0.000
  14 2603.0  11/2-  -7/2  31   -2.65    6.71    6.71   11.46    2.70      14.16   14.16    0.00   -1.64      1.726   1.726   0.000
  15 2657.1   5/2-   1/2  32    0.17   14.65   14.65    0.59    2.41      12.18   12.18    0.00   -4.61      1.485   1.485   0.000
  
  16 2741.0   1/2-   1/2  32    0.50   14.87   14.87    0.25    1.30      14.24   14.24    0.00   -5.41      1.736   1.736   0.000
  17 2868.0   7/2-  -3/2  36   -0.82    5.61    5.61    1.71    0.55      12.17   12.17    0.00   -2.18      1.484   1.484   0.000
  18 3245.9   7/2-   1/2  32    0.18   17.75   17.75    0.59    2.77      14.92   14.92    0.00   -4.59      1.819   1.819   0.000
  19 3405.9   9/2-  -3/2  36   -0.70    5.71    5.71    1.74    0.97      14.13   14.13    0.00   -1.57      1.723   1.723   0.000
  20 3424.3   9/2-   1/2  32    0.07   14.72   14.72    0.68    2.57      14.63   14.63    0.00   -3.20      1.784   1.784   0.000
  
  21 3518.5  11/2-   5/2  29    1.07    5.43    5.43    7.42    1.84      16.03   16.03   -0.00   -1.29      1.955   1.955  -0.000
  22 3653.9   1/2-   1/2  26    0.50    7.89    7.89    0.25    0.63       7.84    7.84    0.00   -3.91      0.956   0.956   0.000
  23 3923.7  13/2-  -7/2  31   -2.46    6.79    6.79   11.28    2.53      19.16   19.16    0.00   -1.16      2.336   2.336   0.000
  24 4176.1   5/2-  -3/2  34   -1.14   17.04   17.04    2.05    0.99      19.51   19.51    0.00   -5.32      2.379   2.379   0.000
  25 4316.3  11/2-   1/2  32    0.09   17.83   17.83    0.73    2.94      18.48   18.48    0.00   -3.09      2.253   2.253   0.000
  
  26 4502.6   9/2-   1/2  35   -0.08    5.46    5.46    2.56    0.14      18.44   18.44    0.00   -2.11      2.248   2.248   0.000
  27 4597.6  11/2-   1/2  35   -0.03    5.49    5.49    0.97    0.64      19.99   19.99    0.00   -1.28      2.437   2.437   0.000
  28 4817.1   1/2-   1/2  27    0.50   15.82   15.82    0.25   -1.22      17.37   17.37    0.00   -5.59      2.118   2.118   0.000
  29 4902.5  13/2-   5/2  29    0.82    5.31    5.31    7.50    1.76      21.15   21.15    0.00   -0.90      2.579   2.579   0.000
  30 5117.8  13/2-   1/2  32    0.02   14.82   14.82    0.73    2.63      21.17   21.17    0.00   -1.84      2.581   2.581   0.000
  
  31 5995.8  13/2-  -3/2  36   -0.61    5.80    5.80    1.88    0.99      24.24   24.24    0.00   -0.95      2.955   2.955   0.000
  32*******   1/2-  -3/2  34    0.00    0.00    0.00    0.00   -0.00       0.00    0.00    0.00   -0.00      0.000   0.000   0.000
