1SPECTRUM OF (Z= 82 A=207) IN PARTICLE-ROTOR  MODEL WITH MODIFIED OSCILLATOR POTENTIAL


 PARITY=-   EPS= 0.484   GAMMA=  0.0   EPS4=0.000   EPS6=0.000   LEVELS:  24  25  26  27  28  29  30  31  32  33  34  35  36  37  38

 PAIRING FACTORS: GN0= 19.20  GN1=  7.40  IPAIR= 15 ***  E2PLUS(INPUT)=   0.730  E2PLUR(INPUT)=   0.000

 CORIOLIS ATTENUATION PARAMETERS:  CHSI=1.000  ETA=  1.00

 MOMENT OF INERTIA PARAMETERS:   A1=  0.122 MEV   A2=  0.122 MEV   A3=121.91924 MEV


 DELTA=0.849 MEV  LAMBDA=53.4402 MEV   HW0= 7.6377 MEV   LAMBDA/HW0= 6.9969

 E2ENERGY=0.730 MEV  HBAR**2/B=43436./A**(7/3)=7342.7/A**2 MEV

 IREC=0  =>  RECOIL TERMS j+j-, j+j+, jzjz, ETC TREATED AS ONE-BODY OPERATORS WITH UU+VV PAIRING FACTORS



 S. P. LEVEL   EQP       U     V        (UU + VV)**1.00

     24       4.838    0.088 0.996      1.000 1.000 0.999 0.993 0.988 0.973 0.967 0.949 0.614 0.542 0.343 0.301 0.258 0.251 0.226
     25       4.096    0.104 0.995      1.000 1.000 1.000 0.994 0.991 0.977 0.971 0.954 0.626 0.555 0.358 0.316 0.274 0.267 0.242
     26       3.473    0.123 0.992      0.999 1.000 1.000 0.996 0.993 0.981 0.975 0.959 0.641 0.571 0.376 0.334 0.292 0.285 0.261
     27       2.087    0.208 0.978      0.993 0.994 0.996 1.000 0.999 0.994 0.991 0.980 0.705 0.639 0.454 0.414 0.373 0.366 0.342
     28       1.827    0.239 0.971      0.988 0.991 0.993 0.999 1.000 0.997 0.994 0.986 0.727 0.664 0.482 0.443 0.403 0.396 0.373
     29       1.416    0.316 0.949      0.973 0.977 0.981 0.994 0.997 1.000 1.000 0.996 0.780 0.721 0.551 0.513 0.474 0.468 0.445
     30       1.327    0.340 0.940      0.967 0.971 0.975 0.991 0.994 1.000 1.000 0.998 0.795 0.739 0.572 0.535 0.497 0.490 0.468
     31       1.160    0.399 0.917      0.949 0.954 0.959 0.980 0.986 0.996 0.998 1.000 0.832 0.780 0.623 0.587 0.551 0.545 0.523
     32       0.932    0.840 0.542      0.614 0.626 0.641 0.705 0.727 0.780 0.795 0.832 1.000 0.996 0.952 0.937 0.921 0.918 0.908
     33       1.030    0.885 0.466      0.542 0.555 0.571 0.639 0.664 0.721 0.739 0.780 0.996 1.000 0.975 0.965 0.952 0.950 0.941
     34       1.697    0.966 0.259      0.343 0.358 0.376 0.454 0.482 0.551 0.572 0.623 0.952 0.975 1.000 0.999 0.996 0.995 0.993
     35       2.017    0.977 0.215      0.301 0.316 0.334 0.414 0.443 0.513 0.535 0.587 0.937 0.965 0.999 1.000 0.999 0.999 0.997
     36       2.501    0.985 0.172      0.258 0.274 0.292 0.373 0.403 0.474 0.497 0.551 0.921 0.952 0.996 0.999 1.000 1.000 0.999
     37       2.607    0.986 0.165      0.251 0.267 0.285 0.366 0.396 0.468 0.490 0.545 0.918 0.950 0.995 0.999 1.000 1.000 1.000
     38       3.068    0.990 0.140      0.226 0.242 0.261 0.342 0.373 0.445 0.468 0.523 0.908 0.941 0.993 0.997 0.999 1.000 1.000

  R CORE   ENERGY   A0R/A00=1.000    R3= 0     2  
   2( 1)    0.732                    1.000 0.000
   2( 2)  487.921                    0.000 1.000

  R CORE   ENERGY   A0R/A00=1.000    R3= 0     2  
   3( 1)  488.652                    0.000 1.000

  R CORE   ENERGY   A0R/A00=1.000    R3= 0     2     4  
   4( 1)    2.438                    1.000 0.000 0.000

  R CORE   ENERGY   A0R/A00=1.000    R3= 0     2     4  
   5( 1)  490.847                    0.000 1.000 0.000

  R CORE   ENERGY   A0R/A00=1.000    R3= 0     2     4     6  
   6( 1)    5.121                    1.000 0.000 0.000 0.000

  R CORE   ENERGY   A0R/A00=1.000    R3= 0     2     4     6  
   7( 1)  494.017                    0.000 1.000 0.000 0.000

          AXIAL SYMMETRY => K RESTRICTED TO OMEGA

                     K
     S.P. ORB#: 24  2.50
     S.P. ORB#: 25  0.50
     S.P. ORB#: 26 -1.50
     S.P. ORB#: 27 -5.50
     S.P. ORB#: 28  2.50
     S.P. ORB#: 29  2.50
     S.P. ORB#: 30 -3.50
     S.P. ORB#: 31  0.50
     S.P. ORB#: 32  0.50
     S.P. ORB#: 33 -1.50
     S.P. ORB#: 34 -3.50
     S.P. ORB#: 35  0.50
     S.P. ORB#: 36 -3.50
     S.P. ORB#: 37 -1.50
     S.P. ORB#: 38  4.50
 

             ENERGY    K= OMEGA
 
 I=  1/2- (1)  2.316  32: 0.999
 
 I=  1/2- (2)  4.378  31: 0.920
                      35:-0.392
 
 I=  1/2- (3)  5.901  25: 0.999
 
 I=  1/2- (4)  6.317  31:-0.392
                      35:-0.920
 
 I=  1/2- (5)147.333  33:-1.000

             ENERGY    K= OMEGA
 
 I=  3/2- (1)  2.359  32: 0.691
                      33:-0.722
 
 I=  3/2- (2)  2.582  25:-0.142
                      32:-0.714
                      33:-0.686

             ENERGY    K= OMEGA
 
 I=  5/2- (1)  2.795  25: 0.194
                      28:-0.093
                      32:-0.516
                      33:-0.828
 
 I=  5/2- (2)  3.507  25:-0.060
                      28:-0.369
                      32: 0.799
                      33:-0.468
 
 I=  5/2- (3)  3.656  28:-0.924
                      32:-0.269
                      33: 0.272
 
 I=  5/2- (4)  4.724  26: 0.125
                      29:-0.106
                      31:-0.823
                      35: 0.485
                      37: 0.246
 
 I=  5/2- (5)  6.385  26: 0.477
                      29:-0.840
                      35:-0.255

             ENERGY    K= OMEGA
 
 I=  7/2- (1)  2.995  24:-0.227
                      28: 0.077
                      30: 0.961
                      33: 0.099
                      36: 0.088
 
 I=  7/2- (2)  3.358  28:-0.328
                      30:-0.074
                      32:-0.065
                      33: 0.119
                      36: 0.932
 
 I=  7/2- (3)  3.562  30:-0.076
                      32:-0.760
                      33: 0.622
                      36:-0.156
 
 I=  7/2- (4)  3.922  24: 0.057
                      25:-0.255
                      28: 0.135
                      30: 0.052
                      32:-0.616
                      33:-0.722
                      36: 0.104
 
 I=  7/2- (5)  4.643  24: 0.061
                      28: 0.929
                      30:-0.105
                      33: 0.175
                      36: 0.298

             ENERGY    K= OMEGA
 
 I=  9/2- (1)  3.432  24:-0.245
                      28: 0.113
                      30:-0.777
                      33:-0.087
                      36: 0.103
                      38: 0.552
 
 I=  9/2- (2)  4.189  24: 0.146
                      25:-0.184
                      28: 0.261
                      30: 0.242
                      32: 0.309
                      33: 0.498
                      36: 0.598
                      38: 0.343
 
 I=  9/2- (3)  4.378  25: 0.247
                      28: 0.096
                      30: 0.276
                      32:-0.451
                      33:-0.580
                      36: 0.533
                      38: 0.164
 
 I=  9/2- (4)  4.571  24: 0.132
                      28:-0.332
                      30: 0.381
                      36:-0.428
                      38: 0.737
 
 I=  9/2- (5)  5.460  26:-0.411
                      29: 0.548
                      31: 0.558
                      34:-0.299
                      35:-0.278
                      37:-0.230

             ENERGY    K= OMEGA
 
 I= 11/2- (1)  3.427  27:-0.999
 
 I= 11/2- (2)  4.302  24:-0.296
                      28: 0.127
                      30: 0.782
                      33: 0.088
                      36:-0.116
                      38: 0.511
 
 I= 11/2- (3)  5.432  24: 0.171
                      28: 0.352
                      30:-0.264
                      32: 0.155
                      33:-0.311
                      36:-0.751
                      38: 0.303
 
 I= 11/2- (4)  5.518  26: 0.451
                      29: 0.535
                      31: 0.580
                      34: 0.272
                      35: 0.222
                      37: 0.226
 
 I= 11/2- (5)  5.764  25: 0.096
                      28:-0.055
                      30: 0.117
                      32: 0.814
                      33:-0.472
                      36: 0.296

             ENERGY    K= OMEGA
 
 I= 13/2- (1)  5.007  27:-0.995
                      30:-0.066
                      38: 0.074
 
 I= 13/2- (2)  5.426  24:-0.338
                      27: 0.100
                      28: 0.129
                      30:-0.779
                      33:-0.117
                      36: 0.115
                      38: 0.472
 
 I= 13/2- (3)  6.541  26:-0.504
                      29: 0.663
                      31: 0.357
                      34:-0.365
                      35:-0.125
                      37:-0.174
 
 I= 13/2- (4)  6.622  24:-0.114
                      25: 0.339
                      28:-0.247
                      32:-0.464
                      33:-0.658
                      36:-0.342
                      38:-0.209
 
 I= 13/2- (5)  7.020  24: 0.127
                      25: 0.195
                      28: 0.310
                      30: 0.285
                      32:-0.301
                      33:-0.287
                      36: 0.751
                      38: 0.180

             ENERGY     K= 9/2
  32 LEVELS    TIME=  0.0 SEC



 ******************* EXCITATION ENERGIES, DOMINANT CONFIGURATION AND EXPECTATION VALUES (WITH S.P. UU+VV FACTORS) *******************

  NR  Eex(keV)  I   Kdom  NY    <Jz>  <Jx**2> <Jy**2> <Jz**2> <I.j>/|I|  <Rx**2> <Ry**2> <Rz**2> <R.j>/|R|  <HROTx> <HROTy> <HROTz>

   1    0.0   1/2-   1/2  32    0.50    5.26    5.26    0.25    0.12       5.65    5.65    0.00   -3.17      0.689   0.689   0.000
   2   42.9   3/2-  -3/2  33   -0.54    5.25    5.25    1.29    1.10       5.64    5.64    0.00   -2.88      0.687   0.687   0.000
   3  266.4   3/2-   1/2  32   -0.44    5.25    5.25    1.19    0.73       6.32    6.32    0.00   -2.89      0.770   0.770   0.000
   4  479.0   5/2-  -3/2  33   -0.85    5.39    5.39    1.69    1.29       6.80    6.80    0.00   -2.35      0.830   0.830   0.000
   5  679.7   7/2-  -7/2  30   -3.13    6.40    6.40   11.80    3.55       6.06    6.06    0.00   -3.01      0.739   0.739   0.000
  
   6 1041.9   7/2-  -7/2  36   -2.81    2.80    2.80   11.41    3.13       3.95    3.95    0.00   -1.63      0.482   0.482   0.000
   7 1111.0  11/2- -11/2  27   -5.49    2.75    2.75   30.23    5.06       5.49    5.49    0.00   -1.65      0.669   0.669   0.000
   8 1116.6   9/2-  -7/2  30   -0.61    5.30    5.30   14.16    3.87       5.52    5.52    0.00   -1.66      0.673   0.673   0.000
   9 1191.5   5/2-   1/2  32    0.34    5.38    5.38    1.52    0.21       9.89    9.89    0.00   -2.62      1.206   1.206   0.000
  10 1245.8   7/2-   1/2  32   -0.39    5.17    5.17    1.41    0.84      10.42   10.42    0.00   -1.84      1.270   1.270   0.000
  
  11 1340.0   5/2-   5/2  28    2.06    6.00    6.00    5.52    1.74       8.00    8.00    0.00   -3.10      0.976   0.976   0.000
  12 1605.9   7/2-  -3/2  33   -0.55    5.32    5.32    1.58    0.75      11.02   11.02    0.00   -1.97      1.343   1.343   0.000
  13 1872.8   9/2-  -7/2  36   -1.01    4.01    4.01    8.63    2.39       8.80    8.80    0.00   -1.13      1.072   1.072   0.000
  14 1985.9  11/2-  -7/2  30   -0.77    5.54    5.54   13.66    3.56       8.97    8.97   -0.00   -0.82      1.094   1.094  -0.000
  15 2061.8   9/2-  -3/2  33   -1.49    4.51    4.51    5.86    1.78      10.95   10.95    0.00   -1.29      1.335   1.335   0.000
  
  16 2062.6   1/2-   1/2  31    0.50   12.96   12.96    0.25    0.93      12.66   12.66   -0.00   -5.04      1.543   1.543  -0.000
  17 2254.8   9/2-   9/2  38    1.61    3.60    3.60   15.81    3.18       8.07    8.07    0.00   -1.79      0.984   0.984   0.000
  18 2327.3   7/2-   5/2  28    1.77    5.75    5.75    6.71    1.41      11.37   11.37    0.00   -2.64      1.386   1.386   0.000
  19 2408.0   5/2-   1/2  31    0.37   13.58   13.58    0.47    1.66      13.27   13.27   -0.00   -4.41      1.618   1.618  -0.000
  20 2691.5  13/2- -11/2  27   -5.43    2.77    2.77   30.09    4.33      11.96   11.96    0.00   -1.10      1.458   1.458   0.000
  
  21 3110.4  13/2-  -7/2  30   -0.91    5.74    5.74   13.25    3.34      13.45   13.45   -0.00   -0.28      1.639   1.639  -0.000
  22 3116.5  11/2-  -7/2  36   -1.56    3.40    3.40   10.80    2.30      12.94   12.94    0.00   -0.76      1.577   1.577   0.000
  23 3143.7   9/2-   1/2  31    0.30   18.92   18.92    3.57    3.65      14.93   14.93   -0.00   -4.26      1.820   1.820  -0.000
  24 3202.5  11/2-   1/2  31    0.27   19.76   19.76    3.37    4.07      15.01   15.01    0.00   -3.39      1.830   1.830   0.000
  25 3448.5  11/2-   1/2  32   -0.35    4.97    4.97    1.93    0.80      19.01   19.01    0.00   -1.15      2.318   2.318   0.000
  
  26 3585.5   1/2-   1/2  25    0.50    7.49    7.49    0.25    0.65       7.43    7.43   -0.00   -3.81      0.905   0.905  -0.000
  27 4001.2   1/2-   1/2  35    0.50   17.03   17.03    0.25   -0.74      18.18   18.18    0.00   -5.80      2.216   2.216   0.000
  28 4069.3   5/2-   5/2  29    1.45   22.25   22.25    4.94    3.65      18.29   18.29    0.00   -6.39      2.230   2.230   0.000
  29 4225.4  13/2-   5/2  29    0.28   21.39   21.39    5.05    4.24      18.67   18.67   -0.00   -2.98      2.276   2.276  -0.000
  30 4305.9  13/2-  -3/2  33   -0.52    5.16    5.16    3.86    1.63      20.09   20.09    0.00   -0.44      2.450   2.450   0.000
  
  31 4704.0  13/2-  -7/2  36   -1.89    3.64    3.64    9.47    1.86      19.79   19.79    0.00   -0.60      2.413   2.413   0.000
  32*******   1/2-  -3/2  33    0.00    0.00    0.00    0.00   -0.00       0.00    0.00   -0.00   -0.00      0.000   0.000  -0.000
