1SPECTRUM OF (Z= 82 A=207) IN PARTICLE-ROTOR  MODEL WITH MODIFIED OSCILLATOR POTENTIAL


 PARITY=-   EPS= 0.408   GAMMA=  0.0   EPS4=0.000   EPS6=0.000   LEVELS:  24  25  26  27  28  29  30  31  32  33  34  35  36  37  38

 PAIRING FACTORS: GN0= 19.20  GN1=  7.40  IPAIR= 15 ***  E2PLUS(INPUT)=   0.730  E2PLUR(INPUT)=   0.000

 CORIOLIS ATTENUATION PARAMETERS:  CHSI=1.000  ETA=  1.00

 MOMENT OF INERTIA PARAMETERS:   A1=  0.122 MEV   A2=  0.122 MEV   A3=121.91924 MEV


 DELTA=0.842 MEV  LAMBDA=53.4856 MEV   HW0= 7.5667 MEV   LAMBDA/HW0= 7.0685

 E2ENERGY=0.730 MEV  HBAR**2/B=30866./A**(7/3)=5217.8/A**2 MEV

 IREC=0  =>  RECOIL TERMS j+j-, j+j+, jzjz, ETC TREATED AS ONE-BODY OPERATORS WITH UU+VV PAIRING FACTORS



 S. P. LEVEL   EQP       U     V        (UU + VV)**1.00

     24       4.294    0.099 0.995      1.000 1.000 1.000 0.998 0.996 0.994 0.904 0.890 0.857 0.505 0.470 0.355 0.325 0.236 0.222
     25       3.532    0.120 0.993      1.000 1.000 1.000 0.999 0.998 0.996 0.913 0.900 0.868 0.524 0.489 0.375 0.345 0.257 0.243
     26       3.412    0.124 0.992      1.000 1.000 1.000 0.999 0.998 0.996 0.915 0.902 0.870 0.527 0.493 0.379 0.349 0.261 0.247
     27       2.628    0.162 0.987      0.998 0.999 0.999 1.000 1.000 0.999 0.930 0.918 0.889 0.560 0.526 0.414 0.385 0.298 0.284
     28       2.263    0.190 0.982      0.996 0.998 0.998 1.000 1.000 1.000 0.940 0.928 0.901 0.582 0.549 0.439 0.410 0.324 0.310
     29       2.072    0.208 0.978      0.994 0.996 0.996 0.999 1.000 1.000 0.946 0.935 0.909 0.597 0.564 0.456 0.427 0.342 0.328
     30       0.955    0.514 0.858      0.904 0.913 0.915 0.930 0.940 0.946 1.000 0.999 0.995 0.825 0.802 0.720 0.697 0.628 0.617
     31       0.925    0.541 0.841      0.890 0.900 0.902 0.918 0.928 0.935 0.999 1.000 0.998 0.843 0.820 0.742 0.720 0.653 0.642
     32       0.879    0.597 0.802      0.857 0.868 0.870 0.889 0.901 0.909 0.995 0.998 1.000 0.877 0.857 0.785 0.765 0.703 0.692
     33       1.110    0.909 0.418      0.505 0.524 0.527 0.560 0.582 0.597 0.825 0.843 0.877 1.000 0.999 0.986 0.980 0.958 0.954
     34       1.197    0.925 0.381      0.470 0.489 0.493 0.526 0.549 0.564 0.802 0.820 0.857 0.999 1.000 0.992 0.987 0.969 0.965
     35       1.674    0.965 0.261      0.355 0.375 0.379 0.414 0.439 0.456 0.720 0.742 0.785 0.986 0.992 1.000 0.999 0.992 0.990
     36       1.884    0.973 0.230      0.325 0.345 0.349 0.385 0.410 0.427 0.697 0.720 0.765 0.980 0.987 0.999 1.000 0.996 0.994
     37       3.058    0.990 0.139      0.236 0.257 0.261 0.298 0.324 0.342 0.628 0.653 0.703 0.958 0.969 0.992 0.996 1.000 1.000
     38       3.409    0.992 0.125      0.222 0.243 0.247 0.284 0.310 0.328 0.617 0.642 0.692 0.954 0.965 0.990 0.994 1.000 1.000

  R CORE   ENERGY   A0R/A00=1.000    R3= 0     2  
   2( 1)    0.732                    1.000 0.000
   2( 2)  487.921                    0.000 1.000

  R CORE   ENERGY   A0R/A00=1.000    R3= 0     2  
   3( 1)  488.652                    0.000 1.000

  R CORE   ENERGY   A0R/A00=1.000    R3= 0     2     4  
   4( 1)    2.438                    1.000 0.000 0.000

  R CORE   ENERGY   A0R/A00=1.000    R3= 0     2     4  
   5( 1)  490.847                    0.000 1.000 0.000

  R CORE   ENERGY   A0R/A00=1.000    R3= 0     2     4     6  
   6( 1)    5.121                    1.000 0.000 0.000 0.000

  R CORE   ENERGY   A0R/A00=1.000    R3= 0     2     4     6  
   7( 1)  494.017                    0.000 1.000 0.000 0.000

          AXIAL SYMMETRY => K RESTRICTED TO OMEGA

                     K
     S.P. ORB#: 24  0.50
     S.P. ORB#: 25 -5.50
     S.P. ORB#: 26  0.50
     S.P. ORB#: 27  2.50
     S.P. ORB#: 28 -1.50
     S.P. ORB#: 29 -3.50
     S.P. ORB#: 30  0.50
     S.P. ORB#: 31  2.50
     S.P. ORB#: 32 -1.50
     S.P. ORB#: 33  0.50
     S.P. ORB#: 34 -3.50
     S.P. ORB#: 35  4.50
     S.P. ORB#: 36 -3.50
     S.P. ORB#: 37  0.50
     S.P. ORB#: 38 -1.50
 

             ENERGY    K= OMEGA
 
 I=  1/2- (1)  2.270  30: 0.999
 
 I=  1/2- (2)  4.003  26:-0.203
                      33: 0.917
                      37:-0.343
 
 I=  1/2- (3)  5.998  24: 0.999
 
 I=  1/2- (4)  7.045  26:-0.296
                      33: 0.277
                      37: 0.914
 
 I=  1/2- (5)  9.657  26: 0.933
                      33: 0.287
                      37: 0.215

             ENERGY    K= OMEGA
 
 I=  3/2- (1)  2.194  24:-0.050
                      30: 0.366
                      32:-0.929
 
 I=  3/2- (2)  2.430  24:-0.194
                      30:-0.916
                      32:-0.351

             ENERGY    K= OMEGA
 
 I=  5/2- (1)  2.482  24:-0.252
                      30: 0.485
                      32: 0.836
 
 I=  5/2- (2)  3.443  24:-0.067
                      30: 0.854
                      32:-0.513
 
 I=  5/2- (3)  4.056  26: 0.156
                      33:-0.810
                      37: 0.484
                      38:-0.289
 
 I=  5/2- (4)  4.422  27: 0.998
                      32:-0.058
 
 I=  5/2- (5)  5.748  26: 0.212
                      28:-0.601
                      31: 0.768

             ENERGY    K= OMEGA
 
 I=  7/2- (1)  2.098  27: 0.147
                      34:-0.989
 
 I=  7/2- (2)  3.433  24:-0.086
                      27: 0.068
                      30: 0.463
                      32:-0.879
 
 I=  7/2- (3)  3.572  24:-0.329
                      30:-0.849
                      32:-0.412
 
 I=  7/2- (4)  3.984  27: 0.175
                      29: 0.983
 
 I=  7/2- (5)  4.006  26: 0.068
                      28:-0.105
                      31:-0.144
                      33:-0.875
                      36:-0.058
                      37:-0.242
                      38: 0.369

             ENERGY    K= OMEGA
 
 I=  9/2- (1)  2.600  27: 0.088
                      29:-0.175
                      34: 0.375
                      35: 0.906
 
 I=  9/2- (2)  3.194  27:-0.195
                      29:-0.106
                      34:-0.900
                      35: 0.372
 
 I=  9/2- (3)  3.760  24:-0.383
                      30: 0.534
                      32: 0.750
                      34:-0.060
 
 I=  9/2- (4)  4.779  28:-0.280
                      31: 0.412
                      33: 0.640
                      36:-0.230
                      37:-0.431
                      38: 0.324
 
 I=  9/2- (5)  4.935  26: 0.240
                      28:-0.478
                      31: 0.567
                      33:-0.402
                      36:-0.329
                      37: 0.312
                      38:-0.161

             ENERGY    K= OMEGA
 
 I= 11/2- (1)  3.657  26: 0.537
                      28: 0.568
                      31: 0.482
                      33: 0.284
                      36: 0.221
                      37: 0.087
                      38:-0.138
 
 I= 11/2- (2)  3.745  27:-0.134
                      29:-0.236
                      34: 0.448
                      35:-0.850
 
 I= 11/2- (3)  4.513  25: 0.070
                      27:-0.230
                      29: 0.155
                      34: 0.850
                      35: 0.439
 
 I= 11/2- (4)  4.876  25:-0.997
                      35: 0.065
 
 I= 11/2- (5)  5.029  26: 0.300
                      28: 0.158
                      31: 0.090
                      33:-0.798
                      36: 0.052
                      37:-0.283
                      38: 0.397

             ENERGY    K= OMEGA
 
 I= 13/2- (1)  5.126  25: 0.052
                      27:-0.172
                      29: 0.278
                      34:-0.484
                      35:-0.809
 
 I= 13/2- (2)  5.437  26: 0.192
                      28:-0.557
                      31: 0.678
                      33: 0.145
                      36:-0.390
                      37:-0.062
                      38: 0.124
 
 I= 13/2- (3)  5.862  24:-0.450
                      27: 0.102
                      30: 0.521
                      32: 0.680
                      34: 0.163
                      35:-0.155
 
 I= 13/2- (4)  6.076  24: 0.117
                      25: 0.099
                      27: 0.237
                      29: 0.187
                      30:-0.143
                      32:-0.159
                      34: 0.801
                      35:-0.446
 
 I= 13/2- (5)  6.465  25:-0.993
                      34: 0.059
                      35:-0.085

             ENERGY     K=-3/2
  32 LEVELS    TIME=  0.0 SEC



 ******************* EXCITATION ENERGIES, DOMINANT CONFIGURATION AND EXPECTATION VALUES (WITH S.P. UU+VV FACTORS) *******************

  NR  Eex(keV)  I   Kdom  NY    <Jz>  <Jx**2> <Jy**2> <Jz**2> <I.j>/|I|  <Rx**2> <Ry**2> <Rz**2> <R.j>/|R|  <HROTx> <HROTy> <HROTz>

   1    0.0   7/2-  -7/2  34   -3.37    2.31    2.31   12.12    3.19       3.56    3.56    0.00   -1.52      0.434   0.434   0.000
   2   96.3   3/2-  -3/2  32   -1.23    5.04    5.04    1.98    1.34       5.31    5.31    0.00   -2.90      0.648   0.648   0.000
   3  172.6   1/2-   1/2  30    0.50    5.05    5.05    0.25    0.22       5.36    5.36    0.00   -3.10      0.654   0.654   0.000
   4  332.2   3/2-   1/2  30    0.25    4.92    4.92    0.50    0.76       5.57    5.57    0.00   -2.66      0.679   0.679   0.000
   5  384.7   5/2-  -3/2  32   -0.90    5.26    5.26    1.66    1.65       5.60    5.60    0.00   -2.19      0.683   0.683   0.000
  
   6  502.1   9/2-   9/2  35    3.12    2.52    2.52   18.77    4.08       3.99    3.99   -0.00   -1.25      0.487   0.487  -0.000
   7 1096.7   9/2-  -7/2  34   -2.16    2.38    2.38   13.10    2.74       7.66    7.66    0.00   -1.08      0.934   0.934   0.000
   8 1334.8   7/2-  -3/2  32   -1.04    5.07    5.07    1.84    0.91      10.26   10.26    0.00   -1.85      1.251   1.251   0.000
   9 1344.9   5/2-   1/2  30   -0.02    5.07    5.07    0.79   -0.12      10.20   10.20    0.00   -2.50      1.244   1.244   0.000
  10 1474.1   7/2-   1/2  30    0.16    4.98    4.98    0.60    0.97       9.29    9.29    0.00   -1.55      1.133   1.133   0.000
  
  11 1559.1  11/2-  -3/2  28    0.09   23.62   23.62    2.92    6.18       5.98    5.98    0.00   -3.81      0.729   0.729   0.000
  12 1647.3  11/2-   9/2  35    2.39    2.68    2.68   17.96    3.48       8.71    8.71   -0.00   -0.60      1.062   1.062  -0.000
  13 1662.1   9/2-  -3/2  32   -0.64    5.50    5.50    1.43    1.80       9.65    9.65    0.00   -0.80      1.177   1.177   0.000
  14 1886.2   7/2-  -7/2  29   -3.31    6.26    6.26   12.04    3.12       7.78    7.78    0.00   -3.09      0.949   0.949   0.000
  15 1904.9   1/2-   1/2  33    0.50   10.95   10.95    0.25    1.06      10.53   10.53    0.00   -4.63      1.284   1.284   0.000
  
  16 1908.6   7/2-   1/2  33    0.23   15.11   15.11    0.71    3.35      10.04   10.04    0.00   -3.93      1.224   1.224   0.000
  17 1958.6   5/2-   1/2  33    0.33   11.47   11.47    0.42    2.32       9.19    9.19    0.00   -3.85      1.120   1.120   0.000
  18 2324.6   5/2-   5/2  27    2.48    6.08    6.08    6.23    2.09       7.39    7.39    0.00   -3.18      0.901   0.901   0.000
  19 2414.9  11/2-  -7/2  34   -1.65    2.46    2.46   13.54    2.40      12.78   12.78    0.00   -0.82      1.558   1.558   0.000
  20 2680.8   9/2-   1/2  33    0.26   16.32   16.32    2.27    3.55      12.17   12.17    0.00   -3.50      1.483   1.483   0.000
  
  21 2778.8  11/2- -11/2  25   -5.45    2.75    2.75   30.16    5.04       5.57    5.57    0.00   -1.66      0.679   0.679   0.000
  22 2837.4   9/2-   5/2  31    0.20   19.10   19.10    3.99    4.13      12.94   12.94    0.00   -4.26      1.578   1.578   0.000
  23 2931.6  11/2-   1/2  33    0.14   13.56   13.56    0.70    3.14      12.98   12.98    0.00   -1.77      1.582   1.582   0.000
  24 3028.5  13/2-   9/2  35    1.91    2.84    2.84   17.33    3.08      14.36   14.36    0.00   -0.28      1.751   1.751   0.000
  25 3339.1  13/2-   5/2  31    0.16   23.57   23.57    5.49    5.02      15.62   15.62    0.00   -3.14      1.904   1.904   0.000
  
  26 3650.8   5/2-   5/2  31    0.96   23.55   23.55    4.52    4.35      17.33   17.33    0.00   -6.58      2.112   2.112   0.000
  27 3764.8  13/2-  -3/2  32   -0.43    5.52    5.52    2.08    1.95      17.31   17.31    0.00    0.08      2.111   2.111   0.000
  28 3900.4   1/2-   1/2  24    0.50    7.07    7.07    0.25    0.64       7.02    7.02   -0.00   -3.69      0.856   0.856  -0.000
  29 3977.9  13/2-  -7/2  34   -1.41    2.71    2.71   13.02    2.10      18.95   18.95    0.00   -0.62      2.310   2.310   0.000
  30 4367.2  13/2- -11/2  25   -5.41    2.75    2.75   30.07    4.30      12.13   12.13    0.00   -1.13      1.479   1.479   0.000
  
  31 4947.3   1/2-   1/2  37    0.50   15.85   15.85    0.25   -0.56      16.83   16.83   -0.00   -5.59      2.052   2.052  -0.000
  32 7559.7   1/2-   1/2  26    0.50   22.97   22.97    0.25   -3.46      26.46   26.46   -0.00   -6.76      3.226   3.226  -0.000
