1SPECTRUM OF (Z= 82 A=207) IN PARTICLE-ROTOR  MODEL WITH MODIFIED OSCILLATOR POTENTIAL


 PARITY=-   EPS= 0.563   GAMMA=  0.0   EPS4=0.000   EPS6=0.000   LEVELS:  24  25  26  27  28  29  30  31  32  33  34  35  36  37  38

 PAIRING FACTORS: GN0= 19.20  GN1=  7.40  IPAIR= 15 ***  E2PLUS(INPUT)=   0.730  E2PLUR(INPUT)=   0.000

 CORIOLIS ATTENUATION PARAMETERS:  CHSI=1.000  ETA=  1.00

 MOMENT OF INERTIA PARAMETERS:   A1=  0.122 MEV   A2=  0.122 MEV   A3=121.91924 MEV


 DELTA=0.910 MEV  LAMBDA=53.5049 MEV   HW0= 7.7302 MEV   LAMBDA/HW0= 6.9215

 E2ENERGY=0.730 MEV  HBAR**2/B=58772./A**(7/3)=9935.3/A**2 MEV

 IREC=0  =>  RECOIL TERMS j+j-, j+j+, jzjz, ETC TREATED AS ONE-BODY OPERATORS WITH UU+VV PAIRING FACTORS



 S. P. LEVEL   EQP       U     V        (UU + VV)**1.00

     24       4.583    0.100 0.995      1.000 1.000 1.000 0.997 0.993 0.934 0.859 0.803 0.520 0.406 0.396 0.365 0.363 0.211 0.204
     25       4.506    0.102 0.995      1.000 1.000 1.000 0.997 0.993 0.935 0.860 0.804 0.522 0.408 0.397 0.367 0.364 0.213 0.206
     26       3.879    0.118 0.993      1.000 1.000 1.000 0.998 0.995 0.941 0.868 0.814 0.536 0.423 0.412 0.383 0.380 0.229 0.223
     27       2.598    0.178 0.984      0.997 0.997 0.998 1.000 0.999 0.959 0.897 0.847 0.586 0.477 0.467 0.438 0.435 0.288 0.281
     28       2.167    0.215 0.977      0.993 0.993 0.995 0.999 1.000 0.969 0.913 0.867 0.616 0.510 0.500 0.471 0.469 0.324 0.317
     29       1.135    0.449 0.894      0.934 0.935 0.941 0.959 0.969 1.000 0.985 0.963 0.791 0.706 0.697 0.674 0.672 0.546 0.541
     30       0.952    0.595 0.804      0.859 0.860 0.868 0.897 0.913 0.985 1.000 0.995 0.884 0.816 0.810 0.790 0.788 0.682 0.677
     31       0.914    0.673 0.739      0.803 0.804 0.814 0.847 0.867 0.963 0.995 1.000 0.927 0.871 0.865 0.848 0.847 0.752 0.748
     32       1.167    0.902 0.432      0.520 0.522 0.536 0.586 0.616 0.791 0.884 0.927 1.000 0.992 0.990 0.985 0.985 0.945 0.942
     33       1.532    0.950 0.313      0.406 0.408 0.423 0.477 0.510 0.706 0.816 0.871 0.992 1.000 1.000 0.999 0.999 0.979 0.978
     34       1.581    0.953 0.302      0.396 0.397 0.412 0.467 0.500 0.697 0.810 0.865 0.990 1.000 1.000 0.999 0.999 0.981 0.980
     35       1.747    0.963 0.271      0.365 0.367 0.383 0.438 0.471 0.674 0.790 0.848 0.985 0.999 0.999 1.000 1.000 0.987 0.986
     36       1.764    0.963 0.268      0.363 0.364 0.380 0.435 0.469 0.672 0.788 0.847 0.985 0.999 0.999 1.000 1.000 0.988 0.986
     37       4.066    0.994 0.113      0.211 0.213 0.229 0.288 0.324 0.546 0.682 0.752 0.945 0.979 0.981 0.987 0.988 1.000 1.000
     38       4.329    0.994 0.106      0.204 0.206 0.223 0.281 0.317 0.541 0.677 0.748 0.942 0.978 0.980 0.986 0.986 1.000 1.000

  R CORE   ENERGY   A0R/A00=1.000    R3= 0     2  
   2( 1)    0.732                    1.000 0.000
   2( 2)  487.921                    0.000 1.000

  R CORE   ENERGY   A0R/A00=1.000    R3= 0     2  
   3( 1)  488.652                    0.000 1.000

  R CORE   ENERGY   A0R/A00=1.000    R3= 0     2     4  
   4( 1)    2.438                    1.000 0.000 0.000

  R CORE   ENERGY   A0R/A00=1.000    R3= 0     2     4  
   5( 1)  490.847                    0.000 1.000 0.000

  R CORE   ENERGY   A0R/A00=1.000    R3= 0     2     4     6  
   6( 1)    5.121                    1.000 0.000 0.000 0.000

  R CORE   ENERGY   A0R/A00=1.000    R3= 0     2     4     6  
   7( 1)  494.017                    0.000 1.000 0.000 0.000

          AXIAL SYMMETRY => K RESTRICTED TO OMEGA

                     K
     S.P. ORB#: 24  2.50
     S.P. ORB#: 25  4.50
     S.P. ORB#: 26  0.50
     S.P. ORB#: 27  0.50
     S.P. ORB#: 28  2.50
     S.P. ORB#: 29  2.50
     S.P. ORB#: 30 -5.50
     S.P. ORB#: 31 -3.50
     S.P. ORB#: 32  0.50
     S.P. ORB#: 33 -3.50
     S.P. ORB#: 34  0.50
     S.P. ORB#: 35 -1.50
     S.P. ORB#: 36 -1.50
     S.P. ORB#: 37 -3.50
     S.P. ORB#: 38 -1.50
 

             ENERGY    K= OMEGA
 
 I=  1/2- (1)  3.026  34:-0.999
 
 I=  1/2- (2)  4.928  27: 0.517
                      32:-0.856
 
 I=  1/2- (3)  5.767  26: 0.999
 
 I=  1/2- (4)  6.513  27:-0.856
                      32:-0.517
 
 I=  1/2- (5)148.050  35: 1.000

             ENERGY    K= OMEGA
 
 I=  3/2- (1)  3.093  34:-0.788
                      35:-0.615
 
 I=  3/2- (2)  3.335  26:-0.120
                      34: 0.609
                      35:-0.784

             ENERGY    K= OMEGA
 
 I=  5/2- (1)  2.949  29:-0.991
                      35:-0.125
 
 I=  5/2- (2)  3.643  26:-0.182
                      29:-0.124
                      34:-0.531
                      35: 0.818
 
 I=  5/2- (3)  4.256  34:-0.835
                      35:-0.545
 
 I=  5/2- (4)  4.857  27:-0.517
                      32: 0.761
                      36: 0.262
                      38:-0.292
 
 I=  5/2- (5)  6.462  27: 0.176
                      28: 0.168
                      32: 0.367
                      36:-0.885
                      38:-0.152

             ENERGY    K= OMEGA
 
 I=  7/2- (1)  2.693  24:-0.183
                      29: 0.130
                      31: 0.974
 
 I=  7/2- (2)  3.629  24:-0.061
                      29:-0.922
                      31: 0.105
                      35: 0.161
                      37: 0.328
 
 I=  7/2- (3)  4.313  29:-0.108
                      34:-0.825
                      35:-0.546
                      37: 0.076
 
 I=  7/2- (4)  4.779  24:-0.056
                      26: 0.225
                      29: 0.068
                      34:-0.538
                      35: 0.796
                      37:-0.133
 
 I=  7/2- (5)  5.238  29: 0.341
                      31:-0.052
                      35: 0.102
                      37: 0.932

             ENERGY    K= OMEGA
 
 I=  9/2- (1)  3.537  24:-0.258
                      29: 0.168
                      31:-0.949
 
 I=  9/2- (2)  4.542  24: 0.084
                      29: 0.869
                      31: 0.129
                      34:-0.068
                      35: 0.205
                      37: 0.413
 
 I=  9/2- (3)  5.301  26:-0.288
                      29:-0.160
                      31:-0.067
                      34:-0.542
                      35: 0.754
                      37:-0.149
 
 I=  9/2- (4)  5.633  27: 0.489
                      32:-0.742
                      36:-0.248
                      38: 0.386
 
 I=  9/2- (5)  6.400  24:-0.071
                      25:-0.064
                      26:-0.076
                      29:-0.160
                      34:-0.718
                      35:-0.484
                      37: 0.458

             ENERGY    K= OMEGA
 
 I= 11/2- (1)  2.081  25: 0.183
                      30: 0.983
 
 I= 11/2- (2)  4.599  24:-0.313
                      25: 0.057
                      29: 0.188
                      31: 0.927
 
 I= 11/2- (3)  5.702  24: 0.101
                      29: 0.839
                      31:-0.141
                      34:-0.068
                      35:-0.207
                      37:-0.466
 
 I= 11/2- (4)  6.512  27:-0.396
                      28:-0.084
                      32:-0.784
                      33:-0.054
                      36:-0.136
                      38:-0.447
 
 I= 11/2- (5)  6.512  26: 0.070
                      29:-0.115
                      31: 0.061
                      34:-0.843
                      35:-0.502
                      37: 0.121

             ENERGY    K= OMEGA
 
 I= 13/2- (1)  3.431  25:-0.256
                      30: 0.966
 
 I= 13/2- (2)  5.886  24:-0.356
                      25: 0.056
                      29: 0.197
                      31:-0.908
                      35:-0.051
 
 I= 13/2- (3)  7.085  24: 0.114
                      26:-0.088
                      29: 0.803
                      31: 0.133
                      34:-0.106
                      35: 0.263
                      37: 0.486
 
 I= 13/2- (4)  7.325  27:-0.464
                      32: 0.733
                      36: 0.228
                      38:-0.441
 
 I= 13/2- (5)  7.881  26:-0.366
                      29:-0.197
                      31:-0.110
                      34:-0.534
                      35: 0.697
                      37:-0.207

             ENERGY     K=-3/2
  32 LEVELS    TIME=  0.0 SEC



 ******************* EXCITATION ENERGIES, DOMINANT CONFIGURATION AND EXPECTATION VALUES (WITH S.P. UU+VV FACTORS) *******************

  NR  Eex(keV)  I   Kdom  NY    <Jz>  <Jx**2> <Jy**2> <Jz**2> <I.j>/|I|  <Rx**2> <Ry**2> <Rz**2> <R.j>/|R|  <HROTx> <HROTy> <HROTz>

   1    0.0  11/2- -11/2  30   -5.17    2.91    2.91   29.91    5.29       4.14    4.14    0.00   -1.44      0.505   0.505   0.000
   2  612.0   7/2-  -7/2  31   -3.20    6.51    6.51   11.95    3.42       6.77    6.77    0.00   -3.09      0.826   0.826   0.000
   3  868.6   5/2-   5/2  29    2.44    6.21    6.21    6.18    2.13       7.38    7.38   -0.00   -3.20      0.899   0.899  -0.000
   4  945.0   1/2-   1/2  34    0.50    5.45    5.45    0.25    0.05       5.90    5.90    0.00   -3.23      0.720   0.720   0.000
   5 1012.7   3/2-   1/2  34   -0.26    5.45    5.45    1.01    0.98       5.94    5.94    0.00   -2.91      0.724   0.724   0.000
  
   6 1254.4   3/2-  -3/2  35   -0.73    5.48    5.48    1.48    0.75       6.64    6.64    0.00   -3.02      0.809   0.809   0.000
   7 1350.2  13/2- -11/2  30   -4.84    3.07    3.07   29.58    4.73       9.21    9.21    0.00   -0.63      1.123   1.123   0.000
   8 1456.2   9/2-  -7/2  31   -2.91    6.63    6.63   11.69    3.05       9.68    9.68    0.00   -2.22      1.181   1.181   0.000
   9 1548.6   7/2-   5/2  29    1.68    5.74    5.74    6.84    2.07       8.82    8.82    0.00   -2.41      1.076   1.076   0.000
  10 1562.8   5/2-  -3/2  35   -0.80    5.57    5.57    1.69    1.04       7.70    7.70    0.00   -2.48      0.939   0.939   0.000
  
  11 2175.3   5/2-   1/2  34   -0.09    5.47    5.47    0.86   -0.16      10.74   10.74    0.00   -2.65      1.309   1.309   0.000
  12 2232.5   7/2-   1/2  34   -0.10    5.45    5.45    1.00    0.73      10.94   10.94    0.00   -1.93      1.333   1.333   0.000
  13 2461.5   9/2-   5/2  29    1.19    5.46    5.46    7.17    1.96      11.69   11.69    0.00   -1.73      1.425   1.425   0.000
  14 2518.7  11/2-  -7/2  31   -2.67    6.72    6.72   11.47    2.81      13.54   13.54    0.00   -1.56      1.650   1.650   0.000
  15 2698.1   7/2-  -3/2  35   -0.82    5.52    5.52    1.79    0.58      12.00   12.00    0.00   -2.15      1.462   1.462   0.000
  
  16 2776.3   5/2-   1/2  32    0.19   14.65   14.65    0.56    2.37      12.29   12.29    0.00   -4.61      1.499   1.499   0.000
  17 2847.7   1/2-   1/2  32    0.50   14.55   14.55    0.25    1.37      13.86   13.86   -0.00   -5.35      1.689   1.689  -0.000
  18 3157.7   7/2-  -7/2  37   -2.77    2.83    2.83   11.43    2.54       6.34    6.34    0.00   -1.97      0.773   0.773   0.000
  19 3220.2   9/2-  -3/2  35   -0.69    5.64    5.64    1.88    1.02      13.90   13.90    0.00   -1.54      1.694   1.694   0.000
  20 3552.2   9/2-   1/2  32    0.08   14.86   14.86    0.67    2.56      14.83   14.83    0.00   -3.24      1.808   1.808   0.000
  
  21 3621.5  11/2-   5/2  29    0.90    5.26    5.26    7.48    1.84      15.86   15.86    0.00   -1.24      1.934   1.934   0.000
  22 3686.7   1/2-   1/2  26    0.50    7.82    7.82    0.25    0.64       7.76    7.76    0.00   -3.89      0.946   0.946   0.000
  23 3805.4  13/2-  -7/2  31   -2.48    6.80    6.80   11.29    2.64      18.36   18.36    0.00   -1.06      2.238   2.238   0.000
  24 4319.9   9/2-   1/2  34   -0.73    4.84    4.84    3.50    0.32      17.35   17.35    0.00   -1.96      2.115   2.115   0.000
  25 4381.6   5/2-  -3/2  36   -1.06   17.13   17.13    2.03    1.12      19.20   19.20    0.00   -5.32      2.341   2.341   0.000
  
  26 4431.0  11/2-   1/2  32    0.07   17.63   17.63    0.76    2.94      18.33   18.33    0.00   -3.05      2.235   2.235   0.000
  27 4431.6  11/2-   1/2  34   -0.05    5.42    5.42    1.06    0.66      19.88   19.88    0.00   -1.26      2.424   2.424   0.000
  28 4432.3   1/2-   1/2  27    0.50   16.02   16.02    0.25   -1.27      17.62   17.62   -0.00   -5.62      2.148   2.148  -0.000
  29 5004.1  13/2-   5/2  29    0.66    5.17    5.17    7.40    1.74      21.10   21.10    0.00   -0.86      2.573   2.573   0.000
  30 5244.5  13/2-   1/2  32    0.01   15.05   15.05    0.75    2.64      21.33   21.33    0.00   -1.90      2.601   2.601   0.000
  
  31 5800.9  13/2-  -3/2  35   -0.61    5.70    5.70    2.13    1.04      23.90   23.90    0.00   -0.91      2.914   2.914   0.000
  32*******   1/2-  -3/2  35    0.00    0.00    0.00    0.00   -0.00       0.00    0.00    0.00   -0.00      0.000   0.000   0.000
