1SPECTRUM OF (Z= 82 A=207) IN PARTICLE-ROTOR  MODEL WITH MODIFIED OSCILLATOR POTENTIAL


 PARITY=-   EPS= 0.564   GAMMA=  0.0   EPS4=0.000   EPS6=0.000   LEVELS:  24  25  26  27  28  29  30  31  32  33  34  35  36  37  38

 PAIRING FACTORS: GN0= 19.20  GN1=  7.40  IPAIR= 15 ***  E2PLUS(INPUT)=   0.730  E2PLUR(INPUT)=   0.000

 CORIOLIS ATTENUATION PARAMETERS:  CHSI=1.000  ETA=  1.00

 MOMENT OF INERTIA PARAMETERS:   A1=  0.122 MEV   A2=  0.122 MEV   A3=121.91924 MEV


 DELTA=0.912 MEV  LAMBDA=53.5082 MEV   HW0= 7.7315 MEV   LAMBDA/HW0= 6.9208

 E2ENERGY=0.730 MEV  HBAR**2/B=58981./A**(7/3)=9970.6/A**2 MEV

 IREC=0  =>  RECOIL TERMS j+j-, j+j+, jzjz, ETC TREATED AS ONE-BODY OPERATORS WITH UU+VV PAIRING FACTORS



 S. P. LEVEL   EQP       U     V        (UU + VV)**1.00

     24       4.581    0.100 0.995      1.000 1.000 1.000 0.997 0.993 0.933 0.854 0.799 0.525 0.407 0.394 0.365 0.365 0.211 0.205
     25       4.495    0.102 0.995      1.000 1.000 1.000 0.997 0.994 0.933 0.855 0.801 0.527 0.409 0.396 0.367 0.366 0.213 0.207
     26       3.878    0.118 0.993      1.000 1.000 1.000 0.998 0.995 0.939 0.864 0.810 0.541 0.424 0.411 0.382 0.382 0.229 0.223
     27       2.620    0.177 0.984      0.997 0.997 0.998 1.000 0.999 0.958 0.892 0.844 0.590 0.477 0.464 0.436 0.436 0.286 0.280
     28       2.179    0.214 0.977      0.993 0.994 0.995 0.999 1.000 0.968 0.908 0.863 0.620 0.510 0.498 0.470 0.470 0.323 0.317
     29       1.130    0.452 0.892      0.933 0.933 0.939 0.958 0.968 1.000 0.984 0.962 0.797 0.709 0.699 0.676 0.676 0.549 0.544
     30       0.948    0.603 0.798      0.854 0.855 0.864 0.892 0.908 0.984 1.000 0.995 0.891 0.823 0.815 0.796 0.796 0.689 0.684
     31       0.915    0.678 0.735      0.799 0.801 0.810 0.844 0.863 0.962 0.995 1.000 0.931 0.874 0.867 0.851 0.851 0.756 0.752
     32       1.159    0.899 0.437      0.525 0.527 0.541 0.590 0.620 0.797 0.891 0.931 1.000 0.991 0.989 0.984 0.984 0.943 0.941
     33       1.529    0.949 0.314      0.407 0.409 0.424 0.477 0.510 0.709 0.823 0.874 0.991 1.000 1.000 0.999 0.999 0.979 0.977
     34       1.591    0.954 0.301      0.394 0.396 0.411 0.464 0.498 0.699 0.815 0.867 0.989 1.000 1.000 0.999 0.999 0.981 0.980
     35       1.752    0.963 0.270      0.365 0.367 0.382 0.436 0.470 0.676 0.796 0.851 0.984 0.999 0.999 1.000 1.000 0.987 0.986
     36       1.756    0.963 0.270      0.365 0.366 0.382 0.436 0.470 0.676 0.796 0.851 0.984 0.999 0.999 1.000 1.000 0.987 0.986
     37       4.085    0.994 0.112      0.211 0.213 0.229 0.286 0.323 0.549 0.689 0.756 0.943 0.979 0.981 0.987 0.987 1.000 1.000
     38       4.322    0.994 0.106      0.205 0.207 0.223 0.280 0.317 0.544 0.684 0.752 0.941 0.977 0.980 0.986 0.986 1.000 1.000

  R CORE   ENERGY   A0R/A00=1.000    R3= 0     2  
   2( 1)    0.732                    1.000 0.000
   2( 2)  487.921                    0.000 1.000

  R CORE   ENERGY   A0R/A00=1.000    R3= 0     2  
   3( 1)  488.652                    0.000 1.000

  R CORE   ENERGY   A0R/A00=1.000    R3= 0     2     4  
   4( 1)    2.438                    1.000 0.000 0.000

  R CORE   ENERGY   A0R/A00=1.000    R3= 0     2     4  
   5( 1)  490.847                    0.000 1.000 0.000

  R CORE   ENERGY   A0R/A00=1.000    R3= 0     2     4     6  
   6( 1)    5.121                    1.000 0.000 0.000 0.000

  R CORE   ENERGY   A0R/A00=1.000    R3= 0     2     4     6  
   7( 1)  494.017                    0.000 1.000 0.000 0.000

          AXIAL SYMMETRY => K RESTRICTED TO OMEGA

                     K
     S.P. ORB#: 24  2.50
     S.P. ORB#: 25  4.50
     S.P. ORB#: 26  0.50
     S.P. ORB#: 27  0.50
     S.P. ORB#: 28  2.50
     S.P. ORB#: 29  2.50
     S.P. ORB#: 30 -5.50
     S.P. ORB#: 31 -3.50
     S.P. ORB#: 32  0.50
     S.P. ORB#: 33 -3.50
     S.P. ORB#: 34  0.50
     S.P. ORB#: 35 -1.50
     S.P. ORB#: 36 -1.50
     S.P. ORB#: 37 -3.50
     S.P. ORB#: 38 -1.50
 

             ENERGY    K= OMEGA
 
 I=  1/2- (1)  3.035  34: 0.999
 
 I=  1/2- (2)  4.925  27:-0.511
                      32: 0.860
 
 I=  1/2- (3)  5.767  26: 0.999
 
 I=  1/2- (4)  6.531  27: 0.860
                      32: 0.511
 
 I=  1/2- (5)148.056  35: 0.984
                      36: 0.180

             ENERGY    K= OMEGA
 
 I=  3/2- (1)  3.103  34: 0.789
                      36: 0.615
 
 I=  3/2- (2)  3.345  26: 0.120
                      34:-0.608
                      36: 0.785

             ENERGY    K= OMEGA
 
 I=  5/2- (1)  2.945  29:-0.991
                      36:-0.123
 
 I=  5/2- (2)  3.653  26:-0.182
                      29:-0.122
                      34:-0.531
                      36: 0.818
 
 I=  5/2- (3)  4.266  34:-0.835
                      36:-0.545
 
 I=  5/2- (4)  4.853  27: 0.515
                      32:-0.762
                      35:-0.263
                      38: 0.292
 
 I=  5/2- (5)  6.454  27:-0.172
                      28:-0.166
                      32:-0.366
                      35: 0.887
                      38: 0.150

             ENERGY    K= OMEGA
 
 I=  7/2- (1)  2.695  24:-0.182
                      29: 0.130
                      31: 0.974
 
 I=  7/2- (2)  3.626  24:-0.060
                      29:-0.923
                      31: 0.106
                      36: 0.160
                      37: 0.325
 
 I=  7/2- (3)  4.323  29:-0.106
                      34:-0.826
                      36:-0.546
                      37: 0.074
 
 I=  7/2- (4)  4.788  24:-0.056
                      26: 0.226
                      29: 0.069
                      34:-0.538
                      36: 0.796
                      37:-0.131
 
 I=  7/2- (5)  5.256  29: 0.337
                      31:-0.052
                      36: 0.100
                      37: 0.934

             ENERGY    K= OMEGA
 
 I=  9/2- (1)  3.540  24:-0.258
                      29: 0.169
                      31:-0.949
 
 I=  9/2- (2)  4.539  24: 0.084
                      29: 0.871
                      31: 0.131
                      34:-0.067
                      36: 0.203
                      37: 0.411
 
 I=  9/2- (3)  5.311  26:-0.289
                      29:-0.158
                      31:-0.067
                      34:-0.542
                      36: 0.755
                      37:-0.147
 
 I=  9/2- (4)  5.628  27: 0.488
                      32:-0.742
                      35:-0.249
                      38: 0.385
 
 I=  9/2- (5)  6.412  24:-0.070
                      25:-0.065
                      26:-0.076
                      29:-0.149
                      34:-0.726
                      36:-0.491
                      37: 0.440

             ENERGY    K= OMEGA
 
 I= 11/2- (1)  2.080  25: 0.182
                      30: 0.983
 
 I= 11/2- (2)  4.604  24: 0.312
                      25:-0.057
                      29:-0.189
                      31:-0.927
 
 I= 11/2- (3)  5.699  24: 0.101
                      29: 0.841
                      31:-0.143
                      34:-0.067
                      36:-0.205
                      37:-0.463
 
 I= 11/2- (4)  6.506  27:-0.394
                      28:-0.084
                      32:-0.785
                      33:-0.054
                      35:-0.136
                      38:-0.446
 
 I= 11/2- (5)  6.522  26: 0.070
                      29:-0.114
                      31: 0.060
                      34:-0.843
                      36:-0.502
                      37: 0.120

             ENERGY    K= OMEGA
 
 I= 13/2- (1)  3.432  25:-0.255
                      30: 0.966
 
 I= 13/2- (2)  5.893  24:-0.355
                      25: 0.056
                      29: 0.199
                      31:-0.908
                      36:-0.051
 
 I= 13/2- (3)  7.081  24: 0.114
                      26:-0.087
                      29: 0.804
                      31: 0.136
                      34:-0.104
                      36: 0.260
                      37: 0.484
 
 I= 13/2- (4)  7.320  27: 0.465
                      32:-0.733
                      35:-0.230
                      38: 0.440
 
 I= 13/2- (5)  7.892  26:-0.366
                      29:-0.195
                      31:-0.109
                      34:-0.534
                      36: 0.698
                      37:-0.204

             ENERGY     K=-3/2
  32 LEVELS    TIME=  0.0 SEC



 ******************* EXCITATION ENERGIES, DOMINANT CONFIGURATION AND EXPECTATION VALUES (WITH S.P. UU+VV FACTORS) *******************

  NR  Eex(keV)  I   Kdom  NY    <Jz>  <Jx**2> <Jy**2> <Jz**2> <I.j>/|I|  <Rx**2> <Ry**2> <Rz**2> <R.j>/|R|  <HROTx> <HROTy> <HROTz>

   1    0.0  11/2- -11/2  30   -5.17    2.91    2.91   29.91    5.28       4.16    4.16    0.00   -1.44      0.507   0.507   0.000
   2  615.2   7/2-  -7/2  31   -3.20    6.51    6.51   11.95    3.42       6.78    6.78    0.00   -3.09      0.827   0.827   0.001
   3  865.0   5/2-   5/2  29    2.44    6.21    6.21    6.18    2.13       7.38    7.38    0.00   -3.20      0.900   0.900   0.000
   4  955.8   1/2-   1/2  34    0.50    5.45    5.45    0.25    0.05       5.91    5.91    0.00   -3.23      0.720   0.720   0.000
   5 1023.6   3/2-   1/2  34   -0.26    5.45    5.45    1.01    0.98       5.94    5.94    0.00   -2.91      0.724   0.724   0.000
  
   6 1265.1   3/2-  -3/2  36   -0.73    5.49    5.49    1.48    0.75       6.64    6.64    0.00   -3.02      0.810   0.810   0.000
   7 1352.4  13/2- -11/2  30   -4.85    3.07    3.07   29.58    4.73       9.24    9.24    0.00   -0.63      1.126   1.126   0.000
   8 1460.8   9/2-  -7/2  31   -2.91    6.63    6.63   11.69    3.04       9.70    9.70    0.00   -2.22      1.183   1.183   0.001
   9 1546.2   7/2-   5/2  29    1.69    5.75    5.75    6.84    2.07       8.84    8.84    0.00   -2.41      1.078   1.078   0.000
  10 1573.9   5/2-  -3/2  36   -0.81    5.58    5.58    1.69    1.04       7.71    7.71    0.00   -2.48      0.939   0.939   0.000
  
  11 2186.1   5/2-   1/2  34   -0.09    5.47    5.47    0.86   -0.16      10.74   10.74    0.00   -2.65      1.309   1.309   0.000
  12 2243.2   7/2-   1/2  34   -0.10    5.45    5.45    1.00    0.73      10.94   10.94    0.00   -1.93      1.334   1.334   0.000
  13 2459.4   9/2-   5/2  29    1.21    5.47    5.47    7.17    1.95      11.70   11.70   -0.00   -1.73      1.427   1.427  -0.000
  14 2524.8  11/2-  -7/2  31   -2.67    6.72    6.72   11.48    2.80      13.57   13.57    0.00   -1.57      1.654   1.654   0.000
  15 2708.9   7/2-  -3/2  36   -0.82    5.53    5.53    1.78    0.58      12.01   12.01    0.00   -2.15      1.464   1.464   0.000
  
  16 2773.3   5/2-   1/2  32    0.19   14.65   14.65    0.56    2.37      12.29   12.29   -0.00   -4.61      1.498   1.498  -0.000
  17 2845.9   1/2-   1/2  32    0.50   14.57   14.57    0.25    1.37      13.88   13.88    0.00   -5.35      1.692   1.692   0.000
  18 3176.6   7/2-  -7/2  37   -2.79    2.82    2.82   11.45    2.55       6.32    6.32    0.00   -1.97      0.770   0.770   0.000
  19 3231.6   9/2-  -3/2  36   -0.69    5.64    5.64    1.87    1.01      13.91   13.91    0.00   -1.54      1.695   1.695   0.000
  20 3548.4   9/2-   1/2  32    0.08   14.86   14.86    0.67    2.56      14.82   14.82    0.00   -3.24      1.807   1.807   0.000
  
  21 3619.3  11/2-   5/2  29    0.91    5.27    5.27    7.48    1.84      15.87   15.87   -0.00   -1.24      1.935   1.935  -0.000
  22 3687.6   1/2-   1/2  26    0.50    7.82    7.82    0.25    0.64       7.77    7.77   -0.00   -3.89      0.947   0.947  -0.000
  23 3813.2  13/2-  -7/2  31   -2.48    6.80    6.80   11.29    2.64      18.40   18.40    0.00   -1.07      2.243   2.243   0.000
  24 4332.7   9/2-   1/2  34   -0.69    4.89    4.89    3.31    0.29      17.50   17.50    0.00   -1.97      2.134   2.134   0.000
  25 4375.0   5/2-  -3/2  35   -1.06   17.12   17.12    2.03    1.11      19.22   19.22    0.00   -5.32      2.343   2.343   0.000
  
  26 4426.7  11/2-   1/2  32    0.07   17.64   17.64    0.76    2.94      18.34   18.34   -0.00   -3.05      2.235   2.235  -0.000
  27 4442.4  11/2-   1/2  34   -0.05    5.42    5.42    1.06    0.66      19.89   19.89    0.00   -1.26      2.424   2.424   0.000
  28 4451.3   1/2-   1/2  27    0.50   16.01   16.01    0.25   -1.27      17.60   17.60    0.00   -5.62      2.146   2.146   0.000
  29 5001.9  13/2-   5/2  29    0.67    5.18    5.18    7.41    1.74      21.10   21.10    0.00   -0.86      2.573   2.573   0.000
  30 5240.7  13/2-   1/2  32    0.01   15.04   15.04    0.75    2.64      21.33   21.33   -0.00   -1.89      2.600   2.600  -0.000
  
  31 5812.5  13/2-  -3/2  36   -0.61    5.70    5.70    2.11    1.03      23.92   23.92    0.00   -0.91      2.916   2.916   0.000
  32*******   1/2-  -3/2  35    0.00    0.00    0.00    0.00   -0.00       0.00    0.00    0.00   -0.00      0.000   0.000   0.000
