1SPECTRUM OF (Z= 82 A=207) IN PARTICLE-ROTOR  MODEL WITH MODIFIED OSCILLATOR POTENTIAL


 PARITY=-   EPS= 0.496   GAMMA=  0.0   EPS4=0.000   EPS6=0.000   LEVELS:  24  25  26  27  28  29  30  31  32  33  34  35  36  37  38

 PAIRING FACTORS: GN0= 19.20  GN1=  7.40  IPAIR= 15 ***  E2PLUS(INPUT)=   0.730  E2PLUR(INPUT)=   0.000

 CORIOLIS ATTENUATION PARAMETERS:  CHSI=1.000  ETA=  1.00

 MOMENT OF INERTIA PARAMETERS:   A1=  0.122 MEV   A2=  0.122 MEV   A3=121.91924 MEV


 DELTA=0.850 MEV  LAMBDA=53.4158 MEV   HW0= 7.6505 MEV   LAMBDA/HW0= 6.9820

 E2ENERGY=0.730 MEV  HBAR**2/B=45616./A**(7/3)=7711.3/A**2 MEV

 IREC=0  =>  RECOIL TERMS j+j-, j+j+, jzjz, ETC TREATED AS ONE-BODY OPERATORS WITH UU+VV PAIRING FACTORS



 S. P. LEVEL   EQP       U     V        (UU + VV)**1.00

     24       4.772    0.089 0.996      1.000 1.000 1.000 0.989 0.985 0.977 0.966 0.955 0.556 0.493 0.346 0.317 0.260 0.244 0.217
     25       4.037    0.106 0.994      1.000 1.000 1.000 0.991 0.987 0.981 0.970 0.960 0.569 0.507 0.361 0.333 0.276 0.260 0.233
     26       3.651    0.117 0.993      1.000 1.000 1.000 0.993 0.989 0.983 0.973 0.963 0.579 0.517 0.372 0.344 0.287 0.271 0.244
     27       1.844    0.237 0.971      0.989 0.991 0.993 1.000 1.000 0.998 0.994 0.988 0.674 0.617 0.482 0.455 0.401 0.386 0.360
     28       1.681    0.262 0.965      0.985 0.987 0.989 1.000 1.000 0.999 0.996 0.992 0.692 0.637 0.504 0.478 0.424 0.409 0.384
     29       1.496    0.298 0.955      0.977 0.981 0.983 0.998 0.999 1.000 0.999 0.996 0.719 0.665 0.536 0.510 0.458 0.443 0.418
     30       1.320    0.343 0.939      0.966 0.970 0.973 0.994 0.996 0.999 1.000 0.999 0.751 0.700 0.575 0.551 0.500 0.485 0.461
     31       1.205    0.382 0.924      0.955 0.960 0.963 0.988 0.992 0.996 0.999 1.000 0.778 0.729 0.609 0.585 0.535 0.521 0.497
     32       1.010    0.878 0.479      0.556 0.569 0.579 0.674 0.692 0.719 0.751 0.778 1.000 0.997 0.972 0.965 0.947 0.942 0.932
     33       1.130    0.911 0.413      0.493 0.507 0.517 0.617 0.637 0.665 0.700 0.729 0.997 1.000 0.987 0.982 0.968 0.964 0.956
     34       1.690    0.966 0.260      0.346 0.361 0.372 0.482 0.504 0.536 0.575 0.609 0.972 0.987 1.000 1.000 0.996 0.994 0.991
     35       1.889    0.973 0.231      0.317 0.333 0.344 0.455 0.478 0.510 0.551 0.585 0.965 0.982 1.000 1.000 0.998 0.997 0.995
     36       2.500    0.985 0.173      0.260 0.276 0.287 0.401 0.424 0.458 0.500 0.535 0.947 0.968 0.996 0.998 1.000 1.000 0.999
     37       2.754    0.988 0.156      0.244 0.260 0.271 0.386 0.409 0.443 0.485 0.521 0.942 0.964 0.994 0.997 1.000 1.000 1.000
     38       3.327    0.992 0.129      0.217 0.233 0.244 0.360 0.384 0.418 0.461 0.497 0.932 0.956 0.991 0.995 0.999 1.000 1.000

  R CORE   ENERGY   A0R/A00=1.000    R3= 0     2  
   2( 1)    0.732                    1.000 0.000
   2( 2)  487.921                    0.000 1.000

  R CORE   ENERGY   A0R/A00=1.000    R3= 0     2  
   3( 1)  488.652                    0.000 1.000

  R CORE   ENERGY   A0R/A00=1.000    R3= 0     2     4  
   4( 1)    2.438                    1.000 0.000 0.000

  R CORE   ENERGY   A0R/A00=1.000    R3= 0     2     4  
   5( 1)  490.847                    0.000 1.000 0.000

  R CORE   ENERGY   A0R/A00=1.000    R3= 0     2     4     6  
   6( 1)    5.121                    1.000 0.000 0.000 0.000

  R CORE   ENERGY   A0R/A00=1.000    R3= 0     2     4     6  
   7( 1)  494.017                    0.000 1.000 0.000 0.000

          AXIAL SYMMETRY => K RESTRICTED TO OMEGA

                     K
     S.P. ORB#: 24  2.50
     S.P. ORB#: 25  0.50
     S.P. ORB#: 26 -1.50
     S.P. ORB#: 27 -5.50
     S.P. ORB#: 28  2.50
     S.P. ORB#: 29  2.50
     S.P. ORB#: 30  0.50
     S.P. ORB#: 31 -3.50
     S.P. ORB#: 32  0.50
     S.P. ORB#: 33 -1.50
     S.P. ORB#: 34 -3.50
     S.P. ORB#: 35  0.50
     S.P. ORB#: 36 -1.50
     S.P. ORB#: 37 -3.50
     S.P. ORB#: 38  4.50
 

             ENERGY    K= OMEGA
 
 I=  1/2- (1)  2.405  32: 0.999
 
 I=  1/2- (2)  4.522  30:-0.905
                      35: 0.424
 
 I=  1/2- (3)  5.855  25: 0.999
 
 I=  1/2- (4)  6.231  30: 0.424
                      35: 0.905
 
 I=  1/2- (5)147.433  33: 1.000

             ENERGY    K= OMEGA
 
 I=  3/2- (1)  2.457  32: 0.722
                      33:-0.691
 
 I=  3/2- (2)  2.688  25:-0.134
                      32:-0.683
                      33:-0.718

             ENERGY    K= OMEGA
 
 I=  5/2- (1)  2.918  25: 0.186
                      28:-0.132
                      32:-0.516
                      33:-0.824
 
 I=  5/2- (2)  3.479  28:-0.935
                      32: 0.341
                      33:-0.071
 
 I=  5/2- (3)  3.641  28:-0.326
                      32:-0.772
                      33: 0.543
 
 I=  5/2- (4)  4.881  26:-0.126
                      29: 0.111
                      30: 0.813
                      35:-0.499
                      36:-0.247
 
 I=  5/2- (5)  6.443  26: 0.470
                      29:-0.835
                      35:-0.285

             ENERGY    K= OMEGA
 
 I=  7/2- (1)  2.889  24:-0.221
                      28: 0.093
                      31: 0.968
                      33: 0.065
 
 I=  7/2- (2)  3.542  28:-0.439
                      32:-0.193
                      33: 0.259
                      37: 0.837
 
 I=  7/2- (3)  3.668  32: 0.752
                      33:-0.567
                      37: 0.325
 
 I=  7/2- (4)  4.055  24: 0.061
                      25:-0.240
                      28: 0.154
                      32:-0.600
                      33:-0.724
                      37: 0.172
 
 I=  7/2- (5)  4.563  24:-0.053
                      25:-0.055
                      28:-0.877
                      31: 0.105
                      32:-0.052
                      33:-0.221
                      37:-0.402

             ENERGY    K= OMEGA
 
 I=  9/2- (1)  3.399  24:-0.261
                      28: 0.117
                      31:-0.841
                      33:-0.072
                      37: 0.065
                      38: 0.448
 
 I=  9/2- (2)  4.359  24: 0.124
                      25:-0.185
                      28: 0.350
                      31: 0.165
                      32: 0.322
                      33: 0.519
                      37: 0.575
                      38: 0.312
 
 I=  9/2- (3)  4.546  25: 0.233
                      28: 0.150
                      31: 0.244
                      32:-0.444
                      33:-0.567
                      37: 0.532
                      38: 0.246
 
 I=  9/2- (4)  4.744  24: 0.110
                      28:-0.382
                      31: 0.304
                      37:-0.350
                      38: 0.791
 
 I=  9/2- (5)  5.599  26:-0.424
                      29: 0.576
                      30: 0.525
                      34:-0.321
                      35:-0.249
                      36:-0.217

             ENERGY    K= OMEGA
 
 I= 11/2- (1)  3.183  27:-0.999
 
 I= 11/2- (2)  4.259  24:-0.306
                      28: 0.129
                      31: 0.820
                      33: 0.075
                      37:-0.087
                      38: 0.450
 
 I= 11/2- (3)  5.585  24: 0.149
                      28: 0.447
                      31:-0.201
                      32: 0.203
                      33:-0.337
                      37:-0.716
                      38: 0.264
 
 I= 11/2- (4)  5.691  26: 0.463
                      29: 0.559
                      30: 0.545
                      34: 0.289
                      35: 0.221
                      36: 0.208
 
 I= 11/2- (5)  5.874  25:-0.091
                      28: 0.101
                      31:-0.126
                      32:-0.807
                      33: 0.457
                      37:-0.323

             ENERGY    K= OMEGA
 
 I= 13/2- (1)  4.765  27:-0.997
                      38: 0.054
 
 I= 13/2- (2)  5.377  24:-0.344
                      27: 0.067
                      28: 0.132
                      31:-0.807
                      33:-0.094
                      37: 0.094
                      38: 0.435
 
 I= 13/2- (3)  6.676  26:-0.508
                      29: 0.670
                      30: 0.343
                      34:-0.370
                      35:-0.107
                      36:-0.164
 
 I= 13/2- (4)  6.815  24: 0.117
                      25:-0.317
                      28: 0.315
                      32: 0.443
                      33: 0.645
                      37: 0.374
                      38: 0.180
 
 I= 13/2- (5)  7.182  24: 0.102
                      25: 0.213
                      28: 0.376
                      31: 0.237
                      32:-0.334
                      33:-0.335
                      37: 0.708
                      38: 0.146

             ENERGY     K= 9/2
  32 LEVELS    TIME=  0.0 SEC



 ******************* EXCITATION ENERGIES, DOMINANT CONFIGURATION AND EXPECTATION VALUES (WITH S.P. UU+VV FACTORS) *******************

  NR  Eex(keV)  I   Kdom  NY    <Jz>  <Jx**2> <Jy**2> <Jz**2> <I.j>/|I|  <Rx**2> <Ry**2> <Rz**2> <R.j>/|R|  <HROTx> <HROTy> <HROTz>

   1    0.0   1/2-   1/2  32    0.50    5.29    5.29    0.25    0.10       5.70    5.70    0.00   -3.18      0.694   0.694   0.000
   2   52.5   3/2-   1/2  32   -0.46    5.28    5.28    1.21    1.06       5.69    5.69    0.00   -2.87      0.694   0.694   0.000
   3  283.8   3/2-  -3/2  33   -0.53    5.29    5.29    1.28    0.72       6.41    6.41    0.00   -2.92      0.781   0.781   0.000
   4  484.2   7/2-  -7/2  31   -3.15    6.46    6.46   11.86    3.55       6.16    6.16    0.00   -3.04      0.752   0.752   0.000
   5  513.8   5/2-  -3/2  33   -0.82    5.42    5.42    1.73    1.24       6.98    6.98    0.00   -2.38      0.851   0.851   0.000
  
   6  778.6  11/2- -11/2  27   -5.49    2.75    2.75   30.24    5.06       5.49    5.49    0.00   -1.65      0.669   0.669   0.000
   7  994.8   9/2-  -7/2  31   -1.39    5.76    5.76   13.30    3.74       6.20    6.20   -0.00   -1.77      0.756   0.756  -0.000
   8 1074.7   5/2-   5/2  28    2.24    6.03    6.03    5.52    1.86       7.66    7.66    0.00   -3.08      0.934   0.934   0.000
   9 1137.6   7/2-  -7/2  37   -2.05    3.34    3.34    9.97    2.88       4.79    4.79    0.00   -1.69      0.584   0.584   0.000
  10 1236.1   5/2-   1/2  32    0.12    5.40    5.40    1.48    0.06      10.32   10.32    0.00   -2.66      1.259   1.259   0.000
  
  11 1263.3   7/2-   1/2  32   -0.57    4.96    4.96    2.20    1.01       9.94    9.94    0.00   -1.82      1.212   1.212   0.000
  12 1650.2   7/2-  -3/2  33   -0.62    5.30    5.30    1.83    0.73      11.18   11.18    0.00   -2.01      1.363   1.363   0.000
  13 1854.5  11/2-  -7/2  31   -1.21    5.82    5.82   13.16    3.51       9.31    9.31    0.00   -0.89      1.135   1.135   0.000
  14 1954.4   9/2-  -7/2  37   -0.81    4.18    4.18    7.85    2.25       9.29    9.29    0.00   -1.17      1.133   1.133   0.000
  15 2117.6   1/2-   1/2  30    0.50   13.06   13.06    0.25    0.98      12.71   12.71   -0.00   -5.06      1.550   1.550  -0.000
  
  16 2141.5   9/2-  -3/2  33   -1.22    4.42    4.42    6.36    1.82      10.93   10.93    0.00   -1.32      1.333   1.333   0.000
  17 2158.9   7/2-   5/2  28    1.26    5.48    5.48    7.06    1.44      11.18   11.18    0.00   -2.60      1.363   1.363   0.000
  18 2339.4   9/2-   9/2  38    2.46    3.47    3.47   16.29    3.25       7.83    7.83    0.00   -1.79      0.955   0.955   0.000
  19 2360.3  13/2- -11/2  27   -5.46    2.76    2.76   30.18    4.33      11.96   11.96    0.00   -1.11      1.459   1.459   0.000
  20 2476.0   5/2-   1/2  30    0.37   13.72   13.72    0.48    1.61      13.56   13.56    0.00   -4.44      1.654   1.654   0.000
  
  21 2972.5  13/2-  -7/2  31   -1.16    5.92    5.92   12.93    3.31      13.63   13.63    0.00   -0.31      1.662   1.662   0.000
  22 3180.8  11/2-  -7/2  37   -1.22    3.66    3.66    9.84    2.18      13.44   13.44    0.00   -0.80      1.639   1.639   0.000
  23 3194.1   9/2-   5/2  29    0.30   19.38   19.38    3.93    3.75      15.06   15.06    0.00   -4.38      1.836   1.836   0.000
  24 3286.6  11/2-   5/2  29    0.28   20.01   20.01    3.64    4.10      15.20   15.20    0.00   -3.47      1.853   1.853   0.000
  25 3450.8   1/2-   1/2  25    0.50    7.55    7.55    0.25    0.66       7.48    7.48    0.00   -3.82      0.912   0.912   0.000
  
  26 3469.3  11/2-   1/2  32   -0.37    4.95    4.95    2.22    0.84      18.93   18.93    0.00   -1.16      2.308   2.308   0.000
  27 3826.7   1/2-   1/2  35    0.50   17.03   17.03    0.25   -0.81      18.23   18.23   -0.00   -5.80      2.223   2.223  -0.000
  28 4038.3   5/2-   5/2  29    1.45   22.05   22.05    4.88    3.60      18.21   18.21    0.00   -6.35      2.220   2.220   0.000
  29 4271.3  13/2-   5/2  29    0.28   21.42   21.42    5.16    4.23      18.81   18.81    0.00   -3.01      2.293   2.293   0.000
  30 4410.4  13/2-  -3/2  33   -0.54    5.13    5.13    4.11    1.58      20.56   20.56    0.00   -0.52      2.506   2.506   0.000
  
  31 4777.1  13/2-  -7/2  37   -1.57    3.91    3.91    8.51    1.75      20.31   20.31    0.00   -0.64      2.476   2.476   0.000
  32*******   1/2-  -3/2  33    0.00    0.00    0.00    0.00    0.00       0.00    0.00    0.00   -0.00      0.000   0.000   0.000
