1SPECTRUM OF (Z= 82 A=207) IN PARTICLE-ROTOR  MODEL WITH MODIFIED OSCILLATOR POTENTIAL


 PARITY=-   EPS= 0.463   GAMMA=  0.0   EPS4=0.000   EPS6=0.000   LEVELS:  24  25  26  27  28  29  30  31  32  33  34  35  36  37  38

 PAIRING FACTORS: GN0= 19.20  GN1=  7.40  IPAIR= 15 ***  E2PLUS(INPUT)=   0.730  E2PLUR(INPUT)=   0.000

 CORIOLIS ATTENUATION PARAMETERS:  CHSI=1.000  ETA=  1.00

 MOMENT OF INERTIA PARAMETERS:   A1=  0.122 MEV   A2=  0.122 MEV   A3=121.91923 MEV


 DELTA=0.849 MEV  LAMBDA=53.4623 MEV   HW0= 7.6165 MEV   LAMBDA/HW0= 7.0193

 E2ENERGY=0.730 MEV  HBAR**2/B=39748./A**(7/3)=6719.3/A**2 MEV

 IREC=0  =>  RECOIL TERMS j+j-, j+j+, jzjz, ETC TREATED AS ONE-BODY OPERATORS WITH UU+VV PAIRING FACTORS



 S. P. LEVEL   EQP       U     V        (UU + VV)**1.00

     24       4.656    0.092 0.996      1.000 1.000 0.999 0.997 0.993 0.980 0.962 0.887 0.718 0.638 0.341 0.296 0.279 0.252 0.242
     25       4.173    0.102 0.995      1.000 1.000 0.999 0.997 0.994 0.982 0.965 0.892 0.725 0.646 0.351 0.306 0.290 0.262 0.253
     26       3.144    0.136 0.991      0.999 0.999 1.000 0.999 0.997 0.988 0.974 0.907 0.749 0.672 0.383 0.339 0.322 0.295 0.286
     27       2.500    0.172 0.985      0.997 0.997 0.999 1.000 0.999 0.993 0.981 0.921 0.772 0.699 0.416 0.373 0.357 0.330 0.321
     28       2.064    0.210 0.978      0.993 0.994 0.997 0.999 1.000 0.997 0.988 0.936 0.796 0.726 0.451 0.409 0.392 0.366 0.357
     29       1.539    0.288 0.958      0.980 0.982 0.988 0.993 0.997 1.000 0.997 0.961 0.842 0.779 0.521 0.480 0.465 0.440 0.431
     30       1.267    0.359 0.933      0.962 0.965 0.974 0.981 0.988 0.997 1.000 0.979 0.880 0.823 0.583 0.545 0.530 0.506 0.497
     31       0.932    0.542 0.841      0.887 0.892 0.907 0.921 0.936 0.961 0.979 1.000 0.958 0.922 0.737 0.704 0.692 0.671 0.664
     32       0.859    0.759 0.651      0.718 0.725 0.749 0.772 0.796 0.842 0.880 0.958 1.000 0.994 0.899 0.877 0.869 0.855 0.849
     33       0.911    0.825 0.565      0.638 0.646 0.672 0.699 0.726 0.779 0.823 0.922 0.994 1.000 0.941 0.924 0.917 0.906 0.902
     34       1.733    0.967 0.253      0.341 0.351 0.383 0.416 0.451 0.521 0.583 0.737 0.899 0.941 1.000 0.999 0.998 0.996 0.995
     35       2.093    0.978 0.207      0.296 0.306 0.339 0.373 0.409 0.480 0.545 0.704 0.877 0.924 0.999 1.000 1.000 0.999 0.998
     36       2.274    0.982 0.190      0.279 0.290 0.322 0.357 0.392 0.465 0.530 0.692 0.869 0.917 0.998 1.000 1.000 1.000 0.999
     37       2.650    0.987 0.162      0.252 0.262 0.295 0.330 0.366 0.440 0.506 0.671 0.855 0.906 0.996 0.999 1.000 1.000 1.000
     38       2.817    0.988 0.152      0.242 0.253 0.286 0.321 0.357 0.431 0.497 0.664 0.849 0.902 0.995 0.998 0.999 1.000 1.000

  R CORE   ENERGY   A0R/A00=1.000    R3= 0     2  
   2( 1)    0.732                    1.000 0.000
   2( 2)  487.921                    0.000 1.000

  R CORE   ENERGY   A0R/A00=1.000    R3= 0     2  
   3( 1)  488.652                    0.000 1.000

  R CORE   ENERGY   A0R/A00=1.000    R3= 0     2     4  
   4( 1)    2.438                    1.000 0.000 0.000

  R CORE   ENERGY   A0R/A00=1.000    R3= 0     2     4  
   5( 1)  490.847                    0.000 1.000 0.000

  R CORE   ENERGY   A0R/A00=1.000    R3= 0     2     4     6  
   6( 1)    5.121                    1.000 0.000 0.000 0.000

  R CORE   ENERGY   A0R/A00=1.000    R3= 0     2     4     6  
   7( 1)  494.017                    0.000 1.000 0.000 0.000

          AXIAL SYMMETRY => K RESTRICTED TO OMEGA

                     K
     S.P. ORB#: 24  0.50
     S.P. ORB#: 25  0.50
     S.P. ORB#: 26 -1.50
     S.P. ORB#: 27 -5.50
     S.P. ORB#: 28  2.50
     S.P. ORB#: 29 -3.50
     S.P. ORB#: 30  2.50
     S.P. ORB#: 31  0.50
     S.P. ORB#: 32  0.50
     S.P. ORB#: 33 -1.50
     S.P. ORB#: 34 -3.50
     S.P. ORB#: 35 -3.50
     S.P. ORB#: 36  0.50
     S.P. ORB#: 37  4.50
     S.P. ORB#: 38 -1.50
 

             ENERGY    K= OMEGA
 
 I=  1/2- (1)  2.225  32:-0.999
 
 I=  1/2- (2)  3.580  24: 0.292
                      31:-0.925
                      36: 0.245
 
 I=  1/2- (3)  5.953  25: 0.999
 
 I=  1/2- (4)  6.289  24: 0.212
                      31:-0.187
                      36:-0.959
 
 I=  1/2- (5) 10.731  24: 0.933
                      31: 0.332
                      36: 0.141

             ENERGY    K= OMEGA
 
 I=  3/2- (1)  2.243  32:-0.614
                      33: 0.789
 
 I=  3/2- (2)  2.456  25: 0.159
                      32: 0.779
                      33: 0.607

             ENERGY    K= OMEGA
 
 I=  5/2- (1)  2.640  25: 0.213
                      28:-0.059
                      32:-0.517
                      33:-0.827
 
 I=  5/2- (2)  3.424  25:-0.059
                      28:-0.106
                      32: 0.838
                      33:-0.531
 
 I=  5/2- (3)  3.876  28:-0.993
                      32:-0.059
                      33: 0.105
 
 I=  5/2- (4)  3.934  24:-0.254
                      31: 0.851
                      36:-0.394
                      38:-0.237
 
 I=  5/2- (5)  6.085  24:-0.169
                      26: 0.554
                      30:-0.814

             ENERGY    K= OMEGA
 
 I=  7/2- (1)  2.989  28: 0.205
                      29:-0.055
                      35:-0.976
 
 I=  7/2- (2)  3.449  28:-0.148
                      29:-0.591
                      32:-0.585
                      33: 0.534
 
 I=  7/2- (3)  3.480  28: 0.109
                      29: 0.785
                      32:-0.495
                      33: 0.352
 
 I=  7/2- (4)  3.757  25:-0.281
                      28: 0.070
                      29:-0.073
                      32:-0.605
                      33:-0.736
 
 I=  7/2- (5)  4.439  26: 0.260
                      30: 0.258
                      31: 0.841
                      34: 0.099
                      36: 0.247
                      38: 0.296

             ENERGY    K= OMEGA
 
 I=  9/2- (1)  3.476  28:-0.132
                      29: 0.379
                      35:-0.327
                      37:-0.855
 
 I=  9/2- (2)  4.040  25:-0.185
                      28: 0.242
                      29: 0.176
                      32: 0.299
                      33: 0.433
                      35: 0.730
                      37:-0.257
 
 I=  9/2- (3)  4.112  25:-0.279
                      28:-0.080
                      29:-0.145
                      32: 0.466
                      33: 0.621
                      35:-0.526
                      37: 0.121
 
 I=  9/2- (4)  4.742  28:-0.262
                      29: 0.863
                      32: 0.057
                      37: 0.426
 
 I=  9/2- (5)  5.035  24:-0.186
                      26:-0.099
                      30: 0.164
                      31: 0.791
                      34:-0.083
                      36:-0.443
                      38:-0.315

             ENERGY    K= OMEGA
 
 I= 11/2- (1)  3.838  27: 0.998
                      37: 0.058
 
 I= 11/2- (2)  4.283  24:-0.459
                      26:-0.568
                      30:-0.494
                      31:-0.382
                      34:-0.208
                      36:-0.116
                      38:-0.142
 
 I= 11/2- (3)  4.568  27:-0.060
                      28: 0.178
                      29: 0.446
                      35:-0.367
                      37: 0.794
 
 I= 11/2- (4)  5.350  28: 0.295
                      29:-0.271
                      32: 0.053
                      33:-0.128
                      35:-0.850
                      37:-0.311
 
 I= 11/2- (5)  5.642  25:-0.118
                      29:-0.056
                      32:-0.858
                      33: 0.482
                      35:-0.118

             ENERGY    K= OMEGA
 
 I= 13/2- (1)  5.417  27:-0.992
                      29:-0.051
                      37: 0.110
 
 I= 13/2- (2)  5.918  27: 0.124
                      28: 0.213
                      29:-0.474
                      33: 0.066
                      35: 0.387
                      37: 0.747
 
 I= 13/2- (3)  6.081  24: 0.167
                      26:-0.571
                      30: 0.685
                      31: 0.171
                      34:-0.364
                      36:-0.051
                      38:-0.112
 
 I= 13/2- (4)  6.400  25:-0.415
                      28: 0.084
                      29: 0.058
                      32: 0.551
                      33: 0.706
                      37:-0.115
 
 I= 13/2- (5)  6.895  25:-0.057
                      28:-0.307
                      29:-0.302
                      32: 0.088
                      33: 0.067
                      35:-0.837
                      37: 0.313

             ENERGY     K=-3/2
  32 LEVELS    TIME=  0.0 SEC



 ******************* EXCITATION ENERGIES, DOMINANT CONFIGURATION AND EXPECTATION VALUES (WITH S.P. UU+VV FACTORS) *******************

  NR  Eex(keV)  I   Kdom  NY    <Jz>  <Jx**2> <Jy**2> <Jz**2> <I.j>/|I|  <Rx**2> <Ry**2> <Rz**2> <R.j>/|R|  <HROTx> <HROTy> <HROTz>

   1    0.0   1/2-   1/2  32    0.50    5.20    5.20    0.25    0.15       5.57    5.57    0.00   -3.15      0.679   0.679   0.000
   2   18.7   3/2-  -3/2  33   -0.75    5.19    5.19    1.50    1.17       5.55    5.55   -0.00   -2.88      0.676   0.676  -0.000
   3  231.0   3/2-   1/2  32   -0.24    5.17    5.17    0.99    0.73       6.12    6.12   -0.00   -2.83      0.747   0.747  -0.000
   4  415.8   5/2-  -3/2  33   -0.86    5.36    5.36    1.64    1.36       6.53    6.53   -0.00   -2.31      0.796   0.796  -0.000
   5  764.9   7/2-  -7/2  35   -3.24    2.41    2.41   11.98    3.17       3.70    3.70   -0.00   -1.55      0.451   0.451  -0.000
  
   6 1199.6   5/2-   1/2  32   -0.04    5.23    5.23    0.88   -0.11      10.36   10.36   -0.00   -2.56      1.263   1.263  -0.000
   7 1224.2   7/2-  -7/2  29   -1.43    5.58    5.58    5.15    1.65       9.47    9.47   -0.00   -2.24      1.154   1.154  -0.000
   8 1250.9   9/2-   9/2  37    2.46    3.04    3.04   17.99    4.04       4.33    4.33   -0.00   -1.36      0.528   0.528  -0.000
   9 1255.6   7/2-  -7/2  29   -2.19    5.90    5.90    7.98    2.23       8.92    8.92    0.00   -2.59      1.087   1.087   0.000
  10 1355.5   1/2-   1/2  31    0.50    9.54    9.54    0.25    0.94       9.23    9.23    0.00   -4.31      1.125   1.125   0.000
  
  11 1532.0   7/2-  -3/2  33   -0.60    5.28    5.28    1.45    0.82      10.64   10.64   -0.00   -1.90      1.298   1.298  -0.000
  12 1612.9  11/2- -11/2  27   -5.47    2.75    2.75   30.21    5.06       5.49    5.49    0.00   -1.65      0.669   0.669   0.000
  13 1651.5   5/2-   5/2  28    2.45    6.13    6.13    6.18    2.06       7.50    7.50    0.00   -3.19      0.915   0.915   0.000
  14 1709.2   5/2-   1/2  31    0.39   10.33   10.33    0.36    1.64      10.04   10.04    0.00   -3.61      1.224   1.224   0.000
  15 1815.4   9/2-  -7/2  35   -1.75    3.56    3.56    9.07    2.31       8.98    8.98   -0.00   -1.11      1.095   1.095  -0.000
  
  16 1887.8   9/2-  -3/2  33   -1.39    4.56    4.56    4.93    1.77      10.60   10.60   -0.00   -1.14      1.293   1.293  -0.000
  17 2058.4  11/2-  -3/2  26    0.13   23.56   23.56    2.92    6.02       6.89    6.89    0.00   -3.78      0.840   0.840   0.000
  18 2214.0   7/2-   1/2  31    0.28   16.50   16.50    1.08    3.10      12.63   12.63    0.00   -4.34      1.540   1.540   0.000
  19 2343.4  11/2-   9/2  37    1.73    3.34    3.34   17.16    3.45       9.16    9.16   -0.00   -0.75      1.117   1.117  -0.000
  20 2517.7   9/2-  -7/2  29   -1.62    5.59    5.59   13.24    2.50      12.17   12.17    0.00   -2.43      1.483   1.483   0.000
  
  21 2810.9   9/2-   1/2  31    0.31   11.88   11.88    0.71    2.07      14.30   14.30    0.00   -2.65      1.744   1.744   0.000
  22 3125.1  11/2-  -7/2  35   -2.16    2.82    2.82   12.31    2.25      13.40   13.40   -0.00   -0.87      1.634   1.634  -0.000
  23 3192.0  13/2- -11/2  27   -5.37    2.76    2.76   30.06    4.32      11.97   11.97    0.00   -1.10      1.459   1.459   0.000
  24 3417.3  11/2-   1/2  32   -0.03    5.12    5.12    0.93    0.70      19.29   19.29   -0.00   -1.13      2.352   2.352  -0.000
  25 3693.2  13/2-   9/2  37    1.23    3.53    3.53   16.65    3.05      14.92   14.92    0.00   -0.44      1.819   1.819   0.000
  
  26 3728.6   1/2-   1/2  25    0.50    7.39    7.39    0.25    0.64       7.33    7.33   -0.00   -3.78      0.894   0.894  -0.000
  27 3856.1  13/2-   5/2  30    0.23   22.95   22.95    5.33    4.79      16.54   16.54    0.00   -3.09      2.017   2.017   0.000
  28 3860.5   5/2-   5/2  30    1.21   22.87   22.87    4.84    4.28      17.00   17.00    0.00   -6.50      2.073   2.073   0.000
  29 4064.2   1/2-   1/2  36    0.50   15.61   15.61    0.25   -0.13      16.22   16.22    0.00   -5.54      1.977   1.977   0.000
  30 4175.8  13/2-  -3/2  33   -0.45    5.66    5.66    1.63    1.54      20.13   20.13   -0.00   -0.35      2.454   2.454  -0.000
  
  31 4669.9  13/2-  -7/2  35   -2.10    2.91    2.91   12.30    1.96      19.72   19.72   -0.00   -0.70      2.404   2.404  -0.000
  32 8506.8   1/2-   1/2  24    0.50   23.22   23.22    0.25   -3.55      26.79   26.79    0.00   -6.80      3.266   3.266   0.000
