1SPECTRUM OF (Z= 82 A=207) IN PARTICLE-ROTOR  MODEL WITH MODIFIED OSCILLATOR POTENTIAL


 PARITY=-   EPS= 0.553   GAMMA=  0.0   EPS4=0.000   EPS6=0.000   LEVELS:  24  25  26  27  28  29  30  31  32  33  34  35  36  37  38

 PAIRING FACTORS: GN0= 19.20  GN1=  7.40  IPAIR= 15 ***  E2PLUS(INPUT)=   0.730  E2PLUR(INPUT)=   0.000

 CORIOLIS ATTENUATION PARAMETERS:  CHSI=1.000  ETA=  1.00

 MOMENT OF INERTIA PARAMETERS:   A1=  0.122 MEV   A2=  0.122 MEV   A3=121.91924 MEV


 DELTA=0.892 MEV  LAMBDA=53.4731 MEV   HW0= 7.7173 MEV   LAMBDA/HW0= 6.9289

 E2ENERGY=0.730 MEV  HBAR**2/B=56703./A**(7/3)=9585.5/A**2 MEV

 IREC=0  =>  RECOIL TERMS j+j-, j+j+, jzjz, ETC TREATED AS ONE-BODY OPERATORS WITH UU+VV PAIRING FACTORS



 S. P. LEVEL   EQP       U     V        (UU + VV)**1.00

     24       4.610    0.097 0.995      1.000 1.000 1.000 0.996 0.992 0.947 0.902 0.834 0.472 0.406 0.391 0.373 0.338 0.212 0.198
     25       4.597    0.097 0.995      1.000 1.000 1.000 0.996 0.992 0.947 0.903 0.834 0.473 0.407 0.391 0.374 0.338 0.212 0.198
     26       3.889    0.115 0.993      1.000 1.000 1.000 0.997 0.994 0.952 0.910 0.844 0.488 0.423 0.408 0.390 0.355 0.230 0.216
     27       2.379    0.191 0.982      0.996 0.996 0.997 1.000 0.999 0.973 0.939 0.883 0.554 0.491 0.476 0.459 0.426 0.303 0.290
     28       2.046    0.224 0.975      0.992 0.992 0.994 0.999 1.000 0.980 0.950 0.898 0.581 0.520 0.505 0.489 0.456 0.335 0.322
     29       1.187    0.413 0.911      0.947 0.947 0.952 0.973 0.980 1.000 0.993 0.967 0.731 0.679 0.666 0.652 0.623 0.515 0.503
     30       1.008    0.516 0.856      0.902 0.903 0.910 0.939 0.950 0.993 1.000 0.990 0.806 0.760 0.749 0.736 0.710 0.612 0.601
     31       0.912    0.630 0.777      0.834 0.834 0.844 0.883 0.898 0.967 0.990 1.000 0.880 0.843 0.834 0.823 0.801 0.715 0.706
     32       1.256    0.923 0.384      0.472 0.473 0.488 0.554 0.581 0.731 0.806 0.880 1.000 0.997 0.996 0.994 0.989 0.961 0.958
     33       1.489    0.949 0.316      0.406 0.407 0.423 0.491 0.520 0.679 0.760 0.843 0.997 1.000 1.000 0.999 0.997 0.979 0.976
     34       1.560    0.954 0.300      0.391 0.391 0.408 0.476 0.505 0.666 0.749 0.834 0.996 1.000 1.000 1.000 0.998 0.982 0.980
     35       1.652    0.960 0.281      0.373 0.374 0.390 0.459 0.489 0.652 0.736 0.823 0.994 0.999 1.000 1.000 0.999 0.986 0.983
     36       1.877    0.970 0.245      0.338 0.338 0.355 0.426 0.456 0.623 0.710 0.801 0.989 0.997 0.998 0.999 1.000 0.991 0.989
     37       3.877    0.993 0.116      0.212 0.212 0.230 0.303 0.335 0.515 0.612 0.715 0.961 0.979 0.982 0.986 0.991 1.000 1.000
     38       4.397    0.995 0.102      0.198 0.198 0.216 0.290 0.322 0.503 0.601 0.706 0.958 0.976 0.980 0.983 0.989 1.000 1.000

  R CORE   ENERGY   A0R/A00=1.000    R3= 0     2  
   2( 1)    0.732                    1.000 0.000
   2( 2)  487.921                    0.000 1.000

  R CORE   ENERGY   A0R/A00=1.000    R3= 0     2  
   3( 1)  488.652                    0.000 1.000

  R CORE   ENERGY   A0R/A00=1.000    R3= 0     2     4  
   4( 1)    2.438                    1.000 0.000 0.000

  R CORE   ENERGY   A0R/A00=1.000    R3= 0     2     4  
   5( 1)  490.847                    0.000 1.000 0.000

  R CORE   ENERGY   A0R/A00=1.000    R3= 0     2     4     6  
   6( 1)    5.121                    1.000 0.000 0.000 0.000

  R CORE   ENERGY   A0R/A00=1.000    R3= 0     2     4     6  
   7( 1)  494.017                    0.000 1.000 0.000 0.000

          AXIAL SYMMETRY => K RESTRICTED TO OMEGA

                     K
     S.P. ORB#: 24  4.50
     S.P. ORB#: 25  2.50
     S.P. ORB#: 26  0.50
     S.P. ORB#: 27  0.50
     S.P. ORB#: 28  2.50
     S.P. ORB#: 29  2.50
     S.P. ORB#: 30 -5.50
     S.P. ORB#: 31 -3.50
     S.P. ORB#: 32  0.50
     S.P. ORB#: 33  0.50
     S.P. ORB#: 34 -3.50
     S.P. ORB#: 35 -1.50
     S.P. ORB#: 36 -1.50
     S.P. ORB#: 37 -3.50
     S.P. ORB#: 38 -1.50
 

             ENERGY    K= OMEGA
 
 I=  1/2- (1)  2.926  33:-0.999
 
 I=  1/2- (2)  4.947  27:-0.582
                      32: 0.813
 
 I=  1/2- (3)  5.767  26: 0.999
 
 I=  1/2- (4)  6.346  27: 0.813
                      32: 0.582
 
 I=  1/2- (5)147.955  35: 1.000

             ENERGY    K= OMEGA
 
 I=  3/2- (1)  2.994  33:-0.783
                      35:-0.622
 
 I=  3/2- (2)  3.237  26:-0.119
                      33: 0.616
                      35:-0.779

             ENERGY    K= OMEGA
 
 I=  5/2- (1)  2.995  29:-0.987
                      35:-0.150
 
 I=  5/2- (2)  3.542  26:-0.179
                      29:-0.151
                      33:-0.532
                      35: 0.813
 
 I=  5/2- (3)  4.157  33:-0.834
                      35:-0.546
 
 I=  5/2- (4)  4.894  27:-0.538
                      32: 0.750
                      36: 0.251
                      38:-0.290
 
 I=  5/2- (5)  6.533  27: 0.226
                      28: 0.184
                      32: 0.385
                      36:-0.859
                      38:-0.170

             ENERGY    K= OMEGA
 
 I=  7/2- (1)  2.674  25:-0.189
                      29: 0.122
                      31: 0.974
 
 I=  7/2- (2)  3.663  25:-0.061
                      29:-0.906
                      31: 0.093
                      33: 0.062
                      35: 0.181
                      37: 0.360
 
 I=  7/2- (3)  4.214  29: 0.125
                      33: 0.821
                      35: 0.545
                      37:-0.095
 
 I=  7/2- (4)  4.679  25:-0.055
                      26: 0.223
                      29: 0.059
                      33:-0.542
                      35: 0.788
                      37:-0.166
 
 I=  7/2- (5)  5.061  29: 0.379
                      31:-0.058
                      35: 0.128
                      37: 0.913

             ENERGY    K= OMEGA
 
 I=  9/2- (1)  3.504  25: 0.267
                      29:-0.157
                      31: 0.949
 
 I=  9/2- (2)  4.571  25:-0.083
                      26: 0.058
                      29:-0.850
                      31:-0.112
                      33: 0.086
                      35:-0.231
                      37:-0.441
 
 I=  9/2- (3)  5.197  26:-0.282
                      29:-0.180
                      31:-0.072
                      33:-0.542
                      35: 0.746
                      37:-0.176
 
 I=  9/2- (4)  5.679  27: 0.493
                      32:-0.741
                      36:-0.237
                      38: 0.390
 
 I=  9/2- (5)  6.273  24: 0.056
                      25: 0.071
                      26: 0.070
                      29: 0.288
                      33: 0.595
                      35: 0.374
                      37:-0.640

             ENERGY    K= OMEGA
 
 I= 11/2- (1)  2.118  24:-0.189
                      30:-0.982
 
 I= 11/2- (2)  4.551  24: 0.056
                      25:-0.323
                      29: 0.174
                      31: 0.927
 
 I= 11/2- (3)  5.733  25:-0.098
                      29:-0.823
                      31: 0.121
                      33: 0.084
                      35: 0.223
                      37: 0.491
 
 I= 11/2- (4)  6.414  26:-0.070
                      29: 0.128
                      31:-0.065
                      33: 0.839
                      35: 0.500
                      37:-0.141
 
 I= 11/2- (5)  6.568  27: 0.412
                      28: 0.088
                      32: 0.774
                      34: 0.057
                      36: 0.141
                      38: 0.448

             ENERGY    K= OMEGA
 
 I= 13/2- (1)  3.449  24:-0.264
                      30: 0.964
 
 I= 13/2- (2)  5.822  24: 0.054
                      25:-0.366
                      29: 0.182
                      30: 0.051
                      31:-0.907
                      35:-0.059
 
 I= 13/2- (3)  7.114  25:-0.109
                      26: 0.104
                      29:-0.781
                      31:-0.108
                      33: 0.131
                      35:-0.294
                      37:-0.500
 
 I= 13/2- (4)  7.373  27: 0.459
                      32:-0.735
                      36:-0.216
                      38: 0.449
 
 I= 13/2- (5)  7.778  26:-0.357
                      29:-0.226
                      31:-0.115
                      33:-0.531
                      35: 0.684
                      37:-0.240

             ENERGY     K=-3/2
  32 LEVELS    TIME=  0.0 SEC



 ******************* EXCITATION ENERGIES, DOMINANT CONFIGURATION AND EXPECTATION VALUES (WITH S.P. UU+VV FACTORS) *******************

  NR  Eex(keV)  I   Kdom  NY    <Jz>  <Jx**2> <Jy**2> <Jz**2> <I.j>/|I|  <Rx**2> <Ry**2> <Rz**2> <R.j>/|R|  <HROTx> <HROTy> <HROTz>

   1    0.0  11/2- -11/2  30   -5.14    2.93    2.93   29.88    5.31       4.02    4.02    0.00   -1.42      0.490   0.490   0.000
   2  556.1   7/2-  -7/2  31   -3.19    6.50    6.50   11.94    3.45       6.67    6.67    0.00   -3.08      0.813   0.813   0.000
   3  808.1   1/2-   1/2  33    0.50    5.43    5.43    0.25    0.06       5.88    5.88    0.00   -3.22      0.716   0.716   0.000
   4  875.3   3/2-   1/2  33   -0.27    5.43    5.43    1.02    0.98       5.91    5.91    0.00   -2.90      0.720   0.720   0.000
   5  876.8   5/2-   5/2  29    2.41    6.19    6.19    6.15    2.13       7.35    7.35    0.00   -3.19      0.896   0.896   0.000
  
   6 1118.2   3/2-  -3/2  35   -0.71    5.46    5.46    1.46    0.74       6.62    6.62    0.00   -3.00      0.807   0.807   0.000
   7 1330.3  13/2- -11/2  30   -4.80    3.10    3.10   29.53    4.76       8.97    8.97    0.00   -0.58      1.094   1.094   0.000
   8 1385.5   9/2-  -7/2  31   -2.90    6.63    6.63   11.68    3.09       9.49    9.49    0.00   -2.20      1.157   1.157   0.000
   9 1423.6   5/2-  -3/2  35   -0.77    5.55    5.55    1.72    1.05       7.68    7.68    0.00   -2.48      0.936   0.936   0.000
  10 1545.1   7/2-   5/2  29    1.53    5.63    5.63    6.92    2.11       8.61    8.61    0.00   -2.37      1.050   1.050   0.000
  
  11 2038.7   5/2-   1/2  33   -0.09    5.44    5.44    0.87   -0.16      10.71   10.71    0.00   -2.64      1.306   1.306   0.000
  12 2096.1   7/2-   1/2  33   -0.10    5.41    5.41    1.06    0.74      10.88   10.88    0.00   -1.92      1.327   1.327   0.000
  13 2432.7  11/2-  -7/2  31   -2.67    6.73    6.73   11.46    2.86      13.26   13.26   -0.00   -1.52      1.616   1.616  -0.000
  14 2452.7   9/2-   5/2  29    1.03    5.35    5.35    7.22    1.98      11.50   11.50    0.00   -1.68      1.402   1.402   0.000
  15 2561.0   7/2-  -3/2  35   -0.84    5.46    5.46    1.87    0.60      11.88   11.88    0.00   -2.13      1.448   1.448   0.000
  
  16 2775.5   5/2-   1/2  32    0.21   14.60   14.60    0.54    2.34      12.34   12.34    0.00   -4.60      1.504   1.504   0.000
  17 2828.7   1/2-   1/2  32    0.50   14.30   14.30    0.25    1.41      13.58   13.58    0.00   -5.30      1.655   1.655   0.000
  18 2943.0   7/2-  -7/2  37   -2.59    2.96    2.96   11.19    2.47       6.64    6.64    0.00   -2.01      0.810   0.810   0.000
  19 3078.7   9/2-  -3/2  35   -0.69    5.58    5.58    2.00    1.04      13.78   13.78    0.00   -1.52      1.680   1.680   0.000
  20 3560.9   9/2-   1/2  32    0.08   14.89   14.89    0.67    2.55      14.92   14.92    0.00   -3.25      1.819   1.819   0.000
  
  21 3614.9  11/2-   5/2  29    0.75    5.15    5.15    7.55    1.85      15.75   15.75    0.00   -1.21      1.921   1.921   0.000
  22 3648.7   1/2-   1/2  26    0.50    7.78    7.78    0.25    0.65       7.72    7.72    0.00   -3.88      0.941   0.941   0.000
  23 3703.9  13/2-  -7/2  31   -2.47    6.81    6.81   11.28    2.70      18.00   18.00    0.00   -1.01      2.195   2.195   0.000
  24 4154.7   9/2-  -7/2  37   -1.23    4.23    4.23    6.05    0.84      15.46   15.46    0.00   -1.86      1.885   1.885   0.000
  25 4227.9   1/2-   1/2  27    0.50   16.21   16.21    0.25   -1.29      17.83   17.83    0.00   -5.66      2.174   2.174   0.000
  
  26 4295.4  11/2-   1/2  33   -0.06    5.38    5.38    1.14    0.67      19.81   19.81    0.00   -1.25      2.415   2.415   0.000
  27 4414.8   5/2-  -3/2  36   -0.97   17.18   17.18    1.99    1.18      19.05   19.05    0.00   -5.32      2.322   2.322   0.000
  28 4449.7  11/2-   1/2  32    0.06   17.54   17.54    0.78    2.92      18.34   18.34    0.00   -3.04      2.236   2.236   0.000
  29 4995.8  13/2-   5/2  29    0.52    5.10    5.10    7.32    1.73      21.08   21.08    0.00   -0.84      2.570   2.570   0.000
  30 5254.8  13/2-   1/2  32    0.00   15.12   15.12    0.75    2.65      21.39   21.39    0.00   -1.91      2.608   2.608   0.000
  
  31 5659.4  13/2-  -3/2  35   -0.61    5.62    5.62    2.36    1.06      23.75   23.75    0.00   -0.90      2.895   2.895   0.000
  32*******   1/2-  -3/2  35    0.00    0.00    0.00    0.00   -0.00       0.00    0.00    0.00   -0.00      0.000   0.000   0.000
