1SPECTRUM OF (Z= 82 A=207) IN PARTICLE-ROTOR  MODEL WITH MODIFIED OSCILLATOR POTENTIAL


 PARITY=-   EPS= 0.575   GAMMA=  0.0   EPS4=0.000   EPS6=0.000   LEVELS:  24  25  26  27  28  29  30  31  32  33  34  35  36  37  38

 PAIRING FACTORS: GN0= 19.20  GN1=  7.40  IPAIR= 15 ***  E2PLUS(INPUT)=   0.730  E2PLUR(INPUT)=   0.000

 CORIOLIS ATTENUATION PARAMETERS:  CHSI=1.000  ETA=  1.00

 MOMENT OF INERTIA PARAMETERS:   A1=  0.122 MEV   A2=  0.122 MEV   A3=121.91923 MEV


 DELTA=0.922 MEV  LAMBDA=53.5470 MEV   HW0= 7.7461 MEV   LAMBDA/HW0= 6.9128

 E2ENERGY=0.730 MEV  HBAR**2/B=61304./A**(7/3)=******/A**2 MEV

 IREC=0  =>  RECOIL TERMS j+j-, j+j+, jzjz, ETC TREATED AS ONE-BODY OPERATORS WITH UU+VV PAIRING FACTORS



 S. P. LEVEL   EQP       U     V        (UU + VV)**1.00

     24       4.564    0.101 0.995      1.000 1.000 1.000 0.998 0.995 0.916 0.791 0.762 0.581 0.421 0.392 0.381 0.354 0.210 0.208
     25       4.379    0.106 0.994      1.000 1.000 1.000 0.998 0.995 0.918 0.794 0.765 0.585 0.425 0.396 0.385 0.358 0.214 0.213
     26       3.866    0.120 0.993      1.000 1.000 1.000 0.999 0.996 0.923 0.802 0.774 0.596 0.438 0.409 0.398 0.371 0.228 0.227
     27       2.862    0.163 0.987      0.998 0.998 0.999 1.000 0.999 0.939 0.828 0.801 0.631 0.476 0.449 0.438 0.411 0.270 0.269
     28       2.311    0.204 0.979      0.995 0.995 0.996 0.999 1.000 0.952 0.850 0.825 0.662 0.512 0.485 0.474 0.448 0.309 0.308
     29       1.075    0.492 0.870      0.916 0.918 0.923 0.939 0.952 1.000 0.970 0.958 0.859 0.750 0.729 0.720 0.699 0.584 0.583
     30       0.923    0.689 0.725      0.791 0.794 0.802 0.828 0.850 0.970 1.000 0.999 0.957 0.888 0.873 0.867 0.852 0.764 0.763
     31       0.923    0.722 0.692      0.762 0.765 0.774 0.801 0.825 0.958 0.999 1.000 0.970 0.908 0.895 0.889 0.875 0.793 0.792
     32       1.071    0.869 0.495      0.581 0.585 0.596 0.631 0.662 0.859 0.957 0.970 1.000 0.983 0.977 0.974 0.967 0.918 0.917
     33       1.493    0.945 0.327      0.421 0.425 0.438 0.476 0.512 0.750 0.888 0.908 0.983 1.000 1.000 0.999 0.997 0.975 0.975
     34       1.625    0.955 0.297      0.392 0.396 0.409 0.449 0.485 0.729 0.873 0.895 0.977 1.000 1.000 1.000 0.999 0.982 0.981
     35       1.688    0.959 0.285      0.381 0.385 0.398 0.438 0.474 0.720 0.867 0.889 0.974 0.999 1.000 1.000 1.000 0.984 0.984
     36       1.856    0.966 0.257      0.354 0.358 0.371 0.411 0.448 0.699 0.852 0.875 0.967 0.997 0.999 1.000 1.000 0.989 0.989
     37       4.244    0.994 0.109      0.210 0.214 0.228 0.270 0.309 0.584 0.764 0.793 0.918 0.975 0.982 0.984 0.989 1.000 1.000
     38       4.292    0.994 0.108      0.208 0.213 0.227 0.269 0.308 0.583 0.763 0.792 0.917 0.975 0.981 0.984 0.989 1.000 1.000

  R CORE   ENERGY   A0R/A00=1.000    R3= 0     2  
   2( 1)    0.732                    1.000 0.000
   2( 2)  487.921                    0.000 1.000

  R CORE   ENERGY   A0R/A00=1.000    R3= 0     2  
   3( 1)  488.652                    0.000 1.000

  R CORE   ENERGY   A0R/A00=1.000    R3= 0     2     4  
   4( 1)    2.438                    1.000 0.000 0.000

  R CORE   ENERGY   A0R/A00=1.000    R3= 0     2     4  
   5( 1)  490.847                    0.000 1.000 0.000

  R CORE   ENERGY   A0R/A00=1.000    R3= 0     2     4     6  
   6( 1)    5.121                    1.000 0.000 0.000 0.000

  R CORE   ENERGY   A0R/A00=1.000    R3= 0     2     4     6  
   7( 1)  494.017                    0.000 1.000 0.000 0.000

          AXIAL SYMMETRY => K RESTRICTED TO OMEGA

                     K
     S.P. ORB#: 24  2.50
     S.P. ORB#: 25  4.50
     S.P. ORB#: 26  0.50
     S.P. ORB#: 27  0.50
     S.P. ORB#: 28  2.50
     S.P. ORB#: 29  2.50
     S.P. ORB#: 30 -5.50
     S.P. ORB#: 31 -3.50
     S.P. ORB#: 32  0.50
     S.P. ORB#: 33 -3.50
     S.P. ORB#: 34 -1.50
     S.P. ORB#: 35  0.50
     S.P. ORB#: 36 -1.50
     S.P. ORB#: 37 -1.50
     S.P. ORB#: 38 -3.50
 

             ENERGY    K= OMEGA
 
 I=  1/2- (1)  3.140  35:-0.999
 
 I=  1/2- (2)  4.888  27: 0.458
                      32:-0.889
 
 I=  1/2- (3)  5.765  26: 0.999
 
 I=  1/2- (4)  6.741  27:-0.889
                      32:-0.458
 
 I=  1/2- (5)147.929  34:-1.000

             ENERGY    K= OMEGA
 
 I=  3/2- (1)  3.208  35:-0.794
                      36:-0.607
 
 I=  3/2- (2)  3.449  26:-0.120
                      35: 0.601
                      36:-0.790

             ENERGY    K= OMEGA
 
 I=  5/2- (1)  2.894  29: 0.993
                      36: 0.107
 
 I=  5/2- (2)  3.762  26:-0.184
                      29:-0.104
                      35:-0.528
                      36: 0.821
 
 I=  5/2- (3)  4.370  26:-0.050
                      35:-0.837
                      36:-0.543
 
 I=  5/2- (4)  4.807  27:-0.498
                      32: 0.769
                      34: 0.278
                      37:-0.289
 
 I=  5/2- (5)  6.365  27: 0.127
                      28: 0.151
                      32: 0.359
                      34:-0.902
                      37:-0.137

             ENERGY    K= OMEGA
 
 I=  7/2- (1)  2.720  24:-0.175
                      29: 0.141
                      31: 0.974
 
 I=  7/2- (2)  3.584  24:-0.060
                      29:-0.933
                      31: 0.121
                      36: 0.144
                      38: 0.298
 
 I=  7/2- (3)  4.427  29:-0.094
                      35:-0.829
                      36:-0.544
                      38: 0.061
 
 I=  7/2- (4)  4.894  24: 0.058
                      26:-0.227
                      29:-0.073
                      35: 0.533
                      36:-0.802
                      38: 0.107
 
 I=  7/2- (5)  5.388  27:-0.350
                      28:-0.052
                      32:-0.842
                      34:-0.115
                      37:-0.389

             ENERGY    K= OMEGA
 
 I=  9/2- (1)  3.582  24:-0.247
                      29: 0.185
                      31:-0.949
 
 I=  9/2- (2)  4.502  24:-0.085
                      29:-0.884
                      31:-0.153
                      35: 0.054
                      36:-0.183
                      38:-0.386
 
 I=  9/2- (3)  5.424  26:-0.293
                      29:-0.142
                      31:-0.062
                      35:-0.541
                      36: 0.761
                      38:-0.126
 
 I=  9/2- (4)  5.576  27:-0.487
                      32: 0.742
                      34: 0.265
                      37:-0.377
 
 I=  9/2- (5)  6.529  24:-0.069
                      25:-0.090
                      26:-0.078
                      29:-0.066
                      35:-0.775
                      36:-0.538
                      38: 0.293

             ENERGY    K= OMEGA
 
 I= 11/2- (1)  2.080  25: 0.172
                      30: 0.985
 
 I= 11/2- (2)  4.663  24:-0.300
                      25: 0.059
                      29: 0.209
                      31: 0.927
 
 I= 11/2- (3)  5.660  24:-0.105
                      29:-0.852
                      31: 0.169
                      35: 0.055
                      36: 0.191
                      38: 0.440
 
 I= 11/2- (4)  6.455  27: 0.385
                      28: 0.080
                      32: 0.794
                      33: 0.052
                      34: 0.137
                      37: 0.440
 
 I= 11/2- (5)  6.626  26:-0.069
                      29: 0.103
                      31:-0.056
                      35: 0.847
                      36: 0.503
                      38:-0.105

             ENERGY    K= OMEGA
 
 I= 13/2- (1)  3.459  25:-0.243
                      30: 0.970
 
 I= 13/2- (2)  5.969  24:-0.343
                      25: 0.059
                      29: 0.221
                      31:-0.907
                      38: 0.056
 
 I= 13/2- (3)  7.044  24:-0.121
                      26: 0.073
                      29:-0.818
                      31:-0.167
                      35: 0.084
                      36:-0.235
                      38:-0.468
 
 I= 13/2- (4)  7.268  27:-0.473
                      32: 0.729
                      34: 0.247
                      37:-0.428
 
 I= 13/2- (5)  8.009  26:-0.373
                      29:-0.172
                      31:-0.103
                      35:-0.534
                      36: 0.709
                      38:-0.178

             ENERGY     K=-7/2
  32 LEVELS    TIME=  0.0 SEC



 ******************* EXCITATION ENERGIES, DOMINANT CONFIGURATION AND EXPECTATION VALUES (WITH S.P. UU+VV FACTORS) *******************

  NR  Eex(keV)  I   Kdom  NY    <Jz>  <Jx**2> <Jy**2> <Jz**2> <I.j>/|I|  <Rx**2> <Ry**2> <Rz**2> <R.j>/|R|  <HROTx> <HROTy> <HROTz>

   1    0.0  11/2- -11/2  30   -5.20    2.90    2.90   29.95    5.26       4.32    4.32    0.00   -1.47      0.527   0.527   0.000
   2  639.8   7/2-  -7/2  31   -3.20    6.51    6.51   11.95    3.39       6.90    6.90    0.00   -3.10      0.841   0.841   0.000
   3  814.2   5/2-   5/2  29    2.45    6.23    6.23    6.20    2.13       7.41    7.41    0.00   -3.21      0.903   0.903   0.000
   4 1059.8   1/2-   1/2  35    0.50    5.48    5.48    0.25    0.05       5.94    5.94    0.00   -3.24      0.724   0.724   0.000
   5 1128.1   3/2-   1/2  35   -0.24    5.48    5.48    0.99    0.97       5.97    5.97    0.00   -2.91      0.728   0.728   0.000
  
   6 1368.9   3/2-  -3/2  36   -0.75    5.51    5.51    1.50    0.76       6.66    6.66    0.00   -3.03      0.812   0.812   0.000
   7 1379.5  13/2- -11/2  30   -4.91    3.04    3.04   29.64    4.68       9.57    9.57   -0.00   -0.70      1.166   1.166  -0.000
   8 1502.1   9/2-  -7/2  31   -2.91    6.62    6.62   11.69    3.00       9.93    9.93    0.00   -2.25      1.210   1.210   0.000
   9 1504.4   7/2-   5/2  29    1.79    5.83    5.83    6.78    2.04       9.00    9.00    0.00   -2.44      1.098   1.098   0.000
  10 1682.5   5/2-  -3/2  36   -0.82    5.60    5.60    1.67    1.03       7.75    7.75    0.00   -2.49      0.945   0.945   0.000
  
  11 2289.9   5/2-   1/2  35   -0.08    5.49    5.49    0.86   -0.16      10.77   10.77    0.00   -2.65      1.312   1.312   0.000
  12 2347.4   7/2-   1/2  35   -0.09    5.48    5.48    0.95    0.72      10.99   10.99    0.00   -1.93      1.339   1.339   0.000
  13 2422.2   9/2-   5/2  29    1.32    5.56    5.56    7.13    1.94      11.86   11.86    0.00   -1.77      1.446   1.446   0.000
  14 2583.4  11/2-  -7/2  31   -2.67    6.72    6.72   11.48    2.75      13.89   13.89    0.00   -1.61      1.693   1.693   0.000
  15 2726.7   5/2-   1/2  32    0.18   14.67   14.67    0.57    2.40      12.24   12.24    0.00   -4.61      1.492   1.492   0.000
  
  16 2807.8   1/2-   1/2  32    0.50   14.76   14.76    0.25    1.33      14.11   14.11   -0.00   -5.39      1.721   1.721  -0.000
  17 2814.6   7/2-  -3/2  36   -0.82    5.58    5.58    1.74    0.56      12.10   12.10    0.00   -2.17      1.475   1.475   0.000
  18 3308.3   7/2-   1/2  32    0.17   17.67   17.67    0.61    2.79      14.79   14.79   -0.00   -4.58      1.803   1.803  -0.000
  19 3344.7   9/2-  -3/2  36   -0.69    5.68    5.68    1.78    0.99      14.03   14.03    0.00   -1.55      1.710   1.710   0.000
  20 3496.1   9/2-   1/2  32    0.08   14.80   14.80    0.67    2.57      14.72   14.72    0.00   -3.22      1.795   1.795   0.000
  
  21 3580.7  11/2-   5/2  29    1.02    5.37    5.37    7.43    1.84      15.97   15.97    0.00   -1.27      1.947   1.947   0.000
  22 3685.5   1/2-   1/2  26    0.50    7.86    7.86    0.25    0.64       7.81    7.81    0.00   -3.90      0.952   0.952   0.000
  23 3889.5  13/2-  -7/2  31   -2.47    6.80    6.80   11.29    2.58      18.81   18.81    0.00   -1.12      2.294   2.294   0.000
  24 4285.6   5/2-  -3/2  34   -1.12   17.08   17.08    2.05    1.05      19.38   19.38    0.00   -5.32      2.363   2.363   0.000
  25 4375.5  11/2-   1/2  32    0.08   17.74   17.74    0.75    2.94      18.39   18.39    0.00   -3.07      2.242   2.242   0.000
  
  26 4449.3   9/2-   1/2  35   -0.37    5.26    5.26    2.08    0.02      18.55   18.55   -0.00   -2.05      2.261   2.261  -0.000
  27 4546.4  11/2-   1/2  35   -0.04    5.46    5.46    1.00    0.65      19.95   19.95    0.00   -1.27      2.432   2.432   0.000
  28 4660.7   1/2-   1/2  27    0.50   15.88   15.88    0.25   -1.24      17.45   17.45   -0.00   -5.60      2.127   2.127  -0.000
  29 4964.2  13/2-   5/2  29    0.77    5.25    5.25    7.46    1.75      21.13   21.13    0.00   -0.88      2.576   2.576   0.000
  30 5188.2  13/2-   1/2  32    0.01   14.93   14.93    0.74    2.64      21.24   21.24    0.00   -1.87      2.590   2.590   0.000
  
  31 5929.2  13/2-  -3/2  36   -0.61    5.77    5.77    1.96    1.01      24.09   24.09    0.00   -0.93      2.937   2.937   0.000
  32*******   1/2-  -3/2  34    0.00    0.00    0.00    0.00   -0.00       0.00    0.00    0.00   -0.00      0.000   0.000   0.000
