1SPECTRUM OF (Z= 82 A=207) IN PARTICLE-ROTOR  MODEL WITH MODIFIED OSCILLATOR POTENTIAL


 PARITY=-   EPS= 0.613   GAMMA=  0.0   EPS4=0.000   EPS6=0.000   LEVELS:  24  25  26  27  28  29  30  31  32  33  34  35  36  37  38

 PAIRING FACTORS: GN0= 19.20  GN1=  7.40  IPAIR= 15 ***  E2PLUS(INPUT)=   0.730  E2PLUR(INPUT)=   0.000

 CORIOLIS ATTENUATION PARAMETERS:  CHSI=1.000  ETA=  1.00

 MOMENT OF INERTIA PARAMETERS:   A1=  0.122 MEV   A2=  0.122 MEV   A3=121.91924 MEV


 DELTA=0.898 MEV  LAMBDA=53.7135 MEV   HW0= 7.8000 MEV   LAMBDA/HW0= 6.8863

 E2ENERGY=0.730 MEV  HBAR**2/B=69675./A**(7/3)=******/A**2 MEV

 IREC=0  =>  RECOIL TERMS j+j-, j+j+, jzjz, ETC TREATED AS ONE-BODY OPERATORS WITH UU+VV PAIRING FACTORS



 S. P. LEVEL   EQP       U     V        (UU + VV)**1.00

     24       4.506    0.100 0.995      1.000 1.000 1.000 1.000 0.998 0.829 0.793 0.617 0.532 0.505 0.455 0.327 0.307 0.213 0.190
     25       3.973    0.114 0.994      1.000 1.000 1.000 1.000 0.999 0.836 0.801 0.627 0.543 0.517 0.467 0.339 0.320 0.226 0.203
     26       3.818    0.118 0.993      1.000 1.000 1.000 1.000 0.999 0.839 0.804 0.631 0.547 0.521 0.471 0.344 0.325 0.231 0.208
     27       3.716    0.122 0.993      1.000 1.000 1.000 1.000 0.999 0.841 0.806 0.634 0.550 0.524 0.474 0.347 0.328 0.234 0.211
     28       2.770    0.164 0.986      0.998 0.999 0.999 0.999 1.000 0.863 0.830 0.666 0.585 0.560 0.511 0.387 0.368 0.276 0.253
     29       0.913    0.640 0.769      0.829 0.836 0.839 0.841 0.863 1.000 0.998 0.952 0.915 0.902 0.875 0.800 0.787 0.723 0.707
     30       0.899    0.686 0.728      0.793 0.801 0.804 0.806 0.830 0.998 1.000 0.969 0.938 0.927 0.903 0.835 0.824 0.764 0.749
     31       0.993    0.845 0.535      0.617 0.627 0.631 0.634 0.666 0.952 0.969 1.000 0.995 0.991 0.981 0.945 0.939 0.900 0.890
     32       1.128    0.896 0.444      0.532 0.543 0.547 0.550 0.585 0.915 0.938 0.995 1.000 1.000 0.996 0.974 0.969 0.941 0.933
     33       1.185    0.909 0.416      0.505 0.517 0.521 0.524 0.560 0.902 0.927 0.991 1.000 1.000 0.998 0.981 0.976 0.951 0.943
     34       1.327    0.932 0.363      0.455 0.467 0.471 0.474 0.511 0.875 0.903 0.981 0.996 0.998 1.000 0.990 0.987 0.967 0.961
     35       2.002    0.973 0.230      0.327 0.339 0.344 0.347 0.387 0.800 0.835 0.945 0.974 0.981 0.990 1.000 1.000 0.993 0.990
     36       2.180    0.978 0.211      0.307 0.320 0.325 0.328 0.368 0.787 0.824 0.939 0.969 0.976 0.987 1.000 1.000 0.995 0.993
     37       3.962    0.993 0.114      0.213 0.226 0.231 0.234 0.276 0.723 0.764 0.900 0.941 0.951 0.967 0.993 0.995 1.000 1.000
     38       4.962    0.996 0.091      0.190 0.203 0.208 0.211 0.253 0.707 0.749 0.890 0.933 0.943 0.961 0.990 0.993 1.000 1.000

  R CORE   ENERGY   A0R/A00=1.000    R3= 0     2  
   2( 1)    0.732                    1.000 0.000
   2( 2)  487.921                    0.000 1.000

  R CORE   ENERGY   A0R/A00=1.000    R3= 0     2  
   3( 1)  488.652                    0.000 1.000

  R CORE   ENERGY   A0R/A00=1.000    R3= 0     2     4  
   4( 1)    2.438                    1.000 0.000 0.000

  R CORE   ENERGY   A0R/A00=1.000    R3= 0     2     4  
   5( 1)  490.847                    0.000 1.000 0.000

  R CORE   ENERGY   A0R/A00=1.000    R3= 0     2     4     6  
   6( 1)    5.121                    1.000 0.000 0.000 0.000

  R CORE   ENERGY   A0R/A00=1.000    R3= 0     2     4     6  
   7( 1)  494.017                    0.000 1.000 0.000 0.000

          AXIAL SYMMETRY => K RESTRICTED TO OMEGA

                     K
     S.P. ORB#: 24  2.50
     S.P. ORB#: 25  4.50
     S.P. ORB#: 26  0.50
     S.P. ORB#: 27  0.50
     S.P. ORB#: 28  2.50
     S.P. ORB#: 29  2.50
     S.P. ORB#: 30  0.50
     S.P. ORB#: 31 -3.50
     S.P. ORB#: 32 -5.50
     S.P. ORB#: 33 -1.50
     S.P. ORB#: 34 -3.50
     S.P. ORB#: 35  0.50
     S.P. ORB#: 36 -1.50
     S.P. ORB#: 37 -1.50
     S.P. ORB#: 38  4.50
 

             ENERGY    K= OMEGA
 
 I=  1/2- (1)  3.479  35:-0.999
 
 I=  1/2- (2)  4.780  27: 0.369
                      30:-0.929
 
 I=  1/2- (3)  5.751  26: 0.999
 
 I=  1/2- (4)  7.585  27:-0.929
                      30:-0.369
 
 I=  1/2- (5)147.488  33: 1.000

             ENERGY    K= OMEGA
 
 I=  3/2- (1)  3.548  35:-0.811
                      36:-0.585
 
 I=  3/2- (2)  3.789  26:-0.118
                      35: 0.579
                      36:-0.807

             ENERGY    K= OMEGA
 
 I=  5/2- (1)  2.744  29: 0.996
                      36: 0.081
 
 I=  5/2- (2)  4.124  26: 0.187
                      29: 0.076
                      35: 0.520
                      36:-0.829
 
 I=  5/2- (3)  4.680  27: 0.475
                      30:-0.753
                      33:-0.379
                      37: 0.250
 
 I=  5/2- (4)  4.708  26:-0.055
                      35:-0.842
                      36:-0.535
 
 I=  5/2- (5)  6.042  28:-0.117
                      30:-0.413
                      33: 0.895
                      37: 0.122

             ENERGY    K= OMEGA
 
 I=  7/2- (1)  2.845  24:-0.145
                      29: 0.196
                      31: 0.970
 
 I=  7/2- (2)  3.610  24:-0.061
                      29:-0.971
                      31: 0.187
                      36: 0.132
 
 I=  7/2- (3)  4.770  29:-0.091
                      35:-0.842
                      36:-0.528
 
 I=  7/2- (4)  5.251  24:-0.061
                      26: 0.226
                      29: 0.099
                      35:-0.515
                      36: 0.818
 
 I=  7/2- (5)  5.371  27: 0.341
                      28: 0.051
                      30: 0.856
                      33: 0.175
                      37: 0.341

             ENERGY    K= OMEGA
 
 I=  9/2- (1)  3.766  24:-0.208
                      25: 0.052
                      29: 0.235
                      31:-0.948
 
 I=  9/2- (2)  4.705  24: 0.092
                      29: 0.951
                      31: 0.214
                      36: 0.193
 
 I=  9/2- (3)  5.448  27:-0.509
                      30: 0.716
                      33: 0.359
                      37:-0.312
 
 I=  9/2- (4)  5.830  26:-0.299
                      29:-0.185
                      31:-0.057
                      35:-0.538
                      36: 0.762
 
 I=  9/2- (5)  6.284  28: 0.339
                      30: 0.071
                      33:-0.095
                      34:-0.817
                      37:-0.054
                      38: 0.448

             ENERGY    K= OMEGA
 
 I= 11/2- (1)  2.371  25: 0.134
                      32: 0.991
 
 I= 11/2- (2)  4.915  24:-0.257
                      25: 0.066
                      29: 0.248
                      31: 0.932
 
 I= 11/2- (3)  6.033  24: 0.115
                      29: 0.937
                      31:-0.213
                      35:-0.072
                      36:-0.240
 
 I= 11/2- (4)  6.396  27: 0.324
                      28: 0.245
                      30: 0.604
                      33: 0.206
                      34: 0.494
                      37: 0.295
                      38: 0.311
 
 I= 11/2- (5)  6.593  27:-0.250
                      28: 0.223
                      30:-0.532
                      33:-0.056
                      34: 0.617
                      37:-0.242
                      38: 0.403

             ENERGY    K= OMEGA
 
 I= 13/2- (1)  3.845  25:-0.192
                      32: 0.981
 
 I= 13/2- (2)  6.293  24:-0.298
                      25: 0.072
                      29: 0.250
                      31:-0.918
 
 I= 13/2- (3)  7.065  27: 0.222
                      28: 0.306
                      30:-0.267
                      33:-0.205
                      34:-0.704
                      37: 0.113
                      38: 0.484
 
 I= 13/2- (4)  7.167  27: 0.473
                      28:-0.121
                      30:-0.647
                      33:-0.279
                      34: 0.322
                      37: 0.333
                      38:-0.225
 
 I= 13/2- (5)  7.573  24:-0.134
                      26: 0.103
                      29:-0.901
                      31:-0.193
                      35: 0.118
                      36:-0.327

             ENERGY     K= 9/2
  32 LEVELS    TIME=  0.0 SEC



 ******************* EXCITATION ENERGIES, DOMINANT CONFIGURATION AND EXPECTATION VALUES (WITH S.P. UU+VV FACTORS) *******************

  NR  Eex(keV)  I   Kdom  NY    <Jz>  <Jx**2> <Jy**2> <Jz**2> <I.j>/|I|  <Rx**2> <Ry**2> <Rz**2> <R.j>/|R|  <HROTx> <HROTy> <HROTz>

   1    0.0  11/2- -11/2  32   -5.32    2.84    2.84   30.07    5.16       4.89    4.89    0.00   -1.56      0.596   0.596   0.000
   2  372.6   5/2-   5/2  29    2.47    6.29    6.29    6.22    2.13       7.47    7.47    0.00   -3.23      0.910   0.910   0.000
   3  473.5   7/2-  -7/2  31   -3.14    6.52    6.52   11.89    3.28       7.31    7.31    0.00   -3.11      0.891   0.891   0.000
   4 1107.5   1/2-   1/2  35    0.50    5.56    5.56    0.25    0.03       6.04    6.04    0.00   -3.27      0.736   0.736   0.000
   5 1176.6   3/2-   1/2  35   -0.18    5.56    5.56    0.93    0.94       6.09    6.09    0.00   -2.94      0.742   0.742   0.000
  
   6 1239.1   7/2-   5/2  29    2.22    6.27    6.27    6.39    1.62      10.90   10.90    0.00   -2.67      1.329   1.329   0.000
   7 1394.8   9/2-  -7/2  31   -2.89    6.59    6.59   11.68    2.83      10.74   10.74    0.00   -2.33      1.309   1.309   0.000
   8 1417.2   3/2-  -3/2  36   -0.80    5.60    5.60    1.55    0.78       6.75    6.75    0.00   -3.06      0.823   0.823   0.000
   9 1473.9  13/2- -11/2  32   -5.13    2.93    2.93   29.87    4.52      10.71   10.71    0.00   -0.91      1.306   1.306   0.000
  10 1753.1   5/2-  -3/2  36   -0.86    5.68    5.68    1.67    0.99       7.95    7.95    0.00   -2.53      0.969   0.969   0.000
  
  11 2308.7   5/2-   1/2  30    0.09   14.49   14.49    0.66    2.45      11.94   11.94    0.00   -4.58      1.456   1.456   0.000
  12 2333.4   9/2-   5/2  29    2.07    6.25    6.25    6.36    1.33      15.19   15.19    0.00   -2.22      1.852   1.852   0.000
  13 2336.6   5/2-   1/2  35   -0.07    5.58    5.58    0.84   -0.17      10.86   10.86    0.00   -2.68      1.324   1.324   0.000
  14 2399.0   7/2-   1/2  35   -0.04    5.58    5.58    0.87    0.69      11.16   11.16    0.00   -1.97      1.361   1.361   0.000
  15 2408.6   1/2-   1/2  30    0.50   14.98   14.98    0.25    1.31      14.34   14.34    0.00   -5.43      1.749   1.749   0.000
  
  16 2543.2  11/2-  -7/2  31   -2.70    6.66    6.66   11.53    2.54      15.10   15.10    0.00   -1.75      1.841   1.841   0.000
  17 2879.7   7/2-  -3/2  36   -0.82    5.72    5.72    1.68    0.50      12.47   12.47    0.00   -2.23      1.520   1.520   0.000
  18 2999.5   7/2-   1/2  30    0.21   18.07   18.07    0.57    2.71      15.48   15.48    0.00   -4.66      1.887   1.887   0.000
  19 3076.2   9/2-   1/2  30    0.05   14.38   14.38    0.72    2.58      14.27   14.27    0.00   -3.11      1.740   1.740   0.000
  20 3380.1   1/2-   1/2  26    0.50    7.99    7.99    0.25    0.62       7.95    7.95    0.00   -3.93      0.969   0.969   0.000
  
  21 3458.2   9/2-  -3/2  36   -0.60    5.84    5.84    1.68    0.86      14.75   14.75    0.00   -1.67      1.798   1.798   0.000
  22 3661.9  11/2-   5/2  29    1.99    6.23    6.23    6.27    1.14      20.45   20.45   -0.00   -1.87      2.493   2.493  -0.000
  23 3671.1   5/2-  -3/2  33   -1.10   16.93   16.93    1.96    0.82      19.86   19.86    0.00   -5.30      2.422   2.422   0.000
  24 3912.7   9/2-  -7/2  34   -1.16   21.34   21.34   12.99    4.74      16.63   16.63    0.00   -5.56      2.028   2.028   0.000
  25 3921.2  13/2-  -7/2  31   -2.55    6.72    6.72   11.40    2.35      20.41   20.41    0.00   -1.32      2.488   2.488   0.000
  
  26 4024.8  11/2-   1/2  30   -0.23   19.42   19.42    5.73    3.76      17.69   17.69    0.00   -3.72      2.157   2.157   0.000
  27 4221.8  11/2-  -7/2  34   -0.40   19.97   19.97    8.49    4.01      18.14   18.14    0.00   -4.06      2.211   2.211   0.000
  28 4694.1  13/2-  -7/2  34   -0.47   20.04   20.04   11.57    4.47      19.01   19.01    0.00   -3.32      2.318   2.318   0.000
  29 4795.5  13/2-   1/2  30   -0.06   15.53   15.53    2.98    2.99      20.50   20.50    0.00   -2.05      2.499   2.499   0.000
  30 5202.0  13/2-   5/2  29    1.80    6.21    6.21    5.91    1.04      26.28   26.28   -0.00   -1.53      3.205   3.205  -0.000
  
  31 5213.9   1/2-   1/2  27    0.50   15.86   15.86    0.25   -1.25      17.44   17.44   -0.00   -5.60      2.126   2.126  -0.000
  32*******   1/2-  -3/2  33    0.00    0.00    0.00    0.00   -0.00       0.00    0.00    0.00   -0.00      0.000   0.000   0.000
