1SPECTRUM OF (Z= 82 A=207) IN PARTICLE-ROTOR  MODEL WITH MODIFIED OSCILLATOR POTENTIAL


 PARITY=-   EPS= 0.497   GAMMA=  0.0   EPS4=0.000   EPS6=0.000   LEVELS:  24  25  26  27  28  29  30  31  32  33  34  35  36  37  38

 PAIRING FACTORS: GN0= 19.20  GN1=  7.40  IPAIR= 15 ***  E2PLUS(INPUT)=   0.730  E2PLUR(INPUT)=   0.000

 CORIOLIS ATTENUATION PARAMETERS:  CHSI=1.000  ETA=  1.00

 MOMENT OF INERTIA PARAMETERS:   A1=  0.122 MEV   A2=  0.122 MEV   A3=121.91924 MEV


 DELTA=0.850 MEV  LAMBDA=53.4136 MEV   HW0= 7.6516 MEV   LAMBDA/HW0= 6.9807

 E2ENERGY=0.730 MEV  HBAR**2/B=45800./A**(7/3)=7742.4/A**2 MEV

 IREC=0  =>  RECOIL TERMS j+j-, j+j+, jzjz, ETC TREATED AS ONE-BODY OPERATORS WITH UU+VV PAIRING FACTORS



 S. P. LEVEL   EQP       U     V        (UU + VV)**1.00

     24       4.766    0.089 0.996      1.000 1.000 1.000 0.988 0.984 0.978 0.967 0.954 0.551 0.489 0.346 0.319 0.261 0.243 0.216
     25       4.032    0.106 0.994      1.000 1.000 1.000 0.991 0.987 0.981 0.972 0.958 0.565 0.503 0.361 0.334 0.277 0.259 0.232
     26       3.665    0.117 0.993      1.000 1.000 1.000 0.992 0.989 0.983 0.974 0.961 0.574 0.512 0.371 0.344 0.287 0.269 0.243
     27       1.823    0.240 0.971      0.988 0.991 0.992 1.000 1.000 0.998 0.995 0.988 0.672 0.616 0.484 0.459 0.404 0.387 0.362
     28       1.669    0.264 0.965      0.984 0.987 0.989 1.000 1.000 0.999 0.997 0.992 0.690 0.635 0.506 0.481 0.427 0.410 0.385
     29       1.502    0.296 0.955      0.978 0.981 0.983 0.998 0.999 1.000 0.999 0.995 0.714 0.661 0.535 0.510 0.457 0.441 0.416
     30       1.334    0.339 0.941      0.967 0.972 0.974 0.995 0.997 0.999 1.000 0.999 0.744 0.693 0.572 0.548 0.496 0.480 0.456
     31       1.195    0.385 0.923      0.954 0.958 0.961 0.988 0.992 0.995 0.999 1.000 0.777 0.729 0.612 0.589 0.539 0.524 0.500
     32       1.018    0.880 0.474      0.551 0.565 0.574 0.672 0.690 0.714 0.744 0.777 1.000 0.997 0.974 0.967 0.949 0.943 0.934
     33       1.139    0.913 0.409      0.489 0.503 0.512 0.616 0.635 0.661 0.693 0.729 0.997 1.000 0.988 0.983 0.970 0.965 0.957
     34       1.690    0.966 0.260      0.346 0.361 0.371 0.484 0.506 0.535 0.572 0.612 0.974 0.988 1.000 1.000 0.996 0.994 0.991
     35       1.878    0.973 0.233      0.319 0.334 0.344 0.459 0.481 0.510 0.548 0.589 0.967 0.983 1.000 1.000 0.998 0.997 0.994
     36       2.491    0.985 0.173      0.261 0.277 0.287 0.404 0.427 0.457 0.496 0.539 0.949 0.970 0.996 0.998 1.000 1.000 0.999
     37       2.776    0.988 0.155      0.243 0.259 0.269 0.387 0.410 0.441 0.480 0.524 0.943 0.965 0.994 0.997 1.000 1.000 1.000
     38       3.348    0.992 0.128      0.216 0.232 0.243 0.362 0.385 0.416 0.456 0.500 0.934 0.957 0.991 0.994 0.999 1.000 1.000

  R CORE   ENERGY   A0R/A00=1.000    R3= 0     2  
   2( 1)    0.732                    1.000 0.000
   2( 2)  487.921                    0.000 1.000

  R CORE   ENERGY   A0R/A00=1.000    R3= 0     2  
   3( 1)  488.652                    0.000 1.000

  R CORE   ENERGY   A0R/A00=1.000    R3= 0     2     4  
   4( 1)    2.438                    1.000 0.000 0.000

  R CORE   ENERGY   A0R/A00=1.000    R3= 0     2     4  
   5( 1)  490.847                    0.000 1.000 0.000

  R CORE   ENERGY   A0R/A00=1.000    R3= 0     2     4     6  
   6( 1)    5.121                    1.000 0.000 0.000 0.000

  R CORE   ENERGY   A0R/A00=1.000    R3= 0     2     4     6  
   7( 1)  494.017                    0.000 1.000 0.000 0.000

          AXIAL SYMMETRY => K RESTRICTED TO OMEGA

                     K
     S.P. ORB#: 24  2.50
     S.P. ORB#: 25  0.50
     S.P. ORB#: 26 -1.50
     S.P. ORB#: 27 -5.50
     S.P. ORB#: 28  2.50
     S.P. ORB#: 29  2.50
     S.P. ORB#: 30  0.50
     S.P. ORB#: 31 -3.50
     S.P. ORB#: 32  0.50
     S.P. ORB#: 33 -1.50
     S.P. ORB#: 34 -3.50
     S.P. ORB#: 35  0.50
     S.P. ORB#: 36 -1.50
     S.P. ORB#: 37 -3.50
     S.P. ORB#: 38  4.50
 

             ENERGY    K= OMEGA
 
 I=  1/2- (1)  2.413  32: 0.999
 
 I=  1/2- (2)  4.534  30:-0.904
                      35: 0.428
 
 I=  1/2- (3)  5.851  25: 0.999
 
 I=  1/2- (4)  6.225  30:-0.428
                      35:-0.904
 
 I=  1/2- (5)147.442  33: 1.000

             ENERGY    K= OMEGA
 
 I=  3/2- (1)  2.466  32: 0.724
                      33:-0.689
 
 I=  3/2- (2)  2.698  25:-0.133
                      32:-0.681
                      33:-0.720

             ENERGY    K= OMEGA
 
 I=  5/2- (1)  2.929  25: 0.185
                      28:-0.137
                      32:-0.516
                      33:-0.824
 
 I=  5/2- (2)  3.470  28:-0.946
                      32: 0.316
 
 I=  5/2- (3)  3.647  28:-0.292
                      32:-0.783
                      33: 0.547
 
 I=  5/2- (4)  4.893  26: 0.126
                      29:-0.111
                      30:-0.812
                      35: 0.501
                      36: 0.248
 
 I=  5/2- (5)  6.447  26: 0.469
                      29:-0.835
                      35:-0.287

             ENERGY    K= OMEGA
 
 I=  7/2- (1)  2.880  24:-0.220
                      28: 0.094
                      31: 0.968
                      33: 0.063
 
 I=  7/2- (2)  3.555  28: 0.450
                      32: 0.206
                      33:-0.273
                      37:-0.824
 
 I=  7/2- (3)  3.678  28: 0.063
                      32:-0.750
                      33: 0.559
                      37:-0.340
 
 I=  7/2- (4)  4.066  24:-0.061
                      25: 0.239
                      28:-0.155
                      32: 0.599
                      33: 0.724
                      37:-0.179
 
 I=  7/2- (5)  4.559  24:-0.052
                      25:-0.056
                      28:-0.871
                      31: 0.105
                      32:-0.055
                      33:-0.226
                      37:-0.413

             ENERGY    K= OMEGA
 
 I=  9/2- (1)  3.395  24:-0.262
                      28: 0.118
                      31:-0.845
                      33:-0.070
                      37: 0.063
                      38: 0.441
 
 I=  9/2- (2)  4.372  24:-0.122
                      25: 0.185
                      28:-0.360
                      31:-0.159
                      32:-0.322
                      33:-0.520
                      37:-0.574
                      38:-0.305
 
 I=  9/2- (3)  4.561  25: 0.233
                      28: 0.158
                      31: 0.239
                      32:-0.444
                      33:-0.566
                      37: 0.533
                      38: 0.245
 
 I=  9/2- (4)  4.759  24: 0.109
                      28:-0.384
                      31: 0.300
                      37:-0.336
                      38: 0.797
 
 I=  9/2- (5)  5.609  26:-0.425
                      29: 0.578
                      30: 0.523
                      34:-0.323
                      35:-0.247
                      36:-0.216

             ENERGY    K= OMEGA
 
 I= 11/2- (1)  3.162  27:-0.999
 
 I= 11/2- (2)  4.255  24:-0.307
                      28: 0.129
                      31: 0.823
                      33: 0.074
                      37:-0.085
                      38: 0.446
 
 I= 11/2- (3)  5.597  24: 0.148
                      28: 0.456
                      31:-0.196
                      32: 0.207
                      33:-0.339
                      37:-0.712
                      38: 0.258
 
 I= 11/2- (4)  5.705  26:-0.464
                      29:-0.561
                      30:-0.542
                      34:-0.290
                      35:-0.221
                      36:-0.207
 
 I= 11/2- (5)  5.884  25:-0.090
                      28: 0.106
                      31:-0.125
                      32:-0.806
                      33: 0.455
                      37:-0.325

             ENERGY    K= OMEGA
 
 I= 13/2- (1)  4.744  27: 0.998
                      38:-0.053
 
 I= 13/2- (2)  5.373  24:-0.344
                      27: 0.065
                      28: 0.133
                      31:-0.809
                      33:-0.092
                      37: 0.092
                      38: 0.432
 
 I= 13/2- (3)  6.687  26: 0.508
                      29:-0.671
                      30:-0.342
                      34: 0.370
                      35: 0.105
                      36: 0.164
 
 I= 13/2- (4)  6.830  24: 0.117
                      25:-0.315
                      28: 0.322
                      32: 0.440
                      33: 0.643
                      37: 0.378
                      38: 0.177
 
 I= 13/2- (5)  7.195  24:-0.100
                      25:-0.216
                      28:-0.381
                      31:-0.233
                      32: 0.338
                      33: 0.341
                      37:-0.703
                      38:-0.141

             ENERGY     K= 9/2
  32 LEVELS    TIME=  0.0 SEC



 ******************* EXCITATION ENERGIES, DOMINANT CONFIGURATION AND EXPECTATION VALUES (WITH S.P. UU+VV FACTORS) *******************

  NR  Eex(keV)  I   Kdom  NY    <Jz>  <Jx**2> <Jy**2> <Jz**2> <I.j>/|I|  <Rx**2> <Ry**2> <Rz**2> <R.j>/|R|  <HROTx> <HROTy> <HROTz>

   1    0.0   1/2-   1/2  32    0.50    5.29    5.29    0.25    0.10       5.70    5.70    0.00   -3.18      0.695   0.695   0.000
   2   53.2   3/2-   1/2  32   -0.45    5.28    5.28    1.20    1.06       5.70    5.70   -0.00   -2.87      0.695   0.695  -0.000
   3  285.1   3/2-  -3/2  33   -0.54    5.30    5.30    1.29    0.72       6.41    6.41   -0.00   -2.93      0.782   0.782  -0.000
   4  467.3   7/2-  -7/2  31   -3.15    6.46    6.46   11.86    3.55       6.17    6.17   -0.00   -3.04      0.753   0.753  -0.000
   5  516.2   5/2-  -3/2  33   -0.82    5.42    5.42    1.73    1.24       6.99    6.99   -0.00   -2.38      0.852   0.852  -0.000
  
   6  749.5  11/2- -11/2  27   -5.49    2.75    2.75   30.24    5.06       5.49    5.49   -0.00   -1.65      0.669   0.669  -0.001
   7  982.5   9/2-  -7/2  31   -1.44    5.79    5.79   13.25    3.73       6.25    6.25   -0.00   -1.78      0.762   0.762  -0.000
   8 1057.1   5/2-   5/2  28    2.29    6.05    6.05    5.63    1.90       7.61    7.61    0.00   -3.10      0.928   0.928   0.000
   9 1142.4   7/2-  -7/2  37   -1.96    3.42    3.42    9.78    2.84       4.91    4.91   -0.00   -1.70      0.599   0.599  -0.000
  10 1234.6   5/2-   1/2  32    0.07    5.38    5.38    1.36    0.02      10.38   10.38    0.00   -2.65      1.265   1.265   0.000
  
  11 1265.3   7/2-   1/2  32   -0.59    4.93    4.93    2.32    1.03       9.87    9.87   -0.00   -1.82      1.203   1.203  -0.000
  12 1653.7   7/2-  -3/2  33   -0.62    5.29    5.29    1.86    0.73      11.18   11.18   -0.00   -2.02      1.364   1.364  -0.000
  13 1842.0  11/2-  -7/2  31   -1.24    5.84    5.84   13.13    3.50       9.34    9.34   -0.00   -0.90      1.138   1.138  -0.000
  14 1959.6   9/2-  -7/2  37   -0.80    4.20    4.20    7.77    2.23       9.35    9.35    0.00   -1.17      1.139   1.139   0.000
  15 2121.1   1/2-   1/2  30    0.50   13.07   13.07    0.25    0.99      12.72   12.72    0.00   -5.06      1.550   1.550   0.000
  
  16 2146.1   7/2-   5/2  28    1.19    5.45    5.45    7.10    1.44      11.15   11.15   -0.00   -2.60      1.360   1.360  -0.000
  17 2147.8   9/2-  -3/2  33   -1.21    4.41    4.41    6.35    1.81      10.94   10.94   -0.00   -1.32      1.334   1.334  -0.000
  18 2331.3  13/2- -11/2  27   -5.47    2.76    2.76   30.18    4.33      11.96   11.96   -0.00   -1.11      1.459   1.459  -0.001
  19 2346.4   9/2-   9/2  38    2.55    3.46    3.46   16.36    3.26       7.81    7.81    0.00   -1.79      0.952   0.952   0.000
  20 2480.1   5/2-   1/2  30    0.37   13.73   13.73    0.48    1.61      13.59   13.59    0.00   -4.45      1.656   1.656   0.000
  
  21 2959.8  13/2-  -7/2  31   -1.18    5.94    5.94   12.91    3.31      13.65   13.65   -0.00   -0.32      1.664   1.664  -0.000
  22 3183.9  11/2-  -7/2  37   -1.19    3.69    3.69    9.74    2.16      13.50   13.50   -0.00   -0.81      1.646   1.646  -0.000
  23 3196.6   9/2-   5/2  29    0.30   19.41   19.41    3.96    3.76      15.07   15.07   -0.00   -4.39      1.837   1.837  -0.000
  24 3291.9  11/2-   5/2  29    0.28   20.03   20.03    3.66    4.10      15.21   15.21    0.00   -3.48      1.855   1.855   0.000
  25 3438.4   1/2-   1/2  25    0.50    7.55    7.55    0.25    0.66       7.48    7.48    0.00   -3.82      0.912   0.912   0.000
  
  26 3470.9  11/2-   1/2  32   -0.37    4.95    4.95    2.24    0.84      18.92   18.92   -0.00   -1.16      2.307   2.307  -0.000
  27 3812.3   1/2-   1/2  35    0.50   17.03   17.03    0.25   -0.82      18.24   18.24    0.00   -5.80      2.223   2.223   0.000
  28 4034.7   5/2-   5/2  29    1.45   22.04   22.04    4.87    3.60      18.20   18.20    0.00   -6.35      2.219   2.219   0.000
  29 4273.9  13/2-   5/2  29    0.28   21.42   21.42    5.16    4.23      18.82   18.82    0.00   -3.01      2.295   2.295   0.000
  30 4417.4  13/2-  -3/2  33   -0.55    5.12    5.12    4.15    1.57      20.58   20.58    0.00   -0.53      2.510   2.510   0.000
  
  31 4781.7  13/2-  -7/2  37   -1.54    3.94    3.94    8.39    1.74      20.37   20.37   -0.00   -0.65      2.483   2.483  -0.000
  32*******   1/2-  -3/2  33    0.00    0.00    0.00    0.00   -0.00       0.00    0.00    0.00   -0.00      0.000   0.000   0.000
