1SPECTRUM OF (Z= 82 A=207) IN PARTICLE-ROTOR  MODEL WITH MODIFIED OSCILLATOR POTENTIAL


 PARITY=-   EPS= 0.580   GAMMA=  0.0   EPS4=0.000   EPS6=0.000   LEVELS:  24  25  26  27  28  29  30  31  32  33  34  35  36  37  38

 PAIRING FACTORS: GN0= 19.20  GN1=  7.40  IPAIR= 15 ***  E2PLUS(INPUT)=   0.730  E2PLUR(INPUT)=   0.000

 CORIOLIS ATTENUATION PARAMETERS:  CHSI=1.000  ETA=  1.00

 MOMENT OF INERTIA PARAMETERS:   A1=  0.122 MEV   A2=  0.122 MEV   A3=121.91925 MEV


 DELTA=0.923 MEV  LAMBDA=53.5666 MEV   HW0= 7.7529 MEV   LAMBDA/HW0= 6.9092

 E2ENERGY=0.730 MEV  HBAR**2/B=62375./A**(7/3)=******/A**2 MEV

 IREC=0  =>  RECOIL TERMS j+j-, j+j+, jzjz, ETC TREATED AS ONE-BODY OPERATORS WITH UU+VV PAIRING FACTORS



 S. P. LEVEL   EQP       U     V        (UU + VV)**1.00

     24       4.557    0.102 0.995      1.000 1.000 1.000 0.998 0.995 0.907 0.759 0.744 0.608 0.426 0.405 0.374 0.348 0.211 0.206
     25       4.326    0.107 0.994      1.000 1.000 1.000 0.999 0.996 0.910 0.762 0.748 0.612 0.431 0.410 0.379 0.353 0.216 0.212
     26       3.860    0.120 0.993      1.000 1.000 1.000 0.999 0.997 0.915 0.771 0.756 0.622 0.443 0.422 0.391 0.366 0.229 0.225
     27       2.973    0.157 0.988      0.998 0.999 0.999 1.000 0.999 0.929 0.794 0.780 0.651 0.476 0.455 0.425 0.400 0.265 0.261
     28       2.371    0.199 0.980      0.995 0.996 0.997 0.999 1.000 0.944 0.819 0.806 0.682 0.512 0.492 0.463 0.438 0.305 0.301
     29       1.051    0.511 0.860      0.907 0.910 0.915 0.929 0.944 1.000 0.962 0.956 0.885 0.767 0.752 0.729 0.710 0.602 0.599
     30       0.924    0.725 0.688      0.759 0.762 0.771 0.794 0.819 0.962 1.000 1.000 0.978 0.913 0.903 0.888 0.875 0.797 0.794
     31       0.927    0.740 0.672      0.744 0.748 0.756 0.780 0.806 0.956 1.000 1.000 0.983 0.922 0.912 0.898 0.885 0.810 0.807
     32       1.034    0.852 0.524      0.608 0.612 0.622 0.651 0.682 0.885 0.978 0.983 1.000 0.977 0.972 0.964 0.956 0.904 0.903
     33       1.474    0.943 0.332      0.426 0.431 0.443 0.476 0.512 0.767 0.913 0.922 0.977 1.000 1.000 0.998 0.996 0.974 0.973
     34       1.566    0.951 0.310      0.405 0.410 0.422 0.455 0.492 0.752 0.903 0.912 0.972 1.000 1.000 0.999 0.998 0.979 0.978
     35       1.730    0.961 0.278      0.374 0.379 0.391 0.425 0.463 0.729 0.888 0.898 0.964 0.998 0.999 1.000 1.000 0.985 0.985
     36       1.899    0.968 0.251      0.348 0.353 0.366 0.400 0.438 0.710 0.875 0.885 0.956 0.996 0.998 1.000 1.000 0.990 0.989
     37       4.208    0.994 0.110      0.211 0.216 0.229 0.265 0.305 0.602 0.797 0.810 0.904 0.974 0.979 0.985 0.990 1.000 1.000
     38       4.384    0.994 0.106      0.206 0.212 0.225 0.261 0.301 0.599 0.794 0.807 0.903 0.973 0.978 0.985 0.989 1.000 1.000

  R CORE   ENERGY   A0R/A00=1.000    R3= 0     2  
   2( 1)    0.732                    1.000 0.000
   2( 2)  487.921                    0.000 1.000

  R CORE   ENERGY   A0R/A00=1.000    R3= 0     2  
   3( 1)  488.652                    0.000 1.000

  R CORE   ENERGY   A0R/A00=1.000    R3= 0     2     4  
   4( 1)    2.438                    1.000 0.000 0.000

  R CORE   ENERGY   A0R/A00=1.000    R3= 0     2     4  
   5( 1)  490.847                    0.000 1.000 0.000

  R CORE   ENERGY   A0R/A00=1.000    R3= 0     2     4     6  
   6( 1)    5.121                    1.000 0.000 0.000 0.000

  R CORE   ENERGY   A0R/A00=1.000    R3= 0     2     4     6  
   7( 1)  494.017                    0.000 1.000 0.000 0.000

          AXIAL SYMMETRY => K RESTRICTED TO OMEGA

                     K
     S.P. ORB#: 24  2.50
     S.P. ORB#: 25  4.50
     S.P. ORB#: 26  0.50
     S.P. ORB#: 27  0.50
     S.P. ORB#: 28  2.50
     S.P. ORB#: 29  2.50
     S.P. ORB#: 30 -5.50
     S.P. ORB#: 31 -3.50
     S.P. ORB#: 32  0.50
     S.P. ORB#: 33 -3.50
     S.P. ORB#: 34 -1.50
     S.P. ORB#: 35  0.50
     S.P. ORB#: 36 -1.50
     S.P. ORB#: 37 -1.50
     S.P. ORB#: 38 -3.50
 

             ENERGY    K= OMEGA
 
 I=  1/2- (1)  3.185  35:-0.999
 
 I=  1/2- (2)  4.867  27:-0.439
                      32: 0.899
 
 I=  1/2- (3)  5.764  26: 0.999
 
 I=  1/2- (4)  6.843  27: 0.899
                      32: 0.439
 
 I=  1/2- (5)147.869  34:-1.000

             ENERGY    K= OMEGA
 
 I=  3/2- (1)  3.253  35:-0.796
                      36:-0.604
 
 I=  3/2- (2)  3.494  26:-0.120
                      35: 0.598
                      36:-0.793

             ENERGY    K= OMEGA
 
 I=  5/2- (1)  2.871  29: 0.994
                      36: 0.101
 
 I=  5/2- (2)  3.810  26: 0.185
                      29: 0.098
                      35: 0.527
                      36:-0.823
 
 I=  5/2- (3)  4.415  26:-0.051
                      35:-0.837
                      36:-0.542
 
 I=  5/2- (4)  4.784  27:-0.492
                      32: 0.771
                      34: 0.287
                      37:-0.287
 
 I=  5/2- (5)  6.322  27: 0.108
                      28: 0.145
                      32: 0.358
                      34:-0.906
                      37:-0.132

             ENERGY    K= OMEGA
 
 I=  7/2- (1)  2.732  24:-0.171
                      29: 0.147
                      31: 0.974
 
 I=  7/2- (2)  3.565  24:-0.059
                      29:-0.936
                      31: 0.128
                      36: 0.138
                      38: 0.288
 
 I=  7/2- (3)  4.473  29:-0.089
                      35:-0.831
                      36:-0.543
                      38: 0.056
 
 I=  7/2- (4)  4.941  24:-0.059
                      26: 0.227
                      29: 0.073
                      35:-0.531
                      36: 0.804
                      38:-0.098
 
 I=  7/2- (5)  5.369  27:-0.343
                      28:-0.050
                      32:-0.847
                      34:-0.115
                      37:-0.386

             ENERGY    K= OMEGA
 
 I=  9/2- (1)  3.601  24:-0.242
                      25: 0.050
                      29: 0.194
                      31:-0.949
 
 I=  9/2- (2)  4.485  24: 0.086
                      29: 0.888
                      31: 0.164
                      36: 0.176
                      38: 0.376
 
 I=  9/2- (3)  5.475  26:-0.294
                      29:-0.136
                      31:-0.060
                      35:-0.540
                      36: 0.764
                      38:-0.119
 
 I=  9/2- (4)  5.553  27:-0.488
                      32: 0.741
                      34: 0.273
                      37:-0.372
 
 I=  9/2- (5)  6.577  24:-0.070
                      25:-0.129
                      26:-0.078
                      35:-0.781
                      36:-0.544
                      38: 0.254

             ENERGY    K= OMEGA
 
 I= 11/2- (1)  2.093  25: 0.167
                      30: 0.986
 
 I= 11/2- (2)  4.690  24:-0.295
                      25: 0.059
                      29: 0.220
                      31: 0.926
 
 I= 11/2- (3)  5.643  24: 0.107
                      29: 0.855
                      31:-0.182
                      35:-0.051
                      36:-0.186
                      38:-0.430
 
 I= 11/2- (4)  6.437  27:-0.384
                      28:-0.079
                      32:-0.797
                      33:-0.051
                      34:-0.139
                      37:-0.436
 
 I= 11/2- (5)  6.672  26:-0.068
                      29: 0.100
                      31:-0.055
                      35: 0.848
                      36: 0.503
                      38:-0.099

             ENERGY    K= OMEGA
 
 I= 13/2- (1)  3.486  25:-0.236
                      30: 0.971
 
 I= 13/2- (2)  6.005  24: 0.336
                      25:-0.060
                      29:-0.234
                      31: 0.907
                      38:-0.062
 
 I= 13/2- (3)  7.027  24: 0.125
                      26:-0.069
                      29: 0.822
                      31: 0.183
                      35:-0.077
                      36: 0.226
                      38: 0.460
 
 I= 13/2- (4)  7.245  27:-0.478
                      32: 0.727
                      34: 0.256
                      37:-0.422
 
 I= 13/2- (5)  8.063  26: 0.375
                      29: 0.164
                      31: 0.100
                      35: 0.534
                      36:-0.712
                      38: 0.169

             ENERGY     K=-7/2
  32 LEVELS    TIME=  0.0 SEC



 ******************* EXCITATION ENERGIES, DOMINANT CONFIGURATION AND EXPECTATION VALUES (WITH S.P. UU+VV FACTORS) *******************

  NR  Eex(keV)  I   Kdom  NY    <Jz>  <Jx**2> <Jy**2> <Jz**2> <I.j>/|I|  <Rx**2> <Ry**2> <Rz**2> <R.j>/|R|  <HROTx> <HROTy> <HROTz>

   1    0.0  11/2- -11/2  30   -5.22    2.89    2.89   29.97    5.24       4.41    4.41    0.00   -1.48      0.537   0.537   0.000
   2  638.7   7/2-  -7/2  31   -3.19    6.51    6.51   11.94    3.38       6.95    6.95   -0.00   -3.10      0.848   0.848  -0.000
   3  778.6   5/2-   5/2  29    2.46    6.24    6.24    6.21    2.13       7.41    7.41    0.00   -3.22      0.904   0.904   0.000
   4 1092.1   1/2-   1/2  35    0.50    5.49    5.49    0.25    0.05       5.95    5.95   -0.00   -3.24      0.725   0.725  -0.000
   5 1160.6   3/2-   1/2  35   -0.23    5.49    5.49    0.98    0.96       5.99    5.99    0.00   -2.92      0.730   0.730   0.000
  
   6 1392.9  13/2- -11/2  30   -4.94    3.03    3.03   29.68    4.66       9.73    9.73    0.00   -0.73      1.186   1.186   0.000
   7 1401.2   3/2-  -3/2  36   -0.76    5.53    5.53    1.51    0.76       6.67    6.67    0.00   -3.03      0.814   0.814   0.000
   8 1472.1   7/2-   5/2  29    1.83    5.86    5.86    6.76    2.03       9.06    9.06    0.00   -2.45      1.105   1.105   0.000
   9 1508.5   9/2-  -7/2  31   -2.90    6.62    6.62   11.69    2.98      10.03   10.03   -0.00   -2.26      1.223   1.223  -0.000
  10 1717.5   5/2-  -3/2  36   -0.83    5.61    5.61    1.67    1.03       7.77    7.77    0.00   -2.50      0.948   0.948   0.000
  
  11 2322.1   5/2-   1/2  35   -0.08    5.51    5.51    0.85   -0.16      10.78   10.78    0.00   -2.66      1.314   1.314   0.000
  12 2379.7   7/2-   1/2  35   -0.09    5.49    5.49    0.94    0.71      11.00   11.00    0.00   -1.94      1.342   1.342   0.000
  13 2391.7   9/2-   5/2  29    1.36    5.60    5.60    7.12    1.93      11.92   11.92    0.00   -1.78      1.453   1.453   0.000
  14 2597.6  11/2-  -7/2  31   -2.66    6.72    6.72   11.47    2.72      14.04   14.04   -0.00   -1.63      1.711   1.711  -0.000
  15 2691.6   5/2-   1/2  32    0.17   14.66   14.66    0.58    2.41      12.21   12.21   -0.00   -4.61      1.488   1.488  -0.000
  
  16 2774.6   1/2-   1/2  32    0.50   14.83   14.83    0.25    1.31      14.19   14.19    0.00   -5.40      1.730   1.730   0.000
  17 2848.2   7/2-  -3/2  36   -0.82    5.60    5.60    1.72    0.55      12.14   12.14    0.00   -2.18      1.480   1.480   0.000
  18 3275.9   7/2-   1/2  32    0.18   17.72   17.72    0.60    2.78      14.86   14.86    0.00   -4.59      1.812   1.812   0.000
  19 3382.5   9/2-  -3/2  36   -0.69    5.70    5.70    1.76    0.98      14.08   14.08    0.00   -1.56      1.717   1.717   0.000
  20 3459.7   9/2-   1/2  32    0.07   14.76   14.76    0.68    2.57      14.67   14.67   -0.00   -3.21      1.789   1.789  -0.000
  
  21 3549.9  11/2-   5/2  29    1.05    5.41    5.41    7.42    1.84      16.00   16.00    0.00   -1.28      1.951   1.951   0.000
  22 3671.6   1/2-   1/2  26    0.50    7.88    7.88    0.25    0.64       7.83    7.83    0.00   -3.91      0.954   0.954   0.000
  23 3911.9  13/2-  -7/2  31   -2.47    6.79    6.79   11.29    2.55      19.00   19.00   -0.00   -1.15      2.317   2.317  -0.000
  24 4228.8   5/2-  -3/2  34   -1.14   17.06   17.06    2.05    1.01      19.46   19.46   -0.00   -5.32      2.372   2.372  -0.000
  25 4344.6  11/2-   1/2  32    0.08   17.79   17.79    0.74    2.94      18.44   18.44    0.00   -3.08      2.248   2.248   0.000
  
  26 4484.1   9/2-   1/2  35   -0.27    5.35    5.35    1.99    0.01      18.69   18.69    0.00   -2.07      2.279   2.279   0.000
  27 4578.9  11/2-   1/2  35   -0.04    5.47    5.47    0.98    0.65      19.97   19.97    0.00   -1.28      2.435   2.435   0.000
  28 4749.8   1/2-   1/2  27    0.50   15.84   15.84    0.25   -1.22      17.40   17.40    0.00   -5.59      2.121   2.121   0.000
  29 4933.7  13/2-   5/2  29    0.80    5.29    5.29    7.48    1.76      21.14   21.14   -0.00   -0.89      2.578   2.578  -0.000
  30 5152.4  13/2-   1/2  32    0.01   14.87   14.87    0.74    2.64      21.20   21.20   -0.00   -1.85      2.585   2.585  -0.000
  
  31 5969.8  13/2-  -3/2  36   -0.61    5.79    5.79    1.91    0.99      24.17   24.17    0.00   -0.94      2.947   2.947   0.000
  32*******   1/2-  -3/2  34    0.00    0.00    0.00    0.00   -0.00       0.00    0.00    0.00   -0.00      0.000   0.000   0.000
