1SPECTRUM OF (Z= 82 A=207) IN PARTICLE-ROTOR  MODEL WITH MODIFIED OSCILLATOR POTENTIAL


 PARITY=-   EPS= 0.569   GAMMA=  0.0   EPS4=0.000   EPS6=0.000   LEVELS:  24  25  26  27  28  29  30  31  32  33  34  35  36  37  38

 PAIRING FACTORS: GN0= 19.20  GN1=  7.40  IPAIR= 15 ***  E2PLUS(INPUT)=   0.730  E2PLUR(INPUT)=   0.000

 CORIOLIS ATTENUATION PARAMETERS:  CHSI=1.000  ETA=  1.00

 MOMENT OF INERTIA PARAMETERS:   A1=  0.122 MEV   A2=  0.122 MEV   A3=121.91924 MEV


 DELTA=0.918 MEV  LAMBDA=53.5252 MEV   HW0= 7.7381 MEV   LAMBDA/HW0= 6.9171

 E2ENERGY=0.730 MEV  HBAR**2/B=60031./A**(7/3)=******/A**2 MEV

 IREC=0  =>  RECOIL TERMS j+j-, j+j+, jzjz, ETC TREATED AS ONE-BODY OPERATORS WITH UU+VV PAIRING FACTORS



 S. P. LEVEL   EQP       U     V        (UU + VV)**1.00

     24       4.574    0.101 0.995      1.000 1.000 1.000 0.998 0.994 0.925 0.827 0.783 0.550 0.414 0.388 0.377 0.360 0.210 0.207
     25       4.442    0.104 0.995      1.000 1.000 1.000 0.998 0.994 0.927 0.829 0.784 0.553 0.417 0.391 0.380 0.363 0.213 0.210
     26       3.872    0.119 0.993      1.000 1.000 1.000 0.999 0.996 0.932 0.837 0.794 0.566 0.431 0.405 0.395 0.377 0.228 0.226
     27       2.730    0.171 0.985      0.998 0.998 0.999 1.000 0.999 0.950 0.865 0.824 0.608 0.477 0.452 0.442 0.425 0.278 0.276
     28       2.239    0.210 0.978      0.994 0.994 0.996 0.999 1.000 0.961 0.884 0.846 0.639 0.511 0.487 0.477 0.460 0.316 0.314
     29       1.105    0.470 0.882      0.925 0.927 0.932 0.950 0.961 1.000 0.978 0.960 0.826 0.728 0.709 0.700 0.687 0.565 0.563
     30       0.932    0.643 0.766      0.827 0.829 0.837 0.865 0.884 0.978 1.000 0.997 0.924 0.854 0.839 0.833 0.822 0.723 0.721
     31       0.918    0.698 0.716      0.783 0.784 0.794 0.824 0.846 0.960 0.997 1.000 0.950 0.891 0.878 0.872 0.862 0.773 0.771
     32       1.118    0.886 0.463      0.550 0.553 0.566 0.608 0.639 0.826 0.924 0.950 1.000 0.988 0.983 0.981 0.977 0.932 0.931
     33       1.514    0.947 0.320      0.414 0.417 0.431 0.477 0.511 0.728 0.854 0.891 0.988 1.000 1.000 0.999 0.998 0.977 0.976
     34       1.635    0.956 0.294      0.388 0.391 0.405 0.452 0.487 0.709 0.839 0.878 0.983 1.000 1.000 1.000 1.000 0.983 0.982
     35       1.695    0.959 0.282      0.377 0.380 0.395 0.442 0.477 0.700 0.833 0.872 0.981 0.999 1.000 1.000 1.000 0.985 0.984
     36       1.802    0.965 0.264      0.360 0.363 0.377 0.425 0.460 0.687 0.822 0.862 0.977 0.998 1.000 1.000 1.000 0.988 0.987
     37       4.180    0.994 0.110      0.210 0.213 0.228 0.278 0.316 0.565 0.723 0.773 0.932 0.977 0.983 0.985 0.988 1.000 1.000
     38       4.287    0.994 0.108      0.207 0.210 0.226 0.276 0.314 0.563 0.721 0.771 0.931 0.976 0.982 0.984 0.987 1.000 1.000

  R CORE   ENERGY   A0R/A00=1.000    R3= 0     2  
   2( 1)    0.732                    1.000 0.000
   2( 2)  487.921                    0.000 1.000

  R CORE   ENERGY   A0R/A00=1.000    R3= 0     2  
   3( 1)  488.652                    0.000 1.000

  R CORE   ENERGY   A0R/A00=1.000    R3= 0     2     4  
   4( 1)    2.438                    1.000 0.000 0.000

  R CORE   ENERGY   A0R/A00=1.000    R3= 0     2     4  
   5( 1)  490.847                    0.000 1.000 0.000

  R CORE   ENERGY   A0R/A00=1.000    R3= 0     2     4     6  
   6( 1)    5.121                    1.000 0.000 0.000 0.000

  R CORE   ENERGY   A0R/A00=1.000    R3= 0     2     4     6  
   7( 1)  494.017                    0.000 1.000 0.000 0.000

          AXIAL SYMMETRY => K RESTRICTED TO OMEGA

                     K
     S.P. ORB#: 24  2.50
     S.P. ORB#: 25  4.50
     S.P. ORB#: 26  0.50
     S.P. ORB#: 27  0.50
     S.P. ORB#: 28  2.50
     S.P. ORB#: 29  2.50
     S.P. ORB#: 30 -5.50
     S.P. ORB#: 31 -3.50
     S.P. ORB#: 32  0.50
     S.P. ORB#: 33 -3.50
     S.P. ORB#: 34  0.50
     S.P. ORB#: 35 -1.50
     S.P. ORB#: 36 -1.50
     S.P. ORB#: 37 -3.50
     S.P. ORB#: 38 -1.50
 

             ENERGY    K= OMEGA
 
 I=  1/2- (1)  3.083  34: 0.999
 
 I=  1/2- (2)  4.910  27:-0.485
                      32: 0.875
 
 I=  1/2- (3)  5.766  26: 0.999
 
 I=  1/2- (4)  6.623  27: 0.875
                      32: 0.485
 
 I=  1/2- (5)147.998  35: 1.000

             ENERGY    K= OMEGA
 
 I=  3/2- (1)  3.151  34: 0.791
                      36: 0.611
 
 I=  3/2- (2)  3.393  26: 0.120
                      34:-0.605
                      36: 0.787

             ENERGY    K= OMEGA
 
 I=  5/2- (1)  2.922  29:-0.992
                      36:-0.115
 
 I=  5/2- (2)  3.703  26:-0.183
                      29:-0.112
                      34:-0.530
                      36: 0.820
 
 I=  5/2- (3)  4.314  34:-0.836
                      36:-0.544
 
 I=  5/2- (4)  4.832  27: 0.506
                      32:-0.766
                      35:-0.270
                      38: 0.291
 
 I=  5/2- (5)  6.415  27:-0.150
                      28:-0.159
                      32:-0.361
                      35: 0.895
                      38: 0.144

             ENERGY    K= OMEGA
 
 I=  7/2- (1)  2.706  24:-0.179
                      29: 0.135
                      31: 0.974
 
 I=  7/2- (2)  3.607  24:-0.060
                      29:-0.928
                      31: 0.113
                      36: 0.152
                      37: 0.312
 
 I=  7/2- (3)  4.371  29:-0.100
                      34:-0.827
                      36:-0.545
                      37: 0.068
 
 I=  7/2- (4)  4.837  24:-0.057
                      26: 0.226
                      29: 0.071
                      34:-0.536
                      36: 0.799
                      37:-0.119
 
 I=  7/2- (5)  5.347  29: 0.322
                      36: 0.090
                      37: 0.940

             ENERGY    K= OMEGA
 
 I=  9/2- (1)  3.559  24:-0.253
                      29: 0.176
                      31:-0.949
 
 I=  9/2- (2)  4.523  24: 0.084
                      29: 0.878
                      31: 0.141
                      34:-0.060
                      36: 0.193
                      37: 0.399
 
 I=  9/2- (3)  5.363  26:-0.291
                      29:-0.150
                      31:-0.065
                      34:-0.542
                      36: 0.758
                      37:-0.137
 
 I=  9/2- (4)  5.604  27: 0.487
                      32:-0.742
                      35:-0.256
                      38: 0.382
 
 I=  9/2- (5)  6.468  24:-0.070
                      25:-0.072
                      26:-0.077
                      29:-0.103
                      34:-0.757
                      36:-0.520
                      37: 0.362

             ENERGY    K= OMEGA
 
 I= 11/2- (1)  2.074  25: 0.178
                      30: 0.984
 
 I= 11/2- (2)  4.631  24:-0.307
                      25: 0.058
                      29: 0.198
                      31: 0.927
 
 I= 11/2- (3)  5.682  24: 0.103
                      29: 0.847
                      31:-0.154
                      34:-0.061
                      36:-0.198
                      37:-0.452
 
 I= 11/2- (4)  6.481  27:-0.389
                      28:-0.082
                      32:-0.790
                      33:-0.053
                      35:-0.136
                      38:-0.444
 
 I= 11/2- (5)  6.570  26:-0.069
                      29: 0.109
                      31:-0.059
                      34: 0.845
                      36: 0.502
                      37:-0.112

             ENERGY    K= OMEGA
 
 I= 13/2- (1)  3.438  25:-0.250
                      30: 0.968
 
 I= 13/2- (2)  5.927  24:-0.350
                      25: 0.058
                      29: 0.208
                      31:-0.908
 
 I= 13/2- (3)  7.065  24: 0.117
                      26:-0.080
                      29: 0.812
                      31: 0.149
                      34:-0.094
                      36: 0.248
                      37: 0.477
 
 I= 13/2- (4)  7.296  27:-0.468
                      32: 0.731
                      35: 0.237
                      38:-0.435
 
 I= 13/2- (5)  7.945  26:-0.370
                      29:-0.184
                      31:-0.106
                      34:-0.534
                      36: 0.703
                      37:-0.191

             ENERGY     K=-3/2
  32 LEVELS    TIME=  0.0 SEC



 ******************* EXCITATION ENERGIES, DOMINANT CONFIGURATION AND EXPECTATION VALUES (WITH S.P. UU+VV FACTORS) *******************

  NR  Eex(keV)  I   Kdom  NY    <Jz>  <Jx**2> <Jy**2> <Jz**2> <I.j>/|I|  <Rx**2> <Ry**2> <Rz**2> <R.j>/|R|  <HROTx> <HROTy> <HROTz>

   1    0.0  11/2- -11/2  30   -5.18    2.91    2.91   29.93    5.27       4.23    4.23    0.00   -1.45      0.516   0.516   0.000
   2  631.6   7/2-  -7/2  31   -3.20    6.51    6.51   11.95    3.41       6.83    6.83    0.00   -3.09      0.833   0.833   0.000
   3  847.7   5/2-   5/2  29    2.45    6.22    6.22    6.19    2.13       7.39    7.39    0.00   -3.21      0.901   0.901   0.000
   4 1009.5   1/2-   1/2  34    0.50    5.46    5.46    0.25    0.05       5.92    5.92   -0.00   -3.24      0.722   0.722  -0.000
   5 1077.5   3/2-   1/2  34   -0.25    5.46    5.46    1.00    0.97       5.96    5.96    0.00   -2.91      0.726   0.726   0.000
  
   6 1318.6   3/2-  -3/2  36   -0.74    5.50    5.50    1.49    0.76       6.65    6.65    0.00   -3.02      0.811   0.811   0.000
   7 1364.2  13/2- -11/2  30   -4.87    3.06    3.06   29.61    4.71       9.38    9.38   -0.00   -0.66      1.144   1.144  -0.000
   8 1484.8   9/2-  -7/2  31   -2.91    6.63    6.63   11.69    3.02       9.80    9.80    0.00   -2.24      1.195   1.195   0.000
   9 1533.3   7/2-   5/2  29    1.74    5.79    5.79    6.81    2.05       8.92    8.92    0.00   -2.42      1.088   1.088   0.000
  10 1629.5   5/2-  -3/2  36   -0.82    5.59    5.59    1.68    1.04       7.72    7.72    0.00   -2.49      0.942   0.942   0.000
  
  11 2239.7   5/2-   1/2  34   -0.09    5.48    5.48    0.86   -0.16      10.75   10.75    0.00   -2.65      1.311   1.311   0.000
  12 2297.0   7/2-   1/2  34   -0.09    5.46    5.46    0.97    0.72      10.96   10.96    0.00   -1.93      1.337   1.337   0.000
  13 2448.7   9/2-   5/2  29    1.27    5.51    5.51    7.15    1.95      11.78   11.78    0.00   -1.75      1.436   1.436   0.000
  14 2556.6  11/2-  -7/2  31   -2.67    6.72    6.72   11.48    2.78      13.71   13.71    0.00   -1.58      1.672   1.672   0.000
  15 2758.3   5/2-   1/2  32    0.19   14.66   14.66    0.57    2.39      12.26   12.26    0.00   -4.61      1.495   1.495   0.000
  
  16 2763.2   7/2-  -3/2  36   -0.82    5.55    5.55    1.76    0.57      12.05   12.05    0.00   -2.16      1.469   1.469   0.000
  17 2835.7   1/2-   1/2  32    0.50   14.67   14.67    0.25    1.35      14.00   14.00   -0.00   -5.37      1.706   1.706  -0.000
  18 3272.6   7/2-  -7/2  37   -2.85    2.78    2.78   11.53    2.57       6.21    6.21    0.00   -1.95      0.757   0.757   0.000
  19 3288.9   9/2-  -3/2  36   -0.69    5.66    5.66    1.82    1.00      13.96   13.96    0.00   -1.54      1.702   1.702   0.000
  20 3530.2   9/2-   1/2  32    0.08   14.84   14.84    0.67    2.57      14.78   14.78    0.00   -3.23      1.802   1.802   0.000
  
  21 3607.8  11/2-   5/2  29    0.97    5.32    5.32    7.45    1.84      15.92   15.92    0.00   -1.26      1.941   1.941   0.000
  22 3692.4   1/2-   1/2  26    0.50    7.84    7.84    0.25    0.64       7.79    7.79    0.00   -3.90      0.949   0.949   0.000
  23 3853.0  13/2-  -7/2  31   -2.48    6.80    6.80   11.30    2.61      18.58   18.58    0.00   -1.09      2.266   2.266   0.000
  24 4341.3   5/2-  -3/2  35   -1.09   17.10   17.10    2.04    1.08      19.29   19.29    0.00   -5.32      2.352   2.352   0.000
  25 4393.7   9/2-   1/2  34   -0.51    5.10    5.10    2.56    0.13      18.12   18.12    0.00   -2.01      2.209   2.209   0.000
  
  26 4407.4  11/2-   1/2  32    0.07   17.69   17.69    0.76    2.94      18.35   18.35    0.00   -3.06      2.238   2.238   0.000
  27 4496.0  11/2-   1/2  34   -0.04    5.44    5.44    1.03    0.65      19.91   19.91    0.00   -1.27      2.428   2.428   0.000
  28 4549.5   1/2-   1/2  27    0.50   15.94   15.94    0.25   -1.25      17.52   17.52    0.00   -5.61      2.136   2.136   0.000
  29 4990.9  13/2-   5/2  29    0.73    5.21    5.21    7.43    1.75      21.12   21.12    0.00   -0.87      2.574   2.574   0.000
  30 5222.3  13/2-   1/2  32    0.01   14.99   14.99    0.74    2.64      21.29   21.29    0.00   -1.88      2.596   2.596   0.000
  
  31 5871.0  13/2-  -3/2  36   -0.61    5.73    5.73    2.04    1.02      24.00   24.00    0.00   -0.92      2.925   2.925   0.000
  32*******   1/2-  -3/2  35    0.00    0.00    0.00    0.00   -0.00       0.00    0.00    0.00   -0.00      0.000   0.000   0.000
