1SPECTRUM OF (Z= 82 A=207) IN PARTICLE-ROTOR  MODEL WITH MODIFIED OSCILLATOR POTENTIAL


 PARITY=-   EPS= 0.479   GAMMA=  0.0   EPS4=0.000   EPS6=0.000   LEVELS:  24  25  26  27  28  29  30  31  32  33  34  35  36  37  38

 PAIRING FACTORS: GN0= 19.20  GN1=  7.40  IPAIR= 15 ***  E2PLUS(INPUT)=   0.730  E2PLUR(INPUT)=   0.000

 CORIOLIS ATTENUATION PARAMETERS:  CHSI=1.000  ETA=  1.00

 MOMENT OF INERTIA PARAMETERS:   A1=  0.122 MEV   A2=  0.122 MEV   A3=121.91923 MEV


 DELTA=0.848 MEV  LAMBDA=53.4479 MEV   HW0= 7.6326 MEV   LAMBDA/HW0= 7.0026

 E2ENERGY=0.730 MEV  HBAR**2/B=42543./A**(7/3)=7191.8/A**2 MEV

 IREC=0  =>  RECOIL TERMS j+j-, j+j+, jzjz, ETC TREATED AS ONE-BODY OPERATORS WITH UU+VV PAIRING FACTORS



 S. P. LEVEL   EQP       U     V        (UU + VV)**1.00

     24       4.862    0.088 0.996      1.000 1.000 0.999 0.994 0.989 0.971 0.970 0.938 0.638 0.563 0.341 0.294 0.265 0.248 0.231
     25       4.118    0.104 0.995      1.000 1.000 1.000 0.995 0.992 0.974 0.974 0.944 0.651 0.576 0.356 0.309 0.280 0.263 0.246
     26       3.397    0.126 0.992      0.999 1.000 1.000 0.997 0.994 0.979 0.979 0.951 0.667 0.595 0.377 0.330 0.302 0.285 0.268
     27       2.187    0.198 0.980      0.994 0.995 0.997 1.000 0.999 0.991 0.991 0.971 0.720 0.652 0.444 0.398 0.371 0.354 0.337
     28       1.885    0.231 0.973      0.989 0.992 0.994 0.999 1.000 0.995 0.995 0.978 0.743 0.677 0.474 0.429 0.402 0.386 0.369
     29       1.382    0.324 0.946      0.971 0.974 0.979 0.991 0.995 1.000 1.000 0.994 0.805 0.745 0.557 0.515 0.489 0.473 0.458
     30       1.378    0.325 0.946      0.970 0.974 0.979 0.991 0.995 1.000 1.000 0.994 0.805 0.746 0.558 0.516 0.490 0.474 0.458
     31       1.098    0.427 0.904      0.938 0.944 0.951 0.971 0.978 0.994 0.994 1.000 0.865 0.815 0.646 0.607 0.583 0.568 0.553
     32       0.906    0.823 0.568      0.638 0.651 0.667 0.720 0.743 0.805 0.805 0.865 1.000 0.996 0.941 0.923 0.911 0.904 0.896
     33       0.994    0.872 0.489      0.563 0.576 0.595 0.652 0.677 0.745 0.746 0.815 0.996 1.000 0.969 0.955 0.946 0.940 0.934
     34       1.703    0.966 0.258      0.341 0.356 0.377 0.444 0.474 0.557 0.558 0.646 0.941 0.969 1.000 0.999 0.997 0.995 0.993
     35       2.074    0.978 0.209      0.294 0.309 0.330 0.398 0.429 0.515 0.516 0.607 0.923 0.955 0.999 1.000 1.000 0.999 0.998
     36       2.399    0.984 0.180      0.265 0.280 0.302 0.371 0.402 0.489 0.490 0.583 0.911 0.946 0.997 1.000 1.000 1.000 0.999
     37       2.654    0.987 0.162      0.248 0.263 0.285 0.354 0.386 0.473 0.474 0.568 0.904 0.940 0.995 0.999 1.000 1.000 1.000
     38       2.965    0.990 0.145      0.231 0.246 0.268 0.337 0.369 0.458 0.458 0.553 0.896 0.934 0.993 0.998 0.999 1.000 1.000

  R CORE   ENERGY   A0R/A00=1.000    R3= 0     2  
   2( 1)    0.732                    1.000 0.000
   2( 2)  487.921                    0.000 1.000

  R CORE   ENERGY   A0R/A00=1.000    R3= 0     2  
   3( 1)  488.652                    0.000 1.000

  R CORE   ENERGY   A0R/A00=1.000    R3= 0     2     4  
   4( 1)    2.438                    1.000 0.000 0.000

  R CORE   ENERGY   A0R/A00=1.000    R3= 0     2     4  
   5( 1)  490.847                    0.000 1.000 0.000

  R CORE   ENERGY   A0R/A00=1.000    R3= 0     2     4     6  
   6( 1)    5.121                    1.000 0.000 0.000 0.000

  R CORE   ENERGY   A0R/A00=1.000    R3= 0     2     4     6  
   7( 1)  494.017                    0.000 1.000 0.000 0.000

          AXIAL SYMMETRY => K RESTRICTED TO OMEGA

                     K
     S.P. ORB#: 24  2.50
     S.P. ORB#: 25  0.50
     S.P. ORB#: 26 -1.50
     S.P. ORB#: 27 -5.50
     S.P. ORB#: 28  2.50
     S.P. ORB#: 29  2.50
     S.P. ORB#: 30 -3.50
     S.P. ORB#: 31  0.50
     S.P. ORB#: 32  0.50
     S.P. ORB#: 33 -1.50
     S.P. ORB#: 34 -3.50
     S.P. ORB#: 35  0.50
     S.P. ORB#: 36 -3.50
     S.P. ORB#: 37 -1.50
     S.P. ORB#: 38  4.50
 

             ENERGY    K= OMEGA
 
 I=  1/2- (1)  2.286  32: 0.999
 
 I=  1/2- (2)  4.318  31: 0.924
                      35:-0.383
 
 I=  1/2- (3)  5.917  25: 0.999
 
 I=  1/2- (4)  6.361  31:-0.383
                      35:-0.924
 
 I=  1/2- (5)147.297  33:-1.000

             ENERGY    K= OMEGA
 
 I=  3/2- (1)  2.324  32: 0.676
                      33:-0.737
 
 I=  3/2- (2)  2.545  25:-0.146
                      32:-0.728
                      33:-0.670

             ENERGY    K= OMEGA
 
 I=  5/2- (1)  2.749  24:-0.051
                      25: 0.198
                      28:-0.084
                      32:-0.514
                      33:-0.829
 
 I=  5/2- (2)  3.482  25: 0.060
                      28: 0.239
                      32:-0.828
                      33: 0.502
 
 I=  5/2- (3)  3.704  28:-0.966
                      32:-0.161
                      33: 0.198
 
 I=  5/2- (4)  4.652  26:-0.124
                      29: 0.104
                      31: 0.826
                      35:-0.481
                      37:-0.246
 
 I=  5/2- (5)  6.358  26:-0.480
                      29: 0.842
                      35: 0.241

             ENERGY    K= OMEGA
 
 I=  7/2- (1)  3.038  24:-0.229
                      28: 0.061
                      30: 0.953
                      33: 0.122
                      36: 0.141
 
 I=  7/2- (2)  3.274  28: 0.297
                      30: 0.128
                      33:-0.078
                      36:-0.942
 
 I=  7/2- (3)  3.527  28:-0.066
                      30:-0.096
                      32:-0.755
                      33: 0.632
                      36:-0.115
 
 I=  7/2- (4)  3.871  24: 0.055
                      25:-0.261
                      28: 0.127
                      30: 0.063
                      32:-0.622
                      33:-0.718
                      36: 0.085
 
 I=  7/2- (5)  4.684  24:-0.063
                      28:-0.941
                      30: 0.105
                      33:-0.161
                      36:-0.268

             ENERGY    K= OMEGA
 
 I=  9/2- (1)  3.432  24:-0.233
                      28: 0.111
                      30:-0.737
                      33:-0.091
                      36: 0.126
                      38: 0.604
 
 I=  9/2- (2)  4.118  24: 0.156
                      25:-0.184
                      28: 0.237
                      30: 0.275
                      32: 0.303
                      33: 0.490
                      36: 0.611
                      38: 0.323
 
 I=  9/2- (3)  4.313  25: 0.251
                      28: 0.093
                      30: 0.270
                      32:-0.451
                      33:-0.582
                      36: 0.551
                      38: 0.091
 
 I=  9/2- (4)  4.505  24: 0.148
                      28:-0.307
                      30: 0.437
                      32:-0.058
                      33:-0.056
                      36:-0.412
                      38: 0.719
 
 I=  9/2- (5)  5.395  26: 0.403
                      29:-0.533
                      31:-0.574
                      34: 0.288
                      35: 0.293
                      37: 0.238

             ENERGY    K= OMEGA
 
 I= 11/2- (1)  3.526  27:-0.999
 
 I= 11/2- (2)  4.311  24:-0.289
                      28: 0.126
                      30: 0.760
                      33: 0.092
                      36:-0.133
                      38: 0.542
 
 I= 11/2- (3)  5.364  24:-0.180
                      28:-0.322
                      30: 0.291
                      32:-0.135
                      33: 0.301
                      36: 0.762
                      38:-0.298
 
 I= 11/2- (4)  5.439  26:-0.444
                      29:-0.523
                      31:-0.596
                      34:-0.264
                      35:-0.224
                      37:-0.235
 
 I= 11/2- (5)  5.725  25: 0.098
                      28:-0.050
                      30: 0.100
                      32: 0.813
                      33:-0.478
                      36: 0.293
                      38: 0.053

             ENERGY    K= OMEGA
 
 I= 13/2- (1)  5.105  27:-0.991
                      30:-0.085
                      38: 0.091
 
 I= 13/2- (2)  5.440  24:-0.334
                      27: 0.127
                      28: 0.128
                      30:-0.762
                      33:-0.127
                      36: 0.125
                      38: 0.489
 
 I= 13/2- (3)  6.482  26: 0.501
                      29:-0.659
                      31:-0.365
                      34: 0.362
                      35: 0.134
                      37: 0.179
 
 I= 13/2- (4)  6.540  24:-0.114
                      25: 0.346
                      28:-0.229
                      32:-0.467
                      33:-0.659
                      36:-0.337
                      38:-0.220
 
 I= 13/2- (5)  6.951  24: 0.135
                      25: 0.192
                      28: 0.286
                      30: 0.303
                      32:-0.294
                      33:-0.276
                      36: 0.760
                      38: 0.177

             ENERGY     K= 9/2
  32 LEVELS    TIME=  0.0 SEC



 ******************* EXCITATION ENERGIES, DOMINANT CONFIGURATION AND EXPECTATION VALUES (WITH S.P. UU+VV FACTORS) *******************

  NR  Eex(keV)  I   Kdom  NY    <Jz>  <Jx**2> <Jy**2> <Jz**2> <I.j>/|I|  <Rx**2> <Ry**2> <Rz**2> <R.j>/|R|  <HROTx> <HROTy> <HROTz>

   1    0.0   1/2-   1/2  32    0.50    5.24    5.24    0.25    0.13       5.63    5.63   -0.00   -3.17      0.687   0.687  -0.000
   2   38.0   3/2-  -3/2  33   -0.59    5.23    5.23    1.34    1.11       5.62    5.62    0.00   -2.88      0.685   0.685   0.000
   3  258.4   3/2-   1/2  32   -0.40    5.23    5.23    1.15    0.73       6.28    6.28    0.00   -2.88      0.765   0.765   0.000
   4  462.4   5/2-  -3/2  33   -0.85    5.38    5.38    1.68    1.31       6.72    6.72    0.00   -2.34      0.819   0.819   0.000
   5  752.2   7/2-  -7/2  30   -3.13    6.30    6.30   11.75    3.54       5.99    5.99    0.00   -2.97      0.730   0.730   0.001
  
   6  987.5   7/2-  -7/2  36   -2.95    2.78    2.78   11.64    3.17       3.88    3.88    0.00   -1.65      0.473   0.473   0.000
   7 1146.0   9/2-  -7/2  30   -0.16    5.02    5.02   14.67    3.93       5.19    5.19    0.00   -1.61      0.633   0.633   0.000
   8 1196.3   5/2-   1/2  32    0.12    5.30    5.30    1.11    0.02      10.16   10.16    0.00   -2.58      1.239   1.239   0.000
   9 1239.7  11/2- -11/2  27   -5.48    2.75    2.75   30.23    5.06       5.49    5.49    0.00   -1.65      0.669   0.669   0.000
  10 1240.7   7/2-   1/2  32   -0.38    5.19    5.19    1.35    0.83      10.45   10.45   -0.00   -1.85      1.274   1.274  -0.000
  
  11 1418.1   5/2-   5/2  28    2.29    6.06    6.06    5.94    1.93       7.70    7.70    0.00   -3.15      0.938   0.938   0.000
  12 1585.2   7/2-  -3/2  33   -0.54    5.31    5.31    1.53    0.77      10.91   10.91    0.00   -1.95      1.330   1.330   0.000
  13 1832.1   9/2-  -7/2  36   -1.20    4.00    4.00    8.68    2.41       8.71    8.71    0.00   -1.12      1.061   1.061   0.000
  14 2024.4  11/2-  -7/2  30   -0.53    5.39    5.39   13.94    3.58       8.81    8.81    0.00   -0.79      1.075   1.075   0.001
  15 2026.3   9/2-  -3/2  33   -1.63    4.50    4.50    5.67    1.77      10.89   10.89    0.00   -1.25      1.327   1.327   0.000
  
  16 2031.5   1/2-   1/2  31    0.50   12.91   12.91    0.25    0.91      12.62   12.62    0.00   -5.03      1.539   1.539   0.000
  17 2219.2   9/2-   9/2  38    1.35    3.78    3.78   15.60    3.16       8.25    8.25    0.00   -1.84      1.006   1.006   0.000
  18 2365.7   5/2-   1/2  31    0.37   13.52   13.52    0.47    1.70      13.11   13.11    0.00   -4.39      1.598   1.598   0.000
  19 2397.9   7/2-   5/2  28    1.89    5.81    5.81    6.63    1.41      11.38   11.38    0.00   -2.65      1.388   1.388   0.000
  20 2819.1  13/2- -11/2  27   -5.39    2.78    2.78   30.00    4.33      11.95   11.95    0.00   -1.10      1.457   1.457   0.000
  
  21 3078.2  11/2-  -7/2  36   -1.71    3.35    3.35   11.01    2.33      12.83   12.83    0.00   -0.75      1.564   1.564   0.000
  22 3108.5   9/2-   1/2  31    0.30   18.65   18.65    3.38    3.59      14.85   14.85   -0.00   -4.19      1.811   1.811  -0.000
  23 3152.5  11/2-   1/2  31    0.26   19.63   19.63    3.23    4.05      14.90   14.90   -0.00   -3.35      1.817   1.817  -0.000
  24 3154.1  13/2-  -7/2  30   -0.81    5.63    5.63   13.48    3.35      13.37   13.37    0.00   -0.26      1.630   1.630   0.000
  25 3438.9  11/2-   1/2  32   -0.32    4.95    4.95    1.93    0.81      18.97   18.97    0.00   -1.14      2.313   2.313   0.000
  
  26 3630.6   1/2-   1/2  25    0.50    7.47    7.47    0.25    0.65       7.40    7.40    0.00   -3.80      0.903   0.903   0.000
  27 4072.1   5/2-   5/2  29    1.46   22.34   22.34    4.97    3.67      18.34   18.34   -0.00   -6.40      2.235   2.235  -0.000
  28 4074.7   1/2-   1/2  35    0.50   17.04   17.04    0.25   -0.73      18.17   18.17    0.00   -5.80      2.215   2.215   0.000
  29 4195.4  13/2-   5/2  29    0.27   21.35   21.35    5.00    4.24      18.60   18.60   -0.00   -2.96      2.268   2.268  -0.000
  30 4254.0  13/2-  -3/2  33   -0.50    5.15    5.15    3.86    1.66      19.84   19.84    0.00   -0.41      2.419   2.419   0.000
  
  31 4664.7  13/2-  -7/2  36   -2.00    3.59    3.59    9.66    1.88      19.68   19.68    0.00   -0.59      2.399   2.399   0.000
  32*******   1/2-  -3/2  33    0.00    0.00    0.00    0.00   -0.00       0.00    0.00   -0.00   -0.00      0.000   0.000  -0.000
