1SPECTRUM OF (Z= 82 A=207) IN PARTICLE-ROTOR  MODEL WITH MODIFIED OSCILLATOR POTENTIAL


 PARITY=-   EPS= 0.631   GAMMA=  0.0   EPS4=0.000   EPS6=0.000   LEVELS:  24  25  26  27  28  29  30  31  32  33  34  35  36  37  38

 PAIRING FACTORS: GN0= 19.20  GN1=  7.40  IPAIR= 15 ***  E2PLUS(INPUT)=   0.730  E2PLUR(INPUT)=   0.000

 CORIOLIS ATTENUATION PARAMETERS:  CHSI=1.000  ETA=  1.00

 MOMENT OF INERTIA PARAMETERS:   A1=  0.122 MEV   A2=  0.122 MEV   A3=121.91923 MEV


 DELTA=0.879 MEV  LAMBDA=53.7858 MEV   HW0= 7.8275 MEV   LAMBDA/HW0= 6.8714

 E2ENERGY=0.730 MEV  HBAR**2/B=73827./A**(7/3)=******/A**2 MEV

 IREC=0  =>  RECOIL TERMS j+j-, j+j+, jzjz, ETC TREATED AS ONE-BODY OPERATORS WITH UU+VV PAIRING FACTORS



 S. P. LEVEL   EQP       U     V        (UU + VV)**1.00

     24       4.458    0.099 0.995      1.000 1.000 1.000 1.000 0.999 0.872 0.759 0.579 0.543 0.467 0.433 0.303 0.286 0.213 0.186
     25       4.113    0.108 0.994      1.000 1.000 1.000 1.000 0.999 0.876 0.765 0.586 0.550 0.474 0.440 0.311 0.295 0.221 0.194
     26       3.775    0.117 0.993      1.000 1.000 1.000 1.000 0.999 0.880 0.771 0.594 0.558 0.483 0.449 0.320 0.304 0.231 0.204
     27       3.759    0.118 0.993      1.000 1.000 1.000 1.000 0.999 0.881 0.771 0.594 0.559 0.484 0.449 0.320 0.304 0.231 0.204
     28       2.977    0.149 0.989      0.999 0.999 0.999 0.999 1.000 0.895 0.791 0.620 0.585 0.511 0.478 0.350 0.335 0.262 0.236
     29       0.935    0.574 0.819      0.872 0.876 0.880 0.881 0.895 1.000 0.981 0.904 0.885 0.841 0.819 0.731 0.719 0.665 0.644
     30       0.880    0.723 0.691      0.759 0.765 0.771 0.771 0.791 0.981 1.000 0.970 0.959 0.930 0.915 0.850 0.841 0.798 0.781
     31       1.022    0.869 0.495      0.579 0.586 0.594 0.594 0.620 0.904 0.970 1.000 0.999 0.991 0.986 0.952 0.947 0.920 0.909
     32       1.081    0.889 0.457      0.543 0.550 0.558 0.559 0.585 0.885 0.959 0.999 1.000 0.996 0.992 0.965 0.960 0.936 0.926
     33       1.259    0.926 0.377      0.467 0.474 0.483 0.484 0.511 0.841 0.930 0.991 0.996 1.000 0.999 0.984 0.981 0.963 0.956
     34       1.371    0.940 0.341      0.433 0.440 0.449 0.449 0.478 0.819 0.915 0.986 0.992 0.999 1.000 0.990 0.988 0.973 0.966
     35       2.176    0.978 0.207      0.303 0.311 0.320 0.320 0.350 0.731 0.850 0.952 0.965 0.984 0.990 1.000 1.000 0.996 0.993
     36       2.356    0.982 0.190      0.286 0.295 0.304 0.304 0.335 0.719 0.841 0.947 0.960 0.981 0.988 1.000 1.000 0.997 0.995
     37       3.847    0.993 0.115      0.213 0.221 0.231 0.231 0.262 0.665 0.798 0.920 0.936 0.963 0.973 0.996 0.997 1.000 1.000
     38       5.030    0.996 0.088      0.186 0.194 0.204 0.204 0.236 0.644 0.781 0.909 0.926 0.956 0.966 0.993 0.995 1.000 1.000

  R CORE   ENERGY   A0R/A00=1.000    R3= 0     2  
   2( 1)    0.732                    1.000 0.000
   2( 2)  487.921                    0.000 1.000

  R CORE   ENERGY   A0R/A00=1.000    R3= 0     2  
   3( 1)  488.652                    0.000 1.000

  R CORE   ENERGY   A0R/A00=1.000    R3= 0     2     4  
   4( 1)    2.438                    1.000 0.000 0.000

  R CORE   ENERGY   A0R/A00=1.000    R3= 0     2     4  
   5( 1)  490.847                    0.000 1.000 0.000

  R CORE   ENERGY   A0R/A00=1.000    R3= 0     2     4     6  
   6( 1)    5.121                    1.000 0.000 0.000 0.000

  R CORE   ENERGY   A0R/A00=1.000    R3= 0     2     4     6  
   7( 1)  494.017                    0.000 1.000 0.000 0.000

          AXIAL SYMMETRY => K RESTRICTED TO OMEGA

                     K
     S.P. ORB#: 24  2.50
     S.P. ORB#: 25  0.50
     S.P. ORB#: 26  0.50
     S.P. ORB#: 27  4.50
     S.P. ORB#: 28  2.50
     S.P. ORB#: 29  0.50
     S.P. ORB#: 30  2.50
     S.P. ORB#: 31 -1.50
     S.P. ORB#: 32 -3.50
     S.P. ORB#: 33 -3.50
     S.P. ORB#: 34 -5.50
     S.P. ORB#: 35  0.50
     S.P. ORB#: 36 -1.50
     S.P. ORB#: 37 -1.50
     S.P. ORB#: 38  4.50
 

             ENERGY    K= OMEGA
 
 I=  1/2- (1)  3.663  26:-0.050
                      35:-0.999
 
 I=  1/2- (2)  4.827  25: 0.353
                      29:-0.936
 
 I=  1/2- (3)  5.723  26: 0.999
                      35:-0.050
 
 I=  1/2- (4)  7.993  25: 0.936
                      29: 0.353
 
 I=  1/2- (5)147.325  31:-1.000

             ENERGY    K= OMEGA
 
 I=  3/2- (1)  3.732  35: 0.818
                      36: 0.575
 
 I=  3/2- (2)  3.972  26: 0.119
                      35:-0.568
                      36: 0.814

             ENERGY    K= OMEGA
 
 I=  5/2- (1)  2.716  30: 0.997
                      36: 0.077
 
 I=  5/2- (2)  4.318  26: 0.193
                      30: 0.071
                      35: 0.515
                      36:-0.831
 
 I=  5/2- (3)  4.688  25: 0.471
                      29:-0.714
                      31: 0.469
                      37: 0.218
 
 I=  5/2- (4)  4.891  26: 0.059
                      35: 0.843
                      36: 0.532
 
 I=  5/2- (5)  5.955  25:-0.058
                      28: 0.110
                      29: 0.488
                      31: 0.854
                      37:-0.129

             ENERGY    K= OMEGA
 
 I=  7/2- (1)  2.952  24:-0.130
                      30: 0.239
                      32: 0.962
 
 I=  7/2- (2)  3.590  24: 0.060
                      30: 0.963
                      32:-0.233
                      36:-0.123
 
 I=  7/2- (3)  4.955  30: 0.082
                      35: 0.847
                      36: 0.522
 
 I=  7/2- (4)  5.438  24:-0.065
                      26: 0.229
                      30: 0.095
                      35:-0.507
                      36: 0.822
 
 I=  7/2- (5)  5.470  25:-0.368
                      28:-0.067
                      29:-0.829
                      31: 0.293
                      37:-0.293

             ENERGY    K= OMEGA
 
 I=  9/2- (1)  3.897  24:-0.186
                      27: 0.054
                      30: 0.284
                      32:-0.939
 
 I=  9/2- (2)  4.692  24:-0.093
                      30:-0.941
                      32:-0.267
                      36:-0.176
 
 I=  9/2- (3)  5.452  25:-0.520
                      28:-0.054
                      29: 0.681
                      31:-0.433
                      33: 0.053
                      37:-0.267
 
 I=  9/2- (4)  6.031  24: 0.054
                      26:-0.307
                      30:-0.165
                      35:-0.533
                      36: 0.766
 
 I=  9/2- (5)  6.174  27: 0.997
                      32: 0.057

             ENERGY    K= OMEGA
 
 I= 11/2- (1)  2.639  27: 0.122
                      34: 0.993
 
 I= 11/2- (2)  5.072  24:-0.231
                      27: 0.069
                      30: 0.299
                      32: 0.923
 
 I= 11/2- (3)  6.025  24:-0.119
                      30:-0.927
                      32: 0.270
                      35: 0.057
                      36: 0.220
 
 I= 11/2- (4)  6.432  25: 0.261
                      28: 0.294
                      29: 0.419
                      31:-0.238
                      33: 0.646
                      37: 0.187
                      38: 0.401
 
 I= 11/2- (5)  6.670  25:-0.354
                      28: 0.138
                      29:-0.664
                      31: 0.174
                      33: 0.466
                      37:-0.274
                      38: 0.303

             ENERGY    K= OMEGA
 
 I= 13/2- (1)  4.140  27: 0.176
                      34:-0.984
 
 I= 13/2- (2)  6.479  24:-0.270
                      27: 0.076
                      30: 0.302
                      32:-0.911
 
 I= 13/2- (3)  7.041  25:-0.305
                      28:-0.285
                      29: 0.347
                      31:-0.287
                      33: 0.645
                      37:-0.136
                      38:-0.434
 
 I= 13/2- (4)  7.204  25: 0.452
                      28:-0.153
                      29:-0.573
                      31: 0.298
                      33: 0.439
                      37: 0.268
                      38:-0.303
 
 I= 13/2- (5)  7.577  24:-0.141
                      26: 0.084
                      30:-0.902
                      32:-0.255
                      35: 0.091
                      36:-0.290

             ENERGY     K= 9/2
  32 LEVELS    TIME=  0.0 SEC



 ******************* EXCITATION ENERGIES, DOMINANT CONFIGURATION AND EXPECTATION VALUES (WITH S.P. UU+VV FACTORS) *******************

  NR  Eex(keV)  I   Kdom  NY    <Jz>  <Jx**2> <Jy**2> <Jz**2> <I.j>/|I|  <Rx**2> <Ry**2> <Rz**2> <R.j>/|R|  <HROTx> <HROTy> <HROTz>

   1    0.0  11/2- -11/2  34   -5.35    2.82    2.82   30.10    5.13       5.05    5.05    0.00   -1.59      0.616   0.616   0.000
   2   77.5   5/2-   5/2  30    2.48    6.31    6.31    6.23    2.13       7.49    7.49    0.00   -3.24      0.913   0.913   0.000
   3  313.5   7/2-  -7/2  32   -3.06    6.52    6.52   11.80    3.23       7.49    7.49    0.00   -3.11      0.913   0.913   0.000
   4  951.5   7/2-   5/2  30    2.11    6.30    6.30    6.51    1.64      10.92   10.92    0.00   -2.70      1.332   1.332   0.000
   5 1024.1   1/2-   1/2  35    0.50    5.60    5.60    0.25    0.02       6.08    6.08    0.00   -3.28      0.742   0.742   0.000
  
   6 1093.3   3/2-   1/2  35   -0.16    5.60    5.60    0.91    0.93       6.14    6.14    0.00   -2.95      0.748   0.748   0.000
   7 1257.5   9/2-  -7/2  32   -2.78    6.58    6.58   11.58    2.74      11.10   11.10    0.00   -2.35      1.353   1.353   0.000
   8 1333.0   3/2-  -3/2  36   -0.83    5.65    5.65    1.58    0.79       6.78    6.78    0.00   -3.08      0.827   0.827   0.000
   9 1500.9  13/2- -11/2  34   -5.19    2.90    2.90   29.94    4.47      11.05   11.05    0.00   -0.97      1.348   1.348   0.000
  10 1678.5   5/2-  -3/2  36   -0.87    5.72    5.72    1.67    0.98       8.04    8.04    0.00   -2.55      0.980   0.980   0.000
  
  11 2048.8   5/2-   1/2  29   -0.03   14.45   14.45    0.79    2.49      11.85   11.85   -0.00   -4.59      1.445   1.445  -0.000
  12 2052.8   9/2-   5/2  30    1.94    6.29    6.29    6.55    1.35      15.23   15.23    0.00   -2.25      1.857   1.857   0.000
  13 2188.5   1/2-   1/2  29    0.50   14.99   14.99    0.25    1.32      14.34   14.34    0.00   -5.43      1.749   1.749   0.000
  14 2252.5   5/2-   1/2  35   -0.06    5.62    5.62    0.83   -0.17      10.90   10.90    0.00   -2.69      1.329   1.329   0.000
  15 2316.4   7/2-   1/2  35   -0.03    5.62    5.62    0.85    0.68      11.21   11.21    0.00   -1.98      1.367   1.367   0.000
  
  16 2432.6  11/2-  -7/2  32   -2.60    6.63    6.63   11.44    2.44      15.64   15.64    0.00   -1.81      1.907   1.907   0.000
  17 2798.7   7/2-  -3/2  36   -0.83    5.76    5.76    1.69    0.49      12.55   12.55    0.00   -2.25      1.530   1.530   0.000
  18 2812.7   9/2-   1/2  29   -0.02   14.26   14.26    0.83    2.61      14.04   14.04   -0.00   -3.08      1.712   1.712  -0.000
  19 2830.8   7/2-   1/2  29    0.16   18.24   18.24    0.65    2.70      15.74   15.74    0.00   -4.71      1.919   1.919   0.000
  20 3084.4   1/2-   1/2  26    0.50    8.04    8.04    0.25    0.62       8.01    8.01    0.00   -3.95      0.976   0.976   0.000
  
  21 3316.3   5/2-  -3/2  31   -0.97   16.82   16.82    1.82    0.72      19.98   19.98   -0.00   -5.27      2.436   2.436  -0.000
  22 3386.3  11/2-   5/2  30    1.86    6.27    6.27    6.49    1.15      20.50   20.50    0.00   -1.90      2.500   2.500   0.000
  23 3391.7   9/2-  -3/2  36   -0.61    5.89    5.89    1.68    0.85      14.87   14.87    0.00   -1.69      1.813   1.813   0.000
  24 3535.5   9/2-   9/2  27    4.46    7.62    7.62   20.18    4.05       9.95    9.95    0.00   -3.43      1.214   1.214   0.000
  25 3793.4  11/2-  -7/2  33   -0.54   20.23   20.23    9.17    4.26      17.24   17.24    0.00   -4.12      2.102   2.102   0.000
  
  26 3840.3  13/2-  -7/2  32   -2.47    6.69    6.69   11.33    2.23      21.14   21.14    0.00   -1.40      2.577   2.577   0.000
  27 4030.9  11/2-   1/2  29   -0.18   19.24   19.24    5.02    3.45      18.99   18.99    0.00   -3.71      2.315   2.315   0.000
  28 4402.4  13/2-  -7/2  33   -0.45   18.99   18.99    9.70    4.16      19.18   19.18    0.00   -3.01      2.338   2.338   0.000
  29 4565.4  13/2-   1/2  29   -0.18   16.28   16.28    4.86    3.28      20.17   20.17    0.00   -2.28      2.459   2.459   0.000
  30 4938.1  13/2-   5/2  30    1.74    6.26    6.26    6.23    1.04      26.47   26.47    0.00   -1.58      3.227   3.227   0.000
  
  31 5353.7   1/2-   1/2  25    0.50   15.92   15.92    0.25   -1.28      17.53   17.53   -0.00   -5.61      2.137   2.137  -0.000
  32*******   1/2-  -3/2  31    0.00    0.00    0.00    0.00    0.00       0.00    0.00    0.00   -0.00      0.000   0.000   0.000
