1SPECTRUM OF (Z= 82 A=207) IN PARTICLE-ROTOR  MODEL WITH MODIFIED OSCILLATOR POTENTIAL


 PARITY=-   EPS= 0.573   GAMMA=  0.0   EPS4=0.000   EPS6=0.000   LEVELS:  24  25  26  27  28  29  30  31  32  33  34  35  36  37  38

 PAIRING FACTORS: GN0= 19.20  GN1=  7.40  IPAIR= 15 ***  E2PLUS(INPUT)=   0.730  E2PLUR(INPUT)=   0.000

 CORIOLIS ATTENUATION PARAMETERS:  CHSI=1.000  ETA=  1.00

 MOMENT OF INERTIA PARAMETERS:   A1=  0.122 MEV   A2=  0.122 MEV   A3=121.91923 MEV


 DELTA=0.921 MEV  LAMBDA=53.5396 MEV   HW0= 7.7434 MEV   LAMBDA/HW0= 6.9142

 E2ENERGY=0.730 MEV  HBAR**2/B=60878./A**(7/3)=******/A**2 MEV

 IREC=0  =>  RECOIL TERMS j+j-, j+j+, jzjz, ETC TREATED AS ONE-BODY OPERATORS WITH UU+VV PAIRING FACTORS



 S. P. LEVEL   EQP       U     V        (UU + VV)**1.00

     24       4.567    0.101 0.995      1.000 1.000 1.000 0.998 0.994 0.919 0.804 0.769 0.571 0.419 0.387 0.383 0.356 0.209 0.209
     25       4.400    0.105 0.994      1.000 1.000 1.000 0.998 0.995 0.921 0.806 0.771 0.574 0.422 0.391 0.387 0.359 0.213 0.213
     26       3.868    0.120 0.993      1.000 1.000 1.000 0.999 0.996 0.926 0.814 0.781 0.586 0.435 0.404 0.401 0.373 0.227 0.227
     27       2.818    0.166 0.986      0.998 0.998 0.999 1.000 0.999 0.943 0.840 0.809 0.623 0.477 0.446 0.442 0.416 0.272 0.272
     28       2.287    0.206 0.979      0.994 0.995 0.996 0.999 1.000 0.956 0.862 0.832 0.654 0.512 0.482 0.479 0.452 0.311 0.311
     29       1.085    0.485 0.874      0.919 0.921 0.926 0.943 0.956 1.000 0.973 0.959 0.848 0.743 0.719 0.716 0.695 0.577 0.577
     30       0.925    0.674 0.739      0.804 0.806 0.814 0.840 0.862 0.973 1.000 0.998 0.947 0.877 0.860 0.858 0.842 0.750 0.750
     31       0.921    0.714 0.700      0.769 0.771 0.781 0.809 0.832 0.959 0.998 1.000 0.964 0.903 0.887 0.885 0.871 0.786 0.786
     32       1.086    0.875 0.484      0.571 0.574 0.586 0.623 0.654 0.848 0.947 0.964 1.000 0.985 0.978 0.977 0.971 0.922 0.922
     33       1.500    0.946 0.324      0.419 0.422 0.435 0.477 0.512 0.743 0.877 0.903 0.985 1.000 0.999 0.999 0.998 0.976 0.976
     34       1.649    0.956 0.292      0.387 0.391 0.404 0.446 0.482 0.719 0.860 0.887 0.978 0.999 1.000 1.000 0.999 0.983 0.983
     35       1.670    0.958 0.288      0.383 0.387 0.401 0.442 0.479 0.716 0.858 0.885 0.977 0.999 1.000 1.000 1.000 0.983 0.983
     36       1.838    0.966 0.259      0.356 0.359 0.373 0.416 0.452 0.695 0.842 0.871 0.971 0.998 0.999 1.000 1.000 0.988 0.988
     37       4.255    0.994 0.109      0.209 0.213 0.227 0.272 0.311 0.577 0.750 0.786 0.922 0.976 0.983 0.983 0.988 1.000 1.000
     38       4.259    0.994 0.109      0.209 0.213 0.227 0.272 0.311 0.577 0.750 0.786 0.922 0.976 0.983 0.983 0.988 1.000 1.000

  R CORE   ENERGY   A0R/A00=1.000    R3= 0     2  
   2( 1)    0.732                    1.000 0.000
   2( 2)  487.921                    0.000 1.000

  R CORE   ENERGY   A0R/A00=1.000    R3= 0     2  
   3( 1)  488.652                    0.000 1.000

  R CORE   ENERGY   A0R/A00=1.000    R3= 0     2     4  
   4( 1)    2.438                    1.000 0.000 0.000

  R CORE   ENERGY   A0R/A00=1.000    R3= 0     2     4  
   5( 1)  490.847                    0.000 1.000 0.000

  R CORE   ENERGY   A0R/A00=1.000    R3= 0     2     4     6  
   6( 1)    5.121                    1.000 0.000 0.000 0.000

  R CORE   ENERGY   A0R/A00=1.000    R3= 0     2     4     6  
   7( 1)  494.017                    0.000 1.000 0.000 0.000

          AXIAL SYMMETRY => K RESTRICTED TO OMEGA

                     K
     S.P. ORB#: 24  2.50
     S.P. ORB#: 25  4.50
     S.P. ORB#: 26  0.50
     S.P. ORB#: 27  0.50
     S.P. ORB#: 28  2.50
     S.P. ORB#: 29  2.50
     S.P. ORB#: 30 -5.50
     S.P. ORB#: 31 -3.50
     S.P. ORB#: 32  0.50
     S.P. ORB#: 33 -3.50
     S.P. ORB#: 34 -1.50
     S.P. ORB#: 35  0.50
     S.P. ORB#: 36 -1.50
     S.P. ORB#: 37 -3.50
     S.P. ORB#: 38 -1.50
 

             ENERGY    K= OMEGA
 
 I=  1/2- (1)  3.121  35: 0.999
 
 I=  1/2- (2)  4.895  27:-0.466
                      32: 0.885
 
 I=  1/2- (3)  5.766  26: 0.999
 
 I=  1/2- (4)  6.701  27: 0.885
                      32: 0.466
 
 I=  1/2- (5)147.952  34: 1.000

             ENERGY    K= OMEGA
 
 I=  3/2- (1)  3.189  35: 0.793
                      36: 0.609
 
 I=  3/2- (2)  3.430  26: 0.120
                      35:-0.602
                      36: 0.789

             ENERGY    K= OMEGA
 
 I=  5/2- (1)  2.903  29:-0.993
                      36:-0.109
 
 I=  5/2- (2)  3.743  26:-0.184
                      29:-0.106
                      35:-0.529
                      36: 0.821
 
 I=  5/2- (3)  4.351  26:-0.050
                      35:-0.836
                      36:-0.543
 
 I=  5/2- (4)  4.815  27:-0.500
                      32: 0.768
                      34: 0.275
                      38:-0.290
 
 I=  5/2- (5)  6.382  27: 0.134
                      28: 0.154
                      32: 0.359
                      34:-0.900
                      38:-0.139

             ENERGY    K= OMEGA
 
 I=  7/2- (1)  2.715  24:-0.176
                      29: 0.139
                      31: 0.974
 
 I=  7/2- (2)  3.592  24:-0.060
                      29:-0.932
                      31: 0.118
                      36: 0.147
                      37: 0.302
 
 I=  7/2- (3)  4.409  29:-0.096
                      35:-0.829
                      36:-0.545
                      37: 0.063
 
 I=  7/2- (4)  4.875  24:-0.058
                      26: 0.227
                      29: 0.072
                      35:-0.534
                      36: 0.801
                      37:-0.110
 
 I=  7/2- (5)  5.397  27:-0.354
                      28:-0.053
                      32:-0.840
                      34:-0.116
                      38:-0.390

             ENERGY    K= OMEGA
 
 I=  9/2- (1)  3.574  24:-0.249
                      29: 0.182
                      31:-0.949
 
 I=  9/2- (2)  4.509  24: 0.085
                      29: 0.882
                      31: 0.149
                      35:-0.056
                      36: 0.186
                      37: 0.390
 
 I=  9/2- (3)  5.404  26:-0.292
                      29:-0.145
                      31:-0.063
                      35:-0.541
                      36: 0.760
                      37:-0.130
 
 I=  9/2- (4)  5.585  27:-0.487
                      32: 0.742
                      34: 0.262
                      38:-0.379
 
 I=  9/2- (5)  6.509  24:-0.069
                      25:-0.082
                      26:-0.078
                      29:-0.076
                      35:-0.771
                      36:-0.533
                      37: 0.313

             ENERGY    K= OMEGA
 
 I= 11/2- (1)  2.077  25: 0.174
                      30: 0.985
 
 I= 11/2- (2)  4.652  24:-0.303
                      25: 0.059
                      29: 0.205
                      31: 0.927
 
 I= 11/2- (3)  5.668  24: 0.104
                      29: 0.850
                      31:-0.163
                      35:-0.057
                      36:-0.193
                      37:-0.444
 
 I= 11/2- (4)  6.463  27: 0.386
                      28: 0.081
                      32: 0.792
                      33: 0.052
                      34: 0.136
                      38: 0.442
 
 I= 11/2- (5)  6.608  26:-0.069
                      29: 0.105
                      31:-0.057
                      35: 0.846
                      36: 0.503
                      37:-0.107

             ENERGY    K= OMEGA
 
 I= 13/2- (1)  3.451  25:-0.245
                      30: 0.969
 
 I= 13/2- (2)  5.955  24:-0.345
                      25: 0.059
                      29: 0.217
                      31:-0.908
                      37: 0.054
 
 I= 13/2- (3)  7.051  24: 0.120
                      26:-0.076
                      29: 0.816
                      31: 0.161
                      35:-0.087
                      36: 0.239
                      37: 0.470
 
 I= 13/2- (4)  7.277  27: 0.471
                      32:-0.730
                      34:-0.243
                      38: 0.431
 
 I= 13/2- (5)  7.988  26:-0.372
                      29:-0.176
                      31:-0.104
                      35:-0.534
                      36: 0.707
                      37:-0.182

             ENERGY     K=-3/2
  32 LEVELS    TIME=  0.0 SEC



 ******************* EXCITATION ENERGIES, DOMINANT CONFIGURATION AND EXPECTATION VALUES (WITH S.P. UU+VV FACTORS) *******************

  NR  Eex(keV)  I   Kdom  NY    <Jz>  <Jx**2> <Jy**2> <Jz**2> <I.j>/|I|  <Rx**2> <Ry**2> <Rz**2> <R.j>/|R|  <HROTx> <HROTy> <HROTz>

   1    0.0  11/2- -11/2  30   -5.20    2.90    2.90   29.94    5.26       4.29    4.29    0.00   -1.46      0.523   0.523   0.000
   2  638.0   7/2-  -7/2  31   -3.20    6.51    6.51   11.95    3.40       6.88    6.88    0.00   -3.10      0.839   0.839   0.000
   3  826.5   5/2-   5/2  29    2.45    6.23    6.23    6.20    2.13       7.40    7.40    0.00   -3.21      0.902   0.902   0.000
   4 1044.4   1/2-   1/2  35    0.50    5.47    5.47    0.25    0.05       5.93    5.93    0.00   -3.24      0.723   0.723   0.000
   5 1112.6   3/2-   1/2  35   -0.24    5.47    5.47    0.99    0.97       5.97    5.97    0.00   -2.91      0.728   0.728   0.000
  
   6 1353.5   3/2-  -3/2  36   -0.75    5.51    5.51    1.50    0.76       6.66    6.66    0.00   -3.03      0.812   0.812   0.000
   7 1374.3  13/2- -11/2  30   -4.90    3.05    3.05   29.63    4.69       9.50    9.50    0.00   -0.69      1.159   1.159   0.000
   8 1497.3   9/2-  -7/2  31   -2.91    6.62    6.62   11.69    3.01       9.89    9.89    0.00   -2.24      1.205   1.205   0.000
   9 1515.2   7/2-   5/2  29    1.78    5.82    5.82    6.79    2.04       8.98    8.98    0.00   -2.43      1.095   1.095   0.000
  10 1666.2   5/2-  -3/2  36   -0.82    5.59    5.59    1.67    1.04       7.74    7.74    0.00   -2.49      0.944   0.944   0.000
  
  11 2274.5   5/2-   1/2  35   -0.08    5.49    5.49    0.86   -0.16      10.76   10.76    0.00   -2.65      1.312   1.312   0.000
  12 2331.9   7/2-   1/2  35   -0.09    5.47    5.47    0.96    0.72      10.98   10.98    0.00   -1.93      1.338   1.338   0.000
  13 2432.3   9/2-   5/2  29    1.31    5.55    5.55    7.14    1.94      11.83   11.83    0.00   -1.76      1.443   1.443   0.000
  14 2575.4  11/2-  -7/2  31   -2.67    6.72    6.72   11.48    2.76      13.83   13.83    0.00   -1.60      1.686   1.686   0.000
  15 2738.5   5/2-   1/2  32    0.18   14.67   14.67    0.57    2.39      12.25   12.25    0.00   -4.61      1.493   1.493   0.000
  
  16 2798.7   7/2-  -3/2  36   -0.82    5.57    5.57    1.74    0.56      12.09   12.09    0.00   -2.17      1.473   1.473   0.000
  17 2818.6   1/2-   1/2  32    0.50   14.73   14.73    0.25    1.34      14.08   14.08    0.00   -5.38      1.716   1.716   0.000
  18 3320.0   7/2-   1/2  32    0.17   17.66   17.66    0.61    2.79      14.76   14.76    0.00   -4.57      1.800   1.800   0.000
  19 3327.3   9/2-  -3/2  36   -0.69    5.68    5.68    1.80    0.99      14.00   14.00    0.00   -1.55      1.707   1.707   0.000
  20 3508.6   9/2-   1/2  32    0.08   14.81   14.81    0.67    2.57      14.74   14.74    0.00   -3.23      1.797   1.797   0.000
  
  21 3591.0  11/2-   5/2  29    1.00    5.35    5.35    7.44    1.84      15.95   15.95    0.00   -1.27      1.945   1.945   0.000
  22 3689.0   1/2-   1/2  26    0.50    7.85    7.85    0.25    0.64       7.80    7.80    0.00   -3.90      0.951   0.951   0.000
  23 3878.3  13/2-  -7/2  31   -2.48    6.80    6.80   11.30    2.59      18.74   18.74    0.00   -1.11      2.284   2.284   0.000
  24 4305.5   5/2-  -3/2  34   -1.11   17.08   17.08    2.05    1.06      19.35   19.35    0.00   -5.32      2.360   2.360   0.000
  25 4386.8  11/2-   1/2  32    0.08   17.72   17.72    0.75    2.94      18.38   18.38    0.00   -3.07      2.240   2.240   0.000
  
  26 4432.5   9/2-   1/2  35   -0.41    5.21    5.21    2.20    0.05      18.44   18.44    0.00   -2.04      2.248   2.248   0.000
  27 4531.0  11/2-   1/2  35   -0.04    5.45    5.45    1.01    0.65      19.94   19.94    0.00   -1.27      2.431   2.431   0.000
  28 4624.2   1/2-   1/2  27    0.50   15.89   15.89    0.25   -1.24      17.47   17.47    0.00   -5.60      2.130   2.130   0.000
  29 4974.3  13/2-   5/2  29    0.76    5.24    5.24    7.45    1.75      21.13   21.13    0.00   -0.88      2.576   2.576   0.000
  30 5200.6  13/2-   1/2  32    0.01   14.95   14.95    0.74    2.64      21.26   21.26    0.00   -1.87      2.592   2.592   0.000
  
  31 5910.9  13/2-  -3/2  36   -0.61    5.76    5.76    1.98    1.01      24.06   24.06    0.00   -0.93      2.933   2.933   0.000
  32*******   1/2-  -3/2  34    0.00    0.00    0.00    0.00   -0.00       0.00    0.00    0.00   -0.00      0.000   0.000   0.000
