1SPECTRUM OF (Z= 82 A=207) IN PARTICLE-ROTOR  MODEL WITH MODIFIED OSCILLATOR POTENTIAL


 PARITY=-   EPS= 0.581   GAMMA=  0.0   EPS4=0.000   EPS6=0.000   LEVELS:  24  25  26  27  28  29  30  31  32  33  34  35  36  37  38

 PAIRING FACTORS: GN0= 19.20  GN1=  7.40  IPAIR= 15 ***  E2PLUS(INPUT)=   0.730  E2PLUR(INPUT)=   0.000

 CORIOLIS ATTENUATION PARAMETERS:  CHSI=1.000  ETA=  1.00

 MOMENT OF INERTIA PARAMETERS:   A1=  0.122 MEV   A2=  0.122 MEV   A3=121.91924 MEV


 DELTA=0.922 MEV  LAMBDA=53.5707 MEV   HW0= 7.7543 MEV   LAMBDA/HW0= 6.9086

 E2ENERGY=0.730 MEV  HBAR**2/B=62590./A**(7/3)=******/A**2 MEV

 IREC=0  =>  RECOIL TERMS j+j-, j+j+, jzjz, ETC TREATED AS ONE-BODY OPERATORS WITH UU+VV PAIRING FACTORS



 S. P. LEVEL   EQP       U     V        (UU + VV)**1.00

     24       4.556    0.102 0.995      1.000 1.000 1.000 0.999 0.995 0.906 0.752 0.740 0.613 0.427 0.407 0.373 0.347 0.211 0.206
     25       4.316    0.107 0.994      1.000 1.000 1.000 0.999 0.996 0.908 0.756 0.744 0.618 0.432 0.413 0.378 0.352 0.217 0.212
     26       3.859    0.120 0.993      1.000 1.000 1.000 0.999 0.997 0.913 0.764 0.753 0.628 0.444 0.424 0.390 0.364 0.229 0.224
     27       2.995    0.156 0.988      0.999 0.999 0.999 1.000 0.999 0.927 0.787 0.776 0.655 0.476 0.457 0.423 0.398 0.264 0.259
     28       2.383    0.197 0.980      0.995 0.996 0.997 0.999 1.000 0.942 0.812 0.802 0.687 0.512 0.494 0.460 0.436 0.305 0.300
     29       1.046    0.514 0.858      0.906 0.908 0.913 0.927 0.942 1.000 0.961 0.956 0.890 0.770 0.756 0.731 0.712 0.606 0.602
     30       0.925    0.732 0.681      0.752 0.756 0.764 0.787 0.812 0.961 1.000 1.000 0.982 0.917 0.908 0.892 0.879 0.803 0.800
     31       0.928    0.744 0.668      0.740 0.744 0.753 0.776 0.802 0.956 1.000 1.000 0.985 0.924 0.916 0.900 0.887 0.813 0.810
     32       1.027    0.848 0.529      0.613 0.618 0.628 0.655 0.687 0.890 0.982 0.985 1.000 0.976 0.971 0.962 0.954 0.902 0.899
     33       1.469    0.943 0.333      0.427 0.432 0.444 0.476 0.512 0.770 0.917 0.924 0.976 1.000 1.000 0.998 0.996 0.974 0.973
     34       1.554    0.950 0.312      0.407 0.413 0.424 0.457 0.494 0.756 0.908 0.916 0.971 1.000 1.000 0.999 0.998 0.979 0.978
     35       1.738    0.961 0.276      0.373 0.378 0.390 0.423 0.460 0.731 0.892 0.900 0.962 0.998 0.999 1.000 1.000 0.986 0.985
     36       1.908    0.968 0.250      0.347 0.352 0.364 0.398 0.436 0.712 0.879 0.887 0.954 0.996 0.998 1.000 1.000 0.990 0.989
     37       4.200    0.994 0.110      0.211 0.217 0.229 0.264 0.305 0.606 0.803 0.813 0.902 0.974 0.979 0.986 0.990 1.000 1.000
     38       4.403    0.994 0.105      0.206 0.212 0.224 0.259 0.300 0.602 0.800 0.810 0.899 0.973 0.978 0.985 0.989 1.000 1.000

  R CORE   ENERGY   A0R/A00=1.000    R3= 0     2  
   2( 1)    0.732                    1.000 0.000
   2( 2)  487.921                    0.000 1.000

  R CORE   ENERGY   A0R/A00=1.000    R3= 0     2  
   3( 1)  488.652                    0.000 1.000

  R CORE   ENERGY   A0R/A00=1.000    R3= 0     2     4  
   4( 1)    2.438                    1.000 0.000 0.000

  R CORE   ENERGY   A0R/A00=1.000    R3= 0     2     4  
   5( 1)  490.847                    0.000 1.000 0.000

  R CORE   ENERGY   A0R/A00=1.000    R3= 0     2     4     6  
   6( 1)    5.121                    1.000 0.000 0.000 0.000

  R CORE   ENERGY   A0R/A00=1.000    R3= 0     2     4     6  
   7( 1)  494.017                    0.000 1.000 0.000 0.000

          AXIAL SYMMETRY => K RESTRICTED TO OMEGA

                     K
     S.P. ORB#: 24  2.50
     S.P. ORB#: 25  4.50
     S.P. ORB#: 26  0.50
     S.P. ORB#: 27  0.50
     S.P. ORB#: 28  2.50
     S.P. ORB#: 29  2.50
     S.P. ORB#: 30 -5.50
     S.P. ORB#: 31 -3.50
     S.P. ORB#: 32  0.50
     S.P. ORB#: 33 -3.50
     S.P. ORB#: 34 -1.50
     S.P. ORB#: 35  0.50
     S.P. ORB#: 36 -1.50
     S.P. ORB#: 37 -1.50
     S.P. ORB#: 38 -3.50
 

             ENERGY    K= OMEGA
 
 I=  1/2- (1)  3.194  35: 0.999
 
 I=  1/2- (2)  4.863  27:-0.435
                      32: 0.900
 
 I=  1/2- (3)  5.764  26: 0.999
 
 I=  1/2- (4)  6.863  27: 0.900
                      32: 0.435
 
 I=  1/2- (5)147.857  34: 1.000

             ENERGY    K= OMEGA
 
 I=  3/2- (1)  3.262  35: 0.797
                      36: 0.604
 
 I=  3/2- (2)  3.503  26: 0.120
                      35:-0.597
                      36: 0.793

             ENERGY    K= OMEGA
 
 I=  5/2- (1)  2.867  29: 0.994
                      36: 0.100
 
 I=  5/2- (2)  3.820  26: 0.185
                      29: 0.097
                      35: 0.527
                      36:-0.823
 
 I=  5/2- (3)  4.424  26:-0.051
                      35:-0.837
                      36:-0.542
 
 I=  5/2- (4)  4.780  27: 0.491
                      32:-0.771
                      34:-0.288
                      37: 0.286
 
 I=  5/2- (5)  6.313  27: 0.105
                      28: 0.144
                      32: 0.359
                      34:-0.907
                      37:-0.131

             ENERGY    K= OMEGA
 
 I=  7/2- (1)  2.734  24:-0.170
                      29: 0.148
                      31: 0.974
 
 I=  7/2- (2)  3.561  24:-0.059
                      29:-0.937
                      31: 0.129
                      36: 0.137
                      38: 0.286
 
 I=  7/2- (3)  4.482  29:-0.088
                      35:-0.831
                      36:-0.543
                      38: 0.055
 
 I=  7/2- (4)  4.950  24:-0.059
                      26: 0.227
                      29: 0.074
                      35:-0.531
                      36: 0.804
                      38:-0.097
 
 I=  7/2- (5)  5.365  27: 0.341
                      28: 0.050
                      32: 0.848
                      34: 0.115
                      37: 0.385

             ENERGY    K= OMEGA
 
 I=  9/2- (1)  3.605  24:-0.241
                      25: 0.050
                      29: 0.196
                      31:-0.949
 
 I=  9/2- (2)  4.481  24:-0.086
                      29:-0.889
                      31:-0.166
                      36:-0.174
                      38:-0.374
 
 I=  9/2- (3)  5.485  26:-0.294
                      29:-0.135
                      31:-0.059
                      35:-0.540
                      36: 0.764
                      38:-0.117
 
 I=  9/2- (4)  5.548  27: 0.488
                      32:-0.741
                      34:-0.275
                      37: 0.371
 
 I=  9/2- (5)  6.586  24:-0.070
                      25:-0.144
                      26:-0.079
                      35:-0.780
                      36:-0.543
                      38: 0.249

             ENERGY    K= OMEGA
 
 I= 11/2- (1)  2.096  25: 0.166
                      30: 0.986
 
 I= 11/2- (2)  4.696  24:-0.293
                      25: 0.060
                      29: 0.222
                      31: 0.926
 
 I= 11/2- (3)  5.639  24:-0.108
                      29:-0.856
                      31: 0.185
                      35: 0.051
                      36: 0.185
                      38: 0.428
 
 I= 11/2- (4)  6.434  27:-0.383
                      28:-0.078
                      32:-0.797
                      33:-0.050
                      34:-0.140
                      37:-0.435
 
 I= 11/2- (5)  6.681  26: 0.068
                      29:-0.099
                      31: 0.054
                      35:-0.848
                      36:-0.503
                      38: 0.098

             ENERGY    K= OMEGA
 
 I= 13/2- (1)  3.492  25: 0.235
                      30:-0.972
 
 I= 13/2- (2)  6.012  24:-0.335
                      25: 0.060
                      29: 0.236
                      31:-0.906
                      38: 0.063
 
 I= 13/2- (3)  7.023  24:-0.125
                      26: 0.068
                      29:-0.823
                      31:-0.187
                      35: 0.076
                      36:-0.225
                      38:-0.458
 
 I= 13/2- (4)  7.241  27:-0.479
                      32: 0.727
                      34: 0.257
                      37:-0.420
 
 I= 13/2- (5)  8.073  26: 0.375
                      29: 0.162
                      31: 0.099
                      35: 0.534
                      36:-0.713
                      38: 0.167

             ENERGY     K=-7/2
  32 LEVELS    TIME=  0.0 SEC



 ******************* EXCITATION ENERGIES, DOMINANT CONFIGURATION AND EXPECTATION VALUES (WITH S.P. UU+VV FACTORS) *******************

  NR  Eex(keV)  I   Kdom  NY    <Jz>  <Jx**2> <Jy**2> <Jz**2> <I.j>/|I|  <Rx**2> <Ry**2> <Rz**2> <R.j>/|R|  <HROTx> <HROTy> <HROTz>

   1    0.0  11/2- -11/2  30   -5.22    2.89    2.89   29.97    5.24       4.42    4.42    0.00   -1.49      0.539   0.539   0.000
   2  637.3   7/2-  -7/2  31   -3.19    6.51    6.51   11.94    3.38       6.96    6.96    0.00   -3.10      0.849   0.849   0.000
   3  770.4   5/2-   5/2  29    2.46    6.24    6.24    6.21    2.13       7.42    7.42   -0.00   -3.22      0.904   0.904  -0.000
   4 1097.4   1/2-   1/2  35    0.50    5.49    5.49    0.25    0.05       5.95    5.95   -0.00   -3.24      0.726   0.726  -0.000
   5 1165.9   3/2-   1/2  35   -0.23    5.49    5.49    0.98    0.96       5.99    5.99   -0.00   -2.92      0.731   0.731  -0.000
  
   6 1395.6  13/2- -11/2  30   -4.95    3.02    3.02   29.68    4.65       9.76    9.76    0.00   -0.74      1.190   1.190   0.000
   7 1406.5   3/2-  -3/2  36   -0.76    5.53    5.53    1.51    0.77       6.68    6.68   -0.00   -3.03      0.814   0.814  -0.000
   8 1464.5   7/2-   5/2  29    1.83    5.87    5.87    6.76    2.03       9.07    9.07   -0.00   -2.45      1.106   1.106  -0.000
   9 1508.6   9/2-  -7/2  31   -2.90    6.62    6.62   11.69    2.97      10.05   10.05    0.00   -2.26      1.225   1.225   0.000
  10 1723.4   5/2-  -3/2  36   -0.83    5.61    5.61    1.67    1.03       7.78    7.78    0.00   -2.50      0.948   0.948   0.000
  
  11 2327.4   5/2-   1/2  35   -0.08    5.51    5.51    0.85   -0.16      10.78   10.78    0.00   -2.66      1.314   1.314   0.000
  12 2384.5   9/2-   5/2  29    1.37    5.61    5.61    7.12    1.93      11.93   11.93   -0.00   -1.79      1.454   1.454  -0.000
  13 2385.1   7/2-   1/2  35   -0.09    5.49    5.49    0.94    0.71      11.01   11.01   -0.00   -1.94      1.342   1.342  -0.000
  14 2599.3  11/2-  -7/2  31   -2.66    6.72    6.72   11.47    2.72      14.07   14.07    0.00   -1.63      1.715   1.715   0.000
  15 2683.7   5/2-   1/2  32    0.17   14.66   14.66    0.58    2.41      12.20   12.20   -0.00   -4.61      1.488   1.488  -0.000
  
  16 2766.8   1/2-   1/2  32    0.50   14.84   14.84    0.25    1.31      14.21   14.21    0.00   -5.40      1.732   1.732   0.000
  17 2853.8   7/2-  -3/2  36   -0.82    5.60    5.60    1.72    0.55      12.15   12.15    0.00   -2.18      1.481   1.481   0.000
  18 3268.8   7/2-   1/2  32    0.18   17.73   17.73    0.60    2.78      14.87   14.87    0.00   -4.59      1.813   1.813   0.000
  19 3389.0   9/2-  -3/2  36   -0.69    5.71    5.71    1.75    0.98      14.09   14.09    0.00   -1.56      1.718   1.718   0.000
  20 3451.3   9/2-   1/2  32    0.07   14.75   14.75    0.68    2.57      14.66   14.66    0.00   -3.21      1.788   1.788   0.000
  
  21 3542.6  11/2-   5/2  29    1.05    5.41    5.41    7.42    1.84      16.01   16.01    0.00   -1.28      1.952   1.952   0.000
  22 3667.8   1/2-   1/2  26    0.50    7.88    7.88    0.25    0.64       7.83    7.83    0.00   -3.91      0.955   0.955   0.000
  23 3915.2  13/2-  -7/2  31   -2.46    6.79    6.79   11.29    2.54      19.04   19.04    0.00   -1.15      2.322   2.322   0.000
  24 4216.4   5/2-  -3/2  34   -1.14   17.05   17.05    2.05    1.01      19.47   19.47    0.00   -5.32      2.374   2.374   0.000
  25 4337.8  11/2-   1/2  32    0.08   17.80   17.80    0.73    2.94      18.45   18.45    0.00   -3.09      2.249   2.249   0.000
  
  26 4489.6   9/2-   1/2  35   -0.24    5.37    5.37    2.04    0.02      18.68   18.68    0.00   -2.08      2.277   2.277   0.000
  27 4584.2  11/2-   1/2  35   -0.03    5.48    5.48    0.98    0.65      19.98   19.98   -0.00   -1.28      2.435   2.435  -0.000
  28 4766.9   1/2-   1/2  27    0.50   15.83   15.83    0.25   -1.22      17.39   17.39    0.00   -5.59      2.120   2.120   0.000
  29 4926.5  13/2-   5/2  29    0.81    5.29    5.29    7.48    1.76      21.14   21.14   -0.00   -0.89      2.578   2.578  -0.000
  30 5144.3  13/2-   1/2  32    0.01   14.86   14.86    0.74    2.64      21.19   21.19    0.00   -1.85      2.584   2.584   0.000
  
  31 5976.9  13/2-  -3/2  36   -0.61    5.79    5.79    1.90    0.99      24.19   24.19    0.00   -0.94      2.949   2.949   0.000
  32*******   1/2-  -3/2  34    0.00    0.00    0.00    0.00   -0.00       0.00    0.00    0.00   -0.00      0.000   0.000   0.000
