1SPECTRUM OF (Z= 82 A=207) IN PARTICLE-ROTOR  MODEL WITH MODIFIED OSCILLATOR POTENTIAL


 PARITY=-   EPS= 0.641   GAMMA=  0.0   EPS4=0.000   EPS6=0.000   LEVELS:  24  25  26  27  28  29  30  31  32  33  34  35  36  37  38

 PAIRING FACTORS: GN0= 19.20  GN1=  7.40  IPAIR= 15 ***  E2PLUS(INPUT)=   0.730  E2PLUR(INPUT)=   0.000

 CORIOLIS ATTENUATION PARAMETERS:  CHSI=1.000  ETA=  1.00

 MOMENT OF INERTIA PARAMETERS:   A1=  0.122 MEV   A2=  0.122 MEV   A3=121.91924 MEV


 DELTA=0.871 MEV  LAMBDA=53.8175 MEV   HW0= 7.8434 MEV   LAMBDA/HW0= 6.8615

 E2ENERGY=0.730 MEV  HBAR**2/B=76185./A**(7/3)=******/A**2 MEV

 IREC=0  =>  RECOIL TERMS j+j-, j+j+, jzjz, ETC TREATED AS ONE-BODY OPERATORS WITH UU+VV PAIRING FACTORS



 S. P. LEVEL   EQP       U     V        (UU + VV)**1.00

     24       4.420    0.099 0.995      1.000 1.000 1.000 1.000 0.999 0.902 0.710 0.624 0.503 0.472 0.389 0.290 0.276 0.213 0.184
     25       4.325    0.101 0.995      1.000 1.000 1.000 1.000 0.999 0.903 0.712 0.626 0.505 0.474 0.391 0.292 0.278 0.215 0.186
     26       3.739    0.117 0.993      1.000 1.000 1.000 1.000 1.000 0.910 0.723 0.638 0.519 0.488 0.406 0.308 0.293 0.231 0.202
     27       3.628    0.121 0.993      1.000 1.000 1.000 1.000 1.000 0.911 0.725 0.641 0.522 0.492 0.409 0.311 0.297 0.235 0.206
     28       3.084    0.143 0.990      0.999 0.999 1.000 1.000 1.000 0.920 0.740 0.658 0.541 0.511 0.429 0.332 0.318 0.256 0.227
     29       0.982    0.519 0.855      0.902 0.903 0.910 0.911 0.920 1.000 0.944 0.900 0.827 0.806 0.748 0.675 0.663 0.614 0.590
     30       0.886    0.771 0.637      0.710 0.712 0.723 0.725 0.740 0.944 1.000 0.993 0.966 0.956 0.925 0.880 0.873 0.839 0.823
     31       0.954    0.839 0.544      0.624 0.626 0.638 0.641 0.658 0.900 0.993 1.000 0.989 0.983 0.963 0.929 0.923 0.896 0.883
     32       1.153    0.910 0.415      0.503 0.505 0.519 0.522 0.541 0.827 0.966 0.989 1.000 0.999 0.992 0.973 0.969 0.952 0.942
     33       1.231    0.924 0.383      0.472 0.474 0.488 0.492 0.511 0.806 0.956 0.983 0.999 1.000 0.996 0.981 0.978 0.962 0.953
     34       1.540    0.955 0.296      0.389 0.391 0.406 0.409 0.429 0.748 0.925 0.963 0.992 0.996 1.000 0.994 0.993 0.983 0.977
     35       2.286    0.981 0.194      0.290 0.292 0.308 0.311 0.332 0.675 0.880 0.929 0.973 0.981 0.994 1.000 1.000 0.997 0.994
     36       2.468    0.984 0.179      0.276 0.278 0.293 0.297 0.318 0.663 0.873 0.923 0.969 0.978 0.993 1.000 1.000 0.998 0.996
     37       3.797    0.993 0.115      0.213 0.215 0.231 0.235 0.256 0.614 0.839 0.896 0.952 0.962 0.983 0.997 0.998 1.000 1.000
     38       5.081    0.996 0.086      0.184 0.186 0.202 0.206 0.227 0.590 0.823 0.883 0.942 0.953 0.977 0.994 0.996 1.000 1.000

  R CORE   ENERGY   A0R/A00=1.000    R3= 0     2  
   2( 1)    0.732                    1.000 0.000
   2( 2)  487.921                    0.000 1.000

  R CORE   ENERGY   A0R/A00=1.000    R3= 0     2  
   3( 1)  488.652                    0.000 1.000

  R CORE   ENERGY   A0R/A00=1.000    R3= 0     2     4  
   4( 1)    2.438                    1.000 0.000 0.000

  R CORE   ENERGY   A0R/A00=1.000    R3= 0     2     4  
   5( 1)  490.847                    0.000 1.000 0.000

  R CORE   ENERGY   A0R/A00=1.000    R3= 0     2     4     6  
   6( 1)    5.121                    1.000 0.000 0.000 0.000

  R CORE   ENERGY   A0R/A00=1.000    R3= 0     2     4     6  
   7( 1)  494.017                    0.000 1.000 0.000 0.000

          AXIAL SYMMETRY => K RESTRICTED TO OMEGA

                     K
     S.P. ORB#: 24  2.50
     S.P. ORB#: 25  0.50
     S.P. ORB#: 26  0.50
     S.P. ORB#: 27  4.50
     S.P. ORB#: 28  2.50
     S.P. ORB#: 29  0.50
     S.P. ORB#: 30  2.50
     S.P. ORB#: 31 -1.50
     S.P. ORB#: 32 -3.50
     S.P. ORB#: 33 -3.50
     S.P. ORB#: 34 -5.50
     S.P. ORB#: 35  0.50
     S.P. ORB#: 36 -1.50
     S.P. ORB#: 37 -1.50
     S.P. ORB#: 38  4.50
 

             ENERGY    K= OMEGA
 
 I=  1/2- (1)  3.780  26:-0.053
                      35:-0.999
 
 I=  1/2- (2)  4.883  25: 0.345
                      29:-0.939
 
 I=  1/2- (3)  5.696  26: 0.999
                      35:-0.053
 
 I=  1/2- (4)  8.206  25: 0.939
                      29: 0.345
 
 I=  1/2- (5)147.257  31: 1.000

             ENERGY    K= OMEGA
 
 I=  3/2- (1)  3.849  35:-0.822
                      36:-0.569
 
 I=  3/2- (2)  4.087  26:-0.122
                      35: 0.563
                      36:-0.817

             ENERGY    K= OMEGA
 
 I=  5/2- (1)  2.725  30: 0.997
                      36: 0.075
 
 I=  5/2- (2)  4.437  26: 0.199
                      30: 0.069
                      35: 0.512
                      36:-0.831
 
 I=  5/2- (3)  4.705  25: 0.465
                      29:-0.682
                      31: 0.526
                      37: 0.200
 
 I=  5/2- (4)  5.007  26:-0.063
                      35:-0.844
                      36:-0.531
 
 I=  5/2- (5)  5.943  25:-0.091
                      28: 0.108
                      29: 0.537
                      31: 0.821
                      37:-0.137

             ENERGY    K= OMEGA
 
 I=  7/2- (1)  3.032  24:-0.121
                      30: 0.271
                      32: 0.955
 
 I=  7/2- (2)  3.605  24:-0.061
                      30:-0.955
                      32: 0.265
                      36: 0.120
 
 I=  7/2- (3)  5.072  30:-0.078
                      35:-0.850
                      36:-0.518
 
 I=  7/2- (4)  5.526  25:-0.387
                      28:-0.083
                      29:-0.786
                      31: 0.395
                      33:-0.061
                      37:-0.256
 
 I=  7/2- (5)  5.553  24:-0.068
                      26: 0.234
                      30: 0.094
                      35:-0.502
                      36: 0.824

             ENERGY    K= OMEGA
 
 I=  9/2- (1)  3.986  24:-0.174
                      27: 0.056
                      30: 0.319
                      32:-0.930
 
 I=  9/2- (2)  4.710  24:-0.095
                      30:-0.931
                      32:-0.303
                      36:-0.170
 
 I=  9/2- (3)  5.463  25:-0.522
                      28:-0.069
                      29: 0.656
                      31:-0.478
                      33: 0.068
                      37:-0.242
 
 I=  9/2- (4)  6.042  27: 0.997
                      32: 0.056
 
 I=  9/2- (5)  6.154  24: 0.056
                      26:-0.316
                      27:-0.054
                      30:-0.159
                      32:-0.052
                      35:-0.529
                      36: 0.765

             ENERGY    K= OMEGA
 
 I= 11/2- (1)  2.817  27:-0.118
                      34:-0.993
 
 I= 11/2- (2)  5.173  24:-0.217
                      27: 0.072
                      30: 0.334
                      32: 0.914
 
 I= 11/2- (3)  6.046  24:-0.122
                      30:-0.917
                      32: 0.307
                      35: 0.052
                      36: 0.213
 
 I= 11/2- (4)  6.443  25:-0.238
                      28:-0.305
                      29:-0.347
                      31: 0.255
                      33:-0.683
                      37:-0.147
                      38:-0.420
 
 I= 11/2- (5)  6.730  25: 0.389
                      28:-0.105
                      29: 0.681
                      31:-0.243
                      33:-0.416
                      37: 0.263
                      38:-0.270

             ENERGY    K= OMEGA
 
 I= 13/2- (1)  4.327  27: 0.171
                      34:-0.985
 
 I= 13/2- (2)  6.595  24:-0.254
                      27: 0.079
                      30: 0.336
                      32:-0.903
 
 I= 13/2- (3)  7.030  25: 0.333
                      28: 0.279
                      29:-0.364
                      31: 0.327
                      33:-0.620
                      37: 0.133
                      38: 0.412
 
 I= 13/2- (4)  7.234  25:-0.442
                      28: 0.159
                      29: 0.537
                      31:-0.313
                      33:-0.478
                      37:-0.238
                      38: 0.329
 
 I= 13/2- (5)  7.603  24:-0.145
                      26: 0.077
                      30:-0.895
                      32:-0.293
                      35: 0.081
                      36:-0.277

             ENERGY     K= 9/2
  32 LEVELS    TIME=  0.0 SEC



 ******************* EXCITATION ENERGIES, DOMINANT CONFIGURATION AND EXPECTATION VALUES (WITH S.P. UU+VV FACTORS) *******************

  NR  Eex(keV)  I   Kdom  NY    <Jz>  <Jx**2> <Jy**2> <Jz**2> <I.j>/|I|  <Rx**2> <Ry**2> <Rz**2> <R.j>/|R|  <HROTx> <HROTy> <HROTz>

   1    0.0   5/2-   5/2  30    2.48    6.33    6.33    6.23    2.14       7.50    7.50   -0.00   -3.24      0.914   0.914  -0.000
   2   91.6  11/2- -11/2  34   -5.36    2.82    2.82   30.11    5.12       5.11    5.11    0.00   -1.60      0.624   0.624   0.000
   3  306.6   7/2-  -7/2  32   -2.97    6.52    6.52   11.72    3.19       7.59    7.59   -0.00   -3.10      0.925   0.925  -0.000
   4  879.4   7/2-   5/2  30    2.02    6.32    6.32    6.61    1.66      10.92   10.92   -0.00   -2.71      1.331   1.331  -0.000
   5 1054.4   1/2-   1/2  35    0.50    5.62    5.62    0.25    0.02       6.11    6.11    0.00   -3.28      0.745   0.745   0.000
  
   6 1123.8   3/2-   1/2  35   -0.15    5.62    5.62    0.90    0.92       6.16    6.16    0.00   -2.95      0.751   0.751   0.000
   7 1260.5   9/2-  -7/2  32   -2.68    6.57    6.57   11.48    2.69      11.29   11.29    0.00   -2.36      1.376   1.376   0.000
   8 1362.2   3/2-  -3/2  36   -0.84    5.67    5.67    1.59    0.79       6.80    6.80    0.00   -3.09      0.829   0.829   0.000
   9 1602.1  13/2- -11/2  34   -5.21    2.89    2.89   29.95    4.45      11.18   11.18    0.00   -0.99      1.363   1.363   0.000
  10 1712.0   5/2-  -3/2  36   -0.87    5.74    5.74    1.67    0.97       8.08    8.08    0.00   -2.56      0.985   0.985   0.000
  
  11 1979.5   5/2-   1/2  29   -0.13   14.50   14.50    0.89    2.52      11.86   11.86   -0.00   -4.61      1.446   1.446  -0.000
  12 1984.6   9/2-   5/2  30    1.83    6.31    6.31    6.68    1.36      15.24   15.24   -0.00   -2.27      1.858   1.858  -0.000
  13 2158.2   1/2-   1/2  29    0.50   15.01   15.01    0.25    1.31      14.37   14.37    0.00   -5.43      1.752   1.752   0.000
  14 2282.3   5/2-   1/2  35   -0.06    5.64    5.64    0.83   -0.17      10.92   10.92    0.00   -2.70      1.331   1.331   0.000
  15 2347.2   7/2-   1/2  35   -0.02    5.64    5.64    0.83    0.68      11.24   11.24    0.00   -1.99      1.370   1.370   0.000
  
  16 2448.0  11/2-  -7/2  32   -2.51    6.62    6.62   11.34    2.38      15.92   15.92   -0.00   -1.83      1.941   1.941  -0.000
  17 2737.5   9/2-   1/2  29   -0.08   14.26   14.26    0.93    2.65      13.93   13.93   -0.00   -3.08      1.698   1.698  -0.000
  18 2800.4   7/2-   1/2  29    0.05   18.26   18.26    0.78    2.71      15.78   15.78    0.00   -4.73      1.924   1.924   0.000
  19 2828.0   7/2-  -3/2  36   -0.83    5.79    5.79    1.70    0.49      12.58   12.58    0.00   -2.26      1.533   1.533   0.000
  20 2970.7   1/2-   1/2  26    0.50    8.07    8.07    0.25    0.61       8.04    8.04   -0.00   -3.96      0.980   0.980  -0.000
  
  21 3217.6   5/2-  -3/2  31   -0.86   16.73   16.73    1.70    0.66      19.99   19.99   -0.00   -5.25      2.438   2.438  -0.000
  22 3317.3   9/2-   9/2  27    4.46    7.61    7.61   20.16    4.04       9.95    9.95    0.00   -3.42      1.213   1.213   0.000
  23 3321.0  11/2-   5/2  30    1.75    6.30    6.30    6.64    1.17      20.51   20.51   -0.00   -1.91      2.500   2.500  -0.000
  24 3428.4   9/2-  -3/2  36   -0.61    5.92    5.92    1.68    0.84      14.94   14.94    0.00   -1.71      1.822   1.822   0.000
  25 3717.7  11/2-  -7/2  33   -0.65   20.40   20.40   10.11    4.38      17.14   17.14    0.00   -4.22      2.089   2.089   0.000
  
  26 3869.9  13/2-  -7/2  32   -2.39    6.67    6.67   11.25    2.17      21.51   21.51    0.00   -1.44      2.623   2.623   0.000
  27 4004.5  11/2-   1/2  29   -0.13   19.06   19.06    4.10    3.31      19.21   19.21    0.00   -3.62      2.342   2.342   0.000
  28 4304.7  13/2-  -7/2  33   -0.45   18.58   18.58    8.98    4.05      19.17   19.17   -0.00   -2.89      2.337   2.337  -0.000
  29 4508.9  13/2-   1/2  29   -0.24   16.59   16.59    5.62    3.40      20.05   20.05    0.00   -2.38      2.445   2.445   0.000
  30 4877.4  13/2-   5/2  30    1.65    6.29    6.29    6.41    1.05      26.52   26.52    0.00   -1.60      3.233   3.233   0.000
  
  31 5481.1   1/2-   1/2  25    0.50   15.94   15.94    0.25   -1.28      17.55   17.55    0.00   -5.61      2.140   2.140   0.000
  32*******   1/2-  -3/2  31    0.00    0.00    0.00    0.00    0.00       0.00    0.00   -0.00   -0.00      0.000   0.000  -0.000
