1SPECTRUM OF (Z= 82 A=207) IN PARTICLE-ROTOR  MODEL WITH MODIFIED OSCILLATOR POTENTIAL


 PARITY=-   EPS= 0.404   GAMMA=  0.0   EPS4=0.000   EPS6=0.000   LEVELS:  24  25  26  27  28  29  30  31  32  33  34  35  36  37  38

 PAIRING FACTORS: GN0= 19.20  GN1=  7.40  IPAIR= 15 ***  E2PLUS(INPUT)=   0.730  E2PLUR(INPUT)=   0.000

 CORIOLIS ATTENUATION PARAMETERS:  CHSI=1.000  ETA=  1.00

 MOMENT OF INERTIA PARAMETERS:   A1=  0.122 MEV   A2=  0.122 MEV   A3=121.91924 MEV


 DELTA=0.843 MEV  LAMBDA=53.4828 MEV   HW0= 7.5634 MEV   LAMBDA/HW0= 7.0712

 E2ENERGY=0.730 MEV  HBAR**2/B=30263./A**(7/3)=5116.0/A**2 MEV

 IREC=0  =>  RECOIL TERMS j+j-, j+j+, jzjz, ETC TREATED AS ONE-BODY OPERATORS WITH UU+VV PAIRING FACTORS



 S. P. LEVEL   EQP       U     V        (UU + VV)**1.00

     24       4.296    0.099 0.995      1.000 1.000 1.000 0.998 0.995 0.994 0.911 0.879 0.867 0.489 0.481 0.365 0.323 0.233 0.220
     25       3.601    0.118 0.993      1.000 1.000 1.000 0.999 0.997 0.996 0.919 0.888 0.876 0.506 0.498 0.383 0.341 0.252 0.239
     26       3.320    0.128 0.992      1.000 1.000 1.000 0.999 0.998 0.997 0.923 0.893 0.881 0.514 0.507 0.392 0.350 0.262 0.249
     27       2.663    0.160 0.987      0.998 0.999 0.999 1.000 0.999 0.999 0.935 0.907 0.896 0.542 0.535 0.422 0.381 0.293 0.280
     28       2.197    0.196 0.981      0.995 0.997 0.998 0.999 1.000 1.000 0.947 0.922 0.911 0.572 0.565 0.454 0.414 0.327 0.315
     29       2.106    0.204 0.979      0.994 0.996 0.997 0.999 1.000 1.000 0.950 0.925 0.915 0.579 0.572 0.462 0.422 0.336 0.323
     30       0.973    0.500 0.866      0.911 0.919 0.923 0.935 0.947 0.950 1.000 0.997 0.995 0.805 0.800 0.716 0.684 0.614 0.603
     31       0.908    0.560 0.828      0.879 0.888 0.893 0.907 0.922 0.925 0.997 1.000 1.000 0.845 0.840 0.764 0.734 0.668 0.658
     32       0.891    0.582 0.813      0.867 0.876 0.881 0.896 0.911 0.915 0.995 1.000 1.000 0.859 0.854 0.781 0.752 0.687 0.677
     33       1.149    0.916 0.400      0.489 0.506 0.514 0.542 0.572 0.579 0.805 0.845 0.859 1.000 1.000 0.991 0.983 0.962 0.959
     34       1.168    0.920 0.392      0.481 0.498 0.507 0.535 0.565 0.572 0.800 0.840 0.854 1.000 1.000 0.992 0.985 0.965 0.961
     35       1.614    0.962 0.271      0.365 0.383 0.392 0.422 0.454 0.462 0.716 0.764 0.781 0.991 0.992 1.000 0.999 0.990 0.989
     36       1.901    0.974 0.228      0.323 0.341 0.350 0.381 0.414 0.422 0.684 0.734 0.752 0.983 0.985 0.999 1.000 0.996 0.994
     37       3.124    0.991 0.136      0.233 0.252 0.262 0.293 0.327 0.336 0.614 0.668 0.687 0.962 0.965 0.990 0.996 1.000 1.000
     38       3.457    0.992 0.123      0.220 0.239 0.249 0.280 0.315 0.323 0.603 0.658 0.677 0.959 0.961 0.989 0.994 1.000 1.000

  R CORE   ENERGY   A0R/A00=1.000    R3= 0     2  
   2( 1)    0.732                    1.000 0.000
   2( 2)  487.921                    0.000 1.000

  R CORE   ENERGY   A0R/A00=1.000    R3= 0     2  
   3( 1)  488.652                    0.000 1.000

  R CORE   ENERGY   A0R/A00=1.000    R3= 0     2     4  
   4( 1)    2.438                    1.000 0.000 0.000

  R CORE   ENERGY   A0R/A00=1.000    R3= 0     2     4  
   5( 1)  490.847                    0.000 1.000 0.000

  R CORE   ENERGY   A0R/A00=1.000    R3= 0     2     4     6  
   6( 1)    5.121                    1.000 0.000 0.000 0.000

  R CORE   ENERGY   A0R/A00=1.000    R3= 0     2     4     6  
   7( 1)  494.017                    0.000 1.000 0.000 0.000

          AXIAL SYMMETRY => K RESTRICTED TO OMEGA

                     K
     S.P. ORB#: 24  0.50
     S.P. ORB#: 25 -5.50
     S.P. ORB#: 26  0.50
     S.P. ORB#: 27  2.50
     S.P. ORB#: 28 -1.50
     S.P. ORB#: 29 -3.50
     S.P. ORB#: 30  0.50
     S.P. ORB#: 31  2.50
     S.P. ORB#: 32 -1.50
     S.P. ORB#: 33 -3.50
     S.P. ORB#: 34  0.50
     S.P. ORB#: 35  4.50
     S.P. ORB#: 36 -3.50
     S.P. ORB#: 37  0.50
     S.P. ORB#: 38 -1.50
 

             ENERGY    K= OMEGA
 
 I=  1/2- (1)  2.284  30: 0.999
 
 I=  1/2- (2)  4.074  26: 0.199
                      34:-0.916
                      37: 0.348
 
 I=  1/2- (3)  5.994  24: 0.999
 
 I=  1/2- (4)  7.101  26:-0.304
                      34: 0.280
                      37: 0.911
 
 I=  1/2- (5)  9.593  26:-0.932
                      34:-0.287
                      37:-0.223

             ENERGY    K= OMEGA
 
 I=  3/2- (1)  2.202  24:-0.053
                      30: 0.356
                      32:-0.933
 
 I=  3/2- (2)  2.441  24:-0.195
                      30:-0.920
                      32:-0.339

             ENERGY    K= OMEGA
 
 I=  5/2- (1)  2.486  24:-0.254
                      30: 0.484
                      32: 0.836
 
 I=  5/2- (2)  3.455  24:-0.067
                      30: 0.855
                      32:-0.513
 
 I=  5/2- (3)  4.121  26:-0.152
                      34: 0.807
                      37:-0.488
                      38: 0.292
 
 I=  5/2- (4)  4.457  27: 0.998
                      32:-0.057
 
 I=  5/2- (5)  5.732  26:-0.216
                      28: 0.606
                      31:-0.764

             ENERGY    K= OMEGA
 
 I=  7/2- (1)  2.046  27: 0.147
                      33:-0.988
 
 I=  7/2- (2)  3.440  24: 0.100
                      27:-0.067
                      30:-0.430
                      32: 0.894
 
 I=  7/2- (3)  3.577  24:-0.328
                      30:-0.866
                      32:-0.377
 
 I=  7/2- (4)  4.017  27: 0.177
                      29: 0.983
 
 I=  7/2- (5)  4.031  26: 0.065
                      28:-0.104
                      31:-0.148
                      34:-0.874
                      36:-0.061
                      37:-0.239
                      38: 0.371

             ENERGY    K= OMEGA
 
 I=  9/2- (1)  2.541  27: 0.088
                      29:-0.171
                      33: 0.373
                      35: 0.908
 
 I=  9/2- (2)  3.140  27:-0.196
                      29:-0.103
                      33:-0.901
                      35: 0.370
 
 I=  9/2- (3)  3.754  24:-0.386
                      30: 0.533
                      32: 0.749
                      33:-0.056
 
 I=  9/2- (4)  4.795  26: 0.077
                      28:-0.405
                      31: 0.560
                      34: 0.491
                      36:-0.319
                      37:-0.323
                      38: 0.264
 
 I=  9/2- (5)  4.944  26:-0.225
                      28: 0.376
                      31:-0.420
                      34: 0.570
                      36: 0.248
                      37:-0.428
                      38: 0.250

             ENERGY    K= OMEGA
 
 I= 11/2- (1)  3.615  26: 0.547
                      28: 0.570
                      31: 0.482
                      34: 0.265
                      36: 0.224
                      37: 0.080
                      38:-0.130
 
 I= 11/2- (2)  3.686  27:-0.134
                      29:-0.231
                      33: 0.449
                      35:-0.852
 
 I= 11/2- (3)  4.456  25:-0.053
                      27: 0.231
                      29:-0.152
                      33:-0.850
                      35:-0.442
 
 I= 11/2- (4)  4.945  25:-0.998
                      35: 0.055
 
 I= 11/2- (5)  5.017  26: 0.291
                      28: 0.147
                      31: 0.074
                      34:-0.804
                      37:-0.282
                      38: 0.401

             ENERGY    K= OMEGA
 
 I= 13/2- (1)  5.066  27:-0.172
                      29: 0.273
                      33:-0.486
                      35:-0.810
 
 I= 13/2- (2)  5.395  26: 0.195
                      28:-0.556
                      31: 0.679
                      34: 0.135
                      36:-0.395
                      37:-0.056
                      38: 0.120
 
 I= 13/2- (3)  5.844  24:-0.444
                      27: 0.116
                      29: 0.058
                      30: 0.511
                      32: 0.669
                      33: 0.211
                      35:-0.180
 
 I= 13/2- (4)  6.020  24: 0.144
                      25: 0.075
                      27: 0.232
                      29: 0.182
                      30:-0.173
                      32:-0.199
                      33: 0.789
                      35:-0.442
 
 I= 13/2- (5)  6.533  25:-0.996
                      35:-0.071

             ENERGY     K=-3/2
  32 LEVELS    TIME=  0.0 SEC



 ******************* EXCITATION ENERGIES, DOMINANT CONFIGURATION AND EXPECTATION VALUES (WITH S.P. UU+VV FACTORS) *******************

  NR  Eex(keV)  I   Kdom  NY    <Jz>  <Jx**2> <Jy**2> <Jz**2> <I.j>/|I|  <Rx**2> <Ry**2> <Rz**2> <R.j>/|R|  <HROTx> <HROTy> <HROTz>

   1    0.0   7/2-  -7/2  33   -3.37    2.31    2.31   12.12    3.20       3.54    3.54    0.00   -1.51      0.432   0.432   0.000
   2  155.7   3/2-  -3/2  32   -1.24    5.03    5.03    1.99    1.34       5.30    5.30    0.00   -2.90      0.646   0.646   0.000
   3  237.7   1/2-   1/2  30    0.50    5.04    5.04    0.25    0.22       5.34    5.34    0.00   -3.10      0.652   0.652   0.000
   4  394.7   3/2-   1/2  30    0.27    4.90    4.90    0.48    0.76       5.54    5.54    0.00   -2.65      0.675   0.675   0.000
   5  439.2   5/2-  -3/2  32   -0.90    5.25    5.25    1.66    1.66       5.55    5.55    0.00   -2.18      0.677   0.677   0.000
  
   6  494.8   9/2-   9/2  35    3.14    2.51    2.51   18.79    4.08       3.98    3.98    0.00   -1.24      0.485   0.485   0.000
   7 1093.6   9/2-  -7/2  33   -2.17    2.37    2.37   13.09    2.75       7.62    7.62    0.00   -1.07      0.929   0.929   0.000
   8 1393.3   7/2-  -3/2  32   -1.10    5.07    5.07    1.89    0.93      10.22   10.22    0.00   -1.85      1.245   1.245   0.000
   9 1408.7   5/2-   1/2  30   -0.02    5.06    5.06    0.79   -0.12      10.19   10.19    0.00   -2.50      1.242   1.242   0.000
  10 1530.7   7/2-   1/2  30    0.22    4.95    4.95    0.54    0.97       9.25    9.25    0.00   -1.54      1.128   1.128   0.000
  
  11 1568.8  11/2-  -3/2  28    0.08   23.64   23.64    2.93    6.20       5.91    5.91    0.00   -3.82      0.721   0.721   0.000
  12 1639.8  11/2-   9/2  35    2.41    2.67    2.67   17.97    3.49       8.69    8.69    0.00   -0.59      1.059   1.059   0.001
  13 1707.9   9/2-  -3/2  32   -0.63    5.50    5.50    1.42    1.81       9.56    9.56    0.00   -0.78      1.165   1.165   0.000
  14 1970.5   7/2-  -7/2  29   -3.31    6.25    6.25   12.04    3.12       7.77    7.77    0.00   -3.09      0.948   0.948   0.000
  15 1984.6   7/2-   1/2  34    0.23   15.16   15.16    0.72    3.40       9.92    9.92    0.00   -3.94      1.209   1.209   0.000
  
  16 2028.0   1/2-   1/2  34    0.50   11.01   11.01    0.25    1.06      10.60   10.60    0.00   -4.64      1.292   1.292   0.000
  17 2074.4   5/2-   1/2  34    0.33   11.51   11.51    0.42    2.34       9.19    9.19    0.00   -3.86      1.120   1.120   0.000
  18 2409.7  11/2-  -7/2  33   -1.62    2.46    2.46   13.52    2.40      12.74   12.74    0.00   -0.81      1.553   1.553   0.000
  19 2410.3   5/2-   5/2  27    2.49    6.08    6.08    6.23    2.09       7.38    7.38    0.00   -3.18      0.900   0.900   0.000
  20 2748.8   9/2-   5/2  31    0.25   19.82   19.82    3.82    4.31      12.67   12.67    0.00   -4.38      1.545   1.545   0.000
  
  21 2897.1   9/2-   1/2  34    0.20   15.69   15.69    2.45    3.40      12.39   12.39    0.00   -3.40      1.510   1.510   0.000
  22 2898.9  11/2- -11/2  25   -5.47    2.75    2.75   30.19    5.05       5.55    5.55    0.00   -1.66      0.677   0.677   0.000
  23 2970.8  11/2-   1/2  34    0.14   13.64   13.64    0.67    3.19      12.80   12.80   -0.00   -1.76      1.561   1.561  -0.000
  24 3019.9  13/2-   9/2  35    1.92    2.83    2.83   17.34    3.09      14.32   14.32    0.00   -0.27      1.745   1.745   0.000
  25 3349.0  13/2-   5/2  31    0.15   23.65   23.65    5.54    5.05      15.56   15.56    0.00   -3.16      1.897   1.897   0.000
  
  26 3685.9   5/2-   5/2  31    0.93   23.60   23.60    4.48    4.34      17.37   17.37    0.00   -6.59      2.118   2.118   0.000
  27 3797.9  13/2-  -3/2  32   -0.43    5.42    5.42    2.47    1.98      17.21   17.21    0.00    0.09      2.098   2.098   0.000
  28 3947.5   1/2-   1/2  24    0.50    7.05    7.05    0.25    0.64       7.00    7.00    0.00   -3.69      0.853   0.853   0.000
  29 3973.9  13/2-  -7/2  33   -1.34    2.80    2.80   12.59    2.09      18.88   18.88    0.00   -0.59      2.302   2.302   0.000
  30 4486.8  13/2- -11/2  25   -5.44    2.75    2.75   30.13    4.31      12.10   12.10    0.00   -1.13      1.475   1.475   0.000
  
  31 5054.4   1/2-   1/2  37    0.50   15.87   15.87    0.25   -0.57      16.86   16.86    0.00   -5.59      2.056   2.056   0.000
  32 7546.2   1/2-   1/2  26    0.50   23.00   23.00    0.25   -3.45      26.49   26.49    0.00   -6.77      3.230   3.230   0.000
