1SPECTRUM OF (Z= 82 A=207) IN PARTICLE-ROTOR  MODEL WITH MODIFIED OSCILLATOR POTENTIAL


 PARITY=-   EPS= 0.540   GAMMA=  0.0   EPS4=0.000   EPS6=0.000   LEVELS:  24  25  26  27  28  29  30  31  32  33  34  35  36  37  38

 PAIRING FACTORS: GN0= 19.20  GN1=  7.40  IPAIR= 15 ***  E2PLUS(INPUT)=   0.730  E2PLUR(INPUT)=   0.000

 CORIOLIS ATTENUATION PARAMETERS:  CHSI=1.000  ETA=  1.00

 MOMENT OF INERTIA PARAMETERS:   A1=  0.122 MEV   A2=  0.122 MEV   A3=121.91924 MEV


 DELTA=0.864 MEV  LAMBDA=53.4334 MEV   HW0= 7.7011 MEV   LAMBDA/HW0= 6.9384

 E2ENERGY=0.730 MEV  HBAR**2/B=54068./A**(7/3)=9140.1/A**2 MEV

 IREC=0  =>  RECOIL TERMS j+j-, j+j+, jzjz, ETC TREATED AS ONE-BODY OPERATORS WITH UU+VV PAIRING FACTORS



 S. P. LEVEL   EQP       U     V        (UU + VV)**1.00

     24       4.613    0.094 0.996      1.000 1.000 1.000 0.993 0.990 0.960 0.941 0.871 0.422 0.417 0.384 0.371 0.309 0.213 0.196
     25       4.409    0.098 0.995      1.000 1.000 1.000 0.994 0.990 0.961 0.943 0.873 0.426 0.421 0.388 0.375 0.313 0.217 0.201
     26       3.899    0.111 0.994      1.000 1.000 1.000 0.995 0.992 0.965 0.947 0.880 0.437 0.433 0.400 0.387 0.326 0.230 0.213
     27       2.095    0.211 0.977      0.993 0.994 0.995 1.000 1.000 0.986 0.975 0.923 0.526 0.521 0.491 0.478 0.419 0.327 0.311
     28       1.888    0.235 0.972      0.990 0.990 0.992 1.000 1.000 0.990 0.980 0.932 0.547 0.542 0.512 0.500 0.442 0.350 0.334
     29       1.259    0.369 0.929      0.960 0.961 0.965 0.986 0.990 1.000 0.998 0.974 0.659 0.655 0.627 0.616 0.563 0.478 0.463
     30       1.123    0.425 0.905      0.941 0.943 0.947 0.975 0.980 0.998 1.000 0.986 0.703 0.699 0.673 0.663 0.612 0.530 0.516
     31       0.922    0.571 0.821      0.871 0.873 0.880 0.923 0.932 0.974 0.986 1.000 0.813 0.810 0.788 0.779 0.736 0.665 0.652
     32       1.371    0.942 0.334      0.422 0.426 0.437 0.526 0.547 0.659 0.703 0.813 1.000 1.000 0.999 0.998 0.993 0.976 0.972
     33       1.389    0.944 0.329      0.417 0.421 0.433 0.521 0.542 0.655 0.699 0.810 1.000 1.000 0.999 0.999 0.993 0.977 0.973
     34       1.530    0.955 0.296      0.384 0.388 0.400 0.491 0.512 0.627 0.673 0.788 0.999 0.999 1.000 1.000 0.997 0.984 0.981
     35       1.597    0.959 0.282      0.371 0.375 0.387 0.478 0.500 0.616 0.663 0.779 0.998 0.999 1.000 1.000 0.998 0.986 0.983
     36       2.029    0.976 0.218      0.309 0.313 0.326 0.419 0.442 0.563 0.612 0.736 0.993 0.993 0.997 0.998 1.000 0.995 0.993
     37       3.632    0.993 0.120      0.213 0.217 0.230 0.327 0.350 0.478 0.530 0.665 0.976 0.977 0.984 0.986 0.995 1.000 1.000
     38       4.213    0.995 0.103      0.196 0.201 0.213 0.311 0.334 0.463 0.516 0.652 0.972 0.973 0.981 0.983 0.993 1.000 1.000

  R CORE   ENERGY   A0R/A00=1.000    R3= 0     2  
   2( 1)    0.732                    1.000 0.000
   2( 2)  487.921                    0.000 1.000

  R CORE   ENERGY   A0R/A00=1.000    R3= 0     2  
   3( 1)  488.652                    0.000 1.000

  R CORE   ENERGY   A0R/A00=1.000    R3= 0     2     4  
   4( 1)    2.438                    1.000 0.000 0.000

  R CORE   ENERGY   A0R/A00=1.000    R3= 0     2     4  
   5( 1)  490.847                    0.000 1.000 0.000

  R CORE   ENERGY   A0R/A00=1.000    R3= 0     2     4     6  
   6( 1)    5.121                    1.000 0.000 0.000 0.000

  R CORE   ENERGY   A0R/A00=1.000    R3= 0     2     4     6  
   7( 1)  494.017                    0.000 1.000 0.000 0.000

          AXIAL SYMMETRY => K RESTRICTED TO OMEGA

                     K
     S.P. ORB#: 24  2.50
     S.P. ORB#: 25 -1.50
     S.P. ORB#: 26  0.50
     S.P. ORB#: 27  0.50
     S.P. ORB#: 28  2.50
     S.P. ORB#: 29  2.50
     S.P. ORB#: 30 -5.50
     S.P. ORB#: 31 -3.50
     S.P. ORB#: 32  0.50
     S.P. ORB#: 33  0.50
     S.P. ORB#: 34 -1.50
     S.P. ORB#: 35 -3.50
     S.P. ORB#: 36 -1.50
     S.P. ORB#: 37 -3.50
     S.P. ORB#: 38  4.50
 

             ENERGY    K= OMEGA
 
 I=  1/2- (1)  2.799  32:-0.999
 
 I=  1/2- (2)  4.935  27: 0.689
                      33:-0.725
 
 I=  1/2- (3)  5.764  26: 0.999
 
 I=  1/2- (4)  6.183  27: 0.725
                      33: 0.689
 
 I=  1/2- (5)147.833  34: 1.000

             ENERGY    K= OMEGA
 
 I=  3/2- (1)  2.865  32:-0.775
                      34:-0.631
 
 I=  3/2- (2)  3.110  26: 0.118
                      32:-0.625
                      34: 0.772

             ENERGY    K= OMEGA
 
 I=  5/2- (1)  3.058  29: 0.973
                      32:-0.076
                      34: 0.213
 
 I=  5/2- (2)  3.414  26:-0.174
                      29:-0.223
                      32:-0.532
                      34: 0.798
 
 I=  5/2- (3)  4.030  29: 0.055
                      32:-0.833
                      34:-0.549
 
 I=  5/2- (4)  5.267  25: 0.072
                      27:-0.705
                      28:-0.079
                      33: 0.636
                      36: 0.295
 
 I=  5/2- (5)  6.663  24: 0.051
                      26: 0.982
                      32:-0.135
                      34: 0.120

             ENERGY    K= OMEGA
 
 I=  7/2- (1)  2.665  24:-0.197
                      29: 0.115
                      31: 0.973
 
 I=  7/2- (2)  3.701  24: 0.062
                      29: 0.870
                      31:-0.077
                      32:-0.097
                      34:-0.220
                      37:-0.419
 
 I=  7/2- (3)  4.088  29: 0.159
                      32: 0.813
                      34: 0.540
                      37:-0.136
 
 I=  7/2- (4)  4.549  24: 0.054
                      26:-0.218
                      32: 0.547
                      34:-0.772
                      37: 0.227
 
 I=  7/2- (5)  4.847  29:-0.450
                      31: 0.067
                      32: 0.062
                      34:-0.181
                      37:-0.868

             ENERGY    K= OMEGA
 
 I=  9/2- (1)  3.262  24: 0.254
                      29:-0.133
                      31: 0.904
                      38:-0.313
 
 I=  9/2- (2)  4.598  24:-0.087
                      26: 0.077
                      29:-0.803
                      31:-0.105
                      32: 0.123
                      34:-0.282
                      37:-0.484
 
 I=  9/2- (3)  5.064  26: 0.273
                      29: 0.223
                      31: 0.071
                      32: 0.537
                      34:-0.727
                      37: 0.226
 
 I=  9/2- (4)  5.489  24:-0.110
                      29: 0.217
                      31:-0.258
                      37:-0.240
                      38:-0.904
 
 I=  9/2- (5)  6.059  25:-0.410
                      27: 0.462
                      28: 0.602
                      33:-0.233
                      35:-0.388
                      36:-0.225

             ENERGY    K= OMEGA
 
 I= 11/2- (1)  2.463  30:-1.000
 
 I= 11/2- (2)  4.128  24:-0.294
                      29: 0.140
                      31: 0.869
                      37:-0.051
                      38: 0.367
 
 I= 11/2- (3)  5.765  24: 0.104
                      29: 0.783
                      31:-0.121
                      32:-0.117
                      34:-0.256
                      37:-0.530
 
 I= 11/2- (4)  6.213  25:-0.469
                      27:-0.455
                      28:-0.593
                      33:-0.274
                      35:-0.335
                      36:-0.184
 
 I= 11/2- (5)  6.288  26:-0.071
                      29: 0.161
                      31:-0.058
                      32: 0.831
                      34: 0.494
                      37:-0.173

             ENERGY    K= OMEGA
 
 I= 13/2- (1)  4.044  30: 0.999
 
 I= 13/2- (2)  5.246  24: 0.325
                      29:-0.143
                      31: 0.845
                      37:-0.064
                      38:-0.388
 
 I= 13/2- (3)  7.138  24:-0.120
                      26: 0.138
                      29:-0.724
                      31:-0.109
                      32: 0.183
                      34:-0.362
                      37:-0.515
 
 I= 13/2- (4)  7.172  25:-0.499
                      27: 0.311
                      28: 0.681
                      33:-0.074
                      35:-0.400
                      36:-0.160
 
 I= 13/2- (5)  7.647  26: 0.340
                      29: 0.297
                      31: 0.102
                      32: 0.519
                      34:-0.651
                      37: 0.300

             ENERGY     K= 9/2
  32 LEVELS    TIME=  0.0 SEC



 ******************* EXCITATION ENERGIES, DOMINANT CONFIGURATION AND EXPECTATION VALUES (WITH S.P. UU+VV FACTORS) *******************

  NR  Eex(keV)  I   Kdom  NY    <Jz>  <Jx**2> <Jy**2> <Jz**2> <I.j>/|I|  <Rx**2> <Ry**2> <Rz**2> <R.j>/|R|  <HROTx> <HROTy> <HROTz>

   1    0.0  11/2- -11/2  30   -5.49    2.75    2.75   30.24    5.06       5.48    5.48    0.00   -1.65      0.668   0.668   0.000
   2  203.0   7/2-  -7/2  31   -3.19    6.50    6.50   11.93    3.48       6.54    6.54    0.00   -3.08      0.797   0.797   0.000
   3  336.5   1/2-   1/2  32    0.50    5.40    5.40    0.25    0.06       5.84    5.84   -0.00   -3.21      0.712   0.712  -0.000
   4  402.9   3/2-   1/2  32   -0.30    5.39    5.39    1.05    1.00       5.86    5.86    0.00   -2.89      0.715   0.715   0.000
   5  595.4   5/2-   5/2  29    2.30    6.15    6.15    6.03    2.11       7.29    7.29    0.00   -3.16      0.889   0.889   0.000
  
   6  647.3   3/2-  -3/2  34   -0.69    5.42    5.42    1.44    0.73       6.60    6.60   -0.00   -2.99      0.805   0.805  -0.000
   7  799.0   9/2-  -7/2  31   -2.22    6.20    6.20   12.53    3.53       7.26    7.26    0.00   -1.93      0.885   0.885   0.000
   8  951.2   5/2-  -3/2  34   -0.67    5.54    5.54    1.83    1.07       7.66    7.66   -0.00   -2.49      0.934   0.934  -0.000
   9 1238.1   7/2-   5/2  29    1.20    5.42    5.42    7.09    2.18       8.20    8.20    0.00   -2.29      1.000   1.000   0.001
  10 1567.5   5/2-   1/2  32   -0.09    5.41    5.41    0.88   -0.15      10.68   10.68   -0.00   -2.63      1.302   1.302  -0.000
  
  11 1581.3  13/2- -11/2  30   -5.48    2.75    2.75   30.21    4.34      11.95   11.95    0.00   -1.11      1.457   1.457   0.000
  12 1625.8   7/2-   1/2  32   -0.11    5.36    5.36    1.23    0.78      10.77   10.77   -0.00   -1.91      1.313   1.313  -0.000
  13 1665.1  11/2-  -7/2  31   -1.78    6.12    6.12   12.68    3.41       9.96    9.96   -0.00   -1.02      1.215   1.215  -0.000
  14 2086.3   7/2-  -3/2  34   -0.89    5.34    5.34    2.09    0.66      11.64   11.64    0.00   -2.10      1.419   1.419   0.000
  15 2136.0   9/2-   5/2  29    0.67    5.14    5.14    7.29    2.01      11.16   11.16    0.00   -1.60      1.360   1.360   0.001
  
  16 2384.6   7/2-  -7/2  37   -2.19    3.26    3.26   10.64    2.30       7.31    7.31    0.00   -2.10      0.892   0.892   0.000
  17 2472.6   1/2-   1/2  33    0.50   13.88   13.88    0.25    1.40      13.17   13.17   -0.00   -5.22      1.606   1.606  -0.000
  18 2601.9   9/2-  -3/2  34   -0.68    5.49    5.49    2.30    1.09      13.57   13.57   -0.00   -1.50      1.654   1.654  -0.000
  19 2783.3  13/2-  -7/2  31   -1.54    6.10    6.10   12.71    3.27      14.02   14.02   -0.00   -0.40      1.709   1.709  -0.000
  20 2804.9   5/2-   1/2  27    0.33   14.10   14.10    0.47    1.54      14.16   14.16    0.00   -4.53      1.727   1.727   0.000
  
  21 3026.5   9/2-   9/2  38    3.39    2.86    2.86   18.43    3.54       6.82    6.82    0.00   -1.77      0.831   0.831   0.000
  22 3301.5   1/2-   1/2  26    0.50    7.73    7.73    0.25    0.65       7.67    7.67   -0.00   -3.87      0.935   0.935  -0.000
  23 3302.5  11/2-   5/2  29    0.44    4.95    4.95    7.69    1.87      15.52   15.52    0.00   -1.16      1.892   1.892   0.001
  24 3596.6   9/2-   5/2  28    0.19   19.80   19.80    4.67    3.83      15.45   15.45    0.00   -4.53      1.884   1.884   0.000
  25 3720.9   1/2-   1/2  27    0.50   16.54   16.54    0.25   -1.27      18.14   18.14   -0.00   -5.72      2.212   2.212  -0.000
  
  26 3750.8  11/2-   5/2  28    0.25   20.39   20.39    4.21    4.15      15.55   15.55    0.00   -3.62      1.896   1.896   0.000
  27 3825.1  11/2-   1/2  32   -0.07    5.32    5.32    1.31    0.70      19.68   19.68   -0.00   -1.24      2.399   2.399  -0.000
  28 4200.0   5/2-   1/2  26    0.48    7.65    7.65    0.29    0.17      11.66   11.66   -0.00   -3.12      1.421   1.421  -0.000
  29 4675.3  13/2-   5/2  29    0.21    4.98    4.98    7.09    1.71      20.97   20.97    0.00   -0.79      2.556   2.556   0.001
  30 4709.6  13/2-   5/2  28    0.24   21.30   21.30    5.50    4.19      19.20   19.20    0.00   -3.05      2.341   2.341   0.000
  
  31 5184.1  13/2-  -3/2  34   -0.57    5.48    5.48    2.88    1.12      23.46   23.46   -0.00   -0.88      2.860   2.860  -0.000
  32*******   1/2-  -3/2  34    0.00    0.00    0.00    0.00   -0.00       0.00    0.00   -0.00   -0.00      0.000   0.000  -0.000
