1SPECTRUM OF (Z= 82 A=207) IN PARTICLE-ROTOR  MODEL WITH MODIFIED OSCILLATOR POTENTIAL


 PARITY=-   EPS= 0.499   GAMMA=  0.0   EPS4=0.000   EPS6=0.000   LEVELS:  24  25  26  27  28  29  30  31  32  33  34  35  36  37  38

 PAIRING FACTORS: GN0= 19.20  GN1=  7.40  IPAIR= 15 ***  E2PLUS(INPUT)=   0.730  E2PLUR(INPUT)=   0.000

 CORIOLIS ATTENUATION PARAMETERS:  CHSI=1.000  ETA=  1.00

 MOMENT OF INERTIA PARAMETERS:   A1=  0.122 MEV   A2=  0.122 MEV   A3=121.91924 MEV


 DELTA=0.849 MEV  LAMBDA=53.4094 MEV   HW0= 7.6537 MEV   LAMBDA/HW0= 6.9782

 E2ENERGY=0.730 MEV  HBAR**2/B=46170./A**(7/3)=7804.9/A**2 MEV

 IREC=0  =>  RECOIL TERMS j+j-, j+j+, jzjz, ETC TREATED AS ONE-BODY OPERATORS WITH UU+VV PAIRING FACTORS



 S. P. LEVEL   EQP       U     V        (UU + VV)**1.00

     24       4.755    0.090 0.996      1.000 1.000 1.000 0.987 0.984 0.978 0.970 0.951 0.542 0.481 0.346 0.321 0.262 0.240 0.215
     25       4.021    0.106 0.994      1.000 1.000 1.000 0.990 0.986 0.982 0.974 0.956 0.556 0.495 0.362 0.337 0.278 0.257 0.231
     26       3.695    0.116 0.993      1.000 1.000 1.000 0.991 0.988 0.984 0.976 0.959 0.564 0.504 0.370 0.346 0.287 0.266 0.240
     27       1.783    0.246 0.969      0.987 0.990 0.991 1.000 1.000 0.999 0.996 0.988 0.668 0.613 0.490 0.467 0.411 0.391 0.366
     28       1.644    0.268 0.963      0.984 0.986 0.988 1.000 1.000 1.000 0.998 0.991 0.685 0.631 0.510 0.487 0.432 0.412 0.387
     29       1.515    0.293 0.956      0.978 0.982 0.984 0.999 1.000 1.000 0.999 0.994 0.703 0.651 0.532 0.510 0.455 0.436 0.412
     30       1.361    0.330 0.944      0.970 0.974 0.976 0.996 0.998 0.999 1.000 0.998 0.731 0.681 0.565 0.543 0.490 0.470 0.447
     31       1.175    0.393 0.919      0.951 0.956 0.959 0.988 0.991 0.994 0.998 1.000 0.775 0.728 0.619 0.598 0.547 0.529 0.506
     32       1.033    0.886 0.464      0.542 0.556 0.564 0.668 0.685 0.703 0.731 0.775 1.000 0.998 0.976 0.970 0.953 0.946 0.937
     33       1.157    0.916 0.400      0.481 0.495 0.504 0.613 0.631 0.651 0.681 0.728 0.998 1.000 0.989 0.985 0.972 0.967 0.960
     34       1.689    0.965 0.260      0.346 0.362 0.370 0.490 0.510 0.532 0.565 0.619 0.976 0.989 1.000 1.000 0.996 0.994 0.991
     35       1.857    0.972 0.235      0.321 0.337 0.346 0.467 0.487 0.510 0.543 0.598 0.970 0.985 1.000 1.000 0.998 0.996 0.994
     36       2.473    0.985 0.174      0.262 0.278 0.287 0.411 0.432 0.455 0.490 0.547 0.953 0.972 0.996 0.998 1.000 1.000 0.999
     37       2.819    0.988 0.152      0.240 0.257 0.266 0.391 0.412 0.436 0.470 0.529 0.946 0.967 0.994 0.996 1.000 1.000 1.000
     38       3.392    0.992 0.126      0.215 0.231 0.240 0.366 0.387 0.412 0.447 0.506 0.937 0.960 0.991 0.994 0.999 1.000 1.000

  R CORE   ENERGY   A0R/A00=1.000    R3= 0     2  
   2( 1)    0.732                    1.000 0.000
   2( 2)  487.921                    0.000 1.000

  R CORE   ENERGY   A0R/A00=1.000    R3= 0     2  
   3( 1)  488.652                    0.000 1.000

  R CORE   ENERGY   A0R/A00=1.000    R3= 0     2     4  
   4( 1)    2.438                    1.000 0.000 0.000

  R CORE   ENERGY   A0R/A00=1.000    R3= 0     2     4  
   5( 1)  490.847                    0.000 1.000 0.000

  R CORE   ENERGY   A0R/A00=1.000    R3= 0     2     4     6  
   6( 1)    5.121                    1.000 0.000 0.000 0.000

  R CORE   ENERGY   A0R/A00=1.000    R3= 0     2     4     6  
   7( 1)  494.017                    0.000 1.000 0.000 0.000

          AXIAL SYMMETRY => K RESTRICTED TO OMEGA

                     K
     S.P. ORB#: 24  2.50
     S.P. ORB#: 25  0.50
     S.P. ORB#: 26 -1.50
     S.P. ORB#: 27 -5.50
     S.P. ORB#: 28  2.50
     S.P. ORB#: 29  2.50
     S.P. ORB#: 30  0.50
     S.P. ORB#: 31 -3.50
     S.P. ORB#: 32  0.50
     S.P. ORB#: 33 -1.50
     S.P. ORB#: 34 -3.50
     S.P. ORB#: 35  0.50
     S.P. ORB#: 36 -1.50
     S.P. ORB#: 37 -3.50
     S.P. ORB#: 38  4.50
 

             ENERGY    K= OMEGA
 
 I=  1/2- (1)  2.430  32: 0.999
 
 I=  1/2- (2)  4.557  30:-0.901
                      35: 0.435
 
 I=  1/2- (3)  5.843  25: 0.999
 
 I=  1/2- (4)  6.213  30:-0.435
                      35:-0.901
 
 I=  1/2- (5)147.460  33:-1.000

             ENERGY    K= OMEGA
 
 I=  3/2- (1)  2.484  32: 0.729
                      33:-0.685
 
 I=  3/2- (2)  2.717  25:-0.132
                      32:-0.677
                      33:-0.724

             ENERGY    K= OMEGA
 
 I=  5/2- (1)  2.951  25: 0.183
                      28:-0.149
                      32:-0.515
                      33:-0.823
 
 I=  5/2- (2)  3.450  28:-0.959
                      32: 0.279
 
 I=  5/2- (3)  3.662  28:-0.240
                      32:-0.798
                      33: 0.551
 
 I=  5/2- (4)  4.917  26:-0.126
                      29: 0.111
                      30: 0.810
                      35:-0.504
                      36:-0.248
 
 I=  5/2- (5)  6.457  26: 0.468
                      29:-0.834
                      35:-0.292

             ENERGY    K= OMEGA
 
 I=  7/2- (1)  2.863  24:-0.219
                      28: 0.095
                      31: 0.968
                      33: 0.059
 
 I=  7/2- (2)  3.580  28: 0.471
                      32: 0.233
                      33:-0.298
                      37:-0.796
 
 I=  7/2- (3)  3.699  28: 0.091
                      32:-0.745
                      33: 0.544
                      37:-0.370
 
 I=  7/2- (4)  4.090  24: 0.061
                      25:-0.236
                      28: 0.157
                      32:-0.595
                      33:-0.723
                      37: 0.195
 
 I=  7/2- (5)  4.551  24:-0.050
                      25:-0.058
                      28:-0.857
                      31: 0.105
                      32:-0.060
                      33:-0.235
                      37:-0.436

             ENERGY    K= OMEGA
 
 I=  9/2- (1)  3.386  24:-0.263
                      28: 0.118
                      31:-0.852
                      33:-0.068
                      37: 0.058
                      38: 0.428
 
 I=  9/2- (2)  4.398  24: 0.119
                      25:-0.183
                      28: 0.380
                      31: 0.149
                      32: 0.321
                      33: 0.521
                      37: 0.572
                      38: 0.290
 
 I=  9/2- (3)  4.590  25: 0.232
                      28: 0.173
                      31: 0.229
                      32:-0.445
                      33:-0.567
                      37: 0.534
                      38: 0.241
 
 I=  9/2- (4)  4.789  24:-0.108
                      28: 0.388
                      31:-0.295
                      37: 0.306
                      38:-0.810
 
 I=  9/2- (5)  5.631  26:-0.426
                      29: 0.581
                      30: 0.518
                      34:-0.326
                      35:-0.243
                      36:-0.214

             ENERGY    K= OMEGA
 
 I= 11/2- (1)  3.123  27:-1.000
 
 I= 11/2- (2)  4.246  24:-0.307
                      28: 0.129
                      31: 0.828
                      33: 0.072
                      37:-0.082
                      38: 0.437
 
 I= 11/2- (3)  5.618  24: 0.144
                      28: 0.474
                      31:-0.187
                      32: 0.212
                      33:-0.341
                      37:-0.705
                      38: 0.246
 
 I= 11/2- (4)  5.732  26: 0.466
                      29: 0.564
                      30: 0.537
                      34: 0.292
                      35: 0.221
                      36: 0.205
 
 I= 11/2- (5)  5.903  25:-0.089
                      28: 0.117
                      31:-0.123
                      32:-0.805
                      33: 0.454
                      37:-0.328

             ENERGY    K= OMEGA
 
 I= 13/2- (1)  4.705  27:-0.998
                      38: 0.051
 
 I= 13/2- (2)  5.363  24:-0.344
                      27: 0.062
                      28: 0.133
                      31:-0.813
                      33:-0.089
                      37: 0.089
                      38: 0.427
 
 I= 13/2- (3)  6.709  26:-0.509
                      29: 0.672
                      30: 0.340
                      34:-0.371
                      35:-0.103
                      36:-0.162
 
 I= 13/2- (4)  6.860  24: 0.118
                      25:-0.309
                      28: 0.338
                      32: 0.434
                      33: 0.637
                      37: 0.388
                      38: 0.172
 
 I= 13/2- (5)  7.220  24: 0.094
                      25: 0.221
                      28: 0.390
                      31: 0.225
                      32:-0.346
                      33:-0.354
                      37: 0.691
                      38: 0.130

             ENERGY     K= 9/2
  32 LEVELS    TIME=  0.0 SEC



 ******************* EXCITATION ENERGIES, DOMINANT CONFIGURATION AND EXPECTATION VALUES (WITH S.P. UU+VV FACTORS) *******************

  NR  Eex(keV)  I   Kdom  NY    <Jz>  <Jx**2> <Jy**2> <Jz**2> <I.j>/|I|  <Rx**2> <Ry**2> <Rz**2> <R.j>/|R|  <HROTx> <HROTy> <HROTz>

   1    0.0   1/2-   1/2  32    0.50    5.29    5.29    0.25    0.10       5.71    5.71    0.00   -3.18      0.696   0.696   0.000
   2   54.4   3/2-   1/2  32   -0.44    5.29    5.29    1.19    1.06       5.71    5.71   -0.00   -2.87      0.696   0.696  -0.000
   3  287.6   3/2-  -3/2  33   -0.55    5.30    5.30    1.30    0.72       6.43    6.43   -0.00   -2.93      0.784   0.784  -0.000
   4  433.1   7/2-  -7/2  31   -3.15    6.46    6.46   11.87    3.55       6.19    6.19    0.00   -3.04      0.755   0.755   0.001
   5  520.9   5/2-  -3/2  33   -0.81    5.42    5.42    1.75    1.24       7.01    7.01   -0.00   -2.39      0.855   0.855  -0.000
  
   6  693.2  11/2- -11/2  27   -5.49    2.75    2.75   30.24    5.06       5.49    5.49    0.00   -1.65      0.669   0.669   0.001
   7  956.8   9/2-  -7/2  31   -1.53    5.84    5.84   13.16    3.71       6.34    6.34    0.00   -1.79      0.773   0.773   0.000
   8 1020.1   5/2-   5/2  28    2.34    6.07    6.07    5.77    1.95       7.56    7.56    0.00   -3.12      0.922   0.922   0.000
   9 1150.2   7/2-  -7/2  37   -1.77    3.57    3.57    9.37    2.76       5.18    5.18   -0.00   -1.73      0.632   0.632  -0.000
  10 1232.5   5/2-   1/2  32    0.01    5.36    5.36    1.20   -0.04      10.45   10.45   -0.00   -2.63      1.274   1.274  -0.000
  
  11 1269.3   7/2-   1/2  32   -0.63    4.87    4.87    2.56    1.08       9.72    9.72   -0.00   -1.81      1.185   1.185  -0.000
  12 1660.3   7/2-  -3/2  33   -0.64    5.28    5.28    1.93    0.74      11.19   11.19   -0.00   -2.02      1.364   1.364  -0.000
  13 1816.0  11/2-  -7/2  31   -1.29    5.87    5.87   13.07    3.50       9.39    9.39    0.00   -0.91      1.144   1.144   0.000
  14 1968.8   9/2-  -7/2  37   -0.79    4.24    4.24    7.62    2.21       9.45    9.45   -0.00   -1.18      1.152   1.152  -0.000
  15 2121.1   7/2-   5/2  28    1.06    5.37    5.37    7.19    1.45      11.08   11.08   -0.00   -2.59      1.351   1.351  -0.000
  
  16 2127.6   1/2-   1/2  30    0.50   13.09   13.09    0.25    1.00      12.72   12.72    0.00   -5.07      1.551   1.551   0.000
  17 2159.9   9/2-  -3/2  33   -1.20    4.42    4.42    6.30    1.80      10.99   10.99   -0.00   -1.32      1.339   1.339  -0.000
  18 2275.1  13/2- -11/2  27   -5.47    2.76    2.76   30.19    4.33      11.96   11.96    0.00   -1.11      1.459   1.459   0.001
  19 2359.6   9/2-   9/2  38    2.72    3.46    3.46   16.49    3.28       7.77    7.77    0.00   -1.80      0.947   0.947   0.000
  20 2487.4   5/2-   1/2  30    0.37   13.75   13.75    0.48    1.60      13.63   13.63    0.00   -4.45      1.661   1.661   0.000
  
  21 2933.3  13/2-  -7/2  31   -1.21    5.96    5.96   12.87    3.31      13.67   13.67    0.00   -0.32      1.667   1.667   0.000
  22 3188.7  11/2-  -7/2  37   -1.13    3.76    3.76    9.55    2.14      13.61   13.61   -0.00   -0.82      1.660   1.660  -0.000
  23 3201.6   9/2-   5/2  29    0.30   19.47   19.47    4.01    3.77      15.09   15.09    0.00   -4.40      1.839   1.839   0.000
  24 3302.1  11/2-   5/2  29    0.28   20.06   20.06    3.70    4.11      15.24   15.24    0.00   -3.49      1.858   1.858   0.000
  25 3413.2   1/2-   1/2  25    0.50    7.56    7.56    0.25    0.66       7.49    7.49    0.00   -3.82      0.913   0.913   0.000
  
  26 3473.9  11/2-   1/2  32   -0.37    4.95    4.95    2.26    0.84      18.92   18.92    0.00   -1.16      2.306   2.306   0.000
  27 3783.3   1/2-   1/2  35    0.50   17.03   17.03    0.25   -0.83      18.25   18.25    0.00   -5.80      2.225   2.225   0.000
  28 4027.0   5/2-   5/2  29    1.45   22.01   22.01    4.86    3.59      18.19   18.19    0.00   -6.34      2.217   2.217   0.000
  29 4279.2  13/2-   5/2  29    0.28   21.42   21.42    5.18    4.23      18.85   18.85   -0.00   -3.01      2.298   2.298  -0.000
  30 4430.6  13/2-  -3/2  33   -0.55    5.11    5.11    4.26    1.57      20.63   20.63   -0.00   -0.54      2.515   2.515  -0.000
  
  31 4790.1  13/2-  -7/2  37   -1.47    4.02    4.02    8.14    1.71      20.51   20.51   -0.00   -0.66      2.500   2.500  -0.000
  32*******   1/2-  -3/2  33    0.00    0.00    0.00    0.00   -0.00       0.00    0.00    0.00   -0.00      0.000   0.000   0.000
