1SPECTRUM OF (Z= 82 A=207) IN PARTICLE-ROTOR  MODEL WITH MODIFIED OSCILLATOR POTENTIAL


 PARITY=-   EPS= 0.635   GAMMA=  0.0   EPS4=0.000   EPS6=0.000   LEVELS:  24  25  26  27  28  29  30  31  32  33  34  35  36  37  38

 PAIRING FACTORS: GN0= 19.20  GN1=  7.40  IPAIR= 15 ***  E2PLUS(INPUT)=   0.730  E2PLUR(INPUT)=   0.000

 CORIOLIS ATTENUATION PARAMETERS:  CHSI=1.000  ETA=  1.00

 MOMENT OF INERTIA PARAMETERS:   A1=  0.122 MEV   A2=  0.122 MEV   A3=121.91923 MEV


 DELTA=0.876 MEV  LAMBDA=53.7994 MEV   HW0= 7.8338 MEV   LAMBDA/HW0= 6.8676

 E2ENERGY=0.730 MEV  HBAR**2/B=74766./A**(7/3)=******/A**2 MEV

 IREC=0  =>  RECOIL TERMS j+j-, j+j+, jzjz, ETC TREATED AS ONE-BODY OPERATORS WITH UU+VV PAIRING FACTORS



 S. P. LEVEL   EQP       U     V        (UU + VV)**1.00

     24       4.444    0.099 0.995      1.000 1.000 1.000 1.000 0.999 0.885 0.740 0.597 0.527 0.469 0.414 0.298 0.282 0.213 0.185
     25       4.199    0.105 0.994      1.000 1.000 1.000 1.000 0.999 0.888 0.744 0.602 0.532 0.475 0.420 0.303 0.288 0.219 0.191
     26       3.762    0.117 0.993      1.000 1.000 1.000 1.000 1.000 0.893 0.752 0.611 0.542 0.485 0.431 0.315 0.300 0.231 0.203
     27       3.708    0.119 0.993      1.000 1.000 1.000 1.000 1.000 0.894 0.754 0.613 0.544 0.487 0.432 0.317 0.301 0.233 0.205
     28       3.021    0.147 0.989      0.999 0.999 1.000 1.000 1.000 0.906 0.772 0.635 0.567 0.511 0.457 0.343 0.328 0.260 0.232
     29       0.952    0.551 0.834      0.885 0.888 0.893 0.894 0.906 1.000 0.968 0.902 0.862 0.827 0.791 0.708 0.697 0.644 0.622
     30       0.880    0.742 0.670      0.740 0.744 0.752 0.754 0.772 0.968 1.000 0.981 0.961 0.941 0.919 0.862 0.854 0.815 0.798
     31       0.993    0.858 0.514      0.597 0.602 0.611 0.613 0.635 0.902 0.981 1.000 0.996 0.989 0.978 0.944 0.938 0.911 0.899
     32       1.108    0.898 0.440      0.527 0.532 0.542 0.544 0.567 0.862 0.961 0.996 1.000 0.998 0.992 0.968 0.964 0.943 0.933
     33       1.247    0.925 0.380      0.469 0.475 0.485 0.487 0.511 0.827 0.941 0.989 0.998 1.000 0.998 0.983 0.980 0.963 0.955
     34       1.436    0.947 0.322      0.414 0.420 0.431 0.432 0.457 0.791 0.919 0.978 0.992 0.998 1.000 0.992 0.990 0.978 0.971
     35       2.218    0.979 0.202      0.298 0.303 0.315 0.317 0.343 0.708 0.862 0.944 0.968 0.983 0.992 1.000 1.000 0.996 0.993
     36       2.400    0.983 0.186      0.282 0.288 0.300 0.301 0.328 0.697 0.854 0.938 0.964 0.980 0.990 1.000 1.000 0.997 0.995
     37       3.826    0.993 0.115      0.213 0.219 0.231 0.233 0.260 0.644 0.815 0.911 0.943 0.963 0.978 0.996 0.997 1.000 1.000
     38       5.049    0.996 0.087      0.185 0.191 0.203 0.205 0.232 0.622 0.798 0.899 0.933 0.955 0.971 0.993 0.995 1.000 1.000

  R CORE   ENERGY   A0R/A00=1.000    R3= 0     2  
   2( 1)    0.732                    1.000 0.000
   2( 2)  487.921                    0.000 1.000

  R CORE   ENERGY   A0R/A00=1.000    R3= 0     2  
   3( 1)  488.652                    0.000 1.000

  R CORE   ENERGY   A0R/A00=1.000    R3= 0     2     4  
   4( 1)    2.438                    1.000 0.000 0.000

  R CORE   ENERGY   A0R/A00=1.000    R3= 0     2     4  
   5( 1)  490.847                    0.000 1.000 0.000

  R CORE   ENERGY   A0R/A00=1.000    R3= 0     2     4     6  
   6( 1)    5.121                    1.000 0.000 0.000 0.000

  R CORE   ENERGY   A0R/A00=1.000    R3= 0     2     4     6  
   7( 1)  494.017                    0.000 1.000 0.000 0.000

          AXIAL SYMMETRY => K RESTRICTED TO OMEGA

                     K
     S.P. ORB#: 24  2.50
     S.P. ORB#: 25  0.50
     S.P. ORB#: 26  0.50
     S.P. ORB#: 27  4.50
     S.P. ORB#: 28  2.50
     S.P. ORB#: 29  0.50
     S.P. ORB#: 30  2.50
     S.P. ORB#: 31 -1.50
     S.P. ORB#: 32 -3.50
     S.P. ORB#: 33 -3.50
     S.P. ORB#: 34 -5.50
     S.P. ORB#: 35  0.50
     S.P. ORB#: 36 -1.50
     S.P. ORB#: 37 -1.50
     S.P. ORB#: 38  4.50
 

             ENERGY    K= OMEGA
 
 I=  1/2- (1)  3.708  26:-0.051
                      35:-0.999
 
 I=  1/2- (2)  4.848  25: 0.350
                      29:-0.937
 
 I=  1/2- (3)  5.714  26: 0.999
                      35:-0.051
 
 I=  1/2- (4)  8.080  25: 0.937
                      29: 0.350
 
 I=  1/2- (5)147.296  31:-1.000

             ENERGY    K= OMEGA
 
 I=  3/2- (1)  3.778  35:-0.819
                      36:-0.573
 
 I=  3/2- (2)  4.017  26:-0.120
                      35: 0.566
                      36:-0.815

             ENERGY    K= OMEGA
 
 I=  5/2- (1)  2.718  30: 0.997
                      36: 0.076
 
 I=  5/2- (2)  4.364  26: 0.195
                      30: 0.070
                      35: 0.514
                      36:-0.831
 
 I=  5/2- (3)  4.694  25:-0.469
                      29: 0.702
                      31:-0.492
                      37:-0.211
 
 I=  5/2- (4)  4.936  26:-0.061
                      35:-0.844
                      36:-0.531
 
 I=  5/2- (5)  5.947  25:-0.072
                      28: 0.109
                      29: 0.507
                      31: 0.842
                      37:-0.132

             ENERGY    K= OMEGA
 
 I=  7/2- (1)  2.982  24:-0.126
                      30: 0.251
                      32: 0.960
 
 I=  7/2- (2)  3.594  24: 0.060
                      30: 0.960
                      32:-0.245
                      36:-0.122
 
 I=  7/2- (3)  5.001  30: 0.080
                      35: 0.848
                      36: 0.520
 
 I=  7/2- (4)  5.483  24:-0.066
                      26: 0.231
                      30: 0.095
                      35:-0.505
                      36: 0.823
 
 I=  7/2- (5)  5.493  25:-0.375
                      28:-0.072
                      29:-0.815
                      31: 0.331
                      33:-0.052
                      37:-0.279

             ENERGY    K= OMEGA
 
 I=  9/2- (1)  3.931  24:-0.182
                      27: 0.054
                      30: 0.298
                      32:-0.936
 
 I=  9/2- (2)  4.696  24:-0.094
                      30:-0.938
                      32:-0.281
                      36:-0.173
 
 I=  9/2- (3)  5.456  25: 0.521
                      28: 0.060
                      29:-0.672
                      31: 0.451
                      33:-0.059
                      37: 0.257
 
 I=  9/2- (4)  6.078  24:-0.057
                      26: 0.308
                      27:-0.140
                      30: 0.160
                      35: 0.526
                      36:-0.760
 
 I=  9/2- (5)  6.124  27: 0.988
                      32: 0.063
                      35: 0.076
                      36:-0.102

             ENERGY    K= OMEGA
 
 I= 11/2- (1)  2.709  27:-0.120
                      34:-0.993
 
 I= 11/2- (2)  5.111  24:-0.226
                      27: 0.070
                      30: 0.312
                      32: 0.920
 
 I= 11/2- (3)  6.031  24:-0.120
                      30:-0.924
                      32: 0.284
                      35: 0.055
                      36: 0.217
 
 I= 11/2- (4)  6.437  25:-0.249
                      28:-0.300
                      29:-0.385
                      31: 0.244
                      33:-0.665
                      37:-0.169
                      38:-0.411
 
 I= 11/2- (5)  6.693  25: 0.370
                      28:-0.122
                      29: 0.676
                      31:-0.202
                      33:-0.441
                      37: 0.272
                      38:-0.287

             ENERGY    K= OMEGA
 
 I= 13/2- (1)  4.214  27: 0.174
                      34:-0.985
 
 I= 13/2- (2)  6.524  24:-0.263
                      27: 0.078
                      30: 0.315
                      32:-0.908
 
 I= 13/2- (3)  7.036  25: 0.316
                      28: 0.283
                      29:-0.354
                      31: 0.302
                      33:-0.635
                      37: 0.135
                      38: 0.426
 
 I= 13/2- (4)  7.216  25:-0.448
                      28: 0.155
                      29: 0.559
                      31:-0.304
                      33:-0.454
                      37:-0.256
                      38: 0.313
 
 I= 13/2- (5)  7.585  24:-0.142
                      26: 0.081
                      30:-0.900
                      32:-0.270
                      35: 0.087
                      36:-0.285

             ENERGY     K= 9/2
  32 LEVELS    TIME=  0.0 SEC



 ******************* EXCITATION ENERGIES, DOMINANT CONFIGURATION AND EXPECTATION VALUES (WITH S.P. UU+VV FACTORS) *******************

  NR  Eex(keV)  I   Kdom  NY    <Jz>  <Jx**2> <Jy**2> <Jz**2> <I.j>/|I|  <Rx**2> <Ry**2> <Rz**2> <R.j>/|R|  <HROTx> <HROTy> <HROTz>

   1    0.0  11/2- -11/2  34   -5.36    2.82    2.82   30.10    5.13       5.08    5.08    0.00   -1.59      0.619   0.619   0.001
   2    8.9   5/2-   5/2  30    2.48    6.32    6.32    6.23    2.13       7.49    7.49    0.00   -3.24      0.913   0.913   0.000
   3  273.7   7/2-  -7/2  32   -3.02    6.52    6.52   11.77    3.21       7.53    7.53    0.00   -3.11      0.918   0.918   0.000
   4  885.0   7/2-   5/2  30    2.08    6.31    6.31    6.55    1.65      10.92   10.92    0.00   -2.70      1.332   1.332   0.000
   5  999.7   1/2-   1/2  35    0.50    5.61    5.61    0.25    0.02       6.09    6.09    0.00   -3.28      0.743   0.743   0.000
  
   6 1068.9   3/2-   1/2  35   -0.16    5.61    5.61    0.91    0.93       6.15    6.15   -0.00   -2.95      0.749   0.749  -0.000
   7 1221.9   9/2-  -7/2  32   -2.75    6.57    6.57   11.54    2.72      11.18   11.18    0.00   -2.36      1.363   1.363   0.000
   8 1308.2   3/2-  -3/2  36   -0.83    5.65    5.65    1.58    0.79       6.79    6.79   -0.00   -3.08      0.828   0.828  -0.000
   9 1505.2  13/2- -11/2  34   -5.20    2.90    2.90   29.94    4.46      11.11   11.11    0.00   -0.98      1.354   1.354   0.001
  10 1655.5   5/2-  -3/2  36   -0.87    5.73    5.73    1.67    0.97       8.06    8.06   -0.00   -2.55      0.982   0.982  -0.000
  
  11 1985.4   5/2-   1/2  29   -0.07   14.47   14.47    0.83    2.50      11.85   11.85    0.00   -4.59      1.444   1.444   0.000
  12 1987.8   9/2-   5/2  30    1.90    6.30    6.30    6.60    1.35      15.24   15.24    0.00   -2.26      1.858   1.858   0.000
  13 2139.3   1/2-   1/2  29    0.50   14.99   14.99    0.25    1.32      14.35   14.35    0.00   -5.43      1.749   1.749   0.000
  14 2227.9   5/2-   1/2  35   -0.06    5.62    5.62    0.83   -0.17      10.91   10.91   -0.00   -2.69      1.330   1.330  -0.000
  15 2292.1   7/2-   1/2  35   -0.03    5.62    5.62    0.84    0.68      11.22   11.22   -0.00   -1.98      1.368   1.368  -0.000
  
  16 2402.2  11/2-  -7/2  32   -2.57    6.63    6.63   11.40    2.42      15.76   15.76    0.00   -1.82      1.921   1.921   0.000
  17 2747.3   9/2-   1/2  29   -0.04   14.25   14.25    0.87    2.63      14.00   14.00    0.00   -3.08      1.706   1.706   0.000
  18 2774.1   7/2-  -3/2  36   -0.83    5.77    5.77    1.69    0.49      12.56   12.56   -0.00   -2.26      1.531   1.531  -0.000
  19 2784.7   7/2-   1/2  29    0.12   18.26   18.26    0.69    2.70      15.76   15.76   -0.00   -4.72      1.922   1.922  -0.000
  20 3005.1   1/2-   1/2  26    0.50    8.05    8.05    0.25    0.62       8.02    8.02   -0.00   -3.95      0.978   0.978  -0.000
  
  21 3238.4   5/2-  -3/2  31   -0.93   16.78   16.78    1.77    0.69      19.99   19.99    0.00   -5.26      2.437   2.437   0.000
  22 3322.5  11/2-   5/2  30    1.82    6.28    6.28    6.54    1.16      20.51   20.51    0.00   -1.90      2.500   2.500   0.000
  23 3369.3   9/2-  -3/2  36   -0.53    5.93    5.93    1.99    0.90      14.80   14.80   -0.00   -1.72      1.804   1.804  -0.000
  24 3415.6   9/2-   9/2  27    4.37    7.59    7.59   19.86    3.99      10.05   10.05    0.00   -3.39      1.225   1.225   0.000
  25 3728.3  11/2-  -7/2  33   -0.59   20.32   20.32    9.66    4.32      17.18   17.18   -0.00   -4.17      2.095   2.095  -0.000
  
  26 3815.8  13/2-  -7/2  32   -2.44    6.68    6.68   11.30    2.21      21.29   21.29    0.00   -1.42      2.596   2.596   0.000
  27 3984.9  11/2-   1/2  29   -0.15   19.14   19.14    4.54    3.38      19.10   19.10    0.00   -3.66      2.329   2.329   0.000
  28 4327.7  13/2-  -7/2  33   -0.45   18.83   18.83    9.42    4.12      19.18   19.18   -0.00   -2.96      2.338   2.338  -0.000
  29 4507.3  13/2-   1/2  29   -0.20   16.39   16.39    5.15    3.33      20.12   20.12   -0.00   -2.32      2.453   2.453  -0.000
  30 4876.2  13/2-   5/2  30    1.71    6.27    6.27    6.30    1.05      26.49   26.49    0.00   -1.59      3.230   3.230   0.000
  
  31 5370.9   1/2-   1/2  25    0.50   15.93   15.93    0.25   -1.28      17.54   17.54   -0.00   -5.61      2.139   2.139  -0.000
  32*******   1/2-  -3/2  31    0.00    0.00    0.00    0.00    0.00       0.00    0.00    0.00   -0.00      0.000   0.000   0.000
