1SPECTRUM OF (Z= 82 A=207) IN PARTICLE-ROTOR  MODEL WITH MODIFIED OSCILLATOR POTENTIAL


 PARITY=-   EPS= 0.609   GAMMA=  0.0   EPS4=0.000   EPS6=0.000   LEVELS:  24  25  26  27  28  29  30  31  32  33  34  35  36  37  38

 PAIRING FACTORS: GN0= 19.20  GN1=  7.40  IPAIR= 15 ***  E2PLUS(INPUT)=   0.730  E2PLUR(INPUT)=   0.000

 CORIOLIS ATTENUATION PARAMETERS:  CHSI=1.000  ETA=  1.00

 MOMENT OF INERTIA PARAMETERS:   A1=  0.122 MEV   A2=  0.122 MEV   A3=121.91925 MEV


 DELTA=0.902 MEV  LAMBDA=53.6957 MEV   HW0= 7.7941 MEV   LAMBDA/HW0= 6.8893

 E2ENERGY=0.730 MEV  HBAR**2/B=68768./A**(7/3)=******/A**2 MEV

 IREC=0  =>  RECOIL TERMS j+j-, j+j+, jzjz, ETC TREATED AS ONE-BODY OPERATORS WITH UU+VV PAIRING FACTORS



 S. P. LEVEL   EQP       U     V        (UU + VV)**1.00

     24       4.514    0.100 0.995      1.000 1.000 1.000 1.000 0.998 0.841 0.772 0.633 0.557 0.491 0.451 0.332 0.312 0.213 0.192
     25       4.018    0.113 0.994      1.000 1.000 1.000 1.000 0.998 0.848 0.780 0.643 0.568 0.502 0.463 0.344 0.324 0.225 0.204
     26       3.825    0.119 0.993      1.000 1.000 1.000 1.000 0.999 0.851 0.783 0.647 0.572 0.507 0.468 0.350 0.330 0.231 0.210
     27       3.626    0.125 0.992      1.000 1.000 1.000 1.000 0.999 0.854 0.787 0.652 0.578 0.513 0.474 0.356 0.336 0.237 0.216
     28       2.723    0.168 0.986      0.998 0.998 0.999 0.999 1.000 0.876 0.813 0.684 0.613 0.549 0.511 0.396 0.376 0.279 0.258
     29       0.925    0.623 0.783      0.841 0.848 0.851 0.854 0.876 1.000 0.993 0.951 0.918 0.884 0.862 0.790 0.776 0.707 0.692
     30       0.902    0.710 0.704      0.772 0.780 0.783 0.787 0.813 0.993 1.000 0.981 0.958 0.933 0.916 0.856 0.845 0.786 0.772
     31       0.979    0.834 0.552      0.633 0.643 0.647 0.652 0.684 0.951 0.981 1.000 0.996 0.985 0.977 0.940 0.933 0.891 0.881
     32       1.085    0.882 0.471      0.557 0.568 0.572 0.578 0.613 0.918 0.958 0.996 1.000 0.997 0.992 0.968 0.963 0.930 0.922
     33       1.227    0.916 0.401      0.491 0.502 0.507 0.513 0.549 0.884 0.933 0.985 0.997 1.000 0.999 0.985 0.981 0.956 0.949
     34       1.344    0.933 0.360      0.451 0.463 0.468 0.474 0.511 0.862 0.916 0.977 0.992 0.999 1.000 0.992 0.989 0.968 0.962
     35       1.967    0.972 0.236      0.332 0.344 0.350 0.356 0.396 0.790 0.856 0.940 0.968 0.985 0.992 1.000 1.000 0.992 0.989
     36       2.144    0.977 0.215      0.312 0.324 0.330 0.336 0.376 0.776 0.845 0.933 0.963 0.981 0.989 1.000 1.000 0.995 0.992
     37       3.990    0.994 0.114      0.213 0.225 0.231 0.237 0.279 0.707 0.786 0.891 0.930 0.956 0.968 0.992 0.995 1.000 1.000
     38       4.919    0.996 0.092      0.192 0.204 0.210 0.216 0.258 0.692 0.772 0.881 0.922 0.949 0.962 0.989 0.992 1.000 1.000

  R CORE   ENERGY   A0R/A00=1.000    R3= 0     2  
   2( 1)    0.732                    1.000 0.000
   2( 2)  487.921                    0.000 1.000

  R CORE   ENERGY   A0R/A00=1.000    R3= 0     2  
   3( 1)  488.652                    0.000 1.000

  R CORE   ENERGY   A0R/A00=1.000    R3= 0     2     4  
   4( 1)    2.438                    1.000 0.000 0.000

  R CORE   ENERGY   A0R/A00=1.000    R3= 0     2     4  
   5( 1)  490.847                    0.000 1.000 0.000

  R CORE   ENERGY   A0R/A00=1.000    R3= 0     2     4     6  
   6( 1)    5.121                    1.000 0.000 0.000 0.000

  R CORE   ENERGY   A0R/A00=1.000    R3= 0     2     4     6  
   7( 1)  494.017                    0.000 1.000 0.000 0.000

          AXIAL SYMMETRY => K RESTRICTED TO OMEGA

                     K
     S.P. ORB#: 24  2.50
     S.P. ORB#: 25  4.50
     S.P. ORB#: 26  0.50
     S.P. ORB#: 27  0.50
     S.P. ORB#: 28  2.50
     S.P. ORB#: 29  2.50
     S.P. ORB#: 30  0.50
     S.P. ORB#: 31 -3.50
     S.P. ORB#: 32 -5.50
     S.P. ORB#: 33 -1.50
     S.P. ORB#: 34 -3.50
     S.P. ORB#: 35  0.50
     S.P. ORB#: 36 -1.50
     S.P. ORB#: 37 -1.50
     S.P. ORB#: 38 -3.50
 

             ENERGY    K= OMEGA
 
 I=  1/2- (1)  3.441  35: 0.999
 
 I=  1/2- (2)  4.780  27:-0.374
                      30: 0.927
 
 I=  1/2- (3)  5.755  26: 0.999
 
 I=  1/2- (4)  7.493  27: 0.927
                      30: 0.374
 
 I=  1/2- (5)147.531  33: 1.000

             ENERGY    K= OMEGA
 
 I=  3/2- (1)  3.510  35: 0.809
                      36: 0.587
 
 I=  3/2- (2)  3.751  26: 0.118
                      35:-0.581
                      36: 0.806

             ENERGY    K= OMEGA
 
 I=  5/2- (1)  2.756  29: 0.996
                      36: 0.083
 
 I=  5/2- (2)  4.085  26: 0.187
                      29: 0.077
                      35: 0.521
                      36:-0.829
 
 I=  5/2- (3)  4.671  26:-0.054
                      35:-0.841
                      36:-0.536
 
 I=  5/2- (4)  4.685  27:-0.476
                      30: 0.759
                      33: 0.363
                      37:-0.256
 
 I=  5/2- (5)  6.071  28: 0.119
                      30: 0.401
                      33:-0.900
                      37:-0.121

             ENERGY    K= OMEGA
 
 I=  7/2- (1)  2.826  24:-0.148
                      29: 0.196
                      31: 0.969
 
 I=  7/2- (2)  3.460  24:-0.058
                      29:-0.942
                      31: 0.185
                      36: 0.117
                      38: 0.248
 
 I=  7/2- (3)  4.730  29:-0.072
                      35:-0.838
                      36:-0.536
 
 I=  7/2- (4)  5.208  24:-0.062
                      26: 0.226
                      29: 0.073
                      35:-0.521
                      36: 0.814
                      38:-0.069
 
 I=  7/2- (5)  5.356  27:-0.337
                      30:-0.858
                      33:-0.160
                      37:-0.349

             ENERGY    K= OMEGA
 
 I=  9/2- (1)  3.736  24:-0.208
                      29: 0.272
                      31:-0.937
                      38: 0.051
 
 I=  9/2- (2)  4.387  24: 0.094
                      29: 0.890
                      31: 0.254
                      36: 0.147
                      38: 0.332
 
 I=  9/2- (3)  5.453  27: 0.506
                      30:-0.722
                      33:-0.345
                      37: 0.322
 
 I=  9/2- (4)  5.770  24: 0.054
                      26:-0.298
                      29:-0.113
                      35:-0.534
                      36: 0.774
                      38:-0.091
 
 I=  9/2- (5)  6.431  25: 0.996
                      31: 0.055
                      38:-0.053

             ENERGY    K= OMEGA
 
 I= 11/2- (1)  2.322  25:-0.137
                      32:-0.990
 
 I= 11/2- (2)  4.866  24:-0.252
                      25: 0.061
                      29: 0.322
                      31: 0.906
                      38:-0.087
 
 I= 11/2- (3)  5.545  24:-0.126
                      29:-0.847
                      31: 0.299
                      36: 0.163
                      38: 0.384
 
 I= 11/2- (4)  6.447  27:-0.404
                      28:-0.079
                      30:-0.800
                      33:-0.192
                      34:-0.053
                      37:-0.389
 
 I= 11/2- (5)  6.930  26: 0.065
                      29:-0.084
                      35:-0.853
                      36:-0.502
                      38: 0.077

             ENERGY    K= OMEGA
 
 I= 13/2- (1)  3.788  25: 0.197
                      32:-0.980
 
 I= 13/2- (2)  6.223  24:-0.286
                      25: 0.063
                      29: 0.355
                      31:-0.879
                      38: 0.119
 
 I= 13/2- (3)  6.932  24: 0.156
                      25:-0.052
                      29: 0.807
                      31: 0.327
                      35:-0.051
                      36: 0.190
                      38: 0.416
 
 I= 13/2- (4)  7.152  27:-0.517
                      30: 0.703
                      33: 0.329
                      37:-0.360
 
 I= 13/2- (5)  8.380  26:-0.381
                      29:-0.131
                      31:-0.084
                      35:-0.529
                      36: 0.728
                      38:-0.134

             ENERGY     K=-7/2
  32 LEVELS    TIME=  0.0 SEC



 ******************* EXCITATION ENERGIES, DOMINANT CONFIGURATION AND EXPECTATION VALUES (WITH S.P. UU+VV FACTORS) *******************

  NR  Eex(keV)  I   Kdom  NY    <Jz>  <Jx**2> <Jy**2> <Jz**2> <I.j>/|I|  <Rx**2> <Ry**2> <Rz**2> <R.j>/|R|  <HROTx> <HROTy> <HROTz>

   1    0.0  11/2- -11/2  32   -5.31    2.84    2.84   30.06    5.17       4.84    4.84    0.00   -1.56      0.591   0.591   0.000
   2  433.8   5/2-   5/2  29    2.47    6.28    6.28    6.22    2.13       7.46    7.46   -0.00   -3.23      0.910   0.910  -0.000
   3  504.3   7/2-  -7/2  31   -3.14    6.52    6.52   11.89    3.30       7.26    7.26    0.00   -3.11      0.886   0.886   0.001
   4 1119.5   1/2-   1/2  35    0.50    5.55    5.55    0.25    0.03       6.03    6.03    0.00   -3.26      0.735   0.735   0.000
   5 1138.2   7/2-   5/2  29    1.87    5.99    5.99    6.77    2.01       9.25    9.25   -0.00   -2.50      1.128   1.128  -0.000
  
   6 1188.6   3/2-   1/2  35   -0.19    5.56    5.56    0.94    0.94       6.07    6.07    0.00   -2.93      0.741   0.741   0.000
   7 1414.1   9/2-  -7/2  31   -2.78    6.62    6.62   11.57    2.85      10.62   10.62    0.00   -2.31      1.295   1.295   0.001
   8 1429.3   3/2-  -3/2  36   -0.80    5.59    5.59    1.55    0.78       6.74    6.74   -0.00   -3.06      0.822   0.822  -0.000
   9 1465.9  13/2- -11/2  32   -5.11    2.94    2.94   29.85    4.53      10.62   10.62    0.00   -0.89      1.294   1.294   0.000
  10 1762.9   5/2-  -3/2  36   -0.86    5.67    5.67    1.67    1.00       7.93    7.93   -0.00   -2.53      0.967   0.967  -0.000
  
  11 2065.1   9/2-   5/2  29    1.36    5.76    5.76    7.22    1.94      12.11   12.11    0.00   -1.85      1.477   1.477   0.000
  12 2348.8   5/2-   1/2  35   -0.07    5.57    5.57    0.84   -0.16      10.85   10.85   -0.00   -2.68      1.323   1.323  -0.000
  13 2363.1   5/2-   1/2  30    0.11   14.51   14.51    0.65    2.45      11.98   11.98   -0.00   -4.58      1.460   1.460  -0.000
  14 2408.6   7/2-   1/2  35   -0.07    5.56    5.56    0.89    0.70      11.10   11.10   -0.00   -1.96      1.354   1.354  -0.000
  15 2458.5   1/2-   1/2  30    0.50   14.97   14.97    0.25    1.31      14.34   14.34   -0.00   -5.43      1.749   1.749  -0.000
  
  16 2544.6  11/2-  -7/2  31   -2.47    6.68    6.68   11.28    2.56      14.87   14.87    0.00   -1.71      1.813   1.813   0.001
  17 2886.2   7/2-  -3/2  36   -0.83    5.69    5.69    1.69    0.52      12.35   12.35   -0.00   -2.22      1.506   1.506  -0.000
  18 3034.2   7/2-   1/2  30    0.21   18.02   18.02    0.57    2.72      15.40   15.40    0.00   -4.65      1.877   1.877   0.000
  19 3130.8   9/2-   1/2  30    0.05   14.42   14.42    0.70    2.58      14.33   14.33   -0.00   -3.12      1.747   1.747  -0.000
  20 3223.7  11/2-   5/2  29    0.97    5.59    5.59    7.59    1.86      16.11   16.11    0.00   -1.34      1.964   1.964   0.000
  
  21 3433.2   1/2-   1/2  26    0.50    7.97    7.97    0.25    0.63       7.93    7.93    0.00   -3.93      0.967   0.967   0.000
  22 3448.6   9/2-  -3/2  36   -0.71    5.78    5.78    1.68    0.92      14.42   14.42   -0.00   -1.61      1.758   1.758  -0.000
  23 3749.2   5/2-  -3/2  33   -1.12   16.95   16.95    1.98    0.84      19.82   19.82   -0.00   -5.30      2.417   2.417  -0.000
  24 3901.3  13/2-  -7/2  31   -2.22    6.73    6.73   11.05    2.37      20.07   20.07    0.00   -1.26      2.447   2.447   0.001
  25 4109.5   9/2-   9/2  25    4.45    7.61    7.61   20.16    4.04       9.95    9.95    0.00   -3.42      1.213   1.213   0.000
  
  26 4125.2  11/2-   1/2  30    0.12   18.11   18.11    0.70    2.92      18.90   18.90    0.00   -3.17      2.304   2.304   0.000
  27 4608.5  11/2-   1/2  35   -0.02    5.55    5.55    0.91    0.63      20.09   20.09    0.00   -1.30      2.449   2.449   0.000
  28 4610.0  13/2-   5/2  29    0.67    5.47    5.47    7.80    1.80      21.16   21.16   -0.00   -0.95      2.579   2.579  -0.000
  29 4830.5  13/2-   1/2  30    0.02   14.41   14.41    0.73    2.62      20.86   20.86   -0.00   -1.74      2.544   2.544  -0.000
  30 5170.8   1/2-   1/2  27    0.50   15.84   15.84    0.25   -1.24      17.42   17.42    0.00   -5.59      2.124   2.124   0.000
  
  31 6058.1  13/2-  -3/2  36   -0.62    5.89    5.89    1.75    0.93      24.66   24.66    0.00   -1.00      3.007   3.007   0.000
  32*******   1/2-  -3/2  33    0.00    0.00    0.00    0.00   -0.00       0.00    0.00    0.00   -0.00      0.000   0.000   0.000
