1SPECTRUM OF (Z= 82 A=207) IN PARTICLE-ROTOR  MODEL WITH MODIFIED OSCILLATOR POTENTIAL


 PARITY=-   EPS= 0.599   GAMMA=  0.0   EPS4=0.000   EPS6=0.000   LEVELS:  24  25  26  27  28  29  30  31  32  33  34  35  36  37  38

 PAIRING FACTORS: GN0= 19.20  GN1=  7.40  IPAIR= 15 ***  E2PLUS(INPUT)=   0.730  E2PLUR(INPUT)=   0.000

 CORIOLIS ATTENUATION PARAMETERS:  CHSI=1.000  ETA=  1.00

 MOMENT OF INERTIA PARAMETERS:   A1=  0.122 MEV   A2=  0.122 MEV   A3=121.91923 MEV


 DELTA=0.912 MEV  LAMBDA=53.6502 MEV   HW0= 7.7795 MEV   LAMBDA/HW0= 6.8964

 E2ENERGY=0.730 MEV  HBAR**2/B=66528./A**(7/3)=******/A**2 MEV

 IREC=0  =>  RECOIL TERMS j+j-, j+j+, jzjz, ETC TREATED AS ONE-BODY OPERATORS WITH UU+VV PAIRING FACTORS



 S. P. LEVEL   EQP       U     V        (UU + VV)**1.00

     24       4.531    0.101 0.995      1.000 1.000 1.000 0.999 0.997 0.868 0.715 0.673 0.625 0.458 0.443 0.347 0.325 0.213 0.197
     25       4.126    0.111 0.994      1.000 1.000 1.000 1.000 0.998 0.873 0.722 0.680 0.633 0.467 0.452 0.356 0.334 0.223 0.207
     26       3.839    0.120 0.993      1.000 1.000 1.000 1.000 0.998 0.877 0.728 0.686 0.640 0.474 0.460 0.364 0.342 0.231 0.215
     27       3.400    0.135 0.991      0.999 1.000 1.000 1.000 0.999 0.885 0.739 0.698 0.652 0.488 0.474 0.379 0.357 0.246 0.231
     28       2.602    0.178 0.984      0.997 0.998 0.998 0.999 1.000 0.904 0.767 0.728 0.684 0.525 0.512 0.418 0.397 0.288 0.272
     29       0.964    0.582 0.813      0.868 0.873 0.877 0.885 0.904 1.000 0.968 0.951 0.930 0.839 0.830 0.766 0.751 0.670 0.658
     30       0.927    0.768 0.641      0.715 0.722 0.728 0.739 0.767 0.968 1.000 0.998 0.993 0.949 0.943 0.903 0.893 0.835 0.826
     31       0.954    0.804 0.594      0.673 0.680 0.686 0.698 0.728 0.951 0.998 1.000 0.998 0.966 0.961 0.927 0.918 0.866 0.858
     32       1.000    0.840 0.543      0.625 0.633 0.640 0.652 0.684 0.930 0.993 0.998 1.000 0.980 0.977 0.949 0.941 0.896 0.888
     33       1.340    0.931 0.366      0.458 0.467 0.474 0.488 0.525 0.839 0.949 0.966 0.980 1.000 1.000 0.993 0.990 0.966 0.962
     34       1.389    0.937 0.350      0.443 0.452 0.460 0.474 0.512 0.830 0.943 0.961 0.977 1.000 1.000 0.994 0.992 0.970 0.966
     35       1.883    0.968 0.250      0.347 0.356 0.364 0.379 0.418 0.766 0.903 0.927 0.949 0.993 0.994 1.000 1.000 0.990 0.988
     36       2.058    0.974 0.227      0.325 0.334 0.342 0.357 0.397 0.751 0.893 0.918 0.941 0.990 0.992 1.000 1.000 0.993 0.991
     37       4.064    0.994 0.113      0.213 0.223 0.231 0.246 0.288 0.670 0.835 0.866 0.896 0.966 0.970 0.990 0.993 1.000 1.000
     38       4.733    0.995 0.097      0.197 0.207 0.215 0.231 0.272 0.658 0.826 0.858 0.888 0.962 0.966 0.988 0.991 1.000 1.000

  R CORE   ENERGY   A0R/A00=1.000    R3= 0     2  
   2( 1)    0.732                    1.000 0.000
   2( 2)  487.921                    0.000 1.000

  R CORE   ENERGY   A0R/A00=1.000    R3= 0     2  
   3( 1)  488.652                    0.000 1.000

  R CORE   ENERGY   A0R/A00=1.000    R3= 0     2     4  
   4( 1)    2.438                    1.000 0.000 0.000

  R CORE   ENERGY   A0R/A00=1.000    R3= 0     2     4  
   5( 1)  490.847                    0.000 1.000 0.000

  R CORE   ENERGY   A0R/A00=1.000    R3= 0     2     4     6  
   6( 1)    5.121                    1.000 0.000 0.000 0.000

  R CORE   ENERGY   A0R/A00=1.000    R3= 0     2     4     6  
   7( 1)  494.017                    0.000 1.000 0.000 0.000

          AXIAL SYMMETRY => K RESTRICTED TO OMEGA

                     K
     S.P. ORB#: 24  2.50
     S.P. ORB#: 25  4.50
     S.P. ORB#: 26  0.50
     S.P. ORB#: 27  0.50
     S.P. ORB#: 28  2.50
     S.P. ORB#: 29  2.50
     S.P. ORB#: 30  0.50
     S.P. ORB#: 31 -3.50
     S.P. ORB#: 32 -5.50
     S.P. ORB#: 33 -1.50
     S.P. ORB#: 34 -3.50
     S.P. ORB#: 35  0.50
     S.P. ORB#: 36 -1.50
     S.P. ORB#: 37 -1.50
     S.P. ORB#: 38 -3.50
 

             ENERGY    K= OMEGA
 
 I=  1/2- (1)  3.351  35: 0.999
 
 I=  1/2- (2)  4.797  27:-0.389
                      30: 0.921
 
 I=  1/2- (3)  5.760  26: 0.999
 
 I=  1/2- (4)  7.261  27: 0.921
                      30: 0.389
 
 I=  1/2- (5)147.643  33: 1.000

             ENERGY    K= OMEGA
 
 I=  3/2- (1)  3.420  35: 0.805
                      36: 0.593
 
 I=  3/2- (2)  3.661  26: 0.118
                      35:-0.586
                      36: 0.801

             ENERGY    K= OMEGA
 
 I=  5/2- (1)  2.791  29: 0.996
                      36: 0.087
 
 I=  5/2- (2)  3.988  26: 0.186
                      29: 0.082
                      35: 0.523
                      36:-0.827
 
 I=  5/2- (3)  4.581  26:-0.053
                      35:-0.840
                      36:-0.538
 
 I=  5/2- (4)  4.709  27:-0.478
                      30: 0.768
                      33: 0.330
                      37:-0.270
 
 I=  5/2- (5)  6.152  28: 0.126
                      30: 0.377
                      33:-0.908
                      37:-0.122

             ENERGY    K= OMEGA
 
 I=  7/2- (1)  2.787  24:-0.156
                      29: 0.175
                      31: 0.972
 
 I=  7/2- (2)  3.493  24:-0.058
                      29:-0.942
                      31: 0.161
                      36: 0.123
                      38: 0.259
 
 I=  7/2- (3)  4.640  29:-0.077
                      35:-0.836
                      36:-0.539
 
 I=  7/2- (4)  5.114  24:-0.061
                      26: 0.226
                      29: 0.074
                      35:-0.525
                      36: 0.811
                      38:-0.076
 
 I=  7/2- (5)  5.336  27:-0.332
                      30:-0.857
                      33:-0.132
                      37:-0.366

             ENERGY    K= OMEGA
 
 I=  9/2- (1)  3.684  24:-0.221
                      25: 0.050
                      29: 0.238
                      31:-0.944
 
 I=  9/2- (2)  4.418  24: 0.090
                      29: 0.894
                      31: 0.216
                      36: 0.155
                      38: 0.345
 
 I=  9/2- (3)  5.475  27:-0.498
                      30: 0.732
                      33: 0.314
                      37:-0.343
 
 I=  9/2- (4)  5.667  24: 0.052
                      26:-0.296
                      29:-0.119
                      31:-0.052
                      35:-0.537
                      36: 0.771
                      38:-0.098
 
 I=  9/2- (5)  6.539  25: 0.992
                      31: 0.053
                      35: 0.054
                      38:-0.084

             ENERGY    K= OMEGA
 
 I= 11/2- (1)  2.216  25: 0.147
                      32: 0.989
 
 I= 11/2- (2)  4.802  24:-0.269
                      25: 0.061
                      29: 0.276
                      31: 0.918
                      38:-0.069
 
 I= 11/2- (3)  5.576  24: 0.118
                      29: 0.856
                      31:-0.248
                      36:-0.169
                      38:-0.399
 
 I= 11/2- (4)  6.418  27:-0.392
                      28:-0.076
                      30:-0.802
                      33:-0.164
                      34:-0.050
                      37:-0.410
 
 I= 11/2- (5)  6.839  26: 0.066
                      29:-0.089
                      35:-0.851
                      36:-0.503
                      38: 0.083

             ENERGY    K= OMEGA
 
 I= 13/2- (1)  3.659  25: 0.210
                      32:-0.977
 
 I= 13/2- (2)  6.145  24:-0.306
                      25: 0.063
                      29: 0.300
                      31:-0.895
                      38: 0.093
 
 I= 13/2- (3)  6.961  24: 0.142
                      26:-0.054
                      29: 0.821
                      31: 0.264
                      35:-0.058
                      36: 0.200
                      38: 0.432
 
 I= 13/2- (4)  7.173  27:-0.502
                      30: 0.714
                      33: 0.298
                      37:-0.386
 
 I= 13/2- (5)  8.268  26: 0.379
                      29: 0.140
                      31: 0.089
                      35: 0.531
                      36:-0.724
                      38: 0.143

             ENERGY     K=-7/2
  32 LEVELS    TIME=  0.0 SEC



 ******************* EXCITATION ENERGIES, DOMINANT CONFIGURATION AND EXPECTATION VALUES (WITH S.P. UU+VV FACTORS) *******************

  NR  Eex(keV)  I   Kdom  NY    <Jz>  <Jx**2> <Jy**2> <Jz**2> <I.j>/|I|  <Rx**2> <Ry**2> <Rz**2> <R.j>/|R|  <HROTx> <HROTy> <HROTz>

   1    0.0  11/2- -11/2  32   -5.28    2.86    2.86   30.03    5.19       4.71    4.71    0.00   -1.53      0.574   0.574   0.000
   2  571.1   7/2-  -7/2  31   -3.17    6.52    6.52   11.92    3.33       7.16    7.16    0.00   -3.11      0.873   0.873   0.001
   3  575.0   5/2-   5/2  29    2.47    6.27    6.27    6.22    2.13       7.45    7.45    0.00   -3.23      0.908   0.908   0.000
   4 1135.5   1/2-   1/2  35    0.50    5.53    5.53    0.25    0.04       6.00    6.00   -0.00   -3.26      0.732   0.732  -0.000
   5 1204.4   3/2-   1/2  35   -0.20    5.53    5.53    0.95    0.95       6.05    6.05    0.00   -2.93      0.737   0.737   0.000
  
   6 1277.2   7/2-   5/2  29    1.88    5.95    5.95    6.74    2.01       9.22    9.22    0.00   -2.48      1.124   1.124   0.000
   7 1443.2  13/2- -11/2  32   -5.06    2.97    2.97   29.80    4.57      10.34   10.34    0.00   -0.84      1.260   1.260   0.000
   8 1445.1   3/2-  -3/2  36   -0.78    5.57    5.57    1.53    0.77       6.72    6.72    0.00   -3.05      0.819   0.819   0.000
   9 1468.2   9/2-  -7/2  31   -2.85    6.62    6.62   11.64    2.89      10.42   10.42    0.00   -2.30      1.271   1.271   0.000
  10 1772.5   5/2-  -3/2  36   -0.85    5.65    5.65    1.67    1.01       7.87    7.87    0.00   -2.51      0.960   0.960   0.000
  
  11 2202.2   9/2-   5/2  29    1.41    5.71    5.71    7.15    1.93      12.08   12.08    0.00   -1.83      1.472   1.472   0.000
  12 2365.0   5/2-   1/2  35   -0.07    5.55    5.55    0.84   -0.16      10.83   10.83    0.00   -2.67      1.320   1.320   0.000
  13 2424.0   7/2-   1/2  35   -0.08    5.54    5.54    0.90    0.70      11.07   11.07    0.00   -1.95      1.350   1.350   0.000
  14 2492.8   5/2-   1/2  30    0.14   14.58   14.58    0.61    2.43      12.07   12.07   -0.00   -4.60      1.471   1.471  -0.000
  15 2581.1   1/2-   1/2  30    0.50   14.96   14.96    0.25    1.29      14.34   14.34    0.00   -5.42      1.748   1.748   0.000
  
  16 2585.9  11/2-  -7/2  31   -2.58    6.70    6.70   11.39    2.62      14.60   14.60    0.00   -1.69      1.780   1.780   0.001
  17 2898.7   7/2-  -3/2  36   -0.82    5.66    5.66    1.70    0.53      12.29   12.29    0.00   -2.20      1.498   1.498   0.000
  18 3120.7   7/2-   1/2  30    0.20   17.91   17.91    0.58    2.74      15.19   15.19    0.00   -4.63      1.853   1.853   0.000
  19 3259.7   9/2-   1/2  30    0.07   14.55   14.55    0.69    2.58      14.46   14.46   -0.00   -3.16      1.763   1.763  -0.000
  20 3360.2  11/2-   5/2  29    1.06    5.53    5.53    7.47    1.85      16.10   16.10    0.00   -1.32      1.962   1.962   0.000
  
  21 3451.1   9/2-  -3/2  36   -0.70    5.76    5.76    1.69    0.94      14.30   14.30    0.00   -1.60      1.744   1.744   0.000
  22 3544.8   1/2-   1/2  26    0.50    7.94    7.94    0.25    0.63       7.90    7.90   -0.00   -3.92      0.963   0.963  -0.000
  23 3929.6  13/2-  -7/2  31   -2.37    6.76    6.76   11.20    2.44      19.72   19.72    0.00   -1.23      2.405   2.405   0.000
  24 3936.0   5/2-  -3/2  33   -1.15   16.99   16.99    2.02    0.90      19.71   19.71    0.00   -5.31      2.403   2.403   0.000
  25 4202.1  11/2-   1/2  30    0.11   17.99   17.99    0.71    2.93      18.71   18.71   -0.00   -3.14      2.281   2.281  -0.000
  
  26 4323.1   9/2-   9/2  25    4.40    7.59    7.59   20.06    4.03       9.97    9.97    0.00   -3.41      1.215   1.215   0.000
  27 4623.6  11/2-   1/2  35   -0.02    5.53    5.53    0.93    0.64      20.05   20.05    0.00   -1.29      2.445   2.445   0.000
  28 4745.2  13/2-   5/2  29    0.79    5.41    5.41    7.63    1.78      21.16   21.16    0.00   -0.92      2.580   2.580   0.000
  29 4957.1  13/2-   1/2  30    0.02   14.58   14.58    0.73    2.62      21.00   21.00    0.00   -1.79      2.560   2.560   0.000
  30 5045.5   1/2-   1/2  27    0.50   15.81   15.81    0.25   -1.22      17.37   17.37    0.00   -5.59      2.118   2.118   0.000
  
  31 6052.6  13/2-  -3/2  36   -0.62    5.86    5.86    1.79    0.95      24.50   24.50    0.00   -0.98      2.987   2.987   0.000
  32*******   1/2-  -3/2  33    0.00    0.00    0.00    0.00   -0.00       0.00    0.00    0.00   -0.00      0.000   0.000   0.000
