1SPECTRUM OF (Z= 82 A=207) IN PARTICLE-ROTOR  MODEL WITH MODIFIED OSCILLATOR POTENTIAL


 PARITY=-   EPS= 0.480   GAMMA=  0.0   EPS4=0.000   EPS6=0.000   LEVELS:  24  25  26  27  28  29  30  31  32  33  34  35  36  37  38

 PAIRING FACTORS: GN0= 19.20  GN1=  7.40  IPAIR= 15 ***  E2PLUS(INPUT)=   0.730  E2PLUR(INPUT)=   0.000

 CORIOLIS ATTENUATION PARAMETERS:  CHSI=1.000  ETA=  1.00

 MOMENT OF INERTIA PARAMETERS:   A1=  0.122 MEV   A2=  0.122 MEV   A3=121.91923 MEV


 DELTA=0.848 MEV  LAMBDA=53.4465 MEV   HW0= 7.6336 MEV   LAMBDA/HW0= 7.0015

 E2ENERGY=0.730 MEV  HBAR**2/B=42721./A**(7/3)=7221.8/A**2 MEV

 IREC=0  =>  RECOIL TERMS j+j-, j+j+, jzjz, ETC TREATED AS ONE-BODY OPERATORS WITH UU+VV PAIRING FACTORS



 S. P. LEVEL   EQP       U     V        (UU + VV)**1.00

     24       4.858    0.088 0.996      1.000 1.000 0.999 0.994 0.989 0.971 0.970 0.940 0.633 0.559 0.342 0.295 0.264 0.248 0.230
     25       4.114    0.104 0.995      1.000 1.000 1.000 0.995 0.991 0.975 0.974 0.946 0.646 0.572 0.357 0.310 0.279 0.264 0.245
     26       3.412    0.125 0.992      0.999 1.000 1.000 0.997 0.994 0.979 0.978 0.953 0.662 0.590 0.377 0.331 0.300 0.285 0.266
     27       2.167    0.200 0.980      0.994 0.995 0.997 1.000 0.999 0.992 0.991 0.973 0.717 0.649 0.446 0.401 0.371 0.356 0.338
     28       1.873    0.233 0.973      0.989 0.991 0.994 0.999 1.000 0.996 0.995 0.980 0.740 0.674 0.476 0.432 0.402 0.388 0.370
     29       1.389    0.323 0.947      0.971 0.975 0.979 0.992 0.996 1.000 1.000 0.994 0.800 0.740 0.556 0.514 0.486 0.472 0.455
     30       1.368    0.328 0.945      0.970 0.974 0.978 0.991 0.995 1.000 1.000 0.995 0.803 0.744 0.561 0.519 0.491 0.477 0.460
     31       1.110    0.421 0.907      0.940 0.946 0.953 0.973 0.980 0.994 0.995 1.000 0.859 0.808 0.641 0.603 0.576 0.563 0.547
     32       0.911    0.826 0.563      0.633 0.646 0.662 0.717 0.740 0.800 0.803 0.859 1.000 0.996 0.944 0.926 0.913 0.907 0.899
     33       1.001    0.875 0.484      0.559 0.572 0.590 0.649 0.674 0.740 0.744 0.808 0.996 1.000 0.970 0.957 0.947 0.942 0.935
     34       1.702    0.966 0.258      0.342 0.357 0.377 0.446 0.476 0.556 0.561 0.641 0.944 0.970 1.000 0.999 0.997 0.995 0.993
     35       2.062    0.978 0.210      0.295 0.310 0.331 0.401 0.432 0.514 0.519 0.603 0.926 0.957 0.999 1.000 0.999 0.999 0.998
     36       2.419    0.984 0.178      0.264 0.279 0.300 0.371 0.402 0.486 0.491 0.576 0.913 0.947 0.997 0.999 1.000 1.000 0.999
     37       2.644    0.987 0.162      0.248 0.264 0.285 0.356 0.388 0.472 0.477 0.563 0.907 0.942 0.995 0.999 1.000 1.000 1.000
     38       2.985    0.990 0.144      0.230 0.245 0.266 0.338 0.370 0.455 0.460 0.547 0.899 0.935 0.993 0.998 0.999 1.000 1.000

  R CORE   ENERGY   A0R/A00=1.000    R3= 0     2  
   2( 1)    0.732                    1.000 0.000
   2( 2)  487.921                    0.000 1.000

  R CORE   ENERGY   A0R/A00=1.000    R3= 0     2  
   3( 1)  488.652                    0.000 1.000

  R CORE   ENERGY   A0R/A00=1.000    R3= 0     2     4  
   4( 1)    2.438                    1.000 0.000 0.000

  R CORE   ENERGY   A0R/A00=1.000    R3= 0     2     4  
   5( 1)  490.847                    0.000 1.000 0.000

  R CORE   ENERGY   A0R/A00=1.000    R3= 0     2     4     6  
   6( 1)    5.121                    1.000 0.000 0.000 0.000

  R CORE   ENERGY   A0R/A00=1.000    R3= 0     2     4     6  
   7( 1)  494.017                    0.000 1.000 0.000 0.000

          AXIAL SYMMETRY => K RESTRICTED TO OMEGA

                     K
     S.P. ORB#: 24  2.50
     S.P. ORB#: 25  0.50
     S.P. ORB#: 26 -1.50
     S.P. ORB#: 27 -5.50
     S.P. ORB#: 28  2.50
     S.P. ORB#: 29  2.50
     S.P. ORB#: 30 -3.50
     S.P. ORB#: 31  0.50
     S.P. ORB#: 32  0.50
     S.P. ORB#: 33 -1.50
     S.P. ORB#: 34 -3.50
     S.P. ORB#: 35  0.50
     S.P. ORB#: 36 -3.50
     S.P. ORB#: 37 -1.50
     S.P. ORB#: 38  4.50
 

             ENERGY    K= OMEGA
 
 I=  1/2- (1)  2.292  32: 0.999
 
 I=  1/2- (2)  4.330  31: 0.923
                      35:-0.384
 
 I=  1/2- (3)  5.914  25: 0.999
 
 I=  1/2- (4)  6.352  31:-0.384
                      35:-0.923
 
 I=  1/2- (5)147.304  33: 1.000

             ENERGY    K= OMEGA
 
 I=  3/2- (1)  2.331  32: 0.679
                      33:-0.734
 
 I=  3/2- (2)  2.552  25:-0.145
                      32:-0.725
                      33:-0.673

             ENERGY    K= OMEGA
 
 I=  5/2- (1)  2.758  24:-0.050
                      25: 0.197
                      28:-0.085
                      32:-0.515
                      33:-0.828
 
 I=  5/2- (2)  3.488  25: 0.060
                      28: 0.257
                      32:-0.825
                      33: 0.498
 
 I=  5/2- (3)  3.694  28:-0.961
                      32:-0.176
                      33: 0.209
 
 I=  5/2- (4)  4.667  26:-0.124
                      29: 0.104
                      31: 0.825
                      35:-0.482
                      37:-0.246
 
 I=  5/2- (5)  6.364  26: 0.479
                      29:-0.842
                      35:-0.244

             ENERGY    K= OMEGA
 
 I=  7/2- (1)  3.029  24:-0.229
                      28: 0.065
                      30: 0.955
                      33: 0.116
                      36: 0.126
 
 I=  7/2- (2)  3.290  28: 0.302
                      30: 0.113
                      33:-0.086
                      36:-0.941
 
 I=  7/2- (3)  3.533  28:-0.063
                      30:-0.092
                      32:-0.756
                      33: 0.631
                      36:-0.122
 
 I=  7/2- (4)  3.881  24: 0.055
                      25:-0.260
                      28: 0.129
                      30: 0.061
                      32:-0.621
                      33:-0.718
                      36: 0.088
 
 I=  7/2- (5)  4.676  24:-0.063
                      28:-0.939
                      30: 0.105
                      33:-0.164
                      36:-0.274

             ENERGY    K= OMEGA
 
 I=  9/2- (1)  3.433  24:-0.236
                      28: 0.111
                      30:-0.746
                      33:-0.090
                      36: 0.121
                      38: 0.593
 
 I=  9/2- (2)  4.132  24: 0.154
                      25:-0.184
                      28: 0.241
                      30: 0.269
                      32: 0.304
                      33: 0.491
                      36: 0.608
                      38: 0.329
 
 I=  9/2- (3)  4.325  25: 0.251
                      28: 0.093
                      30: 0.272
                      32:-0.452
                      33:-0.582
                      36: 0.546
                      38: 0.107
 
 I=  9/2- (4)  4.518  24:-0.144
                      28: 0.312
                      30:-0.424
                      32: 0.051
                      36: 0.418
                      38:-0.722
 
 I=  9/2- (5)  5.408  26: 0.405
                      29:-0.536
                      31:-0.570
                      34: 0.290
                      35: 0.290
                      37: 0.236

             ENERGY    K= OMEGA
 
 I= 11/2- (1)  3.506  27:-0.999
 
 I= 11/2- (2)  4.309  24:-0.291
                      28: 0.126
                      30: 0.765
                      33: 0.092
                      36:-0.129
                      38: 0.536
 
 I= 11/2- (3)  5.378  24: 0.178
                      28: 0.327
                      30:-0.285
                      32: 0.139
                      33:-0.303
                      36:-0.760
                      38: 0.300
 
 I= 11/2- (4)  5.455  26:-0.445
                      29:-0.525
                      31:-0.592
                      34:-0.266
                      35:-0.224
                      37:-0.233
 
 I= 11/2- (5)  5.733  25:-0.097
                      28: 0.050
                      30:-0.104
                      32:-0.813
                      33: 0.477
                      36:-0.293

             ENERGY    K= OMEGA
 
 I= 13/2- (1)  5.086  27:-0.992
                      30:-0.080
                      38: 0.087
 
 I= 13/2- (2)  5.438  24:-0.335
                      27: 0.121
                      28: 0.128
                      30:-0.766
                      33:-0.125
                      36: 0.123
                      38: 0.485
 
 I= 13/2- (3)  6.494  26: 0.502
                      29:-0.659
                      31:-0.363
                      34: 0.363
                      35: 0.132
                      37: 0.178
 
 I= 13/2- (4)  6.556  24:-0.114
                      25: 0.344
                      28:-0.233
                      32:-0.466
                      33:-0.659
                      36:-0.338
                      38:-0.218
 
 I= 13/2- (5)  6.965  24: 0.133
                      25: 0.193
                      28: 0.291
                      30: 0.300
                      32:-0.295
                      33:-0.278
                      36: 0.758
                      38: 0.178

             ENERGY     K= 9/2
  32 LEVELS    TIME=  0.0 SEC



 ******************* EXCITATION ENERGIES, DOMINANT CONFIGURATION AND EXPECTATION VALUES (WITH S.P. UU+VV FACTORS) *******************

  NR  Eex(keV)  I   Kdom  NY    <Jz>  <Jx**2> <Jy**2> <Jz**2> <I.j>/|I|  <Rx**2> <Ry**2> <Rz**2> <R.j>/|R|  <HROTx> <HROTy> <HROTz>

   1    0.0   1/2-   1/2  32    0.50    5.25    5.25    0.25    0.13       5.64    5.64   -0.00   -3.17      0.687   0.687  -0.000
   2   38.9   3/2-  -3/2  33   -0.58    5.23    5.23    1.33    1.11       5.62    5.62    0.00   -2.88      0.685   0.685   0.000
   3  260.0   3/2-   1/2  32   -0.41    5.24    5.24    1.16    0.73       6.28    6.28    0.00   -2.88      0.766   0.766   0.000
   4  465.7   5/2-  -3/2  33   -0.85    5.38    5.38    1.68    1.31       6.74    6.74    0.00   -2.34      0.821   0.821   0.000
   5  737.7   7/2-  -7/2  30   -3.13    6.33    6.33   11.76    3.55       6.01    6.01    0.00   -2.98      0.732   0.732   0.000
  
   6  998.7   7/2-  -7/2  36   -2.93    2.77    2.77   11.60    3.17       3.88    3.88    0.00   -1.64      0.474   0.474   0.000
   7 1141.0   9/2-  -7/2  30   -0.25    5.08    5.08   14.56    3.92       5.26    5.26    0.00   -1.62      0.641   0.641   0.000
   8 1195.8   5/2-   1/2  32    0.14    5.31    5.31    1.15    0.04      10.13   10.13   -0.00   -2.59      1.235   1.235  -0.000
   9 1214.4  11/2- -11/2  27   -5.48    2.75    2.75   30.23    5.06       5.49    5.49    0.00   -1.65      0.669   0.669   0.000
  10 1241.6   7/2-   1/2  32   -0.38    5.19    5.19    1.36    0.83      10.45   10.45   -0.00   -1.85      1.274   1.274  -0.000
  
  11 1402.3   5/2-   5/2  28    2.26    6.06    6.06    5.89    1.91       7.73    7.73   -0.00   -3.14      0.943   0.943  -0.000
  12 1589.3   7/2-  -3/2  33   -0.54    5.32    5.32    1.54    0.76      10.93   10.93    0.00   -1.96      1.333   1.333   0.000
  13 1840.4   9/2-  -7/2  36   -1.16    4.00    4.00    8.69    2.41       8.72    8.72    0.00   -1.12      1.063   1.063   0.000
  14 2017.3  11/2-  -7/2  30   -0.58    5.42    5.42   13.88    3.58       8.85    8.85    0.00   -0.79      1.079   1.079   0.000
  15 2033.5   9/2-  -3/2  33   -1.60    4.51    4.51    5.69    1.77      10.91   10.91    0.00   -1.26      1.330   1.330   0.000
  
  16 2038.1   1/2-   1/2  31    0.50   12.92   12.92    0.25    0.92      12.63   12.63   -0.00   -5.03      1.540   1.540  -0.000
  17 2226.0   9/2-   9/2  38    1.40    3.74    3.74   15.65    3.16       8.21    8.21    0.00   -1.83      1.000   1.000   0.000
  18 2374.9   5/2-   1/2  31    0.37   13.53   13.53    0.47    1.69      13.14   13.14   -0.00   -4.39      1.602   1.602  -0.000
  19 2383.8   7/2-   5/2  28    1.87    5.80    5.80    6.65    1.41      11.38   11.38   -0.00   -2.65      1.387   1.387  -0.000
  20 2794.1  13/2- -11/2  27   -5.40    2.78    2.78   30.02    4.33      11.95   11.95    0.00   -1.10      1.457   1.457   0.000
  
  21 3086.2  11/2-  -7/2  36   -1.68    3.36    3.36   10.98    2.32      12.84   12.84    0.00   -0.75      1.566   1.566   0.000
  22 3116.4   9/2-   1/2  31    0.30   18.71   18.71    3.42    3.60      14.87   14.87   -0.00   -4.20      1.813   1.813  -0.000
  23 3145.8  13/2-  -7/2  30   -0.83    5.65    5.65   13.43    3.35      13.38   13.38    0.00   -0.27      1.632   1.632   0.000
  24 3163.4  11/2-   1/2  31    0.27   19.66   19.66    3.26    4.05      14.93   14.93    0.00   -3.36      1.820   1.820   0.000
  25 3440.9  11/2-   1/2  32   -0.33    4.96    4.96    1.92    0.80      18.99   18.99    0.00   -1.14      2.315   2.315   0.000
  
  26 3622.1   1/2-   1/2  25    0.50    7.47    7.47    0.25    0.65       7.41    7.41    0.00   -3.80      0.903   0.903   0.000
  27 4060.0   1/2-   1/2  35    0.50   17.04   17.04    0.25   -0.73      18.17   18.17   -0.00   -5.80      2.215   2.215  -0.000
  28 4072.0   5/2-   5/2  29    1.46   22.32   22.32    4.96    3.67      18.33   18.33   -0.00   -6.40      2.234   2.234  -0.000
  29 4202.1  13/2-   5/2  29    0.28   21.36   21.36    5.01    4.24      18.62   18.62   -0.00   -2.97      2.270   2.270  -0.000
  30 4264.6  13/2-  -3/2  33   -0.50    5.15    5.15    3.86    1.66      19.90   19.90    0.00   -0.41      2.426   2.426   0.000
  
  31 4672.8  13/2-  -7/2  36   -1.98    3.60    3.60    9.63    1.87      19.70   19.70    0.00   -0.59      2.401   2.401   0.000
  32*******   1/2-  -3/2  33    0.00    0.00    0.00    0.00    0.00       0.00    0.00   -0.00   -0.00      0.000   0.000  -0.000
