1SPECTRUM OF (Z= 82 A=207) IN PARTICLE-ROTOR  MODEL WITH MODIFIED OSCILLATOR POTENTIAL


 PARITY=-   EPS= 0.431   GAMMA=  0.0   EPS4=0.000   EPS6=0.000   LEVELS:  24  25  26  27  28  29  30  31  32  33  34  35  36  37  38

 PAIRING FACTORS: GN0= 19.20  GN1=  7.40  IPAIR= 15 ***  E2PLUS(INPUT)=   0.730  E2PLUR(INPUT)=   0.000

 CORIOLIS ATTENUATION PARAMETERS:  CHSI=1.000  ETA=  1.00

 MOMENT OF INERTIA PARAMETERS:   A1=  0.122 MEV   A2=  0.122 MEV   A3=121.91924 MEV


 DELTA=0.850 MEV  LAMBDA=53.4858 MEV   HW0= 7.5865 MEV   LAMBDA/HW0= 7.0501

 E2ENERGY=0.730 MEV  HBAR**2/B=34444./A**(7/3)=5822.6/A**2 MEV

 IREC=0  =>  RECOIL TERMS j+j-, j+j+, jzjz, ETC TREATED AS ONE-BODY OPERATORS WITH UU+VV PAIRING FACTORS



 S. P. LEVEL   EQP       U     V        (UU + VV)**1.00

     24       4.262    0.100 0.995      1.000 1.000 0.999 0.998 0.997 0.991 0.934 0.850 0.785 0.677 0.384 0.338 0.308 0.257 0.235
     25       3.935    0.109 0.994      1.000 1.000 1.000 0.998 0.997 0.992 0.937 0.854 0.790 0.683 0.392 0.346 0.316 0.265 0.243
     26       3.115    0.138 0.990      0.999 1.000 1.000 1.000 0.999 0.995 0.946 0.869 0.807 0.704 0.419 0.373 0.344 0.293 0.271
     27       2.638    0.163 0.987      0.998 0.998 1.000 1.000 1.000 0.997 0.955 0.882 0.822 0.722 0.442 0.397 0.368 0.318 0.296
     28       2.408    0.179 0.984      0.997 0.997 0.999 1.000 1.000 0.998 0.959 0.889 0.832 0.734 0.457 0.412 0.383 0.333 0.312
     29       1.861    0.235 0.972      0.991 0.992 0.995 0.997 0.998 1.000 0.974 0.914 0.862 0.771 0.506 0.463 0.435 0.386 0.365
     30       1.058    0.450 0.893      0.934 0.937 0.946 0.955 0.959 0.974 1.000 0.982 0.955 0.896 0.689 0.653 0.629 0.586 0.567
     31       0.880    0.609 0.793      0.850 0.854 0.869 0.882 0.889 0.914 0.982 1.000 0.994 0.963 0.813 0.783 0.763 0.728 0.712
     32       0.850    0.695 0.719      0.785 0.790 0.807 0.822 0.832 0.862 0.955 0.994 1.000 0.987 0.874 0.849 0.832 0.801 0.787
     33       0.886    0.800 0.600      0.677 0.683 0.704 0.722 0.734 0.771 0.896 0.963 0.987 1.000 0.940 0.922 0.909 0.885 0.874
     34       1.533    0.957 0.290      0.384 0.392 0.419 0.442 0.457 0.506 0.689 0.813 0.874 0.940 1.000 0.999 0.997 0.991 0.988
     35       1.809    0.970 0.242      0.338 0.346 0.373 0.397 0.412 0.463 0.653 0.783 0.849 0.922 0.999 1.000 1.000 0.996 0.994
     36       2.057    0.977 0.211      0.308 0.316 0.344 0.368 0.383 0.435 0.629 0.763 0.832 0.909 0.997 1.000 1.000 0.999 0.997
     37       2.709    0.987 0.159      0.257 0.265 0.293 0.318 0.333 0.386 0.586 0.728 0.801 0.885 0.991 0.996 0.999 1.000 1.000
     38       3.152    0.991 0.136      0.235 0.243 0.271 0.296 0.312 0.365 0.567 0.712 0.787 0.874 0.988 0.994 0.997 1.000 1.000

  R CORE   ENERGY   A0R/A00=1.000    R3= 0     2  
   2( 1)    0.732                    1.000 0.000
   2( 2)  487.921                    0.000 1.000

  R CORE   ENERGY   A0R/A00=1.000    R3= 0     2  
   3( 1)  488.652                    0.000 1.000

  R CORE   ENERGY   A0R/A00=1.000    R3= 0     2     4  
   4( 1)    2.438                    1.000 0.000 0.000

  R CORE   ENERGY   A0R/A00=1.000    R3= 0     2     4  
   5( 1)  490.847                    0.000 1.000 0.000

  R CORE   ENERGY   A0R/A00=1.000    R3= 0     2     4     6  
   6( 1)    5.121                    1.000 0.000 0.000 0.000

  R CORE   ENERGY   A0R/A00=1.000    R3= 0     2     4     6  
   7( 1)  494.017                    0.000 1.000 0.000 0.000

          AXIAL SYMMETRY => K RESTRICTED TO OMEGA

                     K
     S.P. ORB#: 24  0.50
     S.P. ORB#: 25  0.50
     S.P. ORB#: 26 -5.50
     S.P. ORB#: 27 -1.50
     S.P. ORB#: 28  2.50
     S.P. ORB#: 29 -3.50
     S.P. ORB#: 30  2.50
     S.P. ORB#: 31  0.50
     S.P. ORB#: 32 -1.50
     S.P. ORB#: 33  0.50
     S.P. ORB#: 34 -3.50
     S.P. ORB#: 35 -3.50
     S.P. ORB#: 36  4.50
     S.P. ORB#: 37  0.50
     S.P. ORB#: 38 -1.50
 

             ENERGY    K= OMEGA
 
 I=  1/2- (1)  2.216  31:-0.999
 
 I=  1/2- (2)  3.671  25: 0.241
                      33:-0.921
                      37: 0.306
 
 I=  1/2- (3)  6.000  24: 0.999
 
 I=  1/2- (4)  6.719  25: 0.258
                      33:-0.243
                      37:-0.935
 
 I=  1/2- (5) 10.095  25:-0.935
                      33:-0.305
                      37:-0.179

             ENERGY    K= OMEGA
 
 I=  3/2- (1)  2.179  31: 0.455
                      32:-0.890
 
 I=  3/2- (2)  2.397  24: 0.182
                      31: 0.878
                      32: 0.443

             ENERGY    K= OMEGA
 
 I=  5/2- (1)  2.504  24: 0.238
                      31:-0.497
                      32:-0.834
 
 I=  5/2- (2)  3.398  24: 0.065
                      28: 0.061
                      31:-0.849
                      32: 0.521
 
 I=  5/2- (3)  3.814  25:-0.194
                      33: 0.828
                      37:-0.451
                      38:-0.271
 
 I=  5/2- (4)  4.209  28:-0.997
                      32: 0.069
 
 I=  5/2- (5)  5.875  25:-0.194
                      27: 0.580
                      30:-0.790

             ENERGY    K= OMEGA
 
 I=  7/2- (1)  2.441  28: 0.154
                      34:-0.987
 
 I=  7/2- (2)  3.413  28: 0.066
                      31: 0.645
                      32:-0.760
 
 I=  7/2- (3)  3.590  24: 0.319
                      28:-0.065
                      29:-0.070
                      31: 0.725
                      32: 0.602
 
 I=  7/2- (4)  3.783  28:-0.166
                      29:-0.981
                      32:-0.088
 
 I=  7/2- (5)  4.005  25: 0.064
                      27:-0.139
                      30:-0.156
                      33:-0.874
                      35:-0.058
                      37:-0.251
                      38:-0.350

             ENERGY    K= OMEGA
 
 I=  9/2- (1)  2.967  28:-0.097
                      29: 0.218
                      34:-0.374
                      36:-0.896
 
 I=  9/2- (2)  3.542  28:-0.203
                      29:-0.130
                      32:-0.079
                      34:-0.894
                      36: 0.366
 
 I=  9/2- (3)  3.844  24: 0.365
                      31:-0.541
                      32:-0.749
                      34: 0.105
 
 I=  9/2- (4)  4.664  25: 0.131
                      27: 0.073
                      30:-0.143
                      33:-0.767
                      35: 0.072
                      37: 0.493
                      38: 0.346
 
 I=  9/2- (5)  4.948  28: 0.253
                      29:-0.934
                      31:-0.055
                      36:-0.246

             ENERGY    K= OMEGA
 
 I= 11/2- (1)  3.887  25:-0.484
                      27:-0.557
                      30:-0.480
                      33:-0.374
                      35:-0.209
                      37:-0.119
                      38:-0.167
 
 I= 11/2- (2)  4.099  26:-0.128
                      28:-0.141
                      29:-0.284
                      34: 0.429
                      36:-0.836
 
 I= 11/2- (3)  4.461  26: 0.990
                      34: 0.104
                      36:-0.081
 
 I= 11/2- (4)  4.865  26: 0.057
                      28: 0.237
                      29:-0.190
                      32:-0.064
                      34:-0.850
                      36:-0.422
 
 I= 11/2- (5)  5.317  25:-0.344
                      27:-0.205
                      30:-0.168
                      33: 0.762
                      35:-0.095
                      37: 0.289
                      38: 0.371

             ENERGY    K= OMEGA
 
 I= 13/2- (1)  5.475  26: 0.114
                      28:-0.178
                      29: 0.328
                      32:-0.051
                      34:-0.457
                      36:-0.797
 
 I= 13/2- (2)  5.687  25:-0.172
                      27: 0.557
                      30:-0.673
                      33:-0.203
                      35: 0.369
                      37: 0.094
                      38: 0.143
 
 I= 13/2- (3)  6.017  24: 0.422
                      26:-0.309
                      28:-0.087
                      31:-0.512
                      32:-0.662
                      34:-0.095
                      36: 0.093
 
 I= 13/2- (4)  6.048  24:-0.142
                      26:-0.940
                      31: 0.173
                      32: 0.219
                      34:-0.103
                      36:-0.079
 
 I= 13/2- (5)  6.429  24: 0.061
                      26:-0.091
                      28: 0.251
                      29: 0.231
                      31:-0.083
                      32:-0.074
                      34: 0.819
                      36:-0.434

             ENERGY     K=-3/2
  32 LEVELS    TIME=  0.0 SEC



 ******************* EXCITATION ENERGIES, DOMINANT CONFIGURATION AND EXPECTATION VALUES (WITH S.P. UU+VV FACTORS) *******************

  NR  Eex(keV)  I   Kdom  NY    <Jz>  <Jx**2> <Jy**2> <Jz**2> <I.j>/|I|  <Rx**2> <Ry**2> <Rz**2> <R.j>/|R|  <HROTx> <HROTy> <HROTz>

   1    0.0   3/2-  -3/2  32   -1.08    5.11    5.11    1.83    1.28       5.41    5.41   -0.00   -2.91      0.660   0.660  -0.000
   2   36.7   1/2-   1/2  31    0.50    5.12    5.12    0.25    0.20       5.45    5.45    0.00   -3.13      0.664   0.664   0.000
   3  217.7   3/2-   1/2  31    0.11    5.03    5.03    0.64    0.74       5.78    5.78   -0.00   -2.72      0.705   0.705  -0.000
   4  262.0   7/2-  -7/2  34   -3.36    2.33    2.33   12.10    3.18       3.64    3.64   -0.00   -1.54      0.444   0.444  -0.000
   5  324.3   5/2-  -3/2  32   -0.89    5.31    5.31    1.65    1.54       5.95    5.95   -0.00   -2.23      0.725   0.725  -0.000
  
   6  787.6   9/2-   9/2  36    2.98    2.60    2.60   18.61    4.06       4.06    4.06    0.00   -1.26      0.495   0.495   0.000
   7 1218.4   5/2-   1/2  31   -0.04    5.14    5.14    0.81   -0.12      10.28   10.28   -0.00   -2.52      1.253   1.253  -0.000
   8 1233.8   7/2-  -3/2  32   -0.66    5.10    5.10    1.46    0.83      10.42   10.42   -0.00   -1.83      1.271   1.271  -0.000
   9 1362.7   9/2-  -7/2  34   -2.16    2.44    2.44   12.97    2.72       7.79    7.79   -0.00   -1.10      0.950   0.950  -0.000
  10 1410.4   7/2-   1/2  31   -0.24    5.14    5.14    1.06    0.97       9.70    9.70   -0.00   -1.70      1.182   1.182  -0.000
  
  11 1491.6   1/2-   1/2  33    0.50   10.40   10.40    0.25    1.05      10.00   10.00    0.00   -4.51      1.219   1.219   0.000
  12 1603.9   7/2-  -7/2  29   -3.31    6.28    6.28   11.99    3.10       7.85    7.85    0.00   -3.09      0.957   0.957   0.001
  13 1634.4   5/2-   1/2  33    0.35   11.06   11.06    0.40    2.13       9.33    9.33    0.00   -3.75      1.138   1.138   0.000
  14 1664.3   9/2-  -3/2  32   -0.66    5.50    5.50    1.52    1.67      10.33   10.33   -0.00   -0.93      1.260   1.260  -0.000
  15 1708.0  11/2-  -3/2  27    0.11   23.59   23.59    2.83    6.09       6.46    6.46    0.00   -3.78      0.788   0.788   0.000
  
  16 1825.5   7/2-   1/2  33    0.25   15.08   15.08    0.72    3.11      10.96   10.96    0.00   -3.96      1.337   1.337   0.000
  17 1919.4  11/2-   9/2  36    2.17    2.80    2.80   18.01    3.50       8.74    8.74    0.00   -0.64      1.065   1.065   0.000
  18 2029.6   5/2-   5/2  28    2.48    6.11    6.11    6.22    2.09       7.42    7.42    0.00   -3.18      0.905   0.905   0.000
  19 2281.4  11/2- -11/2  26   -5.40    2.75    2.75   29.94    5.01       5.63    5.63    0.00   -1.63      0.686   0.686   0.000
  20 2484.8   9/2-   1/2  33    0.27   12.23   12.23    0.69    2.55      12.28   12.28    0.00   -2.52      1.497   1.497   0.000
  
  21 2685.8  11/2-  -7/2  34   -1.74    2.53    2.53   13.35    2.35      13.02   13.02   -0.00   -0.85      1.588   1.588  -0.000
  22 2768.9   9/2-  -7/2  29   -2.62    6.02    6.02   12.31    2.43      12.48   12.48    0.00   -2.46      1.521   1.521   0.001
  23 3137.9  11/2-   1/2  33    0.16   12.93   12.93    0.89    2.81      14.44   14.44    0.00   -1.85      1.760   1.760   0.000
  24 3295.3  13/2-   9/2  36    1.75    2.98    2.98   17.33    3.09      14.46   14.46    0.00   -0.32      1.763   1.763   0.000
  25 3507.4  13/2-   5/2  30    0.20   23.14   23.14    5.27    4.89      16.00   16.00    0.00   -3.08      1.950   1.950   0.000
  
  26 3695.4   5/2-   5/2  30    1.07   23.25   23.25    4.67    4.34      17.13   17.13   -0.00   -6.55      2.088   2.088  -0.000
  27 3820.7   1/2-   1/2  24    0.50    7.21    7.21    0.25    0.63       7.16    7.16    0.00   -3.73      0.873   0.873   0.000
  28 3837.4  13/2-  -3/2  32   -0.94    5.37    5.37    4.33    2.04      17.66   17.66    0.00   -0.14      2.153   2.153   0.000
  29 3868.7  13/2- -11/2  26   -4.92    3.04    3.04   27.11    4.04      12.76   12.76    0.00   -0.99      1.556   1.556   0.000
  30 4249.5  13/2-  -7/2  34   -1.58    2.66    2.66   13.35    2.06      19.31   19.31   -0.00   -0.69      2.355   2.355  -0.000
  
  31 4539.5   1/2-   1/2  37    0.50   15.70   15.70    0.25   -0.40      16.55   16.55    0.00   -5.56      2.018   2.018   0.000
  32 7915.3   1/2-   1/2  25    0.50   23.05   23.05    0.25   -3.50      26.58   26.58    0.00   -6.77      3.241   3.241   0.000
