1SPECTRUM OF (Z= 82 A=207) IN PARTICLE-ROTOR  MODEL WITH MODIFIED OSCILLATOR POTENTIAL


 PARITY=-   EPS= 0.478   GAMMA=  0.0   EPS4=0.000   EPS6=0.000   LEVELS:  24  25  26  27  28  29  30  31  32  33  34  35  36  37  38

 PAIRING FACTORS: GN0= 19.20  GN1=  7.40  IPAIR= 15 ***  E2PLUS(INPUT)=   0.730  E2PLUR(INPUT)=   0.000

 CORIOLIS ATTENUATION PARAMETERS:  CHSI=1.000  ETA=  1.00

 MOMENT OF INERTIA PARAMETERS:   A1=  0.122 MEV   A2=  0.122 MEV   A3=121.91924 MEV


 DELTA=0.848 MEV  LAMBDA=53.4492 MEV   HW0= 7.6315 MEV   LAMBDA/HW0= 7.0037

 E2ENERGY=0.730 MEV  HBAR**2/B=42365./A**(7/3)=7161.8/A**2 MEV

 IREC=0  =>  RECOIL TERMS j+j-, j+j+, jzjz, ETC TREATED AS ONE-BODY OPERATORS WITH UU+VV PAIRING FACTORS



 S. P. LEVEL   EQP       U     V        (UU + VV)**1.00

     24       4.867    0.087 0.996      1.000 1.000 0.999 0.994 0.990 0.971 0.970 0.936 0.643 0.568 0.341 0.292 0.266 0.247 0.231
     25       4.122    0.103 0.995      1.000 1.000 1.000 0.996 0.992 0.975 0.974 0.941 0.655 0.581 0.356 0.308 0.282 0.262 0.247
     26       3.381    0.126 0.992      0.999 1.000 1.000 0.998 0.994 0.980 0.979 0.949 0.673 0.599 0.377 0.330 0.304 0.285 0.269
     27       2.207    0.196 0.981      0.994 0.996 0.998 1.000 0.999 0.991 0.991 0.969 0.723 0.654 0.442 0.395 0.370 0.351 0.336
     28       1.896    0.230 0.973      0.990 0.992 0.994 0.999 1.000 0.995 0.995 0.977 0.746 0.680 0.472 0.427 0.402 0.384 0.369
     29       1.388    0.323 0.947      0.971 0.975 0.980 0.991 0.995 1.000 1.000 0.993 0.807 0.748 0.555 0.512 0.489 0.471 0.457
     30       1.374    0.326 0.945      0.970 0.974 0.979 0.991 0.995 1.000 1.000 0.993 0.810 0.750 0.559 0.515 0.492 0.474 0.460
     31       1.085    0.433 0.901      0.936 0.941 0.949 0.969 0.977 0.993 0.993 1.000 0.872 0.822 0.651 0.611 0.589 0.573 0.560
     32       0.902    0.819 0.574      0.643 0.655 0.673 0.723 0.746 0.807 0.810 0.872 1.000 0.995 0.939 0.920 0.909 0.901 0.894
     33       0.988    0.870 0.493      0.568 0.581 0.599 0.654 0.680 0.748 0.750 0.822 0.995 1.000 0.967 0.953 0.945 0.938 0.932
     34       1.704    0.966 0.257      0.341 0.356 0.377 0.442 0.472 0.555 0.559 0.651 0.939 0.967 1.000 0.999 0.997 0.995 0.993
     35       2.086    0.978 0.208      0.292 0.308 0.330 0.395 0.427 0.512 0.515 0.611 0.920 0.953 0.999 1.000 1.000 0.999 0.998
     36       2.379    0.983 0.181      0.266 0.282 0.304 0.370 0.402 0.489 0.492 0.589 0.909 0.945 0.997 1.000 1.000 1.000 0.999
     37       2.664    0.987 0.161      0.247 0.262 0.285 0.351 0.384 0.471 0.474 0.573 0.901 0.938 0.995 0.999 1.000 1.000 1.000
     38       2.944    0.989 0.146      0.231 0.247 0.269 0.336 0.369 0.457 0.460 0.560 0.894 0.932 0.993 0.998 0.999 1.000 1.000

  R CORE   ENERGY   A0R/A00=1.000    R3= 0     2  
   2( 1)    0.732                    1.000 0.000
   2( 2)  487.921                    0.000 1.000

  R CORE   ENERGY   A0R/A00=1.000    R3= 0     2  
   3( 1)  488.652                    0.000 1.000

  R CORE   ENERGY   A0R/A00=1.000    R3= 0     2     4  
   4( 1)    2.438                    1.000 0.000 0.000

  R CORE   ENERGY   A0R/A00=1.000    R3= 0     2     4  
   5( 1)  490.847                    0.000 1.000 0.000

  R CORE   ENERGY   A0R/A00=1.000    R3= 0     2     4     6  
   6( 1)    5.121                    1.000 0.000 0.000 0.000

  R CORE   ENERGY   A0R/A00=1.000    R3= 0     2     4     6  
   7( 1)  494.017                    0.000 1.000 0.000 0.000

          AXIAL SYMMETRY => K RESTRICTED TO OMEGA

                     K
     S.P. ORB#: 24  2.50
     S.P. ORB#: 25  0.50
     S.P. ORB#: 26 -1.50
     S.P. ORB#: 27 -5.50
     S.P. ORB#: 28  2.50
     S.P. ORB#: 29 -3.50
     S.P. ORB#: 30  2.50
     S.P. ORB#: 31  0.50
     S.P. ORB#: 32  0.50
     S.P. ORB#: 33 -1.50
     S.P. ORB#: 34 -3.50
     S.P. ORB#: 35  0.50
     S.P. ORB#: 36 -3.50
     S.P. ORB#: 37 -1.50
     S.P. ORB#: 38  4.50
 

             ENERGY    K= OMEGA
 
 I=  1/2- (1)  2.281  32: 0.999
 
 I=  1/2- (2)  4.306  31:-0.925
                      35: 0.381
 
 I=  1/2- (3)  5.920  25: 0.999
 
 I=  1/2- (4)  6.370  31: 0.381
                      35: 0.925
 
 I=  1/2- (5)147.291  33:-1.000

             ENERGY    K= OMEGA
 
 I=  3/2- (1)  2.318  32: 0.672
                      33:-0.740
 
 I=  3/2- (2)  2.538  25:-0.147
                      32:-0.731
                      33:-0.667

             ENERGY    K= OMEGA
 
 I=  5/2- (1)  2.740  24:-0.051
                      25: 0.199
                      28:-0.082
                      32:-0.514
                      33:-0.829
 
 I=  5/2- (2)  3.477  25: 0.060
                      28: 0.223
                      32:-0.831
                      33: 0.505
 
 I=  5/2- (3)  3.714  28:-0.970
                      32:-0.149
                      33: 0.189
 
 I=  5/2- (4)  4.637  26:-0.123
                      30: 0.103
                      31: 0.826
                      35:-0.480
                      37:-0.247
 
 I=  5/2- (5)  6.353  26: 0.481
                      30:-0.843
                      35:-0.239

             ENERGY    K= OMEGA
 
 I=  7/2- (1)  3.046  24:-0.230
                      28: 0.056
                      29: 0.949
                      33: 0.127
                      36: 0.159
 
 I=  7/2- (2)  3.257  28:-0.292
                      29:-0.146
                      33: 0.070
                      36: 0.942
 
 I=  7/2- (3)  3.521  28:-0.068
                      29:-0.101
                      32:-0.754
                      33: 0.634
                      36:-0.108
 
 I=  7/2- (4)  3.862  24: 0.055
                      25:-0.262
                      28: 0.126
                      29: 0.066
                      32:-0.623
                      33:-0.716
                      36: 0.082
 
 I=  7/2- (5)  4.693  24:-0.064
                      28:-0.943
                      29: 0.105
                      33:-0.159
                      36:-0.263

             ENERGY    K= OMEGA
 
 I=  9/2- (1)  3.431  24:-0.230
                      28: 0.111
                      29:-0.728
                      33:-0.091
                      36: 0.131
                      38: 0.615
 
 I=  9/2- (2)  4.105  24: 0.158
                      25:-0.184
                      28: 0.233
                      29: 0.282
                      32: 0.302
                      33: 0.489
                      36: 0.614
                      38: 0.317
 
 I=  9/2- (3)  4.300  25: 0.252
                      28: 0.093
                      29: 0.267
                      32:-0.451
                      33:-0.582
                      36: 0.555
                      38: 0.075
 
 I=  9/2- (4)  4.493  24:-0.151
                      28: 0.302
                      29:-0.449
                      32: 0.066
                      33: 0.064
                      36: 0.406
                      38:-0.714
 
 I=  9/2- (5)  5.381  26:-0.401
                      30: 0.529
                      31: 0.577
                      34:-0.285
                      35:-0.296
                      37:-0.240

             ENERGY    K= OMEGA
 
 I= 11/2- (1)  3.546  27: 0.999
 
 I= 11/2- (2)  4.311  24:-0.288
                      28: 0.126
                      29: 0.756
                      33: 0.093
                      36:-0.136
                      38: 0.549
 
 I= 11/2- (3)  5.351  24:-0.182
                      28:-0.317
                      29: 0.296
                      32:-0.131
                      33: 0.299
                      36: 0.764
                      38:-0.296
 
 I= 11/2- (4)  5.422  26:-0.442
                      30:-0.520
                      31:-0.599
                      34:-0.262
                      35:-0.225
                      37:-0.237
 
 I= 11/2- (5)  5.718  25: 0.097
                      28:-0.051
                      29: 0.095
                      32: 0.811
                      33:-0.480
                      36: 0.294
                      38: 0.065

             ENERGY    K= OMEGA
 
 I= 13/2- (1)  5.125  27:-0.990
                      29:-0.090
                      38: 0.095
 
 I= 13/2- (2)  5.442  24:-0.333
                      27: 0.135
                      28: 0.127
                      29:-0.759
                      33:-0.129
                      36: 0.128
                      38: 0.492
 
 I= 13/2- (3)  6.469  26: 0.501
                      30:-0.658
                      31:-0.367
                      34: 0.362
                      35: 0.137
                      37: 0.181
 
 I= 13/2- (4)  6.524  24:-0.114
                      25: 0.347
                      28:-0.226
                      32:-0.467
                      33:-0.658
                      36:-0.337
                      38:-0.223
 
 I= 13/2- (5)  6.937  24:-0.136
                      25:-0.192
                      28:-0.282
                      29:-0.307
                      32: 0.293
                      33: 0.275
                      36:-0.761
                      38:-0.175

             ENERGY     K= 9/2
  32 LEVELS    TIME=  0.0 SEC



 ******************* EXCITATION ENERGIES, DOMINANT CONFIGURATION AND EXPECTATION VALUES (WITH S.P. UU+VV FACTORS) *******************

  NR  Eex(keV)  I   Kdom  NY    <Jz>  <Jx**2> <Jy**2> <Jz**2> <I.j>/|I|  <Rx**2> <Ry**2> <Rz**2> <R.j>/|R|  <HROTx> <HROTy> <HROTz>

   1    0.0   1/2-   1/2  32    0.50    5.24    5.24    0.25    0.13       5.63    5.63    0.00   -3.17      0.686   0.686   0.000
   2   36.9   3/2-  -3/2  33   -0.60    5.23    5.23    1.35    1.12       5.61    5.61    0.00   -2.88      0.684   0.684   0.000
   3  256.7   3/2-   1/2  32   -0.39    5.23    5.23    1.14    0.73       6.27    6.27    0.00   -2.88      0.764   0.764   0.000
   4  458.8   5/2-  -3/2  33   -0.86    5.38    5.38    1.68    1.32       6.70    6.70    0.00   -2.34      0.817   0.817   0.000
   5  764.9   7/2-  -7/2  29   -3.13    6.27    6.27   11.73    3.54       5.96    5.96    0.00   -2.96      0.727   0.727   0.000
  
   6  975.9   7/2-  -7/2  36   -2.97    2.79    2.79   11.68    3.18       3.88    3.88    0.00   -1.67      0.474   0.474   0.000
   7 1149.6   9/2-  -7/2  29   -0.06    4.97    4.97   14.78    3.94       5.12    5.12    0.00   -1.59      0.624   0.624   0.000
   8 1196.5   5/2-   1/2  32    0.09    5.30    5.30    1.07    0.01      10.19   10.19    0.00   -2.58      1.242   1.242   0.000
   9 1239.7   7/2-   1/2  32   -0.38    5.19    5.19    1.35    0.83      10.45   10.45    0.00   -1.85      1.274   1.274   0.000
  10 1265.2  11/2- -11/2  27   -5.48    2.75    2.75   30.22    5.06       5.49    5.49    0.00   -1.65      0.669   0.669   0.000
  
  11 1433.6   5/2-   5/2  28    2.31    6.07    6.07    5.97    1.95       7.66    7.66    0.00   -3.15      0.934   0.934   0.000
  12 1580.9   7/2-  -3/2  33   -0.53    5.31    5.31    1.52    0.77      10.89   10.89    0.00   -1.95      1.328   1.328   0.000
  13 1823.8   9/2-  -7/2  36   -1.24    4.00    4.00    8.68    2.42       8.69    8.69    0.00   -1.12      1.060   1.060   0.000
  14 2018.8   9/2-  -3/2  33   -1.65    4.50    4.50    5.65    1.78      10.86   10.86    0.00   -1.25      1.324   1.324   0.000
  15 2024.7   1/2-   1/2  31    0.50   12.90   12.90    0.25    0.91      12.61   12.61    0.00   -5.03      1.537   1.537   0.000
  
  16 2030.3  11/2-  -7/2  29   -0.48    5.35    5.35   14.00    3.59       8.78    8.78    0.00   -0.78      1.071   1.071   0.000
  17 2212.5   9/2-   9/2  38    1.29    3.83    3.83   15.54    3.15       8.29    8.29    0.00   -1.85      1.011   1.011   0.000
  18 2356.1   5/2-   1/2  31    0.37   13.50   13.50    0.47    1.70      13.07   13.07    0.00   -4.39      1.593   1.593   0.000
  19 2411.8   7/2-   5/2  28    1.91    5.81    5.81    6.62    1.41      11.38   11.38    0.00   -2.65      1.388   1.388   0.000
  20 2844.3  13/2- -11/2  27   -5.38    2.79    2.79   29.96    4.32      11.95   11.95    0.00   -1.09      1.457   1.457   0.000
  
  21 3069.7  11/2-  -7/2  36   -1.75    3.34    3.34   11.04    2.33      12.81   12.81    0.00   -0.75      1.562   1.562   0.000
  22 3100.3   9/2-   1/2  31    0.30   18.59   18.59    3.34    3.58      14.84   14.84    0.00   -4.17      1.809   1.809   0.000
  23 3141.3  11/2-   1/2  31    0.26   19.60   19.60    3.20    4.05      14.88   14.88   -0.00   -3.34      1.814   1.814  -0.000
  24 3161.3  13/2-  -7/2  29   -0.79    5.60    5.60   13.54    3.35      13.35   13.35    0.00   -0.26      1.628   1.628   0.000
  25 3436.8  11/2-   1/2  32   -0.32    4.94    4.94    1.95    0.81      18.95   18.95    0.00   -1.14      2.311   2.311   0.000
  
  26 3638.7   1/2-   1/2  25    0.50    7.46    7.46    0.25    0.65       7.40    7.40    0.00   -3.80      0.902   0.902   0.000
  27 4072.2   5/2-   5/2  30    1.45   22.35   22.35    4.97    3.68      18.34   18.34    0.00   -6.41      2.236   2.236   0.000
  28 4089.6   1/2-   1/2  35    0.50   17.04   17.04    0.25   -0.72      18.17   18.17    0.00   -5.80      2.215   2.215   0.000
  29 4188.5  13/2-   5/2  30    0.27   21.34   21.34    4.98    4.24      18.59   18.59    0.00   -2.96      2.266   2.266   0.000
  30 4243.0  13/2-  -3/2  33   -0.50    5.15    5.15    3.87    1.67      19.79   19.79    0.00   -0.40      2.413   2.413   0.000
  
  31 4656.2  13/2-  -7/2  36   -2.03    3.58    3.58    9.68    1.88      19.66   19.66    0.00   -0.59      2.397   2.397   0.000
  32*******   1/2-  -3/2  33    0.00    0.00    0.00    0.00   -0.00       0.00    0.00    0.00   -0.00      0.000   0.000   0.000
