1SPECTRUM OF (Z= 82 A=207) IN PARTICLE-ROTOR  MODEL WITH MODIFIED OSCILLATOR POTENTIAL


 PARITY=-   EPS= 0.675   GAMMA=  0.0   EPS4=0.000   EPS6=0.000   LEVELS:  24  25  26  27  28  29  30  31  32  33  34  35  36  37  38

 PAIRING FACTORS: GN0= 19.20  GN1=  7.40  IPAIR= 15 ***  E2PLUS(INPUT)=   0.730  E2PLUR(INPUT)=   0.000

 CORIOLIS ATTENUATION PARAMETERS:  CHSI=1.000  ETA=  1.00

 MOMENT OF INERTIA PARAMETERS:   A1=  0.122 MEV   A2=  0.122 MEV   A3=121.91923 MEV


 DELTA=0.832 MEV  LAMBDA=53.8560 MEV   HW0= 7.9006 MEV   LAMBDA/HW0= 6.8167

 E2ENERGY=0.730 MEV  HBAR**2/B=84482./A**(7/3)=******/A**2 MEV

 IREC=0  =>  RECOIL TERMS j+j-, j+j+, jzjz, ETC TREATED AS ONE-BODY OPERATORS WITH UU+VV PAIRING FACTORS



 S. P. LEVEL   EQP       U     V        (UU + VV)**1.00

     24       4.715    0.089 0.996      1.000 1.000 1.000 0.999 0.999 0.954 0.755 0.503 0.457 0.368 0.273 0.240 0.230 0.200 0.171
     25       4.201    0.100 0.995      1.000 1.000 1.000 1.000 0.999 0.957 0.762 0.512 0.467 0.379 0.283 0.250 0.241 0.211 0.182
     26       3.528    0.119 0.993      1.000 1.000 1.000 1.000 1.000 0.962 0.775 0.529 0.484 0.396 0.302 0.269 0.259 0.230 0.201
     27       3.367    0.125 0.992      0.999 1.000 1.000 1.000 1.000 0.964 0.778 0.534 0.489 0.402 0.307 0.275 0.265 0.236 0.207
     28       3.093    0.136 0.991      0.999 0.999 1.000 1.000 1.000 0.967 0.786 0.543 0.499 0.412 0.318 0.285 0.276 0.247 0.218
     29       1.173    0.384 0.923      0.954 0.957 0.962 0.964 0.967 1.000 0.917 0.739 0.704 0.631 0.550 0.521 0.512 0.486 0.460
     30       0.833    0.720 0.694      0.755 0.762 0.775 0.778 0.786 0.917 1.000 0.946 0.928 0.888 0.837 0.817 0.812 0.793 0.775
     31       1.083    0.906 0.424      0.503 0.512 0.529 0.534 0.543 0.739 0.946 1.000 0.999 0.989 0.969 0.960 0.957 0.948 0.938
     32       1.193    0.926 0.377      0.457 0.467 0.484 0.489 0.499 0.704 0.928 0.999 1.000 0.995 0.980 0.973 0.971 0.963 0.955
     33       1.526    0.959 0.285      0.368 0.379 0.396 0.402 0.412 0.631 0.888 0.989 0.995 1.000 0.995 0.991 0.989 0.985 0.979
     34       2.271    0.982 0.187      0.273 0.283 0.302 0.307 0.318 0.550 0.837 0.969 0.980 0.995 1.000 0.999 0.999 0.997 0.995
     35       2.759    0.988 0.153      0.240 0.250 0.269 0.275 0.285 0.521 0.817 0.960 0.973 0.991 0.999 1.000 1.000 0.999 0.998
     36       2.945    0.990 0.143      0.230 0.241 0.259 0.265 0.276 0.512 0.812 0.957 0.971 0.989 0.999 1.000 1.000 1.000 0.998
     37       3.713    0.994 0.113      0.200 0.211 0.230 0.236 0.247 0.486 0.793 0.948 0.963 0.985 0.997 0.999 1.000 1.000 1.000
     38       5.006    0.997 0.083      0.171 0.182 0.201 0.207 0.218 0.460 0.775 0.938 0.955 0.979 0.995 0.998 0.998 1.000 1.000

  R CORE   ENERGY   A0R/A00=1.000    R3= 0     2  
   2( 1)    0.732                    1.000 0.000
   2( 2)  487.921                    0.000 1.000

  R CORE   ENERGY   A0R/A00=1.000    R3= 0     2  
   3( 1)  488.652                    0.000 1.000

  R CORE   ENERGY   A0R/A00=1.000    R3= 0     2     4  
   4( 1)    2.438                    1.000 0.000 0.000

  R CORE   ENERGY   A0R/A00=1.000    R3= 0     2     4  
   5( 1)  490.847                    0.000 1.000 0.000

  R CORE   ENERGY   A0R/A00=1.000    R3= 0     2     4     6  
   6( 1)    5.121                    1.000 0.000 0.000 0.000

  R CORE   ENERGY   A0R/A00=1.000    R3= 0     2     4     6  
   7( 1)  494.017                    0.000 1.000 0.000 0.000

          AXIAL SYMMETRY => K RESTRICTED TO OMEGA

                     K
     S.P. ORB#: 24 -1.50
     S.P. ORB#: 25  2.50
     S.P. ORB#: 26  0.50
     S.P. ORB#: 27  2.50
     S.P. ORB#: 28  4.50
     S.P. ORB#: 29  0.50
     S.P. ORB#: 30 -1.50
     S.P. ORB#: 31  2.50
     S.P. ORB#: 32 -3.50
     S.P. ORB#: 33 -3.50
     S.P. ORB#: 34 -5.50
     S.P. ORB#: 35  0.50
     S.P. ORB#: 36 -1.50
     S.P. ORB#: 37 -1.50
     S.P. ORB#: 38  0.50
 

             ENERGY    K= OMEGA
 
 I=  1/2- (1)  4.270  26:-0.075
                      35:-0.997
 
 I=  1/2- (2)  5.458  29:-0.993
                      38:-0.114
 
 I=  1/2- (3)  5.513  26: 0.997
                      35:-0.075
 
 I=  1/2- (4)  9.116  29:-0.114
                      38: 0.993
 
 I=  1/2- (5)147.136  30:-1.000

             ENERGY    K= OMEGA
 
 I=  3/2- (1)  4.335  35:-0.840
                      36:-0.540
 
 I=  3/2- (2)  4.569  26: 0.154
                      35:-0.529
                      36: 0.834

             ENERGY    K= OMEGA
 
 I=  5/2- (1)  2.882  24: 0.100
                      31: 0.992
                      36: 0.070
 
 I=  5/2- (2)  4.921  25:-0.056
                      26: 0.251
                      31: 0.058
                      35: 0.509
                      36:-0.819
 
 I=  5/2- (3)  5.349  27:-0.097
                      29: 0.262
                      30:-0.926
                      37:-0.098
                      38: 0.235
 
 I=  5/2- (4)  5.491  26: 0.082
                      35: 0.835
                      36: 0.539
 
 I=  5/2- (5)  6.365  24: 0.223
                      25:-0.156
                      26:-0.931
                      35: 0.186
                      36:-0.152

             ENERGY    K= OMEGA
 
 I=  7/2- (1)  3.391  24:-0.078
                      25:-0.094
                      31: 0.501
                      33: 0.856
 
 I=  7/2- (2)  3.744  24:-0.131
                      25: 0.067
                      31: 0.845
                      33:-0.504
                      36:-0.098
 
 I=  7/2- (3)  5.533  24:-0.099
                      25:-0.052
                      26:-0.073
                      35: 0.863
                      36: 0.486
 
 I=  7/2- (4)  6.019  25: 0.084
                      26:-0.286
                      31:-0.106
                      35: 0.451
                      36:-0.834
 
 I=  7/2- (5)  6.043  27:-0.217
                      29:-0.186
                      30: 0.885
                      32:-0.264
                      38: 0.253

             ENERGY    K= OMEGA
 
 I=  9/2- (1)  4.332  24:-0.118
                      25: 0.130
                      28:-0.067
                      31:-0.577
                      33: 0.793
                      36:-0.058
 
 I=  9/2- (2)  4.814  24: 0.156
                      25: 0.110
                      28:-0.083
                      31: 0.779
                      33: 0.575
                      36: 0.129
 
 I=  9/2- (3)  5.509  28: 0.994
                      33: 0.101
 
 I=  9/2- (4)  6.620  24: 0.056
                      25:-0.080
                      26: 0.376
                      31: 0.116
                      35: 0.520
                      36:-0.751
 
 I=  9/2- (5)  6.645  27:-0.248
                      29: 0.299
                      30:-0.808
                      32: 0.284
                      37:-0.096
                      38: 0.326

             ENERGY    K= OMEGA
 
 I= 11/2- (1)  3.558  28: 0.128
                      34: 0.992
 
 I= 11/2- (2)  5.507  24:-0.153
                      25:-0.158
                      28: 0.078
                      31: 0.614
                      33: 0.750
                      36:-0.069
 
 I= 11/2- (3)  6.107  24:-0.179
                      25: 0.146
                      28:-0.112
                      31: 0.733
                      33:-0.610
                      36:-0.150
 
 I= 11/2- (4)  6.913  28: 0.982
                      33:-0.127
                      34:-0.125
 
 I= 11/2- (5)  7.649  27: 0.304
                      29: 0.523
                      30:-0.592
                      32: 0.361
                      37: 0.238
                      38:-0.311

             ENERGY    K= OMEGA
 
 I= 13/2- (1)  5.080  28: 0.184
                      34:-0.983
 
 I= 13/2- (2)  6.916  24: 0.184
                      25:-0.179
                      28: 0.078
                      31: 0.637
                      33:-0.716
                      36: 0.083
 
 I= 13/2- (3)  7.623  24: 0.194
                      25: 0.180
                      26:-0.079
                      28:-0.124
                      31: 0.689
                      33: 0.630
                      36: 0.186
 
 I= 13/2- (4)  8.566  25: 0.054
                      28: 0.972
                      33: 0.135
                      34: 0.180
 
 I= 13/2- (5)  8.747  27: 0.343
                      29:-0.278
                      30: 0.723
                      32:-0.383
                      37: 0.074
                      38:-0.361

             ENERGY     K= 1/2
  32 LEVELS    TIME=  0.0 SEC



 ******************* EXCITATION ENERGIES, DOMINANT CONFIGURATION AND EXPECTATION VALUES (WITH S.P. UU+VV FACTORS) *******************

  NR  Eex(keV)  I   Kdom  NY    <Jz>  <Jx**2> <Jy**2> <Jz**2> <I.j>/|I|  <Rx**2> <Ry**2> <Rz**2> <R.j>/|R|  <HROTx> <HROTy> <HROTz>

   1    0.0   5/2-   5/2  31    2.44    6.40    6.40    6.19    2.26       7.18    7.18   -0.00   -3.24      0.876   0.876  -0.000
   2  509.2   7/2-  -7/2  33   -1.93    6.52    6.52   10.61    2.97       7.91    7.91    0.00   -2.98      0.965   0.965   0.000
   3  675.8  11/2- -11/2  34   -5.34    2.83    2.83   30.09    5.11       5.22    5.22    0.00   -1.62      0.637   0.637   0.000
   4  862.1   7/2-   5/2  31    0.87    6.44    6.44    7.66    2.04      10.06   10.06    0.00   -2.78      1.226   1.226   0.000
   5 1388.7   1/2-   1/2  35    0.50    5.70    5.70    0.25    0.02       6.18    6.18    0.00   -3.31      0.753   0.753   0.000
  
   6 1450.2   9/2-  -7/2  33   -1.33    6.56    6.56   10.01    2.46      11.69   11.69    0.00   -2.25      1.425   1.425   0.000
   7 1453.3   3/2-   1/2  35   -0.09    5.69    5.69    0.84    0.91       6.22    6.22    0.00   -2.97      0.758   0.758   0.000
   8 1687.4   3/2-  -3/2  36   -0.89    5.77    5.77    1.64    0.85       6.81    6.81    0.00   -3.12      0.830   0.830   0.000
   9 1932.0   9/2-   5/2  31    0.36    6.49    6.49    8.16    1.80      13.98   13.98    0.00   -2.30      1.704   1.704   0.000
  10 2039.4   5/2-  -3/2  36   -0.83    5.86    5.86    1.63    0.98       8.15    8.15    0.00   -2.59      0.994   0.994   0.000
  
  11 2198.6  13/2- -11/2  34   -5.16    2.92    2.92   29.91    4.42      11.41   11.41    0.00   -1.03      1.391   1.391   0.000
  12 2467.6   5/2-  -3/2  30   -1.22   16.44   16.44    2.04    1.54      17.27   17.27   -0.00   -5.17      2.106   2.106  -0.000
  13 2576.1   1/2-   1/2  29    0.50   16.85   16.85    0.25   -0.02      17.37   17.37   -0.00   -5.76      2.117   2.117  -0.000
  14 2609.4   5/2-   1/2  35   -0.08    5.73    5.73    0.86   -0.14      10.95   10.95    0.00   -2.72      1.335   1.335   0.000
  15 2625.7  11/2-  -7/2  33   -0.98    6.61    6.61    9.60    2.16      16.36   16.36    0.00   -1.73      1.994   1.994   0.000
  
  16 2626.9   9/2-   9/2  28    4.42    7.60    7.60   20.15    4.04       9.97    9.97    0.00   -3.42      1.216   1.216   0.000
  17 2631.3   1/2-   1/2  26    0.50    8.16    8.16    0.25    0.58       8.16    8.16    0.00   -3.98      0.994   0.994   0.000
  18 2650.9   7/2-   1/2  35    0.01    5.73    5.73    0.77    0.73      11.09   11.09    0.00   -1.98      1.352   1.352   0.000
  19 3137.6   7/2-  -3/2  36   -0.86    5.95    5.95    1.76    0.53      12.61   12.61    0.00   -2.30      1.537   1.537   0.000
  20 3161.6   7/2-  -3/2  30   -1.25   17.34   17.34    2.94    1.78      19.61   19.61   -0.00   -4.88      2.391   2.391  -0.000
  
  21 3225.7  11/2-   5/2  31    0.07    6.53    6.53    8.43    1.63      18.88   18.88    0.00   -1.91      2.302   2.302   0.000
  22 3483.7   5/2-   1/2  26    0.40    8.08    8.08    0.55    0.42      11.49   11.49    0.00   -3.23      1.401   1.401   0.000
  23 3738.7   9/2-  -3/2  36   -0.60    6.08    6.08    1.53    0.85      15.00   15.00    0.00   -1.73      1.829   1.829   0.000
  24 3763.6   9/2-  -3/2  30   -1.03   17.07   17.07    2.92    1.98      21.03   21.03   -0.00   -4.19      2.564   2.564  -0.000
  25 4030.9  11/2-   9/2  28    4.21    7.52    7.52   20.23    3.29      15.82   15.82    0.00   -2.77      1.929   1.929   0.000
  
  26 4034.0  13/2-  -7/2  33   -0.73    6.65    6.65    9.25    1.96      21.95   21.95    0.00   -1.34      2.676   2.676   0.000
  27 4741.1  13/2-   5/2  31   -0.16    6.58    6.58    8.55    1.51      24.66   24.66    0.00   -1.59      3.007   3.007   0.000
  28 4767.5  11/2-  -3/2  30   -0.65   18.39   18.39    3.18    2.30      24.09   24.09    0.00   -3.77      2.937   2.937   0.000
  29 5684.4  13/2-   9/2  28    4.01    7.44    7.44   20.34    2.77      22.67   22.67    0.00   -2.36      2.764   2.764   0.000
  30 5864.8  13/2-  -3/2  30   -0.91   17.68   17.68    3.77    2.20      28.61   28.61    0.00   -3.15      3.488   3.488   0.000
  
  31 6234.3   1/2-   1/2  38    0.50   16.81   16.81    0.25    0.28      17.06   17.06    0.00   -5.76      2.080   2.080   0.000
  32*******   1/2-  -3/2  30    0.00    0.00    0.00    0.00    0.00       0.00    0.00   -0.00   -0.00      0.000   0.000  -0.000
