1SPECTRUM OF (Z= 82 A=207) IN PARTICLE-ROTOR  MODEL WITH MODIFIED OSCILLATOR POTENTIAL


 PARITY=-   EPS= 0.630   GAMMA=  0.0   EPS4=0.000   EPS6=0.000   LEVELS:  24  25  26  27  28  29  30  31  32  33  34  35  36  37  38

 PAIRING FACTORS: GN0= 19.20  GN1=  7.40  IPAIR= 15 ***  E2PLUS(INPUT)=   0.730  E2PLUR(INPUT)=   0.000

 CORIOLIS ATTENUATION PARAMETERS:  CHSI=1.000  ETA=  1.00

 MOMENT OF INERTIA PARAMETERS:   A1=  0.122 MEV   A2=  0.122 MEV   A3=121.91922 MEV


 DELTA=0.880 MEV  LAMBDA=53.7822 MEV   HW0= 7.8260 MEV   LAMBDA/HW0= 6.8723

 E2ENERGY=0.730 MEV  HBAR**2/B=73593./A**(7/3)=******/A**2 MEV

 IREC=0  =>  RECOIL TERMS j+j-, j+j+, jzjz, ETC TREATED AS ONE-BODY OPERATORS WITH UU+VV PAIRING FACTORS



 S. P. LEVEL   EQP       U     V        (UU + VV)**1.00

     24       4.461    0.099 0.995      1.000 1.000 1.000 1.000 0.999 0.868 0.764 0.575 0.547 0.466 0.437 0.304 0.288 0.213 0.186
     25       4.091    0.108 0.994      1.000 1.000 1.000 1.000 0.999 0.872 0.769 0.582 0.555 0.474 0.446 0.312 0.296 0.222 0.195
     26       3.778    0.117 0.993      1.000 1.000 1.000 1.000 0.999 0.877 0.775 0.589 0.562 0.482 0.454 0.321 0.305 0.231 0.204
     27       3.772    0.118 0.993      1.000 1.000 1.000 1.000 0.999 0.877 0.775 0.590 0.563 0.483 0.454 0.321 0.305 0.231 0.204
     28       2.966    0.150 0.989      0.999 0.999 0.999 0.999 1.000 0.892 0.796 0.616 0.589 0.511 0.483 0.352 0.336 0.263 0.236
     29       0.931    0.580 0.814      0.868 0.872 0.877 0.877 0.892 1.000 0.983 0.905 0.891 0.844 0.826 0.737 0.725 0.670 0.650
     30       0.881    0.718 0.696      0.764 0.769 0.775 0.775 0.796 0.983 1.000 0.967 0.958 0.927 0.915 0.847 0.838 0.794 0.777
     31       1.030    0.871 0.491      0.575 0.582 0.589 0.590 0.616 0.905 0.967 1.000 0.999 0.992 0.987 0.954 0.949 0.922 0.911
     32       1.075    0.887 0.462      0.547 0.555 0.562 0.563 0.589 0.891 0.958 0.999 1.000 0.996 0.992 0.964 0.959 0.934 0.924
     33       1.262    0.926 0.376      0.466 0.474 0.482 0.483 0.511 0.844 0.927 0.992 0.996 1.000 0.999 0.984 0.981 0.964 0.956
     34       1.355    0.938 0.346      0.437 0.446 0.454 0.454 0.483 0.826 0.915 0.987 0.992 0.999 1.000 0.990 0.987 0.972 0.965
     35       2.165    0.978 0.208      0.304 0.312 0.321 0.321 0.352 0.737 0.847 0.954 0.964 0.984 0.990 1.000 1.000 0.996 0.993
     36       2.345    0.982 0.191      0.288 0.296 0.305 0.305 0.336 0.725 0.838 0.949 0.959 0.981 0.987 1.000 1.000 0.997 0.995
     37       3.853    0.993 0.115      0.213 0.222 0.231 0.231 0.263 0.670 0.794 0.922 0.934 0.964 0.972 0.996 0.997 1.000 1.000
     38       5.026    0.996 0.088      0.186 0.195 0.204 0.204 0.236 0.650 0.777 0.911 0.924 0.956 0.965 0.993 0.995 1.000 1.000

  R CORE   ENERGY   A0R/A00=1.000    R3= 0     2  
   2( 1)    0.732                    1.000 0.000
   2( 2)  487.921                    0.000 1.000

  R CORE   ENERGY   A0R/A00=1.000    R3= 0     2  
   3( 1)  488.652                    0.000 1.000

  R CORE   ENERGY   A0R/A00=1.000    R3= 0     2     4  
   4( 1)    2.438                    1.000 0.000 0.000

  R CORE   ENERGY   A0R/A00=1.000    R3= 0     2     4  
   5( 1)  490.847                    0.000 1.000 0.000

  R CORE   ENERGY   A0R/A00=1.000    R3= 0     2     4     6  
   6( 1)    5.121                    1.000 0.000 0.000 0.000

  R CORE   ENERGY   A0R/A00=1.000    R3= 0     2     4     6  
   7( 1)  494.017                    0.000 1.000 0.000 0.000

          AXIAL SYMMETRY => K RESTRICTED TO OMEGA

                     K
     S.P. ORB#: 24  2.50
     S.P. ORB#: 25  0.50
     S.P. ORB#: 26  0.50
     S.P. ORB#: 27  4.50
     S.P. ORB#: 28  2.50
     S.P. ORB#: 29  0.50
     S.P. ORB#: 30  2.50
     S.P. ORB#: 31 -1.50
     S.P. ORB#: 32 -3.50
     S.P. ORB#: 33 -3.50
     S.P. ORB#: 34 -5.50
     S.P. ORB#: 35  0.50
     S.P. ORB#: 36 -1.50
     S.P. ORB#: 37 -1.50
     S.P. ORB#: 38  4.50
 

             ENERGY    K= OMEGA
 
 I=  1/2- (1)  3.652  26:-0.050
                      35:-0.999
 
 I=  1/2- (2)  4.823  25: 0.353
                      29:-0.935
 
 I=  1/2- (3)  5.726  26: 0.999
                      35:-0.050
 
 I=  1/2- (4)  7.971  25: 0.935
                      29: 0.353
 
 I=  1/2- (5)147.333  31: 1.000

             ENERGY    K= OMEGA
 
 I=  3/2- (1)  3.721  35:-0.817
                      36:-0.575
 
 I=  3/2- (2)  3.961  26:-0.119
                      35: 0.569
                      36:-0.814

             ENERGY    K= OMEGA
 
 I=  5/2- (1)  2.717  30: 0.997
                      36: 0.077
 
 I=  5/2- (2)  4.306  26: 0.192
                      30: 0.071
                      35: 0.515
                      36:-0.831
 
 I=  5/2- (3)  4.686  25:-0.471
                      29: 0.717
                      31:-0.463
                      37:-0.220
 
 I=  5/2- (4)  4.881  26:-0.059
                      35:-0.843
                      36:-0.532
 
 I=  5/2- (5)  5.958  25:-0.055
                      28: 0.110
                      29: 0.483
                      31: 0.857
                      37:-0.129

             ENERGY    K= OMEGA
 
 I=  7/2- (1)  2.945  24:-0.130
                      30: 0.237
                      32: 0.963
 
 I=  7/2- (2)  3.590  24:-0.060
                      30:-0.963
                      32: 0.230
                      36: 0.124
 
 I=  7/2- (3)  4.944  30:-0.082
                      35:-0.847
                      36:-0.522
 
 I=  7/2- (4)  5.427  24:-0.064
                      26: 0.229
                      30: 0.095
                      35:-0.508
                      36: 0.822
 
 I=  7/2- (5)  5.464  25: 0.366
                      28: 0.065
                      29: 0.831
                      31:-0.284
                      37: 0.296

             ENERGY    K= OMEGA
 
 I=  9/2- (1)  3.888  24:-0.187
                      27: 0.054
                      30: 0.281
                      32:-0.940
 
 I=  9/2- (2)  4.691  24:-0.093
                      30:-0.942
                      32:-0.264
                      36:-0.176
 
 I=  9/2- (3)  5.451  25: 0.520
                      28: 0.053
                      29:-0.684
                      31: 0.429
                      33:-0.051
                      37: 0.269
 
 I=  9/2- (4)  6.019  24:-0.054
                      26: 0.307
                      30: 0.166
                      35: 0.533
                      36:-0.766
 
 I=  9/2- (5)  6.187  27: 0.997
                      32: 0.057

             ENERGY    K= OMEGA
 
 I= 11/2- (1)  2.623  27:-0.122
                      34:-0.992
 
 I= 11/2- (2)  5.062  24:-0.233
                      27: 0.069
                      30: 0.296
                      32: 0.924
 
 I= 11/2- (3)  6.024  24: 0.119
                      30: 0.928
                      32:-0.266
                      35:-0.058
                      36:-0.221
 
 I= 11/2- (4)  6.431  25: 0.264
                      28: 0.293
                      29: 0.428
                      31:-0.236
                      33: 0.641
                      37: 0.192
                      38: 0.398
 
 I= 11/2- (5)  6.664  25: 0.349
                      28:-0.142
                      29: 0.660
                      31:-0.167
                      33:-0.473
                      37: 0.274
                      38:-0.308

             ENERGY    K= OMEGA
 
 I= 13/2- (1)  4.123  27: 0.176
                      34:-0.984
 
 I= 13/2- (2)  6.468  24:-0.271
                      27: 0.076
                      30: 0.298
                      32:-0.911
 
 I= 13/2- (3)  7.042  25:-0.301
                      28:-0.286
                      29: 0.345
                      31:-0.282
                      33: 0.648
                      37:-0.136
                      38:-0.437
 
 I= 13/2- (4)  7.201  25:-0.453
                      28: 0.151
                      29: 0.576
                      31:-0.296
                      33:-0.434
                      37:-0.271
                      38: 0.300
 
 I= 13/2- (5)  7.576  24:-0.140
                      26: 0.084
                      30:-0.903
                      32:-0.251
                      35: 0.092
                      36:-0.292

             ENERGY     K= 9/2
  32 LEVELS    TIME=  0.0 SEC



 ******************* EXCITATION ENERGIES, DOMINANT CONFIGURATION AND EXPECTATION VALUES (WITH S.P. UU+VV FACTORS) *******************

  NR  Eex(keV)  I   Kdom  NY    <Jz>  <Jx**2> <Jy**2> <Jz**2> <I.j>/|I|  <Rx**2> <Ry**2> <Rz**2> <R.j>/|R|  <HROTx> <HROTy> <HROTz>

   1    0.0  11/2- -11/2  34   -5.35    2.82    2.82   30.10    5.13       5.05    5.05    0.00   -1.59      0.615   0.615   0.000
   2   93.8   5/2-   5/2  30    2.48    6.31    6.31    6.23    2.13       7.49    7.49   -0.00   -3.24      0.913   0.913  -0.000
   3  322.4   7/2-  -7/2  32   -3.06    6.52    6.52   11.81    3.23       7.48    7.48   -0.00   -3.11      0.912   0.912  -0.000
   4  967.3   7/2-   5/2  30    2.12    6.30    6.30    6.50    1.64      10.92   10.92   -0.00   -2.69      1.331   1.331  -0.000
   5 1029.2   1/2-   1/2  35    0.50    5.60    5.60    0.25    0.02       6.08    6.08    0.00   -3.28      0.741   0.741   0.000
  
   6 1098.5   3/2-   1/2  35   -0.16    5.60    5.60    0.91    0.93       6.13    6.13    0.00   -2.95      0.748   0.748   0.000
   7 1265.3   9/2-  -7/2  32   -2.79    6.58    6.58   11.59    2.75      11.08   11.08   -0.00   -2.35      1.351   1.351  -0.000
   8 1338.3   3/2-  -3/2  36   -0.82    5.64    5.64    1.57    0.79       6.78    6.78    0.00   -3.08      0.827   0.827   0.000
   9 1499.7  13/2- -11/2  34   -5.19    2.90    2.90   29.93    4.47      11.04   11.04    0.00   -0.96      1.346   1.346   0.000
  10 1683.3   5/2-  -3/2  36   -0.87    5.71    5.71    1.67    0.98       8.03    8.03    0.00   -2.55      0.980   0.980   0.000
  
  11 2063.5   5/2-   1/2  29   -0.02   14.45   14.45    0.78    2.49      11.85   11.85    0.00   -4.58      1.445   1.445   0.000
  12 2068.2   9/2-   5/2  30    1.95    6.29    6.29    6.54    1.35      15.23   15.23   -0.00   -2.25      1.857   1.857  -0.000
  13 2200.1   1/2-   1/2  29    0.50   14.99   14.99    0.25    1.32      14.34   14.34    0.00   -5.43      1.748   1.748   0.000
  14 2257.7   5/2-   1/2  35   -0.06    5.61    5.61    0.83   -0.17      10.90   10.90    0.00   -2.69      1.329   1.329   0.000
  15 2321.5   7/2-   1/2  35   -0.03    5.61    5.61    0.85    0.68      11.21   11.21    0.00   -1.98      1.367   1.367   0.000
  
  16 2439.1  11/2-  -7/2  32   -2.61    6.63    6.63   11.44    2.44      15.62   15.62   -0.00   -1.81      1.904   1.904  -0.000
  17 2803.8   7/2-  -3/2  36   -0.83    5.76    5.76    1.69    0.49      12.54   12.54    0.00   -2.25      1.529   1.529   0.000
  18 2828.0   9/2-   1/2  29   -0.02   14.26   14.26    0.82    2.61      14.06   14.06    0.00   -3.08      1.714   1.714   0.000
  19 2840.9   7/2-   1/2  29    0.16   18.24   18.24    0.64    2.70      15.73   15.73    0.00   -4.71      1.918   1.918   0.000
  20 3102.8   1/2-   1/2  26    0.50    8.04    8.04    0.25    0.62       8.00    8.00    0.00   -3.95      0.976   0.976   0.000
  
  21 3335.3   5/2-  -3/2  31   -0.98   16.83   16.83    1.83    0.72      19.98   19.98    0.00   -5.27      2.436   2.436   0.000
  22 3396.1   9/2-  -3/2  36   -0.62    5.88    5.88    1.67    0.85      14.87   14.87    0.00   -1.69      1.813   1.813   0.000
  23 3401.5  11/2-   5/2  30    1.87    6.27    6.27    6.47    1.15      20.50   20.50   -0.00   -1.89      2.499   2.499  -0.000
  24 3564.2   9/2-   9/2  27    4.47    7.62    7.62   20.19    4.05       9.95    9.95   -0.00   -3.43      1.213   1.213  -0.000
  25 3808.1  11/2-  -7/2  33   -0.52   20.20   20.20    9.04    4.24      17.26   17.26    0.00   -4.10      2.104   2.104   0.000
  
  26 3845.2  13/2-  -7/2  32   -2.48    6.69    6.69   11.34    2.24      21.10   21.10   -0.00   -1.40      2.573   2.573  -0.000
  27 4041.2  11/2-   1/2  29   -0.18   19.26   19.26    5.16    3.47      18.96   18.96    0.00   -3.72      2.311   2.311   0.000
  28 4419.6  13/2-  -7/2  33   -0.45   19.04   19.04    9.79    4.17      19.18   19.18    0.00   -3.03      2.338   2.338   0.000
  29 4578.7  13/2-   1/2  29   -0.17   16.24   16.24    4.77    3.27      20.18   20.18    0.00   -2.27      2.460   2.460   0.000
  30 4952.8  13/2-   5/2  30    1.75    6.26    6.26    6.21    1.04      26.46   26.46   -0.00   -1.57      3.226   3.226  -0.000
  
  31 5347.9   1/2-   1/2  25    0.50   15.92   15.92    0.25   -1.28      17.53   17.53    0.00   -5.61      2.137   2.137   0.000
  32*******   1/2-  -3/2  31    0.00    0.00    0.00    0.00    0.00       0.00    0.00    0.00   -0.00      0.000   0.000   0.000
