1SPECTRUM OF (Z= 82 A=207) IN PARTICLE-ROTOR  MODEL WITH MODIFIED OSCILLATOR POTENTIAL


 PARITY=-   EPS= 0.600   GAMMA=  0.0   EPS4=0.000   EPS6=0.000   LEVELS:  24  25  26  27  28  29  30  31  32  33  34  35  36  37  38

 PAIRING FACTORS: GN0= 19.20  GN1=  7.40  IPAIR= 15 ***  E2PLUS(INPUT)=   0.730  E2PLUR(INPUT)=   0.000

 CORIOLIS ATTENUATION PARAMETERS:  CHSI=1.000  ETA=  1.00

 MOMENT OF INERTIA PARAMETERS:   A1=  0.122 MEV   A2=  0.122 MEV   A3=121.91924 MEV


 DELTA=0.911 MEV  LAMBDA=53.6548 MEV   HW0= 7.7809 MEV   LAMBDA/HW0= 6.8957

 E2ENERGY=0.730 MEV  HBAR**2/B=66751./A**(7/3)=******/A**2 MEV

 IREC=0  =>  RECOIL TERMS j+j-, j+j+, jzjz, ETC TREATED AS ONE-BODY OPERATORS WITH UU+VV PAIRING FACTORS



 S. P. LEVEL   EQP       U     V        (UU + VV)**1.00

     24       4.529    0.101 0.995      1.000 1.000 1.000 0.999 0.997 0.866 0.721 0.669 0.618 0.461 0.444 0.345 0.324 0.213 0.196
     25       4.116    0.111 0.994      1.000 1.000 1.000 1.000 0.998 0.871 0.728 0.676 0.626 0.470 0.453 0.355 0.333 0.223 0.207
     26       3.838    0.120 0.993      1.000 1.000 1.000 1.000 0.998 0.875 0.734 0.683 0.633 0.477 0.461 0.363 0.341 0.231 0.215
     27       3.423    0.134 0.991      0.999 1.000 1.000 1.000 0.999 0.882 0.744 0.693 0.644 0.490 0.474 0.376 0.355 0.245 0.229
     28       2.614    0.177 0.984      0.997 0.998 0.998 0.999 1.000 0.901 0.772 0.724 0.677 0.528 0.512 0.416 0.395 0.287 0.271
     29       0.959    0.586 0.811      0.866 0.871 0.875 0.882 0.901 1.000 0.971 0.951 0.929 0.843 0.833 0.769 0.754 0.673 0.661
     30       0.923    0.762 0.647      0.721 0.728 0.734 0.744 0.772 0.971 1.000 0.997 0.990 0.947 0.941 0.899 0.889 0.830 0.821
     31       0.956    0.807 0.590      0.669 0.676 0.683 0.693 0.724 0.951 0.997 1.000 0.998 0.968 0.963 0.929 0.920 0.869 0.860
     32       1.007    0.844 0.536      0.618 0.626 0.633 0.644 0.677 0.929 0.990 0.998 1.000 0.982 0.979 0.951 0.944 0.900 0.892
     33       1.328    0.929 0.369      0.461 0.470 0.477 0.490 0.528 0.843 0.947 0.968 0.982 1.000 1.000 0.992 0.989 0.965 0.961
     34       1.384    0.936 0.351      0.444 0.453 0.461 0.474 0.512 0.833 0.941 0.963 0.979 1.000 1.000 0.994 0.991 0.970 0.966
     35       1.892    0.969 0.249      0.345 0.355 0.363 0.376 0.416 0.769 0.899 0.929 0.951 0.992 0.994 1.000 1.000 0.991 0.988
     36       2.066    0.974 0.226      0.324 0.333 0.341 0.355 0.395 0.754 0.889 0.920 0.944 0.989 0.991 1.000 1.000 0.993 0.991
     37       4.056    0.994 0.113      0.213 0.223 0.231 0.245 0.287 0.673 0.830 0.869 0.900 0.965 0.970 0.991 0.993 1.000 1.000
     38       4.751    0.995 0.096      0.196 0.207 0.215 0.229 0.271 0.661 0.821 0.860 0.892 0.961 0.966 0.988 0.991 1.000 1.000

  R CORE   ENERGY   A0R/A00=1.000    R3= 0     2  
   2( 1)    0.732                    1.000 0.000
   2( 2)  487.921                    0.000 1.000

  R CORE   ENERGY   A0R/A00=1.000    R3= 0     2  
   3( 1)  488.652                    0.000 1.000

  R CORE   ENERGY   A0R/A00=1.000    R3= 0     2     4  
   4( 1)    2.438                    1.000 0.000 0.000

  R CORE   ENERGY   A0R/A00=1.000    R3= 0     2     4  
   5( 1)  490.847                    0.000 1.000 0.000

  R CORE   ENERGY   A0R/A00=1.000    R3= 0     2     4     6  
   6( 1)    5.121                    1.000 0.000 0.000 0.000

  R CORE   ENERGY   A0R/A00=1.000    R3= 0     2     4     6  
   7( 1)  494.017                    0.000 1.000 0.000 0.000

          AXIAL SYMMETRY => K RESTRICTED TO OMEGA

                     K
     S.P. ORB#: 24  2.50
     S.P. ORB#: 25  4.50
     S.P. ORB#: 26  0.50
     S.P. ORB#: 27  0.50
     S.P. ORB#: 28  2.50
     S.P. ORB#: 29  2.50
     S.P. ORB#: 30  0.50
     S.P. ORB#: 31 -3.50
     S.P. ORB#: 32 -5.50
     S.P. ORB#: 33 -1.50
     S.P. ORB#: 34 -3.50
     S.P. ORB#: 35  0.50
     S.P. ORB#: 36 -1.50
     S.P. ORB#: 37 -1.50
     S.P. ORB#: 38 -3.50
 

             ENERGY    K= OMEGA
 
 I=  1/2- (1)  3.360  35: 0.999
 
 I=  1/2- (2)  4.794  27: 0.387
                      30:-0.922
 
 I=  1/2- (3)  5.760  26: 0.999
 
 I=  1/2- (4)  7.284  27:-0.922
                      30:-0.387
 
 I=  1/2- (5)147.631  33: 1.000

             ENERGY    K= OMEGA
 
 I=  3/2- (1)  3.429  35: 0.806
                      36: 0.592
 
 I=  3/2- (2)  3.670  26: 0.118
                      35:-0.586
                      36: 0.802

             ENERGY    K= OMEGA
 
 I=  5/2- (1)  2.787  29: 0.996
                      36: 0.087
 
 I=  5/2- (2)  3.998  26: 0.186
                      29: 0.082
                      35: 0.523
                      36:-0.827
 
 I=  5/2- (3)  4.590  26:-0.053
                      35:-0.840
                      36:-0.538
 
 I=  5/2- (4)  4.705  27: 0.478
                      30:-0.767
                      33:-0.333
                      37: 0.269
 
 I=  5/2- (5)  6.143  28: 0.125
                      30: 0.379
                      33:-0.908
                      37:-0.122

             ENERGY    K= OMEGA
 
 I=  7/2- (1)  2.790  24:-0.155
                      29: 0.177
                      31: 0.972
 
 I=  7/2- (2)  3.489  24:-0.058
                      29:-0.942
                      31: 0.163
                      36: 0.122
                      38: 0.258
 
 I=  7/2- (3)  4.649  29:-0.076
                      35:-0.836
                      36:-0.539
 
 I=  7/2- (4)  5.124  24:-0.061
                      26: 0.226
                      29: 0.074
                      35:-0.525
                      36: 0.811
                      38:-0.075
 
 I=  7/2- (5)  5.337  27:-0.332
                      30:-0.858
                      33:-0.134
                      37:-0.365

             ENERGY    K= OMEGA
 
 I=  9/2- (1)  3.689  24:-0.220
                      25: 0.050
                      29: 0.241
                      31:-0.943
 
 I=  9/2- (2)  4.415  24:-0.090
                      29:-0.894
                      31:-0.219
                      36:-0.154
                      38:-0.344
 
 I=  9/2- (3)  5.472  27:-0.498
                      30: 0.731
                      33: 0.317
                      37:-0.341
 
 I=  9/2- (4)  5.677  24: 0.052
                      26:-0.297
                      29:-0.119
                      31:-0.051
                      35:-0.536
                      36: 0.771
                      38:-0.098
 
 I=  9/2- (5)  6.528  25: 0.993
                      31: 0.054
                      38:-0.079

             ENERGY    K= OMEGA
 
 I= 11/2- (1)  2.226  25: 0.146
                      32: 0.989
 
 I= 11/2- (2)  4.808  24:-0.267
                      25: 0.061
                      29: 0.280
                      31: 0.917
                      38:-0.070
 
 I= 11/2- (3)  5.573  24:-0.119
                      29:-0.856
                      31: 0.253
                      36: 0.169
                      38: 0.397
 
 I= 11/2- (4)  6.420  27:-0.393
                      28:-0.076
                      30:-0.802
                      33:-0.167
                      34:-0.050
                      37:-0.408
 
 I= 11/2- (5)  6.848  26: 0.066
                      29:-0.088
                      35:-0.851
                      36:-0.503
                      38: 0.083

             ENERGY    K= OMEGA
 
 I= 13/2- (1)  3.671  25: 0.209
                      32:-0.978
 
 I= 13/2- (2)  6.153  24:-0.304
                      25: 0.063
                      29: 0.305
                      31:-0.894
                      38: 0.095
 
 I= 13/2- (3)  6.958  24:-0.143
                      26: 0.053
                      29:-0.821
                      31:-0.269
                      35: 0.057
                      36:-0.199
                      38:-0.431
 
 I= 13/2- (4)  7.170  27: 0.503
                      30:-0.714
                      33:-0.301
                      37: 0.383
 
 I= 13/2- (5)  8.279  26:-0.379
                      29:-0.139
                      31:-0.089
                      35:-0.531
                      36: 0.724
                      38:-0.142

             ENERGY     K=-7/2
  32 LEVELS    TIME=  0.0 SEC



 ******************* EXCITATION ENERGIES, DOMINANT CONFIGURATION AND EXPECTATION VALUES (WITH S.P. UU+VV FACTORS) *******************

  NR  Eex(keV)  I   Kdom  NY    <Jz>  <Jx**2> <Jy**2> <Jz**2> <I.j>/|I|  <Rx**2> <Ry**2> <Rz**2> <R.j>/|R|  <HROTx> <HROTy> <HROTz>

   1    0.0  11/2- -11/2  32   -5.29    2.85    2.85   30.03    5.19       4.72    4.72    0.00   -1.54      0.576   0.576   0.000
   2  561.3   5/2-   5/2  29    2.47    6.27    6.27    6.22    2.13       7.45    7.45    0.00   -3.23      0.908   0.908   0.000
   3  564.5   7/2-  -7/2  31   -3.17    6.52    6.52   11.92    3.32       7.17    7.17   -0.00   -3.11      0.874   0.874  -0.000
   4 1134.5   1/2-   1/2  35    0.50    5.53    5.53    0.25    0.03       6.00    6.00    0.00   -3.26      0.732   0.732   0.000
   5 1203.4   3/2-   1/2  35   -0.20    5.54    5.54    0.95    0.95       6.05    6.05   -0.00   -2.93      0.738   0.738  -0.000
  
   6 1263.7   7/2-   5/2  29    1.88    5.96    5.96    6.74    2.01       9.22    9.22    0.00   -2.49      1.124   1.124   0.000
   7 1444.1   3/2-  -3/2  36   -0.79    5.57    5.57    1.54    0.77       6.72    6.72   -0.00   -3.05      0.819   0.819  -0.000
   8 1445.6  13/2- -11/2  32   -5.06    2.96    2.96   29.80    4.57      10.37   10.37    0.00   -0.85      1.264   1.264   0.000
   9 1463.0   9/2-  -7/2  31   -2.84    6.62    6.62   11.63    2.89      10.44   10.44   -0.00   -2.30      1.273   1.273  -0.000
  10 1772.2   5/2-  -3/2  36   -0.85    5.65    5.65    1.67    1.01       7.88    7.88   -0.00   -2.52      0.961   0.961  -0.000
  
  11 2189.0   9/2-   5/2  29    1.41    5.72    5.72    7.15    1.93      12.08   12.08   -0.00   -1.83      1.473   1.473  -0.000
  12 2364.0   5/2-   1/2  35   -0.07    5.55    5.55    0.84   -0.16      10.83   10.83   -0.00   -2.67      1.320   1.320  -0.000
  13 2423.0   7/2-   1/2  35   -0.08    5.54    5.54    0.90    0.70      11.07   11.07   -0.00   -1.95      1.350   1.350  -0.000
  14 2479.9   5/2-   1/2  30    0.13   14.57   14.57    0.62    2.43      12.06   12.06   -0.00   -4.59      1.470   1.470  -0.000
  15 2568.7   1/2-   1/2  30    0.50   14.96   14.96    0.25    1.30      14.34   14.34   -0.00   -5.42      1.748   1.748  -0.000
  
  16 2582.1  11/2-  -7/2  31   -2.57    6.70    6.70   11.39    2.62      14.63   14.63   -0.00   -1.69      1.783   1.783  -0.000
  17 2898.0   7/2-  -3/2  36   -0.82    5.66    5.66    1.70    0.53      12.29   12.29   -0.00   -2.20      1.499   1.499  -0.000
  18 3111.6   7/2-   1/2  30    0.20   17.92   17.92    0.57    2.74      15.22   15.22    0.00   -4.63      1.855   1.855   0.000
  19 3246.9   9/2-   1/2  30    0.07   14.54   14.54    0.69    2.58      14.44   14.44   -0.00   -3.15      1.761   1.761  -0.000
  20 3347.1  11/2-   5/2  29    1.05    5.53    5.53    7.48    1.85      16.10   16.10   -0.00   -1.32      1.963   1.963  -0.000
  
  21 3451.5   9/2-  -3/2  36   -0.70    5.76    5.76    1.69    0.94      14.32   14.32   -0.00   -1.60      1.745   1.745  -0.000
  22 3534.6   1/2-   1/2  26    0.50    7.95    7.95    0.25    0.63       7.90    7.90   -0.00   -3.92      0.963   0.963  -0.000
  23 3917.7   5/2-  -3/2  33   -1.15   16.98   16.98    2.02    0.89      19.72   19.72   -0.00   -5.31      2.405   2.405  -0.000
  24 3927.2  13/2-  -7/2  31   -2.36    6.76    6.76   11.19    2.43      19.76   19.76   -0.00   -1.23      2.409   2.409  -0.000
  25 4194.0  11/2-   1/2  30    0.11   18.01   18.01    0.70    2.93      18.73   18.73    0.00   -3.14      2.283   2.283   0.000
  
  26 4302.0   9/2-   9/2  25    4.41    7.59    7.59   20.08    4.03       9.96    9.96   -0.00   -3.41      1.215   1.215  -0.000
  27 4622.7  11/2-   1/2  35   -0.02    5.53    5.53    0.92    0.64      20.06   20.06   -0.00   -1.29      2.445   2.445  -0.000
  28 4732.1  13/2-   5/2  29    0.78    5.41    5.41    7.64    1.78      21.16   21.16   -0.00   -0.93      2.580   2.580  -0.000
  29 4944.5  13/2-   1/2  30    0.02   14.57   14.57    0.73    2.62      20.99   20.99    0.00   -1.78      2.559   2.559   0.000
  30 5058.7   1/2-   1/2  27    0.50   15.81   15.81    0.25   -1.23      17.37   17.37   -0.00   -5.59      2.118   2.118  -0.000
  
  31 6053.8  13/2-  -3/2  36   -0.62    5.86    5.86    1.78    0.95      24.52   24.52   -0.00   -0.98      2.989   2.989  -0.000
  32*******   1/2-  -3/2  33    0.00    0.00    0.00    0.00   -0.00       0.00    0.00   -0.00   -0.00      0.000   0.000  -0.000
