1SPECTRUM OF (Z= 82 A=207) IN PARTICLE-ROTOR  MODEL WITH MODIFIED OSCILLATOR POTENTIAL


 PARITY=-   EPS= 0.579   GAMMA=  0.0   EPS4=0.000   EPS6=0.000   LEVELS:  24  25  26  27  28  29  30  31  32  33  34  35  36  37  38

 PAIRING FACTORS: GN0= 19.20  GN1=  7.40  IPAIR= 15 ***  E2PLUS(INPUT)=   0.730  E2PLUR(INPUT)=   0.000

 CORIOLIS ATTENUATION PARAMETERS:  CHSI=1.000  ETA=  1.00

 MOMENT OF INERTIA PARAMETERS:   A1=  0.122 MEV   A2=  0.122 MEV   A3=121.91924 MEV


 DELTA=0.923 MEV  LAMBDA=53.5626 MEV   HW0= 7.7515 MEV   LAMBDA/HW0= 6.9099

 E2ENERGY=0.730 MEV  HBAR**2/B=62160./A**(7/3)=******/A**2 MEV

 IREC=0  =>  RECOIL TERMS j+j-, j+j+, jzjz, ETC TREATED AS ONE-BODY OPERATORS WITH UU+VV PAIRING FACTORS



 S. P. LEVEL   EQP       U     V        (UU + VV)**1.00

     24       4.559    0.102 0.995      1.000 1.000 1.000 0.998 0.995 0.909 0.765 0.748 0.602 0.425 0.402 0.375 0.349 0.211 0.207
     25       4.337    0.107 0.994      1.000 1.000 1.000 0.999 0.996 0.911 0.769 0.751 0.606 0.430 0.407 0.380 0.354 0.216 0.212
     26       3.861    0.120 0.993      1.000 1.000 1.000 0.999 0.997 0.917 0.777 0.760 0.617 0.442 0.419 0.393 0.367 0.229 0.225
     27       2.951    0.158 0.987      0.998 0.999 0.999 1.000 0.999 0.931 0.801 0.784 0.647 0.476 0.454 0.428 0.402 0.266 0.262
     28       2.359    0.200 0.980      0.995 0.996 0.997 0.999 1.000 0.946 0.825 0.810 0.678 0.512 0.491 0.465 0.440 0.306 0.303
     29       1.056    0.507 0.862      0.909 0.911 0.917 0.931 0.946 1.000 0.964 0.956 0.880 0.764 0.747 0.727 0.708 0.599 0.596
     30       0.923    0.718 0.696      0.765 0.769 0.777 0.801 0.825 0.964 1.000 1.000 0.975 0.908 0.897 0.884 0.870 0.791 0.788
     31       0.926    0.737 0.676      0.748 0.751 0.760 0.784 0.810 0.956 1.000 1.000 0.980 0.919 0.909 0.896 0.883 0.807 0.804
     32       1.041    0.855 0.518      0.602 0.606 0.617 0.647 0.678 0.880 0.975 0.980 1.000 0.979 0.973 0.966 0.958 0.907 0.906
     33       1.478    0.944 0.331      0.425 0.430 0.442 0.476 0.512 0.764 0.908 0.919 0.979 1.000 1.000 0.999 0.997 0.974 0.974
     34       1.578    0.952 0.307      0.402 0.407 0.419 0.454 0.491 0.747 0.897 0.909 0.973 1.000 1.000 1.000 0.998 0.980 0.979
     35       1.721    0.960 0.279      0.375 0.380 0.393 0.428 0.465 0.727 0.884 0.896 0.966 0.999 1.000 1.000 1.000 0.985 0.984
     36       1.891    0.968 0.252      0.349 0.354 0.367 0.402 0.440 0.708 0.870 0.883 0.958 0.997 0.998 1.000 1.000 0.990 0.989
     37       4.215    0.994 0.110      0.211 0.216 0.229 0.266 0.306 0.599 0.791 0.807 0.907 0.974 0.980 0.985 0.990 1.000 1.000
     38       4.366    0.994 0.106      0.207 0.212 0.225 0.262 0.303 0.596 0.788 0.804 0.906 0.974 0.979 0.984 0.989 1.000 1.000

  R CORE   ENERGY   A0R/A00=1.000    R3= 0     2  
   2( 1)    0.732                    1.000 0.000
   2( 2)  487.921                    0.000 1.000

  R CORE   ENERGY   A0R/A00=1.000    R3= 0     2  
   3( 1)  488.652                    0.000 1.000

  R CORE   ENERGY   A0R/A00=1.000    R3= 0     2     4  
   4( 1)    2.438                    1.000 0.000 0.000

  R CORE   ENERGY   A0R/A00=1.000    R3= 0     2     4  
   5( 1)  490.847                    0.000 1.000 0.000

  R CORE   ENERGY   A0R/A00=1.000    R3= 0     2     4     6  
   6( 1)    5.121                    1.000 0.000 0.000 0.000

  R CORE   ENERGY   A0R/A00=1.000    R3= 0     2     4     6  
   7( 1)  494.017                    0.000 1.000 0.000 0.000

          AXIAL SYMMETRY => K RESTRICTED TO OMEGA

                     K
     S.P. ORB#: 24  2.50
     S.P. ORB#: 25  4.50
     S.P. ORB#: 26  0.50
     S.P. ORB#: 27  0.50
     S.P. ORB#: 28  2.50
     S.P. ORB#: 29  2.50
     S.P. ORB#: 30 -5.50
     S.P. ORB#: 31 -3.50
     S.P. ORB#: 32  0.50
     S.P. ORB#: 33 -3.50
     S.P. ORB#: 34 -1.50
     S.P. ORB#: 35  0.50
     S.P. ORB#: 36 -1.50
     S.P. ORB#: 37 -1.50
     S.P. ORB#: 38 -3.50
 

             ENERGY    K= OMEGA
 
 I=  1/2- (1)  3.176  35:-0.999
 
 I=  1/2- (2)  4.872  27: 0.442
                      32:-0.897
 
 I=  1/2- (3)  5.765  26: 0.999
 
 I=  1/2- (4)  6.822  27:-0.897
                      32:-0.442
 
 I=  1/2- (5)147.881  34: 1.000

             ENERGY    K= OMEGA
 
 I=  3/2- (1)  3.244  35:-0.796
                      36:-0.605
 
 I=  3/2- (2)  3.485  26:-0.120
                      35: 0.598
                      36:-0.792

             ENERGY    K= OMEGA
 
 I=  5/2- (1)  2.876  29: 0.994
                      36: 0.102
 
 I=  5/2- (2)  3.801  26: 0.185
                      29: 0.099
                      35: 0.528
                      36:-0.822
 
 I=  5/2- (3)  4.406  26: 0.051
                      35: 0.837
                      36: 0.542
 
 I=  5/2- (4)  4.789  27: 0.493
                      32:-0.770
                      34:-0.285
                      37: 0.287
 
 I=  5/2- (5)  6.331  27: 0.112
                      28: 0.146
                      32: 0.358
                      34:-0.906
                      37:-0.133

             ENERGY    K= OMEGA
 
 I=  7/2- (1)  2.729  24:-0.172
                      29: 0.146
                      31: 0.974
 
 I=  7/2- (2)  3.569  24:-0.059
                      29:-0.936
                      31: 0.127
                      36: 0.140
                      38: 0.290
 
 I=  7/2- (3)  4.464  29:-0.090
                      35:-0.830
                      36:-0.544
                      38: 0.057
 
 I=  7/2- (4)  4.932  24:-0.059
                      26: 0.227
                      29: 0.073
                      35:-0.532
                      36: 0.804
                      38:-0.100
 
 I=  7/2- (5)  5.372  27:-0.344
                      28:-0.051
                      32:-0.846
                      34:-0.115
                      37:-0.387

             ENERGY    K= OMEGA
 
 I=  9/2- (1)  3.597  24:-0.243
                      25: 0.050
                      29: 0.192
                      31:-0.949
 
 I=  9/2- (2)  4.488  24:-0.086
                      29:-0.888
                      31:-0.162
                      36:-0.177
                      38:-0.378
 
 I=  9/2- (3)  5.465  26:-0.294
                      29:-0.137
                      31:-0.060
                      35:-0.541
                      36: 0.763
                      38:-0.120
 
 I=  9/2- (4)  5.557  27:-0.488
                      32: 0.741
                      34: 0.271
                      37:-0.373
 
 I=  9/2- (5)  6.568  24:-0.070
                      25:-0.117
                      26:-0.078
                      35:-0.781
                      36:-0.543
                      38: 0.260

             ENERGY    K= OMEGA
 
 I= 11/2- (1)  2.089  25: 0.168
                      30: 0.986
 
 I= 11/2- (2)  4.685  24:-0.296
                      25: 0.059
                      29: 0.218
                      31: 0.926
 
 I= 11/2- (3)  5.646  24: 0.107
                      29: 0.855
                      31:-0.179
                      35:-0.052
                      36:-0.187
                      38:-0.432
 
 I= 11/2- (4)  6.441  27:-0.384
                      28:-0.079
                      32:-0.796
                      33:-0.051
                      34:-0.138
                      37:-0.437
 
 I= 11/2- (5)  6.663  26:-0.068
                      29: 0.100
                      31:-0.055
                      35: 0.847
                      36: 0.503
                      38:-0.100

             ENERGY    K= OMEGA
 
 I= 13/2- (1)  3.480  25:-0.238
                      30: 0.971
 
 I= 13/2- (2)  5.998  24:-0.337
                      25: 0.060
                      29: 0.231
                      31:-0.907
                      38: 0.060
 
 I= 13/2- (3)  7.030  24: 0.124
                      26:-0.069
                      29: 0.821
                      31: 0.180
                      35:-0.079
                      36: 0.228
                      38: 0.461
 
 I= 13/2- (4)  7.250  27: 0.477
                      32:-0.728
                      34:-0.254
                      37: 0.423
 
 I= 13/2- (5)  8.052  26: 0.374
                      29: 0.166
                      31: 0.100
                      35: 0.534
                      36:-0.712
                      38: 0.171

             ENERGY     K=-7/2
  32 LEVELS    TIME=  0.0 SEC



 ******************* EXCITATION ENERGIES, DOMINANT CONFIGURATION AND EXPECTATION VALUES (WITH S.P. UU+VV FACTORS) *******************

  NR  Eex(keV)  I   Kdom  NY    <Jz>  <Jx**2> <Jy**2> <Jz**2> <I.j>/|I|  <Rx**2> <Ry**2> <Rz**2> <R.j>/|R|  <HROTx> <HROTy> <HROTz>

   1    0.0  11/2- -11/2  30   -5.22    2.89    2.89   29.96    5.24       4.39    4.39    0.00   -1.48      0.535   0.535   0.000
   2  639.5   7/2-  -7/2  31   -3.20    6.51    6.51   11.94    3.38       6.94    6.94   -0.00   -3.10      0.846   0.846  -0.000
   3  786.4   5/2-   5/2  29    2.46    6.24    6.24    6.20    2.13       7.41    7.41   -0.00   -3.22      0.904   0.904  -0.000
   4 1086.5   1/2-   1/2  35    0.50    5.49    5.49    0.25    0.05       5.95    5.95    0.00   -3.24      0.725   0.725   0.000
   5 1154.9   3/2-   1/2  35   -0.23    5.49    5.49    0.98    0.96       5.99    5.99   -0.00   -2.92      0.730   0.730  -0.000
  
   6 1390.2  13/2- -11/2  30   -4.93    3.03    3.03   29.67    4.66       9.69    9.69    0.00   -0.72      1.182   1.182   0.000
   7 1395.6   3/2-  -3/2  36   -0.76    5.52    5.52    1.51    0.76       6.67    6.67   -0.00   -3.03      0.813   0.813  -0.000
   8 1479.2   7/2-   5/2  29    1.82    5.86    5.86    6.77    2.03       9.05    9.05   -0.00   -2.45      1.104   1.104  -0.000
   9 1507.8   9/2-  -7/2  31   -2.90    6.62    6.62   11.69    2.98      10.01   10.01   -0.00   -2.26      1.220   1.220  -0.000
  10 1711.4   5/2-  -3/2  36   -0.83    5.61    5.61    1.67    1.03       7.77    7.77   -0.00   -2.49      0.947   0.947  -0.000
  
  11 2316.5   5/2-   1/2  35   -0.08    5.50    5.50    0.85   -0.16      10.78   10.78   -0.00   -2.66      1.314   1.314  -0.000
  12 2374.2   7/2-   1/2  35   -0.09    5.49    5.49    0.94    0.71      11.00   11.00   -0.00   -1.94      1.341   1.341  -0.000
  13 2398.5   9/2-   5/2  29    1.35    5.59    5.59    7.12    1.93      11.91   11.91    0.00   -1.78      1.452   1.452   0.000
  14 2595.4  11/2-  -7/2  31   -2.66    6.72    6.72   11.47    2.73      14.01   14.01   -0.00   -1.62      1.708   1.708  -0.000
  15 2699.5   5/2-   1/2  32    0.17   14.66   14.66    0.58    2.40      12.21   12.21    0.00   -4.61      1.489   1.489   0.000
  
  16 2782.0   1/2-   1/2  32    0.50   14.82   14.82    0.25    1.32      14.18   14.18    0.00   -5.40      1.728   1.728   0.000
  17 2842.3   7/2-  -3/2  36   -0.82    5.60    5.60    1.72    0.55      12.13   12.13   -0.00   -2.18      1.479   1.479  -0.000
  18 3282.8   7/2-   1/2  32    0.18   17.71   17.71    0.60    2.78      14.84   14.84    0.00   -4.58      1.810   1.810   0.000
  19 3375.7   9/2-  -3/2  36   -0.69    5.70    5.70    1.76    0.98      14.07   14.07   -0.00   -1.56      1.716   1.716  -0.000
  20 3467.7   9/2-   1/2  32    0.07   14.77   14.77    0.68    2.57      14.68   14.68    0.00   -3.21      1.790   1.790   0.000
  
  21 3556.7  11/2-   5/2  29    1.04    5.40    5.40    7.42    1.84      16.00   16.00    0.00   -1.28      1.950   1.950   0.000
  22 3675.1   1/2-   1/2  26    0.50    7.87    7.87    0.25    0.64       7.82    7.82    0.00   -3.91      0.954   0.954   0.000
  23 3908.1  13/2-  -7/2  31   -2.47    6.79    6.79   11.29    2.56      18.97   18.97   -0.00   -1.14      2.312   2.312  -0.000
  24 4241.2   5/2-  -3/2  34   -1.13   17.06   17.06    2.05    1.02      19.44   19.44    0.00   -5.32      2.370   2.370   0.000
  25 4351.1  11/2-   1/2  32    0.08   17.78   17.78    0.74    2.94      18.43   18.43    0.00   -3.08      2.246   2.246   0.000
  
  26 4478.1   9/2-   1/2  35   -0.29    5.33    5.33    1.98    0.00      18.68   18.68    0.00   -2.07      2.278   2.278   0.000
  27 4573.2  11/2-   1/2  35   -0.04    5.47    5.47    0.98    0.65      19.97   19.97    0.00   -1.27      2.434   2.434   0.000
  28 4732.3   1/2-   1/2  27    0.50   15.85   15.85    0.25   -1.23      17.41   17.41    0.00   -5.59      2.122   2.122   0.000
  29 4940.5  13/2-   5/2  29    0.80    5.28    5.28    7.47    1.75      21.14   21.14    0.00   -0.89      2.577   2.577   0.000
  30 5160.2  13/2-   1/2  32    0.01   14.88   14.88    0.74    2.64      21.21   21.21    0.00   -1.86      2.586   2.586   0.000
  
  31 5962.4  13/2-  -3/2  36   -0.61    5.78    5.78    1.92    1.00      24.16   24.16   -0.00   -0.94      2.945   2.945  -0.000
  32*******   1/2-  -3/2  34    0.00    0.00    0.00    0.00   -0.00       0.00    0.00    0.00   -0.00      0.000   0.000   0.000
