1SPECTRUM OF (Z= 82 A=207) IN PARTICLE-ROTOR  MODEL WITH MODIFIED OSCILLATOR POTENTIAL


 PARITY=-   EPS= 0.538   GAMMA=  0.0   EPS4=0.000   EPS6=0.000   LEVELS:  24  25  26  27  28  29  30  31  32  33  34  35  36  37  38

 PAIRING FACTORS: GN0= 19.20  GN1=  7.40  IPAIR= 15 ***  E2PLUS(INPUT)=   0.730  E2PLUR(INPUT)=   0.000

 CORIOLIS ATTENUATION PARAMETERS:  CHSI=1.000  ETA=  1.00

 MOMENT OF INERTIA PARAMETERS:   A1=  0.122 MEV   A2=  0.122 MEV   A3=121.91923 MEV


 DELTA=0.860 MEV  LAMBDA=53.4276 MEV   HW0= 7.6987 MEV   LAMBDA/HW0= 6.9398

 E2ENERGY=0.730 MEV  HBAR**2/B=53668./A**(7/3)=9072.5/A**2 MEV

 IREC=0  =>  RECOIL TERMS j+j-, j+j+, jzjz, ETC TREATED AS ONE-BODY OPERATORS WITH UU+VV PAIRING FACTORS



 S. P. LEVEL   EQP       U     V        (UU + VV)**1.00

     24       4.616    0.094 0.996      1.000 1.000 1.000 0.993 0.989 0.962 0.946 0.876 0.424 0.409 0.386 0.368 0.305 0.213 0.196
     25       4.369    0.099 0.995      1.000 1.000 1.000 0.993 0.990 0.963 0.947 0.879 0.429 0.414 0.391 0.373 0.310 0.218 0.201
     26       3.901    0.111 0.994      1.000 1.000 1.000 0.994 0.992 0.966 0.951 0.884 0.440 0.425 0.402 0.384 0.322 0.230 0.213
     27       2.052    0.215 0.977      0.993 0.993 0.994 1.000 1.000 0.988 0.978 0.929 0.532 0.518 0.496 0.479 0.419 0.331 0.315
     28       1.865    0.237 0.971      0.989 0.990 0.992 1.000 1.000 0.991 0.983 0.937 0.552 0.538 0.516 0.499 0.440 0.353 0.337
     29       1.271    0.363 0.932      0.962 0.963 0.966 0.988 0.991 1.000 0.999 0.975 0.656 0.644 0.624 0.609 0.555 0.473 0.458
     30       1.145    0.412 0.911      0.946 0.947 0.951 0.978 0.983 0.999 1.000 0.985 0.696 0.684 0.665 0.650 0.598 0.519 0.504
     31       0.925    0.562 0.827      0.876 0.879 0.884 0.929 0.937 0.975 0.985 1.000 0.808 0.798 0.783 0.771 0.726 0.657 0.644
     32       1.353    0.941 0.338      0.424 0.429 0.440 0.532 0.552 0.656 0.696 0.808 1.000 1.000 0.999 0.998 0.992 0.975 0.971
     33       1.411    0.947 0.322      0.409 0.414 0.425 0.518 0.538 0.644 0.684 0.798 1.000 1.000 1.000 0.999 0.994 0.979 0.975
     34       1.511    0.955 0.298      0.386 0.391 0.402 0.496 0.516 0.624 0.665 0.783 0.999 1.000 1.000 1.000 0.996 0.983 0.980
     35       1.603    0.960 0.279      0.368 0.373 0.384 0.479 0.499 0.609 0.650 0.771 0.998 0.999 1.000 1.000 0.998 0.987 0.984
     36       2.053    0.977 0.215      0.305 0.310 0.322 0.419 0.440 0.555 0.598 0.726 0.992 0.994 0.996 0.998 1.000 0.995 0.994
     37       3.595    0.993 0.121      0.213 0.218 0.230 0.331 0.353 0.473 0.519 0.657 0.975 0.979 0.983 0.987 0.995 1.000 1.000
     38       4.176    0.995 0.104      0.196 0.201 0.213 0.315 0.337 0.458 0.504 0.644 0.971 0.975 0.980 0.984 0.994 1.000 1.000

  R CORE   ENERGY   A0R/A00=1.000    R3= 0     2  
   2( 1)    0.732                    1.000 0.000
   2( 2)  487.921                    0.000 1.000

  R CORE   ENERGY   A0R/A00=1.000    R3= 0     2  
   3( 1)  488.652                    0.000 1.000

  R CORE   ENERGY   A0R/A00=1.000    R3= 0     2     4  
   4( 1)    2.438                    1.000 0.000 0.000

  R CORE   ENERGY   A0R/A00=1.000    R3= 0     2     4  
   5( 1)  490.847                    0.000 1.000 0.000

  R CORE   ENERGY   A0R/A00=1.000    R3= 0     2     4     6  
   6( 1)    5.121                    1.000 0.000 0.000 0.000

  R CORE   ENERGY   A0R/A00=1.000    R3= 0     2     4     6  
   7( 1)  494.017                    0.000 1.000 0.000 0.000

          AXIAL SYMMETRY => K RESTRICTED TO OMEGA

                     K
     S.P. ORB#: 24  2.50
     S.P. ORB#: 25 -1.50
     S.P. ORB#: 26  0.50
     S.P. ORB#: 27  0.50
     S.P. ORB#: 28  2.50
     S.P. ORB#: 29  2.50
     S.P. ORB#: 30 -5.50
     S.P. ORB#: 31 -3.50
     S.P. ORB#: 32  0.50
     S.P. ORB#: 33  0.50
     S.P. ORB#: 34 -1.50
     S.P. ORB#: 35 -3.50
     S.P. ORB#: 36 -1.50
     S.P. ORB#: 37 -3.50
     S.P. ORB#: 38  4.50
 

             ENERGY    K= OMEGA
 
 I=  1/2- (1)  2.780  32:-0.999
 
 I=  1/2- (2)  4.928  27:-0.706
                      33: 0.708
 
 I=  1/2- (3)  5.764  26: 0.999
 
 I=  1/2- (4)  6.166  27: 0.708
                      33: 0.706
 
 I=  1/2- (5)147.814  34: 1.000

             ENERGY    K= OMEGA
 
 I=  3/2- (1)  2.846  32:-0.774
                      34:-0.633
 
 I=  3/2- (2)  3.091  26:-0.118
                      32: 0.626
                      34:-0.771

             ENERGY    K= OMEGA
 
 I=  5/2- (1)  3.068  29: 0.968
                      32:-0.085
                      34: 0.229
 
 I=  5/2- (2)  3.395  26:-0.173
                      29:-0.242
                      32:-0.531
                      34: 0.793
 
 I=  5/2- (3)  4.011  29: 0.056
                      32:-0.832
                      34:-0.549
 
 I=  5/2- (4)  5.262  25:-0.076
                      27: 0.713
                      28: 0.083
                      33:-0.628
                      36:-0.291
 
 I=  5/2- (5)  6.662  24: 0.050
                      26: 0.982
                      32:-0.135
                      34: 0.120

             ENERGY    K= OMEGA
 
 I=  7/2- (1)  2.666  24:-0.198
                      29: 0.114
                      31: 0.973
 
 I=  7/2- (2)  3.705  24: 0.062
                      29: 0.862
                      31:-0.074
                      32:-0.104
                      34:-0.228
                      37:-0.430
 
 I=  7/2- (3)  4.070  29: 0.165
                      32: 0.811
                      34: 0.538
                      37:-0.145
 
 I=  7/2- (4)  4.529  24:-0.054
                      26: 0.218
                      32:-0.548
                      34: 0.769
                      37:-0.238
 
 I=  7/2- (5)  4.817  29:-0.463
                      31: 0.069
                      32: 0.067
                      34:-0.191
                      37:-0.858

             ENERGY    K= OMEGA
 
 I=  9/2- (1)  3.261  24: 0.255
                      29:-0.132
                      31: 0.904
                      38:-0.315
 
 I=  9/2- (2)  4.600  24: 0.088
                      26:-0.080
                      29: 0.794
                      31: 0.104
                      32:-0.130
                      34: 0.292
                      37: 0.492
 
 I=  9/2- (3)  5.044  26: 0.272
                      29: 0.229
                      31: 0.074
                      32: 0.536
                      34:-0.723
                      37: 0.237
 
 I=  9/2- (4)  5.451  24: 0.110
                      29:-0.223
                      31: 0.259
                      37: 0.231
                      38: 0.904
 
 I=  9/2- (5)  6.042  25:-0.413
                      27: 0.462
                      28: 0.605
                      33:-0.229
                      35:-0.385
                      36:-0.222

             ENERGY    K= OMEGA
 
 I= 11/2- (1)  2.484  30: 1.000
 
 I= 11/2- (2)  4.127  24:-0.295
                      29: 0.140
                      31: 0.868
                      37:-0.051
                      38: 0.368
 
 I= 11/2- (3)  5.768  24: 0.105
                      29: 0.775
                      31:-0.121
                      32:-0.123
                      34:-0.261
                      37:-0.538
 
 I= 11/2- (4)  6.197  25:-0.471
                      27:-0.457
                      28:-0.594
                      33:-0.269
                      35:-0.333
                      36:-0.184
 
 I= 11/2- (5)  6.269  26:-0.072
                      29: 0.165
                      31:-0.060
                      32: 0.830
                      34: 0.492
                      37:-0.180

             ENERGY    K= OMEGA
 
 I= 13/2- (1)  4.065  30: 0.999
 
 I= 13/2- (2)  5.245  24: 0.326
                      29:-0.143
                      31: 0.845
                      37:-0.064
                      38:-0.388
 
 I= 13/2- (3)  7.138  24:-0.121
                      26: 0.144
                      29:-0.713
                      31:-0.107
                      32: 0.193
                      34:-0.373
                      37:-0.516
 
 I= 13/2- (4)  7.152  25: 0.501
                      27:-0.312
                      28:-0.681
                      33: 0.075
                      35: 0.397
                      36: 0.159
 
 I= 13/2- (5)  7.627  26: 0.337
                      29: 0.306
                      31: 0.106
                      32: 0.516
                      34:-0.644
                      37: 0.314

             ENERGY     K= 9/2
  32 LEVELS    TIME=  0.0 SEC



 ******************* EXCITATION ENERGIES, DOMINANT CONFIGURATION AND EXPECTATION VALUES (WITH S.P. UU+VV FACTORS) *******************

  NR  Eex(keV)  I   Kdom  NY    <Jz>  <Jx**2> <Jy**2> <Jz**2> <I.j>/|I|  <Rx**2> <Ry**2> <Rz**2> <R.j>/|R|  <HROTx> <HROTy> <HROTz>

   1    0.0  11/2- -11/2  30   -5.49    2.75    2.75   30.24    5.06       5.48    5.48   -0.00   -1.65      0.668   0.668  -0.001
   2  182.2   7/2-  -7/2  31   -3.19    6.49    6.49   11.93    3.48       6.52    6.52    0.00   -3.08      0.795   0.795   0.000
   3  296.1   1/2-   1/2  32    0.50    5.39    5.39    0.25    0.07       5.83    5.83    0.00   -3.21      0.711   0.711   0.000
   4  362.5   3/2-   1/2  32   -0.30    5.39    5.39    1.05    1.00       5.86    5.86    0.00   -2.89      0.714   0.714   0.000
   5  583.7   5/2-   5/2  29    2.27    6.14    6.14    5.99    2.11       7.27    7.27   -0.00   -3.15      0.887   0.887  -0.000
  
   6  606.7   3/2-  -3/2  34   -0.69    5.42    5.42    1.44    0.73       6.59    6.59    0.00   -2.99      0.804   0.804   0.000
   7  777.2   9/2-  -7/2  31   -2.21    6.20    6.20   12.54    3.54       7.24    7.24    0.00   -1.93      0.882   0.882   0.000
   8  911.0   5/2-  -3/2  34   -0.64    5.55    5.55    1.86    1.08       7.66    7.66   -0.00   -2.49      0.934   0.934  -0.000
   9 1221.0   7/2-   5/2  29    1.13    5.38    5.38    7.12    2.19       8.12    8.12   -0.00   -2.28      0.990   0.990  -0.000
  10 1527.1   5/2-   1/2  32   -0.09    5.41    5.41    0.88   -0.15      10.67   10.67    0.00   -2.63      1.301   1.301   0.000
  
  11 1581.5  13/2- -11/2  30   -5.48    2.75    2.75   30.21    4.34      11.95   11.95   -0.00   -1.11      1.457   1.457  -0.001
  12 1585.8   7/2-   1/2  32   -0.11    5.35    5.35    1.27    0.78      10.74   10.74    0.00   -1.91      1.310   1.310   0.000
  13 1643.1  11/2-  -7/2  31   -1.78    6.12    6.12   12.68    3.41       9.95    9.95    0.00   -1.02      1.213   1.213   0.000
  14 2044.7   7/2-  -3/2  34   -0.91    5.32    5.32    2.14    0.68      11.58   11.58    0.00   -2.10      1.412   1.412   0.000
  15 2116.5   9/2-   5/2  29    0.60    5.11    5.11    7.30    2.02      11.09   11.09   -0.00   -1.59      1.352   1.352  -0.000
  
  16 2333.0   7/2-  -7/2  37   -2.11    3.32    3.32   10.51    2.27       7.46    7.46    0.00   -2.11      0.909   0.909   0.000
  17 2444.1   1/2-   1/2  33    0.50   13.82   13.82    0.25    1.39      13.11   13.11    0.00   -5.21      1.599   1.599   0.000
  18 2560.2   9/2-  -3/2  34   -0.68    5.47    5.47    2.37    1.11      13.52   13.52    0.00   -1.50      1.648   1.648   0.000
  19 2761.3  13/2-  -7/2  31   -1.53    6.10    6.10   12.71    3.27      14.01   14.01    0.00   -0.40      1.708   1.708   0.000
  20 2778.1   5/2-   1/2  27    0.33   14.09   14.09    0.47    1.54      14.15   14.15    0.00   -4.53      1.725   1.725   0.000
  
  21 2967.5   9/2-   9/2  38    3.41    2.88    2.88   18.42    3.55       6.82    6.82    0.00   -1.77      0.832   0.832   0.000
  22 3279.7   1/2-   1/2  26    0.50    7.73    7.73    0.25    0.66       7.66    7.66    0.00   -3.87      0.934   0.934   0.000
  23 3283.6  11/2-   5/2  29    0.38    4.91    4.91    7.72    1.87      15.46   15.46   -0.00   -1.14      1.885   1.885  -0.000
  24 3557.6   9/2-   5/2  28    0.20   19.83   19.83    4.66    3.84      15.43   15.43    0.00   -4.54      1.881   1.881   0.000
  25 3682.1   1/2-   1/2  27    0.50   16.59   16.59    0.25   -1.26      18.18   18.18    0.00   -5.72      2.217   2.217   0.000
  
  26 3712.7  11/2-   5/2  28    0.25   20.38   20.38    4.20    4.15      15.56   15.56    0.00   -3.62      1.897   1.897   0.000
  27 3785.0  11/2-   1/2  32   -0.07    5.31    5.31    1.35    0.70      19.65   19.65    0.00   -1.24      2.396   2.396   0.000
  28 4178.1   5/2-   1/2  26    0.48    7.64    7.64    0.29    0.17      11.65   11.65    0.00   -3.12      1.420   1.420   0.000
  29 4654.2  13/2-   5/2  29    0.16    4.97    4.97    7.04    1.71      20.94   20.94   -0.00   -0.78      2.554   2.554  -0.000
  30 4668.2  13/2-   5/2  28    0.25   21.31   21.31    5.47    4.19      19.20   19.20    0.00   -3.05      2.340   2.340   0.000
  
  31 5143.4  13/2-  -3/2  34   -0.57    5.45    5.45    3.00    1.14      23.40   23.40   -0.00   -0.87      2.853   2.853  -0.000
  32*******   1/2-  -3/2  34    0.00    0.00    0.00    0.00   -0.00       0.00    0.00    0.00   -0.00      0.000   0.000   0.000
