1SPECTRUM OF (Z= 82 A=207) IN PARTICLE-ROTOR  MODEL WITH MODIFIED OSCILLATOR POTENTIAL


 PARITY=-   EPS= 0.554   GAMMA=  0.0   EPS4=0.000   EPS6=0.000   LEVELS:  24  25  26  27  28  29  30  31  32  33  34  35  36  37  38

 PAIRING FACTORS: GN0= 19.20  GN1=  7.40  IPAIR= 15 ***  E2PLUS(INPUT)=   0.730  E2PLUR(INPUT)=   0.000

 CORIOLIS ATTENUATION PARAMETERS:  CHSI=1.000  ETA=  1.00

 MOMENT OF INERTIA PARAMETERS:   A1=  0.122 MEV   A2=  0.122 MEV   A3=121.91923 MEV


 DELTA=0.894 MEV  LAMBDA=53.4762 MEV   HW0= 7.7186 MEV   LAMBDA/HW0= 6.9282

 E2ENERGY=0.730 MEV  HBAR**2/B=56908./A**(7/3)=9620.2/A**2 MEV

 IREC=0  =>  RECOIL TERMS j+j-, j+j+, jzjz, ETC TREATED AS ONE-BODY OPERATORS WITH UU+VV PAIRING FACTORS



 S. P. LEVEL   EQP       U     V        (UU + VV)**1.00

     24       4.600    0.098 0.995      1.000 1.000 1.000 0.996 0.992 0.946 0.899 0.831 0.477 0.405 0.393 0.373 0.341 0.212 0.199
     25       4.595    0.098 0.995      1.000 1.000 1.000 0.996 0.992 0.946 0.899 0.831 0.477 0.405 0.393 0.373 0.341 0.212 0.199
     26       3.888    0.116 0.993      1.000 1.000 1.000 0.997 0.994 0.951 0.907 0.841 0.493 0.422 0.409 0.390 0.358 0.230 0.217
     27       2.401    0.190 0.982      0.996 0.996 0.997 1.000 0.999 0.972 0.936 0.879 0.557 0.489 0.476 0.457 0.426 0.302 0.289
     28       2.059    0.223 0.975      0.992 0.992 0.994 0.999 1.000 0.979 0.947 0.895 0.584 0.518 0.506 0.487 0.457 0.334 0.321
     29       1.181    0.416 0.909      0.946 0.946 0.951 0.972 0.979 1.000 0.993 0.967 0.737 0.681 0.670 0.654 0.628 0.518 0.507
     30       1.001    0.524 0.852      0.899 0.899 0.907 0.936 0.947 0.993 1.000 0.991 0.814 0.765 0.756 0.742 0.718 0.619 0.608
     31       0.912    0.634 0.773      0.831 0.831 0.841 0.879 0.895 0.967 0.991 1.000 0.885 0.845 0.837 0.826 0.806 0.719 0.710
     32       1.247    0.921 0.389      0.477 0.477 0.493 0.557 0.584 0.737 0.814 0.885 1.000 0.997 0.996 0.993 0.989 0.960 0.956
     33       1.498    0.949 0.314      0.405 0.405 0.422 0.489 0.518 0.681 0.765 0.845 0.997 1.000 1.000 0.999 0.998 0.979 0.977
     34       1.557    0.954 0.301      0.393 0.393 0.409 0.476 0.506 0.670 0.756 0.837 0.996 1.000 1.000 1.000 0.998 0.982 0.979
     35       1.661    0.960 0.280      0.373 0.373 0.390 0.457 0.487 0.654 0.742 0.826 0.993 0.999 1.000 1.000 0.999 0.986 0.984
     36       1.866    0.969 0.247      0.341 0.341 0.358 0.426 0.457 0.628 0.718 0.806 0.989 0.998 0.998 0.999 1.000 0.991 0.989
     37       3.896    0.993 0.116      0.212 0.212 0.230 0.302 0.334 0.518 0.619 0.719 0.960 0.979 0.982 0.986 0.991 1.000 1.000
     38       4.390    0.995 0.102      0.199 0.199 0.217 0.289 0.321 0.507 0.608 0.710 0.956 0.977 0.979 0.984 0.989 1.000 1.000

  R CORE   ENERGY   A0R/A00=1.000    R3= 0     2  
   2( 1)    0.732                    1.000 0.000
   2( 2)  487.921                    0.000 1.000

  R CORE   ENERGY   A0R/A00=1.000    R3= 0     2  
   3( 1)  488.652                    0.000 1.000

  R CORE   ENERGY   A0R/A00=1.000    R3= 0     2     4  
   4( 1)    2.438                    1.000 0.000 0.000

  R CORE   ENERGY   A0R/A00=1.000    R3= 0     2     4  
   5( 1)  490.847                    0.000 1.000 0.000

  R CORE   ENERGY   A0R/A00=1.000    R3= 0     2     4     6  
   6( 1)    5.121                    1.000 0.000 0.000 0.000

  R CORE   ENERGY   A0R/A00=1.000    R3= 0     2     4     6  
   7( 1)  494.017                    0.000 1.000 0.000 0.000

          AXIAL SYMMETRY => K RESTRICTED TO OMEGA

                     K
     S.P. ORB#: 24  4.50
     S.P. ORB#: 25  2.50
     S.P. ORB#: 26  0.50
     S.P. ORB#: 27  0.50
     S.P. ORB#: 28  2.50
     S.P. ORB#: 29  2.50
     S.P. ORB#: 30 -5.50
     S.P. ORB#: 31 -3.50
     S.P. ORB#: 32  0.50
     S.P. ORB#: 33  0.50
     S.P. ORB#: 34 -3.50
     S.P. ORB#: 35 -1.50
     S.P. ORB#: 36 -1.50
     S.P. ORB#: 37 -3.50
     S.P. ORB#: 38 -1.50
 

             ENERGY    K= OMEGA
 
 I=  1/2- (1)  2.936  33:-0.999
 
 I=  1/2- (2)  4.946  27: 0.575
                      32:-0.818
 
 I=  1/2- (3)  5.767  26: 0.999
 
 I=  1/2- (4)  6.362  27:-0.818
                      32:-0.575
 
 I=  1/2- (5)147.964  35: 1.000

             ENERGY    K= OMEGA
 
 I=  3/2- (1)  3.004  33:-0.783
                      35:-0.621
 
 I=  3/2- (2)  3.246  26:-0.119
                      33: 0.615
                      35:-0.779

             ENERGY    K= OMEGA
 
 I=  5/2- (1)  2.991  29:-0.987
                      35:-0.147
 
 I=  5/2- (2)  3.552  26:-0.179
                      29:-0.148
                      33:-0.532
                      35: 0.813
 
 I=  5/2- (3)  4.167  33:-0.834
                      35:-0.546
 
 I=  5/2- (4)  4.890  27: 0.536
                      32:-0.751
                      36:-0.252
                      38: 0.291
 
 I=  5/2- (5)  6.526  27: 0.220
                      28: 0.182
                      32: 0.383
                      36:-0.862
                      38:-0.168

             ENERGY    K= OMEGA
 
 I=  7/2- (1)  2.676  25:-0.189
                      29: 0.123
                      31: 0.974
 
 I=  7/2- (2)  3.660  25:-0.061
                      29:-0.908
                      31: 0.094
                      33: 0.060
                      35: 0.179
                      37: 0.357
 
 I=  7/2- (3)  4.224  29: 0.123
                      33: 0.821
                      35: 0.546
                      37:-0.092
 
 I=  7/2- (4)  4.689  25:-0.055
                      26: 0.223
                      29: 0.061
                      33:-0.542
                      35: 0.789
                      37:-0.162
 
 I=  7/2- (5)  5.079  29: 0.375
                      31:-0.057
                      35: 0.125
                      37: 0.915

             ENERGY    K= OMEGA
 
 I=  9/2- (1)  3.507  25: 0.266
                      29:-0.158
                      31: 0.949
 
 I=  9/2- (2)  4.568  25:-0.083
                      26: 0.057
                      29:-0.852
                      31:-0.113
                      33: 0.084
                      35:-0.228
                      37:-0.438
 
 I=  9/2- (3)  5.207  26:-0.283
                      29:-0.178
                      31:-0.072
                      33:-0.542
                      35: 0.747
                      37:-0.173
 
 I=  9/2- (4)  5.675  27: 0.492
                      32:-0.741
                      36:-0.238
                      38: 0.390
 
 I=  9/2- (5)  6.287  24: 0.057
                      25: 0.071
                      26: 0.070
                      29: 0.275
                      33: 0.610
                      35: 0.387
                      37:-0.624

             ENERGY    K= OMEGA
 
 I= 11/2- (1)  2.113  24:-0.189
                      30:-0.982
 
 I= 11/2- (2)  4.556  24: 0.056
                      25:-0.322
                      29: 0.175
                      31: 0.927
 
 I= 11/2- (3)  5.730  25:-0.098
                      29:-0.825
                      31: 0.123
                      33: 0.083
                      35: 0.221
                      37: 0.488
 
 I= 11/2- (4)  6.424  26: 0.070
                      29:-0.127
                      31: 0.064
                      33:-0.840
                      35:-0.500
                      37: 0.138
 
 I= 11/2- (5)  6.562  27:-0.410
                      28:-0.088
                      32:-0.775
                      34:-0.056
                      36:-0.140
                      38:-0.448

             ENERGY    K= OMEGA
 
 I= 13/2- (1)  3.445  24:-0.264
                      30: 0.964
 
 I= 13/2- (2)  5.828  24: 0.054
                      25:-0.365
                      29: 0.183
                      30: 0.050
                      31:-0.907
                      35:-0.058
 
 I= 13/2- (3)  7.112  25:-0.109
                      26: 0.103
                      29:-0.784
                      31:-0.110
                      33: 0.128
                      35:-0.291
                      37:-0.499
 
 I= 13/2- (4)  7.368  27: 0.460
                      32:-0.735
                      36:-0.217
                      38: 0.449
 
 I= 13/2- (5)  7.788  26:-0.358
                      29:-0.223
                      31:-0.115
                      33:-0.532
                      35: 0.685
                      37:-0.236

             ENERGY     K=-3/2
  32 LEVELS    TIME=  0.0 SEC



 ******************* EXCITATION ENERGIES, DOMINANT CONFIGURATION AND EXPECTATION VALUES (WITH S.P. UU+VV FACTORS) *******************

  NR  Eex(keV)  I   Kdom  NY    <Jz>  <Jx**2> <Jy**2> <Jz**2> <I.j>/|I|  <Rx**2> <Ry**2> <Rz**2> <R.j>/|R|  <HROTx> <HROTy> <HROTz>

   1    0.0  11/2- -11/2  30   -5.14    2.93    2.93   29.89    5.30       4.03    4.03    0.00   -1.42      0.492   0.492   0.000
   2  562.8   7/2-  -7/2  31   -3.20    6.50    6.50   11.94    3.44       6.68    6.68   -0.00   -3.09      0.814   0.814  -0.001
   3  823.2   1/2-   1/2  33    0.50    5.43    5.43    0.25    0.06       5.88    5.88    0.00   -3.22      0.717   0.717   0.000
   4  877.5   5/2-   5/2  29    2.41    6.19    6.19    6.15    2.13       7.35    7.35    0.00   -3.19      0.896   0.896   0.000
   5  890.4   3/2-   1/2  33   -0.27    5.43    5.43    1.02    0.98       5.91    5.91   -0.00   -2.90      0.720   0.720  -0.000
  
   6 1133.2   3/2-  -3/2  35   -0.72    5.46    5.46    1.47    0.74       6.62    6.62   -0.00   -3.01      0.808   0.808  -0.000
   7 1332.0  13/2- -11/2  30   -4.80    3.09    3.09   29.53    4.76       8.99    8.99    0.00   -0.58      1.097   1.097   0.000
   8 1393.7   9/2-  -7/2  31   -2.90    6.63    6.63   11.68    3.08       9.51    9.51   -0.00   -2.20      1.159   1.159  -0.001
   9 1438.8   5/2-  -3/2  35   -0.78    5.56    5.56    1.71    1.05       7.68    7.68   -0.00   -2.48      0.936   0.936  -0.000
  10 1547.1   7/2-   5/2  29    1.55    5.64    5.64    6.91    2.10       8.64    8.64    0.00   -2.37      1.053   1.053   0.000
  
  11 2053.8   5/2-   1/2  33   -0.09    5.45    5.45    0.87   -0.16      10.71   10.71   -0.00   -2.64      1.306   1.306  -0.000
  12 2111.2   7/2-   1/2  33   -0.10    5.42    5.42    1.06    0.74      10.89   10.89   -0.00   -1.92      1.328   1.328  -0.000
  13 2442.4  11/2-  -7/2  31   -2.67    6.73    6.73   11.47    2.85      13.28   13.28   -0.00   -1.53      1.620   1.620  -0.000
  14 2455.3   9/2-   5/2  29    1.05    5.36    5.36    7.21    1.97      11.52   11.52    0.00   -1.69      1.405   1.405   0.000
  15 2576.1   7/2-  -3/2  35   -0.84    5.47    5.47    1.86    0.60      11.89   11.89   -0.00   -2.14      1.450   1.450  -0.000
  
  16 2777.2   5/2-   1/2  32    0.20   14.61   14.61    0.55    2.34      12.33   12.33    0.00   -4.60      1.503   1.503   0.000
  17 2832.9   1/2-   1/2  32    0.50   14.32   14.32    0.25    1.41      13.61   13.61    0.00   -5.31      1.659   1.659   0.000
  18 2965.4   7/2-  -7/2  37   -2.61    2.95    2.95   11.22    2.48       6.61    6.61    0.00   -2.01      0.806   0.806   0.000
  19 3094.2   9/2-  -3/2  35   -0.69    5.59    5.59    1.99    1.04      13.79   13.79   -0.00   -1.52      1.682   1.682  -0.000
  20 3561.6   9/2-   1/2  32    0.08   14.89   14.89    0.67    2.55      14.91   14.91    0.00   -3.25      1.818   1.818   0.000
  
  21 3617.2  11/2-   5/2  29    0.77    5.16    5.16    7.54    1.85      15.77   15.77    0.00   -1.22      1.922   1.922   0.000
  22 3654.1   1/2-   1/2  26    0.50    7.79    7.79    0.25    0.65       7.73    7.73   -0.00   -3.88      0.942   0.942  -0.000
  23 3715.1  13/2-  -7/2  31   -2.47    6.81    6.81   11.28    2.69      18.04   18.04   -0.00   -1.02      2.199   2.199  -0.000
  24 4173.4   9/2-  -7/2  37   -1.18    4.30    4.30    5.77    0.78      15.65   15.65    0.00   -1.87      1.908   1.908   0.000
  25 4248.5   1/2-   1/2  27    0.50   16.19   16.19    0.25   -1.29      17.81   17.81    0.00   -5.65      2.171   2.171   0.000
  
  26 4310.4  11/2-   1/2  33   -0.06    5.38    5.38    1.13    0.67      19.82   19.82   -0.00   -1.25      2.416   2.416  -0.000
  27 4413.3   5/2-  -3/2  36   -0.98   17.17   17.17    1.99    1.18      19.06   19.06    0.00   -5.32      2.324   2.324   0.000
  28 4449.0  11/2-   1/2  32    0.06   17.55   17.55    0.78    2.92      18.33   18.33    0.00   -3.04      2.235   2.235   0.000
  29 4998.4  13/2-   5/2  29    0.54    5.10    5.10    7.33    1.73      21.08   21.08    0.00   -0.84      2.570   2.570   0.000
  30 5255.3  13/2-   1/2  32    0.00   15.11   15.11    0.75    2.65      21.39   21.39    0.00   -1.91      2.608   2.608   0.000
  
  31 5674.8  13/2-  -3/2  35   -0.61    5.63    5.63    2.33    1.06      23.76   23.76    0.00   -0.90      2.897   2.897   0.000
  32*******   1/2-  -3/2  35    0.00    0.00    0.00    0.00   -0.00       0.00    0.00   -0.00   -0.00      0.000   0.000  -0.000
