1SPECTRUM OF (Z= 82 A=207) IN PARTICLE-ROTOR  MODEL WITH MODIFIED OSCILLATOR POTENTIAL


 PARITY=-   EPS= 0.557   GAMMA=  0.0   EPS4=0.000   EPS6=0.000   LEVELS:  24  25  26  27  28  29  30  31  32  33  34  35  36  37  38

 PAIRING FACTORS: GN0= 19.20  GN1=  7.40  IPAIR= 15 ***  E2PLUS(INPUT)=   0.730  E2PLUR(INPUT)=   0.000

 CORIOLIS ATTENUATION PARAMETERS:  CHSI=1.000  ETA=  1.00

 MOMENT OF INERTIA PARAMETERS:   A1=  0.122 MEV   A2=  0.122 MEV   A3=121.91924 MEV


 DELTA=0.900 MEV  LAMBDA=53.4856 MEV   HW0= 7.7224 MEV   LAMBDA/HW0= 6.9260

 E2ENERGY=0.730 MEV  HBAR**2/B=57526./A**(7/3)=9724.7/A**2 MEV

 IREC=0  =>  RECOIL TERMS j+j-, j+j+, jzjz, ETC TREATED AS ONE-BODY OPERATORS WITH UU+VV PAIRING FACTORS



 S. P. LEVEL   EQP       U     V        (UU + VV)**1.00

     24       4.591    0.098 0.995      1.000 1.000 1.000 0.996 0.992 0.942 0.887 0.822 0.491 0.402 0.397 0.370 0.348 0.212 0.201
     25       4.569    0.099 0.995      1.000 1.000 1.000 0.996 0.992 0.942 0.887 0.822 0.492 0.403 0.398 0.371 0.348 0.212 0.201
     26       3.885    0.117 0.993      1.000 1.000 1.000 0.998 0.994 0.948 0.895 0.832 0.507 0.419 0.414 0.387 0.365 0.230 0.219
     27       2.466    0.186 0.983      0.996 0.996 0.998 1.000 0.999 0.968 0.924 0.869 0.566 0.481 0.477 0.451 0.429 0.297 0.286
     28       2.095    0.220 0.975      0.992 0.992 0.994 0.999 1.000 0.976 0.937 0.886 0.595 0.512 0.507 0.482 0.461 0.331 0.320
     29       1.166    0.427 0.904      0.942 0.942 0.948 0.968 0.976 1.000 0.990 0.966 0.755 0.686 0.682 0.661 0.642 0.528 0.518
     30       0.982    0.547 0.837      0.887 0.887 0.895 0.924 0.937 0.990 1.000 0.992 0.838 0.780 0.776 0.758 0.742 0.640 0.631
     31       0.912    0.648 0.762      0.822 0.822 0.832 0.869 0.886 0.966 0.992 1.000 0.900 0.852 0.849 0.833 0.820 0.731 0.723
     32       1.220    0.915 0.403      0.491 0.492 0.507 0.566 0.595 0.755 0.838 0.900 1.000 0.995 0.994 0.991 0.988 0.955 0.952
     33       1.526    0.951 0.310      0.402 0.403 0.419 0.481 0.512 0.686 0.780 0.852 0.995 1.000 1.000 0.999 0.998 0.980 0.978
     34       1.549    0.952 0.305      0.397 0.398 0.414 0.477 0.507 0.682 0.776 0.849 0.994 1.000 1.000 1.000 0.999 0.981 0.979
     35       1.690    0.961 0.277      0.370 0.371 0.387 0.451 0.482 0.661 0.758 0.833 0.991 0.999 1.000 1.000 1.000 0.986 0.984
     36       1.832    0.967 0.254      0.348 0.348 0.365 0.429 0.461 0.642 0.742 0.820 0.988 0.998 0.999 1.000 1.000 0.990 0.988
     37       3.953    0.993 0.115      0.212 0.212 0.230 0.297 0.331 0.528 0.640 0.731 0.955 0.980 0.981 0.986 0.990 1.000 1.000
     38       4.370    0.995 0.104      0.201 0.201 0.219 0.286 0.320 0.518 0.631 0.723 0.952 0.978 0.979 0.984 0.988 1.000 1.000

  R CORE   ENERGY   A0R/A00=1.000    R3= 0     2  
   2( 1)    0.732                    1.000 0.000
   2( 2)  487.921                    0.000 1.000

  R CORE   ENERGY   A0R/A00=1.000    R3= 0     2  
   3( 1)  488.652                    0.000 1.000

  R CORE   ENERGY   A0R/A00=1.000    R3= 0     2     4  
   4( 1)    2.438                    1.000 0.000 0.000

  R CORE   ENERGY   A0R/A00=1.000    R3= 0     2     4  
   5( 1)  490.847                    0.000 1.000 0.000

  R CORE   ENERGY   A0R/A00=1.000    R3= 0     2     4     6  
   6( 1)    5.121                    1.000 0.000 0.000 0.000

  R CORE   ENERGY   A0R/A00=1.000    R3= 0     2     4     6  
   7( 1)  494.017                    0.000 1.000 0.000 0.000

          AXIAL SYMMETRY => K RESTRICTED TO OMEGA

                     K
     S.P. ORB#: 24  2.50
     S.P. ORB#: 25  4.50
     S.P. ORB#: 26  0.50
     S.P. ORB#: 27  0.50
     S.P. ORB#: 28  2.50
     S.P. ORB#: 29  2.50
     S.P. ORB#: 30 -5.50
     S.P. ORB#: 31 -3.50
     S.P. ORB#: 32  0.50
     S.P. ORB#: 33  0.50
     S.P. ORB#: 34 -3.50
     S.P. ORB#: 35 -1.50
     S.P. ORB#: 36 -1.50
     S.P. ORB#: 37 -3.50
     S.P. ORB#: 38 -1.50
 

             ENERGY    K= OMEGA
 
 I=  1/2- (1)  2.966  33:-0.999
 
 I=  1/2- (2)  4.942  27: 0.554
                      32:-0.832
 
 I=  1/2- (3)  5.767  26: 0.999
 
 I=  1/2- (4)  6.410  27:-0.832
                      32:-0.554
 
 I=  1/2- (5)147.993  35: 1.000

             ENERGY    K= OMEGA
 
 I=  3/2- (1)  3.034  33:-0.785
                      35:-0.619
 
 I=  3/2- (2)  3.276  26:-0.119
                      33: 0.613
                      35:-0.781

             ENERGY    K= OMEGA
 
 I=  5/2- (1)  2.977  29:-0.989
                      35:-0.138
 
 I=  5/2- (2)  3.582  26:-0.180
                      29:-0.138
                      33:-0.532
                      35: 0.815
 
 I=  5/2- (3)  4.197  33:-0.835
                      35:-0.546
 
 I=  5/2- (4)  4.880  27: 0.529
                      32:-0.755
                      36:-0.255
                      38: 0.291
 
 I=  5/2- (5)  6.506  27: 0.205
                      28: 0.177
                      32: 0.377
                      36:-0.871
                      38:-0.162

             ENERGY    K= OMEGA
 
 I=  7/2- (1)  2.681  24:-0.187
                      29: 0.125
                      31: 0.974
 
 I=  7/2- (2)  3.650  24:-0.061
                      29:-0.913
                      31: 0.098
                      33: 0.055
                      35: 0.173
                      37: 0.346
 
 I=  7/2- (3)  4.254  29:-0.118
                      33:-0.823
                      35:-0.546
                      37: 0.086
 
 I=  7/2- (4)  4.719  24:-0.055
                      26: 0.224
                      29: 0.064
                      33:-0.541
                      35: 0.791
                      37:-0.151
 
 I=  7/2- (5)  5.131  29: 0.362
                      31:-0.055
                      35: 0.116
                      37: 0.922

             ENERGY    K= OMEGA
 
 I=  9/2- (1)  3.516  24:-0.263
                      29: 0.161
                      31:-0.949
 
 I=  9/2- (2)  4.560  24: 0.083
                      26:-0.054
                      29: 0.858
                      31: 0.119
                      33:-0.078
                      35: 0.220
                      37: 0.429
 
 I=  9/2- (3)  5.238  26:-0.285
                      29:-0.171
                      31:-0.070
                      33:-0.542
                      35: 0.750
                      37:-0.164
 
 I=  9/2- (4)  5.661  27: 0.491
                      32:-0.742
                      36:-0.241
                      38: 0.389
 
 I=  9/2- (5)  6.326  24:-0.071
                      25:-0.059
                      26:-0.073
                      29:-0.234
                      33:-0.652
                      35:-0.424
                      37: 0.571

             ENERGY    K= OMEGA
 
 I= 11/2- (1)  2.099  25: 0.187
                      30: 0.982
 
 I= 11/2- (2)  4.569  24:-0.319
                      25: 0.056
                      29: 0.179
                      31: 0.927
 
 I= 11/2- (3)  5.721  24: 0.099
                      29: 0.830
                      31:-0.128
                      33:-0.077
                      35:-0.216
                      37:-0.480
 
 I= 11/2- (4)  6.453  26: 0.070
                      29:-0.123
                      31: 0.063
                      33:-0.841
                      35:-0.501
                      37: 0.132
 
 I= 11/2- (5)  6.545  27:-0.405
                      28:-0.087
                      32:-0.778
                      34:-0.056
                      36:-0.138
                      38:-0.448

             ENERGY    K= OMEGA
 
 I= 13/2- (1)  3.437  25:-0.261
                      30: 0.965
 
 I= 13/2- (2)  5.847  24:-0.362
                      25: 0.055
                      29: 0.187
                      31:-0.907
                      35:-0.056
 
 I= 13/2- (3)  7.103  24: 0.111
                      26:-0.097
                      29: 0.791
                      31: 0.118
                      33:-0.120
                      35: 0.281
                      37: 0.495
 
 I= 13/2- (4)  7.354  27:-0.461
                      32: 0.734
                      36: 0.220
                      38:-0.446
 
 I= 13/2- (5)  7.819  26:-0.361
                      29:-0.213
                      31:-0.113
                      33:-0.533
                      35: 0.690
                      37:-0.225

             ENERGY     K=-3/2
  32 LEVELS    TIME=  0.0 SEC



 ******************* EXCITATION ENERGIES, DOMINANT CONFIGURATION AND EXPECTATION VALUES (WITH S.P. UU+VV FACTORS) *******************

  NR  Eex(keV)  I   Kdom  NY    <Jz>  <Jx**2> <Jy**2> <Jz**2> <I.j>/|I|  <Rx**2> <Ry**2> <Rz**2> <R.j>/|R|  <HROTx> <HROTy> <HROTz>

   1    0.0  11/2- -11/2  30   -5.15    2.92    2.92   29.89    5.30       4.07    4.07    0.00   -1.42      0.496   0.496   0.000
   2  581.9   7/2-  -7/2  31   -3.20    6.50    6.50   11.94    3.44       6.71    6.71   -0.00   -3.09      0.818   0.818  -0.000
   3  867.2   1/2-   1/2  33    0.50    5.44    5.44    0.25    0.06       5.89    5.89    0.00   -3.23      0.718   0.718   0.000
   4  877.7   5/2-   5/2  29    2.42    6.20    6.20    6.16    2.13       7.36    7.36    0.00   -3.20      0.897   0.897   0.000
   5  934.6   3/2-   1/2  33   -0.27    5.44    5.44    1.02    0.98       5.92    5.92    0.00   -2.90      0.722   0.722   0.000
  
   6 1177.0   3/2-  -3/2  35   -0.72    5.47    5.47    1.47    0.75       6.63    6.63    0.00   -3.01      0.808   0.808   0.000
   7 1337.7  13/2- -11/2  30   -4.81    3.09    3.09   29.54    4.75       9.06    9.06    0.00   -0.60      1.105   1.105   0.000
   8 1417.2   9/2-  -7/2  31   -2.91    6.63    6.63   11.69    3.07       9.56    9.56   -0.00   -2.21      1.166   1.166  -0.000
   9 1483.4   5/2-  -3/2  35   -0.79    5.56    5.56    1.70    1.05       7.69    7.69    0.00   -2.48      0.937   0.937   0.000
  10 1551.2   7/2-   5/2  29    1.60    5.68    5.68    6.89    2.09       8.71    8.71    0.00   -2.39      1.061   1.061   0.000
  
  11 2097.7   5/2-   1/2  33   -0.09    5.45    5.45    0.86   -0.16      10.72   10.72    0.00   -2.64      1.307   1.307   0.000
  12 2154.9   7/2-   1/2  33   -0.10    5.43    5.43    1.03    0.73      10.91   10.91    0.00   -1.92      1.330   1.330   0.000
  13 2461.0   9/2-   5/2  29    1.10    5.39    5.39    7.20    1.97      11.58   11.58    0.00   -1.70      1.412   1.412   0.000
  14 2470.4  11/2-  -7/2  31   -2.67    6.73    6.73   11.47    2.84      13.37   13.37   -0.00   -1.54      1.630   1.630  -0.000
  15 2620.1   7/2-  -3/2  35   -0.83    5.49    5.49    1.83    0.59      11.93   11.93    0.00   -2.14      1.455   1.455   0.000
  
  16 2780.6   5/2-   1/2  32    0.20   14.62   14.62    0.55    2.35      12.32   12.32    0.00   -4.60      1.502   1.502   0.000
  17 2842.6   1/2-   1/2  32    0.50   14.40   14.40    0.25    1.40      13.69   13.69    0.00   -5.32      1.670   1.670   0.000
  18 3032.1   7/2-  -7/2  37   -2.67    2.91    2.91   11.30    2.50       6.51    6.51    0.00   -1.99      0.793   0.793   0.000
  19 3139.4   9/2-  -3/2  35   -0.69    5.61    5.61    1.94    1.03      13.83   13.83    0.00   -1.53      1.686   1.686   0.000
  20 3562.0   9/2-   1/2  32    0.08   14.89   14.89    0.67    2.55      14.88   14.88    0.00   -3.25      1.815   1.815   0.000
  
  21 3622.3  11/2-   5/2  29    0.82    5.20    5.20    7.52    1.84      15.80   15.80    0.00   -1.22      1.926   1.926   0.000
  22 3668.4   1/2-   1/2  26    0.50    7.80    7.80    0.25    0.65       7.74    7.74    0.00   -3.89      0.943   0.943   0.000
  23 3747.7  13/2-  -7/2  31   -2.47    6.81    6.81   11.28    2.68      18.14   18.14   -0.00   -1.03      2.212   2.212  -0.000
  24 4227.4   9/2-   1/2  33   -1.03    4.49    4.49    4.95    0.62      16.25   16.25    0.00   -1.90      1.981   1.981   0.000
  25 4310.7   1/2-   1/2  27    0.50   16.13   16.13    0.25   -1.29      17.74   17.74    0.00   -5.64      2.163   2.163   0.000
  
  26 4354.2  11/2-   1/2  33   -0.06    5.40    5.40    1.11    0.67      19.84   19.84    0.00   -1.26      2.419   2.419   0.000
  27 4406.8   5/2-  -3/2  36   -1.01   17.16   17.16    2.01    1.16      19.11   19.11    0.00   -5.32      2.330   2.330   0.000
  28 4445.7  11/2-   1/2  32    0.06   17.58   17.58    0.77    2.93      18.33   18.33   -0.00   -3.04      2.235   2.235  -0.000
  29 5004.0  13/2-   5/2  29    0.59    5.13    5.13    7.36    1.73      21.09   21.09    0.00   -0.85      2.571   2.571   0.000
  30 5255.1  13/2-   1/2  32    0.00   15.09   15.09    0.75    2.65      21.37   21.37    0.00   -1.91      2.606   2.606   0.000
  
  31 5719.8  13/2-  -3/2  35   -0.61    5.65    5.65    2.25    1.05      23.81   23.81    0.00   -0.90      2.903   2.903   0.000
  32*******   1/2-  -3/2  35    0.00    0.00    0.00    0.00   -0.00       0.00    0.00    0.00   -0.00      0.000   0.000   0.000
