1SPECTRUM OF (Z= 82 A=207) IN PARTICLE-ROTOR  MODEL WITH MODIFIED OSCILLATOR POTENTIAL


 PARITY=-   EPS= 0.670   GAMMA=  0.0   EPS4=0.000   EPS6=0.000   LEVELS:  24  25  26  27  28  29  30  31  32  33  34  35  36  37  38

 PAIRING FACTORS: GN0= 19.20  GN1=  7.40  IPAIR= 15 ***  E2PLUS(INPUT)=   0.730  E2PLUR(INPUT)=   0.000

 CORIOLIS ATTENUATION PARAMETERS:  CHSI=1.000  ETA=  1.00

 MOMENT OF INERTIA PARAMETERS:   A1=  0.122 MEV   A2=  0.122 MEV   A3=121.91924 MEV


 DELTA=0.840 MEV  LAMBDA=53.8548 MEV   HW0= 7.8918 MEV   LAMBDA/HW0= 6.8241

 E2ENERGY=0.730 MEV  HBAR**2/B=83235./A**(7/3)=******/A**2 MEV

 IREC=0  =>  RECOIL TERMS j+j-, j+j+, jzjz, ETC TREATED AS ONE-BODY OPERATORS WITH UU+VV PAIRING FACTORS



 S. P. LEVEL   EQP       U     V        (UU + VV)**1.00

     24       4.754    0.089 0.996      1.000 1.000 1.000 0.999 0.999 0.948 0.737 0.531 0.460 0.385 0.285 0.245 0.235 0.201 0.172
     25       4.240    0.100 0.995      1.000 1.000 1.000 1.000 0.999 0.952 0.744 0.541 0.470 0.395 0.296 0.256 0.246 0.212 0.183
     26       3.566    0.119 0.993      1.000 1.000 1.000 1.000 1.000 0.957 0.757 0.557 0.487 0.412 0.314 0.274 0.264 0.231 0.202
     27       3.331    0.127 0.992      0.999 1.000 1.000 1.000 1.000 0.960 0.762 0.564 0.494 0.420 0.322 0.283 0.272 0.239 0.210
     28       3.178    0.133 0.991      0.999 0.999 1.000 1.000 1.000 0.962 0.766 0.569 0.500 0.426 0.328 0.289 0.278 0.245 0.216
     29       1.145    0.400 0.916      0.948 0.952 0.957 0.960 0.962 1.000 0.913 0.773 0.718 0.658 0.575 0.540 0.531 0.502 0.476
     30       0.843    0.739 0.674      0.737 0.744 0.757 0.762 0.766 0.913 1.000 0.964 0.939 0.908 0.858 0.836 0.830 0.811 0.793
     31       1.037    0.891 0.454      0.531 0.541 0.557 0.564 0.569 0.773 0.964 1.000 0.997 0.986 0.963 0.952 0.948 0.937 0.926
     32       1.195    0.925 0.380      0.460 0.470 0.487 0.494 0.500 0.718 0.939 0.997 1.000 0.997 0.982 0.974 0.971 0.962 0.954
     33       1.460    0.953 0.302      0.385 0.395 0.412 0.420 0.426 0.658 0.908 0.986 0.997 1.000 0.994 0.989 0.988 0.982 0.975
     34       2.152    0.980 0.199      0.285 0.296 0.314 0.322 0.328 0.575 0.858 0.963 0.982 0.994 1.000 0.999 0.999 0.996 0.993
     35       2.683    0.987 0.159      0.245 0.256 0.274 0.283 0.289 0.540 0.836 0.952 0.974 0.989 0.999 1.000 1.000 0.999 0.997
     36       2.868    0.989 0.148      0.235 0.246 0.264 0.272 0.278 0.531 0.830 0.948 0.971 0.988 0.999 1.000 1.000 0.999 0.998
     37       3.719    0.994 0.114      0.201 0.212 0.231 0.239 0.245 0.502 0.811 0.937 0.962 0.982 0.996 0.999 0.999 1.000 1.000
     38       5.011    0.996 0.084      0.172 0.183 0.202 0.210 0.216 0.476 0.793 0.926 0.954 0.975 0.993 0.997 0.998 1.000 1.000

  R CORE   ENERGY   A0R/A00=1.000    R3= 0     2  
   2( 1)    0.732                    1.000 0.000
   2( 2)  487.921                    0.000 1.000

  R CORE   ENERGY   A0R/A00=1.000    R3= 0     2  
   3( 1)  488.652                    0.000 1.000

  R CORE   ENERGY   A0R/A00=1.000    R3= 0     2     4  
   4( 1)    2.438                    1.000 0.000 0.000

  R CORE   ENERGY   A0R/A00=1.000    R3= 0     2     4  
   5( 1)  490.847                    0.000 1.000 0.000

  R CORE   ENERGY   A0R/A00=1.000    R3= 0     2     4     6  
   6( 1)    5.121                    1.000 0.000 0.000 0.000

  R CORE   ENERGY   A0R/A00=1.000    R3= 0     2     4     6  
   7( 1)  494.017                    0.000 1.000 0.000 0.000

          AXIAL SYMMETRY => K RESTRICTED TO OMEGA

                     K
     S.P. ORB#: 24 -1.50
     S.P. ORB#: 25  2.50
     S.P. ORB#: 26  0.50
     S.P. ORB#: 27  2.50
     S.P. ORB#: 28  4.50
     S.P. ORB#: 29  0.50
     S.P. ORB#: 30 -1.50
     S.P. ORB#: 31  2.50
     S.P. ORB#: 32 -3.50
     S.P. ORB#: 33 -3.50
     S.P. ORB#: 34 -5.50
     S.P. ORB#: 35  0.50
     S.P. ORB#: 36 -1.50
     S.P. ORB#: 37 -1.50
     S.P. ORB#: 38  0.50
 

             ENERGY    K= OMEGA
 
 I=  1/2- (1)  4.191  26:-0.070
                      35:-0.998
 
 I=  1/2- (2)  5.423  29:-0.993
                      38:-0.116
 
 I=  1/2- (3)  5.547  26: 0.998
                      35:-0.070
 
 I=  1/2- (4)  9.120  29:-0.116
                      38: 0.993
 
 I=  1/2- (5)147.146  30: 1.000

             ENERGY    K= OMEGA
 
 I=  3/2- (1)  4.256  35:-0.838
                      36:-0.544
 
 I=  3/2- (2)  4.492  26: 0.147
                      35:-0.533
                      36: 0.833

             ENERGY    K= OMEGA
 
 I=  5/2- (1)  2.830  24: 0.104
                      31: 0.992
                      36: 0.070
 
 I=  5/2- (2)  4.844  25:-0.054
                      26: 0.238
                      31: 0.057
                      35: 0.511
                      36:-0.822
 
 I=  5/2- (3)  5.341  27: 0.094
                      29:-0.282
                      30: 0.917
                      37: 0.105
                      38:-0.242
 
 I=  5/2- (4)  5.413  26: 0.075
                      35: 0.837
                      36: 0.538
 
 I=  5/2- (5)  6.326  27:-0.066
                      29:-0.894
                      30:-0.329
                      37: 0.273
                      38:-0.112

             ENERGY    K= OMEGA
 
 I=  7/2- (1)  3.324  24:-0.079
                      25:-0.097
                      31: 0.488
                      33: 0.863
 
 I=  7/2- (2)  3.683  24:-0.137
                      25: 0.067
                      31: 0.851
                      33:-0.492
                      36:-0.098
 
 I=  7/2- (3)  5.453  24:-0.096
                      26:-0.069
                      35: 0.861
                      36: 0.491
 
 I=  7/2- (4)  5.946  25:-0.080
                      26: 0.274
                      31: 0.106
                      35:-0.458
                      36: 0.834
 
 I=  7/2- (5)  6.034  27:-0.212
                      29:-0.282
                      30: 0.857
                      32:-0.254
                      37:-0.079
                      38: 0.266

             ENERGY    K= OMEGA
 
 I=  9/2- (1)  4.261  24:-0.120
                      25: 0.133
                      28:-0.061
                      31:-0.570
                      33: 0.797
                      36:-0.056
 
 I=  9/2- (2)  4.746  24: 0.163
                      25: 0.111
                      28:-0.069
                      31: 0.783
                      33: 0.571
                      36: 0.129
 
 I=  9/2- (3)  5.593  28: 0.996
                      33: 0.088
 
 I=  9/2- (4)  6.545  24: 0.059
                      25:-0.078
                      26: 0.359
                      31: 0.113
                      35: 0.524
                      36:-0.756
 
 I=  9/2- (5)  6.619  27:-0.239
                      29: 0.321
                      30:-0.802
                      32: 0.270
                      37:-0.107
                      38: 0.335

             ENERGY    K= OMEGA
 
 I= 11/2- (1)  3.439  28: 0.124
                      34: 0.992
 
 I= 11/2- (2)  5.431  24:-0.157
                      25:-0.161
                      28: 0.072
                      31: 0.611
                      33: 0.752
                      36:-0.066
 
 I= 11/2- (3)  6.033  24:-0.185
                      25: 0.148
                      28:-0.096
                      31: 0.734
                      33:-0.609
                      36:-0.149
 
 I= 11/2- (4)  6.996  28: 0.985
                      33:-0.112
                      34:-0.122
 
 I= 11/2- (5)  7.600  27:-0.283
                      29:-0.576
                      30: 0.557
                      32:-0.328
                      37:-0.263
                      38: 0.317

             ENERGY    K= OMEGA
 
 I= 13/2- (1)  4.962  28:-0.179
                      34: 0.984
 
 I= 13/2- (2)  6.832  24: 0.190
                      25:-0.182
                      28: 0.073
                      31: 0.636
                      33:-0.715
                      36: 0.080
 
 I= 13/2- (3)  7.542  24: 0.200
                      25: 0.182
                      26:-0.078
                      28:-0.109
                      31: 0.689
                      33: 0.632
                      36: 0.184
 
 I= 13/2- (4)  8.649  25:-0.052
                      28:-0.975
                      33:-0.120
                      34:-0.175
 
 I= 13/2- (5)  8.706  27:-0.331
                      29: 0.300
                      30:-0.721
                      32: 0.365
                      37:-0.087
                      38: 0.373

             ENERGY     K= 1/2
  32 LEVELS    TIME=  0.0 SEC



 ******************* EXCITATION ENERGIES, DOMINANT CONFIGURATION AND EXPECTATION VALUES (WITH S.P. UU+VV FACTORS) *******************

  NR  Eex(keV)  I   Kdom  NY    <Jz>  <Jx**2> <Jy**2> <Jz**2> <I.j>/|I|  <Rx**2> <Ry**2> <Rz**2> <R.j>/|R|  <HROTx> <HROTy> <HROTz>

   1    0.0   5/2-   5/2  31    2.44    6.39    6.39    6.19    2.27       7.15    7.15    0.00   -3.24      0.871   0.871   0.000
   2  494.0   7/2-  -7/2  33   -2.00    6.52    6.52   10.68    2.99       7.86    7.86   -0.00   -2.99      0.958   0.958  -0.000
   3  609.0  11/2- -11/2  34   -5.35    2.83    2.83   30.09    5.11       5.21    5.21    0.00   -1.61      0.636   0.636   0.000
   4  853.0   7/2-   5/2  31    0.94    6.44    6.44    7.58    2.04      10.01   10.01    0.00   -2.76      1.220   1.220   0.000
   5 1361.4   1/2-   1/2  35    0.50    5.68    5.68    0.25    0.02       6.17    6.17    0.00   -3.30      0.752   0.752   0.000
  
   6 1425.9   3/2-   1/2  35   -0.09    5.68    5.68    0.84    0.92       6.21    6.21   -0.00   -2.96      0.757   0.757  -0.000
   7 1431.3   9/2-  -7/2  33   -1.38    6.56    6.56   10.04    2.48      11.60   11.60    0.00   -2.24      1.415   1.415   0.000
   8 1661.7   3/2-  -3/2  36   -0.89    5.75    5.75    1.64    0.85       6.81    6.81   -0.00   -3.12      0.830   0.830  -0.000
   9 1916.5   9/2-   5/2  31    0.38    6.48    6.48    8.09    1.81      13.90   13.90   -0.00   -2.29      1.694   1.694  -0.000
  10 2014.0   5/2-  -3/2  36   -0.84    5.84    5.84    1.64    0.98       8.14    8.14   -0.00   -2.58      0.992   0.992  -0.000
  
  11 2131.7  13/2- -11/2  34   -5.18    2.91    2.91   29.93    4.42      11.39   11.39    0.00   -1.02      1.388   1.388   0.000
  12 2511.2   5/2-  -3/2  30   -1.19   16.42   16.42    2.01    1.58      17.12   17.12    0.00   -5.16      2.088   2.088   0.000
  13 2582.7   5/2-   1/2  35   -0.07    5.71    5.71    0.85   -0.14      10.94   10.94   -0.00   -2.72      1.334   1.334  -0.000
  14 2592.7   1/2-   1/2  29    0.50   16.83   16.83    0.25    0.00      17.33   17.33    0.00   -5.76      2.113   2.113   0.000
  15 2600.9  11/2-  -7/2  33   -1.00    6.61    6.61    9.60    2.18      16.23   16.23   -0.00   -1.71      1.979   1.979  -0.000
  
  16 2623.5   7/2-   1/2  35    0.01    5.72    5.72    0.77    0.73      11.07   11.07   -0.00   -1.98      1.350   1.350  -0.000
  17 2716.6   1/2-   1/2  26    0.50    8.15    8.15    0.25    0.59       8.14    8.14    0.00   -3.98      0.992   0.992   0.000
  18 2762.6   9/2-   9/2  28    4.44    7.61    7.61   20.17    4.04       9.96    9.96   -0.00   -3.42      1.214   1.214  -0.000
  19 3115.8   7/2-  -3/2  36   -0.86    5.92    5.92    1.76    0.52      12.61   12.61   -0.00   -2.30      1.537   1.537  -0.000
  20 3203.4  11/2-   5/2  31    0.06    6.53    6.53    8.37    1.64      18.76   18.76    0.00   -1.89      2.287   2.287   0.000
  
  21 3203.6   7/2-  -3/2  30   -1.15   17.42   17.42    2.77    1.85      19.35   19.35    0.00   -4.87      2.359   2.359   0.000
  22 3495.6   5/2-   1/2  29    0.14   17.06   17.06    0.64    0.47      20.35   20.35   -0.00   -5.23      2.481   2.481  -0.000
  23 3715.3   9/2-  -3/2  36   -0.62    6.04    6.04    1.54    0.85      14.96   14.96   -0.00   -1.72      1.825   1.825  -0.000
  24 3788.7   9/2-  -3/2  30   -0.99   16.98   16.98    2.78    2.00      20.81   20.81    0.00   -4.15      2.538   2.538   0.000
  25 4002.4  13/2-  -7/2  33   -0.74    6.66    6.66    9.23    1.99      21.78   21.78   -0.00   -1.32      2.655   2.655  -0.000
  
  26 4165.9  11/2-   9/2  28    4.24    7.53    7.53   20.26    3.30      15.81   15.81   -0.00   -2.77      1.927   1.927  -0.000
  27 4712.3  13/2-   5/2  31   -0.19    6.57    6.57    8.50    1.53      24.51   24.51    0.00   -1.57      2.988   2.988   0.000
  28 4770.5  11/2-   1/2  29   -0.53   18.32   18.32    2.78    2.31      23.79   23.79    0.00   -3.72      2.901   2.901   0.000
  29 5819.0  13/2-   9/2  28    4.06    7.45    7.45   20.36    2.77      22.66   22.66   -0.00   -2.36      2.763   2.763  -0.000
  30 5876.4  13/2-  -3/2  30   -0.87   17.55   17.55    3.56    2.20      28.36   28.36    0.00   -3.10      3.458   3.458   0.000
  
  31 6289.7   1/2-   1/2  38    0.50   16.80   16.80    0.25    0.27      17.06   17.06   -0.00   -5.75      2.080   2.080  -0.000
  32*******   1/2-  -3/2  30    0.00    0.00    0.00    0.00    0.00       0.00    0.00    0.00   -0.00      0.000   0.000   0.000
