1SPECTRUM OF (Z= 82 A=207) IN PARTICLE-ROTOR  MODEL WITH MODIFIED OSCILLATOR POTENTIAL


 PARITY=-   EPS= 0.548   GAMMA=  0.0   EPS4=0.000   EPS6=0.000   LEVELS:  24  25  26  27  28  29  30  31  32  33  34  35  36  37  38

 PAIRING FACTORS: GN0= 19.20  GN1=  7.40  IPAIR= 15 ***  E2PLUS(INPUT)=   0.730  E2PLUR(INPUT)=   0.000

 CORIOLIS ATTENUATION PARAMETERS:  CHSI=1.000  ETA=  1.00

 MOMENT OF INERTIA PARAMETERS:   A1=  0.122 MEV   A2=  0.122 MEV   A3=121.91924 MEV


 DELTA=0.881 MEV  LAMBDA=53.4576 MEV   HW0= 7.7110 MEV   LAMBDA/HW0= 6.9326

 E2ENERGY=0.730 MEV  HBAR**2/B=55682./A**(7/3)=9412.9/A**2 MEV

 IREC=0  =>  RECOIL TERMS j+j-, j+j+, jzjz, ETC TREATED AS ONE-BODY OPERATORS WITH UU+VV PAIRING FACTORS



 S. P. LEVEL   EQP       U     V        (UU + VV)**1.00

     24       4.603    0.096 0.995      1.000 1.000 1.000 0.995 0.991 0.952 0.920 0.849 0.450 0.412 0.383 0.377 0.327 0.212 0.197
     25       4.570    0.097 0.995      1.000 1.000 1.000 0.995 0.991 0.953 0.920 0.850 0.451 0.413 0.384 0.378 0.327 0.213 0.197
     26       3.893    0.114 0.993      1.000 1.000 1.000 0.996 0.993 0.958 0.927 0.859 0.466 0.428 0.400 0.394 0.343 0.230 0.214
     27       2.269    0.198 0.980      0.995 0.995 0.996 1.000 1.000 0.979 0.955 0.899 0.540 0.504 0.476 0.471 0.422 0.312 0.296
     28       1.986    0.228 0.974      0.991 0.991 0.993 1.000 1.000 0.984 0.964 0.912 0.565 0.530 0.503 0.497 0.449 0.340 0.325
     29       1.213    0.395 0.919      0.952 0.953 0.958 0.979 0.984 1.000 0.996 0.970 0.701 0.670 0.647 0.642 0.599 0.500 0.486
     30       1.047    0.479 0.878      0.920 0.920 0.927 0.955 0.964 0.996 1.000 0.988 0.765 0.737 0.715 0.711 0.671 0.579 0.566
     31       0.913    0.607 0.795      0.849 0.850 0.859 0.899 0.912 0.970 0.988 1.000 0.854 0.831 0.813 0.809 0.776 0.696 0.685
     32       1.305    0.932 0.362      0.450 0.451 0.466 0.540 0.565 0.701 0.765 0.854 1.000 0.999 0.997 0.997 0.991 0.968 0.964
     33       1.443    0.947 0.322      0.412 0.413 0.428 0.504 0.530 0.670 0.737 0.831 0.999 1.000 1.000 0.999 0.996 0.978 0.974
     34       1.574    0.956 0.293      0.383 0.384 0.400 0.476 0.503 0.647 0.715 0.813 0.997 1.000 1.000 1.000 0.998 0.984 0.981
     35       1.604    0.958 0.287      0.377 0.378 0.394 0.471 0.497 0.642 0.711 0.809 0.997 0.999 1.000 1.000 0.999 0.985 0.982
     36       1.935    0.972 0.234      0.327 0.327 0.343 0.422 0.449 0.599 0.671 0.776 0.991 0.996 0.998 0.999 1.000 0.993 0.991
     37       3.782    0.993 0.117      0.212 0.213 0.230 0.312 0.340 0.500 0.579 0.696 0.968 0.978 0.984 0.985 0.993 1.000 1.000
     38       4.364    0.995 0.101      0.197 0.197 0.214 0.296 0.325 0.486 0.566 0.685 0.964 0.974 0.981 0.982 0.991 1.000 1.000

  R CORE   ENERGY   A0R/A00=1.000    R3= 0     2  
   2( 1)    0.732                    1.000 0.000
   2( 2)  487.921                    0.000 1.000

  R CORE   ENERGY   A0R/A00=1.000    R3= 0     2  
   3( 1)  488.652                    0.000 1.000

  R CORE   ENERGY   A0R/A00=1.000    R3= 0     2     4  
   4( 1)    2.438                    1.000 0.000 0.000

  R CORE   ENERGY   A0R/A00=1.000    R3= 0     2     4  
   5( 1)  490.847                    0.000 1.000 0.000

  R CORE   ENERGY   A0R/A00=1.000    R3= 0     2     4     6  
   6( 1)    5.121                    1.000 0.000 0.000 0.000

  R CORE   ENERGY   A0R/A00=1.000    R3= 0     2     4     6  
   7( 1)  494.017                    0.000 1.000 0.000 0.000

          AXIAL SYMMETRY => K RESTRICTED TO OMEGA

                     K
     S.P. ORB#: 24  2.50
     S.P. ORB#: 25 -1.50
     S.P. ORB#: 26  0.50
     S.P. ORB#: 27  0.50
     S.P. ORB#: 28  2.50
     S.P. ORB#: 29  2.50
     S.P. ORB#: 30 -5.50
     S.P. ORB#: 31 -3.50
     S.P. ORB#: 32  0.50
     S.P. ORB#: 33  0.50
     S.P. ORB#: 34 -3.50
     S.P. ORB#: 35 -1.50
     S.P. ORB#: 36 -1.50
     S.P. ORB#: 37 -3.50
     S.P. ORB#: 38  4.50
 

             ENERGY    K= OMEGA
 
 I=  1/2- (1)  2.877  33:-0.999
 
 I=  1/2- (2)  4.949  27: 0.621
                      32:-0.784
 
 I=  1/2- (3)  5.766  26: 0.999
 
 I=  1/2- (4)  6.275  27:-0.784
                      32:-0.621
 
 I=  1/2- (5)147.907  35: 1.000

             ENERGY    K= OMEGA
 
 I=  3/2- (1)  2.944  33:-0.780
                      35:-0.626
 
 I=  3/2- (2)  3.187  26: 0.118
                      33:-0.619
                      35: 0.776

             ENERGY    K= OMEGA
 
 I=  5/2- (1)  3.019  29: 0.983
                      33:-0.051
                      35: 0.168
 
 I=  5/2- (2)  3.492  26:-0.177
                      29:-0.172
                      33:-0.533
                      35: 0.809
 
 I=  5/2- (3)  4.108  29: 0.050
                      33:-0.834
                      35:-0.547
 
 I=  5/2- (4)  5.276  25:-0.052
                      27: 0.674
                      28: 0.065
                      32:-0.665
                      36:-0.310
 
 I=  5/2- (5)  6.666  24: 0.052
                      26: 0.982
                      33:-0.137
                      35: 0.121

             ENERGY    K= OMEGA
 
 I=  7/2- (1)  2.668  24:-0.192
                      29: 0.119
                      31: 0.974
 
 I=  7/2- (2)  3.679  24:-0.062
                      29:-0.895
                      31: 0.087
                      33: 0.072
                      35: 0.194
                      37: 0.380
 
 I=  7/2- (3)  4.165  29: 0.136
                      33: 0.818
                      35: 0.544
                      37:-0.108
 
 I=  7/2- (4)  4.629  24:-0.054
                      26: 0.221
                      29: 0.051
                      33:-0.545
                      35: 0.783
                      37:-0.186
 
 I=  7/2- (5)  4.976  29:-0.403
                      31: 0.061
                      35:-0.145
                      37:-0.899

             ENERGY    K= OMEGA
 
 I=  9/2- (1)  3.268  24: 0.249
                      29:-0.136
                      31: 0.907
                      38:-0.309
 
 I=  9/2- (2)  4.584  24:-0.084
                      26: 0.064
                      29:-0.835
                      31:-0.109
                      33: 0.098
                      35:-0.249
                      37:-0.456
 
 I=  9/2- (3)  5.145  26: 0.279
                      29: 0.199
                      31: 0.063
                      33: 0.541
                      35:-0.740
                      37: 0.188
 
 I=  9/2- (4)  5.641  24: 0.112
                      29:-0.195
                      31: 0.255
                      37: 0.269
                      38: 0.901
 
 I=  9/2- (5)  6.123  25:-0.392
                      27: 0.467
                      28: 0.589
                      32:-0.255
                      34:-0.396
                      36:-0.244

             ENERGY    K= OMEGA
 
 I= 11/2- (1)  2.385  30:-1.000
 
 I= 11/2- (2)  4.135  24:-0.287
                      29: 0.144
                      31: 0.871
                      37:-0.050
                      38: 0.366
 
 I= 11/2- (3)  5.749  24: 0.101
                      29: 0.810
                      31:-0.122
                      33:-0.096
                      35:-0.235
                      37:-0.504
 
 I= 11/2- (4)  6.270  25: 0.463
                      27: 0.446
                      28: 0.588
                      32: 0.299
                      34: 0.342
                      36: 0.187
 
 I= 11/2- (5)  6.364  26:-0.070
                      29: 0.146
                      31:-0.052
                      33: 0.836
                      35: 0.499
                      37:-0.148

             ENERGY    K= OMEGA
 
 I= 13/2- (1)  3.966  30: 0.998
 
 I= 13/2- (2)  5.253  24: 0.318
                      29:-0.147
                      31: 0.847
                      37:-0.064
                      38:-0.390
 
 I= 13/2- (3)  7.128  24: 0.116
                      26:-0.117
                      29: 0.761
                      31: 0.114
                      33:-0.150
                      35: 0.320
                      37: 0.506
 
 I= 13/2- (4)  7.248  25:-0.492
                      27: 0.307
                      28: 0.680
                      32:-0.074
                      34:-0.411
                      36:-0.166
 
 I= 13/2- (5)  7.725  26: 0.351
                      29: 0.262
                      31: 0.091
                      33: 0.527
                      35:-0.674
                      37: 0.255
                      38:-0.055

             ENERGY     K= 9/2
  32 LEVELS    TIME=  0.0 SEC



 ******************* EXCITATION ENERGIES, DOMINANT CONFIGURATION AND EXPECTATION VALUES (WITH S.P. UU+VV FACTORS) *******************

  NR  Eex(keV)  I   Kdom  NY    <Jz>  <Jx**2> <Jy**2> <Jz**2> <I.j>/|I|  <Rx**2> <Ry**2> <Rz**2> <R.j>/|R|  <HROTx> <HROTy> <HROTz>

   1    0.0  11/2- -11/2  30   -5.49    2.75    2.75   30.24    5.06       5.48    5.48    0.00   -1.65      0.668   0.668   0.000
   2  282.9   7/2-  -7/2  31   -3.19    6.50    6.50   11.94    3.46       6.62    6.62   -0.00   -3.08      0.807   0.807  -0.000
   3  491.4   1/2-   1/2  33    0.50    5.41    5.41    0.25    0.06       5.86    5.86    0.00   -3.22      0.715   0.715   0.000
   4  558.2   3/2-   1/2  33   -0.28    5.41    5.41    1.03    0.99       5.89    5.89    0.00   -2.90      0.718   0.718   0.000
   5  633.2   5/2-   5/2  29    2.38    6.18    6.18    6.12    2.12       7.33    7.33    0.00   -3.18      0.894   0.894   0.000
  
   6  801.8   3/2-  -3/2  35   -0.71    5.44    5.44    1.46    0.74       6.61    6.61    0.00   -3.00      0.806   0.806   0.000
   7  882.5   9/2-  -7/2  31   -2.25    6.21    6.21   12.52    3.52       7.34    7.34   -0.00   -1.94      0.895   0.895  -0.001
   8 1106.2   5/2-  -3/2  35   -0.75    5.55    5.55    1.74    1.06       7.67    7.67    0.00   -2.48      0.935   0.935   0.000
   9 1293.3   7/2-   5/2  29    1.43    5.56    5.56    6.98    2.13       8.48    8.48    0.00   -2.34      1.034   1.034   0.000
  10 1580.8  13/2- -11/2  30   -5.48    2.75    2.75   30.21    4.34      11.94   11.94    0.00   -1.11      1.456   1.456   0.000
  
  11 1722.2   5/2-   1/2  33   -0.09    5.43    5.43    0.87   -0.15      10.70   10.70    0.00   -2.64      1.304   1.304   0.000
  12 1749.2  11/2-  -7/2  31   -1.81    6.12    6.12   12.69    3.40      10.01   10.01   -0.00   -1.03      1.221   1.221  -0.000
  13 1779.8   7/2-   1/2  33   -0.11    5.40    5.40    1.11    0.75      10.85   10.85    0.00   -1.92      1.323   1.323   0.000
  14 2198.7   9/2-   5/2  29    0.91    5.28    5.28    7.24    1.98      11.40   11.40    0.00   -1.66      1.390   1.390   0.000
  15 2243.8   7/2-  -3/2  35   -0.86    5.42    5.42    1.94    0.62      11.80   11.80    0.00   -2.12      1.439   1.439   0.000
  
  16 2563.2   1/2-   1/2  32    0.50   14.14   14.14    0.25    1.42      13.42   13.42    0.00   -5.27      1.636   1.636   0.000
  17 2590.3   7/2-  -7/2  37   -2.47    3.06    3.06   11.02    2.42       6.85    6.85    0.00   -2.04      0.836   0.836   0.000
  18 2759.7   9/2-  -3/2  35   -0.67    5.56    5.56    2.09    1.06      13.71   13.71    0.00   -1.52      1.672   1.672   0.000
  19 2867.9  13/2-  -7/2  31   -1.55    6.09    6.09   12.75    3.27      14.05   14.05   -0.00   -0.40      1.712   1.712  -0.000
  20 2890.2   5/2-   1/2  27    0.31   14.16   14.16    0.47    1.55      14.19   14.19   -0.00   -4.54      1.730   1.730  -0.000
  
  21 3255.3   9/2-   9/2  38    3.30    2.82    2.82   18.44    3.54       6.81    6.81   -0.00   -1.75      0.831   0.831  -0.001
  22 3363.4  11/2-   5/2  29    0.65    5.08    5.08    7.58    1.85      15.70   15.70    0.00   -1.20      1.914   1.914   0.000
  23 3380.7   1/2-   1/2  26    0.50    7.76    7.76    0.25    0.65       7.70    7.70    0.00   -3.88      0.939   0.939   0.000
  24 3737.4   9/2-   5/2  28    0.14   19.61   19.61    4.64    3.77      15.55   15.55    0.00   -4.50      1.895   1.895   0.000
  25 3884.9  11/2-   5/2  28    0.23   20.38   20.38    4.22    4.15      15.52   15.52    0.00   -3.61      1.893   1.893   0.000
  
  26 3889.2   1/2-   1/2  27    0.50   16.33   16.33    0.25   -1.30      17.95   17.95   -0.00   -5.68      2.189   2.189  -0.000
  27 3978.6  11/2-   1/2  33   -0.05    5.36    5.36    1.20    0.68      19.76   19.76    0.00   -1.25      2.409   2.409   0.000
  28 4280.2   5/2-   1/2  26    0.48    7.68    7.68    0.30    0.17      11.69   11.69    0.00   -3.13      1.425   1.425   0.000
  29 4742.5  13/2-   5/2  29    0.41    5.05    5.05    7.24    1.72      21.05   21.05    0.00   -0.82      2.566   2.566   0.000
  30 4862.6  13/2-   5/2  28    0.21   21.27   21.27    5.59    4.19      19.22   19.22    0.00   -3.05      2.343   2.343   0.000
  
  31 5339.1  13/2-  -3/2  35   -0.55    5.58    5.58    2.51    1.08      23.64   23.64    0.00   -0.89      2.882   2.882   0.000
  32*******   1/2-  -3/2  35    0.00    0.00    0.00    0.00   -0.00       0.00    0.00    0.00   -0.00      0.000   0.000   0.000
