1SPECTRUM OF (Z= 82 A=207) IN PARTICLE-ROTOR  MODEL WITH MODIFIED OSCILLATOR POTENTIAL


 PARITY=-   EPS= 0.441   GAMMA=  0.0   EPS4=0.000   EPS6=0.000   LEVELS:  24  25  26  27  28  29  30  31  32  33  34  35  36  37  38

 PAIRING FACTORS: GN0= 19.20  GN1=  7.40  IPAIR= 15 ***  E2PLUS(INPUT)=   0.730  E2PLUR(INPUT)=   0.000

 CORIOLIS ATTENUATION PARAMETERS:  CHSI=1.000  ETA=  1.00

 MOMENT OF INERTIA PARAMETERS:   A1=  0.122 MEV   A2=  0.122 MEV   A3=121.91924 MEV


 DELTA=0.853 MEV  LAMBDA=53.4788 MEV   HW0= 7.5956 MEV   LAMBDA/HW0= 7.0408

 E2ENERGY=0.730 MEV  HBAR**2/B=36060./A**(7/3)=6095.9/A**2 MEV

 IREC=0  =>  RECOIL TERMS j+j-, j+j+, jzjz, ETC TREATED AS ONE-BODY OPERATORS WITH UU+VV PAIRING FACTORS



 S. P. LEVEL   EQP       U     V        (UU + VV)**1.00

     24       4.238    0.101 0.995      1.000 1.000 0.999 0.999 0.996 0.989 0.946 0.816 0.756 0.744 0.356 0.343 0.293 0.267 0.241
     25       4.160    0.103 0.995      1.000 1.000 0.999 0.999 0.996 0.989 0.946 0.818 0.758 0.746 0.358 0.345 0.294 0.269 0.243
     26       2.925    0.147 0.989      0.999 0.999 1.000 1.000 0.999 0.995 0.960 0.843 0.786 0.775 0.399 0.387 0.337 0.312 0.286
     27       2.796    0.154 0.988      0.999 0.999 1.000 1.000 0.999 0.995 0.962 0.846 0.790 0.779 0.406 0.393 0.343 0.319 0.293
     28       2.303    0.189 0.982      0.996 0.996 0.999 0.999 1.000 0.998 0.971 0.864 0.811 0.800 0.437 0.425 0.376 0.351 0.326
     29       1.762    0.250 0.968      0.989 0.989 0.995 0.995 0.998 1.000 0.984 0.894 0.846 0.836 0.493 0.481 0.433 0.409 0.384
     30       1.121    0.419 0.908      0.946 0.946 0.960 0.962 0.971 0.984 1.000 0.960 0.928 0.921 0.640 0.630 0.587 0.566 0.543
     31       0.861    0.657 0.754      0.816 0.818 0.843 0.846 0.864 0.894 0.960 1.000 0.995 0.993 0.830 0.823 0.791 0.775 0.757
     32       0.855    0.727 0.686      0.756 0.758 0.786 0.790 0.811 0.846 0.928 0.995 1.000 1.000 0.881 0.874 0.847 0.833 0.817
     33       0.857    0.740 0.673      0.744 0.746 0.775 0.779 0.800 0.836 0.921 0.993 1.000 1.000 0.889 0.883 0.856 0.842 0.827
     34       1.702    0.966 0.260      0.356 0.358 0.399 0.406 0.437 0.493 0.640 0.830 0.881 0.889 1.000 1.000 0.998 0.996 0.993
     35       1.785    0.969 0.247      0.343 0.345 0.387 0.393 0.425 0.481 0.630 0.823 0.874 0.883 1.000 1.000 0.999 0.997 0.994
     36       2.238    0.981 0.194      0.293 0.294 0.337 0.343 0.376 0.433 0.587 0.791 0.847 0.856 0.998 0.999 1.000 1.000 0.999
     37       2.570    0.986 0.168      0.267 0.269 0.312 0.319 0.351 0.409 0.566 0.775 0.833 0.842 0.996 0.997 1.000 1.000 1.000
     38       3.047    0.990 0.141      0.241 0.243 0.286 0.293 0.326 0.384 0.543 0.757 0.817 0.827 0.993 0.994 0.999 1.000 1.000

  R CORE   ENERGY   A0R/A00=1.000    R3= 0     2  
   2( 1)    0.732                    1.000 0.000
   2( 2)  487.921                    0.000 1.000

  R CORE   ENERGY   A0R/A00=1.000    R3= 0     2  
   3( 1)  488.652                    0.000 1.000

  R CORE   ENERGY   A0R/A00=1.000    R3= 0     2     4  
   4( 1)    2.438                    1.000 0.000 0.000

  R CORE   ENERGY   A0R/A00=1.000    R3= 0     2     4  
   5( 1)  490.847                    0.000 1.000 0.000

  R CORE   ENERGY   A0R/A00=1.000    R3= 0     2     4     6  
   6( 1)    5.121                    1.000 0.000 0.000 0.000

  R CORE   ENERGY   A0R/A00=1.000    R3= 0     2     4     6  
   7( 1)  494.017                    0.000 1.000 0.000 0.000

          AXIAL SYMMETRY => K RESTRICTED TO OMEGA

                     K
     S.P. ORB#: 24  0.50
     S.P. ORB#: 25  0.50
     S.P. ORB#: 26 -5.50
     S.P. ORB#: 27 -1.50
     S.P. ORB#: 28  2.50
     S.P. ORB#: 29 -3.50
     S.P. ORB#: 30  2.50
     S.P. ORB#: 31  0.50
     S.P. ORB#: 32  0.50
     S.P. ORB#: 33 -1.50
     S.P. ORB#: 34 -3.50
     S.P. ORB#: 35 -3.50
     S.P. ORB#: 36  4.50
     S.P. ORB#: 37  0.50
     S.P. ORB#: 38 -1.50
 

             ENERGY    K= OMEGA
 
 I=  1/2- (1)  2.207  31:-0.999
 
 I=  1/2- (2)  3.588  25: 0.260
                      32:-0.922
                      37: 0.286
 
 I=  1/2- (3)  5.989  24: 0.999
 
 I=  1/2- (4)  6.579  25: 0.244
                      32:-0.224
                      37:-0.944
 
 I=  1/2- (5) 10.301  25:-0.934
                      32:-0.315
                      37:-0.166

             ENERGY    K= OMEGA
 
 I=  3/2- (1)  2.189  31: 0.505
                      33:-0.863
 
 I=  3/2- (2)  2.401  24: 0.176
                      31: 0.851
                      33: 0.495

             ENERGY    K= OMEGA
 
 I=  5/2- (1)  2.534  24:-0.231
                      31: 0.503
                      33: 0.832
 
 I=  5/2- (2)  3.394  24: 0.063
                      28: 0.069
                      31:-0.846
                      33: 0.525
 
 I=  5/2- (3)  3.795  25: 0.214
                      32:-0.836
                      37: 0.433
                      38: 0.260
 
 I=  5/2- (4)  4.108  28: 0.996
                      33:-0.076
 
 I=  5/2- (5)  5.938  25: 0.186
                      27:-0.572
                      30: 0.798

             ENERGY    K= OMEGA
 
 I=  7/2- (1)  2.609  28: 0.164
                      34:-0.985
 
 I=  7/2- (2)  3.417  28:-0.067
                      29:-0.055
                      31:-0.697
                      33: 0.711
 
 I=  7/2- (3)  3.623  24: 0.300
                      28:-0.101
                      29:-0.237
                      31: 0.667
                      33: 0.631
 
 I=  7/2- (4)  3.691  24:-0.078
                      28:-0.148
                      29:-0.954
                      31:-0.125
                      33:-0.212
 
 I=  7/2- (5)  4.093  25: 0.053
                      27:-0.167
                      30:-0.176
                      32:-0.870
                      35:-0.065
                      37:-0.253
                      38:-0.337

             ENERGY    K= OMEGA
 
 I=  9/2- (1)  3.133  28: 0.105
                      29:-0.251
                      34: 0.367
                      36: 0.889
 
 I=  9/2- (2)  3.703  24: 0.050
                      28:-0.215
                      29:-0.148
                      31:-0.071
                      33:-0.119
                      34:-0.887
                      36: 0.352
 
 I=  9/2- (3)  3.908  24: 0.354
                      31:-0.542
                      33:-0.745
                      34: 0.153
 
 I=  9/2- (4)  4.717  25: 0.154
                      27: 0.070
                      30:-0.134
                      32:-0.777
                      35: 0.066
                      37: 0.480
                      38: 0.338
 
 I=  9/2- (5)  4.873  28:-0.254
                      29: 0.923
                      31: 0.053
                      36: 0.284

             ENERGY    K= OMEGA
 
 I= 11/2- (1)  3.996  25: 0.470
                      27: 0.558
                      30: 0.481
                      32: 0.388
                      35: 0.207
                      37: 0.123
                      38: 0.165
 
 I= 11/2- (2)  4.217  26:-0.686
                      28:-0.104
                      29:-0.233
                      34: 0.290
                      36:-0.616
 
 I= 11/2- (3)  4.308  26:-0.727
                      28: 0.111
                      29: 0.224
                      34:-0.308
                      36: 0.561
 
 I= 11/2- (4)  5.021  28: 0.249
                      29:-0.210
                      33:-0.077
                      34:-0.853
                      36:-0.399
 
 I= 11/2- (5)  5.562  25:-0.349
                      27:-0.206
                      30:-0.185
                      32: 0.757
                      35:-0.107
                      37: 0.293
                      38: 0.362

             ENERGY    K= OMEGA
 
 I= 13/2- (1)  5.612  26: 0.260
                      28:-0.179
                      29: 0.353
                      33:-0.054
                      34:-0.423
                      36:-0.770
 
 I= 13/2- (2)  5.803  25: 0.166
                      27:-0.560
                      30: 0.674
                      32: 0.207
                      35:-0.366
                      37:-0.090
                      38:-0.140
 
 I= 13/2- (3)  5.866  26: 0.964
                      28: 0.067
                      29:-0.097
                      34: 0.154
                      36: 0.177
 
 I= 13/2- (4)  6.121  24: 0.437
                      28:-0.074
                      31:-0.545
                      33:-0.699
                      36: 0.118
 
 I= 13/2- (5)  6.579  24:-0.056
                      28:-0.264
                      29:-0.251
                      31: 0.080
                      33: 0.066
                      34:-0.828
                      36: 0.407

             ENERGY     K=-3/2
  32 LEVELS    TIME=  0.0 SEC



 ******************* EXCITATION ENERGIES, DOMINANT CONFIGURATION AND EXPECTATION VALUES (WITH S.P. UU+VV FACTORS) *******************

  NR  Eex(keV)  I   Kdom  NY    <Jz>  <Jx**2> <Jy**2> <Jz**2> <I.j>/|I|  <Rx**2> <Ry**2> <Rz**2> <R.j>/|R|  <HROTx> <HROTy> <HROTz>

   1    0.0   3/2-  -3/2  33   -0.99    5.13    5.13    1.74    1.25       5.45    5.45    0.00   -2.90      0.665   0.665   0.000
   2   17.8   1/2-   1/2  31    0.50    5.15    5.15    0.25    0.18       5.49    5.49    0.00   -3.13      0.669   0.669   0.000
   3  212.2   3/2-   1/2  31    0.01    5.08    5.08    0.74    0.74       5.89    5.89    0.00   -2.76      0.718   0.718   0.000
   4  344.6   5/2-  -3/2  33   -0.88    5.32    5.32    1.65    1.49       6.12    6.12    0.00   -2.26      0.746   0.746   0.000
   5  419.6   7/2-  -7/2  34   -3.34    2.34    2.34   12.08    3.18       3.66    3.66   -0.00   -1.54      0.446   0.446  -0.000
  
   6  943.4   9/2-   9/2  36    2.90    2.67    2.67   18.51    4.06       4.09    4.09   -0.00   -1.27      0.498   0.498  -0.000
   7 1204.9   5/2-   1/2  31   -0.04    5.16    5.16    0.83   -0.12      10.31   10.31    0.00   -2.54      1.257   1.257   0.000
   8 1227.9   7/2-  -3/2  33   -0.52    5.12    5.12    1.34    0.81      10.45   10.45    0.00   -1.83      1.274   1.274   0.000
   9 1399.2   1/2-   1/2  32    0.50   10.09   10.09    0.25    1.01       9.72    9.72    0.00   -4.44      1.185   1.185   0.000
  10 1433.4   7/2-   1/2  31   -0.50    5.25    5.25    1.79    1.06       9.82    9.82   -0.00   -1.82      1.197   1.197  -0.000
  
  11 1501.8   7/2-  -7/2  29   -3.19    6.23    6.23   11.41    2.97       8.02    8.02    0.00   -3.02      0.978   0.978   0.000
  12 1514.2   9/2-  -7/2  34   -2.17    2.51    2.51   12.74    2.69       7.86    7.86   -0.00   -1.10      0.958   0.958  -0.000
  13 1605.8   5/2-   1/2  32    0.36   10.82   10.82    0.39    1.99       9.50    9.50    0.00   -3.70      1.159   1.159   0.000
  14 1718.9   9/2-  -3/2  33   -0.70    5.46    5.46    1.68    1.61      10.67   10.67   -0.00   -0.99      1.301   1.301  -0.000
  15 1806.5  11/2-  -3/2  27    0.12   23.61   23.61    2.83    6.06       6.64    6.64    0.00   -3.78      0.809   0.809   0.000
  
  16 1904.3   7/2-   1/2  32    0.26   15.25   15.25    0.77    3.03      11.50   11.50   -0.00   -4.02      1.403   1.403  -0.000
  17 1918.4   5/2-   5/2  28    2.47    6.11    6.11    6.22    2.08       7.44    7.44    0.00   -3.19      0.907   0.907   0.000
  18 2027.8  11/2- -11/2  26   -1.34    2.82    2.82   23.70    4.26       7.08    7.08   -0.00   -1.03      0.863   0.863  -0.000
  19 2118.9  11/2- -11/2  26   -1.97    2.84    2.84   24.19    4.26       7.31    7.31   -0.00   -1.14      0.891   0.891  -0.000
  20 2528.2   9/2-   1/2  32    0.28   11.99   11.99    0.65    2.39      12.80   12.80    0.00   -2.52      1.560   1.560   0.000
  
  21 2683.7   9/2-  -7/2  29   -2.46    5.95    5.95   12.47    2.43      12.46   12.46   -0.00   -2.46      1.520   1.520  -0.000
  22 2832.0  11/2-  -7/2  34   -1.84    2.59    2.59   13.10    2.32      13.11   13.11   -0.00   -0.85      1.599   1.599  -0.000
  23 3373.0  11/2-   1/2  32    0.18   12.59   12.59    0.94    2.59      15.46   15.46    0.00   -1.91      1.884   1.884   0.000
  24 3423.2  13/2-   9/2  36    1.31    3.07    3.07   17.97    3.17      14.29   14.29   -0.00   -0.37      1.742   1.742  -0.000
  25 3614.1  13/2-   5/2  30    0.21   23.05   23.05    5.25    4.85      16.19   16.19    0.00   -3.07      1.973   1.973   0.000
  
  26 3676.5  13/2- -11/2  26   -5.07    2.79    2.79   29.17    4.21      12.34   12.34    0.00   -1.07      1.504   1.504   0.000
  27 3748.8   5/2-   5/2  30    1.12   23.13   23.13    4.72    4.32      17.08   17.08   -0.00   -6.53      2.082   2.082  -0.000
  28 3800.3   1/2-   1/2  24    0.50    7.27    7.27    0.25    0.64       7.22    7.22    0.00   -3.75      0.880   0.880   0.000
  29 3932.2  13/2-  -3/2  33   -0.43    5.66    5.66    1.62    1.72      18.81   18.81    0.00   -0.15      2.293   2.293   0.000
  30 4390.2   1/2-   1/2  37    0.50   15.65   15.65    0.25   -0.31      16.41   16.41    0.00   -5.55      2.001   2.001   0.000
  
  31 4390.3  13/2-  -7/2  34   -1.72    2.71    2.71   13.03    2.03      19.45   19.45   -0.00   -0.69      2.371   2.371  -0.000
  32 8111.8   1/2-   1/2  25    0.50   23.16   23.16    0.25   -3.53      26.71   26.71    0.00   -6.79      3.257   3.257   0.000
