1SPECTRUM OF (Z= 82 A=207) IN PARTICLE-ROTOR  MODEL WITH MODIFIED OSCILLATOR POTENTIAL


 PARITY=-   EPS= 0.603   GAMMA=  0.0   EPS4=0.000   EPS6=0.000   LEVELS:  24  25  26  27  28  29  30  31  32  33  34  35  36  37  38

 PAIRING FACTORS: GN0= 19.20  GN1=  7.40  IPAIR= 15 ***  E2PLUS(INPUT)=   0.730  E2PLUR(INPUT)=   0.000

 CORIOLIS ATTENUATION PARAMETERS:  CHSI=1.000  ETA=  1.00

 MOMENT OF INERTIA PARAMETERS:   A1=  0.122 MEV   A2=  0.122 MEV   A3=121.91924 MEV


 DELTA=0.908 MEV  LAMBDA=53.6686 MEV   HW0= 7.7853 MEV   LAMBDA/HW0= 6.8936

 E2ENERGY=0.730 MEV  HBAR**2/B=67420./A**(7/3)=******/A**2 MEV

 IREC=0  =>  RECOIL TERMS j+j-, j+j+, jzjz, ETC TREATED AS ONE-BODY OPERATORS WITH UU+VV PAIRING FACTORS



 S. P. LEVEL   EQP       U     V        (UU + VV)**1.00

     24       4.524    0.101 0.995      1.000 1.000 1.000 1.000 0.997 0.858 0.738 0.657 0.597 0.471 0.447 0.341 0.320 0.213 0.195
     25       4.083    0.112 0.994      1.000 1.000 1.000 1.000 0.998 0.864 0.746 0.665 0.606 0.480 0.457 0.351 0.330 0.224 0.206
     26       3.834    0.119 0.993      1.000 1.000 1.000 1.000 0.998 0.867 0.751 0.671 0.612 0.487 0.463 0.358 0.337 0.231 0.213
     27       3.491    0.131 0.991      1.000 1.000 1.000 1.000 0.999 0.873 0.758 0.680 0.622 0.497 0.474 0.369 0.349 0.243 0.225
     28       2.650    0.174 0.985      0.997 0.998 0.998 0.999 1.000 0.894 0.786 0.711 0.655 0.534 0.511 0.409 0.389 0.284 0.267
     29       0.947    0.598 0.802      0.858 0.864 0.867 0.873 0.894 1.000 0.980 0.951 0.925 0.857 0.843 0.775 0.761 0.685 0.671
     30       0.914    0.746 0.666      0.738 0.746 0.751 0.758 0.786 0.980 1.000 0.994 0.982 0.943 0.933 0.886 0.875 0.816 0.805
     31       0.963    0.816 0.578      0.657 0.665 0.671 0.680 0.711 0.951 0.994 1.000 0.997 0.974 0.968 0.933 0.924 0.876 0.867
     32       1.030    0.858 0.514      0.597 0.606 0.612 0.622 0.655 0.925 0.982 0.997 1.000 0.989 0.984 0.958 0.951 0.911 0.903
     33       1.294    0.925 0.379      0.471 0.480 0.487 0.497 0.534 0.857 0.943 0.974 0.989 1.000 1.000 0.990 0.987 0.962 0.957
     34       1.371    0.935 0.354      0.447 0.457 0.463 0.474 0.511 0.843 0.933 0.968 0.984 1.000 1.000 0.993 0.991 0.969 0.965
     35       1.916    0.970 0.244      0.341 0.351 0.358 0.369 0.409 0.775 0.886 0.933 0.958 0.990 0.993 1.000 1.000 0.991 0.989
     36       2.092    0.975 0.223      0.320 0.330 0.337 0.349 0.389 0.761 0.875 0.924 0.951 0.987 0.991 1.000 1.000 0.994 0.992
     37       4.034    0.994 0.113      0.213 0.224 0.231 0.243 0.284 0.685 0.816 0.876 0.911 0.962 0.969 0.991 0.994 1.000 1.000
     38       4.807    0.995 0.095      0.195 0.206 0.213 0.225 0.267 0.671 0.805 0.867 0.903 0.957 0.965 0.989 0.992 1.000 1.000

  R CORE   ENERGY   A0R/A00=1.000    R3= 0     2  
   2( 1)    0.732                    1.000 0.000
   2( 2)  487.921                    0.000 1.000

  R CORE   ENERGY   A0R/A00=1.000    R3= 0     2  
   3( 1)  488.652                    0.000 1.000

  R CORE   ENERGY   A0R/A00=1.000    R3= 0     2     4  
   4( 1)    2.438                    1.000 0.000 0.000

  R CORE   ENERGY   A0R/A00=1.000    R3= 0     2     4  
   5( 1)  490.847                    0.000 1.000 0.000

  R CORE   ENERGY   A0R/A00=1.000    R3= 0     2     4     6  
   6( 1)    5.121                    1.000 0.000 0.000 0.000

  R CORE   ENERGY   A0R/A00=1.000    R3= 0     2     4     6  
   7( 1)  494.017                    0.000 1.000 0.000 0.000

          AXIAL SYMMETRY => K RESTRICTED TO OMEGA

                     K
     S.P. ORB#: 24  2.50
     S.P. ORB#: 25  4.50
     S.P. ORB#: 26  0.50
     S.P. ORB#: 27  0.50
     S.P. ORB#: 28  2.50
     S.P. ORB#: 29  2.50
     S.P. ORB#: 30  0.50
     S.P. ORB#: 31 -3.50
     S.P. ORB#: 32 -5.50
     S.P. ORB#: 33 -1.50
     S.P. ORB#: 34 -3.50
     S.P. ORB#: 35  0.50
     S.P. ORB#: 36 -1.50
     S.P. ORB#: 37 -1.50
     S.P. ORB#: 38 -3.50
 

             ENERGY    K= OMEGA
 
 I=  1/2- (1)  3.387  35: 0.999
 
 I=  1/2- (2)  4.788  27:-0.382
                      30: 0.924
 
 I=  1/2- (3)  5.759  26: 0.999
 
 I=  1/2- (4)  7.353  27: 0.924
                      30: 0.382
 
 I=  1/2- (5)147.597  33: 1.000

             ENERGY    K= OMEGA
 
 I=  3/2- (1)  3.456  35: 0.807
                      36: 0.590
 
 I=  3/2- (2)  3.696  26: 0.118
                      35:-0.584
                      36: 0.803

             ENERGY    K= OMEGA
 
 I=  5/2- (1)  2.776  29: 0.996
                      36: 0.085
 
 I=  5/2- (2)  4.026  26: 0.186
                      29: 0.080
                      35: 0.522
                      36:-0.828
 
 I=  5/2- (3)  4.616  26:-0.054
                      35:-0.840
                      36:-0.537
 
 I=  5/2- (4)  4.697  27:-0.477
                      30: 0.765
                      33: 0.342
                      37:-0.265
 
 I=  5/2- (5)  6.118  28: 0.123
                      30: 0.385
                      33:-0.906
                      37:-0.121

             ENERGY    K= OMEGA
 
 I=  7/2- (1)  2.801  24:-0.153
                      29: 0.183
                      31: 0.971
 
 I=  7/2- (2)  3.479  24:-0.058
                      29:-0.942
                      31: 0.170
                      36: 0.120
                      38: 0.254
 
 I=  7/2- (3)  4.675  29:-0.075
                      35:-0.837
                      36:-0.538
 
 I=  7/2- (4)  5.151  24:-0.061
                      26: 0.226
                      29: 0.074
                      35:-0.524
                      36: 0.812
                      38:-0.073
 
 I=  7/2- (5)  5.341  27: 0.334
                      30: 0.858
                      33: 0.142
                      37: 0.360

             ENERGY    K= OMEGA
 
 I=  9/2- (1)  3.704  24:-0.216
                      25: 0.050
                      29: 0.250
                      31:-0.941
 
 I=  9/2- (2)  4.405  24: 0.091
                      29: 0.893
                      31: 0.230
                      36: 0.151
                      38: 0.340
 
 I=  9/2- (3)  5.464  27:-0.501
                      30: 0.728
                      33: 0.326
                      37:-0.335
 
 I=  9/2- (4)  5.708  24: 0.053
                      26:-0.297
                      29:-0.117
                      31:-0.050
                      35:-0.536
                      36: 0.772
                      38:-0.095
 
 I=  9/2- (5)  6.496  25: 0.994
                      31: 0.054
                      38:-0.068

             ENERGY    K= OMEGA
 
 I= 11/2- (1)  2.255  25: 0.143
                      32: 0.990
 
 I= 11/2- (2)  4.827  24:-0.262
                      25: 0.061
                      29: 0.293
                      31: 0.914
                      38:-0.075
 
 I= 11/2- (3)  5.563  24: 0.121
                      29: 0.853
                      31:-0.267
                      36:-0.167
                      38:-0.393
 
 I= 11/2- (4)  6.426  27: 0.396
                      28: 0.077
                      30: 0.802
                      33: 0.174
                      34: 0.051
                      37: 0.402
 
 I= 11/2- (5)  6.875  26: 0.065
                      29:-0.087
                      35:-0.852
                      36:-0.503
                      38: 0.081

             ENERGY    K= OMEGA
 
 I= 13/2- (1)  3.708  25: 0.205
                      32:-0.979
 
 I= 13/2- (2)  6.176  24:-0.299
                      25: 0.063
                      29: 0.320
                      31:-0.890
                      38: 0.102
 
 I= 13/2- (3)  6.948  24: 0.147
                      26:-0.051
                      29: 0.817
                      31: 0.287
                      35:-0.055
                      36: 0.196
                      38: 0.426
 
 I= 13/2- (4)  7.163  27:-0.508
                      30: 0.710
                      33: 0.310
                      37:-0.376
 
 I= 13/2- (5)  8.313  26:-0.379
                      29:-0.136
                      31:-0.087
                      35:-0.530
                      36: 0.726
                      38:-0.139

             ENERGY     K=-7/2
  32 LEVELS    TIME=  0.0 SEC



 ******************* EXCITATION ENERGIES, DOMINANT CONFIGURATION AND EXPECTATION VALUES (WITH S.P. UU+VV FACTORS) *******************

  NR  Eex(keV)  I   Kdom  NY    <Jz>  <Jx**2> <Jy**2> <Jz**2> <I.j>/|I|  <Rx**2> <Ry**2> <Rz**2> <R.j>/|R|  <HROTx> <HROTy> <HROTz>

   1    0.0  11/2- -11/2  32   -5.29    2.85    2.85   30.04    5.18       4.77    4.77    0.00   -1.54      0.581   0.581   0.000
   2  520.9   5/2-   5/2  29    2.47    6.28    6.28    6.22    2.13       7.45    7.45    0.00   -3.23      0.909   0.909   0.000
   3  546.3   7/2-  -7/2  31   -3.16    6.52    6.52   11.91    3.31       7.20    7.20    0.00   -3.11      0.878   0.878   0.000
   4 1131.8   1/2-   1/2  35    0.50    5.54    5.54    0.25    0.03       6.01    6.01    0.00   -3.26      0.733   0.733   0.000
   5 1200.8   3/2-   1/2  35   -0.20    5.54    5.54    0.95    0.95       6.06    6.06   -0.00   -2.93      0.739   0.739  -0.000
  
   6 1224.1   7/2-   5/2  29    1.88    5.97    5.97    6.75    2.01       9.24    9.24   -0.00   -2.49      1.126   1.126  -0.000
   7 1441.4   3/2-  -3/2  36   -0.79    5.58    5.58    1.54    0.77       6.73    6.73   -0.00   -3.05      0.820   0.820  -0.000
   8 1448.7   9/2-  -7/2  31   -2.82    6.62    6.62   11.61    2.87      10.50   10.50    0.00   -2.30      1.280   1.280   0.000
   9 1452.7  13/2- -11/2  32   -5.08    2.96    2.96   29.82    4.55      10.45   10.45    0.00   -0.86      1.275   1.275   0.000
  10 1771.4   5/2-  -3/2  36   -0.85    5.65    5.65    1.67    1.00       7.90    7.90   -0.00   -2.52      0.963   0.963  -0.000
  
  11 2149.9   9/2-   5/2  29    1.40    5.73    5.73    7.17    1.93      12.09   12.09   -0.00   -1.84      1.475   1.475  -0.000
  12 2361.2   5/2-   1/2  35   -0.07    5.56    5.56    0.84   -0.16      10.84   10.84   -0.00   -2.67      1.321   1.321  -0.000
  13 2420.5   7/2-   1/2  35   -0.07    5.55    5.55    0.89    0.70      11.08   11.08   -0.00   -1.95      1.351   1.351  -0.000
  14 2442.2   5/2-   1/2  30    0.13   14.55   14.55    0.63    2.44      12.03   12.03    0.00   -4.59      1.467   1.467   0.000
  15 2532.8   1/2-   1/2  30    0.50   14.97   14.97    0.25    1.30      14.34   14.34    0.00   -5.43      1.749   1.749   0.000
  
  16 2571.8  11/2-  -7/2  31   -2.54    6.69    6.69   11.36    2.60      14.71   14.71    0.00   -1.70      1.794   1.794   0.001
  17 2896.4   7/2-  -3/2  36   -0.83    5.67    5.67    1.70    0.52      12.31   12.31   -0.00   -2.21      1.501   1.501  -0.000
  18 3086.1   7/2-   1/2  30    0.20   17.95   17.95    0.57    2.73      15.27   15.27    0.00   -4.64      1.862   1.862   0.000
  19 3209.4   9/2-   1/2  30    0.06   14.50   14.50    0.69    2.58      14.40   14.40    0.00   -3.14      1.756   1.756   0.000
  20 3308.1  11/2-   5/2  29    1.03    5.55    5.55    7.51    1.85      16.10   16.10   -0.00   -1.33      1.963   1.963  -0.000
  
  21 3452.8   9/2-  -3/2  36   -0.71    5.77    5.77    1.69    0.93      14.35   14.35   -0.00   -1.60      1.750   1.750  -0.000
  22 3503.8   1/2-   1/2  26    0.50    7.96    7.96    0.25    0.63       7.91    7.91    0.00   -3.93      0.965   0.965   0.000
  23 3863.2   5/2-  -3/2  33   -1.14   16.97   16.97    2.01    0.88      19.76   19.76    0.00   -5.31      2.409   2.409   0.000
  24 3921.1  13/2-  -7/2  31   -2.32    6.75    6.75   11.15    2.41      19.87   19.87    0.00   -1.24      2.422   2.422   0.000
  25 4171.3  11/2-   1/2  30    0.12   18.04   18.04    0.70    2.92      18.78   18.78    0.00   -3.15      2.290   2.290   0.000
  
  26 4240.9   9/2-   9/2  25    4.43    7.60    7.60   20.12    4.04       9.95    9.95   -0.00   -3.42      1.214   1.214  -0.001
  27 4620.2  11/2-   1/2  35   -0.02    5.54    5.54    0.92    0.64      20.07   20.07   -0.00   -1.29      2.447   2.447  -0.000
  28 4693.5  13/2-   5/2  29    0.75    5.43    5.43    7.68    1.79      21.16   21.16    0.00   -0.93      2.580   2.580   0.000
  29 4907.8  13/2-   1/2  30    0.03   14.52   14.52    0.73    2.62      20.95   20.95    0.00   -1.77      2.554   2.554   0.000
  30 5098.5   1/2-   1/2  27    0.50   15.82   15.82    0.25   -1.23      17.39   17.39   -0.00   -5.59      2.120   2.120  -0.000
  
  31 6057.6  13/2-  -3/2  36   -0.62    5.87    5.87    1.77    0.94      24.57   24.57   -0.00   -0.99      2.995   2.995  -0.000
  32*******   1/2-  -3/2  33    0.00    0.00    0.00    0.00   -0.00       0.00    0.00    0.00   -0.00      0.000   0.000   0.000
