1SPECTRUM OF (Z= 82 A=207) IN PARTICLE-ROTOR  MODEL WITH MODIFIED OSCILLATOR POTENTIAL


 PARITY=-   EPS= 0.574   GAMMA=  0.0   EPS4=0.000   EPS6=0.000   LEVELS:  24  25  26  27  28  29  30  31  32  33  34  35  36  37  38

 PAIRING FACTORS: GN0= 19.20  GN1=  7.40  IPAIR= 15 ***  E2PLUS(INPUT)=   0.730  E2PLUR(INPUT)=   0.000

 CORIOLIS ATTENUATION PARAMETERS:  CHSI=1.000  ETA=  1.00

 MOMENT OF INERTIA PARAMETERS:   A1=  0.122 MEV   A2=  0.122 MEV   A3=121.91923 MEV


 DELTA=0.921 MEV  LAMBDA=53.5433 MEV   HW0= 7.7448 MEV   LAMBDA/HW0= 6.9135

 E2ENERGY=0.730 MEV  HBAR**2/B=61091./A**(7/3)=******/A**2 MEV

 IREC=0  =>  RECOIL TERMS j+j-, j+j+, jzjz, ETC TREATED AS ONE-BODY OPERATORS WITH UU+VV PAIRING FACTORS



 S. P. LEVEL   EQP       U     V        (UU + VV)**1.00

     24       4.566    0.101 0.995      1.000 1.000 1.000 0.998 0.995 0.918 0.797 0.765 0.576 0.420 0.390 0.382 0.355 0.209 0.209
     25       4.389    0.106 0.994      1.000 1.000 1.000 0.998 0.995 0.919 0.800 0.768 0.579 0.423 0.394 0.386 0.359 0.213 0.213
     26       3.867    0.120 0.993      1.000 1.000 1.000 0.999 0.996 0.925 0.808 0.777 0.591 0.437 0.407 0.399 0.372 0.227 0.227
     27       2.840    0.164 0.986      0.998 0.998 0.999 1.000 0.999 0.941 0.834 0.805 0.627 0.477 0.448 0.440 0.413 0.271 0.270
     28       2.299    0.205 0.979      0.995 0.995 0.996 0.999 1.000 0.954 0.856 0.828 0.658 0.512 0.484 0.476 0.450 0.310 0.310
     29       1.080    0.489 0.872      0.918 0.919 0.925 0.941 0.954 1.000 0.972 0.958 0.853 0.746 0.724 0.718 0.697 0.581 0.580
     30       0.924    0.681 0.732      0.797 0.800 0.808 0.834 0.856 0.972 1.000 0.999 0.953 0.882 0.867 0.862 0.847 0.757 0.757
     31       0.922    0.718 0.696      0.765 0.768 0.777 0.805 0.828 0.958 0.999 1.000 0.967 0.905 0.891 0.887 0.873 0.790 0.789
     32       1.079    0.872 0.490      0.576 0.579 0.591 0.627 0.658 0.853 0.953 0.967 1.000 0.984 0.977 0.976 0.969 0.920 0.920
     33       1.497    0.946 0.326      0.420 0.423 0.437 0.477 0.512 0.746 0.882 0.905 0.984 1.000 0.999 0.999 0.998 0.975 0.975
     34       1.637    0.956 0.294      0.390 0.394 0.407 0.448 0.484 0.724 0.867 0.891 0.977 0.999 1.000 1.000 0.999 0.982 0.982
     35       1.679    0.958 0.286      0.382 0.386 0.399 0.440 0.476 0.718 0.862 0.887 0.976 0.999 1.000 1.000 1.000 0.984 0.984
     36       1.847    0.966 0.258      0.355 0.359 0.372 0.413 0.450 0.697 0.847 0.873 0.969 0.998 0.999 1.000 1.000 0.988 0.988
     37       4.252    0.994 0.109      0.209 0.213 0.227 0.271 0.310 0.581 0.757 0.790 0.920 0.975 0.982 0.984 0.988 1.000 1.000
     38       4.273    0.994 0.108      0.209 0.213 0.227 0.270 0.310 0.580 0.757 0.789 0.920 0.975 0.982 0.984 0.988 1.000 1.000

  R CORE   ENERGY   A0R/A00=1.000    R3= 0     2  
   2( 1)    0.732                    1.000 0.000
   2( 2)  487.921                    0.000 1.000

  R CORE   ENERGY   A0R/A00=1.000    R3= 0     2  
   3( 1)  488.652                    0.000 1.000

  R CORE   ENERGY   A0R/A00=1.000    R3= 0     2     4  
   4( 1)    2.438                    1.000 0.000 0.000

  R CORE   ENERGY   A0R/A00=1.000    R3= 0     2     4  
   5( 1)  490.847                    0.000 1.000 0.000

  R CORE   ENERGY   A0R/A00=1.000    R3= 0     2     4     6  
   6( 1)    5.121                    1.000 0.000 0.000 0.000

  R CORE   ENERGY   A0R/A00=1.000    R3= 0     2     4     6  
   7( 1)  494.017                    0.000 1.000 0.000 0.000

          AXIAL SYMMETRY => K RESTRICTED TO OMEGA

                     K
     S.P. ORB#: 24  2.50
     S.P. ORB#: 25  4.50
     S.P. ORB#: 26  0.50
     S.P. ORB#: 27  0.50
     S.P. ORB#: 28  2.50
     S.P. ORB#: 29  2.50
     S.P. ORB#: 30 -5.50
     S.P. ORB#: 31 -3.50
     S.P. ORB#: 32  0.50
     S.P. ORB#: 33 -3.50
     S.P. ORB#: 34 -1.50
     S.P. ORB#: 35  0.50
     S.P. ORB#: 36 -1.50
     S.P. ORB#: 37 -1.50
     S.P. ORB#: 38 -3.50
 

             ENERGY    K= OMEGA
 
 I=  1/2- (1)  3.130  35:-0.999
 
 I=  1/2- (2)  4.891  27: 0.462
                      32:-0.887
 
 I=  1/2- (3)  5.765  26: 0.999
 
 I=  1/2- (4)  6.721  27:-0.887
                      32:-0.462
 
 I=  1/2- (5)147.940  34: 1.000

             ENERGY    K= OMEGA
 
 I=  3/2- (1)  3.199  35:-0.794
                      36:-0.608
 
 I=  3/2- (2)  3.439  26:-0.120
                      35: 0.602
                      36:-0.790

             ENERGY    K= OMEGA
 
 I=  5/2- (1)  2.899  29: 0.993
                      36: 0.108
 
 I=  5/2- (2)  3.753  26:-0.184
                      29:-0.105
                      35:-0.529
                      36: 0.821
 
 I=  5/2- (3)  4.360  26:-0.050
                      35:-0.837
                      36:-0.543
 
 I=  5/2- (4)  4.811  27: 0.499
                      32:-0.768
                      34:-0.277
                      37: 0.290
 
 I=  5/2- (5)  6.374  27: 0.130
                      28: 0.152
                      32: 0.359
                      34:-0.901
                      37:-0.138

             ENERGY    K= OMEGA
 
 I=  7/2- (1)  2.717  24:-0.176
                      29: 0.140
                      31: 0.974
 
 I=  7/2- (2)  3.588  24:-0.060
                      29:-0.932
                      31: 0.119
                      36: 0.145
                      38: 0.300
 
 I=  7/2- (3)  4.418  29:-0.095
                      35:-0.829
                      36:-0.545
                      38: 0.062
 
 I=  7/2- (4)  4.885  24:-0.058
                      26: 0.227
                      29: 0.073
                      35:-0.534
                      36: 0.801
                      38:-0.109
 
 I=  7/2- (5)  5.392  27:-0.352
                      28:-0.052
                      32:-0.841
                      34:-0.116
                      37:-0.389

             ENERGY    K= OMEGA
 
 I=  9/2- (1)  3.578  24:-0.248
                      29: 0.184
                      31:-0.949
 
 I=  9/2- (2)  4.506  24: 0.085
                      29: 0.883
                      31: 0.151
                      35:-0.055
                      36: 0.185
                      38: 0.388
 
 I=  9/2- (3)  5.414  26:-0.293
                      29:-0.143
                      31:-0.062
                      35:-0.541
                      36: 0.761
                      38:-0.128
 
 I=  9/2- (4)  5.581  27: 0.487
                      32:-0.742
                      34:-0.263
                      37: 0.378
 
 I=  9/2- (5)  6.519  24:-0.069
                      25:-0.085
                      26:-0.078
                      29:-0.071
                      35:-0.773
                      36:-0.536
                      38: 0.303

             ENERGY    K= OMEGA
 
 I= 11/2- (1)  2.078  25: 0.173
                      30: 0.985
 
 I= 11/2- (2)  4.657  24:-0.302
                      25: 0.059
                      29: 0.207
                      31: 0.927
 
 I= 11/2- (3)  5.664  24: 0.105
                      29: 0.851
                      31:-0.166
                      35:-0.056
                      36:-0.192
                      38:-0.442
 
 I= 11/2- (4)  6.459  27:-0.386
                      28:-0.080
                      32:-0.793
                      33:-0.052
                      34:-0.136
                      37:-0.441
 
 I= 11/2- (5)  6.617  26:-0.069
                      29: 0.104
                      31:-0.057
                      35: 0.846
                      36: 0.503
                      38:-0.106

             ENERGY    K= OMEGA
 
 I= 13/2- (1)  3.455  25:-0.244
                      30: 0.969
 
 I= 13/2- (2)  5.962  24:-0.344
                      25: 0.059
                      29: 0.219
                      31:-0.907
                      38: 0.055
 
 I= 13/2- (3)  7.048  24: 0.120
                      26:-0.075
                      29: 0.817
                      31: 0.164
                      35:-0.086
                      36: 0.237
                      38: 0.469
 
 I= 13/2- (4)  7.273  27: 0.472
                      32:-0.730
                      34:-0.245
                      37: 0.430
 
 I= 13/2- (5)  7.998  26:-0.372
                      29:-0.174
                      31:-0.103
                      35:-0.534
                      36: 0.708
                      38:-0.180

             ENERGY     K=-7/2
  32 LEVELS    TIME=  0.0 SEC



 ******************* EXCITATION ENERGIES, DOMINANT CONFIGURATION AND EXPECTATION VALUES (WITH S.P. UU+VV FACTORS) *******************

  NR  Eex(keV)  I   Kdom  NY    <Jz>  <Jx**2> <Jy**2> <Jz**2> <I.j>/|I|  <Rx**2> <Ry**2> <Rz**2> <R.j>/|R|  <HROTx> <HROTy> <HROTz>

   1    0.0  11/2- -11/2  30   -5.20    2.90    2.90   29.95    5.26       4.31    4.31    0.00   -1.47      0.525   0.525   0.000
   2  638.8   7/2-  -7/2  31   -3.20    6.51    6.51   11.95    3.39       6.89    6.89    0.00   -3.10      0.840   0.840   0.000
   3  820.8   5/2-   5/2  29    2.45    6.23    6.23    6.20    2.13       7.40    7.40    0.00   -3.21      0.903   0.903   0.000
   4 1052.3   1/2-   1/2  35    0.50    5.48    5.48    0.25    0.05       5.93    5.93    0.00   -3.24      0.723   0.723   0.000
   5 1120.5   3/2-   1/2  35   -0.24    5.48    5.48    0.99    0.97       5.97    5.97    0.00   -2.91      0.728   0.728   0.000
  
   6 1361.3   3/2-  -3/2  36   -0.75    5.51    5.51    1.50    0.76       6.66    6.66    0.00   -3.03      0.812   0.812   0.000
   7 1376.9  13/2- -11/2  30   -4.90    3.04    3.04   29.64    4.68       9.53    9.53    0.00   -0.69      1.162   1.162   0.000
   8 1499.5   9/2-  -7/2  31   -2.91    6.62    6.62   11.69    3.00       9.91    9.91    0.00   -2.25      1.208   1.208   0.000
   9 1510.2   7/2-   5/2  29    1.79    5.83    5.83    6.78    2.04       8.99    8.99    0.00   -2.44      1.096   1.096   0.000
  10 1674.5   5/2-  -3/2  36   -0.82    5.60    5.60    1.67    1.04       7.74    7.74    0.00   -2.49      0.944   0.944   0.000
  
  11 2282.4   5/2-   1/2  35   -0.08    5.49    5.49    0.86   -0.16      10.76   10.76    0.00   -2.65      1.312   1.312   0.000
  12 2339.9   7/2-   1/2  35   -0.09    5.48    5.48    0.96    0.72      10.98   10.98    0.00   -1.93      1.339   1.339   0.000
  13 2427.6   9/2-   5/2  29    1.32    5.55    5.55    7.13    1.94      11.84   11.84    0.00   -1.76      1.444   1.444   0.000
  14 2579.2  11/2-  -7/2  31   -2.67    6.72    6.72   11.48    2.76      13.86   13.86    0.00   -1.60      1.690   1.690   0.000
  15 2732.8   5/2-   1/2  32    0.18   14.67   14.67    0.57    2.40      12.24   12.24    0.00   -4.61      1.492   1.492   0.000
  
  16 2806.8   7/2-  -3/2  36   -0.82    5.58    5.58    1.74    0.56      12.09   12.09    0.00   -2.17      1.474   1.474   0.000
  17 2813.4   1/2-   1/2  32    0.50   14.75   14.75    0.25    1.33      14.10   14.10    0.00   -5.39      1.719   1.719   0.000
  18 3314.0   7/2-   1/2  32    0.17   17.67   17.67    0.61    2.79      14.78   14.78    0.00   -4.58      1.802   1.802   0.000
  19 3336.2   9/2-  -3/2  36   -0.69    5.68    5.68    1.79    0.99      14.01   14.01    0.00   -1.55      1.709   1.709   0.000
  20 3502.6   9/2-   1/2  32    0.08   14.80   14.80    0.67    2.57      14.73   14.73    0.00   -3.22      1.796   1.796   0.000
  
  21 3586.1  11/2-   5/2  29    1.01    5.36    5.36    7.43    1.84      15.96   15.96   -0.00   -1.27      1.946   1.946  -0.000
  22 3687.4   1/2-   1/2  26    0.50    7.86    7.86    0.25    0.64       7.81    7.81   -0.00   -3.90      0.952   0.952  -0.000
  23 3883.8  13/2-  -7/2  31   -2.48    6.80    6.80   11.30    2.58      18.77   18.77    0.00   -1.12      2.289   2.289   0.000
  24 4295.7   5/2-  -3/2  34   -1.12   17.08   17.08    2.05    1.05      19.37   19.37    0.00   -5.32      2.362   2.362   0.000
  25 4381.2  11/2-   1/2  32    0.08   17.73   17.73    0.75    2.94      18.38   18.38    0.00   -3.07      2.241   2.241   0.000
  
  26 4441.0   9/2-   1/2  35   -0.39    5.23    5.23    2.13    0.04      18.50   18.50    0.00   -2.04      2.255   2.255   0.000
  27 4538.9  11/2-   1/2  35   -0.04    5.46    5.46    1.00    0.65      19.94   19.94    0.00   -1.27      2.431   2.431   0.000
  28 4642.5   1/2-   1/2  27    0.50   15.88   15.88    0.25   -1.24      17.46   17.46    0.00   -5.60      2.128   2.128   0.000
  29 4969.5  13/2-   5/2  29    0.77    5.25    5.25    7.45    1.75      21.13   21.13   -0.00   -0.88      2.576   2.576  -0.000
  30 5194.6  13/2-   1/2  32    0.01   14.94   14.94    0.74    2.64      21.25   21.25    0.00   -1.87      2.591   2.591   0.000
  
  31 5920.2  13/2-  -3/2  36   -0.61    5.76    5.76    1.97    1.01      24.07   24.07    0.00   -0.93      2.935   2.935   0.000
  32*******   1/2-  -3/2  34    0.00    0.00    0.00    0.00   -0.00       0.00    0.00    0.00   -0.00      0.000   0.000   0.000
