1SPECTRUM OF (Z= 82 A=207) IN PARTICLE-ROTOR  MODEL WITH MODIFIED OSCILLATOR POTENTIAL


 PARITY=-   EPS= 0.428   GAMMA=  0.0   EPS4=0.000   EPS6=0.000   LEVELS:  24  25  26  27  28  29  30  31  32  33  34  35  36  37  38

 PAIRING FACTORS: GN0= 19.20  GN1=  7.40  IPAIR= 15 ***  E2PLUS(INPUT)=   0.730  E2PLUR(INPUT)=   0.000

 CORIOLIS ATTENUATION PARAMETERS:  CHSI=1.000  ETA=  1.00

 MOMENT OF INERTIA PARAMETERS:   A1=  0.122 MEV   A2=  0.122 MEV   A3=121.91925 MEV


 DELTA=0.849 MEV  LAMBDA=53.4873 MEV   HW0= 7.5838 MEV   LAMBDA/HW0= 7.0528

 E2ENERGY=0.730 MEV  HBAR**2/B=33966./A**(7/3)=5741.8/A**2 MEV

 IREC=0  =>  RECOIL TERMS j+j-, j+j+, jzjz, ETC TREATED AS ONE-BODY OPERATORS WITH UU+VV PAIRING FACTORS



 S. P. LEVEL   EQP       U     V        (UU + VV)**1.00

     24       4.268    0.100 0.995      1.000 1.000 0.999 0.998 0.997 0.991 0.929 0.859 0.796 0.653 0.393 0.336 0.313 0.254 0.233
     25       3.868    0.110 0.994      1.000 1.000 1.000 0.998 0.998 0.993 0.933 0.864 0.802 0.661 0.403 0.346 0.323 0.264 0.243
     26       3.171    0.135 0.991      0.999 1.000 1.000 1.000 0.999 0.995 0.942 0.876 0.817 0.679 0.426 0.369 0.347 0.288 0.267
     27       2.590    0.166 0.986      0.998 0.998 1.000 1.000 1.000 0.998 0.952 0.891 0.834 0.702 0.454 0.398 0.376 0.318 0.297
     28       2.438    0.177 0.984      0.997 0.998 0.999 1.000 1.000 0.998 0.955 0.896 0.840 0.709 0.463 0.408 0.386 0.328 0.308
     29       1.890    0.231 0.973      0.991 0.993 0.995 0.998 0.998 1.000 0.970 0.919 0.869 0.747 0.512 0.458 0.436 0.380 0.359
     30       1.039    0.460 0.888      0.929 0.933 0.942 0.952 0.955 0.970 1.000 0.987 0.963 0.886 0.705 0.660 0.642 0.593 0.575
     31       0.887    0.596 0.803      0.859 0.864 0.876 0.891 0.896 0.919 0.987 1.000 0.994 0.949 0.809 0.771 0.756 0.714 0.698
     32       0.851    0.682 0.731      0.796 0.802 0.817 0.834 0.840 0.869 0.963 0.994 1.000 0.978 0.870 0.838 0.824 0.788 0.774
     33       0.903    0.819 0.574      0.653 0.661 0.679 0.702 0.709 0.747 0.886 0.949 0.978 1.000 0.953 0.933 0.924 0.899 0.889
     34       1.485    0.954 0.299      0.393 0.403 0.426 0.454 0.463 0.512 0.705 0.809 0.870 0.953 1.000 0.998 0.996 0.989 0.986
     35       1.817    0.971 0.241      0.336 0.346 0.369 0.398 0.408 0.458 0.660 0.771 0.838 0.933 0.998 1.000 1.000 0.996 0.994
     36       2.003    0.976 0.217      0.313 0.323 0.347 0.376 0.386 0.436 0.642 0.756 0.824 0.924 0.996 1.000 1.000 0.998 0.996
     37       2.752    0.988 0.156      0.254 0.264 0.288 0.318 0.328 0.380 0.593 0.714 0.788 0.899 0.989 0.996 0.998 1.000 1.000
     38       3.184    0.991 0.134      0.233 0.243 0.267 0.297 0.308 0.359 0.575 0.698 0.774 0.889 0.986 0.994 0.996 1.000 1.000

  R CORE   ENERGY   A0R/A00=1.000    R3= 0     2  
   2( 1)    0.732                    1.000 0.000
   2( 2)  487.921                    0.000 1.000

  R CORE   ENERGY   A0R/A00=1.000    R3= 0     2  
   3( 1)  488.652                    0.000 1.000

  R CORE   ENERGY   A0R/A00=1.000    R3= 0     2     4  
   4( 1)    2.438                    1.000 0.000 0.000

  R CORE   ENERGY   A0R/A00=1.000    R3= 0     2     4  
   5( 1)  490.847                    0.000 1.000 0.000

  R CORE   ENERGY   A0R/A00=1.000    R3= 0     2     4     6  
   6( 1)    5.121                    1.000 0.000 0.000 0.000

  R CORE   ENERGY   A0R/A00=1.000    R3= 0     2     4     6  
   7( 1)  494.017                    0.000 1.000 0.000 0.000

          AXIAL SYMMETRY => K RESTRICTED TO OMEGA

                     K
     S.P. ORB#: 24  0.50
     S.P. ORB#: 25  0.50
     S.P. ORB#: 26 -5.50
     S.P. ORB#: 27 -1.50
     S.P. ORB#: 28  2.50
     S.P. ORB#: 29 -3.50
     S.P. ORB#: 30  2.50
     S.P. ORB#: 31  0.50
     S.P. ORB#: 32 -1.50
     S.P. ORB#: 33  0.50
     S.P. ORB#: 34 -3.50
     S.P. ORB#: 35 -3.50
     S.P. ORB#: 36  4.50
     S.P. ORB#: 37  0.50
     S.P. ORB#: 38 -1.50
 

             ENERGY    K= OMEGA
 
 I=  1/2- (1)  2.221  31:-0.999
 
 I=  1/2- (2)  3.704  25:-0.235
                      33: 0.921
                      37:-0.312
 
 I=  1/2- (3)  6.002  24: 0.999
 
 I=  1/2- (4)  6.761  25:-0.263
                      33: 0.248
                      37: 0.932
 
 I=  1/2- (5) 10.033  25: 0.936
                      33: 0.301
                      37: 0.183

             ENERGY    K= OMEGA
 
 I=  3/2- (1)  2.178  31: 0.441
                      32:-0.897
 
 I=  3/2- (2)  2.398  24: 0.184
                      31: 0.884
                      32: 0.429

             ENERGY    K= OMEGA
 
 I=  5/2- (1)  2.497  24: 0.240
                      31:-0.495
                      32:-0.834
 
 I=  5/2- (2)  3.401  24: 0.065
                      28: 0.059
                      31:-0.850
                      32: 0.520
 
 I=  5/2- (3)  3.830  25: 0.188
                      33:-0.825
                      37: 0.456
                      38: 0.273
 
 I=  5/2- (4)  4.238  28: 0.997
                      32:-0.067
 
 I=  5/2- (5)  5.856  25: 0.196
                      27:-0.583
                      30: 0.787

             ENERGY    K= OMEGA
 
 I=  7/2- (1)  2.393  28:-0.152
                      34: 0.988
 
 I=  7/2- (2)  3.413  28:-0.066
                      31:-0.625
                      32: 0.776
 
 I=  7/2- (3)  3.582  24: 0.322
                      28:-0.060
                      29:-0.056
                      31: 0.742
                      32: 0.582
 
 I=  7/2- (4)  3.811  28:-0.168
                      29:-0.982
                      32:-0.077
 
 I=  7/2- (5)  3.989  25: 0.066
                      27:-0.132
                      30:-0.152
                      33:-0.874
                      35:-0.056
                      37:-0.251
                      38:-0.353

             ENERGY    K= OMEGA
 
 I=  9/2- (1)  2.917  28:-0.096
                      29: 0.210
                      34:-0.375
                      36:-0.898
 
 I=  9/2- (2)  3.494  28:-0.200
                      29:-0.126
                      32:-0.072
                      34:-0.895
                      36: 0.368
 
 I=  9/2- (3)  3.828  24:-0.368
                      31: 0.540
                      32: 0.749
                      34:-0.095
 
 I=  9/2- (4)  4.662  25: 0.123
                      27: 0.077
                      30:-0.150
                      33:-0.764
                      35: 0.076
                      37: 0.496
                      38: 0.349
 
 I=  9/2- (5)  4.971  28: 0.253
                      29:-0.936
                      31:-0.055
                      36:-0.237

             ENERGY    K= OMEGA
 
 I= 11/2- (1)  3.857  25:-0.489
                      27:-0.558
                      30:-0.480
                      33:-0.366
                      35:-0.210
                      37:-0.117
                      38:-0.166
 
 I= 11/2- (2)  4.053  26:-0.101
                      28:-0.140
                      29:-0.276
                      34: 0.434
                      36:-0.840
 
 I= 11/2- (3)  4.516  26:-0.992
                      34:-0.110
 
 I= 11/2- (4)  4.819  26: 0.077
                      28: 0.234
                      29:-0.184
                      32:-0.061
                      34:-0.848
                      36:-0.427
 
 I= 11/2- (5)  5.257  25:-0.341
                      27:-0.202
                      30:-0.161
                      33: 0.766
                      35:-0.090
                      37: 0.288
                      38: 0.374

             ENERGY    K= OMEGA
 
 I= 13/2- (1)  5.430  26: 0.097
                      28:-0.177
                      29: 0.319
                      34:-0.462
                      36:-0.800
 
 I= 13/2- (2)  5.653  25: 0.174
                      27:-0.557
                      30: 0.673
                      33: 0.198
                      35:-0.371
                      37:-0.092
                      38:-0.142
 
 I= 13/2- (3)  5.992  24: 0.445
                      26:-0.086
                      28:-0.081
                      31:-0.537
                      32:-0.693
                      34:-0.076
                      36: 0.112
 
 I= 13/2- (4)  6.100  26:-0.983
                      31: 0.056
                      32: 0.066
                      34:-0.142
 
 I= 13/2- (5)  6.384  24:-0.063
                      26: 0.125
                      28:-0.247
                      29:-0.226
                      31: 0.085
                      32: 0.078
                      34:-0.813
                      36: 0.440

             ENERGY     K=-3/2
  32 LEVELS    TIME=  0.0 SEC



 ******************* EXCITATION ENERGIES, DOMINANT CONFIGURATION AND EXPECTATION VALUES (WITH S.P. UU+VV FACTORS) *******************

  NR  Eex(keV)  I   Kdom  NY    <Jz>  <Jx**2> <Jy**2> <Jz**2> <I.j>/|I|  <Rx**2> <Ry**2> <Rz**2> <R.j>/|R|  <HROTx> <HROTy> <HROTz>

   1    0.0   3/2-  -3/2  32   -1.11    5.10    5.10    1.86    1.29       5.40    5.40    0.00   -2.91      0.659   0.659   0.000
   2   42.3   1/2-   1/2  31    0.50    5.11    5.11    0.25    0.20       5.44    5.44    0.00   -3.12      0.663   0.663   0.000
   3  214.7   7/2-  -7/2  34   -3.36    2.32    2.32   12.11    3.18       3.63    3.63    0.00   -1.53      0.443   0.443   0.000
   4  219.7   3/2-   1/2  31    0.13    5.02    5.02    0.62    0.75       5.75    5.75    0.00   -2.71      0.702   0.702   0.000
   5  318.7   5/2-  -3/2  32   -0.89    5.30    5.30    1.65    1.56       5.90    5.90    0.00   -2.23      0.719   0.719   0.000
  
   6  738.6   9/2-   9/2  36    3.00    2.58    2.58   18.64    4.07       4.05    4.05    0.00   -1.26      0.494   0.494   0.000
   7 1222.4   5/2-   1/2  31   -0.03    5.13    5.13    0.81   -0.12      10.27   10.27    0.00   -2.52      1.252   1.252   0.000
   8 1235.1   7/2-  -3/2  32   -0.71    5.09    5.09    1.51    0.83      10.41   10.41    0.00   -1.84      1.269   1.269   0.000
   9 1315.9   9/2-  -7/2  34   -2.16    2.42    2.42   13.01    2.72       7.78    7.78    0.00   -1.10      0.948   0.948   0.000
  10 1404.1   7/2-   1/2  31   -0.18    5.12    5.12    0.99    0.97       9.63    9.63    0.00   -1.68      1.174   1.174   0.000
  
  11 1525.9   1/2-   1/2  33    0.50   10.49   10.49    0.25    1.05      10.08   10.08   -0.00   -4.53      1.229   1.229  -0.000
  12 1632.3   7/2-  -7/2  29   -3.32    6.28    6.28   12.01    3.10       7.83    7.83    0.00   -3.09      0.955   0.955   0.000
  13 1649.3   9/2-  -3/2  32   -0.66    5.50    5.50    1.50    1.69      10.23   10.23    0.00   -0.91      1.248   1.248   0.000
  14 1652.1   5/2-   1/2  33    0.35   11.13   11.13    0.40    2.17       9.30    9.30    0.00   -3.77      1.133   1.133   0.000
  15 1678.7  11/2-  -3/2  27    0.11   23.59   23.59    2.84    6.10       6.40    6.40    0.00   -3.78      0.780   0.780   0.000
  
  16 1811.1   7/2-   1/2  33    0.25   15.06   15.06    0.71    3.14      10.82   10.82    0.00   -3.95      1.319   1.319   0.000
  17 1874.2  11/2-   9/2  36    2.24    2.78    2.78   17.95    3.49       8.76    8.76    0.00   -0.63      1.068   1.068   0.000
  18 2060.1   5/2-   5/2  28    2.48    6.10    6.10    6.23    2.09       7.42    7.42    0.00   -3.18      0.904   0.904   0.000
  19 2337.2  11/2- -11/2  26   -5.44    2.75    2.75   29.97    5.02       5.61    5.61    0.00   -1.63      0.684   0.684   0.000
  20 2484.0   9/2-   1/2  33    0.27   12.34   12.34    0.71    2.59      12.16   12.16    0.00   -2.53      1.482   1.482   0.000
  
  21 2640.4  11/2-  -7/2  34   -1.72    2.52    2.52   13.45    2.36      12.98   12.98    0.00   -0.85      1.583   1.583   0.000
  22 2792.4   9/2-  -7/2  29   -2.65    6.03    6.03   12.27    2.43      12.48   12.48    0.00   -2.46      1.521   1.521   0.000
  23 3078.8  11/2-   1/2  33    0.16   13.03   13.03    0.86    2.87      14.18   14.18    0.00   -1.83      1.729   1.729   0.000
  24 3251.6  13/2-   9/2  36    1.80    2.95    2.95   17.31    3.08      14.46   14.46   -0.00   -0.32      1.763   1.763  -0.000
  25 3475.1  13/2-   5/2  30    0.19   23.19   23.19    5.28    4.91      15.94   15.94    0.00   -3.08      1.944   1.944   0.000
  
  26 3678.1   5/2-   5/2  30    1.06   23.28   23.28    4.65    4.34      17.15   17.15    0.00   -6.55      2.091   2.091   0.000
  27 3814.1  13/2-  -3/2  32   -0.47    5.63    5.63    1.81    1.84      18.08   18.08    0.00   -0.04      2.204   2.204   0.000
  28 3823.7   1/2-   1/2  24    0.50    7.19    7.19    0.25    0.63       7.14    7.14   -0.00   -3.73      0.871   0.871  -0.000
  29 3921.7  13/2- -11/2  26   -5.39    2.78    2.78   29.55    4.25      12.22   12.22    0.00   -1.09      1.490   1.490   0.000
  30 4205.8  13/2-  -7/2  34   -1.56    2.65    2.65   13.52    2.08      19.24   19.24    0.00   -0.69      2.345   2.345   0.000
  
  31 4583.0   1/2-   1/2  37    0.50   15.72   15.72    0.25   -0.43      16.60   16.60   -0.00   -5.57      2.023   2.023  -0.000
  32 7855.1   1/2-   1/2  25    0.50   23.02   23.02    0.25   -3.50      26.54   26.54    0.00   -6.77      3.236   3.236   0.000
