1SPECTRUM OF (Z= 82 A=207) IN PARTICLE-ROTOR  MODEL WITH MODIFIED OSCILLATOR POTENTIAL


 PARITY=-   EPS= 0.671   GAMMA=  0.0   EPS4=0.000   EPS6=0.000   LEVELS:  24  25  26  27  28  29  30  31  32  33  34  35  36  37  38

 PAIRING FACTORS: GN0= 19.20  GN1=  7.40  IPAIR= 15 ***  E2PLUS(INPUT)=   0.730  E2PLUR(INPUT)=   0.000

 CORIOLIS ATTENUATION PARAMETERS:  CHSI=1.000  ETA=  1.00

 MOMENT OF INERTIA PARAMETERS:   A1=  0.122 MEV   A2=  0.122 MEV   A3=121.91924 MEV


 DELTA=0.838 MEV  LAMBDA=53.8550 MEV   HW0= 7.8936 MEV   LAMBDA/HW0= 6.8226

 E2ENERGY=0.730 MEV  HBAR**2/B=83483./A**(7/3)=******/A**2 MEV

 IREC=0  =>  RECOIL TERMS j+j-, j+j+, jzjz, ETC TREATED AS ONE-BODY OPERATORS WITH UU+VV PAIRING FACTORS



 S. P. LEVEL   EQP       U     V        (UU + VV)**1.00

     24       4.746    0.089 0.996      1.000 1.000 1.000 0.999 0.999 0.949 0.740 0.526 0.460 0.381 0.283 0.244 0.234 0.201 0.172
     25       4.232    0.100 0.995      1.000 1.000 1.000 1.000 0.999 0.953 0.748 0.535 0.469 0.392 0.293 0.255 0.245 0.212 0.183
     26       3.559    0.119 0.993      1.000 1.000 1.000 1.000 1.000 0.958 0.760 0.551 0.486 0.409 0.311 0.273 0.263 0.230 0.202
     27       3.338    0.127 0.992      0.999 1.000 1.000 1.000 1.000 0.961 0.766 0.558 0.493 0.416 0.319 0.281 0.271 0.238 0.209
     28       3.161    0.134 0.991      0.999 0.999 1.000 1.000 1.000 0.963 0.770 0.564 0.499 0.423 0.326 0.288 0.278 0.245 0.217
     29       1.150    0.397 0.918      0.949 0.953 0.958 0.961 0.963 1.000 0.914 0.766 0.715 0.652 0.570 0.536 0.527 0.498 0.473
     30       0.841    0.735 0.678      0.740 0.748 0.760 0.766 0.770 0.914 1.000 0.961 0.937 0.904 0.854 0.833 0.827 0.807 0.789
     31       1.046    0.894 0.448      0.526 0.535 0.551 0.558 0.564 0.766 0.961 1.000 0.997 0.987 0.965 0.953 0.950 0.939 0.928
     32       1.195    0.925 0.379      0.460 0.469 0.486 0.493 0.499 0.715 0.937 0.997 1.000 0.996 0.982 0.973 0.971 0.962 0.954
     33       1.473    0.955 0.298      0.381 0.392 0.409 0.416 0.423 0.652 0.904 0.987 0.996 1.000 0.995 0.990 0.988 0.982 0.976
     34       2.176    0.981 0.196      0.283 0.293 0.311 0.319 0.326 0.570 0.854 0.965 0.982 0.995 1.000 0.999 0.999 0.996 0.994
     35       2.698    0.988 0.157      0.244 0.255 0.273 0.281 0.288 0.536 0.833 0.953 0.973 0.990 0.999 1.000 1.000 0.999 0.997
     36       2.884    0.989 0.147      0.234 0.245 0.263 0.271 0.278 0.527 0.827 0.950 0.971 0.988 0.999 1.000 1.000 0.999 0.998
     37       3.718    0.994 0.113      0.201 0.212 0.230 0.238 0.245 0.498 0.807 0.939 0.962 0.982 0.996 0.999 0.999 1.000 1.000
     38       5.010    0.996 0.084      0.172 0.183 0.202 0.209 0.217 0.473 0.789 0.928 0.954 0.976 0.994 0.997 0.998 1.000 1.000

  R CORE   ENERGY   A0R/A00=1.000    R3= 0     2  
   2( 1)    0.732                    1.000 0.000
   2( 2)  487.921                    0.000 1.000

  R CORE   ENERGY   A0R/A00=1.000    R3= 0     2  
   3( 1)  488.652                    0.000 1.000

  R CORE   ENERGY   A0R/A00=1.000    R3= 0     2     4  
   4( 1)    2.438                    1.000 0.000 0.000

  R CORE   ENERGY   A0R/A00=1.000    R3= 0     2     4  
   5( 1)  490.847                    0.000 1.000 0.000

  R CORE   ENERGY   A0R/A00=1.000    R3= 0     2     4     6  
   6( 1)    5.121                    1.000 0.000 0.000 0.000

  R CORE   ENERGY   A0R/A00=1.000    R3= 0     2     4     6  
   7( 1)  494.017                    0.000 1.000 0.000 0.000

          AXIAL SYMMETRY => K RESTRICTED TO OMEGA

                     K
     S.P. ORB#: 24 -1.50
     S.P. ORB#: 25  2.50
     S.P. ORB#: 26  0.50
     S.P. ORB#: 27  2.50
     S.P. ORB#: 28  4.50
     S.P. ORB#: 29  0.50
     S.P. ORB#: 30 -1.50
     S.P. ORB#: 31  2.50
     S.P. ORB#: 32 -3.50
     S.P. ORB#: 33 -3.50
     S.P. ORB#: 34 -5.50
     S.P. ORB#: 35  0.50
     S.P. ORB#: 36 -1.50
     S.P. ORB#: 37 -1.50
     S.P. ORB#: 38  0.50
 

             ENERGY    K= OMEGA
 
 I=  1/2- (1)  4.207  26:-0.070
                      35:-0.998
 
 I=  1/2- (2)  5.430  29:-0.993
                      38:-0.116
 
 I=  1/2- (3)  5.540  26: 0.998
                      35:-0.070
 
 I=  1/2- (4)  9.119  29: 0.116
                      38:-0.993
 
 I=  1/2- (5)147.144  30: 1.000

             ENERGY    K= OMEGA
 
 I=  3/2- (1)  4.272  35:-0.838
                      36:-0.543
 
 I=  3/2- (2)  4.507  26: 0.148
                      35:-0.532
                      36: 0.833

             ENERGY    K= OMEGA
 
 I=  5/2- (1)  2.840  24: 0.103
                      31: 0.992
                      36: 0.070
 
 I=  5/2- (2)  4.859  25: 0.054
                      26:-0.240
                      31:-0.057
                      35:-0.510
                      36: 0.821
 
 I=  5/2- (3)  5.343  27: 0.095
                      29:-0.278
                      30: 0.919
                      37: 0.104
                      38:-0.241
 
 I=  5/2- (4)  5.428  26: 0.076
                      35: 0.836
                      36: 0.538
 
 I=  5/2- (5)  6.335  27:-0.065
                      29:-0.896
                      30:-0.324
                      37: 0.273
                      38:-0.113

             ENERGY    K= OMEGA
 
 I=  7/2- (1)  3.337  24: 0.079
                      25: 0.096
                      31:-0.491
                      33:-0.861
 
 I=  7/2- (2)  3.695  24:-0.135
                      25: 0.067
                      31: 0.850
                      33:-0.494
                      36:-0.098
 
 I=  7/2- (3)  5.469  24: 0.097
                      25: 0.050
                      26: 0.070
                      35:-0.862
                      36:-0.490
 
 I=  7/2- (4)  5.961  25: 0.081
                      26:-0.277
                      31:-0.106
                      35: 0.457
                      36:-0.834
 
 I=  7/2- (5)  6.036  27:-0.213
                      29:-0.260
                      30: 0.864
                      32:-0.257
                      37:-0.071
                      38: 0.264

             ENERGY    K= OMEGA
 
 I=  9/2- (1)  4.275  24: 0.120
                      25:-0.133
                      28: 0.063
                      31: 0.571
                      33:-0.796
                      36: 0.056
 
 I=  9/2- (2)  4.760  24: 0.161
                      25: 0.110
                      28:-0.072
                      31: 0.782
                      33: 0.572
                      36: 0.129
 
 I=  9/2- (3)  5.576  28: 0.995
                      33: 0.090
 
 I=  9/2- (4)  6.560  24: 0.058
                      25:-0.079
                      26: 0.362
                      31: 0.113
                      35: 0.523
                      36:-0.755
 
 I=  9/2- (5)  6.624  27:-0.241
                      29: 0.316
                      30:-0.803
                      32: 0.273
                      37:-0.105
                      38: 0.333

             ENERGY    K= OMEGA
 
 I= 11/2- (1)  3.463  28:-0.125
                      34:-0.992
 
 I= 11/2- (2)  5.446  24:-0.156
                      25:-0.160
                      28: 0.073
                      31: 0.612
                      33: 0.752
                      36:-0.067
 
 I= 11/2- (3)  6.048  24:-0.184
                      25: 0.147
                      28:-0.099
                      31: 0.734
                      33:-0.609
                      36:-0.150
 
 I= 11/2- (4)  6.979  28:-0.984
                      33: 0.115
                      34: 0.123
 
 I= 11/2- (5)  7.611  27: 0.287
                      29: 0.566
                      30:-0.564
                      32: 0.335
                      37: 0.258
                      38:-0.316

             ENERGY    K= OMEGA
 
 I= 13/2- (1)  4.986  28:-0.180
                      34: 0.984
 
 I= 13/2- (2)  6.849  24: 0.188
                      25:-0.181
                      28: 0.074
                      31: 0.637
                      33:-0.715
                      36: 0.081
 
 I= 13/2- (3)  7.558  24:-0.199
                      25:-0.182
                      26: 0.078
                      28: 0.112
                      31:-0.689
                      33:-0.632
                      36:-0.185
 
 I= 13/2- (4)  8.632  25:-0.052
                      28:-0.974
                      33:-0.123
                      34:-0.176
 
 I= 13/2- (5)  8.714  27:-0.333
                      29: 0.295
                      30:-0.722
                      32: 0.369
                      37:-0.084
                      38: 0.370

             ENERGY     K= 1/2
  32 LEVELS    TIME=  0.0 SEC



 ******************* EXCITATION ENERGIES, DOMINANT CONFIGURATION AND EXPECTATION VALUES (WITH S.P. UU+VV FACTORS) *******************

  NR  Eex(keV)  I   Kdom  NY    <Jz>  <Jx**2> <Jy**2> <Jz**2> <I.j>/|I|  <Rx**2> <Ry**2> <Rz**2> <R.j>/|R|  <HROTx> <HROTy> <HROTz>

   1    0.0   5/2-   5/2  31    2.44    6.39    6.39    6.19    2.27       7.15    7.15    0.00   -3.24      0.872   0.872   0.000
   2  497.1   7/2-  -7/2  33   -1.98    6.52    6.52   10.67    2.99       7.87    7.87    0.00   -2.99      0.959   0.959   0.000
   3  622.9  11/2- -11/2  34   -5.34    2.83    2.83   30.09    5.11       5.21    5.21    0.00   -1.61      0.636   0.636   0.000
   4  854.9   7/2-   5/2  31    0.92    6.44    6.44    7.60    2.04      10.02   10.02    0.00   -2.77      1.222   1.222   0.000
   5 1367.0   1/2-   1/2  35    0.50    5.69    5.69    0.25    0.02       6.17    6.17    0.00   -3.30      0.753   0.753   0.000
  
   6 1431.5   3/2-   1/2  35   -0.09    5.69    5.69    0.84    0.92       6.21    6.21    0.00   -2.96      0.757   0.757   0.000
   7 1435.1   9/2-  -7/2  33   -1.37    6.56    6.56   10.04    2.48      11.62   11.62    0.00   -2.25      1.417   1.417   0.000
   8 1667.0   3/2-  -3/2  36   -0.89    5.76    5.76    1.64    0.85       6.81    6.81    0.00   -3.12      0.830   0.830   0.000
   9 1919.7   9/2-   5/2  31    0.38    6.48    6.48    8.10    1.81      13.92   13.92    0.00   -2.29      1.697   1.697   0.000
  10 2019.3   5/2-  -3/2  36   -0.84    5.84    5.84    1.64    0.98       8.14    8.14    0.00   -2.58      0.992   0.992   0.000
  
  11 2145.6  13/2- -11/2  34   -5.18    2.91    2.91   29.92    4.42      11.39   11.39    0.00   -1.02      1.389   1.389   0.000
  12 2502.4   5/2-  -3/2  30   -1.19   16.42   16.42    2.02    1.57      17.15   17.15    0.00   -5.16      2.091   2.091   0.000
  13 2588.2   5/2-   1/2  35   -0.07    5.72    5.72    0.85   -0.14      10.94   10.94    0.00   -2.72      1.334   1.334   0.000
  14 2589.6   1/2-   1/2  29    0.50   16.84   16.84    0.25   -0.00      17.34   17.34    0.00   -5.76      2.114   2.114   0.000
  15 2606.0  11/2-  -7/2  33   -1.00    6.61    6.61    9.60    2.18      16.26   16.26    0.00   -1.72      1.982   1.982   0.000
  
  16 2629.1   7/2-   1/2  35    0.01    5.72    5.72    0.77    0.73      11.08   11.08    0.00   -1.98      1.351   1.351   0.000
  17 2699.8   1/2-   1/2  26    0.50    8.15    8.15    0.25    0.59       8.14    8.14    0.00   -3.98      0.993   0.993   0.000
  18 2735.5   9/2-   9/2  28    4.43    7.61    7.61   20.17    4.04       9.96    9.96   -0.00   -3.42      1.214   1.214  -0.000
  19 3120.4   7/2-  -3/2  36   -0.86    5.93    5.93    1.76    0.52      12.61   12.61    0.00   -2.30      1.537   1.537   0.000
  20 3195.6   7/2-  -3/2  30   -1.18   17.40   17.40    2.82    1.83      19.41   19.41   -0.00   -4.87      2.366   2.366  -0.000
  
  21 3208.1  11/2-   5/2  31    0.06    6.53    6.53    8.38    1.64      18.79   18.79    0.00   -1.90      2.291   2.291   0.000
  22 3494.7   5/2-   1/2  29    0.15   17.06   17.06    0.64    0.47      20.37   20.37    0.00   -5.23      2.483   2.483   0.000
  23 3720.2   9/2-  -3/2  36   -0.62    6.04    6.04    1.53    0.85      14.97   14.97    0.00   -1.72      1.825   1.825   0.000
  24 3783.9   9/2-  -3/2  30   -0.99   17.00   17.00    2.81    1.99      20.86   20.86    0.00   -4.16      2.543   2.543   0.000
  25 4008.9  13/2-  -7/2  33   -0.74    6.66    6.66    9.24    1.98      21.81   21.81    0.00   -1.32      2.660   2.660   0.000
  
  26 4138.9  11/2-   9/2  28    4.24    7.53    7.53   20.26    3.30      15.81   15.81   -0.00   -2.77      1.928   1.928  -0.000
  27 4718.3  13/2-   5/2  31   -0.18    6.58    6.58    8.51    1.53      24.54   24.54    0.00   -1.57      2.992   2.992   0.000
  28 4770.4  11/2-   1/2  29   -0.55   18.33   18.33    2.86    2.31      23.85   23.85    0.00   -3.73      2.908   2.908   0.000
  29 5792.1  13/2-   9/2  28    4.05    7.45    7.45   20.36    2.77      22.66   22.66   -0.00   -2.36      2.763   2.763  -0.000
  30 5874.3  13/2-  -3/2  30   -0.88   17.58   17.58    3.61    2.20      28.41   28.41    0.00   -3.11      3.464   3.464   0.000
  
  31 6278.8   1/2-   1/2  38    0.50   16.80   16.80    0.25    0.27      17.06   17.06    0.00   -5.75      2.080   2.080   0.000
  32*******   1/2-  -3/2  30    0.00    0.00    0.00    0.00    0.00       0.00    0.00    0.00   -0.00      0.000   0.000   0.000
