1SPECTRUM OF (Z= 82 A=207) IN PARTICLE-ROTOR  MODEL WITH MODIFIED OSCILLATOR POTENTIAL


 PARITY=-   EPS= 0.487   GAMMA=  0.0   EPS4=0.000   EPS6=0.000   LEVELS:  24  25  26  27  28  29  30  31  32  33  34  35  36  37  38

 PAIRING FACTORS: GN0= 19.20  GN1=  7.40  IPAIR= 15 ***  E2PLUS(INPUT)=   0.730  E2PLUR(INPUT)=   0.000

 CORIOLIS ATTENUATION PARAMETERS:  CHSI=1.000  ETA=  1.00

 MOMENT OF INERTIA PARAMETERS:   A1=  0.122 MEV   A2=  0.122 MEV   A3=121.91924 MEV


 DELTA=0.849 MEV  LAMBDA=53.4348 MEV   HW0= 7.6409 MEV   LAMBDA/HW0= 6.9933

 E2ENERGY=0.730 MEV  HBAR**2/B=43976./A**(7/3)=7434.0/A**2 MEV

 IREC=0  =>  RECOIL TERMS j+j-, j+j+, jzjz, ETC TREATED AS ONE-BODY OPERATORS WITH UU+VV PAIRING FACTORS



 S. P. LEVEL   EQP       U     V        (UU + VV)**1.00

     24       4.823    0.088 0.996      1.000 1.000 0.999 0.992 0.987 0.974 0.964 0.954 0.599 0.529 0.344 0.305 0.255 0.253 0.224
     25       4.082    0.105 0.995      1.000 1.000 1.000 0.994 0.990 0.978 0.968 0.959 0.612 0.543 0.359 0.320 0.270 0.269 0.240
     26       3.518    0.122 0.993      0.999 1.000 1.000 0.996 0.992 0.981 0.972 0.963 0.625 0.557 0.375 0.336 0.287 0.286 0.256
     27       2.027    0.214 0.977      0.992 0.994 0.996 1.000 1.000 0.995 0.990 0.984 0.696 0.633 0.460 0.424 0.376 0.375 0.346
     28       1.791    0.245 0.970      0.987 0.990 0.992 1.000 1.000 0.998 0.994 0.989 0.718 0.656 0.488 0.451 0.404 0.403 0.375
     29       1.437    0.311 0.950      0.974 0.978 0.981 0.995 0.998 1.000 0.999 0.997 0.764 0.707 0.547 0.512 0.466 0.465 0.438
     30       1.297    0.349 0.937      0.964 0.968 0.972 0.990 0.994 0.999 1.000 0.999 0.790 0.735 0.581 0.546 0.502 0.501 0.474
     31       1.199    0.383 0.924      0.954 0.959 0.963 0.984 0.989 0.997 0.999 1.000 0.812 0.760 0.610 0.577 0.533 0.532 0.506
     32       0.949    0.851 0.526      0.599 0.612 0.625 0.696 0.718 0.764 0.790 0.812 1.000 0.996 0.958 0.945 0.927 0.926 0.914
     33       1.053    0.892 0.452      0.529 0.543 0.557 0.633 0.656 0.707 0.735 0.760 0.996 1.000 0.979 0.969 0.955 0.955 0.945
     34       1.695    0.966 0.259      0.344 0.359 0.375 0.460 0.488 0.547 0.581 0.610 0.958 0.979 1.000 0.999 0.996 0.996 0.992
     35       1.984    0.976 0.219      0.305 0.320 0.336 0.424 0.451 0.512 0.546 0.577 0.945 0.969 0.999 1.000 0.999 0.999 0.996
     36       2.563    0.986 0.168      0.255 0.270 0.287 0.376 0.404 0.466 0.502 0.533 0.927 0.955 0.996 0.999 1.000 1.000 1.000
     37       2.579    0.986 0.167      0.253 0.269 0.286 0.375 0.403 0.465 0.501 0.532 0.926 0.955 0.996 0.999 1.000 1.000 1.000
     38       3.132    0.991 0.137      0.224 0.240 0.256 0.346 0.375 0.438 0.474 0.506 0.914 0.945 0.992 0.996 1.000 1.000 1.000

  R CORE   ENERGY   A0R/A00=1.000    R3= 0     2  
   2( 1)    0.732                    1.000 0.000
   2( 2)  487.921                    0.000 1.000

  R CORE   ENERGY   A0R/A00=1.000    R3= 0     2  
   3( 1)  488.652                    0.000 1.000

  R CORE   ENERGY   A0R/A00=1.000    R3= 0     2     4  
   4( 1)    2.438                    1.000 0.000 0.000

  R CORE   ENERGY   A0R/A00=1.000    R3= 0     2     4  
   5( 1)  490.847                    0.000 1.000 0.000

  R CORE   ENERGY   A0R/A00=1.000    R3= 0     2     4     6  
   6( 1)    5.121                    1.000 0.000 0.000 0.000

  R CORE   ENERGY   A0R/A00=1.000    R3= 0     2     4     6  
   7( 1)  494.017                    0.000 1.000 0.000 0.000

          AXIAL SYMMETRY => K RESTRICTED TO OMEGA

                     K
     S.P. ORB#: 24  2.50
     S.P. ORB#: 25  0.50
     S.P. ORB#: 26 -1.50
     S.P. ORB#: 27 -5.50
     S.P. ORB#: 28  2.50
     S.P. ORB#: 29  2.50
     S.P. ORB#: 30 -3.50
     S.P. ORB#: 31  0.50
     S.P. ORB#: 32  0.50
     S.P. ORB#: 33 -1.50
     S.P. ORB#: 34 -3.50
     S.P. ORB#: 35  0.50
     S.P. ORB#: 36 -3.50
     S.P. ORB#: 37 -1.50
     S.P. ORB#: 38  4.50
 

             ENERGY    K= OMEGA
 
 I=  1/2- (1)  2.336  32: 0.999
 
 I=  1/2- (2)  4.415  31: 0.917
                      35:-0.399
 
 I=  1/2- (3)  5.891  25: 0.999
 
 I=  1/2- (4)  6.293  31: 0.399
                      35: 0.917
 
 I=  1/2- (5)147.356  33: 1.000

             ENERGY    K= OMEGA
 
 I=  3/2- (1)  2.381  32: 0.700
                      33:-0.714
 
 I=  3/2- (2)  2.607  25:-0.140
                      32:-0.706
                      33:-0.695

             ENERGY    K= OMEGA
 
 I=  5/2- (1)  2.824  25: 0.192
                      28:-0.100
                      32:-0.516
                      33:-0.827
 
 I=  5/2- (2)  3.518  24:-0.050
                      25:-0.059
                      28:-0.520
                      32: 0.744
                      33:-0.412
 
 I=  5/2- (3)  3.632  28:-0.847
                      32:-0.397
                      33: 0.353
 
 I=  5/2- (4)  4.765  26:-0.126
                      29: 0.107
                      31: 0.821
                      35:-0.488
                      37:-0.246
 
 I=  5/2- (5)  6.400  26: 0.475
                      29:-0.839
                      35:-0.262

             ENERGY    K= OMEGA
 
 I=  7/2- (1)  2.969  24:-0.226
                      28: 0.083
                      30: 0.964
                      33: 0.089
                      36: 0.071
 
 I=  7/2- (2)  3.407  28: 0.352
                      30: 0.056
                      32: 0.087
                      33:-0.147
                      36:-0.919
 
 I=  7/2- (3)  3.585  30:-0.067
                      32:-0.761
                      33: 0.614
                      36:-0.188
 
 I=  7/2- (4)  3.953  24: 0.058
                      25:-0.251
                      28: 0.140
                      32:-0.612
                      33:-0.723
                      36: 0.117
 
 I=  7/2- (5)  4.620  24:-0.059
                      28:-0.920
                      30: 0.106
                      33:-0.184
                      36:-0.320

             ENERGY    K= OMEGA
 
 I=  9/2- (1)  3.428  24:-0.250
                      28: 0.114
                      30:-0.797
                      33:-0.084
                      36: 0.091
                      38: 0.523
 
 I=  9/2- (2)  4.231  24: 0.140
                      25:-0.184
                      28: 0.279
                      30: 0.221
                      32: 0.312
                      33: 0.502
                      36: 0.592
                      38: 0.344
 
 I=  9/2- (3)  4.418  25: 0.244
                      28: 0.102
                      30: 0.273
                      32:-0.450
                      33:-0.578
                      36: 0.528
                      38: 0.197
 
 I=  9/2- (4)  4.612  24: 0.124
                      28:-0.346
                      30: 0.355
                      36:-0.423
                      38: 0.748
 
 I=  9/2- (5)  5.496  26: 0.415
                      29:-0.556
                      31:-0.549
                      34: 0.305
                      35: 0.270
                      37: 0.226

             ENERGY    K= OMEGA
 
 I= 11/2- (1)  3.366  27:-0.999
 
 I= 11/2- (2)  4.293  24:-0.300
                      28: 0.127
                      30: 0.793
                      33: 0.085
                      36:-0.108
                      38: 0.494
 
 I= 11/2- (3)  5.472  24: 0.165
                      28: 0.373
                      30:-0.247
                      32: 0.167
                      33:-0.317
                      36:-0.744
                      38: 0.299
 
 I= 11/2- (4)  5.564  26:-0.454
                      29:-0.542
                      31:-0.571
                      34:-0.277
                      35:-0.222
                      37:-0.221
 
 I= 11/2- (5)  5.790  25: 0.095
                      28:-0.062
                      30: 0.123
                      32: 0.813
                      33:-0.469
                      36: 0.301

             ENERGY    K= OMEGA
 
 I= 13/2- (1)  4.947  27:-0.996
                      30:-0.058
                      38: 0.067
 
 I= 13/2- (2)  5.416  24:-0.340
                      27: 0.088
                      28: 0.130
                      30:-0.787
                      33:-0.111
                      36: 0.109
                      38: 0.462
 
 I= 13/2- (3)  6.576  26:-0.505
                      29: 0.665
                      31: 0.353
                      34:-0.366
                      35:-0.120
                      37:-0.171
 
 I= 13/2- (4)  6.671  24:-0.114
                      25: 0.335
                      28:-0.261
                      32:-0.461
                      33:-0.657
                      36:-0.347
                      38:-0.202
 
 I= 13/2- (5)  7.061  24: 0.121
                      25: 0.198
                      28: 0.326
                      30: 0.273
                      32:-0.307
                      33:-0.296
                      36: 0.743
                      38: 0.176

             ENERGY     K= 9/2
  32 LEVELS    TIME=  0.0 SEC



 ******************* EXCITATION ENERGIES, DOMINANT CONFIGURATION AND EXPECTATION VALUES (WITH S.P. UU+VV FACTORS) *******************

  NR  Eex(keV)  I   Kdom  NY    <Jz>  <Jx**2> <Jy**2> <Jz**2> <I.j>/|I|  <Rx**2> <Ry**2> <Rz**2> <R.j>/|R|  <HROTx> <HROTy> <HROTz>

   1    0.0   1/2-   1/2  32    0.50    5.26    5.26    0.25    0.12       5.66    5.66   -0.00   -3.17      0.690   0.690  -0.000
   2   45.4   3/2-  -3/2  33   -0.52    5.25    5.25    1.27    1.09       5.65    5.65    0.00   -2.87      0.689   0.689   0.000
   3  271.0   3/2-   1/2  32   -0.47    5.26    5.26    1.22    0.73       6.34    6.34    0.00   -2.90      0.773   0.773   0.000
   4  488.4   5/2-  -3/2  33   -0.84    5.40    5.40    1.69    1.27       6.85    6.85    0.00   -2.36      0.835   0.835   0.000
   5  632.8   7/2-  -7/2  30   -3.14    6.42    6.42   11.82    3.56       6.09    6.09   -0.00   -3.02      0.742   0.742  -0.000
  
   6 1030.1  11/2- -11/2  27   -5.49    2.75    2.75   30.23    5.06       5.49    5.49    0.00   -1.65      0.669   0.669   0.000
   7 1070.8   7/2-  -7/2  36   -2.68    2.88    2.88   11.20    3.10       4.05    4.05   -0.00   -1.63      0.494   0.494  -0.000
   8 1092.0   9/2-  -7/2  30   -0.84    5.44    5.44   13.90    3.83       5.71    5.71   -0.00   -1.69      0.696   0.696  -0.000
   9 1182.5   5/2-   1/2  32    0.71    5.50    5.50    2.23    0.52       9.45    9.45    0.00   -2.69      1.152   1.152   0.000
  10 1249.3   7/2-   1/2  32   -0.41    5.14    5.14    1.49    0.86      10.37   10.37    0.00   -1.84      1.264   1.264   0.000
  
  11 1296.5   5/2-   5/2  28    1.69    5.90    5.90    4.80    1.42       8.47    8.47    0.00   -3.01      1.033   1.033   0.000
  12 1617.6   7/2-  -3/2  33   -0.56    5.32    5.32    1.62    0.74      11.07   11.07    0.00   -1.98      1.350   1.350   0.000
  13 1895.4   9/2-  -7/2  36   -0.94    4.03    4.03    8.51    2.37       8.88    8.88    0.00   -1.14      1.083   1.083   0.000
  14 1957.4  11/2-  -7/2  30   -0.90    5.63    5.63   13.51    3.54       9.06    9.06   -0.00   -0.84      1.105   1.105  -0.001
  15 2078.8   1/2-   1/2  31    0.50   12.99   12.99    0.25    0.94      12.68   12.68   -0.00   -5.05      1.545   1.545  -0.000
  
  16 2082.1   9/2-  -3/2  33   -1.40    4.50    4.50    6.00    1.79      10.96   10.96    0.00   -1.30      1.336   1.336   0.000
  17 2276.2   9/2-   9/2  38    1.79    3.54    3.54   15.92    3.19       7.99    7.99   -0.00   -1.78      0.974   0.974  -0.001
  18 2284.2   7/2-   5/2  28    1.68    5.70    5.70    6.78    1.42      11.34   11.34    0.00   -2.64      1.383   1.383   0.001
  19 2429.2   5/2-   1/2  31    0.37   13.62   13.62    0.47    1.65      13.35   13.35   -0.00   -4.42      1.628   1.628  -0.000
  20 2611.1  13/2- -11/2  27   -5.44    2.76    2.76   30.13    4.33      11.96   11.96    0.00   -1.11      1.458   1.458   0.000
  
  21 3079.7  13/2-  -7/2  30   -0.98    5.79    5.79   13.15    3.33      13.49   13.49   -0.00   -0.29      1.645   1.645  -0.001
  22 3136.4  11/2-  -7/2  36   -1.47    3.44    3.44   10.62    2.27      13.03   13.03    0.00   -0.77      1.589   1.589   0.001
  23 3160.3   9/2-   5/2  29    0.30   19.05   19.05    3.67    3.68      14.97   14.97   -0.00   -4.29      1.825   1.825  -0.000
  24 3227.9  11/2-   1/2  31    0.27   19.83   19.83    3.44    4.08      15.06   15.06   -0.00   -3.41      1.836   1.836  -0.000
  25 3453.9  11/2-   1/2  32   -0.35    4.97    4.97    1.99    0.81      19.00   19.00   -0.00   -1.15      2.317   2.317  -0.000
  
  26 3555.0   1/2-   1/2  25    0.50    7.51    7.51    0.25    0.65       7.44    7.44   -0.00   -3.81      0.907   0.907  -0.000
  27 3957.3   1/2-   1/2  35    0.50   17.03   17.03    0.25   -0.76      18.19   18.19    0.00   -5.80      2.217   2.217   0.000
  28 4064.5   5/2-   5/2  29    1.45   22.20   22.20    4.93    3.64      18.27   18.27   -0.00   -6.38      2.227   2.227  -0.000
  29 4239.9  13/2-   5/2  29    0.28   21.40   21.40    5.08    4.24      18.71   18.71   -0.00   -2.99      2.281   2.281  -0.000
  30 4334.9  13/2-  -3/2  33   -0.53    5.16    5.16    3.88    1.61      20.23   20.23    0.00   -0.46      2.466   2.466   0.000
  
  31 4724.9  13/2-  -7/2  36   -1.82    3.68    3.68    9.30    1.84      19.88   19.88    0.00   -0.61      2.424   2.424   0.000
  32*******   1/2-  -3/2  33    0.00    0.00    0.00    0.00   -0.00       0.00    0.00   -0.00   -0.00      0.000   0.000  -0.000
