1SPECTRUM OF (Z= 82 A=207) IN PARTICLE-ROTOR  MODEL WITH MODIFIED OSCILLATOR POTENTIAL


 PARITY=-   EPS= 0.516   GAMMA=  0.0   EPS4=0.000   EPS6=0.000   LEVELS:  24  25  26  27  28  29  30  31  32  33  34  35  36  37  38

 PAIRING FACTORS: GN0= 19.20  GN1=  7.40  IPAIR= 15 ***  E2PLUS(INPUT)=   0.730  E2PLUR(INPUT)=   0.000

 CORIOLIS ATTENUATION PARAMETERS:  CHSI=1.000  ETA=  1.00

 MOMENT OF INERTIA PARAMETERS:   A1=  0.122 MEV   A2=  0.122 MEV   A3=121.91922 MEV


 DELTA=0.844 MEV  LAMBDA=53.3890 MEV   HW0= 7.6727 MEV   LAMBDA/HW0= 6.9583

 E2ENERGY=0.730 MEV  HBAR**2/B=49369./A**(7/3)=8345.7/A**2 MEV

 IREC=0  =>  RECOIL TERMS j+j-, j+j+, jzjz, ETC TREATED AS ONE-BODY OPERATORS WITH UU+VV PAIRING FACTORS



 S. P. LEVEL   EQP       U     V        (UU + VV)**1.00

     24       4.668    0.091 0.996      1.000 1.000 1.000 0.984 0.983 0.976 0.976 0.924 0.474 0.425 0.349 0.348 0.274 0.223 0.203
     25       3.959    0.107 0.994      1.000 1.000 1.000 0.987 0.986 0.980 0.979 0.930 0.488 0.440 0.364 0.363 0.290 0.239 0.219
     26       3.943    0.108 0.994      1.000 1.000 1.000 0.987 0.986 0.980 0.980 0.930 0.489 0.440 0.364 0.364 0.291 0.240 0.219
     27       1.637    0.267 0.964      0.984 0.987 0.987 1.000 1.000 0.999 0.999 0.978 0.624 0.580 0.511 0.510 0.442 0.394 0.375
     28       1.622    0.270 0.963      0.983 0.986 0.986 1.000 1.000 0.999 0.999 0.978 0.626 0.582 0.513 0.512 0.444 0.397 0.377
     29       1.459    0.303 0.953      0.976 0.980 0.980 0.999 0.999 1.000 1.000 0.985 0.653 0.610 0.543 0.542 0.475 0.428 0.409
     30       1.449    0.306 0.952      0.976 0.979 0.980 0.999 0.999 1.000 1.000 0.985 0.654 0.612 0.545 0.544 0.477 0.430 0.411
     31       1.025    0.465 0.886      0.924 0.930 0.930 0.978 0.978 0.985 0.985 1.000 0.774 0.739 0.680 0.680 0.621 0.579 0.562
     32       1.170    0.920 0.392      0.474 0.488 0.489 0.624 0.626 0.653 0.654 0.774 1.000 0.999 0.991 0.990 0.977 0.964 0.958
     33       1.315    0.940 0.341      0.425 0.440 0.440 0.580 0.582 0.610 0.612 0.739 0.999 1.000 0.997 0.996 0.987 0.977 0.973
     34       1.667    0.965 0.262      0.349 0.364 0.364 0.511 0.513 0.543 0.545 0.680 0.991 0.997 1.000 1.000 0.997 0.991 0.988
     35       1.671    0.965 0.261      0.348 0.363 0.364 0.510 0.512 0.542 0.544 0.680 0.990 0.996 1.000 1.000 0.997 0.992 0.989
     36       2.309    0.983 0.186      0.274 0.290 0.291 0.442 0.444 0.475 0.477 0.621 0.977 0.987 0.997 0.997 1.000 0.999 0.997
     37       3.175    0.991 0.134      0.223 0.239 0.240 0.394 0.397 0.428 0.430 0.579 0.964 0.977 0.991 0.992 0.999 1.000 1.000
     38       3.753    0.994 0.113      0.203 0.219 0.219 0.375 0.377 0.409 0.411 0.562 0.958 0.973 0.988 0.989 0.997 1.000 1.000

  R CORE   ENERGY   A0R/A00=1.000    R3= 0     2  
   2( 1)    0.732                    1.000 0.000
   2( 2)  487.921                    0.000 1.000

  R CORE   ENERGY   A0R/A00=1.000    R3= 0     2  
   3( 1)  488.652                    0.000 1.000

  R CORE   ENERGY   A0R/A00=1.000    R3= 0     2     4  
   4( 1)    2.438                    1.000 0.000 0.000

  R CORE   ENERGY   A0R/A00=1.000    R3= 0     2     4  
   5( 1)  490.847                    0.000 1.000 0.000

  R CORE   ENERGY   A0R/A00=1.000    R3= 0     2     4     6  
   6( 1)    5.121                    1.000 0.000 0.000 0.000

  R CORE   ENERGY   A0R/A00=1.000    R3= 0     2     4     6  
   7( 1)  494.017                    0.000 1.000 0.000 0.000

          AXIAL SYMMETRY => K RESTRICTED TO OMEGA

                     K
     S.P. ORB#: 24  2.50
     S.P. ORB#: 25 -1.50
     S.P. ORB#: 26  0.50
     S.P. ORB#: 27  2.50
     S.P. ORB#: 28  0.50
     S.P. ORB#: 29 -5.50
     S.P. ORB#: 30  2.50
     S.P. ORB#: 31 -3.50
     S.P. ORB#: 32  0.50
     S.P. ORB#: 33 -1.50
     S.P. ORB#: 34 -3.50
     S.P. ORB#: 35  0.50
     S.P. ORB#: 36 -1.50
     S.P. ORB#: 37 -3.50
     S.P. ORB#: 38  4.50
 

             ENERGY    K= OMEGA
 
 I=  1/2- (1)  2.580  32: 0.999
 
 I=  1/2- (2)  4.752  28: 0.854
                      35:-0.520
 
 I=  1/2- (3)  5.783  26: 0.999
 
 I=  1/2- (4)  6.129  28: 0.520
                      35: 0.854
 
 I=  1/2- (5)147.618  33:-1.000

             ENERGY    K= OMEGA
 
 I=  3/2- (1)  2.642  32: 0.756
                      33:-0.655
 
 I=  3/2- (2)  2.884  26:-0.123
                      32:-0.648
                      33:-0.752

             ENERGY    K= OMEGA
 
 I=  5/2- (1)  3.113  24:-0.054
                      26: 0.156
                      30:-0.454
                      32:-0.447
                      33:-0.753
 
 I=  5/2- (2)  3.295  26: 0.088
                      30: 0.886
                      32:-0.314
                      33:-0.331
 
 I=  5/2- (3)  3.810  30: 0.091
                      32: 0.827
                      33:-0.553
 
 I=  5/2- (4)  5.108  25:-0.116
                      27: 0.109
                      28: 0.783
                      35:-0.543
                      36:-0.259
 
 I=  5/2- (5)  6.540  25: 0.458
                      27:-0.822
                      35:-0.336

             ENERGY    K= OMEGA
 
 I=  7/2- (1)  2.735  24: 0.210
                      30:-0.104
                      31:-0.971
 
 I=  7/2- (2)  3.708  24:-0.057
                      30:-0.676
                      32:-0.256
                      33: 0.347
                      37: 0.594
 
 I=  7/2- (3)  3.873  30:-0.240
                      32: 0.760
                      33:-0.493
                      37: 0.341
 
 I=  7/2- (4)  4.291  24:-0.060
                      26: 0.218
                      30:-0.111
                      32: 0.562
                      33: 0.722
                      37:-0.315
 
 I=  7/2- (5)  4.571  26: 0.071
                      30: 0.678
                      31:-0.093
                      32: 0.106
                      33: 0.288
                      37: 0.657

             ENERGY    K= OMEGA
 
 I=  9/2- (1)  3.307  24:-0.265
                      30: 0.124
                      31:-0.887
                      38: 0.352
 
 I=  9/2- (2)  4.562  24: 0.101
                      26:-0.143
                      30: 0.596
                      31: 0.106
                      32: 0.252
                      33: 0.447
                      37: 0.563
                      38: 0.148
 
 I=  9/2- (3)  4.814  26: 0.247
                      30: 0.281
                      31: 0.133
                      32:-0.491
                      33:-0.634
                      37: 0.439
                      38: 0.084
 
 I=  9/2- (4)  5.059  24: 0.108
                      30:-0.332
                      31: 0.275
                      38: 0.895
 
 I=  9/2- (5)  5.816  25: 0.432
                      27:-0.604
                      28:-0.484
                      34: 0.350
                      35: 0.220
                      36: 0.206

             ENERGY    K= OMEGA
 
 I= 11/2- (1)  2.799  29:-1.000
 
 I= 11/2- (2)  4.169  24: 0.307
                      30:-0.133
                      31:-0.854
                      33:-0.054
                      37: 0.061
                      38:-0.389
 
 I= 11/2- (3)  5.745  24:-0.122
                      30:-0.635
                      31: 0.136
                      32:-0.202
                      33: 0.328
                      37: 0.630
                      38:-0.130
 
 I= 11/2- (4)  5.954  25: 0.475
                      27: 0.586
                      28: 0.497
                      34: 0.309
                      35: 0.230
                      36: 0.189
 
 I= 11/2- (5)  6.070  26: 0.081
                      30:-0.185
                      31: 0.091
                      32: 0.810
                      33:-0.461
                      37: 0.289

             ENERGY    K= OMEGA
 
 I= 13/2- (1)  4.381  29:-0.999
 
 I= 13/2- (2)  5.286  24:-0.340
                      30: 0.137
                      31:-0.833
                      33:-0.065
                      37: 0.073
                      38: 0.398
 
 I= 13/2- (3)  6.904  25:-0.510
                      27: 0.678
                      28: 0.326
                      34:-0.376
                      35:-0.086
                      36:-0.156
 
 I= 13/2- (4)  7.061  24: 0.126
                      26:-0.240
                      30: 0.519
                      31: 0.079
                      32: 0.338
                      33: 0.542
                      37: 0.479
                      38: 0.119
 
 I= 13/2- (5)  7.412  26: 0.281
                      30: 0.411
                      31: 0.161
                      32:-0.440
                      33:-0.501
                      37: 0.529

             ENERGY     K= 9/2
  32 LEVELS    TIME=  0.0 SEC



 ******************* EXCITATION ENERGIES, DOMINANT CONFIGURATION AND EXPECTATION VALUES (WITH S.P. UU+VV FACTORS) *******************

  NR  Eex(keV)  I   Kdom  NY    <Jz>  <Jx**2> <Jy**2> <Jz**2> <I.j>/|I|  <Rx**2> <Ry**2> <Rz**2> <R.j>/|R|  <HROTx> <HROTy> <HROTz>

   1    0.0   1/2-   1/2  32    0.50    5.34    5.34    0.25    0.08       5.77    5.77    0.00   -3.20      0.703   0.703   0.000
   2   62.3   3/2-   1/2  32   -0.36    5.33    5.33    1.11    1.02       5.78    5.78   -0.00   -2.88      0.705   0.705  -0.000
   3  155.2   7/2-  -7/2  31   -3.17    6.48    6.48   11.91    3.52       6.33    6.33    0.00   -3.06      0.771   0.771   0.001
   4  218.8  11/2- -11/2  29   -5.49    2.75    2.75   30.24    5.06       5.49    5.49    0.00   -1.66      0.669   0.669   0.001
   5  303.9   3/2-  -3/2  33   -0.63    5.35    5.35    1.38    0.72       6.52    6.52   -0.00   -2.96      0.795   0.795  -0.000
  
   6  532.8   5/2-  -3/2  33   -0.22    5.57    5.57    2.64    1.42       7.08    7.08   -0.00   -2.55      0.863   0.863  -0.000
   7  714.4   5/2-   5/2  30    1.85    6.02    6.02    5.18    1.80       7.66    7.66    0.00   -3.04      0.933   0.933   0.000
   8  726.7   9/2-  -7/2  31   -1.99    6.10    6.10   12.70    3.61       6.88    6.88    0.00   -1.87      0.839   0.839   0.000
   9 1128.3   7/2-   5/2  30   -0.24    4.61    4.61    7.50    2.36       6.87    6.87    0.00   -1.98      0.837   0.837   0.000
  10 1230.3   5/2-   1/2  32   -0.09    5.36    5.36    0.92   -0.14      10.60   10.60   -0.00   -2.62      1.293   1.293  -0.000
  
  11 1292.5   7/2-   1/2  32   -0.34    5.02    5.02    2.50    1.07       9.89    9.89   -0.00   -1.86      1.205   1.205  -0.000
  12 1588.5  11/2-  -7/2  31   -1.61    6.05    6.05   12.77    3.44       9.72    9.72    0.00   -0.97      1.185   1.185   0.000
  13 1710.6   7/2-  -3/2  33   -0.91    5.13    5.13    2.58    0.81      11.07   11.07   -0.00   -2.04      1.350   1.350  -0.000
  14 1801.0  13/2- -11/2  29   -5.48    2.75    2.75   30.21    4.34      11.96   11.96    0.00   -1.11      1.459   1.459   0.001
  15 1981.9   9/2-   5/2  30   -0.39    4.60    4.60    7.23    2.09      10.17   10.17   -0.00   -1.33      1.240   1.240  -0.000
  
  16 1990.8   7/2-   5/2  30   -0.50    4.45    4.45    8.46    1.71       9.76    9.76   -0.00   -2.39      1.190   1.190  -0.000
  17 2171.5   1/2-   1/2  28    0.50   13.28   13.28    0.25    1.16      12.78   12.78    0.00   -5.11      1.558   1.558   0.000
  18 2234.2   9/2-  -3/2  33   -0.96    4.95    4.95    4.20    1.44      12.27   12.27   -0.00   -1.40      1.496   1.496  -0.000
  19 2479.0   9/2-   9/2  38    3.64    3.20    3.20   17.92    3.48       7.21    7.21    0.00   -1.84      0.879   0.879   0.000
  20 2527.7   5/2-   1/2  28    0.36   13.91   13.91    0.48    1.56      13.92   13.92    0.00   -4.49      1.697   1.697   0.000
  
  21 2705.3  13/2-  -7/2  31   -1.42    6.08    6.08   12.70    3.28      13.88   13.88    0.00   -0.37      1.692   1.692   0.000
  22 3164.6  11/2-   5/2  30   -0.48    4.34    4.34    8.30    1.97      14.58   14.58    0.00   -0.96      1.778   1.778   0.000
  23 3202.7   1/2-   1/2  26    0.50    7.64    7.64    0.25    0.66       7.56    7.56    0.00   -3.84      0.922   0.922   0.000
  24 3235.8   9/2-   5/2  27    0.28   19.81   19.81    4.37    3.85      15.23   15.23    0.00   -4.50      1.857   1.857   0.000
  25 3374.0  11/2-   5/2  27    0.28   20.27   20.27    3.98    4.13      15.46   15.46    0.00   -3.57      1.884   1.884   0.000
  
  26 3489.4  11/2-   1/2  32   -0.22    5.09    5.09    1.98    0.80      19.17   19.17   -0.00   -1.19      2.338   2.338  -0.000
  27 3549.3   1/2-   1/2  35    0.50   16.97   16.97    0.25   -1.00      18.34   18.34    0.00   -5.79      2.236   2.236   0.000
  28 3960.0   5/2-   5/2  27    1.43   21.76   21.76    4.72    3.51      18.10   18.10    0.00   -6.29      2.207   2.207   0.000
  29 4323.6  13/2-   5/2  27    0.29   21.39   21.39    5.28    4.20      19.04   19.04    0.00   -3.03      2.322   2.322   0.000
  30 4480.9  13/2-  -3/2  33   -0.40    4.94    4.94    5.65    1.63      20.77   20.77   -0.00   -0.65      2.532   2.532  -0.000
  
  31 4831.4  13/2-  -7/2  37   -0.88    4.80    4.80    5.46    1.41      22.04   22.04   -0.00   -0.78      2.687   2.687  -0.000
  32*******   1/2-  -3/2  33    0.00    0.00    0.00    0.00   -0.00       0.00    0.00    0.00   -0.00      0.000   0.000   0.000
