1SPECTRUM OF (Z= 82 A=207) IN PARTICLE-ROTOR  MODEL WITH MODIFIED OSCILLATOR POTENTIAL


 PARITY=-   EPS= 0.423   GAMMA=  0.0   EPS4=0.000   EPS6=0.000   LEVELS:  24  25  26  27  28  29  30  31  32  33  34  35  36  37  38

 PAIRING FACTORS: GN0= 19.20  GN1=  7.40  IPAIR= 15 ***  E2PLUS(INPUT)=   0.730  E2PLUR(INPUT)=   0.000

 CORIOLIS ATTENUATION PARAMETERS:  CHSI=1.000  ETA=  1.00

 MOMENT OF INERTIA PARAMETERS:   A1=  0.122 MEV   A2=  0.122 MEV   A3=121.91924 MEV


 DELTA=0.846 MEV  LAMBDA=53.4888 MEV   HW0= 7.5795 MEV   LAMBDA/HW0= 7.0571

 E2ENERGY=0.730 MEV  HBAR**2/B=33177./A**(7/3)=5608.5/A**2 MEV

 IREC=0  =>  RECOIL TERMS j+j-, j+j+, jzjz, ETC TREATED AS ONE-BODY OPERATORS WITH UU+VV PAIRING FACTORS



 S. P. LEVEL   EQP       U     V        (UU + VV)**1.00

     24       4.277    0.099 0.995      1.000 1.000 1.000 0.997 0.997 0.992 0.922 0.872 0.813 0.613 0.410 0.333 0.322 0.249 0.230
     25       3.755    0.113 0.994      1.000 1.000 1.000 0.998 0.998 0.994 0.927 0.879 0.821 0.624 0.423 0.347 0.336 0.263 0.243
     26       3.263    0.131 0.991      1.000 1.000 1.000 0.999 0.999 0.996 0.933 0.887 0.831 0.637 0.438 0.363 0.352 0.280 0.260
     27       2.509    0.171 0.985      0.997 0.998 0.999 1.000 1.000 0.999 0.947 0.905 0.853 0.668 0.475 0.401 0.390 0.318 0.300
     28       2.487    0.173 0.985      0.997 0.998 0.999 1.000 1.000 0.999 0.948 0.906 0.854 0.669 0.476 0.402 0.391 0.320 0.301
     29       1.937    0.224 0.975      0.992 0.994 0.996 0.999 0.999 1.000 0.963 0.927 0.880 0.707 0.522 0.450 0.439 0.369 0.351
     30       1.008    0.478 0.878      0.922 0.927 0.933 0.947 0.948 0.963 1.000 0.994 0.975 0.871 0.732 0.673 0.665 0.606 0.590
     31       0.901    0.573 0.819      0.872 0.879 0.887 0.905 0.906 0.927 0.994 1.000 0.994 0.921 0.804 0.752 0.744 0.691 0.676
     32       0.853    0.660 0.751      0.813 0.821 0.831 0.853 0.854 0.880 0.975 0.994 1.000 0.958 0.864 0.820 0.813 0.766 0.753
     33       0.940    0.847 0.531      0.613 0.624 0.637 0.668 0.669 0.707 0.871 0.921 0.958 1.000 0.972 0.949 0.946 0.918 0.910
     34       1.407    0.948 0.317      0.410 0.423 0.438 0.475 0.476 0.522 0.732 0.804 0.864 0.972 1.000 0.997 0.996 0.985 0.982
     35       1.831    0.971 0.238      0.333 0.347 0.363 0.401 0.402 0.450 0.673 0.752 0.820 0.949 0.997 1.000 1.000 0.996 0.994
     36       1.917    0.974 0.227      0.322 0.336 0.352 0.390 0.391 0.439 0.665 0.744 0.813 0.946 0.996 1.000 1.000 0.997 0.995
     37       2.825    0.988 0.152      0.249 0.263 0.280 0.318 0.320 0.369 0.606 0.691 0.766 0.918 0.985 0.996 0.997 1.000 1.000
     38       3.238    0.991 0.132      0.230 0.243 0.260 0.300 0.301 0.351 0.590 0.676 0.753 0.910 0.982 0.994 0.995 1.000 1.000

  R CORE   ENERGY   A0R/A00=1.000    R3= 0     2  
   2( 1)    0.732                    1.000 0.000
   2( 2)  487.921                    0.000 1.000

  R CORE   ENERGY   A0R/A00=1.000    R3= 0     2  
   3( 1)  488.652                    0.000 1.000

  R CORE   ENERGY   A0R/A00=1.000    R3= 0     2     4  
   4( 1)    2.438                    1.000 0.000 0.000

  R CORE   ENERGY   A0R/A00=1.000    R3= 0     2     4  
   5( 1)  490.847                    0.000 1.000 0.000

  R CORE   ENERGY   A0R/A00=1.000    R3= 0     2     4     6  
   6( 1)    5.121                    1.000 0.000 0.000 0.000

  R CORE   ENERGY   A0R/A00=1.000    R3= 0     2     4     6  
   7( 1)  494.017                    0.000 1.000 0.000 0.000

          AXIAL SYMMETRY => K RESTRICTED TO OMEGA

                     K
     S.P. ORB#: 24  0.50
     S.P. ORB#: 25  0.50
     S.P. ORB#: 26 -5.50
     S.P. ORB#: 27 -1.50
     S.P. ORB#: 28  2.50
     S.P. ORB#: 29 -3.50
     S.P. ORB#: 30  2.50
     S.P. ORB#: 31  0.50
     S.P. ORB#: 32 -1.50
     S.P. ORB#: 33  0.50
     S.P. ORB#: 34 -3.50
     S.P. ORB#: 35 -3.50
     S.P. ORB#: 36  4.50
     S.P. ORB#: 37  0.50
     S.P. ORB#: 38 -1.50
 

             ENERGY    K= OMEGA
 
 I=  1/2- (1)  2.230  31:-0.999
 
 I=  1/2- (2)  3.767  25: 0.226
                      33:-0.920
                      37: 0.321
 
 I=  1/2- (3)  6.004  24: 0.999
 
 I=  1/2- (4)  6.832  25: 0.270
                      33:-0.257
                      37:-0.928
 
 I=  1/2- (5)  9.933  25:-0.936
                      33:-0.296
                      37:-0.190

             ENERGY    K= OMEGA
 
 I=  3/2- (1)  2.178  31: 0.420
                      32:-0.907
 
 I=  3/2- (2)  2.402  24:-0.187
                      31:-0.894
                      32:-0.407

             ENERGY    K= OMEGA
 
 I=  5/2- (1)  2.489  24:-0.243
                      31: 0.492
                      32: 0.835
 
 I=  5/2- (2)  3.408  24:-0.066
                      28:-0.056
                      31: 0.851
                      32:-0.518
 
 I=  5/2- (3)  3.869  25:-0.179
                      33: 0.822
                      37:-0.464
                      38: 0.278
 
 I=  5/2- (4)  4.286  28:-0.997
                      32: 0.065
 
 I=  5/2- (5)  5.826  25:-0.200
                      27: 0.587
                      30:-0.783

             ENERGY    K= OMEGA
 
 I=  7/2- (1)  2.314  28:-0.149
                      34: 0.988
 
 I=  7/2- (2)  3.415  28:-0.067
                      31:-0.589
                      32: 0.804
 
 I=  7/2- (3)  3.574  24: 0.326
                      28:-0.053
                      31: 0.770
                      32: 0.544
 
 I=  7/2- (4)  3.855  28: 0.170
                      29: 0.983
                      32: 0.065
 
 I=  7/2- (5)  3.974  25: 0.068
                      27:-0.122
                      30:-0.146
                      33:-0.875
                      35:-0.055
                      37:-0.249
                      38: 0.358

             ENERGY    K= OMEGA
 
 I=  9/2- (1)  2.835  28:-0.093
                      29: 0.198
                      34:-0.377
                      36:-0.900
 
 I=  9/2- (2)  3.416  28:-0.197
                      29:-0.119
                      32:-0.062
                      34:-0.897
                      36: 0.371
 
 I=  9/2- (3)  3.804  24:-0.372
                      31: 0.539
                      32: 0.750
                      34:-0.082
 
 I=  9/2- (4)  4.673  25:-0.107
                      27:-0.090
                      30: 0.169
                      33: 0.756
                      35:-0.087
                      37:-0.499
                      38: 0.351
 
 I=  9/2- (5)  5.010  28: 0.254
                      29:-0.939
                      31:-0.057
                      36:-0.224

             ENERGY    K= OMEGA
 
 I= 11/2- (1)  3.807  25:-0.500
                      27:-0.560
                      30:-0.481
                      33:-0.350
                      35:-0.213
                      37:-0.111
                      38: 0.161
 
 I= 11/2- (2)  3.975  26:-0.074
                      28:-0.137
                      29:-0.263
                      34: 0.440
                      36:-0.844
 
 I= 11/2- (3)  4.604  26: 0.982
                      28:-0.052
                      34: 0.181
 
 I= 11/2- (4)  4.743  26:-0.174
                      28:-0.227
                      29: 0.176
                      32: 0.056
                      34: 0.834
                      36: 0.434
 
 I= 11/2- (5)  5.172  25: 0.333
                      27: 0.194
                      30: 0.147
                      33:-0.773
                      35: 0.082
                      37:-0.287
                      38: 0.379

             ENERGY    K= OMEGA
 
 I= 13/2- (1)  5.354  26: 0.079
                      28:-0.175
                      29: 0.306
                      34:-0.470
                      36:-0.803
 
 I= 13/2- (2)  5.598  25:-0.179
                      27: 0.557
                      30:-0.674
                      33:-0.187
                      35: 0.375
                      37: 0.087
                      38:-0.139
 
 I= 13/2- (3)  5.953  24:-0.449
                      28: 0.082
                      31: 0.536
                      32: 0.694
                      34: 0.083
                      36:-0.118
 
 I= 13/2- (4)  6.184  26: 0.952
                      28: 0.085
                      32:-0.051
                      34: 0.272
                      36:-0.070
 
 I= 13/2- (5)  6.314  24:-0.065
                      26: 0.291
                      28:-0.232
                      29:-0.215
                      31: 0.085
                      32: 0.081
                      34:-0.776
                      36: 0.442

             ENERGY     K=-3/2
  32 LEVELS    TIME=  0.0 SEC



 ******************* EXCITATION ENERGIES, DOMINANT CONFIGURATION AND EXPECTATION VALUES (WITH S.P. UU+VV FACTORS) *******************

  NR  Eex(keV)  I   Kdom  NY    <Jz>  <Jx**2> <Jy**2> <Jz**2> <I.j>/|I|  <Rx**2> <Ry**2> <Rz**2> <R.j>/|R|  <HROTx> <HROTy> <HROTz>

   1    0.0   3/2-  -3/2  32   -1.14    5.08    5.08    1.89    1.30       5.38    5.38    0.00   -2.91      0.656   0.656   0.000
   2   51.5   1/2-   1/2  31    0.50    5.09    5.09    0.25    0.20       5.42    5.42   -0.00   -3.12      0.661   0.661  -0.000
   3  135.3   7/2-  -7/2  34   -3.37    2.32    2.32   12.11    3.18       3.62    3.62   -0.00   -1.53      0.441   0.441  -0.000
   4  223.5   3/2-   1/2  31    0.17    4.99    4.99    0.58    0.75       5.71    5.71    0.00   -2.70      0.696   0.696   0.000
   5  310.2   5/2-  -3/2  32   -0.89    5.29    5.29    1.66    1.58       5.82    5.82    0.00   -2.22      0.709   0.709   0.000
  
   6  656.4   9/2-   9/2  36    3.03    2.56    2.56   18.68    4.07       4.04    4.04   -0.00   -1.25      0.493   0.493  -0.000
   7 1229.4   5/2-   1/2  31   -0.03    5.11    5.11    0.81   -0.12      10.25   10.25    0.00   -2.52      1.250   1.250   0.000
   8 1237.1   7/2-  -3/2  32   -0.79    5.09    5.09    1.59    0.85      10.39   10.39    0.00   -1.84      1.266   1.266   0.000
   9 1237.2   9/2-  -7/2  34   -2.15    2.41    2.41   13.06    2.73       7.75    7.75   -0.00   -1.10      0.945   0.945  -0.000
  10 1395.1   7/2-   1/2  31   -0.10    5.09    5.09    0.88    0.98       9.53    9.53    0.00   -1.64      1.161   1.161   0.000
  
  11 1588.7   1/2-   1/2  33    0.50   10.63   10.63    0.25    1.06      10.21   10.21    0.00   -4.56      1.245   1.245   0.000
  12 1625.9   9/2-  -3/2  32   -0.65    5.51    5.51    1.47    1.72      10.07   10.07    0.00   -0.88      1.228   1.228   0.000
  13 1628.8  11/2-  -3/2  27    0.10   23.59   23.59    2.86    6.12       6.29    6.29    0.00   -3.79      0.767   0.767   0.000
  14 1677.0   7/2-  -7/2  29   -3.32    6.27    6.27   12.03    3.11       7.82    7.82   -0.00   -3.09      0.953   0.953  -0.000
  15 1690.6   5/2-   1/2  33    0.34   11.24   11.24    0.41    2.22       9.25    9.25    0.00   -3.79      1.128   1.128   0.000
  
  16 1796.1   7/2-   1/2  33    0.24   15.04   15.04    0.70    3.19      10.59   10.59    0.00   -3.93      1.291   1.291   0.000
  17 1796.2  11/2-   9/2  36    2.30    2.74    2.74   17.93    3.48       8.77    8.77    0.00   -0.62      1.069   1.069   0.000
  18 2108.0   5/2-   5/2  28    2.48    6.10    6.10    6.23    2.09       7.41    7.41    0.00   -3.18      0.903   0.903   0.000
  19 2425.3  11/2- -11/2  26   -5.41    2.74    2.74   29.59    4.96       5.76    5.76    0.00   -1.60      0.702   0.702   0.000
  20 2494.9   9/2-   1/2  33    0.26   12.58   12.58    0.78    2.68      12.00   12.00    0.00   -2.57      1.463   1.463   0.000
  
  21 2564.7  11/2-  -7/2  34   -1.74    2.51    2.51   13.95    2.44      12.77   12.77   -0.00   -0.87      1.557   1.557  -0.000
  22 2831.3   9/2-  -7/2  29   -2.70    6.05    6.05   12.22    2.42      12.47   12.47   -0.00   -2.45      1.521   1.521  -0.000
  23 2993.4  11/2-   1/2  33    0.15   13.18   13.18    0.82    2.95      13.81   13.81    0.00   -1.81      1.683   1.683   0.000
  24 3175.8  13/2-   9/2  36    1.84    2.91    2.91   17.31    3.08      14.45   14.45   -0.00   -0.31      1.762   1.762  -0.000
  25 3419.7  13/2-   5/2  30    0.19   23.28   23.28    5.33    4.94      15.85   15.85    0.00   -3.09      1.933   1.933   0.000
  
  26 3648.0   5/2-   5/2  30    1.04   23.35   23.35    4.62    4.34      17.18   17.18    0.00   -6.56      2.095   2.095   0.000
  27 3774.5  13/2-  -3/2  32   -0.44    5.64    5.64    1.68    1.86      17.88   17.88    0.00    0.00      2.180   2.180   0.000
  28 3825.4   1/2-   1/2  24    0.50    7.16    7.16    0.25    0.63       7.11    7.11    0.00   -3.72      0.867   0.867   0.000
  29 4005.2  13/2- -11/2  26   -5.21    2.75    2.75   28.50    4.12      12.63   12.63    0.00   -1.05      1.540   1.540   0.000
  30 4135.5  13/2-  -7/2  34   -1.73    2.64    2.64   14.81    2.25      18.71   18.71   -0.00   -0.72      2.282   2.282  -0.000
  
  31 4654.0   1/2-   1/2  37    0.50   15.76   15.76    0.25   -0.47      16.67   16.67    0.00   -5.57      2.032   2.032   0.000
  32 7754.6   1/2-   1/2  25    0.50   22.97   22.97    0.25   -3.48      26.49   26.49    0.00   -6.76      3.230   3.230   0.000
