1SPECTRUM OF (Z= 82 A=207) IN PARTICLE-ROTOR  MODEL WITH MODIFIED OSCILLATOR POTENTIAL


 PARITY=-   EPS= 0.644   GAMMA=  0.0   EPS4=0.000   EPS6=0.000   LEVELS:  24  25  26  27  28  29  30  31  32  33  34  35  36  37  38

 PAIRING FACTORS: GN0= 19.20  GN1=  7.40  IPAIR= 15 ***  E2PLUS(INPUT)=   0.730  E2PLUR(INPUT)=   0.000

 CORIOLIS ATTENUATION PARAMETERS:  CHSI=1.000  ETA=  1.00

 MOMENT OF INERTIA PARAMETERS:   A1=  0.122 MEV   A2=  0.122 MEV   A3=121.91924 MEV


 DELTA=0.868 MEV  LAMBDA=53.8252 MEV   HW0= 7.8482 MEV   LAMBDA/HW0= 6.8583

 E2ENERGY=0.730 MEV  HBAR**2/B=76900./A**(7/3)=******/A**2 MEV

 IREC=0  =>  RECOIL TERMS j+j-, j+j+, jzjz, ETC TREATED AS ONE-BODY OPERATORS WITH UU+VV PAIRING FACTORS



 S. P. LEVEL   EQP       U     V        (UU + VV)**1.00

     24       4.406    0.099 0.995      1.000 1.000 1.000 1.000 0.999 0.910 0.694 0.638 0.491 0.473 0.377 0.287 0.273 0.213 0.184
     25       4.387    0.099 0.995      1.000 1.000 1.000 1.000 0.999 0.910 0.694 0.638 0.492 0.474 0.378 0.287 0.273 0.214 0.184
     26       3.726    0.117 0.993      1.000 1.000 1.000 1.000 1.000 0.917 0.707 0.652 0.507 0.490 0.394 0.304 0.290 0.231 0.202
     27       3.587    0.122 0.993      1.000 1.000 1.000 1.000 1.000 0.919 0.710 0.655 0.511 0.494 0.398 0.309 0.295 0.236 0.207
     28       3.114    0.141 0.990      0.999 0.999 1.000 1.000 1.000 0.926 0.724 0.669 0.528 0.510 0.416 0.327 0.313 0.254 0.225
     29       0.998    0.503 0.864      0.910 0.910 0.917 0.919 0.926 1.000 0.930 0.900 0.809 0.797 0.728 0.659 0.648 0.600 0.576
     30       0.893    0.785 0.619      0.694 0.694 0.707 0.710 0.724 0.930 1.000 0.997 0.968 0.963 0.929 0.889 0.882 0.851 0.835
     31       0.937    0.830 0.558      0.638 0.638 0.652 0.655 0.669 0.900 0.997 1.000 0.984 0.980 0.954 0.921 0.915 0.889 0.875
     32       1.177    0.915 0.403      0.491 0.492 0.507 0.511 0.528 0.809 0.968 0.984 1.000 1.000 0.992 0.975 0.972 0.956 0.947
     33       1.224    0.923 0.384      0.473 0.474 0.490 0.494 0.510 0.797 0.963 0.980 1.000 1.000 0.994 0.980 0.977 0.962 0.953
     34       1.596    0.959 0.284      0.377 0.378 0.394 0.398 0.416 0.728 0.929 0.954 0.992 0.994 1.000 0.995 0.994 0.985 0.980
     35       2.322    0.982 0.190      0.287 0.287 0.304 0.309 0.327 0.659 0.889 0.921 0.975 0.980 0.995 1.000 1.000 0.997 0.994
     36       2.505    0.984 0.176      0.273 0.273 0.290 0.295 0.313 0.648 0.882 0.915 0.972 0.977 0.994 1.000 1.000 0.998 0.996
     37       3.784    0.993 0.115      0.213 0.214 0.231 0.236 0.254 0.600 0.851 0.889 0.956 0.962 0.985 0.997 0.998 1.000 1.000
     38       5.073    0.996 0.086      0.184 0.184 0.202 0.207 0.225 0.576 0.835 0.875 0.947 0.953 0.980 0.994 0.996 1.000 1.000

  R CORE   ENERGY   A0R/A00=1.000    R3= 0     2  
   2( 1)    0.732                    1.000 0.000
   2( 2)  487.921                    0.000 1.000

  R CORE   ENERGY   A0R/A00=1.000    R3= 0     2  
   3( 1)  488.652                    0.000 1.000

  R CORE   ENERGY   A0R/A00=1.000    R3= 0     2     4  
   4( 1)    2.438                    1.000 0.000 0.000

  R CORE   ENERGY   A0R/A00=1.000    R3= 0     2     4  
   5( 1)  490.847                    0.000 1.000 0.000

  R CORE   ENERGY   A0R/A00=1.000    R3= 0     2     4     6  
   6( 1)    5.121                    1.000 0.000 0.000 0.000

  R CORE   ENERGY   A0R/A00=1.000    R3= 0     2     4     6  
   7( 1)  494.017                    0.000 1.000 0.000 0.000

          AXIAL SYMMETRY => K RESTRICTED TO OMEGA

                     K
     S.P. ORB#: 24  2.50
     S.P. ORB#: 25  0.50
     S.P. ORB#: 26  0.50
     S.P. ORB#: 27  4.50
     S.P. ORB#: 28  2.50
     S.P. ORB#: 29  0.50
     S.P. ORB#: 30  2.50
     S.P. ORB#: 31 -1.50
     S.P. ORB#: 32 -3.50
     S.P. ORB#: 33 -3.50
     S.P. ORB#: 34 -5.50
     S.P. ORB#: 35  0.50
     S.P. ORB#: 36 -1.50
     S.P. ORB#: 37 -1.50
     S.P. ORB#: 38  0.50
 

             ENERGY    K= OMEGA
 
 I=  1/2- (1)  3.817  26: 0.054
                      35: 0.999
 
 I=  1/2- (2)  4.876  25:-0.330
                      29: 0.941
                      38: 0.080
 
 I=  1/2- (3)  5.686  26:-0.999
                      35: 0.054
 
 I=  1/2- (4)  8.014  25: 0.864
                      29: 0.267
                      38: 0.428
 
 I=  1/2- (5)  9.390  25: 0.381
                      29: 0.210
                      38:-0.900

             ENERGY    K= OMEGA
 
 I=  3/2- (1)  3.886  35:-0.823
                      36:-0.568
 
 I=  3/2- (2)  4.124  26: 0.123
                      35:-0.561
                      36: 0.818

             ENERGY    K= OMEGA
 
 I=  5/2- (1)  2.732  30: 0.997
                      36: 0.075
 
 I=  5/2- (2)  4.475  26: 0.202
                      30: 0.069
                      35: 0.512
                      36:-0.831
 
 I=  5/2- (3)  4.495  25:-0.419
                      29: 0.647
                      31:-0.579
                      37:-0.173
                      38: 0.199
 
 I=  5/2- (4)  5.045  26: 0.064
                      35: 0.844
                      36: 0.530
 
 I=  5/2- (5)  5.916  25:-0.145
                      28: 0.103
                      29: 0.584
                      31: 0.772
                      37:-0.157
                      38:-0.077

             ENERGY    K= OMEGA
 
 I=  7/2- (1)  3.058  24:-0.119
                      30: 0.281
                      32: 0.952
 
 I=  7/2- (2)  3.613  24:-0.061
                      30:-0.952
                      32: 0.275
                      36: 0.119
 
 I=  7/2- (3)  5.110  30: 0.078
                      35: 0.851
                      36: 0.517
 
 I=  7/2- (4)  5.249  25:-0.361
                      28:-0.095
                      29:-0.668
                      31: 0.565
                      33:-0.059
                      37:-0.204
                      38: 0.226
 
 I=  7/2- (5)  5.590  24:-0.069
                      26: 0.236
                      30: 0.094
                      35:-0.500
                      36: 0.825

             ENERGY    K= OMEGA
 
 I=  9/2- (1)  4.015  24:-0.171
                      27: 0.056
                      30: 0.329
                      32:-0.927
 
 I=  9/2- (2)  4.720  24:-0.095
                      30:-0.928
                      32:-0.314
                      36:-0.168
 
 I=  9/2- (3)  5.035  25: 0.465
                      28: 0.066
                      29:-0.616
                      31: 0.544
                      37: 0.195
                      38:-0.254
 
 I=  9/2- (4)  6.001  27: 0.997
                      32: 0.059
 
 I=  9/2- (5)  6.192  24:-0.057
                      26: 0.320
                      30: 0.158
                      35: 0.529
                      36:-0.766

             ENERGY    K= OMEGA
 
 I= 11/2- (1)  2.874  27: 0.118
                      34: 0.993
 
 I= 11/2- (2)  5.206  24:-0.213
                      27: 0.073
                      30: 0.345
                      32: 0.911
 
 I= 11/2- (3)  6.057  24:-0.123
                      30:-0.913
                      32: 0.318
                      35: 0.051
                      36: 0.211
 
 I= 11/2- (4)  6.138  25: 0.415
                      28: 0.114
                      29: 0.663
                      31:-0.488
                      33: 0.073
                      37: 0.249
                      38:-0.264
 
 I= 11/2- (5)  7.322  26: 0.073
                      27: 0.095
                      30:-0.139
                      35:-0.867
                      36:-0.461

             ENERGY    K= OMEGA
 
 I= 13/2- (1)  4.387  27:-0.170
                      34: 0.985
 
 I= 13/2- (2)  6.483  25:-0.485
                      28:-0.077
                      29: 0.595
                      31:-0.528
                      37:-0.202
                      38: 0.287
 
 I= 13/2- (3)  6.631  24:-0.249
                      27: 0.080
                      30: 0.347
                      32:-0.900
 
 I= 13/2- (4)  7.615  24:-0.146
                      26: 0.076
                      30:-0.892
                      32:-0.305
                      35: 0.079
                      36:-0.274
 
 I= 13/2- (5)  8.862  26:-0.403
                      27: 0.102
                      30:-0.264
                      32:-0.088
                      35:-0.521
                      36: 0.690

             ENERGY     K= 1/2
  32 LEVELS    TIME=  0.0 SEC



 ******************* EXCITATION ENERGIES, DOMINANT CONFIGURATION AND EXPECTATION VALUES (WITH S.P. UU+VV FACTORS) *******************

  NR  Eex(keV)  I   Kdom  NY    <Jz>  <Jx**2> <Jy**2> <Jz**2> <I.j>/|I|  <Rx**2> <Ry**2> <Rz**2> <R.j>/|R|  <HROTx> <HROTy> <HROTz>

   1    0.0   5/2-   5/2  30    2.48    6.33    6.33    6.23    2.14       7.50    7.50    0.00   -3.25      0.915   0.915   0.000
   2  141.8  11/2- -11/2  34   -5.36    2.82    2.82   30.11    5.12       5.13    5.13    0.00   -1.60      0.625   0.625   0.000
   3  326.1   7/2-  -7/2  32   -2.94    6.52    6.52   11.69    3.18       7.62    7.62    0.00   -3.10      0.929   0.929   0.000
   4  881.1   7/2-   5/2  30    1.99    6.32    6.32    6.64    1.66      10.92   10.92    0.00   -2.72      1.331   1.331   0.000
   5 1084.9   1/2-   1/2  35    0.50    5.63    5.63    0.25    0.02       6.11    6.11   -0.00   -3.29      0.745   0.745  -0.000
  
   6 1154.1   3/2-   1/2  35   -0.15    5.63    5.63    0.90    0.92       6.17    6.17   -0.00   -2.95      0.752   0.752  -0.000
   7 1282.6   9/2-  -7/2  32   -2.65    6.57    6.57   11.45    2.68      11.34   11.34    0.00   -2.36      1.383   1.383   0.000
   8 1392.1   3/2-  -3/2  36   -0.84    5.68    5.68    1.59    0.80       6.80    6.80   -0.00   -3.09      0.829   0.829  -0.000
   9 1654.6  13/2- -11/2  34   -5.21    2.89    2.89   29.96    4.44      11.21   11.21    0.00   -0.99      1.367   1.367   0.000
  10 1743.0   5/2-  -3/2  36   -0.87    5.75    5.75    1.67    0.97       8.09    8.09   -0.00   -2.56      0.986   0.986  -0.000
  
  11 1763.2   5/2-   1/2  29   -0.23   14.83   14.83    0.99    2.95      10.98   10.98    0.00   -4.68      1.338   1.338   0.000
  12 1987.5   9/2-   5/2  30    1.79    6.32    6.32    6.73    1.37      15.24   15.24    0.00   -2.27      1.858   1.858   0.000
  13 2144.1   1/2-   1/2  29    0.50   15.04   15.04    0.25    1.45      14.29   14.29    0.00   -5.44      1.742   1.742   0.000
  14 2302.9   9/2-   1/2  29   -0.16   14.71   14.71    0.96    3.11      12.07   12.07    0.00   -3.03      1.472   1.472   0.000
  15 2312.5   5/2-   1/2  35   -0.06    5.64    5.64    0.83   -0.17      10.93   10.93   -0.00   -2.70      1.332   1.332  -0.000
  
  16 2377.7   7/2-   1/2  35   -0.02    5.64    5.64    0.83    0.68      11.25   11.25   -0.00   -1.99      1.371   1.371  -0.000
  17 2473.5  11/2-  -7/2  32   -2.47    6.62    6.62   11.31    2.37      16.00   16.00    0.00   -1.84      1.951   1.951   0.000
  18 2516.7   7/2-   1/2  29   -0.22   18.48   18.48    1.07    3.17      14.29   14.29    0.00   -4.76      1.742   1.742   0.000
  19 2857.6   7/2-  -3/2  36   -0.84    5.80    5.80    1.70    0.49      12.59   12.59   -0.00   -2.26      1.534   1.534  -0.000
  20 2953.3   1/2-   1/2  26    0.50    8.08    8.08    0.25    0.61       8.05    8.05    0.00   -3.96      0.982   0.982   0.000
  
  21 3183.7   5/2-  -3/2  31   -0.72   16.60   16.60    1.56    0.74      19.55   19.55    0.00   -5.21      2.384   2.384   0.000
  22 3268.4   9/2-   9/2  27    4.47    7.62    7.62   20.20    4.05       9.94    9.94   -0.00   -3.43      1.212   1.212  -0.000
  23 3324.8  11/2-   5/2  30    1.71    6.31    6.31    6.69    1.17      20.51   20.51    0.00   -1.92      2.500   2.500   0.000
  24 3405.5  11/2-   1/2  29   -0.10   18.74   18.74    0.99    3.41      16.75   16.75    0.00   -3.13      2.042   2.042   0.000
  25 3459.6   9/2-  -3/2  36   -0.62    5.93    5.93    1.64    0.84      14.97   14.97   -0.00   -1.71      1.825   1.825  -0.000
  
  26 3751.1  13/2-   1/2  29   -0.13   14.69   14.69    0.95    3.17      17.39   17.39    0.00   -1.39      2.120   2.120   0.000
  27 3899.3  13/2-  -7/2  32   -2.35    6.66    6.66   11.22    2.15      21.62   21.62    0.00   -1.45      2.636   2.636   0.000
  28 4590.1  11/2-   1/2  35    0.15    5.68    5.68    1.00    0.61      20.38   20.38   -0.00   -1.36      2.485   2.485  -0.000
  29 4882.4  13/2-   5/2  30    1.62    6.30    6.30    6.47    1.06      26.53   26.53    0.00   -1.60      3.234   3.234   0.000
  30 5281.8   1/2-   1/2  25    0.50   14.45   14.45    0.25   -0.47      15.35   15.35    0.00   -5.33      1.872   1.872   0.000
  
  31 6129.4  13/2-  -3/2  36   -0.30    6.12    6.12    1.94    0.80      25.90   25.90   -0.00   -1.20      3.158   3.158  -0.000
  32 6658.0   1/2-   1/2  38    0.50   17.98   17.98    0.25   -0.42      18.85   18.85   -0.00   -5.96      2.298   2.298  -0.000
