1SPECTRUM OF (Z= 82 A=207) IN PARTICLE-ROTOR  MODEL WITH MODIFIED OSCILLATOR POTENTIAL


 PARITY=-   EPS= 0.601   GAMMA=  0.0   EPS4=0.000   EPS6=0.000   LEVELS:  24  25  26  27  28  29  30  31  32  33  34  35  36  37  38

 PAIRING FACTORS: GN0= 19.20  GN1=  7.40  IPAIR= 15 ***  E2PLUS(INPUT)=   0.730  E2PLUR(INPUT)=   0.000

 CORIOLIS ATTENUATION PARAMETERS:  CHSI=1.000  ETA=  1.00

 MOMENT OF INERTIA PARAMETERS:   A1=  0.122 MEV   A2=  0.122 MEV   A3=121.91923 MEV


 DELTA=0.910 MEV  LAMBDA=53.6594 MEV   HW0= 7.7824 MEV   LAMBDA/HW0= 6.8950

 E2ENERGY=0.730 MEV  HBAR**2/B=66974./A**(7/3)=******/A**2 MEV

 IREC=0  =>  RECOIL TERMS j+j-, j+j+, jzjz, ETC TREATED AS ONE-BODY OPERATORS WITH UU+VV PAIRING FACTORS



 S. P. LEVEL   EQP       U     V        (UU + VV)**1.00

     24       4.527    0.101 0.995      1.000 1.000 1.000 0.999 0.997 0.863 0.727 0.665 0.611 0.464 0.445 0.344 0.322 0.213 0.196
     25       4.105    0.112 0.994      1.000 1.000 1.000 1.000 0.998 0.868 0.734 0.673 0.620 0.473 0.454 0.354 0.332 0.223 0.206
     26       3.837    0.119 0.993      1.000 1.000 1.000 1.000 0.998 0.872 0.739 0.679 0.626 0.480 0.462 0.361 0.340 0.231 0.214
     27       3.446    0.133 0.991      0.999 1.000 1.000 1.000 0.999 0.879 0.749 0.689 0.637 0.493 0.474 0.374 0.353 0.244 0.228
     28       2.626    0.176 0.984      0.997 0.998 0.998 0.999 1.000 0.899 0.777 0.720 0.669 0.530 0.511 0.414 0.393 0.286 0.270
     29       0.955    0.590 0.808      0.863 0.868 0.872 0.879 0.899 1.000 0.974 0.951 0.927 0.848 0.836 0.771 0.756 0.677 0.664
     30       0.920    0.757 0.654      0.727 0.734 0.739 0.749 0.777 0.974 1.000 0.996 0.988 0.946 0.939 0.895 0.884 0.826 0.816
     31       0.958    0.810 0.586      0.665 0.673 0.679 0.689 0.720 0.951 0.996 1.000 0.998 0.970 0.965 0.930 0.921 0.871 0.863
     32       1.014    0.849 0.528      0.611 0.620 0.626 0.637 0.669 0.927 0.988 0.998 1.000 0.985 0.981 0.953 0.946 0.903 0.896
     33       1.317    0.928 0.372      0.464 0.473 0.480 0.493 0.530 0.848 0.946 0.970 0.985 1.000 1.000 0.991 0.988 0.964 0.960
     34       1.380    0.936 0.352      0.445 0.454 0.462 0.474 0.511 0.836 0.939 0.965 0.981 1.000 1.000 0.994 0.991 0.970 0.965
     35       1.900    0.969 0.247      0.344 0.354 0.361 0.374 0.414 0.771 0.895 0.930 0.953 0.991 0.994 1.000 1.000 0.991 0.988
     36       2.075    0.974 0.225      0.322 0.332 0.340 0.353 0.393 0.756 0.884 0.921 0.946 0.988 0.991 1.000 1.000 0.994 0.991
     37       4.049    0.994 0.113      0.213 0.223 0.231 0.244 0.286 0.677 0.826 0.871 0.903 0.964 0.970 0.991 0.994 1.000 1.000
     38       4.770    0.995 0.096      0.196 0.206 0.214 0.228 0.270 0.664 0.816 0.863 0.896 0.960 0.965 0.988 0.991 1.000 1.000

  R CORE   ENERGY   A0R/A00=1.000    R3= 0     2  
   2( 1)    0.732                    1.000 0.000
   2( 2)  487.921                    0.000 1.000

  R CORE   ENERGY   A0R/A00=1.000    R3= 0     2  
   3( 1)  488.652                    0.000 1.000

  R CORE   ENERGY   A0R/A00=1.000    R3= 0     2     4  
   4( 1)    2.438                    1.000 0.000 0.000

  R CORE   ENERGY   A0R/A00=1.000    R3= 0     2     4  
   5( 1)  490.847                    0.000 1.000 0.000

  R CORE   ENERGY   A0R/A00=1.000    R3= 0     2     4     6  
   6( 1)    5.121                    1.000 0.000 0.000 0.000

  R CORE   ENERGY   A0R/A00=1.000    R3= 0     2     4     6  
   7( 1)  494.017                    0.000 1.000 0.000 0.000

          AXIAL SYMMETRY => K RESTRICTED TO OMEGA

                     K
     S.P. ORB#: 24  2.50
     S.P. ORB#: 25  4.50
     S.P. ORB#: 26  0.50
     S.P. ORB#: 27  0.50
     S.P. ORB#: 28  2.50
     S.P. ORB#: 29  2.50
     S.P. ORB#: 30  0.50
     S.P. ORB#: 31 -3.50
     S.P. ORB#: 32 -5.50
     S.P. ORB#: 33 -1.50
     S.P. ORB#: 34 -3.50
     S.P. ORB#: 35  0.50
     S.P. ORB#: 36 -1.50
     S.P. ORB#: 37 -1.50
     S.P. ORB#: 38 -3.50
 

             ENERGY    K= OMEGA
 
 I=  1/2- (1)  3.369  35: 0.999
 
 I=  1/2- (2)  4.792  27: 0.386
                      30:-0.923
 
 I=  1/2- (3)  5.760  26: 0.999
 
 I=  1/2- (4)  7.307  27:-0.923
                      30:-0.386
 
 I=  1/2- (5)147.620  33: 1.000

             ENERGY    K= OMEGA
 
 I=  3/2- (1)  3.438  35: 0.806
                      36: 0.591
 
 I=  3/2- (2)  3.679  26: 0.118
                      35:-0.585
                      36: 0.802

             ENERGY    K= OMEGA
 
 I=  5/2- (1)  2.783  29: 0.996
                      36: 0.086
 
 I=  5/2- (2)  4.007  26: 0.186
                      29: 0.081
                      35: 0.522
                      36:-0.827
 
 I=  5/2- (3)  4.598  26:-0.053
                      35:-0.840
                      36:-0.538
 
 I=  5/2- (4)  4.703  27:-0.478
                      30: 0.766
                      33: 0.336
                      37:-0.267
 
 I=  5/2- (5)  6.135  28: 0.124
                      30: 0.381
                      33:-0.907
                      37:-0.122

             ENERGY    K= OMEGA
 
 I=  7/2- (1)  2.793  24:-0.154
                      29: 0.179
                      31: 0.972
 
 I=  7/2- (2)  3.486  24:-0.058
                      29:-0.942
                      31: 0.165
                      36: 0.121
                      38: 0.257
 
 I=  7/2- (3)  4.657  29:-0.076
                      35:-0.836
                      36:-0.538
 
 I=  7/2- (4)  5.133  24:-0.061
                      26: 0.226
                      29: 0.074
                      35:-0.524
                      36: 0.812
                      38:-0.074
 
 I=  7/2- (5)  5.338  27: 0.333
                      30: 0.858
                      33: 0.136
                      37: 0.363

             ENERGY    K= OMEGA
 
 I=  9/2- (1)  3.693  24:-0.219
                      25: 0.050
                      29: 0.244
                      31:-0.943
 
 I=  9/2- (2)  4.411  24: 0.090
                      29: 0.894
                      31: 0.223
                      36: 0.153
                      38: 0.342
 
 I=  9/2- (3)  5.470  27: 0.499
                      30:-0.730
                      33:-0.320
                      37: 0.339
 
 I=  9/2- (4)  5.687  24: 0.052
                      26:-0.297
                      29:-0.118
                      31:-0.051
                      35:-0.536
                      36: 0.772
                      38:-0.097
 
 I=  9/2- (5)  6.517  25: 0.993
                      31: 0.054
                      38:-0.075

             ENERGY    K= OMEGA
 
 I= 11/2- (1)  2.235  25: 0.145
                      32: 0.989
 
 I= 11/2- (2)  4.814  24:-0.265
                      25: 0.061
                      29: 0.284
                      31: 0.916
                      38:-0.072
 
 I= 11/2- (3)  5.569  24: 0.119
                      29: 0.855
                      31:-0.257
                      36:-0.168
                      38:-0.396
 
 I= 11/2- (4)  6.421  27: 0.394
                      28: 0.076
                      30: 0.802
                      33: 0.169
                      34: 0.051
                      37: 0.406
 
 I= 11/2- (5)  6.857  26: 0.065
                      29:-0.088
                      35:-0.851
                      36:-0.503
                      38: 0.082

             ENERGY    K= OMEGA
 
 I= 13/2- (1)  3.683  25: 0.207
                      32:-0.978
 
 I= 13/2- (2)  6.160  24:-0.303
                      25: 0.063
                      29: 0.310
                      31:-0.893
                      38: 0.097
 
 I= 13/2- (3)  6.955  24: 0.145
                      26:-0.053
                      29: 0.820
                      31: 0.275
                      35:-0.056
                      36: 0.198
                      38: 0.429
 
 I= 13/2- (4)  7.167  27:-0.505
                      30: 0.713
                      33: 0.304
                      37:-0.381
 
 I= 13/2- (5)  8.290  26:-0.379
                      29:-0.138
                      31:-0.088
                      35:-0.530
                      36: 0.725
                      38:-0.141

             ENERGY     K=-7/2
  32 LEVELS    TIME=  0.0 SEC



 ******************* EXCITATION ENERGIES, DOMINANT CONFIGURATION AND EXPECTATION VALUES (WITH S.P. UU+VV FACTORS) *******************

  NR  Eex(keV)  I   Kdom  NY    <Jz>  <Jx**2> <Jy**2> <Jz**2> <I.j>/|I|  <Rx**2> <Ry**2> <Rz**2> <R.j>/|R|  <HROTx> <HROTy> <HROTz>

   1    0.0  11/2- -11/2  32   -5.29    2.85    2.85   30.04    5.19       4.74    4.74    0.00   -1.54      0.578   0.578   0.000
   2  548.4   5/2-   5/2  29    2.47    6.27    6.27    6.22    2.13       7.45    7.45    0.00   -3.23      0.908   0.908   0.000
   3  558.7   7/2-  -7/2  31   -3.17    6.52    6.52   11.92    3.32       7.18    7.18    0.00   -3.11      0.875   0.875   0.000
   4 1134.1   1/2-   1/2  35    0.50    5.54    5.54    0.25    0.03       6.01    6.01    0.00   -3.26      0.732   0.732   0.000
   5 1203.1   3/2-   1/2  35   -0.20    5.54    5.54    0.95    0.95       6.05    6.05   -0.00   -2.93      0.738   0.738  -0.000
  
   6 1251.1   7/2-   5/2  29    1.88    5.96    5.96    6.75    2.01       9.23    9.23    0.00   -2.49      1.125   1.125   0.000
   7 1443.8   3/2-  -3/2  36   -0.79    5.58    5.58    1.54    0.77       6.72    6.72   -0.00   -3.05      0.820   0.820  -0.000
   8 1448.0  13/2- -11/2  32   -5.07    2.96    2.96   29.81    4.56      10.40   10.40    0.00   -0.85      1.268   1.268   0.000
   9 1458.5   9/2-  -7/2  31   -2.84    6.62    6.62   11.63    2.88      10.46   10.46    0.00   -2.30      1.275   1.275   0.000
  10 1772.5   5/2-  -3/2  36   -0.85    5.65    5.65    1.67    1.01       7.89    7.89   -0.00   -2.52      0.961   0.961  -0.000
  
  11 2176.6   9/2-   5/2  29    1.40    5.72    5.72    7.16    1.93      12.09   12.09    0.00   -1.83      1.474   1.474   0.000
  12 2363.6   5/2-   1/2  35   -0.07    5.55    5.55    0.84   -0.16      10.83   10.83   -0.00   -2.67      1.320   1.320  -0.000
  13 2422.7   7/2-   1/2  35   -0.08    5.54    5.54    0.90    0.70      11.08   11.08   -0.00   -1.95      1.351   1.351  -0.000
  14 2467.8   5/2-   1/2  30    0.13   14.57   14.57    0.62    2.43      12.05   12.05    0.00   -4.59      1.469   1.469   0.000
  15 2557.1   1/2-   1/2  30    0.50   14.96   14.96    0.25    1.30      14.34   14.34    0.00   -5.43      1.748   1.748   0.000
  
  16 2579.0  11/2-  -7/2  31   -2.56    6.70    6.70   11.38    2.61      14.65   14.65    0.00   -1.69      1.787   1.787   0.000
  17 2898.0   7/2-  -3/2  36   -0.82    5.66    5.66    1.70    0.53      12.30   12.30   -0.00   -2.21      1.499   1.499  -0.000
  18 3103.4   7/2-   1/2  30    0.20   17.93   17.93    0.57    2.74      15.23   15.23    0.00   -4.63      1.857   1.857   0.000
  19 3234.8   9/2-   1/2  30    0.07   14.52   14.52    0.69    2.58      14.43   14.43    0.00   -3.15      1.759   1.759   0.000
  20 3334.7  11/2-   5/2  29    1.05    5.54    5.54    7.49    1.85      16.10   16.10    0.00   -1.32      1.963   1.963   0.000
  
  21 3452.5   9/2-  -3/2  36   -0.70    5.76    5.76    1.69    0.94      14.33   14.33   -0.00   -1.60      1.747   1.747  -0.000
  22 3524.9   1/2-   1/2  26    0.50    7.95    7.95    0.25    0.63       7.90    7.90    0.00   -3.92      0.964   0.964   0.000
  23 3899.9   5/2-  -3/2  33   -1.14   16.98   16.98    2.02    0.89      19.73   19.73    0.00   -5.31      2.406   2.406   0.000
  24 3925.5  13/2-  -7/2  31   -2.34    6.76    6.76   11.18    2.42      19.80   19.80    0.00   -1.23      2.414   2.414   0.000
  25 4186.7  11/2-   1/2  30    0.11   18.02   18.02    0.70    2.93      18.75   18.75    0.00   -3.14      2.286   2.286   0.000
  
  26 4282.7   9/2-   9/2  25    4.42    7.59    7.59   20.10    4.03       9.96    9.96    0.00   -3.41      1.214   1.214   0.001
  27 4622.4  11/2-   1/2  35   -0.02    5.53    5.53    0.92    0.64      20.06   20.06   -0.00   -1.29      2.446   2.446  -0.000
  28 4719.8  13/2-   5/2  29    0.77    5.42    5.42    7.65    1.78      21.16   21.16    0.00   -0.93      2.580   2.580   0.000
  29 4932.7  13/2-   1/2  30    0.03   14.55   14.55    0.73    2.62      20.97   20.97    0.00   -1.78      2.557   2.557   0.000
  30 5072.5   1/2-   1/2  27    0.50   15.81   15.81    0.25   -1.23      17.38   17.38   -0.00   -5.59      2.119   2.119  -0.000
  
  31 6055.6  13/2-  -3/2  36   -0.62    5.86    5.86    1.78    0.94      24.53   24.53    0.00   -0.99      2.991   2.991   0.000
  32*******   1/2-  -3/2  33    0.00    0.00    0.00    0.00   -0.00       0.00    0.00    0.00   -0.00      0.000   0.000   0.000
