1SPECTRUM OF (Z= 82 A=207) IN PARTICLE-ROTOR  MODEL WITH MODIFIED OSCILLATOR POTENTIAL


 PARITY=-   EPS= 0.572   GAMMA=  0.0   EPS4=0.000   EPS6=0.000   LEVELS:  24  25  26  27  28  29  30  31  32  33  34  35  36  37  38

 PAIRING FACTORS: GN0= 19.20  GN1=  7.40  IPAIR= 15 ***  E2PLUS(INPUT)=   0.730  E2PLUR(INPUT)=   0.000

 CORIOLIS ATTENUATION PARAMETERS:  CHSI=1.000  ETA=  1.00

 MOMENT OF INERTIA PARAMETERS:   A1=  0.122 MEV   A2=  0.122 MEV   A3=121.91923 MEV


 DELTA=0.920 MEV  LAMBDA=53.5359 MEV   HW0= 7.7421 MEV   LAMBDA/HW0= 6.9149

 E2ENERGY=0.730 MEV  HBAR**2/B=60666./A**(7/3)=******/A**2 MEV

 IREC=0  =>  RECOIL TERMS j+j-, j+j+, jzjz, ETC TREATED AS ONE-BODY OPERATORS WITH UU+VV PAIRING FACTORS



 S. P. LEVEL   EQP       U     V        (UU + VV)**1.00

     24       4.569    0.101 0.995      1.000 1.000 1.000 0.998 0.994 0.921 0.810 0.772 0.565 0.417 0.385 0.385 0.357 0.209 0.209
     25       4.411    0.105 0.994      1.000 1.000 1.000 0.998 0.995 0.922 0.812 0.775 0.568 0.421 0.388 0.388 0.360 0.213 0.212
     26       3.869    0.120 0.993      1.000 1.000 1.000 0.999 0.996 0.928 0.820 0.784 0.581 0.434 0.402 0.402 0.374 0.228 0.227
     27       2.796    0.167 0.986      0.998 0.998 0.999 1.000 0.999 0.945 0.847 0.813 0.619 0.477 0.445 0.445 0.418 0.274 0.273
     28       2.275    0.207 0.978      0.994 0.995 0.996 0.999 1.000 0.957 0.868 0.836 0.650 0.512 0.481 0.481 0.454 0.312 0.312
     29       1.090    0.481 0.876      0.921 0.922 0.928 0.945 0.957 1.000 0.974 0.959 0.842 0.739 0.714 0.714 0.693 0.574 0.574
     30       0.926    0.666 0.746      0.810 0.812 0.820 0.847 0.868 0.974 1.000 0.998 0.942 0.871 0.853 0.853 0.837 0.743 0.743
     31       0.920    0.710 0.704      0.772 0.775 0.784 0.813 0.836 0.959 0.998 1.000 0.961 0.900 0.884 0.883 0.869 0.783 0.782
     32       1.094    0.878 0.479      0.565 0.568 0.581 0.619 0.650 0.842 0.942 0.961 1.000 0.986 0.979 0.979 0.972 0.925 0.925
     33       1.504    0.946 0.323      0.417 0.421 0.434 0.477 0.512 0.739 0.871 0.900 0.986 1.000 0.999 0.999 0.998 0.976 0.976
     34       1.661    0.957 0.289      0.385 0.388 0.402 0.445 0.481 0.714 0.853 0.884 0.979 0.999 1.000 1.000 1.000 0.983 0.983
     35       1.662    0.957 0.289      0.385 0.388 0.402 0.445 0.481 0.714 0.853 0.883 0.979 0.999 1.000 1.000 1.000 0.983 0.983
     36       1.829    0.965 0.260      0.357 0.360 0.374 0.418 0.454 0.693 0.837 0.869 0.972 0.998 1.000 1.000 1.000 0.988 0.988
     37       4.236    0.994 0.109      0.209 0.213 0.228 0.274 0.312 0.574 0.743 0.783 0.925 0.976 0.983 0.983 0.988 1.000 1.000
     38       4.266    0.994 0.108      0.209 0.212 0.227 0.273 0.312 0.574 0.743 0.782 0.925 0.976 0.983 0.983 0.988 1.000 1.000

  R CORE   ENERGY   A0R/A00=1.000    R3= 0     2  
   2( 1)    0.732                    1.000 0.000
   2( 2)  487.921                    0.000 1.000

  R CORE   ENERGY   A0R/A00=1.000    R3= 0     2  
   3( 1)  488.652                    0.000 1.000

  R CORE   ENERGY   A0R/A00=1.000    R3= 0     2     4  
   4( 1)    2.438                    1.000 0.000 0.000

  R CORE   ENERGY   A0R/A00=1.000    R3= 0     2     4  
   5( 1)  490.847                    0.000 1.000 0.000

  R CORE   ENERGY   A0R/A00=1.000    R3= 0     2     4     6  
   6( 1)    5.121                    1.000 0.000 0.000 0.000

  R CORE   ENERGY   A0R/A00=1.000    R3= 0     2     4     6  
   7( 1)  494.017                    0.000 1.000 0.000 0.000

          AXIAL SYMMETRY => K RESTRICTED TO OMEGA

                     K
     S.P. ORB#: 24  2.50
     S.P. ORB#: 25  4.50
     S.P. ORB#: 26  0.50
     S.P. ORB#: 27  0.50
     S.P. ORB#: 28  2.50
     S.P. ORB#: 29  2.50
     S.P. ORB#: 30 -5.50
     S.P. ORB#: 31 -3.50
     S.P. ORB#: 32  0.50
     S.P. ORB#: 33 -3.50
     S.P. ORB#: 34 -1.50
     S.P. ORB#: 35  0.50
     S.P. ORB#: 36 -1.50
     S.P. ORB#: 37 -3.50
     S.P. ORB#: 38 -1.50
 

             ENERGY    K= OMEGA
 
 I=  1/2- (1)  3.112  35:-0.999
 
 I=  1/2- (2)  4.899  27:-0.471
                      32: 0.882
 
 I=  1/2- (3)  5.766  26: 0.999
 
 I=  1/2- (4)  6.681  27: 0.882
                      32: 0.471
 
 I=  1/2- (5)147.964  34: 1.000

             ENERGY    K= OMEGA
 
 I=  3/2- (1)  3.180  35:-0.793
                      36:-0.609
 
 I=  3/2- (2)  3.421  26:-0.120
                      35: 0.603
                      36:-0.789

             ENERGY    K= OMEGA
 
 I=  5/2- (1)  2.908  29:-0.993
                      36:-0.111
 
 I=  5/2- (2)  3.733  26:-0.184
                      29:-0.108
                      35:-0.529
                      36: 0.820
 
 I=  5/2- (3)  4.342  35:-0.836
                      36:-0.543
 
 I=  5/2- (4)  4.819  27: 0.502
                      32:-0.767
                      34:-0.274
                      38: 0.290
 
 I=  5/2- (5)  6.391  27: 0.138
                      28: 0.155
                      32: 0.359
                      34:-0.899
                      38:-0.140

             ENERGY    K= OMEGA
 
 I=  7/2- (1)  2.712  24:-0.177
                      29: 0.138
                      31: 0.974
 
 I=  7/2- (2)  3.596  24:-0.060
                      29:-0.931
                      31: 0.117
                      36: 0.148
                      37: 0.305
 
 I=  7/2- (3)  4.399  29:-0.097
                      35:-0.828
                      36:-0.545
                      37: 0.064
 
 I=  7/2- (4)  4.866  24:-0.058
                      26: 0.227
                      29: 0.072
                      35:-0.534
                      36: 0.801
                      37:-0.112
 
 I=  7/2- (5)  5.401  29: 0.314
                      36: 0.085
                      37: 0.943

             ENERGY    K= OMEGA
 
 I=  9/2- (1)  3.570  24:-0.250
                      29: 0.181
                      31:-0.949
 
 I=  9/2- (2)  4.513  24:-0.085
                      29:-0.881
                      31:-0.147
                      35: 0.057
                      36:-0.188
                      37:-0.392
 
 I=  9/2- (3)  5.394  26:-0.292
                      29:-0.146
                      31:-0.063
                      35:-0.542
                      36: 0.760
                      37:-0.131
 
 I=  9/2- (4)  5.590  27:-0.487
                      32: 0.742
                      34: 0.260
                      38:-0.379
 
 I=  9/2- (5)  6.499  24:-0.069
                      25:-0.079
                      26:-0.078
                      29:-0.082
                      35:-0.768
                      36:-0.530
                      37: 0.324

             ENERGY    K= OMEGA
 
 I= 11/2- (1)  2.076  25: 0.175
                      30: 0.984
 
 I= 11/2- (2)  4.646  24:-0.304
                      25: 0.058
                      29: 0.203
                      31: 0.927
 
 I= 11/2- (3)  5.671  24:-0.104
                      29:-0.849
                      31: 0.161
                      35: 0.058
                      36: 0.195
                      37: 0.446
 
 I= 11/2- (4)  6.468  27:-0.387
                      28:-0.081
                      32:-0.792
                      33:-0.052
                      34:-0.136
                      38:-0.442
 
 I= 11/2- (5)  6.598  26:-0.069
                      29: 0.106
                      31:-0.057
                      35: 0.846
                      36: 0.503
                      37:-0.108

             ENERGY    K= OMEGA
 
 I= 13/2- (1)  3.447  25:-0.246
                      30: 0.969
 
 I= 13/2- (2)  5.948  24:-0.346
                      25: 0.058
                      29: 0.214
                      31:-0.908
                      37: 0.053
 
 I= 13/2- (3)  7.055  24:-0.119
                      26: 0.077
                      29:-0.815
                      31:-0.158
                      35: 0.089
                      36:-0.241
                      37:-0.472
 
 I= 13/2- (4)  7.282  27: 0.471
                      32:-0.730
                      34:-0.242
                      38: 0.432
 
 I= 13/2- (5)  7.977  26:-0.371
                      29:-0.178
                      31:-0.104
                      35:-0.534
                      36: 0.706
                      37:-0.185

             ENERGY     K=-3/2
  32 LEVELS    TIME=  0.0 SEC



 ******************* EXCITATION ENERGIES, DOMINANT CONFIGURATION AND EXPECTATION VALUES (WITH S.P. UU+VV FACTORS) *******************

  NR  Eex(keV)  I   Kdom  NY    <Jz>  <Jx**2> <Jy**2> <Jz**2> <I.j>/|I|  <Rx**2> <Ry**2> <Rz**2> <R.j>/|R|  <HROTx> <HROTy> <HROTz>

   1    0.0  11/2- -11/2  30   -5.19    2.90    2.90   29.94    5.26       4.28    4.28    0.00   -1.46      0.521   0.521   0.000
   2  636.5   7/2-  -7/2  31   -3.20    6.51    6.51   11.95    3.40       6.87    6.87   -0.00   -3.10      0.837   0.837  -0.000
   3  832.3   5/2-   5/2  29    2.45    6.23    6.23    6.20    2.13       7.40    7.40    0.00   -3.21      0.902   0.902   0.000
   4 1036.2   1/2-   1/2  35    0.50    5.47    5.47    0.25    0.05       5.93    5.93   -0.00   -3.24      0.723   0.723  -0.000
   5 1104.3   3/2-   1/2  35   -0.24    5.47    5.47    0.99    0.97       5.97    5.97    0.00   -2.91      0.727   0.727   0.000
  
   6 1345.2   3/2-  -3/2  36   -0.74    5.51    5.51    1.49    0.76       6.66    6.66    0.00   -3.02      0.812   0.812   0.000
   7 1371.7  13/2- -11/2  30   -4.89    3.05    3.05   29.63    4.69       9.47    9.47    0.00   -0.68      1.155   1.155   0.000
   8 1494.3   9/2-  -7/2  31   -2.91    6.63    6.63   11.69    3.01       9.87    9.87    0.00   -2.24      1.203   1.203   0.000
   9 1520.3   7/2-   5/2  29    1.77    5.81    5.81    6.79    2.05       8.97    8.97    0.00   -2.43      1.093   1.093   0.000
  10 1657.5   5/2-  -3/2  36   -0.82    5.59    5.59    1.67    1.04       7.74    7.74    0.00   -2.49      0.943   0.943   0.000
  
  11 2266.3   5/2-   1/2  35   -0.09    5.49    5.49    0.86   -0.16      10.76   10.76    0.00   -2.65      1.312   1.312   0.000
  12 2323.7   7/2-   1/2  35   -0.09    5.47    5.47    0.96    0.72      10.97   10.97    0.00   -1.93      1.338   1.338   0.000
  13 2436.9   9/2-   5/2  29    1.30    5.54    5.54    7.14    1.94      11.82   11.82    0.00   -1.76      1.441   1.441   0.000
  14 2570.9  11/2-  -7/2  31   -2.67    6.72    6.72   11.48    2.77      13.80   13.80   -0.00   -1.60      1.682   1.682  -0.000
  15 2743.8   5/2-   1/2  32    0.18   14.67   14.67    0.57    2.39      12.25   12.25    0.00   -4.61      1.493   1.493   0.000
  
  16 2790.3   7/2-  -3/2  36   -0.82    5.57    5.57    1.75    0.56      12.08   12.08    0.00   -2.17      1.472   1.472   0.000
  17 2823.4   1/2-   1/2  32    0.50   14.72   14.72    0.25    1.34      14.06   14.06    0.00   -5.38      1.714   1.714   0.000
  18 3318.2   9/2-  -3/2  36   -0.69    5.67    5.67    1.80    1.00      13.99   13.99    0.00   -1.55      1.706   1.706   0.000
  19 3325.1   7/2-  -7/2  37   -2.88    2.78    2.78   11.55    2.59       6.17    6.17    0.00   -1.95      0.753   0.753   0.000
  20 3514.4   9/2-   1/2  32    0.08   14.82   14.82    0.67    2.57      14.75   14.75    0.00   -3.23      1.798   1.798   0.000
  
  21 3595.7  11/2-   5/2  29    0.99    5.34    5.34    7.44    1.84      15.94   15.94    0.00   -1.26      1.944   1.944   0.000
  22 3690.2   1/2-   1/2  26    0.50    7.85    7.85    0.25    0.64       7.80    7.80    0.00   -3.90      0.951   0.951   0.000
  23 3872.1  13/2-  -7/2  31   -2.48    6.80    6.80   11.30    2.60      18.70   18.70    0.00   -1.11      2.280   2.280   0.000
  24 4315.0   5/2-  -3/2  34   -1.11   17.09   17.09    2.05    1.06      19.34   19.34    0.00   -5.32      2.358   2.358   0.000
  25 4392.1  11/2-   1/2  32    0.07   17.71   17.71    0.75    2.94      18.37   18.37    0.00   -3.07      2.240   2.240   0.000
  
  26 4423.4   9/2-   1/2  35   -0.44    5.19    5.19    2.27    0.07      18.37   18.37    0.00   -2.03      2.240   2.240   0.000
  27 4522.7  11/2-   1/2  35   -0.04    5.45    5.45    1.01    0.65      19.93   19.93    0.00   -1.27      2.430   2.430   0.000
  28 4605.6   1/2-   1/2  27    0.50   15.90   15.90    0.25   -1.24      17.48   17.48    0.00   -5.60      2.131   2.131   0.000
  29 4978.9  13/2-   5/2  29    0.75    5.23    5.23    7.44    1.75      21.12   21.12    0.00   -0.88      2.575   2.575   0.000
  30 5206.4  13/2-   1/2  32    0.01   14.96   14.96    0.74    2.64      21.27   21.27    0.00   -1.87      2.593   2.593   0.000
  
  31 5901.4  13/2-  -3/2  36   -0.61    5.75    5.75    2.00    1.01      24.04   24.04   -0.00   -0.93      2.931   2.931  -0.000
  32*******   1/2-  -3/2  34    0.00    0.00    0.00    0.00   -0.00       0.00    0.00    0.00   -0.00      0.000   0.000   0.000
