1SPECTRUM OF (Z= 82 A=207) IN PARTICLE-ROTOR  MODEL WITH MODIFIED OSCILLATOR POTENTIAL


 PARITY=-   EPS= 0.640   GAMMA=  0.0   EPS4=0.000   EPS6=0.000   LEVELS:  24  25  26  27  28  29  30  31  32  33  34  35  36  37  38

 PAIRING FACTORS: GN0= 19.20  GN1=  7.40  IPAIR= 15 ***  E2PLUS(INPUT)=   0.730  E2PLUR(INPUT)=   0.000

 CORIOLIS ATTENUATION PARAMETERS:  CHSI=1.000  ETA=  1.00

 MOMENT OF INERTIA PARAMETERS:   A1=  0.122 MEV   A2=  0.122 MEV   A3=121.91924 MEV


 DELTA=0.871 MEV  LAMBDA=53.8147 MEV   HW0= 7.8418 MEV   LAMBDA/HW0= 6.8626

 E2ENERGY=0.730 MEV  HBAR**2/B=75948./A**(7/3)=******/A**2 MEV

 IREC=0  =>  RECOIL TERMS j+j-, j+j+, jzjz, ETC TREATED AS ONE-BODY OPERATORS WITH UU+VV PAIRING FACTORS



 S. P. LEVEL   EQP       U     V        (UU + VV)**1.00

     24       4.424    0.099 0.995      1.000 1.000 1.000 1.000 0.999 0.899 0.715 0.619 0.507 0.472 0.393 0.291 0.277 0.213 0.184
     25       4.304    0.102 0.995      1.000 1.000 1.000 1.000 0.999 0.901 0.717 0.622 0.509 0.474 0.396 0.294 0.279 0.216 0.187
     26       3.743    0.117 0.993      1.000 1.000 1.000 1.000 1.000 0.907 0.728 0.634 0.523 0.488 0.410 0.309 0.294 0.231 0.202
     27       3.642    0.121 0.993      1.000 1.000 1.000 1.000 1.000 0.909 0.730 0.636 0.526 0.491 0.413 0.312 0.298 0.234 0.206
     28       3.073    0.143 0.990      0.999 0.999 1.000 1.000 1.000 0.918 0.746 0.654 0.545 0.511 0.434 0.334 0.319 0.256 0.228
     29       0.976    0.524 0.852      0.899 0.901 0.907 0.909 0.918 1.000 0.949 0.900 0.833 0.810 0.755 0.680 0.669 0.619 0.595
     30       0.885    0.766 0.643      0.715 0.717 0.728 0.730 0.746 0.949 1.000 0.992 0.965 0.954 0.924 0.877 0.870 0.835 0.819
     31       0.960    0.842 0.539      0.619 0.622 0.634 0.636 0.654 0.900 0.992 1.000 0.991 0.984 0.965 0.931 0.926 0.899 0.886
     32       1.145    0.908 0.419      0.507 0.509 0.523 0.526 0.545 0.833 0.965 0.991 1.000 0.999 0.992 0.972 0.969 0.950 0.941
     33       1.233    0.924 0.382      0.472 0.474 0.488 0.491 0.511 0.810 0.954 0.984 0.999 1.000 0.996 0.981 0.978 0.962 0.954
     34       1.522    0.954 0.300      0.393 0.396 0.410 0.413 0.434 0.755 0.924 0.965 0.992 0.996 1.000 0.994 0.992 0.982 0.976
     35       2.275    0.981 0.195      0.291 0.294 0.309 0.312 0.334 0.680 0.877 0.931 0.972 0.981 0.994 1.000 1.000 0.997 0.994
     36       2.457    0.984 0.180      0.277 0.279 0.294 0.298 0.319 0.669 0.870 0.926 0.969 0.978 0.992 1.000 1.000 0.998 0.995
     37       3.801    0.993 0.115      0.213 0.216 0.231 0.234 0.256 0.619 0.835 0.899 0.950 0.962 0.982 0.997 0.998 1.000 1.000
     38       5.075    0.996 0.086      0.184 0.187 0.202 0.206 0.228 0.595 0.819 0.886 0.941 0.954 0.976 0.994 0.995 1.000 1.000

  R CORE   ENERGY   A0R/A00=1.000    R3= 0     2  
   2( 1)    0.732                    1.000 0.000
   2( 2)  487.921                    0.000 1.000

  R CORE   ENERGY   A0R/A00=1.000    R3= 0     2  
   3( 1)  488.652                    0.000 1.000

  R CORE   ENERGY   A0R/A00=1.000    R3= 0     2     4  
   4( 1)    2.438                    1.000 0.000 0.000

  R CORE   ENERGY   A0R/A00=1.000    R3= 0     2     4  
   5( 1)  490.847                    0.000 1.000 0.000

  R CORE   ENERGY   A0R/A00=1.000    R3= 0     2     4     6  
   6( 1)    5.121                    1.000 0.000 0.000 0.000

  R CORE   ENERGY   A0R/A00=1.000    R3= 0     2     4     6  
   7( 1)  494.017                    0.000 1.000 0.000 0.000

          AXIAL SYMMETRY => K RESTRICTED TO OMEGA

                     K
     S.P. ORB#: 24  2.50
     S.P. ORB#: 25  0.50
     S.P. ORB#: 26  0.50
     S.P. ORB#: 27  4.50
     S.P. ORB#: 28  2.50
     S.P. ORB#: 29  0.50
     S.P. ORB#: 30  2.50
     S.P. ORB#: 31 -1.50
     S.P. ORB#: 32 -3.50
     S.P. ORB#: 33 -3.50
     S.P. ORB#: 34 -5.50
     S.P. ORB#: 35  0.50
     S.P. ORB#: 36 -1.50
     S.P. ORB#: 37 -1.50
     S.P. ORB#: 38  4.50
 

             ENERGY    K= OMEGA
 
 I=  1/2- (1)  3.767  26: 0.053
                      35: 0.999
 
 I=  1/2- (2)  4.877  25: 0.346
                      29:-0.938
 
 I=  1/2- (3)  5.699  26:-0.999
                      35: 0.053
 
 I=  1/2- (4)  8.185  25: 0.938
                      29: 0.346
 
 I=  1/2- (5)147.263  31:-1.000

             ENERGY    K= OMEGA
 
 I=  3/2- (1)  3.837  35:-0.821
                      36:-0.570
 
 I=  3/2- (2)  4.075  26:-0.122
                      35: 0.563
                      36:-0.817

             ENERGY    K= OMEGA
 
 I=  5/2- (1)  2.723  30: 0.997
                      36: 0.076
 
 I=  5/2- (2)  4.425  26: 0.199
                      30: 0.069
                      35: 0.513
                      36:-0.831
 
 I=  5/2- (3)  4.703  25:-0.466
                      29: 0.686
                      31:-0.520
                      37:-0.202
 
 I=  5/2- (4)  4.995  26:-0.063
                      35:-0.844
                      36:-0.531
 
 I=  5/2- (5)  5.943  25:-0.088
                      28: 0.108
                      29: 0.532
                      31: 0.824
                      37:-0.136

             ENERGY    K= OMEGA
 
 I=  7/2- (1)  3.023  24:-0.122
                      30: 0.267
                      32: 0.956
 
 I=  7/2- (2)  3.602  24:-0.061
                      30:-0.956
                      32: 0.261
                      36: 0.121
 
 I=  7/2- (3)  5.060  30:-0.079
                      35:-0.849
                      36:-0.518
 
 I=  7/2- (4)  5.521  25: 0.385
                      28: 0.081
                      29: 0.792
                      31:-0.384
                      33: 0.060
                      37: 0.260
 
 I=  7/2- (5)  5.541  24:-0.067
                      26: 0.233
                      30: 0.094
                      35:-0.502
                      36: 0.824

             ENERGY    K= OMEGA
 
 I=  9/2- (1)  3.976  24:-0.176
                      27: 0.055
                      30: 0.315
                      32:-0.931
 
 I=  9/2- (2)  4.707  24:-0.094
                      30:-0.933
                      32:-0.299
                      36:-0.170
 
 I=  9/2- (3)  5.461  25: 0.522
                      28: 0.067
                      29:-0.659
                      31: 0.473
                      33:-0.067
                      37: 0.244
 
 I=  9/2- (4)  6.056  27: 0.996
                      32: 0.055
                      36: 0.060
 
 I=  9/2- (5)  6.141  24:-0.055
                      26: 0.315
                      27: 0.071
                      30: 0.160
                      32: 0.053
                      35: 0.529
                      36:-0.765

             ENERGY    K= OMEGA
 
 I= 11/2- (1)  2.798  27: 0.119
                      34: 0.993
 
 I= 11/2- (2)  5.163  24:-0.218
                      27: 0.071
                      30: 0.330
                      32: 0.915
 
 I= 11/2- (3)  6.043  24: 0.122
                      30: 0.918
                      32:-0.303
                      35:-0.053
                      36:-0.213
 
 I= 11/2- (4)  6.442  25: 0.239
                      28: 0.304
                      29: 0.353
                      31:-0.253
                      33: 0.681
                      37: 0.150
                      38: 0.419
 
 I= 11/2- (5)  6.724  25:-0.386
                      28: 0.107
                      29:-0.681
                      31: 0.236
                      33: 0.419
                      37:-0.265
                      38: 0.272

             ENERGY    K= OMEGA
 
 I= 13/2- (1)  4.308  27:-0.171
                      34: 0.985
 
 I= 13/2- (2)  6.583  24:-0.255
                      27: 0.079
                      30: 0.333
                      32:-0.904
 
 I= 13/2- (3)  7.031  25:-0.330
                      28:-0.280
                      29: 0.363
                      31:-0.323
                      33: 0.622
                      37:-0.134
                      38:-0.415
 
 I= 13/2- (4)  7.231  25: 0.443
                      28:-0.158
                      29:-0.541
                      31: 0.311
                      33: 0.474
                      37: 0.241
                      38:-0.326
 
 I= 13/2- (5)  7.599  24:-0.145
                      26: 0.078
                      30:-0.896
                      32:-0.289
                      35: 0.082
                      36:-0.279

             ENERGY     K= 9/2
  32 LEVELS    TIME=  0.0 SEC



 ******************* EXCITATION ENERGIES, DOMINANT CONFIGURATION AND EXPECTATION VALUES (WITH S.P. UU+VV FACTORS) *******************

  NR  Eex(keV)  I   Kdom  NY    <Jz>  <Jx**2> <Jy**2> <Jz**2> <I.j>/|I|  <Rx**2> <Ry**2> <Rz**2> <R.j>/|R|  <HROTx> <HROTy> <HROTz>

   1    0.0   5/2-   5/2  30    2.48    6.32    6.32    6.23    2.14       7.50    7.50    0.00   -3.24      0.914   0.914   0.000
   2   74.7  11/2- -11/2  34   -5.36    2.82    2.82   30.11    5.12       5.11    5.11    0.00   -1.60      0.623   0.623   0.000
   3  299.8   7/2-  -7/2  32   -2.98    6.52    6.52   11.73    3.19       7.58    7.58    0.00   -3.10      0.924   0.924   0.000
   4  878.9   7/2-   5/2  30    2.03    6.31    6.31    6.60    1.66      10.92   10.92    0.00   -2.71      1.331   1.331   0.000
   5 1044.0   1/2-   1/2  35    0.50    5.62    5.62    0.25    0.02       6.11    6.11    0.00   -3.28      0.744   0.744   0.000
  
   6 1113.3   3/2-   1/2  35   -0.15    5.62    5.62    0.90    0.92       6.16    6.16   -0.00   -2.95      0.751   0.751  -0.000
   7 1252.8   9/2-  -7/2  32   -2.69    6.57    6.57   11.49    2.70      11.27   11.27    0.00   -2.36      1.374   1.374   0.000
   8 1351.9   3/2-  -3/2  36   -0.84    5.67    5.67    1.59    0.79       6.80    6.80   -0.00   -3.09      0.829   0.829  -0.000
   9 1584.4  13/2- -11/2  34   -5.21    2.89    2.89   29.95    4.45      11.17   11.17    0.00   -0.99      1.362   1.362   0.000
  10 1701.4   5/2-  -3/2  36   -0.87    5.74    5.74    1.67    0.97       8.08    8.08   -0.00   -2.56      0.985   0.985  -0.000
  
  11 1979.5   5/2-   1/2  29   -0.12   14.49   14.49    0.88    2.52      11.86   11.86   -0.00   -4.60      1.446   1.446  -0.000
  12 1983.6   9/2-   5/2  30    1.84    6.31    6.31    6.67    1.36      15.24   15.24    0.00   -2.26      1.858   1.858   0.000
  13 2153.8   1/2-   1/2  29    0.50   15.00   15.00    0.25    1.32      14.36   14.36   -0.00   -5.43      1.751   1.751  -0.000
  14 2272.0   5/2-   1/2  35   -0.06    5.64    5.64    0.83   -0.17      10.92   10.92   -0.00   -2.69      1.331   1.331  -0.000
  15 2336.7   7/2-   1/2  35   -0.02    5.63    5.63    0.84    0.68      11.24   11.24   -0.00   -1.99      1.370   1.370  -0.000
  
  16 2439.2  11/2-  -7/2  32   -2.52    6.62    6.62   11.35    2.39      15.90   15.90    0.00   -1.83      1.938   1.938   0.000
  17 2737.9   9/2-   1/2  29   -0.07   14.26   14.26    0.92    2.64      13.94   13.94   -0.00   -3.08      1.699   1.699  -0.000
  18 2797.2   7/2-   1/2  29    0.07   18.27   18.27    0.76    2.71      15.78   15.78    0.00   -4.73      1.924   1.924   0.000
  19 2817.8   7/2-  -3/2  36   -0.83    5.79    5.79    1.70    0.49      12.58   12.58   -0.00   -2.26      1.533   1.533  -0.000
  20 2975.8   1/2-   1/2  26    0.50    8.07    8.07    0.25    0.61       8.04    8.04    0.00   -3.95      0.980   0.980   0.000
  
  21 3219.4   5/2-  -3/2  31   -0.87   16.74   16.74    1.72    0.67      19.99   19.99   -0.00   -5.25      2.438   2.438  -0.000
  22 3319.7  11/2-   5/2  30    1.76    6.30    6.30    6.62    1.17      20.51   20.51    0.00   -1.91      2.500   2.500   0.000
  23 3332.6   9/2-   9/2  27    4.45    7.61    7.61   20.12    4.04       9.95    9.95    0.00   -3.42      1.214   1.214   0.000
  24 3417.7   9/2-  -3/2  36   -0.60    5.92    5.92    1.73    0.85      14.93   14.93   -0.00   -1.71      1.820   1.820  -0.000
  25 3718.6  11/2-  -7/2  33   -0.64   20.39   20.39   10.06    4.37      17.14   17.14   -0.00   -4.22      2.090   2.090  -0.000
  
  26 3859.7  13/2-  -7/2  32   -2.40    6.67    6.67   11.26    2.18      21.48   21.48    0.00   -1.43      2.618   2.618   0.000
  27 4000.3  11/2-   1/2  29   -0.13   19.07   19.07    4.16    3.32      19.20   19.20   -0.00   -3.63      2.341   2.341  -0.000
  28 4307.5  13/2-  -7/2  33   -0.45   18.63   18.63    9.05    4.06      19.17   19.17   -0.00   -2.90      2.338   2.338  -0.000
  29 4507.7  13/2-   1/2  29   -0.23   16.56   16.56    5.54    3.39      20.07   20.07   -0.00   -2.37      2.446   2.446  -0.000
  30 4875.7  13/2-   5/2  30    1.67    6.29    6.29    6.39    1.05      26.51   26.51    0.00   -1.60      3.232   3.232   0.000
  
  31 5462.1   1/2-   1/2  25    0.50   15.94   15.94    0.25   -1.28      17.55   17.55    0.00   -5.61      2.140   2.140   0.000
  32*******   1/2-  -3/2  31    0.00    0.00    0.00    0.00    0.00       0.00    0.00    0.00   -0.00      0.000   0.000   0.000
