1SPECTRUM OF (Z= 82 A=207) IN PARTICLE-ROTOR  MODEL WITH MODIFIED OSCILLATOR POTENTIAL


 PARITY=-   EPS= 0.570   GAMMA=  0.0   EPS4=0.000   EPS6=0.000   LEVELS:  24  25  26  27  28  29  30  31  32  33  34  35  36  37  38

 PAIRING FACTORS: GN0= 19.20  GN1=  7.40  IPAIR= 15 ***  E2PLUS(INPUT)=   0.730  E2PLUR(INPUT)=   0.000

 CORIOLIS ATTENUATION PARAMETERS:  CHSI=1.000  ETA=  1.00

 MOMENT OF INERTIA PARAMETERS:   A1=  0.122 MEV   A2=  0.122 MEV   A3=121.91924 MEV


 DELTA=0.919 MEV  LAMBDA=53.5287 MEV   HW0= 7.7394 MEV   LAMBDA/HW0= 6.9164

 E2ENERGY=0.730 MEV  HBAR**2/B=60243./A**(7/3)=******/A**2 MEV

 IREC=0  =>  RECOIL TERMS j+j-, j+j+, jzjz, ETC TREATED AS ONE-BODY OPERATORS WITH UU+VV PAIRING FACTORS



 S. P. LEVEL   EQP       U     V        (UU + VV)**1.00

     24       4.572    0.101 0.995      1.000 1.000 1.000 0.998 0.994 0.924 0.821 0.779 0.555 0.415 0.387 0.380 0.359 0.210 0.208
     25       4.432    0.104 0.995      1.000 1.000 1.000 0.998 0.994 0.925 0.823 0.781 0.558 0.418 0.390 0.383 0.362 0.213 0.211
     26       3.871    0.120 0.993      1.000 1.000 1.000 0.999 0.996 0.931 0.832 0.791 0.571 0.432 0.404 0.397 0.376 0.228 0.226
     27       2.752    0.169 0.986      0.998 0.998 0.999 1.000 0.999 0.948 0.859 0.821 0.611 0.477 0.450 0.443 0.422 0.277 0.275
     28       2.251    0.209 0.978      0.994 0.994 0.996 0.999 1.000 0.960 0.879 0.843 0.642 0.512 0.485 0.478 0.458 0.315 0.313
     29       1.100    0.474 0.880      0.924 0.925 0.931 0.948 0.960 1.000 0.977 0.960 0.831 0.732 0.711 0.705 0.689 0.568 0.566
     30       0.930    0.650 0.760      0.821 0.823 0.832 0.859 0.879 0.977 1.000 0.998 0.930 0.860 0.844 0.840 0.827 0.730 0.729
     31       0.919    0.702 0.712      0.779 0.781 0.791 0.821 0.843 0.960 0.998 1.000 0.954 0.894 0.880 0.876 0.865 0.776 0.775
     32       1.110    0.884 0.468      0.555 0.558 0.571 0.611 0.642 0.831 0.930 0.954 1.000 0.987 0.982 0.980 0.976 0.930 0.929
     33       1.511    0.947 0.321      0.415 0.418 0.432 0.477 0.512 0.732 0.860 0.894 0.987 1.000 1.000 0.999 0.998 0.977 0.976
     34       1.644    0.956 0.292      0.387 0.390 0.404 0.450 0.485 0.711 0.844 0.880 0.982 1.000 1.000 1.000 1.000 0.983 0.982
     35       1.684    0.959 0.285      0.380 0.383 0.397 0.443 0.478 0.705 0.840 0.876 0.980 0.999 1.000 1.000 1.000 0.984 0.984
     36       1.811    0.965 0.263      0.359 0.362 0.376 0.422 0.458 0.689 0.827 0.865 0.976 0.998 1.000 1.000 1.000 0.988 0.988
     37       4.198    0.994 0.110      0.210 0.213 0.228 0.277 0.315 0.568 0.730 0.776 0.930 0.977 0.983 0.984 0.988 1.000 1.000
     38       4.280    0.994 0.108      0.208 0.211 0.226 0.275 0.313 0.566 0.729 0.775 0.929 0.976 0.982 0.984 0.988 1.000 1.000

  R CORE   ENERGY   A0R/A00=1.000    R3= 0     2  
   2( 1)    0.732                    1.000 0.000
   2( 2)  487.921                    0.000 1.000

  R CORE   ENERGY   A0R/A00=1.000    R3= 0     2  
   3( 1)  488.652                    0.000 1.000

  R CORE   ENERGY   A0R/A00=1.000    R3= 0     2     4  
   4( 1)    2.438                    1.000 0.000 0.000

  R CORE   ENERGY   A0R/A00=1.000    R3= 0     2     4  
   5( 1)  490.847                    0.000 1.000 0.000

  R CORE   ENERGY   A0R/A00=1.000    R3= 0     2     4     6  
   6( 1)    5.121                    1.000 0.000 0.000 0.000

  R CORE   ENERGY   A0R/A00=1.000    R3= 0     2     4     6  
   7( 1)  494.017                    0.000 1.000 0.000 0.000

          AXIAL SYMMETRY => K RESTRICTED TO OMEGA

                     K
     S.P. ORB#: 24  2.50
     S.P. ORB#: 25  4.50
     S.P. ORB#: 26  0.50
     S.P. ORB#: 27  0.50
     S.P. ORB#: 28  2.50
     S.P. ORB#: 29  2.50
     S.P. ORB#: 30 -5.50
     S.P. ORB#: 31 -3.50
     S.P. ORB#: 32  0.50
     S.P. ORB#: 33 -3.50
     S.P. ORB#: 34  0.50
     S.P. ORB#: 35 -1.50
     S.P. ORB#: 36 -1.50
     S.P. ORB#: 37 -3.50
     S.P. ORB#: 38 -1.50
 

             ENERGY    K= OMEGA
 
 I=  1/2- (1)  3.093  34:-0.999
 
 I=  1/2- (2)  4.906  27: 0.480
                      32:-0.877
 
 I=  1/2- (3)  5.766  26: 0.999
 
 I=  1/2- (4)  6.643  27:-0.877
                      32:-0.480
 
 I=  1/2- (5)147.987  35: 1.000

             ENERGY    K= OMEGA
 
 I=  3/2- (1)  3.161  34:-0.792
                      36:-0.611
 
 I=  3/2- (2)  3.402  26:-0.120
                      34: 0.604
                      36:-0.788

             ENERGY    K= OMEGA
 
 I=  5/2- (1)  2.917  29:-0.993
                      36:-0.113
 
 I=  5/2- (2)  3.713  26:-0.184
                      29:-0.111
                      34:-0.529
                      36: 0.820
 
 I=  5/2- (3)  4.323  34:-0.836
                      36:-0.544
 
 I=  5/2- (4)  4.828  27: 0.505
                      32:-0.766
                      35:-0.271
                      38: 0.291
 
 I=  5/2- (5)  6.407  27: 0.146
                      28: 0.158
                      32: 0.361
                      35:-0.896
                      38:-0.142

             ENERGY    K= OMEGA
 
 I=  7/2- (1)  2.708  24:-0.178
                      29: 0.136
                      31: 0.974
 
 I=  7/2- (2)  3.603  24:-0.060
                      29:-0.929
                      31: 0.114
                      36: 0.150
                      37: 0.309
 
 I=  7/2- (3)  4.380  29:-0.099
                      34:-0.828
                      36:-0.545
                      37: 0.066
 
 I=  7/2- (4)  4.847  24:-0.057
                      26: 0.227
                      29: 0.071
                      34:-0.535
                      36: 0.799
                      37:-0.117
 
 I=  7/2- (5)  5.364  29: 0.320
                      36: 0.088
                      37: 0.941

             ENERGY    K= OMEGA
 
 I=  9/2- (1)  3.563  24:-0.252
                      29: 0.178
                      31:-0.949
 
 I=  9/2- (2)  4.519  24: 0.084
                      29: 0.879
                      31: 0.143
                      34:-0.059
                      36: 0.191
                      37: 0.397
 
 I=  9/2- (3)  5.373  26:-0.291
                      29:-0.149
                      31:-0.064
                      34:-0.542
                      36: 0.758
                      37:-0.135
 
 I=  9/2- (4)  5.600  27: 0.487
                      32:-0.742
                      35:-0.258
                      38: 0.381
 
 I=  9/2- (5)  6.478  24:-0.070
                      25:-0.074
                      26:-0.077
                      29:-0.096
                      34:-0.761
                      36:-0.523
                      37: 0.349

             ENERGY    K= OMEGA
 
 I= 11/2- (1)  2.075  25: 0.177
                      30: 0.984
 
 I= 11/2- (2)  4.636  24:-0.306
                      25: 0.058
                      29: 0.200
                      31: 0.927
 
 I= 11/2- (3)  5.678  24: 0.103
                      29: 0.848
                      31:-0.156
                      34:-0.060
                      36:-0.197
                      37:-0.450
 
 I= 11/2- (4)  6.477  27:-0.388
                      28:-0.082
                      32:-0.790
                      33:-0.053
                      35:-0.136
                      38:-0.443
 
 I= 11/2- (5)  6.579  26:-0.069
                      29: 0.108
                      31:-0.058
                      34: 0.845
                      36: 0.503
                      37:-0.111

             ENERGY    K= OMEGA
 
 I= 13/2- (1)  3.442  25:-0.249
                      30: 0.968
 
 I= 13/2- (2)  5.934  24:-0.349
                      25: 0.058
                      29: 0.210
                      31:-0.908
                      37: 0.051
 
 I= 13/2- (3)  7.061  24: 0.118
                      26:-0.079
                      29: 0.813
                      31: 0.152
                      34:-0.092
                      36: 0.246
                      37: 0.475
 
 I= 13/2- (4)  7.291  27: 0.469
                      32:-0.731
                      35:-0.239
                      38: 0.434
 
 I= 13/2- (5)  7.956  26:-0.370
                      29:-0.182
                      31:-0.106
                      34:-0.534
                      36: 0.704
                      37:-0.189

             ENERGY     K=-3/2
  32 LEVELS    TIME=  0.0 SEC



 ******************* EXCITATION ENERGIES, DOMINANT CONFIGURATION AND EXPECTATION VALUES (WITH S.P. UU+VV FACTORS) *******************

  NR  Eex(keV)  I   Kdom  NY    <Jz>  <Jx**2> <Jy**2> <Jz**2> <I.j>/|I|  <Rx**2> <Ry**2> <Rz**2> <R.j>/|R|  <HROTx> <HROTy> <HROTz>

   1    0.0  11/2- -11/2  30   -5.19    2.90    2.90   29.93    5.27       4.25    4.25    0.00   -1.46      0.518   0.518   0.000
   2  632.9   7/2-  -7/2  31   -3.20    6.51    6.51   11.95    3.40       6.85    6.85    0.00   -3.10      0.835   0.835   0.000
   3  842.0   5/2-   5/2  29    2.45    6.23    6.23    6.19    2.13       7.39    7.39    0.00   -3.21      0.902   0.902   0.000
   4 1018.0   1/2-   1/2  34    0.50    5.47    5.47    0.25    0.05       5.92    5.92   -0.00   -3.24      0.722   0.722  -0.000
   5 1086.1   3/2-   1/2  34   -0.25    5.47    5.47    1.00    0.97       5.96    5.96    0.00   -2.91      0.727   0.727   0.000
  
   6 1327.1   3/2-  -3/2  36   -0.74    5.50    5.50    1.49    0.76       6.65    6.65    0.00   -3.02      0.811   0.811   0.000
   7 1366.7  13/2- -11/2  30   -4.88    3.06    3.06   29.61    4.70       9.41    9.41    0.00   -0.67      1.147   1.147   0.000
   8 1487.6   9/2-  -7/2  31   -2.91    6.63    6.63   11.69    3.02       9.82    9.82    0.00   -2.24      1.198   1.198   0.000
   9 1528.4   7/2-   5/2  29    1.75    5.80    5.80    6.80    2.05       8.94    8.94    0.00   -2.43      1.090   1.090   0.000
  10 1638.5   5/2-  -3/2  36   -0.82    5.59    5.59    1.68    1.04       7.73    7.73    0.00   -2.49      0.942   0.942   0.000
  
  11 2248.2   5/2-   1/2  34   -0.09    5.48    5.48    0.86   -0.16      10.75   10.75    0.00   -2.65      1.311   1.311   0.000
  12 2305.5   7/2-   1/2  34   -0.09    5.47    5.47    0.97    0.72      10.97   10.97    0.00   -1.93      1.337   1.337   0.000
  13 2444.2   9/2-   5/2  29    1.28    5.52    5.52    7.15    1.95      11.79   11.79    0.00   -1.75      1.438   1.438   0.000
  14 2561.0  11/2-  -7/2  31   -2.67    6.72    6.72   11.48    2.78      13.74   13.74    0.00   -1.59      1.675   1.675   0.000
  15 2753.0   5/2-   1/2  32    0.18   14.66   14.66    0.57    2.39      12.26   12.26    0.00   -4.61      1.495   1.495   0.000
  
  16 2771.8   7/2-  -3/2  36   -0.82    5.56    5.56    1.75    0.57      12.06   12.06    0.00   -2.16      1.470   1.470   0.000
  17 2831.3   1/2-   1/2  32    0.50   14.68   14.68    0.25    1.35      14.02   14.02    0.00   -5.37      1.709   1.709   0.000
  18 3289.2   7/2-  -7/2  37   -2.86    2.77    2.77   11.54    2.58       6.19    6.19    0.00   -1.95      0.755   0.755   0.000
  19 3298.3   9/2-  -3/2  36   -0.69    5.67    5.67    1.82    1.00      13.97   13.97    0.00   -1.55      1.703   1.703   0.000
  20 3524.6   9/2-   1/2  32    0.08   14.83   14.83    0.67    2.57      14.77   14.77    0.00   -3.23      1.801   1.801   0.000
  
  21 3603.2  11/2-   5/2  29    0.98    5.32    5.32    7.45    1.84      15.93   15.93   -0.00   -1.26      1.942   1.942  -0.000
  22 3691.3   1/2-   1/2  26    0.50    7.84    7.84    0.25    0.64       7.79    7.79    0.00   -3.90      0.950   0.950   0.000
  23 3859.0  13/2-  -7/2  31   -2.48    6.80    6.80   11.30    2.61      18.62   18.62    0.00   -1.10      2.270   2.270   0.000
  24 4332.1   5/2-  -3/2  35   -1.10   17.10   17.10    2.05    1.08      19.31   19.31    0.00   -5.32      2.354   2.354   0.000
  25 4401.8  11/2-   1/2  32    0.07   17.70   17.70    0.75    2.94      18.36   18.36    0.00   -3.06      2.238   2.238   0.000
  
  26 4403.2   9/2-   1/2  34   -0.49    5.13    5.13    2.45    0.11      18.21   18.21    0.00   -2.02      2.220   2.220   0.000
  27 4504.5  11/2-   1/2  34   -0.04    5.44    5.44    1.02    0.65      19.92   19.92    0.00   -1.27      2.429   2.429   0.000
  28 4567.6   1/2-   1/2  27    0.50   15.93   15.93    0.25   -1.25      17.51   17.51    0.00   -5.61      2.135   2.135   0.000
  29 4986.3  13/2-   5/2  29    0.74    5.22    5.22    7.43    1.75      21.12   21.12   -0.00   -0.87      2.575   2.575  -0.000
  30 5216.5  13/2-   1/2  32    0.01   14.98   14.98    0.74    2.64      21.28   21.28    0.00   -1.88      2.595   2.595   0.000
  
  31 5880.7  13/2-  -3/2  36   -0.61    5.74    5.74    2.02    1.02      24.01   24.01    0.00   -0.92      2.927   2.927   0.000
  32*******   1/2-  -3/2  35    0.00    0.00    0.00    0.00   -0.00       0.00    0.00    0.00   -0.00      0.000   0.000   0.000
