1SPECTRUM OF (Z= 82 A=207) IN PARTICLE-ROTOR  MODEL WITH MODIFIED OSCILLATOR POTENTIAL


 PARITY=-   EPS= 0.465   GAMMA=  0.0   EPS4=0.000   EPS6=0.000   LEVELS:  24  25  26  27  28  29  30  31  32  33  34  35  36  37  38

 PAIRING FACTORS: GN0= 19.20  GN1=  7.40  IPAIR= 15 ***  E2PLUS(INPUT)=   0.730  E2PLUR(INPUT)=   0.000

 CORIOLIS ATTENUATION PARAMETERS:  CHSI=1.000  ETA=  1.00

 MOMENT OF INERTIA PARAMETERS:   A1=  0.122 MEV   A2=  0.122 MEV   A3=121.91924 MEV


 DELTA=0.848 MEV  LAMBDA=53.4609 MEV   HW0= 7.6184 MEV   LAMBDA/HW0= 7.0173

 E2ENERGY=0.730 MEV  HBAR**2/B=40092./A**(7/3)=6777.5/A**2 MEV

 IREC=0  =>  RECOIL TERMS j+j-, j+j+, jzjz, ETC TREATED AS ONE-BODY OPERATORS WITH UU+VV PAIRING FACTORS



 S. P. LEVEL   EQP       U     V        (UU + VV)**1.00

     24       4.701    0.091 0.996      1.000 1.000 0.999 0.996 0.992 0.979 0.963 0.895 0.708 0.628 0.340 0.291 0.280 0.249 0.242
     25       4.167    0.102 0.995      1.000 1.000 0.999 0.997 0.994 0.981 0.967 0.900 0.716 0.637 0.351 0.303 0.292 0.260 0.254
     26       3.176    0.135 0.991      0.999 0.999 1.000 0.999 0.997 0.987 0.974 0.914 0.739 0.662 0.382 0.334 0.323 0.292 0.285
     27       2.461    0.175 0.985      0.996 0.997 0.999 1.000 0.999 0.993 0.983 0.930 0.766 0.692 0.419 0.372 0.361 0.330 0.324
     28       2.042    0.213 0.977      0.992 0.994 0.997 0.999 1.000 0.997 0.989 0.943 0.790 0.719 0.454 0.407 0.397 0.366 0.360
     29       1.519    0.292 0.956      0.979 0.981 0.987 0.993 0.997 1.000 0.998 0.967 0.837 0.774 0.525 0.480 0.470 0.441 0.435
     30       1.281    0.354 0.935      0.963 0.967 0.974 0.983 0.989 0.998 1.000 0.982 0.871 0.814 0.580 0.537 0.527 0.499 0.493
     31       0.949    0.526 0.851      0.895 0.900 0.914 0.930 0.943 0.967 0.982 1.000 0.949 0.910 0.724 0.688 0.679 0.655 0.650
     32       0.862    0.767 0.641      0.708 0.716 0.739 0.766 0.790 0.837 0.871 0.949 1.000 0.994 0.905 0.882 0.876 0.860 0.857
     33       0.919    0.832 0.555      0.628 0.637 0.662 0.692 0.719 0.774 0.814 0.910 0.994 1.000 0.945 0.927 0.923 0.910 0.907
     34       1.729    0.967 0.254      0.340 0.351 0.382 0.419 0.454 0.525 0.580 0.724 0.905 0.945 1.000 0.999 0.998 0.995 0.995
     35       2.130    0.979 0.203      0.291 0.303 0.334 0.372 0.407 0.480 0.537 0.688 0.882 0.927 0.999 1.000 1.000 0.999 0.999
     36       2.248    0.981 0.192      0.280 0.292 0.323 0.361 0.397 0.470 0.527 0.679 0.876 0.923 0.998 1.000 1.000 0.999 0.999
     37       2.688    0.987 0.160      0.249 0.260 0.292 0.330 0.366 0.441 0.499 0.655 0.860 0.910 0.995 0.999 0.999 1.000 1.000
     38       2.796    0.988 0.154      0.242 0.254 0.285 0.324 0.360 0.435 0.493 0.650 0.857 0.907 0.995 0.999 0.999 1.000 1.000

  R CORE   ENERGY   A0R/A00=1.000    R3= 0     2  
   2( 1)    0.732                    1.000 0.000
   2( 2)  487.921                    0.000 1.000

  R CORE   ENERGY   A0R/A00=1.000    R3= 0     2  
   3( 1)  488.652                    0.000 1.000

  R CORE   ENERGY   A0R/A00=1.000    R3= 0     2     4  
   4( 1)    2.438                    1.000 0.000 0.000

  R CORE   ENERGY   A0R/A00=1.000    R3= 0     2     4  
   5( 1)  490.847                    0.000 1.000 0.000

  R CORE   ENERGY   A0R/A00=1.000    R3= 0     2     4     6  
   6( 1)    5.121                    1.000 0.000 0.000 0.000

  R CORE   ENERGY   A0R/A00=1.000    R3= 0     2     4     6  
   7( 1)  494.017                    0.000 1.000 0.000 0.000

          AXIAL SYMMETRY => K RESTRICTED TO OMEGA

                     K
     S.P. ORB#: 24  0.50
     S.P. ORB#: 25  0.50
     S.P. ORB#: 26 -1.50
     S.P. ORB#: 27 -5.50
     S.P. ORB#: 28  2.50
     S.P. ORB#: 29 -3.50
     S.P. ORB#: 30  2.50
     S.P. ORB#: 31  0.50
     S.P. ORB#: 32  0.50
     S.P. ORB#: 33 -1.50
     S.P. ORB#: 34 -3.50
     S.P. ORB#: 35 -3.50
     S.P. ORB#: 36  0.50
     S.P. ORB#: 37  4.50
     S.P. ORB#: 38 -1.50
 

             ENERGY    K= OMEGA
 
 I=  1/2- (1)  2.230  32:-0.999
 
 I=  1/2- (2)  3.591  24: 0.294
                      31:-0.925
                      36: 0.242
 
 I=  1/2- (3)  5.949  25:-0.999
 
 I=  1/2- (4)  6.264  24: 0.209
                      31:-0.185
                      36:-0.960
 
 I=  1/2- (5) 10.768  24: 0.933
                      31: 0.333
                      36: 0.139

             ENERGY    K= OMEGA
 
 I=  3/2- (1)  2.251  32:-0.623
                      33: 0.782
 
 I=  3/2- (2)  2.464  25:-0.158
                      32:-0.772
                      33:-0.616

             ENERGY    K= OMEGA
 
 I=  5/2- (1)  2.653  25: 0.211
                      28:-0.061
                      32:-0.518
                      33:-0.827
 
 I=  5/2- (2)  3.430  25: 0.059
                      28: 0.112
                      32:-0.838
                      33: 0.531
 
 I=  5/2- (3)  3.855  28: 0.992
                      32: 0.064
                      33:-0.110
 
 I=  5/2- (4)  3.956  24: 0.256
                      31:-0.852
                      36: 0.391
                      38: 0.235
 
 I=  5/2- (5)  6.100  24: 0.168
                      26:-0.552
                      30: 0.815

             ENERGY    K= OMEGA
 
 I=  7/2- (1)  3.024  28: 0.211
                      29:-0.058
                      35:-0.975
 
 I=  7/2- (2)  3.441  28: 0.179
                      29: 0.849
                      32: 0.352
                      33:-0.350
 
 I=  7/2- (3)  3.476  29:-0.494
                      32: 0.684
                      33:-0.530
                      35: 0.055
 
 I=  7/2- (4)  3.771  25:-0.279
                      28: 0.074
                      29:-0.067
                      32:-0.603
                      33:-0.739
 
 I=  7/2- (5)  4.475  26:-0.270
                      30:-0.267
                      31:-0.836
                      34:-0.104
                      36:-0.246
                      38:-0.292

             ENERGY    K= OMEGA
 
 I=  9/2- (1)  3.503  28:-0.136
                      29: 0.396
                      35:-0.321
                      37:-0.849
 
 I=  9/2- (2)  4.067  25: 0.204
                      28:-0.239
                      29:-0.171
                      32:-0.334
                      33:-0.480
                      35:-0.687
                      37: 0.240
 
 I=  9/2- (3)  4.137  25:-0.262
                      28:-0.100
                      29:-0.164
                      32: 0.443
                      33: 0.586
                      35:-0.581
                      37: 0.131
 
 I=  9/2- (4)  4.736  28:-0.264
                      29: 0.853
                      32: 0.058
                      37: 0.444
 
 I=  9/2- (5)  5.072  24:-0.187
                      26:-0.104
                      30: 0.170
                      31: 0.792
                      34:-0.086
                      36:-0.440
                      38:-0.313

             ENERGY    K= OMEGA
 
 I= 11/2- (1)  3.799  27:-0.998
                      37:-0.053
 
 I= 11/2- (2)  4.312  24:-0.458
                      26:-0.569
                      30:-0.496
                      31:-0.380
                      34:-0.208
                      36:-0.115
                      38:-0.139
 
 I= 11/2- (3)  4.591  27: 0.055
                      28:-0.181
                      29:-0.460
                      35: 0.360
                      37:-0.789
 
 I= 11/2- (4)  5.378  28: 0.301
                      29:-0.277
                      32: 0.061
                      33:-0.135
                      35:-0.849
                      37:-0.300
 
 I= 11/2- (5)  5.650  25: 0.116
                      29: 0.060
                      32: 0.855
                      33:-0.484
                      35: 0.128

             ENERGY    K= OMEGA
 
 I= 13/2- (1)  5.379  27:-0.994
                      37: 0.099
 
 I= 13/2- (2)  5.938  27:-0.110
                      28:-0.215
                      29: 0.487
                      33:-0.066
                      35:-0.380
                      37:-0.744
 
 I= 13/2- (3)  6.106  24: 0.167
                      26:-0.572
                      30: 0.686
                      31: 0.168
                      34:-0.364
                      38:-0.110
 
 I= 13/2- (4)  6.429  25: 0.413
                      28:-0.086
                      29:-0.060
                      32:-0.551
                      33:-0.707
                      37: 0.115
 
 I= 13/2- (5)  6.921  25: 0.058
                      28: 0.313
                      29: 0.306
                      32:-0.090
                      33:-0.068
                      35: 0.837
                      37:-0.303

             ENERGY     K=-3/2
  32 LEVELS    TIME=  0.0 SEC



 ******************* EXCITATION ENERGIES, DOMINANT CONFIGURATION AND EXPECTATION VALUES (WITH S.P. UU+VV FACTORS) *******************

  NR  Eex(keV)  I   Kdom  NY    <Jz>  <Jx**2> <Jy**2> <Jz**2> <I.j>/|I|  <Rx**2> <Ry**2> <Rz**2> <R.j>/|R|  <HROTx> <HROTy> <HROTz>

   1    0.0   1/2-   1/2  32    0.50    5.21    5.21    0.25    0.15       5.58    5.58    0.00   -3.15      0.680   0.680   0.000
   2   21.5   3/2-  -3/2  33   -0.72    5.19    5.19    1.47    1.16       5.55    5.55   -0.00   -2.88      0.677   0.677  -0.000
   3  234.5   3/2-   1/2  32   -0.26    5.18    5.18    1.01    0.73       6.14    6.14   -0.00   -2.84      0.749   0.749  -0.000
   4  423.6   5/2-  -3/2  33   -0.86    5.36    5.36    1.64    1.35       6.57    6.57   -0.00   -2.31      0.801   0.801  -0.000
   5  794.7   7/2-  -7/2  35   -3.23    2.42    2.42   11.96    3.17       3.70    3.70    0.00   -1.55      0.451   0.451   0.000
  
   6 1200.6   5/2-   1/2  32   -0.04    5.23    5.23    0.89   -0.10      10.36   10.36   -0.00   -2.56      1.263   1.263  -0.000
   7 1211.4   7/2-  -7/2  29   -2.57    6.03    6.03    9.34    2.55       8.45    8.45    0.00   -2.74      1.030   1.030   0.000
   8 1246.4   7/2-   1/2  32   -1.05    5.46    5.46    3.79    1.33       9.94    9.94    0.00   -2.11      1.212   1.212   0.000
   9 1273.7   9/2-   9/2  37    2.38    3.10    3.10   17.90    4.03       4.38    4.38   -0.00   -1.37      0.534   0.534  -0.000
  10 1361.8   1/2-   1/2  31    0.50    9.50    9.50    0.25    0.93       9.20    9.20   -0.00   -4.30      1.121   1.121  -0.000
  
  11 1541.8   7/2-  -3/2  33   -0.61    5.29    5.29    1.46    0.80      10.70   10.70   -0.00   -1.91      1.305   1.305  -0.000
  12 1569.3  11/2- -11/2  27   -5.47    2.75    2.75   30.21    5.06       5.49    5.49    0.00   -1.65      0.669   0.669   0.000
  13 1625.3   5/2-   5/2  28    2.44    6.13    6.13    6.18    2.06       7.51    7.51    0.00   -3.19      0.916   0.916   0.000
  14 1726.0   5/2-   1/2  31    0.39   10.30   10.30    0.36    1.61      10.09   10.09    0.00   -3.61      1.230   1.230   0.000
  15 1837.1   9/2-  -7/2  35   -1.62    3.79    3.79    8.23    2.21       9.28    9.28   -0.00   -1.12      1.131   1.131  -0.000
  
  16 1907.1   9/2-  -3/2  33   -1.56    4.35    4.35    5.71    1.84      10.41   10.41    0.00   -1.15      1.270   1.270   0.000
  17 2082.2  11/2-  -3/2  26    0.13   23.54   23.54    2.93    6.02       6.91    6.91    0.00   -3.78      0.843   0.843   0.000
  18 2245.7   7/2-   1/2  31    0.28   16.68   16.68    1.12    3.13      12.69   12.69    0.00   -4.38      1.548   1.548   0.000
  19 2361.6  11/2-   9/2  37    1.67    3.40    3.40   17.08    3.45       9.21    9.21   -0.00   -0.76      1.123   1.123  -0.000
  20 2506.0   9/2-  -7/2  29   -1.49    5.53    5.53   13.36    2.51      12.10   12.10   -0.00   -2.42      1.475   1.475  -0.000
  
  21 2841.8   9/2-   1/2  31    0.31   11.91   11.91    0.73    2.05      14.43   14.43   -0.00   -2.67      1.760   1.760  -0.000
  22 3147.8  11/2-  -7/2  35   -2.18    2.85    2.85   12.20    2.24      13.44   13.44    0.00   -0.87      1.639   1.639   0.000
  23 3149.0  13/2- -11/2  27   -5.39    2.75    2.75   30.10    4.33      11.97   11.97    0.00   -1.10      1.459   1.459   0.000
  24 3419.9  11/2-   1/2  32   -0.05    5.12    5.12    0.96    0.70      19.30   19.30   -0.00   -1.13      2.353   2.353  -0.000
  25 3708.2  13/2-   9/2  37    1.20    3.58    3.58   16.55    3.05      14.96   14.96    0.00   -0.45      1.824   1.824   0.000
  
  26 3719.7   1/2-   1/2  25    0.50    7.40    7.40    0.25    0.64       7.34    7.34   -0.00   -3.78      0.895   0.895  -0.000
  27 3869.8   5/2-   5/2  30    1.22   22.85   22.85    4.85    4.28      17.00   17.00    0.00   -6.50      2.072   2.072   0.000
  28 3876.8  13/2-   5/2  30    0.23   22.94   22.94    5.34    4.79      16.57   16.57    0.00   -3.09      2.020   2.020   0.000
  29 4034.6   1/2-   1/2  36    0.50   15.61   15.61    0.25   -0.12      16.21   16.21    0.00   -5.54      1.977   1.977   0.000
  30 4199.2  13/2-  -3/2  33   -0.46    5.66    5.66    1.63    1.52      20.25   20.25   -0.00   -0.37      2.469   2.469  -0.000
  
  31 4691.4  13/2-  -7/2  35   -2.12    2.93    2.93   12.22    1.96      19.74   19.74    0.00   -0.70      2.407   2.407   0.000
  32 8538.1   1/2-   1/2  24    0.50   23.20   23.20    0.25   -3.55      26.78   26.78   -0.00   -6.80      3.265   3.265  -0.000
