1SPECTRUM OF (Z= 82 A=207) IN PARTICLE-ROTOR  MODEL WITH MODIFIED OSCILLATOR POTENTIAL


 PARITY=-   EPS= 0.582   GAMMA=  0.0   EPS4=0.000   EPS6=0.000   LEVELS:  24  25  26  27  28  29  30  31  32  33  34  35  36  37  38

 PAIRING FACTORS: GN0= 19.20  GN1=  7.40  IPAIR= 15 ***  E2PLUS(INPUT)=   0.730  E2PLUR(INPUT)=   0.000

 CORIOLIS ATTENUATION PARAMETERS:  CHSI=1.000  ETA=  1.00

 MOMENT OF INERTIA PARAMETERS:   A1=  0.122 MEV   A2=  0.122 MEV   A3=121.91924 MEV


 DELTA=0.922 MEV  LAMBDA=53.5748 MEV   HW0= 7.7556 MEV   LAMBDA/HW0= 6.9079

 E2ENERGY=0.730 MEV  HBAR**2/B=62806./A**(7/3)=******/A**2 MEV

 IREC=0  =>  RECOIL TERMS j+j-, j+j+, jzjz, ETC TREATED AS ONE-BODY OPERATORS WITH UU+VV PAIRING FACTORS



 S. P. LEVEL   EQP       U     V        (UU + VV)**1.00

     24       4.554    0.102 0.995      1.000 1.000 1.000 0.999 0.995 0.904 0.745 0.737 0.619 0.428 0.410 0.371 0.346 0.211 0.206
     25       4.305    0.108 0.994      1.000 1.000 1.000 0.999 0.996 0.906 0.749 0.741 0.623 0.433 0.415 0.377 0.351 0.217 0.211
     26       3.858    0.120 0.993      1.000 1.000 1.000 0.999 0.997 0.912 0.757 0.749 0.633 0.445 0.427 0.388 0.363 0.230 0.224
     27       3.017    0.155 0.988      0.999 0.999 0.999 1.000 0.999 0.925 0.780 0.772 0.660 0.476 0.458 0.420 0.395 0.263 0.257
     28       2.395    0.196 0.981      0.995 0.996 0.997 0.999 1.000 0.941 0.805 0.798 0.691 0.512 0.495 0.458 0.434 0.304 0.298
     29       1.041    0.518 0.855      0.904 0.906 0.912 0.925 0.941 1.000 0.959 0.955 0.895 0.774 0.761 0.733 0.714 0.609 0.605
     30       0.926    0.739 0.673      0.745 0.749 0.757 0.780 0.805 0.959 1.000 1.000 0.985 0.922 0.914 0.896 0.884 0.809 0.806
     31       0.929    0.748 0.664      0.737 0.741 0.749 0.772 0.798 0.955 1.000 1.000 0.987 0.927 0.919 0.901 0.889 0.817 0.813
     32       1.020    0.845 0.535      0.619 0.623 0.633 0.660 0.691 0.895 0.985 0.987 1.000 0.975 0.970 0.959 0.951 0.899 0.896
     33       1.465    0.943 0.334      0.428 0.433 0.445 0.476 0.512 0.774 0.922 0.927 0.975 1.000 1.000 0.998 0.996 0.974 0.972
     34       1.542    0.949 0.315      0.410 0.415 0.427 0.458 0.495 0.761 0.914 0.919 0.970 1.000 1.000 0.999 0.998 0.978 0.977
     35       1.746    0.962 0.275      0.371 0.377 0.388 0.420 0.458 0.733 0.896 0.901 0.959 0.998 0.999 1.000 1.000 0.986 0.985
     36       1.916    0.969 0.248      0.346 0.351 0.363 0.395 0.434 0.714 0.884 0.889 0.951 0.996 0.998 1.000 1.000 0.990 0.989
     37       4.193    0.994 0.111      0.211 0.217 0.230 0.263 0.304 0.609 0.809 0.817 0.899 0.974 0.978 0.986 0.990 1.000 1.000
     38       4.421    0.994 0.105      0.206 0.211 0.224 0.257 0.298 0.605 0.806 0.813 0.896 0.972 0.977 0.985 0.989 1.000 1.000

  R CORE   ENERGY   A0R/A00=1.000    R3= 0     2  
   2( 1)    0.732                    1.000 0.000
   2( 2)  487.921                    0.000 1.000

  R CORE   ENERGY   A0R/A00=1.000    R3= 0     2  
   3( 1)  488.652                    0.000 1.000

  R CORE   ENERGY   A0R/A00=1.000    R3= 0     2     4  
   4( 1)    2.438                    1.000 0.000 0.000

  R CORE   ENERGY   A0R/A00=1.000    R3= 0     2     4  
   5( 1)  490.847                    0.000 1.000 0.000

  R CORE   ENERGY   A0R/A00=1.000    R3= 0     2     4     6  
   6( 1)    5.121                    1.000 0.000 0.000 0.000

  R CORE   ENERGY   A0R/A00=1.000    R3= 0     2     4     6  
   7( 1)  494.017                    0.000 1.000 0.000 0.000

          AXIAL SYMMETRY => K RESTRICTED TO OMEGA

                     K
     S.P. ORB#: 24  2.50
     S.P. ORB#: 25  4.50
     S.P. ORB#: 26  0.50
     S.P. ORB#: 27  0.50
     S.P. ORB#: 28  2.50
     S.P. ORB#: 29  2.50
     S.P. ORB#: 30 -5.50
     S.P. ORB#: 31 -3.50
     S.P. ORB#: 32  0.50
     S.P. ORB#: 33 -3.50
     S.P. ORB#: 34 -1.50
     S.P. ORB#: 35  0.50
     S.P. ORB#: 36 -1.50
     S.P. ORB#: 37 -1.50
     S.P. ORB#: 38 -3.50
 

             ENERGY    K= OMEGA
 
 I=  1/2- (1)  3.203  35: 0.999
 
 I=  1/2- (2)  4.859  27:-0.432
                      32: 0.902
 
 I=  1/2- (3)  5.764  26: 0.999
 
 I=  1/2- (4)  6.884  27: 0.902
                      32: 0.432
 
 I=  1/2- (5)147.845  34: 1.000

             ENERGY    K= OMEGA
 
 I=  3/2- (1)  3.271  35: 0.797
                      36: 0.603
 
 I=  3/2- (2)  3.512  26: 0.120
                      35:-0.597
                      36: 0.794

             ENERGY    K= OMEGA
 
 I=  5/2- (1)  2.863  29: 0.994
                      36: 0.100
 
 I=  5/2- (2)  3.829  26: 0.185
                      29: 0.096
                      35: 0.527
                      36:-0.823
 
 I=  5/2- (3)  4.433  26:-0.051
                      35:-0.838
                      36:-0.541
 
 I=  5/2- (4)  4.776  27: 0.490
                      32:-0.771
                      34:-0.290
                      37: 0.286
 
 I=  5/2- (5)  6.304  27: 0.101
                      28: 0.142
                      32: 0.359
                      34:-0.908
                      37:-0.131

             ENERGY    K= OMEGA
 
 I=  7/2- (1)  2.737  24:-0.170
                      29: 0.149
                      31: 0.974
 
 I=  7/2- (2)  3.557  24:-0.059
                      29:-0.937
                      31: 0.131
                      36: 0.136
                      38: 0.284
 
 I=  7/2- (3)  4.490  29:-0.087
                      35:-0.831
                      36:-0.543
                      38: 0.055
 
 I=  7/2- (4)  4.959  24:-0.059
                      26: 0.227
                      29: 0.074
                      35:-0.531
                      36: 0.805
                      38:-0.095
 
 I=  7/2- (5)  5.362  27:-0.340
                      32:-0.848
                      34:-0.115
                      37:-0.385

             ENERGY    K= OMEGA
 
 I=  9/2- (1)  3.609  24:-0.240
                      25: 0.050
                      29: 0.198
                      31:-0.949
 
 I=  9/2- (2)  4.478  24: 0.086
                      29: 0.890
                      31: 0.168
                      36: 0.173
                      38: 0.372
 
 I=  9/2- (3)  5.495  26:-0.294
                      29:-0.134
                      31:-0.059
                      35:-0.540
                      36: 0.764
                      38:-0.116
 
 I=  9/2- (4)  5.543  27:-0.489
                      32: 0.740
                      34: 0.277
                      37:-0.369
 
 I=  9/2- (5)  6.595  24:-0.070
                      25:-0.162
                      26:-0.079
                      35:-0.779
                      36:-0.542
                      38: 0.243

             ENERGY    K= OMEGA
 
 I= 11/2- (1)  2.101  25: 0.165
                      30: 0.986
 
 I= 11/2- (2)  4.702  24:-0.292
                      25: 0.060
                      29: 0.225
                      31: 0.926
 
 I= 11/2- (3)  5.636  24: 0.108
                      29: 0.856
                      31:-0.188
                      36:-0.184
                      38:-0.427
 
 I= 11/2- (4)  6.431  27: 0.383
                      28: 0.078
                      32: 0.798
                      33: 0.050
                      34: 0.140
                      37: 0.434
 
 I= 11/2- (5)  6.690  26: 0.068
                      29:-0.098
                      31: 0.054
                      35:-0.848
                      36:-0.503
                      38: 0.097

             ENERGY    K= OMEGA
 
 I= 13/2- (1)  3.500  25:-0.234
                      30: 0.972
 
 I= 13/2- (2)  6.019  24:-0.333
                      25: 0.061
                      29: 0.239
                      31:-0.906
                      38: 0.064
 
 I= 13/2- (3)  7.020  24: 0.126
                      26:-0.067
                      29: 0.823
                      31: 0.190
                      35:-0.075
                      36: 0.223
                      38: 0.457
 
 I= 13/2- (4)  7.236  27: 0.480
                      32:-0.726
                      34:-0.259
                      37: 0.419
 
 I= 13/2- (5)  8.084  26: 0.375
                      29: 0.161
                      31: 0.099
                      35: 0.534
                      36:-0.714
                      38: 0.166

             ENERGY     K=-7/2
  32 LEVELS    TIME=  0.0 SEC



 ******************* EXCITATION ENERGIES, DOMINANT CONFIGURATION AND EXPECTATION VALUES (WITH S.P. UU+VV FACTORS) *******************

  NR  Eex(keV)  I   Kdom  NY    <Jz>  <Jx**2> <Jy**2> <Jz**2> <I.j>/|I|  <Rx**2> <Ry**2> <Rz**2> <R.j>/|R|  <HROTx> <HROTy> <HROTz>

   1    0.0  11/2- -11/2  30   -5.23    2.88    2.88   29.97    5.24       4.44    4.44    0.00   -1.49      0.541   0.541   0.000
   2  635.2   7/2-  -7/2  31   -3.19    6.51    6.51   11.94    3.37       6.97    6.97   -0.00   -3.10      0.850   0.850  -0.000
   3  761.2   5/2-   5/2  29    2.46    6.24    6.24    6.21    2.13       7.42    7.42    0.00   -3.22      0.904   0.904   0.000
   4 1101.4   1/2-   1/2  35    0.50    5.49    5.49    0.25    0.04       5.96    5.96    0.00   -3.25      0.726   0.726   0.000
   5 1169.8   3/2-   1/2  35   -0.23    5.49    5.49    0.98    0.96       6.00    6.00   -0.00   -2.92      0.731   0.731  -0.000
  
   6 1398.3  13/2- -11/2  30   -4.95    3.02    3.02   29.69    4.65       9.79    9.79    0.00   -0.74      1.194   1.194   0.000
   7 1410.4   3/2-  -3/2  36   -0.76    5.53    5.53    1.51    0.77       6.68    6.68   -0.00   -3.03      0.814   0.814  -0.000
   8 1455.9   7/2-   5/2  29    1.84    5.87    5.87    6.76    2.03       9.08    9.08    0.00   -2.45      1.108   1.108   0.000
   9 1507.9   9/2-  -7/2  31   -2.90    6.62    6.62   11.69    2.97      10.07   10.07   -0.00   -2.26      1.228   1.228  -0.000
  10 1727.8   5/2-  -3/2  36   -0.83    5.61    5.61    1.67    1.03       7.78    7.78   -0.00   -2.50      0.949   0.949  -0.000
  
  11 2331.2   5/2-   1/2  35   -0.08    5.51    5.51    0.85   -0.16      10.78   10.78   -0.00   -2.66      1.315   1.315  -0.000
  12 2376.2   9/2-   5/2  29    1.37    5.61    5.61    7.12    1.93      11.94   11.94    0.00   -1.79      1.456   1.456   0.000
  13 2389.1   7/2-   1/2  35   -0.09    5.50    5.50    0.94    0.71      11.01   11.01   -0.00   -1.94      1.343   1.343  -0.000
  14 2600.2  11/2-  -7/2  31   -2.66    6.71    6.71   11.47    2.71      14.10   14.10   -0.00   -1.63      1.719   1.719  -0.000
  15 2674.4   5/2-   1/2  32    0.17   14.66   14.66    0.58    2.41      12.20   12.20   -0.00   -4.61      1.487   1.487  -0.000
  
  16 2757.7   1/2-   1/2  32    0.50   14.85   14.85    0.25    1.31      14.22   14.22   -0.00   -5.40      1.733   1.733  -0.000
  17 2858.1   7/2-  -3/2  36   -0.82    5.61    5.61    1.72    0.55      12.16   12.16   -0.00   -2.18      1.482   1.482  -0.000
  18 3260.7   7/2-   1/2  32    0.18   17.74   17.74    0.60    2.78      14.89   14.89    0.00   -4.59      1.815   1.815   0.000
  19 3394.1   9/2-  -3/2  36   -0.70    5.71    5.71    1.75    0.98      14.11   14.11   -0.00   -1.57      1.720   1.720  -0.000
  20 3441.9   9/2-   1/2  32    0.07   14.74   14.74    0.68    2.57      14.65   14.65   -0.00   -3.21      1.787   1.787  -0.000
  
  21 3534.4  11/2-   5/2  29    1.06    5.42    5.42    7.42    1.84      16.02   16.02    0.00   -1.28      1.953   1.953   0.000
  22 3662.7   1/2-   1/2  26    0.50    7.89    7.89    0.25    0.63       7.84    7.84    0.00   -3.91      0.955   0.955   0.000
  23 3917.7  13/2-  -7/2  31   -2.46    6.79    6.79   11.29    2.54      19.08   19.08   -0.00   -1.16      2.326   2.326  -0.000
  24 4202.6   5/2-  -3/2  34   -1.14   17.05   17.05    2.05    1.00      19.49   19.49    0.00   -5.32      2.376   2.376   0.000
  25 4330.0  11/2-   1/2  32    0.09   17.81   17.81    0.73    2.94      18.46   18.46    0.00   -3.09      2.250   2.250   0.000
  
  26 4493.7   9/2-   1/2  35   -0.21    5.40    5.40    2.12    0.04      18.65   18.65    0.00   -2.08      2.274   2.274   0.000
  27 4588.2  11/2-   1/2  35   -0.03    5.48    5.48    0.97    0.65      19.98   19.98   -0.00   -1.28      2.436   2.436  -0.000
  28 4783.0   1/2-   1/2  27    0.50   15.83   15.83    0.25   -1.22      17.39   17.39    0.00   -5.59      2.120   2.120   0.000
  29 4918.2  13/2-   5/2  29    0.81    5.30    5.30    7.49    1.76      21.15   21.15    0.00   -0.89      2.578   2.578   0.000
  30 5134.9  13/2-   1/2  32    0.02   14.84   14.84    0.73    2.64      21.18   21.18   -0.00   -1.85      2.583   2.583  -0.000
  
  31 5982.7  13/2-  -3/2  36   -0.61    5.80    5.80    1.89    0.99      24.21   24.21   -0.00   -0.94      2.951   2.951  -0.000
  32*******   1/2-  -3/2  34    0.00    0.00    0.00    0.00   -0.00       0.00    0.00    0.00   -0.00      0.000   0.000   0.000
