1SPECTRUM OF (Z= 82 A=207) IN PARTICLE-ROTOR  MODEL WITH MODIFIED OSCILLATOR POTENTIAL


 PARITY=-   EPS= 0.578   GAMMA=  0.0   EPS4=0.000   EPS6=0.000   LEVELS:  24  25  26  27  28  29  30  31  32  33  34  35  36  37  38

 PAIRING FACTORS: GN0= 19.20  GN1=  7.40  IPAIR= 15 ***  E2PLUS(INPUT)=   0.730  E2PLUR(INPUT)=   0.000

 CORIOLIS ATTENUATION PARAMETERS:  CHSI=1.000  ETA=  1.00

 MOMENT OF INERTIA PARAMETERS:   A1=  0.122 MEV   A2=  0.122 MEV   A3=121.91924 MEV


 DELTA=0.922 MEV  LAMBDA=53.5586 MEV   HW0= 7.7502 MEV   LAMBDA/HW0= 6.9106

 E2ENERGY=0.730 MEV  HBAR**2/B=61946./A**(7/3)=******/A**2 MEV

 IREC=0  =>  RECOIL TERMS j+j-, j+j+, jzjz, ETC TREATED AS ONE-BODY OPERATORS WITH UU+VV PAIRING FACTORS



 S. P. LEVEL   EQP       U     V        (UU + VV)**1.00

     24       4.560    0.102 0.995      1.000 1.000 1.000 0.998 0.995 0.911 0.772 0.751 0.597 0.424 0.400 0.377 0.350 0.210 0.207
     25       4.347    0.107 0.994      1.000 1.000 1.000 0.999 0.995 0.913 0.775 0.754 0.601 0.429 0.404 0.381 0.355 0.215 0.212
     26       3.862    0.120 0.993      1.000 1.000 1.000 0.999 0.997 0.918 0.784 0.763 0.612 0.441 0.417 0.394 0.368 0.229 0.226
     27       2.928    0.160 0.987      0.998 0.999 0.999 1.000 0.999 0.933 0.808 0.788 0.643 0.476 0.453 0.430 0.404 0.267 0.264
     28       2.347    0.201 0.980      0.995 0.995 0.997 0.999 1.000 0.948 0.831 0.813 0.674 0.512 0.489 0.467 0.442 0.307 0.304
     29       1.061    0.503 0.864      0.911 0.913 0.918 0.933 0.948 1.000 0.965 0.957 0.875 0.760 0.743 0.725 0.706 0.595 0.593
     30       0.923    0.711 0.703      0.772 0.775 0.784 0.808 0.831 0.965 1.000 0.999 0.971 0.903 0.891 0.880 0.866 0.784 0.782
     31       0.925    0.733 0.680      0.751 0.754 0.763 0.788 0.813 0.957 0.999 1.000 0.978 0.916 0.905 0.894 0.882 0.803 0.802
     32       1.048    0.859 0.512      0.597 0.601 0.612 0.643 0.674 0.875 0.971 0.978 1.000 0.980 0.974 0.968 0.961 0.910 0.909
     33       1.482    0.944 0.330      0.424 0.429 0.441 0.476 0.512 0.760 0.903 0.916 0.980 1.000 1.000 0.999 0.997 0.975 0.974
     34       1.590    0.953 0.305      0.400 0.404 0.417 0.453 0.489 0.743 0.891 0.905 0.974 1.000 1.000 1.000 0.999 0.980 0.980
     35       1.713    0.960 0.281      0.377 0.381 0.394 0.430 0.467 0.725 0.880 0.894 0.968 0.999 1.000 1.000 1.000 0.985 0.984
     36       1.882    0.967 0.253      0.350 0.355 0.368 0.404 0.442 0.706 0.866 0.882 0.961 0.997 0.999 1.000 1.000 0.989 0.989
     37       4.223    0.994 0.110      0.210 0.215 0.229 0.267 0.307 0.595 0.784 0.803 0.910 0.975 0.980 0.985 0.989 1.000 1.000
     38       4.348    0.994 0.107      0.207 0.212 0.226 0.264 0.304 0.593 0.782 0.802 0.909 0.974 0.980 0.984 0.989 1.000 1.000

  R CORE   ENERGY   A0R/A00=1.000    R3= 0     2  
   2( 1)    0.732                    1.000 0.000
   2( 2)  487.921                    0.000 1.000

  R CORE   ENERGY   A0R/A00=1.000    R3= 0     2  
   3( 1)  488.652                    0.000 1.000

  R CORE   ENERGY   A0R/A00=1.000    R3= 0     2     4  
   4( 1)    2.438                    1.000 0.000 0.000

  R CORE   ENERGY   A0R/A00=1.000    R3= 0     2     4  
   5( 1)  490.847                    0.000 1.000 0.000

  R CORE   ENERGY   A0R/A00=1.000    R3= 0     2     4     6  
   6( 1)    5.121                    1.000 0.000 0.000 0.000

  R CORE   ENERGY   A0R/A00=1.000    R3= 0     2     4     6  
   7( 1)  494.017                    0.000 1.000 0.000 0.000

          AXIAL SYMMETRY => K RESTRICTED TO OMEGA

                     K
     S.P. ORB#: 24  2.50
     S.P. ORB#: 25  4.50
     S.P. ORB#: 26  0.50
     S.P. ORB#: 27  0.50
     S.P. ORB#: 28  2.50
     S.P. ORB#: 29  2.50
     S.P. ORB#: 30 -5.50
     S.P. ORB#: 31 -3.50
     S.P. ORB#: 32  0.50
     S.P. ORB#: 33 -3.50
     S.P. ORB#: 34 -1.50
     S.P. ORB#: 35  0.50
     S.P. ORB#: 36 -1.50
     S.P. ORB#: 37 -1.50
     S.P. ORB#: 38 -3.50
 

             ENERGY    K= OMEGA
 
 I=  1/2- (1)  3.167  35:-0.999
 
 I=  1/2- (2)  4.876  27: 0.446
                      32:-0.895
 
 I=  1/2- (3)  5.765  26: 0.999
 
 I=  1/2- (4)  6.801  27:-0.895
                      32:-0.446
 
 I=  1/2- (5)147.893  34: 1.000

             ENERGY    K= OMEGA
 
 I=  3/2- (1)  3.235  35:-0.796
                      36:-0.605
 
 I=  3/2- (2)  3.476  26:-0.120
                      35: 0.599
                      36:-0.792

             ENERGY    K= OMEGA
 
 I=  5/2- (1)  2.880  29: 0.994
                      36: 0.104
 
 I=  5/2- (2)  3.791  26:-0.185
                      29:-0.100
                      35:-0.528
                      36: 0.822
 
 I=  5/2- (3)  4.397  26:-0.051
                      35:-0.837
                      36:-0.542
 
 I=  5/2- (4)  4.793  27: 0.494
                      32:-0.770
                      34:-0.283
                      37: 0.288
 
 I=  5/2- (5)  6.339  27:-0.116
                      28:-0.147
                      32:-0.358
                      34: 0.905
                      37: 0.134

             ENERGY    K= OMEGA
 
 I=  7/2- (1)  2.727  24:-0.173
                      29: 0.144
                      31: 0.974
 
 I=  7/2- (2)  3.573  24:-0.059
                      29:-0.935
                      31: 0.125
                      36: 0.141
                      38: 0.292
 
 I=  7/2- (3)  4.455  29:-0.091
                      35:-0.830
                      36:-0.544
                      38: 0.058
 
 I=  7/2- (4)  4.923  24:-0.058
                      26: 0.227
                      29: 0.073
                      35:-0.532
                      36: 0.803
                      38:-0.102
 
 I=  7/2- (5)  5.376  27:-0.345
                      28:-0.051
                      32:-0.845
                      34:-0.115
                      37:-0.387

             ENERGY    K= OMEGA
 
 I=  9/2- (1)  3.593  24:-0.244
                      25: 0.050
                      29: 0.190
                      31:-0.949
 
 I=  9/2- (2)  4.492  24: 0.085
                      29: 0.887
                      31: 0.159
                      35:-0.051
                      36: 0.178
                      38: 0.380
 
 I=  9/2- (3)  5.455  26: 0.294
                      29: 0.138
                      31: 0.061
                      35: 0.541
                      36:-0.763
                      38: 0.122
 
 I=  9/2- (4)  5.562  27:-0.488
                      32: 0.741
                      34: 0.270
                      37:-0.374
 
 I=  9/2- (5)  6.558  24:-0.069
                      25:-0.109
                      26:-0.078
                      29:-0.053
                      35:-0.780
                      36:-0.543
                      38: 0.267

             ENERGY    K= OMEGA
 
 I= 11/2- (1)  2.087  25: 0.169
                      30: 0.985
 
 I= 11/2- (2)  4.679  24:-0.297
                      25: 0.059
                      29: 0.215
                      31: 0.927
 
 I= 11/2- (3)  5.650  24:-0.106
                      29:-0.854
                      31: 0.176
                      35: 0.053
                      36: 0.188
                      38: 0.434
 
 I= 11/2- (4)  6.444  27: 0.384
                      28: 0.079
                      32: 0.796
                      33: 0.051
                      34: 0.138
                      37: 0.438
 
 I= 11/2- (5)  6.654  26: 0.068
                      29:-0.101
                      31: 0.055
                      35:-0.847
                      36:-0.503
                      38: 0.101

             ENERGY    K= OMEGA
 
 I= 13/2- (1)  3.475  25:-0.239
                      30: 0.971
 
 I= 13/2- (2)  5.990  24:-0.339
                      25: 0.060
                      29: 0.229
                      31:-0.907
                      38: 0.059
 
 I= 13/2- (3)  7.034  24: 0.123
                      26:-0.070
                      29: 0.821
                      31: 0.177
                      35:-0.080
                      36: 0.230
                      38: 0.463
 
 I= 13/2- (4)  7.254  27:-0.476
                      32: 0.728
                      34: 0.252
                      37:-0.424
 
 I= 13/2- (5)  8.041  26: 0.374
                      29: 0.167
                      31: 0.101
                      35: 0.534
                      36:-0.711
                      38: 0.173

             ENERGY     K=-7/2
  32 LEVELS    TIME=  0.0 SEC



 ******************* EXCITATION ENERGIES, DOMINANT CONFIGURATION AND EXPECTATION VALUES (WITH S.P. UU+VV FACTORS) *******************

  NR  Eex(keV)  I   Kdom  NY    <Jz>  <Jx**2> <Jy**2> <Jz**2> <I.j>/|I|  <Rx**2> <Ry**2> <Rz**2> <R.j>/|R|  <HROTx> <HROTy> <HROTz>

   1    0.0  11/2- -11/2  30   -5.21    2.89    2.89   29.96    5.25       4.37    4.37    0.00   -1.48      0.533   0.533   0.000
   2  639.2   7/2-  -7/2  31   -3.20    6.51    6.51   11.94    3.38       6.93    6.93    0.00   -3.10      0.845   0.845   0.000
   3  793.0   5/2-   5/2  29    2.46    6.24    6.24    6.20    2.13       7.41    7.41    0.00   -3.21      0.904   0.904   0.000
   4 1079.6   1/2-   1/2  35    0.50    5.49    5.49    0.25    0.05       5.95    5.95   -0.00   -3.24      0.725   0.725  -0.000
   5 1148.0   3/2-   1/2  35   -0.23    5.49    5.49    0.98    0.96       5.98    5.98    0.00   -2.92      0.730   0.730   0.000
  
   6 1387.5  13/2- -11/2  30   -4.93    3.03    3.03   29.66    4.67       9.66    9.66    0.00   -0.72      1.178   1.178   0.000
   7 1388.7   3/2-  -3/2  36   -0.75    5.52    5.52    1.50    0.76       6.67    6.67    0.00   -3.03      0.813   0.813   0.000
   8 1485.3   7/2-   5/2  29    1.81    5.85    5.85    6.77    2.03       9.04    9.04   -0.00   -2.45      1.102   1.102  -0.000
   9 1506.0   9/2-  -7/2  31   -2.90    6.62    6.62   11.69    2.99       9.99    9.99    0.00   -2.26      1.218   1.218   0.000
  10 1703.9   5/2-  -3/2  36   -0.83    5.60    5.60    1.67    1.03       7.76    7.76    0.00   -2.49      0.946   0.946   0.000
  
  11 2309.6   5/2-   1/2  35   -0.08    5.50    5.50    0.85   -0.16      10.77   10.77    0.00   -2.66      1.313   1.313   0.000
  12 2367.3   7/2-   1/2  35   -0.09    5.49    5.49    0.95    0.71      11.00   11.00    0.00   -1.94      1.341   1.341   0.000
  13 2404.2   9/2-   5/2  29    1.35    5.58    5.58    7.12    1.93      11.90   11.90   -0.00   -1.78      1.450   1.450  -0.000
  14 2592.0  11/2-  -7/2  31   -2.66    6.72    6.72   11.47    2.73      13.98   13.98    0.00   -1.62      1.704   1.704   0.000
  15 2705.9   5/2-   1/2  32    0.17   14.66   14.66    0.58    2.40      12.22   12.22   -0.00   -4.61      1.490   1.490  -0.000
  
  16 2788.2   1/2-   1/2  32    0.50   14.80   14.80    0.25    1.32      14.16   14.16   -0.00   -5.40      1.727   1.727  -0.000
  17 2835.2   7/2-  -3/2  36   -0.82    5.59    5.59    1.73    0.56      12.13   12.13    0.00   -2.17      1.478   1.478   0.000
  18 3288.8   7/2-   1/2  32    0.18   17.70   17.70    0.60    2.78      14.83   14.83   -0.00   -4.58      1.808   1.808  -0.000
  19 3367.8   9/2-  -3/2  36   -0.69    5.70    5.70    1.77    0.98      14.06   14.06    0.00   -1.56      1.714   1.714   0.000
  20 3474.4   9/2-   1/2  32    0.07   14.77   14.77    0.68    2.57      14.69   14.69   -0.00   -3.22      1.792   1.792  -0.000
  
  21 3562.5  11/2-   5/2  29    1.04    5.39    5.39    7.42    1.84      15.99   15.99   -0.00   -1.28      1.950   1.950  -0.000
  22 3677.4   1/2-   1/2  26    0.50    7.87    7.87    0.25    0.64       7.82    7.82   -0.00   -3.90      0.953   0.953  -0.000
  23 3903.1  13/2-  -7/2  31   -2.47    6.79    6.79   11.29    2.56      18.93   18.93    0.00   -1.14      2.308   2.308   0.000
  24 4252.0   5/2-  -3/2  34   -1.13   17.06   17.06    2.05    1.03      19.43   19.43   -0.00   -5.32      2.369   2.369  -0.000
  25 4356.7  11/2-   1/2  32    0.08   17.77   17.77    0.74    2.94      18.42   18.42    0.00   -3.08      2.245   2.245   0.000
  
  26 4470.8   9/2-   1/2  35   -0.31    5.32    5.32    1.98    0.00      18.66   18.66    0.00   -2.06      2.275   2.275   0.000
  27 4566.3  11/2-   1/2  35   -0.04    5.47    5.47    0.99    0.65      19.96   19.96    0.00   -1.27      2.434   2.434   0.000
  28 4713.9   1/2-   1/2  27    0.50   15.85   15.85    0.25   -1.23      17.42   17.42    0.00   -5.59      2.123   2.123   0.000
  29 4946.2  13/2-   5/2  29    0.79    5.28    5.28    7.47    1.75      21.14   21.14   -0.00   -0.89      2.577   2.577  -0.000
  30 5166.9  13/2-   1/2  32    0.01   14.90   14.90    0.74    2.64      21.22   21.22   -0.00   -1.86      2.587   2.587  -0.000
  
  31 5953.9  13/2-  -3/2  36   -0.61    5.78    5.78    1.93    1.00      24.14   24.14    0.00   -0.94      2.943   2.943   0.000
  32*******   1/2-  -3/2  34    0.00    0.00    0.00    0.00   -0.00       0.00    0.00   -0.00   -0.00      0.000   0.000  -0.000
