1SPECTRUM OF (Z= 82 A=207) IN PARTICLE-ROTOR  MODEL WITH MODIFIED OSCILLATOR POTENTIAL


 PARITY=-   EPS= 0.421   GAMMA=  0.0   EPS4=0.000   EPS6=0.000   LEVELS:  24  25  26  27  28  29  30  31  32  33  34  35  36  37  38

 PAIRING FACTORS: GN0= 19.20  GN1=  7.40  IPAIR= 15 ***  E2PLUS(INPUT)=   0.730  E2PLUR(INPUT)=   0.000

 CORIOLIS ATTENUATION PARAMETERS:  CHSI=1.000  ETA=  1.00

 MOMENT OF INERTIA PARAMETERS:   A1=  0.122 MEV   A2=  0.122 MEV   A3=121.91924 MEV


 DELTA=0.845 MEV  LAMBDA=53.4890 MEV   HW0= 7.5777 MEV   LAMBDA/HW0= 7.0587

 E2ENERGY=0.730 MEV  HBAR**2/B=32864./A**(7/3)=5555.6/A**2 MEV

 IREC=0  =>  RECOIL TERMS j+j-, j+j+, jzjz, ETC TREATED AS ONE-BODY OPERATORS WITH UU+VV PAIRING FACTORS



 S. P. LEVEL   EQP       U     V        (UU + VV)**1.00

     24       4.280    0.099 0.995      1.000 1.000 1.000 0.997 0.997 0.992 0.918 0.877 0.820 0.597 0.417 0.332 0.326 0.247 0.229
     25       3.709    0.115 0.993      1.000 1.000 1.000 0.998 0.998 0.994 0.924 0.885 0.829 0.609 0.431 0.347 0.341 0.262 0.244
     26       3.300    0.129 0.992      1.000 1.000 1.000 0.999 0.999 0.996 0.930 0.891 0.837 0.621 0.444 0.360 0.354 0.276 0.258
     27       2.507    0.171 0.985      0.997 0.998 0.999 1.000 1.000 0.999 0.944 0.910 0.859 0.653 0.482 0.400 0.394 0.317 0.299
     28       2.477    0.173 0.985      0.997 0.998 0.999 1.000 1.000 0.999 0.945 0.911 0.860 0.655 0.484 0.402 0.396 0.319 0.301
     29       1.956    0.222 0.975      0.992 0.994 0.996 0.999 0.999 1.000 0.960 0.930 0.884 0.692 0.526 0.446 0.441 0.365 0.347
     30       0.996    0.486 0.874      0.918 0.924 0.930 0.944 0.945 0.960 1.000 0.996 0.980 0.866 0.743 0.679 0.674 0.611 0.596
     31       0.907    0.565 0.825      0.877 0.885 0.891 0.910 0.911 0.930 0.996 1.000 0.994 0.909 0.802 0.744 0.740 0.682 0.668
     32       0.855    0.651 0.759      0.820 0.829 0.837 0.859 0.860 0.884 0.980 0.994 1.000 0.949 0.862 0.812 0.809 0.757 0.745
     33       0.958    0.858 0.514      0.597 0.609 0.621 0.653 0.655 0.692 0.866 0.909 0.949 1.000 0.978 0.955 0.953 0.925 0.917
     34       1.376    0.946 0.325      0.417 0.431 0.444 0.482 0.484 0.526 0.743 0.802 0.862 0.978 1.000 0.996 0.995 0.984 0.980
     35       1.837    0.972 0.237      0.332 0.347 0.360 0.400 0.402 0.446 0.679 0.744 0.812 0.955 0.996 1.000 1.000 0.996 0.994
     36       1.883    0.973 0.231      0.326 0.341 0.354 0.394 0.396 0.441 0.674 0.740 0.809 0.953 0.995 1.000 1.000 0.997 0.995
     37       2.855    0.989 0.150      0.247 0.262 0.276 0.317 0.319 0.365 0.611 0.682 0.757 0.925 0.984 0.996 0.997 1.000 1.000
     38       3.260    0.991 0.131      0.229 0.244 0.258 0.299 0.301 0.347 0.596 0.668 0.745 0.917 0.980 0.994 0.995 1.000 1.000

  R CORE   ENERGY   A0R/A00=1.000    R3= 0     2  
   2( 1)    0.732                    1.000 0.000
   2( 2)  487.921                    0.000 1.000

  R CORE   ENERGY   A0R/A00=1.000    R3= 0     2  
   3( 1)  488.652                    0.000 1.000

  R CORE   ENERGY   A0R/A00=1.000    R3= 0     2     4  
   4( 1)    2.438                    1.000 0.000 0.000

  R CORE   ENERGY   A0R/A00=1.000    R3= 0     2     4  
   5( 1)  490.847                    0.000 1.000 0.000

  R CORE   ENERGY   A0R/A00=1.000    R3= 0     2     4     6  
   6( 1)    5.121                    1.000 0.000 0.000 0.000

  R CORE   ENERGY   A0R/A00=1.000    R3= 0     2     4     6  
   7( 1)  494.017                    0.000 1.000 0.000 0.000

          AXIAL SYMMETRY => K RESTRICTED TO OMEGA

                     K
     S.P. ORB#: 24  0.50
     S.P. ORB#: 25  0.50
     S.P. ORB#: 26 -5.50
     S.P. ORB#: 27  2.50
     S.P. ORB#: 28 -1.50
     S.P. ORB#: 29 -3.50
     S.P. ORB#: 30  2.50
     S.P. ORB#: 31  0.50
     S.P. ORB#: 32 -1.50
     S.P. ORB#: 33  0.50
     S.P. ORB#: 34 -3.50
     S.P. ORB#: 35 -3.50
     S.P. ORB#: 36  4.50
     S.P. ORB#: 37  0.50
     S.P. ORB#: 38 -1.50
 

             ENERGY    K= OMEGA
 
 I=  1/2- (1)  2.234  31:-0.999
 
 I=  1/2- (2)  3.795  25: 0.223
                      33:-0.919
                      37: 0.324
 
 I=  1/2- (3)  6.004  24: 0.999
 
 I=  1/2- (4)  6.861  25: 0.273
                      33:-0.260
                      37:-0.926
 
 I=  1/2- (5)  9.894  25:-0.936
                      33:-0.295
                      37:-0.193

             ENERGY    K= OMEGA
 
 I=  3/2- (1)  2.179  31: 0.412
                      32:-0.911
 
 I=  3/2- (2)  2.404  24:-0.188
                      31:-0.898
                      32:-0.398

             ENERGY    K= OMEGA
 
 I=  5/2- (1)  2.486  24: 0.244
                      31:-0.491
                      32:-0.835
 
 I=  5/2- (2)  3.411  24: 0.066
                      27: 0.055
                      31:-0.852
                      32: 0.517
 
 I=  5/2- (3)  3.888  25: 0.175
                      33:-0.820
                      37: 0.467
                      38:-0.279
 
 I=  5/2- (4)  4.305  27:-0.998
                      32: 0.064
 
 I=  5/2- (5)  5.815  25: 0.201
                      28:-0.589
                      30: 0.781

             ENERGY    K= OMEGA
 
 I=  7/2- (1)  2.283  27: 0.148
                      34:-0.988
 
 I=  7/2- (2)  3.417  27:-0.067
                      31:-0.573
                      32: 0.815
 
 I=  7/2- (3)  3.571  24: 0.327
                      31: 0.782
                      32: 0.528
 
 I=  7/2- (4)  3.873  27: 0.171
                      29: 0.983
                      32: 0.062
 
 I=  7/2- (5)  3.972  25: 0.069
                      28:-0.118
                      30:-0.145
                      33:-0.875
                      35:-0.055
                      37:-0.248
                      38: 0.360

             ENERGY    K= OMEGA
 
 I=  9/2- (1)  2.802  27:-0.092
                      29: 0.194
                      34:-0.377
                      36:-0.901
 
 I=  9/2- (2)  3.385  27: 0.196
                      29: 0.117
                      32: 0.058
                      34: 0.897
                      36:-0.371
 
 I=  9/2- (3)  3.796  24: 0.374
                      31:-0.538
                      32:-0.750
                      34: 0.078
 
 I=  9/2- (4)  4.682  25:-0.100
                      28:-0.098
                      30: 0.181
                      33: 0.752
                      35:-0.094
                      37:-0.499
                      38: 0.352
 
 I=  9/2- (5)  5.017  25: 0.226
                      28:-0.546
                      30: 0.680
                      33:-0.147
                      35:-0.385
                      37: 0.134

             ENERGY    K= OMEGA
 
 I= 11/2- (1)  3.787  25: 0.504
                      28: 0.561
                      30: 0.481
                      33: 0.342
                      35: 0.214
                      37: 0.108
                      38:-0.159
 
 I= 11/2- (2)  3.944  26:-0.067
                      27:-0.137
                      29:-0.259
                      34: 0.442
                      36:-0.845
 
 I= 11/2- (3)  4.636  26:-0.946
                      27: 0.084
                      34:-0.298
                      36:-0.085
 
 I= 11/2- (4)  4.716  26: 0.316
                      27: 0.216
                      29:-0.171
                      32:-0.052
                      34:-0.800
                      36:-0.427
 
 I= 11/2- (5)  5.143  25: 0.330
                      28: 0.191
                      30: 0.140
                      33:-0.776
                      35: 0.079
                      37:-0.286
                      38: 0.381

             ENERGY    K= OMEGA
 
 I= 13/2- (1)  5.324  26: 0.073
                      27:-0.174
                      29: 0.302
                      34:-0.473
                      36:-0.804
 
 I= 13/2- (2)  5.576  25:-0.181
                      28: 0.558
                      30:-0.675
                      33:-0.182
                      35: 0.377
                      37: 0.084
                      38:-0.137
 
 I= 13/2- (3)  5.938  24: 0.450
                      27:-0.083
                      31:-0.535
                      32:-0.693
                      34:-0.089
                      36: 0.120
 
 I= 13/2- (4)  6.209  24:-0.050
                      26:-0.861
                      27:-0.135
                      29:-0.073
                      31: 0.064
                      32: 0.067
                      34:-0.440
                      36: 0.175
 
 I= 13/2- (5)  6.294  24: 0.059
                      26:-0.501
                      27: 0.206
                      29: 0.200
                      31:-0.076
                      32:-0.074
                      34: 0.693
                      36:-0.414

             ENERGY     K=-3/2
  32 LEVELS    TIME=  0.0 SEC



 ******************* EXCITATION ENERGIES, DOMINANT CONFIGURATION AND EXPECTATION VALUES (WITH S.P. UU+VV FACTORS) *******************

  NR  Eex(keV)  I   Kdom  NY    <Jz>  <Jx**2> <Jy**2> <Jz**2> <I.j>/|I|  <Rx**2> <Ry**2> <Rz**2> <R.j>/|R|  <HROTx> <HROTy> <HROTz>

   1    0.0   3/2-  -3/2  32   -1.16    5.08    5.08    1.91    1.31       5.37    5.37   -0.00   -2.91      0.655   0.655  -0.000
   2   55.0   1/2-   1/2  31    0.50    5.09    5.09    0.25    0.21       5.41    5.41    0.00   -3.12      0.660   0.660   0.000
   3  104.0   7/2-  -7/2  34   -3.37    2.32    2.32   12.11    3.18       3.61    3.61   -0.00   -1.53      0.441   0.441  -0.000
   4  225.1   3/2-   1/2  31    0.18    4.98    4.98    0.57    0.75       5.69    5.69    0.00   -2.69      0.693   0.693   0.000
   5  306.9   5/2-  -3/2  32   -0.89    5.29    5.29    1.66    1.59       5.79    5.79   -0.00   -2.21      0.705   0.705  -0.000
  
   6  623.2   9/2-   9/2  36    3.04    2.55    2.55   18.69    4.07       4.04    4.04   -0.00   -1.25      0.492   0.492  -0.000
   7 1205.5   9/2-  -7/2  34   -2.15    2.40    2.40   13.07    2.73       7.74    7.74   -0.00   -1.09      0.944   0.944  -0.000
   8 1232.0   5/2-   1/2  31   -0.03    5.11    5.11    0.80   -0.12      10.25   10.25   -0.00   -2.51      1.249   1.249  -0.000
   9 1237.5   7/2-  -3/2  32   -0.83    5.08    5.08    1.63    0.86      10.38   10.38   -0.00   -1.84      1.265   1.265  -0.000
  10 1391.9   7/2-   1/2  31   -0.06    5.07    5.07    0.84    0.98       9.49    9.49   -0.00   -1.63      1.157   1.157  -0.000
  
  11 1608.3  11/2-  -3/2  28    0.10   23.59   23.59    2.87    6.13       6.24    6.24    0.00   -3.79      0.761   0.761   0.000
  12 1615.6   1/2-   1/2  33    0.50   10.68   10.68    0.25    1.07      10.26   10.26    0.00   -4.57      1.251   1.251   0.000
  13 1617.0   9/2-  -3/2  32   -0.65    5.51    5.51    1.47    1.73      10.01   10.01   -0.00   -0.87      1.221   1.221  -0.000
  14 1694.2   7/2-  -7/2  29   -3.32    6.27    6.27   12.03    3.11       7.81    7.81   -0.00   -3.09      0.952   0.952  -0.000
  15 1708.9   5/2-   1/2  33    0.34   11.27   11.27    0.41    2.24       9.23    9.23    0.00   -3.80      1.126   1.126   0.000
  
  16 1764.5  11/2-   9/2  36    2.32    2.73    2.73   17.93    3.48       8.76    8.76   -0.00   -0.62      1.069   1.069  -0.000
  17 1793.1   7/2-   1/2  33    0.24   15.04   15.04    0.70    3.22      10.50   10.50    0.00   -3.93      1.281   1.281   0.000
  18 2126.1   5/2-   5/2  27    2.48    6.10    6.10    6.23    2.09       7.41    7.41    0.00   -3.18      0.903   0.903   0.000
  19 2456.9  11/2- -11/2  26   -5.19    2.72    2.72   28.38    4.77       6.25    6.25    0.00   -1.50      0.762   0.762   0.000
  20 2503.0   9/2-   1/2  33    0.26   12.71   12.71    0.82    2.72      11.95   11.95    0.00   -2.60      1.457   1.457   0.000
  
  21 2537.2  11/2-  -7/2  34   -1.95    2.52    2.52   15.20    2.63      12.25   12.25   -0.00   -0.91      1.494   1.494  -0.000
  22 2837.6   9/2-   5/2  30    0.23   22.38   22.38    5.40    4.82      13.46   13.46    0.00   -5.04      1.641   1.641   0.000
  23 2963.9  11/2-   1/2  33    0.15   13.24   13.24    0.81    2.98      13.67   13.67    0.00   -1.81      1.667   1.667   0.000
  24 3144.8  13/2-   9/2  36    1.86    2.90    2.90   17.31    3.08      14.45   14.45    0.00   -0.30      1.761   1.761   0.000
  25 3397.0  13/2-   5/2  30    0.18   23.32   23.32    5.35    4.95      15.82   15.82    0.00   -3.10      1.929   1.929   0.000
  
  26 3635.6   5/2-   5/2  30    1.03   23.37   23.37    4.60    4.34      17.20   17.20    0.00   -6.56      2.097   2.097   0.000
  27 3759.2  13/2-  -3/2  32   -0.43    5.63    5.63    1.69    1.87      17.80   17.80    0.00    0.02      2.170   2.170   0.000
  28 3824.8   1/2-   1/2  24    0.50    7.15    7.15    0.25    0.63       7.10    7.10    0.00   -3.72      0.866   0.866   0.000
  29 4030.2  13/2- -11/2  26   -4.60    2.73    2.73   25.61    3.74      13.80   13.80    0.00   -0.94      1.682   1.682   0.000
  30 4114.8  13/2-  -7/2  34   -2.33    2.66    2.66   17.73    2.63      17.52   17.52    0.00   -0.79      2.136   2.136   0.000
  
  31 4681.7   1/2-   1/2  37    0.50   15.77   15.77    0.25   -0.49      16.70   16.70    0.00   -5.58      2.036   2.036   0.000
  32 7714.6   1/2-   1/2  25    0.50   22.96   22.96    0.25   -3.48      26.47   26.47   -0.00   -6.76      3.228   3.228  -0.000
