1SPECTRUM OF (Z= 82 A=207) IN PARTICLE-ROTOR  MODEL WITH MODIFIED OSCILLATOR POTENTIAL


 PARITY=-   EPS= 0.501   GAMMA=  0.0   EPS4=0.000   EPS6=0.000   LEVELS:  24  25  26  27  28  29  30  31  32  33  34  35  36  37  38

 PAIRING FACTORS: GN0= 19.20  GN1=  7.40  IPAIR= 15 ***  E2PLUS(INPUT)=   0.730  E2PLUR(INPUT)=   0.000

 CORIOLIS ATTENUATION PARAMETERS:  CHSI=1.000  ETA=  1.00

 MOMENT OF INERTIA PARAMETERS:   A1=  0.122 MEV   A2=  0.122 MEV   A3=121.91924 MEV


 DELTA=0.849 MEV  LAMBDA=53.4053 MEV   HW0= 7.6559 MEV   LAMBDA/HW0= 6.9757

 E2ENERGY=0.730 MEV  HBAR**2/B=46540./A**(7/3)=7867.6/A**2 MEV

 IREC=0  =>  RECOIL TERMS j+j-, j+j+, jzjz, ETC TREATED AS ONE-BODY OPERATORS WITH UU+VV PAIRING FACTORS



 S. P. LEVEL   EQP       U     V        (UU + VV)**1.00

     24       4.743    0.090 0.996      1.000 1.000 1.000 0.987 0.983 0.979 0.972 0.948 0.533 0.473 0.346 0.324 0.263 0.238 0.213
     25       4.011    0.106 0.994      1.000 1.000 1.000 0.989 0.986 0.982 0.975 0.954 0.547 0.488 0.362 0.340 0.279 0.254 0.229
     26       3.724    0.115 0.993      1.000 1.000 1.000 0.990 0.987 0.984 0.977 0.956 0.554 0.495 0.370 0.348 0.287 0.262 0.238
     27       1.743    0.252 0.968      0.987 0.989 0.990 1.000 1.000 0.999 0.997 0.987 0.664 0.611 0.495 0.475 0.418 0.394 0.370
     28       1.620    0.272 0.962      0.983 0.986 0.987 1.000 1.000 1.000 0.999 0.991 0.680 0.628 0.514 0.493 0.437 0.414 0.390
     29       1.528    0.290 0.957      0.979 0.982 0.984 0.999 1.000 1.000 0.999 0.993 0.693 0.643 0.530 0.510 0.454 0.431 0.407
     30       1.390    0.323 0.947      0.972 0.975 0.977 0.997 0.999 0.999 1.000 0.996 0.718 0.668 0.558 0.539 0.484 0.461 0.438
     31       1.155    0.401 0.916      0.948 0.954 0.956 0.987 0.991 0.993 0.996 1.000 0.774 0.728 0.626 0.608 0.556 0.534 0.512
     32       1.048    0.891 0.454      0.533 0.547 0.554 0.664 0.680 0.693 0.718 0.774 1.000 0.998 0.978 0.973 0.957 0.949 0.940
     33       1.176    0.920 0.392      0.473 0.488 0.495 0.611 0.628 0.643 0.668 0.728 0.998 1.000 0.990 0.987 0.974 0.968 0.961
     34       1.688    0.965 0.260      0.346 0.362 0.370 0.495 0.514 0.530 0.558 0.626 0.978 0.990 1.000 1.000 0.996 0.994 0.990
     35       1.837    0.971 0.238      0.324 0.340 0.348 0.475 0.493 0.510 0.539 0.608 0.973 0.987 1.000 1.000 0.998 0.996 0.993
     36       2.456    0.984 0.176      0.263 0.279 0.287 0.418 0.437 0.454 0.484 0.556 0.957 0.974 0.996 0.998 1.000 1.000 0.999
     37       2.862    0.989 0.150      0.238 0.254 0.262 0.394 0.414 0.431 0.461 0.534 0.949 0.968 0.994 0.996 1.000 1.000 1.000
     38       3.436    0.992 0.124      0.213 0.229 0.238 0.370 0.390 0.407 0.438 0.512 0.940 0.961 0.990 0.993 0.999 1.000 1.000

  R CORE   ENERGY   A0R/A00=1.000    R3= 0     2  
   2( 1)    0.732                    1.000 0.000
   2( 2)  487.921                    0.000 1.000

  R CORE   ENERGY   A0R/A00=1.000    R3= 0     2  
   3( 1)  488.652                    0.000 1.000

  R CORE   ENERGY   A0R/A00=1.000    R3= 0     2     4  
   4( 1)    2.438                    1.000 0.000 0.000

  R CORE   ENERGY   A0R/A00=1.000    R3= 0     2     4  
   5( 1)  490.847                    0.000 1.000 0.000

  R CORE   ENERGY   A0R/A00=1.000    R3= 0     2     4     6  
   6( 1)    5.121                    1.000 0.000 0.000 0.000

  R CORE   ENERGY   A0R/A00=1.000    R3= 0     2     4     6  
   7( 1)  494.017                    0.000 1.000 0.000 0.000

          AXIAL SYMMETRY => K RESTRICTED TO OMEGA

                     K
     S.P. ORB#: 24  2.50
     S.P. ORB#: 25  0.50
     S.P. ORB#: 26 -1.50
     S.P. ORB#: 27 -5.50
     S.P. ORB#: 28  2.50
     S.P. ORB#: 29  2.50
     S.P. ORB#: 30  0.50
     S.P. ORB#: 31 -3.50
     S.P. ORB#: 32  0.50
     S.P. ORB#: 33 -1.50
     S.P. ORB#: 34 -3.50
     S.P. ORB#: 35  0.50
     S.P. ORB#: 36 -1.50
     S.P. ORB#: 37 -3.50
     S.P. ORB#: 38  4.50
 

             ENERGY    K= OMEGA
 
 I=  1/2- (1)  2.447  32: 0.999
 
 I=  1/2- (2)  4.581  30: 0.897
                      35:-0.442
 
 I=  1/2- (3)  5.835  25: 0.999
 
 I=  1/2- (4)  6.201  30: 0.442
                      35: 0.897
 
 I=  1/2- (5)147.479  33:-1.000

             ENERGY    K= OMEGA
 
 I=  3/2- (1)  2.503  32: 0.733
                      33:-0.680
 
 I=  3/2- (2)  2.737  25:-0.131
                      32:-0.672
                      33:-0.729

             ENERGY    K= OMEGA
 
 I=  5/2- (1)  2.972  25: 0.182
                      28:-0.163
                      32:-0.513
                      33:-0.821
 
 I=  5/2- (2)  3.429  28:-0.965
                      32: 0.255
 
 I=  5/2- (3)  3.678  28:-0.202
                      32:-0.807
                      33: 0.552
 
 I=  5/2- (4)  4.941  26:-0.125
                      29: 0.112
                      30: 0.808
                      35:-0.507
                      36:-0.249
 
 I=  5/2- (5)  6.465  26: 0.467
                      29:-0.833
                      35:-0.297

             ENERGY    K= OMEGA
 
 I=  7/2- (1)  2.846  24:-0.218
                      28: 0.097
                      31: 0.969
                      33: 0.055
 
 I=  7/2- (2)  3.603  28: 0.492
                      32: 0.257
                      33:-0.322
                      37:-0.766
 
 I=  7/2- (3)  3.720  28: 0.120
                      32:-0.740
                      33: 0.528
                      37:-0.394
 
 I=  7/2- (4)  4.114  24: 0.062
                      25:-0.234
                      28: 0.157
                      32:-0.592
                      33:-0.722
                      37: 0.211
 
 I=  7/2- (5)  4.545  25:-0.060
                      28:-0.841
                      31: 0.104
                      32:-0.066
                      33:-0.244
                      37:-0.460

             ENERGY    K= OMEGA
 
 I=  9/2- (1)  3.377  24:-0.264
                      28: 0.119
                      31:-0.858
                      33:-0.065
                      37: 0.055
                      38: 0.416
 
 I=  9/2- (2)  4.424  24: 0.116
                      25:-0.182
                      28: 0.402
                      31: 0.140
                      32: 0.319
                      33: 0.520
                      37: 0.570
                      38: 0.275
 
 I=  9/2- (3)  4.619  25: 0.231
                      28: 0.190
                      31: 0.219
                      32:-0.446
                      33:-0.568
                      37: 0.534
                      38: 0.233
 
 I=  9/2- (4)  4.819  24:-0.107
                      28: 0.389
                      31:-0.290
                      37: 0.272
                      38:-0.822
 
 I=  9/2- (5)  5.653  26: 0.428
                      29:-0.585
                      30:-0.514
                      34: 0.329
                      35: 0.240
                      36: 0.213

             ENERGY    K= OMEGA
 
 I= 11/2- (1)  3.083  27:-1.000
 
 I= 11/2- (2)  4.236  24:-0.308
                      28: 0.130
                      31: 0.832
                      33: 0.069
                      37:-0.078
                      38: 0.430
 
 I= 11/2- (3)  5.639  24: 0.141
                      28: 0.493
                      31:-0.179
                      32: 0.216
                      33:-0.344
                      37:-0.697
                      38: 0.233
 
 I= 11/2- (4)  5.758  26: 0.467
                      29: 0.567
                      30: 0.532
                      34: 0.294
                      35: 0.222
                      36: 0.202
 
 I= 11/2- (5)  5.924  25:-0.089
                      28: 0.129
                      31:-0.120
                      32:-0.804
                      33: 0.452
                      37:-0.330

             ENERGY    K= OMEGA
 
 I= 13/2- (1)  4.665  27: 0.998
 
 I= 13/2- (2)  5.353  24:-0.344
                      27: 0.059
                      28: 0.133
                      31:-0.816
                      33:-0.085
                      37: 0.087
                      38: 0.423
 
 I= 13/2- (3)  6.731  26: 0.509
                      29:-0.673
                      30:-0.338
                      34: 0.371
                      35: 0.101
                      36: 0.161
 
 I= 13/2- (4)  6.890  24: 0.119
                      25:-0.303
                      28: 0.356
                      31: 0.050
                      32: 0.426
                      33: 0.631
                      37: 0.397
                      38: 0.167
 
 I= 13/2- (5)  7.245  24: 0.089
                      25: 0.227
                      28: 0.399
                      31: 0.217
                      32:-0.355
                      33:-0.368
                      37: 0.677
                      38: 0.119

             ENERGY     K= 9/2
  32 LEVELS    TIME=  0.0 SEC



 ******************* EXCITATION ENERGIES, DOMINANT CONFIGURATION AND EXPECTATION VALUES (WITH S.P. UU+VV FACTORS) *******************

  NR  Eex(keV)  I   Kdom  NY    <Jz>  <Jx**2> <Jy**2> <Jz**2> <I.j>/|I|  <Rx**2> <Ry**2> <Rz**2> <R.j>/|R|  <HROTx> <HROTy> <HROTz>

   1    0.0   1/2-   1/2  32    0.50    5.30    5.30    0.25    0.10       5.71    5.71    0.00   -3.18      0.697   0.697   0.000
   2   55.8   3/2-   1/2  32   -0.43    5.29    5.29    1.18    1.05       5.72    5.72    0.00   -2.87      0.697   0.697   0.000
   3  290.1   3/2-  -3/2  33   -0.56    5.31    5.31    1.31    0.72       6.44    6.44    0.00   -2.93      0.785   0.785   0.000
   4  398.8   7/2-  -7/2  31   -3.15    6.47    6.47   11.88    3.55       6.20    6.20   -0.00   -3.05      0.756   0.756  -0.000
   5  525.3   5/2-  -3/2  33   -0.79    5.43    5.43    1.77    1.24       7.04    7.04    0.00   -2.39      0.858   0.858   0.000
  
   6  635.8  11/2- -11/2  27   -5.49    2.75    2.75   30.24    5.06       5.49    5.49    0.00   -1.65      0.669   0.669   0.001
   7  930.2   9/2-  -7/2  31   -1.60    5.88    5.88   13.08    3.69       6.42    6.42   -0.00   -1.81      0.783   0.783  -0.000
   8  982.4   5/2-   5/2  28    2.36    6.09    6.09    5.85    1.98       7.53    7.53    0.00   -3.14      0.919   0.919   0.000
   9 1156.1   7/2-  -7/2  37   -1.57    3.72    3.72    8.96    2.67       5.47    5.47    0.00   -1.75      0.667   0.667   0.000
  10 1231.2   5/2-   1/2  32   -0.03    5.35    5.35    1.11   -0.07      10.50   10.50    0.00   -2.63      1.280   1.280   0.000
  
  11 1273.5   7/2-   1/2  32   -0.66    4.83    4.83    2.78    1.14       9.59    9.59    0.00   -1.81      1.169   1.169   0.000
  12 1666.8   7/2-  -3/2  33   -0.67    5.26    5.26    2.01    0.75      11.19   11.19    0.00   -2.03      1.364   1.364   0.000
  13 1789.3  11/2-  -7/2  31   -1.34    5.90    5.90   13.02    3.49       9.43    9.43   -0.00   -0.91      1.150   1.150  -0.000
  14 1977.1   9/2-  -7/2  37   -0.77    4.29    4.29    7.49    2.18       9.55    9.55    0.00   -1.19      1.165   1.165   0.000
  15 2097.9   7/2-   5/2  28    0.91    5.29    5.29    7.30    1.47      10.99   10.99    0.00   -2.57      1.340   1.340   0.000
  
  16 2133.9   1/2-   1/2  30    0.50   13.11   13.11    0.25    1.02      12.73   12.73    0.00   -5.07      1.552   1.552   0.000
  17 2171.9   9/2-  -3/2  33   -1.18    4.44    4.44    6.20    1.78      11.05   11.05    0.00   -1.32      1.347   1.347   0.000
  18 2217.8  13/2- -11/2  27   -5.47    2.76    2.76   30.19    4.33      11.96   11.96    0.00   -1.11      1.459   1.459   0.001
  19 2372.5   9/2-   9/2  38    2.89    3.45    3.45   16.65    3.30       7.73    7.73   -0.00   -1.81      0.942   0.942  -0.000
  20 2494.1   5/2-   1/2  30    0.37   13.77   13.77    0.48    1.60      13.66   13.66    0.00   -4.46      1.666   1.666   0.000
  
  21 2906.3  13/2-  -7/2  31   -1.24    5.98    5.98   12.84    3.30      13.70   13.70   -0.00   -0.33      1.670   1.670  -0.000
  22 3192.4  11/2-  -7/2  37   -1.06    3.83    3.83    9.36    2.11      13.73   13.73    0.00   -0.83      1.674   1.674   0.000
  23 3206.1   9/2-   5/2  29    0.29   19.52   19.52    4.06    3.78      15.10   15.10    0.00   -4.42      1.841   1.841   0.000
  24 3311.7  11/2-   5/2  29    0.28   20.09   20.09    3.74    4.11      15.27   15.27   -0.00   -3.50      1.861   1.861  -0.000
  25 3387.8   1/2-   1/2  25    0.50    7.57    7.57    0.25    0.66       7.50    7.50   -0.00   -3.83      0.915   0.915  -0.000
  
  26 3476.8  11/2-   1/2  32   -0.36    4.95    4.95    2.28    0.85      18.91   18.91    0.00   -1.16      2.306   2.306   0.000
  27 3754.5   1/2-   1/2  35    0.50   17.02   17.02    0.25   -0.85      18.26   18.26    0.00   -5.80      2.226   2.226   0.000
  28 4018.6   5/2-   5/2  29    1.45   21.98   21.98    4.85    3.58      18.17   18.17    0.00   -6.34      2.216   2.216   0.000
  29 4284.2  13/2-   5/2  29    0.28   21.42   21.42    5.19    4.23      18.87   18.87    0.00   -3.01      2.301   2.301   0.000
  30 4442.7  13/2-  -3/2  33   -0.54    5.09    5.09    4.37    1.57      20.67   20.67    0.00   -0.56      2.520   2.520   0.000
  
  31 4797.9  13/2-  -7/2  37   -1.40    4.10    4.10    7.87    1.68      20.66   20.66    0.00   -0.67      2.518   2.518   0.000
  32*******   1/2-  -3/2  33    0.00    0.00    0.00    0.00   -0.00       0.00    0.00   -0.00   -0.00      0.000   0.000  -0.000
