1SPECTRUM OF (Z= 82 A=207) IN PARTICLE-ROTOR  MODEL WITH MODIFIED OSCILLATOR POTENTIAL


 PARITY=-   EPS= 0.536   GAMMA=  0.0   EPS4=0.000   EPS6=0.000   LEVELS:  24  25  26  27  28  29  30  31  32  33  34  35  36  37  38

 PAIRING FACTORS: GN0= 19.20  GN1=  7.40  IPAIR= 15 ***  E2PLUS(INPUT)=   0.730  E2PLUR(INPUT)=   0.000

 CORIOLIS ATTENUATION PARAMETERS:  CHSI=1.000  ETA=  1.00

 MOMENT OF INERTIA PARAMETERS:   A1=  0.122 MEV   A2=  0.122 MEV   A3=121.91924 MEV


 DELTA=0.857 MEV  LAMBDA=53.4220 MEV   HW0= 7.6963 MEV   LAMBDA/HW0= 6.9413

 E2ENERGY=0.730 MEV  HBAR**2/B=53270./A**(7/3)=9005.2/A**2 MEV

 IREC=0  =>  RECOIL TERMS j+j-, j+j+, jzjz, ETC TREATED AS ONE-BODY OPERATORS WITH UU+VV PAIRING FACTORS



 S. P. LEVEL   EQP       U     V        (UU + VV)**1.00

     24       4.618    0.093 0.996      1.000 1.000 1.000 0.992 0.989 0.963 0.950 0.881 0.427 0.402 0.388 0.365 0.301 0.213 0.196
     25       4.329    0.099 0.995      1.000 1.000 1.000 0.993 0.990 0.965 0.952 0.884 0.433 0.408 0.394 0.371 0.307 0.219 0.202
     26       3.902    0.110 0.994      1.000 1.000 1.000 0.994 0.991 0.968 0.955 0.889 0.443 0.418 0.404 0.382 0.318 0.230 0.213
     27       2.010    0.218 0.976      0.992 0.993 0.994 1.000 1.000 0.990 0.982 0.934 0.538 0.515 0.502 0.480 0.419 0.335 0.319
     28       1.841    0.240 0.971      0.989 0.990 0.991 1.000 1.000 0.992 0.986 0.942 0.556 0.533 0.521 0.499 0.439 0.356 0.339
     29       1.284    0.357 0.934      0.963 0.965 0.968 0.990 0.992 1.000 0.999 0.976 0.654 0.633 0.622 0.602 0.546 0.468 0.452
     30       1.168    0.400 0.916      0.950 0.952 0.955 0.982 0.986 0.999 1.000 0.985 0.689 0.668 0.657 0.638 0.585 0.508 0.493
     31       0.930    0.553 0.833      0.881 0.884 0.889 0.934 0.942 0.976 0.985 1.000 0.804 0.787 0.778 0.762 0.716 0.650 0.637
     32       1.336    0.940 0.341      0.427 0.433 0.443 0.538 0.556 0.654 0.689 0.804 1.000 1.000 0.999 0.998 0.991 0.974 0.970
     33       1.434    0.949 0.315      0.402 0.408 0.418 0.515 0.533 0.633 0.668 0.787 1.000 1.000 1.000 0.999 0.994 0.980 0.977
     34       1.493    0.954 0.301      0.388 0.394 0.404 0.502 0.521 0.622 0.657 0.778 0.999 1.000 1.000 1.000 0.996 0.983 0.980
     35       1.609    0.961 0.277      0.365 0.371 0.382 0.480 0.499 0.602 0.638 0.762 0.998 0.999 1.000 1.000 0.998 0.987 0.984
     36       2.077    0.977 0.211      0.301 0.307 0.318 0.419 0.439 0.546 0.585 0.716 0.991 0.994 0.996 0.998 1.000 0.996 0.994
     37       3.558    0.993 0.121      0.213 0.219 0.230 0.335 0.356 0.468 0.508 0.650 0.974 0.980 0.983 0.987 0.996 1.000 1.000
     38       4.139    0.995 0.104      0.196 0.202 0.213 0.319 0.339 0.452 0.493 0.637 0.970 0.977 0.980 0.984 0.994 1.000 1.000

  R CORE   ENERGY   A0R/A00=1.000    R3= 0     2  
   2( 1)    0.732                    1.000 0.000
   2( 2)  487.921                    0.000 1.000

  R CORE   ENERGY   A0R/A00=1.000    R3= 0     2  
   3( 1)  488.652                    0.000 1.000

  R CORE   ENERGY   A0R/A00=1.000    R3= 0     2     4  
   4( 1)    2.438                    1.000 0.000 0.000

  R CORE   ENERGY   A0R/A00=1.000    R3= 0     2     4  
   5( 1)  490.847                    0.000 1.000 0.000

  R CORE   ENERGY   A0R/A00=1.000    R3= 0     2     4     6  
   6( 1)    5.121                    1.000 0.000 0.000 0.000

  R CORE   ENERGY   A0R/A00=1.000    R3= 0     2     4     6  
   7( 1)  494.017                    0.000 1.000 0.000 0.000

          AXIAL SYMMETRY => K RESTRICTED TO OMEGA

                     K
     S.P. ORB#: 24  2.50
     S.P. ORB#: 25 -1.50
     S.P. ORB#: 26  0.50
     S.P. ORB#: 27  0.50
     S.P. ORB#: 28  2.50
     S.P. ORB#: 29  2.50
     S.P. ORB#: 30 -5.50
     S.P. ORB#: 31 -3.50
     S.P. ORB#: 32  0.50
     S.P. ORB#: 33  0.50
     S.P. ORB#: 34 -1.50
     S.P. ORB#: 35 -3.50
     S.P. ORB#: 36 -1.50
     S.P. ORB#: 37 -3.50
     S.P. ORB#: 38  4.50
 

             ENERGY    K= OMEGA
 
 I=  1/2- (1)  2.761  32:-0.999
 
 I=  1/2- (2)  4.919  27: 0.723
                      33:-0.690
 
 I=  1/2- (3)  5.763  26: 0.999
 
 I=  1/2- (4)  6.151  27:-0.690
                      33:-0.723
 
 I=  1/2- (5)147.796  34: 1.000

             ENERGY    K= OMEGA
 
 I=  3/2- (1)  2.827  32:-0.773
                      34:-0.634
 
 I=  3/2- (2)  3.072  26: 0.118
                      32:-0.628
                      34: 0.769

             ENERGY    K= OMEGA
 
 I=  5/2- (1)  3.078  29: 0.962
                      32:-0.097
                      34: 0.249
 
 I=  5/2- (2)  3.377  26: 0.172
                      29: 0.266
                      32: 0.530
                      34:-0.787
 
 I=  5/2- (3)  3.992  29: 0.058
                      32:-0.832
                      34:-0.549
 
 I=  5/2- (4)  5.255  25:-0.081
                      27: 0.721
                      28: 0.086
                      33:-0.620
                      36:-0.287
 
 I=  5/2- (5)  6.662  24:-0.050
                      26:-0.982
                      32: 0.135
                      34:-0.120

             ENERGY    K= OMEGA
 
 I=  7/2- (1)  2.667  24:-0.199
                      29: 0.113
                      31: 0.973
 
 I=  7/2- (2)  3.710  24: 0.062
                      29: 0.853
                      31:-0.071
                      32:-0.113
                      34:-0.236
                      37:-0.442
 
 I=  7/2- (3)  4.051  29: 0.173
                      32: 0.809
                      34: 0.536
                      37:-0.156
 
 I=  7/2- (4)  4.508  24: 0.054
                      26:-0.217
                      32: 0.548
                      34:-0.765
                      37: 0.250
 
 I=  7/2- (5)  4.788  29:-0.478
                      31: 0.071
                      32: 0.072
                      34:-0.202
                      37:-0.847

             ENERGY    K= OMEGA
 
 I=  9/2- (1)  3.261  24: 0.256
                      29:-0.131
                      31: 0.903
                      38:-0.317
 
 I=  9/2- (2)  4.603  24:-0.089
                      26: 0.084
                      29:-0.783
                      31:-0.104
                      32: 0.138
                      34:-0.303
                      37:-0.500
 
 I=  9/2- (3)  5.024  26: 0.270
                      29: 0.236
                      31: 0.077
                      32: 0.534
                      34:-0.719
                      37: 0.250
 
 I=  9/2- (4)  5.414  24: 0.110
                      29:-0.230
                      31: 0.260
                      37: 0.221
                      38: 0.905
 
 I=  9/2- (5)  6.023  25:-0.417
                      27: 0.463
                      28: 0.606
                      33:-0.226
                      35:-0.382
                      36:-0.219

             ENERGY    K= OMEGA
 
 I= 11/2- (1)  2.507  30:-1.000
 
 I= 11/2- (2)  4.127  24:-0.296
                      29: 0.139
                      31: 0.867
                      37:-0.052
                      38: 0.368
 
 I= 11/2- (3)  5.770  24: 0.106
                      29: 0.766
                      31:-0.121
                      32:-0.130
                      34:-0.267
                      37:-0.545
 
 I= 11/2- (4)  6.179  25:-0.472
                      27:-0.460
                      28:-0.594
                      33:-0.264
                      35:-0.331
                      36:-0.183
 
 I= 11/2- (5)  6.251  26: 0.072
                      29:-0.169
                      31: 0.062
                      32:-0.828
                      34:-0.490
                      37: 0.188

             ENERGY    K= OMEGA
 
 I= 13/2- (1)  4.089  30: 0.999
 
 I= 13/2- (2)  5.245  24: 0.328
                      29:-0.142
                      31: 0.844
                      37:-0.065
                      38:-0.388
 
 I= 13/2- (3)  7.132  25:-0.502
                      27: 0.313
                      28: 0.681
                      33:-0.075
                      35:-0.394
                      36:-0.158
 
 I= 13/2- (4)  7.138  24: 0.122
                      26:-0.151
                      29: 0.701
                      31: 0.105
                      32:-0.203
                      34: 0.386
                      37: 0.517
 
 I= 13/2- (5)  7.608  26: 0.334
                      29: 0.316
                      31: 0.109
                      32: 0.512
                      34:-0.636
                      37: 0.328

             ENERGY     K= 9/2
  32 LEVELS    TIME=  0.0 SEC



 ******************* EXCITATION ENERGIES, DOMINANT CONFIGURATION AND EXPECTATION VALUES (WITH S.P. UU+VV FACTORS) *******************

  NR  Eex(keV)  I   Kdom  NY    <Jz>  <Jx**2> <Jy**2> <Jz**2> <I.j>/|I|  <Rx**2> <Ry**2> <Rz**2> <R.j>/|R|  <HROTx> <HROTy> <HROTz>

   1    0.0  11/2- -11/2  30   -5.49    2.75    2.75   30.24    5.06       5.48    5.48   -0.00   -1.65      0.668   0.668  -0.000
   2  159.5   7/2-  -7/2  31   -3.18    6.49    6.49   11.93    3.48       6.50    6.50   -0.00   -3.07      0.793   0.793  -0.001
   3  253.9   1/2-   1/2  32    0.50    5.39    5.39    0.25    0.07       5.83    5.83   -0.00   -3.21      0.711   0.711  -0.000
   4  319.9   3/2-   1/2  32   -0.30    5.38    5.38    1.05    1.00       5.85    5.85    0.00   -2.89      0.713   0.713   0.000
   5  564.5   3/2-  -3/2  34   -0.68    5.41    5.41    1.43    0.73       6.59    6.59   -0.00   -2.99      0.803   0.803  -0.000
  
   6  571.1   5/2-   5/2  29    2.23    6.13    6.13    5.94    2.10       7.26    7.26   -0.00   -3.14      0.885   0.885  -0.000
   7  753.5   9/2-  -7/2  31   -2.20    6.19    6.19   12.54    3.54       7.21    7.21   -0.00   -1.92      0.879   0.879  -0.001
   8  869.3   5/2-  -3/2  34   -0.59    5.55    5.55    1.92    1.09       7.66    7.66   -0.00   -2.50      0.934   0.934  -0.000
   9 1202.3   7/2-   5/2  29    1.05    5.33    5.33    7.15    2.21       8.03    8.03    0.00   -2.26      0.979   0.979   0.000
  10 1484.9   5/2-   1/2  32   -0.09    5.40    5.40    0.88   -0.15      10.67   10.67   -0.00   -2.63      1.300   1.300  -0.000
  
  11 1543.8   7/2-   1/2  32   -0.12    5.33    5.33    1.32    0.80      10.71   10.71   -0.00   -1.91      1.306   1.306  -0.000
  12 1581.6  13/2- -11/2  30   -5.48    2.75    2.75   30.21    4.34      11.95   11.95   -0.00   -1.11      1.457   1.457  -0.000
  13 1619.3  11/2-  -7/2  31   -1.77    6.12    6.12   12.68    3.41       9.94    9.94   -0.00   -1.01      1.211   1.211  -0.000
  14 2001.0   7/2-  -3/2  34   -0.92    5.29    5.29    2.20    0.69      11.53   11.53    0.00   -2.09      1.405   1.405   0.000
  15 2095.2   9/2-   5/2  29    0.52    5.07    5.07    7.31    2.03      11.01   11.01    0.00   -1.57      1.343   1.343   0.000
  
  16 2280.4   7/2-  -7/2  37   -2.01    3.39    3.39   10.38    2.23       7.62    7.62    0.00   -2.13      0.929   0.929   0.000
  17 2411.9   1/2-   1/2  27    0.50   13.75   13.75    0.25    1.38      13.06   13.06    0.00   -5.20      1.592   1.592   0.000
  18 2516.8   9/2-  -3/2  34   -0.69    5.44    5.44    2.45    1.12      13.46   13.46    0.00   -1.49      1.641   1.641   0.000
  19 2737.4  13/2-  -7/2  31   -1.53    6.10    6.10   12.70    3.27      14.01   14.01   -0.00   -0.39      1.708   1.708  -0.000
  20 2747.6   5/2-   1/2  27    0.34   14.07   14.07    0.47    1.54      14.14   14.14    0.00   -4.53      1.723   1.723   0.000
  
  21 2906.9   9/2-   9/2  38    3.44    2.89    2.89   18.41    3.55       6.83    6.83    0.00   -1.77      0.833   0.833   0.001
  22 3256.0   1/2-   1/2  26    0.50    7.72    7.72    0.25    0.66       7.65    7.65   -0.00   -3.86      0.933   0.933  -0.000
  23 3262.7  11/2-   5/2  29    0.31    4.87    4.87    7.75    1.88      15.41   15.41    0.00   -1.13      1.878   1.878   0.000
  24 3516.0   9/2-   5/2  28    0.21   19.85   19.85    4.65    3.85      15.41   15.41    0.00   -4.54      1.879   1.879   0.000
  25 3643.8   1/2-   1/2  33    0.50   16.64   16.64    0.25   -1.25      18.22   18.22    0.00   -5.73      2.221   2.221   0.000
  
  26 3671.6  11/2-   5/2  28    0.26   20.38   20.38    4.19    4.15      15.56   15.56    0.00   -3.61      1.897   1.897   0.000
  27 3743.2  11/2-   1/2  32   -0.08    5.29    5.29    1.39    0.71      19.62   19.62   -0.00   -1.23      2.392   2.392  -0.000
  28 4154.4   5/2-   1/2  26    0.48    7.63    7.63    0.29    0.17      11.64   11.64   -0.00   -3.12      1.420   1.420  -0.000
  29 4624.2  13/2-   5/2  28    0.25   21.32   21.32    5.45    4.19      19.19   19.19    0.00   -3.04      2.340   2.340   0.000
  30 4630.7  13/2-   5/2  29    0.11    4.95    4.95    6.97    1.70      20.92   20.92    0.00   -0.77      2.551   2.551   0.000
  
  31 5100.8  13/2-  -3/2  34   -0.58    5.42    5.42    3.13    1.15      23.33   23.33    0.00   -0.87      2.844   2.844   0.000
  32*******   1/2-  -3/2  34    0.00    0.00    0.00    0.00   -0.00       0.00    0.00   -0.00   -0.00      0.000   0.000  -0.000
