1SPECTRUM OF (Z= 82 A=207) IN PARTICLE-ROTOR  MODEL WITH MODIFIED OSCILLATOR POTENTIAL


 PARITY=-   EPS= 0.562   GAMMA=  0.0   EPS4=0.000   EPS6=0.000   LEVELS:  24  25  26  27  28  29  30  31  32  33  34  35  36  37  38

 PAIRING FACTORS: GN0= 19.20  GN1=  7.40  IPAIR= 15 ***  E2PLUS(INPUT)=   0.730  E2PLUR(INPUT)=   0.000

 CORIOLIS ATTENUATION PARAMETERS:  CHSI=1.000  ETA=  1.00

 MOMENT OF INERTIA PARAMETERS:   A1=  0.122 MEV   A2=  0.122 MEV   A3=121.91923 MEV


 DELTA=0.909 MEV  LAMBDA=53.5016 MEV   HW0= 7.7289 MEV   LAMBDA/HW0= 6.9223

 E2ENERGY=0.730 MEV  HBAR**2/B=58563./A**(7/3)=9900.0/A**2 MEV

 IREC=0  =>  RECOIL TERMS j+j-, j+j+, jzjz, ETC TREATED AS ONE-BODY OPERATORS WITH UU+VV PAIRING FACTORS



 S. P. LEVEL   EQP       U     V        (UU + VV)**1.00

     24       4.584    0.100 0.995      1.000 1.000 1.000 0.997 0.993 0.935 0.864 0.806 0.515 0.405 0.397 0.366 0.360 0.211 0.204
     25       4.516    0.101 0.995      1.000 1.000 1.000 0.997 0.993 0.936 0.865 0.807 0.517 0.406 0.398 0.368 0.362 0.213 0.205
     26       3.880    0.118 0.993      1.000 1.000 1.000 0.998 0.995 0.942 0.873 0.817 0.531 0.421 0.414 0.383 0.377 0.229 0.222
     27       2.576    0.179 0.984      0.997 0.997 0.998 1.000 0.999 0.961 0.902 0.851 0.583 0.477 0.469 0.440 0.434 0.289 0.282
     28       2.155    0.216 0.976      0.993 0.993 0.995 0.999 1.000 0.971 0.917 0.870 0.613 0.509 0.502 0.473 0.467 0.325 0.318
     29       1.141    0.445 0.896      0.935 0.936 0.942 0.961 0.971 1.000 0.986 0.963 0.785 0.702 0.696 0.672 0.667 0.543 0.537
     30       0.956    0.587 0.810      0.864 0.865 0.873 0.902 0.917 0.986 1.000 0.994 0.877 0.810 0.805 0.785 0.781 0.675 0.669
     31       0.914    0.669 0.743      0.806 0.807 0.817 0.851 0.870 0.963 0.994 1.000 0.923 0.867 0.863 0.846 0.842 0.749 0.744
     32       1.176    0.904 0.427      0.515 0.517 0.531 0.583 0.613 0.785 0.877 0.923 1.000 0.992 0.991 0.986 0.985 0.947 0.944
     33       1.535    0.950 0.311      0.405 0.406 0.421 0.477 0.509 0.702 0.810 0.867 0.992 1.000 1.000 0.999 0.999 0.979 0.978
     34       1.572    0.953 0.303      0.397 0.398 0.414 0.469 0.502 0.696 0.805 0.863 0.991 1.000 1.000 0.999 0.999 0.981 0.980
     35       1.737    0.962 0.272      0.366 0.368 0.383 0.440 0.473 0.672 0.785 0.846 0.986 0.999 0.999 1.000 1.000 0.987 0.986
     36       1.775    0.964 0.266      0.360 0.362 0.377 0.434 0.467 0.667 0.781 0.842 0.985 0.999 0.999 1.000 1.000 0.988 0.987
     37       4.047    0.994 0.113      0.211 0.213 0.229 0.289 0.325 0.543 0.675 0.749 0.947 0.979 0.981 0.987 0.988 1.000 1.000
     38       4.335    0.994 0.105      0.204 0.205 0.222 0.282 0.318 0.537 0.669 0.744 0.944 0.978 0.980 0.986 0.987 1.000 1.000

  R CORE   ENERGY   A0R/A00=1.000    R3= 0     2  
   2( 1)    0.732                    1.000 0.000
   2( 2)  487.921                    0.000 1.000

  R CORE   ENERGY   A0R/A00=1.000    R3= 0     2  
   3( 1)  488.652                    0.000 1.000

  R CORE   ENERGY   A0R/A00=1.000    R3= 0     2     4  
   4( 1)    2.438                    1.000 0.000 0.000

  R CORE   ENERGY   A0R/A00=1.000    R3= 0     2     4  
   5( 1)  490.847                    0.000 1.000 0.000

  R CORE   ENERGY   A0R/A00=1.000    R3= 0     2     4     6  
   6( 1)    5.121                    1.000 0.000 0.000 0.000

  R CORE   ENERGY   A0R/A00=1.000    R3= 0     2     4     6  
   7( 1)  494.017                    0.000 1.000 0.000 0.000

          AXIAL SYMMETRY => K RESTRICTED TO OMEGA

                     K
     S.P. ORB#: 24  2.50
     S.P. ORB#: 25  4.50
     S.P. ORB#: 26  0.50
     S.P. ORB#: 27  0.50
     S.P. ORB#: 28  2.50
     S.P. ORB#: 29  2.50
     S.P. ORB#: 30 -5.50
     S.P. ORB#: 31 -3.50
     S.P. ORB#: 32  0.50
     S.P. ORB#: 33 -3.50
     S.P. ORB#: 34  0.50
     S.P. ORB#: 35 -1.50
     S.P. ORB#: 36 -1.50
     S.P. ORB#: 37 -3.50
     S.P. ORB#: 38 -1.50
 

             ENERGY    K= OMEGA
 
 I=  1/2- (1)  3.016  34:-0.999
 
 I=  1/2- (2)  4.931  27: 0.523
                      32:-0.853
 
 I=  1/2- (3)  5.767  26: 0.999
 
 I=  1/2- (4)  6.495  27:-0.853
                      32:-0.523
 
 I=  1/2- (5)148.040  35: 1.000

             ENERGY    K= OMEGA
 
 I=  3/2- (1)  3.083  34:-0.787
                      35:-0.616
 
 I=  3/2- (2)  3.325  26:-0.119
                      34: 0.609
                      35:-0.784

             ENERGY    K= OMEGA
 
 I=  5/2- (1)  2.954  29:-0.991
                      35:-0.127
 
 I=  5/2- (2)  3.633  26:-0.181
                      29:-0.126
                      34:-0.531
                      35: 0.817
 
 I=  5/2- (3)  4.246  34:-0.835
                      35:-0.545
 
 I=  5/2- (4)  4.861  27:-0.519
                      32: 0.760
                      36: 0.261
                      38:-0.292
 
 I=  5/2- (5)  6.470  27:-0.181
                      28:-0.169
                      32:-0.369
                      36: 0.883
                      38: 0.153

             ENERGY    K= OMEGA
 
 I=  7/2- (1)  2.691  24:-0.184
                      29: 0.129
                      31: 0.974
 
 I=  7/2- (2)  3.633  24:-0.061
                      29:-0.920
                      31: 0.104
                      35: 0.163
                      37: 0.331
 
 I=  7/2- (3)  4.303  29:-0.109
                      34:-0.825
                      35:-0.546
                      37: 0.077
 
 I=  7/2- (4)  4.769  24:-0.056
                      26: 0.225
                      29: 0.068
                      34:-0.539
                      35: 0.795
                      37:-0.136
 
 I=  7/2- (5)  5.220  29: 0.344
                      31:-0.053
                      35: 0.104
                      37: 0.931

             ENERGY    K= OMEGA
 
 I=  9/2- (1)  3.534  24:-0.259
                      29: 0.167
                      31:-0.949
 
 I=  9/2- (2)  4.545  24: 0.083
                      29: 0.868
                      31: 0.127
                      34:-0.070
                      35: 0.208
                      37: 0.416
 
 I=  9/2- (3)  5.290  26:-0.288
                      29:-0.162
                      31:-0.068
                      34:-0.542
                      35: 0.753
                      37:-0.151
 
 I=  9/2- (4)  5.637  27:-0.489
                      32: 0.742
                      36: 0.247
                      38:-0.386
 
 I=  9/2- (5)  6.389  24:-0.071
                      25:-0.063
                      26:-0.075
                      29:-0.171
                      34:-0.710
                      35:-0.476
                      37: 0.476

             ENERGY    K= OMEGA
 
 I= 11/2- (1)  2.083  25: 0.183
                      30: 0.983
 
 I= 11/2- (2)  4.595  24:-0.314
                      25: 0.057
                      29: 0.186
                      31: 0.927
 
 I= 11/2- (3)  5.706  24: 0.100
                      29: 0.838
                      31:-0.138
                      34:-0.070
                      35:-0.208
                      37:-0.468
 
 I= 11/2- (4)  6.502  26: 0.070
                      29:-0.116
                      31: 0.061
                      34:-0.843
                      35:-0.502
                      37: 0.123
 
 I= 11/2- (5)  6.517  27:-0.397
                      28:-0.085
                      32:-0.784
                      33:-0.054
                      36:-0.136
                      38:-0.447

             ENERGY    K= OMEGA
 
 I= 13/2- (1)  3.431  25:-0.257
                      30: 0.966
 
 I= 13/2- (2)  5.880  24:-0.357
                      25: 0.056
                      29: 0.195
                      31:-0.908
                      35:-0.052
 
 I= 13/2- (3)  7.088  24:-0.113
                      26: 0.090
                      29:-0.801
                      31:-0.130
                      34: 0.108
                      35:-0.266
                      37:-0.487
 
 I= 13/2- (4)  7.330  27: 0.464
                      32:-0.733
                      36:-0.227
                      38: 0.442
 
 I= 13/2- (5)  7.871  26:-0.365
                      29:-0.200
                      31:-0.110
                      34:-0.534
                      35: 0.696
                      37:-0.210

             ENERGY     K=-3/2
  32 LEVELS    TIME=  0.0 SEC



 ******************* EXCITATION ENERGIES, DOMINANT CONFIGURATION AND EXPECTATION VALUES (WITH S.P. UU+VV FACTORS) *******************

  NR  Eex(keV)  I   Kdom  NY    <Jz>  <Jx**2> <Jy**2> <Jz**2> <I.j>/|I|  <Rx**2> <Ry**2> <Rz**2> <R.j>/|R|  <HROTx> <HROTy> <HROTz>

   1    0.0  11/2- -11/2  30   -5.16    2.92    2.92   29.91    5.29       4.13    4.13    0.00   -1.44      0.504   0.504   0.000
   2  607.8   7/2-  -7/2  31   -3.20    6.51    6.51   11.95    3.42       6.76    6.76    0.00   -3.09      0.824   0.824   0.000
   3  870.7   5/2-   5/2  29    2.43    6.21    6.21    6.18    2.13       7.37    7.37    0.00   -3.20      0.899   0.899   0.000
   4  932.5   1/2-   1/2  34    0.50    5.45    5.45    0.25    0.05       5.90    5.90    0.00   -3.23      0.719   0.719   0.000
   5 1000.1   3/2-   1/2  34   -0.26    5.45    5.45    1.01    0.98       5.93    5.93   -0.00   -2.91      0.724   0.724  -0.000
  
   6 1241.9   3/2-  -3/2  35   -0.73    5.48    5.48    1.48    0.75       6.64    6.64    0.00   -3.01      0.809   0.809   0.000
   7 1348.0  13/2- -11/2  30   -4.84    3.08    3.08   29.57    4.73       9.18    9.18   -0.00   -0.62      1.120   1.120  -0.000
   8 1450.4   9/2-  -7/2  31   -2.91    6.63    6.63   11.69    3.05       9.66    9.66    0.00   -2.22      1.178   1.178   0.000
   9 1549.8   7/2-   5/2  29    1.67    5.73    5.73    6.85    2.07       8.81    8.81    0.00   -2.40      1.074   1.074   0.000
  10 1550.0   5/2-  -3/2  35   -0.80    5.57    5.57    1.69    1.05       7.70    7.70   -0.00   -2.48      0.939   0.939  -0.000
  
  11 2162.9   5/2-   1/2  34   -0.09    5.46    5.46    0.86   -0.16      10.73   10.73    0.00   -2.64      1.309   1.309   0.000
  12 2220.1   7/2-   1/2  34   -0.10    5.44    5.44    1.01    0.73      10.93   10.93    0.00   -1.93      1.333   1.333   0.000
  13 2462.2   9/2-   5/2  29    1.18    5.45    5.45    7.18    1.96      11.67   11.67    0.00   -1.72      1.423   1.423   0.000
  14 2511.3  11/2-  -7/2  31   -2.67    6.72    6.72   11.47    2.81      13.51   13.51    0.00   -1.56      1.647   1.647   0.000
  15 2685.6   7/2-  -3/2  35   -0.83    5.52    5.52    1.79    0.58      11.99   11.99    0.00   -2.15      1.461   1.461   0.000
  
  16 2777.6   5/2-   1/2  32    0.19   14.65   14.65    0.56    2.37      12.30   12.30    0.00   -4.61      1.499   1.499   0.000
  17 2847.6   1/2-   1/2  32    0.50   14.52   14.52    0.25    1.38      13.83   13.83   -0.00   -5.34      1.686   1.686  -0.000
  18 3137.1   7/2-  -7/2  37   -2.76    2.85    2.85   11.41    2.53       6.37    6.37    0.00   -1.97      0.776   0.776   0.000
  19 3207.1   9/2-  -3/2  35   -0.69    5.63    5.63    1.89    1.02      13.88   13.88    0.00   -1.53      1.693   1.693   0.000
  20 3554.2   9/2-   1/2  32    0.08   14.87   14.87    0.67    2.56      14.84   14.84    0.00   -3.24      1.809   1.809   0.000
  
  21 3622.4  11/2-   5/2  29    0.89    5.25    5.25    7.49    1.84      15.85   15.85    0.00   -1.24      1.933   1.933   0.000
  22 3684.1   1/2-   1/2  26    0.50    7.82    7.82    0.25    0.64       7.76    7.76    0.00   -3.89      0.946   0.946   0.000
  23 3796.5  13/2-  -7/2  31   -2.48    6.80    6.80   11.29    2.65      18.32   18.32    0.00   -1.06      2.234   2.234   0.000
  24 4305.4   9/2-   1/2  34   -0.77    4.79    4.79    3.70    0.37      17.19   17.19   -0.00   -1.95      2.096   2.096  -0.000
  25 4386.5   5/2-  -3/2  36   -1.05   17.13   17.13    2.03    1.13      19.19   19.19    0.00   -5.32      2.339   2.339   0.000
  
  26 4411.9   1/2-   1/2  27    0.50   16.04   16.04    0.25   -1.27      17.64   17.64    0.00   -5.63      2.151   2.151   0.000
  27 4419.2  11/2-   1/2  34   -0.05    5.42    5.42    1.07    0.66      19.87   19.87   -0.00   -1.26      2.423   2.423  -0.000
  28 4433.6  11/2-   1/2  32    0.07   17.62   17.62    0.77    2.94      18.33   18.33    0.00   -3.05      2.235   2.235   0.000
  29 5004.8  13/2-   5/2  29    0.65    5.16    5.16    7.40    1.74      21.10   21.10    0.00   -0.86      2.572   2.572   0.000
  30 5246.7  13/2-   1/2  32    0.01   15.06   15.06    0.75    2.64      21.34   21.34    0.00   -1.90      2.602   2.602   0.000
  
  31 5787.8  13/2-  -3/2  35   -0.61    5.69    5.69    2.15    1.04      23.89   23.89   -0.00   -0.91      2.913   2.913  -0.000
  32*******   1/2-  -3/2  35    0.00    0.00    0.00    0.00   -0.00       0.00    0.00    0.00   -0.00      0.000   0.000   0.000
