1SPECTRUM OF (Z= 82 A=207) IN PARTICLE-ROTOR  MODEL WITH MODIFIED OSCILLATOR POTENTIAL


 PARITY=-   EPS= 0.500   GAMMA=  0.0   EPS4=0.000   EPS6=0.000   LEVELS:  24  25  26  27  28  29  30  31  32  33  34  35  36  37  38

 PAIRING FACTORS: GN0= 19.20  GN1=  7.40  IPAIR= 15 ***  E2PLUS(INPUT)=   0.730  E2PLUR(INPUT)=   0.000

 CORIOLIS ATTENUATION PARAMETERS:  CHSI=1.000  ETA=  1.00

 MOMENT OF INERTIA PARAMETERS:   A1=  0.122 MEV   A2=  0.122 MEV   A3=121.91924 MEV


 DELTA=0.849 MEV  LAMBDA=53.4073 MEV   HW0= 7.6548 MEV   LAMBDA/HW0= 6.9769

 E2ENERGY=0.730 MEV  HBAR**2/B=46355./A**(7/3)=7836.2/A**2 MEV

 IREC=0  =>  RECOIL TERMS j+j-, j+j+, jzjz, ETC TREATED AS ONE-BODY OPERATORS WITH UU+VV PAIRING FACTORS



 S. P. LEVEL   EQP       U     V        (UU + VV)**1.00

     24       4.749    0.090 0.996      1.000 1.000 1.000 0.987 0.983 0.979 0.971 0.950 0.537 0.477 0.346 0.323 0.263 0.239 0.214
     25       4.016    0.106 0.994      1.000 1.000 1.000 0.990 0.986 0.982 0.975 0.955 0.551 0.492 0.362 0.339 0.279 0.255 0.230
     26       3.709    0.115 0.993      1.000 1.000 1.000 0.991 0.988 0.984 0.977 0.957 0.559 0.500 0.370 0.347 0.287 0.264 0.239
     27       1.763    0.249 0.969      0.987 0.990 0.991 1.000 1.000 0.999 0.997 0.988 0.666 0.612 0.492 0.471 0.414 0.392 0.368
     28       1.632    0.270 0.963      0.983 0.986 0.988 1.000 1.000 1.000 0.998 0.991 0.682 0.630 0.512 0.490 0.434 0.413 0.389
     29       1.521    0.292 0.956      0.979 0.982 0.984 0.999 1.000 1.000 0.999 0.994 0.698 0.647 0.531 0.510 0.455 0.433 0.409
     30       1.375    0.327 0.945      0.971 0.975 0.977 0.997 0.998 0.999 1.000 0.997 0.724 0.674 0.561 0.541 0.487 0.466 0.442
     31       1.165    0.397 0.918      0.950 0.955 0.957 0.988 0.991 0.994 0.997 1.000 0.774 0.728 0.622 0.603 0.552 0.531 0.509
     32       1.041    0.888 0.459      0.537 0.551 0.559 0.666 0.682 0.698 0.724 0.774 1.000 0.998 0.977 0.972 0.955 0.948 0.939
     33       1.167    0.918 0.396      0.477 0.492 0.500 0.612 0.630 0.647 0.674 0.728 0.998 1.000 0.990 0.986 0.973 0.967 0.961
     34       1.688    0.965 0.260      0.346 0.362 0.370 0.492 0.512 0.531 0.561 0.622 0.977 0.990 1.000 1.000 0.996 0.994 0.991
     35       1.847    0.972 0.237      0.323 0.339 0.347 0.471 0.490 0.510 0.541 0.603 0.972 0.986 1.000 1.000 0.998 0.996 0.994
     36       2.465    0.985 0.175      0.263 0.279 0.287 0.414 0.434 0.455 0.487 0.552 0.955 0.973 0.996 0.998 1.000 1.000 0.999
     37       2.840    0.989 0.151      0.239 0.255 0.264 0.392 0.413 0.433 0.466 0.531 0.948 0.967 0.994 0.996 1.000 1.000 1.000
     38       3.414    0.992 0.125      0.214 0.230 0.239 0.368 0.389 0.409 0.442 0.509 0.939 0.961 0.991 0.994 0.999 1.000 1.000

  R CORE   ENERGY   A0R/A00=1.000    R3= 0     2  
   2( 1)    0.732                    1.000 0.000
   2( 2)  487.921                    0.000 1.000

  R CORE   ENERGY   A0R/A00=1.000    R3= 0     2  
   3( 1)  488.652                    0.000 1.000

  R CORE   ENERGY   A0R/A00=1.000    R3= 0     2     4  
   4( 1)    2.438                    1.000 0.000 0.000

  R CORE   ENERGY   A0R/A00=1.000    R3= 0     2     4  
   5( 1)  490.847                    0.000 1.000 0.000

  R CORE   ENERGY   A0R/A00=1.000    R3= 0     2     4     6  
   6( 1)    5.121                    1.000 0.000 0.000 0.000

  R CORE   ENERGY   A0R/A00=1.000    R3= 0     2     4     6  
   7( 1)  494.017                    0.000 1.000 0.000 0.000

          AXIAL SYMMETRY => K RESTRICTED TO OMEGA

                     K
     S.P. ORB#: 24  2.50
     S.P. ORB#: 25  0.50
     S.P. ORB#: 26 -1.50
     S.P. ORB#: 27 -5.50
     S.P. ORB#: 28  2.50
     S.P. ORB#: 29  2.50
     S.P. ORB#: 30  0.50
     S.P. ORB#: 31 -3.50
     S.P. ORB#: 32  0.50
     S.P. ORB#: 33 -1.50
     S.P. ORB#: 34 -3.50
     S.P. ORB#: 35  0.50
     S.P. ORB#: 36 -1.50
     S.P. ORB#: 37 -3.50
     S.P. ORB#: 38  4.50
 

             ENERGY    K= OMEGA
 
 I=  1/2- (1)  2.438  32: 0.999
 
 I=  1/2- (2)  4.569  30: 0.899
                      35:-0.438
 
 I=  1/2- (3)  5.839  25: 0.999
 
 I=  1/2- (4)  6.207  30: 0.438
                      35: 0.899
 
 I=  1/2- (5)147.470  33:-1.000

             ENERGY    K= OMEGA
 
 I=  3/2- (1)  2.493  32: 0.731
                      33:-0.682
 
 I=  3/2- (2)  2.727  25:-0.131
                      32:-0.675
                      33:-0.726

             ENERGY    K= OMEGA
 
 I=  5/2- (1)  2.961  25: 0.183
                      28:-0.155
                      32:-0.514
                      33:-0.822
 
 I=  5/2- (2)  3.439  28:-0.962
                      32: 0.265
 
 I=  5/2- (3)  3.670  28:-0.219
                      32:-0.803
                      33: 0.552
 
 I=  5/2- (4)  4.929  26:-0.125
                      29: 0.111
                      30: 0.809
                      35:-0.506
                      36:-0.249
 
 I=  5/2- (5)  6.461  26: 0.467
                      29:-0.833
                      35:-0.294

             ENERGY    K= OMEGA
 
 I=  7/2- (1)  2.854  24:-0.219
                      28: 0.096
                      31: 0.969
                      33: 0.057
 
 I=  7/2- (2)  3.592  28: 0.481
                      32: 0.245
                      33:-0.311
                      37:-0.781
 
 I=  7/2- (3)  3.710  28:-0.106
                      32: 0.742
                      33:-0.536
                      37: 0.383
 
 I=  7/2- (4)  4.102  24: 0.061
                      25:-0.235
                      28: 0.157
                      32:-0.593
                      33:-0.723
                      37: 0.203
 
 I=  7/2- (5)  4.547  25:-0.059
                      28:-0.849
                      31: 0.105
                      32:-0.063
                      33:-0.240
                      37:-0.448

             ENERGY    K= OMEGA
 
 I=  9/2- (1)  3.382  24:-0.264
                      28: 0.119
                      31:-0.855
                      33:-0.066
                      37: 0.056
                      38: 0.421
 
 I=  9/2- (2)  4.411  24:-0.118
                      25: 0.183
                      28:-0.391
                      31:-0.145
                      32:-0.320
                      33:-0.520
                      37:-0.571
                      38:-0.283
 
 I=  9/2- (3)  4.604  25:-0.231
                      28:-0.182
                      31:-0.224
                      32: 0.445
                      33: 0.567
                      37:-0.534
                      38:-0.238
 
 I=  9/2- (4)  4.804  24:-0.108
                      28: 0.389
                      31:-0.292
                      37: 0.289
                      38:-0.816
 
 I=  9/2- (5)  5.642  26:-0.427
                      29: 0.583
                      30: 0.516
                      34:-0.327
                      35:-0.241
                      36:-0.214

             ENERGY    K= OMEGA
 
 I= 11/2- (1)  3.102  27:-1.000
 
 I= 11/2- (2)  4.241  24:-0.308
                      28: 0.130
                      31: 0.830
                      33: 0.071
                      37:-0.080
                      38: 0.434
 
 I= 11/2- (3)  5.629  24: 0.143
                      28: 0.484
                      31:-0.183
                      32: 0.214
                      33:-0.343
                      37:-0.701
                      38: 0.239
 
 I= 11/2- (4)  5.745  26: 0.467
                      29: 0.566
                      30: 0.534
                      34: 0.293
                      35: 0.221
                      36: 0.204
 
 I= 11/2- (5)  5.914  25:-0.089
                      28: 0.123
                      31:-0.122
                      32:-0.804
                      33: 0.453
                      37:-0.329

             ENERGY    K= OMEGA
 
 I= 13/2- (1)  4.684  27: 0.998
                      38:-0.050
 
 I= 13/2- (2)  5.358  24:-0.344
                      27: 0.061
                      28: 0.133
                      31:-0.814
                      33:-0.087
                      37: 0.088
                      38: 0.425
 
 I= 13/2- (3)  6.720  26:-0.509
                      29: 0.672
                      30: 0.339
                      34:-0.371
                      35:-0.102
                      36:-0.162
 
 I= 13/2- (4)  6.875  24: 0.119
                      25:-0.306
                      28: 0.347
                      32: 0.430
                      33: 0.634
                      37: 0.392
                      38: 0.169
 
 I= 13/2- (5)  7.232  24: 0.092
                      25: 0.224
                      28: 0.395
                      31: 0.221
                      32:-0.351
                      33:-0.361
                      37: 0.684
                      38: 0.125

             ENERGY     K= 9/2
  32 LEVELS    TIME=  0.0 SEC



 ******************* EXCITATION ENERGIES, DOMINANT CONFIGURATION AND EXPECTATION VALUES (WITH S.P. UU+VV FACTORS) *******************

  NR  Eex(keV)  I   Kdom  NY    <Jz>  <Jx**2> <Jy**2> <Jz**2> <I.j>/|I|  <Rx**2> <Ry**2> <Rz**2> <R.j>/|R|  <HROTx> <HROTy> <HROTz>

   1    0.0   1/2-   1/2  32    0.50    5.30    5.30    0.25    0.10       5.71    5.71    0.00   -3.18      0.696   0.696   0.000
   2   55.1   3/2-   1/2  32   -0.43    5.29    5.29    1.18    1.05       5.71    5.71    0.00   -2.87      0.696   0.696   0.000
   3  288.9   3/2-  -3/2  33   -0.56    5.31    5.31    1.31    0.72       6.43    6.43    0.00   -2.93      0.784   0.784   0.000
   4  415.7   7/2-  -7/2  31   -3.15    6.46    6.46   11.87    3.55       6.20    6.20   -0.00   -3.05      0.756   0.756  -0.000
   5  523.1   5/2-  -3/2  33   -0.80    5.43    5.43    1.76    1.24       7.03    7.03    0.00   -2.39      0.857   0.857   0.000
  
   6  664.0  11/2- -11/2  27   -5.49    2.75    2.75   30.24    5.06       5.49    5.49    0.00   -1.65      0.669   0.669   0.000
   7  943.4   9/2-  -7/2  31   -1.57    5.86    5.86   13.12    3.70       6.38    6.38   -0.00   -1.80      0.778   0.778  -0.000
   8 1001.2   5/2-   5/2  28    2.36    6.08    6.08    5.82    1.97       7.54    7.54    0.00   -3.13      0.920   0.920   0.000
   9 1153.4   7/2-  -7/2  37   -1.67    3.65    3.65    9.16    2.72       5.33    5.33   -0.00   -1.74      0.649   0.649  -0.000
  10 1231.7   5/2-   1/2  32   -0.01    5.36    5.36    1.15   -0.06      10.48   10.48    0.00   -2.63      1.277   1.277   0.000
  
  11 1271.4   7/2-   1/2  32   -0.64    4.85    4.85    2.68    1.11       9.65    9.65   -0.00   -1.81      1.177   1.177  -0.000
  12 1663.5   7/2-  -3/2  33   -0.66    5.27    5.27    1.97    0.74      11.19   11.19    0.00   -2.02      1.364   1.364   0.000
  13 1802.5  11/2-  -7/2  31   -1.32    5.89    5.89   13.04    3.49       9.41    9.41   -0.00   -0.91      1.147   1.147  -0.000
  14 1973.1   9/2-  -7/2  37   -0.78    4.27    4.27    7.55    2.19       9.50    9.50   -0.00   -1.19      1.158   1.158  -0.000
  15 2109.2   7/2-   5/2  28    0.99    5.33    5.33    7.24    1.46      11.04   11.04   -0.00   -2.58      1.346   1.346  -0.000
  
  16 2130.9   1/2-   1/2  30    0.50   13.10   13.10    0.25    1.01      12.73   12.73    0.00   -5.07      1.551   1.551   0.000
  17 2166.0   9/2-  -3/2  33   -1.19    4.43    4.43    6.25    1.79      11.01   11.01   -0.00   -1.32      1.343   1.343  -0.000
  18 2245.9  13/2- -11/2  27   -5.47    2.76    2.76   30.19    4.33      11.96   11.96    0.00   -1.11      1.459   1.459   0.000
  19 2366.2   9/2-   9/2  38    2.81    3.45    3.45   16.57    3.29       7.75    7.75    0.00   -1.81      0.945   0.945   0.000
  20 2490.9   5/2-   1/2  30    0.37   13.76   13.76    0.48    1.60      13.64   13.64    0.00   -4.45      1.664   1.664   0.000
  
  21 2919.7  13/2-  -7/2  31   -1.23    5.97    5.97   12.85    3.31      13.69   13.69   -0.00   -0.33      1.669   1.669  -0.000
  22 3190.8  11/2-  -7/2  37   -1.10    3.79    3.79    9.45    2.13      13.67   13.67   -0.00   -0.83      1.667   1.667  -0.000
  23 3203.9   9/2-   5/2  29    0.30   19.49   19.49    4.03    3.78      15.09   15.09    0.00   -4.41      1.840   1.840   0.000
  24 3306.9  11/2-   5/2  29    0.28   20.08   20.08    3.72    4.11      15.25   15.25   -0.00   -3.50      1.860   1.860  -0.000
  25 3400.5   1/2-   1/2  25    0.50    7.57    7.57    0.25    0.66       7.50    7.50    0.00   -3.83      0.914   0.914   0.000
  
  26 3475.4  11/2-   1/2  32   -0.36    4.95    4.95    2.28    0.84      18.91   18.91    0.00   -1.16      2.306   2.306   0.000
  27 3769.0   1/2-   1/2  35    0.50   17.02   17.02    0.25   -0.84      18.25   18.25   -0.00   -5.80      2.225   2.225  -0.000
  28 4023.0   5/2-   5/2  29    1.45   21.99   21.99    4.85    3.59      18.18   18.18    0.00   -6.34      2.216   2.216   0.000
  29 4281.7  13/2-   5/2  29    0.28   21.42   21.42    5.18    4.23      18.86   18.86   -0.00   -3.01      2.299   2.299  -0.000
  30 4436.9  13/2-  -3/2  33   -0.55    5.10    5.10    4.31    1.57      20.65   20.65   -0.00   -0.55      2.518   2.518  -0.000
  
  31 4794.1  13/2-  -7/2  37   -1.44    4.05    4.05    8.01    1.70      20.58   20.58   -0.00   -0.66      2.509   2.509  -0.000
  32*******   1/2-  -3/2  33    0.00    0.00    0.00    0.00   -0.00       0.00    0.00    0.00   -0.00      0.000   0.000   0.000
