1SPECTRUM OF (Z= 82 A=207) IN PARTICLE-ROTOR  MODEL WITH MODIFIED OSCILLATOR POTENTIAL


 PARITY=-   EPS= 0.506   GAMMA=  0.0   EPS4=0.000   EPS6=0.000   LEVELS:  24  25  26  27  28  29  30  31  32  33  34  35  36  37  38

 PAIRING FACTORS: GN0= 19.20  GN1=  7.40  IPAIR= 15 ***  E2PLUS(INPUT)=   0.730  E2PLUR(INPUT)=   0.000

 CORIOLIS ATTENUATION PARAMETERS:  CHSI=1.000  ETA=  1.00

 MOMENT OF INERTIA PARAMETERS:   A1=  0.122 MEV   A2=  0.122 MEV   A3=121.91922 MEV


 DELTA=0.847 MEV  LAMBDA=53.3965 MEV   HW0= 7.6615 MEV   LAMBDA/HW0= 6.9695

 E2ENERGY=0.730 MEV  HBAR**2/B=47474./A**(7/3)=8025.4/A**2 MEV

 IREC=0  =>  RECOIL TERMS j+j-, j+j+, jzjz, ETC TREATED AS ONE-BODY OPERATORS WITH UU+VV PAIRING FACTORS



 S. P. LEVEL   EQP       U     V        (UU + VV)**1.00

     24       4.715    0.090 0.996      1.000 1.000 1.000 0.984 0.981 0.981 0.976 0.941 0.511 0.456 0.347 0.331 0.267 0.233 0.209
     25       3.985    0.107 0.994      1.000 1.000 1.000 0.987 0.984 0.984 0.980 0.947 0.525 0.470 0.362 0.347 0.283 0.249 0.226
     26       3.799    0.112 0.994      1.000 1.000 1.000 0.988 0.985 0.985 0.981 0.948 0.530 0.475 0.367 0.352 0.288 0.254 0.231
     27       1.644    0.267 0.964      0.984 0.987 0.988 1.000 1.000 1.000 0.999 0.986 0.657 0.608 0.509 0.495 0.435 0.404 0.381
     28       1.561    0.283 0.959      0.981 0.984 0.985 1.000 1.000 1.000 1.000 0.989 0.669 0.621 0.523 0.509 0.450 0.418 0.396
     29       1.560    0.283 0.959      0.981 0.984 0.985 1.000 1.000 1.000 1.000 0.989 0.669 0.621 0.523 0.509 0.450 0.418 0.396
     30       1.463    0.304 0.953      0.976 0.980 0.981 0.999 1.000 1.000 1.000 0.992 0.685 0.638 0.542 0.528 0.469 0.438 0.416
     31       1.108    0.422 0.907      0.941 0.947 0.948 0.986 0.989 0.989 0.992 1.000 0.772 0.730 0.643 0.631 0.577 0.548 0.528
     32       1.088    0.902 0.431      0.511 0.525 0.530 0.657 0.669 0.669 0.685 0.772 1.000 0.998 0.983 0.980 0.965 0.955 0.948
     33       1.222    0.928 0.373      0.456 0.470 0.475 0.608 0.621 0.621 0.638 0.730 0.998 1.000 0.993 0.991 0.979 0.972 0.966
     34       1.683    0.965 0.261      0.347 0.362 0.367 0.509 0.523 0.523 0.542 0.643 0.983 0.993 1.000 1.000 0.996 0.993 0.990
     35       1.783    0.970 0.245      0.331 0.347 0.352 0.495 0.509 0.509 0.528 0.631 0.980 0.991 1.000 1.000 0.998 0.995 0.992
     36       2.410    0.984 0.179      0.267 0.283 0.288 0.435 0.450 0.450 0.469 0.577 0.965 0.979 0.996 0.998 1.000 0.999 0.998
     37       2.968    0.990 0.144      0.233 0.249 0.254 0.404 0.418 0.418 0.438 0.548 0.955 0.972 0.993 0.995 0.999 1.000 1.000
     38       3.544    0.993 0.120      0.209 0.226 0.231 0.381 0.396 0.396 0.416 0.528 0.948 0.966 0.990 0.992 0.998 1.000 1.000

  R CORE   ENERGY   A0R/A00=1.000    R3= 0     2  
   2( 1)    0.732                    1.000 0.000
   2( 2)  487.921                    0.000 1.000

  R CORE   ENERGY   A0R/A00=1.000    R3= 0     2  
   3( 1)  488.652                    0.000 1.000

  R CORE   ENERGY   A0R/A00=1.000    R3= 0     2     4  
   4( 1)    2.438                    1.000 0.000 0.000

  R CORE   ENERGY   A0R/A00=1.000    R3= 0     2     4  
   5( 1)  490.847                    0.000 1.000 0.000

  R CORE   ENERGY   A0R/A00=1.000    R3= 0     2     4     6  
   6( 1)    5.121                    1.000 0.000 0.000 0.000

  R CORE   ENERGY   A0R/A00=1.000    R3= 0     2     4     6  
   7( 1)  494.017                    0.000 1.000 0.000 0.000

          AXIAL SYMMETRY => K RESTRICTED TO OMEGA

                     K
     S.P. ORB#: 24  2.50
     S.P. ORB#: 25  0.50
     S.P. ORB#: 26 -1.50
     S.P. ORB#: 27 -5.50
     S.P. ORB#: 28  2.50
     S.P. ORB#: 29  2.50
     S.P. ORB#: 30  0.50
     S.P. ORB#: 31 -3.50
     S.P. ORB#: 32  0.50
     S.P. ORB#: 33 -1.50
     S.P. ORB#: 34 -3.50
     S.P. ORB#: 35  0.50
     S.P. ORB#: 36 -1.50
     S.P. ORB#: 37 -3.50
     S.P. ORB#: 38  4.50
 

             ENERGY    K= OMEGA
 
 I=  1/2- (1)  2.491  32: 0.999
 
 I=  1/2- (2)  4.639  30:-0.886
                      35: 0.464
 
 I=  1/2- (3)  5.815  25: 0.999
 
 I=  1/2- (4)  6.174  30:-0.464
                      35:-0.886
 
 I=  1/2- (5)147.526  33:-1.000

             ENERGY    K= OMEGA
 
 I=  3/2- (1)  2.549  32: 0.742
                      33:-0.670
 
 I=  3/2- (2)  2.786  25:-0.128
                      32:-0.663
                      33:-0.738

             ENERGY    K= OMEGA
 
 I=  5/2- (1)  3.025  25: 0.177
                      29:-0.212
                      32:-0.506
                      33:-0.815
 
 I=  5/2- (2)  3.378  29:-0.966
                      32: 0.232
                      33: 0.099
 
 I=  5/2- (3)  3.721  29:-0.143
                      32:-0.819
                      33: 0.553
 
 I=  5/2- (4)  4.999  26:-0.124
                      28: 0.112
                      30: 0.801
                      35:-0.517
                      36:-0.251
 
 I=  5/2- (5)  6.488  26:-0.464
                      28: 0.830
                      35: 0.309

             ENERGY    K= OMEGA
 
 I=  7/2- (1)  2.804  24:-0.215
                      29: 0.100
                      31: 0.970
 
 I=  7/2- (2)  3.651  29:-0.547
                      32:-0.292
                      33: 0.360
                      37: 0.695
 
 I=  7/2- (3)  3.774  29: 0.186
                      32:-0.733
                      33: 0.497
                      37:-0.420
 
 I=  7/2- (4)  4.173  24: 0.062
                      25:-0.227
                      29: 0.153
                      32:-0.582
                      33:-0.720
                      37: 0.254
 
 I=  7/2- (5)  4.538  25: 0.066
                      29: 0.794
                      31:-0.102
                      32: 0.083
                      33: 0.267
                      37: 0.525

             ENERGY    K= OMEGA
 
 I=  9/2- (1)  3.352  24:-0.265
                      29: 0.121
                      31:-0.870
                      33:-0.059
                      38: 0.389
 
 I=  9/2- (2)  4.481  24:-0.110
                      25: 0.173
                      29:-0.463
                      31:-0.123
                      32:-0.306
                      33:-0.508
                      37:-0.568
                      38:-0.233
 
 I=  9/2- (3)  4.689  25: 0.233
                      29: 0.233
                      31: 0.189
                      32:-0.456
                      33:-0.581
                      37: 0.521
                      38: 0.193
 
 I=  9/2- (4)  4.896  24: 0.107
                      29:-0.383
                      31: 0.283
                      37:-0.176
                      38: 0.853
 
 I=  9/2- (5)  5.707  26:-0.430
                      28: 0.593
                      30: 0.503
                      34:-0.336
                      35:-0.232
                      36:-0.210

             ENERGY    K= OMEGA
 
 I= 11/2- (1)  2.983  27:-1.000
 
 I= 11/2- (2)  4.212  24:-0.308
                      29: 0.131
                      31: 0.841
                      33: 0.064
                      37:-0.071
                      38: 0.413
 
 I= 11/2- (3)  5.684  24:-0.134
                      29:-0.542
                      31: 0.160
                      32:-0.220
                      33: 0.345
                      37: 0.675
                      38:-0.198
 
 I= 11/2- (4)  5.825  26: 0.471
                      28: 0.575
                      30: 0.519
                      34: 0.299
                      35: 0.223
                      36: 0.197
 
 I= 11/2- (5)  5.973  25: 0.086
                      29:-0.154
                      31: 0.112
                      32: 0.803
                      33:-0.451
                      37: 0.326

             ENERGY    K= OMEGA
 
 I= 13/2- (1)  4.565  27: 0.998
 
 I= 13/2- (2)  5.329  24:-0.344
                      27: 0.054
                      29: 0.135
                      31:-0.823
                      33:-0.078
                      37: 0.081
                      38: 0.412
 
 I= 13/2- (3)  6.787  26: 0.510
                      28:-0.675
                      30:-0.334
                      34: 0.373
                      35: 0.095
                      36: 0.159
 
 I= 13/2- (4)  6.957  24:-0.122
                      25: 0.286
                      29:-0.405
                      31:-0.059
                      32:-0.403
                      33:-0.609
                      37:-0.424
                      38:-0.152
 
 I= 13/2- (5)  7.304  24: 0.075
                      25: 0.243
                      29: 0.415
                      31: 0.198
                      32:-0.382
                      33:-0.408
                      37: 0.636
                      38: 0.088

             ENERGY     K= 9/2
  32 LEVELS    TIME=  0.0 SEC



 ******************* EXCITATION ENERGIES, DOMINANT CONFIGURATION AND EXPECTATION VALUES (WITH S.P. UU+VV FACTORS) *******************

  NR  Eex(keV)  I   Kdom  NY    <Jz>  <Jx**2> <Jy**2> <Jz**2> <I.j>/|I|  <Rx**2> <Ry**2> <Rz**2> <R.j>/|R|  <HROTx> <HROTy> <HROTz>

   1    0.0   1/2-   1/2  32    0.50    5.31    5.31    0.25    0.09       5.73    5.73    0.00   -3.19      0.699   0.699   0.000
   2   58.4   3/2-   1/2  32   -0.40    5.30    5.30    1.15    1.04       5.74    5.74   -0.00   -2.88      0.700   0.700  -0.000
   3  295.5   3/2-  -3/2  33   -0.59    5.32    5.32    1.34    0.72       6.47    6.47   -0.00   -2.94      0.789   0.789  -0.000
   4  313.8   7/2-  -7/2  31   -3.16    6.47    6.47   11.89    3.54       6.25    6.25   -0.00   -3.05      0.761   0.761  -0.001
   5  492.7  11/2- -11/2  27   -5.49    2.75    2.75   30.24    5.06       5.49    5.49    0.00   -1.66      0.669   0.669   0.000
  
   6  533.9   5/2-  -3/2  33   -0.73    5.45    5.45    1.87    1.24       7.08    7.08   -0.00   -2.41      0.863   0.863  -0.000
   7  861.8   9/2-  -7/2  31   -1.77    5.98    5.98   12.91    3.66       6.60    6.60   -0.00   -1.83      0.805   0.805  -0.000
   8  887.0   5/2-   5/2  29    2.35    6.10    6.10    5.87    1.99       7.53    7.53   -0.00   -3.14      0.918   0.918  -0.000
   9 1160.0   7/2-  -7/2  37   -1.09    4.08    4.08    8.12    2.50       6.10    6.10    0.00   -1.82      0.743   0.743   0.000
  10 1230.1   5/2-   1/2  32   -0.07    5.35    5.35    0.99   -0.11      10.55   10.55   -0.00   -2.62      1.287   1.287  -0.000
  
  11 1283.1   7/2-   1/2  32   -0.63    4.79    4.79    3.09    1.21       9.42    9.42    0.00   -1.82      1.149   1.149   0.000
  12 1682.1   7/2-  -3/2  33   -0.74    5.22    5.22    2.23    0.77      11.15   11.15    0.00   -2.03      1.360   1.360   0.000
  13 1721.3  11/2-  -7/2  31   -1.45    5.97    5.97   12.91    3.47       9.54    9.54   -0.00   -0.94      1.164   1.164  -0.001
  14 1990.2   9/2-  -7/2  37   -0.70    4.39    4.39    7.27    2.14       9.78    9.78    0.00   -1.23      1.192   1.192   0.000
  15 2047.6   7/2-   5/2  29    0.48    5.05    5.05    7.61    1.52      10.69   10.69    0.00   -2.52      1.303   1.303   0.000
  
  16 2074.7  13/2- -11/2  27   -5.47    2.75    2.75   30.20    4.33      11.96   11.96    0.00   -1.11      1.459   1.459   0.000
  17 2148.1   1/2-   1/2  30    0.50   13.16   13.16    0.25    1.06      12.74   12.74    0.00   -5.08      1.554   1.554   0.000
  18 2198.1   9/2-  -3/2  33   -1.15    4.55    4.55    5.69    1.69      11.35   11.35    0.00   -1.34      1.383   1.383   0.000
  19 2405.7   9/2-   9/2  38    3.28    3.39    3.39   17.10    3.36       7.58    7.58   -0.00   -1.84      0.925   0.925  -0.000
  20 2508.5   5/2-   1/2  30    0.37   13.82   13.82    0.48    1.58      13.76   13.76    0.00   -4.47      1.677   1.677   0.000
  
  21 2837.9  13/2-  -7/2  31   -1.31    6.02    6.02   12.78    3.30      13.77   13.77   -0.00   -0.34      1.678   1.678  -0.001
  22 3193.5  11/2-  -7/2  37   -0.89    4.00    4.00    8.92    2.06      14.03   14.03    0.00   -0.87      1.711   1.711   0.000
  23 3216.3   9/2-   5/2  28    0.29   19.64   19.64    4.17    3.81      15.15   15.15    0.00   -4.45      1.847   1.847   0.000
  24 3323.9   1/2-   1/2  25    0.50    7.59    7.59    0.25    0.66       7.52    7.52    0.00   -3.83      0.917   0.917   0.000
  25 3333.9  11/2-   5/2  28    0.28   20.16   20.16    3.83    4.12      15.34   15.34    0.00   -3.53      1.870   1.870   0.000
  
  26 3482.8  11/2-   1/2  32   -0.33    4.98    4.98    2.26    0.84      18.95   18.95    0.00   -1.17      2.311   2.311   0.000
  27 3683.1   1/2-   1/2  35    0.50   17.01   17.01    0.25   -0.89      18.29   18.29    0.00   -5.80      2.230   2.230   0.000
  28 3997.8   5/2-   5/2  28    1.45   21.90   21.90    4.81    3.56      18.14   18.14    0.00   -6.32      2.212   2.212   0.000
  29 4296.6  13/2-   5/2  28    0.29   21.41   21.41    5.22    4.22      18.93   18.93    0.00   -3.02      2.308   2.308   0.000
  30 4466.3  13/2-  -3/2  33   -0.52    5.04    5.04    4.73    1.58      20.74   20.74   -0.00   -0.59      2.528   2.528  -0.000
  
  31 4813.0  13/2-  -7/2  37   -1.22    4.32    4.32    7.12    1.60      21.08   21.08    0.00   -0.71      2.570   2.570   0.000
  32*******   1/2-  -3/2  33    0.00    0.00    0.00    0.00   -0.00       0.00    0.00    0.00   -0.00      0.000   0.000   0.000
