1SPECTRUM OF (Z= 82 A=207) IN PARTICLE-ROTOR  MODEL WITH MODIFIED OSCILLATOR POTENTIAL


 PARITY=-   EPS= 0.638   GAMMA=  0.0   EPS4=0.000   EPS6=0.000   LEVELS:  24  25  26  27  28  29  30  31  32  33  34  35  36  37  38

 PAIRING FACTORS: GN0= 19.20  GN1=  7.40  IPAIR= 15 ***  E2PLUS(INPUT)=   0.730  E2PLUR(INPUT)=   0.000

 CORIOLIS ATTENUATION PARAMETERS:  CHSI=1.000  ETA=  1.00

 MOMENT OF INERTIA PARAMETERS:   A1=  0.122 MEV   A2=  0.122 MEV   A3=121.91922 MEV


 DELTA=0.873 MEV  LAMBDA=53.8088 MEV   HW0= 7.8386 MEV   LAMBDA/HW0= 6.8646

 E2ENERGY=0.730 MEV  HBAR**2/B=75474./A**(7/3)=******/A**2 MEV

 IREC=0  =>  RECOIL TERMS j+j-, j+j+, jzjz, ETC TREATED AS ONE-BODY OPERATORS WITH UU+VV PAIRING FACTORS



 S. P. LEVEL   EQP       U     V        (UU + VV)**1.00

     24       4.432    0.099 0.995      1.000 1.000 1.000 1.000 0.999 0.894 0.726 0.610 0.515 0.471 0.401 0.294 0.279 0.213 0.185
     25       4.262    0.103 0.995      1.000 1.000 1.000 1.000 0.999 0.896 0.728 0.614 0.518 0.474 0.405 0.298 0.283 0.217 0.189
     26       3.751    0.117 0.993      1.000 1.000 1.000 1.000 1.000 0.902 0.738 0.625 0.531 0.487 0.418 0.311 0.296 0.231 0.203
     27       3.669    0.120 0.993      1.000 1.000 1.000 1.000 1.000 0.903 0.740 0.627 0.533 0.489 0.420 0.314 0.299 0.234 0.205
     28       3.053    0.145 0.990      0.999 0.999 1.000 1.000 1.000 0.914 0.756 0.646 0.554 0.511 0.443 0.337 0.323 0.258 0.230
     29       0.966    0.535 0.845      0.894 0.896 0.902 0.903 0.914 1.000 0.957 0.901 0.845 0.816 0.769 0.691 0.680 0.628 0.606
     30       0.882    0.757 0.654      0.726 0.728 0.738 0.740 0.756 0.957 1.000 0.988 0.964 0.949 0.921 0.871 0.863 0.827 0.810
     31       0.972    0.849 0.529      0.610 0.614 0.625 0.627 0.646 0.901 0.988 1.000 0.993 0.986 0.970 0.936 0.931 0.904 0.891
     32       1.129    0.904 0.428      0.515 0.518 0.531 0.533 0.554 0.845 0.964 0.993 1.000 0.999 0.992 0.971 0.967 0.947 0.938
     33       1.239    0.924 0.381      0.471 0.474 0.487 0.489 0.511 0.816 0.949 0.986 0.999 1.000 0.997 0.982 0.979 0.962 0.954
     34       1.487    0.951 0.309      0.401 0.405 0.418 0.420 0.443 0.769 0.921 0.970 0.992 0.997 1.000 0.993 0.992 0.980 0.974
     35       2.252    0.980 0.198      0.294 0.298 0.311 0.314 0.337 0.691 0.871 0.936 0.971 0.982 0.993 1.000 1.000 0.997 0.994
     36       2.433    0.983 0.182      0.279 0.283 0.296 0.299 0.323 0.680 0.863 0.931 0.967 0.979 0.992 1.000 1.000 0.998 0.995
     37       3.811    0.993 0.115      0.213 0.217 0.231 0.234 0.258 0.628 0.827 0.904 0.947 0.962 0.980 0.997 0.998 1.000 1.000
     38       5.064    0.996 0.087      0.185 0.189 0.203 0.205 0.230 0.606 0.810 0.891 0.938 0.954 0.974 0.994 0.995 1.000 1.000

  R CORE   ENERGY   A0R/A00=1.000    R3= 0     2  
   2( 1)    0.732                    1.000 0.000
   2( 2)  487.921                    0.000 1.000

  R CORE   ENERGY   A0R/A00=1.000    R3= 0     2  
   3( 1)  488.652                    0.000 1.000

  R CORE   ENERGY   A0R/A00=1.000    R3= 0     2     4  
   4( 1)    2.438                    1.000 0.000 0.000

  R CORE   ENERGY   A0R/A00=1.000    R3= 0     2     4  
   5( 1)  490.847                    0.000 1.000 0.000

  R CORE   ENERGY   A0R/A00=1.000    R3= 0     2     4     6  
   6( 1)    5.121                    1.000 0.000 0.000 0.000

  R CORE   ENERGY   A0R/A00=1.000    R3= 0     2     4     6  
   7( 1)  494.017                    0.000 1.000 0.000 0.000

          AXIAL SYMMETRY => K RESTRICTED TO OMEGA

                     K
     S.P. ORB#: 24  2.50
     S.P. ORB#: 25  0.50
     S.P. ORB#: 26  0.50
     S.P. ORB#: 27  4.50
     S.P. ORB#: 28  2.50
     S.P. ORB#: 29  0.50
     S.P. ORB#: 30  2.50
     S.P. ORB#: 31 -1.50
     S.P. ORB#: 32 -3.50
     S.P. ORB#: 33 -3.50
     S.P. ORB#: 34 -5.50
     S.P. ORB#: 35  0.50
     S.P. ORB#: 36 -1.50
     S.P. ORB#: 37 -1.50
     S.P. ORB#: 38  4.50
 

             ENERGY    K= OMEGA
 
 I=  1/2- (1)  3.743  26:-0.052
                      35:-0.999
 
 I=  1/2- (2)  4.865  25:-0.347
                      29: 0.938
 
 I=  1/2- (3)  5.705  26: 0.999
                      35:-0.052
 
 I=  1/2- (4)  8.143  25: 0.938
                      29: 0.347
 
 I=  1/2- (5)147.275  31:-1.000

             ENERGY    K= OMEGA
 
 I=  3/2- (1)  3.813  35:-0.821
                      36:-0.571
 
 I=  3/2- (2)  4.052  26:-0.121
                      35: 0.565
                      36:-0.816

             ENERGY    K= OMEGA
 
 I=  5/2- (1)  2.720  30: 0.997
                      36: 0.076
 
 I=  5/2- (2)  4.400  26: 0.197
                      30: 0.070
                      35: 0.513
                      36:-0.831
 
 I=  5/2- (3)  4.699  25: 0.467
                      29:-0.692
                      31: 0.509
                      37: 0.206
 
 I=  5/2- (4)  4.971  26: 0.062
                      35: 0.844
                      36: 0.531
 
 I=  5/2- (5)  5.944  25:-0.081
                      28: 0.108
                      29: 0.522
                      31: 0.831
                      37:-0.134

             ENERGY    K= OMEGA
 
 I=  7/2- (1)  3.006  24: 0.124
                      30:-0.261
                      32:-0.957
 
 I=  7/2- (2)  3.598  24:-0.060
                      30:-0.957
                      32: 0.255
                      36: 0.121
 
 I=  7/2- (3)  5.036  30:-0.079
                      35:-0.849
                      36:-0.519
 
 I=  7/2- (4)  5.510  25: 0.381
                      28: 0.077
                      29: 0.802
                      31:-0.362
                      33: 0.056
                      37: 0.268
 
 I=  7/2- (5)  5.517  24:-0.067
                      26: 0.232
                      30: 0.095
                      35:-0.503
                      36: 0.824

             ENERGY    K= OMEGA
 
 I=  9/2- (1)  3.957  24:-0.178
                      27: 0.055
                      30: 0.308
                      32:-0.933
 
 I=  9/2- (2)  4.702  24:-0.094
                      30:-0.935
                      32:-0.292
                      36:-0.171
 
 I=  9/2- (3)  5.459  25: 0.522
                      28: 0.064
                      29:-0.664
                      31: 0.465
                      33:-0.064
                      37: 0.249
 
 I=  9/2- (4)  6.082  26:-0.056
                      27: 0.982
                      35:-0.094
                      36: 0.143
 
 I=  9/2- (5)  6.117  24:-0.051
                      26: 0.308
                      27: 0.180
                      30: 0.160
                      32: 0.059
                      35: 0.523
                      36:-0.754

             ENERGY    K= OMEGA
 
 I= 11/2- (1)  2.761  27:-0.119
                      34:-0.993
 
 I= 11/2- (2)  5.141  24:-0.221
                      27: 0.071
                      30: 0.323
                      32: 0.917
 
 I= 11/2- (3)  6.038  24:-0.121
                      30:-0.920
                      32: 0.295
                      35: 0.054
                      36: 0.215
 
 I= 11/2- (4)  6.440  25: 0.243
                      28: 0.303
                      29: 0.365
                      31:-0.249
                      33: 0.676
                      37: 0.157
                      38: 0.417
 
 I= 11/2- (5)  6.712  25:-0.380
                      28: 0.113
                      29:-0.680
                      31: 0.223
                      33: 0.426
                      37:-0.268
                      38: 0.277

             ENERGY    K= OMEGA
 
 I= 13/2- (1)  4.269  27: 0.172
                      34:-0.985
 
 I= 13/2- (2)  6.559  24:-0.259
                      27: 0.078
                      30: 0.325
                      32:-0.906
 
 I= 13/2- (3)  7.033  25: 0.324
                      28: 0.281
                      29:-0.359
                      31: 0.314
                      33:-0.628
                      37: 0.134
                      38: 0.419
 
 I= 13/2- (4)  7.225  25: 0.445
                      28:-0.157
                      29:-0.548
                      31: 0.309
                      33: 0.466
                      37: 0.247
                      38:-0.321
 
 I= 13/2- (5)  7.593  24:-0.144
                      26: 0.079
                      30:-0.898
                      32:-0.281
                      35: 0.084
                      36:-0.281

             ENERGY     K= 9/2
  32 LEVELS    TIME=  0.0 SEC



 ******************* EXCITATION ENERGIES, DOMINANT CONFIGURATION AND EXPECTATION VALUES (WITH S.P. UU+VV FACTORS) *******************

  NR  Eex(keV)  I   Kdom  NY    <Jz>  <Jx**2> <Jy**2> <Jz**2> <I.j>/|I|  <Rx**2> <Ry**2> <Rz**2> <R.j>/|R|  <HROTx> <HROTy> <HROTz>

   1    0.0   5/2-   5/2  30    2.48    6.32    6.32    6.23    2.13       7.50    7.50   -0.00   -3.24      0.914   0.914  -0.000
   2   40.9  11/2- -11/2  34   -5.36    2.82    2.82   30.11    5.13       5.10    5.10   -0.00   -1.60      0.622   0.622  -0.000
   3  285.8   7/2-  -7/2  32   -3.00    6.52    6.52   11.75    3.20       7.56    7.56    0.00   -3.11      0.921   0.921   0.001
   4  877.7   7/2-   5/2  30    2.05    6.31    6.31    6.58    1.65      10.92   10.92    0.00   -2.71      1.332   1.332   0.000
   5 1023.0   1/2-   1/2  35    0.50    5.62    5.62    0.25    0.02       6.10    6.10    0.00   -3.28      0.744   0.744   0.000
  
   6 1092.2   3/2-   1/2  35   -0.15    5.62    5.62    0.90    0.92       6.15    6.15    0.00   -2.95      0.750   0.750   0.000
   7 1237.0   9/2-  -7/2  32   -2.72    6.57    6.57   11.51    2.71      11.23   11.23    0.00   -2.36      1.369   1.369   0.001
   8 1331.2   3/2-  -3/2  36   -0.83    5.66    5.66    1.58    0.79       6.79    6.79    0.00   -3.09      0.828   0.828   0.000
   9 1548.9  13/2- -11/2  34   -5.20    2.90    2.90   29.95    4.45      11.15   11.15    0.00   -0.98      1.359   1.359   0.000
  10 1679.7   5/2-  -3/2  36   -0.87    5.73    5.73    1.67    0.97       8.07    8.07    0.00   -2.56      0.984   0.984   0.000
  
  11 1978.7   5/2-   1/2  29   -0.10   14.48   14.48    0.86    2.51      11.85   11.85    0.00   -4.60      1.445   1.445   0.000
  12 1981.6   9/2-   5/2  30    1.87    6.30    6.30    6.64    1.36      15.24   15.24   -0.00   -2.26      1.858   1.858  -0.000
  13 2144.6   1/2-   1/2  29    0.50   15.00   15.00    0.25    1.32      14.36   14.36    0.00   -5.43      1.750   1.750   0.000
  14 2251.0   5/2-   1/2  35   -0.06    5.63    5.63    0.83   -0.17      10.92   10.92    0.00   -2.69      1.331   1.331   0.000
  15 2315.5   7/2-   1/2  35   -0.03    5.63    5.63    0.84    0.68      11.23   11.23    0.00   -1.98      1.369   1.369   0.000
  
  16 2421.0  11/2-  -7/2  32   -2.54    6.62    6.62   11.37    2.40      15.84   15.84    0.00   -1.83      1.931   1.931   0.000
  17 2738.9   9/2-   1/2  29   -0.06   14.26   14.26    0.90    2.64      13.96   13.96    0.00   -3.08      1.702   1.702   0.000
  18 2789.6   7/2-   1/2  29    0.09   18.27   18.27    0.73    2.70      15.77   15.77    0.00   -4.72      1.923   1.923   0.000
  19 2797.0   7/2-  -3/2  36   -0.83    5.78    5.78    1.69    0.49      12.57   12.57    0.00   -2.26      1.532   1.532   0.000
  20 2984.9   1/2-   1/2  26    0.50    8.06    8.06    0.25    0.61       8.03    8.03    0.00   -3.95      0.979   0.979   0.000
  
  21 3223.3   5/2-  -3/2  31   -0.90   16.76   16.76    1.74    0.68      19.99   19.99    0.00   -5.26      2.438   2.438   0.000
  22 3317.2  11/2-   5/2  30    1.79    6.29    6.29    6.59    1.16      20.51   20.51   -0.00   -1.91      2.500   2.500  -0.000
  23 3361.3   9/2-   9/2  27    4.31    7.56    7.56   19.61    3.95      10.08   10.08   -0.00   -3.36      1.229   1.229  -0.000
  24 3396.3   9/2-  -3/2  36   -0.46    5.96    5.96    2.24    0.94      14.79   14.79    0.00   -1.75      1.803   1.803   0.000
  25 3719.5  11/2-  -7/2  33   -0.62   20.37   20.37    9.92    4.36      17.15   17.15   -0.00   -4.20      2.091   2.091  -0.000
  
  26 3838.8  13/2-  -7/2  32   -2.42    6.67    6.67   11.28    2.19      21.40   21.40    0.00   -1.43      2.610   2.610   0.001
  27 3991.2  11/2-   1/2  29   -0.14   19.09   19.09    4.29    3.34      19.17   19.17    0.00   -3.64      2.337   2.337   0.000
  28 4312.5  13/2-  -7/2  33   -0.45   18.71   18.71    9.20    4.08      19.18   19.18   -0.00   -2.92      2.338   2.338  -0.000
  29 4504.5  13/2-   1/2  29   -0.22   16.49   16.49    5.38    3.36      20.09   20.09    0.00   -2.35      2.449   2.449   0.000
  30 4872.3  13/2-   5/2  30    1.69    6.28    6.28    6.36    1.05      26.51   26.51    0.00   -1.59      3.231   3.231   0.000
  
  31 5423.0   1/2-   1/2  25    0.50   15.94   15.94    0.25   -1.28      17.55   17.55   -0.00   -5.61      2.139   2.139  -0.000
  32*******   1/2-  -3/2  31    0.00    0.00    0.00    0.00   -0.00       0.00    0.00    0.00   -0.00      0.000   0.000   0.000
