1SPECTRUM OF (Z= 82 A=207) IN PARTICLE-ROTOR  MODEL WITH MODIFIED OSCILLATOR POTENTIAL


 PARITY=-   EPS= 0.656   GAMMA=  0.0   EPS4=0.000   EPS6=0.000   LEVELS:  24  25  26  27  28  29  30  31  32  33  34  35  36  37  38

 PAIRING FACTORS: GN0= 19.20  GN1=  7.40  IPAIR= 15 ***  E2PLUS(INPUT)=   0.730  E2PLUR(INPUT)=   0.000

 CORIOLIS ATTENUATION PARAMETERS:  CHSI=1.000  ETA=  1.00

 MOMENT OF INERTIA PARAMETERS:   A1=  0.122 MEV   A2=  0.122 MEV   A3=121.91924 MEV


 DELTA=0.857 MEV  LAMBDA=53.8467 MEV   HW0= 7.8680 MEV   LAMBDA/HW0= 6.8438

 E2ENERGY=0.730 MEV  HBAR**2/B=79792./A**(7/3)=******/A**2 MEV

 IREC=0  =>  RECOIL TERMS j+j-, j+j+, jzjz, ETC TREATED AS ONE-BODY OPERATORS WITH UU+VV PAIRING FACTORS



 S. P. LEVEL   EQP       U     V        (UU + VV)**1.00

     24       4.623    0.093 0.996      1.000 1.000 1.000 0.999 0.999 0.931 0.685 0.620 0.469 0.440 0.330 0.267 0.254 0.207 0.178
     25       4.340    0.099 0.995      1.000 1.000 1.000 1.000 0.999 0.933 0.690 0.625 0.475 0.445 0.335 0.272 0.260 0.213 0.184
     26       3.663    0.118 0.993      1.000 1.000 1.000 1.000 1.000 0.940 0.703 0.639 0.491 0.462 0.353 0.290 0.278 0.231 0.202
     27       3.409    0.127 0.992      0.999 1.000 1.000 1.000 1.000 0.943 0.709 0.646 0.499 0.470 0.361 0.299 0.287 0.240 0.211
     28       3.223    0.134 0.991      0.999 0.999 1.000 1.000 1.000 0.945 0.715 0.652 0.506 0.476 0.368 0.306 0.294 0.247 0.218
     29       1.066    0.450 0.893      0.931 0.933 0.940 0.943 0.945 1.000 0.904 0.864 0.759 0.737 0.652 0.600 0.590 0.550 0.525
     30       0.884    0.789 0.614      0.685 0.690 0.703 0.709 0.715 0.904 1.000 0.996 0.965 0.955 0.914 0.885 0.879 0.855 0.839
     31       0.938    0.839 0.544      0.620 0.625 0.639 0.646 0.652 0.864 0.996 1.000 0.984 0.977 0.945 0.921 0.916 0.896 0.882
     32       1.205    0.923 0.385      0.469 0.475 0.491 0.499 0.506 0.759 0.965 0.984 1.000 0.999 0.988 0.976 0.973 0.961 0.952
     33       1.294    0.935 0.354      0.440 0.445 0.462 0.470 0.476 0.737 0.955 0.977 0.999 1.000 0.993 0.983 0.980 0.970 0.962
     34       1.837    0.971 0.240      0.330 0.335 0.353 0.361 0.368 0.652 0.914 0.945 0.988 0.993 1.000 0.998 0.997 0.992 0.988
     35       2.478    0.984 0.176      0.267 0.272 0.290 0.299 0.306 0.600 0.885 0.921 0.976 0.983 0.998 1.000 1.000 0.998 0.996
     36       2.662    0.987 0.163      0.254 0.260 0.278 0.287 0.294 0.590 0.879 0.916 0.973 0.980 0.997 1.000 1.000 0.999 0.997
     37       3.744    0.993 0.115      0.207 0.213 0.231 0.240 0.247 0.550 0.855 0.896 0.961 0.970 0.992 0.998 0.999 1.000 1.000
     38       5.035    0.996 0.085      0.178 0.184 0.202 0.211 0.218 0.525 0.839 0.882 0.952 0.962 0.988 0.996 0.997 1.000 1.000

  R CORE   ENERGY   A0R/A00=1.000    R3= 0     2  
   2( 1)    0.732                    1.000 0.000
   2( 2)  487.921                    0.000 1.000

  R CORE   ENERGY   A0R/A00=1.000    R3= 0     2  
   3( 1)  488.652                    0.000 1.000

  R CORE   ENERGY   A0R/A00=1.000    R3= 0     2     4  
   4( 1)    2.438                    1.000 0.000 0.000

  R CORE   ENERGY   A0R/A00=1.000    R3= 0     2     4  
   5( 1)  490.847                    0.000 1.000 0.000

  R CORE   ENERGY   A0R/A00=1.000    R3= 0     2     4     6  
   6( 1)    5.121                    1.000 0.000 0.000 0.000

  R CORE   ENERGY   A0R/A00=1.000    R3= 0     2     4     6  
   7( 1)  494.017                    0.000 1.000 0.000 0.000

          AXIAL SYMMETRY => K RESTRICTED TO OMEGA

                     K
     S.P. ORB#: 24  0.50
     S.P. ORB#: 25  2.50
     S.P. ORB#: 26  0.50
     S.P. ORB#: 27  4.50
     S.P. ORB#: 28  2.50
     S.P. ORB#: 29  0.50
     S.P. ORB#: 30 -1.50
     S.P. ORB#: 31  2.50
     S.P. ORB#: 32 -3.50
     S.P. ORB#: 33 -3.50
     S.P. ORB#: 34 -5.50
     S.P. ORB#: 35  0.50
     S.P. ORB#: 36 -1.50
     S.P. ORB#: 37 -1.50
     S.P. ORB#: 38  0.50
 

             ENERGY    K= OMEGA
 
 I=  1/2- (1)  3.979  26: 0.059
                      35: 0.998
 
 I=  1/2- (2)  4.963  24:-0.323
                      29:-0.943
                      38:-0.076
 
 I=  1/2- (3)  5.632  26:-0.998
                      35: 0.059
 
 I=  1/2- (4)  8.215  24: 0.835
                      29:-0.247
                      38:-0.492
 
 I=  1/2- (5)  9.392  24: 0.445
                      29:-0.222
                      38: 0.867

             ENERGY    K= OMEGA
 
 I=  3/2- (1)  4.049  35:-0.827
                      36:-0.561
 
 I=  3/2- (2)  4.285  26:-0.131
                      35: 0.553
                      36:-0.823

             ENERGY    K= OMEGA
 
 I=  5/2- (1)  2.781  31:-0.997
                      36:-0.074
 
 I=  5/2- (2)  4.534  24:-0.413
                      29:-0.609
                      30: 0.629
                      37: 0.155
                      38:-0.191
 
 I=  5/2- (3)  4.639  26:-0.216
                      31:-0.068
                      35:-0.509
                      36: 0.829
 
 I=  5/2- (4)  5.206  26:-0.072
                      35:-0.843
                      36:-0.531
 
 I=  5/2- (5)  5.951  24: 0.167
                      28: 0.101
                      29: 0.630
                      30: 0.732
                      37:-0.161
                      38:-0.062

             ENERGY    K= OMEGA
 
 I=  7/2- (1)  3.180  25:-0.110
                      31: 0.326
                      33: 0.939
 
 I=  7/2- (2)  3.670  25: 0.062
                      31: 0.938
                      33:-0.321
                      36:-0.116
 
 I=  7/2- (3)  5.273  31: 0.075
                      35: 0.854
                      36: 0.511
 
 I=  7/2- (4)  5.290  24:-0.367
                      28: 0.108
                      29: 0.595
                      30:-0.646
                      32: 0.070
                      37: 0.166
                      38:-0.222
 
 I=  7/2- (5)  5.747  25: 0.074
                      26:-0.248
                      31:-0.094
                      35: 0.491
                      36:-0.826

             ENERGY    K= OMEGA
 
 I=  9/2- (1)  4.145  25:-0.158
                      27: 0.061
                      31: 0.375
                      33:-0.911
 
 I=  9/2- (2)  4.781  25:-0.098
                      31:-0.911
                      33:-0.361
                      36:-0.163
 
 I=  9/2- (3)  5.084  24:-0.469
                      28: 0.077
                      29:-0.589
                      30: 0.579
                      37: 0.173
                      38:-0.244
 
 I=  9/2- (4)  5.823  27: 0.997
                      33: 0.068
 
 I=  9/2- (5)  6.354  25: 0.062
                      26:-0.340
                      31:-0.152
                      35:-0.524
                      36: 0.762

             ENERGY    K= OMEGA
 
 I= 11/2- (1)  3.121  27:-0.118
                      34:-0.993
 
 I= 11/2- (2)  5.348  25: 0.197
                      27:-0.078
                      31:-0.390
                      33:-0.896
 
 I= 11/2- (3)  6.122  25: 0.127
                      27:-0.054
                      31: 0.896
                      33:-0.365
                      36:-0.204
 
 I= 11/2- (4)  6.211  24:-0.426
                      28: 0.127
                      29: 0.627
                      30:-0.537
                      32: 0.083
                      37: 0.221
                      38:-0.257
 
 I= 11/2- (5)  7.228  27:-0.988
                      33: 0.087
                      34: 0.117

             ENERGY    K= OMEGA
 
 I= 13/2- (1)  4.640  27:-0.171
                      34: 0.985
 
 I= 13/2- (2)  6.538  24:-0.494
                      28: 0.091
                      29:-0.571
                      30: 0.558
                      32:-0.051
                      37: 0.178
                      38:-0.275
 
 I= 13/2- (3)  6.788  25: 0.230
                      27:-0.086
                      31:-0.392
                      33: 0.885
 
 I= 13/2- (4)  7.684  25:-0.152
                      26: 0.071
                      27: 0.061
                      31:-0.877
                      33:-0.353
                      35: 0.071
                      36:-0.263
 
 I= 13/2- (5)  8.882  25:-0.053
                      26: 0.059
                      27:-0.970
                      33:-0.084
                      34:-0.167
                      35: 0.070
                      36:-0.110

             ENERGY     K= 1/2
  32 LEVELS    TIME=  0.0 SEC



 ******************* EXCITATION ENERGIES, DOMINANT CONFIGURATION AND EXPECTATION VALUES (WITH S.P. UU+VV FACTORS) *******************

  NR  Eex(keV)  I   Kdom  NY    <Jz>  <Jx**2> <Jy**2> <Jz**2> <I.j>/|I|  <Rx**2> <Ry**2> <Rz**2> <R.j>/|R|  <HROTx> <HROTy> <HROTz>

   1    0.0   5/2-   5/2  31    2.48    6.34    6.34    6.23    2.14       7.51    7.51    0.00   -3.25      0.916   0.916   0.000
   2  340.4  11/2- -11/2  34   -5.36    2.82    2.82   30.11    5.11       5.18    5.18    0.00   -1.61      0.631   0.631   0.000
   3  399.5   7/2-  -7/2  33   -2.79    6.52    6.52   11.54    3.13       7.74    7.74    0.00   -3.09      0.943   0.943   0.000
   4  888.8   7/2-   5/2  31    1.83    6.34    6.34    6.81    1.69      10.90   10.90    0.00   -2.74      1.329   1.329   0.000
   5 1198.6   1/2-   1/2  35    0.50    5.65    5.65    0.25    0.01       6.14    6.14    0.00   -3.29      0.749   0.749   0.000
  
   6 1268.1   3/2-   1/2  35   -0.13    5.66    5.66    0.88    0.91       6.20    6.20    0.00   -2.96      0.756   0.756   0.000
   7 1364.5   9/2-  -7/2  33   -2.48    6.56    6.56   11.28    2.62      11.55   11.55    0.00   -2.37      1.408   1.408   0.000
   8 1503.8   3/2-  -3/2  36   -0.85    5.71    5.71    1.60    0.81       6.82    6.82    0.00   -3.10      0.831   0.831   0.000
   9 1753.7   5/2-  -3/2  30   -0.34   14.92   14.92    1.10    2.94      11.15   11.15   -0.00   -4.71      1.359   1.359  -0.000
  10 1857.8   5/2-  -3/2  36   -0.86    5.79    5.79    1.67    0.97       8.13    8.13    0.00   -2.57      0.991   0.991   0.000
  
  11 1859.7  13/2- -11/2  34   -5.21    2.89    2.89   29.95    4.43      11.31   11.31    0.00   -1.01      1.379   1.379   0.000
  12 2000.2   9/2-   5/2  31    1.61    6.34    6.34    6.94    1.40      15.22   15.22    0.00   -2.29      1.855   1.855   0.000
  13 2182.1   1/2-   1/2  29    0.50   15.08   15.08    0.25    1.40      14.36   14.36   -0.00   -5.45      1.751   1.751  -0.000
  14 2303.6   9/2-   1/2  29   -0.23   14.75   14.75    1.04    3.11      12.17   12.17   -0.00   -3.05      1.483   1.483  -0.000
  15 2425.4   5/2-   1/2  35   -0.06    5.67    5.67    0.83   -0.16      10.95   10.95    0.00   -2.71      1.335   1.335   0.000
  
  16 2491.9   7/2-   1/2  35   -0.01    5.67    5.67    0.82    0.67      11.28   11.28    0.00   -2.00      1.375   1.375   0.000
  17 2509.1   7/2-  -3/2  30   -0.39   18.29   18.29    1.27    3.11      14.46   14.46   -0.00   -4.74      1.763   1.763  -0.000
  18 2567.2  11/2-  -7/2  33   -2.31    6.60    6.60   11.15    2.30      16.31   16.31    0.00   -1.86      1.988   1.988   0.000
  19 2851.0   1/2-   1/2  26    0.50    8.11    8.11    0.25    0.60       8.09    8.09    0.00   -3.97      0.987   0.987   0.000
  20 2966.4   7/2-  -3/2  36   -0.84    5.84    5.84    1.71    0.49      12.61   12.61    0.00   -2.28      1.537   1.537   0.000
  
  21 3042.6   9/2-   9/2  27    4.46    7.61    7.61   20.20    4.05       9.94    9.94    0.00   -3.43      1.212   1.212   0.000
  22 3170.1   5/2-  -3/2  30   -0.60   16.48   16.48    1.43    0.67      19.59   19.59   -0.00   -5.18      2.388   2.388  -0.000
  23 3341.1  11/2-   5/2  31    1.53    6.34    6.34    6.91    1.20      20.49   20.49    0.00   -1.94      2.499   2.499   0.000
  24 3430.0  11/2-   1/2  29   -0.17   18.65   18.65    1.10    3.37      16.92   16.92   -0.00   -3.14      2.062   2.062  -0.000
  25 3573.6   9/2-  -3/2  36   -0.62    5.98    5.98    1.60    0.83      15.03   15.03    0.00   -1.72      1.832   1.832   0.000
  
  26 3757.4  13/2-   1/2  29   -0.18   14.71   14.71    1.02    3.17      17.46   17.46   -0.00   -1.40      2.129   2.129  -0.000
  27 4006.9  13/2-  -7/2  33   -2.20    6.64    6.64   11.07    2.08      22.02   22.02    0.00   -1.48      2.685   2.685   0.000
  28 4447.4  11/2-   9/2  27    4.29    7.54    7.54   20.28    3.30      15.82   15.82    0.00   -2.78      1.928   1.928   0.000
  29 4903.3  13/2-   5/2  31    1.46    6.34    6.34    6.72    1.08      26.54   26.54    0.00   -1.63      3.236   3.236   0.000
  30 5434.0   1/2-   1/2  24    0.50   14.41   14.41    0.25   -0.35      15.21   15.21    0.00   -5.32      1.854   1.854   0.000
  
  31 6101.0  13/2-   9/2  27    4.05    7.45    7.45   20.05    2.74      22.73   22.73    0.00   -2.35      2.771   2.771   0.000
  32 6611.5   1/2-   1/2  38    0.50   18.07   18.07    0.25   -0.50      19.01   19.01   -0.00   -5.97      2.318   2.318  -0.000
