1SPECTRUM OF (Z= 82 A=207) IN PARTICLE-ROTOR  MODEL WITH MODIFIED OSCILLATOR POTENTIAL


 PARITY=-   EPS= 0.400   GAMMA=  0.0   EPS4=0.000   EPS6=0.000   LEVELS:  24  25  26  27  28  29  30  31  32  33  34  35  36  37  38

 PAIRING FACTORS: GN0= 19.20  GN1=  7.40  IPAIR= 15 ***  E2PLUS(INPUT)=   0.730  E2PLUR(INPUT)=   0.000

 CORIOLIS ATTENUATION PARAMETERS:  CHSI=1.000  ETA=  1.00

 MOMENT OF INERTIA PARAMETERS:   A1=  0.122 MEV   A2=  0.122 MEV   A3=121.91923 MEV


 DELTA=0.844 MEV  LAMBDA=53.4793 MEV   HW0= 7.5602 MEV   LAMBDA/HW0= 7.0738

 E2ENERGY=0.730 MEV  HBAR**2/B=29667./A**(7/3)=5015.2/A**2 MEV

 IREC=0  =>  RECOIL TERMS j+j-, j+j+, jzjz, ETC TREATED AS ONE-BODY OPERATORS WITH UU+VV PAIRING FACTORS



 S. P. LEVEL   EQP       U     V        (UU + VV)**1.00

     24       4.297    0.099 0.995      1.000 1.000 0.999 0.998 0.995 0.995 0.917 0.875 0.867 0.509 0.459 0.376 0.321 0.231 0.221
     25       3.670    0.116 0.993      1.000 1.000 1.000 0.999 0.996 0.996 0.924 0.884 0.876 0.524 0.475 0.392 0.337 0.247 0.237
     26       3.228    0.132 0.991      0.999 1.000 1.000 1.000 0.998 0.997 0.930 0.891 0.884 0.538 0.489 0.407 0.352 0.263 0.253
     27       2.698    0.159 0.987      0.998 0.999 1.000 1.000 0.999 0.999 0.939 0.903 0.896 0.560 0.512 0.431 0.377 0.289 0.279
     28       2.140    0.201 0.980      0.995 0.996 0.998 0.999 1.000 1.000 0.953 0.921 0.914 0.596 0.549 0.470 0.417 0.330 0.321
     29       2.131    0.202 0.979      0.995 0.996 0.997 0.999 1.000 1.000 0.954 0.921 0.915 0.597 0.550 0.471 0.418 0.331 0.322
     30       0.992    0.488 0.873      0.917 0.924 0.930 0.939 0.953 0.954 1.000 0.996 0.994 0.810 0.776 0.715 0.672 0.600 0.592
     31       0.904    0.567 0.823      0.875 0.884 0.891 0.903 0.921 0.921 0.996 1.000 1.000 0.862 0.831 0.777 0.739 0.672 0.665
     32       0.893    0.581 0.814      0.867 0.876 0.884 0.896 0.914 0.915 0.994 1.000 1.000 0.870 0.840 0.787 0.750 0.684 0.677
     33       1.104    0.907 0.422      0.509 0.524 0.538 0.560 0.596 0.597 0.810 0.862 0.870 1.000 0.998 0.989 0.979 0.955 0.952
     34       1.230    0.929 0.369      0.459 0.475 0.489 0.512 0.549 0.550 0.776 0.831 0.840 0.998 1.000 0.996 0.989 0.970 0.968
     35       1.556    0.959 0.283      0.376 0.392 0.407 0.431 0.470 0.471 0.715 0.777 0.787 0.989 0.996 1.000 0.998 0.988 0.987
     36       1.919    0.974 0.226      0.321 0.337 0.352 0.377 0.417 0.418 0.672 0.739 0.750 0.979 0.989 0.998 1.000 0.996 0.995
     37       3.192    0.991 0.133      0.231 0.247 0.263 0.289 0.330 0.331 0.600 0.672 0.684 0.955 0.970 0.988 0.996 1.000 1.000
     38       3.450    0.992 0.123      0.221 0.237 0.253 0.279 0.321 0.322 0.592 0.665 0.677 0.952 0.968 0.987 0.995 1.000 1.000

  R CORE   ENERGY   A0R/A00=1.000    R3= 0     2  
   2( 1)    0.732                    1.000 0.000
   2( 2)  487.921                    0.000 1.000

  R CORE   ENERGY   A0R/A00=1.000    R3= 0     2  
   3( 1)  488.652                    0.000 1.000

  R CORE   ENERGY   A0R/A00=1.000    R3= 0     2     4  
   4( 1)    2.438                    1.000 0.000 0.000

  R CORE   ENERGY   A0R/A00=1.000    R3= 0     2     4  
   5( 1)  490.847                    0.000 1.000 0.000

  R CORE   ENERGY   A0R/A00=1.000    R3= 0     2     4     6  
   6( 1)    5.121                    1.000 0.000 0.000 0.000

  R CORE   ENERGY   A0R/A00=1.000    R3= 0     2     4     6  
   7( 1)  494.017                    0.000 1.000 0.000 0.000

          AXIAL SYMMETRY => K RESTRICTED TO OMEGA

                     K
     S.P. ORB#: 24  0.50
     S.P. ORB#: 25 -5.50
     S.P. ORB#: 26  0.50
     S.P. ORB#: 27  2.50
     S.P. ORB#: 28 -3.50
     S.P. ORB#: 29 -1.50
     S.P. ORB#: 30  0.50
     S.P. ORB#: 31 -1.50
     S.P. ORB#: 32  2.50
     S.P. ORB#: 33 -3.50
     S.P. ORB#: 34  0.50
     S.P. ORB#: 35  4.50
     S.P. ORB#: 36 -3.50
     S.P. ORB#: 37  0.50
     S.P. ORB#: 38 -1.50
 

             ENERGY    K= OMEGA
 
 I=  1/2- (1)  2.299  30: 0.999
 
 I=  1/2- (2)  4.149  26: 0.196
                      34:-0.915
                      37: 0.352
 
 I=  1/2- (3)  5.989  24: 0.999
 
 I=  1/2- (4)  7.156  26: 0.314
                      34:-0.282
                      37:-0.907
 
 I=  1/2- (5)  9.532  26:-0.929
                      34:-0.288
                      37:-0.232

             ENERGY    K= OMEGA
 
 I=  3/2- (1)  2.212  24:-0.054
                      30: 0.352
                      31:-0.934
 
 I=  3/2- (2)  2.403  24:-0.193
                      30:-0.907
                      31:-0.332
                      38:-0.171

             ENERGY    K= OMEGA
 
 I=  5/2- (1)  2.481  24:-0.256
                      30: 0.508
                      31: 0.818
                      38:-0.069
 
 I=  5/2- (2)  3.325  27: 0.068
                      30:-0.788
                      31: 0.527
                      38: 0.307
 
 I=  5/2- (3)  4.475  27: 0.973
                      30: 0.099
                      31:-0.088
                      38: 0.190
 
 I=  5/2- (4)  4.555  26: 0.149
                      34:-0.810
                      37: 0.567
 
 I=  5/2- (5)  4.856  24: 0.066
                      27: 0.218
                      30:-0.271
                      31: 0.101
                      38:-0.930

             ENERGY    K= OMEGA
 
 I=  7/2- (1)  1.998  27:-0.149
                      33: 0.988
 
 I=  7/2- (2)  3.386  24:-0.166
                      30:-0.904
                      31: 0.304
                      38:-0.251
 
 I=  7/2- (3)  3.471  24:-0.284
                      27: 0.078
                      30:-0.225
                      31:-0.921
                      38:-0.117
 
 I=  7/2- (4)  4.049  27: 0.179
                      28: 0.983
 
 I=  7/2- (5)  4.209  26: 0.585
                      29: 0.590
                      32: 0.510
                      36: 0.222

             ENERGY    K= OMEGA
 
 I=  9/2- (1)  2.484  27: 0.088
                      28:-0.168
                      33: 0.370
                      35: 0.909
 
 I=  9/2- (2)  3.088  27: 0.198
                      28: 0.101
                      33: 0.902
                      35:-0.368
 
 I=  9/2- (3)  3.707  24:-0.384
                      30: 0.566
                      31: 0.716
                      38:-0.128
 
 I=  9/2- (4)  4.837  26: 0.207
                      29:-0.555
                      32: 0.695
                      36:-0.406
 
 I=  9/2- (5)  5.167  27: 0.279
                      28:-0.850
                      30:-0.274
                      31: 0.230
                      35:-0.169
                      38: 0.201

             ENERGY    K= OMEGA
 
 I= 11/2- (1)  3.628  27:-0.135
                      28:-0.228
                      33: 0.449
                      35:-0.853
 
 I= 11/2- (2)  3.645  26:-0.591
                      29:-0.591
                      32:-0.482
                      34:-0.125
                      36:-0.229
 
 I= 11/2- (3)  4.400  27: 0.235
                      28:-0.149
                      33:-0.849
                      35:-0.443
 
 I= 11/2- (4)  5.014  25:-0.998
 
 I= 11/2- (5)  5.284  24:-0.347
                      30:-0.860
                      31:-0.190
                      38:-0.317

             ENERGY    K= OMEGA
 
 I= 13/2- (1)  5.006  27:-0.173
                      28: 0.268
                      33:-0.488
                      35:-0.810
 
 I= 13/2- (2)  5.417  26:-0.216
                      29: 0.571
                      32:-0.681
                      36: 0.404
 
 I= 13/2- (3)  5.761  24:-0.451
                      27: 0.079
                      30: 0.556
                      31: 0.653
                      33: 0.135
                      35:-0.124
                      38:-0.141
 
 I= 13/2- (4)  5.951  24: 0.092
                      25: 0.063
                      27: 0.250
                      28: 0.184
                      30:-0.129
                      31:-0.111
                      33: 0.802
                      35:-0.465
                      38: 0.057
 
 I= 13/2- (5)  6.601  25: 0.997
                      35: 0.062

             ENERGY     K=-3/2
  32 LEVELS    TIME=  0.0 SEC



 ******************* EXCITATION ENERGIES, DOMINANT CONFIGURATION AND EXPECTATION VALUES (WITH S.P. UU+VV FACTORS) *******************

  NR  Eex(keV)  I   Kdom  NY    <Jz>  <Jx**2> <Jy**2> <Jz**2> <I.j>/|I|  <Rx**2> <Ry**2> <Rz**2> <R.j>/|R|  <HROTx> <HROTy> <HROTz>

   1    0.0   7/2-  -7/2  33   -3.37    2.31    2.31   12.11    3.21       3.52    3.52    0.00   -1.51      0.429   0.429   0.000
   2  213.3   3/2-  -3/2  31   -1.25    5.02    5.02    2.00    1.35       5.28    5.28    0.00   -2.90      0.644   0.644   0.000
   3  300.6   1/2-   1/2  30    0.50    5.02    5.02    0.25    0.23       5.33    5.33   -0.00   -3.09      0.650   0.650  -0.000
   4  404.6   3/2-   1/2  30    0.22    4.75    4.75    0.53    0.96       5.03    5.03    0.00   -2.58      0.613   0.613   0.000
   5  482.4   5/2-  -3/2  31   -0.85    5.28    5.28    1.61    1.71       5.40    5.40    0.00   -2.16      0.658   0.658   0.000
  
   6  485.2   9/2-   9/2  35    3.16    2.50    2.50   18.82    4.09       3.96    3.96    0.00   -1.24      0.482   0.482   0.000
   7 1089.3   9/2-  -7/2  33   -2.18    2.37    2.37   13.08    2.76       7.58    7.58    0.00   -1.06      0.924   0.924   0.000
   8 1326.7   5/2-   1/2  30   -0.23    4.60    4.60    1.02    0.28       8.66    8.66    0.00   -2.26      1.056   1.056   0.000
   9 1387.7   7/2-   1/2  30    0.19    4.75    4.75    0.56    1.02       8.84    8.84    0.00   -1.43      1.078   1.078   0.000
  10 1473.1   7/2-  -3/2  31   -1.22    4.98    4.98    2.03    1.18       9.20    9.20    0.00   -1.71      1.122   1.122   0.000
  
  11 1629.4  11/2-   9/2  35    2.42    2.67    2.67   17.98    3.49       8.65    8.65   -0.00   -0.58      1.055   1.055  -0.000
  12 1647.1  11/2-   1/2  26    0.06   23.13   23.13    2.97    6.12       5.92    5.92    0.00   -3.68      0.721   0.721   0.000
  13 1708.3   9/2-  -3/2  31   -0.56    5.52    5.52    1.34    1.89       9.15    9.15    0.00   -0.69      1.116   1.116   0.000
  14 2050.6   7/2-  -7/2  28   -3.30    6.25    6.25   12.03    3.12       7.76    7.76   -0.00   -3.08      0.946   0.946  -0.000
  15 2150.8   1/2-   1/2  34    0.50   11.06   11.06    0.25    1.05      10.66   10.66    0.00   -4.65      1.299   1.299   0.000
  
  16 2210.2   7/2-  -3/2  29    0.13   22.79   22.79    3.09    6.01       8.35    8.35    0.00   -6.07      1.018   1.018   0.000
  17 2401.4  11/2-  -7/2  33   -1.59    2.46    2.46   13.50    2.41      12.67   12.67    0.00   -0.79      1.545   1.545   0.000
  18 2476.3   5/2-   5/2  27    2.31    5.92    5.92    6.02    2.03       7.30    7.30    0.00   -3.10      0.890   0.890   0.000
  19 2556.4   5/2-   1/2  34    0.50   11.23   11.23    0.25    1.64      10.87   10.87    0.00   -3.83      1.325   1.325   0.000
  20 2838.2   9/2-   5/2  32    0.19   23.52   23.52    5.75    5.08      13.50   13.50    0.00   -5.30      1.646   1.646   0.000
  
  21 2857.6   5/2-  -3/2  38   -1.15    2.41    2.41    2.28    0.40       6.75    6.75    0.00   -1.61      0.823   0.823   0.000
  22 3007.9  13/2-   9/2  35    1.93    2.82    2.82   17.34    3.09      14.26   14.26    0.00   -0.26      1.739   1.739   0.000
  23 3015.3  11/2- -11/2  25   -5.47    2.75    2.75   30.21    5.05       5.54    5.54    0.00   -1.66      0.675   0.675   0.000
  24 3168.7   9/2-  -7/2  28   -2.32    5.71    5.71   10.18    2.10      12.72   12.72    0.00   -2.21      1.550   1.550   0.000
  25 3285.3  11/2-   1/2  30    0.22    4.57    4.57    0.56    1.30      14.96   14.96    0.00   -0.35      1.824   1.824   0.000
  
  26 3418.5  13/2-   5/2  32    0.12   23.54   23.54    5.65    5.01      15.76   15.76    0.00   -3.16      1.922   1.922   0.000
  27 3763.1  13/2-  -3/2  31   -0.40    5.57    5.57    1.73    2.03      16.66   16.66    0.00    0.22      2.031   2.031   0.000
  28 3952.6  13/2-  -7/2  33   -1.27    2.65    2.65   13.22    2.13      18.76   18.76    0.00   -0.59      2.287   2.287   0.000
  29 3990.4   1/2-   1/2  24    0.50    7.02    7.02    0.25    0.64       6.97    6.97    0.00   -3.68      0.850   0.850   0.000
  30 4602.9  13/2- -11/2  25   -5.46    2.75    2.75   30.16    4.32      12.08   12.08    0.00   -1.13      1.472   1.472   0.000
  
  31 5157.7   1/2-   1/2  37    0.50   15.88   15.88    0.25   -0.58      16.88   16.88    0.00   -5.60      2.058   2.058   0.000
  32 7533.5   1/2-   1/2  26    0.50   23.05   23.05    0.25   -3.45      26.54   26.54    0.00   -6.77      3.236   3.236   0.000
