1SPECTRUM OF (Z= 82 A=207) IN PARTICLE-ROTOR  MODEL WITH MODIFIED OSCILLATOR POTENTIAL


 PARITY=-   EPS= 0.546   GAMMA=  0.0   EPS4=0.000   EPS6=0.000   LEVELS:  24  25  26  27  28  29  30  31  32  33  34  35  36  37  38

 PAIRING FACTORS: GN0= 19.20  GN1=  7.40  IPAIR= 15 ***  E2PLUS(INPUT)=   0.730  E2PLUR(INPUT)=   0.000

 CORIOLIS ATTENUATION PARAMETERS:  CHSI=1.000  ETA=  1.00

 MOMENT OF INERTIA PARAMETERS:   A1=  0.122 MEV   A2=  0.122 MEV   A3=121.91924 MEV


 DELTA=0.876 MEV  LAMBDA=53.4515 MEV   HW0= 7.7086 MEV   LAMBDA/HW0= 6.9340

 E2ENERGY=0.730 MEV  HBAR**2/B=55276./A**(7/3)=9344.4/A**2 MEV

 IREC=0  =>  RECOIL TERMS j+j-, j+j+, jzjz, ETC TREATED AS ONE-BODY OPERATORS WITH UU+VV PAIRING FACTORS



 S. P. LEVEL   EQP       U     V        (UU + VV)**1.00

     24       4.606    0.096 0.995      1.000 1.000 1.000 0.994 0.991 0.954 0.926 0.855 0.441 0.414 0.380 0.379 0.322 0.212 0.196
     25       4.530    0.097 0.995      1.000 1.000 1.000 0.994 0.991 0.955 0.926 0.856 0.443 0.416 0.382 0.380 0.324 0.214 0.198
     26       3.894    0.113 0.994      1.000 1.000 1.000 0.996 0.993 0.960 0.932 0.864 0.457 0.430 0.396 0.395 0.339 0.230 0.214
     27       2.225    0.201 0.980      0.994 0.994 0.996 1.000 1.000 0.981 0.961 0.905 0.534 0.509 0.476 0.475 0.421 0.315 0.300
     28       1.961    0.230 0.973      0.991 0.991 0.993 1.000 1.000 0.986 0.968 0.917 0.559 0.534 0.502 0.501 0.447 0.343 0.328
     29       1.224    0.389 0.921      0.954 0.955 0.960 0.981 0.986 1.000 0.996 0.971 0.689 0.667 0.639 0.638 0.590 0.494 0.480
     30       1.065    0.465 0.885      0.926 0.926 0.932 0.961 0.968 0.996 1.000 0.988 0.748 0.728 0.702 0.701 0.656 0.566 0.553
     31       0.914    0.598 0.801      0.855 0.856 0.864 0.905 0.917 0.971 0.988 1.000 0.843 0.826 0.805 0.804 0.766 0.688 0.677
     32       1.325    0.935 0.354      0.441 0.443 0.457 0.534 0.559 0.689 0.748 0.843 1.000 1.000 0.998 0.998 0.992 0.971 0.967
     33       1.425    0.946 0.325      0.414 0.416 0.430 0.509 0.534 0.667 0.728 0.826 1.000 1.000 0.999 0.999 0.995 0.977 0.974
     34       1.579    0.957 0.290      0.380 0.382 0.396 0.476 0.502 0.639 0.702 0.805 0.998 0.999 1.000 1.000 0.998 0.985 0.982
     35       1.585    0.957 0.289      0.379 0.380 0.395 0.475 0.501 0.638 0.701 0.804 0.998 0.999 1.000 1.000 0.998 0.985 0.982
     36       1.958    0.973 0.230      0.322 0.324 0.339 0.421 0.447 0.590 0.656 0.766 0.992 0.995 0.998 0.998 1.000 0.994 0.992
     37       3.745    0.993 0.118      0.212 0.214 0.230 0.315 0.343 0.494 0.566 0.688 0.971 0.977 0.985 0.985 0.994 1.000 1.000
     38       4.326    0.995 0.102      0.196 0.198 0.214 0.300 0.328 0.480 0.553 0.677 0.967 0.974 0.982 0.982 0.992 1.000 1.000

  R CORE   ENERGY   A0R/A00=1.000    R3= 0     2  
   2( 1)    0.732                    1.000 0.000
   2( 2)  487.921                    0.000 1.000

  R CORE   ENERGY   A0R/A00=1.000    R3= 0     2  
   3( 1)  488.652                    0.000 1.000

  R CORE   ENERGY   A0R/A00=1.000    R3= 0     2     4  
   4( 1)    2.438                    1.000 0.000 0.000

  R CORE   ENERGY   A0R/A00=1.000    R3= 0     2     4  
   5( 1)  490.847                    0.000 1.000 0.000

  R CORE   ENERGY   A0R/A00=1.000    R3= 0     2     4     6  
   6( 1)    5.121                    1.000 0.000 0.000 0.000

  R CORE   ENERGY   A0R/A00=1.000    R3= 0     2     4     6  
   7( 1)  494.017                    0.000 1.000 0.000 0.000

          AXIAL SYMMETRY => K RESTRICTED TO OMEGA

                     K
     S.P. ORB#: 24  2.50
     S.P. ORB#: 25 -1.50
     S.P. ORB#: 26  0.50
     S.P. ORB#: 27  0.50
     S.P. ORB#: 28  2.50
     S.P. ORB#: 29  2.50
     S.P. ORB#: 30 -5.50
     S.P. ORB#: 31 -3.50
     S.P. ORB#: 32  0.50
     S.P. ORB#: 33  0.50
     S.P. ORB#: 34 -3.50
     S.P. ORB#: 35 -1.50
     S.P. ORB#: 36 -1.50
     S.P. ORB#: 37 -3.50
     S.P. ORB#: 38  4.50
 

             ENERGY    K= OMEGA
 
 I=  1/2- (1)  2.857  33:-0.999
 
 I=  1/2- (2)  4.947  27:-0.637
                      32: 0.771
 
 I=  1/2- (3)  5.766  26: 0.999
 
 I=  1/2- (4)  6.249  27: 0.771
                      32: 0.637
 
 I=  1/2- (5)147.888  35: 1.000

             ENERGY    K= OMEGA
 
 I=  3/2- (1)  2.924  33:-0.779
                      35:-0.627
 
 I=  3/2- (2)  3.168  26: 0.118
                      33:-0.621
                      35: 0.775

             ENERGY    K= OMEGA
 
 I=  5/2- (1)  3.029  29: 0.981
                      33:-0.056
                      35: 0.177
 
 I=  5/2- (2)  3.472  26: 0.176
                      29: 0.182
                      33: 0.533
                      35:-0.807
 
 I=  5/2- (3)  4.088  29: 0.051
                      33:-0.833
                      35:-0.547
 
 I=  5/2- (4)  5.276  25:-0.057
                      27: 0.682
                      28: 0.068
                      32:-0.658
                      36:-0.306
 
 I=  5/2- (5)  6.665  24:-0.051
                      26:-0.982
                      33: 0.136
                      35:-0.121

             ENERGY    K= OMEGA
 
 I=  7/2- (1)  2.667  24:-0.193
                      29: 0.118
                      31: 0.974
 
 I=  7/2- (2)  3.685  24:-0.062
                      29:-0.890
                      31: 0.085
                      33: 0.078
                      35: 0.200
                      37: 0.389
 
 I=  7/2- (3)  4.146  29: 0.142
                      33: 0.817
                      35: 0.544
                      37:-0.114
 
 I=  7/2- (4)  4.609  24:-0.054
                      26: 0.220
                      33:-0.546
                      35: 0.781
                      37:-0.196
 
 I=  7/2- (5)  4.942  29:-0.414
                      31: 0.062
                      35:-0.153
                      37:-0.893

             ENERGY    K= OMEGA
 
 I=  9/2- (1)  3.266  24: 0.250
                      29:-0.135
                      31: 0.906
                      38:-0.310
 
 I=  9/2- (2)  4.589  24:-0.085
                      26: 0.067
                      29:-0.828
                      31:-0.108
                      33: 0.104
                      35:-0.256
                      37:-0.463
 
 I=  9/2- (3)  5.125  26: 0.278
                      29: 0.204
                      31: 0.065
                      33: 0.540
                      35:-0.738
                      37: 0.196
 
 I=  9/2- (4)  5.603  24: 0.111
                      29:-0.200
                      31: 0.256
                      37: 0.263
                      38: 0.902
 
 I=  9/2- (5)  6.108  25:-0.397
                      27: 0.465
                      28: 0.593
                      32:-0.249
                      34:-0.394
                      36:-0.238

             ENERGY    K= OMEGA
 
 I= 11/2- (1)  2.403  30:-1.000
 
 I= 11/2- (2)  4.132  24:-0.289
                      29: 0.143
                      31: 0.871
                      37:-0.050
                      38: 0.366
 
 I= 11/2- (3)  5.754  24:-0.102
                      29:-0.804
                      31: 0.121
                      33: 0.101
                      35: 0.240
                      37: 0.510
 
 I= 11/2- (4)  6.257  25: 0.465
                      27: 0.448
                      28: 0.590
                      32: 0.292
                      34: 0.340
                      36: 0.186
 
 I= 11/2- (5)  6.345  26:-0.070
                      29: 0.149
                      31:-0.053
                      33: 0.834
                      35: 0.498
                      37:-0.154

             ENERGY    K= OMEGA
 
 I= 13/2- (1)  3.984  30: 0.998
 
 I= 13/2- (2)  5.251  24: 0.319
                      29:-0.146
                      31: 0.847
                      37:-0.064
                      38:-0.389
 
 I= 13/2- (3)  7.132  24: 0.117
                      26:-0.122
                      29: 0.753
                      31: 0.113
                      33:-0.157
                      35: 0.329
                      37: 0.509
 
 I= 13/2- (4)  7.230  25:-0.494
                      27: 0.308
                      28: 0.680
                      32:-0.074
                      34:-0.408
                      36:-0.164
 
 I= 13/2- (5)  7.705  26: 0.348
                      29: 0.270
                      31: 0.094
                      33: 0.525
                      35:-0.669
                      37: 0.265
                      38:-0.053

             ENERGY     K= 9/2
  32 LEVELS    TIME=  0.0 SEC



 ******************* EXCITATION ENERGIES, DOMINANT CONFIGURATION AND EXPECTATION VALUES (WITH S.P. UU+VV FACTORS) *******************

  NR  Eex(keV)  I   Kdom  NY    <Jz>  <Jx**2> <Jy**2> <Jz**2> <I.j>/|I|  <Rx**2> <Ry**2> <Rz**2> <R.j>/|R|  <HROTx> <HROTy> <HROTz>

   1    0.0  11/2- -11/2  30   -5.49    2.75    2.75   30.24    5.06       5.48    5.48    0.00   -1.65      0.668   0.668   0.000
   2  264.0   7/2-  -7/2  31   -3.19    6.50    6.50   11.94    3.46       6.60    6.60    0.00   -3.08      0.804   0.804   0.001
   3  454.2   1/2-   1/2  33    0.50    5.41    5.41    0.25    0.06       5.86    5.86    0.00   -3.22      0.714   0.714   0.000
   4  521.0   3/2-   1/2  33   -0.29    5.41    5.41    1.04    0.99       5.88    5.88   -0.00   -2.90      0.717   0.717  -0.000
   5  625.6   5/2-   5/2  29    2.37    6.17    6.17    6.10    2.12       7.32    7.32    0.00   -3.18      0.893   0.893   0.000
  
   6  764.7   3/2-  -3/2  35   -0.70    5.44    5.44    1.45    0.74       6.61    6.61   -0.00   -3.00      0.806   0.806  -0.000
   7  862.7   9/2-  -7/2  31   -2.25    6.21    6.21   12.52    3.52       7.32    7.32    0.00   -1.94      0.892   0.892   0.000
   8 1068.8   5/2-  -3/2  35   -0.73    5.54    5.54    1.76    1.06       7.67    7.67   -0.00   -2.48      0.935   0.935  -0.000
   9 1281.9   7/2-   5/2  29    1.38    5.53    5.53    7.00    2.14       8.42    8.42    0.00   -2.33      1.026   1.026   0.000
  10 1580.9  13/2- -11/2  30   -5.48    2.75    2.75   30.21    4.34      11.95   11.95    0.00   -1.11      1.456   1.456   0.000
  
  11 1685.0   5/2-   1/2  33   -0.09    5.43    5.43    0.87   -0.15      10.69   10.69   -0.00   -2.63      1.304   1.304  -0.000
  12 1729.2  11/2-  -7/2  31   -1.80    6.12    6.12   12.69    3.40      10.00   10.00    0.00   -1.03      1.219   1.219   0.000
  13 1742.9   7/2-   1/2  33   -0.11    5.39    5.39    1.13    0.76      10.83   10.83    0.00   -1.91      1.321   1.321   0.000
  14 2185.6   9/2-   5/2  29    0.85    5.25    5.25    7.25    1.99      11.34   11.34    0.00   -1.65      1.383   1.383   0.000
  15 2206.2   7/2-  -3/2  35   -0.87    5.40    5.40    1.97    0.63      11.77   11.77   -0.00   -2.12      1.435   1.435  -0.000
  
  16 2539.5   7/2-  -7/2  37   -2.41    3.10    3.10   10.94    2.39       6.95    6.95    0.00   -2.05      0.848   0.848   0.000
  17 2544.3   1/2-   1/2  32    0.50   14.08   14.08    0.25    1.42      13.35   13.35    0.00   -5.26      1.628   1.628   0.000
  18 2721.8   9/2-  -3/2  35   -0.67    5.54    5.54    2.13    1.07      13.68   13.68   -0.00   -1.51      1.668   1.668  -0.000
  19 2847.8  13/2-  -7/2  31   -1.55    6.10    6.10   12.74    3.27      14.04   14.04    0.00   -0.40      1.712   1.712   0.000
  20 2872.8   5/2-   1/2  27    0.32   14.15   14.15    0.47    1.54      14.19   14.19    0.00   -4.54      1.730   1.730   0.000
  
  21 3199.6   9/2-   9/2  38    3.32    2.83    2.83   18.44    3.54       6.81    6.81   -0.00   -1.76      0.831   0.831  -0.000
  22 3350.7  11/2-   5/2  29    0.60    5.05    5.05    7.61    1.85      15.66   15.66    0.00   -1.19      1.909   1.909   0.000
  23 3362.7   1/2-   1/2  26    0.50    7.76    7.76    0.25    0.65       7.69    7.69    0.00   -3.87      0.938   0.938   0.000
  24 3704.9   9/2-   5/2  28    0.15   19.67   19.67    4.66    3.79      15.52   15.52    0.00   -4.51      1.892   1.892   0.000
  25 3845.8   1/2-   1/2  27    0.50   16.38   16.38    0.25   -1.29      18.00   18.00    0.00   -5.69      2.195   2.195   0.000
  
  26 3854.4  11/2-   5/2  28    0.23   20.38   20.38    4.23    4.15      15.53   15.53    0.00   -3.62      1.894   1.894   0.000
  27 3941.7  11/2-   1/2  33   -0.05    5.35    5.35    1.22    0.69      19.74   19.74    0.00   -1.25      2.407   2.407   0.000
  28 4261.8   5/2-   1/2  26    0.48    7.67    7.67    0.30    0.17      11.68   11.68    0.00   -3.13      1.424   1.424   0.000
  29 4728.6  13/2-   5/2  29    0.36    5.03    5.03    7.21    1.72      21.03   21.03    0.00   -0.82      2.564   2.564   0.000
  30 4826.6  13/2-   5/2  28    0.22   21.28   21.28    5.56    4.19      19.21   19.21    0.00   -3.05      2.342   2.342   0.000
  
  31 5301.9  13/2-  -3/2  35   -0.55    5.56    5.56    2.59    1.09      23.60   23.60    0.00   -0.89      2.878   2.878   0.000
  32*******   1/2-  -3/2  35    0.00    0.00    0.00    0.00   -0.00       0.00    0.00    0.00   -0.00      0.000   0.000   0.000
