1SPECTRUM OF (Z= 82 A=207) IN PARTICLE-ROTOR  MODEL WITH MODIFIED OSCILLATOR POTENTIAL


 PARITY=-   EPS= 0.436   GAMMA=  0.0   EPS4=0.000   EPS6=0.000   LEVELS:  24  25  26  27  28  29  30  31  32  33  34  35  36  37  38

 PAIRING FACTORS: GN0= 19.20  GN1=  7.40  IPAIR= 15 ***  E2PLUS(INPUT)=   0.730  E2PLUR(INPUT)=   0.000

 CORIOLIS ATTENUATION PARAMETERS:  CHSI=1.000  ETA=  1.00

 MOMENT OF INERTIA PARAMETERS:   A1=  0.122 MEV   A2=  0.122 MEV   A3=121.91923 MEV


 DELTA=0.852 MEV  LAMBDA=53.4826 MEV   HW0= 7.5910 MEV   LAMBDA/HW0= 7.0455

 E2ENERGY=0.730 MEV  HBAR**2/B=35247./A**(7/3)=5958.5/A**2 MEV

 IREC=0  =>  RECOIL TERMS j+j-, j+j+, jzjz, ETC TREATED AS ONE-BODY OPERATORS WITH UU+VV PAIRING FACTORS



 S. P. LEVEL   EQP       U     V        (UU + VV)**1.00

     24       4.250    0.101 0.995      1.000 1.000 0.999 0.998 0.996 0.990 0.940 0.834 0.765 0.717 0.369 0.341 0.300 0.262 0.238
     25       4.048    0.106 0.994      1.000 1.000 0.999 0.999 0.997 0.990 0.942 0.837 0.768 0.721 0.374 0.346 0.305 0.267 0.243
     26       3.021    0.142 0.990      0.999 0.999 1.000 1.000 0.999 0.995 0.954 0.856 0.791 0.746 0.408 0.380 0.340 0.303 0.278
     27       2.718    0.159 0.987      0.998 0.999 1.000 1.000 1.000 0.996 0.958 0.865 0.801 0.757 0.423 0.395 0.356 0.318 0.294
     28       2.356    0.184 0.983      0.996 0.997 0.999 1.000 1.000 0.998 0.965 0.877 0.816 0.773 0.446 0.419 0.379 0.342 0.319
     29       1.812    0.242 0.970      0.990 0.990 0.995 0.996 0.998 1.000 0.979 0.904 0.849 0.810 0.499 0.472 0.434 0.398 0.375
     30       1.089    0.434 0.901      0.940 0.942 0.954 0.958 0.965 0.979 1.000 0.972 0.939 0.912 0.664 0.641 0.608 0.576 0.555
     31       0.869    0.633 0.774      0.834 0.837 0.856 0.865 0.877 0.904 0.972 1.000 0.993 0.983 0.821 0.803 0.777 0.751 0.734
     32       0.852    0.718 0.696      0.765 0.768 0.791 0.801 0.816 0.849 0.939 0.993 1.000 0.997 0.881 0.866 0.844 0.822 0.807
     33       0.865    0.765 0.643      0.717 0.721 0.746 0.757 0.773 0.810 0.912 0.983 0.997 1.000 0.912 0.900 0.880 0.860 0.847
     34       1.616    0.962 0.274      0.369 0.374 0.408 0.423 0.446 0.499 0.664 0.821 0.881 0.912 1.000 1.000 0.997 0.994 0.990
     35       1.797    0.970 0.244      0.341 0.346 0.380 0.395 0.419 0.472 0.641 0.803 0.866 0.900 1.000 1.000 0.999 0.997 0.994
     36       2.146    0.979 0.203      0.300 0.305 0.340 0.356 0.379 0.434 0.608 0.777 0.844 0.880 0.997 0.999 1.000 0.999 0.998
     37       2.638    0.987 0.164      0.262 0.267 0.303 0.318 0.342 0.398 0.576 0.751 0.822 0.860 0.994 0.997 0.999 1.000 1.000
     38       3.099    0.990 0.139      0.238 0.243 0.278 0.294 0.319 0.375 0.555 0.734 0.807 0.847 0.990 0.994 0.998 1.000 1.000

  R CORE   ENERGY   A0R/A00=1.000    R3= 0     2  
   2( 1)    0.732                    1.000 0.000
   2( 2)  487.921                    0.000 1.000

  R CORE   ENERGY   A0R/A00=1.000    R3= 0     2  
   3( 1)  488.652                    0.000 1.000

  R CORE   ENERGY   A0R/A00=1.000    R3= 0     2     4  
   4( 1)    2.438                    1.000 0.000 0.000

  R CORE   ENERGY   A0R/A00=1.000    R3= 0     2     4  
   5( 1)  490.847                    0.000 1.000 0.000

  R CORE   ENERGY   A0R/A00=1.000    R3= 0     2     4     6  
   6( 1)    5.121                    1.000 0.000 0.000 0.000

  R CORE   ENERGY   A0R/A00=1.000    R3= 0     2     4     6  
   7( 1)  494.017                    0.000 1.000 0.000 0.000

          AXIAL SYMMETRY => K RESTRICTED TO OMEGA

                     K
     S.P. ORB#: 24  0.50
     S.P. ORB#: 25  0.50
     S.P. ORB#: 26 -5.50
     S.P. ORB#: 27 -1.50
     S.P. ORB#: 28  2.50
     S.P. ORB#: 29 -3.50
     S.P. ORB#: 30  2.50
     S.P. ORB#: 31  0.50
     S.P. ORB#: 32 -1.50
     S.P. ORB#: 33  0.50
     S.P. ORB#: 34 -3.50
     S.P. ORB#: 35 -3.50
     S.P. ORB#: 36  4.50
     S.P. ORB#: 37  0.50
     S.P. ORB#: 38 -1.50
 

             ENERGY    K= OMEGA
 
 I=  1/2- (1)  2.210  31:-0.999
 
 I=  1/2- (2)  3.624  25:-0.251
                      33: 0.922
                      37:-0.296
 
 I=  1/2- (3)  5.996  24: 0.999
 
 I=  1/2- (4)  6.649  25:-0.251
                      33: 0.233
                      37: 0.939
 
 I=  1/2- (5) 10.198  25: 0.935
                      33: 0.310
                      37: 0.173

             ENERGY    K= OMEGA
 
 I=  3/2- (1)  2.183  31: 0.480
                      32:-0.877
 
 I=  3/2- (2)  2.398  24: 0.180
                      31: 0.865
                      32: 0.469

             ENERGY    K= OMEGA
 
 I=  5/2- (1)  2.517  24: 0.234
                      31:-0.500
                      32:-0.833
 
 I=  5/2- (2)  3.395  24: 0.064
                      28: 0.064
                      31:-0.847
                      32: 0.523
 
 I=  5/2- (3)  3.797  25: 0.204
                      33:-0.832
                      37: 0.442
                      38: 0.266
 
 I=  5/2- (4)  4.159  28:-0.997
                      32: 0.072
 
 I=  5/2- (5)  5.906  25: 0.190
                      27:-0.576
                      30: 0.794

             ENERGY    K= OMEGA
 
 I=  7/2- (1)  2.525  28:-0.159
                      34: 0.986
 
 I=  7/2- (2)  3.414  28: 0.066
                      31: 0.674
                      32:-0.734
 
 I=  7/2- (3)  3.605  24: 0.313
                      28:-0.076
                      29:-0.112
                      31: 0.699
                      32: 0.628
 
 I=  7/2- (4)  3.737  28:-0.162
                      29:-0.977
                      32:-0.121
 
 I=  7/2- (5)  4.043  25: 0.060
                      27:-0.152
                      30:-0.165
                      33:-0.872
                      35:-0.061
                      37:-0.252
                      38:-0.344

             ENERGY    K= OMEGA
 
 I=  9/2- (1)  3.050  28:-0.101
                      29: 0.233
                      34:-0.371
                      36:-0.893
 
 I=  9/2- (2)  3.623  28:-0.208
                      29:-0.138
                      31:-0.055
                      32:-0.096
                      34:-0.891
                      36: 0.360
 
 I=  9/2- (3)  3.874  24: 0.360
                      31:-0.542
                      32:-0.747
                      34: 0.125
 
 I=  9/2- (4)  4.682  25:-0.143
                      27:-0.070
                      30: 0.136
                      33: 0.773
                      35:-0.068
                      37:-0.487
                      38:-0.342
 
 I=  9/2- (5)  4.910  28: 0.253
                      29:-0.929
                      31:-0.054
                      36:-0.263

             ENERGY    K= OMEGA
 
 I= 11/2- (1)  3.940  25: 0.476
                      27: 0.557
                      30: 0.480
                      33: 0.383
                      35: 0.208
                      37: 0.122
                      38: 0.167
 
 I= 11/2- (2)  4.172  26:-0.235
                      28:-0.141
                      29:-0.295
                      34: 0.411
                      36:-0.818
 
 I= 11/2- (3)  4.372  26:-0.971
                      29: 0.073
                      34:-0.133
                      36: 0.177
 
 I= 11/2- (4)  4.943  28: 0.242
                      29:-0.199
                      32:-0.070
                      34:-0.852
                      36:-0.411
 
 I= 11/2- (5)  5.432  25:-0.348
                      27:-0.207
                      30:-0.178
                      33: 0.759
                      35:-0.101
                      37: 0.291
                      38: 0.366

             ENERGY    K= OMEGA
 
 I= 13/2- (1)  5.546  26: 0.159
                      28:-0.180
                      29: 0.343
                      32:-0.053
                      34:-0.445
                      36:-0.789
 
 I= 13/2- (2)  5.744  25:-0.168
                      27: 0.558
                      30:-0.673
                      33:-0.208
                      35: 0.367
                      37: 0.094
                      38: 0.143
 
 I= 13/2- (3)  5.954  26:-0.982
                      28:-0.054
                      29: 0.052
                      32:-0.060
                      34:-0.126
                      36:-0.085
 
 I= 13/2- (4)  6.069  24:-0.440
                      26:-0.079
                      28: 0.072
                      31: 0.541
                      32: 0.696
                      36:-0.120
 
 I= 13/2- (5)  6.504  24:-0.058
                      26: 0.061
                      28:-0.257
                      29:-0.240
                      31: 0.081
                      32: 0.070
                      34:-0.825
                      36: 0.421

             ENERGY     K=-3/2
  32 LEVELS    TIME=  0.0 SEC



 ******************* EXCITATION ENERGIES, DOMINANT CONFIGURATION AND EXPECTATION VALUES (WITH S.P. UU+VV FACTORS) *******************

  NR  Eex(keV)  I   Kdom  NY    <Jz>  <Jx**2> <Jy**2> <Jz**2> <I.j>/|I|  <Rx**2> <Ry**2> <Rz**2> <R.j>/|R|  <HROTx> <HROTy> <HROTz>

   1    0.0   3/2-  -3/2  32   -1.04    5.12    5.12    1.79    1.27       5.43    5.43    0.00   -2.90      0.663   0.663   0.000
   2   27.0   1/2-   1/2  31    0.50    5.13    5.13    0.25    0.19       5.47    5.47   -0.00   -3.13      0.667   0.667  -0.000
   3  214.4   3/2-   1/2  31    0.06    5.05    5.05    0.69    0.74       5.84    5.84    0.00   -2.74      0.712   0.712   0.000
   4  333.9   5/2-  -3/2  32   -0.88    5.32    5.32    1.65    1.52       6.03    6.03    0.00   -2.25      0.735   0.735   0.000
   5  341.1   7/2-  -7/2  34   -3.35    2.33    2.33   12.09    3.18       3.65    3.65    0.00   -1.54      0.445   0.445   0.000
  
   6  866.3   9/2-   9/2  36    2.94    2.63    2.63   18.57    4.06       4.07    4.07    0.00   -1.27      0.496   0.496   0.000
   7 1211.4   5/2-   1/2  31   -0.04    5.15    5.15    0.82   -0.12      10.29   10.29    0.00   -2.53      1.255   1.255   0.000
   8 1230.9   7/2-  -3/2  32   -0.58    5.11    5.11    1.39    0.82      10.44   10.44    0.00   -1.83      1.272   1.272   0.000
   9 1421.6   7/2-   1/2  31   -0.33    5.17    5.17    1.23    0.97       9.80    9.80    0.00   -1.74      1.195   1.195   0.000
  10 1439.2   9/2-  -7/2  34   -2.17    2.47    2.47   12.88    2.71       7.82    7.82    0.00   -1.10      0.953   0.953   0.000
  
  11 1440.7   1/2-   1/2  33    0.50   10.25   10.25    0.25    1.03       9.86    9.86    0.00   -4.47      1.202   1.202   0.000
  12 1553.4   7/2-  -7/2  29   -3.30    6.27    6.27   11.90    3.08       7.88    7.88    0.00   -3.08      0.961   0.961   0.000
  13 1613.8   5/2-   1/2  33    0.36   10.94   10.94    0.39    2.06       9.41    9.41    0.00   -3.73      1.147   1.147   0.000
  14 1690.5   9/2-  -3/2  32   -0.68    5.49    5.49    1.58    1.64      10.50   10.50    0.00   -0.96      1.281   1.281   0.000
  15 1756.7  11/2-  -3/2  27    0.11   23.60   23.60    2.83    6.08       6.56    6.56    0.00   -3.78      0.799   0.799   0.000
  
  16 1859.2   7/2-   1/2  33    0.26   15.14   15.14    0.74    3.06      11.23   11.23    0.00   -3.98      1.369   1.369   0.000
  17 1975.6   5/2-   5/2  28    2.48    6.11    6.11    6.22    2.08       7.43    7.43    0.00   -3.18      0.906   0.906   0.000
  18 1988.3  11/2-   9/2  36    1.86    2.84    2.84   18.47    3.57       8.58    8.58    0.00   -0.67      1.046   1.046   0.000
  19 2189.0  11/2- -11/2  26   -5.12    2.76    2.76   29.47    4.95       5.79    5.79    0.00   -1.59      0.706   0.706   0.000
  20 2498.4   9/2-   1/2  33    0.27   12.09   12.09    0.66    2.47      12.52   12.52    0.00   -2.51      1.526   1.526   0.000
  
  21 2726.8   9/2-  -7/2  29   -2.55    5.99    5.99   12.38    2.43      12.47   12.47    0.00   -2.46      1.521   1.521   0.000
  22 2759.8  11/2-  -7/2  34   -1.79    2.56    2.56   13.22    2.34      13.07   13.07    0.00   -0.85      1.594   1.594   0.000
  23 3248.3  11/2-   1/2  33    0.17   12.76   12.76    0.92    2.71      14.91   14.91    0.00   -1.88      1.818   1.818   0.000
  24 3362.9  13/2-   9/2  36    1.64    3.03    3.03   17.45    3.11      14.43   14.43    0.00   -0.34      1.759   1.759   0.000
  25 3560.9  13/2-   5/2  30    0.20   23.09   23.09    5.25    4.87      16.09   16.09    0.00   -3.07      1.962   1.962   0.000
  
  26 3723.0   5/2-   5/2  30    1.10   23.19   23.19    4.69    4.33      17.10   17.10    0.00   -6.54      2.085   2.085   0.000
  27 3770.9  13/2- -11/2  26   -5.33    2.78    2.78   29.58    4.26      12.21   12.21    0.00   -1.09      1.489   1.489   0.000
  28 3812.1   1/2-   1/2  24    0.50    7.24    7.24    0.25    0.64       7.19    7.19    0.00   -3.74      0.877   0.877   0.000
  29 3885.5  13/2-  -3/2  32   -0.45    5.65    5.65    1.77    1.78      18.50   18.50    0.00   -0.11      2.256   2.256   0.000
  30 4320.9  13/2-  -7/2  34   -1.64    2.68    2.68   13.17    2.04      19.39   19.39    0.00   -0.69      2.364   2.364   0.000
  
  31 4465.3   1/2-   1/2  37    0.50   15.67   15.67    0.25   -0.35      16.48   16.48    0.00   -5.56      2.009   2.009   0.000
  32 8014.4   1/2-   1/2  25    0.50   23.10   23.10    0.25   -3.52      26.65   26.65   -0.00   -6.78      3.249   3.249  -0.000
