1SPECTRUM OF (Z= 82 A=207) IN PARTICLE-ROTOR  MODEL WITH MODIFIED OSCILLATOR POTENTIAL


 PARITY=-   EPS= 0.666   GAMMA=  0.0   EPS4=0.000   EPS6=0.000   LEVELS:  24  25  26  27  28  29  30  31  32  33  34  35  36  37  38

 PAIRING FACTORS: GN0= 19.20  GN1=  7.40  IPAIR= 15 ***  E2PLUS(INPUT)=   0.730  E2PLUR(INPUT)=   0.000

 CORIOLIS ATTENUATION PARAMETERS:  CHSI=1.000  ETA=  1.00

 MOMENT OF INERTIA PARAMETERS:   A1=  0.122 MEV   A2=  0.122 MEV   A3=121.91924 MEV


 DELTA=0.845 MEV  LAMBDA=53.8537 MEV   HW0= 7.8849 MEV   LAMBDA/HW0= 6.8300

 E2ENERGY=0.730 MEV  HBAR**2/B=82244./A**(7/3)=******/A**2 MEV

 IREC=0  =>  RECOIL TERMS j+j-, j+j+, jzjz, ETC TREATED AS ONE-BODY OPERATORS WITH UU+VV PAIRING FACTORS



 S. P. LEVEL   EQP       U     V        (UU + VV)**1.00

     24       4.785    0.089 0.996      1.000 1.000 1.000 0.999 0.999 0.944 0.722 0.555 0.462 0.399 0.296 0.250 0.239 0.202 0.173
     25       4.270    0.099 0.995      1.000 1.000 1.000 1.000 0.999 0.947 0.729 0.564 0.472 0.409 0.306 0.261 0.250 0.212 0.183
     26       3.596    0.118 0.993      1.000 1.000 1.000 1.000 1.000 0.953 0.742 0.580 0.489 0.426 0.324 0.279 0.268 0.231 0.202
     27       3.301    0.129 0.992      0.999 1.000 1.000 1.000 1.000 0.956 0.749 0.589 0.498 0.436 0.334 0.289 0.279 0.241 0.212
     28       3.246    0.131 0.991      0.999 0.999 1.000 1.000 1.000 0.957 0.751 0.591 0.500 0.438 0.337 0.292 0.281 0.244 0.215
     29       1.123    0.413 0.911      0.944 0.947 0.953 0.956 0.957 1.000 0.910 0.799 0.730 0.680 0.595 0.557 0.547 0.515 0.489
     30       0.853    0.753 0.658      0.722 0.729 0.742 0.749 0.751 0.910 1.000 0.976 0.947 0.923 0.875 0.851 0.845 0.824 0.806
     31       1.004    0.878 0.479      0.555 0.564 0.580 0.589 0.591 0.799 0.976 1.000 0.994 0.984 0.959 0.944 0.940 0.927 0.915
     32       1.197    0.924 0.382      0.462 0.472 0.489 0.498 0.500 0.730 0.947 0.994 1.000 0.998 0.984 0.974 0.972 0.962 0.953
     33       1.410    0.949 0.316      0.399 0.409 0.426 0.436 0.438 0.680 0.923 0.984 0.998 1.000 0.994 0.988 0.986 0.979 0.972
     34       2.059    0.978 0.210      0.296 0.306 0.324 0.334 0.337 0.595 0.875 0.959 0.984 0.994 1.000 0.999 0.998 0.995 0.992
     35       2.622    0.987 0.163      0.250 0.261 0.279 0.289 0.292 0.557 0.851 0.944 0.974 0.988 0.999 1.000 1.000 0.999 0.997
     36       2.807    0.988 0.152      0.239 0.250 0.268 0.279 0.281 0.547 0.845 0.940 0.972 0.986 0.998 1.000 1.000 0.999 0.998
     37       3.725    0.993 0.114      0.202 0.212 0.231 0.241 0.244 0.515 0.824 0.927 0.962 0.979 0.995 0.999 0.999 1.000 1.000
     38       5.016    0.996 0.085      0.173 0.183 0.202 0.212 0.215 0.489 0.806 0.915 0.953 0.972 0.992 0.997 0.998 1.000 1.000

  R CORE   ENERGY   A0R/A00=1.000    R3= 0     2  
   2( 1)    0.732                    1.000 0.000
   2( 2)  487.921                    0.000 1.000

  R CORE   ENERGY   A0R/A00=1.000    R3= 0     2  
   3( 1)  488.652                    0.000 1.000

  R CORE   ENERGY   A0R/A00=1.000    R3= 0     2     4  
   4( 1)    2.438                    1.000 0.000 0.000

  R CORE   ENERGY   A0R/A00=1.000    R3= 0     2     4  
   5( 1)  490.847                    0.000 1.000 0.000

  R CORE   ENERGY   A0R/A00=1.000    R3= 0     2     4     6  
   6( 1)    5.121                    1.000 0.000 0.000 0.000

  R CORE   ENERGY   A0R/A00=1.000    R3= 0     2     4     6  
   7( 1)  494.017                    0.000 1.000 0.000 0.000

          AXIAL SYMMETRY => K RESTRICTED TO OMEGA

                     K
     S.P. ORB#: 24 -1.50
     S.P. ORB#: 25  2.50
     S.P. ORB#: 26  0.50
     S.P. ORB#: 27  2.50
     S.P. ORB#: 28  4.50
     S.P. ORB#: 29  0.50
     S.P. ORB#: 30 -1.50
     S.P. ORB#: 31  2.50
     S.P. ORB#: 32 -3.50
     S.P. ORB#: 33 -3.50
     S.P. ORB#: 34 -5.50
     S.P. ORB#: 35  0.50
     S.P. ORB#: 36 -1.50
     S.P. ORB#: 37 -1.50
     S.P. ORB#: 38  0.50
 

             ENERGY    K= OMEGA
 
 I=  1/2- (1)  4.129  26:-0.066
                      35:-0.998
 
 I=  1/2- (2)  5.395  29:-0.993
                      38:-0.118
 
 I=  1/2- (3)  5.573  26: 0.998
                      35:-0.066
 
 I=  1/2- (4)  9.123  29: 0.118
                      38:-0.993
 
 I=  1/2- (5)147.156  30:-1.000

             ENERGY    K= OMEGA
 
 I=  3/2- (1)  4.193  35:-0.836
                      36:-0.546
 
 I=  3/2- (2)  4.430  26: 0.142
                      35:-0.537
                      36: 0.832

             ENERGY    K= OMEGA
 
 I=  5/2- (1)  2.792  24: 0.107
                      31: 0.992
                      36: 0.069
 
 I=  5/2- (2)  4.783  25: 0.052
                      26:-0.229
                      31:-0.057
                      35:-0.512
                      36: 0.824
 
 I=  5/2- (3)  5.335  27:-0.092
                      29: 0.300
                      30:-0.910
                      37:-0.112
                      38: 0.248
 
 I=  5/2- (4)  5.351  26: 0.070
                      35: 0.838
                      36: 0.537
 
 I=  5/2- (5)  6.289  27:-0.067
                      29:-0.887
                      30:-0.349
                      37: 0.273
                      38:-0.108

             ENERGY    K= OMEGA
 
 I=  7/2- (1)  3.272  24: 0.080
                      25: 0.099
                      31:-0.478
                      33:-0.869
 
 I=  7/2- (2)  3.637  24:-0.142
                      25: 0.067
                      31: 0.857
                      33:-0.481
                      36:-0.098
 
 I=  7/2- (3)  5.391  24: 0.095
                      26: 0.067
                      35:-0.860
                      36:-0.494
 
 I=  7/2- (4)  5.887  25: 0.077
                      26:-0.266
                      31:-0.106
                      35: 0.463
                      36:-0.834
 
 I=  7/2- (5)  6.023  27:-0.203
                      29:-0.389
                      30: 0.812
                      32:-0.241
                      37:-0.118
                      38: 0.277

             ENERGY    K= OMEGA
 
 I=  9/2- (1)  4.206  24: 0.123
                      25:-0.136
                      28: 0.058
                      31: 0.564
                      33:-0.801
                      36: 0.054
 
 I=  9/2- (2)  4.694  24: 0.168
                      25: 0.111
                      28:-0.062
                      31: 0.786
                      33: 0.565
                      36: 0.129
 
 I=  9/2- (3)  5.660  28: 0.996
                      33: 0.080
 
 I=  9/2- (4)  6.485  24: 0.061
                      25:-0.076
                      26: 0.348
                      31: 0.111
                      35: 0.527
                      36:-0.760
 
 I=  9/2- (5)  6.597  27:-0.232
                      29: 0.340
                      30:-0.795
                      32: 0.259
                      37:-0.117
                      38: 0.343

             ENERGY    K= OMEGA
 
 I= 11/2- (1)  3.346  28: 0.122
                      34: 0.993
 
 I= 11/2- (2)  5.371  24:-0.161
                      25:-0.163
                      28: 0.068
                      31: 0.608
                      33: 0.753
                      36:-0.064
 
 I= 11/2- (3)  5.975  24:-0.191
                      25: 0.149
                      28:-0.086
                      31: 0.735
                      33:-0.608
                      36:-0.148
 
 I= 11/2- (4)  7.064  28: 0.986
                      33:-0.103
                      34:-0.120
 
 I= 11/2- (5)  7.554  24: 0.132
                      25: 0.062
                      26: 0.099
                      35:-0.869
                      36:-0.461

             ENERGY    K= OMEGA
 
 I= 13/2- (1)  4.868  28:-0.176
                      34: 0.984
 
 I= 13/2- (2)  6.767  24: 0.194
                      25:-0.185
                      28: 0.070
                      31: 0.635
                      33:-0.715
                      36: 0.078
 
 I= 13/2- (3)  7.478  24:-0.205
                      25:-0.184
                      26: 0.076
                      28: 0.099
                      31:-0.688
                      33:-0.632
                      36:-0.183
 
 I= 13/2- (4)  8.674  27:-0.320
                      29: 0.319
                      30:-0.719
                      32: 0.350
                      37:-0.099
                      38: 0.382
 
 I= 13/2- (5)  8.717  25:-0.051
                      28:-0.976
                      33:-0.110
                      34:-0.172

             ENERGY     K= 1/2
  32 LEVELS    TIME=  0.0 SEC



 ******************* EXCITATION ENERGIES, DOMINANT CONFIGURATION AND EXPECTATION VALUES (WITH S.P. UU+VV FACTORS) *******************

  NR  Eex(keV)  I   Kdom  NY    <Jz>  <Jx**2> <Jy**2> <Jz**2> <I.j>/|I|  <Rx**2> <Ry**2> <Rz**2> <R.j>/|R|  <HROTx> <HROTy> <HROTz>

   1    0.0   5/2-   5/2  31    2.43    6.39    6.39    6.18    2.28       7.11    7.11    0.00   -3.24      0.867   0.867   0.000
   2  480.8   7/2-  -7/2  33   -2.06    6.52    6.52   10.74    3.01       7.81    7.81   -0.00   -2.99      0.952   0.952  -0.000
   3  554.2  11/2- -11/2  34   -5.35    2.82    2.82   30.10    5.11       5.20    5.20    0.00   -1.61      0.634   0.634   0.000
   4  845.2   7/2-   5/2  31    0.99    6.43    6.43    7.52    2.04       9.96    9.96   -0.00   -2.75      1.215   1.215  -0.000
   5 1337.2   1/2-   1/2  35    0.50    5.67    5.67    0.25    0.01       6.16    6.16    0.00   -3.30      0.751   0.751   0.000
  
   6 1401.6   3/2-   1/2  35   -0.10    5.68    5.68    0.85    0.92       6.20    6.20    0.00   -2.96      0.756   0.756   0.000
   7 1414.7   9/2-  -7/2  33   -1.42    6.57    6.57   10.07    2.50      11.53   11.53   -0.00   -2.24      1.405   1.405  -0.000
   8 1638.7   3/2-  -3/2  36   -0.88    5.74    5.74    1.63    0.84       6.81    6.81    0.00   -3.11      0.830   0.830   0.000
   9 1902.6   9/2-   5/2  31    0.41    6.48    6.48    8.03    1.82      13.82   13.82   -0.00   -2.27      1.685   1.685  -0.000
  10 1990.8   5/2-  -3/2  36   -0.85    5.82    5.82    1.64    0.98       8.13    8.13    0.00   -2.58      0.991   0.991   0.000
  
  11 2076.4  13/2- -11/2  34   -5.19    2.90    2.90   29.94    4.42      11.37   11.37    0.00   -1.02      1.386   1.386   0.000
  12 2543.6   5/2-  -3/2  30   -1.16   16.40   16.40    1.98    1.61      17.00   17.00    0.00   -5.15      2.073   2.073   0.000
  13 2558.9   5/2-   1/2  35   -0.07    5.70    5.70    0.85   -0.15      10.94   10.94    0.00   -2.71      1.334   1.334   0.000
  14 2579.2  11/2-  -7/2  33   -1.02    6.62    6.62    9.60    2.20      16.12   16.12   -0.00   -1.70      1.965   1.965  -0.000
  15 2599.2   7/2-   1/2  35   -0.00    5.71    5.71    0.78    0.73      11.06   11.06    0.00   -1.97      1.349   1.349   0.000
  
  16 2603.1   1/2-   1/2  29    0.50   16.82   16.82    0.25    0.02      17.30   17.30    0.00   -5.76      2.109   2.109   0.000
  17 2781.1   1/2-   1/2  26    0.50    8.14    8.14    0.25    0.59       8.13    8.13   -0.00   -3.97      0.991   0.991  -0.000
  18 2868.8   9/2-   9/2  28    4.45    7.61    7.61   20.19    4.05       9.95    9.95   -0.00   -3.42      1.213   1.213  -0.000
  19 3095.5   7/2-  -3/2  36   -0.86    5.90    5.90    1.75    0.52      12.61   12.61    0.00   -2.29      1.537   1.537   0.000
  20 3183.4  11/2-   5/2  31    0.06    6.53    6.53    8.33    1.66      18.65   18.65   -0.00   -1.88      2.274   2.274  -0.000
  
  21 3231.4   7/2-  -3/2  30   -1.00   17.52   17.52    2.54    1.91      19.07   19.07    0.00   -4.86      2.325   2.325   0.000
  22 3496.9   5/2-   1/2  29    0.12   17.07   17.07    0.67    0.50      20.30   20.30    0.00   -5.23      2.475   2.475   0.000
  23 3693.2   9/2-  -3/2  36   -0.63    6.01    6.01    1.54    0.85      14.94   14.94    0.00   -1.71      1.821   1.821   0.000
  24 3805.4   9/2-  -3/2  30   -0.95   16.91   16.91    2.67    2.01      20.63   20.63    0.00   -4.12      2.515   2.515   0.000
  25 3974.9  13/2-  -7/2  33   -0.74    6.67    6.67    9.22    2.01      21.63   21.63   -0.00   -1.30      2.637   2.637  -0.000
  
  26 4272.0  11/2-   9/2  28    4.26    7.54    7.54   20.28    3.30      15.81   15.81   -0.00   -2.78      1.927   1.927  -0.000
  27 4686.5  13/2-   5/2  31   -0.20    6.57    6.57    8.47    1.55      24.37   24.37   -0.00   -1.55      2.971   2.971  -0.000
  28 4762.1  11/2-   1/2  35    0.04    5.75    5.75    0.75    0.69      19.85   19.85    0.00   -1.29      2.420   2.420   0.000
  29 5881.9  13/2-  -3/2  30   -0.84   17.44   17.44    3.39    2.20      28.15   28.15    0.00   -3.05      3.432   3.432   0.000
  30 5925.2  13/2-   9/2  28    4.09    7.46    7.46   20.36    2.77      22.67   22.67   -0.00   -2.37      2.764   2.764  -0.000
  
  31 6331.6   1/2-   1/2  38    0.50   16.79   16.79    0.25    0.26      17.06   17.06    0.00   -5.75      2.080   2.080   0.000
  32*******   1/2-  -3/2  30    0.00    0.00    0.00    0.00   -0.00       0.00    0.00    0.00   -0.00      0.000   0.000   0.000
