1SPECTRUM OF (Z= 82 A=207) IN PARTICLE-ROTOR  MODEL WITH MODIFIED OSCILLATOR POTENTIAL


 PARITY=-   EPS= 0.606   GAMMA=  0.0   EPS4=0.000   EPS6=0.000   LEVELS:  24  25  26  27  28  29  30  31  32  33  34  35  36  37  38

 PAIRING FACTORS: GN0= 19.20  GN1=  7.40  IPAIR= 15 ***  E2PLUS(INPUT)=   0.730  E2PLUR(INPUT)=   0.000

 CORIOLIS ATTENUATION PARAMETERS:  CHSI=1.000  ETA=  1.00

 MOMENT OF INERTIA PARAMETERS:   A1=  0.122 MEV   A2=  0.122 MEV   A3=121.91923 MEV


 DELTA=0.905 MEV  LAMBDA=53.6822 MEV   HW0= 7.7897 MEV   LAMBDA/HW0= 6.8915

 E2ENERGY=0.730 MEV  HBAR**2/B=68093./A**(7/3)=******/A**2 MEV

 IREC=0  =>  RECOIL TERMS j+j-, j+j+, jzjz, ETC TREATED AS ONE-BODY OPERATORS WITH UU+VV PAIRING FACTORS



 S. P. LEVEL   EQP       U     V        (UU + VV)**1.00

     24       4.519    0.101 0.995      1.000 1.000 1.000 1.000 0.997 0.850 0.755 0.645 0.577 0.481 0.449 0.337 0.316 0.213 0.193
     25       4.051    0.112 0.994      1.000 1.000 1.000 1.000 0.998 0.856 0.763 0.654 0.587 0.491 0.460 0.348 0.327 0.224 0.205
     26       3.830    0.119 0.993      1.000 1.000 1.000 1.000 0.999 0.859 0.767 0.659 0.592 0.497 0.465 0.354 0.334 0.231 0.211
     27       3.559    0.128 0.992      1.000 1.000 1.000 1.000 0.999 0.864 0.773 0.666 0.600 0.505 0.474 0.363 0.342 0.240 0.220
     28       2.687    0.171 0.985      0.997 0.998 0.999 0.999 1.000 0.885 0.800 0.698 0.634 0.542 0.511 0.402 0.383 0.282 0.262
     29       0.936    0.610 0.792      0.850 0.856 0.859 0.864 0.885 1.000 0.987 0.951 0.921 0.871 0.853 0.782 0.769 0.696 0.681
     30       0.907    0.728 0.685      0.755 0.763 0.767 0.773 0.800 0.987 1.000 0.988 0.971 0.938 0.925 0.871 0.861 0.801 0.789
     31       0.971    0.825 0.565      0.645 0.654 0.659 0.666 0.698 0.951 0.988 1.000 0.996 0.980 0.972 0.937 0.929 0.884 0.874
     32       1.056    0.871 0.492      0.577 0.587 0.592 0.600 0.634 0.921 0.971 0.996 1.000 0.994 0.989 0.963 0.957 0.921 0.913
     33       1.260    0.921 0.390      0.481 0.491 0.497 0.505 0.542 0.871 0.938 0.980 0.994 1.000 0.999 0.988 0.984 0.959 0.953
     34       1.357    0.934 0.357      0.449 0.460 0.465 0.474 0.511 0.853 0.925 0.972 0.989 0.999 1.000 0.993 0.990 0.969 0.963
     35       1.942    0.971 0.240      0.337 0.348 0.354 0.363 0.402 0.782 0.871 0.937 0.963 0.988 0.993 1.000 1.000 0.992 0.989
     36       2.117    0.976 0.219      0.316 0.327 0.334 0.342 0.383 0.769 0.861 0.929 0.957 0.984 0.990 1.000 1.000 0.994 0.992
     37       4.012    0.994 0.114      0.213 0.224 0.231 0.240 0.282 0.696 0.801 0.884 0.921 0.959 0.969 0.992 0.994 1.000 1.000
     38       4.863    0.996 0.093      0.193 0.205 0.211 0.220 0.262 0.681 0.789 0.874 0.913 0.953 0.963 0.989 0.992 1.000 1.000

  R CORE   ENERGY   A0R/A00=1.000    R3= 0     2  
   2( 1)    0.732                    1.000 0.000
   2( 2)  487.921                    0.000 1.000

  R CORE   ENERGY   A0R/A00=1.000    R3= 0     2  
   3( 1)  488.652                    0.000 1.000

  R CORE   ENERGY   A0R/A00=1.000    R3= 0     2     4  
   4( 1)    2.438                    1.000 0.000 0.000

  R CORE   ENERGY   A0R/A00=1.000    R3= 0     2     4  
   5( 1)  490.847                    0.000 1.000 0.000

  R CORE   ENERGY   A0R/A00=1.000    R3= 0     2     4     6  
   6( 1)    5.121                    1.000 0.000 0.000 0.000

  R CORE   ENERGY   A0R/A00=1.000    R3= 0     2     4     6  
   7( 1)  494.017                    0.000 1.000 0.000 0.000

          AXIAL SYMMETRY => K RESTRICTED TO OMEGA

                     K
     S.P. ORB#: 24  2.50
     S.P. ORB#: 25  4.50
     S.P. ORB#: 26  0.50
     S.P. ORB#: 27  0.50
     S.P. ORB#: 28  2.50
     S.P. ORB#: 29  2.50
     S.P. ORB#: 30  0.50
     S.P. ORB#: 31 -3.50
     S.P. ORB#: 32 -5.50
     S.P. ORB#: 33 -1.50
     S.P. ORB#: 34 -3.50
     S.P. ORB#: 35  0.50
     S.P. ORB#: 36 -1.50
     S.P. ORB#: 37 -1.50
     S.P. ORB#: 38 -3.50
 

             ENERGY    K= OMEGA
 
 I=  1/2- (1)  3.414  35:-0.999
 
 I=  1/2- (2)  4.783  27:-0.378
                      30: 0.926
 
 I=  1/2- (3)  5.757  26: 0.999
 
 I=  1/2- (4)  7.423  27: 0.926
                      30: 0.378
 
 I=  1/2- (5)147.563  33: 1.000

             ENERGY    K= OMEGA
 
 I=  3/2- (1)  3.483  35:-0.808
                      36:-0.589
 
 I=  3/2- (2)  3.724  26:-0.118
                      35: 0.582
                      36:-0.804

             ENERGY    K= OMEGA
 
 I=  5/2- (1)  2.765  29: 0.996
                      36: 0.084
 
 I=  5/2- (2)  4.055  26: 0.187
                      29: 0.079
                      35: 0.521
                      36:-0.828
 
 I=  5/2- (3)  4.643  26:-0.054
                      35:-0.841
                      36:-0.537
 
 I=  5/2- (4)  4.690  27: 0.477
                      30:-0.762
                      33:-0.352
                      37: 0.260
 
 I=  5/2- (5)  6.094  28:-0.121
                      30:-0.393
                      33: 0.903
                      37: 0.121

             ENERGY    K= OMEGA
 
 I=  7/2- (1)  2.813  24:-0.150
                      29: 0.189
                      31: 0.970
 
 I=  7/2- (2)  3.469  24:-0.058
                      29:-0.942
                      31: 0.177
                      36: 0.119
                      38: 0.251
 
 I=  7/2- (3)  4.703  29: 0.073
                      35: 0.838
                      36: 0.537
 
 I=  7/2- (4)  5.180  24: 0.062
                      26:-0.226
                      29:-0.073
                      35: 0.522
                      36:-0.813
                      38: 0.071
 
 I=  7/2- (5)  5.347  27:-0.335
                      30:-0.858
                      33:-0.150
                      37:-0.355

             ENERGY    K= OMEGA
 
 I=  9/2- (1)  3.720  24:-0.212
                      25: 0.050
                      29: 0.261
                      31:-0.939
 
 I=  9/2- (2)  4.396  24:-0.092
                      29:-0.892
                      31:-0.242
                      36:-0.149
                      38:-0.336
 
 I=  9/2- (3)  5.458  27: 0.503
                      30:-0.725
                      33:-0.335
                      37: 0.329
 
 I=  9/2- (4)  5.739  24: 0.053
                      26:-0.297
                      29:-0.115
                      35:-0.535
                      36: 0.773
                      38:-0.093
 
 I=  9/2- (5)  6.464  25: 0.995
                      31: 0.054
                      38:-0.059

             ENERGY    K= OMEGA
 
 I= 11/2- (1)  2.288  25: 0.140
                      32: 0.990
 
 I= 11/2- (2)  4.846  24:-0.257
                      25: 0.061
                      29: 0.307
                      31: 0.911
                      38:-0.081
 
 I= 11/2- (3)  5.554  24:-0.124
                      29:-0.850
                      31: 0.282
                      36: 0.165
                      38: 0.389
 
 I= 11/2- (4)  6.435  27: 0.400
                      28: 0.078
                      30: 0.801
                      33: 0.183
                      34: 0.052
                      37: 0.396
 
 I= 11/2- (5)  6.902  26: 0.065
                      29:-0.085
                      35:-0.852
                      36:-0.502
                      38: 0.079

             ENERGY    K= OMEGA
 
 I= 13/2- (1)  3.747  25: 0.201
                      32:-0.979
 
 I= 13/2- (2)  6.200  24:-0.292
                      25: 0.063
                      29: 0.337
                      31:-0.885
                      38: 0.110
 
 I= 13/2- (3)  6.940  24:-0.152
                      29:-0.813
                      31:-0.306
                      35: 0.053
                      36:-0.193
                      38:-0.421
 
 I= 13/2- (4)  7.157  27: 0.512
                      30:-0.707
                      33:-0.319
                      37: 0.368
 
 I= 13/2- (5)  8.346  26: 0.380
                      29: 0.133
                      31: 0.086
                      35: 0.529
                      36:-0.727
                      38: 0.137

             ENERGY     K=-7/2
  32 LEVELS    TIME=  0.0 SEC



 ******************* EXCITATION ENERGIES, DOMINANT CONFIGURATION AND EXPECTATION VALUES (WITH S.P. UU+VV FACTORS) *******************

  NR  Eex(keV)  I   Kdom  NY    <Jz>  <Jx**2> <Jy**2> <Jz**2> <I.j>/|I|  <Rx**2> <Ry**2> <Rz**2> <R.j>/|R|  <HROTx> <HROTy> <HROTz>

   1    0.0  11/2- -11/2  32   -5.30    2.85    2.85   30.05    5.17       4.81    4.81    0.00   -1.55      0.586   0.586   0.000
   2  477.8   5/2-   5/2  29    2.47    6.28    6.28    6.22    2.13       7.46    7.46    0.00   -3.23      0.909   0.909   0.000
   3  525.6   7/2-  -7/2  31   -3.15    6.52    6.52   11.90    3.31       7.23    7.23    0.00   -3.11      0.882   0.882   0.000
   4 1126.1   1/2-   1/2  35    0.50    5.55    5.55    0.25    0.03       6.02    6.02    0.00   -3.26      0.734   0.734   0.000
   5 1181.5   7/2-   5/2  29    1.88    5.98    5.98    6.76    2.01       9.25    9.25    0.00   -2.49      1.127   1.127   0.000
  
   6 1195.2   3/2-   1/2  35   -0.19    5.55    5.55    0.94    0.94       6.07    6.07    0.00   -2.93      0.740   0.740   0.000
   7 1431.9   9/2-  -7/2  31   -2.80    6.62    6.62   11.59    2.86      10.56   10.56    0.00   -2.31      1.288   1.288   0.000
   8 1435.9   3/2-  -3/2  36   -0.79    5.59    5.59    1.54    0.78       6.73    6.73    0.00   -3.06      0.821   0.821   0.000
   9 1459.5  13/2- -11/2  32   -5.10    2.95    2.95   29.84    4.54      10.54   10.54    0.00   -0.88      1.285   1.285   0.000
  10 1767.7   5/2-  -3/2  36   -0.86    5.66    5.66    1.67    1.00       7.91    7.91    0.00   -2.52      0.965   0.965   0.000
  
  11 2108.0   9/2-   5/2  29    1.38    5.74    5.74    7.19    1.93      12.10   12.10    0.00   -1.84      1.476   1.476   0.000
  12 2355.5   5/2-   1/2  35   -0.07    5.56    5.56    0.84   -0.16      10.84   10.84    0.00   -2.67      1.322   1.322   0.000
  13 2402.6   5/2-   1/2  30    0.12   14.53   14.53    0.64    2.44      12.00   12.00    0.00   -4.59      1.463   1.463   0.000
  14 2415.0   7/2-   1/2  35   -0.07    5.55    5.55    0.89    0.70      11.09   11.09    0.00   -1.96      1.352   1.352   0.000
  15 2495.3   1/2-   1/2  30    0.50   14.97   14.97    0.25    1.30      14.34   14.34    0.00   -5.43      1.749   1.749   0.000
  
  16 2558.8  11/2-  -7/2  31   -2.51    6.69    6.69   11.33    2.58      14.79   14.79   -0.00   -1.70      1.804   1.804  -0.000
  17 2891.9   7/2-  -3/2  36   -0.83    5.68    5.68    1.70    0.52      12.33   12.33    0.00   -2.21      1.504   1.504   0.000
  18 3059.6   7/2-   1/2  30    0.20   17.98   17.98    0.57    2.72      15.34   15.34    0.00   -4.65      1.870   1.870   0.000
  19 3170.1   9/2-   1/2  30    0.06   14.46   14.46    0.69    2.58      14.37   14.37   -0.00   -3.13      1.751   1.751  -0.000
  20 3266.3  11/2-   5/2  29    1.01    5.57    5.57    7.54    1.86      16.11   16.11    0.00   -1.33      1.964   1.964   0.000
  
  21 3451.3   9/2-  -3/2  36   -0.71    5.78    5.78    1.68    0.93      14.38   14.38    0.00   -1.61      1.754   1.754   0.000
  22 3469.4   1/2-   1/2  26    0.50    7.96    7.96    0.25    0.63       7.92    7.92    0.00   -3.93      0.966   0.966   0.000
  23 3806.2   5/2-  -3/2  33   -1.13   16.96   16.96    2.00    0.86      19.79   19.79    0.00   -5.30      2.413   2.413   0.000
  24 3911.9  13/2-  -7/2  31   -2.28    6.74    6.74   11.11    2.39      19.97   19.97    0.00   -1.25      2.435   2.435   0.000
  25 4147.7  11/2-   1/2  30    0.12   18.08   18.08    0.70    2.92      18.84   18.84    0.00   -3.16      2.297   2.297   0.000
  
  26 4176.4   9/2-   9/2  25    4.44    7.61    7.61   20.14    4.04       9.95    9.95    0.00   -3.42      1.213   1.213   0.000
  27 4614.8  11/2-   1/2  35   -0.02    5.54    5.54    0.91    0.63      20.08   20.08    0.00   -1.29      2.448   2.448   0.000
  28 4652.1  13/2-   5/2  29    0.72    5.45    5.45    7.74    1.80      21.16   21.16    0.00   -0.94      2.580   2.580   0.000
  29 4869.2  13/2-   1/2  30    0.03   14.46   14.46    0.73    2.62      20.91   20.91    0.00   -1.76      2.549   2.549   0.000
  30 5135.3   1/2-   1/2  27    0.50   15.83   15.83    0.25   -1.24      17.40   17.40    0.00   -5.59      2.122   2.122   0.000
  
  31 6058.5  13/2-  -3/2  36   -0.62    5.88    5.88    1.76    0.93      24.62   24.62    0.00   -1.00      3.001   3.001   0.000
  32*******   1/2-  -3/2  33    0.00    0.00    0.00    0.00   -0.00       0.00    0.00    0.00   -0.00      0.000   0.000   0.000
