1SPECTRUM OF (Z= 82 A=207) IN PARTICLE-ROTOR  MODEL WITH MODIFIED OSCILLATOR POTENTIAL


 PARITY=-   EPS= 0.621   GAMMA=  0.0   EPS4=0.000   EPS6=0.000   LEVELS:  24  25  26  27  28  29  30  31  32  33  34  35  36  37  38

 PAIRING FACTORS: GN0= 19.20  GN1=  7.40  IPAIR= 15 ***  E2PLUS(INPUT)=   0.730  E2PLUR(INPUT)=   0.000

 CORIOLIS ATTENUATION PARAMETERS:  CHSI=1.000  ETA=  1.00

 MOMENT OF INERTIA PARAMETERS:   A1=  0.122 MEV   A2=  0.122 MEV   A3=121.91924 MEV


 DELTA=0.889 MEV  LAMBDA=53.7474 MEV   HW0= 7.8121 MEV   LAMBDA/HW0= 6.8800

 E2ENERGY=0.730 MEV  HBAR**2/B=71505./A**(7/3)=******/A**2 MEV

 IREC=0  =>  RECOIL TERMS j+j-, j+j+, jzjz, ETC TREATED AS ONE-BODY OPERATORS WITH UU+VV PAIRING FACTORS



 S. P. LEVEL   EQP       U     V        (UU + VV)**1.00

     24       4.487    0.100 0.995      1.000 1.000 1.000 1.000 0.998 0.831 0.801 0.584 0.536 0.484 0.460 0.316 0.298 0.213 0.188
     25       3.894    0.115 0.993      1.000 1.000 1.000 1.000 0.999 0.840 0.810 0.596 0.549 0.498 0.474 0.330 0.313 0.228 0.203
     26       3.881    0.115 0.993      1.000 1.000 1.000 1.000 0.999 0.840 0.810 0.597 0.550 0.498 0.474 0.331 0.313 0.228 0.204
     27       3.801    0.118 0.993      1.000 1.000 1.000 1.000 0.999 0.841 0.811 0.599 0.552 0.500 0.477 0.333 0.315 0.231 0.206
     28       2.864    0.157 0.988      0.998 0.999 0.999 0.999 1.000 0.862 0.834 0.630 0.585 0.534 0.511 0.370 0.353 0.269 0.245
     29       0.906    0.636 0.772      0.831 0.840 0.840 0.841 0.862 1.000 0.999 0.937 0.915 0.889 0.876 0.790 0.778 0.720 0.702
     30       0.892    0.676 0.737      0.801 0.810 0.810 0.811 0.834 0.999 1.000 0.954 0.935 0.912 0.900 0.821 0.810 0.756 0.739
     31       1.026    0.866 0.500      0.584 0.596 0.597 0.599 0.630 0.937 0.954 1.000 0.998 0.993 0.989 0.955 0.949 0.917 0.907
     32       1.107    0.893 0.450      0.536 0.549 0.550 0.552 0.585 0.915 0.935 0.998 1.000 0.998 0.996 0.970 0.965 0.939 0.930
     33       1.226    0.919 0.395      0.484 0.498 0.498 0.500 0.534 0.889 0.912 0.993 0.998 1.000 1.000 0.983 0.979 0.958 0.950
     34       1.294    0.929 0.370      0.460 0.474 0.474 0.477 0.511 0.876 0.900 0.989 0.996 1.000 1.000 0.988 0.985 0.965 0.959
     35       2.076    0.976 0.220      0.316 0.330 0.331 0.333 0.370 0.790 0.821 0.955 0.970 0.983 0.988 1.000 1.000 0.994 0.991
     36       2.255    0.980 0.201      0.298 0.313 0.313 0.315 0.353 0.778 0.810 0.949 0.965 0.979 0.985 1.000 1.000 0.996 0.994
     37       3.908    0.993 0.115      0.213 0.228 0.228 0.231 0.269 0.720 0.756 0.917 0.939 0.958 0.965 0.994 0.996 1.000 1.000
     38       4.989    0.996 0.089      0.188 0.203 0.204 0.206 0.245 0.702 0.739 0.907 0.930 0.950 0.959 0.991 0.994 1.000 1.000

  R CORE   ENERGY   A0R/A00=1.000    R3= 0     2  
   2( 1)    0.732                    1.000 0.000
   2( 2)  487.921                    0.000 1.000

  R CORE   ENERGY   A0R/A00=1.000    R3= 0     2  
   3( 1)  488.652                    0.000 1.000

  R CORE   ENERGY   A0R/A00=1.000    R3= 0     2     4  
   4( 1)    2.438                    1.000 0.000 0.000

  R CORE   ENERGY   A0R/A00=1.000    R3= 0     2     4  
   5( 1)  490.847                    0.000 1.000 0.000

  R CORE   ENERGY   A0R/A00=1.000    R3= 0     2     4     6  
   6( 1)    5.121                    1.000 0.000 0.000 0.000

  R CORE   ENERGY   A0R/A00=1.000    R3= 0     2     4     6  
   7( 1)  494.017                    0.000 1.000 0.000 0.000

          AXIAL SYMMETRY => K RESTRICTED TO OMEGA

                     K
     S.P. ORB#: 24  2.50
     S.P. ORB#: 25  0.50
     S.P. ORB#: 26  4.50
     S.P. ORB#: 27  0.50
     S.P. ORB#: 28  2.50
     S.P. ORB#: 29  0.50
     S.P. ORB#: 30  2.50
     S.P. ORB#: 31 -3.50
     S.P. ORB#: 32 -1.50
     S.P. ORB#: 33 -5.50
     S.P. ORB#: 34 -3.50
     S.P. ORB#: 35  0.50
     S.P. ORB#: 36 -1.50
     S.P. ORB#: 37 -1.50
     S.P. ORB#: 38  4.50
 

             ENERGY    K= OMEGA
 
 I=  1/2- (1)  3.557  35:-0.999
 
 I=  1/2- (2)  4.791  25:-0.361
                      29: 0.933
 
 I=  1/2- (3)  5.742  27: 0.999
 
 I=  1/2- (4)  7.769  25: 0.933
                      29: 0.361
 
 I=  1/2- (5)147.410  32: 1.000

             ENERGY    K= OMEGA
 
 I=  3/2- (1)  3.626  35: 0.814
                      36: 0.580
 
 I=  3/2- (2)  3.867  27:-0.118
                      35: 0.574
                      36:-0.810

             ENERGY    K= OMEGA
 
 I=  5/2- (1)  2.726  30: 0.997
                      36: 0.079
 
 I=  5/2- (2)  4.207  27: 0.189
                      30: 0.073
                      35: 0.518
                      36:-0.830
 
 I=  5/2- (3)  4.678  25: 0.474
                      29:-0.739
                      32: 0.416
                      37: 0.236
 
 I=  5/2- (4)  4.786  27:-0.057
                      35:-0.843
                      36:-0.533
 
 I=  5/2- (5)  5.994  28: 0.113
                      29: 0.443
                      32: 0.880
                      37:-0.124

             ENERGY    K= OMEGA
 
 I=  7/2- (1)  2.887  24:-0.138
                      30: 0.213
                      31: 0.967
 
 I=  7/2- (2)  3.596  24: 0.060
                      30: 0.968
                      31:-0.205
                      36:-0.128
 
 I=  7/2- (3)  4.849  30:-0.086
                      35:-0.844
                      36:-0.526
 
 I=  7/2- (4)  5.331  24:-0.062
                      27: 0.226
                      30: 0.097
                      35:-0.512
                      36: 0.820
 
 I=  7/2- (5)  5.411  25: 0.351
                      28: 0.056
                      29: 0.849
                      32:-0.217
                      37: 0.322

             ENERGY    K= OMEGA
 
 I=  9/2- (1)  3.819  24:-0.198
                      26: 0.053
                      30: 0.255
                      31:-0.945
 
 I=  9/2- (2)  4.693  24: 0.092
                      30: 0.948
                      31: 0.236
                      36: 0.184
 
 I=  9/2- (3)  5.445  25: 0.515
                      29:-0.702
                      32: 0.390
                      37: 0.293
 
 I=  9/2- (4)  5.916  24: 0.051
                      27:-0.302
                      30:-0.175
                      31:-0.054
                      35:-0.536
                      36: 0.765
 
 I=  9/2- (5)  6.275  28: 0.332
                      29: 0.084
                      32: 0.090
                      34:-0.820
                      37:-0.058
                      38: 0.445

             ENERGY    K= OMEGA
 
 I= 11/2- (1)  2.482  26: 0.128
                      33: 0.992
 
 I= 11/2- (2)  4.980  24:-0.246
                      26: 0.068
                      30: 0.269
                      31: 0.929
 
 I= 11/2- (3)  6.024  24: 0.117
                      30: 0.934
                      31:-0.237
                      35:-0.065
                      36:-0.230
 
 I= 11/2- (4)  6.415  25: 0.297
                      28: 0.271
                      29: 0.523
                      32:-0.222
                      34: 0.571
                      37: 0.246
                      38: 0.358
 
 I= 11/2- (5)  6.619  25:-0.300
                      28: 0.185
                      29:-0.603
                      32: 0.104
                      34: 0.551
                      37:-0.264
                      38: 0.358

             ENERGY    K= OMEGA
 
 I= 13/2- (1)  3.969  26: 0.184
                      33:-0.983
 
 I= 13/2- (2)  6.372  24:-0.286
                      26: 0.074
                      30: 0.271
                      31:-0.916
 
 I= 13/2- (3)  7.054  25: 0.268
                      28: 0.294
                      29:-0.318
                      32: 0.245
                      34:-0.673
                      37: 0.132
                      38: 0.459
 
 I= 13/2- (4)  7.179  25: 0.461
                      28:-0.141
                      29:-0.610
                      32: 0.284
                      34: 0.388
                      37: 0.302
                      38:-0.270
 
 I= 13/2- (5)  7.570  24: 0.137
                      27:-0.093
                      30: 0.904
                      31: 0.219
                      35:-0.104
                      36: 0.308

             ENERGY     K= 9/2
  32 LEVELS    TIME=  0.0 SEC



 ******************* EXCITATION ENERGIES, DOMINANT CONFIGURATION AND EXPECTATION VALUES (WITH S.P. UU+VV FACTORS) *******************

  NR  Eex(keV)  I   Kdom  NY    <Jz>  <Jx**2> <Jy**2> <Jz**2> <I.j>/|I|  <Rx**2> <Ry**2> <Rz**2> <R.j>/|R|  <HROTx> <HROTy> <HROTz>

   1    0.0  11/2- -11/2  33   -5.34    2.83    2.83   30.09    5.15       4.97    4.97   -0.00   -1.58      0.606   0.606  -0.000
   2  244.6   5/2-   5/2  30    2.47    6.30    6.30    6.22    2.13       7.48    7.48    0.00   -3.24      0.912   0.912   0.000
   3  405.5   7/2-  -7/2  31   -3.11    6.52    6.52   11.86    3.26       7.39    7.39    0.00   -3.11      0.901   0.901   0.000
   4 1075.6   1/2-   1/2  35    0.50    5.58    5.58    0.25    0.02       6.06    6.06    0.00   -3.27      0.739   0.739   0.000
   5 1114.1   7/2-   5/2  30    2.18    6.28    6.28    6.43    1.63      10.91   10.91    0.00   -2.68      1.331   1.331   0.000
  
   6 1144.8   3/2-   1/2  35   -0.17    5.58    5.58    0.92    0.93       6.11    6.11    0.00   -2.94      0.745   0.745   0.000
   7 1337.7   9/2-  -7/2  31   -2.85    6.58    6.58   11.65    2.79      10.90   10.90    0.00   -2.34      1.329   1.329   0.000
   8 1385.2   3/2-  -3/2  36   -0.81    5.62    5.62    1.56    0.78       6.77    6.77    0.00   -3.07      0.825   0.825   0.000
   9 1487.6  13/2- -11/2  33   -5.16    2.92    2.92   29.91    4.49      10.88   10.88    0.00   -0.94      1.327   1.327   0.000
  10 1725.7   5/2-  -3/2  36   -0.86    5.69    5.69    1.67    0.98       7.99    7.99    0.00   -2.54      0.974   0.974   0.000
  
  11 2196.5   5/2-   1/2  29    0.04   14.46   14.46    0.71    2.47      11.88   11.88    0.00   -4.58      1.449   1.449   0.000
  12 2211.5   9/2-   5/2  30    2.03    6.27    6.27    6.44    1.34      15.21   15.21    0.00   -2.23      1.855   1.855   0.000
  13 2304.5   5/2-   1/2  35   -0.06    5.59    5.59    0.83   -0.17      10.88   10.88    0.00   -2.68      1.326   1.326   0.000
  14 2309.7   1/2-   1/2  29    0.50   14.98   14.98    0.25    1.32      14.34   14.34   -0.00   -5.43      1.748   1.748  -0.000
  15 2367.5   7/2-   1/2  35   -0.04    5.59    5.59    0.86    0.68      11.18   11.18    0.00   -1.97      1.364   1.364   0.000
  
  16 2498.6  11/2-  -7/2  31   -2.67    6.65    6.65   11.50    2.50      15.35   15.35    0.00   -1.78      1.871   1.871   0.000
  17 2849.6   7/2-  -3/2  36   -0.82    5.74    5.74    1.68    0.49      12.50   12.50    0.00   -2.24      1.525   1.525   0.000
  18 2928.9   7/2-   1/2  29    0.20   18.16   18.16    0.59    2.70      15.62   15.62    0.00   -4.69      1.904   1.904   0.000
  19 2963.5   9/2-   1/2  29    0.02   14.31   14.31    0.76    2.59      14.17   14.17    0.00   -3.10      1.727   1.727   0.000
  20 3260.0   1/2-   1/2  27    0.50    8.01    8.01    0.25    0.62       7.97    7.97    0.00   -3.94      0.972   0.972   0.000
  
  21 3434.7   9/2-  -3/2  36   -0.61    5.86    5.86    1.66    0.86      14.81   14.81    0.00   -1.68      1.806   1.806   0.000
  22 3512.9   5/2-  -3/2  32   -1.06   16.89   16.89    1.91    0.77      19.93   19.93    0.00   -5.29      2.430   2.430   0.000
  23 3542.2  11/2-   5/2  30    1.94    6.25    6.25    6.36    1.14      20.48   20.48    0.00   -1.88      2.497   2.497   0.000
  24 3793.8   9/2-  -7/2  34   -1.20   21.30   21.30   12.97    4.72      16.69   16.69   -0.00   -5.56      2.035   2.035  -0.000
  25 3890.3  13/2-  -7/2  31   -2.53    6.71    6.71   11.38    2.30      20.74   20.74    0.00   -1.36      2.529   2.529   0.000
  
  26 3933.5  11/2-  -7/2  34   -0.37   19.83   19.83    7.39    4.00      17.47   17.47   -0.00   -3.91      2.130   2.130  -0.000
  27 4137.2  11/2-   1/2  29   -0.29   19.60   19.60    6.82    3.74      18.55   18.55   -0.00   -3.89      2.262   2.262  -0.000
  28 4572.7  13/2-  -7/2  34   -0.45   19.48   19.48   10.57    4.30      19.13   19.13   -0.00   -3.16      2.332   2.332  -0.000
  29 4697.5  13/2-   1/2  29   -0.11   15.94   15.94    3.98    3.15      20.31   20.31    0.00   -2.18      2.477   2.477   0.000
  30 5088.2  13/2-   5/2  30    1.79    6.23    6.23    6.05    1.04      26.38   26.38    0.00   -1.55      3.217   3.217   0.000
  
  31 5287.3   1/2-   1/2  25    0.50   15.89   15.89    0.25   -1.27      17.49   17.49    0.00   -5.60      2.132   2.132   0.000
  32*******   1/2-  -3/2  32    0.00    0.00    0.00    0.00   -0.00       0.00    0.00    0.00   -0.00      0.000   0.000   0.000
