1SPECTRUM OF (Z= 82 A=207) IN PARTICLE-ROTOR  MODEL WITH MODIFIED OSCILLATOR POTENTIAL


 PARITY=-   EPS= 0.544   GAMMA=  0.0   EPS4=0.000   EPS6=0.000   LEVELS:  24  25  26  27  28  29  30  31  32  33  34  35  36  37  38

 PAIRING FACTORS: GN0= 19.20  GN1=  7.40  IPAIR= 15 ***  E2PLUS(INPUT)=   0.730  E2PLUR(INPUT)=   0.000

 CORIOLIS ATTENUATION PARAMETERS:  CHSI=1.000  ETA=  1.00

 MOMENT OF INERTIA PARAMETERS:   A1=  0.122 MEV   A2=  0.122 MEV   A3=121.91924 MEV


 DELTA=0.872 MEV  LAMBDA=53.4454 MEV   HW0= 7.7061 MEV   LAMBDA/HW0= 6.9355

 E2ENERGY=0.730 MEV  HBAR**2/B=54872./A**(7/3)=9276.0/A**2 MEV

 IREC=0  =>  RECOIL TERMS j+j-, j+j+, jzjz, ETC TREATED AS ONE-BODY OPERATORS WITH UU+VV PAIRING FACTORS



 S. P. LEVEL   EQP       U     V        (UU + VV)**1.00

     24       4.608    0.095 0.995      1.000 1.000 1.000 0.994 0.990 0.956 0.931 0.860 0.433 0.417 0.381 0.377 0.318 0.212 0.196
     25       4.489    0.098 0.995      1.000 1.000 1.000 0.994 0.991 0.957 0.932 0.862 0.435 0.419 0.383 0.379 0.320 0.215 0.199
     26       3.896    0.113 0.994      1.000 1.000 1.000 0.996 0.993 0.961 0.938 0.869 0.449 0.433 0.397 0.393 0.334 0.230 0.214
     27       2.182    0.204 0.979      0.994 0.994 0.996 1.000 1.000 0.983 0.966 0.911 0.530 0.514 0.480 0.477 0.420 0.319 0.303
     28       1.937    0.231 0.973      0.990 0.991 0.993 1.000 1.000 0.987 0.973 0.922 0.553 0.538 0.504 0.501 0.445 0.345 0.330
     29       1.235    0.382 0.924      0.956 0.957 0.961 0.983 0.987 1.000 0.997 0.972 0.678 0.664 0.634 0.631 0.581 0.489 0.474
     30       1.083    0.451 0.892      0.931 0.932 0.938 0.966 0.973 0.997 1.000 0.987 0.732 0.719 0.691 0.688 0.641 0.554 0.540
     31       0.916    0.589 0.808      0.860 0.862 0.869 0.911 0.922 0.972 0.987 1.000 0.832 0.822 0.799 0.796 0.756 0.681 0.669
     32       1.346    0.939 0.345      0.433 0.435 0.449 0.530 0.553 0.678 0.732 0.832 1.000 1.000 0.998 0.998 0.992 0.973 0.969
     33       1.407    0.945 0.328      0.417 0.419 0.433 0.514 0.538 0.664 0.719 0.822 1.000 1.000 0.999 0.999 0.994 0.977 0.973
     34       1.567    0.957 0.291      0.381 0.383 0.397 0.480 0.504 0.634 0.691 0.799 0.998 0.999 1.000 1.000 0.998 0.984 0.981
     35       1.585    0.958 0.287      0.377 0.379 0.393 0.477 0.501 0.631 0.688 0.796 0.998 0.999 1.000 1.000 0.998 0.985 0.982
     36       1.981    0.974 0.226      0.318 0.320 0.334 0.420 0.445 0.581 0.641 0.756 0.992 0.994 0.998 0.998 1.000 0.994 0.992
     37       3.707    0.993 0.118      0.212 0.215 0.230 0.319 0.345 0.489 0.554 0.681 0.973 0.977 0.984 0.985 0.994 1.000 1.000
     38       4.288    0.995 0.102      0.196 0.199 0.214 0.303 0.330 0.474 0.540 0.669 0.969 0.973 0.981 0.982 0.992 1.000 1.000

  R CORE   ENERGY   A0R/A00=1.000    R3= 0     2  
   2( 1)    0.732                    1.000 0.000
   2( 2)  487.921                    0.000 1.000

  R CORE   ENERGY   A0R/A00=1.000    R3= 0     2  
   3( 1)  488.652                    0.000 1.000

  R CORE   ENERGY   A0R/A00=1.000    R3= 0     2     4  
   4( 1)    2.438                    1.000 0.000 0.000

  R CORE   ENERGY   A0R/A00=1.000    R3= 0     2     4  
   5( 1)  490.847                    0.000 1.000 0.000

  R CORE   ENERGY   A0R/A00=1.000    R3= 0     2     4     6  
   6( 1)    5.121                    1.000 0.000 0.000 0.000

  R CORE   ENERGY   A0R/A00=1.000    R3= 0     2     4     6  
   7( 1)  494.017                    0.000 1.000 0.000 0.000

          AXIAL SYMMETRY => K RESTRICTED TO OMEGA

                     K
     S.P. ORB#: 24  2.50
     S.P. ORB#: 25 -1.50
     S.P. ORB#: 26  0.50
     S.P. ORB#: 27  0.50
     S.P. ORB#: 28  2.50
     S.P. ORB#: 29  2.50
     S.P. ORB#: 30 -5.50
     S.P. ORB#: 31 -3.50
     S.P. ORB#: 32  0.50
     S.P. ORB#: 33  0.50
     S.P. ORB#: 34 -1.50
     S.P. ORB#: 35 -3.50
     S.P. ORB#: 36 -1.50
     S.P. ORB#: 37 -3.50
     S.P. ORB#: 38  4.50
 

             ENERGY    K= OMEGA
 
 I=  1/2- (1)  2.838  33:-0.999
 
 I=  1/2- (2)  4.945  27: 0.654
                      32:-0.756
 
 I=  1/2- (3)  5.765  26: 0.999
 
 I=  1/2- (4)  6.225  27:-0.756
                      32:-0.654
 
 I=  1/2- (5)147.870  34: 1.000

             ENERGY    K= OMEGA
 
 I=  3/2- (1)  2.904  33: 0.778
                      34: 0.628
 
 I=  3/2- (2)  3.148  26:-0.118
                      33: 0.622
                      34:-0.774

             ENERGY    K= OMEGA
 
 I=  5/2- (1)  3.038  29: 0.979
                      33:-0.061
                      34: 0.187
 
 I=  5/2- (2)  3.452  26: 0.175
                      29: 0.193
                      33: 0.533
                      34:-0.804
 
 I=  5/2- (3)  4.069  29: 0.052
                      33:-0.833
                      34:-0.548
 
 I=  5/2- (4)  5.274  25: 0.062
                      27:-0.690
                      28:-0.072
                      32: 0.651
                      36: 0.302
 
 I=  5/2- (5)  6.664  24:-0.051
                      26:-0.982
                      33: 0.136
                      34:-0.121

             ENERGY    K= OMEGA
 
 I=  7/2- (1)  2.666  24:-0.195
                      29: 0.117
                      31: 0.974
 
 I=  7/2- (2)  3.690  24:-0.062
                      29:-0.884
                      31: 0.082
                      33: 0.083
                      34: 0.206
                      37: 0.398
 
 I=  7/2- (3)  4.127  29: 0.147
                      33: 0.816
                      34: 0.543
                      37:-0.120
 
 I=  7/2- (4)  4.589  24:-0.054
                      26: 0.220
                      33:-0.546
                      34: 0.778
                      37:-0.205
 
 I=  7/2- (5)  4.910  29:-0.425
                      31: 0.064
                      33: 0.053
                      34:-0.162
                      37:-0.886

             ENERGY    K= OMEGA
 
 I=  9/2- (1)  3.264  24: 0.251
                      29:-0.134
                      31: 0.906
                      38:-0.311
 
 I=  9/2- (2)  4.592  24:-0.086
                      26: 0.070
                      29:-0.821
                      31:-0.107
                      33: 0.110
                      34:-0.264
                      37:-0.470
 
 I=  9/2- (3)  5.105  26:-0.276
                      29:-0.210
                      31:-0.067
                      33:-0.540
                      34: 0.735
                      37:-0.205
 
 I=  9/2- (4)  5.565  24: 0.111
                      29:-0.205
                      31: 0.256
                      37: 0.256
                      38: 0.902
 
 I=  9/2- (5)  6.092  25:-0.401
                      27: 0.464
                      28: 0.597
                      32:-0.243
                      35:-0.392
                      36:-0.234

             ENERGY    K= OMEGA
 
 I= 11/2- (1)  2.422  30:-1.000
 
 I= 11/2- (2)  4.130  24:-0.291
                      29: 0.142
                      31: 0.870
                      37:-0.051
                      38: 0.366
 
 I= 11/2- (3)  5.758  24:-0.102
                      29:-0.797
                      31: 0.121
                      33: 0.106
                      34: 0.245
                      37: 0.517
 
 I= 11/2- (4)  6.244  25: 0.466
                      27: 0.450
                      28: 0.591
                      32: 0.286
                      35: 0.339
                      36: 0.185
 
 I= 11/2- (5)  6.325  26:-0.071
                      29: 0.153
                      31:-0.055
                      33: 0.833
                      34: 0.497
                      37:-0.160

             ENERGY    K= OMEGA
 
 I= 13/2- (1)  4.003  30: 0.999
 
 I= 13/2- (2)  5.248  24: 0.321
                      29:-0.145
                      31: 0.846
                      37:-0.064
                      38:-0.389
 
 I= 13/2- (3)  7.134  24:-0.118
                      26: 0.127
                      29:-0.744
                      31:-0.112
                      33: 0.165
                      34:-0.339
                      37:-0.511
 
 I= 13/2- (4)  7.211  25: 0.495
                      27:-0.309
                      28:-0.680
                      32: 0.074
                      35: 0.405
                      36: 0.163
 
 I= 13/2- (5)  7.685  26: 0.346
                      29: 0.279
                      31: 0.096
                      33: 0.523
                      34:-0.664
                      37: 0.276
                      38:-0.052

             ENERGY     K= 9/2
  32 LEVELS    TIME=  0.0 SEC



 ******************* EXCITATION ENERGIES, DOMINANT CONFIGURATION AND EXPECTATION VALUES (WITH S.P. UU+VV FACTORS) *******************

  NR  Eex(keV)  I   Kdom  NY    <Jz>  <Jx**2> <Jy**2> <Jz**2> <I.j>/|I|  <Rx**2> <Ry**2> <Rz**2> <R.j>/|R|  <HROTx> <HROTy> <HROTz>

   1    0.0  11/2- -11/2  30   -5.49    2.75    2.75   30.24    5.06       5.48    5.48    0.00   -1.65      0.668   0.668   0.000
   2  244.0   7/2-  -7/2  31   -3.19    6.50    6.50   11.94    3.47       6.58    6.58   -0.00   -3.08      0.802   0.802  -0.000
   3  416.1   1/2-   1/2  33    0.50    5.41    5.41    0.25    0.06       5.85    5.85   -0.00   -3.22      0.713   0.713  -0.000
   4  482.8   3/2-   1/2  33   -0.29    5.40    5.40    1.04    0.99       5.88    5.88    0.00   -2.89      0.717   0.717   0.000
   5  616.3   5/2-   5/2  29    2.35    6.17    6.17    6.08    2.12       7.31    7.31   -0.00   -3.18      0.891   0.891  -0.000
  
   6  726.8   3/2-  -3/2  34   -0.70    5.43    5.43    1.45    0.74       6.61    6.61    0.00   -3.00      0.806   0.806   0.000
   7  842.0   9/2-  -7/2  31   -2.24    6.21    6.21   12.52    3.53       7.30    7.30   -0.00   -1.94      0.890   0.890  -0.000
   8 1030.6   5/2-  -3/2  34   -0.72    5.54    5.54    1.78    1.06       7.66    7.66    0.00   -2.48      0.934   0.934   0.000
   9 1268.6   7/2-   5/2  29    1.32    5.50    5.50    7.03    2.15       8.35    8.35   -0.00   -2.32      1.018   1.018  -0.000
  10 1581.1  13/2- -11/2  30   -5.48    2.75    2.75   30.21    4.34      11.95   11.95    0.00   -1.11      1.457   1.457   0.000
  
  11 1647.0   5/2-   1/2  33   -0.09    5.42    5.42    0.87   -0.15      10.69   10.69    0.00   -2.63      1.303   1.303   0.000
  12 1705.0   7/2-   1/2  33   -0.11    5.38    5.38    1.16    0.76      10.81   10.81    0.00   -1.91      1.318   1.318   0.000
  13 1708.4  11/2-  -7/2  31   -1.80    6.12    6.12   12.69    3.40       9.99    9.99   -0.00   -1.02      1.218   1.218  -0.000
  14 2167.6   7/2-  -3/2  34   -0.87    5.38    5.38    2.01    0.64      11.73   11.73    0.00   -2.11      1.430   1.430   0.000
  15 2170.6   9/2-   5/2  29    0.80    5.22    5.22    7.26    2.00      11.29   11.29   -0.00   -1.63      1.376   1.376  -0.000
  
  16 2488.6   7/2-  -7/2  37   -2.34    3.15    3.15   10.85    2.37       7.06    7.06    0.00   -2.06      0.861   0.861   0.000
  17 2523.1   1/2-   1/2  32    0.50   14.02   14.02    0.25    1.41      13.29   13.29   -0.00   -5.25      1.620   1.620  -0.000
  18 2683.3   9/2-  -3/2  34   -0.67    5.53    5.53    2.18    1.07      13.65   13.65   -0.00   -1.51      1.664   1.664  -0.000
  19 2826.8  13/2-  -7/2  31   -1.55    6.10    6.10   12.73    3.27      14.03   14.03   -0.00   -0.40      1.711   1.711  -0.000
  20 2852.7   5/2-   1/2  27    0.32   14.13   14.13    0.47    1.54      14.18   14.18   -0.00   -4.54      1.729   1.729  -0.000
  
  21 3143.0   9/2-   9/2  38    3.34    2.84    2.84   18.43    3.54       6.81    6.81    0.00   -1.76      0.830   0.830   0.000
  22 3336.2  11/2-   5/2  29    0.55    5.02    5.02    7.63    1.86      15.62   15.62   -0.00   -1.18      1.904   1.904  -0.000
  23 3343.5   1/2-   1/2  26    0.50    7.75    7.75    0.25    0.65       7.68    7.68    0.00   -3.87      0.937   0.937   0.000
  24 3670.7   9/2-   5/2  28    0.16   19.72   19.72    4.67    3.81      15.49   15.49    0.00   -4.52      1.889   1.889   0.000
  25 3803.3   1/2-   1/2  27    0.50   16.43   16.43    0.25   -1.29      18.05   18.05   -0.00   -5.70      2.201   2.201  -0.000
  
  26 3822.2  11/2-   5/2  28    0.24   20.38   20.38    4.22    4.15      15.54   15.54    0.00   -3.62      1.895   1.895   0.000
  27 3903.9  11/2-   1/2  33   -0.06    5.34    5.34    1.25    0.69      19.72   19.72    0.00   -1.24      2.405   2.405   0.000
  28 4242.4   5/2-   1/2  26    0.48    7.66    7.66    0.29    0.17      11.67   11.67    0.00   -3.13      1.423   1.423   0.000
  29 4712.7  13/2-   5/2  29    0.31    5.02    5.02    7.18    1.71      21.01   21.01   -0.00   -0.81      2.562   2.562  -0.000
  30 4789.4  13/2-   5/2  28    0.23   21.29   21.29    5.54    4.19      19.21   19.21    0.00   -3.05      2.342   2.342   0.000
  
  31 5263.8  13/2-  -3/2  34   -0.56    5.54    5.54    2.68    1.10      23.56   23.56   -0.00   -0.88      2.872   2.872  -0.000
  32*******   1/2-  -3/2  34    0.00    0.00    0.00    0.00   -0.00       0.00    0.00    0.00   -0.00      0.000   0.000   0.000
