1SPECTRUM OF (Z= 82 A=207) IN PARTICLE-ROTOR  MODEL WITH MODIFIED OSCILLATOR POTENTIAL


 PARITY=-   EPS= 0.668   GAMMA=  0.0   EPS4=0.000   EPS6=0.000   LEVELS:  24  25  26  27  28  29  30  31  32  33  34  35  36  37  38

 PAIRING FACTORS: GN0= 19.20  GN1=  7.40  IPAIR= 15 ***  E2PLUS(INPUT)=   0.730  E2PLUR(INPUT)=   0.000

 CORIOLIS ATTENUATION PARAMETERS:  CHSI=1.000  ETA=  1.00

 MOMENT OF INERTIA PARAMETERS:   A1=  0.122 MEV   A2=  0.122 MEV   A3=121.91924 MEV


 DELTA=0.842 MEV  LAMBDA=53.8543 MEV   HW0= 7.8884 MEV   LAMBDA/HW0= 6.8270

 E2ENERGY=0.730 MEV  HBAR**2/B=82738./A**(7/3)=******/A**2 MEV

 IREC=0  =>  RECOIL TERMS j+j-, j+j+, jzjz, ETC TREATED AS ONE-BODY OPERATORS WITH UU+VV PAIRING FACTORS



 S. P. LEVEL   EQP       U     V        (UU + VV)**1.00

     24       4.770    0.089 0.996      1.000 1.000 1.000 0.999 0.999 0.946 0.729 0.543 0.461 0.392 0.290 0.248 0.237 0.202 0.172
     25       4.255    0.099 0.995      1.000 1.000 1.000 1.000 0.999 0.949 0.737 0.552 0.471 0.402 0.301 0.258 0.248 0.212 0.183
     26       3.581    0.118 0.993      1.000 1.000 1.000 1.000 1.000 0.955 0.749 0.568 0.488 0.419 0.319 0.277 0.266 0.231 0.202
     27       3.316    0.128 0.992      0.999 1.000 1.000 1.000 1.000 0.958 0.756 0.576 0.496 0.428 0.328 0.286 0.276 0.240 0.211
     28       3.212    0.132 0.991      0.999 0.999 1.000 1.000 1.000 0.959 0.759 0.580 0.500 0.432 0.332 0.290 0.280 0.244 0.215
     29       1.134    0.407 0.914      0.946 0.949 0.955 0.958 0.959 1.000 0.912 0.786 0.724 0.669 0.585 0.548 0.539 0.508 0.482
     30       0.848    0.746 0.666      0.729 0.737 0.749 0.756 0.759 0.912 1.000 0.971 0.943 0.915 0.866 0.844 0.838 0.817 0.800
     31       1.020    0.884 0.467      0.543 0.552 0.568 0.576 0.580 0.786 0.971 1.000 0.996 0.985 0.961 0.948 0.944 0.932 0.921
     32       1.196    0.925 0.381      0.461 0.471 0.488 0.496 0.500 0.724 0.943 0.996 1.000 0.997 0.983 0.974 0.971 0.962 0.953
     33       1.435    0.951 0.309      0.392 0.402 0.419 0.428 0.432 0.669 0.915 0.985 0.997 1.000 0.994 0.988 0.987 0.980 0.974
     34       2.105    0.979 0.204      0.290 0.301 0.319 0.328 0.332 0.585 0.866 0.961 0.983 0.994 1.000 0.999 0.998 0.996 0.993
     35       2.652    0.987 0.161      0.248 0.258 0.277 0.286 0.290 0.548 0.844 0.948 0.974 0.988 0.999 1.000 1.000 0.999 0.997
     36       2.838    0.989 0.150      0.237 0.248 0.266 0.276 0.280 0.539 0.838 0.944 0.971 0.987 0.998 1.000 1.000 0.999 0.998
     37       3.722    0.993 0.114      0.202 0.212 0.231 0.240 0.244 0.508 0.817 0.932 0.962 0.980 0.996 0.999 0.999 1.000 1.000
     38       5.014    0.996 0.084      0.172 0.183 0.202 0.211 0.215 0.482 0.800 0.921 0.953 0.974 0.993 0.997 0.998 1.000 1.000

  R CORE   ENERGY   A0R/A00=1.000    R3= 0     2  
   2( 1)    0.732                    1.000 0.000
   2( 2)  487.921                    0.000 1.000

  R CORE   ENERGY   A0R/A00=1.000    R3= 0     2  
   3( 1)  488.652                    0.000 1.000

  R CORE   ENERGY   A0R/A00=1.000    R3= 0     2     4  
   4( 1)    2.438                    1.000 0.000 0.000

  R CORE   ENERGY   A0R/A00=1.000    R3= 0     2     4  
   5( 1)  490.847                    0.000 1.000 0.000

  R CORE   ENERGY   A0R/A00=1.000    R3= 0     2     4     6  
   6( 1)    5.121                    1.000 0.000 0.000 0.000

  R CORE   ENERGY   A0R/A00=1.000    R3= 0     2     4     6  
   7( 1)  494.017                    0.000 1.000 0.000 0.000

          AXIAL SYMMETRY => K RESTRICTED TO OMEGA

                     K
     S.P. ORB#: 24 -1.50
     S.P. ORB#: 25  2.50
     S.P. ORB#: 26  0.50
     S.P. ORB#: 27  2.50
     S.P. ORB#: 28  4.50
     S.P. ORB#: 29  0.50
     S.P. ORB#: 30 -1.50
     S.P. ORB#: 31  2.50
     S.P. ORB#: 32 -3.50
     S.P. ORB#: 33 -3.50
     S.P. ORB#: 34 -5.50
     S.P. ORB#: 35  0.50
     S.P. ORB#: 36 -1.50
     S.P. ORB#: 37 -1.50
     S.P. ORB#: 38  0.50
 

             ENERGY    K= OMEGA
 
 I=  1/2- (1)  4.160  26:-0.068
                      35:-0.998
 
 I=  1/2- (2)  5.409  29:-0.993
                      38:-0.117
 
 I=  1/2- (3)  5.560  26: 0.998
                      35:-0.068
 
 I=  1/2- (4)  9.121  29:-0.117
                      38: 0.993
 
 I=  1/2- (5)147.151  30: 1.000

             ENERGY    K= OMEGA
 
 I=  3/2- (1)  4.224  35:-0.837
                      36:-0.545
 
 I=  3/2- (2)  4.461  26: 0.144
                      35:-0.535
                      36: 0.832

             ENERGY    K= OMEGA
 
 I=  5/2- (1)  2.810  24: 0.106
                      31: 0.992
                      36: 0.070
 
 I=  5/2- (2)  4.813  25:-0.053
                      26: 0.233
                      31: 0.057
                      35: 0.511
                      36:-0.823
 
 I=  5/2- (3)  5.338  27:-0.093
                      29: 0.291
                      30:-0.914
                      37:-0.108
                      38: 0.245
 
 I=  5/2- (4)  5.381  26: 0.072
                      35: 0.837
                      36: 0.537
 
 I=  5/2- (5)  6.307  27:-0.067
                      29:-0.891
                      30:-0.339
                      37: 0.273
                      38:-0.110

             ENERGY    K= OMEGA
 
 I=  7/2- (1)  3.298  24:-0.080
                      25:-0.098
                      31: 0.483
                      33: 0.865
 
 I=  7/2- (2)  3.660  24:-0.139
                      25: 0.067
                      31: 0.854
                      33:-0.487
                      36:-0.098
 
 I=  7/2- (3)  5.422  24:-0.096
                      26:-0.068
                      35: 0.861
                      36: 0.492
 
 I=  7/2- (4)  5.916  25: 0.078
                      26:-0.270
                      31:-0.106
                      35: 0.461
                      36:-0.834
 
 I=  7/2- (5)  6.029  27: 0.208
                      29: 0.332
                      30:-0.837
                      32: 0.248
                      37: 0.097
                      38:-0.272

             ENERGY    K= OMEGA
 
 I=  9/2- (1)  4.234  24:-0.122
                      25: 0.135
                      28:-0.060
                      31:-0.568
                      33: 0.799
                      36:-0.055
 
 I=  9/2- (2)  4.720  24: 0.165
                      25: 0.111
                      28:-0.065
                      31: 0.784
                      33: 0.568
                      36: 0.129
 
 I=  9/2- (3)  5.627  28: 0.996
                      33: 0.084
 
 I=  9/2- (4)  6.515  24: 0.060
                      25:-0.077
                      26: 0.353
                      31: 0.112
                      35: 0.526
                      36:-0.758
 
 I=  9/2- (5)  6.608  27:-0.236
                      29: 0.330
                      30:-0.799
                      32: 0.265
                      37:-0.112
                      38: 0.339

             ENERGY    K= OMEGA
 
 I= 11/2- (1)  3.392  28:-0.123
                      34:-0.992
 
 I= 11/2- (2)  5.401  24:-0.159
                      25:-0.162
                      28: 0.070
                      31: 0.610
                      33: 0.752
                      36:-0.065
 
 I= 11/2- (3)  6.004  24:-0.188
                      25: 0.148
                      28:-0.091
                      31: 0.734
                      33:-0.609
                      36:-0.149
 
 I= 11/2- (4)  7.031  28:-0.986
                      33: 0.107
                      34: 0.121
 
 I= 11/2- (5)  7.580  27:-0.274
                      29:-0.596
                      30: 0.543
                      32:-0.315
                      37:-0.273
                      38: 0.319

             ENERGY    K= OMEGA
 
 I= 13/2- (1)  4.914  28: 0.177
                      34:-0.984
 
 I= 13/2- (2)  6.799  24: 0.192
                      25:-0.183
                      28: 0.071
                      31: 0.636
                      33:-0.715
                      36: 0.079
 
 I= 13/2- (3)  7.510  24: 0.203
                      25: 0.183
                      26:-0.077
                      28:-0.104
                      31: 0.688
                      33: 0.633
                      36: 0.184
 
 I= 13/2- (4)  8.684  25: 0.051
                      28: 0.975
                      33: 0.115
                      34: 0.174
 
 I= 13/2- (5)  8.690  27:-0.326
                      29: 0.309
                      30:-0.720
                      32: 0.358
                      37:-0.093
                      38: 0.377

             ENERGY     K= 1/2
  32 LEVELS    TIME=  0.0 SEC



 ******************* EXCITATION ENERGIES, DOMINANT CONFIGURATION AND EXPECTATION VALUES (WITH S.P. UU+VV FACTORS) *******************

  NR  Eex(keV)  I   Kdom  NY    <Jz>  <Jx**2> <Jy**2> <Jz**2> <I.j>/|I|  <Rx**2> <Ry**2> <Rz**2> <R.j>/|R|  <HROTx> <HROTy> <HROTz>

   1    0.0   5/2-   5/2  31    2.44    6.39    6.39    6.18    2.27       7.13    7.13   -0.00   -3.24      0.869   0.869  -0.000
   2  487.9   7/2-  -7/2  33   -2.02    6.52    6.52   10.71    3.00       7.83    7.83    0.00   -2.99      0.955   0.955   0.000
   3  581.8  11/2- -11/2  34   -5.35    2.82    2.82   30.10    5.11       5.21    5.21    0.00   -1.61      0.635   0.635   0.000
   4  849.3   7/2-   5/2  31    0.96    6.43    6.43    7.55    2.04       9.99    9.99    0.00   -2.76      1.217   1.217   0.000
   5 1349.8   1/2-   1/2  35    0.50    5.68    5.68    0.25    0.02       6.17    6.17   -0.00   -3.30      0.752   0.752  -0.000
  
   6 1414.2   3/2-   1/2  35   -0.10    5.68    5.68    0.85    0.92       6.20    6.20   -0.00   -2.96      0.756   0.756  -0.000
   7 1423.4   9/2-  -7/2  33   -1.39    6.57    6.57   10.05    2.49      11.57   11.57   -0.00   -2.24      1.410   1.410  -0.000
   8 1650.7   3/2-  -3/2  36   -0.89    5.75    5.75    1.64    0.84       6.81    6.81   -0.00   -3.12      0.830   0.830  -0.000
   9 1909.9   9/2-   5/2  31    0.39    6.48    6.48    8.06    1.81      13.86   13.86    0.00   -2.28      1.690   1.690   0.000
  10 2002.8   5/2-  -3/2  36   -0.84    5.83    5.83    1.64    0.98       8.13    8.13   -0.00   -2.58      0.991   0.991  -0.000
  
  11 2104.2  13/2- -11/2  34   -5.19    2.90    2.90   29.93    4.42      11.38   11.38    0.00   -1.02      1.387   1.387   0.000
  12 2527.9   5/2-  -3/2  30   -1.18   16.41   16.41    2.00    1.59      17.06   17.06    0.00   -5.15      2.080   2.080   0.000
  13 2571.2   5/2-   1/2  35   -0.07    5.71    5.71    0.85   -0.15      10.94   10.94   -0.00   -2.71      1.334   1.334  -0.000
  14 2590.5  11/2-  -7/2  33   -1.01    6.61    6.61    9.60    2.19      16.18   16.18   -0.00   -1.71      1.972   1.972  -0.000
  15 2598.5   1/2-   1/2  29    0.50   16.83   16.83    0.25    0.01      17.32   17.32    0.00   -5.76      2.111   2.111   0.000
  
  16 2611.8   7/2-   1/2  35    0.00    5.71    5.71    0.77    0.73      11.07   11.07   -0.00   -1.98      1.349   1.349  -0.000
  17 2749.6   1/2-   1/2  26    0.50    8.14    8.14    0.25    0.59       8.13    8.13   -0.00   -3.97      0.992   0.992  -0.000
  18 2817.1   9/2-   9/2  28    4.44    7.61    7.61   20.18    4.04       9.95    9.95    0.00   -3.42      1.214   1.214   0.000
  19 3106.2   7/2-  -3/2  36   -0.86    5.91    5.91    1.75    0.52      12.61   12.61   -0.00   -2.29      1.537   1.537  -0.000
  20 3193.8  11/2-   5/2  31    0.06    6.53    6.53    8.35    1.65      18.71   18.71    0.00   -1.89      2.281   2.281   0.000
  
  21 3218.4   7/2-  -3/2  30   -1.08   17.47   17.47    2.67    1.88      19.22   19.22   -0.00   -4.86      2.343   2.343  -0.000
  22 3496.8   5/2-   1/2  29    0.13   17.06   17.06    0.66    0.49      20.32   20.32    0.00   -5.23      2.478   2.478   0.000
  23 3704.8   9/2-  -3/2  36   -0.63    6.02    6.02    1.54    0.85      14.95   14.95   -0.00   -1.71      1.823   1.823  -0.000
  24 3797.5   9/2-  -3/2  30   -0.97   16.94   16.94    2.73    2.00      20.72   20.72   -0.00   -4.14      2.527   2.527  -0.000
  25 3989.1  13/2-  -7/2  33   -0.74    6.66    6.66    9.22    2.00      21.71   21.71    0.00   -1.31      2.646   2.646   0.000
  
  26 4220.3  11/2-   9/2  28    4.26    7.53    7.53   20.27    3.30      15.81   15.81    0.00   -2.77      1.927   1.927   0.000
  27 4699.9  13/2-   5/2  31   -0.20    6.57    6.57    8.48    1.54      24.44   24.44   -0.00   -1.56      2.980   2.980  -0.000
  28 4769.5  11/2-   1/2  29   -0.49   18.29   18.29    2.63    2.31      23.68   23.68   -0.00   -3.69      2.887   2.887  -0.000
  29 5873.4  13/2-   9/2  28    4.07    7.45    7.45   20.36    2.77      22.66   22.66    0.00   -2.37      2.763   2.763   0.000
  30 5879.7  13/2-  -3/2  30   -0.86   17.50   17.50    3.48    2.20      28.26   28.26   -0.00   -3.08      3.445   3.445  -0.000
  
  31 6311.1   1/2-   1/2  38    0.50   16.79   16.79    0.25    0.27      17.06   17.06    0.00   -5.75      2.080   2.080   0.000
  32*******   1/2-  -3/2  30    0.00    0.00    0.00    0.00    0.00       0.00    0.00    0.00   -0.00      0.000   0.000   0.000
