1SPECTRUM OF (Z= 82 A=207) IN PARTICLE-ROTOR  MODEL WITH MODIFIED OSCILLATOR POTENTIAL


 PARITY=-   EPS= 0.498   GAMMA=  0.0   EPS4=0.000   EPS6=0.000   LEVELS:  24  25  26  27  28  29  30  31  32  33  34  35  36  37  38

 PAIRING FACTORS: GN0= 19.20  GN1=  7.40  IPAIR= 15 ***  E2PLUS(INPUT)=   0.730  E2PLUR(INPUT)=   0.000

 CORIOLIS ATTENUATION PARAMETERS:  CHSI=1.000  ETA=  1.00

 MOMENT OF INERTIA PARAMETERS:   A1=  0.122 MEV   A2=  0.122 MEV   A3=121.91924 MEV


 DELTA=0.849 MEV  LAMBDA=53.4115 MEV   HW0= 7.6527 MEV   LAMBDA/HW0= 6.9795

 E2ENERGY=0.730 MEV  HBAR**2/B=45985./A**(7/3)=7773.6/A**2 MEV

 IREC=0  =>  RECOIL TERMS j+j-, j+j+, jzjz, ETC TREATED AS ONE-BODY OPERATORS WITH UU+VV PAIRING FACTORS



 S. P. LEVEL   EQP       U     V        (UU + VV)**1.00

     24       4.760    0.090 0.996      1.000 1.000 1.000 0.988 0.984 0.978 0.969 0.952 0.546 0.485 0.346 0.320 0.261 0.242 0.215
     25       4.026    0.106 0.994      1.000 1.000 1.000 0.990 0.987 0.981 0.973 0.957 0.560 0.499 0.361 0.336 0.277 0.258 0.232
     26       3.680    0.116 0.993      1.000 1.000 1.000 0.992 0.988 0.983 0.975 0.960 0.569 0.508 0.371 0.345 0.287 0.267 0.241
     27       1.803    0.243 0.970      0.988 0.990 0.992 1.000 1.000 0.999 0.995 0.988 0.669 0.614 0.487 0.463 0.408 0.389 0.364
     28       1.657    0.266 0.964      0.984 0.987 0.988 1.000 1.000 1.000 0.997 0.991 0.687 0.633 0.508 0.484 0.429 0.411 0.386
     29       1.508    0.295 0.956      0.978 0.981 0.983 0.999 1.000 1.000 0.999 0.995 0.708 0.656 0.533 0.510 0.456 0.438 0.414
     30       1.347    0.334 0.942      0.969 0.973 0.975 0.995 0.997 0.999 1.000 0.998 0.737 0.687 0.568 0.546 0.493 0.475 0.452
     31       1.185    0.389 0.921      0.952 0.957 0.960 0.988 0.991 0.995 0.998 1.000 0.776 0.729 0.616 0.594 0.543 0.526 0.503
     32       1.025    0.883 0.469      0.546 0.560 0.569 0.669 0.687 0.708 0.737 0.776 1.000 0.997 0.975 0.968 0.951 0.945 0.936
     33       1.148    0.915 0.404      0.485 0.499 0.508 0.614 0.633 0.656 0.687 0.729 0.997 1.000 0.988 0.984 0.971 0.966 0.959
     34       1.689    0.965 0.260      0.346 0.361 0.371 0.487 0.508 0.533 0.568 0.616 0.975 0.988 1.000 1.000 0.996 0.994 0.991
     35       1.868    0.972 0.234      0.320 0.336 0.345 0.463 0.484 0.510 0.546 0.594 0.968 0.984 1.000 1.000 0.998 0.997 0.994
     36       2.482    0.985 0.174      0.261 0.277 0.287 0.408 0.429 0.456 0.493 0.543 0.951 0.971 0.996 0.998 1.000 1.000 0.999
     37       2.797    0.988 0.154      0.242 0.258 0.267 0.389 0.411 0.438 0.475 0.526 0.945 0.966 0.994 0.997 1.000 1.000 1.000
     38       3.370    0.992 0.127      0.215 0.232 0.241 0.364 0.386 0.414 0.452 0.503 0.936 0.959 0.991 0.994 0.999 1.000 1.000

  R CORE   ENERGY   A0R/A00=1.000    R3= 0     2  
   2( 1)    0.732                    1.000 0.000
   2( 2)  487.921                    0.000 1.000

  R CORE   ENERGY   A0R/A00=1.000    R3= 0     2  
   3( 1)  488.652                    0.000 1.000

  R CORE   ENERGY   A0R/A00=1.000    R3= 0     2     4  
   4( 1)    2.438                    1.000 0.000 0.000

  R CORE   ENERGY   A0R/A00=1.000    R3= 0     2     4  
   5( 1)  490.847                    0.000 1.000 0.000

  R CORE   ENERGY   A0R/A00=1.000    R3= 0     2     4     6  
   6( 1)    5.121                    1.000 0.000 0.000 0.000

  R CORE   ENERGY   A0R/A00=1.000    R3= 0     2     4     6  
   7( 1)  494.017                    0.000 1.000 0.000 0.000

          AXIAL SYMMETRY => K RESTRICTED TO OMEGA

                     K
     S.P. ORB#: 24  2.50
     S.P. ORB#: 25  0.50
     S.P. ORB#: 26 -1.50
     S.P. ORB#: 27 -5.50
     S.P. ORB#: 28  2.50
     S.P. ORB#: 29  2.50
     S.P. ORB#: 30  0.50
     S.P. ORB#: 31 -3.50
     S.P. ORB#: 32  0.50
     S.P. ORB#: 33 -1.50
     S.P. ORB#: 34 -3.50
     S.P. ORB#: 35  0.50
     S.P. ORB#: 36 -1.50
     S.P. ORB#: 37 -3.50
     S.P. ORB#: 38  4.50
 

             ENERGY    K= OMEGA
 
 I=  1/2- (1)  2.421  32: 0.999
 
 I=  1/2- (2)  4.546  30:-0.902
                      35: 0.431
 
 I=  1/2- (3)  5.847  25: 0.999
 
 I=  1/2- (4)  6.219  30: 0.431
                      35: 0.902
 
 I=  1/2- (5)147.451  33:-1.000

             ENERGY    K= OMEGA
 
 I=  3/2- (1)  2.475  32: 0.727
                      33:-0.687
 
 I=  3/2- (2)  2.708  25:-0.132
                      32:-0.679
                      33:-0.722

             ENERGY    K= OMEGA
 
 I=  5/2- (1)  2.940  25: 0.184
                      28:-0.143
                      32:-0.515
                      33:-0.823
 
 I=  5/2- (2)  3.460  28:-0.953
                      32: 0.295
 
 I=  5/2- (3)  3.655  28:-0.264
                      32:-0.792
                      33: 0.549
 
 I=  5/2- (4)  4.905  26:-0.126
                      29: 0.111
                      30: 0.811
                      35:-0.502
                      36:-0.248
 
 I=  5/2- (5)  6.452  26: 0.469
                      29:-0.834
                      35:-0.289

             ENERGY    K= OMEGA
 
 I=  7/2- (1)  2.871  24:-0.220
                      28: 0.095
                      31: 0.968
                      33: 0.061
 
 I=  7/2- (2)  3.568  28: 0.460
                      32: 0.220
                      33:-0.286
                      37:-0.810
 
 I=  7/2- (3)  3.688  28: 0.077
                      32:-0.747
                      33: 0.552
                      37:-0.356
 
 I=  7/2- (4)  4.078  24:-0.061
                      25: 0.237
                      28:-0.156
                      32: 0.597
                      33: 0.723
                      37:-0.187
 
 I=  7/2- (5)  4.555  24:-0.051
                      25:-0.057
                      28:-0.864
                      31: 0.105
                      32:-0.057
                      33:-0.230
                      37:-0.424

             ENERGY    K= OMEGA
 
 I=  9/2- (1)  3.391  24:-0.263
                      28: 0.118
                      31:-0.848
                      33:-0.069
                      37: 0.060
                      38: 0.434
 
 I=  9/2- (2)  4.386  24:-0.121
                      25: 0.184
                      28:-0.370
                      31:-0.154
                      32:-0.321
                      33:-0.521
                      37:-0.573
                      38:-0.298
 
 I=  9/2- (3)  4.575  25: 0.232
                      28: 0.165
                      31: 0.234
                      32:-0.444
                      33:-0.566
                      37: 0.534
                      38: 0.244
 
 I=  9/2- (4)  4.774  24:-0.109
                      28: 0.386
                      31:-0.297
                      37: 0.321
                      38:-0.803
 
 I=  9/2- (5)  5.620  26: 0.426
                      29:-0.580
                      30:-0.521
                      34: 0.324
                      35: 0.245
                      36: 0.215

             ENERGY    K= OMEGA
 
 I= 11/2- (1)  3.143  27:-0.999
 
 I= 11/2- (2)  4.250  24:-0.307
                      28: 0.129
                      31: 0.825
                      33: 0.073
                      37:-0.083
                      38: 0.441
 
 I= 11/2- (3)  5.608  24: 0.146
                      28: 0.465
                      31:-0.192
                      32: 0.209
                      33:-0.340
                      37:-0.709
                      38: 0.252
 
 I= 11/2- (4)  5.718  26: 0.465
                      29: 0.563
                      30: 0.540
                      34: 0.291
                      35: 0.221
                      36: 0.206
 
 I= 11/2- (5)  5.894  25:-0.090
                      28: 0.112
                      31:-0.124
                      32:-0.805
                      33: 0.454
                      37:-0.327

             ENERGY    K= OMEGA
 
 I= 13/2- (1)  4.724  27: 0.998
                      38:-0.052
 
 I= 13/2- (2)  5.368  24:-0.344
                      27: 0.063
                      28: 0.133
                      31:-0.811
                      33:-0.090
                      37: 0.091
                      38: 0.430
 
 I= 13/2- (3)  6.698  26: 0.508
                      29:-0.671
                      30:-0.341
                      34: 0.370
                      35: 0.104
                      36: 0.163
 
 I= 13/2- (4)  6.845  24: 0.118
                      25:-0.312
                      28: 0.330
                      32: 0.437
                      33: 0.640
                      37: 0.383
                      38: 0.175
 
 I= 13/2- (5)  7.207  24: 0.097
                      25: 0.218
                      28: 0.386
                      31: 0.229
                      32:-0.342
                      33:-0.347
                      37: 0.697
                      38: 0.136

             ENERGY     K= 9/2
  32 LEVELS    TIME=  0.0 SEC



 ******************* EXCITATION ENERGIES, DOMINANT CONFIGURATION AND EXPECTATION VALUES (WITH S.P. UU+VV FACTORS) *******************

  NR  Eex(keV)  I   Kdom  NY    <Jz>  <Jx**2> <Jy**2> <Jz**2> <I.j>/|I|  <Rx**2> <Ry**2> <Rz**2> <R.j>/|R|  <HROTx> <HROTy> <HROTz>

   1    0.0   1/2-   1/2  32    0.50    5.29    5.29    0.25    0.10       5.70    5.70    0.00   -3.18      0.695   0.695   0.000
   2   53.9   3/2-   1/2  32   -0.44    5.28    5.28    1.19    1.06       5.70    5.70    0.00   -2.87      0.695   0.695   0.000
   3  286.4   3/2-  -3/2  33   -0.54    5.30    5.30    1.29    0.72       6.42    6.42    0.00   -2.93      0.783   0.783   0.000
   4  450.0   7/2-  -7/2  31   -3.15    6.46    6.46   11.87    3.55       6.18    6.18    0.00   -3.04      0.754   0.754   0.000
   5  518.7   5/2-  -3/2  33   -0.81    5.42    5.42    1.74    1.24       7.00    7.00    0.00   -2.38      0.854   0.854   0.000
  
   6  721.4  11/2- -11/2  27   -5.49    2.75    2.75   30.24    5.06       5.49    5.49    0.00   -1.65      0.669   0.669   0.000
   7  969.6   9/2-  -7/2  31   -1.48    5.82    5.82   13.20    3.72       6.29    6.29    0.00   -1.79      0.767   0.767   0.000
   8 1038.9   5/2-   5/2  28    2.32    6.06    6.06    5.71    1.93       7.58    7.58    0.00   -3.11      0.924   0.924   0.000
   9 1146.7   7/2-  -7/2  37   -1.87    3.49    3.49    9.58    2.80       5.05    5.05    0.00   -1.72      0.615   0.615   0.000
  10 1233.4   5/2-   1/2  32    0.04    5.37    5.37    1.27   -0.01      10.42   10.42    0.00   -2.64      1.270   1.270   0.000
  
  11 1267.3   7/2-   1/2  32   -0.61    4.90    4.90    2.44    1.06       9.80    9.80    0.00   -1.82      1.194   1.194   0.000
  12 1657.1   7/2-  -3/2  33   -0.63    5.29    5.29    1.89    0.74      11.19   11.19    0.00   -2.02      1.364   1.364   0.000
  13 1828.9  11/2-  -7/2  31   -1.27    5.86    5.86   13.10    3.50       9.36    9.36    0.00   -0.90      1.142   1.142   0.000
  14 1964.5   9/2-  -7/2  37   -0.79    4.22    4.22    7.70    2.22       9.40    9.40    0.00   -1.17      1.146   1.146   0.000
  15 2124.4   1/2-   1/2  30    0.50   13.08   13.08    0.25    1.00      12.72   12.72    0.00   -5.07      1.551   1.551   0.000
  
  16 2133.5   7/2-   5/2  28    1.13    5.41    5.41    7.15    1.45      11.12   11.12    0.00   -2.59      1.356   1.356   0.000
  17 2154.0   9/2-  -3/2  33   -1.20    4.42    4.42    6.33    1.81      10.96   10.96    0.00   -1.32      1.336   1.336   0.000
  18 2303.2  13/2- -11/2  27   -5.47    2.76    2.76   30.18    4.33      11.96   11.96    0.00   -1.11      1.459   1.459   0.000
  19 2353.1   9/2-   9/2  38    2.63    3.46    3.46   16.42    3.27       7.79    7.79    0.00   -1.80      0.950   0.950   0.000
  20 2483.9   5/2-   1/2  30    0.37   13.74   13.74    0.48    1.61      13.61   13.61    0.00   -4.45      1.659   1.659   0.000
  
  21 2946.5  13/2-  -7/2  31   -1.19    5.95    5.95   12.89    3.31      13.66   13.66    0.00   -0.32      1.665   1.665   0.000
  22 3186.6  11/2-  -7/2  37   -1.16    3.73    3.73    9.65    2.15      13.56   13.56   -0.00   -0.81      1.653   1.653  -0.000
  23 3199.3   9/2-   5/2  29    0.30   19.44   19.44    3.98    3.76      15.08   15.08    0.00   -4.39      1.838   1.838   0.000
  24 3297.1  11/2-   5/2  29    0.28   20.05   20.05    3.68    4.10      15.23   15.23    0.00   -3.49      1.856   1.856   0.000
  25 3425.8   1/2-   1/2  25    0.50    7.56    7.56    0.25    0.66       7.49    7.49   -0.00   -3.82      0.913   0.913  -0.000
  
  26 3472.4  11/2-   1/2  32   -0.37    4.95    4.95    2.25    0.84      18.92   18.92    0.00   -1.16      2.307   2.307   0.000
  27 3797.8   1/2-   1/2  35    0.50   17.03   17.03    0.25   -0.83      18.24   18.24   -0.00   -5.80      2.224   2.224  -0.000
  28 4030.9   5/2-   5/2  29    1.45   22.02   22.02    4.87    3.60      18.19   18.19    0.00   -6.35      2.218   2.218   0.000
  29 4276.7  13/2-   5/2  29    0.28   21.42   21.42    5.17    4.23      18.83   18.83    0.00   -3.01      2.296   2.296   0.000
  30 4424.3  13/2-  -3/2  33   -0.55    5.11    5.11    4.20    1.57      20.61   20.61    0.00   -0.54      2.513   2.513   0.000
  
  31 4786.1  13/2-  -7/2  37   -1.50    3.98    3.98    8.27    1.73      20.44   20.44    0.00   -0.65      2.491   2.491   0.000
  32*******   1/2-  -3/2  33    0.00    0.00    0.00    0.00    0.00       0.00    0.00   -0.00   -0.00      0.000   0.000  -0.000
