1SPECTRUM OF (Z= 82 A=207) IN PARTICLE-ROTOR  MODEL WITH MODIFIED OSCILLATOR POTENTIAL


 PARITY=-   EPS= 0.543   GAMMA=  0.0   EPS4=0.000   EPS6=0.000   LEVELS:  24  25  26  27  28  29  30  31  32  33  34  35  36  37  38

 PAIRING FACTORS: GN0= 19.20  GN1=  7.40  IPAIR= 15 ***  E2PLUS(INPUT)=   0.730  E2PLUR(INPUT)=   0.000

 CORIOLIS ATTENUATION PARAMETERS:  CHSI=1.000  ETA=  1.00

 MOMENT OF INERTIA PARAMETERS:   A1=  0.122 MEV   A2=  0.122 MEV   A3=121.91924 MEV


 DELTA=0.870 MEV  LAMBDA=53.4423 MEV   HW0= 7.7048 MEV   LAMBDA/HW0= 6.9362

 E2ENERGY=0.730 MEV  HBAR**2/B=54671./A**(7/3)=9242.0/A**2 MEV

 IREC=0  =>  RECOIL TERMS j+j-, j+j+, jzjz, ETC TREATED AS ONE-BODY OPERATORS WITH UU+VV PAIRING FACTORS



 S. P. LEVEL   EQP       U     V        (UU + VV)**1.00

     24       4.609    0.095 0.995      1.000 1.000 1.000 0.994 0.990 0.957 0.934 0.863 0.429 0.418 0.381 0.375 0.315 0.212 0.196
     25       4.469    0.098 0.995      1.000 1.000 1.000 0.994 0.991 0.958 0.935 0.865 0.432 0.420 0.384 0.378 0.318 0.215 0.199
     26       3.897    0.112 0.994      1.000 1.000 1.000 0.996 0.993 0.962 0.940 0.872 0.445 0.434 0.398 0.392 0.332 0.230 0.214
     27       2.160    0.206 0.979      0.994 0.994 0.996 1.000 1.000 0.984 0.968 0.914 0.527 0.517 0.483 0.477 0.420 0.321 0.305
     28       1.925    0.232 0.973      0.990 0.991 0.993 1.000 1.000 0.988 0.975 0.925 0.550 0.540 0.506 0.501 0.444 0.346 0.331
     29       1.241    0.379 0.926      0.957 0.958 0.962 0.984 0.988 1.000 0.997 0.972 0.672 0.663 0.633 0.627 0.576 0.486 0.471
     30       1.093    0.444 0.896      0.934 0.935 0.940 0.968 0.975 0.997 1.000 0.987 0.723 0.715 0.687 0.682 0.634 0.548 0.534
     31       0.917    0.585 0.811      0.863 0.865 0.872 0.914 0.925 0.972 0.987 1.000 0.826 0.819 0.796 0.792 0.751 0.677 0.665
     32       1.356    0.940 0.341      0.429 0.432 0.445 0.527 0.550 0.672 0.723 0.826 1.000 1.000 0.999 0.998 0.993 0.974 0.970
     33       1.398    0.944 0.330      0.418 0.420 0.434 0.517 0.540 0.663 0.715 0.819 1.000 1.000 0.999 0.999 0.994 0.977 0.973
     34       1.557    0.956 0.292      0.381 0.384 0.398 0.483 0.506 0.633 0.687 0.796 0.999 0.999 1.000 1.000 0.998 0.984 0.981
     35       1.588    0.958 0.286      0.375 0.378 0.392 0.477 0.501 0.627 0.682 0.792 0.998 0.999 1.000 1.000 0.998 0.985 0.983
     36       1.993    0.975 0.224      0.315 0.318 0.332 0.420 0.444 0.576 0.634 0.751 0.993 0.994 0.998 0.998 1.000 0.994 0.992
     37       3.688    0.993 0.119      0.212 0.215 0.230 0.321 0.346 0.486 0.548 0.677 0.974 0.977 0.984 0.985 0.994 1.000 1.000
     38       4.270    0.995 0.102      0.196 0.199 0.214 0.305 0.331 0.471 0.534 0.665 0.970 0.973 0.981 0.983 0.992 1.000 1.000

  R CORE   ENERGY   A0R/A00=1.000    R3= 0     2  
   2( 1)    0.732                    1.000 0.000
   2( 2)  487.921                    0.000 1.000

  R CORE   ENERGY   A0R/A00=1.000    R3= 0     2  
   3( 1)  488.652                    0.000 1.000

  R CORE   ENERGY   A0R/A00=1.000    R3= 0     2     4  
   4( 1)    2.438                    1.000 0.000 0.000

  R CORE   ENERGY   A0R/A00=1.000    R3= 0     2     4  
   5( 1)  490.847                    0.000 1.000 0.000

  R CORE   ENERGY   A0R/A00=1.000    R3= 0     2     4     6  
   6( 1)    5.121                    1.000 0.000 0.000 0.000

  R CORE   ENERGY   A0R/A00=1.000    R3= 0     2     4     6  
   7( 1)  494.017                    0.000 1.000 0.000 0.000

          AXIAL SYMMETRY => K RESTRICTED TO OMEGA

                     K
     S.P. ORB#: 24  2.50
     S.P. ORB#: 25 -1.50
     S.P. ORB#: 26  0.50
     S.P. ORB#: 27  0.50
     S.P. ORB#: 28  2.50
     S.P. ORB#: 29  2.50
     S.P. ORB#: 30 -5.50
     S.P. ORB#: 31 -3.50
     S.P. ORB#: 32  0.50
     S.P. ORB#: 33  0.50
     S.P. ORB#: 34 -1.50
     S.P. ORB#: 35 -3.50
     S.P. ORB#: 36 -1.50
     S.P. ORB#: 37 -3.50
     S.P. ORB#: 38  4.50
 

             ENERGY    K= OMEGA
 
 I=  1/2- (1)  2.828  33:-0.999
 
 I=  1/2- (2)  4.943  27: 0.663
                      32:-0.749
 
 I=  1/2- (3)  5.765  26: 0.999
 
 I=  1/2- (4)  6.214  27:-0.749
                      32:-0.663
 
 I=  1/2- (5)147.860  34: 1.000

             ENERGY    K= OMEGA
 
 I=  3/2- (1)  2.894  33:-0.777
                      34:-0.629
 
 I=  3/2- (2)  3.139  26: 0.118
                      33:-0.623
                      34: 0.774

             ENERGY    K= OMEGA
 
 I=  5/2- (1)  3.043  29: 0.978
                      33:-0.065
                      34: 0.193
 
 I=  5/2- (2)  3.442  26: 0.175
                      29: 0.200
                      33: 0.533
                      34:-0.803
 
 I=  5/2- (3)  4.059  29: 0.053
                      33:-0.833
                      34:-0.548
 
 I=  5/2- (4)  5.273  25:-0.064
                      27: 0.694
                      28: 0.074
                      32:-0.647
                      36:-0.300
 
 I=  5/2- (5)  6.664  24:-0.051
                      26:-0.982
                      33: 0.136
                      34:-0.120

             ENERGY    K= OMEGA
 
 I=  7/2- (1)  2.665  24:-0.195
                      29: 0.116
                      31: 0.973
 
 I=  7/2- (2)  3.693  24:-0.062
                      29:-0.881
                      31: 0.081
                      33: 0.086
                      34: 0.209
                      37: 0.403
 
 I=  7/2- (3)  4.117  29: 0.150
                      33: 0.815
                      34: 0.542
                      37:-0.124
 
 I=  7/2- (4)  4.579  24:-0.054
                      26: 0.219
                      33:-0.546
                      34: 0.777
                      37:-0.211
 
 I=  7/2- (5)  4.894  29:-0.431
                      31: 0.065
                      33: 0.055
                      34:-0.166
                      37:-0.882

             ENERGY    K= OMEGA
 
 I=  9/2- (1)  3.263  24: 0.252
                      29:-0.134
                      31: 0.905
                      38:-0.311
 
 I=  9/2- (2)  4.594  24:-0.086
                      26: 0.072
                      29:-0.817
                      31:-0.107
                      33: 0.113
                      34:-0.269
                      37:-0.473
 
 I=  9/2- (3)  5.095  26: 0.276
                      29: 0.213
                      31: 0.068
                      33: 0.539
                      34:-0.733
                      37: 0.210
 
 I=  9/2- (4)  5.545  24: 0.111
                      29:-0.208
                      31: 0.257
                      37: 0.253
                      38: 0.903
 
 I=  9/2- (5)  6.084  25:-0.404
                      27: 0.463
                      28: 0.598
                      32:-0.240
                      35:-0.391
                      36:-0.231

             ENERGY    K= OMEGA
 
 I= 11/2- (1)  2.432  30:-1.000
 
 I= 11/2- (2)  4.129  24:-0.291
                      29: 0.141
                      31: 0.870
                      37:-0.051
                      38: 0.366
 
 I= 11/2- (3)  5.760  24:-0.103
                      29:-0.794
                      31: 0.121
                      33: 0.108
                      34: 0.248
                      37: 0.520
 
 I= 11/2- (4)  6.236  25: 0.467
                      27: 0.451
                      28: 0.592
                      32: 0.283
                      35: 0.338
                      36: 0.185
 
 I= 11/2- (5)  6.316  26:-0.071
                      29: 0.155
                      31:-0.055
                      33: 0.833
                      34: 0.496
                      37:-0.163

             ENERGY    K= OMEGA
 
 I= 13/2- (1)  4.013  30: 0.999
 
 I= 13/2- (2)  5.247  24: 0.322
                      29:-0.145
                      31: 0.846
                      37:-0.064
                      38:-0.389
 
 I= 13/2- (3)  7.136  24: 0.118
                      26:-0.129
                      29: 0.739
                      31: 0.111
                      33:-0.170
                      34: 0.345
                      37: 0.512
 
 I= 13/2- (4)  7.201  25:-0.496
                      27: 0.309
                      28: 0.681
                      32:-0.074
                      35:-0.404
                      36:-0.162
 
 I= 13/2- (5)  7.676  26: 0.344
                      29: 0.283
                      31: 0.098
                      33: 0.522
                      34:-0.661
                      37: 0.282
                      38:-0.051

             ENERGY     K= 9/2
  32 LEVELS    TIME=  0.0 SEC



 ******************* EXCITATION ENERGIES, DOMINANT CONFIGURATION AND EXPECTATION VALUES (WITH S.P. UU+VV FACTORS) *******************

  NR  Eex(keV)  I   Kdom  NY    <Jz>  <Jx**2> <Jy**2> <Jz**2> <I.j>/|I|  <Rx**2> <Ry**2> <Rz**2> <R.j>/|R|  <HROTx> <HROTy> <HROTz>

   1    0.0  11/2- -11/2  30   -5.49    2.75    2.75   30.24    5.06       5.48    5.48    0.00   -1.65      0.668   0.668   0.001
   2  233.3   7/2-  -7/2  31   -3.19    6.50    6.50   11.94    3.47       6.57    6.57   -0.00   -3.08      0.801   0.801  -0.000
   3  396.2   1/2-   1/2  33    0.50    5.40    5.40    0.25    0.06       5.85    5.85    0.00   -3.22      0.713   0.713   0.000
   4  462.7   3/2-   1/2  33   -0.29    5.40    5.40    1.04    0.99       5.87    5.87    0.00   -2.89      0.716   0.716   0.000
   5  611.3   5/2-   5/2  29    2.34    6.16    6.16    6.07    2.12       7.31    7.31    0.00   -3.17      0.891   0.891   0.000
  
   6  706.9   3/2-  -3/2  34   -0.70    5.43    5.43    1.45    0.73       6.61    6.61    0.00   -2.99      0.805   0.805   0.000
   7  830.8   9/2-  -7/2  31   -2.23    6.21    6.21   12.53    3.53       7.29    7.29   -0.00   -1.93      0.889   0.889  -0.000
   8 1010.7   5/2-  -3/2  34   -0.71    5.54    5.54    1.79    1.06       7.66    7.66    0.00   -2.48      0.934   0.934   0.000
   9 1261.3   7/2-   5/2  29    1.29    5.48    5.48    7.04    2.16       8.31    8.31    0.00   -2.31      1.014   1.014   0.000
  10 1581.1  13/2- -11/2  30   -5.48    2.75    2.75   30.21    4.34      11.95   11.95    0.00   -1.11      1.457   1.457   0.001
  
  11 1627.1   5/2-   1/2  33   -0.09    5.42    5.42    0.87   -0.15      10.69   10.69    0.00   -2.63      1.303   1.303   0.000
  12 1685.0   7/2-   1/2  33   -0.11    5.37    5.37    1.18    0.76      10.80   10.80    0.00   -1.91      1.317   1.317   0.000
  13 1697.1  11/2-  -7/2  31   -1.79    6.12    6.12   12.69    3.40       9.98    9.98   -0.00   -1.02      1.217   1.217  -0.000
  14 2147.3   7/2-  -3/2  34   -0.88    5.37    5.37    2.03    0.64      11.71   11.71    0.00   -2.11      1.427   1.427   0.000
  15 2162.3   9/2-   5/2  29    0.76    5.20    5.20    7.27    2.00      11.25   11.25   -0.00   -1.63      1.372   1.372  -0.000
  
  16 2462.1   7/2-  -7/2  37   -2.31    3.17    3.17   10.80    2.35       7.12    7.12   -0.00   -2.07      0.868   0.868  -0.000
  17 2511.1   1/2-   1/2  32    0.50   13.98   13.98    0.25    1.41      13.26   13.26    0.00   -5.24      1.617   1.617   0.000
  18 2663.1   9/2-  -3/2  34   -0.67    5.52    5.52    2.21    1.08      13.63   13.63    0.00   -1.51      1.662   1.662   0.000
  19 2815.5  13/2-  -7/2  31   -1.54    6.10    6.10   12.73    3.27      14.03   14.03   -0.00   -0.40      1.710   1.710  -0.000
  20 2841.3   5/2-   1/2  27    0.32   14.12   14.12    0.47    1.54      14.18   14.18    0.00   -4.54      1.728   1.728   0.000
  
  21 3113.7   9/2-   9/2  38    3.35    2.84    2.84   18.43    3.54       6.81    6.81    0.00   -1.76      0.830   0.830   0.000
  22 3328.1  11/2-   5/2  29    0.52    5.00    5.00    7.65    1.86      15.59   15.59   -0.00   -1.17      1.901   1.901  -0.000
  23 3333.0   1/2-   1/2  26    0.50    7.74    7.74    0.25    0.65       7.68    7.68    0.00   -3.87      0.936   0.936   0.000
  24 3652.4   9/2-   5/2  28    0.17   19.74   19.74    4.67    3.81      15.48   15.48    0.00   -4.53      1.888   1.888   0.000
  25 3781.9   1/2-   1/2  27    0.50   16.46   16.46    0.25   -1.29      18.07   18.07    0.00   -5.70      2.203   2.203   0.000
  
  26 3804.7  11/2-   5/2  28    0.24   20.39   20.39    4.22    4.15      15.54   15.54    0.00   -3.62      1.895   1.895   0.000
  27 3884.2  11/2-   1/2  33   -0.06    5.34    5.34    1.27    0.69      19.71   19.71    0.00   -1.24      2.403   2.403   0.000
  28 4231.8   5/2-   1/2  26    0.48    7.66    7.66    0.29    0.17      11.67   11.67    0.00   -3.13      1.423   1.423   0.000
  29 4703.8  13/2-   5/2  29    0.29    5.01    5.01    7.16    1.71      21.00   21.00    0.00   -0.80      2.560   2.560   0.000
  30 4769.6  13/2-   5/2  28    0.23   21.29   21.29    5.53    4.19      19.21   19.21    0.00   -3.05      2.342   2.342   0.000
  
  31 5243.9  13/2-  -3/2  34   -0.56    5.52    5.52    2.72    1.11      23.54   23.54    0.00   -0.88      2.869   2.869   0.000
  32*******   1/2-  -3/2  34    0.00    0.00    0.00    0.00   -0.00       0.00    0.00    0.00   -0.00      0.000   0.000   0.000
