1SPECTRUM OF (Z= 82 A=207) IN PARTICLE-ROTOR  MODEL WITH MODIFIED OSCILLATOR POTENTIAL


 PARITY=-   EPS= 0.510   GAMMA=  0.0   EPS4=0.000   EPS6=0.000   LEVELS:  24  25  26  27  28  29  30  31  32  33  34  35  36  37  38

 PAIRING FACTORS: GN0= 19.20  GN1=  7.40  IPAIR= 15 ***  E2PLUS(INPUT)=   0.730  E2PLUR(INPUT)=   0.000

 CORIOLIS ATTENUATION PARAMETERS:  CHSI=1.000  ETA=  1.00

 MOMENT OF INERTIA PARAMETERS:   A1=  0.122 MEV   A2=  0.122 MEV   A3=121.91924 MEV


 DELTA=0.845 MEV  LAMBDA=53.3916 MEV   HW0= 7.6659 MEV   LAMBDA/HW0= 6.9648

 E2ENERGY=0.730 MEV  HBAR**2/B=48227./A**(7/3)=8152.8/A**2 MEV

 IREC=0  =>  RECOIL TERMS j+j-, j+j+, jzjz, ETC TREATED AS ONE-BODY OPERATORS WITH UU+VV PAIRING FACTORS



 S. P. LEVEL   EQP       U     V        (UU + VV)**1.00

     24       4.695    0.090 0.996      1.000 1.000 1.000 0.982 0.981 0.979 0.979 0.935 0.495 0.443 0.347 0.338 0.269 0.229 0.207
     25       3.967    0.107 0.994      1.000 1.000 1.000 0.985 0.984 0.983 0.982 0.940 0.510 0.458 0.363 0.353 0.286 0.245 0.223
     26       3.861    0.110 0.994      1.000 1.000 1.000 0.986 0.985 0.983 0.983 0.942 0.512 0.460 0.366 0.356 0.289 0.248 0.226
     27       1.589    0.277 0.961      0.982 0.985 0.986 1.000 1.000 1.000 1.000 0.985 0.650 0.604 0.518 0.509 0.446 0.408 0.388
     28       1.568    0.281 0.960      0.981 0.984 0.985 1.000 1.000 1.000 1.000 0.986 0.653 0.607 0.522 0.513 0.450 0.412 0.392
     29       1.524    0.290 0.957      0.979 0.983 0.983 1.000 1.000 1.000 1.000 0.987 0.660 0.615 0.530 0.521 0.459 0.421 0.400
     30       1.514    0.292 0.956      0.979 0.982 0.983 1.000 1.000 1.000 1.000 0.988 0.662 0.616 0.531 0.523 0.460 0.423 0.402
     31       1.072    0.439 0.899      0.935 0.940 0.942 0.985 0.986 0.987 0.988 1.000 0.772 0.732 0.658 0.650 0.594 0.560 0.541
     32       1.121    0.910 0.414      0.495 0.510 0.512 0.650 0.653 0.660 0.662 0.772 1.000 0.998 0.987 0.985 0.970 0.959 0.952
     33       1.260    0.933 0.360      0.443 0.458 0.460 0.604 0.607 0.615 0.616 0.732 0.998 1.000 0.995 0.993 0.983 0.974 0.969
     34       1.678    0.965 0.261      0.347 0.363 0.366 0.518 0.522 0.530 0.531 0.658 0.987 0.995 1.000 1.000 0.997 0.992 0.989
     35       1.740    0.968 0.251      0.338 0.353 0.356 0.509 0.513 0.521 0.523 0.650 0.985 0.993 1.000 1.000 0.997 0.994 0.991
     36       2.371    0.983 0.181      0.269 0.286 0.289 0.446 0.450 0.459 0.460 0.594 0.970 0.983 0.997 0.997 1.000 0.999 0.998
     37       3.052    0.990 0.140      0.229 0.245 0.248 0.408 0.412 0.421 0.423 0.560 0.959 0.974 0.992 0.994 0.999 1.000 1.000
     38       3.629    0.993 0.117      0.207 0.223 0.226 0.388 0.392 0.400 0.402 0.541 0.952 0.969 0.989 0.991 0.998 1.000 1.000

  R CORE   ENERGY   A0R/A00=1.000    R3= 0     2  
   2( 1)    0.732                    1.000 0.000
   2( 2)  487.921                    0.000 1.000

  R CORE   ENERGY   A0R/A00=1.000    R3= 0     2  
   3( 1)  488.652                    0.000 1.000

  R CORE   ENERGY   A0R/A00=1.000    R3= 0     2     4  
   4( 1)    2.438                    1.000 0.000 0.000

  R CORE   ENERGY   A0R/A00=1.000    R3= 0     2     4  
   5( 1)  490.847                    0.000 1.000 0.000

  R CORE   ENERGY   A0R/A00=1.000    R3= 0     2     4     6  
   6( 1)    5.121                    1.000 0.000 0.000 0.000

  R CORE   ENERGY   A0R/A00=1.000    R3= 0     2     4     6  
   7( 1)  494.017                    0.000 1.000 0.000 0.000

          AXIAL SYMMETRY => K RESTRICTED TO OMEGA

                     K
     S.P. ORB#: 24  2.50
     S.P. ORB#: 25  0.50
     S.P. ORB#: 26 -1.50
     S.P. ORB#: 27  2.50
     S.P. ORB#: 28 -5.50
     S.P. ORB#: 29  0.50
     S.P. ORB#: 30  2.50
     S.P. ORB#: 31 -3.50
     S.P. ORB#: 32  0.50
     S.P. ORB#: 33 -1.50
     S.P. ORB#: 34 -3.50
     S.P. ORB#: 35  0.50
     S.P. ORB#: 36 -1.50
     S.P. ORB#: 37 -3.50
     S.P. ORB#: 38  4.50
 

             ENERGY    K= OMEGA
 
 I=  1/2- (1)  2.526  32: 0.999
 
 I=  1/2- (2)  4.685  29:-0.875
                      35: 0.484
 
 I=  1/2- (3)  5.800  25: 0.999
 
 I=  1/2- (4)  6.154  29:-0.484
                      35:-0.875
 
 I=  1/2- (5)147.563  33:-1.000

             ENERGY    K= OMEGA
 
 I=  3/2- (1)  2.587  32: 0.748
                      33:-0.663
 
 I=  3/2- (2)  2.826  25:-0.126
                      32:-0.656
                      33:-0.744

             ENERGY    K= OMEGA
 
 I=  5/2- (1)  3.064  24:-0.051
                      25: 0.172
                      30:-0.277
                      32:-0.494
                      33:-0.804
 
 I=  5/2- (2)  3.340  25:-0.059
                      30:-0.953
                      32: 0.243
                      33: 0.168
 
 I=  5/2- (3)  3.756  30:-0.116
                      32:-0.823
                      33: 0.553
 
 I=  5/2- (4)  5.044  26: 0.121
                      27:-0.111
                      29:-0.795
                      35: 0.526
                      36: 0.254
 
 I=  5/2- (5)  6.508  26:-0.462
                      27: 0.827
                      35: 0.319

             ENERGY    K= OMEGA
 
 I=  7/2- (1)  2.774  24:-0.213
                      30: 0.102
                      31: 0.970
 
 I=  7/2- (2)  3.680  24:-0.052
                      30:-0.597
                      32:-0.292
                      33: 0.366
                      37: 0.649
 
 I=  7/2- (3)  3.815  30:-0.222
                      32: 0.739
                      33:-0.487
                      37: 0.403
 
 I=  7/2- (4)  4.220  24:-0.061
                      25: 0.223
                      30:-0.141
                      32: 0.573
                      33: 0.719
                      37:-0.285
 
 I=  7/2- (5)  4.544  25: 0.069
                      30: 0.750
                      31:-0.099
                      32: 0.095
                      33: 0.280
                      37: 0.578

             ENERGY    K= OMEGA
 
 I=  9/2- (1)  3.333  24:-0.266
                      30: 0.122
                      31:-0.878
                      33:-0.054
                      38: 0.372
 
 I=  9/2- (2)  4.519  24:-0.106
                      25: 0.163
                      30:-0.516
                      31:-0.114
                      32:-0.288
                      33:-0.489
                      37:-0.568
                      38:-0.198
 
 I=  9/2- (3)  4.742  25: 0.238
                      30: 0.260
                      31: 0.165
                      32:-0.469
                      33:-0.599
                      37: 0.497
                      38: 0.150
 
 I=  9/2- (4)  4.960  24: 0.107
                      30:-0.367
                      31: 0.280
                      37:-0.095
                      38: 0.874
 
 I=  9/2- (5)  5.750  26:-0.432
                      27: 0.598
                      29: 0.495
                      34:-0.342
                      35:-0.226
                      36:-0.208

             ENERGY    K= OMEGA
 
 I= 11/2- (1)  2.907  28: 1.000
 
 I= 11/2- (2)  4.194  24:-0.308
                      30: 0.132
                      31: 0.847
                      33: 0.060
                      37:-0.066
                      38: 0.402
 
 I= 11/2- (3)  5.713  24:-0.129
                      30:-0.580
                      31: 0.149
                      32:-0.217
                      33: 0.341
                      37: 0.657
                      38:-0.169
 
 I= 11/2- (4)  5.877  26: 0.473
                      27: 0.580
                      29: 0.510
                      34: 0.303
                      35: 0.225
                      36: 0.193
 
 I= 11/2- (5)  6.013  25:-0.084
                      30: 0.171
                      31:-0.104
                      32:-0.805
                      33: 0.453
                      37:-0.315

             ENERGY    K= OMEGA
 
 I= 13/2- (1)  4.489  28: 0.998
 
 I= 13/2- (2)  5.310  24:-0.343
                      28: 0.051
                      30: 0.136
                      31:-0.828
                      33:-0.072
                      37: 0.077
                      38: 0.406
 
 I= 13/2- (3)  6.833  26:-0.510
                      27: 0.677
                      29: 0.331
                      34:-0.374
                      35:-0.091
                      36:-0.157
 
 I= 13/2- (4)  7.004  24: 0.124
                      25:-0.269
                      30: 0.449
                      31: 0.067
                      32: 0.380
                      33: 0.586
                      37: 0.447
                      38: 0.140
 
 I= 13/2- (5)  7.348  24: 0.063
                      25: 0.258
                      30: 0.419
                      31: 0.183
                      32:-0.405
                      33:-0.444
                      37: 0.596
                      38: 0.063

             ENERGY     K= 9/2
  32 LEVELS    TIME=  0.0 SEC



 ******************* EXCITATION ENERGIES, DOMINANT CONFIGURATION AND EXPECTATION VALUES (WITH S.P. UU+VV FACTORS) *******************

  NR  Eex(keV)  I   Kdom  NY    <Jz>  <Jx**2> <Jy**2> <Jz**2> <I.j>/|I|  <Rx**2> <Ry**2> <Rz**2> <R.j>/|R|  <HROTx> <HROTy> <HROTz>

   1    0.0   1/2-   1/2  32    0.50    5.32    5.32    0.25    0.09       5.75    5.75    0.00   -3.19      0.700   0.700   0.000
   2   60.2   3/2-   1/2  32   -0.38    5.32    5.32    1.13    1.03       5.75    5.75    0.00   -2.88      0.702   0.702   0.000
   3  248.0   7/2-  -7/2  31   -3.16    6.48    6.48   11.90    3.53       6.28    6.28   -0.00   -3.06      0.765   0.765  -0.000
   4  299.3   3/2-  -3/2  33   -0.61    5.34    5.34    1.36    0.72       6.49    6.49    0.00   -2.95      0.792   0.792   0.000
   5  380.6  11/2- -11/2  28   -5.49    2.75    2.75   30.24    5.06       5.49    5.49    0.00   -1.66      0.669   0.669   0.000
  
   6  537.6   5/2-  -3/2  33   -0.64    5.48    5.48    2.02    1.27       7.09    7.09    0.00   -2.44      0.865   0.865   0.000
   7  806.9   9/2-  -7/2  31   -1.87    6.03    6.03   12.81    3.64       6.73    6.73   -0.00   -1.85      0.820   0.820  -0.000
   8  813.1   5/2-   5/2  30    2.26    6.10    6.10    5.76    1.96       7.57    7.57    0.00   -3.13      0.922   0.922   0.000
   9 1153.5   7/2-  -7/2  37   -0.74    4.32    4.32    7.73    2.42       6.47    6.47    0.00   -1.88      0.788   0.788   0.000
  10 1230.0   5/2-   1/2  32   -0.08    5.35    5.35    0.95   -0.13      10.58   10.58    0.00   -2.61      1.290   1.290   0.000
  
  11 1288.7   7/2-   1/2  32   -0.53    4.86    4.86    2.99    1.19       9.51    9.51    0.00   -1.83      1.160   1.160   0.000
  12 1667.2  11/2-  -7/2  31   -1.52    6.01    6.01   12.84    3.46       9.62    9.62   -0.00   -0.95      1.173   1.173  -0.000
  13 1693.9   7/2-  -3/2  33   -0.81    5.17    5.17    2.40    0.79      11.11   11.11    0.00   -2.04      1.354   1.354   0.000
  14 1962.7  13/2- -11/2  28   -5.48    2.75    2.75   30.21    4.34      11.96   11.96    0.00   -1.11      1.459   1.459   0.000
  15 1992.7   9/2-  -7/2  37   -0.61    4.48    4.48    7.20    2.11       9.94    9.94    0.00   -1.27      1.212   1.212   0.000
  
  16 2017.8   7/2-   5/2  30    0.09    4.82    4.82    7.92    1.58      10.36   10.36    0.00   -2.47      1.264   1.264   0.000
  17 2158.2   1/2-   1/2  29    0.50   13.20   13.20    0.25    1.09      12.76   12.76   -0.00   -5.09      1.555   1.555  -0.000
  18 2215.2   9/2-  -3/2  33   -1.09    4.70    4.70    5.11    1.60      11.69   11.69    0.00   -1.36      1.425   1.425   0.000
  19 2433.8   9/2-   9/2  38    3.50    3.33    3.33   17.47    3.42       7.44    7.44   -0.00   -1.85      0.907   0.907  -0.000
  20 2517.7   5/2-   1/2  29    0.37   13.86   13.86    0.48    1.57      13.82   13.82    0.00   -4.48      1.685   1.685   0.000
  
  21 2783.8  13/2-  -7/2  31   -1.36    6.05    6.05   12.74    3.29      13.82   13.82   -0.00   -0.35      1.684   1.684  -0.000
  22 3186.9  11/2-  -7/2  37   -0.73    4.14    4.14    8.63    2.02      14.26   14.26    0.00   -0.91      1.739   1.739   0.000
  23 3223.9   9/2-   5/2  27    0.29   19.72   19.72    4.26    3.83      15.18   15.18   -0.00   -4.47      1.851   1.851  -0.000
  24 3273.9   1/2-   1/2  25    0.50    7.61    7.61    0.25    0.66       7.54    7.54    0.00   -3.84      0.919   0.919   0.000
  25 3350.4  11/2-   5/2  27    0.28   20.21   20.21    3.89    4.12      15.39   15.39   -0.00   -3.55      1.876   1.876  -0.000
  
  26 3486.4  11/2-   1/2  32   -0.29    5.02    5.02    2.17    0.83      19.02   19.02    0.00   -1.18      2.319   2.319   0.000
  27 3627.6   1/2-   1/2  35    0.50   17.00   17.00    0.25   -0.93      18.31   18.31    0.00   -5.79      2.232   2.232   0.000
  28 3981.6   5/2-   5/2  27    1.44   21.85   21.85    4.78    3.54      18.12   18.12    0.00   -6.31      2.210   2.210   0.000
  29 4306.8  13/2-   5/2  27    0.29   21.40   21.40    5.24    4.21      18.98   18.98   -0.00   -3.02      2.314   2.314  -0.000
  30 4477.8  13/2-  -3/2  33   -0.49    5.00    5.00    5.08    1.60      20.76   20.76    0.00   -0.61      2.531   2.531   0.000
  
  31 4822.0  13/2-  -7/2  37   -1.07    4.51    4.51    6.46    1.53      21.46   21.46    0.00   -0.74      2.617   2.617   0.000
  32*******   1/2-  -3/2  33    0.00    0.00    0.00    0.00   -0.00       0.00    0.00    0.00   -0.00      0.000   0.000   0.000
