1SPECTRUM OF (Z= 82 A=207) IN PARTICLE-ROTOR  MODEL WITH MODIFIED OSCILLATOR POTENTIAL


 PARITY=-   EPS= 0.608   GAMMA=  0.0   EPS4=0.000   EPS6=0.000   LEVELS:  24  25  26  27  28  29  30  31  32  33  34  35  36  37  38

 PAIRING FACTORS: GN0= 19.20  GN1=  7.40  IPAIR= 15 ***  E2PLUS(INPUT)=   0.730  E2PLUR(INPUT)=   0.000

 CORIOLIS ATTENUATION PARAMETERS:  CHSI=1.000  ETA=  1.00

 MOMENT OF INERTIA PARAMETERS:   A1=  0.122 MEV   A2=  0.122 MEV   A3=121.91921 MEV


 DELTA=0.903 MEV  LAMBDA=53.6913 MEV   HW0= 7.7926 MEV   LAMBDA/HW0= 6.8900

 E2ENERGY=0.730 MEV  HBAR**2/B=68543./A**(7/3)=******/A**2 MEV

 IREC=0  =>  RECOIL TERMS j+j-, j+j+, jzjz, ETC TREATED AS ONE-BODY OPERATORS WITH UU+VV PAIRING FACTORS



 S. P. LEVEL   EQP       U     V        (UU + VV)**1.00

     24       4.516    0.100 0.995      1.000 1.000 1.000 1.000 0.998 0.844 0.766 0.637 0.564 0.487 0.451 0.334 0.314 0.213 0.192
     25       4.029    0.113 0.994      1.000 1.000 1.000 1.000 0.998 0.851 0.774 0.647 0.574 0.498 0.462 0.345 0.325 0.225 0.204
     26       3.827    0.119 0.993      1.000 1.000 1.000 1.000 0.999 0.854 0.778 0.651 0.579 0.503 0.467 0.351 0.331 0.231 0.210
     27       3.604    0.126 0.992      1.000 1.000 1.000 1.000 0.999 0.858 0.783 0.657 0.585 0.510 0.474 0.358 0.338 0.238 0.218
     28       2.711    0.169 0.986      0.998 0.998 0.999 0.999 1.000 0.879 0.809 0.689 0.619 0.547 0.511 0.398 0.378 0.280 0.259
     29       0.929    0.618 0.786      0.844 0.851 0.854 0.858 0.879 1.000 0.991 0.951 0.919 0.880 0.859 0.787 0.774 0.704 0.688
     30       0.903    0.716 0.698      0.766 0.774 0.778 0.783 0.809 0.991 1.000 0.983 0.963 0.935 0.919 0.861 0.851 0.791 0.778
     31       0.976    0.831 0.556      0.637 0.647 0.651 0.657 0.689 0.951 0.983 1.000 0.996 0.984 0.975 0.939 0.932 0.889 0.879
     32       1.075    0.878 0.478      0.564 0.574 0.579 0.585 0.619 0.919 0.963 0.996 1.000 0.996 0.991 0.967 0.961 0.927 0.919
     33       1.238    0.918 0.397      0.487 0.498 0.503 0.510 0.547 0.880 0.935 0.984 0.996 1.000 0.999 0.986 0.982 0.957 0.951
     34       1.348    0.933 0.359      0.451 0.462 0.467 0.474 0.511 0.859 0.919 0.975 0.991 0.999 1.000 0.992 0.989 0.968 0.963
     35       1.959    0.971 0.237      0.334 0.345 0.351 0.358 0.398 0.787 0.861 0.939 0.967 0.986 0.992 1.000 1.000 0.992 0.989
     36       2.135    0.976 0.217      0.314 0.325 0.331 0.338 0.378 0.774 0.851 0.932 0.961 0.982 0.989 1.000 1.000 0.995 0.992
     37       3.997    0.994 0.114      0.213 0.225 0.231 0.238 0.280 0.704 0.791 0.889 0.927 0.957 0.968 0.992 0.995 1.000 1.000
     38       4.900    0.996 0.093      0.192 0.204 0.210 0.218 0.259 0.688 0.778 0.879 0.919 0.951 0.963 0.989 0.992 1.000 1.000

  R CORE   ENERGY   A0R/A00=1.000    R3= 0     2  
   2( 1)    0.732                    1.000 0.000
   2( 2)  487.921                    0.000 1.000

  R CORE   ENERGY   A0R/A00=1.000    R3= 0     2  
   3( 1)  488.652                    0.000 1.000

  R CORE   ENERGY   A0R/A00=1.000    R3= 0     2     4  
   4( 1)    2.438                    1.000 0.000 0.000

  R CORE   ENERGY   A0R/A00=1.000    R3= 0     2     4  
   5( 1)  490.847                    0.000 1.000 0.000

  R CORE   ENERGY   A0R/A00=1.000    R3= 0     2     4     6  
   6( 1)    5.121                    1.000 0.000 0.000 0.000

  R CORE   ENERGY   A0R/A00=1.000    R3= 0     2     4     6  
   7( 1)  494.017                    0.000 1.000 0.000 0.000

          AXIAL SYMMETRY => K RESTRICTED TO OMEGA

                     K
     S.P. ORB#: 24  2.50
     S.P. ORB#: 25  4.50
     S.P. ORB#: 26  0.50
     S.P. ORB#: 27  0.50
     S.P. ORB#: 28  2.50
     S.P. ORB#: 29  2.50
     S.P. ORB#: 30  0.50
     S.P. ORB#: 31 -3.50
     S.P. ORB#: 32 -5.50
     S.P. ORB#: 33 -1.50
     S.P. ORB#: 34 -3.50
     S.P. ORB#: 35  0.50
     S.P. ORB#: 36 -1.50
     S.P. ORB#: 37 -1.50
     S.P. ORB#: 38 -3.50
 

             ENERGY    K= OMEGA
 
 I=  1/2- (1)  3.432  35: 0.999
 
 I=  1/2- (2)  4.781  27:-0.375
                      30: 0.927
 
 I=  1/2- (3)  5.756  26: 0.999
 
 I=  1/2- (4)  7.469  27: 0.927
                      30: 0.375
 
 I=  1/2- (5)147.541  33: 1.000

             ENERGY    K= OMEGA
 
 I=  3/2- (1)  3.501  35: 0.809
                      36: 0.587
 
 I=  3/2- (2)  3.742  26: 0.118
                      35:-0.581
                      36: 0.805

             ENERGY    K= OMEGA
 
 I=  5/2- (1)  2.759  29: 0.996
                      36: 0.083
 
 I=  5/2- (2)  4.075  26: 0.187
                      29: 0.077
                      35: 0.522
                      36:-0.828
 
 I=  5/2- (3)  4.661  26:-0.054
                      35:-0.841
                      36:-0.536
 
 I=  5/2- (4)  4.686  27:-0.476
                      30: 0.760
                      33: 0.360
                      37:-0.257
 
 I=  5/2- (5)  6.078  28: 0.119
                      30: 0.398
                      33:-0.901
                      37:-0.121

             ENERGY    K= OMEGA
 
 I=  7/2- (1)  2.822  24:-0.148
                      29: 0.194
                      31: 0.970
 
 I=  7/2- (2)  3.463  24:-0.058
                      29:-0.942
                      31: 0.182
                      36: 0.118
                      38: 0.249
 
 I=  7/2- (3)  4.721  29:-0.072
                      35:-0.838
                      36:-0.536
 
 I=  7/2- (4)  5.198  24: 0.062
                      26:-0.226
                      29:-0.073
                      35: 0.522
                      36:-0.814
                      38: 0.069
 
 I=  7/2- (5)  5.353  27: 0.337
                      30: 0.858
                      33: 0.156
                      37: 0.351

             ENERGY    K= OMEGA
 
 I=  9/2- (1)  3.730  24:-0.209
                      29: 0.268
                      31:-0.938
 
 I=  9/2- (2)  4.390  24: 0.093
                      29: 0.891
                      31: 0.250
                      36: 0.148
                      38: 0.334
 
 I=  9/2- (3)  5.454  27: 0.505
                      30:-0.723
                      33:-0.341
                      37: 0.325
 
 I=  9/2- (4)  5.760  24: 0.054
                      26:-0.298
                      29:-0.113
                      35:-0.534
                      36: 0.774
                      38:-0.092
 
 I=  9/2- (5)  6.442  25: 0.995
                      31: 0.055
                      38:-0.055

             ENERGY    K= OMEGA
 
 I= 11/2- (1)  2.310  25: 0.138
                      32: 0.990
 
 I= 11/2- (2)  4.860  24:-0.254
                      25: 0.061
                      29: 0.316
                      31: 0.908
                      38:-0.085
 
 I= 11/2- (3)  5.548  24:-0.125
                      29:-0.848
                      31: 0.293
                      36: 0.163
                      38: 0.386
 
 I= 11/2- (4)  6.443  27: 0.402
                      28: 0.078
                      30: 0.800
                      33: 0.189
                      34: 0.053
                      37: 0.392
 
 I= 11/2- (5)  6.921  26: 0.065
                      29:-0.085
                      35:-0.853
                      36:-0.502
                      38: 0.078

             ENERGY    K= OMEGA
 
 I= 13/2- (1)  3.774  25: 0.198
                      32:-0.980
 
 I= 13/2- (2)  6.215  24:-0.288
                      25: 0.063
                      29: 0.349
                      31:-0.881
                      38: 0.116
 
 I= 13/2- (3)  6.934  24: 0.155
                      25:-0.051
                      29: 0.809
                      31: 0.320
                      35:-0.051
                      36: 0.191
                      38: 0.418
 
 I= 13/2- (4)  7.154  27:-0.515
                      30: 0.705
                      33: 0.325
                      37:-0.363
 
 I= 13/2- (5)  8.369  26:-0.381
                      29:-0.131
                      31:-0.085
                      35:-0.529
                      36: 0.728
                      38:-0.135

             ENERGY     K=-7/2
  32 LEVELS    TIME=  0.0 SEC



 ******************* EXCITATION ENERGIES, DOMINANT CONFIGURATION AND EXPECTATION VALUES (WITH S.P. UU+VV FACTORS) *******************

  NR  Eex(keV)  I   Kdom  NY    <Jz>  <Jx**2> <Jy**2> <Jz**2> <I.j>/|I|  <Rx**2> <Ry**2> <Rz**2> <R.j>/|R|  <HROTx> <HROTy> <HROTz>

   1    0.0  11/2- -11/2  32   -5.31    2.84    2.84   30.06    5.17       4.83    4.83    0.00   -1.55      0.589   0.589   0.000
   2  448.4   5/2-   5/2  29    2.47    6.28    6.28    6.22    2.13       7.46    7.46    0.00   -3.23      0.910   0.910   0.000
   3  511.3   7/2-  -7/2  31   -3.14    6.52    6.52   11.89    3.30       7.25    7.25   -0.00   -3.11      0.884   0.884  -0.000
   4 1121.6   1/2-   1/2  35    0.50    5.55    5.55    0.25    0.03       6.03    6.03    0.00   -3.26      0.735   0.735   0.000
   5 1152.6   7/2-   5/2  29    1.87    5.98    5.98    6.76    2.01       9.25    9.25    0.00   -2.50      1.128   1.128   0.000
  
   6 1190.7   3/2-   1/2  35   -0.19    5.55    5.55    0.94    0.94       6.07    6.07    0.00   -2.93      0.740   0.740   0.000
   7 1419.9   9/2-  -7/2  31   -2.79    6.62    6.62   11.58    2.85      10.60   10.60   -0.00   -2.31      1.292   1.292  -0.000
   8 1431.4   3/2-  -3/2  36   -0.80    5.59    5.59    1.55    0.78       6.74    6.74    0.00   -3.06      0.822   0.822   0.000
   9 1463.8  13/2- -11/2  32   -5.11    2.94    2.94   29.85    4.53      10.59   10.59    0.00   -0.89      1.291   1.291   0.000
  10 1764.4   5/2-  -3/2  36   -0.86    5.67    5.67    1.67    1.00       7.92    7.92    0.00   -2.52      0.966   0.966   0.000
  
  11 2079.3   9/2-   5/2  29    1.37    5.75    5.75    7.21    1.93      12.11   12.11    0.00   -1.85      1.476   1.476   0.000
  12 2350.9   5/2-   1/2  35   -0.07    5.57    5.57    0.84   -0.16      10.85   10.85    0.00   -2.67      1.323   1.323   0.000
  13 2376.0   5/2-   1/2  30    0.11   14.52   14.52    0.64    2.44      11.98   11.98   -0.00   -4.59      1.461   1.461  -0.000
  14 2410.6   7/2-   1/2  35   -0.07    5.56    5.56    0.89    0.70      11.10   11.10    0.00   -1.96      1.353   1.353   0.000
  15 2470.5   1/2-   1/2  30    0.50   14.97   14.97    0.25    1.30      14.34   14.34    0.00   -5.43      1.749   1.749   0.000
  
  16 2549.3  11/2-  -7/2  31   -2.48    6.69    6.69   11.30    2.57      14.85   14.85   -0.00   -1.71      1.810   1.810  -0.000
  17 2888.0   7/2-  -3/2  36   -0.83    5.68    5.68    1.69    0.52      12.34   12.34    0.00   -2.21      1.505   1.505   0.000
  18 3042.3   7/2-   1/2  30    0.21   18.01   18.01    0.57    2.72      15.38   15.38    0.00   -4.65      1.875   1.875   0.000
  19 3143.7   9/2-   1/2  30    0.06   14.44   14.44    0.70    2.58      14.34   14.34   -0.00   -3.13      1.748   1.748  -0.000
  20 3237.8  11/2-   5/2  29    0.98    5.58    5.58    7.57    1.86      16.11   16.11   -0.00   -1.34      1.964   1.964  -0.000
  
  21 3445.3   1/2-   1/2  26    0.50    7.97    7.97    0.25    0.63       7.93    7.93   -0.00   -3.93      0.967   0.967  -0.000
  22 3449.4   9/2-  -3/2  36   -0.71    5.78    5.78    1.68    0.92      14.41   14.41    0.00   -1.61      1.756   1.756   0.000
  23 3767.7   5/2-  -3/2  33   -1.13   16.95   16.95    1.99    0.85      19.81   19.81   -0.00   -5.30      2.416   2.416  -0.000
  24 3904.7  13/2-  -7/2  31   -2.24    6.74    6.74   11.07    2.38      20.04   20.04   -0.00   -1.25      2.443   2.443  -0.000
  25 4131.8   9/2-   9/2  25    4.44    7.61    7.61   20.15    4.04       9.95    9.95    0.00   -3.42      1.213   1.213   0.000
  
  26 4132.4  11/2-   1/2  30    0.12   18.10   18.10    0.70    2.92      18.88   18.88    0.00   -3.17      2.302   2.302   0.000
  27 4610.5  11/2-   1/2  35   -0.02    5.55    5.55    0.91    0.63      20.09   20.09    0.00   -1.30      2.449   2.449   0.000
  28 4623.9  13/2-   5/2  29    0.69    5.47    5.47    7.78    1.80      21.16   21.16    0.00   -0.94      2.580   2.580   0.000
  29 4843.2  13/2-   1/2  30    0.03   14.43   14.43    0.73    2.62      20.88   20.88    0.00   -1.75      2.545   2.545   0.000
  30 5158.9   1/2-   1/2  27    0.50   15.84   15.84    0.25   -1.24      17.41   17.41    0.00   -5.59      2.123   2.123   0.000
  
  31 6058.2  13/2-  -3/2  36   -0.62    5.89    5.89    1.75    0.93      24.65   24.65    0.00   -1.00      3.005   3.005   0.000
  32*******   1/2-  -3/2  33    0.00    0.00    0.00    0.00   -0.00       0.00    0.00    0.00   -0.00      0.000   0.000   0.000
