1SPECTRUM OF (Z= 82 A=207) IN PARTICLE-ROTOR  MODEL WITH MODIFIED OSCILLATOR POTENTIAL


 PARITY=-   EPS= 0.567   GAMMA=  0.0   EPS4=0.000   EPS6=0.000   LEVELS:  24  25  26  27  28  29  30  31  32  33  34  35  36  37  38

 PAIRING FACTORS: GN0= 19.20  GN1=  7.40  IPAIR= 15 ***  E2PLUS(INPUT)=   0.730  E2PLUR(INPUT)=   0.000

 CORIOLIS ATTENUATION PARAMETERS:  CHSI=1.000  ETA=  1.00

 MOMENT OF INERTIA PARAMETERS:   A1=  0.122 MEV   A2=  0.122 MEV   A3=121.91924 MEV


 DELTA=0.916 MEV  LAMBDA=53.5183 MEV   HW0= 7.7354 MEV   LAMBDA/HW0= 6.9186

 E2ENERGY=0.730 MEV  HBAR**2/B=59610./A**(7/3)=******/A**2 MEV

 IREC=0  =>  RECOIL TERMS j+j-, j+j+, jzjz, ETC TREATED AS ONE-BODY OPERATORS WITH UU+VV PAIRING FACTORS



 S. P. LEVEL   EQP       U     V        (UU + VV)**1.00

     24       4.577    0.101 0.995      1.000 1.000 1.000 0.997 0.994 0.928 0.838 0.789 0.540 0.411 0.391 0.373 0.362 0.211 0.206
     25       4.463    0.103 0.995      1.000 1.000 1.000 0.998 0.994 0.929 0.840 0.791 0.542 0.414 0.393 0.375 0.364 0.213 0.209
     26       3.875    0.119 0.993      1.000 1.000 1.000 0.999 0.996 0.935 0.848 0.801 0.556 0.428 0.408 0.390 0.379 0.229 0.225
     27       2.686    0.173 0.985      0.997 0.998 0.999 1.000 0.999 0.953 0.876 0.832 0.600 0.477 0.457 0.439 0.429 0.282 0.278
     28       2.215    0.211 0.977      0.994 0.994 0.996 0.999 1.000 0.964 0.894 0.853 0.631 0.511 0.492 0.474 0.464 0.319 0.315
     29       1.115    0.463 0.886      0.928 0.929 0.935 0.953 0.964 1.000 0.981 0.961 0.814 0.721 0.705 0.691 0.682 0.559 0.555
     30       0.937    0.627 0.779      0.838 0.840 0.848 0.876 0.894 0.981 1.000 0.996 0.912 0.842 0.829 0.818 0.812 0.710 0.707
     31       0.917    0.690 0.724      0.789 0.791 0.801 0.832 0.853 0.961 0.996 1.000 0.943 0.884 0.874 0.864 0.858 0.766 0.764
     32       1.134    0.892 0.453      0.540 0.542 0.556 0.600 0.631 0.814 0.912 0.943 1.000 0.989 0.986 0.982 0.980 0.936 0.935
     33       1.520    0.948 0.318      0.411 0.414 0.428 0.477 0.511 0.721 0.842 0.884 0.989 1.000 1.000 0.999 0.999 0.978 0.977
     34       1.618    0.955 0.296      0.391 0.393 0.408 0.457 0.492 0.705 0.829 0.874 0.986 1.000 1.000 1.000 1.000 0.982 0.981
     35       1.718    0.961 0.277      0.373 0.375 0.390 0.439 0.474 0.691 0.818 0.864 0.982 0.999 1.000 1.000 1.000 0.986 0.985
     36       1.784    0.964 0.266      0.362 0.364 0.379 0.429 0.464 0.682 0.812 0.858 0.980 0.999 1.000 1.000 1.000 0.988 0.987
     37       4.142    0.994 0.111      0.211 0.213 0.229 0.282 0.319 0.559 0.710 0.766 0.936 0.978 0.982 0.986 0.988 1.000 1.000
     38       4.301    0.994 0.107      0.206 0.209 0.225 0.278 0.315 0.555 0.707 0.764 0.935 0.977 0.981 0.985 0.987 1.000 1.000

  R CORE   ENERGY   A0R/A00=1.000    R3= 0     2  
   2( 1)    0.732                    1.000 0.000
   2( 2)  487.921                    0.000 1.000

  R CORE   ENERGY   A0R/A00=1.000    R3= 0     2  
   3( 1)  488.652                    0.000 1.000

  R CORE   ENERGY   A0R/A00=1.000    R3= 0     2     4  
   4( 1)    2.438                    1.000 0.000 0.000

  R CORE   ENERGY   A0R/A00=1.000    R3= 0     2     4  
   5( 1)  490.847                    0.000 1.000 0.000

  R CORE   ENERGY   A0R/A00=1.000    R3= 0     2     4     6  
   6( 1)    5.121                    1.000 0.000 0.000 0.000

  R CORE   ENERGY   A0R/A00=1.000    R3= 0     2     4     6  
   7( 1)  494.017                    0.000 1.000 0.000 0.000

          AXIAL SYMMETRY => K RESTRICTED TO OMEGA

                     K
     S.P. ORB#: 24  2.50
     S.P. ORB#: 25  4.50
     S.P. ORB#: 26  0.50
     S.P. ORB#: 27  0.50
     S.P. ORB#: 28  2.50
     S.P. ORB#: 29  2.50
     S.P. ORB#: 30 -5.50
     S.P. ORB#: 31 -3.50
     S.P. ORB#: 32  0.50
     S.P. ORB#: 33 -3.50
     S.P. ORB#: 34  0.50
     S.P. ORB#: 35 -1.50
     S.P. ORB#: 36 -1.50
     S.P. ORB#: 37 -3.50
     S.P. ORB#: 38 -1.50
 

             ENERGY    K= OMEGA
 
 I=  1/2- (1)  3.064  34:-0.999
 
 I=  1/2- (2)  4.916  27:-0.495
                      32: 0.869
 
 I=  1/2- (3)  5.767  26: 0.999
 
 I=  1/2- (4)  6.586  27: 0.869
                      32: 0.495
 
 I=  1/2- (5)148.021  35: 1.000

             ENERGY    K= OMEGA
 
 I=  3/2- (1)  3.132  34:-0.790
                      36:-0.613
 
 I=  3/2- (2)  3.374  26:-0.120
                      34: 0.606
                      36:-0.786

             ENERGY    K= OMEGA
 
 I=  5/2- (1)  2.931  29:-0.992
                      36:-0.118
 
 I=  5/2- (2)  3.684  26:-0.183
                      29:-0.115
                      34:-0.531
                      36: 0.818
 
 I=  5/2- (3)  4.295  34:-0.836
                      36:-0.544
 
 I=  5/2- (4)  4.841  27:-0.510
                      32: 0.764
                      35: 0.267
                      38:-0.291
 
 I=  5/2- (5)  6.431  27:-0.159
                      28:-0.162
                      32:-0.363
                      35: 0.892
                      38: 0.146

             ENERGY    K= OMEGA
 
 I=  7/2- (1)  2.701  24:-0.180
                      29: 0.133
                      31: 0.974
 
 I=  7/2- (2)  3.615  24:-0.060
                      29:-0.926
                      31: 0.110
                      36: 0.155
                      37: 0.317
 
 I=  7/2- (3)  4.352  29:-0.103
                      34:-0.827
                      36:-0.546
                      37: 0.070
 
 I=  7/2- (4)  4.818  24:-0.057
                      26: 0.226
                      29: 0.070
                      34:-0.537
                      36: 0.798
                      37:-0.123
 
 I=  7/2- (5)  5.310  29: 0.328
                      31:-0.050
                      36: 0.094
                      37: 0.938

             ENERGY    K= OMEGA
 
 I=  9/2- (1)  3.551  24:-0.255
                      29: 0.173
                      31:-0.950
 
 I=  9/2- (2)  4.529  24: 0.084
                      29: 0.875
                      31: 0.137
                      34:-0.063
                      36: 0.197
                      37: 0.404
 
 I=  9/2- (3)  5.342  26:-0.290
                      29:-0.153
                      31:-0.066
                      34:-0.542
                      36: 0.757
                      37:-0.141
 
 I=  9/2- (4)  5.614  27:-0.488
                      32: 0.742
                      35: 0.253
                      38:-0.383
 
 I=  9/2- (5)  6.446  24:-0.070
                      25:-0.069
                      26:-0.077
                      29:-0.120
                      34:-0.747
                      36:-0.510
                      37: 0.391

             ENERGY    K= OMEGA
 
 I= 11/2- (1)  2.075  25: 0.179
                      30: 0.984
 
 I= 11/2- (2)  4.620  24:-0.309
                      25: 0.058
                      29: 0.194
                      31: 0.927
 
 I= 11/2- (3)  5.689  24: 0.102
                      29: 0.844
                      31:-0.149
                      34:-0.063
                      36:-0.201
                      37:-0.457
 
 I= 11/2- (4)  6.491  27:-0.391
                      28:-0.083
                      32:-0.788
                      33:-0.053
                      35:-0.136
                      38:-0.445
 
 I= 11/2- (5)  6.551  26: 0.069
                      29:-0.111
                      31: 0.059
                      34:-0.844
                      36:-0.502
                      37: 0.115

             ENERGY    K= OMEGA
 
 I= 13/2- (1)  3.435  25:-0.252
                      30: 0.967
 
 I= 13/2- (2)  5.913  24:-0.352
                      25: 0.057
                      29: 0.204
                      31:-0.908
 
 I= 13/2- (3)  7.072  24: 0.116
                      26:-0.083
                      29: 0.809
                      31: 0.144
                      34:-0.098
                      36: 0.253
                      37: 0.480
 
 I= 13/2- (4)  7.306  27: 0.467
                      32:-0.732
                      35:-0.234
                      38: 0.437
 
 I= 13/2- (5)  7.924  26:-0.368
                      29:-0.188
                      31:-0.107
                      34:-0.534
                      36: 0.702
                      37:-0.196

             ENERGY     K=-3/2
  32 LEVELS    TIME=  0.0 SEC



 ******************* EXCITATION ENERGIES, DOMINANT CONFIGURATION AND EXPECTATION VALUES (WITH S.P. UU+VV FACTORS) *******************

  NR  Eex(keV)  I   Kdom  NY    <Jz>  <Jx**2> <Jy**2> <Jz**2> <I.j>/|I|  <Rx**2> <Ry**2> <Rz**2> <R.j>/|R|  <HROTx> <HROTy> <HROTz>

   1    0.0  11/2- -11/2  30   -5.18    2.91    2.91   29.92    5.28       4.20    4.20    0.00   -1.45      0.512   0.512   0.000
   2  625.9   7/2-  -7/2  31   -3.20    6.51    6.51   11.95    3.41       6.81    6.81    0.00   -3.09      0.831   0.831   0.000
   3  855.6   5/2-   5/2  29    2.44    6.22    6.22    6.19    2.13       7.39    7.39    0.00   -3.21      0.901   0.901   0.000
   4  989.1   1/2-   1/2  34    0.50    5.46    5.46    0.25    0.05       5.92    5.92   -0.00   -3.23      0.721   0.721  -0.000
   5 1057.0   3/2-   1/2  34   -0.25    5.46    5.46    1.00    0.97       5.95    5.95    0.00   -2.91      0.725   0.725   0.000
  
   6 1298.3   3/2-  -3/2  36   -0.74    5.49    5.49    1.49    0.76       6.65    6.65    0.00   -3.02      0.810   0.810   0.000
   7 1359.4  13/2- -11/2  30   -4.86    3.06    3.06   29.60    4.71       9.32    9.32    0.00   -0.65      1.137   1.137   0.000
   8 1476.0   9/2-  -7/2  31   -2.91    6.63    6.63   11.69    3.03       9.76    9.76    0.00   -2.23      1.190   1.190   0.000
   9 1539.5   7/2-   5/2  29    1.72    5.77    5.77    6.82    2.06       8.89    8.89    0.00   -2.42      1.084   1.084   0.000
  10 1608.2   5/2-  -3/2  36   -0.81    5.58    5.58    1.68    1.04       7.72    7.72   -0.00   -2.48      0.941   0.941  -0.000
  
  11 2219.3   5/2-   1/2  34   -0.09    5.48    5.48    0.86   -0.16      10.75   10.75   -0.00   -2.65      1.310   1.310  -0.000
  12 2276.6   7/2-   1/2  34   -0.10    5.46    5.46    0.98    0.72      10.95   10.95    0.00   -1.93      1.335   1.335   0.000
  13 2454.1   9/2-   5/2  29    1.24    5.49    5.49    7.16    1.95      11.75   11.75    0.00   -1.74      1.432   1.432   0.000
  14 2544.7  11/2-  -7/2  31   -2.67    6.72    6.72   11.48    2.79      13.65   13.65    0.00   -1.58      1.665   1.665   0.000
  15 2742.5   7/2-  -3/2  36   -0.82    5.54    5.54    1.77    0.57      12.03   12.03    0.00   -2.16      1.467   1.467   0.000
  
  16 2765.3   5/2-   1/2  32    0.19   14.66   14.66    0.56    2.38      12.27   12.27    0.00   -4.61      1.496   1.496   0.000
  17 2841.1   1/2-   1/2  32    0.50   14.63   14.63    0.25    1.36      13.95   13.95    0.00   -5.36      1.701   1.701   0.000
  18 3235.0   7/2-  -7/2  37   -2.83    2.80    2.80   11.50    2.56       6.25    6.25    0.00   -1.96      0.762   0.762   0.000
  19 3267.0   9/2-  -3/2  36   -0.69    5.65    5.65    1.84    1.01      13.94   13.94    0.00   -1.54      1.699   1.699   0.000
  20 3538.7   9/2-   1/2  32    0.08   14.85   14.85    0.67    2.57      14.80   14.80    0.00   -3.24      1.804   1.804   0.000
  
  21 3613.5  11/2-   5/2  29    0.95    5.30    5.30    7.46    1.84      15.90   15.90    0.00   -1.25      1.939   1.939   0.000
  22 3691.5   1/2-   1/2  26    0.50    7.83    7.83    0.25    0.64       7.78    7.78    0.00   -3.89      0.948   0.948   0.000
  23 3837.9  13/2-  -7/2  31   -2.48    6.80    6.80   11.29    2.62      18.51   18.51    0.00   -1.08      2.257   2.257   0.000
  24 4355.8   5/2-  -3/2  35   -1.08   17.11   17.11    2.04    1.10      19.26   19.26    0.00   -5.32      2.349   2.349   0.000
  25 4370.7   9/2-   1/2  34   -0.57    5.02    5.02    2.81    0.18      17.90   17.90    0.00   -2.00      2.183   2.183   0.000
  
  26 4415.8  11/2-   1/2  32    0.07   17.67   17.67    0.76    2.94      18.34   18.34   -0.00   -3.06      2.237   2.237  -0.000
  27 4475.6  11/2-   1/2  34   -0.05    5.43    5.43    1.04    0.66      19.90   19.90    0.00   -1.26      2.427   2.427   0.000
  28 4510.6   1/2-   1/2  27    0.50   15.96   15.96    0.25   -1.26      17.55   17.55    0.00   -5.61      2.140   2.140   0.000
  29 4996.3  13/2-   5/2  29    0.71    5.20    5.20    7.42    1.74      21.11   21.11    0.00   -0.87      2.574   2.574   0.000
  30 5230.5  13/2-   1/2  32    0.01   15.01   15.01    0.74    2.64      21.31   21.31   -0.00   -1.89      2.598   2.598  -0.000
  
  31 5848.5  13/2-  -3/2  36   -0.61    5.72    5.72    2.06    1.03      23.96   23.96    0.00   -0.92      2.922   2.922   0.000
  32*******   1/2-  -3/2  35    0.00    0.00    0.00    0.00   -0.00       0.00    0.00    0.00   -0.00      0.000   0.000   0.000
