1SPECTRUM OF (Z= 82 A=207) IN PARTICLE-ROTOR  MODEL WITH MODIFIED OSCILLATOR POTENTIAL


 PARITY=-   EPS= 0.661   GAMMA=  0.0   EPS4=0.000   EPS6=0.000   LEVELS:  24  25  26  27  28  29  30  31  32  33  34  35  36  37  38

 PAIRING FACTORS: GN0= 19.20  GN1=  7.40  IPAIR= 15 ***  E2PLUS(INPUT)=   0.730  E2PLUR(INPUT)=   0.000

 CORIOLIS ATTENUATION PARAMETERS:  CHSI=1.000  ETA=  1.00

 MOMENT OF INERTIA PARAMETERS:   A1=  0.122 MEV   A2=  0.122 MEV   A3=121.91922 MEV


 DELTA=0.851 MEV  LAMBDA=53.8512 MEV   HW0= 7.8764 MEV   LAMBDA/HW0= 6.8370

 E2ENERGY=0.730 MEV  HBAR**2/B=81013./A**(7/3)=******/A**2 MEV

 IREC=0  =>  RECOIL TERMS j+j-, j+j+, jzjz, ETC TREATED AS ONE-BODY OPERATORS WITH UU+VV PAIRING FACTORS



 S. P. LEVEL   EQP       U     V        (UU + VV)**1.00

     24       4.717    0.091 0.996      1.000 1.000 1.000 0.999 0.999 0.938 0.704 0.588 0.466 0.419 0.312 0.258 0.247 0.204 0.175
     25       4.307    0.099 0.995      1.000 1.000 1.000 1.000 0.999 0.941 0.710 0.595 0.474 0.427 0.320 0.267 0.255 0.213 0.184
     26       3.631    0.118 0.993      1.000 1.000 1.000 1.000 1.000 0.947 0.723 0.610 0.490 0.444 0.338 0.285 0.273 0.231 0.202
     27       3.329    0.129 0.992      0.999 1.000 1.000 1.000 1.000 0.950 0.731 0.618 0.500 0.453 0.348 0.295 0.284 0.242 0.213
     28       3.263    0.132 0.991      0.999 0.999 1.000 1.000 1.000 0.951 0.732 0.620 0.502 0.456 0.351 0.298 0.286 0.245 0.215
     29       1.094    0.431 0.902      0.938 0.941 0.947 0.950 0.951 1.000 0.907 0.832 0.745 0.708 0.623 0.578 0.568 0.532 0.506
     30       0.867    0.771 0.636      0.704 0.710 0.723 0.731 0.732 0.907 1.000 0.988 0.957 0.940 0.895 0.868 0.862 0.839 0.823
     31       0.968    0.859 0.512      0.588 0.595 0.610 0.618 0.620 0.832 0.988 1.000 0.990 0.981 0.952 0.933 0.929 0.912 0.900
     32       1.201    0.923 0.384      0.466 0.474 0.490 0.500 0.502 0.745 0.957 0.990 1.000 0.999 0.986 0.975 0.972 0.961 0.953
     33       1.350    0.942 0.335      0.419 0.427 0.444 0.453 0.456 0.708 0.940 0.981 0.999 1.000 0.993 0.985 0.983 0.975 0.967
     34       1.946    0.974 0.225      0.312 0.320 0.338 0.348 0.351 0.623 0.895 0.952 0.986 0.993 1.000 0.998 0.998 0.994 0.990
     35       2.548    0.986 0.170      0.258 0.267 0.285 0.295 0.298 0.578 0.868 0.933 0.975 0.985 0.998 1.000 1.000 0.998 0.996
     36       2.733    0.987 0.158      0.247 0.255 0.273 0.284 0.286 0.568 0.862 0.929 0.972 0.983 0.998 1.000 1.000 0.999 0.997
     37       3.733    0.993 0.115      0.204 0.213 0.231 0.242 0.245 0.532 0.839 0.912 0.961 0.975 0.994 0.998 0.999 1.000 1.000
     38       5.024    0.996 0.085      0.175 0.184 0.202 0.213 0.215 0.506 0.823 0.900 0.953 0.967 0.990 0.996 0.997 1.000 1.000

  R CORE   ENERGY   A0R/A00=1.000    R3= 0     2  
   2( 1)    0.732                    1.000 0.000
   2( 2)  487.921                    0.000 1.000

  R CORE   ENERGY   A0R/A00=1.000    R3= 0     2  
   3( 1)  488.652                    0.000 1.000

  R CORE   ENERGY   A0R/A00=1.000    R3= 0     2     4  
   4( 1)    2.438                    1.000 0.000 0.000

  R CORE   ENERGY   A0R/A00=1.000    R3= 0     2     4  
   5( 1)  490.847                    0.000 1.000 0.000

  R CORE   ENERGY   A0R/A00=1.000    R3= 0     2     4     6  
   6( 1)    5.121                    1.000 0.000 0.000 0.000

  R CORE   ENERGY   A0R/A00=1.000    R3= 0     2     4     6  
   7( 1)  494.017                    0.000 1.000 0.000 0.000

          AXIAL SYMMETRY => K RESTRICTED TO OMEGA

                     K
     S.P. ORB#: 24  0.50
     S.P. ORB#: 25  2.50
     S.P. ORB#: 26  0.50
     S.P. ORB#: 27  4.50
     S.P. ORB#: 28  2.50
     S.P. ORB#: 29  0.50
     S.P. ORB#: 30 -1.50
     S.P. ORB#: 31  2.50
     S.P. ORB#: 32 -3.50
     S.P. ORB#: 33 -3.50
     S.P. ORB#: 34 -5.50
     S.P. ORB#: 35  0.50
     S.P. ORB#: 36 -1.50
     S.P. ORB#: 37 -1.50
     S.P. ORB#: 38  0.50
 

             ENERGY    K= OMEGA
 
 I=  1/2- (1)  4.053  26:-0.062
                      35:-0.998
 
 I=  1/2- (2)  4.999  24:-0.320
                      29:-0.944
                      38:-0.075
 
 I=  1/2- (3)  5.604  26:-0.998
                      35: 0.062
 
 I=  1/2- (4)  8.291  24: 0.820
                      29:-0.237
                      38:-0.520
 
 I=  1/2- (5)  9.401  24: 0.474
                      29:-0.228
                      38: 0.851

             ENERGY    K= OMEGA
 
 I=  3/2- (1)  4.122  35:-0.829
                      36:-0.558
 
 I=  3/2- (2)  4.357  26: 0.135
                      35:-0.550
                      36: 0.824

             ENERGY    K= OMEGA
 
 I=  5/2- (1)  2.812  31:-0.997
                      36:-0.074
 
 I=  5/2- (2)  4.550  24:-0.410
                      28: 0.050
                      29:-0.593
                      30: 0.648
                      37: 0.148
                      38:-0.188
 
 I=  5/2- (3)  4.712  26:-0.225
                      31:-0.067
                      35:-0.507
                      36: 0.828
 
 I=  5/2- (4)  5.279  26:-0.077
                      35:-0.842
                      36:-0.532
 
 I=  5/2- (5)  5.971  24: 0.175
                      28: 0.101
                      29: 0.646
                      30: 0.715
                      37:-0.162
                      38:-0.056

             ENERGY    K= OMEGA
 
 I=  7/2- (1)  3.238  25: 0.107
                      31:-0.345
                      33:-0.932
 
 I=  7/2- (2)  3.704  25:-0.063
                      31:-0.931
                      33: 0.341
                      36: 0.115
 
 I=  7/2- (3)  5.303  24:-0.368
                      28: 0.113
                      29: 0.566
                      30:-0.674
                      32: 0.074
                      37: 0.151
                      38:-0.219
 
 I=  7/2- (4)  5.346  31: 0.074
                      35: 0.856
                      36: 0.508
 
 I=  7/2- (5)  5.818  25:-0.077
                      26: 0.255
                      31: 0.093
                      35:-0.487
                      36: 0.826

             ENERGY    K= OMEGA
 
 I=  9/2- (1)  4.206  25: 0.153
                      27:-0.064
                      31:-0.394
                      33: 0.903
 
 I=  9/2- (2)  4.817  25: 0.099
                      31: 0.903
                      33: 0.380
                      36: 0.160
 
 I=  9/2- (3)  5.104  24:-0.470
                      28: 0.082
                      29:-0.578
                      30: 0.593
                      37: 0.165
                      38:-0.240
 
 I=  9/2- (4)  5.743  27:-0.997
                      33:-0.073
 
 I=  9/2- (5)  6.426  25:-0.064
                      26: 0.350
                      31: 0.150
                      35: 0.521
                      36:-0.760

             ENERGY    K= OMEGA
 
 I= 11/2- (1)  3.232  27: 0.120
                      34: 0.993
 
 I= 11/2- (2)  5.413  25: 0.190
                      27:-0.081
                      31:-0.409
                      33:-0.888
 
 I= 11/2- (3)  6.160  25: 0.129
                      27:-0.062
                      31: 0.888
                      33:-0.384
                      36:-0.201
 
 I= 11/2- (4)  6.237  24:-0.429
                      28: 0.131
                      29: 0.612
                      30:-0.555
                      32: 0.086
                      37: 0.210
                      38:-0.254
 
 I= 11/2- (5)  7.147  27:-0.987
                      33: 0.094
                      34: 0.118

             ENERGY    K= OMEGA
 
 I= 13/2- (1)  4.753  27:-0.173
                      34: 0.985
 
 I= 13/2- (2)  6.559  24:-0.497
                      28: 0.095
                      29:-0.562
                      30: 0.569
                      32:-0.054
                      37: 0.169
                      38:-0.270
 
 I= 13/2- (3)  6.857  25: 0.223
                      27:-0.089
                      31:-0.411
                      33: 0.878
 
 I= 13/2- (4)  7.724  25:-0.154
                      26: 0.070
                      27: 0.070
                      31:-0.869
                      33:-0.373
                      35: 0.068
                      36:-0.258
 
 I= 13/2- (5)  8.800  25:-0.051
                      27:-0.976
                      33:-0.098
                      34:-0.169
                      36:-0.061

             ENERGY     K= 1/2
  32 LEVELS    TIME=  0.0 SEC



 ******************* EXCITATION ENERGIES, DOMINANT CONFIGURATION AND EXPECTATION VALUES (WITH S.P. UU+VV FACTORS) *******************

  NR  Eex(keV)  I   Kdom  NY    <Jz>  <Jx**2> <Jy**2> <Jz**2> <I.j>/|I|  <Rx**2> <Ry**2> <Rz**2> <R.j>/|R|  <HROTx> <HROTy> <HROTz>

   1    0.0   5/2-   5/2  31    2.48    6.35    6.35    6.23    2.14       7.52    7.52    0.00   -3.25      0.916   0.916   0.000
   2  419.9  11/2- -11/2  34   -5.36    2.82    2.82   30.11    5.11       5.19    5.19    0.00   -1.61      0.633   0.633   0.000
   3  426.2   7/2-  -7/2  33   -2.72    6.52    6.52   11.46    3.11       7.79    7.79    0.00   -3.08      0.949   0.949   0.000
   4  892.6   7/2-   5/2  31    1.75    6.35    6.35    6.89    1.71      10.89   10.89    0.00   -2.74      1.327   1.327   0.000
   5 1241.1   1/2-   1/2  35    0.50    5.66    5.66    0.25    0.01       6.15    6.15    0.00   -3.30      0.750   0.750   0.000
  
   6 1310.5   3/2-   1/2  35   -0.12    5.67    5.67    0.87    0.91       6.22    6.22    0.00   -2.96      0.758   0.758   0.000
   7 1394.0   9/2-  -7/2  33   -2.39    6.55    6.55   11.20    2.59      11.63   11.63    0.00   -2.37      1.418   1.418   0.000
   8 1545.1   3/2-  -3/2  36   -0.86    5.72    5.72    1.61    0.82       6.82    6.82    0.00   -3.11      0.832   0.832   0.000
   9 1738.4   5/2-  -3/2  30   -0.38   14.97   14.97    1.15    2.94      11.23   11.23    0.00   -4.73      1.369   1.369   0.000
  10 1899.8   5/2-  -3/2  36   -0.86    5.81    5.81    1.66    0.97       8.14    8.14    0.00   -2.58      0.992   0.992   0.000
  
  11 1941.0  13/2- -11/2  34   -5.20    2.90    2.90   29.95    4.43      11.34   11.34    0.00   -1.02      1.383   1.383   0.000
  12 2005.8   9/2-   5/2  31    1.53    6.35    6.35    7.03    1.41      15.21   15.21    0.00   -2.30      1.854   1.854   0.000
  13 2187.7   1/2-   1/2  29    0.50   15.09   15.09    0.25    1.38      14.40   14.40    0.00   -5.45      1.756   1.756   0.000
  14 2292.4   9/2-  -3/2  30   -0.25   14.77   14.77    1.07    3.11      12.21   12.21    0.00   -3.06      1.488   1.488   0.000
  15 2467.4   5/2-   1/2  35   -0.06    5.68    5.68    0.83   -0.16      10.95   10.95    0.00   -2.71      1.335   1.335   0.000
  
  16 2491.2   7/2-  -3/2  30   -0.45   18.20   18.20    1.35    3.08      14.53   14.53    0.00   -4.74      1.771   1.771   0.000
  17 2534.7   7/2-   1/2  35   -0.00    5.68    5.68    0.81    0.67      11.29   11.29    0.00   -2.00      1.377   1.377   0.000
  18 2600.9  11/2-  -7/2  33   -2.23    6.59    6.59   11.08    2.27      16.42   16.42    0.00   -1.86      2.002   2.002   0.000
  19 2792.0   1/2-   1/2  26    0.50    8.13    8.13    0.25    0.60       8.11    8.11   -0.00   -3.97      0.989   0.989  -0.000
  20 2931.4   9/2-   9/2  27    4.45    7.61    7.61   20.20    4.05       9.94    9.94   -0.00   -3.43      1.212   1.212  -0.000
  
  21 3006.0   7/2-  -3/2  36   -0.84    5.87    5.87    1.71    0.50      12.62   12.62    0.00   -2.28      1.538   1.538   0.000
  22 3159.6   5/2-  -3/2  30   -0.56   16.44   16.44    1.39    0.65      19.60   19.60    0.00   -5.17      2.389   2.389   0.000
  23 3348.0  11/2-   5/2  31    1.46    6.35    6.35    7.01    1.21      20.48   20.48    0.00   -1.95      2.497   2.497   0.000
  24 3425.6  11/2-   1/2  29   -0.20   18.60   18.60    1.15    3.36      16.98   16.98    0.00   -3.14      2.070   2.070   0.000
  25 3614.2   9/2-  -3/2  36   -0.61    6.01    6.01    1.59    0.83      15.05   15.05    0.00   -1.73      1.834   1.834   0.000
  
  26 3747.5  13/2-  -3/2  30   -0.20   14.72   14.72    1.04    3.17      17.48   17.48    0.00   -1.41      2.131   2.131   0.000
  27 4045.7  13/2-  -7/2  33   -2.12    6.63    6.63   11.00    2.05      22.17   22.17    0.00   -1.49      2.703   2.703   0.000
  28 4335.1  11/2-   9/2  27    4.28    7.54    7.54   20.28    3.30      15.81   15.81   -0.00   -2.78      1.927   1.927  -0.000
  29 4911.9  13/2-   5/2  31    1.39    6.35    6.35    6.83    1.09      26.55   26.55    0.00   -1.64      3.236   3.236   0.000
  30 5478.8   1/2-   1/2  24    0.50   14.40   14.40    0.25   -0.29      15.15   15.15   -0.00   -5.32      1.847   1.847  -0.000
  
  31 5988.7  13/2-   9/2  27    4.10    7.46    7.46   20.32    2.77      22.68   22.68   -0.00   -2.36      2.765   2.765  -0.000
  32 6588.9   1/2-   1/2  38    0.50   18.10   18.10    0.25   -0.54      19.07   19.07    0.00   -5.98      2.325   2.325   0.000
