1SPECTRUM OF (Z= 82 A=207) IN PARTICLE-ROTOR  MODEL WITH MODIFIED OSCILLATOR POTENTIAL


 PARITY=-   EPS= 0.568   GAMMA=  0.0   EPS4=0.000   EPS6=0.000   LEVELS:  24  25  26  27  28  29  30  31  32  33  34  35  36  37  38

 PAIRING FACTORS: GN0= 19.20  GN1=  7.40  IPAIR= 15 ***  E2PLUS(INPUT)=   0.730  E2PLUR(INPUT)=   0.000

 CORIOLIS ATTENUATION PARAMETERS:  CHSI=1.000  ETA=  1.00

 MOMENT OF INERTIA PARAMETERS:   A1=  0.122 MEV   A2=  0.122 MEV   A3=121.91923 MEV


 DELTA=0.917 MEV  LAMBDA=53.5217 MEV   HW0= 7.7368 MEV   LAMBDA/HW0= 6.9178

 E2ENERGY=0.730 MEV  HBAR**2/B=59821./A**(7/3)=******/A**2 MEV

 IREC=0  =>  RECOIL TERMS j+j-, j+j+, jzjz, ETC TREATED AS ONE-BODY OPERATORS WITH UU+VV PAIRING FACTORS



 S. P. LEVEL   EQP       U     V        (UU + VV)**1.00

     24       4.575    0.101 0.995      1.000 1.000 1.000 0.997 0.994 0.927 0.833 0.786 0.545 0.413 0.390 0.375 0.361 0.210 0.207
     25       4.453    0.103 0.995      1.000 1.000 1.000 0.998 0.994 0.928 0.834 0.788 0.547 0.415 0.392 0.378 0.363 0.213 0.210
     26       3.874    0.119 0.993      1.000 1.000 1.000 0.999 0.996 0.934 0.843 0.797 0.561 0.429 0.407 0.392 0.378 0.229 0.225
     27       2.708    0.172 0.985      0.997 0.998 0.999 1.000 0.999 0.951 0.870 0.828 0.604 0.477 0.455 0.441 0.427 0.280 0.277
     28       2.227    0.211 0.978      0.994 0.994 0.996 0.999 1.000 0.963 0.889 0.850 0.635 0.511 0.489 0.476 0.462 0.318 0.314
     29       1.110    0.467 0.884      0.927 0.928 0.934 0.951 0.963 1.000 0.980 0.961 0.820 0.724 0.707 0.696 0.685 0.562 0.559
     30       0.935    0.635 0.773      0.833 0.834 0.843 0.870 0.889 0.980 1.000 0.997 0.918 0.848 0.834 0.825 0.817 0.716 0.714
     31       0.917    0.694 0.720      0.786 0.788 0.797 0.828 0.850 0.961 0.997 1.000 0.947 0.887 0.876 0.868 0.860 0.770 0.767
     32       1.126    0.889 0.458      0.545 0.547 0.561 0.604 0.635 0.820 0.918 0.947 1.000 0.989 0.985 0.982 0.979 0.934 0.933
     33       1.517    0.948 0.319      0.413 0.415 0.429 0.477 0.511 0.724 0.848 0.887 0.989 1.000 1.000 0.999 0.998 0.977 0.977
     34       1.627    0.956 0.295      0.390 0.392 0.407 0.455 0.489 0.707 0.834 0.876 0.985 1.000 1.000 1.000 1.000 0.982 0.982
     35       1.707    0.960 0.280      0.375 0.378 0.392 0.441 0.476 0.696 0.825 0.868 0.982 0.999 1.000 1.000 1.000 0.985 0.985
     36       1.793    0.964 0.265      0.361 0.363 0.378 0.427 0.462 0.685 0.817 0.860 0.979 0.998 1.000 1.000 1.000 0.988 0.987
     37       4.161    0.994 0.111      0.210 0.213 0.229 0.280 0.318 0.562 0.716 0.770 0.934 0.977 0.982 0.985 0.988 1.000 1.000
     38       4.294    0.994 0.107      0.207 0.210 0.225 0.277 0.314 0.559 0.714 0.767 0.933 0.977 0.982 0.985 0.987 1.000 1.000

  R CORE   ENERGY   A0R/A00=1.000    R3= 0     2  
   2( 1)    0.732                    1.000 0.000
   2( 2)  487.921                    0.000 1.000

  R CORE   ENERGY   A0R/A00=1.000    R3= 0     2  
   3( 1)  488.652                    0.000 1.000

  R CORE   ENERGY   A0R/A00=1.000    R3= 0     2     4  
   4( 1)    2.438                    1.000 0.000 0.000

  R CORE   ENERGY   A0R/A00=1.000    R3= 0     2     4  
   5( 1)  490.847                    0.000 1.000 0.000

  R CORE   ENERGY   A0R/A00=1.000    R3= 0     2     4     6  
   6( 1)    5.121                    1.000 0.000 0.000 0.000

  R CORE   ENERGY   A0R/A00=1.000    R3= 0     2     4     6  
   7( 1)  494.017                    0.000 1.000 0.000 0.000

          AXIAL SYMMETRY => K RESTRICTED TO OMEGA

                     K
     S.P. ORB#: 24  2.50
     S.P. ORB#: 25  4.50
     S.P. ORB#: 26  0.50
     S.P. ORB#: 27  0.50
     S.P. ORB#: 28  2.50
     S.P. ORB#: 29  2.50
     S.P. ORB#: 30 -5.50
     S.P. ORB#: 31 -3.50
     S.P. ORB#: 32  0.50
     S.P. ORB#: 33 -3.50
     S.P. ORB#: 34  0.50
     S.P. ORB#: 35 -1.50
     S.P. ORB#: 36 -1.50
     S.P. ORB#: 37 -3.50
     S.P. ORB#: 38 -1.50
 

             ENERGY    K= OMEGA
 
 I=  1/2- (1)  3.074  34:-0.999
 
 I=  1/2- (2)  4.913  27:-0.490
                      32: 0.872
 
 I=  1/2- (3)  5.767  26: 0.999
 
 I=  1/2- (4)  6.605  27: 0.872
                      32: 0.490
 
 I=  1/2- (5)148.010  35: 1.000

             ENERGY    K= OMEGA
 
 I=  3/2- (1)  3.142  34:-0.791
                      36:-0.612
 
 I=  3/2- (2)  3.383  26:-0.120
                      34: 0.605
                      36:-0.787

             ENERGY    K= OMEGA
 
 I=  5/2- (1)  2.926  29:-0.992
                      36:-0.116
 
 I=  5/2- (2)  3.693  26:-0.183
                      29:-0.114
                      34:-0.530
                      36: 0.819
 
 I=  5/2- (3)  4.304  34:-0.836
                      36:-0.544
 
 I=  5/2- (4)  4.836  27: 0.508
                      32:-0.765
                      35:-0.268
                      38: 0.291
 
 I=  5/2- (5)  6.423  27: 0.154
                      28: 0.161
                      32: 0.362
                      35:-0.893
                      38:-0.145

             ENERGY    K= OMEGA
 
 I=  7/2- (1)  2.704  24:-0.180
                      29: 0.134
                      31: 0.974
 
 I=  7/2- (2)  3.611  24:-0.060
                      29:-0.927
                      31: 0.111
                      36: 0.153
                      37: 0.314
 
 I=  7/2- (3)  4.361  29:-0.101
                      34:-0.827
                      36:-0.545
                      37: 0.069
 
 I=  7/2- (4)  4.827  24:-0.057
                      26: 0.226
                      29: 0.071
                      34:-0.536
                      36: 0.798
                      37:-0.121
 
 I=  7/2- (5)  5.329  29: 0.325
                      31:-0.050
                      36: 0.092
                      37: 0.939

             ENERGY    K= OMEGA
 
 I=  9/2- (1)  3.555  24:-0.254
                      29: 0.175
                      31:-0.949
 
 I=  9/2- (2)  4.526  24: 0.084
                      29: 0.876
                      31: 0.139
                      34:-0.062
                      36: 0.195
                      37: 0.401
 
 I=  9/2- (3)  5.353  26:-0.290
                      29:-0.152
                      31:-0.065
                      34:-0.542
                      36: 0.757
                      37:-0.139
 
 I=  9/2- (4)  5.609  27:-0.488
                      32: 0.742
                      35: 0.255
                      38:-0.383
 
 I=  9/2- (5)  6.457  24:-0.070
                      25:-0.070
                      26:-0.077
                      29:-0.111
                      34:-0.752
                      36:-0.515
                      37: 0.376

             ENERGY    K= OMEGA
 
 I= 11/2- (1)  2.075  25: 0.179
                      30: 0.984
 
 I= 11/2- (2)  4.626  24:-0.308
                      25: 0.058
                      29: 0.196
                      31: 0.927
 
 I= 11/2- (3)  5.685  24: 0.102
                      29: 0.845
                      31:-0.152
                      34:-0.062
                      36:-0.200
                      37:-0.454
 
 I= 11/2- (4)  6.486  27:-0.390
                      28:-0.083
                      32:-0.789
                      33:-0.053
                      35:-0.136
                      38:-0.444
 
 I= 11/2- (5)  6.560  26: 0.069
                      29:-0.110
                      31: 0.059
                      34:-0.845
                      36:-0.502
                      37: 0.114

             ENERGY    K= OMEGA
 
 I= 13/2- (1)  3.436  25:-0.251
                      30: 0.968
 
 I= 13/2- (2)  5.920  24:-0.351
                      25: 0.057
                      29: 0.206
                      31:-0.908
 
 I= 13/2- (3)  7.068  24: 0.117
                      26:-0.082
                      29: 0.810
                      31: 0.147
                      34:-0.096
                      36: 0.250
                      37: 0.478
 
 I= 13/2- (4)  7.301  27: 0.467
                      32:-0.732
                      35:-0.236
                      38: 0.436
 
 I= 13/2- (5)  7.934  26:-0.369
                      29:-0.186
                      31:-0.107
                      34:-0.534
                      36: 0.702
                      37:-0.194

             ENERGY     K=-3/2
  32 LEVELS    TIME=  0.0 SEC



 ******************* EXCITATION ENERGIES, DOMINANT CONFIGURATION AND EXPECTATION VALUES (WITH S.P. UU+VV FACTORS) *******************

  NR  Eex(keV)  I   Kdom  NY    <Jz>  <Jx**2> <Jy**2> <Jz**2> <I.j>/|I|  <Rx**2> <Ry**2> <Rz**2> <R.j>/|R|  <HROTx> <HROTy> <HROTz>

   1    0.0  11/2- -11/2  30   -5.18    2.91    2.91   29.93    5.27       4.22    4.22    0.00   -1.45      0.514   0.514   0.000
   2  628.9   7/2-  -7/2  31   -3.20    6.51    6.51   11.95    3.41       6.82    6.82    0.00   -3.09      0.832   0.832   0.000
   3  851.4   5/2-   5/2  29    2.44    6.22    6.22    6.19    2.13       7.39    7.39   -0.00   -3.21      0.901   0.901  -0.000
   4  999.3   1/2-   1/2  34    0.50    5.46    5.46    0.25    0.05       5.92    5.92    0.00   -3.24      0.721   0.721   0.000
   5 1067.2   3/2-   1/2  34   -0.25    5.46    5.46    1.00    0.97       5.95    5.95   -0.00   -2.91      0.726   0.726  -0.000
  
   6 1308.4   3/2-  -3/2  36   -0.74    5.50    5.50    1.49    0.76       6.65    6.65   -0.00   -3.02      0.811   0.811  -0.000
   7 1361.8  13/2- -11/2  30   -4.87    3.06    3.06   29.60    4.71       9.35    9.35    0.00   -0.66      1.140   1.140   0.000
   8 1480.5   9/2-  -7/2  31   -2.91    6.63    6.63   11.69    3.03       9.78    9.78    0.00   -2.23      1.193   1.193   0.000
   9 1536.2   7/2-   5/2  29    1.74    5.78    5.78    6.81    2.06       8.91    8.91   -0.00   -2.42      1.086   1.086  -0.000
  10 1618.8   5/2-  -3/2  36   -0.81    5.58    5.58    1.68    1.04       7.72    7.72   -0.00   -2.49      0.941   0.941  -0.000
  
  11 2229.5   5/2-   1/2  34   -0.09    5.48    5.48    0.86   -0.16      10.75   10.75   -0.00   -2.65      1.310   1.310  -0.000
  12 2286.8   7/2-   1/2  34   -0.09    5.46    5.46    0.98    0.72      10.96   10.96   -0.00   -1.93      1.336   1.336  -0.000
  13 2451.2   9/2-   5/2  29    1.26    5.50    5.50    7.15    1.95      11.76   11.76    0.00   -1.75      1.434   1.434   0.000
  14 2550.8  11/2-  -7/2  31   -2.67    6.72    6.72   11.48    2.79      13.68   13.68    0.00   -1.58      1.668   1.668   0.000
  15 2752.8   7/2-  -3/2  36   -0.82    5.55    5.55    1.76    0.57      12.04   12.04   -0.00   -2.16      1.468   1.468  -0.000
  
  16 2761.6   5/2-   1/2  32    0.19   14.66   14.66    0.56    2.38      12.27   12.27   -0.00   -4.61      1.496   1.496  -0.000
  17 2838.4   1/2-   1/2  32    0.50   14.65   14.65    0.25    1.35      13.98   13.98    0.00   -5.37      1.704   1.704   0.000
  18 3253.9   7/2-  -7/2  37   -2.84    2.79    2.79   11.52    2.57       6.23    6.23   -0.00   -1.95      0.760   0.760  -0.000
  19 3277.8   9/2-  -3/2  36   -0.69    5.66    5.66    1.83    1.00      13.95   13.95   -0.00   -1.54      1.701   1.701  -0.000
  20 3534.2   9/2-   1/2  32    0.08   14.84   14.84    0.67    2.57      14.79   14.79    0.00   -3.23      1.803   1.803   0.000
  
  21 3610.5  11/2-   5/2  29    0.96    5.31    5.31    7.46    1.84      15.91   15.91   -0.00   -1.25      1.940   1.940  -0.000
  22 3691.9   1/2-   1/2  26    0.50    7.84    7.84    0.25    0.64       7.78    7.78    0.00   -3.90      0.949   0.949   0.000
  23 3845.6  13/2-  -7/2  31   -2.48    6.80    6.80   11.29    2.62      18.55   18.55    0.00   -1.09      2.261   2.261   0.000
  24 4348.5   5/2-  -3/2  35   -1.09   17.11   17.11    2.04    1.09      19.28   19.28    0.00   -5.32      2.351   2.351   0.000
  25 4382.2   9/2-   1/2  34   -0.54    5.06    5.06    2.68    0.15      18.02   18.02    0.00   -2.01      2.196   2.196   0.000
  
  26 4411.5  11/2-   1/2  32    0.07   17.68   17.68    0.76    2.94      18.35   18.35   -0.00   -3.06      2.237   2.237  -0.000
  27 4485.8  11/2-   1/2  34   -0.04    5.44    5.44    1.03    0.66      19.91   19.91   -0.00   -1.27      2.427   2.427  -0.000
  28 4529.9   1/2-   1/2  27    0.50   15.95   15.95    0.25   -1.25      17.54   17.54    0.00   -5.61      2.138   2.138   0.000
  29 4993.5  13/2-   5/2  29    0.72    5.21    5.21    7.43    1.74      21.11   21.11    0.00   -0.87      2.574   2.574   0.000
  30 5226.3  13/2-   1/2  32    0.01   15.00   15.00    0.74    2.64      21.30   21.30   -0.00   -1.88      2.597   2.597  -0.000
  
  31 5859.7  13/2-  -3/2  36   -0.61    5.73    5.73    2.05    1.02      23.98   23.98   -0.00   -0.92      2.924   2.924  -0.000
  32*******   1/2-  -3/2  35    0.00    0.00    0.00    0.00   -0.00       0.00    0.00    0.00   -0.00      0.000   0.000   0.000
