1SPECTRUM OF (Z= 82 A=207) IN PARTICLE-ROTOR  MODEL WITH MODIFIED OSCILLATOR POTENTIAL


 PARITY=-   EPS= 0.676   GAMMA=  0.0   EPS4=0.000   EPS6=0.000   LEVELS:  24  25  26  27  28  29  30  31  32  33  34  35  36  37  38

 PAIRING FACTORS: GN0= 19.20  GN1=  7.40  IPAIR= 15 ***  E2PLUS(INPUT)=   0.730  E2PLUR(INPUT)=   0.000

 CORIOLIS ATTENUATION PARAMETERS:  CHSI=1.000  ETA=  1.00

 MOMENT OF INERTIA PARAMETERS:   A1=  0.122 MEV   A2=  0.122 MEV   A3=121.91922 MEV


 DELTA=0.831 MEV  LAMBDA=53.8563 MEV   HW0= 7.9023 MEV   LAMBDA/HW0= 6.8152

 E2ENERGY=0.730 MEV  HBAR**2/B=84732./A**(7/3)=******/A**2 MEV

 IREC=0  =>  RECOIL TERMS j+j-, j+j+, jzjz, ETC TREATED AS ONE-BODY OPERATORS WITH UU+VV PAIRING FACTORS



 S. P. LEVEL   EQP       U     V        (UU + VV)**1.00

     24       4.707    0.089 0.996      1.000 1.000 1.000 0.999 0.999 0.955 0.759 0.497 0.457 0.365 0.271 0.238 0.229 0.200 0.171
     25       4.193    0.100 0.995      1.000 1.000 1.000 1.000 0.999 0.958 0.766 0.507 0.466 0.375 0.281 0.249 0.240 0.211 0.182
     26       3.521    0.119 0.993      1.000 1.000 1.000 1.000 1.000 0.963 0.778 0.523 0.483 0.393 0.300 0.268 0.258 0.230 0.201
     27       3.374    0.124 0.992      0.999 1.000 1.000 1.000 1.000 0.965 0.782 0.528 0.488 0.398 0.305 0.273 0.263 0.235 0.206
     28       3.076    0.136 0.991      0.999 0.999 1.000 1.000 1.000 0.968 0.789 0.538 0.499 0.409 0.316 0.285 0.275 0.247 0.218
     29       1.179    0.381 0.925      0.955 0.958 0.963 0.965 0.968 1.000 0.918 0.733 0.701 0.626 0.545 0.517 0.508 0.483 0.457
     30       0.831    0.716 0.698      0.759 0.766 0.778 0.782 0.789 0.918 1.000 0.942 0.926 0.883 0.832 0.813 0.808 0.790 0.772
     31       1.093    0.908 0.418      0.497 0.507 0.523 0.528 0.538 0.733 0.942 1.000 0.999 0.989 0.970 0.961 0.958 0.950 0.940
     32       1.192    0.927 0.376      0.457 0.466 0.483 0.488 0.499 0.701 0.926 0.999 1.000 0.995 0.980 0.973 0.971 0.963 0.955
     33       1.539    0.960 0.281      0.365 0.375 0.393 0.398 0.409 0.626 0.883 0.989 0.995 1.000 0.995 0.991 0.990 0.985 0.980
     34       2.295    0.983 0.184      0.271 0.281 0.300 0.305 0.316 0.545 0.832 0.970 0.980 0.995 1.000 0.999 0.999 0.997 0.995
     35       2.775    0.988 0.151      0.238 0.249 0.268 0.273 0.285 0.517 0.813 0.961 0.973 0.991 0.999 1.000 1.000 0.999 0.998
     36       2.961    0.990 0.142      0.229 0.240 0.258 0.263 0.275 0.508 0.808 0.958 0.971 0.990 0.999 1.000 1.000 1.000 0.998
     37       3.712    0.994 0.113      0.200 0.211 0.230 0.235 0.247 0.483 0.790 0.950 0.963 0.985 0.997 0.999 1.000 1.000 1.000
     38       5.004    0.997 0.083      0.171 0.182 0.201 0.206 0.218 0.457 0.772 0.940 0.955 0.980 0.995 0.998 0.998 1.000 1.000

  R CORE   ENERGY   A0R/A00=1.000    R3= 0     2  
   2( 1)    0.732                    1.000 0.000
   2( 2)  487.921                    0.000 1.000

  R CORE   ENERGY   A0R/A00=1.000    R3= 0     2  
   3( 1)  488.652                    0.000 1.000

  R CORE   ENERGY   A0R/A00=1.000    R3= 0     2     4  
   4( 1)    2.438                    1.000 0.000 0.000

  R CORE   ENERGY   A0R/A00=1.000    R3= 0     2     4  
   5( 1)  490.847                    0.000 1.000 0.000

  R CORE   ENERGY   A0R/A00=1.000    R3= 0     2     4     6  
   6( 1)    5.121                    1.000 0.000 0.000 0.000

  R CORE   ENERGY   A0R/A00=1.000    R3= 0     2     4     6  
   7( 1)  494.017                    0.000 1.000 0.000 0.000

          AXIAL SYMMETRY => K RESTRICTED TO OMEGA

                     K
     S.P. ORB#: 24 -1.50
     S.P. ORB#: 25  2.50
     S.P. ORB#: 26  0.50
     S.P. ORB#: 27  2.50
     S.P. ORB#: 28  4.50
     S.P. ORB#: 29  0.50
     S.P. ORB#: 30 -1.50
     S.P. ORB#: 31  2.50
     S.P. ORB#: 32 -3.50
     S.P. ORB#: 33 -3.50
     S.P. ORB#: 34 -5.50
     S.P. ORB#: 35  0.50
     S.P. ORB#: 36 -1.50
     S.P. ORB#: 37 -1.50
     S.P. ORB#: 38  0.50
 

             ENERGY    K= OMEGA
 
 I=  1/2- (1)  4.286  26:-0.076
                      35:-0.997
 
 I=  1/2- (2)  5.465  29:-0.994
                      38:-0.114
 
 I=  1/2- (3)  5.506  26: 0.997
                      35:-0.076
 
 I=  1/2- (4)  9.115  29: 0.114
                      38:-0.994
 
 I=  1/2- (5)147.134  30: 1.000

             ENERGY    K= OMEGA
 
 I=  3/2- (1)  4.351  35:-0.840
                      36:-0.539
 
 I=  3/2- (2)  4.585  26: 0.156
                      35:-0.528
                      36: 0.835

             ENERGY    K= OMEGA
 
 I=  5/2- (1)  2.893  24: 0.100
                      31: 0.992
                      36: 0.070
 
 I=  5/2- (2)  4.936  25:-0.056
                      26: 0.254
                      31: 0.058
                      35: 0.508
                      36:-0.818
 
 I=  5/2- (3)  5.351  27: 0.097
                      29:-0.258
                      30: 0.927
                      37: 0.097
                      38:-0.233
 
 I=  5/2- (4)  5.507  26: 0.084
                      35: 0.834
                      36: 0.540
 
 I=  5/2- (5)  6.359  24:-0.224
                      25: 0.157
                      26: 0.930
                      35:-0.189
                      36: 0.153

             ENERGY    K= OMEGA
 
 I=  7/2- (1)  3.404  24:-0.078
                      25:-0.094
                      31: 0.503
                      33: 0.855
 
 I=  7/2- (2)  3.756  24:-0.130
                      25: 0.067
                      31: 0.844
                      33:-0.506
                      36:-0.098
 
 I=  7/2- (3)  5.549  24:-0.100
                      25:-0.052
                      26:-0.074
                      35: 0.863
                      36: 0.485
 
 I=  7/2- (4)  6.034  25:-0.084
                      26: 0.288
                      31: 0.106
                      35:-0.449
                      36: 0.834
 
 I=  7/2- (5)  6.045  27:-0.218
                      29:-0.171
                      30: 0.888
                      32:-0.265
                      38: 0.250

             ENERGY    K= OMEGA
 
 I=  9/2- (1)  4.346  24:-0.117
                      25: 0.130
                      28:-0.069
                      31:-0.578
                      33: 0.792
                      36:-0.058
 
 I=  9/2- (2)  4.827  24: 0.155
                      25: 0.109
                      28:-0.087
                      31: 0.779
                      33: 0.576
                      36: 0.129
 
 I=  9/2- (3)  5.491  28: 0.994
                      33: 0.104
 
 I=  9/2- (4)  6.635  24: 0.055
                      25:-0.081
                      26: 0.379
                      31: 0.116
                      35: 0.519
                      36:-0.750
 
 I=  9/2- (5)  6.651  27:-0.250
                      29: 0.294
                      30:-0.809
                      32: 0.287
                      37:-0.094
                      38: 0.324

             ENERGY    K= OMEGA
 
 I= 11/2- (1)  3.581  28:-0.129
                      34:-0.992
 
 I= 11/2- (2)  5.523  24:-0.152
                      25:-0.157
                      28: 0.079
                      31: 0.614
                      33: 0.750
                      36:-0.069
 
 I= 11/2- (3)  6.122  24:-0.178
                      25: 0.145
                      28:-0.116
                      31: 0.733
                      33:-0.609
                      36:-0.151
 
 I= 11/2- (4)  6.896  28:-0.982
                      33: 0.131
                      34: 0.126
 
 I= 11/2- (5)  7.659  27:-0.308
                      29:-0.512
                      30: 0.598
                      32:-0.368
                      37:-0.233
                      38: 0.310

             ENERGY    K= OMEGA
 
 I= 13/2- (1)  5.104  28: 0.185
                      34:-0.983
 
 I= 13/2- (2)  6.932  24: 0.183
                      25:-0.178
                      28: 0.079
                      31: 0.637
                      33:-0.716
                      36: 0.084
 
 I= 13/2- (3)  7.639  24: 0.193
                      25: 0.179
                      26:-0.079
                      28:-0.128
                      31: 0.690
                      33: 0.630
                      36: 0.186
 
 I= 13/2- (4)  8.549  25: 0.055
                      28: 0.971
                      33: 0.139
                      34: 0.181
 
 I= 13/2- (5)  8.755  27: 0.345
                      29:-0.273
                      30: 0.723
                      32:-0.386
                      37: 0.071
                      38:-0.359

             ENERGY     K= 1/2
  32 LEVELS    TIME=  0.0 SEC



 ******************* EXCITATION ENERGIES, DOMINANT CONFIGURATION AND EXPECTATION VALUES (WITH S.P. UU+VV FACTORS) *******************

  NR  Eex(keV)  I   Kdom  NY    <Jz>  <Jx**2> <Jy**2> <Jz**2> <I.j>/|I|  <Rx**2> <Ry**2> <Rz**2> <R.j>/|R|  <HROTx> <HROTy> <HROTz>

   1    0.0   5/2-   5/2  31    2.44    6.40    6.40    6.19    2.26       7.19    7.19    0.00   -3.25      0.877   0.877   0.000
   2  511.8   7/2-  -7/2  33   -1.91    6.52    6.52   10.60    2.97       7.93    7.93    0.00   -2.98      0.966   0.966   0.000
   3  688.8  11/2- -11/2  34   -5.33    2.83    2.83   30.08    5.10       5.22    5.22    0.00   -1.62      0.637   0.637   0.000
   4  863.7   7/2-   5/2  31    0.86    6.44    6.44    7.68    2.04      10.07   10.07    0.00   -2.78      1.227   1.227   0.000
   5 1393.6   1/2-   1/2  35    0.50    5.70    5.70    0.25    0.02       6.18    6.18    0.00   -3.31      0.754   0.754   0.000
  
   6 1453.5   9/2-  -7/2  33   -1.32    6.56    6.56   10.01    2.46      11.71   11.71    0.00   -2.25      1.427   1.427   0.000
   7 1458.4   3/2-   1/2  35   -0.09    5.70    5.70    0.84    0.91       6.22    6.22    0.00   -2.97      0.759   0.759   0.000
   8 1692.0   3/2-  -3/2  36   -0.89    5.77    5.77    1.64    0.86       6.81    6.81    0.00   -3.12      0.831   0.831   0.000
   9 1934.7   9/2-   5/2  31    0.36    6.49    6.49    8.17    1.80      13.99   13.99    0.00   -2.30      1.706   1.706   0.000
  10 2043.9   5/2-  -3/2  36   -0.83    5.87    5.87    1.63    0.98       8.15    8.15    0.00   -2.59      0.994   0.994   0.000
  
  11 2211.5  13/2- -11/2  34   -5.16    2.92    2.92   29.90    4.42      11.41   11.41    0.00   -1.03      1.391   1.391   0.000
  12 2458.5   5/2-  -3/2  30   -1.22   16.44   16.44    2.05    1.54      17.30   17.30    0.00   -5.17      2.109   2.109   0.000
  13 2572.4   1/2-   1/2  29    0.50   16.85   16.85    0.25   -0.02      17.37   17.37    0.00   -5.76      2.118   2.118   0.000
  14 2598.7   9/2-   9/2  28    4.41    7.60    7.60   20.14    4.03       9.98    9.98    0.00   -3.42      1.217   1.217   0.000
  15 2613.7   1/2-   1/2  26    0.50    8.16    8.16    0.25    0.58       8.16    8.16   -0.00   -3.98      0.995   0.995  -0.000
  
  16 2614.3   5/2-   1/2  35   -0.08    5.73    5.73    0.86   -0.14      10.95   10.95    0.00   -2.72      1.335   1.335   0.000
  17 2630.1  11/2-  -7/2  33   -0.98    6.61    6.61    9.60    2.16      16.38   16.38    0.00   -1.73      1.997   1.997   0.000
  18 2655.9   7/2-   1/2  35    0.01    5.73    5.73    0.76    0.73      11.09   11.09    0.00   -1.98      1.352   1.352   0.000
  19 3141.4   7/2-  -3/2  36   -0.86    5.96    5.96    1.76    0.53      12.61   12.61    0.00   -2.31      1.538   1.538   0.000
  20 3152.5   7/2-  -3/2  30   -1.27   17.32   17.32    2.96    1.77      19.65   19.65    0.00   -4.88      2.396   2.396   0.000
  
  21 3229.6  11/2-   5/2  31    0.08    6.53    6.53    8.44    1.63      18.90   18.90    0.00   -1.92      2.305   2.305   0.000
  22 3466.9   5/2-   1/2  26    0.40    8.08    8.08    0.55    0.42      11.50   11.50   -0.00   -3.23      1.402   1.402  -0.000
  23 3742.7   9/2-  -3/2  36   -0.60    6.09    6.09    1.52    0.85      15.00   15.00    0.00   -1.73      1.829   1.829   0.000
  24 3758.2   9/2-  -3/2  30   -1.03   17.08   17.08    2.94    1.98      21.07   21.07    0.00   -4.20      2.569   2.569   0.000
  25 4003.0  11/2-   9/2  28    4.20    7.52    7.52   20.22    3.29      15.83   15.83    0.00   -2.77      1.930   1.930   0.000
  
  26 4039.8  13/2-  -7/2  33   -0.73    6.65    6.65    9.26    1.96      21.98   21.98    0.00   -1.34      2.680   2.680   0.000
  27 4746.2  13/2-   5/2  31   -0.16    6.58    6.58    8.56    1.51      24.69   24.69    0.00   -1.59      3.010   3.010   0.000
  28 4766.0  11/2-  -3/2  30   -0.67   18.41   18.41    3.27    2.30      24.15   24.15   -0.00   -3.79      2.944   2.944  -0.000
  29 5656.6  13/2-   9/2  28    4.00    7.43    7.43   20.33    2.77      22.67   22.67    0.00   -2.36      2.764   2.764   0.000
  30 5862.0  13/2-  -3/2  30   -0.91   17.71   17.71    3.81    2.20      28.66   28.66    0.00   -3.16      3.494   3.494   0.000
  
  31 6222.6   1/2-   1/2  38    0.50   16.81   16.81    0.25    0.29      17.06   17.06   -0.00   -5.76      2.080   2.080  -0.000
  32*******   1/2-  -3/2  30    0.00    0.00    0.00    0.00   -0.00       0.00    0.00    0.00   -0.00      0.000   0.000   0.000
