1SPECTRUM OF (Z= 82 A=207) IN PARTICLE-ROTOR  MODEL WITH MODIFIED OSCILLATOR POTENTIAL


 PARITY=-   EPS= 0.532   GAMMA=  0.0   EPS4=0.000   EPS6=0.000   LEVELS:  24  25  26  27  28  29  30  31  32  33  34  35  36  37  38

 PAIRING FACTORS: GN0= 19.20  GN1=  7.40  IPAIR= 15 ***  E2PLUS(INPUT)=   0.730  E2PLUR(INPUT)=   0.000

 CORIOLIS ATTENUATION PARAMETERS:  CHSI=1.000  ETA=  1.00

 MOMENT OF INERTIA PARAMETERS:   A1=  0.122 MEV   A2=  0.122 MEV   A3=121.91924 MEV


 DELTA=0.851 MEV  LAMBDA=53.4115 MEV   HW0= 7.6915 MEV   LAMBDA/HW0= 6.9443

 E2ENERGY=0.730 MEV  HBAR**2/B=52478./A**(7/3)=8871.3/A**2 MEV

 IREC=0  =>  RECOIL TERMS j+j-, j+j+, jzjz, ETC TREATED AS ONE-BODY OPERATORS WITH UU+VV PAIRING FACTORS



 S. P. LEVEL   EQP       U     V        (UU + VV)**1.00

     24       4.625    0.092 0.996      1.000 1.000 1.000 0.991 0.988 0.966 0.957 0.891 0.434 0.393 0.388 0.360 0.294 0.214 0.197
     25       4.251    0.101 0.995      1.000 1.000 1.000 0.992 0.989 0.968 0.959 0.894 0.441 0.401 0.396 0.368 0.302 0.222 0.205
     26       3.907    0.110 0.994      1.000 1.000 1.000 0.993 0.991 0.971 0.962 0.898 0.449 0.409 0.404 0.376 0.311 0.231 0.214
     27       1.926    0.227 0.974      0.991 0.992 0.993 1.000 1.000 0.992 0.988 0.944 0.552 0.515 0.510 0.484 0.421 0.345 0.328
     28       1.795    0.244 0.970      0.988 0.989 0.991 1.000 1.000 0.994 0.990 0.950 0.567 0.530 0.525 0.500 0.438 0.362 0.345
     29       1.311    0.346 0.938      0.966 0.968 0.971 0.992 0.994 1.000 0.999 0.978 0.651 0.617 0.612 0.589 0.530 0.459 0.443
     30       1.217    0.377 0.926      0.957 0.959 0.962 0.988 0.990 0.999 1.000 0.984 0.677 0.643 0.639 0.616 0.559 0.489 0.473
     31       0.941    0.535 0.845      0.891 0.894 0.898 0.944 0.950 0.978 0.984 1.000 0.796 0.768 0.765 0.745 0.696 0.635 0.621
     32       1.302    0.937 0.349      0.434 0.441 0.449 0.552 0.567 0.651 0.677 0.796 1.000 0.999 0.999 0.997 0.989 0.973 0.969
     33       1.457    0.952 0.307      0.393 0.401 0.409 0.515 0.530 0.617 0.643 0.768 0.999 1.000 1.000 0.999 0.994 0.982 0.979
     34       1.480    0.953 0.301      0.388 0.396 0.404 0.510 0.525 0.612 0.639 0.765 0.999 1.000 1.000 1.000 0.995 0.983 0.980
     35       1.622    0.962 0.273      0.360 0.368 0.376 0.484 0.500 0.589 0.616 0.745 0.997 0.999 1.000 1.000 0.998 0.988 0.985
     36       2.125    0.979 0.205      0.294 0.302 0.311 0.421 0.438 0.530 0.559 0.696 0.989 0.994 0.995 0.998 1.000 0.997 0.995
     37       3.483    0.992 0.123      0.214 0.222 0.231 0.345 0.362 0.459 0.489 0.635 0.973 0.982 0.983 0.988 0.997 1.000 1.000
     38       4.064    0.994 0.105      0.197 0.205 0.214 0.328 0.345 0.443 0.473 0.621 0.969 0.979 0.980 0.985 0.995 1.000 1.000

  R CORE   ENERGY   A0R/A00=1.000    R3= 0     2  
   2( 1)    0.732                    1.000 0.000
   2( 2)  487.921                    0.000 1.000

  R CORE   ENERGY   A0R/A00=1.000    R3= 0     2  
   3( 1)  488.652                    0.000 1.000

  R CORE   ENERGY   A0R/A00=1.000    R3= 0     2     4  
   4( 1)    2.438                    1.000 0.000 0.000

  R CORE   ENERGY   A0R/A00=1.000    R3= 0     2     4  
   5( 1)  490.847                    0.000 1.000 0.000

  R CORE   ENERGY   A0R/A00=1.000    R3= 0     2     4     6  
   6( 1)    5.121                    1.000 0.000 0.000 0.000

  R CORE   ENERGY   A0R/A00=1.000    R3= 0     2     4     6  
   7( 1)  494.017                    0.000 1.000 0.000 0.000

          AXIAL SYMMETRY => K RESTRICTED TO OMEGA

                     K
     S.P. ORB#: 24  2.50
     S.P. ORB#: 25 -1.50
     S.P. ORB#: 26  0.50
     S.P. ORB#: 27  0.50
     S.P. ORB#: 28  2.50
     S.P. ORB#: 29  2.50
     S.P. ORB#: 30 -5.50
     S.P. ORB#: 31 -3.50
     S.P. ORB#: 32  0.50
     S.P. ORB#: 33 -1.50
     S.P. ORB#: 34  0.50
     S.P. ORB#: 35 -3.50
     S.P. ORB#: 36 -1.50
     S.P. ORB#: 37 -3.50
     S.P. ORB#: 38  4.50
 

             ENERGY    K= OMEGA
 
 I=  1/2- (1)  2.724  32:-0.999
 
 I=  1/2- (2)  4.897  27: 0.756
                      34:-0.654
 
 I=  1/2- (3)  5.764  26: 0.999
 
 I=  1/2- (4)  6.129  27: 0.654
                      34: 0.756
 
 I=  1/2- (5)147.760  33: 1.000

             ENERGY    K= OMEGA
 
 I=  3/2- (1)  2.790  32:-0.770
                      33:-0.638
 
 I=  3/2- (2)  3.034  26:-0.119
                      32: 0.631
                      33:-0.767

             ENERGY    K= OMEGA
 
 I=  5/2- (1)  3.099  26:-0.052
                      29: 0.942
                      32:-0.129
                      33: 0.303
 
 I=  5/2- (2)  3.342  26: 0.168
                      29: 0.329
                      32: 0.524
                      33:-0.767
 
 I=  5/2- (3)  3.955  29:-0.062
                      32: 0.831
                      33: 0.550
 
 I=  5/2- (4)  5.236  25:-0.090
                      27: 0.736
                      28: 0.092
                      34:-0.603
                      36:-0.280
 
 I=  5/2- (5)  6.646  25:-0.433
                      27: 0.121
                      28: 0.793
                      34: 0.392
                      36:-0.124

             ENERGY    K= OMEGA
 
 I=  7/2- (1)  2.674  24:-0.201
                      29: 0.111
                      31: 0.973
 
 I=  7/2- (2)  3.717  24:-0.062
                      29:-0.831
                      31: 0.065
                      32: 0.134
                      33: 0.255
                      37: 0.468
 
 I=  7/2- (3)  4.015  29: 0.188
                      32: 0.804
                      33: 0.531
                      37:-0.180
 
 I=  7/2- (4)  4.467  24:-0.055
                      26: 0.216
                      32:-0.550
                      33: 0.756
                      37:-0.274
 
 I=  7/2- (5)  4.733  26:-0.054
                      29:-0.511
                      31: 0.075
                      32: 0.083
                      33:-0.224
                      37:-0.820

             ENERGY    K= OMEGA
 
 I=  9/2- (1)  3.265  24: 0.258
                      29:-0.129
                      31: 0.901
                      38:-0.321
 
 I=  9/2- (2)  4.604  24:-0.091
                      26: 0.094
                      29:-0.757
                      31:-0.103
                      32: 0.156
                      33:-0.327
                      37:-0.515
                      38:-0.052
 
 I=  9/2- (3)  4.984  26: 0.267
                      29: 0.250
                      31: 0.083
                      32: 0.530
                      33:-0.707
                      37: 0.279
 
 I=  9/2- (4)  5.341  24: 0.109
                      29:-0.245
                      31: 0.263
                      37: 0.196
                      38: 0.906
 
 I=  9/2- (5)  5.985  25: 0.422
                      27:-0.465
                      28:-0.609
                      34: 0.221
                      35: 0.375
                      36: 0.213

             ENERGY    K= OMEGA
 
 I= 11/2- (1)  2.556  30:-1.000
 
 I= 11/2- (2)  4.130  24:-0.299
                      29: 0.138
                      31: 0.866
                      37:-0.053
                      38: 0.371
 
 I= 11/2- (3)  5.773  24:-0.109
                      29:-0.747
                      31: 0.122
                      32: 0.143
                      33: 0.279
                      37: 0.561
                      38:-0.051
 
 I= 11/2- (4)  6.140  25: 0.474
                      27: 0.466
                      28: 0.594
                      34: 0.255
                      35: 0.326
                      36: 0.183
 
 I= 11/2- (5)  6.214  26:-0.073
                      29: 0.176
                      31:-0.066
                      32: 0.825
                      33: 0.485
                      37:-0.206

             ENERGY    K= OMEGA
 
 I= 13/2- (1)  4.138  30: 0.999
 
 I= 13/2- (2)  5.248  24: 0.331
                      29:-0.141
                      31: 0.843
                      33: 0.052
                      37:-0.066
                      38:-0.389
 
 I= 13/2- (3)  7.089  25:-0.505
                      27: 0.315
                      28: 0.681
                      34:-0.077
                      35:-0.389
                      36:-0.156
 
 I= 13/2- (4)  7.134  24: 0.123
                      26:-0.166
                      29: 0.673
                      31: 0.102
                      32:-0.226
                      33: 0.414
                      37: 0.517
                      38: 0.061
 
 I= 13/2- (5)  7.570  26: 0.326
                      29: 0.337
                      31: 0.117
                      32: 0.504
                      33:-0.618
                      37: 0.361

             ENERGY     K= 9/2
  32 LEVELS    TIME=  0.0 SEC



 ******************* EXCITATION ENERGIES, DOMINANT CONFIGURATION AND EXPECTATION VALUES (WITH S.P. UU+VV FACTORS) *******************

  NR  Eex(keV)  I   Kdom  NY    <Jz>  <Jx**2> <Jy**2> <Jz**2> <I.j>/|I|  <Rx**2> <Ry**2> <Rz**2> <R.j>/|R|  <HROTx> <HROTy> <HROTz>

   1    0.0  11/2- -11/2  30   -5.49    2.75    2.75   30.24    5.06       5.48    5.48    0.00   -1.65      0.669   0.669   0.000
   2  117.4   7/2-  -7/2  31   -3.18    6.49    6.49   11.93    3.49       6.47    6.47    0.00   -3.07      0.788   0.788   0.000
   3  168.0   1/2-   1/2  32    0.50    5.38    5.38    0.25    0.07       5.82    5.82    0.00   -3.21      0.709   0.709   0.000
   4  233.6   3/2-   1/2  32   -0.31    5.37    5.37    1.06    1.00       5.84    5.84    0.00   -2.89      0.712   0.712   0.000
   5  478.1   3/2-  -3/2  33   -0.68    5.40    5.40    1.43    0.73       6.58    6.58    0.00   -2.98      0.802   0.802   0.000
  
   6  542.9   5/2-   5/2  29    2.09    6.09    6.09    5.77    2.07       7.22    7.22    0.00   -3.11      0.880   0.880   0.000
   7  708.6   9/2-  -7/2  31   -2.17    6.18    6.18   12.56    3.55       7.16    7.16    0.00   -1.92      0.873   0.873   0.000
   8  785.6   5/2-  -3/2  33   -0.46    5.57    5.57    2.08    1.12       7.68    7.68    0.00   -2.53      0.936   0.936   0.000
   9 1160.6   7/2-   5/2  29    0.87    5.22    5.22    7.22    2.24       7.83    7.83    0.00   -2.22      0.954   0.954   0.000
  10 1399.0   5/2-   1/2  32   -0.10    5.39    5.39    0.88   -0.15      10.65   10.65    0.00   -2.62      1.299   1.299   0.000
  
  11 1458.9   7/2-   1/2  32   -0.13    5.30    5.30    1.44    0.82      10.63   10.63    0.00   -1.90      1.296   1.296   0.000
  12 1573.8  11/2-  -7/2  31   -1.75    6.11    6.11   12.69    3.42       9.90    9.90    0.00   -1.01      1.208   1.208   0.000
  13 1581.7  13/2- -11/2  30   -5.48    2.75    2.75   30.21    4.34      11.96   11.96    0.00   -1.11      1.458   1.458   0.000
  14 1910.9   7/2-  -3/2  33   -0.94    5.24    5.24    2.32    0.72      11.40   11.40    0.00   -2.08      1.390   1.390   0.000
  15 2047.5   9/2-   5/2  29    0.36    4.98    4.98    7.32    2.04      10.85   10.85    0.00   -1.53      1.323   1.323   0.000
  
  16 2176.5   7/2-  -7/2  37   -1.79    3.56    3.56   10.06    2.14       7.98    7.98    0.00   -2.17      0.972   0.972   0.000
  17 2340.6   1/2-   1/2  27    0.50   13.63   13.63    0.25    1.34      12.97   12.97    0.00   -5.17      1.581   1.581   0.000
  18 2427.8   9/2-  -3/2  33   -0.71    5.39    5.39    2.65    1.16      13.33   13.33    0.00   -1.48      1.625   1.625   0.000
  19 2680.2   5/2-   1/2  27    0.34   14.04   14.04    0.47    1.54      14.10   14.10    0.00   -4.52      1.719   1.719   0.000
  20 2691.7  13/2-  -7/2  31   -1.51    6.11    6.11   12.69    3.27      13.99   13.99    0.00   -0.39      1.706   1.706   0.000
  
  21 2784.7   9/2-   9/2  38    3.50    2.93    2.93   18.38    3.54       6.86    6.86    0.00   -1.78      0.837   0.837   0.000
  22 3207.4   1/2-   1/2  26    0.50    7.70    7.70    0.25    0.66       7.63    7.63    0.00   -3.86      0.931   0.931   0.000
  23 3216.4  11/2-   5/2  29    0.18    4.79    4.79    7.82    1.89      15.28   15.28    0.00   -1.10      1.862   1.862   0.000
  24 3429.0   9/2-   5/2  28    0.23   19.88   19.88    4.61    3.86      15.37   15.37    0.00   -4.54      1.874   1.874   0.000
  25 3572.8   1/2-   1/2  34    0.50   16.74   16.74    0.25   -1.21      18.28   18.28    0.00   -5.75      2.229   2.229   0.000
  
  26 3584.3  11/2-   5/2  28    0.26   20.37   20.37    4.16    4.14      15.56   15.56    0.00   -3.61      1.897   1.897   0.000
  27 3657.9  11/2-   1/2  32   -0.09    5.26    5.26    1.48    0.72      19.56   19.56    0.00   -1.23      2.384   2.384   0.000
  28 4089.6   5/2-   5/2  28    1.35   21.50   21.50    4.43    3.35      18.17   18.17    0.00   -6.22      2.216   2.216   0.000
  29 4532.7  13/2-   5/2  28    0.26   21.33   21.33    5.41    4.19      19.17   19.17    0.00   -3.04      2.338   2.338   0.000
  30 4578.0  13/2-   5/2  29   -0.00    4.93    4.93    6.81    1.70      20.87   20.87    0.00   -0.75      2.545   2.545   0.000
  
  31 5013.6  13/2-  -3/2  33   -0.61    5.34    5.34    3.44    1.18      23.16   23.16    0.00   -0.86      2.824   2.824   0.000
  32*******   1/2-  -3/2  33    0.00    0.00    0.00    0.00   -0.00       0.00    0.00    0.00   -0.00      0.000   0.000   0.000
