1SPECTRUM OF (Z= 82 A=207) IN PARTICLE-ROTOR  MODEL WITH MODIFIED OSCILLATOR POTENTIAL


 PARITY=-   EPS= 0.459   GAMMA=  0.0   EPS4=0.000   EPS6=0.000   LEVELS:  24  25  26  27  28  29  30  31  32  33  34  35  36  37  38

 PAIRING FACTORS: GN0= 19.20  GN1=  7.40  IPAIR= 15 ***  E2PLUS(INPUT)=   0.730  E2PLUR(INPUT)=   0.000

 CORIOLIS ATTENUATION PARAMETERS:  CHSI=1.000  ETA=  1.00

 MOMENT OF INERTIA PARAMETERS:   A1=  0.122 MEV   A2=  0.122 MEV   A3=121.91924 MEV


 DELTA=0.850 MEV  LAMBDA=53.4650 MEV   HW0= 7.6126 MEV   LAMBDA/HW0= 7.0233

 E2ENERGY=0.730 MEV  HBAR**2/B=39064./A**(7/3)=6603.7/A**2 MEV

 IREC=0  =>  RECOIL TERMS j+j-, j+j+, jzjz, ETC TREATED AS ONE-BODY OPERATORS WITH UU+VV PAIRING FACTORS



 S. P. LEVEL   EQP       U     V        (UU + VV)**1.00

     24       4.565    0.094 0.996      1.000 1.000 0.999 0.997 0.994 0.982 0.960 0.868 0.737 0.658 0.341 0.306 0.277 0.259 0.242
     25       4.185    0.102 0.995      1.000 1.000 0.999 0.998 0.994 0.983 0.962 0.873 0.743 0.664 0.350 0.314 0.285 0.267 0.251
     26       3.080    0.139 0.990      0.999 0.999 1.000 1.000 0.998 0.990 0.972 0.890 0.768 0.692 0.384 0.349 0.321 0.303 0.287
     27       2.577    0.167 0.986      0.997 0.998 1.000 1.000 0.999 0.993 0.978 0.903 0.786 0.712 0.410 0.376 0.348 0.330 0.314
     28       2.107    0.206 0.979      0.994 0.994 0.998 0.999 1.000 0.997 0.986 0.919 0.810 0.739 0.446 0.412 0.384 0.367 0.351
     29       1.580    0.280 0.960      0.982 0.983 0.990 0.993 0.997 1.000 0.996 0.947 0.852 0.789 0.513 0.481 0.454 0.437 0.422
     30       1.240    0.369 0.929      0.960 0.962 0.972 0.978 0.986 0.996 1.000 0.973 0.897 0.843 0.591 0.561 0.535 0.519 0.505
     31       0.904    0.575 0.818      0.868 0.873 0.890 0.903 0.919 0.947 0.973 1.000 0.975 0.945 0.763 0.738 0.717 0.704 0.692
     32       0.854    0.741 0.671      0.737 0.743 0.768 0.786 0.810 0.852 0.897 0.975 1.000 0.994 0.887 0.869 0.853 0.843 0.834
     33       0.896    0.811 0.585      0.658 0.664 0.692 0.712 0.739 0.789 0.843 0.945 0.994 1.000 0.932 0.918 0.906 0.898 0.890
     34       1.743    0.968 0.252      0.341 0.350 0.384 0.410 0.446 0.513 0.591 0.763 0.887 0.932 1.000 0.999 0.998 0.996 0.995
     35       2.020    0.977 0.215      0.306 0.314 0.349 0.376 0.412 0.481 0.561 0.738 0.869 0.918 0.999 1.000 1.000 0.999 0.998
     36       2.327    0.983 0.186      0.277 0.285 0.321 0.348 0.384 0.454 0.535 0.717 0.853 0.906 0.998 1.000 1.000 1.000 0.999
     37       2.574    0.986 0.168      0.259 0.267 0.303 0.330 0.367 0.437 0.519 0.704 0.843 0.898 0.996 0.999 1.000 1.000 1.000
     38       2.859    0.989 0.150      0.242 0.251 0.287 0.314 0.351 0.422 0.505 0.692 0.834 0.890 0.995 0.998 0.999 1.000 1.000

  R CORE   ENERGY   A0R/A00=1.000    R3= 0     2  
   2( 1)    0.732                    1.000 0.000
   2( 2)  487.921                    0.000 1.000

  R CORE   ENERGY   A0R/A00=1.000    R3= 0     2  
   3( 1)  488.652                    0.000 1.000

  R CORE   ENERGY   A0R/A00=1.000    R3= 0     2     4  
   4( 1)    2.438                    1.000 0.000 0.000

  R CORE   ENERGY   A0R/A00=1.000    R3= 0     2     4  
   5( 1)  490.847                    0.000 1.000 0.000

  R CORE   ENERGY   A0R/A00=1.000    R3= 0     2     4     6  
   6( 1)    5.121                    1.000 0.000 0.000 0.000

  R CORE   ENERGY   A0R/A00=1.000    R3= 0     2     4     6  
   7( 1)  494.017                    0.000 1.000 0.000 0.000

          AXIAL SYMMETRY => K RESTRICTED TO OMEGA

                     K
     S.P. ORB#: 24  0.50
     S.P. ORB#: 25  0.50
     S.P. ORB#: 26 -1.50
     S.P. ORB#: 27 -5.50
     S.P. ORB#: 28  2.50
     S.P. ORB#: 29 -3.50
     S.P. ORB#: 30  2.50
     S.P. ORB#: 31  0.50
     S.P. ORB#: 32  0.50
     S.P. ORB#: 33 -1.50
     S.P. ORB#: 34 -3.50
     S.P. ORB#: 35 -3.50
     S.P. ORB#: 36  0.50
     S.P. ORB#: 37  4.50
     S.P. ORB#: 38 -1.50
 

             ENERGY    K= OMEGA
 
 I=  1/2- (1)  2.217  32: 0.999
 
 I=  1/2- (2)  3.563  24: 0.287
                      31:-0.924
                      36: 0.251
 
 I=  1/2- (3)  5.960  25: 0.999
 
 I=  1/2- (4)  6.339  24: 0.217
                      31:-0.193
                      36:-0.957
 
 I=  1/2- (5) 10.657  24: 0.933
                      31: 0.330
                      36: 0.145

             ENERGY    K= OMEGA
 
 I=  3/2- (1)  2.229  32: 0.596
                      33:-0.803
 
 I=  3/2- (2)  2.441  25:-0.163
                      32:-0.792
                      33:-0.588

             ENERGY    K= OMEGA
 
 I=  5/2- (1)  2.617  25: 0.216
                      28:-0.057
                      32:-0.514
                      33:-0.828
 
 I=  5/2- (2)  3.414  25:-0.060
                      28:-0.095
                      32: 0.840
                      33:-0.531
 
 I=  5/2- (3)  3.893  24:-0.248
                      31: 0.849
                      36:-0.400
                      38:-0.241
 
 I=  5/2- (4)  3.918  28: 0.994
                      32: 0.052
                      33:-0.098
 
 I=  5/2- (5)  6.057  24:-0.172
                      26: 0.557
                      30:-0.811

             ENERGY    K= OMEGA
 
 I=  7/2- (1)  2.920  28: 0.195
                      35:-0.979
 
 I=  7/2- (2)  3.445  28: 0.092
                      29: 0.226
                      32: 0.726
                      33:-0.641
 
 I=  7/2- (3)  3.512  28: 0.160
                      29: 0.955
                      32:-0.228
                      33: 0.097
 
 I=  7/2- (4)  3.729  25: 0.286
                      28:-0.063
                      29: 0.091
                      32: 0.611
                      33: 0.728
 
 I=  7/2- (5)  4.366  26:-0.240
                      30:-0.239
                      31:-0.850
                      34:-0.091
                      36:-0.249
                      38:-0.305

             ENERGY    K= OMEGA
 
 I=  9/2- (1)  3.418  28: 0.126
                      29:-0.348
                      35: 0.337
                      37: 0.865
 
 I=  9/2- (2)  3.984  25:-0.145
                      28: 0.242
                      29: 0.179
                      32: 0.230
                      33: 0.340
                      35: 0.798
                      37:-0.288
 
 I=  9/2- (3)  4.067  25: 0.306
                      29: 0.110
                      32:-0.503
                      33:-0.676
                      35: 0.416
                      37:-0.096
 
 I=  9/2- (4)  4.760  28:-0.259
                      29: 0.880
                      32: 0.055
                      37: 0.393
 
 I=  9/2- (5)  4.965  24:-0.183
                      26:-0.091
                      30: 0.154
                      31: 0.790
                      34:-0.077
                      36:-0.450
                      38:-0.319

             ENERGY    K= OMEGA
 
 I= 11/2- (1)  3.914  27: 0.997
                      37: 0.069
 
 I= 11/2- (2)  4.226  24:-0.460
                      26:-0.566
                      30:-0.491
                      31:-0.385
                      34:-0.207
                      36:-0.118
                      38:-0.147
 
 I= 11/2- (3)  4.519  27:-0.073
                      28: 0.172
                      29: 0.418
                      35:-0.380
                      37: 0.803
 
 I= 11/2- (4)  5.293  28: 0.284
                      29:-0.259
                      33:-0.115
                      35:-0.852
                      37:-0.332
 
 I= 11/2- (5)  5.629  25: 0.125
                      32: 0.864
                      33:-0.474
                      35: 0.101

             ENERGY    K= OMEGA
 
 I= 13/2- (1)  5.491  27:-0.986
                      29:-0.066
                      37: 0.142
 
 I= 13/2- (2)  5.876  27:-0.163
                      28:-0.207
                      29: 0.449
                      33:-0.066
                      35:-0.398
                      37:-0.751
 
 I= 13/2- (3)  6.029  24: 0.166
                      26:-0.569
                      30: 0.683
                      31: 0.179
                      34:-0.364
                      36:-0.058
                      38:-0.117
 
 I= 13/2- (4)  6.345  25: 0.419
                      28:-0.081
                      29:-0.055
                      32:-0.550
                      33:-0.704
                      37: 0.116
 
 I= 13/2- (5)  6.840  25: 0.056
                      28: 0.297
                      29: 0.293
                      32:-0.085
                      33:-0.065
                      35: 0.836
                      37:-0.334

             ENERGY     K=-3/2
  32 LEVELS    TIME=  0.0 SEC



 ******************* EXCITATION ENERGIES, DOMINANT CONFIGURATION AND EXPECTATION VALUES (WITH S.P. UU+VV FACTORS) *******************

  NR  Eex(keV)  I   Kdom  NY    <Jz>  <Jx**2> <Jy**2> <Jz**2> <I.j>/|I|  <Rx**2> <Ry**2> <Rz**2> <R.j>/|R|  <HROTx> <HROTy> <HROTz>

   1    0.0   1/2-   1/2  32    0.50    5.19    5.19    0.25    0.16       5.56    5.56    0.00   -3.15      0.677   0.677   0.000
   2   12.8   3/2-  -3/2  33   -0.79    5.18    5.18    1.54    1.19       5.53    5.53   -0.00   -2.89      0.674   0.674  -0.000
   3  224.0   3/2-   1/2  32   -0.19    5.16    5.16    0.94    0.73       6.08    6.08   -0.00   -2.82      0.742   0.742  -0.000
   4  400.1   5/2-  -3/2  33   -0.86    5.35    5.35    1.64    1.38       6.46    6.46   -0.00   -2.30      0.787   0.787  -0.000
   5  703.3   7/2-  -7/2  35   -3.27    2.39    2.39   12.00    3.17       3.69    3.69   -0.00   -1.55      0.449   0.449  -0.000
  
   6 1197.5   5/2-   1/2  32   -0.05    5.22    5.22    0.87   -0.11      10.35   10.35   -0.00   -2.56      1.262   1.262  -0.000
   7 1201.1   9/2-   9/2  37    2.58    2.94    2.94   18.13    4.05       4.25    4.25    0.00   -1.33      0.518   0.518   0.000
   8 1228.0   7/2-   1/2  32   -0.51    5.22    5.22    1.75    0.92      10.33   10.33    0.00   -1.88      1.260   1.260   0.000
   9 1295.0   7/2-  -7/2  29   -3.12    6.25    6.25   11.36    2.96       8.04    8.04    0.00   -3.02      0.980   0.980   0.000
  10 1346.6   1/2-   1/2  31    0.50    9.61    9.61    0.25    0.94       9.30    9.30    0.00   -4.33      1.134   1.134   0.000
  
  11 1512.2   7/2-  -3/2  33   -0.59    5.27    5.27    1.45    0.84      10.52   10.52   -0.00   -1.88      1.283   1.283  -0.000
  12 1676.9   5/2-   1/2  31    0.38   10.40   10.40    0.37    1.70       9.94    9.94    0.00   -3.62      1.212   1.212   0.000
  13 1697.9  11/2- -11/2  27   -5.45    2.75    2.75   30.19    5.06       5.49    5.49    0.00   -1.65      0.669   0.669   0.000
  14 1701.7   5/2-   5/2  28    2.46    6.13    6.13    6.20    2.07       7.49    7.49   -0.00   -3.19      0.913   0.913  -0.000
  15 1767.4   9/2-  -7/2  35   -1.96    3.16    3.16   10.52    2.47       8.50    8.50   -0.00   -1.10      1.036   1.036  -0.000
  
  16 1850.6   9/2-  -3/2  33   -1.11    4.93    4.93    3.58    1.65      10.88   10.88   -0.00   -1.12      1.326   1.326  -0.000
  17 2009.7  11/2-  -3/2  26    0.13   23.58   23.58    2.90    6.03       6.85    6.85    0.00   -3.78      0.836   0.836   0.000
  18 2149.6   7/2-   1/2  31    0.28   16.16   16.16    0.99    3.04      12.47   12.47    0.00   -4.26      1.520   1.520   0.000
  19 2302.5  11/2-   9/2  37    1.83    3.24    3.24   17.32    3.46       9.08    9.08    0.00   -0.73      1.107   1.107   0.000
  20 2543.1   9/2-  -7/2  29   -1.85    5.69    5.69   13.03    2.47      12.27   12.27    0.00   -2.44      1.496   1.496   0.000
  
  21 2748.3   9/2-   1/2  31    0.30   11.84   11.84    0.68    2.12      14.03   14.03    0.00   -2.61      1.710   1.710   0.000
  22 3076.4  11/2-  -7/2  35   -2.10    2.76    2.76   12.50    2.27      13.33   13.33    0.00   -0.86      1.625   1.625   0.000
  23 3275.0  13/2- -11/2  27   -5.28    2.76    2.76   29.91    4.31      11.98   11.98    0.00   -1.09      1.460   1.460   0.000
  24 3412.2  11/2-   1/2  32    0.00    5.11    5.11    0.86    0.69      19.27   19.27   -0.00   -1.12      2.349   2.349  -0.000
  25 3659.4  13/2-   9/2  37    1.23    3.43    3.43   16.91    3.07      14.84   14.84    0.00   -0.43      1.809   1.809   0.000
  
  26 3744.0   1/2-   1/2  25    0.50    7.37    7.37    0.25    0.64       7.31    7.31    0.00   -3.77      0.891   0.891   0.000
  27 3812.8  13/2-   5/2  30    0.23   22.98   22.98    5.31    4.80      16.48   16.48   -0.00   -3.09      2.010   2.010  -0.000
  28 3840.6   5/2-   5/2  30    1.20   22.92   22.92    4.82    4.29      17.01   17.01    0.00   -6.51      2.074   2.074   0.000
  29 4122.5   1/2-   1/2  36    0.50   15.61   15.61    0.25   -0.15      16.24   16.24    0.00   -5.54      1.980   1.980   0.000
  30 4128.3  13/2-  -3/2  33   -0.45    5.66    5.66    1.62    1.57      19.88   19.88   -0.00   -0.31      2.424   2.424  -0.000
  
  31 4623.6  13/2-  -7/2  35   -2.03    2.86    2.86   12.45    1.98      19.66   19.66   -0.00   -0.70      2.397   2.397  -0.000
  32 8440.7   1/2-   1/2  24    0.50   23.24   23.24    0.25   -3.55      26.81   26.81    0.00   -6.80      3.269   3.269   0.000
