1SPECTRUM OF (Z= 82 A=207) IN PARTICLE-ROTOR  MODEL WITH MODIFIED OSCILLATOR POTENTIAL


 PARITY=-   EPS= 0.449   GAMMA=  0.0   EPS4=0.000   EPS6=0.000   LEVELS:  24  25  26  27  28  29  30  31  32  33  34  35  36  37  38

 PAIRING FACTORS: GN0= 19.20  GN1=  7.40  IPAIR= 15 ***  E2PLUS(INPUT)=   0.730  E2PLUR(INPUT)=   0.000

 CORIOLIS ATTENUATION PARAMETERS:  CHSI=1.000  ETA=  1.00

 MOMENT OF INERTIA PARAMETERS:   A1=  0.122 MEV   A2=  0.122 MEV   A3=121.91923 MEV


 DELTA=0.853 MEV  LAMBDA=53.4723 MEV   HW0= 7.6030 MEV   LAMBDA/HW0= 7.0331

 E2ENERGY=0.730 MEV  HBAR**2/B=37381./A**(7/3)=6319.1/A**2 MEV

 IREC=0  =>  RECOIL TERMS j+j-, j+j+, jzjz, ETC TREATED AS ONE-BODY OPERATORS WITH UU+VV PAIRING FACTORS



 S. P. LEVEL   EQP       U     V        (UU + VV)**1.00

     24       4.339    0.099 0.995      1.000 1.000 0.999 0.998 0.995 0.986 0.953 0.812 0.784 0.707 0.344 0.333 0.278 0.272 0.242
     25       4.215    0.102 0.995      1.000 1.000 0.999 0.999 0.995 0.987 0.954 0.814 0.786 0.709 0.346 0.336 0.281 0.275 0.245
     26       2.922    0.148 0.989      0.999 0.999 1.000 1.000 0.999 0.993 0.967 0.840 0.813 0.741 0.389 0.379 0.325 0.319 0.290
     27       2.771    0.156 0.988      0.998 0.999 1.000 1.000 0.999 0.994 0.969 0.844 0.818 0.747 0.397 0.387 0.333 0.327 0.298
     28       2.217    0.196 0.981      0.995 0.995 0.999 0.999 1.000 0.998 0.978 0.865 0.841 0.774 0.434 0.424 0.371 0.366 0.337
     29       1.681    0.263 0.965      0.986 0.987 0.993 0.994 0.998 1.000 0.990 0.898 0.876 0.815 0.495 0.485 0.434 0.429 0.400
     30       1.173    0.396 0.918      0.953 0.954 0.967 0.969 0.978 0.990 1.000 0.951 0.935 0.888 0.612 0.603 0.556 0.551 0.525
     31       0.860    0.661 0.750      0.812 0.814 0.840 0.844 0.865 0.898 0.951 1.000 0.999 0.987 0.827 0.821 0.786 0.783 0.763
     32       0.853    0.695 0.719      0.784 0.786 0.813 0.818 0.841 0.876 0.935 0.999 1.000 0.993 0.852 0.847 0.814 0.811 0.792
     33       0.870    0.773 0.634      0.707 0.709 0.741 0.747 0.774 0.815 0.888 0.987 0.993 1.000 0.907 0.902 0.876 0.873 0.857
     34       1.767    0.968 0.249      0.344 0.346 0.389 0.397 0.434 0.495 0.612 0.827 0.852 0.907 1.000 1.000 0.998 0.997 0.994
     35       1.841    0.971 0.238      0.333 0.336 0.379 0.387 0.424 0.485 0.603 0.821 0.847 0.902 1.000 1.000 0.998 0.998 0.996
     36       2.386    0.983 0.182      0.278 0.281 0.325 0.333 0.371 0.434 0.556 0.786 0.814 0.876 0.998 0.998 1.000 1.000 0.999
     37       2.461    0.984 0.176      0.272 0.275 0.319 0.327 0.366 0.429 0.551 0.783 0.811 0.873 0.997 0.998 1.000 1.000 1.000
     38       2.964    0.989 0.145      0.242 0.245 0.290 0.298 0.337 0.400 0.525 0.763 0.792 0.857 0.994 0.996 0.999 1.000 1.000

  R CORE   ENERGY   A0R/A00=1.000    R3= 0     2  
   2( 1)    0.732                    1.000 0.000
   2( 2)  487.921                    0.000 1.000

  R CORE   ENERGY   A0R/A00=1.000    R3= 0     2  
   3( 1)  488.652                    0.000 1.000

  R CORE   ENERGY   A0R/A00=1.000    R3= 0     2     4  
   4( 1)    2.438                    1.000 0.000 0.000

  R CORE   ENERGY   A0R/A00=1.000    R3= 0     2     4  
   5( 1)  490.847                    0.000 1.000 0.000

  R CORE   ENERGY   A0R/A00=1.000    R3= 0     2     4     6  
   6( 1)    5.121                    1.000 0.000 0.000 0.000

  R CORE   ENERGY   A0R/A00=1.000    R3= 0     2     4     6  
   7( 1)  494.017                    0.000 1.000 0.000 0.000

          AXIAL SYMMETRY => K RESTRICTED TO OMEGA

                     K
     S.P. ORB#: 24  0.50
     S.P. ORB#: 25  0.50
     S.P. ORB#: 26 -1.50
     S.P. ORB#: 27 -5.50
     S.P. ORB#: 28  2.50
     S.P. ORB#: 29 -3.50
     S.P. ORB#: 30  2.50
     S.P. ORB#: 31  0.50
     S.P. ORB#: 32  0.50
     S.P. ORB#: 33 -1.50
     S.P. ORB#: 34 -3.50
     S.P. ORB#: 35 -3.50
     S.P. ORB#: 36  4.50
     S.P. ORB#: 37  0.50
     S.P. ORB#: 38 -1.50
 

             ENERGY    K= OMEGA
 
 I=  1/2- (1)  2.206  32: 0.999
 
 I=  1/2- (2)  3.557  24: 0.274
                      31:-0.923
                      37: 0.270
 
 I=  1/2- (3)  5.978  25: 0.999
 
 I=  1/2- (4)  6.470  24: 0.231
                      31:-0.209
                      37:-0.950
 
 I=  1/2- (5) 10.463  24: 0.934
                      31: 0.322
                      37: 0.156

             ENERGY    K= OMEGA
 
 I=  3/2- (1)  2.203  32:-0.547
                      33: 0.837
 
 I=  3/2- (2)  2.413  25:-0.171
                      32:-0.826
                      33:-0.537

             ENERGY    K= OMEGA
 
 I=  5/2- (1)  2.566  25: 0.224
                      28:-0.052
                      32:-0.508
                      33:-0.830
 
 I=  5/2- (2)  3.398  25:-0.062
                      28:-0.078
                      32: 0.843
                      33:-0.528
 
 I=  5/2- (3)  3.819  24:-0.230
                      31: 0.842
                      37:-0.418
                      38:-0.252
 
 I=  5/2- (4)  4.024  28: 0.996
                      33:-0.084
 
 I=  5/2- (5)  5.990  24:-0.180
                      26: 0.565
                      30:-0.804

             ENERGY    K= OMEGA
 
 I=  7/2- (1)  2.746  28: 0.174
                      29:-0.053
                      35:-0.983
 
 I=  7/2- (2)  3.426  28: 0.070
                      29: 0.083
                      32: 0.724
                      33:-0.680
 
 I=  7/2- (3)  3.605  25: 0.084
                      28:-0.181
                      29:-0.940
                      32: 0.242
                      33: 0.129
 
 I=  7/2- (4)  3.671  25: 0.288
                      29: 0.279
                      32: 0.605
                      33: 0.687
 
 I=  7/2- (5)  4.200  26: 0.196
                      30: 0.199
                      31: 0.864
                      34: 0.074
                      37: 0.252
                      38: 0.324

             ENERGY    K= OMEGA
 
 I=  9/2- (1)  3.265  28: 0.112
                      29:-0.286
                      35: 0.353
                      36: 0.883
 
 I=  9/2- (2)  3.829  25:-0.075
                      28: 0.226
                      29: 0.171
                      32: 0.111
                      33: 0.176
                      35: 0.873
                      36:-0.328
 
 I=  9/2- (3)  3.971  25: 0.342
                      29: 0.058
                      32:-0.539
                      33:-0.734
                      35: 0.221
 
 I=  9/2- (4)  4.808  24:-0.169
                      26:-0.076
                      30: 0.138
                      31: 0.784
                      34:-0.068
                      37:-0.468
                      38:-0.330
 
 I=  9/2- (5)  4.817  28: 0.258
                      29:-0.908
                      32:-0.054
                      36:-0.325

             ENERGY    K= OMEGA
 
 I= 11/2- (1)  4.092  24:-0.464
                      26:-0.561
                      30:-0.485
                      31:-0.390
                      34:-0.206
                      37:-0.122
                      38:-0.158
 
 I= 11/2- (2)  4.104  27:-0.987
                      29:-0.053
                      36:-0.144
 
 I= 11/2- (3)  4.389  27:-0.160
                      28: 0.158
                      29: 0.356
                      35:-0.402
                      36: 0.813
 
 I= 11/2- (4)  5.141  28: 0.261
                      29:-0.235
                      33:-0.090
                      35:-0.855
                      36:-0.369
 
 I= 11/2- (5)  5.606  25: 0.145
                      32: 0.882
                      33:-0.440
                      35: 0.068

             ENERGY    K= OMEGA
 
 I= 13/2- (1)  5.652  27:-0.824
                      28: 0.101
                      29:-0.222
                      35: 0.220
                      36: 0.460
 
 I= 13/2- (2)  5.787  27:-0.565
                      28:-0.170
                      29: 0.334
                      33:-0.059
                      35:-0.367
                      36:-0.633
 
 I= 13/2- (3)  5.902  24:-0.164
                      26: 0.564
                      30:-0.678
                      31:-0.198
                      34: 0.364
                      37: 0.078
                      38: 0.131
 
 I= 13/2- (4)  6.215  25:-0.429
                      28: 0.076
                      32: 0.548
                      33: 0.701
                      36:-0.118
 
 I= 13/2- (5)  6.694  25:-0.055
                      28:-0.276
                      29:-0.273
                      32: 0.081
                      33: 0.064
                      35:-0.834
                      36: 0.374

             ENERGY     K=-3/2
  32 LEVELS    TIME=  0.0 SEC



 ******************* EXCITATION ENERGIES, DOMINANT CONFIGURATION AND EXPECTATION VALUES (WITH S.P. UU+VV FACTORS) *******************

  NR  Eex(keV)  I   Kdom  NY    <Jz>  <Jx**2> <Jy**2> <Jz**2> <I.j>/|I|  <Rx**2> <Ry**2> <Rz**2> <R.j>/|R|  <HROTx> <HROTy> <HROTz>

   1    0.0   3/2-  -3/2  33   -0.90    5.15    5.15    1.65    1.22       5.49    5.49    0.00   -2.90      0.669   0.669   0.000
   2    3.4   1/2-   1/2  32    0.50    5.17    5.17    0.25    0.17       5.52    5.52    0.00   -3.14      0.673   0.673   0.000
   3  210.4   3/2-   1/2  32   -0.08    5.11    5.11    0.83    0.74       5.98    5.98    0.00   -2.79      0.729   0.729   0.000
   4  362.8   5/2-  -3/2  33   -0.87    5.34    5.34    1.64    1.44       6.27    6.27    0.00   -2.27      0.764   0.764   0.000
   5  542.5   7/2-  -7/2  35   -3.32    2.36    2.36   12.06    3.17       3.67    3.67    0.00   -1.54      0.448   0.448   0.001
  
   6 1061.9   9/2-   9/2  36    2.82    2.76    2.76   18.41    4.06       4.12    4.12   -0.00   -1.29      0.503   0.503  -0.002
   7 1195.2   5/2-   1/2  32   -0.05    5.19    5.19    0.84   -0.12      10.33   10.33    0.00   -2.54      1.260   1.260   0.000
   8 1222.7   7/2-   1/2  32   -0.45    5.14    5.14    1.30    0.81      10.45   10.45    0.00   -1.83      1.274   1.274   0.000
   9 1353.5   1/2-   1/2  31    0.50    9.86    9.86    0.25    0.98       9.51    9.51    0.00   -4.38      1.160   1.160   0.000
  10 1401.7   7/2-  -7/2  29   -3.01    6.21    6.21   11.10    2.93       8.00    8.00   -0.00   -2.97      0.975   0.975  -0.001
  
  11 1468.0   7/2-  -3/2  33   -0.76    5.31    5.31    2.15    1.05      10.10   10.10   -0.00   -1.92      1.232   1.232  -0.000
  12 1616.4   5/2-   1/2  31    0.37   10.62   10.62    0.38    1.86       9.68    9.68    0.00   -3.66      1.181   1.181   0.000
  13 1625.7   9/2-  -7/2  35   -2.20    2.65    2.65   12.28    2.65       7.98    7.98    0.00   -1.10      0.973   0.973   0.003
  14 1767.9   9/2-  -3/2  33   -0.78    5.37    5.37    2.00    1.57      10.92   10.92    0.00   -1.05      1.331   1.331   0.000
  15 1820.9   5/2-   5/2  28    2.47    6.12    6.12    6.21    2.08       7.46    7.46    0.00   -3.19      0.909   0.909   0.000
  
  16 1889.2  11/2-  -3/2  26    0.12   23.62   23.62    2.85    6.05       6.75    6.75    0.00   -3.79      0.823   0.823   0.000
  17 1901.0  11/2- -11/2  27   -5.28    2.75    2.75   29.94    5.03       5.52    5.52    0.00   -1.62      0.673   0.673   0.000
  18 1997.1   7/2-   1/2  31    0.27   15.54   15.54    0.84    2.99      11.96   11.96    0.00   -4.10      1.458   1.458   0.000
  19 2186.2  11/2-   9/2  36    1.88    3.02    3.02   17.84    3.50       8.91    8.91   -0.00   -0.71      1.086   1.086  -0.003
  20 2604.7   9/2-   1/2  31    0.29   11.87   11.87    0.65    2.26      13.32   13.32    0.00   -2.55      1.624   1.624   0.000
  
  21 2614.3   9/2-  -7/2  29   -2.24    5.87    5.87   12.66    2.44      12.41   12.41   -0.00   -2.46      1.513   1.513  -0.000
  22 2937.6  11/2-  -7/2  35   -1.98    2.65    2.65   12.85    2.30      13.20   13.20    0.00   -0.86      1.610   1.610   0.004
  23 3402.9  11/2-   1/2  32    0.09    5.09    5.09    0.72    0.70      19.16   19.16    0.00   -1.09      2.336   2.336   0.000
  24 3449.0  13/2- -11/2  27   -3.10    2.88    2.88   26.10    3.97      12.58   12.58   -0.00   -0.82      1.534   1.534  -0.001
  25 3584.2  13/2-   9/2  36   -0.75    3.10    3.10   20.96    3.42      14.10   14.10   -0.00   -0.62      1.719   1.719  -0.002
  
  26 3698.6  13/2-   5/2  30    0.22   23.02   23.02    5.27    4.83      16.33   16.33    0.00   -3.08      1.991   1.991   0.000
  27 3774.6   1/2-   1/2  25    0.50    7.31    7.31    0.25    0.64       7.26    7.26    0.00   -3.76      0.885   0.885   0.000
  28 3786.7   5/2-   5/2  30    1.15   23.03   23.03    4.77    4.31      17.04   17.04    0.00   -6.52      2.078   2.078   0.000
  29 4011.7  13/2-  -3/2  33   -0.43    5.67    5.67    1.60    1.66      19.27   19.27    0.00   -0.22      2.350   2.350   0.000
  30 4267.3   1/2-   1/2  37    0.50   15.62   15.62    0.25   -0.23      16.32   16.32    0.00   -5.55      1.989   1.989   0.000
  
  31 4490.7  13/2-  -7/2  35   -1.88    2.77    2.77   12.77    2.00      19.55   19.55    0.00   -0.69      2.383   2.383   0.004
  32 8260.1   1/2-   1/2  24    0.50   23.22   23.22    0.25   -3.54      26.79   26.79    0.00   -6.80      3.266   3.266   0.000
