1SPECTRUM OF (Z= 82 A=207) IN PARTICLE-ROTOR  MODEL WITH MODIFIED OSCILLATOR POTENTIAL


 PARITY=-   EPS= 0.491   GAMMA=  0.0   EPS4=0.000   EPS6=0.000   LEVELS:  24  25  26  27  28  29  30  31  32  33  34  35  36  37  38

 PAIRING FACTORS: GN0= 19.20  GN1=  7.40  IPAIR= 15 ***  E2PLUS(INPUT)=   0.730  E2PLUR(INPUT)=   0.000

 CORIOLIS ATTENUATION PARAMETERS:  CHSI=1.000  ETA=  1.00

 MOMENT OF INERTIA PARAMETERS:   A1=  0.122 MEV   A2=  0.122 MEV   A3=121.91923 MEV


 DELTA=0.850 MEV  LAMBDA=53.4267 MEV   HW0= 7.6451 MEV   LAMBDA/HW0= 6.9883

 E2ENERGY=0.730 MEV  HBAR**2/B=44701./A**(7/3)=7556.6/A**2 MEV

 IREC=0  =>  RECOIL TERMS j+j-, j+j+, jzjz, ETC TREATED AS ONE-BODY OPERATORS WITH UU+VV PAIRING FACTORS



 S. P. LEVEL   EQP       U     V        (UU + VV)**1.00

     24       4.801    0.089 0.996      1.000 1.000 1.000 0.991 0.986 0.976 0.960 0.960 0.580 0.513 0.345 0.310 0.256 0.250 0.221
     25       4.063    0.105 0.994      1.000 1.000 1.000 0.993 0.989 0.979 0.965 0.964 0.593 0.527 0.360 0.326 0.272 0.266 0.237
     26       3.577    0.120 0.993      1.000 1.000 1.000 0.994 0.991 0.982 0.968 0.968 0.605 0.539 0.374 0.340 0.286 0.280 0.251
     27       1.946    0.224 0.975      0.991 0.993 0.994 1.000 1.000 0.996 0.989 0.989 0.685 0.625 0.470 0.437 0.386 0.380 0.352
     28       1.742    0.252 0.968      0.986 0.989 0.991 1.000 1.000 0.998 0.993 0.993 0.706 0.647 0.495 0.463 0.412 0.406 0.379
     29       1.463    0.305 0.952      0.976 0.979 0.982 0.996 0.998 1.000 0.998 0.998 0.744 0.688 0.542 0.511 0.462 0.456 0.429
     30       1.256    0.363 0.932      0.960 0.965 0.968 0.989 0.993 0.998 1.000 1.000 0.784 0.732 0.593 0.563 0.516 0.510 0.484
     31       1.252    0.364 0.931      0.960 0.964 0.968 0.989 0.993 0.998 1.000 1.000 0.785 0.733 0.594 0.564 0.517 0.511 0.485
     32       0.975    0.863 0.505      0.580 0.593 0.605 0.685 0.706 0.744 0.784 0.785 1.000 0.997 0.965 0.955 0.936 0.934 0.923
     33       1.086    0.901 0.434      0.513 0.527 0.539 0.625 0.647 0.688 0.732 0.733 0.997 1.000 0.983 0.975 0.961 0.959 0.951
     34       1.693    0.966 0.260      0.345 0.360 0.374 0.470 0.495 0.542 0.593 0.594 0.965 0.983 1.000 0.999 0.996 0.995 0.992
     35       1.941    0.974 0.225      0.310 0.326 0.340 0.437 0.463 0.511 0.563 0.564 0.955 0.975 0.999 1.000 0.998 0.998 0.996
     36       2.544    0.986 0.169      0.256 0.272 0.286 0.386 0.412 0.462 0.516 0.517 0.936 0.961 0.996 0.998 1.000 1.000 0.999
     37       2.647    0.987 0.163      0.250 0.266 0.280 0.380 0.406 0.456 0.510 0.511 0.934 0.959 0.995 0.998 1.000 1.000 1.000
     38       3.218    0.991 0.133      0.221 0.237 0.251 0.352 0.379 0.429 0.484 0.485 0.923 0.951 0.992 0.996 0.999 1.000 1.000

  R CORE   ENERGY   A0R/A00=1.000    R3= 0     2  
   2( 1)    0.732                    1.000 0.000
   2( 2)  487.921                    0.000 1.000

  R CORE   ENERGY   A0R/A00=1.000    R3= 0     2  
   3( 1)  488.652                    0.000 1.000

  R CORE   ENERGY   A0R/A00=1.000    R3= 0     2     4  
   4( 1)    2.438                    1.000 0.000 0.000

  R CORE   ENERGY   A0R/A00=1.000    R3= 0     2     4  
   5( 1)  490.847                    0.000 1.000 0.000

  R CORE   ENERGY   A0R/A00=1.000    R3= 0     2     4     6  
   6( 1)    5.121                    1.000 0.000 0.000 0.000

  R CORE   ENERGY   A0R/A00=1.000    R3= 0     2     4     6  
   7( 1)  494.017                    0.000 1.000 0.000 0.000

          AXIAL SYMMETRY => K RESTRICTED TO OMEGA

                     K
     S.P. ORB#: 24  2.50
     S.P. ORB#: 25  0.50
     S.P. ORB#: 26 -1.50
     S.P. ORB#: 27 -5.50
     S.P. ORB#: 28  2.50
     S.P. ORB#: 29  2.50
     S.P. ORB#: 30 -3.50
     S.P. ORB#: 31  0.50
     S.P. ORB#: 32  0.50
     S.P. ORB#: 33 -1.50
     S.P. ORB#: 34 -3.50
     S.P. ORB#: 35  0.50
     S.P. ORB#: 36 -1.50
     S.P. ORB#: 37 -3.50
     S.P. ORB#: 38  4.50
 

             ENERGY    K= OMEGA
 
 I=  1/2- (1)  2.365  32: 0.999
 
 I=  1/2- (2)  4.463  31: 0.912
                      35:-0.409
 
 I=  1/2- (3)  5.876  25: 0.999
 
 I=  1/2- (4)  6.264  31:-0.409
                      35:-0.912
 
 I=  1/2- (5)147.389  33: 1.000

             ENERGY    K= OMEGA
 
 I=  3/2- (1)  2.414  32: 0.710
                      33:-0.704
 
 I=  3/2- (2)  2.642  25:-0.137
                      32:-0.695
                      33:-0.706

             ENERGY    K= OMEGA
 
 I=  5/2- (1)  2.865  25: 0.189
                      28:-0.111
                      32:-0.517
                      33:-0.826
 
 I=  5/2- (2)  3.516  24:-0.051
                      25:-0.053
                      28:-0.785
                      32: 0.561
                      33:-0.254
 
 I=  5/2- (3)  3.620  28:-0.608
                      32:-0.630
                      33: 0.482
 
 I=  5/2- (4)  4.818  26: 0.126
                      29:-0.109
                      31:-0.818
                      35: 0.493
                      36: 0.246
 
 I=  5/2- (5)  6.420  26: 0.473
                      29:-0.837
                      35:-0.272

             ENERGY    K= OMEGA
 
 I=  7/2- (1)  2.933  24:-0.223
                      28: 0.088
                      30: 0.966
                      33: 0.077
                      37: 0.056
 
 I=  7/2- (2)  3.470  28: 0.388
                      32: 0.128
                      33:-0.192
                      37:-0.891
 
 I=  7/2- (3)  3.620  30:-0.056
                      32:-0.760
                      33: 0.598
                      37:-0.243
 
 I=  7/2- (4)  3.998  24: 0.060
                      25:-0.246
                      28: 0.147
                      32:-0.607
                      33:-0.725
                      37: 0.139
 
 I=  7/2- (5)  4.592  24:-0.056
                      28:-0.904
                      30: 0.106
                      33:-0.199
                      37:-0.353

             ENERGY    K= OMEGA
 
 I=  9/2- (1)  3.418  24:-0.256
                      28: 0.116
                      30:-0.819
                      33:-0.079
                      37: 0.078
                      38: 0.487
 
 I=  9/2- (2)  4.289  24:-0.132
                      25: 0.186
                      28:-0.307
                      30:-0.194
                      32:-0.318
                      33:-0.512
                      37:-0.583
                      38:-0.336
 
 I=  9/2- (3)  4.474  25: 0.238
                      28: 0.119
                      30: 0.263
                      32:-0.446
                      33:-0.572
                      37: 0.528
                      38: 0.230
 
 I=  9/2- (4)  4.670  24: 0.116
                      28:-0.364
                      30: 0.327
                      37:-0.401
                      38: 0.765
 
 I=  9/2- (5)  5.543  26:-0.420
                      29: 0.566
                      31: 0.538
                      34:-0.313
                      35:-0.260
                      36:-0.222

             ENERGY    K= OMEGA
 
 I= 11/2- (1)  3.285  27:-0.999
 
 I= 11/2- (2)  4.280  24:-0.303
                      28: 0.128
                      30: 0.807
                      33: 0.081
                      37:-0.098
                      38: 0.473
 
 I= 11/2- (3)  5.525  24: 0.158
                      28: 0.404
                      30:-0.226
                      32: 0.185
                      33:-0.326
                      37:-0.733
                      38: 0.288
 
 I= 11/2- (4)  5.622  26: 0.459
                      29: 0.550
                      31: 0.559
                      34: 0.282
                      35: 0.221
                      36: 0.215
 
 I= 11/2- (5)  5.826  25: 0.093
                      28:-0.077
                      30: 0.127
                      32: 0.810
                      33:-0.463
                      37: 0.312

             ENERGY    K= OMEGA
 
 I= 13/2- (1)  4.866  27:-0.997
                      30:-0.050
                      38: 0.060
 
 I= 13/2- (2)  5.400  24:-0.342
                      27: 0.077
                      28: 0.131
                      30:-0.797
                      33:-0.103
                      37: 0.102
                      38: 0.449
 
 I= 13/2- (3)  6.621  26:-0.507
                      29: 0.668
                      31: 0.348
                      34:-0.368
                      35:-0.113
                      36:-0.168
 
 I= 13/2- (4)  6.736  24:-0.115
                      25: 0.328
                      28:-0.282
                      32:-0.455
                      33:-0.653
                      37:-0.357
                      38:-0.193
 
 I= 13/2- (5)  7.116  24: 0.113
                      25: 0.203
                      28: 0.348
                      30: 0.257
                      32:-0.317
                      33:-0.310
                      37: 0.731
                      38: 0.166

             ENERGY     K= 9/2
  32 LEVELS    TIME=  0.0 SEC



 ******************* EXCITATION ENERGIES, DOMINANT CONFIGURATION AND EXPECTATION VALUES (WITH S.P. UU+VV FACTORS) *******************

  NR  Eex(keV)  I   Kdom  NY    <Jz>  <Jx**2> <Jy**2> <Jz**2> <I.j>/|I|  <Rx**2> <Ry**2> <Rz**2> <R.j>/|R|  <HROTx> <HROTy> <HROTz>

   1    0.0   1/2-   1/2  32    0.50    5.27    5.27    0.25    0.11       5.68    5.68    0.00   -3.18      0.692   0.692   0.000
   2   48.8   3/2-   1/2  32   -0.49    5.26    5.26    1.24    1.08       5.67    5.67    0.00   -2.87      0.691   0.691   0.000
   3  276.9   3/2-  -3/2  33   -0.50    5.28    5.28    1.25    0.72       6.37    6.37    0.00   -2.91      0.777   0.777   0.000
   4  500.3   5/2-  -3/2  33   -0.84    5.40    5.40    1.70    1.26       6.91    6.91    0.00   -2.36      0.843   0.843   0.000
   5  568.5   7/2-  -7/2  30   -3.14    6.44    6.44   11.84    3.56       6.12    6.12    0.00   -3.03      0.747   0.747   0.000
  
   6  919.9  11/2- -11/2  27   -5.49    2.75    2.75   30.24    5.06       5.49    5.49    0.00   -1.65      0.669   0.669   0.000
   7 1053.1   9/2-  -7/2  30   -1.11    5.60    5.60   13.60    3.79       5.95    5.95    0.00   -1.73      0.725   0.725   0.000
   8 1105.5   7/2-  -7/2  37   -2.45    3.04    3.04   10.78    3.03       4.29    4.29    0.00   -1.65      0.523   0.523   0.000
   9 1150.9   5/2-   5/2  28    1.61    5.80    5.80    4.09    1.30       8.38    8.38    0.00   -2.89      1.021   1.021   0.000
  10 1254.8   7/2-   1/2  32   -0.46    5.08    5.08    1.72    0.90      10.23   10.23    0.00   -1.83      1.248   1.248   0.000
  
  11 1255.2   5/2-   1/2  32    0.78    5.61    5.61    2.93    0.64       9.57    9.57    0.00   -2.81      1.167   1.167   0.000
  12 1632.7   7/2-  -3/2  33   -0.58    5.31    5.31    1.70    0.73      11.13   11.13    0.00   -2.00      1.357   1.357   0.000
  13 1915.1  11/2-  -7/2  30   -1.05    5.72    5.72   13.34    3.53       9.18    9.18    0.00   -0.86      1.119   1.119   0.000
  14 1924.2   9/2-  -7/2  37   -0.86    4.09    4.09    8.24    2.32       9.05    9.05    0.00   -1.15      1.103   1.103   0.000
  15 2097.8   1/2-   1/2  31    0.50   13.02   13.02    0.25    0.95      12.69   12.69    0.00   -5.05      1.548   1.548   0.000
  
  16 2109.1   9/2-  -3/2  33   -1.30    4.45    4.45    6.23    1.81      10.93   10.93   -0.00   -1.31      1.332   1.332  -0.000
  17 2227.4   7/2-   5/2  28    1.52    5.62    5.62    6.88    1.42      11.30   11.30   -0.00   -2.63      1.377   1.377  -0.000
  18 2305.5   9/2-   9/2  38    2.06    3.49    3.49   16.05    3.21       7.91    7.91    0.00   -1.77      0.964   0.964   0.000
  19 2452.7   5/2-   1/2  31    0.37   13.67   13.67    0.47    1.63      13.45   13.45    0.00   -4.43      1.640   1.640   0.000
  20 2501.2  13/2- -11/2  27   -5.45    2.76    2.76   30.15    4.33      11.96   11.96    0.00   -1.11      1.458   1.458   0.000
  
  21 3035.0  13/2-  -7/2  30   -1.06    5.86    5.86   13.03    3.32      13.56   13.56    0.00   -0.30      1.653   1.653   0.001
  22 3159.7  11/2-  -7/2  37   -1.36    3.53    3.53   10.30    2.23      13.19   13.19    0.00   -0.78      1.609   1.609   0.000
  23 3177.8   9/2-   5/2  29    0.30   19.21   19.21    3.79    3.71      15.01   15.01    0.00   -4.33      1.830   1.830   0.000
  24 3256.7  11/2-   1/2  31    0.27   19.92   19.92    3.53    4.09      15.12   15.12    0.00   -3.44      1.844   1.844   0.000
  25 3461.0  11/2-   1/2  32   -0.36    4.96    4.96    2.09    0.82      18.97   18.97    0.00   -1.15      2.313   2.313   0.000
  
  26 3510.7   1/2-   1/2  25    0.50    7.53    7.53    0.25    0.66       7.46    7.46   -0.00   -3.81      0.909   0.909  -0.000
  27 3899.2   1/2-   1/2  35    0.50   17.03   17.03    0.25   -0.78      18.20   18.20    0.00   -5.80      2.219   2.219   0.000
  28 4055.0   5/2-   5/2  29    1.45   22.13   22.13    4.91    3.62      18.24   18.24    0.00   -6.37      2.224   2.224   0.000
  29 4255.6  13/2-   5/2  29    0.28   21.42   21.42    5.12    4.24      18.75   18.75    0.00   -3.00      2.286   2.286   0.000
  30 4370.8  13/2-  -3/2  33   -0.54    5.15    5.15    3.95    1.59      20.39   20.39    0.00   -0.49      2.486   2.486   0.000
  
  31 4750.6  13/2-  -7/2  37   -1.71    3.76    3.76    9.00    1.81      20.04   20.04    0.00   -0.62      2.443   2.443   0.000
  32*******   1/2-  -3/2  33    0.00    0.00    0.00    0.00    0.00       0.00    0.00    0.00   -0.00      0.000   0.000   0.000
