1SPECTRUM OF (Z= 82 A=207) IN PARTICLE-ROTOR  MODEL WITH MODIFIED OSCILLATOR POTENTIAL


 PARITY=-   EPS= 0.674   GAMMA=  0.0   EPS4=0.000   EPS6=0.000   LEVELS:  24  25  26  27  28  29  30  31  32  33  34  35  36  37  38

 PAIRING FACTORS: GN0= 19.20  GN1=  7.40  IPAIR= 15 ***  E2PLUS(INPUT)=   0.730  E2PLUR(INPUT)=   0.000

 CORIOLIS ATTENUATION PARAMETERS:  CHSI=1.000  ETA=  1.00

 MOMENT OF INERTIA PARAMETERS:   A1=  0.122 MEV   A2=  0.122 MEV   A3=121.91924 MEV


 DELTA=0.834 MEV  LAMBDA=53.8557 MEV   HW0= 7.8988 MEV   LAMBDA/HW0= 6.8182

 E2ENERGY=0.730 MEV  HBAR**2/B=84231./A**(7/3)=******/A**2 MEV

 IREC=0  =>  RECOIL TERMS j+j-, j+j+, jzjz, ETC TREATED AS ONE-BODY OPERATORS WITH UU+VV PAIRING FACTORS



 S. P. LEVEL   EQP       U     V        (UU + VV)**1.00

     24       4.722    0.089 0.996      1.000 1.000 1.000 0.999 0.999 0.953 0.752 0.508 0.458 0.372 0.275 0.241 0.231 0.201 0.172
     25       4.209    0.100 0.995      1.000 1.000 1.000 1.000 0.999 0.956 0.759 0.518 0.468 0.382 0.286 0.251 0.242 0.211 0.182
     26       3.536    0.119 0.993      1.000 1.000 1.000 1.000 1.000 0.961 0.771 0.534 0.485 0.399 0.304 0.270 0.260 0.230 0.201
     27       3.359    0.125 0.992      0.999 1.000 1.000 1.000 1.000 0.963 0.775 0.540 0.490 0.405 0.310 0.276 0.266 0.236 0.208
     28       3.110    0.135 0.991      0.999 0.999 1.000 1.000 1.000 0.966 0.782 0.548 0.499 0.415 0.320 0.286 0.276 0.246 0.218
     29       1.167    0.387 0.922      0.953 0.956 0.961 0.963 0.966 1.000 0.917 0.746 0.706 0.636 0.555 0.524 0.516 0.489 0.463
     30       0.835    0.724 0.690      0.752 0.759 0.771 0.775 0.782 0.917 1.000 0.950 0.931 0.892 0.841 0.821 0.815 0.797 0.779
     31       1.074    0.903 0.430      0.508 0.518 0.534 0.540 0.548 0.746 0.950 1.000 0.998 0.988 0.968 0.958 0.955 0.946 0.936
     32       1.193    0.926 0.377      0.458 0.468 0.485 0.490 0.499 0.706 0.931 0.998 1.000 0.996 0.981 0.973 0.971 0.963 0.954
     33       1.513    0.958 0.288      0.372 0.382 0.399 0.405 0.415 0.636 0.892 0.988 0.996 1.000 0.995 0.991 0.989 0.984 0.978
     34       2.247    0.982 0.189      0.275 0.286 0.304 0.310 0.320 0.555 0.841 0.968 0.981 0.995 1.000 0.999 0.999 0.997 0.994
     35       2.744    0.988 0.154      0.241 0.251 0.270 0.276 0.286 0.524 0.821 0.958 0.973 0.991 0.999 1.000 1.000 0.999 0.998
     36       2.930    0.990 0.144      0.231 0.242 0.260 0.266 0.276 0.516 0.815 0.955 0.971 0.989 0.999 1.000 1.000 1.000 0.998
     37       3.714    0.994 0.113      0.201 0.211 0.230 0.236 0.246 0.489 0.797 0.946 0.963 0.984 0.997 0.999 1.000 1.000 1.000
     38       5.007    0.997 0.084      0.172 0.182 0.201 0.208 0.218 0.463 0.779 0.936 0.954 0.978 0.994 0.998 0.998 1.000 1.000

  R CORE   ENERGY   A0R/A00=1.000    R3= 0     2  
   2( 1)    0.732                    1.000 0.000
   2( 2)  487.921                    0.000 1.000

  R CORE   ENERGY   A0R/A00=1.000    R3= 0     2  
   3( 1)  488.652                    0.000 1.000

  R CORE   ENERGY   A0R/A00=1.000    R3= 0     2     4  
   4( 1)    2.438                    1.000 0.000 0.000

  R CORE   ENERGY   A0R/A00=1.000    R3= 0     2     4  
   5( 1)  490.847                    0.000 1.000 0.000

  R CORE   ENERGY   A0R/A00=1.000    R3= 0     2     4     6  
   6( 1)    5.121                    1.000 0.000 0.000 0.000

  R CORE   ENERGY   A0R/A00=1.000    R3= 0     2     4     6  
   7( 1)  494.017                    0.000 1.000 0.000 0.000

          AXIAL SYMMETRY => K RESTRICTED TO OMEGA

                     K
     S.P. ORB#: 24 -1.50
     S.P. ORB#: 25  2.50
     S.P. ORB#: 26  0.50
     S.P. ORB#: 27  2.50
     S.P. ORB#: 28  4.50
     S.P. ORB#: 29  0.50
     S.P. ORB#: 30 -1.50
     S.P. ORB#: 31  2.50
     S.P. ORB#: 32 -3.50
     S.P. ORB#: 33 -3.50
     S.P. ORB#: 34 -5.50
     S.P. ORB#: 35  0.50
     S.P. ORB#: 36 -1.50
     S.P. ORB#: 37 -1.50
     S.P. ORB#: 38  0.50
 

             ENERGY    K= OMEGA
 
 I=  1/2- (1)  4.255  26:-0.074
                      35:-0.997
 
 I=  1/2- (2)  5.451  29:-0.993
                      38:-0.114
 
 I=  1/2- (3)  5.520  26: 0.997
                      35:-0.074
 
 I=  1/2- (4)  9.117  29:-0.114
                      38: 0.993
 
 I=  1/2- (5)147.138  30:-1.000

             ENERGY    K= OMEGA
 
 I=  3/2- (1)  4.319  35:-0.839
                      36:-0.541
 
 I=  3/2- (2)  4.553  26: 0.153
                      35:-0.530
                      36: 0.834

             ENERGY    K= OMEGA
 
 I=  5/2- (1)  2.871  24: 0.101
                      31: 0.992
                      36: 0.070
 
 I=  5/2- (2)  4.906  25:-0.055
                      26: 0.248
                      31: 0.058
                      35: 0.509
                      36:-0.820
 
 I=  5/2- (3)  5.348  27: 0.096
                      29:-0.266
                      30: 0.924
                      37: 0.100
                      38:-0.236
 
 I=  5/2- (4)  5.475  26:-0.080
                      35:-0.835
                      36:-0.539
 
 I=  5/2- (5)  6.363  27: 0.064
                      29: 0.901
                      30: 0.311
                      37:-0.273
                      38: 0.116

             ENERGY    K= OMEGA
 
 I=  7/2- (1)  3.377  24:-0.079
                      25:-0.095
                      31: 0.498
                      33: 0.857
 
 I=  7/2- (2)  3.731  24:-0.132
                      25: 0.067
                      31: 0.846
                      33:-0.502
                      36:-0.098
 
 I=  7/2- (3)  5.517  24:-0.099
                      25:-0.051
                      26:-0.072
                      35: 0.863
                      36: 0.487
 
 I=  7/2- (4)  6.005  25: 0.083
                      26:-0.283
                      31:-0.106
                      35: 0.452
                      36:-0.834
 
 I=  7/2- (5)  6.041  27:-0.216
                      29:-0.202
                      30: 0.881
                      32:-0.262
                      37:-0.050
                      38: 0.255

             ENERGY    K= OMEGA
 
 I=  9/2- (1)  4.318  24:-0.118
                      25: 0.131
                      28:-0.066
                      31:-0.575
                      33: 0.794
                      36:-0.057
 
 I=  9/2- (2)  4.800  24: 0.158
                      25: 0.110
                      28:-0.080
                      31: 0.780
                      33: 0.575
                      36: 0.129
 
 I=  9/2- (3)  5.526  28: 0.995
                      33: 0.098
 
 I=  9/2- (4)  6.605  24:-0.056
                      25: 0.080
                      26:-0.372
                      31:-0.115
                      35:-0.521
                      36: 0.752
 
 I=  9/2- (5)  6.640  27:-0.246
                      29: 0.303
                      30:-0.807
                      32: 0.282
                      37:-0.098
                      38: 0.328

             ENERGY    K= OMEGA
 
 I= 11/2- (1)  3.534  28:-0.127
                      34:-0.992
 
 I= 11/2- (2)  5.492  24:-0.154
                      25:-0.158
                      28: 0.076
                      31: 0.613
                      33: 0.751
                      36:-0.068
 
 I= 11/2- (3)  6.093  24:-0.180
                      25: 0.146
                      28:-0.108
                      31: 0.733
                      33:-0.610
                      36:-0.150
 
 I= 11/2- (4)  6.929  28:-0.983
                      33: 0.124
                      34: 0.125
 
 I= 11/2- (5)  7.640  27:-0.300
                      29:-0.534
                      30: 0.585
                      32:-0.355
                      37:-0.243
                      38: 0.313

             ENERGY    K= OMEGA
 
 I= 13/2- (1)  5.057  28: 0.183
                      34:-0.983
 
 I= 13/2- (2)  6.899  24: 0.185
                      25:-0.179
                      28: 0.077
                      31: 0.637
                      33:-0.716
                      36: 0.083
 
 I= 13/2- (3)  7.607  24: 0.195
                      25: 0.180
                      26:-0.079
                      28:-0.121
                      31: 0.689
                      33: 0.631
                      36: 0.186
 
 I= 13/2- (4)  8.583  25: 0.053
                      28: 0.972
                      33: 0.132
                      34: 0.179
 
 I= 13/2- (5)  8.738  27:-0.340
                      29: 0.282
                      30:-0.723
                      32: 0.379
                      37:-0.076
                      38: 0.364

             ENERGY     K= 1/2
  32 LEVELS    TIME=  0.0 SEC



 ******************* EXCITATION ENERGIES, DOMINANT CONFIGURATION AND EXPECTATION VALUES (WITH S.P. UU+VV FACTORS) *******************

  NR  Eex(keV)  I   Kdom  NY    <Jz>  <Jx**2> <Jy**2> <Jz**2> <I.j>/|I|  <Rx**2> <Ry**2> <Rz**2> <R.j>/|R|  <HROTx> <HROTy> <HROTz>

   1    0.0   5/2-   5/2  31    2.44    6.39    6.39    6.19    2.26       7.18    7.18    0.00   -3.24      0.875   0.875   0.000
   2  506.2   7/2-  -7/2  33   -1.94    6.52    6.52   10.63    2.97       7.90    7.90    0.00   -2.98      0.964   0.964   0.000
   3  662.7  11/2- -11/2  34   -5.34    2.83    2.83   30.09    5.11       5.22    5.22    0.00   -1.61      0.637   0.637   0.000
   4  860.3   7/2-   5/2  31    0.88    6.44    6.44    7.65    2.04      10.05   10.05    0.00   -2.77      1.225   1.225   0.000
   5 1383.5   1/2-   1/2  35    0.50    5.69    5.69    0.25    0.02       6.18    6.18   -0.00   -3.31      0.753   0.753  -0.000
  
   6 1446.5   9/2-  -7/2  33   -1.34    6.56    6.56   10.02    2.47      11.67   11.67    0.00   -2.25      1.423   1.423   0.000
   7 1448.1   3/2-   1/2  35   -0.09    5.69    5.69    0.84    0.91       6.22    6.22   -0.00   -2.96      0.758   0.758  -0.000
   8 1682.5   3/2-  -3/2  36   -0.89    5.77    5.77    1.64    0.85       6.81    6.81   -0.00   -3.12      0.830   0.830  -0.000
   9 1929.0   9/2-   5/2  31    0.36    6.49    6.49    8.14    1.80      13.96   13.96    0.00   -2.30      1.702   1.702   0.000
  10 2034.6   5/2-  -3/2  36   -0.83    5.86    5.86    1.63    0.98       8.15    8.15   -0.00   -2.59      0.993   0.993  -0.000
  
  11 2185.5  13/2- -11/2  34   -5.17    2.91    2.91   29.91    4.42      11.41   11.41    0.00   -1.03      1.390   1.390   0.000
  12 2476.6   5/2-  -3/2  30   -1.21   16.44   16.44    2.03    1.55      17.24   17.24    0.00   -5.16      2.102   2.102   0.000
  13 2579.7   1/2-   1/2  29    0.50   16.85   16.85    0.25   -0.02      17.36   17.36    0.00   -5.76      2.116   2.116   0.000
  14 2604.4   5/2-   1/2  35   -0.08    5.72    5.72    0.86   -0.14      10.95   10.95   -0.00   -2.72      1.335   1.335  -0.000
  15 2620.9  11/2-  -7/2  33   -0.99    6.61    6.61    9.60    2.17      16.33   16.33    0.00   -1.73      1.991   1.991   0.000
  
  16 2645.7   7/2-   1/2  35    0.01    5.73    5.73    0.77    0.73      11.09   11.09   -0.00   -1.98      1.352   1.352  -0.000
  17 2648.7   1/2-   1/2  26    0.50    8.16    8.16    0.25    0.58       8.15    8.15   -0.00   -3.98      0.994   0.994  -0.000
  18 2654.6   9/2-   9/2  28    4.42    7.60    7.60   20.16    4.04       9.97    9.97    0.00   -3.42      1.216   1.216   0.000
  19 3133.5   7/2-  -3/2  36   -0.86    5.95    5.95    1.76    0.53      12.61   12.61   -0.00   -2.30      1.537   1.537  -0.000
  20 3170.4   7/2-  -3/2  30   -1.24   17.35   17.35    2.91    1.79      19.57   19.57    0.00   -4.88      2.386   2.386   0.000
  
  21 3221.5  11/2-   5/2  31    0.07    6.53    6.53    8.42    1.63      18.86   18.86    0.00   -1.91      2.299   2.299   0.000
  22 3492.0   5/2-   1/2  29    0.17   17.06   17.06    0.62    0.45      20.41   20.41    0.00   -5.23      2.489   2.489   0.000
  23 3734.4   9/2-  -3/2  36   -0.61    6.07    6.07    1.53    0.85      14.99   14.99   -0.00   -1.73      1.828   1.828  -0.000
  24 3768.9   9/2-  -3/2  30   -1.02   17.05   17.05    2.89    1.99      20.99   20.99    0.00   -4.18      2.559   2.559   0.000
  25 4027.9  13/2-  -7/2  33   -0.73    6.65    6.65    9.25    1.97      21.92   21.92    0.00   -1.33      2.672   2.672   0.000
  
  26 4058.4  11/2-   9/2  28    4.21    7.52    7.52   20.24    3.29      15.82   15.82    0.00   -2.77      1.929   1.929   0.000
  27 4735.6  13/2-   5/2  31   -0.17    6.58    6.58    8.54    1.52      24.63   24.63    0.00   -1.58      3.003   3.003   0.000
  28 4768.8  11/2-  -3/2  30   -0.63   18.38   18.38    3.10    2.30      24.03   24.03    0.00   -3.76      2.930   2.930   0.000
  29 5711.7  13/2-   9/2  28    4.03    7.44    7.44   20.35    2.77      22.67   22.67    0.00   -2.36      2.763   2.763   0.000
  30 5867.5  13/2-  -3/2  30   -0.90   17.66   17.66    3.73    2.20      28.56   28.56    0.00   -3.14      3.482   3.482   0.000
  
  31 6245.7   1/2-   1/2  38    0.50   16.81   16.81    0.25    0.28      17.06   17.06   -0.00   -5.75      2.080   2.080  -0.000
  32*******   1/2-  -3/2  30    0.00    0.00    0.00    0.00   -0.00       0.00    0.00    0.00   -0.00      0.000   0.000   0.000
