1SPECTRUM OF (Z= 82 A=207) IN PARTICLE-ROTOR  MODEL WITH MODIFIED OSCILLATOR POTENTIAL


 PARITY=-   EPS= 0.405   GAMMA=  0.0   EPS4=0.000   EPS6=0.000   LEVELS:  24  25  26  27  28  29  30  31  32  33  34  35  36  37  38

 PAIRING FACTORS: GN0= 19.20  GN1=  7.40  IPAIR= 15 ***  E2PLUS(INPUT)=   0.730  E2PLUR(INPUT)=   0.000

 CORIOLIS ATTENUATION PARAMETERS:  CHSI=1.000  ETA=  1.00

 MOMENT OF INERTIA PARAMETERS:   A1=  0.122 MEV   A2=  0.122 MEV   A3=121.91924 MEV


 DELTA=0.843 MEV  LAMBDA=53.4836 MEV   HW0= 7.5642 MEV   LAMBDA/HW0= 7.0706

 E2ENERGY=0.730 MEV  HBAR**2/B=30413./A**(7/3)=5141.3/A**2 MEV

 IREC=0  =>  RECOIL TERMS j+j-, j+j+, jzjz, ETC TREATED AS ONE-BODY OPERATORS WITH UU+VV PAIRING FACTORS



 S. P. LEVEL   EQP       U     V        (UU + VV)**1.00

     24       4.295    0.099 0.995      1.000 1.000 1.000 0.998 0.995 0.994 0.909 0.882 0.864 0.487 0.484 0.362 0.323 0.234 0.220
     25       3.584    0.118 0.993      1.000 1.000 1.000 0.999 0.997 0.996 0.917 0.891 0.874 0.504 0.501 0.381 0.342 0.253 0.240
     26       3.343    0.127 0.992      1.000 1.000 1.000 0.999 0.998 0.997 0.921 0.895 0.878 0.512 0.509 0.389 0.350 0.262 0.248
     27       2.654    0.161 0.987      0.998 0.999 0.999 1.000 0.999 0.999 0.934 0.910 0.894 0.541 0.538 0.420 0.382 0.294 0.281
     28       2.213    0.194 0.981      0.995 0.997 0.998 0.999 1.000 1.000 0.945 0.923 0.909 0.569 0.566 0.450 0.413 0.327 0.313
     29       2.098    0.205 0.979      0.994 0.996 0.997 0.999 1.000 1.000 0.949 0.928 0.914 0.578 0.575 0.461 0.423 0.337 0.324
     30       0.968    0.504 0.864      0.909 0.917 0.921 0.934 0.945 0.949 1.000 0.998 0.995 0.806 0.804 0.717 0.687 0.617 0.606
     31       0.912    0.556 0.831      0.882 0.891 0.895 0.910 0.923 0.928 0.998 1.000 0.999 0.841 0.839 0.758 0.731 0.664 0.654
     32       0.888    0.586 0.811      0.864 0.874 0.878 0.894 0.909 0.914 0.995 0.999 1.000 0.860 0.858 0.782 0.755 0.691 0.681
     33       1.153    0.917 0.398      0.487 0.504 0.512 0.541 0.569 0.578 0.806 0.841 0.860 1.000 1.000 0.991 0.984 0.963 0.959
     34       1.160    0.919 0.395      0.484 0.501 0.509 0.538 0.566 0.575 0.804 0.839 0.858 1.000 1.000 0.991 0.985 0.964 0.960
     35       1.629    0.963 0.269      0.362 0.381 0.389 0.420 0.450 0.461 0.717 0.758 0.782 0.991 0.991 1.000 0.999 0.991 0.989
     36       1.896    0.974 0.228      0.323 0.342 0.350 0.382 0.413 0.423 0.687 0.731 0.755 0.984 0.985 0.999 1.000 0.996 0.994
     37       3.108    0.991 0.137      0.234 0.253 0.262 0.294 0.327 0.337 0.617 0.664 0.691 0.963 0.964 0.991 0.996 1.000 1.000
     38       3.445    0.992 0.123      0.220 0.240 0.248 0.281 0.313 0.324 0.606 0.654 0.681 0.959 0.960 0.989 0.994 1.000 1.000

  R CORE   ENERGY   A0R/A00=1.000    R3= 0     2  
   2( 1)    0.732                    1.000 0.000
   2( 2)  487.921                    0.000 1.000

  R CORE   ENERGY   A0R/A00=1.000    R3= 0     2  
   3( 1)  488.652                    0.000 1.000

  R CORE   ENERGY   A0R/A00=1.000    R3= 0     2     4  
   4( 1)    2.438                    1.000 0.000 0.000

  R CORE   ENERGY   A0R/A00=1.000    R3= 0     2     4  
   5( 1)  490.847                    0.000 1.000 0.000

  R CORE   ENERGY   A0R/A00=1.000    R3= 0     2     4     6  
   6( 1)    5.121                    1.000 0.000 0.000 0.000

  R CORE   ENERGY   A0R/A00=1.000    R3= 0     2     4     6  
   7( 1)  494.017                    0.000 1.000 0.000 0.000

          AXIAL SYMMETRY => K RESTRICTED TO OMEGA

                     K
     S.P. ORB#: 24  0.50
     S.P. ORB#: 25 -5.50
     S.P. ORB#: 26  0.50
     S.P. ORB#: 27  2.50
     S.P. ORB#: 28 -1.50
     S.P. ORB#: 29 -3.50
     S.P. ORB#: 30  0.50
     S.P. ORB#: 31  2.50
     S.P. ORB#: 32 -1.50
     S.P. ORB#: 33  0.50
     S.P. ORB#: 34 -3.50
     S.P. ORB#: 35  4.50
     S.P. ORB#: 36 -3.50
     S.P. ORB#: 37  0.50
     S.P. ORB#: 38 -1.50
 

             ENERGY    K= OMEGA
 
 I=  1/2- (1)  2.281  30: 0.999
 
 I=  1/2- (2)  4.056  26:-0.200
                      33: 0.916
                      37:-0.347
 
 I=  1/2- (3)  5.995  24: 0.999
 
 I=  1/2- (4)  7.087  26: 0.302
                      33:-0.279
                      37:-0.912
 
 I=  1/2- (5)  9.608  26:-0.932
                      33:-0.287
                      37:-0.221

             ENERGY    K= OMEGA
 
 I=  3/2- (1)  2.200  24:-0.052
                      30: 0.358
                      32:-0.932
 
 I=  3/2- (2)  2.438  24:-0.195
                      30:-0.919
                      32:-0.342

             ENERGY    K= OMEGA
 
 I=  5/2- (1)  2.485  24:-0.253
                      30: 0.484
                      32: 0.836
 
 I=  5/2- (2)  3.452  24: 0.067
                      30:-0.854
                      32: 0.513
 
 I=  5/2- (3)  4.104  26:-0.153
                      33: 0.808
                      37:-0.487
                      38: 0.291
 
 I=  5/2- (4)  4.448  27:-0.998
                      32: 0.057
 
 I=  5/2- (5)  5.736  26: 0.215
                      28:-0.605
                      31: 0.765

             ENERGY    K= OMEGA
 
 I=  7/2- (1)  2.059  27: 0.147
                      34:-0.988
 
 I=  7/2- (2)  3.438  24:-0.096
                      27: 0.067
                      30: 0.438
                      32:-0.891
 
 I=  7/2- (3)  3.576  24:-0.328
                      30:-0.862
                      32:-0.385
 
 I=  7/2- (4)  4.009  27: 0.176
                      29: 0.983
 
 I=  7/2- (5)  4.024  26: 0.066
                      28:-0.104
                      31:-0.147
                      33:-0.874
                      36:-0.060
                      37:-0.239
                      38: 0.370

             ENERGY    K= OMEGA
 
 I=  9/2- (1)  2.556  27:-0.088
                      29: 0.172
                      34:-0.374
                      35:-0.907
 
 I=  9/2- (2)  3.153  27: 0.196
                      29: 0.104
                      34: 0.900
                      35:-0.371
 
 I=  9/2- (3)  3.756  24:-0.385
                      30: 0.534
                      32: 0.750
                      34:-0.057
 
 I=  9/2- (4)  4.793  26: 0.059
                      28:-0.376
                      31: 0.526
                      33: 0.534
                      36:-0.298
                      37:-0.354
                      38: 0.282
 
 I=  9/2- (5)  4.938  26:-0.231
                      28: 0.406
                      31:-0.462
                      33: 0.531
                      36: 0.271
                      37:-0.401
                      38: 0.229

             ENERGY    K= OMEGA
 
 I= 11/2- (1)  3.626  26: 0.544
                      28: 0.570
                      31: 0.482
                      33: 0.270
                      36: 0.223
                      37: 0.082
                      38:-0.132
 
 I= 11/2- (2)  3.701  27:-0.134
                      29:-0.232
                      34: 0.449
                      35:-0.851
 
 I= 11/2- (3)  4.470  25: 0.057
                      27:-0.231
                      29: 0.153
                      34: 0.850
                      35: 0.442
 
 I= 11/2- (4)  4.928  25:-0.998
                      35: 0.057
 
 I= 11/2- (5)  5.019  26: 0.293
                      28: 0.150
                      31: 0.078
                      33:-0.802
                      37:-0.282
                      38: 0.400

             ENERGY    K= OMEGA
 
 I= 13/2- (1)  5.082  27:-0.172
                      29: 0.274
                      34:-0.486
                      35:-0.809
 
 I= 13/2- (2)  5.406  26: 0.194
                      28:-0.556
                      31: 0.679
                      33: 0.137
                      36:-0.394
                      37:-0.057
                      38: 0.121
 
 I= 13/2- (3)  5.849  24:-0.446
                      27: 0.112
                      29: 0.055
                      30: 0.514
                      32: 0.672
                      34: 0.197
                      35:-0.173
 
 I= 13/2- (4)  6.034  24: 0.137
                      25: 0.080
                      27: 0.234
                      29: 0.183
                      30:-0.164
                      32:-0.187
                      34: 0.792
                      35:-0.444
 
 I= 13/2- (5)  6.516  25:-0.995
                      35:-0.074

             ENERGY     K=-3/2
  32 LEVELS    TIME=  0.0 SEC



 ******************* EXCITATION ENERGIES, DOMINANT CONFIGURATION AND EXPECTATION VALUES (WITH S.P. UU+VV FACTORS) *******************

  NR  Eex(keV)  I   Kdom  NY    <Jz>  <Jx**2> <Jy**2> <Jz**2> <I.j>/|I|  <Rx**2> <Ry**2> <Rz**2> <R.j>/|R|  <HROTx> <HROTy> <HROTz>

   1    0.0   7/2-  -7/2  34   -3.37    2.31    2.31   12.12    3.20       3.55    3.55    0.00   -1.52      0.433   0.433   0.000
   2  141.4   3/2-  -3/2  32   -1.24    5.03    5.03    1.99    1.34       5.30    5.30    0.00   -2.90      0.646   0.646   0.000
   3  221.8   1/2-   1/2  30    0.50    5.04    5.04    0.25    0.22       5.35    5.35    0.00   -3.10      0.652   0.652   0.000
   4  379.5   3/2-   1/2  30    0.27    4.91    4.91    0.48    0.76       5.55    5.55    0.00   -2.65      0.676   0.676   0.000
   5  425.9   5/2-  -3/2  32   -0.90    5.26    5.26    1.66    1.66       5.56    5.56    0.00   -2.18      0.678   0.678   0.000
  
   6  497.4   9/2-   9/2  35    3.13    2.51    2.51   18.78    4.08       3.98    3.98    0.00   -1.24      0.485   0.485   0.000
   7 1094.6   9/2-  -7/2  34   -2.16    2.38    2.38   13.10    2.75       7.63    7.63    0.00   -1.07      0.930   0.930   0.000
   8 1379.1   7/2-  -3/2  32   -1.08    5.07    5.07    1.88    0.92      10.23   10.23    0.00   -1.85      1.247   1.247   0.000
   9 1393.1   5/2-   1/2  30   -0.02    5.06    5.06    0.79   -0.12      10.19   10.19    0.00   -2.50      1.243   1.243   0.000
  10 1516.9   7/2-   1/2  30    0.20    4.96    4.96    0.56    0.97       9.26    9.26    0.00   -1.54      1.129   1.129   0.000
  
  11 1566.9  11/2-  -3/2  28    0.08   23.63   23.63    2.93    6.20       5.93    5.93    0.00   -3.82      0.723   0.723   0.000
  12 1642.4  11/2-   9/2  35    2.40    2.68    2.68   17.96    3.49       8.69    8.69    0.00   -0.59      1.060   1.060   0.000
  13 1696.8   9/2-  -3/2  32   -0.63    5.50    5.50    1.43    1.81       9.58    9.58    0.00   -0.78      1.168   1.168   0.000
  14 1950.0   7/2-  -7/2  29   -3.31    6.25    6.25   12.04    3.12       7.77    7.77    0.00   -3.09      0.948   0.948   0.000
  15 1965.4   7/2-   1/2  33    0.23   15.13   15.13    0.74    3.38       9.94    9.94   -0.00   -3.94      1.212   1.212  -0.000
  
  16 1997.5   1/2-   1/2  33    0.50   11.00   11.00    0.25    1.06      10.58   10.58   -0.00   -4.64      1.290   1.290  -0.000
  17 2045.5   5/2-   1/2  33    0.33   11.50   11.50    0.42    2.33       9.19    9.19    0.00   -3.86      1.120   1.120   0.000
  18 2389.6   5/2-   5/2  27    2.49    6.08    6.08    6.23    2.09       7.38    7.38    0.00   -3.18      0.900   0.900   0.000
  19 2411.3  11/2-  -7/2  34   -1.62    2.46    2.46   13.53    2.40      12.75   12.75    0.00   -0.81      1.555   1.555   0.000
  20 2734.4   9/2-   1/2  33    0.26   18.94   18.94    3.42    4.12      12.54   12.54    0.00   -4.16      1.528   1.528   0.000
  
  21 2869.4  11/2- -11/2  25   -5.46    2.75    2.75   30.19    5.05       5.55    5.55    0.00   -1.66      0.677   0.677   0.000
  22 2879.7   9/2-   1/2  33    0.20   16.55   16.55    2.85    3.58      12.53   12.53    0.00   -3.62      1.528   1.528   0.000
  23 2960.7  11/2-   1/2  33    0.14   13.62   13.62    0.68    3.18      12.84   12.84    0.00   -1.76      1.566   1.566   0.000
  24 3022.9  13/2-   9/2  35    1.92    2.83    2.83   17.33    3.09      14.33   14.33    0.00   -0.27      1.747   1.747   0.000
  25 3346.8  13/2-   5/2  31    0.15   23.63   23.63    5.52    5.04      15.57   15.57    0.00   -3.15      1.899   1.899   0.000
  
  26 3677.3   5/2-   5/2  31    0.94   23.59   23.59    4.49    4.34      17.36   17.36    0.00   -6.59      2.117   2.117   0.000
  27 3790.0  13/2-  -3/2  32   -0.43    5.45    5.45    2.35    1.97      17.23   17.23    0.00    0.09      2.101   2.101   0.000
  28 3936.3   1/2-   1/2  24    0.50    7.06    7.06    0.25    0.64       7.00    7.00    0.00   -3.69      0.854   0.854   0.000
  29 3975.2  13/2-  -7/2  34   -1.36    2.77    2.77   12.72    2.09      18.90   18.90    0.00   -0.59      2.304   2.304   0.000
  30 4457.5  13/2- -11/2  25   -5.44    2.75    2.75   30.12    4.31      12.10   12.10    0.00   -1.13      1.476   1.476   0.000
  
  31 5028.2   1/2-   1/2  37    0.50   15.86   15.86    0.25   -0.57      16.85   16.85    0.00   -5.59      2.055   2.055   0.000
  32 7549.7   1/2-   1/2  26    0.50   22.99   22.99    0.25   -3.45      26.48   26.48    0.00   -6.76      3.229   3.229   0.000
