1SPECTRUM OF (Z= 82 A=207) IN PARTICLE-ROTOR  MODEL WITH MODIFIED OSCILLATOR POTENTIAL


 PARITY=-   EPS= 0.476   GAMMA=  0.0   EPS4=0.000   EPS6=0.000   LEVELS:  24  25  26  27  28  29  30  31  32  33  34  35  36  37  38

 PAIRING FACTORS: GN0= 19.20  GN1=  7.40  IPAIR= 15 ***  E2PLUS(INPUT)=   0.730  E2PLUR(INPUT)=   0.000

 CORIOLIS ATTENUATION PARAMETERS:  CHSI=1.000  ETA=  1.00

 MOMENT OF INERTIA PARAMETERS:   A1=  0.122 MEV   A2=  0.122 MEV   A3=121.91923 MEV


 DELTA=0.848 MEV  LAMBDA=53.4515 MEV   HW0= 7.6295 MEV   LAMBDA/HW0= 7.0059

 E2ENERGY=0.730 MEV  HBAR**2/B=42011./A**(7/3)=7102.0/A**2 MEV

 IREC=0  =>  RECOIL TERMS j+j-, j+j+, jzjz, ETC TREATED AS ONE-BODY OPERATORS WITH UU+VV PAIRING FACTORS



 S. P. LEVEL   EQP       U     V        (UU + VV)**1.00

     24       4.876    0.087 0.996      1.000 1.000 0.999 0.994 0.990 0.972 0.969 0.931 0.653 0.576 0.340 0.290 0.269 0.245 0.233
     25       4.129    0.103 0.995      1.000 1.000 1.000 0.996 0.992 0.976 0.973 0.936 0.665 0.589 0.355 0.305 0.285 0.261 0.249
     26       3.350    0.128 0.992      0.999 1.000 1.000 0.998 0.995 0.981 0.978 0.945 0.683 0.609 0.378 0.328 0.308 0.285 0.272
     27       2.246    0.192 0.981      0.994 0.996 0.998 1.000 0.999 0.992 0.990 0.964 0.729 0.660 0.438 0.390 0.370 0.347 0.335
     28       1.919    0.227 0.974      0.990 0.992 0.995 0.999 1.000 0.996 0.994 0.973 0.753 0.686 0.469 0.422 0.402 0.380 0.368
     29       1.408    0.317 0.948      0.972 0.976 0.981 0.992 0.996 1.000 1.000 0.990 0.812 0.751 0.550 0.505 0.487 0.465 0.454
     30       1.360    0.330 0.944      0.969 0.973 0.978 0.990 0.994 1.000 1.000 0.992 0.819 0.760 0.561 0.517 0.498 0.477 0.466
     31       1.062    0.446 0.895      0.931 0.936 0.945 0.964 0.973 0.990 0.992 1.000 0.885 0.835 0.661 0.620 0.603 0.583 0.573
     32       0.894    0.812 0.584      0.653 0.665 0.683 0.729 0.753 0.812 0.819 0.885 1.000 0.995 0.934 0.914 0.905 0.895 0.889
     33       0.975    0.864 0.503      0.576 0.589 0.609 0.660 0.686 0.751 0.760 0.835 0.995 1.000 0.965 0.949 0.942 0.934 0.929
     34       1.707    0.966 0.257      0.340 0.355 0.378 0.438 0.469 0.550 0.561 0.661 0.934 0.965 1.000 0.999 0.997 0.995 0.994
     35       2.110    0.979 0.205      0.290 0.305 0.328 0.390 0.422 0.505 0.517 0.620 0.914 0.949 0.999 1.000 1.000 0.999 0.998
     36       2.340    0.983 0.184      0.269 0.285 0.308 0.370 0.402 0.487 0.498 0.603 0.905 0.942 0.997 1.000 1.000 1.000 0.999
     37       2.683    0.987 0.160      0.245 0.261 0.285 0.347 0.380 0.465 0.477 0.583 0.895 0.934 0.995 0.999 1.000 1.000 1.000
     38       2.904    0.989 0.148      0.233 0.249 0.272 0.335 0.368 0.454 0.466 0.573 0.889 0.929 0.994 0.998 0.999 1.000 1.000

  R CORE   ENERGY   A0R/A00=1.000    R3= 0     2  
   2( 1)    0.732                    1.000 0.000
   2( 2)  487.921                    0.000 1.000

  R CORE   ENERGY   A0R/A00=1.000    R3= 0     2  
   3( 1)  488.652                    0.000 1.000

  R CORE   ENERGY   A0R/A00=1.000    R3= 0     2     4  
   4( 1)    2.438                    1.000 0.000 0.000

  R CORE   ENERGY   A0R/A00=1.000    R3= 0     2     4  
   5( 1)  490.847                    0.000 1.000 0.000

  R CORE   ENERGY   A0R/A00=1.000    R3= 0     2     4     6  
   6( 1)    5.121                    1.000 0.000 0.000 0.000

  R CORE   ENERGY   A0R/A00=1.000    R3= 0     2     4     6  
   7( 1)  494.017                    0.000 1.000 0.000 0.000

          AXIAL SYMMETRY => K RESTRICTED TO OMEGA

                     K
     S.P. ORB#: 24  2.50
     S.P. ORB#: 25  0.50
     S.P. ORB#: 26 -1.50
     S.P. ORB#: 27 -5.50
     S.P. ORB#: 28  2.50
     S.P. ORB#: 29 -3.50
     S.P. ORB#: 30  2.50
     S.P. ORB#: 31  0.50
     S.P. ORB#: 32  0.50
     S.P. ORB#: 33 -1.50
     S.P. ORB#: 34 -3.50
     S.P. ORB#: 35  0.50
     S.P. ORB#: 36 -3.50
     S.P. ORB#: 37 -1.50
     S.P. ORB#: 38  4.50
 

             ENERGY    K= OMEGA
 
 I=  1/2- (1)  2.271  32: 0.999
 
 I=  1/2- (2)  4.282  31: 0.926
                      35:-0.378
 
 I=  1/2- (3)  5.925  25: 0.999
 
 I=  1/2- (4)  6.390  31:-0.378
                      35:-0.926
 
 I=  1/2- (5)147.278  33:-1.000

             ENERGY    K= OMEGA
 
 I=  3/2- (1)  2.306  32: 0.666
                      33:-0.746
 
 I=  3/2- (2)  2.524  25:-0.149
                      32:-0.737
                      33:-0.660

             ENERGY    K= OMEGA
 
 I=  5/2- (1)  2.723  24:-0.051
                      25: 0.201
                      28:-0.079
                      32:-0.513
                      33:-0.829
 
 I=  5/2- (2)  3.467  25: 0.060
                      28: 0.198
                      32:-0.834
                      33: 0.509
 
 I=  5/2- (3)  3.735  28:-0.976
                      32:-0.128
                      33: 0.173
 
 I=  5/2- (4)  4.607  26:-0.122
                      30: 0.102
                      31: 0.827
                      35:-0.479
                      37:-0.247
 
 I=  5/2- (5)  6.342  26: 0.482
                      30:-0.843
                      35:-0.233

             ENERGY    K= OMEGA
 
 I=  7/2- (1)  3.061  24:-0.229
                      29: 0.938
                      33: 0.138
                      36: 0.210
 
 I=  7/2- (2)  3.224  28: 0.283
                      29: 0.198
                      33:-0.052
                      36:-0.936
 
 I=  7/2- (3)  3.509  28: 0.072
                      29: 0.111
                      32: 0.752
                      33:-0.637
                      36: 0.097
 
 I=  7/2- (4)  3.843  24: 0.054
                      25:-0.264
                      28: 0.123
                      29: 0.070
                      32:-0.626
                      33:-0.714
                      36: 0.076
 
 I=  7/2- (5)  4.681  26: 0.284
                      30: 0.291
                      31: 0.824
                      34: 0.118
                      35: 0.252
                      37: 0.279

             ENERGY    K= OMEGA
 
 I=  9/2- (1)  3.427  24: 0.224
                      28:-0.110
                      29: 0.709
                      33: 0.092
                      36:-0.141
                      38:-0.636
 
 I=  9/2- (2)  4.078  24: 0.162
                      25:-0.185
                      28: 0.226
                      29: 0.294
                      32: 0.300
                      33: 0.487
                      36: 0.619
                      38: 0.301
 
 I=  9/2- (3)  4.275  25: 0.253
                      28: 0.095
                      29: 0.258
                      32:-0.449
                      33:-0.581
                      36: 0.565
 
 I=  9/2- (4)  4.470  24:-0.159
                      28: 0.292
                      29:-0.475
                      32: 0.081
                      33: 0.078
                      36: 0.390
                      38:-0.705
 
 I=  9/2- (5)  5.353  26: 0.397
                      30:-0.522
                      31:-0.584
                      34: 0.280
                      35: 0.303
                      37: 0.243

             ENERGY    K= OMEGA
 
 I= 11/2- (1)  3.585  27:-0.999
 
 I= 11/2- (2)  4.312  24:-0.284
                      28: 0.126
                      29: 0.746
                      33: 0.094
                      36:-0.143
                      38: 0.562
 
 I= 11/2- (3)  5.324  24:-0.185
                      28:-0.307
                      29: 0.306
                      32:-0.123
                      33: 0.296
                      36: 0.768
                      38:-0.289
 
 I= 11/2- (4)  5.388  26:-0.439
                      30:-0.515
                      31:-0.606
                      34:-0.259
                      35:-0.226
                      37:-0.241
 
 I= 11/2- (5)  5.703  25: 0.097
                      28:-0.053
                      29: 0.083
                      32: 0.807
                      33:-0.482
                      36: 0.297
                      38: 0.090

             ENERGY    K= OMEGA
 
 I= 13/2- (1)  5.163  27:-0.988
                      29:-0.103
                      38: 0.106
 
 I= 13/2- (2)  5.446  24:-0.330
                      27: 0.153
                      28: 0.127
                      29:-0.751
                      33:-0.133
                      36: 0.132
                      38: 0.498
 
 I= 13/2- (3)  6.444  26:-0.500
                      30: 0.656
                      31: 0.370
                      34:-0.361
                      35:-0.141
                      37:-0.183
 
 I= 13/2- (4)  6.492  24:-0.115
                      25: 0.349
                      28:-0.221
                      32:-0.467
                      33:-0.658
                      36:-0.336
                      38:-0.227
 
 I= 13/2- (5)  6.910  24: 0.139
                      25: 0.191
                      28: 0.274
                      29: 0.313
                      32:-0.291
                      33:-0.271
                      36: 0.764
                      38: 0.170

             ENERGY     K= 9/2
  32 LEVELS    TIME=  0.0 SEC



 ******************* EXCITATION ENERGIES, DOMINANT CONFIGURATION AND EXPECTATION VALUES (WITH S.P. UU+VV FACTORS) *******************

  NR  Eex(keV)  I   Kdom  NY    <Jz>  <Jx**2> <Jy**2> <Jz**2> <I.j>/|I|  <Rx**2> <Ry**2> <Rz**2> <R.j>/|R|  <HROTx> <HROTy> <HROTz>

   1    0.0   1/2-   1/2  32    0.50    5.24    5.24    0.25    0.13       5.62    5.62   -0.00   -3.16      0.685   0.685  -0.000
   2   34.8   3/2-  -3/2  33   -0.61    5.22    5.22    1.36    1.12       5.60    5.60    0.00   -2.88      0.683   0.683   0.000
   3  253.4   3/2-   1/2  32   -0.37    5.22    5.22    1.12    0.73       6.25    6.25    0.00   -2.87      0.762   0.762   0.000
   4  451.9   5/2-  -3/2  33   -0.86    5.38    5.38    1.68    1.33       6.67    6.67    0.00   -2.33      0.813   0.813   0.000
   5  790.2   7/2-  -7/2  29   -3.13    6.15    6.15   11.71    3.52       5.89    5.89    0.00   -2.92      0.719   0.719   0.000
  
   6  953.1   7/2-  -7/2  36   -3.01    2.88    2.88   11.73    3.20       3.92    3.92   -0.00   -1.71      0.478   0.478  -0.000
   7 1155.7   9/2-  -7/2  29    0.13    4.84    4.84   15.01    3.97       4.99    4.99    0.00   -1.57      0.608   0.608   0.000
   8 1196.6   5/2-   1/2  32    0.06    5.28    5.28    1.02   -0.02      10.22   10.22    0.00   -2.57      1.247   1.247   0.000
   9 1238.0   7/2-   1/2  32   -0.39    5.20    5.20    1.36    0.83      10.45   10.45    0.00   -1.85      1.274   1.274   0.000
  10 1314.2  11/2- -11/2  27   -5.48    2.75    2.75   30.22    5.06       5.49    5.49    0.00   -1.65      0.669   0.669   0.000
  
  11 1463.9   5/2-   5/2  28    2.35    6.07    6.07    6.03    1.98       7.62    7.62   -0.00   -3.16      0.929   0.929  -0.000
  12 1572.2   7/2-  -3/2  33   -0.53    5.31    5.31    1.51    0.78      10.84   10.84    0.00   -1.94      1.322   1.322   0.000
  13 1806.8   9/2-  -7/2  36   -1.34    4.01    4.01    8.65    2.42       8.68    8.68   -0.00   -1.11      1.058   1.058  -0.000
  14 2003.7   9/2-  -3/2  33   -1.69    4.47    4.47    5.64    1.78      10.80   10.80    0.00   -1.23      1.317   1.317   0.000
  15 2010.8   1/2-   1/2  31    0.50   12.88   12.88    0.25    0.91      12.59   12.59    0.00   -5.03      1.535   1.535   0.000
  
  16 2041.5  11/2-  -7/2  29   -0.38    5.28    5.28   14.13    3.60       8.72    8.72    0.00   -0.76      1.063   1.063   0.000
  17 2199.5   9/2-   9/2  38    1.19    3.94    3.94   15.41    3.14       8.39    8.39    0.00   -1.87      1.023   1.023   0.000
  18 2336.0   5/2-   1/2  31    0.37   13.47   13.47    0.46    1.72      12.99   12.99    0.00   -4.38      1.584   1.584   0.000
  19 2409.7   7/2-   1/2  31    0.30   16.65   16.65    1.24    3.02      13.15   13.15    0.00   -4.40      1.603   1.603   0.000
  20 2892.5  13/2- -11/2  27   -5.35    2.80    2.80   29.88    4.32      11.95   11.95    0.00   -1.09      1.457   1.457   0.000
  
  21 3052.8  11/2-  -7/2  36   -1.82    3.34    3.34   11.07    2.34      12.78   12.78    0.00   -0.75      1.558   1.558   0.000
  22 3082.5   9/2-   1/2  31    0.30   18.47   18.47    3.26    3.55      14.80   14.80    0.00   -4.14      1.804   1.804   0.000
  23 3117.5  11/2-   1/2  31    0.26   19.54   19.54    3.14    4.04      14.83   14.83    0.00   -3.32      1.808   1.808   0.000
  24 3175.3  13/2-  -7/2  29   -0.76    5.55    5.55   13.68    3.36      13.32   13.32    0.00   -0.26      1.624   1.624   0.000
  25 3432.5  11/2-   1/2  32   -0.31    4.92    4.92    2.04    0.82      18.90   18.90    0.00   -1.13      2.304   2.304   0.000
  
  26 3654.1   1/2-   1/2  25    0.50    7.45    7.45    0.25    0.65       7.39    7.39    0.00   -3.80      0.901   0.901   0.000
  27 4070.9   5/2-   5/2  30    1.45   22.39   22.39    4.98    3.68      18.36   18.36    0.00   -6.41      2.239   2.239   0.000
  28 4119.3   1/2-   1/2  35    0.50   17.04   17.04    0.25   -0.72      18.17   18.17    0.00   -5.80      2.215   2.215   0.000
  29 4173.5  13/2-   5/2  30    0.27   21.31   21.31    4.95    4.24      18.55   18.55    0.00   -2.95      2.262   2.262   0.000
  30 4220.9  13/2-  -3/2  33   -0.49    5.15    5.15    3.89    1.69      19.68   19.68    0.00   -0.38      2.400   2.400   0.000
  
  31 4639.1  13/2-  -7/2  36   -2.07    3.57    3.57    9.73    1.89      19.62   19.62   -0.00   -0.59      2.393   2.393  -0.000
  32*******   1/2-  -3/2  33    0.00    0.00    0.00    0.00   -0.00       0.00    0.00    0.00   -0.00      0.000   0.000   0.000
