1SPECTRUM OF (Z= 82 A=207) IN PARTICLE-ROTOR  MODEL WITH MODIFIED OSCILLATOR POTENTIAL


 PARITY=-   EPS= 0.469   GAMMA=  0.0   EPS4=0.000   EPS6=0.000   LEVELS:  24  25  26  27  28  29  30  31  32  33  34  35  36  37  38

 PAIRING FACTORS: GN0= 19.20  GN1=  7.40  IPAIR= 15 ***  E2PLUS(INPUT)=   0.730  E2PLUR(INPUT)=   0.000

 CORIOLIS ATTENUATION PARAMETERS:  CHSI=1.000  ETA=  1.00

 MOMENT OF INERTIA PARAMETERS:   A1=  0.122 MEV   A2=  0.122 MEV   A3=121.91922 MEV


 DELTA=0.848 MEV  LAMBDA=53.4580 MEV   HW0= 7.6224 MEV   LAMBDA/HW0= 7.0133

 E2ENERGY=0.730 MEV  HBAR**2/B=40785./A**(7/3)=6894.6/A**2 MEV

 IREC=0  =>  RECOIL TERMS j+j-, j+j+, jzjz, ETC TREATED AS ONE-BODY OPERATORS WITH UU+VV PAIRING FACTORS



 S. P. LEVEL   EQP       U     V        (UU + VV)**1.00

     24       4.793    0.089 0.996      1.000 1.000 0.999 0.996 0.992 0.977 0.966 0.910 0.688 0.609 0.340 0.283 0.282 0.243 0.242
     25       4.154    0.103 0.995      1.000 1.000 1.000 0.997 0.993 0.980 0.969 0.915 0.698 0.620 0.353 0.296 0.296 0.256 0.256
     26       3.239    0.132 0.991      0.999 1.000 1.000 0.999 0.996 0.985 0.976 0.927 0.719 0.643 0.380 0.324 0.324 0.285 0.284
     27       2.383    0.181 0.984      0.996 0.997 0.999 1.000 0.999 0.992 0.986 0.944 0.752 0.680 0.425 0.371 0.370 0.332 0.331
     28       1.997    0.217 0.976      0.992 0.993 0.996 0.999 1.000 0.996 0.991 0.956 0.776 0.707 0.459 0.405 0.405 0.367 0.366
     29       1.479    0.301 0.954      0.977 0.980 0.985 0.992 0.996 1.000 0.999 0.978 0.828 0.765 0.534 0.482 0.482 0.445 0.445
     30       1.310    0.345 0.939      0.966 0.969 0.976 0.986 0.991 0.999 1.000 0.986 0.853 0.794 0.573 0.523 0.522 0.487 0.486
     31       0.986    0.495 0.869      0.910 0.915 0.927 0.944 0.956 0.978 0.986 1.000 0.927 0.883 0.700 0.656 0.655 0.624 0.624
     32       0.871    0.784 0.621      0.688 0.698 0.719 0.752 0.776 0.828 0.853 0.927 1.000 0.995 0.916 0.891 0.891 0.871 0.871
     33       0.937    0.844 0.536      0.609 0.620 0.643 0.680 0.707 0.765 0.794 0.883 0.995 1.000 0.953 0.933 0.933 0.917 0.917
     34       1.720    0.967 0.255      0.340 0.353 0.380 0.425 0.459 0.534 0.573 0.700 0.916 0.953 1.000 0.998 0.998 0.995 0.995
     35       2.197    0.980 0.197      0.283 0.296 0.324 0.371 0.405 0.482 0.523 0.656 0.891 0.933 0.998 1.000 1.000 0.999 0.999
     36       2.205    0.981 0.196      0.282 0.296 0.324 0.370 0.405 0.482 0.522 0.655 0.891 0.933 0.998 1.000 1.000 0.999 0.999
     37       2.754    0.988 0.156      0.243 0.256 0.285 0.332 0.367 0.445 0.487 0.624 0.871 0.917 0.995 0.999 0.999 1.000 1.000
     38       2.765    0.988 0.155      0.242 0.256 0.284 0.331 0.366 0.445 0.486 0.624 0.871 0.917 0.995 0.999 0.999 1.000 1.000

  R CORE   ENERGY   A0R/A00=1.000    R3= 0     2  
   2( 1)    0.732                    1.000 0.000
   2( 2)  487.921                    0.000 1.000

  R CORE   ENERGY   A0R/A00=1.000    R3= 0     2  
   3( 1)  488.652                    0.000 1.000

  R CORE   ENERGY   A0R/A00=1.000    R3= 0     2     4  
   4( 1)    2.438                    1.000 0.000 0.000

  R CORE   ENERGY   A0R/A00=1.000    R3= 0     2     4  
   5( 1)  490.847                    0.000 1.000 0.000

  R CORE   ENERGY   A0R/A00=1.000    R3= 0     2     4     6  
   6( 1)    5.121                    1.000 0.000 0.000 0.000

  R CORE   ENERGY   A0R/A00=1.000    R3= 0     2     4     6  
   7( 1)  494.017                    0.000 1.000 0.000 0.000

          AXIAL SYMMETRY => K RESTRICTED TO OMEGA

                     K
     S.P. ORB#: 24  0.50
     S.P. ORB#: 25  0.50
     S.P. ORB#: 26 -1.50
     S.P. ORB#: 27 -5.50
     S.P. ORB#: 28  2.50
     S.P. ORB#: 29 -3.50
     S.P. ORB#: 30  2.50
     S.P. ORB#: 31  0.50
     S.P. ORB#: 32  0.50
     S.P. ORB#: 33 -1.50
     S.P. ORB#: 34 -3.50
     S.P. ORB#: 35  0.50
     S.P. ORB#: 36 -3.50
     S.P. ORB#: 37 -1.50
     S.P. ORB#: 38  4.50
 

             ENERGY    K= OMEGA
 
 I=  1/2- (1)  2.242  32: 0.999
 
 I=  1/2- (2)  3.619  24: 0.297
                      31:-0.925
                      35: 0.238
 
 I=  1/2- (3)  5.941  25: 0.999
 
 I=  1/2- (4)  6.217  24: 0.205
                      31:-0.181
                      35:-0.962
 
 I=  1/2- (5) 10.839  24: 0.933
                      31: 0.334
                      35: 0.135

             ENERGY    K= OMEGA
 
 I=  3/2- (1)  2.269  32:-0.639
                      33: 0.769
 
 I=  3/2- (2)  2.483  25: 0.154
                      32: 0.759
                      33: 0.633

             ENERGY    K= OMEGA
 
 I=  5/2- (1)  2.681  25:-0.208
                      28: 0.064
                      32: 0.520
                      33: 0.826
 
 I=  5/2- (2)  3.444  25:-0.058
                      28:-0.129
                      32: 0.836
                      33:-0.530
 
 I=  5/2- (3)  3.813  28:-0.990
                      32:-0.076
                      33: 0.122
 
 I=  5/2- (4)  4.002  24:-0.261
                      31: 0.854
                      35:-0.386
                      37:-0.232
 
 I=  5/2- (5)  6.128  24:-0.165
                      26: 0.549
                      30:-0.818

             ENERGY    K= OMEGA
 
 I=  7/2- (1)  3.094  28: 0.223
                      29:-0.067
                      33:-0.054
                      36:-0.971
 
 I=  7/2- (2)  3.408  28:-0.184
                      29:-0.963
                      32:-0.123
                      33: 0.154
 
 I=  7/2- (3)  3.486  29: 0.197
                      32:-0.764
                      33: 0.609
                      36:-0.065
 
 I=  7/2- (4)  3.803  25:-0.274
                      28: 0.080
                      29:-0.059
                      32:-0.598
                      33:-0.745
                      36: 0.054
 
 I=  7/2- (5)  4.549  26: 0.290
                      30: 0.288
                      31: 0.824
                      34: 0.113
                      35: 0.245
                      37: 0.284

             ENERGY    K= OMEGA
 
 I=  9/2- (1)  3.556  28: 0.143
                      29:-0.432
                      36: 0.307
                      38: 0.835
 
 I=  9/2- (2)  4.118  25: 0.235
                      28:-0.232
                      29:-0.160
                      32:-0.393
                      33:-0.558
                      36:-0.598
                      38: 0.204
 
 I=  9/2- (3)  4.188  25: 0.228
                      28: 0.138
                      29: 0.203
                      32:-0.393
                      33:-0.513
                      36: 0.672
                      38:-0.139
 
 I=  9/2- (4)  4.726  28:-0.269
                      29: 0.829
                      32: 0.061
                      38: 0.484
 
 I=  9/2- (5)  5.144  24:-0.189
                      26:-0.115
                      30: 0.183
                      31: 0.791
                      34:-0.094
                      35:-0.433
                      37:-0.309

             ENERGY    K= OMEGA
 
 I= 11/2- (1)  3.722  27:-0.999
 
 I= 11/2- (2)  4.370  24:-0.457
                      26:-0.571
                      30:-0.499
                      31:-0.377
                      34:-0.210
                      35:-0.113
                      37:-0.135
 
 I= 11/2- (3)  4.635  28: 0.186
                      29: 0.490
                      36:-0.345
                      38: 0.777
 
 I= 11/2- (4)  5.432  28:-0.314
                      29: 0.287
                      32:-0.080
                      33: 0.152
                      36: 0.845
                      38: 0.276
 
 I= 11/2- (5)  5.667  25:-0.111
                      29:-0.069
                      32:-0.849
                      33: 0.488
                      36:-0.151

             ENERGY    K= OMEGA
 
 I= 13/2- (1)  5.302  27:-0.996
                      38: 0.083
 
 I= 13/2- (2)  5.975  27: 0.091
                      28: 0.221
                      29:-0.512
                      33: 0.064
                      36: 0.366
                      38: 0.735
 
 I= 13/2- (3)  6.157  24: 0.168
                      26:-0.573
                      30: 0.687
                      31: 0.161
                      34:-0.364
                      37:-0.105
 
 I= 13/2- (4)  6.487  25: 0.408
                      28:-0.091
                      29:-0.064
                      32:-0.551
                      33:-0.708
                      36:-0.054
                      38: 0.113
 
 I= 13/2- (5)  6.973  25: 0.060
                      28: 0.325
                      29: 0.314
                      32:-0.094
                      33:-0.071
                      36: 0.836
                      38:-0.280

             ENERGY     K= 9/2
  32 LEVELS    TIME=  0.0 SEC



 ******************* EXCITATION ENERGIES, DOMINANT CONFIGURATION AND EXPECTATION VALUES (WITH S.P. UU+VV FACTORS) *******************

  NR  Eex(keV)  I   Kdom  NY    <Jz>  <Jx**2> <Jy**2> <Jz**2> <I.j>/|I|  <Rx**2> <Ry**2> <Rz**2> <R.j>/|R|  <HROTx> <HROTy> <HROTz>

   1    0.0   1/2-   1/2  32    0.50    5.22    5.22    0.25    0.14       5.60    5.60   -0.00   -3.16      0.682   0.682  -0.000
   2   26.6   3/2-  -3/2  33   -0.68    5.20    5.20    1.43    1.15       5.57    5.57    0.00   -2.88      0.679   0.679   0.000
   3  241.5   3/2-   1/2  32   -0.30    5.20    5.20    1.05    0.73       6.18    6.18    0.00   -2.85      0.754   0.754   0.000
   4  438.6   5/2-  -3/2  33   -0.86    5.37    5.37    1.64    1.33       6.64    6.64    0.00   -2.32      0.809   0.809   0.000
   5  852.3   7/2-  -7/2  36   -3.19    2.45    2.45   11.92    3.16       3.72    3.72   -0.00   -1.56      0.453   0.453  -0.001
  
   6 1165.9   7/2-  -7/2  29   -3.19    6.28    6.28   11.63    3.03       7.93    7.93    0.00   -3.05      0.967   0.967   0.000
   7 1202.2   5/2-   1/2  32   -0.03    5.25    5.25    0.91   -0.09      10.36   10.36    0.00   -2.57      1.263   1.263   0.000
   8 1244.5   7/2-   1/2  32   -0.41    5.23    5.23    1.51    0.85      10.48   10.48    0.00   -1.87      1.277   1.277   0.000
   9 1314.4   9/2-   9/2  38    2.20    3.24    3.24   17.70    4.01       4.52    4.52    0.00   -1.41      0.551   0.551   0.000
  10 1377.4   1/2-   1/2  31    0.50    9.45    9.45    0.25    0.93       9.14    9.14    0.00   -4.29      1.115   1.115   0.000
  
  11 1479.7  11/2- -11/2  27   -5.48    2.75    2.75   30.22    5.06       5.49    5.49    0.00   -1.65      0.669   0.669   0.000
  12 1561.0   7/2-  -3/2  33   -0.62    5.30    5.30    1.47    0.78      10.81   10.81    0.00   -1.93      1.318   1.318   0.000
  13 1570.9   5/2-   5/2  28    2.43    6.13    6.13    6.16    2.05       7.54    7.54   -0.00   -3.19      0.919   0.919  -0.000
  14 1760.2   5/2-   1/2  31    0.39   10.25   10.25    0.36    1.56      10.18   10.18    0.00   -3.60      1.241   1.241   0.000
  15 1875.9   9/2-  -7/2  36   -1.38    4.23    4.23    6.63    2.01       9.89    9.89   -0.00   -1.14      1.206   1.206  -0.000
  
  16 1946.4   9/2-  -7/2  36   -1.88    3.97    3.97    7.19    1.99      10.03   10.03   -0.00   -1.16      1.222   1.222  -0.000
  17 2128.1  11/2-  -3/2  26    0.13   23.50   23.50    2.96    6.00       6.95    6.95    0.00   -3.77      0.848   0.848   0.000
  18 2307.0   7/2-   1/2  31    0.29   17.08   17.08    1.23    3.22      12.79   12.79    0.00   -4.47      1.560   1.560   0.000
  19 2392.9  11/2-   9/2  38    1.53    3.52    3.52   16.90    3.43       9.33    9.33    0.00   -0.79      1.137   1.137   0.000
  20 2483.7   9/2-  -7/2  29   -1.17    5.39    5.39   13.63    2.54      11.93   11.93    0.00   -2.41      1.454   1.454   0.000
  
  21 2901.6   9/2-   1/2  31    0.31   12.01   12.01    0.78    2.03      14.68   14.68   -0.00   -2.71      1.790   1.790  -0.000
  22 3060.4  13/2- -11/2  27   -5.43    2.75    2.75   30.14    4.33      11.97   11.97    0.00   -1.11      1.459   1.459   0.000
  23 3189.7  11/2-  -7/2  36   -2.23    2.93    2.93   11.96    2.22      13.54   13.54   -0.00   -0.88      1.651   1.651  -0.000
  24 3425.3  11/2-   1/2  32   -0.09    5.11    5.11    1.06    0.70      19.30   19.30   -0.00   -1.14      2.353   2.353  -0.000
  25 3699.3   1/2-   1/2  25    0.50    7.42    7.42    0.25    0.65       7.36    7.36   -0.00   -3.79      0.897   0.897  -0.000
  
  26 3733.2  13/2-   9/2  38    1.12    3.69    3.69   16.37    3.04      15.06   15.06    0.00   -0.47      1.836   1.836   0.000
  27 3886.2   5/2-   5/2  30    1.24   22.80   22.80    4.87    4.27      16.99   16.99    0.00   -6.49      2.071   2.071   0.000
  28 3915.0  13/2-   5/2  30    0.23   22.90   22.90    5.35    4.77      16.62   16.62    0.00   -3.09      2.026   2.026   0.000
  29 3974.8   1/2-   1/2  35    0.50   15.61   15.61    0.25   -0.11      16.20   16.20    0.00   -5.54      1.975   1.975   0.000
  30 4245.3  13/2-  -3/2  33   -0.46    5.66    5.66    1.64    1.48      20.49   20.49    0.00   -0.41      2.498   2.498   0.000
  
  31 4731.1  13/2-  -7/2  36   -2.18    2.99    2.99   12.05    1.95      19.80   19.80   -0.00   -0.70      2.414   2.414  -0.000
  32 8596.7   1/2-   1/2  24    0.50   23.16   23.16    0.25   -3.55      26.73   26.73    0.00   -6.79      3.260   3.260   0.000
