1SPECTRUM OF (Z= 82 A=207) IN PARTICLE-ROTOR  MODEL WITH MODIFIED OSCILLATOR POTENTIAL


 PARITY=-   EPS= 0.555   GAMMA=  0.0   EPS4=0.000   EPS6=0.000   LEVELS:  24  25  26  27  28  29  30  31  32  33  34  35  36  37  38

 PAIRING FACTORS: GN0= 19.20  GN1=  7.40  IPAIR= 15 ***  E2PLUS(INPUT)=   0.730  E2PLUR(INPUT)=   0.000

 CORIOLIS ATTENUATION PARAMETERS:  CHSI=1.000  ETA=  1.00

 MOMENT OF INERTIA PARAMETERS:   A1=  0.122 MEV   A2=  0.122 MEV   A3=121.91924 MEV


 DELTA=0.896 MEV  LAMBDA=53.4793 MEV   HW0= 7.7199 MEV   LAMBDA/HW0= 6.9275

 E2ENERGY=0.730 MEV  HBAR**2/B=57114./A**(7/3)=9655.0/A**2 MEV

 IREC=0  =>  RECOIL TERMS j+j-, j+j+, jzjz, ETC TREATED AS ONE-BODY OPERATORS WITH UU+VV PAIRING FACTORS



 S. P. LEVEL   EQP       U     V        (UU + VV)**1.00

     24       4.594    0.098 0.995      1.000 1.000 1.000 0.996 0.992 0.944 0.895 0.828 0.482 0.404 0.394 0.372 0.343 0.212 0.200
     25       4.589    0.098 0.995      1.000 1.000 1.000 0.996 0.992 0.944 0.895 0.828 0.482 0.404 0.394 0.372 0.343 0.212 0.200
     26       3.887    0.116 0.993      1.000 1.000 1.000 0.997 0.994 0.950 0.903 0.838 0.498 0.421 0.411 0.389 0.360 0.230 0.217
     27       2.422    0.188 0.982      0.996 0.996 0.997 1.000 0.999 0.970 0.932 0.876 0.560 0.486 0.476 0.455 0.427 0.300 0.288
     28       2.071    0.222 0.975      0.992 0.992 0.994 0.999 1.000 0.978 0.944 0.892 0.588 0.516 0.506 0.485 0.458 0.333 0.321
     29       1.176    0.420 0.908      0.944 0.944 0.950 0.970 0.978 1.000 0.992 0.966 0.743 0.683 0.674 0.656 0.633 0.521 0.511
     30       0.995    0.532 0.847      0.895 0.895 0.903 0.932 0.944 0.992 1.000 0.991 0.822 0.770 0.763 0.747 0.726 0.626 0.616
     31       0.912    0.639 0.769      0.828 0.828 0.838 0.876 0.892 0.966 0.991 1.000 0.890 0.847 0.841 0.828 0.810 0.723 0.714
     32       1.238    0.919 0.394      0.482 0.482 0.498 0.560 0.588 0.743 0.822 0.890 1.000 0.996 0.995 0.993 0.988 0.958 0.955
     33       1.508    0.950 0.313      0.404 0.404 0.421 0.486 0.516 0.683 0.770 0.847 0.996 1.000 1.000 0.999 0.998 0.980 0.977
     34       1.555    0.953 0.302      0.394 0.394 0.411 0.476 0.506 0.674 0.763 0.841 0.995 1.000 1.000 1.000 0.998 0.982 0.979
     35       1.671    0.960 0.279      0.372 0.372 0.389 0.455 0.485 0.656 0.747 0.828 0.993 0.999 1.000 1.000 1.000 0.986 0.984
     36       1.855    0.968 0.249      0.343 0.343 0.360 0.427 0.458 0.633 0.726 0.810 0.988 0.998 0.998 1.000 1.000 0.991 0.989
     37       3.915    0.993 0.115      0.212 0.212 0.230 0.300 0.333 0.521 0.626 0.723 0.958 0.980 0.982 0.986 0.991 1.000 1.000
     38       4.383    0.995 0.103      0.200 0.200 0.217 0.288 0.321 0.511 0.616 0.714 0.955 0.977 0.979 0.984 0.989 1.000 1.000

  R CORE   ENERGY   A0R/A00=1.000    R3= 0     2  
   2( 1)    0.732                    1.000 0.000
   2( 2)  487.921                    0.000 1.000

  R CORE   ENERGY   A0R/A00=1.000    R3= 0     2  
   3( 1)  488.652                    0.000 1.000

  R CORE   ENERGY   A0R/A00=1.000    R3= 0     2     4  
   4( 1)    2.438                    1.000 0.000 0.000

  R CORE   ENERGY   A0R/A00=1.000    R3= 0     2     4  
   5( 1)  490.847                    0.000 1.000 0.000

  R CORE   ENERGY   A0R/A00=1.000    R3= 0     2     4     6  
   6( 1)    5.121                    1.000 0.000 0.000 0.000

  R CORE   ENERGY   A0R/A00=1.000    R3= 0     2     4     6  
   7( 1)  494.017                    0.000 1.000 0.000 0.000

          AXIAL SYMMETRY => K RESTRICTED TO OMEGA

                     K
     S.P. ORB#: 24  2.50
     S.P. ORB#: 25  4.50
     S.P. ORB#: 26  0.50
     S.P. ORB#: 27  0.50
     S.P. ORB#: 28  2.50
     S.P. ORB#: 29  2.50
     S.P. ORB#: 30 -5.50
     S.P. ORB#: 31 -3.50
     S.P. ORB#: 32  0.50
     S.P. ORB#: 33  0.50
     S.P. ORB#: 34 -3.50
     S.P. ORB#: 35 -1.50
     S.P. ORB#: 36 -1.50
     S.P. ORB#: 37 -3.50
     S.P. ORB#: 38 -1.50
 

             ENERGY    K= OMEGA
 
 I=  1/2- (1)  2.946  33:-0.999
 
 I=  1/2- (2)  4.945  27:-0.568
                      32: 0.823
 
 I=  1/2- (3)  5.767  26: 0.999
 
 I=  1/2- (4)  6.377  27: 0.823
                      32: 0.568
 
 I=  1/2- (5)147.974  35: 1.000

             ENERGY    K= OMEGA
 
 I=  3/2- (1)  3.014  33: 0.784
                      35: 0.621
 
 I=  3/2- (2)  3.256  26: 0.119
                      33:-0.614
                      35: 0.780

             ENERGY    K= OMEGA
 
 I=  5/2- (1)  2.986  29:-0.988
                      35:-0.144
 
 I=  5/2- (2)  3.562  26:-0.179
                      29:-0.144
                      33:-0.532
                      35: 0.814
 
 I=  5/2- (3)  4.177  33:-0.834
                      35:-0.546
 
 I=  5/2- (4)  4.887  27:-0.534
                      32: 0.753
                      36: 0.253
                      38:-0.291
 
 I=  5/2- (5)  6.520  27:-0.215
                      28:-0.180
                      32:-0.381
                      36: 0.865
                      38: 0.166

             ENERGY    K= OMEGA
 
 I=  7/2- (1)  2.678  24:-0.188
                      29: 0.123
                      31: 0.974
 
 I=  7/2- (2)  3.657  24:-0.061
                      29:-0.910
                      31: 0.095
                      33: 0.058
                      35: 0.177
                      37: 0.353
 
 I=  7/2- (3)  4.234  29:-0.121
                      33:-0.822
                      35:-0.546
                      37: 0.090
 
 I=  7/2- (4)  4.699  24:-0.055
                      26: 0.223
                      29: 0.062
                      33:-0.542
                      35: 0.790
                      37:-0.158
 
 I=  7/2- (5)  5.096  29: 0.370
                      31:-0.057
                      35: 0.122
                      37: 0.918

             ENERGY    K= OMEGA
 
 I=  9/2- (1)  3.510  24: 0.265
                      29:-0.159
                      31: 0.949
 
 I=  9/2- (2)  4.566  24: 0.083
                      26:-0.056
                      29: 0.854
                      31: 0.115
                      33:-0.082
                      35: 0.225
                      37: 0.435
 
 I=  9/2- (3)  5.218  26: 0.284
                      29: 0.175
                      31: 0.071
                      33: 0.542
                      35:-0.748
                      37: 0.170
 
 I=  9/2- (4)  5.670  27:-0.492
                      32: 0.741
                      36: 0.239
                      38:-0.390
 
 I=  9/2- (5)  6.300  24:-0.071
                      25:-0.058
                      26:-0.071
                      29:-0.261
                      33:-0.625
                      35:-0.400
                      37: 0.607

             ENERGY    K= OMEGA
 
 I= 11/2- (1)  2.108  25: 0.188
                      30: 0.982
 
 I= 11/2- (2)  4.560  24:-0.321
                      25: 0.056
                      29: 0.177
                      31: 0.927
 
 I= 11/2- (3)  5.727  24: 0.098
                      29: 0.827
                      31:-0.125
                      33:-0.081
                      35:-0.220
                      37:-0.485
 
 I= 11/2- (4)  6.433  26:-0.070
                      29: 0.125
                      31:-0.064
                      33: 0.840
                      35: 0.501
                      37:-0.136
 
 I= 11/2- (5)  6.556  27: 0.408
                      28: 0.088
                      32: 0.776
                      34: 0.056
                      36: 0.139
                      38: 0.448

             ENERGY    K= OMEGA
 
 I= 13/2- (1)  3.442  25:-0.263
                      30: 0.964
 
 I= 13/2- (2)  5.835  24:-0.364
                      25: 0.054
                      29: 0.184
                      31:-0.907
                      35:-0.057
 
 I= 13/2- (3)  7.109  24: 0.110
                      26:-0.101
                      29: 0.786
                      31: 0.113
                      33:-0.125
                      35: 0.287
                      37: 0.498
 
 I= 13/2- (4)  7.364  27: 0.460
                      32:-0.735
                      36:-0.218
                      38: 0.448
 
 I= 13/2- (5)  7.798  26:-0.359
                      29:-0.219
                      31:-0.114
                      33:-0.532
                      35: 0.687
                      37:-0.232

             ENERGY     K=-3/2
  32 LEVELS    TIME=  0.0 SEC



 ******************* EXCITATION ENERGIES, DOMINANT CONFIGURATION AND EXPECTATION VALUES (WITH S.P. UU+VV FACTORS) *******************

  NR  Eex(keV)  I   Kdom  NY    <Jz>  <Jx**2> <Jy**2> <Jz**2> <I.j>/|I|  <Rx**2> <Ry**2> <Rz**2> <R.j>/|R|  <HROTx> <HROTy> <HROTz>

   1    0.0  11/2- -11/2  30   -5.15    2.92    2.92   29.89    5.30       4.04    4.04    0.00   -1.42      0.493   0.493   0.000
   2  569.4   7/2-  -7/2  31   -3.20    6.50    6.50   11.94    3.44       6.69    6.69    0.00   -3.09      0.815   0.815   0.001
   3  838.1   1/2-   1/2  33    0.50    5.43    5.43    0.25    0.06       5.88    5.88    0.00   -3.23      0.717   0.717   0.000
   4  877.6   5/2-   5/2  29    2.41    6.20    6.20    6.16    2.13       7.35    7.35    0.00   -3.20      0.897   0.897   0.000
   5  905.3   3/2-   1/2  33   -0.27    5.43    5.43    1.02    0.98       5.91    5.91    0.00   -2.90      0.721   0.721   0.000
  
   6 1148.0   3/2-  -3/2  35   -0.72    5.46    5.46    1.47    0.75       6.63    6.63    0.00   -3.01      0.808   0.808   0.000
   7 1333.9  13/2- -11/2  30   -4.81    3.09    3.09   29.54    4.76       9.02    9.02    0.00   -0.59      1.099   1.099   0.000
   8 1401.8   9/2-  -7/2  31   -2.90    6.63    6.63   11.68    3.08       9.53    9.53    0.00   -2.20      1.161   1.161   0.001
   9 1453.8   5/2-  -3/2  35   -0.78    5.56    5.56    1.71    1.05       7.68    7.68    0.00   -2.48      0.936   0.936   0.000
  10 1548.5   7/2-   5/2  29    1.57    5.66    5.66    6.91    2.10       8.66    8.66   -0.00   -2.38      1.056   1.056  -0.000
  
  11 2068.6   5/2-   1/2  33   -0.09    5.45    5.45    0.87   -0.16      10.72   10.72    0.00   -2.64      1.306   1.306   0.000
  12 2125.9   7/2-   1/2  33   -0.10    5.42    5.42    1.05    0.74      10.89   10.89    0.00   -1.92      1.328   1.328   0.000
  13 2452.0  11/2-  -7/2  31   -2.67    6.73    6.73   11.47    2.85      13.31   13.31    0.00   -1.53      1.623   1.623   0.001
  14 2457.3   9/2-   5/2  29    1.06    5.37    5.37    7.21    1.97      11.54   11.54    0.00   -1.69      1.407   1.407   0.000
  15 2590.9   7/2-  -3/2  35   -0.84    5.48    5.48    1.85    0.60      11.91   11.91    0.00   -2.14      1.452   1.452   0.000
  
  16 2778.6   5/2-   1/2  32    0.20   14.61   14.61    0.55    2.34      12.33   12.33    0.00   -4.60      1.503   1.503   0.000
  17 2836.5   1/2-   1/2  32    0.50   14.35   14.35    0.25    1.40      13.64   13.64    0.00   -5.31      1.663   1.663   0.000
  18 2987.8   7/2-  -7/2  37   -2.64    2.93    2.93   11.25    2.49       6.57    6.57    0.00   -2.00      0.801   0.801   0.000
  19 3109.4   9/2-  -3/2  35   -0.69    5.59    5.59    1.97    1.04      13.81   13.81    0.00   -1.52      1.683   1.683   0.000
  20 3562.1   9/2-   1/2  32    0.08   14.89   14.89    0.67    2.55      14.90   14.90    0.00   -3.25      1.817   1.817   0.000
  
  21 3619.1  11/2-   5/2  29    0.79    5.17    5.17    7.53    1.85      15.78   15.78    0.00   -1.22      1.924   1.924   0.000
  22 3659.1   1/2-   1/2  26    0.50    7.79    7.79    0.25    0.65       7.73    7.73    0.00   -3.88      0.942   0.942   0.000
  23 3726.2  13/2-  -7/2  31   -2.47    6.81    6.81   11.28    2.69      18.07   18.07    0.00   -1.02      2.203   2.203   0.001
  24 4191.8   9/2-   1/2  33   -1.13    4.36    4.36    5.50    0.73      15.85   15.85    0.00   -1.88      1.932   1.932   0.000
  25 4269.1   1/2-   1/2  27    0.50   16.17   16.17    0.25   -1.29      17.79   17.79    0.00   -5.65      2.168   2.168   0.000
  
  26 4325.2  11/2-   1/2  33   -0.06    5.39    5.39    1.12    0.67      19.83   19.83    0.00   -1.25      2.417   2.417   0.000
  27 4411.3   5/2-  -3/2  36   -0.99   17.17   17.17    2.00    1.17      19.08   19.08    0.00   -5.32      2.326   2.326   0.000
  28 4448.0  11/2-   1/2  32    0.06   17.56   17.56    0.77    2.92      18.33   18.33    0.00   -3.04      2.235   2.235   0.000
  29 5000.5  13/2-   5/2  29    0.56    5.11    5.11    7.34    1.73      21.08   21.08    0.00   -0.85      2.570   2.570   0.000
  30 5255.4  13/2-   1/2  32    0.00   15.11   15.11    0.75    2.65      21.38   21.38    0.00   -1.91      2.607   2.607   0.000
  
  31 5689.9  13/2-  -3/2  35   -0.61    5.64    5.64    2.30    1.06      23.78   23.78    0.00   -0.90      2.899   2.899   0.000
  32*******   1/2-  -3/2  35    0.00    0.00    0.00    0.00   -0.00       0.00    0.00    0.00   -0.00      0.000   0.000   0.000
