1SPECTRUM OF (Z= 82 A=207) IN PARTICLE-ROTOR  MODEL WITH MODIFIED OSCILLATOR POTENTIAL


 PARITY=-   EPS= 0.541   GAMMA=  0.0   EPS4=0.000   EPS6=0.000   LEVELS:  24  25  26  27  28  29  30  31  32  33  34  35  36  37  38

 PAIRING FACTORS: GN0= 19.20  GN1=  7.40  IPAIR= 15 ***  E2PLUS(INPUT)=   0.730  E2PLUR(INPUT)=   0.000

 CORIOLIS ATTENUATION PARAMETERS:  CHSI=1.000  ETA=  1.00

 MOMENT OF INERTIA PARAMETERS:   A1=  0.122 MEV   A2=  0.122 MEV   A3=121.91924 MEV


 DELTA=0.866 MEV  LAMBDA=53.4363 MEV   HW0= 7.7024 MEV   LAMBDA/HW0= 6.9376

 E2ENERGY=0.730 MEV  HBAR**2/B=54269./A**(7/3)=9174.0/A**2 MEV

 IREC=0  =>  RECOIL TERMS j+j-, j+j+, jzjz, ETC TREATED AS ONE-BODY OPERATORS WITH UU+VV PAIRING FACTORS



 S. P. LEVEL   EQP       U     V        (UU + VV)**1.00

     24       4.612    0.094 0.996      1.000 1.000 1.000 0.993 0.990 0.959 0.939 0.868 0.421 0.420 0.383 0.372 0.311 0.213 0.196
     25       4.429    0.098 0.995      1.000 1.000 1.000 0.994 0.990 0.960 0.940 0.870 0.424 0.424 0.387 0.376 0.315 0.216 0.200
     26       3.898    0.112 0.994      1.000 1.000 1.000 0.995 0.992 0.964 0.945 0.877 0.437 0.436 0.399 0.389 0.328 0.230 0.213
     27       2.117    0.209 0.978      0.993 0.994 0.995 1.000 1.000 0.985 0.972 0.920 0.523 0.523 0.488 0.478 0.419 0.324 0.309
     28       1.900    0.234 0.972      0.990 0.990 0.992 1.000 1.000 0.990 0.978 0.930 0.545 0.545 0.510 0.500 0.443 0.349 0.333
     29       1.253    0.372 0.928      0.959 0.960 0.964 0.985 0.990 1.000 0.998 0.973 0.660 0.660 0.629 0.620 0.567 0.481 0.466
     30       1.113    0.431 0.902      0.939 0.940 0.945 0.972 0.978 0.998 1.000 0.986 0.707 0.707 0.678 0.669 0.619 0.536 0.522
     31       0.920    0.575 0.818      0.868 0.870 0.877 0.920 0.930 0.973 0.986 1.000 0.815 0.815 0.791 0.784 0.741 0.669 0.657
     32       1.378    0.943 0.333      0.421 0.424 0.437 0.523 0.545 0.660 0.707 0.815 1.000 1.000 0.999 0.999 0.993 0.976 0.972
     33       1.380    0.943 0.333      0.420 0.424 0.436 0.523 0.545 0.660 0.707 0.815 1.000 1.000 0.999 0.999 0.993 0.976 0.972
     34       1.539    0.956 0.294      0.383 0.387 0.399 0.488 0.510 0.629 0.678 0.791 0.999 0.999 1.000 1.000 0.997 0.984 0.981
     35       1.594    0.959 0.283      0.372 0.376 0.389 0.478 0.500 0.620 0.669 0.784 0.999 0.999 1.000 1.000 0.998 0.986 0.983
     36       2.017    0.975 0.220      0.311 0.315 0.328 0.419 0.443 0.567 0.619 0.741 0.993 0.993 0.997 0.998 1.000 0.995 0.993
     37       3.651    0.993 0.119      0.213 0.216 0.230 0.324 0.349 0.481 0.536 0.669 0.976 0.976 0.984 0.986 0.995 1.000 1.000
     38       4.232    0.995 0.103      0.196 0.200 0.213 0.309 0.333 0.466 0.522 0.657 0.972 0.972 0.981 0.983 0.993 1.000 1.000

  R CORE   ENERGY   A0R/A00=1.000    R3= 0     2  
   2( 1)    0.732                    1.000 0.000
   2( 2)  487.921                    0.000 1.000

  R CORE   ENERGY   A0R/A00=1.000    R3= 0     2  
   3( 1)  488.652                    0.000 1.000

  R CORE   ENERGY   A0R/A00=1.000    R3= 0     2     4  
   4( 1)    2.438                    1.000 0.000 0.000

  R CORE   ENERGY   A0R/A00=1.000    R3= 0     2     4  
   5( 1)  490.847                    0.000 1.000 0.000

  R CORE   ENERGY   A0R/A00=1.000    R3= 0     2     4     6  
   6( 1)    5.121                    1.000 0.000 0.000 0.000

  R CORE   ENERGY   A0R/A00=1.000    R3= 0     2     4     6  
   7( 1)  494.017                    0.000 1.000 0.000 0.000

          AXIAL SYMMETRY => K RESTRICTED TO OMEGA

                     K
     S.P. ORB#: 24  2.50
     S.P. ORB#: 25 -1.50
     S.P. ORB#: 26  0.50
     S.P. ORB#: 27  0.50
     S.P. ORB#: 28  2.50
     S.P. ORB#: 29  2.50
     S.P. ORB#: 30 -5.50
     S.P. ORB#: 31 -3.50
     S.P. ORB#: 32  0.50
     S.P. ORB#: 33  0.50
     S.P. ORB#: 34 -1.50
     S.P. ORB#: 35 -3.50
     S.P. ORB#: 36 -1.50
     S.P. ORB#: 37 -3.50
     S.P. ORB#: 38  4.50
 

             ENERGY    K= OMEGA
 
 I=  1/2- (1)  2.809  33:-0.999
 
 I=  1/2- (2)  4.938  27:-0.680
                      32: 0.733
 
 I=  1/2- (3)  5.764  26: 0.999
 
 I=  1/2- (4)  6.193  27:-0.733
                      32:-0.680
 
 I=  1/2- (5)147.842  34: 1.000

             ENERGY    K= OMEGA
 
 I=  3/2- (1)  2.875  33: 0.776
                      34: 0.631
 
 I=  3/2- (2)  3.119  26:-0.118
                      33: 0.624
                      34:-0.772

             ENERGY    K= OMEGA
 
 I=  5/2- (1)  3.053  29: 0.975
                      33:-0.072
                      34: 0.206
 
 I=  5/2- (2)  3.423  26:-0.174
                      29:-0.215
                      33:-0.532
                      34: 0.800
 
 I=  5/2- (3)  4.040  29: 0.054
                      33:-0.833
                      34:-0.548
 
 I=  5/2- (4)  5.270  25: 0.069
                      27:-0.702
                      28:-0.077
                      32: 0.640
                      36: 0.297
 
 I=  5/2- (5)  6.663  24:-0.051
                      26:-0.982
                      33: 0.136
                      34:-0.120

             ENERGY    K= OMEGA
 
 I=  7/2- (1)  2.665  24:-0.196
                      29: 0.115
                      31: 0.973
 
 I=  7/2- (2)  3.698  24:-0.062
                      29:-0.874
                      31: 0.078
                      33: 0.093
                      34: 0.216
                      37: 0.413
 
 I=  7/2- (3)  4.098  29: 0.156
                      33: 0.814
                      34: 0.541
                      37:-0.132
 
 I=  7/2- (4)  4.559  24:-0.054
                      26: 0.219
                      33:-0.547
                      34: 0.774
                      37:-0.221
 
 I=  7/2- (5)  4.863  29:-0.443
                      31: 0.066
                      33: 0.060
                      34:-0.176
                      37:-0.873

             ENERGY    K= OMEGA
 
 I=  9/2- (1)  3.262  24: 0.253
                      29:-0.133
                      31: 0.905
                      38:-0.313
 
 I=  9/2- (2)  4.597  24: 0.087
                      26:-0.075
                      29: 0.808
                      31: 0.106
                      33:-0.119
                      34: 0.278
                      37: 0.481
 
 I=  9/2- (3)  5.075  26: 0.274
                      29: 0.220
                      31: 0.070
                      33: 0.538
                      34:-0.729
                      37: 0.220
 
 I=  9/2- (4)  5.508  24: 0.110
                      29:-0.214
                      31: 0.258
                      37: 0.245
                      38: 0.903
 
 I=  9/2- (5)  6.068  25: 0.408
                      27:-0.463
                      28:-0.601
                      32: 0.236
                      35: 0.389
                      36: 0.227

             ENERGY    K= OMEGA
 
 I= 11/2- (1)  2.452  30:-1.000
 
 I= 11/2- (2)  4.128  24:-0.293
                      29: 0.141
                      31: 0.869
                      37:-0.051
                      38: 0.367
 
 I= 11/2- (3)  5.764  24: 0.104
                      29: 0.787
                      31:-0.121
                      33:-0.114
                      34:-0.253
                      37:-0.527
 
 I= 11/2- (4)  6.221  25:-0.469
                      27:-0.454
                      28:-0.593
                      32:-0.277
                      35:-0.336
                      36:-0.184
 
 I= 11/2- (5)  6.297  26:-0.071
                      29: 0.159
                      31:-0.057
                      33: 0.832
                      34: 0.495
                      37:-0.170

             ENERGY    K= OMEGA
 
 I= 13/2- (1)  4.033  30: 0.999
 
 I= 13/2- (2)  5.246  24: 0.324
                      29:-0.144
                      31: 0.846
                      37:-0.064
                      38:-0.388
 
 I= 13/2- (3)  7.137  24: 0.119
                      26:-0.135
                      29: 0.729
                      31: 0.109
                      33:-0.179
                      34: 0.356
                      37: 0.514
 
 I= 13/2- (4)  7.182  25:-0.498
                      27: 0.310
                      28: 0.681
                      32:-0.074
                      35:-0.401
                      36:-0.161
 
 I= 13/2- (5)  7.656  26: 0.342
                      29: 0.292
                      31: 0.101
                      33: 0.520
                      34:-0.655
                      37: 0.294

             ENERGY     K= 9/2
  32 LEVELS    TIME=  0.0 SEC



 ******************* EXCITATION ENERGIES, DOMINANT CONFIGURATION AND EXPECTATION VALUES (WITH S.P. UU+VV FACTORS) *******************

  NR  Eex(keV)  I   Kdom  NY    <Jz>  <Jx**2> <Jy**2> <Jz**2> <I.j>/|I|  <Rx**2> <Ry**2> <Rz**2> <R.j>/|R|  <HROTx> <HROTy> <HROTz>

   1    0.0  11/2- -11/2  30   -5.49    2.75    2.75   30.24    5.06       5.48    5.48    0.00   -1.65      0.668   0.668   0.001
   2  213.1   7/2-  -7/2  31   -3.19    6.50    6.50   11.93    3.47       6.55    6.55    0.00   -3.08      0.799   0.799   0.000
   3  356.6   1/2-   1/2  33    0.50    5.40    5.40    0.25    0.06       5.84    5.84   -0.00   -3.22      0.712   0.712  -0.000
   4  423.1   3/2-   1/2  33   -0.30    5.40    5.40    1.05    0.99       5.87    5.87   -0.00   -2.89      0.715   0.715  -0.000
   5  601.0   5/2-   5/2  29    2.32    6.15    6.15    6.04    2.12       7.29    7.29    0.00   -3.17      0.889   0.889   0.000
  
   6  667.3   3/2-  -3/2  34   -0.69    5.42    5.42    1.44    0.73       6.60    6.60   -0.00   -2.99      0.805   0.805  -0.000
   7  809.7   9/2-  -7/2  31   -2.22    6.20    6.20   12.53    3.53       7.27    7.27    0.00   -1.93      0.886   0.886   0.000
   8  971.2   5/2-  -3/2  34   -0.68    5.54    5.54    1.81    1.07       7.66    7.66   -0.00   -2.49      0.934   0.934  -0.000
   9 1246.3   7/2-   5/2  29    1.23    5.44    5.44    7.07    2.17       8.24    8.24    0.00   -2.30      1.005   1.005   0.000
  10 1581.3  13/2- -11/2  30   -5.48    2.75    2.75   30.21    4.34      11.95   11.95    0.00   -1.11      1.457   1.457   0.001
  
  11 1587.6   5/2-   1/2  33   -0.09    5.41    5.41    0.87   -0.15      10.68   10.68   -0.00   -2.63      1.302   1.302  -0.000
  12 1646.0   7/2-   1/2  33   -0.11    5.36    5.36    1.21    0.77      10.78   10.78   -0.00   -1.91      1.314   1.314  -0.000
  13 1675.8  11/2-  -7/2  31   -1.79    6.12    6.12   12.69    3.41       9.97    9.97    0.00   -1.02      1.215   1.215   0.000
  14 2107.0   7/2-  -3/2  34   -0.89    5.35    5.35    2.07    0.66      11.66   11.66   -0.00   -2.11      1.422   1.422  -0.000
  15 2145.3   9/2-   5/2  29    0.70    5.16    5.16    7.28    2.01      11.19   11.19    0.00   -1.61      1.364   1.364   0.000
  
  16 2410.8   7/2-  -7/2  37   -2.23    3.23    3.23   10.69    2.32       7.25    7.25    0.00   -2.09      0.883   0.883   0.000
  17 2486.0   1/2-   1/2  32    0.50   13.92   13.92    0.25    1.41      13.20   13.20   -0.00   -5.23      1.609   1.609  -0.000
  18 2622.5   9/2-  -3/2  34   -0.68    5.50    5.50    2.27    1.09      13.59   13.59   -0.00   -1.51      1.657   1.657  -0.000
  19 2794.1  13/2-  -7/2  31   -1.54    6.10    6.10   12.72    3.27      14.02   14.02    0.00   -0.40      1.710   1.710   0.000
  20 2817.8   5/2-   1/2  27    0.33   14.11   14.11    0.47    1.54      14.17   14.17    0.00   -4.53      1.727   1.727   0.000
  
  21 3055.6   9/2-   9/2  38    3.37    2.86    2.86   18.43    3.54       6.81    6.81    0.00   -1.76      0.831   0.831   0.000
  22 3311.6  11/2-   5/2  29    0.46    4.97    4.97    7.67    1.86      15.54   15.54    0.00   -1.16      1.895   1.895   0.000
  23 3312.3   1/2-   1/2  26    0.50    7.74    7.74    0.25    0.65       7.67    7.67    0.00   -3.87      0.935   0.935   0.000
  24 3615.7   9/2-   5/2  28    0.18   19.78   19.78    4.67    3.83      15.46   15.46    0.00   -4.53      1.885   1.885   0.000
  25 3740.9   1/2-   1/2  27    0.50   16.51   16.51    0.25   -1.28      18.12   18.12    0.00   -5.71      2.209   2.209   0.000
  
  26 3769.2  11/2-   5/2  28    0.24   20.39   20.39    4.22    4.15      15.55   15.55    0.00   -3.62      1.896   1.896   0.000
  27 3845.0  11/2-   1/2  33   -0.06    5.33    5.33    1.30    0.70      19.69   19.69    0.00   -1.24      2.400   2.400   0.000
  28 4210.8   5/2-   1/2  26    0.48    7.65    7.65    0.29    0.17      11.66   11.66    0.00   -3.12      1.422   1.422   0.000
  29 4685.4  13/2-   5/2  29    0.24    4.99    4.99    7.11    1.71      20.98   20.98    0.00   -0.80      2.558   2.558   0.000
  30 4730.0  13/2-   5/2  28    0.24   21.30   21.30    5.51    4.19      19.20   19.20   -0.00   -3.05      2.341   2.341  -0.000
  
  31 5204.3  13/2-  -3/2  34   -0.56    5.50    5.50    2.83    1.12      23.48   23.48   -0.00   -0.88      2.863   2.863  -0.000
  32*******   1/2-  -3/2  34    0.00    0.00    0.00    0.00   -0.00       0.00    0.00   -0.00   -0.00      0.000   0.000  -0.000
