1SPECTRUM OF (Z= 82 A=207) IN PARTICLE-ROTOR  MODEL WITH MODIFIED OSCILLATOR POTENTIAL


 PARITY=-   EPS= 0.534   GAMMA=  0.0   EPS4=0.000   EPS6=0.000   LEVELS:  24  25  26  27  28  29  30  31  32  33  34  35  36  37  38

 PAIRING FACTORS: GN0= 19.20  GN1=  7.40  IPAIR= 15 ***  E2PLUS(INPUT)=   0.730  E2PLUR(INPUT)=   0.000

 CORIOLIS ATTENUATION PARAMETERS:  CHSI=1.000  ETA=  1.00

 MOMENT OF INERTIA PARAMETERS:   A1=  0.122 MEV   A2=  0.122 MEV   A3=121.91925 MEV


 DELTA=0.854 MEV  LAMBDA=53.4166 MEV   HW0= 7.6939 MEV   LAMBDA/HW0= 6.9427

 E2ENERGY=0.730 MEV  HBAR**2/B=52873./A**(7/3)=8938.1/A**2 MEV

 IREC=0  =>  RECOIL TERMS j+j-, j+j+, jzjz, ETC TREATED AS ONE-BODY OPERATORS WITH UU+VV PAIRING FACTORS



 S. P. LEVEL   EQP       U     V        (UU + VV)**1.00

     24       4.621    0.093 0.996      1.000 1.000 1.000 0.991 0.989 0.965 0.953 0.886 0.430 0.395 0.391 0.363 0.298 0.214 0.196
     25       4.290    0.100 0.995      1.000 1.000 1.000 0.992 0.990 0.967 0.956 0.889 0.437 0.402 0.397 0.370 0.305 0.221 0.204
     26       3.904    0.110 0.994      1.000 1.000 1.000 0.993 0.991 0.969 0.959 0.894 0.446 0.411 0.407 0.379 0.314 0.231 0.213
     27       1.968    0.223 0.975      0.991 0.992 0.993 1.000 1.000 0.991 0.985 0.939 0.545 0.512 0.508 0.482 0.420 0.340 0.323
     28       1.818    0.242 0.970      0.989 0.990 0.991 1.000 1.000 0.993 0.988 0.946 0.562 0.529 0.525 0.499 0.438 0.359 0.342
     29       1.298    0.351 0.936      0.965 0.967 0.969 0.991 0.993 1.000 0.999 0.977 0.653 0.623 0.619 0.595 0.538 0.463 0.447
     30       1.192    0.389 0.921      0.953 0.956 0.959 0.985 0.988 0.999 1.000 0.985 0.682 0.653 0.650 0.627 0.572 0.498 0.483
     31       0.935    0.544 0.839      0.886 0.889 0.894 0.939 0.946 0.977 0.985 1.000 0.800 0.776 0.773 0.754 0.706 0.642 0.629
     32       1.319    0.939 0.345      0.430 0.437 0.446 0.545 0.562 0.653 0.682 0.800 1.000 0.999 0.999 0.997 0.990 0.974 0.970
     33       1.457    0.951 0.308      0.395 0.402 0.411 0.512 0.529 0.623 0.653 0.776 0.999 1.000 1.000 0.999 0.995 0.982 0.978
     34       1.475    0.953 0.304      0.391 0.397 0.407 0.508 0.525 0.619 0.650 0.773 0.999 1.000 1.000 1.000 0.995 0.983 0.979
     35       1.615    0.961 0.275      0.363 0.370 0.379 0.482 0.499 0.595 0.627 0.754 0.997 0.999 1.000 1.000 0.998 0.988 0.985
     36       2.101    0.978 0.208      0.298 0.305 0.314 0.420 0.438 0.538 0.572 0.706 0.990 0.995 0.995 0.998 1.000 0.996 0.995
     37       3.521    0.993 0.122      0.214 0.221 0.231 0.340 0.359 0.463 0.498 0.642 0.974 0.982 0.983 0.988 0.996 1.000 1.000
     38       4.101    0.995 0.105      0.196 0.204 0.213 0.323 0.342 0.447 0.483 0.629 0.970 0.978 0.979 0.985 0.995 1.000 1.000

  R CORE   ENERGY   A0R/A00=1.000    R3= 0     2  
   2( 1)    0.732                    1.000 0.000
   2( 2)  487.921                    0.000 1.000

  R CORE   ENERGY   A0R/A00=1.000    R3= 0     2  
   3( 1)  488.652                    0.000 1.000

  R CORE   ENERGY   A0R/A00=1.000    R3= 0     2     4  
   4( 1)    2.438                    1.000 0.000 0.000

  R CORE   ENERGY   A0R/A00=1.000    R3= 0     2     4  
   5( 1)  490.847                    0.000 1.000 0.000

  R CORE   ENERGY   A0R/A00=1.000    R3= 0     2     4     6  
   6( 1)    5.121                    1.000 0.000 0.000 0.000

  R CORE   ENERGY   A0R/A00=1.000    R3= 0     2     4     6  
   7( 1)  494.017                    0.000 1.000 0.000 0.000

          AXIAL SYMMETRY => K RESTRICTED TO OMEGA

                     K
     S.P. ORB#: 24  2.50
     S.P. ORB#: 25 -1.50
     S.P. ORB#: 26  0.50
     S.P. ORB#: 27  0.50
     S.P. ORB#: 28  2.50
     S.P. ORB#: 29  2.50
     S.P. ORB#: 30 -5.50
     S.P. ORB#: 31 -3.50
     S.P. ORB#: 32  0.50
     S.P. ORB#: 33  0.50
     S.P. ORB#: 34 -1.50
     S.P. ORB#: 35 -3.50
     S.P. ORB#: 36 -1.50
     S.P. ORB#: 37 -3.50
     S.P. ORB#: 38  4.50
 

             ENERGY    K= OMEGA
 
 I=  1/2- (1)  2.743  32:-0.999
 
 I=  1/2- (2)  4.909  27: 0.740
                      33:-0.672
 
 I=  1/2- (3)  5.763  26: 0.999
 
 I=  1/2- (4)  6.139  27: 0.672
                      33: 0.740
 
 I=  1/2- (5)147.778  34: 1.000

             ENERGY    K= OMEGA
 
 I=  3/2- (1)  2.808  32:-0.771
                      34:-0.636
 
 I=  3/2- (2)  3.053  26:-0.118
                      32: 0.629
                      34:-0.768

             ENERGY    K= OMEGA
 
 I=  5/2- (1)  3.089  29: 0.953
                      32:-0.111
                      34: 0.273
 
 I=  5/2- (2)  3.359  26: 0.170
                      29: 0.294
                      32: 0.527
                      34:-0.778
 
 I=  5/2- (3)  3.974  29:-0.060
                      32: 0.831
                      34: 0.550
 
 I=  5/2- (4)  5.246  25:-0.086
                      27: 0.728
                      28: 0.089
                      33:-0.611
                      36:-0.284
 
 I=  5/2- (5)  6.660  25:-0.423
                      27: 0.130
                      28: 0.782
                      33: 0.405
                      36:-0.165

             ENERGY    K= OMEGA
 
 I=  7/2- (1)  2.670  24:-0.200
                      29: 0.112
                      31: 0.973
 
 I=  7/2- (2)  3.713  24: 0.062
                      29: 0.842
                      31:-0.068
                      32:-0.123
                      34:-0.245
                      37:-0.455
 
 I=  7/2- (3)  4.033  29: 0.180
                      32: 0.807
                      34: 0.534
                      37:-0.167
 
 I=  7/2- (4)  4.488  24:-0.055
                      26: 0.217
                      32:-0.549
                      34: 0.761
                      37:-0.262
 
 I=  7/2- (5)  4.760  26:-0.052
                      29:-0.494
                      31: 0.073
                      32: 0.078
                      34:-0.213
                      37:-0.834

             ENERGY    K= OMEGA
 
 I=  9/2- (1)  3.263  24: 0.257
                      29:-0.130
                      31: 0.902
                      38:-0.319
 
 I=  9/2- (2)  4.603  24:-0.090
                      26: 0.089
                      29:-0.770
                      31:-0.103
                      32: 0.146
                      34:-0.314
                      37:-0.507
 
 I=  9/2- (3)  5.004  26: 0.269
                      29: 0.243
                      31: 0.080
                      32: 0.532
                      34:-0.713
                      37: 0.264
 
 I=  9/2- (4)  5.377  24: 0.109
                      29:-0.237
                      31: 0.262
                      37: 0.209
                      38: 0.905
 
 I=  9/2- (5)  6.005  25:-0.419
                      27: 0.464
                      28: 0.607
                      33:-0.223
                      35:-0.378
                      36:-0.216

             ENERGY    K= OMEGA
 
 I= 11/2- (1)  2.531  30:-1.000
 
 I= 11/2- (2)  4.128  24:-0.298
                      29: 0.138
                      31: 0.866
                      37:-0.052
                      38: 0.370
 
 I= 11/2- (3)  5.772  24: 0.108
                      29: 0.757
                      31:-0.121
                      32:-0.136
                      34:-0.273
                      37:-0.553
 
 I= 11/2- (4)  6.160  25:-0.473
                      27:-0.463
                      28:-0.594
                      33:-0.259
                      35:-0.329
                      36:-0.183
 
 I= 11/2- (5)  6.232  26: 0.073
                      29:-0.172
                      31: 0.064
                      32:-0.827
                      34:-0.488
                      37: 0.197

             ENERGY    K= OMEGA
 
 I= 13/2- (1)  4.113  30: 0.999
 
 I= 13/2- (2)  5.246  24: 0.329
                      29:-0.142
                      31: 0.844
                      34: 0.051
                      37:-0.065
                      38:-0.388
 
 I= 13/2- (3)  7.110  25:-0.503
                      27: 0.314
                      28: 0.681
                      33:-0.076
                      35:-0.392
                      36:-0.157
 
 I= 13/2- (4)  7.137  24:-0.122
                      26: 0.158
                      29:-0.688
                      31:-0.104
                      32: 0.214
                      34:-0.400
                      37:-0.517
                      38:-0.054
 
 I= 13/2- (5)  7.589  26: 0.330
                      29: 0.326
                      31: 0.113
                      32: 0.508
                      34:-0.628
                      37: 0.344

             ENERGY     K= 9/2
  32 LEVELS    TIME=  0.0 SEC



 ******************* EXCITATION ENERGIES, DOMINANT CONFIGURATION AND EXPECTATION VALUES (WITH S.P. UU+VV FACTORS) *******************

  NR  Eex(keV)  I   Kdom  NY    <Jz>  <Jx**2> <Jy**2> <Jz**2> <I.j>/|I|  <Rx**2> <Ry**2> <Rz**2> <R.j>/|R|  <HROTx> <HROTy> <HROTz>

   1    0.0  11/2- -11/2  30   -5.49    2.75    2.75   30.24    5.06       5.48    5.48    0.00   -1.65      0.669   0.669   0.000
   2  139.3   7/2-  -7/2  31   -3.18    6.49    6.49   11.93    3.49       6.49    6.49   -0.00   -3.07      0.791   0.791  -0.000
   3  211.6   1/2-   1/2  32    0.50    5.38    5.38    0.25    0.07       5.82    5.82    0.00   -3.21      0.710   0.710   0.000
   4  277.5   3/2-   1/2  32   -0.31    5.38    5.38    1.06    1.00       5.84    5.84    0.00   -2.89      0.713   0.713   0.000
   5  522.0   3/2-  -3/2  34   -0.68    5.40    5.40    1.43    0.73       6.59    6.59    0.00   -2.98      0.803   0.803   0.000
  
   6  557.7   5/2-   5/2  29    2.17    6.11    6.11    5.87    2.09       7.24    7.24   -0.00   -3.13      0.883   0.883  -0.000
   7  731.8   9/2-  -7/2  31   -2.19    6.19    6.19   12.55    3.55       7.19    7.19   -0.00   -1.92      0.876   0.876  -0.000
   8  827.9   5/2-  -3/2  34   -0.54    5.56    5.56    1.98    1.10       7.67    7.67    0.00   -2.51      0.935   0.935   0.000
   9 1182.4   7/2-   5/2  29    0.96    5.28    5.28    7.19    2.22       7.93    7.93   -0.00   -2.24      0.967   0.967  -0.000
  10 1442.7   5/2-   1/2  32   -0.10    5.40    5.40    0.88   -0.15      10.66   10.66    0.00   -2.63      1.300   1.300   0.000
  
  11 1502.0   7/2-   1/2  32   -0.12    5.32    5.32    1.37    0.81      10.67   10.67    0.00   -1.91      1.301   1.301   0.000
  12 1581.7  13/2- -11/2  30   -5.48    2.75    2.75   30.21    4.34      11.96   11.96    0.00   -1.11      1.458   1.458   0.000
  13 1597.2  11/2-  -7/2  31   -1.76    6.11    6.11   12.69    3.41       9.92    9.92   -0.00   -1.01      1.209   1.209  -0.000
  14 1956.9   7/2-  -3/2  34   -0.93    5.27    5.27    2.26    0.71      11.47   11.47    0.00   -2.09      1.398   1.398   0.000
  15 2072.5   9/2-   5/2  29    0.44    5.02    5.02    7.31    2.03      10.94   10.94    0.00   -1.55      1.333   1.333   0.000
  
  16 2228.6   7/2-  -7/2  37   -1.91    3.47    3.47   10.22    2.18       7.79    7.79    0.00   -2.15      0.950   0.950   0.000
  17 2377.9   1/2-   1/2  27    0.50   13.69   13.69    0.25    1.36      13.01   13.01    0.00   -5.18      1.586   1.586   0.000
  18 2473.5   9/2-  -3/2  34   -0.70    5.42    5.42    2.54    1.14      13.40   13.40    0.00   -1.49      1.634   1.634   0.000
  19 2715.2  13/2-  -7/2  31   -1.52    6.10    6.10   12.69    3.27      14.00   14.00   -0.00   -0.39      1.706   1.706  -0.000
  20 2715.4   5/2-   1/2  27    0.34   14.06   14.06    0.47    1.54      14.12   14.12    0.00   -4.52      1.722   1.722   0.000
  
  21 2845.7   9/2-   9/2  38    3.47    2.91    2.91   18.40    3.55       6.85    6.85    0.00   -1.78      0.835   0.835   0.000
  22 3232.4   1/2-   1/2  26    0.50    7.71    7.71    0.25    0.66       7.64    7.64    0.00   -3.86      0.932   0.932   0.000
  23 3240.6  11/2-   5/2  29    0.25    4.83    4.83    7.79    1.88      15.34   15.34    0.00   -1.12      1.871   1.871   0.000
  24 3473.6   9/2-   5/2  28    0.22   19.87   19.87    4.63    3.85      15.39   15.39    0.00   -4.54      1.877   1.877   0.000
  25 3607.8   1/2-   1/2  33    0.50   16.69   16.69    0.25   -1.23      18.25   18.25    0.00   -5.74      2.226   2.226   0.000
  
  26 3629.2  11/2-   5/2  28    0.26   20.38   20.38    4.18    4.14      15.56   15.56    0.00   -3.61      1.897   1.897   0.000
  27 3701.3  11/2-   1/2  32   -0.08    5.28    5.28    1.43    0.72      19.59   19.59    0.00   -1.23      2.388   2.388   0.000
  28 4129.2   5/2-   5/2  28    1.31   21.43   21.43    4.34    3.29      18.24   18.24    0.00   -6.20      2.224   2.224   0.000
  29 4579.5  13/2-   5/2  28    0.26   21.33   21.33    5.43    4.19      19.18   19.18    0.00   -3.04      2.339   2.339   0.000
  30 4605.7  13/2-   5/2  29    0.05    4.94    4.94    6.90    1.70      20.90   20.90    0.00   -0.76      2.548   2.548   0.000
  
  31 5058.0  13/2-  -3/2  34   -0.59    5.38    5.38    3.28    1.17      23.25   23.25    0.00   -0.86      2.835   2.835   0.000
  32*******   1/2-  -3/2  34    0.00    0.00    0.00    0.00   -0.00       0.00    0.00    0.00   -0.00      0.000   0.000   0.000
