1SPECTRUM OF (Z= 82 A=207) IN PARTICLE-ROTOR  MODEL WITH MODIFIED OSCILLATOR POTENTIAL


 PARITY=-   EPS= 0.698   GAMMA=  0.0   EPS4=0.000   EPS6=0.000   LEVELS:  24  25  26  27  28  29  30  31  32  33  34  35  36  37  38

 PAIRING FACTORS: GN0= 19.20  GN1=  7.40  IPAIR= 15 ***  E2PLUS(INPUT)=   0.730  E2PLUR(INPUT)=   0.000

 CORIOLIS ATTENUATION PARAMETERS:  CHSI=1.000  ETA=  1.00

 MOMENT OF INERTIA PARAMETERS:   A1=  0.122 MEV   A2=  0.122 MEV   A3=121.91924 MEV


 DELTA=0.799 MEV  LAMBDA=53.8979 MEV   HW0= 7.9423 MEV   LAMBDA/HW0= 6.7862

 E2ENERGY=0.730 MEV  HBAR**2/B=90337./A**(7/3)=******/A**2 MEV

 IREC=0  =>  RECOIL TERMS j+j-, j+j+, jzjz, ETC TREATED AS ONE-BODY OPERATORS WITH UU+VV PAIRING FACTORS



 S. P. LEVEL   EQP       U     V        (UU + VV)**1.00

     24       4.559    0.088 0.996      1.000 1.000 1.000 1.000 0.998 0.974 0.845 0.450 0.400 0.310 0.230 0.217 0.210 0.197 0.168
     25       4.049    0.099 0.995      1.000 1.000 1.000 1.000 0.999 0.976 0.851 0.460 0.410 0.320 0.241 0.228 0.220 0.208 0.179
     26       3.562    0.113 0.994      1.000 1.000 1.000 1.000 0.999 0.979 0.858 0.472 0.423 0.333 0.254 0.241 0.234 0.221 0.193
     27       3.381    0.119 0.993      1.000 1.000 1.000 1.000 1.000 0.980 0.861 0.478 0.429 0.339 0.260 0.247 0.240 0.227 0.199
     28       2.724    0.148 0.989      0.998 0.999 0.999 1.000 1.000 0.986 0.876 0.503 0.455 0.367 0.289 0.276 0.269 0.256 0.228
     29       1.343    0.313 0.950      0.974 0.976 0.979 0.980 0.986 1.000 0.945 0.642 0.599 0.519 0.446 0.434 0.427 0.416 0.389
     30       0.828    0.607 0.794      0.845 0.851 0.858 0.861 0.876 0.945 1.000 0.858 0.829 0.770 0.715 0.706 0.700 0.691 0.670
     31       1.163    0.929 0.370      0.450 0.460 0.472 0.478 0.503 0.642 0.858 1.000 0.998 0.988 0.973 0.969 0.967 0.964 0.956
     32       1.325    0.948 0.318      0.400 0.410 0.423 0.429 0.455 0.599 0.829 0.998 1.000 0.995 0.984 0.981 0.980 0.977 0.971
     33       1.824    0.974 0.225      0.310 0.320 0.333 0.339 0.367 0.519 0.770 0.988 0.995 1.000 0.997 0.995 0.995 0.993 0.989
     34       2.809    0.990 0.144      0.230 0.241 0.254 0.260 0.289 0.446 0.715 0.973 0.984 0.997 1.000 1.000 1.000 0.999 0.998
     35       3.093    0.991 0.130      0.217 0.228 0.241 0.247 0.276 0.434 0.706 0.969 0.981 0.995 1.000 1.000 1.000 1.000 0.999
     36       3.280    0.992 0.123      0.210 0.220 0.234 0.240 0.269 0.427 0.700 0.967 0.980 0.995 1.000 1.000 1.000 1.000 0.999
     37       3.660    0.994 0.110      0.197 0.208 0.221 0.227 0.256 0.416 0.691 0.964 0.977 0.993 0.999 1.000 1.000 1.000 1.000
     38       4.953    0.997 0.081      0.168 0.179 0.193 0.199 0.228 0.389 0.670 0.956 0.971 0.989 0.998 0.999 0.999 1.000 1.000

  R CORE   ENERGY   A0R/A00=1.000    R3= 0     2  
   2( 1)    0.732                    1.000 0.000
   2( 2)  487.921                    0.000 1.000

  R CORE   ENERGY   A0R/A00=1.000    R3= 0     2  
   3( 1)  488.652                    0.000 1.000

  R CORE   ENERGY   A0R/A00=1.000    R3= 0     2     4  
   4( 1)    2.438                    1.000 0.000 0.000

  R CORE   ENERGY   A0R/A00=1.000    R3= 0     2     4  
   5( 1)  490.847                    0.000 1.000 0.000

  R CORE   ENERGY   A0R/A00=1.000    R3= 0     2     4     6  
   6( 1)    5.121                    1.000 0.000 0.000 0.000

  R CORE   ENERGY   A0R/A00=1.000    R3= 0     2     4     6  
   7( 1)  494.017                    0.000 1.000 0.000 0.000

          AXIAL SYMMETRY => K RESTRICTED TO OMEGA

                     K
     S.P. ORB#: 24 -1.50
     S.P. ORB#: 25  2.50
     S.P. ORB#: 26  2.50
     S.P. ORB#: 27  0.50
     S.P. ORB#: 28  4.50
     S.P. ORB#: 29  0.50
     S.P. ORB#: 30 -1.50
     S.P. ORB#: 31 -3.50
     S.P. ORB#: 32  2.50
     S.P. ORB#: 33 -3.50
     S.P. ORB#: 34 -5.50
     S.P. ORB#: 35  0.50
     S.P. ORB#: 36 -1.50
     S.P. ORB#: 37 -1.50
     S.P. ORB#: 38  0.50
 

             ENERGY    K= OMEGA
 
 I=  1/2- (1)  4.613  27:-0.114
                      35:-0.993
 
 I=  1/2- (2)  5.385  27: 0.993
                      35:-0.114
 
 I=  1/2- (3)  5.656  29:-0.994
                      38:-0.106
 
 I=  1/2- (4)  9.073  29: 0.106
                      38:-0.994
 
 I=  1/2- (5)147.131  30: 1.000

             ENERGY    K= OMEGA
 
 I=  3/2- (1)  4.679  24: 0.051
                      35:-0.850
                      36:-0.522
 
 I=  3/2- (2)  4.902  27:-0.203
                      35: 0.503
                      36:-0.840

             ENERGY    K= OMEGA
 
 I=  5/2- (1)  3.143  24: 0.088
                      32: 0.994
                      36: 0.071
 
 I=  5/2- (2)  5.246  25:-0.067
                      27: 0.336
                      32: 0.060
                      35: 0.496
                      36:-0.795
 
 I=  5/2- (3)  5.422  26: 0.108
                      29:-0.187
                      30: 0.953
                      37: 0.073
                      38:-0.200
 
 I=  5/2- (4)  5.830  25:-0.075
                      27:-0.146
                      35:-0.811
                      36:-0.559
 
 I=  5/2- (5)  6.261  24:-0.244
                      25: 0.187
                      27: 0.890
                      35:-0.287
                      36: 0.175

             ENERGY    K= OMEGA
 
 I=  7/2- (1)  3.697  24: 0.073
                      25: 0.088
                      32:-0.535
                      33:-0.836
 
 I=  7/2- (2)  4.032  24:-0.111
                      25: 0.067
                      32: 0.827
                      33:-0.537
                      36:-0.098
 
 I=  7/2- (3)  5.875  24: 0.114
                      25: 0.064
                      27: 0.095
                      35:-0.870
                      36:-0.464
 
 I=  7/2- (4)  6.104  26: 0.234
                      30:-0.897
                      31: 0.317
                      38:-0.198
 
 I=  7/2- (5)  6.328  24:-0.051
                      25: 0.105
                      27:-0.352
                      32:-0.109
                      35: 0.407
                      36:-0.827

             ENERGY    K= OMEGA
 
 I=  9/2- (1)  4.648  24:-0.105
                      25: 0.122
                      28:-0.145
                      32:-0.583
                      33: 0.780
                      36:-0.063
 
 I=  9/2- (2)  5.079  24:-0.111
                      25:-0.066
                      28: 0.664
                      32:-0.632
                      33:-0.363
                      36:-0.103
 
 I=  9/2- (3)  5.187  24: 0.079
                      25: 0.089
                      28: 0.734
                      32: 0.456
                      33: 0.481
                      36: 0.082
 
 I=  9/2- (4)  6.784  26: 0.292
                      29:-0.207
                      30: 0.808
                      31:-0.378
                      37: 0.051
                      38:-0.271
 
 I=  9/2- (5)  6.928  25:-0.088
                      27: 0.470
                      32: 0.127
                      35: 0.494
                      36:-0.713

             ENERGY    K= OMEGA
 
 I= 11/2- (1)  4.089  28: 0.159
                      34: 0.987
 
 I= 11/2- (2)  5.843  24:-0.135
                      25:-0.149
                      28: 0.140
                      32: 0.612
                      33: 0.747
                      36:-0.075
 
 I= 11/2- (3)  6.402  24:-0.146
                      25: 0.110
                      28:-0.487
                      32: 0.683
                      33:-0.485
                      34: 0.083
                      36:-0.139
 
 I= 11/2- (4)  6.592  24: 0.061
                      25:-0.098
                      28:-0.847
                      32:-0.291
                      33: 0.402
                      34: 0.133
                      36: 0.072
 
 I= 11/2- (5)  7.830  26: 0.384
                      29: 0.237
                      30:-0.679
                      31: 0.510
                      37: 0.117
                      38:-0.248

             ENERGY    K= OMEGA
 
 I= 13/2- (1)  5.604  28:-0.226
                      34: 0.974
 
 I= 13/2- (2)  7.275  24: 0.163
                      25:-0.171
                      28: 0.125
                      32: 0.632
                      33:-0.719
                      36: 0.091
 
 I= 13/2- (3)  7.945  24: 0.168
                      25: 0.151
                      27:-0.083
                      28:-0.374
                      32: 0.674
                      33: 0.553
                      34:-0.095
                      36: 0.182
 
 I= 13/2- (4)  8.245  25: 0.102
                      28: 0.891
                      32: 0.191
                      33: 0.333
                      34: 0.200
                      36: 0.072
 
 I= 13/2- (5)  8.932  26: 0.397
                      29:-0.185
                      30: 0.701
                      31:-0.479
                      38:-0.294

             ENERGY     K= 1/2
  32 LEVELS    TIME=  0.0 SEC



 ******************* EXCITATION ENERGIES, DOMINANT CONFIGURATION AND EXPECTATION VALUES (WITH S.P. UU+VV FACTORS) *******************

  NR  Eex(keV)  I   Kdom  NY    <Jz>  <Jx**2> <Jy**2> <Jz**2> <I.j>/|I|  <Rx**2> <Ry**2> <Rz**2> <R.j>/|R|  <HROTx> <HROTy> <HROTz>

   1    0.0   5/2-   5/2  32    2.45    6.41    6.41    6.20    2.22       7.31    7.31    0.00   -3.26      0.892   0.892   0.000
   2  553.3   7/2-  -7/2  33   -1.72    6.52    6.52   10.41    2.89       8.12    8.12   -0.00   -2.97      0.990   0.990  -0.000
   3  888.6   7/2-   5/2  32    0.68    6.46    6.46    7.89    2.03      10.21   10.21    0.00   -2.82      1.245   1.245   0.000
   4  945.4  11/2- -11/2  34   -5.25    2.87    2.87   29.99    5.10       5.26    5.26    0.00   -1.62      0.641   0.641   0.000
   5 1469.8   1/2-   1/2  35    0.50    5.76    5.76    0.25    0.04       6.22    6.22    0.00   -3.32      0.758   0.758   0.000
  
   6 1504.4   9/2-  -7/2  33   -1.17    6.58    6.58   10.13    2.43      11.91   11.91   -0.00   -2.29      1.452   1.452  -0.000
   7 1536.0   3/2-   1/2  35   -0.05    5.74    5.74    0.80    0.90       6.28    6.28    0.00   -2.98      0.765   0.765   0.000
   8 1758.8   3/2-  -3/2  36   -0.91    5.86    5.86    1.66    0.90       6.82    6.82    0.00   -3.15      0.832   0.832   0.000
   9 1936.0   9/2-   9/2  28    2.50    6.98    6.98   13.11    2.74      12.29   12.29    0.00   -2.71      1.499   1.499   0.000
  10 2043.6   9/2-   9/2  28    2.13    7.10    7.10   15.12    3.02      12.04   12.04    0.00   -2.92      1.468   1.468   0.000
  
  11 2103.1   5/2-  -3/2  36   -0.75    6.03    6.03    1.57    1.01       8.22    8.22    0.00   -2.63      1.002   1.002   0.000
  12 2241.8   1/2-   1/2  27    0.50    8.21    8.21    0.25    0.54       8.24    8.24   -0.00   -3.99      1.004   1.004  -0.000
  13 2278.2   5/2-  -3/2  30   -1.30   16.53   16.53    2.15    1.38      17.90   17.90    0.00   -5.20      2.182   2.182   0.000
  14 2461.1  13/2- -11/2  34   -4.99    3.00    3.00   29.73    4.41      11.48   11.48    0.00   -1.04      1.400   1.400   0.000
  15 2512.2   1/2-   1/2  29    0.50   16.92   16.92    0.25   -0.11      17.52   17.52    0.00   -5.78      2.136   2.136   0.000
  
  16 2686.2   5/2-   1/2  35   -0.11    5.81    5.81    0.92   -0.10      10.94   10.94    0.00   -2.74      1.334   1.334   0.000
  17 2699.9  11/2-  -7/2  33   -0.92    6.61    6.61    9.80    2.12      16.73   16.73   -0.00   -1.79      2.039   2.039  -0.000
  18 2731.8   7/2-   1/2  35    0.05    5.80    5.80    0.74    0.73      11.15   11.15    0.00   -2.00      1.359   1.359   0.000
  19 2960.6   7/2-  -3/2  30   -1.40   17.33   17.33    3.40    1.69      20.22   20.22    0.00   -4.93      2.465   2.465   0.000
  20 3117.5   5/2-   1/2  27    0.39    8.02    8.02    0.64    0.40      11.54   11.54    0.00   -3.23      1.407   1.407   0.000
  
  21 3185.1   7/2-  -3/2  36   -0.83    6.13    6.13    1.77    0.57      12.63   12.63    0.00   -2.34      1.539   1.539   0.000
  22 3258.3  11/2-   5/2  32    1.34    6.75    6.75   10.97    1.97      18.35   18.35    0.00   -2.10      2.237   2.237   0.000
  23 3449.1  11/2-   9/2  28    2.79    7.25    7.25   17.65    2.86      16.85   16.85    0.00   -2.59      2.054   2.054   0.000
  24 3641.0   9/2-  -3/2  30   -1.21   17.58   17.58    3.79    2.00      21.90   21.90    0.00   -4.38      2.671   2.671   0.000
  25 3785.0   9/2-  -3/2  36   -0.48    6.32    6.32    1.43    0.85      15.17   15.17    0.00   -1.78      1.849   1.849   0.000
  
  26 4132.0  13/2-  -7/2  33   -0.73    6.64    6.64    9.46    1.90      22.48   22.48   -0.00   -1.41      2.741   2.741  -0.000
  27 4686.2  11/2-  -3/2  30   -1.20   18.81   18.81    5.21    2.33      25.38   25.38    0.00   -4.06      3.095   3.095   0.000
  28 4801.9  13/2-   5/2  32    0.61    6.68    6.68    9.96    1.62      24.71   24.71    0.00   -1.71      3.012   3.012   0.000
  29 5102.0  13/2-   9/2  28    3.07    7.25    7.25   18.95    2.57      23.16   23.16    0.00   -2.28      2.824   2.824   0.000
  30 5788.7  13/2-  -3/2  30   -1.09   18.37   18.37    4.94    2.24      29.61   29.61    0.00   -3.39      3.610   3.610   0.000
  
  31 5929.4   1/2-   1/2  38    0.50   16.85   16.85    0.25    0.33      17.06   17.06    0.00   -5.76      2.080   2.080   0.000
  32*******   1/2-  -3/2  30    0.00    0.00    0.00    0.00   -0.00       0.00    0.00    0.00   -0.00      0.000   0.000   0.000
