1SPECTRUM OF (Z= 82 A=207) IN PARTICLE-ROTOR  MODEL WITH MODIFIED OSCILLATOR POTENTIAL


 PARITY=-   EPS= 0.565   GAMMA=  0.0   EPS4=0.000   EPS6=0.000   LEVELS:  24  25  26  27  28  29  30  31  32  33  34  35  36  37  38

 PAIRING FACTORS: GN0= 19.20  GN1=  7.40  IPAIR= 15 ***  E2PLUS(INPUT)=   0.730  E2PLUR(INPUT)=   0.000

 CORIOLIS ATTENUATION PARAMETERS:  CHSI=1.000  ETA=  1.00

 MOMENT OF INERTIA PARAMETERS:   A1=  0.122 MEV   A2=  0.122 MEV   A3=121.91924 MEV


 DELTA=0.913 MEV  LAMBDA=53.5115 MEV   HW0= 7.7328 MEV   LAMBDA/HW0= 6.9201

 E2ENERGY=0.730 MEV  HBAR**2/B=59190./A**(7/3)=******/A**2 MEV

 IREC=0  =>  RECOIL TERMS j+j-, j+j+, jzjz, ETC TREATED AS ONE-BODY OPERATORS WITH UU+VV PAIRING FACTORS



 S. P. LEVEL   EQP       U     V        (UU + VV)**1.00

     24       4.580    0.100 0.995      1.000 1.000 1.000 0.997 0.993 0.931 0.849 0.796 0.530 0.409 0.393 0.368 0.364 0.211 0.206
     25       4.485    0.102 0.995      1.000 1.000 1.000 0.997 0.994 0.932 0.850 0.797 0.532 0.411 0.395 0.370 0.366 0.213 0.208
     26       3.877    0.119 0.993      1.000 1.000 1.000 0.998 0.995 0.938 0.859 0.807 0.546 0.426 0.410 0.385 0.381 0.229 0.224
     27       2.642    0.176 0.984      0.997 0.997 0.998 1.000 0.999 0.956 0.887 0.840 0.593 0.477 0.462 0.437 0.433 0.285 0.279
     28       2.191    0.213 0.977      0.993 0.994 0.995 0.999 1.000 0.967 0.904 0.860 0.624 0.510 0.496 0.471 0.468 0.321 0.316
     29       1.125    0.456 0.890      0.931 0.932 0.938 0.956 0.967 1.000 0.983 0.962 0.803 0.713 0.701 0.681 0.678 0.553 0.548
     30       0.944    0.611 0.792      0.849 0.850 0.859 0.887 0.904 0.983 1.000 0.996 0.898 0.829 0.820 0.804 0.801 0.696 0.692
     31       0.915    0.682 0.731      0.796 0.797 0.807 0.840 0.860 0.962 0.996 1.000 0.935 0.878 0.869 0.855 0.853 0.759 0.756
     32       1.151    0.897 0.442      0.530 0.532 0.546 0.593 0.624 0.803 0.898 0.935 1.000 0.991 0.988 0.983 0.983 0.941 0.939
     33       1.526    0.949 0.315      0.409 0.411 0.426 0.477 0.510 0.713 0.829 0.878 0.991 1.000 1.000 0.999 0.999 0.978 0.977
     34       1.600    0.954 0.299      0.393 0.395 0.410 0.462 0.496 0.701 0.820 0.869 0.988 1.000 1.000 1.000 0.999 0.982 0.981
     35       1.741    0.962 0.273      0.368 0.370 0.385 0.437 0.471 0.681 0.804 0.855 0.983 0.999 1.000 1.000 1.000 0.987 0.986
     36       1.765    0.963 0.269      0.364 0.366 0.381 0.433 0.468 0.678 0.801 0.853 0.983 0.999 0.999 1.000 1.000 0.987 0.986
     37       4.104    0.994 0.112      0.211 0.213 0.229 0.285 0.321 0.553 0.696 0.759 0.941 0.978 0.982 0.987 0.987 1.000 1.000
     38       4.315    0.994 0.106      0.206 0.208 0.224 0.279 0.316 0.548 0.692 0.756 0.939 0.977 0.981 0.986 0.986 1.000 1.000

  R CORE   ENERGY   A0R/A00=1.000    R3= 0     2  
   2( 1)    0.732                    1.000 0.000
   2( 2)  487.921                    0.000 1.000

  R CORE   ENERGY   A0R/A00=1.000    R3= 0     2  
   3( 1)  488.652                    0.000 1.000

  R CORE   ENERGY   A0R/A00=1.000    R3= 0     2     4  
   4( 1)    2.438                    1.000 0.000 0.000

  R CORE   ENERGY   A0R/A00=1.000    R3= 0     2     4  
   5( 1)  490.847                    0.000 1.000 0.000

  R CORE   ENERGY   A0R/A00=1.000    R3= 0     2     4     6  
   6( 1)    5.121                    1.000 0.000 0.000 0.000

  R CORE   ENERGY   A0R/A00=1.000    R3= 0     2     4     6  
   7( 1)  494.017                    0.000 1.000 0.000 0.000

          AXIAL SYMMETRY => K RESTRICTED TO OMEGA

                     K
     S.P. ORB#: 24  2.50
     S.P. ORB#: 25  4.50
     S.P. ORB#: 26  0.50
     S.P. ORB#: 27  0.50
     S.P. ORB#: 28  2.50
     S.P. ORB#: 29  2.50
     S.P. ORB#: 30 -5.50
     S.P. ORB#: 31 -3.50
     S.P. ORB#: 32  0.50
     S.P. ORB#: 33 -3.50
     S.P. ORB#: 34  0.50
     S.P. ORB#: 35 -1.50
     S.P. ORB#: 36 -1.50
     S.P. ORB#: 37 -3.50
     S.P. ORB#: 38 -1.50
 

             ENERGY    K= OMEGA
 
 I=  1/2- (1)  3.045  34: 0.999
 
 I=  1/2- (2)  4.923  27:-0.505
                      32: 0.863
 
 I=  1/2- (3)  5.767  26: 0.999
 
 I=  1/2- (4)  6.549  27: 0.863
                      32: 0.505
 
 I=  1/2- (5)148.044  35: 1.000

             ENERGY    K= OMEGA
 
 I=  3/2- (1)  3.113  34: 0.789
                      36: 0.614
 
 I=  3/2- (2)  3.354  26: 0.120
                      34:-0.607
                      36: 0.785

             ENERGY    K= OMEGA
 
 I=  5/2- (1)  2.940  29:-0.991
                      36:-0.122
 
 I=  5/2- (2)  3.664  26:-0.182
                      29:-0.120
                      34:-0.530
                      36: 0.818
 
 I=  5/2- (3)  4.275  34:-0.836
                      36:-0.545
 
 I=  5/2- (4)  4.849  27: 0.513
                      32:-0.763
                      35:-0.265
                      38: 0.292
 
 I=  5/2- (5)  6.447  27: 0.167
                      28: 0.165
                      32: 0.365
                      35:-0.889
                      38:-0.149

             ENERGY    K= OMEGA
 
 I=  7/2- (1)  2.697  24:-0.182
                      29: 0.131
                      31: 0.974
 
 I=  7/2- (2)  3.622  24:-0.060
                      29:-0.924
                      31: 0.108
                      36: 0.158
                      37: 0.322
 
 I=  7/2- (3)  4.332  29:-0.105
                      34:-0.826
                      36:-0.546
                      37: 0.073
 
 I=  7/2- (4)  4.798  24:-0.057
                      26: 0.226
                      29: 0.070
                      34:-0.537
                      36: 0.797
                      37:-0.128
 
 I=  7/2- (5)  5.274  29: 0.334
                      31:-0.051
                      36: 0.098
                      37: 0.935

             ENERGY    K= OMEGA
 
 I=  9/2- (1)  3.544  24:-0.257
                      29: 0.171
                      31:-0.949
 
 I=  9/2- (2)  4.536  24: 0.084
                      29: 0.872
                      31: 0.133
                      34:-0.066
                      36: 0.201
                      37: 0.408
 
 I=  9/2- (3)  5.322  26:-0.289
                      29:-0.156
                      31:-0.066
                      34:-0.542
                      36: 0.755
                      37:-0.145
 
 I=  9/2- (4)  5.623  27:-0.488
                      32: 0.742
                      35: 0.251
                      38:-0.385
 
 I=  9/2- (5)  6.424  24:-0.070
                      25:-0.066
                      26:-0.076
                      29:-0.138
                      34:-0.734
                      36:-0.498
                      37: 0.423

             ENERGY    K= OMEGA
 
 I= 11/2- (1)  2.077  25: 0.181
                      30: 0.983
 
 I= 11/2- (2)  4.610  24:-0.311
                      25: 0.058
                      29: 0.191
                      31: 0.927
 
 I= 11/2- (3)  5.695  24: 0.101
                      29: 0.842
                      31:-0.145
                      34:-0.066
                      36:-0.204
                      37:-0.461
 
 I= 11/2- (4)  6.501  27: 0.393
                      28: 0.084
                      32: 0.786
                      33: 0.054
                      35: 0.136
                      38: 0.446
 
 I= 11/2- (5)  6.532  26:-0.070
                      29: 0.113
                      31:-0.060
                      34: 0.844
                      36: 0.502
                      37:-0.118

             ENERGY    K= OMEGA
 
 I= 13/2- (1)  3.432  25:-0.254
                      30: 0.967
 
 I= 13/2- (2)  5.900  24:-0.354
                      25: 0.057
                      29: 0.200
                      31:-0.908
 
 I= 13/2- (3)  7.078  24: 0.115
                      26:-0.085
                      29: 0.806
                      31: 0.138
                      34:-0.102
                      36: 0.258
                      37: 0.483
 
 I= 13/2- (4)  7.315  27: 0.465
                      32:-0.732
                      35:-0.231
                      38: 0.439
 
 I= 13/2- (5)  7.903  26:-0.367
                      29:-0.193
                      31:-0.108
                      34:-0.534
                      36: 0.699
                      37:-0.201

             ENERGY     K=-3/2
  32 LEVELS    TIME=  0.0 SEC



 ******************* EXCITATION ENERGIES, DOMINANT CONFIGURATION AND EXPECTATION VALUES (WITH S.P. UU+VV FACTORS) *******************

  NR  Eex(keV)  I   Kdom  NY    <Jz>  <Jx**2> <Jy**2> <Jz**2> <I.j>/|I|  <Rx**2> <Ry**2> <Rz**2> <R.j>/|R|  <HROTx> <HROTy> <HROTz>

   1    0.0  11/2- -11/2  30   -5.17    2.91    2.91   29.92    5.28       4.17    4.17   -0.00   -1.44      0.509   0.509  -0.000
   2  619.4   7/2-  -7/2  31   -3.20    6.51    6.51   11.95    3.42       6.79    6.79   -0.00   -3.09      0.828   0.828  -0.000
   3  862.5   5/2-   5/2  29    2.44    6.22    6.22    6.18    2.13       7.38    7.38    0.00   -3.21      0.900   0.900   0.000
   4  967.6   1/2-   1/2  34    0.50    5.46    5.46    0.25    0.05       5.91    5.91    0.00   -3.23      0.720   0.720   0.000
   5 1035.4   3/2-   1/2  34   -0.25    5.45    5.45    1.00    0.97       5.94    5.94    0.00   -2.91      0.725   0.725   0.000
  
   6 1276.8   3/2-  -3/2  36   -0.73    5.49    5.49    1.48    0.75       6.64    6.64    0.00   -3.02      0.810   0.810   0.000
   7 1354.7  13/2- -11/2  30   -4.85    3.07    3.07   29.59    4.72       9.27    9.27    0.00   -0.64      1.130   1.130   0.000
   8 1466.5   9/2-  -7/2  31   -2.91    6.63    6.63   11.69    3.04       9.72    9.72   -0.00   -2.23      1.185   1.185  -0.001
   9 1544.6   7/2-   5/2  29    1.70    5.76    5.76    6.83    2.06       8.86    8.86    0.00   -2.41      1.080   1.080   0.000
  10 1586.1   5/2-  -3/2  36   -0.81    5.58    5.58    1.68    1.04       7.71    7.71    0.00   -2.48      0.940   0.940   0.000
  
  11 2197.9   5/2-   1/2  34   -0.09    5.47    5.47    0.86   -0.16      10.74   10.74    0.00   -2.65      1.309   1.309   0.000
  12 2255.0   7/2-   1/2  34   -0.10    5.45    5.45    0.99    0.72      10.95   10.95    0.00   -1.93      1.334   1.334   0.000
  13 2458.3   9/2-   5/2  29    1.22    5.48    5.48    7.16    1.95      11.72   11.72    0.00   -1.73      1.429   1.429   0.000
  14 2532.1  11/2-  -7/2  31   -2.67    6.72    6.72   11.48    2.80      13.59   13.59   -0.00   -1.57      1.657   1.657  -0.000
  15 2720.8   7/2-  -3/2  36   -0.82    5.53    5.53    1.78    0.58      12.01   12.01    0.00   -2.15      1.465   1.465   0.000
  
  16 2771.3   5/2-   1/2  32    0.19   14.65   14.65    0.56    2.38      12.28   12.28    0.00   -4.61      1.497   1.497   0.000
  17 2845.1   1/2-   1/2  32    0.50   14.59   14.59    0.25    1.37      13.91   13.91    0.00   -5.36      1.695   1.695   0.000
  18 3196.8   7/2-  -7/2  37   -2.80    2.81    2.81   11.47    2.55       6.29    6.29   -0.00   -1.96      0.767   0.767  -0.000
  19 3244.1   9/2-  -3/2  36   -0.69    5.64    5.64    1.86    1.01      13.92   13.92    0.00   -1.54      1.697   1.697   0.000
  20 3545.9   9/2-   1/2  32    0.08   14.86   14.86    0.67    2.56      14.81   14.81    0.00   -3.24      1.806   1.806   0.000
  
  21 3618.0  11/2-   5/2  29    0.92    5.28    5.28    7.47    1.84      15.88   15.88    0.00   -1.25      1.936   1.936   0.000
  22 3689.6   1/2-   1/2  26    0.50    7.83    7.83    0.25    0.64       7.77    7.77    0.00   -3.89      0.947   0.947   0.000
  23 3822.0  13/2-  -7/2  31   -2.48    6.80    6.80   11.29    2.63      18.43   18.43   -0.00   -1.07      2.247   2.247  -0.000
  24 4346.2   9/2-   1/2  34   -0.65    4.94    4.94    3.12    0.25      17.65   17.65    0.00   -1.98      2.152   2.152   0.000
  25 4369.3   5/2-  -3/2  35   -1.07   17.12   17.12    2.04    1.11      19.23   19.23    0.00   -5.32      2.345   2.345   0.000
  
  26 4423.6  11/2-   1/2  32    0.07   17.65   17.65    0.76    2.94      18.34   18.34    0.00   -3.05      2.236   2.236   0.000
  27 4454.2  11/2-   1/2  34   -0.05    5.43    5.43    1.05    0.66      19.89   19.89    0.00   -1.26      2.425   2.425   0.000
  28 4471.5   1/2-   1/2  27    0.50   15.99   15.99    0.25   -1.26      17.59   17.59    0.00   -5.62      2.144   2.144   0.000
  29 5000.8  13/2-   5/2  29    0.69    5.18    5.18    7.41    1.74      21.11   21.11   -0.00   -0.87      2.573   2.573  -0.000
  30 5237.9  13/2-   1/2  32    0.01   15.03   15.03    0.75    2.64      21.32   21.32    0.00   -1.89      2.599   2.599   0.000
  
  31 5825.1  13/2-  -3/2  36   -0.61    5.71    5.71    2.10    1.03      23.93   23.93    0.00   -0.91      2.918   2.918   0.000
  32*******   1/2-  -3/2  35    0.00    0.00    0.00    0.00   -0.00       0.00    0.00    0.00   -0.00      0.000   0.000   0.000
