1SPECTRUM OF (Z= 82 A=207) IN PARTICLE-ROTOR  MODEL WITH MODIFIED OSCILLATOR POTENTIAL


 PARITY=-   EPS= 0.597   GAMMA=  0.0   EPS4=0.000   EPS6=0.000   LEVELS:  24  25  26  27  28  29  30  31  32  33  34  35  36  37  38

 PAIRING FACTORS: GN0= 19.20  GN1=  7.40  IPAIR= 15 ***  E2PLUS(INPUT)=   0.730  E2PLUR(INPUT)=   0.000

 CORIOLIS ATTENUATION PARAMETERS:  CHSI=1.000  ETA=  1.00

 MOMENT OF INERTIA PARAMETERS:   A1=  0.122 MEV   A2=  0.122 MEV   A3=121.91922 MEV


 DELTA=0.914 MEV  LAMBDA=53.6411 MEV   HW0= 7.7766 MEV   LAMBDA/HW0= 6.8977

 E2ENERGY=0.730 MEV  HBAR**2/B=66085./A**(7/3)=******/A**2 MEV

 IREC=0  =>  RECOIL TERMS j+j-, j+j+, jzjz, ETC TREATED AS ONE-BODY OPERATORS WITH UU+VV PAIRING FACTORS



 S. P. LEVEL   EQP       U     V        (UU + VV)**1.00

     24       4.533    0.101 0.995      1.000 1.000 1.000 0.999 0.997 0.873 0.704 0.681 0.639 0.452 0.442 0.350 0.327 0.213 0.198
     25       4.148    0.111 0.994      1.000 1.000 1.000 1.000 0.998 0.878 0.711 0.688 0.647 0.460 0.450 0.358 0.336 0.222 0.207
     26       3.842    0.120 0.993      1.000 1.000 1.000 1.000 0.998 0.882 0.717 0.694 0.654 0.468 0.458 0.367 0.345 0.231 0.216
     27       3.355    0.137 0.991      0.999 1.000 1.000 1.000 0.999 0.890 0.729 0.707 0.667 0.484 0.474 0.383 0.362 0.248 0.234
     28       2.577    0.180 0.984      0.997 0.998 0.998 0.999 1.000 0.909 0.758 0.737 0.699 0.521 0.512 0.423 0.402 0.290 0.275
     29       0.972    0.574 0.819      0.873 0.878 0.882 0.890 0.909 1.000 0.961 0.952 0.933 0.830 0.823 0.762 0.747 0.662 0.651
     30       0.935    0.778 0.628      0.704 0.711 0.717 0.729 0.758 0.961 1.000 0.999 0.996 0.952 0.948 0.912 0.902 0.844 0.836
     31       0.950    0.798 0.603      0.681 0.688 0.694 0.707 0.737 0.952 0.999 1.000 0.998 0.961 0.958 0.924 0.915 0.861 0.853
     32       0.986    0.830 0.558      0.639 0.647 0.654 0.667 0.699 0.933 0.996 0.998 1.000 0.975 0.972 0.944 0.936 0.887 0.880
     33       1.363    0.933 0.359      0.452 0.460 0.468 0.484 0.521 0.830 0.952 0.961 0.975 1.000 1.000 0.994 0.991 0.968 0.964
     34       1.398    0.937 0.349      0.442 0.450 0.458 0.474 0.512 0.823 0.948 0.958 0.972 1.000 1.000 0.995 0.992 0.971 0.967
     35       1.867    0.968 0.253      0.350 0.358 0.367 0.383 0.423 0.762 0.912 0.924 0.944 0.994 0.995 1.000 1.000 0.990 0.988
     36       2.041    0.973 0.230      0.327 0.336 0.345 0.362 0.402 0.747 0.902 0.915 0.936 0.991 0.992 1.000 1.000 0.993 0.991
     37       4.079    0.994 0.113      0.213 0.222 0.231 0.248 0.290 0.662 0.844 0.861 0.887 0.968 0.971 0.990 0.993 1.000 1.000
     38       4.696    0.995 0.098      0.198 0.207 0.216 0.234 0.275 0.651 0.836 0.853 0.880 0.964 0.967 0.988 0.991 1.000 1.000

  R CORE   ENERGY   A0R/A00=1.000    R3= 0     2  
   2( 1)    0.732                    1.000 0.000
   2( 2)  487.921                    0.000 1.000

  R CORE   ENERGY   A0R/A00=1.000    R3= 0     2  
   3( 1)  488.652                    0.000 1.000

  R CORE   ENERGY   A0R/A00=1.000    R3= 0     2     4  
   4( 1)    2.438                    1.000 0.000 0.000

  R CORE   ENERGY   A0R/A00=1.000    R3= 0     2     4  
   5( 1)  490.847                    0.000 1.000 0.000

  R CORE   ENERGY   A0R/A00=1.000    R3= 0     2     4     6  
   6( 1)    5.121                    1.000 0.000 0.000 0.000

  R CORE   ENERGY   A0R/A00=1.000    R3= 0     2     4     6  
   7( 1)  494.017                    0.000 1.000 0.000 0.000

          AXIAL SYMMETRY => K RESTRICTED TO OMEGA

                     K
     S.P. ORB#: 24  2.50
     S.P. ORB#: 25  4.50
     S.P. ORB#: 26  0.50
     S.P. ORB#: 27  0.50
     S.P. ORB#: 28  2.50
     S.P. ORB#: 29  2.50
     S.P. ORB#: 30  0.50
     S.P. ORB#: 31 -3.50
     S.P. ORB#: 32 -5.50
     S.P. ORB#: 33 -1.50
     S.P. ORB#: 34 -3.50
     S.P. ORB#: 35  0.50
     S.P. ORB#: 36 -1.50
     S.P. ORB#: 37 -1.50
     S.P. ORB#: 38 -3.50
 

             ENERGY    K= OMEGA
 
 I=  1/2- (1)  3.334  35: 0.999
 
 I=  1/2- (2)  4.803  27: 0.393
                      30:-0.920
 
 I=  1/2- (3)  5.761  26: 0.999
 
 I=  1/2- (4)  7.215  27:-0.920
                      30:-0.393
 
 I=  1/2- (5)147.666  33: 1.000

             ENERGY    K= OMEGA
 
 I=  3/2- (1)  3.403  35: 0.804
                      36: 0.594
 
 I=  3/2- (2)  3.643  26: 0.118
                      35:-0.587
                      36: 0.801

             ENERGY    K= OMEGA
 
 I=  5/2- (1)  2.798  29: 0.996
                      36: 0.088
 
 I=  5/2- (2)  3.970  26: 0.186
                      29: 0.084
                      35: 0.523
                      36:-0.826
 
 I=  5/2- (3)  4.563  26:-0.053
                      35:-0.840
                      36:-0.538
 
 I=  5/2- (4)  4.715  27: 0.479
                      30:-0.769
                      33:-0.324
                      37: 0.272
 
 I=  5/2- (5)  6.169  27: 0.051
                      28: 0.127
                      30: 0.374
                      33:-0.909
                      37:-0.123

             ENERGY    K= OMEGA
 
 I=  7/2- (1)  2.779  24:-0.158
                      29: 0.171
                      31: 0.973
 
 I=  7/2- (2)  3.500  24: 0.058
                      29: 0.942
                      31:-0.157
                      36:-0.124
                      38:-0.261
 
 I=  7/2- (3)  4.622  29:-0.078
                      35:-0.835
                      36:-0.539
 
 I=  7/2- (4)  5.096  24:-0.061
                      26: 0.226
                      29: 0.074
                      35:-0.526
                      36: 0.810
                      38:-0.078
 
 I=  7/2- (5)  5.336  27: 0.332
                      30: 0.857
                      33: 0.128
                      37: 0.369

             ENERGY    K= OMEGA
 
 I=  9/2- (1)  3.674  24:-0.223
                      25: 0.050
                      29: 0.232
                      31:-0.945
 
 I=  9/2- (2)  4.425  24:-0.089
                      29:-0.894
                      31:-0.209
                      36:-0.157
                      38:-0.348
 
 I=  9/2- (3)  5.482  27: 0.496
                      30:-0.733
                      33:-0.309
                      37: 0.347
 
 I=  9/2- (4)  5.646  24: 0.051
                      26:-0.296
                      29:-0.121
                      31:-0.052
                      35:-0.537
                      36: 0.770
                      38:-0.100
 
 I=  9/2- (5)  6.559  25: 0.990
                      31: 0.053
                      35: 0.066
                      38:-0.094

             ENERGY    K= OMEGA
 
 I= 11/2- (1)  2.198  25: 0.149
                      32: 0.989
 
 I= 11/2- (2)  4.789  24:-0.272
                      25: 0.061
                      29: 0.269
                      31: 0.919
                      38:-0.065
 
 I= 11/2- (3)  5.583  24:-0.116
                      29:-0.857
                      31: 0.240
                      36: 0.171
                      38: 0.402
 
 I= 11/2- (4)  6.415  27:-0.390
                      28:-0.076
                      30:-0.802
                      33:-0.160
                      37:-0.414
 
 I= 11/2- (5)  6.822  26: 0.066
                      29:-0.090
                      35:-0.851
                      36:-0.503
                      38: 0.085

             ENERGY    K= OMEGA
 
 I= 13/2- (1)  3.636  25: 0.213
                      32:-0.977
 
 I= 13/2- (2)  6.129  24:-0.310
                      25: 0.063
                      29: 0.291
                      31:-0.898
                      38: 0.089
 
 I= 13/2- (3)  6.967  24: 0.140
                      26:-0.055
                      29: 0.823
                      31: 0.253
                      35:-0.060
                      36: 0.203
                      38: 0.435
 
 I= 13/2- (4)  7.179  27: 0.499
                      30:-0.716
                      33:-0.293
                      37: 0.390
 
 I= 13/2- (5)  8.246  26:-0.378
                      29:-0.142
                      31:-0.090
                      35:-0.531
                      36: 0.723
                      38:-0.145

             ENERGY     K=-7/2
  32 LEVELS    TIME=  0.0 SEC



 ******************* EXCITATION ENERGIES, DOMINANT CONFIGURATION AND EXPECTATION VALUES (WITH S.P. UU+VV FACTORS) *******************

  NR  Eex(keV)  I   Kdom  NY    <Jz>  <Jx**2> <Jy**2> <Jz**2> <I.j>/|I|  <Rx**2> <Ry**2> <Rz**2> <R.j>/|R|  <HROTx> <HROTy> <HROTz>

   1    0.0  11/2- -11/2  32   -5.28    2.86    2.86   30.02    5.20       4.68    4.68    0.00   -1.53      0.570   0.570   0.000
   2  581.5   7/2-  -7/2  31   -3.17    6.52    6.52   11.92    3.33       7.14    7.14    0.00   -3.11      0.870   0.870   0.000
   3  600.7   5/2-   5/2  29    2.47    6.27    6.27    6.22    2.13       7.44    7.44    0.00   -3.23      0.908   0.908   0.000
   4 1135.9   1/2-   1/2  35    0.50    5.53    5.53    0.25    0.04       6.00    6.00    0.00   -3.26      0.731   0.731   0.000
   5 1204.8   3/2-   1/2  35   -0.21    5.53    5.53    0.96    0.95       6.04    6.04    0.00   -2.93      0.736   0.736   0.000
  
   6 1302.2   7/2-   5/2  29    1.88    5.94    5.94    6.74    2.01       9.21    9.21    0.00   -2.48      1.122   1.122   0.000
   7 1438.2  13/2- -11/2  32   -5.05    2.97    2.97   29.79    4.58      10.28   10.28    0.00   -0.83      1.253   1.253   0.000
   8 1445.5   3/2-  -3/2  36   -0.78    5.57    5.57    1.53    0.77       6.71    6.71    0.00   -3.05      0.818   0.818   0.000
   9 1476.0   9/2-  -7/2  31   -2.86    6.62    6.62   11.65    2.90      10.38   10.38    0.00   -2.29      1.266   1.266   0.000
  10 1771.7   5/2-  -3/2  36   -0.85    5.64    5.64    1.67    1.01       7.86    7.86    0.00   -2.51      0.959   0.959   0.000
  
  11 2226.8   9/2-   5/2  29    1.41    5.70    5.70    7.14    1.93      12.07   12.07    0.00   -1.82      1.471   1.471   0.000
  12 2365.5   5/2-   1/2  35   -0.07    5.54    5.54    0.84   -0.16      10.82   10.82    0.00   -2.67      1.319   1.319   0.000
  13 2424.3   7/2-   1/2  35   -0.08    5.53    5.53    0.90    0.70      11.06   11.06    0.00   -1.95      1.349   1.349   0.000
  14 2517.4   5/2-   1/2  30    0.14   14.59   14.59    0.61    2.43      12.08   12.08    0.00   -4.60      1.473   1.473   0.000
  15 2590.9  11/2-  -7/2  31   -2.59    6.70    6.70   11.41    2.63      14.54   14.54    0.00   -1.68      1.773   1.773   0.000
  
  16 2604.7   1/2-   1/2  30    0.50   14.95   14.95    0.25    1.29      14.33   14.33   -0.00   -5.42      1.747   1.747  -0.000
  17 2898.3   7/2-  -3/2  36   -0.82    5.65    5.65    1.70    0.53      12.27   12.27    0.00   -2.20      1.496   1.496   0.000
  18 3138.0   7/2-   1/2  30    0.20   17.88   17.88    0.58    2.74      15.15   15.15    0.00   -4.62      1.848   1.848   0.000
  19 3284.0   9/2-   1/2  30    0.07   14.58   14.58    0.68    2.57      14.48   14.48   -0.00   -3.16      1.766   1.766  -0.000
  20 3384.8  11/2-   5/2  29    1.07    5.52    5.52    7.46    1.84      16.09   16.09    0.00   -1.32      1.962   1.962   0.000
  
  21 3448.7   9/2-  -3/2  36   -0.70    5.75    5.75    1.70    0.94      14.28   14.28    0.00   -1.59      1.741   1.741   0.000
  22 3563.4   1/2-   1/2  26    0.50    7.94    7.94    0.25    0.63       7.89    7.89    0.00   -3.92      0.962   0.962   0.000
  23 3931.7  13/2-  -7/2  31   -2.38    6.77    6.77   11.22    2.45      19.65   19.65    0.00   -1.22      2.396   2.396   0.000
  24 3971.4   5/2-  -3/2  33   -1.15   16.99   16.99    2.03    0.91      19.69   19.69    0.00   -5.31      2.400   2.400   0.000
  25 4217.7  11/2-   1/2  30    0.11   17.97   17.97    0.71    2.93      18.68   18.68   -0.00   -3.13      2.277   2.277  -0.000
  
  26 4361.3   9/2-   9/2  25    4.38    7.57    7.57   20.01    4.01       9.98    9.98   -0.00   -3.40      1.217   1.217  -0.000
  27 4623.8  11/2-   1/2  35   -0.03    5.52    5.52    0.93    0.64      20.04   20.04    0.00   -1.29      2.444   2.444   0.000
  28 4769.6  13/2-   5/2  29    0.80    5.40    5.40    7.60    1.78      21.16   21.16    0.00   -0.92      2.580   2.580   0.000
  29 4980.8  13/2-   1/2  30    0.02   14.62   14.62    0.73    2.63      21.02   21.02    0.00   -1.79      2.563   2.563   0.000
  30 5017.7   1/2-   1/2  27    0.50   15.80   15.80    0.25   -1.22      17.36   17.36   -0.00   -5.59      2.117   2.117  -0.000
  
  31 6048.6  13/2-  -3/2  36   -0.62    5.85    5.85    1.80    0.95      24.46   24.46   -0.00   -0.98      2.983   2.983  -0.000
  32*******   1/2-  -3/2  33    0.00    0.00    0.00    0.00   -0.00       0.00    0.00    0.00   -0.00      0.000   0.000   0.000
