1SPECTRUM OF (Z= 82 A=207) IN PARTICLE-ROTOR  MODEL WITH MODIFIED OSCILLATOR POTENTIAL


 PARITY=-   EPS= 0.533   GAMMA=  0.0   EPS4=0.000   EPS6=0.000   LEVELS:  24  25  26  27  28  29  30  31  32  33  34  35  36  37  38

 PAIRING FACTORS: GN0= 19.20  GN1=  7.40  IPAIR= 15 ***  E2PLUS(INPUT)=   0.730  E2PLUR(INPUT)=   0.000

 CORIOLIS ATTENUATION PARAMETERS:  CHSI=1.000  ETA=  1.00

 MOMENT OF INERTIA PARAMETERS:   A1=  0.122 MEV   A2=  0.122 MEV   A3=121.91923 MEV


 DELTA=0.852 MEV  LAMBDA=53.4140 MEV   HW0= 7.6927 MEV   LAMBDA/HW0= 6.9435

 E2ENERGY=0.730 MEV  HBAR**2/B=52675./A**(7/3)=8904.7/A**2 MEV

 IREC=0  =>  RECOIL TERMS j+j-, j+j+, jzjz, ETC TREATED AS ONE-BODY OPERATORS WITH UU+VV PAIRING FACTORS



 S. P. LEVEL   EQP       U     V        (UU + VV)**1.00

     24       4.623    0.093 0.996      1.000 1.000 1.000 0.991 0.988 0.966 0.955 0.888 0.432 0.392 0.392 0.362 0.296 0.214 0.197
     25       4.270    0.100 0.995      1.000 1.000 1.000 0.992 0.989 0.968 0.958 0.892 0.439 0.399 0.399 0.369 0.303 0.222 0.204
     26       3.905    0.110 0.994      1.000 1.000 1.000 0.993 0.991 0.970 0.960 0.896 0.448 0.408 0.407 0.378 0.312 0.231 0.213
     27       1.947    0.225 0.974      0.991 0.992 0.993 1.000 1.000 0.992 0.986 0.942 0.549 0.511 0.511 0.483 0.421 0.342 0.326
     28       1.806    0.243 0.970      0.988 0.989 0.991 1.000 1.000 0.994 0.989 0.948 0.564 0.528 0.527 0.499 0.438 0.360 0.344
     29       1.304    0.349 0.937      0.966 0.968 0.970 0.992 0.994 1.000 0.999 0.977 0.652 0.618 0.617 0.592 0.534 0.461 0.445
     30       1.204    0.383 0.924      0.955 0.958 0.960 0.986 0.989 0.999 1.000 0.984 0.680 0.647 0.646 0.621 0.565 0.493 0.478
     31       0.938    0.539 0.842      0.888 0.892 0.896 0.942 0.948 0.977 0.984 1.000 0.798 0.771 0.770 0.749 0.701 0.639 0.625
     32       1.310    0.938 0.347      0.432 0.439 0.448 0.549 0.564 0.652 0.680 0.798 1.000 0.999 0.999 0.997 0.989 0.973 0.969
     33       1.466    0.952 0.305      0.392 0.399 0.408 0.511 0.528 0.618 0.647 0.771 0.999 1.000 1.000 0.999 0.995 0.983 0.979
     34       1.469    0.952 0.305      0.392 0.399 0.407 0.511 0.527 0.617 0.646 0.770 0.999 1.000 1.000 0.999 0.995 0.983 0.979
     35       1.618    0.962 0.274      0.362 0.369 0.378 0.483 0.499 0.592 0.621 0.749 0.997 0.999 0.999 1.000 0.998 0.988 0.985
     36       2.113    0.979 0.206      0.296 0.303 0.312 0.421 0.438 0.534 0.565 0.701 0.989 0.995 0.995 0.998 1.000 0.996 0.995
     37       3.502    0.992 0.123      0.214 0.222 0.231 0.342 0.360 0.461 0.493 0.639 0.973 0.983 0.983 0.988 0.996 1.000 1.000
     38       4.082    0.994 0.105      0.197 0.204 0.213 0.326 0.344 0.445 0.478 0.625 0.969 0.979 0.979 0.985 0.995 1.000 1.000

  R CORE   ENERGY   A0R/A00=1.000    R3= 0     2  
   2( 1)    0.732                    1.000 0.000
   2( 2)  487.921                    0.000 1.000

  R CORE   ENERGY   A0R/A00=1.000    R3= 0     2  
   3( 1)  488.652                    0.000 1.000

  R CORE   ENERGY   A0R/A00=1.000    R3= 0     2     4  
   4( 1)    2.438                    1.000 0.000 0.000

  R CORE   ENERGY   A0R/A00=1.000    R3= 0     2     4  
   5( 1)  490.847                    0.000 1.000 0.000

  R CORE   ENERGY   A0R/A00=1.000    R3= 0     2     4     6  
   6( 1)    5.121                    1.000 0.000 0.000 0.000

  R CORE   ENERGY   A0R/A00=1.000    R3= 0     2     4     6  
   7( 1)  494.017                    0.000 1.000 0.000 0.000

          AXIAL SYMMETRY => K RESTRICTED TO OMEGA

                     K
     S.P. ORB#: 24  2.50
     S.P. ORB#: 25 -1.50
     S.P. ORB#: 26  0.50
     S.P. ORB#: 27  0.50
     S.P. ORB#: 28  2.50
     S.P. ORB#: 29  2.50
     S.P. ORB#: 30 -5.50
     S.P. ORB#: 31 -3.50
     S.P. ORB#: 32  0.50
     S.P. ORB#: 33 -1.50
     S.P. ORB#: 34  0.50
     S.P. ORB#: 35 -3.50
     S.P. ORB#: 36 -1.50
     S.P. ORB#: 37 -3.50
     S.P. ORB#: 38  4.50
 

             ENERGY    K= OMEGA
 
 I=  1/2- (1)  2.733  32:-0.999
 
 I=  1/2- (2)  4.903  27:-0.748
                      34: 0.663
 
 I=  1/2- (3)  5.763  26: 0.999
 
 I=  1/2- (4)  6.134  27:-0.663
                      34:-0.748
 
 I=  1/2- (5)147.769  33: 1.000

             ENERGY    K= OMEGA
 
 I=  3/2- (1)  2.799  32:-0.771
                      33:-0.637
 
 I=  3/2- (2)  3.044  26:-0.119
                      32: 0.630
                      33:-0.767

             ENERGY    K= OMEGA
 
 I=  5/2- (1)  3.094  29: 0.948
                      32:-0.120
                      33: 0.287
 
 I=  5/2- (2)  3.350  26:-0.169
                      29:-0.311
                      32:-0.526
                      33: 0.773
 
 I=  5/2- (3)  3.964  29: 0.061
                      32:-0.831
                      33:-0.550
 
 I=  5/2- (4)  5.242  25:-0.088
                      27: 0.732
                      28: 0.091
                      34:-0.607
                      36:-0.282
 
 I=  5/2- (5)  6.653  25:-0.429
                      27: 0.126
                      28: 0.788
                      34: 0.398
                      36:-0.143

             ENERGY    K= OMEGA
 
 I=  7/2- (1)  2.672  24:-0.201
                      29: 0.111
                      31: 0.973
 
 I=  7/2- (2)  3.715  24: 0.062
                      29: 0.837
                      31:-0.067
                      32:-0.128
                      33:-0.250
                      37:-0.461
 
 I=  7/2- (3)  4.024  29: 0.184
                      32: 0.805
                      33: 0.532
                      37:-0.174
 
 I=  7/2- (4)  4.477  24:-0.055
                      26: 0.216
                      32:-0.550
                      33: 0.759
                      37:-0.269
 
 I=  7/2- (5)  4.746  26:-0.053
                      29:-0.502
                      31: 0.074
                      32: 0.081
                      33:-0.219
                      37:-0.827

             ENERGY    K= OMEGA
 
 I=  9/2- (1)  3.264  24: 0.258
                      29:-0.130
                      31: 0.901
                      38:-0.320
 
 I=  9/2- (2)  4.604  24:-0.090
                      26: 0.091
                      29:-0.764
                      31:-0.103
                      32: 0.151
                      33:-0.320
                      37:-0.511
 
 I=  9/2- (3)  4.994  26: 0.268
                      29: 0.246
                      31: 0.081
                      32: 0.531
                      33:-0.710
                      37: 0.271
 
 I=  9/2- (4)  5.359  24: 0.109
                      29:-0.241
                      31: 0.262
                      37: 0.203
                      38: 0.906
 
 I=  9/2- (5)  5.995  25:-0.421
                      27: 0.464
                      28: 0.608
                      34:-0.222
                      35:-0.377
                      36:-0.215

             ENERGY    K= OMEGA
 
 I= 11/2- (1)  2.543  30:-1.000
 
 I= 11/2- (2)  4.129  24:-0.298
                      29: 0.138
                      31: 0.866
                      37:-0.052
                      38: 0.370
 
 I= 11/2- (3)  5.772  24: 0.108
                      29: 0.752
                      31:-0.122
                      32:-0.140
                      33:-0.276
                      37:-0.557
 
 I= 11/2- (4)  6.150  25: 0.473
                      27: 0.465
                      28: 0.594
                      34: 0.257
                      35: 0.327
                      36: 0.183
 
 I= 11/2- (5)  6.223  26:-0.073
                      29: 0.174
                      31:-0.065
                      32: 0.826
                      33: 0.487
                      37:-0.201

             ENERGY    K= OMEGA
 
 I= 13/2- (1)  4.125  30: 0.999
 
 I= 13/2- (2)  5.247  24: 0.330
                      29:-0.141
                      31: 0.843
                      33: 0.052
                      37:-0.065
                      38:-0.389
 
 I= 13/2- (3)  7.100  25: 0.504
                      27:-0.315
                      28:-0.681
                      34: 0.076
                      35: 0.391
                      36: 0.157
 
 I= 13/2- (4)  7.136  24: 0.123
                      26:-0.162
                      29: 0.681
                      31: 0.103
                      32:-0.220
                      33: 0.407
                      37: 0.517
                      38: 0.058
 
 I= 13/2- (5)  7.579  26: 0.328
                      29: 0.331
                      31: 0.115
                      32: 0.506
                      33:-0.623
                      37: 0.352

             ENERGY     K= 9/2
  32 LEVELS    TIME=  0.0 SEC



 ******************* EXCITATION ENERGIES, DOMINANT CONFIGURATION AND EXPECTATION VALUES (WITH S.P. UU+VV FACTORS) *******************

  NR  Eex(keV)  I   Kdom  NY    <Jz>  <Jx**2> <Jy**2> <Jz**2> <I.j>/|I|  <Rx**2> <Ry**2> <Rz**2> <R.j>/|R|  <HROTx> <HROTy> <HROTz>

   1    0.0  11/2- -11/2  30   -5.49    2.75    2.75   30.24    5.06       5.48    5.48    0.00   -1.65      0.669   0.669   0.000
   2  128.8   7/2-  -7/2  31   -3.18    6.49    6.49   11.93    3.49       6.48    6.48    0.00   -3.07      0.790   0.790   0.000
   3  190.4   1/2-   1/2  32    0.50    5.38    5.38    0.25    0.07       5.82    5.82    0.00   -3.21      0.709   0.709   0.000
   4  256.1   3/2-   1/2  32   -0.31    5.38    5.38    1.06    1.00       5.84    5.84    0.00   -2.89      0.712   0.712   0.000
   5  500.6   3/2-  -3/2  33   -0.68    5.40    5.40    1.43    0.73       6.58    6.58    0.00   -2.98      0.803   0.803   0.000
  
   6  551.1   5/2-   5/2  29    2.14    6.10    6.10    5.82    2.08       7.23    7.23    0.00   -3.12      0.881   0.881   0.000
   7  720.7   9/2-  -7/2  31   -2.18    6.18    6.18   12.55    3.55       7.18    7.18    0.00   -1.92      0.875   0.875   0.000
   8  807.2   5/2-  -3/2  33   -0.50    5.56    5.56    2.03    1.11       7.67    7.67    0.00   -2.52      0.935   0.935   0.000
   9 1172.3   7/2-   5/2  29    0.91    5.25    5.25    7.20    2.23       7.88    7.88   -0.00   -2.23      0.961   0.961  -0.000
  10 1421.4   5/2-   1/2  32   -0.10    5.40    5.40    0.88   -0.15      10.66   10.66    0.00   -2.63      1.299   1.299   0.000
  
  11 1481.3   7/2-   1/2  32   -0.13    5.31    5.31    1.40    0.82      10.65   10.65    0.00   -1.90      1.298   1.298   0.000
  12 1581.7  13/2- -11/2  30   -5.48    2.75    2.75   30.21    4.34      11.96   11.96    0.00   -1.11      1.458   1.458   0.000
  13 1586.0  11/2-  -7/2  31   -1.75    6.11    6.11   12.69    3.41       9.91    9.91    0.00   -1.01      1.209   1.209   0.000
  14 1934.5   7/2-  -3/2  33   -0.94    5.25    5.25    2.29    0.72      11.43   11.43   -0.00   -2.08      1.394   1.394  -0.000
  15 2060.7   9/2-   5/2  29    0.40    5.00    5.00    7.32    2.04      10.89   10.89   -0.00   -1.54      1.328   1.328  -0.000
  
  16 2202.9   7/2-  -7/2  37   -1.85    3.51    3.51   10.14    2.16       7.88    7.88   -0.00   -2.16      0.961   0.961  -0.000
  17 2360.1   1/2-   1/2  27    0.50   13.66   13.66    0.25    1.35      12.99   12.99    0.00   -5.18      1.583   1.583   0.000
  18 2451.4   9/2-  -3/2  33   -0.71    5.40    5.40    2.59    1.15      13.36   13.36    0.00   -1.49      1.629   1.629   0.000
  19 2698.7   5/2-   1/2  27    0.34   14.05   14.05    0.47    1.54      14.11   14.11    0.00   -4.52      1.721   1.721   0.000
  20 2704.0  13/2-  -7/2  31   -1.52    6.11    6.11   12.69    3.27      13.99   13.99    0.00   -0.39      1.706   1.706   0.001
  
  21 2816.1   9/2-   9/2  38    3.48    2.92    2.92   18.39    3.55       6.85    6.85    0.00   -1.78      0.836   0.836   0.000
  22 3220.4   1/2-   1/2  26    0.50    7.71    7.71    0.25    0.66       7.64    7.64   -0.00   -3.86      0.931   0.931  -0.000
  23 3229.2  11/2-   5/2  29    0.21    4.81    4.81    7.81    1.89      15.31   15.31   -0.00   -1.11      1.866   1.866  -0.000
  24 3451.9   9/2-   5/2  28    0.22   19.88   19.88    4.62    3.85      15.38   15.38    0.00   -4.54      1.876   1.876   0.000
  25 3590.6   1/2-   1/2  34    0.50   16.71   16.71    0.25   -1.22      18.27   18.27    0.00   -5.75      2.227   2.227   0.000
  
  26 3607.5  11/2-   5/2  28    0.26   20.37   20.37    4.17    4.14      15.56   15.56    0.00   -3.61      1.897   1.897   0.000
  27 3680.1  11/2-   1/2  32   -0.09    5.27    5.27    1.46    0.72      19.57   19.57    0.00   -1.23      2.386   2.386   0.000
  28 4109.9   5/2-   5/2  28    1.33   21.47   21.47    4.39    3.33      18.20   18.20    0.00   -6.21      2.219   2.219   0.000
  29 4556.8  13/2-   5/2  28    0.26   21.33   21.33    5.42    4.19      19.18   19.18    0.00   -3.04      2.338   2.338   0.000
  30 4592.6  13/2-   5/2  29    0.03    4.93    4.93    6.86    1.70      20.88   20.88   -0.00   -0.75      2.546   2.546  -0.000
  
  31 5036.3  13/2-  -3/2  33   -0.60    5.36    5.36    3.36    1.17      23.21   23.21   -0.00   -0.86      2.830   2.830  -0.000
  32*******   1/2-  -3/2  33    0.00    0.00    0.00    0.00   -0.00       0.00    0.00    0.00   -0.00      0.000   0.000   0.000
