1SPECTRUM OF (Z= 82 A=207) IN PARTICLE-ROTOR  MODEL WITH MODIFIED OSCILLATOR POTENTIAL


 PARITY=-   EPS= 0.700   GAMMA=  0.0   EPS4=0.000   EPS6=0.000   LEVELS:  24  25  26  27  28  29  30  31  32  33  34  35  36  37  38

 PAIRING FACTORS: GN0= 19.20  GN1=  7.40  IPAIR= 15 ***  E2PLUS(INPUT)=   0.730  E2PLUR(INPUT)=   0.000

 CORIOLIS ATTENUATION PARAMETERS:  CHSI=1.000  ETA=  1.00

 MOMENT OF INERTIA PARAMETERS:   A1=  0.122 MEV   A2=  0.122 MEV   A3=121.91923 MEV


 DELTA=0.796 MEV  LAMBDA=53.9064 MEV   HW0= 7.9460 MEV   LAMBDA/HW0= 6.7841

 E2ENERGY=0.730 MEV  HBAR**2/B=90855./A**(7/3)=******/A**2 MEV

 IREC=0  =>  RECOIL TERMS j+j-, j+j+, jzjz, ETC TREATED AS ONE-BODY OPERATORS WITH UU+VV PAIRING FACTORS



 S. P. LEVEL   EQP       U     V        (UU + VV)**1.00

     24       4.550    0.088 0.996      1.000 1.000 1.000 1.000 0.998 0.975 0.853 0.451 0.394 0.306 0.227 0.215 0.208 0.197 0.168
     25       4.040    0.099 0.995      1.000 1.000 1.000 1.000 0.999 0.977 0.859 0.461 0.404 0.317 0.238 0.226 0.219 0.208 0.179
     26       3.584    0.112 0.994      1.000 1.000 1.000 1.000 0.999 0.980 0.865 0.472 0.416 0.329 0.251 0.239 0.232 0.220 0.192
     27       3.372    0.119 0.993      1.000 1.000 1.000 1.000 1.000 0.981 0.869 0.478 0.422 0.335 0.258 0.246 0.239 0.227 0.199
     28       2.696    0.149 0.989      0.998 0.999 0.999 1.000 1.000 0.987 0.883 0.505 0.450 0.364 0.287 0.275 0.268 0.257 0.229
     29       1.362    0.307 0.952      0.975 0.977 0.980 0.981 0.987 1.000 0.948 0.638 0.588 0.510 0.438 0.427 0.420 0.410 0.383
     30       0.833    0.595 0.804      0.853 0.859 0.865 0.869 0.883 0.948 1.000 0.850 0.816 0.758 0.703 0.694 0.688 0.680 0.658
     31       1.158    0.929 0.370      0.451 0.461 0.472 0.478 0.505 0.638 0.850 1.000 0.998 0.988 0.972 0.969 0.967 0.964 0.956
     32       1.346    0.950 0.311      0.394 0.404 0.416 0.422 0.450 0.588 0.816 0.998 1.000 0.996 0.985 0.982 0.981 0.979 0.972
     33       1.848    0.975 0.221      0.306 0.317 0.329 0.335 0.364 0.510 0.758 0.988 0.996 1.000 0.997 0.996 0.995 0.994 0.990
     34       2.853    0.990 0.141      0.227 0.238 0.251 0.258 0.287 0.438 0.703 0.972 0.985 0.997 1.000 1.000 1.000 1.000 0.998
     35       3.118    0.992 0.129      0.215 0.226 0.239 0.246 0.275 0.427 0.694 0.969 0.982 0.996 1.000 1.000 1.000 1.000 0.999
     36       3.306    0.993 0.121      0.208 0.219 0.232 0.239 0.268 0.420 0.688 0.967 0.981 0.995 1.000 1.000 1.000 1.000 0.999
     37       3.652    0.994 0.110      0.197 0.208 0.220 0.227 0.257 0.410 0.680 0.964 0.979 0.994 1.000 1.000 1.000 1.000 1.000
     38       4.945    0.997 0.081      0.168 0.179 0.192 0.199 0.229 0.383 0.658 0.956 0.972 0.990 0.998 0.999 0.999 1.000 1.000

  R CORE   ENERGY   A0R/A00=1.000    R3= 0     2  
   2( 1)    0.732                    1.000 0.000
   2( 2)  487.921                    0.000 1.000

  R CORE   ENERGY   A0R/A00=1.000    R3= 0     2  
   3( 1)  488.652                    0.000 1.000

  R CORE   ENERGY   A0R/A00=1.000    R3= 0     2     4  
   4( 1)    2.438                    1.000 0.000 0.000

  R CORE   ENERGY   A0R/A00=1.000    R3= 0     2     4  
   5( 1)  490.847                    0.000 1.000 0.000

  R CORE   ENERGY   A0R/A00=1.000    R3= 0     2     4     6  
   6( 1)    5.121                    1.000 0.000 0.000 0.000

  R CORE   ENERGY   A0R/A00=1.000    R3= 0     2     4     6  
   7( 1)  494.017                    0.000 1.000 0.000 0.000

          AXIAL SYMMETRY => K RESTRICTED TO OMEGA

                     K
     S.P. ORB#: 24 -1.50
     S.P. ORB#: 25  2.50
     S.P. ORB#: 26  2.50
     S.P. ORB#: 27  0.50
     S.P. ORB#: 28  4.50
     S.P. ORB#: 29  0.50
     S.P. ORB#: 30 -1.50
     S.P. ORB#: 31 -3.50
     S.P. ORB#: 32  2.50
     S.P. ORB#: 33 -3.50
     S.P. ORB#: 34 -5.50
     S.P. ORB#: 35  0.50
     S.P. ORB#: 36 -1.50
     S.P. ORB#: 37 -1.50
     S.P. ORB#: 38  0.50
 

             ENERGY    K= OMEGA
 
 I=  1/2- (1)  4.639  27:-0.119
                      35:-0.993
 
 I=  1/2- (2)  5.378  27: 0.993
                      35:-0.119
 
 I=  1/2- (3)  5.678  29:-0.994
                      38:-0.106
 
 I=  1/2- (4)  9.065  29:-0.106
                      38: 0.994
 
 I=  1/2- (5)147.136  30:-1.000

             ENERGY    K= OMEGA
 
 I=  3/2- (1)  4.706  24: 0.052
                      35:-0.851
                      36:-0.521
 
 I=  3/2- (2)  4.927  27: 0.208
                      35:-0.500
                      36: 0.840

             ENERGY    K= OMEGA
 
 I=  5/2- (1)  3.165  24: 0.087
                      32: 0.994
                      36: 0.071
 
 I=  5/2- (2)  5.271  25:-0.068
                      27: 0.345
                      32: 0.060
                      35: 0.494
                      36:-0.793
 
 I=  5/2- (3)  5.433  26: 0.109
                      29:-0.182
                      30: 0.955
                      37: 0.071
                      38:-0.197
 
 I=  5/2- (4)  5.855  25: 0.079
                      27: 0.155
                      35: 0.807
                      36: 0.562
 
 I=  5/2- (5)  6.257  24:-0.246
                      25: 0.190
                      27: 0.884
                      35:-0.300
                      36: 0.175

             ENERGY    K= OMEGA
 
 I=  7/2- (1)  3.721  24: 0.073
                      25: 0.088
                      32:-0.536
                      33:-0.835
 
 I=  7/2- (2)  4.055  24:-0.110
                      25: 0.067
                      32: 0.826
                      33:-0.539
                      36:-0.098
 
 I=  7/2- (3)  5.901  24: 0.116
                      25: 0.065
                      27: 0.098
                      35:-0.871
                      36:-0.462
 
 I=  7/2- (4)  6.113  26:-0.236
                      30: 0.894
                      31:-0.328
                      38: 0.194
 
 I=  7/2- (5)  6.351  24:-0.053
                      25: 0.108
                      27:-0.358
                      32:-0.109
                      35: 0.403
                      36:-0.826

             ENERGY    K= OMEGA
 
 I=  9/2- (1)  4.672  24:-0.104
                      25: 0.122
                      28:-0.162
                      32:-0.581
                      33: 0.779
                      36:-0.063
 
 I=  9/2- (2)  5.075  24:-0.091
                      28: 0.812
                      32:-0.519
                      33:-0.231
                      36:-0.082
 
 I=  9/2- (3)  5.189  24: 0.101
                      25: 0.103
                      28: 0.560
                      32: 0.584
                      33: 0.559
                      36: 0.103
 
 I=  9/2- (4)  6.799  26:-0.297
                      29: 0.200
                      30:-0.804
                      31: 0.391
                      38: 0.265
 
 I=  9/2- (5)  6.951  25:-0.089
                      27: 0.479
                      32: 0.128
                      35: 0.491
                      36:-0.709

             ENERGY    K= OMEGA
 
 I= 11/2- (1)  4.132  28:-0.163
                      34:-0.987
 
 I= 11/2- (2)  5.869  24:-0.134
                      25:-0.149
                      28: 0.150
                      32: 0.610
                      33: 0.747
                      36:-0.075
 
 I= 11/2- (3)  6.412  24:-0.137
                      25: 0.095
                      28:-0.592
                      32: 0.644
                      33:-0.422
                      34: 0.102
                      36:-0.129
 
 I= 11/2- (4)  6.582  24: 0.077
                      25:-0.112
                      28:-0.775
                      32:-0.373
                      33: 0.467
                      34: 0.123
                      36: 0.089
 
 I= 11/2- (5)  7.842  26:-0.389
                      29:-0.214
                      30: 0.677
                      31:-0.524
                      37:-0.109
                      38: 0.240

             ENERGY    K= OMEGA
 
 I= 13/2- (1)  5.646  28: 0.231
                      34:-0.973
 
 I= 13/2- (2)  7.302  24: 0.161
                      25:-0.170
                      28: 0.131
                      32: 0.631
                      33:-0.719
                      36: 0.091
 
 I= 13/2- (3)  7.963  24: 0.164
                      25: 0.143
                      27:-0.082
                      28:-0.432
                      32: 0.662
                      33: 0.526
                      34:-0.111
                      36: 0.178
 
 I= 13/2- (4)  8.229  24: 0.055
                      25: 0.113
                      28: 0.862
                      32: 0.233
                      33: 0.374
                      34: 0.198
                      36: 0.084
 
 I= 13/2- (5)  8.948  26:-0.402
                      29: 0.177
                      30:-0.695
                      31: 0.491
                      38: 0.287

             ENERGY     K= 1/2
  32 LEVELS    TIME=  0.0 SEC



 ******************* EXCITATION ENERGIES, DOMINANT CONFIGURATION AND EXPECTATION VALUES (WITH S.P. UU+VV FACTORS) *******************

  NR  Eex(keV)  I   Kdom  NY    <Jz>  <Jx**2> <Jy**2> <Jz**2> <I.j>/|I|  <Rx**2> <Ry**2> <Rz**2> <R.j>/|R|  <HROTx> <HROTy> <HROTz>

   1    0.0   5/2-   5/2  32    2.45    6.42    6.42    6.20    2.22       7.32    7.32    0.00   -3.26      0.893   0.893   0.000
   2  555.6   7/2-  -7/2  33   -1.71    6.52    6.52   10.40    2.89       8.13    8.13   -0.00   -2.97      0.991   0.991  -0.000
   3  889.9   7/2-   5/2  32    0.67    6.46    6.46    7.90    2.03      10.22   10.22   -0.00   -2.82      1.247   1.247  -0.000
   4  966.4  11/2- -11/2  34   -5.23    2.88    2.88   29.98    5.10       5.26    5.26    0.00   -1.62      0.641   0.641   0.000
   5 1474.1   1/2-   1/2  35    0.50    5.76    5.76    0.25    0.04       6.22    6.22   -0.00   -3.33      0.759   0.759  -0.000
  
   6 1506.5   9/2-  -7/2  33   -1.15    6.58    6.58   10.19    2.44      11.91   11.91   -0.00   -2.30      1.452   1.452  -0.000
   7 1540.4   3/2-   1/2  35   -0.05    5.75    5.75    0.80    0.90       6.28    6.28   -0.00   -2.98      0.766   0.766  -0.000
   8 1762.0   3/2-  -3/2  36   -0.91    5.87    5.87    1.66    0.90       6.83    6.83   -0.00   -3.15      0.832   0.832  -0.000
   9 1909.5   9/2-   9/2  28    3.44    7.22    7.22   15.74    3.24      11.34   11.34    0.00   -2.95      1.383   1.383   0.000
  10 2023.4   9/2-   5/2  32    1.17    6.85    6.85   12.43    2.49      13.03   13.03    0.00   -2.69      1.589   1.589   0.000
  
  11 2105.3   5/2-  -3/2  36   -0.74    6.05    6.05    1.56    1.01       8.22    8.22   -0.00   -2.63      1.003   1.003  -0.000
  12 2212.9   1/2-   1/2  27    0.50    8.21    8.21    0.25    0.54       8.24    8.24    0.00   -3.99      1.005   1.005   0.000
  13 2267.3   5/2-  -3/2  30   -1.31   16.54   16.54    2.15    1.37      17.95   17.95    0.00   -5.21      2.188   2.188   0.000
  14 2480.8  13/2- -11/2  34   -4.97    3.01    3.01   29.71    4.40      11.49   11.49    0.00   -1.04      1.401   1.401   0.000
  15 2512.3   1/2-   1/2  29    0.50   16.93   16.93    0.25   -0.12      17.53   17.53    0.00   -5.78      2.137   2.137   0.000
  
  16 2689.7   5/2-   1/2  35   -0.12    5.82    5.82    0.93   -0.09      10.94   10.94   -0.00   -2.75      1.334   1.334  -0.000
  17 2703.4  11/2-  -7/2  33   -0.91    6.61    6.61    9.84    2.12      16.74   16.74   -0.00   -1.80      2.041   2.041  -0.000
  18 2736.0   7/2-   1/2  35    0.06    5.81    5.81    0.74    0.73      11.15   11.15   -0.00   -2.00      1.360   1.360  -0.000
  19 2947.5   7/2-  -3/2  30   -1.42   17.37   17.37    3.47    1.70      20.25   20.25    0.00   -4.95      2.468   2.468   0.000
  20 3091.3   5/2-   1/2  27    0.39    8.01    8.01    0.65    0.39      11.54   11.54   -0.00   -3.23      1.407   1.407  -0.000
  
  21 3186.1   7/2-  -3/2  36   -0.83    6.15    6.15    1.77    0.57      12.63   12.63   -0.00   -2.34      1.540   1.540  -0.000
  22 3246.6  11/2-   5/2  32    1.90    6.86    6.86   12.32    2.17      17.91   17.91    0.00   -2.18      2.184   2.184   0.000
  23 3416.4  11/2-   9/2  28    2.21    7.13    7.13   16.27    2.65      17.32   17.32    0.00   -2.50      2.111   2.111   0.000
  24 3633.2   9/2-  -3/2  30   -1.23   17.66   17.66    3.91    2.01      21.96   21.96   -0.00   -4.41      2.678   2.678  -0.000
  25 3785.5   9/2-  -3/2  36   -0.47    6.35    6.35    1.42    0.85      15.18   15.18   -0.00   -1.79      1.851   1.851  -0.000
  
  26 4137.2  13/2-  -7/2  33   -0.73    6.64    6.64    9.50    1.90      22.51   22.51    0.00   -1.42      2.744   2.744   0.000
  27 4676.6  11/2-  -3/2  30   -1.24   18.86   18.86    5.40    2.34      25.46   25.46    0.00   -4.08      3.104   3.104   0.000
  28 4798.1  13/2-   5/2  32    0.87    6.71    6.71   10.54    1.69      24.57   24.57   -0.00   -1.74      2.995   2.995  -0.000
  29 5063.6  13/2-   9/2  28    2.79    7.21    7.21   18.37    2.50      23.34   23.34    0.00   -2.25      2.845   2.845   0.000
  30 5782.5  13/2-  -3/2  30   -1.11   18.46   18.46    5.08    2.25      29.68   29.68   -0.00   -3.41      3.618   3.618  -0.000
  
  31 5899.8   1/2-   1/2  38    0.50   16.85   16.85    0.25    0.34      17.06   17.06    0.00   -5.76      2.080   2.080   0.000
  32*******   1/2-  -3/2  30    0.00    0.00    0.00    0.00    0.00       0.00    0.00    0.00   -0.00      0.000   0.000   0.000
