1SPECTRUM OF (Z= 82 A=207) IN PARTICLE-ROTOR  MODEL WITH MODIFIED OSCILLATOR POTENTIAL


 PARITY=-   EPS= 0.420   GAMMA=  0.0   EPS4=0.000   EPS6=0.000   LEVELS:  24  25  26  27  28  29  30  31  32  33  34  35  36  37  38

 PAIRING FACTORS: GN0= 19.20  GN1=  7.40  IPAIR= 15 ***  E2PLUS(INPUT)=   0.730  E2PLUR(INPUT)=   0.000

 CORIOLIS ATTENUATION PARAMETERS:  CHSI=1.000  ETA=  1.00

 MOMENT OF INERTIA PARAMETERS:   A1=  0.122 MEV   A2=  0.122 MEV   A3=121.91923 MEV


 DELTA=0.845 MEV  LAMBDA=53.4891 MEV   HW0= 7.5769 MEV   LAMBDA/HW0= 7.0595

 E2ENERGY=0.730 MEV  HBAR**2/B=32708./A**(7/3)=5529.2/A**2 MEV

 IREC=0  =>  RECOIL TERMS j+j-, j+j+, jzjz, ETC TREATED AS ONE-BODY OPERATORS WITH UU+VV PAIRING FACTORS



 S. P. LEVEL   EQP       U     V        (UU + VV)**1.00

     24       4.281    0.099 0.995      1.000 1.000 1.000 0.997 0.997 0.992 0.916 0.880 0.823 0.589 0.421 0.331 0.328 0.246 0.228
     25       3.686    0.115 0.993      1.000 1.000 1.000 0.998 0.998 0.994 0.923 0.887 0.832 0.602 0.435 0.347 0.343 0.262 0.244
     26       3.318    0.128 0.992      1.000 1.000 1.000 0.999 0.999 0.996 0.928 0.893 0.839 0.613 0.447 0.359 0.356 0.275 0.256
     27       2.516    0.170 0.985      0.997 0.998 0.999 1.000 1.000 0.999 0.943 0.912 0.862 0.646 0.485 0.398 0.395 0.315 0.297
     28       2.460    0.174 0.985      0.997 0.998 0.999 1.000 1.000 0.999 0.944 0.913 0.864 0.649 0.488 0.402 0.399 0.319 0.301
     29       1.965    0.220 0.975      0.992 0.994 0.996 0.999 0.999 1.000 0.958 0.931 0.887 0.684 0.529 0.445 0.441 0.363 0.346
     30       0.990    0.489 0.872      0.916 0.923 0.928 0.943 0.944 0.958 1.000 0.997 0.982 0.864 0.749 0.682 0.679 0.614 0.599
     31       0.910    0.560 0.828      0.880 0.887 0.893 0.912 0.913 0.931 0.997 1.000 0.994 0.903 0.801 0.740 0.738 0.677 0.663
     32       0.856    0.647 0.763      0.823 0.832 0.839 0.862 0.864 0.887 0.982 0.994 1.000 0.944 0.861 0.809 0.806 0.753 0.741
     33       0.968    0.862 0.506      0.589 0.602 0.613 0.646 0.649 0.684 0.864 0.903 0.944 1.000 0.981 0.958 0.957 0.928 0.921
     34       1.361    0.945 0.329      0.421 0.435 0.447 0.485 0.488 0.529 0.749 0.801 0.861 0.981 1.000 0.995 0.995 0.983 0.979
     35       1.840    0.972 0.236      0.331 0.347 0.359 0.398 0.402 0.445 0.682 0.740 0.809 0.958 0.995 1.000 1.000 0.996 0.994
     36       1.866    0.973 0.233      0.328 0.343 0.356 0.395 0.399 0.441 0.679 0.738 0.806 0.957 0.995 1.000 1.000 0.996 0.995
     37       2.870    0.989 0.149      0.246 0.262 0.275 0.315 0.319 0.363 0.614 0.677 0.753 0.928 0.983 0.996 0.996 1.000 1.000
     38       3.271    0.991 0.130      0.228 0.244 0.256 0.297 0.301 0.346 0.599 0.663 0.741 0.921 0.979 0.994 0.995 1.000 1.000

  R CORE   ENERGY   A0R/A00=1.000    R3= 0     2  
   2( 1)    0.732                    1.000 0.000
   2( 2)  487.921                    0.000 1.000

  R CORE   ENERGY   A0R/A00=1.000    R3= 0     2  
   3( 1)  488.652                    0.000 1.000

  R CORE   ENERGY   A0R/A00=1.000    R3= 0     2     4  
   4( 1)    2.438                    1.000 0.000 0.000

  R CORE   ENERGY   A0R/A00=1.000    R3= 0     2     4  
   5( 1)  490.847                    0.000 1.000 0.000

  R CORE   ENERGY   A0R/A00=1.000    R3= 0     2     4     6  
   6( 1)    5.121                    1.000 0.000 0.000 0.000

  R CORE   ENERGY   A0R/A00=1.000    R3= 0     2     4     6  
   7( 1)  494.017                    0.000 1.000 0.000 0.000

          AXIAL SYMMETRY => K RESTRICTED TO OMEGA

                     K
     S.P. ORB#: 24  0.50
     S.P. ORB#: 25  0.50
     S.P. ORB#: 26 -5.50
     S.P. ORB#: 27  2.50
     S.P. ORB#: 28 -1.50
     S.P. ORB#: 29 -3.50
     S.P. ORB#: 30  2.50
     S.P. ORB#: 31  0.50
     S.P. ORB#: 32 -1.50
     S.P. ORB#: 33  0.50
     S.P. ORB#: 34 -3.50
     S.P. ORB#: 35 -3.50
     S.P. ORB#: 36  4.50
     S.P. ORB#: 37  0.50
     S.P. ORB#: 38 -1.50
 

             ENERGY    K= OMEGA
 
 I=  1/2- (1)  2.236  31:-0.999
 
 I=  1/2- (2)  3.809  25:-0.221
                      33: 0.919
                      37:-0.326
 
 I=  1/2- (3)  6.004  24: 0.999
 
 I=  1/2- (4)  6.875  25:-0.275
                      33: 0.262
                      37: 0.925
 
 I=  1/2- (5)  9.874  25: 0.936
                      33: 0.294
                      37: 0.195

             ENERGY    K= OMEGA
 
 I=  3/2- (1)  2.180  31: 0.408
                      32:-0.912
 
 I=  3/2- (2)  2.406  24: 0.188
                      31: 0.900
                      32: 0.394

             ENERGY    K= OMEGA
 
 I=  5/2- (1)  2.485  24: 0.245
                      31:-0.490
                      32:-0.835
 
 I=  5/2- (2)  3.413  24: 0.066
                      27: 0.054
                      31:-0.852
                      32: 0.517
 
 I=  5/2- (3)  3.898  25: 0.173
                      33:-0.819
                      37: 0.468
                      38:-0.280
 
 I=  5/2- (4)  4.314  27:-0.998
                      32: 0.063
 
 I=  5/2- (5)  5.809  25:-0.202
                      28: 0.590
                      30:-0.780

             ENERGY    K= OMEGA
 
 I=  7/2- (1)  2.268  27: 0.148
                      34:-0.988
 
 I=  7/2- (2)  3.417  27:-0.067
                      31:-0.565
                      32: 0.820
 
 I=  7/2- (3)  3.570  24: 0.327
                      31: 0.787
                      32: 0.519
 
 I=  7/2- (4)  3.882  27: 0.171
                      29: 0.983
                      32: 0.060
 
 I=  7/2- (5)  3.972  25: 0.069
                      28:-0.117
                      30:-0.144
                      33:-0.875
                      35:-0.055
                      37:-0.248
                      38: 0.361

             ENERGY    K= OMEGA
 
 I=  9/2- (1)  2.787  27: 0.092
                      29:-0.192
                      34: 0.377
                      36: 0.901
 
 I=  9/2- (2)  3.370  27:-0.196
                      29:-0.116
                      32:-0.057
                      34:-0.897
                      36: 0.372
 
 I=  9/2- (3)  3.792  24: 0.374
                      31:-0.538
                      32:-0.750
                      34: 0.076
 
 I=  9/2- (4)  4.688  25:-0.096
                      28:-0.103
                      30: 0.187
                      33: 0.750
                      35:-0.098
                      37:-0.499
                      38: 0.353
 
 I=  9/2- (5)  5.009  25:-0.227
                      28: 0.545
                      30:-0.678
                      33: 0.154
                      35: 0.384
                      37:-0.139

             ENERGY    K= OMEGA
 
 I= 11/2- (1)  3.778  25: 0.507
                      28: 0.561
                      30: 0.481
                      33: 0.338
                      35: 0.214
                      37: 0.107
                      38:-0.158
 
 I= 11/2- (2)  3.928  26:-0.065
                      27:-0.136
                      29:-0.257
                      34: 0.443
                      36:-0.846
 
 I= 11/2- (3)  4.649  26:-0.875
                      27: 0.120
                      29:-0.059
                      34:-0.435
                      36:-0.163
 
 I= 11/2- (4)  4.706  26: 0.480
                      27: 0.197
                      29:-0.161
                      34:-0.734
                      36:-0.405
 
 I= 11/2- (5)  5.130  25: 0.328
                      28: 0.188
                      30: 0.137
                      33:-0.777
                      35: 0.077
                      37:-0.286
                      38: 0.383

             ENERGY    K= OMEGA
 
 I= 13/2- (1)  5.309  26: 0.071
                      27:-0.174
                      29: 0.299
                      34:-0.474
                      36:-0.805
 
 I= 13/2- (2)  5.565  25:-0.182
                      28: 0.558
                      30:-0.675
                      33:-0.179
                      35: 0.378
                      37: 0.083
                      38:-0.136
 
 I= 13/2- (3)  5.931  24: 0.450
                      27:-0.084
                      31:-0.534
                      32:-0.692
                      34:-0.092
                      36: 0.122
 
 I= 13/2- (4)  6.216  24:-0.062
                      26:-0.745
                      27:-0.172
                      29:-0.111
                      31: 0.078
                      32: 0.081
                      34:-0.567
                      36: 0.256
 
 I= 13/2- (5)  6.290  26:-0.663
                      27: 0.174
                      29: 0.180
                      31:-0.064
                      32:-0.062
                      34: 0.592
                      36:-0.371

             ENERGY     K=-3/2
  32 LEVELS    TIME=  0.0 SEC



 ******************* EXCITATION ENERGIES, DOMINANT CONFIGURATION AND EXPECTATION VALUES (WITH S.P. UU+VV FACTORS) *******************

  NR  Eex(keV)  I   Kdom  NY    <Jz>  <Jx**2> <Jy**2> <Jz**2> <I.j>/|I|  <Rx**2> <Ry**2> <Rz**2> <R.j>/|R|  <HROTx> <HROTy> <HROTz>

   1    0.0   3/2-  -3/2  32   -1.16    5.08    5.08    1.91    1.31       5.37    5.37   -0.00   -2.91      0.654   0.654  -0.000
   2   56.8   1/2-   1/2  31    0.50    5.09    5.09    0.25    0.21       5.41    5.41   -0.00   -3.11      0.659   0.659  -0.000
   3   88.2   7/2-  -7/2  34   -3.37    2.31    2.31   12.12    3.18       3.61    3.61   -0.00   -1.53      0.440   0.440  -0.000
   4  226.0   3/2-   1/2  31    0.19    4.98    4.98    0.56    0.75       5.68    5.68   -0.00   -2.69      0.692   0.692  -0.000
   5  305.3   5/2-  -3/2  32   -0.89    5.29    5.29    1.66    1.60       5.77    5.77   -0.00   -2.21      0.704   0.704  -0.000
  
   6  607.0   9/2-   9/2  36    3.05    2.55    2.55   18.69    4.07       4.03    4.03    0.00   -1.25      0.492   0.492   0.000
   7 1189.9   9/2-  -7/2  34   -2.15    2.40    2.40   13.08    2.73       7.74    7.74   -0.00   -1.09      0.943   0.943  -0.000
   8 1233.4   5/2-   1/2  31   -0.03    5.11    5.11    0.80   -0.12      10.24   10.24   -0.00   -2.51      1.249   1.249  -0.000
   9 1237.7   7/2-  -3/2  32   -0.84    5.08    5.08    1.64    0.86      10.37   10.37   -0.00   -1.84      1.264   1.264  -0.000
  10 1390.5   7/2-   1/2  31   -0.04    5.06    5.06    0.82    0.98       9.47    9.47   -0.00   -1.62      1.154   1.154  -0.000
  
  11 1597.9  11/2-  -3/2  28    0.10   23.59   23.59    2.87    6.13       6.22    6.22    0.00   -3.79      0.759   0.759   0.000
  12 1612.7   9/2-  -3/2  32   -0.65    5.51    5.51    1.46    1.74       9.98    9.98   -0.00   -0.86      1.217   1.217  -0.000
  13 1629.4   1/2-   1/2  33    0.50   10.71   10.71    0.25    1.07      10.28   10.28   -0.00   -4.57      1.253   1.253  -0.000
  14 1702.4   7/2-  -7/2  29   -3.32    6.27    6.27   12.03    3.11       7.81    7.81    0.00   -3.09      0.952   0.952   0.000
  15 1718.8   5/2-   1/2  33    0.34   11.29   11.29    0.41    2.25       9.23    9.23    0.00   -3.81      1.125   1.125   0.000
  
  16 1748.8  11/2-   9/2  36    2.32    2.73    2.73   17.93    3.48       8.76    8.76   -0.00   -0.62      1.068   1.068  -0.000
  17 1792.5   7/2-   1/2  33    0.24   15.04   15.04    0.70    3.23      10.46   10.46    0.00   -3.93      1.276   1.276   0.000
  18 2134.8   5/2-   5/2  27    2.48    6.09    6.09    6.23    2.09       7.40    7.40    0.00   -3.18      0.903   0.903   0.000
  19 2469.2  11/2- -11/2  26   -4.73    2.69    2.69   26.15    4.42       7.21    7.21    0.00   -1.34      0.879   0.879   0.000
  20 2507.9   9/2-   1/2  33    0.26   12.79   12.79    0.85    2.75      11.93   11.93    0.00   -2.61      1.455   1.455   0.000
  
  21 2526.7  11/2-  -7/2  34   -2.41    2.55    2.55   17.45    2.99      11.29   11.29   -0.00   -0.99      1.376   1.376  -0.000
  22 2828.9   9/2-   5/2  30    0.23   22.33   22.33    5.37    4.81      13.45   13.45    0.00   -5.03      1.639   1.639   0.000
  23 2950.2  11/2-   1/2  33    0.15   13.27   13.27    0.80    3.00      13.61   13.61    0.00   -1.80      1.660   1.660   0.000
  24 3129.4  13/2-   9/2  36    1.86    2.89    2.89   17.31    3.08      14.44   14.44    0.00   -0.30      1.761   1.761   0.000
  25 3385.6  13/2-   5/2  30    0.18   23.34   23.34    5.36    4.95      15.80   15.80    0.00   -3.10      1.927   1.927   0.000
  
  26 3629.5   5/2-   5/2  30    1.02   23.39   23.39    4.60    4.35      17.21   17.21    0.00   -6.57      2.098   2.098   0.000
  27 3751.7  13/2-  -3/2  32   -0.43    5.63    5.63    1.69    1.88      17.76   17.76   -0.00    0.02      2.165   2.165  -0.000
  28 3824.3   1/2-   1/2  24    0.50    7.15    7.15    0.25    0.63       7.10    7.10    0.00   -3.71      0.865   0.865   0.000
  29 4036.2  13/2- -11/2  26   -3.85    2.71    2.71   22.39    3.32      15.13   15.13   -0.00   -0.85      1.845   1.845  -0.000
  30 4110.7  13/2- -11/2  26   -3.06    2.69    2.69   20.95    3.06      16.17   16.17    0.00   -0.87      1.971   1.971   0.000
  
  31 4695.4   1/2-   1/2  37    0.50   15.78   15.78    0.25   -0.49      16.71   16.71    0.00   -5.58      2.037   2.037   0.000
  32 7694.7   1/2-   1/2  25    0.50   22.95   22.95    0.25   -3.48      26.47   26.47    0.00   -6.76      3.227   3.227   0.000
