1SPECTRUM OF (Z= 82 A=207) IN PARTICLE-ROTOR  MODEL WITH MODIFIED OSCILLATOR POTENTIAL


 PARITY=-   EPS= 0.611   GAMMA=  0.0   EPS4=0.000   EPS6=0.000   LEVELS:  24  25  26  27  28  29  30  31  32  33  34  35  36  37  38

 PAIRING FACTORS: GN0= 19.20  GN1=  7.40  IPAIR= 15 ***  E2PLUS(INPUT)=   0.730  E2PLUR(INPUT)=   0.000

 CORIOLIS ATTENUATION PARAMETERS:  CHSI=1.000  ETA=  1.00

 MOMENT OF INERTIA PARAMETERS:   A1=  0.122 MEV   A2=  0.122 MEV   A3=121.91923 MEV


 DELTA=0.900 MEV  LAMBDA=53.7047 MEV   HW0= 7.7970 MEV   LAMBDA/HW0= 6.8878

 E2ENERGY=0.730 MEV  HBAR**2/B=69221./A**(7/3)=******/A**2 MEV

 IREC=0  =>  RECOIL TERMS j+j-, j+j+, jzjz, ETC TREATED AS ONE-BODY OPERATORS WITH UU+VV PAIRING FACTORS



 S. P. LEVEL   EQP       U     V        (UU + VV)**1.00

     24       4.510    0.100 0.995      1.000 1.000 1.000 1.000 0.998 0.835 0.782 0.625 0.544 0.498 0.453 0.329 0.310 0.213 0.191
     25       3.995    0.113 0.994      1.000 1.000 1.000 1.000 0.999 0.842 0.790 0.635 0.555 0.509 0.465 0.342 0.322 0.226 0.203
     26       3.822    0.119 0.993      1.000 1.000 1.000 1.000 0.999 0.845 0.794 0.639 0.560 0.514 0.469 0.347 0.327 0.231 0.209
     27       3.671    0.123 0.992      1.000 1.000 1.000 1.000 0.999 0.848 0.797 0.643 0.564 0.518 0.474 0.351 0.332 0.236 0.213
     28       2.747    0.166 0.986      0.998 0.999 0.999 0.999 1.000 0.870 0.822 0.675 0.599 0.555 0.511 0.391 0.372 0.277 0.255
     29       0.919    0.631 0.776      0.835 0.842 0.845 0.848 0.870 1.000 0.996 0.951 0.916 0.893 0.869 0.795 0.782 0.715 0.699
     30       0.900    0.698 0.716      0.782 0.790 0.794 0.797 0.822 0.996 1.000 0.975 0.948 0.930 0.910 0.846 0.835 0.775 0.761
     31       0.986    0.839 0.544      0.625 0.635 0.639 0.643 0.675 0.951 0.975 1.000 0.995 0.988 0.979 0.943 0.936 0.896 0.885
     32       1.106    0.889 0.457      0.544 0.555 0.560 0.564 0.599 0.916 0.948 0.995 1.000 0.999 0.994 0.971 0.966 0.936 0.927
     33       1.206    0.913 0.409      0.498 0.509 0.514 0.518 0.555 0.893 0.930 0.988 0.999 1.000 0.999 0.983 0.979 0.953 0.946
     34       1.335    0.932 0.361      0.453 0.465 0.469 0.474 0.511 0.869 0.910 0.979 0.994 0.999 1.000 0.991 0.988 0.968 0.961
     35       1.985    0.972 0.233      0.329 0.342 0.347 0.351 0.391 0.795 0.846 0.943 0.971 0.983 0.991 1.000 1.000 0.993 0.990
     36       2.161    0.977 0.213      0.310 0.322 0.327 0.332 0.372 0.782 0.835 0.936 0.966 0.979 0.988 1.000 1.000 0.995 0.992
     37       3.976    0.993 0.114      0.213 0.226 0.231 0.236 0.277 0.715 0.775 0.896 0.936 0.953 0.968 0.993 0.995 1.000 1.000
     38       4.955    0.996 0.091      0.191 0.203 0.209 0.213 0.255 0.699 0.761 0.885 0.927 0.946 0.961 0.990 0.992 1.000 1.000

  R CORE   ENERGY   A0R/A00=1.000    R3= 0     2  
   2( 1)    0.732                    1.000 0.000
   2( 2)  487.921                    0.000 1.000

  R CORE   ENERGY   A0R/A00=1.000    R3= 0     2  
   3( 1)  488.652                    0.000 1.000

  R CORE   ENERGY   A0R/A00=1.000    R3= 0     2     4  
   4( 1)    2.438                    1.000 0.000 0.000

  R CORE   ENERGY   A0R/A00=1.000    R3= 0     2     4  
   5( 1)  490.847                    0.000 1.000 0.000

  R CORE   ENERGY   A0R/A00=1.000    R3= 0     2     4     6  
   6( 1)    5.121                    1.000 0.000 0.000 0.000

  R CORE   ENERGY   A0R/A00=1.000    R3= 0     2     4     6  
   7( 1)  494.017                    0.000 1.000 0.000 0.000

          AXIAL SYMMETRY => K RESTRICTED TO OMEGA

                     K
     S.P. ORB#: 24  2.50
     S.P. ORB#: 25  4.50
     S.P. ORB#: 26  0.50
     S.P. ORB#: 27  0.50
     S.P. ORB#: 28  2.50
     S.P. ORB#: 29  2.50
     S.P. ORB#: 30  0.50
     S.P. ORB#: 31 -3.50
     S.P. ORB#: 32 -5.50
     S.P. ORB#: 33 -1.50
     S.P. ORB#: 34 -3.50
     S.P. ORB#: 35  0.50
     S.P. ORB#: 36 -1.50
     S.P. ORB#: 37 -1.50
     S.P. ORB#: 38  4.50
 

             ENERGY    K= OMEGA
 
 I=  1/2- (1)  3.460  35:-0.999
 
 I=  1/2- (2)  4.780  27:-0.371
                      30: 0.928
 
 I=  1/2- (3)  5.753  26: 0.999
 
 I=  1/2- (4)  7.539  27: 0.928
                      30: 0.371
 
 I=  1/2- (5)147.509  33: 1.000

             ENERGY    K= OMEGA
 
 I=  3/2- (1)  3.529  35:-0.810
                      36:-0.586
 
 I=  3/2- (2)  3.770  26:-0.118
                      35: 0.580
                      36:-0.806

             ENERGY    K= OMEGA
 
 I=  5/2- (1)  2.750  29: 0.996
                      36: 0.082
 
 I=  5/2- (2)  4.104  26: 0.187
                      29: 0.077
                      35: 0.520
                      36:-0.829
 
 I=  5/2- (3)  4.682  27: 0.476
                      30:-0.756
                      33:-0.371
                      37: 0.253
 
 I=  5/2- (4)  4.689  26:-0.055
                      35:-0.841
                      36:-0.535
 
 I=  5/2- (5)  6.056  28: 0.118
                      30: 0.407
                      33:-0.898
                      37:-0.121

             ENERGY    K= OMEGA
 
 I=  7/2- (1)  2.835  24:-0.146
                      29: 0.192
                      31: 0.970
 
 I=  7/2- (2)  3.615  24:-0.061
                      29:-0.972
                      31: 0.183
                      36: 0.134
 
 I=  7/2- (3)  4.751  29: 0.092
                      35: 0.842
                      36: 0.528
 
 I=  7/2- (4)  5.232  24:-0.061
                      26: 0.226
                      29: 0.100
                      35:-0.515
                      36: 0.818
 
 I=  7/2- (5)  5.363  27: 0.339
                      28: 0.050
                      30: 0.857
                      33: 0.167
                      37: 0.345

             ENERGY    K= OMEGA
 
 I=  9/2- (1)  3.754  24:-0.210
                      25: 0.052
                      29: 0.230
                      31:-0.949
 
 I=  9/2- (2)  4.709  24:-0.092
                      29:-0.952
                      31:-0.209
                      36:-0.195
 
 I=  9/2- (3)  5.450  27:-0.507
                      30: 0.718
                      33: 0.352
                      37:-0.317
 
 I=  9/2- (4)  5.808  26:-0.298
                      29:-0.188
                      31:-0.058
                      35:-0.538
                      36: 0.762
 
 I=  9/2- (5)  6.286  28: 0.340
                      30: 0.068
                      33:-0.096
                      34:-0.816
                      37:-0.053
                      38: 0.449

             ENERGY    K= OMEGA
 
 I= 11/2- (1)  2.346  25: 0.136
                      32: 0.991
 
 I= 11/2- (2)  4.899  24:-0.260
                      25: 0.066
                      29: 0.243
                      31: 0.932
 
 I= 11/2- (3)  6.037  24:-0.115
                      29:-0.937
                      31: 0.208
                      35: 0.074
                      36: 0.243
 
 I= 11/2- (4)  6.391  27:-0.328
                      28:-0.239
                      30:-0.620
                      33:-0.201
                      34:-0.477
                      37:-0.306
                      38:-0.300
 
 I= 11/2- (5)  6.589  27:-0.239
                      28: 0.231
                      30:-0.514
                      34: 0.630
                      37:-0.236
                      38: 0.412

             ENERGY    K= OMEGA
 
 I= 13/2- (1)  3.816  25:-0.194
                      32: 0.981
 
 I= 13/2- (2)  6.273  24:-0.301
                      25: 0.071
                      29: 0.245
                      31:-0.918
 
 I= 13/2- (3)  7.068  27:-0.206
                      28:-0.310
                      30: 0.248
                      33: 0.193
                      34: 0.714
                      37:-0.105
                      38:-0.492
 
 I= 13/2- (4)  7.165  27:-0.477
                      28: 0.112
                      30: 0.657
                      33: 0.280
                      34:-0.298
                      37:-0.342
                      38: 0.209
 
 I= 13/2- (5)  7.575  24:-0.134
                      26: 0.107
                      29:-0.900
                      31:-0.187
                      35: 0.123
                      36:-0.333

             ENERGY     K= 9/2
  32 LEVELS    TIME=  0.0 SEC



 ******************* EXCITATION ENERGIES, DOMINANT CONFIGURATION AND EXPECTATION VALUES (WITH S.P. UU+VV FACTORS) *******************

  NR  Eex(keV)  I   Kdom  NY    <Jz>  <Jx**2> <Jy**2> <Jz**2> <I.j>/|I|  <Rx**2> <Ry**2> <Rz**2> <R.j>/|R|  <HROTx> <HROTy> <HROTz>

   1    0.0  11/2- -11/2  32   -5.32    2.84    2.84   30.06    5.16       4.87    4.87    0.00   -1.56      0.594   0.594   0.000
   2  403.6   5/2-   5/2  29    2.47    6.29    6.29    6.22    2.13       7.46    7.46    0.00   -3.23      0.910   0.910   0.000
   3  489.2   7/2-  -7/2  31   -3.15    6.52    6.52   11.90    3.29       7.28    7.28    0.00   -3.11      0.888   0.888   0.000
   4 1113.8   1/2-   1/2  35    0.50    5.56    5.56    0.25    0.03       6.03    6.03    0.00   -3.26      0.736   0.736   0.000
   5 1182.9   3/2-   1/2  35   -0.19    5.56    5.56    0.94    0.94       6.08    6.08    0.00   -2.93      0.741   0.741   0.000
  
   6 1269.4   7/2-   5/2  29    2.23    6.27    6.27    6.37    1.62      10.90   10.90    0.00   -2.67      1.329   1.329   0.000
   7 1407.8   9/2-  -7/2  31   -2.90    6.59    6.59   11.69    2.84      10.69   10.69    0.00   -2.33      1.304   1.304   0.000
   8 1423.6   3/2-  -3/2  36   -0.80    5.60    5.60    1.55    0.78       6.74    6.74    0.00   -3.06      0.822   0.822   0.000
   9 1470.0  13/2- -11/2  32   -5.12    2.94    2.94   29.86    4.52      10.67   10.67    0.00   -0.90      1.300   1.300   0.000
  10 1758.3   5/2-  -3/2  36   -0.86    5.67    5.67    1.67    0.99       7.94    7.94    0.00   -2.53      0.968   0.968   0.000
  
  11 2335.9   5/2-   1/2  30    0.10   14.50   14.50    0.66    2.45      11.96   11.96    0.00   -4.58      1.458   1.458   0.000
  12 2343.0   5/2-   1/2  35   -0.07    5.57    5.57    0.84   -0.16      10.85   10.85    0.00   -2.68      1.323   1.323   0.000
  13 2362.9   9/2-   5/2  29    2.08    6.25    6.25    6.34    1.33      15.18   15.18    0.00   -2.22      1.851   1.851   0.000
  14 2405.4   7/2-   1/2  35   -0.04    5.57    5.57    0.87    0.69      11.16   11.16    0.00   -1.97      1.360   1.360   0.000
  15 2433.5   1/2-   1/2  30    0.50   14.98   14.98    0.25    1.31      14.34   14.34    0.00   -5.43      1.749   1.749   0.000
  
  16 2552.9  11/2-  -7/2  31   -2.71    6.66    6.66   11.53    2.55      15.04   15.04    0.00   -1.75      1.833   1.833   0.000
  17 2885.6   7/2-  -3/2  36   -0.81    5.71    5.71    1.68    0.50      12.46   12.46    0.00   -2.23      1.519   1.519   0.000
  18 3016.9   7/2-   1/2  30    0.21   18.04   18.04    0.57    2.71      15.44   15.44    0.00   -4.66      1.882   1.882   0.000
  19 3103.5   9/2-   1/2  30    0.05   14.40   14.40    0.72    2.58      14.30   14.30    0.00   -3.12      1.743   1.743   0.000
  20 3407.2   1/2-   1/2  26    0.50    7.98    7.98    0.25    0.63       7.94    7.94    0.00   -3.93      0.968   0.968   0.000
  
  21 3462.4   9/2-  -3/2  36   -0.60    5.84    5.84    1.68    0.87      14.73   14.73    0.00   -1.66      1.796   1.796   0.000
  22 3690.9  11/2-   5/2  29    1.99    6.23    6.23    6.24    1.13      20.44   20.44    0.00   -1.86      2.492   2.492   0.000
  23 3710.1   5/2-  -3/2  33   -1.11   16.94   16.94    1.97    0.83      19.84   19.84   -0.00   -5.30      2.419   2.419  -0.000
  24 3927.3  13/2-  -7/2  31   -2.56    6.72    6.72   11.41    2.36      20.33   20.33    0.00   -1.31      2.478   2.478   0.000
  25 3940.3   9/2-  -7/2  34   -1.15   21.35   21.35   12.99    4.74      16.62   16.62   -0.00   -5.57      2.026   2.026  -0.000
  
  26 4045.1  11/2-   1/2  30   -0.20   19.32   19.32    5.38    3.71      17.73   17.73   -0.00   -3.67      2.162   2.162  -0.000
  27 4242.7  11/2-  -7/2  34   -0.42   20.05   20.05    8.84    4.07      18.04   18.04    0.00   -4.10      2.200   2.200   0.000
  28 4721.7  13/2-  -7/2  34   -0.48   20.21   20.21   11.88    4.52      18.96   18.96    0.00   -3.37      2.312   2.312   0.000
  29 4819.2  13/2-   1/2  30   -0.05   15.40   15.40    2.66    2.94      20.56   20.56    0.00   -2.01      2.506   2.506   0.000
  30 5192.9   1/2-   1/2  27    0.50   15.85   15.85    0.25   -1.25      17.43   17.43    0.00   -5.59      2.125   2.125   0.000
  
  31 5229.2  13/2-   5/2  29    1.80    6.20    6.20    5.87    1.04      26.25   26.25   -0.00   -1.52      3.201   3.201  -0.000
  32*******   1/2-  -3/2  33    0.00    0.00    0.00    0.00   -0.00       0.00    0.00    0.00   -0.00      0.000   0.000   0.000
