1SPECTRUM OF (Z= 82 A=207) IN PARTICLE-ROTOR  MODEL WITH MODIFIED OSCILLATOR POTENTIAL


 PARITY=-   EPS= 0.610   GAMMA=  0.0   EPS4=0.000   EPS6=0.000   LEVELS:  24  25  26  27  28  29  30  31  32  33  34  35  36  37  38

 PAIRING FACTORS: GN0= 19.20  GN1=  7.40  IPAIR= 15 ***  E2PLUS(INPUT)=   0.730  E2PLUR(INPUT)=   0.000

 CORIOLIS ATTENUATION PARAMETERS:  CHSI=1.000  ETA=  1.00

 MOMENT OF INERTIA PARAMETERS:   A1=  0.122 MEV   A2=  0.122 MEV   A3=121.91923 MEV


 DELTA=0.901 MEV  LAMBDA=53.7002 MEV   HW0= 7.7955 MEV   LAMBDA/HW0= 6.8886

 E2ENERGY=0.730 MEV  HBAR**2/B=68994./A**(7/3)=******/A**2 MEV

 IREC=0  =>  RECOIL TERMS j+j-, j+j+, jzjz, ETC TREATED AS ONE-BODY OPERATORS WITH UU+VV PAIRING FACTORS



 S. P. LEVEL   EQP       U     V        (UU + VV)**1.00

     24       4.512    0.100 0.995      1.000 1.000 1.000 1.000 0.998 0.838 0.777 0.629 0.551 0.494 0.452 0.331 0.311 0.213 0.191
     25       4.007    0.113 0.994      1.000 1.000 1.000 1.000 0.999 0.845 0.785 0.639 0.561 0.506 0.464 0.343 0.323 0.225 0.204
     26       3.823    0.119 0.993      1.000 1.000 1.000 1.000 0.999 0.848 0.788 0.643 0.566 0.510 0.469 0.348 0.329 0.231 0.209
     27       3.649    0.124 0.992      1.000 1.000 1.000 1.000 0.999 0.851 0.792 0.648 0.571 0.515 0.474 0.354 0.334 0.237 0.215
     28       2.735    0.167 0.986      0.998 0.999 0.999 0.999 1.000 0.873 0.818 0.680 0.606 0.552 0.511 0.394 0.374 0.278 0.257
     29       0.922    0.627 0.779      0.838 0.845 0.848 0.851 0.873 1.000 0.995 0.951 0.917 0.889 0.865 0.792 0.779 0.711 0.696
     30       0.901    0.704 0.710      0.777 0.785 0.788 0.792 0.818 0.995 1.000 0.978 0.953 0.931 0.913 0.851 0.840 0.781 0.766
     31       0.983    0.837 0.548      0.629 0.639 0.643 0.648 0.680 0.951 0.978 1.000 0.995 0.987 0.978 0.942 0.935 0.894 0.883
     32       1.095    0.886 0.464      0.551 0.561 0.566 0.571 0.606 0.917 0.953 0.995 1.000 0.998 0.994 0.970 0.965 0.933 0.925
     33       1.217    0.914 0.405      0.494 0.506 0.510 0.515 0.552 0.889 0.931 0.987 0.998 1.000 0.999 0.984 0.980 0.955 0.948
     34       1.339    0.933 0.360      0.452 0.464 0.469 0.474 0.511 0.865 0.913 0.978 0.994 0.999 1.000 0.991 0.988 0.968 0.962
     35       1.976    0.972 0.234      0.331 0.343 0.348 0.354 0.394 0.792 0.851 0.942 0.970 0.984 0.991 1.000 1.000 0.992 0.990
     36       2.153    0.977 0.214      0.311 0.323 0.329 0.334 0.374 0.779 0.840 0.935 0.965 0.980 0.988 1.000 1.000 0.995 0.992
     37       3.983    0.994 0.114      0.213 0.225 0.231 0.237 0.278 0.711 0.781 0.894 0.933 0.955 0.968 0.992 0.995 1.000 1.000
     38       4.938    0.996 0.092      0.191 0.204 0.209 0.215 0.257 0.696 0.766 0.883 0.925 0.948 0.962 0.990 0.992 1.000 1.000

  R CORE   ENERGY   A0R/A00=1.000    R3= 0     2  
   2( 1)    0.732                    1.000 0.000
   2( 2)  487.921                    0.000 1.000

  R CORE   ENERGY   A0R/A00=1.000    R3= 0     2  
   3( 1)  488.652                    0.000 1.000

  R CORE   ENERGY   A0R/A00=1.000    R3= 0     2     4  
   4( 1)    2.438                    1.000 0.000 0.000

  R CORE   ENERGY   A0R/A00=1.000    R3= 0     2     4  
   5( 1)  490.847                    0.000 1.000 0.000

  R CORE   ENERGY   A0R/A00=1.000    R3= 0     2     4     6  
   6( 1)    5.121                    1.000 0.000 0.000 0.000

  R CORE   ENERGY   A0R/A00=1.000    R3= 0     2     4     6  
   7( 1)  494.017                    0.000 1.000 0.000 0.000

          AXIAL SYMMETRY => K RESTRICTED TO OMEGA

                     K
     S.P. ORB#: 24  2.50
     S.P. ORB#: 25  4.50
     S.P. ORB#: 26  0.50
     S.P. ORB#: 27  0.50
     S.P. ORB#: 28  2.50
     S.P. ORB#: 29  2.50
     S.P. ORB#: 30  0.50
     S.P. ORB#: 31 -3.50
     S.P. ORB#: 32 -5.50
     S.P. ORB#: 33 -1.50
     S.P. ORB#: 34 -3.50
     S.P. ORB#: 35  0.50
     S.P. ORB#: 36 -1.50
     S.P. ORB#: 37 -1.50
     S.P. ORB#: 38 -3.50
 

             ENERGY    K= OMEGA
 
 I=  1/2- (1)  3.451  35:-0.999
 
 I=  1/2- (2)  4.780  27: 0.373
                      30:-0.928
 
 I=  1/2- (3)  5.754  26: 0.999
 
 I=  1/2- (4)  7.516  27:-0.928
                      30:-0.373
 
 I=  1/2- (5)147.520  33: 1.000

             ENERGY    K= OMEGA
 
 I=  3/2- (1)  3.520  35:-0.810
                      36:-0.586
 
 I=  3/2- (2)  3.760  26:-0.118
                      35: 0.580
                      36:-0.806

             ENERGY    K= OMEGA
 
 I=  5/2- (1)  2.753  29: 0.996
                      36: 0.082
 
 I=  5/2- (2)  4.094  26: 0.187
                      29: 0.077
                      35: 0.520
                      36:-0.829
 
 I=  5/2- (3)  4.680  26:-0.055
                      35:-0.841
                      36:-0.536
 
 I=  5/2- (4)  4.683  27:-0.476
                      30: 0.757
                      33: 0.367
                      37:-0.254
 
 I=  5/2- (5)  6.064  28: 0.118
                      30: 0.404
                      33:-0.899
                      37:-0.121

             ENERGY    K= OMEGA
 
 I=  7/2- (1)  2.831  24:-0.147
                      29: 0.199
                      31: 0.969
 
 I=  7/2- (2)  3.457  24:-0.058
                      29:-0.941
                      31: 0.187
                      36: 0.117
                      38: 0.248
 
 I=  7/2- (3)  4.740  29:-0.072
                      35:-0.839
                      36:-0.536
 
 I=  7/2- (4)  5.218  24:-0.062
                      26: 0.226
                      29: 0.073
                      35:-0.521
                      36: 0.814
                      38:-0.068
 
 I=  7/2- (5)  5.359  27:-0.338
                      30:-0.857
                      33:-0.163
                      37:-0.347

             ENERGY    K= OMEGA
 
 I=  9/2- (1)  3.742  24:-0.207
                      29: 0.276
                      31:-0.936
                      38: 0.052
 
 I=  9/2- (2)  4.384  24: 0.094
                      29: 0.889
                      31: 0.259
                      36: 0.146
                      38: 0.331
 
 I=  9/2- (3)  5.451  27: 0.507
                      30:-0.720
                      33:-0.348
                      37: 0.320
 
 I=  9/2- (4)  5.781  24: 0.054
                      26:-0.298
                      29:-0.112
                      35:-0.534
                      36: 0.774
                      38:-0.091
 
 I=  9/2- (5)  6.420  25: 0.996
                      31: 0.055
                      38:-0.051

             ENERGY    K= OMEGA
 
 I= 11/2- (1)  2.334  25:-0.137
                      32:-0.991
 
 I= 11/2- (2)  4.873  24:-0.250
                      25: 0.061
                      29: 0.327
                      31: 0.905
                      38:-0.090
 
 I= 11/2- (3)  5.543  24:-0.127
                      29:-0.845
                      31: 0.305
                      36: 0.162
                      38: 0.383
 
 I= 11/2- (4)  6.451  27: 0.405
                      28: 0.079
                      30: 0.799
                      33: 0.195
                      34: 0.054
                      37: 0.387
 
 I= 11/2- (5)  6.940  26: 0.064
                      29:-0.084
                      35:-0.853
                      36:-0.502
                      38: 0.077

             ENERGY    K= OMEGA
 
 I= 13/2- (1)  3.802  25: 0.196
                      32:-0.980
 
 I= 13/2- (2)  6.231  24:-0.283
                      25: 0.063
                      29: 0.361
                      31:-0.877
                      38: 0.122
 
 I= 13/2- (3)  6.929  24: 0.158
                      25:-0.053
                      29: 0.805
                      31: 0.334
                      35:-0.050
                      36: 0.189
                      38: 0.415
 
 I= 13/2- (4)  7.151  27:-0.518
                      30: 0.702
                      33: 0.332
                      37:-0.357
 
 I= 13/2- (5)  8.391  26: 0.381
                      29: 0.130
                      31: 0.084
                      35: 0.528
                      36:-0.729
                      38: 0.133

             ENERGY     K=-7/2
  32 LEVELS    TIME=  0.0 SEC



 ******************* EXCITATION ENERGIES, DOMINANT CONFIGURATION AND EXPECTATION VALUES (WITH S.P. UU+VV FACTORS) *******************

  NR  Eex(keV)  I   Kdom  NY    <Jz>  <Jx**2> <Jy**2> <Jz**2> <I.j>/|I|  <Rx**2> <Ry**2> <Rz**2> <R.j>/|R|  <HROTx> <HROTy> <HROTz>

   1    0.0  11/2- -11/2  32   -5.31    2.84    2.84   30.06    5.17       4.86    4.86    0.00   -1.56      0.592   0.592   0.000
   2  418.8   5/2-   5/2  29    2.47    6.29    6.29    6.22    2.13       7.46    7.46    0.00   -3.23      0.910   0.910   0.000
   3  496.8   7/2-  -7/2  31   -3.13    6.53    6.53   11.88    3.29       7.27    7.27   -0.00   -3.11      0.887   0.887  -0.000
   4 1116.8   1/2-   1/2  35    0.50    5.56    5.56    0.25    0.03       6.03    6.03   -0.00   -3.26      0.735   0.735  -0.000
   5 1123.3   7/2-   5/2  29    1.87    5.99    5.99    6.77    2.01       9.26    9.26    0.00   -2.50      1.129   1.129   0.000
  
   6 1185.9   3/2-   1/2  35   -0.19    5.56    5.56    0.94    0.94       6.08    6.08   -0.00   -2.93      0.741   0.741  -0.000
   7 1407.7   9/2-  -7/2  31   -2.77    6.62    6.62   11.56    2.84      10.64   10.64   -0.00   -2.31      1.297   1.297  -0.000
   8 1426.6   3/2-  -3/2  36   -0.80    5.60    5.60    1.55    0.78       6.74    6.74   -0.00   -3.06      0.822   0.822  -0.000
   9 1467.9  13/2- -11/2  32   -5.12    2.94    2.94   29.86    4.53      10.64   10.64    0.00   -0.90      1.297   1.297   0.000
  10 1760.7   5/2-  -3/2  36   -0.86    5.67    5.67    1.67    1.00       7.93    7.93   -0.00   -2.53      0.967   0.967  -0.000
  
  11 2050.3   9/2-   5/2  29    1.35    5.76    5.76    7.23    1.94      12.11   12.11    0.00   -1.85      1.477   1.477   0.000
  12 2346.0   5/2-   1/2  35   -0.07    5.57    5.57    0.84   -0.16      10.85   10.85   -0.00   -2.68      1.323   1.323  -0.000
  13 2349.6   5/2-   1/2  30    0.10   14.51   14.51    0.65    2.45      11.97   11.97    0.00   -4.58      1.459   1.459   0.000
  14 2405.9   7/2-   1/2  35   -0.07    5.56    5.56    0.88    0.70      11.11   11.11   -0.00   -1.96      1.354   1.354  -0.000
  15 2446.0   1/2-   1/2  30    0.50   14.98   14.98    0.25    1.31      14.34   14.34    0.00   -5.43      1.749   1.749   0.000
  
  16 2539.4  11/2-  -7/2  31   -2.46    6.68    6.68   11.27    2.56      14.90   14.90   -0.00   -1.71      1.817   1.817  -0.001
  17 2883.8   7/2-  -3/2  36   -0.83    5.69    5.69    1.69    0.52      12.36   12.36   -0.00   -2.22      1.507   1.507  -0.000
  18 3025.5   7/2-   1/2  30    0.21   18.03   18.03    0.57    2.71      15.42   15.42    0.00   -4.66      1.880   1.880   0.000
  19 3117.4   9/2-   1/2  30    0.05   14.41   14.41    0.70    2.58      14.31   14.31    0.00   -3.12      1.745   1.745   0.000
  20 3208.9  11/2-   5/2  29    0.96    5.59    5.59    7.60    1.87      16.11   16.11    0.00   -1.34      1.964   1.964   0.001
  
  21 3420.4   1/2-   1/2  26    0.50    7.98    7.98    0.25    0.63       7.94    7.94    0.00   -3.93      0.968   0.968   0.000
  22 3447.2   9/2-  -3/2  36   -0.71    5.79    5.79    1.68    0.92      14.43   14.43   -0.00   -1.62      1.759   1.759  -0.000
  23 3729.8   5/2-  -3/2  33   -1.12   16.94   16.94    1.98    0.84      19.83   19.83   -0.00   -5.30      2.418   2.418  -0.000
  24 3897.2  13/2-  -7/2  31   -2.20    6.73    6.73   11.03    2.37      20.10   20.10   -0.00   -1.26      2.451   2.451  -0.001
  25 4086.5   9/2-   9/2  25    4.45    7.61    7.61   20.16    4.04       9.95    9.95    0.00   -3.42      1.213   1.213   0.000
  
  26 4117.5  11/2-   1/2  30    0.13   18.12   18.12    0.70    2.92      18.92   18.92    0.00   -3.17      2.306   2.306   0.000
  27 4595.4  13/2-   5/2  29    0.65    5.48    5.48    7.83    1.81      21.16   21.16    0.00   -0.95      2.579   2.579   0.001
  28 4605.8  11/2-   1/2  35   -0.02    5.55    5.55    0.91    0.63      20.09   20.09    0.00   -1.30      2.450   2.450   0.000
  29 4817.3  13/2-   1/2  30    0.02   14.40   14.40    0.73    2.62      20.85   20.85    0.00   -1.74      2.542   2.542   0.000
  30 5182.0   1/2-   1/2  27    0.50   15.84   15.84    0.25   -1.25      17.42   17.42    0.00   -5.59      2.124   2.124   0.000
  
  31 6057.4  13/2-  -3/2  36   -0.62    5.89    5.89    1.75    0.93      24.68   24.68    0.00   -1.01      3.009   3.009   0.000
  32*******   1/2-  -3/2  33    0.00    0.00    0.00    0.00   -0.00       0.00    0.00    0.00   -0.00      0.000   0.000   0.000
