1SPECTRUM OF (Z= 82 A=207) IN PARTICLE-ROTOR  MODEL WITH MODIFIED OSCILLATOR POTENTIAL


 PARITY=-   EPS= 0.623   GAMMA=  0.0   EPS4=0.000   EPS6=0.000   LEVELS:  24  25  26  27  28  29  30  31  32  33  34  35  36  37  38

 PAIRING FACTORS: GN0= 19.20  GN1=  7.40  IPAIR= 15 ***  E2PLUS(INPUT)=   0.730  E2PLUR(INPUT)=   0.000

 CORIOLIS ATTENUATION PARAMETERS:  CHSI=1.000  ETA=  1.00

 MOMENT OF INERTIA PARAMETERS:   A1=  0.122 MEV   A2=  0.122 MEV   A3=121.91924 MEV


 DELTA=0.887 MEV  LAMBDA=53.7555 MEV   HW0= 7.8151 MEV   LAMBDA/HW0= 6.8784

 E2ENERGY=0.730 MEV  HBAR**2/B=71966./A**(7/3)=******/A**2 MEV

 IREC=0  =>  RECOIL TERMS j+j-, j+j+, jzjz, ETC TREATED AS ONE-BODY OPERATORS WITH UU+VV PAIRING FACTORS



 S. P. LEVEL   EQP       U     V        (UU + VV)**1.00

     24       4.482    0.099 0.995      1.000 1.000 1.000 1.000 0.998 0.840 0.793 0.576 0.545 0.473 0.462 0.313 0.296 0.213 0.188
     25       3.938    0.113 0.994      1.000 1.000 1.000 1.000 0.999 0.848 0.801 0.587 0.556 0.486 0.474 0.326 0.309 0.226 0.201
     26       3.857    0.116 0.993      1.000 1.000 1.000 1.000 0.999 0.849 0.803 0.589 0.558 0.488 0.476 0.328 0.311 0.229 0.204
     27       3.797    0.118 0.993      1.000 1.000 1.000 1.000 0.999 0.850 0.804 0.591 0.560 0.489 0.478 0.330 0.313 0.231 0.206
     28       2.887    0.156 0.988      0.998 0.999 0.999 0.999 1.000 0.869 0.826 0.621 0.591 0.522 0.511 0.366 0.349 0.268 0.243
     29       0.910    0.623 0.782      0.840 0.848 0.849 0.850 0.869 1.000 0.997 0.927 0.912 0.875 0.869 0.778 0.766 0.709 0.690
     30       0.889    0.685 0.728      0.793 0.801 0.803 0.804 0.826 0.997 1.000 0.955 0.943 0.912 0.907 0.827 0.816 0.764 0.747
     31       1.036    0.871 0.492      0.576 0.587 0.589 0.591 0.621 0.927 0.955 1.000 0.999 0.993 0.991 0.957 0.951 0.921 0.911
     32       1.088    0.889 0.459      0.545 0.556 0.558 0.560 0.591 0.912 0.943 0.999 1.000 0.997 0.995 0.967 0.962 0.935 0.926
     33       1.253    0.924 0.383      0.473 0.486 0.488 0.489 0.522 0.875 0.912 0.993 0.997 1.000 1.000 0.985 0.981 0.961 0.954
     34       1.287    0.929 0.371      0.462 0.474 0.476 0.478 0.511 0.869 0.907 0.991 0.995 1.000 1.000 0.987 0.984 0.965 0.958
     35       2.095    0.976 0.217      0.313 0.326 0.328 0.330 0.366 0.778 0.827 0.957 0.967 0.985 0.987 1.000 1.000 0.995 0.992
     36       2.274    0.980 0.199      0.296 0.309 0.311 0.313 0.349 0.766 0.816 0.951 0.962 0.981 0.984 1.000 1.000 0.996 0.994
     37       3.895    0.993 0.115      0.213 0.226 0.229 0.231 0.268 0.709 0.764 0.921 0.935 0.961 0.965 0.995 0.996 1.000 1.000
     38       4.997    0.996 0.089      0.188 0.201 0.204 0.206 0.243 0.690 0.747 0.911 0.926 0.954 0.958 0.992 0.994 1.000 1.000

  R CORE   ENERGY   A0R/A00=1.000    R3= 0     2  
   2( 1)    0.732                    1.000 0.000
   2( 2)  487.921                    0.000 1.000

  R CORE   ENERGY   A0R/A00=1.000    R3= 0     2  
   3( 1)  488.652                    0.000 1.000

  R CORE   ENERGY   A0R/A00=1.000    R3= 0     2     4  
   4( 1)    2.438                    1.000 0.000 0.000

  R CORE   ENERGY   A0R/A00=1.000    R3= 0     2     4  
   5( 1)  490.847                    0.000 1.000 0.000

  R CORE   ENERGY   A0R/A00=1.000    R3= 0     2     4     6  
   6( 1)    5.121                    1.000 0.000 0.000 0.000

  R CORE   ENERGY   A0R/A00=1.000    R3= 0     2     4     6  
   7( 1)  494.017                    0.000 1.000 0.000 0.000

          AXIAL SYMMETRY => K RESTRICTED TO OMEGA

                     K
     S.P. ORB#: 24  2.50
     S.P. ORB#: 25  0.50
     S.P. ORB#: 26  4.50
     S.P. ORB#: 27  0.50
     S.P. ORB#: 28  2.50
     S.P. ORB#: 29  0.50
     S.P. ORB#: 30  2.50
     S.P. ORB#: 31 -3.50
     S.P. ORB#: 32 -1.50
     S.P. ORB#: 33 -5.50
     S.P. ORB#: 34 -3.50
     S.P. ORB#: 35  0.50
     S.P. ORB#: 36 -1.50
     S.P. ORB#: 37 -1.50
     S.P. ORB#: 38  4.50
 

             ENERGY    K= OMEGA
 
 I=  1/2- (1)  3.578  35: 0.999
 
 I=  1/2- (2)  4.797  25:-0.359
                      29: 0.933
 
 I=  1/2- (3)  5.739  27:-0.999
 
 I=  1/2- (4)  7.814  25: 0.933
                      29: 0.359
 
 I=  1/2- (5)147.391  32: 1.000

             ENERGY    K= OMEGA
 
 I=  3/2- (1)  3.647  35: 0.814
                      36: 0.580
 
 I=  3/2- (2)  3.887  27:-0.118
                      35: 0.573
                      36:-0.811

             ENERGY    K= OMEGA
 
 I=  5/2- (1)  2.723  30: 0.997
                      36: 0.078
 
 I=  5/2- (2)  4.229  27: 0.190
                      30: 0.073
                      35: 0.517
                      36:-0.831
 
 I=  5/2- (3)  4.679  25:-0.473
                      29: 0.735
                      32:-0.426
                      37:-0.233
 
 I=  5/2- (4)  4.806  27:-0.057
                      35:-0.843
                      36:-0.533
 
 I=  5/2- (5)  5.985  28: 0.112
                      29: 0.451
                      32: 0.876
                      37:-0.125

             ENERGY    K= OMEGA
 
 I=  7/2- (1)  2.899  24:-0.136
                      30: 0.218
                      31: 0.966
 
 I=  7/2- (2)  3.593  24: 0.060
                      30: 0.967
                      31:-0.210
                      36:-0.127
 
 I=  7/2- (3)  4.870  30:-0.085
                      35:-0.845
                      36:-0.525
 
 I=  7/2- (4)  5.352  24:-0.063
                      27: 0.227
                      30: 0.097
                      35:-0.511
                      36: 0.821
 
 I=  7/2- (5)  5.422  25: 0.354
                      28: 0.058
                      29: 0.846
                      32:-0.230
                      37: 0.317

             ENERGY    K= OMEGA
 
 I=  9/2- (1)  3.834  24:-0.196
                      26: 0.053
                      30: 0.260
                      31:-0.944
 
 I=  9/2- (2)  4.691  24: 0.092
                      30: 0.947
                      31: 0.242
                      36: 0.182
 
 I=  9/2- (3)  5.446  25: 0.516
                      29:-0.699
                      32: 0.399
                      37: 0.287
 
 I=  9/2- (4)  5.939  24:-0.051
                      27: 0.303
                      30: 0.173
                      31: 0.053
                      35: 0.535
                      36:-0.766
 
 I=  9/2- (5)  6.273  26: 0.998
                      31: 0.054

             ENERGY    K= OMEGA
 
 I= 11/2- (1)  2.511  26: 0.126
                      33: 0.992
 
 I= 11/2- (2)  4.998  24:-0.243
                      26: 0.068
                      30: 0.274
                      31: 0.928
 
 I= 11/2- (3)  6.023  24: 0.117
                      30: 0.933
                      31:-0.243
                      35:-0.063
                      36:-0.228
 
 I= 11/2- (4)  6.419  25:-0.290
                      28:-0.277
                      29:-0.501
                      32: 0.225
                      34:-0.590
                      37:-0.233
                      38:-0.368
 
 I= 11/2- (5)  6.628  25:-0.312
                      28: 0.175
                      29:-0.619
                      32: 0.117
                      34: 0.532
                      37:-0.268
                      38: 0.346

             ENERGY    K= OMEGA
 
 I= 13/2- (1)  4.002  26:-0.182
                      33: 0.983
 
 I= 13/2- (2)  6.393  24:-0.282
                      26: 0.074
                      30: 0.277
                      31:-0.915
 
 I= 13/2- (3)  7.051  25: 0.277
                      28: 0.292
                      29:-0.325
                      32: 0.254
                      34:-0.667
                      37: 0.133
                      38: 0.453
 
 I= 13/2- (4)  7.183  25:-0.459
                      28: 0.144
                      29: 0.602
                      32:-0.286
                      34:-0.400
                      37:-0.295
                      38: 0.278
 
 I= 13/2- (5)  7.570  24: 0.137
                      27:-0.091
                      30: 0.904
                      31: 0.226
                      35:-0.101
                      36: 0.304

             ENERGY     K= 9/2
  32 LEVELS    TIME=  0.0 SEC



 ******************* EXCITATION ENERGIES, DOMINANT CONFIGURATION AND EXPECTATION VALUES (WITH S.P. UU+VV FACTORS) *******************

  NR  Eex(keV)  I   Kdom  NY    <Jz>  <Jx**2> <Jy**2> <Jz**2> <I.j>/|I|  <Rx**2> <Ry**2> <Rz**2> <R.j>/|R|  <HROTx> <HROTy> <HROTz>

   1    0.0  11/2- -11/2  33   -5.34    2.83    2.83   30.09    5.14       4.99    4.99    0.00   -1.58      0.609   0.609   0.000
   2  211.3   5/2-   5/2  30    2.48    6.30    6.30    6.22    2.13       7.48    7.48   -0.00   -3.24      0.912   0.912  -0.000
   3  387.8   7/2-  -7/2  31   -3.10    6.52    6.52   11.85    3.25       7.41    7.41   -0.00   -3.11      0.903   0.903  -0.000
   4 1066.2   1/2-   1/2  35    0.50    5.58    5.58    0.25    0.02       6.06    6.06    0.00   -3.27      0.739   0.739   0.000
   5 1081.7   7/2-   5/2  30    2.17    6.29    6.29    6.45    1.63      10.92   10.92   -0.00   -2.69      1.331   1.331  -0.000
  
   6 1135.5   3/2-   1/2  35   -0.17    5.59    5.59    0.92    0.93       6.11    6.11    0.00   -2.94      0.745   0.745   0.000
   7 1322.5   9/2-  -7/2  31   -2.84    6.58    6.58   11.64    2.78      10.94   10.94   -0.00   -2.34      1.334   1.334  -0.000
   8 1375.6   3/2-  -3/2  36   -0.81    5.63    5.63    1.56    0.78       6.77    6.77   -0.00   -3.07      0.825   0.825  -0.000
   9 1490.6  13/2- -11/2  33   -5.17    2.91    2.91   29.91    4.49      10.92   10.92    0.00   -0.94      1.332   1.332   0.000
  10 1717.1   5/2-  -3/2  36   -0.87    5.70    5.70    1.67    0.98       8.00    8.00   -0.00   -2.54      0.976   0.976  -0.000
  
  11 2167.7   5/2-   1/2  29    0.03   14.45   14.45    0.72    2.47      11.87   11.87   -0.00   -4.58      1.448   1.448  -0.000
  12 2179.9   9/2-   5/2  30    2.01    6.27    6.27    6.46    1.34      15.22   15.22   -0.00   -2.24      1.855   1.855  -0.000
  13 2285.2   1/2-   1/2  29    0.50   14.98   14.98    0.25    1.32      14.34   14.34   -0.00   -5.43      1.748   1.748  -0.000
  14 2295.0   5/2-   1/2  35   -0.06    5.60    5.60    0.83   -0.17      10.88   10.88    0.00   -2.68      1.327   1.327   0.000
  15 2358.1   7/2-   1/2  35   -0.04    5.60    5.60    0.86    0.68      11.19   11.19    0.00   -1.97      1.364   1.364   0.000
  
  16 2486.4  11/2-  -7/2  31   -2.66    6.64    6.64   11.49    2.48      15.41   15.41   -0.00   -1.79      1.878   1.878  -0.000
  17 2840.3   7/2-  -3/2  36   -0.82    5.74    5.74    1.69    0.49      12.51   12.51    0.00   -2.24      1.526   1.526   0.000
  18 2910.4   7/2-   1/2  29    0.19   18.18   18.18    0.59    2.70      15.65   15.65    0.00   -4.69      1.908   1.908   0.000
  19 2934.5   9/2-   1/2  29    0.02   14.29   14.29    0.77    2.60      14.14   14.14   -0.00   -3.09      1.724   1.724  -0.000
  20 3227.2   1/2-   1/2  27    0.50    8.02    8.02    0.25    0.62       7.98    7.98    0.00   -3.94      0.973   0.973   0.000
  
  21 3427.2   9/2-  -3/2  36   -0.62    5.86    5.86    1.66    0.85      14.82   14.82   -0.00   -1.68      1.807   1.807  -0.000
  22 3473.2   5/2-  -3/2  32   -1.04   16.88   16.88    1.89    0.76      19.94   19.94   -0.00   -5.29      2.432   2.432  -0.000
  23 3511.2  11/2-   5/2  30    1.93    6.26    6.26    6.38    1.14      20.49   20.49   -0.00   -1.88      2.498   2.498  -0.000
  24 3761.3   9/2-   9/2  26    4.47    7.62    7.62   20.21    4.05       9.94    9.94    0.00   -3.43      1.212   1.212   0.000
  25 3881.4  13/2-  -7/2  31   -2.52    6.70    6.70   11.37    2.28      20.82   20.82   -0.00   -1.37      2.539   2.539  -0.000
  
  26 3907.7  11/2-  -7/2  34   -0.40   19.93   19.93    7.81    4.06      17.42   17.42   -0.00   -3.96      2.123   2.123  -0.000
  27 4116.1  11/2-   1/2  29   -0.26   19.52   19.52    6.40    3.67      18.66   18.66   -0.00   -3.85      2.275   2.275  -0.000
  28 4540.0  13/2-  -7/2  34   -0.45   19.37   19.37   10.38    4.27      19.15   19.15   -0.00   -3.12      2.334   2.334  -0.000
  29 4672.0  13/2-   1/2  29   -0.13   16.02   16.02    4.17    3.18      20.28   20.28   -0.00   -2.20      2.473   2.473  -0.000
  30 5058.5  13/2-   5/2  30    1.79    6.24    6.24    6.09    1.04      26.40   26.40    0.00   -1.56      3.219   3.219   0.000
  
  31 5302.9   1/2-   1/2  25    0.50   15.90   15.90    0.25   -1.27      17.50   17.50    0.00   -5.60      2.133   2.133   0.000
  32*******   1/2-  -3/2  32    0.00    0.00    0.00    0.00   -0.00       0.00    0.00    0.00   -0.00      0.000   0.000   0.000
