1SPECTRUM OF (Z= 82 A=207) IN PARTICLE-ROTOR  MODEL WITH MODIFIED OSCILLATOR POTENTIAL


 PARITY=-   EPS= 0.475   GAMMA=  0.0   EPS4=0.000   EPS6=0.000   LEVELS:  24  25  26  27  28  29  30  31  32  33  34  35  36  37  38

 PAIRING FACTORS: GN0= 19.20  GN1=  7.40  IPAIR= 15 ***  E2PLUS(INPUT)=   0.730  E2PLUR(INPUT)=   0.000

 CORIOLIS ATTENUATION PARAMETERS:  CHSI=1.000  ETA=  1.00

 MOMENT OF INERTIA PARAMETERS:   A1=  0.122 MEV   A2=  0.122 MEV   A3=121.91924 MEV


 DELTA=0.847 MEV  LAMBDA=53.4526 MEV   HW0= 7.6285 MEV   LAMBDA/HW0= 7.0070

 E2ENERGY=0.730 MEV  HBAR**2/B=41835./A**(7/3)=7072.1/A**2 MEV

 IREC=0  =>  RECOIL TERMS j+j-, j+j+, jzjz, ETC TREATED AS ONE-BODY OPERATORS WITH UU+VV PAIRING FACTORS



 S. P. LEVEL   EQP       U     V        (UU + VV)**1.00

     24       4.880    0.087 0.996      1.000 1.000 0.999 0.995 0.990 0.973 0.969 0.928 0.658 0.581 0.340 0.289 0.271 0.245 0.234
     25       4.133    0.103 0.995      1.000 1.000 1.000 0.996 0.992 0.977 0.972 0.934 0.670 0.594 0.355 0.304 0.286 0.260 0.250
     26       3.334    0.128 0.992      0.999 1.000 1.000 0.998 0.995 0.982 0.978 0.942 0.688 0.614 0.378 0.328 0.310 0.285 0.274
     27       2.266    0.190 0.982      0.995 0.996 0.998 1.000 0.999 0.992 0.989 0.962 0.733 0.662 0.436 0.387 0.370 0.344 0.334
     28       1.930    0.225 0.974      0.990 0.992 0.995 0.999 1.000 0.996 0.994 0.971 0.756 0.689 0.468 0.419 0.402 0.378 0.368
     29       1.419    0.315 0.949      0.973 0.977 0.982 0.992 0.996 1.000 1.000 0.989 0.814 0.753 0.548 0.502 0.486 0.462 0.452
     30       1.353    0.332 0.943      0.969 0.972 0.978 0.989 0.994 1.000 1.000 0.991 0.824 0.765 0.563 0.517 0.502 0.478 0.468
     31       1.050    0.452 0.892      0.928 0.934 0.942 0.962 0.971 0.989 0.991 1.000 0.891 0.842 0.666 0.625 0.610 0.589 0.580
     32       0.890    0.808 0.589      0.658 0.670 0.688 0.733 0.756 0.814 0.824 0.891 1.000 0.995 0.932 0.911 0.903 0.891 0.886
     33       0.969    0.862 0.507      0.581 0.594 0.614 0.662 0.689 0.753 0.765 0.842 0.995 1.000 0.963 0.947 0.941 0.932 0.928
     34       1.709    0.967 0.257      0.340 0.355 0.378 0.436 0.468 0.548 0.563 0.666 0.932 0.963 1.000 0.999 0.997 0.995 0.994
     35       2.122    0.979 0.204      0.289 0.304 0.328 0.387 0.419 0.502 0.517 0.625 0.911 0.947 0.999 1.000 1.000 0.999 0.998
     36       2.320    0.983 0.186      0.271 0.286 0.310 0.370 0.402 0.486 0.502 0.610 0.903 0.941 0.997 1.000 1.000 1.000 0.999
     37       2.693    0.987 0.159      0.245 0.260 0.285 0.344 0.378 0.462 0.478 0.589 0.891 0.932 0.995 0.999 1.000 1.000 1.000
     38       2.884    0.989 0.149      0.234 0.250 0.274 0.334 0.368 0.452 0.468 0.580 0.886 0.928 0.994 0.998 0.999 1.000 1.000

  R CORE   ENERGY   A0R/A00=1.000    R3= 0     2  
   2( 1)    0.732                    1.000 0.000
   2( 2)  487.921                    0.000 1.000

  R CORE   ENERGY   A0R/A00=1.000    R3= 0     2  
   3( 1)  488.652                    0.000 1.000

  R CORE   ENERGY   A0R/A00=1.000    R3= 0     2     4  
   4( 1)    2.438                    1.000 0.000 0.000

  R CORE   ENERGY   A0R/A00=1.000    R3= 0     2     4  
   5( 1)  490.847                    0.000 1.000 0.000

  R CORE   ENERGY   A0R/A00=1.000    R3= 0     2     4     6  
   6( 1)    5.121                    1.000 0.000 0.000 0.000

  R CORE   ENERGY   A0R/A00=1.000    R3= 0     2     4     6  
   7( 1)  494.017                    0.000 1.000 0.000 0.000

          AXIAL SYMMETRY => K RESTRICTED TO OMEGA

                     K
     S.P. ORB#: 24  2.50
     S.P. ORB#: 25  0.50
     S.P. ORB#: 26 -1.50
     S.P. ORB#: 27 -5.50
     S.P. ORB#: 28  2.50
     S.P. ORB#: 29 -3.50
     S.P. ORB#: 30  2.50
     S.P. ORB#: 31  0.50
     S.P. ORB#: 32  0.50
     S.P. ORB#: 33 -1.50
     S.P. ORB#: 34 -3.50
     S.P. ORB#: 35  0.50
     S.P. ORB#: 36 -3.50
     S.P. ORB#: 37 -1.50
     S.P. ORB#: 38  4.50
 

             ENERGY    K= OMEGA
 
 I=  1/2- (1)  2.266  32: 0.999
 
 I=  1/2- (2)  4.270  31:-0.926
                      35: 0.377
 
 I=  1/2- (3)  5.927  25: 0.999
 
 I=  1/2- (4)  6.400  31:-0.377
                      35:-0.926
 
 I=  1/2- (5)147.272  33: 1.000

             ENERGY    K= OMEGA
 
 I=  3/2- (1)  2.300  32: 0.662
                      33:-0.749
 
 I=  3/2- (2)  2.518  25:-0.149
                      32:-0.740
                      33:-0.656

             ENERGY    K= OMEGA
 
 I=  5/2- (1)  2.714  24:-0.051
                      25: 0.201
                      28:-0.078
                      32:-0.513
                      33:-0.829
 
 I=  5/2- (2)  3.463  25: 0.060
                      28: 0.187
                      32:-0.836
                      33: 0.511
 
 I=  5/2- (3)  3.745  28:-0.978
                      32:-0.120
                      33: 0.166
 
 I=  5/2- (4)  4.592  26:-0.122
                      30: 0.101
                      31: 0.827
                      35:-0.479
                      37:-0.247
 
 I=  5/2- (5)  6.336  26: 0.483
                      30:-0.844
                      35:-0.231

             ENERGY    K= OMEGA
 
 I=  7/2- (1)  3.069  24:-0.228
                      29: 0.928
                      33: 0.144
                      36: 0.250
 
 I=  7/2- (2)  3.208  28:-0.279
                      29:-0.237
                      36: 0.928
 
 I=  7/2- (3)  3.503  28: 0.074
                      29: 0.116
                      32: 0.750
                      33:-0.638
                      36: 0.092
 
 I=  7/2- (4)  3.834  24: 0.053
                      25:-0.266
                      28: 0.122
                      29: 0.073
                      32:-0.627
                      33:-0.712
                      36: 0.074
 
 I=  7/2- (5)  4.662  26:-0.282
                      30:-0.288
                      31:-0.826
                      34:-0.116
                      35:-0.252
                      37:-0.280

             ENERGY    K= OMEGA
 
 I=  9/2- (1)  3.424  24:-0.221
                      28: 0.109
                      29:-0.699
                      33:-0.092
                      36: 0.147
                      38: 0.647
 
 I=  9/2- (2)  4.065  24:-0.164
                      25: 0.185
                      28:-0.223
                      29:-0.300
                      32:-0.300
                      33:-0.487
                      36:-0.622
                      38:-0.293
 
 I=  9/2- (3)  4.262  25: 0.253
                      28: 0.097
                      29: 0.253
                      32:-0.448
                      33:-0.580
                      36: 0.570
 
 I=  9/2- (4)  4.459  24: 0.163
                      28:-0.287
                      29: 0.489
                      32:-0.088
                      33:-0.086
                      36:-0.382
                      38: 0.700
 
 I=  9/2- (5)  5.339  26: 0.395
                      30:-0.519
                      31:-0.587
                      34: 0.278
                      35: 0.306
                      37: 0.245

             ENERGY    K= OMEGA
 
 I= 11/2- (1)  3.605  27: 0.999
 
 I= 11/2- (2)  4.313  24:-0.282
                      28: 0.125
                      29: 0.740
                      33: 0.095
                      36:-0.147
                      38: 0.568
 
 I= 11/2- (3)  5.310  24:-0.187
                      28:-0.302
                      29: 0.311
                      32:-0.120
                      33: 0.295
                      36: 0.770
                      38:-0.285
 
 I= 11/2- (4)  5.371  26:-0.437
                      30:-0.512
                      31:-0.609
                      34:-0.257
                      35:-0.227
                      37:-0.243
 
 I= 11/2- (5)  5.696  25:-0.096
                      28: 0.055
                      29:-0.076
                      32:-0.804
                      33: 0.484
                      36:-0.299
                      38:-0.104

             ENERGY    K= OMEGA
 
 I= 13/2- (1)  5.182  27:-0.986
                      29:-0.110
                      38: 0.112
 
 I= 13/2- (2)  5.448  24:-0.328
                      27: 0.164
                      28: 0.126
                      29:-0.746
                      32:-0.051
                      33:-0.135
                      36: 0.134
                      38: 0.502
 
 I= 13/2- (3)  6.432  26: 0.499
                      30:-0.655
                      31:-0.372
                      34: 0.360
                      35: 0.143
                      37: 0.185
 
 I= 13/2- (4)  6.476  24:-0.115
                      25: 0.350
                      28:-0.218
                      32:-0.467
                      33:-0.657
                      36:-0.336
                      38:-0.229
 
 I= 13/2- (5)  6.897  24: 0.140
                      25: 0.191
                      28: 0.270
                      29: 0.317
                      32:-0.290
                      33:-0.270
                      36: 0.765
                      38: 0.167

             ENERGY     K= 9/2
  32 LEVELS    TIME=  0.0 SEC



 ******************* EXCITATION ENERGIES, DOMINANT CONFIGURATION AND EXPECTATION VALUES (WITH S.P. UU+VV FACTORS) *******************

  NR  Eex(keV)  I   Kdom  NY    <Jz>  <Jx**2> <Jy**2> <Jz**2> <I.j>/|I|  <Rx**2> <Ry**2> <Rz**2> <R.j>/|R|  <HROTx> <HROTy> <HROTz>

   1    0.0   1/2-   1/2  32    0.50    5.23    5.23    0.25    0.13       5.62    5.62    0.00   -3.16      0.685   0.685   0.000
   2   33.8   3/2-  -3/2  33   -0.62    5.22    5.22    1.37    1.13       5.60    5.60    0.00   -2.88      0.682   0.682   0.000
   3  251.8   3/2-   1/2  32   -0.36    5.22    5.22    1.11    0.73       6.24    6.24    0.00   -2.87      0.761   0.761   0.000
   4  448.2   5/2-  -3/2  33   -0.86    5.38    5.38    1.68    1.33       6.65    6.65    0.00   -2.33      0.811   0.811   0.000
   5  802.4   7/2-  -7/2  29   -3.13    6.05    6.05   11.70    3.51       5.84    5.84    0.00   -2.89      0.711   0.711   0.000
  
   6  942.3   7/2-  -7/2  36   -3.02    2.96    2.96   11.75    3.21       3.97    3.97   -0.00   -1.75      0.483   0.483  -0.000
   7 1157.7   9/2-  -7/2  29    0.24    4.77    4.77   15.13    3.98       4.92    4.92   -0.00   -1.56      0.600   0.600  -0.000
   8 1196.5   5/2-   1/2  32    0.05    5.28    5.28    0.99   -0.03      10.24   10.24    0.00   -2.57      1.248   1.248   0.000
   9 1237.2   7/2-   1/2  32   -0.39    5.20    5.20    1.37    0.83      10.45   10.45    0.00   -1.85      1.274   1.274   0.000
  10 1338.5  11/2- -11/2  27   -5.48    2.75    2.75   30.22    5.06       5.49    5.49    0.00   -1.65      0.669   0.669   0.000
  
  11 1479.1   5/2-   5/2  28    2.36    6.07    6.07    6.05    1.99       7.60    7.60    0.00   -3.16      0.926   0.926   0.001
  12 1567.9   7/2-  -3/2  33   -0.52    5.31    5.31    1.50    0.78      10.82   10.82    0.00   -1.93      1.319   1.319   0.000
  13 1798.4   9/2-  -7/2  36   -1.38    4.01    4.01    8.62    2.42       8.67    8.67    0.00   -1.11      1.057   1.057   0.000
  14 1996.0   9/2-  -3/2  33   -1.70    4.45    4.45    5.66    1.79      10.76   10.76    0.00   -1.22      1.312   1.312   0.000
  15 2003.5   1/2-   1/2  31    0.50   12.87   12.87    0.25    0.91      12.58   12.58   -0.00   -5.02      1.534   1.534  -0.000
  
  16 2046.4  11/2-  -7/2  29   -0.33    5.24    5.24   14.20    3.60       8.69    8.69   -0.00   -0.76      1.059   1.059  -0.000
  17 2193.3   9/2-   9/2  38    1.12    4.00    4.00   15.32    3.13       8.45    8.45   -0.00   -1.88      1.030   1.030  -0.001
  18 2325.5   5/2-   1/2  31    0.37   13.46   13.46    0.46    1.73      12.95   12.95    0.00   -4.37      1.579   1.579   0.000
  19 2396.0   7/2-   1/2  31    0.30   16.63   16.63    1.23    3.02      13.12   13.12    0.00   -4.39      1.600   1.600   0.000
  20 2916.3  13/2- -11/2  27   -5.33    2.81    2.81   29.83    4.32      11.95   11.95    0.00   -1.08      1.457   1.457   0.000
  
  21 3044.3  11/2-  -7/2  36   -1.85    3.33    3.33   11.09    2.34      12.77   12.77    0.00   -0.75      1.557   1.557   0.001
  22 3072.9   9/2-   1/2  31    0.30   18.41   18.41    3.22    3.54      14.77   14.77    0.00   -4.12      1.801   1.801   0.000
  23 3105.1  11/2-   1/2  31    0.26   19.51   19.51    3.11    4.04      14.81   14.81   -0.00   -3.31      1.805   1.805  -0.000
  24 3181.9  13/2-  -7/2  29   -0.74    5.52    5.52   13.77    3.36      13.30   13.30   -0.00   -0.26      1.622   1.622  -0.000
  25 3430.3  11/2-   1/2  32   -0.30    4.91    4.91    2.10    0.83      18.86   18.86    0.00   -1.13      2.300   2.300   0.000
  
  26 3661.4   1/2-   1/2  25    0.50    7.45    7.45    0.25    0.65       7.39    7.39   -0.00   -3.79      0.900   0.900  -0.000
  27 4070.0   5/2-   5/2  30    1.45   22.41   22.41    4.99    3.69      18.37   18.37    0.00   -6.42      2.240   2.240   0.000
  28 4134.2   1/2-   1/2  35    0.50   17.04   17.04    0.25   -0.72      18.17   18.17    0.00   -5.80      2.215   2.215   0.000
  29 4165.6  13/2-   5/2  30    0.27   21.30   21.30    4.94    4.24      18.54   18.54   -0.00   -2.94      2.260   2.260  -0.000
  30 4209.6  13/2-  -3/2  33   -0.49    5.14    5.14    3.89    1.70      19.63   19.63    0.00   -0.37      2.393   2.393   0.000
  
  31 4630.5  13/2-  -7/2  36   -2.09    3.57    3.57    9.74    1.89      19.61   19.61    0.00   -0.59      2.391   2.391   0.000
  32*******   1/2-  -3/2  33    0.00    0.00    0.00    0.00   -0.00       0.00    0.00   -0.00   -0.00      0.000   0.000  -0.000
