1SPECTRUM OF (Z= 82 A=207) IN PARTICLE-ROTOR  MODEL WITH MODIFIED OSCILLATOR POTENTIAL


 PARITY=-   EPS= 0.401   GAMMA=  0.0   EPS4=0.000   EPS6=0.000   LEVELS:  24  25  26  27  28  29  30  31  32  33  34  35  36  37  38

 PAIRING FACTORS: GN0= 19.20  GN1=  7.40  IPAIR= 15 ***  E2PLUS(INPUT)=   0.730  E2PLUR(INPUT)=   0.000

 CORIOLIS ATTENUATION PARAMETERS:  CHSI=1.000  ETA=  1.00

 MOMENT OF INERTIA PARAMETERS:   A1=  0.122 MEV   A2=  0.122 MEV   A3=121.91924 MEV


 DELTA=0.844 MEV  LAMBDA=53.4803 MEV   HW0= 7.5610 MEV   LAMBDA/HW0= 7.0732

 E2ENERGY=0.730 MEV  HBAR**2/B=29816./A**(7/3)=5040.3/A**2 MEV

 IREC=0  =>  RECOIL TERMS j+j-, j+j+, jzjz, ETC TREATED AS ONE-BODY OPERATORS WITH UU+VV PAIRING FACTORS



 S. P. LEVEL   EQP       U     V        (UU + VV)**1.00

     24       4.297    0.099 0.995      1.000 1.000 0.999 0.998 0.995 0.995 0.915 0.873 0.871 0.504 0.465 0.373 0.321 0.231 0.220
     25       3.653    0.116 0.993      1.000 1.000 1.000 0.999 0.996 0.996 0.922 0.882 0.879 0.519 0.480 0.390 0.338 0.248 0.237
     26       3.251    0.131 0.991      0.999 1.000 1.000 1.000 0.998 0.997 0.928 0.889 0.886 0.532 0.493 0.403 0.352 0.263 0.252
     27       2.689    0.159 0.987      0.998 0.999 1.000 1.000 0.999 0.999 0.938 0.901 0.899 0.556 0.518 0.429 0.378 0.290 0.279
     28       2.147    0.201 0.980      0.995 0.996 0.998 0.999 1.000 1.000 0.952 0.919 0.917 0.590 0.553 0.467 0.417 0.330 0.319
     29       2.132    0.202 0.979      0.995 0.996 0.997 0.999 1.000 1.000 0.953 0.919 0.917 0.592 0.555 0.468 0.419 0.332 0.321
     30       0.987    0.491 0.871      0.915 0.922 0.928 0.938 0.952 0.953 1.000 0.996 0.995 0.809 0.782 0.715 0.675 0.603 0.594
     31       0.900    0.571 0.821      0.873 0.882 0.889 0.901 0.919 0.919 0.996 1.000 1.000 0.861 0.837 0.778 0.742 0.676 0.667
     32       0.897    0.576 0.818      0.871 0.879 0.886 0.899 0.917 0.917 0.995 1.000 1.000 0.864 0.840 0.781 0.746 0.680 0.672
     33       1.115    0.909 0.416      0.504 0.519 0.532 0.556 0.590 0.592 0.809 0.861 0.864 1.000 0.999 0.989 0.980 0.957 0.953
     34       1.214    0.927 0.375      0.465 0.480 0.493 0.518 0.553 0.555 0.782 0.837 0.840 0.999 1.000 0.995 0.988 0.969 0.966
     35       1.570    0.960 0.280      0.373 0.390 0.403 0.429 0.467 0.468 0.715 0.778 0.781 0.989 0.995 1.000 0.998 0.989 0.987
     36       1.914    0.974 0.226      0.321 0.338 0.352 0.378 0.417 0.419 0.675 0.742 0.746 0.980 0.988 0.998 1.000 0.996 0.994
     37       3.175    0.991 0.134      0.231 0.248 0.263 0.290 0.330 0.332 0.603 0.676 0.680 0.957 0.969 0.989 0.996 1.000 1.000
     38       3.466    0.992 0.123      0.220 0.237 0.252 0.279 0.319 0.321 0.594 0.667 0.672 0.953 0.966 0.987 0.994 1.000 1.000

  R CORE   ENERGY   A0R/A00=1.000    R3= 0     2  
   2( 1)    0.732                    1.000 0.000
   2( 2)  487.921                    0.000 1.000

  R CORE   ENERGY   A0R/A00=1.000    R3= 0     2  
   3( 1)  488.652                    0.000 1.000

  R CORE   ENERGY   A0R/A00=1.000    R3= 0     2     4  
   4( 1)    2.438                    1.000 0.000 0.000

  R CORE   ENERGY   A0R/A00=1.000    R3= 0     2     4  
   5( 1)  490.847                    0.000 1.000 0.000

  R CORE   ENERGY   A0R/A00=1.000    R3= 0     2     4     6  
   6( 1)    5.121                    1.000 0.000 0.000 0.000

  R CORE   ENERGY   A0R/A00=1.000    R3= 0     2     4     6  
   7( 1)  494.017                    0.000 1.000 0.000 0.000

          AXIAL SYMMETRY => K RESTRICTED TO OMEGA

                     K
     S.P. ORB#: 24  0.50
     S.P. ORB#: 25 -5.50
     S.P. ORB#: 26  0.50
     S.P. ORB#: 27  2.50
     S.P. ORB#: 28 -1.50
     S.P. ORB#: 29 -3.50
     S.P. ORB#: 30  0.50
     S.P. ORB#: 31 -1.50
     S.P. ORB#: 32  2.50
     S.P. ORB#: 33 -3.50
     S.P. ORB#: 34  0.50
     S.P. ORB#: 35  4.50
     S.P. ORB#: 36 -3.50
     S.P. ORB#: 37  0.50
     S.P. ORB#: 38 -1.50
 

             ENERGY    K= OMEGA
 
 I=  1/2- (1)  2.295  30: 0.999
 
 I=  1/2- (2)  4.130  26: 0.197
                      34:-0.915
                      37: 0.351
 
 I=  1/2- (3)  5.990  24: 0.999
 
 I=  1/2- (4)  7.142  26:-0.311
                      34: 0.281
                      37: 0.908
 
 I=  1/2- (5)  9.547  26:-0.930
                      34:-0.288
                      37:-0.230

             ENERGY    K= OMEGA
 
 I=  3/2- (1)  2.209  24:-0.053
                      30: 0.357
                      31:-0.933
 
 I=  3/2- (2)  2.400  24:-0.192
                      30:-0.907
                      31:-0.335
                      38:-0.170

             ENERGY    K= OMEGA
 
 I=  5/2- (1)  2.480  24:-0.256
                      30: 0.509
                      31: 0.818
                      38:-0.069
 
 I=  5/2- (2)  3.323  27: 0.068
                      30:-0.789
                      31: 0.527
                      38: 0.304
 
 I=  5/2- (3)  4.467  27:-0.975
                      30:-0.096
                      31: 0.086
                      38:-0.179
 
 I=  5/2- (4)  4.536  26: 0.150
                      34:-0.811
                      37: 0.565
 
 I=  5/2- (5)  4.871  24: 0.066
                      27: 0.206
                      30:-0.270
                      31: 0.101
                      38:-0.933

             ENERGY    K= OMEGA
 
 I=  7/2- (1)  2.010  27:-0.148
                      33: 0.988
 
 I=  7/2- (2)  3.383  24:-0.165
                      30:-0.903
                      31: 0.308
                      38:-0.249
 
 I=  7/2- (3)  3.471  24:-0.284
                      27: 0.079
                      30:-0.230
                      31:-0.919
                      38:-0.117
 
 I=  7/2- (4)  4.041  27: 0.178
                      29: 0.983
 
 I=  7/2- (5)  4.220  26:-0.583
                      28:-0.590
                      32:-0.512
                      36:-0.222

             ENERGY    K= OMEGA
 
 I=  9/2- (1)  2.498  27:-0.088
                      29: 0.169
                      33:-0.372
                      35:-0.909
 
 I=  9/2- (2)  3.100  27:-0.198
                      29:-0.102
                      33:-0.901
                      35: 0.369
 
 I=  9/2- (3)  3.707  24:-0.383
                      30: 0.567
                      31: 0.716
                      38:-0.128
 
 I=  9/2- (4)  4.844  26:-0.207
                      28: 0.555
                      32:-0.696
                      36: 0.405
 
 I=  9/2- (5)  5.161  27: 0.279
                      29:-0.857
                      30:-0.264
                      31: 0.221
                      35:-0.172
                      38: 0.192

             ENERGY    K= OMEGA
 
 I= 11/2- (1)  3.643  27: 0.135
                      29: 0.228
                      33:-0.449
                      35: 0.852
 
 I= 11/2- (2)  3.658  26: 0.590
                      28: 0.591
                      32: 0.483
                      34: 0.128
                      36: 0.228
 
 I= 11/2- (3)  4.413  27: 0.234
                      29:-0.150
                      33:-0.849
                      35:-0.444
 
 I= 11/2- (4)  4.997  25: 0.998
 
 I= 11/2- (5)  5.282  24:-0.345
                      30:-0.862
                      31:-0.185
                      38:-0.317

             ENERGY    K= OMEGA
 
 I= 13/2- (1)  5.022  27:-0.173
                      29: 0.269
                      33:-0.488
                      35:-0.810
 
 I= 13/2- (2)  5.427  26:-0.216
                      28: 0.571
                      32:-0.681
                      36: 0.403
 
 I= 13/2- (3)  5.764  24:-0.452
                      27: 0.076
                      30: 0.558
                      31: 0.654
                      33: 0.125
                      35:-0.118
                      38:-0.142
 
 I= 13/2- (4)  5.965  24: 0.087
                      25: 0.066
                      27: 0.251
                      29: 0.185
                      30:-0.123
                      31:-0.103
                      33: 0.803
                      35:-0.466
                      38: 0.056
 
 I= 13/2- (5)  6.585  25:-0.997
                      35:-0.064

             ENERGY     K=-3/2
  32 LEVELS    TIME=  0.0 SEC



 ******************* EXCITATION ENERGIES, DOMINANT CONFIGURATION AND EXPECTATION VALUES (WITH S.P. UU+VV FACTORS) *******************

  NR  Eex(keV)  I   Kdom  NY    <Jz>  <Jx**2> <Jy**2> <Jz**2> <I.j>/|I|  <Rx**2> <Ry**2> <Rz**2> <R.j>/|R|  <HROTx> <HROTy> <HROTz>

   1    0.0   7/2-  -7/2  33   -3.37    2.31    2.31   12.12    3.20       3.52    3.52    0.00   -1.51      0.430   0.430   0.000
   2  199.5   3/2-  -3/2  31   -1.24    5.02    5.02    1.99    1.35       5.28    5.28    0.00   -2.90      0.644   0.644   0.000
   3  285.4   1/2-   1/2  30    0.50    5.03    5.03    0.25    0.22       5.33    5.33    0.00   -3.10      0.650   0.650   0.000
   4  390.2   3/2-   1/2  30    0.22    4.76    4.76    0.53    0.96       5.04    5.04    0.00   -2.58      0.615   0.615   0.000
   5  469.8   5/2-  -3/2  31   -0.85    5.28    5.28    1.61    1.71       5.41    5.41    0.00   -2.16      0.660   0.660   0.000
  
   6  488.7   9/2-   9/2  35    3.15    2.51    2.51   18.81    4.08       3.96    3.96    0.00   -1.24      0.483   0.483   0.000
   7 1090.6   9/2-  -7/2  33   -2.17    2.37    2.37   13.09    2.75       7.59    7.59    0.00   -1.06      0.925   0.925   0.000
   8 1312.8   5/2-   1/2  30   -0.23    4.61    4.61    1.02    0.28       8.68    8.68    0.00   -2.26      1.058   1.058   0.000
   9 1372.9   7/2-   1/2  30    0.19    4.76    4.76    0.56    1.02       8.86    8.86   -0.00   -1.43      1.080   1.080  -0.000
  10 1460.8   7/2-  -3/2  31   -1.21    4.98    4.98    2.03    1.18       9.20    9.20    0.00   -1.71      1.122   1.122   0.000
  
  11 1632.9  11/2-   9/2  35    2.41    2.67    2.67   17.97    3.49       8.66    8.66    0.00   -0.59      1.056   1.056   0.000
  12 1648.0  11/2-  -3/2  28    0.06   23.12   23.12    2.97    6.12       5.92    5.92    0.00   -3.68      0.722   0.722   0.000
  13 1697.5   9/2-  -3/2  31   -0.56    5.52    5.52    1.34    1.89       9.17    9.17    0.00   -0.70      1.118   1.118   0.000
  14 2031.4   7/2-  -7/2  29   -3.30    6.25    6.25   12.03    3.12       7.76    7.76    0.00   -3.08      0.947   0.947   0.000
  15 2120.5   1/2-   1/2  34    0.50   11.05   11.05    0.25    1.05      10.64   10.64    0.00   -4.65      1.298   1.298   0.000
  
  16 2209.9   7/2-  -3/2  28    0.13   22.80   22.80    3.11    6.01       8.36    8.36    0.00   -6.07      1.019   1.019   0.000
  17 2403.6  11/2-  -7/2  33   -1.59    2.46    2.46   13.51    2.41      12.68   12.68    0.00   -0.80      1.547   1.547   0.000
  18 2457.5   5/2-   5/2  27    2.32    5.94    5.94    6.04    2.04       7.31    7.31    0.00   -3.11      0.891   0.891   0.000
  19 2526.3   5/2-   1/2  34    0.50   11.22   11.22    0.25    1.64      10.87   10.87    0.00   -3.83      1.325   1.325   0.000
  20 2834.1   9/2-   5/2  32    0.19   23.51   23.51    5.74    5.08      13.50   13.50    0.00   -5.29      1.646   1.646   0.000
  
  21 2860.7   5/2-  -3/2  38   -1.18    2.39    2.39    2.27    0.39       6.73    6.73   -0.00   -1.60      0.820   0.820  -0.000
  22 2987.3  11/2- -11/2  25   -5.47    2.75    2.75   30.21    5.05       5.54    5.54    0.00   -1.66      0.676   0.676   0.000
  23 3011.9  13/2-   9/2  35    1.93    2.82    2.82   17.34    3.09      14.28   14.28    0.00   -0.26      1.740   1.740   0.000
  24 3150.8   9/2-  -7/2  29   -2.35    5.74    5.74   10.32    2.13      12.69   12.69    0.00   -2.23      1.547   1.547   0.000
  25 3272.0  11/2-   1/2  30    0.22    4.58    4.58    0.55    1.30      14.98   14.98    0.00   -0.36      1.826   1.826   0.000
  
  26 3417.1  13/2-   5/2  32    0.12   23.52   23.52    5.64    5.00      15.77   15.77    0.00   -3.16      1.923   1.923   0.000
  27 3754.4  13/2-  -3/2  31   -0.40    5.59    5.59    1.67    2.02      16.68   16.68    0.00    0.22      2.034   2.034   0.000
  28 3955.2  13/2-  -7/2  33   -1.28    2.63    2.63   13.28    2.13      18.78   18.78    0.00   -0.60      2.290   2.290   0.000
  29 3980.4   1/2-   1/2  24    0.50    7.03    7.03    0.25    0.64       6.98    6.98   -0.00   -3.68      0.851   0.851  -0.000
  30 4575.0  13/2- -11/2  25   -5.45    2.75    2.75   30.16    4.31      12.08   12.08    0.00   -1.13      1.473   1.473   0.000
  
  31 5132.5   1/2-   1/2  37    0.50   15.88   15.88    0.25   -0.58      16.88   16.88    0.00   -5.59      2.058   2.058   0.000
  32 7536.9   1/2-   1/2  26    0.50   23.04   23.04    0.25   -3.45      26.53   26.53    0.00   -6.77      3.234   3.234   0.000
