1SPECTRUM OF (Z= 82 A=207) IN PARTICLE-ROTOR  MODEL WITH MODIFIED OSCILLATOR POTENTIAL


 PARITY=-   EPS= 0.519   GAMMA=  0.0   EPS4=0.000   EPS6=0.000   LEVELS:  24  25  26  27  28  29  30  31  32  33  34  35  36  37  38

 PAIRING FACTORS: GN0= 19.20  GN1=  7.40  IPAIR= 15 ***  E2PLUS(INPUT)=   0.730  E2PLUR(INPUT)=   0.000

 CORIOLIS ATTENUATION PARAMETERS:  CHSI=1.000  ETA=  1.00

 MOMENT OF INERTIA PARAMETERS:   A1=  0.122 MEV   A2=  0.122 MEV   A3=121.91922 MEV


 DELTA=0.843 MEV  LAMBDA=53.3901 MEV   HW0= 7.6762 MEV   LAMBDA/HW0= 6.9553

 E2ENERGY=0.730 MEV  HBAR**2/B=49945./A**(7/3)=8443.0/A**2 MEV

 IREC=0  =>  RECOIL TERMS j+j-, j+j+, jzjz, ETC TREATED AS ONE-BODY OPERATORS WITH UU+VV PAIRING FACTORS



 S. P. LEVEL   EQP       U     V        (UU + VV)**1.00

     24       4.657    0.091 0.996      1.000 1.000 1.000 0.985 0.985 0.974 0.974 0.918 0.464 0.418 0.354 0.350 0.277 0.221 0.201
     25       4.010    0.106 0.994      1.000 1.000 1.000 0.988 0.987 0.978 0.977 0.924 0.478 0.431 0.368 0.364 0.291 0.236 0.216
     26       3.933    0.108 0.994      1.000 1.000 1.000 0.988 0.988 0.978 0.977 0.925 0.479 0.433 0.370 0.366 0.293 0.238 0.218
     27       1.675    0.261 0.965      0.985 0.988 0.988 1.000 1.000 0.999 0.998 0.973 0.610 0.568 0.509 0.506 0.438 0.385 0.367
     28       1.663    0.263 0.965      0.985 0.987 0.988 1.000 1.000 0.999 0.998 0.973 0.611 0.569 0.511 0.508 0.440 0.387 0.369
     29       1.420    0.313 0.950      0.974 0.978 0.978 0.999 0.999 1.000 1.000 0.984 0.652 0.611 0.555 0.552 0.486 0.435 0.416
     30       1.408    0.315 0.949      0.974 0.977 0.977 0.998 0.998 1.000 1.000 0.984 0.654 0.614 0.558 0.554 0.489 0.437 0.419
     31       1.005    0.478 0.879      0.918 0.924 0.925 0.973 0.973 0.984 0.984 1.000 0.777 0.743 0.695 0.692 0.635 0.589 0.572
     32       1.194    0.924 0.382      0.464 0.478 0.479 0.610 0.611 0.652 0.654 0.777 1.000 0.999 0.993 0.992 0.980 0.966 0.961
     33       1.342    0.943 0.333      0.418 0.431 0.433 0.568 0.569 0.611 0.614 0.743 0.999 1.000 0.998 0.997 0.989 0.978 0.974
     34       1.636    0.964 0.267      0.354 0.368 0.370 0.509 0.511 0.555 0.558 0.695 0.993 0.998 1.000 1.000 0.997 0.990 0.987
     35       1.660    0.965 0.263      0.350 0.364 0.366 0.506 0.508 0.552 0.554 0.692 0.992 0.997 1.000 1.000 0.997 0.991 0.988
     36       2.277    0.982 0.189      0.277 0.291 0.293 0.438 0.440 0.486 0.489 0.635 0.980 0.989 0.997 0.997 1.000 0.998 0.997
     37       3.235    0.991 0.131      0.221 0.236 0.238 0.385 0.387 0.435 0.437 0.589 0.966 0.978 0.990 0.991 0.998 1.000 1.000
     38       3.813    0.994 0.111      0.201 0.216 0.218 0.367 0.369 0.416 0.419 0.572 0.961 0.974 0.987 0.988 0.997 1.000 1.000

  R CORE   ENERGY   A0R/A00=1.000    R3= 0     2  
   2( 1)    0.732                    1.000 0.000
   2( 2)  487.921                    0.000 1.000

  R CORE   ENERGY   A0R/A00=1.000    R3= 0     2  
   3( 1)  488.652                    0.000 1.000

  R CORE   ENERGY   A0R/A00=1.000    R3= 0     2     4  
   4( 1)    2.438                    1.000 0.000 0.000

  R CORE   ENERGY   A0R/A00=1.000    R3= 0     2     4  
   5( 1)  490.847                    0.000 1.000 0.000

  R CORE   ENERGY   A0R/A00=1.000    R3= 0     2     4     6  
   6( 1)    5.121                    1.000 0.000 0.000 0.000

  R CORE   ENERGY   A0R/A00=1.000    R3= 0     2     4     6  
   7( 1)  494.017                    0.000 1.000 0.000 0.000

          AXIAL SYMMETRY => K RESTRICTED TO OMEGA

                     K
     S.P. ORB#: 24  2.50
     S.P. ORB#: 25 -1.50
     S.P. ORB#: 26  0.50
     S.P. ORB#: 27  0.50
     S.P. ORB#: 28  2.50
     S.P. ORB#: 29  2.50
     S.P. ORB#: 30 -5.50
     S.P. ORB#: 31 -3.50
     S.P. ORB#: 32  0.50
     S.P. ORB#: 33 -1.50
     S.P. ORB#: 34  0.50
     S.P. ORB#: 35 -3.50
     S.P. ORB#: 36 -1.50
     S.P. ORB#: 37 -3.50
     S.P. ORB#: 38  4.50
 

             ENERGY    K= OMEGA
 
 I=  1/2- (1)  2.607  32:-0.999
 
 I=  1/2- (2)  4.784  27:-0.841
                      34: 0.542
 
 I=  1/2- (3)  5.776  26: 0.999
 
 I=  1/2- (4)  6.121  27:-0.542
                      34:-0.841
 
 I=  1/2- (5)147.645  33: 1.000

             ENERGY    K= OMEGA
 
 I=  3/2- (1)  2.670  32:-0.759
                      33: 0.651
 
 I=  3/2- (2)  2.913  26:-0.122
                      32:-0.644
                      33:-0.755

             ENERGY    K= OMEGA
 
 I=  5/2- (1)  3.128  24:-0.056
                      26: 0.139
                      29:-0.590
                      32:-0.394
                      33:-0.688
 
 I=  5/2- (2)  3.283  26:-0.111
                      29:-0.802
                      32: 0.375
                      33: 0.451
 
 I=  5/2- (3)  3.838  29:-0.083
                      32:-0.828
                      33: 0.552
 
 I=  5/2- (4)  5.137  25: 0.113
                      27:-0.776
                      28:-0.108
                      34: 0.552
                      36: 0.262
 
 I=  5/2- (5)  6.557  25: 0.455
                      27:-0.062
                      28:-0.819
                      34:-0.344

             ENERGY    K= OMEGA
 
 I=  7/2- (1)  2.719  24: 0.208
                      29:-0.106
                      31:-0.971
 
 I=  7/2- (2)  3.717  24: 0.059
                      29: 0.714
                      32: 0.231
                      33:-0.331
                      37:-0.569
 
 I=  7/2- (3)  3.900  29: 0.236
                      32:-0.772
                      33: 0.501
                      37:-0.305
 
 I=  7/2- (4)  4.325  24:-0.059
                      26: 0.216
                      29:-0.091
                      32: 0.558
                      33: 0.726
                      37:-0.320
 
 I=  7/2- (5)  4.592  26:-0.070
                      29:-0.643
                      31: 0.090
                      32:-0.107
                      33:-0.284
                      37:-0.693

             ENERGY    K= OMEGA
 
 I=  9/2- (1)  3.296  24:-0.264
                      29: 0.125
                      31:-0.891
                      38: 0.344
 
 I=  9/2- (2)  4.577  24:-0.099
                      26: 0.133
                      29:-0.634
                      31:-0.104
                      32:-0.232
                      33:-0.423
                      37:-0.558
                      38:-0.125
 
 I=  9/2- (3)  4.848  26: 0.252
                      29: 0.283
                      31: 0.120
                      32:-0.501
                      33:-0.651
                      37: 0.406
                      38: 0.057
 
 I=  9/2- (4)  5.110  24: 0.108
                      29:-0.313
                      31: 0.273
                      37: 0.063
                      38: 0.901
 
 I=  9/2- (5)  5.849  25:-0.432
                      27: 0.479
                      28: 0.606
                      34:-0.218
                      35:-0.355
                      36:-0.206

             ENERGY    K= OMEGA
 
 I= 11/2- (1)  2.747  30:-1.000
 
 I= 11/2- (2)  4.158  24: 0.306
                      29:-0.134
                      31:-0.857
                      33:-0.052
                      37: 0.059
                      38:-0.384
 
 I= 11/2- (3)  5.756  24: 0.119
                      29: 0.660
                      31:-0.132
                      32: 0.192
                      33:-0.320
                      37:-0.617
                      38: 0.112
 
 I= 11/2- (4)  5.992  25:-0.475
                      27:-0.490
                      28:-0.589
                      34:-0.233
                      35:-0.312
                      36:-0.187
 
 I= 11/2- (5)  6.097  26: 0.079
                      29:-0.187
                      31: 0.086
                      32: 0.813
                      33:-0.465
                      37: 0.273

             ENERGY    K= OMEGA
 
 I= 13/2- (1)  4.329  30: 0.999
 
 I= 13/2- (2)  5.275  24:-0.339
                      29: 0.138
                      31:-0.836
                      33:-0.062
                      37: 0.071
                      38: 0.395
 
 I= 13/2- (3)  6.939  25: 0.510
                      27:-0.324
                      28:-0.679
                      34: 0.084
                      35: 0.378
                      36: 0.155
 
 I= 13/2- (4)  7.083  24:-0.126
                      26: 0.225
                      29:-0.552
                      31:-0.085
                      32:-0.316
                      33:-0.518
                      37:-0.492
                      38:-0.108
 
 I= 13/2- (5)  7.442  26: 0.292
                      29: 0.401
                      31: 0.152
                      32:-0.455
                      33:-0.528
                      37: 0.494

             ENERGY     K= 9/2
  32 LEVELS    TIME=  0.0 SEC



 ******************* EXCITATION ENERGIES, DOMINANT CONFIGURATION AND EXPECTATION VALUES (WITH S.P. UU+VV FACTORS) *******************

  NR  Eex(keV)  I   Kdom  NY    <Jz>  <Jx**2> <Jy**2> <Jz**2> <I.j>/|I|  <Rx**2> <Ry**2> <Rz**2> <R.j>/|R|  <HROTx> <HROTy> <HROTz>

   1    0.0   1/2-   1/2  32    0.50    5.34    5.34    0.25    0.08       5.78    5.78    0.00   -3.20      0.704   0.704   0.000
   2   63.1   3/2-   1/2  32   -0.35    5.34    5.34    1.10    1.02       5.79    5.79    0.00   -2.88      0.706   0.706   0.000
   3  112.1   7/2-  -7/2  31   -3.17    6.48    6.48   11.91    3.52       6.35    6.35   -0.00   -3.06      0.775   0.775  -0.000
   4  140.2  11/2- -11/2  30   -5.49    2.75    2.75   30.24    5.06       5.49    5.49    0.00   -1.66      0.669   0.669   0.000
   5  305.8   3/2-  -3/2  33   -0.64    5.36    5.36    1.39    0.72       6.54    6.54    0.00   -2.96      0.797   0.797   0.000
  
   6  521.2   5/2-  -3/2  33    0.26    5.68    5.68    3.31    1.57       7.06    7.06    0.00   -2.67      0.861   0.861   0.000
   7  675.9   5/2-   5/2  29    1.38    5.93    5.93    4.52    1.64       7.71    7.71    0.00   -2.93      0.940   0.940   0.000
   8  688.6   9/2-  -7/2  31   -2.04    6.12    6.12   12.66    3.59       6.95    6.95    0.00   -1.88      0.847   0.847   0.000
   9 1109.6   7/2-   5/2  29    0.01    4.74    4.74    7.44    2.34       7.05    7.05   -0.00   -2.03      0.860   0.860  -0.000
  10 1230.5   5/2-   1/2  32   -0.09    5.36    5.36    0.91   -0.14      10.61   10.61    0.00   -2.62      1.294   1.294   0.000
  
  11 1292.7   7/2-   1/2  32   -0.27    5.10    5.10    2.23    1.01      10.08   10.08   -0.00   -1.88      1.229   1.229  -0.000
  12 1551.2  11/2-  -7/2  31   -1.65    6.07    6.07   12.74    3.44       9.76    9.76    0.00   -0.98      1.190   1.190   0.000
  13 1718.4   7/2-  -3/2  33   -0.94    5.12    5.12    2.61    0.81      11.08   11.08   -0.00   -2.05      1.351   1.351  -0.000
  14 1722.3  13/2- -11/2  30   -5.48    2.75    2.75   30.21    4.34      11.96   11.96    0.00   -1.11      1.459   1.459   0.000
  15 1970.3   9/2-   5/2  29   -0.26    4.67    4.67    7.26    2.09      10.29   10.29   -0.00   -1.37      1.255   1.255  -0.000
  
  16 1985.4   7/2-  -7/2  37   -0.79    4.27    4.27    8.76    1.79       9.42    9.42   -0.00   -2.35      1.149   1.149  -0.000
  17 2176.7   1/2-   1/2  27    0.50   13.33   13.33    0.25    1.19      12.80   12.80    0.00   -5.11      1.560   1.560   0.000
  18 2241.2   9/2-  -3/2  33   -0.89    5.06    5.06    3.79    1.37      12.54   12.54   -0.00   -1.42      1.529   1.529  -0.000
  19 2503.2   9/2-   9/2  38    3.65    3.13    3.13   18.07    3.50       7.12    7.12    0.00   -1.83      0.868   0.868   0.000
  20 2530.4   5/2-   1/2  27    0.36   13.94   13.94    0.48    1.55      13.96   13.96    0.00   -4.50      1.702   1.702   0.000
  
  21 2668.2  13/2-  -7/2  31   -1.44    6.09    6.09   12.69    3.28      13.90   13.90    0.00   -0.37      1.695   1.695   0.000
  22 3148.7  11/2-   5/2  29   -0.35    4.44    4.44    8.18    1.95      14.73   14.73   -0.00   -0.99      1.796   1.796  -0.000
  23 3169.3   1/2-   1/2  26    0.50    7.65    7.65    0.25    0.66       7.58    7.58   -0.00   -3.85      0.924   0.924  -0.000
  24 3241.7   9/2-   5/2  28    0.27   19.84   19.84    4.43    3.85      15.26   15.26   -0.00   -4.51      1.861   1.861  -0.000
  25 3384.9  11/2-   5/2  28    0.28   20.30   20.30    4.02    4.13      15.49   15.49    0.00   -3.58      1.888   1.888   0.000
  
  26 3490.2  11/2-   1/2  32   -0.19    5.13    5.13    1.88    0.78      19.26   19.26   -0.00   -1.20      2.348   2.348  -0.000
  27 3513.6   1/2-   1/2  34    0.50   16.94   16.94    0.25   -1.04      18.34   18.34   -0.00   -5.78      2.237   2.237  -0.000
  28 3950.4   5/2-   5/2  28    1.43   21.72   21.72    4.69    3.50      18.09   18.09    0.00   -6.28      2.206   2.206   0.000
  29 4332.2  13/2-   5/2  28    0.28   21.38   21.38    5.30    4.20      19.08   19.08   -0.00   -3.03      2.326   2.326  -0.000
  30 4476.2  13/2-   5/2  29   -0.34    4.92    4.92    5.93    1.65      20.77   20.77   -0.00   -0.66      2.532   2.532  -0.000
  
  31 4835.1  13/2-  -3/2  33   -0.80    4.93    4.93    4.99    1.36      22.31   22.31   -0.00   -0.80      2.720   2.720  -0.000
  32*******   1/2-  -3/2  33    0.00    0.00    0.00    0.00   -0.00       0.00    0.00    0.00   -0.00      0.000   0.000   0.000
