1SPECTRUM OF (Z= 82 A=207) IN PARTICLE-ROTOR  MODEL WITH MODIFIED OSCILLATOR POTENTIAL


 PARITY=-   EPS= 0.418   GAMMA=  0.0   EPS4=0.000   EPS6=0.000   LEVELS:  24  25  26  27  28  29  30  31  32  33  34  35  36  37  38

 PAIRING FACTORS: GN0= 19.20  GN1=  7.40  IPAIR= 15 ***  E2PLUS(INPUT)=   0.730  E2PLUR(INPUT)=   0.000

 CORIOLIS ATTENUATION PARAMETERS:  CHSI=1.000  ETA=  1.00

 MOMENT OF INERTIA PARAMETERS:   A1=  0.122 MEV   A2=  0.122 MEV   A3=121.91924 MEV


 DELTA=0.844 MEV  LAMBDA=53.4890 MEV   HW0= 7.5751 MEV   LAMBDA/HW0= 7.0611

 E2ENERGY=0.730 MEV  HBAR**2/B=32397./A**(7/3)=5476.7/A**2 MEV

 IREC=0  =>  RECOIL TERMS j+j-, j+j+, jzjz, ETC TREATED AS ONE-BODY OPERATORS WITH UU+VV PAIRING FACTORS



 S. P. LEVEL   EQP       U     V        (UU + VV)**1.00

     24       4.284    0.099 0.995      1.000 1.000 1.000 0.998 0.997 0.993 0.912 0.884 0.829 0.574 0.428 0.332 0.330 0.244 0.227
     25       3.641    0.117 0.993      1.000 1.000 1.000 0.999 0.998 0.995 0.920 0.893 0.839 0.589 0.444 0.349 0.347 0.262 0.244
     26       3.354    0.127 0.992      1.000 1.000 1.000 0.999 0.999 0.996 0.924 0.897 0.845 0.597 0.453 0.358 0.357 0.271 0.254
     27       2.536    0.169 0.986      0.998 0.999 0.999 1.000 1.000 0.999 0.939 0.915 0.867 0.630 0.491 0.398 0.396 0.312 0.295
     28       2.428    0.177 0.984      0.997 0.998 0.999 1.000 1.000 0.999 0.942 0.918 0.871 0.636 0.497 0.405 0.403 0.320 0.302
     29       1.983    0.218 0.976      0.993 0.995 0.996 0.999 0.999 1.000 0.955 0.934 0.891 0.668 0.534 0.443 0.441 0.359 0.342
     30       0.978    0.497 0.867      0.912 0.920 0.924 0.939 0.942 0.955 1.000 0.998 0.985 0.859 0.760 0.689 0.687 0.620 0.605
     31       0.917    0.552 0.834      0.884 0.893 0.897 0.915 0.918 0.934 0.998 1.000 0.994 0.890 0.800 0.734 0.733 0.669 0.655
     32       0.859    0.638 0.770      0.829 0.839 0.845 0.867 0.871 0.891 0.985 0.994 1.000 0.934 0.860 0.802 0.801 0.744 0.732
     33       0.988    0.872 0.490      0.574 0.589 0.597 0.630 0.636 0.668 0.859 0.890 0.934 1.000 0.986 0.963 0.962 0.934 0.928
     34       1.332    0.942 0.336      0.428 0.444 0.453 0.491 0.497 0.534 0.760 0.800 0.860 0.986 1.000 0.995 0.994 0.981 0.977
     35       1.833    0.972 0.237      0.332 0.349 0.358 0.398 0.405 0.443 0.689 0.734 0.802 0.963 0.995 1.000 1.000 0.996 0.994
     36       1.847    0.972 0.235      0.330 0.347 0.357 0.396 0.403 0.441 0.687 0.733 0.801 0.962 0.994 1.000 1.000 0.996 0.994
     37       2.900    0.989 0.147      0.244 0.262 0.271 0.312 0.320 0.359 0.620 0.669 0.744 0.934 0.981 0.996 0.996 1.000 1.000
     38       3.293    0.992 0.129      0.227 0.244 0.254 0.295 0.302 0.342 0.605 0.655 0.732 0.928 0.977 0.994 0.994 1.000 1.000

  R CORE   ENERGY   A0R/A00=1.000    R3= 0     2  
   2( 1)    0.732                    1.000 0.000
   2( 2)  487.921                    0.000 1.000

  R CORE   ENERGY   A0R/A00=1.000    R3= 0     2  
   3( 1)  488.652                    0.000 1.000

  R CORE   ENERGY   A0R/A00=1.000    R3= 0     2     4  
   4( 1)    2.438                    1.000 0.000 0.000

  R CORE   ENERGY   A0R/A00=1.000    R3= 0     2     4  
   5( 1)  490.847                    0.000 1.000 0.000

  R CORE   ENERGY   A0R/A00=1.000    R3= 0     2     4     6  
   6( 1)    5.121                    1.000 0.000 0.000 0.000

  R CORE   ENERGY   A0R/A00=1.000    R3= 0     2     4     6  
   7( 1)  494.017                    0.000 1.000 0.000 0.000

          AXIAL SYMMETRY => K RESTRICTED TO OMEGA

                     K
     S.P. ORB#: 24  0.50
     S.P. ORB#: 25  0.50
     S.P. ORB#: 26 -5.50
     S.P. ORB#: 27  2.50
     S.P. ORB#: 28 -1.50
     S.P. ORB#: 29 -3.50
     S.P. ORB#: 30  2.50
     S.P. ORB#: 31  0.50
     S.P. ORB#: 32 -1.50
     S.P. ORB#: 33  0.50
     S.P. ORB#: 34 -3.50
     S.P. ORB#: 35  4.50
     S.P. ORB#: 36 -3.50
     S.P. ORB#: 37  0.50
     S.P. ORB#: 38 -1.50
 

             ENERGY    K= OMEGA
 
 I=  1/2- (1)  2.241  31:-0.999
 
 I=  1/2- (2)  3.839  25: 0.218
                      33:-0.919
                      37: 0.329
 
 I=  1/2- (3)  6.004  24: 0.999
 
 I=  1/2- (4)  6.904  25: 0.278
                      33:-0.265
                      37:-0.923
 
 I=  1/2- (5)  9.836  25:-0.936
                      33:-0.292
                      37:-0.198

             ENERGY    K= OMEGA
 
 I=  3/2- (1)  2.181  31: 0.400
                      32:-0.916
 
 I=  3/2- (2)  2.409  24: 0.189
                      31: 0.903
                      32: 0.386

             ENERGY    K= OMEGA
 
 I=  5/2- (1)  2.483  24: 0.246
                      31:-0.489
                      32:-0.835
 
 I=  5/2- (2)  3.417  24: 0.066
                      27: 0.054
                      31:-0.852
                      32: 0.516
 
 I=  5/2- (3)  3.920  25:-0.170
                      33: 0.818
                      37:-0.471
                      38: 0.282
 
 I=  5/2- (4)  4.333  27:-0.998
                      32: 0.062
 
 I=  5/2- (5)  5.798  25: 0.204
                      28:-0.592
                      30: 0.778

             ENERGY    K= OMEGA
 
 I=  7/2- (1)  2.238  27: 0.147
                      34:-0.988
 
 I=  7/2- (2)  3.419  24:-0.050
                      27: 0.067
                      31: 0.549
                      32:-0.831
 
 I=  7/2- (3)  3.569  24: 0.328
                      31: 0.798
                      32: 0.502
 
 I=  7/2- (4)  3.900  27: 0.172
                      29: 0.983
                      32: 0.057
 
 I=  7/2- (5)  3.973  25: 0.070
                      28:-0.114
                      30:-0.143
                      33:-0.875
                      36:-0.055
                      37:-0.247
                      38: 0.362

             ENERGY    K= OMEGA
 
 I=  9/2- (1)  2.755  27: 0.091
                      29:-0.188
                      34: 0.377
                      35: 0.902
 
 I=  9/2- (2)  3.339  27:-0.195
                      29:-0.114
                      32:-0.054
                      34:-0.898
                      35: 0.372
 
 I=  9/2- (3)  3.785  24: 0.376
                      31:-0.537
                      32:-0.750
                      34: 0.073
 
 I=  9/2- (4)  4.700  25:-0.088
                      28:-0.115
                      30: 0.204
                      33: 0.744
                      36:-0.108
                      37:-0.498
                      38: 0.353
 
 I=  9/2- (5)  4.992  25: 0.229
                      28:-0.542
                      30: 0.673
                      33:-0.173
                      36:-0.382
                      37: 0.152

             ENERGY    K= OMEGA
 
 I= 11/2- (1)  3.758  25:-0.512
                      28:-0.562
                      30:-0.482
                      33:-0.330
                      36:-0.215
                      37:-0.104
                      38: 0.155
 
 I= 11/2- (2)  3.898  26:-0.059
                      27:-0.136
                      29:-0.253
                      34: 0.444
                      35:-0.846
 
 I= 11/2- (3)  4.650  26:-0.454
                      27: 0.209
                      29:-0.138
                      34:-0.771
                      35:-0.366
 
 I= 11/2- (4)  4.711  26: 0.889
                      27: 0.096
                      29:-0.097
                      34:-0.364
                      35:-0.240
 
 I= 11/2- (5)  5.106  25: 0.323
                      28: 0.184
                      30: 0.130
                      33:-0.781
                      36: 0.073
                      37:-0.286
                      38: 0.385

             ENERGY    K= OMEGA
 
 I= 13/2- (1)  5.279  26: 0.067
                      27:-0.173
                      29: 0.295
                      34:-0.476
                      35:-0.806
 
 I= 13/2- (2)  5.544  25: 0.184
                      28:-0.558
                      30: 0.676
                      33: 0.173
                      36:-0.380
                      37:-0.079
                      38: 0.134
 
 I= 13/2- (3)  5.918  24: 0.451
                      27:-0.085
                      31:-0.533
                      32:-0.691
                      34:-0.099
                      35: 0.125
 
 I= 13/2- (4)  6.209  24: 0.079
                      26: 0.441
                      27: 0.224
                      29: 0.168
                      31:-0.100
                      32:-0.102
                      34: 0.746
                      35:-0.380
 
 I= 13/2- (5)  6.303  26:-0.895
                      27: 0.097
                      29: 0.122
                      34: 0.335
                      35:-0.245

             ENERGY     K=-3/2
  32 LEVELS    TIME=  0.0 SEC



 ******************* EXCITATION ENERGIES, DOMINANT CONFIGURATION AND EXPECTATION VALUES (WITH S.P. UU+VV FACTORS) *******************

  NR  Eex(keV)  I   Kdom  NY    <Jz>  <Jx**2> <Jy**2> <Jz**2> <I.j>/|I|  <Rx**2> <Ry**2> <Rz**2> <R.j>/|R|  <HROTx> <HROTy> <HROTz>

   1    0.0   3/2-  -3/2  32   -1.18    5.07    5.07    1.93    1.32       5.36    5.36    0.00   -2.91      0.653   0.653   0.000
   2   56.9   7/2-  -7/2  34   -3.37    2.31    2.31   12.12    3.19       3.60    3.60   -0.00   -1.53      0.439   0.439  -0.000
   3   60.2   1/2-   1/2  31    0.50    5.08    5.08    0.25    0.21       5.40    5.40   -0.00   -3.11      0.658   0.658  -0.000
   4  227.6   3/2-   1/2  31    0.20    4.97    4.97    0.55    0.75       5.66    5.66    0.00   -2.68      0.690   0.690   0.000
   5  302.2   5/2-  -3/2  32   -0.89    5.28    5.28    1.66    1.60       5.74    5.74    0.00   -2.21      0.700   0.700   0.000
  
   6  573.7   9/2-   9/2  35    3.06    2.54    2.54   18.71    4.07       4.03    4.03   -0.00   -1.25      0.491   0.491  -0.000
   7 1158.2   9/2-  -7/2  34   -2.15    2.39    2.39   13.09    2.73       7.72    7.72   -0.00   -1.09      0.942   0.942  -0.000
   8 1235.9   5/2-   1/2  31   -0.03    5.10    5.10    0.80   -0.12      10.24   10.24    0.00   -2.51      1.248   1.248   0.000
   9 1238.0   7/2-  -3/2  32   -0.88    5.08    5.08    1.68    0.87      10.35   10.35    0.00   -1.85      1.262   1.262   0.000
  10 1387.7   7/2-   1/2  31   -0.00    5.05    5.05    0.78    0.98       9.43    9.43    0.00   -1.61      1.150   1.150   0.000
  
  11 1576.7  11/2-  -3/2  28    0.10   23.59   23.59    2.88    6.14       6.18    6.18    0.00   -3.79      0.753   0.753   0.000
  12 1604.2   9/2-  -3/2  32   -0.64    5.51    5.51    1.46    1.75       9.92    9.92    0.00   -0.85      1.210   1.210   0.000
  13 1657.5   1/2-   1/2  33    0.50   10.75   10.75    0.25    1.07      10.33   10.33   -0.00   -4.58      1.259   1.259  -0.000
  14 1716.5  11/2-   9/2  35    2.34    2.72    2.72   17.93    3.48       8.76    8.76   -0.00   -0.61      1.068   1.068  -0.000
  15 1718.5   7/2-  -7/2  29   -3.31    6.27    6.27   12.04    3.11       7.80    7.80    0.00   -3.09      0.952   0.952   0.000
  
  16 1739.4   5/2-   1/2  33    0.34   11.33   11.33    0.41    2.26       9.22    9.22    0.00   -3.81      1.124   1.124   0.000
  17 1792.1   7/2-   1/2  33    0.24   15.04   15.04    0.70    3.25      10.38   10.38    0.00   -3.93      1.266   1.266   0.000
  18 2152.0   5/2-   5/2  27    2.48    6.09    6.09    6.23    2.09       7.40    7.40    0.00   -3.18      0.902   0.902   0.000
  19 2469.1  11/2-  -7/2  34   -2.57    2.53    2.53   16.74    2.91      11.36   11.36    0.00   -0.92      1.385   1.385   0.000
  20 2519.0   9/2-   1/2  33    0.26   12.99   12.99    0.92    2.80      11.90   11.90    0.00   -2.66      1.451   1.451   0.000
  
  21 2529.5  11/2- -11/2  26   -4.56    2.70    2.70   26.88    4.50       7.11    7.11    0.00   -1.42      0.867   0.867   0.000
  22 2811.4   9/2-   5/2  30    0.23   22.18   22.18    5.31    4.78      13.42   13.42    0.00   -5.00      1.636   1.636   0.000
  23 2924.7  11/2-   1/2  33    0.15   13.32   13.32    0.78    3.03      13.49   13.49    0.00   -1.80      1.645   1.645   0.000
  24 3097.5  13/2-   9/2  35    1.87    2.88    2.88   17.31    3.08      14.43   14.43    0.00   -0.30      1.760   1.760   0.000
  25 3362.6  13/2-   5/2  30    0.18   23.38   23.38    5.38    4.97      15.77   15.77    0.00   -3.11      1.923   1.923   0.000
  
  26 3616.8   5/2-   5/2  30    1.01   23.41   23.41    4.59    4.35      17.23   17.23    0.00   -6.57      2.100   2.100   0.000
  27 3737.0  13/2-  -3/2  32   -0.43    5.62    5.62    1.72    1.89      17.68   17.68    0.00    0.04      2.155   2.155   0.000
  28 3822.6   1/2-   1/2  24    0.50    7.13    7.13    0.25    0.63       7.08    7.08   -0.00   -3.71      0.864   0.864  -0.000
  29 4027.8  13/2-  -7/2  34   -2.34    2.66    2.66   16.30    2.50      17.73   17.73   -0.00   -0.70      2.162   2.162  -0.000
  30 4121.9  13/2- -11/2  26   -4.56    2.73    2.73   27.05    3.88      13.53   13.53    0.00   -1.04      1.650   1.650   0.000
  
  31 4722.5   1/2-   1/2  37    0.50   15.79   15.79    0.25   -0.51      16.73   16.73    0.00   -5.58      2.040   2.040   0.000
  32 7655.2   1/2-   1/2  25    0.50   22.95   22.95    0.25   -3.47      26.45   26.45    0.00   -6.76      3.225   3.225   0.000
