1SPECTRUM OF (Z= 82 A=207) IN PARTICLE-ROTOR  MODEL WITH MODIFIED OSCILLATOR POTENTIAL


 PARITY=-   EPS= 0.406   GAMMA=  0.0   EPS4=0.000   EPS6=0.000   LEVELS:  24  25  26  27  28  29  30  31  32  33  34  35  36  37  38

 PAIRING FACTORS: GN0= 19.20  GN1=  7.40  IPAIR= 15 ***  E2PLUS(INPUT)=   0.730  E2PLUR(INPUT)=   0.000

 CORIOLIS ATTENUATION PARAMETERS:  CHSI=1.000  ETA=  1.00

 MOMENT OF INERTIA PARAMETERS:   A1=  0.122 MEV   A2=  0.122 MEV   A3=121.91924 MEV


 DELTA=0.843 MEV  LAMBDA=53.4843 MEV   HW0= 7.5651 MEV   LAMBDA/HW0= 7.0699

 E2ENERGY=0.730 MEV  HBAR**2/B=30564./A**(7/3)=5166.7/A**2 MEV

 IREC=0  =>  RECOIL TERMS j+j-, j+j+, jzjz, ETC TREATED AS ONE-BODY OPERATORS WITH UU+VV PAIRING FACTORS



 S. P. LEVEL   EQP       U     V        (UU + VV)**1.00

     24       4.295    0.099 0.995      1.000 1.000 1.000 0.998 0.995 0.994 0.908 0.885 0.862 0.493 0.479 0.360 0.324 0.235 0.221
     25       3.566    0.119 0.993      1.000 1.000 1.000 0.999 0.997 0.996 0.916 0.894 0.872 0.511 0.497 0.379 0.343 0.254 0.241
     26       3.366    0.126 0.992      1.000 1.000 1.000 0.999 0.998 0.997 0.919 0.897 0.876 0.517 0.503 0.385 0.350 0.261 0.248
     27       2.645    0.161 0.987      0.998 0.999 0.999 1.000 0.999 0.999 0.932 0.913 0.892 0.547 0.534 0.418 0.383 0.296 0.282
     28       2.230    0.193 0.981      0.995 0.997 0.998 0.999 1.000 1.000 0.943 0.925 0.906 0.573 0.560 0.446 0.412 0.326 0.312
     29       2.089    0.206 0.979      0.994 0.996 0.997 0.999 1.000 1.000 0.948 0.930 0.912 0.584 0.572 0.459 0.424 0.339 0.325
     30       0.964    0.507 0.862      0.908 0.916 0.919 0.932 0.943 0.948 1.000 0.999 0.995 0.812 0.803 0.718 0.691 0.621 0.610
     31       0.916    0.551 0.835      0.885 0.894 0.897 0.913 0.925 0.930 0.999 1.000 0.999 0.841 0.833 0.753 0.727 0.660 0.650
     32       0.885    0.589 0.808      0.862 0.872 0.876 0.892 0.906 0.912 0.995 0.999 1.000 0.866 0.858 0.783 0.758 0.695 0.685
     33       1.138    0.914 0.405      0.493 0.511 0.517 0.547 0.573 0.584 0.812 0.841 0.866 1.000 1.000 0.989 0.983 0.961 0.957
     34       1.172    0.921 0.390      0.479 0.497 0.503 0.534 0.560 0.572 0.803 0.833 0.858 1.000 1.000 0.991 0.986 0.966 0.962
     35       1.644    0.964 0.266      0.360 0.379 0.385 0.418 0.446 0.459 0.718 0.753 0.783 0.989 0.991 1.000 0.999 0.991 0.989
     36       1.892    0.973 0.229      0.324 0.343 0.350 0.383 0.412 0.424 0.691 0.727 0.758 0.983 0.986 0.999 1.000 0.996 0.994
     37       3.091    0.990 0.138      0.235 0.254 0.261 0.296 0.326 0.339 0.621 0.660 0.695 0.961 0.966 0.991 0.996 1.000 1.000
     38       3.433    0.992 0.124      0.221 0.241 0.248 0.282 0.312 0.325 0.610 0.650 0.685 0.957 0.962 0.989 0.994 1.000 1.000

  R CORE   ENERGY   A0R/A00=1.000    R3= 0     2  
   2( 1)    0.732                    1.000 0.000
   2( 2)  487.921                    0.000 1.000

  R CORE   ENERGY   A0R/A00=1.000    R3= 0     2  
   3( 1)  488.652                    0.000 1.000

  R CORE   ENERGY   A0R/A00=1.000    R3= 0     2     4  
   4( 1)    2.438                    1.000 0.000 0.000

  R CORE   ENERGY   A0R/A00=1.000    R3= 0     2     4  
   5( 1)  490.847                    0.000 1.000 0.000

  R CORE   ENERGY   A0R/A00=1.000    R3= 0     2     4     6  
   6( 1)    5.121                    1.000 0.000 0.000 0.000

  R CORE   ENERGY   A0R/A00=1.000    R3= 0     2     4     6  
   7( 1)  494.017                    0.000 1.000 0.000 0.000

          AXIAL SYMMETRY => K RESTRICTED TO OMEGA

                     K
     S.P. ORB#: 24  0.50
     S.P. ORB#: 25 -5.50
     S.P. ORB#: 26  0.50
     S.P. ORB#: 27  2.50
     S.P. ORB#: 28 -1.50
     S.P. ORB#: 29 -3.50
     S.P. ORB#: 30  0.50
     S.P. ORB#: 31  2.50
     S.P. ORB#: 32 -1.50
     S.P. ORB#: 33  0.50
     S.P. ORB#: 34 -3.50
     S.P. ORB#: 35  4.50
     S.P. ORB#: 36 -3.50
     S.P. ORB#: 37  0.50
     S.P. ORB#: 38 -1.50
 

             ENERGY    K= OMEGA
 
 I=  1/2- (1)  2.277  30: 0.999
 
 I=  1/2- (2)  4.038  26: 0.201
                      33:-0.917
                      37: 0.346
 
 I=  1/2- (3)  5.996  24: 0.999
 
 I=  1/2- (4)  7.073  26: 0.300
                      33:-0.278
                      37:-0.913
 
 I=  1/2- (5)  9.625  26: 0.933
                      33: 0.287
                      37: 0.219

             ENERGY    K= OMEGA
 
 I=  3/2- (1)  2.198  24:-0.052
                      30: 0.361
                      32:-0.931
 
 I=  3/2- (2)  2.435  24:-0.194
                      30:-0.918
                      32:-0.345

             ENERGY    K= OMEGA
 
 I=  5/2- (1)  2.484  24:-0.253
                      30: 0.485
                      32: 0.836
 
 I=  5/2- (2)  3.449  24: 0.067
                      30:-0.854
                      32: 0.513
 
 I=  5/2- (3)  4.088  26: 0.154
                      33:-0.809
                      37: 0.486
                      38:-0.290
 
 I=  5/2- (4)  4.440  27: 0.998
                      32:-0.058
 
 I=  5/2- (5)  5.740  26: 0.214
                      28:-0.603
                      31: 0.766

             ENERGY    K= OMEGA
 
 I=  7/2- (1)  2.071  27: 0.147
                      34:-0.988
 
 I=  7/2- (2)  3.436  24:-0.093
                      27: 0.068
                      30: 0.446
                      32:-0.887
 
 I=  7/2- (3)  3.574  24: 0.328
                      30: 0.858
                      32: 0.394
 
 I=  7/2- (4)  4.000  27: 0.176
                      29: 0.983
 
 I=  7/2- (5)  4.018  26: 0.067
                      28:-0.104
                      31:-0.146
                      33:-0.875
                      36:-0.059
                      37:-0.240
                      38: 0.370

             ENERGY    K= OMEGA
 
 I=  9/2- (1)  2.570  27:-0.088
                      29: 0.173
                      34:-0.374
                      35:-0.907
 
 I=  9/2- (2)  3.167  27: 0.195
                      29: 0.105
                      34: 0.900
                      35:-0.371
 
 I=  9/2- (3)  3.757  24:-0.384
                      30: 0.534
                      32: 0.750
                      34:-0.058
 
 I=  9/2- (4)  4.790  28: 0.344
                      31:-0.488
                      33:-0.575
                      36: 0.276
                      37: 0.383
                      38:-0.298
 
 I=  9/2- (5)  4.935  26:-0.236
                      28: 0.434
                      31:-0.502
                      33: 0.488
                      36: 0.293
                      37:-0.371
                      38: 0.206

             ENERGY    K= OMEGA
 
 I= 11/2- (1)  3.636  26: 0.542
                      28: 0.569
                      31: 0.482
                      33: 0.275
                      36: 0.222
                      37: 0.084
                      38:-0.134
 
 I= 11/2- (2)  3.716  27: 0.134
                      29: 0.234
                      34:-0.449
                      35: 0.851
 
 I= 11/2- (3)  4.484  25: 0.060
                      27:-0.231
                      29: 0.154
                      34: 0.850
                      35: 0.441
 
 I= 11/2- (4)  4.911  25:-0.997
                      35: 0.059
 
 I= 11/2- (5)  5.022  26: 0.295
                      28: 0.152
                      31: 0.082
                      33:-0.801
                      37:-0.283
                      38: 0.399

             ENERGY    K= OMEGA
 
 I= 13/2- (1)  5.096  27:-0.172
                      29: 0.275
                      34:-0.486
                      35:-0.809
 
 I= 13/2- (2)  5.416  26:-0.194
                      28: 0.557
                      31:-0.679
                      33:-0.140
                      36: 0.392
                      37: 0.059
                      38:-0.122
 
 I= 13/2- (3)  5.853  24:-0.448
                      27: 0.108
                      29: 0.053
                      30: 0.516
                      32: 0.675
                      34: 0.185
                      35:-0.166
 
 I= 13/2- (4)  6.048  24: 0.129
                      25: 0.086
                      27: 0.235
                      29: 0.185
                      30:-0.156
                      32:-0.177
                      34: 0.796
                      35:-0.445
 
 I= 13/2- (5)  6.499  25:-0.995
                      35:-0.077

             ENERGY     K=-3/2
  32 LEVELS    TIME=  0.0 SEC



 ******************* EXCITATION ENERGIES, DOMINANT CONFIGURATION AND EXPECTATION VALUES (WITH S.P. UU+VV FACTORS) *******************

  NR  Eex(keV)  I   Kdom  NY    <Jz>  <Jx**2> <Jy**2> <Jz**2> <I.j>/|I|  <Rx**2> <Ry**2> <Rz**2> <R.j>/|R|  <HROTx> <HROTy> <HROTz>

   1    0.0   7/2-  -7/2  34   -3.37    2.31    2.31   12.12    3.20       3.55    3.55    0.00   -1.52      0.433   0.433   0.000
   2  126.6   3/2-  -3/2  32   -1.23    5.03    5.03    1.98    1.34       5.31    5.31   -0.00   -2.90      0.647   0.647  -0.000
   3  205.7   1/2-   1/2  30    0.50    5.04    5.04    0.25    0.22       5.35    5.35    0.00   -3.10      0.653   0.653   0.000
   4  364.0   3/2-   1/2  30    0.26    4.91    4.91    0.49    0.76       5.56    5.56   -0.00   -2.65      0.677   0.677  -0.000
   5  412.4   5/2-  -3/2  32   -0.90    5.26    5.26    1.66    1.65       5.57    5.57   -0.00   -2.18      0.680   0.680  -0.000
  
   6  499.0   9/2-   9/2  35    3.12    2.51    2.51   18.78    4.08       3.99    3.99    0.00   -1.24      0.486   0.486   0.000
   7 1095.3   9/2-  -7/2  34   -2.16    2.38    2.38   13.10    2.75       7.64    7.64    0.00   -1.07      0.931   0.931   0.000
   8 1364.5   7/2-  -3/2  32   -1.07    5.07    5.07    1.87    0.92      10.24   10.24   -0.00   -1.85      1.248   1.248  -0.000
   9 1377.2   5/2-   1/2  30   -0.02    5.06    5.06    0.79   -0.12      10.20   10.20   -0.00   -2.50      1.243   1.243  -0.000
  10 1502.7   7/2-   1/2  30    0.19    4.97    4.97    0.57    0.97       9.27    9.27   -0.00   -1.54      1.131   1.131  -0.000
  
  11 1564.6  11/2-  -3/2  28    0.08   23.63   23.63    2.92    6.19       5.94    5.94   -0.00   -3.82      0.725   0.725  -0.000
  12 1644.1  11/2-   9/2  35    2.40    2.68    2.68   17.96    3.48       8.70    8.70    0.00   -0.60      1.061   1.061   0.000
  13 1685.4   9/2-  -3/2  32   -0.63    5.50    5.50    1.43    1.81       9.60    9.60   -0.00   -0.79      1.171   1.171  -0.000
  14 1928.9   7/2-  -7/2  29   -3.31    6.25    6.25   12.04    3.12       7.78    7.78    0.00   -3.09      0.948   0.948   0.000
  15 1946.5   7/2-   1/2  33    0.23   15.13   15.13    0.72    3.37       9.98    9.98    0.00   -3.94      1.216   1.216   0.000
  
  16 1966.7   1/2-   1/2  33    0.50   10.98   10.98    0.25    1.06      10.57   10.57   -0.00   -4.63      1.288   1.288  -0.000
  17 2016.5   5/2-   1/2  33    0.33   11.49   11.49    0.42    2.33       9.19    9.19    0.00   -3.85      1.120   1.120   0.000
  18 2368.2   5/2-   5/2  27    2.49    6.08    6.08    6.23    2.09       7.38    7.38   -0.00   -3.18      0.900   0.900  -0.000
  19 2412.6  11/2-  -7/2  34   -1.63    2.46    2.46   13.53    2.40      12.76   12.76    0.00   -0.81      1.556   1.556   0.000
  20 2718.2   9/2-   1/2  33    0.26   18.02   18.02    3.01    3.92      12.40   12.40   -0.00   -3.92      1.512   1.512  -0.000
  
  21 2839.5  11/2- -11/2  25   -5.46    2.75    2.75   30.18    5.04       5.56    5.56    0.00   -1.66      0.678   0.678   0.000
  22 2863.9   9/2-   5/2  31    0.20   17.45   17.45    3.25    3.77      12.68   12.68    0.00   -3.85      1.546   1.546   0.000
  23 2950.7  11/2-   1/2  33    0.14   13.60   13.60    0.68    3.17      12.89   12.89    0.00   -1.76      1.571   1.571   0.000
  24 3024.9  13/2-   9/2  35    1.92    2.83    2.83   17.33    3.08      14.34   14.34    0.00   -0.27      1.748   1.748   0.000
  25 3344.5  13/2-   5/2  31    0.16   23.61   23.61    5.51    5.03      15.59   15.59   -0.00   -3.15      1.901   1.901  -0.000
  
  26 3668.5   5/2-   5/2  31    0.95   23.57   23.57    4.50    4.34      17.35   17.35    0.00   -6.59      2.115   2.115   0.000
  27 3781.7  13/2-  -3/2  32   -0.43    5.48    5.48    2.24    1.97      17.26   17.26    0.00    0.09      2.104   2.104   0.000
  28 3924.7   1/2-   1/2  24    0.50    7.06    7.06    0.25    0.64       7.01    7.01   -0.00   -3.69      0.855   0.855  -0.000
  29 3976.2  13/2-  -7/2  34   -1.37    2.75    2.75   12.83    2.09      18.92   18.92    0.00   -0.60      2.307   2.307   0.000
  30 4427.7  13/2- -11/2  25   -5.43    2.75    2.75   30.11    4.31      12.11   12.11    0.00   -1.13      1.477   1.477   0.000
  
  31 5001.7   1/2-   1/2  37    0.50   15.86   15.86    0.25   -0.56      16.85   16.85    0.00   -5.59      2.054   2.054   0.000
  32 7553.1   1/2-   1/2  26    0.50   22.98   22.98    0.25   -3.45      26.47   26.47    0.00   -6.76      3.228   3.228   0.000
