1SPECTRUM OF (Z= 82 A=207) IN PARTICLE-ROTOR  MODEL WITH MODIFIED OSCILLATOR POTENTIAL


 PARITY=-   EPS= 0.426   GAMMA=  0.0   EPS4=0.000   EPS6=0.000   LEVELS:  24  25  26  27  28  29  30  31  32  33  34  35  36  37  38

 PAIRING FACTORS: GN0= 19.20  GN1=  7.40  IPAIR= 15 ***  E2PLUS(INPUT)=   0.730  E2PLUR(INPUT)=   0.000

 CORIOLIS ATTENUATION PARAMETERS:  CHSI=1.000  ETA=  1.00

 MOMENT OF INERTIA PARAMETERS:   A1=  0.122 MEV   A2=  0.122 MEV   A3=121.91923 MEV


 DELTA=0.848 MEV  LAMBDA=53.4880 MEV   HW0= 7.5821 MEV   LAMBDA/HW0= 7.0545

 E2ENERGY=0.730 MEV  HBAR**2/B=33649./A**(7/3)=5688.3/A**2 MEV

 IREC=0  =>  RECOIL TERMS j+j-, j+j+, jzjz, ETC TREATED AS ONE-BODY OPERATORS WITH UU+VV PAIRING FACTORS



 S. P. LEVEL   EQP       U     V        (UU + VV)**1.00

     24       4.272    0.100 0.995      1.000 1.000 0.999 0.998 0.997 0.992 0.926 0.864 0.803 0.636 0.400 0.335 0.317 0.252 0.232
     25       3.823    0.112 0.994      1.000 1.000 1.000 0.998 0.998 0.993 0.931 0.870 0.810 0.646 0.411 0.346 0.328 0.264 0.243
     26       3.208    0.133 0.991      0.999 1.000 1.000 0.999 0.999 0.995 0.939 0.881 0.823 0.662 0.431 0.367 0.349 0.285 0.264
     27       2.558    0.168 0.986      0.998 0.998 0.999 1.000 1.000 0.998 0.950 0.897 0.842 0.688 0.462 0.399 0.382 0.318 0.298
     28       2.458    0.175 0.985      0.997 0.998 0.999 1.000 1.000 0.999 0.952 0.900 0.846 0.693 0.468 0.406 0.388 0.325 0.305
     29       1.909    0.228 0.974      0.992 0.993 0.995 0.998 0.999 1.000 0.967 0.922 0.874 0.731 0.515 0.455 0.437 0.375 0.356
     30       1.026    0.467 0.884      0.926 0.931 0.939 0.950 0.952 0.967 1.000 0.990 0.968 0.880 0.716 0.665 0.651 0.598 0.581
     31       0.892    0.587 0.810      0.864 0.870 0.881 0.897 0.900 0.922 0.990 1.000 0.994 0.938 0.806 0.763 0.751 0.704 0.689
     32       0.851    0.673 0.740      0.803 0.810 0.823 0.842 0.846 0.874 0.968 0.994 1.000 0.971 0.867 0.831 0.820 0.779 0.766
     33       0.917    0.831 0.556      0.636 0.646 0.662 0.688 0.693 0.731 0.880 0.938 0.971 1.000 0.961 0.940 0.933 0.907 0.898
     34       1.453    0.952 0.306      0.400 0.411 0.431 0.462 0.468 0.515 0.716 0.806 0.867 0.961 1.000 0.998 0.996 0.988 0.984
     35       1.823    0.971 0.240      0.335 0.346 0.367 0.399 0.406 0.455 0.665 0.763 0.831 0.940 0.998 1.000 1.000 0.996 0.994
     36       1.969    0.975 0.221      0.317 0.328 0.349 0.382 0.388 0.437 0.651 0.751 0.820 0.933 0.996 1.000 1.000 0.998 0.996
     37       2.781    0.988 0.154      0.252 0.264 0.285 0.318 0.325 0.375 0.598 0.704 0.779 0.907 0.988 0.996 0.998 1.000 1.000
     38       3.205    0.991 0.133      0.232 0.243 0.264 0.298 0.305 0.356 0.581 0.689 0.766 0.898 0.984 0.994 0.996 1.000 1.000

  R CORE   ENERGY   A0R/A00=1.000    R3= 0     2  
   2( 1)    0.732                    1.000 0.000
   2( 2)  487.921                    0.000 1.000

  R CORE   ENERGY   A0R/A00=1.000    R3= 0     2  
   3( 1)  488.652                    0.000 1.000

  R CORE   ENERGY   A0R/A00=1.000    R3= 0     2     4  
   4( 1)    2.438                    1.000 0.000 0.000

  R CORE   ENERGY   A0R/A00=1.000    R3= 0     2     4  
   5( 1)  490.847                    0.000 1.000 0.000

  R CORE   ENERGY   A0R/A00=1.000    R3= 0     2     4     6  
   6( 1)    5.121                    1.000 0.000 0.000 0.000

  R CORE   ENERGY   A0R/A00=1.000    R3= 0     2     4     6  
   7( 1)  494.017                    0.000 1.000 0.000 0.000

          AXIAL SYMMETRY => K RESTRICTED TO OMEGA

                     K
     S.P. ORB#: 24  0.50
     S.P. ORB#: 25  0.50
     S.P. ORB#: 26 -5.50
     S.P. ORB#: 27 -1.50
     S.P. ORB#: 28  2.50
     S.P. ORB#: 29 -3.50
     S.P. ORB#: 30  2.50
     S.P. ORB#: 31  0.50
     S.P. ORB#: 32 -1.50
     S.P. ORB#: 33  0.50
     S.P. ORB#: 34 -3.50
     S.P. ORB#: 35 -3.50
     S.P. ORB#: 36  4.50
     S.P. ORB#: 37  0.50
     S.P. ORB#: 38 -1.50
 

             ENERGY    K= OMEGA
 
 I=  1/2- (1)  2.224  31:-0.999
 
 I=  1/2- (2)  3.728  25: 0.232
                      33:-0.920
                      37: 0.315
 
 I=  1/2- (3)  6.003  24: 0.999
 
 I=  1/2- (4)  6.790  25: 0.266
                      33:-0.252
                      37:-0.931
 
 I=  1/2- (5)  9.993  25:-0.936
                      33:-0.299
                      37:-0.186

             ENERGY    K= OMEGA
 
 I=  3/2- (1)  2.178  31: 0.433
                      32:-0.901
 
 I=  3/2- (2)  2.399  24: 0.185
                      31: 0.889
                      32: 0.420

             ENERGY    K= OMEGA
 
 I=  5/2- (1)  2.493  24: 0.241
                      31:-0.494
                      32:-0.834
 
 I=  5/2- (2)  3.403  24: 0.066
                      28: 0.058
                      31:-0.850
                      32: 0.519
 
 I=  5/2- (3)  3.844  25:-0.184
                      33: 0.824
                      37:-0.459
                      38:-0.275
 
 I=  5/2- (4)  4.258  28:-0.997
                      32: 0.066
 
 I=  5/2- (5)  5.844  25:-0.197
                      27: 0.584
                      30:-0.786

             ENERGY    K= OMEGA
 
 I=  7/2- (1)  2.361  28:-0.151
                      34: 0.988
 
 I=  7/2- (2)  3.414  28:-0.067
                      31:-0.611
                      32: 0.787
 
 I=  7/2- (3)  3.578  24: 0.324
                      28:-0.057
                      31: 0.753
                      32: 0.567
 
 I=  7/2- (4)  3.829  28: 0.169
                      29: 0.983
                      32: 0.072
 
 I=  7/2- (5)  3.982  25:-0.067
                      27: 0.127
                      30: 0.149
                      33: 0.875
                      35: 0.056
                      37: 0.250
                      38: 0.355

             ENERGY    K= OMEGA
 
 I=  9/2- (1)  2.884  28: 0.094
                      29:-0.205
                      34: 0.376
                      36: 0.899
 
 I=  9/2- (2)  3.463  28: 0.199
                      29: 0.123
                      32: 0.067
                      34: 0.896
                      36:-0.369
 
 I=  9/2- (3)  3.818  24: 0.370
                      31:-0.540
                      32:-0.750
                      34: 0.090
 
 I=  9/2- (4)  4.665  25: 0.117
                      27: 0.081
                      30:-0.156
                      33:-0.761
                      35: 0.080
                      37: 0.498
                      38: 0.350
 
 I=  9/2- (5)  4.987  28:-0.254
                      29: 0.937
                      31: 0.056
                      36: 0.231

             ENERGY    K= OMEGA
 
 I= 11/2- (1)  3.837  25:-0.493
                      27:-0.559
                      30:-0.480
                      33:-0.360
                      35:-0.211
                      37:-0.115
                      38:-0.164
 
 I= 11/2- (2)  4.021  26:-0.088
                      28:-0.139
                      29:-0.271
                      34: 0.437
                      36:-0.842
 
 I= 11/2- (3)  4.551  26:-0.991
                      34:-0.124
 
 I= 11/2- (4)  4.788  26:-0.100
                      28:-0.232
                      29: 0.181
                      32: 0.059
                      34: 0.846
                      36: 0.430
 
 I= 11/2- (5)  5.221  25:-0.338
                      27:-0.199
                      30:-0.156
                      33: 0.768
                      35:-0.087
                      37: 0.287
                      38: 0.376

             ENERGY    K= OMEGA
 
 I= 13/2- (1)  5.400  26: 0.089
                      28:-0.176
                      29: 0.314
                      34:-0.466
                      36:-0.801
 
 I= 13/2- (2)  5.631  25:-0.176
                      27: 0.557
                      30:-0.674
                      33:-0.194
                      35: 0.373
                      37: 0.091
                      38: 0.141
 
 I= 13/2- (3)  5.976  24: 0.447
                      26:-0.059
                      28:-0.081
                      31:-0.537
                      32:-0.694
                      34:-0.077
                      36: 0.114
 
 I= 13/2- (4)  6.135  26:-0.981
                      28:-0.055
                      32: 0.051
                      34:-0.172
 
 I= 13/2- (5)  6.355  24: 0.065
                      26:-0.164
                      28: 0.243
                      29: 0.222
                      31:-0.086
                      32:-0.080
                      34: 0.806
                      36:-0.443

             ENERGY     K=-3/2
  32 LEVELS    TIME=  0.0 SEC



 ******************* EXCITATION ENERGIES, DOMINANT CONFIGURATION AND EXPECTATION VALUES (WITH S.P. UU+VV FACTORS) *******************

  NR  Eex(keV)  I   Kdom  NY    <Jz>  <Jx**2> <Jy**2> <Jz**2> <I.j>/|I|  <Rx**2> <Ry**2> <Rz**2> <R.j>/|R|  <HROTx> <HROTy> <HROTz>

   1    0.0   3/2-  -3/2  32   -1.12    5.09    5.09    1.87    1.30       5.39    5.39   -0.00   -2.91      0.657   0.657  -0.000
   2   46.0   1/2-   1/2  31    0.50    5.10    5.10    0.25    0.20       5.43    5.43    0.00   -3.12      0.662   0.662   0.000
   3  183.1   7/2-  -7/2  34   -3.36    2.32    2.32   12.11    3.18       3.63    3.63    0.00   -1.53      0.442   0.442   0.000
   4  221.2   3/2-   1/2  31    0.15    5.01    5.01    0.60    0.75       5.74    5.74    0.00   -2.71      0.699   0.699   0.000
   5  315.2   5/2-  -3/2  32   -0.89    5.30    5.30    1.65    1.57       5.86    5.86   -0.00   -2.22      0.715   0.715  -0.000
  
   6  705.7   9/2-   9/2  36    3.02    2.57    2.57   18.66    4.07       4.05    4.05    0.00   -1.25      0.493   0.493   0.000
   7 1225.3   5/2-   1/2  31   -0.03    5.12    5.12    0.81   -0.12      10.26   10.26   -0.00   -2.52      1.251   1.251  -0.000
   8 1235.9   7/2-  -3/2  32   -0.74    5.09    5.09    1.54    0.84      10.40   10.40   -0.00   -1.84      1.268   1.268  -0.000
   9 1284.8   9/2-  -7/2  34   -2.16    2.42    2.42   13.03    2.72       7.77    7.77    0.00   -1.10      0.947   0.947   0.000
  10 1400.3   7/2-   1/2  31   -0.15    5.11    5.11    0.95    0.97       9.59    9.59   -0.00   -1.66      1.169   1.169  -0.000
  
  11 1550.2   1/2-   1/2  33    0.50   10.55   10.55    0.25    1.06      10.13   10.13   -0.00   -4.54      1.235   1.235  -0.000
  12 1639.7   9/2-  -3/2  32   -0.65    5.51    5.51    1.49    1.70      10.17   10.17   -0.00   -0.90      1.240   1.240  -0.000
  13 1650.5   7/2-  -7/2  29   -3.32    6.27    6.27   12.02    3.11       7.83    7.83    0.00   -3.09      0.954   0.954   0.000
  14 1658.8  11/2-  -3/2  27    0.10   23.59   23.59    2.85    6.11       6.36    6.36    0.00   -3.78      0.775   0.775   0.000
  15 1666.2   5/2-   1/2  33    0.35   11.17   11.17    0.40    2.19       9.27    9.27   -0.00   -3.78      1.131   1.131  -0.000
  
  16 1803.7   7/2-   1/2  33    0.25   15.05   15.05    0.71    3.16      10.72   10.72   -0.00   -3.94      1.307   1.307  -0.000
  17 1843.2  11/2-   9/2  36    2.27    2.76    2.76   17.94    3.49       8.76    8.76    0.00   -0.63      1.068   1.068   0.000
  18 2079.7   5/2-   5/2  28    2.48    6.10    6.10    6.23    2.09       7.41    7.41   -0.00   -3.18      0.904   0.904  -0.000
  19 2373.4  11/2- -11/2  26   -5.45    2.75    2.75   29.93    5.01       5.63    5.63    0.00   -1.63      0.686   0.686   0.000
  20 2486.6   9/2-   1/2  33    0.27   12.42   12.42    0.73    2.63      12.09   12.09   -0.00   -2.54      1.474   1.474  -0.000
  
  21 2610.1  11/2-  -7/2  34   -1.71    2.51    2.51   13.55    2.38      12.94   12.94    0.00   -0.85      1.577   1.577   0.000
  22 2808.5   9/2-  -7/2  29   -2.67    6.04    6.04   12.25    2.42      12.47   12.47   -0.00   -2.45      1.521   1.521  -0.000
  23 3042.6  11/2-   1/2  33    0.16   13.09   13.09    0.85    2.90      14.02   14.02   -0.00   -1.83      1.710   1.710  -0.000
  24 3221.6  13/2-   9/2  36    1.82    2.94    2.94   17.31    3.08      14.46   14.46   -0.00   -0.31      1.763   1.763  -0.000
  25 3453.0  13/2-   5/2  30    0.19   23.22   23.22    5.30    4.92      15.91   15.91    0.00   -3.09      1.939   1.939   0.000
  
  26 3666.1   5/2-   5/2  30    1.05   23.31   23.31    4.64    4.34      17.16   17.16    0.00   -6.56      2.092   2.092   0.000
  27 3798.0  13/2-  -3/2  32   -0.45    5.64    5.64    1.70    1.84      18.01   18.01   -0.00   -0.02      2.196   2.196  -0.000
  28 3824.9   1/2-   1/2  24    0.50    7.18    7.18    0.25    0.63       7.13    7.13    0.00   -3.72      0.870   0.870   0.000
  29 3956.7  13/2- -11/2  26   -5.39    2.76    2.76   29.47    4.24      12.26   12.26    0.00   -1.09      1.495   1.495   0.000
  30 4177.0  13/2-  -7/2  34   -1.57    2.64    2.64   13.75    2.11      19.14   19.14   -0.00   -0.69      2.334   2.334  -0.000
  
  31 4611.7   1/2-   1/2  37    0.50   15.74   15.74    0.25   -0.45      16.63   16.63   -0.00   -5.57      2.027   2.027  -0.000
  32 7814.8   1/2-   1/2  25    0.50   23.00   23.00    0.25   -3.49      26.52   26.52   -0.00   -6.76      3.233   3.233  -0.000
