1SPECTRUM OF (Z= 82 A=207) IN PARTICLE-ROTOR  MODEL WITH MODIFIED OSCILLATOR POTENTIAL


 PARITY=-   EPS= 0.454   GAMMA=  0.0   EPS4=0.000   EPS6=0.000   LEVELS:  24  25  26  27  28  29  30  31  32  33  34  35  36  37  38

 PAIRING FACTORS: GN0= 19.20  GN1=  7.40  IPAIR= 15 ***  E2PLUS(INPUT)=   0.730  E2PLUR(INPUT)=   0.000

 CORIOLIS ATTENUATION PARAMETERS:  CHSI=1.000  ETA=  1.00

 MOMENT OF INERTIA PARAMETERS:   A1=  0.122 MEV   A2=  0.122 MEV   A3=121.91924 MEV


 DELTA=0.852 MEV  LAMBDA=53.4685 MEV   HW0= 7.6077 MEV   LAMBDA/HW0= 7.0282

 E2ENERGY=0.730 MEV  HBAR**2/B=38218./A**(7/3)=6460.6/A**2 MEV

 IREC=0  =>  RECOIL TERMS j+j-, j+j+, jzjz, ETC TREATED AS ONE-BODY OPERATORS WITH UU+VV PAIRING FACTORS



 S. P. LEVEL   EQP       U     V        (UU + VV)**1.00

     24       4.451    0.096 0.995      1.000 1.000 0.999 0.998 0.994 0.984 0.957 0.842 0.761 0.683 0.343 0.319 0.275 0.268 0.242
     25       4.200    0.102 0.995      1.000 1.000 0.999 0.998 0.995 0.985 0.958 0.845 0.765 0.687 0.348 0.325 0.280 0.274 0.248
     26       3.001    0.143 0.990      0.999 0.999 1.000 1.000 0.998 0.991 0.969 0.867 0.791 0.717 0.387 0.364 0.320 0.314 0.288
     27       2.674    0.161 0.987      0.998 0.998 1.000 1.000 0.999 0.994 0.974 0.876 0.802 0.729 0.404 0.381 0.337 0.331 0.306
     28       2.162    0.201 0.980      0.994 0.995 0.998 0.999 1.000 0.997 0.982 0.894 0.826 0.756 0.440 0.418 0.375 0.369 0.344
     29       1.630    0.271 0.962      0.984 0.985 0.991 0.994 0.997 1.000 0.993 0.924 0.864 0.802 0.504 0.482 0.441 0.435 0.411
     30       1.206    0.382 0.924      0.957 0.958 0.969 0.974 0.982 0.993 1.000 0.963 0.917 0.866 0.602 0.582 0.543 0.538 0.515
     31       0.877    0.618 0.786      0.842 0.845 0.867 0.876 0.894 0.924 0.963 1.000 0.991 0.969 0.795 0.780 0.750 0.746 0.728
     32       0.852    0.719 0.695      0.761 0.765 0.791 0.802 0.826 0.864 0.917 0.991 1.000 0.994 0.870 0.858 0.833 0.829 0.814
     33       0.881    0.793 0.609      0.683 0.687 0.717 0.729 0.756 0.802 0.866 0.969 0.994 1.000 0.920 0.910 0.890 0.887 0.874
     34       1.755    0.968 0.251      0.343 0.348 0.387 0.404 0.440 0.504 0.602 0.795 0.870 0.920 1.000 1.000 0.997 0.997 0.994
     35       1.930    0.974 0.227      0.319 0.325 0.364 0.381 0.418 0.482 0.582 0.780 0.858 0.910 1.000 1.000 0.999 0.999 0.997
     36       2.394    0.984 0.181      0.275 0.280 0.320 0.337 0.375 0.441 0.543 0.750 0.833 0.890 0.997 0.999 1.000 1.000 0.999
     37       2.480    0.985 0.174      0.268 0.274 0.314 0.331 0.369 0.435 0.538 0.746 0.829 0.887 0.997 0.999 1.000 1.000 1.000
     38       2.912    0.989 0.148      0.242 0.248 0.288 0.306 0.344 0.411 0.515 0.728 0.814 0.874 0.994 0.997 0.999 1.000 1.000

  R CORE   ENERGY   A0R/A00=1.000    R3= 0     2  
   2( 1)    0.732                    1.000 0.000
   2( 2)  487.921                    0.000 1.000

  R CORE   ENERGY   A0R/A00=1.000    R3= 0     2  
   3( 1)  488.652                    0.000 1.000

  R CORE   ENERGY   A0R/A00=1.000    R3= 0     2     4  
   4( 1)    2.438                    1.000 0.000 0.000

  R CORE   ENERGY   A0R/A00=1.000    R3= 0     2     4  
   5( 1)  490.847                    0.000 1.000 0.000

  R CORE   ENERGY   A0R/A00=1.000    R3= 0     2     4     6  
   6( 1)    5.121                    1.000 0.000 0.000 0.000

  R CORE   ENERGY   A0R/A00=1.000    R3= 0     2     4     6  
   7( 1)  494.017                    0.000 1.000 0.000 0.000

          AXIAL SYMMETRY => K RESTRICTED TO OMEGA

                     K
     S.P. ORB#: 24  0.50
     S.P. ORB#: 25  0.50
     S.P. ORB#: 26 -1.50
     S.P. ORB#: 27 -5.50
     S.P. ORB#: 28  2.50
     S.P. ORB#: 29 -3.50
     S.P. ORB#: 30  2.50
     S.P. ORB#: 31  0.50
     S.P. ORB#: 32  0.50
     S.P. ORB#: 33 -1.50
     S.P. ORB#: 34 -3.50
     S.P. ORB#: 35 -3.50
     S.P. ORB#: 36  0.50
     S.P. ORB#: 37  4.50
     S.P. ORB#: 38 -1.50
 

             ENERGY    K= OMEGA
 
 I=  1/2- (1)  2.210  32:-0.999
 
 I=  1/2- (2)  3.553  24: 0.281
                      31:-0.924
                      36: 0.260
 
 I=  1/2- (3)  5.969  25: 0.999
 
 I=  1/2- (4)  6.404  24:-0.224
                      31: 0.200
                      36: 0.954
 
 I=  1/2- (5) 10.562  24: 0.933
                      31: 0.326
                      36: 0.151

             ENERGY    K= OMEGA
 
 I=  3/2- (1)  2.215  32:-0.572
                      33: 0.820
 
 I=  3/2- (2)  2.425  25:-0.167
                      32:-0.809
                      33:-0.563

             ENERGY    K= OMEGA
 
 I=  5/2- (1)  2.590  25: 0.220
                      28:-0.054
                      32:-0.511
                      33:-0.829
 
 I=  5/2- (2)  3.405  25: 0.061
                      28: 0.085
                      32:-0.842
                      33: 0.530
 
 I=  5/2- (3)  3.851  24:-0.239
                      31: 0.845
                      36:-0.409
                      38:-0.246
 
 I=  5/2- (4)  3.971  28: 0.995
                      33:-0.090
 
 I=  5/2- (5)  6.023  24:-0.176
                      26: 0.561
                      30:-0.808

             ENERGY    K= OMEGA
 
 I=  7/2- (1)  2.833  28: 0.185
                      35:-0.981
 
 I=  7/2- (2)  3.434  28:-0.075
                      29:-0.119
                      32:-0.734
                      33: 0.663
 
 I=  7/2- (3)  3.558  28:-0.171
                      29:-0.969
                      32: 0.175
 
 I=  7/2- (4)  3.697  25:-0.291
                      28: 0.050
                      29:-0.135
                      32:-0.618
                      33:-0.715
 
 I=  7/2- (5)  4.280  26: 0.217
                      30: 0.218
                      31: 0.858
                      34: 0.082
                      36: 0.251
                      38: 0.314

             ENERGY    K= OMEGA
 
 I=  9/2- (1)  3.342  28:-0.119
                      29: 0.315
                      35:-0.348
                      37:-0.874
 
 I=  9/2- (2)  3.910  25: 0.105
                      28:-0.236
                      29:-0.174
                      32:-0.161
                      33:-0.245
                      35:-0.847
                      37: 0.315
 
 I=  9/2- (3)  4.016  25: 0.328
                      29: 0.077
                      32:-0.528
                      33:-0.715
                      35: 0.304
                      37:-0.068
 
 I=  9/2- (4)  4.786  28:-0.257
                      29: 0.897
                      32: 0.054
                      37: 0.356
 
 I=  9/2- (5)  4.882  24:-0.177
                      26:-0.082
                      30: 0.144
                      31: 0.787
                      34:-0.072
                      36:-0.459
                      38:-0.325

             ENERGY    K= OMEGA
 
 I= 11/2- (1)  4.010  27:-0.995
                      37:-0.093
 
 I= 11/2- (2)  4.158  24:-0.462
                      26:-0.564
                      30:-0.488
                      31:-0.388
                      34:-0.206
                      36:-0.120
                      38:-0.153
 
 I= 11/2- (3)  4.454  27:-0.101
                      28: 0.165
                      29: 0.387
                      35:-0.394
                      37: 0.810
 
 I= 11/2- (4)  5.220  28:-0.272
                      29: 0.245
                      33: 0.102
                      35: 0.854
                      37: 0.355
 
 I= 11/2- (5)  5.616  25: 0.134
                      32: 0.872
                      33:-0.460
                      35: 0.084

             ENERGY    K= OMEGA
 
 I= 13/2- (1)  5.581  27:-0.963
                      29:-0.108
                      35: 0.091
                      37: 0.226
 
 I= 13/2- (2)  5.823  27: 0.268
                      28: 0.198
                      29:-0.413
                      33: 0.065
                      35: 0.406
                      37: 0.739
 
 I= 13/2- (3)  5.965  24: 0.165
                      26:-0.567
                      30: 0.680
                      31: 0.189
                      34:-0.364
                      36:-0.068
                      38:-0.124
 
 I= 13/2- (4)  6.278  25:-0.425
                      28: 0.078
                      29: 0.051
                      32: 0.549
                      33: 0.703
                      37:-0.117
 
 I= 13/2- (5)  6.770  25: 0.055
                      28: 0.286
                      29: 0.281
                      32:-0.082
                      33:-0.064
                      35: 0.835
                      37:-0.357

             ENERGY     K=-3/2
  32 LEVELS    TIME=  0.0 SEC



 ******************* EXCITATION ENERGIES, DOMINANT CONFIGURATION AND EXPECTATION VALUES (WITH S.P. UU+VV FACTORS) *******************

  NR  Eex(keV)  I   Kdom  NY    <Jz>  <Jx**2> <Jy**2> <Jz**2> <I.j>/|I|  <Rx**2> <Ry**2> <Rz**2> <R.j>/|R|  <HROTx> <HROTy> <HROTz>

   1    0.0   1/2-   1/2  32    0.50    5.18    5.18    0.25    0.16       5.54    5.54    0.00   -3.15      0.675   0.675   0.000
   2    5.0   3/2-  -3/2  33   -0.85    5.17    5.17    1.60    1.20       5.51    5.51    0.00   -2.89      0.671   0.671   0.000
   3  215.3   3/2-   1/2  32   -0.13    5.14    5.14    0.88    0.73       6.03    6.03    0.00   -2.80      0.735   0.735   0.000
   4  379.9   5/2-  -3/2  33   -0.87    5.34    5.34    1.64    1.41       6.36    6.36    0.00   -2.29      0.776   0.776   0.000
   5  623.3   7/2-  -7/2  35   -3.29    2.37    2.37   12.03    3.17       3.68    3.68   -0.00   -1.55      0.448   0.448  -0.000
  
   6 1132.0   9/2-   9/2  37    2.70    2.84    2.84   18.28    4.06       4.18    4.18    0.00   -1.31      0.509   0.509   0.000
   7 1194.7   5/2-   1/2  32   -0.05    5.20    5.20    0.86   -0.11      10.34   10.34    0.00   -2.55      1.261   1.261   0.000
   8 1224.3   7/2-   1/2  32   -0.43    5.16    5.16    1.35    0.82      10.44   10.44    0.00   -1.84      1.273   1.273   0.000
   9 1343.4   1/2-   1/2  31    0.50    9.73    9.73    0.25    0.96       9.40    9.40    0.00   -4.35      1.146   1.146   0.000
  10 1348.2   7/2-  -7/2  29   -3.20    6.27    6.27   11.69    3.04       7.92    7.92    0.00   -3.06      0.966   0.966   0.000
  
  11 1487.4   7/2-  -3/2  33   -0.60    5.26    5.26    1.52    0.89      10.36   10.36    0.00   -1.87      1.264   1.264   0.000
  12 1641.2   5/2-   1/2  31    0.38   10.50   10.50    0.37    1.78       9.81    9.81    0.00   -3.64      1.196   1.196   0.000
  13 1699.8   9/2-  -7/2  35   -2.10    2.83    2.83   11.67    2.59       8.15    8.15    0.00   -1.10      0.993   0.993   0.000
  14 1761.3   5/2-   5/2  28    2.46    6.13    6.13    6.20    2.07       7.47    7.47   -0.00   -3.19      0.911   0.911  -0.000
  15 1800.2  11/2- -11/2  27   -5.41    2.75    2.75   30.13    5.05       5.49    5.49    0.00   -1.64      0.670   0.670   0.000
  
  16 1806.6   9/2-  -3/2  33   -0.90    5.22    5.22    2.55    1.59      10.98   10.98    0.00   -1.09      1.339   1.339   0.000
  17 1947.8  11/2-  -3/2  26    0.12   23.61   23.61    2.87    6.04       6.80    6.80    0.00   -3.79      0.829   0.829   0.000
  18 2069.8   7/2-   1/2  31    0.28   15.81   15.81    0.91    3.00      12.23   12.23    0.00   -4.17      1.491   1.491   0.000
  19 2244.1  11/2-   9/2  37    1.90    3.12    3.12   17.52    3.47       9.00    9.00    0.00   -0.71      1.097   1.097   0.000
  20 2576.4   9/2-  -7/2  29   -2.08    5.79    5.79   12.83    2.46      12.36   12.36    0.00   -2.45      1.507   1.507   0.000
  
  21 2671.7   9/2-   1/2  31    0.30   11.84   11.84    0.66    2.19      13.67   13.67    0.00   -2.57      1.667   1.667   0.000
  22 3010.0  11/2-  -7/2  35   -2.02    2.70    2.70   12.70    2.29      13.25   13.25    0.00   -0.86      1.616   1.616   0.000
  23 3371.3  13/2- -11/2  27   -4.93    2.78    2.78   29.33    4.26      12.04   12.04    0.00   -1.04      1.468   1.468   0.000
  24 3405.8  11/2-   1/2  32    0.04    5.10    5.10    0.79    0.69      19.22   19.22    0.00   -1.10      2.343   2.343   0.000
  25 3613.0  13/2-   9/2  37    0.98    3.30    3.30   17.61    3.12      14.70   14.70    0.00   -0.45      1.792   1.792   0.000
  
  26 3755.5  13/2-   5/2  30    0.22   23.00   23.00    5.29    4.81      16.41   16.41    0.00   -3.09      2.000   2.000   0.000
  27 3759.4   1/2-   1/2  25    0.50    7.34    7.34    0.25    0.64       7.28    7.28    0.00   -3.77      0.888   0.888   0.000
  28 3813.4   5/2-   5/2  30    1.18   22.98   22.98    4.79    4.30      17.03   17.03    0.00   -6.52      2.076   2.076   0.000
  29 4068.3  13/2-  -3/2  33   -0.44    5.67    5.67    1.61    1.61      19.58   19.58    0.00   -0.27      2.387   2.387   0.000
  30 4194.0   1/2-   1/2  36    0.50   15.61   15.61    0.25   -0.19      16.27   16.27    0.00   -5.54      1.984   1.984   0.000
  
  31 4560.5  13/2-  -7/2  35   -1.94    2.81    2.81   12.63    1.99      19.60   19.60    0.00   -0.69      2.389   2.389   0.000
  32 8351.8   1/2-   1/2  24    0.50   23.24   23.24    0.25   -3.55      26.81   26.81    0.00   -6.80      3.269   3.269   0.000
