1SPECTRUM OF (Z= 82 A=207) IN PARTICLE-ROTOR  MODEL WITH MODIFIED OSCILLATOR POTENTIAL


 PARITY=-   EPS= 0.486   GAMMA=  0.0   EPS4=0.000   EPS6=0.000   LEVELS:  24  25  26  27  28  29  30  31  32  33  34  35  36  37  38

 PAIRING FACTORS: GN0= 19.20  GN1=  7.40  IPAIR= 15 ***  E2PLUS(INPUT)=   0.730  E2PLUR(INPUT)=   0.000

 CORIOLIS ATTENUATION PARAMETERS:  CHSI=1.000  ETA=  1.00

 MOMENT OF INERTIA PARAMETERS:   A1=  0.122 MEV   A2=  0.122 MEV   A3=121.91924 MEV


 DELTA=0.849 MEV  LAMBDA=53.4367 MEV   HW0= 7.6398 MEV   LAMBDA/HW0= 6.9945

 E2ENERGY=0.730 MEV  HBAR**2/B=43795./A**(7/3)=7403.5/A**2 MEV

 IREC=0  =>  RECOIL TERMS j+j-, j+j+, jzjz, ETC TREATED AS ONE-BODY OPERATORS WITH UU+VV PAIRING FACTORS



 S. P. LEVEL   EQP       U     V        (UU + VV)**1.00

     24       4.828    0.088 0.996      1.000 1.000 0.999 0.992 0.988 0.974 0.965 0.952 0.604 0.533 0.343 0.303 0.256 0.253 0.225
     25       4.087    0.104 0.995      1.000 1.000 1.000 0.994 0.990 0.977 0.969 0.957 0.617 0.547 0.359 0.319 0.271 0.268 0.240
     26       3.503    0.122 0.993      0.999 1.000 1.000 0.996 0.992 0.981 0.973 0.962 0.631 0.562 0.375 0.336 0.288 0.285 0.258
     27       2.047    0.212 0.977      0.992 0.994 0.996 1.000 1.000 0.995 0.990 0.983 0.699 0.635 0.458 0.420 0.375 0.372 0.345
     28       1.803    0.243 0.970      0.988 0.990 0.992 1.000 1.000 0.997 0.994 0.988 0.721 0.659 0.486 0.448 0.404 0.401 0.374
     29       1.430    0.312 0.950      0.974 0.977 0.981 0.995 0.997 1.000 0.999 0.997 0.769 0.712 0.548 0.512 0.469 0.466 0.440
     30       1.307    0.346 0.938      0.965 0.969 0.973 0.990 0.994 0.999 1.000 0.999 0.792 0.736 0.578 0.542 0.500 0.497 0.472
     31       1.186    0.388 0.921      0.952 0.957 0.962 0.983 0.988 0.997 0.999 1.000 0.819 0.766 0.614 0.580 0.539 0.536 0.512
     32       0.943    0.847 0.531      0.604 0.617 0.631 0.699 0.721 0.769 0.792 0.819 1.000 0.996 0.956 0.943 0.925 0.924 0.912
     33       1.045    0.890 0.457      0.533 0.547 0.562 0.635 0.659 0.712 0.736 0.766 0.996 1.000 0.978 0.968 0.954 0.953 0.944
     34       1.696    0.966 0.259      0.343 0.359 0.375 0.458 0.486 0.548 0.578 0.614 0.956 0.978 1.000 0.999 0.996 0.995 0.992
     35       1.995    0.976 0.218      0.303 0.319 0.336 0.420 0.448 0.512 0.542 0.580 0.943 0.968 0.999 1.000 0.999 0.999 0.997
     36       2.542    0.986 0.169      0.256 0.271 0.288 0.375 0.404 0.469 0.500 0.539 0.925 0.954 0.996 0.999 1.000 1.000 0.999
     37       2.588    0.986 0.166      0.253 0.268 0.285 0.372 0.401 0.466 0.497 0.536 0.924 0.953 0.995 0.999 1.000 1.000 1.000
     38       3.111    0.990 0.138      0.225 0.240 0.258 0.345 0.374 0.440 0.472 0.512 0.912 0.944 0.992 0.997 0.999 1.000 1.000

  R CORE   ENERGY   A0R/A00=1.000    R3= 0     2  
   2( 1)    0.732                    1.000 0.000
   2( 2)  487.921                    0.000 1.000

  R CORE   ENERGY   A0R/A00=1.000    R3= 0     2  
   3( 1)  488.652                    0.000 1.000

  R CORE   ENERGY   A0R/A00=1.000    R3= 0     2     4  
   4( 1)    2.438                    1.000 0.000 0.000

  R CORE   ENERGY   A0R/A00=1.000    R3= 0     2     4  
   5( 1)  490.847                    0.000 1.000 0.000

  R CORE   ENERGY   A0R/A00=1.000    R3= 0     2     4     6  
   6( 1)    5.121                    1.000 0.000 0.000 0.000

  R CORE   ENERGY   A0R/A00=1.000    R3= 0     2     4     6  
   7( 1)  494.017                    0.000 1.000 0.000 0.000

          AXIAL SYMMETRY => K RESTRICTED TO OMEGA

                     K
     S.P. ORB#: 24  2.50
     S.P. ORB#: 25  0.50
     S.P. ORB#: 26 -1.50
     S.P. ORB#: 27 -5.50
     S.P. ORB#: 28  2.50
     S.P. ORB#: 29  2.50
     S.P. ORB#: 30 -3.50
     S.P. ORB#: 31  0.50
     S.P. ORB#: 32  0.50
     S.P. ORB#: 33 -1.50
     S.P. ORB#: 34 -3.50
     S.P. ORB#: 35  0.50
     S.P. ORB#: 36 -3.50
     S.P. ORB#: 37 -1.50
     S.P. ORB#: 38  4.50
 

             ENERGY    K= OMEGA
 
 I=  1/2- (1)  2.329  32: 0.999
 
 I=  1/2- (2)  4.403  31:-0.918
                      35: 0.397
 
 I=  1/2- (3)  5.894  25: 0.999
 
 I=  1/2- (4)  6.301  31:-0.397
                      35:-0.918
 
 I=  1/2- (5)147.348  33: 1.000

             ENERGY    K= OMEGA
 
 I=  3/2- (1)  2.374  32: 0.697
                      33:-0.717
 
 I=  3/2- (2)  2.598  25:-0.141
                      32:-0.708
                      33:-0.692

             ENERGY    K= OMEGA
 
 I=  5/2- (1)  2.814  25: 0.193
                      28:-0.097
                      32:-0.516
                      33:-0.827
 
 I=  5/2- (2)  3.515  25:-0.059
                      28:-0.462
                      32: 0.768
                      33:-0.436
 
 I=  5/2- (3)  3.639  28:-0.880
                      32:-0.347
                      33: 0.322
 
 I=  5/2- (4)  4.751  26: 0.126
                      29:-0.107
                      31:-0.822
                      35: 0.487
                      37: 0.246
 
 I=  5/2- (5)  6.395  26: 0.476
                      29:-0.839
                      35:-0.260

             ENERGY    K= OMEGA
 
 I=  7/2- (1)  2.978  24:-0.226
                      28: 0.081
                      30: 0.963
                      33: 0.092
                      36: 0.076
 
 I=  7/2- (2)  3.391  28: 0.344
                      30: 0.061
                      32: 0.079
                      33:-0.138
                      36:-0.923
 
 I=  7/2- (3)  3.577  30:-0.070
                      32:-0.761
                      33: 0.617
                      36:-0.177
 
 I=  7/2- (4)  3.943  24: 0.058
                      25:-0.252
                      28: 0.138
                      32:-0.613
                      33:-0.723
                      36: 0.112
 
 I=  7/2- (5)  4.628  24:-0.060
                      28:-0.923
                      30: 0.106
                      33:-0.181
                      36:-0.312

             ENERGY    K= OMEGA
 
 I=  9/2- (1)  3.430  24:-0.249
                      28: 0.114
                      30:-0.790
                      33:-0.085
                      36: 0.095
                      38: 0.532
 
 I=  9/2- (2)  4.217  24:-0.142
                      25: 0.185
                      28:-0.273
                      30:-0.228
                      32:-0.311
                      33:-0.502
                      36:-0.593
                      38:-0.345
 
 I=  9/2- (3)  4.405  25: 0.245
                      28: 0.100
                      30: 0.275
                      32:-0.450
                      33:-0.578
                      36: 0.530
                      38: 0.188
 
 I=  9/2- (4)  4.598  24: 0.126
                      28:-0.342
                      30: 0.363
                      36:-0.426
                      38: 0.744
 
 I=  9/2- (5)  5.484  26: 0.414
                      29:-0.553
                      31:-0.552
                      34: 0.303
                      35: 0.272
                      37: 0.228

             ENERGY    K= OMEGA
 
 I= 11/2- (1)  3.386  27:-0.999
 
 I= 11/2- (2)  4.297  24:-0.299
                      28: 0.127
                      30: 0.790
                      33: 0.086
                      36:-0.111
                      38: 0.500
 
 I= 11/2- (3)  5.459  24: 0.167
                      28: 0.366
                      30:-0.253
                      32: 0.164
                      33:-0.315
                      36:-0.746
                      38: 0.301
 
 I= 11/2- (4)  5.549  26:-0.453
                      29:-0.540
                      31:-0.574
                      34:-0.275
                      35:-0.222
                      37:-0.222
 
 I= 11/2- (5)  5.781  25: 0.096
                      28:-0.059
                      30: 0.122
                      32: 0.814
                      33:-0.470
                      36: 0.300

             ENERGY    K= OMEGA
 
 I= 13/2- (1)  4.967  27:-0.995
                      30:-0.060
                      38: 0.069
 
 I= 13/2- (2)  5.420  24:-0.340
                      27: 0.092
                      28: 0.130
                      30:-0.785
                      33:-0.113
                      36: 0.111
                      38: 0.465
 
 I= 13/2- (3)  6.564  26: 0.505
                      29:-0.664
                      31:-0.354
                      34: 0.366
                      35: 0.121
                      37: 0.172
 
 I= 13/2- (4)  6.654  24:-0.114
                      25: 0.337
                      28:-0.256
                      32:-0.462
                      33:-0.658
                      36:-0.345
                      38:-0.205
 
 I= 13/2- (5)  7.047  24: 0.123
                      25: 0.197
                      28: 0.321
                      30: 0.277
                      32:-0.304
                      33:-0.292
                      36: 0.746
                      38: 0.178

             ENERGY     K= 9/2
  32 LEVELS    TIME=  0.0 SEC



 ******************* EXCITATION ENERGIES, DOMINANT CONFIGURATION AND EXPECTATION VALUES (WITH S.P. UU+VV FACTORS) *******************

  NR  Eex(keV)  I   Kdom  NY    <Jz>  <Jx**2> <Jy**2> <Jz**2> <I.j>/|I|  <Rx**2> <Ry**2> <Rz**2> <R.j>/|R|  <HROTx> <HROTy> <HROTz>

   1    0.0   1/2-   1/2  32    0.50    5.26    5.26    0.25    0.12       5.66    5.66   -0.00   -3.17      0.690   0.690  -0.000
   2   44.7   3/2-  -3/2  33   -0.53    5.25    5.25    1.28    1.09       5.65    5.65    0.00   -2.87      0.689   0.689   0.000
   3  269.5   3/2-   1/2  32   -0.46    5.26    5.26    1.21    0.73       6.33    6.33    0.00   -2.90      0.772   0.772   0.000
   4  485.4   5/2-  -3/2  33   -0.84    5.39    5.39    1.69    1.28       6.84    6.84    0.00   -2.35      0.833   0.833   0.000
   5  649.0   7/2-  -7/2  30   -3.13    6.41    6.41   11.81    3.56       6.08    6.08    0.00   -3.02      0.741   0.741   0.000
  
   6 1057.1  11/2- -11/2  27   -5.49    2.75    2.75   30.23    5.06       5.49    5.49    0.00   -1.65      0.669   0.669   0.000
   7 1062.1   7/2-  -7/2  36   -2.73    2.85    2.85   11.27    3.11       4.01    4.01    0.00   -1.63      0.489   0.489   0.000
   8 1101.1   9/2-  -7/2  30   -0.77    5.40    5.40   13.98    3.84       5.65    5.65    0.00   -1.68      0.689   0.689   0.000
   9 1186.5   5/2-   1/2  32    0.55    5.45    5.45    1.93    0.39       9.63    9.63    0.00   -2.66      1.174   1.174   0.000
  10 1248.2   7/2-   1/2  32   -0.40    5.15    5.15    1.46    0.85      10.38   10.38    0.00   -1.84      1.266   1.266   0.000
  
  11 1310.4   5/2-   5/2  28    1.84    5.94    5.94    5.11    1.55       8.28    8.28    0.00   -3.05      1.009   1.009   0.000
  12 1613.9   7/2-  -3/2  33   -0.56    5.32    5.32    1.61    0.74      11.05   11.05    0.00   -1.98      1.348   1.348   0.000
  13 1888.4   9/2-  -7/2  36   -0.96    4.02    4.02    8.54    2.37       8.86    8.86    0.00   -1.13      1.080   1.080   0.000
  14 1967.7  11/2-  -7/2  30   -0.86    5.60    5.60   13.56    3.55       9.03    9.03    0.00   -0.83      1.101   1.101   0.000
  15 2073.6   1/2-   1/2  31    0.50   12.98   12.98    0.25    0.93      12.67   12.67   -0.00   -5.05      1.545   1.545  -0.000
  
  16 2075.6   9/2-  -3/2  33   -1.43    4.50    4.50    5.97    1.79      10.95   10.95    0.00   -1.29      1.335   1.335   0.000
  17 2269.5   9/2-   9/2  38    1.73    3.56    3.56   15.88    3.19       8.01    8.01    0.00   -1.78      0.977   0.977   0.000
  18 2298.7   7/2-   5/2  28    1.71    5.72    5.72    6.75    1.42      11.35   11.35    0.00   -2.64      1.384   1.384   0.000
  19 2422.5   5/2-   1/2  31    0.37   13.61   13.61    0.47    1.65      13.33   13.33    0.00   -4.42      1.625   1.625   0.000
  20 2638.0  13/2- -11/2  27   -5.44    2.77    2.77   30.12    4.33      11.96   11.96    0.00   -1.11      1.458   1.458   0.000
  
  21 3090.6  13/2-  -7/2  30   -0.96    5.78    5.78   13.18    3.33      13.48   13.48    0.00   -0.28      1.643   1.643   0.000
  22 3130.5  11/2-  -7/2  36   -1.50    3.43    3.43   10.68    2.28      13.00   13.00    0.00   -0.76      1.585   1.585   0.000
  23 3155.2   9/2-   5/2  29    0.30   19.01   19.01    3.64    3.67      14.96   14.96   -0.00   -4.28      1.824   1.824  -0.000
  24 3219.9  11/2-   1/2  31    0.27   19.81   19.81    3.42    4.07      15.04   15.04    0.00   -3.41      1.834   1.834   0.000
  25 3452.2  11/2-   1/2  32   -0.35    4.97    4.97    1.97    0.81      19.01   19.01    0.00   -1.15      2.317   2.317   0.000
  
  26 3565.5   1/2-   1/2  25    0.50    7.50    7.50    0.25    0.65       7.44    7.44   -0.00   -3.81      0.907   0.907  -0.000
  27 3972.0   1/2-   1/2  35    0.50   17.03   17.03    0.25   -0.75      18.18   18.18    0.00   -5.80      2.217   2.217   0.000
  28 4066.4   5/2-   5/2  29    1.45   22.22   22.22    4.93    3.64      18.28   18.28   -0.00   -6.38      2.228   2.228  -0.000
  29 4235.5  13/2-   5/2  29    0.28   21.40   21.40    5.07    4.24      18.69   18.69   -0.00   -2.99      2.279   2.279  -0.000
  30 4325.5  13/2-  -3/2  33   -0.52    5.16    5.16    3.87    1.62      20.19   20.19    0.00   -0.46      2.461   2.461   0.000
  
  31 4718.5  13/2-  -7/2  36   -1.84    3.67    3.67    9.36    1.84      19.85   19.85    0.00   -0.61      2.420   2.420   0.000
  32*******   1/2-  -3/2  33    0.00    0.00    0.00    0.00   -0.00       0.00    0.00   -0.00   -0.00      0.000   0.000  -0.000
