1SPECTRUM OF (Z= 82 A=207) IN PARTICLE-ROTOR  MODEL WITH MODIFIED OSCILLATOR POTENTIAL


 PARITY=-   EPS= 0.663   GAMMA=  0.0   EPS4=0.000   EPS6=0.000   LEVELS:  24  25  26  27  28  29  30  31  32  33  34  35  36  37  38

 PAIRING FACTORS: GN0= 19.20  GN1=  7.40  IPAIR= 15 ***  E2PLUS(INPUT)=   0.730  E2PLUR(INPUT)=   0.000

 CORIOLIS ATTENUATION PARAMETERS:  CHSI=1.000  ETA=  1.00

 MOMENT OF INERTIA PARAMETERS:   A1=  0.122 MEV   A2=  0.122 MEV   A3=121.91924 MEV


 DELTA=0.849 MEV  LAMBDA=53.8524 MEV   HW0= 7.8798 MEV   LAMBDA/HW0= 6.8342

 E2ENERGY=0.730 MEV  HBAR**2/B=81504./A**(7/3)=******/A**2 MEV

 IREC=0  =>  RECOIL TERMS j+j-, j+j+, jzjz, ETC TREATED AS ONE-BODY OPERATORS WITH UU+VV PAIRING FACTORS



 S. P. LEVEL   EQP       U     V        (UU + VV)**1.00

     24       4.754    0.090 0.996      1.000 1.000 1.000 0.999 0.999 0.940 0.711 0.574 0.465 0.411 0.305 0.255 0.244 0.203 0.174
     25       4.292    0.099 0.995      1.000 1.000 1.000 1.000 1.000 0.943 0.718 0.582 0.473 0.419 0.314 0.264 0.253 0.213 0.183
     26       3.617    0.118 0.993      1.000 1.000 1.000 1.000 1.000 0.949 0.731 0.598 0.490 0.436 0.332 0.282 0.271 0.231 0.202
     27       3.296    0.130 0.992      0.999 1.000 1.000 1.000 1.000 0.953 0.739 0.607 0.500 0.447 0.343 0.294 0.283 0.243 0.214
     28       3.279    0.131 0.991      0.999 1.000 1.000 1.000 1.000 0.953 0.739 0.608 0.501 0.448 0.344 0.294 0.283 0.243 0.214
     29       1.106    0.424 0.906      0.940 0.943 0.949 0.953 0.953 1.000 0.908 0.819 0.739 0.697 0.612 0.569 0.560 0.525 0.499
     30       0.861    0.764 0.645      0.711 0.718 0.731 0.739 0.739 0.908 1.000 0.984 0.953 0.933 0.887 0.861 0.855 0.833 0.816
     31       0.982    0.867 0.499      0.574 0.582 0.598 0.607 0.608 0.819 0.984 1.000 0.992 0.982 0.955 0.938 0.934 0.918 0.906
     32       1.199    0.924 0.383      0.465 0.473 0.490 0.500 0.501 0.739 0.953 0.992 1.000 0.998 0.985 0.975 0.972 0.961 0.953
     33       1.373    0.945 0.327      0.411 0.419 0.436 0.447 0.448 0.697 0.933 0.982 0.998 1.000 0.994 0.986 0.984 0.976 0.969
     34       1.990    0.976 0.219      0.305 0.314 0.332 0.343 0.344 0.612 0.887 0.955 0.985 0.994 1.000 0.999 0.998 0.994 0.991
     35       2.578    0.986 0.167      0.255 0.264 0.282 0.294 0.294 0.569 0.861 0.938 0.975 0.986 0.999 1.000 1.000 0.999 0.997
     36       2.763    0.988 0.156      0.244 0.253 0.271 0.283 0.283 0.560 0.855 0.934 0.972 0.984 0.998 1.000 1.000 0.999 0.997
     37       3.730    0.993 0.115      0.203 0.213 0.231 0.243 0.243 0.525 0.833 0.918 0.961 0.976 0.994 0.999 0.999 1.000 1.000
     38       5.021    0.996 0.085      0.174 0.183 0.202 0.214 0.214 0.499 0.816 0.906 0.953 0.969 0.991 0.997 0.997 1.000 1.000

  R CORE   ENERGY   A0R/A00=1.000    R3= 0     2  
   2( 1)    0.732                    1.000 0.000
   2( 2)  487.921                    0.000 1.000

  R CORE   ENERGY   A0R/A00=1.000    R3= 0     2  
   3( 1)  488.652                    0.000 1.000

  R CORE   ENERGY   A0R/A00=1.000    R3= 0     2     4  
   4( 1)    2.438                    1.000 0.000 0.000

  R CORE   ENERGY   A0R/A00=1.000    R3= 0     2     4  
   5( 1)  490.847                    0.000 1.000 0.000

  R CORE   ENERGY   A0R/A00=1.000    R3= 0     2     4     6  
   6( 1)    5.121                    1.000 0.000 0.000 0.000

  R CORE   ENERGY   A0R/A00=1.000    R3= 0     2     4     6  
   7( 1)  494.017                    0.000 1.000 0.000 0.000

          AXIAL SYMMETRY => K RESTRICTED TO OMEGA

                     K
     S.P. ORB#: 24  0.50
     S.P. ORB#: 25  2.50
     S.P. ORB#: 26  0.50
     S.P. ORB#: 27  4.50
     S.P. ORB#: 28  2.50
     S.P. ORB#: 29  0.50
     S.P. ORB#: 30 -1.50
     S.P. ORB#: 31  2.50
     S.P. ORB#: 32 -3.50
     S.P. ORB#: 33 -3.50
     S.P. ORB#: 34 -5.50
     S.P. ORB#: 35  0.50
     S.P. ORB#: 36 -1.50
     S.P. ORB#: 37 -1.50
     S.P. ORB#: 38  0.50
 

             ENERGY    K= OMEGA
 
 I=  1/2- (1)  4.083  26: 0.064
                      35: 0.998
 
 I=  1/2- (2)  5.014  24:-0.319
                      29:-0.945
                      38:-0.074
 
 I=  1/2- (3)  5.592  26: 0.998
                      35:-0.064
 
 I=  1/2- (4)  8.320  24: 0.814
                      29:-0.233
                      38:-0.532
 
 I=  1/2- (5)  9.405  24: 0.485
                      29:-0.230
                      38: 0.844

             ENERGY    K= OMEGA
 
 I=  3/2- (1)  4.152  35: 0.830
                      36: 0.557
 
 I=  3/2- (2)  4.386  26:-0.137
                      35: 0.548
                      36:-0.825

             ENERGY    K= OMEGA
 
 I=  5/2- (1)  2.826  31: 0.997
                      36: 0.074
 
 I=  5/2- (2)  4.556  24:-0.409
                      28: 0.051
                      29:-0.587
                      30: 0.655
                      37: 0.146
                      38:-0.187
 
 I=  5/2- (3)  4.741  26: 0.228
                      31: 0.067
                      35: 0.507
                      36:-0.827
 
 I=  5/2- (4)  5.309  26: 0.079
                      35: 0.841
                      36: 0.532
 
 I=  5/2- (5)  5.980  24: 0.178
                      28: 0.101
                      29: 0.653
                      30: 0.709
                      37:-0.163
                      38:-0.054

             ENERGY    K= OMEGA
 
 I=  7/2- (1)  3.262  25: 0.105
                      31:-0.353
                      33:-0.929
 
 I=  7/2- (2)  3.720  25:-0.063
                      31:-0.928
                      33: 0.348
                      36: 0.115
 
 I=  7/2- (3)  5.308  24:-0.369
                      28: 0.115
                      29: 0.555
                      30:-0.685
                      32: 0.075
                      37: 0.146
                      38:-0.218
 
 I=  7/2- (4)  5.377  26:-0.050
                      31: 0.073
                      35: 0.857
                      36: 0.507
 
 I=  7/2- (5)  5.846  25: 0.079
                      26:-0.258
                      31:-0.093
                      35: 0.485
                      36:-0.826

             ENERGY    K= OMEGA
 
 I=  9/2- (1)  4.231  25: 0.151
                      27:-0.065
                      31:-0.402
                      33: 0.900
 
 I=  9/2- (2)  4.834  25: 0.099
                      31: 0.900
                      33: 0.388
                      36: 0.160
 
 I=  9/2- (3)  5.112  24:-0.471
                      28: 0.083
                      29:-0.574
                      30: 0.598
                      37: 0.162
                      38:-0.238
 
 I=  9/2- (4)  5.710  27:-0.997
                      33:-0.076
 
 I=  9/2- (5)  6.455  25:-0.065
                      26: 0.355
                      31: 0.150
                      35: 0.520
                      36:-0.758

             ENERGY    K= OMEGA
 
 I= 11/2- (1)  3.277  27: 0.120
                      34: 0.993
 
 I= 11/2- (2)  5.439  25: 0.188
                      27:-0.083
                      31:-0.416
                      33:-0.885
 
 I= 11/2- (3)  6.177  25: 0.129
                      27:-0.066
                      31: 0.885
                      33:-0.391
                      36:-0.200
 
 I= 11/2- (4)  6.247  24:-0.430
                      28: 0.133
                      29: 0.607
                      30:-0.562
                      32: 0.087
                      37: 0.206
                      38:-0.252
 
 I= 11/2- (5)  7.114  27:-0.987
                      33: 0.098
                      34: 0.119

             ENERGY    K= OMEGA
 
 I= 13/2- (1)  4.798  27:-0.174
                      34: 0.985
 
 I= 13/2- (2)  6.567  24:-0.498
                      28: 0.097
                      29:-0.558
                      30: 0.574
                      32:-0.055
                      37: 0.166
                      38:-0.268
 
 I= 13/2- (3)  6.886  25:-0.220
                      27: 0.091
                      31: 0.418
                      33:-0.875
 
 I= 13/2- (4)  7.741  25:-0.155
                      26: 0.069
                      27: 0.074
                      31:-0.866
                      33:-0.380
                      35: 0.067
                      36:-0.257
 
 I= 13/2- (5)  8.767  25:-0.051
                      27:-0.976
                      33:-0.103
                      34:-0.170
                      36:-0.053

             ENERGY     K= 1/2
  32 LEVELS    TIME=  0.0 SEC



 ******************* EXCITATION ENERGIES, DOMINANT CONFIGURATION AND EXPECTATION VALUES (WITH S.P. UU+VV FACTORS) *******************

  NR  Eex(keV)  I   Kdom  NY    <Jz>  <Jx**2> <Jy**2> <Jz**2> <I.j>/|I|  <Rx**2> <Ry**2> <Rz**2> <R.j>/|R|  <HROTx> <HROTy> <HROTz>

   1    0.0   5/2-   5/2  31    2.48    6.35    6.35    6.23    2.14       7.52    7.52    0.00   -3.25      0.917   0.917   0.000
   2  435.9   7/2-  -7/2  33   -2.68    6.52    6.52   11.43    3.10       7.81    7.81    0.00   -3.08      0.952   0.952   0.000
   3  450.9  11/2- -11/2  34   -5.36    2.82    2.82   30.10    5.11       5.20    5.20    0.00   -1.61      0.634   0.634   0.000
   4  893.9   7/2-   5/2  31    1.72    6.36    6.36    6.92    1.72      10.88   10.88    0.00   -2.75      1.327   1.327   0.000
   5 1257.0   1/2-   1/2  35    0.50    5.67    5.67    0.25    0.01       6.16    6.16    0.00   -3.30      0.751   0.751   0.000
  
   6 1326.4   3/2-   1/2  35   -0.12    5.67    5.67    0.87    0.91       6.22    6.22    0.00   -2.96      0.758   0.758   0.000
   7 1404.8   9/2-  -7/2  33   -2.36    6.55    6.55   11.17    2.58      11.66   11.66    0.00   -2.37      1.422   1.422   0.000
   8 1560.4   3/2-  -3/2  36   -0.86    5.72    5.72    1.61    0.82       6.82    6.82    0.00   -3.11      0.832   0.832   0.000
   9 1730.2   5/2-  -3/2  30   -0.40   14.98   14.98    1.17    2.93      11.26   11.26    0.00   -4.73      1.373   1.373   0.000
  10 1915.2   5/2-  -3/2  36   -0.86    5.82    5.82    1.66    0.97       8.15    8.15    0.00   -2.58      0.993   0.993   0.000
  
  11 1972.5  13/2- -11/2  34   -5.20    2.90    2.90   29.94    4.42      11.35   11.35    0.00   -1.02      1.384   1.384   0.000
  12 2007.8   9/2-   5/2  31    1.50    6.36    6.36    7.07    1.42      15.20   15.20    0.00   -2.31      1.853   1.853   0.000
  13 2187.9   1/2-   1/2  29    0.50   15.10   15.10    0.25    1.37      14.41   14.41    0.00   -5.45      1.757   1.757   0.000
  14 2285.7   9/2-  -3/2  30   -0.26   14.78   14.78    1.08    3.11      12.22   12.22    0.00   -3.07      1.490   1.490   0.000
  15 2481.5   7/2-  -3/2  30   -0.48   18.17   18.17    1.38    3.07      14.56   14.56    0.00   -4.73      1.775   1.775   0.000
  
  16 2482.9   5/2-   1/2  35   -0.06    5.69    5.69    0.83   -0.16      10.95   10.95    0.00   -2.71      1.336   1.336   0.000
  17 2550.6   7/2-   1/2  35   -0.00    5.68    5.68    0.81    0.67      11.30   11.30    0.00   -2.00      1.378   1.378   0.000
  18 2613.2  11/2-  -7/2  33   -2.19    6.59    6.59   11.05    2.26      16.47   16.47    0.00   -1.87      2.007   2.007   0.000
  19 2765.7   1/2-   1/2  26    0.50    8.13    8.13    0.25    0.60       8.12    8.12    0.00   -3.97      0.989   0.989   0.000
  20 2884.3   9/2-   9/2  27    4.45    7.61    7.61   20.19    4.05       9.95    9.95    0.00   -3.43      1.213   1.213   0.000
  
  21 3020.3   7/2-  -3/2  36   -0.84    5.87    5.87    1.71    0.50      12.62   12.62    0.00   -2.28      1.539   1.539   0.000
  22 3154.0   5/2-  -3/2  30   -0.54   16.42   16.42    1.37    0.64      19.60   19.60    0.00   -5.16      2.389   2.389   0.000
  23 3350.6  11/2-   5/2  31    1.43    6.36    6.36    7.06    1.22      20.48   20.48    0.00   -1.95      2.497   2.497   0.000
  24 3421.3  11/2-   1/2  29   -0.21   18.58   18.58    1.16    3.35      17.00   17.00    0.00   -3.14      2.072   2.072   0.000
  25 3628.8   9/2-  -3/2  36   -0.60    6.02    6.02    1.58    0.83      15.05   15.05    0.00   -1.73      1.835   1.835   0.000
  
  26 3741.4  13/2-  -3/2  30   -0.21   14.73   14.73    1.06    3.17      17.49   17.49    0.00   -1.41      2.132   2.132   0.000
  27 4059.9  13/2-  -7/2  33   -2.09    6.63    6.63   10.97    2.04      22.23   22.23    0.00   -1.50      2.710   2.710   0.000
  28 4287.8  11/2-   9/2  27    4.28    7.54    7.54   20.28    3.30      15.81   15.81   -0.00   -2.78      1.927   1.927  -0.000
  29 4915.2  13/2-   5/2  31    1.36    6.36    6.36    6.88    1.09      26.54   26.54    0.00   -1.64      3.236   3.236   0.000
  30 5493.6   1/2-   1/2  24    0.50   14.40   14.40    0.25   -0.27      15.13   15.13   -0.00   -5.32      1.844   1.844  -0.000
  
  31 5941.1  13/2-   9/2  27    4.10    7.46    7.46   20.34    2.77      22.67   22.67    0.00   -2.37      2.765   2.765   0.000
  32 6579.1   1/2-   1/2  38    0.50   18.11   18.11    0.25   -0.56      19.09   19.09   -0.00   -5.98      2.327   2.327  -0.000
