1SPECTRUM OF (Z= 82 A=207) IN PARTICLE-ROTOR  MODEL WITH MODIFIED OSCILLATOR POTENTIAL


 PARITY=-   EPS= 0.511   GAMMA=  0.0   EPS4=0.000   EPS6=0.000   LEVELS:  24  25  26  27  28  29  30  31  32  33  34  35  36  37  38

 PAIRING FACTORS: GN0= 19.20  GN1=  7.40  IPAIR= 15 ***  E2PLUS(INPUT)=   0.730  E2PLUR(INPUT)=   0.000

 CORIOLIS ATTENUATION PARAMETERS:  CHSI=1.000  ETA=  1.00

 MOMENT OF INERTIA PARAMETERS:   A1=  0.122 MEV   A2=  0.122 MEV   A3=121.91926 MEV


 DELTA=0.845 MEV  LAMBDA=53.3907 MEV   HW0= 7.6671 MEV   LAMBDA/HW0= 6.9636

 E2ENERGY=0.730 MEV  HBAR**2/B=48417./A**(7/3)=8184.8/A**2 MEV

 IREC=0  =>  RECOIL TERMS j+j-, j+j+, jzjz, ETC TREATED AS ONE-BODY OPERATORS WITH UU+VV PAIRING FACTORS



 S. P. LEVEL   EQP       U     V        (UU + VV)**1.00

     24       4.690    0.090 0.996      1.000 1.000 1.000 0.982 0.980 0.980 0.978 0.933 0.491 0.439 0.347 0.339 0.270 0.228 0.206
     25       3.962    0.107 0.994      1.000 1.000 1.000 0.985 0.984 0.983 0.982 0.939 0.506 0.455 0.363 0.355 0.286 0.244 0.222
     26       3.877    0.110 0.994      1.000 1.000 1.000 0.986 0.984 0.984 0.982 0.940 0.508 0.457 0.365 0.357 0.289 0.247 0.225
     27       1.597    0.275 0.961      0.982 0.985 0.986 1.000 1.000 1.000 1.000 0.984 0.646 0.600 0.517 0.509 0.446 0.406 0.385
     28       1.549    0.285 0.959      0.980 0.984 0.984 1.000 1.000 1.000 1.000 0.986 0.653 0.607 0.525 0.518 0.454 0.415 0.394
     29       1.540    0.286 0.958      0.980 0.983 0.984 1.000 1.000 1.000 1.000 0.986 0.654 0.609 0.527 0.519 0.456 0.417 0.396
     30       1.503    0.294 0.956      0.978 0.982 0.982 1.000 1.000 1.000 1.000 0.987 0.661 0.615 0.534 0.526 0.463 0.424 0.404
     31       1.064    0.443 0.897      0.933 0.939 0.940 0.984 0.986 0.986 0.987 1.000 0.772 0.733 0.662 0.655 0.599 0.563 0.544
     32       1.129    0.912 0.410      0.491 0.506 0.508 0.646 0.653 0.654 0.661 0.772 1.000 0.998 0.987 0.986 0.971 0.960 0.954
     33       1.269    0.934 0.356      0.439 0.455 0.457 0.600 0.607 0.609 0.615 0.733 0.998 1.000 0.995 0.994 0.984 0.975 0.970
     34       1.677    0.965 0.261      0.347 0.363 0.365 0.517 0.525 0.527 0.534 0.662 0.987 0.995 1.000 1.000 0.997 0.992 0.989
     35       1.729    0.968 0.253      0.339 0.355 0.357 0.509 0.518 0.519 0.526 0.655 0.986 0.994 1.000 1.000 0.997 0.993 0.990
     36       2.361    0.983 0.182      0.270 0.286 0.289 0.446 0.454 0.456 0.463 0.599 0.971 0.984 0.997 0.997 1.000 0.999 0.998
     37       3.073    0.990 0.139      0.228 0.244 0.247 0.406 0.415 0.417 0.424 0.563 0.960 0.975 0.992 0.993 0.999 1.000 1.000
     38       3.650    0.993 0.117      0.206 0.222 0.225 0.385 0.394 0.396 0.404 0.544 0.954 0.970 0.989 0.990 0.998 1.000 1.000

  R CORE   ENERGY   A0R/A00=1.000    R3= 0     2  
   2( 1)    0.732                    1.000 0.000
   2( 2)  487.921                    0.000 1.000

  R CORE   ENERGY   A0R/A00=1.000    R3= 0     2  
   3( 1)  488.652                    0.000 1.000

  R CORE   ENERGY   A0R/A00=1.000    R3= 0     2     4  
   4( 1)    2.438                    1.000 0.000 0.000

  R CORE   ENERGY   A0R/A00=1.000    R3= 0     2     4  
   5( 1)  490.847                    0.000 1.000 0.000

  R CORE   ENERGY   A0R/A00=1.000    R3= 0     2     4     6  
   6( 1)    5.121                    1.000 0.000 0.000 0.000

  R CORE   ENERGY   A0R/A00=1.000    R3= 0     2     4     6  
   7( 1)  494.017                    0.000 1.000 0.000 0.000

          AXIAL SYMMETRY => K RESTRICTED TO OMEGA

                     K
     S.P. ORB#: 24  2.50
     S.P. ORB#: 25  0.50
     S.P. ORB#: 26 -1.50
     S.P. ORB#: 27  2.50
     S.P. ORB#: 28 -5.50
     S.P. ORB#: 29  0.50
     S.P. ORB#: 30  2.50
     S.P. ORB#: 31 -3.50
     S.P. ORB#: 32  0.50
     S.P. ORB#: 33 -1.50
     S.P. ORB#: 34 -3.50
     S.P. ORB#: 35  0.50
     S.P. ORB#: 36 -1.50
     S.P. ORB#: 37 -3.50
     S.P. ORB#: 38  4.50
 

             ENERGY    K= OMEGA
 
 I=  1/2- (1)  2.535  32: 0.999
 
 I=  1/2- (2)  4.696  29: 0.872
                      35:-0.489
 
 I=  1/2- (3)  5.797  25: 0.999
 
 I=  1/2- (4)  6.149  29: 0.489
                      35: 0.872
 
 I=  1/2- (5)147.572  33: 1.000

             ENERGY    K= OMEGA
 
 I=  3/2- (1)  2.596  32: 0.749
                      33:-0.662
 
 I=  3/2- (2)  2.836  25:-0.125
                      32:-0.655
                      33:-0.745

             ENERGY    K= OMEGA
 
 I=  5/2- (1)  3.073  24:-0.052
                      25: 0.170
                      30:-0.298
                      32:-0.489
                      33:-0.800
 
 I=  5/2- (2)  3.331  25:-0.063
                      30:-0.947
                      32: 0.250
                      33: 0.189
 
 I=  5/2- (3)  3.765  30:-0.111
                      32:-0.824
                      33: 0.553
 
 I=  5/2- (4)  5.055  26:-0.121
                      27: 0.111
                      29: 0.793
                      35:-0.529
                      36:-0.255
 
 I=  5/2- (5)  6.513  26:-0.461
                      27: 0.826
                      35: 0.322

             ENERGY    K= OMEGA
 
 I=  7/2- (1)  2.767  24:-0.213
                      30: 0.102
                      31: 0.970
 
 I=  7/2- (2)  3.686  24:-0.053
                      30:-0.610
                      32:-0.288
                      33: 0.365
                      37: 0.640
 
 I=  7/2- (3)  3.825  30: 0.227
                      32:-0.743
                      33: 0.487
                      37:-0.395
 
 I=  7/2- (4)  4.232  24: 0.061
                      25:-0.222
                      30: 0.138
                      32:-0.571
                      33:-0.719
                      37: 0.291
 
 I=  7/2- (5)  4.547  25:-0.070
                      30:-0.738
                      31: 0.098
                      32:-0.097
                      33:-0.283
                      37:-0.591

             ENERGY    K= OMEGA
 
 I=  9/2- (1)  3.328  24:-0.266
                      30: 0.122
                      31:-0.880
                      33:-0.053
                      38: 0.368
 
 I=  9/2- (2)  4.527  24:-0.106
                      25: 0.160
                      30:-0.529
                      31:-0.112
                      32:-0.282
                      33:-0.482
                      37:-0.568
                      38:-0.189
 
 I=  9/2- (3)  4.754  25: 0.240
                      30: 0.265
                      31: 0.160
                      32:-0.472
                      33:-0.605
                      37: 0.488
                      38: 0.138
 
 I=  9/2- (4)  4.976  24: 0.107
                      30:-0.361
                      31: 0.279
                      37:-0.075
                      38: 0.879
 
 I=  9/2- (5)  5.761  26:-0.432
                      27: 0.599
                      29: 0.493
                      34:-0.343
                      35:-0.225
                      36:-0.207

             ENERGY    K= OMEGA
 
 I= 11/2- (1)  2.888  28:-1.000
 
 I= 11/2- (2)  4.189  24:-0.308
                      30: 0.132
                      31: 0.848
                      33: 0.059
                      37:-0.065
                      38: 0.400
 
 I= 11/2- (3)  5.719  24:-0.127
                      30:-0.590
                      31: 0.146
                      32:-0.215
                      33: 0.339
                      37: 0.653
                      38:-0.162
 
 I= 11/2- (4)  5.890  26: 0.473
                      27: 0.581
                      29: 0.508
                      34: 0.304
                      35: 0.226
                      36: 0.193
 
 I= 11/2- (5)  6.022  25: 0.083
                      30:-0.174
                      31: 0.102
                      32: 0.805
                      33:-0.454
                      37: 0.311

             ENERGY    K= OMEGA
 
 I= 13/2- (1)  4.470  28: 0.998
 
 I= 13/2- (2)  5.306  24:-0.342
                      28: 0.050
                      30: 0.136
                      31:-0.829
                      33:-0.071
                      37: 0.076
                      38: 0.404
 
 I= 13/2- (3)  6.845  26:-0.510
                      27: 0.677
                      29: 0.330
                      34:-0.374
                      35:-0.090
                      36:-0.157
 
 I= 13/2- (4)  7.015  24: 0.124
                      25:-0.264
                      30: 0.461
                      31: 0.069
                      32: 0.373
                      33: 0.579
                      37: 0.453
                      38: 0.136
 
 I= 13/2- (5)  7.359  24: 0.060
                      25: 0.262
                      30: 0.419
                      31: 0.179
                      32:-0.411
                      33:-0.454
                      37: 0.585
                      38: 0.056

             ENERGY     K= 9/2
  32 LEVELS    TIME=  0.0 SEC



 ******************* EXCITATION ENERGIES, DOMINANT CONFIGURATION AND EXPECTATION VALUES (WITH S.P. UU+VV FACTORS) *******************

  NR  Eex(keV)  I   Kdom  NY    <Jz>  <Jx**2> <Jy**2> <Jz**2> <I.j>/|I|  <Rx**2> <Ry**2> <Rz**2> <R.j>/|R|  <HROTx> <HROTy> <HROTz>

   1    0.0   1/2-   1/2  32    0.50    5.32    5.32    0.25    0.09       5.75    5.75    0.00   -3.19      0.701   0.701   0.000
   2   60.6   3/2-   1/2  32   -0.38    5.32    5.32    1.13    1.03       5.76    5.76    0.00   -2.88      0.702   0.702   0.000
   3  231.8   7/2-  -7/2  31   -3.16    6.48    6.48   11.90    3.53       6.29    6.29    0.00   -3.06      0.766   0.766   0.000
   4  300.2   3/2-  -3/2  33   -0.61    5.34    5.34    1.36    0.72       6.50    6.50    0.00   -2.95      0.792   0.792   0.000
   5  352.5  11/2- -11/2  28   -5.49    2.75    2.75   30.24    5.06       5.49    5.49    0.00   -1.66      0.669   0.669   0.000
  
   6  537.9   5/2-  -3/2  33   -0.60    5.49    5.49    2.08    1.29       7.09    7.09    0.00   -2.45      0.865   0.865   0.000
   7  793.0   9/2-  -7/2  31   -1.90    6.05    6.05   12.79    3.63       6.76    6.76   -0.00   -1.86      0.824   0.824  -0.000
   8  795.4   5/2-   5/2  30    2.22    6.09    6.09    5.71    1.94       7.58    7.58   -0.00   -3.12      0.924   0.924  -0.000
   9 1150.2   7/2-  -7/2  37   -0.65    4.37    4.37    7.68    2.40       6.54    6.54   -0.00   -1.90      0.797   0.797  -0.000
  10 1230.1   5/2-   1/2  32   -0.09    5.35    5.35    0.94   -0.13      10.58   10.58    0.00   -2.61      1.290   1.290   0.000
  
  11 1289.5   7/2-   1/2  32   -0.50    4.88    4.88    2.93    1.17       9.57    9.57    0.00   -1.84      1.166   1.166   0.000
  12 1653.6  11/2-  -7/2  31   -1.54    6.02    6.02   12.83    3.46       9.64    9.64    0.00   -0.96      1.175   1.175   0.000
  13 1696.7   7/2-  -3/2  33   -0.83    5.16    5.16    2.44    0.80      11.10   11.10    0.00   -2.04      1.353   1.353   0.000
  14 1934.6  13/2- -11/2  28   -5.48    2.75    2.75   30.21    4.34      11.96   11.96    0.00   -1.11      1.459   1.459   0.000
  15 1991.9   9/2-  -7/2  37   -0.58    4.50    4.50    7.20    2.11       9.98    9.98    0.00   -1.28      1.216   1.216   0.000
  
  16 2011.6   7/2-   5/2  30   -0.00    4.76    4.76    8.00    1.60      10.27   10.27    0.00   -2.46      1.253   1.253   0.000
  17 2160.6   1/2-   1/2  29    0.50   13.21   13.21    0.25    1.10      12.76   12.76    0.00   -5.09      1.556   1.556   0.000
  18 2218.8   9/2-  -3/2  33   -1.07    4.74    4.74    4.95    1.57      11.79   11.79    0.00   -1.37      1.437   1.437   0.000
  19 2441.0   9/2-   9/2  38    3.54    3.30    3.30   17.55    3.43       7.40    7.40    0.00   -1.85      0.902   0.902   0.000
  20 2519.8   5/2-   1/2  29    0.37   13.87   13.87    0.48    1.57      13.84   13.84    0.00   -4.48      1.687   1.687   0.000
  
  21 2770.2  13/2-  -7/2  31   -1.37    6.05    6.05   12.73    3.29      13.83   13.83   -0.00   -0.36      1.686   1.686  -0.000
  22 3184.0  11/2-  -7/2  37   -0.69    4.18    4.18    8.57    2.01      14.32   14.32    0.00   -0.92      1.745   1.745   0.000
  23 3225.8   9/2-   5/2  27    0.29   19.73   19.73    4.28    3.83      15.19   15.19   -0.00   -4.48      1.852   1.852  -0.000
  24 3261.7   1/2-   1/2  25    0.50    7.62    7.62    0.25    0.66       7.54    7.54    0.00   -3.84      0.920   0.920   0.000
  25 3354.4  11/2-   5/2  27    0.28   20.22   20.22    3.91    4.12      15.40   15.40    0.00   -3.55      1.877   1.877   0.000
  
  26 3487.0  11/2-   1/2  32   -0.28    5.03    5.03    2.14    0.83      19.05   19.05    0.00   -1.18      2.322   2.322   0.000
  27 3614.0   1/2-   1/2  35    0.50   17.00   17.00    0.25   -0.94      18.32   18.32   -0.00   -5.79      2.233   2.233  -0.000
  28 3977.7   5/2-   5/2  27    1.44   21.83   21.83    4.77    3.54      18.12   18.12    0.00   -6.31      2.209   2.209   0.000
  29 4309.5  13/2-   5/2  27    0.29   21.40   21.40    5.25    4.21      18.99   18.99    0.00   -3.02      2.315   2.315   0.000
  30 4479.4  13/2-  -3/2  33   -0.48    4.99    4.99    5.17    1.60      20.76   20.76    0.00   -0.61      2.531   2.531   0.000
  
  31 4823.6  13/2-  -7/2  37   -1.04    4.56    4.56    6.29    1.51      21.56   21.56    0.00   -0.74      2.629   2.629   0.000
  32*******   1/2-  -3/2  33    0.00    0.00    0.00    0.00   -0.00       0.00    0.00    0.00   -0.00      0.000   0.000   0.000
