1SPECTRUM OF (Z= 82 A=207) IN PARTICLE-ROTOR  MODEL WITH MODIFIED OSCILLATOR POTENTIAL


 PARITY=-   EPS= 0.662   GAMMA=  0.0   EPS4=0.000   EPS6=0.000   LEVELS:  24  25  26  27  28  29  30  31  32  33  34  35  36  37  38

 PAIRING FACTORS: GN0= 19.20  GN1=  7.40  IPAIR= 15 ***  E2PLUS(INPUT)=   0.730  E2PLUR(INPUT)=   0.000

 CORIOLIS ATTENUATION PARAMETERS:  CHSI=1.000  ETA=  1.00

 MOMENT OF INERTIA PARAMETERS:   A1=  0.122 MEV   A2=  0.122 MEV   A3=121.91924 MEV


 DELTA=0.850 MEV  LAMBDA=53.8519 MEV   HW0= 7.8781 MEV   LAMBDA/HW0= 6.8356

 E2ENERGY=0.730 MEV  HBAR**2/B=81259./A**(7/3)=******/A**2 MEV

 IREC=0  =>  RECOIL TERMS j+j-, j+j+, jzjz, ETC TREATED AS ONE-BODY OPERATORS WITH UU+VV PAIRING FACTORS



 S. P. LEVEL   EQP       U     V        (UU + VV)**1.00

     24       4.736    0.090 0.996      1.000 1.000 1.000 0.999 0.999 0.939 0.707 0.581 0.465 0.415 0.309 0.256 0.245 0.204 0.174
     25       4.300    0.099 0.995      1.000 1.000 1.000 1.000 0.999 0.942 0.714 0.589 0.474 0.423 0.317 0.265 0.254 0.213 0.184
     26       3.624    0.118 0.993      1.000 1.000 1.000 1.000 1.000 0.948 0.727 0.604 0.490 0.440 0.335 0.284 0.272 0.231 0.202
     27       3.313    0.129 0.992      0.999 1.000 1.000 1.000 1.000 0.952 0.735 0.613 0.500 0.450 0.346 0.294 0.283 0.242 0.213
     28       3.271    0.131 0.991      0.999 0.999 1.000 1.000 1.000 0.952 0.736 0.614 0.501 0.452 0.347 0.296 0.285 0.244 0.215
     29       1.100    0.427 0.904      0.939 0.942 0.948 0.952 0.952 1.000 0.907 0.826 0.742 0.703 0.617 0.573 0.564 0.528 0.503
     30       0.864    0.768 0.641      0.707 0.714 0.727 0.735 0.736 0.907 1.000 0.986 0.955 0.937 0.891 0.865 0.859 0.836 0.819
     31       0.975    0.863 0.505      0.581 0.589 0.604 0.613 0.614 0.826 0.986 1.000 0.991 0.982 0.953 0.936 0.931 0.915 0.903
     32       1.200    0.923 0.384      0.465 0.474 0.490 0.500 0.501 0.742 0.955 0.991 1.000 0.998 0.986 0.975 0.972 0.961 0.953
     33       1.362    0.944 0.331      0.415 0.423 0.440 0.450 0.452 0.703 0.937 0.982 0.998 1.000 0.994 0.986 0.984 0.975 0.968
     34       1.968    0.975 0.222      0.309 0.317 0.335 0.346 0.347 0.617 0.891 0.953 0.986 0.994 1.000 0.999 0.998 0.994 0.990
     35       2.563    0.986 0.168      0.256 0.265 0.284 0.294 0.296 0.573 0.865 0.936 0.975 0.986 0.999 1.000 1.000 0.999 0.996
     36       2.748    0.988 0.157      0.245 0.254 0.272 0.283 0.285 0.564 0.859 0.931 0.972 0.984 0.998 1.000 1.000 0.999 0.997
     37       3.731    0.993 0.115      0.204 0.213 0.231 0.242 0.244 0.528 0.836 0.915 0.961 0.975 0.994 0.999 0.999 1.000 1.000
     38       5.023    0.996 0.085      0.174 0.184 0.202 0.213 0.215 0.503 0.819 0.903 0.953 0.968 0.990 0.996 0.997 1.000 1.000

  R CORE   ENERGY   A0R/A00=1.000    R3= 0     2  
   2( 1)    0.732                    1.000 0.000
   2( 2)  487.921                    0.000 1.000

  R CORE   ENERGY   A0R/A00=1.000    R3= 0     2  
   3( 1)  488.652                    0.000 1.000

  R CORE   ENERGY   A0R/A00=1.000    R3= 0     2     4  
   4( 1)    2.438                    1.000 0.000 0.000

  R CORE   ENERGY   A0R/A00=1.000    R3= 0     2     4  
   5( 1)  490.847                    0.000 1.000 0.000

  R CORE   ENERGY   A0R/A00=1.000    R3= 0     2     4     6  
   6( 1)    5.121                    1.000 0.000 0.000 0.000

  R CORE   ENERGY   A0R/A00=1.000    R3= 0     2     4     6  
   7( 1)  494.017                    0.000 1.000 0.000 0.000

          AXIAL SYMMETRY => K RESTRICTED TO OMEGA

                     K
     S.P. ORB#: 24  0.50
     S.P. ORB#: 25  2.50
     S.P. ORB#: 26  0.50
     S.P. ORB#: 27  4.50
     S.P. ORB#: 28  2.50
     S.P. ORB#: 29  0.50
     S.P. ORB#: 30 -1.50
     S.P. ORB#: 31  2.50
     S.P. ORB#: 32 -3.50
     S.P. ORB#: 33 -3.50
     S.P. ORB#: 34 -5.50
     S.P. ORB#: 35  0.50
     S.P. ORB#: 36 -1.50
     S.P. ORB#: 37 -1.50
     S.P. ORB#: 38  0.50
 

             ENERGY    K= OMEGA
 
 I=  1/2- (1)  4.068  26: 0.063
                      35: 0.998
 
 I=  1/2- (2)  5.007  24:-0.320
                      29:-0.945
                      38:-0.074
 
 I=  1/2- (3)  5.598  26:-0.998
                      35: 0.063
 
 I=  1/2- (4)  8.305  24: 0.817
                      29:-0.235
                      38:-0.526
 
 I=  1/2- (5)  9.403  24: 0.479
                      29:-0.229
                      38: 0.847

             ENERGY    K= OMEGA
 
 I=  3/2- (1)  4.137  35:-0.830
                      36:-0.557
 
 I=  3/2- (2)  4.372  26: 0.136
                      35:-0.549
                      36: 0.825

             ENERGY    K= OMEGA
 
 I=  5/2- (1)  2.819  31:-0.997
                      36:-0.074
 
 I=  5/2- (2)  4.553  24:-0.410
                      28: 0.051
                      29:-0.590
                      30: 0.652
                      37: 0.147
                      38:-0.187
 
 I=  5/2- (3)  4.726  26:-0.226
                      31:-0.067
                      35:-0.507
                      36: 0.828
 
 I=  5/2- (4)  5.294  26:-0.078
                      35:-0.842
                      36:-0.532
 
 I=  5/2- (5)  5.976  24:-0.176
                      28:-0.101
                      29:-0.650
                      30:-0.712
                      37: 0.163
                      38: 0.055

             ENERGY    K= OMEGA
 
 I=  7/2- (1)  3.250  25: 0.106
                      31:-0.349
                      33:-0.931
 
 I=  7/2- (2)  3.712  25:-0.063
                      31:-0.929
                      33: 0.344
                      36: 0.115
 
 I=  7/2- (3)  5.305  24:-0.368
                      28: 0.114
                      29: 0.560
                      30:-0.680
                      32: 0.074
                      37: 0.149
                      38:-0.219
 
 I=  7/2- (4)  5.361  31:-0.073
                      35:-0.856
                      36:-0.507
 
 I=  7/2- (5)  5.832  25: 0.078
                      26:-0.257
                      31:-0.093
                      35: 0.486
                      36:-0.826

             ENERGY    K= OMEGA
 
 I=  9/2- (1)  4.218  25: 0.152
                      27:-0.064
                      31:-0.398
                      33: 0.902
 
 I=  9/2- (2)  4.825  25:-0.099
                      31:-0.902
                      33:-0.384
                      36:-0.160
 
 I=  9/2- (3)  5.108  24:-0.470
                      28: 0.082
                      29:-0.576
                      30: 0.595
                      37: 0.163
                      38:-0.239
 
 I=  9/2- (4)  5.727  27: 0.997
                      33: 0.075
 
 I=  9/2- (5)  6.440  25:-0.065
                      26: 0.353
                      31: 0.150
                      35: 0.520
                      36:-0.759

             ENERGY    K= OMEGA
 
 I= 11/2- (1)  3.254  27: 0.120
                      34: 0.993
 
 I= 11/2- (2)  5.426  25: 0.189
                      27:-0.082
                      31:-0.412
                      33:-0.887
 
 I= 11/2- (3)  6.168  25:-0.129
                      27: 0.064
                      31:-0.887
                      33: 0.387
                      36: 0.201
 
 I= 11/2- (4)  6.242  24:-0.429
                      28: 0.132
                      29: 0.610
                      30:-0.558
                      32: 0.087
                      37: 0.208
                      38:-0.253
 
 I= 11/2- (5)  7.130  27:-0.987
                      33: 0.096
                      34: 0.118

             ENERGY    K= OMEGA
 
 I= 13/2- (1)  4.775  27: 0.173
                      34:-0.985
 
 I= 13/2- (2)  6.563  24:-0.497
                      28: 0.096
                      29:-0.560
                      30: 0.571
                      32:-0.055
                      37: 0.167
                      38:-0.269
 
 I= 13/2- (3)  6.871  25: 0.222
                      27:-0.090
                      31:-0.415
                      33: 0.877
 
 I= 13/2- (4)  7.732  25:-0.155
                      26: 0.070
                      27: 0.072
                      31:-0.868
                      33:-0.376
                      35: 0.067
                      36:-0.258
 
 I= 13/2- (5)  8.784  25: 0.051
                      27: 0.976
                      33: 0.101
                      34: 0.170
                      36: 0.057

             ENERGY     K= 1/2
  32 LEVELS    TIME=  0.0 SEC



 ******************* EXCITATION ENERGIES, DOMINANT CONFIGURATION AND EXPECTATION VALUES (WITH S.P. UU+VV FACTORS) *******************

  NR  Eex(keV)  I   Kdom  NY    <Jz>  <Jx**2> <Jy**2> <Jz**2> <I.j>/|I|  <Rx**2> <Ry**2> <Rz**2> <R.j>/|R|  <HROTx> <HROTy> <HROTz>

   1    0.0   5/2-   5/2  31    2.48    6.35    6.35    6.23    2.14       7.52    7.52    0.00   -3.25      0.917   0.917   0.000
   2  430.8   7/2-  -7/2  33   -2.70    6.52    6.52   11.45    3.10       7.80    7.80   -0.00   -3.08      0.951   0.951  -0.000
   3  434.9  11/2- -11/2  34   -5.36    2.82    2.82   30.11    5.11       5.19    5.19    0.00   -1.61      0.633   0.633   0.000
   4  893.1   7/2-   5/2  31    1.73    6.35    6.35    6.91    1.71      10.88   10.88    0.00   -2.75      1.327   1.327   0.000
   5 1249.0   1/2-   1/2  35    0.50    5.67    5.67    0.25    0.01       6.15    6.15    0.00   -3.30      0.750   0.750   0.000
  
   6 1318.5   3/2-   1/2  35   -0.12    5.67    5.67    0.87    0.91       6.22    6.22    0.00   -2.96      0.758   0.758   0.000
   7 1399.3   9/2-  -7/2  33   -2.38    6.55    6.55   11.18    2.59      11.65   11.65   -0.00   -2.37      1.420   1.420  -0.000
   8 1552.8   3/2-  -3/2  36   -0.86    5.72    5.72    1.61    0.82       6.82    6.82    0.00   -3.11      0.832   0.832   0.000
   9 1734.3   5/2-  -3/2  30   -0.39   14.98   14.98    1.16    2.94      11.25   11.25    0.00   -4.73      1.371   1.371   0.000
  10 1907.6   5/2-  -3/2  36   -0.86    5.81    5.81    1.66    0.97       8.14    8.14    0.00   -2.58      0.993   0.993   0.000
  
  11 1956.3  13/2- -11/2  34   -5.20    2.90    2.90   29.95    4.43      11.35   11.35    0.00   -1.02      1.383   1.383   0.000
  12 2006.7   9/2-   5/2  31    1.51    6.36    6.36    7.05    1.42      15.20   15.20    0.00   -2.30      1.854   1.854   0.000
  13 2187.9   1/2-   1/2  29    0.50   15.10   15.10    0.25    1.38      14.41   14.41   -0.00   -5.45      1.756   1.756  -0.000
  14 2289.1   9/2-  -3/2  30   -0.26   14.77   14.77    1.08    3.11      12.21   12.21    0.00   -3.07      1.489   1.489   0.000
  15 2475.2   5/2-   1/2  35   -0.06    5.69    5.69    0.83   -0.16      10.95   10.95    0.00   -2.71      1.335   1.335   0.000
  
  16 2486.4   7/2-  -3/2  30   -0.46   18.19   18.19    1.36    3.07      14.54   14.54    0.00   -4.73      1.773   1.773   0.000
  17 2542.6   7/2-   1/2  35   -0.00    5.68    5.68    0.81    0.67      11.30   11.30    0.00   -2.00      1.377   1.377   0.000
  18 2606.9  11/2-  -7/2  33   -2.21    6.59    6.59   11.06    2.27      16.44   16.44   -0.00   -1.86      2.005   2.005  -0.000
  19 2779.0   1/2-   1/2  26    0.50    8.13    8.13    0.25    0.60       8.11    8.11    0.00   -3.97      0.989   0.989   0.000
  20 2908.1   9/2-   9/2  27    4.45    7.61    7.61   20.19    4.05       9.95    9.95    0.00   -3.43      1.213   1.213   0.000
  
  21 3013.1   7/2-  -3/2  36   -0.84    5.87    5.87    1.71    0.50      12.62   12.62    0.00   -2.28      1.538   1.538   0.000
  22 3156.8   5/2-  -3/2  30   -0.55   16.43   16.43    1.38    0.64      19.60   19.60    0.00   -5.17      2.389   2.389   0.000
  23 3349.2  11/2-   5/2  31    1.44    6.35    6.35    7.03    1.22      20.48   20.48   -0.00   -1.95      2.497   2.497  -0.000
  24 3423.5  11/2-   1/2  29   -0.21   18.59   18.59    1.15    3.35      16.99   16.99    0.00   -3.14      2.071   2.071   0.000
  25 3621.5   9/2-  -3/2  36   -0.61    6.01    6.01    1.59    0.83      15.05   15.05    0.00   -1.73      1.835   1.835   0.000
  
  26 3744.5  13/2-  -3/2  30   -0.20   14.72   14.72    1.05    3.17      17.48   17.48    0.00   -1.41      2.131   2.131   0.000
  27 4052.7  13/2-  -7/2  33   -2.11    6.63    6.63   10.99    2.05      22.20   22.20   -0.00   -1.49      2.707   2.707  -0.000
  28 4311.5  11/2-   9/2  27    4.28    7.54    7.54   20.28    3.30      15.81   15.81    0.00   -2.78      1.927   1.927   0.000
  29 4913.5  13/2-   5/2  31    1.37    6.35    6.35    6.86    1.09      26.55   26.55    0.00   -1.64      3.236   3.236   0.000
  30 5486.4   1/2-   1/2  24    0.50   14.40   14.40    0.25   -0.28      15.14   15.14   -0.00   -5.32      1.846   1.846  -0.000
  
  31 5965.0  13/2-   9/2  27    4.10    7.46    7.46   20.33    2.77      22.68   22.68    0.00   -2.37      2.765   2.765   0.000
  32 6584.0   1/2-   1/2  38    0.50   18.10   18.10    0.25   -0.55      19.08   19.08   -0.00   -5.98      2.326   2.326  -0.000
