1SPECTRUM OF (Z= 82 A=207) IN PARTICLE-ROTOR  MODEL WITH MODIFIED OSCILLATOR POTENTIAL


 PARITY=-   EPS= 0.643   GAMMA=  0.0   EPS4=0.000   EPS6=0.000   LEVELS:  24  25  26  27  28  29  30  31  32  33  34  35  36  37  38

 PAIRING FACTORS: GN0= 19.20  GN1=  7.40  IPAIR= 15 ***  E2PLUS(INPUT)=   0.730  E2PLUR(INPUT)=   0.000

 CORIOLIS ATTENUATION PARAMETERS:  CHSI=1.000  ETA=  1.00

 MOMENT OF INERTIA PARAMETERS:   A1=  0.122 MEV   A2=  0.122 MEV   A3=121.91923 MEV


 DELTA=0.869 MEV  LAMBDA=53.8227 MEV   HW0= 7.8466 MEV   LAMBDA/HW0= 6.8594

 E2ENERGY=0.730 MEV  HBAR**2/B=76661./A**(7/3)=******/A**2 MEV

 IREC=0  =>  RECOIL TERMS j+j-, j+j+, jzjz, ETC TREATED AS ONE-BODY OPERATORS WITH UU+VV PAIRING FACTORS



 S. P. LEVEL   EQP       U     V        (UU + VV)**1.00

     24       4.411    0.099 0.995      1.000 1.000 1.000 1.000 0.999 0.907 0.699 0.633 0.495 0.473 0.381 0.288 0.274 0.213 0.184
     25       4.366    0.100 0.995      1.000 1.000 1.000 1.000 0.999 0.908 0.700 0.634 0.496 0.474 0.382 0.289 0.275 0.214 0.185
     26       3.731    0.117 0.993      1.000 1.000 1.000 1.000 1.000 0.915 0.712 0.647 0.511 0.489 0.398 0.305 0.291 0.231 0.202
     27       3.601    0.122 0.993      1.000 1.000 1.000 1.000 1.000 0.917 0.715 0.650 0.515 0.493 0.402 0.309 0.295 0.235 0.206
     28       3.104    0.141 0.990      0.999 0.999 1.000 1.000 1.000 0.924 0.729 0.666 0.532 0.510 0.420 0.328 0.314 0.255 0.226
     29       0.992    0.508 0.861      0.907 0.908 0.915 0.917 0.924 1.000 0.935 0.900 0.815 0.800 0.735 0.664 0.653 0.604 0.580
     30       0.890    0.780 0.625      0.699 0.700 0.712 0.715 0.729 0.935 1.000 0.996 0.967 0.961 0.927 0.886 0.879 0.847 0.831
     31       0.943    0.833 0.553      0.633 0.634 0.647 0.650 0.666 0.900 0.996 1.000 0.986 0.981 0.957 0.924 0.918 0.891 0.877
     32       1.169    0.914 0.407      0.495 0.496 0.511 0.515 0.532 0.815 0.967 0.986 1.000 1.000 0.992 0.975 0.971 0.954 0.945
     33       1.226    0.924 0.384      0.473 0.474 0.489 0.493 0.510 0.800 0.961 0.981 1.000 1.000 0.995 0.980 0.977 0.962 0.953
     34       1.577    0.958 0.288      0.381 0.382 0.398 0.402 0.420 0.735 0.927 0.957 0.992 0.995 1.000 0.995 0.994 0.985 0.979
     35       2.310    0.981 0.192      0.288 0.289 0.305 0.309 0.328 0.664 0.886 0.924 0.975 0.980 0.995 1.000 1.000 0.997 0.994
     36       2.492    0.984 0.177      0.274 0.275 0.291 0.295 0.314 0.653 0.879 0.918 0.971 0.977 0.994 1.000 1.000 0.998 0.996
     37       3.788    0.993 0.115      0.213 0.214 0.231 0.235 0.255 0.604 0.847 0.891 0.954 0.962 0.985 0.997 0.998 1.000 1.000
     38       5.077    0.996 0.086      0.184 0.185 0.202 0.206 0.226 0.580 0.831 0.877 0.945 0.953 0.979 0.994 0.996 1.000 1.000

  R CORE   ENERGY   A0R/A00=1.000    R3= 0     2  
   2( 1)    0.732                    1.000 0.000
   2( 2)  487.921                    0.000 1.000

  R CORE   ENERGY   A0R/A00=1.000    R3= 0     2  
   3( 1)  488.652                    0.000 1.000

  R CORE   ENERGY   A0R/A00=1.000    R3= 0     2     4  
   4( 1)    2.438                    1.000 0.000 0.000

  R CORE   ENERGY   A0R/A00=1.000    R3= 0     2     4  
   5( 1)  490.847                    0.000 1.000 0.000

  R CORE   ENERGY   A0R/A00=1.000    R3= 0     2     4     6  
   6( 1)    5.121                    1.000 0.000 0.000 0.000

  R CORE   ENERGY   A0R/A00=1.000    R3= 0     2     4     6  
   7( 1)  494.017                    0.000 1.000 0.000 0.000

          AXIAL SYMMETRY => K RESTRICTED TO OMEGA

                     K
     S.P. ORB#: 24  2.50
     S.P. ORB#: 25  0.50
     S.P. ORB#: 26  0.50
     S.P. ORB#: 27  4.50
     S.P. ORB#: 28  2.50
     S.P. ORB#: 29  0.50
     S.P. ORB#: 30  2.50
     S.P. ORB#: 31 -1.50
     S.P. ORB#: 32 -3.50
     S.P. ORB#: 33 -3.50
     S.P. ORB#: 34 -5.50
     S.P. ORB#: 35  0.50
     S.P. ORB#: 36 -1.50
     S.P. ORB#: 37 -1.50
     S.P. ORB#: 38  0.50
 

             ENERGY    K= OMEGA
 
 I=  1/2- (1)  3.804  26:-0.054
                      35:-0.999
 
 I=  1/2- (2)  4.869  25: 0.331
                      29:-0.940
                      38:-0.080
 
 I=  1/2- (3)  5.689  26: 0.999
                      35:-0.054
 
 I=  1/2- (4)  7.996  25: 0.866
                      29: 0.268
                      38: 0.423
 
 I=  1/2- (5)  9.391  25:-0.376
                      29:-0.209
                      38: 0.903

             ENERGY    K= OMEGA
 
 I=  3/2- (1)  3.874  35:-0.822
                      36:-0.568
 
 I=  3/2- (2)  4.112  26: 0.123
                      35:-0.562
                      36: 0.818

             ENERGY    K= OMEGA
 
 I=  5/2- (1)  2.730  30: 0.997
                      36: 0.075
 
 I=  5/2- (2)  4.463  26: 0.201
                      30: 0.069
                      35: 0.512
                      36:-0.831
 
 I=  5/2- (3)  4.492  25: 0.419
                      29:-0.650
                      31: 0.574
                      37: 0.174
                      38:-0.200
 
 I=  5/2- (4)  5.032  26:-0.064
                      35:-0.844
                      36:-0.531
 
 I=  5/2- (5)  5.914  25: 0.143
                      28:-0.103
                      29:-0.580
                      31:-0.776
                      37: 0.157
                      38: 0.078

             ENERGY    K= OMEGA
 
 I=  7/2- (1)  3.049  24:-0.120
                      30: 0.278
                      32: 0.953
 
 I=  7/2- (2)  3.610  24: 0.061
                      30: 0.953
                      32:-0.272
                      36:-0.120
 
 I=  7/2- (3)  5.097  30: 0.078
                      35: 0.850
                      36: 0.517
 
 I=  7/2- (4)  5.245  25:-0.360
                      28:-0.093
                      29:-0.673
                      31: 0.557
                      33:-0.058
                      37:-0.208
                      38: 0.226
 
 I=  7/2- (5)  5.578  24:-0.068
                      26: 0.235
                      30: 0.094
                      35:-0.500
                      36: 0.825

             ENERGY    K= OMEGA
 
 I=  9/2- (1)  4.005  24:-0.172
                      27: 0.056
                      30: 0.326
                      32:-0.928
 
 I=  9/2- (2)  4.716  24:-0.095
                      30:-0.929
                      32:-0.310
                      36:-0.169
 
 I=  9/2- (3)  5.031  25: 0.465
                      28: 0.065
                      29:-0.619
                      31: 0.540
                      37: 0.197
                      38:-0.255
 
 I=  9/2- (4)  6.015  27: 0.997
                      32: 0.058
 
 I=  9/2- (5)  6.179  24:-0.057
                      26: 0.319
                      30: 0.158
                      32: 0.050
                      35: 0.529
                      36:-0.766

             ENERGY    K= OMEGA
 
 I= 11/2- (1)  2.855  27: 0.118
                      34: 0.993
 
 I= 11/2- (2)  5.195  24:-0.214
                      27: 0.072
                      30: 0.341
                      32: 0.912
 
 I= 11/2- (3)  6.053  24:-0.123
                      30:-0.915
                      32: 0.314
                      35: 0.051
                      36: 0.212
 
 I= 11/2- (4)  6.131  25: 0.414
                      28: 0.113
                      29: 0.666
                      31:-0.483
                      33: 0.072
                      37: 0.252
                      38:-0.264
 
 I= 11/2- (5)  7.310  26:-0.073
                      27:-0.073
                      30: 0.140
                      35: 0.868
                      36: 0.461

             ENERGY    K= OMEGA
 
 I= 13/2- (1)  4.367  27: 0.171
                      34:-0.985
 
 I= 13/2- (2)  6.478  25:-0.485
                      28:-0.076
                      29: 0.597
                      31:-0.525
                      37:-0.204
                      38: 0.288
 
 I= 13/2- (3)  6.619  24:-0.251
                      27: 0.080
                      30: 0.344
                      32:-0.901
 
 I= 13/2- (4)  7.610  24:-0.146
                      26: 0.076
                      30:-0.893
                      32:-0.301
                      35: 0.079
                      36:-0.275
 
 I= 13/2- (5)  8.849  26: 0.402
                      27:-0.091
                      30: 0.266
                      32: 0.089
                      35: 0.522
                      36:-0.691

             ENERGY     K= 1/2
  32 LEVELS    TIME=  0.0 SEC



 ******************* EXCITATION ENERGIES, DOMINANT CONFIGURATION AND EXPECTATION VALUES (WITH S.P. UU+VV FACTORS) *******************

  NR  Eex(keV)  I   Kdom  NY    <Jz>  <Jx**2> <Jy**2> <Jz**2> <I.j>/|I|  <Rx**2> <Ry**2> <Rz**2> <R.j>/|R|  <HROTx> <HROTy> <HROTz>

   1    0.0   5/2-   5/2  30    2.48    6.33    6.33    6.23    2.14       7.50    7.50    0.00   -3.24      0.914   0.914   0.000
   2  125.2  11/2- -11/2  34   -5.36    2.82    2.82   30.11    5.12       5.12    5.12    0.00   -1.60      0.625   0.625   0.000
   3  319.9   7/2-  -7/2  32   -2.95    6.52    6.52   11.70    3.18       7.61    7.61    0.00   -3.10      0.927   0.927   0.000
   4  880.5   7/2-   5/2  30    2.00    6.32    6.32    6.63    1.66      10.92   10.92    0.00   -2.71      1.331   1.331   0.000
   5 1074.9   1/2-   1/2  35    0.50    5.63    5.63    0.25    0.02       6.11    6.11    0.00   -3.29      0.745   0.745   0.000
  
   6 1144.3   3/2-   1/2  35   -0.15    5.63    5.63    0.90    0.92       6.17    6.17   -0.00   -2.95      0.752   0.752  -0.000
   7 1275.6   9/2-  -7/2  32   -2.66    6.57    6.57   11.46    2.68      11.32   11.32    0.00   -2.36      1.381   1.381   0.000
   8 1382.5   3/2-  -3/2  36   -0.84    5.67    5.67    1.59    0.80       6.80    6.80   -0.00   -3.09      0.829   0.829  -0.000
   9 1637.3  13/2- -11/2  34   -5.21    2.89    2.89   29.95    4.45      11.20   11.20    0.00   -0.99      1.366   1.366   0.000
  10 1733.0   5/2-  -3/2  36   -0.87    5.75    5.75    1.67    0.97       8.09    8.09   -0.00   -2.56      0.986   0.986  -0.000
  
  11 1762.6   5/2-   1/2  29   -0.22   14.83   14.83    0.98    2.95      10.96   10.96    0.00   -4.68      1.337   1.337   0.000
  12 1986.5   9/2-   5/2  30    1.81    6.31    6.31    6.71    1.37      15.24   15.24    0.00   -2.27      1.858   1.858   0.000
  13 2140.0   1/2-   1/2  29    0.50   15.04   15.04    0.25    1.45      14.28   14.28    0.00   -5.44      1.741   1.741   0.000
  14 2301.2   9/2-   1/2  29   -0.16   14.71   14.71    0.95    3.11      12.06   12.06    0.00   -3.03      1.471   1.471   0.000
  15 2302.7   5/2-   1/2  35   -0.06    5.64    5.64    0.83   -0.17      10.92   10.92   -0.00   -2.70      1.332   1.332  -0.000
  
  16 2367.8   7/2-   1/2  35   -0.02    5.64    5.64    0.83    0.68      11.25   11.25   -0.00   -1.99      1.371   1.371  -0.000
  17 2465.3  11/2-  -7/2  32   -2.48    6.62    6.62   11.32    2.37      15.98   15.98    0.00   -1.84      1.948   1.948   0.000
  18 2515.1   7/2-   1/2  29   -0.20   18.49   18.49    1.05    3.18      14.28   14.28    0.00   -4.76      1.741   1.741   0.000
  19 2848.0   7/2-  -3/2  36   -0.84    5.80    5.80    1.70    0.49      12.58   12.58   -0.00   -2.26      1.534   1.534  -0.000
  20 2959.6   1/2-   1/2  26    0.50    8.08    8.08    0.25    0.61       8.05    8.05    0.00   -3.96      0.981   0.981   0.000
  
  21 3184.9   5/2-  -3/2  31   -0.73   16.61   16.61    1.57    0.75      19.55   19.55    0.00   -5.21      2.384   2.384   0.000
  22 3285.5   9/2-   9/2  27    4.46    7.62    7.62   20.19    4.05       9.94    9.94    0.00   -3.43      1.212   1.212   0.000
  23 3323.6  11/2-   5/2  30    1.73    6.30    6.30    6.67    1.17      20.51   20.51    0.00   -1.92      2.500   2.500   0.000
  24 3401.4  11/2-   1/2  29   -0.09   18.75   18.75    0.98    3.41      16.73   16.73    0.00   -3.13      2.040   2.040   0.000
  25 3449.5   9/2-  -3/2  36   -0.62    5.92    5.92    1.65    0.84      14.96   14.96   -0.00   -1.71      1.824   1.824  -0.000
  
  26 3748.8  13/2-   1/2  29   -0.13   14.69   14.69    0.94    3.17      17.38   17.38    0.00   -1.39      2.119   2.119   0.000
  27 3889.8  13/2-  -7/2  32   -2.36    6.67    6.67   11.23    2.16      21.58   21.58    0.00   -1.44      2.632   2.632   0.000
  28 4580.3  11/2-   1/2  35    0.13    5.67    5.67    0.93    0.60      20.40   20.40   -0.00   -1.36      2.487   2.487  -0.000
  29 4880.8  13/2-   5/2  30    1.63    6.30    6.30    6.45    1.06      26.52   26.52    0.00   -1.60      3.234   3.234   0.000
  30 5266.6   1/2-   1/2  25    0.50   14.45   14.45    0.25   -0.48      15.36   15.36   -0.00   -5.33      1.873   1.873  -0.000
  
  31 6119.4  13/2-  -3/2  36   -0.31    6.12    6.12    1.91    0.79      25.91   25.91    0.00   -1.20      3.159   3.159   0.000
  32 6661.9   1/2-   1/2  38    0.50   17.97   17.97    0.25   -0.42      18.84   18.84   -0.00   -5.96      2.296   2.296  -0.000
