1SPECTRUM OF (Z= 82 A=207) IN PARTICLE-ROTOR  MODEL WITH MODIFIED OSCILLATOR POTENTIAL


 PARITY=-   EPS= 0.477   GAMMA=  0.0   EPS4=0.000   EPS6=0.000   LEVELS:  24  25  26  27  28  29  30  31  32  33  34  35  36  37  38

 PAIRING FACTORS: GN0= 19.20  GN1=  7.40  IPAIR= 15 ***  E2PLUS(INPUT)=   0.730  E2PLUR(INPUT)=   0.000

 CORIOLIS ATTENUATION PARAMETERS:  CHSI=1.000  ETA=  1.00

 MOMENT OF INERTIA PARAMETERS:   A1=  0.122 MEV   A2=  0.122 MEV   A3=121.91924 MEV


 DELTA=0.848 MEV  LAMBDA=53.4504 MEV   HW0= 7.6305 MEV   LAMBDA/HW0= 7.0048

 E2ENERGY=0.730 MEV  HBAR**2/B=42188./A**(7/3)=7131.8/A**2 MEV

 IREC=0  =>  RECOIL TERMS j+j-, j+j+, jzjz, ETC TREATED AS ONE-BODY OPERATORS WITH UU+VV PAIRING FACTORS



 S. P. LEVEL   EQP       U     V        (UU + VV)**1.00

     24       4.871    0.087 0.996      1.000 1.000 0.999 0.994 0.990 0.972 0.970 0.933 0.648 0.572 0.341 0.291 0.268 0.246 0.232
     25       4.125    0.103 0.995      1.000 1.000 1.000 0.996 0.992 0.975 0.973 0.939 0.660 0.585 0.356 0.306 0.283 0.262 0.248
     26       3.365    0.127 0.992      0.999 1.000 1.000 0.998 0.995 0.980 0.979 0.947 0.678 0.604 0.378 0.329 0.306 0.285 0.271
     27       2.227    0.194 0.981      0.994 0.996 0.998 1.000 0.999 0.992 0.990 0.966 0.726 0.657 0.440 0.392 0.370 0.349 0.336
     28       1.908    0.228 0.974      0.990 0.992 0.995 0.999 1.000 0.995 0.995 0.975 0.750 0.683 0.471 0.424 0.402 0.382 0.368
     29       1.398    0.320 0.947      0.972 0.975 0.980 0.992 0.995 1.000 1.000 0.992 0.809 0.749 0.553 0.509 0.488 0.468 0.455
     30       1.367    0.328 0.945      0.970 0.973 0.979 0.990 0.995 1.000 1.000 0.993 0.814 0.755 0.560 0.516 0.495 0.476 0.463
     31       1.074    0.439 0.898      0.933 0.939 0.947 0.966 0.975 0.992 0.993 1.000 0.878 0.828 0.656 0.615 0.596 0.578 0.566
     32       0.898    0.815 0.579      0.648 0.660 0.678 0.726 0.750 0.809 0.814 0.878 1.000 0.995 0.937 0.917 0.907 0.898 0.891
     33       0.981    0.867 0.498      0.572 0.585 0.604 0.657 0.683 0.749 0.755 0.828 0.995 1.000 0.966 0.951 0.944 0.936 0.931
     34       1.706    0.966 0.257      0.341 0.356 0.378 0.440 0.471 0.553 0.560 0.656 0.937 0.966 1.000 0.999 0.997 0.995 0.994
     35       2.098    0.978 0.206      0.291 0.306 0.329 0.392 0.424 0.509 0.516 0.615 0.917 0.951 0.999 1.000 1.000 0.999 0.998
     36       2.359    0.983 0.183      0.268 0.283 0.306 0.370 0.402 0.488 0.495 0.596 0.907 0.944 0.997 1.000 1.000 1.000 0.999
     37       2.673    0.987 0.161      0.246 0.262 0.285 0.349 0.382 0.468 0.476 0.578 0.898 0.936 0.995 0.999 1.000 1.000 1.000
     38       2.924    0.989 0.147      0.232 0.248 0.271 0.336 0.368 0.455 0.463 0.566 0.891 0.931 0.994 0.998 0.999 1.000 1.000

  R CORE   ENERGY   A0R/A00=1.000    R3= 0     2  
   2( 1)    0.732                    1.000 0.000
   2( 2)  487.921                    0.000 1.000

  R CORE   ENERGY   A0R/A00=1.000    R3= 0     2  
   3( 1)  488.652                    0.000 1.000

  R CORE   ENERGY   A0R/A00=1.000    R3= 0     2     4  
   4( 1)    2.438                    1.000 0.000 0.000

  R CORE   ENERGY   A0R/A00=1.000    R3= 0     2     4  
   5( 1)  490.847                    0.000 1.000 0.000

  R CORE   ENERGY   A0R/A00=1.000    R3= 0     2     4     6  
   6( 1)    5.121                    1.000 0.000 0.000 0.000

  R CORE   ENERGY   A0R/A00=1.000    R3= 0     2     4     6  
   7( 1)  494.017                    0.000 1.000 0.000 0.000

          AXIAL SYMMETRY => K RESTRICTED TO OMEGA

                     K
     S.P. ORB#: 24  2.50
     S.P. ORB#: 25  0.50
     S.P. ORB#: 26 -1.50
     S.P. ORB#: 27 -5.50
     S.P. ORB#: 28  2.50
     S.P. ORB#: 29 -3.50
     S.P. ORB#: 30  2.50
     S.P. ORB#: 31  0.50
     S.P. ORB#: 32  0.50
     S.P. ORB#: 33 -1.50
     S.P. ORB#: 34 -3.50
     S.P. ORB#: 35  0.50
     S.P. ORB#: 36 -3.50
     S.P. ORB#: 37 -1.50
     S.P. ORB#: 38  4.50
 

             ENERGY    K= OMEGA
 
 I=  1/2- (1)  2.276  32: 0.999
 
 I=  1/2- (2)  4.293  31:-0.925
                      35: 0.379
 
 I=  1/2- (3)  5.922  25: 0.999
 
 I=  1/2- (4)  6.380  31:-0.379
                      35:-0.925
 
 I=  1/2- (5)147.284  33:-1.000

             ENERGY    K= OMEGA
 
 I=  3/2- (1)  2.312  32: 0.669
                      33:-0.743
 
 I=  3/2- (2)  2.531  25:-0.148
                      32:-0.734
                      33:-0.663

             ENERGY    K= OMEGA
 
 I=  5/2- (1)  2.731  24:-0.051
                      25: 0.200
                      28:-0.081
                      32:-0.514
                      33:-0.829
 
 I=  5/2- (2)  3.472  25: 0.060
                      28: 0.210
                      32:-0.833
                      33: 0.507
 
 I=  5/2- (3)  3.725  28:-0.973
                      32:-0.138
                      33: 0.180
 
 I=  5/2- (4)  4.622  26: 0.123
                      30:-0.102
                      31:-0.827
                      35: 0.480
                      37: 0.247
 
 I=  5/2- (5)  6.347  26: 0.481
                      30:-0.843
                      35:-0.236

             ENERGY    K= OMEGA
 
 I=  7/2- (1)  3.054  24:-0.230
                      29: 0.945
                      33: 0.132
                      36: 0.182
 
 I=  7/2- (2)  3.240  28: 0.287
                      29: 0.169
                      33:-0.061
                      36:-0.940
 
 I=  7/2- (3)  3.515  28: 0.070
                      29: 0.106
                      32: 0.753
                      33:-0.636
                      36: 0.103
 
 I=  7/2- (4)  3.852  24: 0.054
                      25:-0.263
                      28: 0.124
                      29: 0.068
                      32:-0.625
                      33:-0.715
                      36: 0.079
 
 I=  7/2- (5)  4.699  26: 0.286
                      30: 0.294
                      31: 0.822
                      34: 0.120
                      35: 0.253
                      37: 0.278

             ENERGY    K= OMEGA
 
 I=  9/2- (1)  3.428  24:-0.227
                      28: 0.110
                      29:-0.718
                      33:-0.092
                      36: 0.136
                      38: 0.626
 
 I=  9/2- (2)  4.091  24:-0.160
                      25: 0.185
                      28:-0.229
                      29:-0.288
                      32:-0.301
                      33:-0.488
                      36:-0.616
                      38:-0.310
 
 I=  9/2- (3)  4.287  25: 0.253
                      28: 0.094
                      29: 0.263
                      32:-0.450
                      33:-0.581
                      36: 0.560
                      38: 0.058
 
 I=  9/2- (4)  4.481  24: 0.155
                      28:-0.297
                      29: 0.462
                      32:-0.073
                      33:-0.071
                      36:-0.399
                      38: 0.710
 
 I=  9/2- (5)  5.367  26:-0.399
                      30: 0.526
                      31: 0.580
                      34:-0.283
                      35:-0.299
                      37:-0.241

             ENERGY    K= OMEGA
 
 I= 11/2- (1)  3.565  27:-0.999
 
 I= 11/2- (2)  4.312  24:-0.286
                      28: 0.126
                      29: 0.751
                      33: 0.094
                      36:-0.140
                      38: 0.555
 
 I= 11/2- (3)  5.337  24:-0.183
                      28:-0.312
                      29: 0.301
                      32:-0.127
                      33: 0.298
                      36: 0.766
                      38:-0.293
 
 I= 11/2- (4)  5.405  26: 0.440
                      30: 0.518
                      31: 0.602
                      34: 0.261
                      35: 0.226
                      37: 0.239
 
 I= 11/2- (5)  5.710  25: 0.097
                      28:-0.052
                      29: 0.090
                      32: 0.809
                      33:-0.481
                      36: 0.295
                      38: 0.077

             ENERGY    K= OMEGA
 
 I= 13/2- (1)  5.144  27: 0.989
                      29: 0.096
                      38:-0.100
 
 I= 13/2- (2)  5.444  24:-0.331
                      27: 0.144
                      28: 0.127
                      29:-0.755
                      33:-0.131
                      36: 0.130
                      38: 0.496
 
 I= 13/2- (3)  6.457  26: 0.500
                      30:-0.657
                      31:-0.369
                      34: 0.361
                      35: 0.139
                      37: 0.182
 
 I= 13/2- (4)  6.508  24:-0.115
                      25: 0.348
                      28:-0.223
                      32:-0.467
                      33:-0.658
                      36:-0.336
                      38:-0.225
 
 I= 13/2- (5)  6.923  24: 0.137
                      25: 0.192
                      28: 0.278
                      29: 0.310
                      32:-0.292
                      33:-0.273
                      36: 0.763
                      38: 0.173

             ENERGY     K= 9/2
  32 LEVELS    TIME=  0.0 SEC



 ******************* EXCITATION ENERGIES, DOMINANT CONFIGURATION AND EXPECTATION VALUES (WITH S.P. UU+VV FACTORS) *******************

  NR  Eex(keV)  I   Kdom  NY    <Jz>  <Jx**2> <Jy**2> <Jz**2> <I.j>/|I|  <Rx**2> <Ry**2> <Rz**2> <R.j>/|R|  <HROTx> <HROTy> <HROTz>

   1    0.0   1/2-   1/2  32    0.50    5.24    5.24    0.25    0.13       5.63    5.63   -0.00   -3.16      0.686   0.686  -0.000
   2   35.9   3/2-  -3/2  33   -0.60    5.23    5.23    1.35    1.12       5.61    5.61    0.00   -2.88      0.684   0.684   0.000
   3  255.0   3/2-   1/2  32   -0.38    5.23    5.23    1.13    0.73       6.26    6.26    0.00   -2.88      0.763   0.763   0.000
   4  455.3   5/2-  -3/2  33   -0.86    5.38    5.38    1.68    1.32       6.69    6.69    0.00   -2.33      0.815   0.815   0.000
   5  777.9   7/2-  -7/2  29   -3.13    6.22    6.22   11.72    3.53       5.93    5.93    0.00   -2.94      0.723   0.723   0.000
  
   6  964.5   7/2-  -7/2  36   -2.99    2.83    2.83   11.70    3.19       3.90    3.90    0.00   -1.68      0.475   0.475   0.000
   7 1152.7   9/2-  -7/2  29    0.04    4.90    4.90   14.89    3.95       5.05    5.05    0.00   -1.58      0.616   0.616   0.000
   8 1196.6   5/2-   1/2  32    0.08    5.29    5.29    1.04   -0.01      10.21   10.21    0.00   -2.58      1.245   1.245   0.000
   9 1238.9   7/2-   1/2  32   -0.38    5.20    5.20    1.35    0.83      10.45   10.45    0.00   -1.85      1.274   1.274   0.000
  10 1289.6  11/2- -11/2  27   -5.48    2.75    2.75   30.22    5.06       5.49    5.49    0.00   -1.65      0.669   0.669   0.000
  
  11 1448.8   5/2-   5/2  28    2.33    6.07    6.07    6.01    1.96       7.64    7.64   -0.00   -3.16      0.931   0.931  -0.000
  12 1576.5   7/2-  -3/2  33   -0.53    5.31    5.31    1.51    0.78      10.87   10.87    0.00   -1.94      1.325   1.325   0.000
  13 1815.1   9/2-  -7/2  36   -1.29    4.00    4.00    8.67    2.42       8.68    8.68    0.00   -1.11      1.059   1.059   0.000
  14 2011.3   9/2-  -3/2  33   -1.67    4.48    4.48    5.64    1.78      10.83   10.83    0.00   -1.24      1.321   1.321   0.000
  15 2017.7   1/2-   1/2  31    0.50   12.89   12.89    0.25    0.91      12.60   12.60    0.00   -5.03      1.536   1.536   0.000
  
  16 2036.0  11/2-  -7/2  29   -0.43    5.32    5.32   14.07    3.59       8.75    8.75    0.00   -0.77      1.067   1.067   0.000
  17 2205.5   9/2-   9/2  38    1.24    3.88    3.88   15.48    3.15       8.34    8.34    0.00   -1.86      1.017   1.017   0.000
  18 2346.2   5/2-   1/2  31    0.37   13.49   13.49    0.46    1.71      13.03   13.03    0.00   -4.38      1.589   1.589   0.000
  19 2423.0   7/2-   1/2  31    0.30   16.68   16.68    1.26    3.02      13.18   13.18   -0.00   -4.40      1.607   1.607  -0.000
  20 2868.4  13/2- -11/2  27   -5.36    2.79    2.79   29.93    4.32      11.95   11.95    0.00   -1.09      1.457   1.457   0.000
  
  21 3061.3  11/2-  -7/2  36   -1.78    3.34    3.34   11.06    2.33      12.79   12.79    0.00   -0.75      1.560   1.560   0.000
  22 3091.6   9/2-   1/2  31    0.30   18.53   18.53    3.30    3.57      14.82   14.82    0.00   -4.16      1.806   1.806   0.000
  23 3129.6  11/2-   1/2  31    0.26   19.57   19.57    3.17    4.04      14.86   14.86    0.00   -3.33      1.811   1.811   0.000
  24 3168.4  13/2-  -7/2  29   -0.77    5.58    5.58   13.61    3.35      13.33   13.33    0.00   -0.26      1.626   1.626   0.000
  25 3434.7  11/2-   1/2  32   -0.31    4.93    4.93    1.99    0.82      18.93   18.93    0.00   -1.13      2.308   2.308   0.000
  
  26 3646.5   1/2-   1/2  25    0.50    7.46    7.46    0.25    0.65       7.39    7.39   -0.00   -3.80      0.902   0.902  -0.000
  27 4071.6   5/2-   5/2  30    1.45   22.37   22.37    4.98    3.68      18.35   18.35   -0.00   -6.41      2.237   2.237  -0.000
  28 4104.4   1/2-   1/2  35    0.50   17.04   17.04    0.25   -0.72      18.17   18.17    0.00   -5.80      2.215   2.215   0.000
  29 4181.1  13/2-   5/2  30    0.27   21.32   21.32    4.97    4.24      18.57   18.57   -0.00   -2.95      2.264   2.264  -0.000
  30 4232.0  13/2-  -3/2  33   -0.50    5.15    5.15    3.88    1.68      19.74   19.74    0.00   -0.39      2.406   2.406   0.000
  
  31 4647.7  13/2-  -7/2  36   -2.05    3.58    3.58    9.71    1.89      19.64   19.64    0.00   -0.59      2.395   2.395   0.000
  32*******   1/2-  -3/2  33    0.00    0.00    0.00    0.00   -0.00       0.00    0.00   -0.00   -0.00      0.000   0.000  -0.000
