1SPECTRUM OF (Z= 82 A=207) IN PARTICLE-ROTOR  MODEL WITH MODIFIED OSCILLATOR POTENTIAL


 PARITY=-   EPS= 0.673   GAMMA=  0.0   EPS4=0.000   EPS6=0.000   LEVELS:  24  25  26  27  28  29  30  31  32  33  34  35  36  37  38

 PAIRING FACTORS: GN0= 19.20  GN1=  7.40  IPAIR= 15 ***  E2PLUS(INPUT)=   0.730  E2PLUR(INPUT)=   0.000

 CORIOLIS ATTENUATION PARAMETERS:  CHSI=1.000  ETA=  1.00

 MOMENT OF INERTIA PARAMETERS:   A1=  0.122 MEV   A2=  0.122 MEV   A3=121.91925 MEV


 DELTA=0.835 MEV  LAMBDA=53.8555 MEV   HW0= 7.8971 MEV   LAMBDA/HW0= 6.8197

 E2ENERGY=0.730 MEV  HBAR**2/B=83982./A**(7/3)=******/A**2 MEV

 IREC=0  =>  RECOIL TERMS j+j-, j+j+, jzjz, ETC TREATED AS ONE-BODY OPERATORS WITH UU+VV PAIRING FACTORS



 S. P. LEVEL   EQP       U     V        (UU + VV)**1.00

     24       4.730    0.089 0.996      1.000 1.000 1.000 0.999 0.999 0.952 0.748 0.514 0.458 0.375 0.278 0.242 0.232 0.201 0.172
     25       4.217    0.100 0.995      1.000 1.000 1.000 1.000 0.999 0.955 0.755 0.523 0.468 0.385 0.288 0.253 0.243 0.211 0.182
     26       3.544    0.119 0.993      1.000 1.000 1.000 1.000 1.000 0.960 0.768 0.540 0.485 0.403 0.307 0.271 0.261 0.230 0.201
     27       3.352    0.126 0.992      0.999 1.000 1.000 1.000 1.000 0.962 0.772 0.546 0.491 0.409 0.313 0.278 0.268 0.237 0.208
     28       3.127    0.135 0.991      0.999 0.999 1.000 1.000 1.000 0.965 0.778 0.553 0.499 0.417 0.322 0.287 0.277 0.246 0.217
     29       1.162    0.391 0.921      0.952 0.955 0.960 0.962 0.965 1.000 0.916 0.753 0.709 0.642 0.559 0.528 0.520 0.492 0.466
     30       0.837    0.728 0.686      0.748 0.755 0.768 0.772 0.778 0.916 1.000 0.954 0.933 0.896 0.845 0.825 0.819 0.800 0.782
     31       1.065    0.900 0.436      0.514 0.523 0.540 0.546 0.553 0.753 0.954 1.000 0.998 0.988 0.967 0.957 0.954 0.944 0.933
     32       1.194    0.926 0.378      0.458 0.468 0.485 0.491 0.499 0.709 0.933 0.998 1.000 0.996 0.981 0.973 0.971 0.963 0.954
     33       1.499    0.957 0.291      0.375 0.385 0.403 0.409 0.417 0.642 0.896 0.988 0.996 1.000 0.995 0.990 0.989 0.983 0.978
     34       2.223    0.982 0.191      0.278 0.288 0.307 0.313 0.322 0.559 0.845 0.967 0.981 0.995 1.000 0.999 0.999 0.997 0.994
     35       2.728    0.988 0.155      0.242 0.253 0.271 0.278 0.287 0.528 0.825 0.957 0.973 0.990 0.999 1.000 1.000 0.999 0.997
     36       2.914    0.989 0.145      0.232 0.243 0.261 0.268 0.277 0.520 0.819 0.954 0.971 0.989 0.999 1.000 1.000 0.999 0.998
     37       3.716    0.994 0.113      0.201 0.211 0.230 0.237 0.246 0.492 0.800 0.944 0.963 0.983 0.997 0.999 0.999 1.000 1.000
     38       5.008    0.996 0.084      0.172 0.182 0.201 0.208 0.217 0.466 0.782 0.933 0.954 0.978 0.994 0.997 0.998 1.000 1.000

  R CORE   ENERGY   A0R/A00=1.000    R3= 0     2  
   2( 1)    0.732                    1.000 0.000
   2( 2)  487.921                    0.000 1.000

  R CORE   ENERGY   A0R/A00=1.000    R3= 0     2  
   3( 1)  488.652                    0.000 1.000

  R CORE   ENERGY   A0R/A00=1.000    R3= 0     2     4  
   4( 1)    2.438                    1.000 0.000 0.000

  R CORE   ENERGY   A0R/A00=1.000    R3= 0     2     4  
   5( 1)  490.847                    0.000 1.000 0.000

  R CORE   ENERGY   A0R/A00=1.000    R3= 0     2     4     6  
   6( 1)    5.121                    1.000 0.000 0.000 0.000

  R CORE   ENERGY   A0R/A00=1.000    R3= 0     2     4     6  
   7( 1)  494.017                    0.000 1.000 0.000 0.000

          AXIAL SYMMETRY => K RESTRICTED TO OMEGA

                     K
     S.P. ORB#: 24 -1.50
     S.P. ORB#: 25  2.50
     S.P. ORB#: 26  0.50
     S.P. ORB#: 27  2.50
     S.P. ORB#: 28  4.50
     S.P. ORB#: 29  0.50
     S.P. ORB#: 30 -1.50
     S.P. ORB#: 31  2.50
     S.P. ORB#: 32 -3.50
     S.P. ORB#: 33 -3.50
     S.P. ORB#: 34 -5.50
     S.P. ORB#: 35  0.50
     S.P. ORB#: 36 -1.50
     S.P. ORB#: 37 -1.50
     S.P. ORB#: 38  0.50
 

             ENERGY    K= OMEGA
 
 I=  1/2- (1)  4.239  26:-0.073
                      35:-0.997
 
 I=  1/2- (2)  5.444  29:-0.993
                      38:-0.115
 
 I=  1/2- (3)  5.526  26: 0.997
                      35:-0.073
 
 I=  1/2- (4)  9.118  29:-0.115
                      38: 0.993
 
 I=  1/2- (5)147.140  30:-1.000

             ENERGY    K= OMEGA
 
 I=  3/2- (1)  4.303  35:-0.839
                      36:-0.541
 
 I=  3/2- (2)  4.538  26: 0.151
                      35:-0.530
                      36: 0.834

             ENERGY    K= OMEGA
 
 I=  5/2- (1)  2.860  24: 0.102
                      31: 0.992
                      36: 0.070
 
 I=  5/2- (2)  4.890  25:-0.055
                      26: 0.246
                      31: 0.057
                      35: 0.509
                      36:-0.820
 
 I=  5/2- (3)  5.346  27:-0.096
                      29: 0.270
                      30:-0.923
                      37:-0.101
                      38: 0.238
 
 I=  5/2- (4)  5.460  26: 0.079
                      35: 0.836
                      36: 0.539
 
 I=  5/2- (5)  6.354  27:-0.064
                      29:-0.899
                      30:-0.315
                      37: 0.273
                      38:-0.115

             ENERGY    K= OMEGA
 
 I=  7/2- (1)  3.364  24:-0.079
                      25:-0.095
                      31: 0.496
                      33: 0.858
 
 I=  7/2- (2)  3.719  24:-0.133
                      25: 0.067
                      31: 0.847
                      33:-0.499
                      36:-0.098
 
 I=  7/2- (3)  5.501  24:-0.098
                      25:-0.051
                      26:-0.071
                      35: 0.862
                      36: 0.488
 
 I=  7/2- (4)  5.990  25: 0.082
                      26:-0.281
                      31:-0.106
                      35: 0.454
                      36:-0.834
 
 I=  7/2- (5)  6.040  27:-0.215
                      29:-0.221
                      30: 0.876
                      32:-0.260
                      37:-0.057
                      38: 0.258

             ENERGY    K= OMEGA
 
 I=  9/2- (1)  4.304  24:-0.119
                      25: 0.132
                      28:-0.065
                      31:-0.574
                      33: 0.794
                      36:-0.057
 
 I=  9/2- (2)  4.787  24: 0.159
                      25: 0.110
                      28:-0.077
                      31: 0.780
                      33: 0.574
                      36: 0.129
 
 I=  9/2- (3)  5.542  28: 0.995
                      33: 0.095
 
 I=  9/2- (4)  6.591  24: 0.057
                      25:-0.079
                      26: 0.369
                      31: 0.115
                      35: 0.522
                      36:-0.753
 
 I=  9/2- (5)  6.635  27:-0.245
                      29: 0.307
                      30:-0.806
                      32: 0.279
                      37:-0.100
                      38: 0.329

             ENERGY    K= OMEGA
 
 I= 11/2- (1)  3.510  28: 0.126
                      34: 0.992
 
 I= 11/2- (2)  5.477  24:-0.155
                      25:-0.159
                      28: 0.075
                      31: 0.613
                      33: 0.751
                      36:-0.068
 
 I= 11/2- (3)  6.078  24:-0.181
                      25: 0.147
                      28:-0.105
                      31: 0.733
                      33:-0.610
                      36:-0.150
 
 I= 11/2- (4)  6.946  28: 0.983
                      33:-0.121
                      34:-0.124
 
 I= 11/2- (5)  7.630  27:-0.296
                      29:-0.545
                      30: 0.578
                      32:-0.348
                      37:-0.248
                      38: 0.314

             ENERGY    K= OMEGA
 
 I= 13/2- (1)  5.033  28: 0.182
                      34:-0.983
 
 I= 13/2- (2)  6.882  24: 0.186
                      25:-0.180
                      28: 0.076
                      31: 0.637
                      33:-0.715
                      36: 0.082
 
 I= 13/2- (3)  7.591  24: 0.196
                      25: 0.181
                      26:-0.078
                      28:-0.117
                      31: 0.689
                      33: 0.631
                      36: 0.185
 
 I= 13/2- (4)  8.599  25: 0.053
                      28: 0.973
                      33: 0.129
                      34: 0.178
 
 I= 13/2- (5)  8.730  27: 0.338
                      29:-0.286
                      30: 0.723
                      32:-0.376
                      37: 0.079
                      38:-0.366

             ENERGY     K= 1/2
  32 LEVELS    TIME=  0.0 SEC



 ******************* EXCITATION ENERGIES, DOMINANT CONFIGURATION AND EXPECTATION VALUES (WITH S.P. UU+VV FACTORS) *******************

  NR  Eex(keV)  I   Kdom  NY    <Jz>  <Jx**2> <Jy**2> <Jz**2> <I.j>/|I|  <Rx**2> <Ry**2> <Rz**2> <R.j>/|R|  <HROTx> <HROTy> <HROTz>

   1    0.0   5/2-   5/2  31    2.44    6.39    6.39    6.19    2.26       7.17    7.17    0.00   -3.24      0.874   0.874   0.000
   2  503.5   7/2-  -7/2  33   -1.95    6.52    6.52   10.64    2.98       7.89    7.89    0.00   -2.98      0.962   0.962   0.000
   3  650.0  11/2- -11/2  34   -5.34    2.83    2.83   30.09    5.11       5.22    5.22    0.00   -1.61      0.636   0.636   0.000
   4  858.6   7/2-   5/2  31    0.89    6.44    6.44    7.63    2.04      10.04   10.04    0.00   -2.77      1.224   1.224   0.000
   5 1378.2   1/2-   1/2  35    0.50    5.69    5.69    0.25    0.02       6.18    6.18    0.00   -3.31      0.753   0.753   0.000
  
   6 1442.9   3/2-   1/2  35   -0.09    5.69    5.69    0.84    0.91       6.22    6.22    0.00   -2.96      0.758   0.758   0.000
   7 1443.0   9/2-  -7/2  33   -1.35    6.56    6.56   10.02    2.47      11.66   11.66    0.00   -2.25      1.421   1.421   0.000
   8 1677.7   3/2-  -3/2  36   -0.89    5.76    5.76    1.64    0.85       6.81    6.81    0.00   -3.12      0.830   0.830   0.000
   9 1926.1   9/2-   5/2  31    0.37    6.49    6.49    8.13    1.80      13.95   13.95    0.00   -2.30      1.701   1.701   0.000
  10 2029.8   5/2-  -3/2  36   -0.84    5.85    5.85    1.64    0.98       8.14    8.14    0.00   -2.59      0.993   0.993   0.000
  
  11 2172.7  13/2- -11/2  34   -5.17    2.91    2.91   29.92    4.42      11.40   11.40    0.00   -1.03      1.390   1.390   0.000
  12 2485.3   5/2-  -3/2  30   -1.20   16.43   16.43    2.03    1.56      17.21   17.21   -0.00   -5.16      2.099   2.099  -0.000
  13 2583.2   1/2-   1/2  29    0.50   16.84   16.84    0.25   -0.01      17.35   17.35   -0.00   -5.76      2.116   2.116  -0.000
  14 2599.2   5/2-   1/2  35   -0.08    5.72    5.72    0.86   -0.14      10.95   10.95    0.00   -2.72      1.334   1.334   0.000
  15 2616.2  11/2-  -7/2  33   -0.99    6.61    6.61    9.60    2.17      16.31   16.31    0.00   -1.72      1.988   1.988   0.000
  
  16 2640.4   7/2-   1/2  35    0.01    5.73    5.73    0.77    0.73      11.08   11.08    0.00   -1.98      1.351   1.351   0.000
  17 2666.0   1/2-   1/2  26    0.50    8.16    8.16    0.25    0.59       8.15    8.15    0.00   -3.98      0.994   0.994   0.000
  18 2681.7   9/2-   9/2  28    4.43    7.61    7.61   20.16    4.04       9.97    9.97    0.00   -3.42      1.215   1.215   0.000
  19 3129.6   7/2-  -3/2  36   -0.86    5.94    5.94    1.76    0.53      12.61   12.61    0.00   -2.30      1.537   1.537   0.000
  20 3179.0   7/2-  -3/2  30   -1.22   17.37   17.37    2.88    1.81      19.52   19.52   -0.00   -4.87      2.379   2.379  -0.000
  
  21 3217.3  11/2-   5/2  31    0.06    6.53    6.53    8.41    1.63      18.84   18.84    0.00   -1.91      2.297   2.297   0.000
  22 3493.0   5/2-   1/2  29    0.16   17.06   17.06    0.62    0.46      20.40   20.40    0.00   -5.23      2.487   2.487   0.000
  23 3730.0   9/2-  -3/2  36   -0.61    6.06    6.06    1.53    0.85      14.98   14.98    0.00   -1.72      1.827   1.827   0.000
  24 3774.3   9/2-  -3/2  30   -1.01   17.03   17.03    2.86    1.99      20.95   20.95   -0.00   -4.18      2.554   2.554  -0.000
  25 4021.9  13/2-  -7/2  33   -0.73    6.66    6.66    9.24    1.97      21.88   21.88    0.00   -1.33      2.668   2.668   0.000
  
  26 4085.3  11/2-   9/2  28    4.22    7.52    7.52   20.25    3.30      15.82   15.82    0.00   -2.77      1.928   1.928   0.000
  27 4730.1  13/2-   5/2  31   -0.18    6.58    6.58    8.53    1.52      24.60   24.60    0.00   -1.58      3.000   3.000   0.000
  28 4769.7  11/2-  -3/2  30   -0.60   18.36   18.36    3.02    2.30      23.97   23.97    0.00   -3.75      2.923   2.923   0.000
  29 5738.6  13/2-   9/2  28    4.04    7.44    7.44   20.35    2.77      22.66   22.66    0.00   -2.36      2.763   2.763   0.000
  30 5870.0  13/2-  -3/2  30   -0.89   17.63   17.63    3.69    2.20      28.51   28.51    0.00   -3.13      3.476   3.476   0.000
  
  31 6257.1   1/2-   1/2  38    0.50   16.80   16.80    0.25    0.28      17.06   17.06   -0.00   -5.75      2.080   2.080  -0.000
  32*******   1/2-  -3/2  30    0.00    0.00    0.00    0.00   -0.00       0.00    0.00   -0.00   -0.00      0.000   0.000  -0.000
