1SPECTRUM OF (Z= 82 A=207) IN PARTICLE-ROTOR  MODEL WITH MODIFIED OSCILLATOR POTENTIAL


 PARITY=-   EPS= 0.494   GAMMA=  0.0   EPS4=0.000   EPS6=0.000   LEVELS:  24  25  26  27  28  29  30  31  32  33  34  35  36  37  38

 PAIRING FACTORS: GN0= 19.20  GN1=  7.40  IPAIR= 15 ***  E2PLUS(INPUT)=   0.730  E2PLUR(INPUT)=   0.000

 CORIOLIS ATTENUATION PARAMETERS:  CHSI=1.000  ETA=  1.00

 MOMENT OF INERTIA PARAMETERS:   A1=  0.122 MEV   A2=  0.122 MEV   A3=121.91924 MEV


 DELTA=0.850 MEV  LAMBDA=53.4202 MEV   HW0= 7.6483 MEV   LAMBDA/HW0= 6.9846

 E2ENERGY=0.730 MEV  HBAR**2/B=45249./A**(7/3)=7649.2/A**2 MEV

 IREC=0  =>  RECOIL TERMS j+j-, j+j+, jzjz, ETC TREATED AS ONE-BODY OPERATORS WITH UU+VV PAIRING FACTORS



 S. P. LEVEL   EQP       U     V        (UU + VV)**1.00

     24       4.784    0.089 0.996      1.000 1.000 1.000 0.990 0.985 0.977 0.964 0.957 0.565 0.500 0.345 0.314 0.259 0.246 0.218
     25       4.047    0.106 0.994      1.000 1.000 1.000 0.992 0.988 0.980 0.968 0.962 0.579 0.515 0.361 0.330 0.274 0.262 0.234
     26       3.621    0.118 0.993      1.000 1.000 1.000 0.993 0.990 0.983 0.971 0.965 0.589 0.525 0.372 0.342 0.287 0.274 0.247
     27       1.884    0.232 0.973      0.990 0.992 0.993 1.000 1.000 0.997 0.992 0.989 0.678 0.620 0.477 0.448 0.395 0.383 0.357
     28       1.706    0.258 0.966      0.985 0.988 0.990 1.000 1.000 0.999 0.995 0.993 0.698 0.641 0.500 0.472 0.420 0.408 0.382
     29       1.483    0.300 0.954      0.977 0.980 0.983 0.997 0.999 1.000 0.999 0.997 0.729 0.674 0.538 0.511 0.459 0.448 0.422
     30       1.292    0.351 0.936      0.964 0.968 0.971 0.992 0.995 0.999 1.000 1.000 0.764 0.713 0.583 0.556 0.506 0.495 0.470
     31       1.225    0.374 0.927      0.957 0.962 0.965 0.989 0.993 0.997 1.000 1.000 0.780 0.730 0.602 0.576 0.527 0.516 0.492
     32       0.996    0.872 0.489      0.565 0.579 0.589 0.678 0.698 0.729 0.764 0.780 1.000 0.997 0.969 0.961 0.943 0.939 0.929
     33       1.112    0.907 0.421      0.500 0.515 0.525 0.620 0.641 0.674 0.713 0.730 0.997 1.000 0.985 0.979 0.966 0.962 0.954
     34       1.691    0.966 0.260      0.345 0.361 0.372 0.477 0.500 0.538 0.583 0.602 0.969 0.985 1.000 0.999 0.996 0.995 0.991
     35       1.910    0.974 0.229      0.314 0.330 0.342 0.448 0.472 0.511 0.556 0.576 0.961 0.979 0.999 1.000 0.998 0.997 0.995
     36       2.517    0.985 0.171      0.259 0.274 0.287 0.395 0.420 0.459 0.506 0.527 0.943 0.966 0.996 0.998 1.000 1.000 0.999
     37       2.711    0.987 0.159      0.246 0.262 0.274 0.383 0.408 0.448 0.495 0.516 0.939 0.962 0.995 0.997 1.000 1.000 1.000
     38       3.283    0.991 0.131      0.218 0.234 0.247 0.357 0.382 0.422 0.470 0.492 0.929 0.954 0.991 0.995 0.999 1.000 1.000

  R CORE   ENERGY   A0R/A00=1.000    R3= 0     2  
   2( 1)    0.732                    1.000 0.000
   2( 2)  487.921                    0.000 1.000

  R CORE   ENERGY   A0R/A00=1.000    R3= 0     2  
   3( 1)  488.652                    0.000 1.000

  R CORE   ENERGY   A0R/A00=1.000    R3= 0     2     4  
   4( 1)    2.438                    1.000 0.000 0.000

  R CORE   ENERGY   A0R/A00=1.000    R3= 0     2     4  
   5( 1)  490.847                    0.000 1.000 0.000

  R CORE   ENERGY   A0R/A00=1.000    R3= 0     2     4     6  
   6( 1)    5.121                    1.000 0.000 0.000 0.000

  R CORE   ENERGY   A0R/A00=1.000    R3= 0     2     4     6  
   7( 1)  494.017                    0.000 1.000 0.000 0.000

          AXIAL SYMMETRY => K RESTRICTED TO OMEGA

                     K
     S.P. ORB#: 24  2.50
     S.P. ORB#: 25  0.50
     S.P. ORB#: 26 -1.50
     S.P. ORB#: 27 -5.50
     S.P. ORB#: 28  2.50
     S.P. ORB#: 29  2.50
     S.P. ORB#: 30  0.50
     S.P. ORB#: 31 -3.50
     S.P. ORB#: 32  0.50
     S.P. ORB#: 33 -1.50
     S.P. ORB#: 34 -3.50
     S.P. ORB#: 35  0.50
     S.P. ORB#: 36 -1.50
     S.P. ORB#: 37 -3.50
     S.P. ORB#: 38  4.50
 

             ENERGY    K= OMEGA
 
 I=  1/2- (1)  2.388  32: 0.999
 
 I=  1/2- (2)  4.498  30:-0.908
                      35: 0.418
 
 I=  1/2- (3)  5.864  25: 0.999
 
 I=  1/2- (4)  6.244  30:-0.418
                      35:-0.908
 
 I=  1/2- (5)147.415  33: 1.000

             ENERGY    K= OMEGA
 
 I=  3/2- (1)  2.439  32: 0.718
                      33:-0.696
 
 I=  3/2- (2)  2.669  25:-0.135
                      32:-0.688
                      33:-0.713

             ENERGY    K= OMEGA
 
 I=  5/2- (1)  2.897  25: 0.187
                      28:-0.123
                      32:-0.516
                      33:-0.825
 
 I=  5/2- (2)  3.497  28:-0.901
                      32: 0.409
                      33:-0.130
 
 I=  5/2- (3)  3.629  28:-0.414
                      32:-0.738
                      33: 0.531
 
 I=  5/2- (4)  4.856  26: 0.126
                      29:-0.110
                      30:-0.815
                      35: 0.497
                      36: 0.247
 
 I=  5/2- (5)  6.434  26: 0.471
                      29:-0.836
                      35:-0.280

             ENERGY    K= OMEGA
 
 I=  7/2- (1)  2.907  24:-0.222
                      28: 0.091
                      31: 0.967
                      33: 0.069
 
 I=  7/2- (2)  3.515  28:-0.419
                      32:-0.165
                      33: 0.232
                      37: 0.862
 
 I=  7/2- (3)  3.648  32: 0.756
                      33:-0.580
                      37: 0.291
 
 I=  7/2- (4)  4.032  24:-0.060
                      25: 0.242
                      28:-0.151
                      32: 0.603
                      33: 0.725
                      37:-0.158
 
 I=  7/2- (5)  4.574  24:-0.054
                      25:-0.053
                      28:-0.889
                      31: 0.106
                      33:-0.212
                      37:-0.381

             ENERGY    K= OMEGA
 
 I=  9/2- (1)  3.408  24:-0.260
                      28: 0.117
                      31:-0.833
                      33:-0.075
                      37: 0.070
                      38: 0.463
 
 I=  9/2- (2)  4.332  24: 0.127
                      25:-0.186
                      28: 0.332
                      31: 0.176
                      32: 0.321
                      33: 0.517
                      37: 0.578
                      38: 0.323
 
 I=  9/2- (3)  4.517  25: 0.235
                      28: 0.136
                      31: 0.252
                      32:-0.444
                      33:-0.568
                      37: 0.531
                      38: 0.243
 
 I=  9/2- (4)  4.715  24: 0.112
                      28:-0.375
                      31: 0.312
                      37:-0.373
                      38: 0.780
 
 I=  9/2- (5)  5.577  26: 0.423
                      29:-0.572
                      30:-0.530
                      34: 0.318
                      35: 0.253
                      36: 0.219

             ENERGY    K= OMEGA
 
 I= 11/2- (1)  3.224  27: 0.999
 
 I= 11/2- (2)  4.268  24:-0.305
                      28: 0.128
                      31: 0.815
                      33: 0.077
                      37:-0.091
                      38: 0.459
 
 I= 11/2- (3)  5.562  24: 0.153
                      28: 0.429
                      31:-0.211
                      32: 0.196
                      33:-0.333
                      37:-0.723
                      38: 0.274
 
 I= 11/2- (4)  5.664  26: 0.462
                      29: 0.556
                      30: 0.550
                      34: 0.286
                      35: 0.221
                      36: 0.211
 
 I= 11/2- (5)  5.854  25:-0.092
                      28: 0.091
                      31:-0.127
                      32:-0.808
                      33: 0.459
                      37:-0.319

             ENERGY    K= OMEGA
 
 I= 13/2- (1)  4.805  27:-0.997
                      38: 0.056
 
 I= 13/2- (2)  5.387  24:-0.343
                      27: 0.070
                      28: 0.132
                      31:-0.803
                      33:-0.097
                      37: 0.097
                      38: 0.440
 
 I= 13/2- (3)  6.654  26:-0.507
                      29: 0.669
                      30: 0.345
                      34:-0.369
                      35:-0.109
                      36:-0.166
 
 I= 13/2- (4)  6.784  24: 0.116
                      25:-0.322
                      28: 0.301
                      32: 0.448
                      33: 0.649
                      37: 0.367
                      38: 0.185
 
 I= 13/2- (5)  7.156  24: 0.107
                      25: 0.209
                      28: 0.365
                      31: 0.245
                      32:-0.326
                      33:-0.324
                      37: 0.718
                      38: 0.155

             ENERGY     K= 9/2
  32 LEVELS    TIME=  0.0 SEC



 ******************* EXCITATION ENERGIES, DOMINANT CONFIGURATION AND EXPECTATION VALUES (WITH S.P. UU+VV FACTORS) *******************

  NR  Eex(keV)  I   Kdom  NY    <Jz>  <Jx**2> <Jy**2> <Jz**2> <I.j>/|I|  <Rx**2> <Ry**2> <Rz**2> <R.j>/|R|  <HROTx> <HROTy> <HROTz>

   1    0.0   1/2-   1/2  32    0.50    5.28    5.28    0.25    0.11       5.69    5.69    0.00   -3.18      0.694   0.694   0.000
   2   51.2   3/2-   1/2  32   -0.47    5.27    5.27    1.22    1.07       5.68    5.68   -0.00   -2.87      0.693   0.693  -0.000
   3  281.1   3/2-  -3/2  33   -0.52    5.29    5.29    1.27    0.72       6.39    6.39   -0.00   -2.92      0.779   0.779  -0.000
   4  508.7   5/2-  -3/2  33   -0.83    5.41    5.41    1.72    1.25       6.95    6.95   -0.00   -2.37      0.848   0.848  -0.000
   5  518.4   7/2-  -7/2  31   -3.14    6.45    6.45   11.85    3.55       6.15    6.15    0.00   -3.04      0.750   0.750   0.000
  
   6  835.5  11/2- -11/2  27   -5.49    2.75    2.75   30.24    5.06       5.49    5.49    0.00   -1.65      0.669   0.669   0.000
   7 1019.4   9/2-  -7/2  31   -1.29    5.70    5.70   13.41    3.75       6.10    6.10    0.00   -1.76      0.744   0.744   0.000
   8 1108.5   5/2-   5/2  28    2.09    5.97    5.97    5.17    1.73       7.82    7.82   -0.00   -3.03      0.954   0.954  -0.000
   9 1126.5   7/2-  -7/2  37   -2.23    3.21    3.21   10.33    2.95       4.56    4.56    0.00   -1.67      0.556   0.556   0.000
  10 1240.7   5/2-   1/2  32    0.28    5.45    5.45    1.85    0.20      10.14   10.14   -0.00   -2.70      1.237   1.237  -0.000
  
  11 1259.8   7/2-   1/2  32   -0.52    5.01    5.01    1.98    0.96      10.08   10.08    0.00   -1.83      1.228   1.228   0.000
  12 1643.5   7/2-  -3/2  33   -0.60    5.31    5.31    1.77    0.73      11.16   11.16   -0.00   -2.01      1.361   1.361  -0.000
  13 1879.7  11/2-  -7/2  31   -1.15    5.79    5.79   13.23    3.51       9.26    9.26    0.00   -0.88      1.129   1.129   0.001
  14 1943.2   9/2-  -7/2  37   -0.83    4.14    4.14    8.00    2.28       9.19    9.19    0.00   -1.16      1.121   1.121   0.000
  15 2110.1   1/2-   1/2  30    0.50   13.05   13.05    0.25    0.97      12.71   12.71    0.00   -5.06      1.549   1.549   0.000
  
  16 2128.8   9/2-  -3/2  33   -1.25    4.43    4.43    6.34    1.82      10.92   10.92    0.00   -1.31      1.331   1.331   0.000
  17 2185.8   7/2-   5/2  28    1.37    5.54    5.54    6.98    1.43      11.24   11.24   -0.00   -2.61      1.370   1.370  -0.000
  18 2326.4   9/2-   9/2  38    2.29    3.47    3.47   16.19    3.23       7.86    7.86    0.00   -1.78      0.958   0.958   0.000
  19 2417.1  13/2- -11/2  27   -5.46    2.76    2.76   30.17    4.33      11.96   11.96    0.00   -1.11      1.458   1.458   0.000
  20 2467.5   5/2-   1/2  30    0.37   13.70   13.70    0.48    1.62      13.52   13.52   -0.00   -4.44      1.649   1.649  -0.000
  
  21 2998.4  13/2-  -7/2  31   -1.12    5.90    5.90   12.96    3.32      13.60   13.60    0.00   -0.31      1.658   1.658   0.000
  22 3173.6  11/2-  -7/2  37   -1.27    3.60    3.60   10.03    2.20      13.34   13.34    0.00   -0.79      1.626   1.626   0.000
  23 3188.3   9/2-   5/2  29    0.30   19.32   19.32    3.88    3.74      15.04   15.04    0.00   -4.36      1.834   1.834   0.000
  24 3275.4  11/2-   5/2  29    0.27   19.98   19.98    3.60    4.09      15.17   15.17    0.00   -3.46      1.849   1.849   0.000
  25 3466.1  11/2-   1/2  32   -0.37    4.95    4.95    2.17    0.83      18.95   18.95    0.00   -1.15      2.310   2.310   0.000
  
  26 3475.3   1/2-   1/2  25    0.50    7.54    7.54    0.25    0.66       7.47    7.47   -0.00   -3.82      0.911   0.911  -0.000
  27 3855.7   1/2-   1/2  35    0.50   17.03   17.03    0.25   -0.80      18.22   18.22   -0.00   -5.80      2.221   2.221  -0.000
  28 4045.5   5/2-   5/2  29    1.45   22.09   22.09    4.89    3.61      18.22   18.22    0.00   -6.36      2.221   2.221   0.000
  29 4265.5  13/2-   5/2  29    0.28   21.42   21.42    5.14    4.24      18.79   18.79    0.00   -3.00      2.291   2.291   0.000
  30 4395.4  13/2-  -3/2  33   -0.54    5.14    5.14    4.03    1.58      20.50   20.50    0.00   -0.51      2.499   2.499   0.000
  
  31 4767.3  13/2-  -7/2  37   -1.63    3.84    3.84    8.72    1.77      20.19   20.19    0.00   -0.63      2.461   2.461   0.000
  32*******   1/2-  -3/2  33    0.00    0.00    0.00    0.00   -0.00       0.00    0.00   -0.00   -0.00      0.000   0.000  -0.000
