1SPECTRUM OF (Z= 82 A=207) IN PARTICLE-ROTOR  MODEL WITH MODIFIED OSCILLATOR POTENTIAL


 PARITY=-   EPS= 0.521   GAMMA=  0.0   EPS4=0.000   EPS6=0.000   LEVELS:  24  25  26  27  28  29  30  31  32  33  34  35  36  37  38

 PAIRING FACTORS: GN0= 19.20  GN1=  7.40  IPAIR= 15 ***  E2PLUS(INPUT)=   0.730  E2PLUR(INPUT)=   0.000

 CORIOLIS ATTENUATION PARAMETERS:  CHSI=1.000  ETA=  1.00

 MOMENT OF INERTIA PARAMETERS:   A1=  0.122 MEV   A2=  0.122 MEV   A3=121.91922 MEV


 DELTA=0.843 MEV  LAMBDA=53.3918 MEV   HW0= 7.6785 MEV   LAMBDA/HW0= 6.9534

 E2ENERGY=0.730 MEV  HBAR**2/B=50330./A**(7/3)=8508.2/A**2 MEV

 IREC=0  =>  RECOIL TERMS j+j-, j+j+, jzjz, ETC TREATED AS ONE-BODY OPERATORS WITH UU+VV PAIRING FACTORS



 S. P. LEVEL   EQP       U     V        (UU + VV)**1.00

     24       4.650    0.091 0.996      1.000 1.000 1.000 0.986 0.985 0.973 0.972 0.914 0.459 0.413 0.358 0.351 0.279 0.220 0.200
     25       4.045    0.105 0.994      1.000 1.000 1.000 0.988 0.988 0.976 0.975 0.920 0.471 0.425 0.371 0.364 0.292 0.233 0.214
     26       3.927    0.108 0.994      1.000 1.000 1.000 0.989 0.988 0.977 0.976 0.921 0.474 0.428 0.374 0.367 0.295 0.236 0.217
     27       1.711    0.255 0.967      0.986 0.988 0.989 1.000 1.000 0.998 0.997 0.969 0.600 0.558 0.508 0.501 0.434 0.378 0.360
     28       1.681    0.260 0.966      0.985 0.988 0.988 1.000 1.000 0.998 0.998 0.970 0.604 0.562 0.512 0.506 0.439 0.383 0.365
     29       1.401    0.317 0.948      0.973 0.976 0.977 0.998 0.998 1.000 1.000 0.983 0.651 0.611 0.563 0.557 0.492 0.438 0.420
     30       1.376    0.324 0.946      0.972 0.975 0.976 0.997 0.998 1.000 1.000 0.984 0.656 0.617 0.569 0.562 0.498 0.444 0.426
     31       0.992    0.486 0.874      0.914 0.920 0.921 0.969 0.970 0.983 0.984 1.000 0.779 0.746 0.705 0.700 0.644 0.596 0.580
     32       1.211    0.927 0.376      0.459 0.471 0.474 0.600 0.604 0.651 0.656 0.779 1.000 0.999 0.994 0.993 0.981 0.968 0.962
     33       1.360    0.945 0.328      0.413 0.425 0.428 0.558 0.562 0.611 0.617 0.746 0.999 1.000 0.998 0.998 0.990 0.979 0.975
     34       1.612    0.962 0.272      0.358 0.371 0.374 0.508 0.512 0.563 0.569 0.705 0.994 0.998 1.000 1.000 0.997 0.990 0.986
     35       1.655    0.964 0.264      0.351 0.364 0.367 0.501 0.506 0.557 0.562 0.700 0.993 0.998 1.000 1.000 0.997 0.991 0.988
     36       2.254    0.982 0.191      0.279 0.292 0.295 0.434 0.439 0.492 0.498 0.644 0.981 0.990 0.997 0.997 1.000 0.998 0.997
     37       3.274    0.992 0.130      0.220 0.233 0.236 0.378 0.383 0.438 0.444 0.596 0.968 0.979 0.990 0.991 0.998 1.000 1.000
     38       3.853    0.994 0.110      0.200 0.214 0.217 0.360 0.365 0.420 0.426 0.580 0.962 0.975 0.986 0.988 0.997 1.000 1.000

  R CORE   ENERGY   A0R/A00=1.000    R3= 0     2  
   2( 1)    0.732                    1.000 0.000
   2( 2)  487.921                    0.000 1.000

  R CORE   ENERGY   A0R/A00=1.000    R3= 0     2  
   3( 1)  488.652                    0.000 1.000

  R CORE   ENERGY   A0R/A00=1.000    R3= 0     2     4  
   4( 1)    2.438                    1.000 0.000 0.000

  R CORE   ENERGY   A0R/A00=1.000    R3= 0     2     4  
   5( 1)  490.847                    0.000 1.000 0.000

  R CORE   ENERGY   A0R/A00=1.000    R3= 0     2     4     6  
   6( 1)    5.121                    1.000 0.000 0.000 0.000

  R CORE   ENERGY   A0R/A00=1.000    R3= 0     2     4     6  
   7( 1)  494.017                    0.000 1.000 0.000 0.000

          AXIAL SYMMETRY => K RESTRICTED TO OMEGA

                     K
     S.P. ORB#: 24  2.50
     S.P. ORB#: 25 -1.50
     S.P. ORB#: 26  0.50
     S.P. ORB#: 27  0.50
     S.P. ORB#: 28  2.50
     S.P. ORB#: 29  2.50
     S.P. ORB#: 30 -5.50
     S.P. ORB#: 31 -3.50
     S.P. ORB#: 32  0.50
     S.P. ORB#: 33 -1.50
     S.P. ORB#: 34  0.50
     S.P. ORB#: 35 -3.50
     S.P. ORB#: 36 -1.50
     S.P. ORB#: 37 -3.50
     S.P. ORB#: 38  4.50
 

             ENERGY    K= OMEGA
 
 I=  1/2- (1)  2.625  32:-0.999
 
 I=  1/2- (2)  4.804  27:-0.830
                      34: 0.557
 
 I=  1/2- (3)  5.773  26: 0.999
 
 I=  1/2- (4)  6.117  27:-0.557
                      34:-0.830
 
 I=  1/2- (5)147.663  33: 1.000

             ENERGY    K= OMEGA
 
 I=  3/2- (1)  2.689  32:-0.761
                      33: 0.648
 
 I=  3/2- (2)  2.932  26: 0.121
                      32: 0.642
                      33: 0.757

             ENERGY    K= OMEGA
 
 I=  5/2- (1)  3.133  24:-0.056
                      26: 0.124
                      29:-0.688
                      32:-0.346
                      33:-0.624
 
 I=  5/2- (2)  3.281  26:-0.128
                      29:-0.721
                      32: 0.419
                      33: 0.537
 
 I=  5/2- (3)  3.856  29:-0.078
                      32:-0.828
                      33: 0.552
 
 I=  5/2- (4)  5.156  25: 0.110
                      27:-0.771
                      28:-0.106
                      34: 0.559
                      36: 0.264
 
 I=  5/2- (5)  6.570  25: 0.454
                      27:-0.070
                      28:-0.816
                      34:-0.350

             ENERGY    K= OMEGA
 
 I=  7/2- (1)  2.709  24: 0.207
                      29:-0.106
                      31:-0.972
 
 I=  7/2- (2)  3.720  24: 0.060
                      29: 0.737
                      32: 0.213
                      33:-0.319
                      37:-0.552
 
 I=  7/2- (3)  3.918  29: 0.232
                      32:-0.779
                      33: 0.506
                      37:-0.281
 
 I=  7/2- (4)  4.348  24:-0.058
                      26: 0.216
                      29:-0.077
                      32: 0.556
                      33: 0.730
                      37:-0.319
 
 I=  7/2- (5)  4.609  26:-0.068
                      29:-0.620
                      31: 0.087
                      32:-0.106
                      33:-0.278
                      37:-0.717

             ENERGY    K= OMEGA
 
 I=  9/2- (1)  3.289  24:-0.263
                      29: 0.126
                      31:-0.893
                      38: 0.339
 
 I=  9/2- (2)  4.585  24:-0.098
                      26: 0.126
                      29:-0.657
                      31:-0.103
                      32:-0.219
                      33:-0.407
                      37:-0.553
                      38:-0.111
 
 I=  9/2- (3)  4.870  26: 0.255
                      29: 0.281
                      31: 0.112
                      32:-0.507
                      33:-0.661
                      37: 0.384
 
 I=  9/2- (4)  5.145  24: 0.108
                      29:-0.301
                      31: 0.271
                      37: 0.090
                      38: 0.903
 
 I=  9/2- (5)  5.870  25:-0.431
                      27: 0.476
                      28: 0.608
                      34:-0.218
                      35:-0.358
                      36:-0.206

             ENERGY    K= OMEGA
 
 I= 11/2- (1)  2.715  30:-1.000
 
 I= 11/2- (2)  4.152  24: 0.305
                      29:-0.134
                      31:-0.859
                      33:-0.051
                      37: 0.058
                      38:-0.381
 
 I= 11/2- (3)  5.761  24:-0.117
                      29:-0.676
                      31: 0.129
                      32:-0.185
                      33: 0.314
                      37: 0.608
                      38:-0.101
 
 I= 11/2- (4)  6.017  25: 0.476
                      27: 0.486
                      28: 0.590
                      34: 0.235
                      35: 0.314
                      36: 0.186
 
 I= 11/2- (5)  6.115  26:-0.078
                      29: 0.188
                      31:-0.082
                      32:-0.815
                      33: 0.469
                      37:-0.262

             ENERGY    K= OMEGA
 
 I= 13/2- (1)  4.297  30: 0.999
 
 I= 13/2- (2)  5.269  24:-0.338
                      29: 0.138
                      31:-0.837
                      33:-0.061
                      37: 0.070
                      38: 0.393
 
 I= 13/2- (3)  6.963  25:-0.509
                      27: 0.323
                      28: 0.680
                      34:-0.082
                      35:-0.379
                      36:-0.155
 
 I= 13/2- (4)  7.096  24: 0.126
                      26:-0.215
                      29: 0.574
                      31: 0.088
                      32: 0.301
                      33: 0.501
                      37: 0.498
                      38: 0.100
 
 I= 13/2- (5)  7.462  26:-0.298
                      29:-0.393
                      31:-0.145
                      32: 0.465
                      33: 0.545
                      37:-0.471

             ENERGY     K= 9/2
  32 LEVELS    TIME=  0.0 SEC



 ******************* EXCITATION ENERGIES, DOMINANT CONFIGURATION AND EXPECTATION VALUES (WITH S.P. UU+VV FACTORS) *******************

  NR  Eex(keV)  I   Kdom  NY    <Jz>  <Jx**2> <Jy**2> <Jz**2> <I.j>/|I|  <Rx**2> <Ry**2> <Rz**2> <R.j>/|R|  <HROTx> <HROTy> <HROTz>

   1    0.0   1/2-   1/2  32    0.50    5.35    5.35    0.25    0.08       5.78    5.78    0.00   -3.20      0.705   0.705   0.000
   2   63.8   3/2-   1/2  32   -0.34    5.34    5.34    1.09    1.02       5.80    5.80   -0.00   -2.88      0.707   0.707  -0.000
   3   84.3   7/2-  -7/2  31   -3.17    6.49    6.49   11.91    3.51       6.37    6.37    0.00   -3.06      0.777   0.777   0.000
   4   90.2  11/2- -11/2  30   -5.49    2.75    2.75   30.24    5.06       5.49    5.49    0.00   -1.66      0.669   0.669   0.000
   5  306.8   3/2-  -3/2  33   -0.65    5.37    5.37    1.40    0.72       6.54    6.54   -0.00   -2.97      0.798   0.798  -0.000
  
   6  508.1   5/2-   5/2  29    0.67    5.77    5.77    3.88    1.70       7.06    7.06    0.00   -2.77      0.861   0.861   0.000
   7  656.2   5/2-   5/2  29    0.96    5.85    5.85    3.95    1.51       7.73    7.73    0.00   -2.84      0.942   0.942   0.000
   8  663.8   9/2-  -7/2  31   -2.07    6.13    6.13   12.64    3.59       6.99    6.99    0.00   -1.89      0.852   0.852   0.000
   9 1095.2   7/2-   5/2  29    0.16    4.83    4.83    7.41    2.33       7.18    7.18    0.00   -2.07      0.875   0.875   0.000
  10 1230.6   5/2-   1/2  32   -0.10    5.37    5.37    0.90   -0.14      10.62   10.62    0.00   -2.62      1.295   1.295   0.000
  
  11 1292.7   7/2-   1/2  32   -0.23    5.14    5.14    2.06    0.97      10.20   10.20    0.00   -1.88      1.244   1.244   0.000
  12 1526.9  11/2-  -7/2  31   -1.67    6.08    6.08   12.73    3.43       9.79    9.79    0.00   -0.98      1.194   1.194   0.000
  13 1672.3  13/2- -11/2  30   -5.48    2.75    2.75   30.21    4.34      11.96   11.96    0.00   -1.11      1.458   1.458   0.000
  14 1723.3   7/2-  -3/2  33   -0.96    5.13    5.13    2.60    0.80      11.11   11.11    0.00   -2.05      1.354   1.354   0.000
  15 1960.5   9/2-   5/2  29   -0.16    4.72    4.72    7.28    2.08      10.38   10.38    0.00   -1.40      1.265   1.265   0.000
  
  16 1984.5   7/2-  -7/2  37   -0.97    4.14    4.14    8.97    1.84       9.18    9.18    0.00   -2.32      1.120   1.120   0.000
  17 2179.4   1/2-   1/2  27    0.50   13.36   13.36    0.25    1.21      12.81   12.81    0.00   -5.12      1.562   1.562   0.000
  18 2245.2   9/2-  -3/2  33   -0.85    5.13    5.13    3.55    1.32      12.70   12.70    0.00   -1.44      1.549   1.549   0.000
  19 2519.8   9/2-   9/2  38    3.64    3.10    3.10   18.16    3.52       7.06    7.06    0.00   -1.82      0.861   0.861   0.000
  20 2530.9   5/2-   1/2  27    0.36   13.96   13.96    0.48    1.55      13.98   13.98    0.00   -4.50      1.705   1.705   0.000
  
  21 2644.1  13/2-  -7/2  31   -1.46    6.09    6.09   12.69    3.28      13.92   13.92    0.00   -0.38      1.697   1.697   0.000
  22 3136.6  11/2-   5/2  29   -0.26    4.50    4.50    8.11    1.94      14.83   14.83    0.00   -1.01      1.808   1.808   0.000
  23 3147.8   1/2-   1/2  26    0.50    7.66    7.66    0.25    0.66       7.59    7.59    0.00   -3.85      0.925   0.925   0.000
  24 3245.5   9/2-   5/2  28    0.27   19.86   19.86    4.46    3.86      15.28   15.28    0.00   -4.52      1.863   1.863   0.000
  25 3391.7  11/2-   5/2  28    0.28   20.31   20.31    4.05    4.13      15.50   15.50   -0.00   -3.59      1.890   1.890  -0.000
  
  26 3490.5  11/2-   1/2  32   -0.17    5.16    5.16    1.81    0.77      19.31   19.31    0.00   -1.21      2.354   2.354   0.000
  27 3491.7   1/2-   1/2  34    0.50   16.92   16.92    0.25   -1.07      18.35   18.35    0.00   -5.78      2.237   2.237   0.000
  28 3944.9   5/2-   5/2  28    1.42   21.69   21.69    4.66    3.49      18.09   18.09    0.00   -6.27      2.205   2.205   0.000
  29 4338.1  13/2-   5/2  28    0.28   21.37   21.37    5.32    4.20      19.10   19.10    0.00   -3.03      2.328   2.328   0.000
  30 4470.8  13/2-   5/2  29   -0.30    4.91    4.91    6.10    1.66      20.78   20.78    0.00   -0.68      2.533   2.533   0.000
  
  31 4837.4  13/2-  -3/2  33   -0.76    5.01    5.01    4.69    1.33      22.47   22.47    0.00   -0.81      2.740   2.740   0.000
  32*******   1/2-  -3/2  33    0.00    0.00    0.00    0.00   -0.00       0.00    0.00    0.00   -0.00      0.000   0.000   0.000
