1SPECTRUM OF (Z= 82 A=207) IN PARTICLE-ROTOR  MODEL WITH MODIFIED OSCILLATOR POTENTIAL


 PARITY=-   EPS= 0.443   GAMMA=  0.0   EPS4=0.000   EPS6=0.000   LEVELS:  24  25  26  27  28  29  30  31  32  33  34  35  36  37  38

 PAIRING FACTORS: GN0= 19.20  GN1=  7.40  IPAIR= 15 ***  E2PLUS(INPUT)=   0.730  E2PLUR(INPUT)=   0.000

 CORIOLIS ATTENUATION PARAMETERS:  CHSI=1.000  ETA=  1.00

 MOMENT OF INERTIA PARAMETERS:   A1=  0.122 MEV   A2=  0.122 MEV   A3=121.91923 MEV


 DELTA=0.853 MEV  LAMBDA=53.4772 MEV   HW0= 7.5974 MEV   LAMBDA/HW0= 7.0389

 E2ENERGY=0.730 MEV  HBAR**2/B=36388./A**(7/3)=6151.4/A**2 MEV

 IREC=0  =>  RECOIL TERMS j+j-, j+j+, jzjz, ETC TREATED AS ONE-BODY OPERATORS WITH UU+VV PAIRING FACTORS



 S. P. LEVEL   EQP       U     V        (UU + VV)**1.00

     24       4.232    0.101 0.995      1.000 1.000 0.999 0.999 0.996 0.988 0.948 0.809 0.771 0.736 0.351 0.344 0.290 0.269 0.242
     25       4.204    0.102 0.995      1.000 1.000 0.999 0.999 0.996 0.988 0.948 0.810 0.772 0.736 0.351 0.345 0.290 0.270 0.243
     26       2.887    0.149 0.989      0.999 0.999 1.000 1.000 0.999 0.994 0.962 0.837 0.801 0.768 0.396 0.389 0.336 0.316 0.289
     27       2.828    0.153 0.988      0.999 0.999 1.000 1.000 0.999 0.995 0.963 0.838 0.803 0.770 0.399 0.392 0.339 0.319 0.292
     28       2.282    0.190 0.982      0.996 0.996 0.999 0.999 1.000 0.998 0.973 0.859 0.826 0.794 0.434 0.427 0.375 0.355 0.328
     29       1.742    0.253 0.967      0.988 0.988 0.994 0.995 0.998 1.000 0.986 0.890 0.860 0.831 0.491 0.484 0.433 0.414 0.388
     30       1.134    0.413 0.911      0.948 0.948 0.962 0.963 0.973 0.986 1.000 0.954 0.934 0.913 0.631 0.625 0.579 0.562 0.539
     31       0.859    0.667 0.745      0.809 0.810 0.837 0.838 0.859 0.890 0.954 1.000 0.998 0.993 0.834 0.830 0.797 0.784 0.766
     32       0.853    0.711 0.703      0.771 0.772 0.801 0.803 0.826 0.860 0.934 0.998 1.000 0.999 0.867 0.863 0.832 0.821 0.804
     33       0.859    0.748 0.663      0.736 0.736 0.768 0.770 0.794 0.831 0.913 0.993 0.999 1.000 0.892 0.889 0.861 0.850 0.835
     34       1.736    0.967 0.254      0.351 0.351 0.396 0.399 0.434 0.491 0.631 0.834 0.867 0.892 1.000 1.000 0.998 0.996 0.994
     35       1.781    0.969 0.247      0.344 0.345 0.389 0.392 0.427 0.484 0.625 0.830 0.863 0.889 1.000 1.000 0.998 0.997 0.994
     36       2.275    0.982 0.191      0.290 0.290 0.336 0.339 0.375 0.433 0.579 0.797 0.832 0.861 0.998 0.998 1.000 1.000 0.999
     37       2.542    0.985 0.170      0.269 0.270 0.316 0.319 0.355 0.414 0.562 0.784 0.821 0.850 0.996 0.997 1.000 1.000 1.000
     38       3.027    0.990 0.142      0.242 0.243 0.289 0.292 0.328 0.388 0.539 0.766 0.804 0.835 0.994 0.994 0.999 1.000 1.000

  R CORE   ENERGY   A0R/A00=1.000    R3= 0     2  
   2( 1)    0.732                    1.000 0.000
   2( 2)  487.921                    0.000 1.000

  R CORE   ENERGY   A0R/A00=1.000    R3= 0     2  
   3( 1)  488.652                    0.000 1.000

  R CORE   ENERGY   A0R/A00=1.000    R3= 0     2     4  
   4( 1)    2.438                    1.000 0.000 0.000

  R CORE   ENERGY   A0R/A00=1.000    R3= 0     2     4  
   5( 1)  490.847                    0.000 1.000 0.000

  R CORE   ENERGY   A0R/A00=1.000    R3= 0     2     4     6  
   6( 1)    5.121                    1.000 0.000 0.000 0.000

  R CORE   ENERGY   A0R/A00=1.000    R3= 0     2     4     6  
   7( 1)  494.017                    0.000 1.000 0.000 0.000

          AXIAL SYMMETRY => K RESTRICTED TO OMEGA

                     K
     S.P. ORB#: 24  0.50
     S.P. ORB#: 25  0.50
     S.P. ORB#: 26 -5.50
     S.P. ORB#: 27 -1.50
     S.P. ORB#: 28  2.50
     S.P. ORB#: 29 -3.50
     S.P. ORB#: 30  2.50
     S.P. ORB#: 31  0.50
     S.P. ORB#: 32  0.50
     S.P. ORB#: 33 -1.50
     S.P. ORB#: 34 -3.50
     S.P. ORB#: 35 -3.50
     S.P. ORB#: 36  4.50
     S.P. ORB#: 37  0.50
     S.P. ORB#: 38 -1.50
 

             ENERGY    K= OMEGA
 
 I=  1/2- (1)  2.206  31:-0.999
 
 I=  1/2- (2)  3.577  25:-0.264
                      32: 0.923
                      37:-0.282
 
 I=  1/2- (3)  5.987  24: 0.999
 
 I=  1/2- (4)  6.552  25:-0.240
                      32: 0.220
                      37: 0.945
 
 I=  1/2- (5) 10.342  25:-0.934
                      32:-0.317
                      37:-0.164

             ENERGY    K= OMEGA
 
 I=  3/2- (1)  2.192  31: 0.516
                      33:-0.857
 
 I=  3/2- (2)  2.404  24: 0.175
                      31: 0.845
                      33: 0.505

             ENERGY    K= OMEGA
 
 I=  5/2- (1)  2.541  24: 0.229
                      31:-0.504
                      33:-0.831
 
 I=  5/2- (2)  3.395  24: 0.063
                      28: 0.071
                      31:-0.845
                      33: 0.526
 
 I=  5/2- (3)  3.798  25: 0.219
                      32:-0.837
                      37: 0.429
                      38: 0.258
 
 I=  5/2- (4)  4.087  28: 0.996
                      33:-0.078
 
 I=  5/2- (5)  5.951  25: 0.184
                      27:-0.570
                      30: 0.799

             ENERGY    K= OMEGA
 
 I=  7/2- (1)  2.643  28:-0.167
                      34: 0.985
 
 I=  7/2- (2)  3.419  28: 0.067
                      29: 0.060
                      31: 0.705
                      33:-0.703
 
 I=  7/2- (3)  3.629  24: 0.283
                      28:-0.123
                      29:-0.379
                      31: 0.634
                      33: 0.599
 
 I=  7/2- (4)  3.675  24:-0.121
                      28:-0.130
                      29:-0.907
                      31:-0.219
                      33:-0.312
 
 I=  7/2- (5)  4.117  27:-0.174
                      30:-0.181
                      32:-0.869
                      35:-0.067
                      37:-0.252
                      38:-0.333

             ENERGY    K= OMEGA
 
 I=  9/2- (1)  3.166  28:-0.107
                      29: 0.259
                      34:-0.364
                      36:-0.888
 
 I=  9/2- (2)  3.736  24: 0.055
                      28:-0.217
                      29:-0.152
                      31:-0.079
                      33:-0.131
                      34:-0.884
                      36: 0.349
 
 I=  9/2- (3)  3.923  24: 0.351
                      31:-0.542
                      33:-0.743
                      34: 0.167
 
 I=  9/2- (4)  4.736  25:-0.158
                      27:-0.071
                      30: 0.134
                      32: 0.779
                      35:-0.066
                      37:-0.477
                      38:-0.336
 
 I=  9/2- (5)  4.858  28: 0.254
                      29:-0.920
                      31:-0.053
                      36:-0.293

             ENERGY    K= OMEGA
 
 I= 11/2- (1)  4.019  25:-0.468
                      27:-0.559
                      30:-0.482
                      32:-0.390
                      35:-0.206
                      37:-0.123
                      38:-0.164
 
 I= 11/2- (2)  4.204  26:-0.886
                      28:-0.064
                      29:-0.151
                      34: 0.175
                      36:-0.397
 
 I= 11/2- (3)  4.314  26: 0.463
                      28:-0.140
                      29:-0.296
                      34: 0.382
                      36:-0.729
 
 I= 11/2- (4)  5.052  28:-0.252
                      29: 0.215
                      33: 0.081
                      34: 0.853
                      36: 0.394
 
 I= 11/2- (5)  5.598  24:-0.163
                      31:-0.897
                      33: 0.404
                      34:-0.055

             ENERGY    K= OMEGA
 
 I= 13/2- (1)  5.635  26: 0.339
                      28:-0.175
                      29: 0.351
                      33:-0.053
                      34:-0.406
                      36:-0.750
 
 I= 13/2- (2)  5.828  25: 0.165
                      27:-0.561
                      30: 0.675
                      32: 0.206
                      35:-0.365
                      37:-0.088
                      38:-0.138
 
 I= 13/2- (3)  5.834  26: 0.939
                      28: 0.080
                      29:-0.130
                      34: 0.183
                      36: 0.242
 
 I= 13/2- (4)  6.144  24: 0.435
                      28:-0.074
                      31:-0.545
                      33:-0.700
                      36: 0.118
 
 I= 13/2- (5)  6.610  24: 0.056
                      28: 0.267
                      29: 0.256
                      31:-0.080
                      33:-0.065
                      34: 0.829
                      36:-0.400

             ENERGY     K=-3/2
  32 LEVELS    TIME=  0.0 SEC



 ******************* EXCITATION ENERGIES, DOMINANT CONFIGURATION AND EXPECTATION VALUES (WITH S.P. UU+VV FACTORS) *******************

  NR  Eex(keV)  I   Kdom  NY    <Jz>  <Jx**2> <Jy**2> <Jz**2> <I.j>/|I|  <Rx**2> <Ry**2> <Rz**2> <R.j>/|R|  <HROTx> <HROTy> <HROTz>

   1    0.0   3/2-  -3/2  33   -0.97    5.14    5.14    1.72    1.24       5.46    5.46   -0.00   -2.90      0.666   0.666  -0.000
   2   14.1   1/2-   1/2  31    0.50    5.15    5.15    0.25    0.18       5.49    5.49   -0.00   -3.14      0.670   0.670  -0.000
   3  211.5   3/2-   1/2  31   -0.01    5.09    5.09    0.76    0.74       5.91    5.91   -0.00   -2.76      0.721   0.721  -0.000
   4  348.9   5/2-  -3/2  33   -0.88    5.33    5.33    1.65    1.48       6.16    6.16   -0.00   -2.26      0.751   0.751  -0.000
   5  451.1   7/2-  -7/2  34   -3.33    2.35    2.35   12.08    3.17       3.66    3.66    0.00   -1.54      0.446   0.446   0.000
  
   6  973.8   9/2-   9/2  36    2.87    2.69    2.69   18.48    4.06       4.10    4.10    0.00   -1.28      0.499   0.499   0.000
   7 1202.4   5/2-   1/2  31   -0.04    5.17    5.17    0.83   -0.12      10.31   10.31   -0.00   -2.54      1.258   1.258  -0.000
   8 1226.6   7/2-   1/2  31   -0.50    5.12    5.12    1.32    0.81      10.45   10.45   -0.00   -1.83      1.274   1.274  -0.000
   9 1385.3   1/2-   1/2  32    0.50   10.03   10.03    0.25    1.00       9.67    9.67    0.00   -4.42      1.178   1.178   0.000
  10 1436.5   7/2-   1/2  31   -0.76    5.36    5.36    2.79    1.26       9.64    9.64    0.00   -1.94      1.175   1.175   0.000
  
  11 1482.6   7/2-  -7/2  29   -2.95    6.13    6.13   10.43    2.76       8.26    8.26    0.00   -2.89      1.007   1.007   0.000
  12 1543.7   9/2-  -7/2  34   -2.17    2.54    2.54   12.66    2.69       7.88    7.88    0.00   -1.10      0.961   0.961   0.000
  13 1605.8   5/2-   1/2  32    0.37   10.77   10.77    0.39    1.96       9.54    9.54   -0.00   -3.69      1.164   1.164  -0.000
  14 1730.7   9/2-  -3/2  33   -0.72    5.44    5.44    1.73    1.60      10.74   10.74    0.00   -1.01      1.309   1.309   0.000
  15 1826.8  11/2-  -3/2  27    0.12   23.61   23.61    2.83    6.06       6.67    6.67    0.00   -3.79      0.813   0.813   0.000
  
  16 1894.7   5/2-   5/2  28    2.47    6.12    6.12    6.22    2.08       7.44    7.44    0.00   -3.19      0.908   0.908   0.000
  17 1925.1   7/2-   1/2  32    0.26   15.31   15.31    0.78    3.01      11.62   11.62    0.00   -4.03      1.417   1.417   0.000
  18 2011.8  11/2- -11/2  26   -3.78    2.78    2.78   27.61    4.75       6.06    6.06    0.00   -1.37      0.738   0.738   0.000
  19 2122.2  11/2-   9/2  36    0.45    2.91    2.91   20.24    3.77       8.34    8.34    0.00   -0.86      1.017   1.017   0.000
  20 2544.2   9/2-   1/2  32    0.28   11.95   11.95    0.65    2.36      12.92   12.92    0.00   -2.52      1.575   1.575   0.000
  
  21 2666.3   9/2-  -7/2  29   -2.41    5.93    5.93   12.51    2.43      12.46   12.46    0.00   -2.46      1.519   1.519   0.000
  22 2860.3  11/2-  -7/2  34   -1.87    2.60    2.60   13.05    2.32      13.13   13.13    0.00   -0.86      1.601   1.601   0.000
  23 3406.2  11/2-   1/2  31    0.16    5.07    5.07    0.63    0.70      19.05   19.05   -0.00   -1.06      2.322   2.322  -0.000
  24 3443.3  13/2-   9/2  36    0.96    3.08    3.08   18.59    3.24      14.14   14.14    0.00   -0.40      1.724   1.724   0.000
  25 3635.5  13/2-   5/2  30    0.21   23.04   23.04    5.25    4.84      16.22   16.22    0.00   -3.07      1.978   1.978   0.000
  
  26 3642.0  13/2- -11/2  26   -4.75    2.81    2.81   28.53    4.15      12.50   12.50    0.00   -1.04      1.524   1.524   0.000
  27 3758.7   5/2-   5/2  30    1.13   23.10   23.10    4.73    4.32      17.07   17.07    0.00   -6.53      2.081   2.081   0.000
  28 3794.6   1/2-   1/2  24    0.50    7.28    7.28    0.25    0.64       7.23    7.23    0.00   -3.75      0.881   0.881   0.000
  29 3951.6  13/2-  -3/2  33   -0.43    5.67    5.67    1.61    1.71      18.92   18.92   -0.00   -0.17      2.307   2.307  -0.000
  30 4359.7   1/2-   1/2  37    0.50   15.64   15.64    0.25   -0.29      16.38   16.38    0.00   -5.55      1.998   1.998   0.000
  
  31 4417.6  13/2-  -7/2  34   -1.75    2.72    2.72   12.98    2.02      19.47   19.47    0.00   -0.69      2.374   2.374   0.000
  32 8149.8   1/2-   1/2  25    0.50   23.18   23.18    0.25   -3.53      26.73   26.73    0.00   -6.79      3.259   3.259   0.000
