1SPECTRUM OF (Z= 82 A=207) IN PARTICLE-ROTOR  MODEL WITH MODIFIED OSCILLATOR POTENTIAL


 PARITY=-   EPS= 0.488   GAMMA=  0.0   EPS4=0.000   EPS6=0.000   LEVELS:  24  25  26  27  28  29  30  31  32  33  34  35  36  37  38

 PAIRING FACTORS: GN0= 19.20  GN1=  7.40  IPAIR= 15 ***  E2PLUS(INPUT)=   0.730  E2PLUR(INPUT)=   0.000

 CORIOLIS ATTENUATION PARAMETERS:  CHSI=1.000  ETA=  1.00

 MOMENT OF INERTIA PARAMETERS:   A1=  0.122 MEV   A2=  0.122 MEV   A3=121.91924 MEV


 DELTA=0.849 MEV  LAMBDA=53.4328 MEV   HW0= 7.6419 MEV   LAMBDA/HW0= 6.9921

 E2ENERGY=0.730 MEV  HBAR**2/B=44156./A**(7/3)=7464.6/A**2 MEV

 IREC=0  =>  RECOIL TERMS j+j-, j+j+, jzjz, ETC TREATED AS ONE-BODY OPERATORS WITH UU+VV PAIRING FACTORS



 S. P. LEVEL   EQP       U     V        (UU + VV)**1.00

     24       4.817    0.089 0.996      1.000 1.000 0.999 0.992 0.987 0.975 0.963 0.955 0.594 0.525 0.344 0.306 0.254 0.253 0.223
     25       4.078    0.105 0.995      1.000 1.000 1.000 0.994 0.990 0.978 0.968 0.960 0.607 0.539 0.359 0.322 0.270 0.269 0.239
     26       3.533    0.121 0.993      0.999 1.000 1.000 0.995 0.992 0.981 0.972 0.965 0.620 0.553 0.375 0.337 0.286 0.285 0.255
     27       2.007    0.217 0.976      0.992 0.994 0.995 1.000 1.000 0.995 0.990 0.986 0.693 0.631 0.463 0.427 0.377 0.376 0.347
     28       1.779    0.246 0.969      0.987 0.990 0.992 1.000 1.000 0.998 0.994 0.990 0.715 0.654 0.489 0.454 0.405 0.404 0.376
     29       1.443    0.309 0.951      0.975 0.978 0.981 0.995 0.998 1.000 0.999 0.997 0.759 0.702 0.546 0.512 0.464 0.464 0.436
     30       1.287    0.353 0.936      0.963 0.968 0.972 0.990 0.994 0.999 1.000 1.000 0.788 0.734 0.584 0.551 0.505 0.504 0.477
     31       1.212    0.379 0.926      0.955 0.960 0.965 0.986 0.990 0.997 1.000 1.000 0.805 0.753 0.606 0.573 0.528 0.528 0.501
     32       0.955    0.854 0.521      0.594 0.607 0.620 0.693 0.715 0.759 0.788 0.805 1.000 0.997 0.960 0.948 0.929 0.929 0.917
     33       1.061    0.894 0.448      0.525 0.539 0.553 0.631 0.654 0.702 0.734 0.753 0.997 1.000 0.980 0.971 0.957 0.956 0.947
     34       1.694    0.966 0.260      0.344 0.359 0.375 0.463 0.489 0.546 0.584 0.606 0.960 0.980 1.000 0.999 0.996 0.995 0.992
     35       1.973    0.975 0.221      0.306 0.322 0.337 0.427 0.454 0.512 0.551 0.573 0.948 0.971 0.999 1.000 0.999 0.998 0.996
     36       2.570    0.986 0.168      0.254 0.270 0.286 0.377 0.405 0.464 0.505 0.528 0.929 0.957 0.996 0.999 1.000 1.000 0.999
     37       2.584    0.986 0.167      0.253 0.269 0.285 0.376 0.404 0.464 0.504 0.528 0.929 0.956 0.995 0.998 1.000 1.000 1.000
     38       3.153    0.991 0.136      0.223 0.239 0.255 0.347 0.376 0.436 0.477 0.501 0.917 0.947 0.992 0.996 0.999 1.000 1.000

  R CORE   ENERGY   A0R/A00=1.000    R3= 0     2  
   2( 1)    0.732                    1.000 0.000
   2( 2)  487.921                    0.000 1.000

  R CORE   ENERGY   A0R/A00=1.000    R3= 0     2  
   3( 1)  488.652                    0.000 1.000

  R CORE   ENERGY   A0R/A00=1.000    R3= 0     2     4  
   4( 1)    2.438                    1.000 0.000 0.000

  R CORE   ENERGY   A0R/A00=1.000    R3= 0     2     4  
   5( 1)  490.847                    0.000 1.000 0.000

  R CORE   ENERGY   A0R/A00=1.000    R3= 0     2     4     6  
   6( 1)    5.121                    1.000 0.000 0.000 0.000

  R CORE   ENERGY   A0R/A00=1.000    R3= 0     2     4     6  
   7( 1)  494.017                    0.000 1.000 0.000 0.000

          AXIAL SYMMETRY => K RESTRICTED TO OMEGA

                     K
     S.P. ORB#: 24  2.50
     S.P. ORB#: 25  0.50
     S.P. ORB#: 26 -1.50
     S.P. ORB#: 27 -5.50
     S.P. ORB#: 28  2.50
     S.P. ORB#: 29  2.50
     S.P. ORB#: 30 -3.50
     S.P. ORB#: 31  0.50
     S.P. ORB#: 32  0.50
     S.P. ORB#: 33 -1.50
     S.P. ORB#: 34 -3.50
     S.P. ORB#: 35  0.50
     S.P. ORB#: 36 -1.50
     S.P. ORB#: 37 -3.50
     S.P. ORB#: 38  4.50
 

             ENERGY    K= OMEGA
 
 I=  1/2- (1)  2.343  32: 0.999
 
 I=  1/2- (2)  4.427  31: 0.916
                      35:-0.401
 
 I=  1/2- (3)  5.887  25: 0.999
 
 I=  1/2- (4)  6.286  31:-0.401
                      35:-0.916
 
 I=  1/2- (5)147.364  33: 1.000

             ENERGY    K= OMEGA
 
 I=  3/2- (1)  2.389  32: 0.703
                      33:-0.711
 
 I=  3/2- (2)  2.615  25:-0.139
                      32:-0.703
                      33:-0.698

             ENERGY    K= OMEGA
 
 I=  5/2- (1)  2.834  25: 0.191
                      28:-0.102
                      32:-0.517
                      33:-0.827
 
 I=  5/2- (2)  3.520  24:-0.051
                      25:-0.058
                      28:-0.586
                      32: 0.710
                      33:-0.382
 
 I=  5/2- (3)  3.627  28:-0.802
                      32:-0.454
                      33: 0.387
 
 I=  5/2- (4)  4.778  26:-0.126
                      29: 0.108
                      31: 0.820
                      35:-0.489
                      36:-0.246
 
 I=  5/2- (5)  6.405  26: 0.474
                      29:-0.839
                      35:-0.265

             ENERGY    K= OMEGA
 
 I=  7/2- (1)  2.960  24:-0.225
                      28: 0.085
                      30: 0.964
                      33: 0.086
                      37: 0.067
 
 I=  7/2- (2)  3.423  28: 0.360
                      30: 0.051
                      32: 0.096
                      33:-0.157
                      37:-0.913
 
 I=  7/2- (3)  3.593  30:-0.064
                      32:-0.761
                      33: 0.610
                      37:-0.200
 
 I=  7/2- (4)  3.964  24: 0.059
                      25:-0.250
                      28: 0.142
                      32:-0.611
                      33:-0.724
                      37: 0.122
 
 I=  7/2- (5)  4.613  24:-0.058
                      28:-0.916
                      30: 0.106
                      33:-0.188
                      37:-0.327

             ENERGY    K= OMEGA
 
 I=  9/2- (1)  3.426  24:-0.252
                      28: 0.114
                      30:-0.803
                      33:-0.082
                      37: 0.088
                      38: 0.513
 
 I=  9/2- (2)  4.246  24: 0.138
                      25:-0.185
                      28: 0.285
                      30: 0.215
                      32: 0.313
                      33: 0.505
                      37: 0.590
                      38: 0.344
 
 I=  9/2- (3)  4.432  25: 0.242
                      28: 0.105
                      30: 0.271
                      32:-0.449
                      33:-0.577
                      37: 0.527
                      38: 0.207
 
 I=  9/2- (4)  4.626  24:-0.122
                      28: 0.351
                      30:-0.347
                      37: 0.420
                      38:-0.752
 
 I=  9/2- (5)  5.508  26: 0.416
                      29:-0.558
                      31:-0.546
                      34: 0.307
                      35: 0.267
                      36: 0.225

             ENERGY    K= OMEGA
 
 I= 11/2- (1)  3.346  27:-0.999
 
 I= 11/2- (2)  4.290  24:-0.301
                      28: 0.127
                      30: 0.797
                      33: 0.084
                      37:-0.105
                      38: 0.489
 
 I= 11/2- (3)  5.485  24: 0.164
                      28: 0.380
                      30:-0.242
                      32: 0.172
                      33:-0.319
                      37:-0.741
                      38: 0.297
 
 I= 11/2- (4)  5.578  26:-0.456
                      29:-0.544
                      31:-0.568
                      34:-0.278
                      35:-0.221
                      36:-0.219
 
 I= 11/2- (5)  5.799  25:-0.095
                      28: 0.065
                      30:-0.124
                      32:-0.813
                      33: 0.467
                      37:-0.304

             ENERGY    K= OMEGA
 
 I= 13/2- (1)  4.927  27:-0.996
                      30:-0.056
                      38: 0.065
 
 I= 13/2- (2)  5.412  24:-0.341
                      27: 0.085
                      28: 0.130
                      30:-0.790
                      33:-0.109
                      37: 0.107
                      38: 0.459
 
 I= 13/2- (3)  6.587  26:-0.506
                      29: 0.666
                      31: 0.352
                      34:-0.367
                      35:-0.118
                      36:-0.170
 
 I= 13/2- (4)  6.687  24:-0.114
                      25: 0.333
                      28:-0.266
                      32:-0.459
                      33:-0.656
                      37:-0.350
                      38:-0.200
 
 I= 13/2- (5)  7.074  24: 0.119
                      25: 0.199
                      28: 0.332
                      30: 0.269
                      32:-0.309
                      33:-0.299
                      37: 0.740
                      38: 0.174

             ENERGY     K= 9/2
  32 LEVELS    TIME=  0.0 SEC



 ******************* EXCITATION ENERGIES, DOMINANT CONFIGURATION AND EXPECTATION VALUES (WITH S.P. UU+VV FACTORS) *******************

  NR  Eex(keV)  I   Kdom  NY    <Jz>  <Jx**2> <Jy**2> <Jz**2> <I.j>/|I|  <Rx**2> <Ry**2> <Rz**2> <R.j>/|R|  <HROTx> <HROTy> <HROTz>

   1    0.0   1/2-   1/2  32    0.50    5.27    5.27    0.25    0.12       5.67    5.67   -0.00   -3.17      0.691   0.691  -0.000
   2   46.4   3/2-  -3/2  33   -0.51    5.26    5.26    1.26    1.09       5.66    5.66   -0.00   -2.87      0.690   0.690  -0.000
   3  272.5   3/2-   1/2  32   -0.47    5.27    5.27    1.22    0.73       6.35    6.35   -0.00   -2.90      0.774   0.774  -0.000
   4  491.5   5/2-  -3/2  33   -0.84    5.40    5.40    1.69    1.27       6.87    6.87   -0.00   -2.36      0.837   0.837  -0.000
   5  617.1   7/2-  -7/2  30   -3.14    6.43    6.43   11.82    3.56       6.10    6.10    0.00   -3.02      0.744   0.744   0.000
  
   6 1002.8  11/2- -11/2  27   -5.49    2.75    2.75   30.23    5.06       5.49    5.49    0.00   -1.65      0.669   0.669   0.000
   7 1080.0   7/2-  -7/2  37   -2.63    2.91    2.91   11.11    3.08       4.10    4.10   -0.00   -1.64      0.500   0.500  -0.000
   8 1082.9   9/2-  -7/2  30   -0.91    5.48    5.48   13.82    3.82       5.77    5.77    0.00   -1.70      0.704   0.704   0.000
   9 1177.3   5/2-   1/2  32    0.90    5.56    5.56    2.62    0.69       9.21    9.21   -0.00   -2.73      1.123   1.123  -0.000
  10 1250.6   7/2-   1/2  32   -0.42    5.13    5.13    1.54    0.86      10.34   10.34   -0.00   -1.84      1.261   1.261  -0.000
  
  11 1283.9   5/2-   5/2  28    1.49    5.84    5.84    4.41    1.25       8.71    8.71   -0.00   -2.97      1.062   1.062  -0.000
  12 1621.5   7/2-  -3/2  33   -0.57    5.32    5.32    1.64    0.74      11.09   11.09   -0.00   -1.99      1.352   1.352  -0.000
  13 1902.9   9/2-  -7/2  37   -0.91    4.04    4.04    8.46    2.36       8.92    8.92    0.00   -1.14      1.087   1.087   0.000
  14 1947.3  11/2-  -7/2  30   -0.93    5.65    5.65   13.47    3.54       9.09    9.09    0.00   -0.84      1.108   1.108   0.000
  15 2083.9   1/2-   1/2  31    0.50   12.99   12.99    0.25    0.94      12.68   12.68   -0.00   -5.05      1.546   1.546  -0.000
  
  16 2088.8   9/2-  -3/2  33   -1.37    4.49    4.49    6.06    1.80      10.95   10.95   -0.00   -1.30      1.335   1.335  -0.000
  17 2270.0   7/2-   5/2  28    1.64    5.68    5.68    6.80    1.42      11.33   11.33    0.00   -2.63      1.382   1.382   0.000
  18 2283.3   9/2-   9/2  38    1.85    3.52    3.52   15.95    3.20       7.97    7.97    0.00   -1.78      0.971   0.971   0.000
  19 2435.6   5/2-   1/2  31    0.37   13.63   13.63    0.47    1.64      13.38   13.38   -0.00   -4.42      1.631   1.631  -0.000
  20 2583.9  13/2- -11/2  27   -5.45    2.76    2.76   30.13    4.33      11.96   11.96    0.00   -1.11      1.458   1.458   0.000
  
  21 3068.9  13/2-  -7/2  30   -1.00    5.81    5.81   13.12    3.33      13.51   13.51    0.00   -0.29      1.647   1.647   0.000
  22 3142.5  11/2-  -7/2  37   -1.44    3.46    3.46   10.55    2.26      13.07   13.07   -0.00   -0.77      1.593   1.593  -0.000
  23 3165.0   9/2-   5/2  29    0.30   19.10   19.10    3.70    3.69      14.98   14.98   -0.00   -4.30      1.826   1.826  -0.000
  24 3235.5  11/2-   1/2  31    0.27   19.85   19.85    3.46    4.08      15.08   15.08   -0.00   -3.42      1.838   1.838  -0.000
  25 3455.7  11/2-   1/2  32   -0.36    4.97    4.97    2.01    0.81      19.00   19.00   -0.00   -1.15      2.316   2.316  -0.000
  
  26 3544.3   1/2-   1/2  25    0.50    7.51    7.51    0.25    0.65       7.44    7.44    0.00   -3.81      0.908   0.908   0.000
  27 3942.8   1/2-   1/2  35    0.50   17.03   17.03    0.25   -0.76      18.19   18.19   -0.00   -5.80      2.218   2.218  -0.000
  28 4062.3   5/2-   5/2  29    1.45   22.18   22.18    4.92    3.64      18.26   18.26    0.00   -6.38      2.226   2.226   0.000
  29 4244.1  13/2-   5/2  29    0.28   21.41   21.41    5.09    4.24      18.72   18.72   -0.00   -2.99      2.282   2.282  -0.000
  30 4344.1  13/2-  -3/2  33   -0.53    5.16    5.16    3.90    1.61      20.27   20.27   -0.00   -0.47      2.472   2.472  -0.000
  
  31 4731.5  13/2-  -7/2  37   -1.79    3.70    3.70    9.23    1.83      19.92   19.92   -0.00   -0.61      2.428   2.428  -0.000
  32*******   1/2-  -3/2  33    0.00    0.00    0.00    0.00   -0.00       0.00    0.00   -0.00   -0.00      0.000   0.000  -0.000
