1SPECTRUM OF (Z= 82 A=207) IN PARTICLE-ROTOR  MODEL WITH MODIFIED OSCILLATOR POTENTIAL


 PARITY=-   EPS= 0.556   GAMMA=  0.0   EPS4=0.000   EPS6=0.000   LEVELS:  24  25  26  27  28  29  30  31  32  33  34  35  36  37  38

 PAIRING FACTORS: GN0= 19.20  GN1=  7.40  IPAIR= 15 ***  E2PLUS(INPUT)=   0.730  E2PLUR(INPUT)=   0.000

 CORIOLIS ATTENUATION PARAMETERS:  CHSI=1.000  ETA=  1.00

 MOMENT OF INERTIA PARAMETERS:   A1=  0.122 MEV   A2=  0.122 MEV   A3=121.91924 MEV


 DELTA=0.898 MEV  LAMBDA=53.4825 MEV   HW0= 7.7212 MEV   LAMBDA/HW0= 6.9267

 E2ENERGY=0.730 MEV  HBAR**2/B=57320./A**(7/3)=9689.8/A**2 MEV

 IREC=0  =>  RECOIL TERMS j+j-, j+j+, jzjz, ETC TREATED AS ONE-BODY OPERATORS WITH UU+VV PAIRING FACTORS



 S. P. LEVEL   EQP       U     V        (UU + VV)**1.00

     24       4.593    0.098 0.995      1.000 1.000 1.000 0.996 0.992 0.943 0.891 0.825 0.487 0.403 0.396 0.371 0.346 0.212 0.200
     25       4.579    0.099 0.995      1.000 1.000 1.000 0.996 0.992 0.943 0.891 0.825 0.487 0.404 0.396 0.371 0.346 0.212 0.201
     26       3.886    0.116 0.993      1.000 1.000 1.000 0.997 0.994 0.949 0.899 0.835 0.502 0.420 0.412 0.388 0.363 0.230 0.218
     27       2.444    0.187 0.982      0.996 0.996 0.997 1.000 0.999 0.969 0.928 0.873 0.563 0.484 0.476 0.453 0.428 0.299 0.287
     28       2.083    0.221 0.975      0.992 0.992 0.994 0.999 1.000 0.977 0.940 0.889 0.591 0.514 0.507 0.484 0.459 0.332 0.320
     29       1.171    0.423 0.906      0.943 0.943 0.949 0.969 0.977 1.000 0.991 0.966 0.749 0.684 0.678 0.659 0.638 0.524 0.514
     30       0.988    0.539 0.842      0.891 0.891 0.899 0.928 0.940 0.991 1.000 0.992 0.830 0.775 0.770 0.752 0.734 0.633 0.623
     31       0.912    0.643 0.766      0.825 0.825 0.835 0.873 0.889 0.966 0.992 1.000 0.895 0.850 0.845 0.831 0.815 0.727 0.719
     32       1.229    0.917 0.398      0.487 0.487 0.502 0.563 0.591 0.749 0.830 0.895 1.000 0.996 0.995 0.992 0.988 0.957 0.953
     33       1.517    0.950 0.311      0.403 0.404 0.420 0.484 0.514 0.684 0.775 0.850 0.996 1.000 1.000 0.999 0.998 0.980 0.977
     34       1.552    0.953 0.304      0.396 0.396 0.412 0.476 0.507 0.678 0.770 0.845 0.995 1.000 1.000 1.000 0.999 0.981 0.979
     35       1.680    0.961 0.278      0.371 0.371 0.388 0.453 0.484 0.659 0.752 0.831 0.992 0.999 1.000 1.000 1.000 0.986 0.984
     36       1.843    0.968 0.252      0.346 0.346 0.363 0.428 0.459 0.638 0.734 0.815 0.988 0.998 0.999 1.000 1.000 0.990 0.989
     37       3.934    0.993 0.115      0.212 0.212 0.230 0.299 0.332 0.524 0.633 0.727 0.957 0.980 0.981 0.986 0.990 1.000 1.000
     38       4.376    0.995 0.103      0.200 0.201 0.218 0.287 0.320 0.514 0.623 0.719 0.953 0.977 0.979 0.984 0.989 1.000 1.000

  R CORE   ENERGY   A0R/A00=1.000    R3= 0     2  
   2( 1)    0.732                    1.000 0.000
   2( 2)  487.921                    0.000 1.000

  R CORE   ENERGY   A0R/A00=1.000    R3= 0     2  
   3( 1)  488.652                    0.000 1.000

  R CORE   ENERGY   A0R/A00=1.000    R3= 0     2     4  
   4( 1)    2.438                    1.000 0.000 0.000

  R CORE   ENERGY   A0R/A00=1.000    R3= 0     2     4  
   5( 1)  490.847                    0.000 1.000 0.000

  R CORE   ENERGY   A0R/A00=1.000    R3= 0     2     4     6  
   6( 1)    5.121                    1.000 0.000 0.000 0.000

  R CORE   ENERGY   A0R/A00=1.000    R3= 0     2     4     6  
   7( 1)  494.017                    0.000 1.000 0.000 0.000

          AXIAL SYMMETRY => K RESTRICTED TO OMEGA

                     K
     S.P. ORB#: 24  2.50
     S.P. ORB#: 25  4.50
     S.P. ORB#: 26  0.50
     S.P. ORB#: 27  0.50
     S.P. ORB#: 28  2.50
     S.P. ORB#: 29  2.50
     S.P. ORB#: 30 -5.50
     S.P. ORB#: 31 -3.50
     S.P. ORB#: 32  0.50
     S.P. ORB#: 33  0.50
     S.P. ORB#: 34 -3.50
     S.P. ORB#: 35 -1.50
     S.P. ORB#: 36 -1.50
     S.P. ORB#: 37 -3.50
     S.P. ORB#: 38 -1.50
 

             ENERGY    K= OMEGA
 
 I=  1/2- (1)  2.956  33:-0.999
 
 I=  1/2- (2)  4.943  27:-0.561
                      32: 0.828
 
 I=  1/2- (3)  5.767  26: 0.999
 
 I=  1/2- (4)  6.393  27: 0.828
                      32: 0.561
 
 I=  1/2- (5)147.983  35: 1.000

             ENERGY    K= OMEGA
 
 I=  3/2- (1)  3.024  33:-0.784
                      35:-0.620
 
 I=  3/2- (2)  3.266  26:-0.119
                      33: 0.614
                      35:-0.781

             ENERGY    K= OMEGA
 
 I=  5/2- (1)  2.981  29:-0.988
                      35:-0.141
 
 I=  5/2- (2)  3.572  26:-0.180
                      29:-0.141
                      33:-0.532
                      35: 0.815
 
 I=  5/2- (3)  4.187  33:-0.835
                      35:-0.546
 
 I=  5/2- (4)  4.883  27:-0.531
                      32: 0.754
                      36: 0.254
                      38:-0.291
 
 I=  5/2- (5)  6.513  27:-0.210
                      28:-0.179
                      32:-0.379
                      36: 0.868
                      38: 0.164

             ENERGY    K= OMEGA
 
 I=  7/2- (1)  2.679  24:-0.188
                      29: 0.124
                      31: 0.974
 
 I=  7/2- (2)  3.653  24:-0.061
                      29:-0.912
                      31: 0.097
                      33: 0.056
                      35: 0.175
                      37: 0.349
 
 I=  7/2- (3)  4.244  29:-0.119
                      33:-0.822
                      35:-0.546
                      37: 0.088
 
 I=  7/2- (4)  4.709  24:-0.055
                      26: 0.224
                      29: 0.063
                      33:-0.541
                      35: 0.791
                      37:-0.155
 
 I=  7/2- (5)  5.113  29: 0.366
                      31:-0.056
                      35: 0.119
                      37: 0.920

             ENERGY    K= OMEGA
 
 I=  9/2- (1)  3.513  24:-0.264
                      29: 0.160
                      31:-0.949
 
 I=  9/2- (2)  4.563  24: 0.083
                      26:-0.055
                      29: 0.856
                      31: 0.117
                      33:-0.080
                      35: 0.223
                      37: 0.432
 
 I=  9/2- (3)  5.228  26:-0.284
                      29:-0.173
                      31:-0.071
                      33:-0.542
                      35: 0.749
                      37:-0.167
 
 I=  9/2- (4)  5.666  27: 0.491
                      32:-0.741
                      36:-0.240
                      38: 0.389
 
 I=  9/2- (5)  6.313  24:-0.071
                      25:-0.058
                      26:-0.072
                      29:-0.248
                      33:-0.639
                      35:-0.412
                      37: 0.589

             ENERGY    K= OMEGA
 
 I= 11/2- (1)  2.104  25: 0.187
                      30: 0.982
 
 I= 11/2- (2)  4.565  24:-0.320
                      25: 0.056
                      29: 0.178
                      31: 0.927
 
 I= 11/2- (3)  5.724  24: 0.098
                      29: 0.828
                      31:-0.127
                      33:-0.079
                      35:-0.218
                      37:-0.483
 
 I= 11/2- (4)  6.443  26: 0.070
                      29:-0.124
                      31: 0.063
                      33:-0.840
                      35:-0.501
                      37: 0.134
 
 I= 11/2- (5)  6.551  27: 0.406
                      28: 0.087
                      32: 0.777
                      34: 0.056
                      36: 0.139
                      38: 0.448

             ENERGY    K= OMEGA
 
 I= 13/2- (1)  3.440  25:-0.262
                      30: 0.964
 
 I= 13/2- (2)  5.841  24:-0.363
                      25: 0.055
                      29: 0.186
                      31:-0.907
                      35:-0.057
 
 I= 13/2- (3)  7.106  24: 0.110
                      26:-0.099
                      29: 0.789
                      31: 0.115
                      33:-0.123
                      35: 0.284
                      37: 0.496
 
 I= 13/2- (4)  7.359  27: 0.461
                      32:-0.734
                      36:-0.219
                      38: 0.447
 
 I= 13/2- (5)  7.809  26:-0.360
                      29:-0.216
                      31:-0.114
                      33:-0.533
                      35: 0.688
                      37:-0.229

             ENERGY     K=-3/2
  32 LEVELS    TIME=  0.0 SEC



 ******************* EXCITATION ENERGIES, DOMINANT CONFIGURATION AND EXPECTATION VALUES (WITH S.P. UU+VV FACTORS) *******************

  NR  Eex(keV)  I   Kdom  NY    <Jz>  <Jx**2> <Jy**2> <Jz**2> <I.j>/|I|  <Rx**2> <Ry**2> <Rz**2> <R.j>/|R|  <HROTx> <HROTy> <HROTz>

   1    0.0  11/2- -11/2  30   -5.15    2.92    2.92   29.89    5.30       4.06    4.06    0.00   -1.42      0.495   0.495   0.000
   2  575.0   7/2-  -7/2  31   -3.20    6.50    6.50   11.94    3.44       6.70    6.70   -0.00   -3.09      0.817   0.817  -0.000
   3  852.1   1/2-   1/2  33    0.50    5.43    5.43    0.25    0.06       5.88    5.88    0.00   -3.23      0.717   0.717   0.000
   4  877.0   5/2-   5/2  29    2.42    6.20    6.20    6.16    2.13       7.36    7.36    0.00   -3.20      0.897   0.897   0.000
   5  919.5   3/2-   1/2  33   -0.27    5.43    5.43    1.02    0.98       5.92    5.92    0.00   -2.90      0.721   0.721   0.000
  
   6 1161.9   3/2-  -3/2  35   -0.72    5.46    5.46    1.47    0.75       6.63    6.63    0.00   -3.01      0.808   0.808   0.000
   7 1335.7  13/2- -11/2  30   -4.81    3.09    3.09   29.54    4.75       9.04    9.04    0.00   -0.59      1.102   1.102   0.001
   8 1408.8   9/2-  -7/2  31   -2.91    6.63    6.63   11.69    3.08       9.54    9.54   -0.00   -2.21      1.164   1.164  -0.000
   9 1468.1   5/2-  -3/2  35   -0.78    5.56    5.56    1.70    1.05       7.68    7.68    0.00   -2.48      0.937   0.937   0.000
  10 1549.3   7/2-   5/2  29    1.58    5.67    5.67    6.90    2.09       8.68    8.68   -0.00   -2.38      1.059   1.059  -0.000
  
  11 2082.7   5/2-   1/2  33   -0.09    5.45    5.45    0.87   -0.16      10.72   10.72    0.00   -2.64      1.307   1.307   0.000
  12 2139.9   7/2-   1/2  33   -0.10    5.42    5.42    1.04    0.74      10.90   10.90    0.00   -1.92      1.329   1.329   0.000
  13 2458.6   9/2-   5/2  29    1.08    5.38    5.38    7.20    1.97      11.56   11.56   -0.00   -1.70      1.410   1.410  -0.000
  14 2460.6  11/2-  -7/2  31   -2.67    6.73    6.73   11.47    2.84      13.34   13.34   -0.00   -1.53      1.626   1.626  -0.000
  15 2605.0   7/2-  -3/2  35   -0.84    5.48    5.48    1.84    0.59      11.92   11.92    0.00   -2.14      1.453   1.453   0.000
  
  16 2779.2   5/2-   1/2  32    0.20   14.62   14.62    0.55    2.35      12.32   12.32    0.00   -4.60      1.502   1.502   0.000
  17 2839.1   1/2-   1/2  32    0.50   14.38   14.38    0.25    1.40      13.67   13.67    0.00   -5.32      1.666   1.666   0.000
  18 3009.2   7/2-  -7/2  37   -2.66    2.92    2.92   11.28    2.49       6.54    6.54   -0.00   -2.00      0.797   0.797  -0.000
  19 3123.9   9/2-  -3/2  35   -0.69    5.60    5.60    1.96    1.03      13.82   13.82    0.00   -1.53      1.685   1.685   0.000
  20 3561.4   9/2-   1/2  32    0.08   14.89   14.89    0.67    2.55      14.89   14.89    0.00   -3.25      1.816   1.816   0.000
  
  21 3620.1  11/2-   5/2  29    0.80    5.19    5.19    7.53    1.85      15.79   15.79   -0.00   -1.22      1.925   1.925  -0.000
  22 3663.2   1/2-   1/2  26    0.50    7.79    7.79    0.25    0.65       7.73    7.73   -0.00   -3.88      0.943   0.943  -0.000
  23 3736.3  13/2-  -7/2  31   -2.47    6.81    6.81   11.28    2.68      18.11   18.11   -0.00   -1.03      2.208   2.208  -0.000
  24 4209.1   9/2-   1/2  33   -1.08    4.42    4.42    5.23    0.68      16.05   16.05    0.00   -1.89      1.956   1.956   0.000
  25 4289.2   1/2-   1/2  27    0.50   16.15   16.15    0.25   -1.29      17.76   17.76    0.00   -5.65      2.166   2.166   0.000
  
  26 4339.1  11/2-   1/2  33   -0.06    5.39    5.39    1.11    0.67      19.83   19.83    0.00   -1.26      2.418   2.418   0.000
  27 4408.6   5/2-  -3/2  36   -1.00   17.16   17.16    2.00    1.17      19.09   19.09    0.00   -5.32      2.328   2.328   0.000
  28 4446.3  11/2-   1/2  32    0.06   17.57   17.57    0.77    2.93      18.33   18.33    0.00   -3.04      2.235   2.235   0.000
  29 5001.7  13/2-   5/2  29    0.57    5.12    5.12    7.35    1.73      21.08   21.08   -0.00   -0.85      2.571   2.571  -0.000
  30 5254.7  13/2-   1/2  32    0.00   15.10   15.10    0.75    2.65      21.38   21.38    0.00   -1.91      2.607   2.607   0.000
  
  31 5704.3  13/2-  -3/2  35   -0.61    5.65    5.65    2.28    1.05      23.80   23.80    0.00   -0.90      2.901   2.901   0.000
  32*******   1/2-  -3/2  35    0.00    0.00    0.00    0.00   -0.00       0.00    0.00   -0.00   -0.00      0.000   0.000  -0.000
