1SPECTRUM OF (Z= 82 A=207) IN PARTICLE-ROTOR  MODEL WITH MODIFIED OSCILLATOR POTENTIAL


 PARITY=-   EPS= 0.513   GAMMA=  0.0   EPS4=0.000   EPS6=0.000   LEVELS:  24  25  26  27  28  29  30  31  32  33  34  35  36  37  38

 PAIRING FACTORS: GN0= 19.20  GN1=  7.40  IPAIR= 15 ***  E2PLUS(INPUT)=   0.730  E2PLUR(INPUT)=   0.000

 CORIOLIS ATTENUATION PARAMETERS:  CHSI=1.000  ETA=  1.00

 MOMENT OF INERTIA PARAMETERS:   A1=  0.122 MEV   A2=  0.122 MEV   A3=121.91922 MEV


 DELTA=0.844 MEV  LAMBDA=53.3895 MEV   HW0= 7.6693 MEV   LAMBDA/HW0= 6.9614

 E2ENERGY=0.730 MEV  HBAR**2/B=48797./A**(7/3)=8249.0/A**2 MEV

 IREC=0  =>  RECOIL TERMS j+j-, j+j+, jzjz, ETC TREATED AS ONE-BODY OPERATORS WITH UU+VV PAIRING FACTORS



 S. P. LEVEL   EQP       U     V        (UU + VV)**1.00

     24       4.681    0.091 0.996      1.000 1.000 1.000 0.983 0.981 0.979 0.977 0.929 0.484 0.433 0.348 0.342 0.272 0.226 0.205
     25       3.954    0.107 0.994      1.000 1.000 1.000 0.986 0.985 0.982 0.981 0.936 0.499 0.449 0.364 0.358 0.288 0.242 0.221
     26       3.909    0.109 0.994      1.000 1.000 1.000 0.986 0.985 0.983 0.981 0.936 0.500 0.450 0.365 0.360 0.289 0.244 0.222
     27       1.612    0.272 0.962      0.983 0.986 0.986 1.000 1.000 1.000 1.000 0.981 0.637 0.592 0.514 0.509 0.444 0.401 0.381
     28       1.572    0.280 0.960      0.981 0.985 0.985 1.000 1.000 1.000 1.000 0.983 0.643 0.598 0.521 0.516 0.451 0.408 0.388
     29       1.512    0.292 0.956      0.979 0.982 0.983 1.000 1.000 1.000 1.000 0.985 0.652 0.608 0.532 0.527 0.462 0.420 0.400
     30       1.481    0.299 0.954      0.977 0.981 0.981 1.000 1.000 1.000 1.000 0.986 0.658 0.614 0.538 0.533 0.469 0.427 0.407
     31       1.048    0.452 0.892      0.929 0.936 0.936 0.981 0.983 0.985 0.986 1.000 0.773 0.735 0.669 0.665 0.608 0.569 0.551
     32       1.145    0.915 0.403      0.484 0.499 0.500 0.637 0.643 0.652 0.658 0.773 1.000 0.998 0.989 0.988 0.974 0.962 0.956
     33       1.287    0.937 0.350      0.433 0.449 0.450 0.592 0.598 0.608 0.614 0.735 0.998 1.000 0.996 0.995 0.985 0.976 0.971
     34       1.673    0.965 0.261      0.348 0.364 0.365 0.514 0.521 0.532 0.538 0.669 0.989 0.996 1.000 1.000 0.997 0.992 0.989
     35       1.706    0.967 0.256      0.342 0.358 0.360 0.509 0.516 0.527 0.533 0.665 0.988 0.995 1.000 1.000 0.997 0.993 0.990
     36       2.341    0.983 0.183      0.272 0.288 0.289 0.444 0.451 0.462 0.469 0.608 0.974 0.985 0.997 0.997 1.000 0.999 0.998
     37       3.114    0.991 0.137      0.226 0.242 0.244 0.401 0.408 0.420 0.427 0.569 0.962 0.976 0.992 0.993 0.999 1.000 1.000
     38       3.692    0.993 0.115      0.205 0.221 0.222 0.381 0.388 0.400 0.407 0.551 0.956 0.971 0.989 0.990 0.998 1.000 1.000

  R CORE   ENERGY   A0R/A00=1.000    R3= 0     2  
   2( 1)    0.732                    1.000 0.000
   2( 2)  487.921                    0.000 1.000

  R CORE   ENERGY   A0R/A00=1.000    R3= 0     2  
   3( 1)  488.652                    0.000 1.000

  R CORE   ENERGY   A0R/A00=1.000    R3= 0     2     4  
   4( 1)    2.438                    1.000 0.000 0.000

  R CORE   ENERGY   A0R/A00=1.000    R3= 0     2     4  
   5( 1)  490.847                    0.000 1.000 0.000

  R CORE   ENERGY   A0R/A00=1.000    R3= 0     2     4     6  
   6( 1)    5.121                    1.000 0.000 0.000 0.000

  R CORE   ENERGY   A0R/A00=1.000    R3= 0     2     4     6  
   7( 1)  494.017                    0.000 1.000 0.000 0.000

          AXIAL SYMMETRY => K RESTRICTED TO OMEGA

                     K
     S.P. ORB#: 24  2.50
     S.P. ORB#: 25  0.50
     S.P. ORB#: 26 -1.50
     S.P. ORB#: 27  2.50
     S.P. ORB#: 28  0.50
     S.P. ORB#: 29 -5.50
     S.P. ORB#: 30  2.50
     S.P. ORB#: 31 -3.50
     S.P. ORB#: 32  0.50
     S.P. ORB#: 33 -1.50
     S.P. ORB#: 34 -3.50
     S.P. ORB#: 35  0.50
     S.P. ORB#: 36 -1.50
     S.P. ORB#: 37 -3.50
     S.P. ORB#: 38  4.50
 

             ENERGY    K= OMEGA
 
 I=  1/2- (1)  2.553  32: 0.999
 
 I=  1/2- (2)  4.719  28:-0.865
                      35: 0.501
 
 I=  1/2- (3)  5.791  25: 0.999
 
 I=  1/2- (4)  6.141  28:-0.501
                      35:-0.865
 
 I=  1/2- (5)147.591  33:-1.000

             ENERGY    K= OMEGA
 
 I=  3/2- (1)  2.615  32: 0.752
                      33:-0.659
 
 I=  3/2- (2)  2.855  25:-0.124
                      32:-0.652
                      33:-0.748

             ENERGY    K= OMEGA
 
 I=  5/2- (1)  3.091  24:-0.053
                      25: 0.166
                      30:-0.350
                      32:-0.477
                      33:-0.787
 
 I=  5/2- (2)  3.315  25: 0.071
                      30: 0.931
                      32:-0.269
                      33:-0.237
 
 I=  5/2- (3)  3.783  30:-0.102
                      32:-0.825
                      33: 0.553
 
 I=  5/2- (4)  5.076  26: 0.119
                      27:-0.111
                      28:-0.789
                      35: 0.534
                      36: 0.256
 
 I=  5/2- (5)  6.524  26:-0.460
                      27: 0.825
                      35: 0.327

             ENERGY    K= OMEGA
 
 I=  7/2- (1)  2.754  24:-0.212
                      30: 0.103
                      31: 0.971
 
 I=  7/2- (2)  3.696  24:-0.055
                      30:-0.636
                      32:-0.278
                      33: 0.360
                      37: 0.620
 
 I=  7/2- (3)  3.844  30:-0.236
                      32: 0.749
                      33:-0.487
                      37: 0.376
 
 I=  7/2- (4)  4.256  24:-0.060
                      25: 0.220
                      30:-0.128
                      32: 0.567
                      33: 0.719
                      37:-0.303
 
 I=  7/2- (5)  4.555  25: 0.071
                      30: 0.714
                      31:-0.096
                      32: 0.102
                      33: 0.286
                      37: 0.618

             ENERGY    K= OMEGA
 
 I=  9/2- (1)  3.320  24:-0.265
                      30: 0.123
                      31:-0.883
                      33:-0.051
                      38: 0.361
 
 I=  9/2- (2)  4.543  24:-0.104
                      25: 0.154
                      30:-0.556
                      31:-0.109
                      32:-0.271
                      33:-0.469
                      37:-0.566
                      38:-0.173
 
 I=  9/2- (3)  4.779  25: 0.243
                      30: 0.274
                      31: 0.149
                      32:-0.480
                      33:-0.616
                      37: 0.470
                      38: 0.116
 
 I=  9/2- (4)  5.009  24: 0.107
                      30:-0.350
                      31: 0.278
                      38: 0.886
 
 I=  9/2- (5)  5.783  26: 0.432
                      27:-0.601
                      28:-0.489
                      34: 0.346
                      35: 0.223
                      36: 0.207

             ENERGY    K= OMEGA
 
 I= 11/2- (1)  2.852  29:-1.000
 
 I= 11/2- (2)  4.181  24:-0.308
                      30: 0.133
                      31: 0.851
                      33: 0.057
                      37:-0.064
                      38: 0.395
 
 I= 11/2- (3)  5.731  24: 0.125
                      30: 0.608
                      31:-0.142
                      32: 0.210
                      33:-0.336
                      37:-0.644
                      38: 0.149
 
 I= 11/2- (4)  5.916  26: 0.474
                      27: 0.583
                      28: 0.503
                      34: 0.306
                      35: 0.227
                      36: 0.191
 
 I= 11/2- (5)  6.041  25: 0.082
                      30:-0.179
                      31: 0.097
                      32: 0.807
                      33:-0.456
                      37: 0.303

             ENERGY    K= OMEGA
 
 I= 13/2- (1)  4.434  29:-0.998
 
 I= 13/2- (2)  5.297  24:-0.342
                      30: 0.136
                      31:-0.831
                      33:-0.069
                      37: 0.075
                      38: 0.401
 
 I= 13/2- (3)  6.868  26: 0.510
                      27:-0.678
                      28:-0.328
                      34: 0.375
                      35: 0.089
                      36: 0.156
 
 I= 13/2- (4)  7.035  24: 0.125
                      25:-0.255
                      30: 0.484
                      31: 0.073
                      32: 0.360
                      33: 0.565
                      37: 0.463
                      38: 0.129
 
 I= 13/2- (5)  7.380  24: 0.054
                      25: 0.270
                      30: 0.417
                      31: 0.172
                      32:-0.422
                      33:-0.473
                      37: 0.563

             ENERGY     K= 9/2
  32 LEVELS    TIME=  0.0 SEC



 ******************* EXCITATION ENERGIES, DOMINANT CONFIGURATION AND EXPECTATION VALUES (WITH S.P. UU+VV FACTORS) *******************

  NR  Eex(keV)  I   Kdom  NY    <Jz>  <Jx**2> <Jy**2> <Jz**2> <I.j>/|I|  <Rx**2> <Ry**2> <Rz**2> <R.j>/|R|  <HROTx> <HROTy> <HROTz>

   1    0.0   1/2-   1/2  32    0.50    5.33    5.33    0.25    0.08       5.76    5.76    0.00   -3.19      0.702   0.702   0.000
   2   61.3   3/2-   1/2  32   -0.37    5.32    5.32    1.12    1.03       5.77    5.77    0.00   -2.88      0.703   0.703   0.000
   3  200.8   7/2-  -7/2  31   -3.16    6.48    6.48   11.90    3.53       6.30    6.30    0.00   -3.06      0.768   0.768   0.001
   4  298.4  11/2- -11/2  29   -5.49    2.75    2.75   30.24    5.06       5.49    5.49    0.00   -1.66      0.669   0.669   0.000
   5  301.8   3/2-  -3/2  33   -0.62    5.34    5.34    1.37    0.72       6.51    6.51   -0.00   -2.96      0.793   0.793  -0.000
  
   6  537.4   5/2-  -3/2  33   -0.49    5.51    5.51    2.24    1.32       7.09    7.09   -0.00   -2.48      0.865   0.865  -0.000
   7  761.3   5/2-   5/2  30    2.12    6.07    6.07    5.56    1.90       7.61    7.61    0.00   -3.10      0.927   0.927   0.000
   8  766.4   9/2-  -7/2  31   -1.94    6.07    6.07   12.75    3.62       6.81    6.81    0.00   -1.86      0.830   0.830   0.000
   9 1143.1   7/2-   5/2  30   -0.48    4.47    4.47    7.58    2.38       6.68    6.68   -0.00   -1.93      0.814   0.814  -0.000
  10 1230.2   5/2-   1/2  32   -0.09    5.35    5.35    0.93   -0.13      10.59   10.59    0.00   -2.61      1.291   1.291   0.000
  
  11 1291.1   7/2-   1/2  32   -0.44    4.93    4.93    2.78    1.14       9.68    9.68   -0.00   -1.85      1.181   1.181  -0.000
  12 1627.5  11/2-  -7/2  31   -1.57    6.03    6.03   12.80    3.45       9.67    9.67    0.00   -0.96      1.179   1.179   0.000
  13 1702.5   7/2-  -3/2  33   -0.86    5.14    5.14    2.51    0.80      11.08   11.08   -0.00   -2.04      1.351   1.351  -0.000
  14 1880.6  13/2- -11/2  29   -5.48    2.75    2.75   30.21    4.34      11.96   11.96    0.00   -1.11      1.459   1.459   0.000
  15 1989.6   9/2-  -7/2  37   -0.51    4.54    4.54    7.20    2.10      10.05   10.05   -0.00   -1.30      1.226   1.226  -0.000
  
  16 2001.7   7/2-   5/2  30   -0.20    4.64    4.64    8.18    1.64      10.08   10.08   -0.00   -2.43      1.229   1.229  -0.000
  17 2165.3   1/2-   1/2  28    0.50   13.24   13.24    0.25    1.12      12.77   12.77    0.00   -5.10      1.556   1.556   0.000
  18 2225.6   9/2-  -3/2  33   -1.03    4.82    4.82    4.65    1.52      11.98   11.98   -0.00   -1.38      1.461   1.461  -0.000
  19 2456.0   9/2-   9/2  38    3.60    3.26    3.26   17.71    3.45       7.32    7.32   -0.00   -1.85      0.893   0.893  -0.000
  20 2523.2   5/2-   1/2  28    0.36   13.89   13.89    0.48    1.57      13.87   13.87    0.00   -4.49      1.691   1.691   0.000
  
  21 2744.1  13/2-  -7/2  31   -1.39    6.06    6.06   12.72    3.29      13.85   13.85    0.00   -0.36      1.688   1.688   0.000
  22 3177.5  11/2-  -7/2  37   -0.61    4.25    4.25    8.45    1.99      14.43   14.43   -0.00   -0.93      1.759   1.759  -0.000
  23 3229.8   9/2-   5/2  27    0.29   19.77   19.77    4.32    3.84      15.21   15.21    0.00   -4.49      1.854   1.854   0.000
  24 3237.6   1/2-   1/2  25    0.50    7.62    7.62    0.25    0.66       7.55    7.55    0.00   -3.84      0.921   0.921   0.000
  25 3362.4  11/2-   5/2  27    0.28   20.24   20.24    3.94    4.13      15.42   15.42   -0.00   -3.56      1.880   1.880  -0.000
  
  26 3488.2  11/2-   1/2  32   -0.26    5.06    5.06    2.08    0.82      19.09   19.09   -0.00   -1.18      2.328   2.328  -0.000
  27 3587.4   1/2-   1/2  35    0.50   16.99   16.99    0.25   -0.97      18.32   18.32    0.00   -5.79      2.234   2.234   0.000
  28 3970.3   5/2-   5/2  27    1.44   21.80   21.80    4.75    3.53      18.11   18.11   -0.00   -6.30      2.208   2.208  -0.000
  29 4315.0  13/2-   5/2  27    0.29   21.40   21.40    5.26    4.21      19.01   19.01   -0.00   -3.03      2.318   2.318  -0.000
  30 4481.5  13/2-  -3/2  33   -0.45    4.97    4.97    5.36    1.61      20.76   20.76   -0.00   -0.63      2.531   2.531  -0.000
  
  31 4827.1  13/2-  -7/2  37   -0.97    4.66    4.66    5.96    1.47      21.75   21.75   -0.00   -0.76      2.652   2.652  -0.000
  32*******   1/2-  -3/2  33    0.00    0.00    0.00    0.00   -0.00       0.00    0.00    0.00   -0.00      0.000   0.000   0.000
