1SPECTRUM OF (Z= 82 A=207) IN PARTICLE-ROTOR  MODEL WITH MODIFIED OSCILLATOR POTENTIAL


 PARITY=-   EPS= 0.417   GAMMA=  0.0   EPS4=0.000   EPS6=0.000   LEVELS:  24  25  26  27  28  29  30  31  32  33  34  35  36  37  38

 PAIRING FACTORS: GN0= 19.20  GN1=  7.40  IPAIR= 15 ***  E2PLUS(INPUT)=   0.730  E2PLUR(INPUT)=   0.000

 CORIOLIS ATTENUATION PARAMETERS:  CHSI=1.000  ETA=  1.00

 MOMENT OF INERTIA PARAMETERS:   A1=  0.122 MEV   A2=  0.122 MEV   A3=121.91922 MEV


 DELTA=0.844 MEV  LAMBDA=53.4889 MEV   HW0= 7.5743 MEV   LAMBDA/HW0= 7.0619

 E2ENERGY=0.730 MEV  HBAR**2/B=32242./A**(7/3)=5450.5/A**2 MEV

 IREC=0  =>  RECOIL TERMS j+j-, j+j+, jzjz, ETC TREATED AS ONE-BODY OPERATORS WITH UU+VV PAIRING FACTORS



 S. P. LEVEL   EQP       U     V        (UU + VV)**1.00

     24       4.285    0.099 0.995      1.000 1.000 1.000 0.998 0.997 0.993 0.911 0.887 0.832 0.567 0.432 0.334 0.330 0.243 0.226
     25       3.618    0.117 0.993      1.000 1.000 1.000 0.999 0.998 0.995 0.918 0.895 0.843 0.582 0.449 0.352 0.347 0.261 0.244
     26       3.372    0.126 0.992      1.000 1.000 1.000 0.999 0.999 0.996 0.921 0.899 0.847 0.589 0.456 0.360 0.355 0.270 0.253
     27       2.545    0.168 0.986      0.998 0.999 0.999 1.000 1.000 0.999 0.937 0.917 0.869 0.623 0.494 0.399 0.395 0.311 0.294
     28       2.411    0.178 0.984      0.997 0.998 0.999 1.000 1.000 0.999 0.941 0.921 0.874 0.630 0.502 0.408 0.404 0.320 0.303
     29       1.992    0.217 0.976      0.993 0.995 0.996 0.999 0.999 1.000 0.953 0.935 0.893 0.661 0.536 0.444 0.440 0.357 0.341
     30       0.972    0.502 0.865      0.911 0.918 0.921 0.937 0.941 0.953 1.000 0.999 0.987 0.857 0.766 0.694 0.690 0.623 0.609
     31       0.920    0.548 0.837      0.887 0.895 0.899 0.917 0.921 0.935 0.999 1.000 0.994 0.883 0.800 0.732 0.729 0.664 0.651
     32       0.861    0.634 0.774      0.832 0.843 0.847 0.869 0.874 0.893 0.987 0.994 1.000 0.928 0.859 0.800 0.798 0.740 0.728
     33       0.998    0.876 0.482      0.567 0.582 0.589 0.623 0.630 0.661 0.857 0.883 0.928 1.000 0.988 0.966 0.965 0.937 0.931
     34       1.318    0.940 0.340      0.432 0.449 0.456 0.494 0.502 0.536 0.766 0.800 0.859 0.988 1.000 0.994 0.994 0.980 0.976
     35       1.816    0.971 0.239      0.334 0.352 0.360 0.399 0.408 0.444 0.694 0.732 0.800 0.966 0.994 1.000 1.000 0.996 0.994
     36       1.850    0.972 0.235      0.330 0.347 0.355 0.395 0.404 0.440 0.690 0.729 0.798 0.965 0.994 1.000 1.000 0.996 0.994
     37       2.915    0.989 0.146      0.243 0.261 0.270 0.311 0.320 0.357 0.623 0.664 0.740 0.937 0.980 0.996 0.996 1.000 1.000
     38       3.305    0.992 0.129      0.226 0.244 0.253 0.294 0.303 0.341 0.609 0.651 0.728 0.931 0.976 0.994 0.994 1.000 1.000

  R CORE   ENERGY   A0R/A00=1.000    R3= 0     2  
   2( 1)    0.732                    1.000 0.000
   2( 2)  487.921                    0.000 1.000

  R CORE   ENERGY   A0R/A00=1.000    R3= 0     2  
   3( 1)  488.652                    0.000 1.000

  R CORE   ENERGY   A0R/A00=1.000    R3= 0     2     4  
   4( 1)    2.438                    1.000 0.000 0.000

  R CORE   ENERGY   A0R/A00=1.000    R3= 0     2     4  
   5( 1)  490.847                    0.000 1.000 0.000

  R CORE   ENERGY   A0R/A00=1.000    R3= 0     2     4     6  
   6( 1)    5.121                    1.000 0.000 0.000 0.000

  R CORE   ENERGY   A0R/A00=1.000    R3= 0     2     4     6  
   7( 1)  494.017                    0.000 1.000 0.000 0.000

          AXIAL SYMMETRY => K RESTRICTED TO OMEGA

                     K
     S.P. ORB#: 24  0.50
     S.P. ORB#: 25  0.50
     S.P. ORB#: 26 -5.50
     S.P. ORB#: 27  2.50
     S.P. ORB#: 28 -1.50
     S.P. ORB#: 29 -3.50
     S.P. ORB#: 30  2.50
     S.P. ORB#: 31  0.50
     S.P. ORB#: 32 -1.50
     S.P. ORB#: 33  0.50
     S.P. ORB#: 34 -3.50
     S.P. ORB#: 35  4.50
     S.P. ORB#: 36 -3.50
     S.P. ORB#: 37  0.50
     S.P. ORB#: 38 -1.50
 

             ENERGY    K= OMEGA
 
 I=  1/2- (1)  2.244  31:-0.999
 
 I=  1/2- (2)  3.854  25: 0.216
                      33:-0.919
                      37: 0.330
 
 I=  1/2- (3)  6.003  24: 0.999
 
 I=  1/2- (4)  6.918  25:-0.279
                      33: 0.266
                      37: 0.923
 
 I=  1/2- (5)  9.817  25:-0.936
                      33:-0.291
                      37:-0.199

             ENERGY    K= OMEGA
 
 I=  3/2- (1)  2.182  31: 0.396
                      32:-0.917
 
 I=  3/2- (2)  2.410  24: 0.189
                      31: 0.905
                      32: 0.382

             ENERGY    K= OMEGA
 
 I=  5/2- (1)  2.483  24: 0.247
                      31:-0.489
                      32:-0.836
 
 I=  5/2- (2)  3.419  24: 0.066
                      27: 0.053
                      31:-0.853
                      32: 0.516
 
 I=  5/2- (3)  3.932  25: 0.168
                      33:-0.817
                      37: 0.472
                      38:-0.283
 
 I=  5/2- (4)  4.342  27:-0.998
                      32: 0.062
 
 I=  5/2- (5)  5.793  25:-0.205
                      28: 0.593
                      30:-0.777

             ENERGY    K= OMEGA
 
 I=  7/2- (1)  2.223  27: 0.147
                      34:-0.988
 
 I=  7/2- (2)  3.420  24:-0.054
                      27: 0.067
                      31: 0.540
                      32:-0.836
 
 I=  7/2- (3)  3.568  24: 0.328
                      31: 0.804
                      32: 0.493
 
 I=  7/2- (4)  3.908  27:-0.173
                      29:-0.983
                      32:-0.056
 
 I=  7/2- (5)  3.975  25:-0.070
                      28: 0.112
                      30: 0.143
                      33: 0.875
                      36: 0.055
                      37: 0.247
                      38:-0.363

             ENERGY    K= OMEGA
 
 I=  9/2- (1)  2.739  27: 0.091
                      29:-0.187
                      34: 0.377
                      35: 0.902
 
 I=  9/2- (2)  3.324  27:-0.195
                      29:-0.113
                      32:-0.052
                      34:-0.898
                      35: 0.373
 
 I=  9/2- (3)  3.782  24: 0.377
                      31:-0.537
                      32:-0.750
                      34: 0.071
 
 I=  9/2- (4)  4.707  25: 0.083
                      28: 0.123
                      30:-0.214
                      33:-0.740
                      36: 0.114
                      37: 0.497
                      38:-0.353
 
 I=  9/2- (5)  4.985  25: 0.230
                      28:-0.541
                      30: 0.669
                      33:-0.184
                      36:-0.381
                      37: 0.160
                      38:-0.053

             ENERGY    K= OMEGA
 
 I= 11/2- (1)  3.748  25:-0.514
                      28:-0.563
                      30:-0.482
                      33:-0.326
                      36:-0.216
                      37:-0.102
                      38: 0.153
 
 I= 11/2- (2)  3.882  26:-0.057
                      27:-0.136
                      29:-0.251
                      34: 0.445
                      35:-0.847
 
 I= 11/2- (3)  4.640  26:-0.306
                      27: 0.222
                      29:-0.151
                      34:-0.819
                      35:-0.402
 
 I= 11/2- (4)  4.724  26: 0.950
                      27: 0.062
                      29:-0.073
                      34:-0.237
                      35:-0.177
 
 I= 11/2- (5)  5.095  25: 0.321
                      28: 0.182
                      30: 0.126
                      33:-0.783
                      36: 0.071
                      37:-0.285
                      38: 0.386

             ENERGY    K= OMEGA
 
 I= 13/2- (1)  5.263  26: 0.065
                      27:-0.173
                      29: 0.293
                      34:-0.477
                      35:-0.806
 
 I= 13/2- (2)  5.533  25: 0.185
                      28:-0.558
                      30: 0.676
                      33: 0.170
                      36:-0.381
                      37:-0.078
                      38: 0.133
 
 I= 13/2- (3)  5.912  24: 0.451
                      27:-0.086
                      31:-0.532
                      32:-0.691
                      34:-0.103
                      35: 0.126
 
 I= 13/2- (4)  6.199  24: 0.083
                      26: 0.339
                      27: 0.233
                      29: 0.180
                      31:-0.105
                      32:-0.108
                      34: 0.777
                      35:-0.407
 
 I= 13/2- (5)  6.316  26:-0.938
                      27: 0.071
                      29: 0.102
                      34: 0.251
                      35:-0.200

             ENERGY     K=-3/2
  32 LEVELS    TIME=  0.0 SEC



 ******************* EXCITATION ENERGIES, DOMINANT CONFIGURATION AND EXPECTATION VALUES (WITH S.P. UU+VV FACTORS) *******************

  NR  Eex(keV)  I   Kdom  NY    <Jz>  <Jx**2> <Jy**2> <Jz**2> <I.j>/|I|  <Rx**2> <Ry**2> <Rz**2> <R.j>/|R|  <HROTx> <HROTy> <HROTz>

   1    0.0   3/2-  -3/2  32   -1.18    5.07    5.07    1.93    1.32       5.35    5.35   -0.00   -2.91      0.653   0.653  -0.000
   2   41.3   7/2-  -7/2  34   -3.37    2.31    2.31   12.12    3.19       3.60    3.60    0.00   -1.53      0.439   0.439   0.000
   3   62.1   1/2-   1/2  31    0.50    5.08    5.08    0.25    0.21       5.39    5.39    0.00   -3.11      0.658   0.658   0.000
   4  228.5   3/2-   1/2  31    0.21    4.96    4.96    0.54    0.75       5.65    5.65   -0.00   -2.68      0.689   0.689  -0.000
   5  300.8   5/2-  -3/2  32   -0.89    5.28    5.28    1.66    1.61       5.73    5.73   -0.00   -2.20      0.698   0.698  -0.000
  
   6  557.1   9/2-   9/2  35    3.06    2.54    2.54   18.71    4.07       4.02    4.02    0.00   -1.25      0.491   0.491   0.000
   7 1142.5   9/2-  -7/2  34   -2.15    2.39    2.39   13.09    2.73       7.72    7.72    0.00   -1.09      0.941   0.941   0.000
   8 1237.4   5/2-   1/2  31   -0.03    5.10    5.10    0.80   -0.12      10.23   10.23   -0.00   -2.51      1.248   1.248  -0.000
   9 1238.3   7/2-  -3/2  32   -0.90    5.08    5.08    1.70    0.87      10.35   10.35   -0.00   -1.85      1.261   1.261  -0.000
  10 1386.5   7/2-   1/2  31    0.01    5.04    5.04    0.76    0.98       9.42    9.42   -0.00   -1.61      1.148   1.148  -0.000
  
  11 1566.1  11/2-  -3/2  28    0.10   23.60   23.60    2.88    6.15       6.16    6.16    0.00   -3.80      0.751   0.751   0.000
  12 1600.1   9/2-  -3/2  32   -0.64    5.51    5.51    1.45    1.75       9.89    9.89   -0.00   -0.84      1.206   1.206  -0.000
  13 1672.0   1/2-   1/2  33    0.50   10.78   10.78    0.25    1.07      10.35   10.35    0.00   -4.59      1.262   1.262   0.000
  14 1700.3  11/2-   9/2  35    2.34    2.71    2.71   17.93    3.48       8.76    8.76    0.00   -0.61      1.068   1.068   0.000
  15 1726.5   7/2-  -7/2  29   -3.31    6.27    6.27   12.04    3.11       7.80    7.80    0.00   -3.09      0.951   0.951   0.000
  
  16 1750.3   5/2-   1/2  33    0.34   11.34   11.34    0.41    2.27       9.21    9.21    0.00   -3.82      1.123   1.123   0.000
  17 1792.8   7/2-   1/2  33    0.24   15.04   15.04    0.70    3.26      10.35   10.35    0.00   -3.93      1.261   1.261   0.000
  18 2160.5   5/2-   5/2  27    2.48    6.09    6.09    6.23    2.09       7.40    7.40    0.00   -3.18      0.902   0.902   0.000
  19 2457.8  11/2-  -7/2  34   -2.10    2.50    2.50   14.90    2.61      12.20   12.20    0.00   -0.87      1.487   1.487   0.000
  20 2525.2   9/2-   1/2  33    0.26   13.12   13.12    0.96    2.83      11.89   11.89    0.00   -2.69      1.450   1.450   0.000
  
  21 2542.1  11/2- -11/2  26   -5.03    2.73    2.73   28.73    4.80       6.26    6.26   -0.00   -1.55      0.763   0.763  -0.001
  22 2802.9   9/2-   5/2  30    0.23   22.08   22.08    5.26    4.76      13.40   13.40    0.00   -4.97      1.634   1.634   0.000
  23 2913.1  11/2-   1/2  33    0.15   13.35   13.35    0.77    3.04      13.43   13.43    0.00   -1.79      1.638   1.638   0.000
  24 3081.5  13/2-   9/2  35    1.88    2.87    2.87   17.31    3.08      14.43   14.43    0.00   -0.30      1.759   1.759   0.000
  25 3351.0  13/2-   5/2  30    0.18   23.40   23.40    5.39    4.97      15.75   15.75    0.00   -3.11      1.921   1.921   0.000
  
  26 3610.8   5/2-   5/2  30    1.01   23.43   23.43    4.58    4.35      17.23   17.23    0.00   -6.57      2.101   2.101   0.000
  27 3729.8  13/2-  -3/2  32   -0.43    5.62    5.62    1.74    1.89      17.64   17.64   -0.00    0.04      2.150   2.150  -0.000
  28 3821.7   1/2-   1/2  24    0.50    7.13    7.13    0.25    0.63       7.08    7.08    0.00   -3.71      0.863   0.863   0.000
  29 4016.9  13/2-  -7/2  34   -1.99    2.66    2.66   14.98    2.32      18.31   18.31    0.00   -0.67      2.232   2.232   0.000
  30 4134.2  13/2- -11/2  26   -4.91    2.74    2.74   28.37    4.06      12.94   12.94   -0.00   -1.08      1.578   1.578  -0.001
  
  31 4736.0   1/2-   1/2  37    0.50   15.80   15.80    0.25   -0.51      16.75   16.75   -0.00   -5.58      2.042   2.042  -0.000
  32 7635.5   1/2-   1/2  25    0.50   22.94   22.94    0.25   -3.47      26.45   26.45   -0.00   -6.76      3.225   3.225  -0.000
