1SPECTRUM OF (Z= 82 A=207) IN PARTICLE-ROTOR  MODEL WITH MODIFIED OSCILLATOR POTENTIAL


 PARITY=-   EPS= 0.507   GAMMA=  0.0   EPS4=0.000   EPS6=0.000   LEVELS:  24  25  26  27  28  29  30  31  32  33  34  35  36  37  38

 PAIRING FACTORS: GN0= 19.20  GN1=  7.40  IPAIR= 15 ***  E2PLUS(INPUT)=   0.730  E2PLUR(INPUT)=   0.000

 CORIOLIS ATTENUATION PARAMETERS:  CHSI=1.000  ETA=  1.00

 MOMENT OF INERTIA PARAMETERS:   A1=  0.122 MEV   A2=  0.122 MEV   A3=121.91925 MEV


 DELTA=0.847 MEV  LAMBDA=53.3950 MEV   HW0= 7.6626 MEV   LAMBDA/HW0= 6.9683

 E2ENERGY=0.730 MEV  HBAR**2/B=47662./A**(7/3)=8057.1/A**2 MEV

 IREC=0  =>  RECOIL TERMS j+j-, j+j+, jzjz, ETC TREATED AS ONE-BODY OPERATORS WITH UU+VV PAIRING FACTORS



 S. P. LEVEL   EQP       U     V        (UU + VV)**1.00

     24       4.710    0.090 0.996      1.000 1.000 1.000 0.983 0.981 0.980 0.977 0.940 0.507 0.452 0.347 0.333 0.267 0.232 0.209
     25       3.980    0.107 0.994      1.000 1.000 1.000 0.986 0.984 0.983 0.980 0.945 0.521 0.467 0.362 0.349 0.283 0.248 0.225
     26       3.814    0.112 0.994      1.000 1.000 1.000 0.987 0.985 0.984 0.981 0.947 0.525 0.471 0.367 0.353 0.288 0.253 0.230
     27       1.625    0.271 0.963      0.983 0.986 0.987 1.000 1.000 1.000 1.000 0.986 0.656 0.608 0.512 0.500 0.439 0.406 0.384
     28       1.568    0.281 0.960      0.981 0.984 0.985 1.000 1.000 1.000 1.000 0.988 0.664 0.616 0.522 0.509 0.449 0.416 0.394
     29       1.548    0.285 0.958      0.980 0.983 0.984 1.000 1.000 1.000 1.000 0.989 0.667 0.620 0.525 0.513 0.452 0.419 0.398
     30       1.478    0.300 0.954      0.977 0.980 0.981 1.000 1.000 1.000 1.000 0.991 0.679 0.632 0.539 0.526 0.466 0.434 0.412
     31       1.099    0.426 0.905      0.940 0.945 0.947 0.986 0.988 0.989 0.991 1.000 0.771 0.730 0.647 0.636 0.581 0.551 0.531
     32       1.096    0.904 0.427      0.507 0.521 0.525 0.656 0.664 0.667 0.679 0.771 1.000 0.998 0.984 0.982 0.966 0.956 0.949
     33       1.232    0.929 0.370      0.452 0.467 0.471 0.608 0.616 0.620 0.632 0.730 0.998 1.000 0.993 0.992 0.980 0.972 0.967
     34       1.682    0.965 0.261      0.347 0.362 0.367 0.512 0.522 0.525 0.539 0.647 0.984 0.993 1.000 1.000 0.997 0.993 0.990
     35       1.773    0.969 0.246      0.333 0.349 0.353 0.500 0.509 0.513 0.526 0.636 0.982 0.992 1.000 1.000 0.998 0.994 0.992
     36       2.400    0.984 0.179      0.267 0.283 0.288 0.439 0.449 0.452 0.466 0.581 0.966 0.980 0.997 0.998 1.000 0.999 0.998
     37       2.990    0.990 0.143      0.232 0.248 0.253 0.406 0.416 0.419 0.434 0.551 0.956 0.972 0.993 0.994 0.999 1.000 1.000
     38       3.565    0.993 0.120      0.209 0.225 0.230 0.384 0.394 0.398 0.412 0.531 0.949 0.967 0.990 0.992 0.998 1.000 1.000

  R CORE   ENERGY   A0R/A00=1.000    R3= 0     2  
   2( 1)    0.732                    1.000 0.000
   2( 2)  487.921                    0.000 1.000

  R CORE   ENERGY   A0R/A00=1.000    R3= 0     2  
   3( 1)  488.652                    0.000 1.000

  R CORE   ENERGY   A0R/A00=1.000    R3= 0     2     4  
   4( 1)    2.438                    1.000 0.000 0.000

  R CORE   ENERGY   A0R/A00=1.000    R3= 0     2     4  
   5( 1)  490.847                    0.000 1.000 0.000

  R CORE   ENERGY   A0R/A00=1.000    R3= 0     2     4     6  
   6( 1)    5.121                    1.000 0.000 0.000 0.000

  R CORE   ENERGY   A0R/A00=1.000    R3= 0     2     4     6  
   7( 1)  494.017                    0.000 1.000 0.000 0.000

          AXIAL SYMMETRY => K RESTRICTED TO OMEGA

                     K
     S.P. ORB#: 24  2.50
     S.P. ORB#: 25  0.50
     S.P. ORB#: 26 -1.50
     S.P. ORB#: 27 -5.50
     S.P. ORB#: 28  2.50
     S.P. ORB#: 29  2.50
     S.P. ORB#: 30  0.50
     S.P. ORB#: 31 -3.50
     S.P. ORB#: 32  0.50
     S.P. ORB#: 33 -1.50
     S.P. ORB#: 34 -3.50
     S.P. ORB#: 35  0.50
     S.P. ORB#: 36 -1.50
     S.P. ORB#: 37 -3.50
     S.P. ORB#: 38  4.50
 

             ENERGY    K= OMEGA
 
 I=  1/2- (1)  2.500  32: 0.999
 
 I=  1/2- (2)  4.650  30:-0.884
                      35: 0.468
 
 I=  1/2- (3)  5.811  25: 0.999
 
 I=  1/2- (4)  6.169  30:-0.468
                      35:-0.884
 
 I=  1/2- (5)147.535  33: 1.000

             ENERGY    K= OMEGA
 
 I=  3/2- (1)  2.558  32: 0.743
                      33:-0.669
 
 I=  3/2- (2)  2.796  25:-0.127
                      32:-0.661
                      33:-0.739

             ENERGY    K= OMEGA
 
 I=  5/2- (1)  3.035  24:-0.050
                      25: 0.176
                      29:-0.226
                      32:-0.504
                      33:-0.813
 
 I=  5/2- (2)  3.368  25: 0.051
                      29: 0.964
                      32:-0.232
                      33:-0.115
 
 I=  5/2- (3)  3.730  29:-0.135
                      32:-0.820
                      33: 0.553
 
 I=  5/2- (4)  5.011  26:-0.123
                      28: 0.112
                      30: 0.800
                      35:-0.519
                      36:-0.252
 
 I=  5/2- (5)  6.493  26: 0.463
                      28:-0.829
                      35:-0.312

             ENERGY    K= OMEGA
 
 I=  7/2- (1)  2.797  24:-0.215
                      29: 0.100
                      31: 0.970
 
 I=  7/2- (2)  3.659  29: 0.559
                      32: 0.294
                      33:-0.363
                      37:-0.683
 
 I=  7/2- (3)  3.784  29: 0.197
                      32:-0.734
                      33: 0.493
                      37:-0.418
 
 I=  7/2- (4)  4.185  24: 0.062
                      25:-0.226
                      29: 0.151
                      32:-0.580
                      33:-0.719
                      37: 0.262
 
 I=  7/2- (5)  4.539  25: 0.067
                      29: 0.783
                      31:-0.101
                      32: 0.086
                      33: 0.271
                      37: 0.538

             ENERGY    K= OMEGA
 
 I=  9/2- (1)  3.348  24:-0.266
                      29: 0.121
                      31:-0.872
                      33:-0.058
                      38: 0.384
 
 I=  9/2- (2)  4.491  24: 0.109
                      25:-0.171
                      29: 0.476
                      31: 0.121
                      32: 0.302
                      33: 0.503
                      37: 0.569
                      38: 0.224
 
 I=  9/2- (3)  4.702  25: 0.234
                      29: 0.240
                      31: 0.183
                      32:-0.459
                      33:-0.585
                      37: 0.516
                      38: 0.183
 
 I=  9/2- (4)  4.912  24: 0.107
                      29:-0.379
                      31: 0.282
                      37:-0.155
                      38: 0.859
 
 I=  9/2- (5)  5.718  26:-0.431
                      28: 0.594
                      30: 0.501
                      34:-0.338
                      35:-0.230
                      36:-0.209

             ENERGY    K= OMEGA
 
 I= 11/2- (1)  2.964  27:-1.000
 
 I= 11/2- (2)  4.208  24:-0.308
                      29: 0.131
                      31: 0.842
                      33: 0.063
                      37:-0.070
                      38: 0.410
 
 I= 11/2- (3)  5.692  24:-0.132
                      29:-0.551
                      31: 0.157
                      32:-0.220
                      33: 0.344
                      37: 0.671
                      38:-0.190
 
 I= 11/2- (4)  5.838  26: 0.471
                      28: 0.576
                      30: 0.517
                      34: 0.300
                      35: 0.224
                      36: 0.196
 
 I= 11/2- (5)  5.983  25:-0.085
                      29: 0.159
                      31:-0.110
                      32:-0.803
                      33: 0.451
                      37:-0.324

             ENERGY    K= OMEGA
 
 I= 13/2- (1)  4.546  27:-0.998
 
 I= 13/2- (2)  5.324  24:-0.343
                      27: 0.053
                      29: 0.135
                      31:-0.824
                      33:-0.076
                      37: 0.080
                      38: 0.411
 
 I= 13/2- (3)  6.799  26: 0.510
                      28:-0.675
                      30:-0.333
                      34: 0.373
                      35: 0.094
                      36: 0.158
 
 I= 13/2- (4)  6.969  24: 0.122
                      25:-0.282
                      29: 0.416
                      31: 0.061
                      32: 0.397
                      33: 0.604
                      37: 0.430
                      38: 0.149
 
 I= 13/2- (5)  7.315  24: 0.072
                      25: 0.247
                      29: 0.417
                      31: 0.194
                      32:-0.388
                      33:-0.417
                      37: 0.626
                      38: 0.082

             ENERGY     K= 9/2
  32 LEVELS    TIME=  0.0 SEC



 ******************* EXCITATION ENERGIES, DOMINANT CONFIGURATION AND EXPECTATION VALUES (WITH S.P. UU+VV FACTORS) *******************

  NR  Eex(keV)  I   Kdom  NY    <Jz>  <Jx**2> <Jy**2> <Jz**2> <I.j>/|I|  <Rx**2> <Ry**2> <Rz**2> <R.j>/|R|  <HROTx> <HROTy> <HROTz>

   1    0.0   1/2-   1/2  32    0.50    5.31    5.31    0.25    0.09       5.73    5.73    0.00   -3.19      0.699   0.699   0.000
   2   58.9   3/2-   1/2  32   -0.39    5.31    5.31    1.14    1.04       5.74    5.74    0.00   -2.88      0.700   0.700   0.000
   3  296.5   3/2-  -3/2  33   -0.59    5.33    5.33    1.34    0.72       6.48    6.48    0.00   -2.95      0.790   0.790   0.000
   4  297.3   7/2-  -7/2  31   -3.16    6.47    6.47   11.89    3.54       6.25    6.25    0.00   -3.05      0.762   0.762   0.000
   5  464.4  11/2- -11/2  27   -5.49    2.75    2.75   30.24    5.06       5.49    5.49   -0.00   -1.66      0.669   0.669  -0.001
  
   6  535.1   5/2-  -3/2  33   -0.72    5.45    5.45    1.89    1.25       7.08    7.08    0.00   -2.42      0.864   0.864   0.000
   7  848.3   9/2-  -7/2  31   -1.80    5.99    5.99   12.88    3.65       6.64    6.64    0.00   -1.84      0.809   0.809   0.000
   8  868.2   5/2-   5/2  29    2.33    6.10    6.10    5.86    1.98       7.54    7.54    0.00   -3.14      0.919   0.919   0.000
   9 1159.0   7/2-  -7/2  37   -1.00    4.14    4.14    8.00    2.48       6.20    6.20   -0.00   -1.84      0.756   0.756  -0.000
  10 1230.0   5/2-   1/2  32   -0.07    5.35    5.35    0.98   -0.12      10.56   10.56    0.00   -2.62      1.287   1.287   0.000
  
  11 1284.7   7/2-   1/2  32   -0.61    4.80    4.80    3.09    1.21       9.43    9.43    0.00   -1.82      1.149   1.149   0.000
  12 1685.1   7/2-  -3/2  33   -0.76    5.21    5.21    2.27    0.77      11.14   11.14    0.00   -2.04      1.358   1.358   0.000
  13 1708.0  11/2-  -7/2  31   -1.47    5.98    5.98   12.89    3.47       9.56    9.56    0.00   -0.94      1.166   1.166   0.000
  14 1991.4   9/2-  -7/2  37   -0.68    4.41    4.41    7.25    2.13       9.82    9.82   -0.00   -1.24      1.197   1.197  -0.000
  15 2039.2   7/2-   5/2  29    0.39    4.99    4.99    7.68    1.54      10.62   10.62   -0.00   -2.51      1.294   1.294  -0.000
  
  16 2046.5  13/2- -11/2  27   -5.47    2.75    2.75   30.20    4.33      11.96   11.96   -0.00   -1.11      1.459   1.459  -0.001
  17 2150.7   1/2-   1/2  30    0.50   13.17   13.17    0.25    1.06      12.75   12.75    0.00   -5.08      1.554   1.554   0.000
  18 2202.6   9/2-  -3/2  33   -1.13    4.59    4.59    5.55    1.67      11.43   11.43   -0.00   -1.34      1.393   1.393  -0.000
  19 2412.8   9/2-   9/2  38    3.35    3.38    3.38   17.19    3.38       7.55    7.55    0.00   -1.84      0.920   0.920   0.000
  20 2511.0   5/2-   1/2  30    0.37   13.83   13.83    0.48    1.58      13.77   13.77    0.00   -4.47      1.679   1.679   0.000
  
  21 2824.5  13/2-  -7/2  31   -1.33    6.03    6.03   12.77    3.30      13.78   13.78    0.00   -0.35      1.680   1.680   0.000
  22 3192.4  11/2-  -7/2  37   -0.85    4.04    4.04    8.84    2.05      14.09   14.09   -0.00   -0.88      1.718   1.718  -0.000
  23 3218.2   9/2-   5/2  28    0.29   19.66   19.66    4.19    3.81      15.16   15.16   -0.00   -4.46      1.848   1.848  -0.000
  24 3311.3   1/2-   1/2  25    0.50    7.60    7.60    0.25    0.66       7.53    7.53    0.00   -3.83      0.918   0.918   0.000
  25 3338.2  11/2-   5/2  28    0.28   20.18   20.18    3.85    4.12      15.35   15.35   -0.00   -3.53      1.871   1.871  -0.000
  
  26 3483.8  11/2-   1/2  32   -0.32    4.99    4.99    2.24    0.84      18.97   18.97    0.00   -1.17      2.312   2.312   0.000
  27 3669.1   1/2-   1/2  35    0.50   17.01   17.01    0.25   -0.90      18.29   18.29    0.00   -5.80      2.230   2.230   0.000
  28 3993.8   5/2-   5/2  28    1.44   21.89   21.89    4.80    3.56      18.14   18.14    0.00   -6.32      2.212   2.212   0.000
  29 4299.2  13/2-   5/2  28    0.29   21.41   21.41    5.23    4.22      18.94   18.94   -0.00   -3.02      2.309   2.309  -0.000
  30 4469.8  13/2-  -3/2  33   -0.52    5.03    5.03    4.81    1.59      20.74   20.74    0.00   -0.59      2.529   2.529   0.000
  
  31 4815.4  13/2-  -7/2  37   -1.18    4.37    4.37    6.96    1.58      21.18   21.18    0.00   -0.71      2.582   2.582   0.000
  32*******   1/2-  -3/2  33    0.00    0.00    0.00    0.00   -0.00       0.00    0.00    0.00   -0.00      0.000   0.000   0.000
