1SPECTRUM OF (Z= 82 A=207) IN PARTICLE-ROTOR  MODEL WITH MODIFIED OSCILLATOR POTENTIAL


 PARITY=-   EPS= 0.619   GAMMA=  0.0   EPS4=0.000   EPS6=0.000   LEVELS:  24  25  26  27  28  29  30  31  32  33  34  35  36  37  38

 PAIRING FACTORS: GN0= 19.20  GN1=  7.40  IPAIR= 15 ***  E2PLUS(INPUT)=   0.730  E2PLUR(INPUT)=   0.000

 CORIOLIS ATTENUATION PARAMETERS:  CHSI=1.000  ETA=  1.00

 MOMENT OF INERTIA PARAMETERS:   A1=  0.122 MEV   A2=  0.122 MEV   A3=121.91924 MEV


 DELTA=0.891 MEV  LAMBDA=53.7391 MEV   HW0= 7.8090 MEV   LAMBDA/HW0= 6.8817

 E2ENERGY=0.730 MEV  HBAR**2/B=71045./A**(7/3)=******/A**2 MEV

 IREC=0  =>  RECOIL TERMS j+j-, j+j+, jzjz, ETC TREATED AS ONE-BODY OPERATORS WITH UU+VV PAIRING FACTORS



 S. P. LEVEL   EQP       U     V        (UU + VV)**1.00

     24       4.492    0.100 0.995      1.000 1.000 1.000 1.000 0.998 0.822 0.808 0.592 0.528 0.496 0.459 0.318 0.300 0.213 0.189
     25       3.904    0.115 0.993      1.000 1.000 1.000 1.000 0.999 0.831 0.817 0.604 0.541 0.509 0.472 0.333 0.315 0.228 0.204
     26       3.850    0.117 0.993      1.000 1.000 1.000 1.000 0.999 0.832 0.818 0.606 0.543 0.510 0.474 0.334 0.316 0.229 0.205
     27       3.806    0.118 0.993      1.000 1.000 1.000 1.000 0.999 0.833 0.819 0.607 0.544 0.512 0.475 0.336 0.318 0.231 0.207
     28       2.841    0.159 0.987      0.998 0.999 0.999 0.999 1.000 0.855 0.842 0.639 0.578 0.547 0.511 0.374 0.357 0.271 0.247
     29       0.903    0.648 0.761      0.822 0.831 0.832 0.833 0.855 1.000 1.000 0.946 0.918 0.902 0.883 0.801 0.790 0.731 0.714
     30       0.897    0.667 0.745      0.808 0.817 0.818 0.819 0.842 1.000 1.000 0.953 0.927 0.912 0.894 0.816 0.804 0.748 0.731
     31       1.017    0.861 0.509      0.592 0.604 0.606 0.607 0.639 0.946 0.953 1.000 0.997 0.993 0.988 0.952 0.946 0.913 0.903
     32       1.125    0.897 0.441      0.528 0.541 0.543 0.544 0.578 0.918 0.927 0.997 1.000 0.999 0.997 0.973 0.968 0.942 0.933
     33       1.199    0.914 0.407      0.496 0.509 0.510 0.512 0.547 0.902 0.912 0.993 0.999 1.000 0.999 0.981 0.977 0.954 0.946
     34       1.302    0.930 0.368      0.459 0.472 0.474 0.475 0.511 0.883 0.894 0.988 0.997 0.999 1.000 0.988 0.985 0.966 0.959
     35       2.057    0.975 0.222      0.318 0.333 0.334 0.336 0.374 0.801 0.816 0.952 0.973 0.981 0.988 1.000 1.000 0.994 0.991
     36       2.235    0.979 0.204      0.300 0.315 0.316 0.318 0.357 0.790 0.804 0.946 0.968 0.977 0.985 1.000 1.000 0.996 0.993
     37       3.921    0.993 0.114      0.213 0.228 0.229 0.231 0.271 0.731 0.748 0.913 0.942 0.954 0.966 0.994 0.996 1.000 1.000
     38       4.982    0.996 0.090      0.189 0.204 0.205 0.207 0.247 0.714 0.731 0.903 0.933 0.946 0.959 0.991 0.993 1.000 1.000

  R CORE   ENERGY   A0R/A00=1.000    R3= 0     2  
   2( 1)    0.732                    1.000 0.000
   2( 2)  487.921                    0.000 1.000

  R CORE   ENERGY   A0R/A00=1.000    R3= 0     2  
   3( 1)  488.652                    0.000 1.000

  R CORE   ENERGY   A0R/A00=1.000    R3= 0     2     4  
   4( 1)    2.438                    1.000 0.000 0.000

  R CORE   ENERGY   A0R/A00=1.000    R3= 0     2     4  
   5( 1)  490.847                    0.000 1.000 0.000

  R CORE   ENERGY   A0R/A00=1.000    R3= 0     2     4     6  
   6( 1)    5.121                    1.000 0.000 0.000 0.000

  R CORE   ENERGY   A0R/A00=1.000    R3= 0     2     4     6  
   7( 1)  494.017                    0.000 1.000 0.000 0.000

          AXIAL SYMMETRY => K RESTRICTED TO OMEGA

                     K
     S.P. ORB#: 24  2.50
     S.P. ORB#: 25  4.50
     S.P. ORB#: 26  0.50
     S.P. ORB#: 27  0.50
     S.P. ORB#: 28  2.50
     S.P. ORB#: 29  0.50
     S.P. ORB#: 30  2.50
     S.P. ORB#: 31 -3.50
     S.P. ORB#: 32 -1.50
     S.P. ORB#: 33 -5.50
     S.P. ORB#: 34 -3.50
     S.P. ORB#: 35  0.50
     S.P. ORB#: 36 -1.50
     S.P. ORB#: 37 -1.50
     S.P. ORB#: 38  4.50
 

             ENERGY    K= OMEGA
 
 I=  1/2- (1)  3.537  35: 0.999
 
 I=  1/2- (2)  4.787  26: 0.363
                      29:-0.932
 
 I=  1/2- (3)  5.745  27:-0.999
 
 I=  1/2- (4)  7.723  26: 0.932
                      29: 0.363
 
 I=  1/2- (5)147.429  32: 1.000

             ENERGY    K= OMEGA
 
 I=  3/2- (1)  3.606  35:-0.813
                      36:-0.581
 
 I=  3/2- (2)  3.847  27: 0.118
                      35:-0.575
                      36: 0.810

             ENERGY    K= OMEGA
 
 I=  5/2- (1)  2.730  30: 0.997
                      36: 0.079
 
 I=  5/2- (2)  4.186  27: 0.189
                      30: 0.074
                      35: 0.517
                      36:-0.830
 
 I=  5/2- (3)  4.678  26:-0.474
                      29: 0.743
                      32:-0.406
                      37:-0.240
 
 I=  5/2- (4)  4.766  27: 0.056
                      35: 0.842
                      36: 0.534
 
 I=  5/2- (5)  6.005  28:-0.114
                      29:-0.435
                      32:-0.884
                      37: 0.123

             ENERGY    K= OMEGA
 
 I=  7/2- (1)  2.877  24:-0.140
                      30: 0.209
                      31: 0.968
 
 I=  7/2- (2)  3.599  24: 0.060
                      30: 0.969
                      31:-0.201
                      36:-0.129
 
 I=  7/2- (3)  4.829  30:-0.087
                      35:-0.844
                      36:-0.526
 
 I=  7/2- (4)  5.311  24:-0.062
                      27: 0.226
                      30: 0.098
                      35:-0.512
                      36: 0.820
 
 I=  7/2- (5)  5.400  26: 0.348
                      28: 0.054
                      29: 0.852
                      32:-0.205
                      37: 0.327

             ENERGY    K= OMEGA
 
 I=  9/2- (1)  3.806  24:-0.201
                      25: 0.053
                      30: 0.250
                      31:-0.946
 
 I=  9/2- (2)  4.695  24: 0.092
                      30: 0.949
                      31: 0.230
                      36: 0.186
 
 I=  9/2- (3)  5.445  26: 0.513
                      29:-0.706
                      32: 0.382
                      37: 0.298
 
 I=  9/2- (4)  5.894  24: 0.050
                      27:-0.301
                      30:-0.177
                      31:-0.055
                      35:-0.536
                      36: 0.765
 
 I=  9/2- (5)  6.277  28: 0.334
                      29: 0.080
                      32: 0.091
                      34:-0.819
                      37:-0.057
                      38: 0.446

             ENERGY    K= OMEGA
 
 I= 11/2- (1)  2.453  25: 0.129
                      33: 0.992
 
 I= 11/2- (2)  4.964  24:-0.248
                      25: 0.067
                      30: 0.263
                      31: 0.930
 
 I= 11/2- (3)  6.025  24: 0.116
                      30: 0.935
                      31:-0.231
                      35:-0.066
                      36:-0.232
 
 I= 11/2- (4)  6.411  26:-0.305
                      28:-0.265
                      29:-0.545
                      32: 0.218
                      34:-0.552
                      37:-0.259
                      38:-0.346
 
 I= 11/2- (5)  6.611  26:-0.287
                      28: 0.195
                      29:-0.586
                      32: 0.091
                      34: 0.569
                      37:-0.259
                      38: 0.370

             ENERGY    K= OMEGA
 
 I= 13/2- (1)  3.937  25:-0.186
                      33: 0.982
 
 I= 13/2- (2)  6.352  24:-0.289
                      25: 0.073
                      30: 0.265
                      31:-0.916
 
 I= 13/2- (3)  7.057  26: 0.259
                      28: 0.296
                      29:-0.308
                      32: 0.236
                      34:-0.680
                      37: 0.129
                      38: 0.464
 
 I= 13/2- (4)  7.175  26:-0.463
                      28: 0.138
                      29: 0.618
                      32:-0.282
                      34:-0.375
                      37:-0.309
                      38: 0.261
 
 I= 13/2- (5)  7.570  24: 0.136
                      27:-0.095
                      30: 0.904
                      31: 0.212
                      35:-0.107
                      36: 0.313

             ENERGY     K= 9/2
  32 LEVELS    TIME=  0.0 SEC



 ******************* EXCITATION ENERGIES, DOMINANT CONFIGURATION AND EXPECTATION VALUES (WITH S.P. UU+VV FACTORS) *******************

  NR  Eex(keV)  I   Kdom  NY    <Jz>  <Jx**2> <Jy**2> <Jz**2> <I.j>/|I|  <Rx**2> <Ry**2> <Rz**2> <R.j>/|R|  <HROTx> <HROTy> <HROTz>

   1    0.0  11/2- -11/2  33   -5.33    2.83    2.83   30.08    5.15       4.96    4.96    0.00   -1.57      0.604   0.604   0.000
   2  277.0   5/2-   5/2  30    2.47    6.30    6.30    6.22    2.13       7.47    7.47    0.00   -3.24      0.911   0.911   0.000
   3  423.8   7/2-  -7/2  31   -3.12    6.52    6.52   11.87    3.27       7.37    7.37    0.00   -3.11      0.898   0.898   0.000
   4 1084.4   1/2-   1/2  35    0.50    5.58    5.58    0.25    0.02       6.05    6.05    0.00   -3.27      0.738   0.738   0.000
   5 1145.8   7/2-   5/2  30    2.19    6.28    6.28    6.42    1.63      10.91   10.91    0.00   -2.68      1.330   1.330   0.000
  
   6 1153.7   3/2-   1/2  35   -0.18    5.58    5.58    0.93    0.94       6.10    6.10    0.00   -2.94      0.744   0.744   0.000
   7 1353.4   9/2-  -7/2  31   -2.86    6.58    6.58   11.66    2.80      10.86   10.86    0.00   -2.34      1.324   1.324   0.000
   8 1394.2   3/2-  -3/2  36   -0.81    5.62    5.62    1.56    0.78       6.76    6.76    0.00   -3.07      0.824   0.824   0.000
   9 1484.4  13/2- -11/2  33   -5.15    2.92    2.92   29.90    4.50      10.85   10.85    0.00   -0.93      1.322   1.322   0.000
  10 1733.5   5/2-  -3/2  36   -0.86    5.69    5.69    1.67    0.99       7.98    7.98    0.00   -2.54      0.973   0.973   0.000
  
  11 2225.0   5/2-   1/2  29    0.06   14.46   14.46    0.70    2.46      11.90   11.90   -0.00   -4.58      1.451   1.451  -0.000
  12 2242.5   9/2-   5/2  30    2.04    6.26    6.26    6.42    1.33      15.21   15.21    0.00   -2.23      1.854   1.854   0.000
  13 2313.4   5/2-   1/2  35   -0.07    5.59    5.59    0.83   -0.17      10.87   10.87    0.00   -2.68      1.326   1.326   0.000
  14 2334.2   1/2-   1/2  29    0.50   14.98   14.98    0.25    1.32      14.34   14.34   -0.00   -5.43      1.748   1.748  -0.000
  15 2376.3   7/2-   1/2  35   -0.04    5.59    5.59    0.86    0.68      11.18   11.18    0.00   -1.97      1.363   1.363   0.000
  
  16 2511.2  11/2-  -7/2  31   -2.68    6.65    6.65   11.51    2.51      15.29   15.29    0.00   -1.77      1.864   1.864   0.000
  17 2858.1   7/2-  -3/2  36   -0.82    5.73    5.73    1.68    0.49      12.50   12.50    0.00   -2.24      1.523   1.523   0.000
  18 2946.8   7/2-   1/2  29    0.20   18.13   18.13    0.58    2.70      15.59   15.59   -0.00   -4.68      1.900   1.900  -0.000
  19 2992.3   9/2-   1/2  29    0.03   14.32   14.32    0.75    2.59      14.19   14.19   -0.00   -3.10      1.730   1.730  -0.000
  20 3291.8   1/2-   1/2  27    0.50    8.01    8.01    0.25    0.62       7.97    7.97    0.00   -3.94      0.971   0.971   0.000
  
  21 3441.6   9/2-  -3/2  36   -0.61    5.85    5.85    1.66    0.86      14.79   14.79    0.00   -1.67      1.804   1.804   0.000
  22 3552.5   5/2-  -3/2  32   -1.07   16.90   16.90    1.92    0.78      19.92   19.92   -0.00   -5.29      2.428   2.428  -0.000
  23 3572.7  11/2-   5/2  30    1.96    6.25    6.25    6.33    1.14      20.47   20.47    0.00   -1.88      2.496   2.496   0.000
  24 3824.7   9/2-  -7/2  34   -1.19   21.31   21.31   12.98    4.72      16.68   16.68   -0.00   -5.56      2.033   2.033  -0.000
  25 3899.5  13/2-  -7/2  31   -2.54    6.71    6.71   11.39    2.31      20.66   20.66    0.00   -1.35      2.519   2.519   0.000
  
  26 3958.0  11/2-  -7/2  34   -0.33   19.73   19.73    6.96    3.94      17.53   17.53    0.00   -3.86      2.138   2.138   0.000
  27 4158.4  11/2-   1/2  29   -0.32   19.70   19.70    7.25    3.80      18.45   18.45    0.00   -3.93      2.249   2.249   0.000
  28 4604.4  13/2-  -7/2  34   -0.45   19.60   19.60   10.78    4.33      19.11   19.11    0.00   -3.19      2.330   2.330   0.000
  29 4722.5  13/2-   1/2  29   -0.10   15.86   15.86    3.77    3.12      20.35   20.35    0.00   -2.15      2.481   2.481   0.000
  30 5117.4  13/2-   5/2  30    1.80    6.23    6.23    6.02    1.04      26.36   26.36    0.00   -1.55      3.214   3.214   0.000
  
  31 5270.6   1/2-   1/2  26    0.50   15.88   15.88    0.25   -1.27      17.48   17.48    0.00   -5.60      2.131   2.131   0.000
  32*******   1/2-  -3/2  32    0.00    0.00    0.00    0.00    0.00       0.00    0.00    0.00   -0.00      0.000   0.000   0.000
