1SPECTRUM OF (Z= 82 A=207) IN PARTICLE-ROTOR  MODEL WITH MODIFIED OSCILLATOR POTENTIAL


 PARITY=-   EPS= 0.434   GAMMA=  0.0   EPS4=0.000   EPS6=0.000   LEVELS:  24  25  26  27  28  29  30  31  32  33  34  35  36  37  38

 PAIRING FACTORS: GN0= 19.20  GN1=  7.40  IPAIR= 15 ***  E2PLUS(INPUT)=   0.730  E2PLUR(INPUT)=   0.000

 CORIOLIS ATTENUATION PARAMETERS:  CHSI=1.000  ETA=  1.00

 MOMENT OF INERTIA PARAMETERS:   A1=  0.122 MEV   A2=  0.122 MEV   A3=121.91923 MEV


 DELTA=0.851 MEV  LAMBDA=53.4840 MEV   HW0= 7.5892 MEV   LAMBDA/HW0= 7.0474

 E2ENERGY=0.730 MEV  HBAR**2/B=34925./A**(7/3)=5904.0/A**2 MEV

 IREC=0  =>  RECOIL TERMS j+j-, j+j+, jzjz, ETC TREATED AS ONE-BODY OPERATORS WITH UU+VV PAIRING FACTORS



 S. P. LEVEL   EQP       U     V        (UU + VV)**1.00

     24       4.255    0.101 0.995      1.000 1.000 0.999 0.998 0.997 0.990 0.938 0.841 0.773 0.701 0.375 0.340 0.303 0.260 0.237
     25       4.003    0.107 0.994      1.000 1.000 0.999 0.999 0.997 0.991 0.940 0.844 0.777 0.706 0.381 0.346 0.310 0.266 0.243
     26       3.059    0.141 0.990      0.999 0.999 1.000 1.000 0.999 0.995 0.951 0.862 0.798 0.729 0.412 0.377 0.342 0.299 0.276
     27       2.686    0.161 0.987      0.998 0.999 1.000 1.000 1.000 0.997 0.957 0.872 0.810 0.743 0.431 0.396 0.361 0.318 0.295
     28       2.377    0.182 0.983      0.997 0.997 0.999 1.000 1.000 0.998 0.963 0.882 0.823 0.758 0.450 0.416 0.381 0.339 0.316
     29       1.832    0.239 0.971      0.990 0.991 0.995 0.997 0.998 1.000 0.977 0.908 0.854 0.794 0.502 0.469 0.434 0.393 0.371
     30       1.077    0.440 0.898      0.938 0.940 0.951 0.957 0.963 0.977 1.000 0.976 0.945 0.905 0.674 0.646 0.616 0.580 0.560
     31       0.873    0.624 0.782      0.841 0.844 0.862 0.872 0.882 0.908 0.976 1.000 0.993 0.976 0.818 0.795 0.771 0.742 0.725
     32       0.851    0.709 0.705      0.773 0.777 0.798 0.810 0.823 0.854 0.945 0.993 1.000 0.994 0.878 0.859 0.839 0.814 0.799
     33       0.872    0.780 0.626      0.701 0.706 0.729 0.743 0.758 0.794 0.905 0.976 0.994 1.000 0.924 0.909 0.892 0.871 0.859
     34       1.583    0.960 0.280      0.375 0.381 0.412 0.431 0.450 0.502 0.674 0.818 0.878 0.924 1.000 0.999 0.997 0.993 0.989
     35       1.802    0.970 0.244      0.340 0.346 0.377 0.396 0.416 0.469 0.646 0.795 0.859 0.909 0.999 1.000 0.999 0.997 0.994
     36       2.110    0.979 0.206      0.303 0.310 0.342 0.361 0.381 0.434 0.616 0.771 0.839 0.892 0.997 0.999 1.000 0.999 0.998
     37       2.666    0.987 0.162      0.260 0.266 0.299 0.318 0.339 0.393 0.580 0.742 0.814 0.871 0.993 0.997 0.999 1.000 1.000
     38       3.120    0.990 0.138      0.237 0.243 0.276 0.295 0.316 0.371 0.560 0.725 0.799 0.859 0.989 0.994 0.998 1.000 1.000

  R CORE   ENERGY   A0R/A00=1.000    R3= 0     2  
   2( 1)    0.732                    1.000 0.000
   2( 2)  487.921                    0.000 1.000

  R CORE   ENERGY   A0R/A00=1.000    R3= 0     2  
   3( 1)  488.652                    0.000 1.000

  R CORE   ENERGY   A0R/A00=1.000    R3= 0     2     4  
   4( 1)    2.438                    1.000 0.000 0.000

  R CORE   ENERGY   A0R/A00=1.000    R3= 0     2     4  
   5( 1)  490.847                    0.000 1.000 0.000

  R CORE   ENERGY   A0R/A00=1.000    R3= 0     2     4     6  
   6( 1)    5.121                    1.000 0.000 0.000 0.000

  R CORE   ENERGY   A0R/A00=1.000    R3= 0     2     4     6  
   7( 1)  494.017                    0.000 1.000 0.000 0.000

          AXIAL SYMMETRY => K RESTRICTED TO OMEGA

                     K
     S.P. ORB#: 24  0.50
     S.P. ORB#: 25  0.50
     S.P. ORB#: 26 -5.50
     S.P. ORB#: 27 -1.50
     S.P. ORB#: 28  2.50
     S.P. ORB#: 29 -3.50
     S.P. ORB#: 30  2.50
     S.P. ORB#: 31  0.50
     S.P. ORB#: 32 -1.50
     S.P. ORB#: 33  0.50
     S.P. ORB#: 34 -3.50
     S.P. ORB#: 35 -3.50
     S.P. ORB#: 36  4.50
     S.P. ORB#: 37  0.50
     S.P. ORB#: 38 -1.50
 

             ENERGY    K= OMEGA
 
 I=  1/2- (1)  2.212  31:-0.999
 
 I=  1/2- (2)  3.642  25:-0.247
                      33: 0.921
                      37:-0.300
 
 I=  1/2- (3)  5.998  24: 0.999
 
 I=  1/2- (4)  6.677  25:-0.254
                      33: 0.237
                      37: 0.938
 
 I=  1/2- (5) 10.156  25: 0.935
                      33: 0.308
                      37: 0.175

             ENERGY    K= OMEGA
 
 I=  3/2- (1)  2.181  31: 0.470
                      32:-0.882
 
 I=  3/2- (2)  2.397  24: 0.181
                      31: 0.870
                      32: 0.458

             ENERGY    K= OMEGA
 
 I=  5/2- (1)  2.511  24: 0.236
                      31:-0.498
                      32:-0.833
 
 I=  5/2- (2)  3.396  24: 0.064
                      28: 0.063
                      31:-0.848
                      32: 0.522
 
 I=  5/2- (3)  3.802  25: 0.200
                      33:-0.830
                      37: 0.446
                      38: 0.268
 
 I=  5/2- (4)  4.179  28: 0.997
                      32:-0.071
 
 I=  5/2- (5)  5.894  25:-0.191
                      27: 0.578
                      30:-0.792

             ENERGY    K= OMEGA
 
 I=  7/2- (1)  2.491  28:-0.157
                      34: 0.987
 
 I=  7/2- (2)  3.414  28:-0.066
                      31:-0.662
                      32: 0.744
 
 I=  7/2- (3)  3.598  24: 0.316
                      28:-0.071
                      29:-0.091
                      31: 0.709
                      32: 0.619
 
 I=  7/2- (4)  3.756  28: 0.164
                      29: 0.980
                      32: 0.105
 
 I=  7/2- (5)  4.026  25: 0.062
                      27:-0.146
                      30:-0.161
                      33:-0.873
                      35:-0.059
                      37:-0.252
                      38:-0.346

             ENERGY    K= OMEGA
 
 I=  9/2- (1)  3.016  28: 0.099
                      29:-0.226
                      34: 0.372
                      36: 0.895
 
 I=  9/2- (2)  3.590  28:-0.206
                      29:-0.135
                      32:-0.089
                      34:-0.893
                      36: 0.362
 
 I=  9/2- (3)  3.861  24: 0.362
                      31:-0.542
                      32:-0.748
                      34: 0.116
 
 I=  9/2- (4)  4.673  25: 0.138
                      27: 0.071
                      30:-0.138
                      33:-0.771
                      35: 0.069
                      37: 0.490
                      38: 0.344
 
 I=  9/2- (5)  4.925  28:-0.253
                      29: 0.931
                      31: 0.054
                      36: 0.256

             ENERGY    K= OMEGA
 
 I= 11/2- (1)  3.919  25: 0.479
                      27: 0.557
                      30: 0.480
                      33: 0.380
                      35: 0.208
                      37: 0.121
                      38: 0.167
 
 I= 11/2- (2)  4.143  26:-0.177
                      28:-0.141
                      29:-0.292
                      34: 0.420
                      36:-0.829
 
 I= 11/2- (3)  4.407  26:-0.983
                      29: 0.053
                      34:-0.114
                      36: 0.127
 
 I= 11/2- (4)  4.912  28:-0.240
                      29: 0.195
                      32: 0.068
                      34: 0.851
                      36: 0.416
 
 I= 11/2- (5)  5.384  25:-0.347
                      27:-0.206
                      30:-0.175
                      33: 0.760
                      35:-0.099
                      37: 0.290
                      38: 0.368

             ENERGY    K= OMEGA
 
 I= 13/2- (1)  5.518  26: 0.137
                      28:-0.179
                      29: 0.337
                      32:-0.053
                      34:-0.450
                      36:-0.793
 
 I= 13/2- (2)  5.721  25:-0.169
                      27: 0.558
                      30:-0.673
                      33:-0.207
                      35: 0.368
                      37: 0.094
                      38: 0.143
 
 I= 13/2- (3)  5.989  24: 0.068
                      26:-0.976
                      28:-0.057
                      31:-0.082
                      32:-0.110
                      34:-0.128
                      36:-0.055
 
 I= 13/2- (4)  6.050  24: 0.438
                      26: 0.153
                      28:-0.068
                      31:-0.536
                      32:-0.689
                      36: 0.122
 
 I= 13/2- (5)  6.474  24: 0.059
                      26:-0.071
                      28: 0.255
                      29: 0.236
                      31:-0.082
                      32:-0.072
                      34: 0.823
                      36:-0.427

             ENERGY     K=-3/2
  32 LEVELS    TIME=  0.0 SEC



 ******************* EXCITATION ENERGIES, DOMINANT CONFIGURATION AND EXPECTATION VALUES (WITH S.P. UU+VV FACTORS) *******************

  NR  Eex(keV)  I   Kdom  NY    <Jz>  <Jx**2> <Jy**2> <Jz**2> <I.j>/|I|  <Rx**2> <Ry**2> <Rz**2> <R.j>/|R|  <HROTx> <HROTy> <HROTz>

   1    0.0   3/2-  -3/2  32   -1.06    5.11    5.11    1.81    1.27       5.43    5.43    0.00   -2.90      0.662   0.662   0.000
   2   31.0   1/2-   1/2  31    0.50    5.13    5.13    0.25    0.19       5.46    5.46   -0.00   -3.13      0.666   0.666  -0.000
   3  215.7   3/2-   1/2  31    0.08    5.04    5.04    0.67    0.74       5.82    5.82    0.00   -2.73      0.709   0.709   0.000
   4  309.8   7/2-  -7/2  34   -3.35    2.33    2.33   12.10    3.18       3.64    3.64    0.00   -1.54      0.444   0.444   0.000
   5  330.0   5/2-  -3/2  32   -0.88    5.31    5.31    1.65    1.53       6.00    6.00    0.00   -2.24      0.731   0.731   0.000
  
   6  834.7   9/2-   9/2  36    2.96    2.62    2.62   18.59    4.06       4.06    4.06   -0.00   -1.26      0.496   0.496  -0.000
   7 1214.2   5/2-   1/2  31   -0.04    5.15    5.15    0.82   -0.12      10.29   10.29    0.00   -2.53      1.254   1.254   0.000
   8 1232.1   7/2-  -3/2  32   -0.61    5.10    5.10    1.42    0.82      10.43   10.43    0.00   -1.83      1.272   1.272   0.000
   9 1408.9   9/2-  -7/2  34   -2.17    2.46    2.46   12.92    2.71       7.81    7.81    0.00   -1.10      0.952   0.952   0.000
  10 1417.1   7/2-   1/2  31   -0.29    5.16    5.16    1.15    0.97       9.76    9.76   -0.00   -1.72      1.190   1.190  -0.000
  
  11 1460.1   1/2-   1/2  33    0.50   10.31   10.31    0.25    1.04       9.91    9.91   -0.00   -4.49      1.209   1.209  -0.000
  12 1574.2   7/2-  -7/2  29   -3.31    6.28    6.28   11.95    3.09       7.87    7.87   -0.00   -3.09      0.959   0.959  -0.001
  13 1620.8   5/2-   1/2  33    0.36   10.99   10.99    0.40    2.09       9.38    9.38    0.00   -3.74      1.143   1.143   0.000
  14 1679.9   9/2-  -3/2  32   -0.67    5.49    5.49    1.56    1.65      10.43   10.43    0.00   -0.95      1.272   1.272   0.000
  15 1737.2  11/2-  -3/2  27    0.11   23.60   23.60    2.83    6.08       6.52    6.52    0.00   -3.78      0.795   0.795   0.000
  
  16 1844.5   7/2-   1/2  33    0.26   15.11   15.11    0.73    3.08      11.12   11.12    0.00   -3.97      1.356   1.356   0.000
  17 1961.5  11/2-   9/2  36    2.05    2.83    2.83   18.18    3.53       8.68    8.68   -0.00   -0.65      1.058   1.058  -0.000
  18 1997.7   5/2-   5/2  28    2.48    6.11    6.11    6.22    2.08       7.43    7.43    0.00   -3.18      0.906   0.906   0.000
  19 2225.4  11/2- -11/2  26   -5.30    2.76    2.76   29.77    4.99       5.69    5.69    0.00   -1.62      0.694   0.694   0.000
  20 2491.2   9/2-   1/2  33    0.27   12.14   12.14    0.67    2.50      12.42   12.42    0.00   -2.51      1.514   1.514   0.000
  
  21 2730.5  11/2-  -7/2  34   -1.77    2.54    2.54   13.27    2.34      13.05   13.05    0.00   -0.85      1.591   1.591   0.000
  22 2743.5   9/2-  -7/2  29   -2.58    6.00    6.00   12.35    2.43      12.48   12.48   -0.00   -2.46      1.521   1.521  -0.000
  23 3202.5  11/2-   1/2  33    0.17   12.83   12.83    0.91    2.75      14.71   14.71    0.00   -1.87      1.794   1.794   0.000
  24 3336.2  13/2-   9/2  36    1.70    3.01    3.01   17.38    3.10      14.45   14.45   -0.00   -0.33      1.761   1.761  -0.000
  25 3539.7  13/2-   5/2  30    0.20   23.11   23.11    5.25    4.88      16.05   16.05    0.00   -3.07      1.957   1.957   0.000
  
  26 3712.2   5/2-   5/2  30    1.09   23.21   23.21    4.68    4.33      17.11   17.11    0.00   -6.55      2.086   2.086   0.000
  27 3807.9  13/2- -11/2  26   -5.29    2.83    2.83   29.15    4.22      12.29   12.29    0.00   -1.07      1.499   1.499   0.000
  28 3816.1   1/2-   1/2  24    0.50    7.23    7.23    0.25    0.64       7.18    7.18    0.00   -3.74      0.875   0.875   0.000
  29 3868.2  13/2-  -3/2  32   -0.53    5.60    5.60    2.26    1.84      18.29   18.29   -0.00   -0.11      2.230   2.230  -0.000
  30 4292.6  13/2-  -7/2  34   -1.61    2.67    2.67   13.23    2.05      19.36   19.36   -0.00   -0.69      2.361   2.361  -0.000
  
  31 4495.3   1/2-   1/2  37    0.50   15.68   15.68    0.25   -0.37      16.51   16.51    0.00   -5.56      2.013   2.013   0.000
  32 7975.1   1/2-   1/2  25    0.50   23.08   23.08    0.25   -3.51      26.62   26.62   -0.00   -6.78      3.246   3.246  -0.000
