1SPECTRUM OF (Z= 82 A=207) IN PARTICLE-ROTOR  MODEL WITH MODIFIED OSCILLATOR POTENTIAL


 PARITY=-   EPS= 0.660   GAMMA=  0.0   EPS4=0.000   EPS6=0.000   LEVELS:  24  25  26  27  28  29  30  31  32  33  34  35  36  37  38

 PAIRING FACTORS: GN0= 19.20  GN1=  7.40  IPAIR= 15 ***  E2PLUS(INPUT)=   0.730  E2PLUR(INPUT)=   0.000

 CORIOLIS ATTENUATION PARAMETERS:  CHSI=1.000  ETA=  1.00

 MOMENT OF INERTIA PARAMETERS:   A1=  0.122 MEV   A2=  0.122 MEV   A3=121.91922 MEV


 DELTA=0.853 MEV  LAMBDA=53.8505 MEV   HW0= 7.8747 MEV   LAMBDA/HW0= 6.8384

 E2ENERGY=0.730 MEV  HBAR**2/B=80768./A**(7/3)=******/A**2 MEV

 IREC=0  =>  RECOIL TERMS j+j-, j+j+, jzjz, ETC TREATED AS ONE-BODY OPERATORS WITH UU+VV PAIRING FACTORS



 S. P. LEVEL   EQP       U     V        (UU + VV)**1.00

     24       4.699    0.091 0.996      1.000 1.000 1.000 0.999 0.999 0.936 0.700 0.594 0.467 0.423 0.315 0.260 0.248 0.205 0.176
     25       4.314    0.099 0.995      1.000 1.000 1.000 1.000 0.999 0.939 0.706 0.601 0.474 0.430 0.323 0.268 0.256 0.213 0.184
     26       3.637    0.118 0.993      1.000 1.000 1.000 1.000 1.000 0.946 0.719 0.616 0.491 0.447 0.341 0.286 0.274 0.231 0.202
     27       3.345    0.129 0.992      0.999 1.000 1.000 1.000 1.000 0.949 0.726 0.624 0.500 0.457 0.351 0.296 0.284 0.242 0.212
     28       3.256    0.132 0.991      0.999 0.999 1.000 1.000 1.000 0.950 0.729 0.627 0.503 0.460 0.354 0.299 0.288 0.245 0.216
     29       1.089    0.435 0.901      0.936 0.939 0.946 0.949 0.950 1.000 0.906 0.839 0.748 0.714 0.628 0.582 0.572 0.535 0.510
     30       0.870    0.775 0.632      0.700 0.706 0.719 0.726 0.729 0.906 1.000 0.990 0.958 0.943 0.898 0.871 0.865 0.842 0.826
     31       0.962    0.855 0.518      0.594 0.601 0.616 0.624 0.627 0.839 0.990 1.000 0.989 0.980 0.951 0.931 0.927 0.909 0.896
     32       1.201    0.923 0.384      0.467 0.474 0.491 0.500 0.503 0.748 0.958 0.989 1.000 0.999 0.986 0.975 0.973 0.961 0.953
     33       1.338    0.941 0.339      0.423 0.430 0.447 0.457 0.460 0.714 0.943 0.980 0.999 1.000 0.993 0.985 0.983 0.974 0.966
     34       1.923    0.974 0.228      0.315 0.323 0.341 0.351 0.354 0.628 0.898 0.951 0.986 0.993 1.000 0.998 0.998 0.993 0.990
     35       2.534    0.985 0.171      0.260 0.268 0.286 0.296 0.299 0.582 0.871 0.931 0.975 0.985 0.998 1.000 1.000 0.998 0.996
     36       2.719    0.987 0.159      0.248 0.256 0.274 0.284 0.288 0.572 0.865 0.927 0.973 0.983 0.998 1.000 1.000 0.999 0.997
     37       3.735    0.993 0.115      0.205 0.213 0.231 0.242 0.245 0.535 0.842 0.909 0.961 0.974 0.993 0.998 0.999 1.000 1.000
     38       5.026    0.996 0.085      0.176 0.184 0.202 0.212 0.216 0.510 0.826 0.896 0.953 0.966 0.990 0.996 0.997 1.000 1.000

  R CORE   ENERGY   A0R/A00=1.000    R3= 0     2  
   2( 1)    0.732                    1.000 0.000
   2( 2)  487.921                    0.000 1.000

  R CORE   ENERGY   A0R/A00=1.000    R3= 0     2  
   3( 1)  488.652                    0.000 1.000

  R CORE   ENERGY   A0R/A00=1.000    R3= 0     2     4  
   4( 1)    2.438                    1.000 0.000 0.000

  R CORE   ENERGY   A0R/A00=1.000    R3= 0     2     4  
   5( 1)  490.847                    0.000 1.000 0.000

  R CORE   ENERGY   A0R/A00=1.000    R3= 0     2     4     6  
   6( 1)    5.121                    1.000 0.000 0.000 0.000

  R CORE   ENERGY   A0R/A00=1.000    R3= 0     2     4     6  
   7( 1)  494.017                    0.000 1.000 0.000 0.000

          AXIAL SYMMETRY => K RESTRICTED TO OMEGA

                     K
     S.P. ORB#: 24  0.50
     S.P. ORB#: 25  2.50
     S.P. ORB#: 26  0.50
     S.P. ORB#: 27  4.50
     S.P. ORB#: 28  2.50
     S.P. ORB#: 29  0.50
     S.P. ORB#: 30 -1.50
     S.P. ORB#: 31  2.50
     S.P. ORB#: 32 -3.50
     S.P. ORB#: 33 -3.50
     S.P. ORB#: 34 -5.50
     S.P. ORB#: 35  0.50
     S.P. ORB#: 36 -1.50
     S.P. ORB#: 37 -1.50
     S.P. ORB#: 38  0.50
 

             ENERGY    K= OMEGA
 
 I=  1/2- (1)  4.038  26: 0.062
                      35: 0.998
 
 I=  1/2- (2)  4.992  24:-0.321
                      29:-0.944
                      38:-0.075
 
 I=  1/2- (3)  5.610  26:-0.998
                      35: 0.062
 
 I=  1/2- (4)  8.276  24: 0.823
                      29:-0.239
                      38:-0.514
 
 I=  1/2- (5)  9.399  24: 0.468
                      29:-0.227
                      38: 0.854

             ENERGY    K= OMEGA
 
 I=  3/2- (1)  4.107  35:-0.829
                      36:-0.559
 
 I=  3/2- (2)  4.342  26: 0.134
                      35:-0.551
                      36: 0.824

             ENERGY    K= OMEGA
 
 I=  5/2- (1)  2.805  31: 0.997
                      36: 0.074
 
 I=  5/2- (2)  4.547  24:-0.411
                      29:-0.596
                      30: 0.644
                      37: 0.150
                      38:-0.189
 
 I=  5/2- (3)  4.697  26: 0.223
                      31: 0.067
                      35: 0.507
                      36:-0.828
 
 I=  5/2- (4)  5.264  26: 0.076
                      35: 0.842
                      36: 0.531
 
 I=  5/2- (5)  5.967  24:-0.173
                      28:-0.101
                      29:-0.643
                      30:-0.719
                      37: 0.162
                      38: 0.057

             ENERGY    K= OMEGA
 
 I=  7/2- (1)  3.226  25: 0.107
                      31:-0.341
                      33:-0.934
 
 I=  7/2- (2)  3.697  25: 0.063
                      31: 0.932
                      33:-0.336
                      36:-0.115
 
 I=  7/2- (3)  5.300  24:-0.368
                      28: 0.112
                      29: 0.572
                      30:-0.669
                      32: 0.073
                      37: 0.154
                      38:-0.220
 
 I=  7/2- (4)  5.331  31:-0.074
                      35:-0.856
                      36:-0.508
 
 I=  7/2- (5)  5.803  25:-0.077
                      26: 0.254
                      31: 0.094
                      35:-0.488
                      36: 0.826

             ENERGY    K= OMEGA
 
 I=  9/2- (1)  4.193  25:-0.154
                      27: 0.063
                      31: 0.390
                      33:-0.905
 
 I=  9/2- (2)  4.810  25:-0.099
                      31:-0.905
                      33:-0.376
                      36:-0.161
 
 I=  9/2- (3)  5.100  24:-0.470
                      28: 0.081
                      29:-0.580
                      30: 0.590
                      37: 0.166
                      38:-0.240
 
 I=  9/2- (4)  5.759  27: 0.997
                      33: 0.072
 
 I=  9/2- (5)  6.412  25: 0.064
                      26:-0.348
                      31:-0.151
                      35:-0.522
                      36: 0.760

             ENERGY    K= OMEGA
 
 I= 11/2- (1)  3.209  27: 0.119
                      34: 0.993
 
 I= 11/2- (2)  5.399  25: 0.192
                      27:-0.080
                      31:-0.405
                      33:-0.890
 
 I= 11/2- (3)  6.152  25: 0.128
                      27:-0.061
                      31: 0.890
                      33:-0.380
                      36:-0.202
 
 I= 11/2- (4)  6.232  24:-0.428
                      28: 0.130
                      29: 0.615
                      30:-0.551
                      32: 0.085
                      37: 0.212
                      38:-0.254
 
 I= 11/2- (5)  7.163  27: 0.987
                      33:-0.093
                      34:-0.118

             ENERGY    K= OMEGA
 
 I= 13/2- (1)  4.730  27:-0.172
                      34: 0.985
 
 I= 13/2- (2)  6.555  24:-0.496
                      28: 0.094
                      29:-0.563
                      30: 0.567
                      32:-0.053
                      37: 0.171
                      38:-0.271
 
 I= 13/2- (3)  6.843  25: 0.225
                      27:-0.088
                      31:-0.407
                      33: 0.879
 
 I= 13/2- (4)  7.715  25:-0.154
                      26: 0.070
                      27: 0.068
                      31:-0.871
                      33:-0.369
                      35: 0.068
                      36:-0.259
 
 I= 13/2- (5)  8.817  25: 0.051
                      27: 0.976
                      33: 0.096
                      34: 0.169
                      36: 0.066

             ENERGY     K= 1/2
  32 LEVELS    TIME=  0.0 SEC



 ******************* EXCITATION ENERGIES, DOMINANT CONFIGURATION AND EXPECTATION VALUES (WITH S.P. UU+VV FACTORS) *******************

  NR  Eex(keV)  I   Kdom  NY    <Jz>  <Jx**2> <Jy**2> <Jz**2> <I.j>/|I|  <Rx**2> <Ry**2> <Rz**2> <R.j>/|R|  <HROTx> <HROTy> <HROTz>

   1    0.0   5/2-   5/2  31    2.48    6.35    6.35    6.23    2.14       7.52    7.52    0.00   -3.25      0.916   0.916   0.000
   2  403.8  11/2- -11/2  34   -5.36    2.82    2.82   30.11    5.11       5.19    5.19    0.00   -1.61      0.633   0.633   0.000
   3  420.7   7/2-  -7/2  33   -2.73    6.52    6.52   11.48    3.11       7.78    7.78    0.00   -3.08      0.948   0.948   0.000
   4  891.8   7/2-   5/2  31    1.77    6.35    6.35    6.87    1.71      10.89   10.89    0.00   -2.74      1.328   1.328   0.000
   5 1232.4   1/2-   1/2  35    0.50    5.66    5.66    0.25    0.01       6.15    6.15    0.00   -3.30      0.750   0.750   0.000
  
   6 1301.8   3/2-   1/2  35   -0.12    5.66    5.66    0.87    0.91       6.21    6.21   -0.00   -2.96      0.757   0.757  -0.000
   7 1388.0   9/2-  -7/2  33   -2.41    6.56    6.56   11.22    2.60      11.62   11.62    0.00   -2.37      1.416   1.416   0.000
   8 1536.7   3/2-  -3/2  36   -0.86    5.72    5.72    1.61    0.81       6.82    6.82   -0.00   -3.10      0.831   0.831  -0.000
   9 1741.5   5/2-  -3/2  30   -0.37   14.96   14.96    1.14    2.94      11.21   11.21   -0.00   -4.72      1.367   1.367  -0.000
  10 1891.4   5/2-  -3/2  36   -0.86    5.80    5.80    1.66    0.97       8.14    8.14   -0.00   -2.58      0.992   0.992  -0.000
  
  11 1924.5  13/2- -11/2  34   -5.20    2.90    2.90   29.95    4.43      11.34   11.34    0.00   -1.01      1.382   1.382   0.000
  12 2004.6   9/2-   5/2  31    1.55    6.35    6.35    7.01    1.41      15.21   15.21    0.00   -2.30      1.854   1.854   0.000
  13 2186.7   1/2-   1/2  29    0.50   15.09   15.09    0.25    1.38      14.39   14.39   -0.00   -5.45      1.755   1.755  -0.000
  14 2294.7   9/2-  -3/2  30   -0.25   14.77   14.77    1.06    3.11      12.20   12.20   -0.00   -3.06      1.487   1.487  -0.000
  15 2458.8   5/2-   1/2  35   -0.06    5.68    5.68    0.83   -0.16      10.95   10.95   -0.00   -2.71      1.335   1.335  -0.000
  
  16 2494.9   7/2-  -3/2  30   -0.44   18.22   18.22    1.33    3.09      14.51   14.51   -0.00   -4.74      1.769   1.769  -0.000
  17 2526.0   7/2-   1/2  35   -0.00    5.68    5.68    0.81    0.67      11.29   11.29   -0.00   -2.00      1.377   1.377  -0.000
  18 2594.0  11/2-  -7/2  33   -2.24    6.60    6.60   11.09    2.28      16.40   16.40    0.00   -1.86      1.999   1.999   0.000
  19 2804.2   1/2-   1/2  26    0.50    8.12    8.12    0.25    0.60       8.11    8.11    0.00   -3.97      0.988   0.988   0.000
  20 2953.9   9/2-   9/2  27    4.46    7.61    7.61   20.20    4.05       9.94    9.94    0.00   -3.43      1.212   1.212   0.000
  
  21 2998.0   7/2-  -3/2  36   -0.84    5.86    5.86    1.71    0.50      12.62   12.62   -0.00   -2.28      1.538   1.538  -0.000
  22 3161.4   5/2-  -3/2  30   -0.57   16.45   16.45    1.40    0.65      19.59   19.59   -0.00   -5.17      2.389   2.389  -0.000
  23 3346.4  11/2-   5/2  31    1.47    6.35    6.35    6.99    1.21      20.49   20.49    0.00   -1.95      2.498   2.498   0.000
  24 3426.6  11/2-   1/2  29   -0.19   18.61   18.61    1.14    3.36      16.96   16.96   -0.00   -3.14      2.068   2.068  -0.000
  25 3606.1   9/2-  -3/2  36   -0.61    6.00    6.00    1.59    0.83      15.04   15.04   -0.00   -1.73      1.834   1.834  -0.000
  
  26 3749.5  13/2-  -3/2  30   -0.20   14.72   14.72    1.04    3.17      17.47   17.47    0.00   -1.41      2.130   2.130   0.000
  27 4037.9  13/2-  -7/2  33   -2.14    6.63    6.63   11.02    2.06      22.14   22.14    0.00   -1.49      2.699   2.699   0.000
  28 4357.7  11/2-   9/2  27    4.28    7.54    7.54   20.28    3.30      15.81   15.81    0.00   -2.78      1.927   1.927   0.000
  29 4910.0  13/2-   5/2  31    1.40    6.35    6.35    6.81    1.09      26.55   26.55    0.00   -1.64      3.236   3.236   0.000
  30 5470.3   1/2-   1/2  24    0.50   14.40   14.40    0.25   -0.30      15.16   15.16    0.00   -5.32      1.848   1.848   0.000
  
  31 6011.4  13/2-   9/2  27    4.10    7.46    7.46   20.30    2.76      22.69   22.69    0.00   -2.36      2.766   2.766   0.000
  32 6593.2   1/2-   1/2  38    0.50   18.09   18.09    0.25   -0.53      19.06   19.06   -0.00   -5.98      2.323   2.323  -0.000
