1SPECTRUM OF (Z= 82 A=207) IN PARTICLE-ROTOR  MODEL WITH MODIFIED OSCILLATOR POTENTIAL


 PARITY=-   EPS= 0.695   GAMMA=  0.0   EPS4=0.000   EPS6=0.000   LEVELS:  24  25  26  27  28  29  30  31  32  33  34  35  36  37  38

 PAIRING FACTORS: GN0= 19.20  GN1=  7.40  IPAIR= 15 ***  E2PLUS(INPUT)=   0.730  E2PLUR(INPUT)=   0.000

 CORIOLIS ATTENUATION PARAMETERS:  CHSI=1.000  ETA=  1.00

 MOMENT OF INERTIA PARAMETERS:   A1=  0.122 MEV   A2=  0.122 MEV   A3=121.91924 MEV


 DELTA=0.803 MEV  LAMBDA=53.8868 MEV   HW0= 7.9367 MEV   LAMBDA/HW0= 6.7896

 E2ENERGY=0.730 MEV  HBAR**2/B=89562./A**(7/3)=******/A**2 MEV

 IREC=0  =>  RECOIL TERMS j+j-, j+j+, jzjz, ETC TREATED AS ONE-BODY OPERATORS WITH UU+VV PAIRING FACTORS



 S. P. LEVEL   EQP       U     V        (UU + VV)**1.00

     24       4.575    0.088 0.996      1.000 1.000 1.000 1.000 0.998 0.971 0.833 0.450 0.411 0.316 0.235 0.219 0.212 0.197 0.169
     25       4.064    0.099 0.995      1.000 1.000 1.000 1.000 0.999 0.974 0.839 0.460 0.421 0.326 0.245 0.230 0.223 0.208 0.180
     26       3.532    0.114 0.993      1.000 1.000 1.000 1.000 0.999 0.977 0.847 0.473 0.435 0.341 0.260 0.245 0.238 0.223 0.195
     27       3.395    0.119 0.993      1.000 1.000 1.000 1.000 1.000 0.978 0.849 0.477 0.439 0.345 0.265 0.250 0.242 0.228 0.199
     28       2.768    0.147 0.989      0.998 0.999 0.999 1.000 1.000 0.984 0.864 0.501 0.464 0.371 0.291 0.277 0.269 0.255 0.226
     29       1.315    0.323 0.947      0.971 0.974 0.977 0.978 0.984 1.000 0.940 0.649 0.616 0.532 0.459 0.445 0.438 0.425 0.398
     30       0.823    0.625 0.780      0.833 0.839 0.847 0.849 0.864 0.940 1.000 0.869 0.847 0.788 0.734 0.723 0.718 0.707 0.686
     31       1.170    0.929 0.369      0.450 0.460 0.473 0.477 0.501 0.649 0.869 1.000 0.999 0.989 0.974 0.970 0.968 0.964 0.956
     32       1.293    0.944 0.329      0.411 0.421 0.435 0.439 0.464 0.616 0.847 0.999 1.000 0.995 0.983 0.980 0.978 0.975 0.968
     33       1.788    0.973 0.231      0.316 0.326 0.341 0.345 0.371 0.532 0.788 0.989 0.995 1.000 0.996 0.995 0.994 0.992 0.989
     34       2.742    0.989 0.148      0.235 0.245 0.260 0.265 0.291 0.459 0.734 0.974 0.983 0.996 1.000 1.000 1.000 0.999 0.998
     35       3.053    0.991 0.133      0.219 0.230 0.245 0.250 0.277 0.445 0.723 0.970 0.980 0.995 1.000 1.000 1.000 1.000 0.999
     36       3.241    0.992 0.125      0.212 0.223 0.238 0.242 0.269 0.438 0.718 0.968 0.978 0.994 1.000 1.000 1.000 1.000 0.999
     37       3.671    0.994 0.110      0.197 0.208 0.223 0.228 0.255 0.425 0.707 0.964 0.975 0.992 0.999 1.000 1.000 1.000 1.000
     38       4.965    0.997 0.081      0.169 0.180 0.195 0.199 0.226 0.398 0.686 0.956 0.968 0.989 0.998 0.999 0.999 1.000 1.000

  R CORE   ENERGY   A0R/A00=1.000    R3= 0     2  
   2( 1)    0.732                    1.000 0.000
   2( 2)  487.921                    0.000 1.000

  R CORE   ENERGY   A0R/A00=1.000    R3= 0     2  
   3( 1)  488.652                    0.000 1.000

  R CORE   ENERGY   A0R/A00=1.000    R3= 0     2     4  
   4( 1)    2.438                    1.000 0.000 0.000

  R CORE   ENERGY   A0R/A00=1.000    R3= 0     2     4  
   5( 1)  490.847                    0.000 1.000 0.000

  R CORE   ENERGY   A0R/A00=1.000    R3= 0     2     4     6  
   6( 1)    5.121                    1.000 0.000 0.000 0.000

  R CORE   ENERGY   A0R/A00=1.000    R3= 0     2     4     6  
   7( 1)  494.017                    0.000 1.000 0.000 0.000

          AXIAL SYMMETRY => K RESTRICTED TO OMEGA

                     K
     S.P. ORB#: 24 -1.50
     S.P. ORB#: 25  2.50
     S.P. ORB#: 26  2.50
     S.P. ORB#: 27  0.50
     S.P. ORB#: 28  4.50
     S.P. ORB#: 29  0.50
     S.P. ORB#: 30 -1.50
     S.P. ORB#: 31 -3.50
     S.P. ORB#: 32  2.50
     S.P. ORB#: 33 -3.50
     S.P. ORB#: 34 -5.50
     S.P. ORB#: 35  0.50
     S.P. ORB#: 36 -1.50
     S.P. ORB#: 37 -1.50
     S.P. ORB#: 38  0.50
 

             ENERGY    K= OMEGA
 
 I=  1/2- (1)  4.573  27:-0.108
                      35:-0.994
 
 I=  1/2- (2)  5.397  27: 0.994
                      35:-0.108
 
 I=  1/2- (3)  5.624  29: 0.994
                      38: 0.107
 
 I=  1/2- (4)  9.083  29:-0.107
                      38: 0.994
 
 I=  1/2- (5)147.126  30: 1.000

             ENERGY    K= OMEGA
 
 I=  3/2- (1)  4.638  24: 0.050
                      35:-0.848
                      36:-0.525
 
 I=  3/2- (2)  4.863  27:-0.196
                      35: 0.507
                      36:-0.839

             ENERGY    K= OMEGA
 
 I=  5/2- (1)  3.110  24: 0.089
                      32: 0.993
                      36: 0.071
 
 I=  5/2- (2)  5.209  25: 0.066
                      27:-0.323
                      32:-0.060
                      35:-0.498
                      36: 0.800
 
 I=  5/2- (3)  5.406  26:-0.107
                      29: 0.195
                      30:-0.950
                      37:-0.075
                      38: 0.205
 
 I=  5/2- (4)  5.790  25: 0.069
                      27: 0.133
                      35: 0.817
                      36: 0.555
 
 I=  5/2- (5)  6.269  24:-0.241
                      25: 0.183
                      27: 0.897
                      35:-0.269
                      36: 0.174

             ENERGY    K= OMEGA
 
 I=  7/2- (1)  3.659  24: 0.074
                      25: 0.089
                      32:-0.532
                      33:-0.838
 
 I=  7/2- (2)  3.996  24:-0.113
                      25: 0.067
                      32: 0.829
                      33:-0.534
                      36:-0.098
 
 I=  7/2- (3)  5.835  24: 0.112
                      25: 0.062
                      27: 0.092
                      35:-0.870
                      36:-0.467
 
 I=  7/2- (4)  6.092  26: 0.231
                      30:-0.901
                      31: 0.304
                      38:-0.205
 
 I=  7/2- (5)  6.293  25:-0.102
                      27: 0.343
                      32: 0.108
                      35:-0.414
                      36: 0.828

             ENERGY    K= OMEGA
 
 I=  9/2- (1)  4.610  24:-0.107
                      25: 0.123
                      28:-0.126
                      32:-0.585
                      33: 0.782
                      36:-0.063
 
 I=  9/2- (2)  5.065  24: 0.131
                      25: 0.090
                      28:-0.419
                      32: 0.733
                      33: 0.495
                      36: 0.121
 
 I=  9/2- (3)  5.206  25: 0.064
                      28: 0.899
                      32: 0.259
                      33: 0.339
 
 I=  9/2- (4)  6.764  26: 0.285
                      29:-0.219
                      30: 0.812
                      31:-0.360
                      37: 0.057
                      38:-0.280
 
 I=  9/2- (5)  6.893  25:-0.088
                      27: 0.457
                      32: 0.126
                      35: 0.498
                      36:-0.719

             ENERGY    K= OMEGA
 
 I= 11/2- (1)  4.023  28:-0.154
                      34:-0.988
 
 I= 11/2- (2)  5.803  24:-0.137
                      25:-0.150
                      28: 0.126
                      32: 0.614
                      33: 0.748
                      36:-0.074
 
 I= 11/2- (3)  6.376  24:-0.155
                      25: 0.124
                      28:-0.362
                      32: 0.713
                      33:-0.542
                      34: 0.061
                      36:-0.147
 
 I= 11/2- (4)  6.619  25:-0.080
                      28:-0.911
                      32:-0.198
                      33: 0.319
                      34: 0.139
                      36: 0.052
 
 I= 11/2- (5)  7.810  26:-0.376
                      29:-0.273
                      30: 0.678
                      31:-0.490
                      37:-0.131
                      38: 0.260

             ENERGY    K= OMEGA
 
 I= 13/2- (1)  5.540  28:-0.219
                      34: 0.976
 
 I= 13/2- (2)  7.233  24: 0.165
                      25:-0.171
                      28: 0.116
                      32: 0.634
                      33:-0.718
                      36: 0.090
 
 I= 13/2- (3)  7.913  24: 0.173
                      25: 0.160
                      27:-0.084
                      28:-0.304
                      32: 0.684
                      33: 0.580
                      34:-0.077
                      36: 0.186
 
 I= 13/2- (4)  8.276  25: 0.089
                      28: 0.920
                      32: 0.143
                      33: 0.282
                      34: 0.201
                      36: 0.059
 
 I= 13/2- (5)  8.908  26: 0.389
                      29:-0.197
                      30: 0.708
                      31:-0.463
                      38:-0.305

             ENERGY     K= 1/2
  32 LEVELS    TIME=  0.0 SEC



 ******************* EXCITATION ENERGIES, DOMINANT CONFIGURATION AND EXPECTATION VALUES (WITH S.P. UU+VV FACTORS) *******************

  NR  Eex(keV)  I   Kdom  NY    <Jz>  <Jx**2> <Jy**2> <Jz**2> <I.j>/|I|  <Rx**2> <Ry**2> <Rz**2> <R.j>/|R|  <HROTx> <HROTy> <HROTz>

   1    0.0   5/2-   5/2  32    2.45    6.41    6.41    6.20    2.23       7.30    7.30    0.00   -3.25      0.890   0.890   0.000
   2  549.2   7/2-  -7/2  33   -1.74    6.52    6.52   10.43    2.90       8.10    8.10    0.00   -2.97      0.987   0.987   0.000
   3  886.3   7/2-   5/2  32    0.70    6.46    6.46    7.87    2.03      10.20   10.20    0.00   -2.82      1.244   1.244   0.000
   4  913.3  11/2- -11/2  34   -5.26    2.87    2.87   30.01    5.10       5.25    5.25    0.00   -1.62      0.640   0.640   0.000
   5 1462.6   1/2-   1/2  35    0.50    5.75    5.75    0.25    0.04       6.22    6.22    0.00   -3.32      0.758   0.758   0.000
  
   6 1500.0   9/2-  -7/2  33   -1.20    6.57    6.57   10.08    2.43      11.91   11.91    0.00   -2.28      1.452   1.452   0.000
   7 1528.5   3/2-   1/2  35   -0.06    5.74    5.74    0.81    0.90       6.27    6.27    0.00   -2.97      0.765   0.765   0.000
   8 1753.0   3/2-  -3/2  36   -0.91    5.85    5.85    1.66    0.89       6.82    6.82    0.00   -3.15      0.832   0.832   0.000
   9 1955.1   9/2-   5/2  32    1.25    6.68    6.68   10.04    2.14      13.45   13.45    0.00   -2.46      1.640   1.640   0.000
  10 2096.0   9/2-   9/2  28    3.41    7.40    7.40   18.24    3.63      10.83   10.83    0.00   -3.22      1.320   1.320   0.000
  
  11 2098.7   5/2-  -3/2  36   -0.76    6.01    6.01    1.58    1.00       8.21    8.21    0.00   -2.62      1.000   1.000   0.000
  12 2287.1   1/2-   1/2  27    0.50    8.20    8.20    0.25    0.55       8.23    8.23    0.00   -3.99      1.003   1.003   0.000
  13 2296.4   5/2-  -3/2  30   -1.29   16.52   16.52    2.14    1.40      17.82   17.82   -0.00   -5.20      2.172   2.172  -0.000
  14 2430.5  13/2- -11/2  34   -5.02    2.98    2.98   29.77    4.41      11.47   11.47    0.00   -1.04      1.399   1.399   0.000
  15 2514.4   1/2-   1/2  29    0.50   16.91   16.91    0.25   -0.10      17.50   17.50   -0.00   -5.77      2.134   2.134  -0.000
  
  16 2679.8   5/2-   1/2  35   -0.10    5.80    5.80    0.91   -0.11      10.95   10.95    0.00   -2.74      1.335   1.335   0.000
  17 2693.4  11/2-  -7/2  33   -0.93    6.61    6.61    9.74    2.12      16.70   16.70    0.00   -1.78      2.036   2.036   0.000
  18 2724.6   7/2-   1/2  35    0.05    5.79    5.79    0.74    0.73      11.14   11.14    0.00   -2.00      1.358   1.358   0.000
  19 2981.8   7/2-  -3/2  30   -1.39   17.30   17.30    3.30    1.68      20.17   20.17   -0.00   -4.92      2.459   2.459  -0.000
  20 3159.0   5/2-   1/2  27    0.39    8.04    8.04    0.63    0.40      11.54   11.54    0.00   -3.23      1.406   1.406   0.000
  
  21 3182.6   7/2-  -3/2  36   -0.84    6.10    6.10    1.77    0.56      12.62   12.62    0.00   -2.34      1.539   1.539   0.000
  22 3266.5  11/2-   5/2  32    0.79    6.65    6.65    9.74    1.78      18.75   18.75   -0.00   -2.02      2.286   2.286  -0.000
  23 3508.8  11/2-   9/2  28    3.38    7.36    7.36   18.91    3.06      16.39   16.39   -0.00   -2.68      1.998   1.998  -0.000
  24 3653.6   9/2-  -3/2  30   -1.18   17.49   17.49    3.62    1.98      21.81   21.81    0.00   -4.35      2.659   2.659   0.000
  25 3783.3   9/2-  -3/2  36   -0.50    6.29    6.29    1.45    0.85      15.14   15.14    0.00   -1.78      1.846   1.846   0.000
  
  26 4123.0  13/2-  -7/2  33   -0.73    6.64    6.64    9.42    1.90      22.44   22.44    0.00   -1.41      2.735   2.735   0.000
  27 4699.9  11/2-  -3/2  30   -1.13   18.74   18.74    4.93    2.31      25.25   25.25    0.00   -4.02      3.078   3.078   0.000
  28 4803.0  13/2-   5/2  32    0.35    6.64    6.64    9.40    1.56      24.84   24.84    0.00   -1.67      3.028   3.028   0.000
  29 5165.6  13/2-   9/2  28    3.37    7.31    7.31   19.52    2.64      22.98   22.98    0.00   -2.31      2.802   2.802   0.000
  30 5797.9  13/2-  -3/2  30   -1.06   18.26   18.26    4.73    2.22      29.50   29.50    0.00   -3.35      3.597   3.597   0.000
  
  31 5973.1   1/2-   1/2  38    0.50   16.84   16.84    0.25    0.33      17.06   17.06    0.00   -5.76      2.080   2.080   0.000
  32*******   1/2-  -3/2  30    0.00    0.00    0.00    0.00   -0.00       0.00    0.00    0.00   -0.00      0.000   0.000   0.000
