1SPECTRUM OF (Z= 82 A=207) IN PARTICLE-ROTOR  MODEL WITH MODIFIED OSCILLATOR POTENTIAL


 PARITY=-   EPS= 0.605   GAMMA=  0.0   EPS4=0.000   EPS6=0.000   LEVELS:  24  25  26  27  28  29  30  31  32  33  34  35  36  37  38

 PAIRING FACTORS: GN0= 19.20  GN1=  7.40  IPAIR= 15 ***  E2PLUS(INPUT)=   0.730  E2PLUR(INPUT)=   0.000

 CORIOLIS ATTENUATION PARAMETERS:  CHSI=1.000  ETA=  1.00

 MOMENT OF INERTIA PARAMETERS:   A1=  0.122 MEV   A2=  0.122 MEV   A3=121.91923 MEV


 DELTA=0.906 MEV  LAMBDA=53.6777 MEV   HW0= 7.7882 MEV   LAMBDA/HW0= 6.8922

 E2ENERGY=0.730 MEV  HBAR**2/B=67868./A**(7/3)=******/A**2 MEV

 IREC=0  =>  RECOIL TERMS j+j-, j+j+, jzjz, ETC TREATED AS ONE-BODY OPERATORS WITH UU+VV PAIRING FACTORS



 S. P. LEVEL   EQP       U     V        (UU + VV)**1.00

     24       4.521    0.101 0.995      1.000 1.000 1.000 1.000 0.997 0.853 0.750 0.649 0.584 0.477 0.448 0.338 0.317 0.213 0.194
     25       4.062    0.112 0.994      1.000 1.000 1.000 1.000 0.998 0.859 0.757 0.658 0.593 0.487 0.459 0.349 0.328 0.224 0.205
     26       3.831    0.119 0.993      1.000 1.000 1.000 1.000 0.999 0.862 0.762 0.663 0.599 0.493 0.465 0.355 0.335 0.231 0.212
     27       3.536    0.129 0.992      1.000 1.000 1.000 1.000 0.999 0.867 0.768 0.671 0.607 0.502 0.474 0.365 0.344 0.241 0.222
     28       2.674    0.172 0.985      0.997 0.998 0.999 0.999 1.000 0.888 0.795 0.702 0.641 0.539 0.511 0.405 0.385 0.283 0.264
     29       0.940    0.606 0.796      0.853 0.859 0.862 0.867 0.888 1.000 0.985 0.951 0.922 0.866 0.849 0.780 0.766 0.692 0.678
     30       0.909    0.734 0.679      0.750 0.757 0.762 0.768 0.795 0.985 1.000 0.990 0.975 0.939 0.928 0.876 0.866 0.806 0.795
     31       0.968    0.822 0.569      0.649 0.658 0.663 0.671 0.702 0.951 0.990 1.000 0.997 0.978 0.971 0.935 0.927 0.881 0.872
     32       1.047    0.867 0.499      0.584 0.593 0.599 0.607 0.641 0.922 0.975 0.997 1.000 0.992 0.987 0.961 0.955 0.918 0.910
     33       1.271    0.922 0.386      0.477 0.487 0.493 0.502 0.539 0.866 0.939 0.978 0.992 1.000 0.999 0.988 0.985 0.960 0.955
     34       1.362    0.935 0.356      0.448 0.459 0.465 0.474 0.511 0.849 0.928 0.971 0.987 0.999 1.000 0.993 0.990 0.969 0.964
     35       1.933    0.970 0.241      0.338 0.349 0.355 0.365 0.405 0.780 0.876 0.935 0.961 0.988 0.993 1.000 1.000 0.992 0.989
     36       2.109    0.975 0.220      0.317 0.328 0.335 0.344 0.385 0.766 0.866 0.927 0.955 0.985 0.990 1.000 1.000 0.994 0.992
     37       4.019    0.994 0.113      0.213 0.224 0.231 0.241 0.283 0.692 0.806 0.881 0.918 0.960 0.969 0.992 0.994 1.000 1.000
     38       4.844    0.996 0.094      0.194 0.205 0.212 0.222 0.264 0.678 0.795 0.872 0.910 0.955 0.964 0.989 0.992 1.000 1.000

  R CORE   ENERGY   A0R/A00=1.000    R3= 0     2  
   2( 1)    0.732                    1.000 0.000
   2( 2)  487.921                    0.000 1.000

  R CORE   ENERGY   A0R/A00=1.000    R3= 0     2  
   3( 1)  488.652                    0.000 1.000

  R CORE   ENERGY   A0R/A00=1.000    R3= 0     2     4  
   4( 1)    2.438                    1.000 0.000 0.000

  R CORE   ENERGY   A0R/A00=1.000    R3= 0     2     4  
   5( 1)  490.847                    0.000 1.000 0.000

  R CORE   ENERGY   A0R/A00=1.000    R3= 0     2     4     6  
   6( 1)    5.121                    1.000 0.000 0.000 0.000

  R CORE   ENERGY   A0R/A00=1.000    R3= 0     2     4     6  
   7( 1)  494.017                    0.000 1.000 0.000 0.000

          AXIAL SYMMETRY => K RESTRICTED TO OMEGA

                     K
     S.P. ORB#: 24  2.50
     S.P. ORB#: 25  4.50
     S.P. ORB#: 26  0.50
     S.P. ORB#: 27  0.50
     S.P. ORB#: 28  2.50
     S.P. ORB#: 29  2.50
     S.P. ORB#: 30  0.50
     S.P. ORB#: 31 -3.50
     S.P. ORB#: 32 -5.50
     S.P. ORB#: 33 -1.50
     S.P. ORB#: 34 -3.50
     S.P. ORB#: 35  0.50
     S.P. ORB#: 36 -1.50
     S.P. ORB#: 37 -1.50
     S.P. ORB#: 38 -3.50
 

             ENERGY    K= OMEGA
 
 I=  1/2- (1)  3.405  35:-0.999
 
 I=  1/2- (2)  4.784  27: 0.379
                      30:-0.925
 
 I=  1/2- (3)  5.758  26: 0.999
 
 I=  1/2- (4)  7.400  27:-0.925
                      30:-0.379
 
 I=  1/2- (5)147.574  33: 1.000

             ENERGY    K= OMEGA
 
 I=  3/2- (1)  3.474  35:-0.808
                      36:-0.589
 
 I=  3/2- (2)  3.714  26:-0.118
                      35: 0.583
                      36:-0.804

             ENERGY    K= OMEGA
 
 I=  5/2- (1)  2.769  29: 0.996
                      36: 0.084
 
 I=  5/2- (2)  4.046  26: 0.186
                      29: 0.079
                      35: 0.522
                      36:-0.828
 
 I=  5/2- (3)  4.634  26:-0.054
                      35:-0.841
                      36:-0.537
 
 I=  5/2- (4)  4.692  27: 0.477
                      30:-0.763
                      33:-0.349
                      37: 0.262
 
 I=  5/2- (5)  6.102  28: 0.121
                      30: 0.390
                      33:-0.904
                      37:-0.121

             ENERGY    K= OMEGA
 
 I=  7/2- (1)  2.810  24:-0.151
                      29: 0.187
                      31: 0.971
 
 I=  7/2- (2)  3.472  24:-0.058
                      29:-0.942
                      31: 0.174
                      36: 0.119
                      38: 0.252
 
 I=  7/2- (3)  4.694  29:-0.074
                      35:-0.837
                      36:-0.537
 
 I=  7/2- (4)  5.170  24:-0.062
                      26: 0.226
                      29: 0.073
                      35:-0.523
                      36: 0.813
                      38:-0.071
 
 I=  7/2- (5)  5.345  27:-0.335
                      30:-0.858
                      33:-0.147
                      37:-0.356

             ENERGY    K= OMEGA
 
 I=  9/2- (1)  3.715  24:-0.213
                      25: 0.050
                      29: 0.257
                      31:-0.940
 
 I=  9/2- (2)  4.399  24:-0.092
                      29:-0.892
                      31:-0.238
                      36:-0.150
                      38:-0.337
 
 I=  9/2- (3)  5.460  27:-0.503
                      30: 0.726
                      33: 0.332
                      37:-0.331
 
 I=  9/2- (4)  5.729  24: 0.053
                      26:-0.297
                      29:-0.115
                      35:-0.535
                      36: 0.773
                      38:-0.094
 
 I=  9/2- (5)  6.475  25: 0.995
                      31: 0.054
                      38:-0.062

             ENERGY    K= OMEGA
 
 I= 11/2- (1)  2.276  25: 0.141
                      32: 0.990
 
 I= 11/2- (2)  4.840  24:-0.259
                      25: 0.061
                      29: 0.302
                      31: 0.912
                      38:-0.079
 
 I= 11/2- (3)  5.557  24: 0.123
                      29: 0.851
                      31:-0.277
                      36:-0.165
                      38:-0.390
 
 I= 11/2- (4)  6.432  27: 0.398
                      28: 0.077
                      30: 0.801
                      33: 0.180
                      34: 0.052
                      37: 0.398
 
 I= 11/2- (5)  6.893  26: 0.065
                      29:-0.086
                      35:-0.852
                      36:-0.502
                      38: 0.080

             ENERGY    K= OMEGA
 
 I= 13/2- (1)  3.733  25: 0.202
                      32:-0.979
 
 I= 13/2- (2)  6.192  24:-0.295
                      25: 0.063
                      29: 0.331
                      31:-0.887
                      38: 0.107
 
 I= 13/2- (3)  6.942  24:-0.150
                      26: 0.050
                      29:-0.814
                      31:-0.299
                      35: 0.053
                      36:-0.194
                      38:-0.423
 
 I= 13/2- (4)  7.159  27: 0.511
                      30:-0.708
                      33:-0.316
                      37: 0.371
 
 I= 13/2- (5)  8.335  26: 0.380
                      29: 0.134
                      31: 0.086
                      35: 0.530
                      36:-0.727
                      38: 0.137

             ENERGY     K=-7/2
  32 LEVELS    TIME=  0.0 SEC



 ******************* EXCITATION ENERGIES, DOMINANT CONFIGURATION AND EXPECTATION VALUES (WITH S.P. UU+VV FACTORS) *******************

  NR  Eex(keV)  I   Kdom  NY    <Jz>  <Jx**2> <Jy**2> <Jz**2> <I.j>/|I|  <Rx**2> <Ry**2> <Rz**2> <R.j>/|R|  <HROTx> <HROTy> <HROTz>

   1    0.0  11/2- -11/2  32   -5.30    2.85    2.85   30.05    5.18       4.79    4.79    0.00   -1.55      0.584   0.584   0.000
   2  492.6   5/2-   5/2  29    2.47    6.28    6.28    6.22    2.13       7.46    7.46    0.00   -3.23      0.909   0.909   0.000
   3  533.5   7/2-  -7/2  31   -3.15    6.52    6.52   11.90    3.31       7.22    7.22    0.00   -3.11      0.880   0.880   0.001
   4 1128.5   1/2-   1/2  35    0.50    5.55    5.55    0.25    0.03       6.02    6.02   -0.00   -3.26      0.734   0.734  -0.000
   5 1196.2   7/2-   5/2  29    1.88    5.97    5.97    6.75    2.01       9.24    9.24    0.00   -2.49      1.127   1.127   0.000
  
   6 1197.6   3/2-   1/2  35   -0.19    5.55    5.55    0.94    0.95       6.06    6.06    0.00   -2.93      0.739   0.739   0.000
   7 1438.3   3/2-  -3/2  36   -0.79    5.59    5.59    1.54    0.77       6.73    6.73    0.00   -3.06      0.821   0.821   0.000
   8 1438.5   9/2-  -7/2  31   -2.81    6.62    6.62   11.60    2.86      10.54   10.54    0.00   -2.31      1.285   1.285   0.000
   9 1457.3  13/2- -11/2  32   -5.09    2.95    2.95   29.83    4.54      10.51   10.51    0.00   -0.87      1.281   1.281   0.000
  10 1769.5   5/2-  -3/2  36   -0.85    5.66    5.66    1.67    1.00       7.91    7.91    0.00   -2.52      0.964   0.964   0.000
  
  11 2122.4   9/2-   5/2  29    1.39    5.74    5.74    7.18    1.93      12.10   12.10   -0.00   -1.84      1.475   1.475  -0.000
  12 2357.9   5/2-   1/2  35   -0.07    5.56    5.56    0.84   -0.16      10.84   10.84    0.00   -2.67      1.322   1.322   0.000
  13 2416.3   5/2-   1/2  30    0.12   14.54   14.54    0.63    2.44      12.01   12.01    0.00   -4.59      1.464   1.464   0.000
  14 2417.4   7/2-   1/2  35   -0.07    5.55    5.55    0.89    0.70      11.09   11.09    0.00   -1.96      1.352   1.352   0.000
  15 2508.1   1/2-   1/2  30    0.50   14.97   14.97    0.25    1.30      14.34   14.34    0.00   -5.43      1.749   1.749   0.000
  
  16 2564.1  11/2-  -7/2  31   -2.52    6.69    6.69   11.34    2.59      14.77   14.77    0.00   -1.70      1.800   1.800   0.001
  17 2893.9   7/2-  -3/2  36   -0.83    5.68    5.68    1.70    0.52      12.33   12.33    0.00   -2.21      1.503   1.503   0.000
  18 3068.8   7/2-   1/2  30    0.20   17.97   17.97    0.57    2.73      15.32   15.32   -0.00   -4.64      1.867   1.867  -0.000
  19 3183.7   9/2-   1/2  30    0.06   14.47   14.47    0.69    2.58      14.38   14.38    0.00   -3.14      1.753   1.753   0.000
  20 3280.7  11/2-   5/2  29    1.02    5.56    5.56    7.53    1.86      16.11   16.11    0.00   -1.33      1.964   1.964   0.000
  
  21 3452.3   9/2-  -3/2  36   -0.71    5.77    5.77    1.68    0.93      14.37   14.37    0.00   -1.61      1.752   1.752   0.000
  22 3481.5   1/2-   1/2  26    0.50    7.96    7.96    0.25    0.63       7.92    7.92   -0.00   -3.93      0.965   0.965  -0.000
  23 3825.5   5/2-  -3/2  33   -1.14   16.96   16.96    2.00    0.87      19.78   19.78    0.00   -5.31      2.412   2.412   0.000
  24 3916.0  13/2-  -7/2  31   -2.29    6.75    6.75   11.12    2.40      19.94   19.94    0.00   -1.25      2.431   2.431   0.001
  25 4155.9  11/2-   1/2  30    0.12   18.07   18.07    0.70    2.92      18.82   18.82   -0.00   -3.16      2.295   2.295  -0.000
  
  26 4198.7   9/2-   9/2  25    4.44    7.61    7.61   20.14    4.04       9.95    9.95   -0.00   -3.42      1.213   1.213  -0.000
  27 4617.2  11/2-   1/2  35   -0.02    5.54    5.54    0.91    0.64      20.08   20.08    0.00   -1.29      2.448   2.448   0.000
  28 4666.3  13/2-   5/2  29    0.73    5.45    5.45    7.72    1.79      21.16   21.16   -0.00   -0.94      2.580   2.580  -0.000
  29 4882.5  13/2-   1/2  30    0.03   14.48   14.48    0.73    2.62      20.92   20.92    0.00   -1.76      2.550   2.550   0.000
  30 5123.6   1/2-   1/2  27    0.50   15.83   15.83    0.25   -1.24      17.40   17.40    0.00   -5.59      2.121   2.121   0.000
  
  31 6058.7  13/2-  -3/2  36   -0.62    5.88    5.88    1.76    0.94      24.60   24.60    0.00   -1.00      2.999   2.999   0.000
  32*******   1/2-  -3/2  33    0.00    0.00    0.00    0.00   -0.00       0.00    0.00   -0.00   -0.00      0.000   0.000  -0.000
