1SPECTRUM OF (Z= 82 A=207) IN PARTICLE-ROTOR  MODEL WITH MODIFIED OSCILLATOR POTENTIAL


 PARITY=-   EPS= 0.490   GAMMA=  0.0   EPS4=0.000   EPS6=0.000   LEVELS:  24  25  26  27  28  29  30  31  32  33  34  35  36  37  38

 PAIRING FACTORS: GN0= 19.20  GN1=  7.40  IPAIR= 15 ***  E2PLUS(INPUT)=   0.730  E2PLUR(INPUT)=   0.000

 CORIOLIS ATTENUATION PARAMETERS:  CHSI=1.000  ETA=  1.00

 MOMENT OF INERTIA PARAMETERS:   A1=  0.122 MEV   A2=  0.122 MEV   A3=121.91923 MEV


 DELTA=0.850 MEV  LAMBDA=53.4288 MEV   HW0= 7.6441 MEV   LAMBDA/HW0= 6.9896

 E2ENERGY=0.730 MEV  HBAR**2/B=44519./A**(7/3)=7525.9/A**2 MEV

 IREC=0  =>  RECOIL TERMS j+j-, j+j+, jzjz, ETC TREATED AS ONE-BODY OPERATORS WITH UU+VV PAIRING FACTORS



 S. P. LEVEL   EQP       U     V        (UU + VV)**1.00

     24       4.806    0.089 0.996      1.000 1.000 1.000 0.991 0.987 0.975 0.961 0.959 0.584 0.517 0.345 0.309 0.256 0.251 0.222
     25       4.068    0.105 0.994      1.000 1.000 1.000 0.993 0.989 0.979 0.966 0.963 0.598 0.531 0.360 0.324 0.271 0.267 0.237
     26       3.563    0.120 0.993      1.000 1.000 1.000 0.995 0.991 0.982 0.970 0.967 0.610 0.543 0.374 0.339 0.286 0.281 0.252
     27       1.966    0.222 0.975      0.991 0.993 0.995 1.000 1.000 0.996 0.990 0.988 0.688 0.627 0.467 0.434 0.383 0.379 0.350
     28       1.755    0.250 0.968      0.987 0.989 0.991 1.000 1.000 0.998 0.993 0.992 0.709 0.649 0.493 0.460 0.410 0.405 0.378
     29       1.457    0.306 0.952      0.975 0.979 0.982 0.996 0.998 1.000 0.998 0.998 0.749 0.693 0.543 0.511 0.463 0.458 0.431
     30       1.266    0.360 0.933      0.961 0.966 0.970 0.990 0.993 0.998 1.000 1.000 0.785 0.733 0.590 0.559 0.512 0.508 0.482
     31       1.239    0.369 0.929      0.959 0.963 0.967 0.988 0.992 0.998 1.000 1.000 0.791 0.739 0.598 0.567 0.521 0.516 0.490
     32       0.968    0.860 0.510      0.584 0.598 0.610 0.688 0.709 0.749 0.785 0.791 1.000 0.997 0.963 0.952 0.934 0.932 0.921
     33       1.078    0.899 0.439      0.517 0.531 0.543 0.627 0.649 0.693 0.733 0.739 0.997 1.000 0.982 0.974 0.960 0.958 0.949
     34       1.693    0.966 0.260      0.345 0.360 0.374 0.467 0.493 0.543 0.590 0.598 0.963 0.982 1.000 0.999 0.996 0.995 0.992
     35       1.952    0.975 0.223      0.309 0.324 0.339 0.434 0.460 0.511 0.559 0.567 0.952 0.974 0.999 1.000 0.998 0.998 0.996
     36       2.553    0.986 0.169      0.256 0.271 0.286 0.383 0.410 0.463 0.512 0.521 0.934 0.960 0.996 0.998 1.000 1.000 0.999
     37       2.626    0.986 0.164      0.251 0.267 0.281 0.379 0.405 0.458 0.508 0.516 0.932 0.958 0.995 0.998 1.000 1.000 1.000
     38       3.196    0.991 0.134      0.222 0.237 0.252 0.350 0.378 0.431 0.482 0.490 0.921 0.949 0.992 0.996 0.999 1.000 1.000

  R CORE   ENERGY   A0R/A00=1.000    R3= 0     2  
   2( 1)    0.732                    1.000 0.000
   2( 2)  487.921                    0.000 1.000

  R CORE   ENERGY   A0R/A00=1.000    R3= 0     2  
   3( 1)  488.652                    0.000 1.000

  R CORE   ENERGY   A0R/A00=1.000    R3= 0     2     4  
   4( 1)    2.438                    1.000 0.000 0.000

  R CORE   ENERGY   A0R/A00=1.000    R3= 0     2     4  
   5( 1)  490.847                    0.000 1.000 0.000

  R CORE   ENERGY   A0R/A00=1.000    R3= 0     2     4     6  
   6( 1)    5.121                    1.000 0.000 0.000 0.000

  R CORE   ENERGY   A0R/A00=1.000    R3= 0     2     4     6  
   7( 1)  494.017                    0.000 1.000 0.000 0.000

          AXIAL SYMMETRY => K RESTRICTED TO OMEGA

                     K
     S.P. ORB#: 24  2.50
     S.P. ORB#: 25  0.50
     S.P. ORB#: 26 -1.50
     S.P. ORB#: 27 -5.50
     S.P. ORB#: 28  2.50
     S.P. ORB#: 29  2.50
     S.P. ORB#: 30 -3.50
     S.P. ORB#: 31  0.50
     S.P. ORB#: 32  0.50
     S.P. ORB#: 33 -1.50
     S.P. ORB#: 34 -3.50
     S.P. ORB#: 35  0.50
     S.P. ORB#: 36 -1.50
     S.P. ORB#: 37 -3.50
     S.P. ORB#: 38  4.50
 

             ENERGY    K= OMEGA
 
 I=  1/2- (1)  2.357  32: 0.999
 
 I=  1/2- (2)  4.451  31: 0.914
                      35:-0.407
 
 I=  1/2- (3)  5.880  25: 0.999
 
 I=  1/2- (4)  6.271  31: 0.407
                      35: 0.914
 
 I=  1/2- (5)147.381  33: 1.000

             ENERGY    K= OMEGA
 
 I=  3/2- (1)  2.406  32: 0.708
                      33:-0.706
 
 I=  3/2- (2)  2.633  25:-0.138
                      32:-0.698
                      33:-0.703

             ENERGY    K= OMEGA
 
 I=  5/2- (1)  2.855  25: 0.190
                      28:-0.108
                      32:-0.517
                      33:-0.826
 
 I=  5/2- (2)  3.519  24:-0.051
                      25:-0.055
                      28:-0.725
                      32: 0.616
                      33:-0.300
 
 I=  5/2- (3)  3.620  28:-0.679
                      32:-0.576
                      33: 0.454
 
 I=  5/2- (4)  4.805  26:-0.126
                      29: 0.109
                      31: 0.819
                      35:-0.491
                      36:-0.246
 
 I=  5/2- (5)  6.415  26: 0.473
                      29:-0.838
                      35:-0.270

             ENERGY    K= OMEGA
 
 I=  7/2- (1)  2.942  24:-0.224
                      28: 0.087
                      30: 0.965
                      33: 0.080
                      37: 0.060
 
 I=  7/2- (2)  3.455  28: 0.379
                      32: 0.116
                      33:-0.180
                      37:-0.899
 
 I=  7/2- (3)  3.611  30:-0.058
                      32:-0.761
                      33: 0.602
                      37:-0.228
 
 I=  7/2- (4)  3.986  24: 0.059
                      25:-0.248
                      28: 0.145
                      32:-0.609
                      33:-0.724
                      37: 0.133
 
 I=  7/2- (5)  4.599  24:-0.057
                      28:-0.908
                      30: 0.106
                      33:-0.195
                      37:-0.344

             ENERGY    K= OMEGA
 
 I=  9/2- (1)  3.421  24:-0.255
                      28: 0.115
                      30:-0.814
                      33:-0.080
                      37: 0.081
                      38: 0.495
 
 I=  9/2- (2)  4.275  24: 0.134
                      25:-0.185
                      28: 0.300
                      30: 0.201
                      32: 0.316
                      33: 0.509
                      37: 0.586
                      38: 0.339
 
 I=  9/2- (3)  4.460  25: 0.240
                      28: 0.114
                      30: 0.266
                      32:-0.447
                      33:-0.574
                      37: 0.527
                      38: 0.223
 
 I=  9/2- (4)  4.655  24:-0.118
                      28: 0.360
                      30:-0.333
                      37: 0.409
                      38:-0.761
 
 I=  9/2- (5)  5.531  26:-0.419
                      29: 0.563
                      31: 0.541
                      34:-0.311
                      35:-0.262
                      36:-0.223

             ENERGY    K= OMEGA
 
 I= 11/2- (1)  3.305  27:-0.999
 
 I= 11/2- (2)  4.283  24:-0.302
                      28: 0.128
                      30: 0.804
                      33: 0.082
                      37:-0.100
                      38: 0.478
 
 I= 11/2- (3)  5.512  24: 0.160
                      28: 0.396
                      30:-0.231
                      32: 0.180
                      33:-0.324
                      37:-0.736
                      38: 0.291
 
 I= 11/2- (4)  5.607  26:-0.458
                      29:-0.548
                      31:-0.562
                      34:-0.281
                      35:-0.221
                      36:-0.216
 
 I= 11/2- (5)  5.817  25: 0.094
                      28:-0.072
                      30: 0.126
                      32: 0.811
                      33:-0.465
                      37: 0.309

             ENERGY    K= OMEGA
 
 I= 13/2- (1)  4.886  27:-0.996
                      30:-0.052
                      38: 0.062
 
 I= 13/2- (2)  5.404  24:-0.342
                      27: 0.079
                      28: 0.131
                      30:-0.795
                      33:-0.105
                      37: 0.103
                      38: 0.452
 
 I= 13/2- (3)  6.609  26: 0.506
                      29:-0.667
                      31:-0.349
                      34: 0.368
                      35: 0.115
                      36: 0.168
 
 I= 13/2- (4)  6.720  24:-0.115
                      25: 0.330
                      28:-0.276
                      32:-0.456
                      33:-0.655
                      37:-0.354
                      38:-0.195
 
 I= 13/2- (5)  7.102  24: 0.115
                      25: 0.202
                      28: 0.343
                      30: 0.261
                      32:-0.314
                      33:-0.307
                      37: 0.734
                      38: 0.169

             ENERGY     K= 9/2
  32 LEVELS    TIME=  0.0 SEC



 ******************* EXCITATION ENERGIES, DOMINANT CONFIGURATION AND EXPECTATION VALUES (WITH S.P. UU+VV FACTORS) *******************

  NR  Eex(keV)  I   Kdom  NY    <Jz>  <Jx**2> <Jy**2> <Jz**2> <I.j>/|I|  <Rx**2> <Ry**2> <Rz**2> <R.j>/|R|  <HROTx> <HROTy> <HROTz>

   1    0.0   1/2-   1/2  32    0.50    5.27    5.27    0.25    0.11       5.67    5.67    0.00   -3.18      0.692   0.692   0.000
   2   48.1   3/2-   1/2  32   -0.50    5.26    5.26    1.25    1.08       5.67    5.67    0.00   -2.87      0.691   0.691   0.000
   3  275.5   3/2-  -3/2  33   -0.49    5.27    5.27    1.24    0.72       6.36    6.36    0.00   -2.91      0.776   0.776   0.000
   4  497.4   5/2-  -3/2  33   -0.84    5.40    5.40    1.70    1.26       6.90    6.90    0.00   -2.36      0.841   0.841   0.000
   5  584.7   7/2-  -7/2  30   -3.14    6.44    6.44   11.83    3.56       6.12    6.12    0.00   -3.03      0.746   0.746   0.000
  
   6  947.7  11/2- -11/2  27   -5.49    2.75    2.75   30.23    5.06       5.49    5.49    0.00   -1.65      0.669   0.669   0.000
   7 1063.4   9/2-  -7/2  30   -1.05    5.57    5.57   13.67    3.80       5.89    5.89    0.00   -1.72      0.718   0.718   0.000
   8 1097.3   7/2-  -7/2  37   -2.52    2.99    2.99   10.90    3.05       4.22    4.22   -0.00   -1.65      0.514   0.514  -0.000
   9 1161.5   5/2-   5/2  28    1.38    5.72    5.72    3.60    1.10       8.65    8.65   -0.00   -2.83      1.054   1.054  -0.000
  10 1253.3   7/2-   1/2  32   -0.44    5.10    5.10    1.65    0.89      10.28   10.28    0.00   -1.84      1.253   1.253   0.000
  
  11 1263.0   5/2-   5/2  28    1.01    5.69    5.69    3.43    0.84       9.29    9.29   -0.00   -2.86      1.133   1.133  -0.000
  12 1629.0   7/2-  -3/2  33   -0.58    5.32    5.32    1.68    0.73      11.12   11.12    0.00   -1.99      1.356   1.356   0.000
  13 1917.2   9/2-  -7/2  37   -0.88    4.07    4.07    8.32    2.33       9.00    9.00    0.00   -1.14      1.097   1.097   0.000
  14 1926.0  11/2-  -7/2  30   -1.01    5.70    5.70   13.38    3.53       9.15    9.15    0.00   -0.86      1.116   1.116   0.000
  15 2093.4   1/2-   1/2  31    0.50   13.01   13.01    0.25    0.95      12.69   12.69    0.00   -5.05      1.547   1.547   0.000
  
  16 2102.3   9/2-  -3/2  33   -1.32    4.46    4.46    6.18    1.81      10.94   10.94    0.00   -1.31      1.333   1.333   0.000
  17 2241.3   7/2-   5/2  28    1.56    5.64    5.64    6.85    1.42      11.31   11.31   -0.00   -2.63      1.379   1.379  -0.000
  18 2298.0   9/2-   9/2  38    1.99    3.50    3.50   16.02    3.21       7.93    7.93    0.00   -1.77      0.967   0.967   0.000
  19 2447.3   5/2-   1/2  31    0.37   13.65   13.65    0.47    1.63      13.43   13.43    0.00   -4.43      1.637   1.637   0.000
  20 2529.0  13/2- -11/2  27   -5.45    2.76    2.76   30.15    4.33      11.96   11.96    0.00   -1.11      1.458   1.458   0.000
  
  21 3046.5  13/2-  -7/2  30   -1.04    5.84    5.84   13.06    3.32      13.54   13.54    0.00   -0.30      1.651   1.651   0.000
  22 3154.2  11/2-  -7/2  37   -1.39    3.50    3.50   10.39    2.25      13.15   13.15   -0.00   -0.77      1.603   1.603  -0.000
  23 3173.8   9/2-   5/2  29    0.30   19.17   19.17    3.76    3.70      15.00   15.00    0.00   -4.32      1.829   1.829   0.000
  24 3250.0  11/2-   1/2  31    0.27   19.90   19.90    3.51    4.08      15.11   15.11    0.00   -3.44      1.842   1.842   0.000
  25 3459.2  11/2-   1/2  32   -0.36    4.96    4.96    2.06    0.82      18.98   18.98    0.00   -1.15      2.314   2.314   0.000
  
  26 3522.1   1/2-   1/2  25    0.50    7.52    7.52    0.25    0.66       7.45    7.45    0.00   -3.81      0.909   0.909   0.000
  27 3913.8   1/2-   1/2  35    0.50   17.03   17.03    0.25   -0.77      18.20   18.20    0.00   -5.80      2.219   2.219   0.000
  28 4057.5   5/2-   5/2  29    1.45   22.15   22.15    4.91    3.63      18.25   18.25    0.00   -6.37      2.225   2.225   0.000
  29 4252.0  13/2-   5/2  29    0.28   21.41   21.41    5.11    4.24      18.74   18.74    0.00   -2.99      2.285   2.285   0.000
  30 4362.1  13/2-  -3/2  33   -0.53    5.15    5.15    3.93    1.60      20.35   20.35    0.00   -0.49      2.482   2.482   0.000
  
  31 4744.4  13/2-  -7/2  37   -1.74    3.74    3.74    9.08    1.81      20.00   20.00   -0.00   -0.62      2.438   2.438  -0.000
  32*******   1/2-  -3/2  33    0.00    0.00    0.00    0.00   -0.00       0.00    0.00    0.00   -0.00      0.000   0.000   0.000
