1SPECTRUM OF (Z= 82 A=207) IN PARTICLE-ROTOR  MODEL WITH MODIFIED OSCILLATOR POTENTIAL


 PARITY=-   EPS= 0.693   GAMMA=  0.0   EPS4=0.000   EPS6=0.000   LEVELS:  24  25  26  27  28  29  30  31  32  33  34  35  36  37  38

 PAIRING FACTORS: GN0= 19.20  GN1=  7.40  IPAIR= 15 ***  E2PLUS(INPUT)=   0.730  E2PLUR(INPUT)=   0.000

 CORIOLIS ATTENUATION PARAMETERS:  CHSI=1.000  ETA=  1.00

 MOMENT OF INERTIA PARAMETERS:   A1=  0.122 MEV   A2=  0.122 MEV   A3=121.91922 MEV


 DELTA=0.806 MEV  LAMBDA=53.8805 MEV   HW0= 7.9330 MEV   LAMBDA/HW0= 6.7919

 E2ENERGY=0.730 MEV  HBAR**2/B=89047./A**(7/3)=******/A**2 MEV

 IREC=0  =>  RECOIL TERMS j+j-, j+j+, jzjz, ETC TREATED AS ONE-BODY OPERATORS WITH UU+VV PAIRING FACTORS



 S. P. LEVEL   EQP       U     V        (UU + VV)**1.00

     24       4.586    0.088 0.996      1.000 1.000 1.000 1.000 0.998 0.970 0.824 0.450 0.418 0.320 0.238 0.221 0.213 0.197 0.169
     25       4.075    0.099 0.995      1.000 1.000 1.000 1.000 0.999 0.972 0.831 0.460 0.428 0.330 0.249 0.232 0.224 0.208 0.180
     26       3.512    0.115 0.993      1.000 1.000 1.000 1.000 1.000 0.976 0.840 0.474 0.443 0.346 0.264 0.248 0.240 0.224 0.196
     27       3.406    0.119 0.993      1.000 1.000 1.000 1.000 1.000 0.977 0.842 0.477 0.446 0.349 0.268 0.251 0.244 0.228 0.199
     28       2.797    0.146 0.989      0.998 0.999 1.000 1.000 1.000 0.982 0.856 0.500 0.470 0.374 0.293 0.277 0.269 0.254 0.225
     29       1.298    0.329 0.944      0.970 0.972 0.976 0.977 0.982 1.000 0.938 0.654 0.627 0.541 0.468 0.453 0.445 0.431 0.404
     30       0.820    0.636 0.771      0.824 0.831 0.840 0.842 0.856 0.938 1.000 0.876 0.859 0.800 0.746 0.734 0.729 0.718 0.697
     31       1.174    0.929 0.369      0.450 0.460 0.474 0.477 0.500 0.654 0.876 1.000 0.999 0.990 0.974 0.971 0.969 0.964 0.956
     32       1.272    0.942 0.336      0.418 0.428 0.443 0.446 0.470 0.627 0.859 0.999 1.000 0.994 0.982 0.978 0.977 0.973 0.966
     33       1.763    0.972 0.235      0.320 0.330 0.346 0.349 0.374 0.541 0.800 0.990 0.994 1.000 0.996 0.995 0.994 0.992 0.988
     34       2.697    0.989 0.151      0.238 0.249 0.264 0.268 0.293 0.468 0.746 0.974 0.982 0.996 1.000 1.000 1.000 0.999 0.998
     35       3.026    0.991 0.134      0.221 0.232 0.248 0.251 0.277 0.453 0.734 0.971 0.978 0.995 1.000 1.000 1.000 1.000 0.999
     36       3.213    0.992 0.126      0.213 0.224 0.240 0.244 0.269 0.445 0.729 0.969 0.977 0.994 1.000 1.000 1.000 1.000 0.999
     37       3.678    0.994 0.110      0.197 0.208 0.224 0.228 0.254 0.431 0.718 0.964 0.973 0.992 0.999 1.000 1.000 1.000 1.000
     38       4.971    0.997 0.081      0.169 0.180 0.196 0.199 0.225 0.404 0.697 0.956 0.966 0.988 0.998 0.999 0.999 1.000 1.000

  R CORE   ENERGY   A0R/A00=1.000    R3= 0     2  
   2( 1)    0.732                    1.000 0.000
   2( 2)  487.921                    0.000 1.000

  R CORE   ENERGY   A0R/A00=1.000    R3= 0     2  
   3( 1)  488.652                    0.000 1.000

  R CORE   ENERGY   A0R/A00=1.000    R3= 0     2     4  
   4( 1)    2.438                    1.000 0.000 0.000

  R CORE   ENERGY   A0R/A00=1.000    R3= 0     2     4  
   5( 1)  490.847                    0.000 1.000 0.000

  R CORE   ENERGY   A0R/A00=1.000    R3= 0     2     4     6  
   6( 1)    5.121                    1.000 0.000 0.000 0.000

  R CORE   ENERGY   A0R/A00=1.000    R3= 0     2     4     6  
   7( 1)  494.017                    0.000 1.000 0.000 0.000

          AXIAL SYMMETRY => K RESTRICTED TO OMEGA

                     K
     S.P. ORB#: 24 -1.50
     S.P. ORB#: 25  2.50
     S.P. ORB#: 26  2.50
     S.P. ORB#: 27  0.50
     S.P. ORB#: 28  4.50
     S.P. ORB#: 29  0.50
     S.P. ORB#: 30 -1.50
     S.P. ORB#: 31 -3.50
     S.P. ORB#: 32  2.50
     S.P. ORB#: 33 -3.50
     S.P. ORB#: 34 -5.50
     S.P. ORB#: 35  0.50
     S.P. ORB#: 36 -1.50
     S.P. ORB#: 37 -1.50
     S.P. ORB#: 38  0.50
 

             ENERGY    K= OMEGA
 
 I=  1/2- (1)  4.545  27:-0.103
                      35:-0.995
 
 I=  1/2- (2)  5.406  27: 0.995
                      35:-0.103
 
 I=  1/2- (3)  5.605  29:-0.994
                      38:-0.108
 
 I=  1/2- (4)  9.089  29: 0.108
                      38:-0.994
 
 I=  1/2- (5)147.124  30: 1.000

             ENERGY    K= OMEGA
 
 I=  3/2- (1)  4.610  35:-0.848
                      36:-0.526
 
 I=  3/2- (2)  4.836  27:-0.191
                      35: 0.509
                      36:-0.839

             ENERGY    K= OMEGA
 
 I=  5/2- (1)  3.087  24: 0.090
                      32: 0.993
                      36: 0.070
 
 I=  5/2- (2)  5.183  25: 0.065
                      27:-0.315
                      32:-0.059
                      35:-0.499
                      36: 0.802
 
 I=  5/2- (3)  5.398  26: 0.106
                      29:-0.201
                      30: 0.948
                      37: 0.077
                      38:-0.208
 
 I=  5/2- (4)  5.762  25: 0.066
                      27: 0.126
                      35: 0.820
                      36: 0.552
 
 I=  5/2- (5)  6.275  24:-0.239
                      25: 0.180
                      27: 0.902
                      35:-0.258
                      36: 0.173

             ENERGY    K= OMEGA
 
 I=  7/2- (1)  3.634  24: 0.074
                      25: 0.089
                      32:-0.530
                      33:-0.839
 
 I=  7/2- (2)  3.972  24:-0.115
                      25: 0.067
                      32: 0.830
                      33:-0.533
                      36:-0.098
 
 I=  7/2- (3)  5.807  24: 0.111
                      25: 0.061
                      27: 0.090
                      35:-0.869
                      36:-0.469
 
 I=  7/2- (4)  6.085  26: 0.229
                      30:-0.903
                      31: 0.297
                      38:-0.210
 
 I=  7/2- (5)  6.268  25:-0.100
                      27: 0.337
                      32: 0.108
                      35:-0.417
                      36: 0.829

             ENERGY    K= OMEGA
 
 I=  9/2- (1)  4.584  24:-0.108
                      25: 0.123
                      28:-0.115
                      32:-0.586
                      33: 0.783
                      36:-0.063
 
 I=  9/2- (2)  5.046  24: 0.136
                      25: 0.098
                      28:-0.313
                      32: 0.756
                      33: 0.534
                      36: 0.126
 
 I=  9/2- (3)  5.228  25: 0.052
                      28: 0.943
                      32: 0.179
                      33: 0.272
 
 I=  9/2- (4)  6.750  26: 0.281
                      29:-0.227
                      30: 0.814
                      31:-0.349
                      37: 0.061
                      38:-0.286
 
 I=  9/2- (5)  6.869  25:-0.087
                      27: 0.448
                      32: 0.125
                      35: 0.500
                      36:-0.723

             ENERGY    K= OMEGA
 
 I= 11/2- (1)  3.979  28:-0.150
                      34:-0.989
 
 I= 11/2- (2)  5.776  24:-0.139
                      25:-0.151
                      28: 0.119
                      32: 0.615
                      33: 0.748
                      36:-0.074
 
 I= 11/2- (3)  6.355  24:-0.158
                      25: 0.130
                      28:-0.303
                      32: 0.722
                      33:-0.564
                      34: 0.051
                      36:-0.149
 
 I= 11/2- (4)  6.641  25:-0.071
                      28:-0.934
                      32:-0.155
                      33: 0.277
                      34: 0.139
 
 I= 11/2- (5)  7.796  26:-0.370
                      29:-0.298
                      30: 0.675
                      31:-0.477
                      37:-0.141
                      38: 0.267

             ENERGY    K= OMEGA
 
 I= 13/2- (1)  5.497  28: 0.214
                      34:-0.977
 
 I= 13/2- (2)  7.204  24: 0.167
                      25:-0.172
                      28: 0.110
                      32: 0.635
                      33:-0.718
                      36: 0.090
 
 I= 13/2- (3)  7.889  24: 0.175
                      25: 0.164
                      27:-0.084
                      28:-0.269
                      32: 0.687
                      33: 0.593
                      34:-0.068
                      36: 0.187
 
 I= 13/2- (4)  8.298  25: 0.082
                      28: 0.932
                      32: 0.120
                      33: 0.256
                      34: 0.200
                      36: 0.053
 
 I= 13/2- (5)  8.892  26:-0.384
                      29: 0.205
                      30:-0.712
                      31: 0.452
                      38: 0.312

             ENERGY     K= 1/2
  32 LEVELS    TIME=  0.0 SEC



 ******************* EXCITATION ENERGIES, DOMINANT CONFIGURATION AND EXPECTATION VALUES (WITH S.P. UU+VV FACTORS) *******************

  NR  Eex(keV)  I   Kdom  NY    <Jz>  <Jx**2> <Jy**2> <Jz**2> <I.j>/|I|  <Rx**2> <Ry**2> <Rz**2> <R.j>/|R|  <HROTx> <HROTy> <HROTz>

   1    0.0   5/2-   5/2  32    2.45    6.41    6.41    6.20    2.23       7.29    7.29    0.00   -3.25      0.889   0.889   0.000
   2  546.5   7/2-  -7/2  33   -1.75    6.52    6.52   10.44    2.91       8.08    8.08    0.00   -2.97      0.986   0.986   0.000
   3  884.7   7/2-   5/2  32    0.71    6.45    6.45    7.86    2.03      10.19   10.19    0.00   -2.81      1.242   1.242   0.000
   4  892.1  11/2- -11/2  34   -5.27    2.86    2.86   30.02    5.10       5.25    5.25    0.00   -1.62      0.640   0.640   0.000
   5 1457.5   1/2-   1/2  35    0.50    5.74    5.74    0.25    0.03       6.21    6.21    0.00   -3.32      0.757   0.757   0.000
  
   6 1497.0   9/2-  -7/2  33   -1.21    6.57    6.57   10.05    2.43      11.90   11.90    0.00   -2.28      1.451   1.451   0.000
   7 1523.3   3/2-   1/2  35   -0.06    5.73    5.73    0.81    0.90       6.27    6.27    0.00   -2.97      0.764   0.764   0.000
   8 1748.9   3/2-  -3/2  36   -0.91    5.84    5.84    1.66    0.89       6.82    6.82    0.00   -3.14      0.832   0.832   0.000
   9 1959.3   9/2-   5/2  32    0.85    6.60    6.60    9.19    1.97      13.79   13.79    0.00   -2.40      1.681   1.681   0.000
  10 2095.6   5/2-  -3/2  36   -0.77    5.99    5.99    1.58    1.00       8.20    8.20    0.00   -2.62      1.000   1.000   0.000
  
  11 2140.6   9/2-   9/2  28    3.82    7.49    7.49   19.12    3.81      10.46   10.46   -0.00   -3.31      1.275   1.275  -0.000
  12 2310.7   5/2-  -3/2  30   -1.29   16.52   16.52    2.13    1.42      17.76   17.76   -0.00   -5.20      2.166   2.166  -0.000
  13 2318.8   1/2-   1/2  27    0.50    8.20    8.20    0.25    0.55       8.22    8.22    0.00   -3.99      1.002   1.002   0.000
  14 2410.2  13/2- -11/2  34   -5.04    2.97    2.97   29.78    4.41      11.47   11.47    0.00   -1.04      1.398   1.398   0.000
  15 2517.5   1/2-   1/2  29    0.50   16.91   16.91    0.25   -0.09      17.49   17.49   -0.00   -5.77      2.132   2.132  -0.000
  
  16 2675.2   5/2-   1/2  35   -0.10    5.79    5.79    0.90   -0.11      10.95   10.95   -0.00   -2.74      1.335   1.335  -0.000
  17 2688.9  11/2-  -7/2  33   -0.93    6.61    6.61    9.71    2.12      16.68   16.68    0.00   -1.78      2.034   2.034   0.000
  18 2719.6   7/2-   1/2  35    0.04    5.79    5.79    0.74    0.73      11.14   11.14   -0.00   -2.00      1.358   1.358  -0.000
  19 2997.6   7/2-  -3/2  30   -1.38   17.28   17.28    3.25    1.67      20.13   20.13   -0.00   -4.91      2.455   2.455  -0.000
  20 3180.8   7/2-  -3/2  36   -0.84    6.09    6.09    1.77    0.56      12.62   12.62   -0.00   -2.33      1.538   1.538  -0.000
  
  21 3188.2   5/2-   1/2  27    0.39    8.04    8.04    0.62    0.40      11.53   11.53    0.00   -3.23      1.406   1.406   0.000
  22 3268.1  11/2-   5/2  32    0.56    6.61    6.61    9.30    1.71      18.89   18.89    0.00   -2.00      2.303   2.303   0.000
  23 3553.6  11/2-   9/2  28    3.61    7.41    7.41   19.37    3.14      16.21   16.21   -0.00   -2.71      1.976   1.976  -0.000
  24 3663.3   9/2-  -3/2  30   -1.16   17.43   17.43    3.52    1.98      21.74   21.74   -0.00   -4.33      2.650   2.650  -0.000
  25 3781.8   9/2-  -3/2  36   -0.51    6.26    6.26    1.46    0.85      15.12   15.12   -0.00   -1.77      1.844   1.844  -0.000
  
  26 4116.8  13/2-  -7/2  33   -0.73    6.64    6.64    9.40    1.91      22.40   22.40    0.00   -1.40      2.731   2.731   0.000
  27 4709.0  11/2-  -3/2  30   -1.09   18.70   18.70    4.75    2.31      25.15   25.15   -0.00   -4.00      3.066   3.066  -0.000
  28 4801.7  13/2-   5/2  32    0.22    6.63    6.63    9.17    1.53      24.88   24.88    0.00   -1.66      3.033   3.033   0.000
  29 5211.1  13/2-   9/2  28    3.51    7.33    7.33   19.75    2.68      22.90   22.90    0.00   -2.32      2.792   2.792   0.000
  30 5804.6  13/2-  -3/2  30   -1.04   18.19   18.19    4.61    2.21      29.43   29.43   -0.00   -3.33      3.587   3.587  -0.000
  
  31 6001.8   1/2-   1/2  38    0.50   16.84   16.84    0.25    0.32      17.06   17.06    0.00   -5.76      2.080   2.080   0.000
  32*******   1/2-  -3/2  30    0.00    0.00    0.00    0.00   -0.00       0.00    0.00   -0.00   -0.00      0.000   0.000  -0.000
