1SPECTRUM OF (Z= 82 A=207) IN PARTICLE-ROTOR  MODEL WITH MODIFIED OSCILLATOR POTENTIAL


 PARITY=-   EPS= 0.472   GAMMA=  0.0   EPS4=0.000   EPS6=0.000   LEVELS:  24  25  26  27  28  29  30  31  32  33  34  35  36  37  38

 PAIRING FACTORS: GN0= 19.20  GN1=  7.40  IPAIR= 15 ***  E2PLUS(INPUT)=   0.730  E2PLUR(INPUT)=   0.000

 CORIOLIS ATTENUATION PARAMETERS:  CHSI=1.000  ETA=  1.00

 MOMENT OF INERTIA PARAMETERS:   A1=  0.122 MEV   A2=  0.122 MEV   A3=121.91924 MEV


 DELTA=0.847 MEV  LAMBDA=53.4556 MEV   HW0= 7.6254 MEV   LAMBDA/HW0= 7.0102

 E2ENERGY=0.730 MEV  HBAR**2/B=41308./A**(7/3)=6983.1/A**2 MEV

 IREC=0  =>  RECOIL TERMS j+j-, j+j+, jzjz, ETC TREATED AS ONE-BODY OPERATORS WITH UU+VV PAIRING FACTORS



 S. P. LEVEL   EQP       U     V        (UU + VV)**1.00

     24       4.861    0.087 0.996      1.000 1.000 0.999 0.995 0.991 0.975 0.967 0.919 0.672 0.594 0.339 0.285 0.276 0.243 0.238
     25       4.144    0.103 0.995      1.000 1.000 1.000 0.997 0.993 0.978 0.971 0.925 0.684 0.607 0.354 0.300 0.291 0.258 0.253
     26       3.287    0.130 0.992      0.999 1.000 1.000 0.998 0.996 0.983 0.977 0.935 0.704 0.628 0.379 0.326 0.317 0.285 0.279
     27       2.325    0.185 0.983      0.995 0.997 0.998 1.000 0.999 0.992 0.987 0.954 0.742 0.671 0.431 0.379 0.370 0.338 0.332
     28       1.964    0.221 0.975      0.991 0.993 0.996 0.999 1.000 0.996 0.993 0.964 0.766 0.697 0.463 0.412 0.403 0.372 0.367
     29       1.449    0.307 0.952      0.975 0.978 0.983 0.992 0.996 1.000 0.999 0.984 0.821 0.759 0.540 0.492 0.483 0.453 0.448
     30       1.331    0.338 0.941      0.967 0.971 0.977 0.987 0.993 0.999 1.000 0.989 0.839 0.779 0.568 0.520 0.512 0.482 0.477
     31       1.017    0.473 0.881      0.919 0.925 0.935 0.954 0.964 0.984 0.989 1.000 0.910 0.863 0.682 0.640 0.632 0.606 0.601
     32       0.880    0.796 0.605      0.672 0.684 0.704 0.742 0.766 0.821 0.839 0.910 1.000 0.995 0.924 0.901 0.897 0.882 0.879
     33       0.952    0.853 0.522      0.594 0.607 0.628 0.671 0.697 0.759 0.779 0.863 0.995 1.000 0.958 0.940 0.937 0.925 0.922
     34       1.714    0.967 0.256      0.339 0.354 0.379 0.431 0.463 0.540 0.568 0.682 0.924 0.958 1.000 0.998 0.998 0.995 0.994
     35       2.159    0.980 0.200      0.285 0.300 0.326 0.379 0.412 0.492 0.520 0.640 0.901 0.940 0.998 1.000 1.000 0.999 0.999
     36       2.262    0.982 0.191      0.276 0.291 0.317 0.370 0.403 0.483 0.512 0.632 0.897 0.937 0.998 1.000 1.000 0.999 0.999
     37       2.723    0.988 0.158      0.243 0.258 0.285 0.338 0.372 0.453 0.482 0.606 0.882 0.925 0.995 0.999 0.999 1.000 1.000
     38       2.824    0.988 0.152      0.238 0.253 0.279 0.332 0.367 0.448 0.477 0.601 0.879 0.922 0.994 0.999 0.999 1.000 1.000

  R CORE   ENERGY   A0R/A00=1.000    R3= 0     2  
   2( 1)    0.732                    1.000 0.000
   2( 2)  487.921                    0.000 1.000

  R CORE   ENERGY   A0R/A00=1.000    R3= 0     2  
   3( 1)  488.652                    0.000 1.000

  R CORE   ENERGY   A0R/A00=1.000    R3= 0     2     4  
   4( 1)    2.438                    1.000 0.000 0.000

  R CORE   ENERGY   A0R/A00=1.000    R3= 0     2     4  
   5( 1)  490.847                    0.000 1.000 0.000

  R CORE   ENERGY   A0R/A00=1.000    R3= 0     2     4     6  
   6( 1)    5.121                    1.000 0.000 0.000 0.000

  R CORE   ENERGY   A0R/A00=1.000    R3= 0     2     4     6  
   7( 1)  494.017                    0.000 1.000 0.000 0.000

          AXIAL SYMMETRY => K RESTRICTED TO OMEGA

                     K
     S.P. ORB#: 24  0.50
     S.P. ORB#: 25  0.50
     S.P. ORB#: 26 -1.50
     S.P. ORB#: 27 -5.50
     S.P. ORB#: 28  2.50
     S.P. ORB#: 29 -3.50
     S.P. ORB#: 30  2.50
     S.P. ORB#: 31  0.50
     S.P. ORB#: 32  0.50
     S.P. ORB#: 33 -1.50
     S.P. ORB#: 34 -3.50
     S.P. ORB#: 35  0.50
     S.P. ORB#: 36 -3.50
     S.P. ORB#: 37 -1.50
     S.P. ORB#: 38  4.50
 

             ENERGY    K= OMEGA
 
 I=  1/2- (1)  2.253  32:-0.999
 
 I=  1/2- (2)  3.645  24: 0.299
                      31:-0.925
                      35: 0.235
 
 I=  1/2- (3)  5.935  25:-0.999
 
 I=  1/2- (4)  6.182  24:-0.202
                      31: 0.179
                      35: 0.963
 
 I=  1/2- (5) 10.890  24: 0.933
                      31: 0.335
                      35: 0.133

             ENERGY    K= OMEGA
 
 I=  3/2- (1)  2.283  32: 0.651
                      33:-0.759
 
 I=  3/2- (2)  2.500  25:-0.152
                      32:-0.749
                      33:-0.645

             ENERGY    K= OMEGA
 
 I=  5/2- (1)  2.703  25: 0.205
                      28:-0.067
                      32:-0.521
                      33:-0.826
 
 I=  5/2- (2)  3.456  25:-0.057
                      28:-0.145
                      32: 0.834
                      33:-0.529
 
 I=  5/2- (3)  3.781  28: 0.987
                      32: 0.088
                      33:-0.133
 
 I=  5/2- (4)  4.039  24:-0.264
                      31: 0.855
                      35:-0.383
                      37:-0.230
 
 I=  5/2- (5)  6.150  24:-0.163
                      26: 0.547
                      30:-0.820

             ENERGY    K= OMEGA
 
 I=  7/2- (1)  3.147  28: 0.234
                      29:-0.078
                      33:-0.060
                      36:-0.967
 
 I=  7/2- (2)  3.380  28:-0.184
                      29:-0.974
                      32:-0.074
                      33: 0.108
 
 I=  7/2- (3)  3.499  29: 0.129
                      32:-0.774
                      33: 0.614
                      36:-0.072
 
 I=  7/2- (4)  3.828  25: 0.270
                      28:-0.084
                      29: 0.054
                      32: 0.594
                      33: 0.749
                      36:-0.059
 
 I=  7/2- (5)  4.604  26:-0.305
                      30:-0.304
                      31:-0.814
                      34:-0.121
                      35:-0.243
                      37:-0.277

             ENERGY    K= OMEGA
 
 I=  9/2- (1)  3.593  28: 0.148
                      29:-0.463
                      36: 0.295
                      38: 0.822
 
 I=  9/2- (2)  4.155  25: 0.251
                      28:-0.227
                      29:-0.152
                      32:-0.424
                      33:-0.600
                      36:-0.539
                      38: 0.180
 
 I=  9/2- (3)  4.229  25: 0.206
                      28: 0.162
                      29: 0.229
                      32:-0.360
                      33:-0.465
                      36: 0.718
                      38:-0.133
 
 I=  9/2- (4)  4.722  28:-0.274
                      29: 0.807
                      32: 0.064
                      38: 0.516
 
 I=  9/2- (5)  5.197  24:-0.188
                      26:-0.124
                      30: 0.195
                      31: 0.790
                      34:-0.101
                      35:-0.427
                      37:-0.306

             ENERGY    K= OMEGA
 
 I= 11/2- (1)  3.663  27:-0.999
 
 I= 11/2- (2)  4.414  24:-0.456
                      26:-0.572
                      30:-0.501
                      31:-0.374
                      34:-0.211
                      35:-0.112
                      37:-0.132
 
 I= 11/2- (3)  4.665  28:-0.191
                      29:-0.513
                      36: 0.333
                      38:-0.766
 
 I= 11/2- (4)  5.471  28: 0.325
                      29:-0.294
                      32: 0.097
                      33:-0.166
                      36:-0.840
                      38:-0.257
 
 I= 11/2- (5)  5.683  25: 0.108
                      29: 0.076
                      32: 0.845
                      33:-0.489
                      36: 0.172

             ENERGY    K= OMEGA
 
 I= 13/2- (1)  5.245  27: 0.996
                      38:-0.074
 
 I= 13/2- (2)  6.001  27: 0.081
                      28: 0.224
                      29:-0.532
                      33: 0.063
                      36: 0.354
                      38: 0.727
 
 I= 13/2- (3)  6.194  24:-0.168
                      26: 0.573
                      30:-0.688
                      31:-0.157
                      34: 0.365
                      37: 0.102
 
 I= 13/2- (4)  6.532  25:-0.404
                      28: 0.096
                      29: 0.066
                      32: 0.551
                      33: 0.709
                      36: 0.060
                      38:-0.111
 
 I= 13/2- (5)  7.011  25: 0.062
                      28: 0.336
                      29: 0.318
                      32:-0.098
                      33:-0.075
                      36: 0.835
                      38:-0.263

             ENERGY     K= 9/2
  32 LEVELS    TIME=  0.0 SEC



 ******************* EXCITATION ENERGIES, DOMINANT CONFIGURATION AND EXPECTATION VALUES (WITH S.P. UU+VV FACTORS) *******************

  NR  Eex(keV)  I   Kdom  NY    <Jz>  <Jx**2> <Jy**2> <Jz**2> <I.j>/|I|  <Rx**2> <Ry**2> <Rz**2> <R.j>/|R|  <HROTx> <HROTy> <HROTz>

   1    0.0   1/2-   1/2  32    0.50    5.23    5.23    0.25    0.14       5.61    5.61    0.00   -3.16      0.684   0.684   0.000
   2   30.2   3/2-  -3/2  33   -0.65    5.21    5.21    1.40    1.14       5.58    5.58   -0.00   -2.88      0.681   0.681  -0.000
   3  246.6   3/2-   1/2  32   -0.33    5.21    5.21    1.08    0.73       6.21    6.21   -0.00   -2.86      0.757   0.757  -0.000
   4  449.5   5/2-  -3/2  33   -0.85    5.37    5.37    1.64    1.31       6.69    6.69   -0.00   -2.33      0.816   0.816  -0.000
   5  893.6   7/2-  -7/2  36   -3.16    2.47    2.47   11.88    3.16       3.74    3.74    0.00   -1.56      0.456   0.456   0.000
  
   6 1126.7   7/2-  -7/2  29   -3.25    6.31    6.31   11.86    3.08       7.88    7.88    0.00   -3.09      0.961   0.961   0.000
   7 1203.2   5/2-   1/2  32   -0.02    5.26    5.26    0.94   -0.08      10.35   10.35   -0.00   -2.57      1.261   1.261  -0.000
   8 1246.2   7/2-   1/2  32   -0.34    5.21    5.21    1.27    0.80      10.53   10.53   -0.00   -1.85      1.284   1.284  -0.000
   9 1340.1   9/2-   9/2  38    2.04    3.35    3.35   17.51    3.99       4.65    4.65   -0.00   -1.44      0.567   0.567  -0.000
  10 1391.3   1/2-   1/2  31    0.50    9.41    9.41    0.25    0.93       9.11    9.11    0.00   -4.28      1.110   1.110   0.000
  
  11 1410.2  11/2- -11/2  27   -5.48    2.75    2.75   30.23    5.06       5.49    5.49    0.00   -1.65      0.669   0.669   0.000
  12 1528.1   5/2-   5/2  28    2.41    6.13    6.13    6.13    2.03       7.56    7.56    0.00   -3.18      0.922   0.922   0.000
  13 1574.9   7/2-  -3/2  33   -0.63    5.30    5.30    1.49    0.76      10.89   10.89   -0.00   -1.94      1.328   1.328  -0.000
  14 1785.5   5/2-   1/2  31    0.39   10.22   10.22    0.36    1.53      10.24   10.24   -0.00   -3.59      1.248   1.248  -0.000
  15 1901.7   9/2-  -3/2  33   -1.24    4.48    4.48    5.69    1.89      10.29   10.29    0.00   -1.16      1.255   1.255   0.000
  
  16 1975.8   9/2-  -7/2  36   -2.08    3.76    3.76    8.01    2.08       9.80    9.80    0.00   -1.17      1.195   1.195   0.000
  17 2160.7  11/2-  -3/2  26    0.14   23.47   23.47    2.98    6.00       6.98    6.98   -0.00   -3.76      0.851   0.851  -0.000
  18 2350.5   7/2-   1/2  31    0.29   17.40   17.40    1.32    3.30      12.84   12.84   -0.00   -4.54      1.565   1.565  -0.000
  19 2411.5  11/2-   9/2  38    1.41    3.62    3.62   16.75    3.42       9.43    9.43   -0.00   -0.82      1.150   1.150  -0.000
  20 2469.0   9/2-  -7/2  29   -0.90    5.26    5.26   13.86    2.57      11.77   11.77    0.00   -2.39      1.434   1.434   0.000
  
  21 2943.7   9/2-   1/2  31    0.32   12.10   12.10    0.82    2.02      14.85   14.85   -0.00   -2.75      1.810   1.810  -0.000
  22 2991.4  13/2- -11/2  27   -5.44    2.75    2.75   30.17    4.33      11.97   11.97    0.00   -1.11      1.459   1.459   0.000
  23 3217.9  11/2-  -7/2  36   -2.25    2.99    2.99   11.75    2.19      13.63   13.63    0.00   -0.89      1.661   1.661   0.000
  24 3429.5  11/2-   1/2  32   -0.12    5.10    5.10    1.15    0.71      19.29   19.29   -0.00   -1.14      2.352   2.352  -0.000
  25 3681.5   1/2-   1/2  25    0.50    7.43    7.43    0.25    0.65       7.37    7.37   -0.00   -3.79      0.899   0.899  -0.000
  
  26 3747.4  13/2-   9/2  38    1.04    3.78    3.78   16.23    3.03      15.14   15.14    0.00   -0.48      1.846   1.846   0.000
  27 3896.8   5/2-   5/2  30    1.25   22.77   22.77    4.88    4.26      16.98   16.98   -0.00   -6.49      2.070   2.070  -0.000
  28 3929.3   1/2-   1/2  35    0.50   15.61   15.61    0.25   -0.10      16.20   16.20    0.00   -5.55      1.975   1.975   0.000
  29 3941.1  13/2-   5/2  30    0.24   22.87   22.87    5.37    4.77      16.66   16.66   -0.00   -3.09      2.031   2.031  -0.000
  30 4279.0  13/2-  -3/2  33   -0.47    5.66    5.66    1.66    1.46      20.67   20.67   -0.00   -0.43      2.520   2.520  -0.000
  
  31 4757.7  13/2-  -7/2  36   -2.21    3.03    3.03   11.91    1.94      19.85   19.85    0.00   -0.71      2.420   2.420   0.000
  32 8637.2   1/2-   1/2  24    0.50   23.13   23.13    0.25   -3.54      26.70   26.70   -0.00   -6.78      3.255   3.255  -0.000
