1SPECTRUM OF (Z= 82 A=207) IN PARTICLE-ROTOR  MODEL WITH MODIFIED OSCILLATOR POTENTIAL


 PARITY=-   EPS= 0.552   GAMMA=  0.0   EPS4=0.000   EPS6=0.000   LEVELS:  24  25  26  27  28  29  30  31  32  33  34  35  36  37  38

 PAIRING FACTORS: GN0= 19.20  GN1=  7.40  IPAIR= 15 ***  E2PLUS(INPUT)=   0.730  E2PLUR(INPUT)=   0.000

 CORIOLIS ATTENUATION PARAMETERS:  CHSI=1.000  ETA=  1.00

 MOMENT OF INERTIA PARAMETERS:   A1=  0.122 MEV   A2=  0.122 MEV   A3=121.91924 MEV


 DELTA=0.890 MEV  LAMBDA=53.4700 MEV   HW0= 7.7161 MEV   LAMBDA/HW0= 6.9297

 E2ENERGY=0.730 MEV  HBAR**2/B=56498./A**(7/3)=9550.9/A**2 MEV

 IREC=0  =>  RECOIL TERMS j+j-, j+j+, jzjz, ETC TREATED AS ONE-BODY OPERATORS WITH UU+VV PAIRING FACTORS



 S. P. LEVEL   EQP       U     V        (UU + VV)**1.00

     24       4.620    0.097 0.995      1.000 1.000 1.000 0.995 0.992 0.948 0.906 0.837 0.468 0.407 0.389 0.374 0.335 0.212 0.197
     25       4.598    0.097 0.995      1.000 1.000 1.000 0.995 0.992 0.948 0.906 0.837 0.468 0.408 0.390 0.374 0.336 0.212 0.198
     26       3.890    0.115 0.993      1.000 1.000 1.000 0.997 0.994 0.954 0.914 0.847 0.484 0.424 0.406 0.391 0.353 0.230 0.215
     27       2.357    0.192 0.981      0.995 0.995 0.997 1.000 0.999 0.974 0.943 0.886 0.551 0.493 0.476 0.462 0.425 0.305 0.291
     28       2.034    0.224 0.975      0.992 0.992 0.994 0.999 1.000 0.981 0.953 0.901 0.578 0.522 0.505 0.490 0.454 0.336 0.322
     29       1.192    0.409 0.913      0.948 0.948 0.954 0.974 0.981 1.000 0.994 0.968 0.725 0.677 0.663 0.650 0.618 0.512 0.500
     30       1.016    0.509 0.861      0.906 0.906 0.914 0.943 0.953 0.994 1.000 0.990 0.798 0.755 0.742 0.731 0.703 0.605 0.594
     31       0.912    0.625 0.780      0.837 0.837 0.847 0.886 0.901 0.968 0.990 1.000 0.875 0.840 0.830 0.820 0.796 0.712 0.701
     32       1.266    0.925 0.380      0.468 0.468 0.484 0.551 0.578 0.725 0.798 0.875 1.000 0.998 0.996 0.995 0.990 0.963 0.959
     33       1.480    0.948 0.317      0.407 0.408 0.424 0.493 0.522 0.677 0.755 0.840 0.998 1.000 1.000 0.999 0.997 0.979 0.976
     34       1.563    0.954 0.298      0.389 0.390 0.406 0.476 0.505 0.663 0.742 0.830 0.996 1.000 1.000 1.000 0.998 0.983 0.980
     35       1.642    0.959 0.282      0.374 0.374 0.391 0.462 0.490 0.650 0.731 0.820 0.995 0.999 1.000 1.000 0.999 0.986 0.983
     36       1.889    0.970 0.243      0.335 0.336 0.353 0.425 0.454 0.618 0.703 0.796 0.990 0.997 0.998 0.999 1.000 0.992 0.990
     37       3.858    0.993 0.116      0.212 0.212 0.230 0.305 0.336 0.512 0.605 0.712 0.963 0.979 0.983 0.986 0.992 1.000 1.000
     38       4.404    0.995 0.102      0.197 0.198 0.215 0.291 0.322 0.500 0.594 0.701 0.959 0.976 0.980 0.983 0.990 1.000 1.000

  R CORE   ENERGY   A0R/A00=1.000    R3= 0     2  
   2( 1)    0.732                    1.000 0.000
   2( 2)  487.921                    0.000 1.000

  R CORE   ENERGY   A0R/A00=1.000    R3= 0     2  
   3( 1)  488.652                    0.000 1.000

  R CORE   ENERGY   A0R/A00=1.000    R3= 0     2     4  
   4( 1)    2.438                    1.000 0.000 0.000

  R CORE   ENERGY   A0R/A00=1.000    R3= 0     2     4  
   5( 1)  490.847                    0.000 1.000 0.000

  R CORE   ENERGY   A0R/A00=1.000    R3= 0     2     4     6  
   6( 1)    5.121                    1.000 0.000 0.000 0.000

  R CORE   ENERGY   A0R/A00=1.000    R3= 0     2     4     6  
   7( 1)  494.017                    0.000 1.000 0.000 0.000

          AXIAL SYMMETRY => K RESTRICTED TO OMEGA

                     K
     S.P. ORB#: 24  4.50
     S.P. ORB#: 25  2.50
     S.P. ORB#: 26  0.50
     S.P. ORB#: 27  0.50
     S.P. ORB#: 28  2.50
     S.P. ORB#: 29  2.50
     S.P. ORB#: 30 -5.50
     S.P. ORB#: 31 -3.50
     S.P. ORB#: 32  0.50
     S.P. ORB#: 33  0.50
     S.P. ORB#: 34 -3.50
     S.P. ORB#: 35 -1.50
     S.P. ORB#: 36 -1.50
     S.P. ORB#: 37 -3.50
     S.P. ORB#: 38 -1.50
 

             ENERGY    K= OMEGA
 
 I=  1/2- (1)  2.916  33:-0.999
 
 I=  1/2- (2)  4.948  27: 0.590
                      32:-0.808
 
 I=  1/2- (3)  5.767  26: 0.999
 
 I=  1/2- (4)  6.331  27:-0.808
                      32:-0.590
 
 I=  1/2- (5)147.945  35: 1.000

             ENERGY    K= OMEGA
 
 I=  3/2- (1)  2.984  33:-0.782
                      35:-0.623
 
 I=  3/2- (2)  3.227  26:-0.119
                      33: 0.616
                      35:-0.778

             ENERGY    K= OMEGA
 
 I=  5/2- (1)  3.000  29:-0.986
                      35:-0.153
 
 I=  5/2- (2)  3.532  26:-0.178
                      29:-0.155
                      33:-0.532
                      35: 0.812
 
 I=  5/2- (3)  4.147  33:-0.833
                      35:-0.548
 
 I=  5/2- (4)  4.897  27: 0.541
                      32:-0.749
                      36:-0.250
                      38: 0.290
 
 I=  5/2- (5)  6.540  27:-0.231
                      28:-0.185
                      32:-0.388
                      36: 0.856
                      38: 0.172

             ENERGY    K= OMEGA
 
 I=  7/2- (1)  2.673  25:-0.190
                      29: 0.121
                      31: 0.974
 
 I=  7/2- (2)  3.667  25:-0.061
                      29:-0.904
                      31: 0.092
                      33: 0.064
                      35: 0.184
                      37: 0.364
 
 I=  7/2- (3)  4.205  29: 0.127
                      33: 0.820
                      35: 0.545
                      37:-0.097
 
 I=  7/2- (4)  4.669  25:-0.055
                      26: 0.222
                      29: 0.058
                      33:-0.543
                      35: 0.787
                      37:-0.169
 
 I=  7/2- (5)  5.044  29: 0.383
                      31:-0.058
                      35: 0.131
                      37: 0.911

             ENERGY    K= OMEGA
 
 I=  9/2- (1)  3.501  25: 0.268
                      29:-0.156
                      31: 0.949
 
 I=  9/2- (2)  4.574  25: 0.082
                      26:-0.059
                      29: 0.847
                      31: 0.110
                      33:-0.088
                      35: 0.234
                      37: 0.444
 
 I=  9/2- (3)  5.187  26:-0.282
                      29:-0.182
                      31:-0.073
                      33:-0.542
                      35: 0.745
                      37:-0.179
 
 I=  9/2- (4)  5.684  27: 0.494
                      32:-0.740
                      36:-0.236
                      38: 0.391
 
 I=  9/2- (5)  6.259  24: 0.055
                      25: 0.071
                      26: 0.069
                      29: 0.301
                      33: 0.580
                      35: 0.361
                      37:-0.656

             ENERGY    K= OMEGA
 
 I= 11/2- (1)  2.124  24:-0.190
                      30:-0.982
 
 I= 11/2- (2)  4.547  24: 0.056
                      25:-0.323
                      29: 0.173
                      31: 0.927
 
 I= 11/2- (3)  5.736  25:-0.097
                      29:-0.821
                      31: 0.119
                      33: 0.086
                      35: 0.225
                      37: 0.493
 
 I= 11/2- (4)  6.404  26: 0.070
                      29:-0.130
                      31: 0.065
                      33:-0.839
                      35:-0.500
                      37: 0.143
 
 I= 11/2- (5)  6.574  27: 0.414
                      28: 0.089
                      32: 0.772
                      34: 0.057
                      36: 0.142
                      38: 0.448

             ENERGY    K= OMEGA
 
 I= 13/2- (1)  3.452  24:-0.265
                      30: 0.964
 
 I= 13/2- (2)  5.817  24: 0.054
                      25:-0.367
                      29: 0.180
                      30: 0.051
                      31:-0.907
                      35:-0.059
 
 I= 13/2- (3)  7.117  25:-0.108
                      26: 0.106
                      29:-0.779
                      31:-0.106
                      33: 0.134
                      35:-0.298
                      37:-0.502
 
 I= 13/2- (4)  7.378  27: 0.459
                      32:-0.735
                      36:-0.214
                      38: 0.450
 
 I= 13/2- (5)  7.768  26:-0.356
                      29:-0.229
                      31:-0.116
                      33:-0.531
                      35: 0.682
                      37:-0.244

             ENERGY     K=-3/2
  32 LEVELS    TIME=  0.0 SEC



 ******************* EXCITATION ENERGIES, DOMINANT CONFIGURATION AND EXPECTATION VALUES (WITH S.P. UU+VV FACTORS) *******************

  NR  Eex(keV)  I   Kdom  NY    <Jz>  <Jx**2> <Jy**2> <Jz**2> <I.j>/|I|  <Rx**2> <Ry**2> <Rz**2> <R.j>/|R|  <HROTx> <HROTy> <HROTz>

   1    0.0  11/2- -11/2  30   -5.14    2.93    2.93   29.88    5.31       4.01    4.01    0.00   -1.41      0.489   0.489   0.000
   2  549.5   7/2-  -7/2  31   -3.19    6.50    6.50   11.94    3.45       6.66    6.66    0.00   -3.08      0.812   0.812   0.000
   3  792.6   1/2-   1/2  33    0.50    5.42    5.42    0.25    0.06       5.87    5.87    0.00   -3.22      0.716   0.716   0.000
   4  859.7   3/2-   1/2  33   -0.28    5.42    5.42    1.03    0.99       5.90    5.90   -0.00   -2.90      0.720   0.720  -0.000
   5  876.0   5/2-   5/2  29    2.40    6.19    6.19    6.14    2.13       7.34    7.34   -0.00   -3.19      0.895   0.895  -0.000
  
   6 1102.7   3/2-  -3/2  35   -0.71    5.45    5.45    1.46    0.74       6.62    6.62   -0.00   -3.00      0.807   0.807  -0.000
   7 1328.5  13/2- -11/2  30   -4.79    3.10    3.10   29.52    4.77       8.95    8.95    0.00   -0.58      1.091   1.091   0.000
   8 1377.5   9/2-  -7/2  31   -2.90    6.63    6.63   11.68    3.09       9.47    9.47    0.00   -2.20      1.154   1.154   0.001
   9 1407.9   5/2-  -3/2  35   -0.77    5.55    5.55    1.72    1.05       7.67    7.67    0.00   -2.48      0.936   0.936   0.000
  10 1542.7   7/2-   5/2  29    1.51    5.62    5.62    6.93    2.11       8.59    8.59   -0.00   -2.36      1.047   1.047  -0.000
  
  11 2023.3   5/2-   1/2  33   -0.09    5.44    5.44    0.87   -0.15      10.71   10.71    0.00   -2.64      1.305   1.305   0.000
  12 2080.7   7/2-   1/2  33   -0.10    5.41    5.41    1.07    0.74      10.88   10.88    0.00   -1.92      1.326   1.326   0.000
  13 2423.2  11/2-  -7/2  31   -2.66    6.73    6.73   11.46    2.86      13.23   13.23    0.00   -1.52      1.613   1.613   0.001
  14 2449.7   9/2-   5/2  29    1.01    5.33    5.33    7.22    1.98      11.48   11.48   -0.00   -1.68      1.400   1.400  -0.001
  15 2545.4   7/2-  -3/2  35   -0.85    5.45    5.45    1.88    0.61      11.87   11.87    0.00   -2.13      1.447   1.447   0.000
  
  16 2773.1   5/2-   1/2  32    0.21   14.59   14.59    0.54    2.33      12.34   12.34    0.00   -4.60      1.505   1.505   0.000
  17 2824.0   1/2-   1/2  32    0.50   14.27   14.27    0.25    1.41      13.54   13.54    0.00   -5.30      1.651   1.651   0.000
  18 2919.9   7/2-  -7/2  37   -2.57    2.98    2.98   11.16    2.46       6.68    6.68   -0.00   -2.02      0.815   0.815  -0.000
  19 3062.9   9/2-  -3/2  35   -0.69    5.58    5.58    2.02    1.04      13.77   13.77    0.00   -1.52      1.679   1.679   0.000
  20 3560.0   9/2-   1/2  32    0.08   14.89   14.89    0.67    2.55      14.92   14.92    0.00   -3.25      1.819   1.819   0.000
  
  21 3612.2  11/2-   5/2  29    0.74    5.14    5.14    7.56    1.85      15.74   15.74   -0.00   -1.21      1.919   1.919  -0.001
  22 3643.1   1/2-   1/2  26    0.50    7.78    7.78    0.25    0.65       7.72    7.72    0.00   -3.88      0.941   0.941   0.000
  23 3692.8  13/2-  -7/2  31   -2.47    6.81    6.81   11.28    2.70      17.97   17.97    0.00   -1.01      2.190   2.190   0.001
  24 4135.2   9/2-  -7/2  37   -1.28    4.18    4.18    6.31    0.89      15.28   15.28   -0.00   -1.85      1.862   1.862  -0.000
  25 4207.3   1/2-   1/2  27    0.50   16.23   16.23    0.25   -1.30      17.86   17.86    0.00   -5.66      2.177   2.177   0.000
  
  26 4280.0  11/2-   1/2  33   -0.06    5.38    5.38    1.15    0.67      19.80   19.80    0.00   -1.25      2.414   2.414   0.000
  27 4415.9   5/2-  -3/2  36   -0.96   17.18   17.18    1.98    1.19      19.03   19.03    0.00   -5.32      2.320   2.320   0.000
  28 4450.1  11/2-   1/2  32    0.06   17.53   17.53    0.78    2.92      18.34   18.34    0.00   -3.04      2.236   2.236   0.000
  29 4992.8  13/2-   5/2  29    0.51    5.09    5.09    7.31    1.73      21.07   21.07   -0.00   -0.84      2.569   2.569  -0.001
  30 5254.0  13/2-   1/2  32    0.00   15.12   15.12    0.75    2.65      21.40   21.40    0.00   -1.91      2.609   2.609   0.000
  
  31 5643.6  13/2-  -3/2  35   -0.61    5.61    5.61    2.38    1.07      23.73   23.73    0.00   -0.89      2.893   2.893   0.000
  32*******   1/2-  -3/2  35    0.00    0.00    0.00    0.00   -0.00       0.00    0.00    0.00   -0.00      0.000   0.000   0.000
