1SPECTRUM OF (Z= 82 A=207) IN PARTICLE-ROTOR  MODEL WITH MODIFIED OSCILLATOR POTENTIAL


 PARITY=-   EPS= 0.642   GAMMA=  0.0   EPS4=0.000   EPS6=0.000   LEVELS:  24  25  26  27  28  29  30  31  32  33  34  35  36  37  38

 PAIRING FACTORS: GN0= 19.20  GN1=  7.40  IPAIR= 15 ***  E2PLUS(INPUT)=   0.730  E2PLUR(INPUT)=   0.000

 CORIOLIS ATTENUATION PARAMETERS:  CHSI=1.000  ETA=  1.00

 MOMENT OF INERTIA PARAMETERS:   A1=  0.122 MEV   A2=  0.122 MEV   A3=121.91924 MEV


 DELTA=0.870 MEV  LAMBDA=53.8201 MEV   HW0= 7.8450 MEV   LAMBDA/HW0= 6.8604

 E2ENERGY=0.730 MEV  HBAR**2/B=76423./A**(7/3)=******/A**2 MEV

 IREC=0  =>  RECOIL TERMS j+j-, j+j+, jzjz, ETC TREATED AS ONE-BODY OPERATORS WITH UU+VV PAIRING FACTORS



 S. P. LEVEL   EQP       U     V        (UU + VV)**1.00

     24       4.415    0.099 0.995      1.000 1.000 1.000 1.000 0.999 0.905 0.705 0.628 0.499 0.473 0.385 0.289 0.275 0.213 0.184
     25       4.346    0.101 0.995      1.000 1.000 1.000 1.000 0.999 0.905 0.706 0.630 0.501 0.474 0.386 0.291 0.276 0.215 0.186
     26       3.735    0.117 0.993      1.000 1.000 1.000 1.000 1.000 0.912 0.718 0.643 0.515 0.489 0.402 0.307 0.292 0.231 0.202
     27       3.615    0.121 0.993      1.000 1.000 1.000 1.000 1.000 0.914 0.720 0.646 0.518 0.492 0.405 0.310 0.296 0.235 0.206
     28       3.094    0.142 0.990      0.999 0.999 1.000 1.000 1.000 0.922 0.735 0.662 0.536 0.510 0.425 0.330 0.316 0.255 0.226
     29       0.987    0.513 0.858      0.905 0.905 0.912 0.914 0.922 1.000 0.940 0.900 0.821 0.803 0.741 0.669 0.658 0.609 0.585
     30       0.888    0.776 0.631      0.705 0.706 0.718 0.720 0.735 0.940 1.000 0.995 0.967 0.958 0.926 0.883 0.876 0.843 0.827
     31       0.948    0.836 0.548      0.628 0.630 0.643 0.646 0.662 0.900 0.995 1.000 0.988 0.983 0.960 0.926 0.921 0.894 0.880
     32       1.161    0.912 0.411      0.499 0.501 0.515 0.518 0.536 0.821 0.967 0.988 1.000 1.000 0.992 0.974 0.970 0.953 0.944
     33       1.229    0.924 0.383      0.473 0.474 0.489 0.492 0.510 0.803 0.958 0.983 1.000 1.000 0.995 0.980 0.977 0.962 0.953
     34       1.559    0.957 0.292      0.385 0.386 0.402 0.405 0.425 0.741 0.926 0.960 0.992 0.995 1.000 0.995 0.993 0.984 0.978
     35       2.298    0.981 0.193      0.289 0.291 0.307 0.310 0.330 0.669 0.883 0.926 0.974 0.980 0.995 1.000 1.000 0.997 0.994
     36       2.480    0.984 0.178      0.275 0.276 0.292 0.296 0.316 0.658 0.876 0.921 0.970 0.977 0.993 1.000 1.000 0.998 0.996
     37       3.793    0.993 0.115      0.213 0.215 0.231 0.235 0.255 0.609 0.843 0.894 0.953 0.962 0.984 0.997 0.998 1.000 1.000
     38       5.082    0.996 0.086      0.184 0.186 0.202 0.206 0.226 0.585 0.827 0.880 0.944 0.953 0.978 0.994 0.996 1.000 1.000

  R CORE   ENERGY   A0R/A00=1.000    R3= 0     2  
   2( 1)    0.732                    1.000 0.000
   2( 2)  487.921                    0.000 1.000

  R CORE   ENERGY   A0R/A00=1.000    R3= 0     2  
   3( 1)  488.652                    0.000 1.000

  R CORE   ENERGY   A0R/A00=1.000    R3= 0     2     4  
   4( 1)    2.438                    1.000 0.000 0.000

  R CORE   ENERGY   A0R/A00=1.000    R3= 0     2     4  
   5( 1)  490.847                    0.000 1.000 0.000

  R CORE   ENERGY   A0R/A00=1.000    R3= 0     2     4     6  
   6( 1)    5.121                    1.000 0.000 0.000 0.000

  R CORE   ENERGY   A0R/A00=1.000    R3= 0     2     4     6  
   7( 1)  494.017                    0.000 1.000 0.000 0.000

          AXIAL SYMMETRY => K RESTRICTED TO OMEGA

                     K
     S.P. ORB#: 24  2.50
     S.P. ORB#: 25  0.50
     S.P. ORB#: 26  0.50
     S.P. ORB#: 27  4.50
     S.P. ORB#: 28  2.50
     S.P. ORB#: 29  0.50
     S.P. ORB#: 30  2.50
     S.P. ORB#: 31 -1.50
     S.P. ORB#: 32 -3.50
     S.P. ORB#: 33 -3.50
     S.P. ORB#: 34 -5.50
     S.P. ORB#: 35  0.50
     S.P. ORB#: 36 -1.50
     S.P. ORB#: 37 -1.50
     S.P. ORB#: 38  0.50
 

             ENERGY    K= OMEGA
 
 I=  1/2- (1)  3.792  26: 0.053
                      35: 0.999
 
 I=  1/2- (2)  4.863  25: 0.331
                      29:-0.940
                      38:-0.080
 
 I=  1/2- (3)  5.693  26: 0.999
                      35:-0.053
 
 I=  1/2- (4)  7.978  25: 0.868
                      29: 0.270
                      38: 0.418
 
 I=  1/2- (5)  9.393  25:-0.371
                      29:-0.208
                      38: 0.905

             ENERGY    K= OMEGA
 
 I=  3/2- (1)  3.861  35:-0.822
                      36:-0.569
 
 I=  3/2- (2)  4.100  26: 0.123
                      35:-0.562
                      36: 0.818

             ENERGY    K= OMEGA
 
 I=  5/2- (1)  2.727  30: 0.997
                      36: 0.075
 
 I=  5/2- (2)  4.450  26: 0.200
                      30: 0.069
                      35: 0.512
                      36:-0.831
 
 I=  5/2- (3)  4.489  25: 0.419
                      29:-0.654
                      31: 0.569
                      37: 0.176
                      38:-0.200
 
 I=  5/2- (4)  5.020  26:-0.063
                      35:-0.844
                      36:-0.531
 
 I=  5/2- (5)  5.913  25: 0.141
                      28:-0.103
                      29:-0.576
                      31:-0.779
                      37: 0.156
                      38: 0.079

             ENERGY    K= OMEGA
 
 I=  7/2- (1)  3.041  24: 0.121
                      30:-0.274
                      32:-0.954
 
 I=  7/2- (2)  3.607  24:-0.061
                      30:-0.954
                      32: 0.269
                      36: 0.120
 
 I=  7/2- (3)  5.085  30:-0.078
                      35:-0.850
                      36:-0.517
 
 I=  7/2- (4)  5.240  25:-0.359
                      28:-0.092
                      29:-0.679
                      31: 0.549
                      33:-0.057
                      37:-0.211
                      38: 0.226
 
 I=  7/2- (5)  5.565  24:-0.068
                      26: 0.235
                      30: 0.094
                      35:-0.501
                      36: 0.825

             ENERGY    K= OMEGA
 
 I=  9/2- (1)  3.995  24:-0.173
                      27: 0.056
                      30: 0.322
                      32:-0.929
 
 I=  9/2- (2)  4.713  24:-0.095
                      30:-0.930
                      32:-0.307
                      36:-0.169
 
 I=  9/2- (3)  5.026  25: 0.464
                      28: 0.064
                      29:-0.621
                      31: 0.537
                      37: 0.199
                      38:-0.256
 
 I=  9/2- (4)  6.029  27: 0.997
                      32: 0.057
 
 I=  9/2- (5)  6.166  24:-0.056
                      26: 0.317
                      30: 0.159
                      32: 0.051
                      35: 0.529
                      36:-0.766

             ENERGY    K= OMEGA
 
 I= 11/2- (1)  2.836  27: 0.118
                      34: 0.993
 
 I= 11/2- (2)  5.184  24:-0.216
                      27: 0.072
                      30: 0.337
                      32: 0.913
 
 I= 11/2- (3)  6.049  24:-0.122
                      30:-0.916
                      32: 0.311
                      35: 0.052
                      36: 0.212
 
 I= 11/2- (4)  6.124  25: 0.413
                      28: 0.112
                      29: 0.669
                      31:-0.479
                      33: 0.071
                      37: 0.254
                      38:-0.265
 
 I= 11/2- (5)  7.297  26:-0.073
                      27:-0.060
                      30: 0.141
                      35: 0.869
                      36: 0.462

             ENERGY    K= OMEGA
 
 I= 13/2- (1)  4.347  27: 0.171
                      34:-0.985
 
 I= 13/2- (2)  6.473  25: 0.484
                      28: 0.075
                      29:-0.599
                      31: 0.523
                      37: 0.206
                      38:-0.289
 
 I= 13/2- (3)  6.607  24:-0.252
                      27: 0.080
                      30: 0.340
                      32:-0.902
 
 I= 13/2- (4)  7.606  24:-0.146
                      26: 0.077
                      30:-0.894
                      32:-0.297
                      35: 0.080
                      36:-0.276
 
 I= 13/2- (5)  8.836  26: 0.401
                      27:-0.082
                      30: 0.267
                      32: 0.090
                      35: 0.523
                      36:-0.691

             ENERGY     K= 1/2
  32 LEVELS    TIME=  0.0 SEC



 ******************* EXCITATION ENERGIES, DOMINANT CONFIGURATION AND EXPECTATION VALUES (WITH S.P. UU+VV FACTORS) *******************

  NR  Eex(keV)  I   Kdom  NY    <Jz>  <Jx**2> <Jy**2> <Jz**2> <I.j>/|I|  <Rx**2> <Ry**2> <Rz**2> <R.j>/|R|  <HROTx> <HROTy> <HROTz>

   1    0.0   5/2-   5/2  30    2.48    6.33    6.33    6.23    2.14       7.50    7.50   -0.00   -3.24      0.914   0.914  -0.000
   2  109.0  11/2- -11/2  34   -5.36    2.82    2.82   30.11    5.12       5.12    5.12    0.00   -1.60      0.624   0.624   0.000
   3  313.6   7/2-  -7/2  32   -2.96    6.52    6.52   11.71    3.19       7.60    7.60    0.00   -3.10      0.926   0.926   0.001
   4  880.0   7/2-   5/2  30    2.01    6.32    6.32    6.62    1.66      10.92   10.92    0.00   -2.71      1.331   1.331   0.000
   5 1064.9   1/2-   1/2  35    0.50    5.62    5.62    0.25    0.02       6.11    6.11    0.00   -3.29      0.745   0.745   0.000
  
   6 1134.1   3/2-   1/2  35   -0.15    5.63    5.63    0.90    0.92       6.17    6.17    0.00   -2.95      0.752   0.752   0.000
   7 1268.4   9/2-  -7/2  32   -2.67    6.57    6.57   11.47    2.69      11.31   11.31    0.00   -2.36      1.378   1.378   0.001
   8 1372.5   3/2-  -3/2  36   -0.84    5.67    5.67    1.59    0.80       6.80    6.80    0.00   -3.09      0.829   0.829   0.000
   9 1620.3  13/2- -11/2  34   -5.21    2.89    2.89   29.95    4.45      11.19   11.19    0.00   -0.99      1.364   1.364   0.000
  10 1722.7   5/2-  -3/2  36   -0.87    5.75    5.75    1.67    0.97       8.08    8.08    0.00   -2.56      0.986   0.986   0.000
  
  11 1761.6   5/2-   1/2  29   -0.21   14.82   14.82    0.97    2.95      10.95   10.95   -0.00   -4.68      1.335   1.335  -0.000
  12 1985.6   9/2-   5/2  30    1.82    6.31    6.31    6.70    1.37      15.24   15.24    0.00   -2.27      1.858   1.858   0.000
  13 2135.6   1/2-   1/2  29    0.50   15.04   15.04    0.25    1.46      14.28   14.28    0.00   -5.44      1.740   1.740   0.000
  14 2292.7   5/2-   1/2  35   -0.06    5.64    5.64    0.83   -0.17      10.92   10.92    0.00   -2.70      1.332   1.332   0.000
  15 2299.2   9/2-   1/2  29   -0.15   14.70   14.70    0.94    3.11      12.06   12.06   -0.00   -3.03      1.470   1.470  -0.000
  
  16 2357.6   7/2-   1/2  35   -0.02    5.64    5.64    0.83    0.68      11.24   11.24    0.00   -1.99      1.371   1.371   0.000
  17 2457.0  11/2-  -7/2  32   -2.50    6.62    6.62   11.33    2.38      15.95   15.95    0.00   -1.83      1.945   1.945   0.001
  18 2513.2   7/2-   1/2  29   -0.19   18.51   18.51    1.03    3.18      14.26   14.26    0.00   -4.76      1.739   1.739   0.000
  19 2838.2   7/2-  -3/2  36   -0.83    5.80    5.80    1.70    0.49      12.58   12.58    0.00   -2.26      1.534   1.534   0.000
  20 2965.4   1/2-   1/2  26    0.50    8.07    8.07    0.25    0.61       8.04    8.04   -0.00   -3.96      0.981   0.981  -0.000
  
  21 3185.7   5/2-  -3/2  31   -0.74   16.62   16.62    1.58    0.76      19.55   19.55   -0.00   -5.21      2.383   2.383  -0.000
  22 3302.2   9/2-   9/2  27    4.46    7.62    7.62   20.18    4.05       9.94    9.94    0.00   -3.42      1.212   1.212   0.001
  23 3322.4  11/2-   5/2  30    1.74    6.30    6.30    6.65    1.17      20.51   20.51    0.00   -1.91      2.500   2.500   0.000
  24 3396.8  11/2-   1/2  29   -0.08   18.75   18.75    0.97    3.41      16.72   16.72    0.00   -3.13      2.038   2.038   0.000
  25 3439.2   9/2-  -3/2  36   -0.62    5.92    5.92    1.66    0.84      14.95   14.95    0.00   -1.71      1.823   1.823   0.000
  
  26 3746.2  13/2-   1/2  29   -0.13   14.69   14.69    0.94    3.17      17.38   17.38   -0.00   -1.38      2.118   2.118  -0.000
  27 3880.2  13/2-  -7/2  32   -2.38    6.67    6.67   11.24    2.16      21.55   21.55    0.00   -1.44      2.627   2.627   0.001
  28 4570.3  11/2-   1/2  35    0.12    5.66    5.66    0.90    0.60      20.41   20.41    0.00   -1.35      2.488   2.488   0.000
  29 4879.2  13/2-   5/2  30    1.64    6.29    6.29    6.43    1.05      26.52   26.52    0.00   -1.60      3.233   3.233   0.000
  30 5250.8   1/2-   1/2  25    0.50   14.45   14.45    0.25   -0.48      15.37   15.37    0.00   -5.33      1.874   1.874   0.000
  
  31 6109.2  13/2-  -3/2  36   -0.32    6.11    6.11    1.88    0.79      25.91   25.91    0.00   -1.19      3.159   3.159   0.000
  32 6665.4   1/2-   1/2  38    0.50   17.97   17.97    0.25   -0.41      18.82   18.82    0.00   -5.96      2.295   2.295   0.000
