1SPECTRUM OF (Z= 82 A=207) IN PARTICLE-ROTOR  MODEL WITH MODIFIED OSCILLATOR POTENTIAL


 PARITY=-   EPS= 0.659   GAMMA=  0.0   EPS4=0.000   EPS6=0.000   LEVELS:  24  25  26  27  28  29  30  31  32  33  34  35  36  37  38

 PAIRING FACTORS: GN0= 19.20  GN1=  7.40  IPAIR= 15 ***  E2PLUS(INPUT)=   0.730  E2PLUR(INPUT)=   0.000

 CORIOLIS ATTENUATION PARAMETERS:  CHSI=1.000  ETA=  1.00

 MOMENT OF INERTIA PARAMETERS:   A1=  0.122 MEV   A2=  0.122 MEV   A3=121.91924 MEV


 DELTA=0.854 MEV  LAMBDA=53.8497 MEV   HW0= 7.8730 MEV   LAMBDA/HW0= 6.8398

 E2ENERGY=0.730 MEV  HBAR**2/B=80524./A**(7/3)=******/A**2 MEV

 IREC=0  =>  RECOIL TERMS j+j-, j+j+, jzjz, ETC TREATED AS ONE-BODY OPERATORS WITH UU+VV PAIRING FACTORS



 S. P. LEVEL   EQP       U     V        (UU + VV)**1.00

     24       4.680    0.092 0.996      1.000 1.000 1.000 0.999 0.999 0.935 0.696 0.601 0.468 0.427 0.319 0.261 0.250 0.205 0.176
     25       4.320    0.099 0.995      1.000 1.000 1.000 1.000 0.999 0.938 0.702 0.607 0.474 0.434 0.326 0.269 0.257 0.213 0.184
     26       3.644    0.118 0.993      1.000 1.000 1.000 1.000 1.000 0.944 0.715 0.622 0.491 0.451 0.344 0.287 0.275 0.231 0.202
     27       3.361    0.128 0.992      0.999 1.000 1.000 1.000 1.000 0.947 0.722 0.629 0.500 0.460 0.353 0.297 0.285 0.241 0.212
     28       3.248    0.133 0.991      0.999 0.999 1.000 1.000 1.000 0.949 0.725 0.633 0.504 0.464 0.358 0.301 0.289 0.246 0.217
     29       1.083    0.439 0.899      0.935 0.938 0.944 0.947 0.949 1.000 0.906 0.845 0.750 0.720 0.634 0.587 0.577 0.539 0.514
     30       0.874    0.778 0.628      0.696 0.702 0.715 0.722 0.725 0.906 1.000 0.992 0.960 0.946 0.902 0.875 0.869 0.845 0.829
     31       0.956    0.851 0.525      0.601 0.607 0.622 0.629 0.633 0.845 0.992 1.000 0.988 0.979 0.949 0.929 0.924 0.906 0.893
     32       1.202    0.923 0.385      0.468 0.474 0.491 0.500 0.504 0.750 0.960 0.988 1.000 0.999 0.987 0.975 0.973 0.961 0.952
     33       1.327    0.940 0.342      0.427 0.434 0.451 0.460 0.464 0.720 0.946 0.979 0.999 1.000 0.993 0.984 0.982 0.973 0.965
     34       1.901    0.973 0.231      0.319 0.326 0.344 0.353 0.358 0.634 0.902 0.949 0.987 0.993 1.000 0.998 0.997 0.993 0.989
     35       2.520    0.985 0.172      0.261 0.269 0.287 0.297 0.301 0.587 0.875 0.929 0.975 0.984 0.998 1.000 1.000 0.998 0.996
     36       2.704    0.987 0.160      0.250 0.257 0.275 0.285 0.289 0.577 0.869 0.924 0.973 0.982 0.997 1.000 1.000 0.999 0.997
     37       3.737    0.993 0.115      0.205 0.213 0.231 0.241 0.246 0.539 0.845 0.906 0.961 0.973 0.993 0.998 0.999 1.000 1.000
     38       5.028    0.996 0.085      0.176 0.184 0.202 0.212 0.217 0.514 0.829 0.893 0.952 0.965 0.989 0.996 0.997 1.000 1.000

  R CORE   ENERGY   A0R/A00=1.000    R3= 0     2  
   2( 1)    0.732                    1.000 0.000
   2( 2)  487.921                    0.000 1.000

  R CORE   ENERGY   A0R/A00=1.000    R3= 0     2  
   3( 1)  488.652                    0.000 1.000

  R CORE   ENERGY   A0R/A00=1.000    R3= 0     2     4  
   4( 1)    2.438                    1.000 0.000 0.000

  R CORE   ENERGY   A0R/A00=1.000    R3= 0     2     4  
   5( 1)  490.847                    0.000 1.000 0.000

  R CORE   ENERGY   A0R/A00=1.000    R3= 0     2     4     6  
   6( 1)    5.121                    1.000 0.000 0.000 0.000

  R CORE   ENERGY   A0R/A00=1.000    R3= 0     2     4     6  
   7( 1)  494.017                    0.000 1.000 0.000 0.000

          AXIAL SYMMETRY => K RESTRICTED TO OMEGA

                     K
     S.P. ORB#: 24  0.50
     S.P. ORB#: 25  2.50
     S.P. ORB#: 26  0.50
     S.P. ORB#: 27  4.50
     S.P. ORB#: 28  2.50
     S.P. ORB#: 29  0.50
     S.P. ORB#: 30 -1.50
     S.P. ORB#: 31  2.50
     S.P. ORB#: 32 -3.50
     S.P. ORB#: 33 -3.50
     S.P. ORB#: 34 -5.50
     S.P. ORB#: 35  0.50
     S.P. ORB#: 36 -1.50
     S.P. ORB#: 37 -1.50
     S.P. ORB#: 38  0.50
 

             ENERGY    K= OMEGA
 
 I=  1/2- (1)  4.023  26:-0.061
                      35:-0.998
 
 I=  1/2- (2)  4.985  24:-0.322
                      29:-0.944
                      38:-0.075
 
 I=  1/2- (3)  5.615  26: 0.998
                      35:-0.061
 
 I=  1/2- (4)  8.261  24: 0.826
                      29:-0.241
                      38:-0.509
 
 I=  1/2- (5)  9.397  24: 0.462
                      29:-0.226
                      38: 0.858

             ENERGY    K= OMEGA
 
 I=  3/2- (1)  4.092  35:-0.829
                      36:-0.559
 
 I=  3/2- (2)  4.327  26:-0.133
                      35: 0.551
                      36:-0.823

             ENERGY    K= OMEGA
 
 I=  5/2- (1)  2.799  31: 0.997
                      36: 0.074
 
 I=  5/2- (2)  4.544  24:-0.412
                      29:-0.599
                      30: 0.641
                      37: 0.151
                      38:-0.189
 
 I=  5/2- (3)  4.682  26: 0.221
                      31: 0.067
                      35: 0.508
                      36:-0.829
 
 I=  5/2- (4)  5.250  26: 0.075
                      35: 0.842
                      36: 0.531
 
 I=  5/2- (5)  5.963  24:-0.172
                      28:-0.101
                      29:-0.640
                      30:-0.722
                      37: 0.162
                      38: 0.058

             ENERGY    K= OMEGA
 
 I=  7/2- (1)  3.214  25: 0.108
                      31:-0.337
                      33:-0.935
 
 I=  7/2- (2)  3.690  25: 0.063
                      31: 0.934
                      33:-0.333
                      36:-0.116
 
 I=  7/2- (3)  5.298  24:-0.368
                      28: 0.111
                      29: 0.577
                      30:-0.664
                      32: 0.072
                      37: 0.157
                      38:-0.221
 
 I=  7/2- (4)  5.317  31:-0.074
                      35:-0.855
                      36:-0.509
 
 I=  7/2- (5)  5.789  25: 0.076
                      26:-0.252
                      31:-0.094
                      35: 0.489
                      36:-0.826

             ENERGY    K= OMEGA
 
 I=  9/2- (1)  4.181  25: 0.155
                      27:-0.062
                      31:-0.386
                      33: 0.907
 
 I=  9/2- (2)  4.802  25: 0.099
                      31: 0.907
                      33: 0.372
                      36: 0.161
 
 I=  9/2- (3)  5.096  24:-0.470
                      28: 0.080
                      29:-0.583
                      30: 0.588
                      37: 0.168
                      38:-0.241
 
 I=  9/2- (4)  5.776  27:-0.997
                      33:-0.071
 
 I=  9/2- (5)  6.397  25: 0.063
                      26:-0.346
                      31:-0.151
                      35:-0.522
                      36: 0.761

             ENERGY    K= OMEGA
 
 I= 11/2- (1)  3.186  27:-0.119
                      34:-0.993
 
 I= 11/2- (2)  5.386  25: 0.193
                      27:-0.080
                      31:-0.401
                      33:-0.891
 
 I= 11/2- (3)  6.144  25: 0.128
                      27:-0.059
                      31: 0.892
                      33:-0.376
                      36:-0.202
 
 I= 11/2- (4)  6.227  24:-0.428
                      28: 0.129
                      29: 0.618
                      30:-0.548
                      32: 0.085
                      37: 0.214
                      38:-0.255
 
 I= 11/2- (5)  7.180  27: 0.988
                      33:-0.091
                      34:-0.117

             ENERGY    K= OMEGA
 
 I= 13/2- (1)  4.707  27: 0.172
                      34:-0.985
 
 I= 13/2- (2)  6.551  24:-0.496
                      28: 0.094
                      29:-0.565
                      30: 0.565
                      32:-0.053
                      37: 0.172
                      38:-0.272
 
 I= 13/2- (3)  6.829  25: 0.226
                      27:-0.088
                      31:-0.404
                      33: 0.881
 
 I= 13/2- (4)  7.707  25: 0.154
                      26:-0.070
                      27:-0.066
                      31: 0.873
                      33: 0.365
                      35:-0.069
                      36: 0.260
 
 I= 13/2- (5)  8.834  25: 0.052
                      27: 0.976
                      33: 0.094
                      34: 0.168
                      36: 0.073

             ENERGY     K= 1/2
  32 LEVELS    TIME=  0.0 SEC



 ******************* EXCITATION ENERGIES, DOMINANT CONFIGURATION AND EXPECTATION VALUES (WITH S.P. UU+VV FACTORS) *******************

  NR  Eex(keV)  I   Kdom  NY    <Jz>  <Jx**2> <Jy**2> <Jz**2> <I.j>/|I|  <Rx**2> <Ry**2> <Rz**2> <R.j>/|R|  <HROTx> <HROTy> <HROTz>

   1    0.0   5/2-   5/2  31    2.48    6.35    6.35    6.23    2.14       7.52    7.52    0.00   -3.25      0.916   0.916   0.000
   2  387.8  11/2- -11/2  34   -5.36    2.82    2.82   30.11    5.11       5.19    5.19    0.00   -1.61      0.632   0.632   0.000
   3  415.5   7/2-  -7/2  33   -2.75    6.52    6.52   11.49    3.12       7.77    7.77   -0.00   -3.08      0.947   0.947  -0.000
   4  891.0   7/2-   5/2  31    1.78    6.35    6.35    6.86    1.70      10.89   10.89    0.00   -2.74      1.328   1.328   0.000
   5 1224.4   1/2-   1/2  35    0.50    5.66    5.66    0.25    0.01       6.15    6.15   -0.00   -3.30      0.750   0.750  -0.000
  
   6 1293.8   3/2-   1/2  35   -0.13    5.66    5.66    0.88    0.91       6.21    6.21   -0.00   -2.96      0.757   0.757  -0.000
   7 1382.3   9/2-  -7/2  33   -2.43    6.56    6.56   11.23    2.60      11.60   11.60   -0.00   -2.37      1.414   1.414  -0.000
   8 1528.8   3/2-  -3/2  36   -0.86    5.71    5.71    1.61    0.81       6.82    6.82   -0.00   -3.10      0.831   0.831  -0.000
   9 1745.2   5/2-  -3/2  30   -0.36   14.95   14.95    1.13    2.94      11.20   11.20    0.00   -4.72      1.365   1.365   0.000
  10 1883.4   5/2-  -3/2  36   -0.86    5.80    5.80    1.66    0.97       8.14    8.14   -0.00   -2.58      0.992   0.992  -0.000
  
  11 1908.3  13/2- -11/2  34   -5.20    2.89    2.89   29.95    4.43      11.33   11.33    0.00   -1.01      1.381   1.381   0.000
  12 2003.5   9/2-   5/2  31    1.56    6.35    6.35    6.99    1.41      15.21   15.21    0.00   -2.30      1.855   1.855   0.000
  13 2186.2   1/2-   1/2  29    0.50   15.09   15.09    0.25    1.39      14.38   14.38    0.00   -5.45      1.754   1.754   0.000
  14 2297.6   9/2-  -3/2  30   -0.24   14.76   14.76    1.06    3.11      12.19   12.19    0.00   -3.06      1.486   1.486   0.000
  15 2450.9   5/2-   1/2  35   -0.06    5.68    5.68    0.83   -0.16      10.95   10.95   -0.00   -2.71      1.335   1.335  -0.000
  
  16 2499.2   7/2-  -3/2  30   -0.43   18.24   18.24    1.32    3.09      14.50   14.50    0.00   -4.74      1.768   1.768   0.000
  17 2517.9   7/2-   1/2  35   -0.01    5.67    5.67    0.81    0.67      11.29   11.29   -0.00   -2.00      1.376   1.376  -0.000
  18 2587.5  11/2-  -7/2  33   -2.26    6.60    6.60   11.11    2.28      16.38   16.38   -0.00   -1.86      1.997   1.997  -0.000
  19 2816.7   1/2-   1/2  26    0.50    8.12    8.12    0.25    0.60       8.10    8.10    0.00   -3.97      0.988   0.988   0.000
  20 2977.2   9/2-   9/2  27    4.46    7.61    7.61   20.20    4.05       9.94    9.94    0.00   -3.43      1.212   1.212   0.000
  
  21 2990.5   7/2-  -3/2  36   -0.84    5.86    5.86    1.71    0.50      12.61   12.61   -0.00   -2.28      1.538   1.538  -0.000
  22 3164.0   5/2-  -3/2  30   -0.57   16.46   16.46    1.41    0.66      19.59   19.59    0.00   -5.17      2.389   2.389   0.000
  23 3345.2  11/2-   5/2  31    1.49    6.35    6.35    6.97    1.21      20.49   20.49   -0.00   -1.94      2.498   2.498  -0.000
  24 3428.2  11/2-   1/2  29   -0.19   18.62   18.62    1.13    3.36      16.95   16.95    0.00   -3.14      2.067   2.067   0.000
  25 3598.5   9/2-  -3/2  36   -0.61    6.00    6.00    1.60    0.83      15.04   15.04   -0.00   -1.72      1.833   1.833  -0.000
  
  26 3752.2  13/2-   1/2  29   -0.19   14.72   14.72    1.03    3.17      17.47   17.47    0.00   -1.41      2.130   2.130   0.000
  27 4030.4  13/2-  -7/2  33   -2.15    6.64    6.64   11.03    2.06      22.11   22.11   -0.00   -1.49      2.696   2.696  -0.000
  28 4381.2  11/2-   9/2  27    4.29    7.54    7.54   20.28    3.30      15.81   15.81    0.00   -2.78      1.928   1.928   0.000
  29 4908.4  13/2-   5/2  31    1.42    6.34    6.34    6.79    1.08      26.55   26.55    0.00   -1.63      3.236   3.236   0.000
  30 5462.1   1/2-   1/2  24    0.50   14.40   14.40    0.25   -0.32      15.17   15.17    0.00   -5.32      1.850   1.850   0.000
  
  31 6035.0  13/2-   9/2  27    4.10    7.46    7.46   20.27    2.76      22.69   22.69    0.00   -2.36      2.767   2.767   0.000
  32 6598.1   1/2-   1/2  38    0.50   18.09   18.09    0.25   -0.53      19.05   19.05    0.00   -5.98      2.322   2.322   0.000
