1SPECTRUM OF (Z= 82 A=207) IN PARTICLE-ROTOR  MODEL WITH MODIFIED OSCILLATOR POTENTIAL


 PARITY=-   EPS= 0.559   GAMMA=  0.0   EPS4=0.000   EPS6=0.000   LEVELS:  24  25  26  27  28  29  30  31  32  33  34  35  36  37  38

 PAIRING FACTORS: GN0= 19.20  GN1=  7.40  IPAIR= 15 ***  E2PLUS(INPUT)=   0.730  E2PLUR(INPUT)=   0.000

 CORIOLIS ATTENUATION PARAMETERS:  CHSI=1.000  ETA=  1.00

 MOMENT OF INERTIA PARAMETERS:   A1=  0.122 MEV   A2=  0.122 MEV   A3=121.91924 MEV


 DELTA=0.904 MEV  LAMBDA=53.4920 MEV   HW0= 7.7250 MEV   LAMBDA/HW0= 6.9245

 E2ENERGY=0.730 MEV  HBAR**2/B=57940./A**(7/3)=9794.6/A**2 MEV

 IREC=0  =>  RECOIL TERMS j+j-, j+j+, jzjz, ETC TREATED AS ONE-BODY OPERATORS WITH UU+VV PAIRING FACTORS



 S. P. LEVEL   EQP       U     V        (UU + VV)**1.00

     24       4.588    0.099 0.995      1.000 1.000 1.000 0.996 0.993 0.939 0.878 0.816 0.501 0.400 0.400 0.369 0.353 0.212 0.202
     25       4.548    0.100 0.995      1.000 1.000 1.000 0.996 0.993 0.940 0.879 0.816 0.502 0.401 0.401 0.370 0.354 0.213 0.203
     26       3.883    0.117 0.993      1.000 1.000 1.000 0.998 0.995 0.946 0.887 0.826 0.517 0.417 0.417 0.386 0.370 0.230 0.220
     27       2.510    0.183 0.983      0.996 0.996 0.998 1.000 0.999 0.965 0.916 0.862 0.573 0.477 0.476 0.446 0.431 0.294 0.285
     28       2.119    0.218 0.976      0.993 0.993 0.995 0.999 1.000 0.974 0.929 0.880 0.602 0.508 0.508 0.478 0.463 0.328 0.319
     29       1.156    0.434 0.901      0.939 0.940 0.946 0.965 0.974 1.000 0.989 0.965 0.767 0.690 0.690 0.665 0.652 0.534 0.526
     30       0.971    0.563 0.826      0.878 0.879 0.887 0.916 0.929 0.989 1.000 0.993 0.854 0.790 0.790 0.769 0.758 0.654 0.646
     31       0.913    0.656 0.755      0.816 0.816 0.826 0.862 0.880 0.965 0.993 1.000 0.909 0.857 0.856 0.838 0.829 0.738 0.731
     32       1.202    0.911 0.413      0.501 0.502 0.517 0.573 0.602 0.767 0.854 0.909 1.000 0.994 0.994 0.989 0.987 0.952 0.949
     33       1.544    0.952 0.308      0.400 0.401 0.417 0.477 0.508 0.690 0.790 0.857 0.994 1.000 1.000 0.999 0.999 0.980 0.978
     34       1.545    0.952 0.307      0.400 0.401 0.417 0.476 0.508 0.690 0.790 0.856 0.994 1.000 1.000 0.999 0.999 0.980 0.978
     35       1.709    0.961 0.275      0.369 0.370 0.386 0.446 0.478 0.665 0.769 0.838 0.989 0.999 0.999 1.000 1.000 0.987 0.985
     36       1.809    0.966 0.259      0.353 0.354 0.370 0.431 0.463 0.652 0.758 0.829 0.987 0.999 0.999 1.000 1.000 0.989 0.988
     37       3.990    0.993 0.114      0.212 0.213 0.230 0.294 0.328 0.534 0.654 0.738 0.952 0.980 0.980 0.987 0.989 1.000 1.000
     38       4.356    0.995 0.104      0.202 0.203 0.220 0.285 0.319 0.526 0.646 0.731 0.949 0.978 0.978 0.985 0.988 1.000 1.000

  R CORE   ENERGY   A0R/A00=1.000    R3= 0     2  
   2( 1)    0.732                    1.000 0.000
   2( 2)  487.921                    0.000 1.000

  R CORE   ENERGY   A0R/A00=1.000    R3= 0     2  
   3( 1)  488.652                    0.000 1.000

  R CORE   ENERGY   A0R/A00=1.000    R3= 0     2     4  
   4( 1)    2.438                    1.000 0.000 0.000

  R CORE   ENERGY   A0R/A00=1.000    R3= 0     2     4  
   5( 1)  490.847                    0.000 1.000 0.000

  R CORE   ENERGY   A0R/A00=1.000    R3= 0     2     4     6  
   6( 1)    5.121                    1.000 0.000 0.000 0.000

  R CORE   ENERGY   A0R/A00=1.000    R3= 0     2     4     6  
   7( 1)  494.017                    0.000 1.000 0.000 0.000

          AXIAL SYMMETRY => K RESTRICTED TO OMEGA

                     K
     S.P. ORB#: 24  2.50
     S.P. ORB#: 25  4.50
     S.P. ORB#: 26  0.50
     S.P. ORB#: 27  0.50
     S.P. ORB#: 28  2.50
     S.P. ORB#: 29  2.50
     S.P. ORB#: 30 -5.50
     S.P. ORB#: 31 -3.50
     S.P. ORB#: 32  0.50
     S.P. ORB#: 33 -3.50
     S.P. ORB#: 34  0.50
     S.P. ORB#: 35 -1.50
     S.P. ORB#: 36 -1.50
     S.P. ORB#: 37 -3.50
     S.P. ORB#: 38 -1.50
 

             ENERGY    K= OMEGA
 
 I=  1/2- (1)  2.986  34: 0.999
 
 I=  1/2- (2)  4.938  27: 0.541
                      32:-0.841
 
 I=  1/2- (3)  5.767  26: 0.999
 
 I=  1/2- (4)  6.443  27:-0.841
                      32:-0.541
 
 I=  1/2- (5)148.012  35: 1.000

             ENERGY    K= OMEGA
 
 I=  3/2- (1)  3.054  34: 0.786
                      35: 0.618
 
 I=  3/2- (2)  3.296  26: 0.119
                      34:-0.612
                      35: 0.782

             ENERGY    K= OMEGA
 
 I=  5/2- (1)  2.967  29:-0.990
                      35:-0.134
 
 I=  5/2- (2)  3.603  26:-0.181
                      29:-0.133
                      34:-0.531
                      35: 0.816
 
 I=  5/2- (3)  4.217  34:-0.835
                      35:-0.545
 
 I=  5/2- (4)  4.872  27: 0.525
                      32:-0.757
                      36:-0.258
                      38: 0.292
 
 I=  5/2- (5)  6.492  27:-0.195
                      28:-0.174
                      32:-0.373
                      36: 0.876
                      38: 0.158

             ENERGY    K= OMEGA
 
 I=  7/2- (1)  2.685  24:-0.186
                      29: 0.126
                      31: 0.974
 
 I=  7/2- (2)  3.643  24:-0.061
                      29:-0.916
                      31: 0.100
                      34: 0.052
                      35: 0.169
                      37: 0.340
 
 I=  7/2- (3)  4.274  29:-0.114
                      34:-0.824
                      35:-0.546
                      37: 0.083
 
 I=  7/2- (4)  4.739  24:-0.056
                      26: 0.224
                      29: 0.066
                      34:-0.540
                      35: 0.793
                      37:-0.145
 
 I=  7/2- (5)  5.167  29: 0.355
                      31:-0.054
                      35: 0.111
                      37: 0.926

             ENERGY    K= OMEGA
 
 I=  9/2- (1)  3.523  24:-0.262
                      29: 0.163
                      31:-0.949
 
 I=  9/2- (2)  4.554  24: 0.083
                      26:-0.052
                      29: 0.862
                      31: 0.122
                      34:-0.075
                      35: 0.215
                      37: 0.424
 
 I=  9/2- (3)  5.259  26:-0.286
                      29:-0.167
                      31:-0.069
                      34:-0.542
                      35: 0.751
                      37:-0.159
 
 I=  9/2- (4)  5.652  27:-0.490
                      32: 0.742
                      36: 0.243
                      38:-0.388
 
 I=  9/2- (5)  6.352  24:-0.071
                      25:-0.061
                      26:-0.074
                      29:-0.208
                      34:-0.678
                      35:-0.447
                      37: 0.532

             ENERGY    K= OMEGA
 
 I= 11/2- (1)  2.092  25: 0.185
                      30: 0.982
 
 I= 11/2- (2)  4.579  24:-0.317
                      25: 0.057
                      29: 0.182
                      31: 0.927
 
 I= 11/2- (3)  5.715  24: 0.099
                      29: 0.833
                      31:-0.132
                      34:-0.074
                      35:-0.213
                      37:-0.475
 
 I= 11/2- (4)  6.473  26:-0.070
                      29: 0.120
                      31:-0.062
                      34: 0.842
                      35: 0.501
                      37:-0.128
 
 I= 11/2- (5)  6.533  27: 0.401
                      28: 0.086
                      32: 0.781
                      33: 0.055
                      36: 0.137
                      38: 0.448

             ENERGY    K= OMEGA
 
 I= 13/2- (1)  3.434  25:-0.260
                      30: 0.965
 
 I= 13/2- (2)  5.860  24:-0.360
                      25: 0.055
                      29: 0.190
                      31:-0.907
                      35:-0.054
 
 I= 13/2- (3)  7.097  24: 0.112
                      26:-0.094
                      29: 0.795
                      31: 0.123
                      34:-0.115
                      35: 0.274
                      37: 0.492
 
 I= 13/2- (4)  7.344  27: 0.462
                      32:-0.734
                      36:-0.223
                      38: 0.445
 
 I= 13/2- (5)  7.840  26:-0.363
                      29:-0.208
                      31:-0.112
                      34:-0.533
                      35: 0.693
                      37:-0.219

             ENERGY     K=-3/2
  32 LEVELS    TIME=  0.0 SEC



 ******************* EXCITATION ENERGIES, DOMINANT CONFIGURATION AND EXPECTATION VALUES (WITH S.P. UU+VV FACTORS) *******************

  NR  Eex(keV)  I   Kdom  NY    <Jz>  <Jx**2> <Jy**2> <Jz**2> <I.j>/|I|  <Rx**2> <Ry**2> <Rz**2> <R.j>/|R|  <HROTx> <HROTy> <HROTz>

   1    0.0  11/2- -11/2  30   -5.16    2.92    2.92   29.90    5.29       4.09    4.09    0.00   -1.43      0.499   0.499   0.000
   2  592.9   7/2-  -7/2  31   -3.20    6.50    6.50   11.94    3.43       6.73    6.73    0.00   -3.09      0.820   0.820   0.000
   3  875.4   5/2-   5/2  29    2.43    6.20    6.20    6.17    2.13       7.37    7.37    0.00   -3.20      0.898   0.898   0.000
   4  894.1   1/2-   1/2  34    0.50    5.44    5.44    0.25    0.06       5.89    5.89   -0.00   -3.23      0.718   0.718  -0.000
   5  961.6   3/2-   1/2  34   -0.26    5.44    5.44    1.01    0.98       5.93    5.93    0.00   -2.90      0.722   0.722   0.000
  
   6 1203.7   3/2-  -3/2  35   -0.72    5.47    5.47    1.47    0.75       6.63    6.63    0.00   -3.01      0.809   0.809   0.000
   7 1341.6  13/2- -11/2  30   -4.82    3.08    3.08   29.55    4.74       9.11    9.11    0.00   -0.61      1.111   1.111   0.000
   8 1431.1   9/2-  -7/2  31   -2.91    6.63    6.63   11.69    3.06       9.60    9.60    0.00   -2.21      1.171   1.171   0.000
   9 1510.8   5/2-  -3/2  35   -0.79    5.57    5.57    1.70    1.05       7.69    7.69    0.00   -2.48      0.938   0.938   0.000
  10 1551.3   7/2-   5/2  29    1.63    5.70    5.70    6.87    2.08       8.75    8.75   -0.00   -2.39      1.067   1.067  -0.000
  
  11 2124.6   5/2-   1/2  34   -0.09    5.46    5.46    0.86   -0.16      10.73   10.73    0.00   -2.64      1.308   1.308   0.000
  12 2181.8   7/2-   1/2  34   -0.10    5.43    5.43    1.02    0.73      10.92   10.92    0.00   -1.92      1.331   1.331   0.000
  13 2462.2   9/2-   5/2  29    1.13    5.42    5.42    7.19    1.96      11.62   11.62    0.00   -1.71      1.416   1.416   0.000
  14 2487.4  11/2-  -7/2  31   -2.67    6.73    6.73   11.47    2.83      13.42   13.42    0.00   -1.55      1.637   1.637   0.000
  15 2647.1   7/2-  -3/2  35   -0.83    5.50    5.50    1.81    0.59      11.95   11.95    0.00   -2.14      1.457   1.457   0.000
  
  16 2780.2   5/2-   1/2  32    0.20   14.63   14.63    0.55    2.36      12.31   12.31   -0.00   -4.60      1.501   1.501  -0.000
  17 2845.8   1/2-   1/2  32    0.50   14.45   14.45    0.25    1.39      13.75   13.75   -0.00   -5.33      1.677   1.677  -0.000
  18 3074.9   7/2-  -7/2  37   -2.71    2.88    2.88   11.35    2.52       6.45    6.45   -0.00   -1.98      0.786   0.786  -0.000
  19 3167.1   9/2-  -3/2  35   -0.69    5.62    5.62    1.92    1.02      13.85   13.85    0.00   -1.53      1.689   1.689   0.000
  20 3559.6   9/2-   1/2  32    0.08   14.88   14.88    0.67    2.56      14.87   14.87   -0.00   -3.25      1.813   1.813  -0.000
  
  21 3623.1  11/2-   5/2  29    0.85    5.22    5.22    7.51    1.84      15.82   15.82   -0.00   -1.23      1.929   1.929  -0.000
  22 3675.5   1/2-   1/2  26    0.50    7.80    7.80    0.25    0.64       7.75    7.75    0.00   -3.89      0.944   0.944   0.000
  23 3767.8  13/2-  -7/2  31   -2.48    6.81    6.81   11.29    2.67      18.21   18.21    0.00   -1.04      2.221   2.221   0.000
  24 4260.0   9/2-   1/2  34   -0.92    4.61    4.61    4.41    0.51      16.65   16.65   -0.00   -1.92      2.030   2.030  -0.000
  25 4351.2   1/2-   1/2  27    0.50   16.09   16.09    0.25   -1.28      17.70   17.70    0.00   -5.64      2.158   2.158   0.000
  
  26 4380.9  11/2-   1/2  34   -0.05    5.40    5.40    1.09    0.66      19.85   19.85    0.00   -1.26      2.421   2.421   0.000
  27 4399.5   5/2-  -3/2  36   -1.02   17.15   17.15    2.02    1.15      19.14   19.14   -0.00   -5.32      2.334   2.334  -0.000
  28 4441.4  11/2-   1/2  32    0.06   17.60   17.60    0.77    2.93      18.33   18.33    0.00   -3.04      2.235   2.235   0.000
  29 5005.2  13/2-   5/2  29    0.61    5.14    5.14    7.38    1.73      21.09   21.09   -0.00   -0.85      2.572   2.572  -0.000
  30 5252.4  13/2-   1/2  32    0.00   15.08   15.08    0.75    2.64      21.36   21.36   -0.00   -1.90      2.604   2.604  -0.000
  
  31 5747.6  13/2-  -3/2  35   -0.61    5.67    5.67    2.21    1.05      23.84   23.84    0.00   -0.90      2.907   2.907   0.000
  32*******   1/2-  -3/2  35    0.00    0.00    0.00    0.00   -0.00       0.00    0.00   -0.00   -0.00      0.000   0.000  -0.000
