1SPECTRUM OF (Z= 82 A=207) IN PARTICLE-ROTOR  MODEL WITH MODIFIED OSCILLATOR POTENTIAL


 PARITY=-   EPS= 0.633   GAMMA=  0.0   EPS4=0.000   EPS6=0.000   LEVELS:  24  25  26  27  28  29  30  31  32  33  34  35  36  37  38

 PAIRING FACTORS: GN0= 19.20  GN1=  7.40  IPAIR= 15 ***  E2PLUS(INPUT)=   0.730  E2PLUR(INPUT)=   0.000

 CORIOLIS ATTENUATION PARAMETERS:  CHSI=1.000  ETA=  1.00

 MOMENT OF INERTIA PARAMETERS:   A1=  0.122 MEV   A2=  0.122 MEV   A3=121.91923 MEV


 DELTA=0.878 MEV  LAMBDA=53.7928 MEV   HW0= 7.8307 MEV   LAMBDA/HW0= 6.8695

 E2ENERGY=0.730 MEV  HBAR**2/B=74295./A**(7/3)=******/A**2 MEV

 IREC=0  =>  RECOIL TERMS j+j-, j+j+, jzjz, ETC TREATED AS ONE-BODY OPERATORS WITH UU+VV PAIRING FACTORS



 S. P. LEVEL   EQP       U     V        (UU + VV)**1.00

     24       4.451    0.099 0.995      1.000 1.000 1.000 1.000 0.999 0.878 0.750 0.588 0.535 0.468 0.423 0.300 0.284 0.213 0.186
     25       4.156    0.106 0.994      1.000 1.000 1.000 1.000 0.999 0.882 0.755 0.594 0.541 0.475 0.430 0.307 0.291 0.220 0.193
     26       3.768    0.117 0.993      1.000 1.000 1.000 1.000 1.000 0.887 0.762 0.603 0.550 0.484 0.440 0.317 0.302 0.231 0.204
     27       3.734    0.118 0.993      1.000 1.000 1.000 1.000 1.000 0.887 0.763 0.603 0.551 0.485 0.441 0.318 0.303 0.232 0.205
     28       2.999    0.148 0.989      0.999 0.999 1.000 1.000 1.000 0.901 0.781 0.627 0.576 0.511 0.467 0.347 0.331 0.261 0.234
     29       0.943    0.563 0.827      0.878 0.882 0.887 0.887 0.901 1.000 0.975 0.903 0.874 0.834 0.805 0.719 0.708 0.654 0.633
     30       0.880    0.733 0.681      0.750 0.755 0.762 0.763 0.781 0.975 1.000 0.976 0.960 0.936 0.917 0.856 0.847 0.806 0.789
     31       1.007    0.863 0.505      0.588 0.594 0.603 0.603 0.627 0.903 0.976 1.000 0.998 0.990 0.982 0.948 0.943 0.916 0.904
     32       1.094    0.894 0.449      0.535 0.541 0.550 0.551 0.576 0.874 0.960 0.998 1.000 0.997 0.992 0.966 0.962 0.939 0.929
     33       1.253    0.926 0.378      0.468 0.475 0.484 0.485 0.511 0.834 0.936 0.990 0.997 1.000 0.999 0.983 0.980 0.963 0.955
     34       1.403    0.943 0.331      0.423 0.430 0.440 0.441 0.467 0.805 0.917 0.982 0.992 0.999 1.000 0.991 0.989 0.975 0.969
     35       2.197    0.979 0.204      0.300 0.307 0.317 0.318 0.347 0.719 0.856 0.948 0.966 0.983 0.991 1.000 1.000 0.996 0.993
     36       2.378    0.982 0.188      0.284 0.291 0.302 0.303 0.331 0.708 0.847 0.943 0.962 0.980 0.989 1.000 1.000 0.997 0.995
     37       3.837    0.993 0.115      0.213 0.220 0.231 0.232 0.261 0.654 0.806 0.916 0.939 0.963 0.975 0.996 0.997 1.000 1.000
     38       5.039    0.996 0.087      0.186 0.193 0.204 0.205 0.234 0.633 0.789 0.904 0.929 0.955 0.969 0.993 0.995 1.000 1.000

  R CORE   ENERGY   A0R/A00=1.000    R3= 0     2  
   2( 1)    0.732                    1.000 0.000
   2( 2)  487.921                    0.000 1.000

  R CORE   ENERGY   A0R/A00=1.000    R3= 0     2  
   3( 1)  488.652                    0.000 1.000

  R CORE   ENERGY   A0R/A00=1.000    R3= 0     2     4  
   4( 1)    2.438                    1.000 0.000 0.000

  R CORE   ENERGY   A0R/A00=1.000    R3= 0     2     4  
   5( 1)  490.847                    0.000 1.000 0.000

  R CORE   ENERGY   A0R/A00=1.000    R3= 0     2     4     6  
   6( 1)    5.121                    1.000 0.000 0.000 0.000

  R CORE   ENERGY   A0R/A00=1.000    R3= 0     2     4     6  
   7( 1)  494.017                    0.000 1.000 0.000 0.000

          AXIAL SYMMETRY => K RESTRICTED TO OMEGA

                     K
     S.P. ORB#: 24  2.50
     S.P. ORB#: 25  0.50
     S.P. ORB#: 26  0.50
     S.P. ORB#: 27  4.50
     S.P. ORB#: 28  2.50
     S.P. ORB#: 29  0.50
     S.P. ORB#: 30  2.50
     S.P. ORB#: 31 -1.50
     S.P. ORB#: 32 -3.50
     S.P. ORB#: 33 -3.50
     S.P. ORB#: 34 -5.50
     S.P. ORB#: 35  0.50
     S.P. ORB#: 36 -1.50
     S.P. ORB#: 37 -1.50
     S.P. ORB#: 38  4.50
 

             ENERGY    K= OMEGA
 
 I=  1/2- (1)  3.685  26:-0.051
                      35:-0.999
 
 I=  1/2- (2)  4.837  25: 0.351
                      29:-0.936
 
 I=  1/2- (3)  5.719  26: 0.999
                      35:-0.051
 
 I=  1/2- (4)  8.036  25: 0.936
                      29: 0.351
 
 I=  1/2- (5)147.310  31: 1.000

             ENERGY    K= OMEGA
 
 I=  3/2- (1)  3.755  35:-0.818
                      36:-0.574
 
 I=  3/2- (2)  3.994  26:-0.120
                      35: 0.568
                      36:-0.814

             ENERGY    K= OMEGA
 
 I=  5/2- (1)  2.717  30: 0.997
                      36: 0.076
 
 I=  5/2- (2)  4.341  26: 0.194
                      30: 0.071
                      35: 0.514
                      36:-0.831
 
 I=  5/2- (3)  4.691  25:-0.470
                      29: 0.708
                      31:-0.480
                      37:-0.215
 
 I=  5/2- (4)  4.914  26:-0.060
                      35:-0.844
                      36:-0.531
 
 I=  5/2- (5)  5.951  25:-0.065
                      28: 0.109
                      29: 0.497
                      31: 0.848
                      37:-0.131

             ENERGY    K= OMEGA
 
 I=  7/2- (1)  2.967  24:-0.128
                      30: 0.245
                      32: 0.961
 
 I=  7/2- (2)  3.591  24:-0.060
                      30:-0.961
                      32: 0.239
                      36: 0.123
 
 I=  7/2- (3)  4.978  30:-0.081
                      35:-0.847
                      36:-0.521
 
 I=  7/2- (4)  5.460  24:-0.065
                      26: 0.230
                      30: 0.095
                      35:-0.506
                      36: 0.823
 
 I=  7/2- (5)  5.482  25:-0.372
                      28:-0.069
                      29:-0.822
                      31: 0.311
                      37:-0.286

             ENERGY    K= OMEGA
 
 I=  9/2- (1)  3.913  24:-0.184
                      27: 0.054
                      30: 0.291
                      32:-0.937
 
 I=  9/2- (2)  4.694  24:-0.093
                      30:-0.940
                      32:-0.274
                      36:-0.174
 
 I=  9/2- (3)  5.454  25: 0.521
                      28: 0.057
                      29:-0.677
                      31: 0.442
                      33:-0.056
                      37: 0.262
 
 I=  9/2- (4)  6.054  24:-0.055
                      26: 0.308
                      27:-0.069
                      30: 0.163
                      35: 0.531
                      36:-0.766
 
 I=  9/2- (5)  6.149  27: 0.996
                      32: 0.059

             ENERGY    K= OMEGA
 
 I= 11/2- (1)  2.673  27: 0.121
                      34: 0.993
 
 I= 11/2- (2)  5.091  24:-0.228
                      27: 0.070
                      30: 0.306
                      32: 0.921
 
 I= 11/2- (3)  6.028  24:-0.120
                      30:-0.925
                      32: 0.277
                      35: 0.056
                      36: 0.218
 
 I= 11/2- (4)  6.435  25: 0.255
                      28: 0.298
                      29: 0.401
                      31:-0.241
                      33: 0.656
                      37: 0.178
                      38: 0.407
 
 I= 11/2- (5)  6.682  25:-0.362
                      28: 0.130
                      29:-0.671
                      31: 0.188
                      33: 0.453
                      37:-0.273
                      38: 0.294

             ENERGY    K= OMEGA
 
 I= 13/2- (1)  4.176  27:-0.175
                      34: 0.984
 
 I= 13/2- (2)  6.502  24:-0.267
                      27: 0.077
                      30: 0.308
                      32:-0.909
 
 I= 13/2- (3)  7.039  25: 0.310
                      28: 0.284
                      29:-0.351
                      31: 0.294
                      33:-0.640
                      37: 0.135
                      38: 0.430
 
 I= 13/2- (4)  7.210  25:-0.450
                      28: 0.154
                      29: 0.566
                      31:-0.301
                      33:-0.446
                      37:-0.262
                      38: 0.308
 
 I= 13/2- (5)  7.580  24:-0.141
                      26: 0.082
                      30:-0.901
                      32:-0.262
                      35: 0.089
                      36:-0.288

             ENERGY     K= 9/2
  32 LEVELS    TIME=  0.0 SEC



 ******************* EXCITATION ENERGIES, DOMINANT CONFIGURATION AND EXPECTATION VALUES (WITH S.P. UU+VV FACTORS) *******************

  NR  Eex(keV)  I   Kdom  NY    <Jz>  <Jx**2> <Jy**2> <Jz**2> <I.j>/|I|  <Rx**2> <Ry**2> <Rz**2> <R.j>/|R|  <HROTx> <HROTy> <HROTz>

   1    0.0  11/2- -11/2  34   -5.35    2.82    2.82   30.10    5.13       5.07    5.07    0.00   -1.59      0.618   0.618   0.000
   2   43.1   5/2-   5/2  30    2.48    6.32    6.32    6.23    2.13       7.49    7.49   -0.00   -3.24      0.913   0.913  -0.000
   3  293.7   7/2-  -7/2  32   -3.04    6.52    6.52   11.79    3.22       7.51    7.51    0.00   -3.11      0.915   0.915   0.001
   4  918.1   7/2-   5/2  30    2.10    6.30    6.30    6.53    1.64      10.92   10.92    0.00   -2.70      1.332   1.332   0.000
   5 1012.0   1/2-   1/2  35    0.50    5.60    5.60    0.25    0.02       6.09    6.09    0.00   -3.28      0.742   0.742   0.000
  
   6 1081.2   3/2-   1/2  35   -0.16    5.61    5.61    0.91    0.93       6.14    6.14    0.00   -2.95      0.749   0.749   0.000
   7 1239.9   9/2-  -7/2  32   -2.77    6.57    6.57   11.56    2.73      11.14   11.14    0.00   -2.36      1.358   1.358   0.000
   8 1320.8   3/2-  -3/2  36   -0.83    5.65    5.65    1.58    0.79       6.79    6.79   -0.00   -3.08      0.827   0.827  -0.000
   9 1503.1  13/2- -11/2  34   -5.19    2.90    2.90   29.94    4.46      11.08   11.08    0.00   -0.97      1.351   1.351   0.000
  10 1667.2   5/2-  -3/2  36   -0.87    5.72    5.72    1.67    0.98       8.05    8.05   -0.00   -2.55      0.981   0.981  -0.000
  
  11 2017.3   5/2-   1/2  29   -0.05   14.46   14.46    0.81    2.50      11.85   11.85    0.00   -4.59      1.444   1.444   0.000
  12 2020.2   9/2-   5/2  30    1.92    6.29    6.29    6.57    1.35      15.23   15.23    0.00   -2.25      1.857   1.857   0.000
  13 2163.9   1/2-   1/2  29    0.50   14.99   14.99    0.25    1.32      14.35   14.35   -0.00   -5.43      1.749   1.749  -0.000
  14 2240.3   5/2-   1/2  35   -0.06    5.62    5.62    0.83   -0.17      10.90   10.90   -0.00   -2.69      1.330   1.330  -0.000
  15 2304.4   7/2-   1/2  35   -0.03    5.62    5.62    0.84    0.68      11.22   11.22    0.00   -1.98      1.368   1.368   0.000
  
  16 2417.6  11/2-  -7/2  32   -2.59    6.63    6.63   11.42    2.43      15.70   15.70    0.00   -1.81      1.914   1.914   0.000
  17 2780.3   9/2-   1/2  29   -0.03   14.25   14.25    0.85    2.62      14.02   14.02    0.00   -3.08      1.709   1.709   0.000
  18 2786.5   7/2-  -3/2  36   -0.83    5.77    5.77    1.69    0.49      12.55   12.55   -0.00   -2.25      1.530   1.530  -0.000
  19 2808.2   7/2-   1/2  29    0.14   18.25   18.25    0.67    2.70      15.75   15.75    0.00   -4.71      1.920   1.920   0.000
  20 3045.3   1/2-   1/2  26    0.50    8.05    8.05    0.25    0.62       8.01    8.01    0.00   -3.95      0.977   0.977   0.000
  
  21 3277.2   5/2-  -3/2  31   -0.95   16.80   16.80    1.80    0.71      19.99   19.99    0.00   -5.27      2.437   2.437   0.000
  22 3354.3  11/2-   5/2  30    1.84    6.28    6.28    6.51    1.16      20.50   20.50   -0.00   -1.90      2.500   2.500  -0.000
  23 3380.8   9/2-  -3/2  36   -0.60    5.90    5.90    1.72    0.86      14.87   14.87    0.00   -1.70      1.813   1.813   0.000
  24 3475.8   9/2-   9/2  27    4.45    7.61    7.61   20.13    4.04       9.97    9.97    0.00   -3.42      1.215   1.215   0.000
  25 3761.4  11/2-  -7/2  33   -0.56   20.28   20.28    9.44    4.29      17.21   17.21    0.00   -4.15      2.098   2.098   0.000
  
  26 3828.2  13/2-  -7/2  32   -2.46    6.68    6.68   11.32    2.22      21.22   21.22    0.00   -1.41      2.587   2.587   0.000
  27 4008.1  11/2-   1/2  29   -0.16   19.19   19.19    4.76    3.41      19.05   19.05    0.00   -3.68      2.323   2.323   0.000
  28 4365.4  13/2-  -7/2  33   -0.45   18.91   18.91    9.56    4.14      19.18   19.18    0.00   -2.99      2.338   2.338   0.000
  29 4536.7  13/2-   1/2  29   -0.19   16.34   16.34    5.01    3.30      20.14   20.14    0.00   -2.30      2.456   2.456   0.000
  30 4907.1  13/2-   5/2  30    1.73    6.27    6.27    6.27    1.04      26.48   26.48   -0.00   -1.58      3.228   3.228  -0.000
  
  31 5362.9   1/2-   1/2  25    0.50   15.93   15.93    0.25   -1.28      17.54   17.54    0.00   -5.61      2.138   2.138   0.000
  32*******   1/2-  -3/2  31    0.00    0.00    0.00    0.00    0.00       0.00    0.00    0.00   -0.00      0.000   0.000   0.000
