1SPECTRUM OF (Z= 82 A=207) IN PARTICLE-ROTOR  MODEL WITH MODIFIED OSCILLATOR POTENTIAL


 PARITY=-   EPS= 0.672   GAMMA=  0.0   EPS4=0.000   EPS6=0.000   LEVELS:  24  25  26  27  28  29  30  31  32  33  34  35  36  37  38

 PAIRING FACTORS: GN0= 19.20  GN1=  7.40  IPAIR= 15 ***  E2PLUS(INPUT)=   0.730  E2PLUR(INPUT)=   0.000

 CORIOLIS ATTENUATION PARAMETERS:  CHSI=1.000  ETA=  1.00

 MOMENT OF INERTIA PARAMETERS:   A1=  0.122 MEV   A2=  0.122 MEV   A3=121.91924 MEV


 DELTA=0.837 MEV  LAMBDA=53.8552 MEV   HW0= 7.8953 MEV   LAMBDA/HW0= 6.8212

 E2ENERGY=0.730 MEV  HBAR**2/B=83732./A**(7/3)=******/A**2 MEV

 IREC=0  =>  RECOIL TERMS j+j-, j+j+, jzjz, ETC TREATED AS ONE-BODY OPERATORS WITH UU+VV PAIRING FACTORS



 S. P. LEVEL   EQP       U     V        (UU + VV)**1.00

     24       4.738    0.089 0.996      1.000 1.000 1.000 0.999 0.999 0.951 0.744 0.520 0.459 0.378 0.280 0.243 0.233 0.201 0.172
     25       4.225    0.100 0.995      1.000 1.000 1.000 1.000 0.999 0.954 0.751 0.529 0.469 0.388 0.291 0.254 0.244 0.212 0.183
     26       3.551    0.119 0.993      1.000 1.000 1.000 1.000 1.000 0.959 0.764 0.545 0.486 0.406 0.309 0.272 0.262 0.230 0.201
     27       3.345    0.126 0.992      0.999 1.000 1.000 1.000 1.000 0.962 0.769 0.552 0.492 0.413 0.316 0.279 0.269 0.238 0.209
     28       3.144    0.134 0.991      0.999 0.999 1.000 1.000 1.000 0.964 0.774 0.558 0.499 0.420 0.324 0.287 0.277 0.246 0.217
     29       1.156    0.394 0.919      0.951 0.954 0.959 0.962 0.964 1.000 0.915 0.759 0.712 0.647 0.564 0.532 0.524 0.495 0.469
     30       0.839    0.731 0.682      0.744 0.751 0.764 0.769 0.774 0.915 1.000 0.957 0.935 0.900 0.850 0.829 0.823 0.804 0.786
     31       1.055    0.897 0.442      0.520 0.529 0.545 0.552 0.558 0.759 0.957 1.000 0.998 0.987 0.966 0.955 0.952 0.941 0.931
     32       1.194    0.926 0.378      0.459 0.469 0.486 0.492 0.499 0.712 0.935 0.998 1.000 0.996 0.981 0.973 0.971 0.963 0.954
     33       1.486    0.956 0.295      0.378 0.388 0.406 0.413 0.420 0.647 0.900 0.987 0.996 1.000 0.995 0.990 0.988 0.983 0.977
     34       2.199    0.981 0.194      0.280 0.291 0.309 0.316 0.324 0.564 0.850 0.966 0.981 0.995 1.000 0.999 0.999 0.997 0.994
     35       2.713    0.988 0.156      0.243 0.254 0.272 0.279 0.287 0.532 0.829 0.955 0.973 0.990 0.999 1.000 1.000 0.999 0.997
     36       2.899    0.989 0.146      0.233 0.244 0.262 0.269 0.277 0.524 0.823 0.952 0.971 0.988 0.999 1.000 1.000 0.999 0.998
     37       3.717    0.994 0.113      0.201 0.212 0.230 0.238 0.246 0.495 0.804 0.941 0.963 0.983 0.997 0.999 0.999 1.000 1.000
     38       5.009    0.996 0.084      0.172 0.183 0.201 0.209 0.217 0.469 0.786 0.931 0.954 0.977 0.994 0.997 0.998 1.000 1.000

  R CORE   ENERGY   A0R/A00=1.000    R3= 0     2  
   2( 1)    0.732                    1.000 0.000
   2( 2)  487.921                    0.000 1.000

  R CORE   ENERGY   A0R/A00=1.000    R3= 0     2  
   3( 1)  488.652                    0.000 1.000

  R CORE   ENERGY   A0R/A00=1.000    R3= 0     2     4  
   4( 1)    2.438                    1.000 0.000 0.000

  R CORE   ENERGY   A0R/A00=1.000    R3= 0     2     4  
   5( 1)  490.847                    0.000 1.000 0.000

  R CORE   ENERGY   A0R/A00=1.000    R3= 0     2     4     6  
   6( 1)    5.121                    1.000 0.000 0.000 0.000

  R CORE   ENERGY   A0R/A00=1.000    R3= 0     2     4     6  
   7( 1)  494.017                    0.000 1.000 0.000 0.000

          AXIAL SYMMETRY => K RESTRICTED TO OMEGA

                     K
     S.P. ORB#: 24 -1.50
     S.P. ORB#: 25  2.50
     S.P. ORB#: 26  0.50
     S.P. ORB#: 27  2.50
     S.P. ORB#: 28  4.50
     S.P. ORB#: 29  0.50
     S.P. ORB#: 30 -1.50
     S.P. ORB#: 31  2.50
     S.P. ORB#: 32 -3.50
     S.P. ORB#: 33 -3.50
     S.P. ORB#: 34 -5.50
     S.P. ORB#: 35  0.50
     S.P. ORB#: 36 -1.50
     S.P. ORB#: 37 -1.50
     S.P. ORB#: 38  0.50
 

             ENERGY    K= OMEGA
 
 I=  1/2- (1)  4.223  26:-0.071
                      35:-0.997
 
 I=  1/2- (2)  5.437  29:-0.993
                      38:-0.115
 
 I=  1/2- (3)  5.533  26: 0.997
                      35:-0.071
 
 I=  1/2- (4)  9.118  29:-0.115
                      38: 0.993
 
 I=  1/2- (5)147.142  30: 1.000

             ENERGY    K= OMEGA
 
 I=  3/2- (1)  4.287  35:-0.838
                      36:-0.542
 
 I=  3/2- (2)  4.523  26: 0.150
                      35:-0.532
                      36: 0.833

             ENERGY    K= OMEGA
 
 I=  5/2- (1)  2.850  24: 0.103
                      31: 0.992
                      36: 0.070
 
 I=  5/2- (2)  4.875  25:-0.054
                      26: 0.243
                      31: 0.057
                      35: 0.510
                      36:-0.821
 
 I=  5/2- (3)  5.344  27: 0.095
                      29:-0.274
                      30: 0.921
                      37: 0.102
                      38:-0.239
 
 I=  5/2- (4)  5.444  26:-0.077
                      35:-0.836
                      36:-0.538
 
 I=  5/2- (5)  6.344  27: 0.065
                      29: 0.898
                      30: 0.320
                      37:-0.273
                      38: 0.114

             ENERGY    K= OMEGA
 
 I=  7/2- (1)  3.350  24:-0.079
                      25:-0.096
                      31: 0.494
                      33: 0.860
 
 I=  7/2- (2)  3.707  24:-0.134
                      25: 0.067
                      31: 0.849
                      33:-0.497
                      36:-0.098
 
 I=  7/2- (3)  5.485  24:-0.098
                      25:-0.050
                      26:-0.071
                      35: 0.862
                      36: 0.489
 
 I=  7/2- (4)  5.975  25: 0.081
                      26:-0.279
                      31:-0.106
                      35: 0.455
                      36:-0.834
 
 I=  7/2- (5)  6.037  27:-0.214
                      29:-0.240
                      30: 0.870
                      32:-0.259
                      37:-0.063
                      38: 0.261

             ENERGY    K= OMEGA
 
 I=  9/2- (1)  4.289  24:-0.119
                      25: 0.132
                      28:-0.064
                      31:-0.573
                      33: 0.795
                      36:-0.057
 
 I=  9/2- (2)  4.773  24: 0.160
                      25: 0.110
                      28:-0.074
                      31: 0.781
                      33: 0.573
                      36: 0.129
 
 I=  9/2- (3)  5.559  28: 0.995
                      33: 0.092
 
 I=  9/2- (4)  6.575  24:-0.058
                      25: 0.079
                      26:-0.366
                      31:-0.114
                      35:-0.523
                      36: 0.754
 
 I=  9/2- (5)  6.629  27: 0.243
                      29:-0.312
                      30: 0.805
                      32:-0.276
                      37: 0.102
                      38:-0.331

             ENERGY    K= OMEGA
 
 I= 11/2- (1)  3.487  28: 0.125
                      34: 0.992
 
 I= 11/2- (2)  5.461  24:-0.156
                      25:-0.159
                      28: 0.074
                      31: 0.612
                      33: 0.751
                      36:-0.067
 
 I= 11/2- (3)  6.063  24:-0.183
                      25: 0.147
                      28:-0.102
                      31: 0.733
                      33:-0.610
                      36:-0.150
 
 I= 11/2- (4)  6.962  28: 0.984
                      33:-0.118
                      34:-0.123
 
 I= 11/2- (5)  7.620  27: 0.292
                      29: 0.555
                      30:-0.571
                      32: 0.342
                      37: 0.253
                      38:-0.315

             ENERGY    K= OMEGA
 
 I= 13/2- (1)  5.009  28:-0.181
                      34: 0.983
 
 I= 13/2- (2)  6.866  24: 0.187
                      25:-0.181
                      28: 0.075
                      31: 0.637
                      33:-0.715
                      36: 0.082
 
 I= 13/2- (3)  7.574  24: 0.198
                      25: 0.181
                      26:-0.078
                      28:-0.114
                      31: 0.689
                      33: 0.632
                      36: 0.185
 
 I= 13/2- (4)  8.615  25:-0.052
                      28:-0.973
                      33:-0.126
                      34:-0.177
 
 I= 13/2- (5)  8.722  27:-0.336
                      29: 0.291
                      30:-0.722
                      32: 0.372
                      37:-0.081
                      38: 0.368

             ENERGY     K= 1/2
  32 LEVELS    TIME=  0.0 SEC



 ******************* EXCITATION ENERGIES, DOMINANT CONFIGURATION AND EXPECTATION VALUES (WITH S.P. UU+VV FACTORS) *******************

  NR  Eex(keV)  I   Kdom  NY    <Jz>  <Jx**2> <Jy**2> <Jz**2> <I.j>/|I|  <Rx**2> <Ry**2> <Rz**2> <R.j>/|R|  <HROTx> <HROTy> <HROTz>

   1    0.0   5/2-   5/2  31    2.44    6.39    6.39    6.19    2.27       7.16    7.16    0.00   -3.24      0.873   0.873   0.000
   2  500.3   7/2-  -7/2  33   -1.97    6.52    6.52   10.65    2.98       7.88    7.88    0.00   -2.99      0.961   0.961   0.000
   3  636.6  11/2- -11/2  34   -5.34    2.83    2.83   30.09    5.11       5.22    5.22    0.00   -1.61      0.636   0.636   0.000
   4  856.8   7/2-   5/2  31    0.91    6.44    6.44    7.62    2.04      10.03   10.03   -0.00   -2.77      1.223   1.223  -0.000
   5 1372.8   1/2-   1/2  35    0.50    5.69    5.69    0.25    0.02       6.17    6.17    0.00   -3.30      0.753   0.753   0.000
  
   6 1437.3   3/2-   1/2  35   -0.09    5.69    5.69    0.84    0.91       6.21    6.21    0.00   -2.96      0.757   0.757   0.000
   7 1439.1   9/2-  -7/2  33   -1.36    6.56    6.56   10.03    2.48      11.64   11.64    0.00   -2.25      1.419   1.419   0.000
   8 1672.5   3/2-  -3/2  36   -0.89    5.76    5.76    1.64    0.85       6.81    6.81    0.00   -3.12      0.830   0.830   0.000
   9 1922.9   9/2-   5/2  31    0.37    6.48    6.48    8.12    1.81      13.93   13.93    0.00   -2.29      1.699   1.699   0.000
  10 2024.7   5/2-  -3/2  36   -0.84    5.85    5.85    1.64    0.98       8.14    8.14    0.00   -2.59      0.993   0.993   0.000
  
  11 2159.4  13/2- -11/2  34   -5.17    2.91    2.91   29.92    4.42      11.40   11.40    0.00   -1.02      1.389   1.389   0.000
  12 2494.1   5/2-  -3/2  30   -1.20   16.43   16.43    2.02    1.56      17.18   17.18   -0.00   -5.16      2.095   2.095  -0.000
  13 2586.6   1/2-   1/2  29    0.50   16.84   16.84    0.25   -0.01      17.35   17.35    0.00   -5.76      2.115   2.115   0.000
  14 2593.9   5/2-   1/2  35   -0.08    5.72    5.72    0.85   -0.14      10.94   10.94    0.00   -2.72      1.334   1.334   0.000
  15 2611.1  11/2-  -7/2  33   -0.99    6.61    6.61    9.60    2.17      16.28   16.28    0.00   -1.72      1.985   1.985   0.000
  
  16 2635.0   7/2-   1/2  35    0.01    5.72    5.72    0.77    0.73      11.08   11.08    0.00   -1.98      1.351   1.351   0.000
  17 2683.1   1/2-   1/2  26    0.50    8.15    8.15    0.25    0.59       8.15    8.15   -0.00   -3.98      0.993   0.993  -0.000
  18 2708.6   9/2-   9/2  28    4.43    7.61    7.61   20.17    4.04       9.96    9.96    0.00   -3.42      1.215   1.215   0.000
  19 3125.1   7/2-  -3/2  36   -0.86    5.94    5.94    1.76    0.52      12.61   12.61    0.00   -2.30      1.537   1.537   0.000
  20 3187.4   7/2-  -3/2  30   -1.20   17.38   17.38    2.85    1.82      19.47   19.47   -0.00   -4.87      2.373   2.373  -0.000
  
  21 3212.7  11/2-   5/2  31    0.06    6.53    6.53    8.39    1.64      18.81   18.81    0.00   -1.90      2.294   2.294   0.000
  22 3494.1   5/2-   1/2  29    0.15   17.06   17.06    0.63    0.46      20.38   20.38    0.00   -5.23      2.485   2.485   0.000
  23 3725.3   9/2-  -3/2  36   -0.61    6.05    6.05    1.53    0.85      14.98   14.98    0.00   -1.72      1.826   1.826   0.000
  24 3779.1   9/2-  -3/2  30   -1.00   17.01   17.01    2.83    1.99      20.90   20.90   -0.00   -4.17      2.548   2.548  -0.000
  25 4015.5  13/2-  -7/2  33   -0.74    6.66    6.66    9.24    1.98      21.85   21.85    0.00   -1.32      2.664   2.664   0.000
  
  26 4112.1  11/2-   9/2  28    4.23    7.53    7.53   20.25    3.30      15.81   15.81   -0.00   -2.77      1.928   1.928  -0.000
  27 4724.3  13/2-   5/2  31   -0.18    6.58    6.58    8.52    1.52      24.57   24.57    0.00   -1.57      2.996   2.996   0.000
  28 4770.3  11/2-  -3/2  30   -0.58   18.35   18.35    2.94    2.31      23.91   23.91    0.00   -3.74      2.915   2.915   0.000
  29 5765.3  13/2-   9/2  28    4.04    7.45    7.45   20.35    2.77      22.66   22.66   -0.00   -2.36      2.763   2.763  -0.000
  30 5872.3  13/2-  -3/2  30   -0.89   17.61   17.61    3.65    2.20      28.46   28.46    0.00   -3.12      3.470   3.470   0.000
  
  31 6268.1   1/2-   1/2  38    0.50   16.80   16.80    0.25    0.28      17.06   17.06   -0.00   -5.75      2.080   2.080  -0.000
  32*******   1/2-  -3/2  30    0.00    0.00    0.00    0.00   -0.00       0.00    0.00    0.00   -0.00      0.000   0.000   0.000
