1SPECTRUM OF (Z= 82 A=207) IN PARTICLE-ROTOR  MODEL WITH MODIFIED OSCILLATOR POTENTIAL


 PARITY=-   EPS= 0.637   GAMMA=  0.0   EPS4=0.000   EPS6=0.000   LEVELS:  24  25  26  27  28  29  30  31  32  33  34  35  36  37  38

 PAIRING FACTORS: GN0= 19.20  GN1=  7.40  IPAIR= 15 ***  E2PLUS(INPUT)=   0.730  E2PLUR(INPUT)=   0.000

 CORIOLIS ATTENUATION PARAMETERS:  CHSI=1.000  ETA=  1.00

 MOMENT OF INERTIA PARAMETERS:   A1=  0.122 MEV   A2=  0.122 MEV   A3=121.91923 MEV


 DELTA=0.874 MEV  LAMBDA=53.8058 MEV   HW0= 7.8370 MEV   LAMBDA/HW0= 6.8656

 E2ENERGY=0.730 MEV  HBAR**2/B=75237./A**(7/3)=******/A**2 MEV

 IREC=0  =>  RECOIL TERMS j+j-, j+j+, jzjz, ETC TREATED AS ONE-BODY OPERATORS WITH UU+VV PAIRING FACTORS



 S. P. LEVEL   EQP       U     V        (UU + VV)**1.00

     24       4.436    0.099 0.995      1.000 1.000 1.000 1.000 0.999 0.891 0.731 0.606 0.519 0.470 0.406 0.295 0.280 0.213 0.185
     25       4.241    0.104 0.995      1.000 1.000 1.000 1.000 0.999 0.893 0.734 0.610 0.523 0.474 0.410 0.299 0.284 0.218 0.189
     26       3.755    0.117 0.993      1.000 1.000 1.000 1.000 1.000 0.899 0.743 0.620 0.535 0.486 0.422 0.312 0.297 0.231 0.203
     27       3.682    0.120 0.993      1.000 1.000 1.000 1.000 1.000 0.900 0.744 0.622 0.537 0.489 0.424 0.315 0.300 0.233 0.205
     28       3.042    0.145 0.989      0.999 0.999 1.000 1.000 1.000 0.911 0.762 0.642 0.558 0.511 0.448 0.339 0.324 0.258 0.230
     29       0.961    0.540 0.842      0.891 0.893 0.899 0.900 0.911 1.000 0.961 0.901 0.851 0.820 0.776 0.697 0.685 0.633 0.611
     30       0.881    0.752 0.659      0.731 0.734 0.743 0.744 0.762 0.961 1.000 0.986 0.963 0.946 0.920 0.868 0.860 0.823 0.806
     31       0.979    0.852 0.524      0.606 0.610 0.620 0.622 0.642 0.901 0.986 1.000 0.994 0.987 0.973 0.939 0.933 0.906 0.894
     32       1.122    0.902 0.432      0.519 0.523 0.535 0.537 0.558 0.851 0.963 0.994 1.000 0.998 0.992 0.970 0.966 0.946 0.936
     33       1.241    0.925 0.381      0.470 0.474 0.486 0.489 0.511 0.820 0.946 0.987 0.998 1.000 0.997 0.982 0.979 0.962 0.954
     34       1.470    0.950 0.313      0.406 0.410 0.422 0.424 0.448 0.776 0.920 0.973 0.992 0.997 1.000 0.993 0.991 0.979 0.973
     35       2.241    0.980 0.199      0.295 0.299 0.312 0.315 0.339 0.697 0.868 0.939 0.970 0.982 0.993 1.000 1.000 0.996 0.994
     36       2.422    0.983 0.184      0.280 0.284 0.297 0.300 0.324 0.685 0.860 0.933 0.966 0.979 0.991 1.000 1.000 0.998 0.995
     37       3.816    0.993 0.115      0.213 0.218 0.231 0.233 0.258 0.633 0.823 0.906 0.946 0.962 0.979 0.996 0.998 1.000 1.000
     38       5.059    0.996 0.087      0.185 0.189 0.203 0.205 0.230 0.611 0.806 0.894 0.936 0.954 0.973 0.994 0.995 1.000 1.000

  R CORE   ENERGY   A0R/A00=1.000    R3= 0     2  
   2( 1)    0.732                    1.000 0.000
   2( 2)  487.921                    0.000 1.000

  R CORE   ENERGY   A0R/A00=1.000    R3= 0     2  
   3( 1)  488.652                    0.000 1.000

  R CORE   ENERGY   A0R/A00=1.000    R3= 0     2     4  
   4( 1)    2.438                    1.000 0.000 0.000

  R CORE   ENERGY   A0R/A00=1.000    R3= 0     2     4  
   5( 1)  490.847                    0.000 1.000 0.000

  R CORE   ENERGY   A0R/A00=1.000    R3= 0     2     4     6  
   6( 1)    5.121                    1.000 0.000 0.000 0.000

  R CORE   ENERGY   A0R/A00=1.000    R3= 0     2     4     6  
   7( 1)  494.017                    0.000 1.000 0.000 0.000

          AXIAL SYMMETRY => K RESTRICTED TO OMEGA

                     K
     S.P. ORB#: 24  2.50
     S.P. ORB#: 25  0.50
     S.P. ORB#: 26  0.50
     S.P. ORB#: 27  4.50
     S.P. ORB#: 28  2.50
     S.P. ORB#: 29  0.50
     S.P. ORB#: 30  2.50
     S.P. ORB#: 31 -1.50
     S.P. ORB#: 32 -3.50
     S.P. ORB#: 33 -3.50
     S.P. ORB#: 34 -5.50
     S.P. ORB#: 35  0.50
     S.P. ORB#: 36 -1.50
     S.P. ORB#: 37 -1.50
     S.P. ORB#: 38  4.50
 

             ENERGY    K= OMEGA
 
 I=  1/2- (1)  3.732  26: 0.052
                      35: 0.999
 
 I=  1/2- (2)  4.859  25: 0.348
                      29:-0.937
 
 I=  1/2- (3)  5.708  26:-0.999
                      35: 0.052
 
 I=  1/2- (4)  8.122  25: 0.937
                      29: 0.348
 
 I=  1/2- (5)147.282  31:-1.000

             ENERGY    K= OMEGA
 
 I=  3/2- (1)  3.801  35: 0.820
                      36: 0.572
 
 I=  3/2- (2)  4.040  26: 0.121
                      35:-0.565
                      36: 0.816

             ENERGY    K= OMEGA
 
 I=  5/2- (1)  2.719  30: 0.997
                      36: 0.076
 
 I=  5/2- (2)  4.388  26: 0.196
                      30: 0.070
                      35: 0.513
                      36:-0.831
 
 I=  5/2- (3)  4.697  25: 0.468
                      29:-0.696
                      31: 0.503
                      37: 0.207
 
 I=  5/2- (4)  4.960  26:-0.061
                      35:-0.844
                      36:-0.531
 
 I=  5/2- (5)  5.945  25: 0.078
                      28:-0.109
                      29:-0.517
                      31:-0.835
                      37: 0.134

             ENERGY    K= OMEGA
 
 I=  7/2- (1)  2.998  24:-0.125
                      30: 0.258
                      32: 0.958
 
 I=  7/2- (2)  3.596  24: 0.060
                      30: 0.958
                      32:-0.251
                      36:-0.121
 
 I=  7/2- (3)  5.024  30:-0.080
                      35:-0.849
                      36:-0.520
 
 I=  7/2- (4)  5.505  25:-0.379
                      28:-0.076
                      29:-0.806
                      31: 0.352
                      33:-0.055
                      37:-0.272
 
 I=  7/2- (5)  5.506  24:-0.066
                      26: 0.232
                      30: 0.095
                      35:-0.504
                      36: 0.824

             ENERGY    K= OMEGA
 
 I=  9/2- (1)  3.948  24:-0.179
                      27: 0.055
                      30: 0.304
                      32:-0.934
 
 I=  9/2- (2)  4.700  24:-0.094
                      30:-0.936
                      32:-0.288
                      36:-0.172
 
 I=  9/2- (3)  5.458  25:-0.522
                      28:-0.063
                      29: 0.666
                      31:-0.460
                      33: 0.062
                      37:-0.252
 
 I=  9/2- (4)  6.093  26:-0.165
                      27: 0.848
                      30:-0.079
                      35:-0.279
                      36: 0.409
 
 I=  9/2- (5)  6.107  26: 0.265
                      27: 0.527
                      30: 0.141
                      32: 0.072
                      35: 0.452
                      36:-0.649

             ENERGY    K= OMEGA
 
 I= 11/2- (1)  2.743  27:-0.119
                      34:-0.993
 
 I= 11/2- (2)  5.131  24:-0.223
                      27: 0.071
                      30: 0.319
                      32: 0.918
 
 I= 11/2- (3)  6.035  24:-0.121
                      30:-0.921
                      32: 0.292
                      35: 0.054
                      36: 0.215
 
 I= 11/2- (4)  6.439  25:-0.245
                      28:-0.302
                      29:-0.372
                      31: 0.248
                      33:-0.672
                      37:-0.161
                      38:-0.415
 
 I= 11/2- (5)  6.706  25:-0.377
                      28: 0.116
                      29:-0.679
                      31: 0.216
                      33: 0.431
                      37:-0.269
                      38: 0.280

             ENERGY    K= OMEGA
 
 I= 13/2- (1)  4.250  27: 0.173
                      34:-0.985
 
 I= 13/2- (2)  6.547  24:-0.260
                      27: 0.078
                      30: 0.322
                      32:-0.906
 
 I= 13/2- (3)  7.034  25:-0.322
                      28:-0.282
                      29: 0.358
                      31:-0.311
                      33: 0.630
                      37:-0.135
                      38:-0.421
 
 I= 13/2- (4)  7.222  25:-0.446
                      28: 0.157
                      29: 0.551
                      31:-0.307
                      33:-0.463
                      37:-0.250
                      38: 0.319
 
 I= 13/2- (5)  7.590  24: 0.143
                      26:-0.079
                      30: 0.899
                      32: 0.278
                      35:-0.085
                      36: 0.282

             ENERGY     K= 9/2
  32 LEVELS    TIME=  0.0 SEC



 ******************* EXCITATION ENERGIES, DOMINANT CONFIGURATION AND EXPECTATION VALUES (WITH S.P. UU+VV FACTORS) *******************

  NR  Eex(keV)  I   Kdom  NY    <Jz>  <Jx**2> <Jy**2> <Jz**2> <I.j>/|I|  <Rx**2> <Ry**2> <Rz**2> <R.j>/|R|  <HROTx> <HROTy> <HROTz>

   1    0.0   5/2-   5/2  30    2.48    6.32    6.32    6.23    2.13       7.49    7.49   -0.00   -3.24      0.914   0.914  -0.000
   2   24.2  11/2- -11/2  34   -5.36    2.82    2.82   30.11    5.13       5.09    5.09    0.00   -1.60      0.621   0.621   0.000
   3  279.1   7/2-  -7/2  32   -3.01    6.52    6.52   11.76    3.21       7.55    7.55   -0.00   -3.11      0.920   0.920  -0.001
   4  877.1   7/2-   5/2  30    2.06    6.31    6.31    6.57    1.65      10.92   10.92   -0.00   -2.70      1.332   1.332  -0.000
   5 1012.5   1/2-   1/2  35    0.50    5.61    5.61    0.25    0.02       6.10    6.10    0.00   -3.28      0.743   0.743   0.000
  
   6 1081.8   3/2-   1/2  35   -0.15    5.62    5.62    0.90    0.92       6.15    6.15    0.00   -2.95      0.750   0.750   0.000
   7 1229.3   9/2-  -7/2  32   -2.73    6.57    6.57   11.52    2.71      11.21   11.21   -0.00   -2.36      1.367   1.367  -0.000
   8 1320.8   3/2-  -3/2  36   -0.83    5.66    5.66    1.58    0.79       6.79    6.79    0.00   -3.08      0.828   0.828   0.000
   9 1531.3  13/2- -11/2  34   -5.20    2.90    2.90   29.95    4.46      11.13   11.13    0.00   -0.98      1.357   1.357   0.000
  10 1669.0   5/2-  -3/2  36   -0.87    5.73    5.73    1.67    0.97       8.06    8.06    0.00   -2.55      0.983   0.983   0.000
  
  11 1978.5   5/2-   1/2  29   -0.09   14.47   14.47    0.85    2.51      11.85   11.85    0.00   -4.60      1.445   1.445   0.000
  12 1980.7   9/2-   5/2  30    1.88    6.30    6.30    6.63    1.36      15.24   15.24   -0.00   -2.26      1.858   1.858  -0.000
  13 2140.1   1/2-   1/2  29    0.50   15.00   15.00    0.25    1.32      14.35   14.35   -0.00   -5.43      1.750   1.750  -0.000
  14 2240.6   5/2-   1/2  35   -0.06    5.63    5.63    0.83   -0.17      10.91   10.91    0.00   -2.69      1.331   1.331   0.000
  15 2305.0   7/2-   1/2  35   -0.03    5.63    5.63    0.84    0.68      11.23   11.23    0.00   -1.98      1.369   1.369   0.000
  
  16 2412.1  11/2-  -7/2  32   -2.55    6.63    6.63   11.38    2.40      15.81   15.81   -0.00   -1.82      1.928   1.928  -0.000
  17 2739.2   9/2-   1/2  29   -0.05   14.25   14.25    0.88    2.63      13.97   13.97    0.00   -3.08      1.704   1.704   0.000
  18 2785.5   7/2-   1/2  29    0.10   18.27   18.27    0.72    2.70      15.77   15.77    0.00   -4.72      1.923   1.923   0.000
  19 2786.7   7/2-  -3/2  36   -0.83    5.78    5.78    1.69    0.49      12.57   12.57    0.00   -2.26      1.532   1.532   0.000
  20 2989.2   1/2-   1/2  26    0.50    8.06    8.06    0.25    0.61       8.03    8.03   -0.00   -3.95      0.979   0.979  -0.000
  
  21 3225.5   5/2-  -3/2  31   -0.91   16.77   16.77    1.75    0.68      19.99   19.99    0.00   -5.26      2.438   2.438   0.000
  22 3316.0  11/2-   5/2  30    1.80    6.29    6.29    6.57    1.16      20.51   20.51   -0.00   -1.91      2.500   2.500  -0.000
  23 3374.2   9/2-   9/2  27    3.05    7.14    7.14   15.01    3.17      11.28   11.28    0.00   -2.85      1.375   1.375   0.000
  24 3388.1   9/2-  -3/2  36    0.79    6.38    6.38    6.84    1.73      13.59   13.59    0.00   -2.11      1.657   1.657   0.000
  25 3720.2  11/2-  -7/2  33   -0.61   20.36   20.36    9.83    4.35      17.16   17.16    0.00   -4.19      2.093   2.093   0.000
  
  26 3828.5  13/2-  -7/2  32   -2.42    6.68    6.68   11.29    2.20      21.37   21.37   -0.00   -1.42      2.605   2.605  -0.001
  27 3986.6  11/2-   1/2  29   -0.14   19.11   19.11    4.37    3.35      19.15   19.15    0.00   -3.65      2.334   2.334   0.000
  28 4315.3  13/2-  -7/2  33   -0.45   18.74   18.74    9.26    4.09      19.18   19.18    0.00   -2.94      2.338   2.338   0.000
  29 4503.0  13/2-   1/2  29   -0.21   16.46   16.46    5.32    3.35      20.10   20.10    0.00   -2.34      2.450   2.450   0.000
  30 4870.7  13/2-   5/2  30    1.69    6.28    6.28    6.34    1.05      26.50   26.50   -0.00   -1.59      3.231   3.231  -0.000
  
  31 5403.2   1/2-   1/2  25    0.50   15.94   15.94    0.25   -1.28      17.55   17.55   -0.00   -5.61      2.139   2.139  -0.000
  32*******   1/2-  -3/2  31    0.00    0.00    0.00    0.00    0.00       0.00    0.00   -0.00   -0.00      0.000   0.000  -0.000
