1SPECTRUM OF (Z= 82 A=207) IN PARTICLE-ROTOR  MODEL WITH MODIFIED OSCILLATOR POTENTIAL


 PARITY=-   EPS= 0.598   GAMMA=  0.0   EPS4=0.000   EPS6=0.000   LEVELS:  24  25  26  27  28  29  30  31  32  33  34  35  36  37  38

 PAIRING FACTORS: GN0= 19.20  GN1=  7.40  IPAIR= 15 ***  E2PLUS(INPUT)=   0.730  E2PLUR(INPUT)=   0.000

 CORIOLIS ATTENUATION PARAMETERS:  CHSI=1.000  ETA=  1.00

 MOMENT OF INERTIA PARAMETERS:   A1=  0.122 MEV   A2=  0.122 MEV   A3=121.91924 MEV


 DELTA=0.913 MEV  LAMBDA=53.6456 MEV   HW0= 7.7781 MEV   LAMBDA/HW0= 6.8970

 E2ENERGY=0.730 MEV  HBAR**2/B=66307./A**(7/3)=******/A**2 MEV

 IREC=0  =>  RECOIL TERMS j+j-, j+j+, jzjz, ETC TREATED AS ONE-BODY OPERATORS WITH UU+VV PAIRING FACTORS



 S. P. LEVEL   EQP       U     V        (UU + VV)**1.00

     24       4.532    0.101 0.995      1.000 1.000 1.000 0.999 0.997 0.871 0.710 0.677 0.632 0.455 0.442 0.348 0.326 0.213 0.197
     25       4.137    0.111 0.994      1.000 1.000 1.000 1.000 0.998 0.875 0.716 0.684 0.640 0.463 0.451 0.357 0.335 0.222 0.207
     26       3.840    0.120 0.993      1.000 1.000 1.000 1.000 0.998 0.880 0.723 0.690 0.647 0.471 0.459 0.365 0.344 0.231 0.216
     27       3.378    0.136 0.991      0.999 1.000 1.000 1.000 0.999 0.887 0.734 0.702 0.659 0.486 0.474 0.381 0.359 0.247 0.232
     28       2.589    0.179 0.984      0.997 0.998 0.998 0.999 1.000 0.907 0.763 0.732 0.691 0.523 0.512 0.421 0.399 0.289 0.274
     29       0.968    0.578 0.816      0.871 0.875 0.880 0.887 0.907 1.000 0.964 0.951 0.932 0.834 0.827 0.764 0.749 0.666 0.654
     30       0.930    0.773 0.635      0.710 0.716 0.723 0.734 0.763 0.964 1.000 0.999 0.995 0.950 0.946 0.908 0.898 0.840 0.831
     31       0.952    0.801 0.599      0.677 0.684 0.690 0.702 0.732 0.951 0.999 1.000 0.998 0.963 0.960 0.926 0.917 0.863 0.855
     32       0.993    0.835 0.551      0.632 0.640 0.647 0.659 0.691 0.932 0.995 0.998 1.000 0.978 0.975 0.946 0.939 0.892 0.884
     33       1.351    0.932 0.362      0.455 0.463 0.471 0.486 0.523 0.834 0.950 0.963 0.978 1.000 1.000 0.993 0.990 0.967 0.963
     34       1.394    0.937 0.349      0.442 0.451 0.459 0.474 0.512 0.827 0.946 0.960 0.975 1.000 1.000 0.995 0.992 0.970 0.966
     35       1.875    0.968 0.251      0.348 0.357 0.365 0.381 0.421 0.764 0.908 0.926 0.946 0.993 0.995 1.000 1.000 0.990 0.988
     36       2.049    0.973 0.229      0.326 0.335 0.344 0.359 0.399 0.749 0.898 0.917 0.939 0.990 0.992 1.000 1.000 0.993 0.991
     37       4.071    0.994 0.113      0.213 0.222 0.231 0.247 0.289 0.666 0.840 0.863 0.892 0.967 0.970 0.990 0.993 1.000 1.000
     38       4.714    0.995 0.097      0.197 0.207 0.216 0.232 0.274 0.654 0.831 0.855 0.884 0.963 0.966 0.988 0.991 1.000 1.000

  R CORE   ENERGY   A0R/A00=1.000    R3= 0     2  
   2( 1)    0.732                    1.000 0.000
   2( 2)  487.921                    0.000 1.000

  R CORE   ENERGY   A0R/A00=1.000    R3= 0     2  
   3( 1)  488.652                    0.000 1.000

  R CORE   ENERGY   A0R/A00=1.000    R3= 0     2     4  
   4( 1)    2.438                    1.000 0.000 0.000

  R CORE   ENERGY   A0R/A00=1.000    R3= 0     2     4  
   5( 1)  490.847                    0.000 1.000 0.000

  R CORE   ENERGY   A0R/A00=1.000    R3= 0     2     4     6  
   6( 1)    5.121                    1.000 0.000 0.000 0.000

  R CORE   ENERGY   A0R/A00=1.000    R3= 0     2     4     6  
   7( 1)  494.017                    0.000 1.000 0.000 0.000

          AXIAL SYMMETRY => K RESTRICTED TO OMEGA

                     K
     S.P. ORB#: 24  2.50
     S.P. ORB#: 25  4.50
     S.P. ORB#: 26  0.50
     S.P. ORB#: 27  0.50
     S.P. ORB#: 28  2.50
     S.P. ORB#: 29  2.50
     S.P. ORB#: 30  0.50
     S.P. ORB#: 31 -3.50
     S.P. ORB#: 32 -5.50
     S.P. ORB#: 33 -1.50
     S.P. ORB#: 34 -3.50
     S.P. ORB#: 35  0.50
     S.P. ORB#: 36 -1.50
     S.P. ORB#: 37 -1.50
     S.P. ORB#: 38 -3.50
 

             ENERGY    K= OMEGA
 
 I=  1/2- (1)  3.342  35: 0.999
 
 I=  1/2- (2)  4.800  27:-0.391
                      30: 0.920
 
 I=  1/2- (3)  5.761  26: 0.999
 
 I=  1/2- (4)  7.238  27: 0.920
                      30: 0.391
 
 I=  1/2- (5)147.654  33: 1.000

             ENERGY    K= OMEGA
 
 I=  3/2- (1)  3.411  35: 0.805
                      36: 0.593
 
 I=  3/2- (2)  3.652  26: 0.118
                      35:-0.587
                      36: 0.801

             ENERGY    K= OMEGA
 
 I=  5/2- (1)  2.795  29: 0.996
                      36: 0.088
 
 I=  5/2- (2)  3.979  26: 0.186
                      29: 0.082
                      35: 0.524
                      36:-0.826
 
 I=  5/2- (3)  4.572  26:-0.053
                      35:-0.840
                      36:-0.538
 
 I=  5/2- (4)  4.712  27:-0.479
                      30: 0.768
                      33: 0.327
                      37:-0.271
 
 I=  5/2- (5)  6.160  28: 0.126
                      30: 0.375
                      33:-0.909
                      37:-0.122

             ENERGY    K= OMEGA
 
 I=  7/2- (1)  2.783  24:-0.157
                      29: 0.173
                      31: 0.972
 
 I=  7/2- (2)  3.496  24:-0.058
                      29:-0.942
                      31: 0.159
                      36: 0.123
                      38: 0.260
 
 I=  7/2- (3)  4.631  29:-0.077
                      35:-0.836
                      36:-0.539
 
 I=  7/2- (4)  5.105  24:-0.061
                      26: 0.226
                      29: 0.074
                      35:-0.525
                      36: 0.811
                      38:-0.077
 
 I=  7/2- (5)  5.336  27: 0.332
                      30: 0.857
                      33: 0.130
                      37: 0.368

             ENERGY    K= OMEGA
 
 I=  9/2- (1)  3.679  24:-0.222
                      25: 0.050
                      29: 0.235
                      31:-0.944
 
 I=  9/2- (2)  4.421  24:-0.090
                      29:-0.894
                      31:-0.213
                      36:-0.156
                      38:-0.346
 
 I=  9/2- (3)  5.479  27:-0.497
                      30: 0.732
                      33: 0.312
                      37:-0.345
 
 I=  9/2- (4)  5.657  24: 0.051
                      26:-0.296
                      29:-0.120
                      31:-0.052
                      35:-0.537
                      36: 0.771
                      38:-0.099
 
 I=  9/2- (5)  6.549  25: 0.991
                      31: 0.053
                      35: 0.059
                      38:-0.089

             ENERGY    K= OMEGA
 
 I= 11/2- (1)  2.207  25: 0.148
                      32: 0.989
 
 I= 11/2- (2)  4.795  24:-0.270
                      25: 0.061
                      29: 0.273
                      31: 0.919
                      38:-0.067
 
 I= 11/2- (3)  5.579  24:-0.117
                      29:-0.857
                      31: 0.244
                      36: 0.170
                      38: 0.400
 
 I= 11/2- (4)  6.417  27: 0.391
                      28: 0.076
                      30: 0.802
                      33: 0.162
                      34: 0.050
                      37: 0.412
 
 I= 11/2- (5)  6.830  26: 0.066
                      29:-0.089
                      35:-0.851
                      36:-0.503
                      38: 0.084

             ENERGY    K= OMEGA
 
 I= 13/2- (1)  3.647  25: 0.212
                      32:-0.977
 
 I= 13/2- (2)  6.137  24:-0.308
                      25: 0.063
                      29: 0.296
                      31:-0.897
                      38: 0.091
 
 I= 13/2- (3)  6.964  24:-0.141
                      26: 0.054
                      29:-0.822
                      31:-0.259
                      35: 0.059
                      36:-0.201
                      38:-0.433
 
 I= 13/2- (4)  7.176  27: 0.500
                      30:-0.715
                      33:-0.296
                      37: 0.388
 
 I= 13/2- (5)  8.257  26:-0.379
                      29:-0.141
                      31:-0.090
                      35:-0.531
                      36: 0.723
                      38:-0.144

             ENERGY     K=-7/2
  32 LEVELS    TIME=  0.0 SEC



 ******************* EXCITATION ENERGIES, DOMINANT CONFIGURATION AND EXPECTATION VALUES (WITH S.P. UU+VV FACTORS) *******************

  NR  Eex(keV)  I   Kdom  NY    <Jz>  <Jx**2> <Jy**2> <Jz**2> <I.j>/|I|  <Rx**2> <Ry**2> <Rz**2> <R.j>/|R|  <HROTx> <HROTy> <HROTz>

   1    0.0  11/2- -11/2  32   -5.28    2.86    2.86   30.03    5.19       4.69    4.69    0.00   -1.53      0.572   0.572   0.000
   2  576.5   7/2-  -7/2  31   -3.17    6.52    6.52   11.92    3.33       7.15    7.15   -0.00   -3.11      0.871   0.871  -0.000
   3  587.9   5/2-   5/2  29    2.47    6.27    6.27    6.22    2.13       7.45    7.45    0.00   -3.23      0.908   0.908   0.000
   4 1135.8   1/2-   1/2  35    0.50    5.53    5.53    0.25    0.04       6.00    6.00   -0.00   -3.26      0.731   0.731  -0.000
   5 1204.8   3/2-   1/2  35   -0.20    5.53    5.53    0.95    0.95       6.04    6.04    0.00   -2.93      0.737   0.737   0.000
  
   6 1289.8   7/2-   5/2  29    1.88    5.95    5.95    6.74    2.01       9.21    9.21    0.00   -2.48      1.123   1.123   0.000
   7 1440.8  13/2- -11/2  32   -5.05    2.97    2.97   29.79    4.57      10.31   10.31    0.00   -0.84      1.257   1.257   0.000
   8 1445.4   3/2-  -3/2  36   -0.78    5.57    5.57    1.53    0.77       6.72    6.72    0.00   -3.05      0.819   0.819   0.000
   9 1472.3   9/2-  -7/2  31   -2.85    6.62    6.62   11.64    2.90      10.40   10.40   -0.00   -2.30      1.268   1.268  -0.000
  10 1772.4   5/2-  -3/2  36   -0.85    5.64    5.64    1.67    1.01       7.87    7.87    0.00   -2.51      0.959   0.959   0.000
  
  11 2214.6   9/2-   5/2  29    1.41    5.71    5.71    7.14    1.93      12.07   12.07    0.00   -1.83      1.472   1.472   0.000
  12 2365.4   5/2-   1/2  35   -0.07    5.55    5.55    0.84   -0.16      10.82   10.82    0.00   -2.67      1.320   1.320   0.000
  13 2424.3   7/2-   1/2  35   -0.08    5.54    5.54    0.90    0.70      11.07   11.07    0.00   -1.95      1.349   1.349   0.000
  14 2505.1   5/2-   1/2  30    0.14   14.58   14.58    0.61    2.43      12.08   12.08   -0.00   -4.60      1.472   1.472  -0.000
  15 2588.6  11/2-  -7/2  31   -2.59    6.70    6.70   11.40    2.63      14.57   14.57   -0.00   -1.68      1.776   1.776  -0.000
  
  16 2593.0   1/2-   1/2  30    0.50   14.96   14.96    0.25    1.29      14.33   14.33    0.00   -5.42      1.748   1.748   0.000
  17 2898.7   7/2-  -3/2  36   -0.82    5.66    5.66    1.70    0.53      12.28   12.28    0.00   -2.20      1.497   1.497   0.000
  18 3129.2   7/2-   1/2  30    0.20   17.89   17.89    0.58    2.74      15.17   15.17    0.00   -4.63      1.850   1.850   0.000
  19 3272.0   9/2-   1/2  30    0.07   14.56   14.56    0.68    2.58      14.47   14.47    0.00   -3.16      1.764   1.764   0.000
  20 3372.7  11/2-   5/2  29    1.06    5.52    5.52    7.46    1.85      16.09   16.09    0.00   -1.32      1.962   1.962   0.000
  
  21 3450.1   9/2-  -3/2  36   -0.70    5.75    5.75    1.70    0.94      14.29   14.29    0.00   -1.59      1.743   1.743   0.000
  22 3554.2   1/2-   1/2  26    0.50    7.94    7.94    0.25    0.63       7.89    7.89   -0.00   -3.92      0.962   0.962  -0.000
  23 3930.9  13/2-  -7/2  31   -2.38    6.76    6.76   11.21    2.44      19.69   19.69   -0.00   -1.22      2.400   2.400  -0.000
  24 3953.8   5/2-  -3/2  33   -1.15   16.99   16.99    2.03    0.91      19.70   19.70    0.00   -5.31      2.402   2.402   0.000
  25 4209.9  11/2-   1/2  30    0.11   17.98   17.98    0.71    2.93      18.69   18.69   -0.00   -3.13      2.279   2.279  -0.000
  
  26 4342.6   9/2-   9/2  25    4.39    7.58    7.58   20.04    4.02       9.97    9.97    0.00   -3.40      1.216   1.216   0.000
  27 4623.9  11/2-   1/2  35   -0.02    5.52    5.52    0.93    0.64      20.05   20.05    0.00   -1.29      2.444   2.444   0.000
  28 4757.6  13/2-   5/2  29    0.80    5.40    5.40    7.61    1.78      21.17   21.17    0.00   -0.92      2.580   2.580   0.000
  29 4969.0  13/2-   1/2  30    0.02   14.60   14.60    0.73    2.62      21.01   21.01   -0.00   -1.79      2.562   2.562  -0.000
  30 5031.7   1/2-   1/2  27    0.50   15.81   15.81    0.25   -1.22      17.37   17.37    0.00   -5.59      2.117   2.117   0.000
  
  31 6050.8  13/2-  -3/2  36   -0.62    5.85    5.85    1.79    0.95      24.48   24.48    0.00   -0.98      2.985   2.985   0.000
  32*******   1/2-  -3/2  33    0.00    0.00    0.00    0.00   -0.00       0.00    0.00    0.00   -0.00      0.000   0.000   0.000
