1SPECTRUM OF (Z= 82 A=207) IN PARTICLE-ROTOR  MODEL WITH MODIFIED OSCILLATOR POTENTIAL


 PARITY=-   EPS= 0.694   GAMMA=  0.0   EPS4=0.000   EPS6=0.000   LEVELS:  24  25  26  27  28  29  30  31  32  33  34  35  36  37  38

 PAIRING FACTORS: GN0= 19.20  GN1=  7.40  IPAIR= 15 ***  E2PLUS(INPUT)=   0.730  E2PLUR(INPUT)=   0.000

 CORIOLIS ATTENUATION PARAMETERS:  CHSI=1.000  ETA=  1.00

 MOMENT OF INERTIA PARAMETERS:   A1=  0.122 MEV   A2=  0.122 MEV   A3=121.91923 MEV


 DELTA=0.804 MEV  LAMBDA=53.8835 MEV   HW0= 7.9348 MEV   LAMBDA/HW0= 6.7907

 E2ENERGY=0.730 MEV  HBAR**2/B=89304./A**(7/3)=******/A**2 MEV

 IREC=0  =>  RECOIL TERMS j+j-, j+j+, jzjz, ETC TREATED AS ONE-BODY OPERATORS WITH UU+VV PAIRING FACTORS



 S. P. LEVEL   EQP       U     V        (UU + VV)**1.00

     24       4.580    0.088 0.996      1.000 1.000 1.000 1.000 0.998 0.971 0.828 0.450 0.414 0.318 0.236 0.220 0.213 0.197 0.169
     25       4.069    0.099 0.995      1.000 1.000 1.000 1.000 0.999 0.973 0.835 0.460 0.424 0.328 0.247 0.231 0.223 0.208 0.180
     26       3.522    0.115 0.993      1.000 1.000 1.000 1.000 1.000 0.977 0.843 0.473 0.439 0.343 0.262 0.247 0.239 0.224 0.195
     27       3.401    0.119 0.993      1.000 1.000 1.000 1.000 1.000 0.978 0.845 0.477 0.442 0.347 0.266 0.251 0.243 0.228 0.199
     28       2.782    0.146 0.989      0.998 0.999 1.000 1.000 1.000 0.983 0.860 0.501 0.467 0.372 0.292 0.277 0.269 0.254 0.226
     29       1.306    0.326 0.946      0.971 0.973 0.977 0.978 0.983 1.000 0.939 0.652 0.621 0.537 0.463 0.449 0.442 0.428 0.401
     30       0.821    0.631 0.776      0.828 0.835 0.843 0.845 0.860 0.939 1.000 0.873 0.853 0.794 0.740 0.729 0.723 0.712 0.692
     31       1.172    0.929 0.369      0.450 0.460 0.473 0.477 0.501 0.652 0.873 1.000 0.999 0.990 0.974 0.970 0.968 0.964 0.956
     32       1.283    0.943 0.332      0.414 0.424 0.439 0.442 0.467 0.621 0.853 0.999 1.000 0.995 0.982 0.979 0.977 0.974 0.967
     33       1.775    0.973 0.233      0.318 0.328 0.343 0.347 0.372 0.537 0.794 0.990 0.995 1.000 0.996 0.995 0.994 0.992 0.988
     34       2.719    0.989 0.150      0.236 0.247 0.262 0.266 0.292 0.463 0.740 0.974 0.982 0.996 1.000 1.000 1.000 0.999 0.998
     35       3.040    0.991 0.133      0.220 0.231 0.247 0.251 0.277 0.449 0.729 0.970 0.979 0.995 1.000 1.000 1.000 1.000 0.999
     36       3.227    0.992 0.126      0.213 0.223 0.239 0.243 0.269 0.442 0.723 0.968 0.977 0.994 1.000 1.000 1.000 1.000 0.999
     37       3.675    0.994 0.110      0.197 0.208 0.224 0.228 0.254 0.428 0.712 0.964 0.974 0.992 0.999 1.000 1.000 1.000 1.000
     38       4.968    0.997 0.081      0.169 0.180 0.195 0.199 0.226 0.401 0.692 0.956 0.967 0.988 0.998 0.999 0.999 1.000 1.000

  R CORE   ENERGY   A0R/A00=1.000    R3= 0     2  
   2( 1)    0.732                    1.000 0.000
   2( 2)  487.921                    0.000 1.000

  R CORE   ENERGY   A0R/A00=1.000    R3= 0     2  
   3( 1)  488.652                    0.000 1.000

  R CORE   ENERGY   A0R/A00=1.000    R3= 0     2     4  
   4( 1)    2.438                    1.000 0.000 0.000

  R CORE   ENERGY   A0R/A00=1.000    R3= 0     2     4  
   5( 1)  490.847                    0.000 1.000 0.000

  R CORE   ENERGY   A0R/A00=1.000    R3= 0     2     4     6  
   6( 1)    5.121                    1.000 0.000 0.000 0.000

  R CORE   ENERGY   A0R/A00=1.000    R3= 0     2     4     6  
   7( 1)  494.017                    0.000 1.000 0.000 0.000

          AXIAL SYMMETRY => K RESTRICTED TO OMEGA

                     K
     S.P. ORB#: 24 -1.50
     S.P. ORB#: 25  2.50
     S.P. ORB#: 26  2.50
     S.P. ORB#: 27  0.50
     S.P. ORB#: 28  4.50
     S.P. ORB#: 29  0.50
     S.P. ORB#: 30 -1.50
     S.P. ORB#: 31 -3.50
     S.P. ORB#: 32  2.50
     S.P. ORB#: 33 -3.50
     S.P. ORB#: 34 -5.50
     S.P. ORB#: 35  0.50
     S.P. ORB#: 36 -1.50
     S.P. ORB#: 37 -1.50
     S.P. ORB#: 38  0.50
 

             ENERGY    K= OMEGA
 
 I=  1/2- (1)  4.559  27:-0.106
                      35:-0.994
 
 I=  1/2- (2)  5.401  27: 0.994
                      35:-0.106
 
 I=  1/2- (3)  5.614  29:-0.994
                      38:-0.107
 
 I=  1/2- (4)  9.086  29: 0.107
                      38:-0.994
 
 I=  1/2- (5)147.125  30: 1.000

             ENERGY    K= OMEGA
 
 I=  3/2- (1)  4.625  35:-0.848
                      36:-0.526
 
 I=  3/2- (2)  4.849  27:-0.193
                      35: 0.508
                      36:-0.839

             ENERGY    K= OMEGA
 
 I=  5/2- (1)  3.099  24: 0.089
                      32: 0.993
                      36: 0.070
 
 I=  5/2- (2)  5.196  25: 0.065
                      27:-0.319
                      32:-0.060
                      35:-0.498
                      36: 0.801
 
 I=  5/2- (3)  5.402  26:-0.106
                      29: 0.198
                      30:-0.949
                      37:-0.076
                      38: 0.206
 
 I=  5/2- (4)  5.776  25: 0.067
                      27: 0.130
                      35: 0.818
                      36: 0.553
 
 I=  5/2- (5)  6.272  24: 0.240
                      25:-0.181
                      27:-0.900
                      35: 0.263
                      36:-0.174

             ENERGY    K= OMEGA
 
 I=  7/2- (1)  3.646  24: 0.074
                      25: 0.089
                      32:-0.531
                      33:-0.838
 
 I=  7/2- (2)  3.984  24:-0.114
                      25: 0.067
                      32: 0.829
                      33:-0.533
                      36:-0.098
 
 I=  7/2- (3)  5.821  24: 0.111
                      25: 0.061
                      27: 0.091
                      35:-0.869
                      36:-0.468
 
 I=  7/2- (4)  6.088  26: 0.230
                      30:-0.902
                      31: 0.300
                      38:-0.207
 
 I=  7/2- (5)  6.280  25:-0.101
                      27: 0.340
                      32: 0.108
                      35:-0.416
                      36: 0.829

             ENERGY    K= OMEGA
 
 I=  9/2- (1)  4.597  24:-0.107
                      25: 0.123
                      28:-0.120
                      32:-0.585
                      33: 0.782
                      36:-0.063
 
 I=  9/2- (2)  5.056  24: 0.134
                      25: 0.095
                      28:-0.360
                      32: 0.747
                      33: 0.518
                      36: 0.124
 
 I=  9/2- (3)  5.216  25: 0.058
                      28: 0.925
                      32: 0.214
                      33: 0.302
 
 I=  9/2- (4)  6.757  26:-0.283
                      29: 0.223
                      30:-0.813
                      31: 0.354
                      37:-0.059
                      38: 0.283
 
 I=  9/2- (5)  6.881  25:-0.087
                      27: 0.453
                      32: 0.125
                      35: 0.499
                      36:-0.721

             ENERGY    K= OMEGA
 
 I= 11/2- (1)  4.001  28:-0.152
                      34:-0.988
 
 I= 11/2- (2)  5.790  24:-0.138
                      25:-0.150
                      28: 0.122
                      32: 0.614
                      33: 0.748
                      36:-0.074
 
 I= 11/2- (3)  6.366  24:-0.157
                      25: 0.127
                      28:-0.330
                      32: 0.719
                      33:-0.554
                      34: 0.055
                      36:-0.148
 
 I= 11/2- (4)  6.630  25:-0.075
                      28:-0.924
                      32:-0.175
                      33: 0.297
                      34: 0.139
 
 I= 11/2- (5)  7.803  26:-0.373
                      29:-0.285
                      30: 0.677
                      31:-0.484
                      37:-0.136
                      38: 0.263

             ENERGY    K= OMEGA
 
 I= 13/2- (1)  5.519  28:-0.216
                      34: 0.976
 
 I= 13/2- (2)  7.218  24: 0.166
                      25:-0.172
                      28: 0.113
                      32: 0.634
                      33:-0.718
                      36: 0.090
 
 I= 13/2- (3)  7.901  24: 0.174
                      25: 0.162
                      27:-0.084
                      28:-0.285
                      32: 0.686
                      33: 0.587
                      34:-0.072
                      36: 0.187
 
 I= 13/2- (4)  8.287  25:-0.085
                      28:-0.927
                      32:-0.131
                      33:-0.268
                      34:-0.201
                      36:-0.056
 
 I= 13/2- (5)  8.900  26: 0.386
                      29:-0.201
                      30: 0.710
                      31:-0.458
                      38:-0.309

             ENERGY     K= 1/2
  32 LEVELS    TIME=  0.0 SEC



 ******************* EXCITATION ENERGIES, DOMINANT CONFIGURATION AND EXPECTATION VALUES (WITH S.P. UU+VV FACTORS) *******************

  NR  Eex(keV)  I   Kdom  NY    <Jz>  <Jx**2> <Jy**2> <Jz**2> <I.j>/|I|  <Rx**2> <Ry**2> <Rz**2> <R.j>/|R|  <HROTx> <HROTy> <HROTz>

   1    0.0   5/2-   5/2  32    2.45    6.41    6.41    6.20    2.23       7.30    7.30    0.00   -3.25      0.890   0.890   0.000
   2  547.8   7/2-  -7/2  33   -1.75    6.52    6.52   10.44    2.90       8.09    8.09    0.00   -2.97      0.986   0.986   0.000
   3  885.5   7/2-   5/2  32    0.70    6.46    6.46    7.86    2.03      10.20   10.20    0.00   -2.81      1.243   1.243   0.000
   4  902.6  11/2- -11/2  34   -5.27    2.86    2.86   30.02    5.10       5.25    5.25    0.00   -1.62      0.640   0.640   0.000
   5 1460.2   1/2-   1/2  35    0.50    5.74    5.74    0.25    0.03       6.21    6.21    0.00   -3.32      0.758   0.758   0.000
  
   6 1498.5   9/2-  -7/2  33   -1.21    6.57    6.57   10.06    2.43      11.90   11.90    0.00   -2.28      1.451   1.451   0.000
   7 1526.0   3/2-   1/2  35   -0.06    5.73    5.73    0.81    0.90       6.27    6.27   -0.00   -2.97      0.764   0.764  -0.000
   8 1750.9   3/2-  -3/2  36   -0.91    5.84    5.84    1.66    0.89       6.82    6.82   -0.00   -3.15      0.832   0.832  -0.000
   9 1957.8   9/2-   5/2  32    1.01    6.63    6.63    9.53    2.03      13.66   13.66    0.00   -2.43      1.665   1.665   0.000
  10 2097.2   5/2-  -3/2  36   -0.77    6.00    6.00    1.58    1.00       8.20    8.20   -0.00   -2.62      1.000   1.000  -0.000
  
  11 2117.8   9/2-   9/2  28    3.65    7.46    7.46   18.77    3.74      10.61   10.61   -0.00   -3.27      1.294   1.294  -0.000
  12 2302.8   1/2-   1/2  27    0.50    8.20    8.20    0.25    0.55       8.22    8.22   -0.00   -3.99      1.002   1.002  -0.000
  13 2303.6   5/2-  -3/2  30   -1.29   16.52   16.52    2.13    1.41      17.79   17.79   -0.00   -5.20      2.169   2.169  -0.000
  14 2420.3  13/2- -11/2  34   -5.03    2.98    2.98   29.78    4.41      11.47   11.47    0.00   -1.04      1.398   1.398   0.000
  15 2515.8   1/2-   1/2  29    0.50   16.91   16.91    0.25   -0.10      17.50   17.50    0.00   -5.77      2.133   2.133   0.000
  
  16 2677.6   5/2-   1/2  35   -0.10    5.79    5.79    0.90   -0.11      10.95   10.95   -0.00   -2.74      1.335   1.335  -0.000
  17 2691.2  11/2-  -7/2  33   -0.93    6.61    6.61    9.73    2.12      16.69   16.69    0.00   -1.78      2.035   2.035   0.000
  18 2722.2   7/2-   1/2  35    0.05    5.79    5.79    0.74    0.73      11.14   11.14   -0.00   -2.00      1.358   1.358  -0.000
  19 2989.8   7/2-  -3/2  30   -1.38   17.29   17.29    3.27    1.67      20.15   20.15   -0.00   -4.91      2.457   2.457  -0.000
  20 3173.5   5/2-   1/2  27    0.39    8.04    8.04    0.63    0.40      11.53   11.53   -0.00   -3.23      1.406   1.406  -0.000
  
  21 3181.8   7/2-  -3/2  36   -0.84    6.10    6.10    1.77    0.56      12.62   12.62   -0.00   -2.33      1.539   1.539  -0.000
  22 3267.7  11/2-   5/2  32    0.66    6.63    6.63    9.49    1.74      18.83   18.83   -0.00   -2.01      2.296   2.296  -0.000
  23 3531.1  11/2-   9/2  28    3.51    7.39    7.39   19.17    3.10      16.29   16.29   -0.00   -2.70      1.986   1.986  -0.000
  24 3658.4   9/2-  -3/2  30   -1.17   17.46   17.46    3.57    1.98      21.77   21.77   -0.00   -4.34      2.655   2.655  -0.000
  25 3782.6   9/2-  -3/2  36   -0.50    6.27    6.27    1.45    0.85      15.13   15.13   -0.00   -1.77      1.845   1.845  -0.000
  
  26 4119.9  13/2-  -7/2  33   -0.73    6.64    6.64    9.41    1.91      22.42   22.42    0.00   -1.40      2.733   2.733   0.000
  27 4704.6  11/2-  -3/2  30   -1.11   18.72   18.72    4.84    2.31      25.20   25.20   -0.00   -4.01      3.072   3.072  -0.000
  28 4802.6  13/2-   5/2  32    0.28    6.63    6.63    9.28    1.54      24.86   24.86    0.00   -1.67      3.031   3.031   0.000
  29 5188.3  13/2-   9/2  28    3.45    7.32    7.32   19.65    2.66      22.93   22.93   -0.00   -2.32      2.796   2.796  -0.000
  30 5801.3  13/2-  -3/2  30   -1.05   18.23   18.23    4.67    2.22      29.46   29.46   -0.00   -3.34      3.592   3.592  -0.000
  
  31 5987.5   1/2-   1/2  38    0.50   16.84   16.84    0.25    0.33      17.06   17.06   -0.00   -5.76      2.080   2.080  -0.000
  32*******   1/2-  -3/2  30    0.00    0.00    0.00    0.00    0.00       0.00    0.00   -0.00   -0.00      0.000   0.000  -0.000
