1SPECTRUM OF (Z= 82 A=207) IN PARTICLE-ROTOR  MODEL WITH MODIFIED OSCILLATOR POTENTIAL


 PARITY=-   EPS= 0.678   GAMMA=  0.0   EPS4=0.000   EPS6=0.000   LEVELS:  24  25  26  27  28  29  30  31  32  33  34  35  36  37  38

 PAIRING FACTORS: GN0= 19.20  GN1=  7.40  IPAIR= 15 ***  E2PLUS(INPUT)=   0.730  E2PLUR(INPUT)=   0.000

 CORIOLIS ATTENUATION PARAMETERS:  CHSI=1.000  ETA=  1.00

 MOMENT OF INERTIA PARAMETERS:   A1=  0.122 MEV   A2=  0.122 MEV   A3=121.91924 MEV


 DELTA=0.828 MEV  LAMBDA=53.8572 MEV   HW0= 7.9059 MEV   LAMBDA/HW0= 6.8123

 E2ENERGY=0.730 MEV  HBAR**2/B=85234./A**(7/3)=******/A**2 MEV

 IREC=0  =>  RECOIL TERMS j+j-, j+j+, jzjz, ETC TREATED AS ONE-BODY OPERATORS WITH UU+VV PAIRING FACTORS



 S. P. LEVEL   EQP       U     V        (UU + VV)**1.00

     24       4.691    0.089 0.996      1.000 1.000 1.000 0.999 0.999 0.957 0.766 0.486 0.455 0.359 0.266 0.236 0.227 0.200 0.171
     25       4.178    0.100 0.995      1.000 1.000 1.000 1.000 0.999 0.960 0.773 0.496 0.465 0.369 0.277 0.247 0.238 0.211 0.182
     26       3.506    0.119 0.993      1.000 1.000 1.000 1.000 1.000 0.965 0.786 0.513 0.482 0.387 0.295 0.266 0.256 0.230 0.201
     27       3.388    0.123 0.992      0.999 1.000 1.000 1.000 1.000 0.966 0.788 0.516 0.486 0.391 0.299 0.270 0.261 0.234 0.205
     28       3.041    0.137 0.991      0.999 0.999 1.000 1.000 1.000 0.970 0.797 0.529 0.499 0.404 0.313 0.284 0.274 0.248 0.219
     29       1.191    0.375 0.927      0.957 0.960 0.965 0.966 0.970 1.000 0.920 0.720 0.695 0.615 0.535 0.509 0.501 0.477 0.451
     30       0.828    0.708 0.706      0.766 0.773 0.786 0.788 0.797 0.920 1.000 0.934 0.921 0.875 0.823 0.805 0.800 0.783 0.764
     31       1.113    0.913 0.407      0.486 0.496 0.513 0.516 0.529 0.720 0.934 1.000 0.999 0.990 0.972 0.964 0.961 0.953 0.944
     32       1.191    0.927 0.375      0.455 0.465 0.482 0.486 0.499 0.695 0.921 0.999 1.000 0.994 0.979 0.973 0.970 0.963 0.955
     33       1.566    0.961 0.275      0.359 0.369 0.387 0.391 0.404 0.615 0.875 0.990 0.994 1.000 0.995 0.992 0.990 0.986 0.981
     34       2.343    0.984 0.180      0.266 0.277 0.295 0.299 0.313 0.535 0.823 0.972 0.979 0.995 1.000 1.000 0.999 0.998 0.995
     35       2.805    0.989 0.149      0.236 0.247 0.266 0.270 0.284 0.509 0.805 0.964 0.973 0.992 1.000 1.000 1.000 0.999 0.998
     36       2.992    0.990 0.140      0.227 0.238 0.256 0.261 0.274 0.501 0.800 0.961 0.970 0.990 0.999 1.000 1.000 1.000 0.998
     37       3.709    0.994 0.112      0.200 0.211 0.230 0.234 0.248 0.477 0.783 0.953 0.963 0.986 0.998 0.999 1.000 1.000 1.000
     38       5.002    0.997 0.083      0.171 0.182 0.201 0.205 0.219 0.451 0.764 0.944 0.955 0.981 0.995 0.998 0.998 1.000 1.000

  R CORE   ENERGY   A0R/A00=1.000    R3= 0     2  
   2( 1)    0.732                    1.000 0.000
   2( 2)  487.921                    0.000 1.000

  R CORE   ENERGY   A0R/A00=1.000    R3= 0     2  
   3( 1)  488.652                    0.000 1.000

  R CORE   ENERGY   A0R/A00=1.000    R3= 0     2     4  
   4( 1)    2.438                    1.000 0.000 0.000

  R CORE   ENERGY   A0R/A00=1.000    R3= 0     2     4  
   5( 1)  490.847                    0.000 1.000 0.000

  R CORE   ENERGY   A0R/A00=1.000    R3= 0     2     4     6  
   6( 1)    5.121                    1.000 0.000 0.000 0.000

  R CORE   ENERGY   A0R/A00=1.000    R3= 0     2     4     6  
   7( 1)  494.017                    0.000 1.000 0.000 0.000

          AXIAL SYMMETRY => K RESTRICTED TO OMEGA

                     K
     S.P. ORB#: 24 -1.50
     S.P. ORB#: 25  2.50
     S.P. ORB#: 26  0.50
     S.P. ORB#: 27  2.50
     S.P. ORB#: 28  4.50
     S.P. ORB#: 29  0.50
     S.P. ORB#: 30 -1.50
     S.P. ORB#: 31  2.50
     S.P. ORB#: 32 -3.50
     S.P. ORB#: 33 -3.50
     S.P. ORB#: 34 -5.50
     S.P. ORB#: 35  0.50
     S.P. ORB#: 36 -1.50
     S.P. ORB#: 37 -1.50
     S.P. ORB#: 38  0.50
 

             ENERGY    K= OMEGA
 
 I=  1/2- (1)  4.318  26:-0.078
                      35:-0.997
 
 I=  1/2- (2)  5.480  29:-0.994
                      38:-0.113
 
 I=  1/2- (3)  5.493  26: 0.997
                      35:-0.078
 
 I=  1/2- (4)  9.114  29: 0.113
                      38:-0.994
 
 I=  1/2- (5)147.131  30: 1.000

             ENERGY    K= OMEGA
 
 I=  3/2- (1)  4.383  35:-0.841
                      36:-0.538
 
 I=  3/2- (2)  4.616  26: 0.159
                      35:-0.526
                      36: 0.835

             ENERGY    K= OMEGA
 
 I=  5/2- (1)  2.915  24: 0.098
                      31: 0.993
                      36: 0.070
 
 I=  5/2- (2)  4.967  25: 0.057
                      26:-0.260
                      31:-0.058
                      35:-0.507
                      36: 0.817
 
 I=  5/2- (3)  5.355  27: 0.098
                      29:-0.250
                      30: 0.930
                      37: 0.094
                      38:-0.230
 
 I=  5/2- (4)  5.538  26: 0.087
                      35: 0.833
                      36: 0.541
 
 I=  5/2- (5)  6.348  24: 0.226
                      25:-0.159
                      26:-0.928
                      35: 0.195
                      36:-0.156

             ENERGY    K= OMEGA
 
 I=  7/2- (1)  3.432  24: 0.078
                      25: 0.093
                      31:-0.507
                      33:-0.852
 
 I=  7/2- (2)  3.781  24:-0.127
                      25: 0.068
                      31: 0.842
                      33:-0.511
                      36:-0.098
 
 I=  7/2- (3)  5.580  24: 0.101
                      25: 0.053
                      26: 0.075
                      35:-0.864
                      36:-0.484
 
 I=  7/2- (4)  6.048  27:-0.219
                      29:-0.143
                      30: 0.894
                      32:-0.267
                      38: 0.245
 
 I=  7/2- (5)  6.063  25:-0.086
                      26: 0.293
                      31: 0.106
                      35:-0.446
                      36: 0.833

             ENERGY    K= OMEGA
 
 I=  9/2- (1)  4.375  24: 0.116
                      25:-0.129
                      28: 0.072
                      31: 0.580
                      33:-0.790
                      36: 0.059
 
 I=  9/2- (2)  4.855  24: 0.153
                      25: 0.109
                      28:-0.095
                      31: 0.777
                      33: 0.577
                      36: 0.129
 
 I=  9/2- (3)  5.458  28: 0.993
                      33: 0.111
 
 I=  9/2- (4)  6.661  27: 0.253
                      29:-0.286
                      30: 0.811
                      32:-0.293
                      37: 0.089
                      38:-0.320
 
 I=  9/2- (5)  6.665  24: 0.053
                      25:-0.082
                      26: 0.386
                      31: 0.117
                      35: 0.517
                      36:-0.747

             ENERGY    K= OMEGA
 
 I= 11/2- (1)  3.629  28:-0.131
                      34:-0.991
 
 I= 11/2- (2)  5.554  24:-0.150
                      25:-0.156
                      28: 0.082
                      31: 0.615
                      33: 0.749
                      36:-0.070
 
 I= 11/2- (3)  6.152  24:-0.175
                      25: 0.144
                      28:-0.125
                      31: 0.733
                      33:-0.608
                      36:-0.151
 
 I= 11/2- (4)  6.862  28:-0.980
                      33: 0.139
                      34: 0.128
 
 I= 11/2- (5)  7.677  27:-0.316
                      29:-0.488
                      30: 0.611
                      32:-0.380
                      37:-0.222
                      38: 0.307

             ENERGY    K= OMEGA
 
 I= 13/2- (1)  5.152  28:-0.188
                      34: 0.982
 
 I= 13/2- (2)  6.966  24: 0.181
                      25:-0.177
                      28: 0.082
                      31: 0.638
                      33:-0.716
                      36: 0.085
 
 I= 13/2- (3)  7.671  24: 0.190
                      25: 0.178
                      26:-0.080
                      28:-0.136
                      31: 0.690
                      33: 0.628
                      36: 0.187
 
 I= 13/2- (4)  8.516  25:-0.056
                      28:-0.969
                      33:-0.147
                      34:-0.183
 
 I= 13/2- (5)  8.770  27:-0.349
                      29: 0.265
                      30:-0.724
                      32: 0.393
                      37:-0.066
                      38: 0.354

             ENERGY     K= 1/2
  32 LEVELS    TIME=  0.0 SEC



 ******************* EXCITATION ENERGIES, DOMINANT CONFIGURATION AND EXPECTATION VALUES (WITH S.P. UU+VV FACTORS) *******************

  NR  Eex(keV)  I   Kdom  NY    <Jz>  <Jx**2> <Jy**2> <Jz**2> <I.j>/|I|  <Rx**2> <Ry**2> <Rz**2> <R.j>/|R|  <HROTx> <HROTy> <HROTz>

   1    0.0   5/2-   5/2  31    2.44    6.40    6.40    6.19    2.25       7.21    7.21   -0.00   -3.25      0.879   0.879  -0.000
   2  517.2   7/2-  -7/2  33   -1.89    6.52    6.52   10.57    2.96       7.95    7.95    0.00   -2.98      0.969   0.969   0.000
   3  714.6  11/2- -11/2  34   -5.33    2.83    2.83   30.08    5.10       5.23    5.23    0.00   -1.62      0.637   0.637   0.000
   4  866.9   7/2-   5/2  31    0.83    6.44    6.44    7.71    2.04      10.09   10.09    0.00   -2.78      1.230   1.230   0.000
   5 1403.3   1/2-   1/2  35    0.50    5.70    5.70    0.25    0.02       6.19    6.19    0.00   -3.31      0.754   0.754   0.000
  
   6 1460.3   9/2-  -7/2  33   -1.31    6.56    6.56   10.00    2.45      11.74   11.74    0.00   -2.25      1.431   1.431   0.000
   7 1468.1   3/2-   1/2  35   -0.08    5.70    5.70    0.83    0.91       6.23    6.23    0.00   -2.97      0.759   0.759   0.000
   8 1701.0   3/2-  -3/2  36   -0.90    5.78    5.78    1.65    0.86       6.81    6.81    0.00   -3.13      0.831   0.831   0.000
   9 1940.1   9/2-   5/2  31    0.36    6.49    6.49    8.20    1.80      14.02   14.02    0.00   -2.31      1.709   1.709   0.000
  10 2052.6   5/2-  -3/2  36   -0.82    5.88    5.88    1.63    0.98       8.16    8.16    0.00   -2.59      0.995   0.995   0.000
  
  11 2237.1  13/2- -11/2  34   -5.15    2.92    2.92   29.89    4.41      11.42   11.42    0.00   -1.03      1.392   1.392   0.000
  12 2440.3   5/2-  -3/2  30   -1.23   16.45   16.45    2.06    1.52      17.36   17.36    0.00   -5.17      2.116   2.116   0.000
  13 2543.1   9/2-   9/2  28    4.40    7.60    7.60   20.12    4.03       9.99    9.99    0.00   -3.42      1.218   1.218   0.000
  14 2565.0   1/2-   1/2  29    0.50   16.86   16.86    0.25   -0.03      17.39   17.39    0.00   -5.77      2.120   2.120   0.000
  15 2578.4   1/2-   1/2  26    0.50    8.17    8.17    0.25    0.58       8.17    8.17    0.00   -3.98      0.996   0.996   0.000
  
  16 2623.7   5/2-   1/2  35   -0.08    5.73    5.73    0.86   -0.14      10.95   10.95    0.00   -2.72      1.335   1.335   0.000
  17 2639.0  11/2-  -7/2  33   -0.97    6.61    6.61    9.61    2.15      16.43   16.43    0.00   -1.74      2.003   2.003   0.000
  18 2665.6   7/2-   1/2  35    0.02    5.74    5.74    0.76    0.73      11.10   11.10    0.00   -1.98      1.353   1.353   0.000
  19 3133.9   7/2-  -3/2  30   -1.29   17.30   17.30    3.00    1.75      19.73   19.73    0.00   -4.88      2.406   2.406   0.000
  20 3148.7   7/2-  -3/2  36   -0.86    5.97    5.97    1.76    0.53      12.61   12.61    0.00   -2.31      1.538   1.538   0.000
  
  21 3237.3  11/2-   5/2  31    0.09    6.54    6.54    8.47    1.62      18.94   18.94    0.00   -1.92      2.309   2.309   0.000
  22 3433.0   5/2-   1/2  26    0.40    8.08    8.08    0.56    0.42      11.50   11.50    0.00   -3.23      1.402   1.402   0.000
  23 3746.9   9/2-  -3/2  30   -1.05   17.12   17.12    3.00    1.98      21.16   21.16    0.00   -4.21      2.580   2.580   0.000
  24 3750.3   9/2-  -3/2  36   -0.59    6.10    6.10    1.52    0.85      15.02   15.02    0.00   -1.73      1.831   1.831   0.000
  25 3947.9  11/2-   9/2  28    4.17    7.51    7.51   20.20    3.29      15.84   15.84    0.00   -2.77      1.931   1.931   0.000
  
  26 4051.2  13/2-  -7/2  33   -0.73    6.65    6.65    9.27    1.95      22.04   22.04    0.00   -1.35      2.688   2.688   0.000
  27 4756.1  13/2-   5/2  31   -0.14    6.58    6.58    8.58    1.50      24.74   24.74    0.00   -1.60      3.016   3.016   0.000
  28 4762.1  11/2-  -3/2  30   -0.72   18.44   18.44    3.43    2.30      24.27   24.27    0.00   -3.81      2.959   2.959   0.000
  29 5601.9  13/2-   9/2  28    3.98    7.43    7.43   20.32    2.76      22.68   22.68    0.00   -2.36      2.765   2.765   0.000
  30 5856.0  13/2-  -3/2  30   -0.93   17.76   17.76    3.89    2.19      28.76   28.76    0.00   -3.18      3.506   3.506   0.000
  
  31 6199.0   1/2-   1/2  38    0.50   16.81   16.81    0.25    0.29      17.06   17.06    0.00   -5.76      2.080   2.080   0.000
  32*******   1/2-  -3/2  30    0.00    0.00    0.00    0.00    0.00       0.00    0.00    0.00   -0.00      0.000   0.000   0.000
