1SPECTRUM OF (Z= 82 A=207) IN PARTICLE-ROTOR  MODEL WITH MODIFIED OSCILLATOR POTENTIAL


 PARITY=-   EPS= 0.669   GAMMA=  0.0   EPS4=0.000   EPS6=0.000   LEVELS:  24  25  26  27  28  29  30  31  32  33  34  35  36  37  38

 PAIRING FACTORS: GN0= 19.20  GN1=  7.40  IPAIR= 15 ***  E2PLUS(INPUT)=   0.730  E2PLUR(INPUT)=   0.000

 CORIOLIS ATTENUATION PARAMETERS:  CHSI=1.000  ETA=  1.00

 MOMENT OF INERTIA PARAMETERS:   A1=  0.122 MEV   A2=  0.122 MEV   A3=121.91924 MEV


 DELTA=0.841 MEV  LAMBDA=53.8545 MEV   HW0= 7.8901 MEV   LAMBDA/HW0= 6.8256

 E2ENERGY=0.730 MEV  HBAR**2/B=82986./A**(7/3)=******/A**2 MEV

 IREC=0  =>  RECOIL TERMS j+j-, j+j+, jzjz, ETC TREATED AS ONE-BODY OPERATORS WITH UU+VV PAIRING FACTORS



 S. P. LEVEL   EQP       U     V        (UU + VV)**1.00

     24       4.762    0.089 0.996      1.000 1.000 1.000 0.999 0.999 0.947 0.733 0.537 0.461 0.388 0.288 0.247 0.236 0.201 0.172
     25       4.248    0.100 0.995      1.000 1.000 1.000 1.000 0.999 0.951 0.740 0.547 0.470 0.398 0.298 0.257 0.247 0.212 0.183
     26       3.574    0.119 0.993      1.000 1.000 1.000 1.000 1.000 0.956 0.753 0.562 0.487 0.416 0.316 0.276 0.265 0.231 0.202
     27       3.323    0.128 0.992      0.999 1.000 1.000 1.000 1.000 0.959 0.759 0.570 0.495 0.424 0.325 0.284 0.274 0.240 0.211
     28       3.195    0.133 0.991      0.999 0.999 1.000 1.000 1.000 0.960 0.763 0.574 0.500 0.429 0.330 0.289 0.279 0.245 0.216
     29       1.139    0.403 0.915      0.947 0.951 0.956 0.959 0.960 1.000 0.912 0.779 0.721 0.663 0.580 0.544 0.535 0.505 0.479
     30       0.846    0.743 0.670      0.733 0.740 0.753 0.759 0.763 0.912 1.000 0.968 0.941 0.911 0.862 0.840 0.834 0.814 0.796
     31       1.029    0.888 0.460      0.537 0.547 0.562 0.570 0.574 0.779 0.968 1.000 0.996 0.986 0.962 0.950 0.946 0.934 0.923
     32       1.196    0.925 0.380      0.461 0.470 0.487 0.495 0.500 0.721 0.941 0.996 1.000 0.997 0.983 0.974 0.971 0.962 0.954
     33       1.448    0.952 0.305      0.388 0.398 0.416 0.424 0.429 0.663 0.911 0.986 0.997 1.000 0.994 0.989 0.987 0.981 0.975
     34       2.129    0.979 0.202      0.288 0.298 0.316 0.325 0.330 0.580 0.862 0.962 0.983 0.994 1.000 0.999 0.999 0.996 0.993
     35       2.667    0.987 0.160      0.247 0.257 0.276 0.284 0.289 0.544 0.840 0.950 0.974 0.989 0.999 1.000 1.000 0.999 0.997
     36       2.853    0.989 0.149      0.236 0.247 0.265 0.274 0.279 0.535 0.834 0.946 0.971 0.987 0.999 1.000 1.000 0.999 0.998
     37       3.721    0.994 0.114      0.201 0.212 0.231 0.240 0.245 0.505 0.814 0.934 0.962 0.981 0.996 0.999 0.999 1.000 1.000
     38       5.012    0.996 0.084      0.172 0.183 0.202 0.211 0.216 0.479 0.796 0.923 0.954 0.975 0.993 0.997 0.998 1.000 1.000

  R CORE   ENERGY   A0R/A00=1.000    R3= 0     2  
   2( 1)    0.732                    1.000 0.000
   2( 2)  487.921                    0.000 1.000

  R CORE   ENERGY   A0R/A00=1.000    R3= 0     2  
   3( 1)  488.652                    0.000 1.000

  R CORE   ENERGY   A0R/A00=1.000    R3= 0     2     4  
   4( 1)    2.438                    1.000 0.000 0.000

  R CORE   ENERGY   A0R/A00=1.000    R3= 0     2     4  
   5( 1)  490.847                    0.000 1.000 0.000

  R CORE   ENERGY   A0R/A00=1.000    R3= 0     2     4     6  
   6( 1)    5.121                    1.000 0.000 0.000 0.000

  R CORE   ENERGY   A0R/A00=1.000    R3= 0     2     4     6  
   7( 1)  494.017                    0.000 1.000 0.000 0.000

          AXIAL SYMMETRY => K RESTRICTED TO OMEGA

                     K
     S.P. ORB#: 24 -1.50
     S.P. ORB#: 25  2.50
     S.P. ORB#: 26  0.50
     S.P. ORB#: 27  2.50
     S.P. ORB#: 28  4.50
     S.P. ORB#: 29  0.50
     S.P. ORB#: 30 -1.50
     S.P. ORB#: 31  2.50
     S.P. ORB#: 32 -3.50
     S.P. ORB#: 33 -3.50
     S.P. ORB#: 34 -5.50
     S.P. ORB#: 35  0.50
     S.P. ORB#: 36 -1.50
     S.P. ORB#: 37 -1.50
     S.P. ORB#: 38  0.50
 

             ENERGY    K= OMEGA
 
 I=  1/2- (1)  4.176  26:-0.069
                      35:-0.998
 
 I=  1/2- (2)  5.416  29:-0.993
                      38:-0.116
 
 I=  1/2- (3)  5.553  26: 0.998
                      35:-0.069
 
 I=  1/2- (4)  9.121  29:-0.116
                      38: 0.993
 
 I=  1/2- (5)147.149  30:-1.000

             ENERGY    K= OMEGA
 
 I=  3/2- (1)  4.240  35:-0.837
                      36:-0.544
 
 I=  3/2- (2)  4.476  26: 0.146
                      35:-0.534
                      36: 0.833

             ENERGY    K= OMEGA
 
 I=  5/2- (1)  2.820  24: 0.105
                      31: 0.992
                      36: 0.070
 
 I=  5/2- (2)  4.829  25:-0.053
                      26: 0.236
                      31: 0.057
                      35: 0.511
                      36:-0.822
 
 I=  5/2- (3)  5.340  27:-0.094
                      29: 0.286
                      30:-0.916
                      37:-0.107
                      38: 0.244
 
 I=  5/2- (4)  5.397  26:-0.074
                      35:-0.837
                      36:-0.537
 
 I=  5/2- (5)  6.316  27: 0.066
                      29: 0.893
                      30: 0.334
                      37:-0.273
                      38: 0.111

             ENERGY    K= OMEGA
 
 I=  7/2- (1)  3.311  24:-0.079
                      25:-0.097
                      31: 0.486
                      33: 0.864
 
 I=  7/2- (2)  3.671  24: 0.138
                      25:-0.067
                      31:-0.852
                      33: 0.490
                      36: 0.098
 
 I=  7/2- (3)  5.438  24:-0.096
                      26:-0.068
                      35: 0.861
                      36: 0.492
 
 I=  7/2- (4)  5.931  25:-0.079
                      26: 0.272
                      31: 0.106
                      35:-0.459
                      36: 0.834
 
 I=  7/2- (5)  6.031  27: 0.210
                      29: 0.307
                      30:-0.848
                      32: 0.251
                      37: 0.088
                      38:-0.269

             ENERGY    K= OMEGA
 
 I=  9/2- (1)  4.247  24:-0.121
                      25: 0.134
                      28:-0.060
                      31:-0.569
                      33: 0.798
                      36:-0.055
 
 I=  9/2- (2)  4.733  24: 0.164
                      25: 0.111
                      28:-0.067
                      31: 0.783
                      33: 0.570
                      36: 0.129
 
 I=  9/2- (3)  5.610  28: 0.996
                      33: 0.086
 
 I=  9/2- (4)  6.530  24:-0.060
                      25: 0.078
                      26:-0.356
                      31:-0.112
                      35:-0.525
                      36: 0.757
 
 I=  9/2- (5)  6.613  27: 0.237
                      29:-0.326
                      30: 0.800
                      32:-0.268
                      37: 0.109
                      38:-0.337

             ENERGY    K= OMEGA
 
 I= 11/2- (1)  3.415  28:-0.123
                      34:-0.992
 
 I= 11/2- (2)  5.416  24:-0.158
                      25:-0.161
                      28: 0.071
                      31: 0.611
                      33: 0.752
                      36:-0.066
 
 I= 11/2- (3)  6.019  24:-0.187
                      25: 0.148
                      28:-0.093
                      31: 0.734
                      33:-0.609
                      36:-0.149
 
 I= 11/2- (4)  7.013  28:-0.985
                      33: 0.110
                      34: 0.122
 
 I= 11/2- (5)  7.590  27:-0.279
                      29:-0.586
                      30: 0.550
                      32:-0.322
                      37:-0.268
                      38: 0.318

             ENERGY    K= OMEGA
 
 I= 13/2- (1)  4.938  28: 0.178
                      34:-0.984
 
 I= 13/2- (2)  6.816  24: 0.191
                      25:-0.182
                      28: 0.072
                      31: 0.636
                      33:-0.715
                      36: 0.080
 
 I= 13/2- (3)  7.526  24: 0.201
                      25: 0.183
                      26:-0.077
                      28:-0.106
                      31: 0.688
                      33: 0.633
                      36: 0.184
 
 I= 13/2- (4)  8.666  25: 0.052
                      28: 0.975
                      33: 0.117
                      34: 0.174
 
 I= 13/2- (5)  8.698  27:-0.328
                      29: 0.305
                      30:-0.721
                      32: 0.362
                      37:-0.090
                      38: 0.375

             ENERGY     K= 1/2
  32 LEVELS    TIME=  0.0 SEC



 ******************* EXCITATION ENERGIES, DOMINANT CONFIGURATION AND EXPECTATION VALUES (WITH S.P. UU+VV FACTORS) *******************

  NR  Eex(keV)  I   Kdom  NY    <Jz>  <Jx**2> <Jy**2> <Jz**2> <I.j>/|I|  <Rx**2> <Ry**2> <Rz**2> <R.j>/|R|  <HROTx> <HROTy> <HROTz>

   1    0.0   5/2-   5/2  31    2.44    6.39    6.39    6.19    2.27       7.14    7.14   -0.00   -3.24      0.870   0.870  -0.000
   2  491.3   7/2-  -7/2  33   -2.01    6.52    6.52   10.70    3.00       7.84    7.84    0.00   -2.99      0.956   0.956   0.000
   3  595.7  11/2- -11/2  34   -5.35    2.82    2.82   30.10    5.11       5.21    5.21    0.00   -1.61      0.635   0.635   0.000
   4  851.3   7/2-   5/2  31    0.95    6.44    6.44    7.57    2.04      10.00   10.00   -0.00   -2.76      1.219   1.219  -0.000
   5 1355.9   1/2-   1/2  35    0.50    5.68    5.68    0.25    0.02       6.17    6.17    0.00   -3.30      0.752   0.752   0.000
  
   6 1420.3   3/2-   1/2  35   -0.10    5.68    5.68    0.85    0.92       6.20    6.20    0.00   -2.96      0.756   0.756   0.000
   7 1427.6   9/2-  -7/2  33   -1.38    6.57    6.57   10.05    2.49      11.59   11.59    0.00   -2.24      1.413   1.413   0.000
   8 1656.5   3/2-  -3/2  36   -0.89    5.75    5.75    1.64    0.84       6.81    6.81    0.00   -3.12      0.830   0.830   0.000
   9 1913.3   9/2-   5/2  31    0.38    6.48    6.48    8.08    1.81      13.88   13.88    0.00   -2.28      1.692   1.692   0.000
  10 2008.7   5/2-  -3/2  36   -0.84    5.83    5.83    1.64    0.98       8.13    8.13    0.00   -2.58      0.992   0.992   0.000
  
  11 2118.2  13/2- -11/2  34   -5.18    2.90    2.90   29.93    4.42      11.38   11.38    0.00   -1.02      1.388   1.388   0.000
  12 2519.8   5/2-  -3/2  30   -1.18   16.41   16.41    2.00    1.59      17.09   17.09    0.00   -5.15      2.084   2.084   0.000
  13 2577.3   5/2-   1/2  35   -0.07    5.71    5.71    0.85   -0.15      10.94   10.94    0.00   -2.72      1.334   1.334   0.000
  14 2595.9   1/2-   1/2  29    0.50   16.83   16.83    0.25    0.01      17.32   17.32    0.00   -5.76      2.112   2.112   0.000
  15 2596.0  11/2-  -7/2  33   -1.00    6.61    6.61    9.59    2.19      16.20   16.20   -0.00   -1.71      1.976   1.976  -0.000
  
  16 2617.9   7/2-   1/2  35    0.00    5.72    5.72    0.77    0.73      11.07   11.07    0.00   -1.98      1.350   1.350   0.000
  17 2733.4   1/2-   1/2  26    0.50    8.15    8.15    0.25    0.59       8.14    8.14   -0.00   -3.97      0.992   0.992  -0.000
  18 2790.2   9/2-   9/2  28    4.44    7.61    7.61   20.18    4.04       9.96    9.96   -0.00   -3.42      1.214   1.214  -0.000
  19 3111.3   7/2-  -3/2  36   -0.86    5.92    5.92    1.76    0.52      12.61   12.61    0.00   -2.30      1.537   1.537   0.000
  20 3198.8  11/2-   5/2  31    0.05    6.53    6.53    8.36    1.65      18.73   18.73    0.00   -1.89      2.284   2.284   0.000
  
  21 3211.4   7/2-  -3/2  30   -1.12   17.45   17.45    2.73    1.86      19.29   19.29    0.00   -4.87      2.351   2.351   0.000
  22 3496.5   5/2-   1/2  29    0.14   17.06   17.06    0.65    0.48      20.34   20.34    0.00   -5.23      2.480   2.480   0.000
  23 3710.4   9/2-  -3/2  36   -0.62    6.03    6.03    1.54    0.85      14.96   14.96    0.00   -1.72      1.824   1.824   0.000
  24 3793.5   9/2-  -3/2  30   -0.98   16.96   16.96    2.75    2.00      20.77   20.77    0.00   -4.15      2.532   2.532   0.000
  25 3996.0  13/2-  -7/2  33   -0.74    6.66    6.66    9.23    1.99      21.74   21.74    0.00   -1.31      2.651   2.651   0.000
  
  26 4193.4  11/2-   9/2  28    4.25    7.53    7.53   20.27    3.30      15.81   15.81   -0.00   -2.77      1.927   1.927  -0.000
  27 4706.3  13/2-   5/2  31   -0.19    6.57    6.57    8.49    1.54      24.48   24.48   -0.00   -1.56      2.984   2.984  -0.000
  28 4770.4  11/2-   1/2  29   -0.51   18.30   18.30    2.71    2.31      23.74   23.74   -0.00   -3.70      2.894   2.894  -0.000
  29 5846.5  13/2-   9/2  28    4.07    7.45    7.45   20.36    2.77      22.66   22.66   -0.00   -2.36      2.763   2.763  -0.000
  30 5878.4  13/2-  -3/2  30   -0.86   17.53   17.53    3.52    2.20      28.31   28.31    0.00   -3.09      3.451   3.451   0.000
  
  31 6300.8   1/2-   1/2  38    0.50   16.80   16.80    0.25    0.27      17.06   17.06   -0.00   -5.75      2.080   2.080  -0.000
  32*******   1/2-  -3/2  30    0.00    0.00    0.00    0.00    0.00       0.00    0.00   -0.00   -0.00      0.000   0.000  -0.000
