1SPECTRUM OF (Z= 82 A=207) IN PARTICLE-ROTOR  MODEL WITH MODIFIED OSCILLATOR POTENTIAL


 PARITY=-   EPS= 0.639   GAMMA=  0.0   EPS4=0.000   EPS6=0.000   LEVELS:  24  25  26  27  28  29  30  31  32  33  34  35  36  37  38

 PAIRING FACTORS: GN0= 19.20  GN1=  7.40  IPAIR= 15 ***  E2PLUS(INPUT)=   0.730  E2PLUR(INPUT)=   0.000

 CORIOLIS ATTENUATION PARAMETERS:  CHSI=1.000  ETA=  1.00

 MOMENT OF INERTIA PARAMETERS:   A1=  0.122 MEV   A2=  0.122 MEV   A3=121.91924 MEV


 DELTA=0.872 MEV  LAMBDA=53.8118 MEV   HW0= 7.8402 MEV   LAMBDA/HW0= 6.8636

 E2ENERGY=0.730 MEV  HBAR**2/B=75710./A**(7/3)=******/A**2 MEV

 IREC=0  =>  RECOIL TERMS j+j-, j+j+, jzjz, ETC TREATED AS ONE-BODY OPERATORS WITH UU+VV PAIRING FACTORS



 S. P. LEVEL   EQP       U     V        (UU + VV)**1.00

     24       4.428    0.099 0.995      1.000 1.000 1.000 1.000 0.999 0.897 0.720 0.615 0.511 0.471 0.397 0.293 0.278 0.213 0.185
     25       4.283    0.102 0.995      1.000 1.000 1.000 1.000 0.999 0.898 0.723 0.618 0.514 0.474 0.400 0.296 0.281 0.216 0.188
     26       3.747    0.117 0.993      1.000 1.000 1.000 1.000 1.000 0.905 0.733 0.629 0.527 0.487 0.414 0.310 0.295 0.231 0.203
     27       3.655    0.120 0.993      1.000 1.000 1.000 1.000 1.000 0.906 0.735 0.632 0.529 0.490 0.417 0.313 0.298 0.234 0.205
     28       3.063    0.144 0.990      0.999 0.999 1.000 1.000 1.000 0.916 0.751 0.650 0.549 0.511 0.438 0.336 0.321 0.257 0.229
     29       0.971    0.529 0.849      0.897 0.898 0.905 0.906 0.916 1.000 0.953 0.900 0.839 0.813 0.762 0.686 0.674 0.623 0.600
     30       0.884    0.761 0.648      0.720 0.723 0.733 0.735 0.751 0.953 1.000 0.990 0.964 0.951 0.923 0.874 0.866 0.831 0.815
     31       0.966    0.846 0.534      0.615 0.618 0.629 0.632 0.650 0.900 0.990 1.000 0.992 0.985 0.968 0.934 0.928 0.902 0.889
     32       1.137    0.906 0.423      0.511 0.514 0.527 0.529 0.549 0.839 0.964 0.992 1.000 0.999 0.992 0.971 0.968 0.949 0.939
     33       1.236    0.924 0.382      0.471 0.474 0.487 0.490 0.511 0.813 0.951 0.985 0.999 1.000 0.997 0.981 0.978 0.962 0.954
     34       1.505    0.953 0.304      0.397 0.400 0.414 0.417 0.438 0.762 0.923 0.968 0.992 0.997 1.000 0.994 0.992 0.981 0.975
     35       2.263    0.980 0.197      0.293 0.296 0.310 0.313 0.336 0.686 0.874 0.934 0.971 0.981 0.994 1.000 1.000 0.997 0.994
     36       2.445    0.983 0.181      0.278 0.281 0.295 0.298 0.321 0.674 0.866 0.928 0.968 0.978 0.992 1.000 1.000 0.998 0.995
     37       3.806    0.993 0.115      0.213 0.216 0.231 0.234 0.257 0.623 0.831 0.902 0.949 0.962 0.981 0.997 0.998 1.000 1.000
     38       5.070    0.996 0.086      0.185 0.188 0.203 0.205 0.229 0.600 0.815 0.889 0.939 0.954 0.975 0.994 0.995 1.000 1.000

  R CORE   ENERGY   A0R/A00=1.000    R3= 0     2  
   2( 1)    0.732                    1.000 0.000
   2( 2)  487.921                    0.000 1.000

  R CORE   ENERGY   A0R/A00=1.000    R3= 0     2  
   3( 1)  488.652                    0.000 1.000

  R CORE   ENERGY   A0R/A00=1.000    R3= 0     2     4  
   4( 1)    2.438                    1.000 0.000 0.000

  R CORE   ENERGY   A0R/A00=1.000    R3= 0     2     4  
   5( 1)  490.847                    0.000 1.000 0.000

  R CORE   ENERGY   A0R/A00=1.000    R3= 0     2     4     6  
   6( 1)    5.121                    1.000 0.000 0.000 0.000

  R CORE   ENERGY   A0R/A00=1.000    R3= 0     2     4     6  
   7( 1)  494.017                    0.000 1.000 0.000 0.000

          AXIAL SYMMETRY => K RESTRICTED TO OMEGA

                     K
     S.P. ORB#: 24  2.50
     S.P. ORB#: 25  0.50
     S.P. ORB#: 26  0.50
     S.P. ORB#: 27  4.50
     S.P. ORB#: 28  2.50
     S.P. ORB#: 29  0.50
     S.P. ORB#: 30  2.50
     S.P. ORB#: 31 -1.50
     S.P. ORB#: 32 -3.50
     S.P. ORB#: 33 -3.50
     S.P. ORB#: 34 -5.50
     S.P. ORB#: 35  0.50
     S.P. ORB#: 36 -1.50
     S.P. ORB#: 37 -1.50
     S.P. ORB#: 38  4.50
 

             ENERGY    K= OMEGA
 
 I=  1/2- (1)  3.755  26:-0.052
                      35:-0.999
 
 I=  1/2- (2)  4.871  25: 0.347
                      29:-0.938
 
 I=  1/2- (3)  5.702  26: 0.999
                      35:-0.052
 
 I=  1/2- (4)  8.165  25: 0.938
                      29: 0.347
 
 I=  1/2- (5)147.269  31: 1.000

             ENERGY    K= OMEGA
 
 I=  3/2- (1)  3.825  35:-0.821
                      36:-0.570
 
 I=  3/2- (2)  4.063  26: 0.121
                      35:-0.564
                      36: 0.817

             ENERGY    K= OMEGA
 
 I=  5/2- (1)  2.722  30: 0.997
                      36: 0.076
 
 I=  5/2- (2)  4.412  26: 0.198
                      30: 0.070
                      35: 0.513
                      36:-0.831
 
 I=  5/2- (3)  4.701  25: 0.466
                      29:-0.689
                      31: 0.515
                      37: 0.204
 
 I=  5/2- (4)  4.983  26: 0.062
                      35: 0.844
                      36: 0.531
 
 I=  5/2- (5)  5.943  25:-0.085
                      28: 0.108
                      29: 0.527
                      31: 0.828
                      37:-0.135

             ENERGY    K= OMEGA
 
 I=  7/2- (1)  3.015  24:-0.123
                      30: 0.264
                      32: 0.956
 
 I=  7/2- (2)  3.600  24: 0.061
                      30: 0.956
                      32:-0.258
                      36:-0.121
 
 I=  7/2- (3)  5.048  30: 0.079
                      35: 0.849
                      36: 0.519
 
 I=  7/2- (4)  5.515  25:-0.383
                      28:-0.079
                      29:-0.797
                      31: 0.373
                      33:-0.058
                      37:-0.264
 
 I=  7/2- (5)  5.529  24:-0.067
                      26: 0.233
                      30: 0.094
                      35:-0.503
                      36: 0.824

             ENERGY    K= OMEGA
 
 I=  9/2- (1)  3.967  24:-0.177
                      27: 0.055
                      30: 0.311
                      32:-0.932
 
 I=  9/2- (2)  4.704  24:-0.094
                      30:-0.934
                      32:-0.296
                      36:-0.171
 
 I=  9/2- (3)  5.460  25:-0.522
                      28:-0.066
                      29: 0.661
                      31:-0.469
                      33: 0.065
                      37:-0.247
 
 I=  9/2- (4)  6.069  27: 0.993
                      32: 0.052
                      35:-0.053
                      36: 0.084
 
 I=  9/2- (5)  6.129  24: 0.054
                      26:-0.313
                      27:-0.103
                      30:-0.160
                      32:-0.055
                      35:-0.528
                      36: 0.762

             ENERGY    K= OMEGA
 
 I= 11/2- (1)  2.780  27: 0.119
                      34: 0.993
 
 I= 11/2- (2)  5.152  24:-0.220
                      27: 0.071
                      30: 0.327
                      32: 0.916
 
 I= 11/2- (3)  6.040  24: 0.121
                      30: 0.919
                      32:-0.299
                      35:-0.053
                      36:-0.214
 
 I= 11/2- (4)  6.441  25:-0.241
                      28:-0.304
                      29:-0.359
                      31: 0.251
                      33:-0.678
                      37:-0.154
                      38:-0.418
 
 I= 11/2- (5)  6.718  25:-0.383
                      28: 0.110
                      29:-0.681
                      31: 0.230
                      33: 0.423
                      37:-0.266
                      38: 0.275

             ENERGY    K= OMEGA
 
 I= 13/2- (1)  4.288  27: 0.172
                      34:-0.985
 
 I= 13/2- (2)  6.571  24:-0.257
                      27: 0.079
                      30: 0.329
                      32:-0.905
 
 I= 13/2- (3)  7.032  25:-0.327
                      28:-0.280
                      29: 0.361
                      31:-0.319
                      33: 0.625
                      37:-0.134
                      38:-0.417
 
 I= 13/2- (4)  7.228  25:-0.444
                      28: 0.158
                      29: 0.544
                      31:-0.310
                      33:-0.471
                      37:-0.244
                      38: 0.324
 
 I= 13/2- (5)  7.596  24:-0.144
                      26: 0.078
                      30:-0.897
                      32:-0.285
                      35: 0.083
                      36:-0.280

             ENERGY     K= 9/2
  32 LEVELS    TIME=  0.0 SEC



 ******************* EXCITATION ENERGIES, DOMINANT CONFIGURATION AND EXPECTATION VALUES (WITH S.P. UU+VV FACTORS) *******************

  NR  Eex(keV)  I   Kdom  NY    <Jz>  <Jx**2> <Jy**2> <Jz**2> <I.j>/|I|  <Rx**2> <Ry**2> <Rz**2> <R.j>/|R|  <HROTx> <HROTy> <HROTz>

   1    0.0   5/2-   5/2  30    2.48    6.32    6.32    6.23    2.13       7.50    7.50    0.00   -3.24      0.914   0.914   0.000
   2   57.8  11/2- -11/2  34   -5.36    2.82    2.82   30.11    5.13       5.10    5.10    0.00   -1.60      0.622   0.622   0.000
   3  293.0   7/2-  -7/2  32   -2.99    6.52    6.52   11.74    3.20       7.57    7.57    0.00   -3.10      0.923   0.923   0.000
   4  878.2   7/2-   5/2  30    2.04    6.31    6.31    6.59    1.65      10.92   10.92    0.00   -2.71      1.331   1.331   0.000
   5 1033.5   1/2-   1/2  35    0.50    5.62    5.62    0.25    0.02       6.10    6.10   -0.00   -3.28      0.744   0.744  -0.000
  
   6 1102.8   3/2-   1/2  35   -0.15    5.62    5.62    0.90    0.92       6.16    6.16    0.00   -2.95      0.751   0.751   0.000
   7 1245.0   9/2-  -7/2  32   -2.71    6.57    6.57   11.50    2.70      11.25   11.25    0.00   -2.36      1.372   1.372   0.000
   8 1341.6   3/2-  -3/2  36   -0.83    5.66    5.66    1.58    0.79       6.80    6.80    0.00   -3.09      0.829   0.829   0.000
   9 1566.7  13/2- -11/2  34   -5.20    2.89    2.89   29.95    4.45      11.16   11.16    0.00   -0.98      1.360   1.360   0.000
  10 1690.7   5/2-  -3/2  36   -0.87    5.74    5.74    1.67    0.97       8.07    8.07    0.00   -2.56      0.984   0.984   0.000
  
  11 1979.2   5/2-   1/2  29   -0.11   14.49   14.49    0.87    2.52      11.85   11.85    0.00   -4.60      1.445   1.445   0.000
  12 1982.6   9/2-   5/2  30    1.86    6.30    6.30    6.65    1.36      15.24   15.24   -0.00   -2.26      1.858   1.858  -0.000
  13 2149.2   1/2-   1/2  29    0.50   15.00   15.00    0.25    1.32      14.36   14.36    0.00   -5.43      1.751   1.751   0.000
  14 2261.5   5/2-   1/2  35   -0.06    5.63    5.63    0.83   -0.17      10.92   10.92    0.00   -2.69      1.331   1.331   0.000
  15 2326.2   7/2-   1/2  35   -0.02    5.63    5.63    0.84    0.68      11.23   11.23    0.00   -1.99      1.370   1.370   0.000
  
  16 2430.2  11/2-  -7/2  32   -2.53    6.62    6.62   11.36    2.39      15.87   15.87    0.00   -1.83      1.935   1.935   0.000
  17 2738.5   9/2-   1/2  29   -0.07   14.26   14.26    0.91    2.64      13.95   13.95    0.00   -3.08      1.701   1.701   0.000
  18 2793.6   7/2-   1/2  29    0.08   18.27   18.27    0.75    2.71      15.78   15.78    0.00   -4.73      1.924   1.924   0.000
  19 2807.5   7/2-  -3/2  36   -0.83    5.79    5.79    1.70    0.49      12.57   12.57    0.00   -2.26      1.533   1.533   0.000
  20 2980.4   1/2-   1/2  26    0.50    8.07    8.07    0.25    0.61       8.03    8.03    0.00   -3.95      0.980   0.980   0.000
  
  21 3221.3   5/2-  -3/2  31   -0.88   16.75   16.75    1.73    0.67      19.99   19.99    0.00   -5.26      2.438   2.438   0.000
  22 3318.5  11/2-   5/2  30    1.78    6.29    6.29    6.60    1.16      20.51   20.51   -0.00   -1.91      2.500   2.500  -0.000
  23 3347.5   9/2-   9/2  27    4.42    7.60    7.60   20.01    4.02       9.98    9.98   -0.00   -3.40      1.217   1.217  -0.000
  24 3407.0   9/2-  -3/2  36   -0.57    5.93    5.93    1.83    0.87      14.90   14.90    0.00   -1.72      1.816   1.816   0.000
  25 3719.3  11/2-  -7/2  33   -0.63   20.38   20.38    9.99    4.37      17.15   17.15    0.00   -4.21      2.091   2.091   0.000
  
  26 3849.4  13/2-  -7/2  32   -2.41    6.67    6.67   11.27    2.18      21.44   21.44    0.00   -1.43      2.614   2.614   0.000
  27 3995.9  11/2-   1/2  29   -0.14   19.08   19.08    4.22    3.33      19.18   19.18    0.00   -3.63      2.339   2.339   0.000
  28 4310.3  13/2-  -7/2  33   -0.45   18.66   18.66    9.12    4.07      19.18   19.18    0.00   -2.91      2.338   2.338   0.000
  29 4506.3  13/2-   1/2  29   -0.23   16.53   16.53    5.47    3.37      20.08   20.08    0.00   -2.36      2.448   2.448   0.000
  30 4874.0  13/2-   5/2  30    1.68    6.28    6.28    6.38    1.05      26.51   26.51    0.00   -1.59      3.232   3.232   0.000
  
  31 5442.7   1/2-   1/2  25    0.50   15.94   15.94    0.25   -1.28      17.55   17.55    0.00   -5.61      2.140   2.140   0.000
  32*******   1/2-  -3/2  31    0.00    0.00    0.00    0.00    0.00       0.00    0.00    0.00   -0.00      0.000   0.000   0.000
