1SPECTRUM OF (Z= 82 A=207) IN PARTICLE-ROTOR  MODEL WITH MODIFIED OSCILLATOR POTENTIAL


 PARITY=-   EPS= 0.495   GAMMA=  0.0   EPS4=0.000   EPS6=0.000   LEVELS:  24  25  26  27  28  29  30  31  32  33  34  35  36  37  38

 PAIRING FACTORS: GN0= 19.20  GN1=  7.40  IPAIR= 15 ***  E2PLUS(INPUT)=   0.730  E2PLUR(INPUT)=   0.000

 CORIOLIS ATTENUATION PARAMETERS:  CHSI=1.000  ETA=  1.00

 MOMENT OF INERTIA PARAMETERS:   A1=  0.122 MEV   A2=  0.122 MEV   A3=121.91922 MEV


 DELTA=0.850 MEV  LAMBDA=53.4180 MEV   HW0= 7.6494 MEV   LAMBDA/HW0= 6.9833

 E2ENERGY=0.730 MEV  HBAR**2/B=45432./A**(7/3)=7680.2/A**2 MEV

 IREC=0  =>  RECOIL TERMS j+j-, j+j+, jzjz, ETC TREATED AS ONE-BODY OPERATORS WITH UU+VV PAIRING FACTORS



 S. P. LEVEL   EQP       U     V        (UU + VV)**1.00

     24       4.778    0.089 0.996      1.000 1.000 1.000 0.989 0.985 0.977 0.965 0.956 0.560 0.496 0.345 0.316 0.259 0.245 0.218
     25       4.042    0.106 0.994      1.000 1.000 1.000 0.991 0.988 0.981 0.969 0.961 0.574 0.511 0.361 0.331 0.275 0.261 0.234
     26       3.636    0.118 0.993      1.000 1.000 1.000 0.993 0.990 0.983 0.972 0.964 0.584 0.521 0.372 0.343 0.287 0.273 0.245
     27       1.864    0.234 0.972      0.989 0.991 0.993 1.000 1.000 0.998 0.993 0.989 0.676 0.618 0.479 0.452 0.398 0.385 0.359
     28       1.693    0.260 0.966      0.985 0.988 0.990 1.000 1.000 0.999 0.996 0.992 0.695 0.639 0.502 0.475 0.422 0.409 0.383
     29       1.489    0.299 0.954      0.977 0.981 0.983 0.998 0.999 1.000 0.999 0.997 0.724 0.670 0.537 0.510 0.459 0.446 0.420
     30       1.306    0.347 0.938      0.965 0.969 0.972 0.993 0.996 0.999 1.000 0.999 0.758 0.706 0.579 0.553 0.503 0.490 0.466
     31       1.215    0.378 0.926      0.956 0.961 0.964 0.989 0.992 0.997 0.999 1.000 0.779 0.729 0.606 0.580 0.531 0.519 0.495
     32       1.003    0.875 0.484      0.560 0.574 0.584 0.676 0.695 0.724 0.758 0.779 1.000 0.997 0.971 0.963 0.945 0.940 0.930
     33       1.121    0.909 0.417      0.496 0.511 0.521 0.618 0.639 0.670 0.706 0.729 0.997 1.000 0.986 0.980 0.967 0.963 0.955
     34       1.691    0.966 0.260      0.345 0.361 0.372 0.479 0.502 0.537 0.579 0.606 0.971 0.986 1.000 1.000 0.996 0.994 0.991
     35       1.899    0.973 0.230      0.316 0.331 0.343 0.452 0.475 0.510 0.553 0.580 0.963 0.980 1.000 1.000 0.998 0.997 0.995
     36       2.509    0.985 0.172      0.259 0.275 0.287 0.398 0.422 0.459 0.503 0.531 0.945 0.967 0.996 0.998 1.000 1.000 0.999
     37       2.733    0.988 0.157      0.245 0.261 0.273 0.385 0.409 0.446 0.490 0.519 0.940 0.963 0.994 0.997 1.000 1.000 1.000
     38       3.305    0.992 0.130      0.218 0.234 0.245 0.359 0.383 0.420 0.466 0.495 0.930 0.955 0.991 0.995 0.999 1.000 1.000

  R CORE   ENERGY   A0R/A00=1.000    R3= 0     2  
   2( 1)    0.732                    1.000 0.000
   2( 2)  487.921                    0.000 1.000

  R CORE   ENERGY   A0R/A00=1.000    R3= 0     2  
   3( 1)  488.652                    0.000 1.000

  R CORE   ENERGY   A0R/A00=1.000    R3= 0     2     4  
   4( 1)    2.438                    1.000 0.000 0.000

  R CORE   ENERGY   A0R/A00=1.000    R3= 0     2     4  
   5( 1)  490.847                    0.000 1.000 0.000

  R CORE   ENERGY   A0R/A00=1.000    R3= 0     2     4     6  
   6( 1)    5.121                    1.000 0.000 0.000 0.000

  R CORE   ENERGY   A0R/A00=1.000    R3= 0     2     4     6  
   7( 1)  494.017                    0.000 1.000 0.000 0.000

          AXIAL SYMMETRY => K RESTRICTED TO OMEGA

                     K
     S.P. ORB#: 24  2.50
     S.P. ORB#: 25  0.50
     S.P. ORB#: 26 -1.50
     S.P. ORB#: 27 -5.50
     S.P. ORB#: 28  2.50
     S.P. ORB#: 29  2.50
     S.P. ORB#: 30  0.50
     S.P. ORB#: 31 -3.50
     S.P. ORB#: 32  0.50
     S.P. ORB#: 33 -1.50
     S.P. ORB#: 34 -3.50
     S.P. ORB#: 35  0.50
     S.P. ORB#: 36 -1.50
     S.P. ORB#: 37 -3.50
     S.P. ORB#: 38  4.50
 

             ENERGY    K= OMEGA
 
 I=  1/2- (1)  2.396  32: 0.999
 
 I=  1/2- (2)  4.510  30:-0.907
                      35: 0.421
 
 I=  1/2- (3)  5.859  25: 0.999
 
 I=  1/2- (4)  6.238  30: 0.421
                      35: 0.907
 
 I=  1/2- (5)147.424  33:-1.000

             ENERGY    K= OMEGA
 
 I=  3/2- (1)  2.448  32: 0.720
                      33:-0.694
 
 I=  3/2- (2)  2.679  25:-0.134
                      32:-0.685
                      33:-0.716

             ENERGY    K= OMEGA
 
 I=  5/2- (1)  2.908  25: 0.186
                      28:-0.127
                      32:-0.516
                      33:-0.825
 
 I=  5/2- (2)  3.488  28:-0.921
                      32: 0.372
                      33:-0.099
 
 I=  5/2- (3)  3.635  28:-0.367
                      32:-0.757
                      33: 0.538
 
 I=  5/2- (4)  4.868  26: 0.126
                      29:-0.110
                      30:-0.814
                      35: 0.498
                      36: 0.247
 
 I=  5/2- (5)  6.439  26: 0.470
                      29:-0.836
                      35:-0.282

             ENERGY    K= OMEGA
 
 I=  7/2- (1)  2.897  24:-0.221
                      28: 0.092
                      31: 0.967
                      33: 0.067
 
 I=  7/2- (2)  3.529  28: 0.429
                      32: 0.179
                      33:-0.245
                      37:-0.850
 
 I=  7/2- (3)  3.658  32:-0.755
                      33: 0.574
                      37:-0.308
 
 I=  7/2- (4)  4.043  24: 0.061
                      25:-0.241
                      28: 0.153
                      32:-0.602
                      33:-0.724
                      37: 0.165
 
 I=  7/2- (5)  4.569  24:-0.053
                      25:-0.054
                      28:-0.883
                      31: 0.106
                      33:-0.216
                      37:-0.392

             ENERGY    K= OMEGA
 
 I=  9/2- (1)  3.403  24:-0.260
                      28: 0.117
                      31:-0.837
                      33:-0.073
                      37: 0.067
                      38: 0.455
 
 I=  9/2- (2)  4.345  24:-0.125
                      25: 0.185
                      28:-0.341
                      31:-0.170
                      32:-0.321
                      33:-0.518
                      37:-0.577
                      38:-0.317
 
 I=  9/2- (3)  4.532  25: 0.234
                      28: 0.143
                      31: 0.248
                      32:-0.444
                      33:-0.568
                      37: 0.531
                      38: 0.245
 
 I=  9/2- (4)  4.729  24: 0.111
                      28:-0.379
                      31: 0.307
                      37:-0.362
                      38: 0.786
 
 I=  9/2- (5)  5.588  26:-0.423
                      29: 0.574
                      30: 0.528
                      34:-0.320
                      35:-0.251
                      36:-0.218

             ENERGY    K= OMEGA
 
 I= 11/2- (1)  3.204  27: 0.999
 
 I= 11/2- (2)  4.263  24:-0.306
                      28: 0.129
                      31: 0.818
                      33: 0.076
                      37:-0.089
                      38: 0.454
 
 I= 11/2- (3)  5.574  24: 0.151
                      28: 0.438
                      31:-0.206
                      32: 0.200
                      33:-0.335
                      37:-0.720
                      38: 0.269
 
 I= 11/2- (4)  5.678  26:-0.463
                      29:-0.557
                      30:-0.548
                      34:-0.287
                      35:-0.221
                      36:-0.210
 
 I= 11/2- (5)  5.864  25:-0.091
                      28: 0.096
                      31:-0.126
                      32:-0.807
                      33: 0.458
                      37:-0.321

             ENERGY    K= OMEGA
 
 I= 13/2- (1)  4.786  27:-0.997
                      38: 0.055
 
 I= 13/2- (2)  5.382  24:-0.343
                      27: 0.068
                      28: 0.132
                      31:-0.805
                      33:-0.096
                      37: 0.095
                      38: 0.438
 
 I= 13/2- (3)  6.665  26:-0.508
                      29: 0.670
                      30: 0.344
                      34:-0.370
                      35:-0.108
                      36:-0.165
 
 I= 13/2- (4)  6.799  24: 0.116
                      25:-0.320
                      28: 0.308
                      32: 0.446
                      33: 0.647
                      37: 0.370
                      38: 0.183
 
 I= 13/2- (5)  7.169  24: 0.104
                      25: 0.211
                      28: 0.370
                      31: 0.241
                      32:-0.330
                      33:-0.330
                      37: 0.713
                      38: 0.151

             ENERGY     K= 9/2
  32 LEVELS    TIME=  0.0 SEC



 ******************* EXCITATION ENERGIES, DOMINANT CONFIGURATION AND EXPECTATION VALUES (WITH S.P. UU+VV FACTORS) *******************

  NR  Eex(keV)  I   Kdom  NY    <Jz>  <Jx**2> <Jy**2> <Jz**2> <I.j>/|I|  <Rx**2> <Ry**2> <Rz**2> <R.j>/|R|  <HROTx> <HROTy> <HROTz>

   1    0.0   1/2-   1/2  32    0.50    5.28    5.28    0.25    0.11       5.69    5.69    0.00   -3.18      0.694   0.694   0.000
   2   51.8   3/2-   1/2  32   -0.46    5.27    5.27    1.21    1.07       5.69    5.69    0.00   -2.87      0.694   0.694   0.000
   3  282.5   3/2-  -3/2  33   -0.52    5.29    5.29    1.27    0.72       6.40    6.40    0.00   -2.92      0.780   0.780   0.000
   4  501.0   7/2-  -7/2  31   -3.15    6.45    6.45   11.86    3.55       6.16    6.16    0.00   -3.04      0.751   0.751   0.000
   5  511.3   5/2-  -3/2  33   -0.82    5.41    5.41    1.72    1.24       6.97    6.97    0.00   -2.37      0.849   0.849   0.000
  
   6  807.5  11/2- -11/2  27   -5.49    2.75    2.75   30.24    5.06       5.49    5.49    0.00   -1.65      0.669   0.669   0.000
   7 1007.0   9/2-  -7/2  31   -1.34    5.73    5.73   13.35    3.75       6.15    6.15    0.00   -1.76      0.750   0.750   0.000
   8 1092.1   5/2-   5/2  28    2.18    6.00    6.00    5.37    1.80       7.73    7.73    0.00   -3.06      0.942   0.942   0.000
   9 1132.2   7/2-  -7/2  37   -2.14    3.27    3.27   10.15    2.91       4.67    4.67    0.00   -1.68      0.569   0.569   0.000
  10 1238.3   5/2-   1/2  32    0.19    5.42    5.42    1.64    0.12      10.25   10.25    0.00   -2.68      1.249   1.249   0.000
  
  11 1261.5   7/2-   1/2  32   -0.54    4.98    4.98    2.09    0.98      10.01   10.01    0.00   -1.82      1.220   1.220   0.000
  12 1647.0   7/2-  -3/2  33   -0.61    5.30    5.30    1.80    0.73      11.17   11.17    0.00   -2.01      1.362   1.362   0.000
  13 1867.0  11/2-  -7/2  31   -1.18    5.81    5.81   13.19    3.51       9.29    9.29    0.00   -0.88      1.132   1.132   0.000
  14 1948.9   9/2-  -7/2  37   -0.82    4.16    4.16    7.93    2.26       9.24    9.24    0.00   -1.16      1.127   1.127   0.000
  15 2114.0   1/2-   1/2  30    0.50   13.06   13.06    0.25    0.98      12.71   12.71    0.00   -5.06      1.550   1.550   0.000
  
  16 2135.2   9/2-  -3/2  33   -1.23    4.42    4.42    6.35    1.82      10.92   10.92    0.00   -1.31      1.332   1.332   0.000
  17 2172.2   7/2-   5/2  28    1.32    5.51    5.51    7.02    1.43      11.21   11.21    0.00   -2.61      1.367   1.367   0.000
  18 2333.0   9/2-   9/2  38    2.38    3.47    3.47   16.24    3.24       7.84    7.84    0.00   -1.78      0.956   0.956   0.000
  19 2389.2  13/2- -11/2  27   -5.46    2.76    2.76   30.17    4.33      11.96   11.96    0.00   -1.11      1.458   1.458   0.000
  20 2471.8   5/2-   1/2  30    0.37   13.71   13.71    0.48    1.62      13.54   13.54    0.00   -4.44      1.651   1.651   0.000
  
  21 2985.4  13/2-  -7/2  31   -1.14    5.91    5.91   12.94    3.31      13.62   13.62    0.00   -0.31      1.660   1.660   0.000
  22 3177.3  11/2-  -7/2  37   -1.25    3.63    3.63    9.94    2.19      13.39   13.39    0.00   -0.80      1.633   1.633   0.000
  23 3191.2   9/2-   5/2  29    0.30   19.35   19.35    3.91    3.74      15.05   15.05    0.00   -4.37      1.835   1.835   0.000
  24 3281.1  11/2-   5/2  29    0.28   19.99   19.99    3.62    4.10      15.18   15.18    0.00   -3.47      1.851   1.851   0.000
  25 3463.1   1/2-   1/2  25    0.50    7.54    7.54    0.25    0.66       7.47    7.47    0.00   -3.82      0.911   0.911   0.000
  
  26 3467.7  11/2-   1/2  32   -0.37    4.95    4.95    2.19    0.83      18.94   18.94    0.00   -1.16      2.309   2.309   0.000
  27 3841.2   1/2-   1/2  35    0.50   17.03   17.03    0.25   -0.80      18.22   18.22    0.00   -5.80      2.222   2.222   0.000
  28 4042.2   5/2-   5/2  29    1.45   22.07   22.07    4.88    3.61      18.21   18.21    0.00   -6.35      2.220   2.220   0.000
  29 4268.4  13/2-   5/2  29    0.28   21.42   21.42    5.15    4.24      18.80   18.80    0.00   -3.00      2.292   2.292   0.000
  30 4403.0  13/2-  -3/2  33   -0.54    5.13    5.13    4.07    1.58      20.53   20.53    0.00   -0.52      2.503   2.503   0.000
  
  31 4772.3  13/2-  -7/2  37   -1.60    3.88    3.88    8.62    1.76      20.25   20.25    0.00   -0.64      2.468   2.468   0.000
  32*******   1/2-  -3/2  33    0.00    0.00    0.00    0.00    0.00       0.00    0.00    0.00   -0.00      0.000   0.000   0.000
