1SPECTRUM OF (Z= 82 A=207) IN PARTICLE-ROTOR  MODEL WITH MODIFIED OSCILLATOR POTENTIAL


 PARITY=-   EPS= 0.667   GAMMA=  0.0   EPS4=0.000   EPS6=0.000   LEVELS:  24  25  26  27  28  29  30  31  32  33  34  35  36  37  38

 PAIRING FACTORS: GN0= 19.20  GN1=  7.40  IPAIR= 15 ***  E2PLUS(INPUT)=   0.730  E2PLUR(INPUT)=   0.000

 CORIOLIS ATTENUATION PARAMETERS:  CHSI=1.000  ETA=  1.00

 MOMENT OF INERTIA PARAMETERS:   A1=  0.122 MEV   A2=  0.122 MEV   A3=121.91923 MEV


 DELTA=0.844 MEV  LAMBDA=53.8540 MEV   HW0= 7.8867 MEV   LAMBDA/HW0= 6.8285

 E2ENERGY=0.730 MEV  HBAR**2/B=82491./A**(7/3)=******/A**2 MEV

 IREC=0  =>  RECOIL TERMS j+j-, j+j+, jzjz, ETC TREATED AS ONE-BODY OPERATORS WITH UU+VV PAIRING FACTORS



 S. P. LEVEL   EQP       U     V        (UU + VV)**1.00

     24       4.777    0.089 0.996      1.000 1.000 1.000 0.999 0.999 0.945 0.726 0.549 0.462 0.395 0.293 0.249 0.238 0.202 0.172
     25       4.263    0.099 0.995      1.000 1.000 1.000 1.000 0.999 0.948 0.733 0.558 0.471 0.405 0.303 0.259 0.249 0.212 0.183
     26       3.588    0.118 0.993      1.000 1.000 1.000 1.000 1.000 0.954 0.746 0.574 0.488 0.423 0.322 0.278 0.267 0.231 0.202
     27       3.309    0.129 0.992      0.999 1.000 1.000 1.000 1.000 0.957 0.753 0.582 0.497 0.432 0.331 0.288 0.277 0.241 0.212
     28       3.229    0.132 0.991      0.999 0.999 1.000 1.000 1.000 0.958 0.755 0.585 0.500 0.435 0.334 0.291 0.280 0.244 0.215
     29       1.128    0.410 0.912      0.945 0.948 0.954 0.957 0.958 1.000 0.911 0.793 0.727 0.674 0.590 0.553 0.543 0.511 0.486
     30       0.850    0.750 0.662      0.726 0.733 0.746 0.753 0.755 0.911 1.000 0.974 0.945 0.919 0.871 0.847 0.841 0.820 0.803
     31       1.012    0.881 0.473      0.549 0.558 0.574 0.582 0.585 0.793 0.974 1.000 0.995 0.985 0.960 0.946 0.942 0.929 0.918
     32       1.197    0.924 0.381      0.462 0.471 0.488 0.497 0.500 0.727 0.945 0.995 1.000 0.997 0.983 0.974 0.971 0.962 0.953
     33       1.422    0.950 0.312      0.395 0.405 0.423 0.432 0.435 0.674 0.919 0.985 0.997 1.000 0.994 0.988 0.986 0.979 0.973
     34       2.082    0.978 0.207      0.293 0.303 0.322 0.331 0.334 0.590 0.871 0.960 0.983 0.994 1.000 0.999 0.998 0.996 0.992
     35       2.637    0.987 0.162      0.249 0.259 0.278 0.288 0.291 0.553 0.847 0.946 0.974 0.988 0.999 1.000 1.000 0.999 0.997
     36       2.822    0.988 0.151      0.238 0.249 0.267 0.277 0.280 0.543 0.841 0.942 0.971 0.986 0.998 1.000 1.000 0.999 0.998
     37       3.723    0.993 0.114      0.202 0.212 0.231 0.241 0.244 0.511 0.820 0.929 0.962 0.979 0.996 0.999 0.999 1.000 1.000
     38       5.015    0.996 0.084      0.172 0.183 0.202 0.212 0.215 0.486 0.803 0.918 0.953 0.973 0.992 0.997 0.998 1.000 1.000

  R CORE   ENERGY   A0R/A00=1.000    R3= 0     2  
   2( 1)    0.732                    1.000 0.000
   2( 2)  487.921                    0.000 1.000

  R CORE   ENERGY   A0R/A00=1.000    R3= 0     2  
   3( 1)  488.652                    0.000 1.000

  R CORE   ENERGY   A0R/A00=1.000    R3= 0     2     4  
   4( 1)    2.438                    1.000 0.000 0.000

  R CORE   ENERGY   A0R/A00=1.000    R3= 0     2     4  
   5( 1)  490.847                    0.000 1.000 0.000

  R CORE   ENERGY   A0R/A00=1.000    R3= 0     2     4     6  
   6( 1)    5.121                    1.000 0.000 0.000 0.000

  R CORE   ENERGY   A0R/A00=1.000    R3= 0     2     4     6  
   7( 1)  494.017                    0.000 1.000 0.000 0.000

          AXIAL SYMMETRY => K RESTRICTED TO OMEGA

                     K
     S.P. ORB#: 24 -1.50
     S.P. ORB#: 25  2.50
     S.P. ORB#: 26  0.50
     S.P. ORB#: 27  2.50
     S.P. ORB#: 28  4.50
     S.P. ORB#: 29  0.50
     S.P. ORB#: 30 -1.50
     S.P. ORB#: 31  2.50
     S.P. ORB#: 32 -3.50
     S.P. ORB#: 33 -3.50
     S.P. ORB#: 34 -5.50
     S.P. ORB#: 35  0.50
     S.P. ORB#: 36 -1.50
     S.P. ORB#: 37 -1.50
     S.P. ORB#: 38  0.50
 

             ENERGY    K= OMEGA
 
 I=  1/2- (1)  4.144  26:-0.067
                      35:-0.998
 
 I=  1/2- (2)  5.402  29:-0.993
                      38:-0.117
 
 I=  1/2- (3)  5.566  26: 0.998
                      35:-0.067
 
 I=  1/2- (4)  9.122  29:-0.117
                      38: 0.993
 
 I=  1/2- (5)147.153  30:-1.000

             ENERGY    K= OMEGA
 
 I=  3/2- (1)  4.209  35:-0.836
                      36:-0.546
 
 I=  3/2- (2)  4.446  26: 0.143
                      35:-0.536
                      36: 0.832

             ENERGY    K= OMEGA
 
 I=  5/2- (1)  2.801  24: 0.107
                      31: 0.992
                      36: 0.069
 
 I=  5/2- (2)  4.798  25:-0.052
                      26: 0.231
                      31: 0.057
                      35: 0.512
                      36:-0.823
 
 I=  5/2- (3)  5.337  27:-0.093
                      29: 0.296
                      30:-0.912
                      37:-0.110
                      38: 0.247
 
 I=  5/2- (4)  5.366  26: 0.071
                      35: 0.838
                      36: 0.537
 
 I=  5/2- (5)  6.298  27:-0.067
                      29:-0.889
                      30:-0.344
                      37: 0.273
                      38:-0.109

             ENERGY    K= OMEGA
 
 I=  7/2- (1)  3.285  24:-0.080
                      25:-0.098
                      31: 0.480
                      33: 0.867
 
 I=  7/2- (2)  3.648  24:-0.140
                      25: 0.067
                      31: 0.855
                      33:-0.484
                      36:-0.098
 
 I=  7/2- (3)  5.406  24:-0.095
                      26:-0.067
                      35: 0.860
                      36: 0.493
 
 I=  7/2- (4)  5.902  25: 0.078
                      26:-0.268
                      31:-0.106
                      35: 0.462
                      36:-0.834
 
 I=  7/2- (5)  6.026  27:-0.205
                      29:-0.359
                      30: 0.826
                      32:-0.245
                      37:-0.107
                      38: 0.274

             ENERGY    K= OMEGA
 
 I=  9/2- (1)  4.220  24:-0.122
                      25: 0.135
                      28:-0.059
                      31:-0.566
                      33: 0.800
                      36:-0.054
 
 I=  9/2- (2)  4.707  24: 0.167
                      25: 0.111
                      28:-0.063
                      31: 0.785
                      33: 0.567
                      36: 0.129
 
 I=  9/2- (3)  5.644  28: 0.996
                      33: 0.082
 
 I=  9/2- (4)  6.500  24: 0.061
                      25:-0.077
                      26: 0.351
                      31: 0.111
                      35: 0.526
                      36:-0.759
 
 I=  9/2- (5)  6.602  27:-0.234
                      29: 0.335
                      30:-0.797
                      32: 0.262
                      37:-0.114
                      38: 0.341

             ENERGY    K= OMEGA
 
 I= 11/2- (1)  3.369  28: 0.122
                      34: 0.992
 
 I= 11/2- (2)  5.386  24:-0.160
                      25:-0.163
                      28: 0.069
                      31: 0.609
                      33: 0.753
                      36:-0.065
 
 I= 11/2- (3)  5.990  24:-0.189
                      25: 0.149
                      28:-0.089
                      31: 0.734
                      33:-0.608
                      36:-0.149
 
 I= 11/2- (4)  7.047  28: 0.986
                      33:-0.105
                      34:-0.120
 
 I= 11/2- (5)  7.569  27: 0.270
                      29: 0.605
                      30:-0.535
                      32: 0.309
                      37: 0.277
                      38:-0.319

             ENERGY    K= OMEGA
 
 I= 13/2- (1)  4.891  28:-0.176
                      34: 0.984
 
 I= 13/2- (2)  6.783  24: 0.193
                      25:-0.184
                      28: 0.070
                      31: 0.635
                      33:-0.715
                      36: 0.079
 
 I= 13/2- (3)  7.494  24: 0.204
                      25: 0.184
                      26:-0.077
                      28:-0.101
                      31: 0.688
                      33: 0.633
                      36: 0.183
 
 I= 13/2- (4)  8.682  27:-0.323
                      29: 0.314
                      30:-0.720
                      32: 0.354
                      37:-0.096
                      38: 0.380
 
 I= 13/2- (5)  8.700  25:-0.051
                      28:-0.976
                      33:-0.112
                      34:-0.173

             ENERGY     K= 1/2
  32 LEVELS    TIME=  0.0 SEC



 ******************* EXCITATION ENERGIES, DOMINANT CONFIGURATION AND EXPECTATION VALUES (WITH S.P. UU+VV FACTORS) *******************

  NR  Eex(keV)  I   Kdom  NY    <Jz>  <Jx**2> <Jy**2> <Jz**2> <I.j>/|I|  <Rx**2> <Ry**2> <Rz**2> <R.j>/|R|  <HROTx> <HROTy> <HROTz>

   1    0.0   5/2-   5/2  31    2.43    6.39    6.39    6.18    2.28       7.12    7.12    0.00   -3.24      0.868   0.868   0.000
   2  484.2   7/2-  -7/2  33   -2.04    6.52    6.52   10.73    3.01       7.82    7.82    0.00   -2.99      0.953   0.953   0.000
   3  567.7  11/2- -11/2  34   -5.35    2.82    2.82   30.10    5.11       5.21    5.21    0.00   -1.61      0.635   0.635   0.000
   4  847.2   7/2-   5/2  31    0.98    6.43    6.43    7.53    2.04       9.97    9.97    0.00   -2.75      1.216   1.216   0.000
   5 1343.5   1/2-   1/2  35    0.50    5.68    5.68    0.25    0.01       6.16    6.16    0.00   -3.30      0.752   0.752   0.000
  
   6 1407.9   3/2-   1/2  35   -0.10    5.68    5.68    0.85    0.92       6.20    6.20   -0.00   -2.96      0.756   0.756  -0.000
   7 1419.0   9/2-  -7/2  33   -1.41    6.57    6.57   10.06    2.50      11.55   11.55    0.00   -2.24      1.408   1.408   0.000
   8 1644.7   3/2-  -3/2  36   -0.88    5.74    5.74    1.63    0.84       6.81    6.81   -0.00   -3.11      0.830   0.830  -0.000
   9 1906.2   9/2-   5/2  31    0.40    6.48    6.48    8.05    1.82      13.84   13.84    0.00   -2.28      1.688   1.688   0.000
  10 1996.8   5/2-  -3/2  36   -0.85    5.82    5.82    1.64    0.98       8.13    8.13   -0.00   -2.58      0.991   0.991  -0.000
  
  11 2090.1  13/2- -11/2  34   -5.19    2.90    2.90   29.93    4.42      11.37   11.37    0.00   -1.02      1.387   1.387   0.000
  12 2535.8   5/2-  -3/2  30   -1.17   16.40   16.40    1.99    1.60      17.03   17.03   -0.00   -5.15      2.076   2.076  -0.000
  13 2565.0   5/2-   1/2  35   -0.07    5.71    5.71    0.85   -0.15      10.94   10.94   -0.00   -2.71      1.334   1.334  -0.000
  14 2584.8  11/2-  -7/2  33   -1.02    6.62    6.62    9.60    2.20      16.15   16.15    0.00   -1.70      1.969   1.969   0.000
  15 2600.9   1/2-   1/2  29    0.50   16.82   16.82    0.25    0.02      17.31   17.31   -0.00   -5.76      2.110   2.110  -0.000
  
  16 2605.5   7/2-   1/2  35    0.00    5.71    5.71    0.78    0.73      11.07   11.07   -0.00   -1.97      1.349   1.349  -0.000
  17 2765.4   1/2-   1/2  26    0.50    8.14    8.14    0.25    0.59       8.13    8.13    0.00   -3.97      0.991   0.991   0.000
  18 2843.2   9/2-   9/2  28    4.44    7.61    7.61   20.18    4.05       9.95    9.95    0.00   -3.42      1.213   1.213   0.000
  19 3100.8   7/2-  -3/2  36   -0.86    5.91    5.91    1.75    0.52      12.61   12.61   -0.00   -2.29      1.537   1.537  -0.000
  20 3188.6  11/2-   5/2  31    0.06    6.53    6.53    8.34    1.65      18.68   18.68    0.00   -1.88      2.277   2.277   0.000
  
  21 3225.2   7/2-  -3/2  30   -1.04   17.49   17.49    2.61    1.90      19.15   19.15   -0.00   -4.86      2.335   2.335  -0.000
  22 3497.0   5/2-   1/2  29    0.12   17.07   17.07    0.66    0.49      20.31   20.31   -0.00   -5.23      2.476   2.476  -0.000
  23 3699.0   9/2-  -3/2  36   -0.63    6.02    6.02    1.54    0.85      14.94   14.94   -0.00   -1.71      1.822   1.822  -0.000
  24 3801.5   9/2-  -3/2  30   -0.96   16.92   16.92    2.70    2.00      20.68   20.68   -0.00   -4.13      2.521   2.521  -0.000
  25 3982.0  13/2-  -7/2  33   -0.74    6.67    6.67    9.22    2.00      21.67   21.67    0.00   -1.30      2.642   2.642   0.000
  
  26 4246.4  11/2-   9/2  28    4.26    7.53    7.53   20.27    3.30      15.81   15.81    0.00   -2.77      1.927   1.927   0.001
  27 4693.2  13/2-   5/2  31   -0.20    6.57    6.57    8.47    1.54      24.41   24.41    0.00   -1.55      2.976   2.976   0.000
  28 4768.3  11/2-   1/2  29   -0.46   18.27   18.27    2.56    2.31      23.62   23.62    0.00   -3.68      2.880   2.880   0.000
  29 5880.9  13/2-  -3/2  30   -0.85   17.47   17.47    3.44    2.20      28.20   28.20   -0.00   -3.06      3.439   3.439  -0.000
  30 5899.5  13/2-   9/2  28    4.08    7.46    7.46   20.36    2.77      22.67   22.67    0.00   -2.37      2.763   2.763   0.001
  
  31 6321.3   1/2-   1/2  38    0.50   16.79   16.79    0.25    0.26      17.06   17.06    0.00   -5.75      2.080   2.080   0.000
  32*******   1/2-  -3/2  30    0.00    0.00    0.00    0.00    0.00       0.00    0.00   -0.00   -0.00      0.000   0.000  -0.000
