1SPECTRUM OF (Z= 82 A=207) IN PARTICLE-ROTOR  MODEL WITH MODIFIED OSCILLATOR POTENTIAL


 PARITY=-   EPS= 0.526   GAMMA=  0.0   EPS4=0.000   EPS6=0.000   LEVELS:  24  25  26  27  28  29  30  31  32  33  34  35  36  37  38

 PAIRING FACTORS: GN0= 19.20  GN1=  7.40  IPAIR= 15 ***  E2PLUS(INPUT)=   0.730  E2PLUR(INPUT)=   0.000

 CORIOLIS ATTENUATION PARAMETERS:  CHSI=1.000  ETA=  1.00

 MOMENT OF INERTIA PARAMETERS:   A1=  0.122 MEV   A2=  0.122 MEV   A3=121.91924 MEV


 DELTA=0.845 MEV  LAMBDA=53.3987 MEV   HW0= 7.6843 MEV   LAMBDA/HW0= 6.9490

 E2ENERGY=0.730 MEV  HBAR**2/B=51301./A**(7/3)=8672.3/A**2 MEV

 IREC=0  =>  RECOIL TERMS j+j-, j+j+, jzjz, ETC TREATED AS ONE-BODY OPERATORS WITH UU+VV PAIRING FACTORS



 S. P. LEVEL   EQP       U     V        (UU + VV)**1.00

     24       4.637    0.092 0.996      1.000 1.000 1.000 0.988 0.987 0.970 0.966 0.904 0.446 0.403 0.371 0.354 0.285 0.217 0.198
     25       4.136    0.103 0.995      1.000 1.000 1.000 0.990 0.988 0.973 0.969 0.909 0.456 0.413 0.381 0.365 0.296 0.228 0.209
     26       3.916    0.109 0.994      1.000 1.000 1.000 0.991 0.989 0.974 0.970 0.911 0.461 0.418 0.386 0.370 0.302 0.233 0.215
     27       1.806    0.241 0.970      0.988 0.990 0.991 1.000 1.000 0.996 0.994 0.958 0.576 0.537 0.507 0.492 0.427 0.362 0.344
     28       1.730    0.252 0.968      0.987 0.988 0.989 1.000 1.000 0.997 0.995 0.962 0.586 0.546 0.517 0.502 0.437 0.373 0.355
     29       1.357    0.330 0.944      0.970 0.973 0.974 0.996 0.997 1.000 1.000 0.981 0.649 0.612 0.584 0.570 0.509 0.446 0.429
     30       1.299    0.347 0.938      0.966 0.969 0.970 0.994 0.995 1.000 1.000 0.984 0.663 0.627 0.599 0.585 0.524 0.463 0.446
     31       0.965    0.508 0.861      0.904 0.909 0.911 0.958 0.962 0.981 0.984 1.000 0.786 0.755 0.732 0.720 0.667 0.613 0.598
     32       1.252    0.932 0.362      0.446 0.456 0.461 0.576 0.586 0.649 0.663 0.786 1.000 0.999 0.997 0.995 0.985 0.970 0.966
     33       1.404    0.948 0.317      0.403 0.413 0.418 0.537 0.546 0.612 0.627 0.755 0.999 1.000 0.999 0.999 0.992 0.981 0.977
     34       1.552    0.959 0.284      0.371 0.381 0.386 0.507 0.517 0.584 0.599 0.732 0.997 0.999 1.000 1.000 0.996 0.987 0.984
     35       1.640    0.964 0.267      0.354 0.365 0.370 0.492 0.502 0.570 0.585 0.720 0.995 0.999 1.000 1.000 0.997 0.990 0.987
     36       2.196    0.981 0.196      0.285 0.296 0.302 0.427 0.437 0.509 0.524 0.667 0.985 0.992 0.996 0.997 1.000 0.997 0.996
     37       3.370    0.992 0.126      0.217 0.228 0.233 0.362 0.373 0.446 0.463 0.613 0.970 0.981 0.987 0.990 0.997 1.000 1.000
     38       3.950    0.994 0.108      0.198 0.209 0.215 0.344 0.355 0.429 0.446 0.598 0.966 0.977 0.984 0.987 0.996 1.000 1.000

  R CORE   ENERGY   A0R/A00=1.000    R3= 0     2  
   2( 1)    0.732                    1.000 0.000
   2( 2)  487.921                    0.000 1.000

  R CORE   ENERGY   A0R/A00=1.000    R3= 0     2  
   3( 1)  488.652                    0.000 1.000

  R CORE   ENERGY   A0R/A00=1.000    R3= 0     2     4  
   4( 1)    2.438                    1.000 0.000 0.000

  R CORE   ENERGY   A0R/A00=1.000    R3= 0     2     4  
   5( 1)  490.847                    0.000 1.000 0.000

  R CORE   ENERGY   A0R/A00=1.000    R3= 0     2     4     6  
   6( 1)    5.121                    1.000 0.000 0.000 0.000

  R CORE   ENERGY   A0R/A00=1.000    R3= 0     2     4     6  
   7( 1)  494.017                    0.000 1.000 0.000 0.000

          AXIAL SYMMETRY => K RESTRICTED TO OMEGA

                     K
     S.P. ORB#: 24  2.50
     S.P. ORB#: 25 -1.50
     S.P. ORB#: 26  0.50
     S.P. ORB#: 27  0.50
     S.P. ORB#: 28  2.50
     S.P. ORB#: 29  2.50
     S.P. ORB#: 30 -5.50
     S.P. ORB#: 31 -3.50
     S.P. ORB#: 32  0.50
     S.P. ORB#: 33 -1.50
     S.P. ORB#: 34  0.50
     S.P. ORB#: 35 -3.50
     S.P. ORB#: 36 -1.50
     S.P. ORB#: 37 -3.50
     S.P. ORB#: 38  4.50
 

             ENERGY    K= OMEGA
 
 I=  1/2- (1)  2.670  32:-0.999
 
 I=  1/2- (2)  4.851  27: 0.800
                      34:-0.599
 
 I=  1/2- (3)  5.767  26: 0.999
 
 I=  1/2- (4)  6.114  27: 0.599
                      34: 0.800
 
 I=  1/2- (5)147.707  33: 1.000

             ENERGY    K= OMEGA
 
 I=  3/2- (1)  2.735  32: 0.766
                      33: 0.643
 
 I=  3/2- (2)  2.978  26:-0.120
                      32: 0.636
                      33:-0.762

             ENERGY    K= OMEGA
 
 I=  5/2- (1)  3.126  24:-0.052
                      26: 0.083
                      29:-0.863
                      32: 0.220
                      33:-0.444
 
 I=  5/2- (2)  3.298  26:-0.156
                      29:-0.499
                      32:-0.495
                      33: 0.694
 
 I=  5/2- (3)  3.901  29: 0.069
                      32:-0.830
                      33:-0.551
 
 I=  5/2- (4)  5.198  25:-0.102
                      27: 0.756
                      28: 0.101
                      34:-0.578
                      36:-0.271
 
 I=  5/2- (5)  6.603  25: 0.448
                      27:-0.093
                      28:-0.809
                      34:-0.366
                      36: 0.052

             ENERGY    K= OMEGA
 
 I=  7/2- (1)  2.689  24: 0.205
                      29:-0.108
                      31:-0.972
 
 I=  7/2- (2)  3.722  24:-0.061
                      29:-0.786
                      31: 0.054
                      32: 0.173
                      33: 0.288
                      37: 0.512
 
 I=  7/2- (3)  3.962  29: 0.213
                      32: 0.793
                      33: 0.519
                      37:-0.229
 
 I=  7/2- (4)  4.403  24:-0.056
                      26: 0.215
                      32:-0.552
                      33: 0.742
                      37:-0.305
 
 I=  7/2- (5)  4.659  26:-0.063
                      29:-0.567
                      31: 0.081
                      32: 0.098
                      33:-0.257
                      37:-0.769

             ENERGY    K= OMEGA
 
 I=  9/2- (1)  3.275  24:-0.261
                      29: 0.127
                      31:-0.897
                      38: 0.329
 
 I=  9/2- (2)  4.598  24:-0.094
                      26: 0.110
                      29:-0.709
                      31:-0.102
                      32: 0.188
                      33:-0.368
                      37:-0.538
                      38:-0.081
 
 I=  9/2- (3)  4.923  26: 0.261
                      29: 0.269
                      31: 0.097
                      32: 0.520
                      33:-0.685
                      37: 0.331
 
 I=  9/2- (4)  5.233  24: 0.108
                      29:-0.273
                      31: 0.267
                      37: 0.147
                      38: 0.906
 
 I=  9/2- (5)  5.924  25: 0.428
                      27:-0.470
                      28:-0.609
                      34: 0.217
                      35: 0.366
                      36: 0.208

             ENERGY    K= OMEGA
 
 I= 11/2- (1)  2.639  30:-1.000
 
 I= 11/2- (2)  4.139  24: 0.302
                      29:-0.136
                      31:-0.862
                      37: 0.055
                      38:-0.375
 
 I= 11/2- (3)  5.770  24:-0.113
                      29:-0.711
                      31: 0.125
                      32: 0.166
                      33: 0.298
                      37: 0.586
                      38:-0.076
 
 I= 11/2- (4)  6.076  25: 0.475
                      27: 0.477
                      28: 0.593
                      34: 0.243
                      35: 0.320
                      36: 0.184
 
 I= 11/2- (5)  6.160  26: 0.076
                      29:-0.184
                      31: 0.074
                      32:-0.820
                      33:-0.477
                      37: 0.235

             ENERGY    K= OMEGA
 
 I= 13/2- (1)  4.221  30: 0.999
 
 I= 13/2- (2)  5.257  24:-0.335
                      29: 0.139
                      31:-0.840
                      33:-0.056
                      37: 0.067
                      38: 0.391
 
 I= 13/2- (3)  7.021  25:-0.508
                      27: 0.319
                      28: 0.681
                      34:-0.079
                      35:-0.383
                      36:-0.155
 
 I= 13/2- (4)  7.119  24:-0.125
                      26: 0.191
                      29:-0.624
                      31:-0.095
                      32: 0.265
                      33:-0.460
                      37:-0.511
                      38:-0.082
 
 I= 13/2- (5)  7.512  26: 0.313
                      29: 0.368
                      31: 0.131
                      32: 0.486
                      33:-0.582
                      37: 0.417

             ENERGY     K= 9/2
  32 LEVELS    TIME=  0.0 SEC



 ******************* EXCITATION ENERGIES, DOMINANT CONFIGURATION AND EXPECTATION VALUES (WITH S.P. UU+VV FACTORS) *******************

  NR  Eex(keV)  I   Kdom  NY    <Jz>  <Jx**2> <Jy**2> <Jz**2> <I.j>/|I|  <Rx**2> <Ry**2> <Rz**2> <R.j>/|R|  <HROTx> <HROTy> <HROTz>

   1    0.0  11/2- -11/2  30   -5.49    2.75    2.75   30.24    5.06       5.49    5.49    0.00   -1.65      0.669   0.669   0.000
   2   30.7   1/2-   1/2  32    0.50    5.36    5.36    0.25    0.07       5.80    5.80    0.00   -3.20      0.707   0.707   0.000
   3   50.2   7/2-  -7/2  31   -3.18    6.49    6.49   11.92    3.50       6.41    6.41    0.00   -3.07      0.782   0.782   0.000
   4   95.5   3/2-   1/2  32   -0.33    5.36    5.36    1.08    1.01       5.82    5.82   -0.00   -2.88      0.709   0.709  -0.000
   5  339.3   3/2-  -3/2  33   -0.66    5.38    5.38    1.41    0.72       6.56    6.56    0.00   -2.97      0.800   0.800   0.000
  
   6  486.9   5/2-   5/2  29    1.60    5.98    5.98    5.13    1.96       7.13    7.13   -0.00   -2.99      0.869   0.869  -0.000
   7  635.9   9/2-  -7/2  31   -2.12    6.16    6.16   12.59    3.57       7.08    7.08    0.00   -1.90      0.863   0.863   0.000
   8  658.9   5/2-  -3/2  33    0.04    5.66    5.66    2.71    1.24       7.71    7.71    0.00   -2.64      0.940   0.940   0.000
   9 1083.4   7/2-   5/2  29    0.52    5.02    5.02    7.33    2.29       7.49    7.49    0.00   -2.14      0.913   0.913   0.000
  10 1261.6   5/2-   1/2  32   -0.10    5.38    5.38    0.89   -0.15      10.64   10.64    0.00   -2.62      1.297   1.297   0.000
  
  11 1322.6   7/2-   1/2  32   -0.16    5.23    5.23    1.71    0.89      10.44   10.44   -0.00   -1.89      1.273   1.273  -0.000
  12 1500.1  11/2-  -7/2  31   -1.71    6.10    6.10   12.70    3.42       9.85    9.85    0.00   -1.00      1.201   1.201   0.000
  13 1582.0  13/2- -11/2  30   -5.48    2.75    2.75   30.21    4.34      11.96   11.96    0.00   -1.11      1.458   1.458   0.000
  14 1764.4   7/2-  -3/2  33   -0.97    5.17    5.17    2.50    0.77      11.22   11.22   -0.00   -2.06      1.368   1.368  -0.000
  15 1959.3   9/2-   5/2  29    0.08    4.84    4.84    7.31    2.07      10.60   10.60    0.00   -1.46      1.292   1.292   0.000
  
  16 2020.4   7/2-  -7/2  37   -1.38    3.85    3.85    9.49    1.98       8.61    8.61    0.00   -2.25      1.049   1.049   0.000
  17 2212.2   1/2-   1/2  27    0.50   13.47   13.47    0.25    1.28      12.86   12.86    0.00   -5.14      1.568   1.568   0.000
  18 2284.2   9/2-  -3/2  33   -0.77    5.27    5.27    3.06    1.23      13.04   13.04   -0.00   -1.46      1.590   1.590  -0.000
  19 2558.5   5/2-   1/2  27    0.35   14.00   14.00    0.48    1.54      14.04   14.04   -0.00   -4.51      1.712   1.712  -0.000
  20 2593.5   9/2-   9/2  38    3.58    3.01    3.01   18.30    3.54       6.95    6.95    0.00   -1.81      0.847   0.847   0.000
  
  21 2617.6  13/2-  -7/2  31   -1.49    6.10    6.10   12.68    3.27      13.96   13.96    0.00   -0.38      1.702   1.702   0.000
  22 3127.6   1/2-   1/2  26    0.50    7.68    7.68    0.25    0.66       7.61    7.61    0.00   -3.85      0.927   0.927   0.000
  23 3131.1  11/2-   5/2  29   -0.05    4.64    4.64    7.96    1.91      15.05   15.05    0.00   -1.06      1.834   1.834   0.000
  24 3284.8   9/2-   5/2  28    0.25   19.89   19.89    4.54    3.86      15.32   15.32   -0.00   -4.53      1.868   1.868  -0.000
  25 3436.6  11/2-   5/2  28    0.27   20.34   20.34    4.11    4.14      15.54   15.54   -0.00   -3.60      1.894   1.894  -0.000
  
  26 3475.1   1/2-   1/2  34    0.50   16.85   16.85    0.25   -1.13      18.34   18.34    0.00   -5.77      2.235   2.235   0.000
  27 3521.2  11/2-   1/2  32   -0.13    5.21    5.21    1.64    0.75      19.43   19.43    0.00   -1.22      2.369   2.369   0.000
  28 3963.7   5/2-   5/2  28    1.40   21.62   21.62    4.58    3.45      18.10   18.10   -0.00   -6.26      2.206   2.206  -0.000
  29 4382.3  13/2-   5/2  28    0.28   21.35   21.35    5.36    4.19      19.14   19.14    0.00   -3.04      2.333   2.333   0.000
  30 4479.9  13/2-   5/2  29   -0.17    4.91    4.91    6.48    1.68      20.81   20.81   -0.00   -0.71      2.537   2.537  -0.000
  
  31 4872.6  13/2-  -3/2  33   -0.67    5.18    5.18    4.05    1.25      22.83   22.83   -0.00   -0.84      2.784   2.784  -0.000
  32*******   1/2-  -3/2  33    0.00    0.00    0.00    0.00   -0.00       0.00    0.00    0.00   -0.00      0.000   0.000   0.000
