1SPECTRUM OF (Z= 82 A=207) IN PARTICLE-ROTOR  MODEL WITH MODIFIED OSCILLATOR POTENTIAL


 PARITY=-   EPS= 0.429   GAMMA=  0.0   EPS4=0.000   EPS6=0.000   LEVELS:  24  25  26  27  28  29  30  31  32  33  34  35  36  37  38

 PAIRING FACTORS: GN0= 19.20  GN1=  7.40  IPAIR= 15 ***  E2PLUS(INPUT)=   0.730  E2PLUR(INPUT)=   0.000

 CORIOLIS ATTENUATION PARAMETERS:  CHSI=1.000  ETA=  1.00

 MOMENT OF INERTIA PARAMETERS:   A1=  0.122 MEV   A2=  0.122 MEV   A3=121.91924 MEV


 DELTA=0.849 MEV  LAMBDA=53.4868 MEV   HW0= 7.5847 MEV   LAMBDA/HW0= 7.0519

 E2ENERGY=0.730 MEV  HBAR**2/B=34125./A**(7/3)=5768.7/A**2 MEV

 IREC=0  =>  RECOIL TERMS j+j-, j+j+, jzjz, ETC TREATED AS ONE-BODY OPERATORS WITH UU+VV PAIRING FACTORS



 S. P. LEVEL   EQP       U     V        (UU + VV)**1.00

     24       4.266    0.100 0.995      1.000 1.000 0.999 0.998 0.997 0.991 0.931 0.856 0.792 0.661 0.390 0.337 0.312 0.255 0.233
     25       3.890    0.110 0.994      1.000 1.000 1.000 0.998 0.998 0.992 0.934 0.861 0.798 0.668 0.399 0.346 0.321 0.265 0.243
     26       3.153    0.136 0.991      0.999 1.000 1.000 1.000 0.999 0.995 0.943 0.874 0.814 0.687 0.423 0.371 0.346 0.290 0.268
     27       2.606    0.165 0.986      0.998 0.998 1.000 1.000 1.000 0.998 0.953 0.888 0.831 0.709 0.450 0.398 0.373 0.318 0.297
     28       2.428    0.178 0.984      0.997 0.998 0.999 1.000 1.000 0.998 0.957 0.894 0.838 0.717 0.461 0.410 0.385 0.330 0.309
     29       1.881    0.232 0.973      0.991 0.992 0.995 0.998 0.998 1.000 0.971 0.917 0.867 0.755 0.510 0.460 0.436 0.382 0.361
     30       1.045    0.457 0.890      0.931 0.934 0.943 0.953 0.957 0.971 1.000 0.986 0.960 0.889 0.700 0.658 0.637 0.591 0.573
     31       0.884    0.600 0.800      0.856 0.861 0.874 0.888 0.894 0.917 0.986 1.000 0.994 0.954 0.810 0.775 0.758 0.718 0.703
     32       0.850    0.687 0.727      0.792 0.798 0.814 0.831 0.838 0.867 0.960 0.994 1.000 0.982 0.871 0.842 0.827 0.792 0.778
     33       0.897    0.813 0.582      0.661 0.668 0.687 0.709 0.717 0.755 0.889 0.954 0.982 1.000 0.949 0.929 0.919 0.894 0.884
     34       1.501    0.955 0.296      0.390 0.399 0.423 0.450 0.461 0.510 0.700 0.810 0.871 0.949 1.000 0.998 0.996 0.990 0.986
     35       1.814    0.971 0.241      0.337 0.346 0.371 0.398 0.410 0.460 0.658 0.775 0.842 0.929 0.998 1.000 1.000 0.996 0.994
     36       2.021    0.977 0.215      0.312 0.321 0.346 0.373 0.385 0.436 0.637 0.758 0.827 0.919 0.996 1.000 1.000 0.998 0.997
     37       2.737    0.988 0.157      0.255 0.265 0.290 0.318 0.330 0.382 0.591 0.718 0.792 0.894 0.990 0.996 0.998 1.000 1.000
     38       3.173    0.991 0.135      0.233 0.243 0.268 0.297 0.309 0.361 0.573 0.703 0.778 0.884 0.986 0.994 0.997 1.000 1.000

  R CORE   ENERGY   A0R/A00=1.000    R3= 0     2  
   2( 1)    0.732                    1.000 0.000
   2( 2)  487.921                    0.000 1.000

  R CORE   ENERGY   A0R/A00=1.000    R3= 0     2  
   3( 1)  488.652                    0.000 1.000

  R CORE   ENERGY   A0R/A00=1.000    R3= 0     2     4  
   4( 1)    2.438                    1.000 0.000 0.000

  R CORE   ENERGY   A0R/A00=1.000    R3= 0     2     4  
   5( 1)  490.847                    0.000 1.000 0.000

  R CORE   ENERGY   A0R/A00=1.000    R3= 0     2     4     6  
   6( 1)    5.121                    1.000 0.000 0.000 0.000

  R CORE   ENERGY   A0R/A00=1.000    R3= 0     2     4     6  
   7( 1)  494.017                    0.000 1.000 0.000 0.000

          AXIAL SYMMETRY => K RESTRICTED TO OMEGA

                     K
     S.P. ORB#: 24  0.50
     S.P. ORB#: 25  0.50
     S.P. ORB#: 26 -5.50
     S.P. ORB#: 27 -1.50
     S.P. ORB#: 28  2.50
     S.P. ORB#: 29 -3.50
     S.P. ORB#: 30  2.50
     S.P. ORB#: 31  0.50
     S.P. ORB#: 32 -1.50
     S.P. ORB#: 33  0.50
     S.P. ORB#: 34 -3.50
     S.P. ORB#: 35 -3.50
     S.P. ORB#: 36  4.50
     S.P. ORB#: 37  0.50
     S.P. ORB#: 38 -1.50
 

             ENERGY    K= OMEGA
 
 I=  1/2- (1)  2.219  31:-0.999
 
 I=  1/2- (2)  3.693  25: 0.237
                      33:-0.921
                      37: 0.310
 
 I=  1/2- (3)  6.001  24: 0.999
 
 I=  1/2- (4)  6.747  25: 0.261
                      33:-0.247
                      37:-0.933
 
 I=  1/2- (5) 10.054  25:-0.936
                      33:-0.302
                      37:-0.182

             ENERGY    K= OMEGA
 
 I=  3/2- (1)  2.179  31: 0.446
                      32:-0.894
 
 I=  3/2- (2)  2.398  24: 0.184
                      31: 0.882
                      32: 0.434

             ENERGY    K= OMEGA
 
 I=  5/2- (1)  2.499  24: 0.239
                      31:-0.495
                      32:-0.834
 
 I=  5/2- (2)  3.400  24: 0.065
                      28: 0.059
                      31:-0.850
                      32: 0.520
 
 I=  5/2- (3)  3.824  25: 0.190
                      33:-0.826
                      37: 0.454
                      38: 0.272
 
 I=  5/2- (4)  4.229  28:-0.997
                      32: 0.068
 
 I=  5/2- (5)  5.862  25:-0.195
                      27: 0.582
                      30:-0.788

             ENERGY    K= OMEGA
 
 I=  7/2- (1)  2.409  28:-0.153
                      34: 0.987
 
 I=  7/2- (2)  3.413  28:-0.066
                      31:-0.632
                      32: 0.771
 
 I=  7/2- (3)  3.585  24: 0.321
                      28:-0.061
                      29:-0.060
                      31: 0.736
                      32: 0.589
 
 I=  7/2- (4)  3.802  28:-0.168
                      29:-0.982
                      32:-0.081
 
 I=  7/2- (5)  3.994  25: 0.066
                      27:-0.134
                      30:-0.153
                      33:-0.874
                      35:-0.057
                      37:-0.251
                      38:-0.352

             ENERGY    K= OMEGA
 
 I=  9/2- (1)  2.934  28:-0.096
                      29: 0.212
                      34:-0.375
                      36:-0.897
 
 I=  9/2- (2)  3.511  28:-0.201
                      29:-0.127
                      32:-0.074
                      34:-0.895
                      36: 0.367
 
 I=  9/2- (3)  3.833  24: 0.367
                      31:-0.540
                      32:-0.749
                      34: 0.098
 
 I=  9/2- (4)  4.662  25: 0.125
                      27: 0.075
                      30:-0.147
                      33:-0.765
                      35: 0.075
                      37: 0.495
                      38: 0.348
 
 I=  9/2- (5)  4.963  28: 0.253
                      29:-0.935
                      31:-0.055
                      36:-0.240

             ENERGY    K= OMEGA
 
 I= 11/2- (1)  3.867  25:-0.487
                      27:-0.558
                      30:-0.480
                      33:-0.369
                      35:-0.210
                      37:-0.118
                      38:-0.166
 
 I= 11/2- (2)  4.068  26:-0.108
                      28:-0.140
                      29:-0.279
                      34: 0.432
                      36:-0.839
 
 I= 11/2- (3)  4.497  26: 0.992
                      34: 0.106
                      36:-0.059
 
 I= 11/2- (4)  4.834  26:-0.069
                      28:-0.235
                      29: 0.186
                      32: 0.062
                      34: 0.849
                      36: 0.425
 
 I= 11/2- (5)  5.276  25:-0.342
                      27:-0.203
                      30:-0.164
                      33: 0.765
                      35:-0.092
                      37: 0.288
                      38: 0.373

             ENERGY    K= OMEGA
 
 I= 13/2- (1)  5.445  26: 0.102
                      28:-0.177
                      29: 0.322
                      34:-0.461
                      36:-0.799
 
 I= 13/2- (2)  5.664  25: 0.173
                      27:-0.557
                      30: 0.673
                      33: 0.200
                      35:-0.371
                      37:-0.093
                      38:-0.142
 
 I= 13/2- (3)  6.001  24: 0.443
                      26:-0.114
                      28:-0.082
                      31:-0.535
                      32:-0.692
                      34:-0.077
                      36: 0.110
 
 I= 13/2- (4)  6.082  24:-0.056
                      26:-0.982
                      31: 0.069
                      32: 0.084
                      34:-0.131
 
 I= 13/2- (5)  6.399  24:-0.063
                      26: 0.111
                      28:-0.248
                      29:-0.227
                      31: 0.084
                      32: 0.077
                      34:-0.816
                      36: 0.438

             ENERGY     K=-3/2
  32 LEVELS    TIME=  0.0 SEC



 ******************* EXCITATION ENERGIES, DOMINANT CONFIGURATION AND EXPECTATION VALUES (WITH S.P. UU+VV FACTORS) *******************

  NR  Eex(keV)  I   Kdom  NY    <Jz>  <Jx**2> <Jy**2> <Jz**2> <I.j>/|I|  <Rx**2> <Ry**2> <Rz**2> <R.j>/|R|  <HROTx> <HROTy> <HROTz>

   1    0.0   3/2-  -3/2  32   -1.10    5.10    5.10    1.85    1.29       5.41    5.41   -0.00   -2.91      0.659   0.659  -0.000
   2   40.3   1/2-   1/2  31    0.50    5.11    5.11    0.25    0.20       5.44    5.44   -0.00   -3.12      0.663   0.663  -0.000
   3  218.9   3/2-   1/2  31    0.12    5.02    5.02    0.63    0.75       5.76    5.76   -0.00   -2.72      0.703   0.703  -0.000
   4  230.8   7/2-  -7/2  34   -3.36    2.32    2.32   12.11    3.18       3.63    3.63    0.00   -1.53      0.443   0.443   0.001
   5  320.5   5/2-  -3/2  32   -0.89    5.30    5.30    1.65    1.55       5.91    5.91   -0.00   -2.23      0.721   0.721  -0.000
  
   6  754.9   9/2-   9/2  36    3.00    2.59    2.59   18.63    4.07       4.05    4.05    0.00   -1.26      0.494   0.494   0.000
   7 1221.1   5/2-   1/2  31   -0.03    5.13    5.13    0.81   -0.12      10.27   10.27    0.00   -2.52      1.252   1.252   0.000
   8 1234.6   7/2-  -3/2  32   -0.69    5.09    5.09    1.49    0.83      10.41   10.41   -0.00   -1.84      1.270   1.270  -0.000
   9 1331.9   9/2-  -7/2  34   -2.16    2.43    2.43   13.00    2.72       7.78    7.78    0.00   -1.10      0.949   0.949   0.001
  10 1406.0   7/2-   1/2  31   -0.20    5.12    5.12    1.01    0.97       9.65    9.65   -0.00   -1.69      1.177   1.177  -0.000
  
  11 1514.0   1/2-   1/2  33    0.50   10.46   10.46    0.25    1.05      10.05   10.05    0.00   -4.52      1.225   1.225   0.000
  12 1622.9   7/2-  -7/2  29   -3.31    6.28    6.28   12.00    3.10       7.84    7.84    0.00   -3.09      0.956   0.956   0.000
  13 1645.6   5/2-   1/2  33    0.35   11.11   11.11    0.40    2.16       9.31    9.31    0.00   -3.76      1.135   1.135   0.000
  14 1654.1   9/2-  -3/2  32   -0.66    5.50    5.50    1.51    1.68      10.27   10.27   -0.00   -0.92      1.252   1.252  -0.000
  15 1688.3  11/2-  -3/2  27    0.11   23.59   23.59    2.84    6.10       6.42    6.42    0.00   -3.78      0.783   0.783   0.000
  
  16 1815.4   7/2-   1/2  33    0.25   15.06   15.06    0.71    3.13      10.86   10.86    0.00   -3.95      1.325   1.325   0.000
  17 1889.3  11/2-   9/2  36    2.22    2.79    2.79   17.97    3.49       8.75    8.75    0.00   -0.63      1.067   1.067   0.000
  18 2050.1   5/2-   5/2  28    2.48    6.10    6.10    6.23    2.09       7.42    7.42    0.00   -3.18      0.905   0.905   0.000
  19 2318.3  11/2- -11/2  26   -5.43    2.75    2.75   29.97    5.02       5.61    5.61    0.00   -1.63      0.684   0.684   0.000
  20 2483.6   9/2-   1/2  33    0.27   12.30   12.30    0.70    2.58      12.20   12.20    0.00   -2.52      1.487   1.487   0.000
  
  21 2655.9  11/2-  -7/2  34   -1.72    2.52    2.52   13.41    2.36      13.00   13.00    0.00   -0.85      1.585   1.585   0.000
  22 2784.8   9/2-  -7/2  29   -2.64    6.03    6.03   12.28    2.43      12.48   12.48    0.00   -2.46      1.521   1.521   0.000
  23 3097.8  11/2-   1/2  33    0.16   13.00   13.00    0.87    2.85      14.26   14.26    0.00   -1.84      1.739   1.739   0.000
  24 3266.3  13/2-   9/2  36    1.78    2.96    2.96   17.32    3.08      14.46   14.46    0.00   -0.32      1.763   1.763   0.000
  25 3485.8  13/2-   5/2  30    0.20   23.17   23.17    5.28    4.90      15.96   15.96    0.00   -3.08      1.946   1.946   0.000
  
  26 3683.7   5/2-   5/2  30    1.07   23.27   23.27    4.65    4.34      17.14   17.14    0.00   -6.55      2.090   2.090   0.000
  27 3822.2  13/2-  -3/2  32   -0.50    5.62    5.62    1.96    1.85      18.09   18.09    0.00   -0.05      2.206   2.206   0.000
  28 3822.8   1/2-   1/2  24    0.50    7.20    7.20    0.25    0.63       7.15    7.15    0.00   -3.73      0.872   0.872   0.000
  29 3903.3  13/2- -11/2  26   -5.36    2.80    2.80   29.44    4.25      12.24   12.24    0.00   -1.09      1.493   1.493   0.000
  30 4220.6  13/2-  -7/2  34   -1.56    2.65    2.65   13.45    2.07      19.27   19.27    0.00   -0.69      2.349   2.349   0.001
  
  31 4568.5   1/2-   1/2  37    0.50   15.72   15.72    0.25   -0.42      16.58   16.58   -0.00   -5.57      2.022   2.022  -0.000
  32 7875.0   1/2-   1/2  25    0.50   23.03   23.03    0.25   -3.50      26.56   26.56    0.00   -6.77      3.238   3.238   0.000
