1SPECTRUM OF (Z= 82 A=207) IN PARTICLE-ROTOR  MODEL WITH MODIFIED OSCILLATOR POTENTIAL


 PARITY=-   EPS= 0.523   GAMMA=  0.0   EPS4=0.000   EPS6=0.000   LEVELS:  24  25  26  27  28  29  30  31  32  33  34  35  36  37  38

 PAIRING FACTORS: GN0= 19.20  GN1=  7.40  IPAIR= 15 ***  E2PLUS(INPUT)=   0.730  E2PLUR(INPUT)=   0.000

 CORIOLIS ATTENUATION PARAMETERS:  CHSI=1.000  ETA=  1.00

 MOMENT OF INERTIA PARAMETERS:   A1=  0.122 MEV   A2=  0.122 MEV   A3=121.91924 MEV


 DELTA=0.844 MEV  LAMBDA=53.3941 MEV   HW0= 7.6808 MEV   LAMBDA/HW0= 6.9516

 E2ENERGY=0.730 MEV  HBAR**2/B=50717./A**(7/3)=8573.7/A**2 MEV

 IREC=0  =>  RECOIL TERMS j+j-, j+j+, jzjz, ETC TREATED AS ONE-BODY OPERATORS WITH UU+VV PAIRING FACTORS



 S. P. LEVEL   EQP       U     V        (UU + VV)**1.00

     24       4.644    0.091 0.996      1.000 1.000 1.000 0.987 0.986 0.972 0.969 0.910 0.453 0.409 0.363 0.352 0.281 0.218 0.199
     25       4.081    0.104 0.995      1.000 1.000 1.000 0.989 0.988 0.975 0.972 0.916 0.465 0.420 0.375 0.364 0.294 0.231 0.212
     26       3.922    0.108 0.994      1.000 1.000 1.000 0.990 0.989 0.976 0.973 0.917 0.468 0.424 0.379 0.368 0.298 0.235 0.216
     27       1.748    0.249 0.968      0.987 0.989 0.990 1.000 1.000 0.997 0.996 0.965 0.590 0.549 0.507 0.497 0.431 0.372 0.353
     28       1.700    0.257 0.966      0.986 0.988 0.989 1.000 1.000 0.998 0.997 0.967 0.596 0.556 0.514 0.504 0.438 0.379 0.361
     29       1.383    0.322 0.947      0.972 0.975 0.976 0.997 0.998 1.000 1.000 0.982 0.650 0.611 0.571 0.562 0.499 0.441 0.424
     30       1.344    0.333 0.943      0.969 0.972 0.973 0.996 0.997 1.000 1.000 0.984 0.658 0.620 0.580 0.571 0.508 0.451 0.434
     31       0.981    0.495 0.869      0.910 0.916 0.917 0.965 0.967 0.982 0.984 1.000 0.782 0.750 0.716 0.708 0.653 0.603 0.587
     32       1.227    0.929 0.370      0.453 0.465 0.468 0.590 0.596 0.650 0.658 0.782 1.000 0.999 0.995 0.994 0.983 0.969 0.964
     33       1.378    0.946 0.324      0.409 0.420 0.424 0.549 0.556 0.611 0.620 0.750 0.999 1.000 0.999 0.998 0.991 0.980 0.976
     34       1.588    0.961 0.276      0.363 0.375 0.379 0.507 0.514 0.571 0.580 0.716 0.995 0.999 1.000 1.000 0.996 0.989 0.985
     35       1.649    0.964 0.265      0.352 0.364 0.368 0.497 0.504 0.562 0.571 0.708 0.994 0.998 1.000 1.000 0.997 0.990 0.987
     36       2.231    0.981 0.193      0.281 0.294 0.298 0.431 0.438 0.499 0.508 0.653 0.983 0.991 0.996 0.997 1.000 0.998 0.996
     37       3.313    0.992 0.128      0.218 0.231 0.235 0.372 0.379 0.441 0.451 0.603 0.969 0.980 0.989 0.990 0.998 1.000 1.000
     38       3.892    0.994 0.109      0.199 0.212 0.216 0.353 0.361 0.424 0.434 0.587 0.964 0.976 0.985 0.987 0.996 1.000 1.000

  R CORE   ENERGY   A0R/A00=1.000    R3= 0     2  
   2( 1)    0.732                    1.000 0.000
   2( 2)  487.921                    0.000 1.000

  R CORE   ENERGY   A0R/A00=1.000    R3= 0     2  
   3( 1)  488.652                    0.000 1.000

  R CORE   ENERGY   A0R/A00=1.000    R3= 0     2     4  
   4( 1)    2.438                    1.000 0.000 0.000

  R CORE   ENERGY   A0R/A00=1.000    R3= 0     2     4  
   5( 1)  490.847                    0.000 1.000 0.000

  R CORE   ENERGY   A0R/A00=1.000    R3= 0     2     4     6  
   6( 1)    5.121                    1.000 0.000 0.000 0.000

  R CORE   ENERGY   A0R/A00=1.000    R3= 0     2     4     6  
   7( 1)  494.017                    0.000 1.000 0.000 0.000

          AXIAL SYMMETRY => K RESTRICTED TO OMEGA

                     K
     S.P. ORB#: 24  2.50
     S.P. ORB#: 25 -1.50
     S.P. ORB#: 26  0.50
     S.P. ORB#: 27  0.50
     S.P. ORB#: 28  2.50
     S.P. ORB#: 29  2.50
     S.P. ORB#: 30 -5.50
     S.P. ORB#: 31 -3.50
     S.P. ORB#: 32  0.50
     S.P. ORB#: 33 -1.50
     S.P. ORB#: 34  0.50
     S.P. ORB#: 35 -3.50
     S.P. ORB#: 36 -1.50
     S.P. ORB#: 37 -3.50
     S.P. ORB#: 38  4.50
 

             ENERGY    K= OMEGA
 
 I=  1/2- (1)  2.643  32:-0.999
 
 I=  1/2- (2)  4.824  27:-0.819
                      34: 0.574
 
 I=  1/2- (3)  5.770  26: 0.999
 
 I=  1/2- (4)  6.114  27:-0.574
                      34:-0.819
 
 I=  1/2- (5)147.681  33: 1.000

             ENERGY    K= OMEGA
 
 I=  3/2- (1)  2.707  32:-0.763
                      33: 0.646
 
 I=  3/2- (2)  2.950  26: 0.120
                      32: 0.640
                      33: 0.759

             ENERGY    K= OMEGA
 
 I=  5/2- (1)  3.133  24:-0.055
                      26: 0.107
                      29:-0.773
                      32:-0.293
                      33:-0.550
 
 I=  5/2- (2)  3.285  26:-0.142
                      29:-0.629
                      32: 0.457
                      33: 0.613
 
 I=  5/2- (3)  3.874  29: 0.074
                      32: 0.829
                      33:-0.552
 
 I=  5/2- (4)  5.173  25: 0.107
                      27:-0.765
                      28:-0.104
                      34: 0.567
                      36: 0.267
 
 I=  5/2- (5)  6.583  25:-0.452
                      27: 0.079
                      28: 0.814
                      34: 0.356

             ENERGY    K= OMEGA
 
 I=  7/2- (1)  2.701  24: 0.206
                      29:-0.107
                      31:-0.972
 
 I=  7/2- (2)  3.722  24: 0.060
                      29: 0.758
                      32: 0.197
                      33:-0.306
                      37:-0.536
 
 I=  7/2- (3)  3.936  29: 0.225
                      32:-0.785
                      33: 0.512
                      37:-0.259
 
 I=  7/2- (4)  4.370  24:-0.057
                      26: 0.215
                      29:-0.063
                      32: 0.554
                      33: 0.735
                      37:-0.315
 
 I=  7/2- (5)  4.628  26:-0.066
                      29:-0.598
                      31: 0.085
                      32:-0.104
                      33:-0.271
                      37:-0.739

             ENERGY    K= OMEGA
 
 I=  9/2- (1)  3.283  24:-0.263
                      29: 0.126
                      31:-0.894
                      38: 0.335
 
 I=  9/2- (2)  4.592  24:-0.096
                      26: 0.119
                      29:-0.679
                      31:-0.103
                      32:-0.206
                      33:-0.391
                      37:-0.548
                      38:-0.098
 
 I=  9/2- (3)  4.892  26: 0.257
                      29: 0.277
                      31: 0.105
                      32:-0.513
                      33:-0.672
                      37: 0.362
 
 I=  9/2- (4)  5.180  24: 0.108
                      29:-0.290
                      31: 0.270
                      37: 0.115
                      38: 0.905
 
 I=  9/2- (5)  5.892  25:-0.430
                      27: 0.474
                      28: 0.609
                      34:-0.217
                      35:-0.361
                      36:-0.207

             ENERGY    K= OMEGA
 
 I= 11/2- (1)  2.684  30:-1.000
 
 I= 11/2- (2)  4.146  24: 0.304
                      29:-0.135
                      31:-0.860
                      37: 0.056
                      38:-0.379
 
 I= 11/2- (3)  5.766  24:-0.115
                      29:-0.691
                      31: 0.127
                      32:-0.177
                      33: 0.308
                      37: 0.599
                      38:-0.090
 
 I= 11/2- (4)  6.041  25: 0.476
                      27: 0.482
                      28: 0.591
                      34: 0.238
                      35: 0.317
                      36: 0.185
 
 I= 11/2- (5)  6.133  26:-0.077
                      29: 0.187
                      31:-0.079
                      32:-0.817
                      33: 0.472
                      37:-0.251

             ENERGY    K= OMEGA
 
 I= 13/2- (1)  4.266  30: 0.999
 
 I= 13/2- (2)  5.264  24:-0.337
                      29: 0.139
                      31:-0.838
                      33:-0.059
                      37: 0.069
                      38: 0.392
 
 I= 13/2- (3)  6.986  25: 0.509
                      27:-0.321
                      28:-0.680
                      34: 0.081
                      35: 0.381
                      36: 0.155
 
 I= 13/2- (4)  7.106  24: 0.126
                      26:-0.205
                      29: 0.595
                      31: 0.091
                      32: 0.286
                      33: 0.484
                      37: 0.504
                      38: 0.093
 
 I= 13/2- (5)  7.482  26: 0.304
                      29: 0.383
                      31: 0.139
                      32:-0.474
                      33:-0.561
                      37: 0.449

             ENERGY     K= 9/2
  32 LEVELS    TIME=  0.0 SEC



 ******************* EXCITATION ENERGIES, DOMINANT CONFIGURATION AND EXPECTATION VALUES (WITH S.P. UU+VV FACTORS) *******************

  NR  Eex(keV)  I   Kdom  NY    <Jz>  <Jx**2> <Jy**2> <Jz**2> <I.j>/|I|  <Rx**2> <Ry**2> <Rz**2> <R.j>/|R|  <HROTx> <HROTy> <HROTz>

   1    0.0   1/2-   1/2  32    0.50    5.35    5.35    0.25    0.08       5.79    5.79    0.00   -3.20      0.706   0.706   0.000
   2   40.8  11/2- -11/2  30   -5.49    2.75    2.75   30.24    5.06       5.49    5.49    0.00   -1.65      0.669   0.669   0.000
   3   57.9   7/2-  -7/2  31   -3.17    6.49    6.49   11.92    3.51       6.39    6.39    0.00   -3.07      0.779   0.779   0.001
   4   64.1   3/2-   1/2  32   -0.34    5.35    5.35    1.09    1.01       5.81    5.81    0.00   -2.88      0.708   0.708   0.000
   5  307.6   3/2-  -3/2  33   -0.65    5.37    5.37    1.40    0.72       6.55    6.55    0.00   -2.97      0.799   0.799   0.000
  
   6  490.2   5/2-   5/2  29    1.10    5.86    5.86    4.46    1.82       7.08    7.08    0.00   -2.87      0.863   0.863   0.000
   7  640.1   9/2-  -7/2  31   -2.09    6.14    6.14   12.62    3.58       7.03    7.03    0.00   -1.89      0.857   0.857   0.001
   8  641.7   5/2-   5/2  29    0.54    5.76    5.76    3.38    1.38       7.73    7.73    0.00   -2.75      0.943   0.943   0.000
   9 1079.1   7/2-   5/2  29    0.31    4.91    4.91    7.38    2.31       7.30    7.30    0.00   -2.10      0.890   0.890   0.000
  10 1230.7   5/2-   1/2  32   -0.10    5.37    5.37    0.90   -0.15      10.63   10.63    0.00   -2.62      1.296   1.296   0.000
  
  11 1292.8   7/2-   1/2  32   -0.20    5.18    5.18    1.91    0.93      10.31   10.31    0.00   -1.89      1.257   1.257   0.000
  12 1503.6  11/2-  -7/2  31   -1.68    6.09    6.09   12.72    3.43       9.82    9.82    0.00   -0.99      1.197   1.197   0.000
  13 1622.9  13/2- -11/2  30   -5.48    2.75    2.75   30.21    4.34      11.96   11.96    0.00   -1.11      1.458   1.458   0.000
  14 1727.7   7/2-  -3/2  33   -0.96    5.14    5.14    2.57    0.79      11.15   11.15    0.00   -2.05      1.359   1.359   0.000
  15 1948.8   9/2-   5/2  29   -0.07    4.77    4.77    7.30    2.08      10.46   10.46    0.00   -1.42      1.276   1.276   0.000
  
  16 1985.2   7/2-  -7/2  37   -1.14    4.02    4.02    9.18    1.90       8.95    8.95    0.00   -2.29      1.091   1.091   0.000
  17 2181.1   1/2-   1/2  27    0.50   13.40   13.40    0.25    1.24      12.83   12.83    0.00   -5.13      1.564   1.564   0.000
  18 2248.8   9/2-  -3/2  33   -0.81    5.19    5.19    3.34    1.28      12.85   12.85    0.00   -1.45      1.567   1.567   0.000
  19 2530.6   5/2-   1/2  27    0.36   13.97   13.97    0.48    1.55      14.01   14.01   -0.00   -4.51      1.708   1.708  -0.000
  20 2537.2   9/2-   9/2  38    3.62    3.06    3.06   18.22    3.52       7.01    7.01    0.00   -1.82      0.854   0.854   0.001
  
  21 2621.0  13/2-  -7/2  31   -1.47    6.10    6.10   12.68    3.28      13.94   13.94    0.00   -0.38      1.699   1.699   0.000
  22 3122.9  11/2-   5/2  29   -0.18    4.56    4.56    8.04    1.93      14.92   14.92    0.00   -1.03      1.819   1.819   0.000
  23 3127.0   1/2-   1/2  26    0.50    7.67    7.67    0.25    0.66       7.59    7.59    0.00   -3.85      0.926   0.926   0.000
  24 3249.2   9/2-   5/2  28    0.26   19.87   19.87    4.49    3.86      15.30   15.30   -0.00   -4.53      1.865   1.865  -0.000
  25 3397.9  11/2-   5/2  28    0.28   20.33   20.33    4.07    4.13      15.52   15.52   -0.00   -3.59      1.892   1.892  -0.000
  
  26 3471.4   1/2-   1/2  34    0.50   16.90   16.90    0.25   -1.10      18.35   18.35   -0.00   -5.78      2.237   2.237  -0.000
  27 3490.6  11/2-   1/2  32   -0.15    5.18    5.18    1.74    0.76      19.36   19.36    0.00   -1.21      2.360   2.360   0.000
  28 3939.9   5/2-   5/2  28    1.41   21.66   21.66    4.63    3.47      18.09   18.09   -0.00   -6.27      2.205   2.205  -0.000
  29 4343.6  13/2-   5/2  28    0.28   21.36   21.36    5.33    4.20      19.11   19.11   -0.00   -3.04      2.330   2.330  -0.000
  30 4463.4  13/2-   5/2  29   -0.25    4.91    4.91    6.26    1.66      20.79   20.79    0.00   -0.69      2.535   2.535   0.000
  
  31 4839.3  13/2-  -3/2  33   -0.72    5.08    5.08    4.42    1.29      22.63   22.63    0.00   -0.82      2.759   2.759   0.000
  32*******   1/2-  -3/2  33    0.00    0.00    0.00    0.00   -0.00       0.00    0.00    0.00   -0.00      0.000   0.000   0.000
