1SPECTRUM OF (Z= 82 A=207) IN PARTICLE-ROTOR  MODEL WITH MODIFIED OSCILLATOR POTENTIAL


 PARITY=-   EPS= 0.551   GAMMA=  0.0   EPS4=0.000   EPS6=0.000   LEVELS:  24  25  26  27  28  29  30  31  32  33  34  35  36  37  38

 PAIRING FACTORS: GN0= 19.20  GN1=  7.40  IPAIR= 15 ***  E2PLUS(INPUT)=   0.730  E2PLUR(INPUT)=   0.000

 CORIOLIS ATTENUATION PARAMETERS:  CHSI=1.000  ETA=  1.00

 MOMENT OF INERTIA PARAMETERS:   A1=  0.122 MEV   A2=  0.122 MEV   A3=121.91924 MEV


 DELTA=0.887 MEV  LAMBDA=53.4669 MEV   HW0= 7.7148 MEV   LAMBDA/HW0= 6.9304

 E2ENERGY=0.730 MEV  HBAR**2/B=56293./A**(7/3)=9516.3/A**2 MEV

 IREC=0  =>  RECOIL TERMS j+j-, j+j+, jzjz, ETC TREATED AS ONE-BODY OPERATORS WITH UU+VV PAIRING FACTORS



 S. P. LEVEL   EQP       U     V        (UU + VV)**1.00

     24       4.631    0.096 0.995      1.000 1.000 1.000 0.995 0.991 0.949 0.910 0.840 0.463 0.408 0.387 0.374 0.333 0.211 0.196
     25       4.599    0.097 0.995      1.000 1.000 1.000 0.995 0.992 0.949 0.910 0.840 0.463 0.409 0.388 0.375 0.334 0.212 0.197
     26       3.890    0.115 0.993      1.000 1.000 1.000 0.997 0.994 0.955 0.917 0.850 0.479 0.425 0.405 0.392 0.350 0.230 0.215
     27       2.335    0.194 0.981      0.995 0.995 0.997 1.000 0.999 0.975 0.946 0.889 0.548 0.496 0.476 0.464 0.424 0.307 0.292
     28       2.022    0.225 0.974      0.991 0.992 0.994 0.999 1.000 0.982 0.956 0.904 0.574 0.524 0.504 0.492 0.453 0.337 0.323
     29       1.197    0.406 0.914      0.949 0.949 0.955 0.975 0.982 1.000 0.994 0.968 0.719 0.675 0.659 0.648 0.614 0.509 0.496
     30       1.023    0.501 0.865      0.910 0.910 0.917 0.946 0.956 0.994 1.000 0.990 0.789 0.751 0.736 0.726 0.695 0.599 0.586
     31       0.912    0.621 0.784      0.840 0.840 0.850 0.889 0.904 0.968 0.990 1.000 0.870 0.838 0.826 0.818 0.791 0.708 0.697
     32       1.275    0.927 0.375      0.463 0.463 0.479 0.548 0.574 0.719 0.789 0.870 1.000 0.998 0.997 0.995 0.990 0.964 0.960
     33       1.471    0.948 0.318      0.408 0.409 0.425 0.496 0.524 0.675 0.751 0.838 0.998 1.000 1.000 0.999 0.997 0.979 0.975
     34       1.565    0.955 0.297      0.387 0.388 0.405 0.476 0.504 0.659 0.736 0.826 0.997 1.000 1.000 1.000 0.998 0.983 0.980
     35       1.633    0.959 0.283      0.374 0.375 0.392 0.464 0.492 0.648 0.726 0.818 0.995 0.999 1.000 1.000 0.999 0.985 0.983
     36       1.900    0.971 0.241      0.333 0.334 0.350 0.424 0.453 0.614 0.695 0.791 0.990 0.997 0.998 0.999 1.000 0.992 0.990
     37       3.839    0.993 0.116      0.211 0.212 0.230 0.307 0.337 0.509 0.599 0.708 0.964 0.979 0.983 0.985 0.992 1.000 1.000
     38       4.411    0.995 0.101      0.196 0.197 0.215 0.292 0.323 0.496 0.586 0.697 0.960 0.975 0.980 0.983 0.990 1.000 1.000

  R CORE   ENERGY   A0R/A00=1.000    R3= 0     2  
   2( 1)    0.732                    1.000 0.000
   2( 2)  487.921                    0.000 1.000

  R CORE   ENERGY   A0R/A00=1.000    R3= 0     2  
   3( 1)  488.652                    0.000 1.000

  R CORE   ENERGY   A0R/A00=1.000    R3= 0     2     4  
   4( 1)    2.438                    1.000 0.000 0.000

  R CORE   ENERGY   A0R/A00=1.000    R3= 0     2     4  
   5( 1)  490.847                    0.000 1.000 0.000

  R CORE   ENERGY   A0R/A00=1.000    R3= 0     2     4     6  
   6( 1)    5.121                    1.000 0.000 0.000 0.000

  R CORE   ENERGY   A0R/A00=1.000    R3= 0     2     4     6  
   7( 1)  494.017                    0.000 1.000 0.000 0.000

          AXIAL SYMMETRY => K RESTRICTED TO OMEGA

                     K
     S.P. ORB#: 24 -1.50
     S.P. ORB#: 25  2.50
     S.P. ORB#: 26  0.50
     S.P. ORB#: 27  0.50
     S.P. ORB#: 28  2.50
     S.P. ORB#: 29  2.50
     S.P. ORB#: 30 -5.50
     S.P. ORB#: 31 -3.50
     S.P. ORB#: 32  0.50
     S.P. ORB#: 33  0.50
     S.P. ORB#: 34 -3.50
     S.P. ORB#: 35 -1.50
     S.P. ORB#: 36 -1.50
     S.P. ORB#: 37 -3.50
     S.P. ORB#: 38 -1.50
 

             ENERGY    K= OMEGA
 
 I=  1/2- (1)  2.907  33:-0.999
 
 I=  1/2- (2)  4.948  27:-0.597
                      32: 0.802
 
 I=  1/2- (3)  5.767  26: 0.999
 
 I=  1/2- (4)  6.316  27: 0.802
                      32: 0.597
 
 I=  1/2- (5)147.936  35: 1.000

             ENERGY    K= OMEGA
 
 I=  3/2- (1)  2.974  33:-0.781
                      35:-0.624
 
 I=  3/2- (2)  3.217  26: 0.119
                      33:-0.617
                      35: 0.778

             ENERGY    K= OMEGA
 
 I=  5/2- (1)  3.005  29: 0.986
                      35: 0.156
 
 I=  5/2- (2)  3.522  26:-0.178
                      29:-0.159
                      33:-0.533
                      35: 0.811
 
 I=  5/2- (3)  4.137  33: 0.834
                      35: 0.547
 
 I=  5/2- (4)  4.896  27:-0.551
                      32: 0.743
                      36: 0.244
                      38:-0.289
 
 I=  5/2- (5)  6.529  24: 0.122
                      27:-0.287
                      28:-0.334
                      32:-0.408
                      36: 0.768
                      38: 0.186

             ENERGY    K= OMEGA
 
 I=  7/2- (1)  2.672  25: 0.191
                      29:-0.121
                      31:-0.974
 
 I=  7/2- (2)  3.670  25: 0.061
                      29: 0.902
                      31:-0.091
                      33:-0.066
                      35:-0.186
                      37:-0.368
 
 I=  7/2- (3)  4.195  29: 0.129
                      33: 0.820
                      35: 0.545
                      37:-0.099
 
 I=  7/2- (4)  4.659  25:-0.055
                      26: 0.222
                      29: 0.056
                      33:-0.543
                      35: 0.786
                      37:-0.173
 
 I=  7/2- (5)  5.026  29: 0.388
                      31:-0.059
                      35: 0.135
                      37: 0.908

             ENERGY    K= OMEGA
 
 I=  9/2- (1)  3.507  25:-0.269
                      29: 0.157
                      31:-0.950
 
 I=  9/2- (2)  4.577  25:-0.083
                      26: 0.061
                      29:-0.844
                      31:-0.111
                      33: 0.091
                      35:-0.238
                      37:-0.446
 
 I=  9/2- (3)  5.177  26: 0.281
                      29: 0.185
                      31: 0.075
                      33: 0.542
                      35:-0.744
                      37: 0.183
 
 I=  9/2- (4)  5.671  24: 0.087
                      27:-0.519
                      28:-0.091
                      32: 0.716
                      34: 0.052
                      36: 0.241
                      38:-0.376
 
 I=  9/2- (5)  6.247  25: 0.069
                      26: 0.068
                      29: 0.309
                      33: 0.571
                      35: 0.354
                      37:-0.666

             ENERGY    K= OMEGA
 
 I= 11/2- (1)  2.364  30:-1.000
 
 I= 11/2- (2)  4.556  25: 0.325
                      29:-0.175
                      31:-0.928
 
 I= 11/2- (3)  5.741  25:-0.099
                      29:-0.818
                      31: 0.122
                      33: 0.089
                      35: 0.229
                      37: 0.495
 
 I= 11/2- (4)  5.891  24:-0.375
                      27:-0.432
                      28:-0.446
                      32:-0.557
                      34:-0.236
                      36:-0.138
                      38:-0.299
 
 I= 11/2- (5)  6.394  26:-0.071
                      29: 0.133
                      31:-0.067
                      33: 0.839
                      35: 0.498
                      37:-0.145

             ENERGY    K= OMEGA
 
 I= 13/2- (1)  3.949  30:-1.000
 
 I= 13/2- (2)  5.827  25:-0.370
                      29: 0.183
                      31:-0.908
                      35:-0.060
 
 I= 13/2- (3)  7.122  25: 0.111
                      26:-0.109
                      29: 0.775
                      31: 0.109
                      33:-0.139
                      35: 0.305
                      37: 0.502
 
 I= 13/2- (4)  7.249  24: 0.424
                      27:-0.425
                      28:-0.573
                      32: 0.332
                      34: 0.349
                      36: 0.217
                      38:-0.178
 
 I= 13/2- (5)  7.436  24:-0.260
                      27:-0.271
                      28: 0.406
                      32: 0.661
                      34:-0.259
                      36: 0.107
                      38:-0.423

             ENERGY     K=-3/2
  32 LEVELS    TIME=  0.0 SEC



 ******************* EXCITATION ENERGIES, DOMINANT CONFIGURATION AND EXPECTATION VALUES (WITH S.P. UU+VV FACTORS) *******************

  NR  Eex(keV)  I   Kdom  NY    <Jz>  <Jx**2> <Jy**2> <Jz**2> <I.j>/|I|  <Rx**2> <Ry**2> <Rz**2> <R.j>/|R|  <HROTx> <HROTy> <HROTz>

   1    0.0  11/2- -11/2  30   -5.50    2.75    2.75   30.25    5.06       5.50    5.50    0.00   -1.66      0.671   0.671   0.000
   2  307.6   7/2-  -7/2  31   -3.19    6.50    6.50   11.94    3.45       6.65    6.65    0.00   -3.08      0.810   0.810   0.000
   3  542.4   1/2-   1/2  33    0.50    5.42    5.42    0.25    0.06       5.87    5.87    0.00   -3.22      0.716   0.716   0.000
   4  609.4   3/2-   1/2  33   -0.28    5.42    5.42    1.03    0.99       5.90    5.90    0.00   -2.90      0.719   0.719   0.000
   5  640.3   5/2-   5/2  29    2.40    6.19    6.19    6.14    2.13       7.34    7.34    0.00   -3.19      0.895   0.895   0.000
  
   6  852.7   3/2-  -3/2  35   -0.71    5.45    5.45    1.46    0.74       6.62    6.62    0.00   -3.00      0.807   0.807   0.000
   7 1142.6   9/2-  -7/2  31   -2.92    6.62    6.62   11.66    3.08       9.51    9.51    0.00   -2.20      1.160   1.160   0.000
   8 1157.4   5/2-  -3/2  35   -0.76    5.55    5.55    1.72    1.05       7.67    7.67    0.00   -2.48      0.935   0.935   0.000
   9 1305.5   7/2-   5/2  29    1.49    5.61    5.61    6.95    2.11       8.56    8.56    0.00   -2.36      1.044   1.044   0.000
  10 1584.9  13/2- -11/2  30   -5.50    2.75    2.75   30.25    4.33      12.00   12.00    0.00   -1.12      1.463   1.463   0.000
  
  11 1772.8   5/2-   1/2  33   -0.09    5.44    5.44    0.87   -0.15      10.71   10.71    0.00   -2.64      1.305   1.305   0.000
  12 1830.5   7/2-   1/2  33   -0.10    5.41    5.41    1.08    0.74      10.87   10.87    0.00   -1.92      1.325   1.325   0.000
  13 2192.3  11/2-  -7/2  31   -2.68    6.73    6.73   11.41    2.85      13.29   13.29    0.00   -1.52      1.621   1.621   0.000
  14 2212.9   9/2-   5/2  29    0.98    5.32    5.32    7.22    1.98      11.47   11.47    0.00   -1.68      1.399   1.399   0.000
  15 2295.1   7/2-  -3/2  35   -0.85    5.45    5.45    1.89    0.61      11.85   11.85    0.00   -2.13      1.445   1.445   0.000
  
  16 2532.1   5/2-   1/2  32    0.21   14.57   14.57    0.54    2.34      12.29   12.29    0.00   -4.59      1.499   1.499   0.000
  17 2584.3   1/2-   1/2  32    0.50   14.24   14.24    0.25    1.41      13.51   13.51    0.00   -5.29      1.648   1.648   0.000
  18 2662.2   7/2-  -7/2  37   -2.55    3.00    3.00   11.13    2.45       6.72    6.72   -0.00   -2.02      0.820   0.820  -0.000
  19 2812.6   9/2-  -3/2  35   -0.69    5.57    5.57    2.04    1.05      13.76   13.76    0.00   -1.52      1.678   1.678   0.000
  20 3306.6   9/2-   1/2  32    0.09   14.90   14.90    0.75    2.59      14.76   14.76   -0.00   -3.25      1.799   1.799  -0.000
  
  21 3376.9  11/2-   5/2  29    0.71    5.13    5.13    7.55    1.84      15.75   15.75    0.00   -1.21      1.920   1.920   0.000
  22 3402.6   1/2-   1/2  26    0.50    7.77    7.77    0.25    0.65       7.71    7.71   -0.00   -3.88      0.940   0.940  -0.000
  23 3463.3  13/2-  -7/2  31   -2.47    6.82    6.82   11.19    2.69      18.02   18.02    0.00   -1.01      2.197   2.197   0.000
  24 3527.1  11/2-   1/2  32    0.18   19.54   19.54    2.61    4.08      14.32   14.32    0.00   -3.23      1.745   1.745   0.000
  25 3883.2   9/2-  -7/2  37   -1.32    4.13    4.13    6.43    0.91      15.20   15.20   -0.00   -1.84      1.853   1.853  -0.000
  
  26 3952.3   1/2-   1/2  27    0.50   16.26   16.26    0.25   -1.30      17.88   17.88    0.00   -5.67      2.180   2.180   0.000
  27 4030.3  11/2-   1/2  33   -0.06    5.37    5.37    1.16    0.67      19.80   19.80    0.00   -1.25      2.414   2.414   0.000
  28 4164.7   5/2-  -3/2  36   -0.56   18.18   18.18    2.20    1.68      18.68   18.68    0.00   -5.50      2.278   2.278   0.000
  29 4757.7  13/2-   5/2  29    0.49    5.08    5.08    7.27    1.72      21.10   21.10    0.00   -0.84      2.572   2.572   0.000
  30 4884.3  13/2-   5/2  28    0.15   19.21   19.21    4.20    3.74      19.55   19.55    0.00   -2.64      2.384   2.384   0.000
  
  31 5072.2  13/2-   1/2  32    0.05   17.78   17.78    2.56    3.20      21.10   21.10    0.00   -2.43      2.572   2.572   0.000
  32*******   1/2-  -3/2  35    0.00    0.00    0.00    0.00   -0.00       0.00    0.00    0.00   -0.00      0.000   0.000   0.000
