1SPECTRUM OF (Z= 82 A=207) IN PARTICLE-ROTOR  MODEL WITH MODIFIED OSCILLATOR POTENTIAL


 PARITY=-   EPS= 0.576   GAMMA=  0.0   EPS4=0.000   EPS6=0.000   LEVELS:  24  25  26  27  28  29  30  31  32  33  34  35  36  37  38

 PAIRING FACTORS: GN0= 19.20  GN1=  7.40  IPAIR= 15 ***  E2PLUS(INPUT)=   0.730  E2PLUR(INPUT)=   0.000

 CORIOLIS ATTENUATION PARAMETERS:  CHSI=1.000  ETA=  1.00

 MOMENT OF INERTIA PARAMETERS:   A1=  0.122 MEV   A2=  0.122 MEV   A3=121.91924 MEV


 DELTA=0.922 MEV  LAMBDA=53.5508 MEV   HW0= 7.7475 MEV   LAMBDA/HW0= 6.9121

 E2ENERGY=0.730 MEV  HBAR**2/B=61518./A**(7/3)=******/A**2 MEV

 IREC=0  =>  RECOIL TERMS j+j-, j+j+, jzjz, ETC TREATED AS ONE-BODY OPERATORS WITH UU+VV PAIRING FACTORS



 S. P. LEVEL   EQP       U     V        (UU + VV)**1.00

     24       4.563    0.102 0.995      1.000 1.000 1.000 0.998 0.995 0.914 0.785 0.758 0.586 0.422 0.395 0.379 0.353 0.210 0.208
     25       4.368    0.106 0.994      1.000 1.000 1.000 0.998 0.995 0.916 0.788 0.761 0.590 0.426 0.399 0.384 0.357 0.214 0.212
     26       3.864    0.120 0.993      1.000 1.000 1.000 0.999 0.997 0.922 0.796 0.770 0.601 0.439 0.412 0.397 0.370 0.228 0.226
     27       2.884    0.162 0.987      0.998 0.998 0.999 1.000 0.999 0.937 0.821 0.797 0.635 0.476 0.450 0.435 0.409 0.269 0.267
     28       2.323    0.203 0.979      0.995 0.995 0.997 0.999 1.000 0.951 0.844 0.821 0.666 0.512 0.487 0.472 0.446 0.309 0.307
     29       1.070    0.496 0.868      0.914 0.916 0.922 0.937 0.951 1.000 0.969 0.957 0.864 0.753 0.733 0.722 0.702 0.588 0.587
     30       0.922    0.696 0.718      0.785 0.788 0.796 0.821 0.844 0.969 1.000 0.999 0.962 0.893 0.879 0.871 0.857 0.771 0.769
     31       0.923    0.726 0.688      0.758 0.761 0.770 0.797 0.821 0.957 0.999 1.000 0.973 0.911 0.898 0.891 0.877 0.797 0.795
     32       1.063    0.865 0.501      0.586 0.590 0.601 0.635 0.666 0.864 0.962 0.973 1.000 0.982 0.976 0.972 0.965 0.915 0.914
     33       1.489    0.945 0.328      0.422 0.426 0.439 0.476 0.512 0.753 0.893 0.911 0.982 1.000 1.000 0.999 0.997 0.975 0.975
     34       1.614    0.954 0.299      0.395 0.399 0.412 0.450 0.487 0.733 0.879 0.898 0.976 1.000 1.000 1.000 0.999 0.981 0.981
     35       1.696    0.959 0.283      0.379 0.384 0.397 0.435 0.472 0.722 0.871 0.891 0.972 0.999 1.000 1.000 1.000 0.984 0.984
     36       1.865    0.967 0.256      0.353 0.357 0.370 0.409 0.446 0.702 0.857 0.877 0.965 0.997 0.999 1.000 1.000 0.989 0.989
     37       4.237    0.994 0.109      0.210 0.214 0.228 0.269 0.309 0.588 0.771 0.797 0.915 0.975 0.981 0.984 0.989 1.000 1.000
     38       4.310    0.994 0.108      0.208 0.212 0.226 0.267 0.307 0.587 0.769 0.795 0.914 0.975 0.981 0.984 0.989 1.000 1.000

  R CORE   ENERGY   A0R/A00=1.000    R3= 0     2  
   2( 1)    0.732                    1.000 0.000
   2( 2)  487.921                    0.000 1.000

  R CORE   ENERGY   A0R/A00=1.000    R3= 0     2  
   3( 1)  488.652                    0.000 1.000

  R CORE   ENERGY   A0R/A00=1.000    R3= 0     2     4  
   4( 1)    2.438                    1.000 0.000 0.000

  R CORE   ENERGY   A0R/A00=1.000    R3= 0     2     4  
   5( 1)  490.847                    0.000 1.000 0.000

  R CORE   ENERGY   A0R/A00=1.000    R3= 0     2     4     6  
   6( 1)    5.121                    1.000 0.000 0.000 0.000

  R CORE   ENERGY   A0R/A00=1.000    R3= 0     2     4     6  
   7( 1)  494.017                    0.000 1.000 0.000 0.000

          AXIAL SYMMETRY => K RESTRICTED TO OMEGA

                     K
     S.P. ORB#: 24  2.50
     S.P. ORB#: 25  4.50
     S.P. ORB#: 26  0.50
     S.P. ORB#: 27  0.50
     S.P. ORB#: 28  2.50
     S.P. ORB#: 29  2.50
     S.P. ORB#: 30 -5.50
     S.P. ORB#: 31 -3.50
     S.P. ORB#: 32  0.50
     S.P. ORB#: 33 -3.50
     S.P. ORB#: 34 -1.50
     S.P. ORB#: 35  0.50
     S.P. ORB#: 36 -1.50
     S.P. ORB#: 37 -1.50
     S.P. ORB#: 38 -3.50
 

             ENERGY    K= OMEGA
 
 I=  1/2- (1)  3.149  35:-0.999
 
 I=  1/2- (2)  4.884  27:-0.454
                      32: 0.891
 
 I=  1/2- (3)  5.765  26: 0.999
 
 I=  1/2- (4)  6.761  27: 0.891
                      32: 0.454
 
 I=  1/2- (5)147.917  34: 1.000

             ENERGY    K= OMEGA
 
 I=  3/2- (1)  3.217  35:-0.795
                      36:-0.607
 
 I=  3/2- (2)  3.458  26:-0.120
                      35: 0.600
                      36:-0.791

             ENERGY    K= OMEGA
 
 I=  5/2- (1)  2.890  29: 0.994
                      36: 0.106
 
 I=  5/2- (2)  3.772  26: 0.185
                      29: 0.102
                      35: 0.528
                      36:-0.822
 
 I=  5/2- (3)  4.379  26:-0.050
                      35:-0.837
                      36:-0.543
 
 I=  5/2- (4)  4.802  27: 0.496
                      32:-0.769
                      34:-0.280
                      37: 0.289
 
 I=  5/2- (5)  6.357  27:-0.123
                      28:-0.150
                      32:-0.358
                      34: 0.903
                      37: 0.136

             ENERGY    K= OMEGA
 
 I=  7/2- (1)  2.722  24:-0.174
                      29: 0.142
                      31: 0.974
 
 I=  7/2- (2)  3.580  24:-0.060
                      29:-0.934
                      31: 0.122
                      36: 0.143
                      38: 0.296
 
 I=  7/2- (3)  4.436  29: 0.093
                      35: 0.830
                      36: 0.544
                      38:-0.060
 
 I=  7/2- (4)  4.904  24:-0.058
                      26: 0.227
                      29: 0.073
                      35:-0.533
                      36: 0.802
                      38:-0.105
 
 I=  7/2- (5)  5.384  27:-0.349
                      28:-0.052
                      32:-0.843
                      34:-0.115
                      37:-0.388

             ENERGY    K= OMEGA
 
 I=  9/2- (1)  3.586  24:-0.246
                      25: 0.050
                      29: 0.187
                      31:-0.949
 
 I=  9/2- (2)  4.499  24: 0.085
                      29: 0.885
                      31: 0.155
                      35:-0.053
                      36: 0.181
                      38: 0.384
 
 I=  9/2- (3)  5.435  26:-0.293
                      29:-0.141
                      31:-0.061
                      35:-0.541
                      36: 0.762
                      38:-0.125
 
 I=  9/2- (4)  5.571  27:-0.487
                      32: 0.742
                      34: 0.267
                      37:-0.376
 
 I=  9/2- (5)  6.539  24:-0.069
                      25:-0.095
                      26:-0.078
                      29:-0.061
                      35:-0.777
                      36:-0.540
                      38: 0.284

             ENERGY    K= OMEGA
 
 I= 11/2- (1)  2.082  25: 0.171
                      30: 0.985
 
 I= 11/2- (2)  4.669  24:-0.299
                      25: 0.059
                      29: 0.211
                      31: 0.927
 
 I= 11/2- (3)  5.657  24: 0.106
                      29: 0.853
                      31:-0.171
                      35:-0.054
                      36:-0.190
                      38:-0.438
 
 I= 11/2- (4)  6.451  27: 0.385
                      28: 0.080
                      32: 0.794
                      33: 0.051
                      34: 0.137
                      37: 0.439
 
 I= 11/2- (5)  6.635  26:-0.069
                      29: 0.103
                      31:-0.056
                      35: 0.847
                      36: 0.503
                      38:-0.103

             ENERGY    K= OMEGA
 
 I= 13/2- (1)  3.464  25:-0.242
                      30: 0.970
 
 I= 13/2- (2)  5.976  24:-0.341
                      25: 0.059
                      29: 0.224
                      31:-0.907
                      38: 0.057
 
 I= 13/2- (3)  7.041  24: 0.122
                      26:-0.072
                      29: 0.819
                      31: 0.170
                      35:-0.083
                      36: 0.233
                      38: 0.466
 
 I= 13/2- (4)  7.263  27: 0.474
                      32:-0.729
                      34:-0.248
                      37: 0.427
 
 I= 13/2- (5)  8.020  26:-0.373
                      29:-0.171
                      31:-0.102
                      35:-0.534
                      36: 0.709
                      38:-0.176

             ENERGY     K=-7/2
  32 LEVELS    TIME=  0.0 SEC



 ******************* EXCITATION ENERGIES, DOMINANT CONFIGURATION AND EXPECTATION VALUES (WITH S.P. UU+VV FACTORS) *******************

  NR  Eex(keV)  I   Kdom  NY    <Jz>  <Jx**2> <Jy**2> <Jz**2> <I.j>/|I|  <Rx**2> <Ry**2> <Rz**2> <R.j>/|R|  <HROTx> <HROTy> <HROTz>

   1    0.0  11/2- -11/2  30   -5.21    2.89    2.89   29.95    5.25       4.34    4.34    0.00   -1.47      0.529   0.529   0.000
   2  640.1   7/2-  -7/2  31   -3.20    6.51    6.51   11.95    3.39       6.91    6.91    0.00   -3.10      0.842   0.842   0.001
   3  807.6   5/2-   5/2  29    2.45    6.24    6.24    6.20    2.13       7.41    7.41   -0.00   -3.21      0.903   0.903  -0.000
   4 1066.9   1/2-   1/2  35    0.50    5.48    5.48    0.25    0.05       5.94    5.94    0.00   -3.24      0.724   0.724   0.000
   5 1135.2   3/2-   1/2  35   -0.24    5.48    5.48    0.99    0.97       5.98    5.98    0.00   -2.91      0.729   0.729   0.000
  
   6 1376.0   3/2-  -3/2  36   -0.75    5.52    5.52    1.50    0.76       6.66    6.66    0.00   -3.03      0.813   0.813   0.000
   7 1382.2  13/2- -11/2  30   -4.91    3.04    3.04   29.65    4.67       9.60    9.60    0.00   -0.70      1.170   1.170   0.000
   8 1498.6   7/2-   5/2  29    1.80    5.84    5.84    6.78    2.04       9.02    9.02    0.00   -2.44      1.099   1.099   0.000
   9 1503.9   9/2-  -7/2  31   -2.91    6.62    6.62   11.69    2.99       9.95    9.95    0.00   -2.25      1.213   1.213   0.001
  10 1690.2   5/2-  -3/2  36   -0.83    5.60    5.60    1.67    1.03       7.75    7.75    0.00   -2.49      0.945   0.945   0.000
  
  11 2297.0   5/2-   1/2  35   -0.08    5.50    5.50    0.86   -0.16      10.77   10.77    0.00   -2.65      1.313   1.313   0.000
  12 2354.6   7/2-   1/2  35   -0.09    5.48    5.48    0.95    0.72      10.99   10.99    0.00   -1.93      1.340   1.340   0.000
  13 2416.8   9/2-   5/2  29    1.33    5.57    5.57    7.13    1.94      11.87   11.87    0.00   -1.77      1.447   1.447   0.000
  14 2586.7  11/2-  -7/2  31   -2.67    6.72    6.72   11.48    2.75      13.92   13.92    0.00   -1.61      1.697   1.697   0.001
  15 2720.3   5/2-   1/2  32    0.18   14.67   14.67    0.57    2.40      12.23   12.23   -0.00   -4.61      1.491   1.491  -0.000
  
  16 2801.8   1/2-   1/2  32    0.50   14.78   14.78    0.25    1.32      14.13   14.13   -0.00   -5.39      1.723   1.723  -0.000
  17 2822.0   7/2-  -3/2  36   -0.82    5.58    5.58    1.73    0.56      12.11   12.11    0.00   -2.17      1.476   1.476   0.000
  18 3302.1   7/2-   1/2  32    0.17   17.68   17.68    0.60    2.79      14.80   14.80   -0.00   -4.58      1.805   1.805  -0.000
  19 3352.9   9/2-  -3/2  36   -0.69    5.69    5.69    1.78    0.99      14.04   14.04    0.00   -1.56      1.711   1.711   0.000
  20 3489.3   9/2-   1/2  32    0.08   14.79   14.79    0.67    2.57      14.71   14.71   -0.00   -3.22      1.794   1.794  -0.000
  
  21 3575.2  11/2-   5/2  29    1.02    5.37    5.37    7.43    1.84      15.98   15.98    0.00   -1.27      1.948   1.948   0.000
  22 3683.3   1/2-   1/2  26    0.50    7.86    7.86    0.25    0.64       7.81    7.81    0.00   -3.90      0.953   0.953   0.000
  23 3894.5  13/2-  -7/2  31   -2.47    6.80    6.80   11.29    2.57      18.85   18.85    0.00   -1.13      2.298   2.298   0.000
  24 4274.9   5/2-  -3/2  34   -1.12   17.07   17.07    2.05    1.04      19.40   19.40    0.00   -5.32      2.365   2.365   0.000
  25 4369.5  11/2-   1/2  32    0.08   17.75   17.75    0.74    2.94      18.40   18.40   -0.00   -3.07      2.243   2.243  -0.000
  
  26 4457.1   9/2-   1/2  35   -0.35    5.28    5.28    2.04    0.02      18.59   18.59    0.00   -2.05      2.267   2.267   0.000
  27 4553.6  11/2-   1/2  35   -0.04    5.46    5.46    0.99    0.65      19.95   19.95    0.00   -1.27      2.432   2.432   0.000
  28 4678.7   1/2-   1/2  27    0.50   15.87   15.87    0.25   -1.23      17.44   17.44   -0.00   -5.60      2.126   2.126  -0.000
  29 4958.7  13/2-   5/2  29    0.78    5.26    5.26    7.46    1.75      21.13   21.13    0.00   -0.88      2.576   2.576   0.000
  30 5181.5  13/2-   1/2  32    0.01   14.92   14.92    0.74    2.64      21.24   21.24   -0.00   -1.86      2.589   2.589  -0.000
  
  31 5937.9  13/2-  -3/2  36   -0.61    5.77    5.77    1.95    1.00      24.11   24.11    0.00   -0.93      2.939   2.939   0.000
  32*******   1/2-  -3/2  34    0.00    0.00    0.00    0.00   -0.00       0.00    0.00    0.00   -0.00      0.000   0.000   0.000
