1SPECTRUM OF (Z= 82 A=207) IN PARTICLE-ROTOR  MODEL WITH MODIFIED OSCILLATOR POTENTIAL


 PARITY=-   EPS= 0.657   GAMMA=  0.0   EPS4=0.000   EPS6=0.000   LEVELS:  24  25  26  27  28  29  30  31  32  33  34  35  36  37  38

 PAIRING FACTORS: GN0= 19.20  GN1=  7.40  IPAIR= 15 ***  E2PLUS(INPUT)=   0.730  E2PLUR(INPUT)=   0.000

 CORIOLIS ATTENUATION PARAMETERS:  CHSI=1.000  ETA=  1.00

 MOMENT OF INERTIA PARAMETERS:   A1=  0.122 MEV   A2=  0.122 MEV   A3=121.91924 MEV


 DELTA=0.856 MEV  LAMBDA=53.8478 MEV   HW0= 7.8697 MEV   LAMBDA/HW0= 6.8425

 E2ENERGY=0.730 MEV  HBAR**2/B=80036./A**(7/3)=******/A**2 MEV

 IREC=0  =>  RECOIL TERMS j+j-, j+j+, jzjz, ETC TREATED AS ONE-BODY OPERATORS WITH UU+VV PAIRING FACTORS



 S. P. LEVEL   EQP       U     V        (UU + VV)**1.00

     24       4.642    0.093 0.996      1.000 1.000 1.000 0.999 0.999 0.932 0.689 0.614 0.469 0.435 0.326 0.265 0.253 0.207 0.177
     25       4.334    0.099 0.995      1.000 1.000 1.000 1.000 0.999 0.935 0.694 0.619 0.475 0.441 0.332 0.271 0.259 0.213 0.184
     26       3.657    0.118 0.993      1.000 1.000 1.000 1.000 1.000 0.941 0.707 0.633 0.491 0.458 0.350 0.289 0.277 0.231 0.202
     27       3.393    0.127 0.992      0.999 1.000 1.000 1.000 1.000 0.944 0.714 0.641 0.499 0.466 0.359 0.298 0.286 0.241 0.211
     28       3.231    0.134 0.991      0.999 0.999 1.000 1.000 1.000 0.947 0.718 0.646 0.505 0.472 0.365 0.304 0.293 0.247 0.218
     29       1.072    0.446 0.895      0.932 0.935 0.941 0.944 0.947 1.000 0.904 0.857 0.756 0.731 0.646 0.595 0.585 0.546 0.521
     30       0.880    0.785 0.619      0.689 0.694 0.707 0.714 0.718 0.904 1.000 0.995 0.963 0.952 0.910 0.881 0.875 0.852 0.835
     31       0.944    0.843 0.538      0.614 0.619 0.633 0.641 0.646 0.857 0.995 1.000 0.985 0.978 0.947 0.924 0.919 0.899 0.886
     32       1.204    0.923 0.385      0.469 0.475 0.491 0.499 0.505 0.756 0.963 0.985 1.000 0.999 0.988 0.976 0.973 0.961 0.952
     33       1.305    0.937 0.350      0.435 0.441 0.458 0.466 0.472 0.731 0.952 0.978 0.999 1.000 0.993 0.983 0.981 0.971 0.963
     34       1.858    0.971 0.237      0.326 0.332 0.350 0.359 0.365 0.646 0.910 0.947 0.988 0.993 1.000 0.998 0.997 0.992 0.988
     35       2.492    0.985 0.174      0.265 0.271 0.289 0.298 0.304 0.595 0.881 0.924 0.976 0.983 0.998 1.000 1.000 0.998 0.996
     36       2.676    0.987 0.162      0.253 0.259 0.277 0.286 0.293 0.585 0.875 0.919 0.973 0.981 0.997 1.000 1.000 0.999 0.997
     37       3.742    0.993 0.115      0.207 0.213 0.231 0.241 0.247 0.546 0.852 0.899 0.961 0.971 0.992 0.998 0.999 1.000 1.000
     38       5.033    0.996 0.085      0.177 0.184 0.202 0.211 0.218 0.521 0.835 0.886 0.952 0.963 0.988 0.996 0.997 1.000 1.000

  R CORE   ENERGY   A0R/A00=1.000    R3= 0     2  
   2( 1)    0.732                    1.000 0.000
   2( 2)  487.921                    0.000 1.000

  R CORE   ENERGY   A0R/A00=1.000    R3= 0     2  
   3( 1)  488.652                    0.000 1.000

  R CORE   ENERGY   A0R/A00=1.000    R3= 0     2     4  
   4( 1)    2.438                    1.000 0.000 0.000

  R CORE   ENERGY   A0R/A00=1.000    R3= 0     2     4  
   5( 1)  490.847                    0.000 1.000 0.000

  R CORE   ENERGY   A0R/A00=1.000    R3= 0     2     4     6  
   6( 1)    5.121                    1.000 0.000 0.000 0.000

  R CORE   ENERGY   A0R/A00=1.000    R3= 0     2     4     6  
   7( 1)  494.017                    0.000 1.000 0.000 0.000

          AXIAL SYMMETRY => K RESTRICTED TO OMEGA

                     K
     S.P. ORB#: 24  0.50
     S.P. ORB#: 25  2.50
     S.P. ORB#: 26  0.50
     S.P. ORB#: 27  4.50
     S.P. ORB#: 28  2.50
     S.P. ORB#: 29  0.50
     S.P. ORB#: 30 -1.50
     S.P. ORB#: 31  2.50
     S.P. ORB#: 32 -3.50
     S.P. ORB#: 33 -3.50
     S.P. ORB#: 34 -5.50
     S.P. ORB#: 35  0.50
     S.P. ORB#: 36 -1.50
     S.P. ORB#: 37 -1.50
     S.P. ORB#: 38  0.50
 

             ENERGY    K= OMEGA
 
 I=  1/2- (1)  3.994  26:-0.060
                      35:-0.998
 
 I=  1/2- (2)  4.970  24:-0.323
                      29:-0.943
                      38:-0.076
 
 I=  1/2- (3)  5.626  26: 0.998
                      35:-0.060
 
 I=  1/2- (4)  8.230  24: 0.832
                      29:-0.245
                      38:-0.497
 
 I=  1/2- (5)  9.394  24: 0.451
                      29:-0.224
                      38: 0.864

             ENERGY    K= OMEGA
 
 I=  3/2- (1)  4.063  35:-0.828
                      36:-0.560
 
 I=  3/2- (2)  4.299  26: 0.132
                      35:-0.553
                      36: 0.823

             ENERGY    K= OMEGA
 
 I=  5/2- (1)  2.786  31: 0.997
                      36: 0.074
 
 I=  5/2- (2)  4.538  24:-0.413
                      29:-0.605
                      30: 0.633
                      37: 0.154
                      38:-0.191
 
 I=  5/2- (3)  4.653  26:-0.218
                      31:-0.068
                      35:-0.508
                      36: 0.829
 
 I=  5/2- (4)  5.220  26: 0.073
                      35: 0.843
                      36: 0.531
 
 I=  5/2- (5)  5.955  24: 0.169
                      28: 0.101
                      29: 0.633
                      30: 0.728
                      37:-0.161
                      38:-0.061

             ENERGY    K= OMEGA
 
 I=  7/2- (1)  3.192  25: 0.109
                      31:-0.330
                      33:-0.937
 
 I=  7/2- (2)  3.676  25:-0.062
                      31:-0.936
                      33: 0.325
                      36: 0.116
 
 I=  7/2- (3)  5.287  31:-0.074
                      35:-0.855
                      36:-0.510
 
 I=  7/2- (4)  5.293  24:-0.367
                      28: 0.109
                      29: 0.589
                      30:-0.652
                      32: 0.071
                      37: 0.163
                      38:-0.222
 
 I=  7/2- (5)  5.761  25:-0.075
                      26: 0.249
                      31: 0.094
                      35:-0.491
                      36: 0.826

             ENERGY    K= OMEGA
 
 I=  9/2- (1)  4.157  25: 0.157
                      27:-0.061
                      31:-0.379
                      33: 0.910
 
 I=  9/2- (2)  4.788  25:-0.098
                      31:-0.910
                      33:-0.365
                      36:-0.162
 
 I=  9/2- (3)  5.088  24:-0.469
                      28: 0.078
                      29:-0.587
                      30: 0.582
                      37: 0.171
                      38:-0.243
 
 I=  9/2- (4)  5.807  27: 0.997
                      33: 0.069
 
 I=  9/2- (5)  6.369  25:-0.063
                      26: 0.342
                      31: 0.152
                      35: 0.523
                      36:-0.762

             ENERGY    K= OMEGA
 
 I= 11/2- (1)  3.142  27: 0.118
                      34: 0.993
 
 I= 11/2- (2)  5.361  25: 0.195
                      27:-0.078
                      31:-0.394
                      33:-0.894
 
 I= 11/2- (3)  6.129  25: 0.127
                      27:-0.056
                      31: 0.895
                      33:-0.369
                      36:-0.203
 
 I= 11/2- (4)  6.216  24:-0.426
                      28: 0.127
                      29: 0.624
                      30:-0.541
                      32: 0.083
                      37: 0.218
                      38:-0.256
 
 I= 11/2- (5)  7.211  27:-0.988
                      33: 0.088
                      34: 0.117

             ENERGY    K= OMEGA
 
 I= 13/2- (1)  4.662  27: 0.171
                      34:-0.985
 
 I= 13/2- (2)  6.542  24:-0.495
                      28: 0.092
                      29:-0.569
                      30: 0.561
                      32:-0.052
                      37: 0.176
                      38:-0.274
 
 I= 13/2- (3)  6.801  25: 0.229
                      27:-0.086
                      31:-0.396
                      33: 0.884
 
 I= 13/2- (4)  7.691  25: 0.153
                      26:-0.071
                      27:-0.063
                      31: 0.876
                      33: 0.357
                      35:-0.070
                      36: 0.262
 
 I= 13/2- (5)  8.865  25: 0.053
                      27: 0.973
                      33: 0.088
                      34: 0.167
                      35:-0.057
                      36: 0.093

             ENERGY     K= 1/2
  32 LEVELS    TIME=  0.0 SEC



 ******************* EXCITATION ENERGIES, DOMINANT CONFIGURATION AND EXPECTATION VALUES (WITH S.P. UU+VV FACTORS) *******************

  NR  Eex(keV)  I   Kdom  NY    <Jz>  <Jx**2> <Jy**2> <Jz**2> <I.j>/|I|  <Rx**2> <Ry**2> <Rz**2> <R.j>/|R|  <HROTx> <HROTy> <HROTz>

   1    0.0   5/2-   5/2  31    2.48    6.35    6.35    6.23    2.14       7.51    7.51    0.00   -3.25      0.916   0.916   0.000
   2  356.0  11/2- -11/2  34   -5.36    2.82    2.82   30.11    5.11       5.18    5.18    0.00   -1.61      0.631   0.631   0.000
   3  405.0   7/2-  -7/2  33   -2.78    6.52    6.52   11.52    3.13       7.75    7.75    0.00   -3.09      0.944   0.944   0.000
   4  889.7   7/2-   5/2  31    1.81    6.34    6.34    6.83    1.70      10.90   10.90    0.00   -2.74      1.328   1.328   0.000
   5 1207.4   1/2-   1/2  35    0.50    5.66    5.66    0.25    0.01       6.14    6.14   -0.00   -3.29      0.749   0.749  -0.000
  
   6 1276.7   3/2-   1/2  35   -0.13    5.66    5.66    0.88    0.91       6.20    6.20    0.00   -2.96      0.756   0.756   0.000
   7 1370.7   9/2-  -7/2  33   -2.46    6.56    6.56   11.26    2.61      11.57   11.57    0.00   -2.37      1.410   1.410   0.000
   8 1512.3   3/2-  -3/2  36   -0.85    5.71    5.71    1.60    0.81       6.82    6.82    0.00   -3.10      0.831   0.831   0.000
   9 1751.2   5/2-  -3/2  30   -0.34   14.93   14.93    1.11    2.94      11.17   11.17    0.00   -4.71      1.361   1.361   0.000
  10 1866.5   5/2-  -3/2  36   -0.86    5.79    5.79    1.67    0.97       8.13    8.13    0.00   -2.57      0.991   0.991   0.000
  
  11 1875.7  13/2- -11/2  34   -5.21    2.89    2.89   29.95    4.43      11.32   11.32    0.00   -1.01      1.380   1.380   0.000
  12 2001.3   9/2-   5/2  31    1.60    6.34    6.34    6.96    1.40      15.22   15.22    0.00   -2.30      1.855   1.855   0.000
  13 2183.8   1/2-   1/2  29    0.50   15.08   15.08    0.25    1.40      14.37   14.37    0.00   -5.45      1.752   1.752   0.000
  14 2301.9   9/2-   1/2  29   -0.23   14.75   14.75    1.04    3.11      12.18   12.18    0.00   -3.06      1.484   1.484   0.000
  15 2433.9   5/2-   1/2  35   -0.06    5.67    5.67    0.83   -0.16      10.95   10.95    0.00   -2.71      1.335   1.335   0.000
  
  16 2500.8   7/2-   1/2  35   -0.01    5.67    5.67    0.81    0.67      11.28   11.28    0.00   -2.00      1.376   1.376   0.000
  17 2506.2   7/2-  -3/2  30   -0.40   18.27   18.27    1.29    3.10      14.47   14.47    0.00   -4.74      1.764   1.764   0.000
  18 2574.2  11/2-  -7/2  33   -2.29    6.60    6.60   11.13    2.29      16.33   16.33    0.00   -1.86      1.991   1.991   0.000
  19 2840.0   1/2-   1/2  26    0.50    8.12    8.12    0.25    0.60       8.10    8.10    0.00   -3.97      0.987   0.987   0.000
  20 2974.7   7/2-  -3/2  36   -0.84    5.85    5.85    1.71    0.50      12.61   12.61    0.00   -2.28      1.538   1.538   0.000
  
  21 3020.3   9/2-   9/2  27    4.46    7.61    7.61   20.20    4.05       9.94    9.94   -0.00   -3.43      1.212   1.212  -0.000
  22 3168.1   5/2-  -3/2  30   -0.59   16.47   16.47    1.43    0.67      19.59   19.59    0.00   -5.18      2.388   2.388   0.000
  23 3342.5  11/2-   5/2  31    1.52    6.34    6.34    6.93    1.20      20.49   20.49    0.00   -1.94      2.498   2.498   0.000
  24 3429.8  11/2-   1/2  29   -0.18   18.64   18.64    1.11    3.37      16.93   16.93    0.00   -3.14      2.064   2.064   0.000
  25 3582.1   9/2-  -3/2  36   -0.61    5.99    5.99    1.60    0.83      15.03   15.03    0.00   -1.72      1.832   1.832   0.000
  
  26 3756.0  13/2-   1/2  29   -0.18   14.71   14.71    1.02    3.17      17.46   17.46    0.00   -1.41      2.129   2.129   0.000
  27 4015.0  13/2-  -7/2  33   -2.18    6.64    6.64   11.06    2.08      22.05   22.05    0.00   -1.48      2.688   2.688   0.000
  28 4424.8  11/2-   9/2  27    4.29    7.54    7.54   20.28    3.30      15.81   15.81   -0.00   -2.78      1.928   1.928  -0.000
  29 4905.0  13/2-   5/2  31    1.45    6.34    6.34    6.74    1.08      26.55   26.55    0.00   -1.63      3.236   3.236   0.000
  30 5443.8   1/2-   1/2  24    0.50   14.40   14.40    0.25   -0.34      15.20   15.20   -0.00   -5.32      1.853   1.853  -0.000
  
  31 6078.6  13/2-   9/2  27    4.08    7.46    7.46   20.16    2.75      22.71   22.71   -0.00   -2.35      2.769   2.769  -0.000
  32 6607.1   1/2-   1/2  38    0.50   18.08   18.08    0.25   -0.51      19.02   19.02    0.00   -5.97      2.319   2.319   0.000
