1SPECTRUM OF (Z= 82 A=207) IN PARTICLE-ROTOR  MODEL WITH MODIFIED OSCILLATOR POTENTIAL


 PARITY=-   EPS= 0.645   GAMMA=  0.0   EPS4=0.000   EPS6=0.000   LEVELS:  24  25  26  27  28  29  30  31  32  33  34  35  36  37  38

 PAIRING FACTORS: GN0= 19.20  GN1=  7.40  IPAIR= 15 ***  E2PLUS(INPUT)=   0.730  E2PLUR(INPUT)=   0.000

 CORIOLIS ATTENUATION PARAMETERS:  CHSI=1.000  ETA=  1.00

 MOMENT OF INERTIA PARAMETERS:   A1=  0.122 MEV   A2=  0.122 MEV   A3=121.91923 MEV


 DELTA=0.867 MEV  LAMBDA=53.8276 MEV   HW0= 7.8498 MEV   LAMBDA/HW0= 6.8572

 E2ENERGY=0.730 MEV  HBAR**2/B=77139./A**(7/3)=******/A**2 MEV

 IREC=0  =>  RECOIL TERMS j+j-, j+j+, jzjz, ETC TREATED AS ONE-BODY OPERATORS WITH UU+VV PAIRING FACTORS



 S. P. LEVEL   EQP       U     V        (UU + VV)**1.00

     24       4.407    0.099 0.995      1.000 1.000 1.000 1.000 0.999 0.912 0.688 0.642 0.487 0.474 0.373 0.285 0.271 0.213 0.184
     25       4.402    0.099 0.995      1.000 1.000 1.000 1.000 0.999 0.912 0.689 0.642 0.487 0.474 0.373 0.285 0.272 0.213 0.184
     26       3.722    0.117 0.993      1.000 1.000 1.000 1.000 1.000 0.919 0.702 0.656 0.503 0.490 0.390 0.303 0.289 0.231 0.202
     27       3.573    0.122 0.992      1.000 1.000 1.000 1.000 1.000 0.921 0.705 0.660 0.508 0.494 0.395 0.308 0.294 0.236 0.207
     28       3.123    0.140 0.990      0.999 0.999 1.000 1.000 1.000 0.928 0.718 0.673 0.523 0.510 0.412 0.325 0.311 0.254 0.225
     29       1.003    0.499 0.867      0.912 0.912 0.919 0.921 0.928 1.000 0.925 0.900 0.803 0.793 0.721 0.653 0.643 0.595 0.571
     30       0.895    0.790 0.613      0.688 0.689 0.702 0.705 0.718 0.925 1.000 0.998 0.969 0.965 0.930 0.892 0.885 0.855 0.840
     31       0.932    0.826 0.563      0.642 0.642 0.656 0.660 0.673 0.900 0.998 1.000 0.982 0.979 0.951 0.918 0.912 0.886 0.872
     32       1.186    0.917 0.399      0.487 0.487 0.503 0.508 0.523 0.803 0.969 0.982 1.000 1.000 0.992 0.976 0.973 0.957 0.948
     33       1.222    0.923 0.384      0.474 0.474 0.490 0.494 0.510 0.793 0.965 0.979 1.000 1.000 0.994 0.979 0.976 0.961 0.953
     34       1.614    0.960 0.280      0.373 0.373 0.390 0.395 0.412 0.721 0.930 0.951 0.992 0.994 1.000 0.996 0.994 0.986 0.981
     35       2.334    0.982 0.189      0.285 0.285 0.303 0.308 0.325 0.653 0.892 0.918 0.976 0.979 0.996 1.000 1.000 0.997 0.995
     36       2.517    0.985 0.175      0.271 0.272 0.289 0.294 0.311 0.643 0.885 0.912 0.973 0.976 0.994 1.000 1.000 0.998 0.996
     37       3.780    0.993 0.115      0.213 0.213 0.231 0.236 0.254 0.595 0.855 0.886 0.957 0.961 0.986 0.997 0.998 1.000 1.000
     38       5.069    0.996 0.086      0.184 0.184 0.202 0.207 0.225 0.571 0.840 0.872 0.948 0.953 0.981 0.995 0.996 1.000 1.000

  R CORE   ENERGY   A0R/A00=1.000    R3= 0     2  
   2( 1)    0.732                    1.000 0.000
   2( 2)  487.921                    0.000 1.000

  R CORE   ENERGY   A0R/A00=1.000    R3= 0     2  
   3( 1)  488.652                    0.000 1.000

  R CORE   ENERGY   A0R/A00=1.000    R3= 0     2     4  
   4( 1)    2.438                    1.000 0.000 0.000

  R CORE   ENERGY   A0R/A00=1.000    R3= 0     2     4  
   5( 1)  490.847                    0.000 1.000 0.000

  R CORE   ENERGY   A0R/A00=1.000    R3= 0     2     4     6  
   6( 1)    5.121                    1.000 0.000 0.000 0.000

  R CORE   ENERGY   A0R/A00=1.000    R3= 0     2     4     6  
   7( 1)  494.017                    0.000 1.000 0.000 0.000

          AXIAL SYMMETRY => K RESTRICTED TO OMEGA

                     K
     S.P. ORB#: 24  0.50
     S.P. ORB#: 25  2.50
     S.P. ORB#: 26  0.50
     S.P. ORB#: 27  4.50
     S.P. ORB#: 28  2.50
     S.P. ORB#: 29  0.50
     S.P. ORB#: 30  2.50
     S.P. ORB#: 31 -1.50
     S.P. ORB#: 32 -3.50
     S.P. ORB#: 33 -3.50
     S.P. ORB#: 34 -5.50
     S.P. ORB#: 35  0.50
     S.P. ORB#: 36 -1.50
     S.P. ORB#: 37 -1.50
     S.P. ORB#: 38  0.50
 

             ENERGY    K= OMEGA
 
 I=  1/2- (1)  3.830  26:-0.054
                      35:-0.999
 
 I=  1/2- (2)  4.883  24:-0.330
                      29: 0.941
                      38: 0.079
 
 I=  1/2- (3)  5.682  26:-0.999
                      35: 0.054
 
 I=  1/2- (4)  8.032  24: 0.862
                      29: 0.265
                      38: 0.433
 
 I=  1/2- (5)  9.389  24:-0.386
                      29:-0.211
                      38: 0.898

             ENERGY    K= OMEGA
 
 I=  3/2- (1)  3.899  35:-0.823
                      36:-0.567
 
 I=  3/2- (2)  4.137  26: 0.124
                      35:-0.560
                      36: 0.819

             ENERGY    K= OMEGA
 
 I=  5/2- (1)  2.735  30:-0.997
                      36:-0.075
 
 I=  5/2- (2)  4.488  26:-0.203
                      30:-0.069
                      35:-0.511
                      36: 0.831
 
 I=  5/2- (3)  4.499  24:-0.418
                      29: 0.644
                      31:-0.583
                      37:-0.171
                      38: 0.198
 
 I=  5/2- (4)  5.057  26:-0.065
                      35:-0.844
                      36:-0.530
 
 I=  5/2- (5)  5.918  24: 0.147
                      28:-0.102
                      29:-0.588
                      31:-0.769
                      37: 0.157
                      38: 0.075

             ENERGY    K= OMEGA
 
 I=  7/2- (1)  3.067  25: 0.118
                      30:-0.285
                      32:-0.951
 
 I=  7/2- (2)  3.616  25:-0.061
                      30:-0.951
                      32: 0.279
                      36: 0.119
 
 I=  7/2- (3)  5.123  30:-0.077
                      35:-0.851
                      36:-0.516
 
 I=  7/2- (4)  5.253  24:-0.362
                      28:-0.096
                      29:-0.662
                      31: 0.572
                      33:-0.060
                      37:-0.201
                      38: 0.226
 
 I=  7/2- (5)  5.603  25: 0.069
                      26:-0.237
                      30:-0.094
                      35: 0.499
                      36:-0.825

             ENERGY    K= OMEGA
 
 I=  9/2- (1)  4.025  25: 0.170
                      27:-0.057
                      30:-0.333
                      32: 0.926
 
 I=  9/2- (2)  4.723  25: 0.095
                      30: 0.927
                      32: 0.318
                      36: 0.168
 
 I=  9/2- (3)  5.039  24:-0.466
                      28:-0.067
                      29: 0.614
                      31:-0.547
                      37:-0.193
                      38: 0.253
 
 I=  9/2- (4)  5.987  27:-0.998
                      32:-0.059
 
 I=  9/2- (5)  6.205  25:-0.058
                      26: 0.321
                      30: 0.157
                      35: 0.528
                      36:-0.766

             ENERGY    K= OMEGA
 
 I= 11/2- (1)  2.894  27:-0.118
                      34:-0.993
 
 I= 11/2- (2)  5.217  25:-0.212
                      27: 0.073
                      30: 0.348
                      32: 0.910
 
 I= 11/2- (3)  6.061  25:-0.123
                      30:-0.912
                      32: 0.322
                      35: 0.050
                      36: 0.210
 
 I= 11/2- (4)  6.144  24:-0.416
                      28:-0.115
                      29:-0.660
                      31: 0.492
                      33:-0.073
                      37:-0.247
                      38: 0.263
 
 I= 11/2- (5)  7.335  26: 0.073
                      27: 0.134
                      30:-0.137
                      35:-0.863
                      36:-0.459

             ENERGY    K= OMEGA
 
 I= 13/2- (1)  4.407  27:-0.170
                      34: 0.985
 
 I= 13/2- (2)  6.488  24:-0.486
                      28:-0.079
                      29: 0.593
                      31:-0.531
                      37:-0.200
                      38: 0.286
 
 I= 13/2- (3)  6.644  25: 0.247
                      27:-0.081
                      30:-0.351
                      32: 0.899
 
 I= 13/2- (4)  7.619  25:-0.147
                      26: 0.075
                      30:-0.891
                      32:-0.309
                      35: 0.078
                      36:-0.273
 
 I= 13/2- (5)  8.874  26:-0.403
                      27: 0.116
                      30:-0.262
                      32:-0.086
                      35:-0.520
                      36: 0.689

             ENERGY     K= 1/2
  32 LEVELS    TIME=  0.0 SEC



 ******************* EXCITATION ENERGIES, DOMINANT CONFIGURATION AND EXPECTATION VALUES (WITH S.P. UU+VV FACTORS) *******************

  NR  Eex(keV)  I   Kdom  NY    <Jz>  <Jx**2> <Jy**2> <Jz**2> <I.j>/|I|  <Rx**2> <Ry**2> <Rz**2> <R.j>/|R|  <HROTx> <HROTy> <HROTz>

   1    0.0   5/2-   5/2  30    2.48    6.33    6.33    6.23    2.14       7.50    7.50    0.00   -3.25      0.915   0.915   0.000
   2  159.2  11/2- -11/2  34   -5.36    2.82    2.82   30.11    5.12       5.13    5.13    0.00   -1.60      0.626   0.626   0.001
   3  332.6   7/2-  -7/2  32   -2.93    6.52    6.52   11.68    3.18       7.63    7.63    0.00   -3.10      0.930   0.930   0.000
   4  881.7   7/2-   5/2  30    1.98    6.32    6.32    6.66    1.67      10.92   10.92    0.00   -2.72      1.331   1.331   0.000
   5 1095.0   1/2-   1/2  35    0.50    5.63    5.63    0.25    0.02       6.12    6.12    0.00   -3.29      0.746   0.746   0.000
  
   6 1164.3   3/2-   1/2  35   -0.14    5.63    5.63    0.89    0.92       6.17    6.17   -0.00   -2.95      0.753   0.753  -0.000
   7 1289.9   9/2-  -7/2  32   -2.64    6.57    6.57   11.43    2.67      11.36   11.36    0.00   -2.36      1.385   1.385   0.000
   8 1402.3   3/2-  -3/2  36   -0.84    5.68    5.68    1.59    0.80       6.80    6.80   -0.00   -3.09      0.830   0.830  -0.000
   9 1672.6  13/2- -11/2  34   -5.21    2.89    2.89   29.96    4.44      11.22   11.22    0.00   -1.00      1.368   1.368   0.001
  10 1753.6   5/2-  -3/2  36   -0.87    5.75    5.75    1.67    0.97       8.09    8.09   -0.00   -2.56      0.987   0.987  -0.000
  
  11 1763.9   5/2-   1/2  29   -0.24   14.84   14.84    1.00    2.95      10.99   10.99   -0.00   -4.68      1.340   1.340  -0.000
  12 1988.5   9/2-   5/2  30    1.78    6.32    6.32    6.74    1.37      15.24   15.24    0.00   -2.27      1.857   1.857   0.000
  13 2148.5   1/2-   1/2  29    0.50   15.04   15.04    0.25    1.45      14.29   14.29    0.00   -5.44      1.742   1.742   0.000
  14 2304.5   9/2-   1/2  29   -0.17   14.71   14.71    0.96    3.11      12.08   12.08   -0.00   -3.03      1.473   1.473  -0.000
  15 2322.6   5/2-   1/2  35   -0.06    5.65    5.65    0.83   -0.17      10.93   10.93    0.00   -2.70      1.332   1.332   0.000
  
  16 2388.0   7/2-   1/2  35   -0.02    5.64    5.64    0.83    0.68      11.25   11.25   -0.00   -1.99      1.372   1.372  -0.000
  17 2481.8  11/2-  -7/2  32   -2.46    6.61    6.61   11.30    2.36      16.03   16.03    0.00   -1.84      1.954   1.954   0.000
  18 2518.1   7/2-   1/2  29   -0.23   18.47   18.47    1.08    3.17      14.31   14.31   -0.00   -4.76      1.744   1.744  -0.000
  19 2867.9   7/2-  -3/2  36   -0.84    5.81    5.81    1.70    0.49      12.59   12.59   -0.00   -2.27      1.535   1.535  -0.000
  20 2947.0   1/2-   1/2  26    0.50    8.08    8.08    0.25    0.61       8.05    8.05    0.00   -3.96      0.982   0.982   0.000
  
  21 3183.1   5/2-  -3/2  31   -0.71   16.59   16.59    1.54    0.74      19.56   19.56   -0.00   -5.20      2.384   2.384  -0.000
  22 3252.3   9/2-   9/2  27    4.47    7.62    7.62   20.20    4.05       9.94    9.94   -0.00   -3.43      1.212   1.212  -0.000
  23 3326.2  11/2-   5/2  30    1.70    6.31    6.31    6.70    1.18      20.51   20.51   -0.00   -1.92      2.500   2.500  -0.000
  24 3409.6  11/2-   1/2  29   -0.10   18.73   18.73    1.00    3.40      16.77   16.77   -0.00   -3.13      2.044   2.044  -0.000
  25 3470.3   9/2-  -3/2  36   -0.62    5.93    5.93    1.63    0.83      14.97   14.97   -0.00   -1.71      1.825   1.825  -0.000
  
  26 3753.4  13/2-   1/2  29   -0.14   14.69   14.69    0.95    3.17      17.40   17.40   -0.00   -1.39      2.121   2.121  -0.000
  27 3908.9  13/2-  -7/2  32   -2.34    6.66    6.66   11.21    2.15      21.65   21.65    0.00   -1.45      2.640   2.640   0.000
  28 4600.0  11/2-   1/2  35    0.18    5.70    5.70    1.17    0.64      20.34   20.34   -0.00   -1.37      2.479   2.479  -0.000
  29 4884.2  13/2-   5/2  30    1.61    6.30    6.30    6.49    1.06      26.53   26.53   -0.00   -1.61      3.234   3.234  -0.000
  30 5297.1   1/2-   1/2  24    0.50   14.44   14.44    0.25   -0.46      15.34   15.34    0.00   -5.33      1.870   1.870   0.000
  
  31 6139.7  13/2-  -3/2  36   -0.29    6.13    6.13    1.99    0.80      25.89   25.89    0.00   -1.20      3.157   3.157   0.000
  32 6654.6   1/2-   1/2  38    0.50   17.99   17.99    0.25   -0.43      18.86   18.86    0.00   -5.96      2.300   2.300   0.000
