1SPECTRUM OF (Z= 82 A=207) IN PARTICLE-ROTOR  MODEL WITH MODIFIED OSCILLATOR POTENTIAL


 PARITY=-   EPS= 0.583   GAMMA=  0.0   EPS4=0.000   EPS6=0.000   LEVELS:  24  25  26  27  28  29  30  31  32  33  34  35  36  37  38

 PAIRING FACTORS: GN0= 19.20  GN1=  7.40  IPAIR= 15 ***  E2PLUS(INPUT)=   0.730  E2PLUR(INPUT)=   0.000

 CORIOLIS ATTENUATION PARAMETERS:  CHSI=1.000  ETA=  1.00

 MOMENT OF INERTIA PARAMETERS:   A1=  0.122 MEV   A2=  0.122 MEV   A3=121.91923 MEV


 DELTA=0.922 MEV  LAMBDA=53.5790 MEV   HW0= 7.7570 MEV   LAMBDA/HW0= 6.9072

 E2ENERGY=0.730 MEV  HBAR**2/B=63022./A**(7/3)=******/A**2 MEV

 IREC=0  =>  RECOIL TERMS j+j-, j+j+, jzjz, ETC TREATED AS ONE-BODY OPERATORS WITH UU+VV PAIRING FACTORS



 S. P. LEVEL   EQP       U     V        (UU + VV)**1.00

     24       4.553    0.102 0.995      1.000 1.000 1.000 0.999 0.996 0.902 0.738 0.733 0.624 0.429 0.413 0.370 0.345 0.211 0.205
     25       4.295    0.108 0.994      1.000 1.000 1.000 0.999 0.996 0.905 0.742 0.737 0.629 0.435 0.418 0.375 0.350 0.218 0.211
     26       3.857    0.120 0.993      1.000 1.000 1.000 0.999 0.997 0.910 0.751 0.746 0.639 0.446 0.430 0.387 0.362 0.230 0.223
     27       3.040    0.153 0.988      0.999 0.999 0.999 1.000 0.999 0.923 0.772 0.767 0.664 0.476 0.459 0.418 0.393 0.262 0.256
     28       2.407    0.195 0.981      0.996 0.996 0.997 0.999 1.000 0.939 0.799 0.794 0.695 0.512 0.497 0.456 0.432 0.303 0.297
     29       1.036    0.521 0.853      0.902 0.905 0.910 0.923 0.939 1.000 0.957 0.955 0.900 0.777 0.766 0.735 0.716 0.613 0.608
     30       0.928    0.746 0.666      0.738 0.742 0.751 0.772 0.799 0.957 1.000 1.000 0.988 0.926 0.919 0.900 0.888 0.815 0.812
     31       0.930    0.751 0.660      0.733 0.737 0.746 0.767 0.794 0.955 1.000 1.000 0.989 0.929 0.922 0.903 0.891 0.820 0.816
     32       1.013    0.841 0.541      0.624 0.629 0.639 0.664 0.695 0.900 0.988 0.989 1.000 0.974 0.969 0.957 0.949 0.896 0.893
     33       1.461    0.942 0.335      0.429 0.435 0.446 0.476 0.512 0.777 0.926 0.929 0.974 1.000 1.000 0.998 0.996 0.974 0.972
     34       1.530    0.948 0.318      0.413 0.418 0.430 0.459 0.497 0.766 0.919 0.922 0.969 1.000 1.000 0.999 0.997 0.978 0.976
     35       1.754    0.962 0.273      0.370 0.375 0.387 0.418 0.456 0.735 0.900 0.903 0.957 0.998 0.999 1.000 1.000 0.986 0.985
     36       1.925    0.969 0.247      0.345 0.350 0.362 0.393 0.432 0.716 0.888 0.891 0.949 0.996 0.997 1.000 1.000 0.990 0.989
     37       4.185    0.994 0.111      0.211 0.218 0.230 0.262 0.303 0.613 0.815 0.820 0.896 0.974 0.978 0.986 0.990 1.000 1.000
     38       4.440    0.995 0.104      0.205 0.211 0.223 0.256 0.297 0.608 0.812 0.816 0.893 0.972 0.976 0.985 0.989 1.000 1.000

  R CORE   ENERGY   A0R/A00=1.000    R3= 0     2  
   2( 1)    0.732                    1.000 0.000
   2( 2)  487.921                    0.000 1.000

  R CORE   ENERGY   A0R/A00=1.000    R3= 0     2  
   3( 1)  488.652                    0.000 1.000

  R CORE   ENERGY   A0R/A00=1.000    R3= 0     2     4  
   4( 1)    2.438                    1.000 0.000 0.000

  R CORE   ENERGY   A0R/A00=1.000    R3= 0     2     4  
   5( 1)  490.847                    0.000 1.000 0.000

  R CORE   ENERGY   A0R/A00=1.000    R3= 0     2     4     6  
   6( 1)    5.121                    1.000 0.000 0.000 0.000

  R CORE   ENERGY   A0R/A00=1.000    R3= 0     2     4     6  
   7( 1)  494.017                    0.000 1.000 0.000 0.000

          AXIAL SYMMETRY => K RESTRICTED TO OMEGA

                     K
     S.P. ORB#: 24  2.50
     S.P. ORB#: 25  4.50
     S.P. ORB#: 26  0.50
     S.P. ORB#: 27  0.50
     S.P. ORB#: 28  2.50
     S.P. ORB#: 29  2.50
     S.P. ORB#: 30 -5.50
     S.P. ORB#: 31 -3.50
     S.P. ORB#: 32  0.50
     S.P. ORB#: 33 -3.50
     S.P. ORB#: 34 -1.50
     S.P. ORB#: 35  0.50
     S.P. ORB#: 36 -1.50
     S.P. ORB#: 37 -1.50
     S.P. ORB#: 38 -3.50
 

             ENERGY    K= OMEGA
 
 I=  1/2- (1)  3.212  35:-0.999
 
 I=  1/2- (2)  4.855  27: 0.428
                      32:-0.904
 
 I=  1/2- (3)  5.764  26: 0.999
 
 I=  1/2- (4)  6.906  27:-0.904
                      32:-0.428
 
 I=  1/2- (5)147.833  34: 1.000

             ENERGY    K= OMEGA
 
 I=  3/2- (1)  3.280  35:-0.798
                      36:-0.602
 
 I=  3/2- (2)  3.521  26:-0.120
                      35: 0.596
                      36:-0.794

             ENERGY    K= OMEGA
 
 I=  5/2- (1)  2.858  29: 0.994
                      36: 0.099
 
 I=  5/2- (2)  3.839  26: 0.185
                      29: 0.095
                      35: 0.527
                      36:-0.823
 
 I=  5/2- (3)  4.442  26: 0.051
                      35: 0.838
                      36: 0.541
 
 I=  5/2- (4)  4.771  27: 0.489
                      32:-0.771
                      34:-0.292
                      37: 0.285
 
 I=  5/2- (5)  6.295  27: 0.098
                      28: 0.141
                      32: 0.359
                      34:-0.908
                      37:-0.130

             ENERGY    K= OMEGA
 
 I=  7/2- (1)  2.739  24:-0.169
                      29: 0.150
                      31: 0.974
 
 I=  7/2- (2)  3.553  24:-0.059
                      29:-0.938
                      31: 0.132
                      36: 0.135
                      38: 0.282
 
 I=  7/2- (3)  4.499  29:-0.087
                      35:-0.832
                      36:-0.543
                      38: 0.054
 
 I=  7/2- (4)  4.969  24:-0.059
                      26: 0.227
                      29: 0.074
                      35:-0.530
                      36: 0.805
                      38:-0.094
 
 I=  7/2- (5)  5.359  27:-0.339
                      32:-0.849
                      34:-0.115
                      37:-0.384

             ENERGY    K= OMEGA
 
 I=  9/2- (1)  3.613  24:-0.239
                      25: 0.050
                      29: 0.200
                      31:-0.948
 
 I=  9/2- (2)  4.474  24: 0.086
                      29: 0.890
                      31: 0.171
                      36: 0.172
                      38: 0.370
 
 I=  9/2- (3)  5.506  26:-0.295
                      29:-0.133
                      31:-0.058
                      35:-0.540
                      36: 0.765
                      38:-0.115
 
 I=  9/2- (4)  5.539  27: 0.489
                      32:-0.740
                      34:-0.279
                      37: 0.368
 
 I=  9/2- (5)  6.604  24:-0.071
                      25:-0.190
                      26:-0.078
                      35:-0.776
                      36:-0.540
                      38: 0.240

             ENERGY    K= OMEGA
 
 I= 11/2- (1)  2.105  25: 0.164
                      30: 0.986
 
 I= 11/2- (2)  4.707  24:-0.291
                      25: 0.060
                      29: 0.227
                      31: 0.926
 
 I= 11/2- (3)  5.632  24: 0.109
                      29: 0.857
                      31:-0.191
                      36:-0.183
                      38:-0.425
 
 I= 11/2- (4)  6.429  27: 0.383
                      28: 0.078
                      32: 0.798
                      33: 0.050
                      34: 0.141
                      37: 0.433
 
 I= 11/2- (5)  6.699  26: 0.068
                      29:-0.098
                      31: 0.054
                      35:-0.848
                      36:-0.503
                      38: 0.096

             ENERGY    K= OMEGA
 
 I= 13/2- (1)  3.506  25:-0.232
                      30: 0.972
 
 I= 13/2- (2)  6.026  24:-0.332
                      25: 0.061
                      29: 0.242
                      31:-0.906
                      38: 0.066
 
 I= 13/2- (3)  7.016  24: 0.127
                      26:-0.066
                      29: 0.824
                      31: 0.194
                      35:-0.074
                      36: 0.221
                      38: 0.455
 
 I= 13/2- (4)  7.232  27:-0.481
                      32: 0.726
                      34: 0.261
                      37:-0.417
 
 I= 13/2- (5)  8.095  26: 0.375
                      29: 0.159
                      31: 0.098
                      35: 0.534
                      36:-0.714
                      38: 0.164

             ENERGY     K=-7/2
  32 LEVELS    TIME=  0.0 SEC



 ******************* EXCITATION ENERGIES, DOMINANT CONFIGURATION AND EXPECTATION VALUES (WITH S.P. UU+VV FACTORS) *******************

  NR  Eex(keV)  I   Kdom  NY    <Jz>  <Jx**2> <Jy**2> <Jz**2> <I.j>/|I|  <Rx**2> <Ry**2> <Rz**2> <R.j>/|R|  <HROTx> <HROTy> <HROTz>

   1    0.0  11/2- -11/2  30   -5.23    2.88    2.88   29.98    5.23       4.45    4.45    0.00   -1.49      0.543   0.543   0.000
   2  633.9   7/2-  -7/2  31   -3.19    6.51    6.51   11.94    3.37       6.99    6.99    0.00   -3.10      0.852   0.852   0.001
   3  752.7   5/2-   5/2  29    2.46    6.25    6.25    6.21    2.13       7.42    7.42    0.00   -3.22      0.905   0.905   0.000
   4 1106.4   1/2-   1/2  35    0.50    5.50    5.50    0.25    0.04       5.96    5.96    0.00   -3.25      0.726   0.726   0.000
   5 1175.0   3/2-   1/2  35   -0.23    5.50    5.50    0.98    0.96       6.00    6.00    0.00   -2.92      0.731   0.731   0.000
  
   6 1401.0  13/2- -11/2  30   -4.96    3.02    3.02   29.70    4.64       9.83    9.83    0.00   -0.75      1.198   1.198   0.000
   7 1415.6   3/2-  -3/2  36   -0.76    5.53    5.53    1.51    0.77       6.68    6.68    0.00   -3.04      0.814   0.814   0.000
   8 1447.9   7/2-   5/2  29    1.84    5.88    5.88    6.75    2.03       9.10    9.10    0.00   -2.46      1.109   1.109   0.000
   9 1508.1   9/2-  -7/2  31   -2.90    6.62    6.62   11.68    2.96      10.09   10.09    0.00   -2.27      1.230   1.230   0.001
  10 1733.5   5/2-  -3/2  36   -0.83    5.61    5.61    1.67    1.03       7.79    7.79    0.00   -2.50      0.949   0.949   0.000
  
  11 2336.3   5/2-   1/2  35   -0.08    5.51    5.51    0.85   -0.16      10.79   10.79    0.00   -2.66      1.315   1.315   0.000
  12 2368.6   9/2-   5/2  29    1.38    5.62    5.62    7.12    1.93      11.95   11.95   -0.00   -1.79      1.457   1.457  -0.000
  13 2394.1   7/2-   1/2  35   -0.09    5.50    5.50    0.93    0.71      11.02   11.02    0.00   -1.94      1.343   1.343   0.000
  14 2602.0  11/2-  -7/2  31   -2.65    6.71    6.71   11.47    2.71      14.13   14.13    0.00   -1.64      1.722   1.722   0.001
  15 2666.1   5/2-   1/2  32    0.17   14.65   14.65    0.58    2.41      12.19   12.19    0.00   -4.61      1.486   1.486   0.000
  
  16 2749.8   1/2-   1/2  32    0.50   14.86   14.86    0.25    1.31      14.23   14.23    0.00   -5.41      1.735   1.735   0.000
  17 2863.5   7/2-  -3/2  36   -0.82    5.61    5.61    1.72    0.55      12.17   12.17    0.00   -2.18      1.483   1.483   0.000
  18 3253.5   7/2-   1/2  32    0.18   17.74   17.74    0.60    2.77      14.91   14.91    0.00   -4.59      1.817   1.817   0.000
  19 3400.5   9/2-  -3/2  36   -0.70    5.71    5.71    1.74    0.97      14.12   14.12    0.00   -1.57      1.721   1.721   0.000
  20 3433.4   9/2-   1/2  32    0.07   14.73   14.73    0.68    2.57      14.64   14.64    0.00   -3.20      1.785   1.785   0.000
  
  21 3526.7  11/2-   5/2  29    1.06    5.43    5.43    7.42    1.84      16.02   16.02    0.00   -1.29      1.954   1.954   0.000
  22 3658.7   1/2-   1/2  26    0.50    7.89    7.89    0.25    0.63       7.84    7.84    0.00   -3.91      0.956   0.956   0.000
  23 3921.1  13/2-  -7/2  31   -2.46    6.79    6.79   11.28    2.53      19.12   19.12    0.00   -1.16      2.331   2.331   0.001
  24 4189.8   5/2-  -3/2  34   -1.14   17.05   17.05    2.05    1.00      19.50   19.50    0.00   -5.32      2.377   2.377   0.000
  25 4323.5  11/2-   1/2  32    0.09   17.82   17.82    0.73    2.94      18.47   18.47    0.00   -3.09      2.252   2.252   0.000
  
  26 4498.7   9/2-   1/2  35   -0.16    5.42    5.42    2.29    0.07      18.57   18.57    0.00   -2.09      2.264   2.264   0.000
  27 4593.4  11/2-   1/2  35   -0.03    5.48    5.48    0.97    0.65      19.98   19.98    0.00   -1.28      2.437   2.437   0.000
  28 4800.4   1/2-   1/2  27    0.50   15.82   15.82    0.25   -1.22      17.38   17.38    0.00   -5.59      2.119   2.119   0.000
  29 4910.7  13/2-   5/2  29    0.81    5.31    5.31    7.49    1.76      21.15   21.15   -0.00   -0.90      2.578   2.578  -0.000
  30 5126.7  13/2-   1/2  32    0.02   14.83   14.83    0.73    2.64      21.18   21.18   -0.00   -1.84      2.582   2.582  -0.000
  
  31 5989.7  13/2-  -3/2  36   -0.61    5.80    5.80    1.89    0.99      24.22   24.22    0.00   -0.95      2.953   2.953   0.000
  32*******   1/2-  -3/2  34    0.00    0.00    0.00    0.00   -0.00       0.00    0.00    0.00   -0.00      0.000   0.000   0.000
