1SPECTRUM OF (Z= 82 A=207) IN PARTICLE-ROTOR  MODEL WITH MODIFIED OSCILLATOR POTENTIAL


 PARITY=-   EPS= 0.437   GAMMA=  0.0   EPS4=0.000   EPS6=0.000   LEVELS:  24  25  26  27  28  29  30  31  32  33  34  35  36  37  38

 PAIRING FACTORS: GN0= 19.20  GN1=  7.40  IPAIR= 15 ***  E2PLUS(INPUT)=   0.730  E2PLUR(INPUT)=   0.000

 CORIOLIS ATTENUATION PARAMETERS:  CHSI=1.000  ETA=  1.00

 MOMENT OF INERTIA PARAMETERS:   A1=  0.122 MEV   A2=  0.122 MEV   A3=121.91923 MEV


 DELTA=0.852 MEV  LAMBDA=53.4819 MEV   HW0= 7.5919 MEV   LAMBDA/HW0= 7.0446

 E2ENERGY=0.730 MEV  HBAR**2/B=35409./A**(7/3)=5985.9/A**2 MEV

 IREC=0  =>  RECOIL TERMS j+j-, j+j+, jzjz, ETC TREATED AS ONE-BODY OPERATORS WITH UU+VV PAIRING FACTORS



 S. P. LEVEL   EQP       U     V        (UU + VV)**1.00

     24       4.248    0.101 0.995      1.000 1.000 0.999 0.998 0.996 0.989 0.941 0.831 0.761 0.725 0.367 0.341 0.299 0.263 0.238
     25       4.070    0.105 0.994      1.000 1.000 0.999 0.999 0.997 0.990 0.943 0.833 0.764 0.728 0.371 0.346 0.303 0.268 0.243
     26       3.002    0.143 0.990      0.999 0.999 1.000 1.000 0.999 0.995 0.955 0.854 0.788 0.754 0.406 0.381 0.339 0.304 0.280
     27       2.733    0.158 0.987      0.998 0.999 1.000 1.000 1.000 0.996 0.959 0.861 0.797 0.764 0.420 0.395 0.353 0.318 0.294
     28       2.345    0.185 0.983      0.996 0.997 0.999 1.000 1.000 0.998 0.966 0.875 0.813 0.781 0.444 0.420 0.379 0.344 0.320
     29       1.802    0.244 0.970      0.989 0.990 0.995 0.996 0.998 1.000 0.980 0.902 0.847 0.817 0.497 0.474 0.434 0.400 0.376
     30       1.096    0.431 0.902      0.941 0.943 0.955 0.959 0.966 0.980 1.000 0.970 0.935 0.915 0.659 0.639 0.603 0.574 0.552
     31       0.867    0.638 0.770      0.831 0.833 0.854 0.861 0.875 0.902 0.970 1.000 0.993 0.986 0.823 0.807 0.780 0.756 0.739
     32       0.853    0.722 0.692      0.761 0.764 0.788 0.797 0.813 0.847 0.935 0.993 1.000 0.999 0.883 0.870 0.846 0.826 0.812
     33       0.862    0.758 0.652      0.725 0.728 0.754 0.764 0.781 0.817 0.915 0.986 0.999 1.000 0.906 0.895 0.874 0.855 0.842
     34       1.633    0.963 0.271      0.367 0.371 0.406 0.420 0.444 0.497 0.659 0.823 0.883 0.906 1.000 1.000 0.997 0.994 0.991
     35       1.795    0.970 0.245      0.341 0.346 0.381 0.395 0.420 0.474 0.639 0.807 0.870 0.895 1.000 1.000 0.999 0.997 0.994
     36       2.165    0.980 0.201      0.299 0.303 0.339 0.353 0.379 0.434 0.603 0.780 0.846 0.874 0.997 0.999 1.000 0.999 0.998
     37       2.625    0.986 0.165      0.263 0.268 0.304 0.318 0.344 0.400 0.574 0.756 0.826 0.855 0.994 0.997 0.999 1.000 1.000
     38       3.089    0.990 0.139      0.238 0.243 0.280 0.294 0.320 0.376 0.552 0.739 0.812 0.842 0.991 0.994 0.998 1.000 1.000

  R CORE   ENERGY   A0R/A00=1.000    R3= 0     2  
   2( 1)    0.732                    1.000 0.000
   2( 2)  487.921                    0.000 1.000

  R CORE   ENERGY   A0R/A00=1.000    R3= 0     2  
   3( 1)  488.652                    0.000 1.000

  R CORE   ENERGY   A0R/A00=1.000    R3= 0     2     4  
   4( 1)    2.438                    1.000 0.000 0.000

  R CORE   ENERGY   A0R/A00=1.000    R3= 0     2     4  
   5( 1)  490.847                    0.000 1.000 0.000

  R CORE   ENERGY   A0R/A00=1.000    R3= 0     2     4     6  
   6( 1)    5.121                    1.000 0.000 0.000 0.000

  R CORE   ENERGY   A0R/A00=1.000    R3= 0     2     4     6  
   7( 1)  494.017                    0.000 1.000 0.000 0.000

          AXIAL SYMMETRY => K RESTRICTED TO OMEGA

                     K
     S.P. ORB#: 24  0.50
     S.P. ORB#: 25  0.50
     S.P. ORB#: 26 -5.50
     S.P. ORB#: 27 -1.50
     S.P. ORB#: 28  2.50
     S.P. ORB#: 29 -3.50
     S.P. ORB#: 30  2.50
     S.P. ORB#: 31  0.50
     S.P. ORB#: 32 -1.50
     S.P. ORB#: 33  0.50
     S.P. ORB#: 34 -3.50
     S.P. ORB#: 35 -3.50
     S.P. ORB#: 36  4.50
     S.P. ORB#: 37  0.50
     S.P. ORB#: 38 -1.50
 

             ENERGY    K= OMEGA
 
 I=  1/2- (1)  2.209  31:-0.999
 
 I=  1/2- (2)  3.616  25:-0.253
                      33: 0.922
                      37:-0.294
 
 I=  1/2- (3)  5.994  24: 0.999
 
 I=  1/2- (4)  6.635  25:-0.249
                      33: 0.232
                      37: 0.940
 
 I=  1/2- (5) 10.218  25: 0.935
                      33: 0.311
                      37: 0.171

             ENERGY    K= OMEGA
 
 I=  3/2- (1)  2.184  31: 0.485
                      32:-0.874
 
 I=  3/2- (2)  2.398  24: 0.179
                      31: 0.862
                      32: 0.474

             ENERGY    K= OMEGA
 
 I=  5/2- (1)  2.520  24: 0.234
                      31:-0.500
                      32:-0.832
 
 I=  5/2- (2)  3.394  24: 0.064
                      28: 0.065
                      31:-0.847
                      32: 0.523
 
 I=  5/2- (3)  3.796  25: 0.206
                      33:-0.832
                      37: 0.440
                      38: 0.265
 
 I=  5/2- (4)  4.149  28: 0.997
                      32:-0.073
 
 I=  5/2- (5)  5.912  25: 0.189
                      27:-0.575
                      30: 0.795

             ENERGY    K= OMEGA
 
 I=  7/2- (1)  2.541  28:-0.160
                      34: 0.986
 
 I=  7/2- (2)  3.415  28: 0.066
                      31: 0.679
                      32:-0.729
 
 I=  7/2- (3)  3.608  24: 0.311
                      28:-0.079
                      29:-0.126
                      31: 0.694
                      32: 0.632
 
 I=  7/2- (4)  3.728  28:-0.160
                      29:-0.976
                      31:-0.055
                      32:-0.131
 
 I=  7/2- (5)  4.052  25:-0.058
                      27: 0.155
                      30: 0.167
                      33: 0.872
                      35: 0.062
                      37: 0.252
                      38: 0.342

             ENERGY    K= OMEGA
 
 I=  9/2- (1)  3.067  28: 0.102
                      29:-0.236
                      34: 0.370
                      36: 0.892
 
 I=  9/2- (2)  3.639  28:-0.209
                      29:-0.140
                      31:-0.057
                      32:-0.100
                      34:-0.890
                      36: 0.359
 
 I=  9/2- (3)  3.880  24: 0.359
                      31:-0.542
                      32:-0.747
                      34: 0.130
 
 I=  9/2- (4)  4.688  25: 0.145
                      27: 0.070
                      30:-0.136
                      33:-0.774
                      35: 0.067
                      37: 0.486
                      38: 0.341
 
 I=  9/2- (5)  4.902  28: 0.253
                      29:-0.928
                      31:-0.053
                      36:-0.267

             ENERGY    K= OMEGA
 
 I= 11/2- (1)  3.951  25: 0.475
                      27: 0.557
                      30: 0.480
                      33: 0.384
                      35: 0.207
                      37: 0.122
                      38: 0.167
 
 I= 11/2- (2)  4.185  26:-0.279
                      28:-0.139
                      29:-0.295
                      34: 0.404
                      36:-0.807
 
 I= 11/2- (3)  4.356  26:-0.959
                      28: 0.052
                      29: 0.088
                      34:-0.150
                      36: 0.216
 
 I= 11/2- (4)  4.959  28: 0.243
                      29:-0.201
                      32:-0.072
                      34:-0.852
                      36:-0.409
 
 I= 11/2- (5)  5.457  25:-0.348
                      27:-0.207
                      30:-0.180
                      33: 0.758
                      35:-0.102
                      37: 0.291
                      38: 0.365

             ENERGY    K= OMEGA
 
 I= 13/2- (1)  5.560  26: 0.173
                      28:-0.180
                      29: 0.345
                      32:-0.054
                      34:-0.442
                      36:-0.787
 
 I= 13/2- (2)  5.756  25:-0.167
                      27: 0.559
                      30:-0.673
                      33:-0.208
                      35: 0.367
                      37: 0.093
                      38: 0.142
 
 I= 13/2- (3)  5.936  26:-0.981
                      28:-0.055
                      29: 0.058
                      32:-0.051
                      34:-0.128
                      36:-0.099
 
 I= 13/2- (4)  6.079  24: 0.440
                      26: 0.064
                      28:-0.072
                      31:-0.542
                      32:-0.697
                      36: 0.119
 
 I= 13/2- (5)  6.519  24:-0.058
                      26: 0.057
                      28:-0.258
                      29:-0.243
                      31: 0.081
                      32: 0.069
                      34:-0.825
                      36: 0.419

             ENERGY     K=-3/2
  32 LEVELS    TIME=  0.0 SEC



 ******************* EXCITATION ENERGIES, DOMINANT CONFIGURATION AND EXPECTATION VALUES (WITH S.P. UU+VV FACTORS) *******************

  NR  Eex(keV)  I   Kdom  NY    <Jz>  <Jx**2> <Jy**2> <Jz**2> <I.j>/|I|  <Rx**2> <Ry**2> <Rz**2> <R.j>/|R|  <HROTx> <HROTy> <HROTz>

   1    0.0   3/2-  -3/2  32   -1.03    5.12    5.12    1.78    1.26       5.44    5.44    0.00   -2.90      0.663   0.663   0.000
   2   25.2   1/2-   1/2  31    0.50    5.13    5.13    0.25    0.19       5.47    5.47    0.00   -3.13      0.667   0.667   0.000
   3  213.9   3/2-   1/2  31    0.05    5.06    5.06    0.70    0.74       5.85    5.85    0.00   -2.74      0.713   0.713   0.000
   4  336.0   5/2-  -3/2  32   -0.88    5.32    5.32    1.65    1.51       6.05    6.05    0.00   -2.25      0.737   0.737   0.000
   5  357.0   7/2-  -7/2  34   -3.35    2.33    2.33   12.09    3.18       3.65    3.65    0.00   -1.54      0.445   0.445   0.000
  
   6  882.3   9/2-   9/2  36    2.93    2.64    2.64   18.55    4.06       4.07    4.07    0.00   -1.27      0.497   0.497   0.000
   7 1210.2   5/2-   1/2  31   -0.04    5.15    5.15    0.82   -0.12      10.30   10.30    0.00   -2.53      1.255   1.255   0.000
   8 1230.3   7/2-  -3/2  32   -0.57    5.11    5.11    1.38    0.81      10.44   10.44    0.00   -1.83      1.273   1.273   0.000
   9 1424.1   7/2-   1/2  31   -0.35    5.18    5.18    1.28    0.98       9.82    9.82    0.00   -1.75      1.197   1.197   0.000
  10 1431.7   1/2-   1/2  33    0.50   10.22   10.22    0.25    1.03       9.83    9.83    0.00   -4.46      1.198   1.198   0.000
  
  11 1454.5   9/2-  -7/2  34   -2.17    2.48    2.48   12.86    2.70       7.83    7.83    0.00   -1.10      0.954   0.954   0.000
  12 1543.3   7/2-  -7/2  29   -3.29    6.27    6.27   11.86    3.07       7.90    7.90    0.00   -3.08      0.963   0.963   0.000
  13 1611.4   5/2-   1/2  33    0.36   10.92   10.92    0.39    2.05       9.43    9.43    0.00   -3.72      1.149   1.149   0.000
  14 1696.1   9/2-  -3/2  32   -0.68    5.48    5.48    1.60    1.63      10.54   10.54    0.00   -0.97      1.285   1.285   0.000
  15 1766.5  11/2-  -3/2  27    0.11   23.60   23.60    2.83    6.07       6.57    6.57    0.00   -3.78      0.801   0.801   0.000
  
  16 1867.3   7/2-   1/2  33    0.26   15.16   15.16    0.74    3.06      11.28   11.28    0.00   -3.99      1.375   1.375   0.000
  17 1964.5   5/2-   5/2  28    2.48    6.11    6.11    6.22    2.08       7.43    7.43    0.00   -3.18      0.906   0.906   0.000
  18 2001.0  11/2-   9/2  36    1.68    2.85    2.85   18.75    3.61       8.49    8.49    0.00   -0.69      1.035   1.035   0.000
  19 2171.3  11/2- -11/2  26   -4.95    2.76    2.76   29.18    4.91       5.88    5.88    0.00   -1.56      0.717   0.717   0.000
  20 2503.2   9/2-   1/2  33    0.28   12.07   12.07    0.66    2.45      12.57   12.57    0.00   -2.51      1.532   1.532   0.000
  
  21 2718.1   9/2-  -7/2  29   -2.53    5.98    5.98   12.40    2.43      12.47   12.47    0.00   -2.46      1.521   1.521   0.000
  22 2774.6  11/2-  -7/2  34   -1.80    2.56    2.56   13.20    2.33      13.08   13.08    0.00   -0.85      1.595   1.595   0.000
  23 3272.2  11/2-   1/2  33    0.17   12.73   12.73    0.92    2.68      15.02   15.02    0.00   -1.88      1.831   1.831   0.000
  24 3376.1  13/2-   9/2  36    1.60    3.04    3.04   17.50    3.11      14.41   14.41    0.00   -0.34      1.757   1.757   0.000
  25 3571.5  13/2-   5/2  30    0.20   23.08   23.08    5.25    4.86      16.11   16.11    0.00   -3.07      1.964   1.964   0.000
  
  26 3728.1   5/2-   5/2  30    1.10   23.17   23.17    4.70    4.33      17.10   17.10    0.00   -6.54      2.084   2.084   0.000
  27 3752.1  13/2- -11/2  26   -5.31    2.78    2.78   29.59    4.26      12.21   12.21    0.00   -1.09      1.489   1.489   0.000
  28 3810.1   1/2-   1/2  24    0.50    7.25    7.25    0.25    0.64       7.19    7.19    0.00   -3.74      0.877   0.877   0.000
  29 3894.6  13/2-  -3/2  32   -0.44    5.65    5.65    1.70    1.76      18.57   18.57    0.00   -0.11      2.264   2.264   0.000
  30 4335.2  13/2-  -7/2  34   -1.65    2.68    2.68   13.15    2.04      19.40   19.40    0.00   -0.69      2.365   2.365   0.000
  
  31 4450.4   1/2-   1/2  37    0.50   15.67   15.67    0.25   -0.35      16.46   16.46    0.00   -5.56      2.007   2.007   0.000
  32 8034.1   1/2-   1/2  25    0.50   23.11   23.11    0.25   -3.52      26.66   26.66    0.00   -6.78      3.251   3.251   0.000
