1SPECTRUM OF (Z= 82 A=207) IN PARTICLE-ROTOR  MODEL WITH MODIFIED OSCILLATOR POTENTIAL


 PARITY=-   EPS= 0.653   GAMMA=  0.0   EPS4=0.000   EPS6=0.000   LEVELS:  24  25  26  27  28  29  30  31  32  33  34  35  36  37  38

 PAIRING FACTORS: GN0= 19.20  GN1=  7.40  IPAIR= 15 ***  E2PLUS(INPUT)=   0.730  E2PLUR(INPUT)=   0.000

 CORIOLIS ATTENUATION PARAMETERS:  CHSI=1.000  ETA=  1.00

 MOMENT OF INERTIA PARAMETERS:   A1=  0.122 MEV   A2=  0.122 MEV   A3=121.91924 MEV


 DELTA=0.860 MEV  LAMBDA=53.8428 MEV   HW0= 7.8630 MEV   LAMBDA/HW0= 6.8476

 E2ENERGY=0.730 MEV  HBAR**2/B=79064./A**(7/3)=******/A**2 MEV

 IREC=0  =>  RECOIL TERMS j+j-, j+j+, jzjz, ETC TREATED AS ONE-BODY OPERATORS WITH UU+VV PAIRING FACTORS



 S. P. LEVEL   EQP       U     V        (UU + VV)**1.00

     24       4.566    0.095 0.996      1.000 1.000 1.000 1.000 0.999 0.926 0.674 0.639 0.471 0.452 0.341 0.272 0.259 0.209 0.179
     25       4.358    0.099 0.995      1.000 1.000 1.000 1.000 0.999 0.928 0.677 0.643 0.475 0.457 0.345 0.276 0.263 0.213 0.184
     26       3.681    0.118 0.993      1.000 1.000 1.000 1.000 1.000 0.935 0.691 0.657 0.491 0.473 0.363 0.294 0.281 0.231 0.202
     27       3.455    0.125 0.992      1.000 1.000 1.000 1.000 1.000 0.938 0.696 0.663 0.498 0.480 0.370 0.301 0.289 0.239 0.210
     28       3.197    0.136 0.991      0.999 0.999 1.000 1.000 1.000 0.941 0.704 0.670 0.507 0.489 0.380 0.311 0.299 0.249 0.220
     29       1.049    0.462 0.887      0.926 0.928 0.935 0.938 0.941 1.000 0.902 0.882 0.768 0.755 0.670 0.614 0.603 0.562 0.537
     30       0.895    0.799 0.601      0.674 0.677 0.691 0.696 0.704 0.902 1.000 0.999 0.969 0.964 0.924 0.894 0.888 0.863 0.848
     31       0.924    0.826 0.564      0.639 0.643 0.657 0.663 0.670 0.882 0.999 1.000 0.979 0.975 0.941 0.914 0.908 0.886 0.871
     32       1.209    0.923 0.385      0.471 0.475 0.491 0.498 0.507 0.768 0.969 0.979 1.000 1.000 0.990 0.977 0.974 0.961 0.952
     33       1.262    0.931 0.366      0.452 0.457 0.473 0.480 0.489 0.755 0.964 0.975 1.000 1.000 0.993 0.981 0.979 0.967 0.959
     34       1.773    0.968 0.250      0.341 0.345 0.363 0.370 0.380 0.670 0.924 0.941 0.990 0.993 1.000 0.997 0.996 0.991 0.986
     35       2.437    0.984 0.179      0.272 0.276 0.294 0.301 0.311 0.614 0.894 0.914 0.977 0.981 0.997 1.000 1.000 0.998 0.996
     36       2.621    0.986 0.166      0.259 0.263 0.281 0.289 0.299 0.603 0.888 0.908 0.974 0.979 0.996 1.000 1.000 0.999 0.997
     37       3.753    0.993 0.115      0.209 0.213 0.231 0.239 0.249 0.562 0.863 0.886 0.961 0.967 0.991 0.998 0.999 1.000 1.000
     38       5.043    0.996 0.086      0.179 0.184 0.202 0.210 0.220 0.537 0.848 0.871 0.952 0.959 0.986 0.996 0.997 1.000 1.000

  R CORE   ENERGY   A0R/A00=1.000    R3= 0     2  
   2( 1)    0.732                    1.000 0.000
   2( 2)  487.921                    0.000 1.000

  R CORE   ENERGY   A0R/A00=1.000    R3= 0     2  
   3( 1)  488.652                    0.000 1.000

  R CORE   ENERGY   A0R/A00=1.000    R3= 0     2     4  
   4( 1)    2.438                    1.000 0.000 0.000

  R CORE   ENERGY   A0R/A00=1.000    R3= 0     2     4  
   5( 1)  490.847                    0.000 1.000 0.000

  R CORE   ENERGY   A0R/A00=1.000    R3= 0     2     4     6  
   6( 1)    5.121                    1.000 0.000 0.000 0.000

  R CORE   ENERGY   A0R/A00=1.000    R3= 0     2     4     6  
   7( 1)  494.017                    0.000 1.000 0.000 0.000

          AXIAL SYMMETRY => K RESTRICTED TO OMEGA

                     K
     S.P. ORB#: 24  0.50
     S.P. ORB#: 25  2.50
     S.P. ORB#: 26  0.50
     S.P. ORB#: 27  4.50
     S.P. ORB#: 28  2.50
     S.P. ORB#: 29  0.50
     S.P. ORB#: 30 -1.50
     S.P. ORB#: 31  2.50
     S.P. ORB#: 32 -3.50
     S.P. ORB#: 33 -3.50
     S.P. ORB#: 34 -5.50
     S.P. ORB#: 35  0.50
     S.P. ORB#: 36 -1.50
     S.P. ORB#: 37 -1.50
     S.P. ORB#: 38  0.50
 

             ENERGY    K= OMEGA
 
 I=  1/2- (1)  3.937  26: 0.058
                      35: 0.998
 
 I=  1/2- (2)  4.941  24:-0.325
                      29:-0.943
                      38:-0.077
 
 I=  1/2- (3)  5.647  26:-0.998
                      35: 0.058
 
 I=  1/2- (4)  8.167  24: 0.843
                      29:-0.252
                      38:-0.475
 
 I=  1/2- (5)  9.389  24: 0.428
                      29:-0.219
                      38: 0.877

             ENERGY    K= OMEGA
 
 I=  3/2- (1)  4.006  35: 0.826
                      36: 0.563
 
 I=  3/2- (2)  4.243  26: 0.129
                      35:-0.555
                      36: 0.822

             ENERGY    K= OMEGA
 
 I=  5/2- (1)  2.765  31: 0.997
                      36: 0.074
 
 I=  5/2- (2)  4.525  24:-0.415
                      29:-0.618
                      30: 0.617
                      37: 0.159
                      38:-0.193
 
 I=  5/2- (3)  4.596  26: 0.212
                      31: 0.068
                      35: 0.509
                      36:-0.830
 
 I=  5/2- (4)  5.164  26: 0.070
                      35: 0.843
                      36: 0.530
 
 I=  5/2- (5)  5.940  24:-0.162
                      28:-0.102
                      29:-0.619
                      30:-0.742
                      37: 0.160
                      38: 0.065

             ENERGY    K= OMEGA
 
 I=  7/2- (1)  3.147  25: 0.112
                      31:-0.314
                      33:-0.942
 
 I=  7/2- (2)  3.652  25: 0.062
                      31: 0.942
                      33:-0.309
                      36:-0.117
 
 I=  7/2- (3)  5.230  31:-0.075
                      35:-0.853
                      36:-0.512
 
 I=  7/2- (4)  5.281  24:-0.366
                      28: 0.105
                      29: 0.613
                      30:-0.628
                      32: 0.067
                      37: 0.175
                      38:-0.224
 
 I=  7/2- (5)  5.706  25: 0.073
                      26:-0.245
                      31:-0.094
                      35: 0.494
                      36:-0.826

             ENERGY    K= OMEGA
 
 I=  9/2- (1)  4.111  25: 0.161
                      27:-0.059
                      31:-0.363
                      33: 0.915
 
 I=  9/2- (2)  4.762  25:-0.097
                      31:-0.916
                      33:-0.349
                      36:-0.164
 
 I=  9/2- (3)  5.072  24:-0.468
                      28: 0.074
                      29:-0.596
                      30: 0.571
                      37: 0.178
                      38:-0.246
 
 I=  9/2- (4)  5.869  27:-0.997
                      33:-0.065
 
 I=  9/2- (5)  6.313  25:-0.061
                      26: 0.334
                      31: 0.153
                      35: 0.525
                      36:-0.764

             ENERGY    K= OMEGA
 
 I= 11/2- (1)  3.057  27:-0.118
                      34:-0.993
 
 I= 11/2- (2)  5.310  25: 0.201
                      27:-0.076
                      31:-0.379
                      33:-0.900
 
 I= 11/2- (3)  6.102  25: 0.126
                      27:-0.051
                      31: 0.901
                      33:-0.353
                      36:-0.206
 
 I= 11/2- (4)  6.194  24:-0.423
                      28: 0.123
                      29: 0.636
                      30:-0.525
                      32: 0.080
                      37: 0.227
                      38:-0.259
 
 I= 11/2- (5)  7.275  27: 0.988
                      33:-0.083
                      34:-0.116

             ENERGY    K= OMEGA
 
 I= 13/2- (1)  4.575  27:-0.170
                      34: 0.985
 
 I= 13/2- (2)  6.525  24:-0.492
                      28: 0.087
                      29:-0.577
                      30: 0.551
                      37: 0.183
                      38:-0.278
 
 I= 13/2- (3)  6.747  25: 0.235
                      27:-0.084
                      31:-0.381
                      33: 0.889
 
 I= 13/2- (4)  7.663  25:-0.151
                      26: 0.072
                      27: 0.057
                      31:-0.881
                      33:-0.341
                      35: 0.072
                      36:-0.265
 
 I= 13/2- (5)  8.926  25:-0.060
                      26: 0.138
                      27:-0.926
                      31: 0.068
                      33:-0.058
                      34:-0.159
                      35: 0.169
                      36:-0.241

             ENERGY     K= 1/2
  32 LEVELS    TIME=  0.0 SEC



 ******************* EXCITATION ENERGIES, DOMINANT CONFIGURATION AND EXPECTATION VALUES (WITH S.P. UU+VV FACTORS) *******************

  NR  Eex(keV)  I   Kdom  NY    <Jz>  <Jx**2> <Jy**2> <Jz**2> <I.j>/|I|  <Rx**2> <Ry**2> <Rz**2> <R.j>/|R|  <HROTx> <HROTy> <HROTz>

   1    0.0   5/2-   5/2  31    2.48    6.34    6.34    6.23    2.14       7.51    7.51   -0.00   -3.25      0.916   0.916  -0.000
   2  291.9  11/2- -11/2  34   -5.36    2.82    2.82   30.11    5.11       5.17    5.17    0.00   -1.61      0.630   0.630   0.000
   3  382.5   7/2-  -7/2  33   -2.83    6.52    6.52   11.58    3.14       7.71    7.71   -0.00   -3.09      0.940   0.940  -0.000
   4  887.2   7/2-   5/2  31    1.87    6.34    6.34    6.77    1.69      10.91   10.91   -0.00   -2.73      1.330   1.330  -0.000
   5 1172.0   1/2-   1/2  35    0.50    5.65    5.65    0.25    0.01       6.13    6.13    0.00   -3.29      0.748   0.748   0.000
  
   6 1241.5   3/2-   1/2  35   -0.13    5.65    5.65    0.88    0.91       6.19    6.19    0.00   -2.96      0.755   0.755   0.000
   7 1345.6   9/2-  -7/2  33   -2.52    6.56    6.56   11.32    2.63      11.50   11.50   -0.00   -2.37      1.402   1.402  -0.000
   8 1477.7   3/2-  -3/2  36   -0.85    5.70    5.70    1.60    0.81       6.81    6.81    0.00   -3.10      0.831   0.831   0.000
   9 1759.9   5/2-   1/2  29   -0.31   14.90   14.90    1.08    2.94      11.10   11.10    0.00   -4.70      1.354   1.354   0.000
  10 1810.0  13/2- -11/2  34   -5.21    2.89    2.89   29.96    4.43      11.29   11.29    0.00   -1.01      1.376   1.376   0.000
  
  11 1831.1   5/2-  -3/2  36   -0.86    5.78    5.78    1.67    0.97       8.12    8.12    0.00   -2.57      0.990   0.990   0.000
  12 1997.0   9/2-   5/2  31    1.66    6.34    6.34    6.88    1.39      15.22   15.22   -0.00   -2.29      1.856   1.856  -0.000
  13 2175.9   1/2-   1/2  29    0.50   15.07   15.07    0.25    1.41      14.34   14.34    0.00   -5.44      1.749   1.749   0.000
  14 2307.4   9/2-   1/2  29   -0.21   14.74   14.74    1.02    3.11      12.14   12.14    0.00   -3.05      1.481   1.481   0.000
  15 2399.0   5/2-   1/2  35   -0.06    5.66    5.66    0.83   -0.16      10.94   10.94    0.00   -2.70      1.334   1.334   0.000
  
  16 2465.1   7/2-   1/2  35   -0.01    5.66    5.66    0.82    0.67      11.27   11.27    0.00   -1.99      1.374   1.374   0.000
  17 2516.1   7/2-  -3/2  30   -0.35   18.34   18.34    1.22    3.13      14.41   14.41    0.00   -4.75      1.757   1.757   0.000
  18 2545.5  11/2-  -7/2  33   -2.35    6.60    6.60   11.19    2.32      16.23   16.23   -0.00   -1.85      1.979   1.979  -0.000
  19 2882.1   1/2-   1/2  26    0.50    8.11    8.11    0.25    0.60       8.08    8.08    0.00   -3.96      0.985   0.985   0.000
  20 2941.3   7/2-  -3/2  36   -0.84    5.83    5.83    1.70    0.49      12.61   12.61    0.00   -2.27      1.537   1.537   0.000
  
  21 3104.3   9/2-   9/2  27    4.46    7.62    7.62   20.20    4.05       9.94    9.94    0.00   -3.43      1.212   1.212   0.000
  22 3174.7   5/2-  -3/2  30   -0.63   16.51   16.51    1.46    0.69      19.58   19.58    0.00   -5.19      2.387   2.387   0.000
  23 3337.0  11/2-   5/2  31    1.58    6.33    6.33    6.85    1.19      20.50   20.50   -0.00   -1.93      2.499   2.499  -0.000
  24 3429.0  11/2-   1/2  29   -0.15   18.67   18.67    1.07    3.38      16.88   16.88    0.00   -3.13      2.058   2.058   0.000
  25 3547.6   9/2-  -3/2  36   -0.62    5.96    5.96    1.61    0.83      15.01   15.01    0.00   -1.72      1.830   1.830   0.000
  
  26 3760.1  13/2-   1/2  29   -0.17   14.70   14.70    1.00    3.17      17.44   17.44    0.00   -1.40      2.127   2.127   0.000
  27 3982.0  13/2-  -7/2  33   -2.24    6.65    6.65   11.11    2.10      21.92   21.92   -0.00   -1.47      2.673   2.673  -0.000
  28 4509.9  11/2-   9/2  27    4.29    7.54    7.54   20.26    3.30      15.83   15.83    0.00   -2.78      1.929   1.929   0.000
  29 4898.1  13/2-   5/2  31    1.50    6.33    6.33    6.66    1.07      26.54   26.54   -0.00   -1.62      3.236   3.236  -0.000
  30 5402.2   1/2-   1/2  24    0.50   14.41   14.41    0.25   -0.38      15.24   15.24    0.00   -5.33      1.859   1.859   0.000
  
  31 6160.6  13/2-   9/2  27    3.67    7.33    7.33   18.37    2.57      22.97   22.97    0.00   -2.23      2.801   2.801   0.000
  32 6624.2   1/2-   1/2  38    0.50   18.06   18.06    0.25   -0.48      18.97   18.97    0.00   -5.97      2.313   2.313   0.000
