1SPECTRUM OF (Z= 82 A=207) IN PARTICLE-ROTOR  MODEL WITH MODIFIED OSCILLATOR POTENTIAL


 PARITY=-   EPS= 0.539   GAMMA=  0.0   EPS4=0.000   EPS6=0.000   LEVELS:  24  25  26  27  28  29  30  31  32  33  34  35  36  37  38

 PAIRING FACTORS: GN0= 19.20  GN1=  7.40  IPAIR= 15 ***  E2PLUS(INPUT)=   0.730  E2PLUR(INPUT)=   0.000

 CORIOLIS ATTENUATION PARAMETERS:  CHSI=1.000  ETA=  1.00

 MOMENT OF INERTIA PARAMETERS:   A1=  0.122 MEV   A2=  0.122 MEV   A3=121.91924 MEV


 DELTA=0.862 MEV  LAMBDA=53.4305 MEV   HW0= 7.6999 MEV   LAMBDA/HW0= 6.9391

 E2ENERGY=0.730 MEV  HBAR**2/B=53868./A**(7/3)=9106.3/A**2 MEV

 IREC=0  =>  RECOIL TERMS j+j-, j+j+, jzjz, ETC TREATED AS ONE-BODY OPERATORS WITH UU+VV PAIRING FACTORS



 S. P. LEVEL   EQP       U     V        (UU + VV)**1.00

     24       4.614    0.094 0.996      1.000 1.000 1.000 0.993 0.990 0.961 0.943 0.874 0.423 0.413 0.385 0.370 0.307 0.213 0.196
     25       4.389    0.099 0.995      1.000 1.000 1.000 0.993 0.990 0.962 0.945 0.876 0.427 0.417 0.390 0.374 0.312 0.218 0.201
     26       3.900    0.111 0.994      1.000 1.000 1.000 0.995 0.992 0.966 0.949 0.882 0.439 0.429 0.401 0.386 0.324 0.230 0.213
     27       2.074    0.213 0.977      0.993 0.993 0.995 1.000 1.000 0.987 0.976 0.926 0.529 0.519 0.493 0.478 0.419 0.329 0.313
     28       1.877    0.236 0.972      0.990 0.990 0.992 1.000 1.000 0.991 0.981 0.935 0.549 0.540 0.514 0.500 0.441 0.351 0.336
     29       1.265    0.366 0.931      0.961 0.962 0.966 0.987 0.991 1.000 0.998 0.974 0.658 0.649 0.626 0.613 0.559 0.475 0.460
     30       1.134    0.418 0.908      0.943 0.945 0.949 0.976 0.981 0.998 1.000 0.986 0.699 0.691 0.669 0.657 0.605 0.525 0.510
     31       0.923    0.566 0.824      0.874 0.876 0.882 0.926 0.935 0.974 0.986 1.000 0.810 0.804 0.786 0.775 0.731 0.661 0.648
     32       1.362    0.942 0.336      0.423 0.427 0.439 0.529 0.549 0.658 0.699 0.810 1.000 1.000 0.999 0.998 0.992 0.975 0.972
     33       1.400    0.945 0.326      0.413 0.417 0.429 0.519 0.540 0.649 0.691 0.804 1.000 1.000 1.000 0.999 0.994 0.978 0.974
     34       1.520    0.955 0.297      0.385 0.390 0.401 0.493 0.514 0.626 0.669 0.786 0.999 1.000 1.000 1.000 0.997 0.984 0.980
     35       1.600    0.960 0.281      0.370 0.374 0.386 0.478 0.500 0.613 0.657 0.775 0.998 0.999 1.000 1.000 0.998 0.987 0.984
     36       2.041    0.976 0.216      0.307 0.312 0.324 0.419 0.441 0.559 0.605 0.731 0.992 0.994 0.997 0.998 1.000 0.995 0.993
     37       3.614    0.993 0.120      0.213 0.218 0.230 0.329 0.351 0.475 0.525 0.661 0.975 0.978 0.984 0.987 0.995 1.000 1.000
     38       4.195    0.995 0.103      0.196 0.201 0.213 0.313 0.336 0.460 0.510 0.648 0.972 0.974 0.980 0.984 0.993 1.000 1.000

  R CORE   ENERGY   A0R/A00=1.000    R3= 0     2  
   2( 1)    0.732                    1.000 0.000
   2( 2)  487.921                    0.000 1.000

  R CORE   ENERGY   A0R/A00=1.000    R3= 0     2  
   3( 1)  488.652                    0.000 1.000

  R CORE   ENERGY   A0R/A00=1.000    R3= 0     2     4  
   4( 1)    2.438                    1.000 0.000 0.000

  R CORE   ENERGY   A0R/A00=1.000    R3= 0     2     4  
   5( 1)  490.847                    0.000 1.000 0.000

  R CORE   ENERGY   A0R/A00=1.000    R3= 0     2     4     6  
   6( 1)    5.121                    1.000 0.000 0.000 0.000

  R CORE   ENERGY   A0R/A00=1.000    R3= 0     2     4     6  
   7( 1)  494.017                    0.000 1.000 0.000 0.000

          AXIAL SYMMETRY => K RESTRICTED TO OMEGA

                     K
     S.P. ORB#: 24  2.50
     S.P. ORB#: 25 -1.50
     S.P. ORB#: 26  0.50
     S.P. ORB#: 27  0.50
     S.P. ORB#: 28  2.50
     S.P. ORB#: 29  2.50
     S.P. ORB#: 30 -5.50
     S.P. ORB#: 31 -3.50
     S.P. ORB#: 32  0.50
     S.P. ORB#: 33  0.50
     S.P. ORB#: 34 -1.50
     S.P. ORB#: 35 -3.50
     S.P. ORB#: 36 -1.50
     S.P. ORB#: 37 -3.50
     S.P. ORB#: 38  4.50
 

             ENERGY    K= OMEGA
 
 I=  1/2- (1)  2.790  32:-0.999
 
 I=  1/2- (2)  4.932  27:-0.698
                      33: 0.717
 
 I=  1/2- (3)  5.764  26: 0.999
 
 I=  1/2- (4)  6.174  27: 0.717
                      33: 0.698
 
 I=  1/2- (5)147.823  34: 1.000

             ENERGY    K= OMEGA
 
 I=  3/2- (1)  2.856  32:-0.775
                      34:-0.632
 
 I=  3/2- (2)  3.100  26:-0.118
                      32: 0.626
                      34:-0.771

             ENERGY    K= OMEGA
 
 I=  5/2- (1)  3.063  29: 0.970
                      32:-0.080
                      34: 0.221
 
 I=  5/2- (2)  3.404  26:-0.173
                      29:-0.232
                      32:-0.531
                      34: 0.795
 
 I=  5/2- (3)  4.021  29: 0.056
                      32:-0.832
                      34:-0.549
 
 I=  5/2- (4)  5.265  25:-0.074
                      27: 0.709
                      28: 0.081
                      33:-0.632
                      36:-0.293
 
 I=  5/2- (5)  6.662  24: 0.050
                      26: 0.982
                      32:-0.135
                      34: 0.120

             ENERGY    K= OMEGA
 
 I=  7/2- (1)  2.666  24:-0.197
                      29: 0.114
                      31: 0.973
 
 I=  7/2- (2)  3.703  24: 0.062
                      29: 0.866
                      31:-0.076
                      32:-0.100
                      34:-0.224
                      37:-0.424
 
 I=  7/2- (3)  4.079  29: 0.162
                      32: 0.812
                      34: 0.539
                      37:-0.141
 
 I=  7/2- (4)  4.539  24:-0.054
                      26: 0.218
                      32:-0.548
                      34: 0.771
                      37:-0.233
 
 I=  7/2- (5)  4.832  29:-0.456
                      31: 0.068
                      32: 0.064
                      34:-0.185
                      37:-0.864

             ENERGY    K= OMEGA
 
 I=  9/2- (1)  3.261  24: 0.254
                      29:-0.132
                      31: 0.904
                      38:-0.314
 
 I=  9/2- (2)  4.600  24: 0.088
                      26:-0.079
                      29: 0.799
                      31: 0.105
                      32:-0.126
                      34: 0.287
                      37: 0.488
 
 I=  9/2- (3)  5.054  26: 0.273
                      29: 0.226
                      31: 0.072
                      32: 0.537
                      34:-0.725
                      37: 0.231
 
 I=  9/2- (4)  5.470  24: 0.110
                      29:-0.220
                      31: 0.259
                      37: 0.236
                      38: 0.904
 
 I=  9/2- (5)  6.050  25:-0.411
                      27: 0.462
                      28: 0.604
                      33:-0.231
                      35:-0.386
                      36:-0.224

             ENERGY    K= OMEGA
 
 I= 11/2- (1)  2.472  30:-1.000
 
 I= 11/2- (2)  4.127  24:-0.294
                      29: 0.140
                      31: 0.868
                      37:-0.051
                      38: 0.367
 
 I= 11/2- (3)  5.767  24:-0.105
                      29:-0.779
                      31: 0.121
                      32: 0.120
                      34: 0.258
                      37: 0.534
 
 I= 11/2- (4)  6.205  25: 0.470
                      27: 0.456
                      28: 0.593
                      33: 0.272
                      35: 0.334
                      36: 0.184
 
 I= 11/2- (5)  6.278  26:-0.072
                      29: 0.163
                      31:-0.059
                      32: 0.830
                      34: 0.493
                      37:-0.177

             ENERGY    K= OMEGA
 
 I= 13/2- (1)  4.054  30: 0.999
 
 I= 13/2- (2)  5.245  24: 0.325
                      29:-0.143
                      31: 0.845
                      37:-0.064
                      38:-0.388
 
 I= 13/2- (3)  7.138  24:-0.120
                      26: 0.141
                      29:-0.719
                      31:-0.108
                      32: 0.188
                      34:-0.367
                      37:-0.515
 
 I= 13/2- (4)  7.162  25:-0.500
                      27: 0.311
                      28: 0.681
                      33:-0.075
                      35:-0.398
                      36:-0.159
 
 I= 13/2- (5)  7.637  26: 0.339
                      29: 0.301
                      31: 0.104
                      32: 0.517
                      34:-0.648
                      37: 0.307

             ENERGY     K= 9/2
  32 LEVELS    TIME=  0.0 SEC



 ******************* EXCITATION ENERGIES, DOMINANT CONFIGURATION AND EXPECTATION VALUES (WITH S.P. UU+VV FACTORS) *******************

  NR  Eex(keV)  I   Kdom  NY    <Jz>  <Jx**2> <Jy**2> <Jz**2> <I.j>/|I|  <Rx**2> <Ry**2> <Rz**2> <R.j>/|R|  <HROTx> <HROTy> <HROTz>

   1    0.0  11/2- -11/2  30   -5.49    2.75    2.75   30.24    5.06       5.48    5.48    0.00   -1.65      0.668   0.668   0.000
   2  193.2   7/2-  -7/2  31   -3.19    6.49    6.49   11.93    3.48       6.53    6.53    0.00   -3.08      0.796   0.796   0.001
   3  317.1   1/2-   1/2  32    0.50    5.39    5.39    0.25    0.06       5.84    5.84   -0.00   -3.21      0.712   0.712  -0.000
   4  383.4   3/2-   1/2  32   -0.30    5.39    5.39    1.05    1.00       5.86    5.86   -0.00   -2.89      0.715   0.715  -0.000
   5  590.5   5/2-   5/2  29    2.29    6.15    6.15    6.01    2.11       7.28    7.28    0.00   -3.16      0.888   0.888   0.000
  
   6  627.8   3/2-  -3/2  34   -0.69    5.42    5.42    1.44    0.73       6.60    6.60   -0.00   -2.99      0.804   0.804  -0.000
   7  788.8   9/2-  -7/2  31   -2.21    6.20    6.20   12.53    3.54       7.25    7.25    0.00   -1.93      0.884   0.884   0.000
   8  931.9   5/2-  -3/2  34   -0.66    5.54    5.54    1.85    1.08       7.66    7.66   -0.00   -2.49      0.934   0.934  -0.000
   9 1230.6   7/2-   5/2  29    1.16    5.40    5.40    7.10    2.18       8.16    8.16    0.00   -2.29      0.995   0.995   0.000
  10 1548.1   5/2-   1/2  32   -0.09    5.41    5.41    0.88   -0.15      10.67   10.67   -0.00   -2.63      1.301   1.301  -0.000
  
  11 1581.4  13/2- -11/2  30   -5.48    2.75    2.75   30.21    4.34      11.95   11.95    0.00   -1.11      1.457   1.457   0.000
  12 1606.5   7/2-   1/2  32   -0.11    5.35    5.35    1.25    0.78      10.75   10.75   -0.00   -1.91      1.311   1.311  -0.000
  13 1654.7  11/2-  -7/2  31   -1.78    6.12    6.12   12.68    3.41       9.96    9.96    0.00   -1.02      1.214   1.214   0.001
  14 2066.3   7/2-  -3/2  34   -0.90    5.33    5.33    2.12    0.67      11.61   11.61   -0.00   -2.10      1.415   1.415  -0.000
  15 2127.3   9/2-   5/2  29    0.63    5.13    5.13    7.29    2.01      11.12   11.12   -0.00   -1.59      1.356   1.356  -0.000
  
  16 2359.7   7/2-  -7/2  37   -2.15    3.29    3.29   10.58    2.29       7.38    7.38    0.00   -2.10      0.900   0.900   0.000
  17 2459.3   1/2-   1/2  33    0.50   13.85   13.85    0.25    1.40      13.14   13.14   -0.00   -5.22      1.602   1.602  -0.000
  18 2582.0   9/2-  -3/2  34   -0.68    5.48    5.48    2.33    1.10      13.54   13.54   -0.00   -1.50      1.651   1.651  -0.000
  19 2773.0  13/2-  -7/2  31   -1.53    6.10    6.10   12.71    3.27      14.02   14.02    0.00   -0.40      1.709   1.709   0.000
  20 2792.5   5/2-   1/2  27    0.33   14.10   14.10    0.47    1.54      14.16   14.16   -0.00   -4.53      1.726   1.726  -0.000
  
  21 2997.8   9/2-   9/2  38    3.40    2.87    2.87   18.42    3.55       6.82    6.82    0.00   -1.77      0.831   0.831   0.000
  22 3291.4   1/2-   1/2  26    0.50    7.73    7.73    0.25    0.65       7.66    7.66    0.00   -3.87      0.934   0.934   0.000
  23 3294.2  11/2-   5/2  29    0.41    4.93    4.93    7.70    1.87      15.49   15.49    0.00   -1.15      1.889   1.889   0.000
  24 3578.0   9/2-   5/2  28    0.19   19.82   19.82    4.66    3.84      15.44   15.44    0.00   -4.54      1.882   1.882   0.000
  25 3702.0   1/2-   1/2  27    0.50   16.56   16.56    0.25   -1.27      18.16   18.16    0.00   -5.72      2.214   2.214   0.000
  
  26 3732.6  11/2-   5/2  28    0.25   20.39   20.39    4.21    4.15      15.56   15.56    0.00   -3.62      1.897   1.897   0.000
  27 3805.9  11/2-   1/2  32   -0.07    5.31    5.31    1.33    0.70      19.66   19.66   -0.00   -1.24      2.397   2.397  -0.000
  28 4189.8   5/2-   1/2  26    0.48    7.64    7.64    0.29    0.17      11.65   11.65    0.00   -3.12      1.421   1.421   0.000
  29 4665.9  13/2-   5/2  29    0.19    4.98    4.98    7.06    1.71      20.96   20.96    0.00   -0.79      2.555   2.555   0.000
  30 4689.7  13/2-   5/2  28    0.24   21.31   21.31    5.49    4.19      19.20   19.20    0.00   -3.05      2.341   2.341   0.000
  
  31 5164.6  13/2-  -3/2  34   -0.57    5.47    5.47    2.94    1.13      23.43   23.43   -0.00   -0.87      2.856   2.856  -0.000
  32*******   1/2-  -3/2  34    0.00    0.00    0.00    0.00   -0.00       0.00    0.00    0.00   -0.00      0.000   0.000   0.000
