1SPECTRUM OF (Z= 82 A=207) IN PARTICLE-ROTOR  MODEL WITH MODIFIED OSCILLATOR POTENTIAL


 PARITY=-   EPS= 0.561   GAMMA=  0.0   EPS4=0.000   EPS6=0.000   LEVELS:  24  25  26  27  28  29  30  31  32  33  34  35  36  37  38

 PAIRING FACTORS: GN0= 19.20  GN1=  7.40  IPAIR= 15 ***  E2PLUS(INPUT)=   0.730  E2PLUR(INPUT)=   0.000

 CORIOLIS ATTENUATION PARAMETERS:  CHSI=1.000  ETA=  1.00

 MOMENT OF INERTIA PARAMETERS:   A1=  0.122 MEV   A2=  0.122 MEV   A3=121.91924 MEV


 DELTA=0.907 MEV  LAMBDA=53.4984 MEV   HW0= 7.7276 MEV   LAMBDA/HW0= 6.9230

 E2ENERGY=0.730 MEV  HBAR**2/B=58355./A**(7/3)=9864.8/A**2 MEV

 IREC=0  =>  RECOIL TERMS j+j-, j+j+, jzjz, ETC TREATED AS ONE-BODY OPERATORS WITH UU+VV PAIRING FACTORS



 S. P. LEVEL   EQP       U     V        (UU + VV)**1.00

     24       4.586    0.099 0.995      1.000 1.000 1.000 0.997 0.993 0.937 0.869 0.809 0.510 0.403 0.398 0.367 0.358 0.212 0.203
     25       4.527    0.101 0.995      1.000 1.000 1.000 0.997 0.993 0.937 0.870 0.810 0.512 0.404 0.399 0.368 0.359 0.213 0.205
     26       3.881    0.118 0.993      1.000 1.000 1.000 0.998 0.995 0.943 0.878 0.820 0.526 0.420 0.415 0.384 0.375 0.229 0.221
     27       2.554    0.181 0.984      0.997 0.997 0.998 1.000 0.999 0.962 0.907 0.855 0.579 0.477 0.472 0.442 0.433 0.291 0.283
     28       2.143    0.217 0.976      0.993 0.993 0.995 0.999 1.000 0.972 0.921 0.873 0.609 0.509 0.504 0.475 0.466 0.326 0.318
     29       1.146    0.441 0.897      0.937 0.937 0.943 0.962 0.972 1.000 0.987 0.964 0.779 0.698 0.694 0.669 0.662 0.540 0.533
     30       0.961    0.579 0.815      0.869 0.870 0.878 0.907 0.921 0.987 1.000 0.994 0.869 0.803 0.800 0.779 0.773 0.668 0.661
     31       0.913    0.665 0.747      0.809 0.810 0.820 0.855 0.873 0.964 0.994 1.000 0.918 0.864 0.861 0.843 0.838 0.745 0.740
     32       1.185    0.906 0.422      0.510 0.512 0.526 0.579 0.609 0.779 0.869 0.918 1.000 0.993 0.992 0.987 0.986 0.948 0.946
     33       1.538    0.951 0.310      0.403 0.404 0.420 0.477 0.509 0.698 0.803 0.864 0.993 1.000 1.000 0.999 0.999 0.980 0.978
     34       1.563    0.952 0.305      0.398 0.399 0.415 0.472 0.504 0.694 0.800 0.861 0.992 1.000 1.000 0.999 0.999 0.981 0.979
     35       1.728    0.962 0.273      0.367 0.368 0.384 0.442 0.475 0.669 0.779 0.843 0.987 0.999 0.999 1.000 1.000 0.987 0.985
     36       1.787    0.965 0.263      0.358 0.359 0.375 0.433 0.466 0.662 0.773 0.838 0.986 0.999 0.999 1.000 1.000 0.988 0.987
     37       4.028    0.994 0.113      0.212 0.213 0.229 0.291 0.326 0.540 0.668 0.745 0.948 0.980 0.981 0.987 0.988 1.000 1.000
     38       4.342    0.994 0.105      0.203 0.205 0.221 0.283 0.318 0.533 0.661 0.740 0.946 0.978 0.979 0.985 0.987 1.000 1.000

  R CORE   ENERGY   A0R/A00=1.000    R3= 0     2  
   2( 1)    0.732                    1.000 0.000
   2( 2)  487.921                    0.000 1.000

  R CORE   ENERGY   A0R/A00=1.000    R3= 0     2  
   3( 1)  488.652                    0.000 1.000

  R CORE   ENERGY   A0R/A00=1.000    R3= 0     2     4  
   4( 1)    2.438                    1.000 0.000 0.000

  R CORE   ENERGY   A0R/A00=1.000    R3= 0     2     4  
   5( 1)  490.847                    0.000 1.000 0.000

  R CORE   ENERGY   A0R/A00=1.000    R3= 0     2     4     6  
   6( 1)    5.121                    1.000 0.000 0.000 0.000

  R CORE   ENERGY   A0R/A00=1.000    R3= 0     2     4     6  
   7( 1)  494.017                    0.000 1.000 0.000 0.000

          AXIAL SYMMETRY => K RESTRICTED TO OMEGA

                     K
     S.P. ORB#: 24  2.50
     S.P. ORB#: 25  4.50
     S.P. ORB#: 26  0.50
     S.P. ORB#: 27  0.50
     S.P. ORB#: 28  2.50
     S.P. ORB#: 29  2.50
     S.P. ORB#: 30 -5.50
     S.P. ORB#: 31 -3.50
     S.P. ORB#: 32  0.50
     S.P. ORB#: 33 -3.50
     S.P. ORB#: 34  0.50
     S.P. ORB#: 35 -1.50
     S.P. ORB#: 36 -1.50
     S.P. ORB#: 37 -3.50
     S.P. ORB#: 38 -1.50
 

             ENERGY    K= OMEGA
 
 I=  1/2- (1)  3.006  34:-0.999
 
 I=  1/2- (2)  4.933  27:-0.529
                      32: 0.849
 
 I=  1/2- (3)  5.767  26: 0.999
 
 I=  1/2- (4)  6.478  27: 0.849
                      32: 0.529
 
 I=  1/2- (5)148.031  35: 1.000

             ENERGY    K= OMEGA
 
 I=  3/2- (1)  3.073  34: 0.787
                      35: 0.617
 
 I=  3/2- (2)  3.315  26:-0.119
                      34: 0.610
                      35:-0.783

             ENERGY    K= OMEGA
 
 I=  5/2- (1)  2.958  29:-0.990
                      35:-0.129
 
 I=  5/2- (2)  3.623  26:-0.181
                      29:-0.128
                      34:-0.531
                      35: 0.817
 
 I=  5/2- (3)  4.236  34:-0.835
                      35:-0.545
 
 I=  5/2- (4)  4.865  27:-0.521
                      32: 0.759
                      36: 0.260
                      38:-0.292
 
 I=  5/2- (5)  6.477  27:-0.185
                      28:-0.171
                      32:-0.370
                      36: 0.881
                      38: 0.155

             ENERGY    K= OMEGA
 
 I=  7/2- (1)  2.689  24:-0.184
                      29: 0.128
                      31: 0.974
 
 I=  7/2- (2)  3.636  24: 0.061
                      29: 0.919
                      31:-0.103
                      35:-0.165
                      37:-0.333
 
 I=  7/2- (3)  4.293  29:-0.111
                      34:-0.824
                      35:-0.546
                      37: 0.079
 
 I=  7/2- (4)  4.759  24:-0.056
                      26: 0.225
                      29: 0.067
                      34:-0.539
                      35: 0.794
                      37:-0.139
 
 I=  7/2- (5)  5.203  29: 0.347
                      31:-0.053
                      35: 0.106
                      37: 0.929

             ENERGY    K= OMEGA
 
 I=  9/2- (1)  3.530  24:-0.260
                      29: 0.166
                      31:-0.949
 
 I=  9/2- (2)  4.548  24: 0.083
                      26:-0.051
                      29: 0.866
                      31: 0.126
                      34:-0.072
                      35: 0.210
                      37: 0.418
 
 I=  9/2- (3)  5.280  26:-0.287
                      29:-0.163
                      31:-0.068
                      34:-0.542
                      35: 0.753
                      37:-0.154
 
 I=  9/2- (4)  5.642  27: 0.489
                      32:-0.742
                      36:-0.246
                      38: 0.387
 
 I=  9/2- (5)  6.377  24:-0.071
                      25:-0.062
                      26:-0.075
                      29:-0.182
                      34:-0.700
                      35:-0.467
                      37: 0.494

             ENERGY    K= OMEGA
 
 I= 11/2- (1)  2.085  25: 0.184
                      30: 0.983
 
 I= 11/2- (2)  4.589  24:-0.315
                      25: 0.057
                      29: 0.185
                      31: 0.927
 
 I= 11/2- (3)  5.709  24: 0.100
                      29: 0.836
                      31:-0.136
                      34:-0.071
                      35:-0.210
                      37:-0.470
 
 I= 11/2- (4)  6.493  26:-0.070
                      29: 0.117
                      31:-0.061
                      34: 0.842
                      35: 0.502
                      37:-0.125
 
 I= 11/2- (5)  6.522  27:-0.398
                      28:-0.085
                      32:-0.783
                      33:-0.055
                      36:-0.137
                      38:-0.447

             ENERGY    K= OMEGA
 
 I= 13/2- (1)  3.431  25:-0.258
                      30: 0.966
 
 I= 13/2- (2)  5.873  24:-0.358
                      25: 0.056
                      29: 0.194
                      31:-0.908
                      35:-0.053
 
 I= 13/2- (3)  7.091  24: 0.113
                      26:-0.091
                      29: 0.799
                      31: 0.128
                      34:-0.110
                      35: 0.269
                      37: 0.489
 
 I= 13/2- (4)  7.335  27: 0.463
                      32:-0.733
                      36:-0.226
                      38: 0.443
 
 I= 13/2- (5)  7.861  26:-0.364
                      29:-0.203
                      31:-0.111
                      34:-0.534
                      35: 0.695
                      37:-0.213

             ENERGY     K=-3/2
  32 LEVELS    TIME=  0.0 SEC



 ******************* EXCITATION ENERGIES, DOMINANT CONFIGURATION AND EXPECTATION VALUES (WITH S.P. UU+VV FACTORS) *******************

  NR  Eex(keV)  I   Kdom  NY    <Jz>  <Jx**2> <Jy**2> <Jz**2> <I.j>/|I|  <Rx**2> <Ry**2> <Rz**2> <R.j>/|R|  <HROTx> <HROTy> <HROTz>

   1    0.0  11/2- -11/2  30   -5.16    2.92    2.92   29.90    5.29       4.12    4.12    0.00   -1.43      0.502   0.502   0.000
   2  603.4   7/2-  -7/2  31   -3.20    6.50    6.50   11.95    3.43       6.75    6.75    0.00   -3.09      0.823   0.823   0.000
   3  873.0   5/2-   5/2  29    2.43    6.21    6.21    6.18    2.13       7.37    7.37   -0.00   -3.20      0.899   0.899  -0.000
   4  920.5   1/2-   1/2  34    0.50    5.45    5.45    0.25    0.05       5.90    5.90    0.00   -3.23      0.719   0.719   0.000
   5  988.1   3/2-   1/2  34   -0.26    5.45    5.45    1.01    0.98       5.93    5.93    0.00   -2.91      0.723   0.723   0.000
  
   6 1230.0   3/2-  -3/2  35   -0.73    5.48    5.48    1.48    0.75       6.64    6.64    0.00   -3.01      0.809   0.809   0.000
   7 1345.8  13/2- -11/2  30   -4.83    3.08    3.08   29.56    4.74       9.16    9.16    0.00   -0.62      1.117   1.117   0.000
   8 1444.5   9/2-  -7/2  31   -2.91    6.63    6.63   11.69    3.06       9.64    9.64    0.00   -2.22      1.176   1.176   0.000
   9 1537.7   5/2-  -3/2  35   -0.80    5.57    5.57    1.69    1.05       7.70    7.70    0.00   -2.48      0.938   0.938   0.000
  10 1551.1   7/2-   5/2  29    1.66    5.72    5.72    6.86    2.08       8.79    8.79   -0.00   -2.40      1.071   1.071  -0.000
  
  11 2150.9   5/2-   1/2  34   -0.09    5.46    5.46    0.86   -0.16      10.73   10.73    0.00   -2.64      1.308   1.308   0.000
  12 2208.0   7/2-   1/2  34   -0.10    5.44    5.44    1.01    0.73      10.93   10.93    0.00   -1.92      1.332   1.332   0.000
  13 2463.0   9/2-   5/2  29    1.16    5.44    5.44    7.18    1.96      11.65   11.65    0.00   -1.72      1.421   1.421   0.000
  14 2503.9  11/2-  -7/2  31   -2.67    6.72    6.72   11.47    2.82      13.48   13.48    0.00   -1.55      1.643   1.643   0.000
  15 2673.5   7/2-  -3/2  35   -0.83    5.51    5.51    1.80    0.58      11.98   11.98    0.00   -2.15      1.460   1.460   0.000
  
  16 2779.2   5/2-   1/2  32    0.19   14.64   14.64    0.56    2.36      12.30   12.30   -0.00   -4.61      1.500   1.500  -0.000
  17 2848.0   1/2-   1/2  32    0.50   14.50   14.50    0.25    1.38      13.81   13.81   -0.00   -5.34      1.683   1.683  -0.000
  18 3117.2   7/2-  -7/2  37   -2.74    2.86    2.86   11.39    2.53       6.39    6.39    0.00   -1.98      0.779   0.779   0.000
  19 3194.5   9/2-  -3/2  35   -0.69    5.63    5.63    1.90    1.02      13.87   13.87    0.00   -1.53      1.692   1.692   0.000
  20 3557.0   9/2-   1/2  32    0.08   14.87   14.87    0.67    2.56      14.85   14.85   -0.00   -3.24      1.810   1.810  -0.000
  
  21 3623.4  11/2-   5/2  29    0.88    5.24    5.24    7.49    1.84      15.84   15.84    0.00   -1.24      1.932   1.932   0.000
  22 3682.1   1/2-   1/2  26    0.50    7.81    7.81    0.25    0.64       7.75    7.75    0.00   -3.89      0.945   0.945   0.000
  23 3787.5  13/2-  -7/2  31   -2.48    6.81    6.81   11.29    2.66      18.29   18.29    0.00   -1.05      2.229   2.229   0.000
  24 4291.3   9/2-   1/2  34   -0.82    4.74    4.74    3.92    0.41      17.02   17.02    0.00   -1.94      2.076   2.076   0.000
  25 4391.7   5/2-  -3/2  36   -1.04   17.14   17.14    2.02    1.13      19.17   19.17    0.00   -5.32      2.337   2.337   0.000
  
  26 4392.2   1/2-   1/2  27    0.50   16.05   16.05    0.25   -1.28      17.66   17.66    0.00   -5.63      2.153   2.153   0.000
  27 4407.2  11/2-   1/2  34   -0.05    5.41    5.41    1.08    0.66      19.87   19.87    0.00   -1.26      2.422   2.422   0.000
  28 4436.9  11/2-   1/2  32    0.07   17.61   17.61    0.77    2.93      18.33   18.33    0.00   -3.05      2.235   2.235   0.000
  29 5005.8  13/2-   5/2  29    0.64    5.16    5.16    7.39    1.74      21.10   21.10    0.00   -0.86      2.572   2.572   0.000
  30 5249.4  13/2-   1/2  32    0.01   15.06   15.06    0.75    2.64      21.35   21.35   -0.00   -1.90      2.603   2.603  -0.000
  
  31 5775.1  13/2-  -3/2  35   -0.61    5.68    5.68    2.17    1.04      23.87   23.87    0.00   -0.91      2.911   2.911   0.000
  32*******   1/2-  -3/2  35    0.00    0.00    0.00    0.00   -0.00       0.00    0.00    0.00   -0.00      0.000   0.000   0.000
