1SPECTRUM OF (Z= 82 A=207) IN PARTICLE-ROTOR  MODEL WITH MODIFIED OSCILLATOR POTENTIAL


 PARITY=-   EPS= 0.524   GAMMA=  0.0   EPS4=0.000   EPS6=0.000   LEVELS:  24  25  26  27  28  29  30  31  32  33  34  35  36  37  38

 PAIRING FACTORS: GN0= 19.20  GN1=  7.40  IPAIR= 15 ***  E2PLUS(INPUT)=   0.730  E2PLUR(INPUT)=   0.000

 CORIOLIS ATTENUATION PARAMETERS:  CHSI=1.000  ETA=  1.00

 MOMENT OF INERTIA PARAMETERS:   A1=  0.122 MEV   A2=  0.122 MEV   A3=121.91924 MEV


 DELTA=0.844 MEV  LAMBDA=53.3955 MEV   HW0= 7.6820 MEV   LAMBDA/HW0= 6.9507

 E2ENERGY=0.730 MEV  HBAR**2/B=50912./A**(7/3)=8606.5/A**2 MEV

 IREC=0  =>  RECOIL TERMS j+j-, j+j+, jzjz, ETC TREATED AS ONE-BODY OPERATORS WITH UU+VV PAIRING FACTORS



 S. P. LEVEL   EQP       U     V        (UU + VV)**1.00

     24       4.642    0.091 0.996      1.000 1.000 1.000 0.988 0.986 0.972 0.968 0.908 0.451 0.407 0.365 0.353 0.283 0.218 0.199
     25       4.099    0.104 0.995      1.000 1.000 1.000 0.989 0.988 0.974 0.971 0.913 0.462 0.418 0.377 0.364 0.294 0.230 0.211
     26       3.920    0.108 0.994      1.000 1.000 1.000 0.990 0.989 0.975 0.972 0.915 0.466 0.422 0.381 0.369 0.299 0.234 0.216
     27       1.767    0.246 0.969      0.988 0.989 0.990 1.000 1.000 0.997 0.995 0.963 0.585 0.545 0.507 0.495 0.430 0.368 0.350
     28       1.710    0.255 0.967      0.986 0.988 0.989 1.000 1.000 0.997 0.996 0.965 0.593 0.553 0.515 0.503 0.438 0.377 0.359
     29       1.374    0.325 0.946      0.972 0.974 0.975 0.997 0.997 1.000 1.000 0.982 0.650 0.612 0.576 0.565 0.502 0.443 0.426
     30       1.329    0.337 0.941      0.968 0.971 0.972 0.995 0.996 1.000 1.000 0.984 0.660 0.622 0.586 0.576 0.513 0.455 0.438
     31       0.975    0.499 0.866      0.908 0.913 0.915 0.963 0.965 0.982 0.984 1.000 0.783 0.751 0.721 0.712 0.658 0.606 0.591
     32       1.235    0.930 0.367      0.451 0.462 0.466 0.585 0.593 0.650 0.660 0.783 1.000 0.999 0.996 0.994 0.984 0.969 0.964
     33       1.386    0.947 0.322      0.407 0.418 0.422 0.545 0.553 0.612 0.622 0.751 0.999 1.000 0.999 0.998 0.991 0.980 0.976
     34       1.576    0.960 0.279      0.365 0.377 0.381 0.507 0.515 0.576 0.586 0.721 0.996 0.999 1.000 1.000 0.996 0.988 0.985
     35       1.646    0.964 0.266      0.353 0.364 0.369 0.495 0.503 0.565 0.576 0.712 0.994 0.998 1.000 1.000 0.997 0.990 0.987
     36       2.220    0.981 0.194      0.283 0.294 0.299 0.430 0.438 0.502 0.513 0.658 0.984 0.991 0.996 0.997 1.000 0.998 0.996
     37       3.332    0.992 0.128      0.218 0.230 0.234 0.368 0.377 0.443 0.455 0.606 0.969 0.980 0.988 0.990 0.998 1.000 1.000
     38       3.911    0.994 0.109      0.199 0.211 0.216 0.350 0.359 0.426 0.438 0.591 0.964 0.976 0.985 0.987 0.996 1.000 1.000

  R CORE   ENERGY   A0R/A00=1.000    R3= 0     2  
   2( 1)    0.732                    1.000 0.000
   2( 2)  487.921                    0.000 1.000

  R CORE   ENERGY   A0R/A00=1.000    R3= 0     2  
   3( 1)  488.652                    0.000 1.000

  R CORE   ENERGY   A0R/A00=1.000    R3= 0     2     4  
   4( 1)    2.438                    1.000 0.000 0.000

  R CORE   ENERGY   A0R/A00=1.000    R3= 0     2     4  
   5( 1)  490.847                    0.000 1.000 0.000

  R CORE   ENERGY   A0R/A00=1.000    R3= 0     2     4     6  
   6( 1)    5.121                    1.000 0.000 0.000 0.000

  R CORE   ENERGY   A0R/A00=1.000    R3= 0     2     4     6  
   7( 1)  494.017                    0.000 1.000 0.000 0.000

          AXIAL SYMMETRY => K RESTRICTED TO OMEGA

                     K
     S.P. ORB#: 24  2.50
     S.P. ORB#: 25 -1.50
     S.P. ORB#: 26  0.50
     S.P. ORB#: 27  0.50
     S.P. ORB#: 28  2.50
     S.P. ORB#: 29  2.50
     S.P. ORB#: 30 -5.50
     S.P. ORB#: 31 -3.50
     S.P. ORB#: 32  0.50
     S.P. ORB#: 33 -1.50
     S.P. ORB#: 34  0.50
     S.P. ORB#: 35 -3.50
     S.P. ORB#: 36 -1.50
     S.P. ORB#: 37 -3.50
     S.P. ORB#: 38  4.50
 

             ENERGY    K= OMEGA
 
 I=  1/2- (1)  2.652  32: 0.999
 
 I=  1/2- (2)  4.833  27: 0.813
                      34:-0.582
 
 I=  1/2- (3)  5.769  26: 0.999
 
 I=  1/2- (4)  6.114  27: 0.582
                      34: 0.813
 
 I=  1/2- (5)147.689  33: 1.000

             ENERGY    K= OMEGA
 
 I=  3/2- (1)  2.716  32:-0.764
                      33: 0.645
 
 I=  3/2- (2)  2.960  26: 0.120
                      32: 0.638
                      33: 0.760

             ENERGY    K= OMEGA
 
 I=  5/2- (1)  3.131  24:-0.054
                      26: 0.098
                      29:-0.808
                      32:-0.267
                      33:-0.513
 
 I=  5/2- (2)  3.288  26:-0.147
                      29:-0.583
                      32: 0.472
                      33: 0.644
 
 I=  5/2- (3)  3.883  29: 0.073
                      32: 0.829
                      33:-0.551
 
 I=  5/2- (4)  5.182  25:-0.106
                      27: 0.762
                      28: 0.103
                      34:-0.570
                      36:-0.268
 
 I=  5/2- (5)  6.589  25: 0.450
                      27:-0.084
                      28:-0.812
                      34:-0.359

             ENERGY    K= OMEGA
 
 I=  7/2- (1)  2.696  24: 0.206
                      29:-0.108
                      31:-0.972
 
 I=  7/2- (2)  3.722  24: 0.061
                      29: 0.768
                      32: 0.188
                      33:-0.300
                      37:-0.528
 
 I=  7/2- (3)  3.944  29: 0.221
                      32:-0.788
                      33: 0.514
                      37:-0.249
 
 I=  7/2- (4)  4.382  24:-0.057
                      26: 0.215
                      29:-0.056
                      32: 0.553
                      33: 0.737
                      37:-0.313
 
 I=  7/2- (5)  4.638  26:-0.065
                      29:-0.587
                      31: 0.084
                      32:-0.102
                      33:-0.267
                      37:-0.749

             ENERGY    K= OMEGA
 
 I=  9/2- (1)  3.280  24:-0.262
                      29: 0.127
                      31:-0.895
                      38: 0.333
 
 I=  9/2- (2)  4.594  24: 0.095
                      26:-0.116
                      29: 0.689
                      31: 0.103
                      32: 0.200
                      33: 0.383
                      37: 0.544
                      38: 0.092
 
 I=  9/2- (3)  4.902  26: 0.259
                      29: 0.275
                      31: 0.102
                      32:-0.515
                      33:-0.676
                      37: 0.352
 
 I=  9/2- (4)  5.197  24: 0.108
                      29:-0.284
                      31: 0.269
                      37: 0.126
                      38: 0.905
 
 I=  9/2- (5)  5.903  25: 0.429
                      27:-0.472
                      28:-0.609
                      34: 0.217
                      35: 0.363
                      36: 0.207

             ENERGY    K= OMEGA
 
 I= 11/2- (1)  2.669  30:-1.000
 
 I= 11/2- (2)  4.144  24: 0.303
                      29:-0.135
                      31:-0.861
                      37: 0.056
                      38:-0.378
 
 I= 11/2- (3)  5.767  24:-0.114
                      29:-0.698
                      31: 0.126
                      32:-0.173
                      33: 0.305
                      37: 0.594
                      38:-0.085
 
 I= 11/2- (4)  6.052  25: 0.476
                      27: 0.480
                      28: 0.592
                      34: 0.240
                      35: 0.318
                      36: 0.185
 
 I= 11/2- (5)  6.142  26: 0.077
                      29:-0.186
                      31: 0.077
                      32: 0.818
                      33:-0.474
                      37: 0.246

             ENERGY    K= OMEGA
 
 I= 13/2- (1)  4.251  30: 0.999
 
 I= 13/2- (2)  5.261  24:-0.336
                      29: 0.139
                      31:-0.839
                      33:-0.058
                      37: 0.068
                      38: 0.392
 
 I= 13/2- (3)  6.998  25: 0.508
                      27:-0.321
                      28:-0.680
                      34: 0.080
                      35: 0.382
                      36: 0.155
 
 I= 13/2- (4)  7.111  24:-0.126
                      26: 0.201
                      29:-0.605
                      31:-0.092
                      32:-0.279
                      33:-0.476
                      37:-0.507
                      38:-0.089
 
 I= 13/2- (5)  7.492  26: 0.307
                      29: 0.378
                      31: 0.137
                      32:-0.478
                      33:-0.568
                      37: 0.438

             ENERGY     K= 9/2
  32 LEVELS    TIME=  0.0 SEC



 ******************* EXCITATION ENERGIES, DOMINANT CONFIGURATION AND EXPECTATION VALUES (WITH S.P. UU+VV FACTORS) *******************

  NR  Eex(keV)  I   Kdom  NY    <Jz>  <Jx**2> <Jy**2> <Jz**2> <I.j>/|I|  <Rx**2> <Ry**2> <Rz**2> <R.j>/|R|  <HROTx> <HROTy> <HROTz>

   1    0.0   1/2-   1/2  32    0.50    5.36    5.36    0.25    0.07       5.79    5.79    0.00   -3.20      0.706   0.706   0.000
   2   17.0  11/2- -11/2  30   -5.49    2.75    2.75   30.24    5.06       5.49    5.49    0.00   -1.65      0.669   0.669   0.000
   3   44.7   7/2-  -7/2  31   -3.17    6.49    6.49   11.92    3.51       6.40    6.40    0.00   -3.07      0.780   0.780   0.000
   4   64.4   3/2-   1/2  32   -0.33    5.35    5.35    1.08    1.01       5.81    5.81    0.00   -2.88      0.708   0.708   0.000
   5  308.0   3/2-  -3/2  33   -0.66    5.38    5.38    1.41    0.72       6.56    6.56    0.00   -2.97      0.799   0.799   0.000
  
   6  479.7   5/2-   5/2  29    1.29    5.91    5.91    4.71    1.87       7.09    7.09    0.00   -2.92      0.865   0.865   0.000
   7  628.1   9/2-  -7/2  31   -2.10    6.15    6.15   12.61    3.58       7.04    7.04   -0.00   -1.90      0.859   0.859  -0.000
   8  636.3   5/2-  -3/2  33    0.35    5.72    5.72    3.12    1.33       7.73    7.73    0.00   -2.71      0.942   0.942   0.000
   9 1070.6   7/2-   5/2  29    0.38    4.95    4.95    7.36    2.30       7.36    7.36    0.00   -2.12      0.898   0.898   0.000
  10 1230.8   5/2-   1/2  32   -0.10    5.38    5.38    0.89   -0.15      10.63   10.63    0.00   -2.62      1.296   1.296   0.000
  
  11 1292.4   7/2-   1/2  32   -0.19    5.20    5.20    1.84    0.92      10.36   10.36    0.00   -1.89      1.263   1.263   0.000
  12 1491.9  11/2-  -7/2  31   -1.69    6.09    6.09   12.71    3.43       9.83    9.83    0.00   -0.99      1.198   1.198   0.000
  13 1599.0  13/2- -11/2  30   -5.48    2.75    2.75   30.21    4.34      11.96   11.96    0.00   -1.11      1.458   1.458   0.000
  14 1729.8   7/2-  -3/2  33   -0.97    5.15    5.15    2.55    0.79      11.17   11.17    0.00   -2.06      1.362   1.362   0.000
  15 1942.5   9/2-   5/2  29   -0.02    4.79    4.79    7.30    2.07      10.51   10.51    0.00   -1.43      1.281   1.281   0.000
  
  16 1986.3   7/2-  -7/2  37   -1.22    3.96    3.96    9.29    1.93       8.84    8.84    0.00   -2.28      1.077   1.077   0.000
  17 2181.5   1/2-   1/2  27    0.50   13.42   13.42    0.25    1.25      12.84   12.84    0.00   -5.13      1.565   1.565   0.000
  18 2250.5   9/2-  -3/2  33   -0.80    5.22    5.22    3.24    1.27      12.92   12.92    0.00   -1.45      1.575   1.575   0.000
  19 2530.1   5/2-   1/2  27    0.36   13.98   13.98    0.48    1.55      14.02   14.02    0.00   -4.51      1.709   1.709   0.000
  20 2545.4   9/2-   9/2  38    3.61    3.04    3.04   18.25    3.53       6.99    6.99    0.00   -1.81      0.852   0.852   0.000
  
  21 2609.3  13/2-  -7/2  31   -1.48    6.10    6.10   12.68    3.28      13.94   13.94    0.00   -0.38      1.700   1.700   0.000
  22 3115.7  11/2-   5/2  29   -0.13    4.59    4.59    8.01    1.92      14.96   14.96    0.00   -1.04      1.824   1.824   0.000
  23 3116.9   1/2-   1/2  26    0.50    7.67    7.67    0.25    0.66       7.60    7.60    0.00   -3.85      0.926   0.926   0.000
  24 3250.9   9/2-   5/2  28    0.26   19.88   19.88    4.51    3.86      15.31   15.31   -0.00   -4.53      1.866   1.866  -0.000
  25 3400.7  11/2-   5/2  28    0.28   20.33   20.33    4.08    4.14      15.53   15.53   -0.00   -3.59      1.893   1.893  -0.000
  
  26 3461.9   1/2-   1/2  34    0.50   16.88   16.88    0.25   -1.11      18.34   18.34    0.00   -5.77      2.236   2.236   0.000
  27 3490.6  11/2-   1/2  32   -0.14    5.19    5.19    1.71    0.76      19.39   19.39    0.00   -1.21      2.363   2.363   0.000
  28 3937.6   5/2-   5/2  28    1.41   21.65   21.65    4.62    3.46      18.09   18.09   -0.00   -6.26      2.205   2.205  -0.000
  29 4346.3  13/2-   5/2  28    0.28   21.36   21.36    5.34    4.19      19.12   19.12    0.00   -3.04      2.331   2.331   0.000
  30 4459.1  13/2-   5/2  29   -0.22    4.91    4.91    6.34    1.67      20.80   20.80    0.00   -0.70      2.535   2.535   0.000
  
  31 4840.2  13/2-  -3/2  33   -0.70    5.11    5.11    4.29    1.28      22.70   22.70    0.00   -0.83      2.768   2.768   0.000
  32*******   1/2-  -3/2  33    0.00    0.00    0.00    0.00   -0.00       0.00    0.00    0.00   -0.00      0.000   0.000   0.000
