1SPECTRUM OF (Z= 82 A=207) IN PARTICLE-ROTOR  MODEL WITH MODIFIED OSCILLATOR POTENTIAL


 PARITY=-   EPS= 0.482   GAMMA=  0.0   EPS4=0.000   EPS6=0.000   LEVELS:  24  25  26  27  28  29  30  31  32  33  34  35  36  37  38

 PAIRING FACTORS: GN0= 19.20  GN1=  7.40  IPAIR= 15 ***  E2PLUS(INPUT)=   0.730  E2PLUR(INPUT)=   0.000

 CORIOLIS ATTENUATION PARAMETERS:  CHSI=1.000  ETA=  1.00

 MOMENT OF INERTIA PARAMETERS:   A1=  0.122 MEV   A2=  0.122 MEV   A3=121.91922 MEV


 DELTA=0.848 MEV  LAMBDA=53.4435 MEV   HW0= 7.6357 MEV   LAMBDA/HW0= 6.9992

 E2ENERGY=0.730 MEV  HBAR**2/B=43077./A**(7/3)=7282.1/A**2 MEV

 IREC=0  =>  RECOIL TERMS j+j-, j+j+, jzjz, ETC TREATED AS ONE-BODY OPERATORS WITH UU+VV PAIRING FACTORS



 S. P. LEVEL   EQP       U     V        (UU + VV)**1.00

     24       4.848    0.088 0.996      1.000 1.000 0.999 0.993 0.989 0.972 0.968 0.945 0.624 0.550 0.342 0.298 0.261 0.250 0.228
     25       4.105    0.104 0.995      1.000 1.000 1.000 0.995 0.991 0.976 0.972 0.950 0.636 0.564 0.357 0.313 0.276 0.265 0.244
     26       3.443    0.124 0.992      0.999 1.000 1.000 0.997 0.994 0.980 0.977 0.956 0.652 0.580 0.376 0.333 0.296 0.285 0.263
     27       2.127    0.204 0.979      0.993 0.995 0.997 1.000 0.999 0.993 0.991 0.977 0.711 0.644 0.450 0.407 0.372 0.361 0.340
     28       1.850    0.236 0.972      0.989 0.991 0.994 0.999 1.000 0.996 0.995 0.983 0.734 0.669 0.479 0.437 0.402 0.392 0.371
     29       1.403    0.319 0.948      0.972 0.976 0.980 0.993 0.996 1.000 1.000 0.995 0.790 0.731 0.553 0.513 0.480 0.470 0.450
     30       1.348    0.334 0.943      0.968 0.972 0.977 0.991 0.995 1.000 1.000 0.997 0.799 0.741 0.566 0.527 0.494 0.484 0.464
     31       1.135    0.410 0.912      0.945 0.950 0.956 0.977 0.983 0.995 0.997 1.000 0.846 0.794 0.632 0.595 0.563 0.554 0.535
     32       0.921    0.834 0.552      0.624 0.636 0.652 0.711 0.734 0.790 0.799 0.846 1.000 0.996 0.948 0.932 0.917 0.913 0.903
     33       1.015    0.880 0.475      0.550 0.564 0.580 0.644 0.669 0.731 0.741 0.794 0.996 1.000 0.973 0.961 0.950 0.946 0.938
     34       1.699    0.966 0.258      0.342 0.357 0.376 0.450 0.479 0.553 0.566 0.632 0.948 0.973 1.000 0.999 0.996 0.995 0.993
     35       2.039    0.977 0.213      0.298 0.313 0.333 0.407 0.437 0.513 0.527 0.595 0.932 0.961 0.999 1.000 0.999 0.999 0.997
     36       2.460    0.985 0.175      0.261 0.276 0.296 0.372 0.402 0.480 0.494 0.563 0.917 0.950 0.996 0.999 1.000 1.000 0.999
     37       2.625    0.986 0.164      0.250 0.265 0.285 0.361 0.392 0.470 0.484 0.554 0.913 0.946 0.995 0.999 1.000 1.000 1.000
     38       3.027    0.990 0.142      0.228 0.244 0.263 0.340 0.371 0.450 0.464 0.535 0.903 0.938 0.993 0.997 0.999 1.000 1.000

  R CORE   ENERGY   A0R/A00=1.000    R3= 0     2  
   2( 1)    0.732                    1.000 0.000
   2( 2)  487.921                    0.000 1.000

  R CORE   ENERGY   A0R/A00=1.000    R3= 0     2  
   3( 1)  488.652                    0.000 1.000

  R CORE   ENERGY   A0R/A00=1.000    R3= 0     2     4  
   4( 1)    2.438                    1.000 0.000 0.000

  R CORE   ENERGY   A0R/A00=1.000    R3= 0     2     4  
   5( 1)  490.847                    0.000 1.000 0.000

  R CORE   ENERGY   A0R/A00=1.000    R3= 0     2     4     6  
   6( 1)    5.121                    1.000 0.000 0.000 0.000

  R CORE   ENERGY   A0R/A00=1.000    R3= 0     2     4     6  
   7( 1)  494.017                    0.000 1.000 0.000 0.000

          AXIAL SYMMETRY => K RESTRICTED TO OMEGA

                     K
     S.P. ORB#: 24  2.50
     S.P. ORB#: 25  0.50
     S.P. ORB#: 26 -1.50
     S.P. ORB#: 27 -5.50
     S.P. ORB#: 28  2.50
     S.P. ORB#: 29  2.50
     S.P. ORB#: 30 -3.50
     S.P. ORB#: 31  0.50
     S.P. ORB#: 32  0.50
     S.P. ORB#: 33 -1.50
     S.P. ORB#: 34 -3.50
     S.P. ORB#: 35  0.50
     S.P. ORB#: 36 -3.50
     S.P. ORB#: 37 -1.50
     S.P. ORB#: 38  4.50
 

             ENERGY    K= OMEGA
 
 I=  1/2- (1)  2.303  32: 0.999
 
 I=  1/2- (2)  4.354  31: 0.922
                      35:-0.388
 
 I=  1/2- (3)  5.908  25: 0.999
 
 I=  1/2- (4)  6.334  31:-0.388
                      35:-0.922
 
 I=  1/2- (5)147.318  33: 1.000

             ENERGY    K= OMEGA
 
 I=  3/2- (1)  2.344  32: 0.685
                      33:-0.728
 
 I=  3/2- (2)  2.567  25:-0.144
                      32:-0.719
                      33:-0.680

             ENERGY    K= OMEGA
 
 I=  5/2- (1)  2.776  24:-0.050
                      25: 0.196
                      28:-0.089
                      32:-0.515
                      33:-0.828
 
 I=  5/2- (2)  3.498  25:-0.060
                      28:-0.304
                      32: 0.816
                      33:-0.486
 
 I=  5/2- (3)  3.674  28:-0.947
                      32:-0.214
                      33: 0.236
 
 I=  5/2- (4)  4.696  26:-0.125
                      29: 0.105
                      31: 0.824
                      35:-0.483
                      37:-0.246
 
 I=  5/2- (5)  6.375  26: 0.478
                      29:-0.841
                      35:-0.249

             ENERGY    K= OMEGA
 
 I=  7/2- (1)  3.011  24:-0.228
                      28: 0.066
                      30: 0.956
                      33: 0.108
                      36: 0.128
 
 I=  7/2- (2)  3.326  28:-0.317
                      30:-0.114
                      32:-0.050
                      33: 0.098
                      36: 0.935
 
 I=  7/2- (3)  3.547  28: 0.058
                      30: 0.082
                      32: 0.758
                      33:-0.628
                      36: 0.135
 
 I=  7/2- (4)  3.901  24: 0.057
                      25:-0.257
                      28: 0.132
                      30: 0.056
                      32:-0.618
                      33:-0.720
                      36: 0.095
 
 I=  7/2- (5)  4.660  24:-0.062
                      28:-0.934
                      30: 0.107
                      33:-0.169
                      36:-0.286

             ENERGY    K= OMEGA
 
 I=  9/2- (1)  3.435  24:-0.241
                      28: 0.111
                      30:-0.763
                      33:-0.089
                      36: 0.104
                      38: 0.572
 
 I=  9/2- (2)  4.157  24: 0.150
                      25:-0.180
                      28: 0.251
                      30: 0.257
                      32: 0.299
                      33: 0.485
                      36: 0.610
                      38: 0.345
 
 I=  9/2- (3)  4.349  25: 0.252
                      28: 0.088
                      30: 0.271
                      32:-0.456
                      33:-0.589
                      36: 0.529
                      38: 0.138
 
 I=  9/2- (4)  4.547  24:-0.138
                      28: 0.325
                      30:-0.402
                      36: 0.429
                      38:-0.726
 
 I=  9/2- (5)  5.434  26: 0.408
                      29:-0.542
                      31:-0.564
                      34: 0.295
                      35: 0.283
                      37: 0.233

             ENERGY    K= OMEGA
 
 I= 11/2- (1)  3.466  27:-0.999
 
 I= 11/2- (2)  4.307  24:-0.294
                      28: 0.125
                      30: 0.775
                      33: 0.090
                      36:-0.118
                      38: 0.523
 
 I= 11/2- (3)  5.401  24: 0.173
                      28: 0.339
                      30:-0.273
                      32: 0.144
                      33:-0.303
                      36:-0.757
                      38: 0.307
 
 I= 11/2- (4)  5.487  26:-0.448
                      29:-0.530
                      31:-0.586
                      34:-0.269
                      35:-0.223
                      37:-0.229
 
 I= 11/2- (5)  5.748  25:-0.097
                      30:-0.111
                      32:-0.815
                      33: 0.477
                      36:-0.290

             ENERGY    K= OMEGA
 
 I= 13/2- (1)  5.047  27:-0.994
                      30:-0.072
                      38: 0.079
 
 I= 13/2- (2)  5.434  24:-0.337
                      27: 0.108
                      28: 0.128
                      30:-0.773
                      33:-0.121
                      36: 0.115
                      38: 0.479
 
 I= 13/2- (3)  6.518  26: 0.503
                      29:-0.661
                      31:-0.360
                      34: 0.364
                      35: 0.128
                      37: 0.176
 
 I= 13/2- (4)  6.589  24:-0.114
                      25: 0.341
                      28:-0.241
                      32:-0.464
                      33:-0.658
                      36:-0.342
                      38:-0.216
 
 I= 13/2- (5)  6.988  24: 0.129
                      25: 0.195
                      28: 0.299
                      30: 0.291
                      32:-0.299
                      33:-0.285
                      36: 0.754
                      38: 0.183

             ENERGY     K= 9/2
  32 LEVELS    TIME=  0.0 SEC



 ******************* EXCITATION ENERGIES, DOMINANT CONFIGURATION AND EXPECTATION VALUES (WITH S.P. UU+VV FACTORS) *******************

  NR  Eex(keV)  I   Kdom  NY    <Jz>  <Jx**2> <Jy**2> <Jz**2> <I.j>/|I|  <Rx**2> <Ry**2> <Rz**2> <R.j>/|R|  <HROTx> <HROTy> <HROTz>

   1    0.0   1/2-   1/2  32    0.50    5.25    5.25    0.25    0.12       5.64    5.64   -0.00   -3.17      0.688   0.688  -0.000
   2   41.0   3/2-  -3/2  33   -0.56    5.24    5.24    1.31    1.11       5.63    5.63    0.00   -2.88      0.686   0.686   0.000
   3  263.2   3/2-   1/2  32   -0.42    5.25    5.25    1.17    0.73       6.30    6.30    0.00   -2.89      0.768   0.768   0.000
   4  472.5   5/2-  -3/2  33   -0.85    5.39    5.39    1.68    1.30       6.77    6.77    0.00   -2.34      0.826   0.826   0.000
   5  707.2   7/2-  -7/2  30   -3.13    6.33    6.33   11.78    3.55       6.02    6.02    0.00   -2.99      0.733   0.733   0.002
  
   6 1022.4   7/2-  -7/2  36   -2.87    2.82    2.82   11.52    3.16       3.92    3.92   -0.00   -1.65      0.479   0.479  -0.002
   7 1131.4   9/2-  -7/2  30   -0.44    5.20    5.20   14.35    3.89       5.40    5.40   -0.00   -1.64      0.658   0.658  -0.001
   8 1162.9  11/2- -11/2  27   -5.49    2.75    2.75   30.23    5.06       5.49    5.49    0.00   -1.65      0.669   0.669   0.000
   9 1194.4   5/2-   1/2  32    0.22    5.34    5.34    1.29    0.11      10.04   10.04    0.00   -2.60      1.224   1.224   0.000
  10 1243.5   7/2-   1/2  32   -0.38    5.18    5.18    1.36    0.83      10.44   10.44    0.00   -1.84      1.273   1.273   0.000
  
  11 1371.0   5/2-   5/2  28    2.19    6.04    6.04    5.75    1.84       7.84    7.84    0.00   -3.13      0.956   0.956   0.000
  12 1597.8   7/2-  -3/2  33   -0.54    5.32    5.32    1.56    0.75      10.98   10.98    0.00   -1.96      1.338   1.338   0.000
  13 1853.9   9/2-  -7/2  36   -1.08    3.95    3.95    8.87    2.43       8.68    8.68    0.00   -1.13      1.058   1.058   0.003
  14 2004.1  11/2-  -7/2  30   -0.68    5.49    5.49   13.77    3.57       8.91    8.91   -0.00   -0.81      1.087   1.087  -0.002
  15 2045.1   9/2-  -3/2  33   -1.51    4.55    4.55    5.61    1.76      10.99   10.99    0.00   -1.27      1.340   1.340   0.003
  
  16 2050.6   1/2-   1/2  31    0.50   12.94   12.94    0.25    0.92      12.64   12.64    0.00   -5.04      1.542   1.542   0.000
  17 2243.3   9/2-   9/2  38    1.48    3.67    3.67   15.69    3.17       8.15    8.15   -0.00   -1.81      0.993   0.993  -0.003
  18 2356.4   7/2-   5/2  28    1.82    5.77    5.77    6.68    1.41      11.37   11.37   -0.00   -2.64      1.387   1.387  -0.000
  19 2392.2   5/2-   1/2  31    0.37   13.56   13.56    0.47    1.68      13.21   13.21    0.00   -4.40      1.610   1.610   0.000
  20 2743.1  13/2- -11/2  27   -5.42    2.77    2.77   30.06    4.33      11.96   11.96    0.00   -1.10      1.458   1.458   0.000
  
  21 3098.0  11/2-  -7/2  36   -1.61    3.36    3.36   10.96    2.32      12.86   12.86    0.00   -0.75      1.568   1.568   0.004
  22 3130.4  13/2-  -7/2  30   -0.87    5.70    5.70   13.33    3.34      13.42   13.42   -0.00   -0.27      1.636   1.636  -0.002
  23 3130.8   9/2-   1/2  31    0.30   18.82   18.82    3.50    3.63      14.90   14.90   -0.00   -4.23      1.817   1.817  -0.000
  24 3183.8  11/2-   1/2  31    0.27   19.71   19.71    3.31    4.06      14.97   14.97    0.00   -3.37      1.825   1.825   0.000
  25 3444.2  11/2-   1/2  32   -0.33    4.97    4.97    1.88    0.80      19.02   19.02    0.00   -1.14      2.319   2.319   0.001
  
  26 3604.4   1/2-   1/2  25    0.50    7.48    7.48    0.25    0.65       7.42    7.42   -0.00   -3.80      0.904   0.904  -0.000
  27 4030.5   1/2-   1/2  35    0.50   17.03   17.03    0.25   -0.74      18.17   18.17    0.00   -5.80      2.215   2.215   0.000
  28 4071.3   5/2-   5/2  29    1.45   22.28   22.28    4.95    3.66      18.31   18.31   -0.00   -6.39      2.232   2.232  -0.000
  29 4214.4  13/2-   5/2  29    0.28   21.37   21.37    5.03    4.24      18.64   18.64   -0.00   -2.97      2.273   2.273  -0.000
  30 4285.4  13/2-  -3/2  33   -0.51    5.15    5.15    3.89    1.64      19.99   19.99    0.00   -0.43      2.437   2.437   0.000
  
  31 4684.7  13/2-  -7/2  36   -1.93    3.62    3.62    9.55    1.86      19.74   19.74    0.00   -0.60      2.407   2.407   0.004
  32*******   1/2-  -3/2  33    0.00    0.00    0.00    0.00   -0.00       0.00    0.00   -0.00   -0.00      0.000   0.000  -0.000
