1SPECTRUM OF (Z= 82 A=207) IN PARTICLE-ROTOR  MODEL WITH MODIFIED OSCILLATOR POTENTIAL


 PARITY=-   EPS= 0.432   GAMMA=  0.0   EPS4=0.000   EPS6=0.000   LEVELS:  24  25  26  27  28  29  30  31  32  33  34  35  36  37  38

 PAIRING FACTORS: GN0= 19.20  GN1=  7.40  IPAIR= 15 ***  E2PLUS(INPUT)=   0.730  E2PLUR(INPUT)=   0.000

 CORIOLIS ATTENUATION PARAMETERS:  CHSI=1.000  ETA=  1.00

 MOMENT OF INERTIA PARAMETERS:   A1=  0.122 MEV   A2=  0.122 MEV   A3=121.91924 MEV


 DELTA=0.850 MEV  LAMBDA=53.4852 MEV   HW0= 7.5874 MEV   LAMBDA/HW0= 7.0492

 E2ENERGY=0.730 MEV  HBAR**2/B=34604./A**(7/3)=5849.7/A**2 MEV

 IREC=0  =>  RECOIL TERMS j+j-, j+j+, jzjz, ETC TREATED AS ONE-BODY OPERATORS WITH UU+VV PAIRING FACTORS



 S. P. LEVEL   EQP       U     V        (UU + VV)**1.00

     24       4.260    0.100 0.995      1.000 1.000 0.999 0.998 0.997 0.990 0.935 0.847 0.781 0.685 0.381 0.339 0.307 0.258 0.235
     25       3.958    0.108 0.994      1.000 1.000 1.000 0.998 0.997 0.992 0.938 0.851 0.786 0.691 0.388 0.346 0.314 0.266 0.243
     26       3.096    0.139 0.990      0.999 1.000 1.000 1.000 0.999 0.995 0.948 0.867 0.804 0.713 0.416 0.375 0.343 0.295 0.273
     27       2.654    0.162 0.987      0.998 0.998 1.000 1.000 1.000 0.997 0.955 0.878 0.818 0.729 0.438 0.397 0.366 0.318 0.296
     28       2.397    0.180 0.984      0.997 0.997 0.999 1.000 1.000 0.998 0.961 0.887 0.829 0.742 0.454 0.414 0.383 0.335 0.313
     29       1.852    0.236 0.972      0.990 0.992 0.995 0.997 0.998 1.000 0.975 0.912 0.859 0.779 0.505 0.465 0.435 0.389 0.367
     30       1.064    0.447 0.895      0.935 0.938 0.948 0.955 0.961 0.975 1.000 0.980 0.952 0.899 0.684 0.650 0.624 0.584 0.565
     31       0.877    0.614 0.789      0.847 0.851 0.867 0.878 0.887 0.912 0.980 1.000 0.993 0.968 0.814 0.787 0.766 0.732 0.716
     32       0.851    0.700 0.714      0.781 0.786 0.804 0.818 0.829 0.859 0.952 0.993 1.000 0.990 0.875 0.852 0.834 0.805 0.791
     33       0.881    0.794 0.609      0.685 0.691 0.713 0.729 0.742 0.779 0.899 0.968 0.990 1.000 0.935 0.917 0.903 0.881 0.869
     34       1.550    0.958 0.286      0.381 0.388 0.416 0.438 0.454 0.505 0.684 0.814 0.875 0.935 1.000 0.999 0.997 0.992 0.988
     35       1.807    0.970 0.243      0.339 0.346 0.375 0.397 0.414 0.465 0.650 0.787 0.852 0.917 0.999 1.000 0.999 0.996 0.994
     36       2.074    0.978 0.210      0.307 0.314 0.343 0.366 0.383 0.435 0.624 0.766 0.834 0.903 0.997 0.999 1.000 0.999 0.997
     37       2.694    0.987 0.160      0.258 0.266 0.295 0.318 0.335 0.389 0.584 0.732 0.805 0.881 0.992 0.996 0.999 1.000 1.000
     38       3.141    0.991 0.137      0.235 0.243 0.273 0.296 0.313 0.367 0.565 0.716 0.791 0.869 0.988 0.994 0.997 1.000 1.000

  R CORE   ENERGY   A0R/A00=1.000    R3= 0     2  
   2( 1)    0.732                    1.000 0.000
   2( 2)  487.921                    0.000 1.000

  R CORE   ENERGY   A0R/A00=1.000    R3= 0     2  
   3( 1)  488.652                    0.000 1.000

  R CORE   ENERGY   A0R/A00=1.000    R3= 0     2     4  
   4( 1)    2.438                    1.000 0.000 0.000

  R CORE   ENERGY   A0R/A00=1.000    R3= 0     2     4  
   5( 1)  490.847                    0.000 1.000 0.000

  R CORE   ENERGY   A0R/A00=1.000    R3= 0     2     4     6  
   6( 1)    5.121                    1.000 0.000 0.000 0.000

  R CORE   ENERGY   A0R/A00=1.000    R3= 0     2     4     6  
   7( 1)  494.017                    0.000 1.000 0.000 0.000

          AXIAL SYMMETRY => K RESTRICTED TO OMEGA

                     K
     S.P. ORB#: 24  0.50
     S.P. ORB#: 25  0.50
     S.P. ORB#: 26 -5.50
     S.P. ORB#: 27 -1.50
     S.P. ORB#: 28  2.50
     S.P. ORB#: 29 -3.50
     S.P. ORB#: 30  2.50
     S.P. ORB#: 31  0.50
     S.P. ORB#: 32 -1.50
     S.P. ORB#: 33  0.50
     S.P. ORB#: 34 -3.50
     S.P. ORB#: 35 -3.50
     S.P. ORB#: 36  4.50
     S.P. ORB#: 37  0.50
     S.P. ORB#: 38 -1.50
 

             ENERGY    K= OMEGA
 
 I=  1/2- (1)  2.215  31:-0.999
 
 I=  1/2- (2)  3.661  25:-0.243
                      33: 0.921
                      37:-0.304
 
 I=  1/2- (3)  5.999  24: 0.999
 
 I=  1/2- (4)  6.705  25:-0.257
                      33: 0.241
                      37: 0.936
 
 I=  1/2- (5) 10.115  25: 0.935
                      33: 0.306
                      37: 0.178

             ENERGY    K= OMEGA
 
 I=  3/2- (1)  2.180  31: 0.460
                      32:-0.887
 
 I=  3/2- (2)  2.397  24: 0.182
                      31: 0.875
                      32: 0.448

             ENERGY    K= OMEGA
 
 I=  5/2- (1)  2.506  24: 0.237
                      31:-0.497
                      32:-0.833
 
 I=  5/2- (2)  3.397  24: 0.065
                      28: 0.061
                      31:-0.849
                      32: 0.521
 
 I=  5/2- (3)  3.809  25:-0.196
                      33: 0.828
                      37:-0.449
                      38:-0.270
 
 I=  5/2- (4)  4.199  28:-0.997
                      32: 0.070
 
 I=  5/2- (5)  5.881  25: 0.193
                      27:-0.579
                      30: 0.791

             ENERGY    K= OMEGA
 
 I=  7/2- (1)  2.458  28:-0.155
                      34: 0.987
 
 I=  7/2- (2)  3.413  28:-0.066
                      31:-0.651
                      32: 0.755
 
 I=  7/2- (3)  3.592  24: 0.318
                      28:-0.067
                      29:-0.076
                      31: 0.720
                      32: 0.608
 
 I=  7/2- (4)  3.774  28:-0.166
                      29:-0.981
                      32:-0.093
 
 I=  7/2- (5)  4.011  25: 0.063
                      27:-0.141
                      30:-0.157
                      33:-0.874
                      35:-0.058
                      37:-0.252
                      38:-0.349

             ENERGY    K= OMEGA
 
 I=  9/2- (1)  2.983  28:-0.098
                      29: 0.220
                      34:-0.373
                      36:-0.896
 
 I=  9/2- (2)  3.558  28:-0.204
                      29:-0.132
                      32:-0.082
                      34:-0.894
                      36: 0.364
 
 I=  9/2- (3)  3.849  24: 0.364
                      31:-0.541
                      32:-0.749
                      34: 0.108
 
 I=  9/2- (4)  4.666  25: 0.133
                      27: 0.072
                      30:-0.141
                      33:-0.769
                      35: 0.071
                      37: 0.492
                      38: 0.346
 
 I=  9/2- (5)  4.941  28: 0.253
                      29:-0.933
                      31:-0.055
                      36:-0.249

             ENERGY    K= OMEGA
 
 I= 11/2- (1)  3.898  25: 0.482
                      27: 0.557
                      30: 0.480
                      33: 0.376
                      35: 0.209
                      37: 0.120
                      38: 0.167
 
 I= 11/2- (2)  4.114  26:-0.141
                      28:-0.141
                      29:-0.287
                      34: 0.426
                      36:-0.834
 
 I= 11/2- (3)  4.443  26:-0.989
                      34:-0.106
                      36: 0.094
 
 I= 11/2- (4)  4.881  26:-0.052
                      28:-0.238
                      29: 0.191
                      32: 0.066
                      34: 0.851
                      36: 0.420
 
 I= 11/2- (5)  5.339  25:-0.345
                      27:-0.205
                      30:-0.171
                      33: 0.762
                      35:-0.096
                      37: 0.289
                      38: 0.370

             ENERGY    K= OMEGA
 
 I= 13/2- (1)  5.489  26: 0.121
                      28:-0.178
                      29: 0.331
                      32:-0.052
                      34:-0.455
                      36:-0.796
 
 I= 13/2- (2)  5.698  25:-0.171
                      27: 0.557
                      30:-0.673
                      33:-0.205
                      35: 0.369
                      37: 0.094
                      38: 0.143
 
 I= 13/2- (3)  6.019  24: 0.294
                      26:-0.738
                      28:-0.085
                      31:-0.357
                      32:-0.464
                      34:-0.130
 
 I= 13/2- (4)  6.037  24: 0.333
                      26: 0.659
                      29:-0.051
                      31:-0.406
                      32:-0.520
                      36: 0.121
 
 I= 13/2- (5)  6.444  24:-0.061
                      26: 0.083
                      28:-0.252
                      29:-0.233
                      31: 0.083
                      32: 0.073
                      34:-0.821
                      36: 0.432

             ENERGY     K=-3/2
  32 LEVELS    TIME=  0.0 SEC



 ******************* EXCITATION ENERGIES, DOMINANT CONFIGURATION AND EXPECTATION VALUES (WITH S.P. UU+VV FACTORS) *******************

  NR  Eex(keV)  I   Kdom  NY    <Jz>  <Jx**2> <Jy**2> <Jz**2> <I.j>/|I|  <Rx**2> <Ry**2> <Rz**2> <R.j>/|R|  <HROTx> <HROTy> <HROTz>

   1    0.0   3/2-  -3/2  32   -1.08    5.11    5.11    1.83    1.28       5.42    5.42    0.00   -2.91      0.661   0.661   0.000
   2   34.8   1/2-   1/2  31    0.50    5.12    5.12    0.25    0.19       5.45    5.45   -0.00   -3.13      0.665   0.665  -0.000
   3  216.9   3/2-   1/2  31    0.10    5.04    5.04    0.65    0.74       5.80    5.80    0.00   -2.73      0.707   0.707   0.000
   4  278.2   7/2-  -7/2  34   -3.35    2.33    2.33   12.10    3.18       3.64    3.64    0.00   -1.54      0.444   0.444   0.000
   5  326.1   5/2-  -3/2  32   -0.88    5.31    5.31    1.65    1.54       5.96    5.96    0.00   -2.24      0.727   0.727   0.000
  
   6  803.3   9/2-   9/2  36    2.98    2.60    2.60   18.61    4.06       4.06    4.06    0.00   -1.26      0.495   0.495   0.001
   7 1217.0   5/2-   1/2  31   -0.04    5.14    5.14    0.82   -0.12      10.28   10.28    0.00   -2.53      1.254   1.254   0.000
   8 1233.1   7/2-  -3/2  32   -0.64    5.10    5.10    1.45    0.82      10.43   10.43    0.00   -1.83      1.271   1.271   0.000
   9 1378.3   9/2-  -7/2  34   -2.16    2.44    2.44   12.96    2.71       7.80    7.80    0.00   -1.10      0.951   0.951   0.000
  10 1412.5   7/2-   1/2  31   -0.25    5.14    5.14    1.09    0.97       9.72    9.72    0.00   -1.71      1.185   1.185   0.000
  
  11 1480.7   1/2-   1/2  33    0.50   10.37   10.37    0.25    1.04       9.97    9.97   -0.00   -4.50      1.215   1.215  -0.000
  12 1594.1   7/2-  -7/2  29   -3.31    6.28    6.28   11.98    3.10       7.85    7.85   -0.00   -3.09      0.957   0.957  -0.000
  13 1629.3   5/2-   1/2  33    0.35   11.04   11.04    0.40    2.12       9.35    9.35   -0.00   -3.75      1.140   1.140  -0.000
  14 1669.3   9/2-  -3/2  32   -0.67    5.50    5.50    1.53    1.66      10.37   10.37    0.00   -0.93      1.264   1.264   0.000
  15 1717.7  11/2-  -3/2  27    0.11   23.60   23.60    2.83    6.09       6.48    6.48    0.00   -3.78      0.790   0.790   0.000
  
  16 1831.4   7/2-   1/2  33    0.25   15.09   15.09    0.72    3.10      11.01   11.01    0.00   -3.96      1.343   1.343   0.000
  17 1933.7  11/2-   9/2  36    2.15    2.81    2.81   18.05    3.51       8.72    8.72    0.00   -0.64      1.063   1.063   0.001
  18 2019.1   5/2-   5/2  28    2.48    6.11    6.11    6.22    2.09       7.42    7.42    0.00   -3.18      0.905   0.905   0.000
  19 2262.7  11/2- -11/2  26   -5.38    2.75    2.75   29.90    5.01       5.64    5.64    0.00   -1.63      0.688   0.688   0.000
  20 2486.3   9/2-   1/2  33    0.27   12.20   12.20    0.68    2.53      12.32   12.32    0.00   -2.52      1.502   1.502   0.000
  
  21 2700.9  11/2-  -7/2  34   -1.75    2.53    2.53   13.32    2.35      13.03   13.03    0.00   -0.85      1.589   1.589   0.000
  22 2760.6   9/2-  -7/2  29   -2.61    6.01    6.01   12.32    2.43      12.48   12.48    0.00   -2.46      1.521   1.521   0.000
  23 3158.7  11/2-   1/2  33    0.16   12.90   12.90    0.89    2.79      14.53   14.53   -0.00   -1.85      1.771   1.771  -0.000
  24 3309.1  13/2-   9/2  36    1.74    2.99    2.99   17.34    3.09      14.46   14.46    0.00   -0.32      1.762   1.762   0.001
  25 3518.3  13/2-   5/2  30    0.20   23.13   23.13    5.26    4.89      16.02   16.02    0.00   -3.07      1.953   1.953   0.000
  
  26 3701.1   5/2-   5/2  30    1.08   23.24   23.24    4.67    4.33      17.12   17.12    0.00   -6.55      2.088   2.088   0.000
  27 3819.3   1/2-   1/2  24    0.50    7.22    7.22    0.25    0.63       7.17    7.17    0.00   -3.73      0.874   0.874   0.000
  28 3838.7  13/2- -11/2  26   -3.25    4.04    4.04   17.29    3.18      14.85   14.85    0.00   -0.58      1.811   1.811   0.000
  29 3857.3  13/2- -11/2  26   -2.60    4.38    4.38   14.15    2.89      15.62   15.62    0.00   -0.48      1.904   1.904   0.000
  30 4264.1  13/2-  -7/2  34   -1.59    2.66    2.66   13.30    2.06      19.33   19.33    0.00   -0.69      2.357   2.357   0.000
  
  31 4524.8   1/2-   1/2  37    0.50   15.70   15.70    0.25   -0.39      16.54   16.54   -0.00   -5.56      2.016   2.016  -0.000
  32 7935.2   1/2-   1/2  25    0.50   23.06   23.06    0.25   -3.51      26.59   26.59   -0.00   -6.77      3.242   3.242  -0.000
