1SPECTRUM OF (Z= 82 A=207) IN PARTICLE-ROTOR  MODEL WITH MODIFIED OSCILLATOR POTENTIAL


 PARITY=-   EPS= 0.492   GAMMA=  0.0   EPS4=0.000   EPS6=0.000   LEVELS:  24  25  26  27  28  29  30  31  32  33  34  35  36  37  38

 PAIRING FACTORS: GN0= 19.20  GN1=  7.40  IPAIR= 15 ***  E2PLUS(INPUT)=   0.730  E2PLUR(INPUT)=   0.000

 CORIOLIS ATTENUATION PARAMETERS:  CHSI=1.000  ETA=  1.00

 MOMENT OF INERTIA PARAMETERS:   A1=  0.122 MEV   A2=  0.122 MEV   A3=121.91924 MEV


 DELTA=0.850 MEV  LAMBDA=53.4245 MEV   HW0= 7.6462 MEV   LAMBDA/HW0= 6.9871

 E2ENERGY=0.730 MEV  HBAR**2/B=44883./A**(7/3)=7587.4/A**2 MEV

 IREC=0  =>  RECOIL TERMS j+j-, j+j+, jzjz, ETC TREATED AS ONE-BODY OPERATORS WITH UU+VV PAIRING FACTORS



 S. P. LEVEL   EQP       U     V        (UU + VV)**1.00

     24       4.795    0.089 0.996      1.000 1.000 1.000 0.990 0.986 0.976 0.961 0.959 0.575 0.509 0.345 0.312 0.257 0.248 0.220
     25       4.058    0.105 0.994      1.000 1.000 1.000 0.992 0.989 0.980 0.966 0.964 0.588 0.523 0.360 0.327 0.273 0.264 0.236
     26       3.592    0.119 0.993      1.000 1.000 1.000 0.994 0.991 0.982 0.969 0.967 0.599 0.534 0.373 0.340 0.286 0.278 0.249
     27       1.925    0.227 0.974      0.990 0.992 0.994 1.000 1.000 0.997 0.990 0.989 0.683 0.623 0.472 0.441 0.389 0.381 0.353
     28       1.730    0.254 0.967      0.986 0.989 0.991 1.000 1.000 0.999 0.994 0.993 0.703 0.645 0.497 0.466 0.415 0.407 0.380
     29       1.470    0.303 0.953      0.976 0.980 0.982 0.997 0.999 1.000 0.998 0.998 0.739 0.684 0.541 0.511 0.461 0.453 0.427
     30       1.265    0.360 0.933      0.961 0.966 0.969 0.990 0.994 0.998 1.000 1.000 0.778 0.726 0.590 0.561 0.513 0.506 0.480
     31       1.246    0.367 0.930      0.959 0.964 0.967 0.989 0.993 0.998 1.000 1.000 0.782 0.731 0.596 0.567 0.520 0.512 0.487
     32       0.982    0.866 0.500      0.575 0.588 0.599 0.683 0.703 0.739 0.778 0.782 1.000 0.997 0.966 0.957 0.939 0.935 0.925
     33       1.095    0.903 0.430      0.509 0.523 0.534 0.623 0.645 0.684 0.726 0.731 0.997 1.000 0.984 0.977 0.963 0.960 0.952
     34       1.692    0.966 0.260      0.345 0.360 0.373 0.472 0.497 0.541 0.590 0.596 0.966 0.984 1.000 0.999 0.996 0.995 0.992
     35       1.930    0.974 0.226      0.312 0.327 0.340 0.441 0.466 0.511 0.561 0.567 0.957 0.977 0.999 1.000 0.998 0.998 0.995
     36       2.535    0.985 0.170      0.257 0.273 0.286 0.389 0.415 0.461 0.513 0.520 0.939 0.963 0.996 0.998 1.000 1.000 0.999
     37       2.669    0.987 0.161      0.248 0.264 0.278 0.381 0.407 0.453 0.506 0.512 0.935 0.960 0.995 0.998 1.000 1.000 1.000
     38       3.240    0.991 0.132      0.220 0.236 0.249 0.353 0.380 0.427 0.480 0.487 0.925 0.952 0.992 0.995 0.999 1.000 1.000

  R CORE   ENERGY   A0R/A00=1.000    R3= 0     2  
   2( 1)    0.732                    1.000 0.000
   2( 2)  487.921                    0.000 1.000

  R CORE   ENERGY   A0R/A00=1.000    R3= 0     2  
   3( 1)  488.652                    0.000 1.000

  R CORE   ENERGY   A0R/A00=1.000    R3= 0     2     4  
   4( 1)    2.438                    1.000 0.000 0.000

  R CORE   ENERGY   A0R/A00=1.000    R3= 0     2     4  
   5( 1)  490.847                    0.000 1.000 0.000

  R CORE   ENERGY   A0R/A00=1.000    R3= 0     2     4     6  
   6( 1)    5.121                    1.000 0.000 0.000 0.000

  R CORE   ENERGY   A0R/A00=1.000    R3= 0     2     4     6  
   7( 1)  494.017                    0.000 1.000 0.000 0.000

          AXIAL SYMMETRY => K RESTRICTED TO OMEGA

                     K
     S.P. ORB#: 24  2.50
     S.P. ORB#: 25  0.50
     S.P. ORB#: 26 -1.50
     S.P. ORB#: 27 -5.50
     S.P. ORB#: 28  2.50
     S.P. ORB#: 29  2.50
     S.P. ORB#: 30  0.50
     S.P. ORB#: 31 -3.50
     S.P. ORB#: 32  0.50
     S.P. ORB#: 33 -1.50
     S.P. ORB#: 34 -3.50
     S.P. ORB#: 35  0.50
     S.P. ORB#: 36 -1.50
     S.P. ORB#: 37 -3.50
     S.P. ORB#: 38  4.50
 

             ENERGY    K= OMEGA
 
 I=  1/2- (1)  2.373  32: 0.999
 
 I=  1/2- (2)  4.475  30: 0.911
                      35:-0.412
 
 I=  1/2- (3)  5.872  25: 0.999
 
 I=  1/2- (4)  6.257  30: 0.412
                      35: 0.911
 
 I=  1/2- (5)147.398  33: 1.000

             ENERGY    K= OMEGA
 
 I=  3/2- (1)  2.422  32: 0.713
                      33:-0.701
 
 I=  3/2- (2)  2.651  25:-0.136
                      32:-0.693
                      33:-0.708

             ENERGY    K= OMEGA
 
 I=  5/2- (1)  2.876  25: 0.189
                      28:-0.115
                      32:-0.517
                      33:-0.826
 
 I=  5/2- (2)  3.511  25:-0.051
                      28:-0.834
                      32: 0.505
                      33:-0.209
 
 I=  5/2- (3)  3.622  28:-0.537
                      32:-0.675
                      33: 0.504
 
 I=  5/2- (4)  4.830  26: 0.126
                      29:-0.109
                      30:-0.817
                      35: 0.494
                      36: 0.246
 
 I=  5/2- (5)  6.425  26: 0.472
                      29:-0.837
                      35:-0.275

             ENERGY    K= OMEGA
 
 I=  7/2- (1)  2.924  24:-0.223
                      28: 0.090
                      31: 0.966
                      33: 0.074
                      37: 0.053
 
 I=  7/2- (2)  3.485  28: 0.398
                      32: 0.140
                      33:-0.205
                      37:-0.882
 
 I=  7/2- (3)  3.629  31:-0.054
                      32:-0.759
                      33: 0.592
                      37:-0.259
 
 I=  7/2- (4)  4.009  24: 0.060
                      25:-0.245
                      28: 0.148
                      32:-0.606
                      33:-0.725
                      37: 0.145
 
 I=  7/2- (5)  4.586  24:-0.056
                      25:-0.051
                      28:-0.899
                      31: 0.106
                      33:-0.203
                      37:-0.362

             ENERGY    K= OMEGA
 
 I=  9/2- (1)  3.415  24:-0.257
                      28: 0.116
                      31:-0.824
                      33:-0.077
                      37: 0.075
                      38: 0.478
 
 I=  9/2- (2)  4.303  24:-0.131
                      25: 0.186
                      28:-0.315
                      31:-0.188
                      32:-0.319
                      33:-0.513
                      37:-0.581
                      38:-0.332
 
 I=  9/2- (3)  4.488  25: 0.237
                      28: 0.124
                      31: 0.260
                      32:-0.446
                      33:-0.571
                      37: 0.528
                      38: 0.236
 
 I=  9/2- (4)  4.685  24: 0.115
                      28:-0.368
                      31: 0.322
                      37:-0.394
                      38: 0.770
 
 I=  9/2- (5)  5.554  26: 0.421
                      29:-0.568
                      30:-0.535
                      34: 0.315
                      35: 0.258
                      36: 0.221

             ENERGY    K= OMEGA
 
 I= 11/2- (1)  3.265  27:-0.999
 
 I= 11/2- (2)  4.276  24:-0.304
                      28: 0.128
                      31: 0.810
                      33: 0.080
                      37:-0.095
                      38: 0.468
 
 I= 11/2- (3)  5.537  24: 0.156
                      28: 0.412
                      31:-0.221
                      32: 0.189
                      33:-0.329
                      37:-0.730
                      38: 0.284
 
 I= 11/2- (4)  5.636  26:-0.460
                      29:-0.552
                      30:-0.556
                      34:-0.284
                      35:-0.221
                      36:-0.214
 
 I= 11/2- (5)  5.835  25: 0.093
                      28:-0.081
                      31: 0.127
                      32: 0.810
                      33:-0.462
                      37: 0.314

             ENERGY    K= OMEGA
 
 I= 13/2- (1)  4.846  27: 0.997
                      38:-0.059
 
 I= 13/2- (2)  5.395  24:-0.343
                      27: 0.074
                      28: 0.131
                      31:-0.799
                      33:-0.101
                      37: 0.100
                      38: 0.446
 
 I= 13/2- (3)  6.632  26: 0.507
                      29:-0.668
                      30:-0.347
                      34: 0.369
                      35: 0.112
                      36: 0.167
 
 I= 13/2- (4)  6.752  24: 0.115
                      25:-0.326
                      28: 0.288
                      32: 0.453
                      33: 0.652
                      37: 0.360
                      38: 0.190
 
 I= 13/2- (5)  7.129  24: 0.111
                      25: 0.205
                      28: 0.354
                      31: 0.253
                      32:-0.320
                      33:-0.315
                      37: 0.727
                      38: 0.163

             ENERGY     K= 9/2
  32 LEVELS    TIME=  0.0 SEC



 ******************* EXCITATION ENERGIES, DOMINANT CONFIGURATION AND EXPECTATION VALUES (WITH S.P. UU+VV FACTORS) *******************

  NR  Eex(keV)  I   Kdom  NY    <Jz>  <Jx**2> <Jy**2> <Jz**2> <I.j>/|I|  <Rx**2> <Ry**2> <Rz**2> <R.j>/|R|  <HROTx> <HROTy> <HROTz>

   1    0.0   1/2-   1/2  32    0.50    5.28    5.28    0.25    0.11       5.68    5.68   -0.00   -3.18      0.693   0.693  -0.000
   2   49.6   3/2-   1/2  32   -0.48    5.27    5.27    1.23    1.08       5.68    5.68    0.00   -2.87      0.692   0.692   0.000
   3  278.3   3/2-  -3/2  33   -0.50    5.28    5.28    1.25    0.72       6.38    6.38    0.00   -2.91      0.778   0.778   0.000
   4  503.2   5/2-  -3/2  33   -0.83    5.41    5.41    1.71    1.25       6.93    6.93    0.00   -2.37      0.844   0.844   0.000
   5  551.7   7/2-  -7/2  31   -3.14    6.44    6.44   11.84    3.56       6.13    6.13    0.00   -3.03      0.748   0.748   0.000
  
   6  892.3  11/2- -11/2  27   -5.49    2.75    2.75   30.24    5.06       5.49    5.49    0.00   -1.65      0.669   0.669   0.000
   7 1042.0   9/2-  -7/2  31   -1.17    5.64    5.64   13.53    3.77       6.00    6.00    0.00   -1.74      0.731   0.731   0.000
   8 1112.9   7/2-  -7/2  37   -2.38    3.09    3.09   10.64    3.00       4.37    4.37    0.00   -1.66      0.533   0.533   0.000
   9 1138.3   5/2-   5/2  28    1.81    5.87    5.87    4.53    1.48       8.14    8.14    0.00   -2.95      0.993   0.993   0.000
  10 1249.1   5/2-   1/2  32    0.57    5.55    5.55    2.49    0.46       9.81    9.81    0.00   -2.76      1.196   1.196   0.000
  
  11 1256.4   7/2-   1/2  32   -0.48    5.06    5.06    1.80    0.92      10.19   10.19    0.00   -1.83      1.242   1.242   0.000
  12 1636.3   7/2-  -3/2  33   -0.59    5.31    5.31    1.72    0.73      11.14   11.14    0.00   -2.00      1.359   1.359   0.000
  13 1903.3  11/2-  -7/2  31   -1.08    5.74    5.74   13.30    3.52       9.21    9.21    0.00   -0.87      1.122   1.122   0.000
  14 1930.7   9/2-  -7/2  37   -0.85    4.10    4.10    8.16    2.30       9.09    9.09    0.00   -1.15      1.109   1.109   0.000
  15 2102.1   1/2-   1/2  30    0.50   13.03   13.03    0.25    0.96      12.70   12.70    0.00   -5.06      1.548   1.548   0.000
  
  16 2115.7   9/2-  -3/2  33   -1.28    4.44    4.44    6.28    1.82      10.92   10.92    0.00   -1.31      1.332   1.332   0.000
  17 2213.4   7/2-   5/2  28    1.47    5.59    5.59    6.91    1.42      11.28   11.28    0.00   -2.62      1.375   1.375   0.000
  18 2312.2   9/2-   9/2  38    2.13    3.48    3.48   16.09    3.22       7.89    7.89    0.00   -1.77      0.962   0.962   0.000
  19 2457.9   5/2-   1/2  30    0.37   13.68   13.68    0.48    1.63      13.48   13.48    0.00   -4.43      1.643   1.643   0.000
  20 2473.8  13/2- -11/2  27   -5.46    2.76    2.76   30.16    4.33      11.96   11.96    0.00   -1.11      1.458   1.458   0.000
  
  21 3022.8  13/2-  -7/2  31   -1.08    5.87    5.87   13.01    3.32      13.57   13.57    0.00   -0.30      1.655   1.655   0.000
  22 3164.7  11/2-  -7/2  37   -1.33    3.55    3.55   10.21    2.22      13.24   13.24    0.00   -0.78      1.614   1.614   0.000
  23 3181.5   9/2-   5/2  29    0.30   19.25   19.25    3.82    3.72      15.02   15.02    0.00   -4.34      1.831   1.831   0.000
  24 3263.3  11/2-   1/2  30    0.27   19.94   19.94    3.56    4.09      15.14   15.14    0.00   -3.45      1.846   1.846   0.000
  25 3462.7  11/2-   1/2  32   -0.37    4.96    4.96    2.12    0.82      18.96   18.96    0.00   -1.15      2.312   2.312   0.000
  
  26 3499.1   1/2-   1/2  25    0.50    7.53    7.53    0.25    0.66       7.46    7.46    0.00   -3.82      0.910   0.910   0.000
  27 3884.7   1/2-   1/2  35    0.50   17.03   17.03    0.25   -0.78      18.21   18.21   -0.00   -5.80      2.220   2.220  -0.000
  28 4052.1   5/2-   5/2  29    1.45   22.12   22.12    4.90    3.62      18.23   18.23    0.00   -6.36      2.223   2.223   0.000
  29 4259.2  13/2-   5/2  29    0.28   21.42   21.42    5.13    4.24      18.77   18.77    0.00   -3.00      2.288   2.288   0.000
  30 4379.3  13/2-  -3/2  33   -0.54    5.15    5.15    3.97    1.59      20.43   20.43    0.00   -0.50      2.491   2.491   0.000
  
  31 4756.4  13/2-  -7/2  37   -1.69    3.79    3.79    8.92    1.80      20.09   20.09    0.00   -0.62      2.449   2.449   0.000
  32*******   1/2-  -3/2  33    0.00    0.00    0.00    0.00   -0.00       0.00    0.00    0.00   -0.00      0.000   0.000   0.000
