1SPECTRUM OF (Z= 82 A=207) IN PARTICLE-ROTOR  MODEL WITH MODIFIED OSCILLATOR POTENTIAL


 PARITY=-   EPS= 0.545   GAMMA=  0.0   EPS4=0.000   EPS6=0.000   LEVELS:  24  25  26  27  28  29  30  31  32  33  34  35  36  37  38

 PAIRING FACTORS: GN0= 19.20  GN1=  7.40  IPAIR= 15 ***  E2PLUS(INPUT)=   0.730  E2PLUR(INPUT)=   0.000

 CORIOLIS ATTENUATION PARAMETERS:  CHSI=1.000  ETA=  1.00

 MOMENT OF INERTIA PARAMETERS:   A1=  0.122 MEV   A2=  0.122 MEV   A3=121.91923 MEV


 DELTA=0.874 MEV  LAMBDA=53.4484 MEV   HW0= 7.7073 MEV   LAMBDA/HW0= 6.9348

 E2ENERGY=0.730 MEV  HBAR**2/B=55074./A**(7/3)=9310.2/A**2 MEV

 IREC=0  =>  RECOIL TERMS j+j-, j+j+, jzjz, ETC TREATED AS ONE-BODY OPERATORS WITH UU+VV PAIRING FACTORS



 S. P. LEVEL   EQP       U     V        (UU + VV)**1.00

     24       4.607    0.095 0.995      1.000 1.000 1.000 0.994 0.991 0.955 0.929 0.858 0.437 0.415 0.380 0.379 0.320 0.212 0.196
     25       4.510    0.097 0.995      1.000 1.000 1.000 0.994 0.991 0.956 0.929 0.859 0.439 0.417 0.382 0.380 0.322 0.214 0.198
     26       3.895    0.113 0.994      1.000 1.000 1.000 0.996 0.993 0.960 0.935 0.867 0.453 0.431 0.396 0.395 0.336 0.230 0.214
     27       2.203    0.203 0.979      0.994 0.994 0.996 1.000 1.000 0.982 0.963 0.908 0.532 0.511 0.478 0.477 0.420 0.317 0.301
     28       1.949    0.231 0.973      0.991 0.991 0.993 1.000 1.000 0.987 0.971 0.920 0.556 0.536 0.503 0.502 0.446 0.344 0.329
     29       1.230    0.385 0.923      0.955 0.956 0.960 0.982 0.987 1.000 0.997 0.971 0.683 0.666 0.636 0.635 0.585 0.492 0.477
     30       1.074    0.458 0.889      0.929 0.929 0.935 0.963 0.971 0.997 1.000 0.987 0.740 0.723 0.696 0.695 0.649 0.560 0.546
     31       0.915    0.594 0.805      0.858 0.859 0.867 0.908 0.920 0.971 0.987 1.000 0.837 0.824 0.801 0.801 0.761 0.685 0.673
     32       1.335    0.937 0.349      0.437 0.439 0.453 0.532 0.556 0.683 0.740 0.837 1.000 1.000 0.998 0.998 0.992 0.972 0.968
     33       1.416    0.945 0.327      0.415 0.417 0.431 0.511 0.536 0.666 0.723 0.824 1.000 1.000 0.999 0.999 0.995 0.977 0.974
     34       1.576    0.957 0.290      0.380 0.382 0.396 0.478 0.503 0.636 0.696 0.801 0.998 0.999 1.000 1.000 0.998 0.985 0.982
     35       1.582    0.957 0.289      0.379 0.380 0.395 0.477 0.502 0.635 0.695 0.801 0.998 0.999 1.000 1.000 0.998 0.985 0.982
     36       1.970    0.974 0.228      0.320 0.322 0.336 0.420 0.446 0.585 0.649 0.761 0.992 0.995 0.998 0.998 1.000 0.994 0.992
     37       3.726    0.993 0.118      0.212 0.214 0.230 0.317 0.344 0.492 0.560 0.685 0.972 0.977 0.985 0.985 0.994 1.000 1.000
     38       4.307    0.995 0.102      0.196 0.198 0.214 0.301 0.329 0.477 0.546 0.673 0.968 0.974 0.982 0.982 0.992 1.000 1.000

  R CORE   ENERGY   A0R/A00=1.000    R3= 0     2  
   2( 1)    0.732                    1.000 0.000
   2( 2)  487.921                    0.000 1.000

  R CORE   ENERGY   A0R/A00=1.000    R3= 0     2  
   3( 1)  488.652                    0.000 1.000

  R CORE   ENERGY   A0R/A00=1.000    R3= 0     2     4  
   4( 1)    2.438                    1.000 0.000 0.000

  R CORE   ENERGY   A0R/A00=1.000    R3= 0     2     4  
   5( 1)  490.847                    0.000 1.000 0.000

  R CORE   ENERGY   A0R/A00=1.000    R3= 0     2     4     6  
   6( 1)    5.121                    1.000 0.000 0.000 0.000

  R CORE   ENERGY   A0R/A00=1.000    R3= 0     2     4     6  
   7( 1)  494.017                    0.000 1.000 0.000 0.000

          AXIAL SYMMETRY => K RESTRICTED TO OMEGA

                     K
     S.P. ORB#: 24  2.50
     S.P. ORB#: 25 -1.50
     S.P. ORB#: 26  0.50
     S.P. ORB#: 27  0.50
     S.P. ORB#: 28  2.50
     S.P. ORB#: 29  2.50
     S.P. ORB#: 30 -5.50
     S.P. ORB#: 31 -3.50
     S.P. ORB#: 32  0.50
     S.P. ORB#: 33  0.50
     S.P. ORB#: 34 -1.50
     S.P. ORB#: 35 -3.50
     S.P. ORB#: 36 -1.50
     S.P. ORB#: 37 -3.50
     S.P. ORB#: 38  4.50
 

             ENERGY    K= OMEGA
 
 I=  1/2- (1)  2.847  33:-0.999
 
 I=  1/2- (2)  4.946  27: 0.646
                      32:-0.763
 
 I=  1/2- (3)  5.765  26: 0.999
 
 I=  1/2- (4)  6.237  27:-0.763
                      32:-0.646
 
 I=  1/2- (5)147.879  34: 1.000

             ENERGY    K= OMEGA
 
 I=  3/2- (1)  2.914  33:-0.778
                      34:-0.628
 
 I=  3/2- (2)  3.158  26: 0.118
                      33:-0.621
                      34: 0.775

             ENERGY    K= OMEGA
 
 I=  5/2- (1)  3.033  29: 0.980
                      33:-0.059
                      34: 0.182
 
 I=  5/2- (2)  3.462  26:-0.176
                      29:-0.187
                      33:-0.533
                      34: 0.806
 
 I=  5/2- (3)  4.078  29: 0.052
                      33:-0.833
                      34:-0.548
 
 I=  5/2- (4)  5.275  25:-0.059
                      27: 0.686
                      28: 0.070
                      32:-0.655
                      36:-0.304
 
 I=  5/2- (5)  6.664  24: 0.051
                      26: 0.982
                      33:-0.136
                      34: 0.121

             ENERGY    K= OMEGA
 
 I=  7/2- (1)  2.666  24:-0.194
                      29: 0.117
                      31: 0.974
 
 I=  7/2- (2)  3.688  24:-0.062
                      29:-0.887
                      31: 0.083
                      33: 0.080
                      34: 0.203
                      37: 0.394
 
 I=  7/2- (3)  4.136  29: 0.144
                      33: 0.817
                      34: 0.543
                      37:-0.117
 
 I=  7/2- (4)  4.599  24:-0.054
                      26: 0.220
                      33:-0.546
                      34: 0.780
                      37:-0.201
 
 I=  7/2- (5)  4.926  29:-0.419
                      31: 0.063
                      33: 0.051
                      34:-0.158
                      37:-0.889

             ENERGY    K= OMEGA
 
 I=  9/2- (1)  3.264  24: 0.251
                      29:-0.135
                      31: 0.906
                      38:-0.310
 
 I=  9/2- (2)  4.590  24:-0.085
                      26: 0.069
                      29:-0.825
                      31:-0.108
                      33: 0.107
                      34:-0.260
                      37:-0.466
 
 I=  9/2- (3)  5.115  26: 0.277
                      29: 0.207
                      31: 0.066
                      33: 0.540
                      34:-0.736
                      37: 0.201
 
 I=  9/2- (4)  5.584  24: 0.111
                      29:-0.203
                      31: 0.256
                      37: 0.260
                      38: 0.902
 
 I=  9/2- (5)  6.100  25: 0.399
                      27:-0.464
                      28:-0.595
                      32: 0.246
                      35: 0.394
                      36: 0.236

             ENERGY    K= OMEGA
 
 I= 11/2- (1)  2.412  30:-1.000
 
 I= 11/2- (2)  4.131  24:-0.290
                      29: 0.142
                      31: 0.870
                      37:-0.050
                      38: 0.366
 
 I= 11/2- (3)  5.756  24: 0.102
                      29: 0.801
                      31:-0.121
                      33:-0.103
                      34:-0.243
                      37:-0.514
 
 I= 11/2- (4)  6.251  25:-0.465
                      27:-0.449
                      28:-0.590
                      32:-0.289
                      35:-0.339
                      36:-0.186
 
 I= 11/2- (5)  6.335  26:-0.071
                      29: 0.151
                      31:-0.054
                      33: 0.834
                      34: 0.498
                      37:-0.156

             ENERGY    K= OMEGA
 
 I= 13/2- (1)  3.993  30: 0.999
 
 I= 13/2- (2)  5.249  24: 0.320
                      29:-0.145
                      31: 0.847
                      37:-0.064
                      38:-0.389
 
 I= 13/2- (3)  7.133  24:-0.118
                      26: 0.124
                      29:-0.748
                      31:-0.112
                      33: 0.161
                      34:-0.334
                      37:-0.510
 
 I= 13/2- (4)  7.220  25: 0.494
                      27:-0.309
                      28:-0.680
                      32: 0.074
                      35: 0.407
                      36: 0.164
 
 I= 13/2- (5)  7.695  26:-0.347
                      29:-0.274
                      31:-0.095
                      33:-0.524
                      34: 0.666
                      37:-0.271
                      38: 0.052

             ENERGY     K= 9/2
  32 LEVELS    TIME=  0.0 SEC



 ******************* EXCITATION ENERGIES, DOMINANT CONFIGURATION AND EXPECTATION VALUES (WITH S.P. UU+VV FACTORS) *******************

  NR  Eex(keV)  I   Kdom  NY    <Jz>  <Jx**2> <Jy**2> <Jz**2> <I.j>/|I|  <Rx**2> <Ry**2> <Rz**2> <R.j>/|R|  <HROTx> <HROTy> <HROTz>

   1    0.0  11/2- -11/2  30   -5.49    2.75    2.75   30.24    5.06       5.48    5.48    0.00   -1.65      0.668   0.668   0.000
   2  253.9   7/2-  -7/2  31   -3.19    6.50    6.50   11.94    3.47       6.59    6.59    0.00   -3.08      0.803   0.803   0.000
   3  435.2   1/2-   1/2  33    0.50    5.41    5.41    0.25    0.06       5.85    5.85   -0.00   -3.22      0.714   0.714  -0.000
   4  502.1   3/2-   1/2  33   -0.29    5.41    5.41    1.04    0.99       5.88    5.88    0.00   -2.90      0.717   0.717   0.000
   5  621.2   5/2-   5/2  29    2.36    6.17    6.17    6.09    2.12       7.32    7.32    0.00   -3.18      0.892   0.892   0.000
  
   6  745.9   3/2-  -3/2  34   -0.70    5.43    5.43    1.45    0.74       6.61    6.61    0.00   -3.00      0.806   0.806   0.000
   7  852.3   9/2-  -7/2  31   -2.24    6.21    6.21   12.52    3.52       7.31    7.31    0.00   -1.94      0.891   0.891   0.000
   8 1049.9   5/2-  -3/2  34   -0.73    5.54    5.54    1.77    1.06       7.66    7.66    0.00   -2.48      0.934   0.934   0.000
   9 1275.4   7/2-   5/2  29    1.35    5.51    5.51    7.02    2.15       8.38    8.38    0.00   -2.33      1.022   1.022   0.000
  10 1581.0  13/2- -11/2  30   -5.48    2.75    2.75   30.21    4.34      11.95   11.95    0.00   -1.11      1.456   1.456   0.000
  
  11 1666.1   5/2-   1/2  33   -0.09    5.42    5.42    0.87   -0.15      10.69   10.69    0.00   -2.63      1.303   1.303   0.000
  12 1718.8  11/2-  -7/2  31   -1.80    6.12    6.12   12.69    3.40       9.99    9.99    0.00   -1.03      1.218   1.218   0.000
  13 1724.0   7/2-   1/2  33   -0.11    5.38    5.38    1.15    0.76      10.82   10.82    0.00   -1.91      1.319   1.319   0.000
  14 2178.3   9/2-   5/2  29    0.82    5.23    5.23    7.26    1.99      11.31   11.31    0.00   -1.64      1.379   1.379   0.000
  15 2187.0   7/2-  -3/2  34   -0.87    5.39    5.39    1.99    0.63      11.75   11.75    0.00   -2.12      1.432   1.432   0.000
  
  16 2513.9   7/2-  -7/2  37   -2.38    3.12    3.12   10.90    2.38       7.01    7.01    0.00   -2.06      0.854   0.854   0.000
  17 2534.0   1/2-   1/2  32    0.50   14.05   14.05    0.25    1.41      13.32   13.32    0.00   -5.25      1.624   1.624   0.000
  18 2702.9   9/2-  -3/2  34   -0.67    5.53    5.53    2.16    1.07      13.67   13.67    0.00   -1.51      1.666   1.666   0.000
  19 2837.3  13/2-  -7/2  31   -1.55    6.10    6.10   12.73    3.27      14.04   14.04    0.00   -0.40      1.711   1.711   0.000
  20 2862.9   5/2-   1/2  27    0.32   14.14   14.14    0.47    1.54      14.18   14.18   -0.00   -4.54      1.729   1.729  -0.000
  
  21 3171.6   9/2-   9/2  38    3.33    2.83    2.83   18.44    3.54       6.81    6.81    0.00   -1.76      0.830   0.830   0.001
  22 3343.7  11/2-   5/2  29    0.57    5.04    5.04    7.62    1.85      15.64   15.64    0.00   -1.18      1.906   1.906   0.000
  23 3353.2   1/2-   1/2  26    0.50    7.75    7.75    0.25    0.65       7.69    7.69    0.00   -3.87      0.937   0.937   0.000
  24 3687.9   9/2-   5/2  28    0.16   19.70   19.70    4.66    3.80      15.51   15.51    0.00   -4.52      1.891   1.891   0.000
  25 3824.4   1/2-   1/2  27    0.50   16.41   16.41    0.25   -1.29      18.02   18.02    0.00   -5.69      2.198   2.198   0.000
  
  26 3838.5  11/2-   5/2  28    0.23   20.38   20.38    4.23    4.15      15.54   15.54    0.00   -3.62      1.894   1.894   0.000
  27 3922.9  11/2-   1/2  33   -0.05    5.35    5.35    1.24    0.69      19.73   19.73    0.00   -1.25      2.406   2.406   0.000
  28 4252.2   5/2-   1/2  26    0.48    7.67    7.67    0.29    0.17      11.68   11.68    0.00   -3.13      1.424   1.424   0.000
  29 4720.9  13/2-   5/2  29    0.34    5.03    5.03    7.20    1.72      21.02   21.02    0.00   -0.81      2.563   2.563   0.000
  30 4808.1  13/2-   5/2  28    0.22   21.28   21.28    5.55    4.19      19.21   19.21    0.00   -3.05      2.342   2.342   0.000
  
  31 5283.0  13/2-  -3/2  34   -0.56    5.55    5.55    2.63    1.10      23.58   23.58    0.00   -0.88      2.875   2.875   0.000
  32*******   1/2-  -3/2  34    0.00    0.00    0.00    0.00   -0.00       0.00    0.00    0.00   -0.00      0.000   0.000   0.000
