1SPECTRUM OF (Z= 82 A=207) IN PARTICLE-ROTOR  MODEL WITH MODIFIED OSCILLATOR POTENTIAL


 PARITY=-   EPS= 0.509   GAMMA=  0.0   EPS4=0.000   EPS6=0.000   LEVELS:  24  25  26  27  28  29  30  31  32  33  34  35  36  37  38

 PAIRING FACTORS: GN0= 19.20  GN1=  7.40  IPAIR= 15 ***  E2PLUS(INPUT)=   0.730  E2PLUR(INPUT)=   0.000

 CORIOLIS ATTENUATION PARAMETERS:  CHSI=1.000  ETA=  1.00

 MOMENT OF INERTIA PARAMETERS:   A1=  0.122 MEV   A2=  0.122 MEV   A3=121.91924 MEV


 DELTA=0.846 MEV  LAMBDA=53.3926 MEV   HW0= 7.6648 MEV   LAMBDA/HW0= 6.9659

 E2ENERGY=0.730 MEV  HBAR**2/B=48039./A**(7/3)=8120.8/A**2 MEV

 IREC=0  =>  RECOIL TERMS j+j-, j+j+, jzjz, ETC TREATED AS ONE-BODY OPERATORS WITH UU+VV PAIRING FACTORS



 S. P. LEVEL   EQP       U     V        (UU + VV)**1.00

     24       4.700    0.090 0.996      1.000 1.000 1.000 0.982 0.982 0.979 0.979 0.936 0.499 0.446 0.347 0.336 0.269 0.230 0.207
     25       3.971    0.107 0.994      1.000 1.000 1.000 0.985 0.985 0.983 0.982 0.942 0.513 0.461 0.363 0.352 0.285 0.246 0.224
     26       3.845    0.111 0.994      1.000 1.000 1.000 0.986 0.985 0.983 0.983 0.943 0.517 0.464 0.366 0.355 0.288 0.250 0.227
     27       1.586    0.277 0.961      0.982 0.985 0.986 1.000 1.000 1.000 1.000 0.986 0.654 0.607 0.518 0.508 0.446 0.410 0.389
     28       1.582    0.278 0.960      0.982 0.985 0.985 1.000 1.000 1.000 1.000 0.986 0.655 0.608 0.519 0.509 0.447 0.411 0.390
     29       1.525    0.290 0.957      0.979 0.983 0.983 1.000 1.000 1.000 1.000 0.988 0.664 0.617 0.529 0.519 0.458 0.422 0.401
     30       1.508    0.293 0.956      0.979 0.982 0.983 1.000 1.000 1.000 1.000 0.989 0.667 0.620 0.533 0.523 0.461 0.425 0.404
     31       1.081    0.434 0.901      0.936 0.942 0.943 0.986 0.986 0.988 0.989 1.000 0.772 0.732 0.654 0.645 0.590 0.557 0.538
     32       1.113    0.908 0.419      0.499 0.513 0.517 0.654 0.655 0.664 0.667 0.772 1.000 0.998 0.986 0.984 0.969 0.958 0.951
     33       1.250    0.932 0.363      0.446 0.461 0.464 0.607 0.608 0.617 0.620 0.732 0.998 1.000 0.994 0.993 0.982 0.974 0.968
     34       1.680    0.965 0.261      0.347 0.363 0.366 0.518 0.519 0.529 0.533 0.654 0.986 0.994 1.000 1.000 0.997 0.993 0.989
     35       1.751    0.968 0.249      0.336 0.352 0.355 0.508 0.509 0.519 0.523 0.645 0.984 0.993 1.000 1.000 0.998 0.994 0.991
     36       2.381    0.984 0.181      0.269 0.285 0.288 0.446 0.447 0.458 0.461 0.590 0.969 0.982 0.997 0.998 1.000 0.999 0.998
     37       3.031    0.990 0.141      0.230 0.246 0.250 0.410 0.411 0.422 0.425 0.557 0.958 0.974 0.993 0.994 0.999 1.000 1.000
     38       3.608    0.993 0.118      0.207 0.224 0.227 0.389 0.390 0.401 0.404 0.538 0.951 0.968 0.989 0.991 0.998 1.000 1.000

  R CORE   ENERGY   A0R/A00=1.000    R3= 0     2  
   2( 1)    0.732                    1.000 0.000
   2( 2)  487.921                    0.000 1.000

  R CORE   ENERGY   A0R/A00=1.000    R3= 0     2  
   3( 1)  488.652                    0.000 1.000

  R CORE   ENERGY   A0R/A00=1.000    R3= 0     2     4  
   4( 1)    2.438                    1.000 0.000 0.000

  R CORE   ENERGY   A0R/A00=1.000    R3= 0     2     4  
   5( 1)  490.847                    0.000 1.000 0.000

  R CORE   ENERGY   A0R/A00=1.000    R3= 0     2     4     6  
   6( 1)    5.121                    1.000 0.000 0.000 0.000

  R CORE   ENERGY   A0R/A00=1.000    R3= 0     2     4     6  
   7( 1)  494.017                    0.000 1.000 0.000 0.000

          AXIAL SYMMETRY => K RESTRICTED TO OMEGA

                     K
     S.P. ORB#: 24  2.50
     S.P. ORB#: 25  0.50
     S.P. ORB#: 26 -1.50
     S.P. ORB#: 27 -5.50
     S.P. ORB#: 28  2.50
     S.P. ORB#: 29  2.50
     S.P. ORB#: 30  0.50
     S.P. ORB#: 31 -3.50
     S.P. ORB#: 32  0.50
     S.P. ORB#: 33 -1.50
     S.P. ORB#: 34 -3.50
     S.P. ORB#: 35  0.50
     S.P. ORB#: 36 -1.50
     S.P. ORB#: 37 -3.50
     S.P. ORB#: 38  4.50
 

             ENERGY    K= OMEGA
 
 I=  1/2- (1)  2.517  32: 0.999
 
 I=  1/2- (2)  4.673  30:-0.878
                      35: 0.478
 
 I=  1/2- (3)  5.804  25: 0.999
 
 I=  1/2- (4)  6.159  30:-0.478
                      35:-0.878
 
 I=  1/2- (5)147.554  33: 1.000

             ENERGY    K= OMEGA
 
 I=  3/2- (1)  2.577  32: 0.746
                      33:-0.665
 
 I=  3/2- (2)  2.816  25:-0.126
                      32:-0.658
                      33:-0.742

             ENERGY    K= OMEGA
 
 I=  5/2- (1)  3.054  24:-0.051
                      25: 0.174
                      29:-0.258
                      32:-0.498
                      33:-0.808
 
 I=  5/2- (2)  3.349  25: 0.056
                      29: 0.958
                      32:-0.238
                      33:-0.149
 
 I=  5/2- (3)  3.747  29:-0.122
                      32:-0.822
                      33: 0.553
 
 I=  5/2- (4)  5.033  26:-0.122
                      28: 0.112
                      30: 0.796
                      35:-0.524
                      36:-0.253
 
 I=  5/2- (5)  6.503  26: 0.462
                      28:-0.828
                      35:-0.317

             ENERGY    K= OMEGA
 
 I=  7/2- (1)  2.782  24:-0.214
                      29: 0.101
                      31: 0.970
 
 I=  7/2- (2)  3.673  24: 0.051
                      29: 0.584
                      32: 0.294
                      33:-0.366
                      37:-0.660
 
 I=  7/2- (3)  3.805  29: 0.215
                      32:-0.737
                      33: 0.488
                      37:-0.410
 
 I=  7/2- (4)  4.208  24: 0.061
                      25:-0.224
                      29: 0.145
                      32:-0.576
                      33:-0.719
                      37: 0.277
 
 I=  7/2- (5)  4.542  25:-0.069
                      29:-0.761
                      31: 0.100
                      32:-0.092
                      33:-0.278
                      37:-0.565

             ENERGY    K= OMEGA
 
 I=  9/2- (1)  3.338  24:-0.266
                      29: 0.122
                      31:-0.876
                      33:-0.055
                      38: 0.376
 
 I=  9/2- (2)  4.510  24: 0.107
                      25:-0.166
                      29: 0.502
                      31: 0.116
                      32: 0.293
                      33: 0.494
                      37: 0.568
                      38: 0.207
 
 I=  9/2- (3)  4.729  25: 0.237
                      29: 0.254
                      31: 0.171
                      32:-0.465
                      33:-0.594
                      37: 0.504
                      38: 0.161
 
 I=  9/2- (4)  4.944  24: 0.107
                      29:-0.371
                      31: 0.281
                      37:-0.115
                      38: 0.870
 
 I=  9/2- (5)  5.740  26:-0.431
                      28: 0.597
                      30: 0.497
                      34:-0.340
                      35:-0.227
                      36:-0.208

             ENERGY    K= OMEGA
 
 I= 11/2- (1)  2.926  27: 1.000
 
 I= 11/2- (2)  4.198  24:-0.308
                      29: 0.132
                      31: 0.845
                      33: 0.061
                      37:-0.068
                      38: 0.405
 
 I= 11/2- (3)  5.706  24: 0.130
                      29: 0.571
                      31:-0.151
                      32: 0.218
                      33:-0.342
                      37:-0.662
                      38: 0.176
 
 I= 11/2- (4)  5.864  26:-0.472
                      28:-0.579
                      30:-0.512
                      34:-0.302
                      35:-0.225
                      36:-0.194
 
 I= 11/2- (5)  6.003  25: 0.084
                      29:-0.167
                      31: 0.106
                      32: 0.804
                      33:-0.452
                      37: 0.318

             ENERGY    K= OMEGA
 
 I= 13/2- (1)  4.508  27: 0.998
 
 I= 13/2- (2)  5.315  24:-0.343
                      27: 0.052
                      29: 0.135
                      31:-0.827
                      33:-0.074
                      37: 0.078
                      38: 0.407
 
 I= 13/2- (3)  6.822  26:-0.510
                      28: 0.676
                      30: 0.331
                      34:-0.374
                      35:-0.092
                      36:-0.158
 
 I= 13/2- (4)  6.993  24: 0.123
                      25:-0.273
                      29: 0.438
                      31: 0.065
                      32: 0.386
                      33: 0.592
                      37: 0.441
                      38: 0.143
 
 I= 13/2- (5)  7.337  24: 0.066
                      25: 0.254
                      29: 0.419
                      31: 0.186
                      32:-0.399
                      33:-0.435
                      37: 0.606
                      38: 0.069

             ENERGY     K= 9/2
  32 LEVELS    TIME=  0.0 SEC



 ******************* EXCITATION ENERGIES, DOMINANT CONFIGURATION AND EXPECTATION VALUES (WITH S.P. UU+VV FACTORS) *******************

  NR  Eex(keV)  I   Kdom  NY    <Jz>  <Jx**2> <Jy**2> <Jz**2> <I.j>/|I|  <Rx**2> <Ry**2> <Rz**2> <R.j>/|R|  <HROTx> <HROTy> <HROTz>

   1    0.0   1/2-   1/2  32    0.50    5.32    5.32    0.25    0.09       5.74    5.74    0.00   -3.19      0.700   0.700   0.000
   2   59.8   3/2-   1/2  32   -0.38    5.31    5.31    1.13    1.04       5.75    5.75    0.00   -2.88      0.701   0.701   0.000
   3  264.2   7/2-  -7/2  31   -3.16    6.48    6.48   11.89    3.53       6.27    6.27    0.00   -3.06      0.764   0.764   0.000
   4  298.4   3/2-  -3/2  33   -0.60    5.33    5.33    1.35    0.72       6.49    6.49    0.00   -2.95      0.791   0.791   0.000
   5  408.4  11/2- -11/2  27   -5.49    2.75    2.75   30.24    5.06       5.49    5.49    0.00   -1.66      0.669   0.669   0.000
  
   6  537.1   5/2-  -3/2  33   -0.67    5.47    5.47    1.97    1.26       7.09    7.09    0.00   -2.43      0.865   0.865   0.000
   7  820.6   9/2-  -7/2  31   -1.85    6.02    6.02   12.83    3.64       6.70    6.70    0.00   -1.85      0.817   0.817   0.000
   8  831.2   5/2-   5/2  29    2.29    6.10    6.10    5.80    1.97       7.56    7.56    0.00   -3.13      0.921   0.921   0.000
   9 1155.8   7/2-  -7/2  37   -0.82    4.26    4.26    7.81    2.43       6.38    6.38    0.00   -1.87      0.778   0.778   0.000
  10 1230.0   5/2-   1/2  32   -0.08    5.35    5.35    0.96   -0.13      10.57   10.57    0.00   -2.61      1.289   1.289   0.000
  
  11 1287.5   7/2-   1/2  32   -0.56    4.84    4.84    3.04    1.20       9.48    9.48   -0.00   -1.83      1.155   1.155  -0.000
  12 1680.7  11/2-  -7/2  31   -1.51    6.00    6.00   12.86    3.46       9.60    9.60    0.00   -0.95      1.171   1.171   0.000
  13 1691.0   7/2-  -3/2  33   -0.79    5.18    5.18    2.36    0.79      11.12   11.12    0.00   -2.04      1.356   1.356   0.000
  14 1990.5  13/2- -11/2  27   -5.48    2.75    2.75   30.20    4.33      11.96   11.96    0.00   -1.11      1.459   1.459   0.000
  15 1992.7   9/2-  -7/2  37   -0.63    4.45    4.45    7.21    2.12       9.90    9.90   -0.00   -1.26      1.207   1.207  -0.000
  
  16 2024.3   7/2-   5/2  29    0.19    4.88    4.88    7.84    1.57      10.45   10.45    0.00   -2.49      1.274   1.274   0.000
  17 2155.8   1/2-   1/2  30    0.50   13.19   13.19    0.25    1.08      12.75   12.75   -0.00   -5.09      1.555   1.555  -0.000
  18 2211.2   9/2-  -3/2  33   -1.11    4.66    4.66    5.26    1.62      11.60   11.60    0.00   -1.35      1.414   1.414   0.000
  19 2426.7   9/2-   9/2  38    3.45    3.34    3.34   17.38    3.40       7.48    7.48   -0.00   -1.84      0.911   0.911  -0.000
  20 2515.6   5/2-   1/2  30    0.37   13.85   13.85    0.48    1.58      13.81   13.81    0.00   -4.48      1.683   1.683   0.000
  
  21 2797.2  13/2-  -7/2  31   -1.35    6.04    6.04   12.75    3.29      13.80   13.80    0.00   -0.35      1.683   1.683   0.000
  22 3189.1  11/2-  -7/2  37   -0.77    4.11    4.11    8.70    2.03      14.21   14.21    0.00   -0.90      1.732   1.732   0.000
  23 3222.2   9/2-   5/2  28    0.29   19.70   19.70    4.23    3.82      15.17   15.17    0.00   -4.47      1.850   1.850   0.000
  24 3286.3   1/2-   1/2  25    0.50    7.61    7.61    0.25    0.66       7.54    7.54    0.00   -3.84      0.919   0.919   0.000
  25 3346.5  11/2-   5/2  28    0.28   20.20   20.20    3.88    4.12      15.37   15.37    0.00   -3.54      1.874   1.874   0.000
  
  26 3485.6  11/2-   1/2  32   -0.30    5.01    5.01    2.20    0.83      19.00   19.00    0.00   -1.17      2.317   2.317   0.000
  27 3641.3   1/2-   1/2  35    0.50   17.00   17.00    0.25   -0.92      18.30   18.30    0.00   -5.79      2.232   2.232   0.000
  28 3985.8   5/2-   5/2  28    1.44   21.86   21.86    4.79    3.55      18.13   18.13    0.00   -6.31      2.210   2.210   0.000
  29 4304.4  13/2-   5/2  28    0.29   21.41   21.41    5.24    4.22      18.96   18.96    0.00   -3.02      2.312   2.312   0.000
  30 4475.5  13/2-  -3/2  33   -0.50    5.01    5.01    4.99    1.59      20.75   20.75   -0.00   -0.60      2.530   2.530  -0.000
  
  31 4819.9  13/2-  -7/2  37   -1.11    4.46    4.46    6.63    1.55      21.37   21.37   -0.00   -0.73      2.605   2.605  -0.000
  32*******   1/2-  -3/2  33    0.00    0.00    0.00    0.00   -0.00       0.00    0.00    0.00   -0.00      0.000   0.000   0.000
