1SPECTRUM OF (Z= 82 A=207) IN PARTICLE-ROTOR  MODEL WITH MODIFIED OSCILLATOR POTENTIAL


 PARITY=-   EPS= 0.664   GAMMA=  0.0   EPS4=0.000   EPS6=0.000   LEVELS:  24  25  26  27  28  29  30  31  32  33  34  35  36  37  38

 PAIRING FACTORS: GN0= 19.20  GN1=  7.40  IPAIR= 15 ***  E2PLUS(INPUT)=   0.730  E2PLUR(INPUT)=   0.000

 CORIOLIS ATTENUATION PARAMETERS:  CHSI=1.000  ETA=  1.00

 MOMENT OF INERTIA PARAMETERS:   A1=  0.122 MEV   A2=  0.122 MEV   A3=121.91923 MEV


 DELTA=0.848 MEV  LAMBDA=53.8529 MEV   HW0= 7.8815 MEV   LAMBDA/HW0= 6.8328

 E2ENERGY=0.730 MEV  HBAR**2/B=81750./A**(7/3)=******/A**2 MEV

 IREC=0  =>  RECOIL TERMS j+j-, j+j+, jzjz, ETC TREATED AS ONE-BODY OPERATORS WITH UU+VV PAIRING FACTORS



 S. P. LEVEL   EQP       U     V        (UU + VV)**1.00

     24       4.772    0.089 0.996      1.000 1.000 1.000 0.999 0.999 0.941 0.714 0.568 0.464 0.406 0.302 0.253 0.242 0.203 0.173
     25       4.285    0.099 0.995      1.000 1.000 1.000 1.000 1.000 0.945 0.722 0.576 0.473 0.416 0.312 0.263 0.252 0.213 0.183
     26       3.610    0.118 0.993      1.000 1.000 1.000 1.000 1.000 0.951 0.735 0.592 0.489 0.433 0.330 0.281 0.270 0.231 0.202
     27       3.287    0.130 0.992      0.999 1.000 1.000 1.000 1.000 0.954 0.743 0.601 0.500 0.444 0.341 0.293 0.282 0.243 0.214
     28       3.280    0.130 0.991      0.999 1.000 1.000 1.000 1.000 0.954 0.743 0.602 0.500 0.444 0.341 0.293 0.282 0.243 0.214
     29       1.111    0.420 0.907      0.941 0.945 0.951 0.954 0.954 1.000 0.909 0.813 0.736 0.691 0.606 0.565 0.555 0.521 0.496
     30       0.858    0.761 0.649      0.714 0.722 0.735 0.743 0.743 0.909 1.000 0.982 0.951 0.930 0.883 0.858 0.852 0.830 0.813
     31       0.989    0.870 0.492      0.568 0.576 0.592 0.601 0.602 0.813 0.982 1.000 0.993 0.983 0.956 0.940 0.936 0.921 0.909
     32       1.198    0.924 0.383      0.464 0.473 0.489 0.500 0.500 0.736 0.951 0.993 1.000 0.998 0.985 0.974 0.972 0.962 0.953
     33       1.385    0.946 0.323      0.406 0.416 0.433 0.444 0.444 0.691 0.930 0.983 0.998 1.000 0.994 0.987 0.985 0.977 0.970
     34       2.013    0.976 0.216      0.302 0.312 0.330 0.341 0.341 0.606 0.883 0.956 0.985 0.994 1.000 0.999 0.998 0.995 0.991
     35       2.592    0.986 0.166      0.253 0.263 0.281 0.293 0.293 0.565 0.858 0.940 0.974 0.987 0.999 1.000 1.000 0.999 0.997
     36       2.777    0.988 0.154      0.242 0.252 0.270 0.282 0.282 0.555 0.852 0.936 0.972 0.985 0.998 1.000 1.000 0.999 0.998
     37       3.728    0.993 0.114      0.203 0.213 0.231 0.243 0.243 0.521 0.830 0.921 0.962 0.977 0.995 0.999 0.999 1.000 1.000
     38       5.019    0.996 0.085      0.173 0.183 0.202 0.214 0.214 0.496 0.813 0.909 0.953 0.970 0.991 0.997 0.998 1.000 1.000

  R CORE   ENERGY   A0R/A00=1.000    R3= 0     2  
   2( 1)    0.732                    1.000 0.000
   2( 2)  487.921                    0.000 1.000

  R CORE   ENERGY   A0R/A00=1.000    R3= 0     2  
   3( 1)  488.652                    0.000 1.000

  R CORE   ENERGY   A0R/A00=1.000    R3= 0     2     4  
   4( 1)    2.438                    1.000 0.000 0.000

  R CORE   ENERGY   A0R/A00=1.000    R3= 0     2     4  
   5( 1)  490.847                    0.000 1.000 0.000

  R CORE   ENERGY   A0R/A00=1.000    R3= 0     2     4     6  
   6( 1)    5.121                    1.000 0.000 0.000 0.000

  R CORE   ENERGY   A0R/A00=1.000    R3= 0     2     4     6  
   7( 1)  494.017                    0.000 1.000 0.000 0.000

          AXIAL SYMMETRY => K RESTRICTED TO OMEGA

                     K
     S.P. ORB#: 24  0.50
     S.P. ORB#: 25  2.50
     S.P. ORB#: 26  0.50
     S.P. ORB#: 27  2.50
     S.P. ORB#: 28  4.50
     S.P. ORB#: 29  0.50
     S.P. ORB#: 30 -1.50
     S.P. ORB#: 31  2.50
     S.P. ORB#: 32 -3.50
     S.P. ORB#: 33 -3.50
     S.P. ORB#: 34 -5.50
     S.P. ORB#: 35  0.50
     S.P. ORB#: 36 -1.50
     S.P. ORB#: 37 -1.50
     S.P. ORB#: 38  0.50
 

             ENERGY    K= OMEGA
 
 I=  1/2- (1)  4.098  26:-0.064
                      35:-0.998
 
 I=  1/2- (2)  5.021  24:-0.319
                      29:-0.945
                      38:-0.074
 
 I=  1/2- (3)  5.585  26: 0.998
                      35:-0.064
 
 I=  1/2- (4)  8.334  24: 0.811
                      29:-0.231
                      38:-0.538
 
 I=  1/2- (5)  9.408  24: 0.491
                      29:-0.231
                      38: 0.840

             ENERGY    K= OMEGA
 
 I=  3/2- (1)  4.168  35:-0.831
                      36:-0.556
 
 I=  3/2- (2)  4.401  26:-0.138
                      35: 0.548
                      36:-0.825

             ENERGY    K= OMEGA
 
 I=  5/2- (1)  2.833  31: 0.997
                      36: 0.074
 
 I=  5/2- (2)  4.559  24:-0.409
                      27: 0.052
                      29:-0.584
                      30: 0.659
                      37: 0.145
                      38:-0.186
 
 I=  5/2- (3)  4.756  26: 0.230
                      31: 0.067
                      35: 0.506
                      36:-0.827
 
 I=  5/2- (4)  5.324  26:-0.080
                      35:-0.841
                      36:-0.532
 
 I=  5/2- (5)  5.985  24:-0.179
                      27:-0.101
                      29:-0.656
                      30:-0.706
                      37: 0.163
                      38: 0.052

             ENERGY    K= OMEGA
 
 I=  7/2- (1)  3.274  25:-0.105
                      31: 0.357
                      33: 0.928
 
 I=  7/2- (2)  3.728  25: 0.063
                      31: 0.927
                      33:-0.352
                      36:-0.114
 
 I=  7/2- (3)  5.310  24:-0.369
                      27: 0.116
                      29: 0.549
                      30:-0.690
                      32: 0.075
                      37: 0.143
                      38:-0.217
 
 I=  7/2- (4)  5.392  26: 0.051
                      31:-0.073
                      35:-0.857
                      36:-0.506
 
 I=  7/2- (5)  5.861  25:-0.079
                      26: 0.260
                      31: 0.093
                      35:-0.485
                      36: 0.826

             ENERGY    K= OMEGA
 
 I=  9/2- (1)  4.243  25: 0.150
                      28:-0.066
                      31:-0.405
                      33: 0.899
 
 I=  9/2- (2)  4.842  25:-0.100
                      31:-0.899
                      33:-0.391
                      36:-0.159
 
 I=  9/2- (3)  5.116  24:-0.471
                      27: 0.084
                      29:-0.572
                      30: 0.600
                      37: 0.160
                      38:-0.237
 
 I=  9/2- (4)  5.694  28:-0.997
                      33:-0.077
 
 I=  9/2- (5)  6.469  25: 0.066
                      26:-0.358
                      31:-0.149
                      35:-0.519
                      36: 0.757

             ENERGY    K= OMEGA
 
 I= 11/2- (1)  3.299  28: 0.121
                      34: 0.993
 
 I= 11/2- (2)  5.453  25: 0.187
                      28:-0.083
                      31:-0.419
                      33:-0.883
 
 I= 11/2- (3)  6.185  25: 0.129
                      28:-0.068
                      31: 0.883
                      33:-0.394
                      36:-0.200
 
 I= 11/2- (4)  6.252  24:-0.431
                      27: 0.134
                      29: 0.604
                      30:-0.565
                      32: 0.088
                      37: 0.204
                      38:-0.251
 
 I= 11/2- (5)  7.097  28: 0.987
                      33:-0.099
                      34:-0.119

             ENERGY    K= OMEGA
 
 I= 13/2- (1)  4.821  28:-0.174
                      34: 0.985
 
 I= 13/2- (2)  6.571  24: 0.498
                      27:-0.098
                      29: 0.556
                      30:-0.576
                      32: 0.056
                      37:-0.164
                      38: 0.267
 
 I= 13/2- (3)  6.900  25: 0.219
                      28:-0.091
                      31:-0.422
                      33: 0.873
 
 I= 13/2- (4)  7.750  25:-0.156
                      26: 0.069
                      28: 0.076
                      31:-0.865
                      33:-0.383
                      35: 0.066
                      36:-0.256
 
 I= 13/2- (5)  8.750  25: 0.051
                      28: 0.976
                      33: 0.105
                      34: 0.171
                      36: 0.050

             ENERGY     K= 1/2
  32 LEVELS    TIME=  0.0 SEC



 ******************* EXCITATION ENERGIES, DOMINANT CONFIGURATION AND EXPECTATION VALUES (WITH S.P. UU+VV FACTORS) *******************

  NR  Eex(keV)  I   Kdom  NY    <Jz>  <Jx**2> <Jy**2> <Jz**2> <I.j>/|I|  <Rx**2> <Ry**2> <Rz**2> <R.j>/|R|  <HROTx> <HROTy> <HROTz>

   1    0.0   5/2-   5/2  31    2.48    6.35    6.35    6.23    2.14       7.52    7.52    0.00   -3.25      0.917   0.917   0.000
   2  440.5   7/2-  -7/2  33   -2.67    6.52    6.52   11.41    3.09       7.82    7.82    0.00   -3.08      0.953   0.953   0.000
   3  465.8  11/2- -11/2  34   -5.35    2.82    2.82   30.10    5.11       5.20    5.20    0.00   -1.61      0.634   0.634   0.000
   4  894.5   7/2-   5/2  31    1.70    6.36    6.36    6.94    1.72      10.88   10.88    0.00   -2.75      1.326   1.326   0.000
   5 1264.7   1/2-   1/2  35    0.50    5.67    5.67    0.25    0.01       6.16    6.16    0.00   -3.30      0.751   0.751   0.000
  
   6 1334.2   3/2-   1/2  35   -0.12    5.67    5.67    0.87    0.91       6.22    6.22   -0.00   -2.96      0.759   0.759  -0.000
   7 1409.9   9/2-  -7/2  33   -2.34    6.55    6.55   11.15    2.58      11.68   11.68    0.00   -2.37      1.424   1.424   0.000
   8 1567.8   3/2-  -3/2  36   -0.86    5.73    5.73    1.61    0.82       6.82    6.82   -0.00   -3.11      0.832   0.832  -0.000
   9 1725.8   5/2-  -3/2  30   -0.40   14.99   14.99    1.18    2.93      11.28   11.28    0.00   -4.73      1.375   1.375   0.000
  10 1922.9   5/2-  -3/2  36   -0.85    5.82    5.82    1.66    0.97       8.15    8.15    0.00   -2.58      0.993   0.993   0.000
  
  11 1987.6  13/2- -11/2  34   -5.20    2.90    2.90   29.94    4.42      11.36   11.36    0.00   -1.02      1.385   1.385   0.000
  12 2008.8   9/2-   5/2  31    1.48    6.36    6.36    7.09    1.42      15.20   15.20    0.00   -2.31      1.853   1.853   0.000
  13 2187.7   1/2-   1/2  29    0.50   15.11   15.11    0.25    1.37      14.42   14.42    0.00   -5.45      1.758   1.758   0.000
  14 2282.1   9/2-  -3/2  30   -0.27   14.78   14.78    1.09    3.11      12.23   12.23    0.00   -3.07      1.491   1.491   0.000
  15 2476.2   7/2-  -3/2  30   -0.49   18.15   18.15    1.39    3.06      14.57   14.57    0.00   -4.73      1.776   1.776   0.000
  
  16 2490.6   5/2-   1/2  35   -0.06    5.69    5.69    0.83   -0.16      10.96   10.96   -0.00   -2.71      1.336   1.336  -0.000
  17 2558.4   7/2-   1/2  35   -0.00    5.68    5.68    0.81    0.67      11.30   11.30   -0.00   -2.00      1.378   1.378  -0.000
  18 2619.0  11/2-  -7/2  33   -2.18    6.59    6.59   11.03    2.26      16.49   16.49    0.00   -1.87      2.010   2.010   0.000
  19 2752.0   1/2-   1/2  26    0.50    8.13    8.13    0.25    0.60       8.12    8.12   -0.00   -3.97      0.990   0.990  -0.000
  20 2860.3   9/2-   9/2  28    4.45    7.61    7.61   20.19    4.05       9.95    9.95   -0.00   -3.43      1.213   1.213  -0.000
  
  21 3027.2   7/2-  -3/2  36   -0.84    5.88    5.88    1.71    0.50      12.62   12.62   -0.00   -2.29      1.539   1.539  -0.000
  22 3151.2   5/2-  -3/2  30   -0.53   16.41   16.41    1.36    0.63      19.60   19.60    0.00   -5.16      2.390   2.390   0.000
  23 3351.9  11/2-   5/2  31    1.41    6.36    6.36    7.08    1.22      20.48   20.48    0.00   -1.95      2.496   2.496   0.000
  24 3418.8  11/2-   1/2  29   -0.22   18.57   18.57    1.17    3.35      17.01   17.01    0.00   -3.14      2.074   2.074   0.000
  25 3636.0   9/2-  -3/2  36   -0.60    6.03    6.03    1.58    0.83      15.06   15.06   -0.00   -1.73      1.836   1.836  -0.000
  
  26 3738.0  13/2-  -3/2  30   -0.21   14.73   14.73    1.06    3.17      17.49   17.49    0.00   -1.42      2.132   2.132   0.000
  27 4066.7  13/2-  -7/2  33   -2.08    6.63    6.63   10.96    2.04      22.26   22.26    0.00   -1.50      2.714   2.714   0.000
  28 4263.7  11/2-   9/2  28    4.27    7.54    7.54   20.28    3.30      15.81   15.81   -0.00   -2.78      1.927   1.927  -0.000
  29 4916.8  13/2-   5/2  31    1.35    6.36    6.36    6.90    1.09      26.54   26.54    0.00   -1.64      3.236   3.236   0.000
  30 5500.5   1/2-   1/2  24    0.50   14.40   14.40    0.25   -0.26      15.12   15.12    0.00   -5.32      1.843   1.843   0.000
  
  31 5917.0  13/2-   9/2  28    4.09    7.46    7.46   20.34    2.77      22.67   22.67   -0.00   -2.37      2.764   2.764  -0.000
  32 6574.1   1/2-   1/2  38    0.50   18.11   18.11    0.25   -0.57      19.10   19.10    0.00   -5.98      2.329   2.329   0.000
