1SPECTRUM OF (Z= 82 A=207) IN PARTICLE-ROTOR  MODEL WITH MODIFIED OSCILLATOR POTENTIAL


 PARITY=-   EPS= 0.547   GAMMA=  0.0   EPS4=0.000   EPS6=0.000   LEVELS:  24  25  26  27  28  29  30  31  32  33  34  35  36  37  38

 PAIRING FACTORS: GN0= 19.20  GN1=  7.40  IPAIR= 15 ***  E2PLUS(INPUT)=   0.730  E2PLUR(INPUT)=   0.000

 CORIOLIS ATTENUATION PARAMETERS:  CHSI=1.000  ETA=  1.00

 MOMENT OF INERTIA PARAMETERS:   A1=  0.122 MEV   A2=  0.122 MEV   A3=121.91923 MEV


 DELTA=0.879 MEV  LAMBDA=53.4545 MEV   HW0= 7.7098 MEV   LAMBDA/HW0= 6.9333

 E2ENERGY=0.730 MEV  HBAR**2/B=55479./A**(7/3)=9378.6/A**2 MEV

 IREC=0  =>  RECOIL TERMS j+j-, j+j+, jzjz, ETC TREATED AS ONE-BODY OPERATORS WITH UU+VV PAIRING FACTORS



 S. P. LEVEL   EQP       U     V        (UU + VV)**1.00

     24       4.604    0.096 0.995      1.000 1.000 1.000 0.995 0.991 0.953 0.923 0.852 0.446 0.413 0.382 0.378 0.324 0.212 0.197
     25       4.550    0.097 0.995      1.000 1.000 1.000 0.995 0.991 0.954 0.923 0.853 0.447 0.414 0.383 0.379 0.325 0.213 0.198
     26       3.894    0.114 0.994      1.000 1.000 1.000 0.996 0.993 0.959 0.929 0.861 0.462 0.429 0.398 0.395 0.341 0.230 0.214
     27       2.247    0.200 0.980      0.995 0.995 0.996 1.000 1.000 0.980 0.958 0.902 0.537 0.506 0.476 0.473 0.421 0.313 0.298
     28       1.973    0.229 0.973      0.991 0.991 0.993 1.000 1.000 0.985 0.966 0.915 0.562 0.532 0.502 0.499 0.448 0.342 0.326
     29       1.219    0.392 0.920      0.953 0.954 0.959 0.980 0.985 1.000 0.996 0.970 0.695 0.669 0.643 0.640 0.595 0.497 0.483
     30       1.056    0.472 0.882      0.923 0.923 0.929 0.958 0.966 0.996 1.000 0.988 0.756 0.732 0.708 0.706 0.664 0.572 0.559
     31       0.914    0.603 0.798      0.852 0.853 0.861 0.902 0.915 0.970 0.988 1.000 0.848 0.829 0.809 0.807 0.771 0.692 0.681
     32       1.315    0.934 0.358      0.446 0.447 0.462 0.537 0.562 0.695 0.756 0.848 1.000 0.999 0.998 0.997 0.991 0.969 0.965
     33       1.434    0.946 0.324      0.413 0.414 0.429 0.506 0.532 0.669 0.732 0.829 0.999 1.000 0.999 0.999 0.995 0.978 0.974
     34       1.576    0.957 0.291      0.382 0.383 0.398 0.476 0.502 0.643 0.708 0.809 0.998 0.999 1.000 1.000 0.998 0.984 0.981
     35       1.595    0.958 0.288      0.378 0.379 0.395 0.473 0.499 0.640 0.706 0.807 0.997 0.999 1.000 1.000 0.998 0.985 0.982
     36       1.946    0.973 0.232      0.324 0.325 0.341 0.421 0.448 0.595 0.664 0.771 0.991 0.995 0.998 0.998 1.000 0.993 0.991
     37       3.764    0.993 0.118      0.212 0.213 0.230 0.313 0.342 0.497 0.572 0.692 0.969 0.978 0.984 0.985 0.993 1.000 1.000
     38       4.345    0.995 0.102      0.197 0.198 0.214 0.298 0.326 0.483 0.559 0.681 0.965 0.974 0.981 0.982 0.991 1.000 1.000

  R CORE   ENERGY   A0R/A00=1.000    R3= 0     2  
   2( 1)    0.732                    1.000 0.000
   2( 2)  487.921                    0.000 1.000

  R CORE   ENERGY   A0R/A00=1.000    R3= 0     2  
   3( 1)  488.652                    0.000 1.000

  R CORE   ENERGY   A0R/A00=1.000    R3= 0     2     4  
   4( 1)    2.438                    1.000 0.000 0.000

  R CORE   ENERGY   A0R/A00=1.000    R3= 0     2     4  
   5( 1)  490.847                    0.000 1.000 0.000

  R CORE   ENERGY   A0R/A00=1.000    R3= 0     2     4     6  
   6( 1)    5.121                    1.000 0.000 0.000 0.000

  R CORE   ENERGY   A0R/A00=1.000    R3= 0     2     4     6  
   7( 1)  494.017                    0.000 1.000 0.000 0.000

          AXIAL SYMMETRY => K RESTRICTED TO OMEGA

                     K
     S.P. ORB#: 24  2.50
     S.P. ORB#: 25 -1.50
     S.P. ORB#: 26  0.50
     S.P. ORB#: 27  0.50
     S.P. ORB#: 28  2.50
     S.P. ORB#: 29  2.50
     S.P. ORB#: 30 -5.50
     S.P. ORB#: 31 -3.50
     S.P. ORB#: 32  0.50
     S.P. ORB#: 33  0.50
     S.P. ORB#: 34 -3.50
     S.P. ORB#: 35 -1.50
     S.P. ORB#: 36 -1.50
     S.P. ORB#: 37 -3.50
     S.P. ORB#: 38  4.50
 

             ENERGY    K= OMEGA
 
 I=  1/2- (1)  2.867  33:-0.999
 
 I=  1/2- (2)  4.948  27:-0.629
                      32: 0.777
 
 I=  1/2- (3)  5.766  26: 0.999
 
 I=  1/2- (4)  6.261  27: 0.777
                      32: 0.629
 
 I=  1/2- (5)147.898  35: 1.000

             ENERGY    K= OMEGA
 
 I=  3/2- (1)  2.934  33:-0.779
                      35:-0.626
 
 I=  3/2- (2)  3.178  26:-0.118
                      33: 0.620
                      35:-0.776

             ENERGY    K= OMEGA
 
 I=  5/2- (1)  3.024  29: 0.982
                      33:-0.053
                      35: 0.172
 
 I=  5/2- (2)  3.482  26: 0.176
                      29: 0.177
                      33: 0.533
                      35:-0.808
 
 I=  5/2- (3)  4.098  29: 0.051
                      33:-0.833
                      35:-0.547
 
 I=  5/2- (4)  5.276  25: 0.054
                      27:-0.678
                      28:-0.067
                      32: 0.662
                      36: 0.308
 
 I=  5/2- (5)  6.665  24:-0.051
                      26:-0.982
                      33: 0.137
                      35:-0.121

             ENERGY    K= OMEGA
 
 I=  7/2- (1)  2.668  24:-0.193
                      29: 0.118
                      31: 0.974
 
 I=  7/2- (2)  3.682  24: 0.062
                      29: 0.892
                      31:-0.086
                      33:-0.075
                      35:-0.197
                      37:-0.384
 
 I=  7/2- (3)  4.155  29: 0.139
                      33: 0.818
                      35: 0.544
                      37:-0.111
 
 I=  7/2- (4)  4.619  24:-0.054
                      26: 0.221
                      33:-0.545
                      35: 0.782
                      37:-0.191
 
 I=  7/2- (5)  4.959  29:-0.408
                      31: 0.062
                      35:-0.149
                      37:-0.896

             ENERGY    K= OMEGA
 
 I=  9/2- (1)  3.267  24: 0.249
                      29:-0.136
                      31: 0.907
                      38:-0.309
 
 I=  9/2- (2)  4.587  24: 0.085
                      26:-0.066
                      29: 0.832
                      31: 0.109
                      33:-0.101
                      35: 0.253
                      37: 0.459
 
 I=  9/2- (3)  5.135  26: 0.278
                      29: 0.202
                      31: 0.064
                      33: 0.541
                      35:-0.739
                      37: 0.192
 
 I=  9/2- (4)  5.622  24: 0.112
                      29:-0.198
                      31: 0.255
                      37: 0.266
                      38: 0.901
 
 I=  9/2- (5)  6.115  25: 0.394
                      27:-0.466
                      28:-0.591
                      32: 0.252
                      34: 0.395
                      36: 0.241

             ENERGY    K= OMEGA
 
 I= 11/2- (1)  2.395  30:-1.000
 
 I= 11/2- (2)  4.134  24:-0.288
                      29: 0.143
                      31: 0.871
                      37:-0.050
                      38: 0.366
 
 I= 11/2- (3)  5.751  24:-0.101
                      29:-0.807
                      31: 0.122
                      33: 0.098
                      35: 0.238
                      37: 0.507
 
 I= 11/2- (4)  6.264  25: 0.464
                      27: 0.447
                      28: 0.589
                      32: 0.295
                      34: 0.341
                      36: 0.187
 
 I= 11/2- (5)  6.354  26:-0.070
                      29: 0.147
                      31:-0.053
                      33: 0.835
                      35: 0.499
                      37:-0.151

             ENERGY    K= OMEGA
 
 I= 13/2- (1)  3.975  30: 0.998
 
 I= 13/2- (2)  5.252  24: 0.319
                      29:-0.146
                      31: 0.847
                      37:-0.064
                      38:-0.389
 
 I= 13/2- (3)  7.130  24:-0.117
                      26: 0.119
                      29:-0.757
                      31:-0.114
                      33: 0.154
                      35:-0.324
                      37:-0.507
 
 I= 13/2- (4)  7.239  25:-0.493
                      27: 0.308
                      28: 0.680
                      32:-0.074
                      34:-0.410
                      36:-0.165
 
 I= 13/2- (5)  7.715  26:-0.350
                      29:-0.266
                      31:-0.093
                      33:-0.526
                      35: 0.671
                      37:-0.260
                      38: 0.054

             ENERGY     K= 9/2
  32 LEVELS    TIME=  0.0 SEC



 ******************* EXCITATION ENERGIES, DOMINANT CONFIGURATION AND EXPECTATION VALUES (WITH S.P. UU+VV FACTORS) *******************

  NR  Eex(keV)  I   Kdom  NY    <Jz>  <Jx**2> <Jy**2> <Jz**2> <I.j>/|I|  <Rx**2> <Ry**2> <Rz**2> <R.j>/|R|  <HROTx> <HROTy> <HROTz>

   1    0.0  11/2- -11/2  30   -5.49    2.75    2.75   30.24    5.06       5.48    5.48    0.00   -1.65      0.668   0.668   0.001
   2  273.2   7/2-  -7/2  31   -3.19    6.50    6.50   11.94    3.46       6.61    6.61    0.00   -3.08      0.806   0.806   0.000
   3  472.5   1/2-   1/2  33    0.50    5.41    5.41    0.25    0.06       5.86    5.86    0.00   -3.22      0.714   0.714   0.000
   4  539.5   3/2-   1/2  33   -0.28    5.41    5.41    1.03    0.99       5.89    5.89   -0.00   -2.90      0.718   0.718  -0.000
   5  629.1   5/2-   5/2  29    2.37    6.18    6.18    6.11    2.12       7.32    7.32    0.00   -3.18      0.893   0.893   0.000
  
   6  783.0   3/2-  -3/2  35   -0.70    5.44    5.44    1.45    0.74       6.61    6.61   -0.00   -3.00      0.806   0.806  -0.000
   7  872.4   9/2-  -7/2  31   -2.25    6.21    6.21   12.52    3.52       7.33    7.33    0.00   -1.94      0.894   0.894   0.000
   8 1087.2   5/2-  -3/2  35   -0.74    5.55    5.55    1.75    1.06       7.67    7.67   -0.00   -2.48      0.935   0.935  -0.000
   9 1287.4   7/2-   5/2  29    1.40    5.55    5.55    6.99    2.13       8.45    8.45    0.00   -2.34      1.030   1.030   0.000
  10 1580.9  13/2- -11/2  30   -5.48    2.75    2.75   30.21    4.34      11.94   11.94    0.00   -1.11      1.456   1.456   0.001
  
  11 1703.3   5/2-   1/2  33   -0.09    5.43    5.43    0.87   -0.15      10.70   10.70   -0.00   -2.63      1.304   1.304  -0.000
  12 1739.0  11/2-  -7/2  31   -1.81    6.12    6.12   12.69    3.40      10.01   10.01    0.00   -1.03      1.220   1.220   0.000
  13 1760.9   7/2-   1/2  33   -0.11    5.39    5.39    1.12    0.75      10.84   10.84   -0.00   -1.92      1.322   1.322  -0.000
  14 2192.0   9/2-   5/2  29    0.88    5.26    5.26    7.24    1.99      11.37   11.37    0.00   -1.65      1.386   1.386   0.000
  15 2224.7   7/2-  -3/2  35   -0.86    5.41    5.41    1.95    0.62      11.79   11.79   -0.00   -2.12      1.437   1.437  -0.000
  
  16 2553.6   1/2-   1/2  32    0.50   14.11   14.11    0.25    1.42      13.39   13.39    0.00   -5.27      1.632   1.632   0.000
  17 2564.8   7/2-  -7/2  37   -2.44    3.08    3.08   10.98    2.40       6.90    6.90   -0.00   -2.04      0.841   0.841  -0.000
  18 2740.5   9/2-  -3/2  35   -0.67    5.55    5.55    2.11    1.06      13.70   13.70   -0.00   -1.51      1.670   1.670  -0.000
  19 2857.7  13/2-  -7/2  31   -1.55    6.09    6.09   12.74    3.27      14.04   14.04    0.00   -0.40      1.712   1.712   0.000
  20 2881.5   5/2-   1/2  27    0.31   14.15   14.15    0.47    1.55      14.19   14.19    0.00   -4.54      1.730   1.730   0.000
  
  21 3227.7   9/2-   9/2  38    3.31    2.82    2.82   18.44    3.54       6.81    6.81   -0.00   -1.76      0.831   0.831  -0.000
  22 3356.9  11/2-   5/2  29    0.62    5.07    5.07    7.60    1.85      15.68   15.68    0.00   -1.19      1.911   1.911   0.000
  23 3371.4   1/2-   1/2  26    0.50    7.76    7.76    0.25    0.65       7.70    7.70    0.00   -3.88      0.938   0.938   0.000
  24 3720.9   9/2-   5/2  28    0.15   19.64   19.64    4.65    3.78      15.53   15.53    0.00   -4.51      1.894   1.894   0.000
  25 3866.9   1/2-   1/2  27    0.50   16.35   16.35    0.25   -1.30      17.98   17.98    0.00   -5.68      2.192   2.192   0.000
  
  26 3869.4  11/2-   5/2  28    0.23   20.38   20.38    4.23    4.15      15.53   15.53    0.00   -3.61      1.893   1.893   0.000
  27 3959.8  11/2-   1/2  33   -0.05    5.36    5.36    1.21    0.68      19.75   19.75   -0.00   -1.25      2.408   2.408  -0.000
  28 4270.7   5/2-   1/2  26    0.48    7.67    7.67    0.30    0.17      11.69   11.69    0.00   -3.13      1.425   1.425   0.000
  29 4735.4  13/2-   5/2  29    0.38    5.04    5.04    7.23    1.72      21.04   21.04    0.00   -0.82      2.565   2.565   0.000
  30 4844.3  13/2-   5/2  28    0.21   21.28   21.28    5.58    4.19      19.21   19.21    0.00   -3.05      2.343   2.343   0.000
  
  31 5320.2  13/2-  -3/2  35   -0.55    5.57    5.57    2.55    1.09      23.62   23.62   -0.00   -0.89      2.880   2.880  -0.000
  32*******   1/2-  -3/2  35    0.00    0.00    0.00    0.00   -0.00       0.00    0.00    0.00   -0.00      0.000   0.000   0.000
