1SPECTRUM OF (Z= 82 A=207) IN PARTICLE-ROTOR  MODEL WITH MODIFIED OSCILLATOR POTENTIAL


 PARITY=-   EPS= 0.455   GAMMA=  0.0   EPS4=0.000   EPS6=0.000   LEVELS:  24  25  26  27  28  29  30  31  32  33  34  35  36  37  38

 PAIRING FACTORS: GN0= 19.20  GN1=  7.40  IPAIR= 15 ***  E2PLUS(INPUT)=   0.730  E2PLUR(INPUT)=   0.000

 CORIOLIS ATTENUATION PARAMETERS:  CHSI=1.000  ETA=  1.00

 MOMENT OF INERTIA PARAMETERS:   A1=  0.122 MEV   A2=  0.122 MEV   A3=121.91924 MEV


 DELTA=0.852 MEV  LAMBDA=53.4678 MEV   HW0= 7.6087 MEV   LAMBDA/HW0= 7.0272

 E2ENERGY=0.730 MEV  HBAR**2/B=38386./A**(7/3)=6489.1/A**2 MEV

 IREC=0  =>  RECOIL TERMS j+j-, j+j+, jzjz, ETC TREATED AS ONE-BODY OPERATORS WITH UU+VV PAIRING FACTORS



 S. P. LEVEL   EQP       U     V        (UU + VV)**1.00

     24       4.474    0.096 0.995      1.000 1.000 0.999 0.998 0.994 0.984 0.957 0.847 0.757 0.678 0.342 0.316 0.275 0.266 0.242
     25       4.197    0.102 0.995      1.000 1.000 0.999 0.998 0.995 0.985 0.959 0.851 0.761 0.683 0.348 0.322 0.281 0.273 0.248
     26       3.017    0.143 0.990      0.999 0.999 1.000 1.000 0.998 0.991 0.970 0.872 0.787 0.712 0.386 0.361 0.320 0.312 0.288
     27       2.655    0.163 0.987      0.998 0.998 1.000 1.000 0.999 0.994 0.975 0.881 0.799 0.726 0.405 0.380 0.339 0.331 0.307
     28       2.151    0.202 0.979      0.994 0.995 0.998 0.999 1.000 0.997 0.983 0.900 0.822 0.753 0.441 0.417 0.377 0.368 0.345
     29       1.620    0.273 0.962      0.984 0.985 0.991 0.994 0.997 1.000 0.994 0.929 0.862 0.799 0.506 0.482 0.444 0.435 0.413
     30       1.213    0.380 0.925      0.957 0.959 0.970 0.975 0.983 0.994 1.000 0.965 0.913 0.862 0.600 0.577 0.541 0.534 0.513
     31       0.881    0.609 0.793      0.847 0.851 0.872 0.881 0.900 0.929 0.965 1.000 0.988 0.965 0.789 0.772 0.743 0.737 0.720
     32       0.852    0.723 0.691      0.757 0.761 0.787 0.799 0.822 0.862 0.913 0.988 1.000 0.994 0.873 0.860 0.837 0.832 0.818
     33       0.884    0.797 0.604      0.678 0.683 0.712 0.726 0.753 0.799 0.862 0.965 0.994 1.000 0.923 0.912 0.893 0.889 0.878
     34       1.753    0.968 0.251      0.342 0.348 0.386 0.405 0.441 0.506 0.600 0.789 0.873 0.923 1.000 1.000 0.997 0.997 0.995
     35       1.948    0.975 0.224      0.316 0.322 0.361 0.380 0.417 0.482 0.577 0.772 0.860 0.912 1.000 1.000 0.999 0.999 0.997
     36       2.381    0.983 0.182      0.275 0.281 0.320 0.339 0.377 0.444 0.541 0.743 0.837 0.893 0.997 0.999 1.000 1.000 0.999
     37       2.498    0.985 0.173      0.266 0.273 0.312 0.331 0.368 0.435 0.534 0.737 0.832 0.889 0.997 0.999 1.000 1.000 1.000
     38       2.901    0.989 0.148      0.242 0.248 0.288 0.307 0.345 0.413 0.513 0.720 0.818 0.878 0.995 0.997 0.999 1.000 1.000

  R CORE   ENERGY   A0R/A00=1.000    R3= 0     2  
   2( 1)    0.732                    1.000 0.000
   2( 2)  487.921                    0.000 1.000

  R CORE   ENERGY   A0R/A00=1.000    R3= 0     2  
   3( 1)  488.652                    0.000 1.000

  R CORE   ENERGY   A0R/A00=1.000    R3= 0     2     4  
   4( 1)    2.438                    1.000 0.000 0.000

  R CORE   ENERGY   A0R/A00=1.000    R3= 0     2     4  
   5( 1)  490.847                    0.000 1.000 0.000

  R CORE   ENERGY   A0R/A00=1.000    R3= 0     2     4     6  
   6( 1)    5.121                    1.000 0.000 0.000 0.000

  R CORE   ENERGY   A0R/A00=1.000    R3= 0     2     4     6  
   7( 1)  494.017                    0.000 1.000 0.000 0.000

          AXIAL SYMMETRY => K RESTRICTED TO OMEGA

                     K
     S.P. ORB#: 24  0.50
     S.P. ORB#: 25  0.50
     S.P. ORB#: 26 -1.50
     S.P. ORB#: 27 -5.50
     S.P. ORB#: 28  2.50
     S.P. ORB#: 29 -3.50
     S.P. ORB#: 30  2.50
     S.P. ORB#: 31  0.50
     S.P. ORB#: 32  0.50
     S.P. ORB#: 33 -1.50
     S.P. ORB#: 34 -3.50
     S.P. ORB#: 35 -3.50
     S.P. ORB#: 36  0.50
     S.P. ORB#: 37  4.50
     S.P. ORB#: 38 -1.50
 

             ENERGY    K= OMEGA
 
 I=  1/2- (1)  2.211  32:-0.999
 
 I=  1/2- (2)  3.554  24: 0.282
                      31:-0.924
                      36: 0.258
 
 I=  1/2- (3)  5.968  25: 0.999
 
 I=  1/2- (4)  6.391  24:-0.222
                      31: 0.199
                      36: 0.954
 
 I=  1/2- (5) 10.581  24: 0.933
                      31: 0.327
                      36: 0.149

             ENERGY    K= OMEGA
 
 I=  3/2- (1)  2.218  32: 0.577
                      33:-0.817
 
 I=  3/2- (2)  2.428  25:-0.166
                      32:-0.806
                      33:-0.569

             ENERGY    K= OMEGA
 
 I=  5/2- (1)  2.595  25:-0.219
                      28: 0.055
                      32: 0.512
                      33: 0.829
 
 I=  5/2- (2)  3.406  25:-0.061
                      28:-0.087
                      32: 0.841
                      33:-0.530
 
 I=  5/2- (3)  3.859  24:-0.241
                      31: 0.846
                      36:-0.407
                      38:-0.245
 
 I=  5/2- (4)  3.960  28: 0.995
                      33:-0.091
 
 I=  5/2- (5)  6.030  24: 0.175
                      26:-0.560
                      30: 0.808

             ENERGY    K= OMEGA
 
 I=  7/2- (1)  2.851  28: 0.187
                      35:-0.981
 
 I=  7/2- (2)  3.436  28: 0.077
                      29: 0.131
                      32: 0.735
                      33:-0.659
 
 I=  7/2- (3)  3.549  28:-0.170
                      29:-0.969
                      32: 0.176
 
 I=  7/2- (4)  3.703  25:-0.290
                      28: 0.054
                      29:-0.123
                      32:-0.617
                      33:-0.718
 
 I=  7/2- (5)  4.296  26: 0.222
                      30: 0.222
                      31: 0.857
                      34: 0.084
                      36: 0.250
                      38: 0.313

             ENERGY    K= OMEGA
 
 I=  9/2- (1)  3.357  28: 0.120
                      29:-0.322
                      35: 0.346
                      37: 0.873
 
 I=  9/2- (2)  3.925  25: 0.112
                      28:-0.238
                      29:-0.175
                      32:-0.173
                      33:-0.262
                      35:-0.840
                      37: 0.311
 
 I=  9/2- (3)  4.026  25: 0.325
                      29: 0.083
                      32:-0.524
                      33:-0.709
                      35: 0.324
                      37:-0.073
 
 I=  9/2- (4)  4.781  28:-0.257
                      29: 0.894
                      32: 0.054
                      37: 0.363
 
 I=  9/2- (5)  4.898  24:-0.178
                      26:-0.084
                      30: 0.146
                      31: 0.788
                      34:-0.073
                      36:-0.457
                      38:-0.323

             ENERGY    K= OMEGA
 
 I= 11/2- (1)  3.991  27:-0.995
                      37:-0.087
 
 I= 11/2- (2)  4.171  24:-0.461
                      26:-0.564
                      30:-0.489
                      31:-0.388
                      34:-0.207
                      36:-0.120
                      38:-0.152
 
 I= 11/2- (3)  4.467  27:-0.094
                      28: 0.167
                      29: 0.393
                      35:-0.391
                      37: 0.809
 
 I= 11/2- (4)  5.235  28: 0.274
                      29:-0.248
                      33:-0.105
                      35:-0.853
                      37:-0.350
 
 I= 11/2- (5)  5.618  25: 0.132
                      32: 0.870
                      33:-0.463
                      35: 0.087

             ENERGY    K= OMEGA
 
 I= 13/2- (1)  5.564  27: 0.971
                      29: 0.096
                      35:-0.079
                      37:-0.202
 
 I= 13/2- (2)  5.833  27:-0.238
                      28:-0.201
                      29: 0.421
                      33:-0.066
                      35:-0.406
                      37:-0.745
 
 I= 13/2- (3)  5.978  24: 0.165
                      26:-0.568
                      30: 0.681
                      31: 0.187
                      34:-0.364
                      36:-0.066
                      38:-0.123
 
 I= 13/2- (4)  6.291  25: 0.423
                      28:-0.079
                      29:-0.052
                      32:-0.549
                      33:-0.703
                      37: 0.117
 
 I= 13/2- (5)  6.785  25:-0.055
                      28:-0.288
                      29:-0.284
                      32: 0.083
                      33: 0.064
                      35:-0.835
                      37: 0.353

             ENERGY     K=-3/2
  32 LEVELS    TIME=  0.0 SEC



 ******************* EXCITATION ENERGIES, DOMINANT CONFIGURATION AND EXPECTATION VALUES (WITH S.P. UU+VV FACTORS) *******************

  NR  Eex(keV)  I   Kdom  NY    <Jz>  <Jx**2> <Jy**2> <Jz**2> <I.j>/|I|  <Rx**2> <Ry**2> <Rz**2> <R.j>/|R|  <HROTx> <HROTy> <HROTz>

   1    0.0   1/2-   1/2  32    0.50    5.18    5.18    0.25    0.16       5.54    5.54    0.00   -3.15      0.676   0.676   0.000
   2    6.7   3/2-  -3/2  33   -0.83    5.17    5.17    1.58    1.20       5.51    5.51    0.00   -2.89      0.672   0.672   0.000
   3  217.0   3/2-   1/2  32   -0.15    5.14    5.14    0.90    0.73       6.04    6.04    0.00   -2.81      0.737   0.737   0.000
   4  383.9   5/2-  -3/2  33   -0.87    5.35    5.35    1.64    1.41       6.38    6.38    0.00   -2.29      0.778   0.778   0.000
   5  639.6   7/2-  -7/2  35   -3.29    2.38    2.38   12.03    3.17       3.68    3.68    0.00   -1.55      0.449   0.449   0.000
  
   6 1146.3   9/2-   9/2  37    2.68    2.86    2.86   18.25    4.05       4.19    4.19    0.00   -1.31      0.511   0.511   0.000
   7 1195.2   5/2-   1/2  32   -0.05    5.20    5.20    0.86   -0.11      10.35   10.35    0.00   -2.55      1.261   1.261   0.000
   8 1225.2   7/2-   1/2  32   -0.43    5.17    5.17    1.38    0.83      10.43   10.43    0.00   -1.84      1.272   1.272   0.000
   9 1337.7   7/2-  -7/2  29   -3.20    6.27    6.27   11.69    3.04       7.93    7.93    0.00   -3.06      0.967   0.967   0.001
  10 1343.3   1/2-   1/2  31    0.50    9.70    9.70    0.25    0.96       9.38    9.38   -0.00   -4.35      1.143   1.143  -0.000
  
  11 1492.3   7/2-  -3/2  33   -0.59    5.26    5.26    1.50    0.88      10.40   10.40    0.00   -1.87      1.268   1.268   0.000
  12 1647.8   5/2-   1/2  31    0.38   10.48   10.48    0.37    1.76       9.84    9.84   -0.00   -3.64      1.199   1.199  -0.000
  13 1713.9   9/2-  -7/2  35   -2.08    2.88    2.88   11.49    2.57       8.20    8.20    0.00   -1.10      1.000   1.000   0.000
  14 1749.4   5/2-   5/2  28    2.46    6.13    6.13    6.20    2.07       7.47    7.47    0.00   -3.19      0.911   0.911   0.000
  15 1780.0  11/2- -11/2  27   -5.42    2.75    2.75   30.14    5.05       5.49    5.49    0.00   -1.64      0.669   0.669   0.000
  
  16 1815.2   9/2-  -3/2  33   -0.93    5.17    5.17    2.70    1.59      10.98   10.98    0.00   -1.09      1.338   1.338   0.000
  17 1960.1  11/2-  -3/2  26    0.12   23.60   23.60    2.88    6.04       6.81    6.81    0.00   -3.79      0.831   0.831   0.000
  18 2085.5   7/2-   1/2  31    0.28   15.88   15.88    0.92    3.01      12.28   12.28   -0.00   -4.19      1.497   1.497  -0.000
  19 2256.4  11/2-   9/2  37    1.89    3.14    3.14   17.47    3.47       9.02    9.02    0.00   -0.71      1.099   1.099   0.000
  20 2569.6   9/2-  -7/2  29   -2.04    5.77    5.77   12.86    2.46      12.35   12.35    0.00   -2.45      1.505   1.505   0.001
  
  21 2686.7   9/2-   1/2  31    0.30   11.84   11.84    0.66    2.17      13.74   13.74    0.00   -2.58      1.675   1.675   0.000
  22 3023.8  11/2-  -7/2  35   -2.04    2.71    2.71   12.66    2.28      13.27   13.27    0.00   -0.86      1.618   1.618   0.000
  23 3353.0  13/2- -11/2  27   -5.05    2.77    2.77   29.53    4.28      12.02   12.02    0.00   -1.06      1.465   1.465   0.000
  24 3407.0  11/2-   1/2  32    0.04    5.11    5.11    0.80    0.69      19.23   19.23    0.00   -1.11      2.345   2.345   0.000
  25 3622.2  13/2-   9/2  37    1.08    3.33    3.33   17.39    3.10      14.74   14.74    0.00   -0.44      1.797   1.797   0.001
  
  26 3756.6   1/2-   1/2  25    0.50    7.34    7.34    0.25    0.64       7.29    7.29    0.00   -3.77      0.889   0.889   0.000
  27 3767.0  13/2-   5/2  30    0.22   23.00   23.00    5.30    4.81      16.42   16.42    0.00   -3.09      2.002   2.002   0.000
  28 3818.8   5/2-   5/2  30    1.18   22.96   22.96    4.80    4.30      17.02   17.02    0.00   -6.51      2.076   2.076   0.000
  29 4080.3  13/2-  -3/2  33   -0.44    5.67    5.67    1.61    1.61      19.64   19.64    0.00   -0.28      2.394   2.394   0.000
  30 4179.8   1/2-   1/2  36    0.50   15.61   15.61    0.25   -0.18      16.26   16.26   -0.00   -5.54      1.983   1.983  -0.000
  
  31 4573.6  13/2-  -7/2  35   -1.96    2.82    2.82   12.60    1.99      19.61   19.61    0.00   -0.70      2.391   2.391   0.000
  32 8370.0   1/2-   1/2  24    0.50   23.24   23.24    0.25   -3.55      26.81   26.81    0.00   -6.80      3.269   3.269   0.000
