1SPECTRUM OF (Z= 82 A=207) IN PARTICLE-ROTOR  MODEL WITH MODIFIED OSCILLATOR POTENTIAL


 PARITY=-   EPS= 0.512   GAMMA=  0.0   EPS4=0.000   EPS6=0.000   LEVELS:  24  25  26  27  28  29  30  31  32  33  34  35  36  37  38

 PAIRING FACTORS: GN0= 19.20  GN1=  7.40  IPAIR= 15 ***  E2PLUS(INPUT)=   0.730  E2PLUR(INPUT)=   0.000

 CORIOLIS ATTENUATION PARAMETERS:  CHSI=1.000  ETA=  1.00

 MOMENT OF INERTIA PARAMETERS:   A1=  0.122 MEV   A2=  0.122 MEV   A3=121.91923 MEV


 DELTA=0.845 MEV  LAMBDA=53.3900 MEV   HW0= 7.6682 MEV   LAMBDA/HW0= 6.9625

 E2ENERGY=0.730 MEV  HBAR**2/B=48606./A**(7/3)=8216.8/A**2 MEV

 IREC=0  =>  RECOIL TERMS j+j-, j+j+, jzjz, ETC TREATED AS ONE-BODY OPERATORS WITH UU+VV PAIRING FACTORS



 S. P. LEVEL   EQP       U     V        (UU + VV)**1.00

     24       4.685    0.091 0.996      1.000 1.000 1.000 0.983 0.981 0.980 0.978 0.931 0.488 0.436 0.348 0.341 0.271 0.227 0.205
     25       3.958    0.107 0.994      1.000 1.000 1.000 0.986 0.984 0.983 0.981 0.937 0.502 0.452 0.363 0.357 0.287 0.243 0.222
     26       3.893    0.109 0.994      1.000 1.000 1.000 0.986 0.984 0.983 0.982 0.938 0.504 0.453 0.365 0.358 0.289 0.245 0.224
     27       1.604    0.274 0.962      0.983 0.986 0.986 1.000 1.000 1.000 1.000 0.983 0.641 0.596 0.515 0.509 0.445 0.404 0.383
     28       1.556    0.283 0.959      0.981 0.984 0.984 1.000 1.000 1.000 1.000 0.984 0.649 0.604 0.524 0.518 0.454 0.413 0.392
     29       1.531    0.288 0.958      0.980 0.983 0.983 1.000 1.000 1.000 1.000 0.985 0.653 0.608 0.528 0.522 0.458 0.417 0.397
     30       1.492    0.296 0.955      0.978 0.981 0.982 1.000 1.000 1.000 1.000 0.987 0.659 0.615 0.536 0.530 0.466 0.425 0.405
     31       1.056    0.447 0.894      0.931 0.937 0.938 0.983 0.984 0.985 0.987 1.000 0.772 0.734 0.665 0.660 0.603 0.566 0.548
     32       1.137    0.914 0.407      0.488 0.502 0.504 0.641 0.649 0.653 0.659 0.772 1.000 0.998 0.988 0.987 0.973 0.961 0.955
     33       1.278    0.936 0.353      0.436 0.452 0.453 0.596 0.604 0.608 0.615 0.734 0.998 1.000 0.995 0.995 0.984 0.975 0.970
     34       1.675    0.965 0.261      0.348 0.363 0.365 0.515 0.524 0.528 0.536 0.665 0.988 0.995 1.000 1.000 0.997 0.992 0.989
     35       1.717    0.967 0.254      0.341 0.357 0.358 0.509 0.518 0.522 0.530 0.660 0.987 0.995 1.000 1.000 0.997 0.993 0.990
     36       2.351    0.983 0.183      0.271 0.287 0.289 0.445 0.454 0.458 0.466 0.603 0.973 0.984 0.997 0.997 1.000 0.999 0.998
     37       3.094    0.990 0.138      0.227 0.243 0.245 0.404 0.413 0.417 0.425 0.566 0.961 0.975 0.992 0.993 0.999 1.000 1.000
     38       3.671    0.993 0.116      0.205 0.222 0.224 0.383 0.392 0.397 0.405 0.548 0.955 0.970 0.989 0.990 0.998 1.000 1.000

  R CORE   ENERGY   A0R/A00=1.000    R3= 0     2  
   2( 1)    0.732                    1.000 0.000
   2( 2)  487.921                    0.000 1.000

  R CORE   ENERGY   A0R/A00=1.000    R3= 0     2  
   3( 1)  488.652                    0.000 1.000

  R CORE   ENERGY   A0R/A00=1.000    R3= 0     2     4  
   4( 1)    2.438                    1.000 0.000 0.000

  R CORE   ENERGY   A0R/A00=1.000    R3= 0     2     4  
   5( 1)  490.847                    0.000 1.000 0.000

  R CORE   ENERGY   A0R/A00=1.000    R3= 0     2     4     6  
   6( 1)    5.121                    1.000 0.000 0.000 0.000

  R CORE   ENERGY   A0R/A00=1.000    R3= 0     2     4     6  
   7( 1)  494.017                    0.000 1.000 0.000 0.000

          AXIAL SYMMETRY => K RESTRICTED TO OMEGA

                     K
     S.P. ORB#: 24  2.50
     S.P. ORB#: 25  0.50
     S.P. ORB#: 26 -1.50
     S.P. ORB#: 27  2.50
     S.P. ORB#: 28  0.50
     S.P. ORB#: 29 -5.50
     S.P. ORB#: 30  2.50
     S.P. ORB#: 31 -3.50
     S.P. ORB#: 32  0.50
     S.P. ORB#: 33 -1.50
     S.P. ORB#: 34 -3.50
     S.P. ORB#: 35  0.50
     S.P. ORB#: 36 -1.50
     S.P. ORB#: 37 -3.50
     S.P. ORB#: 38  4.50
 

             ENERGY    K= OMEGA
 
 I=  1/2- (1)  2.544  32: 0.999
 
 I=  1/2- (2)  4.707  28:-0.869
                      35: 0.495
 
 I=  1/2- (3)  5.794  25: 0.999
 
 I=  1/2- (4)  6.145  28: 0.495
                      35: 0.869
 
 I=  1/2- (5)147.581  33: 1.000

             ENERGY    K= OMEGA
 
 I=  3/2- (1)  2.605  32: 0.751
                      33:-0.660
 
 I=  3/2- (2)  2.845  25:-0.125
                      32:-0.653
                      33:-0.747

             ENERGY    K= OMEGA
 
 I=  5/2- (1)  3.082  24:-0.052
                      25: 0.168
                      30:-0.322
                      32:-0.484
                      33:-0.794
 
 I=  5/2- (2)  3.322  25:-0.067
                      30:-0.940
                      32: 0.259
                      33: 0.212
 
 I=  5/2- (3)  3.774  30:-0.106
                      32:-0.825
                      33: 0.553
 
 I=  5/2- (4)  5.066  26: 0.120
                      27:-0.111
                      28:-0.791
                      35: 0.531
                      36: 0.255
 
 I=  5/2- (5)  6.518  26:-0.460
                      27: 0.825
                      35: 0.325

             ENERGY    K= OMEGA
 
 I=  7/2- (1)  2.761  24:-0.212
                      30: 0.103
                      31: 0.971
 
 I=  7/2- (2)  3.691  24:-0.054
                      30:-0.623
                      32:-0.283
                      33: 0.363
                      37: 0.630
 
 I=  7/2- (3)  3.835  30:-0.232
                      32: 0.746
                      33:-0.487
                      37: 0.386
 
 I=  7/2- (4)  4.244  24:-0.061
                      25: 0.221
                      30:-0.133
                      32: 0.569
                      33: 0.719
                      37:-0.297
 
 I=  7/2- (5)  4.551  25: 0.070
                      30: 0.726
                      31:-0.097
                      32: 0.099
                      33: 0.285
                      37: 0.605

             ENERGY    K= OMEGA
 
 I=  9/2- (1)  3.324  24:-0.266
                      30: 0.123
                      31:-0.882
                      33:-0.052
                      38: 0.364
 
 I=  9/2- (2)  4.535  24: 0.105
                      25:-0.157
                      30: 0.543
                      31: 0.111
                      32: 0.277
                      33: 0.476
                      37: 0.567
                      38: 0.181
 
 I=  9/2- (3)  4.767  25: 0.241
                      30: 0.270
                      31: 0.154
                      32:-0.476
                      33:-0.610
                      37: 0.479
                      38: 0.127
 
 I=  9/2- (4)  4.993  24:-0.107
                      30: 0.356
                      31:-0.278
                      37: 0.055
                      38:-0.883
 
 I=  9/2- (5)  5.772  26:-0.432
                      27: 0.600
                      28: 0.491
                      34:-0.344
                      35:-0.224
                      36:-0.207

             ENERGY    K= OMEGA
 
 I= 11/2- (1)  2.870  29:-1.000
 
 I= 11/2- (2)  4.185  24:-0.308
                      30: 0.132
                      31: 0.849
                      33: 0.058
                      37:-0.064
                      38: 0.398
 
 I= 11/2- (3)  5.725  24:-0.126
                      30:-0.599
                      31: 0.144
                      32:-0.213
                      33: 0.338
                      37: 0.649
                      38:-0.156
 
 I= 11/2- (4)  5.903  26: 0.474
                      27: 0.582
                      28: 0.506
                      34: 0.305
                      35: 0.227
                      36: 0.192
 
 I= 11/2- (5)  6.032  25:-0.083
                      30: 0.177
                      31:-0.100
                      32:-0.806
                      33: 0.455
                      37:-0.307

             ENERGY    K= OMEGA
 
 I= 13/2- (1)  4.452  29:-0.998
 
 I= 13/2- (2)  5.301  24:-0.342
                      30: 0.136
                      31:-0.830
                      33:-0.070
                      37: 0.076
                      38: 0.403
 
 I= 13/2- (3)  6.857  26:-0.510
                      27: 0.677
                      28: 0.329
                      34:-0.375
                      35:-0.089
                      36:-0.157
 
 I= 13/2- (4)  7.025  24: 0.125
                      25:-0.260
                      30: 0.472
                      31: 0.071
                      32: 0.366
                      33: 0.572
                      37: 0.458
                      38: 0.133
 
 I= 13/2- (5)  7.370  24: 0.057
                      25: 0.266
                      30: 0.418
                      31: 0.175
                      32:-0.417
                      33:-0.463
                      37: 0.574
                      38: 0.050

             ENERGY     K= 9/2
  32 LEVELS    TIME=  0.0 SEC



 ******************* EXCITATION ENERGIES, DOMINANT CONFIGURATION AND EXPECTATION VALUES (WITH S.P. UU+VV FACTORS) *******************

  NR  Eex(keV)  I   Kdom  NY    <Jz>  <Jx**2> <Jy**2> <Jz**2> <I.j>/|I|  <Rx**2> <Ry**2> <Rz**2> <R.j>/|R|  <HROTx> <HROTy> <HROTz>

   1    0.0   1/2-   1/2  32    0.50    5.33    5.33    0.25    0.09       5.75    5.75   -0.00   -3.19      0.701   0.701  -0.000
   2   60.9   3/2-   1/2  32   -0.37    5.32    5.32    1.12    1.03       5.76    5.76    0.00   -2.88      0.703   0.703   0.000
   3  216.2   7/2-  -7/2  31   -3.16    6.48    6.48   11.90    3.53       6.29    6.29    0.00   -3.06      0.767   0.767   0.000
   4  301.0   3/2-  -3/2  33   -0.62    5.34    5.34    1.37    0.72       6.50    6.50    0.00   -2.95      0.793   0.793   0.000
   5  325.6  11/2- -11/2  29   -5.49    2.75    2.75   30.24    5.06       5.49    5.49    0.00   -1.66      0.669   0.669   0.000
  
   6  537.8   5/2-  -3/2  33   -0.55    5.50    5.50    2.15    1.30       7.09    7.09    0.00   -2.47      0.865   0.865   0.000
   7  778.0   5/2-   5/2  30    2.18    6.08    6.08    5.64    1.92       7.59    7.59    0.00   -3.11      0.925   0.925   0.000
   8  779.7   9/2-  -7/2  31   -1.92    6.06    6.06   12.77    3.62       6.78    6.78    0.00   -1.86      0.827   0.827   0.001
   9 1146.9   7/2-  -7/2  37   -0.57    4.42    4.42    7.62    2.39       6.61    6.61    0.00   -1.92      0.806   0.806   0.000
  10 1230.1   5/2-   1/2  32   -0.09    5.35    5.35    0.93   -0.13      10.59   10.59    0.00   -2.61      1.291   1.291   0.000
  
  11 1290.5   7/2-   1/2  32   -0.47    4.91    4.91    2.86    1.16       9.62    9.62   -0.00   -1.84      1.173   1.173  -0.000
  12 1640.5  11/2-  -7/2  31   -1.56    6.02    6.02   12.81    3.45       9.66    9.66    0.00   -0.96      1.177   1.177   0.000
  13 1699.5   7/2-  -3/2  33   -0.85    5.15    5.15    2.47    0.80      11.09   11.09    0.00   -2.04      1.352   1.352   0.000
  14 1907.7  13/2- -11/2  29   -5.48    2.75    2.75   30.21    4.34      11.96   11.96    0.00   -1.11      1.459   1.459   0.000
  15 1991.0   9/2-  -7/2  37   -0.55    4.52    4.52    7.20    2.11      10.02   10.02    0.00   -1.29      1.221   1.221   0.000
  
  16 2006.2   7/2-   5/2  30   -0.11    4.70    4.70    8.09    1.62      10.17   10.17    0.00   -2.45      1.240   1.240   0.000
  17 2163.0   1/2-   1/2  28    0.50   13.23   13.23    0.25    1.11      12.76   12.76    0.00   -5.09      1.556   1.556   0.000
  18 2222.3   9/2-  -3/2  33   -1.05    4.78    4.78    4.80    1.54      11.88   11.88    0.00   -1.37      1.449   1.449   0.000
  19 2448.3   9/2-   9/2  38    3.57    3.28    3.28   17.64    3.44       7.36    7.36    0.00   -1.85      0.897   0.897   0.000
  20 2521.6   5/2-   1/2  28    0.37   13.88   13.88    0.48    1.57      13.86   13.86    0.00   -4.48      1.689   1.689   0.000
  
  21 2757.1  13/2-  -7/2  31   -1.38    6.06    6.06   12.72    3.29      13.84   13.84    0.00   -0.36      1.687   1.687   0.000
  22 3180.9  11/2-  -7/2  37   -0.65    4.21    4.21    8.51    2.00      14.37   14.37    0.00   -0.93      1.752   1.752   0.000
  23 3227.9   9/2-   5/2  27    0.29   19.75   19.75    4.29    3.83      15.20   15.20    0.00   -4.48      1.853   1.853   0.000
  24 3249.5   1/2-   1/2  25    0.50    7.62    7.62    0.25    0.66       7.55    7.55   -0.00   -3.84      0.920   0.920  -0.000
  25 3358.5  11/2-   5/2  27    0.28   20.23   20.23    3.92    4.12      15.41   15.41    0.00   -3.55      1.879   1.879   0.000
  
  26 3487.6  11/2-   1/2  32   -0.27    5.05    5.05    2.11    0.82      19.07   19.07   -0.00   -1.18      2.325   2.325  -0.000
  27 3600.6   1/2-   1/2  35    0.50   16.99   16.99    0.25   -0.96      18.32   18.32    0.00   -5.79      2.234   2.234   0.000
  28 3974.0   5/2-   5/2  27    1.44   21.82   21.82    4.76    3.54      18.12   18.12    0.00   -6.30      2.209   2.209   0.000
  29 4312.3  13/2-   5/2  27    0.29   21.40   21.40    5.26    4.21      19.00   19.00    0.00   -3.03      2.316   2.316   0.000
  30 4480.7  13/2-  -3/2  33   -0.47    4.98    4.98    5.27    1.61      20.76   20.76    0.00   -0.62      2.531   2.531   0.000
  
  31 4825.4  13/2-  -7/2  37   -1.00    4.61    4.61    6.12    1.49      21.66   21.66    0.00   -0.75      2.640   2.640   0.000
  32*******   1/2-  -3/2  33    0.00    0.00    0.00    0.00    0.00       0.00    0.00    0.00   -0.00      0.000   0.000   0.000
