1SPECTRUM OF (Z= 82 A=207) IN PARTICLE-ROTOR  MODEL WITH MODIFIED OSCILLATOR POTENTIAL


 PARITY=-   EPS= 0.515   GAMMA=  0.0   EPS4=0.000   EPS6=0.000   LEVELS:  24  25  26  27  28  29  30  31  32  33  34  35  36  37  38

 PAIRING FACTORS: GN0= 19.20  GN1=  7.40  IPAIR= 15 ***  E2PLUS(INPUT)=   0.730  E2PLUR(INPUT)=   0.000

 CORIOLIS ATTENUATION PARAMETERS:  CHSI=1.000  ETA=  1.00

 MOMENT OF INERTIA PARAMETERS:   A1=  0.122 MEV   A2=  0.122 MEV   A3=121.91923 MEV


 DELTA=0.844 MEV  LAMBDA=53.3890 MEV   HW0= 7.6716 MEV   LAMBDA/HW0= 6.9593

 E2ENERGY=0.730 MEV  HBAR**2/B=49178./A**(7/3)=8313.4/A**2 MEV

 IREC=0  =>  RECOIL TERMS j+j-, j+j+, jzjz, ETC TREATED AS ONE-BODY OPERATORS WITH UU+VV PAIRING FACTORS



 S. P. LEVEL   EQP       U     V        (UU + VV)**1.00

     24       4.672    0.091 0.996      1.000 1.000 1.000 0.984 0.983 0.977 0.976 0.926 0.477 0.428 0.348 0.346 0.273 0.224 0.203
     25       3.946    0.108 0.994      1.000 1.000 1.000 0.986 0.986 0.981 0.980 0.932 0.492 0.443 0.364 0.362 0.290 0.241 0.220
     26       3.942    0.108 0.994      1.000 1.000 1.000 0.986 0.986 0.981 0.980 0.932 0.492 0.443 0.364 0.362 0.290 0.241 0.220
     27       1.628    0.269 0.963      0.984 0.986 0.986 1.000 1.000 0.999 0.999 0.979 0.628 0.584 0.512 0.510 0.443 0.397 0.377
     28       1.605    0.273 0.962      0.983 0.986 0.986 1.000 1.000 1.000 1.000 0.980 0.631 0.588 0.516 0.514 0.446 0.401 0.381
     29       1.477    0.299 0.954      0.977 0.981 0.981 0.999 1.000 1.000 1.000 0.985 0.652 0.609 0.539 0.537 0.471 0.425 0.406
     30       1.460    0.303 0.953      0.976 0.980 0.980 0.999 1.000 1.000 1.000 0.986 0.655 0.613 0.542 0.540 0.474 0.429 0.410
     31       1.033    0.460 0.888      0.926 0.932 0.932 0.979 0.980 0.985 0.986 1.000 0.774 0.738 0.677 0.675 0.617 0.576 0.558
     32       1.162    0.918 0.395      0.477 0.492 0.492 0.628 0.631 0.652 0.655 0.774 1.000 0.998 0.990 0.990 0.976 0.963 0.958
     33       1.306    0.939 0.344      0.428 0.443 0.443 0.584 0.588 0.609 0.613 0.738 0.998 1.000 0.996 0.996 0.986 0.977 0.972
     34       1.669    0.965 0.262      0.348 0.364 0.364 0.512 0.516 0.539 0.542 0.677 0.990 0.996 1.000 1.000 0.997 0.992 0.989
     35       1.683    0.966 0.260      0.346 0.362 0.362 0.510 0.514 0.537 0.540 0.675 0.990 0.996 1.000 1.000 0.997 0.992 0.989
     36       2.320    0.983 0.185      0.273 0.290 0.290 0.443 0.446 0.471 0.474 0.617 0.976 0.986 0.997 0.997 1.000 0.999 0.997
     37       3.155    0.991 0.135      0.224 0.241 0.241 0.397 0.401 0.425 0.429 0.576 0.963 0.977 0.992 0.992 0.999 1.000 1.000
     38       3.733    0.994 0.114      0.203 0.220 0.220 0.377 0.381 0.406 0.410 0.558 0.958 0.972 0.989 0.989 0.997 1.000 1.000

  R CORE   ENERGY   A0R/A00=1.000    R3= 0     2  
   2( 1)    0.732                    1.000 0.000
   2( 2)  487.921                    0.000 1.000

  R CORE   ENERGY   A0R/A00=1.000    R3= 0     2  
   3( 1)  488.652                    0.000 1.000

  R CORE   ENERGY   A0R/A00=1.000    R3= 0     2     4  
   4( 1)    2.438                    1.000 0.000 0.000

  R CORE   ENERGY   A0R/A00=1.000    R3= 0     2     4  
   5( 1)  490.847                    0.000 1.000 0.000

  R CORE   ENERGY   A0R/A00=1.000    R3= 0     2     4     6  
   6( 1)    5.121                    1.000 0.000 0.000 0.000

  R CORE   ENERGY   A0R/A00=1.000    R3= 0     2     4     6  
   7( 1)  494.017                    0.000 1.000 0.000 0.000

          AXIAL SYMMETRY => K RESTRICTED TO OMEGA

                     K
     S.P. ORB#: 24  2.50
     S.P. ORB#: 25  0.50
     S.P. ORB#: 26 -1.50
     S.P. ORB#: 27  2.50
     S.P. ORB#: 28  0.50
     S.P. ORB#: 29 -5.50
     S.P. ORB#: 30  2.50
     S.P. ORB#: 31 -3.50
     S.P. ORB#: 32  0.50
     S.P. ORB#: 33 -1.50
     S.P. ORB#: 34 -3.50
     S.P. ORB#: 35  0.50
     S.P. ORB#: 36 -1.50
     S.P. ORB#: 37 -3.50
     S.P. ORB#: 38  4.50
 

             ENERGY    K= OMEGA
 
 I=  1/2- (1)  2.571  32: 0.999
 
 I=  1/2- (2)  4.741  28:-0.858
                      35: 0.514
 
 I=  1/2- (3)  5.785  25: 0.999
 
 I=  1/2- (4)  6.133  28: 0.514
                      35: 0.858
 
 I=  1/2- (5)147.609  33:-1.000

             ENERGY    K= OMEGA
 
 I=  3/2- (1)  2.633  32: 0.754
                      33:-0.656
 
 I=  3/2- (2)  2.874  25:-0.123
                      32:-0.649
                      33:-0.751

             ENERGY    K= OMEGA
 
 I=  5/2- (1)  3.106  24:-0.054
                      25: 0.160
                      30:-0.415
                      32:-0.459
                      33:-0.767
 
 I=  5/2- (2)  3.301  25: 0.082
                      30: 0.904
                      32:-0.296
                      33:-0.296
 
 I=  5/2- (3)  3.801  30:-0.095
                      32:-0.826
                      33: 0.553
 
 I=  5/2- (4)  5.098  26:-0.117
                      27: 0.110
                      28: 0.785
                      35:-0.540
                      36:-0.258
 
 I=  5/2- (5)  6.535  26: 0.458
                      27:-0.823
                      35:-0.333

             ENERGY    K= OMEGA
 
 I=  7/2- (1)  2.742  24:-0.211
                      30: 0.104
                      31: 0.971
 
 I=  7/2- (2)  3.705  24:-0.056
                      30:-0.663
                      32:-0.264
                      33: 0.352
                      37: 0.602
 
 I=  7/2- (3)  3.863  30:-0.240
                      32: 0.757
                      33:-0.491
                      37: 0.353
 
 I=  7/2- (4)  4.279  24:-0.060
                      25: 0.218
                      30:-0.117
                      32: 0.564
                      33: 0.721
                      37:-0.312
 
 I=  7/2- (5)  4.565  25: 0.071
                      30: 0.690
                      31:-0.094
                      32: 0.105
                      33: 0.288
                      37: 0.644

             ENERGY    K= OMEGA
 
 I=  9/2- (1)  3.311  24:-0.265
                      30: 0.124
                      31:-0.886
                      38: 0.355
 
 I=  9/2- (2)  4.556  24: 0.102
                      25:-0.147
                      30: 0.583
                      31: 0.107
                      32: 0.258
                      33: 0.455
                      37: 0.564
                      38: 0.156
 
 I=  9/2- (3)  4.803  25: 0.246
                      30: 0.280
                      31: 0.138
                      32:-0.487
                      33:-0.628
                      37: 0.450
                      38: 0.094
 
 I=  9/2- (4)  5.042  24: 0.108
                      30:-0.338
                      31: 0.276
                      38: 0.893
 
 I=  9/2- (5)  5.805  26:-0.432
                      27: 0.603
                      28: 0.486
                      34:-0.349
                      35:-0.221
                      36:-0.206

             ENERGY    K= OMEGA
 
 I= 11/2- (1)  2.816  29:-1.000
 
 I= 11/2- (2)  4.173  24:-0.307
                      30: 0.133
                      31: 0.853
                      33: 0.055
                      37:-0.062
                      38: 0.391
 
 I= 11/2- (3)  5.741  24: 0.123
                      30: 0.626
                      31:-0.138
                      32: 0.205
                      33:-0.331
                      37:-0.635
                      38: 0.136
 
 I= 11/2- (4)  5.941  26: 0.475
                      27: 0.585
                      28: 0.499
                      34: 0.308
                      35: 0.229
                      36: 0.190
 
 I= 11/2- (5)  6.060  25: 0.081
                      30:-0.183
                      31: 0.093
                      32: 0.809
                      33:-0.459
                      37: 0.294

             ENERGY    K= OMEGA
 
 I= 13/2- (1)  4.398  29:-0.998
 
 I= 13/2- (2)  5.289  24:-0.341
                      30: 0.137
                      31:-0.833
                      33:-0.067
                      37: 0.073
                      38: 0.399
 
 I= 13/2- (3)  6.892  26:-0.510
                      27: 0.678
                      28: 0.327
                      34:-0.376
                      35:-0.087
                      36:-0.156
 
 I= 13/2- (4)  7.053  24: 0.125
                      25:-0.245
                      30: 0.507
                      31: 0.077
                      32: 0.345
                      33: 0.550
                      37: 0.474
                      38: 0.122
 
 I= 13/2- (5)  7.401  25: 0.277
                      30: 0.413
                      31: 0.165
                      32:-0.434
                      33:-0.492
                      37: 0.540

             ENERGY     K= 9/2
  32 LEVELS    TIME=  0.0 SEC



 ******************* EXCITATION ENERGIES, DOMINANT CONFIGURATION AND EXPECTATION VALUES (WITH S.P. UU+VV FACTORS) *******************

  NR  Eex(keV)  I   Kdom  NY    <Jz>  <Jx**2> <Jy**2> <Jz**2> <I.j>/|I|  <Rx**2> <Ry**2> <Rz**2> <R.j>/|R|  <HROTx> <HROTy> <HROTz>

   1    0.0   1/2-   1/2  32    0.50    5.33    5.33    0.25    0.08       5.76    5.76   -0.00   -3.19      0.703   0.703  -0.000
   2   62.0   3/2-   1/2  32   -0.36    5.33    5.33    1.11    1.02       5.77    5.77    0.00   -2.88      0.704   0.704   0.000
   3  170.3   7/2-  -7/2  31   -3.17    6.48    6.48   11.90    3.53       6.32    6.32    0.00   -3.06      0.770   0.770   0.000
   4  244.3  11/2- -11/2  29   -5.49    2.75    2.75   30.24    5.06       5.49    5.49    0.00   -1.66      0.669   0.669   0.000
   5  303.2   3/2-  -3/2  33   -0.63    5.35    5.35    1.38    0.72       6.52    6.52    0.00   -2.96      0.795   0.795   0.000
  
   6  535.0   5/2-  -3/2  33   -0.33    5.55    5.55    2.48    1.38       7.08    7.08    0.00   -2.52      0.863   0.863   0.000
   7  729.4   5/2-   5/2  30    1.96    6.04    6.04    5.33    1.84       7.64    7.64    0.00   -3.06      0.931   0.931   0.000
   8  739.9   9/2-  -7/2  31   -1.97    6.09    6.09   12.72    3.61       6.86    6.86    0.00   -1.87      0.836   0.836   0.000
   9 1133.8   7/2-   5/2  30   -0.32    4.56    4.56    7.52    2.37       6.81    6.81    0.00   -1.97      0.830   0.830   0.000
  10 1230.3   5/2-   1/2  32   -0.09    5.36    5.36    0.92   -0.14      10.60   10.60    0.00   -2.62      1.292   1.292   0.000
  
  11 1292.2   7/2-   1/2  32   -0.37    4.99    4.99    2.60    1.10       9.82    9.82    0.00   -1.86      1.197   1.197   0.000
  12 1601.4  11/2-  -7/2  31   -1.60    6.05    6.05   12.78    3.45       9.71    9.71    0.00   -0.97      1.183   1.183   0.000
  13 1708.0   7/2-  -3/2  33   -0.89    5.13    5.13    2.56    0.81      11.07   11.07    0.00   -2.04      1.350   1.350   0.000
  14 1826.5  13/2- -11/2  29   -5.48    2.75    2.75   30.21    4.34      11.96   11.96    0.00   -1.11      1.459   1.459   0.000
  15 1984.9   9/2-   5/2  30   -0.44    4.58    4.58    7.21    2.10      10.13   10.13    0.00   -1.32      1.235   1.235   0.000
  
  16 1994.1   7/2-   5/2  30   -0.40    4.51    4.51    8.36    1.69       9.87    9.87    0.00   -2.41      1.203   1.203   0.000
  17 2169.5   1/2-   1/2  28    0.50   13.27   13.27    0.25    1.14      12.77   12.77    0.00   -5.10      1.557   1.557   0.000
  18 2231.6   9/2-  -3/2  33   -0.98    4.91    4.91    4.34    1.46      12.18   12.18    0.00   -1.39      1.485   1.485   0.000
  19 2471.1   9/2-   9/2  38    3.63    3.22    3.22   17.85    3.47       7.25    7.25    0.00   -1.84      0.884   0.884   0.000
  20 2526.3   5/2-   1/2  28    0.36   13.91   13.91    0.48    1.56      13.90   13.90   -0.00   -4.49      1.695   1.695  -0.000
  
  21 2718.2  13/2-  -7/2  31   -1.41    6.07    6.07   12.71    3.28      13.87   13.87    0.00   -0.36      1.691   1.691   0.000
  22 3169.3  11/2-  -7/2  37   -0.52    4.31    4.31    8.35    1.98      14.53   14.53    0.00   -0.95      1.772   1.772   0.000
  23 3214.1   1/2-   1/2  25    0.50    7.63    7.63    0.25    0.66       7.56    7.56   -0.00   -3.84      0.922   0.922  -0.000
  24 3233.6   9/2-   5/2  27    0.28   19.80   19.80    4.35    3.84      15.23   15.23    0.00   -4.50      1.856   1.856   0.000
  25 3370.1  11/2-   5/2  27    0.28   20.26   20.26    3.97    4.13      15.45   15.45    0.00   -3.57      1.883   1.883   0.000
  
  26 3489.1  11/2-   1/2  32   -0.23    5.08    5.08    2.02    0.81      19.15   19.15    0.00   -1.19      2.334   2.334   0.000
  27 3561.7   1/2-   1/2  35    0.50   16.97   16.97    0.25   -0.99      18.33   18.33    0.00   -5.79      2.235   2.235   0.000
  28 3963.3   5/2-   5/2  27    1.43   21.77   21.77    4.73    3.52      18.10   18.10   -0.00   -6.29      2.207   2.207  -0.000
  29 4320.6  13/2-   5/2  27    0.29   21.39   21.39    5.27    4.21      19.03   19.03   -0.00   -3.03      2.321   2.321  -0.000
  30 4481.6  13/2-  -3/2  33   -0.42    4.95    4.95    5.56    1.62      20.76   20.76    0.00   -0.64      2.532   2.532   0.000
  
  31 4830.1  13/2-  -7/2  37   -0.91    4.75    4.75    5.62    1.43      21.94   21.94    0.00   -0.77      2.675   2.675   0.000
  32*******   1/2-  -3/2  33    0.00    0.00    0.00    0.00    0.00       0.00    0.00    0.00   -0.00      0.000   0.000   0.000
