1SPECTRUM OF (Z= 82 A=207) IN PARTICLE-ROTOR  MODEL WITH MODIFIED OSCILLATOR POTENTIAL


 PARITY=-   EPS= 0.440   GAMMA=  0.0   EPS4=0.000   EPS6=0.000   LEVELS:  24  25  26  27  28  29  30  31  32  33  34  35  36  37  38

 PAIRING FACTORS: GN0= 19.20  GN1=  7.40  IPAIR= 15 ***  E2PLUS(INPUT)=   0.730  E2PLUR(INPUT)=   0.000

 CORIOLIS ATTENUATION PARAMETERS:  CHSI=1.000  ETA=  1.00

 MOMENT OF INERTIA PARAMETERS:   A1=  0.122 MEV   A2=  0.122 MEV   A3=121.91924 MEV


 DELTA=0.853 MEV  LAMBDA=53.4796 MEV   HW0= 7.5946 MEV   LAMBDA/HW0= 7.0418

 E2ENERGY=0.730 MEV  HBAR**2/B=35897./A**(7/3)=6068.3/A**2 MEV

 IREC=0  =>  RECOIL TERMS j+j-, j+j+, jzjz, ETC TREATED AS ONE-BODY OPERATORS WITH UU+VV PAIRING FACTORS



 S. P. LEVEL   EQP       U     V        (UU + VV)**1.00

     24       4.240    0.101 0.995      1.000 1.000 0.999 0.999 0.996 0.989 0.945 0.820 0.749 0.749 0.359 0.343 0.294 0.266 0.240
     25       4.137    0.104 0.995      1.000 1.000 0.999 0.999 0.996 0.989 0.945 0.822 0.750 0.750 0.361 0.345 0.297 0.269 0.243
     26       2.944    0.146 0.989      0.999 0.999 1.000 1.000 0.999 0.995 0.959 0.845 0.778 0.778 0.401 0.385 0.337 0.310 0.284
     27       2.781    0.155 0.988      0.999 0.999 1.000 1.000 0.999 0.995 0.961 0.850 0.784 0.784 0.409 0.394 0.346 0.318 0.293
     28       2.314    0.188 0.982      0.996 0.996 0.999 0.999 1.000 0.998 0.970 0.867 0.804 0.804 0.439 0.424 0.376 0.349 0.324
     29       1.773    0.248 0.969      0.989 0.989 0.995 0.995 0.998 1.000 0.983 0.896 0.839 0.839 0.494 0.479 0.433 0.407 0.382
     30       1.115    0.422 0.907      0.945 0.945 0.959 0.961 0.970 0.983 1.000 0.962 0.925 0.925 0.645 0.632 0.591 0.568 0.545
     31       0.863    0.652 0.758      0.820 0.822 0.845 0.850 0.867 0.896 0.962 1.000 0.993 0.993 0.828 0.819 0.788 0.770 0.752
     32       0.856    0.735 0.678      0.749 0.750 0.778 0.784 0.804 0.839 0.925 0.993 1.000 1.000 0.887 0.879 0.854 0.838 0.823
     33       0.856    0.735 0.678      0.749 0.750 0.778 0.784 0.804 0.839 0.925 0.993 1.000 1.000 0.887 0.880 0.854 0.838 0.824
     34       1.684    0.965 0.262      0.359 0.361 0.401 0.409 0.439 0.494 0.645 0.828 0.887 0.887 1.000 1.000 0.998 0.995 0.992
     35       1.788    0.969 0.246      0.343 0.345 0.385 0.394 0.424 0.479 0.632 0.819 0.879 0.880 1.000 1.000 0.999 0.997 0.994
     36       2.219    0.981 0.196      0.294 0.297 0.337 0.346 0.376 0.433 0.591 0.788 0.854 0.854 0.998 0.999 1.000 1.000 0.998
     37       2.583    0.986 0.167      0.266 0.269 0.310 0.318 0.349 0.407 0.568 0.770 0.838 0.838 0.995 0.997 1.000 1.000 1.000
     38       3.058    0.990 0.141      0.240 0.243 0.284 0.293 0.324 0.382 0.545 0.752 0.823 0.824 0.992 0.994 0.998 1.000 1.000

  R CORE   ENERGY   A0R/A00=1.000    R3= 0     2  
   2( 1)    0.732                    1.000 0.000
   2( 2)  487.921                    0.000 1.000

  R CORE   ENERGY   A0R/A00=1.000    R3= 0     2  
   3( 1)  488.652                    0.000 1.000

  R CORE   ENERGY   A0R/A00=1.000    R3= 0     2     4  
   4( 1)    2.438                    1.000 0.000 0.000

  R CORE   ENERGY   A0R/A00=1.000    R3= 0     2     4  
   5( 1)  490.847                    0.000 1.000 0.000

  R CORE   ENERGY   A0R/A00=1.000    R3= 0     2     4     6  
   6( 1)    5.121                    1.000 0.000 0.000 0.000

  R CORE   ENERGY   A0R/A00=1.000    R3= 0     2     4     6  
   7( 1)  494.017                    0.000 1.000 0.000 0.000

          AXIAL SYMMETRY => K RESTRICTED TO OMEGA

                     K
     S.P. ORB#: 24  0.50
     S.P. ORB#: 25  0.50
     S.P. ORB#: 26 -5.50
     S.P. ORB#: 27 -1.50
     S.P. ORB#: 28  2.50
     S.P. ORB#: 29 -3.50
     S.P. ORB#: 30  2.50
     S.P. ORB#: 31  0.50
     S.P. ORB#: 32  0.50
     S.P. ORB#: 33 -1.50
     S.P. ORB#: 34 -3.50
     S.P. ORB#: 35 -3.50
     S.P. ORB#: 36  4.50
     S.P. ORB#: 37  0.50
     S.P. ORB#: 38 -1.50
 

             ENERGY    K= OMEGA
 
 I=  1/2- (1)  2.207  31:-0.999
 
 I=  1/2- (2)  3.595  25: 0.258
                      32:-0.922
                      37: 0.288
 
 I=  1/2- (3)  5.991  24: 0.999
 
 I=  1/2- (4)  6.593  25:-0.245
                      32: 0.226
                      37: 0.943
 
 I=  1/2- (5) 10.280  25:-0.934
                      32:-0.314
                      37:-0.168

             ENERGY    K= OMEGA
 
 I=  3/2- (1)  2.188  31: 0.500
                      33:-0.866
 
 I=  3/2- (2)  2.400  24: 0.177
                      31: 0.854
                      33: 0.490

             ENERGY    K= OMEGA
 
 I=  5/2- (1)  2.530  24: 0.231
                      31:-0.502
                      33:-0.832
 
 I=  5/2- (2)  3.394  24: 0.064
                      28: 0.068
                      31:-0.846
                      33: 0.525
 
 I=  5/2- (3)  3.794  25:-0.212
                      32: 0.835
                      37:-0.435
                      38:-0.262
 
 I=  5/2- (4)  4.118  28: 0.996
                      33:-0.075
 
 I=  5/2- (5)  5.931  25: 0.186
                      27:-0.573
                      30: 0.797

             ENERGY    K= OMEGA
 
 I=  7/2- (1)  2.592  28:-0.163
                      34: 0.986
 
 I=  7/2- (2)  3.416  28: 0.066
                      29: 0.054
                      31: 0.693
                      33:-0.715
 
 I=  7/2- (3)  3.619  24: 0.304
                      28:-0.093
                      29:-0.195
                      31: 0.675
                      33: 0.636
 
 I=  7/2- (4)  3.700  24:-0.065
                      28:-0.153
                      29:-0.964
                      31:-0.098
                      33:-0.182
 
 I=  7/2- (5)  4.082  25: 0.054
                      27:-0.164
                      30:-0.173
                      32:-0.871
                      35:-0.064
                      37:-0.253
                      38:-0.338

             ENERGY    K= OMEGA
 
 I=  9/2- (1)  3.116  28: 0.104
                      29:-0.247
                      34: 0.368
                      36: 0.890
 
 I=  9/2- (2)  3.687  28: 0.213
                      29: 0.146
                      31: 0.067
                      33: 0.114
                      34: 0.888
                      36:-0.354
 
 I=  9/2- (3)  3.901  24: 0.355
                      31:-0.542
                      33:-0.745
                      34: 0.146
 
 I=  9/2- (4)  4.709  25: 0.152
                      27: 0.070
                      30:-0.134
                      32:-0.777
                      35: 0.067
                      37: 0.482
                      38: 0.339
 
 I=  9/2- (5)  4.880  28:-0.254
                      29: 0.924
                      31: 0.053
                      36: 0.279

             ENERGY    K= OMEGA
 
 I= 11/2- (1)  3.984  25:-0.471
                      27:-0.558
                      30:-0.481
                      32:-0.388
                      35:-0.207
                      37:-0.123
                      38:-0.166
 
 I= 11/2- (2)  4.215  26:-0.545
                      28:-0.121
                      29:-0.266
                      34: 0.342
                      36:-0.708
 
 I= 11/2- (3)  4.315  26: 0.838
                      28:-0.090
                      29:-0.176
                      34: 0.253
                      36:-0.441
 
 I= 11/2- (4)  5.006  28:-0.247
                      29: 0.208
                      33: 0.076
                      34: 0.853
                      36: 0.402
 
 I= 11/2- (5)  5.535  25:-0.349
                      27:-0.206
                      30:-0.184
                      32: 0.757
                      35:-0.105
                      37: 0.292
                      38: 0.363

             ENERGY    K= OMEGA
 
 I= 13/2- (1)  5.600  26: 0.231
                      28:-0.180
                      29: 0.352
                      33:-0.054
                      34:-0.429
                      36:-0.776
 
 I= 13/2- (2)  5.791  25:-0.166
                      27: 0.560
                      30:-0.674
                      32:-0.208
                      35: 0.366
                      37: 0.091
                      38: 0.140
 
 I= 13/2- (3)  5.884  26: 0.971
                      28: 0.062
                      29:-0.084
                      34: 0.144
                      36: 0.152
 
 I= 13/2- (4)  6.110  24: 0.438
                      28:-0.073
                      31:-0.544
                      33:-0.699
                      36: 0.118
 
 I= 13/2- (5)  6.565  24:-0.057
                      28:-0.262
                      29:-0.249
                      31: 0.080
                      33: 0.067
                      34:-0.828
                      36: 0.410

             ENERGY     K=-3/2
  32 LEVELS    TIME=  0.0 SEC



 ******************* EXCITATION ENERGIES, DOMINANT CONFIGURATION AND EXPECTATION VALUES (WITH S.P. UU+VV FACTORS) *******************

  NR  Eex(keV)  I   Kdom  NY    <Jz>  <Jx**2> <Jy**2> <Jz**2> <I.j>/|I|  <Rx**2> <Ry**2> <Rz**2> <R.j>/|R|  <HROTx> <HROTy> <HROTz>

   1    0.0   3/2-  -3/2  33   -1.00    5.13    5.13    1.75    1.25       5.45    5.45    0.00   -2.90      0.665   0.665   0.000
   2   19.5   1/2-   1/2  31    0.50    5.14    5.14    0.25    0.18       5.48    5.48    0.00   -3.13      0.669   0.669   0.000
   3  212.5   3/2-   1/2  31    0.02    5.07    5.07    0.73    0.74       5.88    5.88   -0.00   -2.75      0.717   0.717  -0.000
   4  342.3   5/2-  -3/2  33   -0.88    5.32    5.32    1.65    1.49       6.10    6.10    0.00   -2.25      0.744   0.744   0.000
   5  404.2   7/2-  -7/2  34   -3.34    2.34    2.34   12.08    3.18       3.65    3.65    0.00   -1.54      0.446   0.446   0.000
  
   6  928.1   9/2-   9/2  36    2.91    2.66    2.66   18.52    4.06       4.08    4.08    0.00   -1.27      0.498   0.498   0.000
   7 1206.1   5/2-   1/2  31   -0.04    5.16    5.16    0.83   -0.12      10.31   10.31    0.00   -2.53      1.256   1.256   0.000
   8 1228.5   7/2-  -3/2  33   -0.53    5.11    5.11    1.34    0.81      10.44   10.44    0.00   -1.83      1.273   1.273   0.000
   9 1406.7   1/2-   1/2  32    0.50   10.12   10.12    0.25    1.01       9.75    9.75   -0.00   -4.44      1.188   1.188  -0.000
  10 1431.2   7/2-   1/2  31   -0.45    5.22    5.22    1.57    1.02       9.84    9.84    0.00   -1.80      1.199   1.199   0.000
  
  11 1499.4   9/2-  -7/2  34   -2.17    2.50    2.50   12.77    2.70       7.85    7.85    0.00   -1.10      0.957   0.957   0.000
  12 1512.3   7/2-  -7/2  29   -3.24    6.25    6.25   11.61    3.01       7.97    7.97    0.00   -3.04      0.972   0.972   0.000
  13 1606.4   5/2-   1/2  32    0.36   10.84   10.84    0.39    2.00       9.48    9.48    0.00   -3.71      1.156   1.156   0.000
  14 1713.0   9/2-  -3/2  33   -0.70    5.47    5.47    1.65    1.61      10.64   10.64    0.00   -0.99      1.297   1.297   0.000
  15 1796.3  11/2-  -3/2  27    0.11   23.61   23.61    2.83    6.07       6.62    6.62   -0.00   -3.78      0.807   0.807  -0.000
  
  16 1894.4   7/2-   1/2  32    0.26   15.23   15.23    0.76    3.03      11.45   11.45    0.00   -4.01      1.396   1.396   0.000
  17 1930.1   5/2-   5/2  28    2.47    6.11    6.11    6.22    2.08       7.44    7.44    0.00   -3.19      0.907   0.907   0.000
  18 2027.2  11/2-   9/2  36    0.00    2.84    2.84   21.50    3.98       7.68    7.68    0.00   -0.87      0.937   0.937   0.000
  19 2126.8  11/2- -11/2  26   -3.30    2.80    2.80   26.40    4.55       6.70    6.70    0.00   -1.32      0.817   0.817   0.000
  20 2521.0   9/2-   1/2  32    0.28   12.01   12.01    0.65    2.41      12.74   12.74    0.00   -2.51      1.553   1.553   0.000
  
  21 2692.3   9/2-  -7/2  29   -2.48    5.96    5.96   12.45    2.43      12.47   12.47    0.00   -2.46      1.520   1.520   0.000
  22 2817.9  11/2-  -7/2  34   -1.83    2.58    2.58   13.13    2.33      13.11   13.11    0.00   -0.85      1.598   1.598   0.000
  23 3347.0  11/2-   1/2  32    0.17   12.62   12.62    0.94    2.61      15.34   15.34    0.00   -1.91      1.871   1.871   0.000
  24 3412.1  13/2-   9/2  36    1.42    3.07    3.07   17.78    3.15      14.34   14.34    0.00   -0.36      1.748   1.748   0.000
  25 3603.3  13/2-   5/2  30    0.21   23.06   23.06    5.25    4.85      16.17   16.17   -0.00   -3.07      1.971   1.971  -0.000
  
  26 3695.7  13/2- -11/2  26   -5.17    2.78    2.78   29.35    4.23      12.29   12.29    0.00   -1.08      1.498   1.498   0.001
  27 3743.5   5/2-   5/2  30    1.11   23.14   23.14    4.72    4.32      17.08   17.08    0.00   -6.54      2.083   2.083   0.000
  28 3802.9   1/2-   1/2  24    0.50    7.26    7.26    0.25    0.64       7.21    7.21   -0.00   -3.75      0.879   0.879  -0.000
  29 3922.6  13/2-  -3/2  33   -0.43    5.66    5.66    1.63    1.73      18.75   18.75    0.00   -0.14      2.286   2.286   0.000
  30 4376.8  13/2-  -7/2  34   -1.70    2.70    2.70   13.06    2.03      19.44   19.44    0.00   -0.69      2.370   2.370   0.000
  
  31 4405.3   1/2-   1/2  37    0.50   15.65   15.65    0.25   -0.32      16.42   16.42   -0.00   -5.55      2.002   2.002  -0.000
  32 8092.5   1/2-   1/2  25    0.50   23.15   23.15    0.25   -3.53      26.70   26.70    0.00   -6.79      3.255   3.255   0.000
