1SPECTRUM OF (Z= 82 A=207) IN PARTICLE-ROTOR  MODEL WITH MODIFIED OSCILLATOR POTENTIAL


 PARITY=-   EPS= 0.647   GAMMA=  0.0   EPS4=0.000   EPS6=0.000   LEVELS:  24  25  26  27  28  29  30  31  32  33  34  35  36  37  38

 PAIRING FACTORS: GN0= 19.20  GN1=  7.40  IPAIR= 15 ***  E2PLUS(INPUT)=   0.730  E2PLUR(INPUT)=   0.000

 CORIOLIS ATTENUATION PARAMETERS:  CHSI=1.000  ETA=  1.00

 MOMENT OF INERTIA PARAMETERS:   A1=  0.122 MEV   A2=  0.122 MEV   A3=121.91924 MEV


 DELTA=0.865 MEV  LAMBDA=53.8321 MEV   HW0= 7.8531 MEV   LAMBDA/HW0= 6.8549

 E2ENERGY=0.730 MEV  HBAR**2/B=77618./A**(7/3)=******/A**2 MEV

 IREC=0  =>  RECOIL TERMS j+j-, j+j+, jzjz, ETC TREATED AS ONE-BODY OPERATORS WITH UU+VV PAIRING FACTORS



 S. P. LEVEL   EQP       U     V        (UU + VV)**1.00

     24       4.447    0.098 0.995      1.000 1.000 1.000 1.000 0.999 0.916 0.676 0.650 0.478 0.473 0.365 0.282 0.268 0.212 0.183
     25       4.392    0.099 0.995      1.000 1.000 1.000 1.000 0.999 0.916 0.677 0.651 0.480 0.474 0.366 0.283 0.270 0.213 0.184
     26       3.712    0.117 0.993      1.000 1.000 1.000 1.000 1.000 0.924 0.691 0.665 0.496 0.490 0.383 0.301 0.287 0.231 0.202
     27       3.544    0.123 0.992      1.000 1.000 1.000 1.000 1.000 0.926 0.695 0.669 0.501 0.495 0.388 0.306 0.293 0.237 0.208
     28       3.143    0.139 0.990      0.999 0.999 1.000 1.000 1.000 0.932 0.706 0.681 0.515 0.509 0.403 0.321 0.308 0.252 0.223
     29       1.014    0.489 0.872      0.916 0.916 0.924 0.926 0.932 1.000 0.915 0.900 0.791 0.787 0.708 0.643 0.632 0.586 0.562
     30       0.901    0.799 0.601      0.676 0.677 0.691 0.695 0.706 0.915 1.000 0.999 0.970 0.969 0.933 0.897 0.891 0.863 0.848
     31       0.922    0.820 0.573      0.650 0.651 0.665 0.669 0.681 0.900 0.999 1.000 0.978 0.977 0.945 0.912 0.906 0.880 0.866
     32       1.204    0.921 0.390      0.478 0.480 0.496 0.501 0.515 0.791 0.970 0.978 1.000 1.000 0.992 0.977 0.974 0.960 0.951
     33       1.218    0.923 0.385      0.473 0.474 0.490 0.495 0.509 0.787 0.969 0.977 1.000 1.000 0.993 0.979 0.976 0.961 0.953
     34       1.653    0.962 0.272      0.365 0.366 0.383 0.388 0.403 0.708 0.933 0.945 0.992 0.993 1.000 0.996 0.995 0.987 0.982
     35       2.359    0.982 0.187      0.282 0.283 0.301 0.306 0.321 0.643 0.897 0.912 0.977 0.979 0.996 1.000 1.000 0.997 0.995
     36       2.542    0.985 0.173      0.268 0.270 0.287 0.293 0.308 0.632 0.891 0.906 0.974 0.976 0.995 1.000 1.000 0.998 0.996
     37       3.772    0.993 0.115      0.212 0.213 0.231 0.237 0.252 0.586 0.863 0.880 0.960 0.961 0.987 0.997 0.998 1.000 1.000
     38       5.062    0.996 0.086      0.183 0.184 0.202 0.208 0.223 0.562 0.848 0.866 0.951 0.953 0.982 0.995 0.996 1.000 1.000

  R CORE   ENERGY   A0R/A00=1.000    R3= 0     2  
   2( 1)    0.732                    1.000 0.000
   2( 2)  487.921                    0.000 1.000

  R CORE   ENERGY   A0R/A00=1.000    R3= 0     2  
   3( 1)  488.652                    0.000 1.000

  R CORE   ENERGY   A0R/A00=1.000    R3= 0     2     4  
   4( 1)    2.438                    1.000 0.000 0.000

  R CORE   ENERGY   A0R/A00=1.000    R3= 0     2     4  
   5( 1)  490.847                    0.000 1.000 0.000

  R CORE   ENERGY   A0R/A00=1.000    R3= 0     2     4     6  
   6( 1)    5.121                    1.000 0.000 0.000 0.000

  R CORE   ENERGY   A0R/A00=1.000    R3= 0     2     4     6  
   7( 1)  494.017                    0.000 1.000 0.000 0.000

          AXIAL SYMMETRY => K RESTRICTED TO OMEGA

                     K
     S.P. ORB#: 24  0.50
     S.P. ORB#: 25  2.50
     S.P. ORB#: 26  0.50
     S.P. ORB#: 27  4.50
     S.P. ORB#: 28  2.50
     S.P. ORB#: 29  0.50
     S.P. ORB#: 30  2.50
     S.P. ORB#: 31 -1.50
     S.P. ORB#: 32 -3.50
     S.P. ORB#: 33 -3.50
     S.P. ORB#: 34 -5.50
     S.P. ORB#: 35  0.50
     S.P. ORB#: 36 -1.50
     S.P. ORB#: 37 -1.50
     S.P. ORB#: 38  0.50
 

             ENERGY    K= OMEGA
 
 I=  1/2- (1)  3.856  26: 0.055
                      35: 0.998
 
 I=  1/2- (2)  4.897  24:-0.328
                      29: 0.941
                      38: 0.079
 
 I=  1/2- (3)  5.674  26: 0.998
                      35:-0.055
 
 I=  1/2- (4)  8.067  24: 0.857
                      29: 0.262
                      38: 0.443
 
 I=  1/2- (5)  9.388  24: 0.396
                      29: 0.213
                      38:-0.893

             ENERGY    K= OMEGA
 
 I=  3/2- (1)  3.925  35:-0.824
                      36:-0.566
 
 I=  3/2- (2)  4.163  26: 0.125
                      35:-0.559
                      36: 0.820

             ENERGY    K= OMEGA
 
 I=  5/2- (1)  2.741  30:-0.997
                      36:-0.075
 
 I=  5/2- (2)  4.505  24:-0.417
                      29: 0.637
                      31:-0.592
                      37:-0.168
                      38: 0.197
 
 I=  5/2- (3)  4.515  26: 0.205
                      30: 0.069
                      35: 0.511
                      36:-0.831
 
 I=  5/2- (4)  5.083  26:-0.066
                      35:-0.844
                      36:-0.530
 
 I=  5/2- (5)  5.922  24: 0.151
                      28:-0.102
                      29:-0.596
                      31:-0.762
                      37: 0.158
                      38: 0.073

             ENERGY    K= OMEGA
 
 I=  7/2- (1)  3.087  25: 0.117
                      30:-0.292
                      32:-0.949
 
 I=  7/2- (2)  3.624  25: 0.061
                      30: 0.949
                      32:-0.286
                      36:-0.119
 
 I=  7/2- (3)  5.149  30:-0.077
                      35:-0.852
                      36:-0.515
 
 I=  7/2- (4)  5.261  24:-0.363
                      28:-0.098
                      29:-0.650
                      31: 0.587
                      33:-0.062
                      37:-0.194
                      38: 0.225
 
 I=  7/2- (5)  5.628  25: 0.070
                      26:-0.239
                      30:-0.094
                      35: 0.498
                      36:-0.825

             ENERGY    K= OMEGA
 
 I=  9/2- (1)  4.045  25: 0.168
                      27:-0.057
                      30:-0.341
                      32: 0.923
 
 I=  9/2- (2)  4.731  25: 0.096
                      30: 0.924
                      32: 0.326
                      36: 0.167
 
 I=  9/2- (3)  5.048  24:-0.466
                      28:-0.069
                      29: 0.609
                      31:-0.553
                      37:-0.189
                      38: 0.252
 
 I=  9/2- (4)  5.958  27:-0.998
                      32:-0.061
 
 I=  9/2- (5)  6.231  25:-0.058
                      26: 0.324
                      30: 0.156
                      35: 0.528
                      36:-0.765

             ENERGY    K= OMEGA
 
 I= 11/2- (1)  2.934  27: 0.118
                      34: 0.993
 
 I= 11/2- (2)  5.239  25:-0.209
                      27: 0.074
                      30: 0.356
                      32: 0.908
 
 I= 11/2- (3)  6.070  25:-0.124
                      30:-0.910
                      32: 0.330
                      36: 0.209
 
 I= 11/2- (4)  6.157  24: 0.418
                      28: 0.117
                      29: 0.654
                      31:-0.501
                      33: 0.075
                      37: 0.242
                      38:-0.262
 
 I= 11/2- (5)  7.356  26:-0.057
                      27:-0.588
                      30: 0.105
                      34: 0.069
                      35: 0.698
                      36: 0.382

             ENERGY    K= OMEGA
 
 I= 13/2- (1)  4.448  27:-0.170
                      34: 0.985
 
 I= 13/2- (2)  6.498  24:-0.488
                      28:-0.081
                      29: 0.589
                      31:-0.536
                      37:-0.195
                      38: 0.284
 
 I= 13/2- (3)  6.669  25: 0.244
                      27:-0.082
                      30:-0.358
                      32: 0.897
 
 I= 13/2- (4)  7.629  25:-0.148
                      26: 0.074
                      30:-0.889
                      32:-0.317
                      35: 0.076
                      36:-0.271
 
 I= 13/2- (5)  8.900  26:-0.404
                      27: 0.162
                      30:-0.257
                      32:-0.080
                      35:-0.516
                      36: 0.685

             ENERGY     K= 1/2
  32 LEVELS    TIME=  0.0 SEC



 ******************* EXCITATION ENERGIES, DOMINANT CONFIGURATION AND EXPECTATION VALUES (WITH S.P. UU+VV FACTORS) *******************

  NR  Eex(keV)  I   Kdom  NY    <Jz>  <Jx**2> <Jy**2> <Jz**2> <I.j>/|I|  <Rx**2> <Ry**2> <Rz**2> <R.j>/|R|  <HROTx> <HROTy> <HROTz>

   1    0.0   5/2-   5/2  30    2.48    6.33    6.33    6.23    2.14       7.50    7.50   -0.00   -3.25      0.915   0.915  -0.000
   2  192.6  11/2- -11/2  34   -5.36    2.82    2.82   30.11    5.12       5.14    5.14    0.00   -1.60      0.627   0.627   0.001
   3  345.6   7/2-  -7/2  32   -2.91    6.52    6.52   11.65    3.17       7.65    7.65    0.00   -3.10      0.932   0.932   0.001
   4  882.9   7/2-   5/2  30    1.95    6.33    6.33    6.68    1.67      10.91   10.91    0.00   -2.72      1.331   1.331   0.000
   5 1114.8   1/2-   1/2  35    0.50    5.63    5.63    0.25    0.01       6.12    6.12   -0.00   -3.29      0.746   0.746  -0.000
  
   6 1184.2   3/2-   1/2  35   -0.14    5.64    5.64    0.89    0.92       6.18    6.18    0.00   -2.95      0.753   0.753   0.000
   7 1304.5   9/2-  -7/2  32   -2.61    6.56    6.56   11.41    2.66      11.40   11.40    0.00   -2.36      1.389   1.389   0.000
   8 1421.8   3/2-  -3/2  36   -0.84    5.68    5.68    1.59    0.80       6.81    6.81    0.00   -3.09      0.830   0.830   0.000
   9 1707.4  13/2- -11/2  34   -5.21    2.89    2.89   29.96    4.44      11.24   11.24    0.00   -1.00      1.370   1.370   0.001
  10 1764.3   5/2-   1/2  29   -0.25   14.85   14.85    1.02    2.95      11.02   11.02    0.00   -4.69      1.343   1.343   0.000
  
  11 1773.6   5/2-  -3/2  36   -0.87    5.76    5.76    1.67    0.97       8.10    8.10   -0.00   -2.56      0.988   0.988  -0.000
  12 1990.5   9/2-   5/2  30    1.75    6.32    6.32    6.78    1.38      15.23   15.23    0.00   -2.28      1.857   1.857   0.000
  13 2156.5   1/2-   1/2  29    0.50   15.05   15.05    0.25    1.44      14.30   14.30    0.00   -5.44      1.744   1.744   0.000
  14 2306.7   9/2-   1/2  29   -0.18   14.72   14.72    0.98    3.11      12.10   12.10    0.00   -3.03      1.475   1.475   0.000
  15 2342.4   5/2-   1/2  35   -0.06    5.65    5.65    0.83   -0.17      10.93   10.93   -0.00   -2.70      1.333   1.333  -0.000
  
  16 2408.0   7/2-   1/2  35   -0.02    5.65    5.65    0.83    0.68      11.26   11.26    0.00   -1.99      1.372   1.372   0.000
  17 2498.5  11/2-  -7/2  32   -2.44    6.61    6.61   11.27    2.35      16.08   16.08    0.00   -1.84      1.961   1.961   0.000
  18 2519.7   7/2-   1/2  29   -0.26   18.44   18.44    1.12    3.16      14.33   14.33    0.00   -4.75      1.747   1.747   0.000
  19 2886.8   7/2-  -3/2  36   -0.84    5.81    5.81    1.70    0.49      12.59   12.59   -0.00   -2.27      1.535   1.535  -0.000
  20 2933.0   1/2-   1/2  26    0.50    8.09    8.09    0.25    0.61       8.06    8.06    0.00   -3.96      0.983   0.983   0.000
  
  21 3181.3   5/2-  -3/2  31   -0.69   16.57   16.57    1.52    0.72      19.56   19.56    0.00   -5.20      2.385   2.385   0.000
  22 3217.5   9/2-   9/2  27    4.47    7.62    7.62   20.20    4.05       9.94    9.94    0.00   -3.43      1.212   1.212   0.000
  23 3328.8  11/2-   5/2  30    1.67    6.32    6.32    6.74    1.18      20.51   20.51    0.00   -1.92      2.500   2.500   0.000
  24 3416.5  11/2-   1/2  29   -0.11   18.72   18.72    1.02    3.40      16.80   16.80   -0.00   -3.13      2.048   2.048  -0.000
  25 3490.4   9/2-  -3/2  36   -0.62    5.94    5.94    1.63    0.83      14.98   14.98    0.00   -1.71      1.827   1.827   0.000
  
  26 3756.8  13/2-   1/2  29   -0.15   14.69   14.69    0.97    3.17      17.41   17.41    0.00   -1.39      2.123   2.123   0.000
  27 3928.0  13/2-  -7/2  32   -2.32    6.66    6.66   11.19    2.13      21.72   21.72    0.00   -1.46      2.649   2.649   0.001
  28 4614.8  11/2-   1/2  35    1.59    6.33    6.33    7.69    1.56      18.74   18.74    0.00   -1.80      2.285   2.285   0.000
  29 4887.6  13/2-   5/2  30    1.58    6.31    6.31    6.53    1.06      26.53   26.53    0.00   -1.61      3.235   3.235   0.000
  30 5325.9   1/2-   1/2  24    0.50   14.43   14.43    0.25   -0.44      15.32   15.32    0.00   -5.33      1.867   1.867   0.000
  
  31 6158.8  13/2-  -3/2  36   -0.23    6.16    6.16    2.23    0.83      25.85   25.85   -0.00   -1.22      3.151   3.151  -0.000
  32 6647.3   1/2-   1/2  38    0.50   18.01   18.01    0.25   -0.44      18.89   18.89   -0.00   -5.96      2.303   2.303  -0.000
