1SPECTRUM OF (Z= 82 A=207) IN PARTICLE-ROTOR  MODEL WITH MODIFIED OSCILLATOR POTENTIAL


 PARITY=-   EPS= 0.655   GAMMA=  0.0   EPS4=0.000   EPS6=0.000   LEVELS:  24  25  26  27  28  29  30  31  32  33  34  35  36  37  38

 PAIRING FACTORS: GN0= 19.20  GN1=  7.40  IPAIR= 15 ***  E2PLUS(INPUT)=   0.730  E2PLUR(INPUT)=   0.000

 CORIOLIS ATTENUATION PARAMETERS:  CHSI=1.000  ETA=  1.00

 MOMENT OF INERTIA PARAMETERS:   A1=  0.122 MEV   A2=  0.122 MEV   A3=121.91924 MEV


 DELTA=0.858 MEV  LAMBDA=53.8455 MEV   HW0= 7.8663 MEV   LAMBDA/HW0= 6.8451

 E2ENERGY=0.730 MEV  HBAR**2/B=79549./A**(7/3)=******/A**2 MEV

 IREC=0  =>  RECOIL TERMS j+j-, j+j+, jzjz, ETC TREATED AS ONE-BODY OPERATORS WITH UU+VV PAIRING FACTORS



 S. P. LEVEL   EQP       U     V        (UU + VV)**1.00

     24       4.604    0.094 0.996      1.000 1.000 1.000 0.999 0.999 0.930 0.681 0.626 0.470 0.444 0.333 0.268 0.256 0.208 0.178
     25       4.346    0.099 0.995      1.000 1.000 1.000 1.000 0.999 0.932 0.686 0.631 0.475 0.449 0.339 0.274 0.261 0.213 0.184
     26       3.669    0.118 0.993      1.000 1.000 1.000 1.000 1.000 0.938 0.699 0.645 0.491 0.466 0.356 0.292 0.279 0.231 0.202
     27       3.424    0.126 0.992      0.999 1.000 1.000 1.000 1.000 0.941 0.705 0.652 0.499 0.473 0.364 0.300 0.288 0.240 0.211
     28       3.215    0.135 0.991      0.999 0.999 1.000 1.000 1.000 0.944 0.711 0.658 0.506 0.481 0.372 0.308 0.296 0.248 0.219
     29       1.060    0.454 0.891      0.930 0.932 0.938 0.941 0.944 1.000 0.903 0.870 0.762 0.743 0.658 0.605 0.594 0.554 0.529
     30       0.888    0.792 0.610      0.681 0.686 0.699 0.705 0.711 0.903 1.000 0.997 0.966 0.958 0.917 0.888 0.882 0.857 0.842
     31       0.933    0.835 0.551      0.626 0.631 0.645 0.652 0.658 0.870 0.997 1.000 0.982 0.977 0.944 0.919 0.914 0.893 0.879
     32       1.206    0.923 0.385      0.470 0.475 0.491 0.499 0.506 0.762 0.966 0.982 1.000 1.000 0.989 0.976 0.974 0.961 0.952
     33       1.283    0.934 0.358      0.444 0.449 0.466 0.473 0.481 0.743 0.958 0.977 1.000 1.000 0.993 0.982 0.980 0.969 0.961
     34       1.815    0.970 0.244      0.333 0.339 0.356 0.364 0.372 0.658 0.917 0.944 0.989 0.993 1.000 0.998 0.997 0.991 0.987
     35       2.464    0.984 0.177      0.268 0.274 0.292 0.300 0.308 0.605 0.888 0.919 0.976 0.982 0.998 1.000 1.000 0.998 0.996
     36       2.648    0.986 0.164      0.256 0.261 0.279 0.288 0.296 0.594 0.882 0.914 0.974 0.980 0.997 1.000 1.000 0.999 0.997
     37       3.747    0.993 0.115      0.208 0.213 0.231 0.240 0.248 0.554 0.857 0.893 0.961 0.969 0.991 0.998 0.999 1.000 1.000
     38       5.037    0.996 0.085      0.178 0.184 0.202 0.211 0.219 0.529 0.842 0.879 0.952 0.961 0.987 0.996 0.997 1.000 1.000

  R CORE   ENERGY   A0R/A00=1.000    R3= 0     2  
   2( 1)    0.732                    1.000 0.000
   2( 2)  487.921                    0.000 1.000

  R CORE   ENERGY   A0R/A00=1.000    R3= 0     2  
   3( 1)  488.652                    0.000 1.000

  R CORE   ENERGY   A0R/A00=1.000    R3= 0     2     4  
   4( 1)    2.438                    1.000 0.000 0.000

  R CORE   ENERGY   A0R/A00=1.000    R3= 0     2     4  
   5( 1)  490.847                    0.000 1.000 0.000

  R CORE   ENERGY   A0R/A00=1.000    R3= 0     2     4     6  
   6( 1)    5.121                    1.000 0.000 0.000 0.000

  R CORE   ENERGY   A0R/A00=1.000    R3= 0     2     4     6  
   7( 1)  494.017                    0.000 1.000 0.000 0.000

          AXIAL SYMMETRY => K RESTRICTED TO OMEGA

                     K
     S.P. ORB#: 24  0.50
     S.P. ORB#: 25  2.50
     S.P. ORB#: 26  0.50
     S.P. ORB#: 27  4.50
     S.P. ORB#: 28  2.50
     S.P. ORB#: 29  0.50
     S.P. ORB#: 30 -1.50
     S.P. ORB#: 31  2.50
     S.P. ORB#: 32 -3.50
     S.P. ORB#: 33 -3.50
     S.P. ORB#: 34 -5.50
     S.P. ORB#: 35  0.50
     S.P. ORB#: 36 -1.50
     S.P. ORB#: 37 -1.50
     S.P. ORB#: 38  0.50
 

             ENERGY    K= OMEGA
 
 I=  1/2- (1)  3.965  26: 0.059
                      35: 0.998
 
 I=  1/2- (2)  4.956  24:-0.324
                      29:-0.943
                      38:-0.076
 
 I=  1/2- (3)  5.637  26: 0.998
                      35:-0.059
 
 I=  1/2- (4)  8.199  24: 0.838
                      29:-0.248
                      38:-0.486
 
 I=  1/2- (5)  9.391  24: 0.439
                      29:-0.221
                      38: 0.871

             ENERGY    K= OMEGA
 
 I=  3/2- (1)  4.035  35:-0.827
                      36:-0.561
 
 I=  3/2- (2)  4.271  26:-0.130
                      35: 0.554
                      36:-0.822

             ENERGY    K= OMEGA
 
 I=  5/2- (1)  2.776  31: 0.997
                      36: 0.074
 
 I=  5/2- (2)  4.531  24:-0.414
                      29:-0.612
                      30: 0.625
                      37: 0.156
                      38:-0.192
 
 I=  5/2- (3)  4.624  26: 0.215
                      31: 0.068
                      35: 0.509
                      36:-0.830
 
 I=  5/2- (4)  5.192  26: 0.071
                      35: 0.843
                      36: 0.531
 
 I=  5/2- (5)  5.947  24: 0.166
                      28: 0.101
                      29: 0.626
                      30: 0.735
                      37:-0.161
                      38:-0.063

             ENERGY    K= OMEGA
 
 I=  7/2- (1)  3.169  25:-0.111
                      31: 0.322
                      33: 0.940
 
 I=  7/2- (2)  3.664  25:-0.062
                      31:-0.939
                      33: 0.317
                      36: 0.117
 
 I=  7/2- (3)  5.258  31:-0.075
                      35:-0.854
                      36:-0.511
 
 I=  7/2- (4)  5.287  24:-0.367
                      28: 0.107
                      29: 0.601
                      30:-0.640
                      32: 0.069
                      37: 0.169
                      38:-0.223
 
 I=  7/2- (5)  5.733  25: 0.074
                      26:-0.247
                      31:-0.094
                      35: 0.492
                      36:-0.826

             ENERGY    K= OMEGA
 
 I=  9/2- (1)  4.133  25: 0.159
                      27:-0.060
                      31:-0.371
                      33: 0.913
 
 I=  9/2- (2)  4.775  25: 0.098
                      31: 0.913
                      33: 0.357
                      36: 0.163
 
 I=  9/2- (3)  5.080  24:-0.469
                      28: 0.076
                      29:-0.591
                      30: 0.577
                      37: 0.175
                      38:-0.245
 
 I=  9/2- (4)  5.838  27:-0.997
                      33:-0.067
 
 I=  9/2- (5)  6.340  25:-0.062
                      26: 0.338
                      31: 0.153
                      35: 0.524
                      36:-0.763

             ENERGY    K= OMEGA
 
 I= 11/2- (1)  3.100  27: 0.118
                      34: 0.993
 
 I= 11/2- (2)  5.335  25: 0.198
                      27:-0.077
                      31:-0.386
                      33:-0.897
 
 I= 11/2- (3)  6.115  25: 0.127
                      27:-0.053
                      31: 0.898
                      33:-0.361
                      36:-0.205
 
 I= 11/2- (4)  6.205  24:-0.425
                      28: 0.126
                      29: 0.630
                      30:-0.533
                      32: 0.082
                      37: 0.223
                      38:-0.258
 
 I= 11/2- (5)  7.243  27:-0.988
                      33: 0.085
                      34: 0.117

             ENERGY    K= OMEGA
 
 I= 13/2- (1)  4.618  27: 0.171
                      34:-0.985
 
 I= 13/2- (2)  6.534  24:-0.494
                      28: 0.090
                      29:-0.573
                      30: 0.556
                      32:-0.051
                      37: 0.180
                      38:-0.276
 
 I= 13/2- (3)  6.774  25: 0.232
                      27:-0.085
                      31:-0.389
                      33: 0.887
 
 I= 13/2- (4)  7.677  25: 0.152
                      26:-0.071
                      27:-0.060
                      31: 0.878
                      33: 0.349
                      35:-0.071
                      36: 0.264
 
 I= 13/2- (5)  8.896  25:-0.055
                      26: 0.073
                      27:-0.965
                      33:-0.079
                      34:-0.166
                      35: 0.087
                      36:-0.133

             ENERGY     K= 1/2
  32 LEVELS    TIME=  0.0 SEC



 ******************* EXCITATION ENERGIES, DOMINANT CONFIGURATION AND EXPECTATION VALUES (WITH S.P. UU+VV FACTORS) *******************

  NR  Eex(keV)  I   Kdom  NY    <Jz>  <Jx**2> <Jy**2> <Jz**2> <I.j>/|I|  <Rx**2> <Ry**2> <Rz**2> <R.j>/|R|  <HROTx> <HROTy> <HROTz>

   1    0.0   5/2-   5/2  31    2.48    6.34    6.34    6.23    2.14       7.51    7.51    0.00   -3.25      0.916   0.916   0.000
   2  323.9  11/2- -11/2  34   -5.36    2.82    2.82   30.11    5.11       5.17    5.17    0.00   -1.61      0.631   0.631   0.000
   3  393.4   7/2-  -7/2  33   -2.80    6.52    6.52   11.55    3.13       7.73    7.73    0.00   -3.09      0.942   0.942   0.001
   4  888.1   7/2-   5/2  31    1.84    6.34    6.34    6.80    1.69      10.90   10.90    0.00   -2.73      1.329   1.329   0.000
   5 1189.5   1/2-   1/2  35    0.50    5.65    5.65    0.25    0.01       6.14    6.14    0.00   -3.29      0.748   0.748   0.000
  
   6 1259.1   3/2-   1/2  35   -0.13    5.65    5.65    0.88    0.91       6.20    6.20    0.00   -2.96      0.756   0.756   0.000
   7 1357.9   9/2-  -7/2  33   -2.49    6.56    6.56   11.29    2.62      11.53   11.53    0.00   -2.37      1.406   1.406   0.001
   8 1494.9   3/2-  -3/2  36   -0.85    5.70    5.70    1.60    0.81       6.81    6.81    0.00   -3.10      0.831   0.831   0.000
   9 1755.7   5/2-  -3/2  30   -0.33   14.92   14.92    1.09    2.94      11.13   11.13    0.00   -4.71      1.357   1.357   0.000
  10 1842.9  13/2- -11/2  34   -5.21    2.89    2.89   29.95    4.43      11.30   11.30    0.00   -1.01      1.378   1.378   0.000
  
  11 1848.7   5/2-  -3/2  36   -0.86    5.79    5.79    1.67    0.97       8.13    8.13    0.00   -2.57      0.991   0.991   0.000
  12 1999.2   9/2-   5/2  31    1.63    6.34    6.34    6.92    1.40      15.22   15.22    0.00   -2.29      1.856   1.856   0.000
  13 2180.0   1/2-   1/2  29    0.50   15.07   15.07    0.25    1.41      14.36   14.36    0.00   -5.45      1.750   1.750   0.000
  14 2304.9   9/2-   1/2  29   -0.22   14.74   14.74    1.03    3.11      12.16   12.16    0.00   -3.05      1.483   1.483   0.000
  15 2416.3   5/2-   1/2  35   -0.06    5.67    5.67    0.83   -0.16      10.94   10.94    0.00   -2.70      1.334   1.334   0.000
  
  16 2482.7   7/2-   1/2  35   -0.01    5.67    5.67    0.82    0.67      11.28   11.28    0.00   -2.00      1.375   1.375   0.000
  17 2511.5   7/2-  -3/2  30   -0.37   18.31   18.31    1.25    3.12      14.44   14.44    0.00   -4.74      1.761   1.761   0.000
  18 2559.7  11/2-  -7/2  33   -2.32    6.60    6.60   11.16    2.30      16.28   16.28    0.00   -1.86      1.985   1.985   0.000
  19 2861.4   1/2-   1/2  26    0.50    8.11    8.11    0.25    0.60       8.09    8.09   -0.00   -3.97      0.986   0.986  -0.000
  20 2957.9   7/2-  -3/2  36   -0.84    5.84    5.84    1.71    0.49      12.61   12.61    0.00   -2.28      1.537   1.537   0.000
  
  21 3062.5   9/2-   9/2  27    4.46    7.61    7.61   20.20    4.05       9.94    9.94   -0.00   -3.43      1.212   1.212  -0.000
  22 3171.4   5/2-  -3/2  30   -0.61   16.49   16.49    1.44    0.68      19.58   19.58    0.00   -5.18      2.388   2.388   0.000
  23 3339.6  11/2-   5/2  31    1.55    6.34    6.34    6.89    1.20      20.50   20.50    0.00   -1.94      2.499   2.499   0.000
  24 3429.7  11/2-   1/2  29   -0.16   18.66   18.66    1.09    3.37      16.90   16.90    0.00   -3.14      2.061   2.061   0.000
  25 3564.8   9/2-  -3/2  36   -0.62    5.97    5.97    1.60    0.83      15.02   15.02    0.00   -1.72      1.832   1.832   0.000
  
  26 3758.3  13/2-   1/2  29   -0.18   14.71   14.71    1.01    3.17      17.45   17.45    0.00   -1.40      2.128   2.128   0.000
  27 3998.4  13/2-  -7/2  33   -2.21    6.64    6.64   11.09    2.09      21.99   21.99    0.00   -1.48      2.681   2.681   0.001
  28 4467.5  11/2-   9/2  27    4.29    7.54    7.54   20.28    3.30      15.82   15.82   -0.00   -2.78      1.929   1.929  -0.000
  29 4901.5  13/2-   5/2  31    1.48    6.33    6.33    6.70    1.08      26.54   26.54    0.00   -1.63      3.236   3.236   0.000
  30 5423.5   1/2-   1/2  24    0.50   14.41   14.41    0.25   -0.36      15.22   15.22    0.00   -5.32      1.856   1.856   0.000
  
  31 6120.8  13/2-   9/2  27    4.01    7.44    7.44   19.85    2.72      22.75   22.75   -0.00   -2.33      2.774   2.774  -0.000
  32 6615.5   1/2-   1/2  38    0.50   18.07   18.07    0.25   -0.49      19.00   19.00    0.00   -5.97      2.316   2.316   0.000
