1SPECTRUM OF (Z= 82 A=207) IN PARTICLE-ROTOR  MODEL WITH MODIFIED OSCILLATOR POTENTIAL


 PARITY=-   EPS= 0.604   GAMMA=  0.0   EPS4=0.000   EPS6=0.000   LEVELS:  24  25  26  27  28  29  30  31  32  33  34  35  36  37  38

 PAIRING FACTORS: GN0= 19.20  GN1=  7.40  IPAIR= 15 ***  E2PLUS(INPUT)=   0.730  E2PLUR(INPUT)=   0.000

 CORIOLIS ATTENUATION PARAMETERS:  CHSI=1.000  ETA=  1.00

 MOMENT OF INERTIA PARAMETERS:   A1=  0.122 MEV   A2=  0.122 MEV   A3=121.91922 MEV


 DELTA=0.907 MEV  LAMBDA=53.6731 MEV   HW0= 7.7867 MEV   LAMBDA/HW0= 6.8929

 E2ENERGY=0.730 MEV  HBAR**2/B=67644./A**(7/3)=******/A**2 MEV

 IREC=0  =>  RECOIL TERMS j+j-, j+j+, jzjz, ETC TREATED AS ONE-BODY OPERATORS WITH UU+VV PAIRING FACTORS



 S. P. LEVEL   EQP       U     V        (UU + VV)**1.00

     24       4.523    0.101 0.995      1.000 1.000 1.000 1.000 0.997 0.855 0.744 0.653 0.591 0.474 0.447 0.339 0.319 0.213 0.194
     25       4.073    0.112 0.994      1.000 1.000 1.000 1.000 0.998 0.861 0.751 0.662 0.600 0.484 0.458 0.350 0.329 0.224 0.205
     26       3.832    0.119 0.993      1.000 1.000 1.000 1.000 0.999 0.865 0.756 0.667 0.605 0.490 0.464 0.357 0.336 0.231 0.212
     27       3.513    0.130 0.991      1.000 1.000 1.000 1.000 0.999 0.870 0.763 0.675 0.614 0.500 0.474 0.367 0.346 0.242 0.223
     28       2.662    0.173 0.985      0.997 0.998 0.999 0.999 1.000 0.891 0.791 0.706 0.648 0.537 0.511 0.407 0.387 0.283 0.265
     29       0.944    0.602 0.799      0.855 0.861 0.865 0.870 0.891 1.000 0.983 0.951 0.923 0.862 0.846 0.778 0.764 0.688 0.674
     30       0.911    0.740 0.673      0.744 0.751 0.756 0.763 0.791 0.983 1.000 0.992 0.979 0.941 0.931 0.881 0.870 0.811 0.800
     31       0.965    0.819 0.573      0.653 0.662 0.667 0.675 0.706 0.951 0.992 1.000 0.997 0.976 0.969 0.934 0.926 0.879 0.870
     32       1.039    0.862 0.506      0.591 0.600 0.605 0.614 0.648 0.923 0.979 0.997 1.000 0.990 0.986 0.960 0.953 0.914 0.906
     33       1.283    0.924 0.383      0.474 0.484 0.490 0.500 0.537 0.862 0.941 0.976 0.990 1.000 1.000 0.989 0.986 0.961 0.956
     34       1.366    0.935 0.355      0.447 0.458 0.464 0.474 0.511 0.846 0.931 0.969 0.986 1.000 1.000 0.993 0.990 0.969 0.964
     35       1.925    0.970 0.243      0.339 0.350 0.357 0.367 0.407 0.778 0.881 0.934 0.960 0.989 0.993 1.000 1.000 0.991 0.989
     36       2.100    0.975 0.221      0.319 0.329 0.336 0.346 0.387 0.764 0.870 0.926 0.953 0.986 0.990 1.000 1.000 0.994 0.992
     37       4.026    0.994 0.113      0.213 0.224 0.231 0.242 0.283 0.688 0.811 0.879 0.914 0.961 0.969 0.991 0.994 1.000 1.000
     38       4.825    0.996 0.094      0.194 0.205 0.212 0.223 0.265 0.674 0.800 0.870 0.906 0.956 0.964 0.989 0.992 1.000 1.000

  R CORE   ENERGY   A0R/A00=1.000    R3= 0     2  
   2( 1)    0.732                    1.000 0.000
   2( 2)  487.921                    0.000 1.000

  R CORE   ENERGY   A0R/A00=1.000    R3= 0     2  
   3( 1)  488.652                    0.000 1.000

  R CORE   ENERGY   A0R/A00=1.000    R3= 0     2     4  
   4( 1)    2.438                    1.000 0.000 0.000

  R CORE   ENERGY   A0R/A00=1.000    R3= 0     2     4  
   5( 1)  490.847                    0.000 1.000 0.000

  R CORE   ENERGY   A0R/A00=1.000    R3= 0     2     4     6  
   6( 1)    5.121                    1.000 0.000 0.000 0.000

  R CORE   ENERGY   A0R/A00=1.000    R3= 0     2     4     6  
   7( 1)  494.017                    0.000 1.000 0.000 0.000

          AXIAL SYMMETRY => K RESTRICTED TO OMEGA

                     K
     S.P. ORB#: 24  2.50
     S.P. ORB#: 25  4.50
     S.P. ORB#: 26  0.50
     S.P. ORB#: 27  0.50
     S.P. ORB#: 28  2.50
     S.P. ORB#: 29  2.50
     S.P. ORB#: 30  0.50
     S.P. ORB#: 31 -3.50
     S.P. ORB#: 32 -5.50
     S.P. ORB#: 33 -1.50
     S.P. ORB#: 34 -3.50
     S.P. ORB#: 35  0.50
     S.P. ORB#: 36 -1.50
     S.P. ORB#: 37 -1.50
     S.P. ORB#: 38 -3.50
 

             ENERGY    K= OMEGA
 
 I=  1/2- (1)  3.396  35: 0.999
 
 I=  1/2- (2)  4.786  27: 0.381
                      30:-0.925
 
 I=  1/2- (3)  5.758  26: 0.999
 
 I=  1/2- (4)  7.377  27:-0.925
                      30:-0.381
 
 I=  1/2- (5)147.586  33: 1.000

             ENERGY    K= OMEGA
 
 I=  3/2- (1)  3.465  35: 0.807
                      36: 0.590
 
 I=  3/2- (2)  3.705  26: 0.118
                      35:-0.584
                      36: 0.803

             ENERGY    K= OMEGA
 
 I=  5/2- (1)  2.772  29: 0.996
                      36: 0.085
 
 I=  5/2- (2)  4.036  26: 0.186
                      29: 0.080
                      35: 0.522
                      36:-0.828
 
 I=  5/2- (3)  4.625  26:-0.054
                      35:-0.841
                      36:-0.537
 
 I=  5/2- (4)  4.695  27:-0.477
                      30: 0.764
                      33: 0.345
                      37:-0.263
 
 I=  5/2- (5)  6.110  28:-0.122
                      30:-0.388
                      33: 0.905
                      37: 0.121

             ENERGY    K= OMEGA
 
 I=  7/2- (1)  2.805  24: 0.152
                      29:-0.185
                      31:-0.971
 
 I=  7/2- (2)  3.476  24:-0.058
                      29:-0.942
                      31: 0.172
                      36: 0.120
                      38: 0.253
 
 I=  7/2- (3)  4.684  29:-0.074
                      35:-0.837
                      36:-0.537
 
 I=  7/2- (4)  5.161  24:-0.061
                      26: 0.226
                      29: 0.073
                      35:-0.523
                      36: 0.813
                      38:-0.072
 
 I=  7/2- (5)  5.343  27: 0.334
                      30: 0.858
                      33: 0.144
                      37: 0.358

             ENERGY    K= OMEGA
 
 I=  9/2- (1)  3.709  24:-0.215
                      25: 0.050
                      29: 0.254
                      31:-0.941
 
 I=  9/2- (2)  4.402  24:-0.092
                      29:-0.893
                      31:-0.234
                      36:-0.151
                      38:-0.339
 
 I=  9/2- (3)  5.462  27:-0.502
                      30: 0.727
                      33: 0.329
                      37:-0.333
 
 I=  9/2- (4)  5.718  24: 0.053
                      26:-0.297
                      29:-0.116
                      35:-0.535
                      36: 0.773
                      38:-0.095
 
 I=  9/2- (5)  6.485  25: 0.994
                      31: 0.054
                      38:-0.065

             ENERGY    K= OMEGA
 
 I= 11/2- (1)  2.265  25: 0.142
                      32: 0.990
 
 I= 11/2- (2)  4.833  24:-0.261
                      25: 0.061
                      29: 0.297
                      31: 0.913
                      38:-0.077
 
 I= 11/2- (3)  5.560  24:-0.122
                      29:-0.853
                      31: 0.272
                      36: 0.166
                      38: 0.392
 
 I= 11/2- (4)  6.429  27:-0.397
                      28:-0.077
                      30:-0.801
                      33:-0.177
                      34:-0.051
                      37:-0.400
 
 I= 11/2- (5)  6.884  26: 0.065
                      29:-0.086
                      35:-0.852
                      36:-0.503
                      38: 0.080

             ENERGY    K= OMEGA
 
 I= 13/2- (1)  3.720  25: 0.203
                      32:-0.979
 
 I= 13/2- (2)  6.184  24:-0.297
                      25: 0.063
                      29: 0.326
                      31:-0.889
                      38: 0.105
 
 I= 13/2- (3)  6.945  24:-0.149
                      26: 0.051
                      29:-0.816
                      31:-0.293
                      35: 0.054
                      36:-0.195
                      38:-0.424
 
 I= 13/2- (4)  7.161  27:-0.509
                      30: 0.709
                      33: 0.313
                      37:-0.373
 
 I= 13/2- (5)  8.324  26: 0.380
                      29: 0.135
                      31: 0.087
                      35: 0.530
                      36:-0.726
                      38: 0.138

             ENERGY     K=-7/2
  32 LEVELS    TIME=  0.0 SEC



 ******************* EXCITATION ENERGIES, DOMINANT CONFIGURATION AND EXPECTATION VALUES (WITH S.P. UU+VV FACTORS) *******************

  NR  Eex(keV)  I   Kdom  NY    <Jz>  <Jx**2> <Jy**2> <Jz**2> <I.j>/|I|  <Rx**2> <Ry**2> <Rz**2> <R.j>/|R|  <HROTx> <HROTy> <HROTz>

   1    0.0  11/2- -11/2  32   -5.30    2.85    2.85   30.05    5.18       4.78    4.78    0.00   -1.54      0.583   0.583   0.000
   2  506.8   5/2-   5/2  29    2.47    6.28    6.28    6.22    2.13       7.45    7.45    0.00   -3.23      0.909   0.909   0.000
   3  539.9   7/2-  -7/2  31   -3.16    6.52    6.52   11.91    3.31       7.21    7.21    0.00   -3.11      0.879   0.879   0.000
   4 1130.2   1/2-   1/2  35    0.50    5.54    5.54    0.25    0.03       6.02    6.02    0.00   -3.26      0.733   0.733   0.000
   5 1199.3   3/2-   1/2  35   -0.20    5.54    5.54    0.95    0.95       6.06    6.06   -0.00   -2.93      0.739   0.739  -0.000
  
   6 1210.2   7/2-   5/2  29    1.88    5.97    5.97    6.75    2.01       9.24    9.24   -0.00   -2.49      1.126   1.126  -0.000
   7 1440.0   3/2-  -3/2  36   -0.79    5.58    5.58    1.54    0.77       6.73    6.73   -0.00   -3.06      0.820   0.820  -0.000
   8 1443.6   9/2-  -7/2  31   -2.82    6.62    6.62   11.61    2.87      10.52   10.52    0.00   -2.30      1.283   1.283   0.000
   9 1455.0  13/2- -11/2  32   -5.08    2.95    2.95   29.83    4.55      10.48   10.48    0.00   -0.87      1.278   1.278   0.000
  10 1770.5   5/2-  -3/2  36   -0.85    5.66    5.66    1.67    1.00       7.90    7.90   -0.00   -2.52      0.963   0.963  -0.000
  
  11 2136.2   9/2-   5/2  29    1.39    5.73    5.73    7.17    1.93      12.10   12.10   -0.00   -1.84      1.475   1.475  -0.000
  12 2359.7   5/2-   1/2  35   -0.07    5.56    5.56    0.84   -0.16      10.84   10.84   -0.00   -2.67      1.321   1.321  -0.000
  13 2419.0   7/2-   1/2  35   -0.07    5.55    5.55    0.89    0.70      11.09   11.09   -0.00   -1.96      1.352   1.352  -0.000
  14 2429.4   5/2-   1/2  30    0.12   14.55   14.55    0.63    2.44      12.02   12.02    0.00   -4.59      1.466   1.466   0.000
  15 2520.5   1/2-   1/2  30    0.50   14.97   14.97    0.25    1.30      14.34   14.34    0.00   -5.43      1.749   1.749   0.000
  
  16 2568.0  11/2-  -7/2  31   -2.53    6.69    6.69   11.35    2.59      14.74   14.74    0.00   -1.70      1.797   1.797   0.001
  17 2895.3   7/2-  -3/2  36   -0.83    5.67    5.67    1.70    0.52      12.32   12.32   -0.00   -2.21      1.502   1.502  -0.000
  18 3077.4   7/2-   1/2  30    0.20   17.96   17.96    0.57    2.73      15.30   15.30    0.00   -4.64      1.865   1.865   0.000
  19 3196.6   9/2-   1/2  30    0.06   14.49   14.49    0.69    2.58      14.39   14.39    0.00   -3.14      1.755   1.755   0.000
  20 3294.5  11/2-   5/2  29    1.03    5.56    5.56    7.52    1.85      16.10   16.10    0.00   -1.33      1.963   1.963   0.000
  
  21 3452.7   9/2-  -3/2  36   -0.71    5.77    5.77    1.69    0.93      14.36   14.36   -0.00   -1.60      1.751   1.751  -0.000
  22 3492.8   1/2-   1/2  26    0.50    7.96    7.96    0.25    0.63       7.92    7.92   -0.00   -3.93      0.965   0.965  -0.000
  23 3844.1   5/2-  -3/2  33   -1.14   16.97   16.97    2.01    0.87      19.77   19.77    0.00   -5.31      2.410   2.410   0.000
  24 3918.5  13/2-  -7/2  31   -2.31    6.75    6.75   11.14    2.40      19.90   19.90    0.00   -1.24      2.426   2.426   0.000
  25 4163.5  11/2-   1/2  30    0.12   18.05   18.05    0.70    2.92      18.80   18.80    0.00   -3.15      2.293   2.293   0.000
  
  26 4219.7   9/2-   9/2  25    4.43    7.60    7.60   20.13    4.04       9.95    9.95   -0.00   -3.42      1.213   1.213  -0.000
  27 4618.8  11/2-   1/2  35   -0.02    5.54    5.54    0.92    0.64      20.07   20.07   -0.00   -1.29      2.447   2.447  -0.000
  28 4680.0  13/2-   5/2  29    0.74    5.44    5.44    7.70    1.79      21.16   21.16    0.00   -0.93      2.580   2.580   0.000
  29 4895.2  13/2-   1/2  30    0.03   14.50   14.50    0.73    2.62      20.93   20.93    0.00   -1.76      2.552   2.552   0.000
  30 5111.2   1/2-   1/2  27    0.50   15.82   15.82    0.25   -1.23      17.39   17.39    0.00   -5.59      2.120   2.120   0.000
  
  31 6058.3  13/2-  -3/2  36   -0.62    5.87    5.87    1.77    0.94      24.58   24.58   -0.00   -0.99      2.997   2.997  -0.000
  32*******   1/2-  -3/2  33    0.00    0.00    0.00    0.00   -0.00       0.00    0.00    0.00   -0.00      0.000   0.000   0.000
