1SPECTRUM OF (Z= 82 A=207) IN PARTICLE-ROTOR  MODEL WITH MODIFIED OSCILLATOR POTENTIAL


 PARITY=-   EPS= 0.620   GAMMA=  0.0   EPS4=0.000   EPS6=0.000   LEVELS:  24  25  26  27  28  29  30  31  32  33  34  35  36  37  38

 PAIRING FACTORS: GN0= 19.20  GN1=  7.40  IPAIR= 15 ***  E2PLUS(INPUT)=   0.730  E2PLUR(INPUT)=   0.000

 CORIOLIS ATTENUATION PARAMETERS:  CHSI=1.000  ETA=  1.00

 MOMENT OF INERTIA PARAMETERS:   A1=  0.122 MEV   A2=  0.122 MEV   A3=121.91924 MEV


 DELTA=0.890 MEV  LAMBDA=53.7433 MEV   HW0= 7.8105 MEV   LAMBDA/HW0= 6.8809

 E2ENERGY=0.730 MEV  HBAR**2/B=71275./A**(7/3)=******/A**2 MEV

 IREC=0  =>  RECOIL TERMS j+j-, j+j+, jzjz, ETC TREATED AS ONE-BODY OPERATORS WITH UU+VV PAIRING FACTORS



 S. P. LEVEL   EQP       U     V        (UU + VV)**1.00

     24       4.490    0.100 0.995      1.000 1.000 1.000 1.000 0.998 0.827 0.804 0.588 0.532 0.490 0.460 0.317 0.299 0.213 0.188
     25       3.892    0.115 0.993      1.000 1.000 1.000 1.000 0.999 0.836 0.814 0.601 0.546 0.503 0.473 0.332 0.314 0.228 0.204
     26       3.872    0.116 0.993      1.000 1.000 1.000 1.000 0.999 0.836 0.814 0.601 0.546 0.504 0.474 0.332 0.314 0.229 0.204
     27       3.804    0.118 0.993      1.000 1.000 1.000 1.000 0.999 0.837 0.815 0.603 0.548 0.506 0.476 0.334 0.316 0.231 0.206
     28       2.853    0.158 0.987      0.998 0.999 0.999 0.999 1.000 0.859 0.838 0.635 0.581 0.540 0.511 0.372 0.355 0.270 0.246
     29       0.904    0.642 0.767      0.827 0.836 0.836 0.837 0.859 1.000 0.999 0.941 0.916 0.895 0.880 0.795 0.784 0.726 0.708
     30       0.895    0.671 0.741      0.804 0.814 0.814 0.815 0.838 0.999 1.000 0.954 0.931 0.912 0.897 0.818 0.807 0.752 0.735
     31       1.022    0.863 0.505      0.588 0.601 0.601 0.603 0.635 0.941 0.954 1.000 0.998 0.993 0.989 0.953 0.948 0.915 0.905
     32       1.116    0.895 0.445      0.532 0.546 0.546 0.548 0.581 0.916 0.931 0.998 1.000 0.999 0.996 0.972 0.967 0.940 0.932
     33       1.212    0.916 0.401      0.490 0.503 0.504 0.506 0.540 0.895 0.912 0.993 0.999 1.000 0.999 0.982 0.978 0.956 0.948
     34       1.298    0.929 0.369      0.460 0.473 0.474 0.476 0.511 0.880 0.897 0.989 0.996 0.999 1.000 0.988 0.985 0.966 0.959
     35       2.066    0.975 0.221      0.317 0.332 0.332 0.334 0.372 0.795 0.818 0.953 0.972 0.982 0.988 1.000 1.000 0.994 0.991
     36       2.245    0.979 0.202      0.299 0.314 0.314 0.316 0.355 0.784 0.807 0.948 0.967 0.978 0.985 1.000 1.000 0.996 0.993
     37       3.914    0.993 0.114      0.213 0.228 0.229 0.231 0.270 0.726 0.752 0.915 0.940 0.956 0.966 0.994 0.996 1.000 1.000
     38       4.985    0.996 0.090      0.188 0.204 0.204 0.206 0.246 0.708 0.735 0.905 0.932 0.948 0.959 0.991 0.993 1.000 1.000

  R CORE   ENERGY   A0R/A00=1.000    R3= 0     2  
   2( 1)    0.732                    1.000 0.000
   2( 2)  487.921                    0.000 1.000

  R CORE   ENERGY   A0R/A00=1.000    R3= 0     2  
   3( 1)  488.652                    0.000 1.000

  R CORE   ENERGY   A0R/A00=1.000    R3= 0     2     4  
   4( 1)    2.438                    1.000 0.000 0.000

  R CORE   ENERGY   A0R/A00=1.000    R3= 0     2     4  
   5( 1)  490.847                    0.000 1.000 0.000

  R CORE   ENERGY   A0R/A00=1.000    R3= 0     2     4     6  
   6( 1)    5.121                    1.000 0.000 0.000 0.000

  R CORE   ENERGY   A0R/A00=1.000    R3= 0     2     4     6  
   7( 1)  494.017                    0.000 1.000 0.000 0.000

          AXIAL SYMMETRY => K RESTRICTED TO OMEGA

                     K
     S.P. ORB#: 24  2.50
     S.P. ORB#: 25  4.50
     S.P. ORB#: 26  0.50
     S.P. ORB#: 27  0.50
     S.P. ORB#: 28  2.50
     S.P. ORB#: 29  0.50
     S.P. ORB#: 30  2.50
     S.P. ORB#: 31 -3.50
     S.P. ORB#: 32 -1.50
     S.P. ORB#: 33 -5.50
     S.P. ORB#: 34 -3.50
     S.P. ORB#: 35  0.50
     S.P. ORB#: 36 -1.50
     S.P. ORB#: 37 -1.50
     S.P. ORB#: 38  4.50
 

             ENERGY    K= OMEGA
 
 I=  1/2- (1)  3.547  35:-0.999
 
 I=  1/2- (2)  4.789  26: 0.362
                      29:-0.932
 
 I=  1/2- (3)  5.743  27: 0.999
 
 I=  1/2- (4)  7.746  26: 0.932
                      29: 0.362
 
 I=  1/2- (5)147.419  32: 1.000

             ENERGY    K= OMEGA
 
 I=  3/2- (1)  3.616  35:-0.814
                      36:-0.581
 
 I=  3/2- (2)  3.857  27: 0.118
                      35:-0.575
                      36: 0.810

             ENERGY    K= OMEGA
 
 I=  5/2- (1)  2.728  30: 0.997
                      36: 0.079
 
 I=  5/2- (2)  4.197  27: 0.189
                      30: 0.074
                      35: 0.518
                      36:-0.830
 
 I=  5/2- (3)  4.678  26: 0.474
                      29:-0.741
                      32: 0.411
                      37: 0.238
 
 I=  5/2- (4)  4.776  27: 0.056
                      35: 0.842
                      36: 0.534
 
 I=  5/2- (5)  6.000  28:-0.113
                      29:-0.439
                      32:-0.882
                      37: 0.124

             ENERGY    K= OMEGA
 
 I=  7/2- (1)  2.882  24:-0.139
                      30: 0.211
                      31: 0.968
 
 I=  7/2- (2)  3.597  24:-0.060
                      30:-0.969
                      31: 0.203
                      36: 0.128
 
 I=  7/2- (3)  4.839  30:-0.087
                      35:-0.844
                      36:-0.526
 
 I=  7/2- (4)  5.321  24:-0.062
                      27: 0.226
                      30: 0.097
                      35:-0.512
                      36: 0.820
 
 I=  7/2- (5)  5.405  26: 0.350
                      28: 0.055
                      29: 0.851
                      32:-0.211
                      37: 0.325

             ENERGY    K= OMEGA
 
 I=  9/2- (1)  3.812  24:-0.199
                      25: 0.053
                      30: 0.252
                      31:-0.945
 
 I=  9/2- (2)  4.694  24: 0.092
                      30: 0.948
                      31: 0.233
                      36: 0.185
 
 I=  9/2- (3)  5.445  26:-0.514
                      29: 0.704
                      32:-0.386
                      37:-0.295
 
 I=  9/2- (4)  5.905  24:-0.050
                      27: 0.301
                      30: 0.176
                      31: 0.054
                      35: 0.536
                      36:-0.765
 
 I=  9/2- (5)  6.276  28: 0.333
                      29: 0.082
                      32: 0.090
                      34:-0.820
                      37:-0.058
                      38: 0.446

             ENERGY    K= OMEGA
 
 I= 11/2- (1)  2.467  25: 0.128
                      33: 0.992
 
 I= 11/2- (2)  4.972  24:-0.247
                      25: 0.067
                      30: 0.266
                      31: 0.929
 
 I= 11/2- (3)  6.024  24: 0.117
                      30: 0.934
                      31:-0.234
                      35:-0.066
                      36:-0.231
 
 I= 11/2- (4)  6.413  26:-0.301
                      28:-0.268
                      29:-0.534
                      32: 0.220
                      34:-0.562
                      37:-0.252
                      38:-0.352
 
 I= 11/2- (5)  6.615  26:-0.293
                      28: 0.190
                      29:-0.595
                      32: 0.097
                      34: 0.560
                      37:-0.262
                      38: 0.364

             ENERGY    K= OMEGA
 
 I= 13/2- (1)  3.953  25:-0.185
                      33: 0.983
 
 I= 13/2- (2)  6.362  24:-0.287
                      25: 0.074
                      30: 0.268
                      31:-0.916
 
 I= 13/2- (3)  7.056  26:-0.264
                      28:-0.295
                      29: 0.313
                      32:-0.241
                      34: 0.676
                      37:-0.130
                      38:-0.462
 
 I= 13/2- (4)  7.177  26: 0.462
                      28:-0.140
                      29:-0.614
                      32: 0.283
                      34: 0.382
                      37: 0.306
                      38:-0.266
 
 I= 13/2- (5)  7.570  24:-0.136
                      27: 0.094
                      30:-0.904
                      31:-0.216
                      35: 0.106
                      36:-0.310

             ENERGY     K= 9/2
  32 LEVELS    TIME=  0.0 SEC



 ******************* EXCITATION ENERGIES, DOMINANT CONFIGURATION AND EXPECTATION VALUES (WITH S.P. UU+VV FACTORS) *******************

  NR  Eex(keV)  I   Kdom  NY    <Jz>  <Jx**2> <Jy**2> <Jz**2> <I.j>/|I|  <Rx**2> <Ry**2> <Rz**2> <R.j>/|R|  <HROTx> <HROTy> <HROTz>

   1    0.0  11/2- -11/2  33   -5.34    2.83    2.83   30.08    5.15       4.96    4.96    0.00   -1.57      0.605   0.605   0.000
   2  260.8   5/2-   5/2  30    2.47    6.30    6.30    6.22    2.13       7.48    7.48   -0.00   -3.24      0.911   0.911  -0.000
   3  414.5   7/2-  -7/2  31   -3.12    6.52    6.52   11.87    3.26       7.38    7.38   -0.00   -3.11      0.900   0.900  -0.000
   4 1080.1   1/2-   1/2  35    0.50    5.58    5.58    0.25    0.02       6.06    6.06   -0.00   -3.27      0.738   0.738  -0.000
   5 1129.9   7/2-   5/2  30    2.19    6.28    6.28    6.43    1.63      10.91   10.91   -0.00   -2.68      1.330   1.330  -0.000
  
   6 1149.3   3/2-   1/2  35   -0.17    5.58    5.58    0.92    0.94       6.11    6.11   -0.00   -2.94      0.744   0.744  -0.000
   7 1345.4   9/2-  -7/2  31   -2.86    6.58    6.58   11.65    2.79      10.88   10.88   -0.00   -2.34      1.327   1.327  -0.000
   8 1389.7   3/2-  -3/2  36   -0.81    5.62    5.62    1.56    0.78       6.76    6.76   -0.00   -3.07      0.825   0.825  -0.000
   9 1486.0  13/2- -11/2  33   -5.16    2.92    2.92   29.90    4.49      10.87   10.87    0.00   -0.94      1.325   1.325   0.000
  10 1729.6   5/2-  -3/2  36   -0.86    5.69    5.69    1.67    0.99       7.99    7.99   -0.00   -2.54      0.974   0.974  -0.000
  
  11 2210.8   5/2-   1/2  29    0.05   14.46   14.46    0.70    2.47      11.89   11.89   -0.00   -4.58      1.450   1.450  -0.000
  12 2226.9   9/2-   5/2  30    2.03    6.26    6.26    6.43    1.34      15.21   15.21   -0.00   -2.23      1.855   1.855  -0.000
  13 2309.0   5/2-   1/2  35   -0.06    5.59    5.59    0.83   -0.17      10.88   10.88   -0.00   -2.68      1.326   1.326  -0.000
  14 2321.9   1/2-   1/2  29    0.50   14.98   14.98    0.25    1.32      14.34   14.34    0.00   -5.43      1.748   1.748   0.000
  15 2371.9   7/2-   1/2  35   -0.04    5.59    5.59    0.86    0.68      11.18   11.18   -0.00   -1.97      1.363   1.363  -0.000
  
  16 2504.7  11/2-  -7/2  31   -2.67    6.65    6.65   11.50    2.50      15.32   15.32   -0.00   -1.78      1.867   1.867  -0.000
  17 2853.8   7/2-  -3/2  36   -0.82    5.73    5.73    1.68    0.49      12.50   12.50   -0.00   -2.24      1.524   1.524  -0.000
  18 2937.8   7/2-   1/2  29    0.20   18.14   18.14    0.58    2.70      15.60   15.60    0.00   -4.68      1.902   1.902   0.000
  19 2978.0   9/2-   1/2  29    0.03   14.31   14.31    0.75    2.59      14.18   14.18   -0.00   -3.10      1.729   1.729  -0.000
  20 3276.1   1/2-   1/2  27    0.50    8.01    8.01    0.25    0.62       7.97    7.97    0.00   -3.94      0.972   0.972   0.000
  
  21 3438.2   9/2-  -3/2  36   -0.61    5.85    5.85    1.66    0.86      14.80   14.80   -0.00   -1.67      1.805   1.805  -0.000
  22 3532.6   5/2-  -3/2  32   -1.06   16.89   16.89    1.92    0.78      19.92   19.92   -0.00   -5.29      2.429   2.429  -0.000
  23 3557.4  11/2-   5/2  30    1.95    6.25    6.25    6.35    1.14      20.48   20.48   -0.00   -1.88      2.497   2.497  -0.000
  24 3809.4   9/2-  -7/2  34   -1.19   21.30   21.30   12.97    4.72      16.68   16.68    0.00   -5.56      2.034   2.034   0.000
  25 3894.7  13/2-  -7/2  31   -2.53    6.71    6.71   11.39    2.30      20.70   20.70   -0.00   -1.36      2.524   2.524  -0.000
  
  26 3945.9  11/2-  -7/2  34   -0.35   19.78   19.78    7.17    3.97      17.50   17.50    0.00   -3.89      2.134   2.134   0.000
  27 4147.8  11/2-   1/2  29   -0.31   19.65   19.65    7.03    3.77      18.50   18.50    0.00   -3.91      2.256   2.256   0.000
  28 4588.6  13/2-  -7/2  34   -0.45   19.54   19.54   10.67    4.31      19.12   19.12    0.00   -3.17      2.331   2.331   0.000
  29 4710.0  13/2-   1/2  29   -0.11   15.90   15.90    3.88    3.13      20.33   20.33    0.00   -2.16      2.479   2.479   0.000
  30 5102.8  13/2-   5/2  30    1.80    6.23    6.23    6.04    1.04      26.37   26.37   -0.00   -1.55      3.215   3.215  -0.000
  
  31 5279.1   1/2-   1/2  26    0.50   15.88   15.88    0.25   -1.27      17.48   17.48   -0.00   -5.60      2.131   2.131  -0.000
  32*******   1/2-  -3/2  32    0.00    0.00    0.00    0.00    0.00       0.00    0.00    0.00   -0.00      0.000   0.000   0.000
