1SPECTRUM OF (Z= 82 A=207) IN PARTICLE-ROTOR  MODEL WITH MODIFIED OSCILLATOR POTENTIAL


 PARITY=-   EPS= 0.696   GAMMA=  0.0   EPS4=0.000   EPS6=0.000   LEVELS:  24  25  26  27  28  29  30  31  32  33  34  35  36  37  38

 PAIRING FACTORS: GN0= 19.20  GN1=  7.40  IPAIR= 15 ***  E2PLUS(INPUT)=   0.730  E2PLUR(INPUT)=   0.000

 CORIOLIS ATTENUATION PARAMETERS:  CHSI=1.000  ETA=  1.00

 MOMENT OF INERTIA PARAMETERS:   A1=  0.122 MEV   A2=  0.122 MEV   A3=121.91922 MEV


 DELTA=0.802 MEV  LAMBDA=53.8903 MEV   HW0= 7.9386 MEV   LAMBDA/HW0= 6.7884

 E2ENERGY=0.730 MEV  HBAR**2/B=89820./A**(7/3)=******/A**2 MEV

 IREC=0  =>  RECOIL TERMS j+j-, j+j+, jzjz, ETC TREATED AS ONE-BODY OPERATORS WITH UU+VV PAIRING FACTORS



 S. P. LEVEL   EQP       U     V        (UU + VV)**1.00

     24       4.569    0.088 0.996      1.000 1.000 1.000 1.000 0.998 0.972 0.837 0.450 0.407 0.314 0.233 0.219 0.211 0.197 0.168
     25       4.059    0.099 0.995      1.000 1.000 1.000 1.000 0.999 0.975 0.843 0.460 0.417 0.324 0.244 0.230 0.222 0.208 0.180
     26       3.542    0.114 0.993      1.000 1.000 1.000 1.000 0.999 0.978 0.851 0.473 0.431 0.338 0.258 0.244 0.236 0.222 0.194
     27       3.390    0.119 0.993      1.000 1.000 1.000 1.000 1.000 0.979 0.853 0.477 0.435 0.343 0.263 0.249 0.241 0.227 0.199
     28       2.753    0.147 0.989      0.998 0.999 0.999 1.000 1.000 0.984 0.868 0.502 0.461 0.370 0.291 0.276 0.269 0.255 0.227
     29       1.324    0.319 0.948      0.972 0.975 0.978 0.979 0.984 1.000 0.942 0.647 0.610 0.528 0.455 0.442 0.435 0.422 0.395
     30       0.824    0.619 0.785      0.837 0.843 0.851 0.853 0.868 0.942 1.000 0.866 0.841 0.783 0.728 0.717 0.712 0.702 0.681
     31       1.168    0.929 0.369      0.450 0.460 0.473 0.477 0.502 0.647 0.866 1.000 0.999 0.989 0.973 0.970 0.968 0.964 0.956
     32       1.304    0.946 0.325      0.407 0.417 0.431 0.435 0.461 0.610 0.841 0.999 1.000 0.995 0.983 0.980 0.979 0.976 0.969
     33       1.800    0.973 0.229      0.314 0.324 0.338 0.343 0.370 0.528 0.783 0.989 0.995 1.000 0.996 0.995 0.994 0.993 0.989
     34       2.765    0.989 0.147      0.233 0.244 0.258 0.263 0.291 0.455 0.728 0.973 0.983 0.996 1.000 1.000 1.000 0.999 0.998
     35       3.066    0.991 0.132      0.219 0.230 0.244 0.249 0.276 0.442 0.717 0.970 0.980 0.995 1.000 1.000 1.000 1.000 0.999
     36       3.254    0.992 0.124      0.211 0.222 0.236 0.241 0.269 0.435 0.712 0.968 0.979 0.994 1.000 1.000 1.000 1.000 0.999
     37       3.668    0.994 0.110      0.197 0.208 0.222 0.227 0.255 0.422 0.702 0.964 0.976 0.993 0.999 1.000 1.000 1.000 1.000
     38       4.961    0.997 0.081      0.168 0.180 0.194 0.199 0.227 0.395 0.681 0.956 0.969 0.989 0.998 0.999 0.999 1.000 1.000

  R CORE   ENERGY   A0R/A00=1.000    R3= 0     2  
   2( 1)    0.732                    1.000 0.000
   2( 2)  487.921                    0.000 1.000

  R CORE   ENERGY   A0R/A00=1.000    R3= 0     2  
   3( 1)  488.652                    0.000 1.000

  R CORE   ENERGY   A0R/A00=1.000    R3= 0     2     4  
   4( 1)    2.438                    1.000 0.000 0.000

  R CORE   ENERGY   A0R/A00=1.000    R3= 0     2     4  
   5( 1)  490.847                    0.000 1.000 0.000

  R CORE   ENERGY   A0R/A00=1.000    R3= 0     2     4     6  
   6( 1)    5.121                    1.000 0.000 0.000 0.000

  R CORE   ENERGY   A0R/A00=1.000    R3= 0     2     4     6  
   7( 1)  494.017                    0.000 1.000 0.000 0.000

          AXIAL SYMMETRY => K RESTRICTED TO OMEGA

                     K
     S.P. ORB#: 24 -1.50
     S.P. ORB#: 25  2.50
     S.P. ORB#: 26  2.50
     S.P. ORB#: 27  0.50
     S.P. ORB#: 28  4.50
     S.P. ORB#: 29  0.50
     S.P. ORB#: 30 -1.50
     S.P. ORB#: 31 -3.50
     S.P. ORB#: 32  2.50
     S.P. ORB#: 33 -3.50
     S.P. ORB#: 34 -5.50
     S.P. ORB#: 35  0.50
     S.P. ORB#: 36 -1.50
     S.P. ORB#: 37 -1.50
     S.P. ORB#: 38  0.50
 

             ENERGY    K= OMEGA
 
 I=  1/2- (1)  4.586  27:-0.110
                      35:-0.994
 
 I=  1/2- (2)  5.393  27: 0.994
                      35:-0.110
 
 I=  1/2- (3)  5.635  29: 0.994
                      38: 0.107
 
 I=  1/2- (4)  9.080  29: 0.107
                      38:-0.994
 
 I=  1/2- (5)147.127  30: 1.000

             ENERGY    K= OMEGA
 
 I=  3/2- (1)  4.652  24: 0.050
                      35:-0.849
                      36:-0.524
 
 I=  3/2- (2)  4.876  27:-0.198
                      35: 0.505
                      36:-0.839

             ENERGY    K= OMEGA
 
 I=  5/2- (1)  3.121  24: 0.088
                      32: 0.993
                      36: 0.071
 
 I=  5/2- (2)  5.221  25: 0.066
                      27:-0.328
                      32:-0.060
                      35:-0.497
                      36: 0.798
 
 I=  5/2- (3)  5.411  26:-0.107
                      29: 0.193
                      30:-0.951
                      37:-0.075
                      38: 0.203
 
 I=  5/2- (4)  5.803  25: 0.071
                      27: 0.137
                      35: 0.815
                      36: 0.556
 
 I=  5/2- (5)  6.266  24:-0.242
                      25: 0.184
                      27: 0.895
                      35:-0.275
                      36: 0.175

             ENERGY    K= OMEGA
 
 I=  7/2- (1)  3.671  24: 0.074
                      25: 0.088
                      32:-0.532
                      33:-0.837
 
 I=  7/2- (2)  4.008  24:-0.113
                      25: 0.067
                      32: 0.829
                      33:-0.535
                      36:-0.098
 
 I=  7/2- (3)  5.848  24: 0.113
                      25: 0.062
                      27: 0.093
                      35:-0.870
                      36:-0.466
 
 I=  7/2- (4)  6.096  26:-0.232
                      30: 0.900
                      31:-0.308
                      38: 0.203
 
 I=  7/2- (5)  6.305  25: 0.103
                      27:-0.346
                      32:-0.108
                      35: 0.412
                      36:-0.828

             ENERGY    K= OMEGA
 
 I=  9/2- (1)  4.623  24:-0.106
                      25: 0.123
                      28:-0.132
                      32:-0.584
                      33: 0.782
                      36:-0.063
 
 I=  9/2- (2)  5.072  24: 0.126
                      25: 0.084
                      28:-0.492
                      32: 0.711
                      33: 0.463
                      36: 0.117
 
 I=  9/2- (3)  5.197  24:-0.055
                      25:-0.072
                      28:-0.861
                      32:-0.317
                      33:-0.383
                      36:-0.059
 
 I=  9/2- (4)  6.770  26: 0.288
                      29:-0.215
                      30: 0.811
                      31:-0.365
                      37: 0.055
                      38:-0.277
 
 I=  9/2- (5)  6.905  25: 0.088
                      27:-0.461
                      32:-0.126
                      35:-0.496
                      36: 0.717

             ENERGY    K= OMEGA
 
 I= 11/2- (1)  4.045  28: 0.155
                      34: 0.988
 
 I= 11/2- (2)  5.817  24:-0.136
                      25:-0.150
                      28: 0.131
                      32: 0.613
                      33: 0.748
                      36:-0.075
 
 I= 11/2- (3)  6.386  24:-0.153
                      25: 0.121
                      28:-0.399
                      32: 0.706
                      33:-0.526
                      34: 0.067
                      36:-0.145
 
 I= 11/2- (4)  6.608  25:-0.085
                      28:-0.894
                      32:-0.225
                      33: 0.344
                      34: 0.137
                      36: 0.058
 
 I= 11/2- (5)  7.817  26: 0.379
                      29: 0.261
                      30:-0.678
                      31: 0.497
                      37: 0.127
                      38:-0.256

             ENERGY    K= OMEGA
 
 I= 13/2- (1)  5.562  28: 0.221
                      34:-0.975
 
 I= 13/2- (2)  7.247  24: 0.165
                      25:-0.171
                      28: 0.119
                      32: 0.633
                      33:-0.719
                      36: 0.091
 
 I= 13/2- (3)  7.924  24: 0.172
                      25: 0.157
                      27:-0.084
                      28:-0.325
                      32: 0.681
                      33: 0.572
                      34:-0.083
                      36: 0.185
 
 I= 13/2- (4)  8.264  25: 0.093
                      28: 0.912
                      32: 0.158
                      33: 0.298
                      34: 0.201
                      36: 0.063
 
 I= 13/2- (5)  8.916  26: 0.392
                      29:-0.193
                      30: 0.706
                      31:-0.468
                      38:-0.302

             ENERGY     K= 1/2
  32 LEVELS    TIME=  0.0 SEC



 ******************* EXCITATION ENERGIES, DOMINANT CONFIGURATION AND EXPECTATION VALUES (WITH S.P. UU+VV FACTORS) *******************

  NR  Eex(keV)  I   Kdom  NY    <Jz>  <Jx**2> <Jy**2> <Jz**2> <I.j>/|I|  <Rx**2> <Ry**2> <Rz**2> <R.j>/|R|  <HROTx> <HROTy> <HROTz>

   1    0.0   5/2-   5/2  32    2.45    6.41    6.41    6.20    2.22       7.31    7.31   -0.00   -3.25      0.891   0.891  -0.000
   2  550.4   7/2-  -7/2  33   -1.74    6.52    6.52   10.43    2.90       8.10    8.10    0.00   -2.97      0.988   0.988   0.000
   3  887.0   7/2-   5/2  32    0.69    6.46    6.46    7.88    2.03      10.21   10.21    0.00   -2.82      1.244   1.244   0.000
   4  924.2  11/2- -11/2  34   -5.26    2.87    2.87   30.01    5.10       5.25    5.25    0.00   -1.62      0.640   0.640   0.000
   5 1465.2   1/2-   1/2  35    0.50    5.75    5.75    0.25    0.04       6.22    6.22    0.00   -3.32      0.758   0.758   0.000
  
   6 1501.4   9/2-  -7/2  33   -1.19    6.57    6.57   10.09    2.43      11.91   11.91    0.00   -2.29      1.452   1.452   0.000
   7 1531.2   3/2-   1/2  35   -0.05    5.74    5.74    0.80    0.90       6.27    6.27    0.00   -2.98      0.765   0.765   0.000
   8 1755.0   3/2-  -3/2  36   -0.91    5.85    5.85    1.66    0.90       6.82    6.82    0.00   -3.15      0.832   0.832   0.000
   9 1950.9   9/2-   5/2  32    1.58    6.76    6.76   10.79    2.28      13.16   13.16   -0.00   -2.52      1.605   1.605  -0.000
  10 2075.7   9/2-   9/2  28    3.07    7.33    7.33   17.47    3.48      11.13   11.13   -0.00   -3.14      1.358   1.358  -0.000
  
  11 2100.3   5/2-  -3/2  36   -0.76    6.02    6.02    1.57    1.00       8.21    8.21    0.00   -2.63      1.001   1.001   0.000
  12 2271.8   1/2-   1/2  27    0.50    8.20    8.20    0.25    0.55       8.23    8.23    0.00   -3.99      1.003   1.003   0.000
  13 2290.2   5/2-  -3/2  30   -1.30   16.53   16.53    2.14    1.40      17.84   17.84   -0.00   -5.20      2.176   2.176  -0.000
  14 2440.9  13/2- -11/2  34   -5.01    2.99    2.99   29.75    4.41      11.48   11.48    0.00   -1.04      1.399   1.399   0.000
  15 2513.5   1/2-   1/2  29    0.50   16.92   16.92    0.25   -0.10      17.51   17.51    0.00   -5.78      2.134   2.134   0.000
  
  16 2682.1   5/2-   1/2  35   -0.11    5.80    5.80    0.91   -0.11      10.95   10.95    0.00   -2.74      1.334   1.334   0.000
  17 2695.5  11/2-  -7/2  33   -0.93    6.61    6.61    9.76    2.12      16.71   16.71    0.00   -1.79      2.037   2.037   0.000
  18 2727.2   7/2-   1/2  35    0.05    5.79    5.79    0.74    0.73      11.14   11.14    0.00   -2.00      1.359   1.359   0.000
  19 2974.7   7/2-  -3/2  30   -1.39   17.31   17.31    3.33    1.68      20.19   20.19   -0.00   -4.92      2.461   2.461  -0.000
  20 3144.9   5/2-   1/2  27    0.39    8.03    8.03    0.63    0.40      11.54   11.54   -0.00   -3.23      1.407   1.407  -0.000
  
  21 3183.5   7/2-  -3/2  36   -0.83    6.11    6.11    1.77    0.57      12.62   12.62    0.00   -2.34      1.539   1.539   0.000
  22 3264.6  11/2-   5/2  32    0.94    6.68    6.68   10.06    1.83      18.64   18.64   -0.00   -2.04      2.273   2.273  -0.000
  23 3487.4  11/2-   9/2  28    3.22    7.33    7.33   18.58    3.01      16.51   16.51   -0.00   -2.66      2.013   2.013  -0.000
  24 3649.3   9/2-  -3/2  30   -1.19   17.52   17.52    3.67    1.99      21.84   21.84   -0.00   -4.36      2.663   2.663  -0.000
  25 3784.0   9/2-  -3/2  36   -0.49    6.30    6.30    1.44    0.85      15.15   15.15    0.00   -1.78      1.847   1.847   0.000
  
  26 4126.0  13/2-  -7/2  33   -0.73    6.64    6.64    9.44    1.90      22.45   22.45    0.00   -1.41      2.737   2.737   0.000
  27 4695.5  11/2-  -3/2  30   -1.15   18.76   18.76    5.03    2.32      25.29   25.29   -0.00   -4.03      3.084   3.084  -0.000
  28 4803.0  13/2-   5/2  32    0.42    6.65    6.65    9.56    1.58      24.80   24.80    0.00   -1.68      3.024   3.024   0.000
  29 5143.4  13/2-   9/2  28    3.28    7.29    7.29   19.36    2.62      23.03   23.03   -0.00   -2.30      2.808   2.808  -0.000
  30 5794.9  13/2-  -3/2  30   -1.07   18.30   18.30    4.80    2.22      29.54   29.54   -0.00   -3.36      3.601   3.601  -0.000
  
  31 5958.7   1/2-   1/2  38    0.50   16.85   16.85    0.25    0.33      17.06   17.06    0.00   -5.76      2.080   2.080   0.000
  32*******   1/2-  -3/2  30    0.00    0.00    0.00    0.00   -0.00       0.00    0.00    0.00   -0.00      0.000   0.000   0.000
