1SPECTRUM OF (Z= 82 A=207) IN PARTICLE-ROTOR  MODEL WITH MODIFIED OSCILLATOR POTENTIAL


 PARITY=-   EPS= 0.522   GAMMA=  0.0   EPS4=0.000   EPS6=0.000   LEVELS:  24  25  26  27  28  29  30  31  32  33  34  35  36  37  38

 PAIRING FACTORS: GN0= 19.20  GN1=  7.40  IPAIR= 15 ***  E2PLUS(INPUT)=   0.730  E2PLUR(INPUT)=   0.000

 CORIOLIS ATTENUATION PARAMETERS:  CHSI=1.000  ETA=  1.00

 MOMENT OF INERTIA PARAMETERS:   A1=  0.122 MEV   A2=  0.122 MEV   A3=121.91924 MEV


 DELTA=0.844 MEV  LAMBDA=53.3928 MEV   HW0= 7.6797 MEV   LAMBDA/HW0= 6.9525

 E2ENERGY=0.730 MEV  HBAR**2/B=50524./A**(7/3)=8540.9/A**2 MEV

 IREC=0  =>  RECOIL TERMS j+j-, j+j+, jzjz, ETC TREATED AS ONE-BODY OPERATORS WITH UU+VV PAIRING FACTORS



 S. P. LEVEL   EQP       U     V        (UU + VV)**1.00

     24       4.647    0.091 0.996      1.000 1.000 1.000 0.987 0.986 0.973 0.971 0.912 0.456 0.411 0.361 0.352 0.280 0.219 0.200
     25       4.063    0.104 0.995      1.000 1.000 1.000 0.989 0.988 0.976 0.974 0.918 0.468 0.423 0.373 0.364 0.293 0.232 0.213
     26       3.925    0.108 0.994      1.000 1.000 1.000 0.989 0.988 0.976 0.975 0.919 0.471 0.426 0.376 0.367 0.297 0.236 0.216
     27       1.729    0.252 0.968      0.987 0.989 0.989 1.000 1.000 0.997 0.997 0.967 0.595 0.554 0.508 0.499 0.433 0.375 0.357
     28       1.690    0.258 0.966      0.986 0.988 0.988 1.000 1.000 0.998 0.997 0.968 0.600 0.559 0.513 0.505 0.439 0.381 0.363
     29       1.392    0.320 0.947      0.973 0.976 0.976 0.997 0.998 1.000 1.000 0.983 0.650 0.611 0.567 0.559 0.495 0.440 0.422
     30       1.360    0.328 0.945      0.971 0.974 0.975 0.997 0.997 1.000 1.000 0.984 0.657 0.618 0.575 0.567 0.503 0.448 0.430
     31       0.986    0.491 0.871      0.912 0.918 0.919 0.967 0.968 0.983 0.984 1.000 0.780 0.748 0.711 0.704 0.649 0.599 0.583
     32       1.219    0.928 0.373      0.456 0.468 0.471 0.595 0.600 0.650 0.657 0.780 1.000 0.999 0.995 0.993 0.982 0.968 0.963
     33       1.369    0.945 0.326      0.411 0.423 0.426 0.554 0.559 0.611 0.618 0.748 0.999 1.000 0.999 0.998 0.990 0.980 0.975
     34       1.600    0.962 0.274      0.361 0.373 0.376 0.508 0.513 0.567 0.575 0.711 0.995 0.999 1.000 1.000 0.996 0.989 0.986
     35       1.652    0.964 0.265      0.352 0.364 0.367 0.499 0.505 0.559 0.567 0.704 0.993 0.998 1.000 1.000 0.997 0.990 0.988
     36       2.243    0.981 0.192      0.280 0.293 0.297 0.433 0.439 0.495 0.503 0.649 0.982 0.990 0.996 0.997 1.000 0.998 0.997
     37       3.293    0.992 0.129      0.219 0.232 0.236 0.375 0.381 0.440 0.448 0.599 0.968 0.980 0.989 0.990 0.998 1.000 1.000
     38       3.872    0.994 0.110      0.200 0.213 0.216 0.357 0.363 0.422 0.430 0.583 0.963 0.975 0.986 0.988 0.997 1.000 1.000

  R CORE   ENERGY   A0R/A00=1.000    R3= 0     2  
   2( 1)    0.732                    1.000 0.000
   2( 2)  487.921                    0.000 1.000

  R CORE   ENERGY   A0R/A00=1.000    R3= 0     2  
   3( 1)  488.652                    0.000 1.000

  R CORE   ENERGY   A0R/A00=1.000    R3= 0     2     4  
   4( 1)    2.438                    1.000 0.000 0.000

  R CORE   ENERGY   A0R/A00=1.000    R3= 0     2     4  
   5( 1)  490.847                    0.000 1.000 0.000

  R CORE   ENERGY   A0R/A00=1.000    R3= 0     2     4     6  
   6( 1)    5.121                    1.000 0.000 0.000 0.000

  R CORE   ENERGY   A0R/A00=1.000    R3= 0     2     4     6  
   7( 1)  494.017                    0.000 1.000 0.000 0.000

          AXIAL SYMMETRY => K RESTRICTED TO OMEGA

                     K
     S.P. ORB#: 24  2.50
     S.P. ORB#: 25 -1.50
     S.P. ORB#: 26  0.50
     S.P. ORB#: 27  0.50
     S.P. ORB#: 28  2.50
     S.P. ORB#: 29  2.50
     S.P. ORB#: 30 -5.50
     S.P. ORB#: 31 -3.50
     S.P. ORB#: 32  0.50
     S.P. ORB#: 33 -1.50
     S.P. ORB#: 34  0.50
     S.P. ORB#: 35 -3.50
     S.P. ORB#: 36 -1.50
     S.P. ORB#: 37 -3.50
     S.P. ORB#: 38  4.50
 

             ENERGY    K= OMEGA
 
 I=  1/2- (1)  2.634  32: 0.999
 
 I=  1/2- (2)  4.814  27: 0.825
                      34:-0.565
 
 I=  1/2- (3)  5.771  26: 0.999
 
 I=  1/2- (4)  6.115  27: 0.565
                      34: 0.825
 
 I=  1/2- (5)147.672  33: 1.000

             ENERGY    K= OMEGA
 
 I=  3/2- (1)  2.698  32:-0.762
                      33: 0.647
 
 I=  3/2- (2)  2.941  26:-0.121
                      32:-0.641
                      33:-0.758

             ENERGY    K= OMEGA
 
 I=  5/2- (1)  3.134  24: 0.055
                      26:-0.115
                      29: 0.732
                      32: 0.319
                      33: 0.588
 
 I=  5/2- (2)  3.282  26:-0.135
                      29:-0.676
                      32: 0.439
                      33: 0.577
 
 I=  5/2- (3)  3.865  29: 0.076
                      32: 0.829
                      33:-0.552
 
 I=  5/2- (4)  5.165  25:-0.109
                      27: 0.768
                      28: 0.105
                      34:-0.563
                      36:-0.266
 
 I=  5/2- (5)  6.577  25: 0.453
                      27:-0.074
                      28:-0.815
                      34:-0.353

             ENERGY    K= OMEGA
 
 I=  7/2- (1)  2.705  24:-0.207
                      29: 0.107
                      31: 0.972
 
 I=  7/2- (2)  3.721  24: 0.060
                      29: 0.748
                      32: 0.205
                      33:-0.312
                      37:-0.544
 
 I=  7/2- (3)  3.926  29: 0.228
                      32:-0.782
                      33: 0.509
                      37:-0.270
 
 I=  7/2- (4)  4.359  24:-0.058
                      26: 0.215
                      29:-0.070
                      32: 0.555
                      33: 0.733
                      37:-0.318
 
 I=  7/2- (5)  4.618  26:-0.067
                      29:-0.609
                      31: 0.086
                      32:-0.105
                      33:-0.275
                      37:-0.728

             ENERGY    K= OMEGA
 
 I=  9/2- (1)  3.286  24: 0.263
                      29:-0.126
                      31: 0.894
                      38:-0.337
 
 I=  9/2- (2)  4.589  24: 0.097
                      26:-0.123
                      29: 0.668
                      31: 0.103
                      32: 0.212
                      33: 0.399
                      37: 0.550
                      38: 0.105
 
 I=  9/2- (3)  4.881  26: 0.256
                      29: 0.279
                      31: 0.109
                      32:-0.510
                      33:-0.667
                      37: 0.373
 
 I=  9/2- (4)  5.162  24: 0.108
                      29:-0.295
                      31: 0.270
                      37: 0.103
                      38: 0.904
 
 I=  9/2- (5)  5.881  25: 0.431
                      27:-0.474
                      28:-0.609
                      34: 0.216
                      35: 0.360
                      36: 0.206

             ENERGY    K= OMEGA
 
 I= 11/2- (1)  2.700  30:-1.000
 
 I= 11/2- (2)  4.149  24:-0.304
                      29: 0.135
                      31: 0.859
                      37:-0.057
                      38: 0.380
 
 I= 11/2- (3)  5.764  24: 0.116
                      29: 0.683
                      31:-0.128
                      32: 0.181
                      33:-0.311
                      37:-0.603
                      38: 0.095
 
 I= 11/2- (4)  6.029  25:-0.476
                      27:-0.484
                      28:-0.591
                      34:-0.237
                      35:-0.315
                      36:-0.185
 
 I= 11/2- (5)  6.124  26: 0.077
                      29:-0.187
                      31: 0.080
                      32: 0.816
                      33:-0.470
                      37: 0.257

             ENERGY    K= OMEGA
 
 I= 13/2- (1)  4.282  30: 0.999
 
 I= 13/2- (2)  5.266  24: 0.337
                      29:-0.138
                      31: 0.838
                      33: 0.060
                      37:-0.069
                      38:-0.393
 
 I= 13/2- (3)  6.975  25:-0.509
                      27: 0.322
                      28: 0.680
                      34:-0.082
                      35:-0.380
                      36:-0.155
 
 I= 13/2- (4)  7.101  24: 0.126
                      26:-0.210
                      29: 0.585
                      31: 0.089
                      32: 0.294
                      33: 0.493
                      37: 0.502
                      38: 0.097
 
 I= 13/2- (5)  7.472  26: 0.301
                      29: 0.388
                      31: 0.142
                      32:-0.470
                      33:-0.553
                      37: 0.460

             ENERGY     K= 9/2
  32 LEVELS    TIME=  0.0 SEC



 ******************* EXCITATION ENERGIES, DOMINANT CONFIGURATION AND EXPECTATION VALUES (WITH S.P. UU+VV FACTORS) *******************

  NR  Eex(keV)  I   Kdom  NY    <Jz>  <Jx**2> <Jy**2> <Jz**2> <I.j>/|I|  <Rx**2> <Ry**2> <Rz**2> <R.j>/|R|  <HROTx> <HROTy> <HROTz>

   1    0.0   1/2-   1/2  32    0.50    5.35    5.35    0.25    0.08       5.79    5.79    0.00   -3.20      0.705   0.705   0.000
   2   63.9   3/2-   1/2  32   -0.34    5.35    5.35    1.09    1.01       5.80    5.80    0.00   -2.88      0.707   0.707   0.000
   3   65.8  11/2- -11/2  30   -5.49    2.75    2.75   30.24    5.06       5.49    5.49    0.00   -1.66      0.669   0.669   0.000
   4   70.8   7/2-  -7/2  31   -3.17    6.49    6.49   11.91    3.51       6.38    6.38    0.00   -3.06      0.778   0.778   0.000
   5  307.2   3/2-  -3/2  33   -0.65    5.37    5.37    1.40    0.72       6.55    6.55   -0.00   -2.97      0.798   0.798  -0.000
  
   6  499.7   5/2-   5/2  29    0.89    5.82    5.82    4.18    1.76       7.07    7.07    0.00   -2.82      0.862   0.862   0.000
   7  648.4   5/2-   5/2  29    0.75    5.80    5.80    3.65    1.45       7.73    7.73   -0.00   -2.79      0.943   0.943  -0.000
   8  651.7   9/2-  -7/2  31   -2.08    6.14    6.14   12.63    3.58       7.01    7.01    0.00   -1.89      0.854   0.854   0.000
   9 1087.3   7/2-   5/2  29    0.24    4.87    4.87    7.39    2.32       7.24    7.24    0.00   -2.08      0.883   0.883   0.000
  10 1230.7   5/2-   1/2  32   -0.10    5.37    5.37    0.90   -0.15      10.62   10.62    0.00   -2.62      1.295   1.295   0.000
  
  11 1292.5   7/2-   1/2  32   -0.21    5.16    5.16    1.98    0.95      10.26   10.26    0.00   -1.88      1.251   1.251   0.000
  12 1515.1  11/2-  -7/2  31   -1.68    6.08    6.08   12.72    3.43       9.80    9.80    0.00   -0.99      1.195   1.195   0.000
  13 1647.9  13/2- -11/2  30   -5.48    2.75    2.75   30.21    4.34      11.96   11.96    0.00   -1.11      1.458   1.458   0.000
  14 1725.5   7/2-  -3/2  33   -0.96    5.13    5.13    2.59    0.80      11.13   11.13    0.00   -2.05      1.357   1.357   0.000
  15 1954.8   9/2-   5/2  29   -0.12    4.74    4.74    7.29    2.08      10.42   10.42    0.00   -1.41      1.270   1.270   0.000
  
  16 1984.6   7/2-  -7/2  37   -1.06    4.08    4.08    9.08    1.87       9.07    9.07    0.00   -2.30      1.106   1.106   0.000
  17 2180.3   1/2-   1/2  27    0.50   13.38   13.38    0.25    1.23      12.82   12.82    0.00   -5.13      1.563   1.563   0.000
  18 2247.3   9/2-  -3/2  33   -0.83    5.16    5.16    3.44    1.30      12.78   12.78    0.00   -1.44      1.558   1.558   0.000
  19 2528.3   9/2-   9/2  38    3.63    3.08    3.08   18.19    3.52       7.03    7.03    0.00   -1.82      0.857   0.857   0.000
  20 2531.1   5/2-   1/2  27    0.36   13.97   13.97    0.48    1.55      14.00   14.00    0.00   -4.50      1.706   1.706   0.000
  
  21 2632.4  13/2-  -7/2  31   -1.46    6.09    6.09   12.68    3.28      13.93   13.93    0.00   -0.38      1.698   1.698   0.000
  22 3129.9  11/2-   5/2  29   -0.22    4.53    4.53    8.07    1.93      14.87   14.87    0.00   -1.02      1.813   1.813   0.000
  23 3137.4   1/2-   1/2  26    0.50    7.66    7.66    0.25    0.66       7.59    7.59   -0.00   -3.85      0.925   0.925  -0.000
  24 3247.4   9/2-   5/2  28    0.27   19.88   19.88    4.48    3.86      15.29   15.29    0.00   -4.53      1.864   1.864   0.000
  25 3394.9  11/2-   5/2  28    0.28   20.32   20.32    4.06    4.13      15.51   15.51    0.00   -3.59      1.891   1.891   0.000
  
  26 3481.3   1/2-   1/2  34    0.50   16.91   16.91    0.25   -1.08      18.35   18.35    0.00   -5.78      2.237   2.237   0.000
  27 3490.6  11/2-   1/2  32   -0.16    5.17    5.17    1.77    0.77      19.34   19.34    0.00   -1.21      2.357   2.357   0.000
  28 3942.7   5/2-   5/2  28    1.42   21.68   21.68    4.65    3.48      18.09   18.09    0.00   -6.27      2.205   2.205   0.000
  29 4340.9  13/2-   5/2  28    0.28   21.37   21.37    5.32    4.20      19.10   19.10    0.00   -3.03      2.329   2.329   0.000
  30 4467.3  13/2-   5/2  29   -0.27    4.91    4.91    6.18    1.66      20.78   20.78    0.00   -0.68      2.534   2.534   0.000
  
  31 4838.4  13/2-  -3/2  33   -0.74    5.04    5.04    4.55    1.31      22.55   22.55    0.00   -0.82      2.750   2.750   0.000
  32*******   1/2-  -3/2  33    0.00    0.00    0.00    0.00   -0.00       0.00    0.00   -0.00   -0.00      0.000   0.000  -0.000
