1SPECTRUM OF (Z= 82 A=207) IN PARTICLE-ROTOR  MODEL WITH MODIFIED OSCILLATOR POTENTIAL


 PARITY=-   EPS= 0.677   GAMMA=  0.0   EPS4=0.000   EPS6=0.000   LEVELS:  24  25  26  27  28  29  30  31  32  33  34  35  36  37  38

 PAIRING FACTORS: GN0= 19.20  GN1=  7.40  IPAIR= 15 ***  E2PLUS(INPUT)=   0.730  E2PLUR(INPUT)=   0.000

 CORIOLIS ATTENUATION PARAMETERS:  CHSI=1.000  ETA=  1.00

 MOMENT OF INERTIA PARAMETERS:   A1=  0.122 MEV   A2=  0.122 MEV   A3=121.91923 MEV


 DELTA=0.829 MEV  LAMBDA=53.8567 MEV   HW0= 7.9041 MEV   LAMBDA/HW0= 6.8138

 E2ENERGY=0.730 MEV  HBAR**2/B=84983./A**(7/3)=******/A**2 MEV

 IREC=0  =>  RECOIL TERMS j+j-, j+j+, jzjz, ETC TREATED AS ONE-BODY OPERATORS WITH UU+VV PAIRING FACTORS



 S. P. LEVEL   EQP       U     V        (UU + VV)**1.00

     24       4.699    0.089 0.996      1.000 1.000 1.000 0.999 0.999 0.956 0.763 0.492 0.456 0.362 0.268 0.237 0.228 0.200 0.171
     25       4.186    0.100 0.995      1.000 1.000 1.000 1.000 0.999 0.959 0.770 0.501 0.466 0.372 0.279 0.248 0.239 0.211 0.182
     26       3.513    0.119 0.993      1.000 1.000 1.000 1.000 1.000 0.964 0.782 0.518 0.483 0.390 0.297 0.267 0.257 0.230 0.201
     27       3.381    0.124 0.992      0.999 1.000 1.000 1.000 1.000 0.965 0.785 0.522 0.487 0.395 0.302 0.271 0.262 0.234 0.206
     28       3.058    0.137 0.991      0.999 0.999 1.000 1.000 1.000 0.969 0.793 0.533 0.499 0.407 0.315 0.284 0.275 0.247 0.219
     29       1.185    0.378 0.926      0.956 0.959 0.964 0.965 0.969 1.000 0.919 0.726 0.698 0.620 0.540 0.513 0.504 0.480 0.454
     30       0.829    0.712 0.702      0.763 0.770 0.782 0.785 0.793 0.919 1.000 0.938 0.923 0.879 0.828 0.809 0.804 0.786 0.768
     31       1.103    0.911 0.413      0.492 0.501 0.518 0.522 0.533 0.726 0.938 1.000 0.999 0.990 0.971 0.963 0.960 0.952 0.942
     32       1.192    0.927 0.375      0.456 0.466 0.483 0.487 0.499 0.698 0.923 0.999 1.000 0.995 0.980 0.973 0.970 0.963 0.955
     33       1.552    0.961 0.278      0.362 0.372 0.390 0.395 0.407 0.620 0.879 0.990 0.995 1.000 0.995 0.991 0.990 0.986 0.980
     34       2.319    0.983 0.182      0.268 0.279 0.297 0.302 0.315 0.540 0.828 0.971 0.980 0.995 1.000 0.999 0.999 0.998 0.995
     35       2.790    0.989 0.150      0.237 0.248 0.267 0.271 0.284 0.513 0.809 0.963 0.973 0.991 0.999 1.000 1.000 0.999 0.998
     36       2.976    0.990 0.141      0.228 0.239 0.257 0.262 0.275 0.504 0.804 0.960 0.970 0.990 0.999 1.000 1.000 1.000 0.998
     37       3.711    0.994 0.112      0.200 0.211 0.230 0.234 0.247 0.480 0.786 0.952 0.963 0.986 0.998 0.999 1.000 1.000 1.000
     38       5.003    0.997 0.083      0.171 0.182 0.201 0.206 0.219 0.454 0.768 0.942 0.955 0.980 0.995 0.998 0.998 1.000 1.000

  R CORE   ENERGY   A0R/A00=1.000    R3= 0     2  
   2( 1)    0.732                    1.000 0.000
   2( 2)  487.921                    0.000 1.000

  R CORE   ENERGY   A0R/A00=1.000    R3= 0     2  
   3( 1)  488.652                    0.000 1.000

  R CORE   ENERGY   A0R/A00=1.000    R3= 0     2     4  
   4( 1)    2.438                    1.000 0.000 0.000

  R CORE   ENERGY   A0R/A00=1.000    R3= 0     2     4  
   5( 1)  490.847                    0.000 1.000 0.000

  R CORE   ENERGY   A0R/A00=1.000    R3= 0     2     4     6  
   6( 1)    5.121                    1.000 0.000 0.000 0.000

  R CORE   ENERGY   A0R/A00=1.000    R3= 0     2     4     6  
   7( 1)  494.017                    0.000 1.000 0.000 0.000

          AXIAL SYMMETRY => K RESTRICTED TO OMEGA

                     K
     S.P. ORB#: 24 -1.50
     S.P. ORB#: 25  2.50
     S.P. ORB#: 26  0.50
     S.P. ORB#: 27  2.50
     S.P. ORB#: 28  4.50
     S.P. ORB#: 29  0.50
     S.P. ORB#: 30 -1.50
     S.P. ORB#: 31  2.50
     S.P. ORB#: 32 -3.50
     S.P. ORB#: 33 -3.50
     S.P. ORB#: 34 -5.50
     S.P. ORB#: 35  0.50
     S.P. ORB#: 36 -1.50
     S.P. ORB#: 37 -1.50
     S.P. ORB#: 38  0.50
 

             ENERGY    K= OMEGA
 
 I=  1/2- (1)  4.302  26:-0.077
                      35:-0.997
 
 I=  1/2- (2)  5.472  29: 0.994
                      38: 0.113
 
 I=  1/2- (3)  5.500  26: 0.997
                      35:-0.077
 
 I=  1/2- (4)  9.114  29:-0.113
                      38: 0.994
 
 I=  1/2- (5)147.132  30:-1.000

             ENERGY    K= OMEGA
 
 I=  3/2- (1)  4.367  35:-0.840
                      36:-0.539
 
 I=  3/2- (2)  4.600  26: 0.158
                      35:-0.527
                      36: 0.835

             ENERGY    K= OMEGA
 
 I=  5/2- (1)  2.904  24: 0.099
                      31: 0.993
                      36: 0.070
 
 I=  5/2- (2)  4.952  25: 0.057
                      26:-0.257
                      31:-0.058
                      35:-0.508
                      36: 0.818
 
 I=  5/2- (3)  5.352  27:-0.098
                      29: 0.254
                      30:-0.929
                      37:-0.096
                      38: 0.232
 
 I=  5/2- (4)  5.523  26: 0.085
                      35: 0.834
                      36: 0.540
 
 I=  5/2- (5)  6.353  24: 0.225
                      25:-0.158
                      26:-0.929
                      35: 0.192
                      36:-0.154

             ENERGY    K= OMEGA
 
 I=  7/2- (1)  3.418  24: 0.078
                      25: 0.094
                      31:-0.505
                      33:-0.854
 
 I=  7/2- (2)  3.769  24:-0.129
                      25: 0.067
                      31: 0.843
                      33:-0.508
                      36:-0.098
 
 I=  7/2- (3)  5.564  24: 0.100
                      25: 0.052
                      26: 0.074
                      35:-0.864
                      36:-0.485
 
 I=  7/2- (4)  6.047  27:-0.219
                      29:-0.156
                      30: 0.891
                      32:-0.266
                      38: 0.247
 
 I=  7/2- (5)  6.049  25: 0.085
                      26:-0.290
                      31:-0.106
                      35: 0.447
                      36:-0.832

             ENERGY    K= OMEGA
 
 I=  9/2- (1)  4.360  24: 0.117
                      25:-0.129
                      28: 0.070
                      31: 0.578
                      33:-0.791
                      36: 0.059
 
 I=  9/2- (2)  4.841  24: 0.154
                      25: 0.109
                      28:-0.091
                      31: 0.778
                      33: 0.576
                      36: 0.129
 
 I=  9/2- (3)  5.474  28: 0.993
                      33: 0.108
 
 I=  9/2- (4)  6.650  24: 0.054
                      25:-0.081
                      26: 0.383
                      31: 0.117
                      35: 0.518
                      36:-0.748
 
 I=  9/2- (5)  6.656  27:-0.251
                      29: 0.290
                      30:-0.810
                      32: 0.290
                      37:-0.092
                      38: 0.322

             ENERGY    K= OMEGA
 
 I= 11/2- (1)  3.605  28:-0.130
                      34:-0.992
 
 I= 11/2- (2)  5.538  24:-0.151
                      25:-0.157
                      28: 0.081
                      31: 0.615
                      33: 0.750
                      36:-0.069
 
 I= 11/2- (3)  6.137  24:-0.176
                      25: 0.145
                      28:-0.120
                      31: 0.733
                      33:-0.609
                      36:-0.151
 
 I= 11/2- (4)  6.879  28:-0.981
                      33: 0.135
                      34: 0.127
 
 I= 11/2- (5)  7.668  27:-0.312
                      29:-0.500
                      30: 0.605
                      32:-0.374
                      37:-0.228
                      38: 0.308

             ENERGY    K= OMEGA
 
 I= 13/2- (1)  5.128  28:-0.186
                      34: 0.982
 
 I= 13/2- (2)  6.949  24: 0.182
                      25:-0.178
                      28: 0.081
                      31: 0.637
                      33:-0.716
                      36: 0.084
 
 I= 13/2- (3)  7.655  24:-0.192
                      25:-0.179
                      26: 0.080
                      28: 0.132
                      31:-0.690
                      33:-0.629
                      36:-0.187
 
 I= 13/2- (4)  8.532  25:-0.055
                      28:-0.970
                      33:-0.143
                      34:-0.182
 
 I= 13/2- (5)  8.763  27: 0.347
                      29:-0.269
                      30: 0.724
                      32:-0.389
                      37: 0.069
                      38:-0.357

             ENERGY     K= 1/2
  32 LEVELS    TIME=  0.0 SEC



 ******************* EXCITATION ENERGIES, DOMINANT CONFIGURATION AND EXPECTATION VALUES (WITH S.P. UU+VV FACTORS) *******************

  NR  Eex(keV)  I   Kdom  NY    <Jz>  <Jx**2> <Jy**2> <Jz**2> <I.j>/|I|  <Rx**2> <Ry**2> <Rz**2> <R.j>/|R|  <HROTx> <HROTy> <HROTz>

   1    0.0   5/2-   5/2  31    2.44    6.40    6.40    6.19    2.25       7.20    7.20    0.00   -3.25      0.878   0.878   0.000
   2  514.2   7/2-  -7/2  33   -1.90    6.52    6.52   10.59    2.96       7.94    7.94    0.00   -2.98      0.968   0.968   0.000
   3  701.6  11/2- -11/2  34   -5.33    2.83    2.83   30.08    5.10       5.23    5.23    0.00   -1.62      0.637   0.637   0.000
   4  865.2   7/2-   5/2  31    0.85    6.44    6.44    7.69    2.04      10.08   10.08    0.00   -2.78      1.229   1.229   0.000
   5 1398.4   1/2-   1/2  35    0.50    5.70    5.70    0.25    0.02       6.18    6.18    0.00   -3.31      0.754   0.754   0.000
  
   6 1456.8   9/2-  -7/2  33   -1.32    6.56    6.56   10.01    2.46      11.72   11.72    0.00   -2.25      1.429   1.429   0.000
   7 1463.1   3/2-   1/2  35   -0.08    5.70    5.70    0.83    0.91       6.23    6.23    0.00   -2.97      0.759   0.759   0.000
   8 1696.4   3/2-  -3/2  36   -0.89    5.78    5.78    1.64    0.86       6.81    6.81    0.00   -3.13      0.831   0.831   0.000
   9 1937.3   9/2-   5/2  31    0.36    6.49    6.49    8.19    1.80      14.01   14.01    0.00   -2.31      1.708   1.708   0.000
  10 2048.1   5/2-  -3/2  36   -0.83    5.87    5.87    1.63    0.98       8.15    8.15    0.00   -2.59      0.994   0.994   0.000
  
  11 2224.2  13/2- -11/2  34   -5.15    2.92    2.92   29.90    4.42      11.42   11.42    0.00   -1.03      1.392   1.392   0.000
  12 2448.7   5/2-  -3/2  30   -1.23   16.45   16.45    2.05    1.53      17.33   17.33   -0.00   -5.17      2.113   2.113  -0.000
  13 2568.6   1/2-   1/2  29    0.50   16.86   16.86    0.25   -0.03      17.38   17.38   -0.00   -5.76      2.119   2.119  -0.000
  14 2570.3   9/2-   9/2  28    4.40    7.60    7.60   20.13    4.03       9.98    9.98   -0.00   -3.42      1.217   1.217  -0.000
  15 2595.9   1/2-   1/2  26    0.50    8.17    8.17    0.25    0.58       8.16    8.16   -0.00   -3.98      0.995   0.995  -0.000
  
  16 2618.9   5/2-   1/2  35   -0.08    5.73    5.73    0.86   -0.14      10.95   10.95    0.00   -2.72      1.335   1.335   0.000
  17 2634.4  11/2-  -7/2  33   -0.98    6.61    6.61    9.61    2.15      16.41   16.41    0.00   -1.74      2.000   2.000   0.000
  18 2660.6   7/2-   1/2  35    0.02    5.74    5.74    0.76    0.73      11.09   11.09    0.00   -1.98      1.353   1.353   0.000
  19 3143.3   7/2-  -3/2  30   -1.28   17.31   17.31    2.98    1.76      19.70   19.70    0.00   -4.88      2.401   2.401   0.000
  20 3144.9   7/2-  -3/2  36   -0.86    6.00    6.00    1.76    0.54      12.63   12.63    0.00   -2.32      1.540   1.540   0.000
  
  21 3233.4  11/2-   5/2  31    0.08    6.54    6.54    8.46    1.62      18.92   18.92    0.00   -1.92      2.307   2.307   0.000
  22 3449.8   5/2-   1/2  26    0.40    8.08    8.08    0.55    0.42      11.50   11.50    0.00   -3.23      1.402   1.402   0.000
  23 3746.4   9/2-  -3/2  36   -0.59    6.09    6.09    1.52    0.85      15.01   15.01    0.00   -1.73      1.830   1.830   0.000
  24 3752.3   9/2-  -3/2  30   -1.04   17.10   17.10    2.97    1.98      21.12   21.12    0.00   -4.20      2.574   2.574   0.000
  25 3974.8  11/2-   9/2  28    4.18    7.52    7.52   20.21    3.29      15.83   15.83    0.00   -2.77      1.930   1.930   0.000
  
  26 4045.4  13/2-  -7/2  33   -0.73    6.65    6.65    9.26    1.95      22.01   22.01    0.00   -1.34      2.684   2.684   0.000
  27 4751.1  13/2-   5/2  31   -0.15    6.58    6.58    8.57    1.51      24.72   24.72    0.00   -1.59      3.013   3.013   0.000
  28 4764.1  11/2-  -3/2  30   -0.70   18.42   18.42    3.35    2.30      24.21   24.21    0.00   -3.80      2.952   2.952   0.000
  29 5628.6  13/2-   9/2  28    3.99    7.43    7.43   20.33    2.76      22.67   22.67    0.00   -2.36      2.764   2.764   0.000
  30 5858.9  13/2-  -3/2  30   -0.92   17.73   17.73    3.85    2.19      28.71   28.71    0.00   -3.17      3.500   3.500   0.000
  
  31 6210.8   1/2-   1/2  38    0.50   16.81   16.81    0.25    0.29      17.06   17.06    0.00   -5.76      2.080   2.080   0.000
  32*******   1/2-  -3/2  30    0.00    0.00    0.00    0.00   -0.00       0.00    0.00   -0.00   -0.00      0.000   0.000  -0.000
