1SPECTRUM OF (Z= 82 A=207) IN PARTICLE-ROTOR  MODEL WITH MODIFIED OSCILLATOR POTENTIAL


 PARITY=-   EPS= 0.415   GAMMA=  0.0   EPS4=0.000   EPS6=0.000   LEVELS:  24  25  26  27  28  29  30  31  32  33  34  35  36  37  38

 PAIRING FACTORS: GN0= 19.20  GN1=  7.40  IPAIR= 15 ***  E2PLUS(INPUT)=   0.730  E2PLUR(INPUT)=   0.000

 CORIOLIS ATTENUATION PARAMETERS:  CHSI=1.000  ETA=  1.00

 MOMENT OF INERTIA PARAMETERS:   A1=  0.122 MEV   A2=  0.122 MEV   A3=121.91923 MEV


 DELTA=0.843 MEV  LAMBDA=53.4885 MEV   HW0= 7.5726 MEV   LAMBDA/HW0= 7.0634

 E2ENERGY=0.730 MEV  HBAR**2/B=31934./A**(7/3)=5398.3/A**2 MEV

 IREC=0  =>  RECOIL TERMS j+j-, j+j+, jzjz, ETC TREATED AS ONE-BODY OPERATORS WITH UU+VV PAIRING FACTORS



 S. P. LEVEL   EQP       U     V        (UU + VV)**1.00

     24       4.288    0.099 0.995      1.000 1.000 1.000 0.998 0.997 0.993 0.906 0.891 0.838 0.552 0.440 0.338 0.328 0.242 0.225
     25       3.572    0.119 0.993      1.000 1.000 1.000 0.999 0.998 0.995 0.915 0.900 0.849 0.569 0.458 0.357 0.347 0.261 0.245
     26       3.408    0.125 0.992      1.000 1.000 1.000 0.999 0.998 0.996 0.917 0.902 0.852 0.574 0.463 0.363 0.353 0.267 0.250
     27       2.564    0.167 0.986      0.998 0.999 0.999 1.000 1.000 0.999 0.933 0.920 0.874 0.608 0.500 0.402 0.392 0.308 0.291
     28       2.378    0.180 0.984      0.997 0.998 0.998 1.000 1.000 0.999 0.938 0.925 0.880 0.619 0.512 0.414 0.405 0.321 0.304
     29       2.010    0.215 0.977      0.993 0.995 0.996 0.999 0.999 1.000 0.950 0.938 0.896 0.646 0.542 0.446 0.437 0.354 0.338
     30       0.961    0.510 0.860      0.906 0.915 0.917 0.933 0.938 0.950 1.000 0.999 0.990 0.853 0.778 0.704 0.697 0.629 0.616
     31       0.928    0.540 0.842      0.891 0.900 0.902 0.920 0.925 0.938 0.999 1.000 0.994 0.871 0.800 0.729 0.722 0.656 0.643
     32       0.864    0.625 0.780      0.838 0.849 0.852 0.874 0.880 0.896 0.990 0.994 1.000 0.917 0.858 0.797 0.790 0.732 0.720
     33       1.021    0.884 0.467      0.552 0.569 0.574 0.608 0.619 0.646 0.853 0.871 0.917 1.000 0.992 0.971 0.969 0.942 0.937
     34       1.290    0.937 0.349      0.440 0.458 0.463 0.500 0.512 0.542 0.778 0.800 0.858 0.992 1.000 0.994 0.993 0.978 0.974
     35       1.784    0.970 0.244      0.338 0.357 0.363 0.402 0.414 0.446 0.704 0.729 0.797 0.971 0.994 1.000 1.000 0.995 0.993
     36       1.857    0.972 0.233      0.328 0.347 0.353 0.392 0.405 0.437 0.697 0.722 0.790 0.969 0.993 1.000 1.000 0.996 0.994
     37       2.947    0.989 0.145      0.242 0.261 0.267 0.308 0.321 0.354 0.629 0.656 0.732 0.942 0.978 0.995 0.996 1.000 1.000
     38       3.327    0.992 0.128      0.225 0.245 0.250 0.291 0.304 0.338 0.616 0.643 0.720 0.937 0.974 0.993 0.994 1.000 1.000

  R CORE   ENERGY   A0R/A00=1.000    R3= 0     2  
   2( 1)    0.732                    1.000 0.000
   2( 2)  487.921                    0.000 1.000

  R CORE   ENERGY   A0R/A00=1.000    R3= 0     2  
   3( 1)  488.652                    0.000 1.000

  R CORE   ENERGY   A0R/A00=1.000    R3= 0     2     4  
   4( 1)    2.438                    1.000 0.000 0.000

  R CORE   ENERGY   A0R/A00=1.000    R3= 0     2     4  
   5( 1)  490.847                    0.000 1.000 0.000

  R CORE   ENERGY   A0R/A00=1.000    R3= 0     2     4     6  
   6( 1)    5.121                    1.000 0.000 0.000 0.000

  R CORE   ENERGY   A0R/A00=1.000    R3= 0     2     4     6  
   7( 1)  494.017                    0.000 1.000 0.000 0.000

          AXIAL SYMMETRY => K RESTRICTED TO OMEGA

                     K
     S.P. ORB#: 24  0.50
     S.P. ORB#: 25  0.50
     S.P. ORB#: 26 -5.50
     S.P. ORB#: 27  2.50
     S.P. ORB#: 28 -1.50
     S.P. ORB#: 29 -3.50
     S.P. ORB#: 30  2.50
     S.P. ORB#: 31  0.50
     S.P. ORB#: 32 -1.50
     S.P. ORB#: 33  0.50
     S.P. ORB#: 34 -3.50
     S.P. ORB#: 35  4.50
     S.P. ORB#: 36 -3.50
     S.P. ORB#: 37  0.50
     S.P. ORB#: 38 -1.50
 

             ENERGY    K= OMEGA
 
 I=  1/2- (1)  2.249  31:-0.999
 
 I=  1/2- (2)  3.885  25:-0.213
                      33: 0.918
                      37:-0.333
 
 I=  1/2- (3)  6.003  24: 0.999
 
 I=  1/2- (4)  6.946  25:-0.283
                      33: 0.269
                      37: 0.921
 
 I=  1/2- (5)  9.780  25: 0.935
                      33: 0.290
                      37: 0.202

             ENERGY    K= OMEGA
 
 I=  3/2- (1)  2.184  31: 0.389
                      32:-0.920
 
 I=  3/2- (2)  2.414  24: 0.190
                      31: 0.907
                      32: 0.375

             ENERGY    K= OMEGA
 
 I=  5/2- (1)  2.482  24: 0.248
                      31:-0.488
                      32:-0.836
 
 I=  5/2- (2)  3.424  24: 0.067
                      27: 0.052
                      31:-0.853
                      32: 0.515
 
 I=  5/2- (3)  3.957  25:-0.165
                      33: 0.815
                      37:-0.475
                      38: 0.284
 
 I=  5/2- (4)  4.360  27:-0.998
                      32: 0.061
 
 I=  5/2- (5)  5.782  25: 0.206
                      28:-0.594
                      30: 0.776

             ENERGY    K= OMEGA
 
 I=  7/2- (1)  2.194  27:-0.147
                      34: 0.988
 
 I=  7/2- (2)  3.422  24:-0.061
                      27: 0.068
                      31: 0.523
                      32:-0.846
 
 I=  7/2- (3)  3.568  24: 0.328
                      31: 0.815
                      32: 0.475
 
 I=  7/2- (4)  3.925  27:-0.173
                      29:-0.983
                      32:-0.054
 
 I=  7/2- (5)  3.978  25: 0.070
                      28:-0.110
                      30:-0.143
                      33:-0.875
                      36:-0.055
                      37:-0.246
                      38: 0.365

             ENERGY    K= OMEGA
 
 I=  9/2- (1)  2.707  27:-0.090
                      29: 0.184
                      34:-0.377
                      35:-0.903
 
 I=  9/2- (2)  3.294  27:-0.195
                      29:-0.111
                      34:-0.898
                      35: 0.373
 
 I=  9/2- (3)  3.776  24:-0.378
                      31: 0.536
                      32: 0.750
                      34:-0.068
 
 I=  9/2- (4)  4.722  25:-0.071
                      28:-0.142
                      30: 0.239
                      33: 0.731
                      36:-0.129
                      37:-0.492
                      38: 0.352
 
 I=  9/2- (5)  4.970  25: 0.233
                      28:-0.536
                      30: 0.660
                      33:-0.211
                      36:-0.377
                      37: 0.179
                      38:-0.066

             ENERGY    K= OMEGA
 
 I= 11/2- (1)  3.728  25:-0.519
                      28:-0.564
                      30:-0.482
                      33:-0.317
                      36:-0.217
                      37:-0.099
                      38: 0.150
 
 I= 11/2- (2)  3.851  26:-0.053
                      27:-0.135
                      29:-0.247
                      34: 0.446
                      35:-0.848
 
 I= 11/2- (3)  4.613  26:-0.176
                      27: 0.228
                      29:-0.157
                      34:-0.843
                      35:-0.424
 
 I= 11/2- (4)  4.756  26:-0.983
                      29: 0.050
                      34: 0.126
                      35: 0.119
 
 I= 11/2- (5)  5.075  25: 0.317
                      28: 0.177
                      30: 0.118
                      33:-0.786
                      36: 0.067
                      37:-0.285
                      38: 0.389

             ENERGY    K= OMEGA
 
 I= 13/2- (1)  5.233  26: 0.061
                      27:-0.172
                      29: 0.289
                      34:-0.479
                      35:-0.807
 
 I= 13/2- (2)  5.511  25:-0.187
                      28: 0.558
                      30:-0.677
                      33:-0.165
                      36: 0.383
                      37: 0.074
                      38:-0.131
 
 I= 13/2- (3)  5.899  24: 0.452
                      27:-0.089
                      31:-0.530
                      32:-0.689
                      34:-0.113
                      35: 0.131
 
 I= 13/2- (4)  6.173  24: 0.089
                      26: 0.223
                      27: 0.238
                      29: 0.188
                      31:-0.112
                      32:-0.117
                      34: 0.799
                      35:-0.430
 
 I= 13/2- (5)  6.347  26:-0.972
                      29: 0.077
                      34: 0.157
                      35:-0.147

             ENERGY     K=-3/2
  32 LEVELS    TIME=  0.0 SEC



 ******************* EXCITATION ENERGIES, DOMINANT CONFIGURATION AND EXPECTATION VALUES (WITH S.P. UU+VV FACTORS) *******************

  NR  Eex(keV)  I   Kdom  NY    <Jz>  <Jx**2> <Jy**2> <Jz**2> <I.j>/|I|  <Rx**2> <Ry**2> <Rz**2> <R.j>/|R|  <HROTx> <HROTy> <HROTz>

   1    0.0   3/2-  -3/2  32   -1.19    5.06    5.06    1.94    1.32       5.35    5.35    0.00   -2.91      0.652   0.652   0.000
   2   10.0   7/2-  -7/2  34   -3.37    2.31    2.31   12.12    3.19       3.59    3.59    0.00   -1.53      0.438   0.438   0.000
   3   65.4   1/2-   1/2  31    0.50    5.07    5.07    0.25    0.21       5.39    5.39    0.00   -3.11      0.657   0.657   0.000
   4  230.1   3/2-   1/2  31    0.22    4.95    4.95    0.53    0.76       5.63    5.63    0.00   -2.67      0.687   0.687   0.000
   5  297.8   5/2-  -3/2  32   -0.89    5.28    5.28    1.66    1.62       5.70    5.70    0.00   -2.20      0.695   0.695   0.000
  
   6  523.6   9/2-   9/2  35    3.07    2.53    2.53   18.72    4.07       4.02    4.02   -0.00   -1.25      0.490   0.490  -0.000
   7 1110.6   9/2-  -7/2  34   -2.15    2.39    2.39   13.10    2.73       7.71    7.71    0.00   -1.09      0.940   0.940   0.000
   8 1238.4   7/2-  -3/2  32   -0.93    5.08    5.08    1.73    0.88      10.33   10.33    0.00   -1.85      1.259   1.259   0.000
   9 1239.9   5/2-   1/2  31   -0.03    5.09    5.09    0.80   -0.12      10.23   10.23    0.00   -2.51      1.247   1.247   0.000
  10 1384.2   7/2-   1/2  31    0.05    5.03    5.03    0.72    0.98       9.38    9.38    0.00   -1.59      1.144   1.144   0.000
  
  11 1544.1  11/2-  -3/2  28    0.09   23.60   23.60    2.89    6.16       6.11    6.11    0.00   -3.80      0.745   0.745   0.000
  12 1592.1   9/2-  -3/2  32   -0.64    5.51    5.51    1.45    1.76       9.84    9.84    0.00   -0.83      1.199   1.199   0.000
  13 1667.5  11/2-   9/2  35    2.35    2.70    2.70   17.94    3.48       8.75    8.75   -0.00   -0.61      1.067   1.067  -0.000
  14 1701.4   1/2-   1/2  33    0.50   10.82   10.82    0.25    1.07      10.39   10.39    0.00   -4.60      1.267   1.267   0.000
  15 1741.7   7/2-  -7/2  29   -3.31    6.26    6.26   12.04    3.11       7.80    7.80   -0.00   -3.09      0.951   0.951  -0.000
  
  16 1773.1   5/2-   1/2  33    0.34   11.38   11.38    0.41    2.28       9.20    9.20    0.00   -3.83      1.122   1.122   0.000
  17 1794.6   7/2-   1/2  33    0.24   15.05   15.05    0.70    3.28      10.27   10.27    0.00   -3.93      1.252   1.252   0.000
  18 2176.6   5/2-   5/2  27    2.48    6.09    6.09    6.23    2.09       7.40    7.40   -0.00   -3.18      0.902   0.902  -0.000
  19 2429.0  11/2-  -7/2  34   -1.81    2.48    2.48   13.91    2.45      12.66   12.66   -0.00   -0.84      1.543   1.543  -0.000
  20 2538.4   9/2-   1/2  33    0.26   13.44   13.44    1.08    2.91      11.89   11.89   -0.00   -2.77      1.449   1.449  -0.000
  
  21 2572.2  11/2- -11/2  26   -5.31    2.74    2.74   29.75    4.97       5.78    5.78    0.00   -1.62      0.705   0.705   0.000
  22 2786.2   9/2-   5/2  30    0.22   21.82   21.82    5.15    4.71      13.36   13.36    0.00   -4.91      1.628   1.628   0.000
  23 2891.5  11/2-   1/2  33    0.15   13.40   13.40    0.75    3.07      13.32   13.32    0.00   -1.79      1.624   1.624   0.000
  24 3049.0  13/2-   9/2  35    1.88    2.86    2.86   17.32    3.08      14.42   14.42   -0.00   -0.29      1.758   1.758  -0.000
  25 3327.5  13/2-   5/2  30    0.17   23.44   23.44    5.41    4.98      15.72   15.72    0.00   -3.12      1.917   1.917   0.000
  
  26 3598.2   5/2-   5/2  30    1.00   23.45   23.45    4.57    4.35      17.25   17.25    0.00   -6.57      2.103   2.103   0.000
  27 3715.7  13/2-  -3/2  32   -0.43    5.60    5.60    1.78    1.91      17.56   17.56    0.00    0.05      2.141   2.141   0.000
  28 3819.0   1/2-   1/2  24    0.50    7.12    7.12    0.25    0.64       7.07    7.07   -0.00   -3.71      0.862   0.862  -0.000
  29 3989.5  13/2-  -7/2  34   -1.67    2.65    2.65   13.90    2.18      18.76   18.76    0.00   -0.65      2.288   2.288   0.000
  30 4162.9  13/2- -11/2  26   -5.21    2.75    2.75   29.43    4.21      12.45   12.45    0.00   -1.11      1.518   1.518   0.000
  
  31 4762.4   1/2-   1/2  37    0.50   15.81   15.81    0.25   -0.52      16.77   16.77    0.00   -5.58      2.044   2.044   0.000
  32 7596.5   1/2-   1/2  25    0.50   22.94   22.94    0.25   -3.47      26.45   26.45    0.00   -6.76      3.224   3.224   0.000
