1SPECTRUM OF (Z= 82 A=207) IN PARTICLE-ROTOR  MODEL WITH MODIFIED OSCILLATOR POTENTIAL


 PARITY=-   EPS= 0.517   GAMMA=  0.0   EPS4=0.000   EPS6=0.000   LEVELS:  24  25  26  27  28  29  30  31  32  33  34  35  36  37  38

 PAIRING FACTORS: GN0= 19.20  GN1=  7.40  IPAIR= 15 ***  E2PLUS(INPUT)=   0.730  E2PLUR(INPUT)=   0.000

 CORIOLIS ATTENUATION PARAMETERS:  CHSI=1.000  ETA=  1.00

 MOMENT OF INERTIA PARAMETERS:   A1=  0.122 MEV   A2=  0.122 MEV   A3=121.91924 MEV


 DELTA=0.843 MEV  LAMBDA=53.3892 MEV   HW0= 7.6739 MEV   LAMBDA/HW0= 6.9573

 E2ENERGY=0.730 MEV  HBAR**2/B=49560./A**(7/3)=8378.1/A**2 MEV

 IREC=0  =>  RECOIL TERMS j+j-, j+j+, jzjz, ETC TREATED AS ONE-BODY OPERATORS WITH UU+VV PAIRING FACTORS



 S. P. LEVEL   EQP       U     V        (UU + VV)**1.00

     24       4.664    0.091 0.996      1.000 1.000 1.000 0.984 0.984 0.976 0.975 0.922 0.471 0.423 0.350 0.349 0.275 0.223 0.202
     25       3.976    0.107 0.994      1.000 1.000 1.000 0.987 0.987 0.979 0.979 0.928 0.485 0.437 0.365 0.364 0.290 0.238 0.218
     26       3.939    0.108 0.994      1.000 1.000 1.000 0.987 0.987 0.979 0.979 0.929 0.485 0.438 0.366 0.365 0.291 0.239 0.219
     27       1.645    0.266 0.964      0.984 0.987 0.987 1.000 1.000 0.999 0.999 0.976 0.620 0.577 0.510 0.510 0.441 0.392 0.373
     28       1.640    0.267 0.964      0.984 0.987 0.987 1.000 1.000 0.999 0.999 0.976 0.620 0.577 0.511 0.510 0.442 0.393 0.374
     29       1.442    0.307 0.952      0.976 0.979 0.979 0.999 0.999 1.000 1.000 0.985 0.653 0.611 0.547 0.546 0.480 0.431 0.412
     30       1.439    0.308 0.951      0.975 0.979 0.979 0.999 0.999 1.000 1.000 0.985 0.653 0.612 0.548 0.547 0.480 0.432 0.413
     31       1.018    0.469 0.883      0.922 0.928 0.929 0.976 0.976 0.985 0.985 1.000 0.775 0.740 0.685 0.684 0.626 0.582 0.565
     32       1.178    0.921 0.389      0.471 0.485 0.485 0.620 0.620 0.653 0.653 0.775 1.000 0.999 0.991 0.991 0.978 0.965 0.959
     33       1.324    0.941 0.338      0.423 0.437 0.438 0.577 0.577 0.611 0.612 0.740 0.999 1.000 0.997 0.997 0.988 0.978 0.973
     34       1.660    0.965 0.263      0.350 0.365 0.366 0.510 0.511 0.547 0.548 0.685 0.991 0.997 1.000 1.000 0.997 0.991 0.988
     35       1.665    0.965 0.262      0.349 0.364 0.365 0.510 0.510 0.546 0.547 0.684 0.991 0.997 1.000 1.000 0.997 0.991 0.988
     36       2.298    0.982 0.187      0.275 0.290 0.291 0.441 0.442 0.480 0.480 0.626 0.978 0.988 0.997 0.997 1.000 0.999 0.997
     37       3.195    0.991 0.133      0.223 0.238 0.239 0.392 0.393 0.431 0.432 0.582 0.965 0.978 0.991 0.991 0.999 1.000 1.000
     38       3.773    0.994 0.112      0.202 0.218 0.219 0.373 0.374 0.412 0.413 0.565 0.959 0.973 0.988 0.988 0.997 1.000 1.000

  R CORE   ENERGY   A0R/A00=1.000    R3= 0     2  
   2( 1)    0.732                    1.000 0.000
   2( 2)  487.921                    0.000 1.000

  R CORE   ENERGY   A0R/A00=1.000    R3= 0     2  
   3( 1)  488.652                    0.000 1.000

  R CORE   ENERGY   A0R/A00=1.000    R3= 0     2     4  
   4( 1)    2.438                    1.000 0.000 0.000

  R CORE   ENERGY   A0R/A00=1.000    R3= 0     2     4  
   5( 1)  490.847                    0.000 1.000 0.000

  R CORE   ENERGY   A0R/A00=1.000    R3= 0     2     4     6  
   6( 1)    5.121                    1.000 0.000 0.000 0.000

  R CORE   ENERGY   A0R/A00=1.000    R3= 0     2     4     6  
   7( 1)  494.017                    0.000 1.000 0.000 0.000

          AXIAL SYMMETRY => K RESTRICTED TO OMEGA

                     K
     S.P. ORB#: 24  2.50
     S.P. ORB#: 25 -1.50
     S.P. ORB#: 26  0.50
     S.P. ORB#: 27  2.50
     S.P. ORB#: 28  0.50
     S.P. ORB#: 29 -5.50
     S.P. ORB#: 30  2.50
     S.P. ORB#: 31 -3.50
     S.P. ORB#: 32  0.50
     S.P. ORB#: 33 -1.50
     S.P. ORB#: 34  0.50
     S.P. ORB#: 35 -3.50
     S.P. ORB#: 36 -1.50
     S.P. ORB#: 37 -3.50
     S.P. ORB#: 38  4.50
 

             ENERGY    K= OMEGA
 
 I=  1/2- (1)  2.589  32: 0.999
 
 I=  1/2- (2)  4.763  28:-0.850
                      34: 0.527
 
 I=  1/2- (3)  5.780  26: 0.999
 
 I=  1/2- (4)  6.126  28:-0.527
                      34:-0.850
 
 I=  1/2- (5)147.627  33:-1.000

             ENERGY    K= OMEGA
 
 I=  3/2- (1)  2.652  32: 0.757
                      33:-0.653
 
 I=  3/2- (2)  2.894  26: 0.122
                      32: 0.646
                      33: 0.753

             ENERGY    K= OMEGA
 
 I=  5/2- (1)  3.119  24: 0.055
                      26:-0.151
                      30: 0.496
                      32: 0.432
                      33: 0.736
 
 I=  5/2- (2)  3.290  26:-0.096
                      30:-0.863
                      32: 0.333
                      33: 0.368
 
 I=  5/2- (3)  3.820  30:-0.088
                      32:-0.827
                      33: 0.553
 
 I=  5/2- (4)  5.118  25: 0.115
                      27:-0.109
                      28:-0.781
                      34: 0.546
                      36: 0.260
 
 I=  5/2- (5)  6.546  25:-0.457
                      27: 0.821
                      28: 0.054
                      34: 0.338

             ENERGY    K= OMEGA
 
 I=  7/2- (1)  2.730  24:-0.209
                      30: 0.105
                      31: 0.971
 
 I=  7/2- (2)  3.712  24:-0.058
                      30:-0.689
                      32:-0.248
                      33: 0.342
                      37: 0.585
 
 I=  7/2- (3)  3.882  30:-0.240
                      32: 0.764
                      33:-0.495
                      37: 0.329
 
 I=  7/2- (4)  4.303  24:-0.059
                      26: 0.217
                      30:-0.105
                      32: 0.560
                      33: 0.723
                      37:-0.318
 
 I=  7/2- (5)  4.578  26: 0.071
                      30: 0.666
                      31:-0.092
                      32: 0.107
                      33: 0.287
                      37: 0.669

             ENERGY    K= OMEGA
 
 I=  9/2- (1)  3.303  24: 0.265
                      30:-0.124
                      31: 0.888
                      38:-0.349
 
 I=  9/2- (2)  4.568  24:-0.101
                      26: 0.140
                      30:-0.609
                      31:-0.106
                      32:-0.245
                      33:-0.439
                      37:-0.562
                      38:-0.140
 
 I=  9/2- (3)  4.826  26: 0.249
                      30: 0.283
                      31: 0.129
                      32:-0.494
                      33:-0.639
                      37: 0.428
                      38: 0.075
 
 I=  9/2- (4)  5.076  24:-0.108
                      30: 0.326
                      31:-0.275
                      38:-0.897
 
 I=  9/2- (5)  5.827  25:-0.432
                      27: 0.605
                      28: 0.483
                      34:-0.219
                      35:-0.352
                      36:-0.206

             ENERGY    K= OMEGA
 
 I= 11/2- (1)  2.782  29:-1.000
 
 I= 11/2- (2)  4.165  24:-0.306
                      30: 0.133
                      31: 0.855
                      33: 0.054
                      37:-0.060
                      38: 0.388
 
 I= 11/2- (3)  5.749  24: 0.121
                      30: 0.644
                      31:-0.135
                      32: 0.199
                      33:-0.326
                      37:-0.626
                      38: 0.124
 
 I= 11/2- (4)  5.967  25:-0.475
                      27:-0.587
                      28:-0.495
                      34:-0.231
                      35:-0.310
                      36:-0.188
 
 I= 11/2- (5)  6.079  26: 0.080
                      30:-0.186
                      31: 0.089
                      32: 0.811
                      33:-0.462
                      37: 0.283

             ENERGY    K= OMEGA
 
 I= 13/2- (1)  4.364  29:-0.999
 
 I= 13/2- (2)  5.282  24: 0.340
                      30:-0.137
                      31: 0.834
                      33: 0.064
                      37:-0.072
                      38:-0.397
 
 I= 13/2- (3)  6.915  25: 0.510
                      27:-0.679
                      28:-0.325
                      34: 0.085
                      35: 0.377
                      36: 0.155
 
 I= 13/2- (4)  7.069  24:-0.126
                      26: 0.235
                      30:-0.530
                      31:-0.081
                      32:-0.331
                      33:-0.534
                      37:-0.483
                      38:-0.115
 
 I= 13/2- (5)  7.422  26: 0.285
                      30: 0.408
                      31: 0.158
                      32:-0.445
                      33:-0.510
                      37: 0.517

             ENERGY     K= 9/2
  32 LEVELS    TIME=  0.0 SEC



 ******************* EXCITATION ENERGIES, DOMINANT CONFIGURATION AND EXPECTATION VALUES (WITH S.P. UU+VV FACTORS) *******************

  NR  Eex(keV)  I   Kdom  NY    <Jz>  <Jx**2> <Jy**2> <Jz**2> <I.j>/|I|  <Rx**2> <Ry**2> <Rz**2> <R.j>/|R|  <HROTx> <HROTy> <HROTz>

   1    0.0   1/2-   1/2  32    0.50    5.34    5.34    0.25    0.08       5.77    5.77    0.00   -3.20      0.703   0.703   0.000
   2   62.6   3/2-   1/2  32   -0.35    5.33    5.33    1.10    1.02       5.78    5.78    0.00   -2.88      0.705   0.705   0.000
   3  140.7   7/2-  -7/2  31   -3.17    6.48    6.48   11.91    3.52       6.34    6.34    0.00   -3.06      0.773   0.773   0.001
   4  192.7  11/2- -11/2  29   -5.49    2.75    2.75   30.24    5.06       5.49    5.49    0.00   -1.66      0.669   0.669   0.001
   5  304.6   3/2-  -3/2  33   -0.63    5.36    5.36    1.38    0.72       6.53    6.53    0.00   -2.96      0.796   0.796   0.000
  
   6  529.9   5/2-  -3/2  33   -0.08    5.60    5.60    2.83    1.46       7.07    7.07    0.00   -2.58      0.862   0.862   0.000
   7  700.5   5/2-   5/2  30    1.72    6.00    6.00    4.99    1.76       7.67    7.67    0.00   -3.01      0.936   0.936   0.000
   8  713.9   9/2-  -7/2  31   -2.01    6.10    6.10   12.69    3.60       6.91    6.91    0.00   -1.88      0.842   0.842   0.001
   9 1122.6   7/2-   5/2  30   -0.15    4.66    4.66    7.47    2.35       6.93    6.93    0.00   -2.00      0.845   0.845   0.000
  10 1230.4   5/2-   1/2  32   -0.09    5.36    5.36    0.91   -0.14      10.61   10.61    0.00   -2.62      1.293   1.293   0.000
  
  11 1292.7   7/2-   1/2  32   -0.32    5.05    5.05    2.41    1.05       9.95    9.95    0.00   -1.87      1.213   1.213   0.000
  12 1576.0  11/2-  -7/2  31   -1.62    6.06    6.06   12.76    3.44       9.74    9.74    0.00   -0.97      1.187   1.187   0.000
  13 1713.4   7/2-  -3/2  33   -0.92    5.12    5.12    2.60    0.81      11.07   11.07    0.00   -2.04      1.350   1.350   0.000
  14 1774.8  13/2- -11/2  29   -5.48    2.75    2.75   30.21    4.34      11.96   11.96    0.00   -1.11      1.459   1.459   0.001
  15 1978.7   9/2-   5/2  30   -0.35    4.63    4.63    7.23    2.09      10.21   10.21    0.00   -1.35      1.245   1.245   0.000
  
  16 1988.8   7/2-  -7/2  37   -0.60    4.39    4.39    8.56    1.74       9.65    9.65    0.00   -2.38      1.176   1.176   0.000
  17 2173.5   1/2-   1/2  28    0.50   13.30   13.30    0.25    1.17      12.78   12.78    0.00   -5.11      1.559   1.559   0.000
  18 2236.8   9/2-  -3/2  33   -0.93    4.99    4.99    4.06    1.41      12.36   12.36    0.00   -1.41      1.507   1.507   0.000
  19 2487.1   9/2-   9/2  38    3.65    3.18    3.18   17.97    3.49       7.18    7.18    0.00   -1.84      0.875   0.875   0.000
  20 2528.8   5/2-   1/2  28    0.36   13.92   13.92    0.48    1.56      13.93   13.93    0.00   -4.49      1.698   1.698   0.000
  
  21 2692.9  13/2-  -7/2  31   -1.43    6.08    6.08   12.70    3.28      13.89   13.89    0.00   -0.37      1.693   1.693   0.000
  22 3159.8  11/2-   5/2  30   -0.43    4.38    4.38    8.26    1.96      14.63   14.63    0.00   -0.97      1.784   1.784   0.000
  23 3191.4   1/2-   1/2  26    0.50    7.64    7.64    0.25    0.66       7.57    7.57    0.00   -3.84      0.923   0.923   0.000
  24 3237.7   9/2-   5/2  27    0.28   19.82   19.82    4.39    3.85      15.24   15.24    0.00   -4.51      1.859   1.859   0.000
  25 3377.7  11/2-   5/2  27    0.28   20.28   20.28    4.00    4.13      15.47   15.47   -0.00   -3.57      1.886   1.886  -0.000
  
  26 3489.8  11/2-   1/2  32   -0.21    5.11    5.11    1.95    0.80      19.20   19.20    0.00   -1.20      2.341   2.341   0.000
  27 3537.1   1/2-   1/2  34    0.50   16.96   16.96    0.25   -1.02      18.34   18.34   -0.00   -5.79      2.236   2.236  -0.000
  28 3956.6   5/2-   5/2  27    1.43   21.75   21.75    4.71    3.51      18.10   18.10    0.00   -6.29      2.206   2.206   0.000
  29 4326.4  13/2-   5/2  27    0.28   21.38   21.38    5.29    4.20      19.06   19.06    0.00   -3.03      2.323   2.323   0.000
  30 4479.9  13/2-  -3/2  33   -0.38    4.93    4.93    5.74    1.63      20.77   20.77    0.00   -0.65      2.532   2.532   0.000
  
  31 4832.8  13/2-  -7/2  37   -0.85    4.84    4.84    5.30    1.39      22.13   22.13    0.00   -0.79      2.698   2.698   0.000
  32*******   1/2-  -3/2  33    0.00    0.00    0.00    0.00   -0.00       0.00    0.00    0.00   -0.00      0.000   0.000   0.000
