1SPECTRUM OF (Z= 82 A=207) IN PARTICLE-ROTOR  MODEL WITH MODIFIED OSCILLATOR POTENTIAL


 PARITY=-   EPS= 0.697   GAMMA=  0.0   EPS4=0.000   EPS6=0.000   LEVELS:  24  25  26  27  28  29  30  31  32  33  34  35  36  37  38

 PAIRING FACTORS: GN0= 19.20  GN1=  7.40  IPAIR= 15 ***  E2PLUS(INPUT)=   0.730  E2PLUR(INPUT)=   0.000

 CORIOLIS ATTENUATION PARAMETERS:  CHSI=1.000  ETA=  1.00

 MOMENT OF INERTIA PARAMETERS:   A1=  0.122 MEV   A2=  0.122 MEV   A3=121.91924 MEV


 DELTA=0.800 MEV  LAMBDA=53.8940 MEV   HW0= 7.9404 MEV   LAMBDA/HW0= 6.7873

 E2ENERGY=0.730 MEV  HBAR**2/B=90078./A**(7/3)=******/A**2 MEV

 IREC=0  =>  RECOIL TERMS j+j-, j+j+, jzjz, ETC TREATED AS ONE-BODY OPERATORS WITH UU+VV PAIRING FACTORS



 S. P. LEVEL   EQP       U     V        (UU + VV)**1.00

     24       4.564    0.088 0.996      1.000 1.000 1.000 1.000 0.998 0.973 0.841 0.450 0.404 0.312 0.232 0.218 0.210 0.197 0.168
     25       4.054    0.099 0.995      1.000 1.000 1.000 1.000 0.999 0.975 0.847 0.460 0.414 0.322 0.243 0.229 0.221 0.208 0.179
     26       3.552    0.113 0.994      1.000 1.000 1.000 1.000 0.999 0.978 0.854 0.472 0.427 0.336 0.256 0.243 0.235 0.222 0.193
     27       3.385    0.119 0.993      1.000 1.000 1.000 1.000 1.000 0.980 0.857 0.477 0.432 0.341 0.262 0.248 0.241 0.227 0.199
     28       2.738    0.148 0.989      0.998 0.999 0.999 1.000 1.000 0.985 0.872 0.503 0.458 0.368 0.290 0.276 0.269 0.255 0.227
     29       1.333    0.316 0.949      0.973 0.975 0.978 0.980 0.985 1.000 0.943 0.644 0.604 0.523 0.451 0.438 0.431 0.419 0.392
     30       0.826    0.613 0.790      0.841 0.847 0.854 0.857 0.872 0.943 1.000 0.862 0.835 0.777 0.722 0.712 0.706 0.697 0.675
     31       1.165    0.929 0.369      0.450 0.460 0.472 0.477 0.503 0.644 0.862 1.000 0.999 0.989 0.973 0.970 0.968 0.964 0.956
     32       1.314    0.947 0.321      0.404 0.414 0.427 0.432 0.458 0.604 0.835 0.999 1.000 0.995 0.984 0.981 0.979 0.977 0.970
     33       1.812    0.974 0.227      0.312 0.322 0.336 0.341 0.368 0.523 0.777 0.989 0.995 1.000 0.997 0.995 0.994 0.993 0.989
     34       2.787    0.989 0.145      0.232 0.243 0.256 0.262 0.290 0.451 0.722 0.973 0.984 0.997 1.000 1.000 1.000 0.999 0.998
     35       3.080    0.991 0.131      0.218 0.229 0.243 0.248 0.276 0.438 0.712 0.970 0.981 0.995 1.000 1.000 1.000 1.000 0.999
     36       3.267    0.992 0.123      0.210 0.221 0.235 0.241 0.269 0.431 0.706 0.968 0.979 0.994 1.000 1.000 1.000 1.000 0.999
     37       3.664    0.994 0.110      0.197 0.208 0.222 0.227 0.255 0.419 0.697 0.964 0.977 0.993 0.999 1.000 1.000 1.000 1.000
     38       4.957    0.997 0.081      0.168 0.179 0.193 0.199 0.227 0.392 0.675 0.956 0.970 0.989 0.998 0.999 0.999 1.000 1.000

  R CORE   ENERGY   A0R/A00=1.000    R3= 0     2  
   2( 1)    0.732                    1.000 0.000
   2( 2)  487.921                    0.000 1.000

  R CORE   ENERGY   A0R/A00=1.000    R3= 0     2  
   3( 1)  488.652                    0.000 1.000

  R CORE   ENERGY   A0R/A00=1.000    R3= 0     2     4  
   4( 1)    2.438                    1.000 0.000 0.000

  R CORE   ENERGY   A0R/A00=1.000    R3= 0     2     4  
   5( 1)  490.847                    0.000 1.000 0.000

  R CORE   ENERGY   A0R/A00=1.000    R3= 0     2     4     6  
   6( 1)    5.121                    1.000 0.000 0.000 0.000

  R CORE   ENERGY   A0R/A00=1.000    R3= 0     2     4     6  
   7( 1)  494.017                    0.000 1.000 0.000 0.000

          AXIAL SYMMETRY => K RESTRICTED TO OMEGA

                     K
     S.P. ORB#: 24 -1.50
     S.P. ORB#: 25  2.50
     S.P. ORB#: 26  2.50
     S.P. ORB#: 27  0.50
     S.P. ORB#: 28  4.50
     S.P. ORB#: 29  0.50
     S.P. ORB#: 30 -1.50
     S.P. ORB#: 31 -3.50
     S.P. ORB#: 32  2.50
     S.P. ORB#: 33 -3.50
     S.P. ORB#: 34 -5.50
     S.P. ORB#: 35  0.50
     S.P. ORB#: 36 -1.50
     S.P. ORB#: 37 -1.50
     S.P. ORB#: 38  0.50
 

             ENERGY    K= OMEGA
 
 I=  1/2- (1)  4.600  27:-0.112
                      35:-0.994
 
 I=  1/2- (2)  5.389  27: 0.994
                      35:-0.112
 
 I=  1/2- (3)  5.645  29: 0.994
                      38: 0.107
 
 I=  1/2- (4)  9.076  29:-0.107
                      38: 0.994
 
 I=  1/2- (5)147.129  30:-1.000

             ENERGY    K= OMEGA
 
 I=  3/2- (1)  4.666  24: 0.051
                      35:-0.849
                      36:-0.523
 
 I=  3/2- (2)  4.889  27:-0.201
                      35: 0.504
                      36:-0.839

             ENERGY    K= OMEGA
 
 I=  5/2- (1)  3.132  24: 0.088
                      32: 0.994
                      36: 0.071
 
 I=  5/2- (2)  5.234  25: 0.067
                      27:-0.332
                      32:-0.060
                      35:-0.496
                      36: 0.797
 
 I=  5/2- (3)  5.416  26: 0.107
                      29:-0.190
                      30: 0.952
                      37: 0.074
                      38:-0.201
 
 I=  5/2- (4)  5.816  25:-0.073
                      27:-0.141
                      35:-0.813
                      36:-0.557
 
 I=  5/2- (5)  6.263  24:-0.243
                      25: 0.186
                      27: 0.892
                      35:-0.281
                      36: 0.175

             ENERGY    K= OMEGA
 
 I=  7/2- (1)  3.684  24: 0.074
                      25: 0.088
                      32:-0.534
                      33:-0.836
 
 I=  7/2- (2)  4.020  24:-0.112
                      25: 0.067
                      32: 0.828
                      33:-0.537
                      36:-0.098
 
 I=  7/2- (3)  5.862  24: 0.113
                      25: 0.063
                      27: 0.094
                      35:-0.870
                      36:-0.465
 
 I=  7/2- (4)  6.100  26:-0.233
                      30: 0.899
                      31:-0.312
                      38: 0.201
 
 I=  7/2- (5)  6.317  24:-0.050
                      25: 0.104
                      27:-0.349
                      32:-0.108
                      35: 0.409
                      36:-0.828

             ENERGY    K= OMEGA
 
 I=  9/2- (1)  4.635  24:-0.106
                      25: 0.122
                      28:-0.138
                      32:-0.584
                      33: 0.781
                      36:-0.063
 
 I=  9/2- (2)  5.077  24: 0.120
                      25: 0.076
                      28:-0.576
                      32: 0.677
                      33: 0.419
                      36: 0.111
 
 I=  9/2- (3)  5.190  24: 0.067
                      25: 0.081
                      28: 0.805
                      32: 0.384
                      33: 0.433
                      36: 0.071
 
 I=  9/2- (4)  6.777  26:-0.290
                      29: 0.211
                      30:-0.809
                      31: 0.371
                      37:-0.053
                      38: 0.274
 
 I=  9/2- (5)  6.917  25:-0.088
                      27: 0.466
                      32: 0.127
                      35: 0.495
                      36:-0.715

             ENERGY    K= OMEGA
 
 I= 11/2- (1)  4.067  28:-0.157
                      34:-0.987
 
 I= 11/2- (2)  5.830  24:-0.136
                      25:-0.149
                      28: 0.135
                      32: 0.612
                      33: 0.747
                      36:-0.075
 
 I= 11/2- (3)  6.394  24:-0.150
                      25: 0.116
                      28:-0.441
                      32: 0.696
                      33:-0.508
                      34: 0.075
                      36:-0.142
 
 I= 11/2- (4)  6.600  24: 0.053
                      25:-0.091
                      28:-0.873
                      32:-0.256
                      33: 0.372
                      34: 0.135
                      36: 0.065
 
 I= 11/2- (5)  7.823  26:-0.381
                      29:-0.249
                      30: 0.679
                      31:-0.504
                      37:-0.122
                      38: 0.252

             ENERGY    K= OMEGA
 
 I= 13/2- (1)  5.583  28: 0.223
                      34:-0.975
 
 I= 13/2- (2)  7.261  24: 0.164
                      25:-0.171
                      28: 0.122
                      32: 0.633
                      33:-0.718
                      36: 0.091
 
 I= 13/2- (3)  7.935  24: 0.170
                      25: 0.155
                      27:-0.084
                      28:-0.348
                      32: 0.678
                      33: 0.563
                      34:-0.089
                      36: 0.184
 
 I= 13/2- (4)  8.254  25: 0.097
                      28: 0.902
                      32: 0.174
                      33: 0.315
                      34: 0.201
                      36: 0.068
 
 I= 13/2- (5)  8.924  26:-0.394
                      29: 0.189
                      30:-0.704
                      31: 0.474
                      38: 0.298

             ENERGY     K= 1/2
  32 LEVELS    TIME=  0.0 SEC



 ******************* EXCITATION ENERGIES, DOMINANT CONFIGURATION AND EXPECTATION VALUES (WITH S.P. UU+VV FACTORS) *******************

  NR  Eex(keV)  I   Kdom  NY    <Jz>  <Jx**2> <Jy**2> <Jz**2> <I.j>/|I|  <Rx**2> <Ry**2> <Rz**2> <R.j>/|R|  <HROTx> <HROTy> <HROTz>

   1    0.0   5/2-   5/2  32    2.45    6.41    6.41    6.20    2.22       7.31    7.31    0.00   -3.26      0.891   0.891   0.000
   2  552.1   7/2-  -7/2  33   -1.73    6.52    6.52   10.42    2.90       8.11    8.11    0.00   -2.97      0.989   0.989   0.000
   3  887.9   7/2-   5/2  32    0.68    6.46    6.46    7.89    2.03      10.21   10.21    0.00   -2.82      1.245   1.245   0.000
   4  934.8  11/2- -11/2  34   -5.25    2.87    2.87   30.00    5.10       5.25    5.25    0.00   -1.62      0.641   0.641   0.000
   5 1467.6   1/2-   1/2  35    0.50    5.75    5.75    0.25    0.04       6.22    6.22    0.00   -3.32      0.758   0.758   0.000
  
   6 1503.1   9/2-  -7/2  33   -1.18    6.58    6.58   10.11    2.43      11.91   11.91    0.00   -2.29      1.452   1.452   0.000
   7 1533.6   3/2-   1/2  35   -0.05    5.74    5.74    0.80    0.90       6.28    6.28    0.00   -2.98      0.765   0.765   0.000
   8 1756.9   3/2-  -3/2  36   -0.91    5.86    5.86    1.66    0.90       6.82    6.82    0.00   -3.15      0.832   0.832   0.000
   9 1944.7   9/2-   5/2  32    2.00    6.86    6.86   11.84    2.49      12.77   12.77   -0.00   -2.61      1.557   1.557  -0.000
  10 2058.1   9/2-   9/2  28    2.64    7.23    7.23   16.41    3.27      11.55   11.55   -0.00   -3.04      1.408   1.408  -0.000
  
  11 2101.7   5/2-  -3/2  36   -0.76    6.02    6.02    1.57    1.00       8.21    8.21    0.00   -2.63      1.001   1.001   0.000
  12 2256.6   1/2-   1/2  27    0.50    8.20    8.20    0.25    0.54       8.23    8.23   -0.00   -3.99      1.004   1.004  -0.000
  13 2284.0   5/2-  -3/2  30   -1.30   16.53   16.53    2.14    1.39      17.87   17.87   -0.00   -5.20      2.179   2.179  -0.000
  14 2451.0  13/2- -11/2  34   -5.00    2.99    2.99   29.74    4.41      11.48   11.48    0.00   -1.04      1.399   1.399   0.000
  15 2512.7   1/2-   1/2  29    0.50   16.92   16.92    0.25   -0.11      17.51   17.51   -0.00   -5.78      2.135   2.135  -0.000
  
  16 2684.2   5/2-   1/2  35   -0.11    5.81    5.81    0.91   -0.10      10.94   10.94    0.00   -2.74      1.334   1.334   0.000
  17 2697.9  11/2-  -7/2  33   -0.92    6.61    6.61    9.78    2.12      16.72   16.72    0.00   -1.79      2.038   2.038   0.000
  18 2729.5   7/2-   1/2  35    0.05    5.80    5.80    0.74    0.73      11.15   11.15    0.00   -2.00      1.359   1.359   0.000
  19 2967.6   7/2-  -3/2  30   -1.40   17.32   17.32    3.36    1.68      20.20   20.20   -0.00   -4.93      2.463   2.463  -0.000
  20 3131.1   5/2-   1/2  27    0.39    8.03    8.03    0.64    0.40      11.54   11.54    0.00   -3.23      1.407   1.407   0.000
  
  21 3184.3   7/2-  -3/2  36   -0.83    6.12    6.12    1.77    0.57      12.62   12.62    0.00   -2.34      1.539   1.539   0.000
  22 3262.0  11/2-   5/2  32    1.12    6.71    6.71   10.47    1.89      18.51   18.51    0.00   -2.07      2.257   2.257   0.000
  23 3467.4  11/2-   9/2  28    3.02    7.29    7.29   18.16    2.94      16.66   16.66   -0.00   -2.63      2.032   2.032  -0.000
  24 3645.0   9/2-  -3/2  30   -1.20   17.55   17.55    3.73    1.99      21.87   21.87   -0.00   -4.37      2.667   2.667  -0.000
  25 3784.5   9/2-  -3/2  36   -0.48    6.31    6.31    1.44    0.85      15.16   15.16    0.00   -1.78      1.848   1.848   0.000
  
  26 4129.2  13/2-  -7/2  33   -0.73    6.64    6.64    9.45    1.90      22.47   22.47    0.00   -1.41      2.739   2.739   0.000
  27 4690.9  11/2-  -3/2  30   -1.17   18.79   18.79    5.12    2.32      25.34   25.34   -0.00   -4.05      3.089   3.089  -0.000
  28 4802.7  13/2-   5/2  32    0.51    6.66    6.66    9.75    1.60      24.76   24.76    0.00   -1.69      3.019   3.019   0.000
  29 5122.2  13/2-   9/2  28    3.18    7.27    7.27   19.17    2.60      23.09   23.09   -0.00   -2.29      2.815   2.815  -0.000
  30 5791.8  13/2-  -3/2  30   -1.08   18.34   18.34    4.87    2.23      29.58   29.58   -0.00   -3.38      3.606   3.606  -0.000
  
  31 5944.1   1/2-   1/2  38    0.50   16.85   16.85    0.25    0.33      17.06   17.06    0.00   -5.76      2.080   2.080   0.000
  32*******   1/2-  -3/2  30    0.00    0.00    0.00    0.00   -0.00       0.00    0.00   -0.00   -0.00      0.000   0.000  -0.000
